ocean_section_plots/required_files/ctd/dnbp2202_ctd108.cnv
* Sea-Bird SBE 9 Data File:
* FileName = D:\Data\raw\NBP2202_CTD108.hex
* Software Version Seasave V 7.26.7.121
* Temperature SN = 1649
* Conductivity SN = 2513
* Number of Bytes Per Scan = 40
* Number of Voltage Words = 5
* Number of Scans Averaged by the Deck Unit = 1
* NMEA Latitude = 74 10.52 S
* NMEA Longitude = 113 20.65 W
* NMEA UTC (Time) = Jan 27 2022  06:03:35
* NMEA baud rate = 9600
** Ship: RVIB N.B. Palmer
** Cruise: NBP2202 Thwaites
** Station: YoYo001
** Operator: B. Bjork
# nquan = 25
# nvalues = 608                         
# units = specified
# name 0 = prDM: Pressure, Digiquartz [db]
# name 1 = depSM: Depth [salt water, m]
# name 2 = t090C: Temperature [ITS-90, deg C]
# name 3 = c0mS/cm: Conductivity [mS/cm]
# name 4 = t190C: Temperature, 2 [ITS-90, deg C]
# name 5 = c1mS/cm: Conductivity, 2 [mS/cm]
# name 6 = sbeox0ML/L: Oxygen, SBE 43 [ml/l]
# name 7 = sbeox1ML/L: Oxygen, SBE 43, 2 [ml/l]
# name 8 = flECO-AFL: Fluorescence, WET Labs ECO-AFL/FL [mg/m^3]
# name 9 = CStarTr0: Beam Transmission, WET Labs C-Star [%]
# name 10 = par: PAR/Irradiance, Biospherical/Licor
# name 11 = latitude: Latitude [deg]
# name 12 = longitude: Longitude [deg]
# name 13 = timeJ: Julian Days
# name 14 = altM: Altimeter [m]
# name 15 = spar: SPAR, Biospherical/Licor
# name 16 = timeS: Time, Elapsed [seconds]
# name 17 = scan: Scan Count
# name 18 = density00: Density [density, kg/m^3]
# name 19 = density11: Density, 2 [density, kg/m^3]
# name 20 = sal00: Salinity, Practical [PSU]
# name 21 = sal11: Salinity, Practical, 2 [PSU]
# name 22 = oxsolML/L: Oxygen Saturation, Garcia & Gordon [ml/l]
# name 23 = nbin: number of scans per bin
# name 24 = flag: flag
# span 0 =     10.000,    617.000       
# span 1 =      9.898,    609.708       
# span 2 =    -1.4693,     0.1194       
# span 3 =  26.967623,  28.955683       
# span 4 =    -1.4677,     0.1225       
# span 5 =  26.967400,  28.956798       
# span 6 =     4.6878,     8.4632       
# span 7 =     4.7498,     8.3870       
# span 8 =    -0.0224,    27.7085       
# span 9 =    70.5113,    95.6192       
# span 10 = 1.0000e-12, 1.6605e+00      
# span 11 =  -74.17536,  -74.17536      
# span 12 = -113.34424, -113.34422      
# span 13 =  27.252948,  27.261110      
# span 14 =       7.67,     100.20      
# span 15 = 8.2855e+01, 9.2813e+01      
# span 16 =     39.700,    744.924      
# span 17 =        954,      17879      
# span 18 =  1027.2279,  1030.5264      
# span 19 =  1027.2265,  1030.5242      
# span 20 =    33.7953,    34.3881      
# span 21 =    33.7936,    34.3859      
# span 22 =    8.01954,    8.39762      
# span 23 =         21,         47      
# span 24 = 0.0000e+00, 0.0000e+00      
# interval = decibars: 1                
# start_time = Jan 27 2022 06:03:35 [NMEA time, header]
# bad_flag = -9.990e-29
*END*
[from data line 522]
    532.000    525.819     0.0030  28.795098     0.0051  28.794881     4.7317     4.7960    -0.0107    94.9795 1.0000e-12  -74.17536 -113.34423  27.259625      94.41 8.4618e+01    616.598      14799  1030.1079  1030.1056    34.3557    34.3531    8.04575         24 0.0000e+00
    533.000    526.805     0.0078  28.801908     0.0100  28.801208     4.7297     4.7972    -0.0155    94.9816 1.0000e-12  -74.17536 -113.34424  27.259637      93.37 8.4618e+01    617.616      14824  1030.1146  1030.1119    34.3587    34.3554    8.04456         25 0.0000e+00
    534.000    527.792     0.0128  28.807904     0.0154  28.808092     4.7294     4.7939    -0.0097    94.9754 1.0000e-12  -74.17536 -113.34424  27.259649      92.58 8.4618e+01    618.674      14849  1030.1204  1030.1181    34.3605    34.3578    8.04342         25 0.0000e+00
    535.000    528.779     0.0140  28.809605     0.0163  28.809629     4.7303     4.7853    -0.0110    94.9830 1.0000e-12  -74.17536 -113.34424  27.259662      91.29 8.4618e+01    619.756      14875  1030.1254  1030.1232    34.3608    34.3583    8.04315         27 0.0000e+00
    536.000    529.766     0.0162  28.812995     0.0187  28.813038     4.7301     4.7876    -0.0016    94.9685 1.0000e-12  -74.17536 -113.34424  27.259674      90.29 8.4618e+01    620.846      14901  1030.1311  1030.1287    34.3622    34.3595    8.04260         26 0.0000e+00
    537.000    530.754     0.0173  28.814532     0.0197  28.814618     4.7286     4.7925    -0.0088    94.9841 1.0000e-12  -74.17536 -113.34424  27.259687      89.53 8.4618e+01    621.928      14927  1030.1359  1030.1337    34.3625    34.3599    8.04236         26 0.0000e+00
    538.000    531.741     0.0197  28.818015     0.0221  28.817893     4.7276     4.7926    -0.0102    94.9577 1.0000e-12  -74.17536 -113.34424  27.259699      88.62 8.4618e+01    623.012      14953  1030.1415  1030.1391    34.3638    34.3609    8.04178         26 0.0000e+00
    539.000    532.728     0.0243  28.823450     0.0264  28.823214     4.7264     4.7921    -0.0091    94.9625 1.0000e-12  -74.17536 -113.34424  27.259712      87.31 8.4618e+01    624.109      14980  1030.1470  1030.1447    34.3652    34.3625    8.04073         26 0.0000e+00
    540.000    533.717     0.0260  28.825760     0.0282  28.825546     4.7210     4.7902    -0.0148    94.9687 1.0000e-12  -74.17536 -113.34424  27.259725      86.35 8.4618e+01    625.213      15006  1030.1521  1030.1498    34.3658    34.3631    8.04035         27 0.0000e+00
    541.000    534.701     0.0267  28.826921     0.0288  28.826630     4.7234     4.7935    -0.0097    94.9655 1.0000e-12  -74.17536 -113.34424  27.259737      85.50 8.4618e+01    626.306      15032  1030.1570  1030.1546    34.3660    34.3632    8.04019         26 0.0000e+00
    542.000    535.689     0.0268  28.827541     0.0291  28.827415     4.7200     4.7897    -0.0102    94.9586 1.0000e-12  -74.17536 -113.34424  27.259750      84.32 8.4618e+01    627.389      15058  1030.1618  1030.1595    34.3660    34.3633    8.04016         26 0.0000e+00
    543.000    536.677     0.0272  28.828235     0.0294  28.828196     4.7246     4.7856    -0.0150    94.9487 1.0000e-12  -74.17536 -113.34424  27.259762      83.50 8.4618e+01    628.456      15084  1030.1665  1030.1643    34.3660    34.3634    8.04009         25 0.0000e+00
    544.000    537.664     0.0274  28.828932     0.0296  28.828802     4.7237     4.7895    -0.0158    94.9398 1.0000e-12  -74.17536 -113.34424  27.259774      82.35 8.4618e+01    629.510      15109  1030.1713  1030.1690    34.3660    34.3634    8.04004         26 0.0000e+00
    545.000    538.650     0.0276  28.829547     0.0297  28.829310     4.7269     4.7934    -0.0118    94.9312 1.0000e-12  -74.17536 -113.34424  27.259787      81.36 8.4618e+01    630.575      15135  1030.1760  1030.1738    34.3661    34.3634    8.04000         25 0.0000e+00
    546.000    539.637     0.0285  28.831005     0.0306  28.830734     4.7252     4.7927    -0.0094    94.9517 1.0000e-12  -74.17536 -113.34424  27.259799      80.28 8.4618e+01    631.649      15161  1030.1810  1030.1787    34.3664    34.3637    8.03980         26 0.0000e+00
    547.000    540.625     0.0307  28.833917     0.0329  28.833617     4.7259     4.7905    -0.0102    94.9476 1.0000e-12  -74.17536 -113.34424  27.259812      79.05 8.4618e+01    632.732      15187  1030.1862  1030.1837    34.3672    34.3644    8.03929         26 0.0000e+00
    548.000    541.611     0.0322  28.835984     0.0343  28.835641     4.7193     4.7912    -0.0023    94.9516 1.0000e-12  -74.17536 -113.34424  27.259824      78.12 8.4618e+01    633.825      15213  1030.1911  1030.1887    34.3676    34.3648    8.03894         26 0.0000e+00
    549.000    542.600     0.0331  28.837313     0.0353  28.837209     4.7228     4.7915    -0.0006    94.9314 1.0000e-12  -74.17536 -113.34424  27.259837      77.26 8.4618e+01    634.916      15239  1030.1959  1030.1937    34.3678    34.3652    8.03875         26 0.0000e+00
    550.000    543.586     0.0343  28.839042     0.0355  28.837772     4.7260     4.7813    -0.0126    94.9448 1.0000e-12  -74.17536 -113.34424  27.259850      76.16 8.4618e+01    636.004      15265  1030.2009  1030.1984    34.3682    34.3651    8.03848         27 0.0000e+00
    551.000    544.573     0.0330  28.838071     0.0350  28.837718     4.7259     4.7839    -0.0161    94.9466 1.0000e-12  -74.17536 -113.34424  27.259862      75.04 8.4618e+01    637.101      15291  1030.2054  1030.2031    34.3677    34.3650    8.03877         26 0.0000e+00
    552.000    545.559     0.0324  28.837777     0.0343  28.837416     4.7209     4.7866    -0.0115    94.9524 1.0000e-12  -74.17536 -113.34424  27.259875      74.17 8.4618e+01    638.200      15318  1030.2099  1030.2077    34.3674    34.3648    8.03891         27 0.0000e+00
    553.000    546.546     0.0326  28.838473     0.0348  28.838379     4.7251     4.7884    -0.0098    94.9640 1.0000e-12  -74.17536 -113.34424  27.259888      73.14 8.4618e+01    639.287      15344  1030.2147  1030.2126    34.3676    34.3650    8.03887         25 0.0000e+00
    554.000    547.534     0.0335  28.839960     0.0356  28.839664     4.7226     4.7864    -0.0094    94.9715 1.0000e-12  -74.17536 -113.34424  27.259900      72.06 8.4618e+01    640.362      15370  1030.2197  1030.2173    34.3680    34.3652    8.03866         26 0.0000e+00
    555.000    548.521     0.0350  28.841945     0.0372  28.841795     4.7256     4.7809    -0.0142    94.9609 1.0000e-12  -74.17536 -113.34424  27.259912      71.17 8.4618e+01    641.426      15395  1030.2245  1030.2223    34.3683    34.3656    8.03832         25 0.0000e+00
    556.000    549.508     0.0356  28.842996     0.0378  28.842869     4.7234     4.7776    -0.0065    94.9555 1.0000e-12  -74.17536 -113.34424  27.259925      70.02 8.4618e+01    642.491      15421  1030.2293  1030.2271    34.3684    34.3658    8.03819         26 0.0000e+00
    557.000    550.494     0.0362  28.844045     0.0383  28.843833     4.7227     4.7837    -0.0114    94.9407 1.0000e-12  -74.17536 -113.34424  27.259937      69.15 8.4618e+01    643.567      15447  1030.2341  1030.2318    34.3685    34.3659    8.03805         26 0.0000e+00
    558.000    551.482     0.0365  28.844830     0.0386  28.844548     4.7211     4.7865    -0.0158    94.9637 1.0000e-12  -74.17536 -113.34424  27.259950      68.04 8.4618e+01    644.660      15473  1030.2389  1030.2366    34.3687    34.3660    8.03799         27 0.0000e+00
    559.000    552.468     0.0381  28.847088     0.0402  28.846771     4.7195     4.7864    -0.0060    94.9620 1.0000e-12  -74.17536 -113.34424  27.259962      67.13 8.4618e+01    645.745      15499  1030.2439  1030.2416    34.3692    34.3665    8.03761         25 0.0000e+00
    560.000    553.456     0.0395  28.848966     0.0415  28.848607     4.7202     4.7870    -0.0066    94.9440 1.0000e-12  -74.17536 -113.34424  27.259975      66.09 8.4618e+01    646.826      15525  1030.2488  1030.2465    34.3696    34.3669    8.03730         27 0.0000e+00
    561.000    554.443     0.0397  28.849654     0.0420  28.849596     4.7165     4.7842    -0.0132    94.9210 1.0000e-12  -74.17536 -113.34424  27.259987      65.06 8.4618e+01    647.907      15551  1030.2536  1030.2513    34.3696    34.3670    8.03725         25 0.0000e+00
    562.000    555.429     0.0399  28.850272     0.0420  28.850047     4.7180     4.7740    -0.0125    94.9506 1.0000e-12  -74.17536 -113.34424  27.260000      64.02 8.4618e+01    648.978      15576  1030.2583  1030.2561    34.3697    34.3671    8.03722         26 0.0000e+00
    563.000    556.417     0.0399  28.850725     0.0418  28.850195     4.7160     4.7797    -0.0088    94.9186 1.0000e-12  -74.17536 -113.34424  27.260012      62.94 8.4618e+01    650.048      15602  1030.2630  1030.2606    34.3697    34.3669    8.03721         25 0.0000e+00
    564.000    557.404     0.0394  28.850495     0.0417  28.850567     4.7173     4.7823    -0.0088    94.9420 1.0000e-12  -74.17536 -113.34424  27.260025      61.99 8.4618e+01    651.129      15628  1030.2676  1030.2654    34.3694    34.3669    8.03734         27 0.0000e+00
    565.000    558.390     0.0387  28.850155     0.0408  28.850153     4.7203     4.7830    -0.0097    94.9358 1.0000e-12  -74.17536 -113.34424  27.260037      60.89 8.4618e+01    652.214      15654  1030.2722  1030.2701    34.3692    34.3667    8.03750         26 0.0000e+00
    566.000    559.377     0.0388  28.850885     0.0409  28.850511     4.7162     4.7839    -0.0044    94.9581 1.0000e-12  -74.17536 -113.34424  27.260050      59.97 8.4618e+01    653.302      15680  1030.2771  1030.2747    34.3694    34.3665    8.03747         25 0.0000e+00
    567.000    560.365     0.0399  28.852392     0.0420  28.852072     4.7198     4.7824    -0.0047    94.9435 1.0000e-12  -74.17536 -113.34424  27.260063      58.94 8.4618e+01    654.399      15707  1030.2818  1030.2795    34.3695    34.3668    8.03722         27 0.0000e+00
    568.000    561.352     0.0420  28.855021     0.0441  28.854758     4.7188     4.7814    -0.0085    94.9106 1.0000e-12  -74.17536 -113.34424  27.260075      57.97 8.4618e+01    655.494      15733  1030.2868  1030.2845    34.3701    34.3674    8.03675         27 0.0000e+00
    569.000    562.338     0.0427  28.856075     0.0448  28.855930     4.7167     4.7795    -0.0132    94.9319 1.0000e-12  -74.17536 -113.34424  27.260088      56.92 8.4618e+01    656.571      15759  1030.2915  1030.2893    34.3701    34.3676    8.03661         25 0.0000e+00
    570.000    563.326     0.0447  28.858914     0.0472  28.858902     4.7163     4.7753    -0.0161    94.9288 1.0000e-12  -74.17536 -113.34424  27.260100      55.82 8.4618e+01    657.643      15784  1030.2967  1030.2943    34.3710    34.3683    8.03613         26 0.0000e+00
    571.000    564.312     0.0534  28.868607     0.0529  28.865414     4.7134     4.7757    -0.0159    94.9171 1.0000e-12  -74.17536 -113.34424  27.260112      54.78 8.4285e+01    658.711      15810  1030.3026  1030.2998    34.3735    34.3699    8.03417         26 0.0000e+00
    572.000    565.299     0.0588  28.874314     0.0606  28.873651     4.7125     4.7759    -0.0128    94.9169 1.0000e-12  -74.17536 -113.34424  27.260125      53.86 8.4079e+01    659.792      15836  1030.3076  1030.3052    34.3744    34.3716    8.03298         26 0.0000e+00
    573.000    566.287     0.0621  28.878212     0.0634  28.877036     4.7158     4.7777    -0.0091    94.9376 1.0000e-12  -74.17536 -113.34424  27.260138      52.86 8.4346e+01    660.891      15862  1030.3127  1030.3103    34.3752    34.3723    8.03224         26 0.0000e+00
    574.000    567.272     0.0583  28.874529     0.0588  28.872955     4.7138     4.7711    -0.0085    94.9458 1.0000e-12  -74.17536 -113.34424  27.260150      51.84 8.3934e+01    661.994      15889  1030.3169  1030.3148    34.3741    34.3715    8.03311         26 0.0000e+00
    575.000    568.261     0.0535  28.870383     0.0557  28.870200     4.7158     4.7710    -0.0094    94.9406 1.0000e-12  -74.17536 -113.34424  27.260163      50.80 8.3733e+01    663.081      15915  1030.3215  1030.3192    34.3733    34.3707    8.03415         26 0.0000e+00
    576.000    569.247     0.0543  28.871575     0.0579  28.872947     4.7154     4.7748    -0.0091    94.9727 1.0000e-12  -74.17536 -113.34424  27.260175      49.89 8.4079e+01    664.156      15941  1030.3263  1030.3242    34.3735    34.3713    8.03398         26 0.0000e+00
    577.000    570.235     0.0585  28.876282     0.0608  28.876158     4.7086     4.7744    -0.0052    94.9585 1.0000e-12  -74.17536 -113.34424  27.260188      48.78 8.3872e+01    665.229      15966  1030.3314  1030.3290    34.3744    34.3717    8.03305         26 0.0000e+00
    578.000    571.221     0.0597  28.877821     0.0628  28.878536     4.7043     4.7753    -0.0010    94.9624 1.0000e-12  -74.17536 -113.34424  27.260200      47.77 8.3538e+01    666.297      15992  1030.3361  1030.3338    34.3745    34.3720    8.03279         26 0.0000e+00
    579.000    572.207     0.0668  28.885547     0.0699  28.885991     4.7050     4.7680    -0.0045    94.9314 1.0000e-12  -74.17536 -113.34424  27.260213      46.76 8.3600e+01    667.375      16018  1030.3414  1030.3389    34.3761    34.3733    8.03121         26 0.0000e+00
    580.000    573.194     0.0709  28.890120     0.0736  28.890387     4.7035     4.7611    -0.0091    94.9876 1.0000e-12  -74.17536 -113.34424  27.260225      45.77 8.3668e+01    668.467      16044  1030.3465  1030.3441    34.3770    34.3743    8.03030         26 0.0000e+00
    581.000    574.182     0.0741  28.893658     0.0776  28.894817     4.7013     4.7654    -0.0057    94.9873 1.0000e-12  -74.17536 -113.34424  27.260238      44.79 8.3398e+01    669.561      16070  1030.3514  1030.3492    34.3776    34.3751    8.02961         26 0.0000e+00
    582.000    575.168     0.0753  28.895334     0.0776  28.895246     4.7048     4.7686    -0.0072    94.9868 1.0000e-12  -74.17536 -113.34424  27.260251      43.72 8.3637e+01    670.660      16097  1030.3563  1030.3540    34.3778    34.3752    8.02934         27 0.0000e+00
    583.000    576.155     0.0784  28.899085     0.0824  28.900431     4.7035     4.7680    -0.0157    94.9785 1.0000e-12  -74.17536 -113.34424  27.260263      42.67 8.3936e+01    671.756      16123  1030.3615  1030.3590    34.3787    34.3761    8.02864         26 0.0000e+00
    584.000    577.143     0.0854  28.906366     0.0881  28.906849     4.6964     4.7632    -0.0103    94.9901 1.0000e-12  -74.17536 -113.34424  27.260276      41.61 8.3536e+01    672.846      16149  1030.3665  1030.3644    34.3799    34.3775    8.02711         26 0.0000e+00
    585.000    578.128     0.0872  28.908685     0.0914  28.910428     4.6981     4.7582    -0.0047    95.0027 1.0000e-12  -74.17536 -113.34424  27.260289      40.65 8.3403e+01    673.990      16177  1030.3715  1030.3693    34.3804    34.3780    8.02670         29 0.0000e+00
    586.000    579.116     0.0936  28.915737     0.0960  28.915730     4.6935     4.7627    -0.0093    95.0072 1.0000e-12  -74.17536 -113.34424  27.260304      39.46 8.3657e+01    675.294      16208  1030.3769  1030.3746    34.3819    34.3792    8.02527         33 0.0000e+00
    587.000    580.103     0.0948  28.917150     0.0961  28.916239     4.6972     4.7658    -0.0139    95.0530 1.0000e-12  -74.17536 -113.34424  27.260320      38.54 8.3167e+01    676.684      16241  1030.3815  1030.3794    34.3818    34.3792    8.02503         34 0.0000e+00
    588.000    581.089     0.0922  28.914865     0.0932  28.913767     4.6960     4.7647    -0.0105    95.0599 1.0000e-12  -74.17536 -113.34424  27.260337      37.55 8.3166e+01    678.093      16275  1030.3861  1030.3840    34.3812    34.3786    8.02562         34 0.0000e+00
