ocean_section_plots/required_files/ctd/dnbp2202_ctd281.cnv
* Sea-Bird SBE 9 Data File:
* FileName = D:\Data\raw\NBP2202_CTD281.hex
* Software Version Seasave V 7.26.7.121
* Temperature SN = 1649
* Conductivity SN = 2513
* Number of Bytes Per Scan = 40
* Number of Voltage Words = 5
* Number of Scans Averaged by the Deck Unit = 1
* NMEA Latitude = 74 06.10 S
* NMEA Longitude = 115 52.62 W
* NMEA UTC (Time) = Feb 22 2022  06:31:30
* NMEA baud rate = 9600
** Ship: RVIB N.B. Palmer
** Cruise: NBP2202 Thwaites
** Station: 183
** Operator: B. Bjork
# nquan = 28
# nvalues = 970                         
# units = specified
# name 0 = prDM: Pressure, Digiquartz [db]
# name 1 = depSM: Depth [salt water, m]
# name 2 = t090C: Temperature [ITS-90, deg C]
# name 3 = c0mS/cm: Conductivity [mS/cm]
# name 4 = t190C: Temperature, 2 [ITS-90, deg C]
# name 5 = c1mS/cm: Conductivity, 2 [mS/cm]
# name 6 = sbeox0ML/L: Oxygen, SBE 43 [ml/l]
# name 7 = sbeox1ML/L: Oxygen, SBE 43, 2 [ml/l]
# name 8 = flECO-AFL: Fluorescence, WET Labs ECO-AFL/FL [mg/m^3]
# name 9 = CStarTr0: Beam Transmission, WET Labs C-Star [%]
# name 10 = par: PAR/Irradiance, Biospherical/Licor
# name 11 = latitude: Latitude [deg]
# name 12 = longitude: Longitude [deg]
# name 13 = timeJ: Julian Days
# name 14 = altM: Altimeter [m]
# name 15 = spar: SPAR, Biospherical/Licor
# name 16 = timeS: Time, Elapsed [seconds]
# name 17 = scan: Scan Count
# name 18 = density00: Density [density, kg/m^3]
# name 19 = density11: Density, 2 [density, kg/m^3]
# name 20 = v3: Voltage 3
# name 21 = v4: Voltage 4
# name 22 = v5: Voltage 5
# name 23 = sal00: Salinity, Practical [PSU]
# name 24 = sal11: Salinity, Practical, 2 [PSU]
# name 25 = oxsolML/L: Oxygen Saturation, Garcia & Gordon [ml/l]
# name 26 = nbin: number of scans per bin
# name 27 = flag: flag
# span 0 =      2.000,    971.000       
# span 1 =      1.980,    958.713       
# span 2 =    -1.7921,     0.5178       
# span 3 =  26.987589,  29.581319       
# span 4 =    -1.7912,     0.5203       
# span 5 =  26.988302,  29.582173       
# span 6 =     4.4901,     9.1506       
# span 7 =     4.6028,     9.5022       
# span 8 =     0.1811,    11.1586       
# span 9 =    88.1408,    98.3729       
# span 10 = -1.445e-05, 6.8523e-01      
# span 11 =  -74.10180,  -74.10180      
# span 12 = -115.87716, -115.87710      
# span 13 =  53.273483,  53.286944      
# span 14 =       1.97,     100.02      
# span 15 = 1.0648e+01, 2.6374e+01      
# span 16 =    138.961,   1301.986      
# span 17 =       3336,      31249      
# span 18 =  1027.1667,  1032.2872      
# span 19 =  1027.1674,  1032.2856      
# span 20 =     4.1802,     4.6667      
# span 21 =     0.0920,     1.8061      
# span 22 =     0.1058,     0.2392      
# span 23 =    33.7943,    34.5590      
# span 24 =    33.7950,    34.5572      
# span 25 =    7.92761,    8.45457      
# span 26 =         23,         62      
# span 27 = 0.0000e+00, 0.0000e+00      
# interval = decibars: 1                
# start_time = Feb 22 2022 06:31:30 [NMEA time, header]
# bad_flag = -9.990e-29
*END*
[from data line 933]
    935.000    923.247     0.5130  29.560617     0.5154  29.561194     4.5275     4.6350     0.2675    98.2389 1.0000e-12  -74.10180 -115.87711  53.285516      39.26 1.7976e+01   1178.612      28288  1032.1190  1032.1173     4.6603     0.0967     0.1124    34.5575    34.5557    7.92866         24 0.0000e+00
    936.000    924.233     0.5132  29.561065     0.5154  29.561789     4.5222     4.6344     0.2369    98.3049 1.0000e-12  -74.10180 -115.87711  53.285528      38.32 1.8439e+01   1179.609      28312  1032.1235  1032.1220     4.6635     0.0947     0.1104    34.5574    34.5558    7.92864         24 0.0000e+00
    937.000    925.218     0.5135  29.561971     0.5156  29.562410     4.5231     4.6349     0.2916    98.2202 1.0000e-12  -74.10180 -115.87711  53.285540      37.39 2.0778e+01   1180.674      28337  1032.1284  1032.1267     4.6594     0.1221     0.1240    34.5577    34.5559    7.92857         27 0.0000e+00
    938.000    926.202     0.5136  29.562495     0.5158  29.562975     4.5214     4.6304     0.4002    98.2926 1.0000e-12  -74.10180 -115.87711  53.285554      36.19 1.7198e+01   1181.835      28365  1032.1330  1032.1313     4.6628     0.1046     0.1146    34.5576    34.5558    7.92853         29 0.0000e+00
    939.000    927.189     0.5137  29.563106     0.5160  29.563690     4.5201     4.6325     0.2447    98.3128 1.0000e-12  -74.10180 -115.87711  53.285568      35.16 1.8831e+01   1183.031      28394  1032.1377  1032.1361     4.6638     0.0971     0.1167    34.5577    34.5560    7.92851         29 0.0000e+00
    940.000    928.173     0.5137  29.563523     0.5161  29.564090     4.5214     4.6292     0.2261    98.3449 1.0000e-12  -74.10180 -115.87712  53.285581      34.27 2.1163e+01   1184.234      28423  1032.1424  1032.1407     4.6653     0.1019     0.1123    34.5577    34.5559    7.92851         28 0.0000e+00
    941.000    929.158     0.5139  29.564006     0.5162  29.564589     4.5224     4.6298     0.2385    98.3252 1.0000e-12  -74.10180 -115.87712  53.285595      33.02 1.6962e+01   1185.443      28452  1032.1469  1032.1453     4.6644     0.0983     0.1123    34.5576    34.5559    7.92849         30 0.0000e+00
    942.000    930.144     0.5139  29.564545     0.5163  29.565221     4.5176     4.6319     0.2180    98.2843 1.0000e-12  -74.10180 -115.87712  53.285610      31.90 1.9202e+01   1186.680      28481  1032.1516  1032.1501     4.6625     0.1059     0.1130    34.5577    34.5560    7.92847         30 0.0000e+00
    943.000    931.129     0.5140  29.565073     0.5164  29.565684     4.5165     4.6329     0.2862    98.2970 1.0000e-12  -74.10180 -115.87712  53.285625      31.26 2.0169e+01   1187.987      28513  1032.1563  1032.1547     4.6630     0.1054     0.1114    34.5577    34.5559    7.92845         32 0.0000e+00
    944.000    932.114     0.5142  29.565656     0.5165  29.566352     4.5139     4.6315     0.2748    98.3338 1.0000e-12  -74.10180 -115.87712  53.285640      30.42 1.6649e+01   1189.308      28544  1032.1610  1032.1595     4.6648     0.0992     0.1121    34.5577    34.5561    7.92842         32 0.0000e+00
    945.000    933.099     0.5143  29.566385     0.5166  29.566985     4.5170     4.6304     0.2839    98.3002 1.0000e-12  -74.10180 -115.87712  53.285655      29.21 1.9109e+01   1190.625      28576  1032.1658  1032.1642     4.6632     0.0981     0.1096    34.5580    34.5562    7.92838         31 0.0000e+00
    946.000    934.085     0.5144  29.566967     0.5167  29.567509     4.5159     4.6322     0.2741    98.2792 1.0000e-12  -74.10180 -115.87712  53.285671      28.07 2.0545e+01   1191.964      28608  1032.1705  1032.1688     4.6622     0.0993     0.1106    34.5580    34.5562    7.92835         31 0.0000e+00
    947.000    935.070     0.5146  29.567528     0.5169  29.568128     4.5131     4.6268     0.2545    98.3250 1.0000e-12  -74.10180 -115.87712  53.285687      27.16 1.6099e+01   1193.381      28642  1032.1751  1032.1735     4.6644     0.1013     0.1104    34.5581    34.5563    7.92832         35 0.0000e+00
    948.000    936.056     0.5146  29.568079     0.5170  29.568644     4.5133     4.6306     0.2324    98.3089 1.0000e-12  -74.10180 -115.87712  53.285705      26.06 1.8548e+01   1194.891      28678  1032.1799  1032.1781     4.6636     0.0989     0.1094    34.5581    34.5562    7.92831         35 0.0000e+00
    949.000    937.039     0.5147  29.568600     0.5172  29.569289     4.5157     4.6271     0.2355    98.2629 1.0000e-12  -74.10180 -115.87712  53.285722      25.19 1.9468e+01   1196.412      28715  1032.1845  1032.1828     4.6614     0.1372     0.1199    34.5582    34.5563    7.92829         32 0.0000e+00
    950.000    938.026     0.5148  29.569169     0.5172  29.569784     4.5128     4.6278     0.2166    98.1649 1.0000e-12  -74.10180 -115.87712  53.285740      24.10 1.6243e+01   1197.954      28752  1032.1892  1032.1876     4.6568     0.1034     0.1104    34.5582    34.5564    7.92826         38 0.0000e+00
    951.000    939.010     0.5148  29.569532     0.5172  29.570169     4.5153     4.6235     0.3099    98.2873 1.0000e-12  -74.10180 -115.87712  53.285760      22.75 1.7829e+01   1199.692      28794  1032.1939  1032.1921     4.6626     0.1027     0.1107    34.5582    34.5563    7.92827         43 0.0000e+00
    952.000    939.995     0.5148  29.569935     0.5172  29.570627     4.5133     4.6281     0.2288    98.2713 1.0000e-12  -74.10180 -115.87712  53.285782      22.01 1.8790e+01   1201.589      28839  1032.1985  1032.1968     4.6618     0.1048     0.1129    34.5581    34.5563    7.92827         43 0.0000e+00
    953.000    940.979     0.5149  29.570535     0.5173  29.571133     4.5160     4.6263     0.3068    98.1406 1.0000e-12  -74.10180 -115.87712  53.285804      20.71 1.6435e+01   1203.467      28884  1032.2032  1032.2014     4.6557     0.1161     0.1115    34.5582    34.5563    7.92825         37 0.0000e+00
    954.000    941.966     0.5151  29.571151     0.5175  29.571789     4.5149     4.6198     0.2384    98.2394 1.0000e-12  -74.10180 -115.87712  53.285826      19.63 1.7352e+01   1205.354      28930  1032.2078  1032.2062     4.6604     0.1168     0.1131    34.5582    34.5564    7.92820         40 0.0000e+00
    955.000    942.950     0.5154  29.571995     0.5179  29.572767     4.5144     4.6204     0.2156    98.2471 1.0000e-12  -74.10180 -115.87712  53.285848      18.76 1.8137e+01   1207.287      28976  1032.2126  1032.2110     4.6607     0.1205     0.1121    34.5584    34.5566    7.92813         42 0.0000e+00
    956.000    943.936     0.5161  29.573231     0.5186  29.573950     4.5142     4.6236     0.2540    98.2810 1.0000e-12  -74.10180 -115.87712  53.285872      17.75 1.6351e+01   1209.315      29025  1032.2174  1032.2157     4.6623     0.1056     0.1118    34.5586    34.5569    7.92797         46 0.0000e+00
    957.000    944.921     0.5162  29.573699     0.5186  29.574416     4.5132     4.6250     0.2224    98.3095 1.0000e-12  -74.10180 -115.87712  53.285896      16.64 1.6636e+01   1211.439      29076  1032.2220  1032.2204     4.6636     0.1043     0.1099    34.5586    34.5568    7.92796         31 0.0000e+00
    958.000    945.906     0.5162  29.574181     0.5186  29.574828     4.5136     4.6235     0.4951    98.2406 1.0000e-12  -74.10180 -115.87712  53.285922      15.54 1.7142e+01   1213.645      29128  1032.2267  1032.2250     4.6604     0.1062     0.1097    34.5586    34.5568    7.92795         36 0.0000e+00
    959.000    946.892     0.5163  29.574644     0.5186  29.575239     4.5124     4.6243     0.2386    98.3040 1.0000e-12  -74.10180 -115.87711  53.285948      14.37 1.6310e+01   1215.910      29183  1032.2313  1032.2296     4.6634     0.1061     0.1107    34.5586    34.5568    7.92793         44 0.0000e+00
    960.000    947.877     0.5164  29.575111     0.5187  29.575738     4.5111     4.6244     0.2263    98.1520 1.0000e-12  -74.10180 -115.87711  53.285975      13.42 1.6307e+01   1218.237      29239  1032.2359  1032.2343     4.6562     0.2111     0.1260    34.5586    34.5568    7.92792         48 0.0000e+00
    961.000    948.862     0.5165  29.575649     0.5188  29.576262     4.5114     4.6250     0.2435    98.1150 1.0000e-12  -74.10180 -115.87711  53.286002      12.36 1.7167e+01   1220.604      29295  1032.2406  1032.2390     4.6543     0.1172     0.1202    34.5586    34.5568    7.92790         33 0.0000e+00
    962.000    949.847     0.5164  29.576033     0.5188  29.576680     4.5106     4.6180     0.2340    98.2900 1.0000e-12  -74.10180 -115.87711  53.286030      11.34 1.6507e+01   1222.988      29353  1032.2452  1032.2437     4.6627     0.1302     0.1146    34.5586    34.5568    7.92791         42 0.0000e+00
    963.000    950.833     0.5165  29.576494     0.5188  29.577178     4.5090     4.6221     0.2216    98.3240 1.0000e-12  -74.10180 -115.87711  53.286058      10.25 1.5865e+01   1225.394      29410  1032.2499  1032.2483     4.6643     0.1048     0.1102    34.5585    34.5568    7.92790         40 0.0000e+00
    964.000    951.816     0.5165  29.577006     0.5190  29.577722     4.5096     4.6230     0.3837    98.2745 1.0000e-12  -74.10180 -115.87711  53.286089       9.09 1.6946e+01   1228.060      29474  1032.2545  1032.2529     4.6620     0.1041     0.1223    34.5586    34.5568    7.92789         28 0.0000e+00
    965.000    952.802     0.5167  29.577503     0.5190  29.578116     4.5140     4.6234     0.2278    98.2802 1.0000e-12  -74.10180 -115.87711  53.286123       8.09 1.6393e+01   1231.029      29546  1032.2591  1032.2575     4.6623     0.1019     0.1153    34.5585    34.5567    7.92786         32 0.0000e+00
    966.000    953.788     0.5168  29.578090     0.5192  29.578696     4.5126     4.6247     0.2609    98.2128 1.0000e-12  -74.10180 -115.87710  53.286170       7.10 1.5853e+01   1235.106      29644  1032.2638  1032.2622     4.6590     0.1182     0.1137    34.5586    34.5568    7.92783         34 0.0000e+00
    967.000    954.772     0.5170  29.578815     0.5194  29.579539     4.5064     4.6179     0.2277    98.3005 1.0000e-12  -74.10180 -115.87710  53.286204       6.14 1.6354e+01   1238.057      29714  1032.2686  1032.2670     4.6632     0.1045     0.1100    34.5587    34.5570    7.92778         36 0.0000e+00
    968.000    955.758     0.5172  29.579559     0.5197  29.580256     4.5019     4.6108     0.2647    98.1876 1.0000e-12  -74.10180 -115.87710  53.286239       5.17 1.6405e+01   1241.072      29787  1032.2733  1032.2717     4.6580     0.1040     0.1103    34.5589    34.5571    7.92773         36 0.0000e+00
    969.000    956.741     0.5174  29.579980     0.5197  29.580717     4.4987     4.6103     0.2801    98.2776 1.0000e-12  -74.10180 -115.87710  53.286275       4.23 1.5860e+01   1244.149      29861  1032.2779  1032.2764     4.6621     0.1038     0.1108    34.5587    34.5571    7.92771         37 0.0000e+00
    970.000    957.726     0.5175  29.580670     0.5199  29.581369     4.4910     4.6028     0.3211    98.2733 1.0000e-12  -74.10180 -115.87710  53.286310       3.21 1.6438e+01   1247.183      29933  1032.2827  1032.2810     4.6619     0.1108     0.1093    34.5590    34.5571    7.92768         43 0.0000e+00
    971.000    958.713     0.5178  29.581319     0.5203  29.582173     4.4901     4.6047     0.3792    98.0973 1.0000e-12  -74.10180 -115.87711  53.286944       6.23 1.6127e+01   1301.986      31249  1032.2872  1032.2856     4.6536     0.1134     0.1128    34.5589    34.5572    7.92761         62 0.0000e+00
