ocean_section_plots/required_files/ctd/dnbp2202_ctd223.cnv
* Sea-Bird SBE 9 Data File:
* FileName = D:\Data\raw\NBP2202_CTD223.hex
* Software Version Seasave V 7.26.7.121
* Temperature SN = 1649
* Conductivity SN = 2513
* Number of Bytes Per Scan = 40
* Number of Voltage Words = 5
* Number of Scans Averaged by the Deck Unit = 1
* NMEA Latitude = 74 00.22 S
* NMEA Longitude = 111 23.15 W
* NMEA UTC (Time) = Feb 12 2022  09:02:06
* NMEA baud rate = 9600
** Ship: RVIB N.B. Palmer
** Cruise: NBP2202 Thwaites
** Station: 134
** Operator: B. Bjork
# nquan = 28
# nvalues = 610                         
# units = specified
# name 0 = prDM: Pressure, Digiquartz [db]
# name 1 = depSM: Depth [salt water, m]
# name 2 = t090C: Temperature [ITS-90, deg C]
# name 3 = c0mS/cm: Conductivity [mS/cm]
# name 4 = t190C: Temperature, 2 [ITS-90, deg C]
# name 5 = c1mS/cm: Conductivity, 2 [mS/cm]
# name 6 = sbeox0ML/L: Oxygen, SBE 43 [ml/l]
# name 7 = sbeox1ML/L: Oxygen, SBE 43, 2 [ml/l]
# name 8 = flECO-AFL: Fluorescence, WET Labs ECO-AFL/FL [mg/m^3]
# name 9 = CStarTr0: Beam Transmission, WET Labs C-Star [%]
# name 10 = par: PAR/Irradiance, Biospherical/Licor
# name 11 = latitude: Latitude [deg]
# name 12 = longitude: Longitude [deg]
# name 13 = timeJ: Julian Days
# name 14 = altM: Altimeter [m]
# name 15 = spar: SPAR, Biospherical/Licor
# name 16 = timeS: Time, Elapsed [seconds]
# name 17 = scan: Scan Count
# name 18 = density00: Density [density, kg/m^3]
# name 19 = density11: Density, 2 [density, kg/m^3]
# name 20 = v3: Voltage 3
# name 21 = v4: Voltage 4
# name 22 = v5: Voltage 5
# name 23 = sal00: Salinity, Practical [PSU]
# name 24 = sal11: Salinity, Practical, 2 [PSU]
# name 25 = oxsolML/L: Oxygen Saturation, Garcia & Gordon [ml/l]
# name 26 = nbin: number of scans per bin
# name 27 = flag: flag
# span 0 =      1.000,    610.000       
# span 1 =      0.990,    602.804       
# span 2 =    -1.4515,     0.2934       
# span 3 =  26.930912,  29.178696       
# span 4 =    -1.4510,     0.2951       
# span 5 =  26.931910,  29.178654       
# span 6 =     4.6834,     6.8842       
# span 7 =     4.8274,     7.1252       
# span 8 =    -0.0151,     5.2385       
# span 9 =    90.0918,    97.5363       
# span 10 = -3.251e-05, 7.2613e+00      
# span 11 =  -74.00374,  -74.00372      
# span 12 = -111.38594, -111.38590      
# span 13 =  43.378776,  43.387983      
# span 14 =       6.04,     100.32      
# span 15 = 2.8136e+01, 4.3162e+01      
# span 16 =    200.226,    995.729      
# span 17 =       4806,      23898      
# span 18 =  1027.1783,  1030.5641      
# span 19 =  1027.1775,  1030.5624      
# span 20 =     4.2741,     4.6270      
# span 21 =     0.0650,     0.9063      
# span 22 =     0.1158,     0.1518      
# span 23 =    33.7627,    34.4924      
# span 24 =    33.7702,    34.4903      
# span 25 =    7.97752,    8.39151      
# span 26 =          5,         56      
# span 27 = 0.0000e+00, 0.0000e+00      
# interval = decibars: 1                
# start_time = Feb 12 2022 09:02:06 [NMEA time, header]
# bad_flag = -9.990e-29
*END*
[from data line 311]
    312.000    308.540    -1.1023  27.622312    -1.1007  27.622702     5.9641     6.1618     0.0219    97.4227 1.0000e-12  -74.00372 -111.38592  43.383231      99.83 3.8571e+01    585.166      14045  1028.9686  1028.9674     4.6216     0.0729     0.1229    34.1595    34.1581    8.29534         25 0.0000e+00
    313.000    309.529    -1.1027  27.622325    -1.1018  27.622083     5.9623     6.1618     0.0144    97.4195 1.0000e-12  -74.00372 -111.38590  43.383243      99.84 3.8629e+01    586.155      14069  1028.9733  1028.9722     4.6214     0.0725     0.1209    34.1593    34.1579    8.29543         23 0.0000e+00
    314.000    310.516    -1.1021  27.623391    -1.1009  27.623253     5.9566     6.1572     0.0143    97.4365 1.0000e-12  -74.00372 -111.38590  43.383254      99.84 3.8554e+01    587.138      14092  1028.9783  1028.9770     4.6222     0.0726     0.1213    34.1594    34.1579    8.29529         24 0.0000e+00
    315.000    311.506    -1.0952  27.631025    -1.0939  27.631079     5.9469     6.1590     0.0254    97.4083 1.0000e-12  -74.00374 -111.38590  43.383265      99.84 3.8782e+01    588.122      14116  1028.9843  1028.9830     4.6209     0.0741     0.1224    34.1614    34.1600    8.29364         23 0.0000e+00
    316.000    312.495    -1.0920  27.634433    -1.0917  27.633528     5.9457     6.1543     0.0151    97.4411 1.0000e-12  -74.00374 -111.38590  43.383277      99.84 3.8783e+01    589.108      14140  1028.9892  1028.9880     4.6224     0.0732     0.1206    34.1618    34.1603    8.29291         24 0.0000e+00
    317.000    313.481    -1.0887  27.638451    -1.0874  27.638269     5.9437     6.1542     0.0109    97.4314 1.0000e-12  -74.00374 -111.38590  43.383288      99.84 3.8783e+01    590.099      14163  1028.9947  1028.9933     4.6220     0.0726     0.1252    34.1629    34.1612    8.29211         24 0.0000e+00
    318.000    314.469    -1.0883  27.639006    -1.0873  27.638859     5.9425     6.1534     0.0114    97.4532 1.0000e-12  -74.00374 -111.38590  43.383300      99.83 3.8783e+01    591.091      14187  1028.9993  1028.9982     4.6230     0.0732     0.1243    34.1625    34.1612    8.29204         23 0.0000e+00
    319.000    315.458    -1.0878  27.639999    -1.0868  27.639808     5.9461     6.1499     0.0069    97.4143 1.0000e-12  -74.00374 -111.38590  43.383311      99.84 3.8783e+01    592.085      14211  1029.0043  1029.0032     4.6213     0.0726     0.1233    34.1627    34.1614    8.29192         25 0.0000e+00
    320.000    316.446    -1.0876  27.640531    -1.0866  27.640387     5.9464     6.1498     0.0034    97.4527 1.0000e-12  -74.00374 -111.38590  43.383323      99.84 3.8783e+01    593.074      14235  1029.0091  1029.0079     4.6230     0.0719     0.1215    34.1626    34.1613    8.29189         23 0.0000e+00
    321.000    317.433    -1.0869  27.641848    -1.0858  27.641734     5.9511     6.1424    -0.0062    97.4485 1.0000e-12  -74.00374 -111.38590  43.383334      99.83 3.8783e+01    594.063      14259  1029.0142  1029.0130     4.6228     0.0738     0.1203    34.1630    34.1616    8.29171         24 0.0000e+00
    322.000    318.422    -1.0863  27.642739    -1.0852  27.642739     5.9536     6.1422     0.0068    97.4198 1.0000e-12  -74.00374 -111.38590  43.383345      96.64 3.8783e+01    595.053      14282  1029.0189  1029.0178     4.6215     0.0725     0.1216    34.1630    34.1617    8.29159         24 0.0000e+00
    323.000    319.410    -1.0866  27.642818    -1.0856  27.642735     5.9501     6.1367     0.0069    97.4117 1.0000e-12  -74.00374 -111.38590  43.383357      98.80 3.8783e+01    596.038      14306  1029.0236  1029.0226     4.6211     0.0728     0.1215    34.1628    34.1616    8.29166         23 0.0000e+00
    324.000    320.399    -1.0866  27.643422    -1.0854  27.643425     5.9451     6.1434     0.0002    97.4228 1.0000e-12  -74.00374 -111.38590  43.383368      99.85 3.8783e+01    597.028      14330  1029.0286  1029.0274     4.6216     0.0722     0.1203    34.1630    34.1616    8.29164         24 0.0000e+00
    325.000    321.386    -1.0839  27.646539    -1.0825  27.646746     5.9407     6.1455     0.0057    97.4281 1.0000e-12  -74.00374 -111.38590  43.383380      99.84 3.8783e+01    598.019      14353  1029.0337  1029.0325     4.6218     0.0728     0.1237    34.1635    34.1623    8.29101         24 0.0000e+00
    326.000    322.374    -1.0825  27.648487    -1.0808  27.648824     5.9257     6.1326     0.0069    97.4374 1.0000e-12  -74.00374 -111.38591  43.383391      99.84 3.8783e+01    599.009      14377  1029.0388  1029.0375     4.6223     0.0749     0.1224    34.1640    34.1626    8.29068         23 0.0000e+00
    327.000    323.363    -1.0797  27.651855    -1.0790  27.651202     5.9227     6.1291     0.0113    97.4412 1.0000e-12  -74.00374 -111.38591  43.383403      99.84 3.8783e+01    599.996      14401  1029.0440  1029.0426     4.6225     0.0714     0.1214    34.1648    34.1631    8.29001         25 0.0000e+00
    328.000    324.352    -1.0675  27.664475    -1.0663  27.664064     5.9236     6.1251     0.0143    97.4396 1.0000e-12  -74.00374 -111.38591  43.383414      99.84 3.8783e+01    601.001      14425  1029.0501  1029.0486     4.6224     0.0717     0.1245    34.1675    34.1657    8.28716         23 0.0000e+00
    329.000    325.338    -1.0660  27.666061    -1.0648  27.665930     5.9251     6.1299     0.0115    97.4128 1.0000e-12  -74.00374 -111.38592  43.383426      99.83 3.8783e+01    601.988      14449  1029.0548  1029.0536     4.6212     0.0727     0.1210    34.1674    34.1659    8.28683         24 0.0000e+00
    330.000    326.327    -1.0653  27.667082    -1.0641  27.667140     5.9257     6.1232     0.0069    97.4433 1.0000e-12  -74.00374 -111.38592  43.383437      99.84 3.8783e+01    602.986      14473  1029.0596  1029.0584     4.6225     0.0725     0.1224    34.1674    34.1661    8.28669         24 0.0000e+00
    331.000    327.314    -1.0638  27.669195    -1.0624  27.669247     5.9254     6.1219     0.0084    97.4248 1.0000e-12  -74.00374 -111.38592  43.383449      99.83 3.8783e+01    603.980      14497  1029.0647  1029.0635     4.6217     0.0725     0.1231    34.1679    34.1665    8.28631         24 0.0000e+00
    332.000    328.304    -1.0625  27.670747    -1.0612  27.670922     5.9218     6.1180     0.0142    97.4089 1.0000e-12  -74.00374 -111.38592  43.383460      99.84 3.8783e+01    604.969      14520  1029.0695  1029.0685     4.6210     0.0725     0.1274    34.1680    34.1667    8.28603         24 0.0000e+00
    333.000    329.291    -1.0615  27.672352    -1.0603  27.672250     5.9237     6.1203     0.0143    97.4116 1.0000e-12  -74.00374 -111.38592  43.383472      99.84 3.8783e+01    605.948      14544  1029.0746  1029.0733     4.6211     0.0725     0.1236    34.1684    34.1669    8.28578         23 0.0000e+00
    334.000    330.279    -1.0607  27.673466    -1.0593  27.673627     5.9193     6.1189     0.0001    97.4195 1.0000e-12  -74.00374 -111.38592  43.383483      73.18 3.8783e+01    606.926      14567  1029.0794  1029.0782     4.6214     0.0685     0.1252    34.1684    34.1671    8.28561         23 0.0000e+00
    335.000    331.268    -1.0600  27.674721    -1.0584  27.674962     5.9165     6.1091     0.0055    97.4337 1.0000e-12  -74.00374 -111.38592  43.383494      90.82 3.8698e+01    607.912      14591  1029.0843  1029.0831     4.6221     0.0712     0.1280    34.1687    34.1673    8.28543         24 0.0000e+00
    336.000    332.254    -1.0559  27.679137    -1.0544  27.679371     5.9044     6.1032     0.0122    97.3925 1.0000e-12  -74.00374 -111.38592  43.383506      99.87 3.9226e+01    608.900      14615  1029.0895  1029.0882     4.6202     0.0759     0.1215    34.1694    34.1680    8.28448         24 0.0000e+00
    337.000    333.244    -1.0459  27.689747    -1.0444  27.689590     5.9000     6.1053     0.0051    97.3991 1.0000e-12  -74.00374 -111.38592  43.383517      99.84 3.9297e+01    609.893      14638  1029.0956  1029.0940     4.6205     0.0717     0.1227    34.1719    34.1700    8.28213         24 0.0000e+00
    338.000    334.230    -1.0430  27.692897    -1.0418  27.692845     5.8997     6.1015     0.0070    97.4263 1.0000e-12  -74.00374 -111.38592  43.383529      99.83 3.9243e+01    610.880      14662  1029.1006  1029.0993     4.6218     0.0710     0.1239    34.1724    34.1709    8.28147         23 0.0000e+00
    339.000    335.220    -1.0425  27.693868    -1.0415  27.693570     5.9009     6.0883     0.0085    97.4151 1.0000e-12  -74.00374 -111.38592  43.383540      99.84 3.9372e+01    611.861      14686  1029.1055  1029.1042     4.6212     0.0706     0.1250    34.1724    34.1710    8.28135         24 0.0000e+00
    340.000    336.207    -1.0431  27.693572    -1.0418  27.693758     5.9035     6.0960     0.0066    97.4238 1.0000e-12  -74.00374 -111.38592  43.383552      99.84 3.9371e+01    612.855      14710  1029.1101  1029.1091     4.6217     0.0717     0.1278    34.1722    34.1709    8.28150         24 0.0000e+00
    341.000    337.196    -1.0416  27.695594    -1.0414  27.694730     5.8998     6.1004     0.0170    97.4238 1.0000e-12  -74.00374 -111.38592  43.383563      99.84 3.9298e+01    613.851      14733  1029.1152  1029.1141     4.6217     0.0713     0.1240    34.1726    34.1712    8.28114         24 0.0000e+00
    342.000    338.183    -1.0406  27.697182    -1.0394  27.697117     5.8897     6.0879     0.0013    97.3665 1.0000e-12  -74.00374 -111.38592  43.383575      99.84 3.9152e+01    614.843      14757  1029.1203  1029.1190     4.6189     0.0718     0.1246    34.1730    34.1715    8.28090         24 0.0000e+00
    343.000    339.172    -1.0356  27.702659    -1.0340  27.702962     5.8787     6.0841     0.0144    97.4040 1.0000e-12  -74.00374 -111.38592  43.383586      99.83 3.9782e+01    615.838      14781  1029.1257  1029.1244     4.6207     0.0718     0.1208    34.1742    34.1728    8.27973         23 0.0000e+00
    344.000    340.160    -1.0279  27.710669    -1.0264  27.710803     5.8765     6.0827     0.0071    97.4045 1.0000e-12  -74.00374 -111.38592  43.383598      99.83 3.9141e+01    616.828      14805  1029.1312  1029.1299     4.6207     0.0725     0.1227    34.1758    34.1742    8.27795         24 0.0000e+00
    345.000    341.148    -1.0250  27.714107    -1.0236  27.714258     5.8791     6.0854     0.0134    97.4066 1.0000e-12  -74.00374 -111.38592  43.383609      99.83 3.8706e+01    617.821      14829  1029.1364  1029.1353     4.6209     0.0706     0.1242    34.1765    34.1751    8.27726         24 0.0000e+00
    346.000    342.136    -1.0236  27.715992    -1.0223  27.715944     5.8815     6.0804    -0.0032    97.3807 1.0000e-12  -74.00374 -111.38592  43.383621      99.84 3.9744e+01    618.818      14853  1029.1415  1029.1402     4.6196     0.0700     0.1222    34.1769    34.1753    8.27693         24 0.0000e+00
    347.000    343.122    -1.0207  27.719535    -1.0196  27.719282     5.8801     6.0757     0.0027    97.3636 1.0000e-12  -74.00374 -111.38592  43.383632      93.76 3.9812e+01    619.821      14877  1029.1469  1029.1456     4.6188     0.0720     0.1238    34.1778    34.1762    8.27624         24 0.0000e+00
    348.000    344.112    -1.0173  27.723493    -1.0161  27.723489     5.8802     6.0724     0.0023    97.3966 1.0000e-12  -74.00374 -111.38592  43.383644      84.34 3.9302e+01    620.802      14900  1029.1521  1029.1510     4.6204     0.0696     0.1240    34.1787    34.1774    8.27542         24 0.0000e+00
    349.000    345.100    -1.0162  27.725280    -1.0151  27.724983     5.8705     6.0694    -0.0004    97.3860 1.0000e-12  -74.00374 -111.38592  43.383655      93.09 4.0002e+01    621.782      14924  1029.1574  1029.1561     4.6199     0.0704     0.1248    34.1793    34.1777    8.27516         23 0.0000e+00
    350.000    346.087    -1.0098  27.732212    -1.0085  27.732161     5.8697     6.0639     0.0048    97.3808 1.0000e-12  -74.00374 -111.38592  43.383666      99.88 3.9958e+01    622.777      14948  1029.1631  1029.1617     4.6196     0.0700     0.1260    34.1809    34.1793    8.27366         24 0.0000e+00
    351.000    347.076    -1.0058  27.736663    -1.0045  27.736722     5.8639     6.0619     0.0124    97.3638 1.0000e-12  -74.00374 -111.38592  43.383678      99.84 3.9300e+01    623.767      14971  1029.1683  1029.1671     4.6187     0.0721     0.1227    34.1817    34.1803    8.27271         24 0.0000e+00
    352.000    348.063    -1.0031  27.739708    -1.0020  27.739596     5.8639     6.0626     0.0058    97.3953 1.0000e-12  -74.00374 -111.38592  43.383689      99.84 4.0307e+01    624.753      14995  1029.1734  1029.1722     4.6203     0.0724     0.1229    34.1823    34.1808    8.27210         24 0.0000e+00
    353.000    349.052    -1.0023  27.741057    -1.0009  27.741180     5.8590     6.0647    -0.0013    97.4114 1.0000e-12  -74.00374 -111.38592  43.383701      99.83 4.0240e+01    625.738      15019  1029.1784  1029.1771     4.6211     0.0711     0.1240    34.1826    34.1811    8.27191         23 0.0000e+00
    354.000    350.040    -0.9993  27.744368    -0.9984  27.743918     5.8560     6.0549    -0.0151    97.4094 1.0000e-12  -74.00374 -111.38592  43.383712      99.83 3.9008e+01    626.712      15042  1029.1834  1029.1821     4.6210     0.0718     0.1235    34.1830    34.1814    8.27121         23 0.0000e+00
    355.000    351.027    -0.9981  27.745861    -0.9966  27.746087     5.8557     6.0513    -0.0018    97.4099 1.0000e-12  -74.00374 -111.38592  43.383723      99.83 4.0562e+01    627.698      15066  1029.1882  1029.1870     4.6210     0.0720     0.1265    34.1831    34.1817    8.27095         24 0.0000e+00
    356.000    352.015    -0.9955  27.748710    -0.9940  27.748839     5.8580     6.0520    -0.0004    97.4012 1.0000e-12  -74.00374 -111.38592  43.383735      99.84 4.0398e+01    628.696      15090  1029.1931  1029.1918     4.6206     0.0710     0.1242    34.1835    34.1819    8.27036         24 0.0000e+00
    357.000    353.003    -0.9948  27.749810    -0.9936  27.749728     5.8574     6.0499     0.0100    97.4002 1.0000e-12  -74.00374 -111.38592  43.383746      99.84 4.0620e+01    629.687      15113  1029.1980  1029.1967     4.6205     0.0723     0.1257    34.1835    34.1820    8.27020         24 0.0000e+00
    358.000    353.993    -0.9940  27.751104    -0.9926  27.751215     5.8563     6.0450     0.0098    97.3848 1.0000e-12  -74.00374 -111.38593  43.383758      99.84 3.9014e+01    630.666      15137  1029.2029  1029.2017     4.6198     0.0717     0.1240    34.1837    34.1823    8.27000         23 0.0000e+00
    359.000    354.979    -0.9922  27.753443    -0.9908  27.753360     5.8402     6.0312    -0.0002    97.3819 1.0000e-12  -74.00374 -111.38593  43.383769      99.83 4.0190e+01    631.655      15161  1029.2080  1029.2066     4.6197     0.0711     0.1270    34.1842    34.1826    8.26958         24 0.0000e+00
    360.000    355.968    -0.9904  27.755513    -0.9890  27.755597     5.8418     6.0315    -0.0050    97.3938 1.0000e-12  -74.00374 -111.38593  43.383781      99.84 3.9223e+01    632.647      15185  1029.2128  1029.2116     4.6202     0.0714     0.1264    34.1844    34.1829    8.26917         24 0.0000e+00
    361.000    356.956    -0.9869  27.759421    -0.9853  27.759575     5.8393     6.0395    -0.0005    97.3969 1.0000e-12  -74.00374 -111.38593  43.383792      99.84 4.0239e+01    633.633      15208  1029.2179  1029.2166     4.6204     0.0711     0.1235    34.1851    34.1836    8.26835         24 0.0000e+00
    362.000    357.943    -0.9839  27.762581    -0.9828  27.762395     5.8122     6.0216     0.0022    97.3982 1.0000e-12  -74.00374 -111.38593  43.383804      99.84 4.0469e+01    634.625      15232  1029.2228  1029.2216     4.6205     0.0716     0.1245    34.1855    34.1840    8.26769         23 0.0000e+00
