ocean_section_plots/required_files/ctd/dnbp2202_ctd210.cnv
* Sea-Bird SBE 9 Data File:
* FileName = D:\Data\raw\NBP2202_CTD210.hex
* Software Version Seasave V 7.26.7.121
* Temperature SN = 1649
* Conductivity SN = 2513
* Number of Bytes Per Scan = 40
* Number of Voltage Words = 5
* Number of Scans Averaged by the Deck Unit = 1
* NMEA Latitude = 74 08.28 S
* NMEA Longitude = 113 23.26 W
* NMEA UTC (Time) = Feb 10 2022  09:30:28
* NMEA baud rate = 9600
** Ship: RVIB N.B. Palmer
** Cruise: NBP2202 Thwaites
** Station: Tow-Yo #3
** Operator: B. Bjork
# nquan = 28
# nvalues = 425                         
# units = specified
# name 0 = prDM: Pressure, Digiquartz [db]
# name 1 = depSM: Depth [salt water, m]
# name 2 = t090C: Temperature [ITS-90, deg C]
# name 3 = c0mS/cm: Conductivity [mS/cm]
# name 4 = t190C: Temperature, 2 [ITS-90, deg C]
# name 5 = c1mS/cm: Conductivity, 2 [mS/cm]
# name 6 = sbeox0ML/L: Oxygen, SBE 43 [ml/l]
# name 7 = sbeox1ML/L: Oxygen, SBE 43, 2 [ml/l]
# name 8 = flECO-AFL: Fluorescence, WET Labs ECO-AFL/FL [mg/m^3]
# name 9 = CStarTr0: Beam Transmission, WET Labs C-Star [%]
# name 10 = par: PAR/Irradiance, Biospherical/Licor
# name 11 = latitude: Latitude [deg]
# name 12 = longitude: Longitude [deg]
# name 13 = timeJ: Julian Days
# name 14 = altM: Altimeter [m]
# name 15 = spar: SPAR, Biospherical/Licor
# name 16 = timeS: Time, Elapsed [seconds]
# name 17 = scan: Scan Count
# name 18 = density00: Density [density, kg/m^3]
# name 19 = density11: Density, 2 [density, kg/m^3]
# name 20 = v3: Voltage 3
# name 21 = v4: Voltage 4
# name 22 = v5: Voltage 5
# name 23 = sal00: Salinity, Practical [PSU]
# name 24 = sal11: Salinity, Practical, 2 [PSU]
# name 25 = oxsolML/L: Oxygen Saturation, Garcia & Gordon [ml/l]
# name 26 = nbin: number of scans per bin
# name 27 = flag: flag
# span 0 =     10.000,    434.000       
# span 1 =      9.895,    429.048       
# span 2 =    -1.4641,    -0.2020       
# span 3 =  27.018373,  28.518255       
# span 4 =    -1.4634,    -0.1988       
# span 5 =  27.018672,  28.519120       
# span 6 =     4.8032,     8.5935       
# span 7 =     4.9465,     8.8624       
# span 8 =    -0.0211,    22.0551       
# span 9 =    76.9139,    97.9339       
# span 10 = 1.0000e-12, 2.8296e-01      
# span 11 =  -74.13917,  -74.13818      
# span 12 = -113.38721, -113.37956      
# span 13 =  41.396538,  41.402570      
# span 14 =       9.22,     100.67      
# span 15 = 2.2914e+01, 3.0324e+01      
# span 16 =     32.853,    554.065      
# span 17 =        789,      13299      
# span 18 =  1027.1932,  1029.5951      
# span 19 =  1027.1923,  1029.5929      
# span 20 =     3.6492,     4.6458      
# span 21 =     0.0639,     3.0378      
# span 22 =     0.1245,     0.2506      
# span 23 =    33.7501,    34.2765      
# span 24 =    33.7485,    34.2741      
# span 25 =    8.09351,    8.39249      
# span 26 =         17,         47      
# span 27 = 0.0000e+00, 0.0000e+00      
# interval = decibars: 1                
# start_time = Feb 10 2022 09:30:28 [NMEA time, header]
# bad_flag = -9.990e-29
*END*
[from data line 156]
    166.000    164.217    -1.2173  27.314308    -1.2153  27.314433     5.4322     5.5945     0.0961    97.8625 1.0000e-12  -74.13860 -113.38381  41.399072      99.87 2.7322e+01    251.808       6044  1028.1141  1028.1124     4.6424     0.1052     0.1281    33.9590    33.9570    8.33267         24 0.0000e+00
    167.000    165.205    -1.2171  27.314788    -1.2161  27.314677     5.4402     5.5994     0.0098    97.8553 1.0000e-12  -74.13860 -113.38380  41.399084      90.14 2.4266e+01    252.830       6069  1028.1188  1028.1177     4.6421     0.0768     0.1274    33.9588    33.9575    8.33264         25 0.0000e+00
    168.000    166.193    -1.2162  27.315746    -1.2152  27.315434     5.4468     5.6044     0.0323    97.7842 1.0000e-12  -74.13860 -113.38378  41.399096      99.69 2.6224e+01    253.855       6094  1028.1232  1028.1219     4.6387     0.1403     0.1320    33.9585    33.9569    8.33246         24 0.0000e+00
    169.000    167.183    -1.2189  27.315842    -1.2176  27.315670     5.4536     5.6125     0.0616    97.8242 1.0000e-12  -74.13860 -113.38376  41.399107      99.87 2.6934e+01    254.871       6118  1028.1303  1028.1288     4.6406     0.1266     0.1326    33.9611    33.9594    8.33291         25 0.0000e+00
    170.000    168.172    -1.2205  27.315936    -1.2190  27.315857     5.4609     5.6196     0.0371    97.8888 1.0000e-12  -74.13861 -113.38375  41.399119      99.87 2.4192e+01    255.886       6142  1028.1362  1028.1347     4.6437     0.0758     0.1278    33.9624    33.9606    8.33319         24 0.0000e+00
    171.000    169.161    -1.2209  27.316295    -1.2196  27.316056     5.4700     5.6342     0.0971    97.8981 1.0000e-12  -74.13862 -113.38374  41.399131      99.87 2.6533e+01    256.903       6167  1028.1413  1028.1398     4.6442     0.0736     0.1279    33.9627    33.9609    8.33325         24 0.0000e+00
    172.000    170.148    -1.2266  27.312893    -1.2262  27.312211     5.4889     5.6584     0.1362    97.8247 1.0000e-12  -74.13862 -113.38373  41.399142      99.87 2.7495e+01    257.911       6191  1028.1474  1028.1463     4.6406     0.0790     0.1282    33.9639    33.9625    8.33446         25 0.0000e+00
    173.000    171.138    -1.2327  27.309329    -1.2319  27.309284     5.4924     5.6547     0.1946    97.8595 1.0000e-12  -74.13862 -113.38371  41.399154      99.87 2.4369e+01    258.918       6215  1028.1537  1028.1529     4.6423     0.0744     0.1294    33.9653    33.9643    8.33573         23 0.0000e+00
    174.000    172.128    -1.2388  27.306429    -1.2376  27.306142     5.4638     5.6308     0.1497    97.8729 1.0000e-12  -74.13862 -113.38369  41.399166      99.87 2.6254e+01    259.929       6239  1028.1608  1028.1593     4.6429     0.0759     0.1261    33.9676    33.9659    8.33696         25 0.0000e+00
    175.000    173.115    -1.2265  27.318680    -1.2282  27.315415     5.4320     5.6082     0.0636    97.8851 1.0000e-12  -74.13862 -113.38368  41.399177      99.87 2.7762e+01    260.935       6263  1028.1665  1028.1646     4.6435     0.0784     0.1284    33.9698    33.9673    8.33408         24 0.0000e+00
    176.000    174.105    -1.1931  27.349663    -1.1901  27.350038     5.3863     5.5623     0.0433    97.8498 1.0000e-12  -74.13862 -113.38367  41.399189      99.87 2.4102e+01    261.935       6287  1028.1722  1028.1697     4.6418     0.0867     0.1291    33.9737    33.9709    8.32640         24 0.0000e+00
    177.000    175.093    -1.1748  27.365311    -1.1736  27.365215     5.3490     5.5274     0.0509    97.8808 1.0000e-12  -74.13862 -113.38366  41.399201      99.87 2.6147e+01    262.936       6311  1028.1761  1028.1748     4.6433     0.0944     0.1296    33.9739    33.9724    8.32234         24 0.0000e+00
    178.000    176.082    -1.1339  27.404958    -1.1232  27.411348     5.3388     5.5149     0.1071    97.8596 1.0000e-12  -74.13862 -113.38365  41.399212      99.87 2.7605e+01    263.929       6335  1028.1841  1028.1807     4.6423     0.0900     0.1288    33.9812    33.9778    8.31283         24 0.0000e+00
    179.000    177.070    -1.1087  27.429428    -1.1071  27.429438     5.3435     5.5204     0.0584    97.8561 1.0000e-12  -74.13862 -113.38364  41.399224      99.87 2.4445e+01    264.918       6359  1028.1909  1028.1894     4.6421     0.1114     0.1293    33.9854    33.9836    8.30697         23 0.0000e+00
    180.000    178.059    -1.1026  27.439444    -1.1009  27.439325     5.3393     5.5107     0.1305    97.8470 1.0000e-12  -74.13862 -113.38361  41.399235      99.87 2.5383e+01    265.914       6383  1028.2006  1028.1989     4.6416     0.1335     0.1289    33.9916    33.9895    8.30526         25 0.0000e+00
    181.000    179.050    -1.1000  27.442594    -1.0983  27.442477     5.3208     5.4888     0.2277    97.4917 1.0000e-12  -74.13862 -113.38360  41.399247      98.06 2.8256e+01    266.908       6407  1028.2061  1028.2044     4.6249     0.1061     0.1298    33.9923    33.9903    8.30464         23 0.0000e+00
    182.000    180.038    -1.0886  27.454460    -1.0839  27.456464     5.3049     5.4705     0.4366    97.5420 1.0000e-12  -74.13862 -113.38359  41.399258      99.87 2.4519e+01    267.899       6431  1028.2126  1028.2103     4.6272     0.0935     0.1328    33.9950    33.9925    8.30196         24 0.0000e+00
    183.000    181.025    -1.0627  27.478505    -1.0613  27.478090     5.3251     5.4811     0.3011    97.4051 1.0000e-12  -74.13862 -113.38358  41.399270      99.28 2.5338e+01    268.892       6454  1028.2183  1028.2165     4.6207     0.1195     0.1312    33.9979    33.9957    8.29605         24 0.0000e+00
    184.000    182.015    -1.0633  27.478774    -1.0619  27.478634     5.3600     5.5172     0.2860    97.5270 1.0000e-12  -74.13863 -113.38357  41.399281      97.87 2.8842e+01    269.889       6478  1028.2238  1028.2223     4.6265     0.0790     0.1285    33.9983    33.9966    8.29617         24 0.0000e+00
    185.000    183.004    -1.0729  27.471066    -1.0725  27.470249     5.3849     5.5463     0.2530    97.3834 1.0000e-12  -74.13864 -113.38356  41.399292      99.86 2.4933e+01    270.869       6502  1028.2293  1028.2281     4.6198     0.0759     0.1282    33.9981    33.9965    8.29831         23 0.0000e+00
    186.000    183.993    -1.1060  27.442628    -1.1061  27.442064     5.4036     5.5590     0.1513    97.6567 1.0000e-12  -74.13864 -113.38355  41.399304      99.88 2.4386e+01    271.854       6526  1028.2350  1028.2345     4.6327     0.0833     0.1306    33.9961    33.9954    8.30576         24 0.0000e+00
    187.000    184.980    -1.1096  27.441556    -1.1064  27.442408     5.3971     5.5532     0.1666    97.7570 1.0000e-12  -74.13864 -113.38354  41.399315      99.88 2.8769e+01    272.839       6549  1028.2417  1028.2395     4.6375     0.0799     0.1291    33.9981    33.9956    8.30643         23 0.0000e+00
    188.000    185.970    -1.1071  27.443398    -1.1063  27.442727     5.3621     5.5198     0.3209    97.7864 1.0000e-12  -74.13864 -113.38353  41.399326      99.87 2.6225e+01    273.812       6572  1028.2456  1028.2441     4.6388     0.0764     0.1299    33.9971    33.9953    8.30593         24 0.0000e+00
    189.000    186.959    -1.1019  27.449382    -1.0949  27.453367     5.3165     5.4791     0.1445    97.6389 1.0000e-12  -74.13864 -113.38352  41.399338      99.88 2.4143e+01    274.792       6596  1028.2514  1028.2490     4.6319     0.0765     0.1276    33.9988    33.9963    8.30468         23 0.0000e+00
    190.000    187.947    -1.0681  27.479098    -1.0659  27.479067     5.2806     5.4482     0.0579    97.7175 1.0000e-12  -74.13864 -113.38351  41.399349      99.87 2.7461e+01    275.768       6619  1028.2553  1028.2532     4.6356     0.0882     0.1267    34.0005    33.9980    8.29709         24 0.0000e+00
    191.000    188.936    -1.0453  27.500491    -1.0410  27.502254     5.2625     5.4305     0.1239    97.7689 1.0000e-12  -74.13864 -113.38350  41.399360      99.87 2.7064e+01    276.732       6643  1028.2609  1028.2587     4.6380     0.0980     0.1303    34.0032    34.0008    8.29189         23 0.0000e+00
    192.000    189.926    -1.0314  27.513759    -1.0290  27.514092     5.2558     5.4227     0.3164    97.7389 1.0000e-12  -74.13864 -113.38349  41.399371      99.87 2.4514e+01    277.690       6666  1028.2664  1028.2646     4.6366     0.0852     0.1281    34.0050    34.0028    8.28872         22 0.0000e+00
    193.000    190.914    -1.0288  27.516498    -1.0276  27.515825     5.2544     5.4198     0.1537    97.6405 1.0000e-12  -74.13864 -113.38348  41.399383      99.85 2.6370e+01    278.646       6689  1028.2714  1028.2696     4.6320     0.0725     0.1296    34.0052    34.0029    8.28814         24 0.0000e+00
    194.000    191.903    -1.0281  27.517707    -1.0263  27.517683     5.2589     5.4186     0.0327    97.8081 1.0000e-12  -74.13864 -113.38347  41.399393      99.61 2.7876e+01    279.598       6711  1028.2765  1028.2748     4.6397     0.1002     0.1316    34.0054    34.0033    8.28797         22 0.0000e+00
    195.000    192.890    -1.0265  27.519658    -1.0250  27.519511     5.2589     5.4171     0.0609    97.6408 1.0000e-12  -74.13864 -113.38346  41.399405      99.87 2.4318e+01    280.556       6734  1028.2816  1028.2800     4.6319     0.0864     0.1292    34.0057    34.0038    8.28761         23 0.0000e+00
    196.000    193.881    -1.0256  27.521195    -1.0238  27.521279     5.2531     5.4172     0.0597    97.7732 1.0000e-12  -74.13864 -113.38346  41.399416      99.87 2.5924e+01    281.518       6757  1028.2868  1028.2853     4.6382     0.0810     0.1320    34.0061    34.0042    8.28737         24 0.0000e+00
    197.000    194.869    -1.0241  27.523405    -1.0224  27.523339     5.2548     5.4137     0.0372    97.7765 1.0000e-12  -74.13864 -113.38344  41.399427      99.87 2.9373e+01    282.483       6781  1028.2923  1028.2906     4.6384     0.0978     0.1289    34.0068    34.0048    8.28700         23 0.0000e+00
    198.000    195.857    -1.0208  27.527687    -1.0181  27.528542     5.2555     5.4079     0.0927    97.6685 1.0000e-12  -74.13864 -113.38344  41.399438      99.87 2.4827e+01    283.444       6804  1028.2982  1028.2965     4.6333     0.1000     0.1310    34.0084    34.0064    8.28620         23 0.0000e+00
    199.000    196.846    -1.0072  27.542755    -1.0052  27.542946     5.2416     5.4040     0.0544    97.3815 1.0000e-12  -74.13866 -113.38344  41.399449      99.87 2.4988e+01    284.424       6827  1028.3059  1028.3041     4.6196     0.0763     0.1285    34.0129    34.0108    8.28293         23 0.0000e+00
    200.000    197.835    -0.9985  27.552384    -0.9973  27.551735     5.2400     5.4036     0.0503    97.6704 1.0000e-12  -74.13866 -113.38342  41.399461      99.87 3.0078e+01    285.403       6851  1028.3123  1028.3104     4.6333     0.0834     0.1292    34.0155    34.0132    8.28085         24 0.0000e+00
    201.000    198.823    -0.9956  27.555617    -0.9938  27.555621     5.2434     5.4065     0.1150    97.6331 1.0000e-12  -74.13866 -113.38342  41.399472      99.87 2.5725e+01    286.381       6874  1028.3175  1028.3158     4.6316     0.0817     0.1306    34.0160    34.0140    8.28018         23 0.0000e+00
    202.000    199.811    -0.9957  27.555984    -0.9941  27.555854     5.2396     5.4037     0.1463    97.7497 1.0000e-12  -74.13866 -113.38340  41.399483      99.87 2.4672e+01    287.361       6898  1028.3224  1028.3207     4.6371     0.0781     0.1302    34.0160    34.0139    8.28020         24 0.0000e+00
    203.000    200.801    -0.9945  27.557844    -0.9929  27.557589     5.2459     5.3986     0.0836    97.7441 1.0000e-12  -74.13866 -113.38338  41.399495      99.88 2.9255e+01    288.345       6921  1028.3277  1028.3259     4.6368     0.0734     0.1305    34.0166    34.0144    8.27991         23 0.0000e+00
    204.000    201.790    -0.9931  27.559828    -0.9915  27.559749     5.2448     5.3975     0.0077    97.7813 1.0000e-12  -74.13866 -113.38338  41.399506      99.87 2.6204e+01    289.319       6945  1028.3330  1028.3313     4.6386     0.0741     0.1306    34.0171    34.0152    8.27957         24 0.0000e+00
    205.000    202.778    -0.9916  27.561845    -0.9897  27.561900     5.2471     5.4031     0.0230    97.8160 1.0000e-12  -74.13866 -113.38338  41.399517      99.87 2.4515e+01    290.299       6968  1028.3380  1028.3363     4.6402     0.1364     0.1298    34.0175    34.0154    8.27921         23 0.0000e+00
    206.000    203.767    -0.9921  27.561717    -0.9903  27.561876     5.2527     5.4093     0.0139    97.7723 1.0000e-12  -74.13866 -113.38336  41.399529      99.87 2.7929e+01    291.276       6992  1028.3428  1028.3412     4.6382     0.0761     0.1293    34.0173    34.0154    8.27934         24 0.0000e+00
    207.000    204.756    -0.9935  27.561067    -0.9917  27.561175     5.2533     5.4093     0.0509    97.8383 1.0000e-12  -74.13866 -113.38334  41.399540      92.94 2.7439e+01    292.251       7015  1028.3478  1028.3462     4.6412     0.0799     0.1323    34.0174    34.0154    8.27964         23 0.0000e+00
    208.000    205.744    -0.9956  27.559717    -0.9941  27.559476     5.2528     5.4091     0.0439    97.7852 1.0000e-12  -74.13868 -113.38334  41.399551      97.76 2.4674e+01    293.231       7039  1028.3528  1028.3511     4.6387     0.0838     0.1307    34.0173    34.0152    8.28011         24 0.0000e+00
    209.000    206.733    -0.9962  27.559647    -0.9944  27.559609     5.2485     5.4065     0.0293    97.6310 1.0000e-12  -74.13868 -113.38334  41.399563      99.85 2.7740e+01    294.221       7062  1028.3576  1028.3559     4.6315     0.0722     0.1299    34.0173    34.0152    8.28024         24 0.0000e+00
    210.000    207.720    -0.9950  27.561028    -0.9931  27.561200     5.2521     5.3997     0.0394    97.7065 1.0000e-12  -74.13868 -113.38332  41.399574      99.87 2.7693e+01    295.209       7086  1028.3623  1028.3606     4.6351     0.0772     0.1299    34.0171    34.0152    8.27998         24 0.0000e+00
    211.000    208.711    -0.9944  27.562163    -0.9934  27.561273     5.2528     5.4045     0.0574    97.8283 1.0000e-12  -74.13868 -113.38332  41.399586      99.87 2.4758e+01    296.203       7110  1028.3673  1028.3654     4.6408     0.0735     0.1289    34.0174    34.0151    8.27983         24 0.0000e+00
    212.000    209.700    -0.9941  27.562736    -0.9929  27.562244     5.2547     5.4047     0.0439    97.8388 1.0000e-12  -74.13868 -113.38330  41.399597      99.87 2.7264e+01    297.206       7134  1028.3720  1028.3703     4.6413     0.0857     0.1313    34.0172    34.0152    8.27978         24 0.0000e+00
    213.000    210.687    -0.9938  27.563446    -0.9919  27.563483     5.2481     5.4083     0.0304    97.7944 1.0000e-12  -74.13868 -113.38328  41.399609      99.87 2.8747e+01    298.211       7158  1028.3768  1028.3750     4.6392     0.0737     0.1289    34.0172    34.0152    8.27971         23 0.0000e+00
    214.000    211.675    -0.9928  27.564822    -0.9910  27.564825     5.2504     5.4089     0.0336    97.6993 1.0000e-12  -74.13868 -113.38328  41.399621      99.87 2.4592e+01    299.213       7182  1028.3816  1028.3798     4.6347     0.0728     0.1304    34.0173    34.0153    8.27947         25 0.0000e+00
    215.000    212.666    -0.9939  27.564259    -0.9921  27.564251     5.2542     5.4112     0.0640    97.7585 1.0000e-12  -74.13868 -113.38326  41.399632      99.87 2.6697e+01    300.210       7206  1028.3864  1028.3846     4.6376     0.0860     0.1296    34.0172    34.0151    8.27973         24 0.0000e+00
    216.000    213.651    -0.9965  27.562425    -0.9949  27.562371     5.2560     5.4113     0.1230    97.7944 1.0000e-12  -74.13868 -113.38326  41.399644      99.87 2.8890e+01    301.206       7230  1028.3912  1028.3896     4.6392     0.0768     0.1308    34.0170    34.0152    8.28031         23 0.0000e+00
