ocean_section_plots/required_files/ctd/dnbp2202_ctd217.cnv
* Sea-Bird SBE 9 Data File:
* FileName = D:\Data\raw\NBP2202_CTD217.hex
* Software Version Seasave V 7.26.7.121
* Temperature SN = 1649
* Conductivity SN = 2513
* Number of Bytes Per Scan = 40
* Number of Voltage Words = 5
* Number of Scans Averaged by the Deck Unit = 1
* NMEA Latitude = 73 54.81 S
* NMEA Longitude = 111 22.62 W
* NMEA UTC (Time) = Feb 11 2022  08:12:02
* NMEA baud rate = 9600
** Ship: RVIB N.B. Palmer
** Cruise: NBP2202 Thwaites
** Station: 129
** Operator: B. Bjork
# nquan = 28
# nvalues = 571                         
# units = specified
# name 0 = prDM: Pressure, Digiquartz [db]
# name 1 = depSM: Depth [salt water, m]
# name 2 = t090C: Temperature [ITS-90, deg C]
# name 3 = c0mS/cm: Conductivity [mS/cm]
# name 4 = t190C: Temperature, 2 [ITS-90, deg C]
# name 5 = c1mS/cm: Conductivity, 2 [mS/cm]
# name 6 = sbeox0ML/L: Oxygen, SBE 43 [ml/l]
# name 7 = sbeox1ML/L: Oxygen, SBE 43, 2 [ml/l]
# name 8 = flECO-AFL: Fluorescence, WET Labs ECO-AFL/FL [mg/m^3]
# name 9 = CStarTr0: Beam Transmission, WET Labs C-Star [%]
# name 10 = par: PAR/Irradiance, Biospherical/Licor
# name 11 = latitude: Latitude [deg]
# name 12 = longitude: Longitude [deg]
# name 13 = timeJ: Julian Days
# name 14 = altM: Altimeter [m]
# name 15 = spar: SPAR, Biospherical/Licor
# name 16 = timeS: Time, Elapsed [seconds]
# name 17 = scan: Scan Count
# name 18 = density00: Density [density, kg/m^3]
# name 19 = density11: Density, 2 [density, kg/m^3]
# name 20 = v3: Voltage 3
# name 21 = v4: Voltage 4
# name 22 = v5: Voltage 5
# name 23 = sal00: Salinity, Practical [PSU]
# name 24 = sal11: Salinity, Practical, 2 [PSU]
# name 25 = oxsolML/L: Oxygen Saturation, Garcia & Gordon [ml/l]
# name 26 = nbin: number of scans per bin
# name 27 = flag: flag
# span 0 =      1.000,    571.000       
# span 1 =      0.977,    564.321       
# span 2 =    -1.6005,     0.3837       
# span 3 =  26.949346,  29.261752       
# span 4 =    -1.5993,     0.3861       
# span 5 =  26.949874,  29.261873       
# span 6 =     4.5898,     8.8841       
# span 7 =     4.7125,     9.1118       
# span 8 =    -0.0253,    28.9928       
# span 9 =    71.3417,    98.4293       
# span 10 = 1.0000e-12, 4.7674e+00      
# span 11 =  -73.91348,  -73.91346      
# span 12 = -111.37668, -111.37666      
# span 13 =  42.343562,  42.351407      
# span 14 =       7.53,     102.39      
# span 15 = 2.0934e+01, 3.4996e+01      
# span 16 =    161.779,    839.585      
# span 17 =       3884,      20151      
# span 18 =  1027.1400,  1030.3973      
# span 19 =  1027.1375,  1030.3950      
# span 20 =     3.3849,     4.6693      
# span 21 =     0.0670,     4.8962      
# span 22 =     0.1096,     0.2644      
# span 23 =    33.7414,    34.5208      
# span 24 =    33.7402,    34.5181      
# span 25 =    7.95729,    8.41976      
# span 26 =          4,         50      
# span 27 = 0.0000e+00, 0.0000e+00      
# interval = decibars: 1                
# start_time = Feb 11 2022 08:12:02 [NMEA time, header]
# bad_flag = -9.990e-29
*END*
[from data line 363]
    364.000    359.921    -0.5044  28.228749    -0.5020  28.228565     5.2320     5.3881    -0.0134    97.8947 1.0000e-12  -73.91348 -111.37667  42.348564      99.92 3.3495e+01    593.891      14254  1029.2751  1029.2726     4.6440     0.0714     0.1225    34.2716    34.2687    8.15837         24 0.0000e+00
    365.000    360.908    -0.4988  28.234994    -0.4961  28.235015     5.2342     5.3826    -0.0087    97.9012 1.0000e-12  -73.91348 -111.37667  42.348575      99.93 3.3495e+01    594.884      14278  1029.2809  1029.2783     4.6443     0.0717     0.1193    34.2731    34.2701    8.15709         24 0.0000e+00
    366.000    361.897    -0.4920  28.242067    -0.4898  28.241779     5.2332     5.3852     0.0325    97.9614 1.0000e-12  -73.91348 -111.37667  42.348587      99.93 3.3495e+01    595.877      14302  1029.2864  1029.2840     4.6471     0.0703     0.1200    34.2744    34.2715    8.15556         23 0.0000e+00
    367.000    362.884    -0.4892  28.245342    -0.4870  28.245067     5.2291     5.3797     0.0214    97.9700 1.0000e-12  -73.91348 -111.37667  42.348598      99.92 3.3495e+01    596.869      14326  1029.2916  1029.2892     4.6475     0.0730     0.1221    34.2749    34.2721    8.15491         24 0.0000e+00
    368.000    363.873    -0.4857  28.249436    -0.4837  28.248953     5.2167     5.3763     0.0059    97.9706 1.0000e-12  -73.91348 -111.37667  42.348610      99.57 3.3495e+01    597.867      14350  1029.2971  1029.2946     4.6476     0.0717     0.1219    34.2759    34.2730    8.15412         25 0.0000e+00
    369.000    364.860    -0.4765  28.259451    -0.4748  28.258468     5.2123     5.3643     0.0036    97.9932 1.0000e-12  -73.91348 -111.37667  42.348621      99.79 3.3495e+01    598.881      14374  1029.3032  1029.3005     4.6487     0.0727     0.1222    34.2783    34.2751    8.15199         24 0.0000e+00
    370.000    365.848    -0.4658  28.270637    -0.4637  28.270078     5.2035     5.3565    -0.0046    98.0105 1.0000e-12  -73.91348 -111.37667  42.348633      99.93 3.3422e+01    599.888      14398  1029.3093  1029.3066     4.6495     0.0729     0.1201    34.2808    34.2775    8.14957         24 0.0000e+00
    371.000    366.837    -0.4555  28.281324    -0.4539  28.280251     5.1892     5.3502     0.0107    97.9895 1.0000e-12  -73.91348 -111.37667  42.348644      99.93 3.4147e+01    600.884      14422  1029.3150  1029.3123     4.6485     0.0712     0.1207    34.2828    34.2796    8.14723         24 0.0000e+00
    372.000    367.823    -0.4453  28.291860    -0.4434  28.291204     5.1788     5.3452     0.0369    98.0221 1.0000e-12  -73.91348 -111.37667  42.348656      99.92 3.3938e+01    601.886      14446  1029.3207  1029.3183     4.6500     0.0707     0.1184    34.2848    34.2819    8.14492         24 0.0000e+00
    373.000    368.812    -0.4370  28.301075    -0.4354  28.299808     5.1779     5.3341     0.0011    98.0196 1.0000e-12  -73.91348 -111.37667  42.348667      99.93 3.3116e+01    602.870      14470  1029.3270  1029.3241     4.6499     0.0716     0.1198    34.2872    34.2837    8.14301         23 0.0000e+00
    374.000    369.799    -0.4279  28.310705    -0.4258  28.309898     5.1742     5.3325    -0.0078    97.9846 1.0000e-12  -73.91348 -111.37667  42.348679      99.92 3.3821e+01    603.862      14494  1029.3328  1029.3300     4.6483     0.0721     0.1186    34.2892    34.2858    8.14094         24 0.0000e+00
    375.000    370.788    -0.4167  28.322700    -0.4147  28.322079     5.1588     5.3187     0.0105    97.9665 1.0000e-12  -73.91348 -111.37667  42.348691      99.92 3.3495e+01    604.875      14518  1029.3392  1029.3366     4.6474     0.0703     0.1195    34.2921    34.2890    8.13839         25 0.0000e+00
    376.000    371.775    -0.4087  28.331127    -0.4063  28.330999     5.1456     5.3016     0.0100    98.0104 1.0000e-12  -73.91348 -111.37667  42.348702      99.92 3.3495e+01    605.890      14542  1029.3449  1029.3424     4.6495     0.0700     0.1210    34.2938    34.2909    8.13658         24 0.0000e+00
    377.000    372.764    -0.3933  28.347902    -0.3908  28.347388     5.1401     5.2877     0.0032    98.0292 1.0000e-12  -73.91348 -111.37667  42.348714      99.92 3.3495e+01    606.911      14567  1029.3522  1029.3492     4.6504     0.0707     0.1205    34.2983    34.2948    8.13302         24 0.0000e+00
    378.000    373.750    -0.3739  28.367762    -0.3719  28.366921     5.1251     5.2700    -0.0052    98.0179 1.0000e-12  -73.91348 -111.37667  42.348726      99.92 3.3495e+01    607.921      14591  1029.3589  1029.3560     4.6498     0.0715     0.1226    34.3024    34.2990    8.12864         24 0.0000e+00
    379.000    374.739    -0.3631  28.378989    -0.3605  28.378860     5.1055     5.2571    -0.0074    98.0190 1.0000e-12  -73.91348 -111.37667  42.348737      99.92 3.3141e+01    608.920      14615  1029.3648  1029.3622     4.6499     0.0728     0.1196    34.3046    34.3015    8.12620         25 0.0000e+00
    380.000    375.726    -0.3532  28.390072    -0.3516  28.388694     5.0989     5.2477    -0.0061    98.0184 1.0000e-12  -73.91348 -111.37667  42.348749      99.93 3.2958e+01    609.917      14639  1029.3715  1029.3684     4.6499     0.0724     0.1204    34.3077    34.3040    8.12392         23 0.0000e+00
    381.000    376.716    -0.3348  28.408527    -0.3335  28.406976     5.0972     5.2399     0.0026    98.0231 1.0000e-12  -73.91348 -111.37667  42.348761      85.52 3.3002e+01    610.920      14663  1029.3776  1029.3747     4.6501     0.0713     0.1212    34.3110    34.3074    8.11979         25 0.0000e+00
    382.000    377.702    -0.3340  28.409571    -0.3318  28.409064     5.0821     5.2413     0.0036    98.0373 1.0000e-12  -73.91348 -111.37666  42.348772      94.96 3.3343e+01    611.924      14687  1029.3825  1029.3798     4.6507     0.0705     0.1214    34.3109    34.3077    8.11962         24 0.0000e+00
    383.000    378.691    -0.3238  28.420600    -0.3247  28.416786     5.0720     5.2289    -0.0128    97.9906 1.0000e-12  -73.91348 -111.37666  42.348784      99.89 3.3859e+01    612.932      14711  1029.3888  1029.3856     4.6486     0.0724     0.1210    34.3135    34.3094    8.11730         24 0.0000e+00
    384.000    379.678    -0.3142  28.430367    -0.3144  28.427600     5.0652     5.2160    -0.0065    98.0148 1.0000e-12  -73.91348 -111.37666  42.348795      99.92 2.7071e+01    613.932      14735  1029.3943  1029.3916     4.6497     0.0709     0.1227    34.3152    34.3117    8.11517         24 0.0000e+00
    385.000    380.665    -0.3086  28.436441    -0.3054  28.436958     5.0474     5.2002    -0.0032    98.0033 1.0000e-12  -73.91348 -111.37666  42.348807      99.93 3.1834e+01    614.928      14759  1029.3998  1029.3972     4.6491     0.0703     0.1215    34.3164    34.3135    8.11390         24 0.0000e+00
    386.000    381.654    -0.2945  28.451811    -0.2897  28.453724     5.0407     5.1905     0.0573    97.9820 1.0000e-12  -73.91348 -111.37666  42.348819      99.92 3.0721e+01    615.923      14783  1029.4069  1029.4042     4.6482     0.0701     0.1207    34.3205    34.3176    8.11067         24 0.0000e+00
    387.000    382.641    -0.2822  28.464692    -0.2810  28.463081     5.0398     5.1866    -0.0097    97.9944 1.0000e-12  -73.91348 -111.37666  42.348830      99.92 2.6704e+01    616.927      14807  1029.4130  1029.4102     4.6487     0.0723     0.1210    34.3232    34.3197    8.10790         24 0.0000e+00
    388.000    383.629    -0.2711  28.476666    -0.2690  28.475927     5.0351     5.1834    -0.0077    97.9639 1.0000e-12  -73.91348 -111.37666  42.348842      99.93 3.2032e+01    617.925      14831  1029.4194  1029.4166     4.6473     0.0703     0.1229    34.3260    34.3227    8.10536         24 0.0000e+00
    389.000    384.617    -0.2684  28.479793    -0.2660  28.479534     5.0302     5.1752    -0.0067    97.9132 1.0000e-12  -73.91348 -111.37666  42.348853      99.93 2.9893e+01    618.917      14855  1029.4246  1029.4220     4.6449     0.0703     0.1195    34.3266    34.3235    8.10476         23 0.0000e+00
    390.000    385.605    -0.2623  28.486593    -0.2599  28.486242     5.0231     5.1682     0.0044    97.9514 1.0000e-12  -73.91348 -111.37666  42.348865      99.92 2.8395e+01    619.917      14879  1029.4304  1029.4277     4.6466     0.0704     0.1234    34.3282    34.3251    8.10337         24 0.0000e+00
    391.000    386.593    -0.2509  28.498792    -0.2494  28.497303     5.0052     5.1510     0.0079    97.9253 1.0000e-12  -73.91348 -111.37666  42.348876      99.92 3.0155e+01    620.919      14903  1029.4366  1029.4336     4.6454     0.0706     0.1231    34.3310    34.3274    8.10079         24 0.0000e+00
    392.000    387.580    -0.2338  28.516223    -0.2312  28.515632     4.9819     5.1308    -0.0007    97.9448 1.0000e-12  -73.91348 -111.37666  42.348888      99.92 2.9759e+01    621.913      14927  1029.4428  1029.4397     4.6463     0.0719     0.1254    34.3344    34.3307    8.09696         25 0.0000e+00
    393.000    388.568    -0.2153  28.534901    -0.2126  28.534287     4.9751     5.1184     0.0012    97.9278 1.0000e-12  -73.91348 -111.37666  42.348899      99.92 3.3025e+01    622.913      14951  1029.4491  1029.4458     4.6455     0.0731     0.1231    34.3379    34.3341    8.09284         23 0.0000e+00
    394.000    389.556    -0.1993  28.550962    -0.1967  28.550686     4.9618     5.1167     0.0135    97.9086 1.0000e-12  -73.91348 -111.37666  42.348911      90.42 3.2610e+01    623.904      14975  1029.4550  1029.4521     4.6446     0.0705     0.1228    34.3407    34.3374    8.08928         24 0.0000e+00
    395.000    390.544    -0.1943  28.556315    -0.1924  28.555464     4.9520     5.1044     0.0137    97.8938 1.0000e-12  -73.91348 -111.37666  42.348922      55.93 2.8951e+01    624.893      14998  1029.4603  1029.4576     4.6439     0.0704     0.1211    34.3416    34.3383    8.08818         24 0.0000e+00
    396.000    391.531    -0.1927  28.558594    -0.1903  28.558136     4.9415     5.0862     0.0131    97.8852 1.0000e-12  -73.91348 -111.37666  42.348934      92.98 3.2518e+01    625.890      15022  1029.4657  1029.4629     4.6435     0.0700     0.1227    34.3422    34.3389    8.08780         24 0.0000e+00
    397.000    392.520    -0.1694  28.583520    -0.1661  28.583452     4.9280     5.0760     0.0134    97.8627 1.0000e-12  -73.91348 -111.37666  42.348945      99.89 3.1444e+01    626.891      15046  1029.4738  1029.4705     4.6424     0.0703     0.1231    34.3486    34.3448    8.08250         24 0.0000e+00
    398.000    393.506    -0.1563  28.596465    -0.1534  28.596432     4.9311     5.0768     0.0276    97.7668 1.0000e-12  -73.91348 -111.37666  42.348957      99.92 3.0491e+01    627.888      15070  1029.4792  1029.4763     4.6380     0.0717     0.1219    34.3505    34.3472    8.07963         24 0.0000e+00
    399.000    394.496    -0.1535  28.599793    -0.1513  28.599575     4.9422     5.0807     0.0346    97.8637 1.0000e-12  -73.91348 -111.37666  42.348969      99.92 3.1282e+01    628.885      15094  1029.4845  1029.4822     4.6424     0.0719     0.1230    34.3511    34.3484    8.07899         24 0.0000e+00
    400.000    395.484    -0.1597  28.596181    -0.1574  28.595886     4.9289     5.0687     0.0471    97.8435 1.0000e-12  -73.91348 -111.37666  42.348980      99.92 2.8745e+01    629.886      15118  1029.4914  1029.4888     4.6415     0.0702     0.1218    34.3527    34.3497    8.08022         24 0.0000e+00
    401.000    396.470    -0.1556  28.602503    -0.1533  28.601832     4.9158     5.0517     0.0250    97.8593 1.0000e-12  -73.91348 -111.37666  42.348992      99.92 2.9966e+01    630.893      15142  1029.4986  1029.4956     4.6423     0.0724     0.1229    34.3560    34.3524    8.07917         24 0.0000e+00
    402.000    397.457    -0.1317  28.627773    -0.1294  28.626352     4.8991     5.0438     0.0135    97.8808 1.0000e-12  -73.91348 -111.37666  42.349004      99.92 3.3538e+01    631.909      15167  1029.5063  1029.5025     4.6433     0.0735     0.1226    34.3620    34.3575    8.07377         25 0.0000e+00
    403.000    398.446    -0.1068  28.651347    -0.1045  28.650868     4.8945     5.0374     0.0082    97.8872 1.0000e-12  -73.91348 -111.37666  42.349015      99.92 3.1756e+01    632.924      15191  1029.5113  1029.5086     4.6436     0.0761     0.1223    34.3648    34.3616    8.06835         24 0.0000e+00
    404.000    399.434    -0.1059  28.653572    -0.1035  28.653115     4.8807     5.0213     0.0107    97.8964 1.0000e-12  -73.91348 -111.37666  42.349027      99.92 2.7898e+01    633.917      15215  1029.5174  1029.5146     4.6441     0.0725     0.1247    34.3661    34.3628    8.06809         23 0.0000e+00
    405.000    400.422    -0.0898  28.671003    -0.0875  28.670398     4.8832     5.0191     0.0161    97.9164 1.0000e-12  -73.91348 -111.37666  42.349038      99.92 3.2718e+01    634.902      15239  1029.5245  1029.5216     4.6450     0.0736     0.1212    34.3706    34.3671    8.06444         24 0.0000e+00
    406.000    401.408    -0.0791  28.682494    -0.0765  28.682011     4.8848     5.0251     0.0051    97.9002 1.0000e-12  -73.91348 -111.37666  42.349050      99.92 3.3638e+01    635.892      15262  1029.5306  1029.5277     4.6442     0.0720     0.1212    34.3732    34.3696    8.06203         24 0.0000e+00
    407.000    402.398    -0.0772  28.684521    -0.0760  28.683283     4.8816     5.0234     0.0139    97.9119 1.0000e-12  -73.91348 -111.37666  42.349061      99.92 2.5046e+01    636.887      15286  1029.5355  1029.5331     4.6448     0.0724     0.1204    34.3732    34.3702    8.06164         24 0.0000e+00
    408.000    403.385    -0.0813  28.681761    -0.0791  28.681275     4.8822     5.0181     0.0137    97.9279 1.0000e-12  -73.91348 -111.37666  42.349073      94.50 3.1715e+01    637.883      15310  1029.5412  1029.5385     4.6455     0.0725     0.1209    34.3736    34.3704    8.06249         24 0.0000e+00
    409.000    404.372    -0.0760  28.687273    -0.0734  28.687138     4.8742     5.0106     0.0033    97.9216 1.0000e-12  -73.91348 -111.37666  42.349084      99.91 3.3494e+01    638.895      15334  1029.5462  1029.5435     4.6452     0.0711     0.1235    34.3742    34.3711    8.06131         24 0.0000e+00
    410.000    405.361    -0.0734  28.690037    -0.0703  28.690424     4.8601     5.0003     0.0128    97.8529 1.0000e-12  -73.91348 -111.37666  42.349096      99.92 2.6655e+01    639.897      15359  1029.5510  1029.5484     4.6420     0.0724     0.1229    34.3744    34.3714    8.06076         24 0.0000e+00
    411.000    406.347    -0.0609  28.702857    -0.0582  28.702320     4.8515     4.9902    -0.0010    97.8862 1.0000e-12  -73.91348 -111.37666  42.349108      99.92 2.7837e+01    640.895      15382  1029.5567  1029.5535     4.6436     0.0718     0.1220    34.3768    34.3730    8.05800         24 0.0000e+00
    412.000    407.335    -0.0427  28.720528    -0.0401  28.720117     4.8436     4.9867    -0.0044    97.8894 1.0000e-12  -73.91348 -111.37666  42.349119      99.92 3.3276e+01    641.896      15407  1029.5619  1029.5590     4.6438     0.0732     0.1236    34.3791    34.3758    8.05402         24 0.0000e+00
    413.000    408.323    -0.0389  28.724861    -0.0364  28.724599     4.8434     4.9844     0.0011    97.8852 1.0000e-12  -73.91348 -111.37666  42.349131      99.92 3.0513e+01    642.885      15430  1029.5673  1029.5646     4.6436     0.0712     0.1219    34.3801    34.3769    8.05318         24 0.0000e+00
    414.000    409.311    -0.0378  28.726455    -0.0354  28.726225     4.8405     4.9780     0.0034    97.8706 1.0000e-12  -73.91348 -111.37666  42.349142      99.92 2.7191e+01    643.880      15454  1029.5724  1029.5698     4.6428     0.0714     0.1218    34.3804    34.3773    8.05293         23 0.0000e+00
