ocean_section_plots/required_files/ctd/dnbp2202_ctd010.cnv
* Sea-Bird SBE 9 Data File:
* FileName = D:\Data\raw\NBP2202_CTD010.hex
* Software Version Seasave V 7.26.7.121
* Temperature SN = 1649
* Conductivity SN = 2513
* Number of Bytes Per Scan = 40
* Number of Voltage Words = 5
* Number of Scans Averaged by the Deck Unit = 1
* NMEA Latitude = 73 08.18 S
* NMEA Longitude = 113 57.23 W
* NMEA UTC (Time) = Jan 16 2022  22:51:40
* NMEA baud rate = 9600
** Ship: RVIB N.B. Palmer
** Cruise: NBP2202 Thwaites
** Station: #5
** Operator: A. Robinson
# nquan = 25
# nvalues = 563                         
# units = specified
# name 0 = prDM: Pressure, Digiquartz [db]
# name 1 = depSM: Depth [salt water, m]
# name 2 = t090C: Temperature [ITS-90, deg C]
# name 3 = c0mS/cm: Conductivity [mS/cm]
# name 4 = t190C: Temperature, 2 [ITS-90, deg C]
# name 5 = c1mS/cm: Conductivity, 2 [mS/cm]
# name 6 = sbeox0ML/L: Oxygen, SBE 43 [ml/l]
# name 7 = sbeox1ML/L: Oxygen, SBE 43, 2 [ml/l]
# name 8 = flECO-AFL: Fluorescence, WET Labs ECO-AFL/FL [mg/m^3]
# name 9 = CStarTr0: Beam Transmission, WET Labs C-Star [%]
# name 10 = par: PAR/Irradiance, Biospherical/Licor
# name 11 = latitude: Latitude [deg]
# name 12 = longitude: Longitude [deg]
# name 13 = timeJ: Julian Days
# name 14 = altM: Altimeter [m]
# name 15 = spar: SPAR, Biospherical/Licor
# name 16 = timeS: Time, Elapsed [seconds]
# name 17 = scan: Scan Count
# name 18 = density00: Density [density, kg/m^3]
# name 19 = density11: Density, 2 [density, kg/m^3]
# name 20 = sal00: Salinity, Practical [PSU]
# name 21 = sal11: Salinity, Practical, 2 [PSU]
# name 22 = oxsolML/L: Oxygen Saturation, Garcia & Gordon [ml/l]
# name 23 = nbin: number of scans per bin
# name 24 = flag: flag
# span 0 =      4.000,    566.000       
# span 1 =      3.959,    559.408       
# span 2 =    -1.8101,     0.5899       
# span 3 =  27.012671,  29.484756       
# span 4 =    -1.8094,     0.5925       
# span 5 =  27.012057,  29.484523       
# span 6 =     4.5513,     8.6884       
# span 7 =     4.7900,     9.2032       
# span 8 =    -0.0178,    24.6786       
# span 9 =    71.7481,    99.1098       
# span 10 = 1.0000e-12, 5.2518e+02      
# span 11 =  -73.13644,  -73.13642      
# span 12 = -113.95390, -113.95384      
# span 13 =  16.955467,  16.964970      
# span 14 =       6.47,     100.21      
# span 15 = 1.0272e+03, 2.4709e+03      
# span 16 =    252.350,   1073.413      
# span 17 =       6057,      25763      
# span 18 =  1027.2409,  1030.4096      
# span 19 =  1027.2411,  1030.4069      
# span 20 =    33.8817,    34.5847      
# span 21 =    33.8818,    34.5815      
# span 22 =    7.91143,    8.45510      
# span 23 =         18,         48      
# span 24 = 0.0000e+00, 0.0000e+00      
# interval = decibars: 1                
# start_time = Jan 16 2022 22:51:40 [NMEA time, header]
# bad_flag = -9.990e-29
*END*
      4.000      3.959    -0.3872  27.872592    -0.3869  27.873056     8.6824     9.0716    16.5342    71.9982 5.2518e+02  -73.13642 -113.95384  16.955467      48.55 2.0773e+03    252.350       6057  1027.2409  1027.2411    33.8817    33.8819    8.15558         36 0.0000e+00
      5.000      4.947    -0.3903  27.870695    -0.3905  27.870734     8.6798     9.0586    15.9650    73.5841 3.4242e+02  -73.13642 -113.95386  16.955580      98.85 2.0626e+03    262.115       6292  1027.2463  1027.2465    33.8819    33.8822    8.15623         46 0.0000e+00
      6.000      5.938    -0.3942  27.867869    -0.3938  27.868343     8.6741     9.0383    13.8714    72.8982 2.3533e+02  -73.13642 -113.95386  16.955631      99.55 2.0628e+03    266.523       6398  1027.2513  1027.2514    33.8819    33.8821    8.15707         44 0.0000e+00
      7.000      6.928    -0.3989  27.864659    -0.3991  27.864504     8.6819     9.0442    14.3564    72.7527 1.7846e+02  -73.13642 -113.95386  16.955662      99.85 2.0587e+03    269.205       6462  1027.2566  1027.2566    33.8823    33.8822    8.15807         45 0.0000e+00
      8.000      7.917    -0.3966  27.867235    -0.3968  27.866774     8.6782     9.0606    17.2291    72.5321 1.2864e+02  -73.13642 -113.95386  16.955694      91.60 2.0622e+03    271.943       6528  1027.2614  1027.2611    33.8825    33.8822    8.15755         35 0.0000e+00
      9.000      8.908    -0.3961  27.867894    -0.3946  27.868969     8.6813     9.0875    19.1288    72.6771 9.2538e+01  -73.13643 -113.95386  16.955724      99.85 2.0689e+03    274.520       6589  1027.2659  1027.2656    33.8822    33.8820    8.15746         39 0.0000e+00
     10.000      9.896    -0.3968  27.867938    -0.3965  27.867754     8.6786     9.1078    18.5545    72.6035 6.8365e+01  -73.13642 -113.95386  16.955746      99.93 2.0581e+03    276.438       6636  1027.2709  1027.2704    33.8825    33.8819    8.15760         38 0.0000e+00
     11.000     10.885    -0.3973  27.867822    -0.3973  27.867680     8.6641     9.1545    20.5023    73.1170 5.1636e+01  -73.13643 -113.95386  16.955774      99.97 2.0657e+03    278.883       6694  1027.2755  1027.2754    33.8823    33.8821    8.15772         35 0.0000e+00
     12.000     11.877    -0.3965  27.868808    -0.3964  27.868692     8.6829     9.1857    19.4794    72.3331 3.7741e+01  -73.13644 -113.95386  16.955799      99.94 2.0634e+03    281.062       6746  1027.2801  1027.2799    33.8821    33.8818    8.15755         42 0.0000e+00
     13.000     12.865    -0.3966  27.869161    -0.3967  27.869041     8.6878     9.1910    22.4638    71.9165 2.9089e+01  -73.13643 -113.95386  16.955822      99.98 2.0675e+03    283.052       6794  1027.2848  1027.2848    33.8820    33.8820    8.15757         37 0.0000e+00
     14.000     13.856    -0.3968  27.869595    -0.3968  27.869516     8.6884     9.1915    20.9980    72.1323 2.1960e+01  -73.13642 -113.95386  16.955840      99.99 2.0742e+03    284.616       6832  1027.2898  1027.2897    33.8822    33.8822    8.15761         38 0.0000e+00
     15.000     14.844    -0.3967  27.870161    -0.3967  27.869968     8.6779     9.1935    21.7994    73.5314 1.7717e+01  -73.13644 -113.95387  16.955864      99.52 2.0732e+03    286.685       6881  1027.2946  1027.2944    33.8823    33.8820    8.15759         43 0.0000e+00
     16.000     15.836    -0.3968  27.870571    -0.3965  27.870625     8.6734     9.1921    21.0481    72.4574 1.3296e+01  -73.13644 -113.95388  16.955891      99.96 2.0755e+03    289.017       6937  1027.2995  1027.2992    33.8824    33.8821    8.15761         41 0.0000e+00
     17.000     16.824    -0.3977  27.870681    -0.3974  27.870703     8.6688     9.1898    20.9455    72.0150 1.0402e+01  -73.13642 -113.95388  16.955911      99.98 2.0813e+03    290.679       6977  1027.3047  1027.3045    33.8828    33.8826    8.15776         35 0.0000e+00
     18.000     17.813    -0.3983  27.870743    -0.3982  27.870673     8.6727     9.1879    21.9529    72.4265 8.0987e+00  -73.13642 -113.95388  16.955931      99.98 2.0898e+03    292.478       7020  1027.3097  1027.3095    33.8830    33.8828    8.15789         39 0.0000e+00
     19.000     18.803    -0.3974  27.871724    -0.3976  27.871440     8.6816     9.1923    21.3148    72.4221 6.6754e+00  -73.13642 -113.95388  16.955957      99.98 2.0846e+03    294.653       7073  1027.3141  1027.3140    33.8828    33.8826    8.15772         36 0.0000e+00
     20.000     19.794    -0.3967  27.872503    -0.3967  27.872299     8.6795     9.2032    22.3062    73.2031 5.0697e+00  -73.13642 -113.95388  16.955980      99.94 2.0913e+03    296.661       7121  1027.3185  1027.3183    33.8823    33.8820    8.15758         37 0.0000e+00
     21.000     20.782    -0.3967  27.872973    -0.3965  27.872855     8.6819     9.1831    21.4999    73.5947 3.9267e+00  -73.13642 -113.95388  16.956000      95.45 2.0898e+03    298.433       7163  1027.3234  1027.3230    33.8824    33.8820    8.15758         42 0.0000e+00
     22.000     21.772    -0.3977  27.873071    -0.3974  27.872934     8.6757     9.1861    22.9875    73.9865 3.0992e+00  -73.13642 -113.95388  16.956023      99.96 2.0702e+03    300.395       7210  1027.3287  1027.3283    33.8830    33.8825    8.15776         46 0.0000e+00
     23.000     22.762    -0.3983  27.873173    -0.3982  27.872700     8.6689     9.1969    24.6786    74.1893 2.5302e+00  -73.13642 -113.95388  16.956047      99.98 2.0406e+03    302.484       7261  1027.3337  1027.3331    33.8832    33.8825    8.15787         38 0.0000e+00
     24.000     23.752    -0.3988  27.873058    -0.3984  27.872897     8.6646     9.1903    21.3834    74.1659 1.9806e+00  -73.13642 -113.95388  16.956071      99.98 1.9999e+03    304.511       7309  1027.3383  1027.3378    33.8829    33.8823    8.15799         36 0.0000e+00
     25.000     24.741    -0.3989  27.873556    -0.3984  27.873443     8.6716     9.1905    21.5293    73.9481 1.4669e+00  -73.13642 -113.95388  16.956092      99.98 1.9582e+03    306.321       7353  1027.3433  1027.3427    33.8832    33.8825    8.15801         40 0.0000e+00
     26.000     25.730    -0.3988  27.874126    -0.3985  27.873915     8.6692     9.1926    20.4524    71.9397 1.2299e+00  -73.13642 -113.95388  16.956111      99.98 1.9631e+03    308.026       7394  1027.3480  1027.3476    33.8832    33.8826    8.15798         33 0.0000e+00
     27.000     26.720    -0.3989  27.874745    -0.3986  27.874453     8.6614     9.1860    22.4288    72.6433 9.8806e-01  -73.13642 -113.95388  16.956136      99.98 2.0205e+03    310.117       7444  1027.3531  1027.3525    33.8835    33.8827    8.15798         35 0.0000e+00
     28.000     27.710    -0.3977  27.876914    -0.3973  27.876674     8.6540     9.1748    20.6853    72.7070 6.9758e-01  -73.13642 -113.95388  16.956159      99.96 2.0637e+03    312.118       7492  1027.3586  1027.3579    33.8845    33.8837    8.15768         37 0.0000e+00
     29.000     28.700    -0.3978  27.877198    -0.3976  27.876901     8.6600     9.1855    22.2410    72.7431 5.1602e-01  -73.13642 -113.95387  16.956181      99.98 1.9603e+03    314.060       7538  1027.3633  1027.3628    33.8844    33.8837    8.15771         43 0.0000e+00
     30.000     29.686    -0.3982  27.877541    -0.3976  27.877330     8.6634     9.1866    21.1707    73.1819 4.3102e-01  -73.13642 -113.95386  16.956201      99.98 1.8293e+03    315.795       7580  1027.3683  1027.3675    33.8846    33.8836    8.15776         37 0.0000e+00
     31.000     30.680    -0.3979  27.878224    -0.3976  27.877827     8.6624     9.1834    22.9032    73.5846 3.6147e-01  -73.13642 -113.95386  16.956223      99.98 1.8258e+03    317.630       7624  1027.3731  1027.3724    33.8847    33.8838    8.15771         38 0.0000e+00
     32.000     31.667    -0.3983  27.878481    -0.3978  27.878231     8.6664     9.1784    20.9296    72.1260 2.7228e-01  -73.13642 -113.95386  16.956251      99.95 1.8953e+03    320.078       7683  1027.3780  1027.3772    33.8848    33.8839    8.15778         35 0.0000e+00
     33.000     32.658    -0.3974  27.879636    -0.3972  27.879133     8.6587     9.1757    21.1646    72.4274 2.1988e-01  -73.13642 -113.95386  16.956272      99.95 1.9435e+03    321.874       7726  1027.3827  1027.3819    33.8847    33.8838    8.15759         34 0.0000e+00
     34.000     33.647    -0.3976  27.879847    -0.3973  27.879580     8.6601     9.1789    21.2383    73.6800 1.7639e-01  -73.13642 -113.95386  16.956289      99.95 1.9864e+03    323.352       7761  1027.3875  1027.3868    33.8847    33.8839    8.15765         35 0.0000e+00
     35.000     34.637    -0.3980  27.880577    -0.3972  27.880544     8.6588     9.1728    23.0765    73.5099 1.3077e-01  -73.13642 -113.95386  16.956309      99.98 2.0083e+03    325.058       7802  1027.3928  1027.3920    33.8855    33.8845    8.15769         38 0.0000e+00
     36.000     35.626    -0.3993  27.880152    -0.3990  27.879778     8.6567     9.1684    20.6151    72.4340 9.5455e-02  -73.13642 -113.95386  16.956341      99.98 1.9672e+03    327.882       7870  1027.3979  1027.3972    33.8857    33.8848    8.15795         34 0.0000e+00
     37.000     36.616    -0.3993  27.880464    -0.3989  27.880127     8.6572     9.1746    20.8542    73.1883 6.4182e-02  -73.13642 -113.95386  16.956362      99.98 2.0147e+03    329.714       7914  1027.4026  1027.4019    33.8856    33.8847    8.15796         35 0.0000e+00
     38.000     37.605    -0.3997  27.880602    -0.3999  27.879972     8.6531     9.1755    20.0228    71.7481 4.2843e-02  -73.13642 -113.95386  16.956378      99.96 2.0390e+03    331.075       7947  1027.4074  1027.4069    33.8856    33.8849    8.15805         32 0.0000e+00
     39.000     38.593    -0.4026  27.879038    -0.4013  27.879443     8.6380     9.1707    21.7803    72.9857 2.6916e-02  -73.13642 -113.95386  16.956397      99.99 2.0315e+03    332.677       7985  1027.4128  1027.4120    33.8861    33.8852    8.15863         35 0.0000e+00
     40.000     39.584    -0.4055  27.877364    -0.4047  27.877328     8.6342     9.1618    19.5748    72.5446 1.3746e-02  -73.13642 -113.95386  16.956431      99.98 2.0392e+03    335.680       8057  1027.4180  1027.4172    33.8864    33.8855    8.15923         35 0.0000e+00
     41.000     40.573    -0.4066  27.877027    -0.4061  27.876892     8.6349     9.1549    20.8119    72.5536 6.6277e-04  -73.13642 -113.95386  16.956450      99.99 2.0316e+03    337.306       8096  1027.4230  1027.4224    33.8866    33.8859    8.15946         32 0.0000e+00
     42.000     41.564    -0.4081  27.876530    -0.4074  27.876452     8.6435     9.1490    21.2289    73.6981 1.6165e-05  -73.13642 -113.95386  16.956466      95.13 2.0214e+03    338.658       8129  1027.4282  1027.4275    33.8870    33.8861    8.15977         33 0.0000e+00
     43.000     42.552    -0.4074  27.877536    -0.4063  27.877737     8.6416     9.1594    21.8617    73.2510 1.0000e-12  -73.13642 -113.95386  16.956488     100.07 1.9990e+03    340.533       8174  1027.4329  1027.4320    33.8870    33.8860    8.15962         33 0.0000e+00
     44.000     43.544    -0.4077  27.877793    -0.4070  27.877680     8.6348     9.1488    20.3345    73.4370 1.0000e-12  -73.13642 -113.95386  16.956518      99.99 2.0434e+03    343.166       8237  1027.4377  1027.4369    33.8870    33.8861    8.15967         36 0.0000e+00
     45.000     44.532    -0.4109  27.875966    -0.4103  27.875788     8.6363     9.1456    20.1878    73.7712 1.0000e-12  -73.13642 -113.95386  16.956537      99.98 2.0573e+03    344.825       8277  1027.4431  1027.4424    33.8875    33.8867    8.16033         33 0.0000e+00
     46.000     45.521    -0.4118  27.875938    -0.4111  27.875841     8.6243     9.1355    20.2778    73.4408 1.0000e-12  -73.13642 -113.95386  16.956556      99.97 2.0608e+03    346.450       8316  1027.4482  1027.4474    33.8879    33.8869    8.16051         38 0.0000e+00
     47.000     46.510    -0.4138  27.874805    -0.4127  27.874988     8.6173     9.1319    21.2591    72.8194 1.0000e-12  -73.13643 -113.95384  16.956585      99.98 2.0352e+03    348.974       8376  1027.4532  1027.4523    33.8880    33.8870    8.16093         34 0.0000e+00
     48.000     47.501    -0.4167  27.873050    -0.4162  27.872681     8.6181     9.1392    19.4641    73.2506 1.0000e-12  -73.13644 -113.95385  16.956605      99.96 2.0351e+03    350.711       8418  1027.4583  1027.4575    33.8883    33.8873    8.16154         36 0.0000e+00
     49.000     48.490    -0.4175  27.873007    -0.4175  27.872247     8.6192     9.1284    22.5930    72.8160 1.0000e-12  -73.13644 -113.95386  16.956624      98.87 2.0631e+03    352.288       8456  1027.4633  1027.4625    33.8885    33.8875    8.16169         38 0.0000e+00
     50.000     49.479    -0.4195  27.871908    -0.4191  27.871581     8.6075     9.1221    22.6994    73.5395 1.0000e-12  -73.13644 -113.95386  16.956652      99.97 2.0739e+03    354.749       8515  1027.4683  1027.4676    33.8886    33.8878    8.16212         34 0.0000e+00
     51.000     50.467    -0.4223  27.870177    -0.4222  27.869579     8.5984     9.1160    19.5285    73.5341 1.0000e-12  -73.13644 -113.95386  16.956678      99.96 2.0666e+03    356.984       8569  1027.4734  1027.4727    33.8888    33.8880    8.16270         35 0.0000e+00
     52.000     51.458    -0.4240  27.869357    -0.4233  27.869410     8.5947     9.1081    20.5801    73.8294 1.0000e-12  -73.13644 -113.95386  16.956693      99.99 2.0586e+03    358.290       8600  1027.4785  1027.4779    33.8891    33.8884    8.16307         31 0.0000e+00
     53.000     52.448    -0.4283  27.866491    -0.4282  27.866019     8.5934     9.1097    20.1540    73.9537 1.0000e-12  -73.13644 -113.95386  16.956710      99.97 2.0520e+03    359.786       8636  1027.4838  1027.4832    33.8895    33.8887    8.16398         41 0.0000e+00
     54.000     53.435    -0.4320  27.864139    -0.4312  27.864130     8.5829     9.1091    20.1995    73.1354 1.0000e-12  -73.13644 -113.95386  16.956744      85.53 2.0043e+03    362.663       8705  1027.4890  1027.4883    33.8897    33.8889    8.16474         41 0.0000e+00
     55.000     54.427    -0.4324  27.864288    -0.4320  27.863888     8.5866     9.0947    19.1798    73.2365 1.0000e-12  -73.13643 -113.95386  16.956766      93.24 2.0231e+03    364.545       8750  1027.4938  1027.4930    33.8898    33.8888    8.16483         34 0.0000e+00
     56.000     55.415    -0.4328  27.864522    -0.4319  27.864611     8.5856     9.0811    19.9378    73.7316 1.0000e-12  -73.13643 -113.95386  16.956782      99.97 2.0517e+03    365.933       8783  1027.4987  1027.4979    33.8899    33.8890    8.16491         34 0.0000e+00
     57.000     56.407    -0.4378  27.860984    -0.4403  27.858704     8.5612     9.0667    20.5492    73.6034 1.0000e-12  -73.13643 -113.95386  16.956802      99.98 2.0612e+03    367.683       8825  1027.5040  1027.5039    33.8902    33.8899    8.16598         41 0.0000e+00
     58.000     57.395    -0.4532  27.848854    -0.4537  27.848056     8.5313     9.0482    22.4797    73.2259 1.0000e-12  -73.13642 -113.95387  16.956833      99.98 2.0540e+03    370.410       8891  1027.5101  1027.5096    33.8905    33.8900    8.16927         46 0.0000e+00
     59.000     58.384    -0.4579  27.845586    -0.4577  27.845411     8.5199     9.0383    20.5192    73.7186 1.0000e-12  -73.13642 -113.95387  16.956854      99.98 2.0345e+03    372.175       8933  1027.5152  1027.5148    33.8908    33.8903    8.17026         31 0.0000e+00
     60.000     59.374    -0.4688  27.837504    -0.4680  27.837538     8.5118     9.0271    19.9632    73.1574 1.0000e-12  -73.13642 -113.95387  16.956872      99.97 2.0199e+03    373.717       8970  1027.5213  1027.5205    33.8915    33.8906    8.17258         37 0.0000e+00
