ocean_section_plots/required_files/ctd/dnbp2202_ctd105.cnv
* Sea-Bird SBE 9 Data File:
* FileName = D:\Data\raw\NBP2202_CTD105.hex
* Software Version Seasave V 7.26.7.121
* Temperature SN = 1649
* Conductivity SN = 2513
* Number of Bytes Per Scan = 40
* Number of Voltage Words = 5
* Number of Scans Averaged by the Deck Unit = 1
* NMEA Latitude = 74 10.52 S
* NMEA Longitude = 113 20.65 W
* NMEA UTC (Time) = Jan 27 2022  04:47:53
* NMEA baud rate = 9600
** Ship: RVIB N.B. Palmer
** Cruise: NBP2202 Thwaites
** Station: YoYo001
** Operator: B. Bjork
# nquan = 25
# nvalues = 608                         
# units = specified
# name 0 = prDM: Pressure, Digiquartz [db]
# name 1 = depSM: Depth [salt water, m]
# name 2 = t090C: Temperature [ITS-90, deg C]
# name 3 = c0mS/cm: Conductivity [mS/cm]
# name 4 = t190C: Temperature, 2 [ITS-90, deg C]
# name 5 = c1mS/cm: Conductivity, 2 [mS/cm]
# name 6 = sbeox0ML/L: Oxygen, SBE 43 [ml/l]
# name 7 = sbeox1ML/L: Oxygen, SBE 43, 2 [ml/l]
# name 8 = flECO-AFL: Fluorescence, WET Labs ECO-AFL/FL [mg/m^3]
# name 9 = CStarTr0: Beam Transmission, WET Labs C-Star [%]
# name 10 = par: PAR/Irradiance, Biospherical/Licor
# name 11 = latitude: Latitude [deg]
# name 12 = longitude: Longitude [deg]
# name 13 = timeJ: Julian Days
# name 14 = altM: Altimeter [m]
# name 15 = spar: SPAR, Biospherical/Licor
# name 16 = timeS: Time, Elapsed [seconds]
# name 17 = scan: Scan Count
# name 18 = density00: Density [density, kg/m^3]
# name 19 = density11: Density, 2 [density, kg/m^3]
# name 20 = sal00: Salinity, Practical [PSU]
# name 21 = sal11: Salinity, Practical, 2 [PSU]
# name 22 = oxsolML/L: Oxygen Saturation, Garcia & Gordon [ml/l]
# name 23 = nbin: number of scans per bin
# name 24 = flag: flag
# span 0 =     10.000,    617.000       
# span 1 =      9.896,    609.705       
# span 2 =    -1.4807,     0.1214       
# span 3 =  26.961657,  28.958091       
# span 4 =    -1.4810,     0.1237       
# span 5 =  26.960777,  28.957797       
# span 6 =     4.6950,     8.7733       
# span 7 =     4.7636,     8.7240       
# span 8 =    -0.0225,    27.1732       
# span 9 =    67.6689,    95.5331       
# span 10 = 1.0000e-12, 4.8978e+00      
# span 11 =  -74.17536,  -74.17536      
# span 12 = -113.34428, -113.34424      
# span 13 =  27.200313,  27.208698      
# span 14 =       7.90,     100.08      
# span 15 = 1.6395e+02, 1.9215e+02      
# span 16 =     34.069,    758.503      
# span 17 =        819,      18205      
# span 18 =  1027.2267,  1030.5269      
# span 19 =  1027.2260,  1030.5243      
# span 20 =    33.7925,    34.3892      
# span 21 =    33.7916,    34.3862      
# span 22 =    8.01907,    8.40031      
# span 23 =         10,         47      
# span 24 = 0.0000e+00, 0.0000e+00      
# interval = decibars: 1                
# start_time = Jan 27 2022 04:47:53 [NMEA time, header]
# bad_flag = -9.990e-29
*END*
[from data line 406]
    416.000    411.282    -0.2037  28.510627    -0.2018  28.510213     4.8157     4.8905    -0.0092    95.4436 1.0000e-12  -74.17536 -113.34424  27.205492      99.87 1.7276e+02    481.496      11557  1029.5120  1029.5097    34.2789    34.2763    8.09373         24 0.0000e+00
    417.000    412.269    -0.1972  28.518193    -0.1946  28.518203     4.8058     4.8882    -0.0121    95.4297 1.0000e-12  -74.17536 -113.34424  27.205503      99.87 1.7276e+02    482.496      11581  1029.5179  1029.5154    34.2811    34.2781    8.09223         25 0.0000e+00
    418.000    413.256    -0.1922  28.523388    -0.1897  28.523610     4.8022     4.8842    -0.0039    95.4272 1.0000e-12  -74.17536 -113.34426  27.205515      99.87 1.7276e+02    483.507      11605  1029.5228  1029.5205    34.2818    34.2792    8.09113         24 0.0000e+00
    419.000    414.244    -0.1891  28.526964    -0.1871  28.526524     4.7996     4.8758    -0.0016    95.4164 1.0000e-12  -74.17536 -113.34426  27.205527      99.86 1.7276e+02    484.523      11630  1029.5279  1029.5255    34.2825    34.2797    8.09044         24 0.0000e+00
    420.000    415.231    -0.1864  28.530268    -0.1844  28.529672     4.7921     4.8805    -0.0071    95.3625 1.0000e-12  -74.17536 -113.34426  27.205539      99.87 1.7276e+02    485.546      11654  1029.5330  1029.5305    34.2832    34.2803    8.08981         25 0.0000e+00
    421.000    416.219    -0.1836  28.533594    -0.1814  28.533277     4.7929     4.8784    -0.0091    95.3566 1.0000e-12  -74.17536 -113.34426  27.205551      99.86 1.7276e+02    486.573      11679  1029.5381  1029.5357    34.2839    34.2811    8.08917         25 0.0000e+00
    422.000    417.207    -0.1809  28.537213    -0.1787  28.536925     4.7941     4.8708    -0.0020    95.3086 1.0000e-12  -74.17536 -113.34426  27.205562      99.87 1.7276e+02    487.594      11703  1029.5436  1029.5412    34.2851    34.2823    8.08854         24 0.0000e+00
    423.000    418.195    -0.1776  28.541185    -0.1757  28.540586     4.7909     4.8700    -0.0041    95.2718 1.0000e-12  -74.17536 -113.34426  27.205574      82.44 1.7276e+02    488.597      11727  1029.5489  1029.5464    34.2861    34.2831    8.08779         24 0.0000e+00
    424.000    419.182    -0.1749  28.544388    -0.1728  28.544026     4.7946     4.8630    -0.0170    95.2333 1.0000e-12  -74.17536 -113.34426  27.205586      92.92 1.7276e+02    489.595      11751  1029.5540  1029.5516    34.2867    34.2839    8.08718         24 0.0000e+00
    425.000    420.170    -0.1724  28.547446    -0.1700  28.547297     4.7867     4.8628    -0.0175    95.1899 1.0000e-12  -74.17536 -113.34426  27.205597      99.21 1.7276e+02    490.607      11776  1029.5590  1029.5566    34.2874    34.2845    8.08661         24 0.0000e+00
    426.000    421.158    -0.1669  28.553363    -0.1648  28.553115     4.7886     4.8571    -0.0159    95.1855 1.0000e-12  -74.17536 -113.34426  27.205609      99.86 1.7276e+02    491.623      11800  1029.5642  1029.5619    34.2885    34.2857    8.08538         25 0.0000e+00
    427.000    422.144    -0.1650  28.555757    -0.1632  28.555091     4.7896     4.8651    -0.0110    95.1886 1.0000e-12  -74.17536 -113.34426  27.205621      99.87 1.7276e+02    492.654      11825  1029.5692  1029.5669    34.2889    34.2861    8.08495         25 0.0000e+00
    428.000    423.133    -0.1640  28.557171    -0.1615  28.557212     4.7823     4.8683    -0.0095    95.1804 1.0000e-12  -74.17536 -113.34426  27.205633      99.86 1.7276e+02    493.679      11849  1029.5741  1029.5718    34.2891    34.2864    8.08474         24 0.0000e+00
    429.000    424.120    -0.1601  28.561811    -0.1574  28.561974     4.7795     4.8596    -0.0165    95.1793 1.0000e-12  -74.17536 -113.34426  27.205645      99.87 1.7276e+02    494.688      11874  1029.5795  1029.5770    34.2902    34.2875    8.08383         24 0.0000e+00
    430.000    425.107    -0.1546  28.567916    -0.1521  28.567756     4.7845     4.8552    -0.0107    95.2172 1.0000e-12  -74.17536 -113.34426  27.205656      99.86 1.7276e+02    495.697      11898  1029.5850  1029.5823    34.2917    34.2886    8.08261         24 0.0000e+00
    431.000    426.096    -0.1475  28.575132    -0.1454  28.574793     4.7863     4.8615    -0.0019    95.2267 1.0000e-12  -74.17536 -113.34426  27.205668      99.87 1.7276e+02    496.708      11922  1029.5899  1029.5876    34.2927    34.2899    8.08104         25 0.0000e+00
    432.000    427.084    -0.1469  28.576331    -0.1449  28.575824     4.7844     4.8619    -0.0004    95.2404 1.0000e-12  -74.17536 -113.34426  27.205680      99.87 1.7276e+02    497.723      11946  1029.5950  1029.5925    34.2930    34.2901    8.08089         24 0.0000e+00
    433.000    428.070    -0.1464  28.577054    -0.1443  28.576880     4.7824     4.8610    -0.0074    95.2391 1.0000e-12  -74.17536 -113.34426  27.205691      99.87 1.7276e+02    498.742      11971  1029.5996  1029.5974    34.2928    34.2902    8.08080         25 0.0000e+00
    434.000    429.059    -0.1469  28.577178    -0.1449  28.576833     4.7812     4.8577    -0.0104    95.2735 1.0000e-12  -74.17536 -113.34426  27.205703      99.87 1.7269e+02    499.765      11995  1029.6045  1029.6022    34.2930    34.2902    8.08090         24 0.0000e+00
    435.000    430.044    -0.1469  28.577520    -0.1452  28.576834     4.7833     4.8588    -0.0104    95.2823 1.0000e-12  -74.17536 -113.34426  27.205715      93.20 1.7188e+02    500.774      12020  1029.6092  1029.6069    34.2928    34.2900    8.08091         24 0.0000e+00
    436.000    431.035    -0.1483  28.576505    -0.1472  28.575417     4.7807     4.8606    -0.0095    95.3114 1.0000e-12  -74.17536 -113.34426  27.205727      78.42 1.7173e+02    501.775      12044  1029.6138  1029.6116    34.2924    34.2898    8.08123         24 0.0000e+00
    437.000    432.020    -0.1501  28.575401    -0.1487  28.574458     4.7784     4.8605    -0.0098    95.3254 1.0000e-12  -74.17536 -113.34426  27.205738      91.53 1.7262e+02    502.781      12068  1029.6187  1029.6164    34.2924    34.2896    8.08161         24 0.0000e+00
    438.000    433.008    -0.1497  28.576609    -0.1473  28.576528     4.7791     4.8616    -0.0097    95.3195 1.0000e-12  -74.17536 -113.34426  27.205750      99.81 1.7143e+02    503.785      12092  1029.6239  1029.6215    34.2930    34.2902    8.08149         25 0.0000e+00
    439.000    433.996    -0.1416  28.585392    -0.1397  28.584682     4.7767     4.8573    -0.0098    95.3294 1.0000e-12  -74.17536 -113.34426  27.205762      99.87 1.7122e+02    504.799      12116  1029.6295  1029.6270    34.2949    34.2919    8.07966         24 0.0000e+00
    440.000    434.984    -0.1379  28.589138    -0.1355  28.589154     4.7784     4.8528    -0.0115    95.3511 1.0000e-12  -74.17536 -113.34426  27.205773      99.87 1.7233e+02    505.824      12141  1029.6342  1029.6319    34.2952    34.2925    8.07887         25 0.0000e+00
    441.000    435.971    -0.1353  28.592115    -0.1348  28.590322     4.7804     4.8570    -0.0159    95.3488 1.0000e-12  -74.17536 -113.34426  27.205785      99.87 1.7115e+02    506.849      12165  1029.6390  1029.6368    34.2956    34.2927    8.07829         24 0.0000e+00
    442.000    436.956    -0.1373  28.591225    -0.1362  28.590079     4.7828     4.8551    -0.0091    95.3609 1.0000e-12  -74.17536 -113.34426  27.205797      99.86 1.7122e+02    507.874      12190  1029.6444  1029.6422    34.2961    34.2933    8.07869         24 0.0000e+00
    443.000    437.948    -0.1450  28.584447    -0.1431  28.584275     4.7865     4.8588    -0.0095    95.3753 1.0000e-12  -74.17536 -113.34426  27.205809      99.86 1.7193e+02    508.896      12215  1029.6491  1029.6471    34.2952    34.2927    8.08038         25 0.0000e+00
    444.000    438.934    -0.1453  28.584942    -0.1433  28.584586     4.7874     4.8593    -0.0098    95.3692 1.0000e-12  -74.17536 -113.34426  27.205821      99.87 1.7107e+02    509.902      12239  1029.6542  1029.6518    34.2955    34.2928    8.08041         24 0.0000e+00
    445.000    439.921    -0.1446  28.585988    -0.1424  28.585828     4.7878     4.8606    -0.0095    95.3789 1.0000e-12  -74.17536 -113.34426  27.205832      99.86 1.7100e+02    510.903      12263  1029.6589  1029.6566    34.2955    34.2929    8.08026         24 0.0000e+00
    446.000    440.909    -0.1442  28.586978    -0.1432  28.585631     4.7763     4.8576    -0.0117    95.3377 1.0000e-12  -74.17536 -113.34426  27.205844      99.87 1.7189e+02    511.907      12287  1029.6638  1029.6614    34.2958    34.2929    8.08017         24 0.0000e+00
    447.000    441.897    -0.1356  28.595610    -0.1322  28.596451     4.7774     4.8574    -0.0148    95.3458 1.0000e-12  -74.17536 -113.34426  27.205856      99.87 1.7105e+02    512.922      12311  1029.6687  1029.6663    34.2970    34.2943    8.07827         24 0.0000e+00
    448.000    442.883    -0.1297  28.602013    -0.1266  28.602641     4.7785     4.8560    -0.0087    95.3515 1.0000e-12  -74.17536 -113.34426  27.205867      99.86 1.7100e+02    513.941      12336  1029.6740  1029.6717    34.2983    34.2957    8.07695         25 0.0000e+00
    449.000    443.871    -0.1231  28.610069    -0.1212  28.609534     4.7734     4.8492    -0.0062    95.3441 1.0000e-12  -74.17536 -113.34426  27.205879      80.16 1.7100e+02    514.964      12360  1029.6804  1029.6780    34.3010    34.2982    8.07540         25 0.0000e+00
    450.000    444.860    -0.1237  28.610499    -0.1215  28.610279     4.7703     4.8484    -0.0096    95.3467 1.0000e-12  -74.17536 -113.34426  27.205891      95.08 1.7100e+02    515.989      12385  1029.6858  1029.6834    34.3017    34.2989    8.07550         24 0.0000e+00
    451.000    445.846    -0.1229  28.611736    -0.1204  28.611757     4.7695     4.8526    -0.0065    95.3555 1.0000e-12  -74.17536 -113.34426  27.205903      99.89 1.7100e+02    517.005      12409  1029.6905  1029.6882    34.3018    34.2990    8.07531         25 0.0000e+00
    452.000    446.834    -0.1222  28.612888    -0.1202  28.612524     4.7703     4.8519    -0.0037    95.3981 1.0000e-12  -74.17536 -113.34426  27.205915      99.87 1.7100e+02    518.020      12433  1029.6954  1029.6931    34.3019    34.2992    8.07516         24 0.0000e+00
    453.000    447.821    -0.1215  28.614062    -0.1192  28.614019     4.7714     4.8448    -0.0112    95.4265 1.0000e-12  -74.17536 -113.34426  27.205926      99.86 1.7100e+02    519.036      12458  1029.7003  1029.6980    34.3022    34.2995    8.07501         24 0.0000e+00
    454.000    448.809    -0.1186  28.617682    -0.1163  28.617483     4.7720     4.8478    -0.0109    95.4276 1.0000e-12  -74.17536 -113.34426  27.205938      99.87 1.7100e+02    520.049      12482  1029.7055  1029.7031    34.3031    34.3003    8.07433         25 0.0000e+00
    455.000    449.796    -0.1160  28.620688    -0.1147  28.619528     4.7743     4.8496    -0.0182    95.4439 1.0000e-12  -74.17536 -113.34426  27.205950      99.86 1.7100e+02    521.075      12507  1029.7104  1029.7080    34.3035    34.3005    8.07375         25 0.0000e+00
    456.000    450.784    -0.1147  28.622186    -0.1131  28.621560     4.7734     4.8505    -0.0171    95.4512 1.0000e-12  -74.17536 -113.34426  27.205962      99.86 1.7100e+02    522.109      12532  1029.7151  1029.7129    34.3035    34.3009    8.07349         25 0.0000e+00
    457.000    451.772    -0.1157  28.621903    -0.1129  28.622303     4.7688     4.8516    -0.0011    95.4593 1.0000e-12  -74.17536 -113.34426  27.205974      99.87 1.7100e+02    523.138      12556  1029.7201  1029.7178    34.3037    34.3011    8.07370         24 0.0000e+00
    458.000    452.757    -0.1150  28.623266    -0.1122  28.623682     4.7681     4.8496    -0.0097    95.4769 1.0000e-12  -74.17536 -113.34426  27.205986      99.86 1.7100e+02    524.160      12581  1029.7251  1029.7229    34.3041    34.3015    8.07352         25 0.0000e+00
    459.000    453.746    -0.1141  28.624819    -0.1120  28.624664     4.7686     4.8456    -0.0159    95.4712 1.0000e-12  -74.17536 -113.34426  27.205997      99.87 1.7100e+02    525.180      12605  1029.7302  1029.7280    34.3046    34.3020    8.07330         24 0.0000e+00
    460.000    454.734    -0.1147  28.624719    -0.1127  28.624405     4.7691     4.8490    -0.0126    95.4861 1.0000e-12  -74.17536 -113.34426  27.206009      99.87 1.7100e+02    526.183      12629  1029.7350  1029.7327    34.3045    34.3018    8.07344         24 0.0000e+00
    461.000    455.721    -0.1141  28.625812    -0.1117  28.625882     4.7700     4.8438    -0.0117    95.4872 1.0000e-12  -74.17536 -113.34426  27.206021      99.86 1.7100e+02    527.190      12654  1029.7398  1029.7376    34.3047    34.3022    8.07330         24 0.0000e+00
    462.000    456.710    -0.1133  28.627179    -0.1111  28.627114     4.7735     4.8482    -0.0110    95.4818 1.0000e-12  -74.17536 -113.34426  27.206033      84.26 1.7100e+02    528.208      12678  1029.7447  1029.7425    34.3050    34.3024    8.07311         24 0.0000e+00
    463.000    457.695    -0.1118  28.629378    -0.1098  28.629003     4.7726     4.8480    -0.0047    95.4926 1.0000e-12  -74.17536 -113.34426  27.206044     100.08 1.7100e+02    529.222      12702  1029.7499  1029.7476    34.3057    34.3030    8.07276         25 0.0000e+00
    464.000    458.684    -0.1093  28.632783    -0.1072  28.632605     4.7723     4.8486    -0.0062    95.4958 1.0000e-12  -74.17536 -113.34426  27.206056      99.86 1.7100e+02    530.236      12727  1029.7553  1029.7531    34.3068    34.3042    8.07216         24 0.0000e+00
    465.000    459.670    -0.1087  28.634271    -0.1067  28.633929     4.7770     4.8514    -0.0108    95.5012 1.0000e-12  -74.17536 -113.34426  27.206068      99.86 1.7100e+02    531.243      12751  1029.7606  1029.7583    34.3075    34.3048    8.07200         24 0.0000e+00
    466.000    460.660    -0.1130  28.630933    -0.1109  28.630779     4.7740     4.8497    -0.0101    95.4731 1.0000e-12  -74.17536 -113.34426  27.206079      99.87 1.7100e+02    532.234      12775  1029.7656  1029.7633    34.3072    34.3047    8.07291         24 0.0000e+00
    467.000    461.645    -0.1111  28.633315    -0.1085  28.633472     4.7798     4.8523    -0.0104    95.4862 1.0000e-12  -74.17536 -113.34426  27.206091      99.86 1.7100e+02    533.230      12799  1029.7704  1029.7681    34.3077    34.3050    8.07249         24 0.0000e+00
    468.000    462.634    -0.1104  28.635061    -0.1083  28.634773     4.7830     4.8557    -0.0163    95.4937 1.0000e-12  -74.17536 -113.34426  27.206102      99.86 1.7100e+02    534.239      12823  1029.7759  1029.7736    34.3086    34.3059    8.07228         24 0.0000e+00
    469.000    463.620    -0.1127  28.634475    -0.1112  28.633660     4.7776     4.8528    -0.0094    95.4768 1.0000e-12  -74.17536 -113.34426  27.206114      99.87 1.7100e+02    535.262      12847  1029.7819  1029.7795    34.3099    34.3071    8.07271         25 0.0000e+00
    470.000    464.609    -0.1118  28.636616    -0.1094  28.636619     4.7733     4.8513    -0.0086    95.4471 1.0000e-12  -74.17536 -113.34426  27.206126      99.87 1.7100e+02    536.293      12872  1029.7875  1029.7851    34.3111    34.3084    8.07245         25 0.0000e+00
    471.000    465.596    -0.1088  28.640231    -0.1065  28.640202     4.7763     4.8516    -0.0100    95.4227 1.0000e-12  -74.17536 -113.34426  27.206138      99.87 1.7100e+02    537.322      12897  1029.7926  1029.7904    34.3120    34.3094    8.07177         25 0.0000e+00
    472.000    466.583    -0.1079  28.641714    -0.1057  28.641532     4.7766     4.8444    -0.0023    95.3552 1.0000e-12  -74.17536 -113.34426  27.206150      99.86 1.7100e+02    538.339      12921  1029.7975  1029.7953    34.3123    34.3097    8.07155         24 0.0000e+00
