ocean_section_plots/required_files/ctd/dnbp2202_ctd087.cnv
* Sea-Bird SBE 9 Data File:
* FileName = D:\Data\raw\NBP2202_CTD087.hex
* Software Version Seasave V 7.26.7.121
* Temperature SN = 1649
* Conductivity SN = 2513
* Number of Bytes Per Scan = 40
* Number of Voltage Words = 5
* Number of Scans Averaged by the Deck Unit = 1
* NMEA Latitude = 74 10.51 S
* NMEA Longitude = 113 20.67 W
* NMEA UTC (Time) = Jan 26 2022  20:22:48
* NMEA baud rate = 9600
** Ship: RVIB N.B. Palmer
** Cruise: NBP2202 Thwaites
** Station: YoYo001
** Operator: A. Robinson
# nquan = 25
# nvalues = 607                         
# units = specified
# name 0 = prDM: Pressure, Digiquartz [db]
# name 1 = depSM: Depth [salt water, m]
# name 2 = t090C: Temperature [ITS-90, deg C]
# name 3 = c0mS/cm: Conductivity [mS/cm]
# name 4 = t190C: Temperature, 2 [ITS-90, deg C]
# name 5 = c1mS/cm: Conductivity, 2 [mS/cm]
# name 6 = sbeox0ML/L: Oxygen, SBE 43 [ml/l]
# name 7 = sbeox1ML/L: Oxygen, SBE 43, 2 [ml/l]
# name 8 = flECO-AFL: Fluorescence, WET Labs ECO-AFL/FL [mg/m^3]
# name 9 = CStarTr0: Beam Transmission, WET Labs C-Star [%]
# name 10 = par: PAR/Irradiance, Biospherical/Licor
# name 11 = latitude: Latitude [deg]
# name 12 = longitude: Longitude [deg]
# name 13 = timeJ: Julian Days
# name 14 = altM: Altimeter [m]
# name 15 = spar: SPAR, Biospherical/Licor
# name 16 = timeS: Time, Elapsed [seconds]
# name 17 = scan: Scan Count
# name 18 = density00: Density [density, kg/m^3]
# name 19 = density11: Density, 2 [density, kg/m^3]
# name 20 = sal00: Salinity, Practical [PSU]
# name 21 = sal11: Salinity, Practical, 2 [PSU]
# name 22 = oxsolML/L: Oxygen Saturation, Garcia & Gordon [ml/l]
# name 23 = nbin: number of scans per bin
# name 24 = flag: flag
# span 0 =     10.000,    616.000       
# span 1 =      9.895,    608.718       
# span 2 =    -1.5369,     0.1172       
# span 3 =  26.912934,  28.953141       
# span 4 =    -1.5366,     0.1178       
# span 5 =  26.912481,  28.952130       
# span 6 =     4.6828,     8.7428       
# span 7 =     4.7594,     8.6147       
# span 8 =    -0.0221,    26.9210       
# span 9 =    67.7747,    95.6788       
# span 10 = 1.0000e-12, 7.3413e+01      
# span 11 =  -74.17530,  -74.17528      
# span 12 = -113.34462, -113.34458      
# span 13 =  26.849572,  26.858251      
# span 14 =       4.16,     100.03      
# span 15 = 1.8508e+03, 1.9709e+03      
# span 16 =     35.048,    784.897      
# span 17 =        842,      18839      
# span 18 =  1027.2270,  1030.5210      
# span 19 =  1027.2253,  1030.5195      
# span 20 =    33.7958,    34.3873      
# span 21 =    33.7938,    34.3852      
# span 22 =    8.02005,    8.41186      
# span 23 =         12,         48      
# span 24 = 0.0000e+00, 0.0000e+00      
# interval = decibars: 1                
# start_time = Jan 26 2022 20:22:48 [NMEA time, header]
# bad_flag = -9.990e-29
*END*
[from data line 348]
    358.000    353.988    -0.3425  28.324749    -0.3403  28.324599     4.8302     4.9067    -0.0153    95.2254 1.0000e-12  -74.17530 -113.34460  26.854235      98.46 1.9550e+03    437.889      10510  1029.1984  1029.1960    34.2217    34.2190    8.12654         28 0.0000e+00
    359.000    354.976    -0.3414  28.326447    -0.3385  28.326983     4.8257     4.9045    -0.0104    95.2204 1.0000e-12  -74.17530 -113.34460  26.854248      99.87 1.9550e+03    439.044      10538  1029.2035  1029.2013    34.2221    34.2196    8.12628         27 0.0000e+00
    360.000    355.964    -0.3408  28.327344    -0.3391  28.326745     4.8270     4.8985    -0.0071    95.1995 1.0000e-12  -74.17530 -113.34460  26.854262      99.87 1.9550e+03    440.200      10566  1029.2083  1029.2060    34.2221    34.2194    8.12616         28 0.0000e+00
    361.000    356.953    -0.3424  28.325984    -0.3416  28.324247     4.8317     4.9022    -0.0074    95.2207 1.0000e-12  -74.17530 -113.34460  26.854275      99.86 1.9550e+03    441.360      10594  1029.2127  1029.2102    34.2214    34.2182    8.12653         26 0.0000e+00
    362.000    357.940    -0.3434  28.325455    -0.3415  28.324854     4.8286     4.8984    -0.0108    95.2355 1.0000e-12  -74.17530 -113.34460  26.854288      99.87 1.9542e+03    442.516      10621  1029.2176  1029.2152    34.2213    34.2183    8.12676         28 0.0000e+00
    363.000    358.928    -0.3414  28.328091    -0.3399  28.327095     4.8257     4.8998    -0.0044    95.2147 1.0000e-12  -74.17530 -113.34460  26.854302      99.87 1.9544e+03    443.670      10649  1029.2228  1029.2203    34.2219    34.2189    8.12629         28 0.0000e+00
    364.000    359.916    -0.3401  28.329998    -0.3386  28.329068     4.8194     4.9002    -0.0150    95.2109 1.0000e-12  -74.17530 -113.34460  26.854315      99.86 1.9534e+03    444.830      10677  1029.2279  1029.2255    34.2224    34.2195    8.12598         27 0.0000e+00
    365.000    360.904    -0.3395  28.331121    -0.3375  28.330710     4.8208     4.8966    -0.0185    95.2229 1.0000e-12  -74.17530 -113.34460  26.854329      99.87 1.9532e+03    445.996      10705  1029.2328  1029.2304    34.2226    34.2198    8.12585         28 0.0000e+00
    366.000    361.891    -0.3392  28.331877    -0.3376  28.330993     4.8234     4.8951    -0.0124    95.2060 1.0000e-12  -74.17530 -113.34460  26.854342      99.87 1.9530e+03    447.152      10733  1029.2376  1029.2352    34.2227    34.2197    8.12577         28 0.0000e+00
    367.000    362.880    -0.3397  28.331634    -0.3368  28.332284     4.8230     4.9000    -0.0115    95.2301 1.0000e-12  -74.17530 -113.34460  26.854355      99.86 1.9511e+03    448.298      10760  1029.2422  1029.2400    34.2223    34.2199    8.12591         27 0.0000e+00
    368.000    363.868    -0.3379  28.334010    -0.3364  28.333151     4.8226     4.9010    -0.0172    95.2300 1.0000e-12  -74.17530 -113.34460  26.854369      98.43 1.9510e+03    449.444      10788  1029.2473  1029.2449    34.2229    34.2201    8.12549         28 0.0000e+00
    369.000    364.855    -0.3370  28.335351    -0.3349  28.335096     4.8230     4.9006    -0.0117    95.2357 1.0000e-12  -74.17530 -113.34460  26.854382      88.10 1.9518e+03    450.592      10815  1029.2521  1029.2498    34.2230    34.2204    8.12529         27 0.0000e+00
    370.000    365.844    -0.3350  28.338119    -0.3320  28.338805     4.8212     4.9017    -0.0103    95.2281 1.0000e-12  -74.17530 -113.34460  26.854395      99.25 1.9515e+03    451.744      10843  1029.2574  1029.2553    34.2239    34.2215    8.12481         28 0.0000e+00
    371.000    366.831    -0.3309  28.343498    -0.3274  28.344793     4.8208     4.9019    -0.0082    95.2236 1.0000e-12  -74.17530 -113.34460  26.854408      99.86 1.9495e+03    452.894      10870  1029.2634  1029.2614    34.2259    34.2237    8.12382         28 0.0000e+00
    372.000    367.819    -0.3245  28.351264    -0.3225  28.350805     4.8248     4.9034    -0.0040    95.2214 1.0000e-12  -74.17530 -113.34460  26.854422      99.87 1.9474e+03    454.029      10898  1029.2698  1029.2674    34.2284    34.2256    8.12231         27 0.0000e+00
    373.000    368.806    -0.3221  28.354547    -0.3197  28.354600     4.8288     4.9033    -0.0074    95.2242 1.0000e-12  -74.17530 -113.34460  26.854435      99.87 1.9472e+03    455.153      10925  1029.2752  1029.2731    34.2295    34.2270    8.12173         27 0.0000e+00
    374.000    369.795    -0.3217  28.355453    -0.3197  28.354995     4.8252     4.9027     0.0020    95.1974 1.0000e-12  -74.17530 -113.34460  26.854448      99.87 1.9475e+03    456.293      10952  1029.2802  1029.2778    34.2297    34.2268    8.12164         28 0.0000e+00
    375.000    370.783    -0.3216  28.356203    -0.3197  28.355701     4.8302     4.9065    -0.0103    95.2146 1.0000e-12  -74.17530 -113.34460  26.854461      99.87 1.9480e+03    457.452      10980  1029.2852  1029.2829    34.2300    34.2272    8.12160         27 0.0000e+00
    376.000    371.771    -0.3207  28.357901    -0.3187  28.357637     4.8304     4.9069    -0.0085    95.2194 1.0000e-12  -74.17530 -113.34460  26.854475      99.87 1.9484e+03    458.622      11008  1029.2905  1029.2883    34.2307    34.2281    8.12138         29 0.0000e+00
    377.000    372.758    -0.3208  28.358902    -0.3188  28.358396     4.8286     4.9095    -0.0059    95.2281 1.0000e-12  -74.17530 -113.34460  26.854488      99.87 1.9494e+03    459.793      11036  1029.2959  1029.2935    34.2315    34.2286    8.12134         28 0.0000e+00
    378.000    373.746    -0.3207  28.359337    -0.3190  28.358696     4.8287     4.9170    -0.0072    95.2255 1.0000e-12  -74.17530 -113.34460  26.854502      99.87 1.9501e+03    460.966      11064  1029.3006  1029.2983    34.2314    34.2286    8.12133         28 0.0000e+00
    379.000    374.735    -0.3224  28.357886    -0.3218  28.356146     4.8396     4.9172    -0.0110    95.2182 1.0000e-12  -74.17530 -113.34460  26.854515      91.34 1.9515e+03    462.127      11092  1029.3050  1029.3026    34.2307    34.2278    8.12172         28 0.0000e+00
    380.000    375.722    -0.3215  28.360462    -0.3190  28.361177     4.8471     4.9266    -0.0144    95.2081 1.0000e-12  -74.17530 -113.34460  26.854529      89.55 1.9514e+03    463.280      11120  1029.3112  1029.3095    34.2326    34.2308    8.12144         27 0.0000e+00
    381.000    376.710    -0.3184  28.366103    -0.3163  28.365950     4.8424     4.9212    -0.0161    95.2157 1.0000e-12  -74.17530 -113.34460  26.854542      99.63 1.9504e+03    464.427      11147  1029.3184  1029.3162    34.2360    34.2334    8.12057         27 0.0000e+00
    382.000    377.698    -0.3162  28.369102    -0.3142  28.368661     4.8373     4.9160    -0.0183    95.2128 1.0000e-12  -74.17530 -113.34460  26.854555      99.87 1.9489e+03    465.556      11174  1029.3238  1029.3214    34.2369    34.2341    8.12005         27 0.0000e+00
    383.000    378.685    -0.3077  28.378618    -0.3051  28.378632     4.8331     4.9126    -0.0062    95.2162 1.0000e-12  -74.17530 -113.34460  26.854568      99.87 1.9497e+03    466.686      11201  1029.3298  1029.3274    34.2394    34.2366    8.11809         28 0.0000e+00
    384.000    379.673    -0.2961  28.391402    -0.2948  28.389989     4.8322     4.9127    -0.0138    95.2138 1.0000e-12  -74.17530 -113.34460  26.854581      99.86 1.9488e+03    467.816      11229  1029.3364  1029.3337    34.2429    34.2396    8.11542         27 0.0000e+00
    385.000    380.662    -0.2897  28.398039    -0.2888  28.396653     4.8217     4.9072    -0.0173    95.2090 1.0000e-12  -74.17530 -113.34460  26.854594      99.87 1.9480e+03    468.962      11256  1029.3416  1029.3393    34.2440    34.2411    8.11400         28 0.0000e+00
    386.000    381.648    -0.2869  28.401186    -0.2843  28.401389     4.8160     4.8977    -0.0045    95.2360 1.0000e-12  -74.17530 -113.34460  26.854608      99.87 1.9485e+03    470.127      11284  1029.3466  1029.3443    34.2444    34.2418    8.11338         28 0.0000e+00
    387.000    382.638    -0.2758  28.413456    -0.2733  28.413612     4.8217     4.8981    -0.0015    95.2438 1.0000e-12  -74.17530 -113.34460  26.854622      99.86 1.9449e+03    471.304      11312  1029.3531  1029.3508    34.2478    34.2451    8.11083         28 0.0000e+00
    388.000    383.623    -0.2733  28.416478    -0.2712  28.416177     4.8174     4.8979    -0.0094    95.2203 1.0000e-12  -74.17530 -113.34460  26.854635      99.87 1.9445e+03    472.465      11340  1029.3583  1029.3560    34.2484    34.2456    8.11026         27 0.0000e+00
    389.000    384.613    -0.2708  28.420351    -0.2690  28.419797     4.8161     4.9007    -0.0111    95.2116 1.0000e-12  -74.17530 -113.34460  26.854648      99.87 1.9445e+03    473.611      11368  1029.3644  1029.3620    34.2502    34.2473    8.10963         28 0.0000e+00
    390.000    385.600    -0.2688  28.423292    -0.2671  28.422582     4.8154     4.8990    -0.0101    95.2144 1.0000e-12  -74.17530 -113.34460  26.854661      99.87 1.9445e+03    474.751      11395  1029.3699  1029.3675    34.2512    34.2484    8.10914         28 0.0000e+00
    391.000    386.588    -0.2662  28.426710    -0.2636  28.426889     4.8120     4.8904    -0.0115    95.2166 1.0000e-12  -74.17530 -113.34460  26.854675      96.53 1.9439e+03    475.894      11422  1029.3753  1029.3730    34.2522    34.2496    8.10852         27 0.0000e+00
    392.000    387.576    -0.2572  28.436610    -0.2557  28.435626     4.8090     4.8894    -0.0165    95.2008 1.0000e-12  -74.17530 -113.34460  26.854688      99.83 1.9439e+03    477.050      11450  1029.3814  1029.3789    34.2547    34.2517    8.10647         28 0.0000e+00
    393.000    388.563    -0.2564  28.437812    -0.2545  28.437313     4.8129     4.8860    -0.0079    95.2186 1.0000e-12  -74.17530 -113.34460  26.854702      99.87 1.9443e+03    478.213      11478  1029.3863  1029.3840    34.2549    34.2521    8.10630         27 0.0000e+00
    394.000    389.551    -0.2555  28.439212    -0.2534  28.438924     4.8073     4.8901    -0.0024    95.2186 1.0000e-12  -74.17530 -113.34460  26.854715      99.86 1.9442e+03    479.375      11506  1029.3913  1029.3890    34.2552    34.2524    8.10609         29 0.0000e+00
    395.000    390.539    -0.2533  28.442096    -0.2515  28.441532     4.8084     4.8929    -0.0052    95.2035 1.0000e-12  -74.17530 -113.34460  26.854728      99.87 1.9432e+03    480.523      11534  1029.3966  1029.3942    34.2559    34.2531    8.10558         27 0.0000e+00
    396.000    391.527    -0.2510  28.445150    -0.2489  28.444719     4.8091     4.8927    -0.0114    95.1824 1.0000e-12  -74.17530 -113.34460  26.854741      99.86 1.9428e+03    481.660      11561  1029.4018  1029.3994    34.2567    34.2539    8.10503         27 0.0000e+00
    397.000    392.514    -0.2491  28.447562    -0.2471  28.447255     4.8146     4.8911    -0.0109    95.2072 1.0000e-12  -74.17530 -113.34460  26.854755      99.86 1.9430e+03    482.797      11588  1029.4070  1029.4047    34.2573    34.2546    8.10461         27 0.0000e+00
    398.000    393.501    -0.2437  28.454600    -0.2416  28.454217     4.8096     4.8879    -0.0116    95.2043 1.0000e-12  -74.17530 -113.34460  26.854768      99.87 1.9443e+03    483.945      11616  1029.4134  1029.4110    34.2599    34.2571    8.10330         28 0.0000e+00
    399.000    394.491    -0.2415  28.458174    -0.2395  28.457789     4.8115     4.8883    -0.0098    95.2043 1.0000e-12  -74.17530 -113.34460  26.854781      99.87 1.9461e+03    485.109      11644  1029.4194  1029.4172    34.2616    34.2589    8.10274         28 0.0000e+00
    400.000    395.477    -0.2417  28.458403    -0.2404  28.457454     4.8142     4.8872    -0.0113    95.1988 1.0000e-12  -74.17530 -113.34460  26.854795      99.87 1.9466e+03    486.264      11671  1029.4243  1029.4220    34.2616    34.2588    8.10279         28 0.0000e+00
    401.000    396.465    -0.2439  28.458076    -0.2407  28.458866     4.8098     4.8833    -0.0115    95.1853 1.0000e-12  -74.17530 -113.34460  26.854808      99.87 1.9478e+03    487.401      11699  1029.4304  1029.4281    34.2630    34.2605    8.10317         27 0.0000e+00
    402.000    397.453    -0.2276  28.475978    -0.2253  28.475823     4.8023     4.8849    -0.0150    95.2023 1.0000e-12  -74.17529 -113.34460  26.854821      78.17 1.9467e+03    488.539      11726  1029.4377  1029.4354    34.2679    34.2652    8.09942         27 0.0000e+00
    403.000    398.442    -0.2286  28.475656    -0.2257  28.476153     4.8007     4.8853    -0.0175    95.1860 1.0000e-12  -74.17529 -113.34460  26.854834      92.13 1.9483e+03    489.672      11753  1029.4427  1029.4404    34.2680    34.2654    8.09962         27 0.0000e+00
    404.000    399.428    -0.2254  28.479184    -0.2233  28.478922     4.7999     4.8801    -0.0124    95.1905 1.0000e-12  -74.17529 -113.34460  26.854847      99.91 1.9495e+03    490.820      11781  1029.4477  1029.4454    34.2686    34.2659    8.09892         28 0.0000e+00
    405.000    400.417    -0.2259  28.479157    -0.2243  28.478390     4.7984     4.8758    -0.0168    95.2016 1.0000e-12  -74.17529 -113.34460  26.854861      99.87 1.9514e+03    491.991      11809  1029.4525  1029.4502    34.2685    34.2657    8.09904         29 0.0000e+00
    406.000    401.404    -0.2240  28.481618    -0.2223  28.481028     4.7906     4.8799     0.0033    95.1979 1.0000e-12  -74.17528 -113.34460  26.854875      99.87 1.9511e+03    493.177      11837  1029.4575  1029.4553    34.2690    34.2663    8.09859         28 0.0000e+00
    407.000    402.392    -0.2219  28.484019    -0.2201  28.483509     4.7849     4.8669    -0.0104    95.2118 1.0000e-12  -74.17530 -113.34460  26.854888      99.86 1.9528e+03    494.332      11865  1029.4624  1029.4601    34.2693    34.2666    8.09814         27 0.0000e+00
    408.000    403.379    -0.2129  28.493054    -0.2108  28.492604     4.7800     4.8635    -0.0183    95.1985 1.0000e-12  -74.17528 -113.34460  26.854901      99.87 1.9516e+03    495.458      11892  1029.4675  1029.4650    34.2706    34.2676    8.09615         27 0.0000e+00
    409.000    404.367    -0.2088  28.497349    -0.2068  28.496944     4.7804     4.8638    -0.0113    95.1938 1.0000e-12  -74.17529 -113.34460  26.854914      99.87 1.9515e+03    496.572      11919  1029.4724  1029.4700    34.2712    34.2683    8.09526         27 0.0000e+00
    410.000    405.355    -0.2079  28.498717    -0.2058  28.498438     4.7754     4.8667    -0.0112    95.1956 1.0000e-12  -74.17529 -113.34460  26.854927      99.87 1.9515e+03    497.695      11946  1029.4773  1029.4750    34.2713    34.2686    8.09504         27 0.0000e+00
    411.000    406.344    -0.2066  28.501108    -0.2044  28.500947     4.7775     4.8607    -0.0106    95.1831 1.0000e-12  -74.17529 -113.34460  26.854941      99.86 1.9515e+03    498.859      11974  1029.4829  1029.4806    34.2725    34.2698    8.09471         28 0.0000e+00
    412.000    407.330    -0.1994  28.509631    -0.1968  28.509720     4.7795     4.8585    -0.0049    95.2161 1.0000e-12  -74.17529 -113.34460  26.854954      99.87 1.9515e+03    500.048      12002  1029.4892  1029.4868    34.2751    34.2724    8.09303         29 0.0000e+00
    413.000    408.318    -0.1967  28.512779    -0.1953  28.511743     4.7820     4.8566    -0.0165    95.2454 1.0000e-12  -74.17528 -113.34460  26.854968      99.87 1.9515e+03    501.216      12030  1029.4943  1029.4919    34.2758    34.2728    8.09243         27 0.0000e+00
    414.000    409.306    -0.1979  28.511968    -0.1961  28.511385     4.7802     4.8568    -0.0097    95.2633 1.0000e-12  -74.17530 -113.34460  26.854981      89.94 1.9515e+03    502.361      12058  1029.4990  1029.4966    34.2754    34.2726    8.09270         28 0.0000e+00
