ocean_section_plots/required_files/ctd/dnbp2202_ctd144.cnv
* Sea-Bird SBE 9 Data File:
* FileName = D:\Data\raw\NBP2202_CTD144.hex
* Software Version Seasave V 7.26.7.121
* Temperature SN = 1649
* Conductivity SN = 2513
* Number of Bytes Per Scan = 40
* Number of Voltage Words = 5
* Number of Scans Averaged by the Deck Unit = 1
* NMEA Latitude = 74 06.98 S
* NMEA Longitude = 113 02.82 W
* NMEA UTC (Time) = Jan 30 2022  08:13:06
* NMEA baud rate = 9600
** Ship: RVIB N.B. Palmer
** Cruise: NBP2202 Thwaites
** Station: 72
** Operator: B. Bjork
# nquan = 28
# nvalues = 660                         
# units = specified
# name 0 = prDM: Pressure, Digiquartz [db]
# name 1 = depSM: Depth [salt water, m]
# name 2 = t090C: Temperature [ITS-90, deg C]
# name 3 = c0mS/cm: Conductivity [mS/cm]
# name 4 = t190C: Temperature, 2 [ITS-90, deg C]
# name 5 = c1mS/cm: Conductivity, 2 [mS/cm]
# name 6 = sbeox0ML/L: Oxygen, SBE 43 [ml/l]
# name 7 = sbeox1ML/L: Oxygen, SBE 43, 2 [ml/l]
# name 8 = flECO-AFL: Fluorescence, WET Labs ECO-AFL/FL [mg/m^3]
# name 9 = CStarTr0: Beam Transmission, WET Labs C-Star [%]
# name 10 = par: PAR/Irradiance, Biospherical/Licor
# name 11 = latitude: Latitude [deg]
# name 12 = longitude: Longitude [deg]
# name 13 = timeJ: Julian Days
# name 14 = altM: Altimeter [m]
# name 15 = spar: SPAR, Biospherical/Licor
# name 16 = timeS: Time, Elapsed [seconds]
# name 17 = scan: Scan Count
# name 18 = density00: Density [density, kg/m^3]
# name 19 = density11: Density, 2 [density, kg/m^3]
# name 20 = v3: Voltage 3
# name 21 = v4: Voltage 4
# name 22 = v5: Voltage 5
# name 23 = sal00: Salinity, Practical [PSU]
# name 24 = sal11: Salinity, Practical, 2 [PSU]
# name 25 = oxsolML/L: Oxygen Saturation, Garcia & Gordon [ml/l]
# name 26 = nbin: number of scans per bin
# name 27 = flag: flag
# span 0 =      2.000,    661.000       
# span 1 =      1.981,    653.113       
# span 2 =    -1.5337,     0.2765       
# span 3 =  27.060490,  29.156841       
# span 4 =    -1.5329,     0.2776       
# span 5 =  27.061114,  29.155309       
# span 6 =     4.6432,     8.4780       
# span 7 =     4.7285,     8.5937       
# span 8 =    -0.0196,    26.9641       
# span 9 =    67.2385,    93.3049       
# span 10 = -3.405e-04, 9.2894e+00      
# span 11 =  -74.11640,  -74.11640      
# span 12 = -113.04704, -113.04700      
# span 13 =  30.344624,  30.354516      
# span 14 =       2.47,     106.56      
# span 15 = 3.1768e+01, 4.5765e+01      
# span 16 =    189.531,   1044.203      
# span 17 =       4550,      25062      
# span 18 =  1027.1840,  1030.7718      
# span 19 =  1027.1841,  1030.7692      
# span 20 =     3.1903,     4.4263      
# span 21 =     0.0634,     4.0014      
# span 22 =     0.1175,     0.2537      
# span 23 =    33.7912,    34.4508      
# span 24 =    33.7899,    34.4475      
# span 25 =    7.98334,    8.40305      
# span 26 =         13,         49      
# span 27 = 0.0000e+00, 0.0000e+00      
# interval = decibars: 1                
# start_time = Jan 30 2022 08:13:06 [NMEA time, header]
# bad_flag = -9.990e-29
*END*
[from data line 415]
    417.000    412.271    -0.0977  28.627165    -0.0955  28.626810     4.7831     4.8833    -0.0116    92.9255 1.0000e-12  -74.11640 -113.04702  30.350187      99.82 4.3565e+01    670.177      16085  1029.5381  1029.5357     4.4083     0.0702     0.1372    34.3142    34.3113    8.06929         24 0.0000e+00
    418.000    413.256    -0.1002  28.625479    -0.0981  28.625441     4.7827     4.8776    -0.0163    92.9345 1.0000e-12  -74.11640 -113.04702  30.350199      99.92 4.5067e+01    671.166      16109  1029.5431  1029.5411     4.4087     0.0705     0.1372    34.3142    34.3118    8.06983         23 0.0000e+00
    419.000    414.246    -0.1020  28.624667    -0.1000  28.624342     4.7874     4.8774    -0.0095    92.9391 1.0000e-12  -74.11640 -113.04702  30.350210      99.93 4.4835e+01    672.138      16132  1029.5483  1029.5460     4.4090     0.0696     0.1356    34.3145    34.3118    8.07018         23 0.0000e+00
    420.000    415.233    -0.1020  28.625680    -0.0998  28.625328     4.7914     4.8772    -0.0098    92.9315 1.0000e-12  -74.11640 -113.04702  30.350221      99.93 4.4658e+01    673.114      16156  1029.5537  1029.5512     4.4086     0.0714     0.1348    34.3153    34.3124    8.07014         24 0.0000e+00
    421.000    416.221    -0.1020  28.626257    -0.1002  28.625820     4.7898     4.8802    -0.0095    92.9337 1.0000e-12  -74.11640 -113.04702  30.350233      99.92 4.5617e+01    674.107      16180  1029.5585  1029.5564     4.4087     0.0699     0.1336    34.3154    34.3128    8.07013         24 0.0000e+00
    422.000    417.209    -0.1025  28.626501    -0.1003  28.626290     4.7930     4.8841    -0.0049    92.9498 1.0000e-12  -74.11640 -113.04702  30.350244      99.93 4.3625e+01    675.107      16204  1029.5636  1029.5613     4.4095     0.0695     0.1336    34.3158    34.3130    8.07022         24 0.0000e+00
    423.000    418.195    -0.1026  28.627248    -0.1005  28.627023     4.7920     4.8880    -0.0077    92.9422 1.0000e-12  -74.11640 -113.04702  30.350256      99.93 4.4738e+01    676.109      16228  1029.5688  1029.5665     4.4091     0.0700     0.1337    34.3162    34.3135    8.07021         24 0.0000e+00
    424.000    419.182    -0.1001  28.631387    -0.0979  28.631129     4.7918     4.8900    -0.0135    92.9531 1.0000e-12  -74.11640 -113.04702  30.350268      99.93 4.4512e+01    677.109      16252  1029.5750  1029.5726     4.4096     0.0702     0.1333    34.3183    34.3155    8.06957         24 0.0000e+00
    425.000    420.171    -0.0983  28.633939    -0.0963  28.633412     4.8009     4.8873    -0.0141    92.9615 1.0000e-12  -74.11640 -113.04702  30.350279      99.93 4.4532e+01    678.092      16275  1029.5802  1029.5778     4.4101     0.0706     0.1330    34.3191    34.3162    8.06915         23 0.0000e+00
    426.000    421.159    -0.0971  28.635918    -0.0951  28.635432     4.7958     4.8849    -0.0080    92.9700 1.0000e-12  -74.11640 -113.04702  30.350290      99.93 4.4986e+01    679.077      16299  1029.5854  1029.5830     4.4105     0.0703     0.1340    34.3198    34.3170    8.06886         25 0.0000e+00
    427.000    422.147    -0.0960  28.637930    -0.0937  28.637670     4.7929     4.8854    -0.0041    92.9623 1.0000e-12  -74.11640 -113.04702  30.350303      99.93 4.5327e+01    680.173      16325  1029.5907  1029.5882     4.4101     0.0696     0.1331    34.3206    34.3177    8.06857         28 0.0000e+00
    428.000    423.133    -0.0920  28.642951    -0.0893  28.643086     4.7920     4.8858    -0.0084    92.9670 1.0000e-12  -74.11640 -113.04702  30.350316      89.82 4.4260e+01    681.317      16353  1029.5964  1029.5940     4.4103     0.0707     0.1337    34.3222    34.3194    8.06764         25 0.0000e+00
    429.000    424.122    -0.0895  28.645993    -0.0875  28.645587     4.7946     4.8865    -0.0050    92.9880 1.0000e-12  -74.11640 -113.04702  30.350327      93.31 4.4436e+01    682.293      16376  1029.6015  1029.5991     4.4113     0.0689     0.1350    34.3228    34.3201    8.06707         24 0.0000e+00
    430.000    425.108    -0.0885  28.647601    -0.0863  28.647162     4.7883     4.8854    -0.0093    92.9999 1.0000e-12  -74.11640 -113.04702  30.350340      99.91 4.3696e+01    683.393      16402  1029.6065  1029.6039     4.4119     0.0705     0.1319    34.3233    34.3202    8.06685         28 0.0000e+00
    431.000    426.097    -0.0878  28.648978    -0.0854  28.648630     4.7950     4.8892    -0.0052    93.0076 1.0000e-12  -74.11640 -113.04702  30.350354      99.93 4.4497e+01    684.583      16431  1029.6116  1029.6089     4.4123     0.0690     0.1347    34.3237    34.3206    8.06667         29 0.0000e+00
    432.000    427.085    -0.0877  28.649508    -0.0856  28.649059     4.7871     4.8856    -0.0100    93.0229 1.0000e-12  -74.11640 -113.04702  30.350368      99.92 4.4576e+01    685.771      16460  1029.6163  1029.6138     4.4129     0.0711     0.1345    34.3237    34.3208    8.06665         28 0.0000e+00
    433.000    428.071    -0.0876  28.650147    -0.0855  28.649656     4.7865     4.8833    -0.0111    92.9922 1.0000e-12  -74.11640 -113.04702  30.350380      99.92 4.5109e+01    686.871      16486  1029.6212  1029.6187     4.4115     0.0715     0.1330    34.3239    34.3209    8.06662         24 0.0000e+00
    434.000    429.059    -0.0867  28.651560    -0.0841  28.651711     4.7887     4.8828    -0.0033    93.0270 1.0000e-12  -74.11640 -113.04702  30.350391      99.93 4.4540e+01    687.819      16509  1029.6261  1029.6237     4.4132     0.0698     0.1316    34.3241    34.3214    8.06641         23 0.0000e+00
    435.000    430.047    -0.0857  28.653012    -0.0831  28.653191     4.7877     4.8798     0.0166    93.0457 1.0000e-12  -74.11640 -113.04702  30.350403      99.93 4.4702e+01    688.805      16532  1029.6309  1029.6286     4.4140     0.0690     0.1329    34.3244    34.3217    8.06619         25 0.0000e+00
    436.000    431.035    -0.0816  28.658459    -0.0793  28.657890     4.7916     4.8802    -0.0022    93.0236 1.0000e-12  -74.11640 -113.04702  30.350416      99.92 4.5401e+01    689.948      16560  1029.6370  1029.6341     4.4130     0.0701     0.1329    34.3264    34.3230    8.06522         28 0.0000e+00
    437.000    432.022    -0.0755  28.667404    -0.0732  28.667255     4.7959     4.8828    -0.0038    93.0360 1.0000e-12  -74.11640 -113.04702  30.350429      99.93 4.5167e+01    691.053      16586  1029.6447  1029.6423     4.4136     0.0709     0.1333    34.3307    34.3280    8.06367         24 0.0000e+00
    438.000    433.011    -0.0706  28.673690    -0.0685  28.673429     4.7958     4.8943    -0.0091    93.0390 1.0000e-12  -74.11640 -113.04702  30.350440      99.92 4.4502e+01    692.032      16610  1029.6509  1029.6485     4.4137     0.0713     0.1343    34.3331    34.3303    8.06252         25 0.0000e+00
    439.000    433.996    -0.0725  28.672838    -0.0703  28.672554     4.7997     4.9003    -0.0036    93.0504 1.0000e-12  -74.11640 -113.04702  30.350453      99.93 4.5325e+01    693.138      16636  1029.6561  1029.6538     4.4143     0.0701     0.1382    34.3334    34.3306    8.06289         28 0.0000e+00
    440.000    434.985    -0.0738  28.672299    -0.0717  28.672029     4.8064     4.8919    -0.0087    93.0484 1.0000e-12  -74.11640 -113.04702  30.350466      76.75 4.5246e+01    694.250      16663  1029.6612  1029.6589     4.4141     0.0691     0.1306    34.3336    34.3309    8.06316         24 0.0000e+00
    441.000    435.973    -0.0737  28.673178    -0.0717  28.672822     4.8054     4.8932    -0.0011    93.0503 1.0000e-12  -74.11640 -113.04702  30.350477      91.16 4.4370e+01    695.232      16687  1029.6663  1029.6639     4.4142     0.0691     0.1350    34.3340    34.3313    8.06311         25 0.0000e+00
    442.000    436.958    -0.0736  28.673891    -0.0713  28.673679     4.8002     4.8936    -0.0012    93.0479 1.0000e-12  -74.11640 -113.04702  30.350490      99.85 4.4528e+01    696.324      16713  1029.6712  1029.6688     4.4141     0.0702     0.1316    34.3342    34.3315    8.06307         27 0.0000e+00
    443.000    437.948    -0.0726  28.675441    -0.0704  28.675161     4.7978     4.8898     0.0048    93.0691 1.0000e-12  -74.11640 -113.04702  30.350503      99.92 4.4860e+01    697.473      16740  1029.6762  1029.6737     4.4152     0.0700     0.1322    34.3346    34.3317    8.06284         27 0.0000e+00
    444.000    438.936    -0.0727  28.675809    -0.0706  28.675554     4.8008     4.8906    -0.0108    93.0733 1.0000e-12  -74.11640 -113.04702  30.350515      99.93 4.4610e+01    698.492      16765  1029.6810  1029.6786     4.4153     0.0713     0.1318    34.3347    34.3319    8.06287         23 0.0000e+00
    445.000    439.923    -0.0727  28.676405    -0.0705  28.676194     4.7941     4.8897    -0.0021    93.0661 1.0000e-12  -74.11640 -113.04702  30.350527      99.92 4.5505e+01    699.538      16790  1029.6858  1029.6834     4.4150     0.0697     0.1325    34.3348    34.3320    8.06285         27 0.0000e+00
    446.000    440.911    -0.0714  28.678478    -0.0693  28.677779     4.7927     4.8889    -0.0028    93.0540 1.0000e-12  -74.11640 -113.04702  30.350541      99.93 4.5265e+01    700.702      16818  1029.6910  1029.6883     4.4144     0.0708     0.1334    34.3355    34.3323    8.06253         28 0.0000e+00
    447.000    441.898    -0.0680  28.682554    -0.0659  28.682203     4.7970     4.8934    -0.0101    93.0680 1.0000e-12  -74.11640 -113.04702  30.350554      99.92 4.4197e+01    701.855      16846  1029.6963  1029.6939     4.4150     0.0705     0.1311    34.3366    34.3337    8.06177         28 0.0000e+00
    448.000    442.883    -0.0664  28.684998    -0.0646  28.684233     4.7923     4.8904    -0.0026    93.0717 1.0000e-12  -74.11640 -113.04702  30.350567      99.92 4.5245e+01    702.997      16873  1029.7015  1029.6990     4.4153     0.0714     0.1345    34.3374    34.3344    8.06138         27 0.0000e+00
    449.000    443.874    -0.0628  28.689599    -0.0608  28.689197     4.7929     4.8829    -0.0014    93.0852 1.0000e-12  -74.11640 -113.04702  30.350579      99.92 4.5115e+01    704.014      16897  1029.7072  1029.7049     4.4159     0.0718     0.1347    34.3388    34.3361    8.06054         22 0.0000e+00
    450.000    444.859    -0.0564  28.697589    -0.0539  28.697716     4.7925     4.8865     0.0050    93.0868 1.0000e-12  -74.11640 -113.04702  30.350590      99.93 4.4608e+01    704.959      16920  1029.7136  1029.7114     4.4160     0.0688     0.1327    34.3416    34.3390    8.05903         23 0.0000e+00
    451.000    445.848    -0.0560  28.698423    -0.0538  28.698335     4.7905     4.8921     0.0131    93.0851 1.0000e-12  -74.11640 -113.04702  30.350602      99.92 4.5237e+01    705.983      16945  1029.7185  1029.7162     4.4159     0.0703     0.1321    34.3418    34.3392    8.05895         27 0.0000e+00
    452.000    446.835    -0.0568  28.698178    -0.0549  28.697654     4.7872     4.8935     0.0209    93.0812 1.0000e-12  -74.11640 -113.04702  30.350615      95.78 4.5380e+01    707.146      16973  1029.7232  1029.7209     4.4157     0.0701     0.1319    34.3416    34.3389    8.05911         27 0.0000e+00
    453.000    447.821    -0.0567  28.698508    -0.0547  28.698175     4.7862     4.8846     0.0003    93.0850 1.0000e-12  -74.11640 -113.04702  30.350627      89.36 4.3907e+01    708.201      16998  1029.7279  1029.7255     4.4160     0.0697     0.1312    34.3415    34.3387    8.05911         24 0.0000e+00
    454.000    448.812    -0.0535  28.703052    -0.0512  28.702841     4.7869     4.8876    -0.0026    93.0915 1.0000e-12  -74.11640 -113.04702  30.350639      99.69 4.4403e+01    709.212      17022  1029.7337  1029.7313     4.4162     0.0691     0.1316    34.3432    34.3404    8.05833         26 0.0000e+00
    455.000    449.797    -0.0449  28.713085    -0.0426  28.712900     4.7918     4.8891    -0.0012    93.0909 1.0000e-12  -74.11640 -113.04702  30.350652      99.92 4.5512e+01    710.346      17049  1029.7402  1029.7378     4.4162     0.0708     0.1325    34.3463    34.3435    8.05634         28 0.0000e+00
    456.000    450.785    -0.0428  28.716025    -0.0407  28.715809     4.7910     4.8859     0.0041    93.0890 1.0000e-12  -74.11640 -113.04702  30.350665      99.92 4.4683e+01    711.420      17075  1029.7456  1029.7433     4.4161     0.0700     0.1308    34.3473    34.3446    8.05586         23 0.0000e+00
    457.000    451.773    -0.0424  28.717031    -0.0403  28.716906     4.7885     4.8871    -0.0062    93.1180 1.0000e-12  -74.11640 -113.04702  30.350676      99.92 4.5285e+01    712.425      17099  1029.7505  1029.7484     4.4175     0.0710     0.1317    34.3476    34.3450    8.05575         26 0.0000e+00
    458.000    452.760    -0.0417  28.718288    -0.0396  28.717986     4.7883     4.8800    -0.0110    93.1085 1.0000e-12  -74.11640 -113.04701  30.350689      99.93 4.5393e+01    713.553      17126  1029.7555  1029.7532     4.4170     0.0707     0.1307    34.3478    34.3451    8.05558         28 0.0000e+00
    459.000    453.747    -0.0397  28.721000    -0.0377  28.720651     4.7830     4.8793    -0.0101    93.1166 1.0000e-12  -74.11640 -113.04701  30.350703      99.92 4.4917e+01    714.718      17154  1029.7607  1029.7584     4.4174     0.0701     0.1303    34.3486    34.3458    8.05512         27 0.0000e+00
    460.000    454.734    -0.0352  28.726563    -0.0331  28.726281     4.7833     4.8821    -0.0034    93.1242 1.0000e-12  -74.11640 -113.04701  30.350716      99.92 4.4569e+01    715.876      17182  1029.7665  1029.7641     4.4178     0.0732     0.1321    34.3503    34.3476    8.05408         28 0.0000e+00
    461.000    455.723    -0.0334  28.728952    -0.0310  28.729024     4.7804     4.8774     0.0052    93.1212 1.0000e-12  -74.11640 -113.04701  30.350730      99.92 4.5666e+01    717.043      17210  1029.7716  1029.7693     4.4177     0.0702     0.1311    34.3509    34.3483    8.05367         28 0.0000e+00
    462.000    456.710    -0.0320  28.731011    -0.0297  28.731009     4.7862     4.8746     0.0069    93.1318 1.0000e-12  -74.11640 -113.04700  30.350742      99.92 4.5214e+01    718.102      17235  1029.7766  1029.7744     4.4181     0.0717     0.1326    34.3514    34.3489    8.05334         23 0.0000e+00
    463.000    457.697    -0.0313  28.732208    -0.0292  28.732059     4.7859     4.8758     0.0061    93.1127 1.0000e-12  -74.11640 -113.04700  30.350753      99.93 4.4289e+01    719.089      17259  1029.7815  1029.7793     4.4172     0.0700     0.1313    34.3517    34.3491    8.05319         26 0.0000e+00
    464.000    458.684    -0.0310  28.732811    -0.0291  28.732600     4.7860     4.8760    -0.0135    93.0966 1.0000e-12  -74.11640 -113.04700  30.350766      79.47 4.2269e+01    720.217      17286  1029.7862  1029.7841     4.4165     0.0672     0.1307    34.3516    34.3491    8.05314         28 0.0000e+00
    465.000    459.672    -0.0304  28.734029    -0.0284  28.733700     4.7812     4.8685     0.0111    93.1043 1.0000e-12  -74.11640 -113.04700  30.350779      92.86 4.5263e+01    721.318      17313  1029.7912  1029.7889     4.4168     0.0700     0.1307    34.3519    34.3492    8.05298         24 0.0000e+00
    466.000    460.660    -0.0304  28.734641    -0.0278  28.734827     4.7752     4.8708     0.0018    93.1019 1.0000e-12  -74.11640 -113.04700  30.350791      99.82 4.4714e+01    722.319      17337  1029.7961  1029.7938     4.4167     0.0693     0.1302    34.3521    34.3495    8.05297         25 0.0000e+00
    467.000    461.648    -0.0207  28.744932    -0.0199  28.743311     4.7754     4.8737     0.0045    93.1013 1.0000e-12  -74.11640 -113.04700  30.350803      99.92 4.5050e+01    723.412      17363  1029.8017  1029.7992     4.4167     0.0702     0.1316    34.3543    34.3512    8.05081         27 0.0000e+00
