ocean_section_plots/required_files/ctd/dnbp2202_ctd233.cnv
* Sea-Bird SBE 9 Data File:
* FileName = D:\Data\raw\NBP2202_CTD233.hex
* Software Version Seasave V 7.26.7.121
* Temperature SN = 1649
* Conductivity SN = 2513
* Number of Bytes Per Scan = 40
* Number of Voltage Words = 5
* Number of Scans Averaged by the Deck Unit = 1
* NMEA Latitude = 73 47.58 S
* NMEA Longitude = 113 53.56 W
* NMEA UTC (Time) = Feb 13 2022  10:05:52
* NMEA baud rate = 9600
** Ship: RVIB N.B. Palmer
** Cruise: NBP2202 Thwaites
** Station: 145
** Operator: B. Bjork
# nquan = 28
# nvalues = 352                         
# units = specified
# name 0 = prDM: Pressure, Digiquartz [db]
# name 1 = depSM: Depth [salt water, m]
# name 2 = t090C: Temperature [ITS-90, deg C]
# name 3 = c0mS/cm: Conductivity [mS/cm]
# name 4 = t190C: Temperature, 2 [ITS-90, deg C]
# name 5 = c1mS/cm: Conductivity, 2 [mS/cm]
# name 6 = sbeox0ML/L: Oxygen, SBE 43 [ml/l]
# name 7 = sbeox1ML/L: Oxygen, SBE 43, 2 [ml/l]
# name 8 = flECO-AFL: Fluorescence, WET Labs ECO-AFL/FL [mg/m^3]
# name 9 = CStarTr0: Beam Transmission, WET Labs C-Star [%]
# name 10 = par: PAR/Irradiance, Biospherical/Licor
# name 11 = latitude: Latitude [deg]
# name 12 = longitude: Longitude [deg]
# name 13 = timeJ: Julian Days
# name 14 = altM: Altimeter [m]
# name 15 = spar: SPAR, Biospherical/Licor
# name 16 = timeS: Time, Elapsed [seconds]
# name 17 = scan: Scan Count
# name 18 = density00: Density [density, kg/m^3]
# name 19 = density11: Density, 2 [density, kg/m^3]
# name 20 = v3: Voltage 3
# name 21 = v4: Voltage 4
# name 22 = v5: Voltage 5
# name 23 = sal00: Salinity, Practical [PSU]
# name 24 = sal11: Salinity, Practical, 2 [PSU]
# name 25 = oxsolML/L: Oxygen Saturation, Garcia & Gordon [ml/l]
# name 26 = nbin: number of scans per bin
# name 27 = flag: flag
# span 0 =      3.000,    354.000       
# span 1 =      2.970,    350.044       
# span 2 =    -1.4440,    -0.4049       
# span 3 =  27.115909,  28.275118       
# span 4 =    -1.4430,    -0.4028       
# span 5 =  27.116023,  28.274959       
# span 6 =     4.9437,     8.6971       
# span 7 =     5.0963,     9.0046       
# span 8 =     0.0663,    22.8598       
# span 9 =    76.9731,    97.1860       
# span 10 = 1.0000e-12, 8.5182e+00      
# span 11 =  -73.79312,  -73.79312      
# span 12 = -113.89270, -113.89264      
# span 13 =  44.423415,  44.429061      
# span 14 =       3.51,     100.13      
# span 15 = 7.4041e+01, 9.9891e+01      
# span 16 =    231.086,    718.837      
# span 17 =       5547,      17253      
# span 18 =  1027.1630,  1029.1888      
# span 19 =  1027.1617,  1029.1867      
# span 20 =     3.6520,     4.6104      
# span 21 =     0.0776,     3.5991      
# span 22 =     0.1195,     0.2630      
# span 23 =    33.7638,    34.2281      
# span 24 =    33.7622,    34.2257      
# span 25 =    8.13953,    8.38398      
# span 26 =         22,         60      
# span 27 = 0.0000e+00, 0.0000e+00      
# interval = decibars: 1                
# start_time = Feb 13 2022 10:05:52 [NMEA time, header]
# bad_flag = -9.990e-29
*END*
[from data line 259]
    262.000    259.128    -1.2976  27.359866    -1.2940  27.362623     6.0544     6.2272     0.3110    96.3192 1.0000e-12  -73.79312 -113.89264  44.427168      97.48 9.2928e+01    555.278      13328  1028.6555  1028.6551     4.5693     0.1354     0.1334    34.0531    34.0528    8.34504         24 0.0000e+00
    263.000    260.118    -1.3141  27.347558    -1.3127  27.347731     6.0987     6.2723     0.2108    95.9490 1.0000e-12  -73.79312 -113.89264  44.427179      96.41 9.3666e+01    556.287      13352  1028.6621  1028.6609     4.5517     0.1252     0.1406    34.0543    34.0529    8.34865         24 0.0000e+00
    264.000    261.107    -1.3357  27.329821    -1.3337  27.330880     6.1064     6.2855     0.3510    95.8308 1.0000e-12  -73.79312 -113.89264  44.427190      95.57 9.3352e+01    557.232      13375  1028.6677  1028.6669     4.5461     0.1490     0.1322    34.0538    34.0530    8.35350         22 0.0000e+00
    265.000    262.094    -1.3453  27.323139    -1.3439  27.323046     6.0786     6.2581     0.2436    96.2218 1.0000e-12  -73.79312 -113.89264  44.427201      94.46 9.2821e+01    558.179      13397  1028.6736  1028.6722     4.5646     0.1669     0.1335    34.0550    34.0532    8.35559         24 0.0000e+00
    266.000    263.083    -1.3408  27.328536    -1.3355  27.331820     6.0620     6.2436     0.2891    96.1757 1.0000e-12  -73.79312 -113.89264  44.427213      93.73 9.3429e+01    559.202      13422  1028.6791  1028.6776     4.5625     0.1869     0.1310    34.0567    34.0551    8.35448         25 0.0000e+00
    267.000    264.071    -1.3102  27.356862    -1.3054  27.359224     6.0741     6.2660     0.2932    96.4978 1.0000e-12  -73.79312 -113.89264  44.427225      92.53 9.3433e+01    560.247      13447  1028.6843  1028.6823     4.5777     0.1003     0.1281    34.0601    34.0579    8.34743         25 0.0000e+00
    268.000    265.060    -1.3113  27.357118    -1.3098  27.357561     6.0991     6.2868     0.3806    96.4747 1.0000e-12  -73.79312 -113.89264  44.427237      91.47 9.3433e+01    561.244      13471  1028.6899  1028.6889     4.5766     0.1343     0.1273    34.0611    34.0600    8.34761         23 0.0000e+00
    269.000    266.047    -1.3339  27.342390    -1.3332  27.342204     6.1134     6.2985     0.4601    96.3492 1.0000e-12  -73.79312 -113.89264  44.427248      90.21 9.3876e+01    562.191      13494  1028.7000  1028.6992     4.5701     0.1005     0.1255    34.0660    34.0650    8.35239         22 0.0000e+00
    270.000    267.037    -1.3390  27.339647    -1.3375  27.339704     6.1192     6.3032     0.4700    95.3941 1.0000e-12  -73.79312 -113.89264  44.427259      89.25 9.2556e+01    563.142      13516  1028.7060  1028.7047     4.5259     0.1616     0.1304    34.0673    34.0658    8.35343         24 0.0000e+00
    271.000    268.025    -1.3395  27.339713    -1.3387  27.339299     6.1259     6.3098     0.3734    96.5305 1.0000e-12  -73.79312 -113.89264  44.427271      88.33 9.3095e+01    564.186      13541  1028.7107  1028.7095     4.5793     0.1317     0.1268    34.0674    34.0659    8.35355         27 0.0000e+00
    272.000    269.013    -1.3421  27.338991    -1.3409  27.338777     6.1303     6.3208     0.2027    96.4633 1.0000e-12  -73.79312 -113.89264  44.427284      87.09 9.4591e+01    565.377      13570  1028.7166  1028.7152     4.5761     0.0960     0.1228    34.0688    34.0671    8.35405         29 0.0000e+00
    273.000    270.000    -1.3402  27.343896    -1.3388  27.343946     6.1300     6.3213     0.2361    96.4632 1.0000e-12  -73.79312 -113.89264  44.427297      86.11 9.4554e+01    566.451      13596  1028.7243  1028.7230     4.5761     0.1137     0.1295    34.0727    34.0712    8.35339         22 0.0000e+00
    274.000    270.989    -1.3398  27.345198    -1.3384  27.345111     6.1334     6.3249     0.2623    96.6793 1.0000e-12  -73.79312 -113.89264  44.427307      85.42 9.3764e+01    567.342      13617  1028.7296  1028.7281     4.5863     0.1214     0.1320    34.0735    34.0718    8.35327         22 0.0000e+00
    275.000    271.978    -1.3403  27.345769    -1.3388  27.346074     6.1332     6.3232     0.1186    96.6385 1.0000e-12  -73.79312 -113.89264  44.427318      84.51 9.3740e+01    568.282      13640  1028.7349  1028.7337     4.5844     0.0883     0.1233    34.0742    34.0728    8.35333         23 0.0000e+00
    276.000    272.967    -1.3436  27.342765    -1.3422  27.342710     6.1264     6.3258     0.4843    96.7236 1.0000e-12  -73.79312 -113.89264  44.427330      83.13 9.4001e+01    569.307      13664  1028.7389  1028.7375     4.5885     0.1125     0.1214    34.0731    34.0715    8.35412         25 0.0000e+00
    277.000    273.954    -1.3429  27.344102    -1.3417  27.343832     6.1249     6.3261     0.1899    96.4791 1.0000e-12  -73.79312 -113.89264  44.427342      82.04 9.4392e+01    570.324      13689  1028.7440  1028.7425     4.5768     0.0881     0.1229    34.0737    34.0719    8.35395         24 0.0000e+00
    278.000    274.944    -1.3422  27.345300    -1.3408  27.345308     6.1303     6.3204     0.2118    96.5913 1.0000e-12  -73.79312 -113.89264  44.427353      81.05 9.5044e+01    571.294      13712  1028.7488  1028.7474     4.5821     0.0821     0.1221    34.0739    34.0723    8.35378         23 0.0000e+00
    279.000    275.931    -1.3415  27.346521    -1.3405  27.346024     6.1005     6.3036     0.2295    96.8704 1.0000e-12  -73.79312 -113.89264  44.427364      79.93 9.3819e+01    572.248      13735  1028.7536  1028.7521     4.5954     0.1210     0.1260    34.0741    34.0723    8.35360         23 0.0000e+00
    280.000    276.920    -1.3342  27.354418    -1.3363  27.350392     6.0695     6.2845     0.2050    96.8187 1.0000e-12  -73.79312 -113.89264  44.427375      78.93 9.2919e+01    573.229      13759  1028.7595  1028.7571     4.5930     0.0925     0.1253    34.0761    34.0729    8.35186         24 0.0000e+00
    281.000    277.907    -1.3113  27.377122    -1.3112  27.374840     6.0472     6.2572     0.1628    96.9130 1.0000e-12  -73.79312 -113.89264  44.427387      77.92 9.4627e+01    574.240      13783  1028.7662  1028.7637     4.5974     0.1094     0.1239    34.0805    34.0773    8.34646         24 0.0000e+00
    282.000    278.898    -1.2831  27.403034    -1.2902  27.395041     6.0362     6.2503     0.1627    96.8228 1.0000e-12  -73.79312 -113.89264  44.427398      76.92 9.6288e+01    575.220      13806  1028.7715  1028.7696     4.5931     0.1118     0.1299    34.0834    34.0805    8.33999         23 0.0000e+00
    283.000    279.885    -1.2916  27.396136    -1.2863  27.399685     6.0251     6.2320     0.2046    96.8842 1.0000e-12  -73.79312 -113.89264  44.427409      76.03 9.4817e+01    576.164      13829  1028.7767  1028.7754     4.5960     0.0947     0.1265    34.0830    34.0818    8.34192         23 0.0000e+00
    284.000    280.874    -1.2701  27.417135    -1.2606  27.423312     5.9827     6.1699     0.1329    96.7377 1.0000e-12  -73.79312 -113.89264  44.427421      74.79 9.3448e+01    577.135      13852  1028.7831  1028.7806     4.5891     0.1231     0.1207    34.0867    34.0844    8.33690         24 0.0000e+00
    285.000    281.860    -1.2559  27.431009    -1.2566  27.427619     5.9766     6.1601     0.1179    96.7870 1.0000e-12  -73.79312 -113.89264  44.427432      73.83 9.3723e+01    578.135      13876  1028.7889  1028.7859     4.5912     0.1096     0.1217    34.0889    34.0851    8.33359         24 0.0000e+00
    286.000    282.850    -1.2244  27.458779    -1.2172  27.462564     6.0293     6.2210     0.0891    96.2773 1.0000e-12  -73.79312 -113.89264  44.427443      72.81 9.5256e+01    579.115      13900  1028.7930  1028.7901     4.5676     0.1664     0.1281    34.0906    34.0876    8.32648         23 0.0000e+00
    287.000    283.838    -1.2355  27.447646    -1.2361  27.447847     6.0824     6.2708     0.1312    96.9700 1.0000e-12  -73.79312 -113.89264  44.427455      71.76 9.5963e+01    580.084      13923  1028.7963  1028.7971     4.6001     0.0858     0.1231    34.0873    34.0883    8.32915         23 0.0000e+00
    288.000    284.825    -1.3077  27.390101    -1.3046  27.391505     6.1031     6.2868     0.1569    97.0702 1.0000e-12  -73.79312 -113.89264  44.427466      70.74 9.5265e+01    581.053      13946  1028.8083  1028.8068     4.6048     0.0850     0.1228    34.0900    34.0883    8.34511         23 0.0000e+00
    289.000    285.814    -1.3070  27.391012    -1.3047  27.391297     6.1015     6.2869     0.1267    97.0690 1.0000e-12  -73.79312 -113.89264  44.427477      69.67 9.2923e+01    582.021      13969  1028.8128  1028.8109     4.6049     0.0846     0.1226    34.0898    34.0876    8.34496         23 0.0000e+00
    290.000    286.803    -1.3042  27.393438    -1.3017  27.394233     6.0985     6.2858     0.1084    97.0463 1.0000e-12  -73.79312 -113.89264  44.427488      68.79 9.4087e+01    582.973      13992  1028.8170  1028.8154     4.6038     0.1023     0.1205    34.0893    34.0876    8.34437         24 0.0000e+00
    291.000    287.791    -1.2970  27.400070    -1.2957  27.399681     6.0735     6.2798     0.1230    97.0493 1.0000e-12  -73.79312 -113.89264  44.427500      67.69 9.5905e+01    583.965      14016  1028.8214  1028.8198     4.6039     0.0848     0.1233    34.0896    34.0876    8.34273         24 0.0000e+00
    292.000    288.780    -1.2971  27.400805    -1.2929  27.402907     6.0720     6.2640     0.1132    96.9843 1.0000e-12  -73.79312 -113.89264  44.427512      66.67 9.6470e+01    585.009      14041  1028.8266  1028.8248     4.6008     0.0829     0.1239    34.0901    34.0882    8.34273         25 0.0000e+00
    293.000    289.766    -1.2888  27.408171    -1.2886  27.407036     6.0865     6.2846     0.1023    96.9466 1.0000e-12  -73.79312 -113.89264  44.427524      65.48 9.5243e+01    586.043      14066  1028.8309  1028.8294     4.5991     0.0817     0.1233    34.0902    34.0883    8.34088         24 0.0000e+00
    294.000    290.756    -1.2795  27.416732    -1.2800  27.414904     6.0806     6.2791     0.1022    96.8627 1.0000e-12  -73.79312 -113.89264  44.427535      64.53 9.4580e+01    587.004      14089  1028.8355  1028.8339     4.5951     0.0795     0.1203    34.0907    34.0887    8.33877         23 0.0000e+00
    295.000    291.746    -1.2913  27.406940    -1.2910  27.405954     6.0781     6.2690     0.0879    96.7996 1.0000e-12  -73.79312 -113.89264  44.427545      63.48 9.4794e+01    587.930      14111  1028.8406  1028.8392     4.5920     0.0791     0.1212    34.0900    34.0883    8.34143         22 0.0000e+00
    296.000    292.733    -1.2971  27.403967    -1.2949  27.404036     6.0620     6.2724     0.1331    96.9793 1.0000e-12  -73.79312 -113.89264  44.427557      62.46 9.5250e+01    588.934      14135  1028.8473  1028.8452     4.6006     0.1114     0.1254    34.0920    34.0895    8.34262         27 0.0000e+00
    297.000    293.719    -1.2740  27.424575    -1.2660  27.429863     6.0630     6.2649     0.1131    97.0961 1.0000e-12  -73.79312 -113.89264  44.427571      61.52 9.5802e+01    590.121      14164  1028.8515  1028.8495     4.6061     0.1108     0.1266    34.0933    34.0914    8.33738         29 0.0000e+00
    298.000    294.709    -1.2892  27.411683    -1.2941  27.406269     6.0467     6.2354     0.0872    97.0527 1.0000e-12  -73.79312 -113.89264  44.427585      60.41 9.4476e+01    591.338      14193  1028.8566  1028.8555     4.6040     0.1109     0.1240    34.0923    34.0905    8.34083         28 0.0000e+00
    299.000    295.698    -1.2724  27.426985    -1.2696  27.427515     6.0329     6.2218     0.0867    97.0551 1.0000e-12  -73.79312 -113.89264  44.427598      59.38 9.4382e+01    592.436      14219  1028.8612  1028.8591     4.6040     0.1324     0.1217    34.0935    34.0911    8.33700         26 0.0000e+00
    300.000    296.685    -1.2543  27.442316    -1.2532  27.441807     6.0337     6.2258     0.0709    96.6110 1.0000e-12  -73.79312 -113.89264  44.427611      58.38 9.6081e+01    593.566      14247  1028.8647  1028.8631     4.5833     0.0811     0.1203    34.0934    34.0914    8.33298         27 0.0000e+00
    301.000    297.674    -1.2624  27.435907    -1.2604  27.436471     6.0337     6.2305     0.0742    97.1386 1.0000e-12  -73.79312 -113.89264  44.427623      57.30 9.5884e+01    594.590      14271  1028.8699  1028.8687     4.6081     0.0830     0.1229    34.0931    34.0917    8.33479         23 0.0000e+00
    302.000    298.661    -1.2639  27.434913    -1.2679  27.430431     6.0368     6.2350     0.0871    97.0679 1.0000e-12  -73.79312 -113.89265  44.427634      56.20 9.4433e+01    595.575      14295  1028.8747  1028.8738     4.6048     0.0799     0.1232    34.0929    34.0914    8.33514         25 0.0000e+00
    303.000    299.651    -1.2615  27.437385    -1.2623  27.434963     6.0465     6.2411     0.1011    97.1310 1.0000e-12  -73.79312 -113.89265  44.427646      55.31 9.5263e+01    596.572      14319  1028.8794  1028.8776     4.6078     0.1009     0.1214    34.0930    34.0906    8.33461         23 0.0000e+00
    304.000    300.637    -1.2686  27.431654    -1.2661  27.432317     6.0573     6.2381     0.1550    97.0072 1.0000e-12  -73.79312 -113.89265  44.427657      54.33 9.7365e+01    597.553      14342  1028.8844  1028.8827     4.6019     0.0811     0.1239    34.0925    34.0906    8.33621         23 0.0000e+00
    305.000    301.627    -1.2737  27.427519    -1.2716  27.428022     6.0621     6.2460     0.1167    96.9559 1.0000e-12  -73.79312 -113.89266  44.427668      53.36 9.6266e+01    598.503      14365  1028.8892  1028.8877     4.5995     0.0924     0.1232    34.0921    34.0904    8.33738         23 0.0000e+00
    306.000    302.613    -1.2782  27.424051    -1.2755  27.425126     6.0555     6.2461     0.1226    97.1099 1.0000e-12  -73.79312 -113.89265  44.427679      52.22 9.5772e+01    599.476      14388  1028.8941  1028.8927     4.6068     0.0881     0.1214    34.0918    34.0903    8.33841         25 0.0000e+00
    307.000    303.606    -1.2750  27.427541    -1.2756  27.425526     6.0472     6.2451     0.1626    97.0276 1.0000e-12  -73.79312 -113.89265  44.427691      51.18 9.5492e+01    600.511      14413  1028.8991  1028.8975     4.6028     0.0834     0.1232    34.0923    34.0903    8.33766         24 0.0000e+00
    308.000    304.590    -1.2779  27.425510    -1.2782  27.423711     6.0577     6.2660     0.1745    97.0709 1.0000e-12  -73.79312 -113.89264  44.427703      50.27 9.5188e+01    601.548      14438  1028.9040  1028.9022     4.6049     0.0814     0.1234    34.0922    34.0900    8.33831         24 0.0000e+00
    309.000    305.580    -1.2761  27.427487    -1.2753  27.426787     6.0364     6.2404     0.1774    96.9865 1.0000e-12  -73.79312 -113.89266  44.427714      49.07 9.6451e+01    602.523      14462  1028.9087  1028.9071     4.6009     0.0813     0.1195    34.0923    34.0904    8.33791         23 0.0000e+00
    310.000    306.567    -1.2777  27.425916    -1.2788  27.423887     6.0184     6.2007     0.0879    97.0925 1.0000e-12  -73.79312 -113.89264  44.427725      48.07 9.7954e+01    603.458      14484  1028.9128  1028.9116     4.6059     0.0964     0.1243    34.0914    34.0898    8.33833         23 0.0000e+00
    311.000    307.555    -1.2634  27.441604    -1.2512  27.450064     5.9887     6.1702     0.2014    97.1224 1.0000e-12  -73.79312 -113.89266  44.427737      47.02 9.5933e+01    604.442      14508  1028.9202  1028.9175     4.6073     0.0833     0.1222    34.0959    34.0937    8.33485         25 0.0000e+00
    312.000    308.544    -1.2223  27.479157    -1.2047  27.493732     5.9580     6.1309     0.1592    97.0786 1.0000e-12  -73.79312 -113.89265  44.427750      45.94 9.6202e+01    605.558      14534  1028.9255  1028.9243     4.6053     0.1020     0.1232    34.1000    34.1000    8.32545         28 0.0000e+00
