ocean_section_plots/required_files/ctd/dnbp2202_ctd210.cnv
* Sea-Bird SBE 9 Data File:
* FileName = D:\Data\raw\NBP2202_CTD210.hex
* Software Version Seasave V 7.26.7.121
* Temperature SN = 1649
* Conductivity SN = 2513
* Number of Bytes Per Scan = 40
* Number of Voltage Words = 5
* Number of Scans Averaged by the Deck Unit = 1
* NMEA Latitude = 74 08.28 S
* NMEA Longitude = 113 23.26 W
* NMEA UTC (Time) = Feb 10 2022  09:30:28
* NMEA baud rate = 9600
** Ship: RVIB N.B. Palmer
** Cruise: NBP2202 Thwaites
** Station: Tow-Yo #3
** Operator: B. Bjork
# nquan = 28
# nvalues = 425                         
# units = specified
# name 0 = prDM: Pressure, Digiquartz [db]
# name 1 = depSM: Depth [salt water, m]
# name 2 = t090C: Temperature [ITS-90, deg C]
# name 3 = c0mS/cm: Conductivity [mS/cm]
# name 4 = t190C: Temperature, 2 [ITS-90, deg C]
# name 5 = c1mS/cm: Conductivity, 2 [mS/cm]
# name 6 = sbeox0ML/L: Oxygen, SBE 43 [ml/l]
# name 7 = sbeox1ML/L: Oxygen, SBE 43, 2 [ml/l]
# name 8 = flECO-AFL: Fluorescence, WET Labs ECO-AFL/FL [mg/m^3]
# name 9 = CStarTr0: Beam Transmission, WET Labs C-Star [%]
# name 10 = par: PAR/Irradiance, Biospherical/Licor
# name 11 = latitude: Latitude [deg]
# name 12 = longitude: Longitude [deg]
# name 13 = timeJ: Julian Days
# name 14 = altM: Altimeter [m]
# name 15 = spar: SPAR, Biospherical/Licor
# name 16 = timeS: Time, Elapsed [seconds]
# name 17 = scan: Scan Count
# name 18 = density00: Density [density, kg/m^3]
# name 19 = density11: Density, 2 [density, kg/m^3]
# name 20 = v3: Voltage 3
# name 21 = v4: Voltage 4
# name 22 = v5: Voltage 5
# name 23 = sal00: Salinity, Practical [PSU]
# name 24 = sal11: Salinity, Practical, 2 [PSU]
# name 25 = oxsolML/L: Oxygen Saturation, Garcia & Gordon [ml/l]
# name 26 = nbin: number of scans per bin
# name 27 = flag: flag
# span 0 =     10.000,    434.000       
# span 1 =      9.895,    429.048       
# span 2 =    -1.4641,    -0.2020       
# span 3 =  27.018373,  28.518255       
# span 4 =    -1.4634,    -0.1988       
# span 5 =  27.018672,  28.519120       
# span 6 =     4.8032,     8.5935       
# span 7 =     4.9465,     8.8624       
# span 8 =    -0.0211,    22.0551       
# span 9 =    76.9139,    97.9339       
# span 10 = 1.0000e-12, 2.8296e-01      
# span 11 =  -74.13917,  -74.13818      
# span 12 = -113.38721, -113.37956      
# span 13 =  41.396538,  41.402570      
# span 14 =       9.22,     100.67      
# span 15 = 2.2914e+01, 3.0324e+01      
# span 16 =     32.853,    554.065      
# span 17 =        789,      13299      
# span 18 =  1027.1932,  1029.5951      
# span 19 =  1027.1923,  1029.5929      
# span 20 =     3.6492,     4.6458      
# span 21 =     0.0639,     3.0378      
# span 22 =     0.1245,     0.2506      
# span 23 =    33.7501,    34.2765      
# span 24 =    33.7485,    34.2741      
# span 25 =    8.09351,    8.39249      
# span 26 =         17,         47      
# span 27 = 0.0000e+00, 0.0000e+00      
# interval = decibars: 1                
# start_time = Feb 10 2022 09:30:28 [NMEA time, header]
# bad_flag = -9.990e-29
*END*
[from data line 52]
     62.000     61.350    -1.0486  27.293506    -1.0430  27.297935     7.9501     8.2426    14.8693    81.1617 1.0000e-12  -74.13838 -113.38561  41.397731      99.57 2.4680e+01    135.991       3265  1027.4826  1027.4820     3.8506     2.0733     0.2191    33.8046    33.8043    8.30429         32 0.0000e+00
     63.000     62.339    -1.0955  27.252789    -1.0948  27.253780     7.7900     8.1060    11.3133    80.5372 1.0000e-12  -74.13838 -113.38558  41.397747      99.39 2.5012e+01    137.319       3297  1027.4880  1027.4884     3.8209     1.9637     0.2005    33.8013    33.8018    8.31490         32 0.0000e+00
     64.000     63.328    -1.1356  27.219167    -1.1327  27.221535     7.6884     8.0054    13.0530    80.0761 1.0000e-12  -74.13838 -113.38556  41.397762      99.45 2.5339e+01    138.636       3328  1027.4941  1027.4939     3.7991     2.1227     0.1988    33.7998    33.7998    8.32388         32 0.0000e+00
     65.000     64.317    -1.1645  27.195684    -1.1599  27.199100     7.6576     7.9645    14.6091    81.0496 1.0000e-12  -74.13838 -113.38555  41.397777      99.61 2.3783e+01    139.947       3360  1027.5004  1027.4997     3.8451     2.1797     0.2018    33.7997    33.7991    8.33033         31 0.0000e+00
     66.000     65.307    -1.1760  27.187025    -1.1745  27.187528     7.6859     7.9852    13.6716    80.9344 1.0000e-12  -74.13838 -113.38554  41.397792      99.34 2.5027e+01    141.256       3391  1027.5060  1027.5052     3.8397     1.7784     0.1914    33.8001    33.7992    8.33285         31 0.0000e+00
     67.000     66.296    -1.1791  27.185380    -1.1771  27.185956     7.7570     8.0267    13.3475    80.8829 1.0000e-12  -74.13840 -113.38550  41.397807      99.50 2.5612e+01    142.508       3421  1027.5112  1027.5100     3.8374     2.0811     0.1913    33.8008    33.7993    8.33350         27 0.0000e+00
     68.000     67.285    -1.1617  27.201411    -1.1602  27.201236     7.7603     8.0325    12.0151    80.6561 1.0000e-12  -74.13840 -113.38549  41.397821      99.38 2.3905e+01    143.737       3451  1027.5161  1027.5144     3.8266     1.9603     0.2053    33.8025    33.8005    8.32953         30 0.0000e+00
     69.000     68.275    -1.1601  27.202839    -1.1575  27.204308     7.7198     7.9922    12.1417    81.2739 1.0000e-12  -74.13840 -113.38548  41.397835      99.35 2.4841e+01    144.959       3480  1027.5203  1027.5194     3.8558     1.8727     0.2012    33.8020    33.8011    8.32921         30 0.0000e+00
     70.000     69.264    -1.1715  27.194803    -1.1703  27.194634     7.6639     7.9469    11.8889    81.1041 1.0000e-12  -74.13840 -113.38545  41.397849      99.39 2.6626e+01    146.184       3509  1027.5267  1027.5254     3.8478     1.8517     0.2058    33.8033    33.8017    8.33167         28 0.0000e+00
     71.000     70.253    -1.1730  27.193899    -1.1720  27.193879     7.6075     7.8947    13.5432    81.3277 1.0000e-12  -74.13840 -113.38544  41.397863      98.97 2.4721e+01    147.368       3538  1027.5313  1027.5304     3.8584     1.7367     0.1965    33.8031    33.8019    8.33202         28 0.0000e+00
     72.000     71.243    -1.1890  27.180702    -1.1876  27.181338     7.6131     7.8975    12.6587    81.5119 1.0000e-12  -74.13840 -113.38541  41.397876      96.66 2.5249e+01    148.527       3566  1027.5365  1027.5359     3.8672     1.7884     0.1946    33.8025    33.8017    8.33562         28 0.0000e+00
     73.000     72.232    -1.1868  27.184203    -1.1860  27.183500     7.6761     7.9469    12.3435    81.6376 1.0000e-12  -74.13840 -113.38539  41.397890      99.37 2.6386e+01    149.694       3594  1027.5423  1027.5409     3.8729     1.6557     0.1796    33.8041    33.8023    8.33502         28 0.0000e+00
     74.000     73.221    -1.1792  27.191766    -1.1780  27.191573     7.7685     8.0053    13.7459    80.6597 1.0000e-12  -74.13841 -113.38538  41.397903      99.35 2.4364e+01    150.855       3622  1027.5474  1027.5461     3.8269     1.6763     0.1944    33.8053    33.8036    8.33326         28 0.0000e+00
     75.000     74.210    -1.1477  27.220125    -1.1468  27.219234     7.7991     8.0373    10.6196    80.3763 1.0000e-12  -74.13842 -113.38537  41.397917      99.38 2.5115e+01    152.013       3649  1027.5524  1027.5506     3.8132     1.6652     0.1976    33.8080    33.8057    8.32610         28 0.0000e+00
     76.000     75.199    -1.1410  27.226159    -1.1395  27.226254     7.7852     8.0373     9.7059    81.2919 1.0000e-12  -74.13842 -113.38536  41.397930      99.47 2.6673e+01    153.171       3677  1027.5568  1027.5555     3.8567     1.9364     0.2062    33.8080    33.8065    8.32459         28 0.0000e+00
     77.000     76.190    -1.1445  27.223951    -1.1431  27.224022     7.7683     8.0146    10.8849    82.1007 1.0000e-12  -74.13842 -113.38534  41.397944      99.40 2.4556e+01    154.330       3705  1027.5622  1027.5609     3.8951     1.5429     0.1959    33.8084    33.8068    8.32537         27 0.0000e+00
     78.000     77.178    -1.1515  27.218922    -1.1500  27.219074     7.7457     7.9999    11.2672    82.4741 1.0000e-12  -74.13842 -113.38531  41.397957      99.38 2.4554e+01    155.488       3733  1027.5678  1027.5665     3.9128     1.5913     0.1967    33.8087    33.8072    8.32689         28 0.0000e+00
     79.000     78.166    -1.1543  27.217206    -1.1530  27.217186     7.7248     7.9842    12.1455    81.6749 1.0000e-12  -74.13842 -113.38529  41.397971      99.35 2.6891e+01    156.650       3761  1027.5730  1027.5717     3.8749     1.7089     0.1996    33.8090    33.8074    8.32751         28 0.0000e+00
     80.000     79.159    -1.1588  27.214167    -1.1575  27.214120     7.7052     7.9757    12.4414    81.1722 1.0000e-12  -74.13842 -113.38528  41.397984      99.44 2.4431e+01    157.811       3788  1027.5783  1027.5770     3.8510     1.7315     0.1830    33.8092    33.8077    8.32849         28 0.0000e+00
     81.000     80.146    -1.1617  27.212714    -1.1606  27.212508     7.6917     7.9585    14.8536    80.9190 1.0000e-12  -74.13842 -113.38527  41.397997      99.36 2.4804e+01    158.974       3816  1027.5838  1027.5826     3.8389     1.6656     0.1763    33.8099    33.8084    8.32910         28 0.0000e+00
     82.000     81.134    -1.1632  27.212605    -1.1618  27.212610     7.6382     7.9125    15.4135    81.1725 1.0000e-12  -74.13842 -113.38524  41.398011      99.48 2.6794e+01    160.158       3845  1027.5894  1027.5881     3.8512     2.0982     0.1767    33.8108    33.8092    8.32937         29 0.0000e+00
     83.000     82.125    -1.1708  27.206730    -1.1695  27.206883     7.5440     7.8205    13.0937    82.2500 1.0000e-12  -74.13842 -113.38522  41.398025      99.42 2.4596e+01    161.355       3874  1027.5946  1027.5935     3.9021     1.7965     0.1742    33.8107    33.8094    8.33107         29 0.0000e+00
     84.000     83.114    -1.1887  27.192741    -1.1870  27.193087     7.4074     7.6917    11.0341    81.4706 1.0000e-12  -74.13842 -113.38521  41.398039      99.48 2.5613e+01    162.550       3902  1027.6008  1027.5996     3.8651     1.8837     0.1853    33.8112    33.8097    8.33504         28 0.0000e+00
     85.000     84.102    -1.2119  27.173707    -1.2104  27.174261     7.2417     7.5385    12.7178    81.5004 1.0000e-12  -74.13843 -113.38519  41.398053      99.38 2.7303e+01    163.756       3931  1027.6066  1027.6057     3.8666     1.8809     0.1948    33.8106    33.8097    8.34024         29 0.0000e+00
     86.000     85.092    -1.2388  27.152281    -1.2379  27.152199     7.0932     7.3919    13.2812    80.5728 1.0000e-12  -74.13844 -113.38517  41.398067      99.65 2.5752e+01    164.968       3960  1027.6132  1027.6122     3.8226     2.2958     0.2026    33.8110    33.8099    8.34623         30 0.0000e+00
     87.000     86.082    -1.2704  27.128565    -1.2705  27.127709     6.9658     7.2684    11.7881    81.1979 1.0000e-12  -74.13844 -113.38514  41.398081      99.35 2.5237e+01    166.184       3989  1027.6217  1027.6209     3.8522     1.9080     0.2074    33.8136    33.8125    8.35313         29 0.0000e+00
     88.000     87.071    -1.2853  27.117063    -1.2835  27.118270     6.8550     7.1594    11.7190    81.5399 1.0000e-12  -74.13844 -113.38512  41.398095      99.54 2.5798e+01    167.441       4020  1027.6274  1027.6270     3.8684     2.1966     0.2410    33.8140    33.8136    8.35644         30 0.0000e+00
     89.000     88.059    -1.3171  27.094686    -1.3150  27.095463     6.8072     7.0871    13.5868    81.0961 1.0000e-12  -74.13844 -113.38511  41.398110      99.41 2.5557e+01    168.710       4050  1027.6375  1027.6363     3.8475     1.5236     0.1809    33.8186    33.8172    8.36329         30 0.0000e+00
     90.000     89.049    -1.3291  27.087102    -1.3274  27.087526     6.7567     7.0278    15.8218    81.6398 1.0000e-12  -74.13844 -113.38509  41.398125      99.39 2.4726e+01    169.975       4080  1027.6446  1027.6435     3.8733     1.6392     0.1876    33.8212    33.8198    8.36584         31 0.0000e+00
     91.000     90.039    -1.3353  27.083882    -1.3340  27.083910     6.6242     6.8979    14.6724    82.9219 1.0000e-12  -74.13844 -113.38506  41.398139      99.41 2.6334e+01    171.236       4111  1027.6510  1027.6497     3.9339     1.5502     0.1860    33.8231    33.8217    8.36711         30 0.0000e+00
     92.000     91.028    -1.3510  27.077804    -1.3493  27.078516     6.5096     6.7809    12.4278    83.1492 1.0000e-12  -74.13846 -113.38503  41.398154      99.43 2.5141e+01    172.494       4141  1027.6634  1027.6626     3.9448     1.5007     0.1948    33.8318    33.8309    8.37010         31 0.0000e+00
     93.000     92.017    -1.3696  27.067023    -1.3682  27.067336     6.4001     6.6665    11.6104    85.1703 1.0000e-12  -74.13846 -113.38502  41.398168      99.47 2.4984e+01    173.749       4171  1027.6735  1027.6725     4.0406     1.4159     0.1936    33.8375    33.8364    8.37395         29 0.0000e+00
     94.000     93.006    -1.3844  27.055461    -1.3832  27.056026     6.2469     6.5252     9.0155    85.5729 1.0000e-12  -74.13846 -113.38501  41.398183      99.35 2.5476e+01    174.999       4201  1027.6790  1027.6785     4.0597     1.7094     0.1926    33.8377    33.8372    8.37726         31 0.0000e+00
     95.000     93.996    -1.4095  27.037857    -1.4086  27.039018     6.1300     6.4051     8.7541    86.3177 1.0000e-12  -74.13846 -113.38498  41.398197      99.44 2.4805e+01    176.257       4231  1027.6878  1027.6883     4.0950     1.4590     0.1914    33.8413    33.8419    8.38270         30 0.0000e+00
     96.000     94.984    -1.4401  27.018373    -1.4387  27.018672     6.0947     6.3513     7.1021    86.1428 1.0000e-12  -74.13846 -113.38495  41.398212      99.59 2.4563e+01    177.517       4261  1027.6999  1027.6988     4.0873     1.1439     0.1796    33.8485    33.8473    8.38916         30 0.0000e+00
     97.000     95.973    -1.4228  27.042317    -1.4205  27.042703     6.0877     6.3287     5.9247    87.8670 1.0000e-12  -74.13846 -113.38494  41.398227      99.68 2.5036e+01    178.779       4292  1027.7134  1027.7117     4.1679     0.9325     0.1755    33.8613    33.8592    8.38450         30 0.0000e+00
     98.000     96.964    -1.4127  27.055364    -1.4115  27.055446     6.1142     6.3386     4.9072    88.4733 1.0000e-12  -74.13846 -113.38493  41.398241      99.64 2.5592e+01    180.047       4322  1027.7221  1027.7210     4.1973     1.0060     0.1547    33.8671    33.8659    8.38187         31 0.0000e+00
     99.000     97.952    -1.4154  27.055414    -1.4140  27.055643     6.1383     6.3443     4.9672    90.2019 1.0000e-12  -74.13846 -113.38490  41.398256      99.68 2.4390e+01    181.308       4352  1027.7288  1027.7278     4.2791     0.9406     0.1599    33.8697    33.8684    8.38234         30 0.0000e+00
    100.000     98.941    -1.4161  27.056716    -1.4145  27.057090     6.1110     6.3132     4.4385    91.1792 1.0000e-12  -74.13846 -113.38487  41.398271      99.71 2.5276e+01    182.574       4383  1027.7351  1027.7339     4.3254     0.8556     0.1698    33.8717    33.8704    8.38238         30 0.0000e+00
    101.000     99.931    -1.4066  27.068606    -1.4052  27.068395     6.0495     6.2550     4.8990    90.6075 1.0000e-12  -74.13847 -113.38486  41.398285      99.67 2.5077e+01    183.838       4413  1027.7431  1027.7416     4.2986     0.9700     0.1477    33.8766    33.8748    8.37994         31 0.0000e+00
    102.000    100.919    -1.4073  27.070235    -1.4060  27.070208     5.9852     6.1860     4.4538    91.5605 1.0000e-12  -74.13848 -113.38484  41.398300      99.71 2.4682e+01    185.098       4443  1027.7498  1027.7485     4.3433     0.8427     0.1588    33.8791    33.8775    8.37996         30 0.0000e+00
    103.000    101.909    -1.4022  27.076546    -1.4007  27.076605     5.9442     6.1437     4.3152    90.7612 1.0000e-12  -74.13848 -113.38482  41.398314      99.78 2.5682e+01    186.358       4474  1027.7561  1027.7547     4.3060     0.6492     0.1480    33.8813    33.8797    8.37867         30 0.0000e+00
    104.000    102.898    -1.3998  27.079698    -1.3986  27.079674     5.8977     6.0991     3.9006    91.0455 1.0000e-12  -74.13848 -113.38480  41.398329      96.38 2.5529e+01    187.600       4503  1027.7615  1027.7602     4.3193     0.8234     0.1486    33.8823    33.8809    8.37807         29 0.0000e+00
    105.000    103.887    -1.3976  27.082505    -1.3968  27.082102     5.8612     6.0529     3.6988    91.2561 1.0000e-12  -74.13848 -113.38479  41.398342      99.62 2.4551e+01    188.775       4532  1027.7667  1027.7655     4.3292     1.0643     0.1609    33.8831    33.8815    8.37754         28 0.0000e+00
    106.000    104.876    -1.4003  27.080541    -1.3986  27.081207     5.8306     6.0204     4.2398    91.8406 1.0000e-12  -74.13848 -113.38477  41.398356      99.78 2.6129e+01    189.926       4559  1027.7714  1027.7705     4.3569     0.6589     0.1597    33.8828    33.8817    8.37816         27 0.0000e+00
    107.000    105.866    -1.4237  27.060912    -1.4243  27.059878     5.8027     5.9998     4.0817    92.0825 1.0000e-12  -74.13848 -113.38475  41.398368      99.78 2.5074e+01    191.034       4586  1027.7767  1027.7762     4.3681     0.6473     0.1510    33.8817    33.8809    8.38350         26 0.0000e+00
    108.000    106.854    -1.4499  27.038616    -1.4438  27.043470     5.7616     5.9599     4.2483    91.5906 1.0000e-12  -74.13848 -113.38474  41.398381      99.75 2.4745e+01    192.115       4612  1027.7817  1027.7812     4.3453     0.7430     0.1588    33.8800    33.8799    8.38949         26 0.0000e+00
    109.000    107.843    -1.4641  27.029821    -1.4634  27.029142     5.7231     5.9165     4.4253    91.2954 1.0000e-12  -74.13848 -113.38472  41.398393      99.80 2.6366e+01    193.163       4637  1027.7899  1027.7885     4.3310     0.6011     0.1507    33.8834    33.8816    8.39249         25 0.0000e+00
    110.000    108.832    -1.4337  27.061950    -1.4328  27.060872     5.6991     5.8858     4.0369    91.2615 1.0000e-12  -74.13848 -113.38470  41.398405      99.79 2.5672e+01    194.202       4662  1027.8001  1027.7980     4.3294     0.5912     0.1335    33.8926    33.8900    8.38510         25 0.0000e+00
    111.000    109.821    -1.4345  27.062688    -1.4347  27.061844     5.6850     5.8751     3.8208    92.2261 1.0000e-12  -74.13848 -113.38470  41.398417      99.77 2.5040e+01    195.238       4687  1027.8059  1027.8052     4.3756     0.6750     0.1545    33.8938    33.8930    8.38519         25 0.0000e+00
    112.000    110.813    -1.4383  27.060651    -1.4374  27.060489     5.6769     5.8636     3.0400    93.2559 1.0000e-12  -74.13850 -113.38466  41.398429      99.81 2.6343e+01    196.269       4711  1027.8116  1027.8106     4.4236     0.5242     0.1524    33.8947    33.8935    8.38599         25 0.0000e+00
