ocean_section_plots/required_files/ctd/dnbp2202_ctd183.cnv
* Sea-Bird SBE 9 Data File:
* FileName = D:\Data\raw\NBP2202_CTD183.hex
* Software Version Seasave V 7.26.7.121
* Temperature SN = 1649
* Conductivity SN = 2513
* Number of Bytes Per Scan = 40
* Number of Voltage Words = 5
* Number of Scans Averaged by the Deck Unit = 1
* NMEA Latitude = 74 00.89 S
* NMEA Longitude = 113 28.38 W
* NMEA UTC (Time) = Feb 04 2022  13:39:16
* NMEA baud rate = 9600
** Ship: RVIB N.B. Palmer
** Cruise: NBP2202 Thwaites
** Station: 105
** Operator: B Bjork
# nquan = 28
# nvalues = 170                         
# units = specified
# name 0 = prDM: Pressure, Digiquartz [db]
# name 1 = depSM: Depth [salt water, m]
# name 2 = t090C: Temperature [ITS-90, deg C]
# name 3 = c0mS/cm: Conductivity [mS/cm]
# name 4 = t190C: Temperature, 2 [ITS-90, deg C]
# name 5 = c1mS/cm: Conductivity, 2 [mS/cm]
# name 6 = sbeox0ML/L: Oxygen, SBE 43 [ml/l]
# name 7 = sbeox1ML/L: Oxygen, SBE 43, 2 [ml/l]
# name 8 = flECO-AFL: Fluorescence, WET Labs ECO-AFL/FL [mg/m^3]
# name 9 = CStarTr0: Beam Transmission, WET Labs C-Star [%]
# name 10 = par: PAR/Irradiance, Biospherical/Licor
# name 11 = latitude: Latitude [deg]
# name 12 = longitude: Longitude [deg]
# name 13 = timeJ: Julian Days
# name 14 = altM: Altimeter [m]
# name 15 = spar: SPAR, Biospherical/Licor
# name 16 = timeS: Time, Elapsed [seconds]
# name 17 = scan: Scan Count
# name 18 = density00: Density [density, kg/m^3]
# name 19 = density11: Density, 2 [density, kg/m^3]
# name 20 = v3: Voltage 3
# name 21 = v4: Voltage 4
# name 22 = v5: Voltage 5
# name 23 = sal00: Salinity, Practical [PSU]
# name 24 = sal11: Salinity, Practical, 2 [PSU]
# name 25 = oxsolML/L: Oxygen Saturation, Garcia & Gordon [ml/l]
# name 26 = nbin: number of scans per bin
# name 27 = flag: flag
# span 0 =      3.000,    172.000       
# span 1 =      2.972,    170.145       
# span 2 =    -1.3934,    -0.9967       
# span 3 =  27.070064,  27.447394       
# span 4 =    -1.3926,    -0.9956       
# span 5 =  27.069455,  27.447037       
# span 6 =     5.3939,     8.4075       
# span 7 =     5.5098,     8.6226       
# span 8 =     0.1613,    23.3137       
# span 9 =    75.2409,    98.2070       
# span 10 = -1.117e-04, 5.3427e+01      
# span 11 =  -74.01490,  -74.01490      
# span 12 = -113.47303, -113.47299      
# span 13 =  35.572132,  35.576822      
# span 14 =       3.84,     100.08      
# span 15 = 1.4028e+03, 1.4235e+03      
# span 16 =    276.169,    681.451      
# span 17 =       6629,      16356      
# span 18 =  1027.2106,  1028.1714      
# span 19 =  1027.2108,  1028.1706      
# span 20 =     3.5702,     4.6588      
# span 21 =     0.0914,     3.4556      
# span 22 =     0.1255,     0.2487      
# span 23 =    33.8176,    34.0003      
# span 24 =    33.8174,    33.9991      
# span 25 =    8.29156,    8.37678      
# span 26 =          7,         48      
# span 27 = 0.0000e+00, 0.0000e+00      
# interval = decibars: 1                
# start_time = Feb 04 2022 13:39:16 [NMEA time, header]
# bad_flag = -9.990e-29
*END*
[from data line 156]
    159.000    157.295    -1.1148  27.419379    -1.1135  27.419272     5.4054     5.5126     0.4162    97.8616 1.0000e-12  -74.01490 -113.47300  35.575121      16.36 1.4214e+03    534.497      12829  1028.1024  1028.1009     4.6424     0.1474     0.1284    33.9911    33.9894    8.30801         37 0.0000e+00
    160.000    158.283    -1.1170  27.417014    -1.1148  27.418253     5.4051     5.5169     0.8052    97.7026 1.0000e-12  -74.01490 -113.47300  35.575142      15.33 1.4177e+03    536.274      12872  1028.1062  1028.1055     4.6350     0.1863     0.1322    33.9897    33.9889    8.30857         35 0.0000e+00
    161.000    159.273    -1.1154  27.419719    -1.1144  27.419179     5.4090     5.5166     0.2174    97.8475 1.0000e-12  -74.01490 -113.47300  35.575167      14.25 1.4173e+03    538.389      12922  1028.1120  1028.1103     4.6417     0.1246     0.1287    33.9910    33.9890    8.30814         45 0.0000e+00
    162.000    160.262    -1.1111  27.425164    -1.1101  27.424615     5.4042     5.5140     0.4955    98.0193 1.0000e-12  -74.01490 -113.47300  35.575188      13.28 1.4189e+03    540.286      12968  1028.1181  1028.1165     4.6498     0.1082     0.1293    33.9929    33.9910    8.30708         43 0.0000e+00
    163.000    161.251    -1.1101  27.426834    -1.1088  27.426729     5.4051     5.5098     0.3789    97.8980 1.0000e-12  -74.01490 -113.47300  35.575211      12.20 1.4185e+03    542.240      13015  1028.1232  1028.1219     4.6441     0.1121     0.1272    33.9934    33.9918    8.30682         43 0.0000e+00
    164.000    162.240    -1.1096  27.427831    -1.1082  27.427893     5.4024     5.5149     0.3161    97.5302 1.0000e-12  -74.01490 -113.47300  35.575236      11.17 1.4163e+03    544.392      13066  1028.1282  1028.1270     4.6268     0.1335     0.1279    33.9936    33.9921    8.30670         39 0.0000e+00
    165.000    163.227    -1.1070  27.431627    -1.1057  27.431405     5.4059     5.5175     0.2328    98.0137 1.0000e-12  -74.01490 -113.47300  35.575261      10.15 1.4174e+03    546.557      13118  1028.1341  1028.1326     4.6496     0.1861     0.1274    33.9952    33.9934    8.30602         42 0.0000e+00
    166.000    164.219    -1.1056  27.433731    -1.1043  27.433596     5.4015     5.5152     0.1819    97.7001 1.0000e-12  -74.01490 -113.47300  35.575287       9.12 1.4176e+03    548.839      13173  1028.1394  1028.1381     4.6348     0.1352     0.1290    33.9958    33.9942    8.30567         46 0.0000e+00
    167.000    165.206    -1.1050  27.434964    -1.1036  27.434989     5.4010     5.5154     0.1613    97.8697 1.0000e-12  -74.01490 -113.47300  35.575316       8.05 1.4142e+03    551.336      13233  1028.1445  1028.1432     4.6427     0.1282     0.1276    33.9962    33.9946    8.30552         41 0.0000e+00
    168.000    166.196    -1.1035  27.437278    -1.1021  27.437245     5.4045     5.5192     0.5113    98.2070 1.0000e-12  -74.01490 -113.47300  35.575347       7.02 1.4171e+03    553.995      13297  1028.1499  1028.1486     4.6588     0.0914     0.1271    33.9970    33.9955    8.30513         42 0.0000e+00
    169.000    167.187    -1.1005  27.441314    -1.0992  27.441301     5.4055     5.5192     0.5914    98.1561 1.0000e-12  -74.01490 -113.47300  35.575381       6.01 1.4174e+03    556.899      13367  1028.1558  1028.1545     4.6564     0.0995     0.1290    33.9986    33.9971    8.30439         35 0.0000e+00
    170.000    168.173    -1.0987  27.444247    -1.0974  27.443999     5.4027     5.5152     0.4561    98.0023 1.0000e-12  -74.01490 -113.47300  35.575412       5.01 1.4168e+03    559.627      13432  1028.1616  1028.1601     4.6489     0.1160     0.1298    33.9999    33.9981    8.30390         28 0.0000e+00
    171.000    169.171    -1.0984  27.445029    -1.0972  27.444629     5.4009     5.5165     0.2295    97.8196 1.0000e-12  -74.01490 -113.47300  35.575966       3.84 1.4205e+03    607.450      14580  1028.1667  1028.1650     4.6407     0.0979     0.1315    34.0001    33.9981    8.30384         27 0.0000e+00
    172.000    170.145    -1.0963  27.447394    -1.0957  27.447037     5.3939     5.5170     0.7415    97.8425 1.0000e-12  -74.01490 -113.47301  35.576822       4.20 1.4212e+03    681.451      16356  1028.1714  1028.1706     4.6416     0.1125     0.1285    34.0003    33.9991    8.30335         31 0.0000e+00
