ocean_section_plots/required_files/ctd/dnbp2202_ctd008.cnv
* Sea-Bird SBE 9 Data File:
* FileName = D:\Data\raw\NBP2202_CTD008.hex
* Software Version Seasave V 7.26.7.121
* Temperature SN = 1649
* Conductivity SN = 2513
* Number of Bytes Per Scan = 40
* Number of Voltage Words = 5
* Number of Scans Averaged by the Deck Unit = 1
* NMEA Latitude = 73 08.60 S
* NMEA Longitude = 113 56.92 W
* NMEA UTC (Time) = Jan 16 2022  19:59:29
* NMEA baud rate = 9600
** Ship: RVIB N.B. Palmer
** Cruise: NBP2202 Thwaites
** Station: #4
** Operator: A. Robinson
# nquan = 25
# nvalues = 560                         
# units = specified
# name 0 = prDM: Pressure, Digiquartz [db]
# name 1 = depSM: Depth [salt water, m]
# name 2 = t090C: Temperature [ITS-90, deg C]
# name 3 = c0mS/cm: Conductivity [mS/cm]
# name 4 = t190C: Temperature, 2 [ITS-90, deg C]
# name 5 = c1mS/cm: Conductivity, 2 [mS/cm]
# name 6 = sbeox0ML/L: Oxygen, SBE 43 [ml/l]
# name 7 = sbeox1ML/L: Oxygen, SBE 43, 2 [ml/l]
# name 8 = flECO-AFL: Fluorescence, WET Labs ECO-AFL/FL [mg/m^3]
# name 9 = CStarTr0: Beam Transmission, WET Labs C-Star [%]
# name 10 = par: PAR/Irradiance, Biospherical/Licor
# name 11 = latitude: Latitude [deg]
# name 12 = longitude: Longitude [deg]
# name 13 = timeJ: Julian Days
# name 14 = altM: Altimeter [m]
# name 15 = spar: SPAR, Biospherical/Licor
# name 16 = timeS: Time, Elapsed [seconds]
# name 17 = scan: Scan Count
# name 18 = density00: Density [density, kg/m^3]
# name 19 = density11: Density, 2 [density, kg/m^3]
# name 20 = sal00: Salinity, Practical [PSU]
# name 21 = sal11: Salinity, Practical, 2 [PSU]
# name 22 = oxsolML/L: Oxygen Saturation, Garcia & Gordon [ml/l]
# name 23 = nbin: number of scans per bin
# name 24 = flag: flag
# span 0 =      3.000,    562.000       
# span 1 =      2.972,    555.458       
# span 2 =    -1.8108,     0.5915       
# span 3 =  27.002163,  29.485007       
# span 4 =    -1.8100,     0.5935       
# span 5 =  27.001631,  29.484391       
# span 6 =     4.5510,     8.6499       
# span 7 =     4.7856,     9.1642       
# span 8 =    -0.0168,    23.4816       
# span 9 =    71.8040,    99.4936       
# span 10 = 1.0000e-12, 1.0348e+02      
# span 11 =  -73.14334,  -73.14332      
# span 12 = -113.94896, -113.94878      
# span 13 =  16.836774,  16.849285      
# span 14 =       8.58,     100.88      
# span 15 = 3.0573e+02, 6.0735e+02      
# span 16 =    328.320,   1409.205      
# span 17 =       7881,      33822      
# span 18 =  1027.2376,  1030.3909      
# span 19 =  1027.2370,  1030.3883      
# span 20 =    33.8816,    34.5851      
# span 21 =    33.8810,    34.5820      
# span 22 =    7.91110,    8.45534      
# span 23 =          2,         62      
# span 24 = 0.0000e+00, 0.0000e+00      
# interval = decibars: 1                
# start_time = Jan 16 2022 19:59:29 [NMEA time, header]
# bad_flag = -9.990e-29
*END*
[from data line 232]
    235.000    232.448    -1.6092  27.124771    -1.6085  27.124009     6.5194     6.8824     0.0537    99.0004 1.0000e-12  -73.14334 -113.94884  16.841527      99.83 3.9842e+02    738.958      17736  1028.5753  1028.5738    34.1011    34.0993    8.41228         40 0.0000e+00
    236.000    233.436    -1.5812  27.150980    -1.5801  27.149967     6.4591     6.8281     0.0532    98.9798 1.0000e-12  -73.14334 -113.94884  16.841546      99.83 3.9841e+02    740.583      17775  1028.5812  1028.5789    34.1048    34.1021    8.40573         35 0.0000e+00
    237.000    234.426    -1.5610  27.170302    -1.5584  27.170762     6.4386     6.7999     0.1129    98.9551 1.0000e-12  -73.14334 -113.94884  16.841561      94.72 3.9841e+02    741.872      17806  1028.5872  1028.5851    34.1078    34.1054    8.40098         28 0.0000e+00
    238.000    235.413    -1.5510  27.179212    -1.5507  27.178330     6.4466     6.7940     0.0379    98.8762 1.0000e-12  -73.14334 -113.94884  16.841574      88.61 3.9841e+02    742.982      17833  1028.5917  1028.5904    34.1080    34.1064    8.39870         27 0.0000e+00
    239.000    236.403    -1.5513  27.179407    -1.5509  27.178684     6.4433     6.7942     0.0504    99.0077 1.0000e-12  -73.14334 -113.94884  16.841588      98.31 3.9841e+02    744.188      17862  1028.5966  1028.5954    34.1081    34.1065    8.39877         32 0.0000e+00
    240.000    237.389    -1.5542  27.177379    -1.5555  27.175207     6.4695     6.8193     0.0540    99.0214 1.0000e-12  -73.14334 -113.94884  16.841605      99.83 3.9841e+02    745.653      17897  1028.6016  1028.6005    34.1078    34.1064    8.39942         35 0.0000e+00
    241.000    238.380    -1.5743  27.160698    -1.5738  27.160783     6.4996     6.8420     0.0420    98.8321 1.0000e-12  -73.14334 -113.94884  16.841624      99.83 3.9797e+02    747.278      17936  1028.6072  1028.6068    34.1072    34.1067    8.40401         40 0.0000e+00
    242.000    239.367    -1.6040  27.136989    -1.6036  27.136486     6.5376     6.8890     0.0437    99.0804 1.0000e-12  -73.14334 -113.94885  16.841642      99.84 3.9776e+02    748.842      17973  1028.6143  1028.6134    34.1077    34.1065    8.41070         33 0.0000e+00
    243.000    240.356    -1.6179  27.124765    -1.6182  27.124246     6.5653     6.9199     0.0439    99.0795 1.0000e-12  -73.14334 -113.94885  16.841655      99.84 3.9671e+02    750.009      18001  1028.6186  1028.6183    34.1061    34.1058    8.41396         24 0.0000e+00
    244.000    241.346    -1.6485  27.100484    -1.6484  27.100033     6.5711     6.9238     0.0457    99.1148 1.0000e-12  -73.14334 -113.94884  16.841666      99.84 3.9665e+02    750.982      18025  1028.6257  1028.6251    34.1068    34.1060    8.42085         24 0.0000e+00
    245.000    242.332    -1.6479  27.101653    -1.6475  27.100925     6.5658     6.9207     0.0507    99.0610 1.0000e-12  -73.14334 -113.94884  16.841679      99.83 3.9665e+02    752.091      18051  1028.6305  1028.6292    34.1071    34.1057    8.42070         30 0.0000e+00
    246.000    243.321    -1.6395  27.109747    -1.6375  27.109872     6.5433     6.9076     0.0423    99.0192 1.0000e-12  -73.14334 -113.94884  16.841699      99.84 3.9665e+02    753.799      18092  1028.6352  1028.6334    34.1082    34.1060    8.41874         46 0.0000e+00
    247.000    244.312    -1.6311  27.118035    -1.6309  27.116882     6.4933     6.8590     0.0612    99.1416 1.0000e-12  -73.14334 -113.94886  16.841718      79.85 3.9665e+02    755.408      18131  1028.6402  1028.6388    34.1093    34.1076    8.41675         31 0.0000e+00
    248.000    245.298    -1.6135  27.134183    -1.6130  27.133342     6.4683     6.8285     0.1006    99.1046 1.0000e-12  -73.14334 -113.94884  16.841731      98.30 3.9665e+02    756.537      18158  1028.6452  1028.6437    34.1109    34.1092    8.41266         24 0.0000e+00
    249.000    246.288    -1.5892  27.156946    -1.5885  27.155798     6.4703     6.8305     0.1065    99.0869 1.0000e-12  -73.14334 -113.94884  16.841743      99.82 3.9665e+02    757.574      18183  1028.6509  1028.6489    34.1140    34.1116    8.40698         27 0.0000e+00
    250.000    247.276    -1.5862  27.160106    -1.5857  27.159903     6.4767     6.8264     0.0457    99.0725 1.0000e-12  -73.14334 -113.94884  16.841758      99.84 3.9665e+02    758.872      18214  1028.6559  1028.6551    34.1143    34.1134    8.40628         37 0.0000e+00
    251.000    248.263    -1.5938  27.154915    -1.5930  27.154412     6.4971     6.8520     0.0381    99.1261 1.0000e-12  -73.14334 -113.94884  16.841777      99.83 3.9665e+02    760.507      18253  1028.6620  1028.6607    34.1153    34.1136    8.40795         35 0.0000e+00
    252.000    249.253    -1.6094  27.141805    -1.6087  27.142027     6.5182     6.8751     0.0417    99.1624 1.0000e-12  -73.14334 -113.94884  16.841792      99.84 3.9665e+02    761.798      18284  1028.6671  1028.6666    34.1143    34.1138    8.41154         26 0.0000e+00
    253.000    250.242    -1.6240  27.130480    -1.6234  27.130100     6.5290     6.8825     0.0365    99.0148 1.0000e-12  -73.14334 -113.94884  16.841804      99.84 3.9680e+02    762.864      18310  1028.6731  1028.6722    34.1147    34.1136    8.41482         26 0.0000e+00
    254.000    251.231    -1.6250  27.130093    -1.6237  27.130113     6.5327     6.8808     0.0684    98.9275 1.0000e-12  -73.14334 -113.94884  16.841818      99.83 3.9700e+02    764.092      18339  1028.6779  1028.6766    34.1147    34.1133    8.41505         35 0.0000e+00
    255.000    252.217    -1.6244  27.131142    -1.6234  27.130771     6.5199     6.8729     0.0406    99.0035 1.0000e-12  -73.14334 -113.94882  16.841837      99.84 3.9740e+02    765.711      18378  1028.6827  1028.6813    34.1149    34.1132    8.41491         40 0.0000e+00
    256.000    253.208    -1.6218  27.134051    -1.6214  27.133325     6.4964     6.8535     0.0561    99.1068 1.0000e-12  -73.14334 -113.94882  16.841853      99.83 3.9762e+02    767.138      18412  1028.6875  1028.6864    34.1152    34.1138    8.41429         29 0.0000e+00
    257.000    254.195    -1.6129  27.143639    -1.6130  27.141964     6.4778     6.8420     0.0386    99.1476 1.0000e-12  -73.14334 -113.94882  16.841866      82.26 3.9736e+02    768.244      18439  1028.6938  1028.6920    34.1178    34.1156    8.41213         25 0.0000e+00
    258.000    255.184    -1.5981  27.157389    -1.5975  27.156836     6.4771     6.8363     0.0949    99.0726 1.0000e-12  -73.14334 -113.94882  16.841879      95.23 3.9699e+02    769.304      18464  1028.6988  1028.6975    34.1192    34.1177    8.40868         27 0.0000e+00
    259.000    256.172    -1.5968  27.159160    -1.5960  27.158631     6.4694     6.8262     0.2052    99.0767 1.0000e-12  -73.14334 -113.94882  16.841893      99.72 3.9694e+02    770.570      18495  1028.7038  1028.7025    34.1195    34.1179    8.40837         34 0.0000e+00
    260.000    257.160    -1.5957  27.160699    -1.5949  27.160059     6.4679     6.8238     0.1039    99.0874 1.0000e-12  -73.14334 -113.94882  16.841911      99.84 3.9665e+02    772.096      18531  1028.7089  1028.7073    34.1198    34.1180    8.40811         37 0.0000e+00
    261.000    258.149    -1.5950  27.162121    -1.5945  27.161356     6.4669     6.8227     0.0334    99.0840 1.0000e-12  -73.14334 -113.94881  16.841927      99.84 3.9665e+02    773.501      18565  1028.7141  1028.7128    34.1203    34.1187    8.40791         30 0.0000e+00
    262.000    259.135    -1.5943  27.163450    -1.5936  27.162777     6.4658     6.8204     0.0360    99.0944 1.0000e-12  -73.14334 -113.94880  16.841941      99.82 3.9665e+02    774.719      18594  1028.7192  1028.7177    34.1207    34.1190    8.40772         29 0.0000e+00
    263.000    260.128    -1.5868  27.170902    -1.5849  27.170958     6.4514     6.7967     0.0381    99.0965 1.0000e-12  -73.14334 -113.94880  16.841957      99.84 3.9665e+02    776.106      18628  1028.7245  1028.7227    34.1218    34.1197    8.40597         35 0.0000e+00
    264.000    261.114    -1.5727  27.184699    -1.5711  27.184449     6.4624     6.7997     0.0945    99.1618 1.0000e-12  -73.14334 -113.94880  16.841974      99.84 3.9665e+02    777.554      18662  1028.7303  1028.7285    34.1241    34.1220    8.40263         32 0.0000e+00
    265.000    262.103    -1.5714  27.186600    -1.5704  27.186356     6.4836     6.8250     0.0568    99.1153 1.0000e-12  -73.14334 -113.94880  16.841988      99.84 3.9665e+02    778.750      18691  1028.7355  1028.7344    34.1246    34.1232    8.40231         27 0.0000e+00
    266.000    263.092    -1.5995  27.162389    -1.5991  27.162539     6.5265     6.8568     0.0420    99.0623 1.0000e-12  -73.14334 -113.94880  16.842001      99.83 3.9548e+02    779.923      18719  1028.7406  1028.7405    34.1227    34.1225    8.40879         28 0.0000e+00
    267.000    264.080    -1.6460  27.123875    -1.6457  27.124310     6.5854     6.9187     0.0382    99.1230 1.0000e-12  -73.14334 -113.94880  16.842018      94.82 3.9580e+02    781.319      18753  1028.7478  1028.7480    34.1220    34.1222    8.41938         33 0.0000e+00
    268.000    265.068    -1.7209  27.060169    -1.7233  27.059393     6.6266     6.9693     0.0426    99.1671 1.0000e-12  -73.14334 -113.94880  16.842035      96.88 3.9554e+02    782.858      18790  1028.7544  1028.7559    34.1187    34.1204    8.43659         35 0.0000e+00
    269.000    266.056    -1.7561  27.030710    -1.7564  27.029979     6.6233     6.9763     0.0425    99.1756 1.0000e-12  -73.14334 -113.94880  16.842050      99.90 3.9488e+02    784.151      18821  1028.7599  1028.7594    34.1177    34.1170    8.44469         27 0.0000e+00
    270.000    267.045    -1.7578  27.030481    -1.7575  27.029839     6.6113     6.9658     0.0232    99.2008 1.0000e-12  -73.14334 -113.94880  16.842063      99.83 3.9489e+02    785.252      18847  1028.7651  1028.7640    34.1186    34.1174    8.44501         26 0.0000e+00
    271.000    268.032    -1.7439  27.043150    -1.7432  27.042450     6.5964     6.9608     0.0284    99.1693 1.0000e-12  -73.14334 -113.94878  16.842077      99.85 3.9489e+02    786.410      18875  1028.7694  1028.7680    34.1196    34.1179    8.44178         31 0.0000e+00
    272.000    269.023    -1.7279  27.057784    -1.7262  27.057322     6.5580     6.9139     0.0242    99.1762 1.0000e-12  -73.14334 -113.94879  16.842093      99.84 3.9406e+02    787.846      18909  1028.7739  1028.7717    34.1210    34.1184    8.43805         32 0.0000e+00
    273.000    270.011    -1.7051  27.079096    -1.7042  27.078206     6.5341     6.8848     0.0334    99.1153 1.0000e-12  -73.14334 -113.94880  16.842109      99.84 3.9345e+02    789.235      18943  1028.7793  1028.7774    34.1239    34.1216    8.43270         30 0.0000e+00
    274.000    270.998    -1.6858  27.096422    -1.6842  27.096716     6.5378     6.8861     0.0696    99.1451 1.0000e-12  -73.14334 -113.94880  16.842123      99.84 3.9324e+02    790.425      18971  1028.7838  1028.7826    34.1251    34.1237    8.42822         29 0.0000e+00
    275.000    271.986    -1.7072  27.078752    -1.7077  27.078254     6.5493     6.9059     0.0986    99.2011 1.0000e-12  -73.14334 -113.94879  16.842139      99.83 3.9312e+02    791.789      19004  1028.7895  1028.7895    34.1245    34.1244    8.43313         33 0.0000e+00
    276.000    272.975    -1.7370  27.053893    -1.7379  27.052789     6.5682     6.9270     0.0224    99.1730 1.0000e-12  -73.14334 -113.94878  16.842157      99.84 3.9312e+02    793.350      19041  1028.7953  1028.7949    34.1236    34.1230    8.43998         36 0.0000e+00
    277.000    273.964    -1.7435  27.048999    -1.7429  27.048596     6.5710     6.9261     0.0140    99.1725 1.0000e-12  -73.14334 -113.94879  16.842172      75.94 3.9395e+02    794.655      19073  1028.8002  1028.7992    34.1235    34.1223    8.44145         28 0.0000e+00
    278.000    274.951    -1.7432  27.049873    -1.7425  27.049444     6.5791     6.9290     0.0161    99.2287 1.0000e-12  -73.14334 -113.94880  16.842185      88.29 3.9369e+02    795.815      19101  1028.8050  1028.8039    34.1237    34.1224    8.44136         28 0.0000e+00
    279.000    275.941    -1.7485  27.045665    -1.7483  27.045334     6.5956     6.9452     0.0213    99.1215 1.0000e-12  -73.14334 -113.94880  16.842199      99.43 3.9313e+02    797.026      19130  1028.8097  1028.8091    34.1234    34.1227    8.44260         31 0.0000e+00
    280.000    276.929    -1.7825  27.017404    -1.7828  27.017295     6.6069     6.9667     0.0255    99.2069 1.0000e-12  -73.14334 -113.94880  16.842215      99.83 3.9359e+02    798.402      19163  1028.8157  1028.8158    34.1224    34.1226    8.45041         34 0.0000e+00
    281.000    277.917    -1.8010  27.002163    -1.8007  27.001631     6.6132     6.9653     0.0233    99.1541 1.0000e-12  -73.14334 -113.94880  16.842233      99.84 3.9437e+02    799.896      19198  1028.8208  1028.8199    34.1218    34.1208    8.45467         34 0.0000e+00
    282.000    278.905    -1.8013  27.002538    -1.8007  27.002124     6.6090     6.9709     0.0328    99.1829 1.0000e-12  -73.14334 -113.94880  16.842249      99.84 3.9502e+02    801.275      19232  1028.8254  1028.8244    34.1221    34.1209    8.45472         31 0.0000e+00
    283.000    279.894    -1.8015  27.003161    -1.8010  27.002727     6.6062     6.9655     0.0205    99.2823 1.0000e-12  -73.14334 -113.94880  16.842262      99.84 3.9503e+02    802.459      19260  1028.8304  1028.8295    34.1225    34.1214    8.45474         26 0.0000e+00
    284.000    280.884    -1.8001  27.005150    -1.7996  27.004601     6.6009     6.9619     0.0461    99.2049 1.0000e-12  -73.14334 -113.94880  16.842274      99.83 3.9574e+02    803.509      19285  1028.8354  1028.8343    34.1231    34.1218    8.45440         25 0.0000e+00
    285.000    281.870    -1.7942  27.010944    -1.7934  27.010462     6.5946     6.9544     0.0955    99.1982 1.0000e-12  -73.14334 -113.94880  16.842288      99.84 3.9664e+02    804.660      19313  1028.8402  1028.8388    34.1238    34.1222    8.45301         31 0.0000e+00
    286.000    282.858    -1.7823  27.022063    -1.7812  27.021377     6.5825     6.9370     0.0283    99.2602 1.0000e-12  -73.14334 -113.94880  16.842307      99.84 3.9665e+02    806.322      19353  1028.8450  1028.8432    34.1249    34.1227    8.45022         35 0.0000e+00
    287.000    283.847    -1.7752  27.029078    -1.7747  27.028726     6.5797     6.9363     0.0246    99.2896 1.0000e-12  -73.14334 -113.94880  16.842324      99.84 3.9665e+02    807.792      19388  1028.8501  1028.8492    34.1259    34.1248    8.44854         29 0.0000e+00
    288.000    284.836    -1.7799  27.025852    -1.7791  27.025645     6.5814     6.9348     0.0122    99.1992 1.0000e-12  -73.14334 -113.94880  16.842337      96.29 3.9704e+02    808.905      19415  1028.8555  1028.8544    34.1262    34.1250    8.44960         27 0.0000e+00
    289.000    285.824    -1.7806  27.025771    -1.7800  27.025353     6.5880     6.9393     0.0294    99.2168 1.0000e-12  -73.14334 -113.94880  16.842352      99.74 3.9699e+02    810.192      19446  1028.8604  1028.8592    34.1263    34.1250    8.44976         36 0.0000e+00
    290.000    286.812    -1.7839  27.023617    -1.7831  27.023406     6.5962     6.9471     0.0206    99.2701 1.0000e-12  -73.14334 -113.94880  16.842370      99.84 3.9774e+02    811.771      19484  1028.8654  1028.8644    34.1264    34.1253    8.45049         35 0.0000e+00
    291.000    287.799    -1.7910  27.018310    -1.7908  27.017592     6.5985     6.9579     0.0147    99.3030 1.0000e-12  -73.14334 -113.94880  16.842385      99.83 3.9753e+02    813.054      19514  1028.8707  1028.8697    34.1266    34.1253    8.45211         28 0.0000e+00
