ocean_section_plots/required_files/ctd/dnbp2202_ctd065.cnv
* Sea-Bird SBE 9 Data File:
* FileName = D:\Data\raw\NBP2202_CTD065.hex
* Software Version Seasave V 7.26.7.121
* Temperature SN = 1649
* Conductivity SN = 2513
* Number of Bytes Per Scan = 40
* Number of Voltage Words = 5
* Number of Scans Averaged by the Deck Unit = 1
* NMEA Latitude = 73 59.56 S
* NMEA Longitude = 112 04.00 W
* NMEA UTC (Time) = Jan 25 2022  15:41:01
* NMEA baud rate = 9600
** Ship: RVIB N.B. Palmer
** Cruise: NBP2202 Thwaites
** Station: 46
** Operator: A. Robinson
# nquan = 25
# nvalues = 708                         
# units = specified
# name 0 = prDM: Pressure, Digiquartz [db]
# name 1 = depSM: Depth [salt water, m]
# name 2 = t090C: Temperature [ITS-90, deg C]
# name 3 = c0mS/cm: Conductivity [mS/cm]
# name 4 = t190C: Temperature, 2 [ITS-90, deg C]
# name 5 = c1mS/cm: Conductivity, 2 [mS/cm]
# name 6 = sbeox0ML/L: Oxygen, SBE 43 [ml/l]
# name 7 = sbeox1ML/L: Oxygen, SBE 43, 2 [ml/l]
# name 8 = flECO-AFL: Fluorescence, WET Labs ECO-AFL/FL [mg/m^3]
# name 9 = CStarTr0: Beam Transmission, WET Labs C-Star [%]
# name 10 = par: PAR/Irradiance, Biospherical/Licor
# name 11 = latitude: Latitude [deg]
# name 12 = longitude: Longitude [deg]
# name 13 = timeJ: Julian Days
# name 14 = altM: Altimeter [m]
# name 15 = spar: SPAR, Biospherical/Licor
# name 16 = timeS: Time, Elapsed [seconds]
# name 17 = scan: Scan Count
# name 18 = density00: Density [density, kg/m^3]
# name 19 = density11: Density, 2 [density, kg/m^3]
# name 20 = sal00: Salinity, Practical [PSU]
# name 21 = sal11: Salinity, Practical, 2 [PSU]
# name 22 = oxsolML/L: Oxygen Saturation, Garcia & Gordon [ml/l]
# name 23 = nbin: number of scans per bin
# name 24 = flag: flag
# span 0 =      2.000,    709.000       
# span 1 =      1.982,    700.473       
# span 2 =    -1.5186,     0.5424       
# span 3 =  27.051844,  29.492693       
# span 4 =    -1.5182,     0.5444       
# span 5 =  27.051655,  29.492454       
# span 6 =     4.5653,     8.8550       
# span 7 =     4.7359,     9.1535       
# span 8 =    -0.0101,    28.9782       
# span 9 =    67.6873,    96.4195       
# span 10 = -6.316e-05, 2.1560e+02      
# span 11 =  -73.99266,  -73.99266      
# span 12 = -112.06672, -112.06666      
# span 13 =  25.656587,  25.668340      
# span 14 =       1.38,     100.49      
# span 15 = 6.3951e+02, 6.6900e+02      
# span 16 =    268.106,   1283.565      
# span 17 =       6436,      30807      
# span 18 =  1027.1966,  1031.0680      
# span 19 =  1027.1963,  1031.0658      
# span 20 =    33.8216,    34.5658      
# span 21 =    33.8211,    34.5632      
# span 22 =    7.92220,    8.39952      
# span 23 =         13,         48      
# span 24 = 0.0000e+00, 0.0000e+00      
# interval = decibars: 1                
# start_time = Jan 25 2022 15:41:01 [NMEA time, header]
# bad_flag = -9.990e-29
*END*
[from data line 58]
     60.000     59.371    -1.2229  27.216609    -1.2275  27.213153     6.6892     7.0099     9.4258    80.3303 1.0000e-12  -73.99266 -112.06668  25.658128      99.52 6.6004e+02    401.269       9631  1027.5584  1027.5590    33.8975    33.8980    8.33756         45 0.0000e+00
     61.000     60.361    -1.2536  27.192368    -1.2554  27.191197     6.5368     6.8457     9.5319    81.1322 1.0000e-12  -73.99266 -112.06668  25.658150      99.40 6.5997e+02    403.144       9676  1027.5652  1027.5655    33.8984    33.8988    8.34436         43 0.0000e+00
     62.000     61.351    -1.2931  27.160291    -1.2980  27.156554     6.4211     6.7421    10.1509    81.1930 1.0000e-12  -73.99266 -112.06669  25.658174      99.42 6.5877e+02    405.221       9726  1027.5717  1027.5723    33.8985    33.8989    8.35318         35 0.0000e+00
     63.000     62.339    -1.3090  27.148296    -1.3084  27.148721     6.3984     6.7037     8.6884    81.2903 1.0000e-12  -73.99266 -112.06670  25.658198      99.36 6.6040e+02    407.306       9776  1027.5775  1027.5773    33.8994    33.8993    8.35668         40 0.0000e+00
     64.000     63.328    -1.3118  27.146751    -1.3121  27.146186     6.3917     6.6823     8.4080    80.3250 1.0000e-12  -73.99266 -112.06670  25.658221      99.36 6.5978e+02    409.265       9823  1027.5822  1027.5818    33.8999    33.8994    8.35729         38 0.0000e+00
     65.000     64.318    -1.3220  27.139189    -1.3226  27.138697     6.4415     6.7160     7.6778    82.4305 1.0000e-12  -73.99266 -112.06670  25.658244      99.43 6.5893e+02    411.254       9871  1027.5876  1027.5876    33.9004    33.9004    8.35954         44 0.0000e+00
     66.000     65.307    -1.3189  27.144426    -1.3194  27.143603     6.4107     6.6990     7.1274    82.7204 1.0000e-12  -73.99266 -112.06670  25.658267      99.50 6.6031e+02    413.235       9919  1027.5942  1027.5938    33.9034    33.9029    8.35866         40 0.0000e+00
     67.000     66.297    -1.3324  27.133788    -1.3314  27.134593     6.4371     6.7450     6.2566    83.2179 1.0000e-12  -73.99266 -112.06670  25.658289      99.54 6.5961e+02    415.127       9964  1027.5996  1027.5995    33.9035    33.9035    8.36168         42 0.0000e+00
     68.000     67.284    -1.3216  27.144861    -1.3214  27.144336     6.6314     6.9349     6.1108    83.1652 1.0000e-12  -73.99266 -112.06670  25.658311      99.22 6.5908e+02    417.089      10011  1027.6053  1027.6046    33.9058    33.9049    8.35912         40 0.0000e+00
     69.000     68.276    -1.3004  27.164386    -1.2930  27.169971     6.8841     7.1390     5.0996    83.4608 1.0000e-12  -73.99266 -112.06669  25.658335      99.65 6.6014e+02    419.112      10060  1027.6104  1027.6094    33.9080    33.9073    8.35425         41 0.0000e+00
     70.000     69.264    -1.2762  27.185798    -1.2765  27.184744     6.9593     7.2093     6.2853    85.6201 1.0000e-12  -73.99266 -112.06669  25.658358      99.60 6.6040e+02    421.100      10107  1027.6149  1027.6141    33.9093    33.9082    8.34875         47 0.0000e+00
     71.000     70.251    -1.2720  27.189797    -1.2716  27.189574     6.9516     7.2253     7.2275    85.6709 1.0000e-12  -73.99266 -112.06669  25.658382      99.63 6.6032e+02    423.181      10157  1027.6198  1027.6192    33.9095    33.9088    8.34782         37 0.0000e+00
     72.000     71.245    -1.2694  27.192441    -1.2691  27.192117     6.9355     7.2312     7.5595    86.2932 1.0000e-12  -73.99266 -112.06669  25.658404      99.55 6.6107e+02    425.067      10203  1027.6246  1027.6239    33.9096    33.9087    8.34723         38 0.0000e+00
     73.000     72.231    -1.2693  27.193016    -1.2692  27.192583     6.9268     7.2272     7.2294    86.0528 1.0000e-12  -73.99266 -112.06669  25.658426      99.58 6.5992e+02    427.011      10249  1027.6295  1027.6289    33.9096    33.9088    8.34720         39 0.0000e+00
     74.000     73.222    -1.2691  27.193522    -1.2685  27.193481     6.9274     7.2310     7.4893    85.4602 1.0000e-12  -73.99266 -112.06669  25.658449      99.58 6.6114e+02    429.009      10297  1027.6343  1027.6337    33.9095    33.9087    8.34717         42 0.0000e+00
     75.000     74.211    -1.2672  27.195613    -1.2665  27.195435     6.9302     7.2365     7.5094    84.0138 1.0000e-12  -73.99266 -112.06669  25.658470      95.04 6.5998e+02    430.835      10341  1027.6391  1027.6383    33.9095    33.9085    8.34673         37 0.0000e+00
     76.000     75.199    -1.2678  27.195734    -1.2659  27.196524     6.9117     7.2253     7.2706    84.3682 1.0000e-12  -73.99266 -112.06669  25.658493      99.32 6.5997e+02    432.777      10388  1027.6442  1027.6432    33.9097    33.9086    8.34685         35 0.0000e+00
     77.000     76.189    -1.2812  27.186021    -1.2821  27.185103     6.8888     7.2070     7.6558    84.8099 1.0000e-12  -73.99266 -112.06669  25.658516      99.49 6.6058e+02    434.762      10435  1027.6508  1027.6507    33.9110    33.9107    8.34978         36 0.0000e+00
     78.000     77.179    -1.2895  27.180324    -1.2899  27.179563     6.8788     7.1918     7.0693    84.5080 1.0000e-12  -73.99266 -112.06669  25.658538      99.59 6.6023e+02    436.703      10482  1027.6569  1027.6565    33.9120    33.9113    8.35158         40 0.0000e+00
     79.000     78.168    -1.2965  27.175624    -1.2955  27.175833     6.8652     7.1772     7.3419    84.3104 1.0000e-12  -73.99266 -112.06669  25.658562      99.56 6.6063e+02    438.754      10531  1027.6627  1027.6620    33.9127    33.9120    8.35309         43 0.0000e+00
     80.000     79.157    -1.3011  27.173055    -1.3007  27.172952     6.8649     7.1758     5.9580    83.8983 1.0000e-12  -73.99266 -112.06670  25.658584      99.60 6.6101e+02    440.649      10577  1027.6686  1027.6680    33.9139    33.9132    8.35407         41 0.0000e+00
     81.000     80.147    -1.2999  27.174522    -1.2995  27.174154     6.8490     7.1592     6.3766    84.5219 1.0000e-12  -73.99266 -112.06670  25.658606      99.47 6.6030e+02    442.554      10622  1027.6732  1027.6724    33.9139    33.9129    8.35379         43 0.0000e+00
     82.000     81.134    -1.3061  27.170690    -1.3068  27.169818     6.8008     7.1088     6.5835    84.4258 1.0000e-12  -73.99266 -112.06670  25.658628      98.70 6.5987e+02    444.485      10669  1027.6792  1027.6789    33.9150    33.9146    8.35511         39 0.0000e+00
     83.000     82.127    -1.3227  27.160065    -1.3223  27.160179     6.7658     7.0731     6.1578    83.4559 1.0000e-12  -73.99266 -112.06670  25.658650      99.55 6.6013e+02    446.330      10713  1027.6879  1027.6876    33.9187    33.9183    8.35862         39 0.0000e+00
     84.000     83.114    -1.3398  27.149131    -1.3396  27.148893     6.7455     7.0478     5.9781    84.9659 1.0000e-12  -73.99266 -112.06670  25.658672      99.61 6.5968e+02    448.259      10759  1027.6966  1027.6961    33.9224    33.9219    8.36223         44 0.0000e+00
     85.000     84.104    -1.3474  27.143995    -1.3473  27.143573     6.7248     7.0207     5.1233    84.7504 1.0000e-12  -73.99266 -112.06670  25.658696      99.70 6.5982e+02    450.344      10809  1027.7023  1027.7017    33.9233    33.9226    8.36387         42 0.0000e+00
     86.000     85.092    -1.3561  27.137926    -1.3561  27.137454     6.7071     7.0058     4.9675    85.5548 1.0000e-12  -73.99266 -112.06670  25.658718      99.72 6.5982e+02    452.213      10854  1027.7081  1027.7076    33.9241    33.9236    8.36576         42 0.0000e+00
     87.000     86.081    -1.3670  27.130051    -1.3670  27.129765     6.6948     7.0005     5.5194    85.7622 1.0000e-12  -73.99266 -112.06670  25.658739      99.62 6.5986e+02    454.088      10899  1027.7141  1027.7138    33.9251    33.9246    8.36816         36 0.0000e+00
     88.000     87.070    -1.3780  27.122133    -1.3778  27.121988     6.6923     6.9821     5.7761    86.1112 1.0000e-12  -73.99266 -112.06670  25.658762      95.68 6.6022e+02    456.069      10947  1027.7201  1027.7197    33.9261    33.9256    8.37057         39 0.0000e+00
     89.000     88.060    -1.4027  27.103388    -1.4028  27.103409     6.7000     6.9970     4.8011    86.5269 1.0000e-12  -73.99266 -112.06670  25.658783      99.47 6.5933e+02    457.861      10990  1027.7275  1027.7276    33.9277    33.9278    8.37603         43 0.0000e+00
     90.000     89.051    -1.4574  27.063320    -1.4572  27.063207     6.6948     6.9929     4.5119    86.4642 1.0000e-12  -73.99266 -112.06670  25.658804      99.77 6.5992e+02    459.699      11034  1027.7403  1027.7400    33.9340    33.9336    8.38796         43 0.0000e+00
     91.000     90.040    -1.4638  27.059757    -1.4636  27.059538     6.6899     6.9881     4.0033    86.9383 1.0000e-12  -73.99266 -112.06670  25.658827      99.78 6.5972e+02    461.630      11080  1027.7463  1027.7459    33.9358    33.9352    8.38931         40 0.0000e+00
     92.000     91.029    -1.4657  27.059329    -1.4651  27.059267     6.6836     6.9833     3.0454    87.3745 1.0000e-12  -73.99266 -112.06670  25.658849      99.79 6.5962e+02    463.571      11127  1027.7515  1027.7508    33.9367    33.9359    8.38968         41 0.0000e+00
     93.000     92.018    -1.4668  27.059462    -1.4665  27.059250     6.6719     6.9664     3.2052    87.6459 1.0000e-12  -73.99266 -112.06670  25.658872      99.78 6.6135e+02    465.506      11173  1027.7566  1027.7561    33.9375    33.9369    8.38987         47 0.0000e+00
     94.000     93.007    -1.4676  27.059815    -1.4673  27.059602     6.6418     6.9365     3.1267    88.1333 1.0000e-12  -73.99266 -112.06670  25.658894      99.82 6.6086e+02    467.466      11220  1027.7618  1027.7612    33.9383    33.9376    8.39002         37 0.0000e+00
     95.000     93.996    -1.4553  27.072137    -1.4543  27.072315     6.5514     6.8432     2.9694    89.3996 1.0000e-12  -73.99266 -112.06670  25.658917      99.48 6.6103e+02    469.444      11268  1027.7676  1027.7668    33.9407    33.9398    8.38710         40 0.0000e+00
     96.000     94.985    -1.4323  27.093655    -1.4319  27.093254     6.4749     6.7769     2.2697    89.7675 1.0000e-12  -73.99266 -112.06670  25.658939      99.83 6.6201e+02    471.293      11312  1027.7733  1027.7724    33.9436    33.9425    8.38175         41 0.0000e+00
     97.000     95.975    -1.4254  27.100752    -1.4250  27.100452     6.4805     6.7678     2.3404    89.5937 1.0000e-12  -73.99266 -112.06670  25.658960      99.83 6.6036e+02    473.134      11356  1027.7788  1027.7780    33.9448    33.9439    8.38011         44 0.0000e+00
     98.000     96.964    -1.4283  27.099837    -1.4280  27.099559     6.5642     6.8468     1.9388    90.7746 1.0000e-12  -73.99266 -112.06670  25.658981      99.86 6.6112e+02    474.995      11401  1027.7850  1027.7844    33.9463    33.9455    8.38069         40 0.0000e+00
     99.000     97.952    -1.4474  27.086105    -1.4480  27.085669     6.6472     6.9214     1.8704    90.3428 1.0000e-12  -73.99266 -112.06669  25.659000      99.88 6.6297e+02    476.580      11439  1027.7928  1027.7928    33.9484    33.9484    8.38485         32 0.0000e+00
    100.000     98.942    -1.4637  27.074632    -1.4636  27.074486     6.6604     6.9344     1.4422    91.0389 1.0000e-12  -73.99266 -112.06669  25.659015      99.88 6.6134e+02    477.871      11470  1027.8002  1027.7999    33.9505    33.9502    8.38840         32 0.0000e+00
    101.000     99.931    -1.4760  27.065558    -1.4757  27.065555     6.6326     6.9232     1.5678    91.8267 1.0000e-12  -73.99266 -112.06668  25.659029      99.88 6.6114e+02    479.151      11501  1027.8063  1027.8060    33.9513    33.9510    8.39112         31 0.0000e+00
    102.000    100.920    -1.4855  27.058663    -1.4857  27.058283     6.5999     6.9029     1.4104    92.6291 1.0000e-12  -73.99266 -112.06670  25.659045      99.89 6.6221e+02    480.457      11532  1027.8120  1027.8118    33.9520    33.9517    8.39322         30 0.0000e+00
    103.000    101.910    -1.4917  27.054797    -1.4911  27.054643     6.5892     6.8905     1.6166    92.1741 1.0000e-12  -73.99266 -112.06669  25.659060      99.87 6.6218e+02    481.788      11564  1027.8179  1027.8172    33.9531    33.9522    8.39455         32 0.0000e+00
    104.000    102.899    -1.4941  27.053610    -1.4933  27.053677     6.5877     6.8810     1.8684    92.3751 1.0000e-12  -73.99266 -112.06669  25.659076      99.64 6.6130e+02    483.140      11596  1027.8231  1027.8224    33.9535    33.9528    8.39506         32 0.0000e+00
    105.000    103.887    -1.4957  27.053110    -1.4952  27.052841     6.5828     6.8796     1.5933    92.8493 1.0000e-12  -73.99266 -112.06669  25.659091      99.88 6.6290e+02    484.455      11628  1027.8283  1027.8275    33.9541    33.9532    8.39541         31 0.0000e+00
    106.000    104.878    -1.4967  27.052954    -1.4963  27.052774     6.5811     6.8751     1.2380    93.0316 1.0000e-12  -73.99266 -112.06669  25.659105      99.90 6.6454e+02    485.684      11657  1027.8332  1027.8326    33.9544    33.9536    8.39561         28 0.0000e+00
    107.000    105.866    -1.4969  27.053339    -1.4966  27.053002     6.5813     6.8706     1.0983    93.3952 1.0000e-12  -73.99266 -112.06669  25.659119      99.90 6.6176e+02    486.871      11686  1027.8380  1027.8374    33.9545    33.9537    8.39565         29 0.0000e+00
    108.000    106.855    -1.4966  27.053964    -1.4964  27.053562     6.5839     6.8729     1.0488    93.7241 1.0000e-12  -73.99266 -112.06668  25.659133      99.90 6.6312e+02    488.090      11715  1027.8427  1027.8420    33.9544    33.9536    8.39559         30 0.0000e+00
    109.000    107.844    -1.4967  27.054486    -1.4963  27.054107     6.5872     6.8679     1.2546    93.5701 1.0000e-12  -73.99266 -112.06668  25.659148      99.89 6.6307e+02    489.366      11746  1027.8475  1027.8468    33.9546    33.9537    8.39560         31 0.0000e+00
    110.000    108.833    -1.4967  27.054997    -1.4965  27.054586     6.5821     6.8711     1.1972    93.4866 1.0000e-12  -73.99266 -112.06668  25.659162      99.90 6.6131e+02    490.633      11776  1027.8523  1027.8517    33.9547    33.9538    8.39559         29 0.0000e+00
    111.000    109.824    -1.4974  27.055018    -1.4969  27.054775     6.5782     6.8610     1.8179    93.8672 1.0000e-12  -73.99266 -112.06668  25.659176      99.89 6.6224e+02    491.842      11805  1027.8573  1027.8565    33.9548    33.9539    8.39573         29 0.0000e+00
    112.000    110.812    -1.4991  27.054397    -1.4988  27.054145     6.5821     6.8623     1.5980    93.7118 1.0000e-12  -73.99266 -112.06668  25.659190      99.90 6.6359e+02    493.048      11834  1027.8625  1027.8619    33.9553    33.9546    8.39610         30 0.0000e+00
    113.000    111.800    -1.5006  27.053926    -1.5002  27.053635     6.5781     6.8580     1.6828    94.0172 1.0000e-12  -73.99266 -112.06668  25.659205      99.91 6.6230e+02    494.281      11864  1027.8677  1027.8670    33.9557    33.9549    8.39640         29 0.0000e+00
    114.000    112.790    -1.5022  27.053291    -1.5019  27.052957     6.5685     6.8551     1.0875    94.1107 1.0000e-12  -73.99266 -112.06668  25.659218      99.90 6.6193e+02    495.463      11892  1027.8729  1027.8722    33.9561    33.9553    8.39676         27 0.0000e+00
    115.000    113.779    -1.5032  27.053295    -1.5026  27.053074     6.5516     6.8520     1.2267    93.7984 1.0000e-12  -73.99266 -112.06668  25.659231      99.30 6.6560e+02    496.600      11919  1027.8780  1027.8773    33.9565    33.9556    8.39694         28 0.0000e+00
    116.000    114.768    -1.5079  27.051844    -1.5073  27.051655     6.5487     6.8380     0.8920    93.9023 1.0000e-12  -73.99266 -112.06668  25.659245      99.89 6.6352e+02    497.793      11948  1027.8854  1027.8845    33.9594    33.9583    8.39785         30 0.0000e+00
