ocean_section_plots/required_files/ctd/dnbp2202_ctd025.cnv
* Sea-Bird SBE 9 Data File:
* FileName = D:\Data\raw\NBP2202_CTD025.hex
* Software Version Seasave V 7.26.7.121
* Temperature SN = 1649
* Conductivity SN = 2513
* Number of Bytes Per Scan = 40
* Number of Voltage Words = 5
* Number of Scans Averaged by the Deck Unit = 1
* NMEA Latitude = 74 13.97 S
* NMEA Longitude = 112 17.24 W
* NMEA UTC (Time) = Jan 21 2022  06:38:34
* NMEA baud rate = 9600
** Ship: RVIB N.B. Palmer
** Cruise: NBP2202 Thwaites
** Station: Tow-Yo #1
** Operator: B. Bjork
# nquan = 25
# nvalues = 1023                        
# units = specified
# name 0 = prDM: Pressure, Digiquartz [db]
# name 1 = depSM: Depth [salt water, m]
# name 2 = t090C: Temperature [ITS-90, deg C]
# name 3 = c0mS/cm: Conductivity [mS/cm]
# name 4 = t190C: Temperature, 2 [ITS-90, deg C]
# name 5 = c1mS/cm: Conductivity, 2 [mS/cm]
# name 6 = sbeox0ML/L: Oxygen, SBE 43 [ml/l]
# name 7 = sbeox1ML/L: Oxygen, SBE 43, 2 [ml/l]
# name 8 = flECO-AFL: Fluorescence, WET Labs ECO-AFL/FL [mg/m^3]
# name 9 = CStarTr0: Beam Transmission, WET Labs C-Star [%]
# name 10 = par: PAR/Irradiance, Biospherical/Licor
# name 11 = latitude: Latitude [deg]
# name 12 = longitude: Longitude [deg]
# name 13 = timeJ: Julian Days
# name 14 = altM: Altimeter [m]
# name 15 = spar: SPAR, Biospherical/Licor
# name 16 = timeS: Time, Elapsed [seconds]
# name 17 = scan: Scan Count
# name 18 = density00: Density [density, kg/m^3]
# name 19 = density11: Density, 2 [density, kg/m^3]
# name 20 = sal00: Salinity, Practical [PSU]
# name 21 = sal11: Salinity, Practical, 2 [PSU]
# name 22 = oxsolML/L: Oxygen Saturation, Garcia & Gordon [ml/l]
# name 23 = nbin: number of scans per bin
# name 24 = flag: flag
# span 0 =      2.000,   1024.000       
# span 1 =      1.982,   1010.902       
# span 2 =    -1.4603,     0.5162       
# span 3 =  27.073409,  29.595853       
# span 4 =    -1.4592,     0.5184       
# span 5 =  27.073362,  29.595709       
# span 6 =     4.5813,     7.7842       
# span 7 =     4.8222,     8.2403       
# span 8 =    -0.0163,    12.7222       
# span 9 =    79.3261,    98.2490       
# span 10 = -2.070e-06, 1.0716e+02      
# span 11 =  -74.23296,  -74.23200      
# span 12 = -112.28696, -112.27465      
# span 13 =  21.282011,  21.299080      
# span 14 =       8.23,     100.04      
# span 15 = 5.1022e+02, 5.4778e+02      
# span 16 =    451.769,   1926.545      
# span 17 =      10843,      46238      
# span 18 =  1027.1974,  1032.5266      
# span 19 =  1027.1968,  1032.5245      
# span 20 =    33.8015,    34.5500      
# span 21 =    33.8006,    34.5476      
# span 22 =    7.92843,    8.38675      
# span 23 =         12,         48      
# span 24 = 0.0000e+00, 0.0000e+00      
# interval = decibars: 1                
# start_time = Jan 21 2022 06:38:34 [NMEA time, header]
# bad_flag = -9.990e-29
*END*
[from data line 58]
     60.000     59.370    -1.1702  27.196321    -1.1691  27.196217     7.4949     7.9653    10.1014    80.5829 1.0000e-12  -74.23296 -112.28644  21.283490      99.39 5.4314e+02    579.552      13910  1027.4836  1027.4824    33.8101    33.8087    8.33098         42 0.0000e+00
     61.000     60.360    -1.1705  27.196552    -1.1695  27.196420     7.4957     7.9747    10.4017    81.0913 1.0000e-12  -74.23296 -112.28642  21.283513      99.37 5.4342e+02    581.515      13957  1027.4883  1027.4872    33.8101    33.8088    8.33104         43 0.0000e+00
     62.000     61.349    -1.1703  27.197323    -1.1691  27.197226     7.5026     7.9668    10.2078    80.9865 1.0000e-12  -74.23296 -112.28641  21.283536      99.35 5.4297e+02    583.516      14005  1027.4932  1027.4920    33.8103    33.8088    8.33098         34 0.0000e+00
     63.000     62.339    -1.1701  27.197958    -1.1689  27.197918     7.4963     7.9756    10.3245    81.4116 1.0000e-12  -74.23296 -112.28639  21.283559      99.34 5.4297e+02    585.494      14053  1027.4980  1027.4969    33.8103    33.8090    8.33093         41 0.0000e+00
     64.000     63.327    -1.1697  27.198723    -1.1684  27.198759     7.4990     7.9763    10.5256    80.9261 1.0000e-12  -74.23295 -112.28637  21.283582      99.34 5.4297e+02    587.456      14100  1027.5028  1027.5016    33.8103    33.8089    8.33085         39 0.0000e+00
     65.000     64.317    -1.1697  27.199342    -1.1686  27.199210     7.4968     7.9721    10.5353    81.2249 1.0000e-12  -74.23294 -112.28635  21.283605      99.35 5.4297e+02    589.447      14148  1027.5077  1027.5065    33.8105    33.8091    8.33083         42 0.0000e+00
     66.000     65.307    -1.1695  27.200029    -1.1683  27.199954     7.4992     7.9695    10.3982    81.1368 1.0000e-12  -74.23294 -112.28633  21.283628      99.36 5.4297e+02    591.447      14196  1027.5125  1027.5114    33.8106    33.8092    8.33078         40 0.0000e+00
     67.000     66.295    -1.1696  27.200354    -1.1685  27.200262     7.4791     7.9435    10.6260    81.4080 1.0000e-12  -74.23294 -112.28632  21.283651      99.33 5.4297e+02    593.433      14243  1027.5173  1027.5161    33.8106    33.8092    8.33081         41 0.0000e+00
     68.000     67.285    -1.1742  27.197131    -1.1737  27.196669     7.4381     7.8982    10.2115    81.5788 1.0000e-12  -74.23294 -112.28630  21.283673      99.34 5.4297e+02    595.348      14289  1027.5225  1027.5216    33.8108    33.8095    8.33183         40 0.0000e+00
     69.000     68.274    -1.1835  27.189942    -1.1853  27.187671     7.3277     7.7929    10.1058    81.0656 1.0000e-12  -74.23294 -112.28628  21.283695      99.35 5.4297e+02    597.291      14336  1027.5279  1027.5272    33.8108    33.8097    8.33390         42 0.0000e+00
     70.000     69.264    -1.2048  27.174098    -1.2035  27.174887     7.1463     7.6220     9.9968    81.1760 1.0000e-12  -74.23294 -112.28626  21.283718      99.40 5.4297e+02    599.274      14384  1027.5353  1027.5349    33.8125    33.8121    8.33854         40 0.0000e+00
     71.000     70.254    -1.2315  27.155241    -1.2297  27.155882     6.9724     7.4419     9.0954    81.1171 1.0000e-12  -74.23294 -112.28624  21.283741      99.53 5.4297e+02    601.247      14431  1027.5445  1027.5435    33.8162    33.8151    8.34428         41 0.0000e+00
     72.000     71.242    -1.2595  27.134812    -1.2598  27.134601     6.7307     7.2061     7.7719    82.2160 1.0000e-12  -74.23294 -112.28623  21.283764      96.34 5.4297e+02    603.201      14478  1027.5532  1027.5533    33.8192    33.8193    8.35037         43 0.0000e+00
     73.000     72.232    -1.3065  27.100927    -1.3047  27.102198     6.5756     7.0438     6.7295    82.7530 1.0000e-12  -74.23294 -112.28621  21.283787      99.65 5.4297e+02    605.230      14527  1027.5652  1027.5649    33.8252    33.8249    8.36053         46 0.0000e+00
     74.000     73.220    -1.3248  27.088569    -1.3236  27.088865     6.5407     6.9744     4.2901    84.4927 1.0000e-12  -74.23294 -112.28618  21.283811      99.76 5.4297e+02    607.247      14575  1027.5730  1027.5721    33.8283    33.8273    8.36445         41 0.0000e+00
     75.000     74.210    -1.3317  27.086204    -1.3312  27.086158     6.4729     6.8979     3.2918    86.1148 1.0000e-12  -74.23294 -112.28617  21.283833      99.78 5.4235e+02    609.189      14622  1027.5809  1027.5803    33.8323    33.8315    8.36576         35 0.0000e+00
     76.000     75.199    -1.3505  27.076982    -1.3493  27.077126     6.4388     6.8594     2.7852    87.9431 1.0000e-12  -74.23294 -112.28616  21.283856      99.79 5.4271e+02    611.151      14669  1027.5928  1027.5918    33.8402    33.8390    8.36950         39 0.0000e+00
     77.000     76.188    -1.3513  27.078539    -1.3503  27.078240     6.4685     6.8686     2.2600    90.1426 1.0000e-12  -74.23294 -112.28614  21.283879      99.79 5.4297e+02    613.111      14716  1027.5991  1027.5978    33.8426    33.8410    8.36954         43 0.0000e+00
     78.000     77.176    -1.3472  27.083887    -1.3470  27.083358     6.4372     6.8304     2.4047    91.0849 1.0000e-12  -74.23293 -112.28612  21.283901      99.79 5.4297e+02    615.075      14763  1027.6050  1027.6043    33.8447    33.8438    8.36849         36 0.0000e+00
     79.000     78.168    -1.3566  27.078490    -1.3557  27.078454     6.3949     6.7932     2.5628    92.0046 1.0000e-12  -74.23292 -112.28610  21.283924      98.30 5.4297e+02    617.068      14811  1027.6122  1027.6114    33.8473    33.8463    8.37045         44 0.0000e+00
     80.000     79.156    -1.3615  27.076503    -1.3605  27.076479     6.3799     6.7720     1.9381    92.2093 1.0000e-12  -74.23292 -112.28608  21.283948      99.77 5.4297e+02    619.072      14859  1027.6188  1027.6179    33.8494    33.8483    8.37141         37 0.0000e+00
     81.000     80.147    -1.3632  27.076073    -1.3621  27.076139     6.3689     6.7546     1.8104    93.0149 1.0000e-12  -74.23292 -112.28606  21.283971      99.81 5.4297e+02    621.070      14907  1027.6241  1027.6232    33.8502    33.8491    8.37176         42 0.0000e+00
     82.000     81.134    -1.3647  27.075787    -1.3638  27.075693     6.3634     6.7515     1.7761    93.3854 1.0000e-12  -74.23292 -112.28604  21.283994      99.81 5.4297e+02    623.057      14954  1027.6294  1027.6284    33.8509    33.8497    8.37205         43 0.0000e+00
     83.000     82.124    -1.3652  27.076036    -1.3642  27.075865     6.3557     6.7389     1.5731    94.1407 1.0000e-12  -74.23292 -112.28602  21.284016      99.80 5.4297e+02    625.022      15002  1027.6343  1027.6332    33.8511    33.8498    8.37214         36 0.0000e+00
     84.000     83.113    -1.3670  27.075499    -1.3660  27.075257     6.3563     6.7322     1.5455    94.0000 1.0000e-12  -74.23292 -112.28600  21.284039      99.81 5.4297e+02    626.976      15048  1027.6397  1027.6385    33.8518    33.8504    8.37251         39 0.0000e+00
     85.000     84.103    -1.3670  27.075912    -1.3660  27.075801     6.3544     6.7357     1.6193    93.5474 1.0000e-12  -74.23291 -112.28598  21.284062      98.31 5.4297e+02    628.977      15096  1027.6443  1027.6433    33.8518    33.8505    8.37251         45 0.0000e+00
     86.000     85.092    -1.3668  27.076436    -1.3659  27.076205     6.3509     6.7323     1.5317    94.3128 1.0000e-12  -74.23290 -112.28596  21.284085      99.25 5.4297e+02    630.966      15144  1027.6490  1027.6479    33.8517    33.8503    8.37249         43 0.0000e+00
     87.000     86.081    -1.3669  27.076851    -1.3659  27.076774     6.3479     6.7323     1.5899    94.1591 1.0000e-12  -74.23290 -112.28594  21.284108      99.83 5.4297e+02    632.910      15191  1027.6537  1027.6528    33.8517    33.8505    8.37249         38 0.0000e+00
     88.000     87.071    -1.3668  27.077382    -1.3658  27.077229     6.3519     6.7254     1.7064    94.3970 1.0000e-12  -74.23290 -112.28592  21.284131      99.81 5.4297e+02    634.894      15238  1027.6586  1027.6574    33.8517    33.8503    8.37248         42 0.0000e+00
     89.000     88.060    -1.3669  27.077747    -1.3659  27.077610     6.3348     6.7154     1.7216    94.5637 1.0000e-12  -74.23290 -112.28590  21.284154      99.81 5.4297e+02    636.914      15287  1027.6633  1027.6623    33.8517    33.8504    8.37251         44 0.0000e+00
     90.000     89.050    -1.3682  27.077485    -1.3678  27.077166     6.3007     6.6804     1.6157    94.0819 1.0000e-12  -74.23289 -112.28589  21.284177      99.81 5.4297e+02    638.900      15335  1027.6686  1027.6679    33.8522    33.8513    8.37277         41 0.0000e+00
     91.000     90.038    -1.3750  27.074718    -1.3740  27.074725     6.2552     6.6395     1.7050    94.5668 1.0000e-12  -74.23288 -112.28586  21.284200      99.82 5.4297e+02    640.876      15382  1027.6764  1027.6754    33.8555    33.8543    8.37410         36 0.0000e+00
     92.000     91.027    -1.3794  27.073409    -1.3784  27.073362     6.2425     6.6281     1.2678    93.9949 1.0000e-12  -74.23288 -112.28585  21.284223      99.81 5.4297e+02    642.855      15430  1027.6835  1027.6825    33.8581    33.8568    8.37494         41 0.0000e+00
     93.000     92.017    -1.3795  27.074308    -1.3786  27.074137     6.2399     6.6210     1.0937    94.8518 1.0000e-12  -74.23288 -112.28584  21.284246      99.82 5.4297e+02    644.827      15477  1027.6888  1027.6878    33.8588    33.8575    8.37492         44 0.0000e+00
     94.000     93.007    -1.3800  27.075151    -1.3788  27.075022     6.2342     6.6186     0.9028    94.7052 1.0000e-12  -74.23288 -112.28581  21.284268      99.81 5.4297e+02    646.791      15524  1027.6944  1027.6932    33.8598    33.8583    8.37495         33 0.0000e+00
     95.000     93.995    -1.3802  27.075574    -1.3793  27.075337     6.2364     6.6159     0.8798    95.2893 1.0000e-12  -74.23288 -112.28580  21.284291      99.82 5.4297e+02    648.736      15571  1027.6994  1027.6983    33.8600    33.8587    8.37499         38 0.0000e+00
     96.000     94.985    -1.3804  27.076158    -1.3795  27.075882     6.2347     6.6120     0.8233    95.3364 1.0000e-12  -74.23288 -112.28578  21.284314      99.81 5.4297e+02    650.703      15618  1027.7045  1027.7033    33.8604    33.8590    8.37501         42 0.0000e+00
     97.000     95.973    -1.3806  27.076768    -1.3796  27.076601     6.2221     6.5986     0.9261    95.5218 1.0000e-12  -74.23287 -112.28576  21.284337      99.82 5.4297e+02    652.679      15665  1027.7097  1027.7085    33.8609    33.8595    8.37504         41 0.0000e+00
     98.000     96.963    -1.3819  27.076914    -1.3809  27.076691     6.2142     6.5940     0.9041    95.5447 1.0000e-12  -74.23286 -112.28574  21.284359      99.81 5.4213e+02    654.640      15712  1027.7153  1027.7142    33.8619    33.8605    8.37526         46 0.0000e+00
     99.000     97.952    -1.3821  27.077390    -1.3812  27.077200     6.2093     6.5825     0.9750    95.0119 1.0000e-12  -74.23286 -112.28573  21.284382      93.66 5.4257e+02    656.614      15760  1027.7204  1027.7192    33.8622    33.8608    8.37530         39 0.0000e+00
    100.000     98.942    -1.3829  27.077805    -1.3820  27.077600     6.2018     6.5753     0.8439    95.9929 1.0000e-12  -74.23286 -112.28571  21.284405      99.74 5.4296e+02    658.614      15808  1027.7259  1027.7248    33.8630    33.8618    8.37542         40 0.0000e+00
    101.000     99.930    -1.3837  27.078532    -1.3827  27.078304     6.2104     6.5864     0.7910    95.8805 1.0000e-12  -74.23285 -112.28570  21.284428      99.82 5.4297e+02    660.617      15856  1027.7317  1027.7306    33.8643    33.8629    8.37552         44 0.0000e+00
    102.000    100.919    -1.3819  27.082643    -1.3801  27.083309     6.2305     6.5947     0.9027    95.4180 1.0000e-12  -74.23284 -112.28568  21.284451      99.82 5.4297e+02    662.545      15902  1027.7388  1027.7378    33.8673    33.8662    8.37494         39 0.0000e+00
    103.000    101.908    -1.3805  27.085016    -1.3794  27.084861     6.2570     6.6260     1.0569    95.7857 1.0000e-12  -74.23284 -112.28566  21.284473      99.82 5.4233e+02    664.457      15948  1027.7444  1027.7432    33.8683    33.8669    8.37456         37 0.0000e+00
    104.000    102.898    -1.3766  27.090264    -1.3751  27.090357     6.2780     6.6419     1.1606    95.9629 1.0000e-12  -74.23284 -112.28564  21.284495      99.82 5.4130e+02    666.403      15995  1027.7507  1027.7494    33.8705    33.8689    8.37355         43 0.0000e+00
    105.000    103.886    -1.3748  27.092615    -1.3743  27.091766     6.2895     6.6530     1.5380    95.7422 1.0000e-12  -74.23284 -112.28563  21.284518      99.33 5.4120e+02    668.375      16042  1027.7560  1027.7546    33.8711    33.8694    8.37312         42 0.0000e+00
    106.000    104.876    -1.3739  27.093824    -1.3735  27.093060     6.2881     6.6610     1.4244    95.5604 1.0000e-12  -74.23284 -112.28561  21.284541      68.97 5.4120e+02    670.343      16089  1027.7608  1027.7595    33.8712    33.8696    8.37292         35 0.0000e+00
    107.000    105.865    -1.3732  27.095142    -1.3720  27.094905     6.2847     6.6627     1.5334    95.2177 1.0000e-12  -74.23284 -112.28560  21.284564      99.39 5.4120e+02    672.297      16136  1027.7659  1027.7645    33.8716    33.8699    8.37274         42 0.0000e+00
    108.000    106.854    -1.3741  27.094492    -1.3734  27.094096     6.2607     6.6472     1.5446    94.8157 1.0000e-12  -74.23284 -112.28558  21.284586      99.82 5.4120e+02    674.263      16183  1027.7704  1027.7692    33.8710    33.8697    8.37297         43 0.0000e+00
    109.000    107.842    -1.3768  27.093105    -1.3756  27.093023     6.2637     6.6493     1.5205    94.9787 1.0000e-12  -74.23284 -112.28558  21.284609      99.82 5.4120e+02    676.213      16230  1027.7757  1027.7745    33.8715    33.8701    8.37354         34 0.0000e+00
    110.000    108.833    -1.3745  27.096441    -1.3732  27.096270     6.3148     6.6888     1.4496    94.7436 1.0000e-12  -74.23282 -112.28555  21.284631      99.82 5.4120e+02    678.164      16277  1027.7815  1027.7800    33.8729    33.8712    8.37295         41 0.0000e+00
    111.000    109.822    -1.3683  27.104089    -1.3674  27.103466     6.3721     6.7413     1.6624    95.0552 1.0000e-12  -74.23282 -112.28554  21.284654      99.81 5.4202e+02    680.106      16324  1027.7883  1027.7867    33.8758    33.8738    8.37138         40 0.0000e+00
    112.000    110.810    -1.3606  27.112768    -1.3594  27.112518     6.3972     6.7720     2.0728    95.0323 1.0000e-12  -74.23282 -112.28552  21.284676      98.36 5.4124e+02    682.015      16369  1027.7948  1027.7933    33.8784    33.8767    8.36950         44 0.0000e+00
    113.000    111.800    -1.3572  27.117765    -1.3558  27.117544     6.3989     6.7827     2.3712    94.9091 1.0000e-12  -74.23282 -112.28550  21.284699      99.14 5.4091e+02    683.980      16417  1027.8013  1027.7998    33.8807    33.8789    8.36859         37 0.0000e+00
    114.000    112.789    -1.3566  27.119381    -1.3556  27.119103     6.3854     6.7702     2.6101    94.2606 1.0000e-12  -74.23282 -112.28549  21.284722      99.79 5.4143e+02    685.988      16465  1027.8070  1027.8057    33.8817    33.8801    8.36841         38 0.0000e+00
    115.000    113.777    -1.3584  27.119689    -1.3576  27.119139     6.3711     6.7529     2.4540    93.9581 1.0000e-12  -74.23282 -112.28548  21.284745      99.79 5.4146e+02    687.941      16512  1027.8135  1027.8121    33.8835    33.8819    8.36870         41 0.0000e+00
    116.000    114.767    -1.3589  27.120215    -1.3573  27.120266     6.3105     6.7132     2.5320    93.4079 1.0000e-12  -74.23282 -112.28546  21.284767      99.78 5.4121e+02    689.900      16559  1027.8188  1027.8173    33.8841    33.8824    8.36877         40 0.0000e+00
