ocean_section_plots/required_files/ctd/dnbp2202_ctd062.cnv
* Sea-Bird SBE 9 Data File:
* FileName = D:\Data\raw\NBP2202_CTD062.hex
* Software Version Seasave V 7.26.7.121
* Temperature SN = 1649
* Conductivity SN = 2513
* Number of Bytes Per Scan = 40
* Number of Voltage Words = 5
* Number of Scans Averaged by the Deck Unit = 1
* NMEA Latitude = 73 59.29 S
* NMEA Longitude = 111 44.96 W
* NMEA UTC (Time) = Jan 25 2022  12:18:04
* NMEA baud rate = 9600
** Ship: RVIB N.B. Palmer
** Cruise: NBP2202 Thwaites
** Station: 43
** Operator: B.Bjork
# nquan = 25
# nvalues = 505                         
# units = specified
# name 0 = prDM: Pressure, Digiquartz [db]
# name 1 = depSM: Depth [salt water, m]
# name 2 = t090C: Temperature [ITS-90, deg C]
# name 3 = c0mS/cm: Conductivity [mS/cm]
# name 4 = t190C: Temperature, 2 [ITS-90, deg C]
# name 5 = c1mS/cm: Conductivity, 2 [mS/cm]
# name 6 = sbeox0ML/L: Oxygen, SBE 43 [ml/l]
# name 7 = sbeox1ML/L: Oxygen, SBE 43, 2 [ml/l]
# name 8 = flECO-AFL: Fluorescence, WET Labs ECO-AFL/FL [mg/m^3]
# name 9 = CStarTr0: Beam Transmission, WET Labs C-Star [%]
# name 10 = par: PAR/Irradiance, Biospherical/Licor
# name 11 = latitude: Latitude [deg]
# name 12 = longitude: Longitude [deg]
# name 13 = timeJ: Julian Days
# name 14 = altM: Altimeter [m]
# name 15 = spar: SPAR, Biospherical/Licor
# name 16 = timeS: Time, Elapsed [seconds]
# name 17 = scan: Scan Count
# name 18 = density00: Density [density, kg/m^3]
# name 19 = density11: Density, 2 [density, kg/m^3]
# name 20 = sal00: Salinity, Practical [PSU]
# name 21 = sal11: Salinity, Practical, 2 [PSU]
# name 22 = oxsolML/L: Oxygen Saturation, Garcia & Gordon [ml/l]
# name 23 = nbin: number of scans per bin
# name 24 = flag: flag
# span 0 =      4.000,    508.000       
# span 1 =      3.956,    502.131       
# span 2 =    -1.4761,     0.1935       
# span 3 =  27.086118,  29.027405       
# span 4 =    -1.4748,     0.1956       
# span 5 =  27.085763,  29.027129       
# span 6 =     4.7442,     9.1386       
# span 7 =     4.9277,     9.4311       
# span 8 =    -0.0204,    30.0818       
# span 9 =    65.6794,    96.2459       
# span 10 = -3.173e-05, 3.0945e+01      
# span 11 =  -73.98822,  -73.98788      
# span 12 = -111.74937, -111.74873      
# span 13 =  25.514223,  25.522958      
# span 14 =       4.66,     104.05      
# span 15 = 1.8963e+02, 2.8006e+02      
# span 16 =    144.866,    899.546      
# span 17 =       3478,      21590      
# span 18 =  1027.1875,  1030.0673      
# span 19 =  1027.1878,  1030.0652      
# span 20 =    33.8042,    34.4633      
# span 21 =    33.8042,    34.4606      
# span 22 =    7.99988,    8.38992      
# span 23 =          2,         66      
# span 24 = 0.0000e+00, 0.0000e+00      
# interval = decibars: 1                
# start_time = Jan 25 2022 12:18:04 [NMEA time, header]
# bad_flag = -9.990e-29
*END*
[from data line 58]
     62.000     61.349    -1.2777  27.167338    -1.2791  27.166486     6.7928     7.0957    11.1842    79.6141 1.0000e-12  -73.98820 -111.74934  25.515860      99.51 2.1860e+02    286.279       6872  1027.5637  1027.5642    33.8907    33.8912    8.35019         41 0.0000e+00
     63.000     62.338    -1.2819  27.165917    -1.2820  27.165588     6.7910     7.0925    10.6561    80.8431 1.0000e-12  -73.98820 -111.74934  25.515883      98.65 2.2022e+02    288.292       6920  1027.5701  1027.5699    33.8929    33.8926    8.35100         36 0.0000e+00
     64.000     63.329    -1.2866  27.163775    -1.2867  27.163681     6.7932     7.0885    10.6400    81.1085 1.0000e-12  -73.98820 -111.74934  25.515907      98.99 2.2036e+02    290.367       6970  1027.5763  1027.5763    33.8947    33.8946    8.35195         38 0.0000e+00
     65.000     64.317    -1.2765  27.175395    -1.2766  27.175054     6.7864     7.0794    10.6501    82.5443 1.0000e-12  -73.98821 -111.74934  25.515930      99.43 2.2074e+02    292.314       7017  1027.5834  1027.5831    33.8985    33.8982    8.34946         40 0.0000e+00
     66.000     65.307    -1.2901  27.165761    -1.2898  27.165910     6.8070     7.1036    10.6152    83.8558 1.0000e-12  -73.98821 -111.74934  25.515954      99.44 2.2099e+02    294.393       7066  1027.5901  1027.5899    33.9001    33.8999    8.35241         41 0.0000e+00
     67.000     66.297    -1.2756  27.181588    -1.2750  27.181396     6.8292     7.1182     7.7531    84.1484 1.0000e-12  -73.98821 -111.74934  25.515976      99.57 2.2210e+02    296.346       7113  1027.5976  1027.5968    33.9047    33.9038    8.34889         39 0.0000e+00
     68.000     67.287    -1.2786  27.180715    -1.2786  27.180794     6.7972     7.0910     7.1036    83.9057 1.0000e-12  -73.98822 -111.74934  25.516000      99.48 2.2212e+02    298.376       7162  1027.6038  1027.6039    33.9063    33.9064    8.34946         32 0.0000e+00
     69.000     68.275    -1.2938  27.171334    -1.2952  27.170689     6.7256     7.0280     6.3984    85.2031 1.0000e-12  -73.98822 -111.74934  25.516023      99.61 2.2298e+02    300.362       7210  1027.6125  1027.6132    33.9100    33.9108    8.35264         43 0.0000e+00
     70.000     69.265    -1.3184  27.153334    -1.3190  27.153318     6.6688     6.9739     6.5732    86.5779 1.0000e-12  -73.98822 -111.74934  25.516045      92.07 2.2383e+02    302.267       7255  1027.6208  1027.6213    33.9127    33.9133    8.35801         38 0.0000e+00
     71.000     70.255    -1.3324  27.143771    -1.3326  27.143600     6.6271     6.9261     5.9332    85.7241 1.0000e-12  -73.98822 -111.74934  25.516068      99.29 2.2497e+02    304.282       7304  1027.6278  1027.6278    33.9147    33.9147    8.36101         39 0.0000e+00
     72.000     71.243    -1.3421  27.137084    -1.3423  27.136997     6.5989     6.8928     5.3319    86.3646 1.0000e-12  -73.98821 -111.74934  25.516091      99.60 2.2563e+02    306.280       7352  1027.6339  1027.6340    33.9159    33.9160    8.36312         44 0.0000e+00
     73.000     72.233    -1.3548  27.128296    -1.3550  27.128120     6.5663     6.8535     5.8378    86.6455 1.0000e-12  -73.98820 -111.74934  25.516114      99.71 2.2579e+02    308.279       7400  1027.6405  1027.6406    33.9176    33.9177    8.36587         38 0.0000e+00
     74.000     73.222    -1.3632  27.123336    -1.3638  27.123045     6.5618     6.8551     4.3880    85.7738 1.0000e-12  -73.98820 -111.74934  25.516135      99.73 2.2660e+02    310.083       7443  1027.6473  1027.6475    33.9197    33.9199    8.36763         34 0.0000e+00
     75.000     74.210    -1.3798  27.115631    -1.3800  27.115666     6.5718     6.8580     3.5591    87.9185 1.0000e-12  -73.98820 -111.74934  25.516152      99.73 2.2730e+02    311.493       7477  1027.6590  1027.6593    33.9273    33.9276    8.37090         33 0.0000e+00
     76.000     75.201    -1.3883  27.111841    -1.3886  27.111674     6.5776     6.8559     3.7708    87.3714 1.0000e-12  -73.98820 -111.74934  25.516167      99.83 2.2709e+02    312.838       7509  1027.6673  1027.6673    33.9312    33.9312    8.37259         31 0.0000e+00
     77.000     76.190    -1.3892  27.111931    -1.3895  27.111782     6.5664     6.8506     3.5856    88.4497 1.0000e-12  -73.98820 -111.74934  25.516182      99.84 2.2741e+02    314.138       7540  1027.6723  1027.6724    33.9317    33.9318    8.37276         31 0.0000e+00
     78.000     77.179    -1.3922  27.110923    -1.3925  27.110669     6.5573     6.8386     3.2559    89.4408 1.0000e-12  -73.98820 -111.74934  25.516197      95.59 2.2741e+02    315.409       7571  1027.6782  1027.6782    33.9331    33.9330    8.37335         31 0.0000e+00
     79.000     78.168    -1.3967  27.108997    -1.3968  27.108905     6.5602     6.8335     3.1240    90.2158 1.0000e-12  -73.98820 -111.74933  25.516212      99.75 2.2741e+02    316.737       7603  1027.6845  1027.6845    33.9348    33.9348    8.37424         34 0.0000e+00
     80.000     79.158    -1.4001  27.107912    -1.4002  27.107814     6.5606     6.8403     3.2672    89.9083 1.0000e-12  -73.98820 -111.74933  25.516229      99.88 2.2741e+02    318.159       7637  1027.6908  1027.6908    33.9366    33.9366    8.37491         33 0.0000e+00
     81.000     80.148    -1.4034  27.106883    -1.4034  27.106747     6.5597     6.8424     2.6321    90.4639 1.0000e-12  -73.98820 -111.74933  25.516245      99.86 2.2741e+02    319.607       7672  1027.6971  1027.6969    33.9384    33.9381    8.37555         34 0.0000e+00
     82.000     81.135    -1.4109  27.103167    -1.4108  27.103102     6.5641     6.8466     2.9103    91.4240 1.0000e-12  -73.98820 -111.74933  25.516263      99.87 2.2741e+02    321.109       7708  1027.7044  1027.7042    33.9411    33.9409    8.37707         37 0.0000e+00
     83.000     82.127    -1.4118  27.103159    -1.4120  27.102759     6.5679     6.8418     2.9718    90.4395 1.0000e-12  -73.98820 -111.74932  25.516281      99.88 2.2741e+02    322.678       7745  1027.7094  1027.7091    33.9415    33.9411    8.37726         36 0.0000e+00
     84.000     83.114    -1.4091  27.105273    -1.4094  27.104783     6.5684     6.8433     3.2439    90.8204 1.0000e-12  -73.98820 -111.74930  25.516299      99.89 2.2741e+02    324.256       7783  1027.7133  1027.7130    33.9407    33.9403    8.37669         35 0.0000e+00
     85.000     84.103    -1.4069  27.107099    -1.4069  27.106741     6.5680     6.8445     2.4694    91.1557 1.0000e-12  -73.98818 -111.74930  25.516317      99.87 2.2741e+02    325.785       7820  1027.7173  1027.7169    33.9400    33.9395    8.37623         37 0.0000e+00
     86.000     85.093    -1.4062  27.107789    -1.4067  27.107323     6.5687     6.8415     2.9000    91.2043 1.0000e-12  -73.98818 -111.74930  25.516334      99.87 2.2741e+02    327.282       7856  1027.7217  1027.7217    33.9396    33.9396    8.37610         35 0.0000e+00
     87.000     86.083    -1.4061  27.108406    -1.4061  27.108105     6.5604     6.8376     2.5643    92.3078 1.0000e-12  -73.98818 -111.74930  25.516351      99.55 2.2734e+02    328.744       7891  1027.7265  1027.7262    33.9397    33.9393    8.37607         34 0.0000e+00
     88.000     87.072    -1.4078  27.107799    -1.4079  27.107526     6.5592     6.8313     2.4477    91.0267 1.0000e-12  -73.98818 -111.74930  25.516367      99.89 2.2564e+02    330.155       7925  1027.7318  1027.7316    33.9402    33.9400    8.37643         34 0.0000e+00
     89.000     88.061    -1.4100  27.107069    -1.4099  27.106828     6.5573     6.8372     2.2891    92.1456 1.0000e-12  -73.98818 -111.74930  25.516384      99.86 2.2565e+02    331.545       7958  1027.7374  1027.7370    33.9411    33.9406    8.37687         33 0.0000e+00
     90.000     89.049    -1.4102  27.107383    -1.4100  27.107123     6.5513     6.8333     2.7471    91.4295 1.0000e-12  -73.98818 -111.74930  25.516399      99.86 2.2565e+02    332.908       7991  1027.7421  1027.7417    33.9411    33.9405    8.37691         33 0.0000e+00
     91.000     90.040    -1.4105  27.107577    -1.4104  27.107487     6.5438     6.8281     2.4297    91.8734 1.0000e-12  -73.98818 -111.74928  25.516416      99.87 2.2565e+02    334.297       8024  1027.7470  1027.7468    33.9411    33.9408    8.37699         34 0.0000e+00
     92.000     91.028    -1.4108  27.108073    -1.4105  27.107877     6.5397     6.8253     2.0038    91.9906 1.0000e-12  -73.98818 -111.74928  25.516432      99.85 2.2565e+02    335.749       8059  1027.7520  1027.7516    33.9414    33.9409    8.37702         33 0.0000e+00
     93.000     92.018    -1.4106  27.108585    -1.4105  27.108317     6.5412     6.8271     2.1717    92.0457 1.0000e-12  -73.98818 -111.74928  25.516449      99.81 2.2595e+02    337.219       8094  1027.7567  1027.7562    33.9414    33.9408    8.37700         36 0.0000e+00
     94.000     93.007    -1.4109  27.108968    -1.4108  27.108571     6.5473     6.8328     2.3891    91.9934 1.0000e-12  -73.98818 -111.74928  25.516467      99.87 2.2721e+02    338.722       8130  1027.7617  1027.7612    33.9415    33.9409    8.37704         36 0.0000e+00
     95.000     93.996    -1.4112  27.109227    -1.4112  27.108840     6.5597     6.8359     2.1882    91.8017 1.0000e-12  -73.98816 -111.74928  25.516485      99.89 2.2794e+02    340.260       8167  1027.7665  1027.7661    33.9416    33.9411    8.37710         37 0.0000e+00
     96.000     94.985    -1.4137  27.108111    -1.4131  27.108135     6.5648     6.8401     2.5871    91.5252 1.0000e-12  -73.98816 -111.74928  25.516502      96.17 2.2919e+02    341.771       8204  1027.7721  1027.7715    33.9424    33.9417    8.37763         35 0.0000e+00
     97.000     95.974    -1.4167  27.106784    -1.4163  27.106673     6.5710     6.8475     2.4614    92.2085 1.0000e-12  -73.98816 -111.74926  25.516518      99.88 2.2988e+02    343.187       8237  1027.7778  1027.7772    33.9432    33.9426    8.37824         33 0.0000e+00
     98.000     96.964    -1.4205  27.104872    -1.4207  27.104548     6.5722     6.8514     2.3103    91.5010 1.0000e-12  -73.98816 -111.74926  25.516533      99.89 2.3135e+02    344.479       8268  1027.7836  1027.7835    33.9443    33.9440    8.37903         30 0.0000e+00
     99.000     97.953    -1.4272  27.101183    -1.4274  27.100816     6.5625     6.8410     2.4354    91.4586 1.0000e-12  -73.98816 -111.74926  25.516547      99.89 2.3317e+02    345.698       8298  1027.7904  1027.7901    33.9463    33.9459    8.38044         29 0.0000e+00
    100.000     98.941    -1.4288  27.101116    -1.4289  27.100815     6.5532     6.8305     2.1704    92.1913 1.0000e-12  -73.98816 -111.74926  25.516561      99.87 2.3446e+02    346.913       8327  1027.7961  1027.7958    33.9473    33.9470    8.38073         29 0.0000e+00
    101.000     99.931    -1.4302  27.101609    -1.4302  27.101245     6.5451     6.8222     1.9569    91.5872 1.0000e-12  -73.98816 -111.74924  25.516575      99.89 2.3446e+02    348.088       8355  1027.8023  1027.8019    33.9490    33.9485    8.38095         27 0.0000e+00
    102.000    100.921    -1.4309  27.101989    -1.4311  27.101670     6.5458     6.8224     2.2885    91.7890 1.0000e-12  -73.98816 -111.74924  25.516588      99.88 2.3603e+02    349.208       8382  1027.8077  1027.8074    33.9497    33.9494    8.38107         27 0.0000e+00
    103.000    101.909    -1.4364  27.100648    -1.4366  27.100270     6.5680     6.8386     2.0376    91.8241 1.0000e-12  -73.98816 -111.74924  25.516601      99.89 2.3642e+02    350.325       8409  1027.8157  1027.8155    33.9534    33.9531    8.38207         27 0.0000e+00
    104.000    102.899    -1.4411  27.098476    -1.4413  27.098127     6.5785     6.8491     2.1148    92.0606 1.0000e-12  -73.98816 -111.74924  25.516614      99.89 2.3648e+02    351.473       8436  1027.8222  1027.8220    33.9552    33.9549    8.38303         28 0.0000e+00
    105.000    103.888    -1.4544  27.090897    -1.4546  27.090699     6.5697     6.8463     2.3872    92.2696 1.0000e-12  -73.98815 -111.74924  25.516628      99.89 2.3938e+02    352.681       8465  1027.8311  1027.8310    33.9592    33.9592    8.38579         30 0.0000e+00
    106.000    104.877    -1.4627  27.086118    -1.4628  27.085763     6.5451     6.8309     1.6909    92.5309 1.0000e-12  -73.98814 -111.74924  25.516642      99.88 2.3969e+02    353.909       8495  1027.8380  1027.8377    33.9615    33.9611    8.38752         29 0.0000e+00
    107.000    105.866    -1.4621  27.088219    -1.4622  27.087889     6.5243     6.8108     1.9921    92.4419 1.0000e-12  -73.98814 -111.74924  25.516656      98.69 2.3969e+02    355.091       8523  1027.8439  1027.8436    33.9630    33.9627    8.38729         28 0.0000e+00
    108.000    106.855    -1.4600  27.091163    -1.4596  27.091136     6.5121     6.7908     2.1667    92.6090 1.0000e-12  -73.98814 -111.74924  25.516670      99.87 2.4063e+02    356.270       8551  1027.8494  1027.8489    33.9641    33.9636    8.38676         28 0.0000e+00
    109.000    107.844    -1.4577  27.094126    -1.4577  27.093604     6.5030     6.7804     1.7458    92.4137 1.0000e-12  -73.98814 -111.74924  25.516684      99.88 2.4152e+02    357.469       8580  1027.8546  1027.8540    33.9650    33.9642    8.38619         29 0.0000e+00
    110.000    108.834    -1.4566  27.095885    -1.4570  27.095316     6.4904     6.7651     1.5751    92.3787 1.0000e-12  -73.98814 -111.74922  25.516697      99.89 2.4151e+02    358.617       8608  1027.8597  1027.8595    33.9655    33.9651    8.38591         27 0.0000e+00
    111.000    109.822    -1.4574  27.096004    -1.4575  27.095619     6.4757     6.7548     1.4052    92.5945 1.0000e-12  -73.98814 -111.74922  25.516710      99.90 2.4313e+02    359.700       8634  1027.8649  1027.8645    33.9659    33.9655    8.38606         25 0.0000e+00
    112.000    110.812    -1.4565  27.097961    -1.4565  27.097362     6.4746     6.7537     1.5129    93.1002 1.0000e-12  -73.98814 -111.74922  25.516722      99.90 2.4321e+02    360.768       8659  1027.8705  1027.8699    33.9670    33.9662    8.38580         26 0.0000e+00
    113.000    111.801    -1.4537  27.101247    -1.4538  27.100844     6.4691     6.7482     1.3547    91.5714 1.0000e-12  -73.98814 -111.74922  25.516735      99.89 2.4321e+02    361.880       8686  1027.8757  1027.8752    33.9677    33.9672    8.38513         27 0.0000e+00
    114.000    112.791    -1.4534  27.102195    -1.4536  27.101554     6.4594     6.7372     1.3702    92.1915 1.0000e-12  -73.98814 -111.74922  25.516748      99.89 2.4353e+02    363.031       8714  1027.8807  1027.8801    33.9680    33.9673    8.38503         28 0.0000e+00
    115.000    113.778    -1.4497  27.107353    -1.4495  27.106909     6.4595     6.7289     1.3973    93.2497 1.0000e-12  -73.98812 -111.74922  25.516761      99.91 2.4372e+02    364.188       8742  1027.8871  1027.8864    33.9703    33.9695    8.38407         28 0.0000e+00
    116.000    114.768    -1.4495  27.108890    -1.4491  27.108894     6.4600     6.7240     1.2594    93.0760 1.0000e-12  -73.98812 -111.74922  25.516775      99.90 2.4387e+02    365.324       8769  1027.8929  1027.8926    33.9716    33.9712    8.38395         27 0.0000e+00
    117.000    115.758    -1.4509  27.108653    -1.4511  27.108023     6.4470     6.7169     1.5870    92.7675 1.0000e-12  -73.98812 -111.74920  25.516788      99.89 2.4498e+02    366.459       8796  1027.8983  1027.8979    33.9722    33.9716    8.38422         27 0.0000e+00
    118.000    116.747    -1.4562  27.104813    -1.4565  27.104216     6.4362     6.7049     1.5020    92.8594 1.0000e-12  -73.98812 -111.74920  25.516801      96.73 2.4608e+02    367.638       8824  1027.9035  1027.9032    33.9723    33.9718    8.38541         29 0.0000e+00
