ocean_section_plots/required_files/ctd/dnbp2202_ctd276.cnv
* Sea-Bird SBE 9 Data File:
* FileName = D:\Data\raw\NBP2202_CTD276.hex
* Software Version Seasave V 7.26.7.121
* Temperature SN = 1649
* Conductivity SN = 2513
* Number of Bytes Per Scan = 40
* Number of Voltage Words = 5
* Number of Scans Averaged by the Deck Unit = 1
* NMEA Latitude = 74 01.68 S
* NMEA Longitude = 116 11.17 W
* NMEA UTC (Time) = Feb 21 2022  05:08:02
* NMEA baud rate = 9600
** Ship: RVIB N.B. Palmer
** Cruise: NBP2202 Thwaites
** Station: 178
** Operator: B. Bjork
# nquan = 28
# nvalues = 807                         
# units = specified
# name 0 = prDM: Pressure, Digiquartz [db]
# name 1 = depSM: Depth [salt water, m]
# name 2 = t090C: Temperature [ITS-90, deg C]
# name 3 = c0mS/cm: Conductivity [mS/cm]
# name 4 = t190C: Temperature, 2 [ITS-90, deg C]
# name 5 = c1mS/cm: Conductivity, 2 [mS/cm]
# name 6 = sbeox0ML/L: Oxygen, SBE 43 [ml/l]
# name 7 = sbeox1ML/L: Oxygen, SBE 43, 2 [ml/l]
# name 8 = flECO-AFL: Fluorescence, WET Labs ECO-AFL/FL [mg/m^3]
# name 9 = CStarTr0: Beam Transmission, WET Labs C-Star [%]
# name 10 = par: PAR/Irradiance, Biospherical/Licor
# name 11 = latitude: Latitude [deg]
# name 12 = longitude: Longitude [deg]
# name 13 = timeJ: Julian Days
# name 14 = altM: Altimeter [m]
# name 15 = spar: SPAR, Biospherical/Licor
# name 16 = timeS: Time, Elapsed [seconds]
# name 17 = scan: Scan Count
# name 18 = density00: Density [density, kg/m^3]
# name 19 = density11: Density, 2 [density, kg/m^3]
# name 20 = v3: Voltage 3
# name 21 = v4: Voltage 4
# name 22 = v5: Voltage 5
# name 23 = sal00: Salinity, Practical [PSU]
# name 24 = sal11: Salinity, Practical, 2 [PSU]
# name 25 = oxsolML/L: Oxygen Saturation, Garcia & Gordon [ml/l]
# name 26 = nbin: number of scans per bin
# name 27 = flag: flag
# span 0 =      2.000,    808.000       
# span 1 =      1.977,    798.088       
# span 2 =    -1.8347,     0.4725       
# span 3 =  26.928597,  29.463202       
# span 4 =    -1.8339,     0.4750       
# span 5 =  26.928900,  29.463848       
# span 6 =     4.5590,     9.0723       
# span 7 =     4.6693,     9.3965       
# span 8 =     0.0714,     9.7770       
# span 9 =    86.9491,    98.6141       
# span 10 = -2.343e-05, 3.4579e+00      
# span 11 =  -74.02802,  -74.02802      
# span 12 = -116.18628, -116.18624      
# span 13 =  52.215889,  52.227700      
# span 14 =       3.27,     100.77      
# span 15 = 1.7716e+01, 3.2496e+01      
# span 16 =    170.834,   1191.261      
# span 17 =       4101,      28591      
# span 18 =  1027.1473,  1031.5225      
# span 19 =  1027.1481,  1031.5208      
# span 20 =     4.1250,     4.6780      
# span 21 =     0.0808,     1.4834      
# span 22 =     0.1071,     0.2381      
# span 23 =    33.7563,    34.5482      
# span 24 =    33.7565,    34.5462      
# span 25 =    7.93750,    8.46604      
# span 26 =         22,         63      
# span 27 = 0.0000e+00, 0.0000e+00      
# interval = decibars: 1                
# start_time = Feb 21 2022 05:08:02 [NMEA time, header]
# bad_flag = -9.990e-29
*END*
[from data line 570]
    572.000    565.303    -0.4473  28.424241    -0.4448  28.424822     5.2389     5.3740     0.1180    98.5130 1.0000e-12  -74.02802 -116.18626  52.223601      89.48 2.3283e+01    837.122      20092  1030.3167  1030.3148     4.6733     0.0880     0.1154    34.3446    34.3425    8.14193         26 0.0000e+00
    573.000    566.290    -0.4451  28.426781    -0.4427  28.427285     5.2340     5.3682     0.1584    98.5287 1.0000e-12  -74.02802 -116.18626  52.223613      99.82 2.2919e+01    838.183      20117  1030.3216  1030.3198     4.6740     0.0893     0.1148    34.3449    34.3429    8.14144         26 0.0000e+00
    574.000    567.277    -0.4385  28.434228    -0.4355  28.434986     5.2327     5.3680     0.1207    98.5356 1.0000e-12  -74.02802 -116.18626  52.223626      99.91 2.6105e+01    839.249      20143  1030.3274  1030.3253     4.6743     0.0894     0.1140    34.3468    34.3445    8.13991         26 0.0000e+00
    575.000    568.265    -0.4278  28.445181    -0.4254  28.445598     5.2290     5.3628     0.1033    98.3515 1.0000e-12  -74.02802 -116.18626  52.223638      99.91 2.3972e+01    840.335      20169  1030.3328  1030.3310     4.6658     0.0890     0.1117    34.3488    34.3467    8.13751         25 0.0000e+00
    576.000    569.250    -0.4238  28.449648    -0.4215  28.450014     5.2190     5.3575     0.1148    98.4950 1.0000e-12  -74.02802 -116.18626  52.223650      99.91 2.1563e+01    841.395      20194  1030.3381  1030.3363     4.6725     0.0911     0.1119    34.3498    34.3476    8.13661         26 0.0000e+00
    577.000    570.238    -0.4229  28.451129    -0.4208  28.451375     5.2315     5.3566     0.1104    98.5226 1.0000e-12  -74.02802 -116.18626  52.223663      99.91 2.5125e+01    842.470      20220  1030.3432  1030.3414     4.6737     0.0910     0.1104    34.3501    34.3480    8.13639         26 0.0000e+00
    578.000    571.225    -0.4190  28.455254    -0.4170  28.455450     5.2316     5.3593     0.1157    98.5528 1.0000e-12  -74.02802 -116.18626  52.223676      99.91 2.5291e+01    843.570      20247  1030.3481  1030.3463     4.6752     0.0884     0.1117    34.3507    34.3486    8.13553         26 0.0000e+00
    579.000    572.211    -0.4221  28.452966    -0.4199  28.453333     5.2342     5.3653     0.1291    98.5526 1.0000e-12  -74.02802 -116.18626  52.223688      99.91 2.3140e+01    844.636      20272  1030.3531  1030.3513     4.6752     0.0888     0.1115    34.3504    34.3485    8.13619         26 0.0000e+00
    580.000    573.199    -0.4208  28.454621    -0.4188  28.454823     5.2306     5.3674     0.1318    98.5066 1.0000e-12  -74.02802 -116.18626  52.223700      99.91 2.4805e+01    845.698      20298  1030.3579  1030.3562     4.6730     0.0903     0.1104    34.3506    34.3487    8.13591         25 0.0000e+00
    581.000    574.185    -0.4229  28.453338    -0.4198  28.454441     5.2274     5.3690     0.1260    98.5371 1.0000e-12  -74.02802 -116.18626  52.223713      99.91 2.4884e+01    846.784      20324  1030.3629  1030.3611     4.6744     0.0907     0.1112    34.3506    34.3487    8.13635         26 0.0000e+00
    582.000    575.173    -0.4230  28.453842    -0.4204  28.454446     5.2301     5.3684     0.1185    98.5495 1.0000e-12  -74.02802 -116.18626  52.223725      99.91 2.2762e+01    847.840      20349  1030.3678  1030.3660     4.6750     0.0896     0.1098    34.3508    34.3488    8.13636         25 0.0000e+00
    583.000    576.159    -0.4179  28.459855    -0.4155  28.460088     5.2227     5.3629     0.1272    98.5191 1.0000e-12  -74.02802 -116.18626  52.223737      99.92 2.5004e+01    848.889      20374  1030.3735  1030.3714     4.6736     0.0896     0.1115    34.3526    34.3502    8.13518         26 0.0000e+00
    584.000    577.146    -0.4109  28.467132    -0.4086  28.467428     5.2115     5.3549     0.1474    98.5297 1.0000e-12  -74.02802 -116.18626  52.223750      87.00 2.4616e+01    849.968      20400  1030.3787  1030.3768     4.6741     0.1073     0.1128    34.3538    34.3516    8.13360         26 0.0000e+00
    585.000    578.132    -0.4004  28.477743    -0.3984  28.477685     5.2050     5.3437     0.1390    98.5360 1.0000e-12  -74.02802 -116.18626  52.223762      95.77 2.2737e+01    851.024      20426  1030.3840  1030.3820     4.6744     0.0874     0.1119    34.3556    34.3533    8.13127         25 0.0000e+00
    586.000    579.121    -0.3928  28.485524    -0.3904  28.485773     5.1991     5.3367     0.1221    98.5328 1.0000e-12  -74.02802 -116.18626  52.223774      99.85 2.3315e+01    852.088      20451  1030.3891  1030.3871     4.6742     0.0900     0.1116    34.3568    34.3545    8.12956         26 0.0000e+00
    587.000    580.107    -0.3882  28.490372    -0.3857  28.490866     5.1897     5.3262     0.1267    98.5259 1.0000e-12  -74.02802 -116.18626  52.223787      99.91 2.6017e+01    853.180      20477  1030.3941  1030.3922     4.6739     0.1004     0.1107    34.3575    34.3554    8.12853         26 0.0000e+00
    588.000    581.093    -0.3833  28.495648    -0.3812  28.495679     5.1906     5.3205     0.1274    98.5114 1.0000e-12  -74.02802 -116.18626  52.223799      99.91 2.2726e+01    854.243      20503  1030.3992  1030.3972     4.6732     0.0878     0.1112    34.3585    34.3561    8.12744         25 0.0000e+00
    589.000    582.082    -0.3739  28.505175    -0.3716  28.505458     5.1815     5.3179     0.1491    98.5032 1.0000e-12  -74.02802 -116.18626  52.223811      99.91 2.3055e+01    855.282      20528  1030.4045  1030.4025     4.6729     0.0952     0.1096    34.3600    34.3578    8.12534         25 0.0000e+00
    590.000    583.066    -0.3707  28.508750    -0.3685  28.508901     5.1849     5.3167     0.1568    98.5011 1.0000e-12  -74.02802 -116.18626  52.223823      99.92 2.5954e+01    856.349      20553  1030.4095  1030.4075     4.6728     0.0893     0.1110    34.3606    34.3583    8.12463         26 0.0000e+00
    591.000    584.055    -0.3672  28.512405    -0.3653  28.512457     5.1861     5.3132     0.1280    98.4938 1.0000e-12  -74.02802 -116.18626  52.223836      99.91 2.1649e+01    857.416      20579  1030.4143  1030.4125     4.6724     0.0897     0.1093    34.3609    34.3588    8.12385         25 0.0000e+00
    592.000    585.041    -0.3652  28.514849    -0.3628  28.515349     5.1806     5.3087     0.1129    98.5238 1.0000e-12  -74.02802 -116.18626  52.223848      99.91 2.2576e+01    858.477      20604  1030.4193  1030.4175     4.6738     0.0923     0.1109    34.3613    34.3593    8.12341         26 0.0000e+00
    593.000    586.027    -0.3622  28.518324    -0.3600  28.518526     5.1758     5.3118     0.1235    98.5209 1.0000e-12  -74.02802 -116.18626  52.223861      99.91 2.5210e+01    859.557      20630  1030.4244  1030.4225     4.6737     0.0911     0.1106    34.3620    34.3598    8.12273         26 0.0000e+00
    594.000    587.015    -0.3620  28.518817    -0.3595  28.519401     5.1686     5.3086     0.1388    98.5505 1.0000e-12  -74.02802 -116.18626  52.223873      99.91 2.1511e+01    860.624      20656  1030.4291  1030.4273     4.6750     0.0923     0.1088    34.3619    34.3598    8.12270         25 0.0000e+00
    595.000    588.002    -0.3625  28.518822    -0.3601  28.519244     5.1731     5.3114     0.1385    98.5250 1.0000e-12  -74.02802 -116.18626  52.223885      99.91 2.1717e+01    861.655      20681  1030.4339  1030.4321     4.6739     0.0906     0.1120    34.3618    34.3597    8.12280         25 0.0000e+00
    596.000    588.990    -0.3602  28.521338    -0.3582  28.521536     5.1613     5.2997     0.1194    98.4888 1.0000e-12  -74.02802 -116.18626  52.223897      81.90 2.6099e+01    862.712      20706  1030.4387  1030.4370     4.6722     0.0905     0.1103    34.3620    34.3601    8.12230         26 0.0000e+00
    597.000    589.975    -0.3526  28.529493    -0.3504  28.529404     5.1543     5.2923     0.1139    98.5254 1.0000e-12  -74.02802 -116.18626  52.223910      85.86 2.1695e+01    863.781      20732  1030.4442  1030.4420     4.6739     0.0920     0.1099    34.3638    34.3612    8.12058         25 0.0000e+00
    598.000    590.963    -0.3395  28.542622    -0.3371  28.542901     5.1449     5.2808     0.1234    98.5207 1.0000e-12  -74.02802 -116.18626  52.223922      98.53 2.1299e+01    864.823      20757  1030.4495  1030.4475     4.6737     0.0927     0.1122    34.3659    34.3636    8.11766         25 0.0000e+00
    599.000    591.948    -0.3367  28.545680    -0.3343  28.546066     5.1433     5.2827     0.1185    98.5258 1.0000e-12  -74.02802 -116.18626  52.223934      99.90 2.5596e+01    865.888      20782  1030.4543  1030.4525     4.6739     0.1449     0.1131    34.3662    34.3641    8.11704         26 0.0000e+00
    600.000    592.936    -0.3343  28.548439    -0.3320  28.548741     5.1409     5.2772     0.1426    98.5229 1.0000e-12  -74.02802 -116.18626  52.223946      99.91 2.2326e+01    866.973      20808  1030.4593  1030.4574     4.6738     0.0906     0.1098    34.3666    34.3645    8.11651         26 0.0000e+00
    601.000    593.923    -0.3304  28.552677    -0.3281  28.552953     5.1366     5.2695     0.2012    98.5298 1.0000e-12  -74.02802 -116.18626  52.223959      99.91 2.1241e+01    868.026      20834  1030.4644  1030.4624     4.6741     0.0933     0.1110    34.3673    34.3651    8.11565         25 0.0000e+00
    602.000    594.910    -0.3231  28.560381    -0.3208  28.560505     5.1264     5.2592     0.1684    98.5131 1.0000e-12  -74.02802 -116.18626  52.223971      99.91 2.5522e+01    869.095      20859  1030.4697  1030.4676     4.6733     0.0897     0.1113    34.3688    34.3664    8.11401         26 0.0000e+00
    603.000    595.896    -0.3147  28.569088    -0.3124  28.569238     5.1180     5.2517     0.1181    98.3500 1.0000e-12  -74.02802 -116.18626  52.223983      99.91 2.2552e+01    870.171      20885  1030.4750  1030.4729     4.6655     0.0914     0.1106    34.3703    34.3680    8.11212         25 0.0000e+00
    604.000    596.883    -0.3048  28.579356    -0.3029  28.579288     5.1165     5.2488     0.1312    98.4464 1.0000e-12  -74.02802 -116.18626  52.223995      99.91 2.1297e+01    871.208      20910  1030.4806  1030.4786     4.6701     0.0923     0.1145    34.3723    34.3701    8.10991         25 0.0000e+00
    605.000    597.869    -0.2954  28.589323    -0.2933  28.589280     5.1136     5.2435     0.1259    98.5404 1.0000e-12  -74.02802 -116.18626  52.224007      99.91 2.4093e+01    872.241      20935  1030.4862  1030.4842     4.6746     0.0919     0.1090    34.3744    34.3720    8.10778         25 0.0000e+00
    606.000    598.856    -0.2934  28.591591    -0.2911  28.592015     5.1155     5.2444     0.2078    98.5279 1.0000e-12  -74.02802 -116.18626  52.224020      99.91 2.3330e+01    873.304      20960  1030.4910  1030.4892     4.6740     0.0887     0.1105    34.3745    34.3725    8.10734         26 0.0000e+00
    607.000    599.844    -0.2922  28.593500    -0.2900  28.593706     5.1136     5.2414     0.1250    98.5321 1.0000e-12  -74.02802 -116.18628  52.224032      99.91 2.0556e+01    874.358      20986  1030.4963  1030.4944     4.6742     0.0908     0.1094    34.3751    34.3730    8.10705         24 0.0000e+00
    608.000    600.831    -0.2900  28.596199    -0.2876  28.596680     5.1128     5.2426     0.2012    98.5467 1.0000e-12  -74.02802 -116.18626  52.224044      91.66 2.2862e+01    875.402      21011  1030.5014  1030.4995     4.6749     0.0896     0.1107    34.3757    34.3736    8.10656         26 0.0000e+00
    609.000    601.816    -0.2885  28.598126    -0.2862  28.598507     5.1139     5.2403     0.2033    98.5547 1.0000e-12  -74.02802 -116.18626  52.224056      84.23 2.4977e+01    876.466      21036  1030.5063  1030.5045     4.6752     0.0888     0.1112    34.3760    34.3739    8.10622         25 0.0000e+00
    610.000    602.804    -0.2861  28.601176    -0.2837  28.601664     5.1086     5.2451     0.1547    98.4547 1.0000e-12  -74.02802 -116.18626  52.224068      95.96 2.1117e+01    877.510      21061  1030.5116  1030.5097     4.6705     0.0939     0.1109    34.3768    34.3747    8.10567         25 0.0000e+00
    611.000    603.791    -0.2829  28.604965    -0.2806  28.605181     5.1047     5.2459     0.1476    98.4133 1.0000e-12  -74.02802 -116.18627  52.224080      99.87 2.2296e+01    878.552      21086  1030.5167  1030.5148     4.6686     0.0954     0.1148    34.3776    34.3753    8.10493         26 0.0000e+00
    612.000    604.776    -0.2797  28.608847    -0.2774  28.609111     5.1001     5.2331     0.1595    98.5230 1.0000e-12  -74.02802 -116.18628  52.224093      99.91 2.4805e+01    879.618      21112  1030.5220  1030.5201     4.6738     0.0941     0.1110    34.3786    34.3764    8.10420         25 0.0000e+00
    613.000    605.764    -0.2735  28.615644    -0.2714  28.615731     5.1017     5.2314     0.2033    98.4845 1.0000e-12  -74.02802 -116.18628  52.224105      99.91 2.0655e+01    880.668      21137  1030.5275  1030.5255     4.6720     0.1041     0.1117    34.3801    34.3778    8.10280         25 0.0000e+00
    614.000    606.750    -0.2656  28.623716    -0.2634  28.624000     5.0964     5.2218     0.1756    98.5096 1.0000e-12  -74.02802 -116.18628  52.224117      99.91 2.1482e+01    881.714      21162  1030.5327  1030.5308     4.6731     0.0926     0.1093    34.3814    34.3793    8.10105         26 0.0000e+00
    615.000    607.737    -0.2621  28.627700    -0.2597  28.628126     5.0950     5.2193     0.1496    98.4753 1.0000e-12  -74.02802 -116.18628  52.224130      99.91 2.4682e+01    882.792      21188  1030.5377  1030.5358     4.6715     0.0958     0.1134    34.3821    34.3800    8.10026         25 0.0000e+00
    616.000    608.723    -0.2596  28.630470    -0.2572  28.630891     5.0930     5.2189     0.1521    98.4657 1.0000e-12  -74.02802 -116.18628  52.224142      99.91 1.9886e+01    883.865      21214  1030.5426  1030.5407     4.6711     0.0948     0.1086    34.3825    34.3803    8.09971         25 0.0000e+00
    617.000    609.711    -0.2584  28.632201    -0.2560  28.632685     5.0947     5.2160     0.2175    98.4702 1.0000e-12  -74.02802 -116.18628  52.224154      99.91 2.0887e+01    884.892      21238  1030.5475  1030.5457     4.6713     0.0970     0.1121    34.3827    34.3807    8.09943         25 0.0000e+00
    618.000    610.697    -0.2547  28.636380    -0.2524  28.636676     5.0861     5.2160     0.2245    98.4764 1.0000e-12  -74.02802 -116.18628  52.224166      99.91 2.5602e+01    885.934      21263  1030.5527  1030.5507     4.6715     0.0990     0.1105    34.3836    34.3814    8.09860         25 0.0000e+00
    619.000    611.684    -0.2508  28.640570    -0.2488  28.640808     5.0800     5.2162     0.1753    98.4724 1.0000e-12  -74.02802 -116.18628  52.224178      99.91 1.9613e+01    886.976      21288  1030.5576  1030.5559     4.6714     0.1032     0.1116    34.3842    34.3822    8.09774         26 0.0000e+00
    620.000    612.672    -0.2473  28.644768    -0.2451  28.645012     5.0747     5.2026     0.1594    98.4689 1.0000e-12  -74.02802 -116.18628  52.224190      82.93 2.0412e+01    888.010      21313  1030.5629  1030.5611     4.6712     0.0949     0.1103    34.3852    34.3831    8.09693         24 0.0000e+00
    621.000    613.657    -0.2393  28.652924    -0.2373  28.653029     5.0717     5.1991     0.1680    98.4644 1.0000e-12  -74.02802 -116.18628  52.224202      78.14 2.5361e+01    889.078      21339  1030.5680  1030.5662     4.6710     0.1098     0.1111    34.3866    34.3844    8.09517         26 0.0000e+00
    622.000    614.644    -0.2315  28.661515    -0.2298  28.661031     5.0659     5.1939     0.1673    98.4526 1.0000e-12  -74.02802 -116.18628  52.224215      91.81 2.1024e+01    890.145      21364  1030.5738  1030.5717     4.6704     0.0984     0.1101    34.3886    34.3861    8.09339         26 0.0000e+00
