ocean_section_plots/required_files/ctd/dnbp2202_ctd094.cnv
* Sea-Bird SBE 9 Data File:
* FileName = D:\Data\raw\NBP2202_CTD094.hex
* Software Version Seasave V 7.26.7.121
* Temperature SN = 1649
* Conductivity SN = 2513
* Number of Bytes Per Scan = 40
* Number of Voltage Words = 5
* Number of Scans Averaged by the Deck Unit = 1
* NMEA Latitude = 74 10.51 S
* NMEA Longitude = 113 20.67 W
* NMEA UTC (Time) = Jan 26 2022  23:34:11
* NMEA baud rate = 9600
** Ship: RVIB N.B. Palmer
** Cruise: NBP2202 Thwaites
** Station: YoYo001
** Operator: A. Robinson
# nquan = 25
# nvalues = 609                         
# units = specified
# name 0 = prDM: Pressure, Digiquartz [db]
# name 1 = depSM: Depth [salt water, m]
# name 2 = t090C: Temperature [ITS-90, deg C]
# name 3 = c0mS/cm: Conductivity [mS/cm]
# name 4 = t190C: Temperature, 2 [ITS-90, deg C]
# name 5 = c1mS/cm: Conductivity, 2 [mS/cm]
# name 6 = sbeox0ML/L: Oxygen, SBE 43 [ml/l]
# name 7 = sbeox1ML/L: Oxygen, SBE 43, 2 [ml/l]
# name 8 = flECO-AFL: Fluorescence, WET Labs ECO-AFL/FL [mg/m^3]
# name 9 = CStarTr0: Beam Transmission, WET Labs C-Star [%]
# name 10 = par: PAR/Irradiance, Biospherical/Licor
# name 11 = latitude: Latitude [deg]
# name 12 = longitude: Longitude [deg]
# name 13 = timeJ: Julian Days
# name 14 = altM: Altimeter [m]
# name 15 = spar: SPAR, Biospherical/Licor
# name 16 = timeS: Time, Elapsed [seconds]
# name 17 = scan: Scan Count
# name 18 = density00: Density [density, kg/m^3]
# name 19 = density11: Density, 2 [density, kg/m^3]
# name 20 = sal00: Salinity, Practical [PSU]
# name 21 = sal11: Salinity, Practical, 2 [PSU]
# name 22 = oxsolML/L: Oxygen Saturation, Garcia & Gordon [ml/l]
# name 23 = nbin: number of scans per bin
# name 24 = flag: flag
# span 0 =     10.000,    618.000       
# span 1 =      9.896,    610.697       
# span 2 =    -1.5509,     0.1011       
# span 3 =  26.885978,  28.937394       
# span 4 =    -1.5490,     0.1026       
# span 5 =  26.886607,  28.936564       
# span 6 =     4.6825,     8.4336       
# span 7 =     4.7454,     8.2038       
# span 8 =    -0.0221,    24.6674       
# span 9 =    69.8851,    95.4739       
# span 10 = -3.675e-05, 5.6307e+01      
# span 11 =  -74.17530,  -74.17528      
# span 12 = -113.34461, -113.34456      
# span 13 =  26.982473,  26.992198      
# span 14 =       3.46,     100.29      
# span 15 = 1.8123e+03, 1.8263e+03      
# span 16 =     34.690,    874.897      
# span 17 =        834,      20999      
# span 18 =  1027.2242,  1030.5288      
# span 19 =  1027.2200,  1030.5264      
# span 20 =    33.7896,    34.3834      
# span 21 =    33.7873,    34.3806      
# span 22 =    8.02363,    8.41619      
# span 23 =         22,         47      
# span 24 = 0.0000e+00, 0.0000e+00      
# interval = decibars: 1                
# start_time = Jan 26 2022 23:34:11 [NMEA time, header]
# bad_flag = -9.990e-29
*END*
[from data line 290]
    300.000    296.681    -0.6467  27.960477    -0.6446  27.960246     4.9374     5.0110    -0.0087    95.2328 1.0000e-12  -74.17530 -113.34458  26.987023      60.58 1.8228e+03    427.784      10268  1028.8502  1028.8480    34.1101    34.1075    8.19841         29 0.0000e+00
    301.000    297.668    -0.6461  27.961605    -0.6441  27.961297     4.9323     5.0092    -0.0171    95.2397 1.0000e-12  -74.17530 -113.34458  26.987037      99.16 1.8228e+03    428.978      10296  1028.8552  1028.8529    34.1103    34.1076    8.19827         29 0.0000e+00
    302.000    298.656    -0.6455  27.962655    -0.6437  27.962349     4.9299     5.0028    -0.0117    95.2284 1.0000e-12  -74.17530 -113.34458  26.987051      99.86 1.8228e+03    430.172      10325  1028.8601  1028.8580    34.1105    34.1080    8.19814         28 0.0000e+00
    303.000    299.644    -0.6437  27.965201    -0.6418  27.964836     4.9280     5.0063    -0.0122    95.2329 1.0000e-12  -74.17530 -113.34458  26.987064      99.87 1.8228e+03    431.368      10354  1028.8654  1028.8631    34.1113    34.1087    8.19770         28 0.0000e+00
    304.000    300.633    -0.6430  27.966452    -0.6411  27.966048     4.9331     5.0081    -0.0133    95.2373 1.0000e-12  -74.17530 -113.34458  26.987078      99.87 1.8228e+03    432.558      10382  1028.8704  1028.8681    34.1116    34.1089    8.19754         29 0.0000e+00
    305.000    301.622    -0.6424  27.967716    -0.6405  27.967307     4.9334     5.0049    -0.0122    95.2390 1.0000e-12  -74.17530 -113.34458  26.987092      99.86 1.8228e+03    433.737      10411  1028.8754  1028.8731    34.1120    34.1093    8.19738         29 0.0000e+00
    306.000    302.608    -0.6392  27.971681    -0.6371  27.971416     4.9343     5.0001    -0.0163    95.2365 1.0000e-12  -74.17530 -113.34458  26.987106      99.87 1.8228e+03    434.930      10439  1028.8809  1028.8785    34.1132    34.1104    8.19662         28 0.0000e+00
    307.000    303.597    -0.6340  27.977702    -0.6321  27.977091     4.9304     4.9986    -0.0185    95.2402 1.0000e-12  -74.17530 -113.34458  26.987120      99.86 1.8228e+03    436.128      10468  1028.8866  1028.8841    34.1148    34.1118    8.19540         28 0.0000e+00
    308.000    304.586    -0.6278  27.984735    -0.6252  27.984837     4.9209     4.9992    -0.0183    95.2208 1.0000e-12  -74.17530 -113.34458  26.987133      99.87 1.8228e+03    437.319      10497  1028.8924  1028.8900    34.1167    34.1139    8.19395         29 0.0000e+00
    309.000    305.573    -0.6229  27.990271    -0.6209  27.990000     4.9217     5.0014    -0.0124    95.2257 1.0000e-12  -74.17530 -113.34458  26.987147      90.07 1.8228e+03    438.513      10525  1028.8979  1028.8957    34.1180    34.1154    8.19280         29 0.0000e+00
    310.000    306.562    -0.6168  27.997350    -0.6149  27.996782     4.9232     4.9946    -0.0173    95.2221 1.0000e-12  -74.17530 -113.34458  26.987161      94.05 1.8228e+03    439.707      10554  1028.9040  1028.9015    34.1201    34.1172    8.19137         29 0.0000e+00
    311.000    307.549    -0.6152  27.999526    -0.6132  27.999211     4.9165     4.9884    -0.0136    95.2133 1.0000e-12  -74.17530 -113.34458  26.987175      99.82 1.8228e+03    440.906      10583  1028.9090  1028.9068    34.1205    34.1179    8.19098         29 0.0000e+00
    312.000    308.539    -0.6106  28.004910    -0.6082  28.004883     4.9106     4.9891    -0.0060    95.2229 1.0000e-12  -74.17530 -113.34458  26.987189      99.86 1.8228e+03    442.117      10612  1028.9148  1028.9124    34.1221    34.1193    8.18991         29 0.0000e+00
    313.000    309.526    -0.6031  28.013484    -0.6012  28.012830     4.9120     4.9806    -0.0119    95.2181 1.0000e-12  -74.17530 -113.34458  26.987203      99.87 1.8228e+03    443.318      10641  1028.9210  1028.9185    34.1245    34.1215    8.18814         28 0.0000e+00
    314.000    310.514    -0.5999  28.017062    -0.5980  28.016759     4.9124     4.9882    -0.0074    95.2181 1.0000e-12  -74.17529 -113.34458  26.987216      99.86 1.8228e+03    444.483      10669  1028.9262  1028.9240    34.1252    34.1227    8.18742         28 0.0000e+00
    315.000    311.504    -0.5981  28.020030    -0.5960  28.019606     4.9160     4.9808    -0.0025    95.2227 1.0000e-12  -74.17529 -113.34458  26.987230      99.86 1.8229e+03    445.642      10696  1028.9319  1028.9295    34.1265    34.1236    8.18694         28 0.0000e+00
    316.000    312.490    -0.6006  28.018682    -0.5985  28.018454     4.9146     4.9880    -0.0096    95.2042 1.0000e-12  -74.17529 -113.34458  26.987243      99.87 1.8232e+03    446.820      10725  1028.9373  1028.9350    34.1269    34.1242    8.18747         28 0.0000e+00
    317.000    313.479    -0.5923  28.027166    -0.5902  28.026642     4.9138     4.9916    -0.0114    95.2217 1.0000e-12  -74.17529 -113.34458  26.987257      99.87 1.8236e+03    448.028      10754  1028.9426  1028.9401    34.1283    34.1254    8.18558         30 0.0000e+00
    318.000    314.467    -0.5958  28.024817    -0.5941  28.024438     4.9361     5.0036    -0.0105    95.2329 1.0000e-12  -74.17528 -113.34458  26.987272      99.86 1.8244e+03    449.260      10783  1028.9480  1028.9459    34.1286    34.1261    8.18634         29 0.0000e+00
    319.000    315.455    -0.6020  28.019717    -0.6004  28.019446     4.9542     5.0232    -0.0103    95.2281 1.0000e-12  -74.17528 -113.34458  26.987286      99.87 1.8246e+03    450.466      10812  1028.9528  1028.9510    34.1280    34.1258    8.18770         28 0.0000e+00
    320.000    316.444    -0.6189  28.005143    -0.6176  28.004856     4.9636     5.0292    -0.0029    95.2257 1.0000e-12  -74.17528 -113.34458  26.987299      80.56 1.8246e+03    451.633      10840  1028.9580  1028.9564    34.1269    34.1250    8.19143         29 0.0000e+00
    321.000    317.431    -0.6250  28.000772    -0.6230  28.000515     4.9716     5.0377    -0.0155    95.2254 1.0000e-12  -74.17528 -113.34458  26.987313      96.13 1.8246e+03    452.804      10868  1028.9635  1028.9613    34.1272    34.1246    8.19273         28 0.0000e+00
    322.000    318.421    -0.6285  27.998447    -0.6268  27.998054     4.9799     5.0427    -0.0092    95.2320 1.0000e-12  -74.17528 -113.34458  26.987326      99.90 1.8248e+03    453.992      10897  1028.9686  1028.9666    34.1274    34.1250    8.19347         28 0.0000e+00
    323.000    319.407    -0.6293  27.998829    -0.6270  27.998771     4.9715     5.0358    -0.0090    95.2301 1.0000e-12  -74.17528 -113.34458  26.987340      99.87 1.8252e+03    455.195      10926  1028.9740  1028.9717    34.1282    34.1255    8.19360         29 0.0000e+00
    324.000    320.395    -0.6244  28.004034    -0.6227  28.003325     4.9687     5.0409    -0.0058    95.2276 1.0000e-12  -74.17528 -113.34458  26.987354      99.87 1.8263e+03    456.394      10954  1028.9791  1028.9766    34.1292    34.1263    8.19249         30 0.0000e+00
    325.000    321.384    -0.6216  28.007470    -0.6201  28.006593     4.9704     5.0376    -0.0144    95.2409 1.0000e-12  -74.17528 -113.34458  26.987368      99.87 1.8256e+03    457.588      10983  1028.9842  1028.9819    34.1299    34.1272    8.19182         28 0.0000e+00
    326.000    322.372    -0.6210  28.009285    -0.6190  28.008932     4.9687     5.0409    -0.0135    95.2504 1.0000e-12  -74.17528 -113.34458  26.987382      99.87 1.8250e+03    458.775      11012  1028.9898  1028.9875    34.1311    34.1284    8.19163         29 0.0000e+00
    327.000    323.360    -0.6207  28.010601    -0.6188  28.010256     4.9713     5.0451    -0.0111    95.2412 1.0000e-12  -74.17528 -113.34458  26.987395      99.86 1.8256e+03    459.962      11040  1028.9953  1028.9931    34.1320    34.1294    8.19152         28 0.0000e+00
    328.000    324.348    -0.6192  28.013037    -0.6167  28.013002     4.9521     5.0367    -0.0106    95.2448 1.0000e-12  -74.17528 -113.34458  26.987409      99.86 1.8262e+03    461.147      11069  1029.0007  1028.9982    34.1329    34.1301    8.19114         28 0.0000e+00
    329.000    325.336    -0.6118  28.021177    -0.6092  28.021161     4.9275     5.0129    -0.0168    95.2558 1.0000e-12  -74.17528 -113.34458  26.987423      99.87 1.8262e+03    462.328      11097  1029.0065  1029.0040    34.1350    34.1320    8.18942         29 0.0000e+00
    330.000    326.324    -0.5783  28.056781    -0.5753  28.056113     4.9132     4.9977    -0.0035    95.2594 1.0000e-12  -74.17528 -113.34458  26.987436      99.86 1.8248e+03    463.504      11125  1029.0163  1029.0128    34.1445    34.1403    8.18162         28 0.0000e+00
    331.000    327.313    -0.5519  28.083956    -0.5499  28.083255     4.9124     4.9875    -0.0099    95.2532 1.0000e-12  -74.17528 -113.34458  26.987450      81.20 1.8247e+03    464.697      11154  1029.0241  1029.0215    34.1508    34.1475    8.17557         29 0.0000e+00
    332.000    328.301    -0.5429  28.094009    -0.5408  28.093563     4.9082     4.9864    -0.0098    95.2237 1.0000e-12  -74.17528 -113.34458  26.987464      91.86 1.8251e+03    465.892      11182  1029.0307  1029.0282    34.1535    34.1506    8.17346         28 0.0000e+00
    333.000    329.287    -0.5390  28.098629    -0.5368  28.098424     4.9153     4.9869    -0.0126    95.2446 1.0000e-12  -74.17528 -113.34458  26.987478      99.82 1.8246e+03    467.098      11211  1029.0364  1029.0340    34.1548    34.1520    8.17256         30 0.0000e+00
    334.000    330.277    -0.5372  28.101172    -0.5349  28.100936     4.9098     4.9817    -0.0135    95.2576 1.0000e-12  -74.17528 -113.34458  26.987492      99.87 1.8246e+03    468.310      11240  1029.0418  1029.0393    34.1555    34.1526    8.17211         28 0.0000e+00
    335.000    331.265    -0.5323  28.106965    -0.5298  28.106703     4.9042     4.9804    -0.0063    95.2504 1.0000e-12  -74.17528 -113.34458  26.987506      99.87 1.8246e+03    469.516      11269  1029.0477  1029.0450    34.1572    34.1540    8.17096         29 0.0000e+00
    336.000    332.251    -0.5248  28.115137    -0.5240  28.113177     4.9038     4.9758    -0.0107    95.2425 1.0000e-12  -74.17528 -113.34458  26.987520      99.86 1.8246e+03    470.710      11298  1029.0536  1029.0508    34.1592    34.1556    8.16925         29 0.0000e+00
    337.000    333.241    -0.5223  28.118027    -0.5212  28.116820     4.9074     4.9709    -0.0098    95.2392 1.0000e-12  -74.17528 -113.34458  26.987533      99.87 1.8246e+03    471.891      11326  1029.0587  1029.0564    34.1596    34.1567    8.16867         28 0.0000e+00
    338.000    334.229    -0.5211  28.119731    -0.5192  28.119103     4.9082     4.9790    -0.0153    95.2354 1.0000e-12  -74.17528 -113.34458  26.987547      99.86 1.8246e+03    473.087      11355  1029.0638  1029.0613    34.1599    34.1570    8.16839         29 0.0000e+00
    339.000    335.217    -0.5222  28.118892    -0.5199  28.118865     4.9050     4.9758    -0.0130    95.2354 1.0000e-12  -74.17528 -113.34458  26.987561      99.87 1.8246e+03    474.282      11384  1029.0684  1029.0662    34.1595    34.1568    8.16866         29 0.0000e+00
    340.000    336.204    -0.5233  28.118389    -0.5201  28.118972     4.9051     4.9725    -0.0105    95.2433 1.0000e-12  -74.17528 -113.34458  26.987575      99.87 1.8246e+03    475.484      11413  1029.0733  1029.0709    34.1594    34.1566    8.16889         29 0.0000e+00
    341.000    337.193    -0.5137  28.128341    -0.5122  28.127597     4.9110     4.9889    -0.0115    95.2366 1.0000e-12  -74.17528 -113.34458  26.987589      99.86 1.8246e+03    476.669      11441  1029.0790  1029.0767    34.1614    34.1586    8.16672         27 0.0000e+00
    342.000    338.181    -0.5161  28.126239    -0.5147  28.125475     4.9057     4.9669    -0.0112    95.2443 1.0000e-12  -74.17528 -113.34458  26.987602      99.64 1.8246e+03    477.838      11469  1029.0834  1029.0813    34.1607    34.1581    8.16728         29 0.0000e+00
    343.000    339.168    -0.5146  28.128478    -0.5121  28.128527     4.9466     5.0178    -0.0106    95.2311 1.0000e-12  -74.17528 -113.34458  26.987616      97.08 1.8245e+03    479.013      11497  1029.0888  1029.0863    34.1614    34.1586    8.16692         28 0.0000e+00
    344.000    340.157    -0.5080  28.135987    -0.5100  28.132321     5.0440     5.1161    -0.0150    95.2275 1.0000e-12  -74.17528 -113.34458  26.987630      99.30 1.8245e+03    480.204      11526  1029.0946  1029.0928    34.1634    34.1608    8.16537         29 0.0000e+00
    345.000    341.144    -0.5852  28.070026    -0.6015  28.057692     5.1257     5.1750    -0.0100    95.2117 1.0000e-12  -74.17528 -113.34458  26.987644      99.86 1.8244e+03    481.401      11555  1029.1039  1029.1065    34.1610    34.1628    8.18216         29 0.0000e+00
    346.000    342.133    -0.6417  28.024358    -0.6374  28.026176     5.1508     5.2065    -0.0135    95.2273 1.0000e-12  -74.17528 -113.34458  26.987658      99.86 1.8236e+03    482.612      11584  1029.1141  1029.1118    34.1627    34.1603    8.19430         29 0.0000e+00
    347.000    343.121    -0.6485  28.018617    -0.6432  28.022351     5.1315     5.1951    -0.0179    95.2466 1.0000e-12  -74.17528 -113.34458  26.987671      99.87 1.8231e+03    483.812      11612  1029.1185  1029.1173    34.1619    34.1610    8.19581         28 0.0000e+00
    348.000    344.109    -0.6403  28.027184    -0.6368  28.028108     5.1050     5.1757    -0.0183    95.3032 1.0000e-12  -74.17528 -113.34458  26.987685      99.87 1.8234e+03    484.987      11641  1029.1235  1029.1211    34.1636    34.1609    8.19393         29 0.0000e+00
    349.000    345.097    -0.6170  28.048142    -0.6151  28.046615     5.0899     5.1680    -0.0073    95.3236 1.0000e-12  -74.17528 -113.34458  26.987699      99.86 1.8232e+03    486.175      11669  1029.1271  1029.1237    34.1650    34.1608    8.18881         28 0.0000e+00
    350.000    346.084    -0.6154  28.049381    -0.6146  28.048656     5.0823     5.1584    -0.0032    95.3402 1.0000e-12  -74.17528 -113.34458  26.987713      99.87 1.8244e+03    487.374      11698  1029.1311  1029.1296    34.1643    34.1624    8.18852         29 0.0000e+00
    351.000    347.074    -0.6161  28.050305    -0.6202  28.044614     5.1038     5.1813    -0.0166    95.3690 1.0000e-12  -74.17528 -113.34458  26.987726      99.87 1.8238e+03    488.566      11727  1029.1370  1029.1347    34.1657    34.1626    8.18858         28 0.0000e+00
    352.000    348.059    -0.6187  28.048257    -0.6247  28.041393     5.1052     5.1908    -0.0206    95.3544 1.0000e-12  -74.17528 -113.34458  26.987740      99.86 1.8233e+03    489.752      11755  1029.1414  1029.1399    34.1653    34.1628    8.18917         29 0.0000e+00
    353.000    349.049    -0.6415  28.028840    -0.6418  28.026602     5.0945     5.1795    -0.0040    95.3766 1.0000e-12  -74.17528 -113.34458  26.987754      81.59 1.8237e+03    490.956      11784  1029.1471  1029.1448    34.1642    34.1615    8.19417         29 0.0000e+00
    354.000    350.036    -0.6210  28.047902    -0.6184  28.047825     5.0773     5.1563    -0.0122    95.3863 1.0000e-12  -74.17528 -113.34458  26.987768      95.01 1.8235e+03    492.162      11813  1029.1515  1029.1488    34.1661    34.1631    8.18961         29 0.0000e+00
    355.000    351.025    -0.6138  28.054682    -0.6089  28.057153     5.0519     5.1345    -0.0140    95.4181 1.0000e-12  -74.17528 -113.34458  26.987782      99.84 1.8232e+03    493.367      11842  1029.1560  1029.1538    34.1666    34.1644    8.18803         29 0.0000e+00
    356.000    352.013    -0.5960  28.071994    -0.5946  28.070546     5.0016     5.0950    -0.0150    95.4250 1.0000e-12  -74.17528 -113.34458  26.987796      99.87 1.8243e+03    494.561      11870  1029.1614  1029.1585    34.1692    34.1657    8.18403         28 0.0000e+00
