ocean_section_plots/required_files/ctd/dnbp2202_ctd104.cnv
* Sea-Bird SBE 9 Data File:
* FileName = D:\Data\raw\NBP2202_CTD104.hex
* Software Version Seasave V 7.26.7.121
* Temperature SN = 1649
* Conductivity SN = 2513
* Number of Bytes Per Scan = 40
* Number of Voltage Words = 5
* Number of Scans Averaged by the Deck Unit = 1
* NMEA Latitude = 74 10.52 S
* NMEA Longitude = 113 20.65 W
* NMEA UTC (Time) = Jan 27 2022  04:23:20
* NMEA baud rate = 9600
** Ship: RVIB N.B. Palmer
** Cruise: NBP2202 Thwaites
** Station: YoYo001
** Operator: B. Bjork
# nquan = 25
# nvalues = 607                         
# units = specified
# name 0 = prDM: Pressure, Digiquartz [db]
# name 1 = depSM: Depth [salt water, m]
# name 2 = t090C: Temperature [ITS-90, deg C]
# name 3 = c0mS/cm: Conductivity [mS/cm]
# name 4 = t190C: Temperature, 2 [ITS-90, deg C]
# name 5 = c1mS/cm: Conductivity, 2 [mS/cm]
# name 6 = sbeox0ML/L: Oxygen, SBE 43 [ml/l]
# name 7 = sbeox1ML/L: Oxygen, SBE 43, 2 [ml/l]
# name 8 = flECO-AFL: Fluorescence, WET Labs ECO-AFL/FL [mg/m^3]
# name 9 = CStarTr0: Beam Transmission, WET Labs C-Star [%]
# name 10 = par: PAR/Irradiance, Biospherical/Licor
# name 11 = latitude: Latitude [deg]
# name 12 = longitude: Longitude [deg]
# name 13 = timeJ: Julian Days
# name 14 = altM: Altimeter [m]
# name 15 = spar: SPAR, Biospherical/Licor
# name 16 = timeS: Time, Elapsed [seconds]
# name 17 = scan: Scan Count
# name 18 = density00: Density [density, kg/m^3]
# name 19 = density11: Density, 2 [density, kg/m^3]
# name 20 = sal00: Salinity, Practical [PSU]
# name 21 = sal11: Salinity, Practical, 2 [PSU]
# name 22 = oxsolML/L: Oxygen Saturation, Garcia & Gordon [ml/l]
# name 23 = nbin: number of scans per bin
# name 24 = flag: flag
# span 0 =     10.000,    616.000       
# span 1 =      9.899,    608.720       
# span 2 =    -1.4899,     0.1085       
# span 3 =  26.955404,  28.944205       
# span 4 =    -1.4888,     0.1106       
# span 5 =  26.955119,  28.943628       
# span 6 =     4.7047,     9.2613       
# span 7 =     4.7785,     9.0385       
# span 8 =    -0.0225,    24.9818       
# span 9 =    69.1793,    95.5295       
# span 10 = 1.0000e-12, 6.4262e+00      
# span 11 =  -74.17536,  -74.17536      
# span 12 = -113.34428, -113.34424      
# span 13 =  27.183218,  27.191728      
# span 14 =       8.63,     100.33      
# span 15 = 2.2210e+02, 2.5209e+02      
# span 16 =     30.043,    765.337      
# span 17 =        722,      18369      
# span 18 =  1027.2153,  1030.5202      
# span 19 =  1027.2118,  1030.5179      
# span 20 =    33.7883,    34.3853      
# span 21 =    33.7858,    34.3825      
# span 22 =    8.02198,    8.40221      
# span 23 =         21,         63      
# span 24 = 0.0000e+00, 0.0000e+00      
# interval = decibars: 1                
# start_time = Jan 27 2022 04:23:20 [NMEA time, header]
# bad_flag = -9.990e-29
*END*
[from data line 116]
    126.000    124.659    -1.3533  27.137127    -1.3520  27.136722     5.4049     5.5137    -0.0120    95.5263 1.0000e-12  -74.17536 -113.34426  27.185430      99.85 2.4455e+02    221.120       5308  1027.8755  1027.8737    33.8948    33.8928    8.36688         25 0.0000e+00
    127.000    125.645    -1.3459  27.145171    -1.3444  27.144592     5.3703     5.4780    -0.0147    95.4919 1.0000e-12  -74.17536 -113.34426  27.185442      99.87 2.4330e+02    222.154       5333  1027.8815  1027.8794    33.8969    33.8944    8.36511         25 0.0000e+00
    128.000    126.637    -1.3164  27.172520    -1.3138  27.172654     5.3468     5.4520    -0.0113    95.5147 1.0000e-12  -74.17536 -113.34426  27.185454      99.87 2.4556e+02    223.190       5358  1027.8873  1027.8849    33.9005    33.8977    8.35829         25 0.0000e+00
    129.000    127.625    -1.2954  27.191829    -1.2941  27.191366     5.3270     5.4350    -0.0109    95.5295 1.0000e-12  -74.17536 -113.34426  27.185466      99.87 2.4441e+02    224.243       5383  1027.8926  1027.8908    33.9025    33.9004    8.35346         25 0.0000e+00
    130.000    128.614    -1.2855  27.202053    -1.2840  27.201491     5.3076     5.4119    -0.0150    95.5131 1.0000e-12  -74.17536 -113.34428  27.185478      99.87 2.4329e+02    225.287       5408  1027.8987  1027.8966    33.9047    33.9022    8.35110         25 0.0000e+00
    131.000    129.603    -1.2718  27.216011    -1.2700  27.215550     5.2772     5.3859    -0.0121    95.5120 1.0000e-12  -74.17536 -113.34426  27.185490      99.87 2.4483e+02    226.335       5433  1027.9053  1027.9031    33.9077    33.9051    8.34786         25 0.0000e+00
    132.000    130.591    -1.2409  27.246616    -1.2391  27.245965     5.2493     5.3536    -0.0071    95.5110 1.0000e-12  -74.17536 -113.34428  27.185502      99.86 2.4497e+02    227.383       5458  1027.9135  1027.9110    33.9141    33.9111    8.34059         25 0.0000e+00
    133.000    131.581    -1.2190  27.267886    -1.2180  27.266597     5.2290     5.3311    -0.0071    95.4873 1.0000e-12  -74.17536 -113.34426  27.185514      99.86 2.4328e+02    228.416       5483  1027.9202  1027.9178    33.9178    33.9149    8.33548         25 0.0000e+00
    134.000    132.570    -1.1943  27.291780    -1.1934  27.290486     5.2137     5.3238    -0.0074    95.4966 1.0000e-12  -74.17536 -113.34428  27.185526      99.87 2.4413e+02    229.462       5508  1027.9271  1027.9249    33.9220    33.9192    8.32974         25 0.0000e+00
    135.000    133.559    -1.1851  27.300809    -1.1842  27.299872     5.2095     5.3152    -0.0071    95.4864 1.0000e-12  -74.17536 -113.34427  27.185538      99.87 2.4477e+02    230.524       5534  1027.9328  1027.9309    33.9234    33.9210    8.32762         26 0.0000e+00
    136.000    134.549    -1.1810  27.305512    -1.1794  27.305158     5.2052     5.3123    -0.0086    95.4924 1.0000e-12  -74.17536 -113.34427  27.185551      97.81 2.4358e+02    231.571       5559  1027.9387  1027.9367    33.9245    33.9222    8.32663         25 0.0000e+00
    137.000    135.536    -1.1707  27.316712    -1.1692  27.316073     5.2038     5.3048    -0.0146    95.4884 1.0000e-12  -74.17536 -113.34427  27.185563      96.03 2.4419e+02    232.611       5584  1027.9456  1027.9434    33.9275    33.9250    8.32415         25 0.0000e+00
    138.000    136.527    -1.1591  27.329671    -1.1575  27.329114     5.2027     5.2987    -0.0150    95.4630 1.0000e-12  -74.17536 -113.34427  27.185575      99.81 2.4510e+02    233.651       5609  1027.9531  1027.9510    33.9315    33.9289    8.32133         25 0.0000e+00
    139.000    137.515    -1.1514  27.338132    -1.1500  27.337625     5.2038     5.2970    -0.0147    95.4753 1.0000e-12  -74.17536 -113.34427  27.185587      99.87 2.4351e+02    234.681       5633  1027.9596  1027.9577    33.9337    33.9315    8.31949         24 0.0000e+00
    140.000    138.504    -1.1473  27.343375    -1.1460  27.342753     5.2101     5.2947    -0.0150    95.4646 1.0000e-12  -74.17536 -113.34427  27.185599      99.87 2.4392e+02    235.714       5658  1027.9659  1027.9640    33.9356    33.9333    8.31847         25 0.0000e+00
    141.000    139.493    -1.1422  27.349286    -1.1408  27.348860     5.2081     5.2983    -0.0216    95.4688 1.0000e-12  -74.17536 -113.34427  27.185611      99.87 2.4527e+02    236.761       5683  1027.9721  1027.9702    33.9374    33.9352    8.31724         25 0.0000e+00
    142.000    140.482    -1.1415  27.350855    -1.1402  27.350340     5.2046     5.2960    -0.0221    95.4646 1.0000e-12  -74.17536 -113.34427  27.185623      99.87 2.4326e+02    237.801       5708  1027.9777  1027.9758    33.9381    33.9359    8.31704         25 0.0000e+00
    143.000    141.472    -1.1413  27.351714    -1.1400  27.351218     5.2068     5.3019    -0.0215    95.4626 1.0000e-12  -74.17536 -113.34427  27.185635      99.87 2.4349e+02    238.834       5733  1027.9829  1027.9811    33.9385    33.9363    8.31698         25 0.0000e+00
    144.000    142.459    -1.1407  27.353175    -1.1390  27.352928     5.2051     5.2952    -0.0162    95.4636 1.0000e-12  -74.17536 -113.34428  27.185647      99.86 2.4517e+02    239.867       5758  1027.9885  1027.9866    33.9391    33.9369    8.31680         25 0.0000e+00
    145.000    143.449    -1.1384  27.355721    -1.1368  27.355585     5.2045     5.2970    -0.0138    95.4539 1.0000e-12  -74.17536 -113.34428  27.185659      99.87 2.4328e+02    240.898       5783  1027.9935  1027.9917    33.9394    33.9374    8.31628         24 0.0000e+00
    146.000    144.438    -1.1355  27.358995    -1.1337  27.358947     5.2051     5.2932    -0.0195    95.4585 1.0000e-12  -74.17536 -113.34428  27.185670      99.87 2.4328e+02    241.919       5807  1027.9987  1027.9970    33.9400    33.9379    8.31560         25 0.0000e+00
    147.000    145.427    -1.1337  27.361212    -1.1324  27.360821     5.2020     5.2846    -0.0177    95.4473 1.0000e-12  -74.17536 -113.34428  27.185682      99.87 2.4509e+02    242.947       5832  1028.0038  1028.0021    33.9403    33.9383    8.31517         25 0.0000e+00
    148.000    146.417    -1.1329  27.362606    -1.1315  27.362192     5.2095     5.2981    -0.0144    95.4497 1.0000e-12  -74.17536 -113.34428  27.185694      99.87 2.4489e+02    243.978       5856  1028.0090  1028.0072    33.9407    33.9386    8.31497         24 0.0000e+00
    149.000    147.404    -1.1263  27.370461    -1.1248  27.369932     5.2218     5.3137    -0.0174    95.4482 1.0000e-12  -74.17536 -113.34428  27.185706      99.86 2.4343e+02    244.995       5881  1028.0156  1028.0136    33.9434    33.9410    8.31335         25 0.0000e+00
    150.000    148.393    -1.1320  27.367116    -1.1308  27.366836     5.2318     5.3274    -0.0214    95.4422 1.0000e-12  -74.17536 -113.34428  27.185718      99.82 2.4458e+02    246.013       5905  1028.0220  1028.0205    33.9447    33.9429    8.31455         25 0.0000e+00
    151.000    149.384    -1.1366  27.367260    -1.1351  27.366684     5.2342     5.3252    -0.0194    95.4453 1.0000e-12  -74.17536 -113.34428  27.185730      99.87 2.4359e+02    247.046       5930  1028.0310  1028.0289    33.9494    33.9469    8.31529         24 0.0000e+00
    152.000    150.370    -1.1221  27.383517    -1.1204  27.383107     5.2231     5.3124    -0.0147    95.4465 1.0000e-12  -74.17536 -113.34428  27.185742      99.87 2.4328e+02    248.072       5955  1028.0390  1028.0369    33.9546    33.9521    8.31176         24 0.0000e+00
    153.000    151.361    -1.1102  27.395951    -1.1091  27.394997     5.2218     5.3119    -0.0135    95.4440 1.0000e-12  -74.17536 -113.34428  27.185753      99.87 2.4428e+02    249.098       5979  1028.0455  1028.0434    33.9575    33.9550    8.30895         25 0.0000e+00
    154.000    152.349    -1.1041  27.401688    -1.1029  27.401237     5.2313     5.3266    -0.0067    95.4461 1.0000e-12  -74.17536 -113.34428  27.185765      99.87 2.4384e+02    250.140       6004  1028.0503  1028.0486    33.9579    33.9558    8.30759         25 0.0000e+00
    155.000    153.338    -1.1078  27.399140    -1.1058  27.399327     5.2395     5.3253    -0.0068    95.4379 1.0000e-12  -74.17536 -113.34428  27.185777      99.87 2.4321e+02    251.161       6029  1028.0555  1028.0538    33.9579    33.9559    8.30839         25 0.0000e+00
    156.000    154.329    -1.1158  27.393343    -1.1142  27.393218     5.2396     5.3342    -0.0218    95.4474 1.0000e-12  -74.17536 -113.34428  27.185789      99.87 2.4407e+02    252.171       6053  1028.0614  1028.0596    33.9584    33.9564    8.31014         24 0.0000e+00
    157.000    155.316    -1.1157  27.394153    -1.1144  27.393728     5.2338     5.3291    -0.0221    95.4346 1.0000e-12  -74.17536 -113.34428  27.185801      99.87 2.4387e+02    253.189       6078  1028.0665  1028.0648    33.9587    33.9567    8.31009         24 0.0000e+00
    158.000    156.304    -1.1154  27.395005    -1.1141  27.394731     5.2175     5.3154    -0.0156    95.4325 1.0000e-12  -74.17536 -113.34428  27.185812      99.87 2.4320e+02    254.198       6102  1028.0715  1028.0699    33.9590    33.9571    8.31002         24 0.0000e+00
    159.000    157.294    -1.1002  27.409983    -1.1002  27.407820     5.2076     5.3087    -0.0200    95.4441 1.0000e-12  -74.17536 -113.34428  27.185824      99.87 2.4321e+02    255.209       6126  1028.0774  1028.0751    33.9616    33.9587    8.30649         25 0.0000e+00
    160.000    158.281    -1.0892  27.420048    -1.0876  27.419791     5.2318     5.3184    -0.0110    95.4519 1.0000e-12  -74.17536 -113.34428  27.185836      99.87 2.4424e+02    256.238       6151  1028.0822  1028.0803    33.9624    33.9601    8.30402         24 0.0000e+00
    161.000    159.274    -1.0886  27.421660    -1.0871  27.421270     5.2723     5.3541    -0.0114    95.4333 1.0000e-12  -74.17536 -113.34428  27.185848      99.87 2.4326e+02    257.247       6175  1028.0878  1028.0859    33.9633    33.9610    8.30383         24 0.0000e+00
    162.000    160.260    -1.1028  27.414490    -1.1012  27.414650     5.3171     5.3969    -0.0182    95.4379 1.0000e-12  -74.17536 -113.34428  27.185859      99.17 2.4264e+02    258.248       6199  1028.0982  1028.0968    33.9689    33.9673    8.30665         25 0.0000e+00
    163.000    161.251    -1.1210  27.401885    -1.1177  27.403556     5.3413     5.4227    -0.0157    95.4516 1.0000e-12  -74.17536 -113.34428  27.185871      99.86 2.4407e+02    259.257       6223  1028.1065  1028.1051    33.9716    33.9701    8.31052         24 0.0000e+00
    164.000    162.238    -1.1340  27.392965    -1.1326  27.392615     5.3341     5.4264    -0.0096    95.4497 1.0000e-12  -74.17536 -113.34428  27.185883      99.87 2.4358e+02    260.264       6247  1028.1136  1028.1119    33.9735    33.9714    8.31328         24 0.0000e+00
    165.000    163.227    -1.1289  27.400583    -1.1280  27.399667     5.3096     5.4011    -0.0126    95.4571 1.0000e-12  -74.17536 -113.34428  27.185894      99.87 2.4277e+02    261.266       6271  1028.1213  1028.1194    33.9776    33.9753    8.31192         24 0.0000e+00
    166.000    164.216    -1.1009  27.429812    -1.0990  27.429022     5.2742     5.3683    -0.0066    95.4676 1.0000e-12  -74.17536 -113.34428  27.185906      99.87 2.4376e+02    262.281       6296  1028.1303  1028.1276    33.9852    33.9820    8.30527         25 0.0000e+00
    167.000    165.204    -1.0728  27.455715    -1.0714  27.454799     5.2469     5.3441    -0.0074    95.4669 1.0000e-12  -74.17536 -113.34428  27.185918      99.87 2.4329e+02    263.301       6320  1028.1357  1028.1333    33.9882    33.9853    8.29887         24 0.0000e+00
    168.000    166.194    -1.0567  27.471319    -1.0543  27.471125     5.2395     5.3415    -0.0144    95.4765 1.0000e-12  -74.17536 -113.34428  27.185929      99.87 2.4328e+02    264.308       6344  1028.1414  1028.1389    33.9905    33.9876    8.29515         24 0.0000e+00
    169.000    167.182    -1.0502  27.477863    -1.0489  27.477189     5.2447     5.3447    -0.0147    95.4776 1.0000e-12  -74.17536 -113.34428  27.185941      99.87 2.4328e+02    265.316       6369  1028.1468  1028.1448    33.9915    33.9891    8.29366         24 0.0000e+00
    170.000    168.172    -1.0524  27.476632    -1.0508  27.476426     5.2502     5.3506    -0.0144    95.4754 1.0000e-12  -74.17536 -113.34428  27.185953      99.86 2.4328e+02    266.319       6393  1028.1521  1028.1503    33.9918    33.9896    8.29415         24 0.0000e+00
    171.000    169.160    -1.0574  27.473254    -1.0563  27.472506     5.2504     5.3471    -0.0147    95.4882 1.0000e-12  -74.17536 -113.34428  27.185964      99.87 2.4211e+02    267.307       6416  1028.1577  1028.1558    33.9922    33.9899    8.29523         24 0.0000e+00
    172.000    170.148    -1.0486  27.482805    -1.0473  27.481755     5.2477     5.3437    -0.0147    95.4804 1.0000e-12  -74.17536 -113.34428  27.185976      99.87 2.4321e+02    268.296       6440  1028.1640  1028.1616    33.9946    33.9917    8.29313         23 0.0000e+00
    173.000    171.137    -1.0424  27.489403    -1.0403  27.489453     5.2590     5.3497    -0.0147    95.4753 1.0000e-12  -74.17536 -113.34428  27.185987      99.87 2.4328e+02    269.293       6464  1028.1696  1028.1676    33.9960    33.9937    8.29168         24 0.0000e+00
    174.000    172.127    -1.0453  27.488046    -1.0435  27.487961     5.2654     5.3527    -0.0107    95.4754 1.0000e-12  -74.17536 -113.34428  27.185999      99.87 2.4224e+02    270.280       6488  1028.1754  1028.1736    33.9968    33.9947    8.29228         24 0.0000e+00
    175.000    173.115    -1.0454  27.489184    -1.0436  27.489003     5.2679     5.3542    -0.0098    95.4743 1.0000e-12  -74.17536 -113.34428  27.186010      95.75 2.4306e+02    271.275       6512  1028.1811  1028.1792    33.9979    33.9955    8.29224         24 0.0000e+00
    176.000    174.106    -1.0484  27.489155    -1.0453  27.490240     5.2608     5.3518    -0.0148    95.4536 1.0000e-12  -74.17536 -113.34428  27.186022      98.02 2.4328e+02    272.287       6536  1028.1884  1028.1866    34.0006    33.9986    8.29274         24 0.0000e+00
    177.000    175.091    -1.0364  27.501416    -1.0370  27.498818     5.2552     5.3535    -0.0165    95.4595 1.0000e-12  -74.17536 -113.34428  27.186033      99.86 2.4229e+02    273.286       6560  1028.1945  1028.1923    34.0031    34.0003    8.28993         25 0.0000e+00
    178.000    176.084    -1.0352  27.502267    -1.0336  27.501957     5.2487     5.3446    -0.0211    95.4691 1.0000e-12  -74.17536 -113.34428  27.186045      99.87 2.4289e+02    274.281       6584  1028.1986  1028.1968    34.0023    34.0001    8.28973         23 0.0000e+00
    179.000    177.071    -1.0317  27.506493    -1.0292  27.506633     5.2324     5.3257    -0.0149    95.4657 1.0000e-12  -74.17536 -113.34428  27.186057      99.86 2.4328e+02    275.280       6608  1028.2042  1028.2020    34.0035    34.0009    8.28888         24 0.0000e+00
    180.000    178.059    -1.0299  27.508132    -1.0245  27.511256     5.2170     5.3151    -0.0150    95.4722 1.0000e-12  -74.17536 -113.34428  27.186068      99.87 2.4328e+02    276.273       6632  1028.2086  1028.2068    34.0030    34.0012    8.28850         24 0.0000e+00
    181.000    179.049    -1.0212  27.516436    -1.0146  27.520144     5.2099     5.3149    -0.0150    95.4737 1.0000e-12  -74.17536 -113.34428  27.186079      99.87 2.4328e+02    277.257       6655  1028.2135  1028.2113    34.0039    34.0015    8.28653         23 0.0000e+00
    182.000    180.036    -1.0125  27.524440    -1.0130  27.522102     5.2030     5.3070    -0.0150    95.4739 1.0000e-12  -74.17536 -113.34426  27.186091      99.87 2.4328e+02    278.252       6679  1028.2183  1028.2162    34.0044    34.0017    8.28459         25 0.0000e+00
