ocean_section_plots/required_files/ctd/dnbp2202_ctd290.cnv
* Sea-Bird SBE 9 Data File:
* FileName = D:\Data\raw\NBP2202_CTD290.hex
* Software Version Seasave V 7.26.7.121
* Temperature SN = 1649
* Conductivity SN = 2513
* Number of Bytes Per Scan = 40
* Number of Voltage Words = 5
* Number of Scans Averaged by the Deck Unit = 1
* NMEA Latitude = 73 50.28 S
* NMEA Longitude = 111 17.39 W
* NMEA UTC (Time) = Feb 23 2022  09:14:41
* NMEA baud rate = 9600
** Ship: RVIB N.B. Palmer
** Cruise: NBP2202 Thwaites
** Station: 192
** Operator: B. Bjork
# nquan = 28
# nvalues = 306                         
# units = specified
# name 0 = prDM: Pressure, Digiquartz [db]
# name 1 = depSM: Depth [salt water, m]
# name 2 = t090C: Temperature [ITS-90, deg C]
# name 3 = c0mS/cm: Conductivity [mS/cm]
# name 4 = t190C: Temperature, 2 [ITS-90, deg C]
# name 5 = c1mS/cm: Conductivity, 2 [mS/cm]
# name 6 = sbeox0ML/L: Oxygen, SBE 43 [ml/l]
# name 7 = sbeox1ML/L: Oxygen, SBE 43, 2 [ml/l]
# name 8 = flECO-AFL: Fluorescence, WET Labs ECO-AFL/FL [mg/m^3]
# name 9 = CStarTr0: Beam Transmission, WET Labs C-Star [%]
# name 10 = par: PAR/Irradiance, Biospherical/Licor
# name 11 = latitude: Latitude [deg]
# name 12 = longitude: Longitude [deg]
# name 13 = timeJ: Julian Days
# name 14 = altM: Altimeter [m]
# name 15 = spar: SPAR, Biospherical/Licor
# name 16 = timeS: Time, Elapsed [seconds]
# name 17 = scan: Scan Count
# name 18 = density00: Density [density, kg/m^3]
# name 19 = density11: Density, 2 [density, kg/m^3]
# name 20 = v3: Voltage 3
# name 21 = v4: Voltage 4
# name 22 = v5: Voltage 5
# name 23 = sal00: Salinity, Practical [PSU]
# name 24 = sal11: Salinity, Practical, 2 [PSU]
# name 25 = oxsolML/L: Oxygen Saturation, Garcia & Gordon [ml/l]
# name 26 = nbin: number of scans per bin
# name 27 = flag: flag
# span 0 =      2.000,    307.000       
# span 1 =      1.980,    303.601       
# span 2 =    -1.6346,    -0.9777       
# span 3 =  26.800965,  27.744234       
# span 4 =    -1.6344,    -0.9761       
# span 5 =  26.801042,  27.744425       
# span 6 =     5.7723,     7.9702       
# span 7 =     5.9508,     8.2371       
# span 8 =     0.0240,     8.2863       
# span 9 =    87.7784,    98.3687       
# span 10 = 1.0000e-12, 7.2867e-01      
# span 11 =  -73.83800,  -73.83800      
# span 12 = -111.28992, -111.28988      
# span 13 =  54.388538,  54.393830      
# span 14 =       2.27,      99.89      
# span 15 = 1.5295e+01, 1.5866e+01      
# span 16 =    288.705,    745.903      
# span 17 =       6930,      17903      
# span 18 =  1027.2011,  1028.9628      
# span 19 =  1027.2030,  1028.9614      
# span 20 =     4.1644,     4.6665      
# span 21 =     0.0724,     1.3856      
# span 22 =     0.1035,     0.1775      
# span 23 =    33.7892,    34.1880      
# span 24 =    33.7923,    34.1864      
# span 25 =    8.26618,    8.43039      
# span 26 =         22,         50      
# span 27 = 0.0000e+00, 0.0000e+00      
# interval = decibars: 1                
# start_time = Feb 23 2022 09:14:41 [NMEA time, header]
# bad_flag = -9.990e-29
*END*
[from data line 104]
    106.000    104.878    -1.6276  26.943342    -1.6274  26.943722     6.4903     6.6955     0.9450    96.4267 1.0000e-12  -73.83800 -111.28990  54.390552      99.85 1.5866e+01    462.655      11105  1027.8348  1027.8351     4.5744     0.1824     0.1147    33.9519    33.9522    8.42540         24 0.0000e+00
    107.000    105.867    -1.6283  26.943860    -1.6282  26.944302     6.4816     6.6881     1.0577    96.5453 1.0000e-12  -73.83800 -111.28990  54.390563      99.85 1.5866e+01    463.617      11128  1027.8404  1027.8407     4.5800     0.1817     0.1131    33.9528    33.9532    8.42551         23 0.0000e+00
    108.000    106.856    -1.6304  26.943594    -1.6300  26.944003     6.4809     6.6853     1.0364    96.8980 1.0000e-12  -73.83800 -111.28990  54.390574      99.83 1.5866e+01    464.581      11151  1027.8464  1027.8465     4.5967     0.2931     0.1150    33.9541    33.9543    8.42589         23 0.0000e+00
    109.000    107.846    -1.6309  26.944283    -1.6305  26.944700     6.4803     6.6823     0.8144    96.8212 1.0000e-12  -73.83800 -111.28990  54.390585      98.90 1.5866e+01    465.558      11174  1027.8520  1027.8521     4.5931     0.2074     0.1152    33.9551    33.9552    8.42596         24 0.0000e+00
    110.000    108.833    -1.6288  26.947411    -1.6283  26.948090     6.4846     6.6823     0.6716    97.0021 1.0000e-12  -73.83800 -111.28990  54.390596      97.19 1.5866e+01    466.512      11197  1027.8577  1027.8580     4.6016     0.2315     0.1150    33.9564    33.9568    8.42540         22 0.0000e+00
    111.000    109.823    -1.6258  26.951432    -1.6254  26.951860     6.4791     6.6858     0.9330    96.8333 1.0000e-12  -73.83800 -111.28990  54.390607      99.82 1.5866e+01    467.450      11220  1027.8636  1027.8636     4.5938     0.2258     0.1141    33.9579    33.9580    8.42464         23 0.0000e+00
    112.000    110.813    -1.6237  26.953994    -1.6235  26.954306     6.4673     6.6844     1.4887    97.0710 1.0000e-12  -73.83800 -111.28990  54.390618      99.85 1.5866e+01    468.424      11243  1027.8687  1027.8688     4.6048     0.1637     0.1149    33.9585    33.9586    8.42412         23 0.0000e+00
    113.000    111.802    -1.6224  26.956080    -1.6221  26.956433     6.4738     6.6724     0.6619    96.3870 1.0000e-12  -73.83800 -111.28990  54.390629      99.85 1.5866e+01    469.380      11266  1027.8741  1027.8742     4.5725     0.2126     0.1139    33.9592    33.9594    8.42378         23 0.0000e+00
    114.000    112.791    -1.6224  26.957795    -1.6222  26.958098     6.4617     6.6641     0.6666    96.7764 1.0000e-12  -73.83800 -111.28990  54.390640      99.85 1.5866e+01    470.314      11289  1027.8803  1027.8804     4.5910     0.1622     0.1184    33.9609    33.9611    8.42367         22 0.0000e+00
    115.000    113.781    -1.6212  26.959896    -1.6204  26.960663     6.4538     6.6575     0.5646    96.8570 1.0000e-12  -73.83800 -111.28990  54.390651      99.84 1.5866e+01    471.279      11312  1027.8858  1027.8859     4.5947     0.2294     0.1123    33.9619    33.9620    8.42335         24 0.0000e+00
    116.000    114.768    -1.6166  26.966143    -1.6161  26.966699     6.4529     6.6552     1.0141    97.1381 1.0000e-12  -73.83800 -111.28990  54.390663      99.85 1.5866e+01    472.244      11335  1027.8926  1027.8927     4.6081     0.2224     0.1120    33.9646    33.9648    8.42213         22 0.0000e+00
    117.000    115.759    -1.6183  26.965808    -1.6180  26.966208     6.4498     6.6549     0.8516    97.1624 1.0000e-12  -73.83800 -111.28990  54.390673      99.84 1.5866e+01    473.181      11357  1027.8982  1027.8984     4.6092     0.2505     0.1161    33.9655    33.9657    8.42247         23 0.0000e+00
    118.000    116.747    -1.6182  26.966707    -1.6177  26.967111     6.4464     6.6548     0.5771    97.3999 1.0000e-12  -73.83800 -111.28990  54.390684      99.85 1.5866e+01    474.145      11380  1027.9035  1027.9035     4.6203     0.1649     0.1123    33.9660    33.9660    8.42242         24 0.0000e+00
    119.000    117.736    -1.6157  26.970346    -1.6153  26.970664     6.4521     6.6545     0.6403    96.9472 1.0000e-12  -73.83800 -111.28990  54.390696      99.85 1.5866e+01    475.117      11404  1027.9094  1027.9093     4.5992     0.2009     0.1126    33.9675    33.9675    8.42175         23 0.0000e+00
    120.000    118.725    -1.6137  26.973562    -1.6133  26.973889     6.4418     6.6533     0.5440    97.4063 1.0000e-12  -73.83800 -111.28990  54.390707      99.85 1.5866e+01    476.050      11426  1027.9154  1027.9154     4.6208     0.1614     0.1099    33.9691    33.9691    8.42121         22 0.0000e+00
    121.000    119.714    -1.6119  26.976179    -1.6115  26.976642     6.4420     6.6474     0.4407    97.2487 1.0000e-12  -73.83800 -111.28990  54.390718      99.85 1.5866e+01    477.010      11449  1027.9209  1027.9210     4.6134     0.1407     0.1100    33.9701    33.9702    8.42075         24 0.0000e+00
    122.000    120.704    -1.6104  26.978652    -1.6099  26.979010     6.4477     6.6411     0.5109    97.2813 1.0000e-12  -73.83800 -111.28990  54.390729      99.14 1.5866e+01    477.981      11473  1027.9265  1027.9264     4.6149     0.1901     0.1151    33.9712    33.9711    8.42035         22 0.0000e+00
    123.000    121.693    -1.6051  26.985268    -1.6045  26.985791     6.4377     6.6391     0.5445    97.2018 1.0000e-12  -73.83800 -111.28990  54.390740      89.49 1.5866e+01    478.922      11495  1027.9331  1027.9330     4.6111     0.2286     0.1121    33.9736    33.9736    8.41899         23 0.0000e+00
    124.000    122.682    -1.6010  26.990060    -1.6006  26.990207     6.4394     6.6436     0.5908    97.3169 1.0000e-12  -73.83800 -111.28990  54.390751      96.49 1.5866e+01    479.888      11518  1027.9387  1027.9386     4.6166     0.1680     0.1140    33.9749    33.9747    8.41798         23 0.0000e+00
    125.000    123.671    -1.6003  26.991247    -1.6000  26.991453     6.4337     6.6365     0.5739    97.4172 1.0000e-12  -73.83800 -111.28990  54.390762      99.88 1.5866e+01    480.863      11542  1027.9437  1027.9437     4.6214     0.1574     0.1102    33.9751    33.9751    8.41780         24 0.0000e+00
    126.000    124.660    -1.5995  26.992365    -1.5993  26.992539     6.4300     6.6431     0.5420    97.6528 1.0000e-12  -73.83800 -111.28990  54.390773      99.85 1.5866e+01    481.805      11564  1027.9486  1027.9485     4.6324     0.1568     0.1147    33.9752    33.9752    8.41763         22 0.0000e+00
    127.000    125.649    -1.5990  26.993348    -1.5985  26.993723     6.4405     6.6346     0.5854    97.5145 1.0000e-12  -73.83800 -111.28990  54.390784      99.85 1.5866e+01    482.758      11587  1027.9534  1027.9534     4.6259     0.1328     0.1131    33.9753    33.9752    8.41750         23 0.0000e+00
    128.000    126.638    -1.5990  26.993993    -1.5987  26.994218     6.4365     6.6337     0.7164    97.3222 1.0000e-12  -73.83800 -111.28990  54.390795      99.86 1.5866e+01    483.728      11610  1027.9585  1027.9586     4.6168     0.1394     0.1117    33.9756    33.9756    8.41749         24 0.0000e+00
    129.000    127.627    -1.6000  26.994160    -1.5997  26.994439     6.4401     6.6328     0.5362    97.2492 1.0000e-12  -73.83800 -111.28990  54.390806      99.85 1.5866e+01    484.678      11633  1027.9640  1027.9641     4.6134     0.1706     0.1134    33.9763    33.9763    8.41766         22 0.0000e+00
    130.000    128.617    -1.6006  26.994493    -1.6002  26.994785     6.4352     6.6270     0.6703    97.2903 1.0000e-12  -73.83800 -111.28990  54.390817      99.85 1.5866e+01    485.616      11656  1027.9693  1027.9694     4.6153     0.1541     0.1130    33.9768    33.9768    8.41777         23 0.0000e+00
    131.000    129.606    -1.6004  26.995605    -1.5999  26.995910     6.4260     6.6261     0.6985    97.0913 1.0000e-12  -73.83800 -111.28989  54.390829      99.85 1.5866e+01    486.588      11679  1027.9748  1027.9746     4.6059     0.1737     0.1124    33.9776    33.9773    8.41770         24 0.0000e+00
    132.000    130.594    -1.5975  26.999725    -1.5970  26.999927     6.4216     6.6220     0.5209    97.2532 1.0000e-12  -73.83800 -111.28989  54.390840      99.85 1.5866e+01    487.543      11702  1027.9808  1027.9805     4.6135     0.1759     0.1132    33.9792    33.9790    8.41692         22 0.0000e+00
    133.000    131.582    -1.5937  27.004857    -1.5935  27.004768     6.4221     6.6291     0.4022    97.5634 1.0000e-12  -73.83800 -111.28990  54.390851      99.84 1.5866e+01    488.479      11725  1027.9872  1027.9869     4.6282     0.1944     0.1122    33.9814    33.9811    8.41594         22 0.0000e+00
    134.000    132.573    -1.5908  27.008523    -1.5899  27.009410     6.4234     6.6289     0.3862    97.4667 1.0000e-12  -73.83800 -111.28988  54.390862      99.85 1.5866e+01    489.449      11748  1027.9928  1027.9929     4.6237     0.1688     0.1130    33.9826    33.9828    8.41522         24 0.0000e+00
    135.000    133.562    -1.5894  27.010516    -1.5886  27.011202     6.4210     6.6176     0.4330    97.5067 1.0000e-12  -73.83800 -111.28990  54.390873      99.86 1.5866e+01    490.413      11771  1027.9980  1027.9980     4.6256     0.1231     0.1130    33.9831    33.9831    8.41487         22 0.0000e+00
    136.000    134.549    -1.5872  27.013185    -1.5868  27.013478     6.4178     6.6060     0.5267    97.3921 1.0000e-12  -73.83800 -111.28988  54.390884      99.85 1.5866e+01    491.350      11793  1028.0031  1028.0030     4.6202     0.1249     0.1114    33.9837    33.9836    8.41433         24 0.0000e+00
    137.000    135.540    -1.5851  27.015826    -1.5844  27.016185     6.4129     6.6058     0.4115    97.4421 1.0000e-12  -73.83800 -111.28990  54.390895      99.34 1.5866e+01    492.318      11817  1028.0083  1028.0081     4.6226     0.1575     0.1121    33.9843    33.9840    8.41381         23 0.0000e+00
    138.000    136.529    -1.5777  27.023107    -1.5772  27.023306     6.4107     6.6054     0.3650    97.4307 1.0000e-12  -73.83800 -111.28988  54.390906      99.67 1.5866e+01    493.290      11840  1028.0136  1028.0134     4.6220     0.1414     0.1106    33.9853    33.9850    8.41208         23 0.0000e+00
    139.000    137.517    -1.5754  27.025846    -1.5749  27.026217     6.4103     6.6073     0.5868    97.3997 1.0000e-12  -73.83800 -111.28990  54.390917      99.86 1.5866e+01    494.237      11863  1028.0188  1028.0187     4.6205     0.1230     0.1124    33.9859    33.9858    8.41153         23 0.0000e+00
    140.000    138.507    -1.5759  27.026319    -1.5757  27.026416     6.4136     6.6057     0.4627    97.5633 1.0000e-12  -73.83800 -111.28988  54.390928      99.86 1.5866e+01    495.211      11886  1028.0242  1028.0240     4.6282     0.1121     0.1144    33.9865    33.9863    8.41161         23 0.0000e+00
    141.000    139.495    -1.5782  27.025876    -1.5778  27.025965     6.4141     6.6103     0.3308    97.2808 1.0000e-12  -73.83800 -111.28990  54.390940      99.85 1.5866e+01    496.204      11910  1028.0302  1028.0299     4.6149     0.1383     0.1120    33.9878    33.9874    8.41204         24 0.0000e+00
    142.000    140.485    -1.5778  27.027313    -1.5772  27.027576     6.4085     6.6121     0.3414    97.1228 1.0000e-12  -73.83800 -111.28988  54.390951      99.85 1.5866e+01    497.178      11933  1028.0358  1028.0355     4.6074     0.1431     0.1125    33.9887    33.9884    8.41189         24 0.0000e+00
    143.000    141.473    -1.5770  27.029023    -1.5764  27.029270     6.4123     6.6055     0.3611    97.5147 1.0000e-12  -73.83800 -111.28990  54.390963      99.86 1.5866e+01    498.192      11958  1028.0413  1028.0410     4.6259     0.1338     0.1141    33.9896    33.9892    8.41167         24 0.0000e+00
    144.000    142.461    -1.5750  27.031825    -1.5743  27.032237     6.4079     6.6039     0.3195    97.6412 1.0000e-12  -73.83800 -111.28988  54.390975      99.85 1.5866e+01    499.218      11982  1028.0468  1028.0465     4.6319     0.1557     0.1131    33.9906    33.9903    8.41116         25 0.0000e+00
    145.000    143.453    -1.5740  27.033318    -1.5735  27.033634     6.3990     6.6067     0.2961    97.5561 1.0000e-12  -73.83800 -111.28990  54.390986      99.85 1.5866e+01    500.226      12006  1028.0518  1028.0517     4.6278     0.1597     0.1127    33.9908    33.9907    8.41091         24 0.0000e+00
    146.000    144.439    -1.5721  27.036176    -1.5714  27.036524     6.3953     6.6104     0.3611    97.3511 1.0000e-12  -73.83800 -111.28988  54.390998      99.85 1.5866e+01    501.252      12031  1028.0575  1028.0572     4.6183     0.1428     0.1093    33.9920    33.9917    8.41041         25 0.0000e+00
    147.000    145.429    -1.5705  27.038335    -1.5700  27.038649     6.3974     6.6068     0.3051    97.7503 1.0000e-12  -73.83800 -111.28990  54.391010      99.85 1.5866e+01    502.289      12056  1028.0627  1028.0625     4.6371     0.1192     0.1135    33.9925    33.9923    8.41002         25 0.0000e+00
    148.000    146.419    -1.5692  27.040210    -1.5688  27.040471     6.3899     6.6033     0.2653    97.7277 1.0000e-12  -73.83800 -111.28988  54.391022      99.86 1.5866e+01    503.301      12080  1028.0678  1028.0677     4.6361     0.1091     0.1109    33.9930    33.9929    8.40970         24 0.0000e+00
    149.000    147.406    -1.5688  27.041053    -1.5690  27.040503     6.3947     6.6075     0.3300    97.8538 1.0000e-12  -73.83800 -111.28990  54.391034      90.58 1.5866e+01    504.330      12105  1028.0727  1028.0723     4.6420     0.1257     0.1110    33.9930    33.9926    8.40959         25 0.0000e+00
    150.000    148.396    -1.5692  27.041185    -1.5686  27.041449     6.3994     6.6006     0.3767    97.9145 1.0000e-12  -73.83800 -111.28988  54.391046      97.84 1.5866e+01    505.366      12130  1028.0775  1028.0773     4.6449     0.1358     0.1096    33.9930    33.9928    8.40968         25 0.0000e+00
    151.000    149.385    -1.5673  27.043552    -1.5668  27.043883     6.4037     6.6045     0.6674    97.7505 1.0000e-12  -73.83800 -111.28990  54.391058      99.77 1.5866e+01    506.386      12154  1028.0827  1028.0825     4.6371     0.1148     0.1121    33.9936    33.9934    8.40924         24 0.0000e+00
    152.000    150.374    -1.5648  27.046962    -1.5641  27.047295     6.3980     6.5959     0.4021    97.7923 1.0000e-12  -73.83800 -111.28988  54.391070      99.86 1.5866e+01    507.407      12179  1028.0883  1028.0880     4.6391     0.1102     0.1122    33.9948    33.9944    8.40859         24 0.0000e+00
    153.000    151.363    -1.5635  27.049047    -1.5629  27.049392     6.3932     6.5919     0.3490    97.8915 1.0000e-12  -73.83800 -111.28988  54.391082      99.85 1.5866e+01    508.442      12204  1028.0938  1028.0935     4.6438     0.1471     0.1104    33.9956    33.9953    8.40825         26 0.0000e+00
    154.000    152.353    -1.5629  27.050346    -1.5623  27.050581     6.3982     6.5890     0.3381    97.8163 1.0000e-12  -73.83800 -111.28988  54.391093      99.85 1.5866e+01    509.466      12228  1028.0989  1028.0986     4.6403     0.1071     0.1105    33.9960    33.9956    8.40808         23 0.0000e+00
    155.000    153.340    -1.5619  27.051959    -1.5613  27.052285     6.3917     6.5890     0.3516    97.8815 1.0000e-12  -73.83800 -111.28988  54.391105      99.86 1.5866e+01    510.483      12253  1028.1041  1028.1039     4.6433     0.1181     0.1109    33.9965    33.9963    8.40783         25 0.0000e+00
    156.000    154.329    -1.5594  27.055871    -1.5586  27.056113     6.3900     6.5970     0.5162    97.5973 1.0000e-12  -73.83800 -111.28988  54.391117      99.85 1.5866e+01    511.517      12277  1028.1103  1028.1098     4.6299     0.1333     0.1147    33.9984    33.9978    8.40715         25 0.0000e+00
