ocean_section_plots/required_files/ctd/dnbp2202_ctd154.cnv
* Sea-Bird SBE 9 Data File:
* FileName = D:\Data\raw\NBP2202_CTD154.hex
* Software Version Seasave V 7.26.7.121
* Temperature SN = 1649
* Conductivity SN = 2513
* Number of Bytes Per Scan = 40
* Number of Voltage Words = 5
* Number of Scans Averaged by the Deck Unit = 1
* NMEA Latitude = 74 06.59 S
* NMEA Longitude = 113 19.34 W
* NMEA UTC (Time) = Jan 31 2022  12:51:40
* NMEA baud rate = 9600
** Ship: RVIB N.B. Palmer
** Cruise: NBP2202 Thwaites
** Station: Yo-Yo 002
** Operator: B. Bjork
# nquan = 28
# nvalues = 413                         
# units = specified
# name 0 = prDM: Pressure, Digiquartz [db]
# name 1 = depSM: Depth [salt water, m]
# name 2 = t090C: Temperature [ITS-90, deg C]
# name 3 = c0mS/cm: Conductivity [mS/cm]
# name 4 = t190C: Temperature, 2 [ITS-90, deg C]
# name 5 = c1mS/cm: Conductivity, 2 [mS/cm]
# name 6 = sbeox0ML/L: Oxygen, SBE 43 [ml/l]
# name 7 = sbeox1ML/L: Oxygen, SBE 43, 2 [ml/l]
# name 8 = flECO-AFL: Fluorescence, WET Labs ECO-AFL/FL [mg/m^3]
# name 9 = CStarTr0: Beam Transmission, WET Labs C-Star [%]
# name 10 = par: PAR/Irradiance, Biospherical/Licor
# name 11 = latitude: Latitude [deg]
# name 12 = longitude: Longitude [deg]
# name 13 = timeJ: Julian Days
# name 14 = altM: Altimeter [m]
# name 15 = spar: SPAR, Biospherical/Licor
# name 16 = timeS: Time, Elapsed [seconds]
# name 17 = scan: Scan Count
# name 18 = density00: Density [density, kg/m^3]
# name 19 = density11: Density, 2 [density, kg/m^3]
# name 20 = v3: Voltage 3
# name 21 = v4: Voltage 4
# name 22 = v5: Voltage 5
# name 23 = sal00: Salinity, Practical [PSU]
# name 24 = sal11: Salinity, Practical, 2 [PSU]
# name 25 = oxsolML/L: Oxygen Saturation, Garcia & Gordon [ml/l]
# name 26 = nbin: number of scans per bin
# name 27 = flag: flag
# span 0 =     10.000,    422.000       
# span 1 =      9.896,    417.210       
# span 2 =    -1.4341,    -0.1746       
# span 3 =  27.005065,  28.544085       
# span 4 =    -1.4326,    -0.1719       
# span 5 =  27.005250,  28.544278       
# span 6 =     4.7645,     7.9653       
# span 7 =     4.8536,     8.1260       
# span 8 =    -0.0219,    20.0983       
# span 9 =    71.4507,    93.6487       
# span 10 = 1.0000e-12, 6.4065e+00      
# span 11 =  -74.10992,  -74.10990      
# span 12 = -113.32236, -113.32232      
# span 13 =  31.536257,  31.543225      
# span 14 =       6.68,     100.77      
# span 15 = 1.2675e+03, 1.3167e+03      
# span 16 =     32.612,    634.677      
# span 17 =        784,      15233      
# span 18 =  1027.2377,  1029.5449      
# span 19 =  1027.2361,  1029.5426      
# span 20 =     3.3904,     4.4426      
# span 21 =     0.0639,     3.2557      
# span 22 =     0.1218,     0.2379      
# span 23 =    33.8036,    34.2877      
# span 24 =    33.8018,    34.2849      
# span 25 =    8.08705,    8.38782      
# span 26 =         21,         75      
# span 27 = 0.0000e+00, 0.0000e+00      
# interval = decibars: 1                
# start_time = Jan 31 2022 12:51:40 [NMEA time, header]
# bad_flag = -9.990e-29
*END*
[from data line 52]
     62.000     61.351    -1.4299  27.014176    -1.4264  27.015920     6.1958     6.3176     6.9001    85.2195 1.0000e-12  -74.10992 -113.32234  31.537439      99.62 1.2832e+03    134.710       3234  1027.5368  1027.5353     4.0428     1.0797     0.1598    33.8525    33.8509    8.38662         36 0.0000e+00
     63.000     62.338    -1.4248  27.019573    -1.4218  27.020914     6.1746     6.3041     6.1024    85.6087 1.0000e-12  -74.10992 -113.32234  31.537463      99.71 1.2832e+03    136.765       3283  1027.5420  1027.5406     4.0614     0.8546     0.1527    33.8535    33.8520    8.38541         44 0.0000e+00
     64.000     63.328    -1.4231  27.022016    -1.4216  27.022001     6.1361     6.2693     6.0797    85.3968 1.0000e-12  -74.10992 -113.32234  31.537483      99.65 1.2832e+03    138.560       3326  1027.5473  1027.5459     4.0514     1.0174     0.1592    33.8543    33.8526    8.38498         39 0.0000e+00
     65.000     64.318    -1.4218  27.024668    -1.4204  27.024541     6.1164     6.2474     4.6229    86.3181 1.0000e-12  -74.10992 -113.32234  31.537503      99.76 1.2868e+03    140.274       3368  1027.5532  1027.5517     4.0953     0.7404     0.1480    33.8559    33.8541    8.38460         37 0.0000e+00
     66.000     65.306    -1.4210  27.025842    -1.4201  27.025539     6.1152     6.2437     4.6613    86.5307 1.0000e-12  -74.10992 -113.32234  31.537525      99.66 1.2837e+03    142.172       3413  1027.5580  1027.5568     4.1053     0.9575     0.1555    33.8560    33.8545    8.38441         36 0.0000e+00
     67.000     66.296    -1.4209  27.026397    -1.4195  27.026346     6.1172     6.2420     4.9129    86.7142 1.0000e-12  -74.10992 -113.32234  31.537547      99.73 1.2846e+03    144.023       3458  1027.5628  1027.5614     4.1138     0.8037     0.1632    33.8560    33.8543    8.38439         42 0.0000e+00
     68.000     67.286    -1.4206  27.027181    -1.4191  27.027166     6.1111     6.2371     6.4514    86.1606 1.0000e-12  -74.10992 -113.32234  31.537568      99.75 1.2870e+03    145.896       3502  1027.5677  1027.5662     4.0877     0.7285     0.1429    33.8561    33.8544    8.38431         39 0.0000e+00
     69.000     68.276    -1.4204  27.027994    -1.4190  27.027954     6.1177     6.2280     5.2081    87.4778 1.0000e-12  -74.10992 -113.32234  31.537589      99.70 1.2857e+03    147.677       3545  1027.5727  1027.5713     4.1500     0.8716     0.1482    33.8564    33.8548    8.38426         39 0.0000e+00
     70.000     69.263    -1.4211  27.027733    -1.4195  27.027980     6.1104     6.2304     4.6133    87.2337 1.0000e-12  -74.10992 -113.32234  31.537608      99.69 1.2866e+03    149.371       3586  1027.5774  1027.5761     4.1384     0.8990     0.1532    33.8562    33.8547    8.38442         40 0.0000e+00
     71.000     70.254    -1.4201  27.029104    -1.4189  27.028905     6.1150     6.2428     5.5972    87.1890 1.0000e-12  -74.10992 -113.32234  31.537631      99.72 1.2865e+03    151.318       3633  1027.5821  1027.5808     4.1364     0.8243     0.1504    33.8563    33.8547    8.38418         37 0.0000e+00
     72.000     71.243    -1.4218  27.028082    -1.4206  27.027888     6.1059     6.2274     4.7550    87.9516 1.0000e-12  -74.10992 -113.32234  31.537654      99.65 1.2861e+03    153.288       3680  1027.5871  1027.5857     4.1725     0.6473     0.1532    33.8562    33.8546    8.38458         35 0.0000e+00
     73.000     72.232    -1.4232  27.028039    -1.4216  27.028099     6.0761     6.2104     4.7355    87.3624 1.0000e-12  -74.10992 -113.32234  31.537673      99.54 1.2879e+03    154.950       3720  1027.5927  1027.5912     4.1446     0.8374     0.1473    33.8571    33.8554    8.38485         39 0.0000e+00
     74.000     73.222    -1.4256  27.027612    -1.4242  27.027500     6.0435     6.1778     4.7955    87.5804 1.0000e-12  -74.10992 -113.32234  31.537693      99.72 1.2875e+03    156.653       3761  1027.5988  1027.5973     4.1549     0.8106     0.1477    33.8586    33.8569    8.38529         40 0.0000e+00
     75.000     74.211    -1.4273  27.027566    -1.4261  27.027453     6.0115     6.1414     4.9924    87.3936 1.0000e-12  -74.10992 -113.32234  31.537717      99.75 1.2872e+03    158.722       3810  1027.6047  1027.6034     4.1462     0.7350     0.1428    33.8599    33.8583    8.38560         40 0.0000e+00
     76.000     75.200    -1.4286  27.027970    -1.4277  27.027615     5.9983     6.1287     4.5651    88.0471 1.0000e-12  -74.10992 -113.32234  31.537738      99.75 1.2868e+03    160.541       3854  1027.6107  1027.6094     4.1770     0.7359     0.1480    33.8613    33.8598    8.38581         38 0.0000e+00
     77.000     76.189    -1.4292  27.028412    -1.4275  27.028535     5.9877     6.1126     3.8394    88.1586 1.0000e-12  -74.10992 -113.32234  31.537756      99.76 1.2875e+03    162.130       3892  1027.6160  1027.6145     4.1824     0.6617     0.1423    33.8619    33.8601    8.38590         37 0.0000e+00
     78.000     77.177    -1.4285  27.029685    -1.4270  27.029597     5.9782     6.1030     4.4549    88.8762 1.0000e-12  -74.10992 -113.32234  31.537777      99.75 1.2890e+03    163.924       3935  1027.6210  1027.6195     4.2163     0.7710     0.1530    33.8622    33.8605    8.38572         34 0.0000e+00
     79.000     78.168    -1.4287  27.030344    -1.4275  27.029977     5.9571     6.0906     5.8769    88.4603 1.0000e-12  -74.10992 -113.32234  31.537801      96.13 1.2876e+03    165.984       3985  1027.6262  1027.6247     4.1966     0.6697     0.1417    33.8627    33.8609    8.38574         41 0.0000e+00
     80.000     79.157    -1.4282  27.031620    -1.4270  27.031285     5.9464     6.0705     3.6037    87.8347 1.0000e-12  -74.10992 -113.32234  31.537821      99.54 1.2889e+03    167.771       4027  1027.6315  1027.6299     4.1669     0.5910     0.1412    33.8633    33.8615    8.38560         40 0.0000e+00
     81.000     80.147    -1.4284  27.032321    -1.4265  27.032745     5.9508     6.0707     3.6272    88.5166 1.0000e-12  -74.10992 -113.32234  31.537841      99.80 1.2893e+03    169.453       4068  1027.6367  1027.6354     4.1993     0.5520     0.1422    33.8639    33.8624    8.38561         40 0.0000e+00
     82.000     81.135    -1.4286  27.032625    -1.4272  27.032551     5.9399     6.0632     4.1101    88.9226 1.0000e-12  -74.10992 -113.32234  31.537863      99.71 1.2909e+03    171.370       4114  1027.6416  1027.6402     4.2184     0.8568     0.1526    33.8639    33.8623    8.38565         45 0.0000e+00
     83.000     82.125    -1.4282  27.033791    -1.4267  27.033698     5.9108     6.0323     4.7373    88.8415 1.0000e-12  -74.10992 -113.32234  31.537885      99.81 1.2901e+03    173.256       4159  1027.6468  1027.6452     4.2147     0.5347     0.1405    33.8645    33.8626    8.38553         38 0.0000e+00
     84.000     83.114    -1.4283  27.035216    -1.4268  27.035371     5.8813     6.0100     4.7738    89.0468 1.0000e-12  -74.10992 -113.32234  31.537905      99.79 1.2900e+03    174.994       4201  1027.6528  1027.6515     4.2244     0.5949     0.1391    33.8659    33.8644    8.38547         39 0.0000e+00
     85.000     84.103    -1.4283  27.036570    -1.4268  27.036269     5.8868     6.0137     3.0678    89.4048 1.0000e-12  -74.10992 -113.32234  31.537925      99.81 1.2909e+03    176.755       4243  1027.6585  1027.6568     4.2414     0.5144     0.1405    33.8671    33.8650    8.38539         40 0.0000e+00
     86.000     85.093    -1.4282  27.036386    -1.4268  27.036194     5.8863     6.0103     3.0499    89.5384 1.0000e-12  -74.10992 -113.32234  31.537946      99.82 1.2913e+03    178.580       4287  1027.6625  1027.6610     4.2478     0.4600     0.1374    33.8661    33.8643    8.38543         40 0.0000e+00
     87.000     86.082    -1.4282  27.036979    -1.4268  27.036931     5.8718     5.9924     3.4522    89.5322 1.0000e-12  -74.10992 -113.32234  31.537967      97.38 1.2905e+03    180.329       4329  1027.6675  1027.6661     4.2476     0.5477     0.1383    33.8663    33.8647    8.38542         38 0.0000e+00
     88.000     87.070    -1.4281  27.038379    -1.4267  27.038335     5.8593     5.9818     3.0059    89.2344 1.0000e-12  -74.10992 -113.32234  31.537987      99.76 1.2902e+03    182.090       4371  1027.6733  1027.6719     4.2333     0.5435     0.1377    33.8675    33.8659    8.38533         33 0.0000e+00
     89.000     88.060    -1.4281  27.038955    -1.4267  27.038875     5.8464     5.9741     3.1448    89.6433 1.0000e-12  -74.10992 -113.32234  31.538009      99.81 1.2910e+03    183.933       4415  1027.6782  1027.6768     4.2529     0.5216     0.1374    33.8677    33.8659    8.38531         36 0.0000e+00
     90.000     89.050    -1.4280  27.039670    -1.4266  27.039415     5.8160     5.9425     3.2172    90.0097 1.0000e-12  -74.10992 -113.32234  31.538029      99.82 1.2928e+03    185.708       4458  1027.6832  1027.6816     4.2701     0.4932     0.1364    33.8679    33.8660    8.38528         41 0.0000e+00
     91.000     90.039    -1.4279  27.041106    -1.4265  27.040851     5.7999     5.9183     2.7828    89.8218 1.0000e-12  -74.10992 -113.32234  31.538048      99.82 1.2914e+03    187.363       4498  1027.6891  1027.6875     4.2611     0.4742     0.1454    33.8692    33.8673    8.38519         39 0.0000e+00
     92.000     91.028    -1.4281  27.041671    -1.4266  27.041625     5.7986     5.9154     2.4782    89.6815 1.0000e-12  -74.10992 -113.32234  31.538068      99.81 1.2916e+03    189.083       4539  1027.6942  1027.6927     4.2544     0.5155     0.1369    33.8696    33.8678    8.38521         35 0.0000e+00
     93.000     92.017    -1.4281  27.042115    -1.4267  27.042037     5.8041     5.9221     2.5245    89.9467 1.0000e-12  -74.10992 -113.32234  31.538089      99.82 1.2902e+03    190.925       4583  1027.6989  1027.6975     4.2672     0.4810     0.1370    33.8695    33.8678    8.38520         40 0.0000e+00
     94.000     93.006    -1.4281  27.042455    -1.4267  27.042299     5.8067     5.9275     2.8357    90.0377 1.0000e-12  -74.10992 -113.32234  31.538110      99.69 1.2900e+03    192.726       4626  1027.7036  1027.7021     4.2714     0.5624     0.1445    33.8694    33.8675    8.38522         42 0.0000e+00
     95.000     93.995    -1.4281  27.043027    -1.4268  27.042835     5.8159     5.9418     2.6097    89.9738 1.0000e-12  -74.10992 -113.32234  31.538130      99.57 1.2931e+03    194.413       4667  1027.7086  1027.7071     4.2684     0.4705     0.1396    33.8696    33.8677    8.38521         39 0.0000e+00
     96.000     94.984    -1.4281  27.043198    -1.4265  27.042968     5.8320     5.9405     3.5194    89.7459 1.0000e-12  -74.10992 -113.32234  31.538149      99.83 1.2914e+03    196.075       4707  1027.7130  1027.7113     4.2576     0.4666     0.1380    33.8691    33.8670    8.38523         32 0.0000e+00
     97.000     95.975    -1.4274  27.043754    -1.4260  27.043637     5.8319     5.9494     2.3314    90.3448 1.0000e-12  -74.10992 -113.32234  31.538171      99.81 1.2896e+03    197.943       4752  1027.7173  1027.7158     4.2860     0.5089     0.1420    33.8685    33.8667    8.38512         38 0.0000e+00
     98.000     96.963    -1.4275  27.044088    -1.4263  27.043896     5.7936     5.9080     2.3726    90.5404 1.0000e-12  -74.10992 -113.32234  31.538190      99.79 1.2915e+03    199.634       4792  1027.7221  1027.7207     4.2952     0.5895     0.1422    33.8684    33.8668    8.38514         34 0.0000e+00
     99.000     97.952    -1.4287  27.044496    -1.4275  27.045007     5.7297     5.8618     2.2780    90.9309 1.0000e-12  -74.10992 -113.32234  31.538204      99.84 1.2923e+03    200.861       4822  1027.7280  1027.7274     4.3137     0.3516     0.1365    33.8697    33.8691    8.38533         29 0.0000e+00
    100.000     98.941    -1.4312  27.047710    -1.4297  27.047830     5.6944     5.8163     2.0654    90.6796 1.0000e-12  -74.10992 -113.32234  31.538218      99.84 1.2903e+03    202.047       4850  1027.7384  1027.7370     4.3019     0.3720     0.1382    33.8764    33.8748    8.38550         27 0.0000e+00
    101.000     99.930    -1.4311  27.049576    -1.4297  27.049424     5.6656     5.7825     1.7699    90.6475 1.0000e-12  -74.10992 -113.32234  31.538231      99.85 1.2904e+03    203.164       4877  1027.7447  1027.7431     4.3003     0.3400     0.1344    33.8782    33.8764    8.38537         27 0.0000e+00
    102.000    100.920    -1.4303  27.052083    -1.4305  27.051472     5.6360     5.7645     1.6503    90.6430 1.0000e-12  -74.10992 -113.32234  31.538244      99.85 1.2889e+03    204.295       4904  1027.7510  1027.7505     4.3001     0.2833     0.1338    33.8802    33.8795    8.38507         28 0.0000e+00
    103.000    101.909    -1.4326  27.053371    -1.4313  27.053164     5.6093     5.7468     1.8945    90.3912 1.0000e-12  -74.10992 -113.32234  31.538258      98.43 1.2889e+03    205.528       4934  1027.7589  1027.7574     4.2881     0.2931     0.1356    33.8838    33.8821    8.38535         30 0.0000e+00
    104.000    102.897    -1.4309  27.056849    -1.4295  27.056486     5.5991     5.7240     1.4426    90.9292 1.0000e-12  -74.10992 -113.32234  31.538273      97.31 1.2893e+03    206.806       4964  1027.7654  1027.7636     4.3137     0.2276     0.1332    33.8861    33.8840    8.38485         31 0.0000e+00
    105.000    103.887    -1.4319  27.057247    -1.4305  27.057432     5.5997     5.7196     1.2241    91.6997 1.0000e-12  -74.10992 -113.32234  31.538287      99.88 1.2913e+03    208.011       4993  1027.7712  1027.7700     4.3502     0.2624     0.1303    33.8872    33.8858    8.38501         27 0.0000e+00
    106.000    104.877    -1.4322  27.057507    -1.4317  27.056332     5.5975     5.7132     0.9060    91.5958 1.0000e-12  -74.10992 -113.32234  31.538300      99.87 1.2915e+03    209.144       5020  1027.7760  1027.7742     4.3453     0.2197     0.1296    33.8872    33.8850    8.38507         27 0.0000e+00
    107.000    105.865    -1.4328  27.057354    -1.4320  27.056292     5.5871     5.7030     0.8663    91.7432 1.0000e-12  -74.10992 -113.32234  31.538313      99.87 1.2904e+03    210.274       5048  1027.7807  1027.7788     4.3523     0.2150     0.1320    33.8871    33.8847    8.38521         28 0.0000e+00
    108.000    106.855    -1.4205  27.071212    -1.4203  27.069643     5.5837     5.7038     1.4173    91.9117 1.0000e-12  -74.10992 -113.32234  31.538327      99.86 1.2906e+03    211.436       5075  1027.7884  1027.7864     4.3603     0.2073     0.1309    33.8916    33.8892    8.38218         28 0.0000e+00
    109.000    107.843    -1.4152  27.076630    -1.4130  27.077109     5.5646     5.6896     0.7957    92.0025 1.0000e-12  -74.10992 -113.32234  31.538341      99.87 1.2928e+03    212.637       5104  1027.7936  1027.7920     4.3645     0.1767     0.1280    33.8924    33.8906    8.38093         29 0.0000e+00
    110.000    108.833    -1.4084  27.083675    -1.4058  27.084829     5.5522     5.6612     1.4039    92.2614 1.0000e-12  -74.10992 -113.32234  31.538354      99.86 1.2912e+03    213.820       5133  1027.7992  1027.7979     4.3769     0.1837     0.1316    33.8938    33.8924    8.37933         28 0.0000e+00
    111.000    109.822    -1.3962  27.096465    -1.3929  27.098380     5.5535     5.6682     0.4528    92.4323 1.0000e-12  -74.10992 -113.32234  31.538368      99.86 1.2910e+03    214.956       5160  1027.8058  1027.8048     4.3849     0.1931     0.1310    33.8970    33.8958    8.37640         25 0.0000e+00
    112.000    110.812    -1.3977  27.096138    -1.3900  27.101768     5.5174     5.6473     0.4157    92.5250 1.0000e-12  -74.10992 -113.32234  31.538380      99.87 1.2915e+03    216.067       5187  1027.8113  1027.8101     4.3894     0.1788     0.1304    33.8975    33.8966    8.37669         27 0.0000e+00
