ocean_section_plots/required_files/ctd/dnbp2202_ctd062.cnv
* Sea-Bird SBE 9 Data File:
* FileName = D:\Data\raw\NBP2202_CTD062.hex
* Software Version Seasave V 7.26.7.121
* Temperature SN = 1649
* Conductivity SN = 2513
* Number of Bytes Per Scan = 40
* Number of Voltage Words = 5
* Number of Scans Averaged by the Deck Unit = 1
* NMEA Latitude = 73 59.29 S
* NMEA Longitude = 111 44.96 W
* NMEA UTC (Time) = Jan 25 2022  12:18:04
* NMEA baud rate = 9600
** Ship: RVIB N.B. Palmer
** Cruise: NBP2202 Thwaites
** Station: 43
** Operator: B.Bjork
# nquan = 25
# nvalues = 505                         
# units = specified
# name 0 = prDM: Pressure, Digiquartz [db]
# name 1 = depSM: Depth [salt water, m]
# name 2 = t090C: Temperature [ITS-90, deg C]
# name 3 = c0mS/cm: Conductivity [mS/cm]
# name 4 = t190C: Temperature, 2 [ITS-90, deg C]
# name 5 = c1mS/cm: Conductivity, 2 [mS/cm]
# name 6 = sbeox0ML/L: Oxygen, SBE 43 [ml/l]
# name 7 = sbeox1ML/L: Oxygen, SBE 43, 2 [ml/l]
# name 8 = flECO-AFL: Fluorescence, WET Labs ECO-AFL/FL [mg/m^3]
# name 9 = CStarTr0: Beam Transmission, WET Labs C-Star [%]
# name 10 = par: PAR/Irradiance, Biospherical/Licor
# name 11 = latitude: Latitude [deg]
# name 12 = longitude: Longitude [deg]
# name 13 = timeJ: Julian Days
# name 14 = altM: Altimeter [m]
# name 15 = spar: SPAR, Biospherical/Licor
# name 16 = timeS: Time, Elapsed [seconds]
# name 17 = scan: Scan Count
# name 18 = density00: Density [density, kg/m^3]
# name 19 = density11: Density, 2 [density, kg/m^3]
# name 20 = sal00: Salinity, Practical [PSU]
# name 21 = sal11: Salinity, Practical, 2 [PSU]
# name 22 = oxsolML/L: Oxygen Saturation, Garcia & Gordon [ml/l]
# name 23 = nbin: number of scans per bin
# name 24 = flag: flag
# span 0 =      4.000,    508.000       
# span 1 =      3.956,    502.131       
# span 2 =    -1.4761,     0.1935       
# span 3 =  27.086118,  29.027405       
# span 4 =    -1.4748,     0.1956       
# span 5 =  27.085763,  29.027129       
# span 6 =     4.7442,     9.1386       
# span 7 =     4.9277,     9.4311       
# span 8 =    -0.0204,    30.0818       
# span 9 =    65.6794,    96.2459       
# span 10 = -3.173e-05, 3.0945e+01      
# span 11 =  -73.98822,  -73.98788      
# span 12 = -111.74937, -111.74873      
# span 13 =  25.514223,  25.522958      
# span 14 =       4.66,     104.05      
# span 15 = 1.8963e+02, 2.8006e+02      
# span 16 =    144.866,    899.546      
# span 17 =       3478,      21590      
# span 18 =  1027.1875,  1030.0673      
# span 19 =  1027.1878,  1030.0652      
# span 20 =    33.8042,    34.4633      
# span 21 =    33.8042,    34.4606      
# span 22 =    7.99988,    8.38992      
# span 23 =          2,         66      
# span 24 = 0.0000e+00, 0.0000e+00      
# interval = decibars: 1                
# start_time = Jan 25 2022 12:18:04 [NMEA time, header]
# bad_flag = -9.990e-29
*END*
[from data line 290]
    294.000    290.753    -1.0962  27.618419    -1.0963  27.616381     5.8686     6.1131     0.0393    96.1370 1.0000e-12  -73.98790 -111.74881  25.519245     100.02 2.7388e+02    578.790      13892  1028.8820  1028.8799    34.1582    34.1556    8.29405         28 0.0000e+00
    295.000    291.741    -1.0945  27.620593    -1.0944  27.619860     5.9179     6.1596     0.0305    96.1589 1.0000e-12  -73.98790 -111.74881  25.519258      99.91 2.7226e+02    579.920      13919  1028.8871  1028.8862    34.1587    34.1576    8.29365         27 0.0000e+00
    296.000    292.730    -1.1110  27.608514    -1.1105  27.608092     5.9594     6.2003     0.0271    96.1437 1.0000e-12  -73.98790 -111.74880  25.519272      99.91 2.7227e+02    581.088      13947  1028.8944  1028.8934    34.1604    34.1591    8.29721         29 0.0000e+00
    297.000    293.718    -1.1214  27.600713    -1.1203  27.600350     5.9609     6.1982     0.0365    96.1465 1.0000e-12  -73.98790 -111.74880  25.519286      99.91 2.7264e+02    582.298      13976  1028.9003  1028.8989    34.1608    34.1591    8.29947         29 0.0000e+00
    298.000    294.706    -1.1187  27.604417    -1.1173  27.603968     5.9291     6.1682     0.0179    96.1673 1.0000e-12  -73.98790 -111.74882  25.519300      99.91 2.7243e+02    583.484      14005  1028.9060  1028.9041    34.1622    34.1600    8.29879         28 0.0000e+00
    299.000    295.694    -1.1000  27.622319    -1.0988  27.621513     5.9010     6.1355     0.0143    96.1920 1.0000e-12  -73.98790 -111.74882  25.519313      99.91 2.7175e+02    584.615      14032  1028.9114  1028.9095    34.1648    34.1624    8.29450         27 0.0000e+00
    300.000    296.682    -1.0900  27.632229    -1.0887  27.631940     5.8698     6.1178     0.0143    96.2039 1.0000e-12  -73.98790 -111.74882  25.519326      99.92 2.7198e+02    585.765      14059  1028.9169  1028.9152    34.1664    34.1644    8.29221         28 0.0000e+00
    301.000    297.672    -1.0823  27.640074    -1.0811  27.639470     5.8547     6.1047     0.0242    96.1839 1.0000e-12  -73.98790 -111.74882  25.519340      99.91 2.7171e+02    586.991      14089  1028.9222  1028.9203    34.1677    34.1655    8.29042         31 0.0000e+00
    302.000    298.659    -1.0775  27.645118    -1.0763  27.644542     5.8487     6.0934     0.1133    96.2170 1.0000e-12  -73.98790 -111.74882  25.519355      90.78 2.7028e+02    588.235      14119  1028.9274  1028.9256    34.1685    34.1664    8.28932         28 0.0000e+00
    303.000    299.647    -1.0752  27.647752    -1.0744  27.647061     5.8525     6.0940     0.1457    96.2325 1.0000e-12  -73.98790 -111.74882  25.519368      83.01 2.7130e+02    589.401      14147  1028.9324  1028.9308    34.1689    34.1670    8.28879         28 0.0000e+00
    304.000    300.635    -1.0678  27.655644    -1.0667  27.655063     5.8628     6.1049     0.0309    96.1784 1.0000e-12  -73.98790 -111.74882  25.519381      56.57 2.7048e+02    590.559      14174  1028.9382  1028.9364    34.1707    34.1686    8.28705         28 0.0000e+00
    305.000    301.624    -1.0685  27.656331    -1.0680  27.655291     5.9099     6.1431     0.0588    96.1847 1.0000e-12  -73.98790 -111.74882  25.519395     100.34 2.6812e+02    591.762      14203  1028.9440  1028.9423    34.1717    34.1697    8.28714         29 0.0000e+00
    306.000    302.611    -1.0697  27.656427    -1.0692  27.655837     5.9434     6.1859     0.0489    96.1828 1.0000e-12  -73.98790 -111.74882  25.519409      99.91 2.6942e+02    592.955      14232  1028.9496  1028.9485    34.1726    34.1712    8.28735         28 0.0000e+00
    307.000    303.601    -1.0887  27.641790    -1.0880  27.641245     5.9035     6.1486     0.0352    96.1920 1.0000e-12  -73.98792 -111.74882  25.519423      99.91 2.6953e+02    594.106      14260  1028.9566  1028.9553    34.1736    34.1720    8.29148         28 0.0000e+00
    308.000    304.588    -1.0928  27.639482    -1.0915  27.638996     5.8571     6.1010     0.0215    96.2219 1.0000e-12  -73.98792 -111.74882  25.519436      99.91 2.6612e+02    595.255      14287  1028.9624  1028.9606    34.1744    34.1724    8.29234         28 0.0000e+00
    309.000    305.576    -1.0719  27.659074    -1.0709  27.658158     5.8446     6.0904     0.0122    96.2387 1.0000e-12  -73.98792 -111.74882  25.519449      99.91 2.6671e+02    596.400      14315  1028.9676  1028.9656    34.1769    34.1745    8.28759         27 0.0000e+00
    310.000    306.565    -1.0857  27.647707    -1.0848  27.647632     5.8431     6.0860     0.0251    96.2152 1.0000e-12  -73.98792 -111.74882  25.519462      99.91 2.6769e+02    597.529      14342  1028.9730  1028.9721    34.1764    34.1753    8.29066         26 0.0000e+00
    311.000    307.552    -1.0905  27.645734    -1.0888  27.645633     5.8426     6.0819     0.0295    96.2261 1.0000e-12  -73.98792 -111.74882  25.519475      99.91 2.6447e+02    598.654      14369  1028.9799  1028.9781    34.1786    34.1765    8.29160         28 0.0000e+00
    312.000    308.541    -1.0889  27.647493    -1.0887  27.646688     5.8554     6.0887     0.0234    96.1481 1.0000e-12  -73.98792 -111.74882  25.519489      99.91 2.6467e+02    599.822      14397  1028.9845  1028.9834    34.1786    34.1772    8.29125         29 0.0000e+00
    313.000    309.530    -1.1023  27.636889    -1.1008  27.637065     5.8575     6.1068     0.0284    96.1718 1.0000e-12  -73.98792 -111.74882  25.519503      99.91 2.6582e+02    601.023      14426  1028.9903  1028.9890    34.1786    34.1772    8.29420         28 0.0000e+00
    314.000    310.516    -1.1115  27.629476    -1.1100  27.629670     5.8273     6.0709     0.1075    96.1866 1.0000e-12  -73.98792 -111.74882  25.519516      99.92 2.6327e+02    602.200      14454  1028.9955  1028.9942    34.1784    34.1769    8.29625         28 0.0000e+00
    315.000    311.505    -1.0966  27.644437    -1.0951  27.643230     5.7783     6.0165     0.0555    96.2369 1.0000e-12  -73.98792 -111.74882  25.519529      92.47 2.6418e+02    603.350      14481  1029.0013  1028.9985    34.1812    34.1779    8.29278         28 0.0000e+00
    316.000    312.494    -1.0447  27.691372    -1.0439  27.689591     5.7537     5.9947     0.0419    96.2114 1.0000e-12  -73.98792 -111.74882  25.519543      99.87 2.6537e+02    604.556      14510  1029.0059  1029.0032    34.1857    34.1823    8.28107         30 0.0000e+00
    317.000    313.482    -1.0337  27.701695    -1.0319  27.701612     5.7603     5.9988     0.0443    96.2137 1.0000e-12  -73.98792 -111.74882  25.519558      99.92 2.6343e+02    605.822      14541  1029.0109  1029.0090    34.1867    34.1845    8.27858         31 0.0000e+00
    318.000    314.469    -1.0393  27.698300    -1.0389  27.697493     5.7739     6.0159     0.0215    96.2131 1.0000e-12  -73.98792 -111.74882  25.519573      99.91 2.6438e+02    607.070      14571  1029.0172  1029.0159    34.1878    34.1862    8.27975         28 0.0000e+00
    319.000    315.459    -1.0473  27.692396    -1.0460  27.692113     5.7721     6.0137     0.0428    96.1873 1.0000e-12  -73.98792 -111.74882  25.519586      99.92 2.6565e+02    608.250      14599  1029.0230  1029.0214    34.1882    34.1863    8.28149         29 0.0000e+00
    320.000    316.445    -1.0472  27.693307    -1.0456  27.693218     5.7743     6.0052     0.0493    96.2295 1.0000e-12  -73.98792 -111.74882  25.519600      99.91 2.6356e+02    609.431      14627  1029.0283  1029.0266    34.1887    34.1868    8.28143         28 0.0000e+00
    321.000    317.435    -1.0374  27.703341    -1.0355  27.703054     5.8108     6.0476     0.0400    96.1987 1.0000e-12  -73.98792 -111.74882  25.519614      99.91 2.6499e+02    610.630      14656  1029.0340  1029.0318    34.1906    34.1881    8.27916         29 0.0000e+00
    322.000    318.423    -1.0515  27.691263    -1.0529  27.689420     5.8419     6.0783     0.1657    96.1938 1.0000e-12  -73.98792 -111.74882  25.519627      99.91 2.6550e+02    611.812      14684  1029.0391  1029.0385    34.1896    34.1887    8.28234         28 0.0000e+00
    323.000    319.409    -1.0779  27.670870    -1.0776  27.670015     5.8262     6.0697     0.0683    96.1847 1.0000e-12  -73.98792 -111.74882  25.519641      99.91 2.6513e+02    612.974      14712  1029.0471  1029.0458    34.1912    34.1897    8.28807         28 0.0000e+00
    324.000    320.398    -1.0478  27.699670    -1.0419  27.702191     5.7908     6.0418     0.0164    96.1502 1.0000e-12  -73.98792 -111.74882  25.519654      99.91 2.6535e+02    614.127      14740  1029.0531  1029.0501    34.1956    34.1924    8.28117         27 0.0000e+00
    325.000    321.387    -1.0162  27.728582    -1.0164  27.726359     5.7212     5.9757     0.0367    96.2091 1.0000e-12  -73.98792 -111.74882  25.519667      91.93 2.6607e+02    615.262      14767  1029.0579  1029.0558    34.1984    34.1957    8.27402         27 0.0000e+00
    326.000    322.374    -0.9940  27.749457    -0.9923  27.748502     5.6450     5.8925     0.0100    96.1899 1.0000e-12  -73.98792 -111.74882  25.519681      86.84 2.6740e+02    616.407      14795  1029.0633  1029.0606    34.2010    34.1978    8.26899         28 0.0000e+00
    327.000    323.364    -0.9442  27.795682    -0.9405  27.795639     5.6218     5.8674     0.0222    96.2069 1.0000e-12  -73.98792 -111.74882  25.519694      99.95 2.6601e+02    617.590      14823  1029.0693  1029.0656    34.2068    34.2025    8.25772         29 0.0000e+00
    328.000    324.350    -0.9217  27.815812    -0.9206  27.815209     5.6615     5.9057     0.0286    96.1669 1.0000e-12  -73.98792 -111.74882  25.519708      99.91 2.6838e+02    618.791      14852  1029.0738  1029.0720    34.2081    34.2060    8.25271         29 0.0000e+00
    329.000    325.340    -0.9444  27.797272    -0.9485  27.792289     5.6904     5.9221     0.0206    96.2018 1.0000e-12  -73.98791 -111.74882  25.519722      99.91 2.6877e+02    619.969      14880  1029.0806  1029.0792    34.2079    34.2058    8.25768         28 0.0000e+00
    330.000    326.328    -0.9619  27.782236    -0.9623  27.780877     5.6718     5.8983     0.0166    96.2156 1.0000e-12  -73.98790 -111.74882  25.519736      99.91 2.6736e+02    621.158      14909  1029.0861  1029.0849    34.2068    34.2054    8.26160         29 0.0000e+00
    331.000    327.314    -0.9384  27.804725    -0.9352  27.805145     5.6478     5.8786     0.0191    96.2227 1.0000e-12  -73.98790 -111.74882  25.519750      99.90 2.6831e+02    622.362      14938  1029.0918  1029.0891    34.2100    34.2070    8.25624         29 0.0000e+00
    332.000    328.303    -0.9262  27.815821    -0.9239  27.815881     5.6255     5.8582     0.0219    96.2175 1.0000e-12  -73.98790 -111.74882  25.519764      99.90 2.6990e+02    623.583      14967  1029.0964  1029.0942    34.2107    34.2082    8.25353         29 0.0000e+00
    333.000    329.292    -0.9177  27.823948    -0.9161  27.823618     5.6216     5.8565     0.0216    96.1273 1.0000e-12  -73.98790 -111.74882  25.519778      99.91 2.6752e+02    624.799      14996  1029.1015  1029.0995    34.2115    34.2092    8.25162         29 0.0000e+00
    334.000    330.278    -0.8982  27.843699    -0.8964  27.843014     5.6099     5.8552     0.0206    96.1925 1.0000e-12  -73.98790 -111.74881  25.519791      99.91 2.6846e+02    625.971      15024  1029.1082  1029.1058    34.2155    34.2126    8.24710         28 0.0000e+00
    335.000    331.269    -0.8840  27.857724    -0.8836  27.855599     5.6115     5.8594     0.0228    96.2058 1.0000e-12  -73.98790 -111.74882  25.519805      99.92 2.6946e+02    627.150      15053  1029.1141  1029.1114    34.2179    34.2145    8.24386         29 0.0000e+00
    336.000    332.255    -0.8453  27.894660    -0.8427  27.893877     5.6192     5.8554     0.0109    96.2131 1.0000e-12  -73.98790 -111.74880  25.519819      99.91 2.6753e+02    628.348      15081  1029.1207  1029.1173    34.2234    34.2194    8.23507         28 0.0000e+00
    337.000    333.243    -0.8088  27.929661    -0.8054  27.929644     5.6046     5.8291     0.0208    96.2161 1.0000e-12  -73.98790 -111.74881  25.519832      93.73 2.6920e+02    629.499      15109  1029.1275  1029.1242    34.2289    34.2251    8.22678         27 0.0000e+00
    338.000    334.231    -0.7644  27.972177    -0.7616  27.971946     5.5859     5.8072     0.0165    96.2361 1.0000e-12  -73.98790 -111.74878  25.519845      99.41 2.7004e+02    630.621      15136  1029.1347  1029.1316    34.2356    34.2320    8.21673         27 0.0000e+00
    339.000    335.220    -0.7345  28.002755    -0.7328  28.001377     5.5707     5.8077     0.0010    96.2352 1.0000e-12  -73.98790 -111.74878  25.519858      99.91 2.6748e+02    631.763      15163  1029.1433  1029.1400    34.2425    34.2386    8.20983         28 0.0000e+00
    340.000    336.207    -0.7133  28.023567    -0.7123  28.022526     5.5377     5.7834     0.0077    96.2279 1.0000e-12  -73.98790 -111.74878  25.519872      99.91 2.6921e+02    632.930      15191  1029.1498  1029.1477    34.2460    34.2434    8.20502         28 0.0000e+00
    341.000    337.196    -0.6973  28.040081    -0.6957  28.038755     5.4588     5.7066    -0.0073    96.2041 1.0000e-12  -73.98790 -111.74878  25.519886      99.91 2.6990e+02    634.110      15220  1029.1569  1029.1538    34.2496    34.2460    8.20134         26 0.0000e+00
    342.000    338.183    -0.6494  28.087412    -0.6479  28.084217     5.4063     5.6435     0.0097    96.1961 1.0000e-12  -73.98790 -111.74878  25.519899      99.91 2.6647e+02    635.303      15248  1029.1656  1029.1607    34.2586    34.2526    8.19042         29 0.0000e+00
    343.000    339.173    -0.5908  28.140880    -0.5886  28.140213     5.3853     5.6226     0.0477    96.1984 1.0000e-12  -73.98790 -111.74878  25.519913      99.91 2.6827e+02    636.477      15276  1029.1707  1029.1678    34.2638    34.2604    8.17745         28 0.0000e+00
    344.000    340.159    -0.5879  28.143884    -0.5859  28.143363     5.3885     5.6180    -0.0057    96.2050 1.0000e-12  -73.98790 -111.74878  25.519927      99.91 2.6910e+02    637.651      15305  1029.1761  1029.1736    34.2639    34.2610    8.17681         29 0.0000e+00
    345.000    341.147    -0.5836  28.148375    -0.5817  28.147709     5.3977     5.6162     0.0005    96.2086 1.0000e-12  -73.98790 -111.74878  25.519941      99.92 2.6583e+02    638.878      15334  1029.1817  1029.1792    34.2645    34.2615    8.17585         30 0.0000e+00
    346.000    342.137    -0.5826  28.149427    -0.5810  28.148630     5.3925     5.6106     0.0026    96.1786 1.0000e-12  -73.98788 -111.74878  25.519955      99.90 2.6638e+02    640.118      15364  1029.1868  1029.1844    34.2642    34.2614    8.17565         29 0.0000e+00
    347.000    343.123    -0.5831  28.149082    -0.5807  28.149268     5.3946     5.6251     0.0029    96.1722 1.0000e-12  -73.98788 -111.74878  25.519969      94.08 2.6776e+02    641.294      15392  1029.1917  1029.1896    34.2638    34.2613    8.17580         27 0.0000e+00
    348.000    344.112    -0.5843  28.148248    -0.5833  28.147189     5.3944     5.6196     0.0067    96.1329 1.0000e-12  -73.98788 -111.74878  25.519982      90.95 2.6488e+02    642.422      15419  1029.1967  1029.1946    34.2634    34.2608    8.17608         27 0.0000e+00
    349.000    345.100    -0.5839  28.149050    -0.5823  28.148424     5.3589     5.5761     0.0335    96.1407 1.0000e-12  -73.98788 -111.74877  25.519995      98.98 2.6587e+02    643.541      15446  1029.2018  1029.1996    34.2633    34.2608    8.17599         27 0.0000e+00
    350.000    346.087    -0.5708  28.163230    -0.5634  28.166825     5.3171     5.5348     0.0302    96.1263 1.0000e-12  -73.98788 -111.74877  25.520008      99.92 2.6758e+02    644.679      15473  1029.2087  1029.2053    34.2670    34.2635    8.17294         27 0.0000e+00
