ocean_section_plots/required_files/ctd/dnbp2202_ctd045.cnv
* Sea-Bird SBE 9 Data File:
* FileName = D:\Data\raw\NBP2202_CTD045.hex
* Software Version Seasave V 7.26.7.121
* Temperature SN = 1649
* Conductivity SN = 2513
* Number of Bytes Per Scan = 40
* Number of Voltage Words = 5
* Number of Scans Averaged by the Deck Unit = 1
* NMEA Latitude = 74 10.49 S
* NMEA Longitude = 113 15.09 W
* NMEA UTC (Time) = Jan 23 2022  23:12:12
* NMEA baud rate = 9600
** Ship: RVIB N.B. Palmer
** Cruise: NBP2202 Thwaites
** Station: Section Dotson C
** Operator: A. Robinson
# nquan = 25
# nvalues = 792                         
# units = specified
# name 0 = prDM: Pressure, Digiquartz [db]
# name 1 = depSM: Depth [salt water, m]
# name 2 = t090C: Temperature [ITS-90, deg C]
# name 3 = c0mS/cm: Conductivity [mS/cm]
# name 4 = t190C: Temperature, 2 [ITS-90, deg C]
# name 5 = c1mS/cm: Conductivity, 2 [mS/cm]
# name 6 = sbeox0ML/L: Oxygen, SBE 43 [ml/l]
# name 7 = sbeox1ML/L: Oxygen, SBE 43, 2 [ml/l]
# name 8 = flECO-AFL: Fluorescence, WET Labs ECO-AFL/FL [mg/m^3]
# name 9 = CStarTr0: Beam Transmission, WET Labs C-Star [%]
# name 10 = par: PAR/Irradiance, Biospherical/Licor
# name 11 = latitude: Latitude [deg]
# name 12 = longitude: Longitude [deg]
# name 13 = timeJ: Julian Days
# name 14 = altM: Altimeter [m]
# name 15 = spar: SPAR, Biospherical/Licor
# name 16 = timeS: Time, Elapsed [seconds]
# name 17 = scan: Scan Count
# name 18 = density00: Density [density, kg/m^3]
# name 19 = density11: Density, 2 [density, kg/m^3]
# name 20 = sal00: Salinity, Practical [PSU]
# name 21 = sal11: Salinity, Practical, 2 [PSU]
# name 22 = oxsolML/L: Oxygen Saturation, Garcia & Gordon [ml/l]
# name 23 = nbin: number of scans per bin
# name 24 = flag: flag
# span 0 =      2.000,    793.000       
# span 1 =      1.969,    783.323       
# span 2 =    -1.5019,     0.3227       
# span 3 =  27.018411,  29.268438       
# span 4 =    -1.5013,     0.3248       
# span 5 =  27.018069,  29.267923       
# span 6 =     4.6538,     8.4580       
# span 7 =     4.8865,     8.9519       
# span 8 =    -0.0224,    23.1671       
# span 9 =    70.6045,    96.2904       
# span 10 = -8.648e-06, 2.3691e+02      
# span 11 =  -74.17494,  -74.17494      
# span 12 = -113.25162, -113.25158      
# span 13 =  23.969481,  23.981658      
# span 14 =       3.20,     100.14      
# span 15 = 5.2591e+02, 6.3828e+02      
# span 16 =    231.129,   1283.261      
# span 17 =       5548,      30799      
# span 18 =  1027.1921,  1031.4019      
# span 19 =  1027.1908,  1031.3995      
# span 20 =    33.7999,    34.4699      
# span 21 =    33.7989,    34.4674      
# span 22 =    7.97271,    8.40108      
# span 23 =          2,         50      
# span 24 = 0.0000e+00, 0.0000e+00      
# interval = decibars: 1                
# start_time = Jan 23 2022 23:12:12 [NMEA time, header]
# bad_flag = -9.990e-29
*END*
[from data line 754]
    756.000    746.814     0.3037  29.230965     0.3057  29.230429     4.6643     4.8980    -0.0023    96.1306 1.0000e-12  -74.17494 -113.25158  23.980700      41.00 6.0494e+02   1200.514      28813  1031.2245  1031.2220    34.4627    34.4598    7.97704         32 0.0000e+00
    757.000    747.800     0.3045  29.232307     0.3070  29.232329     4.6622     4.8899    -0.0081    96.0895 1.0000e-12  -74.17494 -113.25158  23.980716      39.98 6.0568e+02   1201.872      28846  1031.2294  1031.2270    34.4631    34.4603    7.97686         33 0.0000e+00
    758.000    748.786     0.3060  29.234294     0.3083  29.234166     4.6656     4.8915    -0.0081    96.1403 1.0000e-12  -74.17494 -113.25158  23.980732      38.99 6.0633e+02   1203.254      28879  1031.2342  1031.2319    34.4634    34.4607    7.97652         33 0.0000e+00
    759.000    749.773     0.3063  29.235024     0.3084  29.234747     4.6641     4.8961    -0.0132    96.1105 1.0000e-12  -74.17494 -113.25158  23.980748      37.96 6.0649e+02   1204.608      28912  1031.2389  1031.2366    34.4635    34.4608    7.97647         32 0.0000e+00
    760.000    750.757     0.3061  29.235120     0.3078  29.234658     4.6645     4.8971    -0.0097    96.1081 1.0000e-12  -74.17494 -113.25158  23.980764      36.98 6.0794e+02   1205.971      28944  1031.2435  1031.2413    34.4632    34.4607    7.97652         33 0.0000e+00
    761.000    751.746     0.3058  29.235315     0.3082  29.235361     4.6617     4.8961    -0.0135    96.0998 1.0000e-12  -74.17494 -113.25158  23.980780      35.94 6.0933e+02   1207.351      28977  1031.2482  1031.2459    34.4632    34.4606    7.97658         34 0.0000e+00
    762.000    752.730     0.3069  29.237067     0.3092  29.236975     4.6582     4.8984    -0.0117    96.1127 1.0000e-12  -74.17494 -113.25158  23.980795      34.91 6.0784e+02   1208.731      29011  1031.2531  1031.2509    34.4637    34.4611    7.97632         33 0.0000e+00
    763.000    753.717     0.3078  29.238526     0.3096  29.237868     4.6615     4.8978    -0.0054    96.0902 1.0000e-12  -74.17494 -113.25158  23.980812      33.88 6.0808e+02   1210.128      29044  1031.2581  1031.2556    34.4641    34.4612    7.97612         31 0.0000e+00
    764.000    754.702     0.3084  29.239656     0.3105  29.239295     4.6601     4.8957    -0.0063    96.1250 1.0000e-12  -74.17494 -113.25158  23.980828      32.90 6.0880e+02   1211.501      29077  1031.2628  1031.2605    34.4643    34.4616    7.97598         32 0.0000e+00
    765.000    755.688     0.3098  29.241653     0.3119  29.241394     4.6636     4.8945    -0.0069    96.1214 1.0000e-12  -74.17494 -113.25158  23.980845      31.84 6.0989e+02   1212.971      29112  1031.2678  1031.2655    34.4648    34.4622    7.97567         37 0.0000e+00
    766.000    756.674     0.3098  29.242036     0.3117  29.241714     4.6600     4.8965    -0.0151    96.1203 1.0000e-12  -74.17494 -113.25158  23.980863      30.84 6.0996e+02   1214.531      29150  1031.2724  1031.2702    34.4647    34.4622    7.97567         36 0.0000e+00
    767.000    757.661     0.3096  29.242279     0.3118  29.242211     4.6604     4.8929    -0.0009    96.1199 1.0000e-12  -74.17494 -113.25158  23.980881      29.84 6.1013e+02   1216.102      29187  1031.2771  1031.2749    34.4647    34.4621    7.97571         35 0.0000e+00
    768.000    758.645     0.3102  29.243570     0.3121  29.243019     4.6608     4.8943     0.0041    96.1070 1.0000e-12  -74.17494 -113.25158  23.980899      28.84 6.1168e+02   1217.696      29226  1031.2821  1031.2797    34.4651    34.4622    7.97556         35 0.0000e+00
    769.000    759.633     0.3107  29.244388     0.3128  29.244143     4.6615     4.8950    -0.0078    96.1410 1.0000e-12  -74.17494 -113.25158  23.980918      27.78 6.1172e+02   1219.290      29264  1031.2867  1031.2844    34.4651    34.4624    7.97546         38 0.0000e+00
    770.000    760.619     0.3108  29.244951     0.3129  29.244692     4.6621     4.8954    -0.0077    96.1358 1.0000e-12  -74.17494 -113.25158  23.980936      26.79 6.1172e+02   1220.872      29302  1031.2915  1031.2891    34.4651    34.4624    7.97544         39 0.0000e+00
    771.000    761.604     0.3109  29.245491     0.3129  29.245144     4.6618     4.8913    -0.0035    96.1345 1.0000e-12  -74.17494 -113.25158  23.980955      25.76 6.1227e+02   1222.536      29342  1031.2962  1031.2938    34.4651    34.4625    7.97542         38 0.0000e+00
    772.000    762.590     0.3114  29.246563     0.3134  29.246188     4.6653     4.8949    -0.0125    96.1298 1.0000e-12  -74.17494 -113.25158  23.980975      24.74 6.1325e+02   1224.280      29384  1031.3010  1031.2986    34.4654    34.4627    7.97530         39 0.0000e+00
    773.000    763.577     0.3124  29.248082     0.3144  29.247786     4.6572     4.8956    -0.0068    96.1481 1.0000e-12  -74.17494 -113.25158  23.980997      23.69 6.1392e+02   1226.115      29428  1031.3058  1031.3035    34.4657    34.4631    7.97508         37 0.0000e+00
    774.000    764.563     0.3136  29.249873     0.3156  29.249512     4.6603     4.8970    -0.0091    96.1416 1.0000e-12  -74.17494 -113.25158  23.981020      22.68 6.1512e+02   1228.084      29475  1031.3107  1031.3085    34.4661    34.4635    7.97480         44 0.0000e+00
    775.000    765.549     0.3139  29.250603     0.3156  29.250066     4.6597     4.8963    -0.0038    96.1266 1.0000e-12  -74.17494 -113.25158  23.981043      21.69 6.1550e+02   1230.148      29525  1031.3155  1031.3132    34.4662    34.4636    7.97474         36 0.0000e+00
    776.000    766.535     0.3138  29.250957     0.3158  29.250595     4.6596     4.8902    -0.0022    96.1421 1.0000e-12  -74.17494 -113.25158  23.981068      20.64 6.1609e+02   1232.251      29575  1031.3201  1031.3178    34.4662    34.4635    7.97476         41 0.0000e+00
    777.000    767.521     0.3144  29.252082     0.3163  29.251576     4.6589     4.8937    -0.0008    96.1453 1.0000e-12  -74.17494 -113.25158  23.981093      19.63 6.1700e+02   1234.423      29627  1031.3250  1031.3226    34.4664    34.4637    7.97463         42 0.0000e+00
    778.000    768.506     0.3145  29.252562     0.3165  29.252271     4.6613     4.8923    -0.0105    96.0931 1.0000e-12  -74.17494 -113.25158  23.981119      18.60 6.1701e+02   1236.694      29682  1031.3296  1031.3273    34.4664    34.4637    7.97461         46 0.0000e+00
    779.000    769.493     0.3150  29.253609     0.3171  29.253374     4.6627     4.8974    -0.0118    96.0738 1.0000e-12  -74.17494 -113.25158  23.981146      17.55 6.1784e+02   1239.058      29738  1031.3344  1031.3321    34.4666    34.4640    7.97449         50 0.0000e+00
    780.000    770.478     0.3133  29.251910     0.3156  29.251993     4.6635     4.8963    -0.0047    96.1707 1.0000e-12  -74.17494 -113.25158  23.981175      16.54 6.1892e+02   1241.521      29798  1031.3385  1031.3364    34.4657    34.4633    7.97489         43 0.0000e+00
    781.000    771.464     0.3144  29.253756     0.3162  29.253080     4.6591     4.8919    -0.0109    96.1355 1.0000e-12  -74.17494 -113.25158  23.981204      15.53 6.2067e+02   1244.064      29859  1031.3436  1031.3412    34.4663    34.4634    7.97462         41 0.0000e+00
    782.000    772.450     0.3137  29.253290     0.3158  29.253087     4.6597     4.8932    -0.0039    96.1939 1.0000e-12  -74.17494 -113.25159  23.981234      14.52 6.2189e+02   1246.614      29920  1031.3480  1031.3458    34.4659    34.4633    7.97479         47 0.0000e+00
    783.000    773.437     0.3133  29.253184     0.3156  29.253334     4.6618     4.8890    -0.0059    96.1519 1.0000e-12  -74.17494 -113.25159  23.981264      13.55 6.2253e+02   1249.170      29981  1031.3526  1031.3505    34.4657    34.4633    7.97490         37 0.0000e+00
    784.000    774.419     0.3152  29.256155     0.3181  29.256785     4.6619     4.8892    -0.0085    96.1664 1.0000e-12  -74.17494 -113.25159  23.981300      12.45 6.2454e+02   1252.285      30056  1031.3579  1031.3558    34.4668    34.4644    7.97443         33 0.0000e+00
    785.000    775.408     0.3184  29.260158     0.3210  29.260500     4.6581     4.8886    -0.0077    96.1452 1.0000e-12  -74.17494 -113.25160  23.981345      11.47 6.2583e+02   1256.231      30151  1031.3633  1031.3611    34.4679    34.4655    7.97371         34 0.0000e+00
    786.000    776.396     0.3197  29.262005     0.3219  29.262007     4.6595     4.8871    -0.0068    96.1342 1.0000e-12  -74.17494 -113.25160  23.981383      10.47 6.2735e+02   1259.486      30229  1031.3681  1031.3660    34.4683    34.4659    7.97342         35 0.0000e+00
    787.000    777.380     0.3221  29.265577     0.3242  29.265458     4.6538     4.8865    -0.0088    96.1550 1.0000e-12  -74.17494 -113.25160  23.981421       9.46 6.2812e+02   1262.743      30307  1031.3737  1031.3716    34.4697    34.4673    7.97284         41 0.0000e+00
    788.000    778.365     0.3226  29.266330     0.3245  29.266105     4.6554     4.8885    -0.0057    96.1243 1.0000e-12  -74.17494 -113.25161  23.981459       8.47 6.2982e+02   1266.074      30387  1031.3784  1031.3762    34.4696    34.4672    7.97275         34 0.0000e+00
    789.000    779.350     0.3224  29.266693     0.3245  29.266524     4.6565     4.8894    -0.0071    96.1578 1.0000e-12  -74.17494 -113.25162  23.981496       7.48 6.3116e+02   1269.245      30463  1031.3831  1031.3809    34.4697    34.4672    7.97278         35 0.0000e+00
    790.000    780.338     0.3225  29.267244     0.3246  29.267105     4.6573     4.8903    -0.0062    96.1480 1.0000e-12  -74.17494 -113.25162  23.981535       6.48 6.3274e+02   1272.593      30543  1031.3878  1031.3856    34.4698    34.4672    7.97276         38 0.0000e+00
    791.000    781.325     0.3227  29.267975     0.3248  29.267858     4.6581     4.8906    -0.0085    96.1532 1.0000e-12  -74.17494 -113.25162  23.981571       5.47 6.3441e+02   1275.765      30619  1031.3926  1031.3904    34.4699    34.4674    7.97271         36 0.0000e+00
    792.000    782.309     0.3224  29.267978     0.3245  29.267808     4.6567     4.8901    -0.0075    96.1390 1.0000e-12  -74.17494 -113.25162  23.981609       4.48 6.3613e+02   1278.986      30697  1031.3972  1031.3949    34.4697    34.4671    7.97279         36 0.0000e+00
    793.000    783.323     0.3224  29.268438     0.3244  29.267923     4.6642     4.8900    -0.0010    96.0552 1.0000e-12  -74.17494 -113.25162  23.981658       3.20 6.3828e+02   1283.261      30799  1031.4019  1031.3995    34.4697    34.4668    7.97278          2 0.0000e+00
