ocean_section_plots/required_files/ctd/dnbp2202_ctd102.cnv
* Sea-Bird SBE 9 Data File:
* FileName = D:\Data\raw\NBP2202_CTD102.hex
* Software Version Seasave V 7.26.7.121
* Temperature SN = 1649
* Conductivity SN = 2513
* Number of Bytes Per Scan = 40
* Number of Voltage Words = 5
* Number of Scans Averaged by the Deck Unit = 1
* NMEA Latitude = 74 10.52 S
* NMEA Longitude = 113 20.65 W
* NMEA UTC (Time) = Jan 27 2022  03:21:59
* NMEA baud rate = 9600
** Ship: RVIB N.B. Palmer
** Cruise: NBP2202 Thwaites
** Station: YoYo001
** Operator: B. Bjork
# nquan = 25
# nvalues = 608                         
# units = specified
# name 0 = prDM: Pressure, Digiquartz [db]
# name 1 = depSM: Depth [salt water, m]
# name 2 = t090C: Temperature [ITS-90, deg C]
# name 3 = c0mS/cm: Conductivity [mS/cm]
# name 4 = t190C: Temperature, 2 [ITS-90, deg C]
# name 5 = c1mS/cm: Conductivity, 2 [mS/cm]
# name 6 = sbeox0ML/L: Oxygen, SBE 43 [ml/l]
# name 7 = sbeox1ML/L: Oxygen, SBE 43, 2 [ml/l]
# name 8 = flECO-AFL: Fluorescence, WET Labs ECO-AFL/FL [mg/m^3]
# name 9 = CStarTr0: Beam Transmission, WET Labs C-Star [%]
# name 10 = par: PAR/Irradiance, Biospherical/Licor
# name 11 = latitude: Latitude [deg]
# name 12 = longitude: Longitude [deg]
# name 13 = timeJ: Julian Days
# name 14 = altM: Altimeter [m]
# name 15 = spar: SPAR, Biospherical/Licor
# name 16 = timeS: Time, Elapsed [seconds]
# name 17 = scan: Scan Count
# name 18 = density00: Density [density, kg/m^3]
# name 19 = density11: Density, 2 [density, kg/m^3]
# name 20 = sal00: Salinity, Practical [PSU]
# name 21 = sal11: Salinity, Practical, 2 [PSU]
# name 22 = oxsolML/L: Oxygen Saturation, Garcia & Gordon [ml/l]
# name 23 = nbin: number of scans per bin
# name 24 = flag: flag
# span 0 =     10.000,    617.000       
# span 1 =      9.897,    609.705       
# span 2 =    -1.5052,     0.0769       
# span 3 =  26.941235,  28.910814       
# span 4 =    -1.5033,     0.0785       
# span 5 =  26.818167,  28.787743       
# span 6 =     4.6794,     8.5678       
# span 7 =     4.7218,     8.4428       
# span 8 =    -0.0226,    24.8507       
# span 9 =    69.5345,    95.5258       
# span 10 = -5.461e-05, 1.4250e+01      
# span 11 =  -74.17536,  -74.17536      
# span 12 = -113.34428, -113.34424      
# span 13 =  27.140902,  27.149546      
# span 14 =       7.66,     100.07      
# span 15 = 4.7422e+02, 5.6236e+02      
# span 16 =     54.935,    801.788      
# span 17 =       1319,      19244      
# span 18 =  1027.2207,  1030.5206      
# span 19 =  1027.0851,  1030.3893      
# span 20 =    33.7865,    34.3772      
# span 21 =    33.6171,    34.2136      
# span 22 =    8.02904,    8.40550      
# span 23 =         18,         46      
# span 24 = 0.0000e+00, 0.0000e+00      
# interval = decibars: 1                
# start_time = Jan 27 2022 03:21:59 [NMEA time, header]
# bad_flag = -9.990e-29
*END*
[from data line 58]
     68.000     67.286    -1.4243  26.988628    -1.4238  26.863727     6.5962     6.6767     6.9902    83.8288 1.0000e-12  -74.17536 -113.34426  27.142175      99.50 5.4826e+02    164.957       3960  1027.5283  1027.3880    33.8071    33.6343    8.38806         39 0.0000e+00
     69.000     68.274    -1.4263  26.987500    -1.4257  26.862726     6.5858     6.6710     7.7614    85.4915 1.0000e-12  -74.17536 -113.34426  27.142197      99.47 5.4826e+02    166.845       4005  1027.5332  1027.3930    33.8072    33.6345    8.38851         39 0.0000e+00
     70.000     69.264    -1.4279  26.986791    -1.4267  26.862493     6.5729     6.6536     7.6282    85.2259 1.0000e-12  -74.17536 -113.34426  27.142219      98.92 5.4826e+02    168.699       4050  1027.5382  1027.3980    33.8074    33.6347    8.38885         43 0.0000e+00
     71.000     70.254    -1.4295  26.986012    -1.4291  26.861119     6.5663     6.6475     8.0918    85.1112 1.0000e-12  -74.17536 -113.34427  27.142241      99.51 5.4826e+02    170.610       4096  1027.5431  1027.4030    33.8075    33.6348    8.38921         37 0.0000e+00
     72.000     71.243    -1.4302  26.985817    -1.4294  26.861318     6.5507     6.6364     9.4181    85.6717 1.0000e-12  -74.17536 -113.34427  27.142263      99.54 5.4826e+02    172.553       4142  1027.5479  1027.4078    33.8075    33.6348    8.38938         39 0.0000e+00
     73.000     72.232    -1.4316  26.985482    -1.4306  26.861189     6.5584     6.6305     9.4975    85.8136 1.0000e-12  -74.17536 -113.34427  27.142285      99.53 5.4826e+02    174.445       4188  1027.5531  1027.4131    33.8079    33.6354    8.38966         41 0.0000e+00
     74.000     73.221    -1.4305  26.986698    -1.4293  26.862310     6.5836     6.6554     7.2133    85.6821 1.0000e-12  -74.17536 -113.34427  27.142307      99.55 5.4826e+02    176.310       4232  1027.5576  1027.4173    33.8077    33.6348    8.38942         43 0.0000e+00
     75.000     74.210    -1.4265  26.990145    -1.4264  26.865019     6.5739     6.6544     7.6543    85.3840 1.0000e-12  -74.17536 -113.34427  27.142329      99.57 5.4826e+02    178.226       4278  1027.5619  1027.4218    33.8073    33.6346    8.38855         44 0.0000e+00
     76.000     75.200    -1.4302  26.987890    -1.4284  26.864151     6.5381     6.6305     6.8332    85.7065 1.0000e-12  -74.17536 -113.34427  27.142351      94.97 5.4890e+02    180.145       4324  1027.5672  1027.4271    33.8077    33.6350    8.38935         42 0.0000e+00
     77.000     76.188    -1.4352  26.984699    -1.4342  26.860550     6.5261     6.6142     6.7973    86.1914 1.0000e-12  -74.17536 -113.34427  27.142373      99.52 5.4822e+02    182.013       4369  1027.5729  1027.4330    33.8085    33.6360    8.39045         38 0.0000e+00
     78.000     77.177    -1.4356  26.984963    -1.4341  26.860764     6.5158     6.6099     7.8826    86.3219 1.0000e-12  -74.17536 -113.34427  27.142395      99.47 5.4854e+02    183.906       4415  1027.5778  1027.4374    33.8086    33.6356    8.39053         39 0.0000e+00
     79.000     78.169    -1.4371  26.984326    -1.4358  26.860621     6.4641     6.5592     6.9280    86.0207 1.0000e-12  -74.17536 -113.34428  27.142417      99.57 5.4827e+02    185.841       4461  1027.5829  1027.4432    33.8088    33.6367    8.39085         36 0.0000e+00
     80.000     79.157    -1.4453  26.978994    -1.4442  26.855286     6.4041     6.5006     7.7631    87.2629 1.0000e-12  -74.17536 -113.34426  27.142439      99.58 5.4786e+02    187.754       4507  1027.5891  1027.4496    33.8101    33.6381    8.39262         32 0.0000e+00
     81.000     80.146    -1.4508  26.975516    -1.4505  26.851133     6.3658     6.4566     6.4376    86.9319 1.0000e-12  -74.17536 -113.34427  27.142461      99.50 5.4739e+02    189.653       4553  1027.5949  1027.4554    33.8109    33.6390    8.39382         40 0.0000e+00
     82.000     81.135    -1.4559  26.972189    -1.4563  26.847194     6.3457     6.4381     6.6251    86.0955 1.0000e-12  -74.17536 -113.34427  27.142483      99.63 5.4788e+02    191.531       4598  1027.6004  1027.4608    33.8115    33.6394    8.39493         38 0.0000e+00
     83.000     82.124    -1.4586  26.970731    -1.4568  26.847125     6.3073     6.4086     5.8841    86.3736 1.0000e-12  -74.17536 -113.34427  27.142505      99.62 5.4772e+02    193.449       4644  1027.6055  1027.4654    33.8119    33.6393    8.39551         39 0.0000e+00
     84.000     83.113    -1.4630  26.968037    -1.4635  26.843469     6.1659     6.2833     6.0481    86.8474 1.0000e-12  -74.17536 -113.34426  27.142527      99.63 5.4810e+02    195.366       4690  1027.6110  1027.4721    33.8125    33.6412    8.39647         35 0.0000e+00
     85.000     84.103    -1.4852  26.952736    -1.4857  26.828357     6.0767     6.1847     6.2813    87.2980 1.0000e-12  -74.17536 -113.34426  27.142549      99.61 5.4826e+02    197.229       4734  1027.6198  1027.4810    33.8160    33.6448    8.40128         39 0.0000e+00
     86.000     85.093    -1.4903  26.949793    -1.4890  26.826035     6.0377     6.1475     5.9890    87.4477 1.0000e-12  -74.17536 -113.34426  27.142570      99.66 5.4826e+02    199.076       4779  1027.6256  1027.4857    33.8171    33.6447    8.40236         36 0.0000e+00
     87.000     86.082    -1.4950  26.947002    -1.4928  26.824372     5.9688     6.0905     5.2468    87.6825 1.0000e-12  -74.17536 -113.34426  27.142590      99.70 5.4826e+02    200.822       4821  1027.6312  1027.4916    33.8180    33.6460    8.40338         36 0.0000e+00
     88.000     87.069    -1.5052  26.941235    -1.5033  26.818167     5.9204     6.0262     3.8557    88.3955 1.0000e-12  -74.17536 -113.34426  27.142610      99.70 5.4797e+02    202.479       4860  1027.6388  1027.4991    33.8209    33.6487    8.40550         36 0.0000e+00
     89.000     88.060    -1.5012  26.947797    -1.5000  26.823286     5.7656     5.9028     3.6121    88.4527 1.0000e-12  -74.17536 -113.34426  27.142628      99.66 5.4660e+02    204.097       4899  1027.6464  1027.5056    33.8248    33.6514    8.40436         36 0.0000e+00
     90.000     89.049    -1.4790  26.972925    -1.4769  26.848226     5.5973     5.7379     3.5717    88.6995 1.0000e-12  -74.17536 -113.34426  27.142647      99.72 5.4649e+02    205.701       4938  1027.6570  1027.5153    33.8337    33.6591    8.39882         39 0.0000e+00
     91.000     90.039    -1.4669  26.986175    -1.4660  26.861478     5.5074     5.6354     3.4515    88.7218 1.0000e-12  -74.17536 -113.34426  27.142666      99.16 5.4546e+02    207.328       4977  1027.6643  1027.5239    33.8376    33.6645    8.39585         39 0.0000e+00
     92.000     91.027    -1.4622  26.992687    -1.4620  26.867024     5.4868     5.5880     2.6489    89.9637 1.0000e-12  -74.17536 -113.34426  27.142685      99.81 5.4367e+02    208.979       5016  1027.6714  1027.5305    33.8407    33.6669    8.39461         40 0.0000e+00
     93.000     92.016    -1.4519  27.004470    -1.4515  26.878627     5.5274     5.5959     1.8802    91.0555 1.0000e-12  -74.17536 -113.34425  27.142704      99.84 5.4297e+02    210.620       5056  1027.6788  1027.5377    33.8445    33.6705    8.39205         39 0.0000e+00
     94.000     93.006    -1.4448  27.011980    -1.4443  26.886478     5.5430     5.6098     1.0471    91.2137 1.0000e-12  -74.17536 -113.34426  27.142723      99.83 5.4166e+02    212.238       5095  1027.6847  1027.5439    33.8462    33.6726    8.39035         38 0.0000e+00
     95.000     93.996    -1.4430  27.016208    -1.4421  26.891342     5.5227     5.5976     0.9265    91.2683 1.0000e-12  -74.17536 -113.34426  27.142741      99.81 5.4120e+02    213.849       5133  1027.6922  1027.5516    33.8494    33.6761    8.38976         39 0.0000e+00
     96.000     94.984    -1.4376  27.023937    -1.4365  26.899005     5.4848     5.5590     1.5520    92.2406 1.0000e-12  -74.17536 -113.34426  27.142760      99.84 5.4120e+02    215.477       5172  1027.6999  1027.5591    33.8533    33.6797    8.38830         39 0.0000e+00
     97.000     95.973    -1.4194  27.043673    -1.4158  26.919796     5.4808     5.5349     0.8105    92.7972 1.0000e-12  -74.17536 -113.34426  27.142779      99.84 5.3966e+02    217.074       5211  1027.7086  1027.5666    33.8593    33.6844    8.38386         36 0.0000e+00
     98.000     96.963    -1.4091  27.055548    -1.4083  26.930872     5.4997     5.5511     0.6606    92.8277 1.0000e-12  -74.17536 -113.34426  27.142796      99.83 5.3939e+02    218.590       5247  1027.7163  1027.5762    33.8634    33.6906    8.38130         35 0.0000e+00
     99.000     97.953    -1.4130  27.054512    -1.4119  26.929445     5.5045     5.5558     0.3652    93.5725 1.0000e-12  -74.17536 -113.34426  27.142813      98.79 5.3846e+02    220.012       5281  1027.7235  1027.5826    33.8657    33.6921    8.38204         34 0.0000e+00
    100.000     98.941    -1.4078  27.060874    -1.4070  26.935367     5.5132     5.5653     0.3962    93.6709 1.0000e-12  -74.17536 -113.34426  27.142829      99.85 5.3775e+02    221.398       5315  1027.7299  1027.5889    33.8679    33.6941    8.38072         32 0.0000e+00
    101.000     99.930    -1.3923  27.077682    -1.3934  26.950085     5.4836     5.5630     0.2606    93.7058 1.0000e-12  -74.17536 -113.34426  27.142844      99.86 5.3768e+02    222.678       5345  1027.7379  1027.5964    33.8730    33.6984    8.37695         29 0.0000e+00
    102.000    100.920    -1.3904  27.081058    -1.3910  26.954072     5.4318     5.5220     0.2742    93.7954 1.0000e-12  -74.17536 -113.34426  27.142858      99.86 5.3768e+02    223.902       5375  1027.7443  1027.6031    33.8748    33.7005    8.37641         30 0.0000e+00
    103.000    101.909    -1.3594  27.109962    -1.3599  26.981135     5.3733     5.4613     0.3921    93.7703 1.0000e-12  -74.17536 -113.34426  27.142872      99.87 5.3670e+02    225.136       5404  1027.7505  1027.6073    33.8788    33.7021    8.36921         30 0.0000e+00
    104.000    102.897    -1.3468  27.121520    -1.3460  26.994491     5.3182     5.4116     0.1827    94.8060 1.0000e-12  -74.17536 -113.34426  27.142886      99.87 5.3593e+02    226.362       5434  1027.7556  1027.6132    33.8798    33.7041    8.36632         29 0.0000e+00
    105.000    103.887    -1.3268  27.139633    -1.3275  27.011936     5.2924     5.3787     0.0873    94.6585 1.0000e-12  -74.17536 -113.34426  27.142900      99.86 5.3592e+02    227.566       5463  1027.7608  1027.6191    33.8814    33.7066    8.36175         28 0.0000e+00
    106.000    104.876    -1.3199  27.146469    -1.3218  27.017675     5.2762     5.3603     0.0668    94.9408 1.0000e-12  -74.17536 -113.34426  27.142914      99.87 5.3570e+02    228.766       5491  1027.7662  1027.6246    33.8823    33.7074    8.36013         29 0.0000e+00
    107.000    105.865    -1.3155  27.150588    -1.3157  27.023722     5.2614     5.3380     0.0582    94.9733 1.0000e-12  -74.17536 -113.34426  27.142927      99.87 5.3416e+02    229.934       5519  1027.7711  1027.6299    33.8823    33.7082    8.35915         28 0.0000e+00
    108.000    106.855    -1.3098  27.156697    -1.3079  27.030999     5.2563     5.3241     0.0824    94.9102 1.0000e-12  -74.17536 -113.34424  27.142941      99.86 5.3415e+02    231.071       5547  1027.7768  1027.6350    33.8837    33.7088    8.35780         27 0.0000e+00
    109.000    107.842    -1.2998  27.166314    -1.2991  27.040360     5.2537     5.3184     0.0908    95.1358 1.0000e-12  -74.17536 -113.34426  27.142954      99.87 5.3415e+02    232.210       5574  1027.7823  1027.6413    33.8850    33.7111    8.35549         27 0.0000e+00
    110.000    108.832    -1.2995  27.167120    -1.2985  27.041053     5.2523     5.3112     0.0442    95.2258 1.0000e-12  -74.17536 -113.34424  27.142966      98.72 5.3407e+02    233.257       5599  1027.7874  1027.6461    33.8851    33.7108    8.35540         23 0.0000e+00
    111.000    109.822    -1.2985  27.168442    -1.2975  27.042605     5.2556     5.3085     0.0072    95.2514 1.0000e-12  -74.17536 -113.34426  27.142977      96.51 5.3318e+02    234.185       5621  1027.7923  1027.6513    33.8851    33.7111    8.35518         23 0.0000e+00
    112.000    110.810    -1.2976  27.169738    -1.2964  27.044309     5.2671     5.3134    -0.0068    95.1686 1.0000e-12  -74.17536 -113.34424  27.142988      99.80 5.3383e+02    235.148       5645  1027.7974  1027.6566    33.8853    33.7116    8.35497         23 0.0000e+00
    113.000    111.800    -1.2980  27.170274    -1.2972  27.044685     5.2847     5.3219    -0.0074    95.1466 1.0000e-12  -74.17536 -113.34426  27.142999      99.87 5.3343e+02    236.098       5667  1027.8029  1027.6622    33.8859    33.7124    8.35503         22 0.0000e+00
    114.000    112.789    -1.3061  27.163475    -1.3080  27.037600     5.2862     5.3309     0.0170    95.3413 1.0000e-12  -74.17536 -113.34424  27.143010      99.87 5.3255e+02    237.035       5690  1027.8077  1027.6693    33.8851    33.7142    8.35689         23 0.0000e+00
    115.000    113.778    -1.3122  27.161774    -1.3097  27.036786     5.2758     5.3229     0.0035    95.3546 1.0000e-12  -74.17536 -113.34425  27.143020      99.86 5.3334e+02    237.966       5712  1027.8161  1027.6744    33.8890    33.7144    8.35802         22 0.0000e+00
    116.000    114.768    -1.3007  27.172967    -1.2997  27.046067     5.2641     5.3101     0.0069    95.4038 1.0000e-12  -74.17536 -113.34425  27.143031      99.87 5.3240e+02    238.907       5735  1027.8216  1027.6793    33.8907    33.7153    8.35534         23 0.0000e+00
    117.000    115.756    -1.2876  27.185129    -1.2871  27.058240     5.2567     5.3081     0.0021    95.4225 1.0000e-12  -74.17536 -113.34425  27.143043      99.87 5.3239e+02    239.878       5758  1027.8266  1027.6850    33.8919    33.7172    8.35233         24 0.0000e+00
    118.000    116.745    -1.2820  27.190751    -1.2812  27.064744     5.2547     5.3040    -0.0077    95.3584 1.0000e-12  -74.17536 -113.34425  27.143055      99.87 5.3288e+02    240.919       5783  1027.8319  1027.6909    33.8928    33.7188    8.35104         25 0.0000e+00
    119.000    117.735    -1.2804  27.192943    -1.2789  27.067411     5.2524     5.3034    -0.0069    95.3731 1.0000e-12  -74.17536 -113.34425  27.143067      99.87 5.3245e+02    242.007       5809  1027.8371  1027.6960    33.8933    33.7193    8.35065         27 0.0000e+00
    120.000    118.724    -1.2781  27.195382    -1.2772  27.069859     5.2545     5.2999    -0.0063    95.4407 1.0000e-12  -74.17536 -113.34424  27.143080      99.87 5.3219e+02    243.103       5835  1027.8420  1027.7015    33.8934    33.7201    8.35013         26 0.0000e+00
    121.000    119.713    -1.2796  27.194858    -1.2790  27.069249     5.2532     5.2984    -0.0105    95.4171 1.0000e-12  -74.17536 -113.34424  27.143092      99.87 5.3212e+02    244.186       5861  1027.8472  1027.7070    33.8937    33.7207    8.35043         26 0.0000e+00
    122.000    120.702    -1.2818  27.193833    -1.2809  27.068212     5.2551     5.3017    -0.0080    95.4419 1.0000e-12  -74.17536 -113.34424  27.143105      99.87 5.3178e+02    245.272       5888  1027.8527  1027.7121    33.8943    33.7208    8.35091         26 0.0000e+00
    123.000    121.690    -1.2811  27.194965    -1.2805  27.069230     5.2594     5.3058    -0.0059    95.4182 1.0000e-12  -74.17536 -113.34426  27.143117      92.93 5.3112e+02    246.340       5913  1027.8576  1027.7171    33.8944    33.7211    8.35074         25 0.0000e+00
    124.000    122.680    -1.2842  27.192896    -1.2832  27.067907     5.2646     5.3090    -0.0151    95.3881 1.0000e-12  -74.17536 -113.34424  27.143130      99.93 5.3063e+02    247.406       5939  1027.8627  1027.7227    33.8945    33.7217    8.35144         26 0.0000e+00
