ocean_section_plots/required_files/ctd/dnbp2202_ctd242.cnv
* Sea-Bird SBE 9 Data File:
* FileName = D:\Data\raw\NBP2202_CTD242.hex
* Software Version Seasave V 7.26.7.121
* Temperature SN = 1649
* Conductivity SN = 2513
* Number of Bytes Per Scan = 40
* Number of Voltage Words = 5
* Number of Scans Averaged by the Deck Unit = 1
* NMEA Latitude = 73 54.84 S
* NMEA Longitude = 118 51.48 W
* NMEA UTC (Time) = Feb 14 2022  23:43:54
* NMEA baud rate = 9600
** Ship: RVIB N.B. Palmer
** Cruise: NBP2202 Thwaites
** Station: 152
** Operator: A. Robinson
# nquan = 28
# nvalues = 341                         
# units = specified
# name 0 = prDM: Pressure, Digiquartz [db]
# name 1 = depSM: Depth [salt water, m]
# name 2 = t090C: Temperature [ITS-90, deg C]
# name 3 = c0mS/cm: Conductivity [mS/cm]
# name 4 = t190C: Temperature, 2 [ITS-90, deg C]
# name 5 = c1mS/cm: Conductivity, 2 [mS/cm]
# name 6 = sbeox0ML/L: Oxygen, SBE 43 [ml/l]
# name 7 = sbeox1ML/L: Oxygen, SBE 43, 2 [ml/l]
# name 8 = flECO-AFL: Fluorescence, WET Labs ECO-AFL/FL [mg/m^3]
# name 9 = CStarTr0: Beam Transmission, WET Labs C-Star [%]
# name 10 = par: PAR/Irradiance, Biospherical/Licor
# name 11 = latitude: Latitude [deg]
# name 12 = longitude: Longitude [deg]
# name 13 = timeJ: Julian Days
# name 14 = altM: Altimeter [m]
# name 15 = spar: SPAR, Biospherical/Licor
# name 16 = timeS: Time, Elapsed [seconds]
# name 17 = scan: Scan Count
# name 18 = density00: Density [density, kg/m^3]
# name 19 = density11: Density, 2 [density, kg/m^3]
# name 20 = v3: Voltage 3
# name 21 = v4: Voltage 4
# name 22 = v5: Voltage 5
# name 23 = sal00: Salinity, Practical [PSU]
# name 24 = sal11: Salinity, Practical, 2 [PSU]
# name 25 = oxsolML/L: Oxygen Saturation, Garcia & Gordon [ml/l]
# name 26 = nbin: number of scans per bin
# name 27 = flag: flag
# span 0 =      2.000,    342.000       
# span 1 =      1.986,    338.189       
# span 2 =    -1.4413,    -0.1836       
# span 3 =  27.176168,  28.035653       
# span 4 =    -1.4411,    -0.1824       
# span 5 =  27.176008,  28.035506       
# span 6 =     5.8293,     9.2295       
# span 7 =     6.0587,     9.5888       
# span 8 =    -0.0200,    10.2785       
# span 9 =    86.3773,    97.2634       
# span 10 = 1.0000e-12, 2.6272e+02      
# span 11 =  -73.91404,  -73.91402      
# span 12 = -118.85814, -118.85812      
# span 13 =  45.991545,  45.997698      
# span 14 =       3.65,     107.54      
# span 15 = 5.8187e+02, 6.0259e+02      
# span 16 =    235.486,    767.129      
# span 17 =       5653,      18412      
# span 18 =  1027.1346,  1029.0617      
# span 19 =  1027.1367,  1029.0601      
# span 20 =     4.0986,     4.6140      
# span 21 =     0.0639,     2.0474      
# span 22 =     0.1129,     0.1955      
# span 23 =    33.7643,    34.0852      
# span 24 =    33.7653,    34.0834      
# span 25 =    8.11399,    8.37894      
# span 26 =         10,         49      
# span 27 = 0.0000e+00, 0.0000e+00      
# interval = decibars: 1                
# start_time = Feb 14 2022 23:43:54 [NMEA time, header]
# bad_flag = -9.990e-29
*END*
[from data line 52]
     54.000     53.435    -0.3640  27.894630    -0.3634  27.895076     8.5762     8.9515     7.5436    88.0078 2.6810e-04  -73.91402 -118.85813  45.992674      99.51 5.9788e+02    333.042       7994  1027.4591  1027.4591     4.1751     1.3105     0.1735    33.8547    33.8547    8.15214         34 0.0000e+00
     55.000     54.424    -0.3654  27.895483    -0.3650  27.895921     8.5563     8.9337     6.4413    87.7302 1.8082e-06  -73.91402 -118.85813  45.992691      71.88 5.9871e+02    334.527       8030  1027.4654  1027.4654     4.1620     1.4468     0.1735    33.8569    33.8569    8.15233         37 0.0000e+00
     56.000     55.414    -0.3784  27.886189    -0.3771  27.887405     8.5182     8.9046     5.8367    88.6232 1.0000e-12  -73.91402 -118.85813  45.992710      94.24 5.9912e+02    336.125       8068  1027.4719  1027.4720     4.2043     1.3183     0.1702    33.8583    33.8585    8.15504         32 0.0000e+00
     57.000     56.403    -0.3905  27.877195    -0.3893  27.878592     8.4820     8.8586     5.9541    89.1105 1.0000e-12  -73.91403 -118.85813  45.992727      98.35 5.9831e+02    337.597       8103  1027.4780  1027.4784     4.2274     1.1298     0.1804    33.8591    33.8597    8.15759         33 0.0000e+00
     58.000     57.393    -0.4086  27.862699    -0.4067  27.864852     8.4162     8.8008     5.6794    89.5909 1.0000e-12  -73.91403 -118.85813  45.992742      99.51 5.9844e+02    338.932       8135  1027.4839  1027.4845     4.2505     1.2706     0.1540    33.8593    33.8601    8.16147         32 0.0000e+00
     59.000     58.381    -0.4465  27.832729    -0.4456  27.834542     8.3697     8.7574     5.3444    89.1374 1.0000e-12  -73.91402 -118.85813  45.992758      99.40 5.9910e+02    340.281       8168  1027.4924  1027.4935     4.2284     1.5989     0.1699    33.8608    33.8622    8.16954         31 0.0000e+00
     60.000     59.371    -0.4676  27.818014    -0.4670  27.818880     8.3549     8.7288     6.0910    90.2580 1.0000e-12  -73.91402 -118.85813  45.992775      99.63 5.9868e+02    341.745       8203  1027.5008  1027.5011     4.2812     0.9965     0.1679    33.8640    33.8644    8.17390         35 0.0000e+00
     61.000     60.360    -0.4797  27.809870    -0.4793  27.810481     8.3304     8.7091     6.3566    89.9518 1.0000e-12  -73.91402 -118.85813  45.992793      99.61 5.9878e+02    343.322       8241  1027.5075  1027.5078     4.2674     1.0762     0.1706    33.8660    33.8663    8.17639         35 0.0000e+00
     62.000     61.350    -0.4836  27.807718    -0.4830  27.808551     8.3080     8.6782     5.8264    89.2559 1.0000e-12  -73.91404 -118.85813  45.992810      99.57 5.9900e+02    344.745       8275  1027.5129  1027.5131     4.2343     1.1243     0.1526    33.8669    33.8672    8.17719         32 0.0000e+00
     63.000     62.339    -0.4931  27.801326    -0.4931  27.801918     8.2908     8.6497     7.5968    88.9572 1.0000e-12  -73.91404 -118.85813  45.992824      99.62 5.9903e+02    346.011       8305  1027.5191  1027.5198     4.2202     1.0552     0.1572    33.8682    33.8691    8.17915         30 0.0000e+00
     64.000     63.328    -0.5093  27.790117    -0.5089  27.790768     8.2788     8.6335     6.6423    89.8890 1.0000e-12  -73.91403 -118.85813  45.992840      99.59 5.9938e+02    347.362       8338  1027.5267  1027.5270     4.2644     1.1617     0.1648    33.8707    33.8711    8.18251         35 0.0000e+00
     65.000     64.318    -0.5163  27.785516    -0.5159  27.786066     8.2739     8.6187     6.2066    89.9692 1.0000e-12  -73.91403 -118.85813  45.992858      95.11 5.9938e+02    348.906       8375  1027.5323  1027.5326     4.2681     1.1306     0.1580    33.8716    33.8719    8.18395         38 0.0000e+00
     66.000     65.307    -0.5176  27.785139    -0.5173  27.785558     8.2328     8.5774     4.7992    89.8744 1.0000e-12  -73.91403 -118.85813  45.992875      96.72 5.9802e+02    350.439       8412  1027.5372  1027.5373     4.2637     0.7889     0.1584    33.8720    33.8722    8.18422         36 0.0000e+00
     67.000     66.297    -0.5335  27.773169    -0.5315  27.775515     8.1405     8.5021     5.1492    90.1700 1.0000e-12  -73.91403 -118.85813  45.992892      99.76 5.9848e+02    351.847       8445  1027.5437  1027.5443     4.2776     0.8519     0.1542    33.8731    33.8741    8.18759         29 0.0000e+00
     68.000     67.287    -0.5682  27.748900    -0.5697  27.749129     8.0323     8.3971     5.8713    90.0461 1.0000e-12  -73.91403 -118.85813  45.992908      99.69 5.9939e+02    353.208       8478  1027.5552  1027.5569     4.2717     0.8455     0.1594    33.8787    33.8806    8.19479         34 0.0000e+00
     69.000     68.275    -0.6056  27.723685    -0.6042  27.725556     7.9299     8.2887     5.8383    89.9332 1.0000e-12  -73.91403 -118.85813  45.992924      99.73 5.9928e+02    354.609       8512  1027.5681  1027.5688     4.2665     0.7832     0.1630    33.8860    33.8870    8.20246         35 0.0000e+00
     70.000     69.265    -0.6517  27.690646    -0.6525  27.691022     7.8142     8.2041     5.3117    90.3992 1.0000e-12  -73.91403 -118.85813  45.992941      99.66 5.9793e+02    356.065       8547  1027.5808  1027.5821     4.2885     0.9688     0.1658    33.8924    33.8939    8.21209         34 0.0000e+00
     71.000     70.253    -0.7033  27.657314    -0.7008  27.659673     7.8029     8.1492     5.5343    89.8115 1.0000e-12  -73.91403 -118.85813  45.992957      99.71 5.9894e+02    357.528       8582  1027.5984  1027.5986     4.2607     0.8226     0.1709    33.9047    33.9051    8.22261         36 0.0000e+00
     72.000     71.244    -0.6973  27.663851    -0.6969  27.664470     7.7605     8.0975     4.4704    90.9273 1.0000e-12  -73.91403 -118.85812  45.992974      99.75 5.9847e+02    358.954       8616  1027.6033  1027.6036     4.3136     0.7067     0.1523    33.9063    33.9067    8.22122         33 0.0000e+00
     73.000     72.233    -0.7117  27.652660    -0.7197  27.646858     7.6773     8.0244     5.7393    90.5201 1.0000e-12  -73.91402 -118.85812  45.992990      99.64 5.9839e+02    360.311       8648  1027.6088  1027.6103     4.2943     1.2981     0.1567    33.9067    33.9078    8.22433         32 0.0000e+00
     74.000     73.221    -0.7625  27.612665    -0.7669  27.610785     7.6109     7.9592     4.8657    90.4598 1.0000e-12  -73.91402 -118.85812  45.993005      99.74 5.9927e+02    361.672       8681  1027.6185  1027.6207     4.2915     0.7118     0.1538    33.9091    33.9114    8.23528         34 0.0000e+00
     75.000     74.212    -0.7910  27.594227    -0.7914  27.594529     7.6011     7.9386     3.8056    90.7244 1.0000e-12  -73.91402 -118.85812  45.993022      93.34 5.9808e+02    363.124       8716  1027.6297  1027.6304     4.3039     0.7979     0.1567    33.9155    33.9163    8.24113         36 0.0000e+00
     76.000     75.200    -0.7982  27.589664    -0.7994  27.589187     7.5824     7.9125     3.6727    91.4864 1.0000e-12  -73.91402 -118.85812  45.993040     100.05 5.9832e+02    364.644       8752  1027.6353  1027.6359     4.3401     0.5139     0.1409    33.9168    33.9175    8.24262         33 0.0000e+00
     77.000     76.190    -0.8039  27.586142    -0.8039  27.586638     7.5477     7.8893     4.9887    90.9727 1.0000e-12  -73.91402 -118.85812  45.993057      99.76 5.9954e+02    366.094       8787  1027.6407  1027.6412     4.3158     0.6781     0.1506    33.9178    33.9185    8.24382         32 0.0000e+00
     78.000     77.179    -0.8236  27.571202    -0.8175  27.576743     7.5100     7.8478     3.9538    91.1871 1.0000e-12  -73.91402 -118.85813  45.993072      99.81 5.9883e+02    367.435       8819  1027.6473  1027.6474     4.3259     0.4546     0.1490    33.9190    33.9197    8.24804         32 0.0000e+00
     79.000     78.168    -0.8436  27.556682    -0.8437  27.557385     7.4983     7.8211     4.1546    91.1815 1.0000e-12  -73.91402 -118.85813  45.993088      99.80 5.9790e+02    368.773       8852  1027.6548  1027.6557     4.3257     0.4481     0.1453    33.9213    33.9224    8.25231         33 0.0000e+00
     80.000     79.158    -0.8608  27.544061    -0.8573  27.547178     7.5027     7.8003     3.7145    91.8257 1.0000e-12  -73.91402 -118.85814  45.993104      99.68 5.9927e+02    370.213       8886  1027.6614  1027.6615     4.3562     0.8235     0.1609    33.9229    33.9232    8.25598         31 0.0000e+00
     81.000     80.146    -0.8455  27.555917    -0.8569  27.548056     7.4561     7.7590     4.7027    90.8696 1.0000e-12  -73.91402 -118.85814  45.993121      99.68 5.9938e+02    371.656       8921  1027.6634  1027.6659     4.3109     0.8410     0.1455    33.9212    33.9233    8.25273         33 0.0000e+00
     82.000     81.136    -0.8793  27.530238    -0.8906  27.522725     7.4361     7.7356     4.3241    92.6788 1.0000e-12  -73.91402 -118.85814  45.993136      99.75 5.9863e+02    372.951       8952  1027.6722  1027.6750     4.3966     0.6198     0.1602    33.9237    33.9263    8.25998         29 0.0000e+00
     83.000     82.126    -0.8984  27.516578    -0.8981  27.517253     7.4254     7.7422     4.3141    91.9827 1.0000e-12  -73.91402 -118.85814  45.993150      99.82 5.9901e+02    374.118       8980  1027.6797  1027.6801     4.3636     0.4050     0.1503    33.9261    33.9266    8.26404         28 0.0000e+00
     84.000     83.115    -0.9012  27.514899    -0.9022  27.514474     7.3870     7.6755     3.7876    91.7134 1.0000e-12  -73.91402 -118.85814  45.993163      99.76 5.9920e+02    375.314       9009  1027.6846  1027.6850     4.3509     0.6456     0.1487    33.9264    33.9269    8.26465         30 0.0000e+00
     85.000     84.104    -0.9038  27.513548    -0.9036  27.514061     7.2524     7.5596     3.7185    91.8460 1.0000e-12  -73.91402 -118.85814  45.993177      99.79 5.9872e+02    376.524       9038  1027.6895  1027.6899     4.3572     0.5527     0.1486    33.9268    33.9273    8.26518         29 0.0000e+00
     86.000     85.093    -0.9357  27.486683    -0.9213  27.501371     7.0416     7.3827     3.8475    90.8263 1.0000e-12  -73.91402 -118.85814  45.993191      99.78 5.9908e+02    377.745       9067  1027.6952  1027.6973     4.3096     0.5803     0.1522    33.9256    33.9294    8.27228         29 0.0000e+00
     87.000     86.082    -1.0593  27.394018    -1.0788  27.381767     6.9202     7.2803     3.8093    92.0207 1.0000e-12  -73.91402 -118.85814  45.993206      99.77 5.9871e+02    378.977       9096  1027.7179  1027.7236     4.3647     0.6345     0.1470    33.9382    33.9436    8.29880         29 0.0000e+00
     88.000     87.072    -1.1014  27.362244    -1.0974  27.366846     6.8923     7.2410     4.1593    90.9455 1.0000e-12  -73.91402 -118.85814  45.993219      99.72 5.9840e+02    380.126       9124  1027.7277  1027.7288     4.3145     0.7917     0.1576    33.9419    33.9437    8.30792         27 0.0000e+00
     89.000     88.062    -1.1198  27.349144    -1.1197  27.350242     6.9168     7.2365     3.1969    91.3046 1.0000e-12  -73.91402 -118.85814  45.993232      99.73 5.9839e+02    381.212       9150  1027.7346  1027.7357     4.3313     0.7361     0.1514    33.9442    33.9456    8.31186         25 0.0000e+00
     90.000     89.049    -1.1301  27.342073    -1.1261  27.345906     6.9292     7.2129     3.1628    90.6293 1.0000e-12  -73.91402 -118.85814  45.993244      99.76 5.9906e+02    382.306       9176  1027.7404  1027.7407     4.2997     0.6431     0.1452    33.9456    33.9462    8.31407         28 0.0000e+00
     91.000     90.041    -1.1152  27.354104    -1.1157  27.354018     6.8948     7.1650     3.8243    90.7702 1.0000e-12  -73.91402 -118.85814  45.993258      99.69 5.9868e+02    383.506       9205  1027.7427  1027.7431     4.3062     0.8645     0.1465    33.9445    33.9450    8.31082         30 0.0000e+00
     92.000     91.028    -1.1266  27.345548    -1.1253  27.347677     6.7683     7.0734     3.6842    91.6183 1.0000e-12  -73.91402 -118.85814  45.993273      99.70 5.9797e+02    384.778       9236  1027.7480  1027.7491     4.3463     0.8253     0.1613    33.9451    33.9465    8.31331         30 0.0000e+00
     93.000     92.017    -1.1753  27.308285    -1.1789  27.307792     6.7124     7.0127     3.5716    91.7625 1.0000e-12  -73.91402 -118.85814  45.993286      99.79 5.9843e+02    385.929       9263  1027.7584  1027.7613     4.3532     0.5660     0.1445    33.9486    33.9520    8.32393         26 0.0000e+00
     94.000     93.008    -1.2078  27.285180    -1.2055  27.287876     6.6877     6.9915     3.5437    92.6886 1.0000e-12  -73.91402 -118.85814  45.993298      99.71 5.9801e+02    386.950       9288  1027.7683  1027.7691     4.3971     0.7821     0.1571    33.9531    33.9543    8.33089         23 0.0000e+00
     95.000     93.997    -1.2095  27.284657    -1.2092  27.285483     6.6977     6.9816     3.5747    91.3981 1.0000e-12  -73.91402 -118.85814  45.993310      88.64 5.9769e+02    387.990       9313  1027.7732  1027.7738     4.3359     0.5113     0.1457    33.9538    33.9546    8.33125         27 0.0000e+00
     96.000     94.986    -1.2106  27.284100    -1.2121  27.283647     6.6879     6.9706     3.1368    91.9820 1.0000e-12  -73.91402 -118.85814  45.993324      99.48 5.9916e+02    389.214       9342  1027.7772  1027.7782     4.3636     0.4727     0.1436    33.9536    33.9547    8.33149         31 0.0000e+00
     97.000     95.975    -1.2136  27.282451    -1.2141  27.282822     6.6841     6.9587     2.8894    91.6987 1.0000e-12  -73.91402 -118.85814  45.993339      99.66 5.9844e+02    390.484       9373  1027.7821  1027.7830     4.3501     0.9399     0.1496    33.9542    33.9552    8.33214         30 0.0000e+00
     98.000     96.964    -1.2171  27.280360    -1.2174  27.280787     6.6609     6.9286     3.6229    91.6662 1.0000e-12  -73.91402 -118.85814  45.993353      99.69 5.9788e+02    391.659       9401  1027.7871  1027.7878     4.3486     0.8492     0.1440    33.9546    33.9556    8.33288         27 0.0000e+00
     99.000     97.954    -1.2188  27.279638    -1.2171  27.281706     6.6055     6.8770     3.0408    92.1683 1.0000e-12  -73.91402 -118.85814  45.993365      99.79 5.9796e+02    392.772       9428  1027.7918  1027.7925     4.3724     0.5533     0.1486    33.9549    33.9559    8.33325         26 0.0000e+00
    100.000     98.942    -1.2204  27.278486    -1.2226  27.277815     6.5384     6.8139     2.7470    92.1287 1.0000e-12  -73.91402 -118.85814  45.993378      99.78 5.9847e+02    393.872       9454  1027.7962  1027.7975     4.3706     0.5602     0.1428    33.9546    33.9561    8.33364         27 0.0000e+00
    101.000     99.932    -1.2349  27.267227    -1.2341  27.268506     6.5205     6.7931     4.6783    91.9045 1.0000e-12  -73.91402 -118.85814  45.993391      99.78 5.9749e+02    394.973       9480  1027.8019  1027.8025     4.3599     0.5763     0.1405    33.9550    33.9558    8.33684         26 0.0000e+00
    102.000    100.921    -1.2445  27.260006    -1.2491  27.256622     6.5268     6.8036     3.6975    92.1347 1.0000e-12  -73.91402 -118.85814  45.993404      99.82 5.9801e+02    396.086       9507  1027.8073  1027.8080     4.3708     0.4555     0.1455    33.9553    33.9558    8.33895         27 0.0000e+00
    103.000    101.909    -1.2353  27.267813    -1.2323  27.271020     6.5269     6.7734     3.6366    91.5098 1.0000e-12  -73.91402 -118.85814  45.993417      99.83 5.9775e+02    397.190       9534  1027.8110  1027.8115     4.3419     0.3618     0.1366    33.9550    33.9559    8.33693         26 0.0000e+00
    104.000    102.899    -1.2381  27.266453    -1.2379  27.266938     6.4812     6.7226     3.4787    93.2128 1.0000e-12  -73.91402 -118.85814  45.993429      99.82 5.9762e+02    398.265       9559  1027.8162  1027.8165     4.4213     0.3859     0.1356    33.9556    33.9560    8.33751         26 0.0000e+00
