ocean_section_plots/required_files/ctd/dnbp2202_ctd231.cnv
* Sea-Bird SBE 9 Data File:
* FileName = D:\Data\raw\NBP2202_CTD231.hex
* Software Version Seasave V 7.26.7.121
* Temperature SN = 1649
* Conductivity SN = 2513
* Number of Bytes Per Scan = 40
* Number of Voltage Words = 5
* Number of Scans Averaged by the Deck Unit = 1
* NMEA Latitude = 73 43.86 S
* NMEA Longitude = 113 45.50 W
* NMEA UTC (Time) = Feb 13 2022  08:12:36
* NMEA baud rate = 9600
** Ship: RVIB N.B. Palmer
** Cruise: NBP2202 Thwaites
** Station: 142
** Operator: B. Bjork
# nquan = 28
# nvalues = 660                         
# units = specified
# name 0 = prDM: Pressure, Digiquartz [db]
# name 1 = depSM: Depth [salt water, m]
# name 2 = t090C: Temperature [ITS-90, deg C]
# name 3 = c0mS/cm: Conductivity [mS/cm]
# name 4 = t190C: Temperature, 2 [ITS-90, deg C]
# name 5 = c1mS/cm: Conductivity, 2 [mS/cm]
# name 6 = sbeox0ML/L: Oxygen, SBE 43 [ml/l]
# name 7 = sbeox1ML/L: Oxygen, SBE 43, 2 [ml/l]
# name 8 = flECO-AFL: Fluorescence, WET Labs ECO-AFL/FL [mg/m^3]
# name 9 = CStarTr0: Beam Transmission, WET Labs C-Star [%]
# name 10 = par: PAR/Irradiance, Biospherical/Licor
# name 11 = latitude: Latitude [deg]
# name 12 = longitude: Longitude [deg]
# name 13 = timeJ: Julian Days
# name 14 = altM: Altimeter [m]
# name 15 = spar: SPAR, Biospherical/Licor
# name 16 = timeS: Time, Elapsed [seconds]
# name 17 = scan: Scan Count
# name 18 = density00: Density [density, kg/m^3]
# name 19 = density11: Density, 2 [density, kg/m^3]
# name 20 = v3: Voltage 3
# name 21 = v4: Voltage 4
# name 22 = v5: Voltage 5
# name 23 = sal00: Salinity, Practical [PSU]
# name 24 = sal11: Salinity, Practical, 2 [PSU]
# name 25 = oxsolML/L: Oxygen Saturation, Garcia & Gordon [ml/l]
# name 26 = nbin: number of scans per bin
# name 27 = flag: flag
# span 0 =      2.000,    661.000       
# span 1 =      1.976,    653.139       
# span 2 =    -1.7649,     0.1524       
# span 3 =  27.087932,  29.017714       
# span 4 =    -1.7644,     0.1542       
# span 5 =  27.088250,  29.017587       
# span 6 =     4.7105,     9.0435       
# span 7 =     4.8661,     9.4407       
# span 8 =    -0.0138,    21.8967       
# span 9 =    77.1380,    97.8099       
# span 10 = -3.844e-05, 2.3739e+00      
# span 11 =  -73.73142,  -73.73104      
# span 12 = -113.76328, -113.75829      
# span 13 =  44.345161,  44.354630      
# span 14 =       2.91,     100.09      
# span 15 = 2.2917e+01, 3.1818e+01      
# span 16 =    265.936,   1084.044      
# span 17 =       6383,      26018      
# span 18 =  1027.1627,  1030.7459      
# span 19 =  1027.1654,  1030.7440      
# span 20 =     3.6607,     4.6399      
# span 21 =     0.0645,     3.5509      
# span 22 =     0.1123,     0.2549      
# span 23 =    33.7816,    34.4073      
# span 24 =    33.7809,    34.4052      
# span 25 =    8.01158,    8.44474      
# span 26 =         21,         46      
# span 27 = 0.0000e+00, 0.0000e+00      
# interval = decibars: 1                
# start_time = Feb 13 2022 08:12:36 [NMEA time, header]
# bad_flag = -9.990e-29
*END*
[from data line 415]
    417.000    412.278    -0.4874  28.257509    -0.4857  28.257355     5.1955     5.3755     0.0458    97.3714 1.0000e-12  -73.73115 -113.75964  44.350851      99.84 2.8971e+01    757.542      18182  1029.5172  1029.5154     4.6191     0.0903     0.1288    34.2591    34.2570    8.15544         23 0.0000e+00
    418.000    413.265    -0.4897  28.258092    -0.4886  28.257580     5.1919     5.3721     0.0262    97.3851 1.0000e-12  -73.73116 -113.75964  44.350862      99.84 3.1286e+01    758.519      18205  1029.5244  1029.5229     4.6198     0.1120     0.1263    34.2619    34.2600    8.15577         24 0.0000e+00
    419.000    414.252    -0.4955  28.254004    -0.4932  28.254534     5.1684     5.3549     0.0349    97.3792 1.0000e-12  -73.73116 -113.75964  44.350874      99.84 3.1500e+01    759.492      18229  1029.5301  1029.5285     4.6195     0.0738     0.1248    34.2624    34.2606    8.15700         23 0.0000e+00
    420.000    415.241    -0.4809  28.269428    -0.4773  28.270051     5.1277     5.3197     0.0353    97.3680 1.0000e-12  -73.73116 -113.75964  44.350885      99.84 2.8340e+01    760.483      18253  1029.5365  1029.5338     4.6190     0.0753     0.1273    34.2660    34.2629    8.15365         24 0.0000e+00
    421.000    416.228    -0.4298  28.317820    -0.4261  28.318574     5.0871     5.2837     0.0251    97.3825 1.0000e-12  -73.73116 -113.75966  44.350897      99.84 3.0042e+01    761.501      18277  1029.5425  1029.5396     4.6197     0.0758     0.1255    34.2727    34.2695    8.14231         25 0.0000e+00
    422.000    417.216    -0.3966  28.349635    -0.3954  28.348212     5.0739     5.2647     0.0236    97.3610 1.0000e-12  -73.73116 -113.75967  44.350909      99.83 3.1403e+01    762.571      18303  1029.5483  1029.5456     4.6186     0.0736     0.1258    34.2773    34.2740    8.13493         26 0.0000e+00
    423.000    418.204    -0.3715  28.373282    -0.3701  28.372406     5.0726     5.2596     0.0278    97.3536 1.0000e-12  -73.73116 -113.75968  44.350922      99.84 2.8749e+01    763.633      18328  1029.5534  1029.5512     4.6183     0.0761     0.1273    34.2800    34.2773    8.12939         25 0.0000e+00
    424.000    419.191    -0.3719  28.373191    -0.3706  28.372696     5.0585     5.2494     0.0309    97.3433 1.0000e-12  -73.73116 -113.75969  44.350934      96.34 3.0252e+01    764.668      18353  1029.5585  1029.5566     4.6178     0.0848     0.1314    34.2798    34.2777    8.12950         25 0.0000e+00
    425.000    420.179    -0.3690  28.376642    -0.3667  28.376658     5.0490     5.2330     0.0301    97.3189 1.0000e-12  -73.73116 -113.75970  44.350946      83.11 2.9414e+01    765.697      18378  1029.5639  1029.5616     4.6167     0.0728     0.1271    34.2806    34.2780    8.12884         25 0.0000e+00
    426.000    421.168    -0.3512  28.394295    -0.3462  28.396512     5.0421     5.2181     0.0223    97.3197 1.0000e-12  -73.73116 -113.75970  44.350957      92.38 2.7496e+01    766.716      18402  1029.5697  1029.5672     4.6167     0.0740     0.1282    34.2835    34.2808    8.12486         24 0.0000e+00
    427.000    422.153    -0.3375  28.407373    -0.3351  28.407618     5.0311     5.2081     0.0295    97.3499 1.0000e-12  -73.73116 -113.75971  44.350969      99.87 2.9979e+01    767.733      18427  1029.5747  1029.5727     4.6181     0.0742     0.1280    34.2849    34.2826    8.12185         24 0.0000e+00
    428.000    423.142    -0.3307  28.414429    -0.3280  28.414594     5.0136     5.1938     0.0356    97.3497 1.0000e-12  -73.73116 -113.75973  44.350981      99.84 3.0705e+01    768.731      18451  1029.5802  1029.5778     4.6181     0.0741     0.1289    34.2862    34.2834    8.12034         24 0.0000e+00
    429.000    424.129    -0.3159  28.428660    -0.3138  28.428441     5.0040     5.1781     0.0210    97.3445 1.0000e-12  -73.73116 -113.75974  44.350992      99.83 2.5696e+01    769.705      18474  1029.5854  1029.5831     4.6179     0.0754     0.1314    34.2879    34.2853    8.11708         23 0.0000e+00
    430.000    425.118    -0.3085  28.436506    -0.3066  28.435992     4.9882     5.1689     0.0146    97.3265 1.0000e-12  -73.73116 -113.75975  44.351003      99.84 2.8357e+01    770.666      18497  1029.5910  1029.5886     4.6170     0.0764     0.1305    34.2895    34.2866    8.11541         23 0.0000e+00
    431.000    426.105    -0.2904  28.454811    -0.2889  28.453674     4.9748     5.1559     0.0304    97.3288 1.0000e-12  -73.73116 -113.75976  44.351014      99.83 3.1035e+01    771.622      18520  1029.5972  1029.5945     4.6171     0.0763     0.1318    34.2929    34.2897    8.11136         23 0.0000e+00
    432.000    427.092    -0.2802  28.465475    -0.2784  28.464592     4.9438     5.1291     0.0309    97.3008 1.0000e-12  -73.73116 -113.75977  44.351025      99.84 2.8406e+01    772.577      18543  1029.6031  1029.6005     4.6158     0.0756     0.1299    34.2950    34.2919    8.10906         22 0.0000e+00
    433.000    428.080    -0.2475  28.498463    -0.2453  28.497152     4.9069     5.0973     0.0249    97.2863 1.0000e-12  -73.73116 -113.75978  44.351036      99.84 2.8278e+01    773.530      18566  1029.6106  1029.6071     4.6151     0.0727     0.1303    34.3017    34.2975    8.10173         24 0.0000e+00
    434.000    429.068    -0.2180  28.526941    -0.2153  28.526578     4.8853     5.0639     0.0186    97.2942 1.0000e-12  -73.73116 -113.75978  44.351047      99.84 3.1754e+01    774.485      18589  1029.6165  1029.6135     4.6155     0.0761     0.1309    34.3058    34.3024    8.09522         22 0.0000e+00
    435.000    430.056    -0.1713  28.571962    -0.1688  28.570875     4.8738     5.0495     0.0192    97.2842 1.0000e-12  -73.73116 -113.75980  44.351058      99.84 2.9069e+01    775.444      18612  1029.6231  1029.6195     4.6151     0.0729     0.1303    34.3128    34.3086    8.08495         24 0.0000e+00
    436.000    431.042    -0.1543  28.588015    -0.1524  28.587329     4.8676     5.0474     0.0425    97.2807 1.0000e-12  -73.73116 -113.75980  44.351070      99.84 2.7449e+01    776.411      18635  1029.6282  1029.6256     4.6149     0.0726     0.1304    34.3145    34.3114    8.08125         23 0.0000e+00
    437.000    432.029    -0.1474  28.595467    -0.1456  28.594832     4.8717     5.0453     0.0143    97.2564 1.0000e-12  -73.73116 -113.75982  44.351081      99.84 3.1443e+01    777.397      18659  1029.6340  1029.6316     4.6137     0.0711     0.1296    34.3159    34.3131    8.07969         24 0.0000e+00
    438.000    433.019    -0.1450  28.598397    -0.1433  28.597874     4.8744     5.0428     0.0143    97.2823 1.0000e-12  -73.73116 -113.75982  44.351093      91.62 2.9148e+01    778.402      18683  1029.6396  1029.6373     4.6150     0.0784     0.1304    34.3166    34.3139    8.07915         24 0.0000e+00
    439.000    434.006    -0.1416  28.603131    -0.1398  28.602596     4.8829     5.0493     0.0143    97.2990 1.0000e-12  -73.73116 -113.75984  44.351104      94.13 2.8490e+01    779.413      18707  1029.6460  1029.6436     4.6157     0.0720     0.1331    34.3185    34.3157    8.07834         25 0.0000e+00
    440.000    434.992    -0.1392  28.606447    -0.1372  28.606178     4.8843     5.0444     0.0143    97.2930 1.0000e-12  -73.73116 -113.75984  44.351116      99.47 3.1265e+01    780.442      18732  1029.6517  1029.6495     4.6154     0.0720     0.1315    34.3196    34.3169    8.07776         25 0.0000e+00
    441.000    435.981    -0.1386  28.607375    -0.1366  28.607284     4.8799     5.0459     0.0143    97.3081 1.0000e-12  -73.73116 -113.75986  44.351128      99.83 2.9366e+01    781.483      18757  1029.6567  1029.6547     4.6162     0.0711     0.1294    34.3195    34.3172    8.07764         25 0.0000e+00
    442.000    436.968    -0.1380  28.608454    -0.1361  28.608111     4.8815     5.0475     0.0143    97.2748 1.0000e-12  -73.73116 -113.75986  44.351140      99.83 2.8357e+01    782.516      18781  1029.6618  1029.6597     4.6146     0.0716     0.1338    34.3196    34.3171    8.07749         24 0.0000e+00
    443.000    437.955    -0.1355  28.612127    -0.1342  28.611173     4.8844     5.0438     0.0140    97.3064 1.0000e-12  -73.73116 -113.75988  44.351152      99.84 3.1721e+01    783.540      18806  1029.6678  1029.6655     4.6160     0.0715     0.1305    34.3212    34.3185    8.07689         24 0.0000e+00
    444.000    438.944    -0.1328  28.615489    -0.1310  28.615292     4.8808     5.0485     0.0175    97.2886 1.0000e-12  -73.73116 -113.75989  44.351164      99.83 2.9322e+01    784.547      18830  1029.6732  1029.6712     4.6152     0.0719     0.1284    34.3220    34.3197    8.07626         25 0.0000e+00
    445.000    439.931    -0.1320  28.617278    -0.1301  28.617022     4.8784     5.0516     0.0184    97.2963 1.0000e-12  -73.73116 -113.75990  44.351175      99.84 2.8437e+01    785.540      18854  1029.6787  1029.6766     4.6156     0.0767     0.1329    34.3229    34.3204    8.07604         23 0.0000e+00
    446.000    440.918    -0.1300  28.619716    -0.1282  28.619307     4.8771     5.0519     0.0164    97.3212 1.0000e-12  -73.73117 -113.75991  44.351187      99.83 3.1566e+01    786.538      18878  1029.6838  1029.6817     4.6168     0.0719     0.1324    34.3232    34.3208    8.07560         24 0.0000e+00
    447.000    441.907    -0.1276  28.622715    -0.1255  28.622666     4.8674     5.0399     0.0217    97.3360 1.0000e-12  -73.73118 -113.75992  44.351198      99.84 3.0022e+01    787.535      18902  1029.6891  1029.6870     4.6174     0.0745     0.1319    34.3240    34.3216    8.07506         24 0.0000e+00
    448.000    442.893    -0.1226  28.628418    -0.1204  28.628157     4.8608     5.0277     0.0187    97.3116 1.0000e-12  -73.73118 -113.75992  44.351210      99.84 2.9033e+01    788.516      18925  1029.6945  1029.6922     4.6163     0.0771     0.1303    34.3253    34.3226    8.07391         23 0.0000e+00
    449.000    443.880    -0.1143  28.637089    -0.1119  28.637011     4.8615     5.0259    -0.0138    97.3166 1.0000e-12  -73.73118 -113.75994  44.351221      99.84 3.1554e+01    789.479      18948  1029.7000  1029.6976     4.6165     0.0736     0.1329    34.3269    34.3242    8.07207         23 0.0000e+00
    450.000    444.870    -0.1013  28.651325    -0.0989  28.651182     4.8559     5.0185     0.0127    97.3187 1.0000e-12  -73.73118 -113.75994  44.351232      99.83 3.0622e+01    790.446      18972  1029.7067  1029.7043     4.6166     0.0761     0.1333    34.3306    34.3278    8.06912         24 0.0000e+00
    451.000    445.855    -0.0948  28.658599    -0.0928  28.658280     4.8457     5.0123     0.0320    97.3430 1.0000e-12  -73.73118 -113.75996  44.351243      99.84 2.9543e+01    791.424      18995  1029.7124  1029.7102     4.6178     0.0719     0.1286    34.3324    34.3298    8.06764         24 0.0000e+00
    452.000    446.844    -0.0872  28.667107    -0.0849  28.666996     4.8444     5.0091     0.0201    97.3360 1.0000e-12  -73.73118 -113.75996  44.351255      94.14 3.1035e+01    792.414      19019  1029.7184  1029.7161     4.6175     0.0737     0.1334    34.3346    34.3319    8.06593         24 0.0000e+00
    453.000    447.831    -0.0764  28.678695    -0.0742  28.678525     4.8349     4.9980     0.0144    97.3337 1.0000e-12  -73.73118 -113.75996  44.351266      99.32 3.0275e+01    793.422      19043  1029.7245  1029.7222     4.6173     0.0722     0.1285    34.3372    34.3346    8.06349         24 0.0000e+00
    454.000    448.819    -0.0707  28.684967    -0.0686  28.684849     4.8345     4.9965     0.0097    97.3123 1.0000e-12  -73.73118 -113.75998  44.351278      99.84 2.8874e+01    794.432      19067  1029.7300  1029.7278     4.6164     0.0713     0.1277    34.3386    34.3361    8.06222         24 0.0000e+00
    455.000    449.806    -0.0644  28.692018    -0.0623  28.691728     4.8334     4.9956     0.0100    97.2725 1.0000e-12  -73.73118 -113.75998  44.351290      99.84 3.0776e+01    795.437      19091  1029.7356  1029.7333     4.6145     0.0702     0.1297    34.3402    34.3375    8.06079         24 0.0000e+00
    456.000    450.795    -0.0612  28.695566    -0.0593  28.695340     4.8277     4.9927     0.0143    97.2928 1.0000e-12  -73.73118 -113.75998  44.351302      99.83 3.0324e+01    796.454      19116  1029.7407  1029.7386     4.6155     0.0706     0.1283    34.3407    34.3383    8.06009         25 0.0000e+00
    457.000    451.780    -0.0607  28.696341    -0.0588  28.696193     4.8265     4.9968     0.0161    97.3035 1.0000e-12  -73.73118 -113.76000  44.351313      99.84 2.8459e+01    797.462      19140  1029.7455  1029.7435     4.6159     0.0718     0.1316    34.3407    34.3384    8.06000         24 0.0000e+00
    458.000    452.769    -0.0605  28.697071    -0.0586  28.696940     4.8249     4.9919     0.0197    97.2875 1.0000e-12  -73.73118 -113.76002  44.351325      99.83 3.1173e+01    798.450      19164  1029.7505  1029.7485     4.6152     0.0714     0.1290    34.3408    34.3385    8.05995         23 0.0000e+00
    459.000    453.756    -0.0590  28.699115    -0.0570  28.698918     4.8266     4.9844     0.0150    97.3172 1.0000e-12  -73.73118 -113.76002  44.351336      99.83 3.1145e+01    799.426      19187  1029.7555  1029.7534     4.6166     0.0730     0.1295    34.3413    34.3388    8.05961         24 0.0000e+00
    460.000    454.744    -0.0543  28.704409    -0.0522  28.704284     4.8258     4.9812     0.0216    97.2986 1.0000e-12  -73.73118 -113.76002  44.351347      99.84 2.8293e+01    800.413      19211  1029.7608  1029.7587     4.6157     0.0708     0.1312    34.3424    34.3400    8.05855         23 0.0000e+00
    461.000    455.731    -0.0519  28.707428    -0.0498  28.707355     4.8190     4.9844     0.0143    97.2972 1.0000e-12  -73.73118 -113.76004  44.351359      99.83 3.0124e+01    801.400      19235  1029.7660  1029.7639     4.6157     0.0725     0.1302    34.3431    34.3407    8.05800         24 0.0000e+00
    462.000    456.718    -0.0499  28.710006    -0.0477  28.710016     4.8161     4.9787     0.0066    97.2974 1.0000e-12  -73.73118 -113.76004  44.351370      99.84 3.1818e+01    802.380      19258  1029.7711  1029.7690     4.6157     0.0700     0.1343    34.3437    34.3412    8.05754         23 0.0000e+00
    463.000    457.707    -0.0439  28.716674    -0.0418  28.716633     4.8168     4.9788     0.0167    97.2644 1.0000e-12  -73.73118 -113.76006  44.351381      99.84 2.8692e+01    803.349      19281  1029.7767  1029.7745     4.6141     0.0714     0.1322    34.3453    34.3428    8.05620         23 0.0000e+00
    464.000    458.692    -0.0423  28.718819    -0.0403  28.718560     4.8108     4.9728     0.0174    97.1463 1.0000e-12  -73.73118 -113.76006  44.351393      99.34 2.9615e+01    804.327      19305  1029.7817  1029.7795     4.6085     0.0693     0.1314    34.3456    34.3431    8.05583         24 0.0000e+00
    465.000    459.683    -0.0395  28.722014    -0.0377  28.721664     4.8078     4.9782     0.0097    97.2823 1.0000e-12  -73.73118 -113.76006  44.351404      99.26 3.1432e+01    805.324      19329  1029.7867  1029.7846     4.6149     0.0703     0.1304    34.3462    34.3437    8.05522         25 0.0000e+00
    466.000    460.668    -0.0375  28.724694    -0.0355  28.724397     4.8076     4.9833     0.0088    97.2811 1.0000e-12  -73.73118 -113.76008  44.351416      99.79 2.9560e+01    806.337      19353  1029.7919  1029.7897     4.6149     0.0701     0.1335    34.3469    34.3443    8.05476         24 0.0000e+00
    467.000    461.656    -0.0363  28.726255    -0.0345  28.726097     4.8105     4.9793     0.0163    97.2662 1.0000e-12  -73.73118 -113.76008  44.351428      99.84 2.9964e+01    807.343      19377  1029.7967  1029.7948     4.6142     0.0721     0.1309    34.3470    34.3448    8.05450         24 0.0000e+00
