ocean_section_plots/required_files/ctd/dnbp2202_ctd275.cnv
* Sea-Bird SBE 9 Data File:
* FileName = D:\Data\raw\NBP2202_CTD275.hex
* Software Version Seasave V 7.26.7.121
* Temperature SN = 1649
* Conductivity SN = 2513
* Number of Bytes Per Scan = 40
* Number of Voltage Words = 5
* Number of Scans Averaged by the Deck Unit = 1
* NMEA Latitude = 73 57.84 S
* NMEA Longitude = 116 14.87 W
* NMEA UTC (Time) = Feb 21 2022  03:38:42
* NMEA baud rate = 9600
** Ship: RVIB N.B. Palmer
** Cruise: NBP2202 Thwaites
** Station: 177
** Operator: B. Bjork
# nquan = 28
# nvalues = 701                         
# units = specified
# name 0 = prDM: Pressure, Digiquartz [db]
# name 1 = depSM: Depth [salt water, m]
# name 2 = t090C: Temperature [ITS-90, deg C]
# name 3 = c0mS/cm: Conductivity [mS/cm]
# name 4 = t190C: Temperature, 2 [ITS-90, deg C]
# name 5 = c1mS/cm: Conductivity, 2 [mS/cm]
# name 6 = sbeox0ML/L: Oxygen, SBE 43 [ml/l]
# name 7 = sbeox1ML/L: Oxygen, SBE 43, 2 [ml/l]
# name 8 = flECO-AFL: Fluorescence, WET Labs ECO-AFL/FL [mg/m^3]
# name 9 = CStarTr0: Beam Transmission, WET Labs C-Star [%]
# name 10 = par: PAR/Irradiance, Biospherical/Licor
# name 11 = latitude: Latitude [deg]
# name 12 = longitude: Longitude [deg]
# name 13 = timeJ: Julian Days
# name 14 = altM: Altimeter [m]
# name 15 = spar: SPAR, Biospherical/Licor
# name 16 = timeS: Time, Elapsed [seconds]
# name 17 = scan: Scan Count
# name 18 = density00: Density [density, kg/m^3]
# name 19 = density11: Density, 2 [density, kg/m^3]
# name 20 = v3: Voltage 3
# name 21 = v4: Voltage 4
# name 22 = v5: Voltage 5
# name 23 = sal00: Salinity, Practical [PSU]
# name 24 = sal11: Salinity, Practical, 2 [PSU]
# name 25 = oxsolML/L: Oxygen Saturation, Garcia & Gordon [ml/l]
# name 26 = nbin: number of scans per bin
# name 27 = flag: flag
# span 0 =      1.000,    701.000       
# span 1 =      0.989,    692.579       
# span 2 =    -1.8589,     0.3227       
# span 3 =  26.879157,  29.261755       
# span 4 =    -1.8582,     0.3278       
# span 5 =  26.879463,  29.264336       
# span 6 =     4.6483,     9.0312       
# span 7 =     4.7630,     9.3460       
# span 8 =    -0.0170,    10.4649       
# span 9 =    88.0703,    98.7564       
# span 10 = -1.645e-05, 6.8686e+01      
# span 11 =  -73.96408,  -73.96408      
# span 12 = -116.24796, -116.24792      
# span 13 =  52.154812,  52.165882      
# span 14 =       3.33,     100.05      
# span 15 = 4.5692e+01, 5.9996e+01      
# span 16 =    253.757,   1210.179      
# span 17 =       6091,      29045      
# span 18 =  1027.1658,  1031.0022      
# span 19 =  1027.1672,  1031.0022      
# span 20 =     4.1788,     4.6848      
# span 21 =     0.0645,     1.7891      
# span 22 =     0.1073,     0.2009      
# span 23 =    33.7907,    34.5140      
# span 24 =    33.7919,    34.5116      
# span 25 =    7.97026,    8.47223      
# span 26 =         20,         49      
# span 27 = 0.0000e+00, 0.0000e+00      
# interval = decibars: 1                
# start_time = Feb 21 2022 03:38:42 [NMEA time, header]
# bad_flag = -9.990e-29
*END*
[from data line 622]
    623.000    615.633    -0.1783  28.717079    -0.1756  28.717480     5.0343     5.1569     0.0135    98.7505 1.0000e-12  -73.96408 -116.24794  52.163950      83.01 5.1124e+01   1043.281      25040  1030.5858  1030.5836     4.6846     0.0687     0.1107    34.4020    34.3995    8.08135         23 0.0000e+00
    624.000    616.618    -0.1672  28.728617    -0.1645  28.728928     5.0234     5.1531    -0.0039    98.7503 1.0000e-12  -73.96408 -116.24794  52.163962      81.97 5.4559e+01   1044.307      25064  1030.5914  1030.5891     4.6846     0.0687     0.1075    34.4043    34.4017    8.07888         25 0.0000e+00
    625.000    617.607    -0.1594  28.736870    -0.1571  28.737068     5.0173     5.1545    -0.0042    98.7284 1.0000e-12  -73.96408 -116.24794  52.163974      81.06 5.0650e+01   1045.347      25089  1030.5968  1030.5948     4.6836     0.0685     0.1089    34.4059    34.4036    8.07714         25 0.0000e+00
    626.000    618.593    -0.1505  28.746130    -0.1481  28.746326     5.0205     5.1435    -0.0039    98.7480 1.0000e-12  -73.96408 -116.24794  52.163986      79.94 5.1120e+01   1046.364      25114  1030.6022  1030.6001     4.6845     0.0671     0.1122    34.4076    34.4052    8.07516         25 0.0000e+00
    627.000    619.580    -0.1495  28.747418    -0.1473  28.747597     5.0207     5.1379    -0.0040    98.7372 1.0000e-12  -73.96408 -116.24794  52.163997      79.06 5.5534e+01   1047.380      25138  1030.6069  1030.6050     4.6840     0.0680     0.1087    34.4075    34.4054    8.07494         24 0.0000e+00
    628.000    620.566    -0.1464  28.751314    -0.1438  28.751567     5.0055     5.1336    -0.0034    98.7403 1.0000e-12  -73.96408 -116.24794  52.164009      77.93 5.0618e+01   1048.409      25163  1030.6123  1030.6101     4.6841     0.0697     0.1085    34.4087    34.4061    8.07422         24 0.0000e+00
    629.000    621.554    -0.1388  28.759318    -0.1363  28.759603     5.0125     5.1325     0.0017    98.7400 1.0000e-12  -73.96408 -116.24794  52.164021      76.98 5.0559e+01   1049.421      25187  1030.6177  1030.6155     4.6841     0.0682     0.1081    34.4102    34.4077    8.07254         25 0.0000e+00
    630.000    622.540    -0.1363  28.761995    -0.1334  28.762424     5.0052     5.1314     0.0008    98.7369 1.0000e-12  -73.96408 -116.24794  52.164033      75.98 5.4481e+01   1050.451      25212  1030.6224  1030.6201     4.6839     0.0678     0.1094    34.4103    34.4077    8.07200         25 0.0000e+00
    631.000    623.525    -0.1351  28.763667    -0.1324  28.764555     5.0050     5.1318    -0.0035    98.7218 1.0000e-12  -73.96408 -116.24794  52.164045      74.89 5.0636e+01   1051.492      25237  1030.6273  1030.6257     4.6832     0.0671     0.1105    34.4106    34.4088    8.07173         24 0.0000e+00
    632.000    624.513    -0.1332  28.766178    -0.1304  28.766765     5.0013     5.1279    -0.0068    98.7427 1.0000e-12  -73.96408 -116.24794  52.164057      73.97 5.0311e+01   1052.492      25261  1030.6325  1030.6304     4.6842     0.0661     0.1085    34.4113    34.4089    8.07130         24 0.0000e+00
    633.000    625.499    -0.1268  28.772871    -0.1242  28.773272     4.9939     5.1197    -0.0083    98.7381 1.0000e-12  -73.96408 -116.24794  52.164068      72.96 5.5021e+01   1053.480      25285  1030.6376  1030.6355     4.6840     0.0664     0.1103    34.4124    34.4099    8.06988         24 0.0000e+00
    634.000    626.487    -0.1242  28.776057    -0.1216  28.776721     4.9904     5.1126    -0.0037    98.7306 1.0000e-12  -73.96408 -116.24794  52.164080      71.91 5.2223e+01   1054.480      25309  1030.6427  1030.6409     4.6836     0.0651     0.1109    34.4131    34.4110    8.06929         24 0.0000e+00
    635.000    627.471    -0.1187  28.782556    -0.1168  28.781807     4.9852     5.1056    -0.0023    98.7418 1.0000e-12  -73.96408 -116.24794  52.164091      70.87 5.1114e+01   1055.467      25332  1030.6485  1030.6459     4.6842     0.0678     0.1114    34.4149    34.4118    8.06802         23 0.0000e+00
    636.000    628.460    -0.1017  28.799658    -0.0996  28.799528     4.9739     5.0995    -0.0033    98.7318 1.0000e-12  -73.96408 -116.24794  52.164102      69.87 5.4216e+01   1056.455      25356  1030.6541  1030.6520     4.6837     0.0660     0.1101    34.4179    34.4154    8.06427         25 0.0000e+00
    637.000    629.446    -0.0967  28.805255    -0.0938  28.806049     4.9709     5.0905    -0.0019    98.7389 1.0000e-12  -73.96408 -116.24794  52.164114      68.87 5.1011e+01   1057.491      25381  1030.6595  1030.6575     4.6840     0.0666     0.1103    34.4191    34.4169    8.06314         25 0.0000e+00
    638.000    630.433    -0.0879  28.814525    -0.0854  28.814890     4.9608     5.0909    -0.0109    98.7466 1.0000e-12  -73.96408 -116.24794  52.164126      67.89 5.0472e+01   1058.503      25405  1030.6649  1030.6629     4.6844     0.0663     0.1104    34.4210    34.4186    8.06119         24 0.0000e+00
    639.000    631.419    -0.0827  28.820235    -0.0801  28.820595     4.9596     5.0867    -0.0121    98.7361 1.0000e-12  -73.96408 -116.24794  52.164138      66.89 5.3181e+01   1059.496      25429  1030.6702  1030.6681     4.6839     0.0661     0.1107    34.4220    34.4196    8.06002         23 0.0000e+00
    640.000    632.405    -0.0796  28.823649    -0.0772  28.823993     4.9528     5.0862    -0.0039    98.7328 1.0000e-12  -73.96408 -116.24796  52.164149      65.87 5.1331e+01   1060.502      25453  1030.6752  1030.6732     4.6838     0.0658     0.1074    34.4225    34.4203    8.05935         25 0.0000e+00
    641.000    633.392    -0.0780  28.825784    -0.0753  28.826252     4.9507     5.0808    -0.0036    98.7427 1.0000e-12  -73.96408 -116.24796  52.164161      64.82 5.0138e+01   1061.491      25477  1030.6802  1030.6781     4.6842     0.0649     0.1103    34.4230    34.4206    8.05899         23 0.0000e+00
    642.000    634.380    -0.0695  28.834978    -0.0663  28.835875     4.9509     5.0737    -0.0073    98.7509 1.0000e-12  -73.96408 -116.24796  52.164172      63.80 5.2990e+01   1062.465      25500  1030.6859  1030.6838     4.6846     0.0660     0.1097    34.4251    34.4227    8.05709         24 0.0000e+00
    643.000    635.365    -0.0626  28.842248    -0.0599  28.842632     4.9325     5.0637    -0.0059    98.7510 1.0000e-12  -73.96408 -116.24796  52.164184      62.80 5.2303e+01   1063.474      25524  1030.6911  1030.6889     4.6846     0.0652     0.1097    34.4263    34.4238    8.05555         24 0.0000e+00
    644.000    636.353    -0.0528  28.853197    -0.0500  28.853538     4.9262     5.0513     0.0009    98.7521 1.0000e-12  -73.96408 -116.24796  52.164195      61.88 4.9784e+01   1064.486      25549  1030.6973  1030.6950     4.6847     0.0663     0.1094    34.4292    34.4265    8.05333         24 0.0000e+00
    645.000    637.339    -0.0366  28.869740    -0.0342  28.869805     4.9260     5.0505     0.0026    98.6884 1.0000e-12  -73.96408 -116.24796  52.164207      60.79 5.2417e+01   1065.468      25572  1030.7031  1030.7009     4.6816     0.0661     0.1086    34.4323    34.4298    8.04975         24 0.0000e+00
    646.000    638.325    -0.0298  28.876698    -0.0273  28.876956     4.9219     5.0457    -0.0040    98.7443 1.0000e-12  -73.96408 -116.24796  52.164218      59.80 5.2373e+01   1066.474      25596  1030.7082  1030.7061     4.6843     0.0670     0.1106    34.4333    34.4309    8.04826         24 0.0000e+00
    647.000    639.312    -0.0257  28.881443    -0.0228  28.881985     4.9121     5.0357    -0.0102    98.7500 1.0000e-12  -73.96408 -116.24796  52.164230      58.73 5.0005e+01   1067.486      25621  1030.7136  1030.7114     4.6845     0.0647     0.1093    34.4344    34.4319    8.04734         24 0.0000e+00
    648.000    640.299    -0.0172  28.890929    -0.0147  28.890947     4.9003     5.0303    -0.0095    98.7564 1.0000e-12  -73.96408 -116.24796  52.164242      57.87 5.2004e+01   1068.479      25644  1030.7196  1030.7172     4.6848     0.0664     0.1099    34.4369    34.4341    8.04542         24 0.0000e+00
    649.000    641.285    -0.0006  28.908084     0.0020  28.908150     4.8972     5.0197    -0.0022    98.7462 1.0000e-12  -73.96408 -116.24796  52.164253      56.72 5.2672e+01   1069.495      25669  1030.7256  1030.7232     4.6844     0.0650     0.1077    34.4403    34.4375    8.04173         25 0.0000e+00
    650.000    642.272     0.0067  28.915565     0.0094  28.916121     4.8807     5.0022    -0.0010    98.7545 1.0000e-12  -73.96408 -116.24796  52.164266      55.82 5.0413e+01   1070.544      25694  1030.7308  1030.7287     4.6848     0.0647     0.1093    34.4414    34.4391    8.04014         25 0.0000e+00
    651.000    643.258     0.0286  28.939469     0.0316  28.939784     4.8680     4.9850    -0.0111    98.7473 1.0000e-12  -73.96408 -116.24796  52.164277      54.71 5.1677e+01   1071.575      25719  1030.7387  1030.7362     4.6844     0.0667     0.1096    34.4479    34.4450    8.03519         25 0.0000e+00
    652.000    644.245     0.0528  28.963906     0.0554  28.964064     4.8470     4.9786    -0.0109    98.6825 1.0000e-12  -73.96408 -116.24796  52.164289      53.69 5.3004e+01   1072.606      25744  1030.7449  1030.7426     4.6813     0.0661     0.1121    34.4523    34.4497    8.02985         25 0.0000e+00
    653.000    645.232     0.0607  28.972097     0.0636  28.972555     4.8563     4.9789    -0.0029    98.6727 1.0000e-12  -73.96408 -116.24796  52.164301      52.68 4.9820e+01   1073.640      25768  1030.7503  1030.7480     4.6808     0.0645     0.1113    34.4538    34.4512    8.02813         24 0.0000e+00
    654.000    646.218     0.0627  28.974346     0.0651  28.974616     4.8586     4.9789    -0.0020    98.7514 1.0000e-12  -73.96408 -116.24796  52.164313      51.72 5.0208e+01   1074.635      25792  1030.7553  1030.7532     4.6846     0.0656     0.1103    34.4539    34.4516    8.02770         23 0.0000e+00
    655.000    647.206     0.0634  28.975548     0.0661  28.975930     4.8492     4.9741     0.0034    98.7348 1.0000e-12  -73.96408 -116.24796  52.164324      50.69 5.3106e+01   1075.628      25816  1030.7603  1030.7580     4.6838     0.0652     0.1098    34.4541    34.4516    8.02754         25 0.0000e+00
    656.000    648.189     0.0685  28.981412     0.0713  28.981713     4.8540     4.9732     0.0020    98.7456 1.0000e-12  -73.96408 -116.24796  52.164336      49.63 4.9520e+01   1076.642      25840  1030.7658  1030.7635     4.6844     0.0657     0.1092    34.4555    34.4528    8.02639         24 0.0000e+00
    657.000    649.178     0.0751  28.988232     0.0778  28.988701     4.8444     4.9609    -0.0053    98.7542 1.0000e-12  -73.96408 -116.24796  52.164348      48.65 5.0169e+01   1077.647      25865  1030.7710  1030.7689     4.6847     0.0684     0.1087    34.4566    34.4542    8.02496         24 0.0000e+00
    658.000    650.165     0.0815  28.995371     0.0844  28.995842     4.8412     4.9611    -0.0071    98.7452 1.0000e-12  -73.96408 -116.24796  52.164360      47.67 5.3450e+01   1078.667      25889  1030.7765  1030.7743     4.6843     0.0650     0.1085    34.4582    34.4556    8.02352         25 0.0000e+00
    659.000    651.151     0.0865  29.000840     0.0892  29.001186     4.8437     4.9594    -0.0054    98.7278 1.0000e-12  -73.96408 -116.24796  52.164372      46.62 4.9547e+01   1079.697      25914  1030.7818  1030.7795     4.6835     0.0658     0.1099    34.4592    34.4566    8.02242         25 0.0000e+00
    660.000    652.137     0.0935  29.008458     0.0961  29.008697     4.8347     4.9599    -0.0068    98.7253 1.0000e-12  -73.96408 -116.24796  52.164383      45.62 5.0011e+01   1080.708      25938  1030.7873  1030.7850     4.6834     0.0647     0.1108    34.4609    34.4583    8.02087         24 0.0000e+00
    661.000    653.124     0.1029  29.018561     0.1055  29.018714     4.8266     4.9534    -0.0002    98.7103 1.0000e-12  -73.96408 -116.24796  52.164395      44.59 5.2306e+01   1081.754      25963  1030.7931  1030.7907     4.6827     0.0668     0.1093    34.4631    34.4603    8.01878         26 0.0000e+00
    662.000    654.109     0.1132  29.029516     0.1155  29.029205     4.8224     4.9443    -0.0130    98.6958 1.0000e-12  -73.96408 -116.24796  52.164408      43.56 4.9067e+01   1082.864      25990  1030.7987  1030.7962     4.6820     0.0651     0.1112    34.4653    34.4624    8.01649         27 0.0000e+00
    663.000    655.098     0.1173  29.033773     0.1199  29.034154     4.7922     4.9318    -0.0016    98.7357 1.0000e-12  -73.96408 -116.24796  52.164421      42.45 4.9090e+01   1083.976      26016  1030.8037  1030.8015     4.6839     0.0653     0.1111    34.4658    34.4634    8.01562         26 0.0000e+00
    664.000    656.083     0.1218  29.038901     0.1243  29.039048     4.8118     4.9343     0.0016    98.7268 1.0000e-12  -73.96408 -116.24796  52.164434      41.52 5.1588e+01   1085.115      26044  1030.8090  1030.8067     4.6834     0.0657     0.1110    34.4670    34.4643    8.01462         29 0.0000e+00
    665.000    657.070     0.1274  29.044946     0.1301  29.045298     4.8150     4.9308     0.0063    98.7253 1.0000e-12  -73.96408 -116.24796  52.164448      40.50 5.0158e+01   1086.327      26073  1030.8143  1030.8121     4.6834     0.0666     0.1091    34.4681    34.4655    8.01339         30 0.0000e+00
    666.000    658.056     0.1312  29.049425     0.1344  29.049891     4.8105     4.9258     0.0024    98.7218 1.0000e-12  -73.96408 -116.24796  52.164463      39.43 4.9097e+01   1087.632      26104  1030.8196  1030.8171     4.6832     0.0659     0.1096    34.4691    34.4662    8.01253         32 0.0000e+00
    667.000    659.043     0.1368  29.055266     0.1396  29.055767     4.8047     4.9207     0.0101    98.7406 1.0000e-12  -73.96408 -116.24796  52.164479      38.48 5.0565e+01   1088.967      26136  1030.8247  1030.8225     4.6841     0.0662     0.1104    34.4700    34.4675    8.01132         31 0.0000e+00
    668.000    660.029     0.1379  29.056869     0.1406  29.057180     4.8050     4.9171    -0.0069    98.7166 1.0000e-12  -73.96408 -116.24796  52.164494      37.40 4.8692e+01   1090.241      26167  1030.8297  1030.8274     4.6829     0.0672     0.1114    34.4703    34.4677    8.01107         31 0.0000e+00
    669.000    661.016     0.1421  29.061616     0.1451  29.062130     4.7903     4.9228     0.0040    98.7122 1.0000e-12  -73.96408 -116.24796  52.164509      36.39 4.8645e+01   1091.547      26198  1030.8349  1030.8325     4.6827     0.0657     0.1137    34.4712    34.4685    8.01014         32 0.0000e+00
    670.000    662.003     0.1500  29.070237     0.1532  29.070614     4.7941     4.9156     0.0027    98.7328 1.0000e-12  -73.96408 -116.24796  52.164525      35.35 5.0460e+01   1092.972      26232  1030.8405  1030.8378     4.6837     0.0662     0.1101    34.4731    34.4700    8.00838         33 0.0000e+00
    671.000    662.988     0.1554  29.075930     0.1586  29.076715     4.7860     4.9151    -0.0061    98.7213 1.0000e-12  -73.96408 -116.24796  52.164542      34.32 4.9610e+01   1094.421      26267  1030.8455  1030.8432     4.6832     0.0664     0.1093    34.4740    34.4714    8.00722         35 0.0000e+00
    672.000    663.975     0.1605  29.081689     0.1637  29.082229     4.7780     4.9053    -0.0016    98.6760 1.0000e-12  -73.96408 -116.24796  52.164559      33.29 4.8646e+01   1095.918      26303  1030.8509  1030.8484     4.6810     0.0668     0.1100    34.4753    34.4724    8.00608         37 0.0000e+00
    673.000    664.962     0.1650  29.086719     0.1681  29.087320     4.7892     4.9000    -0.0012    98.6979 1.0000e-12  -73.96408 -116.24796  52.164577      32.26 5.0651e+01   1097.484      26341  1030.8561  1030.8537     4.6821     0.0691     0.1091    34.4762    34.4736    8.00508         39 0.0000e+00
