ocean_section_plots/required_files/ctd/dnbp2202_ctd065.cnv
* Sea-Bird SBE 9 Data File:
* FileName = D:\Data\raw\NBP2202_CTD065.hex
* Software Version Seasave V 7.26.7.121
* Temperature SN = 1649
* Conductivity SN = 2513
* Number of Bytes Per Scan = 40
* Number of Voltage Words = 5
* Number of Scans Averaged by the Deck Unit = 1
* NMEA Latitude = 73 59.56 S
* NMEA Longitude = 112 04.00 W
* NMEA UTC (Time) = Jan 25 2022  15:41:01
* NMEA baud rate = 9600
** Ship: RVIB N.B. Palmer
** Cruise: NBP2202 Thwaites
** Station: 46
** Operator: A. Robinson
# nquan = 25
# nvalues = 708                         
# units = specified
# name 0 = prDM: Pressure, Digiquartz [db]
# name 1 = depSM: Depth [salt water, m]
# name 2 = t090C: Temperature [ITS-90, deg C]
# name 3 = c0mS/cm: Conductivity [mS/cm]
# name 4 = t190C: Temperature, 2 [ITS-90, deg C]
# name 5 = c1mS/cm: Conductivity, 2 [mS/cm]
# name 6 = sbeox0ML/L: Oxygen, SBE 43 [ml/l]
# name 7 = sbeox1ML/L: Oxygen, SBE 43, 2 [ml/l]
# name 8 = flECO-AFL: Fluorescence, WET Labs ECO-AFL/FL [mg/m^3]
# name 9 = CStarTr0: Beam Transmission, WET Labs C-Star [%]
# name 10 = par: PAR/Irradiance, Biospherical/Licor
# name 11 = latitude: Latitude [deg]
# name 12 = longitude: Longitude [deg]
# name 13 = timeJ: Julian Days
# name 14 = altM: Altimeter [m]
# name 15 = spar: SPAR, Biospherical/Licor
# name 16 = timeS: Time, Elapsed [seconds]
# name 17 = scan: Scan Count
# name 18 = density00: Density [density, kg/m^3]
# name 19 = density11: Density, 2 [density, kg/m^3]
# name 20 = sal00: Salinity, Practical [PSU]
# name 21 = sal11: Salinity, Practical, 2 [PSU]
# name 22 = oxsolML/L: Oxygen Saturation, Garcia & Gordon [ml/l]
# name 23 = nbin: number of scans per bin
# name 24 = flag: flag
# span 0 =      2.000,    709.000       
# span 1 =      1.982,    700.473       
# span 2 =    -1.5186,     0.5424       
# span 3 =  27.051844,  29.492693       
# span 4 =    -1.5182,     0.5444       
# span 5 =  27.051655,  29.492454       
# span 6 =     4.5653,     8.8550       
# span 7 =     4.7359,     9.1535       
# span 8 =    -0.0101,    28.9782       
# span 9 =    67.6873,    96.4195       
# span 10 = -6.316e-05, 2.1560e+02      
# span 11 =  -73.99266,  -73.99266      
# span 12 = -112.06672, -112.06666      
# span 13 =  25.656587,  25.668340      
# span 14 =       1.38,     100.49      
# span 15 = 6.3951e+02, 6.6900e+02      
# span 16 =    268.106,   1283.565      
# span 17 =       6436,      30807      
# span 18 =  1027.1966,  1031.0680      
# span 19 =  1027.1963,  1031.0658      
# span 20 =    33.8216,    34.5658      
# span 21 =    33.8211,    34.5632      
# span 22 =    7.92220,    8.39952      
# span 23 =         13,         48      
# span 24 = 0.0000e+00, 0.0000e+00      
# interval = decibars: 1                
# start_time = Jan 25 2022 15:41:01 [NMEA time, header]
# bad_flag = -9.990e-29
*END*
[from data line 348]
    350.000    346.088    -1.0997  27.652509    -1.0986  27.651863     5.8792     6.1259     0.0577    96.2713 1.0000e-12  -73.99266 -112.06668  25.662712      87.40 6.5743e+02    797.348      19137  1029.1616  1029.1599    34.1743    34.1722    8.29387         30 0.0000e+00
    351.000    347.076    -1.0965  27.656169    -1.0952  27.655461     5.8765     6.1231     0.0201    96.2513 1.0000e-12  -73.99266 -112.06668  25.662727      98.78 6.5710e+02    798.611      19168  1029.1669  1029.1649    34.1750    34.1726    8.29313         31 0.0000e+00
    352.000    348.063    -1.0945  27.658548    -1.0932  27.657963     5.8776     6.1219     0.0171    96.2521 1.0000e-12  -73.99266 -112.06668  25.662742      99.91 6.5615e+02    799.882      19198  1029.1719  1029.1702    34.1754    34.1732    8.29266         29 0.0000e+00
    353.000    349.053    -1.0950  27.658815    -1.0938  27.658434     5.8857     6.1193     0.0224    96.2557 1.0000e-12  -73.99266 -112.06668  25.662756      99.92 6.5843e+02    801.096      19227  1029.1772  1029.1756    34.1757    34.1738    8.29276         29 0.0000e+00
    354.000    350.039    -1.0971  27.658152    -1.0954  27.658016     5.8756     6.1128     0.0313    96.2712 1.0000e-12  -73.99266 -112.06668  25.662770      99.90 6.5780e+02    802.302      19256  1029.1829  1029.1811    34.1766    34.1745    8.29317         30 0.0000e+00
    355.000    351.028    -1.0976  27.658792    -1.0964  27.658293     5.8621     6.0936     0.0321    96.2566 1.0000e-12  -73.99266 -112.06668  25.662784      99.91 6.5589e+02    803.572      19287  1029.1885  1029.1868    34.1774    34.1754    8.29323         30 0.0000e+00
    356.000    352.015    -1.0918  27.665046    -1.0907  27.664369     5.8574     6.0990     0.0108    96.2450 1.0000e-12  -73.99266 -112.06668  25.662799      99.90 6.5927e+02    804.857      19318  1029.1940  1029.1921    34.1788    34.1765    8.29187         31 0.0000e+00
    357.000    353.003    -1.0924  27.666318    -1.0909  27.665904     5.8446     6.0893     0.0123    96.2762 1.0000e-12  -73.99266 -112.06668  25.662814      99.91 6.5840e+02    806.087      19347  1029.2003  1029.1984    34.1805    34.1783    8.29190         29 0.0000e+00
    358.000    353.992    -1.0905  27.669258    -1.0893  27.668780     5.8247     6.0585    -0.0022    96.2800 1.0000e-12  -73.99266 -112.06668  25.662827      99.90 6.5516e+02    807.242      19375  1029.2060  1029.2043    34.1818    34.1797    8.29141         27 0.0000e+00
    359.000    354.980    -1.0746  27.685391    -1.0733  27.684300     5.8283     6.0690     0.0375    96.2761 1.0000e-12  -73.99266 -112.06668  25.662840      99.90 6.5790e+02    808.409      19403  1029.2123  1029.2099    34.1851    34.1822    8.28770         29 0.0000e+00
    360.000    355.965    -1.0753  27.685532    -1.0739  27.685941     5.8428     6.0822     0.0089    96.2602 1.0000e-12  -73.99266 -112.06668  25.662855      80.87 6.5855e+02    809.643      19432  1029.2176  1029.2167    34.1855    34.1845    8.28783         30 0.0000e+00
    361.000    356.958    -1.1105  27.656569    -1.1102  27.655600     5.8484     6.0889     0.0290    96.2533 1.0000e-12  -73.99266 -112.06668  25.662869      94.45 6.5555e+02    810.900      19463  1029.2249  1029.2236    34.1853    34.1837    8.29561         30 0.0000e+00
    362.000    357.943    -1.0995  27.666933    -1.0991  27.665641     5.8520     6.0923     0.0254    96.2548 1.0000e-12  -73.99266 -112.06668  25.662883      99.89 6.5809e+02    812.121      19492  1029.2297  1029.2278    34.1864    34.1841    8.29312         29 0.0000e+00
    363.000    358.931    -1.0982  27.668419    -1.0972  27.667994     5.8592     6.0878     0.0168    96.2805 1.0000e-12  -73.99266 -112.06668  25.662897      99.90 6.5956e+02    813.334      19521  1029.2343  1029.2329    34.1863    34.1847    8.29285         29 0.0000e+00
    364.000    359.919    -1.1031  27.665340    -1.1012  27.665127     5.8939     6.1210     0.0143    96.2756 1.0000e-12  -73.99266 -112.06667  25.662912      99.91 6.5579e+02    814.562      19550  1029.2400  1029.2379    34.1871    34.1847    8.29389         30 0.0000e+00
    365.000    360.907    -1.1245  27.645857    -1.1255  27.646003     5.9254     6.1533     0.0280    96.2665 1.0000e-12  -73.99266 -112.06667  25.662925      99.91 6.5948e+02    815.764      19579  1029.2441  1029.2452    34.1842    34.1856    8.29880         28 0.0000e+00
    366.000    361.895    -1.1806  27.598630    -1.1818  27.597015     5.9677     6.2003     0.0154    96.2842 1.0000e-12  -73.99266 -112.06667  25.662939      99.91 6.5987e+02    816.971      19608  1029.2517  1029.2511    34.1829    34.1820    8.31131         29 0.0000e+00
    367.000    362.884    -1.2205  27.563731    -1.2209  27.564013     5.9935     6.2307     0.0153    96.2960 1.0000e-12  -73.99266 -112.06668  25.662954      99.90 6.5697e+02    818.205      19638  1029.2566  1029.2574    34.1799    34.1808    8.32035         28 0.0000e+00
    368.000    363.871    -1.2529  27.536965    -1.2526  27.536253     5.9922     6.2385     0.0218    96.2735 1.0000e-12  -73.99266 -112.06667  25.662968      99.91 6.5858e+02    819.458      19668  1029.2629  1029.2618    34.1795    34.1782    8.32757         31 0.0000e+00
    369.000    364.858    -1.2467  27.543158    -1.2460  27.542295     5.9678     6.2189     0.0164    96.2766 1.0000e-12  -73.99266 -112.06667  25.662982      99.91 6.5950e+02    820.681      19697  1029.2674  1029.2658    34.1803    34.1784    8.32615         28 0.0000e+00
    370.000    365.847    -1.2184  27.569590    -1.2161  27.569177     5.8919     6.1402     0.0068    96.2887 1.0000e-12  -73.99266 -112.06667  25.662996      99.91 6.5700e+02    821.848      19725  1029.2725  1029.2697    34.1837    34.1805    8.31965         27 0.0000e+00
    371.000    366.834    -1.1671  27.616874    -1.1611  27.618778     5.8142     6.0754     0.0138    96.2849 1.0000e-12  -73.99266 -112.06667  25.663009      84.08 6.5853e+02    823.006      19753  1029.2779  1029.2740    34.1893    34.1851    8.30792         29 0.0000e+00
    372.000    367.822    -1.0878  27.688486    -1.0878  27.684767     5.7729     6.0290     0.0176    96.2885 1.0000e-12  -73.99266 -112.06668  25.663024      98.88 6.5852e+02    824.254      19783  1029.2824  1029.2785    34.1963    34.1913    8.28995         31 0.0000e+00
    373.000    368.811    -1.0882  27.687697    -1.0897  27.685309     5.7876     6.0472     0.0145    96.2876 1.0000e-12  -73.99266 -112.06667  25.663039      99.92 6.5604e+02    825.562      19814  1029.2868  1029.2856    34.1951    34.1936    8.29012         31 0.0000e+00
    374.000    369.798    -1.0783  27.699175    -1.0769  27.698541     5.7550     6.0147     0.0217    96.2905 1.0000e-12  -73.99266 -112.06668  25.663053      99.91 6.5810e+02    826.764      19843  1029.2941  1029.2919    34.1989    34.1964    8.28771         27 0.0000e+00
    375.000    370.786    -1.0803  27.699714    -1.0786  27.697939     5.7100     5.9559     0.0084    96.2644 1.0000e-12  -73.99266 -112.06668  25.663066      99.91 6.5895e+02    827.905      19871  1029.3011  1029.2976    34.2013    34.1970    8.28801         28 0.0000e+00
    376.000    371.773    -0.9903  27.780273    -0.9846  27.782105     5.6735     5.9224     0.0071    96.2731 1.0000e-12  -73.99266 -112.06668  25.663080      99.91 6.5796e+02    829.108      19900  1029.3051  1029.3013    34.2082    34.2042    8.26776         30 0.0000e+00
    377.000    372.762    -0.9715  27.796882    -0.9669  27.799112     5.6632     5.9103     0.0084    96.2824 1.0000e-12  -73.99266 -112.06668  25.663094      99.90 6.5669e+02    830.341      19929  1029.3095  1029.3074    34.2089    34.2067    8.26359         29 0.0000e+00
    378.000    373.750    -0.9676  27.801156    -0.9661  27.800350     5.6553     5.9020     0.0122    96.3036 1.0000e-12  -73.99266 -112.06668  25.663108      99.91 6.5816e+02    831.539      19958  1029.3151  1029.3128    34.2096    34.2068    8.26268         29 0.0000e+00
    379.000    374.738    -0.9577  27.810371    -0.9561  27.809763     5.6320     5.8813     0.0102    96.2756 1.0000e-12  -73.99266 -112.06668  25.663122      99.90 6.5731e+02    832.745      19987  1029.3201  1029.3179    34.2103    34.2076    8.26047         27 0.0000e+00
    380.000    375.726    -0.9376  27.829741    -0.9347  27.829352     5.6114     5.8506     0.0109    96.2678 1.0000e-12  -73.99266 -112.06668  25.663136      99.91 6.5744e+02    833.989      20017  1029.3262  1029.3229    34.2132    34.2094    8.25589         30 0.0000e+00
    381.000    376.712    -0.8981  27.866146    -0.8924  27.868528     5.5929     5.8294     0.0024    96.2619 1.0000e-12  -73.99266 -112.06668  25.663151      84.51 6.5822e+02    835.205      20046  1029.3316  1029.3287    34.2172    34.2140    8.24699         29 0.0000e+00
    382.000    377.699    -0.8836  27.879307    -0.8809  27.879845     5.5837     5.8124     0.0045    96.2275 1.0000e-12  -73.99266 -112.06668  25.663164      80.18 6.5924e+02    836.377      20074  1029.3365  1029.3344    34.2181    34.2157    8.24377         28 0.0000e+00
    383.000    378.691    -0.8825  27.880647    -0.8815  27.879738     5.5895     5.8253     0.0072    96.2407 1.0000e-12  -73.99266 -112.06668  25.663178      94.82 6.5743e+02    837.563      20103  1029.3416  1029.3396    34.2180    34.2156    8.24353         28 0.0000e+00
    384.000    379.676    -0.8863  27.877430    -0.8847  27.877248     5.5685     5.8139     0.0136    96.2745 1.0000e-12  -73.99266 -112.06668  25.663192      99.91 6.5835e+02    838.796      20132  1029.3466  1029.3448    34.2173    34.2152    8.24440         31 0.0000e+00
    385.000    380.664    -0.8828  27.882400    -0.8804  27.881830     5.5239     5.7619     0.0146    96.2402 1.0000e-12  -73.99266 -112.06668  25.663207      99.91 6.5945e+02    840.054      20162  1029.3531  1029.3502    34.2194    34.2159    8.24350         29 0.0000e+00
    386.000    381.653    -0.8216  27.939114    -0.8185  27.938223     5.4698     5.7103     0.0073    96.2528 1.0000e-12  -73.99266 -112.06668  25.663220      99.90 6.5740e+02    841.246      20191  1029.3591  1029.3551    34.2264    34.2217    8.22973         28 0.0000e+00
    387.000    382.641    -0.7683  27.988697    -0.7652  27.987903     5.4531     5.6838     0.0067    96.2582 1.0000e-12  -73.99266 -112.06668  25.663234      99.90 6.5900e+02    842.397      20219  1029.3650  1029.3612    34.2325    34.2280    8.21774         28 0.0000e+00
    388.000    383.627    -0.7349  28.019399    -0.7323  28.018922     5.4232     5.6608     0.0023    96.2678 1.0000e-12  -73.99266 -112.06668  25.663248      99.91 6.5926e+02    843.598      20247  1029.3704  1029.3673    34.2357    34.2320    8.21031         30 0.0000e+00
    389.000    384.616    -0.7236  28.030361    -0.7218  28.029192     5.3979     5.6292     0.0040    96.2494 1.0000e-12  -73.99266 -112.06668  25.663262      99.90 6.5679e+02    844.862      20278  1029.3761  1029.3731    34.2371    34.2335    8.20777         28 0.0000e+00
    390.000    385.603    -0.6936  28.059059    -0.6915  28.057936     5.3714     5.5996    -0.0002    96.2481 1.0000e-12  -73.99266 -112.06668  25.663276      99.91 6.5914e+02    846.068      20307  1029.3825  1029.3792    34.2413    34.2374    8.20101         28 0.0000e+00
    391.000    386.590    -0.6777  28.074147    -0.6760  28.073189     5.3530     5.5824     0.0058    96.2523 1.0000e-12  -73.99266 -112.06668  25.663289      99.90 6.5906e+02    847.194      20334  1029.3881  1029.3853    34.2431    34.2398    8.19746         27 0.0000e+00
    392.000    387.579    -0.6625  28.089037    -0.6606  28.087839     5.3386     5.5642    -0.0011    96.2408 1.0000e-12  -73.99266 -112.06668  25.663303      99.90 6.5476e+02    848.344      20361  1029.3940  1029.3908    34.2454    34.2415    8.19403         28 0.0000e+00
    393.000    388.567    -0.6504  28.100470    -0.6488  28.099666     5.3268     5.5545     0.0052    96.2501 1.0000e-12  -73.99266 -112.06668  25.663317      77.05 6.5747e+02    849.571      20391  1029.3993  1029.3968    34.2464    34.2435    8.19134         31 0.0000e+00
    394.000    389.555    -0.6395  28.111853    -0.6375  28.110911     5.3168     5.5412     0.0111    96.2507 1.0000e-12  -73.99266 -112.06668  25.663332      96.33 6.5903e+02    850.861      20422  1029.4057  1029.4028    34.2489    34.2454    8.18885         30 0.0000e+00
    395.000    390.543    -0.6283  28.123156    -0.6259  28.122647     5.2981     5.5198     0.0103    96.2251 1.0000e-12  -73.99266 -112.06668  25.663346      99.91 6.5485e+02    852.062      20450  1029.4115  1029.4087    34.2508    34.2475    8.18630         28 0.0000e+00
    396.000    391.530    -0.6123  28.139222    -0.6101  28.138526     5.2943     5.5055     0.0013    96.2416 1.0000e-12  -73.99266 -112.06668  25.663359      99.90 6.5765e+02    853.195      20478  1029.4179  1029.4150    34.2538    34.2504    8.18267         27 0.0000e+00
    397.000    392.518    -0.5969  28.154519    -0.5939  28.154427     5.2791     5.4995    -0.0004    96.2515 1.0000e-12  -73.99266 -112.06668  25.663373      99.90 6.5767e+02    854.385      20506  1029.4239  1029.4209    34.2564    34.2529    8.17920         30 0.0000e+00
    398.000    393.506    -0.5876  28.163686    -0.5856  28.163190     5.2602     5.4779    -0.0040    96.2175 1.0000e-12  -73.99266 -112.06667  25.663387      99.91 6.5522e+02    855.638      20536  1029.4294  1029.4269    34.2576    34.2547    8.17712         30 0.0000e+00
    399.000    394.494    -0.5646  28.185771    -0.5620  28.184951     5.2513     5.4737     0.0077    96.2260 1.0000e-12  -73.99266 -112.06667  25.663401      99.90 6.5667e+02    856.857      20566  1029.4352  1029.4318    34.2608    34.2567    8.17198         28 0.0000e+00
    400.000    395.481    -0.5593  28.190681    -0.5575  28.189925     5.2422     5.4674     0.0173    96.2400 1.0000e-12  -73.99266 -112.06666  25.663414      99.90 6.5670e+02    858.008      20593  1029.4399  1029.4374    34.2607    34.2577    8.17083         27 0.0000e+00
    401.000    396.470    -0.5521  28.198716    -0.5497  28.198005     5.2210     5.4431     0.0148    96.2287 1.0000e-12  -73.99266 -112.06666  25.663428      99.90 6.5375e+02    859.157      20621  1029.4461  1029.4430    34.2628    34.2591    8.16915         28 0.0000e+00
    402.000    397.456    -0.5274  28.222307    -0.5256  28.220424     5.2043     5.4179     0.0206    96.2010 1.0000e-12  -73.99266 -112.06666  25.663442      99.90 6.5608e+02    860.351      20649  1029.4517  1029.4480    34.2660    34.2615    8.16365         30 0.0000e+00
    403.000    398.445    -0.4983  28.248620    -0.4971  28.247247     5.1890     5.4003     0.0164    96.2268 1.0000e-12  -73.99266 -112.06666  25.663456      99.91 6.5674e+02    861.613      20680  1029.4561  1029.4535    34.2680    34.2647    8.15729         30 0.0000e+00
    404.000    399.433    -0.4959  28.251610    -0.4938  28.250942     5.1799     5.3850     0.0181    96.2183 1.0000e-12  -73.99266 -112.06666  25.663470      87.76 6.5345e+02    862.845      20709  1029.4617  1029.4589    34.2686    34.2654    8.15672         29 0.0000e+00
    405.000    400.420    -0.4882  28.258842    -0.4860  28.258519     5.1872     5.4010     0.0129    96.2085 1.0000e-12  -73.99266 -112.06666  25.663484      98.37 6.5409e+02    863.998      20737  1029.4665  1029.4640    34.2690    34.2662    8.15504         27 0.0000e+00
    406.000    401.407    -0.4869  28.260507    -0.4856  28.259423     5.1491     5.3608     0.0031    96.1626 1.0000e-12  -73.99266 -112.06666  25.663497      99.92 6.5403e+02    865.128      20764  1029.4716  1029.4692    34.2692    34.2664    8.15475         27 0.0000e+00
