ocean_section_plots/required_files/ctd/dnbp2202_ctd162.cnv
* Sea-Bird SBE 9 Data File:
* FileName = D:\Data\raw\NBP2202_CTD162.hex
* Software Version Seasave V 7.26.7.121
* Temperature SN = 1649
* Conductivity SN = 2513
* Number of Bytes Per Scan = 40
* Number of Voltage Words = 5
* Number of Scans Averaged by the Deck Unit = 1
* NMEA Latitude = 74 14.28 S
* NMEA Longitude = 112 14.04 W
* NMEA UTC (Time) = Feb 01 2022  01:03:51
* NMEA baud rate = 9600
** Ship: RVIB N.B. Palmer
** Cruise: NBP2202 Thwaites
** Station: 84
** Operator: A. Robinson
# nquan = 28
# nvalues = 504                         
# units = specified
# name 0 = prDM: Pressure, Digiquartz [db]
# name 1 = depSM: Depth [salt water, m]
# name 2 = t090C: Temperature [ITS-90, deg C]
# name 3 = c0mS/cm: Conductivity [mS/cm]
# name 4 = t190C: Temperature, 2 [ITS-90, deg C]
# name 5 = c1mS/cm: Conductivity, 2 [mS/cm]
# name 6 = sbeox0ML/L: Oxygen, SBE 43 [ml/l]
# name 7 = sbeox1ML/L: Oxygen, SBE 43, 2 [ml/l]
# name 8 = flECO-AFL: Fluorescence, WET Labs ECO-AFL/FL [mg/m^3]
# name 9 = CStarTr0: Beam Transmission, WET Labs C-Star [%]
# name 10 = par: PAR/Irradiance, Biospherical/Licor
# name 11 = latitude: Latitude [deg]
# name 12 = longitude: Longitude [deg]
# name 13 = timeJ: Julian Days
# name 14 = altM: Altimeter [m]
# name 15 = spar: SPAR, Biospherical/Licor
# name 16 = timeS: Time, Elapsed [seconds]
# name 17 = scan: Scan Count
# name 18 = density00: Density [density, kg/m^3]
# name 19 = density11: Density, 2 [density, kg/m^3]
# name 20 = v3: Voltage 3
# name 21 = v4: Voltage 4
# name 22 = v5: Voltage 5
# name 23 = sal00: Salinity, Practical [PSU]
# name 24 = sal11: Salinity, Practical, 2 [PSU]
# name 25 = oxsolML/L: Oxygen Saturation, Garcia & Gordon [ml/l]
# name 26 = nbin: number of scans per bin
# name 27 = flag: flag
# span 0 =      3.000,    506.000       
# span 1 =      2.968,    500.151       
# span 2 =    -1.5230,    -0.1473       
# span 3 =  27.020258,  28.635881       
# span 4 =    -1.5235,    -0.1447       
# span 5 =  27.020187,  28.635914       
# span 6 =     4.9023,     8.1384       
# span 7 =     4.9842,     8.2543       
# span 8 =     0.0015,    19.0522       
# span 9 =    72.8866,    93.5640       
# span 10 = -3.136e-04, 3.7662e+02      
# span 11 =  -74.23802,  -74.23800      
# span 12 = -112.23402, -112.23398      
# span 13 =  32.047324,  32.055506      
# span 14 =      75.45,     100.27      
# span 15 = 7.8033e+02, 1.9280e+03      
# span 16 =    257.775,    964.743      
# span 17 =       6188,      23155      
# span 18 =  1027.2021,  1029.9734      
# span 19 =  1027.2071,  1029.9708      
# span 20 =     3.4581,     4.4386      
# span 21 =     0.0711,     3.0074      
# span 22 =     0.1147,     0.2240      
# span 23 =    33.8077,    34.3286      
# span 24 =    33.8118,    34.3257      
# span 25 =    8.07896,    8.40187      
# span 26 =         18,         69      
# span 27 = 0.0000e+00, 0.0000e+00      
# interval = decibars: 1                
# start_time = Feb 01 2022 01:03:51 [NMEA time, header]
# bad_flag = -9.990e-29
*END*
[from data line 311]
    314.000    310.514    -1.3480  27.363269    -1.3466  27.363189     6.1892     6.3041     0.1231    93.3292 1.0000e-12  -74.23800 -112.23402  32.052364      99.88 8.7164e+02    693.249      16639  1028.9285  1028.9270     4.4275     0.0906     0.1190    34.0828    34.0811    8.35453         30 0.0000e+00
    315.000    311.502    -1.3496  27.362127    -1.3490  27.361690     6.1969     6.3208     0.0697    93.3369 1.0000e-12  -74.23800 -112.23402  32.052378      99.89 8.7440e+02    694.421      16667  1028.9330  1028.9319     4.4279     0.0797     0.1200    34.0825    34.0812    8.35492         27 0.0000e+00
    316.000    312.490    -1.3538  27.359140    -1.3530  27.358876     6.1979     6.3180     0.0612    93.3093 1.0000e-12  -74.23800 -112.23401  32.052391      99.88 8.7445e+02    695.547      16694  1028.9380  1028.9370     4.4266     0.0821     0.1191    34.0825    34.0813    8.35585         28 0.0000e+00
    317.000    313.478    -1.3505  27.364059    -1.3492  27.363471     6.1555     6.2804     0.1089    93.3265 1.0000e-12  -74.23800 -112.23401  32.052405      97.65 8.7207e+02    696.755      16723  1028.9444  1028.9425     4.4273     0.0821     0.1190    34.0849    34.0827    8.35498         29 0.0000e+00
    318.000    314.466    -1.3298  27.383629    -1.3262  27.384176     6.1093     6.2416     0.0914    93.3330 1.0000e-12  -74.23800 -112.23401  32.052419      92.36 8.7223e+02    697.995      16753  1028.9498  1028.9470     4.4277     0.0848     0.1177    34.0876    34.0843    8.35017         31 0.0000e+00
    319.000    315.454    -1.2941  27.415118    -1.2942  27.413372     6.0654     6.2019     0.0438    93.3757 1.0000e-12  -74.23800 -112.23400  32.052433      99.95 8.7390e+02    699.229      16783  1028.9539  1028.9521     4.4297     0.0800     0.1193    34.0896    34.0874    8.34208         27 0.0000e+00
    320.000    316.441    -1.2842  27.424756    -1.2831  27.423758     6.0360     6.1785     0.0768    93.3835 1.0000e-12  -74.23800 -112.23402  32.052446      99.89 8.7439e+02    700.365      16810  1028.9592  1028.9570     4.4300     0.0831     0.1199    34.0910    34.0883    8.33980         28 0.0000e+00
    321.000    317.431    -1.2618  27.444774    -1.2596  27.445017     6.0182     6.1527     0.1596    93.3112 1.0000e-12  -74.23800 -112.23401  32.052459      99.88 8.7446e+02    701.499      16837  1028.9637  1028.9619     4.4266     0.0824     0.1217    34.0923    34.0902    8.33471         27 0.0000e+00
    322.000    318.418    -1.2507  27.455258    -1.2494  27.454596     5.9849     6.1157     0.0898    93.3366 1.0000e-12  -74.23800 -112.23401  32.052474      99.89 8.7318e+02    702.722      16866  1028.9688  1028.9669     4.4279     0.0825     0.1182    34.0934    34.0911    8.33217         31 0.0000e+00
    323.000    319.406    -1.2271  27.476995    -1.2258  27.475780     5.9451     6.0808     0.0794    93.2282 1.0000e-12  -74.23800 -112.23401  32.052489      99.89 8.7301e+02    704.031      16898  1028.9741  1028.9716     4.4227     0.0845     0.1197    34.0957    34.0927    8.32677         32 0.0000e+00
    324.000    320.395    -1.2036  27.498304    -1.2044  27.495981     5.9264     6.0604     0.0856    93.3776 1.0000e-12  -74.23800 -112.23402  32.052504      99.89 8.7299e+02    705.361      16930  1028.9791  1028.9773     4.4298     0.0808     0.1205    34.0977    34.0953    8.32144         29 0.0000e+00
    325.000    321.384    -1.1909  27.510926    -1.1920  27.508097     5.9301     6.0547     0.1026    93.3361 1.0000e-12  -74.23800 -112.23402  32.052515      99.88 8.7389e+02    706.336      16953  1028.9851  1028.9831     4.4278     0.0845     0.1190    34.0999    34.0973    8.31848         21 0.0000e+00
    326.000    322.370    -1.1901  27.511510    -1.1893  27.510942     5.9261     6.0457     0.0984    93.3239 1.0000e-12  -74.23800 -112.23402  32.052527      99.89 8.7383e+02    707.331      16977  1028.9896  1028.9881     4.4273     0.0846     0.1217    34.0992    34.0974    8.31835         28 0.0000e+00
    327.000    323.360    -1.1883  27.513896    -1.1878  27.512684     5.9232     6.0406     0.0805    93.2060 1.0000e-12  -74.23800 -112.23402  32.052541      99.89 8.7503e+02    708.575      17007  1028.9950  1028.9932     4.4216     0.0832     0.1230    34.0998    34.0976    8.31791         29 0.0000e+00
    328.000    324.345    -1.1842  27.518382    -1.1825  27.518275     5.9224     6.0394     0.0794    93.2071 1.0000e-12  -74.23800 -112.23402  32.052555      76.43 8.7140e+02    709.726      17034  1029.0004  1028.9987     4.4217     0.0819     0.1189    34.1006    34.0986    8.31695         27 0.0000e+00
    329.000    325.336    -1.1836  27.519334    -1.1818  27.519518     5.9198     6.0365     0.1058    93.1607 1.0000e-12  -74.23800 -112.23402  32.052568      91.25 8.7052e+02    710.850      17061  1029.0054  1029.0039     4.4195     0.0842     0.1206    34.1006    34.0988    8.31681         27 0.0000e+00
    330.000    326.324    -1.1813  27.521852    -1.1800  27.521444     5.9202     6.0360     0.1155    93.2663 1.0000e-12  -74.23800 -112.23402  32.052581      99.96 8.7371e+02    712.031      17090  1029.0104  1029.0087     4.4245     0.0859     0.1224    34.1008    34.0988    8.31629         30 0.0000e+00
    331.000    327.311    -1.1815  27.521938    -1.1807  27.521324     5.9323     6.0438     0.0900    93.1694 1.0000e-12  -74.23800 -112.23400  32.052595      99.89 8.7638e+02    713.249      17119  1029.0152  1029.0137     4.4199     0.0889     0.1231    34.1006    34.0988    8.31636         28 0.0000e+00
    332.000    328.298    -1.1821  27.521873    -1.1817  27.520891     5.9447     6.0568     0.0946    93.2484 1.0000e-12  -74.23800 -112.23402  32.052608      99.89 8.7445e+02    714.358      17146  1029.0201  1029.0186     4.4236     0.0857     0.1219    34.1005    34.0987    8.31649         26 0.0000e+00
    333.000    329.289    -1.1888  27.516417    -1.1849  27.518340     5.9560     6.0619     0.0799    93.2812 1.0000e-12  -74.23800 -112.23402  32.052621      99.89 8.7159e+02    715.419      17171  1029.0251  1029.0234     4.4252     0.0953     0.1232    34.1000    34.0983    8.31800         26 0.0000e+00
    334.000    330.275    -1.1957  27.510792    -1.1956  27.509696     5.9654     6.0659     0.1435    93.2653 1.0000e-12  -74.23800 -112.23402  32.052634      99.88 8.7069e+02    716.572      17199  1029.0301  1029.0289     4.4244     0.0839     0.1199    34.0996    34.0980    8.31957         29 0.0000e+00
    335.000    331.263    -1.2012  27.506270    -1.1991  27.507094     5.9712     6.0761     0.1236    93.2723 1.0000e-12  -74.23800 -112.23402  32.052648      99.89 8.7181e+02    717.816      17229  1029.0349  1029.0337     4.4248     0.0821     0.1204    34.0991    34.0978    8.32082         30 0.0000e+00
    336.000    332.253    -1.2045  27.503988    -1.2071  27.500539     5.9852     6.0885     0.0818    93.3071 1.0000e-12  -74.23800 -112.23402  32.052662      99.88 8.7463e+02    718.993      17257  1029.0399  1029.0386     4.4265     0.0852     0.1196    34.0991    34.0972    8.32156         27 0.0000e+00
    337.000    333.239    -1.2153  27.494780    -1.2158  27.493863     5.9931     6.1027     0.0805    93.2380 1.0000e-12  -74.23800 -112.23402  32.052675      99.89 8.7439e+02    720.108      17284  1029.0446  1029.0442     4.4232     0.0844     0.1209    34.0980    34.0974    8.32401         26 0.0000e+00
    338.000    334.228    -1.2208  27.491342    -1.2222  27.488860     6.0007     6.1033     0.0778    93.2743 1.0000e-12  -74.23800 -112.23402  32.052688      99.88 8.7172e+02    721.239      17311  1029.0505  1029.0492     4.4249     0.0858     0.1206    34.0991    34.0972    8.32519         28 0.0000e+00
    339.000    335.215    -1.2198  27.493712    -1.2193  27.492671     6.0026     6.1096     0.1082    93.2712 1.0000e-12  -74.23800 -112.23402  32.052701      99.89 8.7086e+02    722.396      17338  1029.0564  1029.0547     4.4247     0.0845     0.1250    34.1005    34.0985    8.32488         28 0.0000e+00
    340.000    336.204    -1.2155  27.499400    -1.2142  27.499269     6.0062     6.1118     0.0799    93.2529 1.0000e-12  -74.23800 -112.23402  32.052714      82.96 8.7086e+02    723.532      17366  1029.0627  1029.0612     4.4239     0.0812     0.1214    34.1028    34.1011    8.32379         26 0.0000e+00
    341.000    337.191    -1.2168  27.499276    -1.2163  27.498564     6.0126     6.1203     0.0567    93.2800 1.0000e-12  -74.23800 -112.23402  32.052727      96.11 8.7086e+02    724.609      17392  1029.0680  1029.0668     4.4251     0.0836     0.1207    34.1035    34.1020    8.32403         26 0.0000e+00
    342.000    338.180    -1.2201  27.497478    -1.2191  27.497198     6.0197     6.1259     0.0866    93.2881 1.0000e-12  -74.23800 -112.23402  32.052740      99.86 8.7207e+02    725.744      17419  1029.0736  1029.0722     4.4255     0.0901     0.1171    34.1042    34.1026    8.32473         29 0.0000e+00
    343.000    339.167    -1.2223  27.496787    -1.2215  27.496405     6.0298     6.1359     0.0781    93.2808 1.0000e-12  -74.23800 -112.23402  32.052755      99.89 8.7288e+02    727.001      17449  1029.0792  1029.0780     4.4252     0.0824     0.1193    34.1051    34.1037    8.32516         30 0.0000e+00
    344.000    340.156    -1.2236  27.496382    -1.2219  27.496492     6.0311     6.1397     0.0591    93.3332 1.0000e-12  -74.23800 -112.23402  32.052768      99.88 8.7042e+02    728.193      17478  1029.0843  1029.0828     4.4277     0.0805     0.1174    34.1054    34.1037    8.32542         27 0.0000e+00
    345.000    341.143    -1.2293  27.492575    -1.2284  27.491952     6.0331     6.1415     0.0473    93.3552 1.0000e-12  -74.23800 -112.23402  32.052780      99.89 8.6867e+02    729.222      17502  1029.0899  1029.0884     4.4287     0.0807     0.1191    34.1060    34.1042    8.32665         24 0.0000e+00
    346.000    342.132    -1.2280  27.494305    -1.2278  27.493074     6.0279     6.1440     0.0553    93.3309 1.0000e-12  -74.23800 -112.23402  32.052792      99.89 8.6877e+02    730.263      17527  1029.0948  1029.0933     4.4276     0.0808     0.1193    34.1063    34.1044    8.32635         27 0.0000e+00
    347.000    343.120    -1.2224  27.501099    -1.2212  27.500885     6.0217     6.1420     0.0567    93.3264 1.0000e-12  -74.23800 -112.23402  32.052806      99.89 8.7108e+02    731.472      17556  1029.1010  1029.0996     4.4274     0.0786     0.1192    34.1087    34.1070    8.32498         30 0.0000e+00
    348.000    344.108    -1.2190  27.505359    -1.2179  27.504732     6.0130     6.1208     0.0638    93.3443 1.0000e-12  -74.23800 -112.23401  32.052821      99.88 8.7117e+02    732.723      17586  1029.1066  1029.1049     4.4282     0.0852     0.1198    34.1100    34.1079    8.32413         29 0.0000e+00
    349.000    345.095    -1.2150  27.509279    -1.2121  27.510404     6.0092     6.1159     0.0712    93.3332 1.0000e-12  -74.23800 -112.23401  32.052834      99.89 8.7141e+02    733.869      17614  1029.1113  1029.1096     4.4277     0.0855     0.1200    34.1103    34.1084    8.32324         26 0.0000e+00
    350.000    346.084    -1.2091  27.515232    -1.2071  27.515379     6.0134     6.1205     0.0712    93.3443 1.0000e-12  -74.23800 -112.23402  32.052847      99.89 8.6859e+02    734.952      17640  1029.1163  1029.1145     4.4283     0.0808     0.1199    34.1111    34.1090    8.32188         26 0.0000e+00
    351.000    347.071    -1.2096  27.515152    -1.2086  27.514924     6.0131     6.1308     0.0647    93.3130 1.0000e-12  -74.23800 -112.23402  32.052859      78.33 8.6551e+02    736.041      17666  1029.1211  1029.1198     4.4267     0.0991     0.1184    34.1110    34.1094    8.32200         27 0.0000e+00
    352.000    348.060    -1.2117  27.514396    -1.2104  27.514130     6.0172     6.1314     0.1163    93.3761 1.0000e-12  -74.23800 -112.23402  32.052873      88.26 8.6827e+02    737.191      17694  1029.1265  1029.1250     4.4297     0.0812     0.1199    34.1116    34.1098    8.32241         29 0.0000e+00
    353.000    349.049    -1.2145  27.512878    -1.2135  27.512470     6.0286     6.1364     0.1074    93.3577 1.0000e-12  -74.23800 -112.23402  32.052886      93.87 8.6966e+02    738.394      17722  1029.1319  1029.1305     4.4288     0.0820     0.1214    34.1121    34.1104    8.32301         28 0.0000e+00
    354.000    350.034    -1.2176  27.510734    -1.2164  27.510578     6.0478     6.1560     0.0528    93.2686 1.0000e-12  -74.23800 -112.23402  32.052899      99.95 8.7013e+02    739.490      17749  1029.1369  1029.1356     4.4247     0.0813     0.1261    34.1121    34.1105    8.32370         24 0.0000e+00
    355.000    351.024    -1.2238  27.505788    -1.2231  27.505364     6.0585     6.1679     0.0602    93.3381 1.0000e-12  -74.23800 -112.23402  32.052911      99.88 8.6820e+02    740.491      17773  1029.1419  1029.1408     4.4279     0.1054     0.1210    34.1118    34.1104    8.32510         25 0.0000e+00
    356.000    352.011    -1.2337  27.499128    -1.2340  27.497604     6.0590     6.1660     0.0669    93.2638 1.0000e-12  -74.23800 -112.23402  32.052924      99.88 8.6610e+02    741.605      17800  1029.1485  1029.1471     4.4245     0.0794     0.1199    34.1132    34.1115    8.32721         29 0.0000e+00
    357.000    352.999    -1.2277  27.505670    -1.2258  27.505772     6.0614     6.1696     0.0595    93.3699 1.0000e-12  -74.23800 -112.23402  32.052939      99.89 8.6528e+02    742.888      17830  1029.1540  1029.1523     4.4294     0.0805     0.1201    34.1148    34.1128    8.32579         31 0.0000e+00
    358.000    353.987    -1.2260  27.508063    -1.2251  27.507688     6.0814     6.1866     0.0708    93.3428 1.0000e-12  -74.23800 -112.23402  32.052953      99.89 8.6848e+02    744.120      17860  1029.1593  1029.1580     4.4282     0.0776     0.1205    34.1156    34.1140    8.32537         27 0.0000e+00
    359.000    354.976    -1.2382  27.497933    -1.2381  27.497266     6.0867     6.1947     0.0953    93.3905 1.0000e-12  -74.23800 -112.23402  32.052965      99.88 8.6847e+02    745.174      17885  1029.1644  1029.1636     4.4304     0.0805     0.1223    34.1149    34.1139    8.32812         25 0.0000e+00
    360.000    355.963    -1.2463  27.492957    -1.2442  27.493482     6.0993     6.2061     0.0570    93.3137 1.0000e-12  -74.23800 -112.23402  32.052978      99.88 8.6627e+02    746.268      17911  1029.1711  1029.1696     4.4267     0.0798     0.1207    34.1167    34.1150    8.32982         28 0.0000e+00
    361.000    356.950    -1.2479  27.492633    -1.2453  27.493905     6.1241     6.2288     0.0315    93.3888 1.0000e-12  -74.23800 -112.23400  32.052991      99.89 8.6557e+02    747.437      17939  1029.1765  1029.1754     4.4303     0.0779     0.1175    34.1174    34.1163    8.33013         28 0.0000e+00
    362.000    357.939    -1.2609  27.482228    -1.2631  27.480006     6.1468     6.2523     0.0510    93.4114 1.0000e-12  -74.23800 -112.23401  32.053005      99.88 8.6538e+02    748.625      17968  1029.1821  1029.1818     4.4314     0.0790     0.1199    34.1174    34.1168    8.33304         28 0.0000e+00
    363.000    358.928    -1.2762  27.470743    -1.2754  27.470072     6.1529     6.2595     0.0531    93.4190 1.0000e-12  -74.23800 -112.23401  32.053018      85.64 8.6445e+02    749.763      17995  1029.1886  1029.1872     4.4317     0.0764     0.1192    34.1184    34.1166    8.33639         27 0.0000e+00
    364.000    359.915    -1.2774  27.470762    -1.2763  27.470522     6.1513     6.2640     0.0459    93.4333 1.0000e-12  -74.23800 -112.23401  32.053031      99.59 8.6422e+02    750.853      18021  1029.1940  1029.1926     4.4324     0.0801     0.1225    34.1192    34.1175    8.33661         26 0.0000e+00
