ocean_section_plots/required_files/ctd/dnbp2202_ctd286.cnv
* Sea-Bird SBE 9 Data File:
* FileName = D:\Data\raw\NBP2202_CTD286.hex
* Software Version Seasave V 7.26.7.121
* Temperature SN = 1649
* Conductivity SN = 2513
* Number of Bytes Per Scan = 40
* Number of Voltage Words = 5
* Number of Scans Averaged by the Deck Unit = 1
* NMEA Latitude = 74 08.17 S
* NMEA Longitude = 115 13.25 W
* NMEA UTC (Time) = Feb 22 2022  12:47:56
* NMEA baud rate = 9600
** Ship: RVIB N.B. Palmer
** Cruise: NBP2202 Thwaites
** Station: 188
** Operator: B. Bjork
# nquan = 28
# nvalues = 787                         
# units = specified
# name 0 = prDM: Pressure, Digiquartz [db]
# name 1 = depSM: Depth [salt water, m]
# name 2 = t090C: Temperature [ITS-90, deg C]
# name 3 = c0mS/cm: Conductivity [mS/cm]
# name 4 = t190C: Temperature, 2 [ITS-90, deg C]
# name 5 = c1mS/cm: Conductivity, 2 [mS/cm]
# name 6 = sbeox0ML/L: Oxygen, SBE 43 [ml/l]
# name 7 = sbeox1ML/L: Oxygen, SBE 43, 2 [ml/l]
# name 8 = flECO-AFL: Fluorescence, WET Labs ECO-AFL/FL [mg/m^3]
# name 9 = CStarTr0: Beam Transmission, WET Labs C-Star [%]
# name 10 = par: PAR/Irradiance, Biospherical/Licor
# name 11 = latitude: Latitude [deg]
# name 12 = longitude: Longitude [deg]
# name 13 = timeJ: Julian Days
# name 14 = altM: Altimeter [m]
# name 15 = spar: SPAR, Biospherical/Licor
# name 16 = timeS: Time, Elapsed [seconds]
# name 17 = scan: Scan Count
# name 18 = density00: Density [density, kg/m^3]
# name 19 = density11: Density, 2 [density, kg/m^3]
# name 20 = v3: Voltage 3
# name 21 = v4: Voltage 4
# name 22 = v5: Voltage 5
# name 23 = sal00: Salinity, Practical [PSU]
# name 24 = sal11: Salinity, Practical, 2 [PSU]
# name 25 = oxsolML/L: Oxygen Saturation, Garcia & Gordon [ml/l]
# name 26 = nbin: number of scans per bin
# name 27 = flag: flag
# span 0 =      3.000,    789.000       
# span 1 =      2.969,    779.353       
# span 2 =    -1.8259,     0.4839       
# span 3 =  26.958881,  29.464131       
# span 4 =    -1.8252,     0.4865       
# span 5 =  26.959307,  29.464826       
# span 6 =     4.5425,     8.9460       
# span 7 =     4.6469,     9.2359       
# span 8 =     0.1818,     8.6037       
# span 9 =    88.5045,    97.7160       
# span 10 = -4.112e-06, 2.9562e+01      
# span 11 =  -74.13632,  -74.13630      
# span 12 = -115.22094, -115.22086      
# span 13 =  53.535841,  53.546331      
# span 14 =       2.42,     100.08      
# span 15 = 8.1054e+01, 9.7393e+01      
# span 16 =    220.640,   1126.986      
# span 17 =       5296,      27049      
# span 18 =  1027.1840,  1031.4326      
# span 19 =  1027.1847,  1031.4307      
# span 20 =     4.1987,     4.6354      
# span 21 =     0.0971,     1.6080      
# span 22 =     0.1090,     0.1916      
# span 23 =    33.8101,    34.5480      
# span 24 =    33.8105,    34.5457      
# span 25 =    7.93518,    8.46247      
# span 26 =         21,         60      
# span 27 = 0.0000e+00, 0.0000e+00      
# interval = decibars: 1                
# start_time = Feb 22 2022 12:47:56 [NMEA time, header]
# bad_flag = -9.990e-29
*END*
[from data line 725]
    728.000    719.203     0.4441  29.396044     0.4470  29.396503     4.6201     4.7217     0.4222    97.4587 1.0000e-12  -74.13630 -115.22088  53.544713      64.71 9.7099e+01    987.208      23694  1031.1422  1031.1399     4.6233     0.1479     0.1118    34.5378    34.5352    7.94390         25 0.0000e+00
    729.000    720.191     0.4451  29.397428     0.4478  29.397880     4.6197     4.7142     0.4117    97.4463 1.0000e-12  -74.13630 -115.22088  53.544725      63.66 9.3729e+01    988.229      23718  1031.1470  1031.1448     4.6227     0.1395     0.1168    34.5380    34.5356    7.94370         24 0.0000e+00
    730.000    721.176     0.4453  29.398174     0.4482  29.398715     4.6183     4.7208     0.4217    97.4025 1.0000e-12  -74.13630 -115.22088  53.544736      62.56 9.3654e+01    989.226      23742  1031.1518  1031.1496     4.6206     0.1249     0.1126    34.5382    34.5356    7.94364         24 0.0000e+00
    731.000    722.162     0.4453  29.398375     0.4479  29.398842     4.6133     4.7211     0.3576    97.2140 1.0000e-12  -74.13630 -115.22088  53.544748      61.59 9.7150e+01    990.221      23766  1031.1563  1031.1542     4.6117     0.1253     0.1141    34.5378    34.5355    7.94366         24 0.0000e+00
    732.000    723.148     0.4458  29.399575     0.4488  29.400146     4.6156     4.7142     0.3219    97.3054 1.0000e-12  -74.13630 -115.22088  53.544759      60.74 9.4719e+01    991.214      23790  1031.1613  1031.1589     4.6160     0.1182     0.1097    34.5382    34.5356    7.94353         24 0.0000e+00
    733.000    724.134     0.4476  29.401873     0.4506  29.402519     4.6135     4.7116     0.3232    97.4381 1.0000e-12  -74.13630 -115.22088  53.544771      59.73 9.3826e+01    992.197      23814  1031.1661  1031.1639     4.6223     0.1184     0.1106    34.5387    34.5362    7.94314         23 0.0000e+00
    734.000    725.121     0.4493  29.404101     0.4520  29.404572     4.6141     4.7171     0.3971    97.3520 1.0000e-12  -74.13630 -115.22088  53.544782      58.65 9.6738e+01    993.170      23837  1031.1710  1031.1689     4.6182     0.1228     0.1141    34.5391    34.5367    7.94277         23 0.0000e+00
    735.000    726.107     0.4510  29.406441     0.4538  29.406845     4.6133     4.7202     0.5181    97.3819 1.0000e-12  -74.13630 -115.22088  53.544793      57.69 9.4542e+01    994.143      23860  1031.1760  1031.1738     4.6196     0.1266     0.1146    34.5396    34.5371    7.94238         24 0.0000e+00
    736.000    727.093     0.4534  29.409419     0.4562  29.409834     4.6044     4.7196     0.5241    97.4278 1.0000e-12  -74.13630 -115.22088  53.544805      56.60 9.3523e+01    995.113      23884  1031.1810  1031.1787     4.6218     0.1185     0.1131    34.5403    34.5377    7.94186         23 0.0000e+00
    737.000    728.080     0.4542  29.410541     0.4569  29.411024     4.6010     4.7160     0.4116    97.3865 1.0000e-12  -74.13630 -115.22088  53.544816      55.65 9.6643e+01    996.098      23907  1031.1856  1031.1835     4.6198     0.1201     0.1135    34.5403    34.5379    7.94169         24 0.0000e+00
    738.000    729.063     0.4555  29.412531     0.4582  29.412804     4.6031     4.7087     0.4326    97.3362 1.0000e-12  -74.13630 -115.22088  53.544827      54.78 9.5060e+01    997.097      23931  1031.1907  1031.1883     4.6174     0.1270     0.1142    34.5409    34.5382    7.94139         24 0.0000e+00
    739.000    730.053     0.4564  29.413961     0.4592  29.414309     4.6058     4.7079     0.3392    97.3679 1.0000e-12  -74.13630 -115.22088  53.544839      53.66 9.3440e+01    998.100      23955  1031.1955  1031.1932     4.6190     0.1219     0.1129    34.5411    34.5386    7.94119         24 0.0000e+00
    740.000    731.039     0.4569  29.414669     0.4596  29.415187     4.6048     4.7111     0.3475    97.4684 1.0000e-12  -74.13632 -115.22088  53.544851      52.57 9.5905e+01    999.091      23979  1031.2000  1031.1979     4.6237     0.1208     0.1129    34.5410    34.5387    7.94111         23 0.0000e+00
    741.000    732.024     0.4573  29.415608     0.4602  29.416194     4.6039     4.7008     0.3417    97.4450 1.0000e-12  -74.13632 -115.22088  53.544862      51.68 9.5782e+01   1000.073      24003  1031.2048  1031.2027     4.6226     0.1207     0.1115    34.5411    34.5387    7.94101         24 0.0000e+00
    742.000    733.008     0.4577  29.416497     0.4604  29.416963     4.6086     4.7052     0.3460    97.4019 1.0000e-12  -74.13632 -115.22088  53.544873      50.64 9.3537e+01   1001.049      24026  1031.2096  1031.2075     4.6206     0.1256     0.1114    34.5413    34.5389    7.94092         24 0.0000e+00
    743.000    733.998     0.4583  29.417565     0.4611  29.418048     4.6045     4.7038     0.3522    97.0089 1.0000e-12  -74.13632 -115.22088  53.544885      49.66 9.6267e+01   1002.041      24050  1031.2144  1031.2121     4.6020     0.1201     0.1179    34.5415    34.5389    7.94079         23 0.0000e+00
    744.000    734.983     0.4596  29.419368     0.4623  29.419841     4.6034     4.7054     0.3804    97.0984 1.0000e-12  -74.13632 -115.22088  53.544896      48.69 9.5609e+01   1003.056      24074  1031.2192  1031.2171     4.6064     0.1218     0.1156    34.5418    34.5394    7.94050         25 0.0000e+00
    745.000    735.969     0.4608  29.421187     0.4636  29.421514     4.6042     4.7022     0.4248    97.4062 1.0000e-12  -74.13632 -115.22088  53.544908      47.62 9.3670e+01   1004.070      24099  1031.2241  1031.2218     4.6207     0.1227     0.1100    34.5423    34.5396    7.94023         25 0.0000e+00
    746.000    736.955     0.4620  29.422737     0.4648  29.423265     4.5991     4.7056     0.4096    97.3861 1.0000e-12  -74.13632 -115.22088  53.544921      46.56 9.4425e+01   1005.167      24125  1031.2288  1031.2267     4.6198     0.1167     0.1129    34.5423    34.5400    7.93997         28 0.0000e+00
    747.000    737.941     0.4622  29.423438     0.4650  29.423850     4.5978     4.7042     0.3788    97.4326 1.0000e-12  -74.13632 -115.22088  53.544935      45.48 9.6754e+01   1006.364      24154  1031.2335  1031.2313     4.6220     0.1281     0.1125    34.5424    34.5399    7.93992         29 0.0000e+00
    748.000    738.927     0.4623  29.424007     0.4651  29.424463     4.5945     4.6957     0.3992    97.2957 1.0000e-12  -74.13632 -115.22088  53.544949      44.46 9.3744e+01   1007.581      24183  1031.2383  1031.2361     4.6156     0.1189     0.1100    34.5425    34.5400    7.93990         29 0.0000e+00
    749.000    739.913     0.4624  29.424558     0.4652  29.425018     4.5952     4.6988     0.3930    97.2521 1.0000e-12  -74.13632 -115.22088  53.544963      43.52 9.3858e+01   1008.785      24212  1031.2431  1031.2408     4.6135     0.1194     0.1131    34.5426    34.5400    7.93988         29 0.0000e+00
    750.000    740.899     0.4629  29.425355     0.4656  29.425910     4.6006     4.7029     0.3740    97.2749 1.0000e-12  -74.13632 -115.22088  53.544977      42.51 9.6162e+01   1009.997      24241  1031.2477  1031.2455     4.6146     0.1213     0.1154    34.5425    34.5401    7.93979         29 0.0000e+00
    751.000    741.885     0.4634  29.426332     0.4663  29.426970     4.5994     4.7041     0.3912    97.3428 1.0000e-12  -74.13632 -115.22088  53.544991      41.37 9.3455e+01   1011.260      24271  1031.2524  1031.2503     4.6178     0.1227     0.1151    34.5426    34.5403    7.93967         32 0.0000e+00
    752.000    742.871     0.4641  29.427527     0.4670  29.428120     4.5971     4.7038     0.3592    97.2786 1.0000e-12  -74.13632 -115.22089  53.545007      40.35 9.4013e+01   1012.608      24304  1031.2572  1031.2550     4.6148     0.1370     0.1144    34.5428    34.5403    7.93952         33 0.0000e+00
    753.000    743.857     0.4650  29.428997     0.4679  29.429507     4.5958     4.6996     0.3990    97.3102 1.0000e-12  -74.13632 -115.22089  53.545023      39.43 9.6015e+01   1013.975      24336  1031.2621  1031.2598     4.6163     0.1222     0.1115    34.5432    34.5406    7.93932         32 0.0000e+00
    754.000    744.843     0.4666  29.431100     0.4693  29.431544     4.5964     4.6935     0.4475    97.4272 1.0000e-12  -74.13632 -115.22088  53.545038      38.47 9.3483e+01   1015.315      24369  1031.2669  1031.2647     4.6218     0.1269     0.1144    34.5435    34.5411    7.93896         32 0.0000e+00
    755.000    745.830     0.4677  29.432732     0.4705  29.433219     4.5921     4.6973     0.4101    97.4237 1.0000e-12  -74.13632 -115.22089  53.545054      37.39 9.4078e+01   1016.676      24401  1031.2717  1031.2695     4.6217     0.1223     0.1242    34.5439    34.5414    7.93872         33 0.0000e+00
    756.000    746.815     0.4683  29.433888     0.4711  29.434341     4.5877     4.6986     0.3661    97.4304 1.0000e-12  -74.13632 -115.22089  53.545070      36.37 9.4834e+01   1018.065      24435  1031.2765  1031.2743     4.6219     0.1243     0.1138    34.5441    34.5416    7.93858         34 0.0000e+00
    757.000    747.802     0.4691  29.435121     0.4720  29.435640     4.5886     4.6918     0.4493    97.4062 1.0000e-12  -74.13632 -115.22089  53.545086      35.41 9.3495e+01   1019.431      24467  1031.2813  1031.2790     4.6208     0.1873     0.1132    34.5443    34.5417    7.93841         32 0.0000e+00
    758.000    748.788     0.4698  29.436190     0.4726  29.436739     4.5863     4.6897     0.4598    97.3738 1.0000e-12  -74.13632 -115.22089  53.545102      34.33 9.4207e+01   1020.835      24501  1031.2860  1031.2838     4.6193     0.1259     0.1133    34.5444    34.5419    7.93827         36 0.0000e+00
    759.000    749.773     0.4700  29.436918     0.4729  29.437463     4.5858     4.6923     0.3864    97.3796 1.0000e-12  -74.13632 -115.22089  53.545121      33.26 9.4790e+01   1022.419      24539  1031.2908  1031.2886     4.6195     0.1246     0.1136    34.5445    34.5420    7.93822         39 0.0000e+00
    760.000    750.760     0.4703  29.437767     0.4732  29.438276     4.5848     4.6884     0.4383    97.3468 1.0000e-12  -74.13632 -115.22089  53.545140      32.25 9.3507e+01   1024.060      24578  1031.2956  1031.2933     4.6180     0.1259     0.1121    34.5446    34.5421    7.93813         38 0.0000e+00
    761.000    751.745     0.4710  29.438851     0.4738  29.439366     4.5829     4.6863     0.4165    97.3984 1.0000e-12  -74.13632 -115.22089  53.545159      31.20 9.4083e+01   1025.783      24620  1031.3003  1031.2980     4.6205     0.1250     0.1127    34.5448    34.5422    7.93800         41 0.0000e+00
    762.000    752.732     0.4714  29.439761     0.4743  29.440270     4.5860     4.6898     0.4338    97.3911 1.0000e-12  -74.13632 -115.22089  53.545180      30.13 9.4722e+01   1027.539      24662  1031.3050  1031.3028     4.6201     0.1297     0.1138    34.5449    34.5424    7.93790         41 0.0000e+00
    763.000    753.718     0.4720  29.440809     0.4749  29.441345     4.5846     4.6896     0.4215    97.3942 1.0000e-12  -74.13632 -115.22089  53.545199      29.17 9.4054e+01   1029.220      24702  1031.3098  1031.3076     4.6202     0.1349     0.1145    34.5451    34.5425    7.93778         40 0.0000e+00
    764.000    754.704     0.4727  29.441924     0.4756  29.442550     4.5887     4.6914     0.4083    97.2967 1.0000e-12  -74.13632 -115.22090  53.545221      28.10 9.3963e+01   1031.061      24746  1031.3145  1031.3124     4.6156     0.1345     0.1146    34.5452    34.5428    7.93763         43 0.0000e+00
    765.000    755.689     0.4733  29.443170     0.4762  29.443750     4.5809     4.6880     0.4082    97.2925 1.0000e-12  -74.13632 -115.22089  53.545243      27.07 9.4400e+01   1032.962      24792  1031.3194  1031.3171     4.6154     0.1891     0.1167    34.5455    34.5430    7.93748         40 0.0000e+00
    766.000    756.674     0.4741  29.444370     0.4768  29.444798     4.5744     4.6848     0.5934    97.3716 1.0000e-12  -74.13632 -115.22088  53.545264      26.04 9.4127e+01   1034.831      24837  1031.3241  1031.3219     4.6191     0.1291     0.1128    34.5456    34.5432    7.93731         38 0.0000e+00
    767.000    757.662     0.4752  29.446057     0.4780  29.446567     4.5742     4.6830     0.4734    97.2006 1.0000e-12  -74.13632 -115.22088  53.545286      25.08 9.4338e+01   1036.704      24882  1031.3289  1031.3268     4.6111     0.1329     0.1133    34.5460    34.5435    7.93706         41 0.0000e+00
    768.000    758.649     0.4756  29.446887     0.4784  29.447380     4.5763     4.6808     0.4357    97.1999 1.0000e-12  -74.13632 -115.22088  53.545309      24.01 9.4629e+01   1038.688      24930  1031.3337  1031.3315     4.6111     0.1483     0.1151    34.5461    34.5436    7.93697         37 0.0000e+00
    769.000    759.635     0.4770  29.448920     0.4798  29.449251     4.5716     4.6798     0.4757    97.2724 1.0000e-12  -74.13632 -115.22088  53.545336      22.96 9.4530e+01   1041.003      24985  1031.3387  1031.3363     4.6144     0.1383     0.1143    34.5466    34.5439    7.93666         37 0.0000e+00
    770.000    760.621     0.4783  29.450704     0.4811  29.451160     4.5732     4.6746     0.4593    97.2543 1.0000e-12  -74.13632 -115.22088  53.545364      21.91 9.4484e+01   1043.426      25043  1031.3435  1031.3412     4.6136     0.1422     0.1125    34.5469    34.5444    7.93638         47 0.0000e+00
    771.000    761.606     0.4796  29.452512     0.4824  29.452938     4.5742     4.6755     0.5863    97.2187 1.0000e-12  -74.13632 -115.22088  53.545394      20.92 9.4882e+01   1046.036      25106  1031.3483  1031.3460     4.6119     0.1375     0.1129    34.5472    34.5447    7.93609         38 0.0000e+00
    772.000    762.591     0.4802  29.453529     0.4829  29.453897     4.5670     4.6736     0.4628    97.2566 1.0000e-12  -74.13632 -115.22088  53.545426      19.88 9.5200e+01   1048.780      25172  1031.3530  1031.3508     4.6137     0.1450     0.1475    34.5473    34.5448    7.93596         44 0.0000e+00
    773.000    763.578     0.4806  29.454378     0.4833  29.454752     4.5671     4.6724     0.5057    97.2025 1.0000e-12  -74.13632 -115.22088  53.545460      18.83 9.5196e+01   1051.756      25243  1031.3578  1031.3555     4.6112     0.1442     0.1188    34.5474    34.5449    7.93588         38 0.0000e+00
    774.000    764.565     0.4806  29.454894     0.4834  29.455393     4.5682     4.6723     0.4960    97.2171 1.0000e-12  -74.13631 -115.22086  53.545493      17.79 9.5196e+01   1054.593      25311  1031.3625  1031.3603     4.6118     0.1624     0.1181    34.5475    34.5450    7.93587         36 0.0000e+00
    775.000    765.550     0.4807  29.455389     0.4836  29.455948     4.5705     4.6745     0.5077    97.1986 1.0000e-12  -74.13631 -115.22086  53.545534      16.72 9.5196e+01   1058.171      25397  1031.3671  1031.3649     4.6110     0.2287     0.1389    34.5474    34.5450    7.93585         45 0.0000e+00
    776.000    766.536     0.4811  29.456218     0.4839  29.456824     4.5670     4.6716     0.5026    97.1134 1.0000e-12  -74.13631 -115.22086  53.545577      15.72 9.5196e+01   1061.827      25485  1031.3718  1031.3697     4.6070     0.1467     0.1205    34.5475    34.5452    7.93576         37 0.0000e+00
    777.000    767.522     0.4815  29.456840     0.4841  29.457459     4.5619     4.6655     0.5281    97.1535 1.0000e-12  -74.13632 -115.22086  53.545613      14.68 9.5196e+01   1064.989      25561  1031.3764  1031.3744     4.6088     0.1516     0.1145    34.5473    34.5452    7.93570         42 0.0000e+00
    778.000    768.509     0.4816  29.457563     0.4844  29.458099     4.5663     4.6691     0.5343    97.1342 1.0000e-12  -74.13632 -115.22086  53.545649      13.67 9.5196e+01   1068.066      25635  1031.3812  1031.3791     4.6079     0.1506     0.1172    34.5475    34.5452    7.93565         44 0.0000e+00
