ocean_section_plots/required_files/ctd/dnbp2202_ctd031.cnv
* Sea-Bird SBE 9 Data File:
* FileName = D:\Data\raw\NBP2202_CTD031.hex
* Software Version Seasave V 7.26.7.121
* Temperature SN = 1649
* Conductivity SN = 2513
* Number of Bytes Per Scan = 40
* Number of Voltage Words = 5
* Number of Scans Averaged by the Deck Unit = 1
* NMEA Latitude = 74 13.30 S
* NMEA Longitude = 112 00.06 W
* NMEA UTC (Time) = Jan 21 2022  12:49:24
* NMEA baud rate = 9600
** Ship: RVIB N.B. Palmer
** Cruise: NBP2202 Thwaites
** Station: 18
** Operator: B. Bjork
# nquan = 25
# nvalues = 767                         
# units = specified
# name 0 = prDM: Pressure, Digiquartz [db]
# name 1 = depSM: Depth [salt water, m]
# name 2 = t090C: Temperature [ITS-90, deg C]
# name 3 = c0mS/cm: Conductivity [mS/cm]
# name 4 = t190C: Temperature, 2 [ITS-90, deg C]
# name 5 = c1mS/cm: Conductivity, 2 [mS/cm]
# name 6 = sbeox0ML/L: Oxygen, SBE 43 [ml/l]
# name 7 = sbeox1ML/L: Oxygen, SBE 43, 2 [ml/l]
# name 8 = flECO-AFL: Fluorescence, WET Labs ECO-AFL/FL [mg/m^3]
# name 9 = CStarTr0: Beam Transmission, WET Labs C-Star [%]
# name 10 = par: PAR/Irradiance, Biospherical/Licor
# name 11 = latitude: Latitude [deg]
# name 12 = longitude: Longitude [deg]
# name 13 = timeJ: Julian Days
# name 14 = altM: Altimeter [m]
# name 15 = spar: SPAR, Biospherical/Licor
# name 16 = timeS: Time, Elapsed [seconds]
# name 17 = scan: Scan Count
# name 18 = density00: Density [density, kg/m^3]
# name 19 = density11: Density, 2 [density, kg/m^3]
# name 20 = sal00: Salinity, Practical [PSU]
# name 21 = sal11: Salinity, Practical, 2 [PSU]
# name 22 = oxsolML/L: Oxygen Saturation, Garcia & Gordon [ml/l]
# name 23 = nbin: number of scans per bin
# name 24 = flag: flag
# span 0 =      2.000,    768.000       
# span 1 =      1.983,    758.645       
# span 2 =    -1.5209,     0.3441       
# span 3 =  27.088564,  29.300054       
# span 4 =    -1.5201,     0.3463       
# span 5 =  27.088201,  29.299807       
# span 6 =     4.6594,     7.8993       
# span 7 =     4.8899,     8.2569       
# span 8 =    -0.0216,    16.2521       
# span 9 =    77.9180,    97.2916       
# span 10 = -2.027e-05, 9.4072e+01      
# span 11 =  -74.22174,  -74.22172      
# span 12 = -112.00104, -112.00102      
# span 13 =  21.536644,  21.549319      
# span 14 =       7.81,      99.97      
# span 15 = 1.4639e+03, 1.5220e+03      
# span 16 =    202.059,   1297.194      
# span 17 =       4850,      31134      
# span 18 =  1027.1892,  1031.3089      
# span 19 =  1027.1925,  1031.3063      
# span 20 =    33.7900,    34.5020      
# span 21 =    33.7932,    34.4993      
# span 22 =    7.96650,    8.39965      
# span 23 =         26,         57      
# span 24 = 0.0000e+00, 0.0000e+00      
# interval = decibars: 1                
# start_time = Jan 21 2022 12:49:24 [NMEA time, header]
# bad_flag = -9.990e-29
*END*
[from data line 290]
    292.000    288.774    -1.3966  27.293151    -1.3956  27.292616     6.1597     6.4836     0.0216    97.0624 1.0000e-12  -74.22174 -112.00104  21.542183      99.84 1.4907e+03    680.621      16336  1028.8022  1028.8006    34.0554    34.0535    8.36707         32 0.0000e+00
    293.000    289.761    -1.3963  27.294169    -1.3952  27.293691     6.1504     6.4860     0.0142    97.0168 1.0000e-12  -74.22174 -112.00104  21.542199      99.84 1.4911e+03    681.970      16368  1028.8073  1028.8057    34.0559    34.0539    8.36698         33 0.0000e+00
    294.000    290.750    -1.3960  27.294972    -1.3949  27.294596     6.1531     6.4905     0.0143    97.0290 1.0000e-12  -74.22174 -112.00104  21.542215      99.84 1.4914e+03    683.351      16401  1028.8123  1028.8108    34.0560    34.0542    8.36689         34 0.0000e+00
    295.000    291.737    -1.3961  27.295636    -1.3950  27.295214     6.1545     6.4889     0.0200    97.0743 1.0000e-12  -74.22174 -112.00104  21.542231      99.84 1.4914e+03    684.725      16434  1028.8174  1028.8159    34.0563    34.0546    8.36689         30 0.0000e+00
    296.000    292.726    -1.3962  27.296339    -1.3951  27.295898     6.1622     6.4977     0.0167    97.0757 1.0000e-12  -74.22174 -112.00104  21.542246      99.84 1.4914e+03    686.078      16467  1028.8226  1028.8211    34.0568    34.0550    8.36689         33 0.0000e+00
    297.000    293.715    -1.3966  27.297058    -1.3954  27.296651     6.1706     6.4988     0.0238    97.0765 1.0000e-12  -74.22174 -112.00104  21.542262      99.84 1.4914e+03    687.455      16500  1028.8281  1028.8265    34.0576    34.0558    8.36693         33 0.0000e+00
    298.000    294.702    -1.3975  27.297163    -1.3965  27.296807     6.1813     6.5084     0.0223    97.0889 1.0000e-12  -74.22174 -112.00104  21.542278      98.57 1.4914e+03    688.832      16533  1028.8335  1028.8321    34.0582    34.0566    8.36710         33 0.0000e+00
    299.000    295.690    -1.4019  27.295118    -1.4007  27.294837     6.2015     6.5209     0.0236    97.0728 1.0000e-12  -74.22174 -112.00103  21.542294      99.74 1.4914e+03    690.190      16566  1028.8398  1028.8384    34.0598    34.0581    8.36800         33 0.0000e+00
    300.000    296.681    -1.4089  27.290052    -1.4084  27.289517     6.2149     6.5285     0.0172    97.0508 1.0000e-12  -74.22174 -112.00103  21.542310      99.84 1.4915e+03    691.577      16599  1028.8453  1028.8443    34.0601    34.0588    8.36954         33 0.0000e+00
    301.000    297.667    -1.4146  27.286662    -1.4136  27.286214     6.2172     6.5399     0.0263    97.0428 1.0000e-12  -74.22174 -112.00103  21.542326      99.84 1.4920e+03    692.970      16632  1028.8515  1028.8500    34.0613    34.0596    8.37075         33 0.0000e+00
    302.000    298.655    -1.4149  27.287467    -1.4139  27.286908     6.2162     6.5356     0.0257    96.9785 1.0000e-12  -74.22174 -112.00102  21.542342      99.85 1.4920e+03    694.320      16665  1028.8569  1028.8553    34.0622    34.0603    8.37077         32 0.0000e+00
    303.000    299.644    -1.4145  27.288371    -1.4134  27.287939     6.2112     6.5431     0.0292    97.0185 1.0000e-12  -74.22174 -112.00103  21.542357      99.84 1.4927e+03    695.684      16697  1028.8618  1028.8602    34.0624    34.0606    8.37068         33 0.0000e+00
    304.000    300.631    -1.4098  27.294203    -1.4086  27.293820     6.2094     6.5343     0.0219    97.0370 1.0000e-12  -74.22174 -112.00103  21.542373      99.85 1.4925e+03    697.067      16731  1028.8679  1028.8662    34.0644    34.0625    8.36949         33 0.0000e+00
    305.000    301.621    -1.4061  27.299299    -1.4049  27.298912     6.2076     6.5324     0.0189    97.0814 1.0000e-12  -74.22174 -112.00103  21.542389      99.84 1.4935e+03    698.425      16763  1028.8741  1028.8725    34.0666    34.0647    8.36853         33 0.0000e+00
    306.000    302.609    -1.4061  27.300834    -1.4048  27.300544     6.2076     6.5397     0.0143    97.1116 1.0000e-12  -74.22174 -112.00103  21.542405      99.85 1.4936e+03    699.792      16796  1028.8800  1028.8785    34.0680    34.0662    8.36843         33 0.0000e+00
    307.000    303.596    -1.4038  27.304046    -1.4025  27.303534     6.2044     6.5409     0.0143    97.0069 1.0000e-12  -74.22174 -112.00103  21.542421      96.82 1.4932e+03    701.158      16829  1028.8857  1028.8839    34.0693    34.0671    8.36786         33 0.0000e+00
    308.000    304.586    -1.3991  27.309269    -1.3979  27.308887     6.2014     6.5370     0.0081    97.1456 1.0000e-12  -74.22174 -112.00103  21.542436      97.64 1.4932e+03    702.492      16861  1028.8912  1028.8896    34.0705    34.0686    8.36673         31 0.0000e+00
    309.000    305.572    -1.3976  27.311686    -1.3965  27.311209     6.2091     6.5402     0.0144    97.1664 1.0000e-12  -74.22174 -112.00103  21.542452      99.87 1.4932e+03    703.847      16893  1028.8966  1028.8950    34.0714    34.0695    8.36633         33 0.0000e+00
    310.000    306.561    -1.3941  27.316801    -1.3927  27.316381     6.2120     6.5417     0.0143    97.0573 1.0000e-12  -74.22174 -112.00104  21.542468      99.85 1.4928e+03    705.213      16926  1028.9032  1028.9015    34.0739    34.0718    8.36540         32 0.0000e+00
    311.000    307.549    -1.3952  27.316640    -1.3935  27.316775     6.2078     6.5437     0.0041    97.1300 1.0000e-12  -74.22174 -112.00103  21.542483      99.85 1.4924e+03    706.535      16958  1028.9085  1028.9069    34.0744    34.0726    8.36563         32 0.0000e+00
    312.000    308.538    -1.3959  27.316459    -1.3946  27.316211     6.2150     6.5474     0.0007    97.1559 1.0000e-12  -74.22174 -112.00103  21.542498      99.84 1.4920e+03    707.859      16990  1028.9133  1028.9117    34.0743    34.0724    8.36579         32 0.0000e+00
    313.000    309.525    -1.3974  27.315622    -1.3960  27.315468     6.2298     6.5592     0.0280    97.1844 1.0000e-12  -74.22174 -112.00103  21.542514      99.85 1.4922e+03    709.217      17022  1028.9181  1028.9166    34.0742    34.0724    8.36613         31 0.0000e+00
    314.000    310.515    -1.4038  27.311935    -1.4023  27.311910     6.2348     6.5696    -0.0038    97.1872 1.0000e-12  -74.22174 -112.00103  21.542530      99.85 1.4916e+03    710.550      17054  1028.9246  1028.9232    34.0758    34.0740    8.36746         32 0.0000e+00
    315.000    311.500    -1.4038  27.313071    -1.4026  27.312738     6.2397     6.5669     0.0007    97.1655 1.0000e-12  -74.22174 -112.00103  21.542545      99.84 1.4920e+03    711.896      17086  1028.9301  1028.9286    34.0767    34.0749    8.36741         32 0.0000e+00
    316.000    312.491    -1.4046  27.313495    -1.4033  27.313074     6.2472     6.5747     0.0066    97.1853 1.0000e-12  -74.22174 -112.00103  21.542561      99.85 1.4923e+03    713.276      17120  1028.9357  1028.9340    34.0776    34.0755    8.36753         33 0.0000e+00
    317.000    313.478    -1.4049  27.314255    -1.4037  27.313726     6.2404     6.5762     0.0142    97.1896 1.0000e-12  -74.22174 -112.00103  21.542577      82.41 1.4936e+03    714.625      17152  1028.9411  1028.9393    34.0784    34.0762    8.36756         31 0.0000e+00
    318.000    314.466    -1.4041  27.315421    -1.4029  27.315056     6.2393     6.5822     0.0086    97.1730 1.0000e-12  -74.22174 -112.00103  21.542592      97.81 1.4936e+03    715.959      17184  1028.9459  1028.9443    34.0785    34.0766    8.36738         32 0.0000e+00
    319.000    315.452    -1.4055  27.315156    -1.4041  27.314801     6.2313     6.5762     0.0082    97.1876 1.0000e-12  -74.22174 -112.00104  21.542608      99.80 1.4937e+03    717.309      17216  1028.9512  1028.9495    34.0790    34.0770    8.36765         30 0.0000e+00
    320.000    316.443    -1.4058  27.315626    -1.4046  27.315226     6.2362     6.5723     0.0087    97.2025 1.0000e-12  -74.22174 -112.00104  21.542623      99.84 1.4935e+03    718.644      17248  1028.9563  1028.9547    34.0794    34.0776    8.36770         32 0.0000e+00
    321.000    317.431    -1.4020  27.320372    -1.4005  27.320018     6.2504     6.5837     0.0062    97.0606 1.0000e-12  -74.22174 -112.00104  21.542639      99.84 1.4936e+03    719.974      17280  1028.9621  1028.9603    34.0810    34.0788    8.36675         32 0.0000e+00
    322.000    318.419    -1.4048  27.319554    -1.4032  27.319730     6.2612     6.5967    -0.0007    97.1969 1.0000e-12  -74.22174 -112.00104  21.542654      99.85 1.4932e+03    721.321      17313  1028.9682  1028.9669    34.0824    34.0809    8.36729         32 0.0000e+00
    323.000    319.407    -1.4087  27.318078    -1.4075  27.317575     6.2583     6.6012     0.0026    97.1888 1.0000e-12  -74.22174 -112.00104  21.542670      99.84 1.4932e+03    722.652      17345  1028.9747  1028.9730    34.0843    34.0821    8.36807         32 0.0000e+00
    324.000    320.394    -1.4026  27.325175    -1.4014  27.324678     6.2632     6.5932     0.0021    97.2158 1.0000e-12  -74.22174 -112.00104  21.542685      99.84 1.4932e+03    723.962      17376  1028.9809  1028.9792    34.0865    34.0844    8.36657         32 0.0000e+00
    325.000    321.384    -1.4018  27.326353    -1.4005  27.326096     6.2643     6.5914     0.0050    97.2297 1.0000e-12  -74.22174 -112.00104  21.542700      99.85 1.4932e+03    725.298      17408  1028.9856  1028.9842    34.0865    34.0847    8.36637         32 0.0000e+00
    326.000    322.370    -1.4014  27.327391    -1.4002  27.326878     6.2593     6.5892     0.0005    97.2329 1.0000e-12  -74.22174 -112.00104  21.542716      99.84 1.4932e+03    726.642      17440  1028.9907  1028.9890    34.0869    34.0848    8.36627         31 0.0000e+00
    327.000    323.360    -1.4016  27.327669    -1.4004  27.327148     6.2600     6.5911     0.0043    97.2325 1.0000e-12  -74.22174 -112.00103  21.542731      97.35 1.4932e+03    727.974      17472  1028.9956  1028.9937    34.0869    34.0847    8.36632         33 0.0000e+00
    328.000    324.347    -1.4003  27.329482    -1.3993  27.328742     6.2540     6.5899     0.0111    97.2685 1.0000e-12  -74.22174 -112.00104  21.542747      99.85 1.4939e+03    729.313      17505  1029.0005  1028.9987    34.0873    34.0851    8.36600         32 0.0000e+00
    329.000    325.336    -1.3924  27.338429    -1.3913  27.337501     6.2464     6.5855     0.0110    97.2620 1.0000e-12  -74.22174 -112.00103  21.542762      80.35 1.4935e+03    730.650      17537  1029.0070  1029.0048    34.0900    34.0874    8.36407         32 0.0000e+00
    330.000    326.323    -1.3880  27.343249    -1.3869  27.342863     6.2495     6.5764     0.0069    97.2487 1.0000e-12  -74.22174 -112.00103  21.542777      82.54 1.4934e+03    731.949      17568  1029.0123  1029.0108    34.0910    34.0891    8.36302         31 0.0000e+00
    331.000    327.312    -1.3878  27.344104    -1.3865  27.343712     6.2529     6.5812     0.0143    97.2346 1.0000e-12  -74.22174 -112.00104  21.542793      99.95 1.4933e+03    733.279      17600  1029.0173  1029.0156    34.0913    34.0892    8.36295         32 0.0000e+00
    332.000    328.299    -1.3876  27.344619    -1.3861  27.344548     6.2479     6.5791     0.0110    97.2502 1.0000e-12  -74.22174 -112.00103  21.542808      99.85 1.4932e+03    734.623      17632  1029.0220  1029.0205    34.0911    34.0893    8.36291         32 0.0000e+00
    333.000    329.288    -1.3871  27.345712    -1.3858  27.345335     6.2441     6.5796     0.0069    97.2186 1.0000e-12  -74.22174 -112.00103  21.542823      99.83 1.4932e+03    735.922      17663  1029.0271  1029.0254    34.0914    34.0894    8.36278         31 0.0000e+00
    334.000    330.275    -1.3868  27.346315    -1.3857  27.345731     6.2470     6.5797    -0.0038    97.2491 1.0000e-12  -74.22174 -112.00103  21.542838      99.85 1.4932e+03    737.226      17694  1029.0318  1029.0301    34.0914    34.0893    8.36273         32 0.0000e+00
    335.000    331.264    -1.3865  27.347174    -1.3850  27.346995     6.2459     6.5800     0.0053    97.1731 1.0000e-12  -74.22174 -112.00103  21.542854      99.84 1.4932e+03    738.556      17726  1029.0368  1029.0351    34.0915    34.0896    8.36264         32 0.0000e+00
    336.000    332.252    -1.3848  27.349545    -1.3809  27.351543     6.2358     6.5690     0.0050    97.1566 1.0000e-12  -74.22174 -112.00103  21.542869      99.84 1.4932e+03    739.862      17758  1029.0420  1029.0404    34.0923    34.0906    8.36223         31 0.0000e+00
    337.000    333.240    -1.3784  27.356697    -1.3768  27.356495     6.2415     6.5697     0.0023    97.2822 1.0000e-12  -74.22174 -112.00104  21.542884      90.09 1.4935e+03    741.188      17790  1029.0480  1029.0462    34.0942    34.0921    8.36068         32 0.0000e+00
    338.000    334.228    -1.3753  27.360628    -1.3737  27.360307     6.2377     6.5706     0.0112    97.2716 1.0000e-12  -74.22174 -112.00103  21.542900      99.94 1.4940e+03    742.534      17822  1029.0536  1029.0517    34.0954    34.0932    8.35990         32 0.0000e+00
    339.000    335.216    -1.3727  27.364088    -1.3710  27.363695     6.2334     6.5714     0.0198    97.2844 1.0000e-12  -74.22174 -112.00103  21.542915      99.85 1.4949e+03    743.842      17853  1029.0591  1029.0572    34.0966    34.0942    8.35925         31 0.0000e+00
    340.000    336.203    -1.3669  27.370872    -1.3654  27.370618     6.2267     6.5649     0.0267    97.2813 1.0000e-12  -74.22174 -112.00104  21.542930      99.84 1.4941e+03    745.154      17885  1029.0654  1029.0636    34.0988    34.0966    8.35784         32 0.0000e+00
    341.000    337.193    -1.3597  27.379649    -1.3577  27.379457     6.2132     6.5546     0.0048    97.2854 1.0000e-12  -74.22174 -112.00103  21.542945      99.84 1.4951e+03    746.482      17917  1029.0723  1029.0702    34.1020    34.0994    8.35602         32 0.0000e+00
    342.000    338.180    -1.3449  27.395990    -1.3434  27.395352     6.2141     6.5484    -0.0004    97.2794 1.0000e-12  -74.22174 -112.00103  21.542960      99.85 1.4947e+03    747.786      17948  1029.0802  1029.0780    34.1069    34.1043    8.35241         31 0.0000e+00
    343.000    339.168    -1.3384  27.403172    -1.3373  27.402337     6.2091     6.5382    -0.0006    97.2734 1.0000e-12  -74.22174 -112.00103  21.542976      99.84 1.4957e+03    749.091      17979  1029.0862  1029.0842    34.1088    34.1064    8.35086         32 0.0000e+00
    344.000    340.156    -1.3351  27.407079    -1.3337  27.406573     6.2052     6.5369     0.0048    97.2147 1.0000e-12  -74.22174 -112.00102  21.542991      99.84 1.4944e+03    750.415      18011  1029.0916  1029.0898    34.1098    34.1075    8.35005         31 0.0000e+00
    345.000    341.144    -1.3292  27.413699    -1.3276  27.413393     6.1993     6.5332     0.0064    97.2087 1.0000e-12  -74.22174 -112.00103  21.543006      99.84 1.4939e+03    751.712      18042  1029.0976  1029.0957    34.1115    34.1093    8.34863         31 0.0000e+00
    346.000    342.132    -1.3228  27.420877    -1.3206  27.421076     6.2015     6.5306    -0.0004    97.2664 1.0000e-12  -74.22174 -112.00103  21.543021      99.84 1.4948e+03    753.008      18073  1029.1036  1029.1016    34.1135    34.1112    8.34709         31 0.0000e+00
    347.000    343.117    -1.3198  27.424284    -1.3179  27.424287     6.1951     6.5241     0.0085    97.2643 1.0000e-12  -74.22174 -112.00103  21.543036      93.87 1.4939e+03    754.323      18105  1029.1089  1029.1071    34.1142    34.1120    8.34638         30 0.0000e+00
    348.000    344.108    -1.3177  27.427005    -1.3162  27.426521     6.1951     6.5191     0.0135    97.2735 1.0000e-12  -74.22174 -112.00103  21.543051      98.85 1.4941e+03    755.619      18136  1029.1142  1029.1122    34.1148    34.1124    8.34586         31 0.0000e+00
