ocean_section_plots/required_files/ctd/dnbp2202_ctd038.cnv
* Sea-Bird SBE 9 Data File:
* FileName = D:\Data\raw\NBP2202_CTD038.hex
* Software Version Seasave V 7.26.7.121
* Temperature SN = 1649
* Conductivity SN = 2513
* Number of Bytes Per Scan = 40
* Number of Voltage Words = 5
* Number of Scans Averaged by the Deck Unit = 1
* NMEA Latitude = 74 08.81 S
* NMEA Longitude = 113 23.06 W
* NMEA UTC (Time) = Jan 22 2022  15:27:22
* NMEA baud rate = 9600
** Ship: RVIB N.B. Palmer
** Cruise: NBP2202 Thwaites
** Station: Tow-Yo #2
** Operator: A. Robinson
# nquan = 25
# nvalues = 462                         
# units = specified
# name 0 = prDM: Pressure, Digiquartz [db]
# name 1 = depSM: Depth [salt water, m]
# name 2 = t090C: Temperature [ITS-90, deg C]
# name 3 = c0mS/cm: Conductivity [mS/cm]
# name 4 = t190C: Temperature, 2 [ITS-90, deg C]
# name 5 = c1mS/cm: Conductivity, 2 [mS/cm]
# name 6 = sbeox0ML/L: Oxygen, SBE 43 [ml/l]
# name 7 = sbeox1ML/L: Oxygen, SBE 43, 2 [ml/l]
# name 8 = flECO-AFL: Fluorescence, WET Labs ECO-AFL/FL [mg/m^3]
# name 9 = CStarTr0: Beam Transmission, WET Labs C-Star [%]
# name 10 = par: PAR/Irradiance, Biospherical/Licor
# name 11 = latitude: Latitude [deg]
# name 12 = longitude: Longitude [deg]
# name 13 = timeJ: Julian Days
# name 14 = altM: Altimeter [m]
# name 15 = spar: SPAR, Biospherical/Licor
# name 16 = timeS: Time, Elapsed [seconds]
# name 17 = scan: Scan Count
# name 18 = density00: Density [density, kg/m^3]
# name 19 = density11: Density, 2 [density, kg/m^3]
# name 20 = sal00: Salinity, Practical [PSU]
# name 21 = sal11: Salinity, Practical, 2 [PSU]
# name 22 = oxsolML/L: Oxygen Saturation, Garcia & Gordon [ml/l]
# name 23 = nbin: number of scans per bin
# name 24 = flag: flag
# span 0 =     10.000,    471.000       
# span 1 =      9.896,    465.616       
# span 2 =    -1.4064,    -0.0894       
# span 3 =  27.028427,  28.660123       
# span 4 =    -1.4045,    -0.0875       
# span 5 =  27.027908,  28.659666       
# span 6 =     4.7658,     8.5143       
# span 7 =     5.0192,     8.9325       
# span 8 =    -0.0196,    19.2740       
# span 9 =    72.7347,    97.1724       
# span 10 = -6.847e-05, 2.9536e+01      
# span 11 =  -74.14698,  -74.14696      
# span 12 = -113.38373, -113.36839      
# span 13 =  22.644383,  22.652604      
# span 14 =      10.00,     101.50      
# span 15 = 1.3453e+03, 1.7913e+03      
# span 16 =     32.678,    743.004      
# span 17 =        785,      17833      
# span 18 =  1027.2134,  1029.7953      
# span 19 =  1027.2122,  1029.7929      
# span 20 =    33.7772,    34.3169      
# span 21 =    33.7753,    34.3142      
# span 22 =    8.06739,    8.38185      
# span 23 =          4,         48      
# span 24 = 0.0000e+00, 0.0000e+00      
# interval = decibars: 1                
# start_time = Jan 22 2022 15:27:22 [NMEA time, header]
# bad_flag = -9.990e-29
*END*
[from data line 406]
    416.000    411.282    -0.1866  28.526303    -0.1848  28.525697     4.7943     5.0651    -0.0018    96.7633 1.0000e-12  -74.14698 -113.37093  22.651272      63.03 1.5322e+03    627.893      15070  1029.5122  1029.5098    34.2805    34.2778    8.09000         36 0.0000e+00
    417.000    412.270    -0.1854  28.528214    -0.1832  28.527984     4.7977     5.0592    -0.0134    96.7586 1.0000e-12  -74.14698 -113.37088  22.651294      62.28 1.5381e+03    629.816      15117  1029.5174  1029.5150    34.2812    34.2784    8.08972         34 0.0000e+00
    418.000    413.256    -0.1812  28.533440    -0.1794  28.532828     4.7998     5.0589    -0.0124    96.7732 1.0000e-12  -74.14698 -113.37083  22.651318      61.28 1.5438e+03    631.849      15165  1029.5231  1029.5207    34.2829    34.2800    8.08874         36 0.0000e+00
    419.000    414.246    -0.1807  28.534244    -0.1789  28.533899     4.8022     5.0609    -0.0158    96.7755 1.0000e-12  -74.14698 -113.37078  22.651341      60.37 1.5484e+03    633.850      15213  1029.5278  1029.5256    34.2828    34.2802    8.08864         38 0.0000e+00
    420.000    415.232    -0.1802  28.535466    -0.1781  28.535032     4.7982     5.0616    -0.0061    96.7661 1.0000e-12  -74.14698 -113.37075  22.651364      59.41 1.5490e+03    635.816      15261  1029.5328  1029.5304    34.2832    34.2803    8.08850         44 0.0000e+00
    421.000    416.220    -0.1790  28.537215    -0.1771  28.536638     4.8004     5.0620    -0.0143    96.7302 1.0000e-12  -74.14698 -113.37069  22.651388      58.53 1.5455e+03    637.893      15310  1029.5378  1029.5354    34.2835    34.2807    8.08822         44 0.0000e+00
    422.000    417.208    -0.1783  28.538413    -0.1765  28.537749     4.7983     5.0634    -0.0173    96.7674 1.0000e-12  -74.14698 -113.37065  22.651411      57.61 1.5405e+03    639.915      15359  1029.5427  1029.5403    34.2838    34.2809    8.08807         37 0.0000e+00
    423.000    418.198    -0.1774  28.539864    -0.1755  28.539397     4.7966     5.0638    -0.0069    96.7660 1.0000e-12  -74.14698 -113.37061  22.651434      56.74 1.5369e+03    641.917      15407  1029.5476  1029.5453    34.2841    34.2814    8.08786         35 0.0000e+00
    424.000    419.182    -0.1769  28.540766    -0.1751  28.540206     4.7978     5.0633    -0.0050    96.7252 1.0000e-12  -74.14698 -113.37056  22.651457      55.74 1.5338e+03    643.864      15454  1029.5524  1029.5501    34.2842    34.2814    8.08776         39 0.0000e+00
    425.000    420.169    -0.1765  28.541864    -0.1745  28.541413     4.7973     5.0590    -0.0053    96.7475 1.0000e-12  -74.14698 -113.37052  22.651480      54.89 1.5279e+03    645.836      15501  1029.5575  1029.5550    34.2846    34.2817    8.08764         43 0.0000e+00
    426.000    421.157    -0.1751  28.543815    -0.1731  28.543412     4.7907     5.0547    -0.0141    96.7431 1.0000e-12  -74.14698 -113.37048  22.651502      53.88 1.5201e+03    647.782      15548  1029.5624  1029.5600    34.2850    34.2822    8.08732         38 0.0000e+00
    427.000    422.146    -0.1741  28.545420    -0.1724  28.544653     4.7954     5.0604    -0.0105    96.7482 1.0000e-12  -74.14698 -113.37044  22.651524      53.03 1.5131e+03    649.660      15593  1029.5674  1029.5650    34.2854    34.2825    8.08709         44 0.0000e+00
    428.000    423.133    -0.1727  28.547394    -0.1710  28.546660     4.7945     5.0586    -0.0165    96.7303 1.0000e-12  -74.14698 -113.37039  22.651547      52.03 1.5070e+03    651.640      15640  1029.5724  1029.5701    34.2858    34.2830    8.08676         48 0.0000e+00
    429.000    424.121    -0.1722  28.548431    -0.1703  28.547854     4.7976     5.0594    -0.0170    96.7441 1.0000e-12  -74.14698 -113.37035  22.651569      51.03 1.5022e+03    653.589      15687  1029.5773  1029.5749    34.2861    34.2832    8.08664         41 0.0000e+00
    430.000    425.108    -0.1715  28.549567    -0.1697  28.549001     4.7944     5.0597    -0.0121    96.7356 1.0000e-12  -74.14698 -113.37032  22.651592      49.99 1.4974e+03    655.502      15733  1029.5821  1029.5798    34.2863    34.2834    8.08649         46 0.0000e+00
    431.000    426.096    -0.1705  28.551254    -0.1687  28.550612     4.7913     5.0594    -0.0112    96.7452 1.0000e-12  -74.14698 -113.37027  22.651615      49.04 1.4926e+03    657.514      15781  1029.5872  1029.5847    34.2867    34.2838    8.08624         44 0.0000e+00
    432.000    427.083    -0.1670  28.555577    -0.1655  28.554615     4.7897     5.0502    -0.0143    96.7375 1.0000e-12  -74.14698 -113.37022  22.651637      48.02 1.4903e+03    659.434      15827  1029.5927  1029.5902    34.2880    34.2850    8.08544         37 0.0000e+00
    433.000    428.074    -0.1620  28.561894    -0.1597  28.561691     4.7929     5.0561    -0.0132    96.7520 1.0000e-12  -74.14698 -113.37018  22.651660      47.19 1.4937e+03    661.408      15875  1029.5988  1029.5963    34.2902    34.2873    8.08425         41 0.0000e+00
    434.000    429.057    -0.1609  28.563464    -0.1590  28.562899     4.7894     5.0549    -0.0045    96.7294 1.0000e-12  -74.14698 -113.37014  22.651683      45.95 1.5022e+03    663.390      15922  1029.6036  1029.6012    34.2904    34.2876    8.08401         39 0.0000e+00
    435.000    430.047    -0.1596  28.565248    -0.1583  28.564084     4.7917     5.0542    -0.0163    96.7261 1.0000e-12  -74.14698 -113.37010  22.651706      45.02 1.5091e+03    665.376      15970  1029.6085  1029.6061    34.2907    34.2878    8.08371         40 0.0000e+00
    436.000    431.033    -0.1584  28.567140    -0.1567  28.566355     4.7886     5.0533    -0.0108    96.7285 1.0000e-12  -74.14698 -113.37006  22.651728      43.94 1.5132e+03    667.260      16015  1029.6137  1029.6112    34.2913    34.2884    8.08342         41 0.0000e+00
    437.000    432.023    -0.1522  28.574512    -0.1502  28.574054     4.7887     5.0552    -0.0145    96.7396 1.0000e-12  -74.14698 -113.37000  22.651752      42.86 1.5126e+03    669.357      16066  1029.6197  1029.6174    34.2936    34.2908    8.08199         38 0.0000e+00
    438.000    433.008    -0.1514  28.575893    -0.1495  28.575345     4.7918     5.0540    -0.0079    96.7545 1.0000e-12  -74.14698 -113.36996  22.651775      41.93 1.5080e+03    671.395      16114  1029.6247  1029.6223    34.2939    34.2910    8.08180         38 0.0000e+00
    439.000    433.996    -0.1501  28.577865    -0.1483  28.577171     4.7872     5.0567    -0.0124    96.7164 1.0000e-12  -74.14698 -113.36992  22.651797      40.97 1.5001e+03    673.292      16160  1029.6298  1029.6274    34.2944    34.2915    8.08149         40 0.0000e+00
    440.000    434.985    -0.1472  28.581577    -0.1453  28.580916     4.7842     5.0487     0.0003    96.7344 1.0000e-12  -74.14698 -113.36986  22.651822      39.97 1.4925e+03    675.378      16210  1029.6353  1029.6327    34.2956    34.2926    8.08081         39 0.0000e+00
    441.000    435.971    -0.1434  28.586338    -0.1414  28.585804     4.7822     5.0489    -0.0072    96.7351 1.0000e-12  -74.14698 -113.36982  22.651844      38.98 1.4887e+03    677.300      16256  1029.6409  1029.6384    34.2970    34.2941    8.07992         37 0.0000e+00
    442.000    436.962    -0.1402  28.590431    -0.1380  28.590084     4.7822     5.0488    -0.0115    96.7381 1.0000e-12  -74.14698 -113.36978  22.651867      38.04 1.4851e+03    679.314      16305  1029.6464  1029.6439    34.2982    34.2954    8.07917         35 0.0000e+00
    443.000    437.948    -0.1371  28.594261    -0.1352  28.593752     4.7810     5.0451    -0.0056    96.7308 1.0000e-12  -74.14698 -113.36973  22.651892      37.06 1.4694e+03    681.450      16356  1029.6518  1029.6494    34.2993    34.2964    8.07847         40 0.0000e+00
    444.000    438.935    -0.1259  28.607636    -0.1236  28.607314     4.7817     5.0428    -0.0054    96.6273 1.0000e-12  -74.14698 -113.36969  22.651915      36.10 1.4496e+03    683.444      16404  1029.6593  1029.6567    34.3039    34.3008    8.07584         45 0.0000e+00
    445.000    439.921    -0.1218  28.612579    -0.1197  28.612241     4.7822     5.0452    -0.0084    96.2965 1.0000e-12  -74.14698 -113.36963  22.651939      35.11 1.4392e+03    685.496      16453  1029.6649  1029.6625    34.3053    34.3025    8.07489         43 0.0000e+00
    446.000    440.911    -0.1193  28.615917    -0.1171  28.615521     4.7776     5.0442    -0.0111    96.6847 1.0000e-12  -74.14698 -113.36960  22.651961      34.13 1.4463e+03    687.466      16500  1029.6704  1029.6678    34.3063    34.3033    8.07431         40 0.0000e+00
    447.000    441.898    -0.1166  28.619216    -0.1146  28.618893     4.7799     5.0445    -0.0123    96.6883 1.0000e-12  -74.14698 -113.36956  22.651983      33.23 1.4655e+03    689.373      16546  1029.6755  1029.6732    34.3071    34.3044    8.07370         44 0.0000e+00
    448.000    442.883    -0.1145  28.621998    -0.1120  28.622193     4.7781     5.0410    -0.0107    96.6461 1.0000e-12  -74.14698 -113.36951  22.652007      32.23 1.4898e+03    691.386      16594  1029.6808  1029.6785    34.3078    34.3052    8.07321         42 0.0000e+00
    449.000    443.870    -0.1119  28.625467    -0.1097  28.625244     4.7775     5.0393    -0.0134    96.7239 1.0000e-12  -74.14698 -113.36947  22.652028      31.22 1.5024e+03    693.240      16639  1029.6862  1029.6838    34.3089    34.3061    8.07260         38 0.0000e+00
    450.000    444.861    -0.1107  28.627273    -0.1088  28.626725     4.7822     5.0412    -0.0116    96.7454 1.0000e-12  -74.14697 -113.36944  22.652050      30.28 1.5038e+03    695.081      16683  1029.6913  1029.6888    34.3093    34.3065    8.07232         43 0.0000e+00
    451.000    445.848    -0.1107  28.627477    -0.1088  28.627060     4.7788     5.0403    -0.0106    96.7286 1.0000e-12  -74.14698 -113.36940  22.652073      29.19 1.4980e+03    697.123      16732  1029.6958  1029.6935    34.3090    34.3063    8.07234         41 0.0000e+00
    452.000    446.835    -0.1102  28.628751    -0.1080  28.628359     4.7782     5.0392    -0.0036    96.7358 1.0000e-12  -74.14698 -113.36937  22.652094      28.30 1.4930e+03    698.946      16776  1029.7009  1029.6984    34.3095    34.3066    8.07219         42 0.0000e+00
    453.000    447.820    -0.1086  28.630867    -0.1067  28.630353     4.7766     5.0411    -0.0133    96.7490 1.0000e-12  -74.14698 -113.36932  22.652118      27.23 1.4903e+03    700.957      16824  1029.7059  1029.7036    34.3099    34.3072    8.07183         38 0.0000e+00
    454.000    448.810    -0.1071  28.633049    -0.1050  28.632653     4.7756     5.0371    -0.0079    96.7488 1.0000e-12  -74.14698 -113.36928  22.652141      26.33 1.4919e+03    702.956      16872  1029.7111  1029.7086    34.3106    34.3077    8.07149         34 0.0000e+00
    455.000    449.797    -0.1058  28.634884    -0.1042  28.634072     4.7719     5.0373    -0.0118    96.7494 1.0000e-12  -74.14698 -113.36924  22.652162      25.28 1.4931e+03    704.807      16916  1029.7160  1029.7136    34.3110    34.3081    8.07119         44 0.0000e+00
    456.000    450.784    -0.1056  28.635603    -0.1035  28.635346     4.7671     5.0405    -0.0121    96.7662 1.0000e-12  -74.14698 -113.36919  22.652185      24.30 1.4926e+03    706.784      16964  1029.7208  1029.7185    34.3111    34.3084    8.07114         40 0.0000e+00
    457.000    451.771    -0.1044  28.637353    -0.1030  28.636335     4.7733     5.0382    -0.0087    96.7487 1.0000e-12  -74.14698 -113.36915  22.652207      23.36 1.4886e+03    708.703      17010  1029.7258  1029.7234    34.3115    34.3085    8.07086         39 0.0000e+00
    458.000    452.758    -0.1056  28.636320    -0.1037  28.635907     4.7792     5.0403    -0.0144    96.7668 1.0000e-12  -74.14698 -113.36911  22.652229      22.39 1.4845e+03    710.597      17055  1029.7302  1029.7279    34.3109    34.3082    8.07116         37 0.0000e+00
    459.000    453.751    -0.1072  28.634981    -0.1052  28.634608     4.7770     5.0408    -0.0129    96.7757 1.0000e-12  -74.14698 -113.36908  22.652252      21.43 1.4804e+03    712.533      17102  1029.7346  1029.7323    34.3103    34.3075    8.07153         37 0.0000e+00
    460.000    454.732    -0.1058  28.637160    -0.1037  28.636701     4.7742     5.0414    -0.0158    96.7449 1.0000e-12  -74.14698 -113.36903  22.652275      20.50 1.4769e+03    714.557      17150  1029.7397  1029.7373    34.3110    34.3081    8.07118         36 0.0000e+00
    461.000    455.723    -0.1049  28.638661    -0.1028  28.638336     4.7723     5.0383    -0.0072    96.7740 1.0000e-12  -74.14698 -113.36898  22.652298      19.52 1.4702e+03    716.513      17197  1029.7448  1029.7424    34.3114    34.3086    8.07097         37 0.0000e+00
    462.000    456.708    -0.1043  28.639672    -0.1024  28.639088     4.7737     5.0351    -0.0054    96.7608 1.0000e-12  -74.14698 -113.36893  22.652322      18.61 1.4638e+03    718.596      17247  1029.7495  1029.7471    34.3114    34.3086    8.07083         44 0.0000e+00
    463.000    457.699    -0.1036  28.640839    -0.1017  28.640464     4.7763     5.0318    -0.0059    96.7717 1.0000e-12  -74.14698 -113.36888  22.652348      17.59 1.4542e+03    720.858      17302  1029.7543  1029.7521    34.3116    34.3090    8.07068         37 0.0000e+00
    464.000    458.682    -0.0995  28.646039    -0.0979  28.645049     4.7745     5.0320    -0.0104    96.7769 1.0000e-12  -74.14698 -113.36882  22.652375      16.69 1.4356e+03    723.183      17357  1029.7601  1029.7575    34.3134    34.3103    8.06972         33 0.0000e+00
    465.000    459.667    -0.0985  28.647614    -0.0967  28.646878     4.7692     5.0319    -0.0113    96.7658 1.0000e-12  -74.14698 -113.36877  22.652406      15.71 1.4002e+03    725.876      17422  1029.7651  1029.7625    34.3138    34.3107    8.06949         35 0.0000e+00
    466.000    460.659    -0.0969  28.649723    -0.0956  28.648563     4.7658     5.0364    -0.0123    96.7600 1.0000e-12  -74.14698 -113.36870  22.652436      14.85 1.3622e+03    728.492      17485  1029.7701  1029.7675    34.3142    34.3111    8.06914         37 0.0000e+00
    467.000    461.646    -0.0964  28.650838    -0.0942  28.650610     4.7716     5.0366    -0.0088    96.7713 1.0000e-12  -74.14698 -113.36863  22.652469      13.88 1.3453e+03    731.311      17552  1029.7750  1029.7726    34.3145    34.3117    8.06901         31 0.0000e+00
    468.000    462.635    -0.0924  28.655721    -0.0908  28.654833     4.7710     5.0322    -0.0100    96.7577 1.0000e-12  -74.14698 -113.36857  22.652502      12.98 1.3612e+03    734.204      17622  1029.7805  1029.7781    34.3159    34.3130    8.06808         33 0.0000e+00
    469.000    463.624    -0.0940  28.654344    -0.0913  28.654681     4.7720     5.0308    -0.0060    96.7732 1.0000e-12  -74.14698 -113.36851  22.652535      12.05 1.3660e+03    737.046      17690  1029.7850  1029.7827    34.3153    34.3127    8.06845         29 0.0000e+00
    470.000    464.603    -0.0894  28.659939    -0.0875  28.659500     4.7692     5.0307    -0.0057    96.7571 1.0000e-12  -74.14698 -113.36845  22.652568      11.13 1.3551e+03    739.850      17757  1029.7906  1029.7883    34.3169    34.3142    8.06739         26 0.0000e+00
    471.000    465.616    -0.0897  28.660123    -0.0878  28.659666     4.7713     5.0192    -0.0159    96.7688 1.0000e-12  -74.14698 -113.36839  22.652604      10.00 1.3461e+03    743.004      17833  1029.7953  1029.7929    34.3169    34.3141    8.06745          4 0.0000e+00
