ocean_section_plots/required_files/ctd/dnbp2202_ctd128.cnv
* Sea-Bird SBE 9 Data File:
* FileName = D:\Data\raw\NBP2202_CTD128.hex
* Software Version Seasave V 7.26.7.121
* Temperature SN = 1649
* Conductivity SN = 2513
* Number of Bytes Per Scan = 40
* Number of Voltage Words = 5
* Number of Scans Averaged by the Deck Unit = 1
* NMEA Latitude = 74 05.39 S
* NMEA Longitude = 111 47.97 W
* NMEA UTC (Time) = Jan 27 2022  22:33:27
* NMEA baud rate = 9600
** Ship: RVIB N.B. Palmer
** Cruise: NBP2202 Thwaites
** Station: 57
** Operator: A. Robinson
# nquan = 25
# nvalues = 371                         
# units = specified
# name 0 = prDM: Pressure, Digiquartz [db]
# name 1 = depSM: Depth [salt water, m]
# name 2 = t090C: Temperature [ITS-90, deg C]
# name 3 = c0mS/cm: Conductivity [mS/cm]
# name 4 = t190C: Temperature, 2 [ITS-90, deg C]
# name 5 = c1mS/cm: Conductivity, 2 [mS/cm]
# name 6 = sbeox0ML/L: Oxygen, SBE 43 [ml/l]
# name 7 = sbeox1ML/L: Oxygen, SBE 43, 2 [ml/l]
# name 8 = flECO-AFL: Fluorescence, WET Labs ECO-AFL/FL [mg/m^3]
# name 9 = CStarTr0: Beam Transmission, WET Labs C-Star [%]
# name 10 = par: PAR/Irradiance, Biospherical/Licor
# name 11 = latitude: Latitude [deg]
# name 12 = longitude: Longitude [deg]
# name 13 = timeJ: Julian Days
# name 14 = altM: Altimeter [m]
# name 15 = spar: SPAR, Biospherical/Licor
# name 16 = timeS: Time, Elapsed [seconds]
# name 17 = scan: Scan Count
# name 18 = density00: Density [density, kg/m^3]
# name 19 = density11: Density, 2 [density, kg/m^3]
# name 20 = sal00: Salinity, Practical [PSU]
# name 21 = sal11: Salinity, Practical, 2 [PSU]
# name 22 = oxsolML/L: Oxygen Saturation, Garcia & Gordon [ml/l]
# name 23 = nbin: number of scans per bin
# name 24 = flag: flag
# span 0 =      4.000,    374.000       
# span 1 =      3.959,    369.795       
# span 2 =    -1.5677,    -0.6421       
# span 3 =  27.021500,  28.108139       
# span 4 =    -1.5673,    -0.6412       
# span 5 =  27.021132,  28.106978       
# span 6 =     5.4947,     8.3427       
# span 7 =     5.5841,     8.4541       
# span 8 =    -0.0114,    22.1647       
# span 9 =    71.4531,    95.7640       
# span 10 = 1.0000e-12, 1.4745e+02      
# span 11 =  -74.08992,  -74.08992      
# span 12 = -111.79948, -111.79942      
# span 13 =  27.943322,  27.949811      
# span 14 =       4.10,     100.04      
# span 15 = 5.7552e+02, 6.3821e+02      
# span 16 =    295.986,    856.634      
# span 17 =       7105,      20560      
# span 18 =  1027.2173,  1029.3217      
# span 19 =  1027.2173,  1029.3196      
# span 20 =    33.8194,    34.2588      
# span 21 =    33.8192,    34.2563      
# span 22 =    8.18882,    8.41024      
# span 23 =         25,         48      
# span 24 = 0.0000e+00, 0.0000e+00      
# interval = decibars: 1                
# start_time = Jan 27 2022 22:33:27 [NMEA time, header]
# bad_flag = -9.990e-29
*END*
[from data line 58]
     62.000     61.349    -1.3778  27.043533    -1.3778  27.043491     7.0355     7.1716     8.6612    83.3299 1.0000e-12  -74.08992 -111.79946  27.944576      99.47 6.3367e+02    404.365       9706  1027.5206  1027.5205    33.8339    33.8338    8.37602         40 0.0000e+00
     63.000     62.340    -1.3826  27.041990    -1.3830  27.041863     6.9118     7.0567     7.9789    84.0382 1.0000e-12  -74.08992 -111.79946  27.944598      99.43 6.3136e+02    406.242       9751  1027.5275  1027.5278    33.8366    33.8368    8.37693         40 0.0000e+00
     64.000     63.329    -1.3886  27.041896    -1.3889  27.041830     6.7732     6.9313     8.3554    84.0806 1.0000e-12  -74.08992 -111.79946  27.944620      99.50 6.3185e+02    408.161       9797  1027.5373  1027.5376    33.8426    33.8429    8.37791         36 0.0000e+00
     65.000     64.316    -1.3958  27.040810    -1.3955  27.040813     6.7018     6.8570     7.1815    84.3451 1.0000e-12  -74.08992 -111.79946  27.944642      99.46 6.3147e+02    410.055       9842  1027.5472  1027.5470    33.8486    33.8483    8.37917         39 0.0000e+00
     66.000     65.307    -1.3997  27.039802    -1.3997  27.039809     6.5943     6.7448     6.5942    84.5471 1.0000e-12  -74.08992 -111.79946  27.944663      99.49 6.3010e+02    411.867       9886  1027.5540  1027.5541    33.8510    33.8511    8.37991         42 0.0000e+00
     67.000     66.297    -1.4118  27.036889    -1.4115  27.037453     6.4729     6.6390     6.4696    85.4478 1.0000e-12  -74.08992 -111.79946  27.944685      99.55 6.3076e+02    413.763       9931  1027.5667  1027.5671    33.8602    33.8606    8.38209         40 0.0000e+00
     68.000     67.286    -1.4145  27.038181    -1.4149  27.038220     6.4390     6.5880     5.7659    85.5957 1.0000e-12  -74.08992 -111.79946  27.944706      99.58 6.3089e+02    415.584       9975  1027.5749  1027.5753    33.8644    33.8648    8.38246         39 0.0000e+00
     69.000     68.274    -1.4167  27.039104    -1.4166  27.038895     6.4296     6.5698     4.9200    87.1054 1.0000e-12  -74.08992 -111.79945  27.944728      99.57 6.2882e+02    417.467      10020  1027.5822  1027.5819    33.8675    33.8671    8.38276         40 0.0000e+00
     70.000     69.264    -1.4172  27.039869    -1.4171  27.039882     6.4289     6.5588     4.6080    86.2994 1.0000e-12  -74.08992 -111.79944  27.944750      99.61 6.3003e+02    419.421      10067  1027.5877  1027.5876    33.8685    33.8684    8.38281         34 0.0000e+00
     71.000     70.254    -1.4176  27.040243    -1.4179  27.040122     6.4108     6.5313     4.8138    87.4176 1.0000e-12  -74.08992 -111.79944  27.944772      99.58 6.2988e+02    421.285      10112  1027.5927  1027.5928    33.8689    33.8690    8.38288         43 0.0000e+00
     72.000     71.243    -1.4200  27.040407    -1.4203  27.040102     6.3696     6.4892     4.3576    88.0290 1.0000e-12  -74.08992 -111.79944  27.944794      99.63 6.2837e+02    423.234      10159  1027.5994  1027.5993    33.8711    33.8711    8.38328         39 0.0000e+00
     73.000     72.232    -1.4230  27.040018    -1.4238  27.039769     6.2931     6.4117     4.5165    87.4988 1.0000e-12  -74.08992 -111.79944  27.944816      99.68 6.2866e+02    425.087      10203  1027.6062  1027.6066    33.8735    33.8739    8.38383         43 0.0000e+00
     74.000     73.221    -1.4316  27.038535    -1.4334  27.037999     6.2569     6.3799     3.7905    88.6370 1.0000e-12  -74.08992 -111.79944  27.944838      95.64 6.2885e+02    427.007      10249  1027.6171  1027.6183    33.8805    33.8818    8.38534         42 0.0000e+00
     75.000     74.211    -1.4313  27.038948    -1.4311  27.038962     6.1819     6.3112     3.7952    89.1338 1.0000e-12  -74.08992 -111.79944  27.944859      98.64 6.2768e+02    428.822      10293  1027.6215  1027.6212    33.8801    33.8798    8.38530         43 0.0000e+00
     76.000     75.198    -1.4453  27.036719    -1.4453  27.036560     6.1396     6.2632     3.6659    88.8565 1.0000e-12  -74.08992 -111.79944  27.944880      99.79 6.2691e+02    430.669      10337  1027.6370  1027.6368    33.8923    33.8922    8.38772         36 0.0000e+00
     77.000     76.190    -1.4468  27.037610    -1.4469  27.037481     6.1411     6.2610     2.5353    88.6961 1.0000e-12  -74.08992 -111.79944  27.944902      99.75 6.2718e+02    432.520      10381  1027.6435  1027.6434    33.8946    33.8945    8.38792         38 0.0000e+00
     78.000     77.179    -1.4466  27.039130    -1.4464  27.039081     6.1536     6.2666     2.1788    90.2634 1.0000e-12  -74.08992 -111.79944  27.944922      99.77 6.2683e+02    434.300      10424  1027.6492  1027.6490    33.8958    33.8956    8.38780         42 0.0000e+00
     79.000     78.168    -1.4463  27.039655    -1.4462  27.039599     6.1615     6.2743     2.3707    90.3820 1.0000e-12  -74.08992 -111.79944  27.944942      99.79 6.2592e+02    435.952      10464  1027.6537  1027.6535    33.8956    33.8954    8.38774         33 0.0000e+00
     80.000     79.158    -1.4463  27.040501    -1.4463  27.040358     6.1625     6.2705     2.0657    91.3765 1.0000e-12  -74.08992 -111.79945  27.944961      99.77 6.2651e+02    437.593      10503  1027.6589  1027.6587    33.8962    33.8959    8.38772         38 0.0000e+00
     81.000     80.146    -1.4465  27.040820    -1.4464  27.040680     6.1687     6.2711     1.4650    91.7925 1.0000e-12  -74.08992 -111.79946  27.944980      99.73 6.2526e+02    439.241      10543  1027.6637  1027.6634    33.8962    33.8959    8.38776         38 0.0000e+00
     82.000     81.135    -1.4458  27.041777    -1.4455  27.041612     6.1428     6.2459     1.8624    91.5839 1.0000e-12  -74.08992 -111.79946  27.944998      97.06 6.2475e+02    440.826      10581  1027.6683  1027.6679    33.8961    33.8955    8.38760         38 0.0000e+00
     83.000     82.125    -1.4481  27.042860    -1.4480  27.042716     6.1018     6.2190     2.0199    92.0623 1.0000e-12  -74.08992 -111.79946  27.945016      99.78 6.2550e+02    442.356      10618  1027.6761  1027.6759    33.8996    33.8993    8.38792         34 0.0000e+00
     84.000     83.114    -1.4499  27.044663    -1.4496  27.044633     6.0828     6.2017     1.6057    92.4638 1.0000e-12  -74.08992 -111.79946  27.945033      99.81 6.2477e+02    443.879      10654  1027.6841  1027.6839    33.9034    33.9031    8.38809         35 0.0000e+00
     85.000     84.103    -1.4490  27.047546    -1.4489  27.047417     6.0794     6.1936     1.2900    92.7199 1.0000e-12  -74.08992 -111.79946  27.945051      99.81 6.2377e+02    445.420      10691  1027.6908  1027.6904    33.9058    33.9054    8.38775         35 0.0000e+00
     86.000     85.093    -1.4474  27.050928    -1.4474  27.050498     6.0747     6.1802     1.1752    91.7735 1.0000e-12  -74.08992 -111.79946  27.945069      99.81 6.2438e+02    446.939      10728  1027.6973  1027.6968    33.9080    33.9075    8.38726         37 0.0000e+00
     87.000     86.081    -1.4446  27.055185    -1.4444  27.054974     6.0653     6.1692     1.1838    92.6486 1.0000e-12  -74.08992 -111.79946  27.945087      99.81 6.2387e+02    448.533      10766  1027.7035  1027.7030    33.9101    33.9095    8.38650         38 0.0000e+00
     88.000     87.070    -1.4440  27.058365    -1.4439  27.058143     6.0584     6.1666     1.3079    92.8892 1.0000e-12  -74.08992 -111.79946  27.945105      99.80 6.2285e+02    450.048      10802  1027.7108  1027.7104    33.9132    33.9127    8.38618         34 0.0000e+00
     89.000     88.061    -1.4414  27.063820    -1.4410  27.063685     6.0474     6.1579     0.7933    92.8268 1.0000e-12  -74.08992 -111.79946  27.945121      99.81 6.2359e+02    451.431      10835  1027.7187  1027.7182    33.9172    33.9165    8.38537         34 0.0000e+00
     90.000     89.048    -1.4380  27.068790    -1.4378  27.068472     6.0449     6.1514     1.0180    93.4762 1.0000e-12  -74.08992 -111.79946  27.945138      98.87 6.2324e+02    452.889      10870  1027.7252  1027.7246    33.9195    33.9188    8.38446         34 0.0000e+00
     91.000     90.039    -1.4355  27.072378    -1.4353  27.072087     6.0303     6.1407     0.9816    93.8676 1.0000e-12  -74.08992 -111.79946  27.945155      95.82 6.2049e+02    454.350      10905  1027.7311  1027.7305    33.9209    33.9203    8.38380         34 0.0000e+00
     92.000     91.027    -1.4355  27.073427    -1.4351  27.073129     6.0120     6.1166     0.7034    93.6289 1.0000e-12  -74.08992 -111.79946  27.945171      99.78 6.2223e+02    455.738      10939  1027.7366  1027.7359    33.9218    33.9209    8.38375         33 0.0000e+00
     93.000     92.018    -1.4337  27.075935    -1.4333  27.075725     5.9926     6.1060     1.0929    93.7582 1.0000e-12  -74.08992 -111.79946  27.945187      99.82 6.2194e+02    457.147      10973  1027.7419  1027.7414    33.9225    33.9218    8.38330         34 0.0000e+00
     94.000     93.006    -1.4335  27.077218    -1.4332  27.076979     5.9928     6.1000     0.6675    93.8737 1.0000e-12  -74.08992 -111.79946  27.945203      99.83 6.1991e+02    458.560      11006  1027.7475  1027.7470    33.9235    33.9228    8.38321         34 0.0000e+00
     95.000     93.995    -1.4338  27.077434    -1.4336  27.077259     5.9952     6.1014     0.6179    93.8397 1.0000e-12  -74.08992 -111.79946  27.945220      99.82 6.2057e+02    460.002      11041  1027.7524  1027.7520    33.9235    33.9230    8.38327         36 0.0000e+00
     96.000     94.985    -1.4361  27.076755    -1.4359  27.076607     5.9857     6.0933     0.4901    94.1632 1.0000e-12  -74.08992 -111.79946  27.945237      99.82 6.2043e+02    461.466      11076  1027.7582  1027.7579    33.9245    33.9242    8.38373         34 0.0000e+00
     97.000     95.974    -1.4343  27.080571    -1.4340  27.080438     5.9732     6.0843     0.5370    94.0934 1.0000e-12  -74.08992 -111.79946  27.945253      99.82 6.1916e+02    462.860      11110  1027.7650  1027.7646    33.9271    33.9266    8.38317         33 0.0000e+00
     98.000     96.963    -1.4313  27.085533    -1.4311  27.085272     5.9740     6.0774     0.5883    94.1272 1.0000e-12  -74.08992 -111.79946  27.945270      99.82 6.1882e+02    464.301      11144  1027.7720  1027.7715    33.9300    33.9293    8.38233         36 0.0000e+00
     99.000     97.952    -1.4334  27.084637    -1.4335  27.084284     5.9824     6.0820     0.8565    94.3630 1.0000e-12  -74.08992 -111.79946  27.945287      99.83 6.1924e+02    465.798      11180  1027.7773  1027.7770    33.9305    33.9301    8.38277         34 0.0000e+00
    100.000     98.942    -1.4394  27.081325    -1.4391  27.081165     5.9880     6.0909     0.5684    94.5037 1.0000e-12  -74.08992 -111.79946  27.945303      96.54 6.1850e+02    467.214      11214  1027.7838  1027.7834    33.9320    33.9315    8.38402         34 0.0000e+00
    101.000     99.930    -1.4384  27.083396    -1.4378  27.083190     5.9861     6.0973     0.3046    94.6028 1.0000e-12  -74.08992 -111.79946  27.945320      99.83 6.1784e+02    468.608      11248  1027.7894  1027.7886    33.9331    33.9322    8.38373         34 0.0000e+00
    102.000    100.920    -1.4330  27.088990    -1.4330  27.088461     5.9812     6.0850     0.3777    94.6485 1.0000e-12  -74.08992 -111.79946  27.945336      99.83 6.1817e+02    470.044      11282  1027.7946  1027.7941    33.9341    33.9334    8.38246         35 0.0000e+00
    103.000    101.909    -1.4307  27.092518    -1.4303  27.092445     6.0222     6.1146     0.3748    94.6043 1.0000e-12  -74.08992 -111.79945  27.945353      99.82 6.1765e+02    471.464      11316  1027.8007  1027.8002    33.9357    33.9351    8.38184         33 0.0000e+00
    104.000    102.898    -1.4464  27.080476    -1.4484  27.079342     6.0663     6.1579     0.2912    94.6860 1.0000e-12  -74.08992 -111.79945  27.945368      99.82 6.1676e+02    472.834      11349  1027.8070  1027.8076    33.9364    33.9370    8.38535         31 0.0000e+00
    105.000    103.888    -1.4753  27.057734    -1.4748  27.057757     6.0798     6.1776     0.4136    94.7902 1.0000e-12  -74.08992 -111.79945  27.945384      99.83 6.1726e+02    474.217      11382  1027.8141  1027.8136    33.9372    33.9367    8.39181         34 0.0000e+00
    106.000    104.875    -1.4777  27.056078    -1.4776  27.055856     6.0950     6.1951     0.3004    94.8896 1.0000e-12  -74.08992 -111.79945  27.945401      99.82 6.1661e+02    475.664      11417  1027.8187  1027.8184    33.9370    33.9366    8.39236         35 0.0000e+00
    107.000    105.867    -1.4850  27.051250    -1.4856  27.050565     6.1103     6.2130     0.3222    94.9798 1.0000e-12  -74.08992 -111.79945  27.945418      99.82 6.1654e+02    477.118      11452  1027.8247  1027.8244    33.9381    33.9377    8.39395         34 0.0000e+00
    108.000    106.854    -1.4929  27.046120    -1.4929  27.045847     6.1219     6.2226     0.4011    94.9493 1.0000e-12  -74.08992 -111.79944  27.945434      99.82 6.1685e+02    478.506      11485  1027.8308  1027.8304    33.9393    33.9389    8.39565         33 0.0000e+00
    109.000    107.843    -1.4956  27.045152    -1.4955  27.044860     6.1304     6.2279     0.2726    94.8997 1.0000e-12  -74.08992 -111.79944  27.945450      93.26 6.1615e+02    479.853      11517  1027.8365  1027.8361    33.9405    33.9399    8.39620         31 0.0000e+00
    110.000    108.834    -1.4973  27.044956    -1.4970  27.044681     6.1392     6.2404     0.2723    94.9321 1.0000e-12  -74.08992 -111.79946  27.945465      99.91 6.1507e+02    481.164      11549  1027.8421  1027.8415    33.9414    33.9408    8.39651         32 0.0000e+00
    111.000    109.822    -1.4983  27.045288    -1.4980  27.045057     6.1535     6.2540     0.3512    94.9940 1.0000e-12  -74.08992 -111.79946  27.945480      99.82 6.1564e+02    482.486      11581  1027.8476  1027.8470    33.9425    33.9417    8.39669         32 0.0000e+00
    112.000    110.812    -1.4985  27.047285    -1.4982  27.047040     6.1590     6.2578     0.2908    95.0457 1.0000e-12  -74.08992 -111.79946  27.945495      99.83 6.1512e+02    483.757      11611  1027.8542  1027.8537    33.9447    33.9441    8.39658         29 0.0000e+00
    113.000    111.800    -1.4983  27.049283    -1.4981  27.049036     6.1692     6.2643     0.3088    94.8570 1.0000e-12  -74.08992 -111.79946  27.945509      99.82 6.1440e+02    484.959      11640  1027.8605  1027.8600    33.9468    33.9461    8.39644         29 0.0000e+00
    114.000    112.790    -1.4983  27.050730    -1.4981  27.050450     6.1727     6.2724     0.2851    94.9400 1.0000e-12  -74.08992 -111.79946  27.945522      99.83 6.1499e+02    486.124      11668  1027.8663  1027.8658    33.9481    33.9474    8.39635         27 0.0000e+00
    115.000    113.778    -1.4977  27.052950    -1.4974  27.052606     6.1775     6.2785     0.2536    94.9513 1.0000e-12  -74.08992 -111.79946  27.945536      99.83 6.1519e+02    487.290      11696  1027.8725  1027.8718    33.9499    33.9490    8.39611         29 0.0000e+00
    116.000    114.768    -1.4977  27.055572    -1.4976  27.055224     6.1797     6.2856     0.2922    95.0400 1.0000e-12  -74.08992 -111.79946  27.945549      99.83 6.1274e+02    488.472      11724  1027.8797  1027.8792    33.9528    33.9522    8.39593         28 0.0000e+00
    117.000    115.757    -1.4980  27.056279    -1.4977  27.055909     6.1868     6.2926     0.2447    95.0922 1.0000e-12  -74.08992 -111.79946  27.945563      99.83 6.1355e+02    489.648      11753  1027.8850  1027.8843    33.9535    33.9527    8.39595         28 0.0000e+00
    118.000    116.747    -1.4977  27.057663    -1.4975  27.057225     6.2004     6.2959     0.2128    95.1770 1.0000e-12  -74.08992 -111.79946  27.945576      99.83 6.1316e+02    490.785      11780  1027.8905  1027.8898    33.9545    33.9536    8.39583         27 0.0000e+00
