ocean_section_plots/required_files/ctd/dnbp2202_ctd167.cnv
* Sea-Bird SBE 9 Data File:
* FileName = D:\Data\raw\NBP2202_CTD167.hex
* Software Version Seasave V 7.26.7.121
* Temperature SN = 1649
* Conductivity SN = 2513
* Number of Bytes Per Scan = 40
* Number of Voltage Words = 5
* Number of Scans Averaged by the Deck Unit = 1
* NMEA Latitude = 74 23.57 S
* NMEA Longitude = 110 05.15 W
* NMEA UTC (Time) = Feb 03 2022  05:20:45
* NMEA baud rate = 9600
** Ship: RVIB N.B. Palmer
** Cruise: NBP2202 Thwaites
** Station: 89
** Operator: B Bjork
# nquan = 28
# nvalues = 1288                        
# units = specified
# name 0 = prDM: Pressure, Digiquartz [db]
# name 1 = depSM: Depth [salt water, m]
# name 2 = t090C: Temperature [ITS-90, deg C]
# name 3 = c0mS/cm: Conductivity [mS/cm]
# name 4 = t190C: Temperature, 2 [ITS-90, deg C]
# name 5 = c1mS/cm: Conductivity, 2 [mS/cm]
# name 6 = sbeox0ML/L: Oxygen, SBE 43 [ml/l]
# name 7 = sbeox1ML/L: Oxygen, SBE 43, 2 [ml/l]
# name 8 = flECO-AFL: Fluorescence, WET Labs ECO-AFL/FL [mg/m^3]
# name 9 = CStarTr0: Beam Transmission, WET Labs C-Star [%]
# name 10 = par: PAR/Irradiance, Biospherical/Licor
# name 11 = latitude: Latitude [deg]
# name 12 = longitude: Longitude [deg]
# name 13 = timeJ: Julian Days
# name 14 = altM: Altimeter [m]
# name 15 = spar: SPAR, Biospherical/Licor
# name 16 = timeS: Time, Elapsed [seconds]
# name 17 = scan: Scan Count
# name 18 = density00: Density [density, kg/m^3]
# name 19 = density11: Density, 2 [density, kg/m^3]
# name 20 = v3: Voltage 3
# name 21 = v4: Voltage 4
# name 22 = v5: Voltage 5
# name 23 = sal00: Salinity, Practical [PSU]
# name 24 = sal11: Salinity, Practical, 2 [PSU]
# name 25 = oxsolML/L: Oxygen Saturation, Garcia & Gordon [ml/l]
# name 26 = nbin: number of scans per bin
# name 27 = flag: flag
# span 0 =      2.000,   1289.000       
# span 1 =      1.971,   1271.710       
# span 2 =    -1.5801,     1.1145       
# span 3 =  26.795171,  30.343020       
# span 4 =    -1.5793,     1.1169       
# span 5 =  26.795209,  30.343086       
# span 6 =     4.3059,     5.7116       
# span 7 =     4.3690,     5.8021       
# span 8 =    -0.0279,     0.1112       
# span 9 =    98.5442,    99.6032       
# span 10 = 1.0000e-12, 8.0423e+01      
# span 11 =  -74.39296,  -74.39294      
# span 12 = -110.08596, -110.08592      
# span 13 =  34.223602,  34.240487      
# span 14 =      -2.87,     100.85      
# span 15 = 3.4809e+02, 4.6132e+02      
# span 16 =     74.179,   1533.051      
# span 17 =       1781,      36794      
# span 18 =  1027.1735,  1033.8171      
# span 19 =  1027.1734,  1033.8151      
# span 20 =     4.6748,     4.7250      
# span 21 =     0.0642,     0.0875      
# span 22 =     0.1101,     0.1418      
# span 23 =    33.7522,    34.7032      
# span 24 =    33.7535,    34.7009      
# span 25 =    7.79918,    8.42624      
# span 26 =         11,         49      
# span 27 = 0.0000e+00, 0.0000e+00      
# interval = decibars: 1                
# start_time = Feb 03 2022 05:20:45 [NMEA time, header]
# bad_flag = -9.990e-29
*END*
[from data line 725]
    727.000    718.209     1.0605  30.042943     1.0630  30.042905     4.3576     4.4458    -0.0095    99.4924 1.0000e-12  -74.39296 -110.08594  34.233170      99.90 3.9642e+02    900.902      21623  1031.2080  1031.2056     4.7197     0.0697     0.1147    34.6899    34.6871    7.81068         24 0.0000e+00
    728.000    719.195     1.0608  30.043954     1.0633  30.043819     4.3567     4.4447    -0.0077    99.5051 1.0000e-12  -74.39296 -110.08594  34.233181      99.90 3.9686e+02    901.883      21646  1031.2129  1031.2104     4.7203     0.0689     0.1131    34.6902    34.6873    7.81059         24 0.0000e+00
    729.000    720.181     1.0614  30.044853     1.0639  30.044913     4.3585     4.4391    -0.0077    99.4873 1.0000e-12  -74.39296 -110.08594  34.233193      99.90 3.9838e+02    902.878      21670  1031.2175  1031.2152     4.7195     0.0704     0.1138    34.6902    34.6875    7.81048         24 0.0000e+00
    730.000    721.167     1.0619  30.045898     1.0643  30.045828     4.3597     4.4347    -0.0039    99.4783 1.0000e-12  -74.39296 -110.08594  34.233205      88.94 3.9787e+02    903.876      21694  1031.2223  1031.2199     4.7191     0.0688     0.1139    34.6904    34.6876    7.81037         23 0.0000e+00
    731.000    722.153     1.0624  30.047011     1.0649  30.046862     4.3586     4.4396    -0.0034    99.4880 1.0000e-12  -74.39296 -110.08594  34.233216      95.93 3.9680e+02    904.849      21717  1031.2272  1031.2246     4.7196     0.0698     0.1123    34.6908    34.6878    7.81025         24 0.0000e+00
    732.000    723.139     1.0627  30.047627     1.0651  30.047613     4.3572     4.4427    -0.0083    99.4753 1.0000e-12  -74.39296 -110.08594  34.233227      99.87 3.9862e+02    905.847      21741  1031.2317  1031.2294     4.7189     0.0717     0.1145    34.6906    34.6879    7.81020         24 0.0000e+00
    733.000    724.126     1.0629  30.048436     1.0654  30.048382     4.3602     4.4399    -0.0077    99.4742 1.0000e-12  -74.39296 -110.08594  34.233239      99.90 3.9798e+02    906.837      21765  1031.2366  1031.2341     4.7189     0.0713     0.1130    34.6909    34.6880    7.81014         24 0.0000e+00
    734.000    725.112     1.0632  30.049359     1.0657  30.049214     4.3532     4.4405    -0.0086    99.4959 1.0000e-12  -74.39296 -110.08594  34.233250      99.90 3.9742e+02    907.817      21789  1031.2415  1031.2389     4.7199     0.0696     0.1126    34.6911    34.6882    7.81006         23 0.0000e+00
    735.000    726.098     1.0637  30.050196     1.0661  30.050091     4.3564     4.4446    -0.0149    99.4882 1.0000e-12  -74.39296 -110.08594  34.233262      99.90 3.9891e+02    908.803      21812  1031.2461  1031.2436     4.7195     0.0696     0.1115    34.6911    34.6883    7.80997         24 0.0000e+00
    736.000    727.084     1.0644  30.051616     1.0669  30.051572     4.3550     4.4404    -0.0150    99.4817 1.0000e-12  -74.39296 -110.08594  34.233273      99.90 3.9687e+02    909.794      21836  1031.2510  1031.2485     4.7192     0.0697     0.1114    34.6916    34.6887    7.80980         23 0.0000e+00
    737.000    728.071     1.0646  30.052130     1.0671  30.052127     4.3521     4.4354    -0.0089    99.4892 1.0000e-12  -74.39296 -110.08594  34.233284      99.90 3.9716e+02    910.773      21860  1031.2555  1031.2532     4.7196     0.0694     0.1124    34.6914    34.6887    7.80977         24 0.0000e+00
    738.000    729.056     1.0652  30.053157     1.0676  30.053137     4.3536     4.4373    -0.0077    99.4794 1.0000e-12  -74.39296 -110.08594  34.233296      99.90 3.9903e+02    911.756      21883  1031.2602  1031.2580     4.7191     0.0694     0.1142    34.6916    34.6889    7.80965         23 0.0000e+00
    739.000    730.043     1.0658  30.054476     1.0684  30.054470     4.3515     4.4409    -0.0083    99.4576 1.0000e-12  -74.39296 -110.08594  34.233307      99.90 3.9765e+02    912.747      21907  1031.2652  1031.2627     4.7181     0.0688     0.1139    34.6920    34.6892    7.80949         24 0.0000e+00
    740.000    731.029     1.0663  30.055466     1.0688  30.055309     4.3532     4.4396    -0.0083    99.4764 1.0000e-12  -74.39296 -110.08594  34.233319      99.91 3.9702e+02    913.726      21930  1031.2700  1031.2674     4.7189     0.0692     0.1148    34.6921    34.6892    7.80939         23 0.0000e+00
    741.000    732.015     1.0670  30.056628     1.0694  30.056510     4.3564     4.4404    -0.0109    99.4240 1.0000e-12  -74.39296 -110.08594  34.233330      99.89 3.9841e+02    914.707      21954  1031.2747  1031.2722     4.7165     0.0706     0.1154    34.6923    34.6894    7.80925         25 0.0000e+00
    742.000    733.002     1.0676  30.057860     1.0700  30.057777     4.3542     4.4377    -0.0128    99.4914 1.0000e-12  -74.39296 -110.08594  34.233341      99.91 3.9651e+02    915.703      21978  1031.2796  1031.2771     4.7197     0.0684     0.1135    34.6927    34.6898    7.80911         23 0.0000e+00
    743.000    733.987     1.0679  30.058662     1.0704  30.058644     4.3592     4.4383    -0.0089    99.4736 1.0000e-12  -74.39296 -110.08594  34.233353      87.43 3.9634e+02    916.683      22001  1031.2842  1031.2819     4.7188     0.0668     0.1134    34.6927    34.6900    7.80903         23 0.0000e+00
    744.000    734.973     1.0683  30.059593     1.0708  30.059558     4.3519     4.4369    -0.0148    99.4643 1.0000e-12  -74.39296 -110.08594  34.233364      87.36 3.9838e+02    917.667      22025  1031.2890  1031.2866     4.7184     0.0693     0.1144    34.6929    34.6901    7.80894         24 0.0000e+00
    745.000    735.960     1.0685  30.060274     1.0710  30.060222     4.3535     4.4368    -0.0076    99.4775 1.0000e-12  -74.39296 -110.08594  34.233376     100.00 3.9575e+02    918.654      22049  1031.2938  1031.2913     4.7191     0.0699     0.1141    34.6931    34.6902    7.80890         24 0.0000e+00
    746.000    736.946     1.0688  30.061052     1.0713  30.061042     4.3559     4.4362    -0.0150    99.4874 1.0000e-12  -74.39296 -110.08594  34.233387      99.90 3.9527e+02    919.632      22072  1031.2985  1031.2961     4.7195     0.0697     0.1143    34.6932    34.6904    7.80884         23 0.0000e+00
    747.000    737.930     1.0691  30.061820     1.0716  30.061772     4.3543     4.4350    -0.0092    99.4913 1.0000e-12  -74.39296 -110.08594  34.233398      99.90 3.9755e+02    920.613      22096  1031.3032  1031.3007     4.7197     0.0694     0.1144    34.6933    34.6904    7.80877         24 0.0000e+00
    748.000    738.919     1.0694  30.062354     1.0718  30.062412     4.3531     4.4333    -0.0077    99.4892 1.0000e-12  -74.39296 -110.08594  34.233410      99.90 3.9643e+02    921.607      22120  1031.3077  1031.3055     4.7196     0.0687     0.1122    34.6931    34.6905    7.80873         24 0.0000e+00
    749.000    739.904     1.0694  30.062922     1.0719  30.062957     4.3518     4.4340    -0.0077    99.4862 1.0000e-12  -74.39296 -110.08594  34.233421      99.90 3.9481e+02    922.582      22143  1031.3125  1031.3102     4.7195     0.0687     0.1141    34.6932    34.6905    7.80872         23 0.0000e+00
    750.000    740.891     1.0703  30.064517     1.0728  30.064492     4.3532     4.4310    -0.0077    99.4870 1.0000e-12  -74.39296 -110.08594  34.233432      99.90 3.9708e+02    923.556      22166  1031.3175  1031.3150     4.7195     0.0684     0.1133    34.6937    34.6909    7.80852         24 0.0000e+00
    751.000    741.875     1.0706  30.065401     1.0731  30.065319     4.3528     4.4354    -0.0077    99.4682 1.0000e-12  -74.39296 -110.08594  34.233444      99.91 3.9650e+02    924.544      22190  1031.3222  1031.3198     4.7185     0.0695     0.1169    34.6939    34.6911    7.80843         23 0.0000e+00
    752.000    742.863     1.0708  30.065956     1.0733  30.066011     4.3468     4.4346    -0.0080    99.4741 1.0000e-12  -74.39296 -110.08594  34.233455      99.90 3.9563e+02    925.517      22213  1031.3269  1031.3244     4.7189     0.0696     0.1185    34.6939    34.6911    7.80840         24 0.0000e+00
    753.000    743.848     1.0711  30.066724     1.0736  30.066714     4.3540     4.4356    -0.0086    99.4694 1.0000e-12  -74.39296 -110.08594  34.233466      99.90 3.9717e+02    926.492      22237  1031.3316  1031.3291     4.7186     0.0694     0.1150    34.6940    34.6912    7.80834         23 0.0000e+00
    754.000    744.834     1.0714  30.067609     1.0738  30.067557     4.3525     4.4360    -0.0147    99.4785 1.0000e-12  -74.39296 -110.08594  34.233478      99.90 3.9650e+02    927.483      22261  1031.3364  1031.3340     4.7191     0.0687     0.1153    34.6942    34.6914    7.80827         24 0.0000e+00
    755.000    745.821     1.0716  30.068262     1.0741  30.068270     4.3514     4.4380    -0.0080    99.4727 1.0000e-12  -74.39296 -110.08594  34.233489      99.90 3.9573e+02    928.464      22284  1031.3410  1031.3387     4.7188     0.0695     0.1145    34.6942    34.6915    7.80822         23 0.0000e+00
    756.000    746.807     1.0717  30.068884     1.0742  30.068883     4.3516     4.4370    -0.0013    99.4709 1.0000e-12  -74.39296 -110.08594  34.233500      94.27 3.9672e+02    929.436      22307  1031.3457  1031.3434     4.7187     0.0681     0.1139    34.6943    34.6916    7.80819         24 0.0000e+00
    757.000    747.792     1.0719  30.069478     1.0743  30.069455     4.3488     4.4394    -0.0122    99.4841 1.0000e-12  -74.39296 -110.08594  34.233512      86.85 3.9680e+02    930.426      22331  1031.3504  1031.3481     4.7193     0.0680     0.1152    34.6943    34.6917    7.80815         23 0.0000e+00
    758.000    748.777     1.0721  30.070182     1.0745  30.070118     4.3461     4.4399    -0.0101    99.4654 1.0000e-12  -74.39296 -110.08594  34.233523      96.47 3.9539e+02    931.404      22355  1031.3552  1031.3528     4.7185     0.0707     0.1137    34.6945    34.6917    7.80811         24 0.0000e+00
    759.000    749.766     1.0722  30.070722     1.0747  30.070760     4.3494     4.4352    -0.0118    99.4660 1.0000e-12  -74.39296 -110.08594  34.233534      99.90 3.9657e+02    932.376      22378  1031.3599  1031.3575     4.7184     0.0686     0.1138    34.6945    34.6918    7.80809         23 0.0000e+00
    760.000    750.750     1.0726  30.071560     1.0750  30.071555     4.3534     4.4306    -0.0153    99.4699 1.0000e-12  -74.39296 -110.08594  34.233546      99.90 3.9584e+02    933.363      22402  1031.3645  1031.3622     4.7187     0.0702     0.1125    34.6946    34.6919    7.80801         24 0.0000e+00
    761.000    751.736     1.0727  30.072262     1.0752  30.072252     4.3523     4.4364    -0.0105    99.4524 1.0000e-12  -74.39296 -110.08594  34.233557      99.89 3.9426e+02    934.341      22425  1031.3693  1031.3669     4.7178     0.0706     0.1167    34.6947    34.6919    7.80797         23 0.0000e+00
    762.000    752.723     1.0732  30.073197     1.0755  30.073170     4.3535     4.4346    -0.0019    99.4548 1.0000e-12  -74.39296 -110.08594  34.233568      99.90 3.9599e+02    935.313      22449  1031.3740  1031.3717     4.7179     0.0692     0.1159    34.6948    34.6922    7.80787         24 0.0000e+00
    763.000    753.708     1.0740  30.074401     1.0763  30.074392     4.3531     4.4339    -0.0082    99.4612 1.0000e-12  -74.39296 -110.08594  34.233580      99.90 3.9570e+02    936.299      22472  1031.3787  1031.3765     4.7182     0.0698     0.1135    34.6949    34.6924    7.80771         24 0.0000e+00
    764.000    754.695     1.0742  30.075289     1.0766  30.075292     4.3519     4.4369    -0.0077    99.4593 1.0000e-12  -74.39296 -110.08594  34.233591      99.90 3.9573e+02    937.274      22496  1031.3836  1031.3812     4.7181     0.0683     0.1142    34.6952    34.6926    7.80764         23 0.0000e+00
    765.000    755.682     1.0743  30.075845     1.0768  30.075827     4.3505     4.4382    -0.0007    99.4571 1.0000e-12  -74.39296 -110.08594  34.233602      99.90 3.9634e+02    938.246      22519  1031.3883  1031.3859     4.7180     0.0689     0.1130    34.6953    34.6925    7.80763         23 0.0000e+00
    766.000    756.666     1.0746  30.076598     1.0770  30.076601     4.3498     4.4372    -0.0069    99.4593 1.0000e-12  -74.39296 -110.08594  34.233614      99.90 3.9619e+02    939.231      22543  1031.3930  1031.3907     4.7181     0.0707     0.1147    34.6954    34.6928    7.80756         23 0.0000e+00
    767.000    757.652     1.0749  30.077416     1.0772  30.077320     4.3531     4.4348    -0.0077    99.4624 1.0000e-12  -74.39296 -110.08594  34.233625      99.90 3.9569e+02    940.206      22566  1031.3977  1031.3954     4.7183     0.0695     0.1139    34.6956    34.6929    7.80749         24 0.0000e+00
    768.000    758.638     1.0749  30.077910     1.0774  30.077970     4.3467     4.4330    -0.0077    99.4469 1.0000e-12  -74.39296 -110.08594  34.233636      99.90 3.9542e+02    941.171      22589  1031.4024  1031.4001     4.7175     0.0690     0.1144    34.6955    34.6929    7.80748         23 0.0000e+00
    769.000    759.625     1.0750  30.078463     1.0774  30.078487     4.3485     4.4300    -0.0114    99.4355 1.0000e-12  -74.39296 -110.08594  34.233648      83.20 3.9570e+02    942.147      22613  1031.4071  1031.4048     4.7170     0.0667     0.1145    34.6956    34.6930    7.80747         24 0.0000e+00
    770.000    760.611     1.0750  30.079020     1.0774  30.078988     4.3482     4.4321    -0.0150    99.4581 1.0000e-12  -74.39296 -110.08594  34.233659      85.56 3.9512e+02    943.122      22636  1031.4119  1031.4095     4.7181     0.0694     0.1134    34.6958    34.6930    7.80746         23 0.0000e+00
    771.000    761.597     1.0752  30.079537     1.0776  30.079586     4.3461     4.4341    -0.0140    99.4604 1.0000e-12  -74.39296 -110.08594  34.233670      93.38 3.9473e+02    944.087      22659  1031.4164  1031.4142     4.7182     0.0692     0.1138    34.6957    34.6931    7.80743         23 0.0000e+00
    772.000    762.581     1.0756  30.080350     1.0779  30.080376     4.3508     4.4342    -0.0086    99.4548 1.0000e-12  -74.39296 -110.08594  34.233681      98.56 3.9563e+02    945.066      22683  1031.4211  1031.4189     4.7179     0.0693     0.1156    34.6957    34.6932    7.80735         24 0.0000e+00
    773.000    763.569     1.0757  30.081102     1.0782  30.081027     4.3491     4.4338    -0.0150    99.4481 1.0000e-12  -74.39296 -110.08594  34.233693      99.90 3.9519e+02    946.042      22706  1031.4259  1031.4235     4.7176     0.0696     0.1147    34.6960    34.6932    7.80731         23 0.0000e+00
    774.000    764.554     1.0760  30.081742     1.0784  30.081740     4.3442     4.4332    -0.0150    99.4579 1.0000e-12  -74.39296 -110.08594  34.233704      99.90 3.9367e+02    947.004      22729  1031.4305  1031.4282     4.7181     0.0695     0.1150    34.6959    34.6932    7.80725         24 0.0000e+00
    775.000    765.541     1.0761  30.082327     1.0784  30.082344     4.3450     4.4263    -0.0028    99.4538 1.0000e-12  -74.39296 -110.08594  34.233715      99.90 3.9396e+02    947.984      22753  1031.4352  1031.4330     4.7178     0.0702     0.1158    34.6959    34.6934    7.80722         23 0.0000e+00
    776.000    766.526     1.0762  30.082907     1.0786  30.082883     4.3451     4.4320    -0.0058    99.4346 1.0000e-12  -74.39296 -110.08594  34.233726      99.90 3.9327e+02    948.962      22776  1031.4399  1031.4376     4.7169     0.0696     0.1166    34.6960    34.6934    7.80720         23 0.0000e+00
    777.000    767.514     1.0763  30.083514     1.0787  30.083551     4.3479     4.4321    -0.0036    99.4437 1.0000e-12  -74.39296 -110.08594  34.233738      99.90 3.9312e+02    949.926      22799  1031.4447  1031.4424     4.7174     0.0697     0.1177    34.6962    34.6936    7.80718         23 0.0000e+00
