ocean_section_plots/required_files/ctd/dnbp2202_ctd287.cnv
* Sea-Bird SBE 9 Data File:
* FileName = D:\Data\raw\NBP2202_CTD287.hex
* Software Version Seasave V 7.26.7.121
* Temperature SN = 1649
* Conductivity SN = 2513
* Number of Bytes Per Scan = 40
* Number of Voltage Words = 5
* Number of Scans Averaged by the Deck Unit = 1
* NMEA Latitude = 74 08.15 S
* NMEA Longitude = 115 10.57 W
* NMEA UTC (Time) = Feb 22 2022  13:44:52
* NMEA baud rate = 9600
** Ship: RVIB N.B. Palmer
** Cruise: NBP2202 Thwaites
** Station: 189
** Operator: B. Bjork
# nquan = 28
# nvalues = 680                         
# units = specified
# name 0 = prDM: Pressure, Digiquartz [db]
# name 1 = depSM: Depth [salt water, m]
# name 2 = t090C: Temperature [ITS-90, deg C]
# name 3 = c0mS/cm: Conductivity [mS/cm]
# name 4 = t190C: Temperature, 2 [ITS-90, deg C]
# name 5 = c1mS/cm: Conductivity, 2 [mS/cm]
# name 6 = sbeox0ML/L: Oxygen, SBE 43 [ml/l]
# name 7 = sbeox1ML/L: Oxygen, SBE 43, 2 [ml/l]
# name 8 = flECO-AFL: Fluorescence, WET Labs ECO-AFL/FL [mg/m^3]
# name 9 = CStarTr0: Beam Transmission, WET Labs C-Star [%]
# name 10 = par: PAR/Irradiance, Biospherical/Licor
# name 11 = latitude: Latitude [deg]
# name 12 = longitude: Longitude [deg]
# name 13 = timeJ: Julian Days
# name 14 = altM: Altimeter [m]
# name 15 = spar: SPAR, Biospherical/Licor
# name 16 = timeS: Time, Elapsed [seconds]
# name 17 = scan: Scan Count
# name 18 = density00: Density [density, kg/m^3]
# name 19 = density11: Density, 2 [density, kg/m^3]
# name 20 = v3: Voltage 3
# name 21 = v4: Voltage 4
# name 22 = v5: Voltage 5
# name 23 = sal00: Salinity, Practical [PSU]
# name 24 = sal11: Salinity, Practical, 2 [PSU]
# name 25 = oxsolML/L: Oxygen Saturation, Garcia & Gordon [ml/l]
# name 26 = nbin: number of scans per bin
# name 27 = flag: flag
# span 0 =      1.000,    680.000       
# span 1 =      0.932,    671.863       
# span 2 =    -1.8426,     0.3811       
# span 3 =  26.948297,  29.306952       
# span 4 =    -1.8418,     0.3840       
# span 5 =  26.948938,  29.308131       
# span 6 =     4.6471,     8.8052       
# span 7 =     4.7537,     9.0879       
# span 8 =     0.1692,     8.1056       
# span 9 =    88.5225,    97.8501       
# span 10 = 1.0000e-12, 1.0642e+02      
# span 11 =  -74.13598,  -74.13596      
# span 12 = -115.17627, -115.17618      
# span 13 =  53.575473,  53.585255      
# span 14 =       0.29,     165.89      
# span 15 = 1.6385e+02, 1.8528e+02      
# span 16 =    228.933,   1074.068      
# span 17 =       5495,      25779      
# span 18 =  1027.1766,  1030.9063      
# span 19 =  1027.1779,  1030.9023      
# span 20 =     4.2273,     4.6419      
# span 21 =     0.0922,     1.2541      
# span 22 =     0.1092,     0.2474      
# span 23 =    33.8081,    34.5212      
# span 24 =    33.8085,    34.5187      
# span 25 =    7.95781,    8.46598      
# span 26 =          1,         44      
# span 27 = 0.0000e+00, 0.0000e+00      
# interval = decibars: 1                
# start_time = Feb 22 2022 13:44:52 [NMEA time, header]
# bad_flag = -9.990e-29
*END*
[from data line 311]
    312.000    308.538    -1.8230  26.987653    -1.8220  26.988009     6.5273     6.6955     0.5280    96.4378 1.0000e-12  -74.13598 -115.17624  53.579841      99.89 1.8236e+02    606.245      14551  1028.9565  1028.9559     4.5749     0.2165     0.1291    34.1075    34.1067    8.46058         27 0.0000e+00
    313.000    309.527    -1.8226  26.988471    -1.8215  26.988959     6.5248     6.6925     0.8753    96.4095 1.0000e-12  -74.13598 -115.17624  53.579854      99.91 1.8285e+02    607.409      14579  1028.9614  1028.9608     4.5735     0.1936     0.1300    34.1075    34.1069    8.46049         29 0.0000e+00
    314.000    310.516    -1.8223  26.989510    -1.8211  26.989808     6.5221     6.6923     0.9644    96.3256 1.0000e-12  -74.13598 -115.17624  53.579868      99.78 1.8210e+02    608.585      14607  1028.9665  1028.9657     4.5695     0.1661     0.1297    34.1079    34.1070    8.46038         27 0.0000e+00
    315.000    311.503    -1.8216  26.990521    -1.8207  26.990774     6.5261     6.6982     0.6783    96.3751 1.0000e-12  -74.13598 -115.17624  53.579881      99.90 1.8270e+02    609.725      14634  1028.9713  1028.9707     4.5719     0.1976     0.1313    34.1079    34.1072    8.46022         27 0.0000e+00
    316.000    312.491    -1.8215  26.991148    -1.8205  26.991427     6.5239     6.6954     0.5980    96.4135 1.0000e-12  -74.13598 -115.17624  53.579894      99.91 1.8258e+02    610.879      14662  1028.9762  1028.9755     4.5738     0.1623     0.1248    34.1081    34.1073    8.46020         28 0.0000e+00
    317.000    313.480    -1.8209  26.992460    -1.8199  26.992590     6.5282     6.6995     0.6736    96.1384 1.0000e-12  -74.13598 -115.17624  53.579906      99.91 1.8165e+02    611.918      14687  1028.9814  1028.9806     4.5607     0.1512     0.1262    34.1086    34.1076    8.46003         23 0.0000e+00
    318.000    314.467    -1.8142  26.999536    -1.8098  27.002359     6.5292     6.7009     0.5589    95.6782 1.0000e-12  -74.13598 -115.17624  53.579918      99.91 1.8212e+02    612.927      14711  1028.9870  1028.9858     4.5389     0.1729     0.1292    34.1102    34.1090    8.45841         26 0.0000e+00
    319.000    315.457    -1.8067  27.006329    -1.8048  27.007085     6.5239     6.6979     0.5929    96.2278 1.0000e-12  -74.13598 -115.17624  53.579931      99.90 1.8189e+02    614.066      14739  1028.9915  1028.9905     4.5649     0.1729     0.1238    34.1104    34.1092    8.45668         28 0.0000e+00
    320.000    316.444    -1.8004  27.012954    -1.8026  27.009864     6.5238     6.6943     0.8611    96.2927 1.0000e-12  -74.13598 -115.17624  53.579945      99.90 1.8221e+02    615.237      14767  1028.9971  1028.9958     4.5680     0.1620     0.1234    34.1118    34.1099    8.45516         28 0.0000e+00
    321.000    317.433    -1.7900  27.021987    -1.7914  27.020506     6.5189     6.6900     0.5852    96.2270 1.0000e-12  -74.13598 -115.17624  53.579958      99.91 1.8262e+02    616.368      14794  1029.0013  1029.0011     4.5649     0.1730     0.1244    34.1117    34.1113    8.45277         27 0.0000e+00
    322.000    318.418    -1.8123  27.004433    -1.8116  27.004805     6.5125     6.6840     0.6738    96.2352 1.0000e-12  -74.13598 -115.17624  53.579971      99.90 1.8343e+02    617.459      14820  1029.0081  1029.0078     4.5653     0.1754     0.1223    34.1123    34.1119    8.45785         24 0.0000e+00
    323.000    319.408    -1.8113  27.007377    -1.8100  27.007692     6.5142     6.6779     0.6222    95.0322 1.0000e-12  -74.13598 -115.17624  53.579982      99.89 1.8273e+02    618.411      14843  1029.0147  1029.0138     4.5083     0.2295     0.1282    34.1146    34.1135    8.45747         21 0.0000e+00
    324.000    320.397    -1.8058  27.013185    -1.8046  27.013539     6.5143     6.6721     0.6725    96.2629 1.0000e-12  -74.13598 -115.17624  53.579992      99.91 1.8319e+02    619.294      14864  1029.0201  1029.0193     4.5661     0.2089     0.1268    34.1157    34.1149    8.45615         22 0.0000e+00
    325.000    321.385    -1.7990  27.020461    -1.7982  27.020381     6.5128     6.6709     0.6624    95.6613 1.0000e-12  -74.13598 -115.17624  53.580002      99.90 1.8319e+02    620.207      14886  1029.0258  1029.0249     4.5385     0.1798     0.1331    34.1174    34.1164    8.45449         23 0.0000e+00
    326.000    322.373    -1.7897  27.029202    -1.7894  27.028734     6.5173     6.6772     0.5989    96.4882 1.0000e-12  -74.13598 -115.17624  53.580013      99.42 1.8334e+02    621.142      14908  1029.0308  1029.0299     4.5773     0.1879     0.1248    34.1183    34.1172    8.45232         22 0.0000e+00
    327.000    323.360    -1.7967  27.023635    -1.7961  27.023706     6.5136     6.6698     0.5589    96.2216 1.0000e-12  -74.13598 -115.17624  53.580024      99.91 1.8334e+02    622.083      14931  1029.0358  1029.0353     4.5647     0.1742     0.1232    34.1180    34.1173    8.45394         23 0.0000e+00
    328.000    324.349    -1.7942  27.026645    -1.7932  27.026763     6.5146     6.6724     0.5879    96.4605 1.0000e-12  -74.13598 -115.17624  53.580035      99.91 1.8334e+02    623.030      14954  1029.0410  1029.0403     4.5759     0.1692     0.1259    34.1187    34.1177    8.45332         23 0.0000e+00
    329.000    325.336    -1.7936  27.028051    -1.7925  27.028263     6.5075     6.6790     0.6529    96.5462 1.0000e-12  -74.13598 -115.17623  53.580046      99.89 1.8334e+02    623.965      14976  1029.0464  1029.0455     4.5800     0.2316     0.1242    34.1193    34.1183    8.45314         22 0.0000e+00
    330.000    326.325    -1.7935  27.029507    -1.7924  27.029684     6.4985     6.6788     0.6025    96.4903 1.0000e-12  -74.13598 -115.17623  53.580056      99.90 1.8391e+02    624.875      14998  1029.0522  1029.0513     4.5774     0.1943     0.1250    34.1206    34.1195    8.45304         22 0.0000e+00
    331.000    327.313    -1.7903  27.033417    -1.7892  27.033540     6.4992     6.6789     0.5896    96.5485 1.0000e-12  -74.13598 -115.17624  53.580067      99.91 1.8493e+02    625.788      15020  1029.0578  1029.0568     4.5801     0.2241     0.1328    34.1217    34.1206    8.45225         21 0.0000e+00
    332.000    328.302    -1.7889  27.035412    -1.7879  27.035619     6.5085     6.6811     0.6729    96.5824 1.0000e-12  -74.13598 -115.17624  53.580078      99.90 1.8433e+02    626.718      15042  1029.0629  1029.0622     4.5817     0.1868     0.1304    34.1222    34.1214    8.45189         23 0.0000e+00
    333.000    329.288    -1.7866  27.038201    -1.7854  27.038652     6.4982     6.6723     0.7968    96.5185 1.0000e-12  -74.13598 -115.17624  53.580088      99.90 1.8350e+02    627.641      15064  1029.0681  1029.0674     4.5787     0.1787     0.1220    34.1228    34.1221    8.45132         22 0.0000e+00
    334.000    330.277    -1.7823  27.042797    -1.7809  27.043255     6.4904     6.6655     0.9619    96.4152 1.0000e-12  -74.13598 -115.17624  53.580099      99.90 1.8418e+02    628.584      15087  1029.0734  1029.0725     4.5739     0.1763     0.1355    34.1237    34.1228    8.45030         23 0.0000e+00
    335.000    331.266    -1.7796  27.045746    -1.7790  27.045599     6.4976     6.6707     1.0166    96.5510 1.0000e-12  -74.13598 -115.17624  53.580111      99.91 1.8393e+02    629.566      15111  1029.0783  1029.0775     4.5803     0.1781     0.1191    34.1241    34.1231    8.44966         24 0.0000e+00
    336.000    332.253    -1.7779  27.047902    -1.7767  27.048186     6.4967     6.6738     0.6660    96.4310 1.0000e-12  -74.13598 -115.17624  53.580122      99.91 1.8376e+02    630.573      15135  1029.0834  1029.0826     4.5746     0.1631     0.1142    34.1245    34.1235    8.44924         25 0.0000e+00
    337.000    333.242    -1.7764  27.049811    -1.7753  27.049988     6.4998     6.6668     0.5382    96.5096 1.0000e-12  -74.13598 -115.17624  53.580134      99.90 1.8397e+02    631.618      15160  1029.0884  1029.0876     4.5783     0.1542     0.1166    34.1248    34.1238    8.44889         25 0.0000e+00
    338.000    334.229    -1.7748  27.052086    -1.7734  27.052548     6.5046     6.6586     0.4985    96.6475 1.0000e-12  -74.13598 -115.17624  53.580147      99.90 1.8446e+02    632.726      15186  1029.0937  1029.0929     4.5848     0.1582     0.1152    34.1255    34.1246    8.44848         27 0.0000e+00
    339.000    335.217    -1.7681  27.059263    -1.7666  27.059634     6.4999     6.6602     0.4486    96.6961 1.0000e-12  -74.13598 -115.17624  53.580160      99.71 1.8314e+02    633.863      15214  1029.0995  1029.0984     4.5871     0.1640     0.1195    34.1272    34.1259    8.44685         25 0.0000e+00
    340.000    336.206    -1.7628  27.064567    -1.7616  27.064815     6.5050     6.6593     0.4300    96.6958 1.0000e-12  -74.13598 -115.17624  53.580173      99.12 1.8466e+02    634.970      15240  1029.1045  1029.1037     4.5871     0.2265     0.1202    34.1278    34.1268    8.44560         27 0.0000e+00
    341.000    337.193    -1.7622  27.065586    -1.7610  27.065887     6.5038     6.6604     0.6096    96.9370 1.0000e-12  -74.13598 -115.17622  53.580187      99.91 1.8409e+02    636.114      15268  1029.1095  1029.1087     4.5986     0.1637     0.1170    34.1280    34.1270    8.44546         28 0.0000e+00
    342.000    338.182    -1.7627  27.065814    -1.7614  27.066216     6.5008     6.6515     0.6777    96.7101 1.0000e-12  -74.13598 -115.17624  53.580200      99.90 1.8354e+02    637.250      15295  1029.1145  1029.1138     4.5878     0.1417     0.1153    34.1282    34.1273    8.44555         27 0.0000e+00
    343.000    339.169    -1.7643  27.065049    -1.7632  27.065353     6.5024     6.6633     0.7347    96.8850 1.0000e-12  -74.13598 -115.17622  53.580212      99.91 1.8428e+02    638.343      15321  1029.1196  1029.1190     4.5961     0.1466     0.1303    34.1283    34.1275    8.44590         26 0.0000e+00
    344.000    340.157    -1.7681  27.062700    -1.7671  27.063039     6.5042     6.6665     0.5701    97.0189 1.0000e-12  -74.13598 -115.17624  53.580225      99.90 1.8432e+02    639.457      15348  1029.1251  1029.1246     4.6024     0.2180     0.1174    34.1288    34.1282    8.44674         27 0.0000e+00
    345.000    341.146    -1.7735  27.059392    -1.7722  27.059773     6.5060     6.6683     0.6321    97.0057 1.0000e-12  -74.13598 -115.17623  53.580238      99.89 1.8393e+02    640.584      15375  1029.1310  1029.1302     4.6019     0.2215     0.1147    34.1298    34.1288    8.44792         27 0.0000e+00
    346.000    342.133    -1.7746  27.059293    -1.7735  27.059531     6.5130     6.6704     0.5281    97.0710 1.0000e-12  -74.13598 -115.17623  53.580251      99.91 1.8442e+02    641.671      15401  1029.1363  1029.1355     4.6049     0.1608     0.1167    34.1303    34.1293    8.44814         26 0.0000e+00
    347.000    343.122    -1.7747  27.059969    -1.7735  27.060242     6.5101     6.6729     0.4626    97.0039 1.0000e-12  -74.13598 -115.17623  53.580264      99.90 1.8355e+02    642.776      15428  1029.1414  1029.1406     4.6017     0.1700     0.1144    34.1307    34.1297    8.44814         27 0.0000e+00
    348.000    344.109    -1.7758  27.059734    -1.7747  27.059995     6.5141     6.6783     0.5585    96.8677 1.0000e-12  -74.13598 -115.17624  53.580277      99.91 1.8409e+02    643.907      15455  1029.1466  1029.1458     4.5953     0.2190     0.1288    34.1310    34.1301    8.44837         26 0.0000e+00
    349.000    345.097    -1.7754  27.060941    -1.7742  27.061299     6.5188     6.6793     0.5773    96.8608 1.0000e-12  -74.13598 -115.17624  53.580289      99.91 1.8164e+02    645.002      15481  1029.1518  1029.1511     4.5950     0.1401     0.1118    34.1316    34.1308    8.44824         27 0.0000e+00
    350.000    346.085    -1.7759  27.061395    -1.7747  27.061696     6.5175     6.6790     0.7251    97.0258 1.0000e-12  -74.13598 -115.17624  53.580302      99.90 1.8074e+02    646.113      15508  1029.1571  1029.1563     4.6027     0.2346     0.1246    34.1323    34.1312    8.44833         27 0.0000e+00
    351.000    347.073    -1.7748  27.063159    -1.7735  27.063502     6.5177     6.6766     0.6822    97.0862 1.0000e-12  -74.13598 -115.17624  53.580316      89.21 1.8355e+02    647.279      15536  1029.1622  1029.1614     4.6056     0.1493     0.1208    34.1327    34.1317    8.44803         28 0.0000e+00
    352.000    348.061    -1.7748  27.063744    -1.7736  27.064137     6.5119     6.6757     0.7399    97.1660 1.0000e-12  -74.13598 -115.17624  53.580329      99.92 1.8380e+02    648.418      15563  1029.1672  1029.1664     4.6094     0.1814     0.1199    34.1330    34.1321    8.44803         27 0.0000e+00
    353.000    349.049    -1.7735  27.065514    -1.7725  27.065687     6.5074     6.6778     0.8250    97.1288 1.0000e-12  -74.13598 -115.17624  53.580342      99.90 1.8261e+02    649.543      15590  1029.1721  1029.1714     4.6076     0.1696     0.1139    34.1333    34.1324    8.44771         28 0.0000e+00
    354.000    350.037    -1.7754  27.064942    -1.7743  27.065172     6.5114     6.6835     0.6408    97.1801 1.0000e-12  -74.13598 -115.17624  53.580356      99.90 1.8389e+02    650.720      15618  1029.1777  1029.1769     4.6101     0.1647     0.1161    34.1341    34.1332    8.44810         28 0.0000e+00
    355.000    351.024    -1.7760  27.065051    -1.7748  27.065287     6.5136     6.6821     0.5492    96.4971 1.0000e-12  -74.13598 -115.17624  53.580369      99.91 1.8289e+02    651.863      15646  1029.1827  1029.1818     4.5777     0.1769     0.1169    34.1343    34.1333    8.44822         27 0.0000e+00
    356.000    352.014    -1.7764  27.065281    -1.7751  27.065538     6.5168     6.6833     0.8120    96.6509 1.0000e-12  -74.13598 -115.17624  53.580382      99.90 1.8372e+02    652.987      15673  1029.1876  1029.1867     4.5850     0.1748     0.1211    34.1344    34.1333    8.44830         27 0.0000e+00
    357.000    353.001    -1.7773  27.064989    -1.7761  27.065260     6.5178     6.6809     0.7184    97.1587 1.0000e-12  -74.13598 -115.17624  53.580396      99.90 1.8346e+02    654.175      15701  1029.1925  1029.1916     4.6091     0.1535     0.1130    34.1344    34.1335    8.44851         29 0.0000e+00
    358.000    353.989    -1.7771  27.066148    -1.7759  27.066355     6.5178     6.6713     0.5646    96.9444 1.0000e-12  -74.13598 -115.17624  53.580409      99.91 1.8269e+02    655.324      15729  1029.1978  1029.1969     4.5989     0.1534     0.1179    34.1352    34.1341    8.44842         27 0.0000e+00
    359.000    354.977    -1.7764  27.067407    -1.7752  27.067719     6.5112     6.6724     1.0650    96.6872 1.0000e-12  -74.13598 -115.17624  53.580422      99.91 1.8294e+02    656.442      15756  1029.2028  1029.2020     4.5867     0.1873     0.1187    34.1355    34.1345    8.44824         27 0.0000e+00
    360.000    355.964    -1.7761  27.068226    -1.7750  27.068475     6.5135     6.6789     0.8975    96.5677 1.0000e-12  -74.13598 -115.17624  53.580435      99.90 1.8371e+02    657.599      15783  1029.2077  1029.2069     4.5810     0.2231     0.1202    34.1357    34.1347    8.44816         28 0.0000e+00
    361.000    356.954    -1.7757  27.069374    -1.7746  27.069595     6.5111     6.6775     0.7018    97.1127 1.0000e-12  -74.13598 -115.17624  53.580448      99.90 1.8334e+02    658.740      15811  1029.2129  1029.2121     4.6068     0.1616     0.1151    34.1362    34.1352    8.44804         27 0.0000e+00
    362.000    357.941    -1.7751  27.070534    -1.7739  27.070824     6.5146     6.6793     1.1343    97.0345 1.0000e-12  -74.13598 -115.17624  53.580461      98.63 1.8360e+02    659.860      15838  1029.2179  1029.2170     4.6033     0.2053     0.1132    34.1365    34.1355    8.44789         27 0.0000e+00
