ocean_section_plots/required_files/ctd/dnbp2202_ctd192.cnv
* Sea-Bird SBE 9 Data File:
* FileName = D:\Data\raw\NBP2202_CTD192.hex
* Software Version Seasave V 7.26.7.121
* Temperature SN = 1649
* Conductivity SN = 2513
* Number of Bytes Per Scan = 40
* Number of Voltage Words = 5
* Number of Scans Averaged by the Deck Unit = 1
* NMEA Latitude = 74 10.65 S
* NMEA Longitude = 113 14.44 W
* NMEA UTC (Time) = Feb 07 2022  11:24:19
* NMEA baud rate = 9600
** Ship: RVIB N.B. Palmer
** Cruise: NBP2202 Thwaites
** Station: 113
** Operator: B Bjork
# nquan = 28
# nvalues = 861                         
# units = specified
# name 0 = prDM: Pressure, Digiquartz [db]
# name 1 = depSM: Depth [salt water, m]
# name 2 = t090C: Temperature [ITS-90, deg C]
# name 3 = c0mS/cm: Conductivity [mS/cm]
# name 4 = t190C: Temperature, 2 [ITS-90, deg C]
# name 5 = c1mS/cm: Conductivity, 2 [mS/cm]
# name 6 = sbeox0ML/L: Oxygen, SBE 43 [ml/l]
# name 7 = sbeox1ML/L: Oxygen, SBE 43, 2 [ml/l]
# name 8 = flECO-AFL: Fluorescence, WET Labs ECO-AFL/FL [mg/m^3]
# name 9 = CStarTr0: Beam Transmission, WET Labs C-Star [%]
# name 10 = par: PAR/Irradiance, Biospherical/Licor
# name 11 = latitude: Latitude [deg]
# name 12 = longitude: Longitude [deg]
# name 13 = timeJ: Julian Days
# name 14 = altM: Altimeter [m]
# name 15 = spar: SPAR, Biospherical/Licor
# name 16 = timeS: Time, Elapsed [seconds]
# name 17 = scan: Scan Count
# name 18 = density00: Density [density, kg/m^3]
# name 19 = density11: Density, 2 [density, kg/m^3]
# name 20 = v3: Voltage 3
# name 21 = v4: Voltage 4
# name 22 = v5: Voltage 5
# name 23 = sal00: Salinity, Practical [PSU]
# name 24 = sal11: Salinity, Practical, 2 [PSU]
# name 25 = oxsolML/L: Oxygen Saturation, Garcia & Gordon [ml/l]
# name 26 = nbin: number of scans per bin
# name 27 = flag: flag
# span 0 =      2.000,    862.000       
# span 1 =      1.979,    851.296       
# span 2 =    -1.6202,     0.3128       
# span 3 =  26.837452,  29.285484       
# span 4 =    -1.6212,     0.3147       
# span 5 =  26.840536,  29.285243       
# span 6 =     4.6286,     8.7398       
# span 7 =     4.7209,     8.9867       
# span 8 =    -0.0213,    24.3159       
# span 9 =    75.2356,    98.4954       
# span 10 = 1.0000e-12, 1.1045e+01      
# span 11 =  -74.17756,  -74.17756      
# span 12 = -113.24076, -113.24068      
# span 13 =  38.477284,  38.487999      
# span 14 =     -31.95,     101.10      
# span 15 = 3.3437e+01, 5.8633e+01      
# span 16 =    178.293,   1104.148      
# span 17 =       4280,      26501      
# span 18 =  1027.1704,  1031.7213      
# span 19 =  1027.1711,  1031.7197      
# span 20 =     3.5695,     4.6725      
# span 21 =     0.0636,     3.4300      
# span 22 =     0.1152,     0.2559      
# span 23 =    33.7759,    34.4657      
# span 24 =    33.7750,    34.4632      
# span 25 =    7.97501,    8.43285      
# span 26 =          3,         48      
# span 27 = 0.0000e+00, 0.0000e+00      
# interval = decibars: 1                
# start_time = Feb 07 2022 11:24:19 [NMEA time, header]
# bad_flag = -9.990e-29
*END*
[from data line 829]
    831.000    820.755     0.2968  29.255706     0.2990  29.255790     4.6376     4.7298    -0.0077    98.3283 1.0000e-12  -74.17756 -113.24072  38.487272      39.75 5.6410e+01   1041.277      24992  1031.5736  1031.5715     4.6645     0.0652     0.1303    34.4599    34.4576    7.97863         32 0.0000e+00
    832.000    821.741     0.2968  29.256182     0.2990  29.256312     4.6390     4.7261    -0.0111    98.3295 1.0000e-12  -74.17756 -113.24071  38.487287      38.62 5.7515e+01   1042.610      25024  1031.5783  1031.5763     4.6645     0.0648     0.1309    34.4599    34.4576    7.97863         30 0.0000e+00
    833.000    822.727     0.2970  29.256731     0.2991  29.256727     4.6403     4.7338    -0.0066    98.3156 1.0000e-12  -74.17756 -113.24071  38.487302      37.52 5.6916e+01   1043.921      25055  1031.5829  1031.5809     4.6639     0.0656     0.1299    34.4599    34.4576    7.97859         32 0.0000e+00
    834.000    823.713     0.2971  29.257437     0.2995  29.257527     4.6414     4.7289    -0.0062    98.3158 1.0000e-12  -74.17756 -113.24071  38.487318      36.56 5.6466e+01   1045.306      25088  1031.5878  1031.5856     4.6639     0.0657     0.1284    34.4601    34.4576    7.97855         34 0.0000e+00
    835.000    824.699     0.2975  29.258190     0.2999  29.258431     4.6402     4.7285    -0.0035    98.3195 1.0000e-12  -74.17756 -113.24071  38.487335      35.38 5.7374e+01   1046.775      25124  1031.5925  1031.5904     4.6641     0.0640     0.1285    34.4601    34.4578    7.97848         34 0.0000e+00
    836.000    825.684     0.2982  29.259410     0.3005  29.259548     4.6395     4.7291    -0.0079    98.3316 1.0000e-12  -74.17756 -113.24071  38.487352      34.54 5.6934e+01   1048.218      25158  1031.5972  1031.5952     4.6647     0.0648     0.1286    34.4603    34.4580    7.97831         34 0.0000e+00
    837.000    826.669     0.2989  29.260819     0.3011  29.260772     4.6396     4.7249    -0.0025    98.3131 1.0000e-12  -74.17756 -113.24071  38.487369      33.38 5.6515e+01   1049.660      25193  1031.6022  1031.6000     4.6638     0.0654     0.1286    34.4608    34.4583    7.97814         35 0.0000e+00
    838.000    827.655     0.2991  29.261344     0.3012  29.261210     4.6329     4.7277    -0.0101    98.3352 1.0000e-12  -74.17756 -113.24070  38.487386      32.56 5.7324e+01   1051.178      25229  1031.6068  1031.6047     4.6648     0.0649     0.1324    34.4607    34.4583    7.97811         37 0.0000e+00
    839.000    828.640     0.2995  29.262105     0.3016  29.262095     4.6368     4.7281    -0.0154    98.3420 1.0000e-12  -74.17756 -113.24070  38.487404      31.35 5.7223e+01   1052.699      25266  1031.6115  1031.6094     4.6651     0.0664     0.1302    34.4607    34.4583    7.97803         37 0.0000e+00
    840.000    829.627     0.3002  29.263509     0.3026  29.263609     4.6433     4.7262    -0.0103    98.3495 1.0000e-12  -74.17756 -113.24070  38.487421      30.19 5.6501e+01   1054.192      25302  1031.6165  1031.6142     4.6655     0.0663     0.1293    34.4612    34.4587    7.97786         34 0.0000e+00
    841.000    830.612     0.3009  29.264571     0.3031  29.264702     4.6363     4.7286    -0.0119    98.3575 1.0000e-12  -74.17756 -113.24070  38.487440      29.21 5.7378e+01   1055.784      25340  1031.6211  1031.6191     4.6659     0.0665     0.1296    34.4612    34.4589    7.97771         36 0.0000e+00
    842.000    831.597     0.3010  29.265242     0.3033  29.265306     4.6409     4.7297    -0.0137    98.3427 1.0000e-12  -74.17756 -113.24070  38.487459      28.19 5.7820e+01   1057.442      25380  1031.6259  1031.6238     4.6652     0.0660     0.1311    34.4614    34.4590    7.97767         39 0.0000e+00
    843.000    832.584     0.3008  29.265464     0.3031  29.265573     4.6351     4.7289    -0.0097    98.3397 1.0000e-12  -74.17756 -113.24070  38.487477      27.24 5.6837e+01   1059.019      25417  1031.6306  1031.6285     4.6651     0.0657     0.1324    34.4613    34.4589    7.97772         36 0.0000e+00
    844.000    833.570     0.3005  29.265499     0.3030  29.265875     4.6393     4.7317    -0.0063    98.3556 1.0000e-12  -74.17756 -113.24070  38.487496      26.10 5.7816e+01   1060.616      25456  1031.6352  1031.6331     4.6658     0.0662     0.1299    34.4612    34.4589    7.97779         35 0.0000e+00
    845.000    834.554     0.3003  29.265641     0.3025  29.265736     4.6401     4.7281    -0.0107    98.3559 1.0000e-12  -74.17756 -113.24070  38.487514      25.25 5.7696e+01   1062.234      25495  1031.6397  1031.6377     4.6658     0.0653     0.1283    34.4610    34.4587    7.97784         37 0.0000e+00
    846.000    835.540     0.3003  29.266144     0.3024  29.266103     4.6388     4.7240    -0.0056    98.3502 1.0000e-12  -74.17756 -113.24071  38.487532      24.22 5.7678e+01   1063.805      25532  1031.6444  1031.6423     4.6655     0.0663     0.1279    34.4610    34.4587    7.97783         39 0.0000e+00
    847.000    836.527     0.3009  29.267300     0.3031  29.267339     4.6401     4.7256    -0.0156    98.3631 1.0000e-12  -74.17756 -113.24072  38.487552      22.97 5.8049e+01   1065.524      25574  1031.6493  1031.6472     4.6662     0.0653     0.1295    34.4613    34.4589    7.97769         39 0.0000e+00
    848.000    837.512     0.3011  29.267902     0.3033  29.267911     4.6381     4.7282    -0.0080    98.3534 1.0000e-12  -74.17756 -113.24072  38.487574      22.02 5.8305e+01   1067.364      25618  1031.6540  1031.6519     4.6657     0.0665     0.1288    34.4614    34.4589    7.97766         44 0.0000e+00
    849.000    838.498     0.3012  29.268496     0.3034  29.268520     4.6419     4.7264    -0.0014    98.3284 1.0000e-12  -74.17756 -113.24072  38.487595      21.08 5.8174e+01   1069.204      25662  1031.6587  1031.6566     4.6645     0.0662     0.1300    34.4614    34.4590    7.97763         42 0.0000e+00
    850.000    839.483     0.3018  29.269640     0.3041  29.269740     4.6381     4.7216    -0.0072    98.3128 1.0000e-12  -74.17756 -113.24072  38.487618      19.89 5.8175e+01   1071.211      25710  1031.6635  1031.6614     4.6638     0.0669     0.1305    34.4617    34.4593    7.97749         43 0.0000e+00
    851.000    840.469     0.3042  29.272716     0.3060  29.272401     4.6385     4.7283    -0.0082    98.3217 1.0000e-12  -74.17756 -113.24072  38.487641      18.89 5.8175e+01   1073.210      25758  1031.6686  1031.6665     4.6642     0.0667     0.1307    34.4625    34.4601    7.97695         40 0.0000e+00
    852.000    841.452     0.3039  29.272890     0.3060  29.272713     4.6397     4.7223     0.0035    98.3419 1.0000e-12  -74.17756 -113.24072  38.487667      17.81 5.8175e+01   1075.408      25811  1031.6733  1031.6711     4.6652     0.0658     0.1290    34.4625    34.4599    7.97701         39 0.0000e+00
    853.000    842.442     0.3039  29.273205     0.3063  29.273483     4.6350     4.7275    -0.0129    98.3692 1.0000e-12  -74.17756 -113.24072  38.487694      16.68 5.8175e+01   1077.789      25868  1031.6778  1031.6758     4.6665     0.0676     0.1286    34.4623    34.4600    7.97702         35 0.0000e+00
    854.000    843.427     0.3040  29.273851     0.3058  29.273326     4.6341     4.7252    -0.0069    98.3600 1.0000e-12  -74.17756 -113.24072  38.487722      15.61 5.8175e+01   1080.217      25926  1031.6826  1031.6804     4.6660     0.0672     0.1284    34.4624    34.4598    7.97699         42 0.0000e+00
    855.000    844.411     0.3066  29.277400     0.3091  29.277792     4.6385     4.7246    -0.0087    98.3427 1.0000e-12  -74.17756 -113.24072  38.487755      14.49 5.8175e+01   1083.032      25994  1031.6880  1031.6860     4.6651     0.0667     0.1280    34.4636    34.4614    7.97639         46 0.0000e+00
    856.000    845.395     0.3096  29.281146     0.3114  29.280805     4.6351     4.7248    -0.0004    98.3581 1.0000e-12  -74.17756 -113.24072  38.487789      13.50 5.8175e+01   1085.951      26064  1031.6932  1031.6911     4.6659     0.0679     0.1292    34.4647    34.4621    7.97572         44 0.0000e+00
    857.000    846.382     0.3104  29.282546     0.3132  29.283325     4.6341     4.7246    -0.0039    98.3593 1.0000e-12  -74.17756 -113.24072  38.487822      12.36 5.8175e+01   1088.847      26133  1031.6981  1031.6962     4.6661     0.0675     0.1257    34.4651    34.4629    7.97553         33 0.0000e+00
    858.000    847.368     0.3128  29.285484     0.3147  29.285243     4.6353     4.7245    -0.0111    98.3400 1.0000e-12  -74.17756 -113.24072  38.487856      11.31 5.8175e+01   1091.752      26203  1031.7031  1031.7010     4.6651     0.0668     0.1290    34.4657    34.4632    7.97501         45 0.0000e+00
    859.000    848.354     0.3113  29.284242     0.3136  29.284405     4.6357     4.7226    -0.0081    98.3348 1.0000e-12  -74.17756 -113.24072  38.487889      10.27 5.8175e+01   1094.621      26272  1031.7075  1031.7054     4.6648     0.0668     0.1300    34.4650    34.4627    7.97533         40 0.0000e+00
    860.000    849.340     0.3107  29.284022     0.3133  29.284530     4.6404     4.7209    -0.0026    98.3264 1.0000e-12  -74.17756 -113.24072  38.487923       9.12 5.8175e+01   1097.524      26342  1031.7121  1031.7101     4.6645     0.0677     0.1293    34.4649    34.4627    7.97548         45 0.0000e+00
    861.000    850.324     0.3106  29.284365     0.3129  29.284498     4.6399     4.7273    -0.0038    98.3330 1.0000e-12  -74.17756 -113.24072  38.487958       8.08 5.8175e+01   1100.536      26414  1031.7168  1031.7147     4.6647     0.0673     0.1293    34.4649    34.4626    7.97549         39 0.0000e+00
    862.000    851.296     0.3103  29.284496     0.3127  29.284930     4.6286     4.7313    -0.0067    98.2449 1.0000e-12  -74.17756 -113.24072  38.487999       6.98 5.8175e+01   1104.148      26501  1031.7213  1031.7197     4.6609     0.0639     0.1340    34.4648    34.4626    7.97556          3 0.0000e+00
