ocean_section_plots/required_files/ctd/dnbp2202_ctd240.cnv
* Sea-Bird SBE 9 Data File:
* FileName = D:\Data\raw\NBP2202_CTD240.hex
* Software Version Seasave V 7.26.7.121
* Temperature SN = 1649
* Conductivity SN = 2513
* Number of Bytes Per Scan = 40
* Number of Voltage Words = 5
* Number of Scans Averaged by the Deck Unit = 1
* NMEA Latitude = 73 58.56 S
* NMEA Longitude = 118 30.32 W
* NMEA UTC (Time) = Feb 14 2022  14:40:11
* NMEA baud rate = 9600
** Ship: RVIB N.B. Palmer
** Cruise: NBP2202 Thwaites
** Station: 150
** Operator: B. Bjork
# nquan = 28
# nvalues = 1351                        
# units = specified
# name 0 = prDM: Pressure, Digiquartz [db]
# name 1 = depSM: Depth [salt water, m]
# name 2 = t090C: Temperature [ITS-90, deg C]
# name 3 = c0mS/cm: Conductivity [mS/cm]
# name 4 = t190C: Temperature, 2 [ITS-90, deg C]
# name 5 = c1mS/cm: Conductivity, 2 [mS/cm]
# name 6 = sbeox0ML/L: Oxygen, SBE 43 [ml/l]
# name 7 = sbeox1ML/L: Oxygen, SBE 43, 2 [ml/l]
# name 8 = flECO-AFL: Fluorescence, WET Labs ECO-AFL/FL [mg/m^3]
# name 9 = CStarTr0: Beam Transmission, WET Labs C-Star [%]
# name 10 = par: PAR/Irradiance, Biospherical/Licor
# name 11 = latitude: Latitude [deg]
# name 12 = longitude: Longitude [deg]
# name 13 = timeJ: Julian Days
# name 14 = altM: Altimeter [m]
# name 15 = spar: SPAR, Biospherical/Licor
# name 16 = timeS: Time, Elapsed [seconds]
# name 17 = scan: Scan Count
# name 18 = density00: Density [density, kg/m^3]
# name 19 = density11: Density, 2 [density, kg/m^3]
# name 20 = v3: Voltage 3
# name 21 = v4: Voltage 4
# name 22 = v5: Voltage 5
# name 23 = sal00: Salinity, Practical [PSU]
# name 24 = sal11: Salinity, Practical, 2 [PSU]
# name 25 = oxsolML/L: Oxygen Saturation, Garcia & Gordon [ml/l]
# name 26 = nbin: number of scans per bin
# name 27 = flag: flag
# span 0 =      2.000,   1352.000       
# span 1 =      1.983,   1333.690       
# span 2 =    -1.7528,     0.7493       
# span 3 =  26.926012,  29.966168       
# span 4 =    -1.7525,     0.7516       
# span 5 =  26.926399,  29.966580       
# span 6 =     4.6003,     9.2245       
# span 7 =     4.7161,     9.6203       
# span 8 =    -0.0150,    11.1810       
# span 9 =    85.2639,    97.5989       
# span 10 = 1.0000e-12, 1.0538e+02      
# span 11 =  -73.97602,  -73.97602      
# span 12 = -118.50550, -118.50544      
# span 13 =  45.614562,  45.632477      
# span 14 =       2.39,     100.27      
# span 15 = 1.4741e+03, 1.5582e+03      
# span 16 =    287.119,   1835.018      
# span 17 =       6892,      44041      
# span 18 =  1027.1544,  1034.0544      
# span 19 =  1027.1564,  1034.0525      
# span 20 =     4.0450,     4.6299      
# span 21 =     0.0635,     1.8268      
# span 22 =     0.1089,     0.1936      
# span 23 =    33.7876,    34.5897      
# span 24 =    33.7911,    34.5877      
# span 25 =    7.87876,    8.44724      
# span 26 =         20,         78      
# span 27 = 0.0000e+00, 0.0000e+00      
# interval = decibars: 1                
# start_time = Feb 14 2022 14:40:11 [NMEA time, header]
# bad_flag = -9.990e-29
*END*
[from data line 1243]
   1245.000   1228.450     0.7369  29.907831     0.7390  29.908183     4.6238     4.7389     0.0041    97.5325 1.0000e-12  -73.97602 -118.50546  45.629883      99.77 1.5489e+03   1610.929      38663  1033.5593  1033.5576     4.6268     0.0699     0.1151    34.5864    34.5845    7.88144         26 0.0000e+00
   1246.000   1229.436     0.7369  29.908386     0.7392  29.908804     4.6191     4.7453     0.0016    97.5513 1.0000e-12  -73.97602 -118.50546  45.629895      99.77 1.5471e+03   1611.944      38688  1033.5641  1033.5623     4.6277     0.0695     0.1145    34.5866    34.5846    7.88143         23 0.0000e+00
   1247.000   1230.418     0.7369  29.908821     0.7392  29.909255     4.6208     4.7410     0.0789    97.5637 1.0000e-12  -73.97602 -118.50546  45.629906      99.76 1.5454e+03   1612.905      38711  1033.5687  1033.5670     4.6282     0.0697     0.1172    34.5866    34.5846    7.88142         23 0.0000e+00
   1248.000   1231.403     0.7371  29.909397     0.7393  29.909827     4.6239     4.7385     0.0024    97.4653 1.0000e-12  -73.97602 -118.50546  45.629917      99.76 1.5443e+03   1613.852      38733  1033.5733  1033.5716     4.6236     0.0695     0.1136    34.5866    34.5847    7.88139         22 0.0000e+00
   1249.000   1232.385     0.7372  29.910100     0.7395  29.910487     4.6214     4.7395    -0.0122    97.4887 1.0000e-12  -73.97602 -118.50546  45.629929      99.76 1.5474e+03   1614.840      38757  1033.5781  1033.5762     4.6247     0.0688     0.1147    34.5868    34.5848    7.88135         25 0.0000e+00
   1250.000   1233.371     0.7374  29.910737     0.7397  29.911092     4.6206     4.7406     0.0071    97.5243 1.0000e-12  -73.97602 -118.50546  45.629941      99.77 1.5485e+03   1615.908      38783  1033.5827  1033.5808     4.6264     0.0699     0.1156    34.5868    34.5848    7.88131         27 0.0000e+00
   1251.000   1234.354     0.7377  29.911296     0.7399  29.911765     4.6221     4.7388     0.0411    97.5296 1.0000e-12  -73.97602 -118.50546  45.629954      99.76 1.5476e+03   1617.033      38810  1033.5872  1033.5855     4.6267     0.0704     0.1197    34.5867    34.5848    7.88126         26 0.0000e+00
   1252.000   1235.338     0.7379  29.912005     0.7402  29.912424     4.6211     4.7380     0.0044    97.5508 1.0000e-12  -73.97602 -118.50546  45.629966      99.77 1.5471e+03   1618.106      38836  1033.5919  1033.5901     4.6277     0.0733     0.1151    34.5868    34.5849    7.88121         25 0.0000e+00
   1253.000   1236.322     0.7380  29.912556     0.7402  29.912930     4.6215     4.7342    -0.0077    97.5343 1.0000e-12  -73.97602 -118.50546  45.629978      98.87 1.5456e+03   1619.104      38860  1033.5966  1033.5948     4.6269     0.0663     0.1161    34.5869    34.5849    7.88118         24 0.0000e+00
   1254.000   1237.305     0.7380  29.912994     0.7404  29.913479     4.6193     4.7360     0.0006    97.5541 1.0000e-12  -73.97602 -118.50546  45.629989      99.31 1.5443e+03   1620.065      38883  1033.6013  1033.5994     4.6278     0.0696     0.1145    34.5870    34.5849    7.88120         22 0.0000e+00
   1255.000   1238.288     0.7382  29.913559     0.7405  29.914072     4.6202     4.7372    -0.0023    97.5427 1.0000e-12  -73.97602 -118.50546  45.630000      98.97 1.5450e+03   1621.038      38906  1033.6058  1033.6041     4.6273     0.0705     0.1147    34.5869    34.5850    7.88115         24 0.0000e+00
   1256.000   1239.273     0.7384  29.914188     0.7406  29.914562     4.6228     4.7392    -0.0121    97.5335 1.0000e-12  -73.97602 -118.50546  45.630012      98.76 1.5450e+03   1622.057      38930  1033.6104  1033.6086     4.6268     0.0687     0.1143    34.5869    34.5850    7.88111         26 0.0000e+00
   1257.000   1240.257     0.7385  29.914731     0.7407  29.915115     4.6197     4.7399    -0.0049    97.5000 1.0000e-12  -73.97602 -118.50546  45.630025      97.72 1.5462e+03   1623.140      38956  1033.6150  1033.6132     4.6253     0.0697     0.1146    34.5869    34.5850    7.88108         26 0.0000e+00
   1258.000   1241.240     0.7385  29.915192     0.7408  29.915616     4.6225     4.7417    -0.0003    97.5619 1.0000e-12  -73.97602 -118.50546  45.630038      96.69 1.5465e+03   1624.241      38983  1033.6197  1033.6179     4.6282     0.0704     0.1165    34.5870    34.5850    7.88108         26 0.0000e+00
   1259.000   1242.223     0.7387  29.915841     0.7409  29.916212     4.6186     4.7424    -0.0030    97.5513 1.0000e-12  -73.97602 -118.50546  45.630050      95.63 1.5462e+03   1625.313      39008  1033.6243  1033.6226     4.6277     0.0693     0.1179    34.5871    34.5851    7.88104         23 0.0000e+00
   1260.000   1243.207     0.7388  29.916246     0.7409  29.916589     4.6190     4.7415     0.0186    97.5602 1.0000e-12  -73.97602 -118.50546  45.630062      94.53 1.5465e+03   1626.330      39033  1033.6289  1033.6271     4.6281     0.0679     0.1123    34.5870    34.5851    7.88103         24 0.0000e+00
   1261.000   1244.191     0.7389  29.916662     0.7410  29.917112     4.6202     4.7415     0.0920    97.5742 1.0000e-12  -73.97602 -118.50546  45.630073      93.40 1.5469e+03   1627.309      39056  1033.6334  1033.6317     4.6288     0.0710     0.1173    34.5869    34.5850    7.88101         23 0.0000e+00
   1262.000   1245.177     0.7387  29.916954     0.7409  29.917416     4.6213     4.7418     0.0150    97.5404 1.0000e-12  -73.97602 -118.50548  45.630084      93.06 1.5447e+03   1628.282      39080  1033.6381  1033.6364     4.6272     0.0703     0.1157    34.5869    34.5850    7.88105         24 0.0000e+00
   1263.000   1246.159     0.7386  29.917328     0.7408  29.917740     4.6203     4.7327     0.1069    97.5114 1.0000e-12  -73.97602 -118.50546  45.630096      91.96 1.5460e+03   1629.285      39104  1033.6427  1033.6410     4.6258     0.0689     0.1144    34.5869    34.5851    7.88107         25 0.0000e+00
   1264.000   1247.142     0.7385  29.917713     0.7407  29.918127     4.6209     4.7362     0.6596    97.5424 1.0000e-12  -73.97602 -118.50546  45.630108      91.00 1.5485e+03   1630.354      39129  1033.6474  1033.6457     4.6273     0.0699     0.1164    34.5869    34.5851    7.88108         26 0.0000e+00
   1265.000   1248.126     0.7386  29.918210     0.7408  29.918499     4.6201     4.7390     0.0412    97.5265 1.0000e-12  -73.97602 -118.50546  45.630121      89.61 1.5490e+03   1631.454      39156  1033.6520  1033.6502     4.6265     0.0706     0.1136    34.5870    34.5850    7.88107         27 0.0000e+00
   1266.000   1249.110     0.7387  29.918770     0.7410  29.919177     4.6215     4.7360    -0.0074    97.4646 1.0000e-12  -73.97602 -118.50547  45.630133      88.83 1.5475e+03   1632.521      39181  1033.6566  1033.6548     4.6236     0.0692     0.1145    34.5870    34.5850    7.88104         24 0.0000e+00
   1267.000   1250.093     0.7384  29.918729     0.7408  29.919462     4.6171     4.7410    -0.0013    97.5001 1.0000e-12  -73.97602 -118.50546  45.630145      87.96 1.5449e+03   1633.524      39206  1033.6611  1033.6595     4.6253     0.0708     0.1146    34.5868    34.5851    7.88112         24 0.0000e+00
   1268.000   1251.078     0.7383  29.919190     0.7406  29.919674     4.6177     4.7416    -0.0061    97.5167 1.0000e-12  -73.97602 -118.50548  45.630156      86.90 1.5438e+03   1634.488      39229  1033.6658  1033.6641     4.6261     0.0716     0.1162    34.5869    34.5850    7.88112         23 0.0000e+00
   1269.000   1252.061     0.7387  29.919885     0.7406  29.920130     4.6149     4.7370    -0.0077    97.5281 1.0000e-12  -73.97602 -118.50546  45.630167      85.78 1.5430e+03   1635.458      39252  1033.6704  1033.6687     4.6266     0.0742     0.1133    34.5869    34.5851    7.88106         23 0.0000e+00
   1270.000   1253.044     0.7384  29.920131     0.7405  29.920391     4.6165     4.7365    -0.0037    97.5475 1.0000e-12  -73.97602 -118.50546  45.630179      84.99 1.5457e+03   1636.490      39277  1033.6751  1033.6733     4.6275     0.0733     0.1153    34.5869    34.5850    7.88111         26 0.0000e+00
   1271.000   1254.028     0.7384  29.920406     0.7405  29.920868     4.6209     4.7360    -0.0048    97.5122 1.0000e-12  -73.97602 -118.50546  45.630192      83.86 1.5476e+03   1637.616      39304  1033.6796  1033.6779     4.6259     0.0687     0.1154    34.5868    34.5850    7.88112         28 0.0000e+00
   1272.000   1255.012     0.7385  29.921020     0.7407  29.921475     4.6192     4.7341     0.0016    97.5478 1.0000e-12  -73.97602 -118.50546  45.630206      82.92 1.5477e+03   1638.762      39331  1033.6843  1033.6826     4.6275     0.0786     0.1150    34.5869    34.5851    7.88109         27 0.0000e+00
   1273.000   1255.995     0.7387  29.921537     0.7409  29.922062     4.6166     4.7357     0.0563    97.5226 1.0000e-12  -73.97602 -118.50546  45.630218      82.00 1.5469e+03   1639.830      39357  1033.6888  1033.6872     4.6264     0.0694     0.1187    34.5868    34.5851    7.88105         25 0.0000e+00
   1274.000   1256.979     0.7389  29.922116     0.7410  29.922605     4.6204     4.7412     0.0579    97.5393 1.0000e-12  -73.97602 -118.50546  45.630230      80.84 1.5458e+03   1640.836      39381  1033.6934  1033.6918     4.6271     0.0687     0.1168    34.5868    34.5850    7.88102         23 0.0000e+00
   1275.000   1257.964     0.7390  29.922713     0.7411  29.923072     4.6191     4.7425     0.0169    97.5335 1.0000e-12  -73.97602 -118.50546  45.630241      80.20 1.5446e+03   1641.850      39405  1033.6981  1033.6964     4.6269     0.0684     0.1148    34.5869    34.5850    7.88099         26 0.0000e+00
   1276.000   1258.946     0.7391  29.923341     0.7412  29.923618     4.6189     4.7361    -0.0001    97.5386 1.0000e-12  -73.97602 -118.50546  45.630254      79.01 1.5470e+03   1642.979      39432  1033.7028  1033.7010     4.6271     0.0671     0.1162    34.5870    34.5850    7.88096         29 0.0000e+00
   1277.000   1259.930     0.7392  29.923800     0.7415  29.924290     4.6191     4.7389    -0.0096    97.4952 1.0000e-12  -73.97602 -118.50546  45.630269      77.99 1.5498e+03   1644.253      39463  1033.7073  1033.7056     4.6250     0.0673     0.1134    34.5869    34.5851    7.88094         31 0.0000e+00
   1278.000   1260.914     0.7395  29.924430     0.7415  29.924838     4.6153     4.7388    -0.0095    97.5207 1.0000e-12  -73.97602 -118.50546  45.630283      80.71 1.5499e+03   1645.474      39492  1033.7119  1033.7103     4.6263     0.0713     0.1154    34.5869    34.5852    7.88089         28 0.0000e+00
   1279.000   1261.897     0.7395  29.924882     0.7417  29.925375     4.6167     4.7371     0.0095    97.5112 1.0000e-12  -73.97602 -118.50546  45.630296      78.34 1.5492e+03   1646.580      39519  1033.7165  1033.7149     4.6258     0.0667     0.1162    34.5869    34.5851    7.88089         25 0.0000e+00
   1280.000   1262.881     0.7403  29.926153     0.7424  29.926636     4.6203     4.7376     0.0033    97.5255 1.0000e-12  -73.97602 -118.50546  45.630308      74.77 1.5482e+03   1647.638      39544  1033.7212  1033.7196     4.6265     0.0664     0.1171    34.5872    34.5854    7.88071         26 0.0000e+00
   1281.000   1263.864     0.7404  29.926760     0.7426  29.927134     4.6195     4.7406    -0.0056    97.5451 1.0000e-12  -73.97602 -118.50546  45.630321      73.84 1.5470e+03   1648.730      39571  1033.7259  1033.7242     4.6274     0.0670     0.1146    34.5872    34.5853    7.88068         27 0.0000e+00
   1282.000   1264.849     0.7405  29.927233     0.7427  29.927662     4.6176     4.7347    -0.0077    97.5476 1.0000e-12  -73.97602 -118.50546  45.630335      72.80 1.5487e+03   1649.921      39599  1033.7305  1033.7288     4.6275     0.0665     0.1155    34.5872    34.5854    7.88066         30 0.0000e+00
   1283.000   1265.833     0.7406  29.927730     0.7428  29.928165     4.6218     4.7387    -0.0070    97.5407 1.0000e-12  -73.97602 -118.50546  45.630350      71.94 1.5497e+03   1651.221      39630  1033.7351  1033.7334     4.6272     0.0680     0.1127    34.5872    34.5853    7.88065         30 0.0000e+00
   1284.000   1266.815     0.7407  29.928170     0.7428  29.928640     4.6204     4.7335    -0.0019    97.4469 1.0000e-12  -73.97602 -118.50546  45.630365      70.86 1.5494e+03   1652.504      39661  1033.7397  1033.7380     4.6228     0.0770     0.1165    34.5872    34.5854    7.88064         29 0.0000e+00
   1285.000   1267.799     0.7407  29.928669     0.7429  29.929117     4.6157     4.7381    -0.0055    97.0813 1.0000e-12  -73.97602 -118.50546  45.630379      69.82 1.5474e+03   1653.726      39690  1033.7443  1033.7427     4.6054     0.0674     0.1160    34.5872    34.5854    7.88063         29 0.0000e+00
   1286.000   1268.783     0.7408  29.929149     0.7429  29.929637     4.6186     4.7388    -0.0034    97.5470 1.0000e-12  -73.97602 -118.50546  45.630393      68.93 1.5460e+03   1654.913      39719  1033.7489  1033.7473     4.6275     0.0659     0.1140    34.5872    34.5855    7.88061         29 0.0000e+00
   1287.000   1269.767     0.7409  29.929635     0.7430  29.930090     4.6168     4.7344     0.0073    97.5451 1.0000e-12  -73.97602 -118.50546  45.630407      67.93 1.5488e+03   1656.127      39748  1033.7534  1033.7519     4.6274     0.0660     0.1152    34.5871    34.5854    7.88058         30 0.0000e+00
   1288.000   1270.750     0.7410  29.930201     0.7431  29.930520     4.6125     4.7335     0.0078    97.5220 1.0000e-12  -73.97602 -118.50546  45.630422      66.88 1.5500e+03   1657.457      39780  1033.7582  1033.7564     4.6263     0.0658     0.1115    34.5873    34.5853    7.88057         33 0.0000e+00
   1289.000   1271.734     0.7410  29.930684     0.7432  29.931093     4.6162     4.7348    -0.0012    97.5260 1.0000e-12  -73.97602 -118.50546  45.630438      65.93 1.5510e+03   1658.862      39814  1033.7628  1033.7611     4.6265     0.0648     0.1142    34.5873    34.5854    7.88056         33 0.0000e+00
   1290.000   1272.717     0.7411  29.931198     0.7433  29.931666     4.6206     4.7324    -0.0094    97.5294 1.0000e-12  -73.97602 -118.50546  45.630453      64.98 1.5498e+03   1660.173      39845  1033.7674  1033.7658     4.6267     0.0647     0.1130    34.5873    34.5855    7.88054         31 0.0000e+00
   1291.000   1273.700     0.7411  29.931699     0.7433  29.932048     4.6174     4.7352    -0.0150    97.5439 1.0000e-12  -73.97602 -118.50546  45.630468      63.88 1.5529e+03   1661.410      39875  1033.7721  1033.7703     4.6274     0.0665     0.1144    34.5874    34.5854    7.88053         29 0.0000e+00
   1292.000   1274.685     0.7412  29.932072     0.7434  29.932590     4.6112     4.7367    -0.0077    97.5408 1.0000e-12  -73.97602 -118.50545  45.630483      62.75 1.5528e+03   1662.703      39906  1033.7766  1033.7750     4.6272     0.0657     0.1153    34.5872    34.5855    7.88052         33 0.0000e+00
   1293.000   1275.667     0.7413  29.932622     0.7435  29.933083     4.6122     4.7383    -0.0005    97.5508 1.0000e-12  -73.97602 -118.50545  45.630498      61.87 1.5518e+03   1664.049      39938  1033.7812  1033.7796     4.6277     0.0664     0.1132    34.5873    34.5855    7.88050         32 0.0000e+00
   1294.000   1276.652     0.7413  29.933079     0.7436  29.933550     4.6167     4.7377    -0.0069    97.5551 1.0000e-12  -73.97602 -118.50544  45.630513      60.94 1.5527e+03   1665.365      39970  1033.7858  1033.7841     4.6279     0.0660     0.1167    34.5873    34.5854    7.88049         31 0.0000e+00
   1295.000   1277.635     0.7414  29.933629     0.7436  29.934041     4.6132     4.7382    -0.0149    97.5525 1.0000e-12  -73.97602 -118.50544  45.630529      59.92 1.5547e+03   1666.695      40002  1033.7905  1033.7888     4.6277     0.0653     0.1153    34.5873    34.5855    7.88047         33 0.0000e+00
