ocean_section_plots/required_files/ctd/dnbp2202_ctd035.cnv
* Sea-Bird SBE 9 Data File:
* FileName = D:\Data\raw\NBP2202_CTD035.hex
* Software Version Seasave V 7.26.7.121
* Temperature SN = 1649
* Conductivity SN = 2513
* Number of Bytes Per Scan = 40
* Number of Voltage Words = 5
* Number of Scans Averaged by the Deck Unit = 1
* NMEA Latitude = 74 08.81 S
* NMEA Longitude = 113 26.78 W
* NMEA UTC (Time) = Jan 22 2022  14:26:47
* NMEA baud rate = 9600
** Ship: RVIB N.B. Palmer
** Cruise: NBP2202 Thwaites
** Station: Tow-Yo #2
** Operator: B Bjork
# nquan = 25
# nvalues = 201                         
# units = specified
# name 0 = prDM: Pressure, Digiquartz [db]
# name 1 = depSM: Depth [salt water, m]
# name 2 = t090C: Temperature [ITS-90, deg C]
# name 3 = c0mS/cm: Conductivity [mS/cm]
# name 4 = t190C: Temperature, 2 [ITS-90, deg C]
# name 5 = c1mS/cm: Conductivity, 2 [mS/cm]
# name 6 = sbeox0ML/L: Oxygen, SBE 43 [ml/l]
# name 7 = sbeox1ML/L: Oxygen, SBE 43, 2 [ml/l]
# name 8 = flECO-AFL: Fluorescence, WET Labs ECO-AFL/FL [mg/m^3]
# name 9 = CStarTr0: Beam Transmission, WET Labs C-Star [%]
# name 10 = par: PAR/Irradiance, Biospherical/Licor
# name 11 = latitude: Latitude [deg]
# name 12 = longitude: Longitude [deg]
# name 13 = timeJ: Julian Days
# name 14 = altM: Altimeter [m]
# name 15 = spar: SPAR, Biospherical/Licor
# name 16 = timeS: Time, Elapsed [seconds]
# name 17 = scan: Scan Count
# name 18 = density00: Density [density, kg/m^3]
# name 19 = density11: Density, 2 [density, kg/m^3]
# name 20 = sal00: Salinity, Practical [PSU]
# name 21 = sal11: Salinity, Practical, 2 [PSU]
# name 22 = oxsolML/L: Oxygen Saturation, Garcia & Gordon [ml/l]
# name 23 = nbin: number of scans per bin
# name 24 = flag: flag
# span 0 =      2.000,    202.000       
# span 1 =      1.980,    199.812       
# span 2 =    -1.3181,    -1.0009       
# span 3 =  27.118131,  27.526005       
# span 4 =    -1.3171,    -1.0008       
# span 5 =  27.117796,  27.525208       
# span 6 =     5.2783,     8.7539       
# span 7 =     5.5924,     9.3123       
# span 8 =    -0.0048,    23.2897       
# span 9 =    71.2155,    97.1587       
# span 10 = -6.218e-06, 3.4037e+02      
# span 11 =  -74.14698,  -74.14696      
# span 12 = -113.44632, -113.44629      
# span 13 =  22.606242,  22.610431      
# span 14 =       9.27,     101.38      
# span 15 = 9.2572e+02, 9.5333e+02      
# span 16 =    372.303,    734.281      
# span 17 =       8936,      17624      
# span 18 =  1027.1687,  1028.3165      
# span 19 =  1027.1688,  1028.3147      
# span 20 =    33.7718,    34.0060      
# span 21 =    33.7718,    34.0038      
# span 22 =    8.28664,    8.36103      
# span 23 =         26,         46      
# span 24 = 0.0000e+00, 0.0000e+00      
# interval = decibars: 1                
# start_time = Jan 22 2022 14:26:47 [NMEA time, header]
# bad_flag = -9.990e-29
*END*
[from data line 58]
     60.000     59.371    -1.2212  27.166013    -1.2216  27.165487     6.9091     7.3645    10.1140    83.1740 1.0000e-12  -74.14697 -113.44631  22.607583      99.42 9.4195e+02    488.128      11716  1027.4990  1027.4988    33.8262    33.8260    8.34140         42 0.0000e+00
     61.000     60.360    -1.2379  27.152547    -1.2381  27.152256     6.8844     7.3257     9.9348    83.7549 1.0000e-12  -74.14697 -113.44630  22.607605      99.40 9.3857e+02    490.041      11762  1027.5044  1027.5043    33.8260    33.8258    8.34514         41 0.0000e+00
     62.000     61.347    -1.2377  27.153417    -1.2406  27.150941     6.7939     7.2412    10.2447    84.6306 1.0000e-12  -74.14697 -113.44630  22.607628      99.44 9.3631e+02    492.046      11810  1027.5092  1027.5093    33.8263    33.8262    8.34507         36 0.0000e+00
     63.000     62.339    -1.2565  27.141739    -1.2559  27.141831     6.6874     7.1512    11.3600    83.2308 1.0000e-12  -74.14696 -113.44630  22.607650      99.46 9.3600e+02    493.967      11856  1027.5187  1027.5182    33.8309    33.8304    8.34899         41 0.0000e+00
     64.000     63.328    -1.2639  27.138868    -1.2630  27.138729     6.6659     7.1073    10.6394    83.2703 1.0000e-12  -74.14696 -113.44630  22.607672      98.67 9.3484e+02    495.880      11902  1027.5267  1027.5257    33.8347    33.8335    8.35042         36 0.0000e+00
     65.000     64.318    -1.2654  27.138839    -1.2650  27.138463     6.6541     7.0875    10.7437    84.6958 1.0000e-12  -74.14696 -113.44630  22.607696      99.48 9.3307e+02    497.934      11951  1027.5322  1027.5314    33.8357    33.8348    8.35070         44 0.0000e+00
     66.000     65.306    -1.2667  27.138672    -1.2666  27.138267     6.6333     7.0614     8.1583    84.5981 1.0000e-12  -74.14696 -113.44630  22.607718      73.56 9.3224e+02    499.840      11997  1027.5375  1027.5369    33.8364    33.8357    8.35095         44 0.0000e+00
     67.000     66.296    -1.2689  27.138255    -1.2686  27.137946     6.5432     6.9740    11.7040    84.4252 1.0000e-12  -74.14696 -113.44630  22.607741      99.71 9.3103e+02    501.811      12044  1027.5433  1027.5426    33.8377    33.8369    8.35138         44 0.0000e+00
     68.000     67.286    -1.2791  27.134226    -1.2787  27.133939     6.4556     6.8911    10.1227    84.3580 1.0000e-12  -74.14696 -113.44630  22.607763      99.44 9.2943e+02    503.714      12090  1027.5529  1027.5522    33.8431    33.8422    8.35333         39 0.0000e+00
     69.000     68.274    -1.2860  27.131380    -1.2848  27.131560     6.4269     6.8455     8.8407    85.3726 1.0000e-12  -74.14696 -113.44630  22.607785      99.48 9.3054e+02    505.655      12137  1027.5607  1027.5597    33.8464    33.8452    8.35469         46 0.0000e+00
     70.000     69.265    -1.2884  27.130642    -1.2883  27.130243     6.4009     6.8147     9.8390    84.5614 1.0000e-12  -74.14696 -113.44630  22.607808      99.61 9.2893e+02    507.599      12183  1027.5663  1027.5658    33.8474    33.8468    8.35515         40 0.0000e+00
     71.000     70.252    -1.2913  27.129951    -1.2910  27.129655     6.3218     6.7479     6.7175    85.7196 1.0000e-12  -74.14696 -113.44630  22.607830      99.46 9.2804e+02    509.487      12229  1027.5726  1027.5720    33.8492    33.8484    8.35571         40 0.0000e+00
     72.000     71.243    -1.3086  27.120720    -1.3072  27.121296     6.2887     6.7103     8.4892    86.1049 1.0000e-12  -74.14696 -113.44632  22.607852      99.57 9.2830e+02    511.396      12275  1027.5834  1027.5827    33.8554    33.8546    8.35920         43 0.0000e+00
     73.000     72.232    -1.3126  27.118936    -1.3123  27.118502     6.2960     6.7001     8.0962    85.4621 1.0000e-12  -74.14696 -113.44632  22.607873      99.60 9.2865e+02    513.263      12319  1027.5894  1027.5886    33.8569    33.8559    8.36001         41 0.0000e+00
     74.000     73.221    -1.3148  27.118131    -1.3143  27.117796     6.3056     6.6993     6.0382    87.7142 1.0000e-12  -74.14696 -113.44632  22.607895      99.63 9.2744e+02    515.111      12364  1027.5948  1027.5940    33.8577    33.8566    8.36047         43 0.0000e+00
     75.000     74.210    -1.3148  27.118569    -1.3144  27.118148     6.3157     6.7077     6.2736    88.6759 1.0000e-12  -74.14696 -113.44632  22.607916      99.63 9.2732e+02    516.941      12408  1027.5994  1027.5986    33.8576    33.8566    8.36047         41 0.0000e+00
     76.000     75.200    -1.3152  27.118784    -1.3148  27.118374     6.3253     6.7183     6.5214    87.6576 1.0000e-12  -74.14696 -113.44632  22.607938      99.59 9.2863e+02    518.880      12454  1027.6042  1027.6034    33.8577    33.8567    8.36055         46 0.0000e+00
     77.000     76.189    -1.3161  27.118838    -1.3156  27.118407     6.3246     6.7250     6.4279    89.1398 1.0000e-12  -74.14696 -113.44632  22.607960      99.66 9.2731e+02    520.772      12500  1027.6094  1027.6084    33.8582    33.8570    8.36072         40 0.0000e+00
     78.000     77.177    -1.3163  27.119235    -1.3157  27.118798     6.3078     6.7091     5.5962    89.1697 1.0000e-12  -74.14696 -113.44632  22.607982      99.50 9.2724e+02    522.616      12544  1027.6142  1027.6132    33.8583    33.8571    8.36075         40 0.0000e+00
     79.000     78.166    -1.3175  27.119710    -1.3171  27.119212     6.2889     6.6843     5.2900    88.0885 1.0000e-12  -74.14696 -113.44632  22.608004      99.64 9.2732e+02    524.558      12590  1027.6202  1027.6192    33.8597    33.8586    8.36094         36 0.0000e+00
     80.000     79.156    -1.3181  27.120291    -1.3170  27.120491     6.2077     6.5969     5.4000    88.3213 1.0000e-12  -74.14696 -113.44632  22.608026      99.64 9.2782e+02    526.440      12636  1027.6257  1027.6248    33.8605    33.8596    8.36103         41 0.0000e+00
     81.000     80.146    -1.3126  27.128818    -1.3118  27.128637     6.1151     6.5086     5.1532    88.4916 1.0000e-12  -74.14696 -113.44632  22.608047      99.66 9.2633e+02    528.290      12680  1027.6341  1027.6331    33.8655    33.8643    8.35951         44 0.0000e+00
     82.000     81.137    -1.3103  27.133432    -1.3098  27.133206     6.0834     6.4769     5.5050    89.6401 1.0000e-12  -74.14696 -113.44632  22.608070      99.67 9.2714e+02    530.281      12728  1027.6412  1027.6405    33.8686    33.8676    8.35881         32 0.0000e+00
     83.000     82.125    -1.3092  27.135656    -1.3088  27.135108     6.0866     6.4681     6.9044    90.0087 1.0000e-12  -74.14696 -113.44630  22.608094      99.70 9.2715e+02    532.328      12777  1027.6470  1027.6460    33.8698    33.8685    8.35849         40 0.0000e+00
     84.000     83.112    -1.3096  27.135384    -1.3087  27.135380     6.0879     6.4760     6.9029    89.2562 1.0000e-12  -74.14696 -113.44630  22.608115      95.13 9.2572e+02    534.137      12820  1027.6514  1027.6505    33.8692    33.8682    8.35861         38 0.0000e+00
     85.000     84.103    -1.3077  27.137964    -1.3086  27.135998     6.0527     6.4438     5.3592    89.2969 1.0000e-12  -74.14696 -113.44630  22.608138      99.57 9.2692e+02    536.112      12868  1027.6567  1027.6554    33.8700    33.8683    8.35815         43 0.0000e+00
     86.000     85.091    -1.3059  27.141014    -1.3058  27.140014     6.0272     6.4249     5.9336    90.5121 1.0000e-12  -74.14696 -113.44630  22.608161      99.72 9.2658e+02    538.086      12915  1027.6626  1027.6614    33.8714    33.8700    8.35764         38 0.0000e+00
     87.000     86.083    -1.3049  27.142911    -1.3048  27.141625     6.0004     6.3855     5.0988    91.0201 1.0000e-12  -74.14696 -113.44630  22.608182      99.68 9.2600e+02    539.903      12959  1027.6680  1027.6666    33.8723    33.8705    8.35737         35 0.0000e+00
     88.000     87.071    -1.3046  27.144489    -1.3041  27.143951     5.9593     6.3361     6.9252    90.5824 1.0000e-12  -74.14696 -113.44630  22.608204      99.73 9.2772e+02    541.856      13006  1027.6738  1027.6728    33.8735    33.8722    8.35723         38 0.0000e+00
     89.000     88.060    -1.3062  27.145372    -1.3057  27.144853     5.9169     6.2908     5.2297    91.3625 1.0000e-12  -74.14696 -113.44630  22.608227      99.74 9.2751e+02    543.788      13052  1027.6807  1027.6796    33.8759    33.8746    8.35744         40 0.0000e+00
     90.000     89.049    -1.3065  27.147329    -1.3061  27.146744     5.8773     6.2600     4.6243    91.3602 1.0000e-12  -74.14696 -113.44630  22.608250      99.74 9.2745e+02    545.819      13101  1027.6876  1027.6864    33.8784    33.8771    8.35738         41 0.0000e+00
     91.000     90.039    -1.3063  27.149377    -1.3059  27.148760     5.8435     6.2126     6.5532    92.4334 1.0000e-12  -74.14696 -113.44630  22.608274      99.75 9.2884e+02    547.846      13149  1027.6939  1027.6928    33.8803    33.8790    8.35721         46 0.0000e+00
     92.000     91.028    -1.3055  27.152335    -1.3046  27.152129     5.8003     6.1712     4.7513    91.1554 1.0000e-12  -74.14696 -113.44630  22.608295      99.74 9.2759e+02    549.712      13194  1027.7008  1027.6996    33.8829    33.8816    8.35689         41 0.0000e+00
     93.000     92.017    -1.3032  27.157481    -1.3023  27.157162     5.7809     6.1495     4.0637    92.1022 1.0000e-12  -74.14696 -113.44630  22.608318      99.77 9.2727e+02    551.663      13241  1027.7085  1027.7073    33.8867    33.8852    8.35614         45 0.0000e+00
     94.000     93.006    -1.3007  27.160619    -1.3005  27.159820     5.7784     6.1408     3.3771    92.4080 1.0000e-12  -74.14696 -113.44630  22.608340      99.75 9.2865e+02    553.580      13287  1027.7138  1027.7128    33.8875    33.8862    8.35552         37 0.0000e+00
     95.000     93.995    -1.3005  27.161648    -1.3001  27.161033     5.7734     6.1318     2.1443    92.1303 1.0000e-12  -74.14696 -113.44631  22.608361      99.76 9.2948e+02    555.354      13330  1027.7191  1027.7180    33.8881    33.8868    8.35546         42 0.0000e+00
     96.000     94.985    -1.3005  27.162500    -1.2995  27.162113     5.7704     6.1281     3.7200    92.3525 1.0000e-12  -74.14696 -113.44631  22.608383      99.74 9.2954e+02    557.281      13376  1027.7244  1027.7230    33.8886    33.8870    8.35541         35 0.0000e+00
     97.000     95.975    -1.3011  27.162566    -1.3005  27.161878     5.7898     6.1362     2.4147    92.2658 1.0000e-12  -74.14696 -113.44631  22.608405      99.77 9.2962e+02    559.168      13421  1027.7294  1027.7281    33.8888    33.8872    8.35554         39 0.0000e+00
     98.000     96.962    -1.3057  27.158170    -1.3020  27.160919     5.8043     6.1483     4.2182    92.9140 1.0000e-12  -74.14696 -113.44632  22.608426      93.69 9.3203e+02    561.018      13465  1027.7333  1027.7328    33.8874    33.8869    8.35667         40 0.0000e+00
     99.000     97.952    -1.3072  27.157530    -1.3050  27.158443     5.7948     6.1482     3.0959    93.2407 1.0000e-12  -74.14696 -113.44632  22.608448     100.01 9.3239e+02    562.918      13511  1027.7383  1027.7372    33.8875    33.8863    8.35698         36 0.0000e+00
    100.000     98.941    -1.3037  27.161265    -1.3039  27.160099     5.7736     6.1282     2.5704    92.9441 1.0000e-12  -74.14697 -113.44632  22.608470      99.79 9.3108e+02    564.832      13557  1027.7433  1027.7423    33.8881    33.8867    8.35618         40 0.0000e+00
    101.000     99.931    -1.3024  27.163210    -1.3008  27.163701     5.7517     6.1151     2.6803    93.2048 1.0000e-12  -74.14697 -113.44632  22.608491      99.78 9.3603e+02    566.662      13601  1027.7485  1027.7475    33.8886    33.8875    8.35584         39 0.0000e+00
    102.000    100.919    -1.2997  27.166918    -1.2993  27.166165     5.7415     6.1016     4.1312    93.5118 1.0000e-12  -74.14697 -113.44632  22.608514      99.77 9.3538e+02    568.605      13648  1027.7543  1027.7531    33.8900    33.8885    8.35516         45 0.0000e+00
    103.000    101.909    -1.2990  27.168385    -1.2986  27.167644     5.7430     6.0957     2.4883    93.8155 1.0000e-12  -74.14697 -113.44631  22.608536      99.77 9.3486e+02    570.486      13693  1027.7596  1027.7584    33.8906    33.8892    8.35496         41 0.0000e+00
    104.000    102.898    -1.3007  27.167641    -1.3006  27.166522     5.7388     6.0948     2.4802    93.7891 1.0000e-12  -74.14696 -113.44630  22.608557      99.77 9.3765e+02    572.306      13736  1027.7647  1027.7635    33.8909    33.8893    8.35532         36 0.0000e+00
    105.000    103.886    -1.3007  27.168226    -1.2998  27.167888     5.7331     6.0941     1.9158    94.0847 1.0000e-12  -74.14696 -113.44630  22.608579      94.99 9.3674e+02    574.222      13782  1027.7697  1027.7684    33.8911    33.8896    8.35532         41 0.0000e+00
    106.000    104.876    -1.3003  27.168893    -1.3004  27.167876     5.7359     6.0824     2.2127    93.6427 1.0000e-12  -74.14698 -113.44630  22.608602      99.58 9.3615e+02    576.182      13829  1027.7744  1027.7733    33.8910    33.8897    8.35525         39 0.0000e+00
    107.000    105.865    -1.3006  27.169709    -1.2997  27.169331     5.7184     6.0664     1.4312    94.2444 1.0000e-12  -74.14698 -113.44630  22.608624      99.76 9.3909e+02    578.142      13876  1027.7798  1027.7785    33.8917    33.8902    8.35525         43 0.0000e+00
    108.000    106.854    -1.2984  27.172823    -1.2978  27.172278     5.7042     6.0665     2.0374    94.5987 1.0000e-12  -74.14697 -113.44630  22.608646      99.76 9.3802e+02    579.983      13921  1027.7855  1027.7843    33.8929    33.8915    8.35469         46 0.0000e+00
    109.000    107.844    -1.2959  27.176305    -1.2967  27.173905     5.6826     6.0378     1.7217    94.4334 1.0000e-12  -74.14696 -113.44630  22.608669      99.78 9.3785e+02    581.993      13969  1027.7911  1027.7892    33.8942    33.8918    8.35406         44 0.0000e+00
    110.000    108.833    -1.2921  27.181021    -1.2918  27.179926     5.6686     6.0274     2.7213    93.8448 1.0000e-12  -74.14696 -113.44630  22.608691      99.80 9.4102e+02    583.911      14015  1027.7970  1027.7955    33.8958    33.8939    8.35311         39 0.0000e+00
    111.000    109.822    -1.2925  27.180826    -1.2920  27.180166     5.6684     6.0227     1.5678    94.3478 1.0000e-12  -74.14696 -113.44630  22.608712      95.89 9.3980e+02    585.679      14057  1027.8015  1027.8003    33.8954    33.8939    8.35323         37 0.0000e+00
    112.000    110.810    -1.2914  27.182539    -1.2908  27.181979     5.6264     5.9830     1.5331    94.4333 1.0000e-12  -74.14696 -113.44630  22.608730      70.69 9.3895e+02    587.249      14095  1027.8067  1027.8054    33.8958    33.8943    8.35295         36 0.0000e+00
    113.000    111.800    -1.2847  27.191988    -1.2841  27.191114     5.5910     5.9511     1.9419    94.3605 1.0000e-12  -74.14696 -113.44630  22.608748      99.20 9.4149e+02    588.840      14133  1027.8149  1027.8134    33.9006    33.8987    8.35117         38 0.0000e+00
    114.000    112.789    -1.2801  27.198125    -1.2803  27.196795     5.5743     5.9307     1.6791    94.6916 1.0000e-12  -74.14696 -113.44630  22.608765      99.22 9.4155e+02    590.329      14169  1027.8216  1027.8203    33.9032    33.9015    8.34999         32 0.0000e+00
    115.000    113.778    -1.2779  27.201493    -1.2772  27.201134     5.5722     5.9162     1.2096    94.4056 1.0000e-12  -74.14696 -113.44630  22.608780      98.99 9.4074e+02    591.595      14199  1027.8276  1027.8265    33.9047    33.9034    8.34941         30 0.0000e+00
    116.000    114.767    -1.2747  27.205977    -1.2742  27.205466     5.5579     5.9011     1.0290    94.0815 1.0000e-12  -74.14696 -113.44630  22.608795      98.33 9.4198e+02    592.849      14229  1027.8338  1027.8327    33.9066    33.9053    8.34858         31 0.0000e+00
