ocean_section_plots/required_files/ctd/dnbp2202_ctd157.cnv
* Sea-Bird SBE 9 Data File:
* FileName = D:\Data\raw\NBP2202_CTD157.hex
* Software Version Seasave V 7.26.7.121
* Temperature SN = 1649
* Conductivity SN = 2513
* Number of Bytes Per Scan = 40
* Number of Voltage Words = 5
* Number of Scans Averaged by the Deck Unit = 1
* NMEA Latitude = 74 13.67 S
* NMEA Longitude = 112 04.02 W
* NMEA UTC (Time) = Jan 31 2022  21:24:04
* NMEA baud rate = 9600
** Ship: RVIB N.B. Palmer
** Cruise: NBP2202 Thwaites
** Station: 79
** Operator: A. Robinson
# nquan = 28
# nvalues = 504                         
# units = specified
# name 0 = prDM: Pressure, Digiquartz [db]
# name 1 = depSM: Depth [salt water, m]
# name 2 = t090C: Temperature [ITS-90, deg C]
# name 3 = c0mS/cm: Conductivity [mS/cm]
# name 4 = t190C: Temperature, 2 [ITS-90, deg C]
# name 5 = c1mS/cm: Conductivity, 2 [mS/cm]
# name 6 = sbeox0ML/L: Oxygen, SBE 43 [ml/l]
# name 7 = sbeox1ML/L: Oxygen, SBE 43, 2 [ml/l]
# name 8 = flECO-AFL: Fluorescence, WET Labs ECO-AFL/FL [mg/m^3]
# name 9 = CStarTr0: Beam Transmission, WET Labs C-Star [%]
# name 10 = par: PAR/Irradiance, Biospherical/Licor
# name 11 = latitude: Latitude [deg]
# name 12 = longitude: Longitude [deg]
# name 13 = timeJ: Julian Days
# name 14 = altM: Altimeter [m]
# name 15 = spar: SPAR, Biospherical/Licor
# name 16 = timeS: Time, Elapsed [seconds]
# name 17 = scan: Scan Count
# name 18 = density00: Density [density, kg/m^3]
# name 19 = density11: Density, 2 [density, kg/m^3]
# name 20 = v3: Voltage 3
# name 21 = v4: Voltage 4
# name 22 = v5: Voltage 5
# name 23 = sal00: Salinity, Practical [PSU]
# name 24 = sal11: Salinity, Practical, 2 [PSU]
# name 25 = oxsolML/L: Oxygen Saturation, Garcia & Gordon [ml/l]
# name 26 = nbin: number of scans per bin
# name 27 = flag: flag
# span 0 =      3.000,    506.000       
# span 1 =      2.970,    500.154       
# span 2 =    -1.4530,    -0.1114       
# span 3 =  26.998290,  28.668731       
# span 4 =    -1.4533,    -0.1093       
# span 5 =  26.998484,  28.668420       
# span 6 =     4.8676,     8.7083       
# span 7 =     4.9792,     8.6329       
# span 8 =     0.0036,    15.9353       
# span 9 =    71.1527,    93.6871       
# span 10 = 1.0000e-12, 9.5185e+02      
# span 11 =  -74.22789,  -74.22786      
# span 12 = -112.06706, -112.06700      
# span 13 =  31.894357,  31.901952      
# span 14 =      73.79,     107.18      
# span 15 = 1.9155e+03, 1.9423e+03      
# span 16 =    228.428,    884.667      
# span 17 =       5483,      21233      
# span 18 =  1027.1957,  1029.9728      
# span 19 =  1027.1944,  1029.9715      
# span 20 =     3.3761,     4.4444      
# span 21 =     0.0695,     2.4061      
# span 22 =     0.1150,     0.2138      
# span 23 =    33.7976,    34.3325      
# span 24 =    33.8007,    34.3298      
# span 25 =    8.07115,    8.38439      
# span 26 =         16,         47      
# span 27 = 0.0000e+00, 0.0000e+00      
# interval = decibars: 1                
# start_time = Jan 31 2022 21:24:04 [NMEA time, header]
# bad_flag = -9.990e-29
*END*
[from data line 467]
    470.000    464.608    -0.3421  28.424215    -0.3404  28.423672     5.0338     5.1586     0.0150    93.5494 1.0000e-12  -74.22788 -112.06704  31.900967      98.92 1.9381e+03    799.542      19190  1029.7799  1029.7777     4.4379     0.0737     0.1223    34.2869    34.2844    8.12272         24 0.0000e+00
    471.000    465.594    -0.3340  28.432851    -0.3321  28.432008     5.0243     5.1503     0.0140    93.5294 1.0000e-12  -74.22788 -112.06704  31.900979      99.80 1.9377e+03    800.578      19215  1029.7857  1029.7830     4.4370     0.0729     0.1202    34.2888    34.2856    8.12089         25 0.0000e+00
    472.000    466.582    -0.3210  28.445490    -0.3191  28.444903     5.0146     5.1346     0.0182    93.5267 1.0000e-12  -74.22788 -112.06704  31.900991      99.81 1.9376e+03    801.602      19239  1029.7910  1029.7885     4.4368     0.0734     0.1175    34.2905    34.2875    8.11803         23 0.0000e+00
    473.000    467.567    -0.3115  28.455724    -0.3098  28.454671     5.0063     5.1215     0.0207    93.5485 1.0000e-12  -74.22788 -112.06704  31.901002      99.81 1.9392e+03    802.561      19262  1029.7972  1029.7944     4.4379     0.0739     0.1187    34.2928    34.2896    8.11587         23 0.0000e+00
    474.000    468.558    -0.2910  28.476287    -0.2892  28.475315     4.9919     5.1129     0.0243    93.5417 1.0000e-12  -74.22788 -112.06704  31.901013      99.81 1.9397e+03    803.481      19285  1029.8034  1029.8006     4.4376     0.0741     0.1246    34.2966    34.2933    8.11128         22 0.0000e+00
    475.000    469.544    -0.2808  28.486627    -0.2797  28.485223     4.9857     5.1077     0.0238    93.5580 1.0000e-12  -74.22788 -112.06704  31.901024      99.81 1.9387e+03    804.472      19308  1029.8090  1029.8064     4.4383     0.0726     0.1216    34.2984    34.2952    8.10901         26 0.0000e+00
    476.000    470.532    -0.2684  28.499325    -0.2668  28.498179     4.9754     5.0911     0.0160    93.5400 1.0000e-12  -74.22788 -112.06704  31.901037      99.81 1.9384e+03    805.588      19335  1029.8148  1029.8121     4.4375     0.0736     0.1213    34.3007    34.2974    8.10623         28 0.0000e+00
    477.000    471.518    -0.2594  28.508104    -0.2560  28.509198     4.9618     5.0854     0.0264    93.5463 1.0000e-12  -74.22788 -112.06704  31.901050      99.80 1.9392e+03    806.737      19363  1029.8200  1029.8179     4.4377     0.0732     0.1249    34.3017    34.2994    8.10426         26 0.0000e+00
    478.000    472.507    -0.2457  28.522742    -0.2437  28.521902     4.9574     5.0755     0.0330    93.5231 1.0000e-12  -74.22788 -112.06704  31.901061      99.81 1.9390e+03    807.697      19386  1029.8266  1029.8238     4.4367     0.0738     0.1247    34.3052    34.3019    8.10115         20 0.0000e+00
    479.000    473.493    -0.2384  28.529855    -0.2366  28.529153     4.9554     5.0691     0.0215    93.5312 1.0000e-12  -74.22788 -112.06704  31.901071      99.80 1.9393e+03    808.531      19406  1029.8315  1029.8291     4.4370     0.0730     0.1216    34.3059    34.3030    8.09956         20 0.0000e+00
    480.000    474.481    -0.2319  28.536332    -0.2310  28.534887     4.9516     5.0698     0.0144    93.5038 1.0000e-12  -74.22788 -112.06704  31.901081      99.81 1.9392e+03    809.400      19427  1029.8366  1029.8342     4.4358     0.0727     0.1178    34.3066    34.3037    8.09814         23 0.0000e+00
    481.000    475.469    -0.2281  28.540580    -0.2259  28.540170     4.9439     5.0615     0.0143    93.5291 1.0000e-12  -74.22788 -112.06704  31.901093      84.95 1.9392e+03    810.473      19452  1029.8418  1029.8393     4.4369     0.0695     0.1246    34.3074    34.3044    8.09728         29 0.0000e+00
    482.000    476.455    -0.2222  28.546608    -0.2186  28.547742     4.9400     5.0579     0.0138    93.5278 1.0000e-12  -74.22788 -112.06704  31.901107      95.03 1.9392e+03    811.687      19481  1029.8470  1029.8447     4.4369     0.0732     0.1199    34.3082    34.3057    8.09598         28 0.0000e+00
    483.000    477.443    -0.2148  28.554523    -0.2141  28.552660     4.9311     5.0529     0.0206    93.5113 1.0000e-12  -74.22788 -112.06704  31.901121      99.88 1.9395e+03    812.829      19509  1029.8527  1029.8502     4.4361     0.0735     0.1201    34.3099    34.3066    8.09433         26 0.0000e+00
    484.000    478.429    -0.2057  28.563549    -0.2038  28.563268     4.9312     5.0509     0.0209    93.5149 1.0000e-12  -74.22788 -112.06704  31.901132      99.81 1.9389e+03    813.827      19533  1029.8579  1029.8556     4.4363     0.0742     0.1244    34.3111    34.3085    8.09233         22 0.0000e+00
    485.000    479.418    -0.2016  28.568416    -0.1996  28.567831     4.9312     5.0413     0.0155    93.5145 1.0000e-12  -74.22788 -112.06704  31.901143      99.81 1.9392e+03    814.790      19556  1029.8634  1029.8609     4.4363     0.0732     0.1202    34.3123    34.3093    8.09138         26 0.0000e+00
    486.000    480.405    -0.1923  28.577889    -0.1908  28.577027     4.9201     5.0390     0.0192    93.5166 1.0000e-12  -74.22788 -112.06704  31.901157      99.81 1.9421e+03    815.982      19585  1029.8689  1029.8665     4.4364     0.0744     0.1199    34.3139    34.3110    8.08932         31 0.0000e+00
    487.000    481.392    -0.1872  28.583405    -0.1859  28.582382     4.9169     5.0367     0.0200    93.5166 1.0000e-12  -74.22788 -112.06704  31.901172      99.81 1.9415e+03    817.294      19616  1029.8742  1029.8718     4.4364     0.0745     0.1219    34.3149    34.3120    8.08818         31 0.0000e+00
    488.000    482.380    -0.1853  28.585772    -0.1833  28.585489     4.9202     5.0261     0.0139    93.5173 1.0000e-12  -74.22788 -112.06704  31.901187      99.81 1.9392e+03    818.565      19647  1029.8793  1029.8771     4.4364     0.0735     0.1195    34.3153    34.3127    8.08775         29 0.0000e+00
    489.000    483.366    -0.1812  28.590609    -0.1786  28.590565     4.9127     5.0177     0.0167    93.5195 1.0000e-12  -74.22788 -112.06704  31.901201      99.81 1.9365e+03    819.768      19675  1029.8849  1029.8824     4.4365     0.0732     0.1198    34.3166    34.3136    8.08682         30 0.0000e+00
    490.000    484.354    -0.1656  28.606777    -0.1634  28.606321     4.9074     5.0213     0.0175    93.5083 1.0000e-12  -74.22788 -112.06703  31.901216      99.81 1.9393e+03    821.056      19706  1029.8911  1029.8885     4.4360     0.0737     0.1231    34.3199    34.3169    8.08332         32 0.0000e+00
    491.000    485.341    -0.1633  28.609350    -0.1613  28.609021     4.9074     5.0148     0.0240    93.5244 1.0000e-12  -74.22788 -112.06702  31.901231      99.81 1.9358e+03    822.404      19739  1029.8962  1029.8939     4.4367     0.0729     0.1215    34.3202    34.3175    8.08283         33 0.0000e+00
    492.000    486.329    -0.1630  28.610400    -0.1610  28.610093     4.9111     5.0184     0.0219    93.5090 1.0000e-12  -74.22788 -112.06702  31.901248      88.28 1.9374e+03    823.804      19772  1029.9014  1029.8991     4.4360     0.0705     0.1229    34.3207    34.3180    8.08273         31 0.0000e+00
    493.000    487.316    -0.1622  28.611588    -0.1604  28.611207     4.9082     5.0187     0.0216    93.4988 1.0000e-12  -74.22788 -112.06702  31.901265      98.34 1.9382e+03    825.270      19807  1029.9063  1029.9042     4.4355     0.0726     0.1210    34.3208    34.3183    8.08256         32 0.0000e+00
    494.000    488.304    -0.1615  28.612952    -0.1596  28.612635     4.9099     5.0200     0.0216    93.5274 1.0000e-12  -74.22788 -112.06702  31.901280      99.83 1.9372e+03    826.597      19839  1029.9114  1029.9093     4.4369     0.0740     0.1225    34.3211    34.3187    8.08238         29 0.0000e+00
    495.000    489.290    -0.1603  28.614703    -0.1588  28.613845     4.9117     5.0214     0.0216    93.5116 1.0000e-12  -74.22788 -112.06702  31.901295      99.81 1.9391e+03    827.854      19869  1029.9165  1029.9142     4.4361     0.0752     0.1218    34.3215    34.3188    8.08211         33 0.0000e+00
    496.000    490.277    -0.1599  28.615620    -0.1577  28.615566     4.9109     5.0122     0.0214    93.5188 1.0000e-12  -74.22787 -112.06702  31.901314      99.81 1.9390e+03    829.497      19909  1029.9214  1029.9192     4.4365     0.0736     0.1217    34.3217    34.3192    8.08201         38 0.0000e+00
    497.000    491.265    -0.1598  28.616147    -0.1575  28.616163     4.9039     5.0199     0.0242    93.5146 1.0000e-12  -74.22788 -112.06702  31.901339      99.81 1.9350e+03    831.667      19961  1029.9263  1029.9241     4.4363     0.0730     0.1212    34.3217    34.3191    8.08199         41 0.0000e+00
    498.000    492.252    -0.1591  28.617325    -0.1578  28.616501     4.9037     5.0137     0.0140    93.5267 1.0000e-12  -74.22788 -112.06702  31.901355      99.81 1.9370e+03    833.094      19995  1029.9312  1029.9291     4.4368     0.0744     0.1209    34.3220    34.3194    8.08184         31 0.0000e+00
    499.000    493.240    -0.1541  28.622812    -0.1517  28.622592     4.9014     5.0128     0.0143    93.5218 1.0000e-12  -74.22788 -112.06702  31.901371      99.81 1.9376e+03    834.491      20029  1029.9363  1029.9338     4.4366     0.0737     0.1228    34.3230    34.3200    8.08071         36 0.0000e+00
    500.000    494.227    -0.1391  28.639002    -0.1369  28.638442     4.8902     4.9999     0.0199    93.5222 1.0000e-12  -74.22788 -112.06702  31.901408      89.47 1.9356e+03    837.685      20105  1029.9432  1029.9405     4.4367     0.0714     0.1283    34.3271    34.3238    8.07731         38 0.0000e+00
    501.000    495.212    -0.1262  28.652163    -0.1237  28.651956     4.8805     4.9916     0.0189    93.5042 1.0000e-12  -74.22788 -112.06704  31.901446     100.39 1.9337e+03    840.937      20183  1029.9490  1029.9463     4.4357     0.0744     0.1208    34.3295    34.3264    8.07445         36 0.0000e+00
    502.000    496.201    -0.1249  28.653661    -0.1227  28.653414     4.8780     4.9908     0.0194    93.5120 1.0000e-12  -74.22788 -112.06703  31.901485      99.81 1.9384e+03    844.319      20265  1029.9537  1029.9514     4.4361     0.0730     0.1272    34.3294    34.3266    8.07417         37 0.0000e+00
    503.000    497.187    -0.1213  28.657793    -0.1193  28.657373     4.8750     4.9882     0.0184    93.4907 1.0000e-12  -74.22788 -112.06703  31.901506      99.81 1.9372e+03    846.162      20309  1029.9589  1029.9565     4.4352     0.0741     0.1209    34.3303    34.3274    8.07337         40 0.0000e+00
    504.000    498.177    -0.1156  28.664306    -0.1138  28.663481     4.8676     4.9891     0.0288    93.5170 1.0000e-12  -74.22788 -112.06704  31.901548      91.44 1.9375e+03    849.781      20396  1029.9647  1029.9620     4.4364     0.0734     0.1218    34.3319    34.3288    8.07207         36 0.0000e+00
    505.000    499.163    -0.1114  28.668731    -0.1093  28.668420     4.8689     4.9792     0.0217    93.5177 1.0000e-12  -74.22788 -112.06704  31.901570      96.47 1.9340e+03    851.617      20440  1029.9695  1029.9672     4.4364     0.0717     0.1207    34.3325    34.3298    8.07115         35 0.0000e+00
    506.000    500.154    -0.1284  28.651964    -0.1212  28.657214     4.8755     4.9948     0.0192    93.5095 1.0000e-12  -74.22788 -112.06704  31.901952      91.20 1.9319e+03    884.667      21233  1029.9728  1029.9715     4.4361     0.0717     0.1227    34.3287    34.3276    8.07495         30 0.0000e+00
