ocean_section_plots/required_files/ctd/dnbp2202_ctd029.cnv
* Sea-Bird SBE 9 Data File:
* FileName = D:\Data\raw\NBP2202_CTD029.hex
* Software Version Seasave V 7.26.7.121
* Temperature SN = 1649
* Conductivity SN = 2513
* Number of Bytes Per Scan = 40
* Number of Voltage Words = 5
* Number of Scans Averaged by the Deck Unit = 1
* NMEA Latitude = 74 13.69 S
* NMEA Longitude = 112 08.97 W
* NMEA UTC (Time) = Jan 21 2022  10:22:55
* NMEA baud rate = 9600
** Ship: RVIB N.B. Palmer
** Cruise: NBP2202 Thwaites
** Station: 16
** Operator: B. Bjork
# nquan = 25
# nvalues = 932                         
# units = specified
# name 0 = prDM: Pressure, Digiquartz [db]
# name 1 = depSM: Depth [salt water, m]
# name 2 = t090C: Temperature [ITS-90, deg C]
# name 3 = c0mS/cm: Conductivity [mS/cm]
# name 4 = t190C: Temperature, 2 [ITS-90, deg C]
# name 5 = c1mS/cm: Conductivity, 2 [mS/cm]
# name 6 = sbeox0ML/L: Oxygen, SBE 43 [ml/l]
# name 7 = sbeox1ML/L: Oxygen, SBE 43, 2 [ml/l]
# name 8 = flECO-AFL: Fluorescence, WET Labs ECO-AFL/FL [mg/m^3]
# name 9 = CStarTr0: Beam Transmission, WET Labs C-Star [%]
# name 10 = par: PAR/Irradiance, Biospherical/Licor
# name 11 = latitude: Latitude [deg]
# name 12 = longitude: Longitude [deg]
# name 13 = timeJ: Julian Days
# name 14 = altM: Altimeter [m]
# name 15 = spar: SPAR, Biospherical/Licor
# name 16 = timeS: Time, Elapsed [seconds]
# name 17 = scan: Scan Count
# name 18 = density00: Density [density, kg/m^3]
# name 19 = density11: Density, 2 [density, kg/m^3]
# name 20 = sal00: Salinity, Practical [PSU]
# name 21 = sal11: Salinity, Practical, 2 [PSU]
# name 22 = oxsolML/L: Oxygen Saturation, Garcia & Gordon [ml/l]
# name 23 = nbin: number of scans per bin
# name 24 = flag: flag
# span 0 =      2.000,    933.000       
# span 1 =      1.978,    921.270       
# span 2 =    -1.4653,     0.5028       
# span 3 =  27.085967,  29.543446       
# span 4 =    -1.4644,     0.5052       
# span 5 =  27.086034,  29.543500       
# span 6 =     4.5836,     8.1340       
# span 7 =     4.8063,     8.1026       
# span 8 =    -0.0116,    17.2438       
# span 9 =    74.4998,    97.5842       
# span 10 = -5.156e-05, 5.8189e+01      
# span 11 =  -74.22820,  -74.22818      
# span 12 = -112.14969, -112.14958      
# span 13 =  21.435257,  21.450213      
# span 14 =       8.58,     100.55      
# span 15 = 8.8703e+02, 9.7141e+02      
# span 16 =    231.185,   1523.379      
# span 17 =       5549,      36562      
# span 18 =  1027.1933,  1032.1028      
# span 19 =  1027.1951,  1032.1005      
# span 20 =    33.8030,    34.5482      
# span 21 =    33.8051,    34.5454      
# span 22 =    7.93130,    8.38917      
# span 23 =         21,         55      
# span 24 = 0.0000e+00, 0.0000e+00      
# interval = decibars: 1                
# start_time = Jan 21 2022 10:22:55 [NMEA time, header]
# bad_flag = -9.990e-29
*END*
[from data line 406]
    408.000    403.379    -0.9779  27.797127    -0.9760  27.795767     5.7316     6.0477     0.0045    97.5140 1.0000e-12  -74.22818 -112.14962  21.442215      99.88 9.2917e+02    832.417      19979  1029.4500  1029.4468    34.1975    34.1935    8.26565         27 0.0000e+00
    409.000    404.367    -0.9626  27.812696    -0.9610  27.812042     5.7064     6.0224    -0.0042    97.5016 1.0000e-12  -74.22818 -112.14961  21.442228      99.89 9.2904e+02    833.541      20006  1029.4565  1029.4542    34.2007    34.1980    8.26210         27 0.0000e+00
    410.000    405.353    -0.9572  27.818816    -0.9557  27.817633     5.7022     6.0089     0.0055    97.5038 1.0000e-12  -74.22818 -112.14961  21.442241      99.87 9.2904e+02    834.642      20032  1029.4623  1029.4596    34.2023    34.1990    8.26083         26 0.0000e+00
    411.000    406.342    -0.9449  27.830489    -0.9424  27.830297     5.7044     6.0039     0.0007    97.4958 1.0000e-12  -74.22818 -112.14961  21.442254      99.88 9.2904e+02    835.737      20059  1029.4675  1029.4648    34.2037    34.2006    8.25806         26 0.0000e+00
    412.000    407.329    -0.9422  27.833357    -0.9404  27.832853     5.7018     6.0088     0.0083    97.4940 1.0000e-12  -74.22818 -112.14961  21.442267      99.88 9.2904e+02    836.844      20085  1029.4724  1029.4701    34.2038    34.2011    8.25744         27 0.0000e+00
    413.000    408.317    -0.9411  27.834872    -0.9395  27.834171     5.6972     6.0014     0.0096    97.4769 1.0000e-12  -74.22818 -112.14961  21.442280      99.88 9.2904e+02    837.952      20112  1029.4775  1029.4752    34.2040    34.2013    8.25719         27 0.0000e+00
    414.000    409.304    -0.9416  27.834806    -0.9397  27.834428     5.7023     6.0055     0.0115    97.4553 1.0000e-12  -74.22818 -112.14960  21.442292      99.88 9.2904e+02    839.060      20138  1029.4824  1029.4801    34.2039    34.2013    8.25731         26 0.0000e+00
    415.000    410.292    -0.9419  27.834991    -0.9401  27.834588     5.7051     6.0083     0.0029    97.4753 1.0000e-12  -74.22818 -112.14962  21.442305      99.88 9.2904e+02    840.159      20165  1029.4873  1029.4850    34.2039    34.2013    8.25737         26 0.0000e+00
    416.000    411.280    -0.9421  27.835112    -0.9406  27.834541     5.7025     5.9956     0.0139    97.4550 1.0000e-12  -74.22818 -112.14960  21.442318      99.88 9.2904e+02    841.243      20191  1029.4920  1029.4900    34.2037    34.2012    8.25743         26 0.0000e+00
    417.000    412.267    -0.9441  27.834015    -0.9425  27.833444     5.6846     5.9802     0.0091    97.4311 1.0000e-12  -74.22818 -112.14962  21.442330      99.89 9.2904e+02    842.332      20217  1029.4972  1029.4950    34.2038    34.2013    8.25785         27 0.0000e+00
    418.000    413.256    -0.9340  27.844774    -0.9306  27.845578     5.6727     5.9730     0.0140    97.4650 1.0000e-12  -74.22818 -112.14960  21.442343      92.99 9.2904e+02    843.434      20243  1029.5033  1029.5009    34.2064    34.2036    8.25549         26 0.0000e+00
    419.000    414.242    -0.9289  27.850036    -0.9266  27.849786     5.6593     5.9560     0.0086    97.4796 1.0000e-12  -74.22818 -112.14961  21.442356      99.19 9.2904e+02    844.536      20270  1029.5084  1029.5059    34.2072    34.2042    8.25433         27 0.0000e+00
    420.000    415.231    -0.9229  27.855884    -0.9221  27.854431     5.6374     5.9313     0.0100    97.4702 1.0000e-12  -74.22818 -112.14962  21.442368      99.87 9.2928e+02    845.639      20296  1029.5133  1029.5110    34.2077    34.2048    8.25298         26 0.0000e+00
    421.000    416.217    -0.9102  27.869333    -0.9082  27.868445     5.6160     5.9198     0.0135    97.4205 1.0000e-12  -74.22818 -112.14962  21.442381      99.88 9.2995e+02    846.752      20323  1029.5197  1029.5168    34.2109    34.2074    8.25000         27 0.0000e+00
    422.000    417.206    -0.8988  27.880429    -0.8958  27.880935     5.6034     5.8972     0.0110    97.4444 1.0000e-12  -74.22818 -112.14960  21.442394      99.89 9.2917e+02    847.875      20350  1029.5250  1029.5227    34.2125    34.2098    8.24742         27 0.0000e+00
    423.000    418.194    -0.8953  27.884480    -0.8923  27.884883     5.5866     5.8809     0.0129    97.4672 1.0000e-12  -74.22818 -112.14960  21.442407      99.88 9.2911e+02    848.994      20377  1029.5304  1029.5279    34.2133    34.2105    8.24659         27 0.0000e+00
    424.000    419.180    -0.8774  27.901903    -0.8748  27.901601     5.5658     5.8610     0.0110    97.4796 1.0000e-12  -74.22818 -112.14960  21.442420      99.88 9.3014e+02    850.115      20404  1029.5361  1029.5333    34.2161    34.2128    8.24252         27 0.0000e+00
    425.000    420.168    -0.8671  27.911817    -0.8650  27.911251     5.5444     5.8445     0.0180    97.4760 1.0000e-12  -74.22818 -112.14960  21.442433      99.88 9.3033e+02    851.230      20431  1029.5413  1029.5386    34.2173    34.2141    8.24020         26 0.0000e+00
    426.000    421.157    -0.8502  27.928230    -0.8489  27.926720     5.5403     5.8359     0.0224    97.4453 1.0000e-12  -74.22818 -112.14960  21.442446      99.89 9.3028e+02    852.334      20457  1029.5469  1029.5441    34.2198    34.2163    8.23636         27 0.0000e+00
    427.000    422.143    -0.8393  27.938538    -0.8374  27.938068     5.5222     5.8104     0.0146    97.4387 1.0000e-12  -74.22818 -112.14960  21.442459      99.88 9.3028e+02    853.449      20484  1029.5519  1029.5495    34.2208    34.2180    8.23392         27 0.0000e+00
    428.000    423.132    -0.8338  27.944556    -0.8300  27.945406     5.4985     5.7921     0.0151    97.4585 1.0000e-12  -74.22818 -112.14960  21.442472      99.88 9.3079e+02    854.571      20511  1029.5575  1029.5547    34.2221    34.2189    8.23264         27 0.0000e+00
    429.000    424.120    -0.8110  27.966531    -0.8083  27.966095     5.4822     5.7765     0.0160    97.4257 1.0000e-12  -74.22818 -112.14960  21.442485      76.90 9.3080e+02    855.683      20537  1029.5633  1029.5602    34.2254    34.2218    8.22746         26 0.0000e+00
    430.000    425.107    -0.7967  27.979992    -0.7946  27.979470     5.4720     5.7671     0.0200    97.3803 1.0000e-12  -74.22818 -112.14960  21.442498      89.52 9.3080e+02    856.796      20564  1029.5684  1029.5658    34.2268    34.2237    8.22426         27 0.0000e+00
    431.000    426.094    -0.7915  27.985444    -0.7888  27.985280     5.4498     5.7521     0.0289    97.4327 1.0000e-12  -74.22818 -112.14960  21.442510      99.92 9.3080e+02    857.901      20591  1029.5737  1029.5710    34.2277    34.2245    8.22308         26 0.0000e+00
    432.000    427.082    -0.7773  27.999133    -0.7750  27.998596     5.4434     5.7381     0.0276    97.4358 1.0000e-12  -74.22818 -112.14960  21.442523      99.88 9.3080e+02    858.994      20617  1029.5792  1029.5763    34.2296    34.2262    8.21989         27 0.0000e+00
    433.000    428.070    -0.7656  28.010401    -0.7636  28.009689     5.4388     5.7282     0.0203    97.4335 1.0000e-12  -74.22818 -112.14960  21.442536      99.88 9.3080e+02    860.095      20643  1029.5843  1029.5816    34.2309    34.2277    8.21725         26 0.0000e+00
    434.000    429.057    -0.7607  28.015272    -0.7588  28.014729     5.4417     5.7202     0.0216    97.3890 1.0000e-12  -74.22818 -112.14960  21.442549      99.88 9.3080e+02    861.210      20670  1029.5894  1029.5870    34.2314    34.2285    8.21617         27 0.0000e+00
    435.000    430.045    -0.7539  28.022209    -0.7517  28.021768     5.4404     5.7156     0.0165    97.4433 1.0000e-12  -74.22818 -112.14960  21.442562      99.89 9.3080e+02    862.330      20697  1029.5947  1029.5921    34.2325    34.2294    8.21462         27 0.0000e+00
    436.000    431.032    -0.7511  28.024937    -0.7496  28.024119     5.4349     5.7143     0.0302    97.4264 1.0000e-12  -74.22818 -112.14960  21.442575      99.88 9.3132e+02    863.449      20724  1029.5994  1029.5971    34.2324    34.2296    8.21402         27 0.0000e+00
    437.000    432.020    -0.7512  28.025376    -0.7490  28.025211     5.4392     5.7150     0.0351    97.3947 1.0000e-12  -74.22818 -112.14960  21.442588      99.88 9.3121e+02    864.567      20751  1029.6044  1029.6021    34.2324    34.2297    8.21402         26 0.0000e+00
    438.000    433.008    -0.7508  28.026068    -0.7487  28.025748     5.4362     5.7158     0.0256    97.3921 1.0000e-12  -74.22818 -112.14960  21.442600      99.88 9.3199e+02    865.680      20777  1029.6093  1029.6069    34.2323    34.2295    8.21395         28 0.0000e+00
    439.000    433.995    -0.7501  28.027135    -0.7486  28.026136     5.4293     5.7190     0.0311    97.4255 1.0000e-12  -74.22818 -112.14960  21.442614      99.89 9.3291e+02    866.887      20806  1029.6142  1029.6117    34.2324    34.2293    8.21380         30 0.0000e+00
    440.000    434.982    -0.7472  28.030308    -0.7452  28.029542     5.4288     5.7087     0.0353    97.4078 1.0000e-12  -74.22818 -112.14960  21.442629      99.88 9.3300e+02    868.180      20837  1029.6192  1029.6165    34.2328    34.2296    8.21314         32 0.0000e+00
    441.000    435.970    -0.7425  28.035105    -0.7400  28.034970     5.4150     5.6926     0.0278    97.4089 1.0000e-12  -74.22818 -112.14960  21.442645      82.16 9.3375e+02    869.488      20869  1029.6241  1029.6216    34.2333    34.2303    8.21208         31 0.0000e+00
    442.000    436.957    -0.7316  28.045899    -0.7296  28.045118     5.4004     5.6786     0.0248    97.4077 1.0000e-12  -74.22818 -112.14960  21.442659      96.17 9.3409e+02    870.766      20899  1029.6295  1029.6268    34.2350    34.2317    8.20962         30 0.0000e+00
    443.000    437.945    -0.7182  28.058748    -0.7157  28.058610     5.3775     5.6660     0.0200    97.4182 1.0000e-12  -74.22818 -112.14960  21.442674      99.89 9.3455e+02    872.070      20931  1029.6346  1029.6321    34.2366    34.2336    8.20662         32 0.0000e+00
    444.000    438.933    -0.7066  28.070561    -0.7041  28.070095     5.3637     5.6526     0.0273    97.3670 1.0000e-12  -74.22818 -112.14960  21.442690      99.89 9.3460e+02    873.387      20962  1029.6404  1029.6375    34.2388    34.2354    8.20396         32 0.0000e+00
    445.000    439.920    -0.6897  28.086921    -0.6879  28.085789     5.3111     5.5936     0.0208    97.3942 1.0000e-12  -74.22819 -112.14960  21.442705      99.88 9.3506e+02    874.678      20993  1029.6459  1029.6430    34.2411    34.2377    8.20016         31 0.0000e+00
    446.000    440.908    -0.6462  28.130795    -0.6348  28.136285     5.2644     5.5537     0.0176    97.4245 1.0000e-12  -74.22820 -112.14960  21.442720      99.88 9.3456e+02    875.992      21025  1029.6549  1029.6496    34.2506    34.2451    8.19021         31 0.0000e+00
    447.000    441.895    -0.5812  28.191458    -0.5833  28.187045     5.2523     5.5365     0.0138    97.3561 1.0000e-12  -74.22820 -112.14960  21.442735      99.88 9.3513e+02    877.301      21056  1029.6609  1029.6583    34.2583    34.2547    8.17570         31 0.0000e+00
    448.000    442.883    -0.5855  28.188411    -0.5857  28.185364     5.2513     5.5291     0.0277    97.3964 1.0000e-12  -74.22820 -112.14960  21.442750      99.87 9.3445e+02    878.579      21087  1029.6667  1029.6637    34.2584    34.2545    8.17662         31 0.0000e+00
    449.000    443.870    -0.5746  28.199214    -0.5726  28.198351     5.2389     5.5124     0.0275    97.3813 1.0000e-12  -74.22820 -112.14960  21.442765      99.88 9.3433e+02    879.891      21118  1029.6724  1029.6695    34.2600    34.2566    8.17418         31 0.0000e+00
    450.000    444.858    -0.5637  28.210353    -0.5592  28.211407     5.2263     5.5014     0.0268    97.3844 1.0000e-12  -74.22820 -112.14960  21.442780      93.57 9.3433e+02    881.211      21150  1029.6783  1029.6750    34.2621    34.2583    8.17170         32 0.0000e+00
    451.000    445.845    -0.5474  28.226142    -0.5484  28.222627     5.2229     5.4943     0.0400    97.3930 1.0000e-12  -74.22820 -112.14960  21.442795      73.62 9.3433e+02    882.497      21181  1029.6840  1029.6812    34.2643    34.2607    8.16806         29 0.0000e+00
    452.000    446.833    -0.5461  28.227626    -0.5436  28.227531     5.2184     5.4918     0.0208    97.3873 1.0000e-12  -74.22820 -112.14960  21.442810      98.22 9.3496e+02    883.800      21212  1029.6889  1029.6864    34.2642    34.2613    8.16778         31 0.0000e+00
    453.000    447.820    -0.5376  28.236186    -0.5331  28.237657     5.2121     5.4840     0.0340    97.3650 1.0000e-12  -74.22820 -112.14960  21.442825      99.88 9.3521e+02    885.108      21244  1029.6944  1029.6915    34.2655    34.2624    8.16588         32 0.0000e+00
    454.000    448.808    -0.5312  28.242826    -0.5295  28.241548     5.1995     5.4671     0.0412    97.2625 1.0000e-12  -74.22820 -112.14960  21.442840      99.88 9.3509e+02    886.377      21274  1029.6997  1029.6968    34.2666    34.2630    8.16443         30 0.0000e+00
    455.000    449.795    -0.5148  28.258919    -0.5108  28.259565     5.1986     5.4642     0.0494    97.3769 1.0000e-12  -74.22820 -112.14960  21.442855      99.88 9.3586e+02    887.668      21305  1029.7055  1029.7022    34.2692    34.2655    8.16077         32 0.0000e+00
    456.000    450.783    -0.5130  28.260770    -0.5113  28.259901     5.1888     5.4639     0.0314    97.3534 1.0000e-12  -74.22820 -112.14960  21.442870      99.88 9.3456e+02    888.993      21337  1029.7103  1029.7077    34.2690    34.2658    8.16039         31 0.0000e+00
    457.000    451.770    -0.5194  28.254853    -0.5169  28.254875     5.1919     5.4618     0.0348    97.3866 1.0000e-12  -74.22820 -112.14960  21.442885      99.88 9.3492e+02    890.286      21368  1029.7148  1029.7124    34.2677    34.2648    8.16183         30 0.0000e+00
    458.000    452.758    -0.5112  28.263523    -0.5081  28.263614     5.1608     5.4317     0.0357    97.3569 1.0000e-12  -74.22820 -112.14960  21.442900      99.87 9.3586e+02    891.567      21399  1029.7204  1029.7175    34.2694    34.2660    8.15996         32 0.0000e+00
    459.000    453.745    -0.4936  28.280915    -0.4785  28.292223     5.1064     5.3841     0.0388    97.2876 1.0000e-12  -74.22820 -112.14960  21.442915      99.88 9.3609e+02    892.876      21430  1029.7262  1029.7235    34.2723    34.2704    8.15601         31 0.0000e+00
    460.000    454.732    -0.4195  28.353161    -0.4313  28.336657     5.0625     5.3387     0.0355    97.3491 1.0000e-12  -74.22820 -112.14960  21.442930      99.87 9.3609e+02    894.166      21461  1029.7351  1029.7291    34.2850    34.2762    8.13939         31 0.0000e+00
    461.000    455.720    -0.3872  28.383255    -0.3868  28.379646     5.0363     5.3101     0.0334    97.3631 1.0000e-12  -74.22820 -112.14960  21.442945      82.23 9.3609e+02    895.448      21492  1029.7403  1029.7361    34.2883    34.2831    8.13228         31 0.0000e+00
    462.000    456.708    -0.3519  28.416815    -0.3495  28.415937     5.0272     5.2943     0.0362    97.3634 1.0000e-12  -74.22820 -112.14960  21.442960      92.50 9.3609e+02    896.763      21523  1029.7463  1029.7430    34.2929    34.2890    8.12449         32 0.0000e+00
    463.000    457.695    -0.3456  28.423784    -0.3431  28.422949     5.0227     5.2882     0.0360    97.3656 1.0000e-12  -74.22820 -112.14960  21.442975      99.82 9.3609e+02    898.054      21554  1029.7523  1029.7490    34.2945    34.2905    8.12304         30 0.0000e+00
    464.000    458.682    -0.3362  28.432857    -0.3335  28.432404     5.0167     5.2779     0.0327    97.3781 1.0000e-12  -74.22820 -112.14960  21.442990      99.88 9.3609e+02    899.326      21585  1029.7576  1029.7545    34.2954    34.2918    8.12098         31 0.0000e+00
