ocean_section_plots/required_files/ctd/dnbp2202_ctd182.cnv
* Sea-Bird SBE 9 Data File:
* FileName = D:\Data\raw\NBP2202_CTD182.hex
* Software Version Seasave V 7.26.7.121
* Temperature SN = 1649
* Conductivity SN = 2513
* Number of Bytes Per Scan = 40
* Number of Voltage Words = 5
* Number of Scans Averaged by the Deck Unit = 1
* NMEA Latitude = 74 05.97 S
* NMEA Longitude = 111 32.48 W
* NMEA UTC (Time) = Feb 04 2022  02:40:27
* NMEA baud rate = 9600
** Ship: RVIB N.B. Palmer
** Cruise: NBP2202 Thwaites
** Station: 104
** Operator: A. Robinson
# nquan = 28
# nvalues = 227                         
# units = specified
# name 0 = prDM: Pressure, Digiquartz [db]
# name 1 = depSM: Depth [salt water, m]
# name 2 = t090C: Temperature [ITS-90, deg C]
# name 3 = c0mS/cm: Conductivity [mS/cm]
# name 4 = t190C: Temperature, 2 [ITS-90, deg C]
# name 5 = c1mS/cm: Conductivity, 2 [mS/cm]
# name 6 = sbeox0ML/L: Oxygen, SBE 43 [ml/l]
# name 7 = sbeox1ML/L: Oxygen, SBE 43, 2 [ml/l]
# name 8 = flECO-AFL: Fluorescence, WET Labs ECO-AFL/FL [mg/m^3]
# name 9 = CStarTr0: Beam Transmission, WET Labs C-Star [%]
# name 10 = par: PAR/Irradiance, Biospherical/Licor
# name 11 = latitude: Latitude [deg]
# name 12 = longitude: Longitude [deg]
# name 13 = timeJ: Julian Days
# name 14 = altM: Altimeter [m]
# name 15 = spar: SPAR, Biospherical/Licor
# name 16 = timeS: Time, Elapsed [seconds]
# name 17 = scan: Scan Count
# name 18 = density00: Density [density, kg/m^3]
# name 19 = density11: Density, 2 [density, kg/m^3]
# name 20 = v3: Voltage 3
# name 21 = v4: Voltage 4
# name 22 = v5: Voltage 5
# name 23 = sal00: Salinity, Practical [PSU]
# name 24 = sal11: Salinity, Practical, 2 [PSU]
# name 25 = oxsolML/L: Oxygen Saturation, Garcia & Gordon [ml/l]
# name 26 = nbin: number of scans per bin
# name 27 = flag: flag
# span 0 =      2.000,    228.000       
# span 1 =      1.979,    225.517       
# span 2 =    -1.5788,    -0.9674       
# span 3 =  27.029021,  27.340629       
# span 4 =    -1.5784,    -0.9658       
# span 5 =  27.028870,  27.342819       
# span 6 =     6.1366,     8.5008       
# span 7 =     6.2903,     8.6615       
# span 8 =     0.0771,    24.8620       
# span 9 =    72.0664,    98.4495       
# span 10 = -2.316e-05, 4.1471e+02      
# span 11 =  -74.09952,  -74.09952      
# span 12 = -111.54144, -111.54140      
# span 13 =  35.113989,  35.118591      
# span 14 =       4.14,     100.03      
# span 15 = 1.1460e+03, 1.1736e+03      
# span 16 =    221.639,    619.253      
# span 17 =       5320,      14863      
# span 18 =  1027.1977,  1028.4913      
# span 19 =  1027.2022,  1028.4901      
# span 20 =     3.4194,     4.6702      
# span 21 =     0.0835,     3.6584      
# span 22 =     0.1127,     0.2335      
# span 23 =    33.8120,    34.0510      
# span 24 =    33.8146,    34.0497      
# span 25 =    8.28583,    8.41291      
# span 26 =         24,         48      
# span 27 = 0.0000e+00, 0.0000e+00      
# interval = decibars: 1                
# start_time = Feb 04 2022 02:40:27 [NMEA time, header]
# bad_flag = -9.990e-29
*END*
[from data line 156]
    158.000    156.305    -1.5354  27.052748    -1.5352  27.052580     6.4164     6.5914     0.5854    96.8477 1.0000e-12  -74.09952 -111.54142  35.116878      75.59 1.1595e+03    471.239      11311  1028.0927  1028.0923     4.5943     0.1668     0.1185    33.9655    33.9650    8.40369         36 0.0000e+00
    159.000    157.295    -1.5357  27.052966    -1.5356  27.052777     6.4226     6.5866     0.5805    97.1316 1.0000e-12  -74.09952 -111.54142  35.116895      74.59 1.1601e+03    472.747      11347  1028.0975  1028.0972     4.6078     0.2870     0.1190    33.9655    33.9651    8.40376         35 0.0000e+00
    160.000    158.283    -1.5358  27.053264    -1.5358  27.053127     6.4233     6.5879     0.5674    97.2044 1.0000e-12  -74.09952 -111.54142  35.116913      73.53 1.1584e+03    474.266      11383  1028.1022  1028.1021     4.6111     0.2004     0.1201    33.9654    33.9652    8.40379         36 0.0000e+00
    161.000    159.270    -1.5368  27.053176    -1.5370  27.052966     6.4249     6.5858     0.5969    96.9736 1.0000e-12  -74.09952 -111.54142  35.116930      72.56 1.1600e+03    475.756      11419  1028.1075  1028.1074     4.6004     0.1885     0.1181    33.9658    33.9658    8.40400         33 0.0000e+00
    162.000    160.263    -1.5375  27.053430    -1.5369  27.053427     6.4233     6.5860     0.7952    97.2624 1.0000e-12  -74.09952 -111.54142  35.116947      71.51 1.1605e+03    477.252      11455  1028.1127  1028.1121     4.6140     0.1535     0.1178    33.9663    33.9656    8.40412         35 0.0000e+00
    163.000    161.250    -1.5392  27.053181    -1.5394  27.052889     6.4243     6.5891     0.6328    97.4376 1.0000e-12  -74.09952 -111.54142  35.116965      70.49 1.1590e+03    478.763      11491  1028.1183  1028.1182     4.6223     0.1436     0.1218    33.9672    33.9671    8.40443         35 0.0000e+00
    164.000    162.239    -1.5400  27.053484    -1.5399  27.053197     6.4294     6.5976     0.5630    97.6239 1.0000e-12  -74.09952 -111.54142  35.116982      69.47 1.1579e+03    480.225      11526  1028.1238  1028.1234     4.6311     0.1546     0.1211    33.9680    33.9675    8.40459         34 0.0000e+00
    165.000    163.228    -1.5435  27.051275    -1.5440  27.050889     6.4325     6.6011     1.2265    97.4695 1.0000e-12  -74.09952 -111.54142  35.116999      68.47 1.1592e+03    481.723      11562  1028.1290  1028.1291     4.6238     0.1479     0.1158    33.9682    33.9683    8.40535         34 0.0000e+00
    166.000    164.217    -1.5486  27.048283    -1.5488  27.047870     6.4365     6.6136     0.9539    97.4307 1.0000e-12  -74.09952 -111.54142  35.117017      67.43 1.1595e+03    483.247      11599  1028.1349  1028.1346     4.6220     0.2115     0.1199    33.9693    33.9690    8.40644         34 0.0000e+00
    167.000    165.206    -1.5531  27.045758    -1.5543  27.045086     6.4460     6.6094     0.6224    97.5603 1.0000e-12  -74.09952 -111.54142  35.117034      66.40 1.1580e+03    484.723      11634  1028.1408  1028.1412     4.6281     0.1324     0.1173    33.9704    33.9708    8.40741         36 0.0000e+00
    168.000    166.194    -1.5600  27.042116    -1.5596  27.042118     6.4545     6.6196     0.6896    97.4813 1.0000e-12  -74.09952 -111.54142  35.117051      65.30 1.1600e+03    486.218      11670  1028.1477  1028.1473     4.6244     0.1405     0.1159    33.9725    33.9721    8.40883         36 0.0000e+00
    169.000    167.184    -1.5673  27.037375    -1.5683  27.036893     6.4575     6.6208     0.5260    97.7059 1.0000e-12  -74.09952 -111.54142  35.117069      64.35 1.1593e+03    487.743      11707  1028.1538  1028.1542     4.6348     0.2054     0.1159    33.9736    33.9741    8.41041         36 0.0000e+00
    170.000    168.172    -1.5786  27.029921    -1.5779  27.030520     6.4584     6.6279     0.4833    97.1432 1.0000e-12  -74.09952 -111.54142  35.117086      63.34 1.1568e+03    489.218      11742  1028.1608  1028.1607     4.6085     0.1359     0.1148    33.9756    33.9757    8.41287         35 0.0000e+00
    171.000    169.161    -1.5788  27.030306    -1.5784  27.030682     6.4557     6.6238     0.5746    97.7296 1.0000e-12  -74.09952 -111.54142  35.117103      62.27 1.1583e+03    490.686      11777  1028.1656  1028.1656     4.6362     0.1269     0.1137    33.9758    33.9759    8.41291         36 0.0000e+00
    172.000    170.150    -1.5775  27.032207    -1.5741  27.035218     6.4385     6.6111     0.3286    97.9855 1.0000e-12  -74.09952 -111.54142  35.117120      61.33 1.1576e+03    492.191      11814  1028.1705  1028.1705     4.6483     0.1445     0.1135    33.9762    33.9765    8.41257         36 0.0000e+00
    173.000    171.139    -1.5631  27.046751    -1.5622  27.046818     6.4195     6.5994     0.2114    97.9782 1.0000e-12  -74.09952 -111.54142  35.117137      60.33 1.1567e+03    493.675      11849  1028.1769  1028.1761     4.6478     0.1069     0.1139    33.9794    33.9785    8.40913         35 0.0000e+00
    174.000    172.128    -1.5571  27.052691    -1.5573  27.051974     6.4128     6.5820     0.2156    97.7297 1.0000e-12  -74.09952 -111.54142  35.117154      59.23 1.1581e+03    495.142      11884  1028.1819  1028.1813     4.6363     0.1307     0.1140    33.9801    33.9793    8.40772         35 0.0000e+00
    175.000    173.117    -1.5550  27.054897    -1.5542  27.055257     6.4148     6.5912     0.2643    97.9837 1.0000e-12  -74.09952 -111.54142  35.117172      58.18 1.1580e+03    496.642      11920  1028.1866  1028.1863     4.6482     0.1010     0.1179    33.9801    33.9797    8.40724         37 0.0000e+00
    176.000    174.104    -1.5528  27.057297    -1.5536  27.056260     6.4081     6.5815     0.1949    98.1725 1.0000e-12  -74.09952 -111.54142  35.117189      57.12 1.1561e+03    498.142      11956  1028.1915  1028.1912     4.6571     0.1008     0.1183    33.9803    33.9798    8.40673         35 0.0000e+00
    177.000    175.094    -1.5498  27.061096    -1.5493  27.060516     6.3972     6.5655     0.2169    98.1326 1.0000e-12  -74.09952 -111.54142  35.117206      56.08 1.1578e+03    499.618      11992  1028.1972  1028.1960     4.6553     0.1190     0.1160    33.9815    33.9801    8.40599         36 0.0000e+00
    178.000    176.081    -1.5355  27.075177    -1.5352  27.074863     6.3942     6.5643     0.6333    98.2955 1.0000e-12  -74.09952 -111.54142  35.117223      55.21 1.1574e+03    501.105      12028  1028.2032  1028.2025     4.6630     0.1436     0.1135    33.9840    33.9832    8.40260         34 0.0000e+00
    179.000    177.072    -1.5370  27.074787    -1.5377  27.073974     6.4014     6.5747     0.2387    98.2214 1.0000e-12  -74.09952 -111.54142  35.117241      54.04 1.1565e+03    502.595      12063  1028.2086  1028.2084     4.6595     0.1155     0.1159    33.9846    33.9842    8.40290         31 0.0000e+00
    180.000    178.060    -1.5405  27.072788    -1.5411  27.071806     6.3931     6.5727     0.2138    98.0924 1.0000e-12  -74.09952 -111.54142  35.117258      52.96 1.1566e+03    504.073      12099  1028.2142  1028.2137     4.6534     0.1140     0.1172    33.9851    33.9845    8.40366         37 0.0000e+00
    181.000    179.049    -1.5320  27.080972    -1.5338  27.078652     6.3809     6.5508     0.3243    98.0514 1.0000e-12  -74.09952 -111.54142  35.117275      51.99 1.1564e+03    505.580      12135  1028.2193  1028.2185     4.6514     0.1188     0.1138    33.9862    33.9850    8.40168         33 0.0000e+00
    182.000    180.038    -1.5275  27.085396    -1.5265  27.085541     6.3693     6.5394     0.3588    98.3358 1.0000e-12  -74.09952 -111.54142  35.117293      50.93 1.1560e+03    507.083      12171  1028.2242  1028.2234     4.6649     0.1125     0.1148    33.9865    33.9856    8.40064         36 0.0000e+00
    183.000    181.026    -1.5214  27.091218    -1.5206  27.091450     6.3581     6.5326     0.3760    98.2562 1.0000e-12  -74.09952 -111.54142  35.117310      49.90 1.1557e+03    508.544      12206  1028.2291  1028.2285     4.6611     0.0935     0.1127    33.9870    33.9864    8.39923         35 0.0000e+00
    184.000    182.016    -1.5199  27.093117    -1.5189  27.093149     6.3428     6.5198     0.2736    98.1512 1.0000e-12  -74.09952 -111.54142  35.117327      48.94 1.1557e+03    510.017      12241  1028.2342  1028.2332     4.6561     0.0903     0.1146    33.9873    33.9862    8.39888         36 0.0000e+00
    185.000    183.004    -1.5099  27.101982    -1.5114  27.100115     6.3287     6.5031     0.3396    98.3135 1.0000e-12  -74.09952 -111.54141  35.117344      47.84 1.1550e+03    511.502      12277  1028.2386  1028.2380     4.6638     0.0978     0.1144    33.9875    33.9867    8.39661         33 0.0000e+00
    186.000    183.991    -1.5034  27.108356    -1.5028  27.108093     6.3306     6.4962     0.2781    98.2992 1.0000e-12  -74.09952 -111.54141  35.117361      46.99 1.1551e+03    512.956      12312  1028.2437  1028.2429     4.6631     0.1025     0.1154    33.9883    33.9872    8.39509         33 0.0000e+00
    187.000    184.981    -1.5023  27.109580    -1.5018  27.109336     6.3301     6.4950     0.2780    98.3288 1.0000e-12  -74.09952 -111.54141  35.117378      45.81 1.1560e+03    514.430      12347  1028.2485  1028.2478     4.6646     0.1202     0.1146    33.9881    33.9872    8.39486         36 0.0000e+00
    188.000    185.970    -1.5038  27.108850    -1.5039  27.108146     6.3332     6.4940     0.3636    98.2390 1.0000e-12  -74.09952 -111.54141  35.117395      44.99 1.1556e+03    515.928      12383  1028.2535  1028.2529     4.6603     0.1127     0.1146    33.9882    33.9874    8.39519         33 0.0000e+00
    189.000    186.959    -1.5060  27.107551    -1.5067  27.106331     6.3049     6.4750     0.6064    98.2772 1.0000e-12  -74.09952 -111.54141  35.117412      43.87 1.1551e+03    517.386      12418  1028.2587  1028.2579     4.6621     0.1192     0.1155    33.9883    33.9873    8.39569         35 0.0000e+00
    190.000    187.948    -1.4923  27.121410    -1.4911  27.121156     6.2737     6.4426     0.2816    98.3090 1.0000e-12  -74.09952 -111.54141  35.117429      42.91 1.1562e+03    518.858      12454  1028.2649  1028.2635     4.6636     0.1209     0.1189    33.9911    33.9895    8.39242         32 0.0000e+00
    191.000    188.936    -1.4718  27.141325    -1.4723  27.139774     6.2557     6.4222     0.3145    98.1724 1.0000e-12  -74.09952 -111.54141  35.117446      41.88 1.1556e+03    520.349      12489  1028.2714  1028.2702     4.6571     0.1033     0.1168    33.9947    33.9931    8.38758         35 0.0000e+00
    192.000    189.925    -1.4700  27.143344    -1.4682  27.144252     6.2480     6.4087     0.2717    98.1391 1.0000e-12  -74.09952 -111.54141  35.117463      40.94 1.1538e+03    521.805      12524  1028.2764  1028.2757     4.6556     0.1195     0.1179    33.9948    33.9940    8.38717         35 0.0000e+00
    193.000    190.915    -1.4652  27.148441    -1.4644  27.148334     6.2476     6.4062     0.2856    97.8875 1.0000e-12  -74.09952 -111.54141  35.117480      39.94 1.1542e+03    523.278      12560  1028.2819  1028.2810     4.6436     0.1098     0.1197    33.9957    33.9947    8.38604         35 0.0000e+00
    194.000    191.903    -1.4636  27.150391    -1.4627  27.150383     6.2428     6.4001     0.2401    98.0465 1.0000e-12  -74.09952 -111.54141  35.117497      38.85 1.1545e+03    524.781      12596  1028.2869  1028.2860     4.6512     0.1048     0.1209    33.9960    33.9950    8.38566         36 0.0000e+00
    195.000    192.891    -1.4602  27.154160    -1.4595  27.154116     6.2270     6.3946     0.2809    98.1584 1.0000e-12  -74.09952 -111.54141  35.117515      37.70 1.1532e+03    526.272      12632  1028.2922  1028.2915     4.6565     0.1103     0.1181    33.9966    33.9958    8.38485         33 0.0000e+00
    196.000    193.881    -1.4574  27.157473    -1.4569  27.157164     6.2225     6.3903     0.4272    98.2683 1.0000e-12  -74.09952 -111.54141  35.117532      36.79 1.1545e+03    527.773      12668  1028.2976  1028.2968     4.6617     0.1104     0.1185    33.9975    33.9965    8.38419         36 0.0000e+00
    197.000    194.869    -1.4523  27.163259    -1.4517  27.162691     6.2015     6.3746     0.1666    98.3467 1.0000e-12  -74.09952 -111.54141  35.117550      35.62 1.1546e+03    529.329      12705  1028.3034  1028.3023     4.6654     0.0964     0.1184    33.9990    33.9976    8.38294         39 0.0000e+00
    198.000    195.858    -1.4417  27.175576    -1.4384  27.176991     6.1676     6.3364     0.2372    98.0365 1.0000e-12  -74.09952 -111.54141  35.117568      34.75 1.1540e+03    530.896      12742  1028.3111  1028.3095     4.6507     0.0928     0.1193    34.0033    34.0015    8.38030         37 0.0000e+00
    199.000    196.846    -1.4139  27.207768    -1.4119  27.208778     6.1502     6.3152     0.6755    98.0861 1.0000e-12  -74.09952 -111.54141  35.117587      33.72 1.1558e+03    532.481      12781  1028.3242  1028.3233     4.6530     0.1160     0.1214    34.0154    34.0145    8.37333         38 0.0000e+00
    200.000    197.835    -1.4021  27.223166    -1.4036  27.219610     6.1436     6.3116     0.3316    98.1265 1.0000e-12  -74.09952 -111.54141  35.117605      32.67 1.1542e+03    534.086      12819  1028.3342  1028.3318     4.6550     0.1021     0.1205    34.0225    34.0193    8.37024         39 0.0000e+00
    201.000    198.824    -1.4021  27.222698    -1.4031  27.220709     6.1471     6.3077     0.1674    98.1799 1.0000e-12  -74.09952 -111.54141  35.117624      31.70 1.1523e+03    535.739      12859  1028.3383  1028.3371     4.6575     0.0961     0.1230    34.0212    34.0197    8.37032         39 0.0000e+00
    202.000    199.812    -1.3989  27.227671    -1.3962  27.229403     6.1476     6.2998     0.1207    98.2373 1.0000e-12  -74.09952 -111.54140  35.117644      30.53 1.1531e+03    537.485      12901  1028.3452  1028.3445     4.6602     0.0906     0.1222    34.0238    34.0231    8.36945         38 0.0000e+00
    203.000    200.800    -1.3933  27.234761    -1.3939  27.232721     6.1448     6.3000     0.1369    98.1841 1.0000e-12  -74.09952 -111.54140  35.117665      29.69 1.1521e+03    539.232      12943  1028.3521  1028.3505     4.6577     0.0979     0.1224    34.0266    34.0245    8.36803         40 0.0000e+00
    204.000    201.790    -1.3916  27.236984    -1.3910  27.236670     6.1455     6.2971     0.1782    98.2441 1.0000e-12  -74.09952 -111.54140  35.117685      28.72 1.1507e+03    540.960      12984  1028.3574  1028.3565     4.6605     0.2009     0.1252    34.0272    34.0260    8.36763         36 0.0000e+00
    205.000    202.779    -1.3919  27.236986    -1.3912  27.236758     6.1397     6.3039     0.2269    98.3066 1.0000e-12  -74.09952 -111.54140  35.117705      27.51 1.1507e+03    542.723      13026  1028.3622  1028.3612     4.6635     0.0959     0.1329    34.0269    34.0257    8.36771         41 0.0000e+00
    206.000    203.767    -1.3929  27.236071    -1.3922  27.235827     6.1467     6.2989     0.1770    98.2890 1.0000e-12  -74.09952 -111.54140  35.117726      26.57 1.1514e+03    544.516      13069  1028.3666  1028.3656     4.6626     0.1053     0.1224    34.0261    34.0249    8.36798         40 0.0000e+00
    207.000    204.757    -1.3931  27.236433    -1.3920  27.236463     6.1467     6.3008     0.2180    98.2781 1.0000e-12  -74.09952 -111.54140  35.117747      25.56 1.1503e+03    546.331      13113  1028.3715  1028.3705     4.6622     0.0906     0.1239    34.0262    34.0250    8.36802         41 0.0000e+00
    208.000    205.744    -1.3937  27.236374    -1.3923  27.236696     6.1502     6.3038     0.1917    98.3045 1.0000e-12  -74.09952 -111.54140  35.117768      24.60 1.1496e+03    548.149      13157  1028.3764  1028.3754     4.6634     0.0928     0.1244    34.0261    34.0250    8.36814         38 0.0000e+00
