ocean_section_plots/required_files/ctd/dnbp2202_ctd012.cnv
* Sea-Bird SBE 9 Data File:
* FileName = D:\Data\raw\NBP2202_CTD012.hex
* Software Version Seasave V 7.26.7.121
* Temperature SN = 1649
* Conductivity SN = 2513
* Number of Bytes Per Scan = 40
* Number of Voltage Words = 5
* Number of Scans Averaged by the Deck Unit = 1
* NMEA Latitude = 73 06.18 S
* NMEA Longitude = 113 50.46 W
* NMEA UTC (Time) = Jan 17 2022  00:41:22
* NMEA baud rate = 9600
** Ship: RVIB N.B. Palmer
** Cruise: NBP2202 Thwaites
** Station: #7
** Operator: A. Robinson
# nquan = 25
# nvalues = 526                         
# units = specified
# name 0 = prDM: Pressure, Digiquartz [db]
# name 1 = depSM: Depth [salt water, m]
# name 2 = t090C: Temperature [ITS-90, deg C]
# name 3 = c0mS/cm: Conductivity [mS/cm]
# name 4 = t190C: Temperature, 2 [ITS-90, deg C]
# name 5 = c1mS/cm: Conductivity, 2 [mS/cm]
# name 6 = sbeox0ML/L: Oxygen, SBE 43 [ml/l]
# name 7 = sbeox1ML/L: Oxygen, SBE 43, 2 [ml/l]
# name 8 = flECO-AFL: Fluorescence, WET Labs ECO-AFL/FL [mg/m^3]
# name 9 = CStarTr0: Beam Transmission, WET Labs C-Star [%]
# name 10 = par: PAR/Irradiance, Biospherical/Licor
# name 11 = latitude: Latitude [deg]
# name 12 = longitude: Longitude [deg]
# name 13 = timeJ: Julian Days
# name 14 = altM: Altimeter [m]
# name 15 = spar: SPAR, Biospherical/Licor
# name 16 = timeS: Time, Elapsed [seconds]
# name 17 = scan: Scan Count
# name 18 = density00: Density [density, kg/m^3]
# name 19 = density11: Density, 2 [density, kg/m^3]
# name 20 = sal00: Salinity, Practical [PSU]
# name 21 = sal11: Salinity, Practical, 2 [PSU]
# name 22 = oxsolML/L: Oxygen Saturation, Garcia & Gordon [ml/l]
# name 23 = nbin: number of scans per bin
# name 24 = flag: flag
# span 0 =      2.000,    527.000       
# span 1 =      1.983,    520.893       
# span 2 =    -1.5454,     0.5301       
# span 3 =  27.054631,  29.403373       
# span 4 =    -1.5448,     0.5325       
# span 5 =  27.054306,  29.403110       
# span 6 =     4.5302,     8.7118       
# span 7 =     4.8303,     9.2159       
# span 8 =    -0.0152,    23.4656       
# span 9 =    70.6608,    97.7473       
# span 10 = -1.924e-05, 1.4911e+02      
# span 11 =  -73.10306,  -73.10302      
# span 12 = -113.84108, -113.84100      
# span 13 =  17.031253,  17.040288      
# span 14 =       2.77,     103.56      
# span 15 = 6.4035e+02, 1.7872e+03      
# span 16 =    218.216,    998.903      
# span 17 =       5238,      23975      
# span 18 =  1027.2336,  1030.2178      
# span 19 =  1027.2331,  1030.2153      
# span 20 =    33.8806,    34.5682      
# span 21 =    33.8798,    34.5651      
# span 22 =    7.92459,    8.40427      
# span 23 =          2,         51      
# span 24 = 0.0000e+00, 0.0000e+00      
# interval = decibars: 1                
# start_time = Jan 17 2022 00:41:22 [NMEA time, header]
# bad_flag = -9.990e-29
*END*
[from data line 174]
    176.000    174.112    -1.5040  27.125372    -1.5035  27.124136     6.3509     6.7320     0.2062    96.5474 1.0000e-12  -73.10304 -113.84106  17.034735      99.90 7.0625e+02    519.069      12459  1028.2207  1028.2189    34.0188    34.0165    8.39342         22 0.0000e+00
    177.000    175.104    -1.4921  27.136409    -1.4915  27.135725     6.3586     6.7287     0.2715    96.5411 1.0000e-12  -73.10304 -113.84107  17.034744      99.90 7.1110e+02    519.903      12479  1028.2256  1028.2243    34.0198    34.0182    8.39066         19 0.0000e+00
    178.000    176.093    -1.4902  27.138814    -1.4883  27.139349     6.3647     6.7366     0.3083    96.5923 1.0000e-12  -73.10304 -113.84108  17.034755      99.90 7.1369e+02    520.794      12500  1028.2308  1028.2296    34.0203    34.0189    8.39020         24 0.0000e+00
    179.000    177.080    -1.4960  27.134650    -1.4948  27.134750     6.3714     6.7437     0.2713    96.5374 1.0000e-12  -73.10304 -113.84108  17.034769      99.91 7.1756e+02    522.064      12531  1028.2364  1028.2353    34.0206    34.0193    8.39151         38 0.0000e+00
    180.000    178.068    -1.4985  27.133391    -1.4978  27.132874     6.3768     6.7497     0.2245    96.4534 1.0000e-12  -73.10304 -113.84108  17.034788      99.90 7.2797e+02    523.718      12570  1028.2418  1028.2405    34.0211    34.0195    8.39204         37 0.0000e+00
    181.000    179.058    -1.4965  27.136033    -1.4960  27.135221     6.4025     6.7785     0.2170    96.4451 1.0000e-12  -73.10304 -113.84108  17.034803      99.90 7.3014e+02    524.974      12600  1028.2471  1028.2457    34.0218    34.0201    8.39154         25 0.0000e+00
    182.000    180.045    -1.4999  27.134203    -1.5007  27.132686     6.4314     6.7988     0.4262    96.7836 1.0000e-12  -73.10304 -113.84108  17.034814      99.90 7.3299e+02    525.962      12624  1028.2527  1028.2519    34.0225    34.0214    8.39226         23 0.0000e+00
    183.000    181.038    -1.5089  27.128733    -1.5083  27.128410     6.4474     6.8206     0.5256    96.6747 1.0000e-12  -73.10304 -113.84108  17.034825      99.90 7.3757e+02    526.888      12646  1028.2598  1028.2588    34.0246    34.0235    8.39417         22 0.0000e+00
    184.000    182.024    -1.5155  27.124339    -1.5152  27.123718     6.4723     6.8532     0.2998    96.7791 1.0000e-12  -73.10304 -113.84108  17.034837      95.43 7.4591e+02    527.910      12671  1028.2656  1028.2647    34.0254    34.0243    8.39561         27 0.0000e+00
    185.000    183.013    -1.5224  27.119508    -1.5214  27.119362     6.4723     6.8501     0.1888    96.6909 1.0000e-12  -73.10304 -113.84108  17.034851      96.32 7.5802e+02    529.144      12700  1028.2714  1028.2702    34.0261    34.0247    8.39714         32 0.0000e+00
    186.000    184.002    -1.5218  27.121404    -1.5198  27.121461     6.4534     6.8198     0.2393    96.4925 1.0000e-12  -73.10304 -113.84108  17.034867      99.95 7.6950e+02    530.540      12734  1028.2770  1028.2752    34.0273    34.0251    8.39692         34 0.0000e+00
    187.000    184.990    -1.4960  27.146374    -1.4911  27.148349     6.4859     6.8644     0.3084    96.6372 1.0000e-12  -73.10304 -113.84108  17.034883      99.90 7.9318e+02    531.848      12765  1028.2838  1028.2811    34.0318    34.0289    8.39084         28 0.0000e+00
    188.000    185.980    -1.5120  27.132173    -1.5129  27.132146     6.5041     6.8863     0.3379    96.6751 1.0000e-12  -73.10304 -113.84108  17.034895      99.90 8.0456e+02    532.944      12792  1028.2881  1028.2890    34.0297    34.0307    8.39456         26 0.0000e+00
    189.000    186.969    -1.5336  27.116701    -1.5335  27.115660     6.4590     6.8378     0.2150    96.8118 1.0000e-12  -73.10304 -113.84108  17.034907      99.90 8.0582e+02    533.952      12816  1028.2964  1028.2951    34.0324    34.0309    8.39928         24 0.0000e+00
    190.000    187.956    -1.5123  27.136391    -1.5102  27.135578     6.3854     6.7543     0.2003    96.9175 1.0000e-12  -73.10304 -113.84108  17.034919      99.90 8.1726e+02    535.011      12841  1028.3015  1028.2986    34.0347    34.0312    8.39435         26 0.0000e+00
    191.000    188.947    -1.4610  27.181077    -1.4589  27.180395     6.3374     6.7015     0.1966    96.8305 1.0000e-12  -73.10304 -113.84108  17.034933      99.90 8.1804e+02    536.193      12870  1028.3052  1028.3024    34.0372    34.0339    8.38262         30 0.0000e+00
    192.000    189.934    -1.4436  27.196358    -1.4409  27.197562     6.4134     6.7915     0.1638    97.0308 1.0000e-12  -73.10304 -113.84108  17.034947      99.90 7.9757e+02    537.442      12900  1028.3097  1028.3083    34.0379    34.0364    8.37867         30 0.0000e+00
    193.000    190.924    -1.4643  27.179003    -1.4698  27.174183     6.5123     6.8992     0.1561    97.0248 1.0000e-12  -73.10304 -113.84108  17.034961      99.90 7.9308e+02    538.630      12928  1028.3151  1028.3154    34.0369    34.0365    8.38338         27 0.0000e+00
    194.000    191.912    -1.5364  27.116513    -1.5407  27.113593     6.5562     6.9391     0.1558    97.1192 1.0000e-12  -73.10304 -113.84108  17.034974      99.91 7.8811e+02    539.763      12955  1028.3210  1028.3219    34.0322    34.0331    8.39993         28 0.0000e+00
    195.000    192.902    -1.5451  27.111141    -1.5448  27.110052     6.5563     6.9252     0.2214    96.9705 1.0000e-12  -73.10304 -113.84107  17.034988      99.90 7.8712e+02    540.931      12983  1028.3275  1028.3260    34.0341    34.0322    8.40178         29 0.0000e+00
    196.000    193.890    -1.5388  27.117700    -1.5378  27.117347     6.5616     6.9375     0.3216    97.0060 1.0000e-12  -73.10304 -113.84108  17.035002      88.62 7.8695e+02    542.186      13013  1028.3327  1028.3313    34.0353    34.0337    8.40028         30 0.0000e+00
    197.000    194.878    -1.5381  27.119539    -1.5371  27.119289     6.5511     6.9292     0.1614    96.9667 1.0000e-12  -73.10304 -113.84108  17.035016      98.16 7.9027e+02    543.362      13042  1028.3383  1028.3370    34.0365    34.0350    8.40007         26 0.0000e+00
    198.000    195.867    -1.5448  27.115525    -1.5444  27.115272     6.5048     6.8880     0.1463    97.1408 1.0000e-12  -73.10304 -113.84108  17.035028      99.91 7.9340e+02    544.383      13066  1028.3446  1028.3439    34.0379    34.0371    8.40148         23 0.0000e+00
    199.000    196.857    -1.5294  27.132323    -1.5275  27.131991     6.4696     6.8546     0.3409    96.9326 1.0000e-12  -73.10304 -113.84108  17.035039      99.90 7.9650e+02    545.396      13091  1028.3523  1028.3501    34.0429    34.0403    8.39771         27 0.0000e+00
    200.000    197.845    -1.5092  27.150642    -1.5082  27.150084     6.4474     6.8324     0.1976    96.8999 1.0000e-12  -73.10304 -113.84108  17.035054      99.90 8.0494e+02    546.638      13120  1028.3572  1028.3556    34.0446    34.0427    8.39305         34 0.0000e+00
    201.000    198.833    -1.5077  27.152786    -1.5067  27.152568     6.4524     6.8416     0.2417    97.2377 1.0000e-12  -73.10304 -113.84108  17.035071      65.07 8.3265e+02    548.112      13156  1028.3625  1028.3612    34.0452    34.0437    8.39268         34 0.0000e+00
    202.000    199.823    -1.5111  27.151631    -1.5104  27.151231     6.3910     6.7919     0.1784    97.3149 1.0000e-12  -73.10304 -113.84106  17.035085     100.56 8.8258e+02    549.357      13186  1028.3688  1028.3677    34.0469    34.0455    8.39334         25 0.0000e+00
    203.000    200.811    -1.5022  27.162919    -1.5007  27.162268     6.2946     6.6884     0.1250    97.3089 1.0000e-12  -73.10304 -113.84106  17.035096      99.89 9.3046e+02    550.302      13208  1028.3770  1028.3748    34.0517    34.0491    8.39105         21 0.0000e+00
    204.000    201.799    -1.4602  27.201307    -1.4587  27.200367     6.2187     6.6083     0.2607    97.3641 1.0000e-12  -73.10304 -113.84106  17.035106      99.91 9.6745e+02    551.130      13228  1028.3827  1028.3802    34.0561    34.0531    8.38132         20 0.0000e+00
    205.000    202.790    -1.3894  27.266120    -1.3866  27.265090     6.1693     6.5533     0.1316    97.2401 1.0000e-12  -73.10304 -113.84106  17.035116      99.90 9.6272e+02    552.041      13250  1028.3896  1028.3857    34.0641    34.0595    8.36493         25 0.0000e+00
    206.000    203.778    -1.3510  27.298796    -1.3496  27.297839     6.1556     6.5344     0.3862    97.3013 1.0000e-12  -73.10304 -113.84106  17.035133      99.90 9.0148e+02    553.530      13286  1028.3930  1028.3906    34.0647    34.0618    8.35628         40 0.0000e+00
    207.000    204.766    -1.3488  27.302492    -1.3480  27.302188     6.1855     6.5656     0.1408    97.2494 1.0000e-12  -73.10304 -113.84106  17.035155      96.39 9.1425e+02    555.419      13331  1028.4002  1028.3990    34.0667    34.0653    8.35568         32 0.0000e+00
    208.000    205.755    -1.3633  27.291680    -1.3624  27.291246     6.2031     6.5657     0.1163    97.2177 1.0000e-12  -73.10304 -113.84106  17.035167      99.96 9.4769e+02    556.476      13356  1028.4071  1028.4058    34.0677    34.0661    8.35887         21 0.0000e+00
    209.000    206.743    -1.3644  27.294032    -1.3634  27.293206     6.2018     6.5683     0.1168    97.3200 1.0000e-12  -73.10304 -113.84106  17.035177      99.90 9.2493e+02    557.289      13376  1028.4153  1028.4134    34.0716    34.0693    8.35888         19 0.0000e+00
    210.000    207.731    -1.3543  27.304043    -1.3534  27.303479     6.2094     6.5772     0.1243    97.2783 1.0000e-12  -73.10304 -113.84106  17.035186      99.91 9.1660e+02    558.058      13394  1028.4210  1028.4195    34.0732    34.0714    8.35653         19 0.0000e+00
    211.000    208.721    -1.3574  27.301862    -1.3566  27.301322     6.2229     6.5814     0.1346    97.0741 1.0000e-12  -73.10304 -113.84106  17.035196      99.90 9.0395e+02    558.973      13416  1028.4261  1028.4247    34.0731    34.0714    8.35722         26 0.0000e+00
    212.000    209.708    -1.3651  27.295729    -1.3650  27.294481     6.2310     6.5950     0.1064    97.2073 1.0000e-12  -73.10304 -113.84106  17.035217      99.90 9.1399e+02    560.776      13460  1028.4315  1028.4300    34.0728    34.0709    8.35897         42 0.0000e+00
    213.000    210.699    -1.3705  27.292216    -1.3692  27.291709     6.2280     6.5955     0.0989    97.2063 1.0000e-12  -73.10304 -113.84105  17.035238      99.90 9.6979e+02    562.599      13503  1028.4374  1028.4356    34.0735    34.0714    8.36013         25 0.0000e+00
    214.000    211.687    -1.3598  27.302488    -1.3589  27.301772     6.2427     6.6061     0.1223    97.3534 1.0000e-12  -73.10304 -113.84104  17.035250      99.90 1.0392e+03    563.609      13528  1028.4426  1028.4409    34.0748    34.0728    8.35765         22 0.0000e+00
    215.000    212.676    -1.3601  27.302631    -1.3595  27.302095     6.2753     6.6239     0.1365    97.3065 1.0000e-12  -73.10304 -113.84104  17.035260      99.90 1.0666e+03    564.462      13548  1028.4475  1028.4463    34.0747    34.0733    8.35773         19 0.0000e+00
    216.000    213.663    -1.3604  27.303877    -1.3593  27.303483     6.3075     6.6628     0.1097    97.2359 1.0000e-12  -73.10304 -113.84104  17.035270      99.90 1.0605e+03    565.286      13568  1028.4535  1028.4520    34.0761    34.0744    8.35771         21 0.0000e+00
    217.000    214.653    -1.3803  27.287647    -1.3825  27.285554     6.3417     6.7046     0.2596    97.2535 1.0000e-12  -73.10304 -113.84104  17.035280      99.91 1.0448e+03    566.234      13591  1028.4595  1028.4593    34.0759    34.0755    8.36219         26 0.0000e+00
    218.000    215.642    -1.4272  27.248592    -1.4309  27.245205     6.4006     6.7616     0.1220    97.1717 1.0000e-12  -73.10304 -113.84104  17.035297      96.74 1.0558e+03    567.663      13625  1028.4665  1028.4665    34.0749    34.0745    8.37277         34 0.0000e+00
    219.000    216.630    -1.4670  27.216141    -1.4657  27.216365     6.3776     6.7411     0.2254    97.2929 1.0000e-12  -73.10304 -113.84104  17.035317      98.32 1.1153e+03    569.348      13665  1028.4736  1028.4726    34.0750    34.0738    8.38173         34 0.0000e+00
    220.000    217.618    -1.4648  27.220378    -1.4610  27.221721     6.2972     6.6718     0.1434    97.2875 1.0000e-12  -73.10304 -113.84104  17.035330      99.92 1.1176e+03    570.489      13693  1028.4801  1028.4778    34.0777    34.0752    8.38107         24 0.0000e+00
    221.000    218.608    -1.4153  27.265419    -1.4130  27.265019     6.2754     6.6440     0.1163    97.2956 1.0000e-12  -73.10304 -113.84104  17.035340      99.90 1.1161e+03    571.387      13714  1028.4856  1028.4829    34.0826    34.0795    8.36964         20 0.0000e+00
    222.000    219.598    -1.3917  27.286826    -1.3901  27.286534     6.2702     6.6393     0.1285    96.9513 1.0000e-12  -73.10304 -113.84104  17.035350      99.90 1.1201e+03    572.237      13735  1028.4903  1028.4885    34.0846    34.0824    8.36422         21 0.0000e+00
    223.000    220.584    -1.3921  27.287147    -1.3906  27.287215     6.2549     6.6355     0.1105    97.2377 1.0000e-12  -73.10304 -113.84104  17.035361      99.90 1.1254e+03    573.207      13758  1028.4955  1028.4941    34.0849    34.0833    8.36430         26 0.0000e+00
    224.000    221.574    -1.3921  27.288530    -1.3911  27.287798     6.2443     6.6161     0.1107    97.2999 1.0000e-12  -73.10304 -113.84104  17.035379      99.90 1.0824e+03    574.740      13795  1028.5014  1028.4996    34.0862    34.0840    8.36422         41 0.0000e+00
    225.000    222.562    -1.3773  27.302378    -1.3760  27.301939     6.2495     6.6270     0.0821    97.3008 1.0000e-12  -73.10304 -113.84104  17.035398      99.91 1.0840e+03    576.402      13835  1028.5065  1028.5049    34.0877    34.0857    8.36081         29 0.0000e+00
    226.000    223.550    -1.3795  27.300547    -1.3803  27.299058     6.2415     6.6149     0.1852    97.4394 1.0000e-12  -73.10304 -113.84102  17.035410      99.90 1.0660e+03    577.396      13859  1028.5111  1028.5103    34.0872    34.0860    8.36135         22 0.0000e+00
    227.000    224.540    -1.3903  27.293341    -1.3909  27.291195     6.2421     6.6057     0.1160    97.4495 1.0000e-12  -73.10304 -113.84104  17.035420      99.90 1.0549e+03    578.319      13881  1028.5181  1028.5163    34.0889    34.0866    8.36366         23 0.0000e+00
    228.000    225.528    -1.3682  27.313482    -1.3670  27.312657     6.2371     6.6026     0.1039    97.2868 1.0000e-12  -73.10304 -113.84102  17.035433      99.91 1.0613e+03    579.375      13906  1028.5230  1028.5209    34.0908    34.0883    8.35860         29 0.0000e+00
    229.000    226.516    -1.3710  27.312051    -1.3701  27.311338     6.2300     6.5961     0.0712    97.4410 1.0000e-12  -73.10304 -113.84103  17.035448      99.35 1.0682e+03    580.677      13937  1028.5286  1028.5269    34.0913    34.0893    8.35918         31 0.0000e+00
    230.000    227.505    -1.3658  27.317625    -1.3647  27.316834     6.2273     6.5947     0.0697    97.4475 1.0000e-12  -73.10304 -113.84103  17.035462      97.13 1.0618e+03    581.940      13968  1028.5340  1028.5321    34.0925    34.0902    8.35795         28 0.0000e+00
    231.000    228.494    -1.3634  27.320561    -1.3624  27.320103     6.2395     6.6045     0.0741    97.3734 1.0000e-12  -73.10304 -113.84103  17.035475      99.92 1.0414e+03    583.030      13994  1028.5393  1028.5378    34.0932    34.0914    8.35737         26 0.0000e+00
    232.000    229.482    -1.3706  27.314746    -1.3698  27.314542     6.2638     6.6300     0.0783    97.2794 1.0000e-12  -73.10304 -113.84104  17.035488      99.90 1.0208e+03    584.125      14020  1028.5443  1028.5433    34.0927    34.0916    8.35901         29 0.0000e+00
