ocean_section_plots/required_files/ctd/dnbp2202_ctd231.cnv
* Sea-Bird SBE 9 Data File:
* FileName = D:\Data\raw\NBP2202_CTD231.hex
* Software Version Seasave V 7.26.7.121
* Temperature SN = 1649
* Conductivity SN = 2513
* Number of Bytes Per Scan = 40
* Number of Voltage Words = 5
* Number of Scans Averaged by the Deck Unit = 1
* NMEA Latitude = 73 43.86 S
* NMEA Longitude = 113 45.50 W
* NMEA UTC (Time) = Feb 13 2022  08:12:36
* NMEA baud rate = 9600
** Ship: RVIB N.B. Palmer
** Cruise: NBP2202 Thwaites
** Station: 142
** Operator: B. Bjork
# nquan = 28
# nvalues = 660                         
# units = specified
# name 0 = prDM: Pressure, Digiquartz [db]
# name 1 = depSM: Depth [salt water, m]
# name 2 = t090C: Temperature [ITS-90, deg C]
# name 3 = c0mS/cm: Conductivity [mS/cm]
# name 4 = t190C: Temperature, 2 [ITS-90, deg C]
# name 5 = c1mS/cm: Conductivity, 2 [mS/cm]
# name 6 = sbeox0ML/L: Oxygen, SBE 43 [ml/l]
# name 7 = sbeox1ML/L: Oxygen, SBE 43, 2 [ml/l]
# name 8 = flECO-AFL: Fluorescence, WET Labs ECO-AFL/FL [mg/m^3]
# name 9 = CStarTr0: Beam Transmission, WET Labs C-Star [%]
# name 10 = par: PAR/Irradiance, Biospherical/Licor
# name 11 = latitude: Latitude [deg]
# name 12 = longitude: Longitude [deg]
# name 13 = timeJ: Julian Days
# name 14 = altM: Altimeter [m]
# name 15 = spar: SPAR, Biospherical/Licor
# name 16 = timeS: Time, Elapsed [seconds]
# name 17 = scan: Scan Count
# name 18 = density00: Density [density, kg/m^3]
# name 19 = density11: Density, 2 [density, kg/m^3]
# name 20 = v3: Voltage 3
# name 21 = v4: Voltage 4
# name 22 = v5: Voltage 5
# name 23 = sal00: Salinity, Practical [PSU]
# name 24 = sal11: Salinity, Practical, 2 [PSU]
# name 25 = oxsolML/L: Oxygen Saturation, Garcia & Gordon [ml/l]
# name 26 = nbin: number of scans per bin
# name 27 = flag: flag
# span 0 =      2.000,    661.000       
# span 1 =      1.976,    653.139       
# span 2 =    -1.7649,     0.1524       
# span 3 =  27.087932,  29.017714       
# span 4 =    -1.7644,     0.1542       
# span 5 =  27.088250,  29.017587       
# span 6 =     4.7105,     9.0435       
# span 7 =     4.8661,     9.4407       
# span 8 =    -0.0138,    21.8967       
# span 9 =    77.1380,    97.8099       
# span 10 = -3.844e-05, 2.3739e+00      
# span 11 =  -73.73142,  -73.73104      
# span 12 = -113.76328, -113.75829      
# span 13 =  44.345161,  44.354630      
# span 14 =       2.91,     100.09      
# span 15 = 2.2917e+01, 3.1818e+01      
# span 16 =    265.936,   1084.044      
# span 17 =       6383,      26018      
# span 18 =  1027.1627,  1030.7459      
# span 19 =  1027.1654,  1030.7440      
# span 20 =     3.6607,     4.6399      
# span 21 =     0.0645,     3.5509      
# span 22 =     0.1123,     0.2549      
# span 23 =    33.7816,    34.4073      
# span 24 =    33.7809,    34.4052      
# span 25 =    8.01158,    8.44474      
# span 26 =         21,         46      
# span 27 = 0.0000e+00, 0.0000e+00      
# interval = decibars: 1                
# start_time = Feb 13 2022 08:12:36 [NMEA time, header]
# bad_flag = -9.990e-29
*END*
[from data line 622]
    624.000    616.626     0.1246  28.971265     0.1272  28.971913     4.7259     4.8787     0.0067    97.2328 1.0000e-12  -73.73132 -113.76182  44.353351      40.52 2.7925e+01    973.498      23365  1030.5667  1030.5649     4.6126     0.0674     0.1363    34.3982    34.3962    8.01788         24 0.0000e+00
    625.000    617.613     0.1279  28.975316     0.1297  28.975189     4.7214     4.8810     0.0143    97.2608 1.0000e-12  -73.73132 -113.76182  44.353362      39.40 2.6956e+01    974.481      23389  1030.5720  1030.5702     4.6139     0.0648     0.1323    34.3993    34.3971    8.01714         24 0.0000e+00
    626.000    618.600     0.1287  28.976624     0.1307  28.976693     4.7239     4.8727     0.0143    97.2735 1.0000e-12  -73.73132 -113.76182  44.353374      38.39 2.7176e+01    975.473      23412  1030.5769  1030.5751     4.6146     0.0682     0.1347    34.3995    34.3974    8.01695         24 0.0000e+00
    627.000    619.587     0.1290  28.977279     0.1311  28.977445     4.7237     4.8738     0.0143    97.2607 1.0000e-12  -73.73132 -113.76184  44.353385      37.35 2.7104e+01    976.483      23437  1030.5816  1030.5798     4.6139     0.0665     0.1365    34.3995    34.3974    8.01690         24 0.0000e+00
    628.000    620.573     0.1292  28.977963     0.1320  28.978887     4.7249     4.8778     0.0143    97.2370 1.0000e-12  -73.73132 -113.76186  44.353397      36.40 2.6220e+01    977.482      23461  1030.5864  1030.5847     4.6128     0.0648     0.1348    34.3996    34.3977    8.01685         24 0.0000e+00
    629.000    621.560     0.1301  28.979380     0.1324  28.980020     4.7250     4.8794     0.0093    97.2576 1.0000e-12  -73.73132 -113.76186  44.353408      35.32 2.7258e+01    978.486      23485  1030.5913  1030.5897     4.6138     0.0658     0.1360    34.3998    34.3981    8.01665         24 0.0000e+00
    630.000    622.546     0.1314  28.981258     0.1334  28.981367     4.7218     4.8756     0.0106    97.2553 1.0000e-12  -73.73132 -113.76188  44.353420      34.29 2.7545e+01    979.481      23509  1030.5962  1030.5945     4.6137     0.0669     0.1327    34.4003    34.3983    8.01635         24 0.0000e+00
    631.000    623.533     0.1310  28.981317     0.1335  28.981979     4.7241     4.8787     0.0144    97.2597 1.0000e-12  -73.73132 -113.76188  44.353432      33.26 2.6726e+01    980.493      23533  1030.6009  1030.5992     4.6139     0.0660     0.1345    34.4002    34.3983    8.01644         24 0.0000e+00
    632.000    624.520     0.1316  28.982270     0.1334  28.982252     4.7258     4.8805     0.0173    97.2498 1.0000e-12  -73.73132 -113.76191  44.353444      32.31 2.6309e+01    981.549      23558  1030.6056  1030.6038     4.6134     0.0663     0.1363    34.4003    34.3982    8.01632         27 0.0000e+00
    633.000    625.506     0.1304  28.981262     0.1325  28.981573     4.7230     4.8787     0.0181    97.2440 1.0000e-12  -73.73132 -113.76192  44.353457      31.17 2.6740e+01    982.690      23586  1030.6100  1030.6083     4.6131     0.0678     0.1321    34.3997    34.3977    8.01660         29 0.0000e+00
    634.000    626.493     0.1302  28.981440     0.1318  28.981166     4.7252     4.8830     0.0053    97.2605 1.0000e-12  -73.73132 -113.76193  44.353472      30.20 2.6608e+01    983.982      23617  1030.6147  1030.6128     4.6139     0.0667     0.1348    34.3995    34.3974    8.01665         32 0.0000e+00
    635.000    627.480     0.1308  28.982611     0.1331  28.983146     4.7229     4.8820    -0.0006    97.2269 1.0000e-12  -73.73132 -113.76194  44.353487      29.16 2.5407e+01    985.301      23648  1030.6196  1030.6179     4.6123     0.0670     0.1354    34.3998    34.3980    8.01651         32 0.0000e+00
    636.000    628.467     0.1324  28.984846     0.1341  28.984644     4.7217     4.8747     0.0115    97.2002 1.0000e-12  -73.73132 -113.76196  44.353503      28.18 2.6055e+01    986.642      23680  1030.6246  1030.6228     4.6110     0.0697     0.1342    34.4004    34.3983    8.01614         32 0.0000e+00
    637.000    629.453     0.1333  28.986307     0.1350  28.986106     4.7184     4.8752     0.0013    97.2520 1.0000e-12  -73.73132 -113.76197  44.353518      27.20 2.5946e+01    987.990      23713  1030.6294  1030.6276     4.6135     0.0669     0.1320    34.4007    34.3986    8.01593         32 0.0000e+00
    638.000    630.440     0.1347  28.988252     0.1359  28.987478     4.7155     4.8789     0.0102    97.1914 1.0000e-12  -73.73132 -113.76198  44.353533      26.19 2.5854e+01    989.288      23744  1030.6343  1030.6325     4.6106     0.0673     0.1383    34.4011    34.3988    8.01561         30 0.0000e+00
    639.000    631.427     0.1359  28.989982     0.1376  28.989826     4.7165     4.8765     0.0143    97.2247 1.0000e-12  -73.73132 -113.76201  44.353548      25.25 2.6440e+01    990.514      23773  1030.6393  1030.6374     4.6122     0.0672     0.1361    34.4015    34.3994    8.01535         30 0.0000e+00
    640.000    632.414     0.1366  28.991311     0.1385  28.991295     4.7169     4.8690     0.0034    97.2292 1.0000e-12  -73.73133 -113.76202  44.353563      24.17 2.5553e+01    991.851      23805  1030.6442  1030.6423     4.6124     0.0687     0.1348    34.4018    34.3997    8.01517         35 0.0000e+00
    641.000    633.399     0.1362  28.991094     0.1374  28.990364     4.7209     4.8753    -0.0008    97.2471 1.0000e-12  -73.73134 -113.76204  44.353580      23.16 2.5820e+01    993.308      23840  1030.6487  1030.6468     4.6133     0.0667     0.1322    34.4015    34.3992    8.01529         34 0.0000e+00
    642.000    634.387     0.1363  28.991660     0.1382  28.991778     4.7193     4.8784     0.0053    97.2468 1.0000e-12  -73.73134 -113.76205  44.353596      22.19 2.5347e+01    994.671      23873  1030.6534  1030.6517     4.6133     0.0682     0.1346    34.4015    34.3996    8.01526         32 0.0000e+00
    643.000    635.372     0.1355  28.991268     0.1373  28.991262     4.7248     4.8758     0.0143    97.2265 1.0000e-12  -73.73134 -113.76207  44.353612      21.19 2.5396e+01    996.085      23907  1030.6581  1030.6562     4.6123     0.0676     0.1349    34.4014    34.3993    8.01545         32 0.0000e+00
    644.000    636.359     0.1355  28.991923     0.1375  28.991921     4.7198     4.8763     0.0122    97.2418 1.0000e-12  -73.73134 -113.76209  44.353631      20.14 2.5385e+01    997.687      23945  1030.6629  1030.6610     4.6130     0.0675     0.1346    34.4015    34.3993    8.01542         35 0.0000e+00
    645.000    637.345     0.1363  28.993312     0.1384  28.993457     4.7193     4.8770     0.0051    97.2234 1.0000e-12  -73.73134 -113.76212  44.353653      19.08 2.5406e+01    999.626      23992  1030.6679  1030.6660     4.6121     0.0677     0.1323    34.4020    34.3998    8.01524         34 0.0000e+00
    646.000    638.333     0.1373  28.994664     0.1397  28.995304     4.7210     4.8742     0.0048    97.2201 1.0000e-12  -73.73134 -113.76214  44.353678      18.11 2.6019e+01   1001.805      24044  1030.6726  1030.6709     4.6120     0.0681     0.1378    34.4021    34.4002    8.01503         42 0.0000e+00
    647.000    639.320     0.1385  28.996654     0.1404  28.996480     4.7203     4.8738     0.0031    97.2659 1.0000e-12  -73.73134 -113.76217  44.353702      17.11 2.6767e+01   1003.837      24093  1030.6777  1030.6757     4.6141     0.0684     0.1327    34.4027    34.4004    8.01473         32 0.0000e+00
    648.000    640.305     0.1407  28.999565     0.1424  28.999448     4.7181     4.8752     0.0107    97.2426 1.0000e-12  -73.73134 -113.76220  44.353725      16.13 2.5168e+01   1005.875      24142  1030.6829  1030.6811     4.6130     0.0699     0.1338    34.4035    34.4014    8.01423         37 0.0000e+00
    649.000    641.293     0.1423  29.001768     0.1440  29.001384     4.7188     4.8721     0.0032    97.2313 1.0000e-12  -73.73134 -113.76222  44.353749      15.11 2.5609e+01   1007.951      24192  1030.6879  1030.6859     4.6125     0.0681     0.1331    34.4040    34.4017    8.01387         37 0.0000e+00
    650.000    642.280     0.1419  29.001801     0.1441  29.001946     4.7205     4.8744     0.0119    97.2325 1.0000e-12  -73.73134 -113.76225  44.353777      14.02 2.6405e+01   1010.291      24248  1030.6925  1030.6906     4.6126     0.0700     0.1355    34.4039    34.4017    8.01395         33 0.0000e+00
    651.000    643.265     0.1410  29.001027     0.1438  29.002012     4.7218     4.8735     0.0047    97.2274 1.0000e-12  -73.73136 -113.76229  44.353812      12.96 2.5155e+01   1013.336      24321  1030.6969  1030.6952     4.6123     0.0690     0.1343    34.4034    34.4015    8.01418         40 0.0000e+00
    652.000    644.251     0.1411  29.001524     0.1428  29.001256     4.7155     4.8666     0.0063    97.2134 1.0000e-12  -73.73136 -113.76233  44.353848      11.94 2.4926e+01   1016.428      24395  1030.7016  1030.6997     4.6117     0.0685     0.1367    34.4034    34.4011    8.01416         43 0.0000e+00
    653.000    645.240     0.1409  29.001888     0.1435  29.002498     4.7137     4.8677     0.0039    97.2303 1.0000e-12  -73.73136 -113.76237  44.353878      10.94 2.5400e+01   1019.048      24458  1030.7064  1030.7045     4.6124     0.0689     0.1337    34.4035    34.4014    8.01420         38 0.0000e+00
    654.000    646.225     0.1422  29.003667     0.1450  29.004631     4.7176     4.8746     0.0074    97.2321 1.0000e-12  -73.73136 -113.76241  44.353907       9.88 2.5337e+01   1021.583      24519  1030.7112  1030.7095     4.6125     0.0771     0.1381    34.4037    34.4019    8.01390         35 0.0000e+00
    655.000    647.211     0.1435  29.005547     0.1451  29.005181     4.7177     4.8698     0.0128    97.2295 1.0000e-12  -73.73136 -113.76245  44.353940       8.81 2.5113e+01   1024.456      24588  1030.7162  1030.7142     4.6124     0.0686     0.1329    34.4042    34.4019    8.01361         36 0.0000e+00
    656.000    648.198     0.1449  29.007758     0.1473  29.008121     4.7170     4.8715     0.0084    97.2012 1.0000e-12  -73.73138 -113.76249  44.353980       7.76 2.6301e+01   1027.865      24670  1030.7213  1030.7194     4.6111     0.0703     0.1371    34.4049    34.4027    8.01327         26 0.0000e+00
    657.000    649.182     0.1467  29.010059     0.1485  29.009866     4.7177     4.8716     0.0092    97.2506 1.0000e-12  -73.73138 -113.76254  44.354018       6.71 2.5467e+01   1031.185      24749  1030.7262  1030.7243     4.6134     0.0702     0.1362    34.4053    34.4031    8.01287         32 0.0000e+00
    658.000    650.172     0.1465  29.010237     0.1489  29.010712     4.7130     4.8675    -0.0001    97.2098 1.0000e-12  -73.73138 -113.76258  44.354052       5.65 2.5295e+01   1034.074      24819  1030.7309  1030.7291     4.6115     0.0701     0.1326    34.4052    34.4033    8.01292         37 0.0000e+00
    659.000    651.159     0.1471  29.011267     0.1485  29.010678     4.7105     4.8735     0.0152    97.2179 1.0000e-12  -73.73140 -113.76262  44.354085       4.60 2.5865e+01   1036.912      24887  1030.7356  1030.7337     4.6119     0.0704     0.1321    34.4054    34.4031    8.01280         26 0.0000e+00
    660.000    652.146     0.1524  29.017714     0.1542  29.017587     4.7122     4.8666     0.0311    97.1834 1.0000e-12  -73.73140 -113.76304  44.354422       2.91 2.4547e+01   1066.019      25585  1030.7414  1030.7396     4.6102     0.0812     0.1345    34.4073    34.4052    8.01158         28 0.0000e+00
    661.000    653.139     0.1504  29.016070     0.1522  29.015852     4.7124     4.8661     0.0068    97.1833 1.0000e-12  -73.73142 -113.76328  44.354630      13.13 2.4093e+01   1084.044      26018  1030.7459  1030.7440     4.6103     0.0677     0.1367    34.4068    34.4045    8.01202         30 0.0000e+00
