ocean_section_plots/required_files/ctd/dnbp2202_ctd157.cnv
* Sea-Bird SBE 9 Data File:
* FileName = D:\Data\raw\NBP2202_CTD157.hex
* Software Version Seasave V 7.26.7.121
* Temperature SN = 1649
* Conductivity SN = 2513
* Number of Bytes Per Scan = 40
* Number of Voltage Words = 5
* Number of Scans Averaged by the Deck Unit = 1
* NMEA Latitude = 74 13.67 S
* NMEA Longitude = 112 04.02 W
* NMEA UTC (Time) = Jan 31 2022  21:24:04
* NMEA baud rate = 9600
** Ship: RVIB N.B. Palmer
** Cruise: NBP2202 Thwaites
** Station: 79
** Operator: A. Robinson
# nquan = 28
# nvalues = 504                         
# units = specified
# name 0 = prDM: Pressure, Digiquartz [db]
# name 1 = depSM: Depth [salt water, m]
# name 2 = t090C: Temperature [ITS-90, deg C]
# name 3 = c0mS/cm: Conductivity [mS/cm]
# name 4 = t190C: Temperature, 2 [ITS-90, deg C]
# name 5 = c1mS/cm: Conductivity, 2 [mS/cm]
# name 6 = sbeox0ML/L: Oxygen, SBE 43 [ml/l]
# name 7 = sbeox1ML/L: Oxygen, SBE 43, 2 [ml/l]
# name 8 = flECO-AFL: Fluorescence, WET Labs ECO-AFL/FL [mg/m^3]
# name 9 = CStarTr0: Beam Transmission, WET Labs C-Star [%]
# name 10 = par: PAR/Irradiance, Biospherical/Licor
# name 11 = latitude: Latitude [deg]
# name 12 = longitude: Longitude [deg]
# name 13 = timeJ: Julian Days
# name 14 = altM: Altimeter [m]
# name 15 = spar: SPAR, Biospherical/Licor
# name 16 = timeS: Time, Elapsed [seconds]
# name 17 = scan: Scan Count
# name 18 = density00: Density [density, kg/m^3]
# name 19 = density11: Density, 2 [density, kg/m^3]
# name 20 = v3: Voltage 3
# name 21 = v4: Voltage 4
# name 22 = v5: Voltage 5
# name 23 = sal00: Salinity, Practical [PSU]
# name 24 = sal11: Salinity, Practical, 2 [PSU]
# name 25 = oxsolML/L: Oxygen Saturation, Garcia & Gordon [ml/l]
# name 26 = nbin: number of scans per bin
# name 27 = flag: flag
# span 0 =      3.000,    506.000       
# span 1 =      2.970,    500.154       
# span 2 =    -1.4530,    -0.1114       
# span 3 =  26.998290,  28.668731       
# span 4 =    -1.4533,    -0.1093       
# span 5 =  26.998484,  28.668420       
# span 6 =     4.8676,     8.7083       
# span 7 =     4.9792,     8.6329       
# span 8 =     0.0036,    15.9353       
# span 9 =    71.1527,    93.6871       
# span 10 = 1.0000e-12, 9.5185e+02      
# span 11 =  -74.22789,  -74.22786      
# span 12 = -112.06706, -112.06700      
# span 13 =  31.894357,  31.901952      
# span 14 =      73.79,     107.18      
# span 15 = 1.9155e+03, 1.9423e+03      
# span 16 =    228.428,    884.667      
# span 17 =       5483,      21233      
# span 18 =  1027.1957,  1029.9728      
# span 19 =  1027.1944,  1029.9715      
# span 20 =     3.3761,     4.4444      
# span 21 =     0.0695,     2.4061      
# span 22 =     0.1150,     0.2138      
# span 23 =    33.7976,    34.3325      
# span 24 =    33.8007,    34.3298      
# span 25 =    8.07115,    8.38439      
# span 26 =         16,         47      
# span 27 = 0.0000e+00, 0.0000e+00      
# interval = decibars: 1                
# start_time = Jan 31 2022 21:24:04 [NMEA time, header]
# bad_flag = -9.990e-29
*END*
[from data line 311]
    314.000    310.513    -1.3382  27.376520    -1.3373  27.376253     6.1938     6.3484     0.0216    93.5886 1.0000e-12  -74.22788 -112.06704  31.899171      99.79 1.9328e+03    644.392      15466  1028.9329  1028.9317     4.4399     0.0733     0.1191    34.0899    34.0885    8.35192         22 0.0000e+00
    315.000    311.501    -1.3344  27.380599    -1.3337  27.380156     6.1967     6.3457     0.0216    93.6141 1.0000e-12  -74.22788 -112.06704  31.899181      99.81 1.9331e+03    645.275      15488  1028.9380  1028.9368     4.4410     0.0734     0.1182    34.0906    34.0891    8.35104         21 0.0000e+00
    316.000    312.491    -1.3358  27.379893    -1.3352  27.379613     6.1979     6.3548     0.0278    93.5813 1.0000e-12  -74.22788 -112.06704  31.899192      99.80 1.9322e+03    646.187      15509  1028.9429  1028.9420     4.4395     0.0767     0.1204    34.0906    34.0894    8.35136         23 0.0000e+00
    317.000    313.479    -1.3372  27.379358    -1.3365  27.379063     6.2060     6.3589     0.0345    93.5933 1.0000e-12  -74.22788 -112.06704  31.899203      99.80 1.9317e+03    647.167      15533  1028.9480  1028.9471     4.4400     0.0749     0.1194    34.0908    34.0896    8.35165         24 0.0000e+00
    318.000    314.465    -1.3416  27.376205    -1.3410  27.376102     6.2154     6.3607     0.0273    93.6018 1.0000e-12  -74.22788 -112.06704  31.899215      99.80 1.9325e+03    648.174      15557  1028.9532  1028.9525     4.4404     0.0743     0.1190    34.0908    34.0900    8.35263         23 0.0000e+00
    319.000    315.454    -1.3476  27.371988    -1.3471  27.371703     6.2254     6.3700     0.0251    93.6221 1.0000e-12  -74.22788 -112.06704  31.899226      99.80 1.9331e+03    649.133      15580  1028.9587  1028.9579     4.4414     0.0755     0.1185    34.0913    34.0903    8.35395         23 0.0000e+00
    320.000    316.443    -1.3526  27.368550    -1.3518  27.368308     6.2319     6.3808     0.0288    93.6230 1.0000e-12  -74.22788 -112.06704  31.899237      99.80 1.9328e+03    650.070      15603  1028.9641  1028.9631     4.4414     0.0739     0.1165    34.0916    34.0904    8.35505         23 0.0000e+00
    321.000    317.431    -1.3540  27.367900    -1.3533  27.367734     6.2323     6.3790     0.0266    93.6046 1.0000e-12  -74.22788 -112.06704  31.899249      99.81 1.9306e+03    651.087      15627  1028.9690  1028.9682     4.4406     0.0750     0.1195    34.0917    34.0907    8.35535         27 0.0000e+00
    322.000    318.418    -1.3573  27.365562    -1.3569  27.365228     6.2362     6.3862     0.0245    93.6036 1.0000e-12  -74.22788 -112.06704  31.899263      99.80 1.9320e+03    652.301      15656  1028.9739  1028.9732     4.4405     0.0759     0.1208    34.0916    34.0907    8.35609         30 0.0000e+00
    323.000    319.407    -1.3582  27.365221    -1.3573  27.365360     6.2410     6.3960     0.0259    93.6086 1.0000e-12  -74.22788 -112.06704  31.899276      88.02 1.9320e+03    653.449      15684  1028.9786  1028.9779     4.4408     0.0752     0.1219    34.0915    34.0907    8.35630         24 0.0000e+00
    324.000    320.396    -1.3619  27.362548    -1.3630  27.361092     6.2308     6.3925     0.0216    93.6183 1.0000e-12  -74.22788 -112.06704  31.899287      98.95 1.9328e+03    654.380      15706  1028.9836  1028.9831     4.4412     0.0754     0.1207    34.0915    34.0907    8.35714         21 0.0000e+00
    325.000    321.382    -1.3657  27.360543    -1.3645  27.360593     6.2290     6.3811     0.0216    93.6392 1.0000e-12  -74.22788 -112.06704  31.899296      99.79 1.9325e+03    655.199      15726  1028.9894  1028.9883     4.4422     0.0735     0.1190    34.0925    34.0912    8.35794         19 0.0000e+00
    326.000    322.371    -1.3612  27.365339    -1.3617  27.363860     6.2193     6.3745     0.0277    93.6380 1.0000e-12  -74.22788 -112.06704  31.899306      99.80 1.9330e+03    656.012      15745  1028.9945  1028.9933     4.4421     0.0762     0.1184    34.0932    34.0918    8.35687         20 0.0000e+00
    327.000    323.359    -1.3446  27.380355    -1.3441  27.380127     6.2071     6.3661     0.0289    93.6291 1.0000e-12  -74.22788 -112.06704  31.899318      99.81 1.9315e+03    657.086      15771  1028.9990  1028.9982     4.4417     0.0762     0.1161    34.0944    34.0935    8.35309         32 0.0000e+00
    328.000    324.348    -1.3437  27.382627    -1.3438  27.380624     6.1853     6.3454     0.3003    93.6871 1.0000e-12  -74.22788 -112.06704  31.899336      99.81 1.9322e+03    658.640      15808  1029.0049  1029.0028     4.4444     0.0772     0.1204    34.0958    34.0932    8.35280         31 0.0000e+00
    329.000    325.334    -1.3301  27.395159    -1.3301  27.393830     6.1800     6.3434     0.0341    93.6782 1.0000e-12  -74.22788 -112.06704  31.899348      99.80 1.9322e+03    659.679      15833  1029.0096  1029.0083     4.4440     0.0763     0.1154    34.0969    34.0952    8.34968         21 0.0000e+00
    330.000    326.323    -1.3243  27.400970    -1.3230  27.400814     6.1835     6.3520     0.0512    93.6683 1.0000e-12  -74.22788 -112.06704  31.899357      99.80 1.9317e+03    660.474      15852  1029.0148  1029.0133     4.4435     0.0807     0.1180    34.0977    34.0961    8.34834         18 0.0000e+00
    331.000    327.312    -1.3216  27.404250    -1.3209  27.403983     6.1872     6.3471     0.0534    93.6508 1.0000e-12  -74.22788 -112.06704  31.899366      99.81 1.9314e+03    661.196      15870  1029.0201  1029.0190     4.4427     0.0851     0.1158    34.0986    34.0973    8.34770         17 0.0000e+00
    332.000    328.300    -1.3225  27.404650    -1.3217  27.404301     6.1864     6.3428     0.0502    93.6534 1.0000e-12  -74.22788 -112.06704  31.899375      99.80 1.9341e+03    661.974      15888  1029.0257  1029.0245     4.4429     0.0776     0.1172    34.0995    34.0981    8.34784         20 0.0000e+00
    333.000    329.287    -1.3221  27.405683    -1.3211  27.405304     6.1811     6.3370     0.0412    93.6360 1.0000e-12  -74.22788 -112.06704  31.899386      99.81 1.9338e+03    662.987      15913  1029.0308  1029.0295     4.4420     0.0790     0.1169    34.0998    34.0982    8.34773         30 0.0000e+00
    334.000    330.276    -1.3216  27.406876    -1.3207  27.406516     6.1812     6.3382     0.1202    93.5875 1.0000e-12  -74.22788 -112.06704  31.899403      99.80 1.9337e+03    664.432      15947  1029.0360  1029.0348     4.4398     0.0783     0.1171    34.1003    34.0989    8.34759         32 0.0000e+00
    335.000    331.262    -1.3199  27.409296    -1.3192  27.408929     6.1755     6.3302     0.1339    93.6065 1.0000e-12  -74.22788 -112.06704  31.899416      99.80 1.9333e+03    665.555      15974  1029.0414  1029.0402     4.4406     0.0775     0.1180    34.1011    34.0997    8.34717         23 0.0000e+00
    336.000    332.253    -1.3194  27.410385    -1.3186  27.410010     6.1730     6.3276     0.0503    93.5552 1.0000e-12  -74.22788 -112.06704  31.899427      97.76 1.9331e+03    666.490      15997  1029.0465  1029.0452     4.4382     0.0909     0.1196    34.1014    34.1000    8.34704         22 0.0000e+00
    337.000    333.240    -1.3169  27.413323    -1.3161  27.413000     6.1571     6.3262     0.0833    93.5410 1.0000e-12  -74.22788 -112.06704  31.899437      93.35 1.9332e+03    667.374      16018  1029.0516  1029.0504     4.4375     0.0762     0.1172    34.1019    34.1006    8.34644         21 0.0000e+00
    338.000    334.229    -1.3140  27.416886    -1.3132  27.416558     6.1531     6.3209     0.7396    93.5757 1.0000e-12  -74.22788 -112.06704  31.899448      99.80 1.9342e+03    668.270      16039  1029.0570  1029.0558     4.4392     0.0938     0.1200    34.1030    34.1015    8.34575         22 0.0000e+00
    339.000    335.215    -1.3081  27.423332    -1.3073  27.422932     6.1528     6.3165     0.1785    93.5732 1.0000e-12  -74.22788 -112.06704  31.899459      99.80 1.9342e+03    669.227      16062  1029.0626  1029.0614     4.4391     0.0801     0.1183    34.1044    34.1030    8.34433         24 0.0000e+00
    340.000    336.204    -1.3051  27.426616    -1.3044  27.426328     6.1549     6.3123     0.0681    93.5810 1.0000e-12  -74.22788 -112.06704  31.899471      99.80 1.9354e+03    670.298      16088  1029.0677  1029.0666     4.4394     0.0749     0.1169    34.1050    34.1037    8.34364         28 0.0000e+00
    341.000    337.192    -1.3028  27.429364    -1.3023  27.428804     6.1490     6.3037     0.0542    93.4694 1.0000e-12  -74.22788 -112.06704  31.899484      99.80 1.9305e+03    671.444      16116  1029.0728  1029.0717     4.4342     0.0771     0.1186    34.1055    34.1042    8.34309         26 0.0000e+00
    342.000    338.179    -1.2993  27.433482    -1.2985  27.433252     6.1464     6.3010     0.0681    93.5721 1.0000e-12  -74.22788 -112.06704  31.899497      99.80 1.9312e+03    672.517      16141  1029.0782  1029.0771     4.4390     0.0767     0.1167    34.1065    34.1052    8.34225         25 0.0000e+00
    343.000    339.168    -1.2963  27.437023    -1.2955  27.436711     6.1439     6.3001     0.0503    93.5841 1.0000e-12  -74.22788 -112.06704  31.899508      99.80 1.9335e+03    673.516      16165  1029.0836  1029.0824     4.4396     0.0795     0.1175    34.1074    34.1060    8.34153         23 0.0000e+00
    344.000    340.156    -1.2951  27.438683    -1.2942  27.438315     6.1352     6.2897     0.0493    93.5816 1.0000e-12  -74.22788 -112.06704  31.899519      99.80 1.9337e+03    674.457      16188  1029.0885  1029.0872     4.4395     0.0788     0.1214    34.1076    34.1062    8.34123         23 0.0000e+00
    345.000    341.144    -1.2932  27.440922    -1.2927  27.440394     6.1378     6.2938     0.0562    93.5980 1.0000e-12  -74.22788 -112.06704  31.899530      99.80 1.9333e+03    675.399      16211  1029.0935  1029.0924     4.4403     0.0791     0.1201    34.1080    34.1067    8.34080         22 0.0000e+00
    346.000    342.131    -1.2911  27.443708    -1.2901  27.443517     6.1338     6.2970     0.0633    93.5187 1.0000e-12  -74.22788 -112.06704  31.899541      99.81 1.9345e+03    676.322      16233  1029.0988  1029.0976     4.4365     0.0793     0.1204    34.1087    34.1073    8.34028         22 0.0000e+00
    347.000    343.120    -1.2881  27.447594    -1.2872  27.447258     6.1379     6.2877     0.0736    93.5359 1.0000e-12  -74.22788 -112.06704  31.899551      99.81 1.9336e+03    677.230      16255  1029.1045  1029.1032     4.4373     0.0796     0.1177    34.1100    34.1086    8.33953         22 0.0000e+00
    348.000    344.108    -1.2859  27.450640    -1.2852  27.450141     6.1359     6.2866     0.0942    93.5645 1.0000e-12  -74.22788 -112.06704  31.899562      99.80 1.9310e+03    678.180      16277  1029.1099  1029.1088     4.4386     0.0797     0.1173    34.1110    34.1096    8.33897         25 0.0000e+00
    349.000    345.097    -1.2830  27.454400    -1.2821  27.454047     6.1289     6.2805     0.0552    93.5664 1.0000e-12  -74.22788 -112.06704  31.899575      99.45 1.9336e+03    679.281      16304  1029.1156  1029.1144     4.4387     0.0775     0.1165    34.1123    34.1108    8.33826         28 0.0000e+00
    350.000    346.083    -1.2811  27.457093    -1.2802  27.456756     6.1261     6.2760     0.0711    93.4882 1.0000e-12  -74.22788 -112.06704  31.899588      99.39 1.9322e+03    680.447      16332  1029.1211  1029.1198     4.4351     0.0773     0.1188    34.1132    34.1117    8.33778         26 0.0000e+00
    351.000    347.072    -1.2769  27.462162    -1.2759  27.461888     6.1202     6.2737     0.0526    93.5645 1.0000e-12  -74.22788 -112.06704  31.899600      99.80 1.9314e+03    681.453      16356  1029.1269  1029.1256     4.4386     0.0778     0.1192    34.1148    34.1133    8.33675         23 0.0000e+00
    352.000    348.059    -1.2745  27.465117    -1.2736  27.464839     6.1085     6.2674     0.0618    93.5505 1.0000e-12  -74.22788 -112.06704  31.899610      99.80 1.9341e+03    682.348      16377  1029.1321  1029.1309     4.4380     0.0789     0.1194    34.1155    34.1141    8.33617         20 0.0000e+00
    353.000    349.048    -1.2713  27.469719    -1.2703  27.469401     6.1049     6.2637     0.0568    93.5642 1.0000e-12  -74.22788 -112.06702  31.899620      99.80 1.9353e+03    683.205      16398  1029.1384  1029.1371     4.4386     0.0780     0.1156    34.1176    34.1160    8.33534         21 0.0000e+00
    354.000    350.036    -1.2653  27.476749    -1.2645  27.476291     6.1104     6.2613     0.0623    93.5703 1.0000e-12  -74.22788 -112.06702  31.899631      99.80 1.9325e+03    684.106      16420  1029.1446  1029.1433     4.4389     0.0781     0.1180    34.1197    34.1182    8.33387         23 0.0000e+00
    355.000    351.023    -1.2622  27.480170    -1.2616  27.479639     6.1096     6.2590     0.0636    93.5631 1.0000e-12  -74.22788 -112.06702  31.899643      99.80 1.9345e+03    685.137      16444  1029.1497  1029.1485     4.4386     0.0773     0.1176    34.1204    34.1189    8.33316         26 0.0000e+00
    356.000    352.011    -1.2605  27.482687    -1.2596  27.482342     6.0977     6.2590     0.0483    93.5431 1.0000e-12  -74.22788 -112.06702  31.899656      99.80 1.9349e+03    686.288      16472  1029.1551  1029.1538     4.4376     0.0767     0.1199    34.1212    34.1197    8.33271         28 0.0000e+00
    357.000    353.001    -1.2591  27.484457    -1.2583  27.483988     6.0892     6.2505     0.0529    93.5443 1.0000e-12  -74.22788 -112.06702  31.899669      99.81 1.9325e+03    687.404      16499  1029.1600  1029.1588     4.4377     0.0784     0.1183    34.1214    34.1199    8.33239         26 0.0000e+00
    358.000    353.987    -1.2582  27.485883    -1.2572  27.485674     6.0875     6.2474     0.0659    93.5727 1.0000e-12  -74.22788 -112.06702  31.899681      99.80 1.9359e+03    688.417      16523  1029.1651  1029.1639     4.4391     0.0804     0.1181    34.1218    34.1204    8.33218         23 0.0000e+00
    359.000    354.976    -1.2552  27.489632    -1.2545  27.488984     6.0878     6.2450     0.0946    93.5557 1.0000e-12  -74.22786 -112.06702  31.899692      99.80 1.9359e+03    689.357      16546  1029.1706  1029.1692     4.4382     0.0799     0.1173    34.1228    34.1211    8.33144         22 0.0000e+00
    360.000    355.963    -1.2519  27.492996    -1.2513  27.492352     6.0900     6.2387     0.1274    93.5739 1.0000e-12  -74.22786 -112.06702  31.899702      99.81 1.9328e+03    690.244      16567  1029.1754  1029.1741     4.4391     0.0836     0.1191    34.1231    34.1215    8.33069         21 0.0000e+00
    361.000    356.952    -1.2514  27.494345    -1.2505  27.493939     6.0874     6.2354     0.0460    93.5780 1.0000e-12  -74.22786 -112.06702  31.899712      99.80 1.9340e+03    691.134      16588  1029.1808  1029.1794     4.4393     0.0822     0.1185    34.1238    34.1222    8.33054         22 0.0000e+00
    362.000    357.940    -1.2500  27.496584    -1.2489  27.496312     6.0852     6.2392     0.1175    93.5543 1.0000e-12  -74.22786 -112.06702  31.899724      99.80 1.9346e+03    692.115      16612  1029.1862  1029.1848     4.4381     0.0806     0.1164    34.1246    34.1230    8.33018         25 0.0000e+00
    363.000    358.927    -1.2476  27.500035    -1.2467  27.499632     6.0900     6.2368     0.0774    93.5698 1.0000e-12  -74.22786 -112.06702  31.899736      95.18 1.9338e+03    693.224      16638  1029.1920  1029.1906     4.4389     0.0778     0.1185    34.1260    34.1244    8.32956         27 0.0000e+00
    364.000    359.914    -1.2474  27.501301    -1.2466  27.501057     6.0897     6.2442     0.0529    93.5484 1.0000e-12  -74.22786 -112.06702  31.899749      99.84 1.9357e+03    694.342      16665  1029.1975  1029.1965     4.4379     0.0791     0.1194    34.1269    34.1257    8.32947         27 0.0000e+00
