ocean_section_plots/required_files/ctd/dnbp2202_ctd216.cnv
* Sea-Bird SBE 9 Data File:
* FileName = D:\Data\raw\NBP2202_CTD216.hex
* Software Version Seasave V 7.26.7.121
* Temperature SN = 1649
* Conductivity SN = 2513
* Number of Bytes Per Scan = 40
* Number of Voltage Words = 5
* Number of Scans Averaged by the Deck Unit = 1
* NMEA Latitude = 73 56.46 S
* NMEA Longitude = 111 25.09 W
* NMEA UTC (Time) = Feb 11 2022  07:05:06
* NMEA baud rate = 9600
** Ship: RVIB N.B. Palmer
** Cruise: NBP2202 Thwaites
** Station: 128
** Operator: B. Bjork
# nquan = 28
# nvalues = 688                         
# units = specified
# name 0 = prDM: Pressure, Digiquartz [db]
# name 1 = depSM: Depth [salt water, m]
# name 2 = t090C: Temperature [ITS-90, deg C]
# name 3 = c0mS/cm: Conductivity [mS/cm]
# name 4 = t190C: Temperature, 2 [ITS-90, deg C]
# name 5 = c1mS/cm: Conductivity, 2 [mS/cm]
# name 6 = sbeox0ML/L: Oxygen, SBE 43 [ml/l]
# name 7 = sbeox1ML/L: Oxygen, SBE 43, 2 [ml/l]
# name 8 = flECO-AFL: Fluorescence, WET Labs ECO-AFL/FL [mg/m^3]
# name 9 = CStarTr0: Beam Transmission, WET Labs C-Star [%]
# name 10 = par: PAR/Irradiance, Biospherical/Licor
# name 11 = latitude: Latitude [deg]
# name 12 = longitude: Longitude [deg]
# name 13 = timeJ: Julian Days
# name 14 = altM: Altimeter [m]
# name 15 = spar: SPAR, Biospherical/Licor
# name 16 = timeS: Time, Elapsed [seconds]
# name 17 = scan: Scan Count
# name 18 = density00: Density [density, kg/m^3]
# name 19 = density11: Density, 2 [density, kg/m^3]
# name 20 = v3: Voltage 3
# name 21 = v4: Voltage 4
# name 22 = v5: Voltage 5
# name 23 = sal00: Salinity, Practical [PSU]
# name 24 = sal11: Salinity, Practical, 2 [PSU]
# name 25 = oxsolML/L: Oxygen Saturation, Garcia & Gordon [ml/l]
# name 26 = nbin: number of scans per bin
# name 27 = flag: flag
# span 0 =      1.000,    688.000       
# span 1 =      0.995,    679.761       
# span 2 =    -1.6863,     0.3947       
# span 3 =  26.876235,  29.323470       
# span 4 =    -1.6857,     0.3972       
# span 5 =  26.876624,  29.323791       
# span 6 =     4.5809,     8.9559       
# span 7 =     4.7374,     9.2737       
# span 8 =    -0.0146,    30.4061       
# span 9 =    69.5048,    98.4602       
# span 10 = 1.0000e-12, 3.2305e+00      
# span 11 =  -73.94104,  -73.93935      
# span 12 = -111.42292, -111.41851      
# span 13 =  42.297001,  42.306297      
# span 14 =       1.35,     100.92      
# span 15 = 1.8663e+01, 3.6415e+01      
# span 16 =    154.854,    958.103      
# span 17 =       3717,      22995      
# span 18 =  1027.1836,  1030.9461      
# span 19 =  1027.1826,  1030.9441      
# span 20 =     3.2972,     4.6708      
# span 21 =     0.0652,     4.7771      
# span 22 =     0.1098,     0.2758      
# span 23 =    33.7967,    34.5218      
# span 24 =    33.7967,    34.5194      
# span 25 =    7.95496,    8.43945      
# span 26 =          9,         54      
# span 27 = 0.0000e+00, 0.0000e+00      
# interval = decibars: 1                
# start_time = Feb 11 2022 07:05:06 [NMEA time, header]
# bad_flag = -9.990e-29
*END*
[from data line 104]
    105.000    103.887    -1.5535  27.013756    -1.5528  27.013774     6.4121     6.6232     1.5800    95.6985 1.0000e-12  -73.94086 -111.41899  42.298849      99.93 2.7148e+01    314.542       7550  1027.8377  1027.8371     4.5398     0.2775     0.1254    33.9656    33.9648    8.40779         25 0.0000e+00
    106.000    104.878    -1.5529  27.015064    -1.5521  27.015134     6.4143     6.6159     1.4578    94.9949 1.0000e-12  -73.94086 -111.41899  42.298861      99.93 2.6935e+01    315.591       7575  1027.8429  1027.8423     4.5065     0.2887     0.1235    33.9660    33.9652    8.40761         25 0.0000e+00
    107.000    105.866    -1.5507  27.017758    -1.5500  27.017790     6.4100     6.6151     1.5453    95.0399 1.0000e-12  -73.94086 -111.41899  42.298873      99.92 2.7104e+01    316.606       7600  1027.8482  1027.8476     4.5086     0.3152     0.1194    33.9666    33.9659    8.40708         24 0.0000e+00
    108.000    106.856    -1.5509  27.018318    -1.5502  27.018202     6.4095     6.6110     1.4900    95.4760 1.0000e-12  -73.94086 -111.41900  42.298884      99.93 2.5201e+01    317.601       7623  1027.8535  1027.8527     4.5293     0.2894     0.1233    33.9670    33.9661    8.40710         24 0.0000e+00
    109.000    107.845    -1.5564  27.014725    -1.5561  27.014579     6.4229     6.6138     1.2902    94.9645 1.0000e-12  -73.94086 -111.41900  42.298896      99.92 2.6608e+01    318.592       7647  1027.8593  1027.8589     4.5050     0.3546     0.1258    33.9677    33.9672    8.40831         23 0.0000e+00
    110.000    108.833    -1.5613  27.011588    -1.5607  27.011475     6.4286     6.6320     1.3558    95.1442 1.0000e-12  -73.94086 -111.41900  42.298907      99.91 2.9049e+01    319.577       7671  1027.8649  1027.8642     4.5136     0.3361     0.1302    33.9683    33.9674    8.40939         24 0.0000e+00
    111.000    109.824    -1.5678  27.006176    -1.5677  27.006142     6.4443     6.6450     1.3702    95.8815 1.0000e-12  -73.94086 -111.41900  42.298919      99.93 2.9309e+01    320.568       7695  1027.8696  1027.8695     4.5485     0.2866     0.1266    33.9676    33.9674    8.41090         24 0.0000e+00
    112.000    110.812    -1.5868  26.991058    -1.5867  26.991252     6.4457     6.6533     1.5749    95.7170 1.0000e-12  -73.94086 -111.41901  42.298930      99.93 2.6078e+01    321.562       7718  1027.8757  1027.8757     4.5407     0.2438     0.1213    33.9677    33.9678    8.41520         24 0.0000e+00
    113.000    111.802    -1.5956  26.984690    -1.5952  26.984725     6.4591     6.6606     1.5597    95.1938 1.0000e-12  -73.94086 -111.41902  42.298941      99.92 2.6596e+01    322.542       7742  1027.8813  1027.8810     4.5159     0.2943     0.1236    33.9683    33.9679    8.41715         23 0.0000e+00
    114.000    112.790    -1.5987  26.982718    -1.5981  26.982747     6.4601     6.6643     1.3305    94.7416 1.0000e-12  -73.94085 -111.41902  42.298953      99.92 3.0009e+01    323.533       7766  1027.8863  1027.8859     4.4945     0.3255     0.1278    33.9684    33.9678    8.41784         24 0.0000e+00
    115.000    113.779    -1.6045  26.978444    -1.6043  26.978396     6.4557     6.6685     1.3867    95.1166 1.0000e-12  -73.94084 -111.41903  42.298964      99.92 2.7749e+01    324.528       7790  1027.8915  1027.8913     4.5122     0.3015     0.1286    33.9685    33.9682    8.41916         24 0.0000e+00
    116.000    114.768    -1.6057  26.978900    -1.6056  26.978315     6.4474     6.6643     1.2690    95.5802 1.0000e-12  -73.94084 -111.41904  42.298976      99.92 2.3183e+01    325.527       7814  1027.8975  1027.8966     4.5342     0.2958     0.1342    33.9699    33.9689    8.41935         24 0.0000e+00
    117.000    115.759    -1.6013  26.983711    -1.6009  26.983570     6.4450     6.6601     1.3565    95.6694 1.0000e-12  -73.94084 -111.41904  42.298987      99.91 2.9659e+01    326.518       7837  1027.9027  1027.9022     4.5383     0.3532     0.1299    33.9709    33.9703    8.41829         24 0.0000e+00
    118.000    116.745    -1.6039  26.982497    -1.6029  26.982853     6.4481     6.6609     1.6605    95.3301 1.0000e-12  -73.94084 -111.41904  42.298999      99.92 2.9118e+01    327.514       7861  1027.9081  1027.9075     4.5225     0.2789     0.1222    33.9716    33.9709    8.41884         23 0.0000e+00
    119.000    117.736    -1.6037  26.983406    -1.6033  26.983005     6.4407     6.6617     1.6549    94.8066 1.0000e-12  -73.94084 -111.41904  42.299010      99.92 2.6166e+01    328.498       7885  1027.9132  1027.9123     4.4975     0.3205     0.1265    33.9719    33.9709    8.41877         24 0.0000e+00
    120.000    118.725    -1.6037  26.983605    -1.6027  26.983922     6.4505     6.6661     1.2510    94.8575 1.0000e-12  -73.94084 -111.41906  42.299022      99.91 2.8946e+01    329.481       7909  1027.9177  1027.9171     4.5000     0.3673     0.1294    33.9716    33.9709    8.41880         24 0.0000e+00
    121.000    119.715    -1.6083  26.980938    -1.6076  26.980991     6.4552     6.6696     1.4728    95.2869 1.0000e-12  -73.94084 -111.41906  42.299033      99.90 2.9524e+01    330.472       7932  1027.9234  1027.9228     4.5203     0.3705     0.1291    33.9725    33.9718    8.41978         24 0.0000e+00
    122.000    120.704    -1.6096  26.980475    -1.6087  26.980671     6.4546     6.6642     1.3546    95.0746 1.0000e-12  -73.94084 -111.41906  42.299045      99.93 2.6742e+01    331.461       7956  1027.9284  1027.9278     4.5102     0.2686     0.1237    33.9727    33.9720    8.42006         23 0.0000e+00
    123.000    121.692    -1.6105  26.980349    -1.6096  26.980512     6.4614     6.6617     2.1168    95.1078 1.0000e-12  -73.94084 -111.41906  42.299056      99.92 2.6067e+01    332.451       7980  1027.9334  1027.9327     4.5115     0.3372     0.1264    33.9730    33.9721    8.42025         24 0.0000e+00
    124.000    122.683    -1.6116  26.980259    -1.6109  26.980270     6.4660     6.6671     1.5586    94.4620 1.0000e-12  -73.94084 -111.41908  42.299068      99.91 3.0235e+01    333.449       8004  1027.9387  1027.9380     4.4816     0.3878     0.1315    33.9735    33.9727    8.42048         24 0.0000e+00
    125.000    123.669    -1.6116  26.980942    -1.6109  26.980986     6.4573     6.6680     1.6318    95.5215 1.0000e-12  -73.94084 -111.41908  42.299079      99.93 2.8787e+01    334.443       8028  1027.9436  1027.9431     4.5314     0.2417     0.1250    33.9737    33.9731    8.42045         24 0.0000e+00
    126.000    124.660    -1.6115  26.981573    -1.6109  26.981585     6.4536     6.6672     1.4796    95.1653 1.0000e-12  -73.94084 -111.41908  42.299091      99.91 2.8897e+01    335.428       8051  1027.9486  1027.9479     4.5146     0.3409     0.1273    33.9739    33.9732    8.42043         23 0.0000e+00
    127.000    125.650    -1.6095  26.984562    -1.6084  26.984872     6.4448     6.6660     1.4310    95.3431 1.0000e-12  -73.94084 -111.41908  42.299102      95.77 3.0286e+01    336.412       8075  1027.9542  1027.9535     4.5230     0.3394     0.1293    33.9751    33.9743    8.41989         24 0.0000e+00
    128.000    126.637    -1.6073  26.987584    -1.6065  26.987616     6.4476     6.6676     1.3811    95.5668 1.0000e-12  -73.94082 -111.41910  42.299113      99.93 2.8498e+01    337.397       8099  1027.9597  1027.9590     4.5336     0.3157     0.1264    33.9762    33.9753    8.41933         24 0.0000e+00
    129.000    127.626    -1.6070  26.989093    -1.6062  26.989111     6.4452     6.6585     1.2909    95.6968 1.0000e-12  -73.94082 -111.41910  42.299125      99.93 2.5457e+01    338.382       8122  1027.9654  1027.9647     4.5398     0.2568     0.1273    33.9773    33.9765    8.41920         24 0.0000e+00
    130.000    128.615    -1.6056  26.991257    -1.6049  26.991182     6.4442     6.6513     1.2844    96.2262 1.0000e-12  -73.94082 -111.41910  42.299136      99.91 3.0347e+01    339.383       8146  1027.9707  1027.9699     4.5648     0.3576     0.1301    33.9780    33.9771    8.41883         24 0.0000e+00
    131.000    129.604    -1.6046  26.993025    -1.6036  26.993210     6.4340     6.6502     1.2697    96.1810 1.0000e-12  -73.94082 -111.41910  42.299148      99.93 2.9468e+01    340.382       8170  1027.9760  1027.9753     4.5627     0.2614     0.1265    33.9787    33.9779    8.41856         24 0.0000e+00
    132.000    130.594    -1.6005  26.997935    -1.5993  26.998191     6.4379     6.6465     1.4149    95.7232 1.0000e-12  -73.94082 -111.41910  42.299160      99.92 2.5108e+01    341.382       8194  1027.9818  1027.9809     4.5410     0.3293     0.1300    33.9803    33.9793    8.41755         24 0.0000e+00
    133.000    131.581    -1.5967  27.001885    -1.5963  27.001608     6.4411     6.6434     0.7481    95.7786 1.0000e-12  -73.94082 -111.41910  42.299171      99.92 3.0614e+01    342.381       8218  1027.9867  1027.9860     4.5436     0.3060     0.1222    33.9807    33.9799    8.41665         23 0.0000e+00
    134.000    132.572    -1.5960  27.003092    -1.5950  27.003326     6.4315     6.6456     1.1185    95.8603 1.0000e-12  -73.94082 -111.41912  42.299183      99.94 3.0330e+01    343.377       8242  1027.9918  1027.9910     4.5475     0.2206     0.1220    33.9810    33.9801    8.41649         24 0.0000e+00
    135.000    133.561    -1.5942  27.005435    -1.5936  27.005155     6.4314     6.6463     0.7643    95.8151 1.0000e-12  -73.94082 -111.41912  42.299194      99.92 2.6179e+01    344.365       8266  1027.9970  1027.9961     4.5453     0.3347     0.1277    33.9816    33.9805    8.41605         24 0.0000e+00
    136.000    134.551    -1.5927  27.007388    -1.5917  27.007570     6.4371     6.6410     0.9988    95.7393 1.0000e-12  -73.94082 -111.41914  42.299206      99.94 3.0264e+01    345.355       8290  1028.0021  1028.0013     4.5417     0.2184     0.1213    33.9820    33.9811    8.41569         24 0.0000e+00
    137.000    135.537    -1.5916  27.009177    -1.5907  27.009171     6.4340     6.6417     1.0730    96.3954 1.0000e-12  -73.94082 -111.41914  42.299217      99.93 3.0044e+01    346.348       8313  1028.0072  1028.0064     4.5729     0.2505     0.1189    33.9825    33.9815    8.41539         24 0.0000e+00
    138.000    136.528    -1.5906  27.010727    -1.5899  27.010563     6.4288     6.6455     1.0434    96.8079 1.0000e-12  -73.94082 -111.41914  42.299228      99.93 2.6599e+01    347.333       8337  1028.0123  1028.0114     4.5924     0.2306     0.1246    33.9828    33.9818    8.41514         23 0.0000e+00
    139.000    137.517    -1.5899  27.012046    -1.5891  27.012014     6.4276     6.6473     1.0482    96.1675 1.0000e-12  -73.94082 -111.41914  42.299240      99.94 2.8593e+01    348.322       8361  1028.0175  1028.0167     4.5621     0.1916     0.1268    33.9833    33.9824    8.41496         24 0.0000e+00
    140.000    138.505    -1.5886  27.014170    -1.5877  27.014255     6.4276     6.6389     0.9777    95.9596 1.0000e-12  -73.94082 -111.41914  42.299251      99.92 3.0342e+01    349.316       8385  1028.0229  1028.0222     4.5522     0.2654     0.1237    33.9841    33.9832    8.41462         24 0.0000e+00
    141.000    139.495    -1.5861  27.017822    -1.5852  27.017849     6.4330     6.6327     0.7405    96.1335 1.0000e-12  -73.94080 -111.41914  42.299263      99.94 2.8507e+01    350.309       8408  1028.0288  1028.0280     4.5604     0.1784     0.1191    33.9856    33.9847    8.41395         24 0.0000e+00
    142.000    140.483    -1.5826  27.022218    -1.5818  27.022092     6.4208     6.6320     0.6747    95.6489 1.0000e-12  -73.94080 -111.41916  42.299274      99.93 2.8572e+01    351.300       8432  1028.0347  1028.0337     4.5375     0.2302     0.1221    33.9871    33.9860    8.41308         24 0.0000e+00
    143.000    141.473    -1.5795  27.025872    -1.5787  27.025840     6.4277     6.6302     1.1651    96.2758 1.0000e-12  -73.94080 -111.41916  42.299286      99.94 2.9817e+01    352.292       8456  1028.0400  1028.0393     4.5672     0.2180     0.1316    33.9880    33.9871    8.41232         23 0.0000e+00
    144.000    142.462    -1.5786  27.027380    -1.5778  27.027342     6.4210     6.6377     0.5728    95.9924 1.0000e-12  -73.94080 -111.41916  42.299297      99.93 2.9011e+01    353.275       8480  1028.0452  1028.0443     4.5538     0.2273     0.1217    33.9884    33.9875    8.41209         24 0.0000e+00
    145.000    143.450    -1.5783  27.028056    -1.5776  27.027999     6.4074     6.6393     0.8584    96.1716 1.0000e-12  -73.94080 -111.41916  42.299309      99.94 2.8724e+01    354.258       8503  1028.0500  1028.0492     4.5624     0.1942     0.1223    33.9885    33.9875    8.41203         24 0.0000e+00
    146.000    144.440    -1.5779  27.029350    -1.5770  27.029257     6.4177     6.6318     0.6168    96.6827 1.0000e-12  -73.94080 -111.41916  42.299320      99.93 2.8591e+01    355.239       8527  1028.0554  1028.0544     4.5863     0.2651     0.1219    33.9891    33.9880    8.41189         23 0.0000e+00
    147.000    145.428    -1.5732  27.034763    -1.5719  27.035157     6.4161     6.6237     0.7982    96.7261 1.0000e-12  -73.94080 -111.41916  42.299331      99.93 2.7991e+01    356.220       8550  1028.0611  1028.0603     4.5886     0.2157     0.1246    33.9906    33.9897    8.41074         24 0.0000e+00
    148.000    146.418    -1.5701  27.038170    -1.5694  27.038212     6.4122     6.6155     0.8219    96.9034 1.0000e-12  -73.94080 -111.41918  42.299343      99.93 3.0186e+01    357.202       8574  1028.0663  1028.0657     4.5969     0.2503     0.1238    33.9912    33.9905    8.41001         23 0.0000e+00
    149.000    147.406    -1.5699  27.039122    -1.5691  27.039144     6.4114     6.6224     0.7447    96.6792 1.0000e-12  -73.94080 -111.41916  42.299354      99.94 3.0410e+01    358.188       8598  1028.0715  1028.0707     4.5863     0.1429     0.1237    33.9917    33.9908    8.40994         24 0.0000e+00
    150.000    148.396    -1.5694  27.040203    -1.5686  27.040117     6.4094     6.6164     0.6781    96.4356 1.0000e-12  -73.94080 -111.41918  42.299365      99.94 3.0191e+01    359.179       8621  1028.0765  1028.0757     4.5748     0.1647     0.1203    33.9919    33.9909    8.40980         24 0.0000e+00
    151.000    149.383    -1.5683  27.042056    -1.5674  27.041931     6.4039     6.6133     0.4786    96.7590 1.0000e-12  -73.94080 -111.41918  42.299377      99.94 2.9757e+01    360.169       8645  1028.0818  1028.0809     4.5901     0.1879     0.1242    33.9926    33.9914    8.40951         24 0.0000e+00
    152.000    150.376    -1.5660  27.044988    -1.5650  27.044845     6.3956     6.6096     0.5614    96.7903 1.0000e-12  -73.94078 -111.41918  42.299389      99.93 3.1270e+01    361.165       8669  1028.0872  1028.0862     4.5916     0.2173     0.1214    33.9934    33.9921    8.40894         23 0.0000e+00
    153.000    151.362    -1.5635  27.048014    -1.5626  27.047975     6.3876     6.6099     0.6811    97.0571 1.0000e-12  -73.94078 -111.41918  42.299400      99.76 3.0536e+01    362.163       8693  1028.0925  1028.0916     4.6042     0.1834     0.1224    33.9942    33.9931    8.40834         25 0.0000e+00
    154.000    152.351    -1.5629  27.049412    -1.5620  27.049465     6.3946     6.6019     0.4422    96.9114 1.0000e-12  -73.94078 -111.41918  42.299412      99.72 2.9978e+01    363.150       8717  1028.0978  1028.0970     4.5973     0.1696     0.1219    33.9948    33.9938    8.40816         23 0.0000e+00
    155.000    153.340    -1.5612  27.052197    -1.5603  27.052206     6.3908     6.5983     0.3218    96.9847 1.0000e-12  -73.94078 -111.41920  42.299423      99.93 3.1505e+01    364.142       8740  1028.1036  1028.1027     4.6008     0.2178     0.1220    33.9960    33.9950    8.40770         24 0.0000e+00
