ocean_section_plots/required_files/ctd/dnbp2202_ctd107.cnv
* Sea-Bird SBE 9 Data File:
* FileName = D:\Data\raw\NBP2202_CTD107.hex
* Software Version Seasave V 7.26.7.121
* Temperature SN = 1649
* Conductivity SN = 2513
* Number of Bytes Per Scan = 40
* Number of Voltage Words = 5
* Number of Scans Averaged by the Deck Unit = 1
* NMEA Latitude = 74 10.52 S
* NMEA Longitude = 113 20.65 W
* NMEA UTC (Time) = Jan 27 2022  05:38:13
* NMEA baud rate = 9600
** Ship: RVIB N.B. Palmer
** Cruise: NBP2202 Thwaites
** Station: YoYo001
** Operator: B. Bjork
# nquan = 25
# nvalues = 608                         
# units = specified
# name 0 = prDM: Pressure, Digiquartz [db]
# name 1 = depSM: Depth [salt water, m]
# name 2 = t090C: Temperature [ITS-90, deg C]
# name 3 = c0mS/cm: Conductivity [mS/cm]
# name 4 = t190C: Temperature, 2 [ITS-90, deg C]
# name 5 = c1mS/cm: Conductivity, 2 [mS/cm]
# name 6 = sbeox0ML/L: Oxygen, SBE 43 [ml/l]
# name 7 = sbeox1ML/L: Oxygen, SBE 43, 2 [ml/l]
# name 8 = flECO-AFL: Fluorescence, WET Labs ECO-AFL/FL [mg/m^3]
# name 9 = CStarTr0: Beam Transmission, WET Labs C-Star [%]
# name 10 = par: PAR/Irradiance, Biospherical/Licor
# name 11 = latitude: Latitude [deg]
# name 12 = longitude: Longitude [deg]
# name 13 = timeJ: Julian Days
# name 14 = altM: Altimeter [m]
# name 15 = spar: SPAR, Biospherical/Licor
# name 16 = timeS: Time, Elapsed [seconds]
# name 17 = scan: Scan Count
# name 18 = density00: Density [density, kg/m^3]
# name 19 = density11: Density, 2 [density, kg/m^3]
# name 20 = sal00: Salinity, Practical [PSU]
# name 21 = sal11: Salinity, Practical, 2 [PSU]
# name 22 = oxsolML/L: Oxygen Saturation, Garcia & Gordon [ml/l]
# name 23 = nbin: number of scans per bin
# name 24 = flag: flag
# span 0 =     10.000,    617.000       
# span 1 =      9.895,    609.711       
# span 2 =    -1.4575,     0.1136       
# span 3 =  26.983977,  28.949568       
# span 4 =    -1.4563,     0.1159       
# span 5 =  26.984292,  28.949308       
# span 6 =     4.6905,     8.5822       
# span 7 =     4.7500,     8.5235       
# span 8 =    -0.0224,    27.4239       
# span 9 =    67.6203,    95.5989       
# span 10 = 1.0000e-12, 2.2580e+00      
# span 11 =  -74.17536,  -74.17536      
# span 12 = -113.34426, -113.34424      
# span 13 =  27.235554,  27.244034      
# span 14 =       7.91,     100.57      
# span 15 = 9.8716e+01, 1.1287e+02      
# span 16 =     58.908,    791.559      
# span 17 =       1415,      18998      
# span 18 =  1027.2278,  1030.5256      
# span 19 =  1027.2243,  1030.5232      
# span 20 =    33.7932,    34.3867      
# span 21 =    33.7900,    34.3837      
# span 22 =    8.02084,    8.39441      
# span 23 =         10,         44      
# span 24 = 0.0000e+00, 0.0000e+00      
# interval = decibars: 1                
# start_time = Jan 27 2022 05:38:13 [NMEA time, header]
# bad_flag = -9.990e-29
*END*
     10.000      9.895    -1.0373  27.270812    -1.0265  27.277356     8.5822     8.4716    24.2171    67.6203 2.2580e+00  -74.17536 -113.34424  27.235554     100.56 1.1106e+02     58.908       1415  1027.2278  1027.2243    33.7932    33.7900    8.30246         19 0.0000e+00
     11.000     10.886    -1.0378  27.271236    -1.0342  27.273048     8.5424     8.4688    23.8519    68.6088 1.6535e+00  -74.17536 -113.34424  27.235575      96.41 1.1106e+02     60.675       1457  1027.2322  1027.2308    33.7937    33.7922    8.30253         42 0.0000e+00
     12.000     11.875    -1.0488  27.262692    -1.0442  27.265966     8.4797     8.4296    27.4239    68.1629 1.1991e+00  -74.17536 -113.34424  27.235596     100.09 1.1106e+02     62.475       1500  1027.2373  1027.2364    33.7939    33.7931    8.30497         37 0.0000e+00
     13.000     12.865    -1.0612  27.253337    -1.0588  27.254074     8.4463     8.4170    26.7638    68.1059 8.8483e-01  -74.17536 -113.34424  27.235616      99.96 1.1106e+02     64.262       1543  1027.2429  1027.2413    33.7945    33.7927    8.30769         38 0.0000e+00
     14.000     13.854    -1.0652  27.250315    -1.0652  27.249220     8.4253     8.4224    23.8169    69.1114 6.4802e-01  -74.17536 -113.34425  27.235637      99.97 1.1106e+02     66.037       1586  1027.2473  1027.2462    33.7942    33.7927    8.30859         33 0.0000e+00
     15.000     14.845    -1.0689  27.247814    -1.0675  27.247809     8.4586     8.4680    23.5353    68.9629 4.7282e-01  -74.17536 -113.34425  27.235658      99.97 1.1106e+02     67.854       1629  1027.2521  1027.2508    33.7944    33.7928    8.30940         41 0.0000e+00
     16.000     15.834    -1.0639  27.252801    -1.0613  27.253362     8.4957     8.5125    24.2008    69.6752 3.4783e-01  -74.17536 -113.34425  27.235679      99.96 1.1106e+02     69.677       1673  1027.2568  1027.2548    33.7949    33.7927    8.30826         41 0.0000e+00
     17.000     16.822    -1.0616  27.255284    -1.0608  27.254627     8.4840     8.5235    23.3741    70.3035 2.5315e-01  -74.17536 -113.34425  27.235700      99.98 1.1092e+02     71.445       1716  1027.2613  1027.2598    33.7950    33.7932    8.30773         38 0.0000e+00
     18.000     17.813    -1.0646  27.253282    -1.0645  27.252036     8.4568     8.5196    22.8238    71.3322 1.8183e-01  -74.17536 -113.34425  27.235720      98.79 1.1078e+02     73.195       1758  1027.2662  1027.2648    33.7951    33.7933    8.30840         38 0.0000e+00
     19.000     18.802    -1.0662  27.252305    -1.0644  27.252537     8.4071     8.4938    22.9418    71.0414 1.2625e-01  -74.17536 -113.34425  27.235740      99.95 1.1017e+02     74.976       1800  1027.2709  1027.2694    33.7950    33.7933    8.30877         35 0.0000e+00
     20.000     19.792    -1.0716  27.248407    -1.0705  27.248387     8.3123     8.4295    23.9754    70.6936 8.4634e-02  -74.17536 -113.34425  27.235762      99.93 1.1005e+02     76.795       1844  1027.2760  1027.2749    33.7951    33.7937    8.30996         42 0.0000e+00
     21.000     20.782    -1.0831  27.239980    -1.0820  27.239615     8.2570     8.3782    22.1529    71.4834 5.2939e-02  -74.17536 -113.34425  27.235782      99.97 1.1059e+02     78.595       1887  1027.2820  1027.2806    33.7958    33.7942    8.31245         41 0.0000e+00
     22.000     21.772    -1.0862  27.237986    -1.0850  27.237720     8.2121     8.3376    20.6989    70.7764 2.8627e-02  -74.17536 -113.34425  27.235803      99.98 1.1056e+02     80.373       1930  1027.2870  1027.2856    33.7961    33.7943    8.31314         39 0.0000e+00
     23.000     22.760    -1.0979  27.229261    -1.0970  27.228975     8.1618     8.3027    21.6652    70.6499 1.0125e-02  -74.17536 -113.34425  27.235824      99.92 1.1010e+02     82.183       1973  1027.2929  1027.2917    33.7967    33.7952    8.31569         42 0.0000e+00
     24.000     23.751    -1.1068  27.222539    -1.1044  27.223343     8.1098     8.2469    21.4266    71.6154 2.2543e-04  -74.17536 -113.34425  27.235845      99.98 1.1054e+02     84.015       2017  1027.2982  1027.2968    33.7969    33.7953    8.31765         41 0.0000e+00
     25.000     24.739    -1.1175  27.214484    -1.1192  27.212322     7.9967     8.1484    21.5610    71.9318 4.7704e-06  -74.17536 -113.34425  27.235866      95.46 1.1045e+02     85.803       2060  1027.3038  1027.3031    33.7973    33.7963    8.32001         40 0.0000e+00
     26.000     25.731    -1.1414  27.195787    -1.1388  27.196864     7.8605     8.0250    16.5603    70.5492 1.0000e-12  -74.17536 -113.34425  27.235886     100.08 1.1000e+02     87.570       2103  1027.3106  1027.3092    33.7981    33.7966    8.32528         37 0.0000e+00
     27.000     26.719    -1.1693  27.173934    -1.1676  27.175924     7.7064     7.8868    21.3798    71.4544 1.0000e-12  -74.17536 -113.34426  27.235907      99.99 1.1002e+02     89.373       2146  1027.3175  1027.3181    33.7991    33.7998    8.33143         32 0.0000e+00
     28.000     27.708    -1.1926  27.155997    -1.1894  27.157540     7.6603     7.8262    23.8241    69.8206 1.0000e-12  -74.17536 -113.34426  27.235928      99.98 1.1020e+02     91.180       2189  1027.3242  1027.3228    33.8002    33.7986    8.33656         39 0.0000e+00
     29.000     28.698    -1.2030  27.147837    -1.2011  27.148509     7.6531     7.8114    20.8878    71.4320 1.0000e-12  -74.17536 -113.34426  27.235949      99.92 1.0981e+02     92.962       2232  1027.3292  1027.3281    33.8001    33.7989    8.33888         41 0.0000e+00
     30.000     29.687    -1.2046  27.147572    -1.2033  27.147232     7.6480     7.7943    18.8040    72.5677 1.0000e-12  -74.17536 -113.34426  27.235970      99.92 1.1005e+02     94.764       2275  1027.3343  1027.3326    33.8009    33.7989    8.33919         40 0.0000e+00
     31.000     30.677    -1.2074  27.146163    -1.2065  27.145975     7.5870     7.7338    16.5027    73.0277 1.0000e-12  -74.17536 -113.34426  27.235990      99.78 1.1022e+02     96.572       2319  1027.3394  1027.3384    33.8014    33.8002    8.33977         42 0.0000e+00
     32.000     31.666    -1.2205  27.136534    -1.2210  27.135627     7.4940     7.6669    18.9414    73.3049 1.0000e-12  -74.17536 -113.34426  27.236011      99.89 1.0977e+02     98.337       2361  1027.3455  1027.3451    33.8024    33.8018    8.34263         40 0.0000e+00
     33.000     32.655    -1.2400  27.121871    -1.2337  27.125809     7.4839     7.6410    17.7729    74.7740 1.0000e-12  -74.17536 -113.34426  27.236031      98.15 1.0964e+02    100.121       2404  1027.3523  1027.3505    33.8038    33.8020    8.34692         42 0.0000e+00
     34.000     33.645    -1.2379  27.124106    -1.2375  27.123543     7.4557     7.5952    17.5732    75.5083 1.0000e-12  -74.17536 -113.34426  27.236053      99.77 1.1007e+02    101.961       2448  1027.3567  1027.3557    33.8038    33.8026    8.34644         42 0.0000e+00
     35.000     34.635    -1.2492  27.116035    -1.2467  27.117086     7.3993     7.5417    14.5495    76.6966 1.0000e-12  -74.17536 -113.34426  27.236073      99.48 1.0956e+02    103.740       2491  1027.3629  1027.3616    33.8049    33.8036    8.34891         40 0.0000e+00
     36.000     35.624    -1.2607  27.107333    -1.2602  27.107052     7.3629     7.5131    13.1751    77.2777 1.0000e-12  -74.17536 -113.34426  27.236094      99.82 1.0993e+02    105.494       2533  1027.3685  1027.3676    33.8054    33.8043    8.35146         39 0.0000e+00
     37.000     36.615    -1.2699  27.100562    -1.2688  27.100442     7.3435     7.4868    15.2366    76.9413 1.0000e-12  -74.17536 -113.34426  27.236115      99.47 1.0987e+02    107.303       2576  1027.3738  1027.3728    33.8058    33.8044    8.35348         40 0.0000e+00
     38.000     37.604    -1.2726  27.098617    -1.2717  27.098453     7.3068     7.4469    15.7460    76.6219 1.0000e-12  -74.17536 -113.34426  27.236136      99.60 1.0932e+02    109.125       2620  1027.3784  1027.3774    33.8055    33.8043    8.35410         35 0.0000e+00
     39.000     38.592    -1.2843  27.089732    -1.2832  27.089361     7.2707     7.4138    15.4127    78.2946 1.0000e-12  -74.17536 -113.34426  27.236157      98.70 1.0930e+02    110.929       2663  1027.3841  1027.3826    33.8060    33.8042    8.35670         44 0.0000e+00
     40.000     39.583    -1.2920  27.083857    -1.2886  27.085147     7.2969     7.4305    15.0777    76.6112 1.0000e-12  -74.17536 -113.34426  27.236177      96.91 1.0930e+02    112.707       2706  1027.3890  1027.3872    33.8059    33.8039    8.35841         39 0.0000e+00
     41.000     40.571    -1.2812  27.092771    -1.2840  27.088699     7.3576     7.4905    14.3855    78.8435 1.0000e-12  -74.17536 -113.34426  27.236198      99.60 1.0930e+02    114.479       2748  1027.3926  1027.3907    33.8054    33.8030    8.35604         39 0.0000e+00
     42.000     41.561    -1.2694  27.103328    -1.2639  27.106092     7.3812     7.5228    12.6068    78.4290 1.0000e-12  -74.17536 -113.34426  27.236219      99.47 1.0935e+02    116.300       2792  1027.3970  1027.3946    33.8059    33.8035    8.35337         34 0.0000e+00
     43.000     42.551    -1.2672  27.105290    -1.2657  27.105758     7.3440     7.4709    13.5303    78.1609 1.0000e-12  -74.17536 -113.34426  27.236240      99.41 1.0999e+02    118.123       2836  1027.4013  1027.4004    33.8055    33.8044    8.35290         40 0.0000e+00
     44.000     43.540    -1.2742  27.100199    -1.2730  27.099568     7.3286     7.4143    13.7723    77.0743 1.0000e-12  -74.17536 -113.34426  27.236260      99.41 1.0955e+02    119.888       2878  1027.4067  1027.4049    33.8058    33.8035    8.35445         42 0.0000e+00
     45.000     44.528    -1.2833  27.093039    -1.2981  27.080971     7.3047     7.3642    12.7318    79.7013 1.0000e-12  -74.17536 -113.34426  27.236281      99.50 1.0929e+02    121.664       2921  1027.4118  1027.4130    33.8056    33.8058    8.35649         36 0.0000e+00
     46.000     45.520    -1.2844  27.092556    -1.2967  27.081787     7.1942     7.2872    13.6575    78.5151 1.0000e-12  -74.17536 -113.34426  27.236302      99.39 1.0930e+02    123.505       2965  1027.4166  1027.4167    33.8055    33.8047    8.35673         38 0.0000e+00
     47.000     46.509    -1.3115  27.070373    -1.3173  27.064809     7.1012     7.2407    14.2624    77.9411 1.0000e-12  -74.17536 -113.34426  27.236323      98.03 1.0930e+02    125.333       3009  1027.4226  1027.4220    33.8051    33.8040    8.36283         40 0.0000e+00
     48.000     47.498    -1.3250  27.060207    -1.3241  27.059889     7.0893     7.2353    11.9817    78.4231 1.0000e-12  -74.17536 -113.34426  27.236344      99.33 1.0930e+02    127.094       3051  1027.4286  1027.4272    33.8058    33.8044    8.36583         39 0.0000e+00
     49.000     48.487    -1.3247  27.061106    -1.3243  27.060192     7.0951     7.2342    11.9052    79.8087 1.0000e-12  -74.17536 -113.34426  27.236364      99.40 1.0979e+02    128.844       3093  1027.4333  1027.4318    33.8060    33.8044    8.36573         42 0.0000e+00
     50.000     49.476    -1.3275  27.059284    -1.3249  27.060232     7.1025     7.2329    10.6665    80.2533 1.0000e-12  -74.17536 -113.34426  27.236385      99.39 1.1022e+02    130.656       3137  1027.4381  1027.4365    33.8060    33.8044    8.36636         38 0.0000e+00
     51.000     50.466    -1.3260  27.060868    -1.3259  27.059895     7.0847     7.2241    10.6210    79.4927 1.0000e-12  -74.17536 -113.34426  27.236406      99.39 1.0947e+02    132.487       3181  1027.4426  1027.4413    33.8060    33.8045    8.36604         42 0.0000e+00
     52.000     51.455    -1.3315  27.056863    -1.3293  27.057585     7.0714     7.2099    11.1525    79.9283 1.0000e-12  -74.17536 -113.34426  27.236427      99.38 1.0939e+02    134.284       3224  1027.4477  1027.4463    33.8061    33.8046    8.36727         40 0.0000e+00
     53.000     52.445    -1.3350  27.054726    -1.3329  27.054959     7.0726     7.1984    11.5893    80.5753 1.0000e-12  -74.17536 -113.34426  27.236447      99.35 1.0985e+02    136.062       3266  1027.4529  1027.4511    33.8064    33.8044    8.36803         34 0.0000e+00
     54.000     53.435    -1.3339  27.056108    -1.3322  27.056117     7.0288     7.1591    10.5796    80.4031 1.0000e-12  -74.17536 -113.34426  27.236468      94.24 1.0946e+02    137.862       3310  1027.4575  1027.4559    33.8065    33.8045    8.36778         38 0.0000e+00
     55.000     54.423    -1.3476  27.045266    -1.3465  27.045014     6.9792     7.1120    11.5212    80.2599 1.0000e-12  -74.17536 -113.34426  27.236489      99.47 1.1000e+02    139.677       3353  1027.4631  1027.4617    33.8064    33.8048    8.37086         36 0.0000e+00
     56.000     55.413    -1.3535  27.040875    -1.3526  27.040778     6.9281     7.0567    11.7721    79.8189 1.0000e-12  -74.17536 -113.34426  27.236510      99.39 1.1010e+02    141.448       3396  1027.4681  1027.4671    33.8064    33.8053    8.37218         35 0.0000e+00
     57.000     56.402    -1.3654  27.032317    -1.3647  27.031863     6.9000     7.0251    11.7795    82.1243 1.0000e-12  -74.17536 -113.34426  27.236530      99.40 1.0975e+02    143.212       3438  1027.4743  1027.4731    33.8075    33.8060    8.37479         39 0.0000e+00
     58.000     57.392    -1.3685  27.030529    -1.3687  27.029298     6.8834     7.0135    10.0865    81.3587 1.0000e-12  -74.17536 -113.34426  27.236551      99.43 1.1001e+02    145.034       3482  1027.4794  1027.4783    33.8079    33.8064    8.37546         40 0.0000e+00
     59.000     58.382    -1.3724  27.027944    -1.3719  27.027161     6.8723     7.0045    11.1552    81.7747 1.0000e-12  -74.17536 -113.34426  27.236572      99.40 1.1083e+02    146.865       3526  1027.4845  1027.4832    33.8082    33.8065    8.37633         40 0.0000e+00
     60.000     59.369    -1.3743  27.027024    -1.3728  27.027230     6.8705     6.9932     9.0916    82.5192 1.0000e-12  -74.17536 -113.34426  27.236593      99.43 1.1077e+02    148.643       3568  1027.4895  1027.4882    33.8085    33.8070    8.37674         37 0.0000e+00
     61.000     60.361    -1.3756  27.026710    -1.3755  27.025622     6.8887     7.0019     9.1463    81.5020 1.0000e-12  -74.17536 -113.34426  27.236613      99.32 1.1069e+02    150.406       3611  1027.4946  1027.4933    33.8088    33.8072    8.37700         38 0.0000e+00
     62.000     61.348    -1.3721  27.030008    -1.3707  27.029778     6.8919     7.0039    10.2890    82.2477 1.0000e-12  -74.17536 -113.34426  27.236634      96.76 1.1101e+02    152.207       3654  1027.4991  1027.4975    33.8088    33.8069    8.37622         36 0.0000e+00
     63.000     62.339    -1.3723  27.030391    -1.3708  27.030313     6.8329     6.9592     8.6400    81.8275 1.0000e-12  -74.17536 -113.34426  27.236655      99.37 1.1055e+02    154.003       3697  1027.5039  1027.5024    33.8089    33.8071    8.37625         37 0.0000e+00
     64.000     63.328    -1.3865  27.019739    -1.3870  27.018758     6.7580     6.8891     8.7790    83.8046 1.0000e-12  -74.17536 -113.34426  27.236676      99.50 1.1092e+02    155.794       3740  1027.5101  1027.5095    33.8096    33.8089    8.37940         41 0.0000e+00
     65.000     64.318    -1.3966  27.012755    -1.3962  27.011880     6.7325     6.8580    10.2268    82.4084 1.0000e-12  -74.17536 -113.34426  27.236696      99.47 1.1092e+02    157.580       3783  1027.5163  1027.5150    33.8108    33.8092    8.38160         39 0.0000e+00
     66.000     65.306    -1.3992  27.011102    -1.3979  27.010999     6.7178     6.8478     8.0826    83.3234 1.0000e-12  -74.17536 -113.34426  27.236717      99.46 1.0999e+02    159.380       3826  1027.5213  1027.5198    33.8110    33.8093    8.38219         43 0.0000e+00
