ocean_section_plots/required_files/ctd/dnbp2202_ctd273.cnv
* Sea-Bird SBE 9 Data File:
* FileName = D:\Data\raw\NBP2202_CTD273.hex
* Software Version Seasave V 7.26.7.121
* Temperature SN = 1649
* Conductivity SN = 2513
* Number of Bytes Per Scan = 40
* Number of Voltage Words = 5
* Number of Scans Averaged by the Deck Unit = 1
* NMEA Latitude = 73 56.55 S
* NMEA Longitude = 116 12.19 W
* NMEA UTC (Time) = Feb 21 2022  02:04:59
* NMEA baud rate = 9600
** Ship: RVIB N.B. Palmer
** Cruise: NBP2202 Thwaites
** Station: 175
** Operator: A. Robinson
# nquan = 28
# nvalues = 351                         
# units = specified
# name 0 = prDM: Pressure, Digiquartz [db]
# name 1 = depSM: Depth [salt water, m]
# name 2 = t090C: Temperature [ITS-90, deg C]
# name 3 = c0mS/cm: Conductivity [mS/cm]
# name 4 = t190C: Temperature, 2 [ITS-90, deg C]
# name 5 = c1mS/cm: Conductivity, 2 [mS/cm]
# name 6 = sbeox0ML/L: Oxygen, SBE 43 [ml/l]
# name 7 = sbeox1ML/L: Oxygen, SBE 43, 2 [ml/l]
# name 8 = flECO-AFL: Fluorescence, WET Labs ECO-AFL/FL [mg/m^3]
# name 9 = CStarTr0: Beam Transmission, WET Labs C-Star [%]
# name 10 = par: PAR/Irradiance, Biospherical/Licor
# name 11 = latitude: Latitude [deg]
# name 12 = longitude: Longitude [deg]
# name 13 = timeJ: Julian Days
# name 14 = altM: Altimeter [m]
# name 15 = spar: SPAR, Biospherical/Licor
# name 16 = timeS: Time, Elapsed [seconds]
# name 17 = scan: Scan Count
# name 18 = density00: Density [density, kg/m^3]
# name 19 = density11: Density, 2 [density, kg/m^3]
# name 20 = v3: Voltage 3
# name 21 = v4: Voltage 4
# name 22 = v5: Voltage 5
# name 23 = sal00: Salinity, Practical [PSU]
# name 24 = sal11: Salinity, Practical, 2 [PSU]
# name 25 = oxsolML/L: Oxygen Saturation, Garcia & Gordon [ml/l]
# name 26 = nbin: number of scans per bin
# name 27 = flag: flag
# span 0 =      2.000,    352.000       
# span 1 =      1.978,    348.065       
# span 2 =    -1.8681,    -0.3926       
# span 3 =  26.862608,  27.873840       
# span 4 =    -1.8661,    -0.3913       
# span 5 =  26.864647,  27.873969       
# span 6 =     6.3861,     9.1705       
# span 7 =     6.5801,     9.5186       
# span 8 =    -0.0243,    12.1069       
# span 9 =    86.7469,    98.5004       
# span 10 = 1.0000e-12, 7.2120e+01      
# span 11 =  -73.94268,  -73.94266      
# span 12 = -116.20332, -116.20328      
# span 13 =  52.089625,  52.095820      
# span 14 =       2.58,     100.02      
# span 15 = 1.4456e+02, 1.5262e+02      
# span 16 =    244.638,    779.823      
# span 17 =       5872,      18717      
# span 18 =  1027.1737,  1029.1275      
# span 19 =  1027.1742,  1029.1267      
# span 20 =     4.1154,     4.6727      
# span 21 =     0.0651,     2.2416      
# span 22 =     0.1132,     0.1985      
# span 23 =    33.8065,    34.0860      
# span 24 =    33.8066,    34.0852      
# span 25 =    8.16016,    8.47450      
# span 26 =         24,         72      
# span 27 = 0.0000e+00, 0.0000e+00      
# interval = decibars: 1                
# start_time = Feb 21 2022 02:04:59 [NMEA time, header]
# bad_flag = -9.990e-29
*END*
[from data line 156]
    158.000    156.307    -0.9383  27.503865    -0.9370  27.504656     7.1732     7.4115     3.1508    92.2485 1.0000e-12  -73.94266 -116.20330  52.092323      99.82 1.4984e+02    477.707      11466  1028.0247  1028.0244     4.3763     0.5741     0.1540    33.9074    33.9071    8.27391         27 0.0000e+00
    159.000    157.295    -0.9465  27.498348    -0.9448  27.499492     7.1362     7.3822     3.2454    91.7305 1.0000e-12  -73.94266 -116.20330  52.092336      99.80 1.5034e+02    478.837      11493  1028.0307  1028.0303     4.3517     0.5975     0.1512    33.9086    33.9082    8.27565         28 0.0000e+00
    160.000    158.285    -0.9685  27.481866    -0.9665  27.483904     7.0939     7.3505     3.6983    91.3903 1.0000e-12  -73.94266 -116.20330  52.092349      99.77 1.5027e+02    479.954      11520  1028.0382  1028.0385     4.3356     0.7325     0.1574    33.9103    33.9108    8.28039         25 0.0000e+00
    161.000    159.274    -1.0154  27.447884    -1.0138  27.449521     7.0676     7.3265     3.9934    91.6885 1.0000e-12  -73.94266 -116.20330  52.092362      99.83 1.4977e+02    481.047      11546  1028.0507  1028.0510     4.3497     0.5237     0.1562    33.9163    33.9167    8.29039         27 0.0000e+00
    162.000    160.261    -1.0346  27.434574    -1.0331  27.435641     7.0509     7.3005     3.1970    92.3703 1.0000e-12  -73.94266 -116.20330  52.092374      99.82 1.5058e+02    482.131      11572  1028.0587  1028.0585     4.3820     0.6086     0.1507    33.9192    33.9190    8.29446         26 0.0000e+00
    163.000    161.251    -1.0522  27.421866    -1.0512  27.422769     7.0311     7.2786     3.0981    92.4348 1.0000e-12  -73.94266 -116.20330  52.092387      87.98 1.4958e+02    483.224      11598  1028.0658  1028.0658     4.3851     0.6738     0.1564    33.9211    33.9212    8.29824         26 0.0000e+00
    164.000    162.241    -1.0704  27.408689    -1.0701  27.409414     6.9974     7.2569     2.9566    92.2283 1.0000e-12  -73.94266 -116.20330  52.092400      96.59 1.4958e+02    484.346      11625  1028.0729  1028.0734     4.3756     0.5360     0.1552    33.9231    33.9237    8.30215         27 0.0000e+00
    165.000    163.229    -1.0984  27.388797    -1.0978  27.389473     6.9916     7.2346     3.9236    91.9363 1.0000e-12  -73.94266 -116.20330  52.092413      99.78 1.4998e+02    485.468      11652  1028.0822  1028.0825     4.3611     0.8690     0.1508    33.9270    33.9272    8.30813         27 0.0000e+00
    166.000    164.218    -1.1213  27.372062    -1.1211  27.372569     6.9804     7.2147     4.6229    91.3380 1.0000e-12  -73.94266 -116.20330  52.092426      99.82 1.5024e+02    486.585      11679  1028.0900  1028.0905     4.3331     0.5452     0.1487    33.9294    33.9299    8.31307         27 0.0000e+00
    167.000    165.207    -1.1390  27.359958    -1.1376  27.361157     6.9720     7.2094     3.5465    92.9012 1.0000e-12  -73.94266 -116.20330  52.092439      99.84 1.5017e+02    487.700      11706  1028.0977  1028.0978     4.4070     0.5154     0.1555    33.9322    33.9323    8.31683         27 0.0000e+00
    168.000    166.195    -1.1445  27.356455    -1.1431  27.357430     6.9719     7.2040     2.8894    92.0909 1.0000e-12  -73.94266 -116.20330  52.092452      99.78 1.4991e+02    488.821      11733  1028.1030  1028.1028     4.3690     0.7186     0.1563    33.9330    33.9328    8.31801         26 0.0000e+00
    169.000    167.185    -1.1530  27.350392    -1.1524  27.351027     6.9605     7.1931     3.9279    91.2454 1.0000e-12  -73.94266 -116.20330  52.092464      87.02 1.5057e+02    489.924      11759  1028.1085  1028.1087     4.3287     0.5628     0.1519    33.9338    33.9339    8.31986         27 0.0000e+00
    170.000    168.173    -1.1693  27.339218    -1.1682  27.340102     6.9522     7.1846     3.7010    91.9205 1.0000e-12  -73.94266 -116.20330  52.092477      69.30 1.5005e+02    491.013      11785  1028.1161  1028.1159     4.3606     0.6064     0.1619    33.9363    33.9363    8.32334         26 0.0000e+00
    171.000    169.162    -1.1739  27.336372    -1.1743  27.336297     6.9419     7.1705     3.5801    91.5086 1.0000e-12  -73.94266 -116.20330  52.092490     100.01 1.5057e+02    492.135      11812  1028.1212  1028.1215     4.3412     0.8079     0.1624    33.9370    33.9373    8.32431         27 0.0000e+00
    172.000    170.151    -1.1926  27.322821    -1.1913  27.324155     6.9277     7.1556     4.1721    91.2985 1.0000e-12  -73.94266 -116.20332  52.092503      99.81 1.5083e+02    493.277      11840  1028.1284  1028.1287     4.3312     0.6090     0.1535    33.9389    33.9393    8.32835         27 0.0000e+00
    173.000    171.139    -1.2074  27.312974    -1.2069  27.313401     6.9174     7.1398     3.2156    92.9935 1.0000e-12  -73.94266 -116.20330  52.092516      99.80 1.4968e+02    494.401      11867  1028.1360  1028.1360     4.4116     0.6608     0.1579    33.9417    33.9416    8.33150         27 0.0000e+00
    174.000    172.129    -1.2120  27.309970    -1.2115  27.310368     6.9453     7.1272     3.1341    92.9145 1.0000e-12  -73.94266 -116.20332  52.092529      90.85 1.5075e+02    495.503      11893  1028.1411  1028.1411     4.4078     0.6330     0.1529    33.9421    33.9421    8.33249         26 0.0000e+00
    175.000    173.117    -1.2269  27.299282    -1.2270  27.299592     6.8773     7.1222     2.9831    91.7358 1.0000e-12  -73.94266 -116.20331  52.092542      82.90 1.5128e+02    496.588      11919  1028.1478  1028.1483     4.3519     0.5549     0.1546    33.9437    33.9442    8.33572         27 0.0000e+00
    176.000    174.106    -1.2484  27.283602    -1.2477  27.284405     6.8773     7.1045     2.4725    91.7556 1.0000e-12  -73.94266 -116.20330  52.092554      97.77 1.5005e+02    497.685      11945  1028.1554  1028.1557     4.3529     0.5549     0.1668    33.9459    33.9463    8.34037         26 0.0000e+00
    177.000    175.095    -1.2628  27.273067    -1.2643  27.272460     6.8747     7.0898     2.7360    92.8006 1.0000e-12  -73.94266 -116.20330  52.092567      99.78 1.5044e+02    498.808      11972  1028.1618  1028.1626     4.4024     0.7937     0.1668    33.9472    33.9481    8.34352         27 0.0000e+00
    178.000    176.084    -1.2765  27.264514    -1.2765  27.264971     6.8469     7.0497     3.3431    91.7206 1.0000e-12  -73.94266 -116.20329  52.092580      99.83 1.5141e+02    499.911      11999  1028.1697  1028.1702     4.3512     0.5130     0.1490    33.9504    33.9510    8.34640         27 0.0000e+00
    179.000    177.073    -1.3103  27.240439    -1.3111  27.240865     6.7977     7.0178     3.3320    90.7064 1.0000e-12  -73.94266 -116.20328  52.092593      99.83 1.5073e+02    501.011      12025  1028.1801  1028.1813     4.3031     0.5159     0.1516    33.9551    33.9565    8.35368         26 0.0000e+00
    180.000    178.062    -1.3572  27.207150    -1.3578  27.207951     6.7483     6.9788     2.8657    91.3981 1.0000e-12  -73.94266 -116.20328  52.092606      99.83 1.5089e+02    502.133      12052  1028.1930  1028.1945     4.3359     0.4937     0.1646    33.9619    33.9636    8.36377         27 0.0000e+00
    181.000    179.050    -1.4466  27.144689    -1.4493  27.144155     6.7085     6.9409     2.7291    92.9230 1.0000e-12  -73.94266 -116.20330  52.092619      99.79 1.5115e+02    503.242      12079  1028.2151  1028.2171     4.4082     0.6883     0.1649    33.9769    33.9793    8.38298         27 0.0000e+00
    182.000    180.040    -1.4758  27.125355    -1.4745  27.127035     6.6793     6.9125     3.0390    92.5990 1.0000e-12  -73.94266 -116.20330  52.092631      99.84 1.5100e+02    504.349      12105  1028.2257  1028.2262     4.3929     0.4742     0.1542    33.9829    33.9837    8.38920         26 0.0000e+00
    183.000    181.028    -1.5118  27.100764    -1.5094  27.103523     6.6283     6.8598     3.6525    92.9227 1.0000e-12  -73.94266 -116.20330  52.092645      99.82 1.5060e+02    505.486      12133  1028.2371  1028.2377     4.4082     0.6101     0.1615    33.9893    33.9903    8.39694         28 0.0000e+00
    184.000    182.018    -1.5632  27.064599    -1.5609  27.068065     6.5933     6.8098     2.9389    92.1285 1.0000e-12  -73.94266 -116.20330  52.092657      99.85 1.5106e+02    506.602      12159  1028.2507  1028.2523     4.3706     0.4395     0.1553    33.9972    33.9994    8.40808         26 0.0000e+00
    185.000    183.004    -1.6322  27.017683    -1.6306  27.020274     6.5646     6.7823     2.7177    91.9733 1.0000e-12  -73.94266 -116.20330  52.092670      99.84 1.5141e+02    507.689      12186  1028.2694  1028.2708     4.3632     0.5252     0.1449    34.0104    34.0122    8.42292         26 0.0000e+00
    186.000    183.995    -1.6985  26.969473    -1.6962  26.973488     6.5279     6.7717     2.8228    91.3347 1.0000e-12  -73.94266 -116.20330  52.092683      99.83 1.5049e+02    508.797      12212  1028.2840  1028.2863     4.3330     0.5266     0.1471    34.0187    34.0217    8.43751         27 0.0000e+00
    187.000    184.982    -1.7749  26.914430    -1.7742  26.916404     6.5275     6.7602     3.0062    92.2718 1.0000e-12  -73.94266 -116.20329  52.092696      98.65 1.5148e+02    509.934      12239  1028.3005  1028.3020     4.3773     0.4643     0.1416    34.0291    34.0310    8.45432         28 0.0000e+00
    188.000    185.970    -1.7975  26.897347    -1.7975  26.898480     6.5376     6.7560     2.5079    93.4152 1.0000e-12  -73.94266 -116.20328  52.092709      97.24 1.5154e+02    511.051      12266  1028.3065  1028.3078     4.4316     0.4750     0.1405    34.0306    34.0321    8.45939         25 0.0000e+00
    189.000    186.963    -1.8063  26.891720    -1.8061  26.892659     6.5319     6.7485     1.7123    92.6014 1.0000e-12  -73.94266 -116.20328  52.092722      99.85 1.5059e+02    512.150      12293  1028.3119  1028.3128     4.3930     0.4882     0.1346    34.0321    34.0332    8.46130         28 0.0000e+00
    190.000    187.948    -1.8129  26.887708    -1.8128  26.888495     6.5462     6.7470     1.5968    93.2303 1.0000e-12  -73.94266 -116.20328  52.092735      99.86 1.5147e+02    513.264      12319  1028.3171  1028.3180     4.4227     0.3809     0.1342    34.0335    34.0345    8.46273         26 0.0000e+00
    191.000    188.939    -1.8166  26.886436    -1.8161  26.887436     6.5437     6.7494     1.9245    92.5112 1.0000e-12  -73.94266 -116.20328  52.092747      99.80 1.5168e+02    514.368      12346  1028.3227  1028.3234     4.3887     0.5798     0.1331    34.0353    34.0362    8.46347         26 0.0000e+00
    192.000    189.926    -1.8155  26.888277    -1.8152  26.889194     6.5489     6.7523     1.8654    93.2179 1.0000e-12  -73.94266 -116.20328  52.092760      99.88 1.5102e+02    515.456      12372  1028.3272  1028.3280     4.4224     0.3134     0.1308    34.0360    34.0370    8.46317         27 0.0000e+00
    193.000    190.916    -1.8140  26.891315    -1.8136  26.892125     6.5521     6.7588     1.8359    94.0351 1.0000e-12  -73.94266 -116.20328  52.092773      99.86 1.5128e+02    516.578      12399  1028.3328  1028.3333     4.4608     0.3868     0.1402    34.0379    34.0386    8.46272         27 0.0000e+00
    194.000    191.905    -1.8155  26.891926    -1.8151  26.892757     6.5600     6.7542     1.3916    94.0090 1.0000e-12  -73.94266 -116.20328  52.092786      99.87 1.5128e+02    517.715      12426  1028.3386  1028.3392     4.4597     0.3194     0.1322    34.0398    34.0405    8.46295         27 0.0000e+00
    195.000    192.891    -1.8167  26.891802    -1.8164  26.892614     6.5425     6.7487     1.0559    94.9499 1.0000e-12  -73.94266 -116.20328  52.092799      99.87 1.5051e+02    518.819      12453  1028.3434  1028.3441     4.5047     0.3286     0.1312    34.0403    34.0412    8.46318         27 0.0000e+00
    196.000    193.883    -1.8181  26.891889    -1.8178  26.892538     6.5435     6.7507     1.2305    95.7640 1.0000e-12  -73.94266 -116.20328  52.092811      99.88 1.5131e+02    519.906      12479  1028.3488  1028.3493     4.5426     0.3055     0.1302    34.0415    34.0421    8.46344         26 0.0000e+00
    197.000    194.870    -1.8260  26.886191    -1.8256  26.887224     6.5293     6.7474     1.2637    94.5948 1.0000e-12  -73.94266 -116.20328  52.092824      99.87 1.5167e+02    521.012      12505  1028.3540  1028.3549     4.4875     0.3356     0.1250    34.0419    34.0429    8.46521         26 0.0000e+00
    198.000    195.860    -1.8295  26.884913    -1.8291  26.885396     6.5531     6.7457     1.2692    95.0265 1.0000e-12  -73.94266 -116.20328  52.092837      99.86 1.5076e+02    522.122      12532  1028.3600  1028.3602     4.5080     0.3416     0.1269    34.0435    34.0438    8.46592         27 0.0000e+00
    199.000    196.848    -1.8235  26.890890    -1.8232  26.891486     6.5476     6.7459     1.2712    95.5476 1.0000e-12  -73.94266 -116.20328  52.092850      95.70 1.5123e+02    523.269      12559  1028.3648  1028.3652     4.5327     0.2929     0.1264    34.0443    34.0448    8.46449         28 0.0000e+00
    200.000    197.836    -1.8293  26.887236    -1.8291  26.887843     6.5423     6.7474     1.3555    95.4412 1.0000e-12  -73.94266 -116.20328  52.092863      99.87 1.5181e+02    524.392      12586  1028.3705  1028.3710     4.5276     0.2345     0.1248    34.0453    34.0460    8.46577         26 0.0000e+00
    201.000    198.825    -1.8307  26.886764    -1.8305  26.887285     6.5372     6.7397     1.2481    95.4849 1.0000e-12  -73.94266 -116.20328  52.092876      99.88 1.5101e+02    525.466      12612  1028.3753  1028.3759     4.5297     0.3152     0.1265    34.0456    34.0462    8.46606         26 0.0000e+00
    202.000    199.814    -1.8356  26.883421    -1.8351  26.884184     6.5328     6.7359     0.9268    95.4062 1.0000e-12  -73.94266 -116.20328  52.092888      99.88 1.5106e+02    526.549      12638  1028.3805  1028.3810     4.5260     0.2557     0.1263    34.0459    34.0465    8.46717         26 0.0000e+00
    203.000    200.803    -1.8451  26.876318    -1.8446  26.877370     6.5256     6.7356     1.0738    96.0234 1.0000e-12  -73.94266 -116.20328  52.092901      99.86 1.5181e+02    527.670      12665  1028.3861  1028.3867     4.5553     0.3552     0.1262    34.0464    34.0472    8.46933         27 0.0000e+00
    204.000    201.791    -1.8525  26.871084    -1.8527  26.871287     6.5271     6.7320     1.1805    96.2960 1.0000e-12  -73.94266 -116.20328  52.092914      99.87 1.5134e+02    528.777      12692  1028.3915  1028.3920     4.5682     0.2909     0.1229    34.0469    34.0474    8.47099         26 0.0000e+00
    205.000    202.780    -1.8523  26.871845    -1.8523  26.872090     6.5352     6.7245     1.1296    95.7925 1.0000e-12  -73.94266 -116.20328  52.092927      99.87 1.5121e+02    529.878      12718  1028.3963  1028.3966     4.5443     0.3551     0.1308    34.0471    34.0475    8.47094         27 0.0000e+00
    206.000    203.769    -1.8526  26.872147    -1.8527  26.872354     6.5252     6.7200     1.2159    96.0767 1.0000e-12  -73.94266 -116.20328  52.092940      99.89 1.5180e+02    531.019      12745  1028.4010  1028.4014     4.5578     0.2256     0.1196    34.0472    34.0477    8.47099         28 0.0000e+00
    207.000    204.757    -1.8538  26.871768    -1.8539  26.871830     6.5319     6.7175     1.1024    96.0826 1.0000e-12  -73.94266 -116.20328  52.092953      99.88 1.5147e+02    532.147      12773  1028.4059  1028.4061     4.5581     0.2749     0.1252    34.0474    34.0477    8.47125         26 0.0000e+00
    208.000    205.746    -1.8543  26.871935    -1.8540  26.872447     6.5247     6.7213     0.8210    96.3183 1.0000e-12  -73.94266 -116.20328  52.092966      99.89 1.5032e+02    533.229      12798  1028.4108  1028.4111     4.5691     0.1929     0.1207    34.0477    34.0480    8.47137         26 0.0000e+00
