ocean_section_plots/required_files/ctd/dnbp2202_ctd027.cnv
* Sea-Bird SBE 9 Data File:
* FileName = D:\Data\raw\NBP2202_CTD027.hex
* Software Version Seasave V 7.26.7.121
* Temperature SN = 1649
* Conductivity SN = 2513
* Number of Bytes Per Scan = 40
* Number of Voltage Words = 5
* Number of Scans Averaged by the Deck Unit = 1
* NMEA Latitude = 74 13.87 S
* NMEA Longitude = 112 14.39 W
* NMEA UTC (Time) = Jan 21 2022  08:19:04
* NMEA baud rate = 9600
** Ship: RVIB N.B. Palmer
** Cruise: NBP2202 Thwaites
** Station: Tow-Yo #1
** Operator: B. Bjork
# nquan = 25
# nvalues = 989                         
# units = specified
# name 0 = prDM: Pressure, Digiquartz [db]
# name 1 = depSM: Depth [salt water, m]
# name 2 = t090C: Temperature [ITS-90, deg C]
# name 3 = c0mS/cm: Conductivity [mS/cm]
# name 4 = t190C: Temperature, 2 [ITS-90, deg C]
# name 5 = c1mS/cm: Conductivity, 2 [mS/cm]
# name 6 = sbeox0ML/L: Oxygen, SBE 43 [ml/l]
# name 7 = sbeox1ML/L: Oxygen, SBE 43, 2 [ml/l]
# name 8 = flECO-AFL: Fluorescence, WET Labs ECO-AFL/FL [mg/m^3]
# name 9 = CStarTr0: Beam Transmission, WET Labs C-Star [%]
# name 10 = par: PAR/Irradiance, Biospherical/Licor
# name 11 = latitude: Latitude [deg]
# name 12 = longitude: Longitude [deg]
# name 13 = timeJ: Julian Days
# name 14 = altM: Altimeter [m]
# name 15 = spar: SPAR, Biospherical/Licor
# name 16 = timeS: Time, Elapsed [seconds]
# name 17 = scan: Scan Count
# name 18 = density00: Density [density, kg/m^3]
# name 19 = density11: Density, 2 [density, kg/m^3]
# name 20 = sal00: Salinity, Practical [PSU]
# name 21 = sal11: Salinity, Practical, 2 [PSU]
# name 22 = oxsolML/L: Oxygen Saturation, Garcia & Gordon [ml/l]
# name 23 = nbin: number of scans per bin
# name 24 = flag: flag
# span 0 =     10.000,    998.000       
# span 1 =      9.897,    985.299       
# span 2 =    -1.4939,     0.5077       
# span 3 =  27.088462,  29.575818       
# span 4 =    -1.4926,     0.5099       
# span 5 =  27.088104,  29.575494       
# span 6 =     4.5733,     7.6758       
# span 7 =     4.8016,     7.9977       
# span 8 =    -0.0201,    13.2105       
# span 9 =    78.7813,    98.2802       
# span 10 = 1.0000e-12, 5.7810e+00      
# span 11 =  -74.23116,  -74.23073      
# span 12 = -112.24010, -112.23105      
# span 13 =  21.347269,  21.362812      
# span 14 =       8.47,     100.23      
# span 15 = 5.2306e+02, 5.6643e+02      
# span 16 =     60.026,   1402.949      
# span 17 =       1442,      33672      
# span 18 =  1027.2379,  1032.4049      
# span 19 =  1027.2364,  1032.4024      
# span 20 =    33.8029,    34.5478      
# span 21 =    33.8009,    34.5451      
# span 22 =    7.93029,    8.39202      
# span 23 =         14,         52      
# span 24 = 0.0000e+00, 0.0000e+00      
# interval = decibars: 1                
# start_time = Jan 21 2022 08:19:04 [NMEA time, header]
# bad_flag = -9.990e-29
*END*
[from data line 464]
    474.000    468.556    -0.1698  28.595973    -0.1672  28.595940     4.8585     5.1104     0.0214    98.0038 1.0000e-12  -74.23096 -112.23613  21.355021      99.76 5.4506e+02    729.825      17517  1029.8163  1029.8137    34.3198    34.3168    8.08423         31 0.0000e+00
    475.000    469.544    -0.1602  28.606362    -0.1580  28.605709     4.8516     5.1096     0.0183    97.9971 1.0000e-12  -74.23096 -112.23612  21.355036      99.87 5.4569e+02    731.110      17548  1029.8222  1029.8194    34.3222    34.3188    8.08205         31 0.0000e+00
    476.000    470.531    -0.1538  28.613439    -0.1515  28.612819     4.8389     5.0957     0.0227    98.0036 1.0000e-12  -74.23096 -112.23610  21.355051      99.86 5.4620e+02    732.407      17579  1029.8279  1029.8250    34.3239    34.3205    8.08061         31 0.0000e+00
    477.000    471.519    -0.1461  28.621956    -0.1423  28.622809     4.8204     5.0759     0.0181    98.0049 1.0000e-12  -74.23096 -112.23609  21.355066      99.87 5.4308e+02    733.724      17610  1029.8337  1029.8309    34.3259    34.3228    8.07886         29 0.0000e+00
    478.000    472.507    -0.1058  28.662697    -0.1027  28.662613     4.8121     5.0731     0.0207    98.0053 1.0000e-12  -74.23096 -112.23608  21.355081      99.87 5.4343e+02    735.019      17641  1029.8417  1029.8385    34.3342    34.3306    8.06988         31 0.0000e+00
    479.000    473.493    -0.1004  28.668333    -0.0979  28.668033     4.8137     5.0671     0.0171    97.9996 1.0000e-12  -74.23096 -112.23608  21.355096      99.87 5.4529e+02    736.286      17672  1029.8469  1029.8442    34.3351    34.3318    8.06869         31 0.0000e+00
    480.000    474.480    -0.1012  28.668458    -0.0989  28.667777     4.8123     5.0669     0.0051    97.9879 1.0000e-12  -74.23096 -112.23607  21.355111      99.86 5.4650e+02    737.571      17703  1029.8523  1029.8494    34.3355    34.3321    8.06883         30 0.0000e+00
    481.000    475.469    -0.1010  28.669014    -0.0989  28.668282     4.8128     5.0736     0.0180    98.0008 1.0000e-12  -74.23096 -112.23606  21.355126      99.86 5.4500e+02    738.856      17734  1029.8572  1029.8544    34.3354    34.3321    8.06879         32 0.0000e+00
    482.000    476.455    -0.1008  28.669551    -0.0984  28.669140     4.8112     5.0704     0.0143    97.9914 1.0000e-12  -74.23096 -112.23604  21.355141      99.87 5.4380e+02    740.138      17764  1029.8620  1029.8593    34.3353    34.3321    8.06875         30 0.0000e+00
    483.000    477.442    -0.0970  28.674048    -0.0949  28.673185     4.8049     5.0615     0.0143    97.9955 1.0000e-12  -74.23096 -112.23604  21.355156      85.99 5.4463e+02    741.439      17796  1029.8674  1029.8645    34.3365    34.3329    8.06790         31 0.0000e+00
    484.000    478.429    -0.0874  28.684381    -0.0850  28.683750     4.7989     5.0542     0.0143    97.9895 1.0000e-12  -74.23096 -112.23604  21.355170      99.94 5.4341e+02    742.724      17826  1029.8733  1029.8704    34.3388    34.3353    8.06573         31 0.0000e+00
    485.000    479.418    -0.0783  28.693974    -0.0766  28.692692     4.7924     5.0520     0.0143    97.9828 1.0000e-12  -74.23096 -112.23603  21.355185      99.87 5.4385e+02    743.982      17857  1029.8789  1029.8760    34.3407    34.3371    8.06370         30 0.0000e+00
    486.000    480.405    -0.0761  28.696608    -0.0737  28.696257     4.7849     5.0425     0.0133    97.9566 1.0000e-12  -74.23096 -112.23602  21.355200      99.87 5.4515e+02    745.264      17887  1029.8839  1029.8812    34.3411    34.3379    8.06321         32 0.0000e+00
    487.000    481.391    -0.0656  28.707852    -0.0625  28.708013     4.7800     5.0270     0.0099    97.9596 1.0000e-12  -74.23096 -112.23601  21.355215      99.87 5.4649e+02    746.565      17919  1029.8900  1029.8871    34.3437    34.3404    8.06086         30 0.0000e+00
    488.000    482.379    -0.0462  28.727865    -0.0439  28.727315     4.7714     5.0288     0.0143    97.9638 1.0000e-12  -74.23096 -112.23600  21.355230      99.87 5.4649e+02    747.845      17949  1029.8965  1029.8936    34.3479    34.3445    8.05654         31 0.0000e+00
    489.000    483.367    -0.0406  28.734130    -0.0384  28.733340     4.7612     5.0213     0.0143    97.9688 1.0000e-12  -74.23096 -112.23600  21.355245      99.87 5.4649e+02    749.135      17980  1029.9020  1029.8990    34.3493    34.3457    8.05528         31 0.0000e+00
    490.000    484.354    -0.0340  28.741191    -0.0316  28.740766     4.7581     5.0140     0.0073    97.9455 1.0000e-12  -74.23096 -112.23598  21.355259      99.86 5.4492e+02    750.414      18011  1029.9074  1029.9046    34.3506    34.3474    8.05381         30 0.0000e+00
    491.000    485.342    -0.0277  28.748044    -0.0248  28.748003     4.7613     5.0082     0.0105    97.9756 1.0000e-12  -74.23096 -112.23597  21.355274      99.87 5.4559e+02    751.674      18041  1029.9129  1029.9101    34.3521    34.3488    8.05241         31 0.0000e+00
    492.000    486.329    -0.0182  28.758177    -0.0160  28.757640     4.7519     5.0062     0.0062    97.9531 1.0000e-12  -74.23096 -112.23596  21.355289      99.87 5.4519e+02    752.954      18072  1029.9187  1029.9160    34.3542    34.3510    8.05029         31 0.0000e+00
    493.000    487.316    -0.0137  28.763167    -0.0113  28.762690     4.7461     5.0032     0.0135    97.9682 1.0000e-12  -74.23096 -112.23596  21.355304      89.72 5.4455e+02    754.233      18103  1029.9240  1029.9212    34.3552    34.3519    8.04929         30 0.0000e+00
    494.000    488.303    -0.0109  28.766380    -0.0085  28.766211     4.7479     5.0016     0.0112    97.9721 1.0000e-12  -74.23096 -112.23594  21.355318      91.51 5.4632e+02    755.497      18133  1029.9291  1029.9266    34.3558    34.3529    8.04867         31 0.0000e+00
    495.000    489.289    -0.0063  28.771920    -0.0036  28.771884     4.7455     5.0007     0.0005    97.9457 1.0000e-12  -74.23096 -112.23594  21.355333      99.91 5.4649e+02    756.777      18164  1029.9348  1029.9321    34.3573    34.3542    8.04762         30 0.0000e+00
    496.000    490.278     0.0036  28.782481     0.0063  28.782329     4.7460     4.9956     0.0063    97.9413 1.0000e-12  -74.23096 -112.23593  21.355348      99.87 5.4379e+02    758.055      18194  1029.9406  1029.9379    34.3596    34.3564    8.04541         31 0.0000e+00
    497.000    491.265     0.0054  28.784611     0.0079  28.784505     4.7471     4.9904     0.0203    97.9416 1.0000e-12  -74.23096 -112.23592  21.355363      99.87 5.4361e+02    759.323      18225  1029.9455  1029.9430    34.3598    34.3568    8.04501         30 0.0000e+00
    498.000    492.253     0.0064  28.786245     0.0088  28.785699     4.7434     4.9906     0.0144    97.9551 1.0000e-12  -74.23096 -112.23591  21.355378      99.87 5.4425e+02    760.618      18256  1029.9506  1029.9478    34.3602    34.3569    8.04477         30 0.0000e+00
    499.000    493.239     0.0071  28.787346     0.0096  28.786996     4.7361     4.9969     0.0181    97.9480 1.0000e-12  -74.23096 -112.23590  21.355393      99.86 5.4416e+02    761.923      18287  1029.9555  1029.9528    34.3603    34.3571    8.04463         31 0.0000e+00
    500.000    494.228     0.0093  28.789983     0.0116  28.789537     4.7395     4.9928     0.0216    97.9519 1.0000e-12  -74.23096 -112.23588  21.355407      99.87 5.4591e+02    763.189      18318  1029.9605  1029.9578    34.3607    34.3576    8.04413         30 0.0000e+00
    501.000    495.214     0.0097  28.790800     0.0121  28.790384     4.7387     4.9920     0.0157    97.9447 1.0000e-12  -74.23096 -112.23588  21.355422      99.87 5.4518e+02    764.463      18348  1029.9653  1029.9625    34.3608    34.3575    8.04406         31 0.0000e+00
    502.000    496.202     0.0104  28.791973     0.0128  28.791622     4.7398     4.9834     0.0143    97.9513 1.0000e-12  -74.23096 -112.23587  21.355437      99.87 5.4689e+02    765.747      18379  1029.9702  1029.9675    34.3609    34.3578    8.04389         31 0.0000e+00
    503.000    497.188     0.0127  28.794513     0.0147  28.793977     4.7395     4.9820     0.0128    97.9596 1.0000e-12  -74.23096 -112.23586  21.355451      81.38 5.4710e+02    767.010      18409  1029.9750  1029.9724    34.3612    34.3582    8.04341         29 0.0000e+00
    504.000    498.177     0.0130  28.795442     0.0152  28.794860     4.7412     4.9894     0.0081    97.9513 1.0000e-12  -74.23096 -112.23584  21.355466      90.13 5.4597e+02    768.262      18439  1029.9799  1029.9772    34.3615    34.3582    8.04332         31 0.0000e+00
    505.000    499.163     0.0133  28.796164     0.0156  28.795752     4.7427     4.9892     0.0106    97.9554 1.0000e-12  -74.23096 -112.23583  21.355481      95.18 5.4572e+02    769.533      18470  1029.9847  1029.9821    34.3615    34.3583    8.04326         30 0.0000e+00
    506.000    500.149     0.0137  28.797013     0.0158  28.796448     4.7404     4.9907     0.0114    97.9522 1.0000e-12  -74.23096 -112.23582  21.355495      99.89 5.4524e+02    770.796      18500  1029.9895  1029.9869    34.3616    34.3584    8.04317         31 0.0000e+00
    507.000    501.138     0.0139  28.797656     0.0162  28.797275     4.7377     4.9911     0.0199    97.9390 1.0000e-12  -74.23096 -112.23582  21.355510      99.86 5.4561e+02    772.061      18530  1029.9943  1029.9917    34.3616    34.3586    8.04313         30 0.0000e+00
    508.000    502.126     0.0138  28.797989     0.0160  28.797559     4.7371     4.9892     0.0150    97.9472 1.0000e-12  -74.23096 -112.23580  21.355525      99.87 5.4649e+02    773.333      18561  1029.9990  1029.9964    34.3616    34.3585    8.04315         31 0.0000e+00
    509.000    503.111     0.0148  28.799462     0.0169  28.798874     4.7383     4.9848     0.0116    97.9519 1.0000e-12  -74.23096 -112.23579  21.355539      99.87 5.4649e+02    774.599      18591  1030.0039  1030.0012    34.3618    34.3587    8.04292         30 0.0000e+00
    510.000    504.100     0.0160  28.801270     0.0184  28.800818     4.7371     4.9796    -0.0016    97.9390 1.0000e-12  -74.23096 -112.23578  21.355554      99.86 5.4491e+02    775.880      18622  1030.0088  1030.0061    34.3622    34.3590    8.04264         32 0.0000e+00
    511.000    505.086     0.0187  28.804435     0.0211  28.804131     4.7345     4.9815     0.0064    97.9233 1.0000e-12  -74.23096 -112.23578  21.355569      99.87 5.4608e+02    777.190      18654  1030.0138  1030.0112    34.3628    34.3597    8.04205         31 0.0000e+00
    512.000    506.074     0.0201  28.806288     0.0225  28.806020     4.7323     4.9815     0.0092    97.9356 1.0000e-12  -74.23096 -112.23576  21.355584      99.86 5.4649e+02    778.456      18684  1030.0187  1030.0161    34.3631    34.3601    8.04174         29 0.0000e+00
    513.000    507.061     0.0211  28.807739     0.0232  28.807175     4.7338     4.9836     0.0119    97.9397 1.0000e-12  -74.23096 -112.23576  21.355599      99.87 5.4592e+02    779.712      18714  1030.0235  1030.0209    34.3634    34.3602    8.04152         31 0.0000e+00
    514.000    508.047     0.0223  28.809429     0.0246  28.808992     4.7336     4.9815     0.0140    97.9587 1.0000e-12  -74.23096 -112.23575  21.355613      76.42 5.4468e+02    780.989      18745  1030.0284  1030.0257    34.3637    34.3605    8.04125         31 0.0000e+00
    515.000    509.035     0.0226  28.810253     0.0250  28.809974     4.7330     4.9802     0.0131    97.9647 1.0000e-12  -74.23096 -112.23574  21.355628      93.41 5.4461e+02    782.252      18775  1030.0332  1030.0307    34.3638    34.3608    8.04117         30 0.0000e+00
    516.000    510.023     0.0235  28.811620     0.0258  28.811244     4.7318     4.9797     0.0100    97.9436 1.0000e-12  -74.23096 -112.23572  21.355642      99.85 5.4527e+02    783.497      18805  1030.0381  1030.0355    34.3640    34.3610    8.04098         29 0.0000e+00
    517.000    511.009     0.0247  28.813381     0.0271  28.813170     4.7301     4.9801     0.0143    97.9531 1.0000e-12  -74.23095 -112.23572  21.355657      99.87 5.4382e+02    784.755      18835  1030.0431  1030.0405    34.3644    34.3614    8.04070         31 0.0000e+00
    518.000    511.998     0.0254  28.814699     0.0280  28.814610     4.7296     4.9796     0.0143    97.9671 1.0000e-12  -74.23094 -112.23571  21.355671      99.87 5.4501e+02    786.003      18865  1030.0480  1030.0454    34.3647    34.3618    8.04053         30 0.0000e+00
    519.000    512.985     0.0273  28.817076     0.0298  28.816990     4.7256     4.9798     0.0143    97.9461 1.0000e-12  -74.23094 -112.23570  21.355686      99.87 5.4653e+02    787.256      18895  1030.0529  1030.0504    34.3652    34.3623    8.04011         30 0.0000e+00
    520.000    513.970     0.0287  28.819056     0.0313  28.819116     4.7265     4.9788     0.0143    97.9424 1.0000e-12  -74.23094 -112.23568  21.355701      99.87 5.4951e+02    788.531      18926  1030.0579  1030.0554    34.3656    34.3628    8.03978         30 0.0000e+00
    521.000    514.959     0.0298  28.820616     0.0323  28.820678     4.7280     4.9772     0.0143    97.9442 1.0000e-12  -74.23094 -112.23567  21.355715      99.87 5.4771e+02    789.788      18956  1030.0627  1030.0603    34.3659    34.3632    8.03954         30 0.0000e+00
    522.000    515.945     0.0315  28.822894     0.0339  28.822719     4.7308     4.9744     0.0146    97.9182 1.0000e-12  -74.23094 -112.23566  21.355730      99.87 5.4701e+02    791.038      18986  1030.0677  1030.0652    34.3664    34.3635    8.03916         31 0.0000e+00
    523.000    516.933     0.0323  28.824247     0.0348  28.824135     4.7272     4.9670     0.0169    97.9270 1.0000e-12  -74.23094 -112.23566  21.355744      99.87 5.4679e+02    792.313      19017  1030.0727  1030.0701    34.3667    34.3638    8.03898         30 0.0000e+00
    524.000    517.921     0.0353  28.828023     0.0384  28.828506     4.7265     4.9736     0.0058    97.9548 1.0000e-12  -74.23094 -112.23565  21.355759      94.52 5.4512e+02    793.576      19047  1030.0780  1030.0755    34.3678    34.3650    8.03829         30 0.0000e+00
    525.000    518.906     0.0370  28.830398     0.0393  28.829934     4.7228     4.9733     0.0106    97.9319 1.0000e-12  -74.23094 -112.23564  21.355773      84.07 5.4609e+02    794.823      19077  1030.0830  1030.0803    34.3684    34.3652    8.03789         30 0.0000e+00
    526.000    519.895     0.0376  28.831560     0.0402  28.831364     4.7252     4.9706     0.0031    97.9547 1.0000e-12  -74.23094 -112.23563  21.355788      99.25 5.4649e+02    796.087      19107  1030.0879  1030.0853    34.3686    34.3655    8.03775         31 0.0000e+00
    527.000    520.881     0.0410  28.835462     0.0434  28.835295     4.7211     4.9700     0.0052    97.9638 1.0000e-12  -74.23094 -112.23562  21.355803      99.86 5.4602e+02    797.345      19137  1030.0930  1030.0905    34.3694    34.3665    8.03699         30 0.0000e+00
    528.000    521.869     0.0466  28.842274     0.0492  28.842068     4.7121     4.9610     0.0132    97.9490 1.0000e-12  -74.23094 -112.23560  21.355817      99.87 5.4739e+02    798.574      19167  1030.0990  1030.0962    34.3716    34.3684    8.03570         29 0.0000e+00
    529.000    522.855     0.0599  28.856903     0.0623  28.856588     4.7079     4.9616     0.0081    97.9579 1.0000e-12  -74.23094 -112.23559  21.355831      99.87 5.4791e+02    799.815      19197  1030.1055  1030.1029    34.3754    34.3723    8.03269         30 0.0000e+00
    530.000    523.843     0.0645  28.862152     0.0666  28.861588     4.7091     4.9531     0.0120    97.9551 1.0000e-12  -74.23094 -112.23559  21.355846      99.86 5.4648e+02    801.054      19226  1030.1110  1030.1083    34.3767    34.3735    8.03168         29 0.0000e+00
