ocean_section_plots/required_files/ctd/dnbp2202_ctd122.cnv
* Sea-Bird SBE 9 Data File:
* FileName = D:\Data\raw\NBP2202_CTD122.hex
* Software Version Seasave V 7.26.7.121
* Temperature SN = 1649
* Conductivity SN = 2513
* Number of Bytes Per Scan = 40
* Number of Voltage Words = 5
* Number of Scans Averaged by the Deck Unit = 1
* NMEA Latitude = 74 10.52 S
* NMEA Longitude = 113 20.65 W
* NMEA UTC (Time) = Jan 27 2022  11:29:02
* NMEA baud rate = 9600
** Ship: RVIB N.B. Palmer
** Cruise: NBP2202 Thwaites
** Station: YoYo001
** Operator: B. Bjork
# nquan = 25
# nvalues = 607                         
# units = specified
# name 0 = prDM: Pressure, Digiquartz [db]
# name 1 = depSM: Depth [salt water, m]
# name 2 = t090C: Temperature [ITS-90, deg C]
# name 3 = c0mS/cm: Conductivity [mS/cm]
# name 4 = t190C: Temperature, 2 [ITS-90, deg C]
# name 5 = c1mS/cm: Conductivity, 2 [mS/cm]
# name 6 = sbeox0ML/L: Oxygen, SBE 43 [ml/l]
# name 7 = sbeox1ML/L: Oxygen, SBE 43, 2 [ml/l]
# name 8 = flECO-AFL: Fluorescence, WET Labs ECO-AFL/FL [mg/m^3]
# name 9 = CStarTr0: Beam Transmission, WET Labs C-Star [%]
# name 10 = par: PAR/Irradiance, Biospherical/Licor
# name 11 = latitude: Latitude [deg]
# name 12 = longitude: Longitude [deg]
# name 13 = timeJ: Julian Days
# name 14 = altM: Altimeter [m]
# name 15 = spar: SPAR, Biospherical/Licor
# name 16 = timeS: Time, Elapsed [seconds]
# name 17 = scan: Scan Count
# name 18 = density00: Density [density, kg/m^3]
# name 19 = density11: Density, 2 [density, kg/m^3]
# name 20 = sal00: Salinity, Practical [PSU]
# name 21 = sal11: Salinity, Practical, 2 [PSU]
# name 22 = oxsolML/L: Oxygen Saturation, Garcia & Gordon [ml/l]
# name 23 = nbin: number of scans per bin
# name 24 = flag: flag
# span 0 =     10.000,    616.000       
# span 1 =      9.895,    608.722       
# span 2 =    -1.4340,     0.0810       
# span 3 =  26.984259,  28.908262       
# span 4 =    -1.4340,     0.0822       
# span 5 =  26.983054,  28.908641       
# span 6 =     4.6858,     8.5891       
# span 7 =     4.7372,     8.3656       
# span 8 =    -0.0224,    25.8702       
# span 9 =    70.0757,    95.6202       
# span 10 = 1.0000e-12, 4.7133e+00      
# span 11 =  -74.17536,  -74.17536      
# span 12 = -113.34424, -113.34422      
# span 13 =  27.478928,  27.486627      
# span 14 =       7.99,      99.98      
# span 15 = 2.0097e+02, 2.2389e+02      
# span 16 =     37.345,    702.553      
# span 17 =        897,      16862      
# span 18 =  1027.2264,  1030.5166      
# span 19 =  1027.2248,  1030.5144      
# span 20 =    33.7923,    34.3799      
# span 21 =    33.7919,    34.3768      
# span 22 =    8.02804,    8.38977      
# span 23 =         20,         56      
# span 24 = 0.0000e+00, 0.0000e+00      
# interval = decibars: 1                
# start_time = Jan 27 2022 11:29:02 [NMEA time, header]
# bad_flag = -9.990e-29
*END*
[from data line 580]
    590.000    583.064     0.0713  28.895368     0.0729  28.894487     4.6858     4.7431    -0.0089    95.0676 1.0000e-12  -74.17536 -113.34423  27.485856      34.55 2.0159e+02    635.945      15264  1030.3943  1030.3918    34.3777    34.3747    8.03019         37 0.0000e+00
    591.000    584.050     0.0718  28.896383     0.0730  28.895146     4.6907     4.7417    -0.0081    95.0600 1.0000e-12  -74.17536 -113.34423  27.485876      33.55 2.0149e+02    637.642      15304  1030.3992  1030.3967    34.3779    34.3749    8.03008         37 0.0000e+00
    592.000    585.037     0.0789  28.903969     0.0804  28.903052     4.6908     4.7372    -0.0077    95.0931 1.0000e-12  -74.17536 -113.34422  27.485896      32.53 2.0133e+02    639.378      15346  1030.4044  1030.4020    34.3793    34.3764    8.02850         39 0.0000e+00
    593.000    586.023     0.0810  28.906552     0.0822  28.905246     4.6862     4.7409    -0.0097    95.0679 1.0000e-12  -74.17536 -113.34422  27.485916      31.43 2.0126e+02    641.138      15388  1030.4094  1030.4069    34.3799    34.3768    8.02804         36 0.0000e+00
    594.000    587.011     0.0787  28.904451     0.0794  28.902834     4.6884     4.7423    -0.0157    95.0809 1.0000e-12  -74.17536 -113.34422  27.485937      30.43 2.0097e+02    642.967      15432  1030.4137  1030.4113    34.3790    34.3761    8.02856         38 0.0000e+00
    595.000    587.997     0.0768  28.902761     0.0768  28.900513     4.6906     4.7429    -0.0079    95.0664 1.0000e-12  -74.17536 -113.34422  27.485959      29.36 2.0097e+02    644.839      15477  1030.4181  1030.4157    34.3784    34.3754    8.02900         35 0.0000e+00
    596.000    588.984     0.0771  28.903904     0.0790  28.903282     4.6863     4.7441    -0.0115    95.1271 1.0000e-12  -74.17536 -113.34422  27.485980      28.44 2.0097e+02    646.707      15522  1030.4233  1030.4207    34.3790    34.3760    8.02890         39 0.0000e+00
    597.000    589.972     0.0781  28.905204     0.0800  28.904817     4.6976     4.7416    -0.0166    95.0734 1.0000e-12  -74.17536 -113.34423  27.486002      27.42 2.0097e+02    648.586      15567  1030.4279  1030.4256    34.3789    34.3763    8.02869         37 0.0000e+00
    598.000    590.957     0.0771  28.904704     0.0797  28.904899     4.6887     4.7448    -0.0076    95.1062 1.0000e-12  -74.17536 -113.34424  27.486024      26.40 2.0097e+02    650.463      15612  1030.4326  1030.4303    34.3788    34.3762    8.02891         37 0.0000e+00
    599.000    591.944     0.0769  28.905021     0.0788  28.904421     4.6896     4.7413    -0.0087    95.0936 1.0000e-12  -74.17536 -113.34424  27.486046      25.42 2.0097e+02    652.343      15657  1030.4374  1030.4349    34.3789    34.3760    8.02895         36 0.0000e+00
    600.000    592.932     0.0785  28.907142     0.0801  28.906278     4.6901     4.7412    -0.0150    95.0605 1.0000e-12  -74.17536 -113.34424  27.486068      24.40 2.0097e+02    654.266      15703  1030.4423  1030.4398    34.3793    34.3764    8.02859         44 0.0000e+00
    601.000    593.918     0.0769  28.905945     0.0790  28.905605     4.6895     4.7403    -0.0051    95.1037 1.0000e-12  -74.17536 -113.34424  27.486092      23.35 2.0097e+02    656.313      15753  1030.4468  1030.4444    34.3789    34.3761    8.02894         46 0.0000e+00
    602.000    594.905     0.0745  28.903836     0.0784  28.905489     4.6862     4.7412    -0.0076    95.0974 1.0000e-12  -74.17536 -113.34424  27.486117      22.30 2.0097e+02    658.522      15806  1030.4512  1030.4492    34.3782    34.3761    8.02948         41 0.0000e+00
    603.000    595.892     0.0752  28.904866     0.0768  28.904222     4.6937     4.7434    -0.0150    95.1022 1.0000e-12  -74.17536 -113.34424  27.486145      21.29 2.0097e+02    660.906      15863  1030.4559  1030.4536    34.3783    34.3756    8.02934         31 0.0000e+00
    604.000    596.879     0.0737  28.903728     0.0759  28.903772     4.6981     4.7436    -0.0083    95.1154 1.0000e-12  -74.17536 -113.34424  27.486173      20.26 2.0097e+02    663.342      15921  1030.4604  1030.4582    34.3778    34.3754    8.02967         28 0.0000e+00
    605.000    597.864     0.0686  28.898862     0.0704  28.898472     4.6932     4.7450    -0.0045    95.1079 1.0000e-12  -74.17536 -113.34424  27.486201      19.31 2.0097e+02    665.767      15979  1030.4646  1030.4623    34.3766    34.3740    8.03082         36 0.0000e+00
    606.000    598.854     0.0688  28.899674     0.0710  28.899531     4.6915     4.7468    -0.0068    95.0707 1.0000e-12  -74.17536 -113.34423  27.486231      18.25 2.0097e+02    668.347      16041  1030.4693  1030.4671    34.3767    34.3742    8.03075         34 0.0000e+00
    607.000    599.839     0.0703  28.901664     0.0741  28.903256     4.6877     4.7449    -0.0117    95.0930 1.0000e-12  -74.17536 -113.34423  27.486262      17.25 2.0097e+02    671.020      16105  1030.4741  1030.4721    34.3771    34.3750    8.03042         38 0.0000e+00
    608.000    600.825     0.0711  28.902917     0.0737  28.903226     4.6952     4.7449    -0.0051    95.1173 1.0000e-12  -74.17536 -113.34423  27.486295      16.18 2.0097e+02    673.884      16174  1030.4789  1030.4767    34.3773    34.3748    8.03024         36 0.0000e+00
    609.000    601.812     0.0717  28.904009     0.0742  28.904279     4.6865     4.7454    -0.0051    95.1160 1.0000e-12  -74.17536 -113.34422  27.486330      15.19 2.0097e+02    676.874      16246  1030.4837  1030.4816    34.3775    34.3751    8.03011         40 0.0000e+00
    610.000    602.799     0.0750  28.907792     0.0780  28.908641     4.6909     4.7405    -0.0058    95.0797 1.0000e-12  -74.17536 -113.34422  27.486363      14.24 2.0097e+02    679.787      16316  1030.4887  1030.4867    34.3783    34.3760    8.02938         45 0.0000e+00
    611.000    603.786     0.0709  28.904147     0.0743  28.905016     4.6892     4.7419    -0.0111    95.0919 1.0000e-12  -74.17536 -113.34422  27.486397      13.21 2.0097e+02    682.704      16386  1030.4931  1030.4908    34.3774    34.3747    8.03028         35 0.0000e+00
    612.000    604.774     0.0695  28.902907     0.0716  28.902763     4.6899     4.7450    -0.0132    95.1061 1.0000e-12  -74.17536 -113.34423  27.486431      12.20 2.0097e+02    685.616      16456  1030.4975  1030.4953    34.3768    34.3743    8.03061         35 0.0000e+00
    613.000    605.761     0.0711  28.904972     0.0727  28.904360     4.6908     4.7449    -0.0088    95.0830 1.0000e-12  -74.17536 -113.34424  27.486465      11.19 2.0097e+02    688.542      16526  1030.5023  1030.5001    34.3772    34.3746    8.03027         35 0.0000e+00
    614.000    606.748     0.0701  28.904496     0.0726  28.904470     4.6897     4.7425    -0.0082    95.0744 1.0000e-12  -74.17536 -113.34424  27.486499      10.16 2.0097e+02    691.550      16598  1030.5070  1030.5046    34.3771    34.3742    8.03048         30 0.0000e+00
    615.000    607.731     0.0714  28.906146     0.0741  28.906490     4.6919     4.7422    -0.0106    95.0862 1.0000e-12  -74.17536 -113.34424  27.486533       9.15 2.0097e+02    694.442      16668  1030.5116  1030.5095    34.3771    34.3747    8.03019         38 0.0000e+00
    616.000    608.722     0.0730  28.908262     0.0750  28.908056     4.6870     4.7449    -0.0071    95.1134 1.0000e-12  -74.17536 -113.34423  27.486627       7.99 2.0097e+02    702.553      16862  1030.5166  1030.5144    34.3776    34.3750    8.02984         56 0.0000e+00
