ocean_section_plots/required_files/ctd/dnbp2202_ctd295.cnv
* Sea-Bird SBE 9 Data File:
* FileName = D:\Data\raw\NBP2202_CTD295.hex
* Software Version Seasave V 7.26.7.121
* Temperature SN = 1649
* Conductivity SN = 2513
* Number of Bytes Per Scan = 40
* Number of Voltage Words = 5
* Number of Scans Averaged by the Deck Unit = 1
* NMEA Latitude = 73 15.00 S
* NMEA Longitude = 114 20.02 W
* NMEA UTC (Time) = Feb 24 2022  11:27:30
* NMEA baud rate = 9600
** Ship: RVIB N.B. Palmer
** Cruise: NBP2202 Thwaites
** Station: 197
** Operator: B. Bjork
# nquan = 28
# nvalues = 733                         
# units = specified
# name 0 = prDM: Pressure, Digiquartz [db]
# name 1 = depSM: Depth [salt water, m]
# name 2 = t090C: Temperature [ITS-90, deg C]
# name 3 = c0mS/cm: Conductivity [mS/cm]
# name 4 = t190C: Temperature, 2 [ITS-90, deg C]
# name 5 = c1mS/cm: Conductivity, 2 [mS/cm]
# name 6 = sbeox0ML/L: Oxygen, SBE 43 [ml/l]
# name 7 = sbeox1ML/L: Oxygen, SBE 43, 2 [ml/l]
# name 8 = flECO-AFL: Fluorescence, WET Labs ECO-AFL/FL [mg/m^3]
# name 9 = CStarTr0: Beam Transmission, WET Labs C-Star [%]
# name 10 = par: PAR/Irradiance, Biospherical/Licor
# name 11 = latitude: Latitude [deg]
# name 12 = longitude: Longitude [deg]
# name 13 = timeJ: Julian Days
# name 14 = altM: Altimeter [m]
# name 15 = spar: SPAR, Biospherical/Licor
# name 16 = timeS: Time, Elapsed [seconds]
# name 17 = scan: Scan Count
# name 18 = density00: Density [density, kg/m^3]
# name 19 = density11: Density, 2 [density, kg/m^3]
# name 20 = v3: Voltage 3
# name 21 = v4: Voltage 4
# name 22 = v5: Voltage 5
# name 23 = sal00: Salinity, Practical [PSU]
# name 24 = sal11: Salinity, Practical, 2 [PSU]
# name 25 = oxsolML/L: Oxygen Saturation, Garcia & Gordon [ml/l]
# name 26 = nbin: number of scans per bin
# name 27 = flag: flag
# span 0 =      2.000,    734.000       
# span 1 =      1.986,    725.179       
# span 2 =    -1.3905,     0.7436       
# span 3 =  27.011822,  29.713890       
# span 4 =    -1.3899,     0.7458       
# span 5 =  27.012415,  29.714956       
# span 6 =     4.4450,     8.9557       
# span 7 =     4.5719,     9.2702       
# span 8 =     0.0464,    19.7576       
# span 9 =    81.5337,    97.2321       
# span 10 = -4.269e-04, 2.9229e+00      
# span 11 =  -73.25012,  -73.25012      
# span 12 = -114.33382, -114.33380      
# span 13 =  55.479807,  55.490385      
# span 14 =      -9.59,     100.25      
# span 15 = 2.1155e+01, 3.0372e+01      
# span 16 =    205.296,   1119.248      
# span 17 =       4928,      26863      
# span 18 =  1027.1284,  1031.2070      
# span 19 =  1027.1302,  1031.2059      
# span 20 =     3.8685,     4.6125      
# span 21 =     0.0773,     2.7488      
# span 22 =     0.1165,     0.2273      
# span 23 =    33.7155,    34.6143      
# span 24 =    33.7169,    34.6127      
# span 25 =    7.87857,    8.36995      
# span 26 =          3,         46      
# span 27 = 0.0000e+00, 0.0000e+00      
# interval = decibars: 1                
# start_time = Feb 24 2022 11:27:30 [NMEA time, header]
# bad_flag = -9.990e-29
*END*
      2.000      1.986    -1.1634  27.106937    -1.1551  27.115926     8.9411     8.8932    12.1217    85.7674 2.9229e+00  -73.25012 -114.33382  55.479807      87.57 2.1155e+01    205.296       4928  1027.1284  1027.1302     4.0684     2.1084     0.1553    33.7163    33.7192    8.33500          8 0.0000e+00
      3.000      2.968    -1.1700  27.101581    -1.1708  27.102240     8.9377     8.8766    14.6242    84.8607 2.2578e+00  -73.25012 -114.33382  55.479883      98.26 2.1155e+01    211.913       5087  1027.1330  1027.1345     4.0267     1.8889     0.1851    33.7157    33.7175    8.33651         32 0.0000e+00
      4.000      3.960    -1.1715  27.100811    -1.1724  27.101276     8.9410     8.8789    11.4252    86.4181 1.7632e+00  -73.25012 -114.33382  55.479919      99.51 2.1155e+01    215.025       5162  1027.1378  1027.1392     4.0992     1.7681     0.1910    33.7157    33.7173    8.33684         39 0.0000e+00
      5.000      4.948    -1.1730  27.099863    -1.1734  27.100519     8.9320     8.8973    12.1738    86.2057 1.3849e+00  -73.25012 -114.33382  55.479950      99.46 2.1155e+01    217.690       5226  1027.1424  1027.1436     4.0897     1.4868     0.1796    33.7155    33.7169    8.33718         43 0.0000e+00
      6.000      5.938    -1.1693  27.103943    -1.1698  27.104425     8.9433     8.9472    11.5215    85.9486 1.1029e+00  -73.25012 -114.33382  55.479970      99.37 2.1155e+01    219.405       5267  1027.1477  1027.1487     4.0774     1.8586     0.1672    33.7162    33.7175    8.33631         41 0.0000e+00
      7.000      6.928    -1.1674  27.106410    -1.1681  27.106829     8.9437     9.0209    12.7141    86.8644 8.4761e-01  -73.25012 -114.33382  55.479993      99.40 2.1155e+01    221.411       5315  1027.1529  1027.1540     4.1210     1.8193     0.1875    33.7169    33.7182    8.33585         46 0.0000e+00
      8.000      7.917    -1.1641  27.110346    -1.1647  27.110774     8.9408     9.0920    12.0004    85.5029 6.7611e-01  -73.25012 -114.33382  55.480016      99.42 2.1155e+01    223.393       5362  1027.1584  1027.1594     4.0566     1.9324     0.1879    33.7179    33.7193    8.33506         37 0.0000e+00
      9.000      8.908    -1.1623  27.112944    -1.1615  27.114595     8.9522     9.1421    14.7197    86.0396 5.2662e-01  -73.25012 -114.33382  55.480037      99.47 2.1155e+01    225.237       5407  1027.1638  1027.1649     4.0817     2.1084     0.1716    33.7188    33.7203    8.33460         39 0.0000e+00
     10.000      9.897    -1.1616  27.113586    -1.1630  27.113629     8.9557     9.1896    13.7525    86.6098 4.1982e-01  -73.25012 -114.33382  55.480060      99.70 2.1155e+01    227.155       5453  1027.1682  1027.1696     4.1086     2.3983     0.1711    33.7183    33.7199    8.33448         45 0.0000e+00
     11.000     10.886    -1.1579  27.118736    -1.1594  27.117784     8.9515     9.2329    12.8409    85.9274 3.2628e-01  -73.25012 -114.33382  55.480082      99.44 2.1155e+01    229.103       5499  1027.1746  1027.1750     4.0766     2.0039     0.1910    33.7205    33.7210    8.33352         45 0.0000e+00
     12.000     11.876    -1.1536  27.123760    -1.1544  27.124078     8.9422     9.2550    13.8824    85.8679 2.5040e-01  -73.25012 -114.33382  55.480105      99.81 2.1155e+01    231.043       5546  1027.1804  1027.1815     4.0737     2.6288     0.2076    33.7220    33.7233    8.33248         43 0.0000e+00
     13.000     12.866    -1.1579  27.120570    -1.1581  27.121457     8.9347     9.2533    14.5881    86.0298 1.9458e-01  -73.25012 -114.33382  55.480127      99.69 2.1155e+01    232.935       5591  1027.1854  1027.1865     4.0814     2.3840     0.2110    33.7219    33.7233    8.33345         44 0.0000e+00
     14.000     13.855    -1.1589  27.120437    -1.1593  27.120951     8.9104     9.2400    15.6209    85.5528 1.4526e-01  -73.25012 -114.33382  55.480149      99.66 2.1155e+01    234.877       5638  1027.1905  1027.1914     4.0586     2.2810     0.1800    33.7221    33.7233    8.33364         42 0.0000e+00
     15.000     14.842    -1.1643  27.116630    -1.1657  27.116483     8.9001     9.2223    16.2166    84.8093 1.0892e-01  -73.25012 -114.33382  55.480172      99.54 2.1155e+01    236.852       5685  1027.1959  1027.1970     4.0235     2.5101     0.1821    33.7224    33.7238    8.33484         39 0.0000e+00
     16.000     15.837    -1.1664  27.115511    -1.1680  27.114922     8.9269     9.2478    16.6345    84.9834 7.9317e-02  -73.25012 -114.33382  55.480194      99.61 2.1155e+01    238.797       5732  1027.2009  1027.2019     4.0317     2.3170     0.1889    33.7226    33.7236    8.33529         40 0.0000e+00
     17.000     16.824    -1.1609  27.119678    -1.1628  27.119072     8.9409     9.2613    16.4466    84.9876 5.4501e-02  -73.25012 -114.33382  55.480217      99.72 2.1155e+01    240.788       5780  1027.2045  1027.2056     4.0319     2.5011     0.1938    33.7215    33.7228    8.33413         43 0.0000e+00
     18.000     17.814    -1.1611  27.119710    -1.1607  27.121098     8.9273     9.2670    14.6664    85.4883 3.5183e-02  -73.25012 -114.33380  55.480240      99.83 2.1155e+01    242.723       5826  1027.2091  1027.2101     4.0561     2.7488     0.1748    33.7212    33.7226    8.33421         38 0.0000e+00
     19.000     18.804    -1.1608  27.120569    -1.1605  27.121406     8.9351     9.2702    15.2723    85.2393 1.9468e-02  -73.25012 -114.33380  55.480262      99.82 2.1155e+01    244.598       5871  1027.2140  1027.2146     4.0439     2.5369     0.2005    33.7213    33.7222    8.33412         40 0.0000e+00
     20.000     19.793    -1.1596  27.121732    -1.1610  27.121542     8.9268     9.2651    17.0843    84.3716 6.5698e-03  -73.25012 -114.33380  55.480284      99.64 2.1155e+01    246.533       5918  1027.2184  1027.2196     4.0032     2.3291     0.1882    33.7209    33.7223    8.33387         42 0.0000e+00
     21.000     20.783    -1.1627  27.119823    -1.1634  27.120119     8.8973     9.2409    14.4565    85.0594 -4.269e-04  -73.25012 -114.33380  55.480306      99.51 2.1155e+01    248.425       5963  1027.2236  1027.2246     4.0355     2.1847     0.1658    33.7212    33.7224    8.33455         35 0.0000e+00
     22.000     21.772    -1.1708  27.114662    -1.1713  27.115176     8.8464     9.2071    13.8764    84.6439 9.1121e-07  -73.25012 -114.33382  55.480329      99.45 2.1155e+01    250.417       6011  1027.2301  1027.2311     4.0157     2.4205     0.1926    33.7226    33.7239    8.33627         46 0.0000e+00
     23.000     22.761    -1.1777  27.110640    -1.1780  27.111161     8.8331     9.1942    15.2354    85.0875 1.0000e-12  -73.25012 -114.33382  55.480352      99.62 2.1155e+01    252.374       6058  1027.2366  1027.2375     4.0367     2.3081     0.1643    33.7243    33.7254    8.33772         38 0.0000e+00
     24.000     23.751    -1.1792  27.110257    -1.1795  27.110630     8.8300     9.1919    15.3419    85.2240 1.0000e-12  -73.25012 -114.33382  55.480373      99.80 2.1155e+01    254.243       6103  1027.2418  1027.2425     4.0432     2.7047     0.1799    33.7248    33.7257    8.33801         37 0.0000e+00
     25.000     24.741    -1.1810  27.109400    -1.1814  27.109873     8.8252     9.1810    18.4289    84.8040 1.0000e-12  -73.25012 -114.33382  55.480394      99.66 2.1155e+01    256.009       6145  1027.2469  1027.2478     4.0231     2.3455     0.1889    33.7251    33.7262    8.33841         41 0.0000e+00
     26.000     25.730    -1.1867  27.106077    -1.1869  27.106756     8.8286     9.1719    16.1648    84.5277 1.0000e-12  -73.25012 -114.33382  55.480415      99.62 2.1205e+01    257.877       6190  1027.2530  1027.2539     4.0101     2.3303     0.2124    33.7263    33.7275    8.33960         37 0.0000e+00
     27.000     26.720    -1.1910  27.103882    -1.1913  27.104383     8.8186     9.1750    18.4347    85.1606 1.0000e-12  -73.25012 -114.33382  55.480437      99.82 2.2347e+01    259.794       6236  1027.2589  1027.2598     4.0400     2.6779     0.2158    33.7276    33.7286    8.34049         41 0.0000e+00
     28.000     27.709    -1.1945  27.102328    -1.1948  27.102778     8.8130     9.1726    14.8576    84.6298 1.0000e-12  -73.25012 -114.33382  55.480459      99.68 2.1603e+01    261.632       6280  1027.2648  1027.2656     4.0150     2.5160     0.2024    33.7287    33.7297    8.34120         43 0.0000e+00
     29.000     28.700    -1.1972  27.101136    -1.1974  27.101650     8.7980     9.1644    14.4070    84.2023 1.0000e-12  -73.25012 -114.33382  55.480482      99.67 2.1167e+01    263.604       6328  1027.2703  1027.2711     3.9944     2.4740     0.1886    33.7295    33.7305    8.34176         43 0.0000e+00
     30.000     29.688    -1.2066  27.095488    -1.2070  27.096210     8.7592     9.1190    13.4287    84.2190 1.0000e-12  -73.25012 -114.33382  55.480505      99.47 2.1155e+01    265.646       6376  1027.2774  1027.2786     3.9955     2.0502     0.1922    33.7317    33.7332    8.34371         43 0.0000e+00
     31.000     30.679    -1.2298  27.079442    -1.2307  27.080263     8.7002     9.0549    15.3761    84.7763 1.0000e-12  -73.25012 -114.33382  55.480526      99.64 2.1702e+01    267.473       6420  1027.2863  1027.2882     4.0218     2.2797     0.1860    33.7352    33.7375    8.34869         42 0.0000e+00
     32.000     31.668    -1.2637  27.056148    -1.2653  27.056901     8.6293     8.9951    15.4250    82.4336 1.0000e-12  -73.25012 -114.33382  55.480546      99.73 2.1804e+01    269.183       6461  1027.2975  1027.3000     3.9108     2.4521     0.1813    33.7409    33.7438    8.35594         38 0.0000e+00
     33.000     32.658    -1.3039  27.028425    -1.3050  27.029102     8.5900     8.9568    13.6711    84.1945 1.0000e-12  -73.25012 -114.33382  55.480564      99.66 2.1912e+01    270.732       6499  1027.3099  1027.3117     3.9943     2.3697     0.1961    33.7476    33.7498    8.36455         35 0.0000e+00
     34.000     33.646    -1.3224  27.015601    -1.3232  27.016189     8.5805     8.9427    13.9395    84.3610 1.0000e-12  -73.25012 -114.33382  55.480580      99.40 2.1528e+01    272.127       6532  1027.3174  1027.3189     4.0021     2.0009     0.1822    33.7502    33.7520    8.36853         33 0.0000e+00
     35.000     34.637    -1.3289  27.011822    -1.3294  27.012415     8.5733     8.9357    16.2753    84.1382 1.0000e-12  -73.25012 -114.33382  55.480597      99.46 2.1644e+01    273.612       6568  1027.3234  1027.3245     3.9918     2.0024     0.1720    33.7518    33.7531    8.36991         36 0.0000e+00
     36.000     35.626    -1.3295  27.012913    -1.3299  27.013392     8.5633     8.9193    19.7576    83.9205 1.0000e-12  -73.25012 -114.33382  55.480615      95.92 2.1857e+01    275.143       6604  1027.3291  1027.3300     3.9813     2.0803     0.1891    33.7533    33.7544    8.36995         33 0.0000e+00
     37.000     36.616    -1.3278  27.016082    -1.3284  27.016655     8.5586     8.9126    16.0814    84.3404 1.0000e-12  -73.25012 -114.33382  55.480631      99.44 2.1849e+01    276.530       6638  1027.3349  1027.3361     4.0012     1.9650     0.1886    33.7551    33.7566    8.36945         33 0.0000e+00
     38.000     37.605    -1.3255  27.019442    -1.3260  27.019939     8.5510     8.9046    14.0627    83.9967 1.0000e-12  -73.25012 -114.33382  55.480648      99.40 2.1670e+01    277.967       6672  1027.3405  1027.3415     3.9850     1.9445     0.2000    33.7565    33.7577    8.36886         34 0.0000e+00
     39.000     38.594    -1.3237  27.022068    -1.3241  27.022620     8.5458     8.8946    15.1177    84.5796 1.0000e-12  -73.25012 -114.33382  55.480665      99.41 2.1763e+01    279.488       6709  1027.3458  1027.3468     4.0126     1.9880     0.1954    33.7575    33.7587    8.36840         32 0.0000e+00
     40.000     39.584    -1.3218  27.024808    -1.3221  27.025402     8.5533     8.8911    14.1205    83.8056 1.0000e-12  -73.25012 -114.33382  55.480683      99.56 2.1792e+01    281.001       6745  1027.3511  1027.3521     3.9759     2.2262     0.2080    33.7585    33.7597    8.36792         36 0.0000e+00
     41.000     40.573    -1.3223  27.024977    -1.3229  27.025627     8.5516     8.8893    14.8721    83.5955 1.0000e-12  -73.25012 -114.33382  55.480700      99.52 2.1761e+01    282.442       6780  1027.3560  1027.3573     3.9660     2.1256     0.2020    33.7587    33.7602    8.36802         32 0.0000e+00
     42.000     41.563    -1.3223  27.025591    -1.3229  27.026104     8.5496     8.8928    16.7684    83.5205 1.0000e-12  -73.25012 -114.33382  55.480716      99.60 2.2084e+01    283.836       6813  1027.3609  1027.3621     3.9618     2.1540     0.1955    33.7589    33.7603    8.36800         34 0.0000e+00
     43.000     42.553    -1.3214  27.027306    -1.3219  27.027745     8.5371     8.8857    14.5260    83.0986 1.0000e-12  -73.25012 -114.33382  55.480733      99.66 2.2281e+01    285.316       6849  1027.3661  1027.3672     3.9429     2.3494     0.1899    33.7595    33.7608    8.36775         36 0.0000e+00
     44.000     43.542    -1.3196  27.029854    -1.3201  27.030379     8.5200     8.8695    15.2978    83.9592 1.0000e-12  -73.25012 -114.33382  55.480750      99.58 2.2085e+01    286.809       6884  1027.3714  1027.3725     3.9832     2.1575     0.1937    33.7604    33.7617    8.36730         36 0.0000e+00
     45.000     44.531    -1.3199  27.030793    -1.3205  27.031280     8.5202     8.8606    14.2499    83.9264 1.0000e-12  -73.25012 -114.33382  55.480767      98.30 2.1911e+01    288.288       6920  1027.3771  1027.3782     3.9816     2.0931     0.1813    33.7614    33.7628    8.36731         35 0.0000e+00
     46.000     45.522    -1.3228  27.029056    -1.3231  27.029805     8.5171     8.8602    16.2899    83.8026 1.0000e-12  -73.25012 -114.33382  55.480784      97.37 2.2458e+01    289.769       6955  1027.3823  1027.3833     3.9758     1.9486     0.1945    33.7617    33.7630    8.36796         34 0.0000e+00
     47.000     46.510    -1.3229  27.029869    -1.3232  27.030527     8.5131     8.8638    14.6430    83.5731 1.0000e-12  -73.25012 -114.33382  55.480801      99.51 2.2414e+01    291.232       6991  1027.3875  1027.3885     3.9648     2.1883     0.2273    33.7623    33.7635    8.36793         35 0.0000e+00
     48.000     47.500    -1.3248  27.028752    -1.3251  27.029498     8.5056     8.8585    14.7331    82.7715 1.0000e-12  -73.25012 -114.33382  55.480818      99.73 2.2364e+01    292.679       7025  1027.3924  1027.3935     3.9268     2.5238     0.1879    33.7623    33.7637    8.36836         35 0.0000e+00
     49.000     48.489    -1.3249  27.029262    -1.3254  27.029646     8.4987     8.8475    14.0708    82.4773 1.0000e-12  -73.25012 -114.33382  55.480835      99.73 2.2703e+01    294.142       7060  1027.3973  1027.3982     3.9129     2.4876     0.1968    33.7625    33.7636    8.36837         33 0.0000e+00
     50.000     49.479    -1.3236  27.031364    -1.3240  27.031799     8.4941     8.8281    15.9802    83.5252 1.0000e-12  -73.25012 -114.33382  55.480853      99.51 2.2664e+01    295.661       7097  1027.4026  1027.4036     3.9632     1.9068     0.1994    33.7632    33.7644    8.36803         35 0.0000e+00
     51.000     50.468    -1.3223  27.033495    -1.3228  27.033825     8.4975     8.8274    12.5289    84.2229 1.0000e-12  -73.25012 -114.33382  55.480869      99.46 2.2328e+01    297.048       7130  1027.4080  1027.4089     3.9951     2.1220     0.2040    33.7641    33.7651    8.36770         33 0.0000e+00
     52.000     51.457    -1.3217  27.034555    -1.3221  27.035078     8.4872     8.8217    14.1303    83.0039 1.0000e-12  -73.25012 -114.33382  55.480885      99.52 2.2661e+01    298.440       7164  1027.4129  1027.4139     3.9379     2.1730     0.2051    33.7642    33.7654    8.36755         35 0.0000e+00
