ocean_section_plots/required_files/ctd/dnbp2202_ctd255.cnv
* Sea-Bird SBE 9 Data File:
* FileName = D:\Data\raw\NBP2202_CTD255.hex
* Software Version Seasave V 7.26.7.121
* Temperature SN = 1649
* Conductivity SN = 2513
* Number of Bytes Per Scan = 40
* Number of Voltage Words = 5
* Number of Scans Averaged by the Deck Unit = 1
* NMEA Latitude = 74 02.54 S
* NMEA Longitude = 117 41.66 W
* NMEA UTC (Time) = Feb 15 2022  19:39:06
* NMEA baud rate = 9600
** Ship: RVIB N.B. Palmer
** Cruise: NBP2202 Thwaites
** Station: 163
** Operator: A. Robinson
# nquan = 28
# nvalues = 729                         
# units = specified
# name 0 = prDM: Pressure, Digiquartz [db]
# name 1 = depSM: Depth [salt water, m]
# name 2 = t090C: Temperature [ITS-90, deg C]
# name 3 = c0mS/cm: Conductivity [mS/cm]
# name 4 = t190C: Temperature, 2 [ITS-90, deg C]
# name 5 = c1mS/cm: Conductivity, 2 [mS/cm]
# name 6 = sbeox0ML/L: Oxygen, SBE 43 [ml/l]
# name 7 = sbeox1ML/L: Oxygen, SBE 43, 2 [ml/l]
# name 8 = flECO-AFL: Fluorescence, WET Labs ECO-AFL/FL [mg/m^3]
# name 9 = CStarTr0: Beam Transmission, WET Labs C-Star [%]
# name 10 = par: PAR/Irradiance, Biospherical/Licor
# name 11 = latitude: Latitude [deg]
# name 12 = longitude: Longitude [deg]
# name 13 = timeJ: Julian Days
# name 14 = altM: Altimeter [m]
# name 15 = spar: SPAR, Biospherical/Licor
# name 16 = timeS: Time, Elapsed [seconds]
# name 17 = scan: Scan Count
# name 18 = density00: Density [density, kg/m^3]
# name 19 = density11: Density, 2 [density, kg/m^3]
# name 20 = v3: Voltage 3
# name 21 = v4: Voltage 4
# name 22 = v5: Voltage 5
# name 23 = sal00: Salinity, Practical [PSU]
# name 24 = sal11: Salinity, Practical, 2 [PSU]
# name 25 = oxsolML/L: Oxygen Saturation, Garcia & Gordon [ml/l]
# name 26 = nbin: number of scans per bin
# name 27 = flag: flag
# span 0 =      2.000,    730.000       
# span 1 =      1.977,    721.174       
# span 2 =    -1.7598,     0.6159       
# span 3 =  27.032825,  29.558431       
# span 4 =    -1.7587,     0.6191       
# span 5 =  27.032548,  29.559394       
# span 6 =     4.6348,     9.0115       
# span 7 =     4.7469,     9.2924       
# span 8 =     0.0545,    12.4199       
# span 9 =    83.6422,    96.1954       
# span 10 = 1.0000e-12, 4.1559e+02      
# span 11 =  -74.04240,  -74.04238      
# span 12 = -117.69440, -117.69436      
# span 13 =  46.821832,  46.832147      
# span 14 =       2.64,      99.99      
# span 15 = 8.7815e+02, 8.8960e+02      
# span 16 =    260.303,   1151.496      
# span 17 =       6248,      27637      
# span 18 =  1027.1785,  1031.1533      
# span 19 =  1027.1771,  1031.1511      
# span 20 =     3.9681,     4.5634      
# span 21 =     0.0743,     1.9417      
# span 22 =     0.1151,     0.2047      
# span 23 =    33.8231,    34.5573      
# span 24 =    33.8214,    34.5544      
# span 25 =    7.90768,    8.44586      
# span 26 =         20,         47      
# span 27 = 0.0000e+00, 0.0000e+00      
# interval = decibars: 1                
# start_time = Feb 15 2022 19:39:06 [NMEA time, header]
# bad_flag = -9.990e-29
*END*
[from data line 518]
    520.000    513.976    -0.8184  28.035585    -0.8167  28.034823     5.4998     5.6300     0.4236    94.8934 1.0000e-12  -74.04238 -117.69438  46.829106      85.27 8.8571e+02    888.769      21331  1030.0351  1030.0326     4.5016     0.0992     0.1249    34.2722    34.2692    8.22637         25 0.0000e+00
    521.000    514.964    -0.8150  28.039423    -0.8137  28.038284     5.4916     5.6254     0.3289    95.3472 1.0000e-12  -74.04238 -117.69438  46.829118      97.78 8.8400e+02    889.821      21357  1030.0402  1030.0376     4.5232     0.0993     0.1236    34.2730    34.2699    8.22559         26 0.0000e+00
    522.000    515.949    -0.8112  28.043746    -0.8097  28.042674     5.4807     5.6239     0.3816    95.4574 1.0000e-12  -74.04238 -117.69438  46.829131      99.94 8.8362e+02    890.884      21382  1030.0453  1030.0427     4.5284     0.1034     0.1203    34.2738    34.2707    8.22469         25 0.0000e+00
    523.000    516.938    -0.8045  28.050948    -0.8027  28.050118     5.4728     5.6119     0.1746    95.3971 1.0000e-12  -74.04238 -117.69438  46.829142      99.91 8.8534e+02    891.897      21407  1030.0508  1030.0482     4.5256     0.1152     0.1258    34.2754    34.2723    8.22314         24 0.0000e+00
    524.000    517.924    -0.7991  28.056819    -0.7969  28.056472     5.4729     5.6052     0.2579    95.5018 1.0000e-12  -74.04238 -117.69438  46.829154      99.92 8.8401e+02    892.897      21431  1030.0561  1030.0536     4.5305     0.1124     0.1252    34.2766    34.2736    8.22189         25 0.0000e+00
    525.000    518.914    -0.7886  28.067851    -0.7857  28.067891     5.4477     5.5916     0.5397    95.3312 1.0000e-12  -74.04238 -117.69438  46.829166      99.92 8.8328e+02    893.934      21455  1030.0620  1030.0593     4.5224     0.1077     0.1234    34.2791    34.2759    8.21947         24 0.0000e+00
    526.000    519.898    -0.7639  28.092402    -0.7588  28.094623     5.4361     5.5798     0.2820    95.4561 1.0000e-12  -74.04238 -117.69438  46.829178      99.92 8.8562e+02    894.964      21480  1030.0686  1030.0659     4.5283     0.1150     0.1229    34.2837    34.2809    8.21383         25 0.0000e+00
    527.000    520.887    -0.7471  28.108665    -0.7451  28.107919     5.4337     5.5682     0.1686    95.3306 1.0000e-12  -74.04238 -117.69438  46.829190      99.91 8.8511e+02    895.993      21505  1030.0739  1030.0712     4.5224     0.1086     0.1239    34.2860    34.2827    8.21003         25 0.0000e+00
    528.000    521.873    -0.7381  28.117499    -0.7355  28.117406     5.4226     5.5569     0.2331    95.2264 1.0000e-12  -74.04238 -117.69438  46.829202      99.92 8.8341e+02    897.045      21530  1030.0790  1030.0764     4.5175     0.1374     0.1228    34.2871    34.2841    8.20801         25 0.0000e+00
    529.000    522.861    -0.7349  28.121089    -0.7333  28.120040     5.4234     5.5547     0.3245    95.3190 1.0000e-12  -74.04238 -117.69438  46.829214      99.91 8.8531e+02    898.078      21555  1030.0842  1030.0816     4.5218     0.1033     0.1224    34.2878    34.2846    8.20728         25 0.0000e+00
    530.000    523.849    -0.7321  28.124213    -0.7300  28.123758     5.4267     5.5572     0.2812    95.4901 1.0000e-12  -74.04238 -117.69438  46.829226      99.92 8.8553e+02    899.105      21580  1030.0892  1030.0868     4.5299     0.1056     0.1270    34.2882    34.2852    8.20664         25 0.0000e+00
    531.000    524.834    -0.7280  28.128649    -0.7254  28.128576     5.4160     5.5610     0.2673    95.3863 1.0000e-12  -74.04238 -117.69438  46.829238      94.94 8.8385e+02    900.158      21605  1030.0945  1030.0919     4.5251     0.1172     0.1253    34.2889    34.2860    8.20571         25 0.0000e+00
    532.000    525.821    -0.7221  28.134759    -0.7202  28.134195     5.4154     5.5537     0.2378    95.3518 1.0000e-12  -74.04238 -117.69438  46.829250      81.29 8.8527e+02    901.195      21630  1030.0996  1030.0972     4.5234     0.1076     0.1234    34.2899    34.2870    8.20438         24 0.0000e+00
    533.000    526.809    -0.7181  28.138828    -0.7162  28.138171     5.4206     5.5471     0.1932    95.4323 1.0000e-12  -74.04238 -117.69438  46.829262      87.68 8.8546e+02    902.203      21654  1030.1045  1030.1019     4.5272     0.1037     0.1258    34.2903    34.2872    8.20349         25 0.0000e+00
    534.000    527.794    -0.7176  28.139818    -0.7155  28.139348     5.4193     5.5487     0.2002    95.4175 1.0000e-12  -74.04238 -117.69438  46.829274      99.71 8.8338e+02    903.232      21679  1030.1095  1030.1070     4.5265     0.1201     0.1263    34.2905    34.2875    8.20337         25 0.0000e+00
    535.000    528.785    -0.7184  28.139369    -0.7159  28.139343     5.4209     5.5450     0.2005    95.3494 1.0000e-12  -74.04238 -117.69438  46.829285      99.91 8.8510e+02    904.262      21703  1030.1142  1030.1118     4.5233     0.1007     0.1228    34.2901    34.2873    8.20355         24 0.0000e+00
    536.000    529.769    -0.7190  28.139260    -0.7177  28.138186     5.4156     5.5388     0.2255    95.3317 1.0000e-12  -74.04238 -117.69438  46.829297      99.92 8.8673e+02    905.270      21727  1030.1190  1030.1166     4.5224     0.1030     0.1222    34.2901    34.2872    8.20369         24 0.0000e+00
    537.000    530.759    -0.7227  28.136938    -0.7205  28.136649     5.4066     5.5342     0.2592    95.3770 1.0000e-12  -74.04238 -117.69438  46.829309      99.91 8.8420e+02    906.324      21753  1030.1245  1030.1221     4.5246     0.1045     0.1247    34.2905    34.2876    8.20446         26 0.0000e+00
    538.000    531.743    -0.7165  28.143307    -0.7143  28.142754     5.3971     5.5299     0.3446    95.1215 1.0000e-12  -74.04238 -117.69438  46.829322      99.92 8.8540e+02    907.380      21778  1030.1296  1030.1269     4.5125     0.1175     0.1251    34.2915    34.2883    8.20306         25 0.0000e+00
    539.000    532.732    -0.7132  28.146839    -0.7109  28.146596     5.3896     5.5276     0.4433    95.2938 1.0000e-12  -74.04238 -117.69438  46.829333      99.92 8.8570e+02    908.394      21802  1030.1345  1030.1320     4.5205     0.1255     0.1266    34.2919    34.2890    8.20232         24 0.0000e+00
    540.000    533.719    -0.7099  28.150859    -0.7082  28.149934     5.3667     5.5164     0.3120    95.1343 1.0000e-12  -74.04238 -117.69438  46.829345      99.91 8.8348e+02    909.402      21827  1030.1399  1030.1372     4.5132     0.1302     0.1278    34.2931    34.2898    8.20155         24 0.0000e+00
    541.000    534.706    -0.6888  28.171987    -0.6869  28.170916     5.3319     5.4734     0.3273    95.3177 1.0000e-12  -74.04238 -117.69438  46.829357      99.92 8.8521e+02    910.407      21851  1030.1461  1030.1431     4.5217     0.1103     0.1257    34.2970    34.2934    8.19673         24 0.0000e+00
    542.000    535.692    -0.6488  28.210403    -0.6510  28.205368     5.2841     5.4273     0.3954    95.4048 1.0000e-12  -74.04238 -117.69438  46.829368      99.92 8.8657e+02    911.385      21874  1030.1524  1030.1493     4.5259     0.1138     0.1227    34.3029    34.2987    8.18772         24 0.0000e+00
    543.000    536.680    -0.5958  28.262248    -0.5902  28.263735     5.2452     5.3866     0.6569    95.3844 1.0000e-12  -74.04238 -117.69438  46.829380      99.92 8.8484e+02    912.412      21899  1030.1603  1030.1563     4.5249     0.1161     0.1225    34.3123    34.3079    8.17575         25 0.0000e+00
    544.000    537.667    -0.5474  28.307869    -0.5454  28.306290     5.2217     5.3667     0.2230    95.2192 1.0000e-12  -74.04238 -117.69438  46.829392      72.06 8.8490e+02    913.502      21925  1030.1662  1030.1625     4.5172     0.1181     0.1225    34.3183    34.3139    8.16496         27 0.0000e+00
    545.000    538.654    -0.5278  28.327053    -0.5262  28.325434     5.2098     5.3565     0.5839    95.3522 1.0000e-12  -74.04238 -117.69438  46.829405      81.06 8.8635e+02    914.555      21950  1030.1722  1030.1689     4.5234     0.1154     0.1266    34.3213    34.3173    8.16056         24 0.0000e+00
    546.000    539.640    -0.5153  28.338747    -0.5113  28.339603     5.2155     5.3493     0.5734    95.2755 1.0000e-12  -74.04238 -117.69438  46.829416      93.43 8.8491e+02    915.579      21975  1030.1771  1030.1742     4.5198     0.1020     0.1204    34.3222    34.3189    8.15781         25 0.0000e+00
    547.000    540.629    -0.5123  28.342165    -0.5093  28.342167     5.2211     5.3463     0.5946    95.3922 1.0000e-12  -74.04238 -117.69438  46.829428      99.92 8.8482e+02    916.585      21999  1030.1825  1030.1797     4.5253     0.1133     0.1242    34.3228    34.3195    8.15713         23 0.0000e+00
    548.000    541.616    -0.5025  28.351933    -0.4999  28.351605     5.2122     5.3419     0.3176    95.4461 1.0000e-12  -74.04238 -117.69438  46.829440      99.92 8.8609e+02    917.575      22023  1030.1881  1030.1852     4.5278     0.1104     0.1259    34.3243    34.3209    8.15494         24 0.0000e+00
    549.000    542.602    -0.4982  28.356354    -0.4959  28.355722     5.2094     5.3441     0.1787    95.1612 1.0000e-12  -74.04238 -117.69438  46.829452      99.92 8.8524e+02    918.609      22048  1030.1932  1030.1903     4.5144     0.1058     0.1253    34.3247    34.3213    8.15399         26 0.0000e+00
    550.000    543.589    -0.4889  28.365944    -0.4862  28.365496     5.2097     5.3457     0.1463    95.2486 1.0000e-12  -74.04238 -117.69438  46.829464      99.92 8.8476e+02    919.669      22073  1030.1989  1030.1959     4.5185     0.0958     0.1246    34.3265    34.3229    8.15189         25 0.0000e+00
    551.000    544.576    -0.4821  28.372644    -0.4795  28.372378     5.2122     5.3402     0.1966    95.5481 1.0000e-12  -74.04238 -117.69438  46.829476      99.91 8.8637e+02    920.690      22098  1030.2040  1030.2012     4.5327     0.1115     0.1675    34.3273    34.3240    8.15039         24 0.0000e+00
    552.000    545.563    -0.4759  28.379236    -0.4728  28.379344     5.2128     5.3378     0.2542    95.3188 1.0000e-12  -74.04238 -117.69438  46.829487      99.92 8.8541e+02    921.687      22121  1030.2096  1030.2067     4.5219     0.1239     0.1253    34.3286    34.3252    8.14900         24 0.0000e+00
    553.000    546.550    -0.4580  28.397337    -0.4544  28.397587     5.1971     5.3311     0.2449    95.5106 1.0000e-12  -74.04238 -117.69438  46.829499      99.91 8.8462e+02    922.701      22146  1030.2158  1030.2125     4.5309     0.1145     0.1232    34.3320    34.3283    8.14496         25 0.0000e+00
    554.000    547.538    -0.4432  28.411313    -0.4350  28.416472     5.1941     5.3155     0.2202    95.4373 1.0000e-12  -74.04238 -117.69438  46.829510      99.91 8.8573e+02    923.701      22170  1030.2206  1030.2181     4.5275     0.1037     0.1218    34.3334    34.3310    8.14169         23 0.0000e+00
    555.000    548.523    -0.4338  28.420405    -0.4354  28.416675     5.1833     5.3068     0.1796    95.4639 1.0000e-12  -74.04238 -117.69438  46.829522      99.91 8.8555e+02    924.698      22194  1030.2257  1030.2234     4.5287     0.1320     0.1305    34.3344    34.3312    8.13962         24 0.0000e+00
    556.000    549.512    -0.4426  28.413438    -0.4407  28.412762     5.1779     5.3055     0.1814    95.5838 1.0000e-12  -74.04238 -117.69438  46.829534      99.92 8.8476e+02    925.732      22219  1030.2315  1030.2289     4.5344     0.0995     0.1240    34.3344    34.3313    8.14151         26 0.0000e+00
    557.000    550.498    -0.4438  28.413112    -0.4406  28.413380     5.1830     5.3053     0.4981    95.5394 1.0000e-12  -74.04238 -117.69438  46.829546      74.96 8.8605e+02    926.754      22243  1030.2369  1030.2341     4.5323     0.0901     0.1212    34.3347    34.3315    8.14175         24 0.0000e+00
    558.000    551.487    -0.4369  28.420011    -0.4350  28.418940     5.1752     5.3024     0.3494    95.6308 1.0000e-12  -74.04238 -117.69438  46.829557      85.62 8.8607e+02    927.769      22267  1030.2419  1030.2390     4.5365     0.0937     0.1227    34.3356    34.3320    8.14022         24 0.0000e+00
    559.000    552.471    -0.4294  28.427683    -0.4267  28.427514     5.1536     5.2943     0.1457    95.5016 1.0000e-12  -74.04238 -117.69438  46.829570      97.85 8.8502e+02    928.809      22292  1030.2472  1030.2444     4.5305     0.1253     0.1233    34.3368    34.3335    8.13855         25 0.0000e+00
    560.000    553.459    -0.4182  28.439590    -0.4147  28.440017     5.1623     5.2929     0.2837    95.5767 1.0000e-12  -74.04238 -117.69438  46.829581      99.90 8.8602e+02    929.830      22317  1030.2533  1030.2503     4.5341     0.0960     0.1210    34.3395    34.3361    8.13599         25 0.0000e+00
    561.000    554.448    -0.4119  28.445928    -0.4104  28.444682     5.1657     5.2890     0.1982    95.6047 1.0000e-12  -74.04238 -117.69438  46.829593      99.91 8.8600e+02    930.834      22341  1030.2583  1030.2556     4.5354     0.0924     0.1251    34.3403    34.3370    8.13460         24 0.0000e+00
    562.000    555.434    -0.4078  28.451127    -0.4109  28.445354     5.1622     5.2823     0.1720    95.6537 1.0000e-12  -74.04238 -117.69438  46.829605      99.92 8.8541e+02    931.857      22366  1030.2642  1030.2612     4.5377     0.0894     0.1237    34.3420    34.3378    8.13361         24 0.0000e+00
    563.000    556.420    -0.4050  28.454223    -0.4053  28.451334     5.1644     5.2813     0.1445    95.6535 1.0000e-12  -74.04238 -117.69438  46.829617      99.92 8.8600e+02    932.868      22390  1030.2691  1030.2664     4.5377     0.0941     0.1218    34.3423    34.3388    8.13299         24 0.0000e+00
    564.000    557.407    -0.3929  28.466637    -0.3928  28.463804     5.1566     5.2781     0.3140    95.5706 1.0000e-12  -74.04238 -117.69438  46.829628      99.92 8.8672e+02    933.864      22414  1030.2749  1030.2718     4.5338     0.0910     0.1210    34.3447    34.3408    8.13027         25 0.0000e+00
    565.000    558.395    -0.3880  28.471651    -0.3856  28.471214     5.1545     5.2783     0.3140    95.6818 1.0000e-12  -74.04238 -117.69438  46.829640      99.92 8.8476e+02    934.889      22438  1030.2799  1030.2770     4.5390     0.0891     0.1222    34.3453    34.3420    8.12919         24 0.0000e+00
    566.000    559.380    -0.3870  28.472914    -0.3844  28.472850     5.1524     5.2798     0.1921    95.7075 1.0000e-12  -74.04238 -117.69438  46.829652      99.91 8.8572e+02    935.909      22463  1030.2847  1030.2821     4.5403     0.1010     0.1249    34.3453    34.3423    8.12898         24 0.0000e+00
    567.000    560.369    -0.3869  28.473404    -0.3850  28.472710     5.1453     5.2843     0.2239    95.6590 1.0000e-12  -74.04238 -117.69438  46.829663      99.92 8.8659e+02    936.887      22486  1030.2895  1030.2869     4.5379     0.0920     0.1218    34.3453    34.3422    8.12896         23 0.0000e+00
    568.000    561.355    -0.3895  28.471688    -0.3874  28.471193     5.1473     5.2735     0.2200    95.6020 1.0000e-12  -74.04238 -117.69437  46.829674      99.92 8.8540e+02    937.870      22510  1030.2946  1030.2920     4.5352     0.0924     0.1222    34.3453    34.3422    8.12951         25 0.0000e+00
    569.000    562.342    -0.3885  28.473243    -0.3866  28.472492     5.1473     5.2721     0.1432    95.5249 1.0000e-12  -74.04238 -117.69437  46.829686      99.92 8.8563e+02    938.894      22534  1030.2998  1030.2970     4.5316     0.0959     0.1220    34.3457    34.3425    8.12929         24 0.0000e+00
    570.000    563.329    -0.3878  28.474580    -0.3854  28.474365     5.1530     5.2770     0.1112    95.7131 1.0000e-12  -74.04238 -117.69437  46.829698      86.33 8.8617e+02    939.918      22559  1030.3048  1030.3022     4.5405     0.1219     0.1296    34.3461    34.3430    8.12911         25 0.0000e+00
