ocean_section_plots/required_files/ctd/dnbp2202_ctd190.cnv
* Sea-Bird SBE 9 Data File:
* FileName = D:\Data\raw\NBP2202_CTD190.hex
* Software Version Seasave V 7.26.7.121
* Temperature SN = 1649
* Conductivity SN = 2513
* Number of Bytes Per Scan = 40
* Number of Voltage Words = 5
* Number of Scans Averaged by the Deck Unit = 1
* NMEA Latitude = 74 10.23 S
* NMEA Longitude = 113 17.96 W
* NMEA UTC (Time) = Feb 07 2022  09:49:35
* NMEA baud rate = 9600
** Ship: RVIB N.B. Palmer
** Cruise: NBP2202 Thwaites
** Station: 111
** Operator: B Bjork
# nquan = 28
# nvalues = 696                         
# units = specified
# name 0 = prDM: Pressure, Digiquartz [db]
# name 1 = depSM: Depth [salt water, m]
# name 2 = t090C: Temperature [ITS-90, deg C]
# name 3 = c0mS/cm: Conductivity [mS/cm]
# name 4 = t190C: Temperature, 2 [ITS-90, deg C]
# name 5 = c1mS/cm: Conductivity, 2 [mS/cm]
# name 6 = sbeox0ML/L: Oxygen, SBE 43 [ml/l]
# name 7 = sbeox1ML/L: Oxygen, SBE 43, 2 [ml/l]
# name 8 = flECO-AFL: Fluorescence, WET Labs ECO-AFL/FL [mg/m^3]
# name 9 = CStarTr0: Beam Transmission, WET Labs C-Star [%]
# name 10 = par: PAR/Irradiance, Biospherical/Licor
# name 11 = latitude: Latitude [deg]
# name 12 = longitude: Longitude [deg]
# name 13 = timeJ: Julian Days
# name 14 = altM: Altimeter [m]
# name 15 = spar: SPAR, Biospherical/Licor
# name 16 = timeS: Time, Elapsed [seconds]
# name 17 = scan: Scan Count
# name 18 = density00: Density [density, kg/m^3]
# name 19 = density11: Density, 2 [density, kg/m^3]
# name 20 = v3: Voltage 3
# name 21 = v4: Voltage 4
# name 22 = v5: Voltage 5
# name 23 = sal00: Salinity, Practical [PSU]
# name 24 = sal11: Salinity, Practical, 2 [PSU]
# name 25 = oxsolML/L: Oxygen Saturation, Garcia & Gordon [ml/l]
# name 26 = nbin: number of scans per bin
# name 27 = flag: flag
# span 0 =      2.000,    697.000       
# span 1 =      1.977,    688.630       
# span 2 =    -1.5661,     0.1722       
# span 3 =  26.900176,  29.056827       
# span 4 =    -1.5644,     0.1743       
# span 5 =  26.900137,  29.057214       
# span 6 =     4.6782,     8.7029       
# span 7 =     4.7652,     8.9456       
# span 8 =    -0.0211,    26.1135       
# span 9 =    75.1091,    98.2513       
# span 10 = -1.350e-05, 1.2584e+01      
# span 11 =  -74.17052,  -74.17050      
# span 12 = -113.29950, -113.29944      
# span 13 =  38.412091,  38.421425      
# span 14 =       7.42,     100.25      
# span 15 = 3.7017e+01, 4.8271e+01      
# span 16 =    229.672,   1036.099      
# span 17 =       5513,      24867      
# span 18 =  1027.1721,  1030.9208      
# span 19 =  1027.1709,  1030.9187      
# span 20 =     3.5637,     4.6609      
# span 21 =     0.0638,     3.5788      
# span 22 =     0.1193,     0.2563      
# span 23 =    33.7777,    34.4169      
# span 24 =    33.7763,    34.4145      
# span 25 =    8.00690,    8.41814      
# span 26 =         13,         49      
# span 27 = 0.0000e+00, 0.0000e+00      
# interval = decibars: 1                
# start_time = Feb 07 2022 09:49:35 [NMEA time, header]
# bad_flag = -9.990e-29
*END*
      2.000      1.977    -0.9823  27.301526    -0.9802  27.302218     8.6881     8.2538    19.2588    75.1091 1.2584e+01  -74.17050 -113.29950  38.412091      99.91 3.7078e+01    229.672       5513  1027.1721  1027.1709     3.5637     2.9259     0.2138    33.7782    33.7767    8.29118         37 0.0000e+00
      3.000      2.968    -0.9756  27.307271    -0.9767  27.305469     8.6837     8.2963    20.5694    76.5274 8.5632e+00  -74.17050 -113.29950  38.412123      99.81 3.7017e+01    232.462       5580  1027.1764  1027.1753     3.6306     2.9731     0.2274    33.7779    33.7766    8.28973         34 0.0000e+00
      4.000      3.958    -0.9750  27.308323    -0.9767  27.306114     8.6940     8.3563    21.7070    77.7224 5.9280e+00  -74.17050 -113.29950  38.412151      99.99 3.7021e+01    234.859       5638  1027.1812  1027.1804     3.6870     3.4400     0.2267    33.7780    33.7769    8.28958         43 0.0000e+00
      5.000      4.948    -0.9787  27.306009    -0.9776  27.305990     8.7029     8.4467    22.0809    75.7374 4.1051e+00  -74.17050 -113.29950  38.412179      82.89 3.7204e+01    237.244       5695  1027.1865  1027.1855     3.5933     2.8344     0.2133    33.7784    33.7771    8.29037         49 0.0000e+00
      6.000      5.938    -0.9782  27.306672    -0.9769  27.306821     8.6959     8.5343    26.1135    76.4286 2.9226e+00  -74.17050 -113.29950  38.412206     100.25 3.7534e+01    239.565       5751  1027.1911  1027.1900     3.6258     3.0490     0.2230    33.7781    33.7769    8.29029         39 0.0000e+00
      7.000      6.929    -0.9806  27.305206    -0.9792  27.305445     8.6969     8.6554    20.7507    77.3743 2.1196e+00  -74.17050 -113.29950  38.412231      99.86 3.7436e+01    241.786       5804  1027.1961  1027.1950     3.6711     2.7456     0.2133    33.7782    33.7769    8.29081         43 0.0000e+00
      8.000      7.918    -0.9806  27.306023    -0.9792  27.306083     8.6911     8.7365    21.9503    77.1178 1.5223e+00  -74.17050 -113.29950  38.412257      99.80 3.7726e+01    244.001       5857  1027.2013  1027.2000     3.6584     2.8204     0.2169    33.7787    33.7772    8.29079         33 0.0000e+00
      9.000      8.907    -0.9808  27.306247    -0.9793  27.306410     8.6986     8.7920    19.4254    77.6480 1.1303e+00  -74.17050 -113.29950  38.412278      99.84 3.8283e+01    245.842       5901  1027.2060  1027.2047     3.6836     2.8996     0.2054    33.7786    33.7771    8.29083         35 0.0000e+00
     10.000      9.896    -0.9805  27.307036    -0.9791  27.306993     8.6964     8.8576    20.3037    77.2458 8.1968e-01  -74.17050 -113.29950  38.412301      99.97 3.8069e+01    247.764       5947  1027.2109  1027.2095     3.6659     3.0361     0.2295    33.7787    33.7771    8.29076         37 0.0000e+00
     11.000     10.886    -0.9829  27.304778    -0.9812  27.305140     8.6995     8.9149    20.8875    77.3513 5.9661e-01  -74.17050 -113.29950  38.412325      90.78 3.8149e+01    249.857       5998  1027.2150  1027.2138     3.6706     3.0452     0.1994    33.7777    33.7763    8.29135         39 0.0000e+00
     12.000     11.876    -0.9811  27.307303    -0.9790  27.307880     8.6932     8.9109    17.8427    76.9625 4.4418e-01  -74.17050 -113.29950  38.412346      97.06 3.8211e+01    251.655       6041  1027.2203  1027.2190     3.6514     2.6989     0.2083    33.7785    33.7769    8.29090         37 0.0000e+00
     13.000     12.864    -0.9724  27.317063    -0.9735  27.314679     8.6915     8.9207    17.5841    76.4603 3.1800e-01  -74.17050 -113.29950  38.412365      99.97 3.8122e+01    253.308       6080  1027.2269  1027.2254     3.6270     2.9573     0.2177    33.7814    33.7794    8.28881         32 0.0000e+00
     14.000     13.855    -0.9784  27.311164    -0.9766  27.311452     8.6875     8.9142    17.2274    77.8540 2.2964e-01  -74.17050 -113.29950  38.412384      99.96 3.8764e+01    254.983       6121  1027.2306  1027.2292     3.6937     3.0125     0.2563    33.7795    33.7779    8.29025         39 0.0000e+00
     15.000     14.844    -0.9711  27.319505    -0.9706  27.318698     8.6885     8.9180    20.6053    77.6103 1.6313e-01  -74.17050 -113.29950  38.412404      99.93 3.8783e+01    256.683       6161  1027.2370  1027.2356     3.6821     2.7601     0.1970    33.7820    33.7803    8.28849         41 0.0000e+00
     16.000     15.834    -0.9745  27.316256    -0.9732  27.316384     8.6924     8.9298    18.9401    75.4739 1.1372e-01  -74.17050 -113.29950  38.412423      99.81 3.8783e+01    258.366       6202  1027.2410  1027.2400     3.5808     2.5379     0.2030    33.7807    33.7795    8.28930         40 0.0000e+00
     17.000     16.825    -0.9786  27.312099    -0.9755  27.313980     8.6966     8.9332    19.6413    76.0233 7.5357e-02  -74.17051 -113.29950  38.412443      99.91 3.8783e+01    260.070       6243  1027.2448  1027.2439     3.6069     2.8290     0.2015    33.7791    33.7782    8.29031         35 0.0000e+00
     18.000     17.813    -0.9782  27.312963    -0.9774  27.312451     8.6929     8.9456    18.8190    77.4376 4.5704e-02  -74.17052 -113.29950  38.412463      99.86 3.8783e+01    261.807       6284  1027.2496  1027.2483     3.6739     2.6760     0.2285    33.7792    33.7776    8.29021         41 0.0000e+00
     19.000     18.802    -0.9771  27.314787    -0.9761  27.314096     8.6816     8.9405    19.2227    77.3213 2.2765e-02  -74.17052 -113.29950  38.412483      99.94 3.8783e+01    263.494       6325  1027.2548  1027.2531     3.6684     3.2361     0.2361    33.7798    33.7777    8.28994         37 0.0000e+00
     20.000     19.792    -0.9688  27.324300    -0.9680  27.323540     8.6793     8.9392    20.7970    76.1835 5.7947e-03  -74.17052 -113.29950  38.412502      97.49 3.8783e+01    265.190       6366  1027.2616  1027.2599     3.6145     2.3655     0.2156    33.7829    33.7809    8.28793         40 0.0000e+00
     21.000     20.782    -0.9645  27.329235    -0.9629  27.329214     8.6791     8.9364    16.5333    77.6684 -1.350e-05  -74.17052 -113.29950  38.412522      99.93 3.8783e+01    266.879       6406  1027.2672  1027.2656     3.6849     2.8954     0.2443    33.7841    33.7823    8.28691         41 0.0000e+00
     22.000     21.772    -0.9622  27.332088    -0.9607  27.331953     8.6770     8.9333    16.3238    76.6703 1.0000e-12  -74.17052 -113.29950  38.412541      99.98 3.8783e+01    268.536       6446  1027.2724  1027.2709     3.6381     3.5788     0.2433    33.7848    33.7829    8.28636         35 0.0000e+00
     23.000     22.761    -0.9620  27.332657    -0.9605  27.332731     8.6796     8.9369    18.0247    76.1928 1.0000e-12  -74.17052 -113.29950  38.412560      99.80 3.8783e+01    270.182       6485  1027.2772  1027.2759     3.6149     2.7232     0.2378    33.7847    33.7831    8.28632         40 0.0000e+00
     24.000     23.751    -0.9622  27.332760    -0.9606  27.333010     8.6673     8.9258    18.7016    77.0208 1.0000e-12  -74.17050 -113.29950  38.412580      99.88 3.8783e+01    271.879       6526  1027.2819  1027.2806     3.6542     2.9138     0.2395    33.7845    33.7830    8.28638         39 0.0000e+00
     25.000     24.740    -0.9626  27.333373    -0.9606  27.333724     8.6425     8.9133    17.1900    77.0516 1.0000e-12  -74.17050 -113.29950  38.412599      99.95 3.8783e+01    273.570       6567  1027.2873  1027.2857     3.6556     3.1093     0.2101    33.7851    33.7833    8.28643         39 0.0000e+00
     26.000     25.729    -0.9632  27.333785    -0.9615  27.333822     8.6512     8.9152    17.2611    75.2849 1.0000e-12  -74.17050 -113.29950  38.412618      99.93 3.8783e+01    275.219       6606  1027.2926  1027.2910     3.5718     2.8024     0.2467    33.7857    33.7838    8.28653         41 0.0000e+00
     27.000     26.719    -0.9634  27.333981    -0.9617  27.334034     8.6643     8.9240    18.0130    76.2006 1.0000e-12  -74.17050 -113.29950  38.412638      97.85 3.8783e+01    276.923       6647  1027.2973  1027.2958     3.6153     2.7753     0.2352    33.7856    33.7838    8.28657         40 0.0000e+00
     28.000     27.709    -0.9633  27.334409    -0.9618  27.334461     8.6677     8.9245    18.7432    76.7913 1.0000e-12  -74.17050 -113.29950  38.412658      99.89 3.8783e+01    278.663       6689  1027.3020  1027.3007     3.6433     3.0158     0.2240    33.7854    33.7839    8.28655         39 0.0000e+00
     29.000     28.698    -0.9632  27.334926    -0.9618  27.334962     8.6666     8.9159    18.2583    77.9724 1.0000e-12  -74.17050 -113.29950  38.412678      99.87 3.8783e+01    280.368       6730  1027.3068  1027.3056     3.6993     3.4507     0.2241    33.7854    33.7839    8.28654         41 0.0000e+00
     30.000     29.687    -0.9634  27.335339    -0.9620  27.335313     8.6621     8.9181    17.4823    78.0168 1.0000e-12  -74.17050 -113.29950  38.412697      99.82 3.8783e+01    282.058       6770  1027.3117  1027.3104     3.7014     2.9718     0.2124    33.7855    33.7840    8.28657         40 0.0000e+00
     31.000     30.677    -0.9638  27.335656    -0.9619  27.335849     8.6548     8.9065    19.3697    79.0576 1.0000e-12  -74.17050 -113.29950  38.412717      99.87 3.8783e+01    283.727       6810  1027.3168  1027.3153     3.7507     3.1622     0.2370    33.7858    33.7840    8.28665         40 0.0000e+00
     32.000     31.667    -0.9636  27.336285    -0.9623  27.336098     8.6534     8.9092    18.7276    76.4591 1.0000e-12  -74.17050 -113.29950  38.412736      99.91 3.8783e+01    285.423       6851  1027.3217  1027.3202     3.6275     2.9909     0.2206    33.7859    33.7842    8.28661         39 0.0000e+00
     33.000     32.656    -0.9638  27.336505    -0.9621  27.336755     8.6555     8.9129    17.2260    77.0854 1.0000e-12  -74.17050 -113.29950  38.412756      99.94 3.8783e+01    287.102       6891  1027.3264  1027.3250     3.6572     3.3700     0.1997    33.7857    33.7842    8.28665         38 0.0000e+00
     34.000     33.645    -0.9635  27.337352    -0.9621  27.337179     8.6324     8.8954    17.6660    77.9495 1.0000e-12  -74.17050 -113.29950  38.412775      99.85 3.8783e+01    288.754       6931  1027.3312  1027.3298     3.6982     3.1292     0.2228    33.7859    33.7842    8.28657         40 0.0000e+00
     35.000     34.635    -0.9636  27.338481    -0.9621  27.338301     8.6209     8.8863    16.4087    76.2416 1.0000e-12  -74.17050 -113.29949  38.412794      99.93 3.8783e+01    290.427       6971  1027.3369  1027.3353     3.6172     3.0125     0.2006    33.7869    33.7850    8.28653         40 0.0000e+00
     36.000     35.624    -0.9635  27.338940    -0.9622  27.338834     8.6181     8.8689    20.1683    76.1632 1.0000e-12  -74.17050 -113.29949  38.412814      99.79 3.8783e+01    292.140       7012  1027.3416  1027.3403     3.6135     2.7281     0.2326    33.7869    33.7853    8.28652         42 0.0000e+00
     37.000     36.614    -0.9639  27.339236    -0.9630  27.338998     8.6161     8.8649    20.9290    75.7419 1.0000e-12  -74.17050 -113.29949  38.412834      99.86 3.8783e+01    293.857       7054  1027.3467  1027.3455     3.5935     2.9874     0.2349    33.7871    33.7857    8.28660         39 0.0000e+00
     38.000     37.603    -0.9642  27.339517    -0.9630  27.339430     8.6107     8.8631    18.1831    77.4956 1.0000e-12  -74.17050 -113.29949  38.412854      99.94 3.8783e+01    295.580       7095  1027.3516  1027.3503     3.6767     3.2691     0.2156    33.7873    33.7857    8.28666         41 0.0000e+00
     39.000     38.593    -0.9645  27.339889    -0.9631  27.339771     8.6040     8.8681    18.9947    75.1508 1.0000e-12  -74.17050 -113.29949  38.412874      99.93 3.8783e+01    297.327       7137  1027.3565  1027.3551     3.5655     3.1890     0.2285    33.7874    33.7857    8.28671         38 0.0000e+00
     40.000     39.582    -0.9646  27.340265    -0.9632  27.340197     8.6007     8.8641    16.8291    77.4819 1.0000e-12  -74.17050 -113.29948  38.412894      99.98 3.8783e+01    299.049       7178  1027.3613  1027.3599     3.6757     2.9385     0.2357    33.7874    33.7857    8.28673         38 0.0000e+00
     41.000     40.572    -0.9654  27.339967    -0.9635  27.340391     8.6006     8.8617    16.8158    77.6139 1.0000e-12  -74.17050 -113.29948  38.412914      99.85 3.8783e+01    300.769       7219  1027.3661  1027.3648     3.6823     2.6179     0.2335    33.7874    33.7858    8.28692         38 0.0000e+00
     42.000     41.561    -0.9700  27.336505    -0.9683  27.336740     8.5940     8.8535    15.3705    76.4546 1.0000e-12  -74.17050 -113.29948  38.412936      95.73 3.8783e+01    302.668       7265  1027.3711  1027.3698     3.6268     2.8096     0.2348    33.7872    33.7856    8.28794         31 0.0000e+00
     43.000     42.550    -0.9718  27.335570    -0.9701  27.335901     8.5825     8.8375    20.4040    77.1105 1.0000e-12  -74.17050 -113.29948  38.412960      98.87 3.8783e+01    304.749       7315  1027.3760  1027.3748     3.6583     2.5412     0.2110    33.7872    33.7858    8.28833         39 0.0000e+00
     44.000     43.540    -0.9740  27.334269    -0.9721  27.334544     8.5807     8.8362    18.6527    77.4442 1.0000e-12  -74.17050 -113.29948  38.412984      99.98 3.8783e+01    306.817       7365  1027.3810  1027.3795     3.6738     2.9575     0.2212    33.7874    33.7856    8.28881         44 0.0000e+00
     45.000     44.530    -0.9733  27.335319    -0.9739  27.333744     8.5459     8.8033    15.6658    77.7035 1.0000e-12  -74.17050 -113.29948  38.413007      99.87 3.8783e+01    308.792       7412  1027.3857  1027.3846     3.6870     2.8177     0.2217    33.7874    33.7859    8.28866         43 0.0000e+00
     46.000     45.519    -0.9830  27.328482    -0.9817  27.328267     8.5231     8.7867    16.7662    77.3755 1.0000e-12  -74.17050 -113.29948  38.413030      99.88 3.8783e+01    310.785       7460  1027.3919  1027.3904     3.6710     2.8891     0.2199    33.7883    33.7866    8.29074         35 0.0000e+00
     47.000     46.509    -0.9846  27.327620    -0.9830  27.327674     8.5297     8.7815    17.7085    75.9042 1.0000e-12  -74.17050 -113.29948  38.413052      99.90 3.8783e+01    312.697       7506  1027.3967  1027.3953     3.6014     2.7353     0.2170    33.7884    33.7867    8.29110         31 0.0000e+00
     48.000     47.498    -0.9849  27.327888    -0.9832  27.327972     8.5267     8.7809    17.9629    77.6765 1.0000e-12  -74.17050 -113.29948  38.413073      99.86 3.8783e+01    314.533       7550  1027.4015  1027.4000     3.6854     2.6376     0.2208    33.7885    33.7867    8.29116         42 0.0000e+00
     49.000     48.488    -0.9848  27.328392    -0.9832  27.328565     8.5276     8.7888    21.2405    76.1454 1.0000e-12  -74.17050 -113.29948  38.413096      99.65 3.8783e+01    316.458       7596  1027.4063  1027.4049     3.6126     2.8910     0.2227    33.7884    33.7868    8.29114         39 0.0000e+00
     50.000     49.477    -0.9839  27.329739    -0.9822  27.329722     8.5391     8.7872    21.0853    76.7848 1.0000e-12  -74.17050 -113.29948  38.413118      99.81 3.8783e+01    318.436       7643  1027.4111  1027.4095     3.6430     2.5240     0.1969    33.7886    33.7867    8.29093         38 0.0000e+00
     51.000     50.466    -0.9824  27.331274    -0.9829  27.329802     8.5392     8.7799    16.0063    78.8002 1.0000e-12  -74.17050 -113.29948  38.413140      99.94 3.8783e+01    320.285       7688  1027.4156  1027.4145     3.7384     2.8789     0.2361    33.7884    33.7869    8.29061         43 0.0000e+00
     52.000     51.455    -0.9846  27.330112    -0.9840  27.329287     8.5251     8.7672    17.4436    77.7334 1.0000e-12  -74.17050 -113.29948  38.413162      99.90 3.8875e+01    322.170       7733  1027.4207  1027.4193     3.6879     2.8127     0.2231    33.7886    33.7869    8.29107         39 0.0000e+00
