ocean_section_plots/required_files/ctd/dnbp2202_ctd057.cnv
* Sea-Bird SBE 9 Data File:
* FileName = D:\Data\raw\NBP2202_CTD057.hex
* Software Version Seasave V 7.26.7.121
* Temperature SN = 1649
* Conductivity SN = 2513
* Number of Bytes Per Scan = 40
* Number of Voltage Words = 5
* Number of Scans Averaged by the Deck Unit = 1
* NMEA Latitude = 74 13.90 S
* NMEA Longitude = 112 15.37 W
* NMEA UTC (Time) = Jan 24 2022  16:10:30
* NMEA baud rate = 9600
** Ship: RVIB N.B. Palmer
** Cruise: NBP2202 Thwaites
** Station: Section Dotson C
** Operator: A. Robinson
# nquan = 25
# nvalues = 1023                        
# units = specified
# name 0 = prDM: Pressure, Digiquartz [db]
# name 1 = depSM: Depth [salt water, m]
# name 2 = t090C: Temperature [ITS-90, deg C]
# name 3 = c0mS/cm: Conductivity [mS/cm]
# name 4 = t190C: Temperature, 2 [ITS-90, deg C]
# name 5 = c1mS/cm: Conductivity, 2 [mS/cm]
# name 6 = sbeox0ML/L: Oxygen, SBE 43 [ml/l]
# name 7 = sbeox1ML/L: Oxygen, SBE 43, 2 [ml/l]
# name 8 = flECO-AFL: Fluorescence, WET Labs ECO-AFL/FL [mg/m^3]
# name 9 = CStarTr0: Beam Transmission, WET Labs C-Star [%]
# name 10 = par: PAR/Irradiance, Biospherical/Licor
# name 11 = latitude: Latitude [deg]
# name 12 = longitude: Longitude [deg]
# name 13 = timeJ: Julian Days
# name 14 = altM: Altimeter [m]
# name 15 = spar: SPAR, Biospherical/Licor
# name 16 = timeS: Time, Elapsed [seconds]
# name 17 = scan: Scan Count
# name 18 = density00: Density [density, kg/m^3]
# name 19 = density11: Density, 2 [density, kg/m^3]
# name 20 = sal00: Salinity, Practical [PSU]
# name 21 = sal11: Salinity, Practical, 2 [PSU]
# name 22 = oxsolML/L: Oxygen Saturation, Garcia & Gordon [ml/l]
# name 23 = nbin: number of scans per bin
# name 24 = flag: flag
# span 0 =      2.000,   1024.000       
# span 1 =      1.982,   1010.904       
# span 2 =    -1.5218,     0.5381       
# span 3 =  27.075295,  29.619156       
# span 4 =    -1.5216,     0.5402       
# span 5 =  27.075113,  29.618992       
# span 6 =     4.5757,     8.4515       
# span 7 =     4.7632,     8.7980       
# span 8 =    -0.0139,    18.7503       
# span 9 =    72.6230,    97.0776       
# span 10 = 1.0000e-12, 3.2054e+02      
# span 11 =  -74.23168,  -74.23166      
# span 12 = -112.25628, -112.25624      
# span 13 =  24.676199,  24.691883      
# span 14 =       3.41,     102.06      
# span 15 = 7.6637e+02, 8.4392e+02      
# span 16 =    193.614,   1548.715      
# span 17 =       4648,      37170      
# span 18 =  1027.1943,  1032.5294      
# span 19 =  1027.1966,  1032.5272      
# span 20 =    33.7983,    34.5558      
# span 21 =    33.7997,    34.5533      
# span 22 =    7.92363,    8.40041      
# span 23 =         13,         48      
# span 24 = 0.0000e+00, 0.0000e+00      
# interval = decibars: 1                
# start_time = Jan 24 2022 16:10:30 [NMEA time, header]
# bad_flag = -9.990e-29
*END*
[from data line 290]
    292.000    288.773    -1.4200  27.259776    -1.4193  27.259110     6.1814     6.4806     0.0500    96.7641 1.0000e-12  -74.23167 -112.25626  24.680857      99.21 8.0035e+02    596.054      14306  1028.7876  1028.7861    34.0361    34.0343    8.37347         29 0.0000e+00
    293.000    289.762    -1.4147  27.264955    -1.4140  27.264227     6.1833     6.4790     0.0446    96.7404 1.0000e-12  -74.23168 -112.25626  24.680871      99.88 8.0035e+02    597.253      14335  1028.7924  1028.7910    34.0366    34.0348    8.37225         29 0.0000e+00
    294.000    290.750    -1.4151  27.265295    -1.4143  27.264853     6.1860     6.4828     0.0586    96.7740 1.0000e-12  -74.23166 -112.25626  24.680885      99.88 8.0035e+02    598.449      14364  1028.7975  1028.7964    34.0368    34.0354    8.37231         29 0.0000e+00
    295.000    291.738    -1.4123  27.269239    -1.4114  27.268521     6.1847     6.4770     0.0735    96.7601 1.0000e-12  -74.23168 -112.25626  24.680899      99.88 8.0035e+02    599.659      14393  1028.8035  1028.8018    34.0384    34.0365    8.37159         29 0.0000e+00
    296.000    292.726    -1.4094  27.273112    -1.4085  27.272729     6.1903     6.4831     0.0367    96.7688 1.0000e-12  -74.23168 -112.25626  24.680913      99.87 8.0035e+02    600.866      14422  1028.8093  1028.8080    34.0399    34.0383    8.37086         29 0.0000e+00
    297.000    293.714    -1.4078  27.276446    -1.4070  27.275986     6.1961     6.4893     0.0397    96.7628 1.0000e-12  -74.23168 -112.25626  24.680927      99.88 8.0035e+02    602.062      14450  1028.8157  1028.8145    34.0420    34.0405    8.37037         29 0.0000e+00
    298.000    294.703    -1.4109  27.274249    -1.4113  27.273063     6.2027     6.5017     0.0318    96.7705 1.0000e-12  -74.23168 -112.25626  24.680941      99.88 8.0035e+02    603.273      14480  1028.8207  1028.8198    34.0419    34.0407    8.37107         29 0.0000e+00
    299.000    295.689    -1.4172  27.269658    -1.4162  27.269400     6.2079     6.5022     0.0265    96.7837 1.0000e-12  -74.23168 -112.25626  24.680955      99.88 8.0035e+02    604.476      14508  1028.8261  1028.8249    34.0421    34.0407    8.37248         29 0.0000e+00
    300.000    296.681    -1.4179  27.269457    -1.4170  27.269097     6.2142     6.5010     0.0289    96.7920 1.0000e-12  -74.23168 -112.25626  24.680968      99.87 8.0035e+02    605.651      14537  1028.8309  1028.8296    34.0421    34.0405    8.37264         27 0.0000e+00
    301.000    297.667    -1.4181  27.269787    -1.4170  27.269598     6.2117     6.5033     0.0233    96.7839 1.0000e-12  -74.23168 -112.25626  24.680982      99.87 8.0035e+02    606.847      14565  1028.8357  1028.8344    34.0421    34.0406    8.37268         29 0.0000e+00
    302.000    298.656    -1.4188  27.269595    -1.4173  27.269821     6.2147     6.5102     0.0152    96.8135 1.0000e-12  -74.23168 -112.25626  24.680996      97.24 8.0035e+02    608.053      14594  1028.8405  1028.8392    34.0421    34.0406    8.37285         29 0.0000e+00
    303.000    299.642    -1.4191  27.269848    -1.4186  27.269188     6.2207     6.5142     0.0281    96.8248 1.0000e-12  -74.23168 -112.25626  24.681010      96.96 8.0035e+02    609.248      14623  1028.8453  1028.8441    34.0421    34.0406    8.37290         29 0.0000e+00
    304.000    300.632    -1.4247  27.265810    -1.4243  27.265126     6.2276     6.5180     0.0291    96.7976 1.0000e-12  -74.23168 -112.25626  24.681024      99.81 8.0035e+02    610.446      14652  1028.8506  1028.8495    34.0422    34.0409    8.37415         29 0.0000e+00
    305.000    301.620    -1.4223  27.268249    -1.4241  27.265551     6.2297     6.5258     0.0274    96.8104 1.0000e-12  -74.23168 -112.25626  24.681038      99.88 8.0035e+02    611.651      14681  1028.8552  1028.8541    34.0423    34.0407    8.37361         29 0.0000e+00
    306.000    302.609    -1.4268  27.264889    -1.4262  27.264366     6.2399     6.5270     0.0240    96.8625 1.0000e-12  -74.23168 -112.25626  24.681051      99.87 8.0060e+02    612.836      14709  1028.8602  1028.8591    34.0422    34.0408    8.37464         28 0.0000e+00
    307.000    303.596    -1.4289  27.263671    -1.4279  27.263501     6.2415     6.5348     0.0289    96.8621 1.0000e-12  -74.23168 -112.25626  24.681065      99.88 8.0065e+02    614.030      14738  1028.8652  1028.8640    34.0423    34.0408    8.37510         29 0.0000e+00
    308.000    304.585    -1.4307  27.262637    -1.4302  27.262053     6.2489     6.5422     0.0224    96.8495 1.0000e-12  -74.23168 -112.25626  24.681079      99.88 8.0066e+02    615.230      14767  1028.8701  1028.8689    34.0423    34.0409    8.37550         28 0.0000e+00
    309.000    305.571    -1.4333  27.261042    -1.4333  27.260163     6.2589     6.5536     0.0183    96.8683 1.0000e-12  -74.23168 -112.25626  24.681093      99.87 8.0096e+02    616.415      14795  1028.8751  1028.8741    34.0424    34.0412    8.37608         29 0.0000e+00
    310.000    306.563    -1.4383  27.257723    -1.4377  27.257114     6.2648     6.5578     0.0263    96.8606 1.0000e-12  -74.23168 -112.25626  24.681107      99.88 8.0073e+02    617.604      14823  1028.8806  1028.8793    34.0429    34.0413    8.37718         28 0.0000e+00
    311.000    307.549    -1.4399  27.256946    -1.4394  27.256462     6.2819     6.5657     0.0186    96.9056 1.0000e-12  -74.23168 -112.25626  24.681120      99.87 8.0060e+02    618.796      14852  1028.8855  1028.8845    34.0430    34.0418    8.37752         28 0.0000e+00
    312.000    308.537    -1.4420  27.256602    -1.4417  27.255963     6.2888     6.5897     0.0142    96.8991 1.0000e-12  -74.23168 -112.25626  24.681134      99.88 8.0175e+02    619.960      14880  1028.8914  1028.8904    34.0444    34.0431    8.37792         28 0.0000e+00
    313.000    309.526    -1.4454  27.256384    -1.4446  27.255911     6.2946     6.5875     0.0084    96.8985 1.0000e-12  -74.23168 -112.25626  24.681147      99.87 8.0108e+02    621.128      14908  1028.8987  1028.8975    34.0473    34.0458    8.37851         29 0.0000e+00
    314.000    310.513    -1.4449  27.258056    -1.4440  27.257615     6.2955     6.5877     0.0135    96.8771 1.0000e-12  -74.23168 -112.25626  24.681161      96.38 8.0186e+02    622.315      14937  1028.9044  1028.9030    34.0484    34.0468    8.37833         28 0.0000e+00
    315.000    311.501    -1.4441  27.259895    -1.4432  27.259546     6.2914     6.5938     0.0214    96.9551 1.0000e-12  -74.23168 -112.25626  24.681175      99.92 8.0122e+02    623.491      14965  1028.9098  1028.9086    34.0494    34.0479    8.37809         28 0.0000e+00
    316.000    312.491    -1.4423  27.263259    -1.4414  27.262792     6.2958     6.5919     0.0216    96.9704 1.0000e-12  -74.23168 -112.25626  24.681188      99.88 8.0084e+02    624.667      14993  1028.9161  1028.9147    34.0514    34.0497    8.37758         29 0.0000e+00
    317.000    313.478    -1.4398  27.266868    -1.4390  27.266389     6.2975     6.5934     0.0216    96.9874 1.0000e-12  -74.23168 -112.25626  24.681202      99.87 8.0123e+02    625.855      15022  1028.9219  1028.9206    34.0529    34.0513    8.37692         28 0.0000e+00
    318.000    314.466    -1.4383  27.269417    -1.4375  27.268859     6.2881     6.5895     0.0196    97.0102 1.0000e-12  -74.23168 -112.25626  24.681216      99.88 8.0204e+02    627.031      15050  1028.9275  1028.9261    34.0541    34.0524    8.37651         29 0.0000e+00
    319.000    315.455    -1.4374  27.271101    -1.4366  27.270581     6.2879     6.5865     0.0213    96.9982 1.0000e-12  -74.23168 -112.25626  24.681229      99.88 8.0198e+02    628.197      15078  1028.9328  1028.9314    34.0548    34.0531    8.37627         27 0.0000e+00
    320.000    316.442    -1.4346  27.275223    -1.4336  27.274796     6.2835     6.5873     0.0282    97.0168 1.0000e-12  -74.23168 -112.25626  24.681243      99.88 8.0211e+02    629.388      15106  1028.9389  1028.9375    34.0566    34.0549    8.37553         29 0.0000e+00
    321.000    317.430    -1.4321  27.278702    -1.4312  27.278241     6.2874     6.5856     0.0211    97.0114 1.0000e-12  -74.23168 -112.25626  24.681256      99.88 8.0211e+02    630.559      15134  1028.9446  1028.9432    34.0580    34.0563    8.37489         28 0.0000e+00
    322.000    318.418    -1.4289  27.282860    -1.4280  27.282575     6.2854     6.5769     0.0291    97.0296 1.0000e-12  -74.23168 -112.25626  24.681270      99.88 8.0211e+02    631.722      15162  1028.9504  1028.9492    34.0594    34.0580    8.37409         28 0.0000e+00
    323.000    319.406    -1.4257  27.287322    -1.4246  27.286947     6.2842     6.5770     0.0113    97.0352 1.0000e-12  -74.23168 -112.25626  24.681284      99.88 8.0211e+02    632.908      15191  1028.9565  1028.9550    34.0613    34.0595    8.37325         29 0.0000e+00
    324.000    320.395    -1.4220  27.291917    -1.4211  27.291446     6.2825     6.5807     0.0047    97.0307 1.0000e-12  -74.23168 -112.25626  24.681297      97.48 8.0291e+02    634.082      15219  1028.9622  1028.9609    34.0627    34.0611    8.37232         28 0.0000e+00
    325.000    321.383    -1.4207  27.293793    -1.4199  27.293440     6.2796     6.5777     0.0015    97.0370 1.0000e-12  -74.23168 -112.25626  24.681311      98.16 8.0274e+02    635.246      15247  1028.9674  1028.9661    34.0632    34.0618    8.37201         28 0.0000e+00
    326.000    322.371    -1.4150  27.300902    -1.4144  27.300050     6.2752     6.5757    -0.0067    96.7762 1.0000e-12  -74.23168 -112.25626  24.681324      99.89 8.0342e+02    636.424      15275  1028.9740  1028.9724    34.0660    34.0640    8.37057         27 0.0000e+00
    327.000    323.359    -1.4115  27.305384    -1.4107  27.304850     6.2726     6.5731    -0.0016    96.9595 1.0000e-12  -74.23168 -112.25626  24.681338      99.88 8.0285e+02    637.590      15303  1028.9798  1028.9785    34.0675    34.0658    8.36969         28 0.0000e+00
    328.000    324.348    -1.4026  27.317334    -1.4016  27.316823     6.2684     6.5646     0.0060    97.0307 1.0000e-12  -74.23168 -112.25626  24.681351      99.87 8.0369e+02    638.744      15331  1028.9886  1028.9871    34.0731    34.0713    8.36735         28 0.0000e+00
    329.000    325.335    -1.3962  27.325131    -1.3953  27.324603     6.2568     6.5687     0.0077    97.0467 1.0000e-12  -74.23168 -112.25626  24.681365      99.88 8.0405e+02    639.915      15359  1028.9954  1028.9939    34.0760    34.0743    8.36575         29 0.0000e+00
    330.000    326.322    -1.3922  27.330544    -1.3914  27.329970     6.2609     6.5700     0.0240    97.0439 1.0000e-12  -74.23168 -112.25626  24.681378      99.88 8.0309e+02    641.080      15387  1029.0018  1029.0004    34.0782    34.0766    8.36471         27 0.0000e+00
    331.000    327.311    -1.3878  27.336110    -1.3870  27.335510     6.2548     6.5627     0.0449    97.0776 1.0000e-12  -74.23168 -112.25626  24.681392      99.88 8.0381e+02    642.232      15415  1029.0081  1029.0066    34.0803    34.0785    8.36361         28 0.0000e+00
    332.000    328.300    -1.3819  27.342734    -1.3813  27.342107     6.2488     6.5531    -0.0005    97.0528 1.0000e-12  -74.23168 -112.25626  24.681405      99.87 8.0626e+02    643.391      15442  1029.0140  1029.0127    34.0821    34.0805    8.36219         28 0.0000e+00
    333.000    329.287    -1.3770  27.348549    -1.3760  27.348043     6.2453     6.5466     0.0030    97.0509 1.0000e-12  -74.23168 -112.25626  24.681418      99.88 8.0514e+02    644.558      15470  1029.0200  1029.0184    34.0839    34.0820    8.36097         28 0.0000e+00
    334.000    330.276    -1.3699  27.356091    -1.3690  27.355511     6.2388     6.5313     0.0117    97.0496 1.0000e-12  -74.23168 -112.25626  24.681432      99.88 8.0447e+02    645.696      15498  1029.0258  1029.0242    34.0856    34.0837    8.35929         27 0.0000e+00
    335.000    331.264    -1.3647  27.362430    -1.3637  27.361821     6.2295     6.5243     0.0070    97.0463 1.0000e-12  -74.23168 -112.25626  24.681445      77.79 8.0494e+02    646.840      15525  1029.0321  1029.0304    34.0877    34.0858    8.35799         28 0.0000e+00
    336.000    332.252    -1.3589  27.368439    -1.3580  27.367962     6.2216     6.5206     0.0069    97.0200 1.0000e-12  -74.23168 -112.25626  24.681458      96.04 8.0438e+02    648.002      15553  1029.0374  1029.0360    34.0888    34.0870    8.35663         28 0.0000e+00
    337.000    333.239    -1.3555  27.372089    -1.3549  27.371354     6.2164     6.5241     0.0069    97.0523 1.0000e-12  -74.23168 -112.25626  24.681472      99.88 8.0523e+02    649.150      15581  1029.0425  1029.0411    34.0893    34.0875    8.35584         26 0.0000e+00
    338.000    334.228    -1.3522  27.376023    -1.3514  27.375417     6.2060     6.5067     0.0105    97.0450 1.0000e-12  -74.23168 -112.25626  24.681485      99.87 8.0540e+02    650.298      15608  1029.0480  1029.0465    34.0903    34.0885    8.35504         29 0.0000e+00
    339.000    335.216    -1.3463  27.382045    -1.3457  27.381228     6.1772     6.4861     0.0143    97.0012 1.0000e-12  -74.23168 -112.25626  24.681498      99.88 8.0486e+02    651.452      15636  1029.0533  1029.0517    34.0913    34.0894    8.35367         27 0.0000e+00
    340.000    336.205    -1.3277  27.400574    -1.3259  27.400434     6.1720     6.4683     0.0143    97.0189 1.0000e-12  -74.23168 -112.25626  24.681511      99.88 8.0548e+02    652.587      15663  1029.0598  1029.0579    34.0949    34.0927    8.34928         26 0.0000e+00
    341.000    337.192    -1.3188  27.410214    -1.3175  27.409909     6.1645     6.4631     0.0097    97.0275 1.0000e-12  -74.23168 -112.25626  24.681525      99.88 8.0615e+02    653.727      15690  1029.0661  1029.0646    34.0973    34.0955    8.34713         27 0.0000e+00
    342.000    338.180    -1.3139  27.415419    -1.3126  27.415155     6.1548     6.4480     0.0214    97.0181 1.0000e-12  -74.23168 -112.25626  24.681538      99.87 8.0551e+02    654.880      15718  1029.0715  1029.0700    34.0983    34.0965    8.34598         27 0.0000e+00
    343.000    339.167    -1.3038  27.425480    -1.3027  27.424638     6.1444     6.4408     0.0290    97.0316 1.0000e-12  -74.23168 -112.25626  24.681551      99.88 8.0584e+02    656.014      15745  1029.0771  1029.0752    34.1000    34.0977    8.34363         27 0.0000e+00
    344.000    340.156    -1.2943  27.435328    -1.2932  27.434645     6.1614     6.4472     0.0289    96.9992 1.0000e-12  -74.23168 -112.25626  24.681564      99.87 8.0646e+02    657.153      15773  1029.0832  1029.0813    34.1022    34.0999    8.34139         28 0.0000e+00
    345.000    341.145    -1.2931  27.438420    -1.2924  27.437884     6.1792     6.4631     0.0351    96.9985 1.0000e-12  -74.23168 -112.25626  24.681578      99.87 8.0596e+02    658.305      15800  1029.0899  1029.0886    34.1043    34.1028    8.34098         28 0.0000e+00
    346.000    342.132    -1.3015  27.433118    -1.3007  27.432729     6.1978     6.4785     0.0300    96.9887 1.0000e-12  -74.23168 -112.25626  24.681591      99.88 8.0616e+02    659.444      15828  1029.0968  1029.0956    34.1061    34.1046    8.34277         27 0.0000e+00
    347.000    343.119    -1.3088  27.428350    -1.3082  27.427899     6.2136     6.4891     0.0228    96.9857 1.0000e-12  -74.23168 -112.25626  24.681604      86.99 8.0681e+02    660.569      15855  1029.1031  1029.1020    34.1072    34.1059    8.34432         27 0.0000e+00
    348.000    344.108    -1.3126  27.426388    -1.3118  27.425835     6.2173     6.4968     0.0148    96.9752 1.0000e-12  -74.23168 -112.25626  24.681617      97.08 8.0727e+02    661.712      15882  1029.1091  1029.1076    34.1082    34.1066    8.34512         27 0.0000e+00
