ocean_section_plots/required_files/ctd/dnbp2202_ctd049.cnv
* Sea-Bird SBE 9 Data File:
* FileName = D:\Data\raw\NBP2202_CTD049.hex
* Software Version Seasave V 7.26.7.121
* Temperature SN = 1649
* Conductivity SN = 2513
* Number of Bytes Per Scan = 40
* Number of Voltage Words = 5
* Number of Scans Averaged by the Deck Unit = 1
* NMEA Latitude = 74 12.49 S
* NMEA Longitude = 112 57.02 W
* NMEA UTC (Time) = Jan 24 2022  03:49:28
* NMEA baud rate = 9600
** Ship: RVIB N.B. Palmer
** Cruise: NBP2202 Thwaites
** Station: Section Dotson C
** Operator: B Bjork
# nquan = 25
# nvalues = 729                         
# units = specified
# name 0 = prDM: Pressure, Digiquartz [db]
# name 1 = depSM: Depth [salt water, m]
# name 2 = t090C: Temperature [ITS-90, deg C]
# name 3 = c0mS/cm: Conductivity [mS/cm]
# name 4 = t190C: Temperature, 2 [ITS-90, deg C]
# name 5 = c1mS/cm: Conductivity, 2 [mS/cm]
# name 6 = sbeox0ML/L: Oxygen, SBE 43 [ml/l]
# name 7 = sbeox1ML/L: Oxygen, SBE 43, 2 [ml/l]
# name 8 = flECO-AFL: Fluorescence, WET Labs ECO-AFL/FL [mg/m^3]
# name 9 = CStarTr0: Beam Transmission, WET Labs C-Star [%]
# name 10 = par: PAR/Irradiance, Biospherical/Licor
# name 11 = latitude: Latitude [deg]
# name 12 = longitude: Longitude [deg]
# name 13 = timeJ: Julian Days
# name 14 = altM: Altimeter [m]
# name 15 = spar: SPAR, Biospherical/Licor
# name 16 = timeS: Time, Elapsed [seconds]
# name 17 = scan: Scan Count
# name 18 = density00: Density [density, kg/m^3]
# name 19 = density11: Density, 2 [density, kg/m^3]
# name 20 = sal00: Salinity, Practical [PSU]
# name 21 = sal11: Salinity, Practical, 2 [PSU]
# name 22 = oxsolML/L: Oxygen Saturation, Garcia & Gordon [ml/l]
# name 23 = nbin: number of scans per bin
# name 24 = flag: flag
# span 0 =      2.000,    730.000       
# span 1 =      1.980,    721.176       
# span 2 =    -1.5219,     0.3227       
# span 3 =  27.072551,  29.241242       
# span 4 =    -1.5213,     0.3248       
# span 5 =  27.071840,  29.240927       
# span 6 =     4.6212,     8.5093       
# span 7 =     4.8707,     8.8360       
# span 8 =    -0.0195,    23.7670       
# span 9 =    68.4379,    96.4344       
# span 10 = 1.0000e-12, 1.3770e+02      
# span 11 =  -74.20820,  -74.20820      
# span 12 = -112.95042, -112.95038      
# span 13 =  24.160913,  24.172874      
# span 14 =       5.33,     100.42      
# span 15 = 3.0031e+02, 3.2790e+02      
# span 16 =    134.889,   1168.341      
# span 17 =       3238,      28041      
# span 18 =  1027.1880,  1031.1073      
# span 19 =  1027.1909,  1031.1049      
# span 20 =    33.7957,    34.4703      
# span 21 =    33.7985,    34.4675      
# span 22 =    7.97268,    8.39954      
# span 23 =         15,         48      
# span 24 = 0.0000e+00, 0.0000e+00      
# interval = decibars: 1                
# start_time = Jan 24 2022 03:49:28 [NMEA time, header]
# bad_flag = -9.990e-29
*END*
[from data line 406]
    408.000    403.379    -0.4585  28.264313    -0.4570  28.263271     5.1057     5.3793     0.0108    96.2361 1.0000e-12  -74.20820 -112.95038  24.167493      99.88 3.1693e+02    703.414      16883  1029.4533  1029.4507    34.2412    34.2381    8.15027         27 0.0000e+00
    409.000    404.365    -0.4573  28.266613    -0.4555  28.265869     5.1224     5.3777     0.0116    96.2382 1.0000e-12  -74.20820 -112.95038  24.167506      99.87 3.1782e+02    704.505      16909  1029.4596  1029.4571    34.2423    34.2393    8.14994         25 0.0000e+00
    410.000    405.354    -0.4533  28.271093    -0.4508  28.270677     5.1164     5.3748     0.0085    96.2332 1.0000e-12  -74.20820 -112.95038  24.167518      99.88 3.1731e+02    705.597      16935  1029.4655  1029.4626    34.2432    34.2398    8.14903         27 0.0000e+00
    411.000    406.342    -0.4466  28.278274    -0.4443  28.277846     5.1306     5.3834     0.0047    96.2391 1.0000e-12  -74.20820 -112.95038  24.167531      99.88 3.1698e+02    706.687      16961  1029.4714  1029.4688    34.2446    34.2416    8.14750         26 0.0000e+00
    412.000    407.330    -0.4497  28.276625    -0.4479  28.276004     5.1357     5.3884     0.0067    96.2471 1.0000e-12  -74.20820 -112.95038  24.167544      99.88 3.1759e+02    707.777      16988  1029.4775  1029.4751    34.2453    34.2425    8.14813         26 0.0000e+00
    413.000    408.317    -0.4545  28.273460    -0.4527  28.272685     5.1371     5.3949    -0.0039    96.2504 1.0000e-12  -74.20820 -112.95039  24.167556      99.88 3.1778e+02    708.876      17014  1029.4836  1029.4811    34.2460    34.2429    8.14914         27 0.0000e+00
    414.000    409.304    -0.4527  28.276478    -0.4505  28.275846     5.1353     5.3910     0.0010    96.2431 1.0000e-12  -74.20820 -112.95039  24.167569      99.87 3.1699e+02    709.967      17040  1029.4897  1029.4870    34.2473    34.2441    8.14866         26 0.0000e+00
    415.000    410.294    -0.4507  28.278902    -0.4488  28.278116     5.1276     5.3881     0.0055    96.2667 1.0000e-12  -74.20820 -112.95040  24.167582      99.88 3.1826e+02    711.057      17066  1029.4949  1029.4922    34.2477    34.2445    8.14821         26 0.0000e+00
    416.000    411.281    -0.4474  28.282875    -0.4456  28.281669     5.0976     5.3599     0.0140    96.2619 1.0000e-12  -74.20820 -112.95038  24.167594      96.35 3.1867e+02    712.144      17092  1029.5004  1029.4975    34.2487    34.2452    8.14744         26 0.0000e+00
    417.000    412.266    -0.4266  28.303118    -0.4250  28.301836     5.0716     5.3326     0.0103    96.2779 1.0000e-12  -74.20820 -112.95040  24.167607      92.80 3.1792e+02    713.239      17119  1029.5062  1029.5033    34.2518    34.2483    8.14280         26 0.0000e+00
    418.000    413.256    -0.3962  28.333323    -0.3940  28.331625     5.0541     5.3077     0.0061    96.2609 1.0000e-12  -74.20820 -112.95038  24.167620      99.87 3.1765e+02    714.333      17145  1029.5132  1029.5092    34.2575    34.2527    8.13598         27 0.0000e+00
    419.000    414.243    -0.3785  28.349342    -0.3755  28.349486     5.0414     5.2988     0.0064    96.2462 1.0000e-12  -74.20820 -112.95040  24.167632      99.88 3.1880e+02    715.424      17171  1029.5175  1029.5148    34.2583    34.2552    8.13213         26 0.0000e+00
    420.000    415.229    -0.3690  28.359167    -0.3671  28.358126     5.0398     5.2897    -0.0064    96.2516 1.0000e-12  -74.20820 -112.95038  24.167645      99.87 3.1866e+02    716.510      17197  1029.5234  1029.5205    34.2603    34.2567    8.13000         25 0.0000e+00
    421.000    416.221    -0.3646  28.363637    -0.3626  28.363087     5.0419     5.2840    -0.0050    96.2811 1.0000e-12  -74.20820 -112.95039  24.167657      99.88 3.1823e+02    717.589      17223  1029.5284  1029.5259    34.2606    34.2576    8.12903         27 0.0000e+00
    422.000    417.205    -0.3643  28.364487    -0.3626  28.363496     5.0495     5.3010    -0.0007    96.2524 1.0000e-12  -74.20820 -112.95039  24.167670      99.88 3.1920e+02    718.671      17249  1029.5336  1029.5310    34.2608    34.2576    8.12895         26 0.0000e+00
    423.000    418.195    -0.3651  28.364434    -0.3630  28.363881     5.0758     5.3140     0.0169    96.2444 1.0000e-12  -74.20820 -112.95039  24.167682      99.88 3.1831e+02    719.746      17275  1029.5389  1029.5363    34.2611    34.2580    8.12911         25 0.0000e+00
    424.000    419.182    -0.3802  28.352068    -0.3786  28.351500     5.0814     5.3236     0.0247    96.2460 1.0000e-12  -74.20820 -112.95039  24.167695      99.87 3.1820e+02    720.819      17301  1029.5451  1029.5429    34.2610    34.2584    8.13236         26 0.0000e+00
    425.000    420.169    -0.3807  28.353414    -0.3788  28.352746     5.0779     5.3200     0.0109    96.2272 1.0000e-12  -74.20820 -112.95039  24.167707      99.88 3.1915e+02    721.895      17326  1029.5514  1029.5488    34.2627    34.2597    8.13236         26 0.0000e+00
    426.000    421.156    -0.3724  28.363653    -0.3703  28.362953     5.0645     5.3205     0.0004    96.2451 1.0000e-12  -74.20820 -112.95038  24.167720      99.87 3.1718e+02    722.981      17353  1029.5585  1029.5557    34.2664    34.2631    8.13036         26 0.0000e+00
    427.000    422.144    -0.3667  28.370469    -0.3649  28.369614     5.0595     5.3198    -0.0038    96.2102 1.0000e-12  -74.20820 -112.95038  24.167732      99.88 3.1793e+02    724.068      17379  1029.5646  1029.5620    34.2685    34.2654    8.12903         26 0.0000e+00
    428.000    423.133    -0.3665  28.371107    -0.3646  28.370585     5.0641     5.3180     0.0009    96.2283 1.0000e-12  -74.20820 -112.95038  24.167745      97.90 3.1887e+02    725.155      17405  1029.5695  1029.5672    34.2686    34.2657    8.12899         27 0.0000e+00
    429.000    424.118    -0.3662  28.372082    -0.3643  28.371456     5.0733     5.3208    -0.0036    96.2361 1.0000e-12  -74.20820 -112.95038  24.167757      95.74 3.1782e+02    726.247      17431  1029.5746  1029.5721    34.2689    34.2659    8.12890         25 0.0000e+00
    430.000    425.108    -0.3635  28.375490    -0.3615  28.374809     5.0616     5.3149     0.0102    96.2390 1.0000e-12  -74.20820 -112.95038  24.167770      99.88 3.1843e+02    727.333      17457  1029.5799  1029.5774    34.2698    34.2667    8.12827         27 0.0000e+00
    431.000    426.094    -0.3570  28.382964    -0.3547  28.382414     5.0526     5.3156     0.0316    96.2712 1.0000e-12  -74.20820 -112.95038  24.167783      99.88 3.1953e+02    728.417      17483  1029.5860  1029.5831    34.2719    34.2686    8.12677         26 0.0000e+00
    432.000    427.082    -0.3508  28.389930    -0.3489  28.388941     5.0454     5.3040     0.0105    96.2718 1.0000e-12  -74.20820 -112.95038  24.167795      99.87 3.1796e+02    729.499      17509  1029.5916  1029.5888    34.2737    34.2702    8.12534         26 0.0000e+00
    433.000    428.071    -0.3457  28.395269    -0.3438  28.394524     5.0426     5.3009    -0.0045    96.2904 1.0000e-12  -74.20820 -112.95038  24.167808      99.88 3.1844e+02    730.565      17535  1029.5967  1029.5941    34.2744    34.2714    8.12420         25 0.0000e+00
    434.000    429.057    -0.3425  28.399169    -0.3404  28.398630     5.0451     5.2945     0.0029    96.2886 1.0000e-12  -74.20820 -112.95038  24.167820      99.88 3.1948e+02    731.637      17560  1029.6021  1029.5995    34.2755    34.2724    8.12347         26 0.0000e+00
    435.000    430.045    -0.3405  28.401612    -0.3385  28.401006     5.0460     5.2882     0.0077    96.2876 1.0000e-12  -74.20820 -112.95039  24.167832      99.88 3.1829e+02    732.712      17586  1029.6071  1029.6045    34.2759    34.2729    8.12302         26 0.0000e+00
    436.000    431.033    -0.3366  28.406085    -0.3347  28.405390     5.0376     5.2830     0.0478    96.2958 1.0000e-12  -74.20820 -112.95040  24.167845      99.87 3.1921e+02    733.779      17612  1029.6124  1029.6099    34.2768    34.2739    8.12212         25 0.0000e+00
    437.000    432.022    -0.3296  28.413691    -0.3275  28.413114     5.0330     5.2825     0.0031    96.3010 1.0000e-12  -74.20820 -112.95040  24.167857      99.87 3.1943e+02    734.840      17637  1029.6180  1029.6154    34.2786    34.2755    8.12054         25 0.0000e+00
    438.000    433.007    -0.3245  28.419090    -0.3227  28.418205     5.0288     5.2770     0.0041    96.3145 1.0000e-12  -74.20820 -112.95040  24.167869      99.88 3.1846e+02    735.909      17663  1029.6231  1029.6204    34.2795    34.2762    8.11940         26 0.0000e+00
    439.000    433.995    -0.3179  28.426302    -0.3161  28.425509     5.0257     5.2693    -0.0142    96.2985 1.0000e-12  -74.20820 -112.95040  24.167882      99.88 3.1854e+02    736.979      17689  1029.6287  1029.6261    34.2811    34.2780    8.11790         26 0.0000e+00
    440.000    434.983    -0.3150  28.429986    -0.3133  28.428946     5.0141     5.2689    -0.0048    96.2959 1.0000e-12  -74.20820 -112.95040  24.167894      84.01 3.2056e+02    738.041      17714  1029.6342  1029.6314    34.2821    34.2788    8.11722         25 0.0000e+00
    441.000    435.970    -0.3104  28.434996    -0.3083  28.434405     5.0074     5.2615    -0.0142    96.2985 1.0000e-12  -74.20820 -112.95040  24.167906      95.23 3.1962e+02    739.109      17740  1029.6393  1029.6367    34.2830    34.2799    8.11618         26 0.0000e+00
    442.000    436.957    -0.3039  28.442229    -0.3019  28.441447     4.9960     5.2523    -0.0067    96.2975 1.0000e-12  -74.20820 -112.95040  24.167919      99.81 3.1969e+02    740.170      17765  1029.6450  1029.6423    34.2848    34.2814    8.11470         26 0.0000e+00
    443.000    437.946    -0.2919  28.455052    -0.2897  28.454271     4.9877     5.2477    -0.0050    96.3069 1.0000e-12  -74.20820 -112.95040  24.167931      99.88 3.1996e+02    741.228      17790  1029.6513  1029.6483    34.2878    34.2843    8.11197         24 0.0000e+00
    444.000    438.934    -0.2790  28.468173    -0.2769  28.467441     4.9741     5.2288    -0.0052    96.3196 1.0000e-12  -74.20820 -112.95040  24.167943      99.88 3.2010e+02    742.296      17816  1029.6569  1029.6542    34.2902    34.2869    8.10909         26 0.0000e+00
    445.000    439.921    -0.2711  28.476994    -0.2688  28.476302     4.9516     5.2099    -0.0052    96.2914 1.0000e-12  -74.20820 -112.95040  24.167956      99.88 3.1955e+02    743.361      17842  1029.6630  1029.6601    34.2924    34.2890    8.10728         26 0.0000e+00
    446.000    440.908    -0.2415  28.507212    -0.2388  28.506380     4.9351     5.1872    -0.0051    96.2897 1.0000e-12  -74.20820 -112.95040  24.167968      99.88 3.2007e+02    744.426      17867  1029.6705  1029.6670    34.2989    34.2948    8.10062         25 0.0000e+00
    447.000    441.895    -0.2093  28.540152    -0.2060  28.540496     4.9342     5.1798     0.0082    96.3157 1.0000e-12  -74.20820 -112.95040  24.167980      99.87 3.1907e+02    745.493      17893  1029.6784  1029.6756    34.3060    34.3027    8.09338         26 0.0000e+00
    448.000    442.883    -0.2051  28.544864    -0.2030  28.544233     4.9336     5.1792     0.0001    96.3029 1.0000e-12  -74.20820 -112.95040  24.167993      99.88 3.1901e+02    746.559      17918  1029.6838  1029.6811    34.3069    34.3037    8.09243         25 0.0000e+00
    449.000    443.871    -0.2046  28.545741    -0.2026  28.545116     4.9315     5.1774    -0.0035    96.3025 1.0000e-12  -74.20820 -112.95040  24.168005      99.88 3.2086e+02    747.617      17944  1029.6889  1029.6863    34.3070    34.3039    8.09233         26 0.0000e+00
    450.000    444.857    -0.2033  28.547544    -0.2013  28.546848     4.9263     5.1807    -0.0046    96.2591 1.0000e-12  -74.20820 -112.95040  24.168017      99.88 3.1990e+02    748.682      17969  1029.6940  1029.6913    34.3073    34.3041    8.09204         26 0.0000e+00
    451.000    445.847    -0.2018  28.549483    -0.1996  28.549007     4.9284     5.1726     0.0004    96.2974 1.0000e-12  -74.20820 -112.95040  24.168029      99.88 3.1860e+02    749.736      17995  1029.6991  1029.6965    34.3076    34.3045    8.09169         25 0.0000e+00
    452.000    446.834    -0.2011  28.550698    -0.1991  28.549989     4.9204     5.1743    -0.0031    96.2498 1.0000e-12  -74.20820 -112.95040  24.168042      75.51 3.2007e+02    750.794      18020  1029.7041  1029.7014    34.3078    34.3046    8.09153         26 0.0000e+00
    453.000    447.821    -0.1977  28.554839    -0.1960  28.553731     4.9123     5.1599    -0.0051    96.2567 1.0000e-12  -74.20820 -112.95040  24.168054      87.55 3.2007e+02    751.866      18046  1029.7096  1029.7068    34.3089    34.3055    8.09075         25 0.0000e+00
    454.000    448.808    -0.1822  28.571672    -0.1800  28.570945     4.9035     5.1479    -0.0004    96.2157 1.0000e-12  -74.20820 -112.95040  24.168066      99.78 3.1936e+02    752.929      18071  1029.7167  1029.7138    34.3133    34.3099    8.08722         26 0.0000e+00
    455.000    449.795    -0.1676  28.587627    -0.1653  28.586758     4.9007     5.1460    -0.0013    96.2880 1.0000e-12  -74.20820 -112.95040  24.168079      99.87 3.2006e+02    753.990      18097  1029.7238  1029.7205    34.3176    34.3138    8.08389         25 0.0000e+00
    456.000    450.783    -0.1577  28.597848    -0.1557  28.596937     4.8970     5.1404    -0.0043    96.2727 1.0000e-12  -74.20820 -112.95040  24.168091      99.88 3.1989e+02    755.068      18123  1029.7293  1029.7264    34.3194    34.3159    8.08168         26 0.0000e+00
    457.000    451.770    -0.1509  28.606236    -0.1486  28.605562     4.8870     5.1411    -0.0052    96.2817 1.0000e-12  -74.20820 -112.95040  24.168104      99.88 3.1895e+02    756.145      18148  1029.7360  1029.7331    34.3223    34.3188    8.08007         26 0.0000e+00
    458.000    452.759    -0.1437  28.615277    -0.1410  28.615226     4.8886     5.1334    -0.0038    96.2532 1.0000e-12  -74.20820 -112.95040  24.168116      99.88 3.1921e+02    757.221      18174  1029.7430  1029.7403    34.3257    34.3226    8.07837         26 0.0000e+00
    459.000    453.746    -0.1407  28.618922    -0.1383  28.618583     4.8909     5.1351    -0.0077    96.2773 1.0000e-12  -74.20820 -112.95040  24.168128      99.88 3.1978e+02    758.293      18200  1029.7484  1029.7458    34.3265    34.3234    8.07768         25 0.0000e+00
    460.000    454.733    -0.1319  28.628119    -0.1297  28.627395     4.8848     5.1321    -0.0103    96.2777 1.0000e-12  -74.20820 -112.95040  24.168141      99.87 3.1873e+02    759.366      18226  1029.7538  1029.7510    34.3282    34.3248    8.07572         26 0.0000e+00
    461.000    455.720    -0.1260  28.634701    -0.1241  28.633881     4.8807     5.1238    -0.0111    96.2708 1.0000e-12  -74.20820 -112.95040  24.168153      99.88 3.1969e+02    760.435      18251  1029.7596  1029.7568    34.3298    34.3265    8.07439         26 0.0000e+00
    462.000    456.708    -0.1174  28.644269    -0.1147  28.644003     4.8786     5.1207    -0.0115    96.2865 1.0000e-12  -74.20820 -112.95040  24.168165      99.87 3.2083e+02    761.494      18277  1029.7657  1029.7628    34.3323    34.3289    8.07244         25 0.0000e+00
    463.000    457.695    -0.1124  28.650080    -0.1105  28.649460     4.8632     5.1196     0.0038    96.2639 1.0000e-12  -74.20820 -112.95040  24.168178      99.88 3.1895e+02    762.560      18302  1029.7714  1029.7688    34.3338    34.3308    8.07129         26 0.0000e+00
    464.000    458.683    -0.1120  28.651225    -0.1099  28.650621     4.8740     5.1228     0.0011    96.2650 1.0000e-12  -74.20820 -112.95040  24.168190      96.05 3.1908e+02    763.624      18328  1029.7766  1029.7740    34.3342    34.3311    8.07118         25 0.0000e+00
