ocean_section_plots/required_files/ctd/dnbp2202_ctd071.cnv
* Sea-Bird SBE 9 Data File:
* FileName = D:\Data\raw\NBP2202_CTD071.hex
* Software Version Seasave V 7.26.7.121
* Temperature SN = 1649
* Conductivity SN = 2513
* Number of Bytes Per Scan = 40
* Number of Voltage Words = 5
* Number of Scans Averaged by the Deck Unit = 1
* NMEA Latitude = 74 14.29 S
* NMEA Longitude = 112 12.57 W
* NMEA UTC (Time) = Jan 26 2022  03:59:03
* NMEA baud rate = 9600
** Ship: RVIB N.B. Palmer
** Cruise: NBP2202 Thwaites
** Station: 52
** Operator: A. Robinson
# nquan = 25
# nvalues = 956                         
# units = specified
# name 0 = prDM: Pressure, Digiquartz [db]
# name 1 = depSM: Depth [salt water, m]
# name 2 = t090C: Temperature [ITS-90, deg C]
# name 3 = c0mS/cm: Conductivity [mS/cm]
# name 4 = t190C: Temperature, 2 [ITS-90, deg C]
# name 5 = c1mS/cm: Conductivity, 2 [mS/cm]
# name 6 = sbeox0ML/L: Oxygen, SBE 43 [ml/l]
# name 7 = sbeox1ML/L: Oxygen, SBE 43, 2 [ml/l]
# name 8 = flECO-AFL: Fluorescence, WET Labs ECO-AFL/FL [mg/m^3]
# name 9 = CStarTr0: Beam Transmission, WET Labs C-Star [%]
# name 10 = par: PAR/Irradiance, Biospherical/Licor
# name 11 = latitude: Latitude [deg]
# name 12 = longitude: Longitude [deg]
# name 13 = timeJ: Julian Days
# name 14 = altM: Altimeter [m]
# name 15 = spar: SPAR, Biospherical/Licor
# name 16 = timeS: Time, Elapsed [seconds]
# name 17 = scan: Scan Count
# name 18 = density00: Density [density, kg/m^3]
# name 19 = density11: Density, 2 [density, kg/m^3]
# name 20 = sal00: Salinity, Practical [PSU]
# name 21 = sal11: Salinity, Practical, 2 [PSU]
# name 22 = oxsolML/L: Oxygen Saturation, Garcia & Gordon [ml/l]
# name 23 = nbin: number of scans per bin
# name 24 = flag: flag
# span 0 =      2.000,    957.000       
# span 1 =      1.977,    944.913       
# span 2 =    -1.5003,     0.5695       
# span 3 =  27.120696,  29.625688       
# span 4 =    -1.4999,     0.5716       
# span 5 =  27.120736,  29.625627       
# span 6 =     4.5500,     8.5377       
# span 7 =     4.6483,     8.6710       
# span 8 =    -0.0152,    26.9877       
# span 9 =    67.5582,    95.6842       
# span 10 = -2.712e-06, 9.6231e+01      
# span 11 =  -74.23826,  -74.23824      
# span 12 = -112.20966, -112.20962      
# span 13 =  26.169041,  26.183836      
# span 14 =       7.05,     100.29      
# span 15 = 2.2589e+02, 2.4931e+02      
# span 16 =    262.076,   1540.388      
# span 17 =       6291,      36970      
# span 18 =  1027.1903,  1032.2241      
# span 19 =  1027.1952,  1032.2220      
# span 20 =    33.7930,    34.5672      
# span 21 =    33.7972,    34.5647      
# span 22 =    7.91658,    8.39458      
# span 23 =          5,         65      
# span 24 = 0.0000e+00, 0.0000e+00      
# interval = decibars: 1                
# start_time = Jan 26 2022 03:59:03 [NMEA time, header]
# bad_flag = -9.990e-29
*END*
      2.000      1.977    -1.0640  27.247716    -1.0621  27.253789     8.5033     8.1404    23.9330    68.1850 9.6231e+01  -74.23824 -112.20964  26.169041     100.29 2.4842e+02    262.076       6291  1027.1903  1027.1952    33.7968    33.8030    8.30817          5 0.0000e+00
      3.000      2.970    -1.0707  27.239880    -1.0743  27.240028     8.5377     8.1870    21.6829    68.2710 6.9001e+01  -74.23824 -112.20964  26.169109      98.74 2.4884e+02    268.014       6433  1027.1923  1027.1959    33.7930    33.7972    8.30988         41 0.0000e+00
      4.000      3.958    -1.0699  27.241688    -1.0735  27.241412     8.5093     8.1762    23.8906    69.0630 4.7534e+01  -74.23826 -112.20964  26.169137      99.95 2.4893e+02    270.464       6492  1027.1977  1027.2008    33.7939    33.7976    8.30963         44 0.0000e+00
      5.000      4.948    -1.0689  27.243391    -1.0721  27.243498     8.4999     8.1895    22.3780    68.4776 3.2219e+01  -74.23826 -112.20964  26.169166      99.98 2.4857e+02    272.939       6552  1027.2029  1027.2061    33.7945    33.7982    8.30939         38 0.0000e+00
      6.000      5.939    -1.0684  27.244531    -1.0716  27.244627     8.4838     8.2247    25.1899    68.2638 2.2541e+01  -74.23826 -112.20964  26.169194      99.98 2.4877e+02    275.377       6610  1027.2080  1027.2112    33.7949    33.7987    8.30926         34 0.0000e+00
      7.000      6.927    -1.0670  27.246949    -1.0701  27.247033     8.4262     8.2312    23.7077    69.4412 1.6083e+01  -74.23826 -112.20964  26.169218      97.37 2.4912e+02    277.441       6660  1027.2136  1027.2166    33.7960    33.7996    8.30888         45 0.0000e+00
      8.000      7.916    -1.0620  27.254745    -1.0650  27.254618     8.3775     8.2636    23.3013    68.0244 1.1507e+01  -74.23826 -112.20964  26.169242      97.64 2.4909e+02    279.504       6709  1027.2216  1027.2244    33.8004    33.8036    8.30750         37 0.0000e+00
      9.000      8.905    -1.0616  27.257235    -1.0644  27.257218     8.3586     8.3231    23.0865    69.3968 8.3336e+00  -74.23826 -112.20964  26.169268      99.96 2.4931e+02    281.723       6762  1027.2283  1027.2310    33.8027    33.8059    8.30728         43 0.0000e+00
     10.000      9.896    -1.0623  27.258215    -1.0650  27.258288     8.3483     8.3764    24.4543    69.7110 6.1527e+00  -74.23826 -112.20964  26.169292      99.98 2.4857e+02    283.839       6813  1027.2344  1027.2371    33.8042    33.8074    8.30735         42 0.0000e+00
     11.000     10.888    -1.0622  27.259310    -1.0651  27.259265     8.3490     8.4130    24.7484    69.5633 4.5058e+00  -74.23826 -112.20964  26.169316      99.98 2.4857e+02    285.923       6863  1027.2399  1027.2426    33.8050    33.8082    8.30729         36 0.0000e+00
     12.000     11.875    -1.0623  27.260290    -1.0653  27.260328     8.3487     8.4423    26.2097    69.9438 3.4349e+00  -74.23826 -112.20964  26.169340      99.98 2.4857e+02    288.011       6913  1027.2454  1027.2483    33.8058    33.8092    8.30726         38 0.0000e+00
     13.000     12.865    -1.0626  27.260441    -1.0655  27.260583     8.3364     8.4648    25.0700    70.3054 2.5472e+00  -74.23826 -112.20964  26.169363      99.98 2.4857e+02    289.957       6960  1027.2501  1027.2530    33.8057    33.8092    8.30733         46 0.0000e+00
     14.000     13.855    -1.0627  27.260890    -1.0656  27.260866     8.3677     8.5034    24.0716    70.1890 1.8856e+00  -74.23826 -112.20964  26.169387      99.89 2.4857e+02    292.031       7010  1027.2551  1027.2578    33.8059    33.8091    8.30735         43 0.0000e+00
     15.000     14.845    -1.0597  27.264750    -1.0625  27.264777     8.3608     8.5279    23.6566    68.9963 1.4807e+00  -74.23826 -112.20964  26.169411      99.98 2.4857e+02    294.117       7060  1027.2607  1027.2633    33.8071    33.8103    8.30661         42 0.0000e+00
     16.000     15.832    -1.0542  27.270796    -1.0585  27.269545     8.3677     8.5440    22.7980    70.9959 1.1250e+00  -74.23826 -112.20964  26.169432      99.98 2.4857e+02    295.924       7103  1027.2663  1027.2690    33.8085    33.8117    8.30531         36 0.0000e+00
     17.000     16.823    -1.0544  27.271259    -1.0566  27.271937     8.3607     8.5540    23.4216    69.8149 8.3394e-01  -74.23826 -112.20964  26.169455      99.98 2.4857e+02    297.877       7150  1027.2714  1027.2742    33.8087    33.8122    8.30533         46 0.0000e+00
     18.000     17.812    -1.0544  27.271834    -1.0569  27.272055     8.3581     8.5667    23.9920    69.9061 6.4712e-01  -74.23826 -112.20963  26.169481      99.97 2.4857e+02    300.196       7206  1027.2763  1027.2790    33.8089    33.8121    8.30532         39 0.0000e+00
     19.000     18.803    -1.0527  27.273762    -1.0557  27.273805     8.3738     8.5835    26.9877    69.9582 4.9577e-01  -74.23826 -112.20963  26.169503      99.98 2.4857e+02    302.098       7251  1027.2811  1027.2840    33.8090    33.8125    8.30494         41 0.0000e+00
     20.000     19.793    -1.0489  27.277762    -1.0518  27.277710     8.3679     8.6011    24.3072    70.1143 3.7608e-01  -74.23826 -112.20963  26.169524      99.98 2.4857e+02    303.889       7294  1027.2862  1027.2889    33.8096    33.8128    8.30407         33 0.0000e+00
     21.000     20.781    -1.0498  27.277564    -1.0522  27.277774     8.3678     8.5998    25.4177    69.1585 2.8859e-01  -74.23826 -112.20964  26.169549      99.97 2.4857e+02    305.993       7345  1027.2912  1027.2937    33.8097    33.8126    8.30427         37 0.0000e+00
     22.000     21.772    -1.0504  27.277650    -1.0527  27.277980     8.3671     8.6064    25.8258    69.8909 2.1059e-01  -74.23826 -112.20964  26.169572      99.98 2.4857e+02    308.061       7394  1027.2962  1027.2988    33.8099    33.8129    8.30438         46 0.0000e+00
     23.000     22.760    -1.0510  27.277614    -1.0534  27.277747     8.3661     8.6060    23.5476    69.4823 1.5332e-01  -74.23826 -112.20964  26.169595      99.98 2.4857e+02    310.033       7442  1027.3011  1027.3035    33.8099    33.8128    8.30452         42 0.0000e+00
     24.000     23.751    -1.0480  27.280757    -1.0506  27.280673     8.3724     8.6215    22.5228    69.9435 1.1454e-01  -74.23826 -112.20964  26.169617      99.98 2.4857e+02    311.952       7488  1027.3059  1027.3084    33.8102    33.8130    8.30384         45 0.0000e+00
     25.000     24.740    -1.0470  27.282089    -1.0484  27.283055     8.3781     8.6272    22.1544    69.2552 8.0087e-02  -74.23826 -112.20964  26.169640      99.97 2.4857e+02    313.913       7535  1027.3108  1027.3132    33.8103    33.8132    8.30362         42 0.0000e+00
     26.000     25.730    -1.0445  27.284572    -1.0477  27.284103     8.3852     8.6289    22.3637    70.1288 4.9250e-02  -74.23826 -112.20964  26.169664      99.97 2.4857e+02    315.979       7584  1027.3154  1027.3179    33.8102    33.8131    8.30306         40 0.0000e+00
     27.000     26.721    -1.0443  27.285436    -1.0460  27.286081     8.3825     8.6151    22.8802    68.9858 2.9550e-02  -74.23826 -112.20964  26.169688      97.59 2.4857e+02    318.056       7634  1027.3205  1027.3228    33.8105    33.8133    8.30300         38 0.0000e+00
     28.000     27.708    -1.0442  27.285879    -1.0485  27.284374     8.3771     8.6193    21.8128    69.0750 1.2911e-02  -74.23824 -112.20964  26.169710      99.97 2.4857e+02    319.980       7681  1027.3252  1027.3277    33.8104    33.8132    8.30298         42 0.0000e+00
     29.000     28.697    -1.0440  27.286763    -1.0486  27.284776     8.3773     8.6187    22.4357    69.3183 6.9240e-04  -74.23824 -112.20964  26.169732      99.98 2.4857e+02    321.861       7726  1027.3303  1027.3325    33.8107    33.8132    8.30291         44 0.0000e+00
     30.000     29.687    -1.0436  27.287439    -1.0466  27.286691     8.3964     8.6389    24.3725    69.3806 -2.712e-06  -74.23824 -112.20964  26.169757      99.98 2.4857e+02    323.964       7776  1027.3350  1027.3369    33.8106    33.8129    8.30284         42 0.0000e+00
     31.000     30.677    -1.0361  27.294606    -1.0405  27.292647     8.4064     8.6609    25.6908    69.8287 1.0000e-12  -74.23824 -112.20964  26.169780      99.97 2.4857e+02    326.001       7825  1027.3399  1027.3419    33.8113    33.8135    8.30114         40 0.0000e+00
     32.000     31.667    -1.0347  27.296341    -1.0359  27.297216     8.3968     8.6503    24.2766    69.4894 1.0000e-12  -74.23824 -112.20964  26.169802      99.97 2.4857e+02    327.907       7871  1027.3448  1027.3468    33.8114    33.8140    8.30081         37 0.0000e+00
     33.000     32.657    -1.0355  27.296255    -1.0372  27.296680     8.4003     8.6449    24.7668    68.8383 1.0000e-12  -74.23824 -112.20964  26.169825      99.98 2.4857e+02    329.866       7918  1027.3498  1027.3519    33.8116    33.8141    8.30098         39 0.0000e+00
     34.000     33.646    -1.0364  27.295544    -1.0390  27.295454     8.3963     8.6535    25.5218    69.0223 1.0000e-12  -74.23824 -112.20964  26.169848      98.87 2.4857e+02    331.824       7965  1027.3543  1027.3566    33.8111    33.8138    8.30122         41 0.0000e+00
     35.000     34.633    -1.0358  27.296785    -1.0369  27.297676     8.4018     8.6622    23.6896    69.2383 1.0000e-12  -74.23824 -112.20964  26.169872     100.01 2.4857e+02    333.920       8015  1027.3594  1027.3613    33.8114    33.8139    8.30106         30 0.0000e+00
     36.000     35.624    -1.0300  27.302667    -1.0317  27.303135     8.4129     8.6614    24.8205    68.7738 1.0000e-12  -74.23824 -112.20964  26.169895      99.97 2.4857e+02    335.903       8063  1027.3645  1027.3666    33.8123    33.8149    8.29972         42 0.0000e+00
     37.000     36.616    -1.0284  27.304787    -1.0303  27.304917     8.4127     8.6620    23.4470    68.1668 1.0000e-12  -74.23824 -112.20964  26.169916      99.97 2.4838e+02    337.773       8108  1027.3696  1027.3716    33.8127    33.8151    8.29934         37 0.0000e+00
     38.000     37.603    -1.0276  27.306145    -1.0296  27.306080     8.4054     8.6653    25.0401    68.7679 1.0000e-12  -74.23824 -112.20964  26.169939      99.98 2.4787e+02    339.757       8155  1027.3747  1027.3765    33.8131    33.8153    8.29915         50 0.0000e+00
     39.000     38.591    -1.0289  27.305339    -1.0308  27.305289     8.4071     8.6668    25.3529    69.3527 1.0000e-12  -74.23824 -112.20965  26.169963      99.97 2.4858e+02    341.825       8205  1027.3794  1027.3812    33.8128    33.8149    8.29945         42 0.0000e+00
     40.000     39.583    -1.0292  27.305342    -1.0314  27.305185     8.4007     8.6605    23.9786    69.0569 1.0000e-12  -74.23824 -112.20964  26.169987      95.67 2.4797e+02    343.838       8253  1027.3841  1027.3860    33.8126    33.8148    8.29954         47 0.0000e+00
     41.000     40.570    -1.0291  27.305974    -1.0308  27.306167     8.4082     8.6637    23.6494    68.8260 1.0000e-12  -74.23824 -112.20964  26.170009      97.31 2.4742e+02    345.750       8299  1027.3890  1027.3908    33.8127    33.8149    8.29950         38 0.0000e+00
     42.000     41.561    -1.0278  27.307623    -1.0291  27.308098     8.4141     8.6650    23.9815    69.0359 1.0000e-12  -74.23824 -112.20964  26.170032     100.02 2.4755e+02    347.721       8346  1027.3938  1027.3956    33.8128    33.8149    8.29920         38 0.0000e+00
     43.000     42.550    -1.0264  27.309475    -1.0282  27.309405     8.4027     8.6690    24.2318    68.5052 1.0000e-12  -74.23824 -112.20964  26.170055      99.97 2.4722e+02    349.786       8396  1027.3988  1027.4004    33.8131    33.8151    8.29887         37 0.0000e+00
     44.000     43.539    -1.0266  27.309735    -1.0283  27.309732     8.4328     8.6672    24.5583    69.6159 1.0000e-12  -74.23824 -112.20964  26.170078      99.97 2.4707e+02    351.710       8442  1027.4036  1027.4053    33.8131    33.8151    8.29892         40 0.0000e+00
     45.000     44.529    -1.0263  27.310506    -1.0282  27.310471     8.3785     8.6691    24.5415    69.1736 1.0000e-12  -74.23824 -112.20965  26.170099      99.97 2.4716e+02    353.582       8487  1027.4085  1027.4102    33.8132    33.8153    8.29885         39 0.0000e+00
     46.000     45.520    -1.0269  27.310629    -1.0286  27.310577     8.4130     8.6710    23.8571    67.9312 1.0000e-12  -74.23824 -112.20965  26.170122      99.97 2.4814e+02    355.579       8535  1027.4135  1027.4151    33.8135    33.8153    8.29897         43 0.0000e+00
     47.000     46.507    -1.0271  27.310956    -1.0286  27.310959     8.4007     8.6666    24.7407    69.3840 1.0000e-12  -74.23824 -112.20966  26.170146      97.35 2.4758e+02    357.636       8584  1027.4183  1027.4198    33.8134    33.8152    8.29901         36 0.0000e+00
     48.000     47.498    -1.0270  27.311453    -1.0287  27.311373     8.4066     8.6662    24.1034    68.8026 1.0000e-12  -74.23824 -112.20966  26.170168      99.95 2.4681e+02    359.542       8630  1027.4231  1027.4247    33.8134    33.8152    8.29899         39 0.0000e+00
     49.000     48.487    -1.0270  27.311899    -1.0286  27.311921     8.4052     8.6641    24.3205    69.2265 1.0000e-12  -74.23824 -112.20966  26.170190      99.98 2.4680e+02    361.448       8676  1027.4279  1027.4294    33.8134    33.8152    8.29899         43 0.0000e+00
     50.000     49.476    -1.0275  27.312514    -1.0291  27.312540     8.3940     8.6569    23.9979    69.5125 1.0000e-12  -74.23824 -112.20966  26.170214      99.97 2.4680e+02    363.474       8724  1027.4335  1027.4350    33.8143    33.8161    8.29907         42 0.0000e+00
     51.000     50.465    -1.0279  27.312990    -1.0294  27.312966     8.3990     8.6591    25.7765    68.6507 1.0000e-12  -74.23824 -112.20966  26.170237      99.98 2.4680e+02    365.484       8773  1027.4386  1027.4400    33.8146    33.8164    8.29912         38 0.0000e+00
     52.000     51.456    -1.0283  27.312930    -1.0300  27.312947     8.3986     8.6429    24.5296    68.8214 1.0000e-12  -74.23826 -112.20966  26.170258      99.97 2.4680e+02    367.325       8817  1027.4432  1027.4448    33.8144    33.8164    8.29923         38 0.0000e+00
     53.000     52.444    -1.0291  27.312913    -1.0300  27.313290     8.3826     8.6500    25.1979    68.8520 1.0000e-12  -74.23826 -112.20966  26.170281      99.97 2.4680e+02    369.261       8863  1027.4483  1027.4495    33.8147    33.8162    8.29939         43 0.0000e+00
     54.000     53.436    -1.0298  27.312831    -1.0318  27.312434     8.3766     8.6457    25.1870    68.9664 1.0000e-12  -74.23826 -112.20966  26.170305      99.88 2.4680e+02    371.329       8913  1027.4532  1027.4546    33.8148    33.8164    8.29954         41 0.0000e+00
     55.000     54.424    -1.0301  27.313021    -1.0312  27.313292     8.3926     8.6570    24.0077    69.4076 1.0000e-12  -74.23826 -112.20966  26.170326      99.97 2.4680e+02    373.181       8957  1027.4579  1027.4593    33.8147    33.8163    8.29960         41 0.0000e+00
     56.000     55.413    -1.0289  27.314644    -1.0309  27.314158     8.3960     8.6511    23.6818    67.5582 1.0000e-12  -74.23826 -112.20965  26.170348      99.97 2.4680e+02    375.093       9003  1027.4629  1027.4642    33.8150    33.8165    8.29933         36 0.0000e+00
     57.000     56.402    -1.0288  27.315092    -1.0303  27.315070     8.3888     8.6497    24.0983    67.7913 1.0000e-12  -74.23826 -112.20965  26.170373      99.97 2.4680e+02    377.205       9054  1027.4675  1027.4690    33.8148    33.8165    8.29931         50 0.0000e+00
     58.000     57.392    -1.0300  27.314795    -1.0320  27.314176     8.3822     8.6442    24.4286    67.9885 1.0000e-12  -74.23826 -112.20965  26.170396      99.98 2.4680e+02    379.234       9103  1027.4727  1027.4739    33.8152    33.8166    8.29956         39 0.0000e+00
