ocean_section_plots/required_files/ctd/dnbp2202_ctd112.cnv
* Sea-Bird SBE 9 Data File:
* FileName = D:\Data\raw\NBP2202_CTD112.hex
* Software Version Seasave V 7.26.7.121
* Temperature SN = 1649
* Conductivity SN = 2513
* Number of Bytes Per Scan = 40
* Number of Voltage Words = 5
* Number of Scans Averaged by the Deck Unit = 1
* NMEA Latitude = 74 10.52 S
* NMEA Longitude = 113 20.65 W
* NMEA UTC (Time) = Jan 27 2022  07:38:23
* NMEA baud rate = 9600
** Ship: RVIB N.B. Palmer
** Cruise: NBP2202 Thwaites
** Station: YoYo001
** Operator: B. Bjork
# nquan = 25
# nvalues = 608                         
# units = specified
# name 0 = prDM: Pressure, Digiquartz [db]
# name 1 = depSM: Depth [salt water, m]
# name 2 = t090C: Temperature [ITS-90, deg C]
# name 3 = c0mS/cm: Conductivity [mS/cm]
# name 4 = t190C: Temperature, 2 [ITS-90, deg C]
# name 5 = c1mS/cm: Conductivity, 2 [mS/cm]
# name 6 = sbeox0ML/L: Oxygen, SBE 43 [ml/l]
# name 7 = sbeox1ML/L: Oxygen, SBE 43, 2 [ml/l]
# name 8 = flECO-AFL: Fluorescence, WET Labs ECO-AFL/FL [mg/m^3]
# name 9 = CStarTr0: Beam Transmission, WET Labs C-Star [%]
# name 10 = par: PAR/Irradiance, Biospherical/Licor
# name 11 = latitude: Latitude [deg]
# name 12 = longitude: Longitude [deg]
# name 13 = timeJ: Julian Days
# name 14 = altM: Altimeter [m]
# name 15 = spar: SPAR, Biospherical/Licor
# name 16 = timeS: Time, Elapsed [seconds]
# name 17 = scan: Scan Count
# name 18 = density00: Density [density, kg/m^3]
# name 19 = density11: Density, 2 [density, kg/m^3]
# name 20 = sal00: Salinity, Practical [PSU]
# name 21 = sal11: Salinity, Practical, 2 [PSU]
# name 22 = oxsolML/L: Oxygen Saturation, Garcia & Gordon [ml/l]
# name 23 = nbin: number of scans per bin
# name 24 = flag: flag
# span 0 =     10.000,    617.000       
# span 1 =      9.896,    609.688       
# span 2 =    -1.4619,     0.1253       
# span 3 =  26.972872,  28.964574       
# span 4 =    -1.4602,     0.1278       
# span 5 =  26.973886,  28.963790       
# span 6 =     4.6740,     8.4484       
# span 7 =     4.7345,     8.5451       
# span 8 =    -0.0224,    20.9790       
# span 9 =    67.7010,    95.5924       
# span 10 = -9.880e-07, 1.0194e+00      
# span 11 =  -74.17536,  -74.17536      
# span 12 = -113.34427, -113.34422      
# span 13 =  27.318705,  27.326090      
# span 14 =       7.43,     100.01      
# span 15 = 5.8098e+01, 6.0490e+01      
# span 16 =     33.141,    671.130      
# span 17 =        796,      16108      
# span 18 =  1027.2285,  1030.5295      
# span 19 =  1027.2275,  1030.5262      
# span 20 =    33.7938,    34.3926      
# span 21 =    33.7905,    34.3888      
# span 22 =    8.01804,    8.39564      
# span 23 =          1,         46      
# span 24 = 0.0000e+00, 0.0000e+00      
# interval = decibars: 1                
# start_time = Jan 27 2022 07:38:23 [NMEA time, header]
# bad_flag = -9.990e-29
*END*
[from data line 580]
    590.000    583.062     0.0839  28.908851     0.0869  28.909317     4.6855     4.7499    -0.0108    95.0055 1.0000e-12  -74.17536 -113.34424  27.325561      35.39 5.8175e+01    625.509      15013  1030.3966  1030.3941    34.3813    34.3786    8.02734         24 0.0000e+00
    591.000    584.050     0.0946  28.919455     0.0954  28.917954     4.6882     4.7489    -0.0023    95.0113 1.0000e-12  -74.17536 -113.34424  27.325573      34.37 5.8175e+01    626.495      15037  1030.4014  1030.3991    34.3827    34.3799    8.02502         23 0.0000e+00
    592.000    585.037     0.0892  28.914620     0.0941  28.917247     4.6908     4.7510    -0.0083    95.0022 1.0000e-12  -74.17536 -113.34424  27.325584      33.28 5.8175e+01    627.482      15061  1030.4059  1030.4039    34.3819    34.3798    8.02621         24 0.0000e+00
    593.000    586.024     0.0860  28.912082     0.0916  28.915184     4.6967     4.7544    -0.0007    94.9111 1.0000e-12  -74.17536 -113.34424  27.325596      32.39 5.8175e+01    628.465      15084  1030.4107  1030.4084    34.3815    34.3793    8.02690         23 0.0000e+00
    594.000    587.011     0.0897  28.916116     0.0963  28.920134     4.6884     4.7513    -0.0089    95.0014 1.0000e-12  -74.17536 -113.34424  27.325607      31.34 5.8175e+01    629.483      15109  1030.4155  1030.4132    34.3821    34.3801    8.02609         26 0.0000e+00
    595.000    587.997     0.0904  28.917234     0.0914  28.915853     4.6860     4.7445    -0.0159    95.0338 1.0000e-12  -74.17536 -113.34424  27.325620      30.24 5.8175e+01    630.592      15135  1030.4202  1030.4179    34.3822    34.3793    8.02593         27 0.0000e+00
    596.000    588.984     0.1001  28.927194     0.1025  28.926707     4.6842     4.7425    -0.0147    95.0277 1.0000e-12  -74.17536 -113.34424  27.325633      29.28 5.8175e+01    631.726      15162  1030.4253  1030.4226    34.3839    34.3806    8.02381         28 0.0000e+00
    597.000    589.971     0.1051  28.932185     0.1073  28.931872     4.6869     4.7407    -0.0073    95.0399 1.0000e-12  -74.17536 -113.34424  27.325648      28.25 5.8175e+01    632.946      15192  1030.4300  1030.4275    34.3843    34.3814    8.02274         31 0.0000e+00
    598.000    590.958     0.1062  28.933798     0.1073  28.932497     4.6807     4.7406    -0.0077    95.0491 1.0000e-12  -74.17536 -113.34424  27.325663      27.19 5.8175e+01    634.255      15223  1030.4349  1030.4324    34.3846    34.3816    8.02250         32 0.0000e+00
    599.000    591.945     0.1074  28.935418     0.1096  28.935220     4.6863     4.7380    -0.0157    95.0500 1.0000e-12  -74.17536 -113.34424  27.325678      26.12 5.8175e+01    635.575      15255  1030.4397  1030.4374    34.3849    34.3821    8.02224         31 0.0000e+00
    600.000    592.932     0.1123  28.940755     0.1144  28.940503     4.6859     4.7384    -0.0109    95.0621 1.0000e-12  -74.17536 -113.34424  27.325693      25.19 5.8175e+01    636.898      15287  1030.4448  1030.4424    34.3858    34.3831    8.02116         32 0.0000e+00
    601.000    593.917     0.1135  28.942400     0.1157  28.942162     4.6846     4.7405    -0.0148    95.0556 1.0000e-12  -74.17536 -113.34426  27.325709      24.13 5.8175e+01    638.234      15319  1030.4496  1030.4473    34.3860    34.3833    8.02089         32 0.0000e+00
    602.000    594.905     0.1145  28.944125     0.1165  28.943702     4.6846     4.7408    -0.0103    95.0782 1.0000e-12  -74.17536 -113.34425  27.325725      23.04 5.8175e+01    639.609      15352  1030.4547  1030.4523    34.3866    34.3838    8.02064         34 0.0000e+00
    603.000    595.892     0.1144  28.944618     0.1165  28.944312     4.6824     4.7417    -0.0114    95.0890 1.0000e-12  -74.17536 -113.34425  27.325743      21.97 5.8175e+01    641.204      15390  1030.4597  1030.4573    34.3868    34.3841    8.02067         38 0.0000e+00
    604.000    596.878     0.1158  28.946657     0.1181  28.946440     4.6811     4.7407    -0.0041    95.0996 1.0000e-12  -74.17536 -113.34425  27.325764      20.93 5.8415e+01    642.977      15432  1030.4647  1030.4623    34.3873    34.3845    8.02033         44 0.0000e+00
    605.000    597.865     0.1178  28.949576     0.1201  28.949447     4.6799     4.7441    -0.0147    95.0968 1.0000e-12  -74.17536 -113.34425  27.325784      19.96 5.8746e+01    644.750      15475  1030.4702  1030.4678    34.3884    34.3856    8.01987         36 0.0000e+00
    606.000    598.850     0.1178  28.950499     0.1200  28.950365     4.6814     4.7428    -0.0077    95.1296 1.0000e-12  -74.17536 -113.34424  27.325805      18.92 5.8177e+01    646.523      15518  1030.4753  1030.4731    34.3889    34.3864    8.01982         33 0.0000e+00
    607.000    599.839     0.1181  28.951327     0.1201  28.950914     4.6811     4.7409    -0.0080    95.1444 1.0000e-12  -74.17536 -113.34424  27.325826      17.87 5.8175e+01    648.387      15562  1030.4802  1030.4779    34.3892    34.3864    8.01976         46 0.0000e+00
    608.000    600.826     0.1176  28.951156     0.1198  28.950989     4.6830     4.7436    -0.0081    95.1478 1.0000e-12  -74.17536 -113.34425  27.325851      16.81 5.8175e+01    650.551      15614  1030.4848  1030.4825    34.3888    34.3862    8.01987         38 0.0000e+00
    609.000    601.812     0.1174  28.951462     0.1196  28.951201     4.6830     4.7376    -0.0077    95.1712 1.0000e-12  -74.17536 -113.34425  27.325877      15.84 5.8175e+01    652.782      15668  1030.4896  1030.4872    34.3889    34.3861    8.01991         42 0.0000e+00
    610.000    602.799     0.1176  28.952093     0.1198  28.951845     4.6810     4.7397    -0.0150    95.1746 1.0000e-12  -74.17536 -113.34425  27.325903      14.81 5.8175e+01    655.039      15722  1030.4943  1030.4919    34.3889    34.3862    8.01987         40 0.0000e+00
    611.000    603.782     0.1182  28.953152     0.1202  28.952855     4.6830     4.7397    -0.0076    95.1866 1.0000e-12  -74.17536 -113.34425  27.325930      13.80 5.8175e+01    657.335      15777  1030.4991  1030.4968    34.3891    34.3864    8.01974         42 0.0000e+00
    612.000    604.773     0.1183  28.953715     0.1206  28.953645     4.6845     4.7373    -0.0101    95.1571 1.0000e-12  -74.17536 -113.34425  27.325956      12.75 5.8175e+01    659.623      15832  1030.5038  1030.5016    34.3891    34.3865    8.01971         37 0.0000e+00
    613.000    605.759     0.1206  28.956804     0.1231  28.957026     4.6839     4.7354    -0.0044    95.1737 1.0000e-12  -74.17536 -113.34425  27.325983      11.77 5.8175e+01    661.909      15887  1030.5091  1030.5069    34.3901    34.3876    8.01919         44 0.0000e+00
    614.000    606.746     0.1245  28.961639     0.1262  28.960750     4.6809     4.7388    -0.0119    95.1522 1.0000e-12  -74.17536 -113.34425  27.326009      10.73 5.8175e+01    664.137      15940  1030.5146  1030.5120    34.3915    34.3885    8.01829         41 0.0000e+00
    615.000    607.733     0.1232  28.960581     0.1251  28.960108     4.6797     4.7345    -0.0084    95.1698 1.0000e-12  -74.17536 -113.34425  27.326034       9.70 5.8175e+01    666.369      15994  1030.5190  1030.5166    34.3909    34.3882    8.01858         41 0.0000e+00
    616.000    608.718     0.1244  28.962320     0.1265  28.962010     4.6829     4.7350    -0.0103    95.1901 1.0000e-12  -74.17536 -113.34425  27.326061       8.69 5.8175e+01    668.665      16049  1030.5239  1030.5215    34.3913    34.3886    8.01831         36 0.0000e+00
    617.000    609.688     0.1253  28.964574     0.1278  28.963790     4.6740     4.7373     0.0089    95.1711 1.0000e-12  -74.17536 -113.34427  27.326090       7.43 5.8175e+01    671.130      16108  1030.5295  1030.5262    34.3926    34.3888    8.01804          1 0.0000e+00
