ocean_section_plots/required_files/ctd/dnbp2202_ctd238.cnv
* Sea-Bird SBE 9 Data File:
* FileName = D:\Data\raw\NBP2202_CTD238.hex
* Software Version Seasave V 7.26.7.121
* Temperature SN = 1649
* Conductivity SN = 2513
* Number of Bytes Per Scan = 40
* Number of Voltage Words = 5
* Number of Scans Averaged by the Deck Unit = 1
* NMEA Latitude = 73 46.96 S
* NMEA Longitude = 118 37.05 W
* NMEA UTC (Time) = Feb 13 2022  23:59:18
* NMEA baud rate = 9600
** Ship: RVIB N.B. Palmer
** Cruise: NBP2202 Thwaites
** Station: 148
** Operator: A. Robinson
# nquan = 28
# nvalues = 611                         
# units = specified
# name 0 = prDM: Pressure, Digiquartz [db]
# name 1 = depSM: Depth [salt water, m]
# name 2 = t090C: Temperature [ITS-90, deg C]
# name 3 = c0mS/cm: Conductivity [mS/cm]
# name 4 = t190C: Temperature, 2 [ITS-90, deg C]
# name 5 = c1mS/cm: Conductivity, 2 [mS/cm]
# name 6 = sbeox0ML/L: Oxygen, SBE 43 [ml/l]
# name 7 = sbeox1ML/L: Oxygen, SBE 43, 2 [ml/l]
# name 8 = flECO-AFL: Fluorescence, WET Labs ECO-AFL/FL [mg/m^3]
# name 9 = CStarTr0: Beam Transmission, WET Labs C-Star [%]
# name 10 = par: PAR/Irradiance, Biospherical/Licor
# name 11 = latitude: Latitude [deg]
# name 12 = longitude: Longitude [deg]
# name 13 = timeJ: Julian Days
# name 14 = altM: Altimeter [m]
# name 15 = spar: SPAR, Biospherical/Licor
# name 16 = timeS: Time, Elapsed [seconds]
# name 17 = scan: Scan Count
# name 18 = density00: Density [density, kg/m^3]
# name 19 = density11: Density, 2 [density, kg/m^3]
# name 20 = v3: Voltage 3
# name 21 = v4: Voltage 4
# name 22 = v5: Voltage 5
# name 23 = sal00: Salinity, Practical [PSU]
# name 24 = sal11: Salinity, Practical, 2 [PSU]
# name 25 = oxsolML/L: Oxygen Saturation, Garcia & Gordon [ml/l]
# name 26 = nbin: number of scans per bin
# name 27 = flag: flag
# span 0 =      3.000,    613.000       
# span 1 =      2.969,    605.772       
# span 2 =    -1.6858,     0.3221       
# span 3 =  26.961461,  29.194188       
# span 4 =    -1.6837,     0.3236       
# span 5 =  26.963474,  29.193411       
# span 6 =     4.8244,     9.0569       
# span 7 =     4.9879,     9.4167       
# span 8 =     0.0435,    15.4774       
# span 9 =    82.0956,    97.1263       
# span 10 = -6.792e-05, 6.7647e+02      
# span 11 =  -73.78276,  -73.78276      
# span 12 = -118.61762, -118.61752      
# span 13 =  45.001788,  45.011767      
# span 14 =       4.24,     101.07      
# span 15 = 1.5237e+03, 1.5604e+03      
# span 16 =    196.489,   1058.660      
# span 17 =       4717,      25409      
# span 18 =  1027.2034,  1030.5593      
# span 19 =  1027.2032,  1030.5569      
# span 20 =     3.8953,     4.6075      
# span 21 =     0.0775,     2.0014      
# span 22 =     0.1166,     0.3617      
# span 23 =    33.8632,    34.4772      
# span 24 =    33.8631,    34.4745      
# span 25 =    7.97244,    8.43578      
# span 26 =         18,         45      
# span 27 = 0.0000e+00, 0.0000e+00      
# interval = decibars: 1                
# start_time = Feb 13 2022 23:59:18 [NMEA time, header]
# bad_flag = -9.990e-29
*END*
[from data line 104]
    107.000    105.867    -0.9009  27.532315    -0.9014  27.531031     7.6565     7.9606     4.6381    91.4214 1.0000e-12  -73.78276 -118.61756  45.003951      99.80 1.5495e+03    383.381       9202  1027.8015  1027.8005     4.3370     0.5800     0.1566    33.9355    33.9342    8.26406         26 0.0000e+00
    108.000    106.856    -0.8595  27.570238    -0.8579  27.570501     7.6864     7.9811     3.8563    92.2205 1.0000e-12  -73.78276 -118.61756  45.003964      99.82 1.5494e+03    384.529       9230  1027.8065  1027.8053     4.3749     0.5232     0.1612    33.9397    33.9382    8.25472         29 0.0000e+00
    109.000    107.846    -0.8192  27.607041    -0.8187  27.606905     7.7067     7.9730     4.0611    91.5061 1.0000e-12  -73.78276 -118.61756  45.003979      95.42 1.5488e+03    385.784       9260  1027.8117  1027.8110     4.3410     0.6419     0.2084    33.9436    33.9428    8.24566         31 0.0000e+00
    110.000    108.834    -0.8223  27.606403    -0.8210  27.607289     7.6486     7.9462     2.5814    91.2120 1.0000e-12  -73.78276 -118.61756  45.003993      99.80 1.5487e+03    386.996       9289  1027.8184  1027.8181     4.3271     0.5162     0.1571    33.9456    33.9453    8.24622         27 0.0000e+00
    111.000    109.822    -0.8520  27.581748    -0.8521  27.581892     7.6340     7.9331     2.9400    91.6718 1.0000e-12  -73.78276 -118.61756  45.004006      99.80 1.5506e+03    388.090       9315  1027.8249  1027.8252     4.3488     0.5950     0.1590    33.9450    33.9453    8.25276         25 0.0000e+00
    112.000    110.814    -0.8796  27.559777    -0.8797  27.559870     7.5907     7.9009     4.4345    91.2305 1.0000e-12  -73.78276 -118.61756  45.004018      99.82 1.5479e+03    389.159       9341  1027.8321  1027.8323     4.3280     0.5130     0.1562    33.9457    33.9458    8.25878         26 0.0000e+00
    113.000    111.803    -0.9073  27.537500    -0.9062  27.538629     7.5721     7.8701     3.0292    91.1645 1.0000e-12  -73.78276 -118.61756  45.004031      99.81 1.5470e+03    390.323       9369  1027.8389  1027.8391     4.3249     0.5839     0.1510    33.9460    33.9463    8.26483         30 0.0000e+00
    114.000    112.791    -0.9267  27.522236    -0.9258  27.523084     7.5209     7.8302     3.4045    91.6318 1.0000e-12  -73.78276 -118.61755  45.004046      99.81 1.5475e+03    391.592       9399  1027.8451  1027.8452     4.3469     0.5264     0.1624    33.9465    33.9466    8.26907         31 0.0000e+00
    115.000    113.781    -0.9660  27.488485    -0.9655  27.490309     7.4700     7.7696     3.9154    91.0194 1.0000e-12  -73.78276 -118.61754  45.004060      99.81 1.5458e+03    392.772       9428  1027.8506  1027.8521     4.3180     0.5478     0.1552    33.9443    33.9462    8.27786         26 0.0000e+00
    116.000    114.768    -1.0117  27.451375    -1.0134  27.450132     7.3923     7.7180     3.6743    91.9001 1.0000e-12  -73.78276 -118.61754  45.004072      99.79 1.5495e+03    393.814       9453  1027.8584  1027.8588     4.3596     0.6358     0.1721    33.9447    33.9450    8.28790         24 0.0000e+00
    117.000    115.759    -1.0436  27.424840    -1.0436  27.425246     7.3330     7.6585     3.2313    91.2122 1.0000e-12  -73.78276 -118.61754  45.004083      99.80 1.5489e+03    394.812       9476  1027.8642  1027.8648     4.3272     0.5814     0.1624    33.9440    33.9446    8.29500         24 0.0000e+00
    118.000    116.748    -1.0844  27.392043    -1.0841  27.393256     7.2898     7.6106     2.9646    91.5532 1.0000e-12  -73.78276 -118.61754  45.004095      99.81 1.5490e+03    395.847       9501  1027.8719  1027.8729     4.3432     0.5645     0.1564    33.9447    33.9460    8.30399         26 0.0000e+00
    119.000    117.737    -1.1204  27.365511    -1.1198  27.366263     7.2651     7.5708     2.6107    92.2743 1.0000e-12  -73.78276 -118.61754  45.004109      99.77 1.5458e+03    396.976       9528  1027.8814  1027.8817     4.3774     0.6630     0.1535    33.9485    33.9489    8.31173         28 0.0000e+00
    120.000    118.726    -1.1306  27.357868    -1.1302  27.358438     7.2181     7.5292     2.1092    92.0889 1.0000e-12  -73.78276 -118.61754  45.004122      97.04 1.5472e+03    398.129       9556  1027.8866  1027.8869     4.3687     0.6102     0.1517    33.9490    33.9494    8.31397         27 0.0000e+00
    121.000    119.714    -1.1552  27.339016    -1.1546  27.340099     7.1972     7.5055     2.2348    92.1878 1.0000e-12  -73.78276 -118.61754  45.004134      99.38 1.5475e+03    399.197       9582  1027.8936  1027.8942     4.3734     0.4669     0.1558    33.9505    33.9513    8.31936         24 0.0000e+00
    122.000    120.705    -1.1794  27.321841    -1.1788  27.322629     7.1843     7.4733     2.6692    92.2731 1.0000e-12  -73.78276 -118.61754  45.004146      99.79 1.5474e+03    400.213       9606  1027.9020  1027.9023     4.3774     0.5955     0.1498    33.9538    33.9541    8.32455         25 0.0000e+00
    123.000    121.692    -1.2018  27.304871    -1.2015  27.305577     7.1747     7.4499     4.0277    92.1928 1.0000e-12  -73.78276 -118.61754  45.004158      99.80 1.5486e+03    401.287       9632  1027.9088  1027.9094     4.3739     0.5884     0.1487    33.9552    33.9559    8.32943         27 0.0000e+00
    124.000    122.682    -1.2171  27.294409    -1.2173  27.294676     7.1538     7.4382     3.9139    92.8132 1.0000e-12  -73.78276 -118.61754  45.004172      99.74 1.5450e+03    402.484       9661  1027.9159  1027.9164     4.4027     0.7278     0.1571    33.9576    33.9583    8.33271         29 0.0000e+00
    125.000    123.672    -1.2290  27.286237    -1.2328  27.283648     7.1308     7.4240     3.6190    91.9803 1.0000e-12  -73.78276 -118.61754  45.004185      99.82 1.5396e+03    403.598       9687  1027.9221  1027.9231     4.3635     0.5360     0.1593    33.9593    33.9601    8.33526         25 0.0000e+00
    126.000    124.660    -1.2527  27.268753    -1.2533  27.268586     7.1353     7.4182     4.5767    92.0266 1.0000e-12  -73.78276 -118.61754  45.004197      99.83 1.5414e+03    404.591       9711  1027.9299  1027.9302     4.3657     0.4731     0.1612    33.9616    33.9620    8.34042         24 0.0000e+00
    127.000    125.650    -1.2621  27.262408    -1.2621  27.262609     7.1393     7.4185     3.6829    91.5815 1.0000e-12  -73.78276 -118.61754  45.004209      99.81 1.5491e+03    405.644       9736  1027.9357  1027.9360     4.3446     0.5523     0.2484    33.9629    33.9633    8.34243         27 0.0000e+00
    128.000    126.639    -1.2690  27.257682    -1.2686  27.258190     7.1419     7.4167     3.3816    90.7471 1.0000e-12  -73.78276 -118.61754  45.004224      99.78 1.5456e+03    406.917       9767  1027.9409  1027.9412     4.3051     0.6343     0.1571    33.9636    33.9639    8.34393         33 0.0000e+00
    129.000    127.626    -1.2781  27.251413    -1.2785  27.251363     7.1537     7.4337     3.3816    91.7985 1.0000e-12  -73.78276 -118.61754  45.004238      99.78 1.5424e+03    408.201       9798  1027.9467  1027.9470     4.3549     0.6532     0.1492    33.9648    33.9651    8.34590         28 0.0000e+00
    130.000    128.617    -1.2907  27.242065    -1.2917  27.241869     7.1749     7.4575     2.8257    91.8726 1.0000e-12  -73.78276 -118.61754  45.004250      99.83 1.5440e+03    409.228       9822  1027.9526  1027.9533     4.3584     0.4918     0.1582    33.9656    33.9664    8.34866         22 0.0000e+00
    131.000    129.605    -1.3122  27.226704    -1.3125  27.226851     7.2125     7.4761     2.6660    92.0021 1.0000e-12  -73.78276 -118.61754  45.004261      99.81 1.5417e+03    410.108       9844  1027.9606  1027.9611     4.3646     0.5629     0.1523    33.9683    33.9688    8.35332         20 0.0000e+00
    132.000    130.595    -1.3257  27.217390    -1.3247  27.218333     7.2379     7.5052     3.1204    92.4894 1.0000e-12  -73.78276 -118.61754  45.004271      89.93 1.5449e+03    410.991       9865  1027.9674  1027.9675     4.3876     0.7106     0.1605    33.9702    33.9704    8.35622         23 0.0000e+00
    133.000    131.585    -1.3303  27.214768    -1.3304  27.214897     7.2916     7.5529     3.2818    92.0472 1.0000e-12  -73.78276 -118.61754  45.004284      99.25 1.5472e+03    412.143       9892  1027.9728  1027.9731     4.3667     0.6973     0.1718    33.9711    33.9715    8.35719         33 0.0000e+00
    134.000    132.573    -1.3403  27.208976    -1.3403  27.209234     7.3303     7.5968     3.3509    91.8044 1.0000e-12  -73.78276 -118.61754  45.004300      99.80 1.5416e+03    413.552       9926  1027.9800  1027.9803     4.3551     0.6269     0.1612    33.9740    33.9743    8.35928         32 0.0000e+00
    135.000    133.561    -1.3423  27.208561    -1.3422  27.208704     7.3438     7.6019     3.5645    92.2558 1.0000e-12  -73.78276 -118.61754  45.004314      99.79 1.5425e+03    414.718       9954  1027.9855  1027.9855     4.3767     0.6211     0.1550    33.9751    33.9751    8.35966         25 0.0000e+00
    136.000    134.551    -1.3444  27.208094    -1.3439  27.208520     7.3332     7.5964     3.3851    92.4247 1.0000e-12  -73.78276 -118.61754  45.004325      99.77 1.5480e+03    415.664       9977  1027.9910  1027.9909     4.3845     0.6993     0.1572    33.9762    33.9761    8.36007         21 0.0000e+00
    137.000    135.539    -1.3483  27.205936    -1.3483  27.206005     7.3401     7.5990     3.1961    92.4855 1.0000e-12  -73.78276 -118.61754  45.004335      99.83 1.5476e+03    416.545       9998  1027.9964  1027.9966     4.3873     0.5143     0.1571    33.9769    33.9771    8.36088         21 0.0000e+00
    138.000    136.529    -1.3577  27.199381    -1.3578  27.199462     7.3342     7.6016     2.3495    91.9474 1.0000e-12  -73.78276 -118.61756  45.004346      99.83 1.5465e+03    417.502      10021  1028.0025  1028.0026     4.3621     0.4867     0.1540    33.9781    33.9782    8.36294         26 0.0000e+00
    139.000    137.517    -1.3659  27.193467    -1.3664  27.193307     7.3291     7.5992     2.2337    91.2653 1.0000e-12  -73.78276 -118.61756  45.004360      99.81 1.5477e+03    418.670      10049  1028.0080  1028.0082     4.3296     0.5404     0.1589    33.9786    33.9789    8.36474         29 0.0000e+00
    140.000    138.505    -1.3720  27.189265    -1.3721  27.189244     7.3255     7.5927     3.0006    92.1433 1.0000e-12  -73.78276 -118.61755  45.004374      99.80 1.5457e+03    419.885      10078  1028.0133  1028.0133     4.3712     0.6227     0.1575    33.9791    33.9791    8.36607         27 0.0000e+00
    141.000    139.496    -1.3734  27.188493    -1.3736  27.188553     7.3031     7.5880     3.2232    91.7662 1.0000e-12  -73.78276 -118.61755  45.004387      99.84 1.5474e+03    421.005      10105  1028.0179  1028.0181     4.3533     0.4471     0.1484    33.9790    33.9793    8.36640         25 0.0000e+00
    142.000    140.484    -1.3838  27.181083    -1.3835  27.181409     7.2862     7.5642     2.9397    92.1414 1.0000e-12  -73.78276 -118.61756  45.004399      99.80 1.5493e+03    422.055      10130  1028.0239  1028.0240     4.3711     0.5972     0.1610    33.9800    33.9802    8.36866         25 0.0000e+00
    143.000    141.474    -1.3866  27.179644    -1.3866  27.179653     7.2590     7.5417     2.6641    91.8599 1.0000e-12  -73.78276 -118.61756  45.004411      99.84 1.5480e+03    423.107      10156  1028.0292  1028.0291     4.3578     0.4289     0.1603    33.9806    33.9806    8.36927         26 0.0000e+00
    144.000    142.463    -1.3889  27.178839    -1.3889  27.179023     7.2212     7.5042     3.5590    91.5870 1.0000e-12  -73.78276 -118.61756  45.004423      93.15 1.5454e+03    424.185      10181  1028.0346  1028.0347     4.3449     0.5231     0.1627    33.9814    33.9817    8.36972         26 0.0000e+00
    145.000    143.451    -1.3892  27.179598    -1.3890  27.179688     7.1676     7.4586     2.4113    91.9624 1.0000e-12  -73.78276 -118.61756  45.004436      99.56 1.5479e+03    425.252      10207  1028.0399  1028.0398     4.3627     0.5251     0.1623    33.9823    33.9821    8.36976         25 0.0000e+00
    146.000    144.441    -1.3859  27.184054    -1.3854  27.184236     7.1355     7.4323     1.9522    91.4358 1.0000e-12  -73.78276 -118.61756  45.004448      99.80 1.5506e+03    426.295      10232  1028.0457  1028.0454     4.3377     0.5985     0.1519    33.9840    33.9837    8.36891         25 0.0000e+00
    147.000    145.430    -1.3836  27.187076    -1.3832  27.187232     7.1436     7.4489     2.3450    92.2011 1.0000e-12  -73.78276 -118.61758  45.004460      99.83 1.5494e+03    427.359      10258  1028.0510  1028.0507     4.3742     0.4692     0.1470    33.9849    33.9846    8.36833         26 0.0000e+00
    148.000    146.419    -1.3834  27.187990    -1.3831  27.188138     7.1391     7.4347     2.6999    92.7625 1.0000e-12  -73.78276 -118.61756  45.004473      99.81 1.5481e+03    428.462      10284  1028.0560  1028.0559     4.4004     0.5424     0.1556    33.9853    33.9852    8.36826         27 0.0000e+00
    149.000    147.408    -1.3733  27.198672    -1.3721  27.198302     7.1633     7.4423     2.6866    92.7236 1.0000e-12  -73.78276 -118.61758  45.004486      99.80 1.5466e+03    429.584      10311  1028.0622  1028.0606     4.3988     0.5937     0.1545    33.9879    33.9861    8.36585         27 0.0000e+00
    150.000    148.397    -1.2968  27.268864    -1.2939  27.268933     7.1703     7.4563     2.2779    92.9213 1.0000e-12  -73.78276 -118.61758  45.004499      99.78 1.5439e+03    430.688      10338  1028.0693  1028.0665     4.4081     0.6956     0.1527    33.9969    33.9937    8.34819         25 0.0000e+00
    151.000    149.384    -1.2592  27.301734    -1.2601  27.300542     7.1825     7.4396     2.3003    92.6339 1.0000e-12  -73.78276 -118.61758  45.004511      99.83 1.5487e+03    431.709      10362  1028.0733  1028.0729     4.3944     0.4666     0.1596    33.9986    33.9980    8.33967         24 0.0000e+00
    152.000    150.375    -1.2596  27.302085    -1.2591  27.302097     7.1779     7.4392     2.1762    92.1757 1.0000e-12  -73.78276 -118.61758  45.004522      99.85 1.5520e+03    432.718      10386  1028.0788  1028.0783     4.3729     0.3542     0.1473    33.9989    33.9984    8.33974         26 0.0000e+00
    153.000    151.364    -1.2577  27.304714    -1.2561  27.305243     7.1721     7.4400     3.0666    93.0943 1.0000e-12  -73.78276 -118.61758  45.004535      99.85 1.5480e+03    433.848      10413  1028.0845  1028.0836     4.4164     0.4267     0.1523    33.9998    33.9987    8.33927         29 0.0000e+00
    154.000    152.353    -1.2857  27.283359    -1.2947  27.275744     7.1764     7.4338     2.4852    92.9119 1.0000e-12  -73.78276 -118.61758  45.004550      99.84 1.5470e+03    435.098      10443  1028.0929  1028.0933     4.4077     0.3836     0.1748    34.0016    34.0014    8.34541         29 0.0000e+00
    155.000    153.340    -1.3001  27.272401    -1.2979  27.274011     7.1565     7.4175     2.2120    92.7721 1.0000e-12  -73.78276 -118.61758  45.004563      99.84 1.5511e+03    436.218      10470  1028.0993  1028.0990     4.4011     0.4057     0.1509    34.0023    34.0021    8.34859         24 0.0000e+00
    156.000    154.329    -1.2978  27.274886    -1.2940  27.278058     7.1353     7.3974     2.4523    92.2569 1.0000e-12  -73.78276 -118.61760  45.004574      99.83 1.5489e+03    437.196      10494  1028.1042  1028.1039     4.3766     0.4782     0.1518    34.0025    34.0025    8.34807         24 0.0000e+00
    157.000    155.319    -1.3008  27.273852    -1.2945  27.278484     7.1220     7.3839     2.0393    92.5751 1.0000e-12  -73.78276 -118.61758  45.004585      98.52 1.5503e+03    438.170      10517  1028.1103  1028.1092     4.3917     0.4764     0.1729    34.0039    34.0031    8.34866         24 0.0000e+00
