ocean_section_plots/required_files/ctd/dnbp2202_ctd216.cnv
* Sea-Bird SBE 9 Data File:
* FileName = D:\Data\raw\NBP2202_CTD216.hex
* Software Version Seasave V 7.26.7.121
* Temperature SN = 1649
* Conductivity SN = 2513
* Number of Bytes Per Scan = 40
* Number of Voltage Words = 5
* Number of Scans Averaged by the Deck Unit = 1
* NMEA Latitude = 73 56.46 S
* NMEA Longitude = 111 25.09 W
* NMEA UTC (Time) = Feb 11 2022  07:05:06
* NMEA baud rate = 9600
** Ship: RVIB N.B. Palmer
** Cruise: NBP2202 Thwaites
** Station: 128
** Operator: B. Bjork
# nquan = 28
# nvalues = 688                         
# units = specified
# name 0 = prDM: Pressure, Digiquartz [db]
# name 1 = depSM: Depth [salt water, m]
# name 2 = t090C: Temperature [ITS-90, deg C]
# name 3 = c0mS/cm: Conductivity [mS/cm]
# name 4 = t190C: Temperature, 2 [ITS-90, deg C]
# name 5 = c1mS/cm: Conductivity, 2 [mS/cm]
# name 6 = sbeox0ML/L: Oxygen, SBE 43 [ml/l]
# name 7 = sbeox1ML/L: Oxygen, SBE 43, 2 [ml/l]
# name 8 = flECO-AFL: Fluorescence, WET Labs ECO-AFL/FL [mg/m^3]
# name 9 = CStarTr0: Beam Transmission, WET Labs C-Star [%]
# name 10 = par: PAR/Irradiance, Biospherical/Licor
# name 11 = latitude: Latitude [deg]
# name 12 = longitude: Longitude [deg]
# name 13 = timeJ: Julian Days
# name 14 = altM: Altimeter [m]
# name 15 = spar: SPAR, Biospherical/Licor
# name 16 = timeS: Time, Elapsed [seconds]
# name 17 = scan: Scan Count
# name 18 = density00: Density [density, kg/m^3]
# name 19 = density11: Density, 2 [density, kg/m^3]
# name 20 = v3: Voltage 3
# name 21 = v4: Voltage 4
# name 22 = v5: Voltage 5
# name 23 = sal00: Salinity, Practical [PSU]
# name 24 = sal11: Salinity, Practical, 2 [PSU]
# name 25 = oxsolML/L: Oxygen Saturation, Garcia & Gordon [ml/l]
# name 26 = nbin: number of scans per bin
# name 27 = flag: flag
# span 0 =      1.000,    688.000       
# span 1 =      0.995,    679.761       
# span 2 =    -1.6863,     0.3947       
# span 3 =  26.876235,  29.323470       
# span 4 =    -1.6857,     0.3972       
# span 5 =  26.876624,  29.323791       
# span 6 =     4.5809,     8.9559       
# span 7 =     4.7374,     9.2737       
# span 8 =    -0.0146,    30.4061       
# span 9 =    69.5048,    98.4602       
# span 10 = 1.0000e-12, 3.2305e+00      
# span 11 =  -73.94104,  -73.93935      
# span 12 = -111.42292, -111.41851      
# span 13 =  42.297001,  42.306297      
# span 14 =       1.35,     100.92      
# span 15 = 1.8663e+01, 3.6415e+01      
# span 16 =    154.854,    958.103      
# span 17 =       3717,      22995      
# span 18 =  1027.1836,  1030.9461      
# span 19 =  1027.1826,  1030.9441      
# span 20 =     3.2972,     4.6708      
# span 21 =     0.0652,     4.7771      
# span 22 =     0.1098,     0.2758      
# span 23 =    33.7967,    34.5218      
# span 24 =    33.7967,    34.5194      
# span 25 =    7.95496,    8.43945      
# span 26 =          9,         54      
# span 27 = 0.0000e+00, 0.0000e+00      
# interval = decibars: 1                
# start_time = Feb 11 2022 07:05:06 [NMEA time, header]
# bad_flag = -9.990e-29
*END*
[from data line 518]
    519.000    512.992     0.2777  29.123377     0.2800  29.123339     4.6948     4.8282     0.0081    97.8582 1.0000e-12  -73.93994 -111.42140  42.303649      80.89 3.1801e+01    729.302      17504  1030.1340  1030.1317     4.6423     0.0689     0.1267    34.4882    34.4855    7.98101         27 0.0000e+00
    520.000    513.978     0.2786  29.124750     0.2808  29.124877     4.6904     4.8236     0.0099    97.8488 1.0000e-12  -73.93994 -111.42142  42.303662      93.30 3.5040e+01    730.409      17531  1030.1389  1030.1368     4.6418     0.0701     0.1264    34.4884    34.4860    7.98082         27 0.0000e+00
    521.000    514.966     0.2790  29.125732     0.2812  29.125723     4.6890     4.8211     0.0012    97.8897 1.0000e-12  -73.93994 -111.42142  42.303675      99.90 3.1023e+01    731.539      17558  1030.1438  1030.1417     4.6437     0.0714     0.1247    34.4887    34.4862    7.98072         27 0.0000e+00
    522.000    515.953     0.2791  29.126378     0.2814  29.126375     4.6951     4.8239     0.0031    97.8589 1.0000e-12  -73.93993 -111.42143  42.303688      99.92 3.0815e+01    732.682      17585  1030.1486  1030.1464     4.6423     0.0717     0.1259    34.4887    34.4862    7.98068         27 0.0000e+00
    523.000    516.939     0.2801  29.127863     0.2825  29.128034     4.6769     4.8231    -0.0009    97.8711 1.0000e-12  -73.93992 -111.42144  42.303701      99.92 3.4857e+01    733.806      17612  1030.1535  1030.1513     4.6428     0.0724     0.1399    34.4891    34.4865    7.98047         28 0.0000e+00
    524.000    517.928     0.2814  29.129644     0.2837  29.129613     4.6985     4.8235    -0.0012    97.8811 1.0000e-12  -73.93992 -111.42145  42.303715      99.93 3.1642e+01    734.944      17640  1030.1584  1030.1561     4.6433     0.0696     0.1262    34.4894    34.4867    7.98018         27 0.0000e+00
    525.000    518.913     0.2820  29.130715     0.2843  29.130738     4.6795     4.8290    -0.0020    97.8658 1.0000e-12  -73.93992 -111.42146  42.303728      99.92 3.2064e+01    736.096      17667  1030.1632  1030.1610     4.6426     0.0723     0.1261    34.4894    34.4869    7.98004         27 0.0000e+00
    526.000    519.901     0.2829  29.132036     0.2851  29.131951     4.6966     4.8247     0.0057    97.8650 1.0000e-12  -73.93992 -111.42146  42.303741      99.92 3.4176e+01    737.223      17694  1030.1680  1030.1657     4.6425     0.0719     0.1266    34.4897    34.4870    7.97986         27 0.0000e+00
    527.000    520.889     0.2833  29.133029     0.2857  29.132989     4.6817     4.8168     0.0051    97.8251 1.0000e-12  -73.93992 -111.42148  42.303754      99.93 3.1916e+01    738.357      17722  1030.1728  1030.1705     4.6407     0.0714     0.1272    34.4898    34.4872    7.97975         28 0.0000e+00
    528.000    521.876     0.2843  29.134471     0.2866  29.134471     4.7054     4.8193    -0.0004    97.8345 1.0000e-12  -73.93992 -111.42148  42.303767      99.93 3.2713e+01    739.502      17749  1030.1776  1030.1754     4.6411     0.0709     0.1280    34.4900    34.4875    7.97953         27 0.0000e+00
    529.000    522.863     0.2857  29.136437     0.2881  29.136590     4.6777     4.8156     0.0026    97.8544 1.0000e-12  -73.93991 -111.42149  42.303780      99.92 3.4595e+01    740.619      17776  1030.1825  1030.1804     4.6420     0.0706     0.1285    34.4905    34.4880    7.97922         27 0.0000e+00
    530.000    523.851     0.2862  29.137241     0.2885  29.137417     4.6790     4.8133     0.0058    97.8394 1.0000e-12  -73.93990 -111.42150  42.303793      99.92 3.1886e+01    741.741      17803  1030.1872  1030.1851     4.6413     0.0702     0.1275    34.4905    34.4880    7.97913         27 0.0000e+00
    531.000    524.837     0.2873  29.138844     0.2896  29.139025     4.6889     4.8160     0.0118    97.8374 1.0000e-12  -73.93990 -111.42151  42.303806      83.57 3.2447e+01    742.869      17830  1030.1921  1030.1900     4.6412     0.0699     0.1277    34.4907    34.4883    7.97888         27 0.0000e+00
    532.000    525.825     0.2882  29.140407     0.2907  29.140621     4.6867     4.8104     0.0143    97.8316 1.0000e-12  -73.93990 -111.42152  42.303819      95.41 3.4361e+01    743.971      17856  1030.1970  1030.1949     4.6410     0.0713     0.1299    34.4911    34.4887    7.97866         26 0.0000e+00
    533.000    526.811     0.2887  29.141306     0.2910  29.141483     4.6813     4.8148     0.0034    97.8459 1.0000e-12  -73.93990 -111.42152  42.303832      99.90 3.2912e+01    745.080      17883  1030.2017  1030.1997     4.6416     0.0708     0.1327    34.4911    34.4888    7.97856         27 0.0000e+00
    534.000    527.799     0.2894  29.142351     0.2916  29.142452     4.6742     4.8137    -0.0020    97.8535 1.0000e-12  -73.93988 -111.42154  42.303845      99.92 3.2973e+01    746.209      17910  1030.2065  1030.2044     4.6420     0.0719     0.1315    34.4912    34.4888    7.97842         27 0.0000e+00
    535.000    528.784     0.2899  29.143476     0.2923  29.143672     4.7003     4.8149     0.0157    97.8362 1.0000e-12  -73.93988 -111.42154  42.303858      99.92 3.4634e+01    747.319      17937  1030.2114  1030.2093     4.6412     0.0727     0.1274    34.4915    34.4891    7.97829         24 0.0000e+00
    536.000    529.772     0.2910  29.145069     0.2933  29.145206     4.6794     4.8158     0.0107    97.8527 1.0000e-12  -73.93988 -111.42154  42.303871      99.93 3.3292e+01    748.422      17963  1030.2163  1030.2141     4.6419     0.0708     0.1263    34.4918    34.4893    7.97806         27 0.0000e+00
    537.000    530.760     0.2919  29.146412     0.2942  29.146541     4.6686     4.8156     0.0006    97.8516 1.0000e-12  -73.93988 -111.42156  42.303884      99.92 3.1855e+01    749.548      17990  1030.2210  1030.2189     4.6419     0.0706     0.1262    34.4920    34.4896    7.97786         27 0.0000e+00
    538.000    531.747     0.2925  29.147461     0.2948  29.147543     4.6560     4.8171     0.0047    97.8264 1.0000e-12  -73.93988 -111.42157  42.303896      99.92 3.3440e+01    750.655      18017  1030.2258  1030.2237     4.6407     0.0702     0.1302    34.4921    34.4896    7.97772         26 0.0000e+00
    539.000    532.734     0.2955  29.151270     0.2981  29.151543     4.6887     4.8152     0.0122    97.8288 1.0000e-12  -73.93988 -111.42158  42.303909      99.91 3.3298e+01    751.762      18043  1030.2310  1030.2288     4.6408     0.0710     0.1272    34.4931    34.4906    7.97704         27 0.0000e+00
    540.000    533.721     0.2985  29.154850     0.3007  29.154857     4.6782     4.8065     0.0143    97.8278 1.0000e-12  -73.93988 -111.42158  42.303922      99.93 3.2056e+01    752.877      18070  1030.2361  1030.2339     4.6408     0.0710     0.1269    34.4939    34.4914    7.97638         27 0.0000e+00
    541.000    534.710     0.3007  29.157680     0.3031  29.157888     4.6793     4.8058     0.0019    97.8316 1.0000e-12  -73.93988 -111.42158  42.303935      99.92 3.3360e+01    753.980      18097  1030.2412  1030.2390     4.6409     0.0703     0.1278    34.4946    34.4921    7.97589         26 0.0000e+00
    542.000    535.695     0.3025  29.160026     0.3049  29.160230     4.6778     4.8124     0.0044    97.7985 1.0000e-12  -73.93986 -111.42160  42.303948      99.92 3.3494e+01    755.074      18123  1030.2461  1030.2441     4.6394     0.0745     0.1310    34.4951    34.4927    7.97549         27 0.0000e+00
    543.000    536.683     0.3041  29.162260     0.3063  29.162249     4.6685     4.8120    -0.0003    97.8293 1.0000e-12  -73.93986 -111.42160  42.303961      88.34 3.0981e+01    756.194      18150  1030.2511  1030.2490     4.6408     0.0698     0.1269    34.4956    34.4931    7.97513         27 0.0000e+00
    544.000    537.669     0.3048  29.163664     0.3072  29.163767     4.6696     4.8059    -0.0021    97.8482 1.0000e-12  -73.93986 -111.42160  42.303973      94.52 3.2930e+01    757.300      18176  1030.2562  1030.2540     4.6417     0.0708     0.1398    34.4961    34.4936    7.97496         26 0.0000e+00
    545.000    538.657     0.3050  29.164408     0.3074  29.164599     4.6699     4.8047    -0.0010    97.8416 1.0000e-12  -73.93986 -111.42160  42.303986      99.88 3.4162e+01    758.386      18202  1030.2611  1030.2590     4.6414     0.0709     0.1273    34.4962    34.4938    7.97491         26 0.0000e+00
    546.000    539.643     0.3062  29.166184     0.3087  29.166498     4.6671     4.8038     0.0050    97.8402 1.0000e-12  -73.93986 -111.42162  42.303999      99.92 3.1213e+01    759.499      18229  1030.2660  1030.2639     4.6414     0.0715     0.1254    34.4967    34.4942    7.97464         27 0.0000e+00
    547.000    540.631     0.3082  29.168565     0.3103  29.168478     4.6534     4.8065     0.0132    97.8484 1.0000e-12  -73.93986 -111.42162  42.304012      99.92 3.2884e+01    760.604      18255  1030.2707  1030.2687     4.6417     0.0709     0.1282    34.4969    34.4945    7.97420         26 0.0000e+00
    548.000    541.618     0.3105  29.171332     0.3129  29.171526     4.6584     4.8010     0.0077    97.8008 1.0000e-12  -73.93985 -111.42162  42.304024      99.92 3.4039e+01    761.689      18282  1030.2756  1030.2736     4.6395     0.0709     0.1280    34.4974    34.4950    7.97369         26 0.0000e+00
    549.000    542.605     0.3127  29.174335     0.3152  29.174391     4.6675     4.7987     0.0003    97.8233 1.0000e-12  -73.93984 -111.42163  42.304037      99.91 3.0060e+01    762.803      18308  1030.2809  1030.2786     4.6406     0.0715     0.1284    34.4983    34.4956    7.97319         27 0.0000e+00
    550.000    543.591     0.3129  29.175006     0.3151  29.174932     4.6645     4.8015     0.0055    97.8125 1.0000e-12  -73.93984 -111.42164  42.304050      99.93 3.2318e+01    763.916      18335  1030.2857  1030.2835     4.6401     0.0726     0.1270    34.4984    34.4959    7.97315         27 0.0000e+00
    551.000    544.580     0.3117  29.174570     0.3142  29.174758     4.6610     4.8003     0.0069    97.8274 1.0000e-12  -73.93984 -111.42164  42.304063      99.92 3.4351e+01    765.007      18361  1030.2907  1030.2885     4.6408     0.0730     0.1277    34.4985    34.4960    7.97338         26 0.0000e+00
    552.000    545.566     0.3138  29.177380     0.3163  29.177614     4.6604     4.7918     0.0132    97.8392 1.0000e-12  -73.93984 -111.42164  42.304075      99.92 3.0583e+01    766.117      18388  1030.2958  1030.2937     4.6413     0.0721     0.1283    34.4993    34.4968    7.97291         27 0.0000e+00
    553.000    546.553     0.3165  29.180368     0.3191  29.180772     4.6575     4.7954     0.0072    97.8168 1.0000e-12  -73.93984 -111.42166  42.304088      99.92 3.1999e+01    767.226      18414  1030.3006  1030.2985     4.6403     0.0719     0.1250    34.4997    34.4973    7.97234         26 0.0000e+00
    554.000    547.541     0.3187  29.182993     0.3211  29.183229     4.6798     4.7945     0.0063    97.8157 1.0000e-12  -73.93984 -111.42166  42.304101      97.78 3.4091e+01    768.305      18440  1030.3054  1030.3033     4.6402     0.0726     0.1265    34.5000    34.4977    7.97186         26 0.0000e+00
    555.000    548.526     0.3213  29.186043     0.3242  29.186659     4.6718     4.7856     0.0061    97.8116 1.0000e-12  -73.93984 -111.42168  42.304113      76.65 3.1118e+01    769.403      18467  1030.3103  1030.3081     4.6400     0.0688     0.1267    34.5005    34.4981    7.97129         27 0.0000e+00
    556.000    549.515     0.3228  29.187875     0.3250  29.187933     4.6394     4.7919    -0.0000    97.8049 1.0000e-12  -73.93984 -111.42167  42.304126      93.89 3.1722e+01    770.504      18493  1030.3150  1030.3130     4.6397     0.0703     0.1301    34.5007    34.4983    7.97097         26 0.0000e+00
    557.000    550.501     0.3236  29.189045     0.3258  29.189252     4.6555     4.7903    -0.0010    97.8166 1.0000e-12  -73.93984 -111.42168  42.304139      99.87 3.5092e+01    771.595      18519  1030.3197  1030.3178     4.6402     0.0723     0.1307    34.5008    34.4986    7.97082         26 0.0000e+00
    558.000    551.488     0.3247  29.190815     0.3270  29.191068     4.6573     4.7818     0.0061    97.8147 1.0000e-12  -73.93984 -111.42168  42.304152      99.92 3.1050e+01    772.688      18546  1030.3247  1030.3227     4.6402     0.0713     0.1292    34.5013    34.4990    7.97055         26 0.0000e+00
    559.000    552.476     0.3257  29.192301     0.3280  29.192381     4.6431     4.7831     0.0069    97.8211 1.0000e-12  -73.93983 -111.42168  42.304164      99.91 3.1536e+01    773.792      18572  1030.3296  1030.3275     4.6405     0.0711     0.1261    34.5015    34.4991    7.97033         27 0.0000e+00
    560.000    553.462     0.3262  29.193289     0.3286  29.193450     4.6425     4.7793    -0.0015    97.8192 1.0000e-12  -73.93982 -111.42169  42.304177      99.92 3.4405e+01    774.872      18598  1030.3344  1030.3323     4.6404     0.0687     0.1272    34.5017    34.4992    7.97022         25 0.0000e+00
    561.000    554.449     0.3265  29.194002     0.3289  29.194200     4.6406     4.7807     0.0118    97.8173 1.0000e-12  -73.93982 -111.42170  42.304189      99.93 3.1278e+01    775.957      18624  1030.3391  1030.3370     4.6403     0.0709     0.1280    34.5017    34.4993    7.97016         27 0.0000e+00
    562.000    555.436     0.3275  29.195375     0.3295  29.195378     4.6440     4.7782     0.0004    97.8048 1.0000e-12  -73.93982 -111.42170  42.304202      99.91 3.1529e+01    777.064      18651  1030.3438  1030.3419     4.6397     0.0714     0.1293    34.5018    34.4995    7.96995         26 0.0000e+00
    563.000    556.423     0.3280  29.196390     0.3303  29.196567     4.6617     4.7733    -0.0007    97.7989 1.0000e-12  -73.93982 -111.42170  42.304215      99.92 3.3911e+01    778.150      18677  1030.3487  1030.3466     4.6394     0.0715     0.1319    34.5020    34.4996    7.96983         26 0.0000e+00
    564.000    557.409     0.3291  29.198062     0.3314  29.198059     4.6429     4.7779     0.0055    97.7879 1.0000e-12  -73.93982 -111.42172  42.304227      99.91 3.1714e+01    779.238      18703  1030.3535  1030.3514     4.6389     0.0718     0.1296    34.5023    34.4998    7.96958         26 0.0000e+00
    565.000    558.397     0.3299  29.199332     0.3322  29.199422     4.6542     4.7781     0.0064    97.7935 1.0000e-12  -73.93982 -111.42172  42.304240      99.92 2.9629e+01    780.340      18729  1030.3583  1030.3562     4.6392     0.0718     0.1307    34.5025    34.5000    7.96940         27 0.0000e+00
    566.000    559.383     0.3303  29.200047     0.3325  29.200211     4.6480     4.7751     0.0069    97.7871 1.0000e-12  -73.93982 -111.42172  42.304253      99.92 3.3116e+01    781.425      18755  1030.3630  1030.3610     4.6389     0.0714     0.1284    34.5024    34.5001    7.96933         26 0.0000e+00
    567.000    560.372     0.3310  29.201335     0.3332  29.201402     4.6402     4.7733     0.0193    97.7713 1.0000e-12  -73.93982 -111.42174  42.304265      81.02 3.2348e+01    782.513      18781  1030.3679  1030.3658     4.6381     0.0689     0.1298    34.5027    34.5003    7.96916         26 0.0000e+00
    568.000    561.357     0.3314  29.202124     0.3336  29.202187     4.6448     4.7761     0.0025    97.7983 1.0000e-12  -73.93981 -111.42174  42.304278      94.46 3.0812e+01    783.629      18808  1030.3725  1030.3705     4.6394     0.0722     0.1322    34.5027    34.5003    7.96908         27 0.0000e+00
    569.000    562.345     0.3315  29.202764     0.3338  29.202818     4.6493     4.7765    -0.0146    97.8048 1.0000e-12  -73.93980 -111.42174  42.304291      99.87 3.3206e+01    784.721      18834  1030.3773  1030.3752     4.6397     0.0699     0.1264    34.5028    34.5004    7.96905         26 0.0000e+00
