ocean_section_plots/required_files/ctd/dnbp2202_ctd099.cnv
* Sea-Bird SBE 9 Data File:
* FileName = D:\Data\raw\NBP2202_CTD099.hex
* Software Version Seasave V 7.26.7.121
* Temperature SN = 1649
* Conductivity SN = 2513
* Number of Bytes Per Scan = 40
* Number of Voltage Words = 5
* Number of Scans Averaged by the Deck Unit = 1
* NMEA Latitude = 74 10.51 S
* NMEA Longitude = 113 20.67 W
* NMEA UTC (Time) = Jan 27 2022  01:57:22
* NMEA baud rate = 9600
** Ship: RVIB N.B. Palmer
** Cruise: NBP2202 Thwaites
** Station: YoYo001
** Operator: A. Robinson
# nquan = 25
# nvalues = 608                         
# units = specified
# name 0 = prDM: Pressure, Digiquartz [db]
# name 1 = depSM: Depth [salt water, m]
# name 2 = t090C: Temperature [ITS-90, deg C]
# name 3 = c0mS/cm: Conductivity [mS/cm]
# name 4 = t190C: Temperature, 2 [ITS-90, deg C]
# name 5 = c1mS/cm: Conductivity, 2 [mS/cm]
# name 6 = sbeox0ML/L: Oxygen, SBE 43 [ml/l]
# name 7 = sbeox1ML/L: Oxygen, SBE 43, 2 [ml/l]
# name 8 = flECO-AFL: Fluorescence, WET Labs ECO-AFL/FL [mg/m^3]
# name 9 = CStarTr0: Beam Transmission, WET Labs C-Star [%]
# name 10 = par: PAR/Irradiance, Biospherical/Licor
# name 11 = latitude: Latitude [deg]
# name 12 = longitude: Longitude [deg]
# name 13 = timeJ: Julian Days
# name 14 = altM: Altimeter [m]
# name 15 = spar: SPAR, Biospherical/Licor
# name 16 = timeS: Time, Elapsed [seconds]
# name 17 = scan: Scan Count
# name 18 = density00: Density [density, kg/m^3]
# name 19 = density11: Density, 2 [density, kg/m^3]
# name 20 = sal00: Salinity, Practical [PSU]
# name 21 = sal11: Salinity, Practical, 2 [PSU]
# name 22 = oxsolML/L: Oxygen Saturation, Garcia & Gordon [ml/l]
# name 23 = nbin: number of scans per bin
# name 24 = flag: flag
# span 0 =     10.000,    617.000       
# span 1 =      9.896,    609.699       
# span 2 =    -1.5104,     0.0775       
# span 3 =  26.938711,  28.912769       
# span 4 =    -1.5091,     0.0793       
# span 5 =  26.178403,  28.380050       
# span 6 =     4.6876,     7.9032       
# span 7 =     4.7579,     7.9371       
# span 8 =    -0.0224,    23.3944       
# span 9 =    73.5966,    95.5919       
# span 10 = 1.0000e-12, 3.2199e+01      
# span 11 =  -74.17528,  -74.17528      
# span 12 = -113.34460, -113.34456      
# span 13 =  27.082187,  27.091685      
# span 14 =       4.92,     100.40      
# span 15 = 5.2925e+02, 1.5803e+03      
# span 16 =     58.946,    879.548      
# span 17 =       1416,      21110      
# span 18 =  1027.2343,  1030.5212      
# span 19 =  1026.2546,  1029.9591      
# span 20 =    33.7974,    34.3789      
# span 21 =    32.5920,    33.6770      
# span 22 =    8.02884,    8.40650      
# span 23 =          7,         49      
# span 24 = 0.0000e+00, 0.0000e+00      
# interval = decibars: 1                
# start_time = Jan 27 2022 01:57:22 [NMEA time, header]
# bad_flag = -9.990e-29
*END*
[from data line 406]
    416.000    411.280    -0.1985  28.514044    -0.1971  27.878158     4.7781     4.8601    -0.0119    95.3360 1.0000e-12  -74.17528 -113.34456  27.088166      99.90 6.6763e+02    575.521      13813  1029.5104  1028.8309    34.2776    33.4329    8.09270         27 0.0000e+00
    417.000    412.269    -0.1957  28.517482    -0.1940  27.882411     4.7785     4.8608    -0.0158    95.3251 1.0000e-12  -74.17528 -113.34456  27.088179      99.87 6.7461e+02    576.672      13841  1029.5156  1028.8368    34.2784    33.4346    8.09205         29 0.0000e+00
    418.000    413.257    -0.1940  28.519857    -0.1922  27.885345     4.7642     4.8480    -0.0104    95.3284 1.0000e-12  -74.17528 -113.34456  27.088193      99.87 6.8334e+02    577.833      13869  1029.5207  1028.8425    34.2791    33.4359    8.09165         28 0.0000e+00
    419.000    414.244    -0.1859  28.529056    -0.1837  27.894112     4.7649     4.8457    -0.0107    95.2998 1.0000e-12  -74.17528 -113.34456  27.088206      99.86 6.9243e+02    578.992      13897  1029.5269  1028.8480    34.2816    33.4377    8.08979         27 0.0000e+00
    420.000    415.231    -0.1797  28.536021    -0.1784  27.900861     4.7655     4.8427    -0.0120    95.2620 1.0000e-12  -74.17528 -113.34456  27.088219      99.87 7.0364e+02    580.137      13924  1029.5326  1028.8545    34.2834    33.4403    8.08839         27 0.0000e+00
    421.000    416.219    -0.1785  28.537778    -0.1768  27.903627     4.7694     4.8459    -0.0176    95.2586 1.0000e-12  -74.17528 -113.34456  27.088232      99.86 7.1692e+02    581.271      13951  1029.5376  1028.8601    34.2837    33.4415    8.08811         28 0.0000e+00
    422.000    417.207    -0.1793  28.537651    -0.1779  27.903788     4.7724     4.8511    -0.0142    95.2652 1.0000e-12  -74.17528 -113.34456  27.088246      99.87 7.3104e+02    582.414      13979  1029.5426  1028.8658    34.2839    33.4424    8.08828         27 0.0000e+00
    423.000    418.192    -0.1792  28.538460    -0.1777  27.905019     4.7677     4.8512    -0.0105    95.2524 1.0000e-12  -74.17528 -113.34456  27.088259      99.87 7.4631e+02    583.574      14007  1029.5476  1028.8712    34.2843    33.4433    8.08823         29 0.0000e+00
    424.000    419.185    -0.1784  28.539620    -0.1767  27.907018     4.7726     4.8509    -0.0154    95.2485 1.0000e-12  -74.17528 -113.34456  27.088272      86.31 7.6337e+02    584.739      14035  1029.5524  1028.8766    34.2844    33.4442    8.08806         25 0.0000e+00
    425.000    420.170    -0.1799  28.538996    -0.1781  27.906720     4.7670     4.8505    -0.0116    95.2254 1.0000e-12  -74.17528 -113.34456  27.088286      83.99 7.8083e+02    585.896      14062  1029.5575  1028.8820    34.2846    33.4448    8.08837         28 0.0000e+00
    426.000    421.157    -0.1807  28.538881    -0.1791  27.906674     4.7697     4.8542    -0.0158    95.2015 1.0000e-12  -74.17528 -113.34456  27.088299      99.21 7.9874e+02    587.035      14090  1029.5625  1028.8873    34.2848    33.4452    8.08853         27 0.0000e+00
    427.000    422.146    -0.1799  28.540094    -0.1784  27.908130     4.7717     4.8464    -0.0109    95.1997 1.0000e-12  -74.17528 -113.34456  27.088312      99.86 8.1726e+02    588.174      14117  1029.5672  1028.8924    34.2848    33.4458    8.08834         28 0.0000e+00
    428.000    423.133    -0.1796  28.541007    -0.1778  27.909381     4.7651     4.8399    -0.0096    95.1929 1.0000e-12  -74.17528 -113.34456  27.088325      99.87 8.3455e+02    589.315      14145  1029.5722  1028.8975    34.2851    33.4462    8.08826         27 0.0000e+00
    429.000    424.120    -0.1738  28.547670    -0.1717  27.916008     4.7597     4.8450    -0.0093    95.1923 1.0000e-12  -74.17528 -113.34456  27.088339      99.86 8.5021e+02    590.461      14172  1029.5778  1028.9029    34.2868    33.4477    8.08693         28 0.0000e+00
    430.000    425.108    -0.1674  28.554517    -0.1656  27.922937     4.7611     4.8476    -0.0164    95.1547 1.0000e-12  -74.17528 -113.34456  27.088352      99.87 8.6529e+02    591.623      14200  1029.5832  1028.9087    34.2882    33.4497    8.08551         27 0.0000e+00
    431.000    426.096    -0.1665  28.556447    -0.1647  27.925439     4.7645     4.8493    -0.0169    95.1407 1.0000e-12  -74.17528 -113.34456  27.088366      99.86 8.8009e+02    592.783      14228  1029.5886  1028.9149    34.2891    33.4514    8.08526         28 0.0000e+00
    432.000    427.083    -0.1642  28.559891    -0.1637  27.927659     4.7731     4.8509    -0.0163    95.1472 1.0000e-12  -74.17528 -113.34456  27.088379      99.86 8.9395e+02    593.931      14255  1029.5943  1028.9206    34.2905    33.4527    8.08469         28 0.0000e+00
    433.000    428.071    -0.1669  28.557385    -0.1655  27.927355     4.7736     4.8498    -0.0045    95.1355 1.0000e-12  -74.17528 -113.34456  27.088392      99.87 9.0601e+02    595.087      14283  1029.5986  1028.9263    34.2897    33.4536    8.08532         28 0.0000e+00
    434.000    429.059    -0.1683  28.556721    -0.1668  27.926744     4.7799     4.8499    -0.0163    95.1481 1.0000e-12  -74.17528 -113.34456  27.088406      99.86 9.1589e+02    596.264      14311  1029.6036  1028.9313    34.2898    33.4537    8.08561         28 0.0000e+00
    435.000    430.045    -0.1680  28.557270    -0.1667  27.927236     4.7757     4.8500    -0.0096    95.1500 1.0000e-12  -74.17528 -113.34456  27.088419      99.86 9.2223e+02    597.424      14339  1029.6082  1028.9360    34.2895    33.4537    8.08555         28 0.0000e+00
    436.000    431.034    -0.1678  28.558273    -0.1663  27.928880     4.7680     4.8499    -0.0133    95.1527 1.0000e-12  -74.17528 -113.34456  27.088433      87.21 9.2716e+02    598.571      14367  1029.6132  1028.9416    34.2900    33.4548    8.08548         27 0.0000e+00
    437.000    432.021    -0.1582  28.567727    -0.1575  27.937375     4.7606     4.8483    -0.0186    95.1451 1.0000e-12  -74.17528 -113.34456  27.088446      95.04 9.2930e+02    599.706      14394  1029.6182  1028.9464    34.2913    33.4558    8.08339         27 0.0000e+00
    438.000    433.009    -0.1554  28.571433    -0.1535  27.942138     4.7697     4.8434    -0.0172    95.1375 1.0000e-12  -74.17528 -113.34456  27.088459      99.85 9.2904e+02    600.830      14421  1029.6237  1028.9520    34.2925    33.4572    8.08272         27 0.0000e+00
    439.000    433.996    -0.1504  28.577232    -0.1485  27.948607     4.7563     4.8344    -0.0169    95.1243 1.0000e-12  -74.17528 -113.34456  27.088472      99.86 9.2747e+02    601.977      14448  1029.6292  1028.9584    34.2939    33.4597    8.08158         28 0.0000e+00
    440.000    434.983    -0.1491  28.579193    -0.1474  27.950692     4.7616     4.8377    -0.0134    95.1381 1.0000e-12  -74.17528 -113.34456  27.088486      99.87 9.2419e+02    603.146      14477  1029.6343  1028.9639    34.2945    33.4607    8.08127         28 0.0000e+00
    441.000    435.971    -0.1464  28.583131    -0.1449  27.954463     4.7628     4.8419    -0.0101    95.1207 1.0000e-12  -74.17528 -113.34456  27.088499      99.87 9.1844e+02    604.304      14504  1029.6402  1028.9697    34.2961    33.4623    8.08060         28 0.0000e+00
    442.000    436.960    -0.1447  28.585647    -0.1429  27.957902     4.7675     4.8465    -0.0142    95.0899 1.0000e-12  -74.17528 -113.34456  27.088512      99.86 9.1184e+02    605.453      14532  1029.6456  1028.9758    34.2970    33.4641    8.08021         27 0.0000e+00
    443.000    437.945    -0.1442  28.587155    -0.1421  27.959911     4.7627     4.8392    -0.0120    95.0878 1.0000e-12  -74.17528 -113.34456  27.088525      99.87 9.0371e+02    606.601      14559  1029.6509  1028.9815    34.2978    33.4654    8.08005         27 0.0000e+00
    444.000    438.934    -0.1435  28.588428    -0.1414  27.961557     4.7652     4.8365    -0.0132    95.1004 1.0000e-12  -74.17528 -113.34456  27.088539      99.87 8.9145e+02    607.729      14587  1029.6559  1028.9869    34.2981    33.4661    8.07988         28 0.0000e+00
    445.000    439.921    -0.1421  28.590442    -0.1402  27.963631     4.7592     4.8383    -0.0120    95.0721 1.0000e-12  -74.17528 -113.34456  27.088552      99.87 8.7617e+02    608.859      14614  1029.6609  1028.9923    34.2986    33.4670    8.07955         27 0.0000e+00
    446.000    440.909    -0.1405  28.592309    -0.1390  27.965683     4.7570     4.8372    -0.0034    95.0945 1.0000e-12  -74.17528 -113.34456  27.088565      99.86 8.5919e+02    610.006      14641  1029.6657  1028.9976    34.2988    33.4678    8.07922         28 0.0000e+00
    447.000    441.896    -0.1389  28.594399    -0.1372  27.968030     4.7518     4.8289    -0.0134    95.0917 1.0000e-12  -74.17528 -113.34456  27.088578      99.87 8.3876e+02    611.165      14669  1029.6706  1029.0027    34.2992    33.4684    8.07886         27 0.0000e+00
    448.000    442.885    -0.1382  28.595672    -0.1365  27.969841     4.7562     4.8317    -0.0118    95.0808 1.0000e-12  -74.17528 -113.34456  27.088592      86.22 8.1617e+02    612.334      14697  1029.6755  1029.0082    34.2994    33.4694    8.07869         28 0.0000e+00
    449.000    443.870    -0.1368  28.598024    -0.1350  27.972249     4.7499     4.8342    -0.0160    95.0506 1.0000e-12  -74.17528 -113.34456  27.088605      97.37 7.9309e+02    613.504      14725  1029.6809  1029.0137    34.3003    33.4704    8.07833         29 0.0000e+00
    450.000    444.860    -0.1354  28.599809    -0.1342  27.973964     4.7527     4.8299    -0.0023    95.0751 1.0000e-12  -74.17528 -113.34456  27.088619      99.83 7.7076e+02    614.647      14753  1029.6858  1029.0191    34.3006    33.4712    8.07804         27 0.0000e+00
    451.000    445.846    -0.1351  28.600749    -0.1337  27.975270     4.7534     4.8269    -0.0163    95.0745 1.0000e-12  -74.17528 -113.34456  27.088632      99.86 7.5023e+02    615.786      14780  1029.6908  1029.0243    34.3009    33.4718    8.07795         27 0.0000e+00
    452.000    446.834    -0.1347  28.601545    -0.1330  27.976786     4.7474     4.8307    -0.0161    95.0600 1.0000e-12  -74.17528 -113.34456  27.088645      99.86 7.3189e+02    616.935      14807  1029.6955  1029.0294    34.3009    33.4724    8.07786         27 0.0000e+00
    453.000    447.821    -0.1305  28.606375    -0.1287  27.981800     4.7465     4.8315    -0.0092    95.0578 1.0000e-12  -74.17528 -113.34456  27.088658      99.87 7.1541e+02    618.089      14835  1029.7008  1029.0349    34.3020    33.4738    8.07692         29 0.0000e+00
    454.000    448.810    -0.1279  28.609777    -0.1263  27.985384     4.7484     4.8308    -0.0101    95.0497 1.0000e-12  -74.17528 -113.34456  27.088672      99.86 7.0045e+02    619.245      14863  1029.7061  1029.0408    34.3030    33.4754    8.07630         27 0.0000e+00
    455.000    449.796    -0.1264  28.612087    -0.1247  27.988053     4.7478     4.8326    -0.0093    95.0581 1.0000e-12  -74.17528 -113.34456  27.088685      99.87 6.8739e+02    620.402      14891  1029.7114  1029.0464    34.3038    33.4766    8.07594         28 0.0000e+00
    456.000    450.783    -0.1249  28.614529    -0.1231  27.990907     4.7501     4.8338    -0.0098    95.0581 1.0000e-12  -74.17528 -113.34456  27.088699      99.87 6.7506e+02    621.562      14918  1029.7168  1029.0522    34.3047    33.4779    8.07557         28 0.0000e+00
    457.000    451.772    -0.1243  28.616088    -0.1226  27.992867     4.7496     4.8341    -0.0108    95.0654 1.0000e-12  -74.17528 -113.34456  27.088712      99.87 6.6310e+02    622.729      14946  1029.7222  1029.0581    34.3056    33.4794    8.07540         28 0.0000e+00
    458.000    452.758    -0.1237  28.617366    -0.1220  27.994399     4.7433     4.8279    -0.0098    95.0710 1.0000e-12  -74.17528 -113.34457  27.088726      99.87 6.5330e+02    623.901      14975  1029.7273  1029.0635    34.3060    33.4803    8.07525         28 0.0000e+00
    459.000    453.747    -0.1223  28.620306    -0.1207  27.997198     4.7462     4.8186    -0.0063    95.0823 1.0000e-12  -74.17528 -113.34457  27.088739      93.15 6.4493e+02    625.053      15002  1029.7333  1029.0695    34.3077    33.4819    8.07485         27 0.0000e+00
    460.000    454.734    -0.1164  28.627378    -0.1148  28.004334     4.7484     4.8246    -0.0056    95.0801 1.0000e-12  -74.17528 -113.34458  27.088752      89.55 6.3699e+02    626.193      15030  1029.7393  1029.0757    34.3100    33.4844    8.07349         28 0.0000e+00
    461.000    455.721    -0.1135  28.631064    -0.1119  28.008715     4.7483     4.8264    -0.0141    95.0784 1.0000e-12  -74.17528 -113.34456  27.088765      99.38 6.2992e+02    627.315      15057  1029.7446  1029.0818    34.3110    33.4864    8.07282         27 0.0000e+00
    462.000    456.709    -0.1124  28.633038    -0.1107  28.010809     4.7471     4.8252    -0.0128    95.0664 1.0000e-12  -74.17528 -113.34458  27.088778      99.87 6.2485e+02    628.442      15084  1029.7500  1029.0872    34.3117    33.4872    8.07253         26 0.0000e+00
    463.000    457.697    -0.1107  28.635662    -0.1089  28.013792     4.7541     4.8203    -0.0045    95.0320 1.0000e-12  -74.17528 -113.34458  27.088791      99.87 6.2195e+02    629.574      15111  1029.7553  1029.0929    34.3127    33.4887    8.07212         28 0.0000e+00
    464.000    458.683    -0.1080  28.639199    -0.1062  28.017829     4.7524     4.8218    -0.0007    95.0111 1.0000e-12  -74.17528 -113.34457  27.088805      99.87 6.2242e+02    630.730      15139  1029.7607  1029.0989    34.3138    33.4904    8.07149         28 0.0000e+00
    465.000    459.671    -0.1072  28.640480    -0.1055  28.019256     4.7496     4.8266    -0.0120    95.0121 1.0000e-12  -74.17528 -113.34457  27.088818      99.86 6.2471e+02    631.905      15167  1029.7657  1029.1041    34.3140    33.4910    8.07131         28 0.0000e+00
    466.000    460.658    -0.1024  28.646272    -0.0997  28.025767     4.7422     4.8258    -0.0127    94.9982 1.0000e-12  -74.17528 -113.34458  27.088832      99.87 6.2773e+02    633.068      15195  1029.7714  1029.1097    34.3157    33.4927    8.07020         28 0.0000e+00
    467.000    461.646    -0.0990  28.650504    -0.0971  28.030053     4.7518     4.8233    -0.0103    94.9955 1.0000e-12  -74.17528 -113.34458  27.088845      99.87 6.3283e+02    634.219      15222  1029.7768  1029.1160    34.3170    33.4948    8.06942         28 0.0000e+00
    468.000    462.632    -0.0981  28.652155    -0.0964  28.031623     4.7517     4.8306    -0.0096    94.9982 1.0000e-12  -74.17528 -113.34458  27.088858      99.87 6.4048e+02    635.360      15250  1029.7820  1029.1214    34.3176    33.4956    8.06919         27 0.0000e+00
    469.000    463.621    -0.0981  28.653018    -0.0963  28.033183     4.7508     4.8267    -0.0090    95.0001 1.0000e-12  -74.17528 -113.34458  27.088872      99.86 6.4967e+02    636.503      15277  1029.7872  1029.1273    34.3181    33.4970    8.06916         28 0.0000e+00
    470.000    464.609    -0.0974  28.654332    -0.0956  28.034580     4.7535     4.8226    -0.0096    94.9830 1.0000e-12  -74.17528 -113.34458  27.088885      89.11 6.6155e+02    637.661      15305  1029.7922  1029.1324    34.3185    33.4975    8.06900         27 0.0000e+00
    471.000    465.595    -0.0919  28.660262    -0.0906  28.040411     4.7445     4.8241    -0.0103    94.9854 1.0000e-12  -74.17528 -113.34458  27.088898      81.27 6.7584e+02    638.825      15333  1029.7974  1029.1380    34.3196    33.4991    8.06777         28 0.0000e+00
    472.000    466.582    -0.0913  28.661224    -0.0891  28.042575     4.7507     4.8228    -0.0108    94.9973 1.0000e-12  -74.17528 -113.34458  27.088912      95.49 6.9202e+02    639.976      15360  1029.8021  1029.1433    34.3196    33.4998    8.06764         28 0.0000e+00
