ocean_section_plots/required_files/ctd/dnbp2202_ctd239.cnv
* Sea-Bird SBE 9 Data File:
* FileName = D:\Data\raw\NBP2202_CTD239.hex
* Software Version Seasave V 7.26.7.121
* Temperature SN = 1649
* Conductivity SN = 2513
* Number of Bytes Per Scan = 40
* Number of Voltage Words = 5
* Number of Scans Averaged by the Deck Unit = 1
* NMEA Latitude = 73 46.97 S
* NMEA Longitude = 118 43.94 W
* NMEA UTC (Time) = Feb 14 2022  00:56:14
* NMEA baud rate = 9600
** Ship: RVIB N.B. Palmer
** Cruise: NBP2202 Thwaites
** Station: 149
** Operator: A. Robinson
# nquan = 28
# nvalues = 306                         
# units = specified
# name 0 = prDM: Pressure, Digiquartz [db]
# name 1 = depSM: Depth [salt water, m]
# name 2 = t090C: Temperature [ITS-90, deg C]
# name 3 = c0mS/cm: Conductivity [mS/cm]
# name 4 = t190C: Temperature, 2 [ITS-90, deg C]
# name 5 = c1mS/cm: Conductivity, 2 [mS/cm]
# name 6 = sbeox0ML/L: Oxygen, SBE 43 [ml/l]
# name 7 = sbeox1ML/L: Oxygen, SBE 43, 2 [ml/l]
# name 8 = flECO-AFL: Fluorescence, WET Labs ECO-AFL/FL [mg/m^3]
# name 9 = CStarTr0: Beam Transmission, WET Labs C-Star [%]
# name 10 = par: PAR/Irradiance, Biospherical/Licor
# name 11 = latitude: Latitude [deg]
# name 12 = longitude: Longitude [deg]
# name 13 = timeJ: Julian Days
# name 14 = altM: Altimeter [m]
# name 15 = spar: SPAR, Biospherical/Licor
# name 16 = timeS: Time, Elapsed [seconds]
# name 17 = scan: Scan Count
# name 18 = density00: Density [density, kg/m^3]
# name 19 = density11: Density, 2 [density, kg/m^3]
# name 20 = v3: Voltage 3
# name 21 = v4: Voltage 4
# name 22 = v5: Voltage 5
# name 23 = sal00: Salinity, Practical [PSU]
# name 24 = sal11: Salinity, Practical, 2 [PSU]
# name 25 = oxsolML/L: Oxygen Saturation, Garcia & Gordon [ml/l]
# name 26 = nbin: number of scans per bin
# name 27 = flag: flag
# span 0 =      2.000,    307.000       
# span 1 =      1.980,    303.599       
# span 2 =    -1.5946,     0.0047       
# span 3 =  27.061513,  28.185376       
# span 4 =    -1.5940,     0.0043       
# span 5 =  27.061221,  28.183677       
# span 6 =     5.9580,     9.0401       
# span 7 =     6.2674,     9.3804       
# span 8 =     0.4138,    13.1757       
# span 9 =    85.1857,    96.2762       
# span 10 = 1.0000e-12, 5.8704e+02      
# span 11 =  -73.78292,  -73.78292      
# span 12 = -118.73238, -118.73232      
# span 13 =  45.041900,  45.047293      
# span 14 =       4.13,     100.66      
# span 15 = 1.4201e+03, 1.4459e+03      
# span 16 =    246.127,    712.078      
# span 17 =       5908,      17091      
# span 18 =  1027.1941,  1028.8924      
# span 19 =  1027.1919,  1028.8913      
# span 20 =     4.0413,     4.5672      
# span 21 =     0.1437,     1.9538      
# span 22 =     0.1238,     0.2118      
# span 23 =    33.8543,    34.0736      
# span 24 =    33.8533,    34.0718      
# span 25 =    8.07356,    8.41391      
# span 26 =          2,         44      
# span 27 = 0.0000e+00, 0.0000e+00      
# interval = decibars: 1                
# start_time = Feb 14 2022 00:56:14 [NMEA time, header]
# bad_flag = -9.990e-29
*END*
      2.000      1.980    -0.0473  28.135621    -0.0399  28.140190     9.0317     8.9210     5.3359    86.8022 5.2337e+02  -73.78292 -118.73236  45.041900      99.92 1.4378e+03    246.127       5908  1027.1941  1027.1919     4.1129     0.7764     0.1671    33.8553    33.8533    8.08464          2 0.0000e+00
      3.000      2.968    -0.0465  28.136181    -0.0453  28.136558     9.0401     8.8992     6.6010    86.4409 5.8704e+02  -73.78292 -118.73236  45.041992      99.60 1.4393e+03    254.103       6099  1027.1981  1027.1974     4.1011     1.1739     0.1680    33.8545    33.8537    8.08451         32 0.0000e+00
      4.000      3.959    -0.0437  28.138730    -0.0436  28.138316     9.0309     8.9036     6.4169    86.7010 4.1976e+02  -73.78292 -118.73236  45.042065      99.69 1.4397e+03    260.403       6251  1027.2025  1027.2020     4.1132     1.0021     0.1802    33.8543    33.8536    8.08394         28 0.0000e+00
      5.000      4.948    -0.0469  28.136619    -0.0465  28.136374     9.0278     8.9400     5.2418    86.4871 2.7864e+02  -73.78292 -118.73236  45.042119      99.75 1.4400e+03    265.090       6363  1027.2076  1027.2071     4.1030     0.8519     0.1588    33.8544    33.8536    8.08460         33 0.0000e+00
      6.000      5.938    -0.0483  28.136228    -0.0498  28.134069     9.0326     8.9490     5.9645    86.7467 2.1407e+02  -73.78292 -118.73236  45.042132      99.67 1.4398e+03    266.168       6389  1027.2129  1027.2121     4.1154     1.0372     0.1787    33.8548    33.8537    8.08488         31 0.0000e+00
      7.000      6.928    -0.0498  28.135179    -0.0486  28.135299     9.0230     9.0650     7.4362    86.3449 1.5769e+02  -73.78292 -118.73235  45.042162      88.63 1.4393e+03    268.820       6453  1027.2174  1027.2164     4.0963     1.2151     0.1884    33.8545    33.8533    8.08521         30 0.0000e+00
      8.000      7.917    -0.0508  28.135406    -0.0485  28.136152     9.0281     9.1300     7.4798    86.8199 1.2447e+02  -73.78292 -118.73234  45.042196     100.20 1.4404e+03    271.748       6523  1027.2230  1027.2216     4.1188     1.1461     0.1768    33.8553    33.8538    8.08538         35 0.0000e+00
      9.000      8.907    -0.0511  28.135561    -0.0499  28.135852     9.0220     9.1328     8.2593    87.0085 9.4648e+01  -73.78292 -118.73234  45.042211      99.48 1.4403e+03    273.030       6554  1027.2277  1027.2269     4.1277     1.6278     0.1957    33.8552    33.8543    8.08545         33 0.0000e+00
     10.000      9.898    -0.0504  28.136673    -0.0487  28.136847     9.0175     9.2383     7.8801    86.6011 7.3492e+01  -73.78292 -118.73234  45.042243      99.55 1.4403e+03    275.803       6620  1027.2324  1027.2310     4.1087     1.3353     0.1779    33.8553    33.8536    8.08530         33 0.0000e+00
     11.000     10.885    -0.0474  28.139512    -0.0456  28.140232     9.0085     9.2658     7.8556    87.2337 5.5512e+01  -73.78292 -118.73234  45.042272      99.59 1.4403e+03    278.335       6681  1027.2369  1027.2359     4.1381     1.2172     0.1886    33.8552    33.8541    8.08468         36 0.0000e+00
     12.000     11.877    -0.0006  28.180925    -0.0043  28.175820     9.0169     9.2790     9.0600    86.7219 4.5978e+01  -73.78292 -118.73234  45.042289      82.61 1.4415e+03    279.812       6716  1027.2401  1027.2382     4.1141     1.1697     0.1918    33.8576    33.8549    8.07465         37 0.0000e+00
     13.000     12.865     0.0047  28.185376     0.0043  28.183677     9.0186     9.3054     9.0931    86.8864 3.6171e+01  -73.78292 -118.73234  45.042323      94.97 1.4403e+03    282.729       6786  1027.2444  1027.2429     4.1222     1.3876     0.1764    33.8570    33.8552    8.07356         29 0.0000e+00
     14.000     13.855    -0.0129  28.169470    -0.0247  28.159139     9.0194     9.3379     7.8016    87.1926 2.9919e+01  -73.78292 -118.73234  45.042350      99.52 1.4409e+03    285.041       6842  1027.2490  1027.2494     4.1365     1.4875     0.1806    33.8549    33.8542    8.07741         39 0.0000e+00
     15.000     14.844    -0.0445  28.143474    -0.0397  28.146738     9.0261     9.3432     8.5056    87.6195 2.4047e+01  -73.78292 -118.73234  45.042373      99.49 1.4414e+03    286.996       6889  1027.2562  1027.2549     4.1570     1.5630     0.1784    33.8548    33.8538    8.08409         44 0.0000e+00
     16.000     15.832    -0.0523  28.137623    -0.0515  28.137330     9.0189     9.3430    10.0406    86.3079 2.0301e+01  -73.78292 -118.73234  45.042407      99.49 1.4384e+03    289.970       6960  1027.2615  1027.2604     4.0945     1.7518     0.1872    33.8551    33.8538    8.08572         40 0.0000e+00
     17.000     16.824    -0.0519  28.138437    -0.0501  28.139089     9.0196     9.3445     8.7055    85.4818 1.5841e+01  -73.78292 -118.73234  45.042433      99.50 1.4400e+03    292.206       7014  1027.2661  1027.2650     4.0554     1.3864     0.1935    33.8551    33.8540    8.08563         38 0.0000e+00
     18.000     17.813    -0.0501  28.140239    -0.0486  28.140577     9.0220     9.3407     9.0947    86.9237 1.3511e+01  -73.78292 -118.73234  45.042462      93.49 1.4374e+03    294.705       7074  1027.2705  1027.2694     4.1245     1.5371     0.1888    33.8549    33.8537    8.08527         34 0.0000e+00
     19.000     18.804    -0.0538  28.138560    -0.0525  28.138924     9.0132     9.3382     9.5600    87.2017 1.1010e+01  -73.78292 -118.73234  45.042494      99.20 1.4367e+03    297.456       7140  1027.2765  1027.2756     4.1372     1.6942     0.1937    33.8562    33.8552    8.08598         36 0.0000e+00
     20.000     19.792    -0.0541  28.138913    -0.0535  28.138741     9.0120     9.3452     9.1477    86.4448 9.0907e+00  -73.78292 -118.73234  45.042513      99.50 1.4367e+03    299.126       7180  1027.2813  1027.2806     4.1011     1.4191     0.1617    33.8563    33.8554    8.08602         34 0.0000e+00
     21.000     20.782    -0.0543  28.139104    -0.0531  28.139024     9.0136     9.3561     9.2984    86.6094 7.8830e+00  -73.78292 -118.73234  45.042529      99.54 1.4353e+03    300.542       7214  1027.2860  1027.2848     4.1088     1.3129     0.1951    33.8562    33.8548    8.08607         35 0.0000e+00
     22.000     21.772    -0.0544  28.139443    -0.0532  28.139620     9.0065     9.3549     8.7867    86.1960 6.4362e+00  -73.78292 -118.73234  45.042549      99.48 1.4353e+03    302.229       7254  1027.2907  1027.2898     4.0892     1.5650     0.1749    33.8562    33.8551    8.08610         39 0.0000e+00
     23.000     22.761    -0.0547  28.139901    -0.0535  28.140020     8.9918     9.3538     9.1567    86.5222 5.3857e+00  -73.78292 -118.73234  45.042573      99.58 1.4367e+03    304.321       7305  1027.2957  1027.2947     4.1049     1.6408     0.1882    33.8565    33.8553    8.08614         38 0.0000e+00
     24.000     23.751    -0.0552  28.140727    -0.0565  28.139393     9.0056     9.3606     8.8108    85.9033 4.5865e+00  -73.78292 -118.73234  45.042591      99.50 1.4367e+03    305.847       7341  1027.3014  1027.3012     4.0753     1.3833     0.1985    33.8576    33.8572    8.08619         30 0.0000e+00
     25.000     24.741    -0.0567  28.140577    -0.0554  28.140668     9.0125     9.3727     9.5956    86.5492 3.8334e+00  -73.78292 -118.73235  45.042605      98.77 1.4367e+03    307.113       7372  1027.3069  1027.3058     4.1060     1.6360     0.1895    33.8584    33.8571    8.08645         33 0.0000e+00
     26.000     25.732    -0.0542  28.142192    -0.0521  28.142698     9.0153     9.3804     8.3749    86.2524 3.1749e+00  -73.78292 -118.73234  45.042626      98.76 1.4362e+03    308.883       7414  1027.3105  1027.3090     4.0919     1.7557     0.2014    33.8571    33.8555    8.08599         36 0.0000e+00
     27.000     26.718    -0.0527  28.143430    -0.0515  28.143563     9.0194     9.3727    10.4081    86.3146 2.7100e+00  -73.78292 -118.73235  45.042651      99.51 1.4384e+03    311.051       7466  1027.3146  1027.3136     4.0949     1.8828     0.1789    33.8565    33.8554    8.08571         40 0.0000e+00
     28.000     27.708    -0.0524  28.143988    -0.0512  28.144220     9.0162     9.3742     9.9665    86.4979 2.3045e+00  -73.78292 -118.73235  45.042669      99.54 1.4390e+03    312.564       7503  1027.3192  1027.3184     4.1035     1.3086     0.1915    33.8563    33.8553    8.08566         31 0.0000e+00
     29.000     28.699    -0.0525  28.144124    -0.0513  28.144142     9.0180     9.3735     9.5825    85.5340 1.8994e+00  -73.78292 -118.73235  45.042683      99.47 1.4387e+03    313.800       7532  1027.3237  1027.3226     4.0579     1.4390     0.1860    33.8560    33.8547    8.08570         31 0.0000e+00
     30.000     29.688    -0.0525  28.144706    -0.0512  28.144818     9.0264     9.3771     9.0891    85.2849 1.5686e+00  -73.78292 -118.73235  45.042701      99.46 1.4381e+03    315.343       7569  1027.3286  1027.3275     4.0460     1.5593     0.1781    33.8562    33.8549    8.08569         40 0.0000e+00
     31.000     30.677    -0.0524  28.145223    -0.0512  28.145389     9.0099     9.3780     9.6681    86.6643 1.3338e+00  -73.78292 -118.73236  45.042726      99.56 1.4413e+03    317.504       7621  1027.3335  1027.3325     4.1114     1.6534     0.1958    33.8562    33.8551    8.08568         38 0.0000e+00
     32.000     31.668    -0.0523  28.145860    -0.0511  28.145885     9.0075     9.3792     9.6289    86.7293 1.1187e+00  -73.78292 -118.73236  45.042744      99.55 1.4403e+03    319.046       7658  1027.3383  1027.3372     4.1149     1.5478     0.1736    33.8563    33.8550    8.08565         32 0.0000e+00
     33.000     32.656    -0.0531  28.145944    -0.0513  28.146480     9.0080     9.3775    10.0598    87.4491 9.2369e-01  -73.78292 -118.73236  45.042759      99.51 1.4388e+03    320.382       7690  1027.3435  1027.3423     4.1484     1.8371     0.1844    33.8568    33.8554    8.08580         34 0.0000e+00
     34.000     33.646    -0.0536  28.145828    -0.0525  28.145846     9.0013     9.3659    13.1757    85.4075 7.7517e-01  -73.78292 -118.73236  45.042779      98.42 1.4394e+03    322.098       7731  1027.3481  1027.3471     4.0516     1.9106     0.1886    33.8565    33.8553    8.08591         44 0.0000e+00
     35.000     34.636    -0.0535  28.146037    -0.0527  28.146180     8.9900     9.3564     9.1946    87.3582 6.7191e-01  -73.78292 -118.73236  45.042802      99.52 1.4387e+03    324.127       7780  1027.3525  1027.3519     4.1447     1.3589     0.1502    33.8560    33.8553    8.08591         34 0.0000e+00
     36.000     35.625    -0.0578  28.144988    -0.0561  28.145164     8.9955     9.3589     7.9424    86.7983 5.6244e-01  -73.78292 -118.73236  45.042820      99.51 1.4380e+03    325.661       7817  1027.3598  1027.3584     4.1178     1.3479     0.1811    33.8588    33.8572    8.08666         33 0.0000e+00
     37.000     36.615    -0.0582  28.144865    -0.0570  28.144989     9.0025     9.3567    10.0277    85.1857 4.5610e-01  -73.78292 -118.73236  45.042836      99.53 1.4384e+03    327.046       7850  1027.3644  1027.3633     4.0413     1.3315     0.1567    33.8585    33.8573    8.08677         35 0.0000e+00
     38.000     37.604    -0.0581  28.145354    -0.0573  28.145033     8.9945     9.3551    11.4933    85.9410 3.7629e-01  -73.78292 -118.73237  45.042857      99.51 1.4387e+03    328.809       7892  1027.3690  1027.3679     4.0772     1.4088     0.1703    33.8585    33.8571    8.08676         41 0.0000e+00
     39.000     38.593    -0.0593  28.144976    -0.0583  28.144831     8.9517     9.3201    10.8577    85.8393 3.2421e-01  -73.78292 -118.73236  45.042882      99.43 1.4374e+03    331.022       7946  1027.3740  1027.3730     4.0723     1.9538     0.2018    33.8586    33.8574    8.08698         41 0.0000e+00
     40.000     39.584    -0.0627  28.142563    -0.0595  28.144662     8.9295     9.3240     9.8599    86.1525 2.6875e-01  -73.78292 -118.73236  45.042899      99.43 1.4367e+03    332.487       7981  1027.3790  1027.3782     4.0872     1.5159     0.1717    33.8586    33.8579    8.08771         29 0.0000e+00
     41.000     40.572    -0.0955  28.119158    -0.0766  28.132687     8.9896     9.3439     8.9160    87.5471 2.2023e-01  -73.78292 -118.73235  45.042913      92.59 1.4371e+03    333.659       8009  1027.3900  1027.3863     4.1533     1.5860     0.1725    33.8633    33.8604    8.09439         30 0.0000e+00
     42.000     41.561    -0.0606  28.145137    -0.0600  28.143646     9.0069     9.3615     7.5577    86.3456 1.7492e-01  -73.78292 -118.73235  45.042933      99.39 1.4369e+03    335.412       8051  1027.3881  1027.3861     4.0965     1.4819     0.1910    33.8585    33.8559    8.08727         42 0.0000e+00
     43.000     42.551    -0.0551  28.149701    -0.0547  28.149129     8.9995     9.3482    10.1574    86.9212 1.4292e-01  -73.78292 -118.73235  45.042960      99.58 1.4344e+03    337.737       8107  1027.3920  1027.3911     4.1232     1.3185     0.1831    33.8579    33.8566    8.08615         37 0.0000e+00
     44.000     43.540    -0.0574  28.148835    -0.0583  28.147335     8.9796     9.3369     8.1148    86.3701 1.1464e-01  -73.78292 -118.73236  45.042976      99.42 1.4337e+03    339.124       8140  1027.3977  1027.3969     4.0975     1.5323     0.2101    33.8587    33.8576    8.08659         29 0.0000e+00
     45.000     44.531    -0.0614  28.146279    -0.0631  28.144279     8.9447     9.3186     9.5018    86.2529 8.7983e-02  -73.78292 -118.73235  45.042992      99.54 1.4347e+03    340.491       8173  1027.4031  1027.4026     4.0920     1.3096     0.1935    33.8591    33.8583    8.08741         39 0.0000e+00
     46.000     45.520    -0.0907  28.123640    -0.0821  28.130845     8.8473     9.2138    11.3633    87.4060 6.4716e-02  -73.78292 -118.73235  45.043013      99.64 1.4353e+03    342.313       8217  1027.4116  1027.4110     4.1465     1.5637     0.1813    33.8609    33.8610    8.09351         40 0.0000e+00
     47.000     46.509    -0.1201  28.100775    -0.1057  28.113318     8.6907     9.0581    10.0738    87.0828 4.6851e-02  -73.78292 -118.73235  45.043032      99.55 1.4356e+03    343.990       8257  1027.4198  1027.4194     4.1313     1.5152     0.2118    33.8626    33.8633    8.09966         32 0.0000e+00
     48.000     47.499    -0.2018  28.037154    -0.2006  28.038401     8.5812     8.9647     9.4560    86.5934 3.2517e-02  -73.78292 -118.73235  45.043048      99.59 1.4355e+03    345.370       8290  1027.4348  1027.4351     4.1081     1.2152     0.1691    33.8681    33.8684    8.11671         33 0.0000e+00
     49.000     48.490    -0.2712  27.978459    -0.2739  27.977786     8.5363     8.9100     7.1935    85.6666 1.9881e-02  -73.78292 -118.73235  45.043064      99.67 1.4361e+03    346.732       8323  1027.4429  1027.4450     4.0639     1.0447     0.1738    33.8664    33.8686    8.13161         31 0.0000e+00
     50.000     49.477    -0.3092  27.949410    -0.3075  27.950132     8.5203     8.8866     6.3479    87.1999 7.7823e-03  -73.78292 -118.73234  45.043081      99.70 1.4358e+03    348.182       8357  1027.4519  1027.4511     4.1367     0.9728     0.1602    33.8693    33.8684    8.13956         34 0.0000e+00
     51.000     50.467    -0.3189  27.942305    -0.3179  27.942818     8.4931     8.8659     4.7949    87.2095 3.8828e-04  -73.78292 -118.73234  45.043098      99.71 1.4366e+03    349.676       8393  1027.4572  1027.4568     4.1373     0.9203     0.1658    33.8701    33.8696    8.14161         36 0.0000e+00
     52.000     51.456    -0.3348  27.930109    -0.3348  27.930075     8.4826     8.8383     8.5612    86.9704 1.5338e-06  -73.78292 -118.73235  45.043115      99.76 1.4367e+03    351.139       8428  1027.4631  1027.4630     4.1259     0.8201     0.1630    33.8709    33.8708    8.14497         34 0.0000e+00
