ocean_section_plots/required_files/ctd/dnbp2202_ctd077.cnv
* Sea-Bird SBE 9 Data File:
* FileName = D:\Data\raw\NBP2202_CTD077.hex
* Software Version Seasave V 7.26.7.121
* Temperature SN = 1649
* Conductivity SN = 2513
* Number of Bytes Per Scan = 40
* Number of Voltage Words = 5
* Number of Scans Averaged by the Deck Unit = 1
* NMEA Latitude = 74 10.51 S
* NMEA Longitude = 113 20.67 W
* NMEA UTC (Time) = Jan 26 2022  15:43:13
* NMEA baud rate = 9600
** Ship: RVIB N.B. Palmer
** Cruise: NBP2202 Thwaites
** Station: YoYo001
** Operator: A. Robinson
# nquan = 25
# nvalues = 616                         
# units = specified
# name 0 = prDM: Pressure, Digiquartz [db]
# name 1 = depSM: Depth [salt water, m]
# name 2 = t090C: Temperature [ITS-90, deg C]
# name 3 = c0mS/cm: Conductivity [mS/cm]
# name 4 = t190C: Temperature, 2 [ITS-90, deg C]
# name 5 = c1mS/cm: Conductivity, 2 [mS/cm]
# name 6 = sbeox0ML/L: Oxygen, SBE 43 [ml/l]
# name 7 = sbeox1ML/L: Oxygen, SBE 43, 2 [ml/l]
# name 8 = flECO-AFL: Fluorescence, WET Labs ECO-AFL/FL [mg/m^3]
# name 9 = CStarTr0: Beam Transmission, WET Labs C-Star [%]
# name 10 = par: PAR/Irradiance, Biospherical/Licor
# name 11 = latitude: Latitude [deg]
# name 12 = longitude: Longitude [deg]
# name 13 = timeJ: Julian Days
# name 14 = altM: Altimeter [m]
# name 15 = spar: SPAR, Biospherical/Licor
# name 16 = timeS: Time, Elapsed [seconds]
# name 17 = scan: Scan Count
# name 18 = density00: Density [density, kg/m^3]
# name 19 = density11: Density, 2 [density, kg/m^3]
# name 20 = sal00: Salinity, Practical [PSU]
# name 21 = sal11: Salinity, Practical, 2 [PSU]
# name 22 = oxsolML/L: Oxygen Saturation, Garcia & Gordon [ml/l]
# name 23 = nbin: number of scans per bin
# name 24 = flag: flag
# span 0 =      2.000,    617.000       
# span 1 =      1.988,    609.706       
# span 2 =    -1.5063,     0.0730       
# span 3 =  26.978963,  28.899351       
# span 4 =    -1.5054,     0.0745       
# span 5 =  26.979322,  28.898692       
# span 6 =     4.7312,     8.6455       
# span 7 =     4.8359,     8.8863       
# span 8 =    -0.0214,    28.3229       
# span 9 =    68.2451,    95.6587       
# span 10 = 1.0000e-12, 5.9890e+02      
# span 11 =  -74.17528,  -74.17528      
# span 12 = -113.34464, -113.34460      
# span 13 =  26.657714,  26.668043      
# span 14 =       3.02,     100.01      
# span 15 = 1.4808e+03, 1.8208e+03      
# span 16 =    233.525,   1125.923      
# span 17 =       5606,      27023      
# span 18 =  1027.1844,  1030.5186      
# span 19 =  1027.1842,  1030.5161      
# span 20 =    33.7920,    34.3763      
# span 21 =    33.7926,    34.3738      
# span 22 =    8.02990,    8.40346      
# span 23 =         21,         50      
# span 24 = 0.0000e+00, 0.0000e+00      
# interval = decibars: 1                
# start_time = Jan 26 2022 15:43:13 [NMEA time, header]
# bad_flag = -9.990e-29
*END*
[from data line 174]
    176.000    174.103    -1.3619  27.206209    -1.3612  27.206106     5.7859     5.9406    -0.0048    95.5933 1.0000e-12  -74.17528 -113.34464  26.661120      99.87 1.6943e+03    527.726      12666  1028.1747  1028.1739    33.9684    33.9675    8.36444         30 0.0000e+00
    177.000    175.093    -1.3572  27.212648    -1.3564  27.212543     5.7904     5.9445    -0.0002    95.6235 1.0000e-12  -74.17528 -113.34464  26.661133      99.87 1.6856e+03    528.931      12695  1028.1816  1028.1807    33.9713    33.9702    8.36321         28 0.0000e+00
    178.000    176.082    -1.3526  27.218804    -1.3516  27.218808     5.7989     5.9564    -0.0064    95.6296 1.0000e-12  -74.17528 -113.34464  26.661147      99.86 1.6771e+03    530.099      12723  1028.1883  1028.1874    33.9739    33.9729    8.36203         27 0.0000e+00
    179.000    177.069    -1.3489  27.224938    -1.3485  27.224426     5.8065     5.9576    -0.0077    95.6016 1.0000e-12  -74.17528 -113.34464  26.661160      99.86 1.6713e+03    531.223      12750  1028.1959  1028.1949    33.9776    33.9764    8.36099         27 0.0000e+00
    180.000    178.061    -1.3490  27.225405    -1.3485  27.224997     5.8142     5.9623    -0.0012    95.6242 1.0000e-12  -74.17528 -113.34464  26.661173      96.24 1.6668e+03    532.370      12778  1028.2009  1028.2000    33.9777    33.9766    8.36100         29 0.0000e+00
    181.000    179.048    -1.3496  27.225703    -1.3491  27.225351     5.8159     5.9680    -0.0072    95.6208 1.0000e-12  -74.17528 -113.34464  26.661187      98.21 1.6623e+03    533.581      12807  1028.2063  1028.2053    33.9782    33.9771    8.36111         29 0.0000e+00
    182.000    180.037    -1.3504  27.225903    -1.3501  27.225325     5.8182     5.9702    -0.0018    95.6250 1.0000e-12  -74.17528 -113.34464  26.661202      99.87 1.6591e+03    534.816      12837  1028.2116  1028.2107    33.9788    33.9776    8.36126         30 0.0000e+00
    183.000    181.026    -1.3518  27.225408    -1.3513  27.224853     5.8210     5.9687    -0.0033    95.6070 1.0000e-12  -74.17528 -113.34464  26.661216      99.87 1.6581e+03    536.026      12866  1028.2167  1028.2157    33.9790    33.9777    8.36155         28 0.0000e+00
    184.000    182.016    -1.3525  27.225329    -1.3526  27.224477     5.8186     5.9720     0.0027    95.6218 1.0000e-12  -74.17528 -113.34464  26.661229      99.87 1.6581e+03    537.187      12893  1028.2217  1028.2208    33.9791    33.9780    8.36170         28 0.0000e+00
    185.000    183.003    -1.3527  27.225692    -1.3523  27.225173     5.8262     5.9732    -0.0017    95.6380 1.0000e-12  -74.17528 -113.34462  26.661242      99.87 1.6584e+03    538.322      12921  1028.2265  1028.2256    33.9791    33.9780    8.36173         27 0.0000e+00
    186.000    183.993    -1.3547  27.224454    -1.3545  27.223806     5.8350     5.9799     0.0074    95.6475 1.0000e-12  -74.17528 -113.34463  26.661255      99.86 1.6615e+03    539.471      12948  1028.2315  1028.2306    33.9791    33.9780    8.36219         28 0.0000e+00
    187.000    184.980    -1.3587  27.221748    -1.3582  27.221340     5.8344     5.9846     0.0034    95.6341 1.0000e-12  -74.17528 -113.34463  26.661269      99.86 1.6687e+03    540.663      12977  1028.2367  1028.2358    33.9793    33.9782    8.36308         29 0.0000e+00
    188.000    185.970    -1.3577  27.223278    -1.3574  27.222753     5.8301     5.9793    -0.0004    95.6439 1.0000e-12  -74.17528 -113.34463  26.661283      99.87 1.6785e+03    541.877      13006  1028.2418  1028.2408    33.9797    33.9786    8.36284         29 0.0000e+00
    189.000    186.959    -1.3537  27.227613    -1.3533  27.227076     5.8329     5.9780    -0.0057    95.6587 1.0000e-12  -74.17528 -113.34464  26.661297      99.86 1.6919e+03    543.075      13035  1028.2469  1028.2459    33.9805    33.9793    8.36189         28 0.0000e+00
    190.000    187.946    -1.3534  27.228486    -1.3528  27.227979     5.8373     5.9885    -0.0077    95.6484 1.0000e-12  -74.17528 -113.34462  26.661311      99.87 1.7054e+03    544.237      13063  1028.2519  1028.2508    33.9806    33.9793    8.36180         28 0.0000e+00
    191.000    188.936    -1.3560  27.227106    -1.3559  27.226458     5.8311     5.9809     0.0045    95.6183 1.0000e-12  -74.17528 -113.34464  26.661324      87.84 1.7180e+03    545.388      13090  1028.2572  1028.2564    33.9811    33.9801    8.36237         28 0.0000e+00
    192.000    189.924    -1.3602  27.224443    -1.3603  27.223406     5.8417     5.9984     0.0071    95.6181 1.0000e-12  -74.17528 -113.34463  26.661337      98.50 1.7292e+03    546.555      13118  1028.2626  1028.2617    33.9816    33.9803    8.36327         28 0.0000e+00
    193.000    190.914    -1.3609  27.224452    -1.3600  27.224253     5.8099     5.9730     0.0011    95.6084 1.0000e-12  -74.17528 -113.34463  26.661351      99.86 1.7382e+03    547.744      13147  1028.2677  1028.2666    33.9818    33.9805    8.36342         29 0.0000e+00
    194.000    191.901    -1.3613  27.225496    -1.3595  27.225812     5.7095     5.8761     0.0257    95.6154 1.0000e-12  -74.17528 -113.34463  26.661365      99.86 1.7441e+03    548.945      13176  1028.2735  1028.2721    33.9831    33.9815    8.36344         28 0.0000e+00
    195.000    192.891    -1.2778  27.303522    -1.2737  27.304558     5.6120     5.7902    -0.0067    95.6576 1.0000e-12  -74.17528 -113.34462  26.661379      99.86 1.7470e+03    550.136      13204  1028.2823  1028.2794    33.9948    33.9916    8.34406         29 0.0000e+00
    196.000    193.879    -1.2183  27.358198    -1.2165  27.357663     5.5514     5.7270    -0.0025    95.6388 1.0000e-12  -74.17528 -113.34464  26.661393      99.86 1.7470e+03    551.315      13233  1028.2891  1028.2867    34.0017    33.9989    8.33038         29 0.0000e+00
    197.000    194.869    -1.1829  27.390858    -1.1819  27.390232     5.5250     5.6997    -0.0104    95.6482 1.0000e-12  -74.17528 -113.34463  26.661406      99.87 1.7470e+03    552.492      13261  1028.2952  1028.2936    34.0056    34.0036    8.32226         28 0.0000e+00
    198.000    195.856    -1.1638  27.408985    -1.1642  27.407046     5.5157     5.6830    -0.0150    95.6295 1.0000e-12  -74.17528 -113.34463  26.661420      99.87 1.7471e+03    553.669      13289  1028.3013  1028.2996    34.0081    34.0059    8.31786         27 0.0000e+00
    199.000    196.845    -1.1603  27.412382    -1.1593  27.412002     5.5177     5.6664    -0.0118    95.6189 1.0000e-12  -74.17528 -113.34463  26.661433      99.87 1.7479e+03    554.829      13317  1028.3066  1028.3051    34.0082    34.0065    8.31709         28 0.0000e+00
    200.000    197.835    -1.1544  27.418294    -1.1523  27.418713     5.5117     5.6641    -0.0077    95.5663 1.0000e-12  -74.17528 -113.34463  26.661447      99.86 1.7488e+03    555.987      13345  1028.3120  1028.3104    34.0089    34.0072    8.31573         28 0.0000e+00
    201.000    198.823    -1.1458  27.426231    -1.1443  27.426195     5.5005     5.6536    -0.0037    95.6084 1.0000e-12  -74.17528 -113.34464  26.661460      94.77 1.7503e+03    557.158      13373  1028.3170  1028.3156    34.0094    34.0077    8.31379         28 0.0000e+00
    202.000    199.812    -1.1436  27.428804    -1.1422  27.428791     5.4932     5.6478    -0.0098    95.5976 1.0000e-12  -74.17528 -113.34462  26.661474      78.74 1.7536e+03    558.343      13401  1028.3225  1028.3211    34.0099    34.0082    8.31329         29 0.0000e+00
    203.000    200.801    -1.1331  27.438747    -1.1320  27.438289     5.4706     5.6306    -0.0150    95.5906 1.0000e-12  -74.17528 -113.34464  26.661488      97.05 1.7561e+03    559.538      13430  1028.3277  1028.3262    34.0109    34.0091    8.31089         29 0.0000e+00
    204.000    201.789    -1.1238  27.447765    -1.1219  27.448030     5.4548     5.6082    -0.0090    95.5017 1.0000e-12  -74.17528 -113.34464  26.661501      99.85 1.7597e+03    560.724      13458  1028.3332  1028.3317    34.0121    34.0103    8.30875         28 0.0000e+00
    205.000    202.777    -1.1006  27.469758    -1.0989  27.469810     5.4389     5.5920    -0.0012    95.5591 1.0000e-12  -74.17528 -113.34464  26.661515      99.87 1.7618e+03    561.908      13487  1028.3393  1028.3377    34.0153    34.0134    8.30343         29 0.0000e+00
    206.000    203.766    -1.0928  27.477535    -1.0922  27.476695     5.4179     5.5675    -0.0148    95.5638 1.0000e-12  -74.17528 -113.34464  26.661529      99.86 1.7638e+03    563.089      13515  1028.3449  1028.3433    34.0164    34.0145    8.30164         28 0.0000e+00
    207.000    204.755    -1.0785  27.491360    -1.0782  27.490087     5.4079     5.5548    -0.0208    95.5520 1.0000e-12  -74.17528 -113.34464  26.661542      99.86 1.7658e+03    564.263      13543  1028.3507  1028.3490    34.0185    34.0164    8.29835         28 0.0000e+00
    208.000    205.744    -1.0669  27.502585    -1.0660  27.501913     5.4021     5.5385    -0.0079    95.5550 1.0000e-12  -74.17528 -113.34464  26.661556      99.86 1.7681e+03    565.443      13572  1028.3563  1028.3547    34.0200    34.0181    8.29568         29 0.0000e+00
    209.000    206.733    -1.0642  27.505419    -1.0628  27.505261     5.4001     5.5430    -0.0074    95.5401 1.0000e-12  -74.17528 -113.34464  26.661570      99.86 1.7699e+03    566.636      13600  1028.3614  1028.3598    34.0202    34.0184    8.29508         28 0.0000e+00
    210.000    207.721    -1.0600  27.509709    -1.0591  27.509023     5.3970     5.5428    -0.0077    95.5224 1.0000e-12  -74.17528 -113.34463  26.661584      99.87 1.7703e+03    567.814      13629  1028.3666  1028.3650    34.0208    34.0188    8.29413         28 0.0000e+00
    211.000    208.710    -1.0525  27.517588    -1.0518  27.516649     5.3706     5.5089    -0.0077    95.5179 1.0000e-12  -74.17528 -113.34463  26.661597      99.87 1.7713e+03    568.983      13657  1028.3724  1028.3707    34.0223    34.0202    8.29236         28 0.0000e+00
    212.000    209.698    -1.0401  27.530066    -1.0374  27.530512     5.3651     5.4986    -0.0077    95.5069 1.0000e-12  -74.17528 -113.34462  26.661610      99.86 1.7705e+03    570.142      13684  1028.3785  1028.3764    34.0247    34.0223    8.28949         28 0.0000e+00
    213.000    210.687    -1.0226  27.545836    -1.0206  27.546071     5.3998     5.5303    -0.0074    95.5041 1.0000e-12  -74.17528 -113.34462  26.661624      87.19 1.7699e+03    571.293      13712  1028.3832  1028.3816    34.0257    34.0239    8.28555         28 0.0000e+00
    214.000    211.675    -1.0403  27.530614    -1.0416  27.528502     5.4418     5.5723    -0.0069    95.4996 1.0000e-12  -74.17528 -113.34462  26.661637      99.64 1.7692e+03    572.459      13740  1028.3885  1028.3875    34.0244    34.0231    8.28954         28 0.0000e+00
    215.000    212.665    -1.0708  27.504864    -1.0710  27.503582     5.4636     5.5859    -0.0122    95.4921 1.0000e-12  -74.17528 -113.34462  26.661651      99.86 1.7678e+03    573.654      13769  1028.3945  1028.3934    34.0232    34.0217    8.29636         29 0.0000e+00
    216.000    213.653    -1.0718  27.505014    -1.0707  27.504584     5.4550     5.5925    -0.0147    95.5023 1.0000e-12  -74.17528 -113.34462  26.661665      99.87 1.7650e+03    574.857      13798  1028.4000  1028.3985    34.0240    34.0222    8.29654         28 0.0000e+00
    217.000    214.641    -1.0703  27.506934    -1.0701  27.505769     5.4628     5.5992    -0.0150    95.4967 1.0000e-12  -74.17528 -113.34462  26.661679      99.86 1.7633e+03    576.033      13826  1028.4050  1028.4035    34.0243    34.0225    8.29620         28 0.0000e+00
    218.000    215.631    -1.0702  27.507518    -1.0701  27.506235     5.4515     5.5879    -0.0010    95.5014 1.0000e-12  -74.17528 -113.34462  26.661692      99.87 1.7616e+03    577.199      13854  1028.4098  1028.4083    34.0243    34.0225    8.29616         28 0.0000e+00
    219.000    216.618    -1.0700  27.508242    -1.0671  27.509294     5.4493     5.5908    -0.0136    95.4809 1.0000e-12  -74.17528 -113.34462  26.661706      99.86 1.7602e+03    578.367      13882  1028.4147  1028.4131    34.0244    34.0227    8.29610         28 0.0000e+00
    220.000    217.608    -1.0632  27.514257    -1.0618  27.514170     5.4876     5.6232    -0.0140    95.4894 1.0000e-12  -74.17528 -113.34462  26.661719      99.86 1.7577e+03    579.552      13910  1028.4189  1028.4175    34.0244    34.0226    8.29461         29 0.0000e+00
    221.000    218.595    -1.0811  27.499638    -1.0844  27.496070     5.5385     5.6627    -0.0019    95.5018 1.0000e-12  -74.17528 -113.34462  26.661733      99.87 1.7576e+03    580.747      13939  1028.4248  1028.4241    34.0240    34.0229    8.29859         29 0.0000e+00
    222.000    219.584    -1.1080  27.477455    -1.1073  27.477216     5.5668     5.6907    -0.0135    95.5123 1.0000e-12  -74.17528 -113.34462  26.661747      99.86 1.7576e+03    581.924      13967  1028.4311  1028.4301    34.0237    34.0225    8.30458         27 0.0000e+00
    223.000    220.574    -1.1189  27.468880    -1.1202  27.466795     5.5891     5.7123    -0.0116    95.5133 1.0000e-12  -74.17528 -113.34462  26.661760      99.15 1.7578e+03    583.082      13995  1028.4364  1028.4354    34.0237    34.0222    8.30699         28 0.0000e+00
    224.000    221.561    -1.1306  27.459040    -1.1298  27.458908     5.6041     5.7300    -0.0196    95.4994 1.0000e-12  -74.17528 -113.34462  26.661774      77.81 1.7611e+03    584.240      14023  1028.4413  1028.4402    34.0229    34.0217    8.30964         28 0.0000e+00
    225.000    222.550    -1.1420  27.450153    -1.1381  27.452317     5.6140     5.7434    -0.0120    95.5080 1.0000e-12  -74.17528 -113.34462  26.661787      96.87 1.7611e+03    585.414      14051  1028.4467  1028.4453    34.0230    34.0215    8.31215         29 0.0000e+00
    226.000    223.539    -1.1440  27.449026    -1.1424  27.449061     5.6215     5.7534    -0.0077    95.5179 1.0000e-12  -74.17528 -113.34463  26.661801      99.70 1.7611e+03    586.605      14080  1028.4515  1028.4501    34.0231    34.0214    8.31259         28 0.0000e+00
    227.000    224.527    -1.1514  27.443446    -1.1519  27.442059     5.6167     5.7571    -0.0077    95.5322 1.0000e-12  -74.17528 -113.34463  26.661815      99.87 1.7612e+03    587.810      14108  1028.4567  1028.4558    34.0232    34.0220    8.31422         29 0.0000e+00
    228.000    225.517    -1.1543  27.441736    -1.1538  27.440991     5.6053     5.7538    -0.0077    95.5560 1.0000e-12  -74.17528 -113.34463  26.661829      99.86 1.7611e+03    588.999      14137  1028.4618  1028.4605    34.0236    34.0220    8.31485         28 0.0000e+00
    229.000    226.504    -1.1485  27.447933    -1.1478  27.447364     5.6009     5.7473    -0.0077    95.5565 1.0000e-12  -74.17528 -113.34462  26.661842      99.86 1.7611e+03    590.151      14165  1028.4671  1028.4658    34.0249    34.0233    8.31349         28 0.0000e+00
    230.000    227.492    -1.1473  27.449724    -1.1466  27.448915     5.5951     5.7447    -0.0110    95.5692 1.0000e-12  -74.17528 -113.34464  26.661855      99.86 1.7594e+03    591.297      14192  1028.4720  1028.4705    34.0254    34.0235    8.31320         28 0.0000e+00
    231.000    228.481    -1.1443  27.453187    -1.1436  27.452608     5.5922     5.7358    -0.0209    95.5712 1.0000e-12  -74.17528 -113.34463  26.661869      99.87 1.7559e+03    592.457      14220  1028.4771  1028.4757    34.0261    34.0244    8.31249         28 0.0000e+00
    232.000    229.471    -1.1407  27.457279    -1.1397  27.456888     5.5917     5.7357    -0.0161    95.5740 1.0000e-12  -74.17528 -113.34463  26.661882      99.86 1.7558e+03    593.633      14248  1028.4823  1028.4808    34.0270    34.0253    8.31163         28 0.0000e+00
