ocean_section_plots/required_files/ctd/dnbp2202_ctd171.cnv
* Sea-Bird SBE 9 Data File:
* FileName = D:\Data\raw\NBP2202_CTD171.hex
* Software Version Seasave V 7.26.7.121
* Temperature SN = 1649
* Conductivity SN = 2513
* Number of Bytes Per Scan = 40
* Number of Voltage Words = 5
* Number of Scans Averaged by the Deck Unit = 1
* NMEA Latitude = 74 09.75 S
* NMEA Longitude = 110 30.68 W
* NMEA UTC (Time) = Feb 03 2022  14:25:53
* NMEA baud rate = 9600
** Ship: RVIB N.B. Palmer
** Cruise: NBP2202 Thwaites
** Station: 93
** Operator: B Bjork
# nquan = 28
# nvalues = 509                         
# units = specified
# name 0 = prDM: Pressure, Digiquartz [db]
# name 1 = depSM: Depth [salt water, m]
# name 2 = t090C: Temperature [ITS-90, deg C]
# name 3 = c0mS/cm: Conductivity [mS/cm]
# name 4 = t190C: Temperature, 2 [ITS-90, deg C]
# name 5 = c1mS/cm: Conductivity, 2 [mS/cm]
# name 6 = sbeox0ML/L: Oxygen, SBE 43 [ml/l]
# name 7 = sbeox1ML/L: Oxygen, SBE 43, 2 [ml/l]
# name 8 = flECO-AFL: Fluorescence, WET Labs ECO-AFL/FL [mg/m^3]
# name 9 = CStarTr0: Beam Transmission, WET Labs C-Star [%]
# name 10 = par: PAR/Irradiance, Biospherical/Licor
# name 11 = latitude: Latitude [deg]
# name 12 = longitude: Longitude [deg]
# name 13 = timeJ: Julian Days
# name 14 = altM: Altimeter [m]
# name 15 = spar: SPAR, Biospherical/Licor
# name 16 = timeS: Time, Elapsed [seconds]
# name 17 = scan: Scan Count
# name 18 = density00: Density [density, kg/m^3]
# name 19 = density11: Density, 2 [density, kg/m^3]
# name 20 = v3: Voltage 3
# name 21 = v4: Voltage 4
# name 22 = v5: Voltage 5
# name 23 = sal00: Salinity, Practical [PSU]
# name 24 = sal11: Salinity, Practical, 2 [PSU]
# name 25 = oxsolML/L: Oxygen Saturation, Garcia & Gordon [ml/l]
# name 26 = nbin: number of scans per bin
# name 27 = flag: flag
# span 0 =      1.000,    509.000       
# span 1 =      0.987,    503.114       
# span 2 =    -1.4314,    -0.8821       
# span 3 =  26.943780,  27.892461       
# span 4 =    -1.4296,    -0.8798       
# span 5 =  26.944044,  27.892345       
# span 6 =     5.5496,     6.2778       
# span 7 =     5.6831,     6.2993       
# span 8 =    -0.0235,     2.4071       
# span 9 =    86.6934,    98.7418       
# span 10 = 1.0000e-12, 1.2219e+02      
# span 11 =  -74.16265,  -74.16264      
# span 12 = -110.51140, -110.51136      
# span 13 =  34.604344,  34.611702      
# span 14 =       4.00,     125.92      
# span 15 = 1.6283e+03, 1.6493e+03      
# span 16 =    262.376,    898.039      
# span 17 =       6298,      21554      
# span 18 =  1027.1960,  1029.9195      
# span 19 =  1027.1939,  1029.9177      
# span 20 =     4.1128,     4.6842      
# span 21 =     0.0629,     0.4105      
# span 22 =     0.1245,     0.1457      
# span 23 =    33.7936,    34.1844      
# span 24 =    33.7919,    34.1817      
# span 25 =    8.24539,    8.39047      
# span 26 =          7,         51      
# span 27 = 0.0000e+00, 0.0000e+00      
# interval = decibars: 1                
# start_time = Feb 03 2022 14:25:53 [NMEA time, header]
# bad_flag = -9.990e-29
*END*
[from data line 415]
    416.000    411.281    -0.9649  27.790312    -0.9641  27.789071     5.7505     5.8870    -0.0150    98.7126 1.0000e-12  -74.16264 -110.51138  34.610028      98.23 1.6483e+03    753.424      18083  1029.4654  1029.4633     4.6827     0.0697     0.1270    34.1687    34.1661    8.26448         24 0.0000e+00
    417.000    412.271    -0.9700  27.786171    -0.9682  27.786029     5.7545     5.8846    -0.0150    98.7148 1.0000e-12  -74.16264 -110.51138  34.610039      94.42 1.6483e+03    754.406      18107  1029.4702  1029.4683     4.6829     0.0682     0.1298    34.1683    34.1660    8.26563         23 0.0000e+00
    418.000    413.256    -0.9714  27.785287    -0.9685  27.786016     5.7586     5.8788    -0.0150    98.7284 1.0000e-12  -74.16264 -110.51138  34.610051      97.16 1.6477e+03    755.391      18130  1029.4749  1029.4729     4.6835     0.0692     0.1270    34.1680    34.1657    8.26595         24 0.0000e+00
    419.000    414.244    -0.9694  27.787297    -0.9673  27.787541     5.7623     5.8803    -0.0150    98.6752 1.0000e-12  -74.16264 -110.51140  34.610062      95.63 1.6472e+03    756.382      18154  1029.4795  1029.4776     4.6810     0.0696     0.1283    34.1679    34.1658    8.26552         23 0.0000e+00
    420.000    415.232    -0.9703  27.787371    -0.9650  27.790028     5.7599     5.8829    -0.0150    98.7225 1.0000e-12  -74.16264 -110.51138  34.610074      94.69 1.6473e+03    757.365      18178  1029.4847  1029.4825     4.6833     0.0697     0.1291    34.1684    34.1660    8.26569         24 0.0000e+00
    421.000    416.220    -0.9698  27.788292    -0.9673  27.788577     5.7568     5.8815    -0.0150    98.7209 1.0000e-12  -74.16264 -110.51138  34.610085      93.38 1.6472e+03    758.358      18202  1029.4895  1029.4874     4.6832     0.0696     0.1290    34.1684    34.1660    8.26557         24 0.0000e+00
    422.000    417.207    -0.9694  27.789079    -0.9662  27.790083     5.7493     5.8742    -0.0150    98.7188 1.0000e-12  -74.16264 -110.51138  34.610097      92.84 1.6454e+03    759.354      18226  1029.4942  1029.4922     4.6830     0.0679     0.1258    34.1684    34.1662    8.26548         24 0.0000e+00
    423.000    418.195    -0.9660  27.792628    -0.9642  27.792431     5.7456     5.8665    -0.0150    98.7305 1.0000e-12  -74.16264 -110.51138  34.610108      91.75 1.6462e+03    760.337      18249  1029.4991  1029.4971     4.6836     0.0695     0.1303    34.1688    34.1665    8.26471         23 0.0000e+00
    424.000    419.182    -0.9592  27.799178    -0.9574  27.798657     5.7466     5.8728    -0.0150    98.7328 1.0000e-12  -74.16264 -110.51138  34.610120      91.80 1.6479e+03    761.326      18273  1029.5038  1029.5015     4.6837     0.0682     0.1276    34.1694    34.1667    8.26319         24 0.0000e+00
    425.000    420.170    -0.9573  27.801211    -0.9561  27.800334     5.7630     5.8907    -0.0101    98.7349 1.0000e-12  -74.16264 -110.51138  34.610131      90.18 1.6467e+03    762.313      18297  1029.5084  1029.5064     4.6838     0.0681     0.1281    34.1694    34.1669    8.26277         24 0.0000e+00
    426.000    421.157    -0.9726  27.787618    -0.9707  27.788011     5.7617     5.8895    -0.0183    98.7285 1.0000e-12  -74.16264 -110.51138  34.610142      89.63 1.6458e+03    763.300      18320  1029.5131  1029.5116     4.6835     0.0689     0.1245    34.1677    34.1660    8.26623         24 0.0000e+00
    427.000    422.145    -0.9752  27.787102    -0.9738  27.786356     5.7527     5.8803    -0.0227    98.6067 1.0000e-12  -74.16264 -110.51138  34.610154      88.30 1.6458e+03    764.287      18344  1029.5192  1029.5172     4.6778     0.0701     0.1284    34.1693    34.1668    8.26670         23 0.0000e+00
    428.000    423.134    -0.9629  27.799301    -0.9619  27.797960     5.7397     5.8669    -0.0186    98.7236 1.0000e-12  -74.16264 -110.51138  34.610165      88.00 1.6459e+03    765.285      18368  1029.5247  1029.5223     4.6833     0.0694     0.1247    34.1713    34.1684    8.26389         24 0.0000e+00
    429.000    424.117    -0.9543  27.807408    -0.9531  27.806463     5.7355     5.8624    -0.0149    98.7341 1.0000e-12  -74.16264 -110.51138  34.610177      86.59 1.6471e+03    766.276      18392  1029.5293  1029.5272     4.6838     0.0681     0.1304    34.1720    34.1694    8.26195         23 0.0000e+00
    430.000    425.111    -0.9509  27.810923    -0.9491  27.810894     5.7395     5.8692    -0.0150    98.7193 1.0000e-12  -74.16264 -110.51138  34.610188      84.92 1.6482e+03    767.260      18415  1029.5342  1029.5323     4.6830     0.0672     0.1294    34.1723    34.1702    8.26119         25 0.0000e+00
    431.000    426.094    -0.9554  27.806923    -0.9510  27.809314     5.7271     5.8533    -0.0137    98.7407 1.0000e-12  -74.16264 -110.51138  34.610200      84.63 1.6480e+03    768.255      18439  1029.5386  1029.5369     4.6841     0.0691     0.1278    34.1714    34.1697    8.26224         23 0.0000e+00
    432.000    427.084    -0.9513  27.811820    -0.9466  27.814267     5.7051     5.8311    -0.0083    98.7240 1.0000e-12  -74.16264 -110.51138  34.610211      83.44 1.6475e+03    769.238      18463  1029.5442  1029.5422     4.6833     0.0675     0.1269    34.1728    34.1708    8.26126         24 0.0000e+00
    433.000    428.071    -0.9334  27.829625    -0.9293  27.831078     5.6863     5.8176    -0.0151    98.7192 1.0000e-12  -74.16264 -110.51138  34.610222      82.26 1.6482e+03    770.218      18486  1029.5502  1029.5478     4.6831     0.0680     0.1254    34.1760    34.1734    8.25713         23 0.0000e+00
    434.000    429.059    -0.9073  27.853087    -0.9062  27.852207     5.6804     5.8057    -0.0222    98.7166 1.0000e-12  -74.16264 -110.51138  34.610234      80.47 1.6483e+03    771.208      18510  1029.5544  1029.5523     4.6830     0.0677     0.1284    34.1778    34.1753    8.25131         24 0.0000e+00
    435.000    430.045    -0.9083  27.852446    -0.9060  27.852708     5.6795     5.8023    -0.0224    98.7059 1.0000e-12  -74.16264 -110.51138  34.610245      80.15 1.6481e+03    772.192      18534  1029.5592  1029.5572     4.6824     0.0664     0.1270    34.1775    34.1752    8.25155         24 0.0000e+00
    436.000    431.035    -0.9067  27.854758    -0.9050  27.854324     5.6782     5.8079    -0.0169    98.7027 1.0000e-12  -74.16264 -110.51138  34.610257      78.28 1.6463e+03    773.180      18557  1029.5644  1029.5624     4.6823     0.0655     0.1303    34.1781    34.1756    8.25115         24 0.0000e+00
    437.000    432.020    -0.9064  27.855267    -0.9053  27.854402     5.6811     5.8107    -0.0199    98.6911 1.0000e-12  -74.16264 -110.51138  34.610268      78.03 1.6462e+03    774.173      18581  1029.5692  1029.5672     4.6817     0.0667     0.1299    34.1779    34.1755    8.25111         24 0.0000e+00
    438.000    433.010    -0.9116  27.851043    -0.9097  27.850882     5.6872     5.8184    -0.0185    98.6913 1.0000e-12  -74.16264 -110.51138  34.610280      76.71 1.6451e+03    775.164      18605  1029.5740  1029.5721     4.6817     0.0661     0.1322    34.1775    34.1751    8.25227         23 0.0000e+00
    439.000    433.996    -0.9123  27.850951    -0.9107  27.850591     5.6912     5.8145    -0.0181    98.6931 1.0000e-12  -74.16264 -110.51138  34.610291      75.75 1.6453e+03    776.151      18629  1029.5790  1029.5770     4.6818     0.0669     0.1306    34.1775    34.1751    8.25242         24 0.0000e+00
    440.000    434.986    -0.9143  27.849423    -0.9128  27.848919     5.6993     5.8148    -0.0199    98.6812 1.0000e-12  -74.16264 -110.51138  34.610303      74.12 1.6469e+03    777.150      18653  1029.5836  1029.5817     4.6813     0.0660     0.1296    34.1771    34.1747    8.25288         24 0.0000e+00
    441.000    435.970    -0.9179  27.846333    -0.9138  27.848331     5.6982     5.8169    -0.0150    98.6802 1.0000e-12  -74.16264 -110.51138  34.610314      73.92 1.6459e+03    778.141      18676  1029.5882  1029.5863     4.6812     0.0654     0.1315    34.1763    34.1744    8.25371         24 0.0000e+00
    442.000    436.958    -0.9208  27.843987    -0.9161  27.846626     5.6943     5.8210    -0.0150    98.6633 1.0000e-12  -74.16264 -110.51138  34.610326      72.47 1.6453e+03    779.126      18700  1029.5928  1029.5911     4.6804     0.0653     0.1278    34.1759    34.1741    8.25438         23 0.0000e+00
    443.000    437.947    -0.9174  27.847947    -0.9155  27.847581     5.6971     5.8221    -0.0150    98.6477 1.0000e-12  -74.16264 -110.51138  34.610337      71.97 1.6457e+03    780.122      18724  1029.5980  1029.5958     4.6797     0.0653     0.1283    34.1768    34.1741    8.25358         24 0.0000e+00
    444.000    438.932    -0.9153  27.849934    -0.9130  27.850197     5.6870     5.8185    -0.0221    98.6426 1.0000e-12  -74.16264 -110.51138  34.610348      81.40 1.6457e+03    781.107      18748  1029.6024  1029.6005     4.6795     0.0668     0.1302    34.1765    34.1743    8.25314         24 0.0000e+00
    445.000    439.922    -0.9193  27.846793    -0.9193  27.844717     5.6840     5.8079    -0.0224    98.6679 1.0000e-12  -74.16264 -110.51138  34.610360      70.20 1.6450e+03    782.087      18771  1029.6072  1029.6051     4.6806     0.0662     0.1306    34.1762    34.1734    8.25404         24 0.0000e+00
    446.000    440.910    -0.9059  27.860380    -0.9031  27.860963     5.6798     5.8035    -0.0167    98.6390 1.0000e-12  -74.16264 -110.51138  34.610371      69.36 1.6461e+03    783.073      18795  1029.6131  1029.6110     4.6792     0.0653     0.1285    34.1788    34.1764    8.25094         23 0.0000e+00
    447.000    441.897    -0.9007  27.865582    -0.8991  27.865230     5.6807     5.7966    -0.0199    98.6223 1.0000e-12  -74.16264 -110.51138  34.610383      67.79 1.6449e+03    784.057      18818  1029.6179  1029.6160     4.6785     0.0650     0.1294    34.1794    34.1770    8.24977         24 0.0000e+00
    448.000    442.885    -0.8996  27.867349    -0.8977  27.866986     5.6836     5.8001    -0.0182    98.6319 1.0000e-12  -74.16264 -110.51138  34.610394      67.24 1.6455e+03    785.038      18842  1029.6231  1029.6209     4.6790     0.0648     0.1332    34.1799    34.1773    8.24949         23 0.0000e+00
    449.000    443.871    -0.8993  27.868200    -0.8975  27.867755     5.6766     5.7984    -0.0150    98.6319 1.0000e-12  -74.16264 -110.51138  34.610405      65.77 1.6463e+03    786.030      18866  1029.6281  1029.6259     4.6790     0.0658     0.1299    34.1801    34.1774    8.24942         24 0.0000e+00
    450.000    444.860    -0.8990  27.869170    -0.8972  27.868871     5.6774     5.8034    -0.0150    98.6633 1.0000e-12  -74.16264 -110.51138  34.610417      64.64 1.6482e+03    787.030      18890  1029.6331  1029.6311     4.6804     0.0652     0.1296    34.1804    34.1780    8.24932         24 0.0000e+00
    451.000    445.846    -0.8989  27.869995    -0.8971  27.869695     5.6791     5.8080    -0.0150    98.6469 1.0000e-12  -74.16264 -110.51138  34.610429      63.71 1.6475e+03    788.024      18914  1029.6382  1029.6361     4.6796     0.0660     0.1305    34.1808    34.1784    8.24928         24 0.0000e+00
    452.000    446.834    -0.8993  27.870137    -0.8974  27.869935     5.6830     5.8098    -0.0150    98.6139 1.0000e-12  -74.16264 -110.51138  34.610440      62.69 1.6491e+03    789.025      18938  1029.6431  1029.6411     4.6781     0.0642     0.1328    34.1810    34.1785    8.24938         25 0.0000e+00
    453.000    447.821    -0.9012  27.868999    -0.8997  27.868544     5.6888     5.8095    -0.0150    98.6295 1.0000e-12  -74.16264 -110.51138  34.610452      61.61 1.6483e+03    790.032      18962  1029.6480  1029.6461     4.6788     0.0662     0.1311    34.1809    34.1786    8.24978         23 0.0000e+00
    454.000    448.809    -0.9001  27.870617    -0.8985  27.870058     5.6838     5.8073    -0.0150    98.6243 1.0000e-12  -74.16264 -110.51138  34.610463      60.66 1.6476e+03    791.031      18986  1029.6530  1029.6509     4.6786     0.0633     0.1334    34.1813    34.1787    8.24953         24 0.0000e+00
    455.000    449.796    -0.9001  27.871273    -0.8982  27.871196     5.6818     5.8062    -0.0150    98.6168 1.0000e-12  -74.16264 -110.51138  34.610475      59.47 1.6480e+03    792.026      19010  1029.6580  1029.6561     4.6782     0.0654     0.1338    34.1815    34.1793    8.24950         24 0.0000e+00
    456.000    450.784    -0.8994  27.872699    -0.8975  27.872420     5.6843     5.8064    -0.0150    98.6126 1.0000e-12  -74.16264 -110.51138  34.610486      58.19 1.6485e+03    793.027      19034  1029.6632  1029.6611     4.6780     0.0648     0.1318    34.1821    34.1796    8.24933         24 0.0000e+00
    457.000    451.772    -0.8986  27.873950    -0.8968  27.873699     5.6857     5.8108    -0.0150    98.5634 1.0000e-12  -74.16264 -110.51138  34.610498      57.63 1.6478e+03    794.005      19057  1029.6680  1029.6660     4.6757     0.0657     0.1303    34.1823    34.1799    8.24914         23 0.0000e+00
    458.000    452.759    -0.9002  27.872903    -0.8978  27.873369     5.6871     5.8022    -0.0150    98.4921 1.0000e-12  -74.16264 -110.51138  34.610509      56.61 1.6467e+03    794.984      19081  1029.6728  1029.6709     4.6723     0.0637     0.1331    34.1821    34.1800    8.24950         24 0.0000e+00
    459.000    453.747    -0.8996  27.874078    -0.8978  27.873817     5.6836     5.8037    -0.0150    98.5634 1.0000e-12  -74.16264 -110.51138  34.610520      55.58 1.6481e+03    795.967      19104  1029.6777  1029.6757     4.6757     0.0637     0.1318    34.1824    34.1800    8.24935         24 0.0000e+00
    460.000    454.734    -0.8988  27.875237    -0.8971  27.874884     5.6719     5.8046    -0.0182    98.5439 1.0000e-12  -74.16264 -110.51137  34.610532      54.88 1.6479e+03    796.939      19128  1029.6824  1029.6805     4.6748     0.0640     0.1338    34.1824    34.1801    8.24917         23 0.0000e+00
    461.000    455.721    -0.8963  27.878055    -0.8967  27.875727     5.6707     5.7950    -0.0223    98.5587 1.0000e-12  -74.16264 -110.51137  34.610543      53.44 1.6462e+03    797.920      19151  1029.6874  1029.6853     4.6754     0.0643     0.1332    34.1829    34.1801    8.24861         24 0.0000e+00
    462.000    456.710    -0.8897  27.884533    -0.8876  27.884359     5.6656     5.7916    -0.0209    98.5317 1.0000e-12  -74.16264 -110.51137  34.610555      52.57 1.6477e+03    798.913      19175  1029.6922  1029.6900     4.6742     0.0631     0.1305    34.1835    34.1809    8.24711         24 0.0000e+00
    463.000    457.695    -0.8863  27.887824    -0.8830  27.889046     5.6653     5.7863    -0.0151    98.4176 1.0000e-12  -74.16264 -110.51137  34.610566      51.61 1.6473e+03    799.902      19199  1029.6967  1029.6948     4.6688     0.0638     0.1323    34.1835    34.1814    8.24637         23 0.0000e+00
    464.000    458.684    -0.8821  27.892461    -0.8798  27.892345     5.6678     5.7834    -0.0150    98.4605 1.0000e-12  -74.16264 -110.51137  34.610578      50.50 1.6465e+03    800.909      19223  1029.7018  1029.6996     4.6708     0.0643     0.1343    34.1844    34.1817    8.24539         25 0.0000e+00
    465.000    459.671    -0.8860  27.889131    -0.8839  27.889296     5.6781     5.7877    -0.0150    98.5336 1.0000e-12  -74.16264 -110.51137  34.610590      49.17 1.6473e+03    801.977      19248  1029.7064  1029.7046     4.6743     0.0649     0.1336    34.1837    34.1816    8.24629         26 0.0000e+00
    466.000    460.659    -0.8874  27.888498    -0.8849  27.888849     5.6779     5.7993    -0.0150    98.5589 1.0000e-12  -74.16264 -110.51136  34.610603      48.96 1.6482e+03    803.096      19275  1029.7114  1029.7094     4.6755     0.0649     0.1339    34.1838    34.1815    8.24659         28 0.0000e+00
