ocean_section_plots/required_files/ctd/dnbp2202_ctd242.cnv
* Sea-Bird SBE 9 Data File:
* FileName = D:\Data\raw\NBP2202_CTD242.hex
* Software Version Seasave V 7.26.7.121
* Temperature SN = 1649
* Conductivity SN = 2513
* Number of Bytes Per Scan = 40
* Number of Voltage Words = 5
* Number of Scans Averaged by the Deck Unit = 1
* NMEA Latitude = 73 54.84 S
* NMEA Longitude = 118 51.48 W
* NMEA UTC (Time) = Feb 14 2022  23:43:54
* NMEA baud rate = 9600
** Ship: RVIB N.B. Palmer
** Cruise: NBP2202 Thwaites
** Station: 152
** Operator: A. Robinson
# nquan = 28
# nvalues = 341                         
# units = specified
# name 0 = prDM: Pressure, Digiquartz [db]
# name 1 = depSM: Depth [salt water, m]
# name 2 = t090C: Temperature [ITS-90, deg C]
# name 3 = c0mS/cm: Conductivity [mS/cm]
# name 4 = t190C: Temperature, 2 [ITS-90, deg C]
# name 5 = c1mS/cm: Conductivity, 2 [mS/cm]
# name 6 = sbeox0ML/L: Oxygen, SBE 43 [ml/l]
# name 7 = sbeox1ML/L: Oxygen, SBE 43, 2 [ml/l]
# name 8 = flECO-AFL: Fluorescence, WET Labs ECO-AFL/FL [mg/m^3]
# name 9 = CStarTr0: Beam Transmission, WET Labs C-Star [%]
# name 10 = par: PAR/Irradiance, Biospherical/Licor
# name 11 = latitude: Latitude [deg]
# name 12 = longitude: Longitude [deg]
# name 13 = timeJ: Julian Days
# name 14 = altM: Altimeter [m]
# name 15 = spar: SPAR, Biospherical/Licor
# name 16 = timeS: Time, Elapsed [seconds]
# name 17 = scan: Scan Count
# name 18 = density00: Density [density, kg/m^3]
# name 19 = density11: Density, 2 [density, kg/m^3]
# name 20 = v3: Voltage 3
# name 21 = v4: Voltage 4
# name 22 = v5: Voltage 5
# name 23 = sal00: Salinity, Practical [PSU]
# name 24 = sal11: Salinity, Practical, 2 [PSU]
# name 25 = oxsolML/L: Oxygen Saturation, Garcia & Gordon [ml/l]
# name 26 = nbin: number of scans per bin
# name 27 = flag: flag
# span 0 =      2.000,    342.000       
# span 1 =      1.986,    338.189       
# span 2 =    -1.4413,    -0.1836       
# span 3 =  27.176168,  28.035653       
# span 4 =    -1.4411,    -0.1824       
# span 5 =  27.176008,  28.035506       
# span 6 =     5.8293,     9.2295       
# span 7 =     6.0587,     9.5888       
# span 8 =    -0.0200,    10.2785       
# span 9 =    86.3773,    97.2634       
# span 10 = 1.0000e-12, 2.6272e+02      
# span 11 =  -73.91404,  -73.91402      
# span 12 = -118.85814, -118.85812      
# span 13 =  45.991545,  45.997698      
# span 14 =       3.65,     107.54      
# span 15 = 5.8187e+02, 6.0259e+02      
# span 16 =    235.486,    767.129      
# span 17 =       5653,      18412      
# span 18 =  1027.1346,  1029.0617      
# span 19 =  1027.1367,  1029.0601      
# span 20 =     4.0986,     4.6140      
# span 21 =     0.0639,     2.0474      
# span 22 =     0.1129,     0.1955      
# span 23 =    33.7643,    34.0852      
# span 24 =    33.7653,    34.0834      
# span 25 =    8.11399,    8.37894      
# span 26 =         10,         49      
# span 27 = 0.0000e+00, 0.0000e+00      
# interval = decibars: 1                
# start_time = Feb 14 2022 23:43:54 [NMEA time, header]
# bad_flag = -9.990e-29
*END*
      2.000      1.986    -0.3264  27.834601    -0.3226  27.840214     9.2252     9.0731     5.2866    88.4748 2.6272e+02  -73.91402 -118.85813  45.991545     107.54 6.0259e+02    235.486       5653  1027.1346  1027.1367     4.1952     1.1448     0.1955    33.7643    33.7676    8.14926         10 0.0000e+00
      3.000      2.970    -0.3077  27.853935    -0.3117  27.851048     9.2249     9.0692     5.3626    87.9680 2.1228e+02  -73.91402 -118.85814  45.991632      84.20 6.0041e+02    243.010       5833  1027.1413  1027.1420     4.1734     1.0551     0.1676    33.7688    33.7693    8.14501         37 0.0000e+00
      4.000      3.959    -0.3224  27.839992    -0.3228  27.839319     9.2193     9.0709     5.8717    88.1195 1.7254e+02  -73.91402 -118.85814  45.991658     100.20 6.0016e+02    245.277       5888  1027.1447  1027.1443     4.1801     0.9329     0.1625    33.7658    33.7653    8.14832         45 0.0000e+00
      5.000      4.947    -0.3054  27.858525    -0.3028  27.861328     9.2261     9.1183     4.8732    88.2397 1.3978e+02  -73.91402 -118.85814  45.991682      99.55 5.9974e+02    247.292       5936  1027.1525  1027.1531     4.1861     1.2134     0.1762    33.7711    33.7720    8.14438         42 0.0000e+00
      6.000      5.938    -0.3097  27.854497    -0.3070  27.858051     9.2279     9.1829     4.9610    88.4091 1.1495e+02  -73.91402 -118.85813  45.991708      99.67 6.0036e+02    249.585       5991  1027.1567  1027.1579     4.1942     1.0285     0.1811    33.7699    33.7716    8.14537         47 0.0000e+00
      7.000      6.927    -0.3047  27.860282    -0.3022  27.863439     9.2132     9.2442     6.4169    88.7153 9.4753e+01  -73.91402 -118.85813  45.991731      99.66 6.0035e+02    251.519       6037  1027.1624  1027.1633     4.2087     0.8963     0.1691    33.7714    33.7728    8.14420         38 0.0000e+00
      8.000      7.917    -0.3007  27.865053    -0.3031  27.862732     9.2295     9.3394     5.4580    87.9040 7.7585e+01  -73.91402 -118.85812  45.991752      99.66 6.0047e+02    253.359       6082  1027.1679  1027.1678     4.1702     0.9478     0.1738    33.7727    33.7723    8.14327         45 0.0000e+00
      9.000      8.907    -0.3030  27.862934    -0.3012  27.865547     9.2153     9.3950     6.2763    88.8945 6.4310e+01  -73.91402 -118.85812  45.991774      99.62 6.0070e+02    255.290       6128  1027.1723  1027.1733     4.2169     1.0447     0.1694    33.7718    33.7734    8.14381         39 0.0000e+00
     10.000      9.896    -0.2664  27.901761    -0.2683  27.899576     9.1957     9.4320     6.7296    87.6097 5.3844e+01  -73.91402 -118.85813  45.991795      99.24 6.0026e+02    257.097       6171  1027.1829  1027.1824     4.1565     1.1573     0.1736    33.7824    33.7816    8.13538         44 0.0000e+00
     11.000     10.886    -0.2510  27.917027    -0.2517  27.917037     9.1852     9.4731     6.9778    88.6420 4.4656e+01  -73.91402 -118.85813  45.991816      99.55 5.9954e+02    258.927       6215  1027.1891  1027.1898     4.2049     1.3577     0.1807    33.7851    33.7859    8.13194         37 0.0000e+00
     12.000     11.876    -0.2552  27.914241    -0.2491  27.922606     9.1687     9.4930     5.8339    88.2364 3.7432e+01  -73.91402 -118.85813  45.991837      99.55 6.0005e+02    260.681       6257  1027.1946  1027.1978     4.1860     1.1956     0.1954    33.7854    33.7898    8.13281         42 0.0000e+00
     13.000     12.866    -0.2474  27.924777    -0.2449  27.926771     9.1337     9.4695     7.1812    88.5480 3.1093e+01  -73.91402 -118.85813  45.991858      99.45 5.9992e+02    262.492       6301  1027.2030  1027.2027     4.2008     1.5295     0.1729    33.7903    33.7901    8.13088         37 0.0000e+00
     14.000     13.856    -0.2391  27.937036    -0.2350  27.944696     9.0989     9.4559     6.2614    88.2104 2.6380e+01  -73.91402 -118.85813  45.991880      99.46 5.9936e+02    264.403       6347  1027.2126  1027.2169     4.1844     1.4763     0.1837    33.7967    33.8024    8.12873         38 0.0000e+00
     15.000     14.845    -0.2402  27.942332    -0.2421  27.940267     9.0646     9.4838     7.4273    87.6923 2.1940e+01  -73.91402 -118.85813  45.991900      99.59 5.9938e+02    266.135       6388  1027.2237  1027.2235     4.1602     1.1245     0.1593    33.8044    33.8038    8.12852         38 0.0000e+00
     16.000     15.834    -0.2386  27.946122    -0.2393  27.941426     9.0211     9.4632     7.8249    87.5046 1.8203e+01  -73.91402 -118.85813  45.991921      99.51 5.9938e+02    268.002       6433  1027.2308  1027.2263     4.1513     1.3006     0.1861    33.8071    33.8016    8.12804         42 0.0000e+00
     17.000     16.823    -0.2302  27.960501    -0.2328  27.953059     8.9980     9.3983     8.6284    88.8227 1.5414e+01  -73.91402 -118.85813  45.991943      93.13 5.9938e+02    269.910       6479  1027.2426  1027.2371     4.2139     1.4363     0.1755    33.8164    33.8093    8.12572         40 0.0000e+00
     18.000     17.813    -0.2287  27.964865    -0.2291  27.963514     9.0082     9.4034     8.7801    87.6834 1.2958e+01  -73.91402 -118.85813  45.991963      99.43 5.9967e+02    271.584       6519  1027.2502  1027.2492     4.1598     1.1653     0.1687    33.8199    33.8186    8.12520         41 0.0000e+00
     19.000     18.803    -0.2299  27.962011    -0.2292  27.963506     9.0202     9.4094     8.4878    88.0914 1.0752e+01  -73.91402 -118.85813  45.991984      99.49 5.9972e+02    273.447       6564  1027.2528  1027.2536     4.1791     1.3266     0.1682    33.8168    33.8180    8.12563         41 0.0000e+00
     20.000     19.792    -0.2322  27.960023    -0.2321  27.960473     9.0279     9.4112     8.4308    87.3110 9.1153e+00  -73.91402 -118.85813  45.992006      99.41 5.9937e+02    275.320       6609  1027.2572  1027.2575     4.1421     1.5983     0.1679    33.8161    33.8166    8.12616         42 0.0000e+00
     21.000     20.783    -0.2323  27.958789    -0.2329  27.958603     9.0333     9.4353     7.7503    86.8384 7.7399e+00  -73.91402 -118.85813  45.992026      99.47 5.9938e+02    277.060       6650  1027.2603  1027.2607     4.1197     1.3806     0.1838    33.8140    33.8144    8.12630         39 0.0000e+00
     22.000     21.771    -0.2349  27.956934    -0.2357  27.955413     9.0465     9.4555     8.3168    87.7954 6.5458e+00  -73.91402 -118.85812  45.992048      99.56 5.9938e+02    278.910       6695  1027.2651  1027.2643     4.1651     1.1888     0.1752    33.8138    33.8126    8.12686         42 0.0000e+00
     23.000     22.762    -0.2323  27.958886    -0.2312  27.959238     9.1573     9.5501     9.0456    88.2549 5.5097e+00  -73.91402 -118.85812  45.992069      99.55 5.9938e+02    280.737       6739  1027.2690  1027.2683     4.1871     1.6216     0.1825    33.8128    33.8121    8.12635         40 0.0000e+00
     24.000     23.750    -0.2528  27.922902    -0.2569  27.919596     9.1991     9.5888     8.0356    87.7294 4.6726e+00  -73.91402 -118.85812  45.992090      93.48 5.9938e+02    282.557       6782  1027.2544  1027.2548     4.1619     1.3696     0.1647    33.7870    33.7872    8.13221         43 0.0000e+00
     25.000     24.741    -0.2601  27.916232    -0.2620  27.914542     9.1696     9.5741     7.3471    87.7023 4.0124e+00  -73.91402 -118.85813  45.992111      99.56 5.9938e+02    284.417       6827  1027.2585  1027.2585     4.1607     1.1839     0.1725    33.7857    33.7855    8.13386         41 0.0000e+00
     26.000     25.729    -0.2567  27.921488    -0.2576  27.920694     9.1732     9.5713     7.4772    87.9792 3.4217e+00  -73.91402 -118.85814  45.992131      99.58 5.9938e+02    286.113       6868  1027.2651  1027.2650     4.1738     1.2613     0.1751    33.7883    33.7882    8.13297         39 0.0000e+00
     27.000     26.720    -0.2571  27.921692    -0.2562  27.923236     9.1699     9.5655     7.6988    87.6728 2.8801e+00  -73.91402 -118.85814  45.992150      99.47 5.9938e+02    287.796       6908  1027.2698  1027.2707     4.1594     1.4048     0.1901    33.7883    33.7895    8.13305         36 0.0000e+00
     28.000     27.709    -0.2571  27.922542    -0.2565  27.923835     9.1738     9.5729     6.1157    87.8278 2.4604e+00  -73.91402 -118.85814  45.992174      99.52 5.9938e+02    289.822       6957  1027.2750  1027.2758     4.1666     1.3694     0.1917    33.7889    33.7899    8.13302         39 0.0000e+00
     29.000     28.698    -0.2586  27.920576    -0.2569  27.922501     9.1630     9.5691     7.6323    87.8982 2.1196e+00  -73.91402 -118.85814  45.992196      99.57 5.9938e+02    291.719       7002  1027.2786  1027.2790     4.1700     1.5090     0.1757    33.7873    33.7880    8.13343         39 0.0000e+00
     30.000     29.687    -0.2540  27.926534    -0.2544  27.926287     9.1612     9.5738     7.5981    88.1658 1.7949e+00  -73.91402 -118.85814  45.992214      99.47 5.9938e+02    293.297       7040  1027.2848  1027.2849     4.1824     1.4077     0.1844    33.7896    33.7897    8.13233         38 0.0000e+00
     31.000     30.678    -0.2553  27.925791    -0.2551  27.926180     9.1424     9.5529     7.2387    88.1975 1.5179e+00  -73.91402 -118.85814  45.992235      99.62 5.9938e+02    295.096       7083  1027.2896  1027.2898     4.1844     1.0466     0.1737    33.7895    33.7897    8.13261         49 0.0000e+00
     32.000     31.667    -0.2464  27.937706    -0.2472  27.936673     9.1403     9.5498     7.3491    87.9369 1.3111e+00  -73.91402 -118.85814  45.992258      98.74 5.9938e+02    297.108       7132  1027.2980  1027.2977     4.1716     1.2677     0.1757    33.7948    33.7943    8.13039         41 0.0000e+00
     33.000     32.656    -0.2485  27.933922    -0.2491  27.933665     9.1079     9.5138     7.6913    88.0251 1.1227e+00  -73.91402 -118.85814  45.992278      99.58 5.9938e+02    298.858       7174  1027.3003  1027.3006     4.1764     1.0603     0.1749    33.7915    33.7918    8.13103         37 0.0000e+00
     34.000     33.646    -0.2385  27.948428    -0.2374  27.949993     9.0494     9.4576     8.0157    87.8129 9.5144e-01  -73.91402 -118.85814  45.992298      99.45 5.9938e+02    300.530       7214  1027.3106  1027.3112     4.1658     1.6536     0.1747    33.7991    33.8000    8.12846         33 0.0000e+00
     35.000     34.635    -0.2319  27.962488    -0.2313  27.963651     8.9596     9.3865     8.0054    89.0211 8.1026e-01  -73.91402 -118.85814  45.992319      99.60 5.9938e+02    302.377       7258  1027.3236  1027.3244     4.2231     1.1065     0.1850    33.8099    33.8109    8.12644         38 0.0000e+00
     36.000     35.625    -0.2385  27.967435    -0.2373  27.967788     8.8845     9.3201     7.8082    87.4878 6.9834e-01  -73.91402 -118.85814  45.992341      99.54 5.9938e+02    304.250       7303  1027.3397  1027.3389     4.1506     1.2422     0.1794    33.8232    33.8224    8.12709         42 0.0000e+00
     37.000     36.615    -0.2379  27.977122    -0.2370  27.978230     8.8817     9.3281     8.6422    86.3773 5.9370e-01  -73.91402 -118.85814  45.992360      99.47 5.9938e+02    305.941       7344  1027.3539  1027.3542     4.0986     1.7283     0.1905    33.8349    33.8354    8.12630         38 0.0000e+00
     38.000     37.604    -0.2352  27.978857    -0.2377  27.971810     8.8905     9.3332     9.8796    88.3849 4.9874e-01  -73.91402 -118.85814  45.992380      99.54 5.9920e+02    307.670       7385  1027.3575  1027.3523     4.1923     1.5776     0.1751    33.8336    33.8270    8.12580         41 0.0000e+00
     39.000     38.592    -0.2327  27.982450    -0.2339  27.978070     8.9308     9.3287     7.8846    88.0153 4.2391e-01  -73.91402 -118.85814  45.992402      96.31 5.9820e+02    309.566       7431  1027.3632  1027.3597     4.1754     1.4169     0.1793    33.8350    33.8305    8.12518         36 0.0000e+00
     40.000     39.582    -0.2017  28.013876    -0.2043  28.011081     8.9439     9.3374     8.4143    88.2919 3.5798e-01  -73.91402 -118.85814  45.992422      99.56 5.9817e+02    311.290       7472  1027.3713  1027.3708     4.1886     0.9835     0.1816    33.8418    33.8410    8.11818         35 0.0000e+00
     41.000     40.572    -0.1873  28.027816    -0.1885  28.026374     8.9451     9.3296     8.2972    88.2955 2.9996e-01  -73.91402 -118.85814  45.992441      99.52 5.9900e+02    312.873       7510  1027.3768  1027.3764     4.1888     1.8299     0.1762    33.8438    33.8432    8.11500         37 0.0000e+00
     42.000     41.562    -0.1846  28.032092    -0.1846  28.032184     8.9451     9.3262     9.1892    87.4466 2.4958e-01  -73.91402 -118.85814  45.992459      99.57 5.9897e+02    314.469       7548  1027.3832  1027.3834     4.1485     1.2919     0.1554    33.8459    33.8460    8.11431         39 0.0000e+00
     43.000     42.551    -0.1836  28.033715    -0.1826  28.034466     8.9427     9.3255     9.5707    88.3884 2.0887e-01  -73.91402 -118.85814  45.992478      99.47 5.9779e+02    316.107       7588  1027.3885  1027.3883     4.1932     1.4182     0.1834    33.8464    33.8462    8.11408         38 0.0000e+00
     44.000     43.541    -0.1837  28.033881    -0.1824  28.035246     8.9217     9.3143     8.5380    87.3766 1.7220e-01  -73.91402 -118.85814  45.992497      99.59 5.9800e+02    317.744       7627  1027.3933  1027.3934     4.1454     1.4743     0.1658    33.8461    33.8464    8.11411         37 0.0000e+00
     45.000     44.530    -0.1836  28.035653    -0.1839  28.035506     8.8878     9.2795     9.6887    87.7312 1.3928e-01  -73.91402 -118.85814  45.992515      99.40 5.9822e+02    319.291       7664  1027.3994  1027.3996     4.1619     1.5873     0.1628    33.8476    33.8479    8.11399         35 0.0000e+00
     46.000     45.520    -0.1925  28.029765    -0.1919  28.030247     8.8470     9.2410    10.2785    88.1834 1.1241e-01  -73.91402 -118.85814  45.992533      99.37 5.9812e+02    320.812       7700  1027.4061  1027.4060     4.1835     1.8237     0.1803    33.8491    33.8491    8.11580         39 0.0000e+00
     47.000     46.509    -0.2164  28.010021    -0.2138  28.012736     8.7798     9.1776     9.4254    87.5287 8.9990e-02  -73.91402 -118.85814  45.992551      99.63 5.9813e+02    322.426       7739  1027.4124  1027.4128     4.1524     2.0474     0.1787    33.8488    33.8495    8.12091         38 0.0000e+00
     48.000     47.498    -0.2504  27.983077    -0.2466  27.986738     8.7104     9.1078     8.6801    87.8939 7.0987e-02  -73.91402 -118.85814  45.992570      99.69 5.9821e+02    324.037       7778  1027.4207  1027.4210     4.1698     1.9054     0.1763    33.8501    33.8508    8.12811         36 0.0000e+00
     49.000     48.487    -0.2751  27.962440    -0.2722  27.965906     8.6494     9.0562     8.2840    88.9740 5.3379e-02  -73.91402 -118.85814  45.992587      99.52 5.9868e+02    325.547       7814  1027.4266  1027.4274     4.2210     1.5750     0.1727    33.8494    33.8508    8.13342         35 0.0000e+00
     50.000     49.478    -0.3310  27.917819    -0.3288  27.919804     8.6368     9.0339     7.7275    88.1889 3.7969e-02  -73.91402 -118.85814  45.992604      99.48 5.9809e+02    326.970       7848  1027.4367  1027.4367     4.1837     1.8063     0.1812    33.8515    33.8516    8.14527         34 0.0000e+00
     51.000     50.467    -0.3313  27.917643    -0.3302  27.918846     8.6208     9.0068     7.7562    87.6649 2.5237e-02  -73.91402 -118.85814  45.992621      99.42 5.9794e+02    328.495       7885  1027.4406  1027.4408     4.1589     1.5841     0.1598    33.8509    33.8512    8.14536         33 0.0000e+00
     52.000     51.455    -0.3426  27.909681    -0.3418  27.910675     8.5999     8.9841     8.1564    87.9307 1.5130e-02  -73.91402 -118.85814  45.992641      99.58 5.9834e+02    330.170       7925  1027.4468  1027.4471     4.1714     1.1127     0.1583    33.8523    33.8527    8.14770         37 0.0000e+00
