ocean_section_plots/required_files/ctd/dnbp2202_ctd136.cnv
* Sea-Bird SBE 9 Data File:
* FileName = D:\Data\raw\NBP2202_CTD136.hex
* Software Version Seasave V 7.26.7.121
* Temperature SN = 1649
* Conductivity SN = 2513
* Number of Bytes Per Scan = 40
* Number of Voltage Words = 5
* Number of Scans Averaged by the Deck Unit = 1
* NMEA Latitude = 74 01.39 S
* NMEA Longitude = 113 07.37 W
* NMEA UTC (Time) = Jan 28 2022  09:21:21
* NMEA baud rate = 9600
** Ship: RVIB N.B. Palmer
** Cruise: NBP2202 Thwaites
** Station: 65
** Operator: B. Bjork
# nquan = 25
# nvalues = 484                         
# units = specified
# name 0 = prDM: Pressure, Digiquartz [db]
# name 1 = depSM: Depth [salt water, m]
# name 2 = t090C: Temperature [ITS-90, deg C]
# name 3 = c0mS/cm: Conductivity [mS/cm]
# name 4 = t190C: Temperature, 2 [ITS-90, deg C]
# name 5 = c1mS/cm: Conductivity, 2 [mS/cm]
# name 6 = sbeox0ML/L: Oxygen, SBE 43 [ml/l]
# name 7 = sbeox1ML/L: Oxygen, SBE 43, 2 [ml/l]
# name 8 = flECO-AFL: Fluorescence, WET Labs ECO-AFL/FL [mg/m^3]
# name 9 = CStarTr0: Beam Transmission, WET Labs C-Star [%]
# name 10 = par: PAR/Irradiance, Biospherical/Licor
# name 11 = latitude: Latitude [deg]
# name 12 = longitude: Longitude [deg]
# name 13 = timeJ: Julian Days
# name 14 = altM: Altimeter [m]
# name 15 = spar: SPAR, Biospherical/Licor
# name 16 = timeS: Time, Elapsed [seconds]
# name 17 = scan: Scan Count
# name 18 = density00: Density [density, kg/m^3]
# name 19 = density11: Density, 2 [density, kg/m^3]
# name 20 = sal00: Salinity, Practical [PSU]
# name 21 = sal11: Salinity, Practical, 2 [PSU]
# name 22 = oxsolML/L: Oxygen Saturation, Garcia & Gordon [ml/l]
# name 23 = nbin: number of scans per bin
# name 24 = flag: flag
# span 0 =      2.000,    485.000       
# span 1 =      1.978,    479.419       
# span 2 =    -1.6267,    -0.0340       
# span 3 =  26.933067,  28.730713       
# span 4 =    -1.6267,    -0.0318       
# span 5 =  26.933855,  28.730505       
# span 6 =     4.7647,     9.3770       
# span 7 =     4.8578,     9.6467       
# span 8 =    -0.0177,    29.5314       
# span 9 =    58.4500,    93.7279       
# span 10 = -6.989e-05, 1.1491e+01      
# span 11 =  -74.02324,  -74.02324      
# span 12 = -113.12289, -113.12284      
# span 13 =  28.392325,  28.400468      
# span 14 =       3.32,     115.27      
# span 15 = 3.3495e+01, 4.5856e+01      
# span 16 =    215.912,    919.415      
# span 17 =       5183,      22067      
# span 18 =  1027.1811,  1029.8771      
# span 19 =  1027.1847,  1029.8748      
# span 20 =    33.8064,    34.3412      
# span 21 =    33.8100,    34.3384      
# span 22 =    8.05436,    8.42660      
# span 23 =          8,         52      
# span 24 = 0.0000e+00, 0.0000e+00      
# interval = decibars: 1                
# start_time = Jan 28 2022 09:21:21 [NMEA time, header]
# bad_flag = -9.990e-29
*END*
[from data line 232]
    234.000    231.450    -1.1893  27.445672    -1.1886  27.444961     5.8670     5.9996     0.2161    93.0978 1.0000e-12  -74.02324 -113.12286  28.396359      99.80 4.4072e+01    564.426      13547  1028.5213  1028.5198    34.0650    34.0632    8.32019         22 0.0000e+00
    235.000    232.437    -1.1863  27.448818    -1.1855  27.448605     5.9000     6.0293     0.2270    92.9180 1.0000e-12  -74.02324 -113.12286  28.396370      99.80 4.4072e+01    565.374      13570  1028.5265  1028.5254    34.0653    34.0640    8.31951         23 0.0000e+00
    236.000    233.427    -1.1979  27.440215    -1.1972  27.440144     5.9850     6.1047     0.2290    92.9533 1.0000e-12  -74.02324 -113.12286  28.396382      99.80 4.4072e+01    566.369      13594  1028.5330  1028.5323    34.0660    34.0652    8.32204         25 0.0000e+00
    237.000    234.414    -1.2212  27.418911    -1.2180  27.422910     6.0538     6.1698     0.9610    93.2278 1.0000e-12  -74.02324 -113.12286  28.396394      99.80 4.4072e+01    567.422      13619  1028.5370  1028.5383    34.0626    34.0646    8.32742         25 0.0000e+00
    238.000    235.402    -1.2999  27.354215    -1.3000  27.354344     6.0944     6.2092     0.9392    93.2127 1.0000e-12  -74.02324 -113.12286  28.396405      99.80 4.4072e+01    568.402      13643  1028.5474  1028.5476    34.0628    34.0631    8.34497         22 0.0000e+00
    239.000    236.391    -1.3075  27.348784    -1.3074  27.348109     6.1186     6.2317     0.4501    92.9998 1.0000e-12  -74.02324 -113.12286  28.396415      99.80 4.4072e+01    569.299      13664  1028.5530  1028.5522    34.0634    34.0623    8.34664         21 0.0000e+00
    240.000    237.381    -1.3100  27.346794    -1.3076  27.348336     6.1270     6.2469     0.5201    93.0804 1.0000e-12  -74.02324 -113.12286  28.396426      99.80 4.4072e+01    570.226      13686  1028.5574  1028.5567    34.0628    34.0622    8.34722         24 0.0000e+00
    241.000    238.368    -1.3192  27.339865    -1.3211  27.337590     6.1253     6.2470     1.0188    92.9297 1.0000e-12  -74.02324 -113.12286  28.396438      99.81 4.4072e+01    571.268      13711  1028.5629  1028.5622    34.0632    34.0621    8.34926         26 0.0000e+00
    242.000    239.357    -1.3157  27.343545    -1.3174  27.341689     6.1261     6.2447     0.1705    93.1517 1.0000e-12  -74.02324 -113.12286  28.396450      75.49 4.4072e+01    572.318      13737  1028.5677  1028.5673    34.0637    34.0630    8.34845         24 0.0000e+00
    243.000    240.345    -1.3163  27.345265    -1.3155  27.344758     6.1368     6.2590     0.2049    93.2111 1.0000e-12  -74.02324 -113.12286  28.396461      95.38 4.4072e+01    573.269      13759  1028.5743  1028.5730    34.0660    34.0645    8.34844         21 0.0000e+00
    244.000    241.334    -1.3159  27.345797    -1.3159  27.345485     6.1448     6.2649     0.3871    93.2554 1.0000e-12  -74.02324 -113.12286  28.396472      99.84 4.4072e+01    574.153      13781  1028.5787  1028.5784    34.0657    34.0653    8.34837         22 0.0000e+00
    245.000    242.324    -1.3290  27.336441    -1.3279  27.336747     6.1460     6.2586     0.3088    93.2596 1.0000e-12  -74.02324 -113.12286  28.396482      99.81 4.4072e+01    575.049      13802  1028.5854  1028.5847    34.0671    34.0663    8.35121         22 0.0000e+00
    246.000    243.311    -1.3302  27.335964    -1.3293  27.336025     6.1480     6.2667     0.2342    93.1987 1.0000e-12  -74.02324 -113.12286  28.396494      99.80 4.4072e+01    576.081      13827  1028.5902  1028.5894    34.0672    34.0662    8.35148         27 0.0000e+00
    247.000    244.299    -1.3313  27.335692    -1.3302  27.335775     6.1708     6.2961     0.1873    93.2269 1.0000e-12  -74.02324 -113.12286  28.396507      99.80 4.4072e+01    577.185      13853  1028.5952  1028.5942    34.0674    34.0664    8.35171         25 0.0000e+00
    248.000    245.287    -1.3373  27.329986    -1.3379  27.329525     6.2046     6.3275     0.1369    93.2008 1.0000e-12  -74.02324 -113.12286  28.396518      99.79 4.4072e+01    578.158      13877  1028.5990  1028.5990    34.0659    34.0659    8.35316         22 0.0000e+00
    249.000    246.277    -1.3651  27.307541    -1.3646  27.307581     6.2068     6.3351     0.1997    92.9785 1.0000e-12  -74.02324 -113.12286  28.396528      99.81 4.4072e+01    579.040      13898  1028.6057  1028.6052    34.0660    34.0655    8.35937         21 0.0000e+00
    250.000    247.265    -1.3654  27.308560    -1.3643  27.308792     6.1871     6.3191     0.5267    93.0809 1.0000e-12  -74.02324 -113.12286  28.396539      99.80 4.4072e+01    579.946      13920  1028.6111  1028.6104    34.0671    34.0662    8.35937         23 0.0000e+00
    251.000    248.253    -1.3593  27.315162    -1.3571  27.315806     6.1527     6.2857     0.1538    93.2662 1.0000e-12  -74.02324 -113.12286  28.396550      99.80 4.4072e+01    580.956      13944  1028.6166  1028.6151    34.0687    34.0670    8.35792         25 0.0000e+00
    252.000    249.242    -1.3266  27.345053    -1.3244  27.345325     6.1218     6.2497     0.2150    93.2697 1.0000e-12  -74.02324 -113.12286  28.396563      99.81 4.4072e+01    582.004      13969  1028.6217  1028.6199    34.0719    34.0698    8.35040         25 0.0000e+00
    253.000    250.230    -1.3126  27.357726    -1.3120  27.357338     6.1476     6.2765     0.1782    93.1538 1.0000e-12  -74.02324 -113.12286  28.396574      99.80 4.4072e+01    582.992      13993  1028.6262  1028.6252    34.0727    34.0715    8.34721         23 0.0000e+00
    254.000    251.219    -1.3133  27.358107    -1.3127  27.357967     6.1948     6.3188     0.1779    92.8448 1.0000e-12  -74.02324 -113.12286  28.396585      99.80 4.4072e+01    583.916      14015  1028.6316  1028.6309    34.0735    34.0726    8.34733         21 0.0000e+00
    255.000    252.207    -1.3410  27.333580    -1.3439  27.332233     6.2214     6.3481     0.1951    93.0593 1.0000e-12  -74.02324 -113.12286  28.396595      99.80 4.4072e+01    584.826      14037  1028.6361  1028.6375    34.0706    34.0721    8.35370         23 0.0000e+00
    256.000    253.195    -1.3795  27.303856    -1.3791  27.303578     6.2349     6.3601     0.2892    93.1552 1.0000e-12  -74.02324 -113.12286  28.396606      93.80 4.4072e+01    585.795      14060  1028.6453  1028.6446    34.0730    34.0722    8.36218         24 0.0000e+00
    257.000    254.184    -1.3815  27.302621    -1.3811  27.302343     6.2383     6.3676     0.3441    93.2617 1.0000e-12  -74.02324 -113.12286  28.396618      95.95 4.4072e+01    586.810      14084  1028.6500  1028.6493    34.0730    34.0721    8.36264         24 0.0000e+00
    258.000    255.173    -1.3811  27.304119    -1.3806  27.303946     6.2281     6.3671     0.1565    93.2322 1.0000e-12  -74.02324 -113.12286  28.396630      99.78 4.4072e+01    587.806      14108  1028.6554  1028.6546    34.0740    34.0731    8.36249         24 0.0000e+00
    259.000    256.161    -1.3776  27.308782    -1.3768  27.308828     6.2220     6.3613     0.1143    93.0388 1.0000e-12  -74.02324 -113.12286  28.396641      99.80 4.4072e+01    588.791      14132  1028.6613  1028.6604    34.0758    34.0748    8.36160         23 0.0000e+00
    260.000    257.149    -1.3683  27.320058    -1.3674  27.319674     6.2151     6.3559     0.1821    93.3010 1.0000e-12  -74.02324 -113.12286  28.396652      99.79 4.4072e+01    589.748      14155  1028.6688  1028.6675    34.0800    34.0785    8.35925         22 0.0000e+00
    261.000    258.138    -1.3632  27.326318    -1.3627  27.325842     6.2150     6.3490     0.1114    93.2297 1.0000e-12  -74.02324 -113.12286  28.396663      99.80 4.4072e+01    590.656      14177  1028.6749  1028.6739    34.0823    34.0810    8.35799         22 0.0000e+00
    262.000    259.125    -1.3621  27.328399    -1.3616  27.328059     6.2157     6.3481     0.1352    93.3781 1.0000e-12  -74.02324 -113.12286  28.396673      99.80 4.4072e+01    591.592      14199  1028.6803  1028.6795    34.0832    34.0821    8.35767         23 0.0000e+00
    263.000    260.115    -1.3613  27.329659    -1.3607  27.329345     6.2180     6.3470     0.1682    93.3874 1.0000e-12  -74.02324 -113.12287  28.396685      99.80 4.4072e+01    592.605      14224  1028.6852  1028.6844    34.0834    34.0823    8.35748         25 0.0000e+00
    264.000    261.102    -1.3603  27.331544    -1.3595  27.331205     6.2167     6.3484     0.1923    93.4217 1.0000e-12  -74.02324 -113.12287  28.396697      99.80 4.4072e+01    593.643      14248  1028.6906  1028.6895    34.0842    34.0829    8.35721         25 0.0000e+00
    265.000    262.091    -1.3598  27.332701    -1.3592  27.332382     6.2121     6.3537     0.1461    93.4731 1.0000e-12  -74.02324 -113.12287  28.396709      99.80 4.4072e+01    594.626      14272  1028.6956  1028.6947    34.0846    34.0835    8.35707         23 0.0000e+00
    266.000    263.081    -1.3591  27.334420    -1.3582  27.334466     6.2141     6.3602     0.1109    93.4735 1.0000e-12  -74.02324 -113.12288  28.396719      99.81 4.4072e+01    595.543      14294  1028.7011  1028.7003    34.0855    34.0846    8.35685         21 0.0000e+00
    267.000    264.068    -1.3573  27.337426    -1.3567  27.337090     6.2154     6.3562     0.2361    93.3991 1.0000e-12  -74.02324 -113.12286  28.396730      99.80 4.3151e+01    596.459      14316  1028.7069  1028.7060    34.0870    34.0858    8.35637         23 0.0000e+00
    268.000    265.055    -1.3522  27.344982    -1.3515  27.344576     6.2153     6.3484     0.1568    93.3266 1.0000e-12  -74.02324 -113.12288  28.396741      99.80 4.4069e+01    597.434      14339  1028.7146  1028.7134    34.0910    34.0896    8.35500         24 0.0000e+00
    269.000    266.046    -1.3509  27.347046    -1.3501  27.346824     6.2113     6.3472     0.1576    93.5063 1.0000e-12  -74.02324 -113.12286  28.396753      99.81 4.4072e+01    598.474      14364  1028.7199  1028.7190    34.0917    34.0905    8.35466         25 0.0000e+00
    270.000    267.032    -1.3487  27.349757    -1.3481  27.349349     6.2134     6.3512     0.0608    93.5658 1.0000e-12  -74.02324 -113.12288  28.396765      94.14 4.3137e+01    599.475      14388  1028.7251  1028.7240    34.0923    34.0911    8.35413         23 0.0000e+00
    271.000    268.022    -1.3477  27.351377    -1.3471  27.351031     6.2151     6.3513     0.0675    93.5480 1.0000e-12  -74.02324 -113.12286  28.396776      99.83 4.4076e+01    600.420      14411  1028.7301  1028.7292    34.0927    34.0916    8.35387         23 0.0000e+00
    272.000    269.009    -1.3476  27.351979    -1.3470  27.351676     6.2176     6.3520     0.0508    93.5425 1.0000e-12  -74.02324 -113.12288  28.396787      99.80 4.4072e+01    601.359      14434  1028.7351  1028.7341    34.0929    34.0918    8.35386         23 0.0000e+00
    273.000    269.997    -1.3472  27.353399    -1.3464  27.353104     6.2268     6.3561     0.0446    93.5107 1.0000e-12  -74.02324 -113.12286  28.396798      99.81 4.3143e+01    602.327      14457  1028.7405  1028.7394    34.0937    34.0924    8.35371         24 0.0000e+00
    274.000    270.988    -1.3478  27.353497    -1.3471  27.353211     6.2370     6.3709     0.0553    93.5500 1.0000e-12  -74.02324 -113.12288  28.396809      99.81 4.3684e+01    603.326      14481  1028.7456  1028.7445    34.0940    34.0928    8.35384         23 0.0000e+00
    275.000    271.974    -1.3512  27.351734    -1.3511  27.351189     6.2451     6.3801     0.0852    93.5845 1.0000e-12  -74.02324 -113.12286  28.396821      99.80 4.4079e+01    604.310      14504  1028.7513  1028.7506    34.0948    34.0939    8.35455         23 0.0000e+00
    276.000    272.963    -1.3534  27.351629    -1.3528  27.351343     6.2442     6.3798     0.1473    93.6620 1.0000e-12  -74.02324 -113.12286  28.396832      99.80 4.4072e+01    605.248      14527  1028.7576  1028.7566    34.0965    34.0954    8.35493         23 0.0000e+00
    277.000    273.953    -1.3528  27.353502    -1.3521  27.353230     6.2415     6.3722     0.0735    93.6580 1.0000e-12  -74.02324 -113.12286  28.396843      99.80 4.4072e+01    606.201      14550  1028.7633  1028.7624    34.0978    34.0966    8.35472         24 0.0000e+00
    278.000    274.939    -1.3511  27.355952    -1.3504  27.355632     6.2472     6.3799     0.0530    93.5822 1.0000e-12  -74.02324 -113.12286  28.396855      99.81 4.4072e+01    607.232      14575  1028.7687  1028.7676    34.0986    34.0974    8.35430         25 0.0000e+00
    279.000    275.929    -1.3480  27.359909    -1.3474  27.359580     6.2482     6.3794     0.0376    93.6060 1.0000e-12  -74.02324 -113.12286  28.396866      99.80 4.3996e+01    608.240      14599  1028.7743  1028.7733    34.0999    34.0988    8.35353         23 0.0000e+00
    280.000    276.916    -1.3477  27.360980    -1.3470  27.360712     6.2363     6.3687     0.0632    93.5635 1.0000e-12  -74.02324 -113.12286  28.396877      99.80 4.3241e+01    609.156      14621  1028.7795  1028.7785    34.1005    34.0992    8.35343         21 0.0000e+00
    281.000    277.907    -1.3473  27.362132    -1.3467  27.361714     6.2101     6.3445     0.0526    93.6095 1.0000e-12  -74.02324 -113.12286  28.396887      99.81 4.4070e+01    610.060      14642  1028.7846  1028.7836    34.1009    34.0996    8.35331         22 0.0000e+00
    282.000    278.892    -1.3344  27.375311    -1.3320  27.375615     6.1916     6.3280     0.0331    93.6345 1.0000e-12  -74.02324 -113.12286  28.396899      75.27 4.4001e+01    611.049      14666  1028.7908  1028.7888    34.1037    34.1014    8.35026         25 0.0000e+00
    283.000    279.880    -1.3162  27.392070    -1.3138  27.392978     6.1896     6.3283     0.0377    93.6931 1.0000e-12  -74.02324 -113.12286  28.396911      90.56 4.3014e+01    612.083      14691  1028.7958  1028.7944    34.1054    34.1039    8.34609         25 0.0000e+00
    284.000    280.872    -1.3240  27.386084    -1.3230  27.386333     6.1920     6.3343     0.0485    93.7279 1.0000e-12  -74.02324 -113.12286  28.396922      99.69 4.4059e+01    613.071      14715  1028.8012  1028.8006    34.1054    34.1046    8.34782         23 0.0000e+00
    285.000    281.857    -1.3322  27.380219    -1.3314  27.380031     6.1799     6.3151     0.0379    93.7261 1.0000e-12  -74.02324 -113.12286  28.396933      99.81 4.4072e+01    614.001      14737  1028.8072  1028.8062    34.1061    34.1049    8.34963         21 0.0000e+00
    286.000    282.847    -1.3340  27.379961    -1.3331  27.379588     6.1613     6.3013     0.0603    93.7272 1.0000e-12  -74.02324 -113.12286  28.396943      99.80 4.4072e+01    614.911      14759  1028.8130  1028.8117    34.1071    34.1057    8.34996         23 0.0000e+00
    287.000    283.833    -1.3264  27.387798    -1.3247  27.387789     6.1496     6.3024     0.0393    93.6992 1.0000e-12  -74.02324 -113.12286  28.396955      99.80 4.4072e+01    615.879      14782  1028.8184  1028.8168    34.1086    34.1067    8.34817         24 0.0000e+00
    288.000    284.824    -1.3147  27.398830    -1.3138  27.398441     6.1243     6.2824     0.0487    93.6717 1.0000e-12  -74.02324 -113.12286  28.396967      99.81 4.4072e+01    616.907      14807  1028.8235  1028.8222    34.1099    34.1083    8.34549         25 0.0000e+00
    289.000    285.812    -1.3120  27.402371    -1.3106  27.402142     6.0569     6.2125     0.0401    93.6876 1.0000e-12  -74.02324 -113.12286  28.396978      99.80 4.4072e+01    617.918      14831  1028.8291  1028.8276    34.1110    34.1092    8.34481         24 0.0000e+00
    290.000    286.798    -1.2763  27.436488    -1.2709  27.438181     5.9868     6.1499     0.0412    93.5998 1.0000e-12  -74.02324 -113.12286  28.396989      99.81 4.4072e+01    618.888      14854  1028.8360  1028.8325    34.1166    34.1127    8.33652         22 0.0000e+00
