ocean_section_plots/required_files/ctd/dnbp2202_ctd284.cnv
* Sea-Bird SBE 9 Data File:
* FileName = D:\Data\raw\NBP2202_CTD284.hex
* Software Version Seasave V 7.26.7.121
* Temperature SN = 1649
* Conductivity SN = 2513
* Number of Bytes Per Scan = 40
* Number of Voltage Words = 5
* Number of Scans Averaged by the Deck Unit = 1
* NMEA Latitude = 74 08.78 S
* NMEA Longitude = 115 22.58 W
* NMEA UTC (Time) = Feb 22 2022  10:26:55
* NMEA baud rate = 9600
** Ship: RVIB N.B. Palmer
** Cruise: NBP2202 Thwaites
** Station: 186
** Operator: B. Bjork
# nquan = 28
# nvalues = 1136                        
# units = specified
# name 0 = prDM: Pressure, Digiquartz [db]
# name 1 = depSM: Depth [salt water, m]
# name 2 = t090C: Temperature [ITS-90, deg C]
# name 3 = c0mS/cm: Conductivity [mS/cm]
# name 4 = t190C: Temperature, 2 [ITS-90, deg C]
# name 5 = c1mS/cm: Conductivity, 2 [mS/cm]
# name 6 = sbeox0ML/L: Oxygen, SBE 43 [ml/l]
# name 7 = sbeox1ML/L: Oxygen, SBE 43, 2 [ml/l]
# name 8 = flECO-AFL: Fluorescence, WET Labs ECO-AFL/FL [mg/m^3]
# name 9 = CStarTr0: Beam Transmission, WET Labs C-Star [%]
# name 10 = par: PAR/Irradiance, Biospherical/Licor
# name 11 = latitude: Latitude [deg]
# name 12 = longitude: Longitude [deg]
# name 13 = timeJ: Julian Days
# name 14 = altM: Altimeter [m]
# name 15 = spar: SPAR, Biospherical/Licor
# name 16 = timeS: Time, Elapsed [seconds]
# name 17 = scan: Scan Count
# name 18 = density00: Density [density, kg/m^3]
# name 19 = density11: Density, 2 [density, kg/m^3]
# name 20 = v3: Voltage 3
# name 21 = v4: Voltage 4
# name 22 = v5: Voltage 5
# name 23 = sal00: Salinity, Practical [PSU]
# name 24 = sal11: Salinity, Practical, 2 [PSU]
# name 25 = oxsolML/L: Oxygen Saturation, Garcia & Gordon [ml/l]
# name 26 = nbin: number of scans per bin
# name 27 = flag: flag
# span 0 =      3.000,   1138.000       
# span 1 =      2.968,   1123.155       
# span 2 =    -1.8531,     0.5385       
# span 3 =  26.899333,  29.671604       
# span 4 =    -1.8526,     0.5408       
# span 5 =  26.900109,  29.672537       
# span 6 =     4.4573,     9.2278       
# span 7 =     4.5537,     9.5446       
# span 8 =     0.0126,     8.6223       
# span 9 =    89.1716,    98.7344       
# span 10 = 1.0000e-12, 2.0966e+00      
# span 11 =  -74.14636,  -74.14632      
# span 12 = -115.37650, -115.37642      
# span 13 =  53.438350,  53.453533      
# span 14 =       3.80,     100.30      
# span 15 = 1.7627e+01, 3.1772e+01      
# span 16 =    258.464,   1570.264      
# span 17 =       6204,      37687      
# span 18 =  1027.1729,  1033.0618      
# span 19 =  1027.1756,  1033.0605      
# span 20 =     4.2302,     4.6838      
# span 21 =     0.0679,     1.8784      
# span 22 =     0.1053,     0.2433      
# span 23 =    33.8016,    34.5603      
# span 24 =    33.8037,    34.5585      
# span 25 =    7.92333,    8.47019      
# span 26 =         16,         47      
# span 27 = 0.0000e+00, 0.0000e+00      
# interval = decibars: 1                
# start_time = Feb 22 2022 10:26:55 [NMEA time, header]
# bad_flag = -9.990e-29
*END*
[from data line 777]
    780.000    770.478     0.4610  29.435707     0.4636  29.436226     4.6087     4.7202     0.2904    98.0283 1.0000e-12  -74.14634 -115.37646  53.448433      99.86 2.5473e+01   1129.571      27111  1031.3868  1031.3848     4.6503     0.1257     0.1147    34.5409    34.5388    7.94026         23 0.0000e+00
    781.000    771.464     0.4617  29.437062     0.4643  29.437545     4.6080     4.7212     0.2792    98.0860 1.0000e-12  -74.14634 -115.37646  53.448444      99.86 2.1899e+01   1130.548      27134  1031.3917  1031.3897     4.6530     0.1095     0.1135    34.5413    34.5390    7.94009         23 0.0000e+00
    782.000    772.452     0.4628  29.438500     0.4654  29.439077     4.6106     4.7247     0.3453    98.1247 1.0000e-12  -74.14634 -115.37646  53.448455      99.86 2.2333e+01   1131.528      27158  1031.3964  1031.3944     4.6549     0.1152     0.1149    34.5415    34.5392    7.93987         24 0.0000e+00
    783.000    773.436     0.4644  29.440699     0.4671  29.441133     4.6063     4.7243     0.2769    98.0913 1.0000e-12  -74.14634 -115.37646  53.448467      99.86 2.4887e+01   1132.516      27181  1031.4012  1031.3991     4.6533     0.1101     0.1201    34.5419    34.5395    7.93950         24 0.0000e+00
    784.000    774.424     0.4654  29.442036     0.4681  29.442566     4.6103     4.7146     0.2649    98.1046 1.0000e-12  -74.14634 -115.37646  53.448478      73.30 2.1931e+01   1133.497      27205  1031.4059  1031.4038     4.6539     0.1052     0.1127    34.5420    34.5397    7.93929         23 0.0000e+00
    785.000    775.409     0.4657  29.442614     0.4682  29.443183     4.6086     4.7026     0.2328    98.0953 1.0000e-12  -74.14634 -115.37646  53.448489      90.24 2.1963e+01   1134.490      27229  1031.4105  1031.4086     4.6535     0.1079     0.1111    34.5419    34.5397    7.93925         24 0.0000e+00
    786.000    776.394     0.4661  29.443498     0.4686  29.444009     4.6093     4.7045     0.2194    98.0922 1.0000e-12  -74.14634 -115.37646  53.448501      99.81 2.5116e+01   1135.478      27252  1031.4153  1031.4133     4.6533     0.1048     0.1128    34.5420    34.5398    7.93916         24 0.0000e+00
    787.000    777.381     0.4667  29.444758     0.4694  29.445262     4.6120     4.7123     0.2162    98.1134 1.0000e-12  -74.14634 -115.37646  53.448512      99.86 2.2552e+01   1136.452      27276  1031.4202  1031.4181     4.6543     0.1048     0.1110    34.5423    34.5401    7.93901         23 0.0000e+00
    788.000    778.367     0.4669  29.445310     0.4695  29.445872     4.6069     4.7146     0.2858    98.1201 1.0000e-12  -74.14634 -115.37646  53.448523      99.87 2.2042e+01   1137.427      27299  1031.4248  1031.4228     4.6547     0.1065     0.1109    34.5423    34.5401    7.93897         24 0.0000e+00
    789.000    779.352     0.4679  29.446733     0.4704  29.447305     4.6021     4.7154     0.4130    98.1225 1.0000e-12  -74.14634 -115.37646  53.448535      99.87 2.4142e+01   1138.416      27323  1031.4295  1031.4277     4.6548     0.1047     0.1147    34.5425    34.5404    7.93876         23 0.0000e+00
    790.000    780.338     0.4690  29.448353     0.4715  29.448895     4.6038     4.7111     0.3683    98.0933 1.0000e-12  -74.14634 -115.37646  53.448546      99.86 2.2990e+01   1139.397      27347  1031.4344  1031.4325     4.6533     0.1024     0.1145    34.5428    34.5407    7.93852         24 0.0000e+00
    791.000    781.324     0.4702  29.450136     0.4727  29.450732     4.6016     4.7068     0.2714    98.0901 1.0000e-12  -74.14634 -115.37646  53.448557      99.86 2.1960e+01   1140.350      27369  1031.4393  1031.4374     4.6533     0.1023     0.1123    34.5432    34.5412    7.93825         22 0.0000e+00
    792.000    782.311     0.4714  29.451823     0.4740  29.452508     4.6028     4.7047     0.2009    98.1782 1.0000e-12  -74.14634 -115.37646  53.448568      99.87 2.3312e+01   1141.300      27392  1031.4441  1031.4422     4.6573     0.1028     0.1124    34.5435    34.5415    7.93799         23 0.0000e+00
    793.000    783.297     0.4717  29.452768     0.4744  29.453329     4.6004     4.7106     0.2275    98.1835 1.0000e-12  -74.14634 -115.37646  53.448580      99.86 2.3808e+01   1142.289      27416  1031.4489  1031.4469     4.6576     0.1049     0.1120    34.5438    34.5415    7.93790         24 0.0000e+00
    794.000    784.283     0.4720  29.453384     0.4743  29.453859     4.6012     4.7129     0.2607    98.1791 1.0000e-12  -74.14634 -115.37646  53.448591      99.87 2.2388e+01   1143.282      27440  1031.4535  1031.4518     4.6574     0.1051     0.1109    34.5437    34.5417    7.93785         24 0.0000e+00
    795.000    785.267     0.4719  29.453788     0.4744  29.454345     4.6033     4.7126     0.2304    98.1823 1.0000e-12  -74.14634 -115.37646  53.448603      99.86 2.2990e+01   1144.269      27463  1031.4583  1031.4565     4.6576     0.1620     0.1175    34.5438    34.5417    7.93787         24 0.0000e+00
    796.000    786.255     0.4718  29.454190     0.4744  29.454772     4.6005     4.7101     0.2155    98.1864 1.0000e-12  -74.14634 -115.37646  53.448614      99.86 2.3607e+01   1145.250      27487  1031.4630  1031.4611     4.6578     0.1026     0.1118    34.5438    34.5417    7.93787         23 0.0000e+00
    797.000    787.240     0.4712  29.454123     0.4737  29.454549     4.6003     4.7056     0.2295    98.0644 1.0000e-12  -74.14634 -115.37646  53.448625      99.87 2.2047e+01   1146.225      27510  1031.4678  1031.4658     4.6521     0.1073     0.1116    34.5438    34.5416    7.93800         23 0.0000e+00
    798.000    788.224     0.4713  29.454660     0.4738  29.455274     4.6009     4.7036     0.2243    98.2017 1.0000e-12  -74.14634 -115.37646  53.448636      80.86 2.2466e+01   1147.189      27534  1031.4725  1031.4706     4.6584     0.0994     0.1122    34.5439    34.5418    7.93798         23 0.0000e+00
    799.000    789.212     0.4721  29.455896     0.4746  29.456534     4.6028     4.7069     0.2045    98.2321 1.0000e-12  -74.14634 -115.37646  53.448648      96.46 2.4485e+01   1148.158      27557  1031.4772  1031.4754     4.6600     0.1000     0.1121    34.5440    34.5420    7.93781         24 0.0000e+00
    800.000    790.197     0.4734  29.457823     0.4758  29.458318     4.6056     4.7097     0.3155    98.0522 1.0000e-12  -74.14634 -115.37646  53.448659      99.80 2.1976e+01   1149.148      27581  1031.4821  1031.4803     4.6515     0.1057     0.1134    34.5445    34.5424    7.93751         25 0.0000e+00
    801.000    791.184     0.4744  29.459325     0.4770  29.459887     4.6028     4.7090     0.2348    98.0727 1.0000e-12  -74.14634 -115.37646  53.448671      99.86 2.2326e+01   1150.178      27605  1031.4869  1031.4850     4.6524     0.1152     0.1133    34.5447    34.5426    7.93729         24 0.0000e+00
    802.000    792.170     0.4745  29.459922     0.4770  29.460422     4.5929     4.7084     0.2770    98.1965 1.0000e-12  -74.14634 -115.37646  53.448683      99.86 2.4351e+01   1151.220      27630  1031.4917  1031.4898     4.6583     0.0995     0.1094    34.5449    34.5427    7.93727         25 0.0000e+00
    803.000    793.155     0.4768  29.462805     0.4795  29.463425     4.5927     4.7045     0.1840    98.2333 1.0000e-12  -74.14634 -115.37646  53.448695      99.86 2.2209e+01   1152.252      27655  1031.4966  1031.4946     4.6600     0.1045     0.1098    34.5454    34.5433    7.93676         25 0.0000e+00
    804.000    794.140     0.4774  29.463940     0.4800  29.464540     4.5961     4.7060     0.1817    98.2846 1.0000e-12  -74.14634 -115.37646  53.448707      99.87 2.3043e+01   1153.300      27680  1031.5014  1031.4995     4.6624     0.0999     0.1109    34.5457    34.5436    7.93663         26 0.0000e+00
    805.000    795.127     0.4795  29.466556     0.4819  29.466874     4.5986     4.7039     0.1889    98.2704 1.0000e-12  -74.14634 -115.37646  53.448720      99.86 2.4668e+01   1154.367      27706  1031.5063  1031.5043     4.6618     0.1069     0.1116    34.5462    34.5440    7.93617         25 0.0000e+00
    806.000    796.112     0.4848  29.471909     0.4865  29.471699     4.5971     4.7027     0.2014    98.2887 1.0000e-12  -74.14634 -115.37646  53.448732      99.86 2.2089e+01   1155.410      27731  1031.5108  1031.5090     4.6627     0.1003     0.1120    34.5467    34.5446    7.93505         25 0.0000e+00
    807.000    797.098     0.4849  29.472468     0.4875  29.473115     4.5917     4.6981     0.2323    98.2848 1.0000e-12  -74.14634 -115.37646  53.448744      99.86 2.2350e+01   1156.448      27756  1031.5155  1031.5137     4.6624     0.1217     0.1124    34.5467    34.5447    7.93503         25 0.0000e+00
    808.000    798.085     0.4841  29.472096     0.4867  29.472780     4.5983     4.6968     0.2417    98.2673 1.0000e-12  -74.14634 -115.37646  53.448756      99.87 2.4323e+01   1157.498      27781  1031.5203  1031.5184     4.6617     0.1159     0.1167    34.5466    34.5446    7.93521         25 0.0000e+00
    809.000    799.070     0.4847  29.473237     0.4870  29.473684     4.5892     4.6981     0.2272    98.2225 1.0000e-12  -74.14634 -115.37646  53.448768      99.87 2.1907e+01   1158.552      27806  1031.5250  1031.5232     4.6595     0.1070     0.1133    34.5468    34.5448    7.93507         25 0.0000e+00
    810.000    800.055     0.4845  29.473412     0.4870  29.473984     4.5966     4.7006     0.3037    98.1535 1.0000e-12  -74.14634 -115.37645  53.448780      99.87 2.2569e+01   1159.590      27831  1031.5297  1031.5279     4.6562     0.1072     0.1165    34.5467    34.5448    7.93511         25 0.0000e+00
    811.000    801.041     0.4832  29.472703     0.4857  29.473188     4.5929     4.6995     0.3024    98.1816 1.0000e-12  -74.14634 -115.37645  53.448792      86.49 2.5148e+01   1160.615      27856  1031.5345  1031.5326     4.6576     0.0983     0.1144    34.5467    34.5446    7.93538         24 0.0000e+00
    812.000    802.028     0.4845  29.474610     0.4871  29.475039     4.5903     4.6945     0.2252    98.2793 1.0000e-12  -74.14634 -115.37645  53.448804      97.79 2.2048e+01   1161.633      27880  1031.5394  1031.5374     4.6622     0.0994     0.1109    34.5471    34.5449    7.93509         25 0.0000e+00
    813.000    803.012     0.4874  29.477837     0.4900  29.478332     4.5879     4.6915     0.3058    98.2236 1.0000e-12  -74.14634 -115.37645  53.448816      99.88 2.2639e+01   1162.674      27905  1031.5441  1031.5421     4.6596     0.1031     0.1100    34.5476    34.5453    7.93448         25 0.0000e+00
    814.000    803.999     0.4882  29.479067     0.4907  29.479596     4.5896     4.6955     0.3925    98.1737 1.0000e-12  -74.14634 -115.37645  53.448828      99.86 2.4393e+01   1163.720      27930  1031.5488  1031.5469     4.6572     0.1007     0.1140    34.5476    34.5456    7.93429         26 0.0000e+00
    815.000    804.986     0.4885  29.479739     0.4914  29.480651     4.5925     4.6904     0.2567    98.2353 1.0000e-12  -74.14634 -115.37645  53.448840      99.86 2.1400e+01   1164.745      27955  1031.5534  1031.5516     4.6600     0.1317     0.1110    34.5476    34.5456    7.93424         23 0.0000e+00
    816.000    805.968     0.4900  29.481811     0.4926  29.482311     4.5871     4.6865     0.2340    97.9295 1.0000e-12  -74.14634 -115.37645  53.448852      99.86 2.2443e+01   1165.771      27980  1031.5583  1031.5564     4.6458     0.1030     0.1115    34.5481    34.5459    7.93391         26 0.0000e+00
    817.000    806.958     0.4905  29.482613     0.4929  29.483043     4.5849     4.6909     0.2307    98.0549 1.0000e-12  -74.14634 -115.37645  53.448863      99.86 2.4155e+01   1166.806      28004  1031.5629  1031.5610     4.6516     0.1113     0.1118    34.5481    34.5459    7.93382         24 0.0000e+00
    818.000    807.942     0.4915  29.484141     0.4939  29.484600     4.5872     4.6946     0.2137    98.2350 1.0000e-12  -74.14634 -115.37645  53.448875      99.87 2.1876e+01   1167.826      28029  1031.5677  1031.5659     4.6601     0.1048     0.1128    34.5483    34.5462    7.93358         25 0.0000e+00
    819.000    808.927     0.4918  29.484871     0.4943  29.485418     4.5815     4.6959     0.2266    98.1840 1.0000e-12  -74.14634 -115.37645  53.448887      99.87 2.2107e+01   1168.844      28053  1031.5724  1031.5705     4.6577     0.1068     0.1147    34.5484    34.5463    7.93352         24 0.0000e+00
    820.000    809.914     0.4919  29.485356     0.4945  29.485932     4.5792     4.6916     0.2416    98.1992 1.0000e-12  -74.14634 -115.37645  53.448899      99.86 2.4386e+01   1169.870      28078  1031.5771  1031.5752     4.6584     0.1066     0.1152    34.5484    34.5462    7.93351         25 0.0000e+00
    821.000    810.900     0.4920  29.485916     0.4945  29.486505     4.5743     4.6857     0.2347    98.2013 1.0000e-12  -74.14634 -115.37645  53.448911      99.86 2.1754e+01   1170.903      28103  1031.5818  1031.5800     4.6584     0.1077     0.1131    34.5484    34.5463    7.93349         25 0.0000e+00
    822.000    811.885     0.4922  29.486628     0.4947  29.487270     4.5804     4.6871     0.2734    97.9957 1.0000e-12  -74.14634 -115.37645  53.448923      99.86 2.2485e+01   1171.946      28128  1031.5865  1031.5848     4.6488     0.1101     0.1125    34.5485    34.5466    7.93343         25 0.0000e+00
    823.000    812.871     0.4927  29.487623     0.4952  29.488158     4.5791     4.6905     0.3539    98.0046 1.0000e-12  -74.14633 -115.37645  53.448935      77.56 2.5041e+01   1173.004      28153  1031.5913  1031.5894     4.6491     0.1039     0.1124    34.5487    34.5466    7.93332         25 0.0000e+00
    824.000    813.857     0.4935  29.488819     0.4960  29.489327     4.5818     4.6838     0.2603    98.1298 1.0000e-12  -74.14634 -115.37644  53.448947      85.38 2.1817e+01   1174.056      28178  1031.5960  1031.5941     4.6551     0.1052     0.1134    34.5488    34.5467    7.93316         25 0.0000e+00
    825.000    814.841     0.4939  29.489689     0.4964  29.490269     4.5823     4.6746     0.2228    98.1230 1.0000e-12  -74.14632 -115.37644  53.448959     100.02 2.2145e+01   1175.095      28203  1031.6007  1031.5989     4.6548     0.1367     0.1124    34.5489    34.5469    7.93306         25 0.0000e+00
    826.000    815.828     0.4935  29.489907     0.4960  29.490508     4.5802     4.6749     0.3880    98.1633 1.0000e-12  -74.14632 -115.37644  53.448971      99.86 2.4404e+01   1176.128      28228  1031.6056  1031.6038     4.6567     0.1104     0.1137    34.5491    34.5471    7.93314         25 0.0000e+00
    827.000    816.815     0.4934  29.490237     0.4959  29.490845     4.5739     4.6732     0.4353    98.1785 1.0000e-12  -74.14632 -115.37644  53.448983      99.86 2.1808e+01   1177.159      28253  1031.6103  1031.6085     4.6574     0.1067     0.1118    34.5490    34.5471    7.93316         25 0.0000e+00
    828.000    817.798     0.4941  29.491506     0.4966  29.491985     4.5715     4.6756     0.3138    98.1066 1.0000e-12  -74.14632 -115.37644  53.448995      99.86 2.2345e+01   1178.193      28278  1031.6151  1031.6132     4.6540     0.1030     0.1121    34.5493    34.5472    7.93300         25 0.0000e+00
    829.000    818.786     0.4939  29.491782     0.4964  29.492328     4.5687     4.6700     0.2234    98.1072 1.0000e-12  -74.14632 -115.37644  53.449007      99.86 2.4152e+01   1179.222      28302  1031.6198  1031.6179     4.6541     0.1218     0.1203    34.5493    34.5472    7.93303         24 0.0000e+00
    830.000    819.771     0.4932  29.491702     0.4957  29.492232     4.5721     4.6750     0.2121    98.1426 1.0000e-12  -74.14632 -115.37644  53.449019      99.86 2.2635e+01   1180.250      28327  1031.6247  1031.6228     4.6558     0.1098     0.1157    34.5495    34.5474    7.93318         25 0.0000e+00
