ocean_section_plots/required_files/ctd/dnbp2202_ctd181.cnv
* Sea-Bird SBE 9 Data File:
* FileName = D:\Data\raw\NBP2202_CTD181.hex
* Software Version Seasave V 7.26.7.121
* Temperature SN = 1649
* Conductivity SN = 2513
* Number of Bytes Per Scan = 40
* Number of Voltage Words = 5
* Number of Scans Averaged by the Deck Unit = 1
* NMEA Latitude = 74 09.52 S
* NMEA Longitude = 111 26.18 W
* NMEA UTC (Time) = Feb 04 2022  01:41:19
* NMEA baud rate = 9600
** Ship: RVIB N.B. Palmer
** Cruise: NBP2202 Thwaites
** Station: 103
** Operator: A. Robinson
# nquan = 28
# nvalues = 326                         
# units = specified
# name 0 = prDM: Pressure, Digiquartz [db]
# name 1 = depSM: Depth [salt water, m]
# name 2 = t090C: Temperature [ITS-90, deg C]
# name 3 = c0mS/cm: Conductivity [mS/cm]
# name 4 = t190C: Temperature, 2 [ITS-90, deg C]
# name 5 = c1mS/cm: Conductivity, 2 [mS/cm]
# name 6 = sbeox0ML/L: Oxygen, SBE 43 [ml/l]
# name 7 = sbeox1ML/L: Oxygen, SBE 43, 2 [ml/l]
# name 8 = flECO-AFL: Fluorescence, WET Labs ECO-AFL/FL [mg/m^3]
# name 9 = CStarTr0: Beam Transmission, WET Labs C-Star [%]
# name 10 = par: PAR/Irradiance, Biospherical/Licor
# name 11 = latitude: Latitude [deg]
# name 12 = longitude: Longitude [deg]
# name 13 = timeJ: Julian Days
# name 14 = altM: Altimeter [m]
# name 15 = spar: SPAR, Biospherical/Licor
# name 16 = timeS: Time, Elapsed [seconds]
# name 17 = scan: Scan Count
# name 18 = density00: Density [density, kg/m^3]
# name 19 = density11: Density, 2 [density, kg/m^3]
# name 20 = v3: Voltage 3
# name 21 = v4: Voltage 4
# name 22 = v5: Voltage 5
# name 23 = sal00: Salinity, Practical [PSU]
# name 24 = sal11: Salinity, Practical, 2 [PSU]
# name 25 = oxsolML/L: Oxygen Saturation, Garcia & Gordon [ml/l]
# name 26 = nbin: number of scans per bin
# name 27 = flag: flag
# span 0 =      2.000,    327.000       
# span 1 =      1.980,    323.361       
# span 2 =    -1.4301,    -1.0664       
# span 3 =  27.053313,  27.341001       
# span 4 =    -1.4304,    -1.0828       
# span 5 =  27.053608,  27.340842       
# span 6 =     5.8832,     7.4114       
# span 7 =     6.0225,     7.4384       
# span 8 =     0.0059,     7.9339       
# span 9 =    85.5301,    98.3574       
# span 10 = -6.954e-05, 7.2966e+02      
# span 11 =  -74.15876,  -74.15876      
# span 12 = -111.43646, -111.43643      
# span 13 =  35.073242,  35.078699      
# span 14 =       4.80,      99.94      
# span 15 = 1.3718e+03, 1.3848e+03      
# span 16 =    249.099,    720.634      
# span 17 =       5979,      17296      
# span 18 =  1027.2051,  1028.9573      
# span 19 =  1027.2064,  1028.9558      
# span 20 =     4.0576,     4.6660      
# span 21 =     0.0677,     1.1766      
# span 22 =     0.1237,     0.1826      
# span 23 =    33.8086,    34.0437      
# span 24 =    33.8112,    34.0419      
# span 25 =    8.30782,    8.38216      
# span 26 =         21,         77      
# span 27 = 0.0000e+00, 0.0000e+00      
# interval = decibars: 1                
# start_time = Feb 04 2022 01:41:19 [NMEA time, header]
# bad_flag = -9.990e-29
*END*
[from data line 104]
    106.000    104.875    -1.4037  27.106406    -1.4025  27.107342     6.0521     6.1815     0.6265    97.3295 1.0000e-12  -74.15876 -111.43644  35.075225      99.85 1.3729e+03    420.436      10091  1027.8035  1027.8032     4.6172     0.2136     0.1333    33.9223    33.9222    8.37657         26 0.0000e+00
    107.000    105.866    -1.4072  27.104051    -1.4083  27.103272     6.0684     6.1948     0.5543    97.0482 1.0000e-12  -74.15876 -111.43644  35.075238      99.85 1.3734e+03    421.540      10118  1027.8085  1027.8088     4.6038     0.1947     0.1298    33.9223    33.9226    8.37735         27 0.0000e+00
    108.000    106.854    -1.4104  27.102164    -1.4106  27.102074     6.0715     6.2014     0.5279    96.9929 1.0000e-12  -74.15876 -111.43644  35.075251      99.85 1.3750e+03    422.656      10145  1027.8139  1027.8139     4.6012     0.1882     0.1289    33.9228    33.9229    8.37805         27 0.0000e+00
    109.000    107.844    -1.4120  27.101462    -1.4124  27.101095     6.0658     6.2002     0.6865    97.3441 1.0000e-12  -74.15876 -111.43644  35.075264      96.25 1.3735e+03    423.770      10171  1027.8188  1027.8189     4.6179     0.1525     0.1309    33.9230    33.9229    8.37839         26 0.0000e+00
    110.000    108.833    -1.4112  27.102520    -1.4115  27.102216     6.0644     6.1932     0.7881    97.0343 1.0000e-12  -74.15876 -111.43644  35.075276      99.85 1.3732e+03    424.875      10198  1027.8236  1027.8235     4.6032     0.1970     0.1289    33.9229    33.9229    8.37822         27 0.0000e+00
    111.000    109.821    -1.4106  27.103395    -1.4111  27.103063     6.0633     6.1996     0.7849    96.9371 1.0000e-12  -74.15876 -111.43644  35.075289      99.85 1.3733e+03    425.982      10225  1027.8282  1027.8283     4.5986     0.1601     0.1297    33.9228    33.9229    8.37809         26 0.0000e+00
    112.000    110.812    -1.4104  27.104153    -1.4106  27.103953     6.0597     6.2023     0.8060    97.0181 1.0000e-12  -74.15876 -111.43644  35.075302      99.85 1.3733e+03    427.096      10251  1027.8332  1027.8331     4.6025     0.1675     0.1304    33.9231    33.9230    8.37803         27 0.0000e+00
    113.000    111.801    -1.4109  27.104352    -1.4113  27.103933     6.0700     6.2062     0.7739    97.2372 1.0000e-12  -74.15876 -111.43644  35.075315      99.85 1.3733e+03    428.187      10277  1027.8381  1027.8381     4.6127     0.1600     0.1311    33.9232    33.9231    8.37813         26 0.0000e+00
    114.000    112.788    -1.4118  27.104018    -1.4120  27.103763     6.0934     6.2236     0.7603    97.1735 1.0000e-12  -74.15876 -111.43644  35.075327      99.85 1.3744e+03    429.279      10304  1027.8429  1027.8429     4.6098     0.1727     0.1312    33.9232    33.9231    8.37833         26 0.0000e+00
    115.000    113.779    -1.4122  27.104111    -1.4133  27.103207     6.1238     6.2415     0.7714    97.0685 1.0000e-12  -74.15876 -111.43644  35.075340      99.84 1.3741e+03    430.387      10330  1027.8477  1027.8478     4.6048     0.1587     0.1291    33.9231    33.9232    8.37843         27 0.0000e+00
    116.000    114.767    -1.4247  27.094921    -1.4240  27.095754     6.1205     6.2477     0.5981    97.0900 1.0000e-12  -74.15876 -111.43644  35.075353      99.85 1.3738e+03    431.493      10357  1027.8540  1027.8542     4.6058     0.2199     0.1327    33.9241    33.9244    8.38119         26 0.0000e+00
    117.000    115.757    -1.4301  27.093892    -1.4304  27.093647     6.1106     6.2418     0.6436    97.1550 1.0000e-12  -74.15876 -111.43644  35.075366      99.84 1.3746e+03    432.593      10383  1027.8624  1027.8624     4.6090     0.1791     0.1325    33.9282    33.9282    8.38216         27 0.0000e+00
    118.000    116.745    -1.4268  27.101115    -1.4268  27.100975     6.1029     6.2349     0.8420    97.1662 1.0000e-12  -74.15876 -111.43644  35.075378      99.85 1.3747e+03    433.703      10410  1027.8715  1027.8713     4.6094     0.1714     0.1316    33.9338    33.9336    8.38109         26 0.0000e+00
    119.000    117.734    -1.4251  27.103874    -1.4253  27.103724     6.0832     6.2172     0.7132    97.1640 1.0000e-12  -74.15876 -111.43644  35.075391      99.85 1.3745e+03    434.801      10436  1027.8772  1027.8771     4.6093     0.1809     0.1256    33.9350    33.9350    8.38063         27 0.0000e+00
    120.000    118.725    -1.4202  27.109927    -1.4200  27.109906     6.0679     6.2032     0.4767    97.1483 1.0000e-12  -74.15876 -111.43644  35.075404      99.85 1.3742e+03    435.890      10462  1027.8833  1027.8831     4.6086     0.1744     0.1254    33.9372    33.9369    8.37940         26 0.0000e+00
    121.000    119.712    -1.4148  27.115591    -1.4144  27.115683     6.0556     6.1914     0.5605    97.2582 1.0000e-12  -74.15876 -111.43644  35.075417      99.85 1.3749e+03    436.989      10489  1027.8887  1027.8883     4.6138     0.1689     0.1258    33.9382    33.9378    8.37813         26 0.0000e+00
    122.000    120.702    -1.4103  27.120266    -1.4102  27.120150     6.0392     6.1876     0.7139    97.3507 1.0000e-12  -74.15876 -111.43644  35.075429      99.84 1.3744e+03    438.092      10515  1027.8937  1027.8935     4.6182     0.1610     0.1264    33.9388    33.9386    8.37706         27 0.0000e+00
    123.000    121.691    -1.4060  27.125716    -1.4061  27.125382     6.0267     6.1752     0.5802    97.2867 1.0000e-12  -74.15876 -111.43644  35.075442      99.85 1.3737e+03    439.198      10542  1027.8999  1027.8997     4.6151     0.1986     0.1267    33.9409    33.9406    8.37599         27 0.0000e+00
    124.000    122.680    -1.4042  27.129166    -1.4041  27.129055     6.0269     6.1736     0.4691    97.1180 1.0000e-12  -74.15876 -111.43644  35.075455      99.84 1.3749e+03    440.316      10569  1027.9063  1027.9061     4.6071     0.2084     0.1334    33.9429    33.9427    8.37545         27 0.0000e+00
    125.000    123.669    -1.4045  27.129336    -1.4043  27.129353     6.0362     6.1702     0.5152    96.9356 1.0000e-12  -74.15876 -111.43644  35.075468      99.86 1.3747e+03    441.424      10595  1027.9111  1027.9110     4.5985     0.1427     0.1264    33.9429    33.9427    8.37552         26 0.0000e+00
    126.000    124.656    -1.4045  27.129729    -1.4045  27.129605     6.0417     6.1691     0.5763    97.0275 1.0000e-12  -74.15876 -111.43644  35.075481      99.85 1.3740e+03    442.516      10621  1027.9159  1027.9158     4.6029     0.1335     0.1273    33.9428    33.9426    8.37553         25 0.0000e+00
    127.000    125.648    -1.4042  27.130944    -1.4043  27.130898     6.0401     6.1672     0.5928    97.4097 1.0000e-12  -74.15876 -111.43644  35.075493      99.84 1.3750e+03    443.608      10648  1027.9213  1027.9214     4.6210     0.1553     0.1251    33.9435    33.9436    8.37542         25 0.0000e+00
    128.000    126.637    -1.4049  27.131286    -1.4050  27.131150     6.0389     6.1782     0.7333    97.5068 1.0000e-12  -74.15876 -111.43644  35.075506      99.86 1.3739e+03    444.713      10674  1027.9267  1027.9266     4.6257     0.1375     0.1244    33.9442    33.9441    8.37554         27 0.0000e+00
    129.000    127.623    -1.4049  27.131830    -1.4052  27.131559     6.0386     6.1726     0.5674    97.7341 1.0000e-12  -74.15876 -111.43644  35.075519      99.85 1.3728e+03    445.811      10700  1027.9316  1027.9316     4.6363     0.1300     0.1254    33.9443    33.9442    8.37553         26 0.0000e+00
    130.000    128.615    -1.4059  27.131460    -1.4062  27.131245     6.0376     6.1712     0.9157    97.5670 1.0000e-12  -74.15876 -111.43644  35.075532      99.85 1.3743e+03    446.926      10727  1027.9365  1027.9365     4.6284     0.1375     0.1257    33.9443    33.9443    8.37576         27 0.0000e+00
    131.000    129.603    -1.4061  27.131956    -1.4062  27.131694     6.0382     6.1752     0.6434    97.2257 1.0000e-12  -74.15876 -111.43644  35.075544      99.85 1.3738e+03    448.036      10754  1027.9416  1027.9413     4.6123     0.1381     0.1244    33.9446    33.9443    8.37579         27 0.0000e+00
    132.000    130.593    -1.4071  27.131705    -1.4069  27.131719     6.0376     6.1771     0.4250    97.4344 1.0000e-12  -74.15876 -111.43644  35.075557      99.85 1.3722e+03    449.125      10780  1027.9465  1027.9463     4.6221     0.1423     0.1253    33.9447    33.9445    8.37600         26 0.0000e+00
    133.000    131.581    -1.4078  27.131529    -1.4075  27.131549     6.0375     6.1741     0.4113    97.6534 1.0000e-12  -74.15876 -111.43644  35.075570      97.98 1.3743e+03    450.224      10806  1027.9513  1027.9511     4.6325     0.1662     0.1246    33.9446    33.9444    8.37616         26 0.0000e+00
    134.000    132.570    -1.4062  27.133823    -1.4058  27.133940     6.0270     6.1629     0.4299    97.5891 1.0000e-12  -74.15876 -111.43644  35.075582      96.78 1.3744e+03    451.327      10833  1027.9567  1027.9564     4.6295     0.1341     0.1280    33.9454    33.9451    8.37577         26 0.0000e+00
    135.000    133.560    -1.4048  27.135725    -1.4046  27.135702     6.0238     6.1639     0.4287    97.7871 1.0000e-12  -74.15876 -111.43644  35.075595      99.90 1.3744e+03    452.413      10859  1027.9617  1027.9614     4.6389     0.1532     0.1237    33.9458    33.9455    8.37542         26 0.0000e+00
    136.000    134.548    -1.4019  27.140030    -1.4018  27.139646     6.0259     6.1587     0.3995    97.6424 1.0000e-12  -74.15876 -111.43644  35.075608      99.84 1.3746e+03    453.511      10885  1027.9679  1027.9674     4.6320     0.1514     0.1253    33.9478    33.9471    8.37465         27 0.0000e+00
    137.000    135.537    -1.4013  27.141385    -1.4012  27.141101     6.0211     6.1592     0.4182    97.4632 1.0000e-12  -74.15876 -111.43644  35.075621      99.85 1.3742e+03    454.621      10912  1027.9732  1027.9728     4.6235     0.1427     0.1250    33.9484    33.9479    8.37448         27 0.0000e+00
    138.000    136.527    -1.4013  27.142068    -1.4009  27.142061     6.0216     6.1521     0.4512    97.4278 1.0000e-12  -74.15876 -111.43644  35.075633      99.85 1.3738e+03    455.720      10938  1027.9782  1027.9779     4.6219     0.1379     0.1247    33.9486    33.9482    8.37446         26 0.0000e+00
    139.000    137.516    -1.4011  27.142611    -1.4012  27.142291     6.0054     6.1458     0.4546    97.6642 1.0000e-12  -74.15876 -111.43644  35.075646      99.85 1.3741e+03    456.808      10964  1027.9830  1027.9827     4.6330     0.1179     0.1256    33.9486    33.9482    8.37443         26 0.0000e+00
    140.000    138.503    -1.3997  27.144902    -1.4000  27.143994     5.9727     6.1214     0.4123    97.6826 1.0000e-12  -74.15876 -111.43644  35.075659      99.85 1.3743e+03    457.903      10991  1027.9885  1027.9877     4.6339     0.1064     0.1243    33.9495    33.9486    8.37406         27 0.0000e+00
    141.000    139.493    -1.3940  27.151526    -1.3938  27.151156     5.9529     6.0949     0.5052    97.7232 1.0000e-12  -74.15876 -111.43644  35.075671      99.85 1.3734e+03    459.008      11017  1027.9945  1027.9940     4.6358     0.1416     0.1260    33.9515    33.9508    8.37266         26 0.0000e+00
    142.000    140.483    -1.3896  27.157076    -1.3893  27.156799     5.9383     6.0802     0.5443    97.5919 1.0000e-12  -74.15876 -111.43644  35.075684      99.85 1.3742e+03    460.120      11044  1028.0008  1028.0002     4.6297     0.1307     0.1251    33.9536    33.9529    8.37155         27 0.0000e+00
    143.000    141.470    -1.3854  27.162597    -1.3854  27.162124     5.9365     6.0687     0.3468    97.7911 1.0000e-12  -74.15876 -111.43644  35.075697      99.85 1.3750e+03    461.235      11071  1028.0071  1028.0066     4.6391     0.1125     0.1263    33.9557    33.9551    8.37047         26 0.0000e+00
    144.000    142.461    -1.3847  27.163801    -1.3846  27.163612     5.9317     6.0666     0.2662    97.7839 1.0000e-12  -74.15876 -111.43644  35.075710      99.85 1.3744e+03    462.342      11097  1028.0122  1028.0119     4.6387     0.1102     0.1239    33.9560    33.9556    8.37031         27 0.0000e+00
    145.000    143.448    -1.3840  27.165198    -1.3838  27.164965     5.9319     6.0641     0.3447    97.7693 1.0000e-12  -74.15876 -111.43644  35.075723      99.85 1.3732e+03    463.425      11123  1028.0173  1028.0169     4.6381     0.1231     0.1247    33.9564    33.9559    8.37011         26 0.0000e+00
    146.000    144.439    -1.3819  27.168035    -1.3818  27.167601     5.9242     6.0530     0.2585    97.8475 1.0000e-12  -74.15876 -111.43645  35.075735      98.00 1.3749e+03    464.522      11150  1028.0227  1028.0222     4.6417     0.1029     0.1249    33.9573    33.9567    8.36958         26 0.0000e+00
    147.000    145.427    -1.3812  27.169546    -1.3810  27.169220     5.9145     6.0437     0.1974    97.9747 1.0000e-12  -74.15876 -111.43645  35.075748      99.85 1.3750e+03    465.626      11176  1028.0281  1028.0276     4.6478     0.0984     0.1239    33.9580    33.9574    8.36938         27 0.0000e+00
    148.000    146.416    -1.3792  27.172293    -1.3788  27.172352     5.9091     6.0423     0.1955    97.8801 1.0000e-12  -74.15876 -111.43646  35.075761      99.86 1.3738e+03    466.718      11202  1028.0336  1028.0332     4.6433     0.0938     0.1255    33.9590    33.9585    8.36890         26 0.0000e+00
    149.000    147.405    -1.3771  27.175815    -1.3769  27.175672     5.9088     6.0391     0.1276    97.8555 1.0000e-12  -74.15876 -111.43646  35.075773      99.85 1.3747e+03    467.807      11228  1028.0398  1028.0394     4.6421     0.1089     0.1270    33.9608    33.9603    8.36832         26 0.0000e+00
    150.000    148.392    -1.3759  27.178721    -1.3757  27.178416     5.9070     6.0373     0.2219    98.0791 1.0000e-12  -74.15876 -111.43646  35.075786      99.85 1.3746e+03    468.897      11255  1028.0462  1028.0457     4.6527     0.0977     0.1283    33.9628    33.9622    8.36793         25 0.0000e+00
    151.000    149.385    -1.3747  27.181448    -1.3745  27.181180     5.9055     6.0380     0.1510    98.1591 1.0000e-12  -74.15876 -111.43646  35.075798      99.86 1.3751e+03    469.975      11280  1028.0524  1028.0518     4.6565     0.0931     0.1375    33.9646    33.9639    8.36755         27 0.0000e+00
    152.000    150.371    -1.3742  27.183527    -1.3740  27.183338     5.9135     6.0417     0.1758    98.0924 1.0000e-12  -74.15876 -111.43646  35.075811      99.85 1.3755e+03    471.076      11307  1028.0585  1028.0581     4.6534     0.1095     0.1307    33.9663    33.9657    8.36734         27 0.0000e+00
    153.000    151.360    -1.3738  27.185420    -1.3735  27.185131     5.9109     6.0399     0.1142    98.0649 1.0000e-12  -74.15876 -111.43646  35.075824      99.85 1.3746e+03    472.165      11333  1028.0645  1028.0640     4.6520     0.0941     0.1306    33.9677    33.9670    8.36715         26 0.0000e+00
    154.000    152.350    -1.3730  27.187483    -1.3728  27.187250     5.9101     6.0404     0.0867    98.0438 1.0000e-12  -74.15876 -111.43646  35.075836      99.85 1.3741e+03    473.246      11359  1028.0704  1028.0700     4.6510     0.0945     0.1310    33.9690    33.9685    8.36689         25 0.0000e+00
    155.000    153.338    -1.3729  27.188413    -1.3727  27.188064     5.9165     6.0367     0.0984    98.1385 1.0000e-12  -74.15876 -111.43646  35.075849      99.85 1.3747e+03    474.331      11385  1028.0757  1028.0751     4.6556     0.0906     0.1329    33.9696    33.9688    8.36684         27 0.0000e+00
    156.000    154.327    -1.3727  27.189602    -1.3724  27.189361     5.9159     6.0394     0.1098    98.1312 1.0000e-12  -74.15876 -111.43646  35.075862      99.85 1.3749e+03    475.436      11411  1028.0812  1028.0806     4.6552     0.0936     0.1360    33.9704    33.9697    8.36676         27 0.0000e+00
