ocean_section_plots/required_files/ctd/dnbp2202_ctd130.cnv
* Sea-Bird SBE 9 Data File:
* FileName = D:\Data\raw\NBP2202_CTD130.hex
* Software Version Seasave V 7.26.7.121
* Temperature SN = 1649
* Conductivity SN = 2513
* Number of Bytes Per Scan = 40
* Number of Voltage Words = 5
* Number of Scans Averaged by the Deck Unit = 1
* NMEA Latitude = 74 06.03 S
* NMEA Longitude = 112 01.87 W
* NMEA UTC (Time) = Jan 28 2022  00:59:49
* NMEA baud rate = 9600
** Ship: RVIB N.B. Palmer
** Cruise: NBP2202 Thwaites
** Station: 59
** Operator: A. Robinson
# nquan = 25
# nvalues = 651                         
# units = specified
# name 0 = prDM: Pressure, Digiquartz [db]
# name 1 = depSM: Depth [salt water, m]
# name 2 = t090C: Temperature [ITS-90, deg C]
# name 3 = c0mS/cm: Conductivity [mS/cm]
# name 4 = t190C: Temperature, 2 [ITS-90, deg C]
# name 5 = c1mS/cm: Conductivity, 2 [mS/cm]
# name 6 = sbeox0ML/L: Oxygen, SBE 43 [ml/l]
# name 7 = sbeox1ML/L: Oxygen, SBE 43, 2 [ml/l]
# name 8 = flECO-AFL: Fluorescence, WET Labs ECO-AFL/FL [mg/m^3]
# name 9 = CStarTr0: Beam Transmission, WET Labs C-Star [%]
# name 10 = par: PAR/Irradiance, Biospherical/Licor
# name 11 = latitude: Latitude [deg]
# name 12 = longitude: Longitude [deg]
# name 13 = timeJ: Julian Days
# name 14 = altM: Altimeter [m]
# name 15 = spar: SPAR, Biospherical/Licor
# name 16 = timeS: Time, Elapsed [seconds]
# name 17 = scan: Scan Count
# name 18 = density00: Density [density, kg/m^3]
# name 19 = density11: Density, 2 [density, kg/m^3]
# name 20 = sal00: Salinity, Practical [PSU]
# name 21 = sal11: Salinity, Practical, 2 [PSU]
# name 22 = oxsolML/L: Oxygen Saturation, Garcia & Gordon [ml/l]
# name 23 = nbin: number of scans per bin
# name 24 = flag: flag
# span 0 =      2.000,    652.000       
# span 1 =      1.982,    644.242       
# span 2 =    -1.5197,     0.3865       
# span 3 =  27.052920,  29.298052       
# span 4 =    -1.5193,     0.3889       
# span 5 =  27.052817,  29.298021       
# span 6 =     4.6471,     8.8098       
# span 7 =     4.7394,     9.0415       
# span 8 =    -0.0022,    26.8782       
# span 9 =    68.3410,    94.7702       
# span 10 = -1.769e-04, 2.4642e+02      
# span 11 =  -74.10066,  -74.10064      
# span 12 = -112.03128, -112.03124      
# span 13 =  28.046312,  28.057395      
# span 14 =       3.46,     100.62      
# span 15 = 3.9918e+02, 4.7605e+02      
# span 16 =    412.313,   1369.971      
# span 17 =       9897,      32880      
# span 18 =  1027.1953,  1030.7748      
# span 19 =  1027.1945,  1030.7726      
# span 20 =    33.8165,    34.5189      
# span 21 =    33.8162,    34.5162      
# span 22 =    7.95681,    8.40004      
# span 23 =         20,         50      
# span 24 = 0.0000e+00, 0.0000e+00      
# interval = decibars: 1                
# start_time = Jan 28 2022 00:59:49 [NMEA time, header]
# bad_flag = -9.990e-29
*END*
      2.000      1.982    -0.7701  27.505510    -0.7668  27.507761     8.7902     8.5512    18.9439    69.5511 2.4642e+02  -74.10064 -112.03128  28.046312       9.73 4.7605e+02    412.313       9897  1027.1953  1027.1945    33.8170    33.8163    8.24230         20 0.0000e+00
      3.000      2.970    -0.7810  27.496650    -0.7820  27.495611     8.7718     8.5169    18.9036    69.9077 1.6896e+02  -74.10064 -112.03127  28.046423      53.70 4.7543e+02    421.908      10127  1027.2005  1027.2004    33.8165    33.8163    8.24469         34 0.0000e+00
      4.000      3.959    -0.7916  27.488984    -0.7883  27.490831     8.7728     8.5480    19.0734    69.8812 1.1535e+02  -74.10064 -112.03127  28.046455      64.03 4.7497e+02    424.733      10195  1027.2066  1027.2055    33.8175    33.8163    8.24697         42 0.0000e+00
      5.000      4.948    -0.7826  27.496858    -0.7816  27.497212     8.7823     8.6077    22.2322    70.1849 7.9875e+01  -74.10064 -112.03127  28.046482      99.45 4.7465e+02    427.010      10249  1027.2107  1027.2101    33.8174    33.8167    8.24500         41 0.0000e+00
      6.000      5.938    -0.7825  27.497556    -0.7827  27.496608     8.8027     8.6965    19.5750    69.5491 5.6013e+01  -74.10064 -112.03128  28.046506      99.96 4.7451e+02    429.132      10300  1027.2156  1027.2147    33.8175    33.8165    8.24496         42 0.0000e+00
      7.000      6.928    -0.7723  27.506096    -0.7703  27.507099     8.8072     8.7880    18.6352    68.8700 4.0093e+01  -74.10064 -112.03126  28.046529      99.99 4.7498e+02    431.073      10347  1027.2194  1027.2185    33.8171    33.8162    8.24276         44 0.0000e+00
      8.000      7.917    -0.7803  27.499991    -0.7792  27.500356     8.8058     8.8540    18.9365    69.1934 2.9158e+01  -74.10064 -112.03126  28.046551      96.96 4.7518e+02    433.019      10393  1027.2248  1027.2241    33.8172    33.8164    8.24451         35 0.0000e+00
      9.000      8.907    -0.7852  27.496625    -0.7837  27.497154     8.8054     8.9143    20.6053    70.4578 2.1855e+01  -74.10064 -112.03126  28.046574      97.86 4.7472e+02    434.968      10440  1027.2301  1027.2292    33.8175    33.8165    8.24556         40 0.0000e+00
     10.000      9.896    -0.7827  27.499109    -0.7816  27.499351     8.8098     8.9608    21.2154    70.0075 1.6051e+01  -74.10064 -112.03126  28.046595     100.01 4.7522e+02    436.845      10485  1027.2347  1027.2339    33.8174    33.8165    8.24501         39 0.0000e+00
     11.000     10.886    -0.7826  27.499498    -0.7817  27.499658     8.8025     9.0015    22.7204    70.2749 1.2195e+01  -74.10064 -112.03126  28.046617      99.98 4.7481e+02    438.733      10531  1027.2394  1027.2387    33.8173    33.8165    8.24501         42 0.0000e+00
     12.000     11.876    -0.7830  27.499625    -0.7823  27.499543     8.7989     9.0257    20.9709    69.6936 9.2273e+00  -74.10064 -112.03126  28.046639      99.92 4.7437e+02    440.635      10576  1027.2442  1027.2434    33.8173    33.8164    8.24510         39 0.0000e+00
     13.000     12.865    -0.7829  27.500052    -0.7825  27.499773     8.7999     9.0336    20.6076    70.8468 6.9870e+00  -74.10064 -112.03126  28.046661      99.97 4.7426e+02    442.480      10621  1027.2488  1027.2481    33.8171    33.8162    8.24508         43 0.0000e+00
     14.000     13.854    -0.7872  27.497159    -0.7868  27.496800     8.7855     9.0245    20.5441    70.4118 5.1929e+00  -74.10064 -112.03126  28.046681      99.98 4.7474e+02    444.234      10663  1027.2541  1027.2533    33.8174    33.8165    8.24600         35 0.0000e+00
     15.000     14.845    -0.7905  27.494812    -0.7899  27.494667     8.7673     9.0249    22.8784    69.5984 3.9959e+00  -74.10064 -112.03126  28.046703      99.97 4.7485e+02    446.165      10709  1027.2590  1027.2583    33.8172    33.8164    8.24672         42 0.0000e+00
     16.000     15.834    -0.7989  27.488029    -0.7952  27.490877     8.7605     9.0132    26.2631    69.1729 3.0888e+00  -74.10064 -112.03126  28.046725      96.95 4.7448e+02    448.065      10755  1027.2640  1027.2635    33.8169    33.8166    8.24860         40 0.0000e+00
     17.000     16.822    -0.7976  27.490195    -0.7977  27.489322     8.7769     9.0222    26.8782    70.2331 2.3359e+00  -74.10064 -112.03126  28.046746      99.92 4.7562e+02    449.844      10797  1027.2693  1027.2685    33.8178    33.8167    8.24826         41 0.0000e+00
     18.000     17.813    -0.7943  27.493400    -0.7934  27.493506     8.7958     9.0415    25.6583    70.1360 1.8062e+00  -74.10064 -112.03126  28.046769      99.97 4.7506e+02    451.805      10844  1027.2738  1027.2731    33.8177    33.8169    8.24753         44 0.0000e+00
     19.000     18.802    -0.7890  27.497837    -0.7858  27.499778     8.7892     9.0357    25.6528    70.0574 1.3796e+00  -74.10064 -112.03126  28.046791      99.97 4.7484e+02    453.733      10891  1027.2778  1027.2769    33.8172    33.8163    8.24641         40 0.0000e+00
     20.000     19.793    -0.7927  27.495491    -0.7909  27.496371     8.7676     9.0206    24.9269    69.5803 1.0643e+00  -74.10064 -112.03126  28.046812      99.98 4.7536e+02    455.552      10934  1027.2832  1027.2824    33.8176    33.8167    8.24719         43 0.0000e+00
     21.000     20.782    -0.7989  27.490602    -0.7969  27.491761     8.7395     8.9985    23.8232    69.6708 8.1514e-01  -74.10064 -112.03126  28.046834      99.98 4.7452e+02    457.474      10980  1027.2882  1027.2875    33.8173    33.8166    8.24857         38 0.0000e+00
     22.000     21.772    -0.8055  27.486028    -0.8048  27.485779     8.7214     8.9892    25.2348    68.9397 6.2691e-01  -74.10064 -112.03126  28.046855      99.97 4.7451e+02    459.253      11023  1027.2938  1027.2929    33.8179    33.8168    8.24999         37 0.0000e+00
     23.000     22.760    -0.8083  27.484131    -0.8082  27.483625     8.7267     8.9829    24.9498    69.9784 4.8177e-01  -74.10064 -112.03126  28.046877      99.45 4.7501e+02    461.131      11068  1027.2986  1027.2980    33.8178    33.8170    8.25059         38 0.0000e+00
     24.000     23.751    -0.8112  27.482420    -0.8103  27.482324     8.7385     8.9864    25.2215    69.9666 3.6818e-01  -74.10064 -112.03126  28.046899      99.96 4.7424e+02    463.060      11114  1027.3038  1027.3029    33.8182    33.8171    8.25122         40 0.0000e+00
     25.000     24.740    -0.8063  27.486880    -0.8050  27.487070     8.7451     9.0022    25.0657    70.3634 2.7847e-01  -74.10064 -112.03126  28.046919      99.97 4.7422e+02    464.821      11157  1027.3081  1027.3071    33.8181    33.8169    8.25014         42 0.0000e+00
     26.000     25.730    -0.8070  27.486936    -0.8063  27.486658     8.7506     9.0090    24.2862    69.6169 2.0730e-01  -74.10064 -112.03126  28.046941      99.97 4.7435e+02    466.671      11201  1027.3131  1027.3122    33.8183    33.8171    8.25028         42 0.0000e+00
     27.000     26.720    -0.8011  27.492183    -0.8004  27.491977     8.7398     8.9904    25.2110    70.2613 1.5262e-01  -74.10064 -112.03126  28.046964      99.97 4.7390e+02    468.646      11249  1027.3174  1027.3166    33.8181    33.8172    8.24899         41 0.0000e+00
     28.000     27.708    -0.8100  27.485380    -0.8084  27.485777     8.7247     8.9829    25.3976    71.3815 1.0981e-01  -74.10064 -112.03126  28.046985      99.97 4.7247e+02    470.505      11293  1027.3229  1027.3219    33.8183    33.8171    8.25093         42 0.0000e+00
     29.000     28.698    -0.8110  27.485029    -0.8103  27.484782     8.7175     8.9844    25.6487    70.4114 7.5065e-02  -74.10064 -112.03127  28.047006      99.97 4.7304e+02    472.305      11336  1027.3278  1027.3269    33.8184    33.8173    8.25116         42 0.0000e+00
     30.000     29.688    -0.8122  27.484428    -0.8110  27.484683     8.7162     8.9793    25.5367    70.6410 4.8857e-02  -74.10064 -112.03127  28.047028      99.29 4.7195e+02    474.242      11383  1027.3326  1027.3317    33.8183    33.8172    8.25143         40 0.0000e+00
     31.000     30.677    -0.8127  27.484590    -0.8110  27.485038     8.7208     8.9859    25.1340    69.5763 2.6408e-02  -74.10064 -112.03127  28.047050      99.98 4.7106e+02    476.101      11427  1027.3375  1027.3363    33.8184    33.8171    8.25152         42 0.0000e+00
     32.000     31.666    -0.8115  27.485905    -0.8095  27.486623     8.7296     8.9814    24.3149    68.8419 9.1899e-03  -74.10064 -112.03126  28.047071      99.97 4.7078e+02    477.909      11471  1027.3420  1027.3409    33.8183    33.8169    8.25128         41 0.0000e+00
     33.000     32.656    -0.8114  27.486583    -0.8105  27.486325     8.7280     8.9831    26.4668    68.3410 -1.769e-04  -74.10064 -112.03126  28.047092      99.97 4.7091e+02    479.766      11515  1027.3470  1027.3459    33.8185    33.8171    8.25124         42 0.0000e+00
     34.000     33.647    -0.8121  27.486353    -0.8112  27.486233     8.7187     8.9747    25.1848    70.6864 1.2688e-06  -74.10064 -112.03126  28.047114      99.97 4.7069e+02    481.659      11561  1027.3516  1027.3507    33.8183    33.8172    8.25140         39 0.0000e+00
     35.000     34.635    -0.8124  27.486797    -0.8114  27.486694     8.7152     8.9655    25.2282    70.1959 1.0000e-12  -74.10064 -112.03126  28.047135      99.97 4.7065e+02    483.498      11605  1027.3567  1027.3557    33.8186    33.8174    8.25144         40 0.0000e+00
     36.000     35.626    -0.8145  27.485568    -0.8147  27.484585     8.7128     8.9622    22.8779    70.2466 1.0000e-12  -74.10064 -112.03126  28.047157      99.97 4.7038e+02    485.393      11650  1027.3617  1027.3609    33.8187    33.8176    8.25190         40 0.0000e+00
     37.000     36.614    -0.8166  27.484365    -0.8152  27.484605     8.7060     8.9703    24.4586    69.6226 1.0000e-12  -74.10064 -112.03126  28.047179      94.76 4.6979e+02    487.253      11695  1027.3667  1027.3656    33.8189    33.8176    8.25236         43 0.0000e+00
     38.000     37.603    -0.8149  27.486129    -0.8137  27.486180     8.7196     8.9741    24.6951    69.4190 1.0000e-12  -74.10064 -112.03126  28.047201      99.95 4.6991e+02    489.133      11740  1027.3712  1027.3701    33.8186    33.8174    8.25199         45 0.0000e+00
     39.000     38.592    -0.8138  27.487441    -0.8133  27.486915     8.7202     8.9747    25.4143    70.6276 1.0000e-12  -74.10064 -112.03126  28.047223      99.97 4.7017e+02    491.030      11786  1027.3759  1027.3748    33.8186    33.8173    8.25176         40 0.0000e+00
     40.000     39.582    -0.8130  27.488670    -0.8117  27.488825     8.7240     8.9699    24.0862    71.1660 1.0000e-12  -74.10064 -112.03126  28.047243      99.97 4.6935e+02    492.833      11829  1027.3807  1027.3797    33.8187    33.8175    8.25157         41 0.0000e+00
     41.000     40.571    -0.8124  27.489327    -0.8115  27.489522     8.7171     8.9670    26.7141    69.8170 1.0000e-12  -74.10064 -112.03126  28.047265      99.98 4.6897e+02    494.668      11873  1027.3852  1027.3845    33.8183    33.8176    8.25146         39 0.0000e+00
     42.000     41.561    -0.8147  27.488296    -0.8126  27.489158     8.7087     8.9590    23.7194    72.0410 1.0000e-12  -74.10064 -112.03126  28.047287      99.97 4.6920e+02    496.560      11918  1027.3906  1027.3895    33.8189    33.8177    8.25194         46 0.0000e+00
     43.000     42.550    -0.8137  27.489549    -0.8142  27.488450     8.7119     8.9641    25.1076    72.2034 1.0000e-12  -74.10064 -112.03126  28.047309      99.97 4.6865e+02    498.468      11964  1027.3953  1027.3946    33.8189    33.8180    8.25172         31 0.0000e+00
     44.000     43.541    -0.8151  27.489018    -0.8144  27.488608     8.7139     8.9676    25.7700    69.8244 1.0000e-12  -74.10064 -112.03126  28.047329      97.49 4.6781e+02    500.259      12007  1027.4004  1027.3993    33.8192    33.8178    8.25202         38 0.0000e+00
     45.000     44.529    -0.8105  27.493123    -0.8104  27.492316     8.7132     8.9603    24.6562    70.7482 1.0000e-12  -74.10064 -112.03126  28.047351     100.03 4.6743e+02    502.134      12052  1027.4047  1027.4036    33.8189    33.8176    8.25102         45 0.0000e+00
     46.000     45.519    -0.8151  27.489800    -0.8152  27.488986     8.6897     8.9395    24.6740    70.0720 1.0000e-12  -74.10064 -112.03126  28.047373      99.97 4.6641e+02    504.047      12098  1027.4098  1027.4090    33.8189    33.8179    8.25202         42 0.0000e+00
     47.000     46.508    -0.8213  27.485377    -0.8206  27.485242     8.6588     8.9144    24.1814    68.8200 1.0000e-12  -74.10064 -112.03126  28.047394      99.97 4.6606e+02    505.842      12141  1027.4153  1027.4145    33.8193    33.8184    8.25336         38 0.0000e+00
     48.000     47.499    -0.8304  27.479220    -0.8309  27.478108     8.6229     8.8619    25.9228    69.2407 1.0000e-12  -74.10064 -112.03126  28.047415      99.97 4.6598e+02    507.651      12185  1027.4216  1027.4210    33.8205    33.8196    8.25528         33 0.0000e+00
     49.000     48.488    -0.8344  27.476530    -0.8384  27.473057     8.5284     8.7708    23.5276    69.9394 1.0000e-12  -74.10064 -112.03126  28.047437      99.97 4.6487e+02    509.541      12230  1027.4268  1027.4269    33.8208    33.8206    8.25615         41 0.0000e+00
     50.000     49.476    -0.8617  27.455696    -0.8671  27.451533     8.4512     8.7199    22.8124    69.1270 1.0000e-12  -74.10064 -112.03126  28.047458      99.97 4.6451e+02    511.339      12273  1027.4347  1027.4353    33.8225    33.8229    8.26203         41 0.0000e+00
     51.000     50.466    -0.8725  27.447945    -0.8709  27.448515     8.4260     8.6923    21.3188    69.1121 1.0000e-12  -74.10064 -112.03126  28.047478      96.97 4.6489e+02    513.133      12316  1027.4408  1027.4398    33.8235    33.8225    8.26435         38 0.0000e+00
     52.000     51.455    -0.8806  27.442201    -0.8777  27.443498     8.3908     8.6357    23.3290    68.5855 1.0000e-12  -74.10064 -112.03126  28.047498      98.62 4.6416e+02    514.853      12357  1027.4464  1027.4451    33.8241    33.8227    8.26608         38 0.0000e+00
     53.000     52.444    -0.8917  27.433712    -0.8928  27.432342     8.3246     8.5662    22.5102    68.9617 1.0000e-12  -74.10064 -112.03126  28.047517      99.97 4.6418e+02    516.436      12395  1027.4520  1027.4516    33.8245    33.8239    8.26850         36 0.0000e+00
     54.000     53.435    -0.9018  27.426541    -0.9039  27.424676     8.2461     8.4979    20.6288    69.9348 1.0000e-12  -74.10064 -112.03126  28.047533      99.97 4.6400e+02    517.889      12430  1027.4580  1027.4580    33.8255    33.8253    8.27067         34 0.0000e+00
     55.000     54.423    -0.9184  27.415253    -0.9183  27.415021     8.1813     8.4339    22.8487    69.8385 1.0000e-12  -74.10064 -112.03126  28.047551      99.96 4.6419e+02    519.387      12466  1027.4659  1027.4655    33.8282    33.8278    8.27417         35 0.0000e+00
     56.000     55.414    -0.9312  27.406331    -0.9333  27.404360     8.1570     8.4098    22.8067    70.3481 1.0000e-12  -74.10064 -112.03126  28.047568      99.98 4.6342e+02    520.835      12501  1027.4726  1027.4725    33.8298    33.8296    8.27688         33 0.0000e+00
     57.000     56.402    -0.9391  27.400835    -0.9401  27.399548     8.1491     8.3858    24.3053    71.5553 1.0000e-12  -74.10064 -112.03126  28.047584      99.97 4.6353e+02    522.222      12534  1027.4783  1027.4779    33.8307    33.8301    8.27858         34 0.0000e+00
     58.000     57.392    -0.9431  27.398293    -0.9439  27.397161     7.9844     8.1951    21.7877    70.1135 1.0000e-12  -74.10064 -112.03126  28.047601      99.98 4.6347e+02    523.694      12570  1027.4834  1027.4829    33.8310    33.8305    8.27943         32 0.0000e+00
