ocean_section_plots/required_files/ctd/dnbp2202_ctd241.cnv
* Sea-Bird SBE 9 Data File:
* FileName = D:\Data\raw\NBP2202_CTD241.hex
* Software Version Seasave V 7.26.7.121
* Temperature SN = 1649
* Conductivity SN = 2513
* Number of Bytes Per Scan = 40
* Number of Voltage Words = 5
* Number of Scans Averaged by the Deck Unit = 1
* NMEA Latitude = 73 52.86 S
* NMEA Longitude = 118 44.34 W
* NMEA UTC (Time) = Feb 14 2022  21:52:28
* NMEA baud rate = 9600
** Ship: RVIB N.B. Palmer
** Cruise: NBP2202 Thwaites
** Station: 151
** Operator: A. Robinson
# nquan = 28
# nvalues = 679                         
# units = specified
# name 0 = prDM: Pressure, Digiquartz [db]
# name 1 = depSM: Depth [salt water, m]
# name 2 = t090C: Temperature [ITS-90, deg C]
# name 3 = c0mS/cm: Conductivity [mS/cm]
# name 4 = t190C: Temperature, 2 [ITS-90, deg C]
# name 5 = c1mS/cm: Conductivity, 2 [mS/cm]
# name 6 = sbeox0ML/L: Oxygen, SBE 43 [ml/l]
# name 7 = sbeox1ML/L: Oxygen, SBE 43, 2 [ml/l]
# name 8 = flECO-AFL: Fluorescence, WET Labs ECO-AFL/FL [mg/m^3]
# name 9 = CStarTr0: Beam Transmission, WET Labs C-Star [%]
# name 10 = par: PAR/Irradiance, Biospherical/Licor
# name 11 = latitude: Latitude [deg]
# name 12 = longitude: Longitude [deg]
# name 13 = timeJ: Julian Days
# name 14 = altM: Altimeter [m]
# name 15 = spar: SPAR, Biospherical/Licor
# name 16 = timeS: Time, Elapsed [seconds]
# name 17 = scan: Scan Count
# name 18 = density00: Density [density, kg/m^3]
# name 19 = density11: Density, 2 [density, kg/m^3]
# name 20 = v3: Voltage 3
# name 21 = v4: Voltage 4
# name 22 = v5: Voltage 5
# name 23 = sal00: Salinity, Practical [PSU]
# name 24 = sal11: Salinity, Practical, 2 [PSU]
# name 25 = oxsolML/L: Oxygen Saturation, Garcia & Gordon [ml/l]
# name 26 = nbin: number of scans per bin
# name 27 = flag: flag
# span 0 =      1.000,    679.000       
# span 1 =      0.992,    670.884       
# span 2 =    -1.6854,     0.3879       
# span 3 =  27.022613,  29.296171       
# span 4 =    -1.6861,     0.3901       
# span 5 =  27.022799,  29.296223       
# span 6 =     4.7949,     9.2098       
# span 7 =     4.9392,     9.5697       
# span 8 =    -0.0196,    11.2707       
# span 9 =    84.3353,    97.4871       
# span 10 = -2.081e-06, 1.0919e+03      
# span 11 =  -73.88114,  -73.88112      
# span 12 = -118.73910, -118.73906      
# span 13 =  45.912907,  45.923454      
# span 14 =     -35.90,     100.22      
# span 15 = 5.1735e+02, 6.0097e+02      
# span 16 =    127.183,   1038.454      
# span 17 =       3053,      24924      
# span 18 =  1027.1621,  1030.8857      
# span 19 =  1027.1728,  1030.8839      
# span 20 =     4.0010,     4.6246      
# span 21 =     0.0657,     2.0437      
# span 22 =     0.1088,     0.1884      
# span 23 =    33.8210,    34.4990      
# span 24 =    33.8271,    34.4965      
# span 25 =    7.95763,    8.43376      
# span 26 =         13,         45      
# span 27 = 0.0000e+00, 0.0000e+00      
# interval = decibars: 1                
# start_time = Feb 14 2022 21:52:28 [NMEA time, header]
# bad_flag = -9.990e-29
*END*
[from data line 311]
    312.000    308.541    -1.6096  27.132621    -1.6096  27.132628     6.1863     6.3881     0.1413    97.1867 1.0000e-12  -73.88114 -118.73906  45.917460      99.65 5.6313e+02    520.511      12493  1028.9135  1028.9134     4.6104     0.2092     0.1180    34.0644    34.0643    8.41458         22 0.0000e+00
    313.000    309.531    -1.6105  27.132508    -1.6119  27.131478     6.1682     6.3760     0.2641    96.5478 1.0000e-12  -73.88114 -118.73906  45.917471      99.64 5.6382e+02    521.481      12517  1028.9186  1028.9188     4.5801     0.1310     0.1163    34.0646    34.0648    8.41477         25 0.0000e+00
    314.000    310.519    -1.6052  27.138416    -1.6023  27.140830     6.1622     6.3715     0.2886    97.1609 1.0000e-12  -73.88114 -118.73907  45.917483      99.65 5.6163e+02    522.556      12542  1028.9243  1028.9240     4.6092     0.1010     0.1107    34.0661    34.0660    8.41348         26 0.0000e+00
    315.000    311.507    -1.5939  27.148930    -1.5932  27.149553     6.1646     6.3701     0.1149    96.9422 1.0000e-12  -73.88114 -118.73907  45.917496      99.64 5.6345e+02    523.642      12568  1028.9292  1028.9292     4.5988     0.0970     0.1173    34.0671    34.0671    8.41086         25 0.0000e+00
    316.000    312.494    -1.5886  27.154282    -1.5884  27.154531     6.1643     6.3627     0.0875    96.7838 1.0000e-12  -73.88114 -118.73907  45.917508      89.18 5.6465e+02    524.656      12593  1028.9344  1028.9344     4.5913     0.0951     0.1121    34.0678    34.0679    8.40961         24 0.0000e+00
    317.000    313.484    -1.5914  27.152482    -1.5923  27.152000     6.1699     6.3725     0.1244    96.9042 1.0000e-12  -73.88114 -118.73907  45.917519      99.61 5.6141e+02    525.602      12615  1028.9394  1028.9398     4.5970     0.0826     0.1106    34.0679    34.0683    8.41024         22 0.0000e+00
    318.000    314.471    -1.5915  27.153535    -1.5913  27.153665     6.1653     6.3775     0.2802    97.0258 1.0000e-12  -73.88114 -118.73907  45.917529      99.64 5.6393e+02    526.528      12638  1028.9450  1028.9450     4.6027     0.0836     0.1105    34.0688    34.0687    8.41020         23 0.0000e+00
    319.000    315.460    -1.5897  27.156021    -1.5897  27.156156     6.1516     6.3691     0.2563    96.9169 1.0000e-12  -73.88114 -118.73907  45.917540      99.65 5.6397e+02    527.497      12661  1028.9504  1028.9506     4.5976     0.1016     0.1169    34.0697    34.0698    8.40976         24 0.0000e+00
    320.000    316.448    -1.5892  27.157863    -1.5891  27.157846     6.1546     6.3653     0.3721    96.7083 1.0000e-12  -73.88114 -118.73907  45.917552      99.65 5.6223e+02    528.534      12686  1028.9563  1028.9562     4.5877     0.0879     0.1125    34.0710    34.0708    8.40956         25 0.0000e+00
    321.000    317.436    -1.5800  27.167264    -1.5797  27.167250     6.1438     6.3652     0.2981    96.6781 1.0000e-12  -73.88114 -118.73907  45.917565      99.65 5.6498e+02    529.595      12711  1028.9620  1028.9618     4.5863     0.1463     0.1119    34.0728    34.0725    8.40735         26 0.0000e+00
    322.000    318.424    -1.5772  27.170181    -1.5774  27.169974     6.1305     6.3526     0.1026    97.0331 1.0000e-12  -73.88114 -118.73907  45.917577      99.65 5.6427e+02    530.625      12736  1028.9669  1028.9669     4.6031     0.1584     0.1111    34.0730    34.0730    8.40671         23 0.0000e+00
    323.000    319.412    -1.5703  27.177599    -1.5703  27.177346     6.1256     6.3454     0.1582    97.0001 1.0000e-12  -73.88114 -118.73907  45.917588      99.65 5.6354e+02    531.602      12759  1028.9727  1028.9725     4.6016     0.1179     0.1102    34.0748    34.0744    8.40504         24 0.0000e+00
    324.000    320.400    -1.5572  27.189780    -1.5574  27.189284     6.1138     6.3369     0.1953    97.0339 1.0000e-12  -73.88114 -118.73907  45.917599      99.64 5.6443e+02    532.552      12782  1028.9778  1028.9774     4.6031     0.0984     0.1098    34.0761    34.0756    8.40201         22 0.0000e+00
    325.000    321.389    -1.5527  27.194569    -1.5519  27.194916     6.1111     6.3186     0.1178    97.2303 1.0000e-12  -73.88114 -118.73908  45.917610      99.64 5.6500e+02    533.524      12806  1028.9831  1028.9827     4.6125     0.0977     0.1128    34.0770    34.0765    8.40095         24 0.0000e+00
    326.000    322.377    -1.5403  27.206152    -1.5399  27.206183     6.1008     6.3098     0.4989    97.1244 1.0000e-12  -73.88114 -118.73906  45.917622      99.65 5.6405e+02    534.521      12830  1028.9882  1028.9878     4.6075     0.1205     0.1109    34.0782    34.0777    8.39807         24 0.0000e+00
    327.000    323.364    -1.5326  27.213691    -1.5317  27.214142     6.0853     6.3013     0.5476    97.0214 1.0000e-12  -73.88114 -118.73906  45.917634      99.65 5.6440e+02    535.547      12854  1028.9934  1028.9930     4.6025     0.1091     0.1113    34.0791    34.0787    8.39626         25 0.0000e+00
    328.000    324.352    -1.5252  27.220763    -1.5253  27.220458     6.0695     6.2832     0.1454    97.1446 1.0000e-12  -73.88114 -118.73906  45.917646      91.66 5.6367e+02    536.570      12879  1028.9984  1028.9981     4.6084     0.1163     0.1098    34.0798    34.0795    8.39456         24 0.0000e+00
    329.000    325.342    -1.5092  27.236000    -1.5091  27.235533     6.0289     6.2456     0.1337    97.2417 1.0000e-12  -73.88114 -118.73906  45.917657      92.39 5.6495e+02    537.577      12903  1029.0040  1029.0034     4.6130     0.0957     0.1124    34.0820    34.0812    8.39081         24 0.0000e+00
    330.000    326.328    -1.4787  27.263824    -1.4732  27.267679     5.9999     6.2131     0.0977    97.3089 1.0000e-12  -73.88114 -118.73906  45.917669      98.01 5.6483e+02    538.577      12927  1029.0093  1029.0082     4.6162     0.0983     0.1124    34.0849    34.0840    8.38376         25 0.0000e+00
    331.000    327.318    -1.4377  27.300320    -1.4381  27.299004     5.9888     6.1953     0.0475    97.2879 1.0000e-12  -73.88114 -118.73906  45.917680      99.62 5.6478e+02    539.585      12951  1029.0141  1029.0129     4.6151     0.0776     0.1123    34.0879    34.0865    8.37437         24 0.0000e+00
    332.000    328.305    -1.4260  27.310247    -1.4254  27.310682     5.9935     6.1960     0.0474    97.3407 1.0000e-12  -73.88114 -118.73906  45.917692      99.64 5.6626e+02    540.577      12975  1029.0182  1029.0181     4.6177     0.0848     0.1103    34.0876    34.0875    8.37176         23 0.0000e+00
    333.000    329.294    -1.4315  27.305914    -1.4303  27.306782     6.0136     6.2184     0.1358    97.2423 1.0000e-12  -73.88114 -118.73906  45.917703      99.64 5.6376e+02    541.534      12998  1029.0234  1029.0232     4.6130     0.0803     0.1090    34.0872    34.0871    8.37300         23 0.0000e+00
    334.000    330.281    -1.4433  27.295450    -1.4460  27.293545     6.0368     6.2440     0.2125    97.2140 1.0000e-12  -73.88114 -118.73906  45.917714      99.65 5.6434e+02    542.482      13021  1029.0281  1029.0286     4.6115     0.0842     0.1109    34.0857    34.0861    8.37576         23 0.0000e+00
    335.000    331.269    -1.4727  27.271168    -1.4737  27.270368     6.0506     6.2615     0.0939    96.9771 1.0000e-12  -73.88114 -118.73906  45.917725      99.65 5.6678e+02    543.455      13044  1029.0345  1029.0347     4.6006     0.0956     0.1117    34.0851    34.0852    8.38240         24 0.0000e+00
    336.000    332.258    -1.4802  27.265809    -1.4796  27.265983     6.0205     6.2209     0.1842    97.2766 1.0000e-12  -73.88114 -118.73906  45.917737      99.64 5.6348e+02    544.480      13069  1029.0404  1029.0401     4.6147     0.0775     0.1090    34.0856    34.0853    8.38405         25 0.0000e+00
    337.000    333.244    -1.4608  27.284269    -1.4628  27.281635     6.0101     6.2060     0.5736    97.3010 1.0000e-12  -73.88114 -118.73906  45.917749      99.65 5.6566e+02    545.535      13094  1029.0461  1029.0452     4.6158     0.0876     0.1139    34.0884    34.0870    8.37953         25 0.0000e+00
    338.000    334.234    -1.4290  27.312622    -1.4275  27.313415     6.0236     6.2264     0.0345    97.3470 1.0000e-12  -73.88114 -118.73906  45.917761      99.65 5.6728e+02    546.548      13118  1029.0506  1029.0500     4.6180     0.0994     0.1126    34.0906    34.0899    8.37225         23 0.0000e+00
    339.000    335.222    -1.4227  27.318072    -1.4226  27.317909     6.0201     6.2226     0.1049    97.3230 1.0000e-12  -73.88114 -118.73906  45.917772      99.65 5.6433e+02    547.507      13141  1029.0550  1029.0546     4.6168     0.1286     0.1107    34.0903    34.0899    8.37086         23 0.0000e+00
    340.000    336.209    -1.4544  27.290802    -1.4587  27.287878     5.9840     6.1909     0.0954    97.2513 1.0000e-12  -73.88114 -118.73906  45.917783      99.65 5.6858e+02    548.461      13164  1029.0605  1029.0614     4.6135     0.0939     0.1098    34.0883    34.0891    8.37810         23 0.0000e+00
    341.000    337.197    -1.4168  27.328091    -1.4144  27.327805     5.9472     6.1534     0.1055    97.1477 1.0000e-12  -73.88114 -118.73908  45.917795      99.64 5.6792e+02    549.475      13188  1029.0690  1029.0664     4.6085     0.0906     0.1105    34.0961    34.0930    8.36918         26 0.0000e+00
    342.000    338.186    -1.3861  27.352760    -1.3865  27.352377     5.9793     6.1857     0.1174    96.9327 1.0000e-12  -73.88114 -118.73907  45.917807      89.32 5.6476e+02    550.540      13214  1029.0706  1029.0706     4.5984     0.0964     0.1113    34.0944    34.0943    8.36239         25 0.0000e+00
    343.000    339.173    -1.3848  27.356073    -1.3841  27.355939     5.9918     6.1986     0.2387    96.9379 1.0000e-12  -73.88114 -118.73907  45.917819      95.31 5.6733e+02    551.582      13239  1029.0775  1029.0767     4.5986     0.1282     0.1111    34.0969    34.0959    8.36195         24 0.0000e+00
    344.000    340.163    -1.4236  27.321291    -1.4225  27.323301     5.9584     6.1661     0.2988    97.1215 1.0000e-12  -73.88114 -118.73906  45.917830      99.70 5.6758e+02    552.553      13262  1029.0818  1029.0830     4.6073     0.0829     0.1108    34.0926    34.0942    8.37091         23 0.0000e+00
    345.000    341.149    -1.4261  27.326457    -1.4232  27.326535     5.9385     6.1434     0.2900    97.2589 1.0000e-12  -73.88114 -118.73906  45.917841      99.65 5.6309e+02    553.478      13284  1029.0944  1029.0916     4.6137     0.1275     0.1123    34.1020    34.0988    8.37093         22 0.0000e+00
    346.000    342.138    -1.3502  27.391371    -1.3505  27.390139     5.9241     6.1315     0.3672    97.1093 1.0000e-12  -73.88114 -118.73906  45.917852      99.65 5.6875e+02    554.410      13307  1029.0957  1029.0947     4.6068     0.1019     0.1132    34.1041    34.1028    8.35376         23 0.0000e+00
    347.000    343.126    -1.3394  27.401255    -1.3407  27.399426     5.9028     6.1119     0.1947    97.2985 1.0000e-12  -73.88114 -118.73906  45.917864      99.65 5.6887e+02    555.425      13331  1029.1006  1029.0999     4.6157     0.1001     0.1117    34.1049    34.1038    8.35131         26 0.0000e+00
    348.000    344.114    -1.3353  27.405546    -1.3339  27.406234     5.8873     6.0888     0.2534    97.2498 1.0000e-12  -73.88114 -118.73906  45.917876      99.64 5.6519e+02    556.496      13357  1029.1059  1029.1053     4.6134     0.0866     0.1090    34.1054    34.1048    8.35035         25 0.0000e+00
    349.000    345.102    -1.3048  27.433691    -1.3001  27.436613     5.9070     6.0993     1.2666    97.1471 1.0000e-12  -73.88114 -118.73907  45.917888      99.65 5.6731e+02    557.548      13382  1029.1114  1029.1101     4.6085     0.0972     0.1123    34.1087    34.1074    8.34334         25 0.0000e+00
    350.000    346.089    -1.2979  27.439696    -1.2977  27.439485     5.9192     6.1049     0.5962    97.1159 1.0000e-12  -73.88114 -118.73907  45.917900      99.65 5.6750e+02    558.547      13406  1029.1159  1029.1156     4.6069     0.0884     0.1088    34.1085    34.1080    8.34181         23 0.0000e+00
    351.000    347.078    -1.3198  27.420545    -1.3181  27.422401     5.9546     6.1349     0.1586    96.6380 1.0000e-12  -73.88114 -118.73908  45.917911      99.65 5.6523e+02    559.485      13429  1029.1210  1029.1214     4.5845     0.0887     0.1126    34.1065    34.1071    8.34682         22 0.0000e+00
    352.000    348.066    -1.3495  27.396545    -1.3480  27.397832     5.9984     6.1806     0.1648    96.9539 1.0000e-12  -73.88114 -118.73906  45.917921      99.64 5.6772e+02    560.393      13450  1029.1283  1029.1282     4.5994     0.1111     0.1129    34.1068    34.1068    8.35346         22 0.0000e+00
    353.000    349.053    -1.3535  27.392651    -1.3595  27.388089     6.0241     6.2071     0.1686    96.8237 1.0000e-12  -73.88114 -118.73908  45.917932      99.65 5.6736e+02    561.334      13473  1029.1323  1029.1332     4.5932     0.1293     0.1168    34.1053    34.1060    8.35443         24 0.0000e+00
    354.000    350.041    -1.4214  27.335317    -1.4210  27.336565     6.0507     6.2360     0.3106    97.1695 1.0000e-12  -73.88114 -118.73908  45.917944      91.33 5.6651e+02    562.377      13498  1029.1401  1029.1411     4.6096     0.0931     0.1119    34.1032    34.1045    8.36978         26 0.0000e+00
    355.000    351.030    -1.4310  27.328267    -1.4324  27.327079     6.0753     6.2644     0.5032    97.1870 1.0000e-12  -73.88114 -118.73908  45.917958      88.11 5.6799e+02    563.557      13526  1029.1458  1029.1459     4.6104     0.1134     0.1155    34.1038    34.1038    8.37191         30 0.0000e+00
    356.000    352.017    -1.4464  27.315482    -1.4453  27.316590     6.0516     6.2483     0.2392    97.2107 1.0000e-12  -73.88114 -118.73908  45.917971      99.64 5.6581e+02    564.732      13555  1029.1509  1029.1510     4.6115     0.1264     0.1190    34.1032    34.1034    8.37541         26 0.0000e+00
    357.000    353.005    -1.4476  27.317417    -1.4467  27.317458     6.0209     6.2203     0.1642    97.0663 1.0000e-12  -73.88114 -118.73908  45.917983      99.65 5.6688e+02    565.700      13578  1029.1583  1029.1575     4.6047     0.1062     0.1116    34.1066    34.1057    8.37548         21 0.0000e+00
    358.000    353.993    -1.4061  27.356788    -1.4035  27.357580     6.0014     6.2011     0.3056    97.1756 1.0000e-12  -73.88114 -118.73908  45.917993      99.65 5.6773e+02    566.586      13599  1029.1651  1029.1634     4.6099     0.1525     0.1178    34.1129    34.1110    8.36579         21 0.0000e+00
    359.000    354.982    -1.3790  27.380331    -1.3782  27.380378     5.9879     6.1882     0.4625    96.9996 1.0000e-12  -73.88114 -118.73908  45.918004      99.65 5.6862e+02    567.524      13622  1029.1686  1029.1679     4.6016     0.1164     0.1129    34.1138    34.1129    8.35965         25 0.0000e+00
    360.000    355.971    -1.3681  27.390315    -1.3680  27.389653     5.9601     6.1707     0.2351    97.1270 1.0000e-12  -73.88114 -118.73908  45.918018      99.65 5.6820e+02    568.738      13651  1029.1733  1029.1725     4.6075     0.0966     0.1122    34.1144    34.1135    8.35716         32 0.0000e+00
    361.000    356.956    -1.3549  27.403264    -1.3551  27.402152     5.9474     6.1690     0.8951    96.9636 1.0000e-12  -73.88114 -118.73908  45.918033      99.65 5.6516e+02    570.030      13682  1029.1790  1029.1780     4.5998     0.1299     0.1116    34.1166    34.1153    8.35408         30 0.0000e+00
    362.000    357.945    -1.3412  27.415624    -1.3408  27.415383     5.9274     6.1440     0.7577    97.0750 1.0000e-12  -73.88114 -118.73908  45.918046      99.64 5.6929e+02    571.172      13709  1029.1835  1029.1830     4.6051     0.1465     0.1150    34.1173    34.1166    8.35096         25 0.0000e+00
