ocean_section_plots/required_files/ctd/dnbp2202_ctd138.cnv
* Sea-Bird SBE 9 Data File:
* FileName = D:\Data\raw\NBP2202_CTD138.hex
* Software Version Seasave V 7.26.7.121
* Temperature SN = 1649
* Conductivity SN = 2513
* Number of Bytes Per Scan = 40
* Number of Voltage Words = 5
* Number of Scans Averaged by the Deck Unit = 1
* NMEA Latitude = 74 01.83 S
* NMEA Longitude = 113 21.08 W
* NMEA UTC (Time) = Jan 28 2022  11:06:13
* NMEA baud rate = 9600
** Ship: RVIB N.B. Palmer
** Cruise: NBP2202 Thwaites
** Station: 67
** Operator: B. Bjork
# nquan = 25
# nvalues = 259                         
# units = specified
# name 0 = prDM: Pressure, Digiquartz [db]
# name 1 = depSM: Depth [salt water, m]
# name 2 = t090C: Temperature [ITS-90, deg C]
# name 3 = c0mS/cm: Conductivity [mS/cm]
# name 4 = t190C: Temperature, 2 [ITS-90, deg C]
# name 5 = c1mS/cm: Conductivity, 2 [mS/cm]
# name 6 = sbeox0ML/L: Oxygen, SBE 43 [ml/l]
# name 7 = sbeox1ML/L: Oxygen, SBE 43, 2 [ml/l]
# name 8 = flECO-AFL: Fluorescence, WET Labs ECO-AFL/FL [mg/m^3]
# name 9 = CStarTr0: Beam Transmission, WET Labs C-Star [%]
# name 10 = par: PAR/Irradiance, Biospherical/Licor
# name 11 = latitude: Latitude [deg]
# name 12 = longitude: Longitude [deg]
# name 13 = timeJ: Julian Days
# name 14 = altM: Altimeter [m]
# name 15 = spar: SPAR, Biospherical/Licor
# name 16 = timeS: Time, Elapsed [seconds]
# name 17 = scan: Scan Count
# name 18 = density00: Density [density, kg/m^3]
# name 19 = density11: Density, 2 [density, kg/m^3]
# name 20 = sal00: Salinity, Practical [PSU]
# name 21 = sal11: Salinity, Practical, 2 [PSU]
# name 22 = oxsolML/L: Oxygen Saturation, Garcia & Gordon [ml/l]
# name 23 = nbin: number of scans per bin
# name 24 = flag: flag
# span 0 =      3.000,    261.000       
# span 1 =      2.970,    258.141       
# span 2 =    -1.3955,    -0.8777       
# span 3 =  27.069715,  27.722769       
# span 4 =    -1.3952,    -0.8736       
# span 5 =  27.069795,  27.724870       
# span 6 =     5.2688,     8.2538       
# span 7 =     5.3736,     8.4532       
# span 8 =     0.0019,    22.5679       
# span 9 =    69.1501,    93.4996       
# span 10 = 1.0000e-12, 8.6538e+00      
# span 11 =  -74.03060,  -74.03060      
# span 12 = -113.35138, -113.35132      
# span 13 =  28.466170,  28.471547      
# span 14 =       5.52,     100.69      
# span 15 = 3.6627e+01, 4.4318e+01      
# span 16 =    304.060,    768.651      
# span 17 =       7298,      18449      
# span 18 =  1027.1964,  1028.6458      
# span 19 =  1027.1994,  1028.6442      
# span 20 =    33.7987,    34.0730      
# span 21 =    33.8017,    34.0712      
# span 22 =    8.25092,    8.37813      
# span 23 =         20,         49      
# span 24 = 0.0000e+00, 0.0000e+00      
# interval = decibars: 1                
# start_time = Jan 28 2022 11:06:13 [NMEA time, header]
# bad_flag = -9.990e-29
*END*
[from data line 116]
    119.000    117.735    -1.3457  27.146151    -1.3449  27.145969     5.6195     5.7448     2.2613    91.1503 1.0000e-12  -74.03060 -113.35135  28.468972      93.76 4.3061e+01    546.214      13110  1027.8479  1027.8469    33.9031    33.9019    8.36470         35 0.0000e+00
    120.000    118.724    -1.3345  27.159400    -1.3337  27.159197     5.5944     5.7214     1.8282    91.3790 1.0000e-12  -74.03060 -113.35134  28.468995     100.10 4.2326e+01    548.195      13158  1027.8561  1027.8550    33.9080    33.9067    8.36190         38 0.0000e+00
    121.000    119.714    -1.3301  27.165265    -1.3298  27.165009     5.5873     5.7146     0.8048    91.3415 1.0000e-12  -74.03060 -113.35134  28.469012      99.84 4.3491e+01    549.609      13192  1027.8626  1027.8621    33.9104    33.9097    8.36076         31 0.0000e+00
    122.000    120.702    -1.3299  27.166194    -1.3296  27.165905     5.5928     5.7067     0.8753    91.6147 1.0000e-12  -74.03060 -113.35134  28.469029      99.85 4.3311e+01    551.100      13227  1027.8679  1027.8673    33.9108    33.9100    8.36070         37 0.0000e+00
    123.000    121.693    -1.3289  27.168176    -1.3286  27.167645     5.5796     5.7075     1.2255    91.3804 1.0000e-12  -74.03060 -113.35134  28.469048      99.84 4.2455e+01    552.779      13268  1027.8735  1027.8726    33.9118    33.9107    8.36042         35 0.0000e+00
    124.000    122.681    -1.3219  27.176521    -1.3216  27.176045     5.5793     5.6917     1.0316    91.8700 1.0000e-12  -74.03060 -113.35134  28.469065      99.84 4.3737e+01    554.183      13301  1027.8803  1027.8795    33.9147    33.9137    8.35867         32 0.0000e+00
    125.000    123.670    -1.3134  27.186126    -1.3130  27.185685     5.5705     5.6843     0.9459    92.0791 1.0000e-12  -74.03060 -113.35134  28.469081      99.84 4.3618e+01    555.587      13335  1027.8870  1027.8861    33.9176    33.9165    8.35658         35 0.0000e+00
    126.000    124.658    -1.3129  27.187284    -1.3127  27.186837     5.5612     5.6783     1.4848    92.1627 1.0000e-12  -74.03060 -113.35133  28.469097      99.85 4.3071e+01    557.023      13370  1027.8922  1027.8916    33.9180    33.9172    8.35645         32 0.0000e+00
    127.000    125.648    -1.3105  27.190446    -1.3101  27.190061     5.5600     5.6742     0.8308    92.1341 1.0000e-12  -74.03060 -113.35132  28.469114      99.85 4.3966e+01    558.418      13403  1027.8978  1027.8969    33.9190    33.9180    8.35586         33 0.0000e+00
    128.000    126.636    -1.3070  27.194394    -1.3066  27.194112     5.5611     5.6715     1.2640    92.2632 1.0000e-12  -74.03060 -113.35134  28.469130      96.66 4.3623e+01    559.819      13437  1027.9031  1027.9024    33.9199    33.9190    8.35503         32 0.0000e+00
    129.000    127.626    -1.3042  27.198137    -1.3037  27.197894     5.5568     5.6672     0.5679    92.5085 1.0000e-12  -74.03060 -113.35134  28.469145      99.87 4.3187e+01    561.156      13469  1027.9089  1027.9082    33.9211    33.9203    8.35431         30 0.0000e+00
    130.000    128.616    -1.3009  27.202190    -1.3006  27.201751     5.5514     5.6624     0.9817    92.4714 1.0000e-12  -74.03060 -113.35132  28.469159      99.85 4.3441e+01    562.347      13497  1027.9145  1027.9138    33.9223    33.9214    8.35350         28 0.0000e+00
    131.000    129.604    -1.2959  27.207800    -1.2954  27.207588     5.5489     5.6630     0.6090    92.6376 1.0000e-12  -74.03060 -113.35134  28.469173      99.84 4.4058e+01    563.535      13526  1027.9202  1027.9195    33.9237    33.9229    8.35230         30 0.0000e+00
    132.000    130.593    -1.2948  27.209452    -1.2943  27.209132     5.5567     5.6694     0.4592    92.6482 1.0000e-12  -74.03060 -113.35134  28.469188      99.84 4.3281e+01    564.858      13558  1027.9254  1027.9246    33.9242    33.9232    8.35204         33 0.0000e+00
    133.000    131.582    -1.2888  27.216745    -1.2879  27.216705     5.5656     5.6736     0.8443    92.3499 1.0000e-12  -74.03060 -113.35134  28.469203      99.85 4.3825e+01    566.177      13589  1027.9320  1027.9311    33.9268    33.9258    8.35054         29 0.0000e+00
    134.000    132.571    -1.2872  27.218836    -1.2858  27.219666     5.5648     5.6727     1.0427    92.5138 1.0000e-12  -74.03060 -113.35134  28.469217      99.85 4.4075e+01    567.347      13617  1027.9372  1027.9366    33.9272    33.9267    8.35016         27 0.0000e+00
    135.000    133.561    -1.2820  27.224666    -1.2816  27.224131     5.5565     5.6677     0.5555    92.4276 1.0000e-12  -74.03060 -113.35134  28.469230      99.85 4.4072e+01    568.491      13645  1027.9429  1027.9419    33.9287    33.9275    8.34891         29 0.0000e+00
    136.000    134.549    -1.2776  27.229060    -1.2754  27.230263     5.5397     5.6508     0.9534    92.5872 1.0000e-12  -74.03060 -113.35134  28.469245      99.85 4.4072e+01    569.734      13675  1027.9479  1027.9470    33.9292    33.9283    8.34791         30 0.0000e+00
    137.000    135.538    -1.2714  27.235526    -1.2715  27.234590     5.5218     5.6375     0.4812    92.5963 1.0000e-12  -74.03060 -113.35134  28.469259      99.85 4.4072e+01    570.999      13705  1027.9533  1027.9523    33.9303    33.9291    8.34644         31 0.0000e+00
    138.000    136.527    -1.2644  27.242816    -1.2641  27.242066     5.5030     5.6225     0.8471    92.8350 1.0000e-12  -74.03060 -113.35134  28.469274      99.85 4.4072e+01    572.248      13735  1027.9589  1027.9579    33.9317    33.9305    8.34478         29 0.0000e+00
    139.000    137.516    -1.2625  27.245067    -1.2620  27.244695     5.4894     5.6047     1.3004    92.6982 1.0000e-12  -74.03060 -113.35134  28.469288      99.85 4.4072e+01    573.478      13764  1027.9640  1027.9631    33.9321    33.9310    8.34435         30 0.0000e+00
    140.000    138.505    -1.2570  27.251579    -1.2566  27.251035     5.4801     5.5977     0.7050    92.5490 1.0000e-12  -74.03060 -113.35135  28.469302      99.85 4.4072e+01    574.661      13793  1027.9702  1027.9693    33.9341    33.9330    8.34299         28 0.0000e+00
    141.000    139.495    -1.2545  27.254907    -1.2541  27.254334     5.4799     5.5935     0.4626    92.4962 1.0000e-12  -74.03060 -113.35135  28.469315      99.85 4.4072e+01    575.829      13821  1027.9759  1027.9749    33.9353    33.9341    8.34237         28 0.0000e+00
    142.000    140.483    -1.2510  27.258873    -1.2502  27.258420     5.4806     5.5908     0.5315    92.7780 1.0000e-12  -74.03060 -113.35135  28.469329      99.86 4.4072e+01    577.032      13850  1027.9813  1027.9800    33.9361    33.9346    8.34154         29 0.0000e+00
    143.000    141.473    -1.2466  27.263416    -1.2459  27.263208     5.4900     5.6021     0.4142    92.6592 1.0000e-12  -74.03060 -113.35136  28.469343      99.85 4.4072e+01    578.274      13880  1027.9864  1027.9854    33.9368    33.9356    8.34052         30 0.0000e+00
    144.000    142.461    -1.2468  27.263672    -1.2461  27.263498     5.5118     5.6241     0.3653    92.7818 1.0000e-12  -74.03060 -113.35136  28.469358      99.85 4.4072e+01    579.515      13909  1027.9912  1027.9904    33.9367    33.9357    8.34056         29 0.0000e+00
    145.000    143.450    -1.2490  27.262601    -1.2487  27.261960     5.5326     5.6339     0.2222    92.5579 1.0000e-12  -74.03060 -113.35136  28.469372      99.85 4.4072e+01    580.711      13938  1027.9966  1027.9956    33.9371    33.9359    8.34103         29 0.0000e+00
    146.000    144.439    -1.2519  27.261064    -1.2501  27.262003     5.5113     5.6182     0.3109    92.4830 1.0000e-12  -74.03060 -113.35136  28.469385      99.86 4.4072e+01    581.865      13966  1028.0021  1028.0014    33.9377    33.9369    8.34166         27 0.0000e+00
    147.000    145.427    -1.2480  27.265673    -1.2465  27.266268     5.4721     5.5913     0.3583    92.4684 1.0000e-12  -74.03060 -113.35136  28.469398      99.85 4.4072e+01    583.020      13993  1028.0078  1028.0069    33.9390    33.9380    8.34071         28 0.0000e+00
    148.000    146.418    -1.2346  27.280050    -1.2329  27.279928     5.4484     5.5689     0.4048    92.7543 1.0000e-12  -74.03060 -113.35136  28.469412      99.85 4.4072e+01    584.189      14022  1028.0148  1028.0131    33.9428    33.9408    8.33748         29 0.0000e+00
    149.000    147.405    -1.2227  27.291658    -1.2219  27.291332     5.4450     5.5581     0.5146    92.6164 1.0000e-12  -74.03060 -113.35136  28.469426      96.76 4.4072e+01    585.424      14051  1028.0205  1028.0193    33.9447    33.9433    8.33473         30 0.0000e+00
    150.000    148.396    -1.2211  27.293745    -1.2204  27.293341     5.4411     5.5487     0.2172    92.1865 1.0000e-12  -74.03060 -113.35136  28.469441      97.21 4.4072e+01    586.669      14081  1028.0256  1028.0246    33.9451    33.9438    8.33434         29 0.0000e+00
    151.000    149.382    -1.2190  27.296544    -1.2184  27.296099     5.4330     5.5432     0.2873    92.9251 1.0000e-12  -74.03060 -113.35136  28.469454      99.81 4.4072e+01    587.813      14109  1028.0311  1028.0300    33.9459    33.9446    8.33383         27 0.0000e+00
    152.000    150.373    -1.2155  27.300835    -1.2151  27.300214     5.4368     5.5524     0.1786    92.8345 1.0000e-12  -74.03060 -113.35136  28.469467      99.86 4.4072e+01    588.958      14136  1028.0368  1028.0357    33.9472    33.9459    8.33297         28 0.0000e+00
    153.000    151.361    -1.2120  27.305371    -1.2112  27.305045     5.4471     5.5622     0.2513    92.7476 1.0000e-12  -74.03060 -113.35136  28.469482      99.85 4.4072e+01    590.207      14166  1028.0428  1028.0416    33.9488    33.9475    8.33209         29 0.0000e+00
    154.000    152.351    -1.2110  27.307520    -1.2102  27.307244     5.4519     5.5679     0.4088    93.0767 1.0000e-12  -74.03060 -113.35135  28.469496      99.85 4.4072e+01    591.492      14197  1028.0486  1028.0475    33.9500    33.9487    8.33179         30 0.0000e+00
    155.000    153.339    -1.2105  27.308901    -1.2098  27.308548     5.4547     5.5703     0.5885    93.1571 1.0000e-12  -74.03060 -113.35135  28.469510      99.85 4.4072e+01    592.687      14225  1028.0540  1028.0529    33.9507    33.9494    8.33164         28 0.0000e+00
    156.000    154.329    -1.2100  27.310031    -1.2092  27.309740     5.4621     5.5741     0.2715    93.0145 1.0000e-12  -74.03060 -113.35135  28.469523      99.85 4.4072e+01    593.797      14252  1028.0591  1028.0581    33.9510    33.9498    8.33151         26 0.0000e+00
    157.000    155.317    -1.2093  27.311341    -1.2086  27.310998     5.4700     5.5737     0.1530    93.1010 1.0000e-12  -74.03060 -113.35135  28.469536      99.85 4.4072e+01    594.914      14279  1028.0643  1028.0632    33.9515    33.9502    8.33134         28 0.0000e+00
    158.000    156.307    -1.2073  27.314136    -1.2064  27.313757     5.4751     5.5765     0.2356    92.7820 1.0000e-12  -74.03060 -113.35135  28.469551      99.85 4.4072e+01    596.217      14310  1028.0698  1028.0685    33.9524    33.9509    8.33083         34 0.0000e+00
    159.000    157.295    -1.2049  27.317315    -1.2042  27.316758     5.4739     5.5826     0.2757    92.8888 1.0000e-12  -74.03060 -113.35135  28.469567      57.72 4.4072e+01    597.575      14343  1028.0753  1028.0740    33.9534    33.9518    8.33024         30 0.0000e+00
    160.000    158.283    -1.2039  27.318798    -1.2033  27.318314     5.4772     5.5835     0.9418    93.2196 1.0000e-12  -74.03060 -113.35135  28.469580     100.19 4.4072e+01    598.697      14370  1028.0803  1028.0791    33.9537    33.9523    8.33000         24 0.0000e+00
    161.000    159.273    -1.2035  27.319604    -1.2029  27.319176     5.4765     5.5842     0.3956    93.1612 1.0000e-12  -74.03060 -113.35136  28.469592      93.44 4.4072e+01    599.726      14394  1028.0852  1028.0840    33.9538    33.9525    8.32992         26 0.0000e+00
    162.000    160.262    -1.2036  27.319954    -1.2028  27.319607     5.4729     5.5847     0.2611    93.2463 1.0000e-12  -74.03060 -113.35136  28.469606      99.75 4.4072e+01    600.960      14424  1028.0900  1028.0887    33.9537    33.9523    8.32994         34 0.0000e+00
    163.000    161.251    -1.2031  27.321127    -1.2025  27.320518     5.4702     5.5856     0.2834    93.1933 1.0000e-12  -74.03060 -113.35136  28.469622      99.85 4.4072e+01    602.361      14458  1028.0952  1028.0938    33.9542    33.9526    8.32980         32 0.0000e+00
    164.000    162.239    -1.2017  27.323583    -1.2009  27.323473     5.4698     5.5813     0.2112    93.2060 1.0000e-12  -74.03060 -113.35136  28.469636      99.85 4.4072e+01    603.556      14486  1028.1008  1028.0998    33.9553    33.9542    8.32942         25 0.0000e+00
    165.000    163.229    -1.2000  27.326427    -1.1988  27.326557     5.4666     5.5723     0.2614    92.8674 1.0000e-12  -74.03060 -113.35136  28.469648      99.84 4.4072e+01    604.587      14511  1028.1065  1028.1055    33.9566    33.9554    8.32895         26 0.0000e+00
    166.000    164.217    -1.1984  27.328804    -1.1972  27.328831     5.4579     5.5674     0.2235    92.9404 1.0000e-12  -74.03060 -113.35135  28.469661      99.85 4.4072e+01    605.738      14539  1028.1119  1028.1108    33.9574    33.9562    8.32855         30 0.0000e+00
    167.000    165.206    -1.1961  27.331743    -1.1948  27.331600     5.4380     5.5580     0.1877    93.1483 1.0000e-12  -74.03060 -113.35134  28.469677      99.85 4.4072e+01    607.108      14572  1028.1173  1028.1159    33.9583    33.9566    8.32800         33 0.0000e+00
    168.000    166.194    -1.1920  27.336416    -1.1902  27.336907     5.4211     5.5399     0.2592    93.0769 1.0000e-12  -74.03060 -113.35134  28.469691      99.85 4.4072e+01    608.330      14601  1028.1228  1028.1215    33.9594    33.9580    8.32702         26 0.0000e+00
    169.000    167.184    -1.1743  27.354443    -1.1733  27.353804     5.4046     5.5257     0.1695    93.1412 1.0000e-12  -74.03060 -113.35134  28.469703      99.74 4.4072e+01    609.380      14626  1028.1297  1028.1280    33.9634    33.9614    8.32284         25 0.0000e+00
    170.000    168.173    -1.1464  27.386267    -1.1443  27.385480     5.3750     5.4981     0.1236    93.1309 1.0000e-12  -74.03060 -113.35134  28.469716      99.20 4.4072e+01    610.492      14653  1028.1419  1028.1389    33.9747    33.9712    8.31597         30 0.0000e+00
    171.000    169.162    -1.1042  27.433653    -1.1035  27.431560     5.3492     5.4693     0.1928    93.1817 1.0000e-12  -74.03060 -113.35134  28.469732      98.89 4.4072e+01    611.874      14686  1028.1573  1028.1543    33.9911    33.9874    8.30565         34 0.0000e+00
    172.000    170.149    -1.0741  27.465616    -1.0757  27.461073     5.3502     5.4707     0.1829    93.2560 1.0000e-12  -74.03060 -113.35134  28.469747      98.47 4.4072e+01    613.169      14717  1028.1677  1028.1643    34.0000    33.9956    8.29845         28 0.0000e+00
    173.000    171.140    -1.0745  27.466021    -1.0744  27.464659     5.3497     5.4612     0.0528    93.2093 1.0000e-12  -74.03060 -113.35134  28.469760      97.38 4.4072e+01    614.241      14743  1028.1733  1028.1717    34.0004    33.9985    8.29852         25 0.0000e+00
    174.000    172.128    -1.0739  27.467214    -1.0740  27.465907     5.3439     5.4511     0.0376    93.2347 1.0000e-12  -74.03060 -113.35134  28.469772      95.72 4.4072e+01    615.327      14769  1028.1786  1028.1772    34.0008    33.9991    8.29837         28 0.0000e+00
    175.000    173.117    -1.0708  27.470379    -1.0665  27.472442     5.3450     5.4509     0.2233    93.2161 1.0000e-12  -74.03060 -113.35134  28.469787      94.22 4.4072e+01    616.603      14799  1028.1837  1028.1817    34.0010    33.9989    8.29768         31 0.0000e+00
