ocean_section_plots/required_files/ctd/dnbp2202_ctd228.cnv
* Sea-Bird SBE 9 Data File:
* FileName = D:\Data\raw\NBP2202_CTD228.hex
* Software Version Seasave V 7.26.7.121
* Temperature SN = 1649
* Conductivity SN = 2513
* Number of Bytes Per Scan = 40
* Number of Voltage Words = 5
* Number of Scans Averaged by the Deck Unit = 1
* NMEA Latitude = 74 04.07 S
* NMEA Longitude = 111 33.09 W
* NMEA UTC (Time) = Feb 12 2022  18:03:23
* NMEA baud rate = 9600
** Ship: RVIB N.B. Palmer
** Cruise: NBP2202 Thwaites
** Station: 139
** Operator: A. Robinson
# nquan = 28
# nvalues = 275                         
# units = specified
# name 0 = prDM: Pressure, Digiquartz [db]
# name 1 = depSM: Depth [salt water, m]
# name 2 = t090C: Temperature [ITS-90, deg C]
# name 3 = c0mS/cm: Conductivity [mS/cm]
# name 4 = t190C: Temperature, 2 [ITS-90, deg C]
# name 5 = c1mS/cm: Conductivity, 2 [mS/cm]
# name 6 = sbeox0ML/L: Oxygen, SBE 43 [ml/l]
# name 7 = sbeox1ML/L: Oxygen, SBE 43, 2 [ml/l]
# name 8 = flECO-AFL: Fluorescence, WET Labs ECO-AFL/FL [mg/m^3]
# name 9 = CStarTr0: Beam Transmission, WET Labs C-Star [%]
# name 10 = par: PAR/Irradiance, Biospherical/Licor
# name 11 = latitude: Latitude [deg]
# name 12 = longitude: Longitude [deg]
# name 13 = timeJ: Julian Days
# name 14 = altM: Altimeter [m]
# name 15 = spar: SPAR, Biospherical/Licor
# name 16 = timeS: Time, Elapsed [seconds]
# name 17 = scan: Scan Count
# name 18 = density00: Density [density, kg/m^3]
# name 19 = density11: Density, 2 [density, kg/m^3]
# name 20 = v3: Voltage 3
# name 21 = v4: Voltage 4
# name 22 = v5: Voltage 5
# name 23 = sal00: Salinity, Practical [PSU]
# name 24 = sal11: Salinity, Practical, 2 [PSU]
# name 25 = oxsolML/L: Oxygen Saturation, Garcia & Gordon [ml/l]
# name 26 = nbin: number of scans per bin
# name 27 = flag: flag
# span 0 =      2.000,    276.000       
# span 1 =      1.974,    272.964       
# span 2 =    -1.4633,    -1.2271       
# span 3 =  26.919229,  27.360754       
# span 4 =    -1.4623,    -1.2737       
# span 5 =  26.919910,  27.360885       
# span 6 =     5.9090,     6.6410       
# span 7 =     6.1125,     6.8643       
# span 8 =     0.0069,     4.8317       
# span 9 =    91.7280,    97.2395       
# span 10 = -5.548e-07, 2.9478e+02      
# span 11 =  -74.06787,  -74.06786      
# span 12 = -111.55132, -111.55126      
# span 13 =  43.754772,  43.759428      
# span 14 =       2.48,      99.96      
# span 15 = 1.1475e+03, 1.7879e+03      
# span 16 =    209.281,    611.606      
# span 17 =       5024,      14680      
# span 18 =  1027.1730,  1028.7199      
# span 19 =  1027.1736,  1028.7186      
# span 20 =     4.3518,     4.6129      
# span 21 =     0.0686,     0.7724      
# span 22 =     0.1243,     0.1537      
# span 23 =    33.7572,    34.0526      
# span 24 =    33.7622,    34.0511      
# span 25 =    8.34639,    8.39485      
# span 26 =         23,         70      
# span 27 = 0.0000e+00, 0.0000e+00      
# interval = decibars: 1                
# start_time = Feb 12 2022 18:03:23 [NMEA time, header]
# bad_flag = -9.990e-29
*END*
[from data line 208]
    210.000    207.721    -1.3593  27.269241    -1.3578  27.269611     6.0226     6.2205     0.1024    96.9261 1.0000e-12  -74.06786 -111.55126  43.758100      71.95 1.2118e+03    496.870      11926  1028.3879  1028.3869     4.5981     0.0833     0.1278    34.0310    34.0299    8.36014         25 0.0000e+00
    211.000    208.712    -1.3575  27.271430    -1.3569  27.270964     6.0291     6.2167     0.0925    97.0076 1.0000e-12  -74.06786 -111.55126  43.758112      71.13 1.2055e+03    497.850      11949  1028.3930  1028.3919     4.6019     0.0793     0.1269    34.0314    34.0300    8.35973         23 0.0000e+00
    212.000    209.697    -1.3601  27.268961    -1.3588  27.269294     6.0194     6.2103     0.1054    96.9862 1.0000e-12  -74.06786 -111.55126  43.758123      69.81 1.2073e+03    498.835      11973  1028.3972  1028.3963     4.6009     0.0839     0.1281    34.0303    34.0293    8.36037         23 0.0000e+00
    213.000    210.690    -1.3560  27.274022    -1.3538  27.275175     6.0099     6.2013     0.1265    96.9719 1.0000e-12  -74.06786 -111.55126  43.758135      69.02 1.2093e+03    499.823      11997  1028.4032  1028.4023     4.6002     0.0838     0.1274    34.0320    34.0310    8.35936         24 0.0000e+00
    214.000    211.677    -1.3512  27.279874    -1.3471  27.282920     6.0104     6.1960     0.0947    97.0361 1.0000e-12  -74.06786 -111.55126  43.758146      67.65 1.2120e+03    500.824      12021  1028.4093  1028.4087     4.6033     0.0811     0.1277    34.0340    34.0335    8.35816         24 0.0000e+00
    215.000    212.665    -1.3385  27.294069    -1.3379  27.293447     6.0003     6.1943     0.1160    97.0820 1.0000e-12  -74.06786 -111.55126  43.758158      66.91 1.2211e+03    501.840      12045  1028.4169  1028.4157     4.6054     0.0837     0.1277    34.0384    34.0368    8.35505         25 0.0000e+00
    216.000    213.654    -1.3388  27.294145    -1.3373  27.294507     5.9996     6.1909     0.0983    97.0688 1.0000e-12  -74.06786 -111.55126  43.758170      65.91 1.2278e+03    502.847      12069  1028.4217  1028.4207     4.6048     0.0843     0.1294    34.0382    34.0370    8.35513         24 0.0000e+00
    217.000    214.642    -1.3385  27.294768    -1.3375  27.294770     5.9947     6.1908     0.0683    97.0713 1.0000e-12  -74.06786 -111.55126  43.758181      65.08 1.2268e+03    503.825      12093  1028.4265  1028.4256     4.6049     0.0790     0.1285    34.0381    34.0370    8.35506         23 0.0000e+00
    218.000    215.632    -1.3336  27.300906    -1.3339  27.299222     5.9893     6.1896     0.0561    97.0886 1.0000e-12  -74.06786 -111.55126  43.758192      63.70 1.2236e+03    504.787      12116  1028.4329  1028.4314     4.6057     0.0768     0.1288    34.0403    34.0383    8.35384         24 0.0000e+00
    219.000    216.620    -1.3300  27.305256    -1.3290  27.305028     5.9871     6.1846     0.0578    97.0180 1.0000e-12  -74.06786 -111.55126  43.758204      61.86 1.2208e+03    505.786      12140  1028.4385  1028.4373     4.6025     0.0736     0.1312    34.0416    34.0401    8.35295         24 0.0000e+00
    220.000    217.609    -1.3289  27.306752    -1.3283  27.306158     5.9840     6.1780     0.0714    97.0584 1.0000e-12  -74.06786 -111.55126  43.758215      61.47 1.2145e+03    506.799      12164  1028.4435  1028.4423     4.6043     0.0748     0.1310    34.0417    34.0403    8.35270         24 0.0000e+00
    221.000    218.597    -1.3284  27.307655    -1.3279  27.307082     5.9779     6.1755     0.0680    97.0441 1.0000e-12  -74.06786 -111.55126  43.758227      60.22 1.2116e+03    507.803      12188  1028.4484  1028.4473     4.6036     0.0726     0.1253    34.0418    34.0405    8.35258         24 0.0000e+00
    222.000    219.585    -1.3276  27.309032    -1.3271  27.308412     5.9869     6.1740     0.0346    97.0624 1.0000e-12  -74.06786 -111.55127  43.758238      59.06 1.2108e+03    508.793      12212  1028.4535  1028.4524     4.6045     0.1167     0.1285    34.0422    34.0408    8.35238         23 0.0000e+00
    223.000    220.574    -1.3246  27.312733    -1.3241  27.311813     5.9838     6.1617     0.0514    97.0839 1.0000e-12  -74.06786 -111.55127  43.758250      58.36 1.2077e+03    509.763      12235  1028.4591  1028.4576     4.6055     0.0744     0.1297    34.0432    34.0414    8.35165         23 0.0000e+00
    224.000    221.563    -1.3256  27.311811    -1.3250  27.311337     5.9758     6.1666     0.0440    97.0752 1.0000e-12  -74.06786 -111.55127  43.758261      56.61 1.2041e+03    510.718      12258  1028.4634  1028.4623     4.6051     0.0751     0.1289    34.0425    34.0412    8.35192         24 0.0000e+00
    225.000    222.552    -1.3221  27.316110    -1.3208  27.316259     5.9765     6.1672     0.0372    96.9582 1.0000e-12  -74.06786 -111.55127  43.758272      55.88 1.2039e+03    511.720      12282  1028.4691  1028.4680     4.5996     0.0739     0.1290    34.0438    34.0425    8.35106         24 0.0000e+00
    226.000    223.539    -1.3200  27.318765    -1.3190  27.318750     5.9746     6.1668     0.0707    97.0161 1.0000e-12  -74.06786 -111.55127  43.758284      54.83 1.2018e+03    512.729      12306  1028.4743  1028.4733     4.6023     0.0716     0.1333    34.0444    34.0432    8.35055         24 0.0000e+00
    227.000    224.530    -1.3186  27.320826    -1.3179  27.320482     5.9725     6.1650     0.0447    97.0333 1.0000e-12  -74.06786 -111.55127  43.758295      53.58 1.2014e+03    513.715      12330  1028.4796  1028.4785     4.6031     0.0831     0.1283    34.0451    34.0437    8.35020         23 0.0000e+00
    228.000    225.516    -1.3194  27.320438    -1.3183  27.320355     5.9706     6.1566     0.0316    97.0086 1.0000e-12  -74.06786 -111.55127  43.758307      52.54 1.2031e+03    514.687      12353  1028.4842  1028.4831     4.6020     0.0737     0.1537    34.0448    34.0434    8.35039         24 0.0000e+00
    229.000    226.506    -1.3184  27.322122    -1.3172  27.322159     5.9717     6.1577     0.0211    97.0107 1.0000e-12  -74.06786 -111.55127  43.758318      51.49 1.2041e+03    515.680      12377  1028.4895  1028.4883     4.6021     0.0843     0.1287    34.0453    34.0440    8.35013         24 0.0000e+00
    230.000    227.495    -1.3161  27.325137    -1.3146  27.325550     5.9746     6.1579     0.0210    97.0445 1.0000e-12  -74.06786 -111.55127  43.758330      50.42 1.2062e+03    516.671      12401  1028.4949  1028.4939     4.6037     0.0711     0.1303    34.0463    34.0451    8.34957         24 0.0000e+00
    231.000    228.482    -1.3155  27.326265    -1.3144  27.326191     5.9751     6.1628     0.0261    97.0557 1.0000e-12  -74.06786 -111.55127  43.758341      49.48 1.2085e+03    517.680      12425  1028.4998  1028.4988     4.6042     0.0753     0.1321    34.0465    34.0452    8.34942         24 0.0000e+00
    232.000    229.472    -1.3162  27.325899    -1.3151  27.325798     5.9714     6.1642     0.0217    97.0886 1.0000e-12  -74.06786 -111.55127  43.758353      48.45 1.2034e+03    518.676      12449  1028.5045  1028.5034     4.6057     0.0804     0.1321    34.0462    34.0448    8.34959         24 0.0000e+00
    233.000    230.459    -1.3160  27.326586    -1.3149  27.326508     5.9710     6.1620     0.0273    97.0616 1.0000e-12  -74.06786 -111.55127  43.758364      47.41 1.2004e+03    519.673      12473  1028.5094  1028.5083     4.6045     0.0710     0.1302    34.0463    34.0449    8.34955         24 0.0000e+00
    234.000    231.449    -1.3158  27.327217    -1.3149  27.326913     5.9716     6.1556     0.0504    97.0280 1.0000e-12  -74.06786 -111.55127  43.758376      46.39 1.1968e+03    520.713      12498  1028.5142  1028.5130     4.6029     0.0847     0.1296    34.0462    34.0449    8.34949         25 0.0000e+00
    235.000    232.436    -1.3148  27.328778    -1.3135  27.328883     5.9645     6.1584     0.0218    96.9273 1.0000e-12  -74.06786 -111.55127  43.758389      45.37 1.1933e+03    521.794      12524  1028.5192  1028.5181     4.5980     0.0700     0.1306    34.0467    34.0453    8.34925         26 0.0000e+00
    236.000    233.424    -1.3136  27.330456    -1.3125  27.330450     5.9636     6.1601     0.0278    97.1385 1.0000e-12  -74.06786 -111.55127  43.758401      44.27 1.1899e+03    522.866      12550  1028.5242  1028.5232     4.6081     0.0751     0.1311    34.0470    34.0458    8.34897         26 0.0000e+00
    237.000    234.415    -1.3135  27.330891    -1.3125  27.330849     5.9689     6.1530     0.0259    97.1442 1.0000e-12  -74.06786 -111.55128  43.758414      43.31 1.1873e+03    523.936      12575  1028.5290  1028.5279     4.6084     0.0704     0.1306    34.0469    34.0456    8.34896         26 0.0000e+00
    238.000    235.402    -1.3135  27.331304    -1.3125  27.331276     5.9665     6.1531     0.1475    97.1125 1.0000e-12  -74.06786 -111.55128  43.758426      42.34 1.1842e+03    525.024      12602  1028.5337  1028.5327     4.6068     0.0695     0.1304    34.0468    34.0456    8.34896         26 0.0000e+00
    239.000    236.390    -1.3135  27.331827    -1.3125  27.331710     5.9724     6.1585     0.0141    97.1087 1.0000e-12  -74.06786 -111.55128  43.758439      41.27 1.1793e+03    526.124      12628  1028.5386  1028.5375     4.6067     0.0754     0.1288    34.0469    34.0455    8.34895         27 0.0000e+00
    240.000    237.379    -1.3133  27.332374    -1.3123  27.332318     5.9694     6.1588     0.0143    97.1255 1.0000e-12  -74.06786 -111.55128  43.758452      40.18 1.1751e+03    527.230      12655  1028.5433  1028.5423     4.6075     0.0697     0.1299    34.0468    34.0456    8.34891         26 0.0000e+00
    241.000    238.368    -1.3134  27.332880    -1.3123  27.332800     5.9629     6.1551     0.0143    97.1249 1.0000e-12  -74.06786 -111.55128  43.758465      39.16 1.1745e+03    528.383      12682  1028.5482  1028.5471     4.6074     0.0695     0.1294    34.0470    34.0456    8.34892         29 0.0000e+00
    242.000    239.357    -1.3132  27.333427    -1.3122  27.333318     5.9700     6.1536     0.0143    97.1356 1.0000e-12  -74.06786 -111.55128  43.758479      38.18 1.1723e+03    529.558      12710  1028.5530  1028.5519     4.6080     0.0687     0.1299    34.0469    34.0456    8.34889         27 0.0000e+00
    243.000    240.345    -1.3132  27.333834    -1.3121  27.333808     5.9712     6.1551     0.0160    97.1403 1.0000e-12  -74.06786 -111.55128  43.758492      37.12 1.1720e+03    530.686      12737  1028.5577  1028.5566     4.6082     0.0686     0.1319    34.0468    34.0456    8.34889         27 0.0000e+00
    244.000    241.333    -1.3133  27.334390    -1.3121  27.334230     5.9661     6.1567     0.0237    97.0906 1.0000e-12  -74.06786 -111.55128  43.758505      36.14 1.1724e+03    531.808      12764  1028.5628  1028.5614     4.6059     0.0694     0.1355    34.0471    34.0455    8.34890         28 0.0000e+00
    245.000    242.322    -1.3132  27.334840    -1.3121  27.334803     5.9692     6.1566     0.0211    97.1418 1.0000e-12  -74.06786 -111.55129  43.758518      35.14 1.1684e+03    532.982      12793  1028.5674  1028.5663     4.6083     0.0745     0.1338    34.0469    34.0456    8.34887         29 0.0000e+00
    246.000    243.310    -1.3132  27.335310    -1.3120  27.335330     5.9654     6.1478     0.0069    97.1293 1.0000e-12  -74.06786 -111.55130  43.758533      34.05 1.1674e+03    534.208      12822  1028.5722  1028.5711     4.6077     0.0699     0.1310    34.0469    34.0456    8.34887         29 0.0000e+00
    247.000    244.299    -1.3132  27.335671    -1.3121  27.335655     5.9658     6.1527     0.0153    97.1539 1.0000e-12  -74.06786 -111.55130  43.758547      33.05 1.1702e+03    535.452      12852  1028.5770  1028.5758     4.6089     0.0695     0.1299    34.0469    34.0456    8.34889         30 0.0000e+00
    248.000    245.287    -1.3133  27.336027    -1.3122  27.336009     5.9708     6.1551     0.0166    97.0926 1.0000e-12  -74.06786 -111.55130  43.758561      32.02 1.1701e+03    536.674      12881  1028.5818  1028.5806     4.6059     0.0697     0.1282    34.0469    34.0456    8.34891         29 0.0000e+00
    249.000    246.275    -1.3135  27.336206    -1.3124  27.336113     5.9606     6.1549     0.0143    97.0200 1.0000e-12  -74.06786 -111.55130  43.758575      31.00 1.1730e+03    537.863      12910  1028.5864  1028.5852     4.6025     0.0764     0.1318    34.0467    34.0453    8.34896         28 0.0000e+00
    250.000    247.265    -1.3135  27.336632    -1.3124  27.336644     5.9666     6.1555     0.0204    97.1117 1.0000e-12  -74.06786 -111.55130  43.758589      30.03 1.1796e+03    539.055      12938  1028.5912  1028.5900     4.6068     0.0698     0.1309    34.0467    34.0454    8.34897         29 0.0000e+00
    251.000    248.251    -1.3136  27.337098    -1.3124  27.337051     5.9675     6.1557     0.0281    96.9634 1.0000e-12  -74.06786 -111.55130  43.758603      28.96 1.1840e+03    540.255      12967  1028.5960  1028.5948     4.5998     0.0730     0.1310    34.0468    34.0454    8.34897         30 0.0000e+00
    252.000    249.243    -1.3136  27.337623    -1.3124  27.337569     5.9628     6.1544     0.0217    97.1204 1.0000e-12  -74.06786 -111.55132  43.758616      27.91 1.1884e+03    541.432      12995  1028.6009  1028.5997     4.6072     0.0702     0.1320    34.0469    34.0455    8.34897         27 0.0000e+00
    253.000    250.230    -1.3134  27.338139    -1.3122  27.338132     5.9707     6.1544     0.0192    97.1115 1.0000e-12  -74.06786 -111.55132  43.758630      26.95 1.1930e+03    542.609      13024  1028.6056  1028.6044     4.6068     0.0703     0.1302    34.0467    34.0454    8.34893         28 0.0000e+00
    254.000    251.218    -1.3131  27.338904    -1.3119  27.339006     5.9644     6.1473     0.0071    97.1082 1.0000e-12  -74.06786 -111.55132  43.758644      25.85 1.1988e+03    543.836      13053  1028.6105  1028.6094     4.6067     0.0750     0.1382    34.0469    34.0456    8.34887         31 0.0000e+00
    255.000    252.206    -1.3130  27.339454    -1.3118  27.339605     5.9667     6.1542     0.0158    97.0902 1.0000e-12  -74.06786 -111.55132  43.758658      24.81 1.2006e+03    545.089      13083  1028.6152  1028.6142     4.6058     0.0712     0.1316    34.0469    34.0457    8.34884         29 0.0000e+00
    256.000    253.195    -1.3131  27.339912    -1.3118  27.339952     5.9665     6.1529     0.0288    97.1386 1.0000e-12  -74.06786 -111.55132  43.758673      23.79 1.1937e+03    546.322      13113  1028.6201  1028.6189     4.6081     0.0709     0.1307    34.0469    34.0456    8.34885         31 0.0000e+00
    257.000    254.183    -1.3133  27.340129    -1.3120  27.340211     5.9674     6.1529     0.0190    97.1049 1.0000e-12  -74.06786 -111.55132  43.758687      22.75 1.1858e+03    547.594      13143  1028.6249  1028.6237     4.6065     0.0724     0.1305    34.0469    34.0456    8.34891         31 0.0000e+00
    258.000    255.172    -1.3133  27.340614    -1.3120  27.340608     5.9654     6.1557     0.0264    97.1346 1.0000e-12  -74.06786 -111.55132  43.758702      21.73 1.1778e+03    548.891      13174  1028.6297  1028.6284     4.6079     0.0705     0.1298    34.0470    34.0455    8.34891         30 0.0000e+00
    259.000    256.160    -1.3131  27.341176    -1.3118  27.341372     5.9613     6.1562     0.0349    97.1408 1.0000e-12  -74.06786 -111.55132  43.758717      20.69 1.1739e+03    550.156      13205  1028.6344  1028.6333     4.6082     0.0714     0.1307    34.0469    34.0457    8.34887         30 0.0000e+00
