ocean_section_plots/required_files/ctd/dnbp2202_ctd291.cnv
* Sea-Bird SBE 9 Data File:
* FileName = D:\Data\raw\NBP2202_CTD291.hex
* Software Version Seasave V 7.26.7.121
* Temperature SN = 1649
* Conductivity SN = 2513
* Number of Bytes Per Scan = 40
* Number of Voltage Words = 5
* Number of Scans Averaged by the Deck Unit = 1
* NMEA Latitude = 73 46.55 S
* NMEA Longitude = 112 26.67 W
* NMEA UTC (Time) = Feb 23 2022  21:31:15
* NMEA baud rate = 9600
** Ship: RVIB N.B. Palmer
** Cruise: NBP2202 Thwaites
** Station: 193
** Operator: A. Robinson
# nquan = 28
# nvalues = 708                         
# units = specified
# name 0 = prDM: Pressure, Digiquartz [db]
# name 1 = depSM: Depth [salt water, m]
# name 2 = t090C: Temperature [ITS-90, deg C]
# name 3 = c0mS/cm: Conductivity [mS/cm]
# name 4 = t190C: Temperature, 2 [ITS-90, deg C]
# name 5 = c1mS/cm: Conductivity, 2 [mS/cm]
# name 6 = sbeox0ML/L: Oxygen, SBE 43 [ml/l]
# name 7 = sbeox1ML/L: Oxygen, SBE 43, 2 [ml/l]
# name 8 = flECO-AFL: Fluorescence, WET Labs ECO-AFL/FL [mg/m^3]
# name 9 = CStarTr0: Beam Transmission, WET Labs C-Star [%]
# name 10 = par: PAR/Irradiance, Biospherical/Licor
# name 11 = latitude: Latitude [deg]
# name 12 = longitude: Longitude [deg]
# name 13 = timeJ: Julian Days
# name 14 = altM: Altimeter [m]
# name 15 = spar: SPAR, Biospherical/Licor
# name 16 = timeS: Time, Elapsed [seconds]
# name 17 = scan: Scan Count
# name 18 = density00: Density [density, kg/m^3]
# name 19 = density11: Density, 2 [density, kg/m^3]
# name 20 = v3: Voltage 3
# name 21 = v4: Voltage 4
# name 22 = v5: Voltage 5
# name 23 = sal00: Salinity, Practical [PSU]
# name 24 = sal11: Salinity, Practical, 2 [PSU]
# name 25 = oxsolML/L: Oxygen Saturation, Garcia & Gordon [ml/l]
# name 26 = nbin: number of scans per bin
# name 27 = flag: flag
# span 0 =      2.000,    709.000       
# span 1 =      1.971,    700.479       
# span 2 =    -1.5136,     0.6273       
# span 3 =  27.052497,  29.582748       
# span 4 =    -1.5130,     0.6296       
# span 5 =  27.052801,  29.583284       
# span 6 =     4.5187,     8.9535       
# span 7 =     4.6376,     9.2569       
# span 8 =     0.0107,    16.6077       
# span 9 =    83.4382,    98.1911       
# span 10 = 1.0000e-12, 2.1395e+02      
# span 11 =  -73.77590,  -73.77588      
# span 12 = -112.44466, -112.44462      
# span 13 =  54.898759,  54.909057      
# span 14 =       6.92,     110.51      
# span 15 = 3.6176e+02, 5.0417e+02      
# span 16 =    177.804,   1067.546      
# span 17 =       4268,      25622      
# span 18 =  1027.1601,  1031.0791      
# span 19 =  1027.1621,  1031.0774      
# span 20 =     3.9579,     4.6580      
# span 21 =     0.0691,     2.9207      
# span 22 =     0.1177,     0.2103      
# span 23 =    33.7715,    34.5882      
# span 24 =    33.7731,    34.5862      
# span 25 =    7.90364,    8.39918      
# span 26 =          6,         75      
# span 27 = 0.0000e+00, 0.0000e+00      
# interval = decibars: 1                
# start_time = Feb 23 2022 21:31:15 [NMEA time, header]
# bad_flag = -9.990e-29
*END*
[from data line 415]
    417.000    412.277     0.0163  28.763067     0.0186  28.763457     4.7517     4.8860     0.1893    97.7396 1.0000e-12  -73.77588 -112.44464  54.904884      99.86 4.8809e+02    706.994      16969  1029.5725  1029.5708     4.6366     0.0898     0.1251    34.3664    34.3643    8.04235         25 0.0000e+00
    418.000    413.264     0.0208  28.768312     0.0231  28.768865     4.7503     4.8797     0.2021    97.7245 1.0000e-12  -73.77588 -112.44466  54.904896      99.86 4.8593e+02    708.037      16994  1029.5780  1029.5764     4.6359     0.0963     0.1249    34.3677    34.3659    8.04133         25 0.0000e+00
    419.000    414.251     0.0250  28.773080     0.0273  28.773609     4.7483     4.8741     0.1630    97.6903 1.0000e-12  -73.77588 -112.44464  54.904908      99.87 4.8582e+02    709.051      17018  1029.5833  1029.5816     4.6342     0.0978     0.1251    34.3688    34.3668    8.04040         24 0.0000e+00
    420.000    415.240     0.0319  28.780653     0.0343  28.780818     4.7499     4.8729     0.1315    97.7005 1.0000e-12  -73.77588 -112.44464  54.904920      99.87 4.8792e+02    710.050      17042  1029.5888  1029.5867     4.6348     0.0891     0.1356    34.3703    34.3680    8.03885         24 0.0000e+00
    421.000    416.227     0.0371  28.786361     0.0392  28.786595     4.7460     4.8749     0.1594    97.7326 1.0000e-12  -73.77588 -112.44464  54.904931      99.87 4.8401e+02    711.057      17066  1029.5941  1029.5923     4.6363     0.0956     0.1244    34.3715    34.3694    8.03769         24 0.0000e+00
    422.000    417.215     0.0410  28.790731     0.0433  28.791099     4.7375     4.8674     0.1329    97.7688 1.0000e-12  -73.77588 -112.44466  54.904943      99.87 4.8338e+02    712.086      17091  1029.5993  1029.5975     4.6380     0.0945     0.1236    34.3723    34.3703    8.03683         25 0.0000e+00
    423.000    418.203     0.0477  28.798431     0.0500  28.798591     4.7347     4.8680     0.1287    97.7260 1.0000e-12  -73.77588 -112.44464  54.904955      99.87 4.8481e+02    713.114      17116  1029.6052  1029.6031     4.6360     0.0874     0.1221    34.3744    34.3720    8.03531         24 0.0000e+00
    424.000    419.191     0.0542  28.805434     0.0564  28.805718     4.7351     4.8635     0.1182    97.7213 1.0000e-12  -73.77588 -112.44466  54.904967      99.87 4.8259e+02    714.135      17140  1029.6105  1029.6087     4.6357     0.1039     0.1243    34.3758    34.3737    8.03387         25 0.0000e+00
    425.000    420.178     0.0562  28.808374     0.0585  28.808790     4.7362     4.8626     0.1809    97.5369 1.0000e-12  -73.77588 -112.44464  54.904979      99.87 4.8340e+02    715.149      17165  1029.6161  1029.6143     4.6271     0.1005     0.1240    34.3769    34.3748    8.03340         24 0.0000e+00
    426.000    421.165     0.0606  28.813991     0.0629  28.814137     4.7312     4.8624     0.1678    97.6573 1.0000e-12  -73.77588 -112.44466  54.904990      99.87 4.8338e+02    716.165      17189  1029.6220  1029.6199     4.6327     0.0911     0.1271    34.3787    34.3763    8.03237         25 0.0000e+00
    427.000    422.153     0.0679  28.821676     0.0701  28.822015     4.7352     4.8602     0.1397    97.7179 1.0000e-12  -73.77588 -112.44464  54.905002      99.86 4.8112e+02    717.189      17214  1029.6273  1029.6256     4.6356     0.0838     0.1248    34.3801    34.3781    8.03076         24 0.0000e+00
    428.000    423.142     0.0682  28.822656     0.0705  28.822949     4.7303     4.8657     0.1294    97.7802 1.0000e-12  -73.77588 -112.44466  54.905014      99.87 4.8141e+02    718.211      17238  1029.6324  1029.6305     4.6385     0.0879     0.1257    34.3805    34.3783    8.03068         25 0.0000e+00
    429.000    424.128     0.0691  28.823979     0.0711  28.823992     4.7236     4.8639     0.2346    97.8105 1.0000e-12  -73.77588 -112.44464  54.905026      99.87 4.8161e+02    719.236      17263  1029.6373  1029.6354     4.6400     0.0898     0.1243    34.3806    34.3784    8.03049         25 0.0000e+00
    430.000    425.116     0.0704  28.825799     0.0726  28.826134     4.7278     4.8533     0.1819    97.7123 1.0000e-12  -73.77588 -112.44466  54.905038      99.86 4.8054e+02    720.296      17288  1029.6423  1029.6406     4.6353     0.0876     0.1245    34.3810    34.3790    8.03019         26 0.0000e+00
    431.000    426.105     0.0710  28.826818     0.0731  28.827194     4.7315     4.8567     0.1528    97.6698 1.0000e-12  -73.77588 -112.44462  54.905050      99.87 4.8060e+02    721.346      17313  1029.6471  1029.6454     4.6333     0.0863     0.1239    34.3811    34.3792    8.03007         24 0.0000e+00
    432.000    427.091     0.0711  28.827536     0.0733  28.827822     4.7314     4.8596     0.1573    97.7807 1.0000e-12  -73.77588 -112.44462  54.905062      99.87 4.8065e+02    722.340      17337  1029.6521  1029.6503     4.6386     0.0911     0.1235    34.3812    34.3792    8.03002         23 0.0000e+00
    433.000    428.079     0.0712  28.828015     0.0734  28.828356     4.7313     4.8530     0.1620    97.7982 1.0000e-12  -73.77588 -112.44462  54.905073      99.86 4.8178e+02    723.310      17360  1029.6569  1029.6551     4.6394     0.1041     0.1259    34.3813    34.3792    8.03001         24 0.0000e+00
    434.000    429.067     0.0722  28.829829     0.0745  28.830219     4.7283     4.8573     0.1562    97.8047 1.0000e-12  -73.77588 -112.44464  54.905085      99.87 4.8038e+02    724.312      17384  1029.6620  1029.6603     4.6397     0.0931     0.1239    34.3819    34.3799    8.02976         24 0.0000e+00
    435.000    430.054     0.0738  28.832046     0.0759  28.832356     4.7308     4.8639     0.1000    97.7027 1.0000e-12  -73.77588 -112.44464  54.905097      99.86 4.7914e+02    725.345      17409  1029.6672  1029.6654     4.6349     0.0971     0.1254    34.3825    34.3805    8.02940         25 0.0000e+00
    436.000    431.042     0.0745  28.833229     0.0765  28.833460     4.7201     4.8574     0.1180    97.7172 1.0000e-12  -73.77588 -112.44464  54.905109      99.87 4.8056e+02    726.377      17434  1029.6720  1029.6703     4.6355     0.0939     0.1240    34.3827    34.3807    8.02924         25 0.0000e+00
    437.000    432.030     0.0769  28.836504     0.0789  28.836576     4.7302     4.8608     0.1194    97.8018 1.0000e-12  -73.77588 -112.44462  54.905120      99.86 4.7988e+02    727.382      17458  1029.6774  1029.6755     4.6396     0.1256     0.1275    34.3837    34.3815    8.02867         23 0.0000e+00
    438.000    433.017     0.0794  28.839790     0.0817  28.840169     4.7331     4.8562     0.1516    97.8140 1.0000e-12  -73.77588 -112.44464  54.905132      99.87 4.7901e+02    728.370      17482  1029.6827  1029.6809     4.6401     0.0979     0.1270    34.3846    34.3826    8.02810         25 0.0000e+00
    439.000    434.004     0.0809  28.841977     0.0831  28.842252     4.7274     4.8557     0.1887    97.7909 1.0000e-12  -73.77588 -112.44462  54.905143      99.87 4.8080e+02    729.393      17506  1029.6878  1029.6860     4.6391     0.0946     0.1243    34.3852    34.3832    8.02775         25 0.0000e+00
    440.000    434.992     0.0812  28.842778     0.0834  28.843249     4.7318     4.8521     0.1173    97.7549 1.0000e-12  -73.77588 -112.44462  54.905156      99.86 4.7697e+02    730.440      17532  1029.6927  1029.6910     4.6373     0.1113     0.1231    34.3854    34.3835    8.02768         25 0.0000e+00
    441.000    435.979     0.0829  28.845487     0.0851  28.845731     4.7301     4.8561     0.1996    97.6804 1.0000e-12  -73.77588 -112.44462  54.905167      99.87 4.7690e+02    731.457      17556  1029.6981  1029.6963     4.6338     0.0885     0.1242    34.3865    34.3843    8.02727         23 0.0000e+00
    442.000    436.968     0.0856  28.848921     0.0877  28.849236     4.7383     4.8558     0.1320    97.8338 1.0000e-12  -73.77588 -112.44464  54.905179      99.87 4.8135e+02    732.439      17580  1029.7034  1029.7017     4.6411     0.0897     0.1248    34.3874    34.3855    8.02665         24 0.0000e+00
    443.000    437.955     0.0879  28.852054     0.0902  28.852399     4.7259     4.8533     0.1403    97.8719 1.0000e-12  -73.77588 -112.44462  54.905191      99.86 4.7864e+02    733.464      17604  1029.7087  1029.7069     4.6428     0.0856     0.1243    34.3884    34.3863    8.02611         25 0.0000e+00
    444.000    438.942     0.0904  28.855111     0.0925  28.855543     4.7246     4.8501     0.1247    97.7003 1.0000e-12  -73.77588 -112.44463  54.905203      99.86 4.7675e+02    734.543      17630  1029.7138  1029.7122     4.6348     0.0983     0.1251    34.3890    34.3872    8.02556         26 0.0000e+00
    445.000    439.930     0.0927  28.858251     0.0950  28.858628     4.7219     4.8549     0.1411    97.7342 1.0000e-12  -73.77588 -112.44463  54.905215      99.87 4.8019e+02    735.600      17655  1029.7191  1029.7174     4.6364     0.0932     0.1238    34.3899    34.3879    8.02501         25 0.0000e+00
    446.000    440.917     0.0955  28.861886     0.0979  28.862306     4.7294     4.8551     0.1420    97.7442 1.0000e-12  -73.77588 -112.44463  54.905227      99.86 4.7603e+02    736.590      17679  1029.7245  1029.7226     4.6368     0.0989     0.1261    34.3911    34.3889    8.02438         23 0.0000e+00
    447.000    441.906     0.0980  28.864742     0.1002  28.865171     4.7254     4.8514     0.1351    97.8036 1.0000e-12  -73.77588 -112.44463  54.905238      99.87 4.7605e+02    737.562      17702  1029.7294  1029.7277     4.6396     0.0889     0.1287    34.3915    34.3896    8.02383         24 0.0000e+00
    448.000    442.892     0.0987  28.866004     0.1008  28.866440     4.7183     4.8445     0.1362    97.8159 1.0000e-12  -73.77588 -112.44463  54.905250      99.87 4.8127e+02    738.570      17727  1029.7344  1029.7327     4.6402     0.0878     0.1249    34.3918    34.3899    8.02367         25 0.0000e+00
    449.000    443.880     0.1013  28.869523     0.1037  28.869950     4.7210     4.8428     0.1373    97.7182 1.0000e-12  -73.77588 -112.44463  54.905262      99.86 4.7647e+02    739.626      17752  1029.7397  1029.7379     4.6356     0.0857     0.1234    34.3928    34.3908    8.02305         25 0.0000e+00
    450.000    444.867     0.1042  28.873089     0.1065  28.873503     4.7271     4.8485     0.2458    97.6806 1.0000e-12  -73.77588 -112.44463  54.905274      99.87 4.7605e+02    740.665      17777  1029.7450  1029.7432     4.6338     0.0890     0.1284    34.3938    34.3917    8.02241         24 0.0000e+00
    451.000    445.856     0.1077  28.877753     0.1102  28.878293     4.7183     4.8500     0.1286    97.8072 1.0000e-12  -73.77588 -112.44463  54.905285      99.86 4.7984e+02    741.658      17801  1029.7507  1029.7489     4.6398     0.0953     0.1240    34.3953    34.3933    8.02157         24 0.0000e+00
    452.000    446.843     0.1092  28.879757     0.1114  28.880064     4.7152     4.8496     0.1513    97.6397 1.0000e-12  -73.77588 -112.44463  54.905297      99.87 4.7767e+02    742.645      17824  1029.7556  1029.7539     4.6319     0.0841     0.1266    34.3957    34.3937    8.02124         24 0.0000e+00
    453.000    447.829     0.1098  28.880989     0.1121  28.881506     4.7178     4.8427     0.1348    97.8520 1.0000e-12  -73.77588 -112.44463  54.905309      99.87 4.7606e+02    743.661      17849  1029.7606  1029.7590     4.6419     0.0830     0.1251    34.3960    34.3941    8.02110         25 0.0000e+00
    454.000    448.819     0.1108  28.882606     0.1128  28.882734     4.7168     4.8411     0.0862    97.8454 1.0000e-12  -73.77588 -112.44463  54.905321      99.87 4.7900e+02    744.690      17874  1029.7656  1029.7639     4.6416     0.0970     0.1259    34.3965    34.3944    8.02086         24 0.0000e+00
    455.000    449.806     0.1119  28.884263     0.1142  28.884724     4.7212     4.8455     0.1151    97.8019 1.0000e-12  -73.77588 -112.44463  54.905332      99.86 4.7668e+02    745.702      17898  1029.7707  1029.7689     4.6396     0.0846     0.1234    34.3969    34.3949    8.02062         24 0.0000e+00
    456.000    450.793     0.1142  28.887190     0.1163  28.887480     4.7180     4.8457     0.0916    97.7356 1.0000e-12  -73.77588 -112.44463  54.905344      99.86 4.7492e+02    746.711      17922  1029.7758  1029.7740     4.6364     0.0848     0.1244    34.3976    34.3955    8.02010         25 0.0000e+00
    457.000    451.779     0.1172  28.891090     0.1193  28.891167     4.7004     4.8432     0.1021    97.7189 1.0000e-12  -73.77588 -112.44463  54.905356      99.86 4.7656e+02    747.724      17946  1029.7812  1029.7792     4.6356     0.0840     0.1255    34.3987    34.3965    8.01940         24 0.0000e+00
    458.000    452.768     0.1219  28.896487     0.1240  28.896827     4.7179     4.8454     0.1012    97.6836 1.0000e-12  -73.77588 -112.44463  54.905367      99.86 4.7730e+02    748.724      17970  1029.7866  1029.7848     4.6340     0.0843     0.1288    34.4000    34.3981    8.01835         24 0.0000e+00
    459.000    453.754     0.1235  28.898742     0.1258  28.899058     4.7246     4.8353     0.1033    97.7733 1.0000e-12  -73.77588 -112.44463  54.905379      99.87 4.7416e+02    749.744      17995  1029.7916  1029.7897     4.6382     0.0920     0.1299    34.4006    34.3985    8.01798         25 0.0000e+00
    460.000    454.742     0.1243  28.899783     0.1262  28.900016     4.7103     4.8390     0.0943    97.7370 1.0000e-12  -73.77588 -112.44463  54.905391      99.87 4.7590e+02    750.786      18020  1029.7963  1029.7946     4.6365     0.0868     0.1302    34.4006    34.3987    8.01783         25 0.0000e+00
    461.000    455.730     0.1243  28.900246     0.1264  28.900600     4.7095     4.8442     0.0736    97.7807 1.0000e-12  -73.77588 -112.44463  54.905403      99.87 4.7633e+02    751.825      18045  1029.8011  1029.7994     4.6386     0.0833     0.1273    34.4005    34.3987    8.01782         25 0.0000e+00
    462.000    456.717     0.1253  28.901985     0.1276  28.902410     4.7195     4.8438     0.0758    97.7664 1.0000e-12  -73.77588 -112.44463  54.905415      99.86 4.7521e+02    752.841      18069  1029.8061  1029.8045     4.6379     0.1081     0.1319    34.4011    34.3991    8.01757         23 0.0000e+00
    463.000    457.706     0.1266  28.903731     0.1288  28.904112     4.7056     4.8452     0.0846    97.7365 1.0000e-12  -73.77588 -112.44463  54.905426      99.87 4.7569e+02    753.833      18093  1029.8110  1029.8093     4.6365     0.0863     0.1280    34.4013    34.3994    8.01729         24 0.0000e+00
    464.000    458.693     0.1275  28.905209     0.1297  28.905601     4.7103     4.8347     0.0855    97.5895 1.0000e-12  -73.77588 -112.44463  54.905438      99.86 4.7697e+02    754.833      18117  1029.8160  1029.8143     4.6295     0.0839     0.1301    34.4017    34.3998    8.01708         25 0.0000e+00
    465.000    459.680     0.1285  28.906615     0.1306  28.906982     4.7136     4.8335     0.0758    97.7358 1.0000e-12  -73.77588 -112.44463  54.905450      99.87 4.7586e+02    755.884      18142  1029.8208  1029.8191     4.6364     0.0904     0.1288    34.4019    34.4000    8.01687         26 0.0000e+00
    466.000    460.667     0.1292  28.907900     0.1315  28.908332     4.7086     4.8395     0.0826    97.7907 1.0000e-12  -73.77588 -112.44463  54.905463      99.87 4.7470e+02    756.965      18168  1029.8257  1029.8240     4.6390     0.1028     0.1283    34.4022    34.4002    8.01671         25 0.0000e+00
    467.000    461.655     0.1307  28.910032     0.1329  28.910391     4.7117     4.8404     0.0721    97.7316 1.0000e-12  -73.77588 -112.44463  54.905475      99.87 4.7623e+02    758.001      18193  1029.8307  1029.8290     4.6362     0.0848     0.1284    34.4027    34.4007    8.01636         24 0.0000e+00
