ocean_section_plots/required_files/ctd/dnbp2202_ctd111.cnv
* Sea-Bird SBE 9 Data File:
* FileName = D:\Data\raw\NBP2202_CTD111.hex
* Software Version Seasave V 7.26.7.121
* Temperature SN = 1649
* Conductivity SN = 2513
* Number of Bytes Per Scan = 40
* Number of Voltage Words = 5
* Number of Scans Averaged by the Deck Unit = 1
* NMEA Latitude = 74 10.52 S
* NMEA Longitude = 113 20.65 W
* NMEA UTC (Time) = Jan 27 2022  07:15:07
* NMEA baud rate = 9600
** Ship: RVIB N.B. Palmer
** Cruise: NBP2202 Thwaites
** Station: YoYo001
** Operator: B. Bjork
# nquan = 25
# nvalues = 608                         
# units = specified
# name 0 = prDM: Pressure, Digiquartz [db]
# name 1 = depSM: Depth [salt water, m]
# name 2 = t090C: Temperature [ITS-90, deg C]
# name 3 = c0mS/cm: Conductivity [mS/cm]
# name 4 = t190C: Temperature, 2 [ITS-90, deg C]
# name 5 = c1mS/cm: Conductivity, 2 [mS/cm]
# name 6 = sbeox0ML/L: Oxygen, SBE 43 [ml/l]
# name 7 = sbeox1ML/L: Oxygen, SBE 43, 2 [ml/l]
# name 8 = flECO-AFL: Fluorescence, WET Labs ECO-AFL/FL [mg/m^3]
# name 9 = CStarTr0: Beam Transmission, WET Labs C-Star [%]
# name 10 = par: PAR/Irradiance, Biospherical/Licor
# name 11 = latitude: Latitude [deg]
# name 12 = longitude: Longitude [deg]
# name 13 = timeJ: Julian Days
# name 14 = altM: Altimeter [m]
# name 15 = spar: SPAR, Biospherical/Licor
# name 16 = timeS: Time, Elapsed [seconds]
# name 17 = scan: Scan Count
# name 18 = density00: Density [density, kg/m^3]
# name 19 = density11: Density, 2 [density, kg/m^3]
# name 20 = sal00: Salinity, Practical [PSU]
# name 21 = sal11: Salinity, Practical, 2 [PSU]
# name 22 = oxsolML/L: Oxygen Saturation, Garcia & Gordon [ml/l]
# name 23 = nbin: number of scans per bin
# name 24 = flag: flag
# span 0 =     10.000,    617.000       
# span 1 =      9.896,    609.702       
# span 2 =    -1.4677,     0.1231       
# span 3 =  26.970739,  28.961252       
# span 4 =    -1.4666,     0.1263       
# span 5 =  26.970510,  28.962393       
# span 6 =     4.6809,     8.4627       
# span 7 =     4.7384,     8.5598       
# span 8 =    -0.0224,    25.7213       
# span 9 =    67.3000,    95.5855       
# span 10 = -8.103e-08, 1.0727e+00      
# span 11 =  -74.17536,  -74.17536      
# span 12 = -113.34426, -113.34424      
# span 13 =  27.302473,  27.309873      
# span 14 =       7.40,     102.18      
# span 15 = 5.8142e+01, 6.4931e+01      
# span 16 =     26.634,    666.005      
# span 17 =        640,      15985      
# span 18 =  1027.2217,  1030.5284      
# span 19 =  1027.2216,  1030.5264      
# span 20 =    33.7890,    34.3911      
# span 21 =    33.7886,    34.3887      
# span 22 =    8.01862,    8.39703      
# span 23 =         16,         48      
# span 24 = 0.0000e+00, 0.0000e+00      
# interval = decibars: 1                
# start_time = Jan 27 2022 07:15:07 [NMEA time, header]
# bad_flag = -9.990e-29
*END*
[from data line 348]
    358.000    353.987    -0.3235  28.347216    -0.3214  28.346670     4.8170     4.8849    -0.0129    95.1870 1.0000e-12  -74.17536 -113.34424  27.306512      99.87 5.9938e+01    375.679       9017  1029.2042  1029.2016    34.2303    34.2272    8.12199         24 0.0000e+00
    359.000    354.977    -0.3210  28.350379    -0.3162  28.352630     4.8205     4.8862    -0.0128    95.2015 1.0000e-12  -74.17536 -113.34424  27.306524      99.86 5.9938e+01    376.657       9041  1029.2095  1029.2073    34.2311    34.2287    8.12140         23 0.0000e+00
    360.000    355.963    -0.3194  28.352409    -0.3163  28.353074     4.8110     4.8806    -0.0118    95.2005 1.0000e-12  -74.17536 -113.34424  27.306535      99.86 5.9938e+01    377.643       9064  1029.2146  1029.2123    34.2314    34.2289    8.12105         23 0.0000e+00
    361.000    356.954    -0.3154  28.356971    -0.3138  28.356188     4.8128     4.8789    -0.0070    95.1942 1.0000e-12  -74.17536 -113.34424  27.306547      99.86 5.9938e+01    378.621       9088  1029.2199  1029.2175    34.2324    34.2296    8.12014         24 0.0000e+00
    362.000    357.939    -0.3131  28.359962    -0.3108  28.359664     4.8139     4.8739    -0.0071    95.1835 1.0000e-12  -74.17536 -113.34424  27.306558      99.87 5.9938e+01    379.611       9112  1029.2252  1029.2227    34.2332    34.2303    8.11960         24 0.0000e+00
    363.000    358.929    -0.3063  28.367605    -0.3049  28.366202     4.8088     4.8728    -0.0132    95.1621 1.0000e-12  -74.17536 -113.34424  27.306569      75.63 5.9938e+01    380.604       9135  1029.2311  1029.2283    34.2352    34.2318    8.11804         24 0.0000e+00
    364.000    359.916    -0.3032  28.371254    -0.3011  28.370810     4.8072     4.8693    -0.0195    95.1590 1.0000e-12  -74.17536 -113.34424  27.306581      93.92 5.9938e+01    381.586       9159  1029.2363  1029.2338    34.2360    34.2331    8.11733         24 0.0000e+00
    365.000    360.904    -0.3012  28.373908    -0.2988  28.373812     4.8119     4.8706    -0.0120    95.1481 1.0000e-12  -74.17536 -113.34424  27.306592      99.77 5.9938e+01    382.567       9183  1029.2415  1029.2392    34.2367    34.2340    8.11687         23 0.0000e+00
    366.000    361.891    -0.2972  28.379202    -0.2963  28.377105     4.8117     4.8652    -0.0123    95.1471 1.0000e-12  -74.17536 -113.34424  27.306604      99.86 5.9938e+01    383.547       9206  1029.2476  1029.2445    34.2386    34.2348    8.11589         24 0.0000e+00
    367.000    362.881    -0.2942  28.382661    -0.2929  28.381415     4.8103     4.8687    -0.0191    95.1534 1.0000e-12  -74.17536 -113.34424  27.306615      99.87 5.9938e+01    384.523       9230  1029.2527  1029.2502    34.2393    34.2362    8.11522         23 0.0000e+00
    368.000    363.867    -0.2903  28.387422    -0.2881  28.386940     4.8030     4.8659    -0.0189    95.1513 1.0000e-12  -74.17536 -113.34424  27.306626      99.86 5.9938e+01    385.504       9253  1029.2584  1029.2558    34.2407    34.2376    8.11431         23 0.0000e+00
    369.000    364.855    -0.2845  28.394555    -0.2828  28.393493     4.7999     4.8607    -0.0203    95.1340 1.0000e-12  -74.17536 -113.34424  27.306638      99.87 5.9938e+01    386.492       9277  1029.2646  1029.2619    34.2431    34.2398    8.11294         24 0.0000e+00
    370.000    365.843    -0.2804  28.399407    -0.2782  28.398923     4.8071     4.8699    -0.0136    95.1470 1.0000e-12  -74.17536 -113.34424  27.306649      99.87 5.9938e+01    387.476       9300  1029.2701  1029.2675    34.2443    34.2413    8.11199         23 0.0000e+00
    371.000    366.832    -0.2794  28.400995    -0.2771  28.400613     4.8176     4.8829    -0.0110    95.1460 1.0000e-12  -74.17536 -113.34424  27.306660      99.86 5.9938e+01    388.462       9324  1029.2752  1029.2726    34.2447    34.2417    8.11176         24 0.0000e+00
    372.000    367.819    -0.2832  28.398554    -0.2800  28.399275     4.8218     4.8841    -0.0132    95.1417 1.0000e-12  -74.17536 -113.34424  27.306672      99.86 5.9938e+01    389.445       9348  1029.2808  1029.2784    34.2452    34.2426    8.11255         24 0.0000e+00
    373.000    368.807    -0.2782  28.406348    -0.2759  28.406117     4.8232     4.8864    -0.0159    95.1470 1.0000e-12  -74.17536 -113.34424  27.306683      99.86 5.9938e+01    390.426       9371  1029.2885  1029.2860    34.2494    34.2465    8.11125         24 0.0000e+00
    374.000    369.795    -0.2791  28.405808    -0.2766  28.405775     4.8241     4.8900    -0.0119    95.1423 1.0000e-12  -74.17536 -113.34424  27.306695      99.86 5.9938e+01    391.409       9395  1029.2931  1029.2906    34.2490    34.2461    8.11145         23 0.0000e+00
    375.000    370.783    -0.2730  28.412894    -0.2715  28.411609     4.8237     4.8844    -0.0117    95.1493 1.0000e-12  -74.17536 -113.34424  27.306706      99.86 5.9938e+01    392.400       9419  1029.2990  1029.2962    34.2510    34.2476    8.11004         24 0.0000e+00
    376.000    371.770    -0.2707  28.415847    -0.2677  28.416308     4.8161     4.8825    -0.0118    95.1636 1.0000e-12  -74.17536 -113.34424  27.306717      98.24 5.9938e+01    393.375       9442  1029.3042  1029.3018    34.2517    34.2490    8.10950         23 0.0000e+00
    377.000    372.759    -0.2687  28.418265    -0.2657  28.418597     4.8162     4.8819    -0.0104    95.1664 1.0000e-12  -74.17536 -113.34424  27.306729      79.50 5.9938e+01    394.350       9465  1029.3092  1029.3066    34.2522    34.2492    8.10907         24 0.0000e+00
    378.000    373.746    -0.2611  28.426204    -0.2584  28.426284     4.8118     4.8768    -0.0169    95.1669 1.0000e-12  -74.17536 -113.34424  27.306740      91.85 5.9938e+01    395.329       9489  1029.3146  1029.3120    34.2537    34.2507    8.10737         23 0.0000e+00
    379.000    374.734    -0.2567  28.431723    -0.2544  28.431325     4.8169     4.8727    -0.0144    95.1760 1.0000e-12  -74.17536 -113.34424  27.306751      99.93 5.9938e+01    396.300       9512  1029.3205  1029.3178    34.2555    34.2523    8.10633         23 0.0000e+00
    380.000    375.722    -0.2550  28.434477    -0.2528  28.434060     4.8212     4.8730    -0.0113    95.1761 1.0000e-12  -74.17536 -113.34424  27.306762      99.87 5.9938e+01    397.275       9536  1029.3261  1029.3235    34.2566    34.2535    8.10590         24 0.0000e+00
    381.000    376.710    -0.2551  28.435129    -0.2527  28.434961     4.8170     4.8770    -0.0134    95.1860 1.0000e-12  -74.17536 -113.34424  27.306774      99.87 5.9938e+01    398.252       9559  1029.3312  1029.3287    34.2569    34.2541    8.10589         23 0.0000e+00
    382.000    377.697    -0.2531  28.438496    -0.2510  28.437996     4.8159     4.8799    -0.0126    95.1900 1.0000e-12  -74.17536 -113.34424  27.306785      99.86 5.9938e+01    399.229       9583  1029.3372  1029.3347    34.2586    34.2556    8.10538         24 0.0000e+00
    383.000    378.686    -0.2532  28.438891    -0.2512  28.438580     4.8201     4.8814    -0.0150    95.1893 1.0000e-12  -74.17536 -113.34424  27.306796      99.87 5.9938e+01    400.209       9606  1029.3420  1029.3398    34.2586    34.2561    8.10539         23 0.0000e+00
    384.000    379.673    -0.2539  28.439114    -0.2514  28.438866     4.8240     4.8818    -0.0184    95.1879 1.0000e-12  -74.17536 -113.34424  27.306808      99.86 5.9938e+01    401.201       9630  1029.3473  1029.3447    34.2592    34.2561    8.10552         24 0.0000e+00
    385.000    380.661    -0.2536  28.439922    -0.2513  28.439777     4.8252     4.8886    -0.0107    95.2073 1.0000e-12  -74.17536 -113.34424  27.306819      99.86 5.9938e+01    402.191       9654  1029.3522  1029.3498    34.2593    34.2566    8.10545         24 0.0000e+00
    386.000    381.649    -0.2538  28.440727    -0.2516  28.440346     4.8199     4.8847    -0.0118    95.2095 1.0000e-12  -74.17536 -113.34424  27.306831      99.86 5.9938e+01    403.168       9677  1029.3575  1029.3550    34.2600    34.2570    8.10545         23 0.0000e+00
    387.000    382.635    -0.2538  28.441219    -0.2515  28.440854     4.8200     4.8817    -0.0132    95.2104 1.0000e-12  -74.17536 -113.34424  27.306842      99.86 5.9938e+01    404.150       9701  1029.3624  1029.3598    34.2601    34.2570    8.10545         24 0.0000e+00
    388.000    383.624    -0.2536  28.441641    -0.2516  28.441342     4.8201     4.8850    -0.0109    95.2050 1.0000e-12  -74.17536 -113.34424  27.306853      99.87 5.9938e+01    405.122       9724  1029.3669  1029.3646    34.2598    34.2571    8.10542         23 0.0000e+00
    389.000    384.612    -0.2534  28.442253    -0.2512  28.441875     4.8252     4.8924    -0.0153    95.2008 1.0000e-12  -74.17536 -113.34424  27.306864      99.86 5.9938e+01    406.092       9747  1029.3716  1029.3692    34.2598    34.2569    8.10538         24 0.0000e+00
    390.000    385.598    -0.2537  28.442692    -0.2522  28.441974     4.8321     4.8963    -0.0195    95.2018 1.0000e-12  -74.17536 -113.34424  27.306876      90.41 5.9938e+01    407.070       9771  1029.3767  1029.3745    34.2601    34.2575    8.10542         24 0.0000e+00
    391.000    386.591    -0.2569  28.441631    -0.2549  28.441176     4.8333     4.8958    -0.0151    95.2234 1.0000e-12  -74.17536 -113.34424  27.306887      90.00 5.9938e+01    408.050       9794  1029.3829  1029.3806    34.2616    34.2589    8.10601         22 0.0000e+00
    392.000    387.576    -0.2568  28.442638    -0.2548  28.441998     4.8345     4.8953    -0.0129    95.2016 1.0000e-12  -74.17536 -113.34424  27.306899      99.90 5.9938e+01    409.031       9818  1029.3882  1029.3856    34.2623    34.2592    8.10595         24 0.0000e+00
    393.000    388.562    -0.2566  28.443321    -0.2544  28.443163     4.8417     4.9058    -0.0193    95.1986 1.0000e-12  -74.17536 -113.34424  27.306910      99.86 5.9938e+01    410.016       9841  1029.3931  1029.3908    34.2624    34.2597    8.10591         24 0.0000e+00
    394.000    389.553    -0.2547  28.446764    -0.2527  28.446070     4.8450     4.9066    -0.0179    95.2184 1.0000e-12  -74.17536 -113.34424  27.306921      99.86 5.9938e+01    410.997       9865  1029.3991  1029.3965    34.2642    34.2611    8.10539         23 0.0000e+00
    395.000    390.538    -0.2543  28.448118    -0.2520  28.447974     4.8425     4.9034    -0.0117    95.2094 1.0000e-12  -74.17536 -113.34424  27.306932      99.87 5.9938e+01    411.969       9888  1029.4044  1029.4021    34.2650    34.2623    8.10527         24 0.0000e+00
    396.000    391.527    -0.2544  28.448807    -0.2523  28.448407     4.8450     4.9071    -0.0046    95.2106 1.0000e-12  -74.17536 -113.34424  27.306944      99.86 5.9938e+01    412.953       9912  1029.4095  1029.4071    34.2655    34.2626    8.10527         23 0.0000e+00
    397.000    392.515    -0.2534  28.450348    -0.2514  28.450045     4.8460     4.9100    -0.0101    95.2147 1.0000e-12  -74.17536 -113.34424  27.306955      99.87 5.9938e+01    413.932       9935  1029.4145  1029.4122    34.2658    34.2631    8.10504         24 0.0000e+00
    398.000    393.502    -0.2527  28.451991    -0.2504  28.451761     4.8480     4.9126    -0.0147    95.2229 1.0000e-12  -74.17536 -113.34424  27.306967      99.86 5.9938e+01    414.909       9959  1029.4198  1029.4174    34.2666    34.2638    8.10484         23 0.0000e+00
    399.000    394.490    -0.2515  28.453901    -0.2495  28.453649     4.8422     4.9089    -0.0192    95.2320 1.0000e-12  -74.17536 -113.34424  27.306978      99.86 5.9938e+01    415.884       9982  1029.4249  1029.4227    34.2672    34.2646    8.10455         23 0.0000e+00
    400.000    395.478    -0.2511  28.454823    -0.2491  28.454483     4.8423     4.9052    -0.0129    95.2362 1.0000e-12  -74.17536 -113.34424  27.306989      99.86 5.9938e+01    416.860      10006  1029.4298  1029.4275    34.2673    34.2646    8.10445         24 0.0000e+00
    401.000    396.465    -0.2503  28.456231    -0.2481  28.456165     4.8464     4.9074    -0.0080    95.2103 1.0000e-12  -74.17536 -113.34424  27.307000      99.86 5.9938e+01    417.845      10029  1029.4348  1029.4325    34.2678    34.2651    8.10427         23 0.0000e+00
    402.000    397.453    -0.2485  28.458987    -0.2464  28.458570     4.8494     4.9125    -0.0182    95.2462 1.0000e-12  -74.17536 -113.34424  27.307012      99.86 5.9938e+01    418.822      10053  1029.4402  1029.4377    34.2688    34.2659    8.10382         24 0.0000e+00
    403.000    398.442    -0.2480  28.460235    -0.2457  28.460271     4.8403     4.9066    -0.0169    95.2501 1.0000e-12  -74.17536 -113.34424  27.307023      99.11 5.9938e+01    419.806      10076  1029.4453  1029.4431    34.2693    34.2667    8.10368         24 0.0000e+00
    404.000    399.428    -0.2469  28.461957    -0.2442  28.462314     4.8332     4.8987    -0.0037    95.2631 1.0000e-12  -74.17536 -113.34424  27.307035      99.04 5.9938e+01    420.783      10100  1029.4504  1029.4481    34.2697    34.2672    8.10342         23 0.0000e+00
    405.000    400.416    -0.2317  28.478991    -0.2274  28.480218     4.8278     4.8941    -0.0110    95.2598 1.0000e-12  -74.17536 -113.34424  27.307046      99.75 5.9938e+01    421.761      10123  1029.4579  1029.4550    34.2748    34.2716    8.09991         24 0.0000e+00
    406.000    401.405    -0.2227  28.488194    -0.2195  28.488789     4.8274     4.8852    -0.0128    95.2532 1.0000e-12  -74.17536 -113.34424  27.307057      99.86 5.9938e+01    422.742      10147  1029.4631  1029.4606    34.2763    34.2735    8.09790         23 0.0000e+00
    407.000    402.390    -0.2184  28.492783    -0.2151  28.493524     4.8188     4.8799    -0.0105    95.2577 1.0000e-12  -74.17536 -113.34424  27.307069      99.86 5.9938e+01    423.726      10170  1029.4681  1029.4658    34.2770    34.2744    8.09695         23 0.0000e+00
    408.000    403.380    -0.2187  28.493068    -0.2150  28.494301     4.8083     4.8707    -0.0121    95.2411 1.0000e-12  -74.17536 -113.34424  27.307080      99.86 5.9938e+01    424.710      10194  1029.4730  1029.4708    34.2771    34.2746    8.09701         25 0.0000e+00
    409.000    404.367    -0.2092  28.503240    -0.2056  28.504026     4.8014     4.8652    -0.0121    95.2497 1.0000e-12  -74.17536 -113.34424  27.307091      99.86 5.9938e+01    425.695      10218  1029.4789  1029.4762    34.2794    34.2764    8.09487         23 0.0000e+00
    410.000    405.355    -0.2006  28.512117    -0.1986  28.511536     4.7989     4.8684    -0.0080    95.2746 1.0000e-12  -74.17536 -113.34424  27.307103      99.86 5.9938e+01    426.675      10241  1029.4842  1029.4817    34.2810    34.2779    8.09295         23 0.0000e+00
    411.000    406.343    -0.1994  28.513564    -0.1975  28.513068     4.7962     4.8617    -0.0040    95.2759 1.0000e-12  -74.17536 -113.34424  27.307114      99.86 5.9938e+01    427.650      10265  1029.4890  1029.4867    34.2810    34.2782    8.09271         24 0.0000e+00
    412.000    407.330    -0.1990  28.514396    -0.1968  28.514231     4.7935     4.8545    -0.0103    95.2780 1.0000e-12  -74.17536 -113.34424  27.307125      99.86 5.9938e+01    428.630      10288  1029.4938  1029.4916    34.2810    34.2784    8.09261         24 0.0000e+00
    413.000    408.318    -0.1979  28.516264    -0.1949  28.516594     4.7941     4.8628    -0.0099    95.2734 1.0000e-12  -74.17536 -113.34424  27.307137      99.86 5.9938e+01    429.607      10312  1029.4991  1029.4965    34.2817    34.2788    8.09234         23 0.0000e+00
    414.000    409.306    -0.1960  28.518398    -0.1935  28.518489     4.7948     4.8605    -0.0185    95.2464 1.0000e-12  -74.17536 -113.34424  27.307148      99.87 5.9938e+01    430.584      10335  1029.5038  1029.5015    34.2818    34.2792    8.09193         23 0.0000e+00
