ocean_section_plots/required_files/ctd/dnbp2202_ctd058.cnv
* Sea-Bird SBE 9 Data File:
* FileName = D:\Data\raw\NBP2202_CTD058.hex
* Software Version Seasave V 7.26.7.121
* Temperature SN = 1649
* Conductivity SN = 2513
* Number of Bytes Per Scan = 40
* Number of Voltage Words = 5
* Number of Scans Averaged by the Deck Unit = 1
* NMEA Latitude = 74 10.82 S
* NMEA Longitude = 111 42.87 W
* NMEA UTC (Time) = Jan 25 2022  07:45:47
* NMEA baud rate = 9600
** Ship: RVIB N.B. Palmer
** Cruise: NBP2202 Thwaites
** Station: Section Dotson C
** Operator: B.Bjork
# nquan = 25
# nvalues = 262                         
# units = specified
# name 0 = prDM: Pressure, Digiquartz [db]
# name 1 = depSM: Depth [salt water, m]
# name 2 = t090C: Temperature [ITS-90, deg C]
# name 3 = c0mS/cm: Conductivity [mS/cm]
# name 4 = t190C: Temperature, 2 [ITS-90, deg C]
# name 5 = c1mS/cm: Conductivity, 2 [mS/cm]
# name 6 = sbeox0ML/L: Oxygen, SBE 43 [ml/l]
# name 7 = sbeox1ML/L: Oxygen, SBE 43, 2 [ml/l]
# name 8 = flECO-AFL: Fluorescence, WET Labs ECO-AFL/FL [mg/m^3]
# name 9 = CStarTr0: Beam Transmission, WET Labs C-Star [%]
# name 10 = par: PAR/Irradiance, Biospherical/Licor
# name 11 = latitude: Latitude [deg]
# name 12 = longitude: Longitude [deg]
# name 13 = timeJ: Julian Days
# name 14 = altM: Altimeter [m]
# name 15 = spar: SPAR, Biospherical/Licor
# name 16 = timeS: Time, Elapsed [seconds]
# name 17 = scan: Scan Count
# name 18 = density00: Density [density, kg/m^3]
# name 19 = density11: Density, 2 [density, kg/m^3]
# name 20 = sal00: Salinity, Practical [PSU]
# name 21 = sal11: Salinity, Practical, 2 [PSU]
# name 22 = oxsolML/L: Oxygen Saturation, Garcia & Gordon [ml/l]
# name 23 = nbin: number of scans per bin
# name 24 = flag: flag
# span 0 =      2.000,    263.000       
# span 1 =      1.980,    260.109       
# span 2 =    -1.3892,    -1.0328       
# span 3 =  27.135526,  27.297944       
# span 4 =    -1.3896,    -0.9788       
# span 5 =  27.135705,  27.309074       
# span 6 =     6.1092,     7.9146       
# span 7 =     6.4206,     8.3157       
# span 8 =     0.0395,    16.2836       
# span 9 =    76.3762,    96.6652       
# span 10 = 1.0000e-12, 2.6117e+01      
# span 11 =  -74.18042,  -74.18042      
# span 12 = -111.71452, -111.71448      
# span 13 =  25.325914,  25.331324      
# span 14 =       7.52,      99.81      
# span 15 = 5.6318e+01, 6.5227e+01      
# span 16 =    211.938,    679.439      
# span 17 =       5088,      16308      
# span 18 =  1027.1752,  1028.6571      
# span 19 =  1027.1797,  1028.6562      
# span 20 =    33.7713,    34.0508      
# span 21 =    33.7774,    34.0492      
# span 22 =    8.30245,    8.37159      
# span 23 =         13,         52      
# span 24 = 0.0000e+00, 0.0000e+00      
# interval = decibars: 1                
# start_time = Jan 25 2022 07:45:47 [NMEA time, header]
# bad_flag = -9.990e-29
*END*
[from data line 58]
     60.000     59.370    -1.1820  27.172322    -1.1842  27.172220     7.7231     8.1443    13.4675    77.3055 1.0000e-12  -74.18042 -111.71452  25.327277      99.53 6.1701e+01    329.725       7914  1027.4679  1027.4699    33.7906    33.7929    8.33476         44 0.0000e+00
     61.000     60.361    -1.1823  27.172744    -1.1844  27.172531     7.7204     8.1429    12.4803    76.9974 1.0000e-12  -74.18042 -111.71452  25.327300      99.38 6.1701e+01    331.747       7963  1027.4730  1027.4747    33.7908    33.7929    8.33481         41 0.0000e+00
     62.000     61.349    -1.1824  27.173070    -1.1845  27.172826     7.7116     8.1467    14.4089    77.8967 1.0000e-12  -74.18042 -111.71452  25.327324      99.56 6.1701e+01    333.816       8013  1027.4777  1027.4794    33.7908    33.7928    8.33484         52 0.0000e+00
     63.000     62.339    -1.1826  27.173701    -1.1845  27.173491     7.6963     8.1435    13.5098    77.6696 1.0000e-12  -74.18042 -111.71452  25.327349      99.45 6.1701e+01    335.919       8063  1027.4828  1027.4845    33.7912    33.7931    8.33484         36 0.0000e+00
     64.000     63.328    -1.1827  27.174185    -1.1846  27.173951     7.6998     8.1407    14.0184    78.2275 1.0000e-12  -74.18042 -111.71452  25.327372      99.42 6.1701e+01    337.941       8112  1027.4878  1027.4894    33.7914    33.7932    8.33486         42 0.0000e+00
     65.000     64.317    -1.1827  27.174710    -1.1845  27.174450     7.7133     8.1380    14.3767    77.9275 1.0000e-12  -74.18042 -111.71452  25.327395      96.02 6.1701e+01    339.937       8159  1027.4926  1027.4942    33.7914    33.7932    8.33485         38 0.0000e+00
     66.000     65.307    -1.1825  27.175266    -1.1844  27.175042     7.7164     8.1452    14.8594    78.8034 1.0000e-12  -74.18042 -111.71452  25.327419      97.45 6.1701e+01    341.972       8208  1027.4974  1027.4990    33.7914    33.7933    8.33482         44 0.0000e+00
     67.000     66.296    -1.1824  27.175827    -1.1844  27.175472     7.7159     8.1418    14.0598    76.8577 1.0000e-12  -74.18042 -111.71452  25.327442      99.56 6.1701e+01    343.997       8257  1027.5023  1027.5037    33.7915    33.7932    8.33480         41 0.0000e+00
     68.000     67.285    -1.1822  27.176493    -1.1841  27.176212     7.7108     8.1388    15.0105    78.5022 1.0000e-12  -74.18042 -111.71452  25.327465      99.39 6.1701e+01    346.009       8305  1027.5071  1027.5086    33.7915    33.7933    8.33475         39 0.0000e+00
     69.000     68.274    -1.1818  27.177858    -1.1835  27.177668     7.7061     8.1311    15.1567    78.2177 1.0000e-12  -74.18042 -111.71452  25.327489      99.37 6.1701e+01    348.083       8355  1027.5124  1027.5139    33.7923    33.7939    8.33460         35 0.0000e+00
     70.000     69.264    -1.1810  27.179520    -1.1828  27.179261     7.7002     8.1308    16.2836    78.1936 1.0000e-12  -74.18042 -111.71452  25.327513      99.45 6.1701e+01    350.165       8405  1027.5178  1027.5192    33.7930    33.7947    8.33439         40 0.0000e+00
     71.000     70.252    -1.1810  27.180011    -1.1829  27.179628     7.6954     8.1277    14.2227    78.3122 1.0000e-12  -74.18042 -111.71452  25.327537      99.46 6.1701e+01    352.224       8454  1027.5227  1027.5241    33.7931    33.7948    8.33439         39 0.0000e+00
     72.000     71.244    -1.1805  27.181038    -1.1824  27.180625     7.6959     8.1235    15.3264    78.3932 1.0000e-12  -74.18042 -111.71450  25.327561      99.31 6.1701e+01    354.292       8504  1027.5277  1027.5290    33.7934    33.7949    8.33427         36 0.0000e+00
     73.000     72.232    -1.1805  27.181669    -1.1820  27.181529     7.7038     8.1288    12.6865    78.5731 1.0000e-12  -74.18042 -111.71450  25.327585      99.46 6.1701e+01    356.298       8552  1027.5327  1027.5339    33.7936    33.7951    8.33425         37 0.0000e+00
     74.000     73.221    -1.1804  27.182285    -1.1817  27.182251     7.7204     8.1399    13.2846    79.1026 1.0000e-12  -74.18042 -111.71450  25.327607      99.44 6.1701e+01    358.259       8599  1027.5376  1027.5388    33.7937    33.7951    8.33422         41 0.0000e+00
     75.000     74.210    -1.1690  27.194053    -1.1692  27.194563     7.7274     8.1529    13.9662    79.0752 1.0000e-12  -74.18042 -111.71450  25.327630      99.49 6.1701e+01    360.243       8647  1027.5438  1027.5445    33.7963    33.7972    8.33152         41 0.0000e+00
     76.000     75.200    -1.1635  27.199653    -1.1648  27.199464     7.7297     8.1556    14.4254    78.3352 1.0000e-12  -74.18042 -111.71450  25.327654      99.41 6.2005e+01    362.298       8696  1027.5490  1027.5500    33.7971    33.7983    8.33025         40 0.0000e+00
     77.000     76.189    -1.1602  27.203264    -1.1620  27.202709     7.7289     8.1582    14.7794    78.0114 1.0000e-12  -74.18042 -111.71450  25.327677      99.36 6.2029e+01    364.306       8744  1027.5542  1027.5553    33.7978    33.7990    8.32949         43 0.0000e+00
     78.000     77.177    -1.1569  27.207279    -1.1600  27.205218     7.7218     8.1470    14.2529    78.9931 1.0000e-12  -74.18042 -111.71450  25.327696      99.38 6.2451e+01    365.965       8784  1027.5598  1027.5604    33.7988    33.7995    8.32867         33 0.0000e+00
     79.000     78.168    -1.1536  27.211168    -1.1562  27.209794     7.6840     8.1199    12.9733    78.2544 1.0000e-12  -74.18042 -111.71450  25.327712      93.07 6.2663e+01    367.335       8817  1027.5652  1027.5662    33.7998    33.8009    8.32788         33 0.0000e+00
     80.000     79.156    -1.1705  27.198635    -1.1727  27.198155     7.6680     8.0999    13.1868    77.6555 1.0000e-12  -74.18042 -111.71450  25.327728      98.99 6.2398e+01    368.696       8850  1027.5722  1027.5738    33.8011    33.8030    8.33157         33 0.0000e+00
     81.000     80.146    -1.1709  27.198862    -1.1718  27.199121     7.6679     8.0828    13.3739    78.5523 1.0000e-12  -74.18042 -111.71450  25.327744      99.40 6.3246e+01    370.067       8883  1027.5771  1027.5782    33.8013    33.8026    8.33165         32 0.0000e+00
     82.000     81.136    -1.1721  27.198161    -1.1731  27.198625     7.6478     8.0633    12.5011    78.9713 1.0000e-12  -74.18042 -111.71450  25.327760      99.46 6.2551e+01    371.427       8915  1027.5819  1027.5832    33.8011    33.8028    8.33194         33 0.0000e+00
     83.000     82.124    -1.1778  27.194550    -1.1810  27.193505     7.6283     8.0512    12.9255    77.3753 1.0000e-12  -74.18042 -111.71450  25.327775      99.54 6.3036e+01    372.789       8948  1027.5877  1027.5896    33.8020    33.8041    8.33316         33 0.0000e+00
     84.000     83.113    -1.1820  27.191768    -1.1842  27.191277     7.6218     8.0475    13.3454    78.7687 1.0000e-12  -74.18042 -111.71450  25.327791      99.41 6.2876e+01    374.142       8980  1027.5929  1027.5945    33.8022    33.8040    8.33407         30 0.0000e+00
     85.000     84.102    -1.1833  27.192456    -1.1846  27.192063     7.6216     8.0366    13.9644    78.8003 1.0000e-12  -74.18042 -111.71450  25.327806      99.35 6.2308e+01    375.476       9012  1027.5992  1027.6000    33.8040    33.8049    8.33425         32 0.0000e+00
     86.000     85.093    -1.1834  27.194031    -1.1845  27.193938     7.6186     8.0473    13.7793    78.2043 1.0000e-12  -74.18042 -111.71450  25.327821      99.36 6.3643e+01    376.773       9044  1027.6053  1027.6062    33.8056    33.8068    8.33417         30 0.0000e+00
     87.000     86.081    -1.1834  27.195004    -1.1840  27.195241     7.6230     8.0398    14.2494    78.4797 1.0000e-12  -74.18042 -111.71450  25.327836      99.36 6.2826e+01    378.062       9074  1027.6106  1027.6114    33.8063    33.8074    8.33413         31 0.0000e+00
     88.000     87.071    -1.1811  27.197124    -1.1819  27.197389     7.6058     8.0177    13.4897    79.2243 1.0000e-12  -74.18042 -111.71450  25.327851      99.34 6.2093e+01    379.344       9105  1027.6150  1027.6160    33.8060    33.8073    8.33364         31 0.0000e+00
     89.000     88.059    -1.1829  27.196196    -1.1863  27.194629     7.5602     7.9789    12.5795    78.3102 1.0000e-12  -74.18042 -111.71450  25.327866      99.44 6.3859e+01    380.623       9136  1027.6200  1027.6216    33.8062    33.8079    8.33403         31 0.0000e+00
     90.000     89.050    -1.1933  27.188920    -1.1952  27.188343     7.5107     7.9460    12.5635    78.9728 1.0000e-12  -74.18042 -111.71450  25.327881      99.49 6.2995e+01    381.894       9166  1027.6263  1027.6276    33.8073    33.8088    8.33628         30 0.0000e+00
     91.000     90.038    -1.2000  27.186398    -1.2005  27.186489     7.4759     7.9082    13.0957    78.9199 1.0000e-12  -74.18042 -111.71450  25.327895      99.36 6.1868e+01    383.157       9197  1027.6343  1027.6349    33.8108    33.8115    8.33757         30 0.0000e+00
     92.000     91.028    -1.2028  27.185753    -1.2040  27.185586     7.4582     7.8865    10.9622    78.9576 1.0000e-12  -74.18042 -111.71450  25.327910      99.40 6.3482e+01    384.410       9227  1027.6406  1027.6415    33.8125    33.8136    8.33810         30 0.0000e+00
     93.000     92.017    -1.2060  27.185303    -1.2072  27.185082     7.4715     7.8804    12.2990    79.6439 1.0000e-12  -74.18042 -111.71450  25.327924      99.34 6.2437e+01    385.671       9257  1027.6474  1027.6483    33.8148    33.8159    8.33867         31 0.0000e+00
     94.000     93.006    -1.2064  27.185801    -1.2078  27.185423     7.4648     7.8731    12.3048    79.8744 1.0000e-12  -74.18042 -111.71451  25.327939      99.34 6.2125e+01    386.922       9287  1027.6525  1027.6535    33.8153    33.8165    8.33873         29 0.0000e+00
     95.000     93.995    -1.2069  27.186153    -1.2083  27.185728     7.4569     7.8674    11.2304    80.5756 1.0000e-12  -74.18042 -111.71452  25.327953      99.38 6.3532e+01    388.154       9317  1027.6577  1027.6585    33.8158    33.8168    8.33882         30 0.0000e+00
     96.000     94.985    -1.2081  27.186049    -1.2097  27.185702     7.4541     7.8700    11.8281    79.9830 1.0000e-12  -74.18042 -111.71452  25.327967      99.33 6.3219e+01    389.382       9346  1027.6630  1027.6641    33.8164    33.8177    8.33905         29 0.0000e+00
     97.000     95.972    -1.2089  27.186223    -1.2101  27.186063     7.4648     7.8758    12.2003    79.5386 1.0000e-12  -74.18042 -111.71452  25.327981      99.33 6.2528e+01    390.596       9375  1027.6682  1027.6691    33.8169    33.8180    8.33920         30 0.0000e+00
     98.000     96.964    -1.2051  27.189878    -1.2070  27.189158     7.4707     7.8772    13.1524    79.4791 1.0000e-12  -74.18042 -111.71452  25.327996      99.34 6.3597e+01    391.821       9405  1027.6728  1027.6737    33.8170    33.8181    8.33835         28 0.0000e+00
     99.000     97.951    -1.2059  27.189754    -1.2076  27.189191     7.4717     7.8809    13.8375    80.0323 1.0000e-12  -74.18042 -111.71452  25.328010      55.15 6.2910e+01    393.040       9434  1027.6776  1027.6787    33.8171    33.8183    8.33851         28 0.0000e+00
    100.000     98.940    -1.2056  27.190520    -1.2067  27.190335     7.4695     7.8865    11.5184    80.2224 1.0000e-12  -74.18042 -111.71452  25.328024      99.10 6.2759e+01    394.271       9463  1027.6825  1027.6833    33.8172    33.8182    8.33844         30 0.0000e+00
    101.000     99.933    -1.2048  27.191583    -1.2061  27.191313     7.4767     7.8827    13.1498    80.2830 1.0000e-12  -74.18042 -111.71452  25.328038      99.37 6.3185e+01    395.454       9492  1027.6872  1027.6881    33.8171    33.8183    8.33827         26 0.0000e+00
    102.000    100.919    -1.2050  27.192028    -1.2061  27.191785     7.4803     7.8912    11.6251    79.4690 1.0000e-12  -74.18042 -111.71452  25.328051      99.35 6.3161e+01    396.650       9521  1027.6921  1027.6929    33.8173    33.8182    8.33830         29 0.0000e+00
    103.000    101.909    -1.2044  27.192980    -1.2056  27.192618     7.4946     7.9011    11.6163    80.4848 1.0000e-12  -74.18042 -111.71452  25.328066      99.34 6.3100e+01    397.868       9550  1027.6969  1027.6977    33.8173    33.8182    8.33816         29 0.0000e+00
    104.000    102.897    -1.2024  27.195373    -1.2033  27.195242     7.5112     7.9062    12.7718    80.8751 1.0000e-12  -74.18042 -111.71452  25.328080      99.33 6.2676e+01    399.078       9579  1027.7019  1027.7026    33.8177    33.8186    8.33770         29 0.0000e+00
    105.000    103.887    -1.1997  27.198455    -1.2003  27.198822     7.5065     7.9128    12.1019    80.7511 1.0000e-12  -74.18042 -111.71452  25.328093      99.32 6.2583e+01    400.264       9607  1027.7070  1027.7079    33.8183    33.8194    8.33706         28 0.0000e+00
    106.000    104.876    -1.1982  27.200740    -1.1989  27.200759     7.5030     7.9061    11.8045    80.1173 1.0000e-12  -74.18042 -111.71452  25.328107      99.33 6.3164e+01    401.467       9636  1027.7123  1027.7131    33.8191    33.8200    8.33667         30 0.0000e+00
    107.000    105.865    -1.1970  27.202451    -1.1983  27.202202     7.4694     7.8690    12.1313    80.0511 1.0000e-12  -74.18042 -111.71452  25.328121      99.36 6.2338e+01    402.677       9665  1027.7174  1027.7184    33.8195    33.8206    8.33640         28 0.0000e+00
    108.000    106.853    -1.1986  27.203367    -1.1999  27.202987     7.4002     7.8049    11.9969    79.1475 1.0000e-12  -74.18042 -111.71452  25.328135      99.35 6.2979e+01    403.877       9694  1027.7242  1027.7251    33.8219    33.8229    8.33660         29 0.0000e+00
    109.000    107.844    -1.2062  27.200598    -1.2080  27.200185     7.3359     7.7470    11.0186    79.9722 1.0000e-12  -74.18042 -111.71452  25.328149      99.34 6.3587e+01    405.057       9722  1027.7330  1027.7342    33.8261    33.8275    8.33806         28 0.0000e+00
    110.000    108.833    -1.2190  27.195109    -1.2204  27.194779     7.3109     7.7182    11.2116    79.8619 1.0000e-12  -74.18042 -111.71452  25.328162      93.74 6.1852e+01    406.213       9750  1027.7437  1027.7446    33.8324    33.8335    8.34053         28 0.0000e+00
    111.000    109.821    -1.2219  27.194149    -1.2233  27.193724     7.2983     7.6988    12.1901    79.9637 1.0000e-12  -74.18042 -111.71452  25.328176      99.06 6.3444e+01    407.402       9779  1027.7496  1027.7505    33.8337    33.8347    8.34110         29 0.0000e+00
    112.000    110.811    -1.2252  27.192828    -1.2263  27.192639     7.2743     7.6746    10.9698    78.8366 1.0000e-12  -74.18042 -111.71452  25.328190      99.34 6.3344e+01    408.608       9808  1027.7556  1027.7564    33.8350    33.8360    8.34176         29 0.0000e+00
    113.000    111.800    -1.2274  27.192243    -1.2287  27.191811     7.2278     7.6383    11.5597    79.5100 1.0000e-12  -74.18042 -111.71452  25.328204      99.36 6.2146e+01    409.814       9837  1027.7613  1027.7621    33.8361    33.8370    8.34219         29 0.0000e+00
    114.000    112.789    -1.2320  27.190435    -1.2331  27.190154     7.1656     7.5756    10.9168    80.2299 1.0000e-12  -74.18042 -111.71452  25.328218      99.37 6.2829e+01    411.012       9865  1027.7680  1027.7688    33.8381    33.8390    8.34309         28 0.0000e+00
    115.000    113.779    -1.2409  27.186562    -1.2421  27.186301     7.0804     7.4916    10.2818    80.7407 1.0000e-12  -74.18042 -111.71452  25.328231      99.34 6.3403e+01    412.191       9894  1027.7767  1027.7776    33.8423    33.8434    8.34483         28 0.0000e+00
    116.000    114.767    -1.2491  27.183056    -1.2504  27.182852     6.9883     7.4020     9.8308    80.8543 1.0000e-12  -74.18042 -111.71452  25.328245      99.36 6.2182e+01    413.380       9922  1027.7850  1027.7860    33.8462    33.8474    8.34644         29 0.0000e+00
