ocean_section_plots/required_files/ctd/dnbp2202_ctd072.cnv
* Sea-Bird SBE 9 Data File:
* FileName = D:\Data\raw\NBP2202_CTD072.hex
* Software Version Seasave V 7.26.7.121
* Temperature SN = 1649
* Conductivity SN = 2513
* Number of Bytes Per Scan = 40
* Number of Voltage Words = 5
* Number of Scans Averaged by the Deck Unit = 1
* NMEA Latitude = 73 59.88 S
* NMEA Longitude = 112 22.65 W
* NMEA UTC (Time) = Jan 26 2022  06:38:14
* NMEA baud rate = 9600
** Ship: RVIB N.B. Palmer
** Cruise: NBP2202 Thwaites
** Station: 53
** Operator: B Bjork
# nquan = 25
# nvalues = 791                         
# units = specified
# name 0 = prDM: Pressure, Digiquartz [db]
# name 1 = depSM: Depth [salt water, m]
# name 2 = t090C: Temperature [ITS-90, deg C]
# name 3 = c0mS/cm: Conductivity [mS/cm]
# name 4 = t190C: Temperature, 2 [ITS-90, deg C]
# name 5 = c1mS/cm: Conductivity, 2 [mS/cm]
# name 6 = sbeox0ML/L: Oxygen, SBE 43 [ml/l]
# name 7 = sbeox1ML/L: Oxygen, SBE 43, 2 [ml/l]
# name 8 = flECO-AFL: Fluorescence, WET Labs ECO-AFL/FL [mg/m^3]
# name 9 = CStarTr0: Beam Transmission, WET Labs C-Star [%]
# name 10 = par: PAR/Irradiance, Biospherical/Licor
# name 11 = latitude: Latitude [deg]
# name 12 = longitude: Longitude [deg]
# name 13 = timeJ: Julian Days
# name 14 = altM: Altimeter [m]
# name 15 = spar: SPAR, Biospherical/Licor
# name 16 = timeS: Time, Elapsed [seconds]
# name 17 = scan: Scan Count
# name 18 = density00: Density [density, kg/m^3]
# name 19 = density11: Density, 2 [density, kg/m^3]
# name 20 = sal00: Salinity, Practical [PSU]
# name 21 = sal11: Salinity, Practical, 2 [PSU]
# name 22 = oxsolML/L: Oxygen Saturation, Garcia & Gordon [ml/l]
# name 23 = nbin: number of scans per bin
# name 24 = flag: flag
# span 0 =      3.000,    793.000       
# span 1 =      2.971,    783.301       
# span 2 =    -1.4912,     0.5121       
# span 3 =  27.081671,  29.492183       
# span 4 =    -1.4920,     0.5140       
# span 5 =  27.081674,  29.491711       
# span 6 =     4.6369,     9.0857       
# span 7 =     4.7459,     9.3927       
# span 8 =    -0.0173,    28.8335       
# span 9 =    66.2202,    95.8975       
# span 10 = 1.0000e-12, 2.3035e+01      
# span 11 =  -73.99814,  -73.99800      
# span 12 = -112.37766, -112.37604      
# span 13 =  26.277655,  26.288825      
# span 14 =       4.63,     100.07      
# span 15 = 2.6089e+02, 3.8438e+02      
# span 16 =     95.352,   1060.462      
# span 17 =       2289,      25452      
# span 18 =  1027.1931,  1031.4509      
# span 19 =  1027.1979,  1031.4485      
# span 20 =    33.8127,    34.5507      
# span 21 =    33.8173,    34.5480      
# span 22 =    7.92924,    8.39098      
# span 23 =         19,         50      
# span 24 = 0.0000e+00, 0.0000e+00      
# interval = decibars: 1                
# start_time = Jan 26 2022 06:38:14 [NMEA time, header]
# bad_flag = -9.990e-29
*END*
[from data line 580]
    583.000    576.160     0.2835  29.131269     0.2854  29.130882     4.6879     4.8194    -0.0007    95.7608 1.0000e-12  -73.99814 -112.37614  26.285690      89.57 2.8646e+02    789.650      18953  1030.4079  1030.4057    34.4547    34.4521    7.98166         24 0.0000e+00
    584.000    577.148     0.2837  29.131964     0.2856  29.131618     4.6874     4.8205    -0.0010    95.7389 1.0000e-12  -73.99814 -112.37614  26.285702      77.17 2.8597e+02    790.633      18976  1030.4128  1030.4105    34.4549    34.4522    7.98163         23 0.0000e+00
    585.000    578.134     0.2837  29.132309     0.2854  29.131988     4.6919     4.8198     0.0117    95.7350 1.0000e-12  -73.99814 -112.37614  26.285713      86.74 2.8662e+02    791.613      19000  1030.4174  1030.4154    34.4547    34.4524    7.98163         24 0.0000e+00
    586.000    579.120     0.2824  29.131639     0.2841  29.131249     4.6949     4.8140    -0.0037    95.7394 1.0000e-12  -73.99814 -112.37614  26.285725      99.69 2.8779e+02    792.605      19024  1030.4222  1030.4201    34.4547    34.4523    7.98190         24 0.0000e+00
    587.000    580.108     0.2814  29.131150     0.2832  29.130907     4.6938     4.8094     0.0011    95.7366 1.0000e-12  -73.99814 -112.37614  26.285736      99.68 2.8961e+02    793.626      19048  1030.4270  1030.4249    34.4546    34.4522    7.98212         25 0.0000e+00
    588.000    581.095     0.2839  29.134986     0.2860  29.134818     4.6937     4.8078    -0.0053    95.7199 1.0000e-12  -73.99814 -112.37614  26.285749      99.68 2.8986e+02    794.702      19074  1030.4327  1030.4306    34.4562    34.4537    7.98150         26 0.0000e+00
    589.000    582.082     0.2858  29.137554     0.2879  29.137381     4.6923     4.8142    -0.0105    95.7251 1.0000e-12  -73.99814 -112.37614  26.285761      99.68 2.9089e+02    795.778      19100  1030.4378  1030.4356    34.4569    34.4543    7.98107         26 0.0000e+00
    590.000    583.066     0.2848  29.136916     0.2869  29.136908     4.6923     4.8159    -0.0109    95.7245 1.0000e-12  -73.99814 -112.37614  26.285773      99.67 2.8989e+02    796.779      19124  1030.4424  1030.4403    34.4566    34.4542    7.98130         23 0.0000e+00
    591.000    584.055     0.2846  29.137158     0.2866  29.136908     4.6909     4.8114    -0.0061    95.7350 1.0000e-12  -73.99814 -112.37614  26.285784      99.68 2.8738e+02    797.717      19146  1030.4470  1030.4449    34.4565    34.4541    7.98134         22 0.0000e+00
    592.000    585.043     0.2849  29.137987     0.2869  29.137699     4.6930     4.8129    -0.0008    95.7330 1.0000e-12  -73.99814 -112.37614  26.285795      99.68 2.8564e+02    798.663      19169  1030.4519  1030.4497    34.4567    34.4541    7.98127         24 0.0000e+00
    593.000    586.029     0.2849  29.138399     0.2868  29.138013     4.6932     4.8156    -0.0033    95.7407 1.0000e-12  -73.99814 -112.37614  26.285807      99.68 2.8587e+02    799.709      19194  1030.4566  1030.4544    34.4567    34.4541    7.98128         25 0.0000e+00
    594.000    587.015     0.2852  29.139032     0.2869  29.138626     4.6947     4.8157    -0.0078    95.7278 1.0000e-12  -73.99814 -112.37614  26.285819      99.68 2.8876e+02    800.790      19220  1030.4612  1030.4591    34.4566    34.4542    7.98121         26 0.0000e+00
    595.000    588.002     0.2852  29.139785     0.2871  29.139406     4.6897     4.8173    -0.0013    95.7211 1.0000e-12  -73.99814 -112.37614  26.285831      99.68 2.9022e+02    801.817      19245  1030.4661  1030.4640    34.4570    34.4544    7.98119         24 0.0000e+00
    596.000    588.990     0.2852  29.140258     0.2871  29.139902     4.6915     4.8170    -0.0010    95.7498 1.0000e-12  -73.99814 -112.37614  26.285843      99.68 2.8833e+02    802.801      19268  1030.4710  1030.4688    34.4570    34.4545    7.98119         24 0.0000e+00
    597.000    589.977     0.2852  29.140707     0.2870  29.140353     4.6965     4.8168    -0.0007    95.7569 1.0000e-12  -73.99814 -112.37614  26.285854      77.24 2.8613e+02    803.788      19292  1030.4757  1030.4736    34.4571    34.4546    7.98119         23 0.0000e+00
    598.000    590.962     0.2853  29.141323     0.2872  29.140961     4.6882     4.8176     0.0123    95.7416 1.0000e-12  -73.99814 -112.37614  26.285866      88.91 2.8573e+02    804.799      19316  1030.4805  1030.4783    34.4571    34.4545    7.98116         25 0.0000e+00
    599.000    591.950     0.2855  29.141951     0.2874  29.141754     4.6921     4.8153     0.0023    95.7501 1.0000e-12  -73.99814 -112.37614  26.285878      99.73 2.8684e+02    805.817      19341  1030.4852  1030.4832    34.4572    34.4548    7.98112         24 0.0000e+00
    600.000    592.937     0.2854  29.142368     0.2873  29.142161     4.6929     4.8084    -0.0125    95.7624 1.0000e-12  -73.99814 -112.37614  26.285889      99.68 2.8764e+02    806.844      19365  1030.4899  1030.4879    34.4572    34.4548    7.98113         25 0.0000e+00
    601.000    593.923     0.2857  29.143350     0.2877  29.143149     4.6895     4.8144    -0.0115    95.7561 1.0000e-12  -73.99814 -112.37614  26.285901      99.68 2.8742e+02    807.879      19390  1030.4949  1030.4927    34.4576    34.4551    7.98105         25 0.0000e+00
    602.000    594.910     0.2867  29.145004     0.2886  29.144714     4.6934     4.8190     0.0049    95.7513 1.0000e-12  -73.99814 -112.37614  26.285913      99.68 2.8557e+02    808.885      19414  1030.4999  1030.4977    34.4581    34.4556    7.98081         23 0.0000e+00
    603.000    595.897     0.2893  29.148736     0.2913  29.148586     4.6921     4.8114     0.0006    95.7446 1.0000e-12  -73.99814 -112.37614  26.285924      99.68 2.8450e+02    809.840      19437  1030.5054  1030.5033    34.4595    34.4570    7.98020         23 0.0000e+00
    604.000    596.885     0.2912  29.151245     0.2929  29.150791     4.6918     4.8126    -0.0121    95.7768 1.0000e-12  -73.99814 -112.37614  26.285935      99.68 2.8550e+02    810.784      19460  1030.5105  1030.5083    34.4601    34.4576    7.97978         23 0.0000e+00
    605.000    597.869     0.2916  29.152357     0.2934  29.151921     4.6911     4.8140     0.0002    95.7664 1.0000e-12  -73.99814 -112.37614  26.285947      99.68 2.8707e+02    811.793      19484  1030.5155  1030.5133    34.4605    34.4579    7.97967         25 0.0000e+00
    606.000    598.858     0.2924  29.153566     0.2943  29.153380     4.6893     4.8156     0.0051    95.7669 1.0000e-12  -73.99814 -112.37614  26.285959      99.68 2.8974e+02    812.893      19510  1030.5203  1030.5182    34.4607    34.4582    7.97950         27 0.0000e+00
    607.000    599.844     0.2933  29.155187     0.2952  29.154796     4.6921     4.8162    -0.0011    95.7526 1.0000e-12  -73.99814 -112.37614  26.285972      99.68 2.8938e+02    813.999      19537  1030.5253  1030.5230    34.4612    34.4585    7.97928         26 0.0000e+00
    608.000    600.831     0.2946  29.157107     0.2966  29.156868     4.6890     4.8153    -0.0001    95.7523 1.0000e-12  -73.99814 -112.37614  26.285984      99.68 2.8495e+02    815.014      19561  1030.5302  1030.5281    34.4616    34.4591    7.97898         24 0.0000e+00
    609.000    601.818     0.2966  29.159727     0.2985  29.159273     4.6851     4.8114     0.0068    95.7871 1.0000e-12  -73.99814 -112.37614  26.285995      99.68 2.8118e+02    815.959      19584  1030.5353  1030.5330    34.4623    34.4596    7.97854         22 0.0000e+00
    610.000    602.804     0.2981  29.161621     0.3002  29.161529     4.6811     4.8076    -0.0007    95.7844 1.0000e-12  -73.99814 -112.37614  26.286006      79.32 2.8126e+02    816.887      19606  1030.5400  1030.5380    34.4625    34.4601    7.97821         22 0.0000e+00
    611.000    603.791     0.3001  29.164356     0.3019  29.163793     4.6852     4.8062    -0.0074    95.7840 1.0000e-12  -73.99814 -112.37614  26.286017      88.55 2.8535e+02    817.870      19630  1030.5451  1030.5428    34.4632    34.4605    7.97775         25 0.0000e+00
    612.000    604.778     0.3026  29.167349     0.3047  29.167043     4.6848     4.8100     0.0027    95.7638 1.0000e-12  -73.99814 -112.37614  26.286029      98.93 2.8910e+02    818.934      19655  1030.5500  1030.5477    34.4638    34.4611    7.97721         26 0.0000e+00
    613.000    605.765     0.3051  29.169994     0.3069  29.169613     4.6841     4.8081     0.0063    95.7799 1.0000e-12  -73.99814 -112.37614  26.286042      99.69 2.8904e+02    820.007      19681  1030.5547  1030.5525    34.4639    34.4614    7.97669         25 0.0000e+00
    614.000    606.750     0.3042  29.169632     0.3063  29.169562     4.6810     4.8042     0.0011    95.7758 1.0000e-12  -73.99814 -112.37614  26.286054      99.68 2.8623e+02    821.028      19706  1030.5594  1030.5573    34.4639    34.4614    7.97688         24 0.0000e+00
    615.000    607.738     0.3052  29.171024     0.3070  29.170643     4.6809     4.8004     0.0028    95.7625 1.0000e-12  -73.99814 -112.37614  26.286065      99.69 2.8420e+02    822.031      19730  1030.5642  1030.5620    34.4640    34.4615    7.97667         25 0.0000e+00
    616.000    608.725     0.3080  29.174506     0.3099  29.174139     4.6809     4.8027    -0.0025    95.7640 1.0000e-12  -73.99814 -112.37614  26.286077      99.68 2.8419e+02    823.052      19754  1030.5692  1030.5671    34.4648    34.4623    7.97603         24 0.0000e+00
    617.000    609.711     0.3100  29.177011     0.3120  29.176888     4.6773     4.8023    -0.0056    95.7230 1.0000e-12  -73.99814 -112.37614  26.286089      99.68 2.8389e+02    824.069      19779  1030.5742  1030.5721    34.4653    34.4629    7.97559         24 0.0000e+00
    618.000    610.699     0.3112  29.178883     0.3130  29.178456     4.6817     4.7997    -0.0042    95.7413 1.0000e-12  -73.99814 -112.37614  26.286100      99.68 2.8382e+02    825.045      19802  1030.5792  1030.5771    34.4658    34.4633    7.97531         23 0.0000e+00
    619.000    611.684     0.3110  29.179329     0.3127  29.178821     4.6800     4.8011    -0.0074    95.7543 1.0000e-12  -73.99814 -112.37614  26.286111      99.68 2.8455e+02    826.014      19825  1030.5842  1030.5820    34.4660    34.4635    7.97534         24 0.0000e+00
    620.000    612.671     0.3123  29.181374     0.3143  29.180902     4.6780     4.8023    -0.0032    95.7408 1.0000e-12  -73.99814 -112.37614  26.286123      99.68 2.8585e+02    826.998      19849  1030.5893  1030.5868    34.4667    34.4639    7.97504         24 0.0000e+00
    621.000    613.659     0.3165  29.185388     0.3174  29.184215     4.6799     4.8028    -0.0158    95.7489 1.0000e-12  -73.99814 -112.37614  26.286134      99.69 2.8574e+02    828.012      19873  1030.5937  1030.5915    34.4668    34.4642    7.97418         24 0.0000e+00
    622.000    614.645     0.3164  29.185934     0.3182  29.185540     4.6795     4.8034    -0.0004    95.7603 1.0000e-12  -73.99814 -112.37614  26.286146      99.69 2.8453e+02    829.044      19898  1030.5985  1030.5964    34.4669    34.4645    7.97417         25 0.0000e+00
    623.000    615.631     0.3158  29.186191     0.3177  29.185756     4.6816     4.7962     0.0058    95.7528 1.0000e-12  -73.99814 -112.37614  26.286159      95.12 2.8382e+02    830.105      19924  1030.6036  1030.6014    34.4673    34.4648    7.97427         26 0.0000e+00
    624.000    616.619     0.3155  29.186380     0.3173  29.185969     4.6764     4.7948    -0.0007    95.7321 1.0000e-12  -73.99814 -112.37614  26.286171      88.88 2.8463e+02    831.183      19949  1030.6084  1030.6063    34.4674    34.4649    7.97434         26 0.0000e+00
    625.000    617.606     0.3161  29.187414     0.3178  29.186936     4.6809     4.7992    -0.0013    95.7254 1.0000e-12  -73.99814 -112.37614  26.286183      97.83 2.8559e+02    832.229      19974  1030.6131  1030.6110    34.4674    34.4650    7.97420         24 0.0000e+00
    626.000    618.592     0.3157  29.187454     0.3179  29.187460     4.6822     4.8019    -0.0084    95.7279 1.0000e-12  -73.99814 -112.37614  26.286195      99.72 2.8379e+02    833.223      19998  1030.6179  1030.6157    34.4675    34.4649    7.97430         23 0.0000e+00
    627.000    619.578     0.3147  29.186736     0.3177  29.187583     4.6836     4.7999     0.0011    95.7512 1.0000e-12  -73.99814 -112.37614  26.286206      99.69 2.8242e+02    834.189      20022  1030.6223  1030.6203    34.4670    34.4648    7.97453         24 0.0000e+00
    628.000    620.565     0.3132  29.186347     0.3153  29.186149     4.6788     4.7948     0.0018    95.7303 1.0000e-12  -73.99814 -112.37614  26.286217      99.69 2.8237e+02    835.157      20045  1030.6276  1030.6255    34.4676    34.4650    7.97480         23 0.0000e+00
    629.000    621.552     0.3173  29.190901     0.3195  29.190929     4.6830     4.7937    -0.0007    95.7531 1.0000e-12  -73.99814 -112.37614  26.286228      99.69 2.8272e+02    836.135      20068  1030.6326  1030.6305    34.4683    34.4659    7.97391         24 0.0000e+00
    630.000    622.537     0.3187  29.192691     0.3205  29.192430     4.6797     4.7985    -0.0007    95.7514 1.0000e-12  -73.99814 -112.37614  26.286240      99.68 2.8412e+02    837.121      20092  1030.6373  1030.6353    34.4686    34.4662    7.97361         23 0.0000e+00
    631.000    623.526     0.3185  29.193067     0.3205  29.192871     4.6806     4.8008    -0.0036    95.7448 1.0000e-12  -73.99814 -112.37614  26.286252      99.69 2.8553e+02    838.133      20116  1030.6422  1030.6401    34.4688    34.4663    7.97365         25 0.0000e+00
    632.000    624.512     0.3186  29.193767     0.3205  29.193239     4.6790     4.7997    -0.0071    95.7402 1.0000e-12  -73.99814 -112.37614  26.286264      99.69 2.8578e+02    839.201      20142  1030.6471  1030.6447    34.4690    34.4662    7.97361         27 0.0000e+00
    633.000    625.498     0.3180  29.193531     0.3199  29.193223     4.6802     4.7984    -0.0010    95.7634 1.0000e-12  -73.99814 -112.37614  26.286277      99.69 2.8452e+02    840.297      20168  1030.6517  1030.6495    34.4688    34.4662    7.97375         26 0.0000e+00
    634.000    626.486     0.3170  29.193480     0.3191  29.193244     4.6859     4.8013    -0.0014    95.7548 1.0000e-12  -73.99814 -112.37614  26.286289      99.68 2.8153e+02    841.330      20193  1030.6569  1030.6545    34.4693    34.4665    7.97393         23 0.0000e+00
    635.000    627.471     0.3157  29.192928     0.3178  29.192871     4.6771     4.8018    -0.0023    95.7525 1.0000e-12  -73.99814 -112.37614  26.286300      99.69 2.8045e+02    842.297      20216  1030.6618  1030.6597    34.4694    34.4670    7.97419         23 0.0000e+00
    636.000    628.459     0.3156  29.193528     0.3176  29.193349     4.6822     4.8013    -0.0173    95.7367 1.0000e-12  -73.99814 -112.37614  26.286311      69.98 2.7984e+02    843.254      20239  1030.6668  1030.6646    34.4697    34.4672    7.97420         23 0.0000e+00
    637.000    629.446     0.3162  29.194653     0.3180  29.194380     4.6806     4.8009    -0.0098    95.7560 1.0000e-12  -73.99814 -112.37614  26.286322      86.84 2.8023e+02    844.243      20263  1030.6716  1030.6695    34.4699    34.4675    7.97406         25 0.0000e+00
    638.000    630.431     0.3168  29.195759     0.3187  29.195472     4.6793     4.7969    -0.0095    95.7724 1.0000e-12  -73.99814 -112.37614  26.286334      96.99 2.8268e+02    845.256      20287  1030.6764  1030.6742    34.4702    34.4676    7.97393         24 0.0000e+00
    639.000    631.420     0.3179  29.197818     0.3201  29.197648     4.6852     4.7907    -0.0026    95.7577 1.0000e-12  -73.99814 -112.37614  26.286346      99.68 2.8506e+02    846.266      20311  1030.6817  1030.6794    34.4710    34.4684    7.97364         24 0.0000e+00
