ocean_section_plots/required_files/ctd/dnbp2202_ctd051.cnv
* Sea-Bird SBE 9 Data File:
* FileName = D:\Data\raw\NBP2202_CTD051.hex
* Software Version Seasave V 7.26.7.121
* Temperature SN = 1649
* Conductivity SN = 2513
* Number of Bytes Per Scan = 40
* Number of Voltage Words = 5
* Number of Scans Averaged by the Deck Unit = 1
* NMEA Latitude = 74 13.57 S
* NMEA Longitude = 112 46.78 W
* NMEA UTC (Time) = Jan 24 2022  06:04:52
* NMEA baud rate = 9600
** Ship: RVIB N.B. Palmer
** Cruise: NBP2202 Thwaites
** Station: Section Dotson C
** Operator: B Bjork
# nquan = 25
# nvalues = 827                         
# units = specified
# name 0 = prDM: Pressure, Digiquartz [db]
# name 1 = depSM: Depth [salt water, m]
# name 2 = t090C: Temperature [ITS-90, deg C]
# name 3 = c0mS/cm: Conductivity [mS/cm]
# name 4 = t190C: Temperature, 2 [ITS-90, deg C]
# name 5 = c1mS/cm: Conductivity, 2 [mS/cm]
# name 6 = sbeox0ML/L: Oxygen, SBE 43 [ml/l]
# name 7 = sbeox1ML/L: Oxygen, SBE 43, 2 [ml/l]
# name 8 = flECO-AFL: Fluorescence, WET Labs ECO-AFL/FL [mg/m^3]
# name 9 = CStarTr0: Beam Transmission, WET Labs C-Star [%]
# name 10 = par: PAR/Irradiance, Biospherical/Licor
# name 11 = latitude: Latitude [deg]
# name 12 = longitude: Longitude [deg]
# name 13 = timeJ: Julian Days
# name 14 = altM: Altimeter [m]
# name 15 = spar: SPAR, Biospherical/Licor
# name 16 = timeS: Time, Elapsed [seconds]
# name 17 = scan: Scan Count
# name 18 = density00: Density [density, kg/m^3]
# name 19 = density11: Density, 2 [density, kg/m^3]
# name 20 = sal00: Salinity, Practical [PSU]
# name 21 = sal11: Salinity, Practical, 2 [PSU]
# name 22 = oxsolML/L: Oxygen Saturation, Garcia & Gordon [ml/l]
# name 23 = nbin: number of scans per bin
# name 24 = flag: flag
# span 0 =      2.000,    828.000       
# span 1 =      1.981,    817.795       
# span 2 =    -1.4930,     0.3882       
# span 3 =  27.099236,  29.367749       
# span 4 =    -1.4924,     0.3900       
# span 5 =  27.098835,  29.367112       
# span 6 =     4.6359,     8.2628       
# span 7 =     4.8419,     8.5527       
# span 8 =    -0.0192,    22.2790       
# span 9 =    71.9629,    96.5037       
# span 10 = 1.0000e-12, 6.7030e+01      
# span 11 =  -74.22628,  -74.22587      
# span 12 = -112.77982, -112.77812      
# span 13 =  24.254915,  24.268534      
# span 14 =       5.72,     100.47      
# span 15 = 1.8334e+02, 3.5244e+02      
# span 16 =    132.653,   1309.308      
# span 17 =       3185,      31424      
# span 18 =  1027.1865,  1031.5893      
# span 19 =  1027.1849,  1031.5868      
# span 20 =    33.7854,    34.5061      
# span 21 =    33.7881,    34.5033      
# span 22 =    7.95718,    8.39435      
# span 23 =         21,         47      
# span 24 = 0.0000e+00, 0.0000e+00      
# interval = decibars: 1                
# start_time = Jan 24 2022 06:04:52 [NMEA time, header]
# bad_flag = -9.990e-29
*END*
[from data line 290]
    292.000    288.773    -1.4084  27.275217    -1.4073  27.274858     6.1746     6.4694     0.0365    96.0280 1.0000e-12  -74.22616 -112.77900  24.260113      99.88 2.4680e+02    581.726      13962  1028.7937  1028.7924    34.0441    34.0424    8.37038         31 0.0000e+00
    293.000    289.762    -1.4040  27.280625    -1.4030  27.280146     6.1884     6.4849     0.0237    96.1317 1.0000e-12  -74.22616 -112.77900  24.260128      99.89 2.4680e+02    583.025      13994  1028.7997  1028.7983    34.0459    34.0442    8.36928         31 0.0000e+00
    294.000    290.750    -1.4068  27.279630    -1.4060  27.279290     6.1936     6.4878     0.0276    96.0922 1.0000e-12  -74.22616 -112.77898  24.260143      99.89 2.4747e+02    584.336      14025  1028.8057  1028.8046    34.0471    34.0458    8.36984         32 0.0000e+00
    295.000    291.738    -1.4099  27.279914    -1.4090  27.279430     6.1937     6.4908     0.0318    96.1434 1.0000e-12  -74.22616 -112.77898  24.260158      99.89 2.4691e+02    585.634      14056  1028.8134  1028.8120    34.0505    34.0488    8.37035         31 0.0000e+00
    296.000    292.726    -1.4089  27.282013    -1.4078  27.281662     6.1947     6.4955     0.0342    96.1322 1.0000e-12  -74.22616 -112.77897  24.260173      99.89 2.4801e+02    586.928      14087  1028.8190  1028.8176    34.0515    34.0498    8.37005         31 0.0000e+00
    297.000    293.714    -1.4074  27.283934    -1.4063  27.283715     6.1936     6.4918     0.0281    96.1298 1.0000e-12  -74.22616 -112.77896  24.260188      99.88 2.4903e+02    588.219      14118  1028.8240  1028.8227    34.0519    34.0504    8.36970         31 0.0000e+00
    298.000    294.704    -1.4052  27.286965    -1.4043  27.286438     6.1974     6.4879     0.0305    96.1489 1.0000e-12  -74.22614 -112.77894  24.260203      99.30 2.4857e+02    589.497      14149  1028.8295  1028.8281    34.0530    34.0512    8.36914         31 0.0000e+00
    299.000    295.690    -1.4038  27.288962    -1.4031  27.288375     6.1903     6.4897     0.0282    96.1317 1.0000e-12  -74.22614 -112.77894  24.260217      99.88 2.4913e+02    590.774      14180  1028.8347  1028.8333    34.0535    34.0518    8.36880         31 0.0000e+00
    300.000    296.679    -1.4037  27.289662    -1.4026  27.289359     6.1899     6.4903     0.0233    96.1529 1.0000e-12  -74.22614 -112.77894  24.260232      99.89 2.5026e+02    592.072      14211  1028.8396  1028.8383    34.0537    34.0521    8.36876         31 0.0000e+00
    301.000    297.666    -1.4018  27.292076    -1.4011  27.291407     6.1919     6.4817     0.0261    96.2031 1.0000e-12  -74.22614 -112.77892  24.260247      99.89 2.4987e+02    593.380      14242  1028.8447  1028.8433    34.0542    34.0525    8.36830         31 0.0000e+00
    302.000    298.656    -1.3977  27.296919    -1.3971  27.296133     6.1901     6.4861     0.0216    96.1987 1.0000e-12  -74.22614 -112.77892  24.260262      99.89 2.5039e+02    594.674      14273  1028.8503  1028.8490    34.0556    34.0539    8.36729         31 0.0000e+00
    303.000    299.644    -1.3958  27.299303    -1.3950  27.298763     6.1848     6.4799     0.0326    96.2032 1.0000e-12  -74.22614 -112.77891  24.260278      99.89 2.5116e+02    595.985      14305  1028.8554  1028.8541    34.0561    34.0545    8.36684         32 0.0000e+00
    304.000    300.631    -1.3955  27.300152    -1.3946  27.299679     6.1832     6.4783     0.0362    96.2185 1.0000e-12  -74.22614 -112.77890  24.260293      99.89 2.5039e+02    597.280      14336  1028.8604  1028.8590    34.0563    34.0546    8.36675         31 0.0000e+00
    305.000    301.620    -1.3941  27.302004    -1.3934  27.301315     6.1859     6.4764     0.0266    96.2316 1.0000e-12  -74.22614 -112.77888  24.260307      99.89 2.5102e+02    598.542      14366  1028.8654  1028.8639    34.0566    34.0549    8.36642         30 0.0000e+00
    306.000    302.609    -1.3913  27.305637    -1.3908  27.304521     6.1868     6.4774     0.0144    96.1960 1.0000e-12  -74.22614 -112.77888  24.260322      96.45 2.5255e+02    599.803      14396  1028.8710  1028.8693    34.0579    34.0557    8.36573         30 0.0000e+00
    307.000    303.596    -1.3861  27.311331    -1.3855  27.310598     6.1795     6.4763     0.0172    96.2235 1.0000e-12  -74.22614 -112.77887  24.260337      76.45 2.5280e+02    601.075      14427  1028.8765  1028.8751    34.0591    34.0575    8.36448         30 0.0000e+00
    308.000    304.584    -1.3847  27.313588    -1.3839  27.312962     6.1844     6.4736     0.0258    96.2237 1.0000e-12  -74.22614 -112.77886  24.260351      97.04 2.5260e+02    602.332      14457  1028.8820  1028.8806    34.0601    34.0583    8.36412         31 0.0000e+00
    309.000    305.573    -1.3840  27.314944    -1.3831  27.314412     6.1814     6.4750     0.0289    96.2212 1.0000e-12  -74.22612 -112.77885  24.260366      99.86 2.5440e+02    603.610      14488  1028.8871  1028.8857    34.0605    34.0587    8.36393         31 0.0000e+00
    310.000    306.560    -1.3831  27.316393    -1.3822  27.315828     6.1905     6.4846     0.0351    96.2195 1.0000e-12  -74.22612 -112.77884  24.260381      99.89 2.5517e+02    604.934      14519  1028.8922  1028.8907    34.0608    34.0591    8.36371         31 0.0000e+00
    311.000    307.549    -1.3825  27.318224    -1.3816  27.317782     6.1901     6.4899     0.0171    96.1837 1.0000e-12  -74.22612 -112.77882  24.260396      99.89 2.5428e+02    606.255      14551  1028.8980  1028.8966    34.0621    34.0604    8.36351         33 0.0000e+00
    312.000    308.538    -1.3830  27.318800    -1.3823  27.318138     6.1979     6.4936     0.0259    96.1938 1.0000e-12  -74.22612 -112.77882  24.260412      99.89 2.5512e+02    607.599      14583  1028.9034  1028.9020    34.0628    34.0611    8.36357         33 0.0000e+00
    313.000    309.526    -1.3861  27.317947    -1.3853  27.317538     6.2121     6.5096     0.0259    96.1935 1.0000e-12  -74.22612 -112.77881  24.260428      99.89 2.5463e+02    608.973      14616  1028.9099  1028.9086    34.0645    34.0630    8.36417         32 0.0000e+00
    314.000    310.513    -1.3906  27.317000    -1.3902  27.316288     6.2270     6.5267     0.0174    96.1976 1.0000e-12  -74.22612 -112.77880  24.260444      99.89 2.5289e+02    610.330      14649  1028.9176  1028.9163    34.0677    34.0663    8.36499         32 0.0000e+00
    315.000    311.502    -1.3950  27.314746    -1.3943  27.314021     6.2325     6.5234     0.0163    96.1714 1.0000e-12  -74.22612 -112.77878  24.260459      99.89 2.5314e+02    611.666      14681  1028.9236  1028.9222    34.0690    34.0673    8.36589         32 0.0000e+00
    316.000    312.490    -1.3959  27.316286    -1.3952  27.315415     6.2305     6.5221     0.0223    96.1814 1.0000e-12  -74.22612 -112.77878  24.260474      99.90 2.5317e+02    612.971      14712  1028.9304  1028.9288    34.0715    34.0695    8.36594         31 0.0000e+00
    317.000    313.479    -1.3873  27.326559    -1.3861  27.326338     6.2268     6.5177     0.0098    96.2609 1.0000e-12  -74.22612 -112.77876  24.260489      87.56 2.5380e+02    614.221      14742  1028.9377  1028.9362    34.0752    34.0736    8.36379         29 0.0000e+00
    318.000    314.465    -1.3857  27.328802    -1.3845  27.328498     6.2264     6.5212     0.0182    96.2619 1.0000e-12  -74.22612 -112.77876  24.260503      95.54 2.5575e+02    615.444      14772  1028.9429  1028.9414    34.0759    34.0741    8.36340         30 0.0000e+00
    319.000    315.455    -1.3851  27.330048    -1.3840  27.329607     6.2211     6.5233     0.0121    96.3412 1.0000e-12  -74.22612 -112.77875  24.260517      99.86 2.5720e+02    616.680      14801  1028.9480  1028.9464    34.0763    34.0745    8.36324         30 0.0000e+00
    320.000    316.443    -1.3833  27.332673    -1.3827  27.331784     6.2199     6.5217     0.0180    96.3356 1.0000e-12  -74.22611 -112.77874  24.260531      99.89 2.5726e+02    617.908      14831  1028.9535  1028.9519    34.0773    34.0754    8.36279         29 0.0000e+00
    321.000    317.430    -1.3827  27.334090    -1.3818  27.333470     6.2205     6.5257     0.0091    96.3460 1.0000e-12  -74.22610 -112.77872  24.260546      99.89 2.5750e+02    619.152      14861  1028.9587  1028.9572    34.0778    34.0761    8.36260         30 0.0000e+00
    322.000    318.418    -1.3821  27.335701    -1.3812  27.335190     6.2255     6.5253     0.0141    96.3483 1.0000e-12  -74.22610 -112.77872  24.260561      99.89 2.5865e+02    620.435      14891  1028.9642  1028.9627    34.0788    34.0770    8.36242         31 0.0000e+00
    323.000    319.407    -1.3816  27.337716    -1.3807  27.337159     6.2298     6.5246     0.0162    95.5548 1.0000e-12  -74.22610 -112.77871  24.260576      99.88 2.5771e+02    621.727      14922  1028.9702  1028.9687    34.0804    34.0785    8.36221         31 0.0000e+00
    324.000    320.394    -1.3816  27.338363    -1.3806  27.337975     6.2302     6.5267     0.0147    96.0048 1.0000e-12  -74.22610 -112.77869  24.260591      99.89 2.5824e+02    623.050      14954  1028.9752  1028.9739    34.0806    34.0790    8.36219         33 0.0000e+00
    325.000    321.384    -1.3815  27.339201    -1.3806  27.338659     6.2249     6.5257     0.0118    96.3576 1.0000e-12  -74.22610 -112.77868  24.260606      99.89 2.5832e+02    624.399      14987  1028.9804  1028.9789    34.0811    34.0793    8.36215         32 0.0000e+00
    326.000    322.371    -1.3814  27.340169    -1.3804  27.339560     6.2270     6.5273     0.0141    96.3292 1.0000e-12  -74.22610 -112.77867  24.260622      99.84 2.5738e+02    625.708      15018  1028.9856  1028.9840    34.0817    34.0797    8.36209         31 0.0000e+00
    327.000    323.359    -1.3813  27.340571    -1.3803  27.340112     6.2276     6.5293     0.0029    96.3759 1.0000e-12  -74.22610 -112.77866  24.260637      77.16 2.5732e+02    627.006      15049  1028.9903  1028.9888    34.0815    34.0798    8.36207         31 0.0000e+00
    328.000    324.348    -1.3813  27.340740    -1.3804  27.340310     6.2316     6.5289     0.0157    96.3891 1.0000e-12  -74.22610 -112.77866  24.260652      93.62 2.5798e+02    628.292      15080  1028.9948  1028.9934    34.0811    34.0795    8.36210         30 0.0000e+00
    329.000    325.335    -1.3811  27.341766    -1.3802  27.341271     6.2267     6.5302    -0.0005    96.3768 1.0000e-12  -74.22608 -112.77864  24.260666      99.92 2.5750e+02    629.526      15110  1029.0000  1028.9986    34.0817    34.0800    8.36202         30 0.0000e+00
    330.000    326.324    -1.3811  27.342222    -1.3802  27.341802     6.2274     6.5306    -0.0004    96.3862 1.0000e-12  -74.22608 -112.77863  24.260680      99.88 2.5920e+02    630.747      15139  1029.0048  1029.0034    34.0817    34.0801    8.36202         29 0.0000e+00
    331.000    327.311    -1.3813  27.342629    -1.3803  27.342111     6.2318     6.5308     0.0040    96.3863 1.0000e-12  -74.22608 -112.77862  24.260694      99.90 2.6073e+02    631.981      15169  1029.0097  1029.0081    34.0818    34.0800    8.36205         30 0.0000e+00
    332.000    328.299    -1.3811  27.343172    -1.3802  27.342638     6.2319     6.5331     0.0011    96.3995 1.0000e-12  -74.22608 -112.77862  24.260708      99.89 2.6073e+02    633.209      15198  1029.0144  1029.0129    34.0817    34.0800    8.36201         29 0.0000e+00
    333.000    329.289    -1.3806  27.344605    -1.3798  27.343916     6.2309     6.5323     0.0115    96.4122 1.0000e-12  -74.22608 -112.77860  24.260723      99.88 2.6168e+02    634.449      15228  1029.0198  1029.0182    34.0825    34.0807    8.36186         30 0.0000e+00
    334.000    330.274    -1.3807  27.344893    -1.3797  27.344563     6.2337     6.5258     0.0073    96.4064 1.0000e-12  -74.22608 -112.77859  24.260738      99.88 2.6228e+02    635.718      15258  1029.0245  1029.0231    34.0825    34.0808    8.36189         31 0.0000e+00
    335.000    331.264    -1.3806  27.345674    -1.3796  27.345109     6.2313     6.5266     0.0046    96.3973 1.0000e-12  -74.22608 -112.77858  24.260752      99.89 2.6137e+02    636.996      15289  1029.0296  1029.0280    34.0828    34.0809    8.36185         31 0.0000e+00
    336.000    332.251    -1.3794  27.347744    -1.3784  27.347162     6.2237     6.5299     0.0024    96.4022 1.0000e-12  -74.22608 -112.77858  24.260767      99.89 2.6165e+02    638.280      15320  1029.0350  1029.0333    34.0836    34.0817    8.36152         31 0.0000e+00
    337.000    333.239    -1.3777  27.350375    -1.3767  27.349872     6.2249     6.5185     0.0109    96.4113 1.0000e-12  -74.22608 -112.77856  24.260782      99.89 2.6170e+02    639.572      15351  1029.0405  1029.0389    34.0847    34.0828    8.36108         31 0.0000e+00
    338.000    334.228    -1.3693  27.360584    -1.3675  27.360807     6.2253     6.5220     0.0089    96.4249 1.0000e-12  -74.22608 -112.77856  24.260797      95.35 2.6062e+02    640.852      15381  1029.0478  1029.0463    34.0885    34.0868    8.35896         30 0.0000e+00
    339.000    335.217    -1.3620  27.369249    -1.3610  27.368545     6.2176     6.5211     0.0069    96.3828 1.0000e-12  -74.22608 -112.77854  24.260811      99.90 2.6066e+02    642.108      15412  1029.0545  1029.0528    34.0915    34.0894    8.35715         30 0.0000e+00
    340.000    336.203    -1.3584  27.373574    -1.3575  27.373009     6.2170     6.5138     0.0069    96.4063 1.0000e-12  -74.22608 -112.77854  24.260826      99.89 2.6091e+02    643.364      15442  1029.0602  1029.0586    34.0928    34.0909    8.35628         30 0.0000e+00
    341.000    337.191    -1.3558  27.376844    -1.3548  27.376369     6.2142     6.5140     0.0069    96.4174 1.0000e-12  -74.22608 -112.77852  24.260840      99.89 2.6091e+02    644.598      15471  1029.0655  1029.0640    34.0936    34.0918    8.35564         29 0.0000e+00
    342.000    338.180    -1.3545  27.378668    -1.3536  27.378127     6.2156     6.5055     0.0046    96.3883 1.0000e-12  -74.22608 -112.77852  24.260854      99.88 2.6171e+02    645.817      15501  1029.0706  1029.0691    34.0941    34.0923    8.35533         29 0.0000e+00
    343.000    339.168    -1.3538  27.380073    -1.3523  27.380028     6.2120     6.5102     0.0020    96.4484 1.0000e-12  -74.22607 -112.77852  24.260869      99.89 2.6269e+02    647.044      15530  1029.0758  1029.0743    34.0946    34.0928    8.35513         30 0.0000e+00
    344.000    340.156    -1.3513  27.383441    -1.3501  27.383122     6.2174     6.5169     0.0067    96.4662 1.0000e-12  -74.22606 -112.77850  24.260883      99.88 2.6267e+02    648.276      15560  1029.0815  1029.0799    34.0958    34.0940    8.35452         30 0.0000e+00
    345.000    341.144    -1.3495  27.385971    -1.3485  27.385433     6.2125     6.5153     0.0024    96.4901 1.0000e-12  -74.22606 -112.77850  24.260897      99.89 2.6273e+02    649.502      15589  1029.0868  1029.0853    34.0966    34.0947    8.35406         29 0.0000e+00
    346.000    342.133    -1.3481  27.388104    -1.3470  27.387642     6.2114     6.5108     0.0044    96.4766 1.0000e-12  -74.22606 -112.77850  24.260911      99.88 2.6384e+02    650.738      15619  1029.0921  1029.0905    34.0973    34.0954    8.35370         28 0.0000e+00
    347.000    343.120    -1.3463  27.390362    -1.3453  27.389969     6.2188     6.5053     0.0006    96.4851 1.0000e-12  -74.22606 -112.77849  24.260926      99.89 2.6343e+02    651.983      15649  1029.0972  1029.0958    34.0978    34.0960    8.35328         30 0.0000e+00
    348.000    344.108    -1.3449  27.392787    -1.3440  27.392179     6.2128     6.5101    -0.0002    96.4713 1.0000e-12  -74.22606 -112.77848  24.260940      86.29 2.6352e+02    653.217      15678  1029.1029  1029.1013    34.0989    34.0970    8.35290         29 0.0000e+00
