ocean_section_plots/required_files/ctd/dnbp2202_ctd273.cnv
* Sea-Bird SBE 9 Data File:
* FileName = D:\Data\raw\NBP2202_CTD273.hex
* Software Version Seasave V 7.26.7.121
* Temperature SN = 1649
* Conductivity SN = 2513
* Number of Bytes Per Scan = 40
* Number of Voltage Words = 5
* Number of Scans Averaged by the Deck Unit = 1
* NMEA Latitude = 73 56.55 S
* NMEA Longitude = 116 12.19 W
* NMEA UTC (Time) = Feb 21 2022  02:04:59
* NMEA baud rate = 9600
** Ship: RVIB N.B. Palmer
** Cruise: NBP2202 Thwaites
** Station: 175
** Operator: A. Robinson
# nquan = 28
# nvalues = 351                         
# units = specified
# name 0 = prDM: Pressure, Digiquartz [db]
# name 1 = depSM: Depth [salt water, m]
# name 2 = t090C: Temperature [ITS-90, deg C]
# name 3 = c0mS/cm: Conductivity [mS/cm]
# name 4 = t190C: Temperature, 2 [ITS-90, deg C]
# name 5 = c1mS/cm: Conductivity, 2 [mS/cm]
# name 6 = sbeox0ML/L: Oxygen, SBE 43 [ml/l]
# name 7 = sbeox1ML/L: Oxygen, SBE 43, 2 [ml/l]
# name 8 = flECO-AFL: Fluorescence, WET Labs ECO-AFL/FL [mg/m^3]
# name 9 = CStarTr0: Beam Transmission, WET Labs C-Star [%]
# name 10 = par: PAR/Irradiance, Biospherical/Licor
# name 11 = latitude: Latitude [deg]
# name 12 = longitude: Longitude [deg]
# name 13 = timeJ: Julian Days
# name 14 = altM: Altimeter [m]
# name 15 = spar: SPAR, Biospherical/Licor
# name 16 = timeS: Time, Elapsed [seconds]
# name 17 = scan: Scan Count
# name 18 = density00: Density [density, kg/m^3]
# name 19 = density11: Density, 2 [density, kg/m^3]
# name 20 = v3: Voltage 3
# name 21 = v4: Voltage 4
# name 22 = v5: Voltage 5
# name 23 = sal00: Salinity, Practical [PSU]
# name 24 = sal11: Salinity, Practical, 2 [PSU]
# name 25 = oxsolML/L: Oxygen Saturation, Garcia & Gordon [ml/l]
# name 26 = nbin: number of scans per bin
# name 27 = flag: flag
# span 0 =      2.000,    352.000       
# span 1 =      1.978,    348.065       
# span 2 =    -1.8681,    -0.3926       
# span 3 =  26.862608,  27.873840       
# span 4 =    -1.8661,    -0.3913       
# span 5 =  26.864647,  27.873969       
# span 6 =     6.3861,     9.1705       
# span 7 =     6.5801,     9.5186       
# span 8 =    -0.0243,    12.1069       
# span 9 =    86.7469,    98.5004       
# span 10 = 1.0000e-12, 7.2120e+01      
# span 11 =  -73.94268,  -73.94266      
# span 12 = -116.20332, -116.20328      
# span 13 =  52.089625,  52.095820      
# span 14 =       2.58,     100.02      
# span 15 = 1.4456e+02, 1.5262e+02      
# span 16 =    244.638,    779.823      
# span 17 =       5872,      18717      
# span 18 =  1027.1737,  1029.1275      
# span 19 =  1027.1742,  1029.1267      
# span 20 =     4.1154,     4.6727      
# span 21 =     0.0651,     2.2416      
# span 22 =     0.1132,     0.1985      
# span 23 =    33.8065,    34.0860      
# span 24 =    33.8066,    34.0852      
# span 25 =    8.16016,    8.47450      
# span 26 =         24,         72      
# span 27 = 0.0000e+00, 0.0000e+00      
# interval = decibars: 1                
# start_time = Feb 21 2022 02:04:59 [NMEA time, header]
# bad_flag = -9.990e-29
*END*
[from data line 208]
    210.000    207.723    -1.8622  26.866360    -1.8613  26.867285     6.5186     6.7167     0.9451    96.3210 1.0000e-12  -73.94266 -116.20328  52.092991      77.52 1.5161e+02    535.440      12852  1028.4207  1028.4208     4.5694     0.2055     0.1582    34.0476    34.0479    8.47317         27 0.0000e+00
    211.000    208.712    -1.8666  26.863141    -1.8651  26.864721     6.5027     6.7095     1.1181    96.7738 1.0000e-12  -73.94266 -116.20328  52.093004      95.12 1.5064e+02    536.573      12879  1028.4256  1028.4258     4.5908     0.1726     0.1201    34.0476    34.0481    8.47419         27 0.0000e+00
    212.000    209.701    -1.8681  26.862608    -1.8661  26.864647     6.5022     6.7128     0.5279    96.2484 1.0000e-12  -73.94266 -116.20328  52.093017      99.13 1.5147e+02    537.703      12906  1028.4306  1028.4309     4.5659     0.1567     0.1191    34.0479    34.0484    8.47450         27 0.0000e+00
    213.000    210.689    -1.8627  26.868646    -1.8605  26.870762     6.5073     6.7098     0.4711    96.1951 1.0000e-12  -73.94266 -116.20328  52.093030      99.86 1.5127e+02    538.821      12933  1028.4363  1028.4364     4.5634     0.3330     0.1237    34.0496    34.0499    8.47318         26 0.0000e+00
    214.000    211.679    -1.8594  26.872126    -1.8591  26.872477     6.5080     6.7113     0.5997    97.0826 1.0000e-12  -73.94266 -116.20328  52.093043      99.90 1.5056e+02    539.919      12959  1028.4411  1028.4413     4.6052     0.1547     0.1192    34.0499    34.0501    8.47238         27 0.0000e+00
    215.000    212.666    -1.8586  26.873188    -1.8582  26.873733     6.5091     6.7067     0.4546    96.0631 1.0000e-12  -73.94266 -116.20328  52.093056      99.90 1.5153e+02    541.007      12985  1028.4458  1028.4461     4.5574     0.1539     0.1216    34.0498    34.0502    8.47220         26 0.0000e+00
    216.000    213.655    -1.8590  26.873215    -1.8585  26.873812     6.5080     6.7046     0.7032    96.6192 1.0000e-12  -73.94266 -116.20328  52.093068      99.89 1.5174e+02    542.098      13011  1028.4505  1028.4507     4.5835     0.1319     0.1220    34.0497    34.0501    8.47230         26 0.0000e+00
    217.000    214.644    -1.8589  26.873667    -1.8586  26.874084     6.5050     6.7054     0.8345    96.7954 1.0000e-12  -73.94266 -116.20328  52.093081      99.89 1.5086e+02    543.218      13038  1028.4552  1028.4553     4.5921     0.1550     0.1208    34.0497    34.0498    8.47230         28 0.0000e+00
    218.000    215.632    -1.8590  26.873933    -1.8594  26.873840     6.5034     6.7039     0.8189    97.1992 1.0000e-12  -73.94266 -116.20328  52.093094      99.90 1.5165e+02    544.348      13065  1028.4598  1028.4602     4.6107     0.1731     0.1218    34.0495    34.0498    8.47233         27 0.0000e+00
    219.000    216.622    -1.8587  26.874869    -1.8586  26.875028     6.5105     6.7099     0.7815    96.8851 1.0000e-12  -73.94266 -116.20328  52.093107      99.89 1.5241e+02    545.465      13092  1028.4649  1028.4650     4.5961     0.1799     0.1197    34.0498    34.0500    8.47224         26 0.0000e+00
    220.000    217.610    -1.8583  26.875861    -1.8581  26.876179     6.5196     6.7146     0.5945    96.7956 1.0000e-12  -73.94266 -116.20328  52.093120      99.90 1.5106e+02    546.564      13119  1028.4699  1028.4700     4.5919     0.1363     0.1179    34.0501    34.0503    8.47213         26 0.0000e+00
    221.000    218.599    -1.8578  26.876936    -1.8574  26.877344     6.5002     6.7200     0.7077    97.2629 1.0000e-12  -73.94266 -116.20328  52.093133      99.88 1.5167e+02    547.666      13145  1028.4749  1028.4749     4.6140     0.2332     0.1211    34.0504    34.0505    8.47199         27 0.0000e+00
    222.000    219.587    -1.8570  26.878208    -1.8565  26.878540     6.5217     6.7170     0.7259    97.0688 1.0000e-12  -73.94266 -116.20328  52.093146      78.19 1.5257e+02    548.783      13172  1028.4798  1028.4797     4.6048     0.1986     0.1296    34.0506    34.0505    8.47179         26 0.0000e+00
    223.000    220.575    -1.8563  26.879236    -1.8558  26.879633     6.5157     6.7116     0.7757    97.3565 1.0000e-12  -73.94266 -116.20328  52.093159      97.41 1.5129e+02    549.897      13199  1028.4845  1028.4846     4.6184     0.2390     0.1244    34.0506    34.0506    8.47164         28 0.0000e+00
    224.000    221.564    -1.8562  26.879747    -1.8558  26.880171     6.5214     6.7136     0.7566    97.1996 1.0000e-12  -73.94266 -116.20328  52.093171      99.88 1.5120e+02    551.015      13225  1028.4894  1028.4894     4.6111     0.1548     0.1186    34.0506    34.0508    8.47162         26 0.0000e+00
    225.000    222.552    -1.8563  26.880293    -1.8558  26.880597     6.5180     6.7192     0.5712    97.2632 1.0000e-12  -73.94266 -116.20328  52.093184      99.89 1.5215e+02    552.142      13252  1028.4943  1028.4942     4.6140     0.2183     0.1194    34.0508    34.0507    8.47162         27 0.0000e+00
    226.000    223.541    -1.8567  26.880411    -1.8562  26.880859     6.5122     6.7186     0.9566    97.2343 1.0000e-12  -73.94266 -116.20328  52.093197      99.90 1.5188e+02    553.231      13279  1028.4992  1028.4992     4.6126     0.1770     0.1227    34.0508    34.0509    8.47172         26 0.0000e+00
    227.000    224.530    -1.8574  26.880635    -1.8570  26.880928     6.5109     6.7115     0.6638    96.8509 1.0000e-12  -73.94266 -116.20328  52.093209      99.88 1.5048e+02    554.289      13304  1028.5044  1028.5043     4.5946     0.1997     0.1259    34.0513    34.0512    8.47185         25 0.0000e+00
    228.000    225.518    -1.8578  26.880824    -1.8575  26.881106     6.5044     6.7111     1.1100    97.2994 1.0000e-12  -73.94266 -116.20328  52.093222      99.89 1.5240e+02    555.377      13330  1028.5093  1028.5093     4.6156     0.1877     0.1198    34.0514    34.0514    8.47194         27 0.0000e+00
    229.000    226.508    -1.8583  26.881176    -1.8579  26.881533     6.5014     6.7036     0.6217    97.1955 1.0000e-12  -73.94266 -116.20328  52.093235      99.87 1.5218e+02    556.518      13357  1028.5145  1028.5144     4.6108     0.3377     0.1283    34.0518    34.0518    8.47202         28 0.0000e+00
    230.000    227.496    -1.8572  26.882686    -1.8567  26.883025     6.4984     6.6940     0.3163    97.2230 1.0000e-12  -73.94266 -116.20328  52.093248      99.88 1.5116e+02    557.660      13385  1028.5194  1028.5193     4.6121     0.2356     0.1196    34.0521    34.0520    8.47176         27 0.0000e+00
    231.000    228.484    -1.8550  26.885430    -1.8535  26.886747     6.4766     6.6826     0.8687    97.3915 1.0000e-12  -73.94266 -116.20328  52.093261      99.88 1.5222e+02    558.775      13412  1028.5246  1028.5246     4.6201     0.2153     0.1184    34.0527    34.0528    8.47121         26 0.0000e+00
    232.000    229.473    -1.8503  26.890904    -1.8484  26.892619     6.4759     6.6784     0.5592    97.2275 1.0000e-12  -73.94266 -116.20328  52.093274      99.88 1.5222e+02    559.867      13438  1028.5305  1028.5305     4.6123     0.2330     0.1281    34.0543    34.0545    8.47004         26 0.0000e+00
    233.000    230.462    -1.8459  26.895808    -1.8460  26.895550     6.4749     6.6741     1.1340    96.9789 1.0000e-12  -73.94266 -116.20328  52.093287      90.88 1.5089e+02    560.959      13464  1028.5360  1028.5358     4.6006     0.2209     0.1215    34.0555    34.0552    8.46896         27 0.0000e+00
    234.000    231.449    -1.8476  26.894585    -1.8469  26.895054     6.4726     6.6759     0.4782    97.0469 1.0000e-12  -73.94266 -116.20328  52.093300      78.69 1.5240e+02    562.087      13491  1028.5406  1028.5405     4.6037     0.1548     0.1296    34.0551    34.0550    8.46937         27 0.0000e+00
    235.000    232.438    -1.8442  26.898521    -1.8436  26.898928     6.4691     6.6689     0.5144    97.0033 1.0000e-12  -73.94266 -116.20328  52.093313      99.60 1.5206e+02    563.220      13518  1028.5460  1028.5458     4.6017     0.1990     0.1275    34.0560    34.0559    8.46853         27 0.0000e+00
    236.000    233.428    -1.8434  26.899733    -1.8429  26.899898     6.4507     6.6621     0.5299    96.4416 1.0000e-12  -73.94266 -116.20328  52.093326      99.89 1.5088e+02    564.340      13545  1028.5509  1028.5506     4.5753     0.1771     0.1278    34.0562    34.0559    8.46834         27 0.0000e+00
    237.000    234.414    -1.8409  26.902932    -1.8407  26.902785     6.4525     6.6671     0.3843    97.3145 1.0000e-12  -73.94266 -116.20328  52.093339      99.89 1.5175e+02    565.469      13572  1028.5563  1028.5560     4.6162     0.2239     0.1280    34.0571    34.0567    8.46771         27 0.0000e+00
    238.000    235.405    -1.8378  26.906308    -1.8376  26.906339     6.4553     6.6517     0.5382    97.0759 1.0000e-12  -73.94266 -116.20328  52.093352      99.90 1.5222e+02    566.572      13599  1028.5614  1028.5612     4.6052     0.1412     0.1229    34.0576    34.0574    8.46697         26 0.0000e+00
    239.000    236.392    -1.8387  26.906067    -1.8390  26.905300     6.4397     6.6462     0.2848    97.2107 1.0000e-12  -73.94266 -116.20328  52.093364      99.88 1.5087e+02    567.639      13624  1028.5663  1028.5658     4.6116     0.2022     0.1255    34.0577    34.0570    8.46717         26 0.0000e+00
    240.000    237.381    -1.8345  26.910741    -1.8335  26.911425     6.4353     6.6407     0.4197    97.3553 1.0000e-12  -73.94266 -116.20328  52.093377      99.89 1.5205e+02    568.739      13651  1028.5718  1028.5716     4.6183     0.1784     0.1238    34.0588    34.0586    8.46615         27 0.0000e+00
    241.000    238.370    -1.8336  26.912202    -1.8335  26.912003     6.4349     6.6391     0.5040    97.1106 1.0000e-12  -73.94266 -116.20328  52.093390      99.89 1.5199e+02    569.892      13678  1028.5770  1028.5766     4.6068     0.1461     0.1257    34.0592    34.0587    8.46593         28 0.0000e+00
    242.000    239.358    -1.8332  26.913025    -1.8328  26.913182     6.4354     6.6367     0.4463    97.5082 1.0000e-12  -73.94266 -116.20329  52.093403      99.89 1.5075e+02    571.009      13705  1028.5818  1028.5816     4.6256     0.1217     0.1242    34.0592    34.0589    8.46583         25 0.0000e+00
    243.000    240.346    -1.8330  26.913742    -1.8327  26.913769     6.4434     6.6317     0.3255    97.7539 1.0000e-12  -73.94266 -116.20328  52.093415      99.89 1.5100e+02    572.074      13731  1028.5867  1028.5865     4.6373     0.0952     0.1248    34.0594    34.0591    8.46577         26 0.0000e+00
    244.000    241.334    -1.8337  26.913377    -1.8329  26.914023     6.4290     6.6310     0.2551    97.5203 1.0000e-12  -73.94266 -116.20330  52.093428      99.89 1.5199e+02    573.159      13757  1028.5914  1028.5913     4.6262     0.1238     0.1239    34.0590    34.0590    8.46595         27 0.0000e+00
    245.000    242.324    -1.8331  26.914505    -1.8326  26.914792     6.3921     6.6333     0.6573    97.0140 1.0000e-12  -73.94266 -116.20328  52.093441      99.89 1.5155e+02    574.298      13784  1028.5964  1028.5961     4.6023     0.1157     0.1234    34.0593    34.0591    8.46580         28 0.0000e+00
    246.000    243.312    -1.8327  26.915377    -1.8322  26.915510     6.4566     6.6304     0.2119    97.2265 1.0000e-12  -73.94266 -116.20330  52.093454      98.27 1.5141e+02    575.441      13812  1028.6012  1028.6009     4.6122     0.1473     0.1327    34.0594    34.0590    8.46569         27 0.0000e+00
    247.000    244.300    -1.8328  26.915559    -1.8323  26.915933     6.4379     6.6293     0.2449    97.4310 1.0000e-12  -73.94266 -116.20329  52.093467      96.62 1.5181e+02    576.560      13838  1028.6059  1028.6059     4.6220     0.1110     0.1229    34.0592    34.0591    8.46574         26 0.0000e+00
    248.000    245.288    -1.8331  26.915888    -1.8325  26.916259     6.4322     6.6331     0.2548    97.3189 1.0000e-12  -73.94266 -116.20329  52.093480      99.85 1.5081e+02    577.634      13864  1028.6108  1028.6107     4.6166     0.1399     0.1224    34.0593    34.0591    8.46579         26 0.0000e+00
    249.000    246.277    -1.8331  26.916268    -1.8325  26.916628     6.4246     6.6367     0.0777    97.7150 1.0000e-12  -73.94266 -116.20329  52.093492      99.90 1.5086e+02    578.709      13890  1028.6156  1028.6154     4.6355     0.1060     0.1204    34.0592    34.0590    8.46580         26 0.0000e+00
    250.000    247.266    -1.8308  26.919437    -1.8302  26.919595     6.4274     6.6329     0.1910    97.5125 1.0000e-12  -73.94266 -116.20329  52.093505      56.36 1.5225e+02    579.826      13917  1028.6211  1028.6208     4.6258     0.1102     0.1221    34.0603    34.0600    8.46520         27 0.0000e+00
    251.000    248.255    -1.8286  26.922203    -1.8283  26.922012     6.4258     6.6221     0.3171    97.6407 1.0000e-12  -73.94266 -116.20329  52.093518     100.02 1.5100e+02    580.974      13944  1028.6264  1028.6260     4.6319     0.0873     0.1220    34.0610    34.0605    8.46465         27 0.0000e+00
    252.000    249.243    -1.8215  26.930286    -1.8214  26.929754     6.4283     6.6203     0.1005    97.7820 1.0000e-12  -73.94266 -116.20328  52.093531      99.15 1.5098e+02    582.119      13972  1028.6328  1028.6322     4.6386     0.0921     0.1187    34.0635    34.0627    8.46288         28 0.0000e+00
    253.000    250.231    -1.8175  26.934625    -1.8170  26.934781     6.4194     6.6178     0.1046    97.8001 1.0000e-12  -73.94266 -116.20330  52.093545      99.02 1.5226e+02    583.247      13999  1028.6381  1028.6378     4.6395     0.0930     0.1193    34.0643    34.0640    8.46191         27 0.0000e+00
    254.000    251.220    -1.8194  26.933222    -1.8190  26.933145     6.4193     6.6267     0.1168    97.4542 1.0000e-12  -73.94266 -116.20328  52.093557      98.12 1.5161e+02    584.334      14025  1028.6427  1028.6423     4.6231     0.0878     0.1197    34.0639    34.0634    8.46237         25 0.0000e+00
    255.000    252.207    -1.8181  26.934932    -1.8182  26.934369     6.4259     6.6241     0.1129    97.6128 1.0000e-12  -73.94266 -116.20330  52.093569      97.09 1.5073e+02    585.396      14051  1028.6478  1028.6473     4.6306     0.1071     0.1219    34.0643    34.0636    8.46207         26 0.0000e+00
    256.000    253.197    -1.8190  26.934249    -1.8183  26.934837     6.4242     6.6210     0.2262    97.7581 1.0000e-12  -73.94266 -116.20328  52.093582      96.34 1.5262e+02    586.477      14076  1028.6522  1028.6522     4.6375     0.0795     0.1211    34.0637    34.0637    8.46230         26 0.0000e+00
    257.000    254.184    -1.8205  26.933265    -1.8197  26.933791     6.4246     6.6190     0.1651    97.9940 1.0000e-12  -73.94266 -116.20330  52.093595      94.33 1.5193e+02    587.594      14103  1028.6569  1028.6567     4.6487     0.0757     0.1224    34.0634    34.0632    8.46267         27 0.0000e+00
    258.000    255.173    -1.8207  26.933507    -1.8193  26.934600     6.4188     6.6240     0.0636    97.9832 1.0000e-12  -73.94266 -116.20330  52.093608      92.94 1.5082e+02    588.712      14130  1028.6616  1028.6615     4.6481     0.0734     0.1203    34.0633    34.0632    8.46271         27 0.0000e+00
    259.000    256.162    -1.8190  26.935813    -1.8181  26.936259     6.4171     6.6260     0.2175    97.9075 1.0000e-12  -73.94266 -116.20330  52.093621      92.16 1.5229e+02    589.848      14157  1028.6669  1028.6666     4.6446     0.0896     0.1248    34.0640    34.0636    8.46228         28 0.0000e+00
