ocean_section_plots/required_files/ctd/dnbp2202_ctd135.cnv
* Sea-Bird SBE 9 Data File:
* FileName = D:\Data\raw\NBP2202_CTD135.hex
* Software Version Seasave V 7.26.7.121
* Temperature SN = 1649
* Conductivity SN = 2513
* Number of Bytes Per Scan = 40
* Number of Voltage Words = 5
* Number of Scans Averaged by the Deck Unit = 1
* NMEA Latitude = 74 00.94 S
* NMEA Longitude = 112 50.22 W
* NMEA UTC (Time) = Jan 28 2022  07:59:16
* NMEA baud rate = 9600
** Ship: RVIB N.B. Palmer
** Cruise: NBP2202 Thwaites
** Station: 64
** Operator: B. Bjork
# nquan = 25
# nvalues = 783                         
# units = specified
# name 0 = prDM: Pressure, Digiquartz [db]
# name 1 = depSM: Depth [salt water, m]
# name 2 = t090C: Temperature [ITS-90, deg C]
# name 3 = c0mS/cm: Conductivity [mS/cm]
# name 4 = t190C: Temperature, 2 [ITS-90, deg C]
# name 5 = c1mS/cm: Conductivity, 2 [mS/cm]
# name 6 = sbeox0ML/L: Oxygen, SBE 43 [ml/l]
# name 7 = sbeox1ML/L: Oxygen, SBE 43, 2 [ml/l]
# name 8 = flECO-AFL: Fluorescence, WET Labs ECO-AFL/FL [mg/m^3]
# name 9 = CStarTr0: Beam Transmission, WET Labs C-Star [%]
# name 10 = par: PAR/Irradiance, Biospherical/Licor
# name 11 = latitude: Latitude [deg]
# name 12 = longitude: Longitude [deg]
# name 13 = timeJ: Julian Days
# name 14 = altM: Altimeter [m]
# name 15 = spar: SPAR, Biospherical/Licor
# name 16 = timeS: Time, Elapsed [seconds]
# name 17 = scan: Scan Count
# name 18 = density00: Density [density, kg/m^3]
# name 19 = density11: Density, 2 [density, kg/m^3]
# name 20 = sal00: Salinity, Practical [PSU]
# name 21 = sal11: Salinity, Practical, 2 [PSU]
# name 22 = oxsolML/L: Oxygen Saturation, Garcia & Gordon [ml/l]
# name 23 = nbin: number of scans per bin
# name 24 = flag: flag
# span 0 =      2.000,    784.000       
# span 1 =      1.982,    774.424       
# span 2 =    -1.6157,     0.3410       
# span 3 =  26.931689,  29.288759       
# span 4 =    -1.6173,     0.3435       
# span 5 =  26.932510,  29.288646       
# span 6 =     4.6512,     9.1750       
# span 7 =     4.7313,     9.4184       
# span 8 =    -0.0160,    29.4441       
# span 9 =    61.7319,    94.2754       
# span 10 = 1.0000e-12, 6.3754e+00      
# span 11 =  -74.01611,  -74.01574      
# span 12 = -112.83738, -112.83701      
# span 13 =  28.335417,  28.347504      
# span 14 =       1.04,     100.42      
# span 15 = 2.4680e+01, 3.7033e+01      
# span 16 =    224.069,   1268.342      
# span 17 =       5379,      30441      
# span 18 =  1027.1904,  1031.3668      
# span 19 =  1027.1939,  1031.3644      
# span 20 =    33.8166,    34.4814      
# span 21 =    33.8209,    34.4785      
# span 22 =    7.96829,    8.42391      
# span 23 =          4,         53      
# span 24 = 0.0000e+00, 0.0000e+00      
# interval = decibars: 1                
# start_time = Jan 28 2022 07:59:16 [NMEA time, header]
# bad_flag = -9.990e-29
*END*
[from data line 406]
    408.000    403.383    -0.3642  28.373527    -0.3621  28.372707     5.0370     5.1404     0.0248    94.0580 1.0000e-12  -74.01574 -112.83707  28.341303      99.80 3.5361e+01    732.611      17584  1029.4842  1029.4813    34.2811    34.2777    8.12777         27 0.0000e+00
    409.000    404.370    -0.3394  28.398142    -0.3368  28.397054     5.0240     5.1240     0.0239    94.0603 1.0000e-12  -74.01574 -112.83707  28.341317      99.79 3.6083e+01    733.781      17612  1029.4907  1029.4870    34.2856    34.2812    8.12223         28 0.0000e+00
    410.000    405.359    -0.3210  28.415965    -0.3191  28.415216     5.0060     5.1102     0.0253    94.0579 1.0000e-12  -74.01574 -112.83707  28.341329      99.80 3.4193e+01    734.826      17637  1029.4960  1029.4934    34.2880    34.2849    8.11815         22 0.0000e+00
    411.000    406.345    -0.3110  28.426569    -0.3091  28.425542     5.0010     5.1018     0.0252    94.0284 1.0000e-12  -74.01574 -112.83706  28.341340      99.80 3.6769e+01    735.759      17659  1029.5020  1029.4991    34.2904    34.2868    8.11590         24 0.0000e+00
    412.000    407.334    -0.2952  28.442295    -0.2933  28.441418     5.0021     5.1001     0.0196    93.9980 1.0000e-12  -74.01574 -112.83706  28.341352      99.79 3.6528e+01    736.791      17684  1029.5078  1029.5050    34.2930    34.2897    8.11238         25 0.0000e+00
    413.000    408.321    -0.2915  28.446552    -0.2894  28.446140     4.9994     5.0937     0.0216    93.9992 1.0000e-12  -74.01574 -112.83707  28.341363      73.43 3.4648e+01    737.790      17708  1029.5133  1029.5108    34.2939    34.2910    8.11154         23 0.0000e+00
    414.000    409.310    -0.2889  28.449435    -0.2872  28.448654     4.9987     5.0930     0.0216    94.0314 1.0000e-12  -74.01574 -112.83708  28.341375      90.17 3.5796e+01    738.809      17732  1029.5183  1029.5158    34.2942    34.2913    8.11096         26 0.0000e+00
    415.000    410.296    -0.2841  28.454618    -0.2834  28.452744     4.9933     5.0899     0.0216    94.0586 1.0000e-12  -74.01574 -112.83708  28.341388      99.91 3.6830e+01    739.909      17759  1029.5236  1029.5209    34.2951    34.2918    8.10989         26 0.0000e+00
    416.000    411.284    -0.2828  28.456081    -0.2806  28.455762     4.9854     5.0857     0.0216    94.0403 1.0000e-12  -74.01574 -112.83708  28.341400      99.79 3.4221e+01    740.988      17785  1029.5284  1029.5260    34.2951    34.2922    8.10963         26 0.0000e+00
    417.000    412.272    -0.2796  28.459885    -0.2768  28.459909     4.9818     5.0806     0.0270    94.0179 1.0000e-12  -74.01574 -112.83708  28.341413      99.80 3.5447e+01    742.077      17811  1029.5337  1029.5311    34.2959    34.2929    8.10889         27 0.0000e+00
    418.000    413.260    -0.2681  28.471780    -0.2657  28.471426     4.9823     5.0777     0.0221    94.0070 1.0000e-12  -74.01574 -112.83708  28.341426      99.80 3.5830e+01    743.189      17838  1029.5396  1029.5369    34.2983    34.2951    8.10631         25 0.0000e+00
    419.000    414.247    -0.2649  28.475836    -0.2624  28.475539     4.9720     5.0761     0.0290    94.0384 1.0000e-12  -74.01574 -112.83708  28.341437      99.79 3.4279e+01    744.157      17861  1029.5452  1029.5425    34.2994    34.2963    8.10556         22 0.0000e+00
    420.000    415.234    -0.2517  28.489434    -0.2495  28.488841     4.9571     5.0563     0.0208    94.0296 1.0000e-12  -74.01574 -112.83708  28.341448      99.80 3.5792e+01    745.140      17884  1029.5512  1029.5484    34.3022    34.2989    8.10261         26 0.0000e+00
    421.000    416.223    -0.2397  28.502105    -0.2372  28.501172     4.9356     5.0346     0.0286    94.0345 1.0000e-12  -74.01574 -112.83708  28.341461      99.80 3.6617e+01    746.233      17911  1029.5572  1029.5538    34.3049    34.3009    8.09989         26 0.0000e+00
    422.000    417.209    -0.2045  28.536499    -0.2020  28.535800     4.9305     5.0252     0.0214    94.0356 1.0000e-12  -74.01574 -112.83708  28.341473      99.80 3.4622e+01    747.258      17935  1029.5637  1029.5605    34.3106    34.3069    8.09210         24 0.0000e+00
    423.000    418.199    -0.2012  28.539564    -0.1989  28.539445     4.9242     5.0252     0.0153    94.0409 1.0000e-12  -74.01574 -112.83708  28.341484      99.80 3.5760e+01    748.260      17959  1029.5683  1029.5659    34.3104    34.3076    8.09141         24 0.0000e+00
    424.000    419.185    -0.2011  28.540228    -0.1987  28.540002     4.9241     5.0211     0.0193    94.0286 1.0000e-12  -74.01574 -112.83708  28.341497      99.80 3.6471e+01    749.313      17985  1029.5734  1029.5708    34.3106    34.3076    8.09138         25 0.0000e+00
    425.000    420.173    -0.1979  28.543732    -0.1959  28.543233     4.9247     5.0191     0.0210    94.0239 1.0000e-12  -74.01574 -112.83708  28.341508      69.21 3.5075e+01    750.287      18008  1029.5785  1029.5760    34.3111    34.3081    8.09068         22 0.0000e+00
    426.000    421.161    -0.1969  28.545115    -0.1949  28.544494     4.9203     5.0163     0.0256    94.0247 1.0000e-12  -74.01574 -112.83708  28.341519      83.67 3.5323e+01    751.225      18030  1029.5834  1029.5809    34.3112    34.3081    8.09046         25 0.0000e+00
    427.000    422.148    -0.1940  28.548267    -0.1915  28.548161     4.9169     5.0129     0.0247    94.0326 1.0000e-12  -74.01574 -112.83708  28.341532      96.04 3.5823e+01    752.350      18057  1029.5884  1029.5858    34.3115    34.3085    8.08982         28 0.0000e+00
    428.000    423.136    -0.1891  28.553546    -0.1868  28.553153     4.9155     5.0094     0.0171    94.0285 1.0000e-12  -74.01574 -112.83708  28.341545      99.80 3.5257e+01    753.482      18085  1029.5936  1029.5910    34.3124    34.3093    8.08872         26 0.0000e+00
    429.000    424.124    -0.1844  28.558808    -0.1823  28.558000     4.9142     5.0041     0.0143    94.0341 1.0000e-12  -74.01574 -112.83708  28.341557      99.80 3.5687e+01    754.557      18110  1029.5990  1029.5962    34.3135    34.3102    8.08766         25 0.0000e+00
    430.000    425.112    -0.1808  28.562745    -0.1787  28.562176     4.9077     5.0032     0.0140    94.0167 1.0000e-12  -74.01574 -112.83708  28.341569      99.79 3.6505e+01    755.567      18135  1029.6041  1029.6015    34.3142    34.3110    8.08688         23 0.0000e+00
    431.000    426.100    -0.1767  28.567261    -0.1745  28.566913     4.9040     4.9991     0.0166    94.0267 1.0000e-12  -74.01574 -112.83708  28.341580      99.80 3.5827e+01    756.534      18158  1029.6092  1029.6068    34.3149    34.3120    8.08595         25 0.0000e+00
    432.000    427.085    -0.1696  28.575240    -0.1668  28.574959     4.8945     4.9893     0.0178    94.0370 1.0000e-12  -74.01574 -112.83708  28.341593      99.80 3.5517e+01    757.634      18184  1029.6151  1029.6122    34.3169    34.3135    8.08433         27 0.0000e+00
    433.000    428.075    -0.1587  28.586488    -0.1561  28.586245     4.8929     4.9885     0.0143    94.0101 1.0000e-12  -74.01574 -112.83708  28.341605      99.80 3.7033e+01    758.717      18210  1029.6208  1029.6180    34.3190    34.3158    8.08190         25 0.0000e+00
    434.000    429.060    -0.1530  28.592455    -0.1510  28.591889     4.8942     4.9821     0.0143    94.0264 1.0000e-12  -74.01574 -112.83708  28.341617      99.80 3.6056e+01    759.691      18234  1029.6259  1029.6234    34.3200    34.3170    8.08065         22 0.0000e+00
    435.000    430.051    -0.1508  28.594867    -0.1488  28.594416     4.8890     4.9813     0.0143    94.0261 1.0000e-12  -74.01574 -112.83707  28.341627      99.79 3.4387e+01    760.599      18255  1029.6307  1029.6283    34.3202    34.3173    8.08018         23 0.0000e+00
    436.000    431.035    -0.1492  28.596942    -0.1471  28.596439     4.8842     4.9771     0.0143    94.0107 1.0000e-12  -74.01574 -112.83707  28.341640      99.80 3.6059e+01    761.677      18281  1029.6357  1029.6332    34.3205    34.3175    8.07981         28 0.0000e+00
    437.000    432.025    -0.1474  28.599136    -0.1453  28.598614     4.8784     4.9685     0.0065    94.0102 1.0000e-12  -74.01574 -112.83707  28.341653      99.80 3.6700e+01    762.843      18309  1029.6407  1029.6381    34.3208    34.3177    8.07942         27 0.0000e+00
    438.000    433.012    -0.1400  28.607384    -0.1361  28.608287     4.8731     4.9673     0.0144    94.0146 1.0000e-12  -74.01574 -112.83707  28.341665      81.07 3.5565e+01    763.867      18334  1029.6465  1029.6438    34.3228    34.3198    8.07773         22 0.0000e+00
    439.000    433.998    -0.1325  28.614823    -0.1300  28.614604     4.8748     4.9665     0.0143    94.0127 1.0000e-12  -74.01574 -112.83707  28.341676      88.23 3.5944e+01    764.781      18356  1029.6514  1029.6488    34.3237    34.3206    8.07610         23 0.0000e+00
    440.000    434.988    -0.1273  28.620389    -0.1249  28.620049     4.8673     4.9611     0.0200    94.0207 1.0000e-12  -74.01574 -112.83707  28.341688      99.76 3.6202e+01    765.851      18381  1029.6567  1029.6539    34.3247    34.3215    8.07495         28 0.0000e+00
    441.000    435.975    -0.1223  28.626441    -0.1202  28.626033     4.8739     4.9626     0.0216    94.0170 1.0000e-12  -74.01574 -112.83707  28.341702      99.79 3.5312e+01    767.032      18410  1029.6625  1029.6601    34.3265    34.3237    8.07378         28 0.0000e+00
    442.000    436.961    -0.1228  28.626626    -0.1207  28.626038     4.8742     4.9707     0.0141    94.0228 1.0000e-12  -74.01574 -112.83708  28.341714      99.79 3.5858e+01    768.129      18436  1029.6676  1029.6650    34.3267    34.3236    8.07388         24 0.0000e+00
    443.000    437.950    -0.1234  28.626403    -0.1223  28.625134     4.8863     4.9755     0.0139    94.0051 1.0000e-12  -74.01574 -112.83706  28.341725      99.80 3.6367e+01    769.075      18459  1029.6724  1029.6700    34.3266    34.3236    8.07403         21 0.0000e+00
    444.000    438.938    -0.1262  28.624085    -0.1245  28.623438     4.8917     4.9787     0.0190    94.0170 1.0000e-12  -74.01574 -112.83706  28.341735      99.80 3.4848e+01    769.943      18480  1029.6771  1029.6747    34.3261    34.3232    8.07465         22 0.0000e+00
    445.000    439.925    -0.1414  28.611102    -0.1396  28.610780     4.8951     4.9866     0.0216    94.0138 1.0000e-12  -74.01574 -112.83706  28.341747      99.79 3.6585e+01    770.921      18503  1029.6825  1029.6804    34.3252    34.3227    8.07790         26 0.0000e+00
    446.000    440.912    -0.1386  28.615330    -0.1360  28.615162     4.8921     4.9871     0.0216    94.0189 1.0000e-12  -74.01574 -112.83708  28.341760      99.80 3.6771e+01    772.073      18531  1029.6886  1029.6858    34.3271    34.3240    8.07721         28 0.0000e+00
    447.000    441.901    -0.1375  28.617412    -0.1364  28.616400     4.8966     4.9896     0.0216    94.0297 1.0000e-12  -74.01574 -112.83706  28.341773      99.80 3.4715e+01    773.155      18557  1029.6939  1029.6918    34.3280    34.3254    8.07691         25 0.0000e+00
    448.000    442.887    -0.1402  28.615997    -0.1381  28.615506     4.8921     4.9873     0.0216    94.0299 1.0000e-12  -74.01574 -112.83708  28.341785      99.79 3.5817e+01    774.203      18582  1029.6993  1029.6968    34.3286    34.3256    8.07745         25 0.0000e+00
    449.000    443.874    -0.1368  28.619871    -0.1344  28.619690     4.8876     4.9744     0.0213    94.0323 1.0000e-12  -74.01574 -112.83708  28.341798      99.79 3.6416e+01    775.339      18609  1029.7044  1029.7018    34.3294    34.3264    8.07670         29 0.0000e+00
    450.000    444.861    -0.1284  28.629057    -0.1257  28.628973     4.8819     4.9783     0.0175    94.0295 1.0000e-12  -74.01574 -112.83708  28.341810      99.79 3.5336e+01    776.416      18635  1029.7102  1029.7074    34.3315    34.3284    8.07480         23 0.0000e+00
    451.000    445.850    -0.1226  28.635004    -0.1205  28.634593     4.8819     4.9713     0.0140    94.0321 1.0000e-12  -74.01574 -112.83708  28.341821      78.55 3.6669e+01    777.332      18657  1029.7150  1029.7126    34.3323    34.3294    8.07352         22 0.0000e+00
    452.000    446.838    -0.1203  28.637660    -0.1182  28.637264     4.8789     4.9664     0.0140    94.0499 1.0000e-12  -74.01574 -112.83708  28.341833      94.66 3.6887e+01    778.357      18682  1029.7199  1029.7174    34.3327    34.3298    8.07302         27 0.0000e+00
    453.000    447.825    -0.1170  28.641444    -0.1147  28.641090     4.8731     4.9705     0.0109    94.0185 1.0000e-12  -74.01574 -112.83708  28.341847      99.85 3.5482e+01    779.558      18710  1029.7249  1029.7224    34.3333    34.3304    8.07228         29 0.0000e+00
    454.000    448.812    -0.1141  28.644821    -0.1120  28.644476     4.8755     4.9638     0.0098    94.0373 1.0000e-12  -74.01574 -112.83708  28.341860      99.80 3.6184e+01    780.681      18737  1029.7300  1029.7277    34.3341    34.3312    8.07164         25 0.0000e+00
    455.000    449.801    -0.1092  28.650410    -0.1069  28.650083     4.8800     4.9658     0.0186    94.0522 1.0000e-12  -74.01574 -112.83708  28.341871      99.79 3.6963e+01    781.691      18762  1029.7354  1029.7329    34.3353    34.3324    8.07052         23 0.0000e+00
    456.000    450.787    -0.1079  28.652523    -0.1056  28.652182     4.8784     4.9705     0.0266    94.0392 1.0000e-12  -74.01574 -112.83708  28.341882      99.79 3.5897e+01    782.606      18784  1029.7407  1029.7381    34.3360    34.3330    8.07020         22 0.0000e+00
    457.000    451.774    -0.1061  28.654985    -0.1040  28.654668     4.8833     4.9721     0.0151    94.0075 1.0000e-12  -74.01574 -112.83708  28.341893      99.80 3.6333e+01    783.581      18807  1029.7459  1029.7435    34.3367    34.3339    8.06979         26 0.0000e+00
    458.000    452.763    -0.1099  28.653006    -0.1078  28.652680     4.8891     4.9839     0.0206    94.0383 1.0000e-12  -74.01574 -112.83708  28.341907      99.80 3.6707e+01    784.733      18835  1029.7518  1029.7495    34.3377    34.3350    8.07053         28 0.0000e+00
    459.000    453.750    -0.1137  28.650729    -0.1117  28.650417     4.8961     4.9855     0.0154    94.0564 1.0000e-12  -74.01574 -112.83709  28.341920      99.80 3.5864e+01    785.860      18862  1029.7575  1029.7552    34.3385    34.3357    8.07131         26 0.0000e+00
    460.000    454.736    -0.1151  28.650231    -0.1130  28.649967     4.8875     4.9797     0.0217    94.0505 1.0000e-12  -74.01574 -112.83709  28.341932      99.80 3.6291e+01    786.907      18887  1029.7626  1029.7603    34.3387    34.3360    8.07158         24 0.0000e+00
    461.000    455.725    -0.1101  28.656249    -0.1076  28.656079     4.8821     4.9782     0.0210    94.0612 1.0000e-12  -74.01574 -112.83709  28.341944      99.79 3.6614e+01    787.938      18912  1029.7683  1029.7657    34.3405    34.3375    8.07042         26 0.0000e+00
    462.000    456.711    -0.1007  28.665661    -0.0989  28.664985     4.8770     4.9782     0.0143    94.0461 1.0000e-12  -74.01574 -112.83709  28.341955      99.80 3.6432e+01    788.923      18935  1029.7733  1029.7709    34.3419    34.3390    8.06836         21 0.0000e+00
    463.000    457.700    -0.0970  28.669728    -0.0960  28.668183     4.8764     4.9664     0.0202    94.0484 1.0000e-12  -74.01574 -112.83709  28.341966      99.79 3.5677e+01    789.881      18958  1029.7783  1029.7757    34.3425    34.3394    8.06755         25 0.0000e+00
    464.000    458.689    -0.0944  28.672724    -0.0923  28.672253     4.8807     4.9619     0.0156    94.0725 1.0000e-12  -74.01574 -112.83710  28.341979      80.96 3.6112e+01    790.972      18984  1029.7832  1029.7807    34.3430    34.3400    8.06697         27 0.0000e+00
