ocean_section_plots/required_files/ctd/dnbp2202_ctd177.cnv
* Sea-Bird SBE 9 Data File:
* FileName = D:\Data\raw\NBP2202_CTD177.hex
* Software Version Seasave V 7.26.7.121
* Temperature SN = 1649
* Conductivity SN = 2513
* Number of Bytes Per Scan = 40
* Number of Voltage Words = 5
* Number of Scans Averaged by the Deck Unit = 1
* NMEA Latitude = 74 00.70 S
* NMEA Longitude = 111 15.75 W
* NMEA UTC (Time) = Feb 03 2022  21:49:47
* NMEA baud rate = 9600
** Ship: RVIB N.B. Palmer
** Cruise: NBP2202 Thwaites
** Station: 99
** Operator: A. Robinson
# nquan = 28
# nvalues = 610                         
# units = specified
# name 0 = prDM: Pressure, Digiquartz [db]
# name 1 = depSM: Depth [salt water, m]
# name 2 = t090C: Temperature [ITS-90, deg C]
# name 3 = c0mS/cm: Conductivity [mS/cm]
# name 4 = t190C: Temperature, 2 [ITS-90, deg C]
# name 5 = c1mS/cm: Conductivity, 2 [mS/cm]
# name 6 = sbeox0ML/L: Oxygen, SBE 43 [ml/l]
# name 7 = sbeox1ML/L: Oxygen, SBE 43, 2 [ml/l]
# name 8 = flECO-AFL: Fluorescence, WET Labs ECO-AFL/FL [mg/m^3]
# name 9 = CStarTr0: Beam Transmission, WET Labs C-Star [%]
# name 10 = par: PAR/Irradiance, Biospherical/Licor
# name 11 = latitude: Latitude [deg]
# name 12 = longitude: Longitude [deg]
# name 13 = timeJ: Julian Days
# name 14 = altM: Altimeter [m]
# name 15 = spar: SPAR, Biospherical/Licor
# name 16 = timeS: Time, Elapsed [seconds]
# name 17 = scan: Scan Count
# name 18 = density00: Density [density, kg/m^3]
# name 19 = density11: Density, 2 [density, kg/m^3]
# name 20 = v3: Voltage 3
# name 21 = v4: Voltage 4
# name 22 = v5: Voltage 5
# name 23 = sal00: Salinity, Practical [PSU]
# name 24 = sal11: Salinity, Practical, 2 [PSU]
# name 25 = oxsolML/L: Oxygen Saturation, Garcia & Gordon [ml/l]
# name 26 = nbin: number of scans per bin
# name 27 = flag: flag
# span 0 =      2.000,    611.000       
# span 1 =      1.967,    603.800       
# span 2 =    -1.5504,     0.3380       
# span 3 =  26.997590,  29.228131       
# span 4 =    -1.5509,     0.3403       
# span 5 =  26.998029,  29.227599       
# span 6 =     4.6567,     7.3735       
# span 7 =     4.7823,     7.4763       
# span 8 =    -0.0150,     5.2591       
# span 9 =    85.8260,    98.8611       
# span 10 = -7.872e-06, 1.0248e+03      
# span 11 =  -74.01176,  -74.01174      
# span 12 = -111.26256, -111.26250      
# span 13 =  34.912301,  34.920206      
# span 14 =       4.07,      99.88      
# span 15 = 1.7226e+03, 1.7376e+03      
# span 16 =    235.761,    918.753      
# span 17 =       5659,      22051      
# span 18 =  1027.1761,  1030.5762      
# span 19 =  1027.1809,  1030.5736      
# span 20 =     4.0717,     4.6898      
# span 21 =     0.0652,     0.9543      
# span 22 =     0.1134,     0.1537      
# span 23 =    33.7724,    34.5053      
# span 24 =    33.7770,    34.5026      
# span 25 =    7.96757,    8.40523      
# span 26 =          4,         44      
# span 27 = 0.0000e+00, 0.0000e+00      
# interval = decibars: 1                
# start_time = Feb 03 2022 21:49:47 [NMEA time, header]
# bad_flag = -9.990e-29
*END*
[from data line 52]
     54.000     53.434    -1.4626  27.032185    -1.4641  27.032737     6.0816     6.2785     0.2291    98.1088 1.5220e+00  -74.01176 -111.26254  34.913339      99.77 1.7349e+03    325.526       7814  1027.5533  1027.5554     4.6541     0.2008     0.1199    33.9195    33.9221    8.38998         31 0.0000e+00
     55.000     54.424    -1.4631  27.032374    -1.4654  27.032471     6.0900     6.2905     0.1978    98.1227 1.4431e+00  -74.01176 -111.26254  34.913354      99.77 1.7359e+03    326.767       7843  1027.5583  1027.5607     4.6548     0.1035     0.1203    33.9198    33.9226    8.39009         29 0.0000e+00
     56.000     55.414    -1.4649  27.032103    -1.4668  27.032555     6.0960     6.2990     0.3219    98.2672 1.3697e+00  -74.01176 -111.26254  34.913368      99.77 1.7360e+03    327.996       7873  1027.5640  1027.5664     4.6617     0.1086     0.1207    33.9208    33.9236    8.39043         29 0.0000e+00
     57.000     56.402    -1.4650  27.034258    -1.4664  27.034841     6.1117     6.3054     0.3537    98.2462 1.2973e+00  -74.01176 -111.26254  34.913382      99.77 1.7344e+03    329.199       7902  1027.5708  1027.5729     4.6607     0.1098     0.1190    33.9233    33.9257    8.39031         28 0.0000e+00
     58.000     57.392    -1.4616  27.039210    -1.4636  27.039255     6.1198     6.3049     0.2388    98.1580 1.2289e+00  -74.01176 -111.26254  34.913395      99.77 1.7363e+03    330.368       7930  1027.5774  1027.5793     4.6564     0.1085     0.1207    33.9257    33.9280    8.38941         28 0.0000e+00
     59.000     58.382    -1.4609  27.041039    -1.4633  27.040836     6.1166     6.3120     0.2511    98.2292 1.1617e+00  -74.01176 -111.26254  34.913409      99.78 1.7364e+03    331.525       7958  1027.5830  1027.5851     4.6598     0.1024     0.1187    33.9267    33.9292    8.38918         28 0.0000e+00
     60.000     59.372    -1.4615  27.040992    -1.4636  27.041096     6.1091     6.3094     0.3098    98.1587 1.0988e+00  -74.01176 -111.26254  34.913422      99.77 1.7351e+03    332.667       7985  1027.5878  1027.5900     4.6565     0.1276     0.1204    33.9268    33.9293    8.38932         27 0.0000e+00
     61.000     60.360    -1.4626  27.041258    -1.4644  27.041533     6.1069     6.3112     0.3743    98.2555 1.0363e+00  -74.01176 -111.26254  34.913435      99.77 1.7364e+03    333.823       8013  1027.5936  1027.5955     4.6610     0.1131     0.1204    33.9278    33.9302    8.38951         28 0.0000e+00
     62.000     61.349    -1.4615  27.043480    -1.4635  27.043430     6.1196     6.3147     0.4889    98.1503 9.7647e-01  -74.01176 -111.26254  34.913449      99.78 1.7365e+03    334.985       8041  1027.5992  1027.6010     4.6561     0.1297     0.1198    33.9289    33.9311    8.38919         28 0.0000e+00
     63.000     62.339    -1.4604  27.045956    -1.4623  27.046174     6.1221     6.3111     0.3311    98.1961 9.2126e-01  -74.01176 -111.26254  34.913462      99.77 1.7356e+03    336.128       8068  1027.6052  1027.6072     4.6582     0.1405     0.1182    33.9305    33.9329    8.38885         27 0.0000e+00
     64.000     63.327    -1.4619  27.045983    -1.4634  27.046463     6.1145     6.3146     0.2769    98.0691 8.6873e-01  -74.01176 -111.26254  34.913475      99.78 1.7362e+03    337.278       8096  1027.6110  1027.6130     4.6522     0.0980     0.1192    33.9316    33.9340    8.38913         28 0.0000e+00
     65.000     64.319    -1.4595  27.049107    -1.4617  27.048737     6.1171     6.3201     0.2695    98.1230 8.1983e-01  -74.01176 -111.26254  34.913489      99.78 1.7362e+03    338.426       8123  1027.6164  1027.6182     4.6548     0.1063     0.1200    33.9326    33.9346    8.38853         27 0.0000e+00
     66.000     65.307    -1.4600  27.049689    -1.4619  27.049839     6.1239     6.3179     0.2381    98.0604 7.7430e-01  -74.01176 -111.26254  34.913502      99.77 1.7358e+03    339.566       8151  1027.6219  1027.6239     4.6519     0.1035     0.1186    33.9332    33.9356    8.38859         28 0.0000e+00
     67.000     66.295    -1.4607  27.050227    -1.4625  27.050356     6.1194     6.3216     0.2463    98.2218 7.3115e-01  -74.01176 -111.26255  34.913515      99.78 1.7356e+03    340.710       8178  1027.6275  1027.6293     4.6594     0.2187     0.1189    33.9341    33.9363    8.38869         27 0.0000e+00
     68.000     67.286    -1.4606  27.051068    -1.4624  27.051345     6.1266     6.3186     0.3092    98.1439 6.8916e-01  -74.01176 -111.26255  34.913528      99.77 1.7355e+03    341.860       8206  1027.6326  1027.6346     4.6558     0.1568     0.1186    33.9346    33.9370    8.38865         28 0.0000e+00
     69.000     68.275    -1.4603  27.051660    -1.4621  27.051913     6.1260     6.3192     0.3010    98.2355 6.4932e-01  -74.01176 -111.26255  34.913542      99.78 1.7352e+03    343.006       8233  1027.6373  1027.6392     4.6601     0.1149     0.1175    33.9344    33.9368    8.38859         27 0.0000e+00
     70.000     69.264    -1.4602  27.052450    -1.4621  27.052528     6.1265     6.3233     0.2718    98.1716 6.1270e-01  -74.01176 -111.26254  34.913555      99.78 1.7348e+03    344.152       8261  1027.6424  1027.6442     4.6571     0.1191     0.1196    33.9348    33.9370    8.38855         28 0.0000e+00
     71.000     70.253    -1.4617  27.052407    -1.4637  27.052314     6.1371     6.3268     0.2407    98.1701 5.7856e-01  -74.01176 -111.26256  34.913568      99.78 1.7366e+03    345.306       8288  1027.6480  1027.6499     4.6570     0.1414     0.1262    33.9358    33.9380    8.38882         28 0.0000e+00
     72.000     71.243    -1.4639  27.051290    -1.4656  27.051307     6.1384     6.3323     0.3846    98.1997 5.4660e-01  -74.01176 -111.26254  34.913582      97.43 1.7371e+03    346.456       8316  1027.6533  1027.6550     4.6584     0.1087     0.1189    33.9361    33.9381    8.38930         27 0.0000e+00
     73.000     72.232    -1.4635  27.052070    -1.4654  27.052039     6.1397     6.3373     0.2771    97.9851 5.1561e-01  -74.01176 -111.26256  34.913595      96.02 1.7357e+03    347.605       8344  1027.6580  1027.6598     4.6483     0.1041     0.1189    33.9361    33.9382    8.38921         28 0.0000e+00
     74.000     73.221    -1.4646  27.051602    -1.4665  27.051659     6.1346     6.3350     0.2557    97.9597 4.8274e-01  -74.01176 -111.26256  34.913608      99.74 1.7366e+03    348.760       8371  1027.6629  1027.6648     4.6471     0.0997     0.1183    33.9361    33.9384    8.38947         28 0.0000e+00
     75.000     74.212    -1.4654  27.051442    -1.4672  27.051490     6.1434     6.3424     0.3334    98.2579 4.5385e-01  -74.01176 -111.26256  34.913622      99.78 1.7365e+03    349.906       8399  1027.6678  1027.6695     4.6612     0.1318     0.1186    33.9362    33.9382    8.38964         27 0.0000e+00
     76.000     75.201    -1.4656  27.051597    -1.4671  27.051839     6.1406     6.3355     0.3052    97.9223 4.2708e-01  -74.01176 -111.26256  34.913635      99.78 1.7361e+03    351.038       8426  1027.6724  1027.6741     4.6453     0.1257     0.1182    33.9359    33.9380    8.38969         27 0.0000e+00
     77.000     76.188    -1.4655  27.052033    -1.4672  27.052209     6.1415     6.3358     0.2404    98.0404 4.0188e-01  -74.01176 -111.26256  34.913648      99.78 1.7369e+03    352.175       8453  1027.6771  1027.6789     4.6509     0.1238     0.1182    33.9358    33.9380    8.38968         27 0.0000e+00
     78.000     77.178    -1.4664  27.051948    -1.4680  27.052008     6.1436     6.3402     0.2622    98.1613 3.7701e-01  -74.01176 -111.26256  34.913661      99.77 1.7373e+03    353.308       8480  1027.6822  1027.6838     4.6566     0.1472     0.1179    33.9361    33.9380    8.38986         28 0.0000e+00
     79.000     78.168    -1.4665  27.052744    -1.4681  27.052782     6.1461     6.3442     0.2606    98.0530 3.5409e-01  -74.01176 -111.26256  34.913674      99.78 1.7362e+03    354.438       8508  1027.6875  1027.6890     4.6515     0.1092     0.1195    33.9367    33.9386    8.38985         27 0.0000e+00
     80.000     79.158    -1.4658  27.054275    -1.4675  27.054274     6.1581     6.3492     0.2903    98.2086 3.3174e-01  -74.01176 -111.26256  34.913687      99.77 1.7369e+03    355.579       8535  1027.6928  1027.6944     4.6589     0.1211     0.1211    33.9374    33.9393    8.38966         27 0.0000e+00
     81.000     80.147    -1.4649  27.056829    -1.4664  27.057074     6.1743     6.3645     0.2958    98.2022 3.1046e-01  -74.01176 -111.26256  34.913701      99.78 1.7376e+03    356.733       8563  1027.6990  1027.7008     4.6585     0.0904     0.1214    33.9392    33.9413    8.38934         28 0.0000e+00
     82.000     81.135    -1.4646  27.059292    -1.4661  27.059403     6.1955     6.3759     0.3125    98.1442 2.9033e-01  -74.01176 -111.26256  34.913714      99.78 1.7354e+03    357.880       8590  1027.7058  1027.7074     4.6558     0.1251     0.1200    33.9417    33.9435    8.38913         27 0.0000e+00
     83.000     82.126    -1.4659  27.060483    -1.4674  27.060541     6.2057     6.3917     0.2477    98.0684 2.7125e-01  -74.01176 -111.26256  34.913727      99.78 1.7369e+03    359.029       8618  1027.7127  1027.7142     4.6523     0.1133     0.1207    33.9442    33.9459    8.38927         28 0.0000e+00
     84.000     83.114    -1.4671  27.061069    -1.4687  27.061127     6.2218     6.4095     0.2835    98.0041 2.5338e-01  -74.01176 -111.26256  34.913740      99.78 1.7367e+03    360.179       8645  1027.7188  1027.7204     4.6492     0.1430     0.1200    33.9457    33.9476    8.38944         28 0.0000e+00
     85.000     84.104    -1.4702  27.060747    -1.4717  27.060812     6.2257     6.4107     0.3362    98.1168 2.3654e-01  -74.01176 -111.26256  34.913754      99.78 1.7356e+03    361.314       8673  1027.7258  1027.7273     4.6545     0.1322     0.1194    33.9481    33.9500    8.39000         27 0.0000e+00
     86.000     85.094    -1.4719  27.060757    -1.4734  27.060843     6.2244     6.4190     0.3779    98.1888 2.2029e-01  -74.01176 -111.26256  34.913767      99.78 1.7361e+03    362.451       8700  1027.7317  1027.7333     4.6579     0.1465     0.1167    33.9495    33.9514    8.39030         27 0.0000e+00
     87.000     86.081    -1.4729  27.061515    -1.4745  27.061616     6.2279     6.4220     0.4191    98.0776 2.0458e-01  -74.01176 -111.26256  34.913780      99.78 1.7364e+03    363.590       8727  1027.7379  1027.7395     4.6526     0.1269     0.1205    33.9510    33.9530    8.39044         28 0.0000e+00
     88.000     87.072    -1.4741  27.062490    -1.4759  27.062712     6.2331     6.4250     0.3873    98.1689 1.9005e-01  -74.01176 -111.26256  34.913793      99.77 1.7358e+03    364.723       8754  1027.7445  1027.7464     4.6570     0.1237     0.1181    33.9532    33.9555    8.39059         27 0.0000e+00
     89.000     88.060    -1.4754  27.063196    -1.4770  27.063253     6.2371     6.4276     0.3512    98.2126 1.7543e-01  -74.01176 -111.26256  34.913806      99.78 1.7356e+03    365.860       8782  1027.7508  1027.7523     4.6590     0.1180     0.1186    33.9550    33.9568    8.39078         27 0.0000e+00
     90.000     89.050    -1.4764  27.064214    -1.4777  27.064272     6.2403     6.4318     0.2846    98.0029 1.6216e-01  -74.01176 -111.26256  34.913820      99.78 1.7360e+03    367.007       8809  1027.7572  1027.7585     4.6491     0.1126     0.1193    33.9569    33.9585    8.39089         27 0.0000e+00
     91.000     90.039    -1.4768  27.065072    -1.4781  27.065109     6.2355     6.4301     0.2535    97.6667 1.5008e-01  -74.01176 -111.26256  34.913833      99.77 1.7340e+03    368.141       8836  1027.7628  1027.7641     4.6332     0.1216     0.1190    33.9579    33.9595    8.39091         28 0.0000e+00
     92.000     91.029    -1.4771  27.065665    -1.4783  27.065958     6.2325     6.4267     0.2637    98.0021 1.3833e-01  -74.01176 -111.26256  34.913846      99.78 1.7339e+03    369.275       8864  1027.7680  1027.7695     4.6490     0.1158     0.1226    33.9584    33.9602    8.39095         26 0.0000e+00
     93.000     92.016    -1.4767  27.066625    -1.4781  27.066609     6.2291     6.4293     0.4152    98.0714 1.2707e-01  -74.01176 -111.26254  34.913859      99.78 1.7360e+03    370.416       8891  1027.7730  1027.7743     4.6524     0.1364     0.1198    33.9587    33.9602    8.39085         27 0.0000e+00
     94.000     93.007    -1.4765  27.067316    -1.4779  27.067429     6.2288     6.4287     0.4058    98.0327 1.1650e-01  -74.01176 -111.26255  34.913872      99.78 1.7347e+03    371.561       8918  1027.7779  1027.7793     4.6503     0.1206     0.1197    33.9588    33.9605    8.39080         27 0.0000e+00
     95.000     93.996    -1.4766  27.067843    -1.4779  27.067923     6.2322     6.4289     0.2993    97.5920 1.0945e-01  -74.01176 -111.26255  34.913886      90.81 1.7343e+03    372.714       8946  1027.7828  1027.7842     4.6299     0.1068     0.1177    33.9589    33.9606    8.39080         28 0.0000e+00
     96.000     94.985    -1.4767  27.068670    -1.4780  27.068689     6.2397     6.4355     0.2896    98.1744 9.8746e-02  -74.01176 -111.26255  34.913899      99.23 1.7363e+03    373.877       8974  1027.7881  1027.7894     4.6573     0.1171     0.1181    33.9596    33.9611    8.39079         28 0.0000e+00
     97.000     95.974    -1.4773  27.069999    -1.4786  27.069994     6.2444     6.4386     0.2156    97.9034 9.0435e-02  -74.01176 -111.26255  34.913912      99.78 1.7353e+03    375.037       9002  1027.7945  1027.7958     4.6444     0.1069     0.1158    33.9615    33.9630    8.39081         27 0.0000e+00
     98.000     96.964    -1.4781  27.070127    -1.4794  27.070157     6.2462     6.4392     0.3020    98.0088 8.2742e-02  -74.01176 -111.26256  34.913926      99.78 1.7343e+03    376.193       9030  1027.7997  1027.8010     4.6493     0.1125     0.1149    33.9619    33.9634    8.39096         28 0.0000e+00
     99.000     97.952    -1.4785  27.070409    -1.4798  27.070435     6.2509     6.4415     0.3187    98.0667 7.5722e-02  -74.01176 -111.26256  34.913939      99.78 1.7366e+03    377.366       9058  1027.8047  1027.8060     4.6521     0.1018     0.1184    33.9621    33.9637    8.39103         28 0.0000e+00
    100.000     98.942    -1.4785  27.070904    -1.4800  27.070818     6.2487     6.4446     0.1980    97.8455 6.8902e-02  -74.01176 -111.26256  34.913953      99.78 1.7358e+03    378.540       9086  1027.8096  1027.8109     4.6416     0.1118     0.1175    33.9622    33.9638    8.39104         28 0.0000e+00
    101.000     99.931    -1.4791  27.071236    -1.4802  27.071319     6.2468     6.4445     0.2481    98.1926 6.2423e-02  -74.01176 -111.26256  34.913966      99.78 1.7344e+03    379.692       9114  1027.8148  1027.8159     4.6581     0.1183     0.1155    33.9628    33.9641    8.39115         28 0.0000e+00
    102.000    100.920    -1.4789  27.071982    -1.4802  27.071786     6.2524     6.4441     0.2203    98.0924 5.6606e-02  -74.01176 -111.26256  34.913980      99.78 1.7359e+03    380.838       9141  1027.8197  1027.8208     4.6534     0.1217     0.1200    33.9629    33.9641    8.39109         28 0.0000e+00
    103.000    101.910    -1.4788  27.072586    -1.4801  27.072483     6.2432     6.4453     0.2070    98.1552 5.0652e-02  -74.01176 -111.26255  34.913993      99.79 1.7365e+03    381.988       9169  1027.8246  1027.8257     4.6562     0.1034     0.1173    33.9630    33.9643    8.39106         27 0.0000e+00
    104.000    102.898    -1.4787  27.073202    -1.4797  27.073177     6.2531     6.4408     0.2050    98.0505 4.5268e-02  -74.01176 -111.26254  34.914006      99.78 1.7339e+03    383.130       9196  1027.8294  1027.8304     4.6514     0.1243     0.1194    33.9630    33.9642    8.39102         27 0.0000e+00
