ocean_section_plots/required_files/ctd/dnbp2202_ctd240.cnv
* Sea-Bird SBE 9 Data File:
* FileName = D:\Data\raw\NBP2202_CTD240.hex
* Software Version Seasave V 7.26.7.121
* Temperature SN = 1649
* Conductivity SN = 2513
* Number of Bytes Per Scan = 40
* Number of Voltage Words = 5
* Number of Scans Averaged by the Deck Unit = 1
* NMEA Latitude = 73 58.56 S
* NMEA Longitude = 118 30.32 W
* NMEA UTC (Time) = Feb 14 2022  14:40:11
* NMEA baud rate = 9600
** Ship: RVIB N.B. Palmer
** Cruise: NBP2202 Thwaites
** Station: 150
** Operator: B. Bjork
# nquan = 28
# nvalues = 1351                        
# units = specified
# name 0 = prDM: Pressure, Digiquartz [db]
# name 1 = depSM: Depth [salt water, m]
# name 2 = t090C: Temperature [ITS-90, deg C]
# name 3 = c0mS/cm: Conductivity [mS/cm]
# name 4 = t190C: Temperature, 2 [ITS-90, deg C]
# name 5 = c1mS/cm: Conductivity, 2 [mS/cm]
# name 6 = sbeox0ML/L: Oxygen, SBE 43 [ml/l]
# name 7 = sbeox1ML/L: Oxygen, SBE 43, 2 [ml/l]
# name 8 = flECO-AFL: Fluorescence, WET Labs ECO-AFL/FL [mg/m^3]
# name 9 = CStarTr0: Beam Transmission, WET Labs C-Star [%]
# name 10 = par: PAR/Irradiance, Biospherical/Licor
# name 11 = latitude: Latitude [deg]
# name 12 = longitude: Longitude [deg]
# name 13 = timeJ: Julian Days
# name 14 = altM: Altimeter [m]
# name 15 = spar: SPAR, Biospherical/Licor
# name 16 = timeS: Time, Elapsed [seconds]
# name 17 = scan: Scan Count
# name 18 = density00: Density [density, kg/m^3]
# name 19 = density11: Density, 2 [density, kg/m^3]
# name 20 = v3: Voltage 3
# name 21 = v4: Voltage 4
# name 22 = v5: Voltage 5
# name 23 = sal00: Salinity, Practical [PSU]
# name 24 = sal11: Salinity, Practical, 2 [PSU]
# name 25 = oxsolML/L: Oxygen Saturation, Garcia & Gordon [ml/l]
# name 26 = nbin: number of scans per bin
# name 27 = flag: flag
# span 0 =      2.000,   1352.000       
# span 1 =      1.983,   1333.690       
# span 2 =    -1.7528,     0.7493       
# span 3 =  26.926012,  29.966168       
# span 4 =    -1.7525,     0.7516       
# span 5 =  26.926399,  29.966580       
# span 6 =     4.6003,     9.2245       
# span 7 =     4.7161,     9.6203       
# span 8 =    -0.0150,    11.1810       
# span 9 =    85.2639,    97.5989       
# span 10 = 1.0000e-12, 1.0538e+02      
# span 11 =  -73.97602,  -73.97602      
# span 12 = -118.50550, -118.50544      
# span 13 =  45.614562,  45.632477      
# span 14 =       2.39,     100.27      
# span 15 = 1.4741e+03, 1.5582e+03      
# span 16 =    287.119,   1835.018      
# span 17 =       6892,      44041      
# span 18 =  1027.1544,  1034.0544      
# span 19 =  1027.1564,  1034.0525      
# span 20 =     4.0450,     4.6299      
# span 21 =     0.0635,     1.8268      
# span 22 =     0.1089,     0.1936      
# span 23 =    33.7876,    34.5897      
# span 24 =    33.7911,    34.5877      
# span 25 =    7.87876,    8.44724      
# span 26 =         20,         78      
# span 27 = 0.0000e+00, 0.0000e+00      
# interval = decibars: 1                
# start_time = Feb 14 2022 14:40:11 [NMEA time, header]
# bad_flag = -9.990e-29
*END*
[from data line 777]
    779.000    769.500     0.5444  29.500165     0.5469  29.500638     4.7272     4.8733     0.0731    97.1278 1.0000e-12  -73.97602 -118.50548  45.624411      99.73 1.5245e+03   1138.075      27315  1031.3686  1031.3666     4.6076     0.0814     0.1138    34.5326    34.5304    7.92361         21 0.0000e+00
    780.000    770.486     0.5448  29.501198     0.5472  29.501532     4.7300     4.8731     0.0869    97.1418 1.0000e-12  -73.97602 -118.50547  45.624421      99.72 1.5290e+03   1139.000      27337  1031.3734  1031.3715     4.6083     0.0816     0.1124    34.5329    34.5307    7.92351         23 0.0000e+00
    781.000    771.472     0.5448  29.501763     0.5472  29.501933     4.7297     4.8692     0.0825    97.2286 1.0000e-12  -73.97602 -118.50547  45.624433      99.73 1.5248e+03   1140.007      27361  1031.3783  1031.3762     4.6124     0.0809     0.1193    34.5331    34.5306    7.92351         25 0.0000e+00
    782.000    772.457     0.5468  29.504327     0.5494  29.504577     4.7308     4.8725     0.0715    97.3067 1.0000e-12  -73.97602 -118.50548  45.624445      99.73 1.5240e+03   1141.063      27387  1031.3833  1031.3810     4.6161     0.0814     0.1132    34.5337    34.5311    7.92308         26 0.0000e+00
    783.000    773.444     0.5495  29.507483     0.5518  29.507684     4.7301     4.8648     0.0620    97.2469 1.0000e-12  -73.97602 -118.50548  45.624457      99.73 1.5281e+03   1142.086      27411  1031.3881  1031.3860     4.6132     0.1157     0.1154    34.5342    34.5318    7.92250         23 0.0000e+00
    784.000    774.429     0.5538  29.512532     0.5562  29.512695     4.7215     4.8627     0.0759    97.1696 1.0000e-12  -73.97602 -118.50548  45.624468      99.73 1.5231e+03   1143.041      27434  1031.3933  1031.3911     4.6096     0.0834     0.1123    34.5353    34.5329    7.92154         22 0.0000e+00
    785.000    775.416     0.5552  29.514329     0.5577  29.514603     4.7196     4.8694     0.1148    97.2704 1.0000e-12  -73.97602 -118.50548  45.624479      99.73 1.5257e+03   1143.946      27456  1031.3980  1031.3959     4.6144     0.0858     0.1133    34.5355    34.5332    7.92124         22 0.0000e+00
    786.000    776.402     0.5566  29.516410     0.5590  29.516660     4.7197     4.8676     0.0986    97.1800 1.0000e-12  -73.97602 -118.50548  45.624489      99.72 1.5293e+03   1144.849      27477  1031.4031  1031.4010     4.6102     0.1016     0.1179    34.5362    34.5339    7.92093         22 0.0000e+00
    787.000    777.386     0.5585  29.519299     0.5608  29.519368     4.7207     4.8591     0.0785    97.3009 1.0000e-12  -73.97602 -118.50548  45.624500      99.73 1.5263e+03   1145.808      27500  1031.4084  1031.4062     4.6158     0.0820     0.1156    34.5372    34.5348    7.92048         24 0.0000e+00
    788.000    778.373     0.5605  29.521969     0.5629  29.522048     4.7186     4.8586     0.1144    97.2969 1.0000e-12  -73.97602 -118.50548  45.624512      84.46 1.5274e+03   1146.840      27525  1031.4135  1031.4113     4.6156     0.0782     0.1125    34.5379    34.5354    7.92004         25 0.0000e+00
    789.000    779.360     0.5611  29.522849     0.5636  29.523168     4.7206     4.8650     0.1288    97.3258 1.0000e-12  -73.97602 -118.50548  45.624524      99.73 1.5288e+03   1147.875      27550  1031.4180  1031.4160     4.6170     0.0837     0.1161    34.5378    34.5355    7.91991         25 0.0000e+00
    790.000    780.344     0.5620  29.524395     0.5646  29.524659     4.7211     4.8672     0.1365    97.2869 1.0000e-12  -73.97602 -118.50548  45.624535      99.73 1.5251e+03   1148.860      27574  1031.4229  1031.4207     4.6152     0.0821     0.1151    34.5382    34.5357    7.91970         22 0.0000e+00
    791.000    781.330     0.5632  29.525889     0.5657  29.526196     4.7182     4.8677     0.3091    97.0074 1.0000e-12  -73.97602 -118.50548  45.624546      99.72 1.5257e+03   1149.783      27596  1031.4276  1031.4255     4.6019     0.1202     0.1233    34.5383    34.5359    7.91946         22 0.0000e+00
    792.000    782.318     0.5641  29.527413     0.5665  29.527567     4.7192     4.8665     0.0770    97.1599 1.0000e-12  -73.97602 -118.50548  45.624557      99.74 1.5284e+03   1150.690      27618  1031.4326  1031.4304     4.6091     0.0815     0.1142    34.5387    34.5362    7.91926         22 0.0000e+00
    793.000    783.303     0.5654  29.529236     0.5680  29.529582     4.7160     4.8593     0.0830    97.3130 1.0000e-12  -73.97602 -118.50548  45.624567      99.73 1.5252e+03   1151.617      27640  1031.4373  1031.4352     4.6164     0.0798     0.1157    34.5390    34.5366    7.91896         23 0.0000e+00
    794.000    784.288     0.5666  29.530941     0.5690  29.531223     4.7151     4.8551     0.0788    97.2355 1.0000e-12  -73.97602 -118.50548  45.624579      99.73 1.5250e+03   1152.584      27663  1031.4422  1031.4402     4.6127     0.0927     0.1156    34.5394    34.5371    7.91871         24 0.0000e+00
    795.000    785.274     0.5669  29.531694     0.5694  29.531997     4.7150     4.8588     0.1037    97.2727 1.0000e-12  -73.97602 -118.50548  45.624590      99.73 1.5291e+03   1153.582      27687  1031.4469  1031.4449     4.6144     0.0904     0.1163    34.5394    34.5371    7.91864         23 0.0000e+00
    796.000    786.262     0.5676  29.532958     0.5700  29.533207     4.7135     4.8632     0.0969    97.3386 1.0000e-12  -73.97602 -118.50547  45.624602      99.73 1.5245e+03   1154.572      27711  1031.4518  1031.4497     4.6176     0.0888     0.1145    34.5398    34.5374    7.91848         24 0.0000e+00
    797.000    787.245     0.5699  29.535957     0.5723  29.536096     4.7042     4.8531     0.0745    97.2627 1.0000e-12  -73.97602 -118.50547  45.624613      99.73 1.5228e+03   1155.541      27734  1031.4568  1031.4547     4.6140     0.0909     0.1147    34.5405    34.5380    7.91797         23 0.0000e+00
    798.000    788.232     0.5713  29.537681     0.5736  29.537857     4.7055     4.8490     0.0723    97.2028 1.0000e-12  -73.97602 -118.50548  45.624624      99.73 1.5262e+03   1156.492      27757  1031.4615  1031.4595     4.6112     0.0809     0.1141    34.5406    34.5383    7.91767         23 0.0000e+00
    799.000    789.218     0.5719  29.538672     0.5742  29.538944     4.7163     4.8544     0.0726    97.3522 1.0000e-12  -73.97602 -118.50546  45.624635      99.73 1.5276e+03   1157.458      27780  1031.4662  1031.4642     4.6182     0.0818     0.1139    34.5407    34.5384    7.91755         23 0.0000e+00
    800.000    790.203     0.5720  29.539254     0.5743  29.539423     4.7141     4.8450     0.0851    97.2765 1.0000e-12  -73.97602 -118.50548  45.624646      99.74 1.5259e+03   1158.442      27804  1031.4709  1031.4688     4.6147     0.0909     0.1150    34.5407    34.5384    7.91753         24 0.0000e+00
    801.000    791.191     0.5723  29.540046     0.5747  29.540280     4.7115     4.8475     0.0718    97.1411 1.0000e-12  -73.97602 -118.50546  45.624658      72.40 1.5288e+03   1159.426      27827  1031.4757  1031.4736     4.6082     0.0901     0.1147    34.5408    34.5385    7.91745         24 0.0000e+00
    802.000    792.176     0.5727  29.540880     0.5750  29.540940     4.7105     4.8510     0.0713    97.2560 1.0000e-12  -73.97602 -118.50548  45.624669      86.90 1.5263e+03   1160.417      27851  1031.4804  1031.4783     4.6137     0.0780     0.1179    34.5409    34.5385    7.91737         23 0.0000e+00
    803.000    793.161     0.5740  29.542521     0.5762  29.542673     4.7076     4.8525     0.0571    97.2583 1.0000e-12  -73.97602 -118.50546  45.624680      97.97 1.5236e+03   1161.388      27874  1031.4850  1031.4830     4.6138     0.0892     0.1126    34.5411    34.5388    7.91710         23 0.0000e+00
    804.000    794.147     0.5763  29.545432     0.5789  29.545757     4.7043     4.8515     0.0466    97.2389 1.0000e-12  -73.97602 -118.50548  45.624692      99.76 1.5263e+03   1162.350      27897  1031.4900  1031.4878     4.6129     0.0806     0.1110    34.5417    34.5393    7.91659         23 0.0000e+00
    805.000    795.134     0.5778  29.547208     0.5802  29.547594     4.7108     4.8448     0.0708    97.3231 1.0000e-12  -73.97602 -118.50546  45.624703      99.73 1.5264e+03   1163.315      27921  1031.4946  1031.4927     4.6169     0.0897     0.1164    34.5418    34.5397    7.91629         24 0.0000e+00
    806.000    796.119     0.5790  29.548989     0.5813  29.549034     4.7069     4.8469     0.0877    97.3548 1.0000e-12  -73.97602 -118.50548  45.624714      99.73 1.5244e+03   1164.265      27943  1031.4995  1031.4973     4.6183     0.0886     0.1136    34.5422    34.5397    7.91601         22 0.0000e+00
    807.000    797.105     0.5806  29.550910     0.5829  29.551191     4.7096     4.8493     0.0792    97.2456 1.0000e-12  -73.97602 -118.50546  45.624724      99.74 1.5261e+03   1165.193      27966  1031.5042  1031.5022     4.6132     0.0819     0.1133    34.5424    34.5401    7.91568         22 0.0000e+00
    808.000    798.090     0.5808  29.551523     0.5831  29.551739     4.7072     4.8505     0.1186    97.2381 1.0000e-12  -73.97602 -118.50546  45.624735      99.73 1.5261e+03   1166.122      27988  1031.5087  1031.5069     4.6128     0.0824     0.1134    34.5423    34.5401    7.91563         23 0.0000e+00
    809.000    799.077     0.5803  29.551515     0.5827  29.551791     4.7052     4.8499     0.0765    97.3438 1.0000e-12  -73.97602 -118.50546  45.624746      99.73 1.5238e+03   1167.098      28011  1031.5136  1031.5115     4.6178     0.0806     0.1164    34.5423    34.5400    7.91574         24 0.0000e+00
    810.000    800.064     0.5821  29.553785     0.5845  29.554025     4.7041     4.8511     0.1456    97.3647 1.0000e-12  -73.97602 -118.50546  45.624758      99.73 1.5264e+03   1168.113      28036  1031.5183  1031.5163     4.6188     0.0980     0.1157    34.5426    34.5403    7.91535         25 0.0000e+00
    811.000    801.047     0.5835  29.555674     0.5859  29.555962     4.7008     4.8479     0.0842    97.3246 1.0000e-12  -73.97602 -118.50546  45.624770      99.73 1.5265e+03   1169.117      28060  1031.5231  1031.5211     4.6169     0.0838     0.1123    34.5430    34.5407    7.91506         23 0.0000e+00
    812.000    802.033     0.5867  29.559303     0.5890  29.559467     4.7047     4.8454     0.0889    97.2890 1.0000e-12  -73.97602 -118.50546  45.624781      99.73 1.5248e+03   1170.074      28083  1031.5280  1031.5259     4.6153     0.0818     0.1137    34.5436    34.5412    7.91436         22 0.0000e+00
    813.000    803.020     0.5874  29.560614     0.5898  29.560768     4.7093     4.8407     0.0831    97.3320 1.0000e-12  -73.97602 -118.50546  45.624792      99.74 1.5231e+03   1170.988      28105  1031.5329  1031.5307     4.6172     0.0911     0.1160    34.5440    34.5415    7.91421         22 0.0000e+00
    814.000    804.006     0.5906  29.564304     0.5926  29.564134     4.7130     4.8444     0.0727    97.2666 1.0000e-12  -73.97602 -118.50546  45.624802      99.73 1.5266e+03   1171.909      28127  1031.5378  1031.5356     4.6142     0.0794     0.1156    34.5446    34.5422    7.91351         23 0.0000e+00
    815.000    804.992     0.5935  29.567758     0.5958  29.568023     4.7047     4.8472     0.0810    97.2861 1.0000e-12  -73.97602 -118.50546  45.624813      77.21 1.5256e+03   1172.877      28150  1031.5427  1031.5407     4.6151     0.0786     0.1171    34.5453    34.5431    7.91288         24 0.0000e+00
    816.000    805.977     0.5937  29.568468     0.5961  29.568740     4.6974     4.8489     0.1074    97.3564 1.0000e-12  -73.97602 -118.50546  45.624825      90.50 1.5267e+03   1173.884      28174  1031.5475  1031.5454     4.6184     0.1203     0.1192    34.5454    34.5431    7.91283         24 0.0000e+00
    817.000    806.963     0.5946  29.569720     0.5969  29.570022     4.6971     4.8487     0.0778    97.3382 1.0000e-12  -73.97602 -118.50546  45.624837      99.73 1.5267e+03   1174.917      28199  1031.5522  1031.5502     4.6175     0.0814     0.1146    34.5455    34.5434    7.91265         25 0.0000e+00
    818.000    807.949     0.5954  29.570953     0.5978  29.571321     4.7030     4.8477     0.0877    97.2751 1.0000e-12  -73.97602 -118.50546  45.624849      99.73 1.5233e+03   1175.931      28223  1031.5569  1031.5549     4.6146     0.0813     0.1119    34.5456    34.5434    7.91247         24 0.0000e+00
    819.000    808.935     0.5957  29.571693     0.5981  29.572028     4.6997     4.8419     0.0451    97.1651 1.0000e-12  -73.97602 -118.50546  45.624860      99.73 1.5259e+03   1176.899      28247  1031.5616  1031.5595     4.6095     0.1617     0.1393    34.5457    34.5434    7.91241         22 0.0000e+00
    820.000    809.920     0.5971  29.573605     0.5992  29.573577     4.7037     4.8368     0.0660    97.3273 1.0000e-12  -73.97602 -118.50546  45.624871      99.73 1.5281e+03   1177.838      28269  1031.5664  1031.5644     4.6170     0.0975     0.1173    34.5460    34.5437    7.91210         23 0.0000e+00
    821.000    810.905     0.5992  29.576152     0.6016  29.576389     4.7031     4.8418     0.0743    97.3447 1.0000e-12  -73.97602 -118.50546  45.624882      99.73 1.5274e+03   1178.779      28292  1031.5712  1031.5691     4.6179     0.1133     0.1154    34.5465    34.5441    7.91166         22 0.0000e+00
    822.000    811.892     0.5998  29.577107     0.6023  29.577572     4.7011     4.8393     0.0735    97.2505 1.0000e-12  -73.97602 -118.50547  45.624893      99.74 1.5279e+03   1179.719      28314  1031.5758  1031.5738     4.6134     0.0805     0.1114    34.5465    34.5443    7.91153         23 0.0000e+00
    823.000    812.879     0.6012  29.578927     0.6038  29.579410     4.7033     4.8308     0.0784    97.2866 1.0000e-12  -73.97602 -118.50547  45.624904      99.73 1.5303e+03   1180.692      28338  1031.5806  1031.5786     4.6151     0.0902     0.1142    34.5467    34.5445    7.91123         24 0.0000e+00
    824.000    813.863     0.6035  29.581651     0.6056  29.581527     4.7039     4.8394     0.0834    97.3548 1.0000e-12  -73.97602 -118.50547  45.624916      99.73 1.5268e+03   1181.710      28362  1031.5853  1031.5832     4.6183     0.0843     0.1193    34.5471    34.5447    7.91074         25 0.0000e+00
    825.000    814.849     0.6041  29.582669     0.6064  29.582945     4.7044     4.8407     0.0808    97.3775 1.0000e-12  -73.97602 -118.50547  45.624927      48.85 1.5273e+03   1182.723      28386  1031.5901  1031.5881     4.6194     0.0760     0.1119    34.5472    34.5450    7.91061         24 0.0000e+00
    826.000    815.835     0.6047  29.583525     0.6073  29.584065     4.7043     4.8447     0.1131    97.3971 1.0000e-12  -73.97602 -118.50547  45.624939      98.48 1.5285e+03   1183.712      28410  1031.5946  1031.5927     4.6204     0.0782     0.1132    34.5471    34.5450    7.91050         23 0.0000e+00
    827.000    816.821     0.6061  29.585393     0.6083  29.585626     4.7003     4.8426     0.1375    97.3688 1.0000e-12  -73.97602 -118.50547  45.624950      99.75 1.5261e+03   1184.678      28433  1031.5994  1031.5974     4.6190     0.0816     0.1139    34.5474    34.5452    7.91020         23 0.0000e+00
    828.000    817.806     0.6061  29.585929     0.6084  29.586182     4.6965     4.8388     0.0894    97.3813 1.0000e-12  -73.97602 -118.50547  45.624961      99.73 1.5274e+03   1185.619      28456  1031.6041  1031.6022     4.6196     0.0789     0.1165    34.5475    34.5452    7.91018         23 0.0000e+00
    829.000    818.793     0.6066  29.586910     0.6092  29.587297     4.6961     4.8365     0.0881    97.3417 1.0000e-12  -73.97602 -118.50547  45.624972      79.66 1.5305e+03   1186.569      28479  1031.6089  1031.6069     4.6177     0.0864     0.1147    34.5477    34.5453    7.91008         23 0.0000e+00
