ocean_section_plots/required_files/ctd/dnbp2202_ctd047.cnv
* Sea-Bird SBE 9 Data File:
* FileName = D:\Data\raw\NBP2202_CTD047.hex
* Software Version Seasave V 7.26.7.121
* Temperature SN = 1649
* Conductivity SN = 2513
* Number of Bytes Per Scan = 40
* Number of Voltage Words = 5
* Number of Scans Averaged by the Deck Unit = 1
* NMEA Latitude = 74 11.27 S
* NMEA Longitude = 113 07.86 W
* NMEA UTC (Time) = Jan 24 2022  01:33:18
* NMEA baud rate = 9600
** Ship: RVIB N.B. Palmer
** Cruise: NBP2202 Thwaites
** Station: Section Dotson C
** Operator: A. Robinson
# nquan = 25
# nvalues = 871                         
# units = specified
# name 0 = prDM: Pressure, Digiquartz [db]
# name 1 = depSM: Depth [salt water, m]
# name 2 = t090C: Temperature [ITS-90, deg C]
# name 3 = c0mS/cm: Conductivity [mS/cm]
# name 4 = t190C: Temperature, 2 [ITS-90, deg C]
# name 5 = c1mS/cm: Conductivity, 2 [mS/cm]
# name 6 = sbeox0ML/L: Oxygen, SBE 43 [ml/l]
# name 7 = sbeox1ML/L: Oxygen, SBE 43, 2 [ml/l]
# name 8 = flECO-AFL: Fluorescence, WET Labs ECO-AFL/FL [mg/m^3]
# name 9 = CStarTr0: Beam Transmission, WET Labs C-Star [%]
# name 10 = par: PAR/Irradiance, Biospherical/Licor
# name 11 = latitude: Latitude [deg]
# name 12 = longitude: Longitude [deg]
# name 13 = timeJ: Julian Days
# name 14 = altM: Altimeter [m]
# name 15 = spar: SPAR, Biospherical/Licor
# name 16 = timeS: Time, Elapsed [seconds]
# name 17 = scan: Scan Count
# name 18 = density00: Density [density, kg/m^3]
# name 19 = density11: Density, 2 [density, kg/m^3]
# name 20 = sal00: Salinity, Practical [PSU]
# name 21 = sal11: Salinity, Practical, 2 [PSU]
# name 22 = oxsolML/L: Oxygen Saturation, Garcia & Gordon [ml/l]
# name 23 = nbin: number of scans per bin
# name 24 = flag: flag
# span 0 =      2.000,    872.000       
# span 1 =      1.981,    861.167       
# span 2 =    -1.4893,     0.3493       
# span 3 =  27.121415,  29.332757       
# span 4 =    -1.4883,     0.3514       
# span 5 =  27.121052,  29.332363       
# span 6 =     4.6043,     8.9595       
# span 7 =     4.8515,     9.4435       
# span 8 =    -0.0171,    29.3312       
# span 9 =    65.2931,    96.2144       
# span 10 = -2.090e-05, 1.1005e+02      
# span 11 =  -74.18784,  -74.18782      
# span 12 = -113.13104, -113.13100      
# span 13 =  24.067250,  24.080402      
# span 14 =       3.59,     100.23      
# span 15 = 1.9567e+02, 2.6614e+02      
# span 16 =    212.386,   1348.704      
# span 17 =       5098,      32370      
# span 18 =  1027.1939,  1031.7766      
# span 19 =  1027.1931,  1031.7741      
# span 20 =    33.8129,    34.4798      
# span 21 =    33.8131,    34.4770      
# span 22 =    7.96667,    8.39037      
# span 23 =         23,         50      
# span 24 = 0.0000e+00, 0.0000e+00      
# interval = decibars: 1                
# start_time = Jan 24 2022 01:33:18 [NMEA time, header]
# bad_flag = -9.990e-29
*END*
[from data line 58]
     60.000     59.370    -0.8691  27.448434    -0.8685  27.447974     8.7529     9.2396    25.9412    66.1203 1.0000e-12  -74.18784 -113.13101  24.068611      99.97 2.6091e+02    329.952       7920  1027.4757  1027.4747    33.8148    33.8135    8.26410         42 0.0000e+00
     61.000     60.360    -0.8697  27.448447    -0.8687  27.448307     8.7344     9.2292    24.7728    65.2931 1.0000e-12  -74.18784 -113.13102  24.068633      94.30 2.6091e+02    331.868       7966  1027.4807  1027.4795    33.8149    33.8136    8.26424         34 0.0000e+00
     62.000     61.350    -0.8691  27.449364    -0.8696  27.448201     8.6504     9.1416    24.9951    66.6233 1.0000e-12  -74.18784 -113.13102  24.068656     100.03 2.6091e+02    333.866       8014  1027.4853  1027.4846    33.8148    33.8138    8.26410         41 0.0000e+00
     63.000     62.338    -0.8922  27.430652    -0.8936  27.428970     8.5544     9.0693    25.0752    66.5926 1.0000e-12  -74.18784 -113.13102  24.068678      99.97 2.6091e+02    335.814       8061  1027.4916  1027.4911    33.8147    33.8141    8.26919         40 0.0000e+00
     64.000     63.328    -0.8972  27.427471    -0.8952  27.428036     8.5536     9.0405    24.1482    66.5492 1.0000e-12  -74.18784 -113.13102  24.068701      99.97 2.6112e+02    337.761       8107  1027.4971  1027.4958    33.8155    33.8140    8.27025         42 0.0000e+00
     65.000     64.318    -0.8973  27.427385    -0.9015  27.423190     8.5301     9.0067    23.5431    67.2891 1.0000e-12  -74.18784 -113.13102  24.068724      99.97 2.6221e+02    339.783       8156  1027.5012  1027.5007    33.8148    33.8138    8.27031         45 0.0000e+00
     66.000     65.306    -0.9071  27.420160    -0.9112  27.415788     8.5195     9.0048    22.2007    67.6018 1.0000e-12  -74.18784 -113.13102  24.068747      99.98 2.6263e+02    341.768       8203  1027.5070  1027.5062    33.8154    33.8141    8.27243         39 0.0000e+00
     67.000     66.296    -0.9099  27.418195    -0.9092  27.417916     8.5083     8.9955    20.3012    67.7149 1.0000e-12  -74.18784 -113.13102  24.068770      99.98 2.6267e+02    343.697       8250  1027.5117  1027.5107    33.8152    33.8141    8.27305         37 0.0000e+00
     68.000     67.285    -0.9122  27.416775    -0.9126  27.415742     8.4896     8.9860    21.2303    68.5548 1.0000e-12  -74.18784 -113.13101  24.068792      76.04 2.6267e+02    345.653       8297  1027.5166  1027.5158    33.8153    33.8143    8.27356         42 0.0000e+00
     69.000     68.274    -0.9166  27.413831    -0.9157  27.413616     8.4908     8.9790    22.0585    70.1640 1.0000e-12  -74.18784 -113.13101  24.068815      99.41 2.6267e+02    347.611       8344  1027.5218  1027.5207    33.8156    33.8143    8.27450         41 0.0000e+00
     70.000     69.264    -0.9177  27.413458    -0.9167  27.413338     8.4980     8.9708    21.3389    69.8207 1.0000e-12  -74.18784 -113.13101  24.068837      99.98 2.6267e+02    349.542       8390  1027.5266  1027.5255    33.8157    33.8144    8.27474         43 0.0000e+00
     71.000     70.253    -0.9178  27.413863    -0.9167  27.413750     8.4960     8.9690    21.0460    69.4940 1.0000e-12  -74.18784 -113.13100  24.068860      99.97 2.6267e+02    351.486       8437  1027.5314  1027.5302    33.8157    33.8144    8.27476         37 0.0000e+00
     72.000     71.243    -0.9170  27.415015    -0.9163  27.414598     8.4867     8.9686    20.7696    68.7707 1.0000e-12  -74.18784 -113.13100  24.068883      99.98 2.6267e+02    353.464       8484  1027.5362  1027.5350    33.8158    33.8144    8.27459         36 0.0000e+00
     73.000     72.232    -0.9189  27.413757    -0.9176  27.414034     8.4885     8.9707    21.2721    68.7920 1.0000e-12  -74.18783 -113.13100  24.068905      99.97 2.6267e+02    355.394       8530  1027.5409  1027.5398    33.8156    33.8145    8.27502         40 0.0000e+00
     74.000     73.221    -0.9206  27.412947    -0.9198  27.412612     8.4822     8.9625    22.1675    70.6744 1.0000e-12  -74.18782 -113.13100  24.068927      99.97 2.6267e+02    357.323       8577  1027.5458  1027.5448    33.8158    33.8145    8.27537         36 0.0000e+00
     75.000     74.210    -0.9222  27.412072    -0.9230  27.410548     8.4495     8.9246    23.3769    70.6167 1.0000e-12  -74.18782 -113.13100  24.068950      98.86 2.6267e+02    359.310       8624  1027.5507  1027.5498    33.8158    33.8146    8.27573         39 0.0000e+00
     76.000     75.199    -0.9307  27.405735    -0.9290  27.406224     8.3918     8.8768    21.8497    71.1882 1.0000e-12  -74.18782 -113.13100  24.068973      99.95 2.6267e+02    361.253       8671  1027.5562  1027.5551    33.8161    33.8148    8.27758         42 0.0000e+00
     77.000     76.189    -0.9391  27.399868    -0.9386  27.399304     8.3676     8.8558    21.0501    71.7112 1.0000e-12  -74.18782 -113.13100  24.068995      99.97 2.6267e+02    363.185       8717  1027.5622  1027.5611    33.8170    33.8156    8.27939         44 0.0000e+00
     78.000     77.178    -0.9405  27.399186    -0.9398  27.398737     8.3644     8.8561    20.7889    71.1118 1.0000e-12  -74.18782 -113.13100  24.069018      99.97 2.6267e+02    365.129       8764  1027.5670  1027.5658    33.8170    33.8156    8.27969         46 0.0000e+00
     79.000     78.167    -0.9417  27.398647    -0.9408  27.398390     8.3761     8.8470    21.2226    70.8734 1.0000e-12  -74.18782 -113.13100  24.069040      99.98 2.6267e+02    367.072       8811  1027.5717  1027.5706    33.8169    33.8156    8.27995         40 0.0000e+00
     80.000     79.157    -0.9416  27.399189    -0.9409  27.398651     8.3847     8.8501    20.2292    70.3791 1.0000e-12  -74.18782 -113.13100  24.069062      99.99 2.6298e+02    368.985       8857  1027.5764  1027.5753    33.8170    33.8155    8.27993         45 0.0000e+00
     81.000     80.146    -0.9419  27.399356    -0.9412  27.398930     8.3891     8.8611    19.3527    70.9055 1.0000e-12  -74.18782 -113.13100  24.069084      99.93 2.6399e+02    370.868       8902  1027.5812  1027.5800    33.8170    33.8155    8.28000         43 0.0000e+00
     82.000     81.134    -0.9416  27.399911    -0.9407  27.399739     8.3908     8.8618    21.6136    72.0684 1.0000e-12  -74.18782 -113.13100  24.069106      98.18 2.6281e+02    372.778       8948  1027.5858  1027.5847    33.8168    33.8155    8.27995         43 0.0000e+00
     83.000     82.124    -0.9410  27.400923    -0.9409  27.399993     8.3845     8.8587    20.8499    71.2767 1.0000e-12  -74.18784 -113.13100  24.069128     100.02 2.6290e+02    374.690       8994  1027.5906  1027.5894    33.8169    33.8154    8.27982         39 0.0000e+00
     84.000     83.114    -0.9425  27.400289    -0.9411  27.400287     8.3736     8.8492    19.0134    72.1904 1.0000e-12  -74.18784 -113.13100  24.069151      99.97 2.6319e+02    376.629       9040  1027.5955  1027.5942    33.8170    33.8154    8.28012         41 0.0000e+00
     85.000     84.103    -0.9424  27.400806    -0.9419  27.400169     8.3542     8.8312    19.4644    72.2417 1.0000e-12  -74.18784 -113.13100  24.069173      99.96 2.6290e+02    378.527       9086  1027.6003  1027.5991    33.8169    33.8155    8.28010         41 0.0000e+00
     86.000     85.093    -0.9452  27.399240    -0.9443  27.398842     8.3517     8.8270    18.8671    72.4628 1.0000e-12  -74.18784 -113.13100  24.069195      99.98 2.6266e+02    380.436       9131  1027.6056  1027.6042    33.8174    33.8158    8.28070         37 0.0000e+00
     87.000     86.081    -0.9452  27.399745    -0.9441  27.399549     8.3543     8.8280    19.4630    71.6076 1.0000e-12  -74.18784 -113.13100  24.069217      99.94 2.6267e+02    382.369       9178  1027.6104  1027.6091    33.8174    33.8159    8.28069         42 0.0000e+00
     88.000     87.071    -0.9452  27.400145    -0.9445  27.399600     8.3533     8.8267    19.8093    71.4623 1.0000e-12  -74.18784 -113.13100  24.069239      95.72 2.6267e+02    384.250       9223  1027.6152  1027.6139    33.8174    33.8159    8.28071         37 0.0000e+00
     89.000     88.060    -0.9455  27.400435    -0.9443  27.400298     8.3485     8.8199    21.0376    70.3235 1.0000e-12  -74.18784 -113.13100  24.069261      99.87 2.6267e+02    386.114       9268  1027.6200  1027.6187    33.8175    33.8159    8.28075         39 0.0000e+00
     90.000     89.050    -0.9447  27.401630    -0.9438  27.401274     8.3384     8.8106    19.0812    72.8649 1.0000e-12  -74.18784 -113.13100  24.069283      99.98 2.6299e+02    388.021       9314  1027.6248  1027.6236    33.8176    33.8162    8.28058         44 0.0000e+00
     91.000     90.038    -0.9368  27.409533    -0.9399  27.405187     8.3281     8.7882    19.0931    71.3899 1.0000e-12  -74.18784 -113.13100  24.069304      99.99 2.6333e+02    389.903       9359  1027.6300  1027.6284    33.8188    33.8165    8.27876         42 0.0000e+00
     92.000     91.028    -0.9384  27.408560    -0.9386  27.407519     8.3221     8.7869    19.2810    71.1579 1.0000e-12  -74.18784 -113.13101  24.069326      99.93 2.6439e+02    391.766       9403  1027.6349  1027.6340    33.8187    33.8175    8.27913         37 0.0000e+00
     93.000     92.017    -0.9434  27.404705    -0.9425  27.404311     8.3150     8.7868    19.5712    72.3989 1.0000e-12  -74.18784 -113.13102  24.069348      99.97 2.6443e+02    393.655       9449  1027.6399  1027.6385    33.8185    33.8169    8.28024         40 0.0000e+00
     94.000     93.005    -0.9447  27.404222    -0.9436  27.403892     8.3167     8.7874    18.4653    74.5188 1.0000e-12  -74.18784 -113.13102  24.069370      99.98 2.6443e+02    395.530       9494  1027.6449  1027.6434    33.8186    33.8170    8.28051         42 0.0000e+00
     95.000     93.996    -0.9434  27.405607    -0.9420  27.405535     8.3312     8.7890    19.6258    71.5145 1.0000e-12  -74.18784 -113.13101  24.069391      99.98 2.6443e+02    397.383       9538  1027.6494  1027.6479    33.8184    33.8168    8.28024         42 0.0000e+00
     96.000     94.985    -0.9421  27.407214    -0.9402  27.407552     8.3210     8.7832    19.3096    72.8275 1.0000e-12  -74.18784 -113.13101  24.069413      99.99 2.6443e+02    399.258       9583  1027.6542  1027.6527    33.8186    33.8168    8.27996         38 0.0000e+00
     97.000     95.974    -0.9410  27.408665    -0.9400  27.408339     8.3252     8.7875    21.2921    72.5413 1.0000e-12  -74.18784 -113.13101  24.069434      99.95 2.6443e+02    401.137       9628  1027.6590  1027.6576    33.8187    33.8171    8.27970         44 0.0000e+00
     98.000     96.962    -0.9430  27.407305    -0.9425  27.406411     8.3194     8.7968    19.6808    71.3281 1.0000e-12  -74.18784 -113.13101  24.069456      99.92 2.6443e+02    402.991       9673  1027.6638  1027.6623    33.8184    33.8167    8.28015         43 0.0000e+00
     99.000     97.952    -0.9451  27.405420    -0.9441  27.405340     8.3157     8.7791    19.7981    72.1186 1.0000e-12  -74.18784 -113.13101  24.069477      99.94 2.6443e+02    404.835       9717  1027.6680  1027.6670    33.8176    33.8165    8.28066         38 0.0000e+00
    100.000     98.942    -0.9433  27.408350    -0.9426  27.407600     8.2937     8.7496    20.3995    71.7757 1.0000e-12  -74.18784 -113.13101  24.069499      99.98 2.6443e+02    406.723       9762  1027.6738  1027.6723    33.8190    33.8172    8.28019         42 0.0000e+00
    101.000     99.931    -0.9428  27.409452    -0.9411  27.409720     8.2832     8.7461    18.9645    72.2569 1.0000e-12  -74.18784 -113.13101  24.069520      99.98 2.6456e+02    408.563       9807  1027.6788  1027.6775    33.8193    33.8178    8.28006         43 0.0000e+00
    102.000    100.919    -0.9457  27.407442    -0.9450  27.406745     8.2848     8.7452    18.3763    73.4299 1.0000e-12  -74.18784 -113.13101  24.069541      96.56 2.6474e+02    410.383       9850  1027.6837  1027.6823    33.8192    33.8175    8.28070         40 0.0000e+00
    103.000    101.909    -0.9452  27.408377    -0.9444  27.407707     8.2889     8.7435    19.2378    72.6182 1.0000e-12  -74.18784 -113.13101  24.069563     100.17 2.6502e+02    412.258       9895  1027.6885  1027.6870    33.8193    33.8175    8.28059         31 0.0000e+00
    104.000    102.898    -0.9443  27.409599    -0.9438  27.408877     8.2874     8.7460    18.9338    72.2901 1.0000e-12  -74.18782 -113.13101  24.069584      99.93 2.6477e+02    414.100       9939  1027.6933  1027.6919    33.8194    33.8177    8.28039         42 0.0000e+00
    105.000    103.887    -0.9438  27.410562    -0.9429  27.410022     8.2711     8.7345    18.7681    72.6093 1.0000e-12  -74.18782 -113.13101  24.069605      99.89 2.6510e+02    415.898       9983  1027.6981  1027.6967    33.8195    33.8177    8.28027         39 0.0000e+00
    106.000    104.876    -0.9481  27.407230    -0.9490  27.405491     8.2549     8.7068    18.1578    71.8710 1.0000e-12  -74.18782 -113.13101  24.069625      99.91 2.6567e+02    417.577      10023  1027.7029  1027.7020    33.8191    33.8178    8.28123         32 0.0000e+00
    107.000    105.866    -0.9504  27.406112    -0.9482  27.406532     8.2489     8.7170    19.6248    73.6422 1.0000e-12  -74.18782 -113.13101  24.069640      99.98 2.6515e+02    418.893      10054  1027.7082  1027.7066    33.8196    33.8178    8.28172         32 0.0000e+00
    108.000    106.853    -0.9499  27.407245    -0.9493  27.406363     8.2526     8.7168    19.7171    72.8301 1.0000e-12  -74.18782 -113.13101  24.069655      99.89 2.6461e+02    420.218      10086  1027.7133  1027.7117    33.8200    33.8181    8.28159         32 0.0000e+00
    109.000    107.843    -0.9450  27.411779    -0.9426  27.412268     8.2585     8.7141    22.2018    73.3381 1.0000e-12  -74.18782 -113.13101  24.069670      99.84 2.6443e+02    421.525      10118  1027.7177  1027.7159    33.8200    33.8179    8.28050         31 0.0000e+00
    110.000    108.833    -0.9364  27.420175    -0.9326  27.421879     8.2657     8.7062    19.4497    73.0712 1.0000e-12  -74.18782 -113.13101  24.069685      99.96 2.6443e+02    422.803      10148  1027.7229  1027.7211    33.8212    33.8192    8.27855         30 0.0000e+00
    111.000    109.822    -0.9331  27.423439    -0.9368  27.419490     8.2067     8.6383    20.2180    74.1160 1.0000e-12  -74.18782 -113.13101  24.069700      95.89 2.6443e+02    424.083      10179  1027.7276  1027.7269    33.8213    33.8201    8.27781         31 0.0000e+00
    112.000    110.809    -0.9429  27.416204    -0.9372  27.419485     8.0364     8.4797    22.5746    73.4473 1.0000e-12  -74.18782 -113.13100  24.069715      99.94 2.6443e+02    425.358      10210  1027.7335  1027.7316    33.8218    33.8199    8.27994         28 0.0000e+00
    113.000    111.800    -0.9664  27.395715    -0.9729  27.391536     7.7580     8.2671    17.6294    73.7422 1.0000e-12  -74.18782 -113.13101  24.069729      99.98 2.6443e+02    426.598      10239  1027.7383  1027.7400    33.8198    33.8213    8.28524         29 0.0000e+00
    114.000    112.789    -1.0923  27.291432    -1.0734  27.308341     7.5946     8.1010    16.8645    74.1756 1.0000e-12  -74.18782 -113.13101  24.069743      99.87 2.6443e+02    427.796      10268  1027.7504  1027.7506    33.8187    33.8205    8.31315         29 0.0000e+00
    115.000    113.779    -1.1402  27.253978    -1.1388  27.255004     7.5310     8.0284    16.4709    74.1075 1.0000e-12  -74.18782 -113.13101  24.069757      99.65 2.6443e+02    428.987      10297  1027.7595  1027.7594    33.8209    33.8208    8.32365         28 0.0000e+00
    116.000    114.767    -1.1516  27.245750    -1.1508  27.245565     7.5115     7.9821    13.7213    73.4395 1.0000e-12  -74.18782 -113.13102  24.069771      99.47 2.6443e+02    430.187      10325  1027.7651  1027.7642    33.8219    33.8207    8.32614         30 0.0000e+00
