ocean_section_plots/required_files/ctd/dnbp2202_ctd062.cnv
* Sea-Bird SBE 9 Data File:
* FileName = D:\Data\raw\NBP2202_CTD062.hex
* Software Version Seasave V 7.26.7.121
* Temperature SN = 1649
* Conductivity SN = 2513
* Number of Bytes Per Scan = 40
* Number of Voltage Words = 5
* Number of Scans Averaged by the Deck Unit = 1
* NMEA Latitude = 73 59.29 S
* NMEA Longitude = 111 44.96 W
* NMEA UTC (Time) = Jan 25 2022  12:18:04
* NMEA baud rate = 9600
** Ship: RVIB N.B. Palmer
** Cruise: NBP2202 Thwaites
** Station: 43
** Operator: B.Bjork
# nquan = 25
# nvalues = 505                         
# units = specified
# name 0 = prDM: Pressure, Digiquartz [db]
# name 1 = depSM: Depth [salt water, m]
# name 2 = t090C: Temperature [ITS-90, deg C]
# name 3 = c0mS/cm: Conductivity [mS/cm]
# name 4 = t190C: Temperature, 2 [ITS-90, deg C]
# name 5 = c1mS/cm: Conductivity, 2 [mS/cm]
# name 6 = sbeox0ML/L: Oxygen, SBE 43 [ml/l]
# name 7 = sbeox1ML/L: Oxygen, SBE 43, 2 [ml/l]
# name 8 = flECO-AFL: Fluorescence, WET Labs ECO-AFL/FL [mg/m^3]
# name 9 = CStarTr0: Beam Transmission, WET Labs C-Star [%]
# name 10 = par: PAR/Irradiance, Biospherical/Licor
# name 11 = latitude: Latitude [deg]
# name 12 = longitude: Longitude [deg]
# name 13 = timeJ: Julian Days
# name 14 = altM: Altimeter [m]
# name 15 = spar: SPAR, Biospherical/Licor
# name 16 = timeS: Time, Elapsed [seconds]
# name 17 = scan: Scan Count
# name 18 = density00: Density [density, kg/m^3]
# name 19 = density11: Density, 2 [density, kg/m^3]
# name 20 = sal00: Salinity, Practical [PSU]
# name 21 = sal11: Salinity, Practical, 2 [PSU]
# name 22 = oxsolML/L: Oxygen Saturation, Garcia & Gordon [ml/l]
# name 23 = nbin: number of scans per bin
# name 24 = flag: flag
# span 0 =      4.000,    508.000       
# span 1 =      3.956,    502.131       
# span 2 =    -1.4761,     0.1935       
# span 3 =  27.086118,  29.027405       
# span 4 =    -1.4748,     0.1956       
# span 5 =  27.085763,  29.027129       
# span 6 =     4.7442,     9.1386       
# span 7 =     4.9277,     9.4311       
# span 8 =    -0.0204,    30.0818       
# span 9 =    65.6794,    96.2459       
# span 10 = -3.173e-05, 3.0945e+01      
# span 11 =  -73.98822,  -73.98788      
# span 12 = -111.74937, -111.74873      
# span 13 =  25.514223,  25.522958      
# span 14 =       4.66,     104.05      
# span 15 = 1.8963e+02, 2.8006e+02      
# span 16 =    144.866,    899.546      
# span 17 =       3478,      21590      
# span 18 =  1027.1875,  1030.0673      
# span 19 =  1027.1878,  1030.0652      
# span 20 =    33.8042,    34.4633      
# span 21 =    33.8042,    34.4606      
# span 22 =    7.99988,    8.38992      
# span 23 =          2,         66      
# span 24 = 0.0000e+00, 0.0000e+00      
# interval = decibars: 1                
# start_time = Jan 25 2022 12:18:04 [NMEA time, header]
# bad_flag = -9.990e-29
*END*
[from data line 232]
    236.000    233.428    -1.3224  27.350426    -1.3217  27.350101     6.1319     6.3959     0.4360    96.1056 1.0000e-12  -73.98796 -111.74892  25.518431      99.91 2.6443e+02    508.461      12204  1028.5550  1028.5539    34.0845    34.0831    8.34872         29 0.0000e+00
    237.000    234.414    -1.3265  27.348567    -1.3261  27.347572     6.0664     6.3374     0.2481    96.1065 1.0000e-12  -73.98796 -111.74893  25.518445      99.92 2.6584e+02    509.672      12233  1028.5612  1028.5598    34.0859    34.0841    8.34954         29 0.0000e+00
    238.000    235.404    -1.2921  27.380159    -1.2919  27.377116     6.0015     6.2747     0.0745    96.1432 1.0000e-12  -73.98796 -111.74892  25.518459      91.47 2.6573e+02    510.888      12262  1028.5666  1028.5630    34.0895    34.0851    8.34164         30 0.0000e+00
    239.000    236.391    -1.2361  27.429785    -1.2362  27.427559     5.9376     6.2164     0.1650    96.0648 1.0000e-12  -73.98794 -111.74892  25.518474      99.25 2.6417e+02    512.173      12293  1028.5709  1028.5685    34.0933    34.0904    8.32894         32 0.0000e+00
    240.000    237.381    -1.2135  27.450237    -1.2117  27.450014     5.9009     6.1631     0.1045    95.9823 1.0000e-12  -73.98794 -111.74891  25.518489      99.90 2.6533e+02    513.482      12325  1028.5759  1028.5739    34.0950    34.0926    8.32380         31 0.0000e+00
    241.000    238.369    -1.1721  27.487763    -1.1713  27.486762     5.9096     6.1589     0.1787    95.9436 1.0000e-12  -73.98794 -111.74890  25.518505      99.91 2.6597e+02    514.798      12356  1028.5812  1028.5794    34.0986    34.0964    8.31437         32 0.0000e+00
    242.000    239.357    -1.1658  27.495356    -1.1661  27.493781     5.9668     6.2036     0.1658    95.9487 1.0000e-12  -73.98794 -111.74890  25.518520      99.91 2.6439e+02    516.115      12388  1028.5883  1028.5869    34.1013    34.0995    8.31283         31 0.0000e+00
    243.000    240.346    -1.2041  27.463292    -1.2042  27.463216     6.0470     6.2783     0.1679    95.7975 1.0000e-12  -73.98794 -111.74890  25.518535      99.91 2.6454e+02    517.410      12419  1028.5954  1028.5954    34.1003    34.1004    8.32140         31 0.0000e+00
    244.000    241.334    -1.2397  27.433748    -1.2364  27.435858     6.1069     6.3389     0.1271    96.0418 1.0000e-12  -73.98794 -111.74890  25.518550      99.87 2.6568e+02    518.703      12450  1028.6022  1028.6013    34.0996    34.0988    8.32935         29 0.0000e+00
    245.000    242.324    -1.2809  27.398724    -1.2822  27.396905     6.1637     6.3993     0.1757    95.6917 1.0000e-12  -73.98794 -111.74889  25.518565      99.91 2.6306e+02    520.016      12481  1028.6084  1028.6077    34.0979    34.0969    8.33864         32 0.0000e+00
    246.000    243.310    -1.3037  27.379161    -1.3040  27.378883     6.2120     6.4527     0.1119    95.9263 1.0000e-12  -73.98794 -111.74888  25.518580      99.91 2.6399e+02    521.273      12512  1028.6134  1028.6133    34.0964    34.0963    8.34383         29 0.0000e+00
    247.000    244.300    -1.3400  27.350228    -1.3401  27.349620     6.2270     6.4634     0.0791    95.7190 1.0000e-12  -73.98794 -111.74888  25.518594      99.91 2.6368e+02    522.481      12541  1028.6211  1028.6206    34.0973    34.0967    8.35188         28 0.0000e+00
    248.000    245.289    -1.3384  27.353153    -1.3376  27.352825     6.2013     6.4421     0.0857    95.9403 1.0000e-12  -73.98793 -111.74888  25.518608      99.26 2.6283e+02    523.708      12570  1028.6267  1028.6256    34.0990    34.0976    8.35144         30 0.0000e+00
    249.000    246.277    -1.3272  27.364274    -1.3259  27.364065     6.1779     6.4273     0.0202    95.8110 1.0000e-12  -73.98792 -111.74888  25.518622      95.78 2.6304e+02    524.924      12599  1028.6320  1028.6304    34.1008    34.0990    8.34882         29 0.0000e+00
    250.000    247.265    -1.3115  27.379886    -1.3102  27.379734     6.1696     6.4166     0.0177    95.9044 1.0000e-12  -73.98792 -111.74886  25.518635      99.36 2.6329e+02    526.085      12627  1028.6379  1028.6365    34.1038    34.1021    8.34513         28 0.0000e+00
    251.000    248.254    -1.3114  27.380870    -1.3106  27.380756     6.1711     6.4192     0.0249    96.0502 1.0000e-12  -73.98792 -111.74886  25.518649      99.91 2.6181e+02    527.255      12655  1028.6432  1028.6423    34.1044    34.1034    8.34508         28 0.0000e+00
    252.000    249.242    -1.3109  27.382482    -1.3102  27.382105     6.1355     6.4027     0.0468    96.1607 1.0000e-12  -73.98792 -111.74886  25.518663      99.91 2.6223e+02    528.524      12686  1028.6486  1028.6475    34.1054    34.1041    8.34490         32 0.0000e+00
    253.000    250.231    -1.3026  27.390756    -1.3009  27.390935     6.0757     6.3438     0.0349    96.2443 1.0000e-12  -73.98792 -111.74886  25.518678      99.91 2.6181e+02    529.812      12716  1028.6538  1028.6523    34.1067    34.1050    8.34297         27 0.0000e+00
    254.000    251.219    -1.2700  27.421037    -1.2698  27.418512     6.0566     6.3197     0.0220    96.1601 1.0000e-12  -73.98792 -111.74886  25.518692      99.91 2.6078e+02    531.009      12745  1028.6595  1028.6565    34.1106    34.1069    8.33547         29 0.0000e+00
    255.000    252.208    -1.2421  27.447645    -1.2410  27.447591     6.0486     6.3125     0.0297    96.2130 1.0000e-12  -73.98792 -111.74884  25.518706      99.92 2.5987e+02    532.208      12774  1028.6658  1028.6647    34.1146    34.1134    8.32900         29 0.0000e+00
    256.000    253.196    -1.2469  27.445090    -1.2467  27.443990     6.0435     6.3049     0.0362    96.0712 1.0000e-12  -73.98791 -111.74885  25.518721      99.91 2.6032e+02    533.503      12805  1028.6722  1028.6708    34.1160    34.1143    8.33000         33 0.0000e+00
    257.000    254.184    -1.2398  27.451674    -1.2386  27.451416     6.0366     6.2921     0.0362    96.1273 1.0000e-12  -73.98790 -111.74884  25.518736      99.92 2.6054e+02    534.802      12836  1028.6770  1028.6755    34.1163    34.1146    8.32839         29 0.0000e+00
    258.000    255.172    -1.2333  27.458476    -1.2332  27.457342     6.0406     6.3014     0.0362    96.2378 1.0000e-12  -73.98790 -111.74884  25.518750      99.91 2.5901e+02    536.009      12865  1028.6825  1028.6811    34.1176    34.1159    8.32687         29 0.0000e+00
    259.000    256.162    -1.2340  27.459316    -1.2316  27.460223     6.0311     6.2855     0.0365    96.2265 1.0000e-12  -73.98790 -111.74884  25.518764      97.97 2.5938e+02    537.192      12894  1028.6886  1028.6872    34.1190    34.1174    8.32695         29 0.0000e+00
    260.000    257.150    -1.2288  27.465437    -1.2268  27.465648     5.9811     6.2377     0.0470    96.2459 1.0000e-12  -73.98790 -111.74883  25.518778      97.44 2.6055e+02    538.445      12924  1028.6946  1028.6929    34.1208    34.1188    8.32568         31 0.0000e+00
    261.000    258.138    -1.1931  27.499223    -1.1913  27.498544     5.9650     6.2186     0.0447    96.2114 1.0000e-12  -73.98790 -111.74883  25.518793      99.91 2.5858e+02    539.683      12953  1028.7012  1028.6987    34.1258    34.1228    8.31744         28 0.0000e+00
    262.000    259.127    -1.1759  27.515089    -1.1761  27.513651     5.9781     6.2370     0.0436    96.2429 1.0000e-12  -73.98790 -111.74882  25.518806      99.91 2.6052e+02    540.836      12981  1028.7062  1028.7049    34.1273    34.1257    8.31352         27 0.0000e+00
    263.000    260.115    -1.1924  27.501514    -1.1921  27.500938     5.9755     6.2297     0.1985    96.2124 1.0000e-12  -73.98790 -111.74882  25.518819      99.91 2.6114e+02    541.991      13009  1028.7121  1028.7112    34.1269    34.1258    8.31721         29 0.0000e+00
    264.000    261.103    -1.1979  27.498077    -1.1967  27.497734     5.9426     6.1947     0.0494    96.1971 1.0000e-12  -73.98790 -111.74882  25.518833      99.92 2.5938e+02    543.208      13038  1028.7182  1028.7167    34.1278    34.1260    8.31838         29 0.0000e+00
    265.000    262.092    -1.1677  27.525644    -1.1672  27.524040     5.9099     6.1728     0.0462    96.2053 1.0000e-12  -73.98790 -111.74882  25.518848      99.91 2.6116e+02    544.447      13068  1028.7232  1028.7210    34.1306    34.1278    8.31151         30 0.0000e+00
    266.000    263.080    -1.1573  27.535314    -1.1568  27.534340     5.8905     6.1515     0.1082    96.2026 1.0000e-12  -73.98790 -111.74882  25.518862      99.92 2.6197e+02    545.701      13098  1028.7282  1028.7267    34.1314    34.1295    8.30916         30 0.0000e+00
    267.000    264.069    -1.1415  27.549771    -1.1415  27.548532     5.8671     6.1138     0.0967    96.1265 1.0000e-12  -73.98790 -111.74882  25.518877      99.91 2.6042e+02    546.947      13128  1028.7331  1028.7317    34.1326    34.1309    8.30559         30 0.0000e+00
    268.000    265.057    -1.1240  27.566708    -1.1158  27.572449     5.8410     6.0814     0.0392    96.1589 1.0000e-12  -73.98790 -111.74882  25.518891      99.92 2.6161e+02    548.188      13158  1028.7390  1028.7373    34.1352    34.1338    8.30155         30 0.0000e+00
    269.000    266.045    -1.1001  27.587775    -1.0997  27.587052     5.8278     6.0662     0.0395    96.1225 1.0000e-12  -73.98789 -111.74882  25.518906      99.56 2.6335e+02    549.453      13188  1028.7433  1028.7421    34.1363    34.1348    8.29621         31 0.0000e+00
    270.000    267.033    -1.0968  27.591371    -1.0919  27.593844     5.8649     6.1162     0.1750    96.1456 1.0000e-12  -73.98788 -111.74882  25.518920      83.30 2.6218e+02    550.711      13218  1028.7486  1028.7465    34.1368    34.1346    8.29544         29 0.0000e+00
    271.000    268.022    -1.1215  27.569646    -1.1259  27.565417     5.8925     6.1315     0.0623    96.1655 1.0000e-12  -73.98788 -111.74882  25.518934      99.47 2.6352e+02    551.875      13246  1028.7537  1028.7533    34.1346    34.1338    8.30105         27 0.0000e+00
    272.000    269.010    -1.1427  27.551370    -1.1429  27.550625     5.8383     6.0759     0.0625    96.1495 1.0000e-12  -73.98788 -111.74882  25.518947      99.90 2.6552e+02    552.986      13273  1028.7589  1028.7583    34.1331    34.1323    8.30583         27 0.0000e+00
    273.000    269.999    -1.1179  27.575015    -1.1057  27.582823     5.7599     6.0101     0.0722    96.1053 1.0000e-12  -73.98788 -111.74882  25.518960      99.92 2.6319e+02    554.151      13301  1028.7647  1028.7613    34.1365    34.1334    8.30012         29 0.0000e+00
    274.000    270.987    -1.0489  27.636824    -1.0450  27.637700     5.7248     5.9810     0.0454    96.1405 1.0000e-12  -73.98788 -111.74882  25.518974      99.91 2.6591e+02    555.325      13329  1028.7690  1028.7663    34.1419    34.1388    8.28455         27 0.0000e+00
    275.000    271.976    -1.0364  27.648023    -1.0351  27.647753     5.7224     5.9737     0.0704    96.1295 1.0000e-12  -73.98788 -111.74882  25.518987      99.91 2.6735e+02    556.444      13356  1028.7738  1028.7722    34.1425    34.1406    8.28177         27 0.0000e+00
    276.000    272.963    -1.0329  27.652941    -1.0313  27.653067     5.7090     5.9577     0.0614    96.0273 1.0000e-12  -73.98788 -111.74881  25.518999      99.91 2.6648e+02    557.552      13382  1028.7804  1028.7789    34.1446    34.1429    8.28088         27 0.0000e+00
    277.000    273.953    -1.0277  27.659327    -1.0269  27.658136     5.7039     5.9480     0.0598    96.0948 1.0000e-12  -73.98788 -111.74880  25.519013      99.92 2.6762e+02    558.704      13410  1028.7868  1028.7848    34.1468    34.1442    8.27960         28 0.0000e+00
    278.000    274.940    -1.0082  27.677596    -1.0075  27.676123     5.6850     5.9130     0.0696    95.6145 1.0000e-12  -73.98788 -111.74880  25.519027      99.91 2.6875e+02    559.917      13439  1028.7923  1028.7900    34.1489    34.1461    8.27518         29 0.0000e+00
    279.000    275.929    -0.9976  27.687355    -0.9966  27.686596     5.6942     5.9148     0.0714    96.0643 1.0000e-12  -73.98788 -111.74880  25.519041      99.91 2.6837e+02    561.136      13468  1028.7971  1028.7954    34.1495    34.1474    8.27280         30 0.0000e+00
    280.000    276.917    -0.9853  27.699042    -0.9838  27.698588     5.7563     5.9794     0.0806    96.0742 1.0000e-12  -73.98788 -111.74880  25.519055      99.91 2.6909e+02    562.344      13497  1028.8025  1028.8005    34.1509    34.1486    8.27002         28 0.0000e+00
    281.000    277.907    -1.0315  27.658990    -1.0318  27.659201     5.7849     6.0037     0.0700    95.7485 1.0000e-12  -73.98788 -111.74880  25.519069      95.71 2.6917e+02    563.549      13526  1028.8087  1028.8093    34.1481    34.1487    8.28036         29 0.0000e+00
    282.000    278.892    -1.0592  27.637137    -1.0572  27.637189     5.8005     6.0175     0.0645    96.0571 1.0000e-12  -73.98788 -111.74880  25.519083      99.94 2.7040e+02    564.758      13555  1028.8163  1028.8145    34.1491    34.1470    8.28640         29 0.0000e+00
    283.000    279.883    -1.0507  27.644781    -1.0480  27.645948     5.8401     6.0611     0.0582    96.0140 1.0000e-12  -73.98788 -111.74880  25.519097      99.91 2.7002e+02    565.964      13584  1028.8206  1028.8192    34.1493    34.1478    8.28452         29 0.0000e+00
    284.000    280.870    -1.0812  27.618829    -1.0806  27.619036     5.8655     6.0883     0.1256    95.8587 1.0000e-12  -73.98788 -111.74880  25.519111      99.91 2.7085e+02    567.148      13613  1028.8264  1028.8261    34.1479    34.1475    8.29133         28 0.0000e+00
    285.000    281.858    -1.1043  27.600546    -1.1033  27.600042     5.8792     6.1017     0.1399    95.9726 1.0000e-12  -73.98788 -111.74880  25.519124      99.91 2.7237e+02    568.317      13641  1028.8333  1028.8317    34.1486    34.1467    8.29641         28 0.0000e+00
    286.000    282.847    -1.1056  27.600118    -1.1045  27.599963     5.8949     6.1220     0.0483    96.0261 1.0000e-12  -73.98788 -111.74880  25.519137      99.91 2.7044e+02    569.454      13668  1028.8382  1028.8369    34.1488    34.1474    8.29668         27 0.0000e+00
    287.000    283.834    -1.1203  27.588455    -1.1201  27.587801     5.9284     6.1633     0.0566    96.0649 1.0000e-12  -73.98788 -111.74880  25.519150      99.91 2.7210e+02    570.567      13695  1028.8440  1028.8431    34.1490    34.1479    8.29992         26 0.0000e+00
    288.000    284.822    -1.1359  27.575551    -1.1363  27.574735     5.9520     6.1862     0.0531    96.0522 1.0000e-12  -73.98788 -111.74880  25.519163      99.92 2.7331e+02    571.715      13722  1028.8492  1028.8488    34.1485    34.1478    8.30341         29 0.0000e+00
    289.000    285.814    -1.1583  27.557637    -1.1574  27.557289     5.9358     6.1747     0.0471    96.0621 1.0000e-12  -73.98788 -111.74881  25.519177      99.91 2.7093e+02    572.921      13751  1028.8557  1028.8544    34.1489    34.1473    8.30836         29 0.0000e+00
    290.000    286.799    -1.1532  27.563628    -1.1530  27.562065     5.8976     6.1422     0.0647    96.0568 1.0000e-12  -73.98788 -111.74880  25.519191      99.91 2.7233e+02    574.080      13779  1028.8612  1028.8593    34.1507    34.1482    8.30712         27 0.0000e+00
    291.000    287.789    -1.1299  27.585868    -1.1293  27.584502     5.8837     6.1312     0.0451    96.1117 1.0000e-12  -73.98790 -111.74882  25.519204      99.92 2.7390e+02    575.204      13806  1028.8667  1028.8646    34.1539    34.1513    8.30176         28 0.0000e+00
    292.000    288.776    -1.1133  27.601591    -1.1117  27.601503     5.8700     6.1217     0.0456    96.0953 1.0000e-12  -73.98790 -111.74880  25.519218      86.27 2.7165e+02    576.392      13834  1028.8719  1028.8702    34.1560    34.1540    8.29798         29 0.0000e+00
