ocean_section_plots/required_files/ctd/dnbp2202_ctd054.cnv
* Sea-Bird SBE 9 Data File:
* FileName = D:\Data\raw\NBP2202_CTD054.hex
* Software Version Seasave V 7.26.7.121
* Temperature SN = 1649
* Conductivity SN = 2513
* Number of Bytes Per Scan = 40
* Number of Voltage Words = 5
* Number of Scans Averaged by the Deck Unit = 1
* NMEA Latitude = 74 13.88 S
* NMEA Longitude = 112 30.21 W
* NMEA UTC (Time) = Jan 24 2022  09:47:08
* NMEA baud rate = 9600
** Ship: RVIB N.B. Palmer
** Cruise: NBP2202 Thwaites
** Station: Section Dotson C
** Operator: B Bjork
# nquan = 25
# nvalues = 1110                        
# units = specified
# name 0 = prDM: Pressure, Digiquartz [db]
# name 1 = depSM: Depth [salt water, m]
# name 2 = t090C: Temperature [ITS-90, deg C]
# name 3 = c0mS/cm: Conductivity [mS/cm]
# name 4 = t190C: Temperature, 2 [ITS-90, deg C]
# name 5 = c1mS/cm: Conductivity, 2 [mS/cm]
# name 6 = sbeox0ML/L: Oxygen, SBE 43 [ml/l]
# name 7 = sbeox1ML/L: Oxygen, SBE 43, 2 [ml/l]
# name 8 = flECO-AFL: Fluorescence, WET Labs ECO-AFL/FL [mg/m^3]
# name 9 = CStarTr0: Beam Transmission, WET Labs C-Star [%]
# name 10 = par: PAR/Irradiance, Biospherical/Licor
# name 11 = latitude: Latitude [deg]
# name 12 = longitude: Longitude [deg]
# name 13 = timeJ: Julian Days
# name 14 = altM: Altimeter [m]
# name 15 = spar: SPAR, Biospherical/Licor
# name 16 = timeS: Time, Elapsed [seconds]
# name 17 = scan: Scan Count
# name 18 = density00: Density [density, kg/m^3]
# name 19 = density11: Density, 2 [density, kg/m^3]
# name 20 = sal00: Salinity, Practical [PSU]
# name 21 = sal11: Salinity, Practical, 2 [PSU]
# name 22 = oxsolML/L: Oxygen Saturation, Garcia & Gordon [ml/l]
# name 23 = nbin: number of scans per bin
# name 24 = flag: flag
# span 0 =      2.000,   1111.000       
# span 1 =      1.973,   1096.574       
# span 2 =    -1.5073,     0.5104       
# span 3 =  27.080677,  29.628515       
# span 4 =    -1.5061,     0.5126       
# span 5 =  27.079518,  29.628158       
# span 6 =     4.5727,     8.4488       
# span 7 =     4.7501,     8.8512       
# span 8 =    -0.0186,    24.8066       
# span 9 =    69.3984,    97.0302       
# span 10 = 1.0000e-12, 5.7338e+01      
# span 11 =  -74.23144,  -74.23144      
# span 12 = -112.50358, -112.50354      
# span 13 =  24.410533,  24.427092      
# span 14 =       3.90,     100.12      
# span 15 = 1.5729e+02, 3.6707e+02      
# span 16 =    242.016,   1672.790      
# span 17 =       5809,      40148      
# span 18 =  1027.1830,  1032.9325      
# span 19 =  1027.1844,  1032.9302      
# span 20 =    33.7898,    34.5514      
# span 21 =    33.7906,    34.5488      
# span 22 =    7.92955,    8.39559      
# span 23 =         12,         50      
# span 24 = 0.0000e+00, 0.0000e+00      
# interval = decibars: 1                
# start_time = Jan 24 2022 09:47:08 [NMEA time, header]
# bad_flag = -9.990e-29
*END*
[from data line 522]
    524.000    517.919    -0.0554  28.736291    -0.0533  28.735726     4.8127     5.0185     0.0286    96.6509 1.0000e-12  -74.23144 -112.50358  24.418430      99.85 3.1776e+02    924.391      22186  1030.0684  1030.0658    34.3481    34.3450    8.05847         28 0.0000e+00
    525.000    518.907    -0.0509  28.742120    -0.0485  28.741431     4.8052     5.0127     0.0177    96.6552 1.0000e-12  -74.23144 -112.50357  24.418444      99.89 3.1907e+02    925.571      22215  1030.0743  1030.0713    34.3501    34.3465    8.05739         29 0.0000e+00
    526.000    519.894    -0.0410  28.752656    -0.0397  28.751209     4.7917     4.9986     0.0429    96.6633 1.0000e-12  -74.23144 -112.50357  24.418458      99.88 3.1908e+02    926.744      22243  1030.0800  1030.0772    34.3524    34.3490    8.05518         27 0.0000e+00
    527.000    520.882    -0.0340  28.759951    -0.0303  28.760737     4.7857     4.9948     0.0329    96.6552 1.0000e-12  -74.23144 -112.50357  24.418471      99.88 3.1908e+02    927.920      22271  1030.0851  1030.0823    34.3536    34.3505    8.05365         29 0.0000e+00
    528.000    521.868    -0.0210  28.773077    -0.0192  28.772168     4.7823     4.9825     0.0253    96.6558 1.0000e-12  -74.23144 -112.50356  24.418485      99.89 3.2014e+02    929.092      22299  1030.0905  1030.0877    34.3558    34.3526    8.05078         27 0.0000e+00
    529.000    522.855    -0.0157  28.779910    -0.0137  28.778919     4.7739     4.9692     0.0312    96.6436 1.0000e-12  -74.23144 -112.50358  24.418498      99.89 3.2084e+02    930.258      22327  1030.0968  1030.0938    34.3584    34.3548    8.04953         29 0.0000e+00
    530.000    523.843     0.0029  28.798651     0.0049  28.797877     4.7673     4.9691     0.0247    96.6261 1.0000e-12  -74.23144 -112.50356  24.418512      99.88 3.2103e+02    931.434      22355  1030.1027  1030.0999    34.3617    34.3584    8.04544         28 0.0000e+00
    531.000    524.830     0.0090  28.805059     0.0110  28.804345     4.7558     4.9585     0.0289    96.6533 1.0000e-12  -74.23144 -112.50357  24.418526      99.89 3.2212e+02    932.619      22384  1030.1078  1030.1051    34.3627    34.3595    8.04408         29 0.0000e+00
    532.000    525.818     0.0194  28.815739     0.0216  28.814919     4.7421     4.9533     0.0332    96.6691 1.0000e-12  -74.23144 -112.50357  24.418539      99.89 3.2261e+02    933.787      22412  1030.1132  1030.1102    34.3646    34.3610    8.04180         27 0.0000e+00
    533.000    526.805     0.0295  28.825835     0.0321  28.825427     4.7354     4.9497     0.0273    96.6693 1.0000e-12  -74.23144 -112.50357  24.418553      84.24 3.2274e+02    934.949      22440  1030.1183  1030.1153    34.3660    34.3626    8.03959         28 0.0000e+00
    534.000    527.791     0.0368  28.833399     0.0390  28.832907     4.7348     4.9429     0.0265    96.6202 1.0000e-12  -74.23144 -112.50358  24.418566      91.66 3.2375e+02    936.111      22468  1030.1236  1030.1209    34.3674    34.3642    8.03801         28 0.0000e+00
    535.000    528.778     0.0409  28.838499     0.0432  28.838000     4.7392     4.9383     0.0234    96.6642 1.0000e-12  -74.23144 -112.50356  24.418580      99.96 3.2438e+02    937.282      22496  1030.1293  1030.1266    34.3688    34.3656    8.03705         28 0.0000e+00
    536.000    529.765     0.0470  28.845591     0.0495  28.845174     4.7404     4.9380     0.0158    96.6632 1.0000e-12  -74.23144 -112.50358  24.418593      99.88 3.2485e+02    938.455      22524  1030.1352  1030.1324    34.3708    34.3675    8.03566         29 0.0000e+00
    537.000    530.753     0.0511  28.850727     0.0533  28.850145     4.7379     4.9369     0.0270    96.6592 1.0000e-12  -74.23144 -112.50357  24.418607      99.89 3.2612e+02    939.633      22552  1030.1411  1030.1383    34.3725    34.3692    8.03472         28 0.0000e+00
    538.000    531.739     0.0523  28.852689     0.0546  28.852207     4.7407     4.9383     0.0155    96.6564 1.0000e-12  -74.23144 -112.50358  24.418620      99.88 3.2632e+02    940.802      22580  1030.1463  1030.1436    34.3731    34.3699    8.03442         28 0.0000e+00
    539.000    532.726     0.0532  28.854530     0.0555  28.853979     4.7371     4.9405     0.0351    96.6600 1.0000e-12  -74.23144 -112.50358  24.418634      99.88 3.2751e+02    941.962      22608  1030.1517  1030.1489    34.3739    34.3706    8.03418         28 0.0000e+00
    540.000    533.714     0.0561  28.858298     0.0583  28.857672     4.7379     4.9305     0.0225    96.6555 1.0000e-12  -74.23144 -112.50358  24.418647      99.89 3.2790e+02    943.132      22636  1030.1572  1030.1545    34.3750    34.3718    8.03351         28 0.0000e+00
    541.000    534.701     0.0587  28.861472     0.0609  28.860966     4.7379     4.9398     0.0273    96.6176 1.0000e-12  -74.23144 -112.50358  24.418661      99.88 3.2790e+02    944.316      22665  1030.1624  1030.1597    34.3758    34.3726    8.03294         29 0.0000e+00
    542.000    535.689     0.0610  28.864231     0.0632  28.863785     4.7358     4.9323     0.0194    96.6286 1.0000e-12  -74.23144 -112.50358  24.418675      99.89 3.2819e+02    945.501      22693  1030.1674  1030.1647    34.3762    34.3731    8.03243         28 0.0000e+00
    543.000    536.674     0.0623  28.865953     0.0645  28.865485     4.7336     4.9275     0.0169    96.6426 1.0000e-12  -74.23144 -112.50358  24.418689      99.89 3.2975e+02    946.689      22722  1030.1723  1030.1696    34.3765    34.3734    8.03214         29 0.0000e+00
    544.000    537.662     0.0671  28.871339     0.0697  28.871019     4.7333     4.9335     0.0183    96.6396 1.0000e-12  -74.23144 -112.50358  24.418702      74.05 3.3018e+02    947.864      22750  1030.1775  1030.1747    34.3776    34.3743    8.03107         27 0.0000e+00
    545.000    538.649     0.0698  28.874368     0.0721  28.873918     4.7315     4.9351     0.0177    96.6557 1.0000e-12  -74.23144 -112.50357  24.418716      84.50 3.3086e+02    949.035      22778  1030.1824  1030.1797    34.3779    34.3749    8.03048         28 0.0000e+00
    546.000    539.635     0.0705  28.875481     0.0728  28.875122     4.7292     4.9370     0.0217    96.6367 1.0000e-12  -74.23144 -112.50356  24.418729      98.53 3.3137e+02    950.213      22806  1030.1872  1030.1846    34.3781    34.3751    8.03033         28 0.0000e+00
    547.000    540.624     0.0715  28.877193     0.0738  28.876799     4.7273     4.9381     0.0216    96.6516 1.0000e-12  -74.23144 -112.50356  24.418743      99.84 3.3269e+02    951.387      22834  1030.1923  1030.1897    34.3786    34.3755    8.03008         27 0.0000e+00
    548.000    541.610     0.0695  28.876097     0.0704  28.874713     4.7345     4.9406     0.0164    96.6400 1.0000e-12  -74.23144 -112.50356  24.418756      99.89 3.3317e+02    952.549      22862  1030.1975  1030.1952    34.3789    34.3760    8.03050         28 0.0000e+00
    549.000    542.598     0.0658  28.873705     0.0679  28.873125     4.7413     4.9385     0.0143    96.6344 1.0000e-12  -74.23144 -112.50356  24.418770      99.88 3.3318e+02    953.715      22890  1030.2029  1030.2003    34.3792    34.3762    8.03125         28 0.0000e+00
    550.000    543.584     0.0661  28.874563     0.0683  28.874068     4.7433     4.9344     0.0200    96.6479 1.0000e-12  -74.23144 -112.50356  24.418783      99.88 3.3355e+02    954.882      22918  1030.2078  1030.2052    34.3794    34.3763    8.03117         28 0.0000e+00
    551.000    544.570     0.0661  28.874921     0.0683  28.874522     4.7451     4.9419     0.0478    96.6381 1.0000e-12  -74.23144 -112.50356  24.418797      99.89 3.3475e+02    956.055      22946  1030.2124  1030.2099    34.3793    34.3764    8.03118         28 0.0000e+00
    552.000    545.559     0.0665  28.875841     0.0682  28.875007     4.7398     4.9430     0.0168    96.6426 1.0000e-12  -74.23144 -112.50356  24.418810      99.88 3.3514e+02    957.225      22974  1030.2173  1030.2147    34.3795    34.3765    8.03109         28 0.0000e+00
    553.000    546.545     0.0673  28.877052     0.0694  28.876599     4.7326     4.9402     0.0074    96.6362 1.0000e-12  -74.23144 -112.50356  24.418824      99.88 3.3621e+02    958.393      23002  1030.2220  1030.2195    34.3796    34.3767    8.03091         28 0.0000e+00
    554.000    547.533     0.0682  28.878558     0.0705  28.878122     4.7337     4.9320     0.0213    96.6353 1.0000e-12  -74.23144 -112.50356  24.418838      99.89 3.3734e+02    959.562      23030  1030.2270  1030.2243    34.3800    34.3769    8.03070         28 0.0000e+00
    555.000    548.519     0.0703  28.881063     0.0725  28.880750     4.7364     4.9282     0.0216    96.6500 1.0000e-12  -74.23144 -112.50356  24.418851      82.06 3.3835e+02    960.736      23059  1030.2318  1030.2293    34.3804    34.3775    8.03024         28 0.0000e+00
    556.000    549.506     0.0713  28.882382     0.0733  28.881841     4.7385     4.9313     0.0196    96.6588 1.0000e-12  -74.23144 -112.50356  24.418865      80.47 3.3865e+02    961.915      23087  1030.2365  1030.2340    34.3805    34.3775    8.03004         29 0.0000e+00
    557.000    550.493     0.0716  28.883364     0.0735  28.882540     4.7321     4.9241     0.0193    96.6492 1.0000e-12  -74.23144 -112.50356  24.418878      99.58 3.3934e+02    963.085      23115  1030.2415  1030.2388    34.3808    34.3776    8.02994         28 0.0000e+00
    558.000    551.480     0.0756  28.887852     0.0784  28.887935     4.7257     4.9251     0.0229    96.6536 1.0000e-12  -74.23144 -112.50356  24.418892      99.88 3.4023e+02    964.255      23143  1030.2466  1030.2439    34.3817    34.3786    8.02907         28 0.0000e+00
    559.000    552.468     0.0801  28.892898     0.0824  28.892444     4.7220     4.9290     0.0177    96.6362 1.0000e-12  -74.23144 -112.50356  24.418905      99.88 3.4043e+02    965.433      23171  1030.2517  1030.2490    34.3827    34.3795    8.02806         28 0.0000e+00
    560.000    553.455     0.0852  28.898715     0.0876  28.898242     4.7243     4.9222     0.0177    96.6574 1.0000e-12  -74.23144 -112.50356  24.418919      99.89 3.4195e+02    966.611      23200  1030.2570  1030.2543    34.3840    34.3808    8.02691         28 0.0000e+00
    561.000    554.441     0.0871  28.901026     0.0894  28.900703     4.7214     4.9183     0.0230    96.6415 1.0000e-12  -74.23144 -112.50356  24.418933      99.88 3.4200e+02    967.782      23228  1030.2619  1030.2594    34.3844    34.3814    8.02650         28 0.0000e+00
    562.000    555.429     0.0893  28.904010     0.0915  28.903449     4.7237     4.9170     0.0192    96.6676 1.0000e-12  -74.23144 -112.50356  24.418946      99.87 3.4219e+02    968.945      23256  1030.2672  1030.2645    34.3854    34.3822    8.02600         28 0.0000e+00
    563.000    556.415     0.0902  28.905357     0.0925  28.904873     4.7238     4.9149     0.0088    96.6693 1.0000e-12  -74.23144 -112.50356  24.418960      99.89 3.4301e+02    970.104      23283  1030.2720  1030.2693    34.3855    34.3823    8.02579         28 0.0000e+00
    564.000    557.403     0.0908  28.906390     0.0930  28.905918     4.7229     4.9188     0.0182    96.6555 1.0000e-12  -74.23144 -112.50356  24.418973      99.88 3.4376e+02    971.272      23312  1030.2768  1030.2742    34.3855    34.3825    8.02565         28 0.0000e+00
    565.000    558.387     0.0914  28.907448     0.0936  28.906971     4.7203     4.9224     0.0216    96.6579 1.0000e-12  -74.23144 -112.50356  24.418987      99.88 3.4400e+02    972.459      23340  1030.2816  1030.2790    34.3857    34.3826    8.02552         29 0.0000e+00
    566.000    559.377     0.0927  28.909207     0.0947  28.908608     4.7213     4.9225     0.0080    96.5619 1.0000e-12  -74.23144 -112.50356  24.419001      99.89 3.4451e+02    973.643      23368  1030.2865  1030.2839    34.3861    34.3830    8.02525         28 0.0000e+00
    567.000    560.363     0.0937  28.910829     0.0960  28.910523     4.7237     4.9228     0.0135    96.6383 1.0000e-12  -74.23144 -112.50356  24.419014      78.25 3.4559e+02    974.817      23397  1030.2914  1030.2889    34.3864    34.3834    8.02500         28 0.0000e+00
    568.000    561.348     0.0943  28.911910     0.0964  28.911372     4.7187     4.9174     0.0074    96.6752 1.0000e-12  -74.23144 -112.50356  24.419028      95.62 3.4661e+02    975.992      23425  1030.2963  1030.2937    34.3866    34.3836    8.02487         28 0.0000e+00
    569.000    562.337     0.0946  28.912664     0.0968  28.912180     4.7180     4.9187     0.0109    96.6477 1.0000e-12  -74.23144 -112.50356  24.419041      99.95 3.4730e+02    977.163      23453  1030.3011  1030.2984    34.3867    34.3836    8.02481         28 0.0000e+00
    570.000    563.324     0.0954  28.913840     0.0975  28.913389     4.7185     4.9140     0.0049    96.6526 1.0000e-12  -74.23144 -112.50356  24.419055      99.88 3.4729e+02    978.332      23481  1030.3058  1030.3033    34.3867    34.3838    8.02463         29 0.0000e+00
    571.000    564.312     0.0967  28.915687     0.0989  28.915349     4.7210     4.9142     0.0166    96.6536 1.0000e-12  -74.23144 -112.50356  24.419068      99.88 3.4772e+02    979.505      23509  1030.3107  1030.3083    34.3871    34.3843    8.02434         28 0.0000e+00
    572.000    565.297     0.0986  28.918560     0.1008  28.918296     4.7177     4.9175     0.0143    96.6500 1.0000e-12  -74.23144 -112.50356  24.419082      99.88 3.4773e+02    980.677      23537  1030.3161  1030.3137    34.3882    34.3854    8.02388         28 0.0000e+00
    573.000    566.285     0.0996  28.920231     0.1017  28.919855     4.7129     4.9170     0.0143    96.6418 1.0000e-12  -74.23144 -112.50356  24.419095      99.88 3.4860e+02    981.844      23565  1030.3212  1030.3187    34.3887    34.3858    8.02365         28 0.0000e+00
    574.000    567.272     0.1010  28.922291     0.1033  28.921848     4.7145     4.9065     0.0143    96.6435 1.0000e-12  -74.23144 -112.50356  24.419109      99.88 3.4905e+02    983.018      23593  1030.3262  1030.3235    34.3893    34.3861    8.02332         28 0.0000e+00
    575.000    568.259     0.1067  28.928782     0.1090  28.928284     4.7146     4.9076     0.0143    96.6481 1.0000e-12  -74.23144 -112.50356  24.419122      99.88 3.4942e+02    984.179      23621  1030.3317  1030.3289    34.3908    34.3876    8.02203         28 0.0000e+00
    576.000    569.244     0.1139  28.936636     0.1161  28.936161     4.7054     4.9118     0.0143    96.6500 1.0000e-12  -74.23144 -112.50356  24.419136      99.89 3.5055e+02    985.335      23649  1030.3371  1030.3345    34.3926    34.3895    8.02044         27 0.0000e+00
    577.000    570.232     0.1182  28.941532     0.1203  28.941022     4.7074     4.9130     0.0143    96.6406 1.0000e-12  -74.23144 -112.50356  24.419149      94.59 3.5082e+02    986.501      23677  1030.3423  1030.3398    34.3936    34.3906    8.01948         28 0.0000e+00
    578.000    571.220     0.1196  28.943480     0.1217  28.942910     4.7113     4.9050     0.0032    96.6473 1.0000e-12  -74.23144 -112.50357  24.419163      72.99 3.5161e+02    987.671      23705  1030.3473  1030.3447    34.3941    34.3910    8.01917         29 0.0000e+00
    579.000    572.206     0.1223  28.946906     0.1246  28.946537     4.7105     4.9070     0.0116    96.6609 1.0000e-12  -74.23144 -112.50357  24.419176      93.05 3.5226e+02    988.844      23733  1030.3525  1030.3500    34.3949    34.3920    8.01854         28 0.0000e+00
    580.000    573.193     0.1226  28.948051     0.1245  28.947370     4.7226     4.9145     0.0066    96.6582 1.0000e-12  -74.23144 -112.50357  24.419190      99.78 3.5277e+02    990.027      23762  1030.3578  1030.3552    34.3956    34.3925    8.01846         28 0.0000e+00
