ocean_section_plots/required_files/ctd/dnbp2202_ctd015.cnv
* Sea-Bird SBE 9 Data File:
* FileName = D:\Data\raw\NBP2202_CTD015.hex
* Software Version Seasave V 7.26.7.121
* Temperature SN = 1649
* Conductivity SN = 2513
* Number of Bytes Per Scan = 40
* Number of Voltage Words = 5
* Number of Scans Averaged by the Deck Unit = 1
* NMEA Latitude = 73 03.16 S
* NMEA Longitude = 113 40.41 W
* NMEA UTC (Time) = Jan 17 2022  03:21:48
* NMEA baud rate = 9600
** Ship: RVIB N.B. Palmer
** Cruise: NBP2202 Thwaites
** Station: #10
** Operator: B Bjork
# nquan = 25
# nvalues = 475                         
# units = specified
# name 0 = prDM: Pressure, Digiquartz [db]
# name 1 = depSM: Depth [salt water, m]
# name 2 = t090C: Temperature [ITS-90, deg C]
# name 3 = c0mS/cm: Conductivity [mS/cm]
# name 4 = t190C: Temperature, 2 [ITS-90, deg C]
# name 5 = c1mS/cm: Conductivity, 2 [mS/cm]
# name 6 = sbeox0ML/L: Oxygen, SBE 43 [ml/l]
# name 7 = sbeox1ML/L: Oxygen, SBE 43, 2 [ml/l]
# name 8 = flECO-AFL: Fluorescence, WET Labs ECO-AFL/FL [mg/m^3]
# name 9 = CStarTr0: Beam Transmission, WET Labs C-Star [%]
# name 10 = par: PAR/Irradiance, Biospherical/Licor
# name 11 = latitude: Latitude [deg]
# name 12 = longitude: Longitude [deg]
# name 13 = timeJ: Julian Days
# name 14 = altM: Altimeter [m]
# name 15 = spar: SPAR, Biospherical/Licor
# name 16 = timeS: Time, Elapsed [seconds]
# name 17 = scan: Scan Count
# name 18 = density00: Density [density, kg/m^3]
# name 19 = density11: Density, 2 [density, kg/m^3]
# name 20 = sal00: Salinity, Practical [PSU]
# name 21 = sal11: Salinity, Practical, 2 [PSU]
# name 22 = oxsolML/L: Oxygen Saturation, Garcia & Gordon [ml/l]
# name 23 = nbin: number of scans per bin
# name 24 = flag: flag
# span 0 =      2.000,    476.000       
# span 1 =      1.980,    470.560       
# span 2 =    -1.6645,     0.5097       
# span 3 =  26.898986,  29.358936       
# span 4 =    -1.6637,     0.5127       
# span 5 =  26.898903,  29.359292       
# span 6 =     4.5812,     8.8228       
# span 7 =     4.8442,     9.3845       
# span 8 =    -0.0174,    27.4412       
# span 9 =    68.5336,    97.3141       
# span 10 = 1.0000e-12, 3.4935e+01      
# span 11 =  -73.05276,  -73.05274      
# span 12 = -113.67374, -113.67366      
# span 13 =  17.142236,  17.150866      
# span 14 =       9.35,     100.92      
# span 15 = 7.7995e+01, 1.2869e+02      
# span 16 =    181.212,    926.845      
# span 17 =       4350,      22245      
# span 18 =  1027.2313,  1029.9754      
# span 19 =  1027.2304,  1029.9726      
# span 20 =    33.8756,    34.5631      
# span 21 =    33.8747,    34.5599      
# span 22 =    7.92904,    8.43368      
# span 23 =         16,         50      
# span 24 = 0.0000e+00, 0.0000e+00      
# interval = decibars: 1                
# start_time = Jan 17 2022 03:21:48 [NMEA time, header]
# bad_flag = -9.990e-29
*END*
      2.000      1.980    -0.4903  27.781553    -0.4886  27.782205     8.7990     8.6704    21.6799    69.5670 3.4935e+01  -73.05274 -113.67370  17.142236      99.98 9.3370e+01    181.212       4350  1027.2313  1027.2304    33.8759    33.8749    8.17810         30 0.0000e+00
      3.000      2.969    -0.4869  27.784777    -0.4862  27.784761     8.8183     8.6712    21.9038    68.5336 2.4230e+01  -73.05274 -113.67372  17.142332      99.97 9.5197e+01    189.450       4548  1027.2359  1027.2353    33.8758    33.8750    8.17737         33 0.0000e+00
      4.000      3.956    -0.4871  27.785210    -0.4862  27.785149     8.8228     8.7090    23.3566    69.6980 1.7381e+01  -73.05274 -113.67374  17.142377      91.94 9.6494e+01    193.355       4642  1027.2409  1027.2400    33.8760    33.8749    8.17740         36 0.0000e+00
      5.000      4.949    -0.4873  27.785422    -0.4866  27.785336     8.8206     8.7258    22.4645    69.8404 1.2483e+01  -73.05274 -113.67373  17.142405     100.08 9.7386e+01    195.764       4699  1027.2457  1027.2449    33.8760    33.8751    8.17746         34 0.0000e+00
      6.000      5.936    -0.4870  27.786229    -0.4865  27.785910     8.8208     8.7804    22.3932    69.3255 8.8260e+00  -73.05274 -113.67374  17.142428      99.98 9.8062e+01    197.757       4747  1027.2505  1027.2496    33.8760    33.8750    8.17738         34 0.0000e+00
      7.000      6.927    -0.4864  27.787128    -0.4855  27.787073     8.8192     8.9297    22.4371    69.5673 6.4230e+00  -73.05276 -113.67374  17.142476      99.97 9.8738e+01    201.899       4847  1027.2553  1027.2543    33.8760    33.8749    8.17727         35 0.0000e+00
      8.000      7.917    -0.4850  27.788902    -0.4841  27.788783     8.8051     8.9287    22.2435    70.4060 4.7152e+00  -73.05276 -113.67374  17.142492      99.97 9.9935e+01    203.318       4881  1027.2600  1027.2591    33.8762    33.8750    8.17694         33 0.0000e+00
      9.000      8.907    -0.5003  27.776130    -0.4984  27.777635     8.7907     9.0556    21.7946    69.7964 3.7593e+00  -73.05276 -113.67374  17.142518      99.59 9.8723e+01    205.590       4935  1027.2655  1027.2653    33.8756    33.8755    8.18029         35 0.0000e+00
     10.000      9.897    -0.5110  27.767864    -0.5107  27.767580     8.7877     9.1967    21.9163    69.5788 2.8300e+00  -73.05276 -113.67374  17.142552      99.98 9.9647e+01    208.455       5004  1027.2709  1027.2704    33.8757    33.8751    8.18257         38 0.0000e+00
     11.000     10.886    -0.5153  27.764921    -0.5142  27.765204     8.7904     9.1945    23.4211    70.5074 2.0072e+00  -73.05276 -113.67373  17.142568      99.99 1.0048e+02    209.851       5037  1027.2761  1027.2754    33.8760    33.8751    8.18349         30 0.0000e+00
     12.000     11.876    -0.5144  27.766012    -0.5141  27.765763     8.7877     9.2099    24.0616    70.1152 1.5739e+00  -73.05276 -113.67374  17.142584      99.98 1.0048e+02    211.228       5070  1027.2807  1027.2802    33.8759    33.8752    8.18331         37 0.0000e+00
     13.000     12.862    -0.5149  27.766185    -0.5144  27.765815     8.7876     9.3274    24.0343    70.7646 1.1947e+00  -73.05275 -113.67373  17.142615      99.99 1.0048e+02    213.958       5136  1027.2856  1027.2847    33.8761    33.8750    8.18341         30 0.0000e+00
     14.000     13.855    -0.5140  27.767572    -0.5127  27.767841     8.7913     9.3434    22.7375    70.1503 8.5987e-01  -73.05274 -113.67372  17.142641      99.99 1.0048e+02    216.165       5189  1027.2904  1027.2894    33.8762    33.8752    8.18319         34 0.0000e+00
     15.000     14.846    -0.5135  27.768382    -0.5136  27.767590     8.7955     9.3471    22.8306    70.1642 6.5219e-01  -73.05274 -113.67372  17.142656      99.98 1.0048e+02    217.485       5221  1027.2950  1027.2943    33.8762    33.8753    8.18310         33 0.0000e+00
     16.000     15.836    -0.5105  27.770860    -0.5116  27.769425     8.8012     9.3524    21.0739    70.0388 5.0912e-01  -73.05274 -113.67372  17.142680      99.91 1.0048e+02    219.534       5270  1027.2991  1027.2986    33.8756    33.8748    8.18249         34 0.0000e+00
     17.000     16.824    -0.5068  27.774913    -0.5056  27.774955     8.7979     9.3572    23.5468    69.6909 3.6933e-01  -73.05274 -113.67372  17.142710      99.98 1.0048e+02    222.101       5331  1027.3041  1027.3030    33.8762    33.8750    8.18165         38 0.0000e+00
     18.000     17.814    -0.5046  27.777246    -0.5044  27.776733     8.8084     9.3712    22.9401    70.7970 2.5614e-01  -73.05274 -113.67370  17.142727      99.97 1.0048e+02    223.630       5368  1027.3089  1027.3081    33.8763    33.8754    8.18117         35 0.0000e+00
     19.000     18.803    -0.5056  27.776897    -0.5053  27.776262     8.8081     9.3765    23.2981    70.7311 1.9519e-01  -73.05274 -113.67370  17.142744      99.98 1.0048e+02    225.119       5404  1027.3138  1027.3128    33.8763    33.8752    8.18138         35 0.0000e+00
     20.000     19.795    -0.5038  27.778825    -0.5011  27.779819     8.8085     9.3780    22.4476    70.0095 1.5162e-01  -73.05274 -113.67370  17.142769      99.97 1.0048e+02    227.254       5455  1027.3185  1027.3169    33.8763    33.8747    8.18100         39 0.0000e+00
     21.000     20.783    -0.5011  27.781585    -0.5000  27.781463     8.8159     9.3812    24.5548    69.9169 9.8764e-02  -73.05274 -113.67370  17.142799      99.98 1.0048e+02    229.828       5517  1027.3231  1027.3220    33.8764    33.8750    8.18041         35 0.0000e+00
     22.000     21.773    -0.4994  27.783560    -0.4986  27.783368     8.8120     9.3787    23.6897    70.0879 6.6039e-02  -73.05274 -113.67370  17.142818      95.77 1.0048e+02    231.463       5556  1027.3279  1027.3269    33.8765    33.8754    8.18003         34 0.0000e+00
     23.000     22.762    -0.4992  27.784113    -0.4982  27.783981     8.8033     9.3845    22.4363    70.5103 4.1197e-02  -73.05274 -113.67370  17.142836      99.86 1.0048e+02    233.067       5595  1027.3326  1027.3315    33.8764    33.8751    8.17999         37 0.0000e+00
     24.000     23.751    -0.4984  27.785039    -0.4973  27.784940     8.8099     9.3755    22.3416    69.8073 2.2636e-02  -73.05274 -113.67370  17.142866      99.98 1.0048e+02    235.626       5656  1027.3373  1027.3360    33.8762    33.8748    8.17984         41 0.0000e+00
     25.000     24.742    -0.4983  27.785727    -0.4976  27.785527     8.8118     9.3815    21.8414    70.3277 5.4542e-03  -73.05274 -113.67368  17.142887      99.97 1.0048e+02    237.462       5700  1027.3422  1027.3413    33.8764    33.8753    8.17981         34 0.0000e+00
     26.000     25.730    -0.4984  27.786240    -0.4974  27.786039     8.8106     9.3828    22.1141    70.2479 9.4265e-05  -73.05274 -113.67368  17.142903      99.98 1.0048e+02    238.815       5733  1027.3471  1027.3460    33.8766    33.8752    8.17981         32 0.0000e+00
     27.000     26.719    -0.4980  27.786782    -0.4970  27.786649     8.8026     9.3820    23.6953    69.9063 1.0000e-12  -73.05274 -113.67368  17.142926      99.95 1.0048e+02    240.828       5781  1027.3516  1027.3505    33.8762    33.8749    8.17975         31 0.0000e+00
     28.000     27.709    -0.4980  27.787334    -0.4970  27.787225     8.8117     9.3798    26.4387    69.9486 1.0000e-12  -73.05274 -113.67366  17.142956      99.97 1.0048e+02    243.368       5842  1027.3565  1027.3555    33.8763    33.8751    8.17974         40 0.0000e+00
     29.000     28.700    -0.4980  27.787868    -0.4970  27.787812     8.8121     9.3724    22.9538    70.5647 1.0000e-12  -73.05274 -113.67366  17.142971      97.37 1.0048e+02    244.726       5874  1027.3614  1027.3604    33.8764    33.8753    8.17973         32 0.0000e+00
     30.000     29.686    -0.4986  27.787713    -0.4967  27.788310     8.8182     9.3794    21.4625    69.5841 1.0000e-12  -73.05274 -113.67366  17.142993      97.74 1.0061e+02    246.588       5919  1027.3661  1027.3649    33.8763    33.8750    8.17987         32 0.0000e+00
     31.000     30.678    -0.4976  27.789078    -0.4981  27.787721     8.8079     9.3761    23.8367    70.6343 1.0000e-12  -73.05274 -113.67366  17.143029     100.09 1.0165e+02    249.735       5995  1027.3709  1027.3700    33.8764    33.8752    8.17965         38 0.0000e+00
     32.000     31.668    -0.5011  27.786628    -0.4984  27.787952     8.8171     9.3697    20.8472    68.5355 1.0000e-12  -73.05274 -113.67366  17.143044      99.97 1.0143e+02    250.967       6024  1027.3760  1027.3748    33.8764    33.8752    8.18041         28 0.0000e+00
     33.000     32.658    -0.5014  27.786767    -0.5005  27.786531     8.8142     9.3778    21.9989    69.9456 1.0000e-12  -73.05274 -113.67366  17.143061      99.97 1.0166e+02    252.428       6059  1027.3807  1027.3796    33.8763    33.8750    8.18048         39 0.0000e+00
     34.000     33.647    -0.5019  27.786786    -0.5008  27.786762     8.7910     9.3703    22.3797    69.3697 1.0000e-12  -73.05274 -113.67366  17.143095      99.98 1.0222e+02    255.368       6130  1027.3855  1027.3844    33.8763    33.8751    8.18059         34 0.0000e+00
     35.000     34.637    -0.5082  27.782165    -0.5064  27.782744     8.7974     9.3619    23.2974    69.8755 1.0000e-12  -73.05274 -113.67366  17.143114      99.97 1.0225e+02    257.038       6170  1027.3909  1027.3897    33.8765    33.8752    8.18194         30 0.0000e+00
     36.000     35.626    -0.5069  27.783729    -0.5063  27.783218     8.7989     9.3661    21.8376    70.1493 1.0000e-12  -73.05274 -113.67366  17.143129      95.50 1.0225e+02    258.347       6201  1027.3955  1027.3944    33.8765    33.8751    8.18165         36 0.0000e+00
     37.000     36.613    -0.5072  27.784065    -0.5088  27.782220     8.7895     9.3550    22.9066    70.3668 1.0000e-12  -73.05274 -113.67366  17.143156     100.23 1.0225e+02    260.665       6257  1027.4005  1027.4000    33.8767    33.8760    8.18170         37 0.0000e+00
     38.000     37.604    -0.5178  27.775369    -0.5150  27.776749     8.7736     9.3409    24.1655    69.7091 1.0000e-12  -73.05274 -113.67366  17.143186      99.98 1.0225e+02    263.268       6319  1027.4056  1027.4044    33.8763    33.8750    8.18403         36 0.0000e+00
     39.000     38.596    -0.5218  27.772738    -0.5204  27.772895     8.7608     9.3287    23.1224    70.2058 1.0000e-12  -73.05274 -113.67366  17.143204      99.95 1.0225e+02    264.844       6357  1027.4108  1027.4096    33.8766    33.8752    8.18486         38 0.0000e+00
     40.000     39.584    -0.5301  27.766120    -0.5296  27.765809     8.7564     9.3286    23.0542    70.0115 1.0000e-12  -73.05274 -113.67368  17.143226      99.98 1.0225e+02    266.738       6403  1027.4159  1027.4151    33.8764    33.8754    8.18667         47 0.0000e+00
     41.000     40.575    -0.5316  27.765485    -0.5305  27.765221     8.7539     9.3271    25.6776    70.9711 1.0000e-12  -73.05274 -113.67368  17.143254      99.99 1.0225e+02    269.112       6460  1027.4208  1027.4195    33.8765    33.8750    8.18698         40 0.0000e+00
     42.000     41.562    -0.5313  27.766211    -0.5305  27.765884     8.7573     9.3267    25.0140    71.1662 1.0000e-12  -73.05274 -113.67368  17.143275      92.18 1.0307e+02    270.974       6504  1027.4255  1027.4244    33.8766    33.8752    8.18692         37 0.0000e+00
     43.000     42.553    -0.5309  27.766953    -0.5301  27.766542     8.7543     9.3279    22.6155    70.2259 1.0000e-12  -73.05274 -113.67368  17.143294      99.28 1.0400e+02    272.644       6544  1027.4302  1027.4290    33.8766    33.8751    8.18684         42 0.0000e+00
     44.000     43.542    -0.5318  27.766783    -0.5306  27.766658     8.7565     9.3262    23.1417    69.6038 1.0000e-12  -73.05274 -113.67368  17.143319      85.04 1.0401e+02    274.802       6596  1027.4351  1027.4338    33.8767    33.8752    8.18702         44 0.0000e+00
     45.000     44.531    -0.5282  27.770151    -0.5271  27.770014     8.7573     9.3251    24.1336    70.8470 1.0000e-12  -73.05274 -113.67369  17.143346      98.19 1.0401e+02    277.091       6651  1027.4395  1027.4382    33.8766    33.8751    8.18625         44 0.0000e+00
     46.000     45.522    -0.5281  27.770738    -0.5271  27.770603     8.7648     9.3299    22.7736    70.7839 1.0000e-12  -73.05274 -113.67369  17.143368     100.00 1.0401e+02    278.972       6696  1027.4443  1027.4432    33.8767    33.8754    8.18623         39 0.0000e+00
     47.000     46.511    -0.5290  27.770603    -0.5269  27.770863     8.7510     9.3340    24.0527    71.2129 1.0000e-12  -73.05274 -113.67370  17.143388      99.97 1.0401e+02    280.709       6738  1027.4493  1027.4476    33.8769    33.8749    8.18640         44 0.0000e+00
     48.000     47.502    -0.5315  27.768989    -0.5242  27.773474     8.7487     9.3288    27.4412    70.1445 1.0000e-12  -73.05274 -113.67370  17.143411      99.98 1.0423e+02    282.738       6787  1027.4543  1027.4521    33.8769    33.8748    8.18695         42 0.0000e+00
     49.000     48.490    -0.5307  27.769898    -0.5306  27.768847     8.7464     9.3160    23.2112    70.2801 1.0000e-12  -73.05274 -113.67370  17.143439      96.36 1.0514e+02    285.137       6844  1027.4588  1027.4576    33.8766    33.8751    8.18679         42 0.0000e+00
     50.000     49.479    -0.5338  27.768037    -0.5315  27.768942     8.7535     9.3196    24.9457    71.4104 1.0000e-12  -73.05274 -113.67370  17.143459      99.99 1.0527e+02    286.839       6885  1027.4640  1027.4628    33.8769    33.8756    8.18744         35 0.0000e+00
     51.000     50.469    -0.5392  27.764264    -0.5370  27.764629     8.7461     9.3201    23.5166    70.9591 1.0000e-12  -73.05274 -113.67370  17.143477      99.98 1.0576e+02    288.391       6922  1027.4694  1027.4678    33.8773    33.8753    8.18858         37 0.0000e+00
     52.000     51.459    -0.5348  27.767791    -0.5366  27.765337     8.7572     9.3189    23.5151    69.5446 1.0000e-12  -73.05274 -113.67371  17.143506      99.98 1.0577e+02    290.941       6984  1027.4732  1027.4725    33.8765    33.8753    8.18768         32 0.0000e+00
     53.000     52.447    -0.5389  27.765182    -0.5347  27.767170     8.6746     9.2387    23.5521    70.3239 1.0000e-12  -73.05274 -113.67371  17.143531      99.97 1.0577e+02    293.084       7035  1027.4787  1027.4768    33.8770    33.8750    8.18854         36 0.0000e+00
     54.000     53.437    -0.5669  27.742936    -0.5587  27.749006     8.5684     9.1492    21.3888    70.0058 1.0000e-12  -73.05274 -113.67372  17.143548      99.98 1.0577e+02    294.520       7069  1027.4861  1027.4847    33.8778    33.8768    8.19456         37 0.0000e+00
     55.000     54.426    -0.6433  27.685331    -0.6372  27.687766     8.5411     9.1022    22.7722    70.3023 1.0000e-12  -73.05274 -113.67371  17.143570      99.98 1.0609e+02    296.490       7117  1027.5017  1027.4985    33.8851    33.8815    8.21070         40 0.0000e+00
     56.000     55.415    -0.6296  27.692162    -0.6410  27.682067     8.5076     9.0561    22.7399    70.7010 1.0000e-12  -73.05274 -113.67371  17.143598      97.77 1.0653e+02    298.870       7174  1027.4994  1027.4995    33.8784    33.8775    8.20812         38 0.0000e+00
     57.000     56.407    -0.6729  27.658437    -0.6697  27.661528     8.4421     8.9999    22.9254    71.3252 1.0000e-12  -73.05274 -113.67371  17.143617      99.97 1.0748e+02    300.545       7214  1027.5088  1027.5091    33.8808    33.8813    8.21739         35 0.0000e+00
     58.000     57.395    -0.7026  27.634768    -0.7053  27.632678     8.4351     8.9933    23.0911    71.5707 1.0000e-12  -73.05274 -113.67370  17.143640      99.98 1.0754e+02    302.536       7262  1027.5156  1027.5160    33.8815    33.8817    8.22381         45 0.0000e+00
