ocean_section_plots/required_files/ctd/dnbp2202_ctd160.cnv
* Sea-Bird SBE 9 Data File:
* FileName = D:\Data\raw\NBP2202_CTD160.hex
* Software Version Seasave V 7.26.7.121
* Temperature SN = 1649
* Conductivity SN = 2513
* Number of Bytes Per Scan = 40
* Number of Voltage Words = 5
* Number of Scans Averaged by the Deck Unit = 1
* NMEA Latitude = 74 13.97 S
* NMEA Longitude = 112 09.92 W
* NMEA UTC (Time) = Jan 31 2022  23:31:08
* NMEA baud rate = 9600
** Ship: RVIB N.B. Palmer
** Cruise: NBP2202 Thwaites
** Station: 82
** Operator: A. Robinson
# nquan = 28
# nvalues = 505                         
# units = specified
# name 0 = prDM: Pressure, Digiquartz [db]
# name 1 = depSM: Depth [salt water, m]
# name 2 = t090C: Temperature [ITS-90, deg C]
# name 3 = c0mS/cm: Conductivity [mS/cm]
# name 4 = t190C: Temperature, 2 [ITS-90, deg C]
# name 5 = c1mS/cm: Conductivity, 2 [mS/cm]
# name 6 = sbeox0ML/L: Oxygen, SBE 43 [ml/l]
# name 7 = sbeox1ML/L: Oxygen, SBE 43, 2 [ml/l]
# name 8 = flECO-AFL: Fluorescence, WET Labs ECO-AFL/FL [mg/m^3]
# name 9 = CStarTr0: Beam Transmission, WET Labs C-Star [%]
# name 10 = par: PAR/Irradiance, Biospherical/Licor
# name 11 = latitude: Latitude [deg]
# name 12 = longitude: Longitude [deg]
# name 13 = timeJ: Julian Days
# name 14 = altM: Altimeter [m]
# name 15 = spar: SPAR, Biospherical/Licor
# name 16 = timeS: Time, Elapsed [seconds]
# name 17 = scan: Scan Count
# name 18 = density00: Density [density, kg/m^3]
# name 19 = density11: Density, 2 [density, kg/m^3]
# name 20 = v3: Voltage 3
# name 21 = v4: Voltage 4
# name 22 = v5: Voltage 5
# name 23 = sal00: Salinity, Practical [PSU]
# name 24 = sal11: Salinity, Practical, 2 [PSU]
# name 25 = oxsolML/L: Oxygen Saturation, Garcia & Gordon [ml/l]
# name 26 = nbin: number of scans per bin
# name 27 = flag: flag
# span 0 =      3.000,    507.000       
# span 1 =      2.968,    501.150       
# span 2 =    -1.4617,    -0.1239       
# span 3 =  27.008803,  28.660678       
# span 4 =    -1.4616,    -0.1207       
# span 5 =  27.009191,  28.660874       
# span 6 =     4.8889,     8.5544       
# span 7 =     4.9882,     8.8126       
# span 8 =     0.0029,    20.8039       
# span 9 =    70.8538,    93.7108       
# span 10 = 1.0000e-12, 5.4905e+02      
# span 11 =  -74.23296,  -74.23294      
# span 12 = -112.16538, -112.16534      
# span 13 =  31.982834,  31.990963      
# span 14 =      67.99,     112.53      
# span 15 = 1.7809e+03, 1.8116e+03      
# span 16 =    248.828,    951.197      
# span 17 =       5973,      22830      
# span 18 =  1027.1917,  1029.9842      
# span 19 =  1027.1941,  1029.9826      
# span 20 =     3.3618,     4.4456      
# span 21 =     0.0702,     3.3424      
# span 22 =     0.1159,     0.2567      
# span 23 =    33.8005,    34.3382      
# span 24 =    33.8040,    34.3354      
# span 25 =    8.07359,    8.38867      
# span 26 =          8,         49      
# span 27 = 0.0000e+00, 0.0000e+00      
# interval = decibars: 1                
# start_time = Jan 31 2022 23:31:08 [NMEA time, header]
# bad_flag = -9.990e-29
*END*
[from data line 52]
     55.000     54.424    -1.4056  27.011983    -1.4071  27.012096     6.3190     6.4810     2.7288    87.3548 1.0000e-12  -74.23296 -112.16534  31.984264      99.80 1.7905e+03    372.411       8939  1027.4812  1027.4828     4.1442     0.3979     0.1379    33.8263    33.8282    8.38272         29 0.0000e+00
     56.000     55.409    -1.4074  27.012246    -1.4089  27.012483     6.2983     6.4571     2.5058    88.5931 1.0000e-12  -74.23294 -112.16536  31.984277      99.78 1.7917e+03    373.569       8967  1027.4875  1027.4892     4.2029     0.4920     0.1400    33.8281    33.8301    8.38301         26 0.0000e+00
     57.000     56.405    -1.4113  27.010944    -1.4130  27.010986     6.3021     6.4586     2.5294    88.2479 1.0000e-12  -74.23294 -112.16536  31.984292      99.78 1.7939e+03    374.858       8998  1027.4941  1027.4957     4.1865     0.4508     0.1330    33.8301    33.8320    8.38378         33 0.0000e+00
     58.000     57.391    -1.4098  27.013432    -1.4112  27.013423     6.3280     6.4769     2.2388    88.7175 1.0000e-12  -74.23294 -112.16536  31.984310      99.79 1.7921e+03    376.362       9034  1027.4995  1027.5008     4.2088     0.4356     0.1337    33.8312    33.8327    8.38336         34 0.0000e+00
     59.000     58.381    -1.4059  27.017551    -1.4074  27.017534     6.3404     6.4881     2.5626    89.2973 1.0000e-12  -74.23294 -112.16536  31.984326      99.77 1.7936e+03    377.737       9067  1027.5044  1027.5059     4.2363     0.4923     0.1386    33.8318    33.8334    8.38245         30 0.0000e+00
     60.000     59.369    -1.4044  27.019519    -1.4057  27.019641     6.3471     6.4976     2.1779    89.1549 1.0000e-12  -74.23294 -112.16536  31.984340      99.78 1.7968e+03    378.993       9097  1027.5094  1027.5108     4.2296     0.4879     0.1401    33.8321    33.8338    8.38209         31 0.0000e+00
     61.000     60.360    -1.4052  27.019570    -1.4065  27.019612     6.3832     6.5329     2.3168    88.7802 1.0000e-12  -74.23294 -112.16536  31.984356      99.78 1.7972e+03    380.331       9129  1027.5145  1027.5159     4.2118     0.4372     0.1395    33.8325    33.8341    8.38225         33 0.0000e+00
     62.000     61.349    -1.4020  27.023514    -1.4031  27.023550     6.4381     6.5804     2.9371    89.4450 1.0000e-12  -74.23294 -112.16536  31.984371      99.79 1.7940e+03    381.651       9161  1027.5201  1027.5211     4.2433     0.3840     0.1391    33.8337    33.8350    8.38145         30 0.0000e+00
     63.000     62.339    -1.3935  27.033212    -1.3947  27.033171     6.4659     6.6078     2.4399    89.5333 1.0000e-12  -74.23294 -112.16536  31.984386      99.78 1.7942e+03    382.957       9192  1027.5269  1027.5281     4.2475     0.4459     0.1416    33.8368    33.8382    8.37937         33 0.0000e+00
     64.000     63.327    -1.3928  27.036201    -1.3940  27.036246     6.4838     6.6297     2.5105    89.6237 1.0000e-12  -74.23294 -112.16536  31.984404      99.79 1.7981e+03    384.463       9228  1027.5339  1027.5351     4.2517     0.4306     0.1384    33.8396    33.8409    8.37905         35 0.0000e+00
     65.000     64.317    -1.3897  27.040180    -1.3910  27.040194     6.4894     6.6279     3.0780    88.8765 1.0000e-12  -74.23294 -112.16536  31.984421      99.77 1.7972e+03    385.978       9264  1027.5396  1027.5409     4.2164     0.4892     0.1379    33.8409    33.8424    8.37827         32 0.0000e+00
     66.000     65.307    -1.3900  27.040250    -1.3914  27.040247     6.4986     6.6508     2.9606    88.2937 1.0000e-12  -74.23294 -112.16536  31.984435      99.78 1.7969e+03    387.181       9293  1027.5444  1027.5457     4.1887     0.4961     0.1397    33.8407    33.8423    8.37835         27 0.0000e+00
     67.000     66.296    -1.3900  27.040739    -1.3909  27.041017     6.5240     6.6670     2.8017    88.2705 1.0000e-12  -74.23294 -112.16534  31.984448      99.78 1.7976e+03    388.335       9321  1027.5492  1027.5503     4.1876     0.4592     0.1397    33.8407    33.8421    8.37834         30 0.0000e+00
     68.000     67.285    -1.3859  27.047245    -1.3870  27.047232     6.5119     6.6626     3.4358    88.7837 1.0000e-12  -74.23294 -112.16535  31.984465      94.74 1.7976e+03    389.755       9355  1027.5568  1027.5578     4.2120     0.4603     0.1449    33.8444    33.8457    8.37721         38 0.0000e+00
     69.000     68.274    -1.3878  27.049070    -1.3891  27.048977     6.5067     6.6636     3.3376    88.5803 1.0000e-12  -74.23294 -112.16534  31.984483      99.93 1.8007e+03    391.320       9393  1027.5650  1027.5662     4.2023     0.5490     0.1420    33.8484    33.8498    8.37739         34 0.0000e+00
     70.000     69.265    -1.3888  27.049077    -1.3902  27.048994     6.5239     6.6919     3.8987    88.1692 1.0000e-12  -74.23294 -112.16534  31.984497      99.76 1.8039e+03    392.582       9423  1027.5703  1027.5716     4.1828     0.5374     0.1424    33.8489    33.8504    8.37758         28 0.0000e+00
     71.000     70.252    -1.3969  27.046940    -1.3973  27.047077     6.5664     6.7336     3.3626    88.4428 1.0000e-12  -74.23294 -112.16534  31.984511      99.76 1.8031e+03    393.768       9451  1027.5801  1027.5807     4.1958     0.5563     0.1417    33.8545    33.8552    8.37907         30 0.0000e+00
     72.000     71.243    -1.3965  27.050084    -1.3968  27.050615     6.6190     6.7704     3.1440    88.3897 1.0000e-12  -74.23294 -112.16534  31.984527      99.77 1.7985e+03    395.154       9485  1027.5876  1027.5885     4.1933     0.5467     0.1413    33.8579    33.8589    8.37879         35 0.0000e+00
     73.000     72.232    -1.3923  27.055440    -1.3934  27.055332     6.6164     6.7762     3.2375    88.3000 1.0000e-12  -74.23294 -112.16534  31.984546      99.78 1.7993e+03    396.786       9524  1027.5937  1027.5946     4.1889     0.4760     0.1404    33.8598    33.8609    8.37773         36 0.0000e+00
     74.000     73.221    -1.3924  27.056020    -1.3935  27.055942     6.6736     6.8437     3.7747    88.1669 1.0000e-12  -74.23294 -112.16534  31.984564      99.73 1.8040e+03    398.333       9561  1027.5987  1027.5997     4.1827     0.6812     0.1380    33.8600    33.8612    8.37772         34 0.0000e+00
     75.000     74.210    -1.3910  27.058015    -1.3913  27.058382     6.9125     7.0644     3.3435    88.0770 1.0000e-12  -74.23294 -112.16534  31.984582      99.78 1.7990e+03    399.881       9598  1027.6039  1027.6046     4.1784     0.4995     0.1334    33.8606    33.8615    8.37738         38 0.0000e+00
     76.000     75.199    -1.2921  27.150628    -1.2829  27.152416     7.1900     7.2934     3.5599    88.2334 1.0000e-12  -74.23294 -112.16534  31.984601      99.08 1.7961e+03    401.530       9638  1027.6146  1027.6076     4.1859     0.5913     0.1361    33.8753    33.8673    8.35436         40 0.0000e+00
     77.000     76.189    -1.1091  27.313234    -1.1088  27.312080     7.2109     7.3339     3.9974    87.6497 1.0000e-12  -74.23294 -112.16534  31.984620      93.91 1.8001e+03    403.194       9678  1027.6210  1027.6195     4.1581     0.6630     0.1341    33.8905    33.8886    8.31266         34 0.0000e+00
     78.000     77.178    -1.1161  27.310261    -1.1176  27.309487     7.1189     7.2798     8.4058    87.7604 1.0000e-12  -74.23294 -112.16534  31.984639      99.54 1.7991e+03    404.839       9717  1027.6303  1027.6309     4.1634     1.0953     0.1490    33.8937    33.8943    8.31402         38 0.0000e+00
     79.000     78.167    -1.1435  27.289124    -1.1452  27.289091     7.0154     7.1981    10.2576    87.3855 1.0000e-12  -74.23294 -112.16534  31.984658      99.57 1.8001e+03    406.478       9756  1027.6391  1027.6408     4.1450     1.1155     0.1578    33.8951    33.8970    8.32002         37 0.0000e+00
     80.000     79.156    -1.1666  27.271626    -1.1664  27.272584     6.9355     7.1226    10.6301    85.5313 1.0000e-12  -74.23294 -112.16534  31.984675      99.42 1.7980e+03    407.903       9791  1027.6472  1027.6481     4.0584     1.4847     0.1645    33.8966    33.8978    8.32506         33 0.0000e+00
     81.000     80.146    -1.1892  27.254036    -1.1944  27.251147     6.8210     7.0223    10.5786    85.2257 1.0000e-12  -74.23294 -112.16534  31.984692      99.52 1.7970e+03    409.346       9825  1027.6545  1027.6564     4.0439     1.2871     0.1751    33.8975    33.8995    8.33004         36 0.0000e+00
     82.000     81.136    -1.2531  27.203286    -1.2550  27.203185     6.7093     6.9225     9.8694    82.2521 1.0000e-12  -74.23294 -112.16534  31.984713      99.42 1.7987e+03    411.217       9870  1027.6652  1027.6669     3.9018     1.4665     0.1553    33.8996    33.9017    8.34416         40 0.0000e+00
     83.000     82.124    -1.2796  27.182507    -1.2790  27.184605     6.6213     6.8289     8.4493    81.6625 1.0000e-12  -74.23294 -112.16534  31.984733      99.40 1.7984e+03    412.910       9911  1027.6722  1027.6740     3.8743     1.6400     0.1857    33.9005    33.9028    8.35003         33 0.0000e+00
     84.000     83.113    -1.3251  27.146479    -1.3284  27.145524     6.5842     6.7886     9.5318    80.5518 1.0000e-12  -74.23294 -112.16534  31.984746      99.52 1.7957e+03    414.065       9939  1027.6809  1027.6830     3.8216     1.2535     0.1716    33.9020    33.9044    8.36014         24 0.0000e+00
     85.000     84.104    -1.3409  27.135033    -1.3434  27.134011     6.5778     6.7732     8.3162    80.8470 1.0000e-12  -74.23294 -112.16534  31.984761      97.04 1.7948e+03    415.308       9968  1027.6875  1027.6888     3.8356     1.4152     0.1767    33.9036    33.9050    8.36359         36 0.0000e+00
     86.000     85.092    -1.3620  27.117805    -1.3620  27.119196     6.5758     6.7604     8.0645    79.9702 1.0000e-12  -74.23294 -112.16534  31.984781      98.88 1.7976e+03    417.114      10012  1027.6928  1027.6942     3.7940     1.3095     0.1722    33.9032    33.9051    8.36834         41 0.0000e+00
     87.000     86.081    -1.3712  27.111332    -1.3726  27.111027     6.5810     6.7543     7.8449    81.1077 1.0000e-12  -74.23294 -112.16534  31.984799      99.52 1.7938e+03    418.630      10048  1027.6984  1027.6993     3.8480     1.2587     0.1664    33.9041    33.9052    8.37035         32 0.0000e+00
     88.000     87.070    -1.3764  27.107780    -1.3772  27.107960     6.5820     6.7491     7.4202    81.0246 1.0000e-12  -74.23294 -112.16534  31.984815      99.48 1.7905e+03    420.034      10082  1027.7034  1027.7043     3.8440     1.3314     0.1745    33.9045    33.9056    8.37149         36 0.0000e+00
     89.000     88.060    -1.3834  27.102647    -1.3833  27.103597     6.5781     6.7454     6.8020    81.9493 1.0000e-12  -74.23294 -112.16534  31.984836      74.64 1.7894e+03    421.798      10124  1027.7084  1027.7093     3.8878     1.3406     0.1689    33.9047    33.9059    8.37305         39 0.0000e+00
     90.000     89.049    -1.3897  27.098239    -1.3902  27.098673     6.5714     6.7491     6.6860    82.2880 1.0000e-12  -74.23294 -112.16534  31.984854     100.21 1.7914e+03    423.418      10163  1027.7136  1027.7146     3.9040     1.2195     0.1668    33.9052    33.9063    8.37444         33 0.0000e+00
     91.000     90.038    -1.3936  27.095807    -1.3942  27.096000     6.5713     6.7395     6.1392    82.6769 1.0000e-12  -74.23294 -112.16534  31.984870      99.58 1.7930e+03    424.744      10195  1027.7188  1027.7196     3.9222     1.0935     0.1592    33.9057    33.9066    8.37530         33 0.0000e+00
     92.000     91.027    -1.3997  27.091527    -1.4003  27.091763     6.5447     6.7114     6.1112    82.7437 1.0000e-12  -74.23294 -112.16534  31.984888      99.53 1.7937e+03    426.306      10232  1027.7240  1027.7249     3.9262     1.3554     0.1616    33.9060    33.9071    8.37663         38 0.0000e+00
     93.000     92.017    -1.4108  27.083479    -1.4118  27.084023     6.5090     6.6824     7.9836    83.0602 1.0000e-12  -74.23294 -112.16534  31.984909      99.57 1.7911e+03    428.099      10275  1027.7299  1027.7315     3.9407     1.1786     0.1591    33.9069    33.9088    8.37908         35 0.0000e+00
     94.000     93.005    -1.4347  27.067732    -1.4353  27.068059     6.5214     6.6832     6.5284    83.6009 1.0000e-12  -74.23294 -112.16534  31.984926      96.95 1.7917e+03    429.609      10312  1027.7399  1027.7407     3.9661     0.9217     0.1571    33.9117    33.9128    8.38418         34 0.0000e+00
     95.000     93.994    -1.4443  27.062691    -1.4452  27.062763     6.5757     6.7259     5.9162    83.7772 1.0000e-12  -74.23294 -112.16534  31.984943      99.71 1.7935e+03    431.055      10346  1027.7476  1027.7485     3.9748     0.9379     0.1522    33.9150    33.9162    8.38613         34 0.0000e+00
     96.000     94.987    -1.4550  27.056744    -1.4560  27.056732     6.5655     6.7453     5.8011    84.6321 1.0000e-12  -74.23294 -112.16534  31.984961      99.71 1.7942e+03    432.618      10384  1027.7554  1027.7564     4.0151     0.7802     0.1519    33.9184    33.9195    8.38835         34 0.0000e+00
     97.000     95.973    -1.4570  27.057102    -1.4576  27.057050     6.5614     6.7138     4.8521    85.4292 1.0000e-12  -74.23294 -112.16534  31.984981      99.70 1.7895e+03    434.325      10425  1027.7618  1027.7623     4.0527     0.8014     0.1442    33.9205    33.9212    8.38867         38 0.0000e+00
     98.000     96.963    -1.4550  27.060200    -1.4556  27.060231     6.4871     6.6512     3.4947    85.0523 1.0000e-12  -74.23294 -112.16534  31.984999      99.76 1.7895e+03    435.894      10462  1027.7673  1027.7679     4.0350     0.5885     0.1416    33.9219    33.9226    8.38814         35 0.0000e+00
     99.000     97.951    -1.4535  27.063040    -1.4541  27.062976     6.4467     6.6268     2.7036    85.9911 1.0000e-12  -74.23294 -112.16536  31.985014      99.77 1.7939e+03    437.241      10495  1027.7731  1027.7737     4.0795     0.5301     0.1335    33.9235    33.9241    8.38770         28 0.0000e+00
    100.000     98.942    -1.4530  27.065020    -1.4538  27.064972     6.4553     6.6290     2.2554    86.9798 1.0000e-12  -74.23294 -112.16534  31.985027      99.76 1.7923e+03    438.328      10521  1027.7791  1027.7798     4.1264     0.5904     0.1377    33.9251    33.9259    8.38751         28 0.0000e+00
    101.000     99.929    -1.4522  27.067473    -1.4527  27.067264     6.4568     6.6283     2.4137    87.4153 1.0000e-12  -74.23294 -112.16535  31.985043      99.74 1.7943e+03    439.691      10554  1027.7852  1027.7854     4.1470     0.6265     0.1377    33.9268    33.9271    8.38721         35 0.0000e+00
    102.000    100.919    -1.4475  27.072650    -1.4479  27.072657     6.4544     6.6192     2.4024    88.3712 1.0000e-12  -74.23294 -112.16536  31.985060      97.41 1.7940e+03    441.213      10590  1027.7906  1027.7910     4.1924     0.4449     0.1334    33.9281    33.9285    8.38609         33 0.0000e+00
    103.000    101.909    -1.4433  27.077027    -1.4440  27.076902     6.4543     6.6152     1.7591    88.7973 1.0000e-12  -74.23294 -112.16536  31.985075      92.16 1.7903e+03    442.518      10621  1027.7956  1027.7961     4.2126     0.4150     0.1331    33.9287    33.9293    8.38510         28 0.0000e+00
    104.000    102.897    -1.4376  27.083923    -1.4378  27.083847     6.4337     6.6007     1.7256    89.4532 1.0000e-12  -74.23294 -112.16536  31.985090      98.95 1.7907e+03    443.820      10653  1027.8020  1027.8021     4.2437     0.3802     0.1364    33.9311    33.9312    8.38367         34 0.0000e+00
    105.000    103.886    -1.4337  27.089248    -1.4344  27.089164     6.3700     6.5425     1.8458    89.7981 1.0000e-12  -74.23294 -112.16536  31.985105      99.82 1.7974e+03    445.073      10683  1027.8085  1027.8090     4.2600     0.3704     0.1336    33.9334    33.9340    8.38266         25 0.0000e+00
