ocean_section_plots/required_files/ctd/dnbp2202_ctd271.cnv
* Sea-Bird SBE 9 Data File:
* FileName = D:\Data\raw\NBP2202_CTD271.hex
* Software Version Seasave V 7.26.7.121
* Temperature SN = 1649
* Conductivity SN = 2513
* Number of Bytes Per Scan = 40
* Number of Voltage Words = 5
* Number of Scans Averaged by the Deck Unit = 1
* NMEA Latitude = 73 43.90 S
* NMEA Longitude = 116 51.21 W
* NMEA UTC (Time) = Feb 20 2022  20:05:26
* NMEA baud rate = 9600
** Ship: RVIB N.B. Palmer
** Cruise: NBP2202 Thwaites
** Station: 174
** Operator: A. Robinson
# nquan = 28
# nvalues = 626                         
# units = specified
# name 0 = prDM: Pressure, Digiquartz [db]
# name 1 = depSM: Depth [salt water, m]
# name 2 = t090C: Temperature [ITS-90, deg C]
# name 3 = c0mS/cm: Conductivity [mS/cm]
# name 4 = t190C: Temperature, 2 [ITS-90, deg C]
# name 5 = c1mS/cm: Conductivity, 2 [mS/cm]
# name 6 = sbeox0ML/L: Oxygen, SBE 43 [ml/l]
# name 7 = sbeox1ML/L: Oxygen, SBE 43, 2 [ml/l]
# name 8 = flECO-AFL: Fluorescence, WET Labs ECO-AFL/FL [mg/m^3]
# name 9 = CStarTr0: Beam Transmission, WET Labs C-Star [%]
# name 10 = par: PAR/Irradiance, Biospherical/Licor
# name 11 = latitude: Latitude [deg]
# name 12 = longitude: Longitude [deg]
# name 13 = timeJ: Julian Days
# name 14 = altM: Altimeter [m]
# name 15 = spar: SPAR, Biospherical/Licor
# name 16 = timeS: Time, Elapsed [seconds]
# name 17 = scan: Scan Count
# name 18 = density00: Density [density, kg/m^3]
# name 19 = density11: Density, 2 [density, kg/m^3]
# name 20 = v3: Voltage 3
# name 21 = v4: Voltage 4
# name 22 = v5: Voltage 5
# name 23 = sal00: Salinity, Practical [PSU]
# name 24 = sal11: Salinity, Practical, 2 [PSU]
# name 25 = oxsolML/L: Oxygen Saturation, Garcia & Gordon [ml/l]
# name 26 = nbin: number of scans per bin
# name 27 = flag: flag
# span 0 =      3.000,    628.000       
# span 1 =      2.970,    620.574       
# span 2 =    -1.7765,     0.1477       
# span 3 =  26.999995,  29.040519       
# span 4 =    -1.7756,     0.1544       
# span 5 =  27.000327,  29.045221       
# span 6 =     4.8229,     8.7679       
# span 7 =     4.9588,     9.0911       
# span 8 =     0.2185,    12.2980       
# span 9 =    88.0043,    97.7290       
# span 10 = -1.797e-06, 1.1674e+02      
# span 11 =  -73.73168,  -73.73166      
# span 12 = -116.85368, -116.85364      
# span 13 =  51.840109,  51.848728      
# span 14 =       2.14,     100.08      
# span 15 = 2.1003e+02, 2.6771e+02      
# span 16 =    259.441,   1004.118      
# span 17 =       6228,      24100      
# span 18 =  1027.0749,  1030.6343      
# span 19 =  1027.0741,  1030.6327      
# span 20 =     4.1749,     4.6361      
# span 21 =     0.1033,     2.1180      
# span 22 =     0.1093,     0.2098      
# span 23 =    33.7038,    34.4610      
# span 24 =    33.7033,    34.4598      
# span 25 =    8.00954,    8.44929      
# span 26 =         18,         48      
# span 27 = 0.0000e+00, 0.0000e+00      
# interval = decibars: 1                
# start_time = Feb 20 2022 20:05:26 [NMEA time, header]
# bad_flag = -9.990e-29
*END*
[from data line 363]
    366.000    361.900    -1.6873  27.149823    -1.6861  27.150072     6.3614     6.5471     0.4475    97.3060 1.0000e-12  -73.73166 -116.85366  51.845204      99.93 2.2565e+02    699.603      16791  1029.2393  1029.2383     4.6162     0.1421     0.1143    34.1434    34.1424    8.42748         22 0.0000e+00
    367.000    362.886    -1.6858  27.151662    -1.6850  27.151615     6.3477     6.5390     0.4245    97.4836 1.0000e-12  -73.73166 -116.85366  51.845214      97.94 2.2523e+02    700.502      16813  1029.2441  1029.2433     4.6244     0.1489     0.1133    34.1436    34.1426    8.42712         21 0.0000e+00
    368.000    363.875    -1.6805  27.157200    -1.6787  27.157964     6.3418     6.5325     0.5733    97.3275 1.0000e-12  -73.73166 -116.85366  51.845225      94.07 2.2565e+02    701.411      16835  1029.2493  1029.2485     4.6171     0.1580     0.1134    34.1446    34.1436    8.42585         23 0.0000e+00
    369.000    364.865    -1.6754  27.162222    -1.6741  27.162363     6.3508     6.5300     0.5609    97.2789 1.0000e-12  -73.73166 -116.85366  51.845236      98.26 2.2551e+02    702.407      16859  1029.2542  1029.2531     4.6148     0.1370     0.1131    34.1451    34.1438    8.42466         25 0.0000e+00
    370.000    365.851    -1.6737  27.164138    -1.6726  27.164352     6.3457     6.5269     0.5098    97.3251 1.0000e-12  -73.73166 -116.85366  51.845249      99.92 2.2441e+02    703.498      16885  1029.2590  1029.2581     4.6170     0.1870     0.1161    34.1452    34.1442    8.42427         27 0.0000e+00
    371.000    366.839    -1.6714  27.166783    -1.6704  27.166950     6.3283     6.5203     0.6967    97.4961 1.0000e-12  -73.73166 -116.85366  51.845262      99.92 2.2463e+02    704.606      16912  1029.2640  1029.2632     4.6251     0.1750     0.1183    34.1456    34.1447    8.42373         26 0.0000e+00
    372.000    367.827    -1.6684  27.170116    -1.6675  27.170140     6.3146     6.5228     0.6063    97.5636 1.0000e-12  -73.73166 -116.85366  51.845274      99.93 2.2411e+02    705.651      16937  1029.2690  1029.2682     4.6283     0.1522     0.1155    34.1461    34.1451    8.42301         24 0.0000e+00
    373.000    368.816    -1.6653  27.173332    -1.6643  27.173568     6.3107     6.5163     0.5329    97.5044 1.0000e-12  -73.73166 -116.85366  51.845285      99.92 2.2259e+02    706.611      16960  1029.2739  1029.2732     4.6254     0.1928     0.1157    34.1464    34.1456    8.42228         22 0.0000e+00
    374.000    369.801    -1.6621  27.176839    -1.6609  27.177198     6.2974     6.4899     0.6703    97.4072 1.0000e-12  -73.73166 -116.85366  51.845296      99.92 2.2367e+02    707.537      16982  1029.2790  1029.2783     4.6209     0.1343     0.1142    34.1470    34.1462    8.42153         22 0.0000e+00
    375.000    370.792    -1.6526  27.186964    -1.6514  27.186976     6.2637     6.4645     0.4279    97.5317 1.0000e-12  -73.73166 -116.85366  51.845306      99.92 2.2315e+02    708.475      17004  1029.2852  1029.2841     4.6268     0.1490     0.1124    34.1495    34.1481    8.41922         24 0.0000e+00
    376.000    371.779    -1.6241  27.211745    -1.6223  27.212717     6.2173     6.4330     0.4675    97.4675 1.0000e-12  -73.73166 -116.85364  51.845318      99.93 2.2248e+02    709.490      17029  1029.2891  1029.2884     4.6237     0.1380     0.1116    34.1506    34.1499    8.41270         25 0.0000e+00
    377.000    372.766    -1.5972  27.236829    -1.5954  27.237511     6.1827     6.3883     0.7466    97.4702 1.0000e-12  -73.73166 -116.85365  51.845331      99.92 2.2025e+02    710.595      17055  1029.2950  1029.2939     4.6238     0.1426     0.1138    34.1539    34.1528    8.40641         28 0.0000e+00
    378.000    373.755    -1.5674  27.263816    -1.5665  27.263622     6.1576     6.3588     0.4286    97.5337 1.0000e-12  -73.73166 -116.85365  51.845344      99.92 2.2197e+02    711.704      17082  1029.3001  1029.2990     4.6269     0.1442     0.1141    34.1565    34.1552    8.39952         25 0.0000e+00
    379.000    374.743    -1.5382  27.291110    -1.5366  27.291203     6.1401     6.3354     0.5499    97.4612 1.0000e-12  -73.73166 -116.85365  51.845356      99.92 2.2220e+02    712.720      17106  1029.3061  1029.3046     4.6234     0.1405     0.1145    34.1602    34.1584    8.39270         23 0.0000e+00
    380.000    375.728    -1.5242  27.303894    -1.5226  27.304241     6.1114     6.3241     0.4520    97.3650 1.0000e-12  -73.73166 -116.85364  51.845366      72.49 2.2227e+02    713.663      17129  1029.3111  1029.3099     4.6188     0.1349     0.1123    34.1612    34.1598    8.38948         23 0.0000e+00
    381.000    376.720    -1.5172  27.311403    -1.5153  27.311977     6.1268     6.3180     0.4278    97.3995 1.0000e-12  -73.73166 -116.85364  51.845377      88.05 2.2045e+02    714.578      17151  1029.3172  1029.3160     4.6205     0.1562     0.1147    34.1629    34.1615    8.38779         21 0.0000e+00
    382.000    377.707    -1.5110  27.317228    -1.5098  27.317364     6.1353     6.3140     0.5627    97.3567 1.0000e-12  -73.73166 -116.85364  51.845388     100.08 2.2095e+02    715.533      17174  1029.3221  1029.3211     4.6185     0.1427     0.1157    34.1632    34.1621    8.38638         24 0.0000e+00
    383.000    378.693    -1.5119  27.316714    -1.5108  27.316870     6.1158     6.3145     0.6947    97.5737 1.0000e-12  -73.73166 -116.85364  51.845400      99.92 2.2124e+02    716.551      17198  1029.3271  1029.3262     4.6287     0.1356     0.1131    34.1630    34.1619    8.38660         26 0.0000e+00
    384.000    379.682    -1.5122  27.317152    -1.5108  27.317467     6.1284     6.3070     0.5704    97.5955 1.0000e-12  -73.73166 -116.85365  51.845412      99.92 2.2017e+02    717.628      17224  1029.3324  1029.3314     4.6297     0.1660     0.1167    34.1633    34.1621    8.38665         26 0.0000e+00
    385.000    380.669    -1.5068  27.322949    -1.5056  27.322921     6.1215     6.2989     0.4077    97.5420 1.0000e-12  -73.73166 -116.85365  51.845425      99.93 2.2050e+02    718.711      17250  1029.3380  1029.3369     4.6273     0.1275     0.1122    34.1644    34.1630    8.38535         25 0.0000e+00
    386.000    381.658    -1.4972  27.332221    -1.4960  27.332367     6.1123     6.2992     0.4027    97.4476 1.0000e-12  -73.73166 -116.85365  51.845437      99.92 2.2051e+02    719.731      17275  1029.3434  1029.3424     4.6228     0.1367     0.1162    34.1657    34.1645    8.38313         23 0.0000e+00
    387.000    382.644    -1.4924  27.337222    -1.4910  27.337432     6.1093     6.3019     0.3855    97.4948 1.0000e-12  -73.73166 -116.85365  51.845448      99.92 2.1935e+02    720.674      17297  1029.3486  1029.3476     4.6250     0.1489     0.1254    34.1664    34.1652    8.38199         23 0.0000e+00
    388.000    383.634    -1.4915  27.338494    -1.4900  27.338802     6.1101     6.2955     0.3504    97.4412 1.0000e-12  -73.73166 -116.85365  51.845458      99.92 2.2045e+02    721.587      17319  1029.3537  1029.3526     4.6225     0.1743     0.1161    34.1666    34.1653    8.38179         21 0.0000e+00
    389.000    384.620    -1.4864  27.343882    -1.4849  27.344137     6.1073     6.2820     0.4069    97.5183 1.0000e-12  -73.73166 -116.85366  51.845469      99.91 2.2036e+02    722.522      17342  1029.3591  1029.3579     4.6261     0.2160     0.1208    34.1676    34.1662    8.38058         24 0.0000e+00
    390.000    385.609    -1.4793  27.350848    -1.4771  27.351863     6.0896     6.2673     0.3771    97.4806 1.0000e-12  -73.73166 -116.85365  51.845481      99.92 2.1896e+02    723.545      17366  1029.3643  1029.3633     4.6243     0.1393     0.1153    34.1684    34.1673    8.37893         26 0.0000e+00
    391.000    386.597    -1.4748  27.355489    -1.4703  27.358432     6.0871     6.2603     0.6964    97.5044 1.0000e-12  -73.73166 -116.85366  51.845494      99.92 2.2016e+02    724.664      17393  1029.3694  1029.3683     4.6255     0.1416     0.1180    34.1690    34.1680    8.37787         27 0.0000e+00
    392.000    387.584    -1.4661  27.363929    -1.4666  27.362322     6.0742     6.2541     0.5392    97.1249 1.0000e-12  -73.73166 -116.85366  51.845507      99.92 2.2029e+02    725.767      17419  1029.3747  1029.3734     4.6075     0.1476     0.1185    34.1701    34.1685    8.37585         26 0.0000e+00
    393.000    388.572    -1.4608  27.369221    -1.4615  27.367588     6.0656     6.2458     0.3921    97.4498 1.0000e-12  -73.73166 -116.85366  51.845518      99.93 2.1860e+02    726.767      17443  1029.3797  1029.3787     4.6228     0.1991     0.1207    34.1707    34.1693    8.37462         22 0.0000e+00
    394.000    389.560    -1.4598  27.370479    -1.4587  27.370412     6.0601     6.2364     0.4190    97.6051 1.0000e-12  -73.73166 -116.85366  51.845529      96.57 2.2037e+02    727.692      17466  1029.3847  1029.3835     4.6303     0.2637     0.1191    34.1708    34.1694    8.37441         22 0.0000e+00
    395.000    390.548    -1.4529  27.377749    -1.4509  27.378308     6.0511     6.2265     0.5361    97.5954 1.0000e-12  -73.73166 -116.85365  51.845539      98.34 2.2036e+02    728.611      17488  1029.3903  1029.3889     4.6298     0.1580     0.1165    34.1723    34.1707    8.37277         23 0.0000e+00
    396.000    391.534    -1.4418  27.387768    -1.4406  27.387670     6.0326     6.2139     0.5291    97.5207 1.0000e-12  -73.73166 -116.85365  51.845551      99.92 2.2059e+02    729.577      17511  1029.3948  1029.3936     4.6263     0.1255     0.1163    34.1727    34.1712    8.37023         23 0.0000e+00
    397.000    392.523    -1.4371  27.392722    -1.4355  27.392981     6.0189     6.2053     0.3391    97.4345 1.0000e-12  -73.73166 -116.85365  51.845563      99.92 2.2118e+02    730.615      17536  1029.4002  1029.3989     4.6222     0.1631     0.1183    34.1736    34.1722    8.36913         26 0.0000e+00
    398.000    393.511    -1.4209  27.408108    -1.4194  27.408327     6.0062     6.1869     0.3734    97.5009 1.0000e-12  -73.73166 -116.85365  51.845575      99.92 2.2092e+02    731.684      17561  1029.4057  1029.4044     4.6253     0.1419     0.1167    34.1757    34.1742    8.36537         25 0.0000e+00
    399.000    394.500    -1.4101  27.418754    -1.4088  27.418677     6.0047     6.1845     0.3804    97.4306 1.0000e-12  -73.73166 -116.85365  51.845587      99.93 2.2200e+02    732.729      17586  1029.4112  1029.4100     4.6220     0.1543     0.1162    34.1773    34.1758    8.36285         25 0.0000e+00
    400.000    395.486    -1.4060  27.423047    -1.4036  27.424093     6.0084     6.1877     0.4033    97.4668 1.0000e-12  -73.73166 -116.85365  51.845599      99.92 2.2175e+02    733.733      17611  1029.4164  1029.4153     4.6236     0.1381     0.1142    34.1779    34.1767    8.36189         24 0.0000e+00
    401.000    396.474    -1.4052  27.424308    -1.4036  27.424728     6.0066     6.1868     0.3579    97.4643 1.0000e-12  -73.73166 -116.85365  51.845610      99.93 2.2227e+02    734.696      17634  1029.4215  1029.4205     4.6236     0.1316     0.1171    34.1782    34.1770    8.36170         23 0.0000e+00
    402.000    397.462    -1.4033  27.426927    -1.4021  27.426904     6.0095     6.1814     0.3794    97.4498 1.0000e-12  -73.73166 -116.85364  51.845621      99.92 2.2319e+02    735.658      17657  1029.4270  1029.4258     4.6229     0.1751     0.1223    34.1790    34.1775    8.36123         23 0.0000e+00
    403.000    398.450    -1.4013  27.429616    -1.4000  27.429664     6.0104     6.1798     0.5371    97.4941 1.0000e-12  -73.73166 -116.85364  51.845633      99.92 2.2304e+02    736.676      17681  1029.4324  1029.4312     4.6250     0.1506     0.1160    34.1797    34.1783    8.36072         25 0.0000e+00
    404.000    399.438    -1.3982  27.433117    -1.3967  27.433217     5.9927     6.1783     0.4283    97.4165 1.0000e-12  -73.73166 -116.85364  51.845645      99.92 2.2334e+02    737.730      17707  1029.4376  1029.4363     4.6213     0.1322     0.1171    34.1804    34.1789    8.35999         26 0.0000e+00
    405.000    400.424    -1.3898  27.441437    -1.3880  27.441964     5.9807     6.1755     0.3485    97.4044 1.0000e-12  -73.73166 -116.85364  51.845657      99.86 2.2412e+02    738.779      17732  1029.4430  1029.4419     4.6207     0.1551     0.1164    34.1817    34.1804    8.35804         24 0.0000e+00
    406.000    401.413    -1.3831  27.448465    -1.3803  27.449779     5.9861     6.1707     0.4152    97.3841 1.0000e-12  -73.73166 -116.85364  51.845669      72.12 2.2396e+02    739.773      17756  1029.4486  1029.4472     4.6197     0.1339     0.1146    34.1831    34.1816    8.35646         24 0.0000e+00
    407.000    402.400    -1.3774  27.454106    -1.3752  27.454913     5.9751     6.1674     0.3881    97.4613 1.0000e-12  -73.73166 -116.85364  51.845680      85.35 2.2563e+02    740.741      17779  1029.4535  1029.4524     4.6234     0.1392     0.1185    34.1837    34.1824    8.35513         23 0.0000e+00
    408.000    403.389    -1.3741  27.457662    -1.3728  27.457683     5.9881     6.1624     0.4555    97.4095 1.0000e-12  -73.73166 -116.85364  51.845692      99.84 2.2635e+02    741.745      17803  1029.4587  1029.4575     4.6210     0.1365     0.1154    34.1843    34.1828    8.35438         25 0.0000e+00
    409.000    404.376    -1.3724  27.459798    -1.3710  27.459994     5.9839     6.1608     0.4966    97.4487 1.0000e-12  -73.73166 -116.85364  51.845704      99.92 2.2679e+02    742.798      17828  1029.4638  1029.4626     4.6228     0.1556     0.1171    34.1845    34.1832    8.35396         26 0.0000e+00
    410.000    405.363    -1.3716  27.460875    -1.3702  27.461214     5.9764     6.1564     0.3515    97.4079 1.0000e-12  -73.73166 -116.85364  51.845716      99.92 2.2761e+02    743.856      17854  1029.4686  1029.4676     4.6209     0.1381     0.1169    34.1846    34.1834    8.35379         25 0.0000e+00
    411.000    406.352    -1.3711  27.461966    -1.3697  27.462113     5.9802     6.1559     0.3173    97.4683 1.0000e-12  -73.73166 -116.85364  51.845728      99.92 2.2881e+02    744.906      17879  1029.4737  1029.4725     4.6237     0.1496     0.1161    34.1849    34.1835    8.35366         25 0.0000e+00
    412.000    407.339    -1.3704  27.463173    -1.3690  27.463264     5.9698     6.1465     0.4263    97.3394 1.0000e-12  -73.73166 -116.85364  51.845740      99.93 2.2840e+02    745.957      17904  1029.4787  1029.4775     4.6177     0.1235     0.1168    34.1851    34.1836    8.35349         25 0.0000e+00
    413.000    408.326    -1.3686  27.465255    -1.3672  27.465358     5.9715     6.1510     0.6170    97.4113 1.0000e-12  -73.73166 -116.85364  51.845752      99.92 2.2941e+02    746.969      17928  1029.4836  1029.4824     4.6211     0.1253     0.1173    34.1853    34.1838    8.35308         23 0.0000e+00
    414.000    409.315    -1.3637  27.470609    -1.3636  27.469315     5.9445     6.1253     0.3483    97.3968 1.0000e-12  -73.73166 -116.85364  51.845763      99.92 2.3073e+02    747.946      17952  1029.4891  1029.4875     4.6203     0.1284     0.1161    34.1865    34.1845    8.35191         24 0.0000e+00
    415.000    410.303    -1.3460  27.487702    -1.3437  27.488312     5.9275     6.0955     0.3440    97.2344 1.0000e-12  -73.73166 -116.85364  51.845774      99.92 2.3147e+02    748.905      17975  1029.4948  1029.4932     4.6127     0.1349     0.1172    34.1891    34.1874    8.34779         23 0.0000e+00
    416.000    411.289    -1.3214  27.511844    -1.3181  27.512908     5.9195     6.0909     0.3232    97.0772 1.0000e-12  -73.73166 -116.85364  51.845786      99.91 2.3247e+02    749.873      17998  1029.5015  1029.4994     4.6052     0.1942     0.1167    34.1936    34.1913    8.34203         23 0.0000e+00
