ocean_section_plots/required_files/ctd/dnbp2202_ctd078.cnv
* Sea-Bird SBE 9 Data File:
* FileName = D:\Data\raw\NBP2202_CTD078.hex
* Software Version Seasave V 7.26.7.121
* Temperature SN = 1649
* Conductivity SN = 2513
* Number of Bytes Per Scan = 40
* Number of Voltage Words = 5
* Number of Scans Averaged by the Deck Unit = 1
* NMEA Latitude = 74 10.51 S
* NMEA Longitude = 113 20.67 W
* NMEA UTC (Time) = Jan 26 2022  16:15:40
* NMEA baud rate = 9600
** Ship: RVIB N.B. Palmer
** Cruise: NBP2202 Thwaites
** Station: YoYo001
** Operator: A. Robinson
# nquan = 25
# nvalues = 607                         
# units = specified
# name 0 = prDM: Pressure, Digiquartz [db]
# name 1 = depSM: Depth [salt water, m]
# name 2 = t090C: Temperature [ITS-90, deg C]
# name 3 = c0mS/cm: Conductivity [mS/cm]
# name 4 = t190C: Temperature, 2 [ITS-90, deg C]
# name 5 = c1mS/cm: Conductivity, 2 [mS/cm]
# name 6 = sbeox0ML/L: Oxygen, SBE 43 [ml/l]
# name 7 = sbeox1ML/L: Oxygen, SBE 43, 2 [ml/l]
# name 8 = flECO-AFL: Fluorescence, WET Labs ECO-AFL/FL [mg/m^3]
# name 9 = CStarTr0: Beam Transmission, WET Labs C-Star [%]
# name 10 = par: PAR/Irradiance, Biospherical/Licor
# name 11 = latitude: Latitude [deg]
# name 12 = longitude: Longitude [deg]
# name 13 = timeJ: Julian Days
# name 14 = altM: Altimeter [m]
# name 15 = spar: SPAR, Biospherical/Licor
# name 16 = timeS: Time, Elapsed [seconds]
# name 17 = scan: Scan Count
# name 18 = density00: Density [density, kg/m^3]
# name 19 = density11: Density, 2 [density, kg/m^3]
# name 20 = sal00: Salinity, Practical [PSU]
# name 21 = sal11: Salinity, Practical, 2 [PSU]
# name 22 = oxsolML/L: Oxygen Saturation, Garcia & Gordon [ml/l]
# name 23 = nbin: number of scans per bin
# name 24 = flag: flag
# span 0 =     10.000,    616.000       
# span 1 =      9.897,    608.719       
# span 2 =    -1.5208,     0.0799       
# span 3 =  26.944177,  28.912960       
# span 4 =    -1.5198,     0.0819       
# span 5 =  26.942896,  28.913262       
# span 6 =     4.7117,     8.6101       
# span 7 =     4.8111,     8.6526       
# span 8 =    -0.0224,    27.5509       
# span 9 =    69.0889,    95.6780       
# span 10 = -2.766e-05, 3.0032e+01      
# span 11 =  -74.17528,  -74.17528      
# span 12 = -113.34463, -113.34458      
# span 13 =  26.677788,  26.687250      
# span 14 =       4.54,     101.40      
# span 15 = 1.5281e+03, 1.7549e+03      
# span 16 =     20.867,    838.359      
# span 17 =        502,      20122      
# span 18 =  1027.2278,  1030.5155      
# span 19 =  1027.2256,  1030.5134      
# span 20 =    33.7973,    34.3770      
# span 21 =    33.7935,    34.3744      
# span 22 =    8.02844,    8.40742      
# span 23 =         18,         60      
# span 24 = 0.0000e+00, 0.0000e+00      
# interval = decibars: 1                
# start_time = Jan 26 2022 16:15:40 [NMEA time, header]
# bad_flag = -9.990e-29
*END*
[from data line 58]
     68.000     67.286    -1.3952  27.022212    -1.3889  27.027104     6.5103     6.6877     7.8289    82.1697 1.0000e-12  -74.17528 -113.34462  26.679027      95.32 1.6856e+03    127.940       3072  1027.5391  1027.5383    33.8204    33.8201    8.38072         43 0.0000e+00
     69.000     68.274    -1.3858  27.031273    -1.3842  27.030838     6.5222     6.6756     7.4525    83.0083 1.0000e-12  -74.17528 -113.34462  26.679048      98.59 1.6808e+03    129.772       3116  1027.5441  1027.5419    33.8217    33.8192    8.37854         40 0.0000e+00
     70.000     69.265    -1.3908  27.027231    -1.3980  27.019706     6.5304     6.6661     7.4500    83.0364 1.0000e-12  -74.17528 -113.34462  26.679070      99.40 1.6772e+03    131.628       3160  1027.5485  1027.5472    33.8211    33.8188    8.37969         38 0.0000e+00
     71.000     70.252    -1.3891  27.029177    -1.3854  27.031650     6.3835     6.5804     6.7111    83.2146 1.0000e-12  -74.17528 -113.34462  26.679091      99.48 1.6750e+03    133.498       3205  1027.5532  1027.5522    33.8212    33.8205    8.37930         39 0.0000e+00
     72.000     71.242    -1.4044  27.019368    -1.3980  27.022437     5.9519     6.2452     6.9516    84.8114 1.0000e-12  -74.17528 -113.34462  26.679112      99.46 1.6736e+03    135.315       3249  1027.5613  1027.5586    33.8244    33.8215    8.38255         37 0.0000e+00
     73.000     72.232    -1.4810  26.966356    -1.4691  26.974749     5.8042     6.0393     7.5048    85.4167 1.0000e-12  -74.17528 -113.34461  26.679134      99.41 1.6746e+03    137.139       3292  1027.5811  1027.5790    33.8375    33.8357    8.39903         43 0.0000e+00
     74.000     73.220    -1.4908  26.959933    -1.4888  26.960575     5.8449     6.0271     5.5717    85.8224 1.0000e-12  -74.17528 -113.34461  26.679155      99.48 1.6764e+03    139.007       3337  1027.5873  1027.5860    33.8393    33.8378    8.40116         40 0.0000e+00
     75.000     74.209    -1.4824  26.966217    -1.4804  26.966536     5.8757     6.0376     2.5020    86.5763 1.0000e-12  -74.17528 -113.34461  26.679176      93.61 1.6775e+03    140.838       3381  1027.5898  1027.5884    33.8378    33.8359    8.39935         38 0.0000e+00
     76.000     75.200    -1.4757  26.972590    -1.4748  26.972209     5.8999     6.0473     2.3749    87.7954 1.0000e-12  -74.17528 -113.34462  26.679198      97.47 1.6809e+03    142.673       3425  1027.5944  1027.5931    33.8382    33.8367    8.39779         38 0.0000e+00
     77.000     76.190    -1.4667  26.980137    -1.4691  26.977186     5.9054     6.0411     2.8450    87.5649 1.0000e-12  -74.17528 -113.34462  26.679219      99.74 1.6842e+03    144.542       3470  1027.5981  1027.5972    33.8379    33.8365    8.39580         43 0.0000e+00
     78.000     77.179    -1.4769  26.971636    -1.4786  26.970605     5.8639     6.0022     2.6953    88.3603 1.0000e-12  -74.17528 -113.34462  26.679240      99.78 1.6862e+03    146.353       3513  1027.6028  1027.6032    33.8371    33.8375    8.39815         36 0.0000e+00
     79.000     78.167    -1.5070  26.949056    -1.5073  26.948320     5.8277     5.9688     3.1175    88.5936 1.0000e-12  -74.17528 -113.34462  26.679261      99.78 1.6885e+03    148.158       3557  1027.6111  1027.6105    33.8394    33.8387    8.40480         35 0.0000e+00
     80.000     79.157    -1.5153  26.944177    -1.5157  26.942896     5.7796     5.9266     1.9373    89.0970 1.0000e-12  -74.17528 -113.34462  26.679283      99.78 1.6903e+03    150.036       3602  1027.6177  1027.6167    33.8414    33.8402    8.40655         42 0.0000e+00
     81.000     80.146    -1.5208  26.944792    -1.5198  26.944931     5.7482     5.8936     1.6931    90.4446 1.0000e-12  -74.17528 -113.34462  26.679305      99.82 1.6906e+03    151.942       3648  1027.6279  1027.6270    33.8480    33.8471    8.40742         43 0.0000e+00
     82.000     81.136    -1.5208  26.947149    -1.5198  26.946817     5.7265     5.8592     0.7038    91.4671 1.0000e-12  -74.17528 -113.34462  26.679326      97.68 1.6905e+03    153.759       3691  1027.6345  1027.6331    33.8506    33.8490    8.40726         38 0.0000e+00
     83.000     82.123    -1.5203  26.949643    -1.5186  26.950383     5.7005     5.8332     0.8413    91.6546 1.0000e-12  -74.17528 -113.34461  26.679346      96.80 1.6892e+03    155.517       3733  1027.6409  1027.6401    33.8528    33.8519    8.40701         39 0.0000e+00
     84.000     83.114    -1.5182  26.952947    -1.5168  26.953109     5.6823     5.8217     0.6256    91.0423 1.0000e-12  -74.17528 -113.34461  26.679368      99.86 1.6869e+03    157.363       3778  1027.6467  1027.6456    33.8544    33.8530    8.40644         38 0.0000e+00
     85.000     84.102    -1.5160  26.955346    -1.5152  26.954982     5.6676     5.8048     0.3286    93.2987 1.0000e-12  -74.17528 -113.34461  26.679390      99.85 1.6844e+03    159.255       3823  1027.6515  1027.6503    33.8546    33.8531    8.40594         34 0.0000e+00
     86.000     85.092    -1.5144  26.957753    -1.5136  26.957410     5.6603     5.7975     0.5398    92.9182 1.0000e-12  -74.17528 -113.34461  26.679411      99.86 1.6800e+03    161.098       3867  1027.6569  1027.6557    33.8555    33.8540    8.40552         43 0.0000e+00
     87.000     86.082    -1.5140  26.958725    -1.5131  26.958330     5.6534     5.7892     0.3912    94.1868 1.0000e-12  -74.17528 -113.34461  26.679432      99.86 1.6754e+03    162.901       3911  1027.6618  1027.6605    33.8557    33.8542    8.40541         35 0.0000e+00
     88.000     87.070    -1.5143  26.959191    -1.5130  26.959191     5.6559     5.7888     0.1205    93.9084 1.0000e-12  -74.17528 -113.34461  26.679453      99.85 1.6704e+03    164.727       3954  1027.6669  1027.6657    33.8561    33.8546    8.40546         42 0.0000e+00
     89.000     88.060    -1.5141  26.959782    -1.5131  26.959532     5.6613     5.7803     0.1589    94.2801 1.0000e-12  -74.17528 -113.34461  26.679475      94.77 1.6647e+03    166.600       3999  1027.6716  1027.6704    33.8560    33.8545    8.40541         37 0.0000e+00
     90.000     89.049    -1.5135  26.960657    -1.5124  26.960514     5.6611     5.7808     0.1158    94.7367 1.0000e-12  -74.17528 -113.34461  26.679497      96.98 1.6601e+03    168.518       4045  1027.6763  1027.6751    33.8559    33.8545    8.40528         34 0.0000e+00
     91.000     90.038    -1.5132  26.961361    -1.5123  26.961108     5.6473     5.7762     0.1039    94.9811 1.0000e-12  -74.17528 -113.34461  26.679518      99.90 1.6559e+03    170.337       4089  1027.6812  1027.6800    33.8560    33.8546    8.40522         38 0.0000e+00
     92.000     91.028    -1.5136  26.961964    -1.5124  26.961712     5.6437     5.7820     0.1431    95.0150 1.0000e-12  -74.17528 -113.34461  26.679538      99.86 1.6519e+03    172.097       4131  1027.6864  1027.6851    33.8566    33.8549    8.40526         38 0.0000e+00
     93.000     92.018    -1.5131  26.962719    -1.5122  26.962361     5.6480     5.7759     0.1140    95.0935 1.0000e-12  -74.17528 -113.34461  26.679559      99.87 1.6487e+03    173.936       4175  1027.6912  1027.6898    33.8565    33.8549    8.40517         37 0.0000e+00
     94.000     93.006    -1.5121  26.963855    -1.5112  26.963555     5.6451     5.7787     0.0390    95.0320 1.0000e-12  -74.17528 -113.34461  26.679580      99.86 1.6458e+03    175.696       4218  1027.6957  1027.6945    33.8562    33.8548    8.40494         40 0.0000e+00
     95.000     93.995    -1.5122  26.964326    -1.5112  26.964046     5.6450     5.7709     0.1265    95.1734 1.0000e-12  -74.17528 -113.34461  26.679598      99.86 1.6422e+03    177.280       4256  1027.7006  1027.6994    33.8564    33.8549    8.40496         36 0.0000e+00
     96.000     94.983    -1.5125  26.964725    -1.5114  26.964466     5.6367     5.7752     0.1540    95.1681 1.0000e-12  -74.17528 -113.34461  26.679615      99.86 1.6391e+03    178.767       4291  1027.7057  1027.7044    33.8566    33.8550    8.40502         32 0.0000e+00
     97.000     95.974    -1.5125  26.965272    -1.5115  26.965051     5.6321     5.7663     0.0897    95.0898 1.0000e-12  -74.17528 -113.34460  26.679629      99.67 1.6357e+03    179.916       4319  1027.7106  1027.7095    33.8567    33.8554    8.40500         27 0.0000e+00
     98.000     96.963    -1.5116  26.966637    -1.5107  26.966209     5.6373     5.7662     0.0927    95.2121 1.0000e-12  -74.17528 -113.34460  26.679642      96.09 1.6337e+03    181.044       4346  1027.7156  1027.7143    33.8571    33.8554    8.40480         27 0.0000e+00
     99.000     97.952    -1.5119  26.966727    -1.5110  26.966487     5.6391     5.7741     0.0629    95.2713 1.0000e-12  -74.17528 -113.34460  26.679655      99.88 1.6317e+03    182.173       4373  1027.7202  1027.7191    33.8568    33.8554    8.40487         27 0.0000e+00
    100.000     98.942    -1.5124  26.966829    -1.5114  26.966469     5.6382     5.7713     0.0848    95.3278 1.0000e-12  -74.17528 -113.34460  26.679668      99.86 1.6292e+03    183.304       4400  1027.7251  1027.7238    33.8569    33.8553    8.40497         27 0.0000e+00
    101.000     99.930    -1.5123  26.967216    -1.5114  26.966931     5.6383     5.7598     0.0707    95.3803 1.0000e-12  -74.17528 -113.34460  26.679681      99.86 1.6277e+03    184.445       4428  1027.7298  1027.7287    33.8568    33.8554    8.40497         28 0.0000e+00
    102.000    100.919    -1.5122  26.967849    -1.5113  26.967580     5.6353     5.7680     0.0779    95.4095 1.0000e-12  -74.17528 -113.34460  26.679695      99.87 1.6259e+03    185.611       4456  1027.7347  1027.7335    33.8569    33.8554    8.40494         28 0.0000e+00
    103.000    101.909    -1.5122  26.968404    -1.5112  26.968141     5.6300     5.7590     0.0552    95.3658 1.0000e-12  -74.17528 -113.34460  26.679708      99.86 1.6242e+03    186.780       4484  1027.7396  1027.7384    33.8570    33.8554    8.40493         28 0.0000e+00
    104.000    102.898    -1.5120  26.969169    -1.5110  26.968816     5.6238     5.7571     0.0273    95.2638 1.0000e-12  -74.17528 -113.34460  26.679722      99.86 1.6229e+03    187.940       4512  1027.7446  1027.7432    33.8572    33.8555    8.40487         28 0.0000e+00
    105.000    103.887    -1.5108  26.970500    -1.5103  26.969889     5.6178     5.7509     0.0555    95.1924 1.0000e-12  -74.17528 -113.34460  26.679735      99.86 1.6224e+03    189.089       4539  1027.7493  1027.7481    33.8571    33.8557    8.40462         28 0.0000e+00
    106.000    104.876    -1.5104  26.971435    -1.5096  26.971049     5.6147     5.7504     0.0716    95.3917 1.0000e-12  -74.17528 -113.34460  26.679748      99.86 1.6222e+03    190.237       4567  1027.7542  1027.7529    33.8573    33.8558    8.40451         27 0.0000e+00
    107.000    105.865    -1.5100  26.972399    -1.5092  26.971896     5.6136     5.7456     0.0206    95.3377 1.0000e-12  -74.17528 -113.34460  26.679761      99.86 1.6222e+03    191.395       4594  1027.7592  1027.7578    33.8575    33.8559    8.40440         28 0.0000e+00
    108.000    106.854    -1.5095  26.973260    -1.5087  26.972854     5.6128     5.7399     0.0750    95.2794 1.0000e-12  -74.17528 -113.34460  26.679775      99.86 1.6228e+03    192.569       4623  1027.7639  1027.7627    33.8575    33.8561    8.40429         28 0.0000e+00
    109.000    107.843    -1.5089  26.974336    -1.5079  26.974102     5.6188     5.7490     0.0315    95.3798 1.0000e-12  -74.17528 -113.34460  26.679789      96.83 1.6220e+03    193.738       4651  1027.7689  1027.7677    33.8577    33.8563    8.40415         28 0.0000e+00
    110.000    108.832    -1.5087  26.975239    -1.5076  26.975041     5.6348     5.7660     0.0524    95.3540 1.0000e-12  -74.17528 -113.34460  26.679802      98.87 1.6211e+03    194.905       4679  1027.7740  1027.7727    33.8580    33.8565    8.40407         28 0.0000e+00
    111.000    109.823    -1.5095  26.975741    -1.5089  26.975208     5.6498     5.7835     0.0262    95.3551 1.0000e-12  -74.17528 -113.34460  26.679816      99.87 1.6203e+03    196.066       4707  1027.7796  1027.7784    33.8591    33.8576    8.40420         28 0.0000e+00
    112.000    110.809    -1.5078  26.978257    -1.5070  26.977776     5.6646     5.7970     0.0467    95.4134 1.0000e-12  -74.17528 -113.34460  26.679829      99.86 1.6202e+03    197.215       4734  1027.7851  1027.7838    33.8600    33.8584    8.40376         27 0.0000e+00
    113.000    111.800    -1.5065  26.980202    -1.5049  26.980321     5.6780     5.8050     0.0668    95.3856 1.0000e-12  -74.17528 -113.34460  26.679842      99.85 1.6204e+03    198.351       4761  1027.7903  1027.7889    33.8605    33.8589    8.40342         28 0.0000e+00
    114.000    112.789    -1.5032  26.984017    -1.5028  26.983100     5.6813     5.8060     0.0699    95.3331 1.0000e-12  -74.17528 -113.34460  26.679855      99.86 1.6219e+03    199.496       4789  1027.7957  1027.7943    33.8615    33.8597    8.40263         27 0.0000e+00
    115.000    113.779    -1.5047  26.983339    -1.5033  26.983394     5.6797     5.8045     0.0977    95.2560 1.0000e-12  -74.17528 -113.34460  26.679869      99.86 1.6239e+03    200.656       4817  1027.8007  1027.7994    33.8616    33.8600    8.40296         28 0.0000e+00
    116.000    114.765    -1.5069  26.982058    -1.5059  26.981820     5.6664     5.7930     0.1201    95.3631 1.0000e-12  -74.17528 -113.34460  26.679882      99.86 1.6259e+03    201.819       4845  1027.8058  1027.8046    33.8617    33.8603    8.40346         28 0.0000e+00
    117.000    115.758    -1.5036  26.985634    -1.5018  26.985858     5.6426     5.7785     0.1460    95.3514 1.0000e-12  -74.17528 -113.34460  26.679896      99.86 1.6273e+03    202.986       4873  1027.8108  1027.8093    33.8623    33.8605    8.40268         28 0.0000e+00
    118.000    116.745    -1.5028  26.987438    -1.5017  26.987258     5.6344     5.7743     0.1787    95.3635 1.0000e-12  -74.17528 -113.34460  26.679909      99.86 1.6292e+03    204.157       4901  1027.8163  1027.8151    33.8632    33.8617    8.40243         28 0.0000e+00
    119.000    117.736    -1.5014  26.989890    -1.5002  26.989664     5.6451     5.7861     0.0769    95.3092 1.0000e-12  -74.17528 -113.34460  26.679923      99.86 1.6320e+03    205.311       4928  1027.8221  1027.8206    33.8644    33.8627    8.40205         28 0.0000e+00
    120.000    118.722    -1.4955  26.995912    -1.4946  26.995389     5.6539     5.7884     0.0195    95.1641 1.0000e-12  -74.17528 -113.34460  26.679936      87.91 1.6339e+03    206.441       4956  1027.8273  1027.8259    33.8653    33.8637    8.40065         26 0.0000e+00
    121.000    119.714    -1.4956  26.996369    -1.4952  26.995437     5.6670     5.8014     0.0192    95.3224 1.0000e-12  -74.17528 -113.34460  26.679949      99.57 1.6352e+03    207.578       4983  1027.8322  1027.8309    33.8655    33.8637    8.40067         28 0.0000e+00
    122.000    120.701    -1.4908  27.002096    -1.4899  27.001576     5.6739     5.8059     0.0482    95.2961 1.0000e-12  -74.17528 -113.34460  26.679962      99.86 1.6376e+03    208.738       5011  1027.8383  1027.8368    33.8673    33.8656    8.39948         28 0.0000e+00
    123.000    121.691    -1.4920  27.001795    -1.4919  27.000675     5.6730     5.8060     0.0637    95.3311 1.0000e-12  -74.17528 -113.34460  26.679976      99.85 1.6398e+03    209.911       5039  1027.8435  1027.8421    33.8676    33.8659    8.39973         29 0.0000e+00
    124.000    122.680    -1.4949  26.999801    -1.4946  26.998882     5.6726     5.8032     0.1427    95.3434 1.0000e-12  -74.17528 -113.34460  26.679989      99.87 1.6411e+03    211.080       5067  1027.8485  1027.8471    33.8676    33.8659    8.40039         27 0.0000e+00
