ocean_section_plots/required_files/ctd/dnbp2202_ctd080.cnv
* Sea-Bird SBE 9 Data File:
* FileName = D:\Data\raw\NBP2202_CTD080.hex
* Software Version Seasave V 7.26.7.121
* Temperature SN = 1649
* Conductivity SN = 2513
* Number of Bytes Per Scan = 40
* Number of Voltage Words = 5
* Number of Scans Averaged by the Deck Unit = 1
* NMEA Latitude = 74 10.51 S
* NMEA Longitude = 113 20.67 W
* NMEA UTC (Time) = Jan 26 2022  17:11:14
* NMEA baud rate = 9600
** Ship: RVIB N.B. Palmer
** Cruise: NBP2202 Thwaites
** Station: YoYo001
** Operator: A. Robinson
# nquan = 25
# nvalues = 606                         
# units = specified
# name 0 = prDM: Pressure, Digiquartz [db]
# name 1 = depSM: Depth [salt water, m]
# name 2 = t090C: Temperature [ITS-90, deg C]
# name 3 = c0mS/cm: Conductivity [mS/cm]
# name 4 = t190C: Temperature, 2 [ITS-90, deg C]
# name 5 = c1mS/cm: Conductivity, 2 [mS/cm]
# name 6 = sbeox0ML/L: Oxygen, SBE 43 [ml/l]
# name 7 = sbeox1ML/L: Oxygen, SBE 43, 2 [ml/l]
# name 8 = flECO-AFL: Fluorescence, WET Labs ECO-AFL/FL [mg/m^3]
# name 9 = CStarTr0: Beam Transmission, WET Labs C-Star [%]
# name 10 = par: PAR/Irradiance, Biospherical/Licor
# name 11 = latitude: Latitude [deg]
# name 12 = longitude: Longitude [deg]
# name 13 = timeJ: Julian Days
# name 14 = altM: Altimeter [m]
# name 15 = spar: SPAR, Biospherical/Licor
# name 16 = timeS: Time, Elapsed [seconds]
# name 17 = scan: Scan Count
# name 18 = density00: Density [density, kg/m^3]
# name 19 = density11: Density, 2 [density, kg/m^3]
# name 20 = sal00: Salinity, Practical [PSU]
# name 21 = sal11: Salinity, Practical, 2 [PSU]
# name 22 = oxsolML/L: Oxygen Saturation, Garcia & Gordon [ml/l]
# name 23 = nbin: number of scans per bin
# name 24 = flag: flag
# span 0 =     10.000,    615.000       
# span 1 =      9.893,    607.730       
# span 2 =    -1.5774,     0.0809       
# span 3 =  26.959215,  28.914252       
# span 4 =    -1.5755,     0.0826       
# span 5 =  26.958818,  28.913708       
# span 6 =     4.7071,     8.4786       
# span 7 =     4.7933,     8.2606       
# span 8 =    -0.0224,    22.1813       
# span 9 =    70.8475,    95.7458       
# span 10 = -5.578e-06, 6.1176e+01      
# span 11 =  -74.17530,  -74.17528      
# span 12 = -113.34463, -113.34458      
# span 13 =  26.716428,  26.725976      
# span 14 =       5.54,     100.52      
# span 15 = 1.7353e+03, 2.0458e+03      
# span 16 =     25.346,    850.344      
# span 17 =        609,      20409      
# span 18 =  1027.2274,  1030.5110      
# span 19 =  1027.2263,  1030.5088      
# span 20 =    33.7968,    34.3772      
# span 21 =    33.7954,    34.3746      
# span 22 =    8.02820,    8.41395      
# span 23 =         21,         49      
# span 24 = 0.0000e+00, 0.0000e+00      
# interval = decibars: 1                
# start_time = Jan 26 2022 17:11:14 [NMEA time, header]
# bad_flag = -9.990e-29
*END*
[from data line 116]
    126.000    124.659    -1.4976  26.995199    -1.4965  26.994879     5.5631     5.6798    -0.0028    95.4149 1.0000e-12  -74.17530 -113.34460  26.718622      99.86 1.9433e+03    214.946       5160  1027.8545  1027.8531    33.8630    33.8613    8.40127         30 0.0000e+00
    127.000    125.648    -1.4974  26.995723    -1.4963  26.995460     5.5678     5.6827    -0.0077    95.5033 1.0000e-12  -74.17530 -113.34460  26.718636      99.87 1.9445e+03    216.178       5189  1027.8593  1027.8579    33.8629    33.8612    8.40124         30 0.0000e+00
    128.000    126.637    -1.4969  26.996749    -1.4959  26.996220     5.5610     5.6784     0.0273    95.4625 1.0000e-12  -74.17530 -113.34460  26.718651      99.87 1.9462e+03    217.403       5219  1027.8642  1027.8627    33.8631    33.8613    8.40111         28 0.0000e+00
    129.000    127.624    -1.4968  26.997375    -1.4957  26.996988     5.5654     5.6813     0.0429    95.4448 1.0000e-12  -74.17530 -113.34460  26.718664      99.87 1.9479e+03    218.595       5247  1027.8690  1027.8676    33.8632    33.8614    8.40107         29 0.0000e+00
    130.000    128.614    -1.4961  26.998832    -1.4950  26.998561     5.5684     5.6811     0.0049    95.3872 1.0000e-12  -74.17530 -113.34460  26.718678      99.87 1.9494e+03    219.792       5276  1027.8743  1027.8730    33.8638    33.8622    8.40088         27 0.0000e+00
    131.000    129.603    -1.4957  27.000622    -1.4946  26.999893     5.5776     5.6898    -0.0077    95.5028 1.0000e-12  -74.17530 -113.34460  26.718692      99.87 1.9510e+03    221.018       5305  1027.8803  1027.8784    33.8652    33.8629    8.40071         30 0.0000e+00
    132.000    130.592    -1.4957  27.001626    -1.4947  27.001178     5.5863     5.7039    -0.0010    95.4992 1.0000e-12  -74.17530 -113.34460  26.718706      99.87 1.9515e+03    222.237       5335  1027.8857  1027.8842    33.8660    33.8641    8.40067         29 0.0000e+00
    133.000    131.582    -1.4982  27.001849    -1.4974  27.001433     5.6000     5.7104    -0.0019    95.5071 1.0000e-12  -74.17530 -113.34460  26.718721      95.97 1.9527e+03    223.454       5364  1027.8927  1027.8915    33.8685    33.8670    8.40108         29 0.0000e+00
    134.000    132.569    -1.4993  27.002183    -1.4978  27.001868     5.6030     5.7062    -0.0132    95.4784 1.0000e-12  -74.17530 -113.34460  26.718735      99.61 1.9533e+03    224.678       5393  1027.8984  1027.8967    33.8695    33.8675    8.40126         30 0.0000e+00
    135.000    133.559    -1.5004  27.002396    -1.4992  27.002000     5.6051     5.7167    -0.0028    95.5306 1.0000e-12  -74.17530 -113.34460  26.718749      99.87 1.9533e+03    225.892       5422  1027.9040  1027.9025    33.8705    33.8686    8.40146         28 0.0000e+00
    136.000    134.548    -1.5007  27.002752    -1.4997  27.002396     5.6067     5.7209     0.0054    95.5434 1.0000e-12  -74.17530 -113.34460  26.718763      99.87 1.9533e+03    227.100       5451  1027.9090  1027.9077    33.8706    33.8691    8.40151         30 0.0000e+00
    137.000    135.537    -1.5008  27.003170    -1.5001  27.002747     5.6045     5.7257    -0.0076    95.5392 1.0000e-12  -74.17530 -113.34460  26.718777      99.87 1.9533e+03    228.321       5481  1027.9139  1027.9127    33.8708    33.8693    8.40154         29 0.0000e+00
    138.000    136.526    -1.5014  27.003513    -1.5006  27.003150     5.6196     5.7418     0.0286    95.5365 1.0000e-12  -74.17530 -113.34460  26.718791      99.87 1.9533e+03    229.538       5510  1027.9191  1027.9179    33.8713    33.8698    8.40163         29 0.0000e+00
    139.000    137.516    -1.5046  27.003323    -1.5037  27.002971     5.6313     5.7519     0.0459    95.5079 1.0000e-12  -74.17530 -113.34460  26.718805      99.87 1.9533e+03    230.726       5538  1027.9263  1027.9251    33.8740    33.8725    8.40219         28 0.0000e+00
    140.000    138.503    -1.5053  27.003890    -1.5043  27.003416     5.6354     5.7576     0.0039    95.5382 1.0000e-12  -74.17530 -113.34460  26.718818      99.87 1.9533e+03    231.917       5567  1027.9320  1027.9305    33.8750    33.8732    8.40230         29 0.0000e+00
    141.000    139.494    -1.5053  27.004312    -1.5043  27.003905     5.6330     5.7489    -0.0076    95.5523 1.0000e-12  -74.17530 -113.34460  26.718832      99.87 1.9533e+03    233.117       5596  1027.9367  1027.9353    33.8750    33.8732    8.40230         29 0.0000e+00
    142.000    140.482    -1.5050  27.004904    -1.5037  27.004735     5.6398     5.7583     0.0076    95.5501 1.0000e-12  -74.17530 -113.34460  26.718846      99.87 1.9533e+03    234.308       5624  1027.9413  1027.9399    33.8748    33.8731    8.40224         28 0.0000e+00
    143.000    141.472    -1.5044  27.005912    -1.5032  27.005702     5.6551     5.7714    -0.0078    95.5345 1.0000e-12  -74.17530 -113.34460  26.718860      99.87 1.9533e+03    235.511       5653  1027.9462  1027.9448    33.8749    33.8732    8.40210         29 0.0000e+00
    144.000    142.460    -1.5064  27.005593    -1.5054  27.005255     5.6849     5.7969    -0.0077    95.5464 1.0000e-12  -74.17530 -113.34460  26.718874      99.65 1.9533e+03    236.728       5682  1027.9520  1027.9507    33.8761    33.8744    8.40248         29 0.0000e+00
    145.000    143.449    -1.5066  27.006300    -1.5056  27.005832     5.7178     5.8267    -0.0021    95.5329 1.0000e-12  -74.17530 -113.34460  26.718888      99.65 1.9532e+03    237.919       5711  1027.9573  1027.9558    33.8766    33.8748    8.40249         27 0.0000e+00
    146.000    144.439    -1.5081  27.006731    -1.5071  27.006189     5.7354     5.8460     0.0178    95.5390 1.0000e-12  -74.17530 -113.34460  26.718902      99.86 1.9533e+03    239.111       5740  1027.9635  1027.9620    33.8783    33.8765    8.40273         29 0.0000e+00
    147.000    145.425    -1.5038  27.011838    -1.5029  27.011213     5.7481     5.8626     0.0278    95.5532 1.0000e-12  -74.17530 -113.34460  26.718916      99.87 1.9530e+03    240.320       5769  1027.9693  1027.9677    33.8799    33.8779    8.40166         29 0.0000e+00
    148.000    146.417    -1.5044  27.013294    -1.5031  27.013241     5.7483     5.8635     0.0855    95.5474 1.0000e-12  -74.17530 -113.34460  26.718930      99.87 1.9516e+03    241.512       5797  1027.9759  1027.9745    33.8819    33.8803    8.40167         28 0.0000e+00
    149.000    147.405    -1.5005  27.020439    -1.4996  27.019695     5.7494     5.8680     0.1392    95.4848 1.0000e-12  -74.17530 -113.34459  26.718943      99.87 1.9509e+03    242.694       5826  1027.9842  1027.9826    33.8867    33.8847    8.40050         29 0.0000e+00
    150.000    148.393    -1.4989  27.022833    -1.4976  27.022660     5.7583     5.8764     0.1562    95.3613 1.0000e-12  -74.17530 -113.34459  26.718957      99.87 1.9493e+03    243.893       5854  1027.9897  1027.9883    33.8876    33.8859    8.40010         29 0.0000e+00
    151.000    149.381    -1.4993  27.023652    -1.4981  27.023353     5.7563     5.8703     0.0837    95.3570 1.0000e-12  -74.17530 -113.34460  26.718971      99.87 1.9480e+03    245.085       5883  1027.9953  1027.9939    33.8885    33.8868    8.40012         28 0.0000e+00
    152.000    150.373    -1.4987  27.025254    -1.4968  27.025559     5.7544     5.8702     0.0716    95.3753 1.0000e-12  -74.17530 -113.34460  26.718985      99.87 1.9476e+03    246.267       5911  1028.0008  1027.9994    33.8895    33.8878    8.39994         28 0.0000e+00
    153.000    151.360    -1.4984  27.026085    -1.4959  27.026870     5.7426     5.8594     0.0965    95.4168 1.0000e-12  -74.17530 -113.34460  26.718998      99.86 1.9461e+03    247.466       5940  1028.0058  1028.0043    33.8896    33.8879    8.39986         29 0.0000e+00
    154.000    152.350    -1.4979  27.026894    -1.4946  27.028429     5.7203     5.8521     0.0846    95.4334 1.0000e-12  -74.17530 -113.34460  26.719012      78.50 1.9461e+03    248.652       5969  1028.0105  1028.0091    33.8895    33.8880    8.39975         28 0.0000e+00
    155.000    153.338    -1.4888  27.035529    -1.4862  27.036324     5.7133     5.8390     0.0466    95.4325 1.0000e-12  -74.17530 -113.34460  26.719026      88.37 1.9461e+03    249.834       5997  1028.0156  1028.0139    33.8906    33.8886    8.39765         29 0.0000e+00
    156.000    154.328    -1.4840  27.040573    -1.4818  27.041328     5.7092     5.8370     0.0678    95.4137 1.0000e-12  -74.17530 -113.34460  26.719040      58.84 1.9460e+03    251.054       6026  1028.0209  1028.0196    33.8914    33.8899    8.39650         29 0.0000e+00
    157.000    155.316    -1.4794  27.046635    -1.4814  27.042942     5.7103     5.8293     0.0450    95.3580 1.0000e-12  -74.17530 -113.34460  26.719054     100.52 1.9445e+03    252.269       6055  1028.0275  1028.0253    33.8939    33.8910    8.39531         29 0.0000e+00
    158.000    156.305    -1.4756  27.051702    -1.4749  27.050737     5.6994     5.8249     0.0560    95.3523 1.0000e-12  -74.17530 -113.34460  26.719068      99.87 1.9445e+03    253.451       6084  1028.0338  1028.0320    33.8960    33.8938    8.39434         28 0.0000e+00
    159.000    157.293    -1.4708  27.059366    -1.4697  27.058775     5.7166     5.8377     0.0564    95.4087 1.0000e-12  -74.17530 -113.34460  26.719081      99.87 1.9436e+03    254.627       6112  1028.0420  1028.0402    33.9005    33.8984    8.39299         29 0.0000e+00
    160.000    158.284    -1.4699  27.063677    -1.4690  27.063217     5.7571     5.8695     0.0566    95.4221 1.0000e-12  -74.17530 -113.34460  26.719095      99.87 1.9427e+03    255.798       6140  1028.0503  1028.0490    33.9047    33.9032    8.39252         28 0.0000e+00
    161.000    159.270    -1.4741  27.067270    -1.4732  27.066787     5.7853     5.8976     0.0393    95.4113 1.0000e-12  -74.17530 -113.34460  26.719108      99.87 1.9425e+03    256.967       6168  1028.0628  1028.0614    33.9139    33.9122    8.39293         28 0.0000e+00
    162.000    160.262    -1.4756  27.072010    -1.4744  27.071616     5.8189     5.9212     0.0138    95.4639 1.0000e-12  -74.17530 -113.34460  26.719122      99.87 1.9409e+03    258.152       6197  1028.0739  1028.0723    33.9215    33.9195    8.39281         29 0.0000e+00
    163.000    161.249    -1.4765  27.072913    -1.4755  27.072600     5.9017     5.9932     0.0132    95.4168 1.0000e-12  -74.17530 -113.34460  26.719136      99.87 1.9398e+03    259.352       6225  1028.0802  1028.0789    33.9231    33.9216    8.39292         28 0.0000e+00
    164.000    162.238    -1.4910  27.065857    -1.4900  27.065902     6.0058     6.0989     0.0287    95.4519 1.0000e-12  -74.17530 -113.34460  26.719150      99.86 1.9391e+03    260.527       6254  1028.0908  1028.0900    33.9292    33.9282    8.39582         28 0.0000e+00
    165.000    163.228    -1.5243  27.048001    -1.5247  27.047186     6.0815     6.1791     0.0297    95.4849 1.0000e-12  -74.17530 -113.34460  26.719163      99.87 1.9377e+03    261.691       6282  1028.1079  1028.1074    33.9419    33.9412    8.40259         28 0.0000e+00
    166.000    164.216    -1.5535  27.027659    -1.5526  27.027736     6.1338     6.2270     0.0155    95.5227 1.0000e-12  -74.17530 -113.34460  26.719177      97.46 1.9374e+03    262.861       6310  1028.1179  1028.1171    33.9464    33.9454    8.40892         28 0.0000e+00
    167.000    165.205    -1.5614  27.022773    -1.5601  27.022878     6.1702     6.2701     0.0383    95.5492 1.0000e-12  -74.17530 -113.34460  26.719190      98.75 1.9374e+03    264.022       6338  1028.1243  1028.1231    33.9479    33.9467    8.41061         28 0.0000e+00
    168.000    166.194    -1.5730  27.015213    -1.5719  27.015237     6.1880     6.2931     0.0435    95.5787 1.0000e-12  -74.17530 -113.34460  26.719204      99.86 1.9374e+03    265.196       6366  1028.1312  1028.1302    33.9501    33.9489    8.41312         29 0.0000e+00
    169.000    167.182    -1.5774  27.014087    -1.5755  27.014282     6.1755     6.3009     0.0566    95.5685 1.0000e-12  -74.17530 -113.34460  26.719217      99.86 1.9387e+03    266.390       6394  1028.1384  1028.1368    33.9530    33.9511    8.41395         28 0.0000e+00
    170.000    168.172    -1.5670  27.026038    -1.5660  27.025568     6.1540     6.2750     0.0506    95.5722 1.0000e-12  -74.17530 -113.34460  26.719231      99.87 1.9394e+03    267.574       6423  1028.1456  1028.1441    33.9570    33.9552    8.41135         28 0.0000e+00
    171.000    169.160    -1.5524  27.041171    -1.5508  27.041384     6.1207     6.2475     0.0609    95.5397 1.0000e-12  -74.17530 -113.34460  26.719245      99.87 1.9410e+03    268.738       6451  1028.1523  1028.1510    33.9607    33.9592    8.40783         28 0.0000e+00
    172.000    170.148    -1.5412  27.052118    -1.5322  27.058412     6.0835     6.2180     0.0555    95.5902 1.0000e-12  -74.17530 -113.34460  26.719258      99.87 1.9432e+03    269.909       6479  1028.1577  1028.1560    33.9624    33.9609    8.40518         28 0.0000e+00
    173.000    171.138    -1.5288  27.063784    -1.5230  27.067334     6.0579     6.1942     0.0786    95.5998 1.0000e-12  -74.17530 -113.34460  26.719272      99.86 1.9452e+03    271.072       6507  1028.1629  1028.1612    33.9638    33.9622    8.40230         28 0.0000e+00
    174.000    172.127    -1.5201  27.072027    -1.5170  27.073297     6.0357     6.1815     0.0541    95.6202 1.0000e-12  -74.17530 -113.34460  26.719285      99.87 1.9474e+03    272.241       6535  1028.1679  1028.1663    33.9646    33.9629    8.40028         28 0.0000e+00
    175.000    173.116    -1.5085  27.082813    -1.5084  27.081686     6.0045     6.1399     0.0360    95.6289 1.0000e-12  -74.17530 -113.34460  26.719299      99.86 1.9493e+03    273.435       6563  1028.1729  1028.1716    33.9658    33.9640    8.39760         29 0.0000e+00
    176.000    174.105    -1.4972  27.093706    -1.4942  27.094671     5.9859     6.1298     0.0220    95.6306 1.0000e-12  -74.17530 -113.34460  26.719313      76.14 1.9513e+03    274.601       6591  1028.1783  1028.1765    33.9672    33.9651    8.39495         27 0.0000e+00
    177.000    175.093    -1.4800  27.109443    -1.4774  27.110092     5.9645     6.1136     0.0143    95.5238 1.0000e-12  -74.17530 -113.34460  26.719326      92.49 1.9533e+03    275.734       6619  1028.1834  1028.1816    33.9688    33.9667    8.39099         28 0.0000e+00
    178.000    176.082    -1.4803  27.109956    -1.4807  27.108121     5.9187     6.0776     0.0387    95.5927 1.0000e-12  -74.17530 -113.34460  26.719339      99.80 1.9543e+03    276.886       6646  1028.1888  1028.1872    33.9692    33.9672    8.39103         28 0.0000e+00
    179.000    177.070    -1.4419  27.145886    -1.4449  27.141018     5.8855     6.0445     0.0370    95.6061 1.0000e-12  -74.17530 -113.34460  26.719353      99.86 1.9554e+03    278.057       6674  1028.1956  1028.1932    33.9745    33.9712    8.38207         28 0.0000e+00
    180.000    178.060    -1.4273  27.160388    -1.4255  27.159846     5.8579     5.9980     0.0083    95.5548 1.0000e-12  -74.17530 -113.34460  26.719366      99.87 1.9569e+03    279.227       6702  1028.2019  1028.1996    33.9772    33.9744    8.37861         28 0.0000e+00
    181.000    179.048    -1.4047  27.181442    -1.4005  27.183410     5.8327     5.9786     0.0290    95.6239 1.0000e-12  -74.17530 -113.34460  26.719380      99.87 1.9585e+03    280.400       6731  1028.2078  1028.2058    33.9798    33.9778    8.37336         28 0.0000e+00
    182.000    180.037    -1.3864  27.198559    -1.3837  27.199062     5.8074     5.9508     0.0258    95.6310 1.0000e-12  -74.17530 -113.34460  26.719393      99.87 1.9586e+03    281.557       6758  1028.2135  1028.2114    33.9821    33.9796    8.36914         28 0.0000e+00
