ocean_section_plots/required_files/ctd/dnbp2202_ctd036.cnv
* Sea-Bird SBE 9 Data File:
* FileName = D:\Data\raw\NBP2202_CTD036.hex
* Software Version Seasave V 7.26.7.121
* Temperature SN = 1649
* Conductivity SN = 2513
* Number of Bytes Per Scan = 40
* Number of Voltage Words = 5
* Number of Scans Averaged by the Deck Unit = 1
* NMEA Latitude = 74 08.81 S
* NMEA Longitude = 113 26.40 W
* NMEA UTC (Time) = Jan 22 2022  14:44:46
* NMEA baud rate = 9600
** Ship: RVIB N.B. Palmer
** Cruise: NBP2202 Thwaites
** Station: Tow-Yo #2
** Operator: B Bjork
# nquan = 25
# nvalues = 310                         
# units = specified
# name 0 = prDM: Pressure, Digiquartz [db]
# name 1 = depSM: Depth [salt water, m]
# name 2 = t090C: Temperature [ITS-90, deg C]
# name 3 = c0mS/cm: Conductivity [mS/cm]
# name 4 = t190C: Temperature, 2 [ITS-90, deg C]
# name 5 = c1mS/cm: Conductivity, 2 [mS/cm]
# name 6 = sbeox0ML/L: Oxygen, SBE 43 [ml/l]
# name 7 = sbeox1ML/L: Oxygen, SBE 43, 2 [ml/l]
# name 8 = flECO-AFL: Fluorescence, WET Labs ECO-AFL/FL [mg/m^3]
# name 9 = CStarTr0: Beam Transmission, WET Labs C-Star [%]
# name 10 = par: PAR/Irradiance, Biospherical/Licor
# name 11 = latitude: Latitude [deg]
# name 12 = longitude: Longitude [deg]
# name 13 = timeJ: Julian Days
# name 14 = altM: Altimeter [m]
# name 15 = spar: SPAR, Biospherical/Licor
# name 16 = timeS: Time, Elapsed [seconds]
# name 17 = scan: Scan Count
# name 18 = density00: Density [density, kg/m^3]
# name 19 = density11: Density, 2 [density, kg/m^3]
# name 20 = sal00: Salinity, Practical [PSU]
# name 21 = sal11: Salinity, Practical, 2 [PSU]
# name 22 = oxsolML/L: Oxygen Saturation, Garcia & Gordon [ml/l]
# name 23 = nbin: number of scans per bin
# name 24 = flag: flag
# span 0 =     10.000,    319.000       
# span 1 =      9.897,    315.451       
# span 2 =    -1.4288,    -0.4181       
# span 3 =  27.041888,  28.224249       
# span 4 =    -1.4271,    -0.4166       
# span 5 =  27.042201,  28.223436       
# span 6 =     4.9028,     8.7260       
# span 7 =     5.1882,     9.2330       
# span 8 =    -0.0171,    20.9053       
# span 9 =    71.2381,    97.1210       
# span 10 = 1.0000e-12, 2.2207e+01      
# span 11 =  -74.14700,  -74.14698      
# span 12 = -113.43933, -113.42617      
# span 13 =  22.614837,  22.621745      
# span 14 =      11.15,     100.01      
# span 15 = 9.4138e+02, 9.8815e+02      
# span 16 =     35.930,    632.766      
# span 17 =        863,      15187      
# span 18 =  1027.2100,  1028.9980      
# span 19 =  1027.2083,  1028.9958      
# span 20 =    33.7771,    34.1963      
# span 21 =    33.7750,    34.1935      
# span 22 =    8.14418,    8.38522      
# span 23 =         20,         48      
# span 24 = 0.0000e+00, 0.0000e+00      
# interval = decibars: 1                
# start_time = Jan 22 2022 14:44:46 [NMEA time, header]
# bad_flag = -9.990e-29
*END*
[from data line 116]
    126.000    124.659    -1.3054  27.178079    -1.3042  27.177704     5.5923     5.9308     1.1502    95.0154 1.0000e-12  -74.14698 -113.43471  22.617231      99.82 9.7335e+02    242.754       5827  1027.8754  1027.8738    33.8969    33.8949    8.35604         31 0.0000e+00
    127.000    125.646    -1.3028  27.182469    -1.3012  27.182073     5.5604     5.8944     1.0954    94.3663 1.0000e-12  -74.14698 -113.43469  22.617245      99.82 9.6598e+02    243.992       5857  1027.8819  1027.8800    33.8993    33.8970    8.35530         28 0.0000e+00
    128.000    126.637    -1.2945  27.191978    -1.2902  27.193834     5.5220     5.8580     0.8959    95.4462 1.0000e-12  -74.14698 -113.43465  22.617259      99.82 9.6824e+02    245.165       5885  1027.8887  1027.8866    33.9023    33.9000    8.35326         29 0.0000e+00
    129.000    127.625    -1.2720  27.215304    -1.2678  27.217200     5.5031     5.8315     0.9363    95.3424 1.0000e-12  -74.14698 -113.43462  22.617273      99.82 9.7324e+02    246.406       5915  1027.8969  1027.8949    33.9082    33.9061    8.34787         31 0.0000e+00
    130.000    128.614    -1.2642  27.223529    -1.2622  27.223568     5.4867     5.8211     0.7352    95.5479 1.0000e-12  -74.14698 -113.43459  22.617288      99.82 9.6647e+02    247.695       5946  1027.9028  1027.9010    33.9100    33.9079    8.34602         31 0.0000e+00
    131.000    129.603    -1.2621  27.226542    -1.2602  27.226334     5.4785     5.8129     0.7007    95.6099 1.0000e-12  -74.14698 -113.43457  22.617302      99.82 9.6982e+02    248.935       5975  1027.9085  1027.9065    33.9112    33.9087    8.34549         29 0.0000e+00
    132.000    130.593    -1.2595  27.229845    -1.2587  27.228586     5.4764     5.8099     0.7312    95.7035 1.0000e-12  -74.14698 -113.43454  22.617317      99.82 9.7465e+02    250.157       6005  1027.9141  1027.9120    33.9122    33.9095    8.34486         29 0.0000e+00
    133.000    131.581    -1.2575  27.232512    -1.2575  27.230329     5.4703     5.8045     1.0746    95.5452 1.0000e-12  -74.14698 -113.43451  22.617331      99.82 9.6733e+02    251.389       6034  1027.9195  1027.9172    33.9130    33.9099    8.34437         30 0.0000e+00
    134.000    132.571    -1.2596  27.230472    -1.2586  27.229614     5.4541     5.7870     0.9064    95.9646 1.0000e-12  -74.14698 -113.43448  22.617345      99.82 9.7031e+02    252.630       6064  1027.9237  1027.9218    33.9119    33.9095    8.34489         30 0.0000e+00
    135.000    133.558    -1.2530  27.238494    -1.2514  27.237993     5.4524     5.7844     0.6353    96.1239 1.0000e-12  -74.14698 -113.43447  22.617360      98.70 9.7485e+02    253.905       6095  1027.9305  1027.9285    33.9148    33.9123    8.34325         30 0.0000e+00
    136.000    134.548    -1.2466  27.247127    -1.2435  27.248362     5.4606     5.7801     0.4442    95.7633 1.0000e-12  -74.14698 -113.43443  22.617374      98.71 9.6895e+02    255.154       6125  1027.9382  1027.9366    33.9188    33.9170    8.34158         30 0.0000e+00
    137.000    135.538    -1.2426  27.252255    -1.2425  27.250025     5.4669     5.7912     0.3603    95.9459 1.0000e-12  -74.14698 -113.43440  22.617389      99.81 9.7033e+02    256.378       6154  1027.9444  1027.9419    33.9206    33.9175    8.34058         30 0.0000e+00
    138.000    136.526    -1.2373  27.260311    -1.2344  27.261292     5.4744     5.7891     0.4024    96.2110 1.0000e-12  -74.14698 -113.43437  22.617403      99.82 9.7386e+02    257.650       6185  1027.9526  1027.9509    33.9251    33.9232    8.33915         31 0.0000e+00
    139.000    137.516    -1.2330  27.265911    -1.2316  27.265409     5.4668     5.7910     0.4875    96.4181 1.0000e-12  -74.14698 -113.43435  22.617418      99.82 9.6779e+02    258.911       6215  1027.9589  1027.9571    33.9272    33.9250    8.33805         29 0.0000e+00
    140.000    138.504    -1.2306  27.269106    -1.2284  27.269297     5.4587     5.7837     0.3474    96.2973 1.0000e-12  -74.14698 -113.43432  22.617432      99.82 9.6969e+02    260.117       6244  1027.9645  1027.9626    33.9283    33.9260    8.33745         29 0.0000e+00
    141.000    139.494    -1.2252  27.275236    -1.2239  27.274479     5.4531     5.7823     0.3667    96.3843 1.0000e-12  -74.14698 -113.43430  22.617446      99.82 9.7440e+02    261.320       6273  1027.9705  1027.9684    33.9300    33.9275    8.33615         29 0.0000e+00
    142.000    140.482    -1.2259  27.274968    -1.2243  27.274464     5.4502     5.7820     0.4042    96.4269 1.0000e-12  -74.14698 -113.43427  22.617460      99.82 9.6801e+02    262.571       6303  1027.9752  1027.9732    33.9297    33.9272    8.33631         30 0.0000e+00
    143.000    141.471    -1.2244  27.277016    -1.2229  27.276494     5.4311     5.7582     0.4270    96.1883 1.0000e-12  -74.14698 -113.43425  22.617475      99.83 9.7236e+02    263.805       6332  1027.9804  1027.9784    33.9303    33.9279    8.33595         29 0.0000e+00
    144.000    142.460    -1.2154  27.287416    -1.2120  27.288000     5.4049     5.7346     0.3938    96.3966 1.0000e-12  -74.14698 -113.43423  22.617488      99.82 9.7408e+02    264.955       6360  1027.9875  1027.9848    33.9337    33.9306    8.33375         28 0.0000e+00
    145.000    143.449    -1.1935  27.309598    -1.1912  27.309623     5.3928     5.7157     0.3550    95.9183 1.0000e-12  -74.14698 -113.43420  22.617502      90.44 9.6972e+02    266.131       6388  1027.9950  1027.9928    33.9387    33.9360    8.32858         29 0.0000e+00
    146.000    144.439    -1.1843  27.319629    -1.1839  27.317998     5.3795     5.7080     0.2741    96.4022 1.0000e-12  -74.14698 -113.43418  22.617516      96.80 9.7443e+02    267.388       6418  1028.0015  1027.9994    33.9413    33.9387    8.32636         30 0.0000e+00
    147.000    145.426    -1.1827  27.321715    -1.1811  27.321356     5.3864     5.7128     0.3640    96.6006 1.0000e-12  -74.14698 -113.43415  22.617531      99.83 9.8036e+02    268.650       6449  1028.0068  1028.0049    33.9418    33.9394    8.32599         30 0.0000e+00
    148.000    146.416    -1.1805  27.324356    -1.1797  27.323410     5.3903     5.7158     0.2979    96.4882 1.0000e-12  -74.14698 -113.43412  22.617544      99.82 9.7169e+02    269.841       6477  1028.0120  1028.0102    33.9423    33.9400    8.32547         27 0.0000e+00
    149.000    147.404    -1.1861  27.319437    -1.1846  27.318924     5.4014     5.7255     0.2870    96.3284 1.0000e-12  -74.14698 -113.43410  22.617558      99.82 9.7211e+02    271.024       6506  1028.0165  1028.0145    33.9413    33.9388    8.32678         30 0.0000e+00
    150.000    148.395    -1.1842  27.322569    -1.1816  27.323476     5.3995     5.7207     0.4390    96.4215 1.0000e-12  -74.14698 -113.43406  22.617572      99.83 9.7782e+02    272.259       6535  1028.0225  1028.0210    33.9428    33.9411    8.32626         30 0.0000e+00
    151.000    149.381    -1.1819  27.326620    -1.1799  27.326920     5.4050     5.7302     0.2295    96.6443 1.0000e-12  -74.14698 -113.43403  22.617587      99.82 9.7134e+02    273.533       6566  1028.0292  1028.0275    33.9451    33.9432    8.32562         30 0.0000e+00
    152.000    150.372    -1.1759  27.335833    -1.1742  27.335557     5.4070     5.7277     0.3294    96.6580 1.0000e-12  -74.14698 -113.43401  22.617601      99.83 9.7361e+02    274.759       6595  1028.0378  1028.0359    33.9503    33.9480    8.32397         29 0.0000e+00
    153.000    151.361    -1.1772  27.334796    -1.1755  27.334446     5.4016     5.7225     0.3372    96.7323 1.0000e-12  -74.14698 -113.43399  22.617615      99.82 9.7777e+02    275.966       6624  1028.0423  1028.0404    33.9497    33.9473    8.32430         30 0.0000e+00
    154.000    152.350    -1.1680  27.346759    -1.1657  27.346542     5.3965     5.7147     0.3689    96.7639 1.0000e-12  -74.14698 -113.43396  22.617630      99.83 9.7056e+02    277.229       6655  1028.0509  1028.0485    33.9550    33.9522    8.32193         31 0.0000e+00
    155.000    153.338    -1.1588  27.357583    -1.1571  27.357034     5.3940     5.7145     0.2851    96.6029 1.0000e-12  -74.14698 -113.43392  22.617645      99.82 9.7377e+02    278.505       6685  1028.0582  1028.0561    33.9588    33.9562    8.31966         30 0.0000e+00
    156.000    154.329    -1.1514  27.366743    -1.1492  27.366670     5.3924     5.7071     0.2232    96.5614 1.0000e-12  -74.14698 -113.43390  22.617659      89.44 9.7187e+02    279.772       6716  1028.0656  1028.0634    33.9624    33.9598    8.31782         30 0.0000e+00
    157.000    155.316    -1.1500  27.368780    -1.1483  27.368436     5.3921     5.7155     0.2187    96.7427 1.0000e-12  -74.14698 -113.43388  22.617674      99.83 9.6999e+02    281.022       6746  1028.0709  1028.0689    33.9630    33.9605    8.31747         30 0.0000e+00
    158.000    156.305    -1.1475  27.372218    -1.1466  27.371103     5.3937     5.7149     0.1609    96.7775 1.0000e-12  -74.14698 -113.43384  22.617688      99.82 9.7394e+02    282.284       6776  1028.0767  1028.0745    33.9642    33.9616    8.31684         31 0.0000e+00
    159.000    157.294    -1.1473  27.372801    -1.1463  27.371712     5.3912     5.7166     0.1983    96.9480 1.0000e-12  -74.14698 -113.43381  22.617703      99.82 9.7183e+02    283.559       6806  1028.0815  1028.0793    33.9641    33.9615    8.31679         30 0.0000e+00
    160.000    158.282    -1.1467  27.373966    -1.1453  27.373268     5.3922     5.7149     0.2408    96.9048 1.0000e-12  -74.14698 -113.43377  22.617718      99.82 9.7117e+02    284.811       6836  1028.0865  1028.0844    33.9644    33.9619    8.31664         30 0.0000e+00
    161.000    159.272    -1.1465  27.374539    -1.1453  27.373667     5.3922     5.7101     0.1950    96.7079 1.0000e-12  -74.14698 -113.43375  22.617732      99.82 9.7429e+02    286.043       6866  1028.0914  1028.0892    33.9644    33.9618    8.31661         30 0.0000e+00
    162.000    160.260    -1.1467  27.374770    -1.1452  27.374144     5.3932     5.7156     0.1796    96.7061 1.0000e-12  -74.14698 -113.43372  22.617747      99.83 9.7228e+02    287.299       6896  1028.0961  1028.0941    33.9642    33.9618    8.31665         28 0.0000e+00
    163.000    161.249    -1.1473  27.374377    -1.1462  27.373532     5.3929     5.7159     0.2329    96.8415 1.0000e-12  -74.14698 -113.43369  22.617761      99.82 9.7148e+02    288.532       6926  1028.1007  1028.0987    33.9638    33.9614    8.31682         29 0.0000e+00
    164.000    162.240    -1.1482  27.373952    -1.1467  27.373354     5.3928     5.7152     0.1437    96.8891 1.0000e-12  -74.14698 -113.43366  22.617775      99.83 9.7234e+02    289.757       6955  1028.1054  1028.1034    33.9636    33.9611    8.31703         28 0.0000e+00
    165.000    163.227    -1.1480  27.374490    -1.1466  27.373930     5.3930     5.7062     0.2028    96.8572 1.0000e-12  -74.14698 -113.43364  22.617790      99.82 9.7148e+02    291.067       6987  1028.1102  1028.1083    33.9636    33.9612    8.31699         30 0.0000e+00
    166.000    164.219    -1.1476  27.375583    -1.1458  27.375237     5.3888     5.7081     0.1719    96.7882 1.0000e-12  -74.14698 -113.43361  22.617805      99.82 9.7135e+02    292.354       7017  1028.1153  1028.1132    33.9640    33.9615    8.31688         29 0.0000e+00
    167.000    165.204    -1.1458  27.378114    -1.1437  27.377984     5.3884     5.7076     0.1175    96.8810 1.0000e-12  -74.14699 -113.43357  22.617819      96.57 9.7425e+02    293.523       7046  1028.1207  1028.1185    33.9648    33.9622    8.31643         28 0.0000e+00
    168.000    166.194    -1.1437  27.380539    -1.1423  27.379852     5.3807     5.7049     0.1481    96.8101 1.0000e-12  -74.14699 -113.43356  22.617833      99.79 9.7082e+02    294.736       7075  1028.1256  1028.1235    33.9651    33.9626    8.31594         31 0.0000e+00
    169.000    167.183    -1.1424  27.382451    -1.1409  27.381859     5.3793     5.7077     0.1250    96.9129 1.0000e-12  -74.14699 -113.43353  22.617848      99.82 9.7091e+02    296.052       7106  1028.1307  1028.1286    33.9656    33.9631    8.31562         32 0.0000e+00
    170.000    168.171    -1.1389  27.386828    -1.1364  27.386981     5.3582     5.6777     0.1791    96.8572 1.0000e-12  -74.14700 -113.43350  22.617863      99.83 9.7501e+02    297.342       7137  1028.1365  1028.1342    33.9670    33.9644    8.31477         30 0.0000e+00
    171.000    169.161    -1.1223  27.405715    -1.1083  27.417552     5.3302     5.6571     0.1972    96.8568 1.0000e-12  -74.14699 -113.43347  22.617877      99.82 9.7182e+02    298.567       7167  1028.1454  1028.1447    33.9734    33.9738    8.31070         29 0.0000e+00
    172.000    170.149    -1.0868  27.443213    -1.0855  27.441769     5.3150     5.6420     0.1555    96.7779 1.0000e-12  -74.14699 -113.43345  22.617891      99.83 9.7129e+02    299.790       7196  1028.1563  1028.1535    33.9838    33.9804    8.30222         29 0.0000e+00
    173.000    171.139    -1.0829  27.447648    -1.0818  27.446186     5.3178     5.6434     0.1853    96.8736 1.0000e-12  -74.14699 -113.43343  22.617906      99.82 9.7416e+02    301.051       7226  1028.1619  1028.1593    33.9848    33.9816    8.30129         29 0.0000e+00
    174.000    172.127    -1.0757  27.455703    -1.0740  27.455074     5.3102     5.6362     0.1440    96.7279 1.0000e-12  -74.14698 -113.43340  22.617921      99.83 9.7180e+02    302.333       7257  1028.1682  1028.1659    33.9871    33.9842    8.29958         31 0.0000e+00
    175.000    173.114    -1.0714  27.460956    -1.0693  27.460459     5.2859     5.6106     0.1366    96.7237 1.0000e-12  -74.14699 -113.43337  22.617935      99.82 9.7135e+02    303.595       7287  1028.1743  1028.1718    33.9888    33.9857    8.29852         30 0.0000e+00
    176.000    174.105    -1.0360  27.500037    -1.0336  27.499162     5.2782     5.6013     0.1008    96.6999 1.0000e-12  -74.14698 -113.43333  22.617950      99.83 9.7298e+02    304.841       7317  1028.1871  1028.1839    34.0014    33.9975    8.28995         30 0.0000e+00
    177.000    175.094    -1.0319  27.504020    -1.0303  27.503217     5.2842     5.5970     0.0657    96.9539 1.0000e-12  -74.14698 -113.43330  22.617964      99.29 9.7194e+02    306.097       7347  1028.1921  1028.1897    34.0016    33.9987    8.28904         30 0.0000e+00
    178.000    176.081    -1.0314  27.504870    -1.0297  27.504356     5.2831     5.6005     0.0895    96.9336 1.0000e-12  -74.14698 -113.43328  22.617980      97.29 9.7135e+02    307.441       7380  1028.1971  1028.1949    34.0016    33.9989    8.28893         34 0.0000e+00
    179.000    177.072    -1.0297  27.506739    -1.0280  27.506439     5.2848     5.5983     0.0243    97.0151 1.0000e-12  -74.14698 -113.43325  22.617997      99.83 9.7279e+02    308.957       7416  1028.2021  1028.2001    34.0015    33.9992    8.28855         39 0.0000e+00
    180.000    178.060    -1.0294  27.507384    -1.0282  27.506514     5.2878     5.5985     0.0718    97.0367 1.0000e-12  -74.14698 -113.43321  22.618017      99.83 9.7181e+02    310.656       7457  1028.2070  1028.2050    34.0015    33.9989    8.28849         39 0.0000e+00
    181.000    179.048    -1.0284  27.508788    -1.0268  27.508302     5.2829     5.6019     0.0831    97.0310 1.0000e-12  -74.14698 -113.43316  22.618038      99.82 9.7121e+02    312.494       7501  1028.2121  1028.2100    34.0017    33.9991    8.28826         40 0.0000e+00
    182.000    180.040    -1.0265  27.511187    -1.0249  27.510734     5.2786     5.5919     0.0716    97.0166 1.0000e-12  -74.14698 -113.43313  22.618060      99.38 9.7217e+02    314.382       7546  1028.2173  1028.2153    34.0021    33.9997    8.28781         31 0.0000e+00
