ocean_section_plots/required_files/ctd/dnbp2202_ctd276.cnv
* Sea-Bird SBE 9 Data File:
* FileName = D:\Data\raw\NBP2202_CTD276.hex
* Software Version Seasave V 7.26.7.121
* Temperature SN = 1649
* Conductivity SN = 2513
* Number of Bytes Per Scan = 40
* Number of Voltage Words = 5
* Number of Scans Averaged by the Deck Unit = 1
* NMEA Latitude = 74 01.68 S
* NMEA Longitude = 116 11.17 W
* NMEA UTC (Time) = Feb 21 2022  05:08:02
* NMEA baud rate = 9600
** Ship: RVIB N.B. Palmer
** Cruise: NBP2202 Thwaites
** Station: 178
** Operator: B. Bjork
# nquan = 28
# nvalues = 807                         
# units = specified
# name 0 = prDM: Pressure, Digiquartz [db]
# name 1 = depSM: Depth [salt water, m]
# name 2 = t090C: Temperature [ITS-90, deg C]
# name 3 = c0mS/cm: Conductivity [mS/cm]
# name 4 = t190C: Temperature, 2 [ITS-90, deg C]
# name 5 = c1mS/cm: Conductivity, 2 [mS/cm]
# name 6 = sbeox0ML/L: Oxygen, SBE 43 [ml/l]
# name 7 = sbeox1ML/L: Oxygen, SBE 43, 2 [ml/l]
# name 8 = flECO-AFL: Fluorescence, WET Labs ECO-AFL/FL [mg/m^3]
# name 9 = CStarTr0: Beam Transmission, WET Labs C-Star [%]
# name 10 = par: PAR/Irradiance, Biospherical/Licor
# name 11 = latitude: Latitude [deg]
# name 12 = longitude: Longitude [deg]
# name 13 = timeJ: Julian Days
# name 14 = altM: Altimeter [m]
# name 15 = spar: SPAR, Biospherical/Licor
# name 16 = timeS: Time, Elapsed [seconds]
# name 17 = scan: Scan Count
# name 18 = density00: Density [density, kg/m^3]
# name 19 = density11: Density, 2 [density, kg/m^3]
# name 20 = v3: Voltage 3
# name 21 = v4: Voltage 4
# name 22 = v5: Voltage 5
# name 23 = sal00: Salinity, Practical [PSU]
# name 24 = sal11: Salinity, Practical, 2 [PSU]
# name 25 = oxsolML/L: Oxygen Saturation, Garcia & Gordon [ml/l]
# name 26 = nbin: number of scans per bin
# name 27 = flag: flag
# span 0 =      2.000,    808.000       
# span 1 =      1.977,    798.088       
# span 2 =    -1.8347,     0.4725       
# span 3 =  26.928597,  29.463202       
# span 4 =    -1.8339,     0.4750       
# span 5 =  26.928900,  29.463848       
# span 6 =     4.5590,     9.0723       
# span 7 =     4.6693,     9.3965       
# span 8 =     0.0714,     9.7770       
# span 9 =    86.9491,    98.6141       
# span 10 = -2.343e-05, 3.4579e+00      
# span 11 =  -74.02802,  -74.02802      
# span 12 = -116.18628, -116.18624      
# span 13 =  52.215889,  52.227700      
# span 14 =       3.27,     100.77      
# span 15 = 1.7716e+01, 3.2496e+01      
# span 16 =    170.834,   1191.261      
# span 17 =       4101,      28591      
# span 18 =  1027.1473,  1031.5225      
# span 19 =  1027.1481,  1031.5208      
# span 20 =     4.1250,     4.6780      
# span 21 =     0.0808,     1.4834      
# span 22 =     0.1071,     0.2381      
# span 23 =    33.7563,    34.5482      
# span 24 =    33.7565,    34.5462      
# span 25 =    7.93750,    8.46604      
# span 26 =         22,         63      
# span 27 = 0.0000e+00, 0.0000e+00      
# interval = decibars: 1                
# start_time = Feb 21 2022 05:08:02 [NMEA time, header]
# bad_flag = -9.990e-29
*END*
      2.000      1.977    -0.7454  27.483081    -0.7419  27.486792     9.0417     8.7286     6.2480    92.1046 3.4579e+00  -74.02802 -116.18626  52.215889      91.98 2.0906e+01    170.834       4101  1027.1473  1027.1481     4.3693     0.6835     0.1594    33.7589    33.7600    8.24027         30 0.0000e+00
      3.000      2.969    -0.7524  27.476996    -0.7524  27.477547     9.0454     8.7505     4.9654    91.9828 2.7790e+00  -74.02802 -116.18626  52.215919      36.21 1.8971e+01    173.427       4163  1027.1518  1027.1524     4.3636     1.0479     0.1587    33.7579    33.7586    8.24186         40 0.0000e+00
      4.000      3.958    -0.7505  27.479296    -0.7520  27.478381     9.0460     8.8038     5.6018    92.1505 2.2797e+00  -74.02802 -116.18626  52.215945      74.92 2.0602e+01    175.624       4216  1027.1567  1027.1571     4.3716     0.8981     0.1521    33.7582    33.7586    8.24142         36 0.0000e+00
      5.000      4.948    -0.7489  27.481170    -0.7430  27.487022     9.0365     8.8859     3.6881    92.8236 1.8629e+00  -74.02802 -116.18626  52.215972     100.77 1.8946e+01    177.961       4272  1027.1616  1027.1623     4.4035     0.8900     0.1664    33.7584    33.7597    8.24107         42 0.0000e+00
      6.000      5.937    -0.7482  27.482286    -0.7464  27.484489     9.0431     8.9857     5.9487    92.6186 1.5541e+00  -74.02802 -116.18626  52.215995      99.66 1.9383e+01    179.968       4320  1027.1663  1027.1671     4.3938     1.0645     0.1591    33.7585    33.7595    8.24090         37 0.0000e+00
      7.000      6.930    -0.7541  27.476846    -0.7549  27.476750     9.0387     9.0545     4.8039    92.6358 1.3050e+00  -74.02802 -116.18626  52.216019      99.75 1.9779e+01    182.046       4370  1027.1705  1027.1711     4.3942     0.8372     0.1573    33.7571    33.7579    8.24228         33 0.0000e+00
      8.000      7.922    -0.7466  27.485733    -0.7427  27.489075     9.0359     9.1462     4.6073    92.6030 1.1149e+00  -74.02802 -116.18626  52.216044      89.68 1.9484e+01    184.191       4422  1027.1771  1027.1770     4.3931     0.5854     0.1546    33.7601    33.7602    8.24046         31 0.0000e+00
      9.000      8.906    -0.7432  27.488454    -0.7431  27.489407     9.0371     9.2388     6.1597    91.7330 9.3463e-01  -74.02802 -116.18626  52.216067      99.77 1.8921e+01    186.229       4470  1027.1811  1027.1821     4.3518     0.7373     0.1575    33.7593    33.7605    8.23975         41 0.0000e+00
     10.000      9.897    -0.7491  27.483268    -0.7448  27.488215     9.0476     9.2914     5.3345    91.3007 7.9596e-01  -74.02802 -116.18626  52.216090      99.67 2.0057e+01    188.216       4518  1027.1855  1027.1868     4.3315     1.0226     0.1549    33.7584    33.7602    8.24111         46 0.0000e+00
     11.000     10.886    -0.7563  27.476967    -0.7542  27.479339     9.0531     9.3523     4.8553    93.3185 6.7422e-01  -74.02802 -116.18626  52.216114      99.78 2.0356e+01    190.219       4566  1027.1899  1027.1904     4.4270     0.7849     0.1593    33.7572    33.7581    8.24275         42 0.0000e+00
     12.000     11.876    -0.7585  27.475161    -0.7597  27.474084     9.0390     9.3509     5.1269    92.7250 5.7342e-01  -74.02802 -116.18626  52.216136      99.72 1.7880e+01    192.150       4613  1027.1943  1027.1943     4.3991     0.9600     0.1523    33.7566    33.7565    8.24326         37 0.0000e+00
     13.000     12.865    -0.7599  27.474203    -0.7574  27.476848     9.0309     9.3407     5.0291    93.3597 4.8468e-01  -74.02802 -116.18626  52.216158      99.75 1.9240e+01    194.010       4657  1027.1988  1027.1993     4.4291     0.8320     0.1439    33.7563    33.7570    8.24358         41 0.0000e+00
     14.000     13.855    -0.7529  27.482375    -0.7516  27.482645     9.0180     9.3231     4.9320    92.8453 4.1256e-01  -74.02802 -116.18626  52.216180      98.52 1.9589e+01    195.937       4703  1027.2052  1027.2042     4.4044     0.7466     0.1502    33.7589    33.7578    8.24191         44 0.0000e+00
     15.000     14.845    -0.7288  27.506120    -0.7295  27.504733     9.0089     9.3090     4.6752    92.4551 3.4956e-01  -74.02802 -116.18626  52.216202      97.31 1.7716e+01    197.844       4749  1027.2121  1027.2114     4.3864     1.1117     0.1516    33.7634    33.7624    8.23638         42 0.0000e+00
     16.000     15.834    -0.7219  27.513076    -0.7209  27.514325     9.0024     9.3027     4.3497    93.5419 2.9404e-01  -74.02802 -116.18626  52.216224      99.80 1.8451e+01    199.773       4796  1027.2175  1027.2179     4.4376     0.7766     0.1461    33.7645    33.7651    8.23481         41 0.0000e+00
     17.000     16.824    -0.7208  27.514994    -0.7205  27.514963     8.9927     9.3029     5.6671    92.2162 2.4874e-01  -74.02802 -116.18626  52.216246      99.78 1.8932e+01    201.686       4841  1027.2230  1027.2227     4.3747     0.8064     0.1609    33.7653    33.7649    8.23453         35 0.0000e+00
     18.000     17.814    -0.7155  27.520343    -0.7153  27.520279     8.9936     9.2984     4.9120    93.1010 2.0854e-01  -74.02802 -116.18626  52.216268      99.64 1.8020e+01    203.594       4887  1027.2281  1027.2278     4.4166     1.0549     0.1501    33.7659    33.7656    8.23332         43 0.0000e+00
     19.000     18.803    -0.7150  27.521371    -0.7147  27.521448     9.0032     9.2900     5.6706    92.2611 1.7277e-01  -74.02802 -116.18626  52.216291      99.76 1.8813e+01    205.542       4934  1027.2332  1027.2330     4.3769     0.8165     0.1545    33.7662    33.7660    8.23321         45 0.0000e+00
     20.000     19.792    -0.7150  27.521546    -0.7146  27.522069     8.9991     9.2897     4.4440    91.5181 1.4344e-01  -74.02802 -116.18626  52.216313      99.78 1.9160e+01    207.475       4980  1027.2377  1027.2379     4.3419     0.7667     0.1555    33.7657    33.7660    8.23322         45 0.0000e+00
     21.000     20.781    -0.7134  27.523581    -0.7127  27.524173     8.9978     9.3044     7.1698    92.0669 1.1754e-01  -74.02802 -116.18626  52.216335      99.68 1.8232e+01    209.322       5025  1027.2428  1027.2427     4.3674     0.9437     0.1605    33.7661    33.7661    8.23286         40 0.0000e+00
     22.000     21.771    -0.7097  27.528241    -0.7076  27.529783     9.0057     9.3177     8.2644    92.5331 9.5547e-02  -74.02802 -116.18626  52.216356      99.50 1.9091e+01    211.202       5070  1027.2486  1027.2483     4.3897     1.0637     0.1636    33.7676    33.7674    8.23196         42 0.0000e+00
     23.000     22.760    -0.7056  27.533020    -0.7031  27.535214     9.0245     9.3341     5.3438    93.5877 7.5137e-02  -74.02802 -116.18626  52.216379      99.63 1.9465e+01    213.157       5117  1027.2543  1027.2542     4.4397     1.1026     0.1582    33.7690    33.7690    8.23101         44 0.0000e+00
     24.000     23.751    -0.6947  27.545388    -0.6936  27.546418     9.0421     9.3438     4.0389    93.1503 5.8272e-02  -74.02802 -116.18626  52.216401      99.73 1.8495e+01    215.083       5163  1027.2616  1027.2616     4.4191     0.9073     0.1581    33.7728    33.7729    8.22840         38 0.0000e+00
     25.000     24.739    -0.6912  27.549468    -0.6910  27.549374     9.0539     9.3582     4.8206    93.2238 4.3773e-02  -74.02802 -116.18626  52.216422      99.74 1.9357e+01    216.900       5207  1027.2670  1027.2668     4.4224     0.8887     0.1397    33.7738    33.7734    8.22757         32 0.0000e+00
     26.000     25.729    -0.6865  27.554954    -0.6846  27.556135     9.0671     9.3685     5.6983    92.6725 3.0367e-02  -74.02802 -116.18626  52.216445      99.71 1.9392e+01    218.841       5253  1027.2728  1027.2724     4.3963     0.9606     0.1645    33.7753    33.7748    8.22646         49 0.0000e+00
     27.000     26.718    -0.6748  27.566833    -0.6739  27.567376     9.0590     9.3785     7.1486    93.0344 1.9603e-02  -74.02802 -116.18626  52.216468      97.82 1.9392e+01    220.832       5301  1027.2789  1027.2786     4.4134     0.9450     0.1566    33.7777    33.7774    8.22378         42 0.0000e+00
     28.000     27.708    -0.6905  27.550965    -0.6894  27.552830     9.0503     9.3777     6.8716    91.8757 1.0672e-02  -74.02802 -116.18626  52.216490      88.62 1.9392e+01    222.711       5346  1027.2813  1027.2823     4.3590     1.0754     0.1630    33.7732    33.7744    8.22746         39 0.0000e+00
     29.000     28.699    -0.6910  27.551239    -0.6891  27.552794     9.0406     9.3680     5.5470    92.2199 2.2511e-03  -74.02802 -116.18626  52.216512      97.89 1.9392e+01    224.617       5392  1027.2863  1027.2863     4.3749     0.9158     0.1701    33.7735    33.7735    8.22754         36 0.0000e+00
     30.000     29.688    -0.6886  27.554190    -0.6881  27.554146     9.0304     9.3621     5.9226    92.0261 -2.343e-05  -74.02802 -116.18626  52.216534      99.70 1.9392e+01    226.577       5439  1027.2915  1027.2911     4.3657     0.9893     0.1663    33.7741    33.7736    8.22698         36 0.0000e+00
     31.000     30.677    -0.6896  27.553703    -0.6883  27.554773     9.0338     9.3670     5.0424    92.3811 1.0000e-12  -74.02802 -116.18626  52.216557      99.72 1.9474e+01    228.492       5485  1027.2964  1027.2962     4.3824     0.9241     0.1623    33.7740    33.7740    8.22721         43 0.0000e+00
     32.000     31.667    -0.6868  27.557106    -0.6853  27.557682     9.0537     9.3672     6.4995    91.8697 1.0000e-12  -74.02802 -116.18626  52.216578      99.71 2.0460e+01    230.332       5529  1027.3016  1027.3009     4.3584     0.9250     0.1474    33.7748    33.7740    8.22654         42 0.0000e+00
     33.000     32.656    -0.6797  27.564706    -0.6804  27.563200     9.0573     9.3781     6.5081    92.1563 1.0000e-12  -74.02802 -116.18626  52.216601      99.67 1.9783e+01    232.292       5576  1027.3074  1027.3065     4.3719     1.0525     0.1708    33.7766    33.7754    8.22490         43 0.0000e+00
     34.000     33.646    -0.6751  27.569679    -0.6754  27.568975     9.0630     9.3832     6.7359    92.7321 1.0000e-12  -74.02802 -116.18626  52.216623      99.63 1.9792e+01    234.200       5622  1027.3126  1027.3122     4.3992     1.1320     0.1515    33.7775    33.7769    8.22385         44 0.0000e+00
     35.000     34.635    -0.6717  27.573577    -0.6694  27.574921     9.0706     9.3866     4.9516    91.3071 1.0000e-12  -74.02802 -116.18626  52.216644      94.74 2.0111e+01    236.061       5666  1027.3180  1027.3173     4.3322     0.8947     0.1684    33.7783    33.7777    8.22305         41 0.0000e+00
     36.000     35.625    -0.6638  27.581778    -0.6547  27.589469     9.0709     9.3816     3.7000    91.3318 1.0000e-12  -74.02802 -116.18626  52.216667      99.69 2.0253e+01    237.998       5713  1027.3237  1027.3233     4.3328     1.0779     0.1639    33.7800    33.7802    8.22125         41 0.0000e+00
     37.000     36.615    -0.6496  27.597553    -0.6469  27.600500     9.0626     9.3686     3.3918    92.6675 1.0000e-12  -74.02802 -116.18626  52.216689      99.66 2.0184e+01    239.946       5760  1027.3314  1027.3321     4.3961     1.0510     0.1559    33.7848    33.7857    8.21788         40 0.0000e+00
     38.000     37.605    -0.6577  27.588484    -0.6450  27.601120     9.0654     9.3965     4.0000    92.7791 1.0000e-12  -74.02802 -116.18626  52.216711      99.65 2.0632e+01    241.860       5806  1027.3339  1027.3355     4.4013     1.0699     0.1536    33.7810    33.7838    8.21986         34 0.0000e+00
     39.000     38.593    -0.6644  27.582851    -0.6649  27.581283     9.0666     9.3909     4.8350    92.0918 1.0000e-12  -74.02802 -116.18626  52.216733      99.73 2.0704e+01    243.744       5851  1027.3386  1027.3375     4.3689     1.0114     0.1513    33.7802    33.7787    8.22136         43 0.0000e+00
     40.000     39.584    -0.6376  27.610352    -0.6322  27.614387     9.0584     9.3698     5.3652    91.2419 1.0000e-12  -74.02802 -116.18626  52.216755      99.63 2.0834e+01    245.668       5897  1027.3469  1027.3461     4.3287     1.3127     0.1732    33.7868    33.7862    8.21515         39 0.0000e+00
     41.000     40.571    -0.6300  27.617975    -0.6360  27.611484     9.0559     9.3779     7.1844    92.1757 1.0000e-12  -74.02802 -116.18626  52.216778      99.71 2.1160e+01    247.610       5944  1027.3524  1027.3511     4.3731     0.9265     0.1557    33.7880    33.7859    8.21344         41 0.0000e+00
     42.000     41.562    -0.6288  27.619147    -0.6296  27.617374     9.0592     9.3794     5.0786    91.3355 1.0000e-12  -74.02802 -116.18626  52.216799      99.56 2.1155e+01    249.443       5988  1027.3569  1027.3556     4.3329     0.9699     0.1606    33.7876    33.7861    8.21320         37 0.0000e+00
     43.000     42.548    -0.6212  27.627125    -0.6212  27.626286     9.0670     9.3806     7.2822    92.0863 1.0000e-12  -74.02802 -116.18626  52.216821      99.62 2.1155e+01    251.348       6033  1027.3627  1027.3618     4.3681     1.1219     0.1826    33.7893    33.7881    8.21145         38 0.0000e+00
     44.000     43.541    -0.6165  27.632209    -0.6161  27.631933     9.0699     9.3861     6.4417    91.9524 1.0000e-12  -74.02802 -116.18626  52.216844      99.64 2.1155e+01    253.283       6080  1027.3681  1027.3674     4.3622     1.1161     0.1516    33.7903    33.7894    8.21037         36 0.0000e+00
     45.000     44.529    -0.6156  27.633737    -0.6150  27.633579     9.0723     9.3887     8.3378    91.9575 1.0000e-12  -74.02802 -116.18626  52.216865      99.61 2.1155e+01    255.159       6125  1027.3733  1027.3726     4.3624     1.1802     0.1574    33.7906    33.7898    8.21014         38 0.0000e+00
     46.000     45.519    -0.6146  27.635104    -0.6131  27.635863     9.0663     9.3834     8.5493    91.7671 1.0000e-12  -74.02802 -116.18626  52.216887      99.59 2.1155e+01    257.033       6170  1027.3782  1027.3777     4.3532     1.1872     0.1482    33.7908    33.7902    8.20993         37 0.0000e+00
     47.000     46.509    -0.6120  27.638290    -0.6120  27.637327     9.0652     9.3910     8.6485    92.0619 1.0000e-12  -74.02802 -116.18626  52.216909      99.63 2.1155e+01    258.978       6216  1027.3836  1027.3825     4.3674     1.3184     0.1538    33.7916    33.7903    8.20932         40 0.0000e+00
     48.000     47.497    -0.6123  27.638411    -0.6121  27.637827     9.0679     9.3864     6.1662    92.1664 1.0000e-12  -74.02802 -116.18626  52.216932      99.62 2.1155e+01    260.901       6263  1027.3883  1027.3875     4.3724     1.1240     0.1780    33.7914    33.7904    8.20938         38 0.0000e+00
     49.000     48.487    -0.6096  27.641574    -0.6093  27.641052     9.0610     9.3812     5.3978    92.3035 1.0000e-12  -74.02802 -116.18626  52.216953      99.43 2.1155e+01    262.759       6307  1027.3935  1027.3927     4.3788     1.1206     0.1673    33.7920    33.7910    8.20876         42 0.0000e+00
     50.000     49.477    -0.6083  27.643328    -0.6075  27.643410     9.0605     9.3804     7.1249    91.7647 1.0000e-12  -74.02802 -116.18626  52.216975      99.70 2.1155e+01    264.677       6353  1027.3985  1027.3979     4.3533     0.9274     0.1531    33.7924    33.7916    8.20847         39 0.0000e+00
     51.000     50.467    -0.6086  27.643403    -0.6076  27.643813     9.0621     9.3747     6.7811    93.1841 1.0000e-12  -74.02802 -116.18626  52.216998      99.61 2.1155e+01    266.610       6400  1027.4033  1027.4028     4.4201     1.1857     0.1674    33.7922    33.7916    8.20854         41 0.0000e+00
     52.000     51.456    -0.6090  27.643478    -0.6077  27.644143     9.0588     9.3830     8.1549    91.2290 1.0000e-12  -74.02802 -116.18626  52.217019      99.73 2.1155e+01    268.474       6444  1027.4080  1027.4076     4.3279     0.9132     0.1691    33.7921    33.7916    8.20863         38 0.0000e+00
