ocean_section_plots/required_files/ctd/dnbp2202_ctd070.cnv
* Sea-Bird SBE 9 Data File:
* FileName = D:\Data\raw\NBP2202_CTD070.hex
* Software Version Seasave V 7.26.7.121
* Temperature SN = 1649
* Conductivity SN = 2513
* Number of Bytes Per Scan = 40
* Number of Voltage Words = 5
* Number of Scans Averaged by the Deck Unit = 1
* NMEA Latitude = 74 13.20 S
* NMEA Longitude = 112 13.23 W
* NMEA UTC (Time) = Jan 26 2022  02:45:50
* NMEA baud rate = 9600
** Ship: RVIB N.B. Palmer
** Cruise: NBP2202 Thwaites
** Station: 51
** Operator: A. Robinson
** N-S Transect Line
# nquan = 25
# nvalues = 938                         
# units = specified
# name 0 = prDM: Pressure, Digiquartz [db]
# name 1 = depSM: Depth [salt water, m]
# name 2 = t090C: Temperature [ITS-90, deg C]
# name 3 = c0mS/cm: Conductivity [mS/cm]
# name 4 = t190C: Temperature, 2 [ITS-90, deg C]
# name 5 = c1mS/cm: Conductivity, 2 [mS/cm]
# name 6 = sbeox0ML/L: Oxygen, SBE 43 [ml/l]
# name 7 = sbeox1ML/L: Oxygen, SBE 43, 2 [ml/l]
# name 8 = flECO-AFL: Fluorescence, WET Labs ECO-AFL/FL [mg/m^3]
# name 9 = CStarTr0: Beam Transmission, WET Labs C-Star [%]
# name 10 = par: PAR/Irradiance, Biospherical/Licor
# name 11 = latitude: Latitude [deg]
# name 12 = longitude: Longitude [deg]
# name 13 = timeJ: Julian Days
# name 14 = altM: Altimeter [m]
# name 15 = spar: SPAR, Biospherical/Licor
# name 16 = timeS: Time, Elapsed [seconds]
# name 17 = scan: Scan Count
# name 18 = density00: Density [density, kg/m^3]
# name 19 = density11: Density, 2 [density, kg/m^3]
# name 20 = sal00: Salinity, Practical [PSU]
# name 21 = sal11: Salinity, Practical, 2 [PSU]
# name 22 = oxsolML/L: Oxygen Saturation, Garcia & Gordon [ml/l]
# name 23 = nbin: number of scans per bin
# name 24 = flag: flag
# span 0 =      2.000,    939.000       
# span 1 =      1.982,    927.180       
# span 2 =    -1.4900,     0.5692       
# span 3 =  27.146357,  29.617587       
# span 4 =    -1.4897,     0.5712       
# span 5 =  27.145794,  29.617439       
# span 6 =     4.5351,     8.3259       
# span 7 =     4.6607,     8.6784       
# span 8 =    -0.0207,    26.8398       
# span 9 =    69.7299,    95.6677       
# span 10 = 1.0000e-12, 1.1920e+02      
# span 11 =  -74.22000,  -74.22000      
# span 12 = -112.22066, -112.22061      
# span 13 =  26.118204,  26.132770      
# span 14 =       4.29,     100.16      
# span 15 = 2.7417e+02, 3.0006e+02      
# span 16 =    262.846,   1521.339      
# span 17 =       6309,      36513      
# span 18 =  1027.1984,  1032.1405      
# span 19 =  1027.1989,  1032.1382      
# span 20 =    33.8076,    34.5674      
# span 21 =    33.8080,    34.5650      
# span 22 =    7.91663,    8.39008      
# span 23 =         22,         49      
# span 24 = 0.0000e+00, 0.0000e+00      
# interval = decibars: 1                
# start_time = Jan 26 2022 02:45:50 [NMEA time, header]
# bad_flag = -9.990e-29
*END*
[from data line 638]
    640.000    632.398     0.2242  29.107410     0.2264  29.107231     4.7115     4.8744     0.0050    95.5361 1.0000e-12  -74.22000 -112.22062  26.127772      91.28 2.8310e+02   1089.461      26148  1030.6813  1030.6788    34.4565    34.4538    7.99388         27 0.0000e+00
    641.000    633.385     0.2255  29.109162     0.2276  29.108879     4.7137     4.8706     0.0007    95.5364 1.0000e-12  -74.22000 -112.22062  26.127785      78.63 2.8369e+02   1090.613      26176  1030.6861  1030.6837    34.4568    34.4540    7.99359         29 0.0000e+00
    642.000    634.371     0.2167  29.100963     0.2201  29.102072     4.7159     4.8812     0.0058    95.5401 1.0000e-12  -74.22000 -112.22062  26.127799      96.79 2.8354e+02   1091.872      26206  1030.6905  1030.6884    34.4552    34.4529    7.99550         30 0.0000e+00
    643.000    635.358     0.2169  29.101737     0.2170  29.099487     4.7162     4.8893     0.0054    95.5400 1.0000e-12  -74.22000 -112.22062  26.127814      99.89 2.8382e+02   1093.098      26235  1030.6954  1030.6930    34.4555    34.4524    7.99546         29 0.0000e+00
    644.000    636.344     0.2146  29.099709     0.2141  29.097321     4.7272     4.8859    -0.0009    95.5241 1.0000e-12  -74.22000 -112.22062  26.127827      99.85 2.8382e+02   1094.223      26262  1030.6998  1030.6978    34.4548    34.4522    7.99597         26 0.0000e+00
    645.000    637.331     0.2090  29.095221     0.2114  29.095276     4.7309     4.8843    -0.0004    95.5250 1.0000e-12  -74.22000 -112.22062  26.127839      99.84 2.8374e+02   1095.311      26288  1030.7048  1030.7026    34.4545    34.4520    7.99714         26 0.0000e+00
    646.000    638.319     0.2070  29.093660     0.2090  29.093348     4.7288     4.8844    -0.0004    95.5134 1.0000e-12  -74.22000 -112.22062  26.127853      99.85 2.8277e+02   1096.477      26316  1030.7095  1030.7072    34.4542    34.4516    7.99759         30 0.0000e+00
    647.000    639.304     0.2068  29.094061     0.2088  29.093797     4.7276     4.8892    -0.0004    95.5237 1.0000e-12  -74.22000 -112.22062  26.127867      99.85 2.8276e+02   1097.732      26347  1030.7143  1030.7121    34.4543    34.4518    7.99761         30 0.0000e+00
    648.000    640.291     0.2074  29.095505     0.2095  29.095176     4.7370     4.8863    -0.0004    95.5337 1.0000e-12  -74.22000 -112.22062  26.127881      99.86 2.8262e+02   1098.955      26376  1030.7194  1030.7170    34.4549    34.4522    7.99745         28 0.0000e+00
    649.000    641.276     0.2079  29.096491     0.2096  29.095990     4.7246     4.8864    -0.0007    95.5323 1.0000e-12  -74.22000 -112.22062  26.127895      99.85 2.8341e+02   1100.102      26403  1030.7242  1030.7220    34.4552    34.4526    7.99735         27 0.0000e+00
    650.000    642.264     0.2100  29.099442     0.2121  29.099252     4.7256     4.8984    -0.0004    95.5610 1.0000e-12  -74.22000 -112.22062  26.127908      99.85 2.8382e+02   1101.224      26430  1030.7294  1030.7271    34.4561    34.4535    7.99685         28 0.0000e+00
    651.000    643.250     0.2109  29.101070     0.2130  29.100713     4.7253     4.8924    -0.0059    95.5548 1.0000e-12  -74.22000 -112.22062  26.127921      99.85 2.8382e+02   1102.407      26459  1030.7344  1030.7321    34.4566    34.4539    7.99663         30 0.0000e+00
    652.000    644.238     0.2118  29.102426     0.2141  29.102432     4.7193     4.8867    -0.0032    95.5674 1.0000e-12  -74.22000 -112.22062  26.127936      79.68 2.8382e+02   1103.653      26489  1030.7393  1030.7369    34.4569    34.4543    7.99644         29 0.0000e+00
    653.000    645.223     0.2131  29.104479     0.2152  29.104108     4.7274     4.8877     0.0060    95.5477 1.0000e-12  -74.22000 -112.22062  26.127950      90.41 2.8265e+02   1104.890      26518  1030.7443  1030.7420    34.4575    34.4547    7.99612         29 0.0000e+00
    654.000    646.210     0.2140  29.106238     0.2162  29.106058     4.7237     4.8842     0.0061    95.5575 1.0000e-12  -74.22000 -112.22062  26.127964      99.94 2.8237e+02   1106.074      26547  1030.7495  1030.7472    34.4582    34.4556    7.99589         28 0.0000e+00
    655.000    647.196     0.2154  29.108604     0.2181  29.108841     4.7279     4.8870     0.0001    95.5657 1.0000e-12  -74.22000 -112.22062  26.127977      99.85 2.8294e+02   1107.230      26575  1030.7549  1030.7525    34.4592    34.4565    7.99556         28 0.0000e+00
    656.000    648.183     0.2178  29.111709     0.2200  29.111446     4.7254     4.8890     0.0077    95.5593 1.0000e-12  -74.22000 -112.22062  26.127991      99.85 2.8307e+02   1108.390      26602  1030.7600  1030.7576    34.4600    34.4572    7.99501         28 0.0000e+00
    657.000    649.169     0.2191  29.113543     0.2206  29.112735     4.7281     4.8899     0.0111    95.5831 1.0000e-12  -74.22000 -112.22062  26.128004      99.85 2.8288e+02   1109.560      26630  1030.7649  1030.7626    34.4604    34.4577    7.99472         28 0.0000e+00
    658.000    650.156     0.2196  29.114888     0.2216  29.114397     4.7255     4.8906    -0.0010    95.5878 1.0000e-12  -74.22000 -112.22062  26.128018      99.85 2.8231e+02   1110.735      26659  1030.7700  1030.7676    34.4610    34.4582    7.99458         28 0.0000e+00
    659.000    651.142     0.2203  29.116331     0.2224  29.116060     4.7228     4.8909    -0.0006    95.5629 1.0000e-12  -74.22000 -112.22062  26.128032      99.85 2.8218e+02   1111.951      26688  1030.7751  1030.7728    34.4615    34.4588    7.99440         30 0.0000e+00
    660.000    652.131     0.2206  29.117160     0.2226  29.116836     4.7298     4.8879    -0.0004    95.5754 1.0000e-12  -74.22000 -112.22062  26.128046      99.85 2.8206e+02   1113.211      26718  1030.7799  1030.7777    34.4617    34.4590    7.99433         30 0.0000e+00
    661.000    653.114     0.2207  29.117727     0.2227  29.117419     4.7242     4.8907    -0.0060    95.5768 1.0000e-12  -74.22000 -112.22062  26.128060      99.85 2.8206e+02   1114.422      26747  1030.7847  1030.7824    34.4618    34.4591    7.99431         28 0.0000e+00
    662.000    654.103     0.2205  29.118141     0.2226  29.117858     4.7281     4.8857    -0.0045    95.5695 1.0000e-12  -74.22000 -112.22062  26.128073      88.01 2.8206e+02   1115.546      26774  1030.7896  1030.7872    34.4619    34.4592    7.99434         27 0.0000e+00
    663.000    655.088     0.2203  29.118475     0.2226  29.118374     4.7319     4.8841    -0.0007    95.5532 1.0000e-12  -74.22000 -112.22062  26.128086      79.07 2.8206e+02   1116.670      26801  1030.7943  1030.7920    34.4620    34.4593    7.99437         27 0.0000e+00
    664.000    656.075     0.2203  29.119052     0.2224  29.118764     4.7319     4.8867    -0.0004    95.5750 1.0000e-12  -74.22000 -112.22062  26.128100      93.84 2.8206e+02   1117.881      26830  1030.7992  1030.7969    34.4622    34.4595    7.99437         31 0.0000e+00
    665.000    657.061     0.2202  29.119535     0.2223  29.119260     4.7310     4.8926     0.0055    95.5966 1.0000e-12  -74.22000 -112.22062  26.128115      99.87 2.8206e+02   1119.173      26861  1030.8041  1030.8017    34.4624    34.4596    7.99438         31 0.0000e+00
    666.000    658.048     0.2202  29.120262     0.2222  29.119916     4.7335     4.8880     0.0004    95.5737 1.0000e-12  -74.22000 -112.22062  26.128130      99.85 2.8206e+02   1120.417      26891  1030.8091  1030.8067    34.4628    34.4601    7.99437         29 0.0000e+00
    667.000    659.035     0.2203  29.121107     0.2225  29.120827     4.7338     4.8886     0.0123    95.5894 1.0000e-12  -74.22000 -112.22062  26.128143      99.85 2.8206e+02   1121.563      26919  1030.8140  1030.8117    34.4631    34.4604    7.99431         26 0.0000e+00
    668.000    660.020     0.2207  29.122403     0.2228  29.121995     4.7348     4.8932    -0.0009    95.5981 1.0000e-12  -74.22000 -112.22062  26.128156      99.85 2.8206e+02   1122.666      26945  1030.8193  1030.8169    34.4638    34.4610    7.99419         27 0.0000e+00
    669.000    661.009     0.2212  29.123746     0.2233  29.123442     4.7345     4.8928    -0.0004    95.5942 1.0000e-12  -74.22000 -112.22062  26.128169      99.85 2.8206e+02   1123.818      26973  1030.8244  1030.8220    34.4644    34.4617    7.99406         29 0.0000e+00
    670.000    661.994     0.2227  29.126153     0.2248  29.125762     4.7338     4.8911    -0.0004    95.5958 1.0000e-12  -74.22000 -112.22062  26.128184      99.85 2.8206e+02   1125.067      27003  1030.8297  1030.8272    34.4654    34.4625    7.99370         30 0.0000e+00
    671.000    662.980     0.2241  29.128158     0.2263  29.127907     4.7320     4.8927     0.0032    95.5790 1.0000e-12  -74.22000 -112.22062  26.128198      99.85 2.8206e+02   1126.342      27033  1030.8347  1030.8323    34.4658    34.4631    7.99337         31 0.0000e+00
    672.000    663.967     0.2248  29.129526     0.2269  29.129295     4.7258     4.8965     0.0110    95.5790 1.0000e-12  -74.22000 -112.22062  26.128212      99.85 2.8206e+02   1127.545      27062  1030.8396  1030.8374    34.4662    34.4637    7.99320         27 0.0000e+00
    673.000    664.954     0.2252  29.130452     0.2272  29.130137     4.7287     4.9066     0.0049    95.5877 1.0000e-12  -74.22000 -112.22063  26.128226      99.85 2.8206e+02   1128.685      27089  1030.8445  1030.8422    34.4665    34.4639    7.99312         27 0.0000e+00
    674.000    665.940     0.2258  29.132042     0.2278  29.131573     4.7291     4.8963    -0.0012    95.5970 1.0000e-12  -74.22000 -112.22063  26.128239      77.99 2.8193e+02   1129.815      27117  1030.8498  1030.8474    34.4673    34.4645    7.99294         28 0.0000e+00
    675.000    666.927     0.2266  29.133379     0.2286  29.133052     4.7406     4.8928     0.0049    95.5871 1.0000e-12  -74.22000 -112.22062  26.128252      88.30 2.8157e+02   1130.998      27145  1030.8546  1030.8523    34.4676    34.4649    7.99276         29 0.0000e+00
    676.000    667.912     0.2277  29.135212     0.2299  29.135180     4.7437     4.8947    -0.0062    95.6057 1.0000e-12  -74.22000 -112.22062  26.128266      99.82 2.8145e+02   1132.206      27174  1030.8597  1030.8576    34.4682    34.4657    7.99249         29 0.0000e+00
    677.000    668.899     0.2288  29.137029     0.2306  29.136440     4.7317     4.8958    -0.0082    95.6136 1.0000e-12  -74.22000 -112.22062  26.128280      99.85 2.8127e+02   1133.398      27203  1030.8648  1030.8624    34.4688    34.4660    7.99224         29 0.0000e+00
    678.000    669.886     0.2305  29.139478     0.2324  29.138976     4.7271     4.8955    -0.0012    95.5944 1.0000e-12  -74.22000 -112.22062  26.128294      99.85 2.8168e+02   1134.595      27231  1030.8699  1030.8675    34.4695    34.4667    7.99185         28 0.0000e+00
    679.000    670.871     0.2321  29.141895     0.2343  29.141688     4.7271     4.8951    -0.0060    95.6022 1.0000e-12  -74.22000 -112.22062  26.128308      99.85 2.8078e+02   1135.801      27260  1030.8751  1030.8728    34.4703    34.4676    7.99147         29 0.0000e+00
    680.000    671.858     0.2338  29.144343     0.2357  29.143954     4.7318     4.8948     0.0048    95.6030 1.0000e-12  -74.22000 -112.22062  26.128322      99.86 2.8079e+02   1136.989      27289  1030.8803  1030.8779    34.4711    34.4684    7.99108         29 0.0000e+00
    681.000    672.845     0.2345  29.145810     0.2366  29.145493     4.7348     4.8970    -0.0005    95.5962 1.0000e-12  -74.22000 -112.22062  26.128335      99.85 2.8105e+02   1138.160      27317  1030.8853  1030.8830    34.4715    34.4688    7.99089         28 0.0000e+00
    682.000    673.831     0.2346  29.146304     0.2366  29.146003     4.7318     4.8980     0.0021    95.5655 1.0000e-12  -74.22000 -112.22062  26.128349      99.85 2.8061e+02   1139.348      27345  1030.8900  1030.8877    34.4716    34.4689    7.99088         29 0.0000e+00
    683.000    674.819     0.2348  29.147079     0.2369  29.146821     4.7345     4.8971     0.0068    95.6067 1.0000e-12  -74.22000 -112.22063  26.128363      99.85 2.8054e+02   1140.560      27374  1030.8948  1030.8926    34.4717    34.4691    7.99082         29 0.0000e+00
    684.000    675.803     0.2348  29.147596     0.2368  29.147312     4.7365     4.8962    -0.0025    95.5444 1.0000e-12  -74.22000 -112.22063  26.128377      99.85 2.8042e+02   1141.775      27404  1030.8996  1030.8974    34.4718    34.4692    7.99082         29 0.0000e+00
    685.000    676.791     0.2346  29.147729     0.2367  29.147574     4.7350     4.8949     0.0019    95.6248 1.0000e-12  -74.22000 -112.22063  26.128391      82.09 2.8080e+02   1142.970      27432  1030.9043  1030.9021    34.4717    34.4692    7.99087         28 0.0000e+00
    686.000    677.777     0.2346  29.148179     0.2367  29.148019     4.7390     4.8951     0.0011    95.6022 1.0000e-12  -74.22000 -112.22062  26.128405      95.49 2.8060e+02   1144.165      27461  1030.9090  1030.9067    34.4717    34.4691    7.99087         29 0.0000e+00
    687.000    678.763     0.2346  29.148639     0.2367  29.148496     4.7403     4.8973    -0.0075    95.5988 1.0000e-12  -74.22000 -112.22064  26.128419      99.86 2.8049e+02   1145.359      27490  1030.9137  1030.9115    34.4717    34.4692    7.99087         28 0.0000e+00
    688.000    679.750     0.2350  29.149495     0.2370  29.149247     4.7317     4.9007     0.0049    95.6210 1.0000e-12  -74.22000 -112.22064  26.128432      99.85 2.8030e+02   1146.529      27518  1030.9184  1030.9163    34.4718    34.4693    7.99078         28 0.0000e+00
    689.000    680.736     0.2353  29.150285     0.2372  29.150047     4.7319     4.8899    -0.0007    95.6238 1.0000e-12  -74.22000 -112.22064  26.128445      99.85 2.8030e+02   1147.671      27545  1030.9232  1030.9211    34.4720    34.4695    7.99071         27 0.0000e+00
    690.000    681.723     0.2377  29.153565     0.2394  29.152877     4.7302     4.8927    -0.0012    95.6181 1.0000e-12  -74.22000 -112.22064  26.128459      99.85 2.8030e+02   1148.833      27573  1030.9284  1030.9261    34.4729    34.4701    7.99015         29 0.0000e+00
    691.000    682.709     0.2385  29.154753     0.2403  29.154246     4.7434     4.8957    -0.0070    95.6065 1.0000e-12  -74.22000 -112.22064  26.128473      99.85 2.8030e+02   1150.048      27602  1030.9332  1030.9309    34.4731    34.4704    7.98998         29 0.0000e+00
    692.000    683.695     0.2413  29.158431     0.2440  29.158597     4.7202     4.8963     0.0017    95.6235 1.0000e-12  -74.22000 -112.22064  26.128487      99.85 2.8030e+02   1151.287      27632  1030.9384  1030.9361    34.4741    34.4714    7.98933         30 0.0000e+00
    693.000    684.682     0.2448  29.162333     0.2469  29.162312     4.7301     4.8963     0.0067    95.6367 1.0000e-12  -74.22000 -112.22062  26.128501      99.86 2.8030e+02   1152.492      27661  1030.9434  1030.9413    34.4748    34.4724    7.98858         28 0.0000e+00
    694.000    685.668     0.2451  29.163112     0.2470  29.162941     4.7329     4.8971     0.0066    95.6248 1.0000e-12  -74.22000 -112.22063  26.128514      99.85 2.8030e+02   1153.624      27688  1030.9482  1030.9461    34.4750    34.4725    7.98851         27 0.0000e+00
    695.000    686.654     0.2465  29.165153     0.2486  29.164908     4.7301     4.8967     0.0000    95.6323 1.0000e-12  -74.22000 -112.22063  26.128527      99.85 2.8030e+02   1154.726      27714  1030.9531  1030.9509    34.4755    34.4728    7.98819         27 0.0000e+00
    696.000    687.641     0.2493  29.168522     0.2512  29.168033     4.7240     4.8927    -0.0040    95.6285 1.0000e-12  -74.22000 -112.22063  26.128541      96.69 2.8030e+02   1155.914      27743  1030.9582  1030.9558    34.4761    34.4734    7.98756         30 0.0000e+00
