ocean_section_plots/required_files/ctd/dnbp2202_ctd148.cnv
* Sea-Bird SBE 9 Data File:
* FileName = D:\Data\raw\NBP2202_CTD148.hex
* Software Version Seasave V 7.26.7.121
* Temperature SN = 1649
* Conductivity SN = 2513
* Number of Bytes Per Scan = 40
* Number of Voltage Words = 5
* Number of Scans Averaged by the Deck Unit = 1
* NMEA Latitude = 74 04.55 S
* NMEA Longitude = 113 05.01 W
* NMEA UTC (Time) = Jan 30 2022  23:04:06
* NMEA baud rate = 9600
** Ship: RVIB N.B. Palmer
** Cruise: NBP2202 Thwaites
** Station: 76
** Operator: A. Robinson
# nquan = 28
# nvalues = 525                         
# units = specified
# name 0 = prDM: Pressure, Digiquartz [db]
# name 1 = depSM: Depth [salt water, m]
# name 2 = t090C: Temperature [ITS-90, deg C]
# name 3 = c0mS/cm: Conductivity [mS/cm]
# name 4 = t190C: Temperature, 2 [ITS-90, deg C]
# name 5 = c1mS/cm: Conductivity, 2 [mS/cm]
# name 6 = sbeox0ML/L: Oxygen, SBE 43 [ml/l]
# name 7 = sbeox1ML/L: Oxygen, SBE 43, 2 [ml/l]
# name 8 = flECO-AFL: Fluorescence, WET Labs ECO-AFL/FL [mg/m^3]
# name 9 = CStarTr0: Beam Transmission, WET Labs C-Star [%]
# name 10 = par: PAR/Irradiance, Biospherical/Licor
# name 11 = latitude: Latitude [deg]
# name 12 = longitude: Longitude [deg]
# name 13 = timeJ: Julian Days
# name 14 = altM: Altimeter [m]
# name 15 = spar: SPAR, Biospherical/Licor
# name 16 = timeS: Time, Elapsed [seconds]
# name 17 = scan: Scan Count
# name 18 = density00: Density [density, kg/m^3]
# name 19 = density11: Density, 2 [density, kg/m^3]
# name 20 = v3: Voltage 3
# name 21 = v4: Voltage 4
# name 22 = v5: Voltage 5
# name 23 = sal00: Salinity, Practical [PSU]
# name 24 = sal11: Salinity, Practical, 2 [PSU]
# name 25 = oxsolML/L: Oxygen Saturation, Garcia & Gordon [ml/l]
# name 26 = nbin: number of scans per bin
# name 27 = flag: flag
# span 0 =      2.000,    526.000       
# span 1 =      1.983,    519.898       
# span 2 =    -1.5243,     0.0822       
# span 3 =  27.054491,  28.879954       
# span 4 =    -1.5239,     0.0842       
# span 5 =  27.054479,  28.879608       
# span 6 =     4.7127,     9.6726       
# span 7 =     4.8071,     9.6452       
# span 8 =    -0.0212,    27.0165       
# span 9 =    67.0041,    93.4706       
# span 10 = 1.0000e-12, 3.3627e+02      
# span 11 =  -74.07596,  -74.07594      
# span 12 = -113.08362, -113.08356      
# span 13 =  30.964672,  30.974367      
# span 14 =      44.02,     107.89      
# span 15 = 7.8155e+02, 1.1435e+03      
# span 16 =    301.685,   1139.340      
# span 17 =       7241,      27345      
# span 18 =  1027.1566,  1030.0963      
# span 19 =  1027.1576,  1030.0940      
# span 20 =     3.1793,     4.4342      
# span 21 =     0.0638,     4.0933      
# span 22 =     0.1146,     0.2546      
# span 23 =    33.7726,    34.3827      
# span 24 =    33.7743,    34.3799      
# span 25 =    8.02763,    8.40195      
# span 26 =         17,         69      
# span 27 = 0.0000e+00, 0.0000e+00      
# interval = decibars: 1                
# start_time = Jan 30 2022 23:04:06 [NMEA time, header]
# bad_flag = -9.990e-29
*END*
[from data line 52]
     54.000     53.434    -1.0698  27.285708    -1.0698  27.285756     8.0189     8.2459    18.1536    72.9959 1.0000e-12  -74.07596 -113.08358  30.965775      99.68 7.8444e+02    396.979       9528  1027.4612  1027.4612     3.4633     2.3676     0.2024    33.8228    33.8229    8.30792         37 0.0000e+00
     55.000     54.423    -1.0650  27.290556    -1.0651  27.290599     8.0346     8.2534    17.2708    73.1943 1.0000e-12  -74.07596 -113.08358  30.965794      99.86 7.8448e+02    398.610       9568  1027.4661  1027.4662     3.4727     2.6164     0.2057    33.8234    33.8235    8.30683         39 0.0000e+00
     56.000     55.413    -1.0590  27.296445    -1.0591  27.296370     8.0364     8.2486    17.8542    73.4717 1.0000e-12  -74.07596 -113.08358  30.965813      98.24 7.8427e+02    400.235       9607  1027.4711  1027.4711     3.4859     2.4275     0.1822    33.8240    33.8241    8.30545         33 0.0000e+00
     57.000     56.402    -1.0578  27.298096    -1.0585  27.297834     8.0282     8.2500    16.4968    73.5278 1.0000e-12  -74.07596 -113.08358  30.965832      97.36 7.8290e+02    401.919       9647  1027.4761  1027.4764     3.4884     2.4473     0.1959    33.8243    33.8247    8.30517         38 0.0000e+00
     58.000     57.394    -1.0612  27.296347    -1.0614  27.296464     8.0053     8.2345    17.7753    72.5203 1.0000e-12  -74.07596 -113.08358  30.965852      99.83 7.8206e+02    403.600       9687  1027.4818  1027.4822     3.4409     2.4550     0.1920    33.8252    33.8256    8.30588         36 0.0000e+00
     59.000     58.381    -1.0687  27.291244    -1.0688  27.291294     8.0010     8.2313    16.7362    72.8585 1.0000e-12  -74.07596 -113.08358  30.965871      99.82 7.8268e+02    405.239       9727  1027.4878  1027.4880     3.4568     2.5632     0.2120    33.8260    33.8262    8.30749         38 0.0000e+00
     60.000     59.371    -1.0680  27.292760    -1.0683  27.292680     8.0102     8.2384    17.5418    73.2264 1.0000e-12  -74.07596 -113.08358  30.965890      99.80 7.8166e+02    406.867       9766  1027.4931  1027.4932     3.4741     2.5193     0.1815    33.8267    33.8268    8.30730         36 0.0000e+00
     61.000     60.360    -1.0651  27.296654    -1.0658  27.295946     8.0208     8.2549    17.4983    73.3323 1.0000e-12  -74.07596 -113.08358  30.965909      99.80 7.8155e+02    408.498       9805  1027.4988  1027.4987     3.4792     2.5347     0.1705    33.8280    33.8279    8.30656         38 0.0000e+00
     62.000     61.350    -1.0619  27.300263    -1.0621  27.300125     8.0371     8.2575    17.1513    71.8570 1.0000e-12  -74.07596 -113.08358  30.965928      99.83 7.8267e+02    410.154       9845  1027.5040  1027.5040     3.4085     2.5944     0.1844    33.8288    33.8288    8.30581         35 0.0000e+00
     63.000     62.339    -1.0598  27.303053    -1.0599  27.302955     8.0396     8.2619    17.6199    72.8342 1.0000e-12  -74.07596 -113.08358  30.965947      99.82 7.8272e+02    411.800       9884  1027.5093  1027.5093     3.4557     2.5322     0.1867    33.8296    33.8296    8.30530         37 0.0000e+00
     64.000     63.329    -1.0596  27.303815    -1.0598  27.303848     8.0589     8.2759    17.8338    72.4621 1.0000e-12  -74.07596 -113.08358  30.965965      99.87 7.8247e+02    413.411       9923  1027.5144  1027.5145     3.4381     2.6167     0.1770    33.8298    33.8300    8.30526         35 0.0000e+00
     65.000     64.316    -1.0545  27.309157    -1.0546  27.308777     8.0862     8.3066    19.6505    73.2064 1.0000e-12  -74.07596 -113.08358  30.965984      96.59 7.8504e+02    415.040       9962  1027.5195  1027.5193     3.4733     2.4981     0.1654    33.8307    33.8304    8.30406         37 0.0000e+00
     66.000     65.307    -1.0409  27.321988    -1.0405  27.321965     8.1063     8.3301    18.6510    71.8791 1.0000e-12  -74.07596 -113.08358  30.966003      99.88 7.8488e+02    416.671      10001  1027.5248  1027.5244     3.4103     2.6958     0.1891    33.8323    33.8318    8.30096         40 0.0000e+00
     67.000     66.296    -1.0372  27.325821    -1.0373  27.325710     8.1151     8.3332    18.9147    72.8222 1.0000e-12  -74.07596 -113.08359  30.966022      99.90 7.8502e+02    418.313      10041  1027.5298  1027.5297     3.4551     2.7245     0.1776    33.8327    33.8326    8.30011         39 0.0000e+00
     68.000     67.286    -1.0367  27.326747    -1.0367  27.326588     8.1158     8.3259    20.5081    72.4560 1.0000e-12  -74.07596 -113.08359  30.966041      99.87 7.8650e+02    419.965      10080  1027.5348  1027.5346     3.4380     2.7376     0.2119    33.8328    33.8326    8.30001         29 0.0000e+00
     69.000     68.275    -1.0358  27.327867    -1.0364  27.327266     8.1174     8.3243    20.1760    72.4187 1.0000e-12  -74.07596 -113.08360  30.966060      99.82 7.8625e+02    421.613      10120  1027.5395  1027.5394     3.4359     2.5656     0.1938    33.8327    33.8325    8.29982         38 0.0000e+00
     70.000     69.265    -1.0354  27.328691    -1.0357  27.328300     8.1160     8.3268    20.0236    71.9389 1.0000e-12  -74.07596 -113.08360  30.966079      99.95 7.8625e+02    423.249      10159  1027.5444  1027.5442     3.4132     2.8628     0.2077    33.8328    33.8325    8.29973         35 0.0000e+00
     71.000     70.253    -1.0350  27.329455    -1.0350  27.329382     8.1050     8.3305    18.9778    72.0856 1.0000e-12  -74.07596 -113.08360  30.966098      99.93 7.8717e+02    424.883      10198  1027.5492  1027.5491     3.4201     2.7189     0.2263    33.8327    33.8326    8.29963         39 0.0000e+00
     72.000     71.243    -1.0345  27.330391    -1.0345  27.330340     8.1213     8.3485    18.9731    72.2691 1.0000e-12  -74.07596 -113.08360  30.966117      99.95 7.8802e+02    426.532      10238  1027.5541  1027.5540     3.4290     2.7506     0.2136    33.8329    33.8327    8.29952         36 0.0000e+00
     73.000     72.233    -1.0313  27.334091    -1.0313  27.333815     8.1437     8.3727    19.1577    72.7968 1.0000e-12  -74.07595 -113.08360  30.966137      99.93 7.8801e+02    428.212      10278  1027.5593  1027.5591     3.4541     2.9155     0.2202    33.8336    33.8333    8.29875         36 0.0000e+00
     74.000     73.222    -1.0209  27.344172    -1.0208  27.343902     8.1645     8.3975    19.7938    71.2861 1.0000e-12  -74.07595 -113.08360  30.966156      99.95 7.8933e+02    429.837      10317  1027.5647  1027.5643     3.3826     2.7857     0.1887    33.8350    33.8346    8.29637         38 0.0000e+00
     75.000     74.210    -1.0166  27.348533    -1.0168  27.348018     8.1910     8.4174    18.8774    71.6882 1.0000e-12  -74.07594 -113.08360  30.966174      99.91 7.9131e+02    431.406      10355  1027.5697  1027.5693     3.4015     2.6809     0.1686    33.8355    33.8351    8.29540         36 0.0000e+00
     76.000     75.200    -1.0096  27.355272    -1.0091  27.355281     8.2401     8.4668    18.8446    71.8962 1.0000e-12  -74.07594 -113.08360  30.966192      99.93 7.9148e+02    433.021      10394  1027.5747  1027.5742     3.4112     2.7026     0.1836    33.8362    33.8357    8.29382         38 0.0000e+00
     77.000     76.189    -0.9970  27.367257    -0.9960  27.367349     8.3075     8.5129    19.7208    71.6048 1.0000e-12  -74.07594 -113.08360  30.966212      99.90 7.9185e+02    434.709      10434  1027.5800  1027.5791     3.3973     2.7902     0.2079    33.8377    33.8367    8.29094         39 0.0000e+00
     78.000     77.179    -0.9716  27.390237    -0.9716  27.389208     8.3335     8.5519    21.4535    70.4781 1.0000e-12  -74.07594 -113.08360  30.966231      99.96 7.9409e+02    436.401      10475  1027.5850  1027.5839     3.3441     2.8665     0.2104    33.8398    33.8384    8.28521         38 0.0000e+00
     79.000     78.168    -0.9603  27.400251    -0.9605  27.399684     8.3505     8.5676    21.2865    70.1587 1.0000e-12  -74.07594 -113.08360  30.966251      99.99 7.9460e+02    438.048      10514  1027.5896  1027.5892     3.3288     3.0939     0.2220    33.8401    33.8395    8.28270         37 0.0000e+00
     80.000     79.157    -0.9595  27.401735    -0.9595  27.401124     8.3621     8.5840    19.0644    70.8630 1.0000e-12  -74.07594 -113.08360  30.966269      99.66 7.9429e+02    439.670      10553  1027.5950  1027.5943     3.3622     2.9649     0.1946    33.8405    33.8398    8.28249         39 0.0000e+00
     81.000     80.147    -0.9486  27.411868    -0.9473  27.412598     8.3678     8.6009    20.9903    71.3799 1.0000e-12  -74.07594 -113.08360  30.966288      97.87 7.9672e+02    441.284      10592  1027.6000  1027.5995     3.3866     3.0049     0.2157    33.8415    33.8410    8.28004         39 0.0000e+00
     82.000     81.136    -0.9456  27.415222    -0.9454  27.414853     8.3753     8.6007    21.6696    71.7970 1.0000e-12  -74.07594 -113.08360  30.966307      99.96 7.9716e+02    442.931      10631  1027.6054  1027.6047     3.4062     3.2789     0.2082    33.8421    33.8413    8.27935         36 0.0000e+00
     83.000     82.124    -0.9427  27.418459    -0.9426  27.417998     8.3820     8.6118    21.8087    69.7152 1.0000e-12  -74.07594 -113.08360  30.966327      99.99 7.9738e+02    444.617      10672  1027.6106  1027.6100     3.3078     3.4483     0.1866    33.8426    33.8419    8.27868         38 0.0000e+00
     84.000     83.115    -0.9402  27.421102    -0.9397  27.420879     8.3809     8.6118    21.1271    70.2262 1.0000e-12  -74.07594 -113.08360  30.966346      99.98 8.0045e+02    446.265      10711  1027.6155  1027.6148     3.3320     3.3547     0.1892    33.8428    33.8419    8.27812         35 0.0000e+00
     85.000     84.104    -0.9395  27.422042    -0.9388  27.422131     8.3818     8.6088    24.2507    70.5075 1.0000e-12  -74.07594 -113.08360  30.966364      99.98 8.0123e+02    447.867      10750  1027.6202  1027.6197     3.3453     3.3878     0.2187    33.8426    33.8420    8.27796         36 0.0000e+00
     86.000     85.092    -0.9401  27.421889    -0.9401  27.421479     8.3789     8.6066    21.8017    69.6420 1.0000e-12  -74.07594 -113.08360  30.966382      99.99 8.0135e+02    449.425      10787  1027.6251  1027.6247     3.3043     3.2413     0.2163    33.8425    33.8419    8.27811         37 0.0000e+00
     87.000     86.083    -0.9396  27.422790    -0.9394  27.422457     8.3722     8.6069    23.2146    69.0327 1.0000e-12  -74.07594 -113.08360  30.966400      99.98 8.0425e+02    450.931      10823  1027.6300  1027.6294     3.2754     3.4953     0.2191    33.8425    33.8418    8.27800         35 0.0000e+00
     88.000     87.071    -0.9413  27.421673    -0.9410  27.421574     8.3680     8.6006    22.2519    69.4757 1.0000e-12  -74.07594 -113.08360  30.966416      99.98 8.0387e+02    452.338      10857  1027.6348  1027.6344     3.2964     3.2551     0.2048    33.8423    33.8418    8.27839         34 0.0000e+00
     89.000     88.061    -0.9420  27.421635    -0.9412  27.421878     8.3393     8.5752    21.3178    69.0892 1.0000e-12  -74.07594 -113.08360  30.966433      99.72 8.0317e+02    453.789      10892  1027.6397  1027.6392     3.2781     3.2805     0.2075    33.8424    33.8418    8.27853         35 0.0000e+00
     90.000     89.049    -0.9468  27.418375    -0.9470  27.418134     8.2782     8.5174    22.2869    69.3163 1.0000e-12  -74.07594 -113.08360  30.966450      99.98 8.0523e+02    455.304      10928  1027.6452  1027.6451     3.2888     3.2826     0.2187    33.8428    33.8426    8.27957         37 0.0000e+00
     91.000     90.038    -0.9573  27.410469    -0.9564  27.411106     8.2052     8.4514    23.2681    67.9727 1.0000e-12  -74.07594 -113.08360  30.966467      99.98 8.0462e+02    456.793      10964  1027.6510  1027.6509     3.2251     3.4364     0.2099    33.8431    33.8431    8.28185         36 0.0000e+00
     92.000     91.030    -0.9764  27.395310    -0.9755  27.396160     8.1700     8.4171    22.7284    68.5359 1.0000e-12  -74.07594 -113.08360  30.966485      99.98 8.0517e+02    458.293      11000  1027.6573  1027.6573     3.2518     3.4993     0.2312    33.8435    33.8436    8.28606         34 0.0000e+00
     93.000     92.017    -0.9819  27.391589    -0.9815  27.391415     8.1655     8.3964    21.3446    68.6405 1.0000e-12  -74.07594 -113.08360  30.966502      99.98 8.0655e+02    459.802      11036  1027.6626  1027.6621     3.2568     3.4685     0.2363    33.8439    33.8432    8.28723         35 0.0000e+00
     94.000     93.007    -0.9809  27.392951    -0.9805  27.392953     8.1018     8.3211    21.3540    68.5530 1.0000e-12  -74.07594 -113.08360  30.966519      99.98 8.0598e+02    461.224      11070  1027.6673  1027.6669     3.2526     3.4747     0.2266    33.8441    33.8436    8.28701         32 0.0000e+00
     95.000     93.995    -0.9869  27.388914    -0.9867  27.389100     7.9246     8.1733    20.8950    69.0949 1.0000e-12  -74.07594 -113.08360  30.966535      99.99 8.0835e+02    462.662      11105  1027.6729  1027.6730     3.2784     3.3327     0.1986    33.8447    33.8447    8.28830         33 0.0000e+00
     96.000     94.984    -1.0433  27.341724    -1.0455  27.341393     7.7814     8.0380    20.8145    69.5836 1.0000e-12  -74.07594 -113.08360  30.966552      99.98 8.0942e+02    464.133      11140  1027.6802  1027.6820     3.3015     3.3635     0.2334    33.8433    33.8453    8.30085         35 0.0000e+00
     97.000     95.975    -1.0723  27.318139    -1.0762  27.315516     7.7121     7.9604    20.1175    68.8664 1.0000e-12  -74.07594 -113.08360  30.966569      99.98 8.1004e+02    465.591      11175  1027.6864  1027.6873     3.2675     3.1801     0.1949    33.8432    33.8440    8.30728         36 0.0000e+00
     98.000     96.963    -1.0937  27.300746    -1.0949  27.299855     7.6796     7.9319    18.9874    68.9217 1.0000e-12  -74.07594 -113.08360  30.966586      99.98 8.1068e+02    467.033      11210  1027.6920  1027.6921     3.2702     3.3939     0.2294    33.8430    33.8430    8.31204         32 0.0000e+00
     99.000     97.952    -1.1013  27.295042    -1.1013  27.294982     7.6405     7.8791    20.4582    69.5289 1.0000e-12  -74.07594 -113.08360  30.966603      99.99 8.1206e+02    468.474      11244  1027.6969  1027.6968     3.2988     3.2704     0.2100    33.8431    33.8431    8.31371         35 0.0000e+00
    100.000     98.941    -1.1087  27.289670    -1.1084  27.289834     7.5387     7.7749    18.5316    69.4849 1.0000e-12  -74.07594 -113.08360  30.966620      99.95 8.1443e+02    469.925      11279  1027.7020  1027.7019     3.2968     2.9827     0.1844    33.8435    33.8433    8.31533         34 0.0000e+00
    101.000     99.931    -1.1350  27.269684    -1.1355  27.270315     7.4313     7.6667    17.2737    69.7850 1.0000e-12  -74.07594 -113.08360  30.966637      99.99 8.1435e+02    471.405      11315  1027.7096  1027.7108     3.3111     3.0720     0.2264    33.8452    33.8467    8.32107         34 0.0000e+00
    102.000    100.920    -1.1559  27.255080    -1.1562  27.254733     7.3869     7.6092    17.1893    69.1383 1.0000e-12  -74.07594 -113.08360  30.966654      99.91 8.1713e+02    472.865      11350  1027.7177  1027.7176     3.2804     2.6855     0.1768    33.8482    33.8481    8.32554         33 0.0000e+00
    103.000    101.908    -1.1629  27.250792    -1.1625  27.251041     7.3604     7.5757    16.0089    70.6963 1.0000e-12  -74.07594 -113.08360  30.966669      99.95 8.1966e+02    474.185      11381  1027.7237  1027.7235     3.3543     2.8204     0.1977    33.8496    33.8495    8.32701         31 0.0000e+00
    104.000    102.899    -1.1670  27.248556    -1.1680  27.247836     7.3388     7.5465    15.1209    70.7993 1.0000e-12  -74.07594 -113.08360  30.966683      99.95 8.2003e+02    475.442      11412  1027.7292  1027.7294     3.3591     2.7902     0.1954    33.8506    33.8508    8.32788         30 0.0000e+00
