ocean_section_plots/required_files/ctd/dnbp2202_ctd294.cnv
* Sea-Bird SBE 9 Data File:
* FileName = D:\Data\raw\NBP2202_CTD294.hex
* Software Version Seasave V 7.26.7.121
* Temperature SN = 1649
* Conductivity SN = 2513
* Number of Bytes Per Scan = 40
* Number of Voltage Words = 5
* Number of Scans Averaged by the Deck Unit = 1
* NMEA Latitude = 73 21.53 S
* NMEA Longitude = 114 41.59 W
* NMEA UTC (Time) = Feb 24 2022  09:31:06
* NMEA baud rate = 9600
** Ship: RVIB N.B. Palmer
** Cruise: NBP2202 Thwaites
** Station: 196
** Operator: B. Bjork
# nquan = 28
# nvalues = 852                         
# units = specified
# name 0 = prDM: Pressure, Digiquartz [db]
# name 1 = depSM: Depth [salt water, m]
# name 2 = t090C: Temperature [ITS-90, deg C]
# name 3 = c0mS/cm: Conductivity [mS/cm]
# name 4 = t190C: Temperature, 2 [ITS-90, deg C]
# name 5 = c1mS/cm: Conductivity, 2 [mS/cm]
# name 6 = sbeox0ML/L: Oxygen, SBE 43 [ml/l]
# name 7 = sbeox1ML/L: Oxygen, SBE 43, 2 [ml/l]
# name 8 = flECO-AFL: Fluorescence, WET Labs ECO-AFL/FL [mg/m^3]
# name 9 = CStarTr0: Beam Transmission, WET Labs C-Star [%]
# name 10 = par: PAR/Irradiance, Biospherical/Licor
# name 11 = latitude: Latitude [deg]
# name 12 = longitude: Longitude [deg]
# name 13 = timeJ: Julian Days
# name 14 = altM: Altimeter [m]
# name 15 = spar: SPAR, Biospherical/Licor
# name 16 = timeS: Time, Elapsed [seconds]
# name 17 = scan: Scan Count
# name 18 = density00: Density [density, kg/m^3]
# name 19 = density11: Density, 2 [density, kg/m^3]
# name 20 = v3: Voltage 3
# name 21 = v4: Voltage 4
# name 22 = v5: Voltage 5
# name 23 = sal00: Salinity, Practical [PSU]
# name 24 = sal11: Salinity, Practical, 2 [PSU]
# name 25 = oxsolML/L: Oxygen Saturation, Garcia & Gordon [ml/l]
# name 26 = nbin: number of scans per bin
# name 27 = flag: flag
# span 0 =      2.000,    853.000       
# span 1 =      1.975,    842.471       
# span 2 =    -1.7864,     0.5976       
# span 3 =  27.045105,  29.603771       
# span 4 =    -1.7862,     0.6001       
# span 5 =  27.046409,  29.604615       
# span 6 =     4.4789,     9.0049       
# span 7 =     4.6595,     9.3527       
# span 8 =     0.1057,    12.9969       
# span 9 =    85.5158,    97.6114       
# span 10 = -1.578e-05, 5.2902e-01      
# span 11 =  -73.35894,  -73.35894      
# span 12 = -114.69328, -114.69324      
# span 13 =  55.397880,  55.411570      
# span 14 =     -23.23,      99.75      
# span 15 = 1.5464e+01, 2.0439e+01      
# span 16 =    110.847,   1293.627      
# span 17 =       2661,      31048      
# span 18 =  1027.1295,  1031.7365      
# span 19 =  1027.1363,  1031.7353      
# span 20 =     4.0572,     4.6305      
# span 21 =     0.0817,     2.4171      
# span 22 =     0.1133,     0.1965      
# span 23 =    33.7303,    34.5663      
# span 24 =    33.7352,    34.5648      
# span 25 =    7.91089,    8.45137      
# span 26 =          7,         48      
# span 27 = 0.0000e+00, 0.0000e+00      
# interval = decibars: 1                
# start_time = Feb 24 2022 09:31:06 [NMEA time, header]
# bad_flag = -9.990e-29
*END*
[from data line 104]
    106.000    104.881    -0.8083  27.574760    -0.8081  27.576525     7.2466     7.5481     4.9922    90.1721 1.0000e-12  -73.35894 -114.69326  55.399950      99.47 1.5866e+01    289.701       6954  1027.7557  1027.7574     4.2778     1.0601     0.1686    33.8894    33.8916    8.24643         27 0.0000e+00
    107.000    105.868    -0.8221  27.563335    -0.8248  27.563849     7.1173     7.4402     5.2337    89.6604 1.0000e-12  -73.35894 -114.69326  55.399964      99.46 1.5866e+01    290.870       6982  1027.7607  1027.7639     4.2535     1.0940     0.1644    33.8889    33.8926    8.24949         29 0.0000e+00
    108.000    106.859    -0.8715  27.521148    -0.8762  27.522076     6.9460     7.3005     5.7368    88.9795 1.0000e-12  -73.35894 -114.69326  55.399979      99.50 1.5866e+01    292.161       7013  1027.7668  1027.7723     4.2212     0.9349     0.1565    33.8866    33.8931    8.26046         32 0.0000e+00
    109.000    107.847    -0.9599  27.448107    -0.9626  27.449480     6.8682     7.2193     4.9253    90.0304 1.0000e-12  -73.35894 -114.69326  55.399994      99.54 1.5866e+01    293.440       7044  1027.7767  1027.7808     4.2711     0.7382     0.1694    33.8862    33.8911    8.27992         29 0.0000e+00
    110.000    108.837    -0.9842  27.429675    -0.9859  27.430566     6.8611     7.1906     4.8132    90.6764 1.0000e-12  -73.35894 -114.69326  55.400007      99.53 1.5866e+01    294.577       7071  1027.7837  1027.7863     4.3016     0.7832     0.1617    33.8879    33.8910    8.28517         27 0.0000e+00
    111.000    109.827    -0.9936  27.423007    -0.9949  27.424055     6.8613     7.1806     5.5099    90.3519 1.0000e-12  -73.35894 -114.69326  55.400019      99.51 1.5866e+01    295.656       7097  1027.7892  1027.7916     4.2863     0.8907     0.1546    33.8888    33.8916    8.28720         25 0.0000e+00
    112.000    110.815    -1.0039  27.416613    -1.0051  27.417573     6.8553     7.1699     5.8143    90.1169 1.0000e-12  -73.35894 -114.69326  55.400032      99.50 1.5866e+01    296.790       7124  1027.7959  1027.7981     4.2751     0.9330     0.1572    33.8910    33.8937    8.28933         29 0.0000e+00
    113.000    111.804    -1.0042  27.418892    -1.0056  27.419777     6.8461     7.1597     4.1877    88.8712 1.0000e-12  -73.35894 -114.69327  55.400047      99.52 1.5866e+01    298.036       7154  1027.8024  1027.8047     4.2162     0.7945     0.1475    33.8939    33.8967    8.28924         30 0.0000e+00
    114.000    112.793    -1.0262  27.401987    -1.0276  27.402971     6.8703     7.1741     5.0104    90.3415 1.0000e-12  -73.35894 -114.69328  55.400061      99.51 1.5866e+01    299.269       7183  1027.8090  1027.8114     4.2858     0.8224     0.1605    33.8950    33.8979    8.29402         29 0.0000e+00
    115.000    113.783    -1.0263  27.404216    -1.0272  27.404800     6.9079     7.1923     4.3201    90.3346 1.0000e-12  -73.35894 -114.69328  55.400074      99.52 1.5866e+01    300.406       7211  1027.8153  1027.8169     4.2855     0.8551     0.1570    33.8975    33.8994    8.29390         26 0.0000e+00
    116.000    114.772    -1.0144  27.415560    -1.0153  27.416358     6.9234     7.2062     4.3233    89.8698 1.0000e-12  -73.35894 -114.69328  55.400087      99.50 1.5866e+01    301.497       7237  1027.8202  1027.8219     4.2634     0.9202     0.1580    33.8990    33.9011    8.29119         27 0.0000e+00
    117.000    115.760    -1.0122  27.418484    -1.0135  27.419236     6.9157     7.2030     4.7031    90.2615 1.0000e-12  -73.35894 -114.69328  55.400100      99.54 1.5866e+01    302.652       7265  1027.8252  1027.8272     4.2820     0.7481     0.1640    33.8998    33.9023    8.29065         29 0.0000e+00
    118.000    116.751    -1.0219  27.412657    -1.0232  27.413417     6.9000     7.1845     4.9437    91.1859 1.0000e-12  -73.35894 -114.69328  55.400115      99.53 1.5866e+01    303.931       7295  1027.8322  1027.8343     4.3258     0.7623     0.1452    33.9022    33.9048    8.29265         31 0.0000e+00
    119.000    117.739    -1.0273  27.409766    -1.0285  27.410653     6.8544     7.1436     4.4041    90.0380 1.0000e-12  -73.35894 -114.69328  55.400129      99.49 1.5866e+01    305.185       7325  1027.8383  1027.8405     4.2714     0.9203     0.1623    33.9037    33.9063    8.29375         29 0.0000e+00
    120.000    118.729    -1.0416  27.400215    -1.0435  27.401166     6.7969     7.0960     4.2737    89.5691 1.0000e-12  -73.35894 -114.69328  55.400143      99.55 1.5866e+01    306.337       7353  1027.8459  1027.8488     4.2492     0.6733     0.1519    33.9062    33.9097    8.29677         27 0.0000e+00
    121.000    119.718    -1.0737  27.376633    -1.0754  27.377429     6.7702     7.0623     4.7993    90.0333 1.0000e-12  -73.35894 -114.69328  55.400156      90.89 1.5866e+01    307.477       7380  1027.8553  1027.8579     4.2712     0.6853     0.1597    33.9097    33.9127    8.30367         28 0.0000e+00
    122.000    120.706    -1.0839  27.369614    -1.0850  27.370531     6.7569     7.0475     4.9303    90.9755 1.0000e-12  -73.35894 -114.69328  55.400170      99.52 1.5866e+01    308.683       7409  1027.8615  1027.8636     4.3159     0.6897     0.1761    33.9110    33.9136    8.30586         30 0.0000e+00
    123.000    121.697    -1.0879  27.367034    -1.0892  27.367781     6.7391     7.0322     4.3350    91.8269 1.0000e-12  -73.35894 -114.69328  55.400184      99.51 1.5866e+01    309.917       7439  1027.8665  1027.8685     4.3562     0.8298     0.1645    33.9114    33.9139    8.30671         29 0.0000e+00
    124.000    122.684    -1.0955  27.361601    -1.0969  27.362290     6.6946     6.9901     4.1463    91.1711 1.0000e-12  -73.35894 -114.69328  55.400199      99.51 1.5866e+01    311.166       7469  1027.8720  1027.8741     4.3252     0.8471     0.1525    33.9120    33.9145    8.30837         30 0.0000e+00
    125.000    123.674    -1.1046  27.354886    -1.1061  27.355757     6.6274     6.9268     5.0595    91.1625 1.0000e-12  -73.35894 -114.69328  55.400213      99.49 1.5866e+01    312.401       7499  1027.8774  1027.8798     4.3247     0.9832     0.1527    33.9125    33.9153    8.31036         30 0.0000e+00
    126.000    124.663    -1.1306  27.334465    -1.1328  27.335579     6.6154     6.9158     4.3312    91.4448 1.0000e-12  -73.35894 -114.69328  55.400227      99.49 1.5866e+01    313.571       7527  1027.8843  1027.8877     4.3381     0.9480     0.1547    33.9133    33.9173    8.31608         27 0.0000e+00
    127.000    125.651    -1.1604  27.313292    -1.1616  27.314279     6.6941     6.9743     4.9486    91.5784 1.0000e-12  -73.35894 -114.69328  55.400240      99.54 1.5866e+01    314.705       7554  1027.8941  1027.8963     4.3442     0.7285     0.1562    33.9174    33.9201    8.32246         26 0.0000e+00
    128.000    126.641    -1.1613  27.314353    -1.1620  27.315094     6.8528     7.0992     4.9886    89.8158 1.0000e-12  -73.35894 -114.69328  55.400253      99.54 1.5866e+01    315.818       7581  1027.9001  1027.9015     4.2611     0.7416     0.1501    33.9193    33.9211    8.32255         28 0.0000e+00
    129.000    127.631    -1.1153  27.358098    -1.1191  27.354510     6.9826     7.2144     3.8519    90.0831 1.0000e-12  -73.35894 -114.69328  55.400265      99.56 1.5866e+01    316.901       7607  1027.9073  1027.9070     4.2736     0.6199     0.1513    33.9264    33.9259    8.31191         26 0.0000e+00
    130.000    128.618    -1.0750  27.393266    -1.0800  27.389497     7.0457     7.2816     3.7294    90.5220 1.0000e-12  -73.35894 -114.69328  55.400278      99.48 1.5866e+01    318.008       7633  1027.9108  1027.9115     4.2945     1.0179     0.1744    33.9284    33.9288    8.30288         25 0.0000e+00
    131.000    129.609    -1.0643  27.402374    -1.0655  27.402798     7.0918     7.3296     4.2515    90.7858 1.0000e-12  -73.35894 -114.69328  55.400290      99.54 1.5866e+01    319.024       7658  1027.9148  1027.9163     4.3068     0.7004     0.1546    33.9281    33.9300    8.30052         23 0.0000e+00
    132.000    130.598    -1.0599  27.407578    -1.0608  27.407847     7.1283     7.3750     4.3217    91.2046 1.0000e-12  -73.35894 -114.69328  55.400300      99.53 1.5866e+01    319.935       7679  1027.9205  1027.9216     4.3267     0.8480     0.1514    33.9295    33.9309    8.29945         22 0.0000e+00
    133.000    131.587    -1.0420  27.423901    -1.0424  27.424600     7.1321     7.3804     3.4543    90.7908 1.0000e-12  -73.35894 -114.69328  55.400311      99.55 1.5866e+01    320.830       7701  1027.9253  1027.9265     4.3071     0.6689     0.1528    33.9310    33.9324    8.29541         21 0.0000e+00
    134.000    132.576    -1.0387  27.426898    -1.0391  27.427734     7.1185     7.3691     3.4721    91.0805 1.0000e-12  -73.35894 -114.69328  55.400321      99.53 1.5866e+01    321.764       7723  1027.9298  1027.9311     4.3208     0.8046     0.1514    33.9307    33.9323    8.29469         23 0.0000e+00
    135.000    133.564    -1.0374  27.428459    -1.0382  27.429131     7.0829     7.3435     4.0988    90.1140 1.0000e-12  -73.35894 -114.69328  55.400333      99.52 1.5866e+01    322.739       7747  1027.9347  1027.9362     4.2750     0.8888     0.1531    33.9307    33.9326    8.29440         24 0.0000e+00
    136.000    134.553    -1.0365  27.429576    -1.0376  27.430109     7.0080     7.2904     4.2399    90.3948 1.0000e-12  -73.35894 -114.69328  55.400344      99.55 1.5866e+01    323.732       7771  1027.9395  1027.9411     4.2884     0.6857     0.1622    33.9307    33.9326    8.29422         24 0.0000e+00
    137.000    135.542    -1.0735  27.397902    -1.0735  27.401151     6.9165     7.2136     3.9474    90.7792 1.0000e-12  -73.35894 -114.69328  55.400355      99.56 1.5866e+01    324.714       7794  1027.9453  1027.9489     4.3066     0.5892     0.1564    33.9286    33.9331    8.30253         23 0.0000e+00
    138.000    136.533    -1.1111  27.369864    -1.1125  27.370654     6.8391     7.1455     4.0941    91.9293 1.0000e-12  -73.35894 -114.69328  55.400366      99.54 1.5866e+01    325.662       7817  1027.9554  1027.9576     4.3607     0.7528     0.1454    33.9323    33.9348    8.31065         23 0.0000e+00
    139.000    137.520    -1.1381  27.346895    -1.1395  27.348370     6.7779     7.0911     4.5040    90.9955 1.0000e-12  -73.35894 -114.69328  55.400377      99.57 1.5866e+01    326.581       7839  1027.9607  1027.9636     4.3172     0.5707     0.1525    33.9307    33.9343    8.31673         22 0.0000e+00
    140.000    138.511    -1.1729  27.319166    -1.1735  27.321024     6.7415     7.0494     3.6908    91.1747 1.0000e-12  -73.35894 -114.69328  55.400388      99.57 1.5866e+01    327.542       7862  1027.9682  1027.9708     4.3254     0.5459     0.1574    33.9315    33.9348    8.32441         23 0.0000e+00
    141.000    139.498    -1.1990  27.298537    -1.2004  27.299684     6.7305     7.0323     2.9819    91.3025 1.0000e-12  -73.35894 -114.69328  55.400399      99.55 1.5866e+01    328.519       7885  1027.9749  1027.9775     4.3314     0.6559     0.1458    33.9322    33.9353    8.33018         23 0.0000e+00
    142.000    140.487    -1.2060  27.294563    -1.2067  27.295377     6.7341     7.0268     3.4765    91.5932 1.0000e-12  -73.35894 -114.69328  55.400411      99.56 1.5866e+01    329.496       7909  1027.9812  1027.9828     4.3452     0.6087     0.1514    33.9340    33.9360    8.33162         24 0.0000e+00
    143.000    141.476    -1.2126  27.289414    -1.2140  27.290259     6.7303     7.0215     3.8541    91.4000 1.0000e-12  -73.35894 -114.69326  55.400422      99.56 1.5866e+01    330.471       7932  1027.9860  1027.9883     4.3360     0.6198     0.1573    33.9338    33.9366    8.33310         24 0.0000e+00
    144.000    142.467    -1.2293  27.277260    -1.2275  27.280577     6.7196     7.0068     3.5158    91.0352 1.0000e-12  -73.35894 -114.69326  55.400433      99.55 1.5866e+01    331.430       7955  1027.9928  1027.9947     4.3187     0.7028     0.1505    33.9355    33.9380    8.33673         22 0.0000e+00
    145.000    143.454    -1.2338  27.274534    -1.2359  27.274480     6.7076     6.9849     3.1610    91.8728 1.0000e-12  -73.35894 -114.69326  55.400444      99.54 1.5866e+01    332.376       7978  1027.9982  1028.0001     4.3584     0.7550     0.1632    33.9362    33.9385    8.33769         23 0.0000e+00
    146.000    144.444    -1.2406  27.269566    -1.2444  27.268257     6.6868     6.9652     3.3014    91.8074 1.0000e-12  -73.35894 -114.69326  55.400455      98.73 1.5866e+01    333.347       8001  1028.0033  1028.0056     4.3554     0.6506     0.1504    33.9365    33.9391    8.33919         23 0.0000e+00
    147.000    145.432    -1.2484  27.263609    -1.2501  27.264034     6.6537     6.9357     3.2831    91.9637 1.0000e-12  -73.35894 -114.69326  55.400467      99.55 1.5866e+01    334.318       8025  1028.0084  1028.0105     4.3627     0.7511     0.1727    33.9366    33.9391    8.34094         23 0.0000e+00
    148.000    146.421    -1.2670  27.248274    -1.2696  27.248497     6.6277     6.9130     3.3784    91.5342 1.0000e-12  -73.35894 -114.69326  55.400478      99.51 1.5866e+01    335.262       8047  1028.0137  1028.0165     4.3424     0.8639     0.1486    33.9360    33.9393    8.34513         23 0.0000e+00
    149.000    147.412    -1.2911  27.230348    -1.2931  27.230639     6.6201     6.9047     3.1552    91.3260 1.0000e-12  -73.35894 -114.69326  55.400489      99.55 1.5866e+01    336.207       8070  1028.0213  1028.0236     4.3325     0.7092     0.1660    33.9381    33.9407    8.35038         23 0.0000e+00
    150.000    148.399    -1.2957  27.227412    -1.2971  27.228050     6.6099     6.8971     3.4475    91.6163 1.0000e-12  -73.35894 -114.69326  55.400500      99.54 1.5866e+01    337.161       8093  1028.0266  1028.0286     4.3462     0.7323     0.1500    33.9387    33.9411    8.35138         23 0.0000e+00
    151.000    149.389    -1.3001  27.224502    -1.3017  27.224968     6.6061     6.8892     3.4403    91.6011 1.0000e-12  -73.35894 -114.69326  55.400511      99.52 1.5866e+01    338.129       8116  1028.0316  1028.0337     4.3455     0.8744     0.1577    33.9390    33.9415    8.35234         23 0.0000e+00
    152.000    150.378    -1.3086  27.218604    -1.3103  27.218978     6.6064     6.8774     3.4990    91.8362 1.0000e-12  -73.35894 -114.69326  55.400522      99.58 1.5866e+01    339.113       8140  1028.0374  1028.0394     4.3572     0.5089     0.1439    33.9400    33.9423    8.35420         24 0.0000e+00
    153.000    151.367    -1.3153  27.213906    -1.3158  27.215225     6.6020     6.8719     3.8199    92.9732 1.0000e-12  -73.35894 -114.69326  55.400533      99.57 1.5866e+01    340.080       8163  1028.0427  1028.0447     4.4101     0.5623     0.1567    33.9404    33.9428    8.35565         23 0.0000e+00
    154.000    152.355    -1.3404  27.195390    -1.3420  27.196409     6.5906     6.8709     4.0167    92.7064 1.0000e-12  -73.35894 -114.69326  55.400544      99.55 1.5866e+01    341.012       8185  1028.0509  1028.0535     4.3979     0.7063     0.1478    33.9429    33.9461    8.36114         22 0.0000e+00
    155.000    153.345    -1.3499  27.189980    -1.3509  27.190779     6.5905     6.8639     3.4899    91.4912 1.0000e-12  -73.35894 -114.69326  55.400555      99.55 1.5866e+01    341.950       8208  1028.0581  1028.0600     4.3403     0.6775     0.1704    33.9456    33.9478    8.36310         23 0.0000e+00
    156.000    154.333    -1.3547  27.186574    -1.3551  27.187978     6.5935     6.8644     3.7795    90.6170 1.0000e-12  -73.35894 -114.69326  55.400566      99.56 1.5866e+01    342.917       8231  1028.0630  1028.0649     4.2989     0.6535     0.1518    33.9457    33.9481    8.36417         23 0.0000e+00
