ocean_section_plots/required_files/ctd/dnbp2202_ctd202.cnv
* Sea-Bird SBE 9 Data File:
* FileName = D:\Data\raw\NBP2202_CTD202.hex
* Software Version Seasave V 7.26.7.121
* Temperature SN = 1649
* Conductivity SN = 2513
* Number of Bytes Per Scan = 40
* Number of Voltage Words = 5
* Number of Scans Averaged by the Deck Unit = 1
* NMEA Latitude = 73 50.20 S
* NMEA Longitude = 112 59.69 W
* NMEA UTC (Time) = Feb 08 2022  19:18:46
* NMEA baud rate = 9600
** Ship: RVIB N.B. Palmer
** Cruise: NBP2202 Thwaites
** Station: 121
** Operator: A. Robinson
# nquan = 28
# nvalues = 803                         
# units = specified
# name 0 = prDM: Pressure, Digiquartz [db]
# name 1 = depSM: Depth [salt water, m]
# name 2 = t090C: Temperature [ITS-90, deg C]
# name 3 = c0mS/cm: Conductivity [mS/cm]
# name 4 = t190C: Temperature, 2 [ITS-90, deg C]
# name 5 = c1mS/cm: Conductivity, 2 [mS/cm]
# name 6 = sbeox0ML/L: Oxygen, SBE 43 [ml/l]
# name 7 = sbeox1ML/L: Oxygen, SBE 43, 2 [ml/l]
# name 8 = flECO-AFL: Fluorescence, WET Labs ECO-AFL/FL [mg/m^3]
# name 9 = CStarTr0: Beam Transmission, WET Labs C-Star [%]
# name 10 = par: PAR/Irradiance, Biospherical/Licor
# name 11 = latitude: Latitude [deg]
# name 12 = longitude: Longitude [deg]
# name 13 = timeJ: Julian Days
# name 14 = altM: Altimeter [m]
# name 15 = spar: SPAR, Biospherical/Licor
# name 16 = timeS: Time, Elapsed [seconds]
# name 17 = scan: Scan Count
# name 18 = density00: Density [density, kg/m^3]
# name 19 = density11: Density, 2 [density, kg/m^3]
# name 20 = v3: Voltage 3
# name 21 = v4: Voltage 4
# name 22 = v5: Voltage 5
# name 23 = sal00: Salinity, Practical [PSU]
# name 24 = sal11: Salinity, Practical, 2 [PSU]
# name 25 = oxsolML/L: Oxygen Saturation, Garcia & Gordon [ml/l]
# name 26 = nbin: number of scans per bin
# name 27 = flag: flag
# span 0 =      1.000,    803.000       
# span 1 =      1.025,    793.169       
# span 2 =    -1.5289,     0.5381       
# span 3 =  27.034097,  29.526635       
# span 4 =    -1.5287,     0.5396       
# span 5 =  27.033586,  29.525549       
# span 6 =     4.5606,     9.1161       
# span 7 =     4.6692,     9.3496       
# span 8 =    -0.0156,    27.2161       
# span 9 =    76.0162,    98.5777       
# span 10 = -1.155e-04, 1.8036e+02      
# span 11 =  -73.83678,  -73.83674      
# span 12 = -112.99500, -112.99492      
# span 13 =  39.807555,  39.819807      
# span 14 =     -13.94,     134.59      
# span 15 = 2.6599e+02, 2.8298e+02      
# span 16 =    246.680,   1305.326      
# span 17 =       5921,      31329      
# span 18 =  1027.1527,  1031.5034      
# span 19 =  1027.1534,  1031.5008      
# span 20 =     3.6065,     4.6763      
# span 21 =     0.0651,     4.0412      
# span 22 =     0.1145,     0.2618      
# span 23 =    33.7779,    34.5603      
# span 24 =    33.7787,    34.5572      
# span 25 =    7.92339,    8.40234      
# span 26 =          1,         51      
# span 27 = 0.0000e+00, 0.0000e+00      
# interval = decibars: 1                
# start_time = Feb 08 2022 19:18:46 [NMEA time, header]
# bad_flag = -9.990e-29
*END*
[from data line 156]
    157.000    155.318    -1.2318  27.344718    -1.2311  27.343687     5.8025     5.9781     0.7451    96.2815 1.0000e-12  -73.83676 -112.99496  39.810710      99.89 2.6928e+02    519.322      12465  1028.1214  1028.1196     4.5675     0.2427     0.1186    34.0227    34.0205    8.33213         27 0.0000e+00
    158.000    156.307    -1.2273  27.349812    -1.2276  27.348790     5.8060     5.9766     0.9033    96.6991 1.0000e-12  -73.83676 -112.99496  39.810721      97.35 2.7589e+02    520.325      12489  1028.1271  1028.1264     4.5872     0.2595     0.1273    34.0240    34.0230    8.33106         22 0.0000e+00
    159.000    157.298    -1.2288  27.349779    -1.2275  27.349987     5.8084     5.9753     1.0127    96.3407 1.0000e-12  -73.83676 -112.99496  39.810731      96.23 2.7677e+02    521.190      12510  1028.1330  1028.1321     4.5703     0.2071     0.1246    34.0250    34.0239    8.33133         20 0.0000e+00
    160.000    158.286    -1.2248  27.354262    -1.2240  27.353970     5.8084     5.9775     0.7130    96.3182 1.0000e-12  -73.83676 -112.99496  39.810742      99.84 2.7368e+02    522.070      12531  1028.1385  1028.1375     4.5692     0.2100     0.1258    34.0260    34.0247    8.33038         23 0.0000e+00
    161.000    159.274    -1.2246  27.354749    -1.2239  27.354357     5.8100     5.9719     0.7790    96.8212 1.0000e-12  -73.83676 -112.99496  39.810754      99.90 2.7002e+02    523.133      12556  1028.1435  1028.1423     4.5931     0.1563     0.1226    34.0259    34.0245    8.33036         28 0.0000e+00
    162.000    160.264    -1.2238  27.355839    -1.2229  27.355451     5.8069     5.9759     0.8691    96.8260 1.0000e-12  -73.83676 -112.99496  39.810769      99.90 2.7631e+02    524.402      12587  1028.1483  1028.1470     4.5933     0.1522     0.1249    34.0257    34.0243    8.33017         32 0.0000e+00
    163.000    161.252    -1.2248  27.355435    -1.2242  27.355125     5.8204     5.9899     0.7144    96.7928 1.0000e-12  -73.83676 -112.99496  39.810783      99.90 2.7239e+02    525.668      12617  1028.1533  1028.1524     4.5917     0.1875     0.1219    34.0258    34.0247    8.33041         29 0.0000e+00
    164.000    162.240    -1.2292  27.353079    -1.2285  27.352951     5.8340     6.0050     0.5967    96.9745 1.0000e-12  -73.83676 -112.99496  39.810797      99.87 2.7227e+02    526.835      12645  1028.1595  1028.1587     4.6003     0.3373     0.1243    34.0269    34.0259    8.33132         27 0.0000e+00
    165.000    163.230    -1.2331  27.351996    -1.2326  27.351558     5.8488     6.0101     0.8383    96.7750 1.0000e-12  -73.83676 -112.99496  39.810809      99.89 2.7627e+02    527.933      12671  1028.1665  1028.1654     4.5909     0.2455     0.1290    34.0292    34.0280    8.33204         25 0.0000e+00
    166.000    164.219    -1.2301  27.356254    -1.2292  27.356033     5.8580     6.0189     0.8490    96.9193 1.0000e-12  -73.83676 -112.99496  39.810821      99.90 2.7428e+02    528.968      12696  1028.1726  1028.1714     4.5978     0.1309     0.1191    34.0310    34.0297    8.33127         25 0.0000e+00
    167.000    165.207    -1.2296  27.358835    -1.2289  27.358547     5.8690     6.0328     0.6014    97.1102 1.0000e-12  -73.83676 -112.99496  39.810833      99.90 2.6782e+02    529.977      12720  1028.1793  1028.1783     4.6067     0.1654     0.1223    34.0334    34.0322    8.33102         24 0.0000e+00
    168.000    166.197    -1.2222  27.366579    -1.2216  27.366115     5.8696     6.0276     0.7724    96.6995 1.0000e-12  -73.83676 -112.99496  39.810845      99.89 2.7649e+02    531.044      12746  1028.1850  1028.1838     4.5873     0.2095     0.1290    34.0350    34.0336    8.32928         28 0.0000e+00
    169.000    167.186    -1.2250  27.365198    -1.2243  27.364943     5.8890     6.0376     0.7160    97.0534 1.0000e-12  -73.83676 -112.99496  39.810859      99.90 2.7527e+02    532.249      12775  1028.1905  1028.1896     4.6040     0.1957     0.1254    34.0356    34.0345    8.32986         30 0.0000e+00
    170.000    168.174    -1.2241  27.366732    -1.2239  27.366306     5.9637     6.0986     0.5106    97.1828 1.0000e-12  -73.83676 -112.99496  39.810875      94.87 2.6720e+02    533.585      12807  1028.1957  1028.1951     4.6103     0.1554     0.1285    34.0361    34.0353    8.32963         33 0.0000e+00
    171.000    169.163    -1.2688  27.329162    -1.2692  27.329077     6.0430     6.1817     0.8338    97.0812 1.0000e-12  -73.83676 -112.99496  39.810890      99.43 2.7354e+02    534.925      12839  1028.2024  1028.2027     4.6054     0.2426     0.1303    34.0347    34.0351    8.33968         29 0.0000e+00
    172.000    170.150    -1.3051  27.299288    -1.3049  27.299464     6.0941     6.2401     0.6143    97.3326 1.0000e-12  -73.83676 -112.99496  39.810902      99.90 2.7527e+02    535.952      12864  1028.2091  1028.2091     4.6173     0.2331     0.1210    34.0343    34.0343    8.34781         22 0.0000e+00
    173.000    171.141    -1.3297  27.279000    -1.3299  27.278907     6.1366     6.2834     0.5048    96.9952 1.0000e-12  -73.83676 -112.99496  39.810913      99.90 2.6977e+02    536.846      12885  1028.2149  1028.2150     4.6014     0.2255     0.1213    34.0339    34.0339    8.35335         22 0.0000e+00
    174.000    172.130    -1.3527  27.260410    -1.3528  27.260279     6.1653     6.3131     0.4398    96.9540 1.0000e-12  -73.83676 -112.99496  39.810924      99.90 2.7395e+02    537.857      12910  1028.2209  1028.2208     4.5994     0.1832     0.1269    34.0339    34.0337    8.35851         27 0.0000e+00
    175.000    173.118    -1.3732  27.243727    -1.3731  27.243692     6.1836     6.3371     0.4695    96.9533 1.0000e-12  -73.83676 -112.99496  39.810939      99.89 2.7464e+02    539.128      12940  1028.2263  1028.2262     4.5993     0.2004     0.1273    34.0335    34.0334    8.36311         34 0.0000e+00
    176.000    174.107    -1.3852  27.234456    -1.3847  27.234565     6.2057     6.3656     1.2445    97.0815 1.0000e-12  -73.83676 -112.99496  39.810956      99.90 2.6874e+02    540.574      12975  1028.2316  1028.2312     4.6054     0.1946     0.1255    34.0338    34.0334    8.36578         34 0.0000e+00
    177.000    175.096    -1.3959  27.226500    -1.3955  27.226456     6.2055     6.3712     0.7287    96.8410 1.0000e-12  -73.83676 -112.99496  39.810971      99.89 2.7514e+02    541.874      13006  1028.2372  1028.2367     4.5940     0.1927     0.1191    34.0345    34.0339    8.36815         27 0.0000e+00
    178.000    176.084    -1.4008  27.223449    -1.4003  27.223414     6.1816     6.3517     0.5613    96.7488 1.0000e-12  -73.83676 -112.99496  39.810982      99.91 2.7552e+02    542.845      13029  1028.2425  1028.2420     4.5896     0.1467     0.1236    34.0351    34.0345    8.36920         21 0.0000e+00
    179.000    177.073    -1.3989  27.226405    -1.3985  27.225891     6.1761     6.3455     0.5917    97.0041 1.0000e-12  -73.83676 -112.99496  39.810992      99.90 2.7322e+02    543.710      13050  1028.2480  1028.2471     4.6017     0.1324     0.1283    34.0364    34.0353    8.36870         22 0.0000e+00
    180.000    178.063    -1.3799  27.244349    -1.3785  27.244665     6.1880     6.3550     0.4935    97.0398 1.0000e-12  -73.83676 -112.99496  39.811005      99.90 2.7094e+02    544.850      13077  1028.2533  1028.2522     4.6034     0.1535     0.1241    34.0389    34.0377    8.36429         31 0.0000e+00
    181.000    179.050    -1.3944  27.232705    -1.3935  27.232839     6.2059     6.3789     0.6170    96.8650 1.0000e-12  -73.83676 -112.99496  39.811025      99.90 2.7395e+02    546.545      13118  1028.2587  1028.2580     4.5952     0.2027     0.1283    34.0387    34.0379    8.36755         37 0.0000e+00
    182.000    180.039    -1.4003  27.228790    -1.3999  27.228585     6.2291     6.4051     0.5792    96.8985 1.0000e-12  -73.83676 -112.99496  39.811041      99.89 2.6938e+02    547.984      13153  1028.2642  1028.2636     4.5967     0.2231     0.1254    34.0394    34.0388    8.36883         28 0.0000e+00
    183.000    181.029    -1.4089  27.222959    -1.4087  27.222663     6.2398     6.4153     0.5642    97.0619 1.0000e-12  -73.83676 -112.99496  39.811052      99.88 2.7314e+02    548.933      13175  1028.2703  1028.2698     4.6045     0.3075     0.1228    34.0406    34.0400    8.37070         20 0.0000e+00
    184.000    182.018    -1.4137  27.219463    -1.4138  27.218961     6.2407     6.4130     0.5333    96.9988 1.0000e-12  -73.83676 -112.99496  39.811062      99.90 2.7687e+02    549.776      13196  1028.2753  1028.2749     4.6015     0.1668     0.1268    34.0407    34.0401    8.37179         21 0.0000e+00
    185.000    183.007    -1.4172  27.217771    -1.4164  27.217735     6.2387     6.4129     0.4745    96.9843 1.0000e-12  -73.83676 -112.99496  39.811074      99.90 2.7460e+02    550.773      13220  1028.2810  1028.2802     4.6008     0.1662     0.1237    34.0417    34.0407    8.37250         28 0.0000e+00
    186.000    183.995    -1.4166  27.219001    -1.4159  27.218830     6.2387     6.4102     0.4776    97.0850 1.0000e-12  -73.83676 -112.99496  39.811091      99.89 2.6974e+02    552.223      13254  1028.2858  1028.2850     4.6056     0.2215     0.1261    34.0421    34.0410    8.37235         38 0.0000e+00
    187.000    184.983    -1.4157  27.220787    -1.4150  27.220628     6.2319     6.4102     0.5490    97.1090 1.0000e-12  -73.83676 -112.99496  39.811109      99.91 2.7408e+02    553.785      13292  1028.2910  1028.2902     4.6067     0.1477     0.1242    34.0428    34.0419    8.37209         31 0.0000e+00
    188.000    185.974    -1.4111  27.226957    -1.4105  27.226750     6.2295     6.4061     0.6194    97.0259 1.0000e-12  -73.83676 -112.99496  39.811121      99.90 2.7442e+02    554.890      13318  1028.2976  1028.2967     4.6027     0.1457     0.1220    34.0455    34.0445    8.37090         21 0.0000e+00
    189.000    186.960    -1.4101  27.228941    -1.4095  27.228705     6.2335     6.4057     0.6001    96.7083 1.0000e-12  -73.83676 -112.99496  39.811131      99.89 2.6879e+02    555.723      13338  1028.3030  1028.3022     4.5877     0.1729     0.1230    34.0465    34.0455    8.37062         20 0.0000e+00
    190.000    187.951    -1.4094  27.230352    -1.4087  27.230202     6.2340     6.4040     0.3972    96.9600 1.0000e-12  -73.83676 -112.99496  39.811141      99.90 2.7685e+02    556.622      13360  1028.3081  1028.3073     4.5997     0.1524     0.1238    34.0470    34.0459    8.37043         24 0.0000e+00
    191.000    188.938    -1.4072  27.233370    -1.4063  27.233282     6.2279     6.4043     0.3699    96.9618 1.0000e-12  -73.83676 -112.99496  39.811156      99.91 2.7569e+02    557.870      13390  1028.3136  1028.3126     4.5997     0.1412     0.1237    34.0480    34.0468    8.36988         34 0.0000e+00
    192.000    189.927    -1.4058  27.235434    -1.4049  27.235242     6.2190     6.4036     0.4800    96.9358 1.0000e-12  -73.83676 -112.99496  39.811174      90.14 2.6900e+02    559.414      13427  1028.3187  1028.3177     4.5985     0.1783     0.1274    34.0486    34.0474    8.36953         35 0.0000e+00
    193.000    190.916    -1.4045  27.236992    -1.4039  27.236886     6.2210     6.3904     0.5343    96.9491 1.0000e-12  -73.83677 -112.99496  39.811189     100.36 2.7679e+02    560.729      13458  1028.3235  1028.3228     4.5991     0.1814     0.1222    34.0487    34.0478    8.36924         27 0.0000e+00
    194.000    191.906    -1.4033  27.239127    -1.4027  27.238853     6.2133     6.3879     0.5968    96.9361 1.0000e-12  -73.83677 -112.99496  39.811200      99.88 2.7575e+02    561.683      13481  1028.3289  1028.3280     4.5985     0.2236     0.1263    34.0496    34.0485    8.36890         21 0.0000e+00
    195.000    192.895    -1.3997  27.243229    -1.3992  27.242782     6.2104     6.3904     0.6069    97.0299 1.0000e-12  -73.83676 -112.99497  39.811210      99.89 2.7018e+02    562.554      13502  1028.3342  1028.3332     4.6029     0.2015     0.1239    34.0505    34.0493    8.36804         22 0.0000e+00
    196.000    193.882    -1.3965  27.246829    -1.3959  27.246379     6.2013     6.3841     0.5791    97.1344 1.0000e-12  -73.83676 -112.99498  39.811223      99.90 2.7515e+02    563.637      13528  1028.3394  1028.3383     4.6079     0.1532     0.1205    34.0513    34.0499    8.36729         31 0.0000e+00
    197.000    194.872    -1.3933  27.250159    -1.3926  27.249836     6.1964     6.3778     0.9388    97.0872 1.0000e-12  -73.83676 -112.99498  39.811241      99.90 2.7376e+02    565.224      13566  1028.3443  1028.3432     4.6056     0.1194     0.1217    34.0516    34.0503    8.36655         36 0.0000e+00
    198.000    195.859    -1.3885  27.255127    -1.3860  27.256256     6.1753     6.3586     0.6330    97.1555 1.0000e-12  -73.83677 -112.99498  39.811258      99.90 2.6816e+02    566.693      13602  1028.3493  1028.3482     4.6089     0.1400     0.1255    34.0523    34.0510    8.36542         29 0.0000e+00
    199.000    196.849    -1.3817  27.261859    -1.3805  27.262076     6.1756     6.3640     0.3224    97.2748 1.0000e-12  -73.83678 -112.99498  39.811270      99.88 2.7667e+02    567.708      13626  1028.3545  1028.3535     4.6146     0.2409     0.1259    34.0532    34.0521    8.36385         20 0.0000e+00
    200.000    197.838    -1.3767  27.267009    -1.3762  27.266765     6.1856     6.3699     0.4132    97.1132 1.0000e-12  -73.83678 -112.99498  39.811279      99.91 2.7795e+02    568.540      13646  1028.3596  1028.3589     4.6069     0.1540     0.1242    34.0540    34.0531    8.36268         21 0.0000e+00
    201.000    198.828    -1.3875  27.258484    -1.3869  27.258509     6.1813     6.3574     0.4828    97.0893 1.0000e-12  -73.83676 -112.99498  39.811291      99.90 2.7223e+02    569.545      13670  1028.3652  1028.3646     4.6059     0.1475     0.1249    34.0540    34.0532    8.36511         28 0.0000e+00
    202.000    199.815    -1.3831  27.264576    -1.3795  27.266234     6.1496     6.3340     1.0655    97.1059 1.0000e-12  -73.83676 -112.99498  39.811308      99.90 2.7262e+02    571.015      13705  1028.3719  1028.3703     4.6065     0.1513     0.1332    34.0566    34.0549    8.36395         37 0.0000e+00
    203.000    200.804    -1.3652  27.280793    -1.3640  27.280714     6.1305     6.3211     0.2930    97.2756 1.0000e-12  -73.83677 -112.99498  39.811326      99.91 2.7349e+02    572.525      13742  1028.3767  1028.3754     4.6146     0.1135     0.1203    34.0580    34.0565    8.35987         31 0.0000e+00
    204.000    201.792    -1.3637  27.282470    -1.3633  27.282024     6.1253     6.3019     0.4036    97.3640 1.0000e-12  -73.83678 -112.99498  39.811338      99.89 2.7251e+02    573.628      13768  1028.3815  1028.3806     4.6188     0.1836     0.1245    34.0580    34.0569    8.35954         22 0.0000e+00
    205.000    202.781    -1.3614  27.285327    -1.3606  27.284941     6.1268     6.3047     0.6232    97.3965 1.0000e-12  -73.83678 -112.99498  39.811348      99.90 2.7307e+02    574.480      13789  1028.3867  1028.3856     4.6203     0.1770     0.1252    34.0586    34.0572    8.35898         21 0.0000e+00
    206.000    203.771    -1.3509  27.296324    -1.3486  27.297178     6.1026     6.2964     0.3794    97.2766 1.0000e-12  -73.83678 -112.99498  39.811359      99.90 2.7783e+02    575.417      13811  1028.3929  1028.3917     4.6147     0.1319     0.1238    34.0612    34.0598    8.35647         25 0.0000e+00
    207.000    204.758    -1.3491  27.299628    -1.3527  27.294753     6.0533     6.2471     0.4885    97.3786 1.0000e-12  -73.83676 -112.99498  39.811374      99.90 2.7490e+02    576.699      13842  1028.3993  1028.3975     4.6195     0.1368     0.1281    34.0631    34.0605    8.35596         37 0.0000e+00
