ocean_section_plots/required_files/ctd/dnbp2202_ctd294.cnv
* Sea-Bird SBE 9 Data File:
* FileName = D:\Data\raw\NBP2202_CTD294.hex
* Software Version Seasave V 7.26.7.121
* Temperature SN = 1649
* Conductivity SN = 2513
* Number of Bytes Per Scan = 40
* Number of Voltage Words = 5
* Number of Scans Averaged by the Deck Unit = 1
* NMEA Latitude = 73 21.53 S
* NMEA Longitude = 114 41.59 W
* NMEA UTC (Time) = Feb 24 2022  09:31:06
* NMEA baud rate = 9600
** Ship: RVIB N.B. Palmer
** Cruise: NBP2202 Thwaites
** Station: 196
** Operator: B. Bjork
# nquan = 28
# nvalues = 852                         
# units = specified
# name 0 = prDM: Pressure, Digiquartz [db]
# name 1 = depSM: Depth [salt water, m]
# name 2 = t090C: Temperature [ITS-90, deg C]
# name 3 = c0mS/cm: Conductivity [mS/cm]
# name 4 = t190C: Temperature, 2 [ITS-90, deg C]
# name 5 = c1mS/cm: Conductivity, 2 [mS/cm]
# name 6 = sbeox0ML/L: Oxygen, SBE 43 [ml/l]
# name 7 = sbeox1ML/L: Oxygen, SBE 43, 2 [ml/l]
# name 8 = flECO-AFL: Fluorescence, WET Labs ECO-AFL/FL [mg/m^3]
# name 9 = CStarTr0: Beam Transmission, WET Labs C-Star [%]
# name 10 = par: PAR/Irradiance, Biospherical/Licor
# name 11 = latitude: Latitude [deg]
# name 12 = longitude: Longitude [deg]
# name 13 = timeJ: Julian Days
# name 14 = altM: Altimeter [m]
# name 15 = spar: SPAR, Biospherical/Licor
# name 16 = timeS: Time, Elapsed [seconds]
# name 17 = scan: Scan Count
# name 18 = density00: Density [density, kg/m^3]
# name 19 = density11: Density, 2 [density, kg/m^3]
# name 20 = v3: Voltage 3
# name 21 = v4: Voltage 4
# name 22 = v5: Voltage 5
# name 23 = sal00: Salinity, Practical [PSU]
# name 24 = sal11: Salinity, Practical, 2 [PSU]
# name 25 = oxsolML/L: Oxygen Saturation, Garcia & Gordon [ml/l]
# name 26 = nbin: number of scans per bin
# name 27 = flag: flag
# span 0 =      2.000,    853.000       
# span 1 =      1.975,    842.471       
# span 2 =    -1.7864,     0.5976       
# span 3 =  27.045105,  29.603771       
# span 4 =    -1.7862,     0.6001       
# span 5 =  27.046409,  29.604615       
# span 6 =     4.4789,     9.0049       
# span 7 =     4.6595,     9.3527       
# span 8 =     0.1057,    12.9969       
# span 9 =    85.5158,    97.6114       
# span 10 = -1.578e-05, 5.2902e-01      
# span 11 =  -73.35894,  -73.35894      
# span 12 = -114.69328, -114.69324      
# span 13 =  55.397880,  55.411570      
# span 14 =     -23.23,      99.75      
# span 15 = 1.5464e+01, 2.0439e+01      
# span 16 =    110.847,   1293.627      
# span 17 =       2661,      31048      
# span 18 =  1027.1295,  1031.7365      
# span 19 =  1027.1363,  1031.7353      
# span 20 =     4.0572,     4.6305      
# span 21 =     0.0817,     2.4171      
# span 22 =     0.1133,     0.1965      
# span 23 =    33.7303,    34.5663      
# span 24 =    33.7352,    34.5648      
# span 25 =    7.91089,    8.45137      
# span 26 =          7,         48      
# span 27 = 0.0000e+00, 0.0000e+00      
# interval = decibars: 1                
# start_time = Feb 24 2022 09:31:06 [NMEA time, header]
# bad_flag = -9.990e-29
*END*
      2.000      1.975    -0.8798  27.351025    -0.8888  27.349348     8.9930     8.8870     9.4267    87.1742 5.2902e-01  -73.35894 -114.69326  55.397880     -23.23 1.5866e+01    110.847       2661  1027.1295  1027.1363     4.1350     2.0520     0.1518    33.7303    33.7382    8.27138          7 0.0000e+00
      3.000      2.970    -0.8813  27.350962    -0.8817  27.354746     8.9958     8.8583    11.7263    87.9809 3.9513e-01  -73.35894 -114.69326  55.397992      94.85 1.5866e+01    120.514       2893  1027.1350  1027.1396     4.1745     1.6056     0.1612    33.7313    33.7369    8.27166         35 0.0000e+00
      4.000      3.957    -0.8891  27.344707    -0.8905  27.347559     8.9961     8.8769    10.4683    87.6740 2.5419e-01  -73.35894 -114.69326  55.398025      76.42 1.5866e+01    123.362       2962  1027.1402  1027.1446     4.1594     2.0507     0.1773    33.7310    33.7364    8.27340         30 0.0000e+00
      5.000      4.948    -0.9020  27.334125    -0.8930  27.346009     8.9997     8.9229    11.1023    87.7011 1.6465e-01  -73.35894 -114.69326  55.398052      99.07 1.5866e+01    125.659       3017  1027.1454  1027.1495     4.1607     2.0436     0.1779    33.7305    33.7365    8.27628         44 0.0000e+00
      6.000      5.937    -0.8704  27.362458    -0.8787  27.357265     8.9959     8.9841     9.8586    87.8398 1.0025e-01  -73.35894 -114.69324  55.398076      99.46 1.5866e+01    127.778       3068  1027.1499  1027.1524     4.1672     1.7787     0.1631    33.7329    33.7352    8.26918         43 0.0000e+00
      7.000      6.928    -0.8986  27.337888    -0.9062  27.336075     9.0040     9.0627    12.2303    88.4438 6.7663e-02  -73.35894 -114.69324  55.398097      99.53 1.5866e+01    129.573       3111  1027.1547  1027.1601     4.1958     1.7664     0.1700    33.7305    33.7366    8.27551         43 0.0000e+00
      8.000      7.918    -0.9027  27.335120    -0.9049  27.337134     8.9988     9.1334    11.4995    87.3128 3.4128e-02  -73.35894 -114.69324  55.398119      99.51 1.5866e+01    131.472       3156  1027.1599  1027.1642     4.1426     1.7087     0.1712    33.7308    33.7360    8.27641         37 0.0000e+00
      9.000      8.908    -0.9032  27.335173    -0.9054  27.337381     8.9962     9.1883    11.4384    87.8425 1.2838e-02  -73.35894 -114.69324  55.398140      99.53 1.5866e+01    133.296       3200  1027.1646  1027.1691     4.1681     1.9930     0.1569    33.7307    33.7363    8.27651         37 0.0000e+00
     10.000      9.897    -0.9051  27.334105    -0.9074  27.336276     8.9975     9.2348    10.6564    88.5376 1.0940e-03  -73.35894 -114.69324  55.398161      63.01 1.5866e+01    135.085       3243  1027.1695  1027.1741     4.2002     2.1497     0.1813    33.7308    33.7363    8.27693         38 0.0000e+00
     11.000     10.886    -0.9023  27.336977    -0.9057  27.338101     9.0049     9.2714    10.5475    88.4852 -1.578e-05  -73.35894 -114.69324  55.398182      85.12 1.5866e+01    136.955       3288  1027.1742  1027.1786     4.1979     1.6020     0.1508    33.7310    33.7363    8.27631         39 0.0000e+00
     12.000     11.876    -0.9053  27.334650    -0.9072  27.336967     8.9959     9.3119    11.1053    88.1057 1.0000e-12  -73.35894 -114.69324  55.398203      97.58 1.5866e+01    138.738       3331  1027.1789  1027.1831     4.1793     1.8048     0.1607    33.7306    33.7358    8.27700         39 0.0000e+00
     13.000     12.865    -0.9079  27.333022    -0.9117  27.333926     8.9920     9.3266    12.9969    85.5534 1.0000e-12  -73.35894 -114.69324  55.398224      99.53 1.5866e+01    140.536       3374  1027.1838  1027.1884     4.0584     2.1334     0.1775    33.7306    33.7361    8.27756         40 0.0000e+00
     14.000     13.856    -0.9131  27.329595    -0.9168  27.330460     8.9987     9.3527    11.2864    88.8415 1.0000e-12  -73.35894 -114.69324  55.398245      99.39 1.5866e+01    142.376       3418  1027.1894  1027.1938     4.2147     1.9016     0.1718    33.7313    33.7365    8.27868         40 0.0000e+00
     15.000     14.844    -0.9141  27.329371    -0.9179  27.330216     8.9695     9.3419    11.8315    87.1228 1.0000e-12  -73.35894 -114.69324  55.398266      99.44 1.5866e+01    144.189       3462  1027.1944  1027.1989     4.1335     1.9135     0.1582    33.7315    33.7369    8.27889         41 0.0000e+00
     16.000     15.835    -0.9165  27.329028    -0.9204  27.329906     8.9323     9.3197    12.2765    87.6913 1.0000e-12  -73.35894 -114.69324  55.398287      99.75 1.5866e+01    145.975       3504  1027.2005  1027.2052     4.1597     2.4171     0.1698    33.7330    33.7386    8.27932         39 0.0000e+00
     17.000     16.824    -0.9206  27.329501    -0.9241  27.330431     8.9191     9.3196    12.0488    87.0048 1.0000e-12  -73.35894 -114.69324  55.398308      99.49 1.5866e+01    147.829       3549  1027.2093  1027.2136     4.1280     2.0787     0.1773    33.7377    33.7428    8.27995         36 0.0000e+00
     18.000     17.814    -0.9202  27.331780    -0.9233  27.332938     8.9023     9.3146    12.1736    87.9268 1.0000e-12  -73.35894 -114.69325  55.398329      99.39 1.5866e+01    149.616       3592  1027.2156  1027.2198     4.1713     1.9281     0.1758    33.7396    33.7447    8.27974         40 0.0000e+00
     19.000     18.803    -0.9172  27.336476    -0.9203  27.337498     8.8988     9.3088    12.3916    88.6607 1.0000e-12  -73.35894 -114.69325  55.398349      96.62 1.5866e+01    151.390       3634  1027.2221  1027.2262     4.2064     1.6360     0.1849    33.7421    33.7469    8.27895         39 0.0000e+00
     20.000     19.793    -0.9151  27.340049    -0.9183  27.340880     8.8975     9.3014    11.8263    88.3326 1.0000e-12  -73.35894 -114.69325  55.398372      99.40 1.5866e+01    153.304       3680  1027.2283  1027.2322     4.1908     1.8455     0.1714    33.7440    33.7486    8.27837         36 0.0000e+00
     21.000     20.782    -0.9121  27.345064    -0.9152  27.346064     8.8959     9.2951    10.7545    87.5435 1.0000e-12  -73.35894 -114.69325  55.398392      99.60 1.5866e+01    155.073       3723  1027.2351  1027.2392     4.1533     2.2405     0.1660    33.7467    33.7516    8.27754         41 0.0000e+00
     22.000     21.772    -0.9063  27.352505    -0.9094  27.353430     8.8910     9.2941    11.8634    87.5248 1.0000e-12  -73.35894 -114.69325  55.398412      99.60 1.5866e+01    156.823       3765  1027.2420  1027.2460     4.1517     2.2071     0.1640    33.7498    33.7545    8.27609         40 0.0000e+00
     23.000     22.761    -0.9036  27.356079    -0.9068  27.356912     8.8806     9.2946    10.8660    86.7458 1.0000e-12  -73.35894 -114.69325  55.398434      99.42 1.5866e+01    158.722       3810  1027.2477  1027.2517     4.1152     1.6934     0.1646    33.7510    33.7557    8.27543         37 0.0000e+00
     24.000     23.751    -0.9012  27.358986    -0.9043  27.359969     8.8723     9.2929    10.4472    86.6372 1.0000e-12  -73.35894 -114.69325  55.398456      99.36 1.5866e+01    160.581       3855  1027.2529  1027.2569     4.1104     1.6836     0.1850    33.7517    33.7565    8.27487         37 0.0000e+00
     25.000     24.741    -0.8990  27.362001    -0.9022  27.362970     8.8713     9.2751    11.2963    87.4059 1.0000e-12  -73.35894 -114.69325  55.398476      99.43 1.5866e+01    162.315       3897  1027.2584  1027.2625     4.1466     1.9418     0.1720    33.7526    33.7575    8.27431         40 0.0000e+00
     26.000     25.731    -0.8977  27.364126    -0.9007  27.364932     8.8803     9.2859    12.0117    87.6350 1.0000e-12  -73.35894 -114.69325  55.398497      97.86 1.5866e+01    164.113       3940  1027.2638  1027.2676     4.1572     2.0249     0.1712    33.7534    33.7579    8.27397         39 0.0000e+00
     27.000     26.720    -0.8950  27.367495    -0.8978  27.368585     8.8750     9.2753    11.3115    87.6066 1.0000e-12  -73.35894 -114.69325  55.398518      99.41 1.5866e+01    165.964       3984  1027.2692  1027.2731     4.1560     1.7490     0.1702    33.7543    33.7590    8.27333         44 0.0000e+00
     28.000     27.711    -0.8918  27.371308    -0.8946  27.372269     8.8703     9.2687    10.7700    86.9699 1.0000e-12  -73.35894 -114.69325  55.398540      99.48 1.5866e+01    167.820       4029  1027.2747  1027.2785     4.1262     1.9332     0.1672    33.7553    33.7598    8.27257         37 0.0000e+00
     29.000     28.699    -0.8898  27.373804    -0.8929  27.374424     8.8660     9.2772    11.3716    88.3204 1.0000e-12  -73.35894 -114.69325  55.398560      99.45 1.5866e+01    169.566       4071  1027.2798  1027.2835     4.1900     1.8199     0.1813    33.7558    33.7602    8.27210         41 0.0000e+00
     30.000     29.689    -0.8872  27.377155    -0.8902  27.377877     8.8580     9.2649    10.3032    87.7751 1.0000e-12  -73.35894 -114.69325  55.398580      99.57 1.5866e+01    171.313       4113  1027.2853  1027.2890     4.1641     2.1619     0.1841    33.7568    33.7612    8.27147         34 0.0000e+00
     31.000     30.680    -0.8829  27.381986    -0.8858  27.382816     8.8459     9.2559    11.2966    86.5463 1.0000e-12  -73.35894 -114.69325  55.398603      99.47 1.5866e+01    173.281       4160  1027.2909  1027.2945     4.1052     1.8447     0.1617    33.7580    33.7623    8.27046         33 0.0000e+00
     32.000     31.668    -0.8804  27.384806    -0.8833  27.385624     8.8464     9.2524    10.4836    87.0827 1.0000e-12  -73.35894 -114.69325  55.398623      99.34 1.5866e+01    175.058       4202  1027.2959  1027.2996     4.1313     1.6013     0.1645    33.7584    33.7628    8.26989         36 0.0000e+00
     33.000     32.657    -0.8792  27.386471    -0.8821  27.387282     8.8495     9.2708    10.4503    86.9331 1.0000e-12  -73.35894 -114.69325  55.398642      97.33 1.5866e+01    176.699       4242  1027.3009  1027.3046     4.1247     1.4622     0.1602    33.7587    33.7631    8.26961         41 0.0000e+00
     34.000     33.646    -0.8766  27.389751    -0.8795  27.390432     8.8430     9.2584     9.5231    87.0515 1.0000e-12  -73.35894 -114.69325  55.398665      99.07 1.5866e+01    178.628       4288  1027.3063  1027.3098     4.1298     1.9961     0.1623    33.7596    33.7637    8.26898         37 0.0000e+00
     35.000     34.637    -0.8662  27.400191    -0.8689  27.401000     8.8356     9.2468     9.2090    87.8658 1.0000e-12  -73.35894 -114.69325  55.398687      99.37 1.5866e+01    180.539       4334  1027.3121  1027.3155     4.1684     1.7002     0.1739    33.7615    33.7657    8.26658         40 0.0000e+00
     36.000     35.625    -0.8621  27.404466    -0.8650  27.405167     8.8360     9.2377    10.3210    87.7366 1.0000e-12  -73.35894 -114.69325  55.398706      99.44 1.5866e+01    182.208       4374  1027.3172  1027.3207     4.1621     1.4735     0.1730    33.7621    33.7663    8.26565         38 0.0000e+00
     37.000     36.615    -0.8586  27.408410    -0.8614  27.409078     8.8337     9.2385    10.1892    87.5288 1.0000e-12  -73.35894 -114.69325  55.398727      99.50 1.5866e+01    184.015       4417  1027.3225  1027.3259     4.1524     2.0528     0.1891    33.7629    33.7669    8.26483         42 0.0000e+00
     38.000     37.605    -0.8516  27.415787    -0.8542  27.416509     8.8294     9.2387    11.0437    87.8309 1.0000e-12  -73.35894 -114.69325  55.398749      99.37 1.5866e+01    185.932       4463  1027.3282  1027.3315     4.1667     1.5588     0.1935    33.7644    33.7684    8.26320         37 0.0000e+00
     39.000     38.594    -0.8466  27.420942    -0.8493  27.421736     8.8278     9.2303    10.4229    88.1536 1.0000e-12  -73.35894 -114.69325  55.398769      99.40 1.5866e+01    187.640       4504  1027.3335  1027.3368     4.1821     1.4456     0.1590    33.7653    33.7693    8.26207         41 0.0000e+00
     40.000     39.582    -0.8437  27.423490    -0.8463  27.425138     8.8154     9.2209    10.5575    87.2976 1.0000e-12  -73.35894 -114.69325  55.398790      99.35 1.5866e+01    189.420       4547  1027.3378  1027.3420     4.1414     1.6952     0.1844    33.7647    33.7699    8.26145         39 0.0000e+00
     41.000     40.573    -0.8398  27.428518    -0.8422  27.429483     8.8199     9.2284    10.0762    86.5310 1.0000e-12  -73.35894 -114.69325  55.398812      99.28 1.5866e+01    191.317       4593  1027.3440  1027.3474     4.1049     2.0617     0.1766    33.7667    33.7707    8.26050         40 0.0000e+00
     42.000     41.563    -0.8370  27.431668    -0.8399  27.432210     8.8157     9.2183    11.1557    86.5979 1.0000e-12  -73.35894 -114.69325  55.398832      99.45 1.5866e+01    193.114       4636  1027.3491  1027.3525     4.1083     1.9678     0.1765    33.7671    33.7712    8.25984         39 0.0000e+00
     43.000     42.552    -0.8280  27.441148    -0.8314  27.440993     8.8099     9.2101    11.3581    86.9864 1.0000e-12  -73.35894 -114.69325  55.398853      99.46 1.5866e+01    194.876       4678  1027.3551  1027.3582     4.1276     1.8873     0.1829    33.7692    33.7729    8.25774         33 0.0000e+00
     44.000     43.542    -0.8259  27.443355    -0.8285  27.444032     8.8080     9.2151    10.4453    87.2528 1.0000e-12  -73.35894 -114.69325  55.398875      99.54 1.5866e+01    196.781       4724  1027.3599  1027.3631     4.1394     2.1389     0.1962    33.7693    33.7731    8.25728         44 0.0000e+00
     45.000     44.531    -0.8249  27.444799    -0.8281  27.444871     8.8028     9.2111     9.7760    85.8756 1.0000e-12  -73.35894 -114.69325  55.398896      99.37 1.5866e+01    198.579       4767  1027.3650  1027.3681     4.0741     1.6444     0.1965    33.7695    33.7732    8.25705         37 0.0000e+00
     46.000     45.521    -0.8151  27.455172    -0.8177  27.455591     8.7834     9.1919    10.0123    86.7747 1.0000e-12  -73.35894 -114.69325  55.398915      99.60 1.5866e+01    200.293       4808  1027.3712  1027.3741     4.1167     2.2395     0.1904    33.7720    33.7755    8.25476         41 0.0000e+00
     47.000     46.509    -0.7941  27.476777    -0.7968  27.476921     8.7705     9.1706    11.1979    86.3976 1.0000e-12  -73.35894 -114.69325  55.398937      99.42 1.5866e+01    202.173       4853  1027.3789  1027.3816     4.0987     1.8519     0.1938    33.7771    33.7803    8.24986         38 0.0000e+00
     48.000     47.500    -0.7791  27.491655    -0.7814  27.492052     8.7607     9.1640    10.3150    87.6805 1.0000e-12  -73.35894 -114.69325  55.398958      93.26 1.5866e+01    203.968       4896  1027.3852  1027.3877     4.1596     1.7617     0.1956    33.7799    33.7830    8.24643         37 0.0000e+00
     49.000     48.489    -0.7670  27.504497    -0.7693  27.504874     8.7517     9.1543     9.7194    87.2567 1.0000e-12  -73.35894 -114.69325  55.398978      99.16 1.5866e+01    205.676       4937  1027.3920  1027.3945     4.1397     1.7366     0.1857    33.7831    33.7861    8.24359         39 0.0000e+00
     50.000     49.479    -0.7462  27.524850    -0.7488  27.525039     8.7350     9.1424    10.3978    87.8076 1.0000e-12  -73.35894 -114.69325  55.398999      99.50 1.5866e+01    207.540       4982  1027.3986  1027.4012     4.1660     1.9164     0.1605    33.7866    33.7898    8.23882         31 0.0000e+00
     51.000     50.469    -0.7380  27.532737    -0.7402  27.533477     8.7292     9.1374     9.5151    87.2097 1.0000e-12  -73.35894 -114.69326  55.399021      99.53 1.5866e+01    209.407       5027  1027.4039  1027.4068     4.1373     2.0705     0.1821    33.7876    33.7910    8.23699         35 0.0000e+00
     52.000     51.456    -0.7375  27.533861    -0.7395  27.534706     8.7272     9.1283    10.0130    87.0066 1.0000e-12  -73.35894 -114.69325  55.399040      99.40 1.5866e+01    211.049       5066  1027.4092  1027.4120     4.1277     1.7499     0.1663    33.7879    33.7913    8.23685         40 0.0000e+00
