ocean_section_plots/required_files/ctd/dnbp2202_ctd131.cnv
* Sea-Bird SBE 9 Data File:
* FileName = D:\Data\raw\NBP2202_CTD131.hex
* Software Version Seasave V 7.26.7.121
* Temperature SN = 1649
* Conductivity SN = 2513
* Number of Bytes Per Scan = 40
* Number of Voltage Words = 5
* Number of Scans Averaged by the Deck Unit = 1
* NMEA Latitude = 74 06.28 S
* NMEA Longitude = 112 07.19 W
* NMEA UTC (Time) = Jan 28 2022  02:10:37
* NMEA baud rate = 9600
** Ship: RVIB N.B. Palmer
** Cruise: NBP2202 Thwaites
** Station: 60
** Operator: A. Robinson
# nquan = 25
# nvalues = 793                         
# units = specified
# name 0 = prDM: Pressure, Digiquartz [db]
# name 1 = depSM: Depth [salt water, m]
# name 2 = t090C: Temperature [ITS-90, deg C]
# name 3 = c0mS/cm: Conductivity [mS/cm]
# name 4 = t190C: Temperature, 2 [ITS-90, deg C]
# name 5 = c1mS/cm: Conductivity, 2 [mS/cm]
# name 6 = sbeox0ML/L: Oxygen, SBE 43 [ml/l]
# name 7 = sbeox1ML/L: Oxygen, SBE 43, 2 [ml/l]
# name 8 = flECO-AFL: Fluorescence, WET Labs ECO-AFL/FL [mg/m^3]
# name 9 = CStarTr0: Beam Transmission, WET Labs C-Star [%]
# name 10 = par: PAR/Irradiance, Biospherical/Licor
# name 11 = latitude: Latitude [deg]
# name 12 = longitude: Longitude [deg]
# name 13 = timeJ: Julian Days
# name 14 = altM: Altimeter [m]
# name 15 = spar: SPAR, Biospherical/Licor
# name 16 = timeS: Time, Elapsed [seconds]
# name 17 = scan: Scan Count
# name 18 = density00: Density [density, kg/m^3]
# name 19 = density11: Density, 2 [density, kg/m^3]
# name 20 = sal00: Salinity, Practical [PSU]
# name 21 = sal11: Salinity, Practical, 2 [PSU]
# name 22 = oxsolML/L: Oxygen Saturation, Garcia & Gordon [ml/l]
# name 23 = nbin: number of scans per bin
# name 24 = flag: flag
# span 0 =      3.000,    795.000       
# span 1 =      2.966,    785.271       
# span 2 =    -1.5096,     0.5506       
# span 3 =  27.078752,  29.533576       
# span 4 =    -1.5095,     0.5532       
# span 5 =  27.078711,  29.533583       
# span 6 =     4.5690,     8.8651       
# span 7 =     4.6668,     9.1019       
# span 8 =    -0.0073,    27.5183       
# span 9 =    68.9570,    94.7151       
# span 10 = -5.214e-07, 6.6747e+01      
# span 11 =  -74.10478,  -74.10478      
# span 12 = -112.11990, -112.11982      
# span 13 =  28.093815,  28.106441      
# span 14 =       1.55,     100.09      
# span 15 = 1.4660e+02, 2.1266e+02      
# span 16 =    268.630,   1359.533      
# span 17 =       6448,      32630      
# span 18 =  1027.1947,  1031.4690      
# span 19 =  1027.1972,  1031.4666      
# span 20 =    33.8074,    34.5665      
# span 21 =    33.8100,    34.5638      
# span 22 =    7.92049,    8.39645      
# span 23 =         24,         50      
# span 24 = 0.0000e+00, 0.0000e+00      
# interval = decibars: 1                
# start_time = Jan 28 2022 02:10:37 [NMEA time, header]
# bad_flag = -9.990e-29
*END*
[from data line 232]
    235.000    232.436    -1.2975  27.365546    -1.2971  27.364838     6.0941     6.2468     0.0697    94.4720 1.0000e-12  -74.10478 -112.11988  28.097533      99.78 2.0362e+02    589.840      14157  1028.5434  1028.5423    34.0774    34.0760    8.34356         28 0.0000e+00
    236.000    233.425    -1.2925  27.371082    -1.2912  27.370970     6.0831     6.2379     0.0994    94.4787 1.0000e-12  -74.10478 -112.11988  28.097546      99.78 2.0500e+02    590.985      14185  1028.5490  1028.5476    34.0787    34.0772    8.34236         28 0.0000e+00
    237.000    234.412    -1.2796  27.384394    -1.2784  27.384041     6.0924     6.2381     0.2934    94.5013 1.0000e-12  -74.10478 -112.11988  28.097559      99.79 2.0625e+02    592.120      14212  1028.5553  1028.5538    34.0817    34.0798    8.33931         27 0.0000e+00
    238.000    235.404    -1.2797  27.385687    -1.2791  27.385291     6.0999     6.2415     0.2959    94.4603 1.0000e-12  -74.10478 -112.11988  28.097573      99.44 2.0383e+02    593.290      14240  1028.5613  1028.5603    34.0830    34.0818    8.33925         29 0.0000e+00
    239.000    236.391    -1.2836  27.383050    -1.2829  27.382888     6.1283     6.2696     0.1321    94.4135 1.0000e-12  -74.10478 -112.11988  28.097587      99.78 2.0405e+02    594.476      14268  1028.5666  1028.5657    34.0832    34.0821    8.34012         28 0.0000e+00
    240.000    237.379    -1.2903  27.378020    -1.2892  27.378334     6.1654     6.3075     0.1351    94.4660 1.0000e-12  -74.10478 -112.11988  28.097600      99.79 2.0627e+02    595.650      14297  1028.5720  1028.5712    34.0833    34.0824    8.34161         28 0.0000e+00
    241.000    238.367    -1.3175  27.356001    -1.3175  27.356026     6.2077     6.3467     0.1071    94.3038 1.0000e-12  -74.10478 -112.11988  28.097613      99.79 2.0528e+02    596.792      14324  1028.5786  1028.5787    34.0834    34.0834    8.34767         27 0.0000e+00
    242.000    239.357    -1.3331  27.343772    -1.3327  27.343801     6.2327     6.3694     0.1417    94.3441 1.0000e-12  -74.10478 -112.11988  28.097626      99.78 2.0337e+02    597.921      14351  1028.5847  1028.5843    34.0837    34.0833    8.35115         27 0.0000e+00
    243.000    240.344    -1.3470  27.333673    -1.3464  27.333442     6.2336     6.3746     0.1748    94.4614 1.0000e-12  -74.10478 -112.11988  28.097640      99.79 2.0580e+02    599.068      14379  1028.5913  1028.5905    34.0851    34.0841    8.35418         29 0.0000e+00
    244.000    241.333    -1.3494  27.332719    -1.3487  27.332529     6.2341     6.3837     0.0978    94.3678 1.0000e-12  -74.10478 -112.11988  28.097653      99.79 2.0522e+02    600.238      14407  1028.5967  1028.5958    34.0858    34.0848    8.35467         27 0.0000e+00
    245.000    242.322    -1.3521  27.331199    -1.3516  27.330980     6.2509     6.3882     0.0735    94.4471 1.0000e-12  -74.10478 -112.11988  28.097667      99.78 2.0330e+02    601.392      14434  1028.6018  1028.6011    34.0863    34.0854    8.35526         28 0.0000e+00
    246.000    243.310    -1.3535  27.331069    -1.3527  27.330875     6.2377     6.3896     0.0718    94.3841 1.0000e-12  -74.10478 -112.11988  28.097680      99.79 2.0550e+02    602.523      14462  1028.6072  1028.6062    34.0870    34.0859    8.35551         27 0.0000e+00
    247.000    244.298    -1.3494  27.337437    -1.3483  27.337268     6.2297     6.3815     0.0711    94.2960 1.0000e-12  -74.10478 -112.11988  28.097693      99.78 2.0600e+02    603.672      14489  1028.6144  1028.6131    34.0905    34.0889    8.35440         28 0.0000e+00
    248.000    245.288    -1.3410  27.346635    -1.3400  27.346419     6.2232     6.3738     0.0724    94.5046 1.0000e-12  -74.10478 -112.11988  28.097707      99.78 2.0312e+02    604.850      14517  1028.6204  1028.6193    34.0929    34.0915    8.35237         28 0.0000e+00
    249.000    246.275    -1.3365  27.351386    -1.3355  27.351165     6.2129     6.3664     0.0676    94.5352 1.0000e-12  -74.10478 -112.11988  28.097720      88.42 2.0426e+02    606.037      14546  1028.6255  1028.6243    34.0937    34.0922    8.35132         28 0.0000e+00
    250.000    247.264    -1.3311  27.356900    -1.3312  27.355711     6.2102     6.3643     0.1023    94.5199 1.0000e-12  -74.10478 -112.11988  28.097734      99.34 2.0583e+02    607.199      14574  1028.6306  1028.6294    34.0945    34.0930    8.35007         28 0.0000e+00
    251.000    248.252    -1.3278  27.361219    -1.3271  27.360949     6.2176     6.3742     0.2501    94.5099 1.0000e-12  -74.10478 -112.11988  28.097747      99.79 2.0305e+02    608.335      14601  1028.6365  1028.6354    34.0961    34.0949    8.34924         27 0.0000e+00
    252.000    249.241    -1.3316  27.358648    -1.3315  27.357977     6.2167     6.3825     0.0569    94.4637 1.0000e-12  -74.10478 -112.11988  28.097760      99.77 2.0437e+02    609.502      14629  1028.6416  1028.6408    34.0962    34.0952    8.35007         29 0.0000e+00
    253.000    250.229    -1.3342  27.357428    -1.3336  27.357049     6.2166     6.3738     0.0519    94.5121 1.0000e-12  -74.10478 -112.11988  28.097774      99.78 2.0576e+02    610.694      14658  1028.6471  1028.6461    34.0969    34.0957    8.35061         28 0.0000e+00
    254.000    251.218    -1.3323  27.359869    -1.3316  27.359506     6.2249     6.3757     0.0558    94.5155 1.0000e-12  -74.10478 -112.11988  28.097788      99.78 2.0406e+02    611.849      14685  1028.6523  1028.6511    34.0975    34.0962    8.35016         28 0.0000e+00
    255.000    252.207    -1.3314  27.361282    -1.3304  27.361113     6.2235     6.3745     0.0520    94.4931 1.0000e-12  -74.10478 -112.11988  28.097801      99.78 2.0384e+02    612.981      14713  1028.6571  1028.6561    34.0977    34.0964    8.34993         27 0.0000e+00
    256.000    253.194    -1.3289  27.364253    -1.3275  27.364412     6.2180     6.3697     0.0437    94.5502 1.0000e-12  -74.10478 -112.11988  28.097814      99.79 2.0532e+02    614.111      14740  1028.6623  1028.6611    34.0983    34.0970    8.34933         27 0.0000e+00
    257.000    254.182    -1.3263  27.367094    -1.3255  27.366827     6.2145     6.3605     0.0476    94.4778 1.0000e-12  -74.10478 -112.11988  28.097827      99.78 2.0424e+02    615.246      14767  1028.6672  1028.6661    34.0988    34.0974    8.34875         27 0.0000e+00
    258.000    255.172    -1.3243  27.369510    -1.3235  27.369116     6.2096     6.3613     0.0640    94.5804 1.0000e-12  -74.10478 -112.11986  28.097841      99.78 2.0327e+02    616.427      14795  1028.6722  1028.6710    34.0991    34.0977    8.34827         30 0.0000e+00
    259.000    256.162    -1.3236  27.370623    -1.3229  27.370155     6.2059     6.3573     0.0579    94.5553 1.0000e-12  -74.10478 -112.11987  28.097856      99.79 2.0509e+02    617.726      14826  1028.6770  1028.6759    34.0992    34.0978    8.34810         30 0.0000e+00
    260.000    257.147    -1.3233  27.371386    -1.3225  27.370917     6.2069     6.3525     0.0706    94.6192 1.0000e-12  -74.10478 -112.11987  28.097870      99.58 2.0413e+02    618.965      14856  1028.6819  1028.6807    34.0993    34.0978    8.34803         26 0.0000e+00
    261.000    258.137    -1.3227  27.372446    -1.3219  27.372048     6.2020     6.3480     0.0328    94.5765 1.0000e-12  -74.10478 -112.11987  28.097883      99.71 2.0230e+02    620.055      14882  1028.6868  1028.6856    34.0995    34.0981    8.34789         28 0.0000e+00
    262.000    259.125    -1.3219  27.373535    -1.3210  27.373336     6.1945     6.3456     0.0269    94.5929 1.0000e-12  -74.10478 -112.11986  28.097897      99.78 2.0460e+02    621.310      14912  1028.6915  1028.6905    34.0994    34.0982    8.34771         32 0.0000e+00
    263.000    260.114    -1.3161  27.380166    -1.3144  27.380025     6.1762     6.3319     0.0524    94.6179 1.0000e-12  -74.10478 -112.11986  28.097913      99.79 2.0437e+02    622.691      14946  1028.6974  1028.6957    34.1013    34.0992    8.34630         32 0.0000e+00
    264.000    261.103    -1.3035  27.392798    -1.3025  27.392430     6.1798     6.3375     0.0490    94.5953 1.0000e-12  -74.10478 -112.11986  28.097926      99.79 2.0168e+02    623.841      14973  1028.7034  1028.7020    34.1038    34.1021    8.34335         26 0.0000e+00
    265.000    262.090    -1.2997  27.397638    -1.2991  27.396959     6.1806     6.3335     0.0400    94.6065 1.0000e-12  -74.10478 -112.11986  28.097940      99.79 2.0381e+02    625.051      15002  1028.7093  1028.7080    34.1054    34.1037    8.34239         32 0.0000e+00
    266.000    263.078    -1.2977  27.400197    -1.2971  27.399615     6.1754     6.3257     0.0313    94.6246 1.0000e-12  -74.10478 -112.11986  28.097957      99.79 2.0439e+02    626.478      15036  1028.7146  1028.7134    34.1060    34.1045    8.34192         36 0.0000e+00
    267.000    264.067    -1.2947  27.403796    -1.2936  27.403432     6.1759     6.3235     0.0527    94.6369 1.0000e-12  -74.10478 -112.11986  28.097972      99.78 2.0194e+02    627.797      15068  1028.7200  1028.7185    34.1069    34.1052    8.34119         26 0.0000e+00
    268.000    265.055    -1.2942  27.404571    -1.2933  27.404302     6.1774     6.3195     0.0539    94.4078 1.0000e-12  -74.10478 -112.11986  28.097985      99.79 2.0373e+02    628.944      15096  1028.7247  1028.7236    34.1068    34.1054    8.34108         31 0.0000e+00
    269.000    266.043    -1.2925  27.406789    -1.2917  27.406346     6.1747     6.3180     0.1497    94.5753 1.0000e-12  -74.10478 -112.11986  28.098001      99.78 2.0364e+02    630.302      15128  1028.7298  1028.7286    34.1072    34.1058    8.34067         35 0.0000e+00
    270.000    267.032    -1.2916  27.408016    -1.2907  27.407662     6.1671     6.3188     0.0293    94.5955 1.0000e-12  -74.10478 -112.11986  28.098018      87.81 2.0144e+02    631.743      15163  1028.7347  1028.7334    34.1073    34.1058    8.34047         32 0.0000e+00
    271.000    268.021    -1.2912  27.408927    -1.2902  27.408707     6.1643     6.3131     0.2297    94.6398 1.0000e-12  -74.10478 -112.11986  28.098033      98.72 2.0268e+02    633.069      15195  1028.7397  1028.7384    34.1075    34.1060    8.34038         32 0.0000e+00
    272.000    269.009    -1.2895  27.411051    -1.2885  27.410851     6.1682     6.3184     0.0602    94.6222 1.0000e-12  -74.10478 -112.11986  28.098048      99.79 2.0321e+02    634.373      15226  1028.7447  1028.7434    34.1079    34.1064    8.33998         30 0.0000e+00
    273.000    269.998    -1.2878  27.413280    -1.2868  27.413036     6.1652     6.3130     0.0395    94.5557 1.0000e-12  -74.10478 -112.11987  28.098062      99.79 2.0195e+02    635.541      15254  1028.7498  1028.7485    34.1084    34.1068    8.33957         27 0.0000e+00
    274.000    270.985    -1.2876  27.413807    -1.2866  27.413611     6.1669     6.3108     0.0667    94.6008 1.0000e-12  -74.10478 -112.11987  28.098075      99.79 2.0206e+02    636.715      15282  1028.7545  1028.7533    34.1083    34.1068    8.33953         29 0.0000e+00
    275.000    271.974    -1.2871  27.414845    -1.2863  27.414464     6.1707     6.3152     0.0354    94.6249 1.0000e-12  -74.10478 -112.11987  28.098089      99.78 2.0317e+02    637.856      15310  1028.7594  1028.7582    34.1085    34.1070    8.33940         27 0.0000e+00
    276.000    272.962    -1.2871  27.415642    -1.2861  27.415480     6.1729     6.3190     0.0306    94.5934 1.0000e-12  -74.10478 -112.11987  28.098102      99.78 2.0293e+02    638.983      15337  1028.7646  1028.7635    34.1089    34.1076    8.33937         27 0.0000e+00
    277.000    273.950    -1.2863  27.418038    -1.2852  27.417786     6.1709     6.3211     0.0369    94.6452 1.0000e-12  -74.10478 -112.11988  28.098115      99.79 2.0205e+02    640.128      15364  1028.7708  1028.7695    34.1107    34.1092    8.33909         28 0.0000e+00
    278.000    274.939    -1.2840  27.421530    -1.2830  27.421120     6.1736     6.3178     0.0367    94.6423 1.0000e-12  -74.10478 -112.11988  28.098129      99.78 2.0336e+02    641.341      15393  1028.7767  1028.7754    34.1122    34.1106    8.33848         30 0.0000e+00
    279.000    275.926    -1.2828  27.423692    -1.2819  27.423222     6.1728     6.3197     0.0405    94.6063 1.0000e-12  -74.10478 -112.11986  28.098143      99.79 2.0292e+02    642.571      15423  1028.7822  1028.7809    34.1132    34.1116    8.33816         28 0.0000e+00
    280.000    276.916    -1.2795  27.428128    -1.2786  27.427694     6.1625     6.3184     0.0436    94.6130 1.0000e-12  -74.10478 -112.11986  28.098157      86.06 2.0254e+02    643.741      15451  1028.7882  1028.7869    34.1149    34.1134    8.33732         28 0.0000e+00
    281.000    277.903    -1.2788  27.429259    -1.2777  27.429139     6.1600     6.3109     0.0316    94.6149 1.0000e-12  -74.10478 -112.11986  28.098170      86.44 2.0314e+02    644.864      15478  1028.7931  1028.7919    34.1151    34.1137    8.33716         26 0.0000e+00
    282.000    278.892    -1.2779  27.430761    -1.2766  27.430678     6.1675     6.3224     0.0398    94.6174 1.0000e-12  -74.10478 -112.11986  28.098183      98.64 2.0273e+02    645.996      15505  1028.7982  1028.7969    34.1155    34.1139    8.33693         29 0.0000e+00
    283.000    279.881    -1.2779  27.431175    -1.2771  27.430886     6.1756     6.3262     0.0415    94.6478 1.0000e-12  -74.10478 -112.11986  28.098197      99.76 2.0166e+02    647.183      15533  1028.8030  1028.8019    34.1154    34.1141    8.33693         29 0.0000e+00
    284.000    280.869    -1.2810  27.429263    -1.2802  27.428970     6.1803     6.3265     0.0305    94.4111 1.0000e-12  -74.10478 -112.11986  28.098211      99.79 2.0277e+02    648.421      15563  1028.8082  1028.8071    34.1157    34.1144    8.33761         30 0.0000e+00
    285.000    281.857    -1.2793  27.432617    -1.2782  27.432199     6.1810     6.3250     0.0291    94.6016 1.0000e-12  -74.10478 -112.11986  28.098226      99.79 2.0273e+02    649.744      15595  1028.8146  1028.8131    34.1178    34.1160    8.33711         32 0.0000e+00
    286.000    282.845    -1.2775  27.434950    -1.2763  27.434718     6.1825     6.3257     0.0358    94.6279 1.0000e-12  -74.10478 -112.11986  28.098242      99.79 2.0067e+02    651.077      15627  1028.8197  1028.8183    34.1183    34.1167    8.33667         32 0.0000e+00
    287.000    283.833    -1.2777  27.435278    -1.2767  27.435026     6.1847     6.3336     0.0378    94.6264 1.0000e-12  -74.10478 -112.11986  28.098257      99.78 2.0242e+02    652.424      15659  1028.8245  1028.8233    34.1184    34.1168    8.33672         33 0.0000e+00
    288.000    284.822    -1.2788  27.434945    -1.2779  27.434687     6.1896     6.3420     0.0266    94.6505 1.0000e-12  -74.10478 -112.11986  28.098273      99.78 2.0263e+02    653.830      15693  1028.8296  1028.8284    34.1186    34.1171    8.33696         34 0.0000e+00
    289.000    285.810    -1.2795  27.435567    -1.2784  27.435120     6.1783     6.3245     0.0373    94.6609 1.0000e-12  -74.10478 -112.11986  28.098290      99.80 2.0034e+02    655.236      15727  1028.8352  1028.8336    34.1195    34.1177    8.33704         33 0.0000e+00
    290.000    286.798    -1.2660  27.449993    -1.2646  27.449488     6.1400     6.2966     0.0438    94.6374 1.0000e-12  -74.10478 -112.11986  28.098305      99.78 2.0244e+02    656.585      15759  1028.8422  1028.8403    34.1234    34.1211    8.33382         31 0.0000e+00
    291.000    287.786    -1.2490  27.467040    -1.2475  27.466755     6.1220     6.2794     0.0406    94.6467 1.0000e-12  -74.10478 -112.11986  28.098321      87.91 2.0268e+02    657.934      15791  1028.8486  1028.8468    34.1267    34.1247    8.32982         30 0.0000e+00
