ocean_section_plots/required_files/ctd/dnbp2202_ctd072.cnv
* Sea-Bird SBE 9 Data File:
* FileName = D:\Data\raw\NBP2202_CTD072.hex
* Software Version Seasave V 7.26.7.121
* Temperature SN = 1649
* Conductivity SN = 2513
* Number of Bytes Per Scan = 40
* Number of Voltage Words = 5
* Number of Scans Averaged by the Deck Unit = 1
* NMEA Latitude = 73 59.88 S
* NMEA Longitude = 112 22.65 W
* NMEA UTC (Time) = Jan 26 2022  06:38:14
* NMEA baud rate = 9600
** Ship: RVIB N.B. Palmer
** Cruise: NBP2202 Thwaites
** Station: 53
** Operator: B Bjork
# nquan = 25
# nvalues = 791                         
# units = specified
# name 0 = prDM: Pressure, Digiquartz [db]
# name 1 = depSM: Depth [salt water, m]
# name 2 = t090C: Temperature [ITS-90, deg C]
# name 3 = c0mS/cm: Conductivity [mS/cm]
# name 4 = t190C: Temperature, 2 [ITS-90, deg C]
# name 5 = c1mS/cm: Conductivity, 2 [mS/cm]
# name 6 = sbeox0ML/L: Oxygen, SBE 43 [ml/l]
# name 7 = sbeox1ML/L: Oxygen, SBE 43, 2 [ml/l]
# name 8 = flECO-AFL: Fluorescence, WET Labs ECO-AFL/FL [mg/m^3]
# name 9 = CStarTr0: Beam Transmission, WET Labs C-Star [%]
# name 10 = par: PAR/Irradiance, Biospherical/Licor
# name 11 = latitude: Latitude [deg]
# name 12 = longitude: Longitude [deg]
# name 13 = timeJ: Julian Days
# name 14 = altM: Altimeter [m]
# name 15 = spar: SPAR, Biospherical/Licor
# name 16 = timeS: Time, Elapsed [seconds]
# name 17 = scan: Scan Count
# name 18 = density00: Density [density, kg/m^3]
# name 19 = density11: Density, 2 [density, kg/m^3]
# name 20 = sal00: Salinity, Practical [PSU]
# name 21 = sal11: Salinity, Practical, 2 [PSU]
# name 22 = oxsolML/L: Oxygen Saturation, Garcia & Gordon [ml/l]
# name 23 = nbin: number of scans per bin
# name 24 = flag: flag
# span 0 =      3.000,    793.000       
# span 1 =      2.971,    783.301       
# span 2 =    -1.4912,     0.5121       
# span 3 =  27.081671,  29.492183       
# span 4 =    -1.4920,     0.5140       
# span 5 =  27.081674,  29.491711       
# span 6 =     4.6369,     9.0857       
# span 7 =     4.7459,     9.3927       
# span 8 =    -0.0173,    28.8335       
# span 9 =    66.2202,    95.8975       
# span 10 = 1.0000e-12, 2.3035e+01      
# span 11 =  -73.99814,  -73.99800      
# span 12 = -112.37766, -112.37604      
# span 13 =  26.277655,  26.288825      
# span 14 =       4.63,     100.07      
# span 15 = 2.6089e+02, 3.8438e+02      
# span 16 =     95.352,   1060.462      
# span 17 =       2289,      25452      
# span 18 =  1027.1931,  1031.4509      
# span 19 =  1027.1979,  1031.4485      
# span 20 =    33.8127,    34.5507      
# span 21 =    33.8173,    34.5480      
# span 22 =    7.92924,    8.39098      
# span 23 =         19,         50      
# span 24 = 0.0000e+00, 0.0000e+00      
# interval = decibars: 1                
# start_time = Jan 26 2022 06:38:14 [NMEA time, header]
# bad_flag = -9.990e-29
*END*
[from data line 290]
    293.000    289.765    -1.1711  27.538931    -1.1721  27.537553     5.9986     6.1755     0.1372    95.6860 1.0000e-12  -73.99810 -112.37644  26.282388      95.26 3.2789e+02    504.356      12106  1028.8617  1028.8611    34.1353    34.1346    8.31198         27 0.0000e+00
    294.000    290.753    -1.1777  27.534684    -1.1772  27.534352     6.0012     6.1871     0.0773    95.6887 1.0000e-12  -73.99810 -112.37642  26.282401      99.63 3.2875e+02    505.457      12132  1028.8679  1028.8671    34.1365    34.1354    8.31339         27 0.0000e+00
    295.000    291.742    -1.1802  27.533200    -1.1800  27.532758     6.0124     6.1908     0.0982    95.6176 1.0000e-12  -73.99810 -112.37642  26.282414      99.65 3.3213e+02    506.561      12158  1028.8731  1028.8724    34.1367    34.1358    8.31394         27 0.0000e+00
    296.000    292.729    -1.1855  27.529529    -1.1852  27.529240     6.0073     6.1892     0.0870    95.6846 1.0000e-12  -73.99810 -112.37641  26.282427      99.64 3.3323e+02    507.732      12187  1028.8786  1028.8780    34.1370    34.1363    8.31509         29 0.0000e+00
    297.000    293.717    -1.1841  27.531551    -1.1832  27.531633     6.0086     6.1899     0.0756    95.6780 1.0000e-12  -73.99810 -112.37640  26.282441      99.64 3.3274e+02    508.928      12215  1028.8838  1028.8830    34.1376    34.1367    8.31475         28 0.0000e+00
    298.000    294.706    -1.1796  27.536103    -1.1771  27.537512     6.0039     6.1834     0.0588    95.6324 1.0000e-12  -73.99812 -112.37638  26.282455      99.65 3.2894e+02    510.084      12243  1028.8887  1028.8877    34.1381    34.1371    8.31372         27 0.0000e+00
    299.000    295.695    -1.1775  27.538678    -1.1760  27.539151     5.9838     6.1571     0.1067    95.6633 1.0000e-12  -73.99812 -112.37638  26.282468      99.64 3.2701e+02    511.232      12271  1028.8938  1028.8929    34.1386    34.1376    8.31323         28 0.0000e+00
    300.000    296.682    -1.1646  27.551689    -1.1628  27.552274     5.9914     6.1604     0.0792    95.5612 1.0000e-12  -73.99812 -112.37636  26.282481      99.64 3.2840e+02    512.394      12298  1028.8997  1028.8985    34.1412    34.1398    8.31022         28 0.0000e+00
    301.000    297.670    -1.1554  27.560426    -1.1554  27.559728     6.0193     6.1960     0.0767    95.6623 1.0000e-12  -73.99812 -112.37635  26.282495      99.65 3.3211e+02    513.534      12326  1028.9046  1028.9038    34.1420    34.1410    8.30812         27 0.0000e+00
    302.000    298.659    -1.1872  27.533753    -1.1878  27.533129     6.0426     6.2165     0.0727    95.5939 1.0000e-12  -73.99812 -112.37634  26.282508      99.64 3.3257e+02    514.698      12354  1028.9110  1028.9109    34.1411    34.1408    8.31524         29 0.0000e+00
    303.000    299.647    -1.2049  27.520416    -1.2046  27.519957     6.0554     6.2247     0.0648    95.6559 1.0000e-12  -73.99812 -112.37633  26.282522      99.18 3.2883e+02    515.909      12383  1028.9180  1028.9171    34.1423    34.1413    8.31909         29 0.0000e+00
    304.000    300.635    -1.2113  27.516033    -1.2116  27.515355     6.0599     6.2376     0.0813    95.6916 1.0000e-12  -73.99812 -112.37632  26.282536      87.58 3.2790e+02    517.083      12411  1028.9236  1028.9232    34.1429    34.1423    8.32047         27 0.0000e+00
    305.000    301.623    -1.2228  27.507795    -1.2224  27.507495     6.0581     6.2392     0.1251    95.5929 1.0000e-12  -73.99812 -112.37630  26.282549      96.63 3.2810e+02    518.213      12438  1028.9301  1028.9294    34.1442    34.1433    8.32297         27 0.0000e+00
    306.000    302.612    -1.2249  27.507879    -1.2244  27.507568     6.0542     6.2308     0.1334    95.6392 1.0000e-12  -73.99812 -112.37630  26.282562      99.62 3.2918e+02    519.387      12466  1028.9364  1028.9356    34.1461    34.1450    8.32333         30 0.0000e+00
    307.000    303.600    -1.2236  27.509826    -1.2229  27.509599     6.0458     6.2301     0.1005    95.6475 1.0000e-12  -73.99812 -112.37628  26.282576      99.65 3.2996e+02    520.590      12495  1028.9414  1028.9405    34.1466    34.1456    8.32300         28 0.0000e+00
    308.000    304.588    -1.2206  27.513306    -1.2197  27.513183     6.0253     6.2084     0.1433    95.6353 1.0000e-12  -73.99812 -112.37627  26.282590      99.64 3.2979e+02    521.746      12523  1028.9465  1028.9455    34.1473    34.1462    8.32229         27 0.0000e+00
    309.000    305.576    -1.2085  27.525765    -1.2093  27.523754     5.9994     6.1861     0.1710    95.6393 1.0000e-12  -73.99812 -112.37626  26.282603      99.64 3.2697e+02    522.888      12550  1028.9525  1028.9510    34.1500    34.1481    8.31944         28 0.0000e+00
    310.000    306.564    -1.1841  27.549494    -1.1847  27.547867     5.9919     6.1657     0.1217    95.6191 1.0000e-12  -73.99812 -112.37626  26.282616      99.65 3.2375e+02    524.059      12578  1028.9588  1028.9576    34.1541    34.1526    8.31377         28 0.0000e+00
    311.000    307.553    -1.1805  27.553584    -1.1797  27.553449     5.9907     6.1672     0.3065    95.6261 1.0000e-12  -73.99812 -112.37626  26.282630      99.65 3.2687e+02    525.251      12607  1028.9641  1028.9632    34.1550    34.1539    8.31292         29 0.0000e+00
    312.000    308.539    -1.1793  27.555554    -1.1788  27.555086     5.9927     6.1721     0.1965    95.5780 1.0000e-12  -73.99812 -112.37624  26.282644      99.64 3.3201e+02    526.417      12635  1028.9694  1028.9684    34.1556    34.1545    8.31261         27 0.0000e+00
    313.000    309.529    -1.1781  27.557038    -1.1771  27.557078     5.9947     6.1695     0.1240    95.6302 1.0000e-12  -73.99812 -112.37623  26.282657      99.65 3.3162e+02    527.536      12662  1028.9743  1028.9733    34.1558    34.1547    8.31235         27 0.0000e+00
    314.000    310.518    -1.1769  27.558594    -1.1761  27.558478     5.9938     6.1663     0.1541    95.3835 1.0000e-12  -73.99812 -112.37622  26.282669      99.65 3.2658e+02    528.637      12688  1028.9792  1028.9783    34.1559    34.1548    8.31208         26 0.0000e+00
    315.000    311.505    -1.1762  27.559758    -1.1757  27.559308     5.9865     6.1666     0.1384    95.5558 1.0000e-12  -73.99812 -112.37622  26.282682      92.61 3.2453e+02    529.717      12714  1028.9841  1028.9832    34.1561    34.1549    8.31191         26 0.0000e+00
    316.000    312.494    -1.1744  27.561851    -1.1738  27.561568     5.9774     6.1566     0.1132    95.5898 1.0000e-12  -73.99812 -112.37622  26.282694      94.32 3.2539e+02    530.758      12739  1028.9889  1028.9880    34.1562    34.1552    8.31148         24 0.0000e+00
    317.000    313.480    -1.1722  27.564428    -1.1712  27.564308     5.9732     6.1554     0.1250    95.5322 1.0000e-12  -73.99812 -112.37621  26.282706      99.43 3.2620e+02    531.835      12765  1028.9939  1028.9928    34.1567    34.1554    8.31098         27 0.0000e+00
    318.000    314.470    -1.1667  27.569807    -1.1664  27.569189     5.9649     6.1492     0.1426    95.4103 1.0000e-12  -73.99812 -112.37620  26.282720      99.65 3.2692e+02    533.000      12793  1028.9988  1028.9978    34.1572    34.1560    8.30974         29 0.0000e+00
    319.000    315.458    -1.1636  27.573274    -1.1633  27.572677     5.9257     6.1123     0.1734    95.3200 1.0000e-12  -73.99812 -112.37620  26.282733      99.65 3.2790e+02    534.162      12821  1029.0039  1029.0029    34.1578    34.1566    8.30901         27 0.0000e+00
    320.000    316.446    -1.1431  27.593347    -1.1421  27.592735     5.8817     6.0718     0.3749    95.3731 1.0000e-12  -73.99812 -112.37620  26.282746      99.65 3.2790e+02    535.274      12848  1029.0101  1029.0084    34.1613    34.1593    8.30426         27 0.0000e+00
    321.000    317.434    -1.1055  27.628284    -1.1049  27.627511     5.8542     6.0445     0.3723    95.4820 1.0000e-12  -73.99812 -112.37618  26.282759      99.65 3.2703e+02    536.418      12875  1029.0158  1029.0144    34.1657    34.1639    8.29567         28 0.0000e+00
    322.000    318.422    -1.0868  27.645835    -1.0861  27.645198     5.8360     6.0250     0.2829    95.5292 1.0000e-12  -73.99812 -112.37618  26.282773      99.65 3.2614e+02    537.589      12903  1029.0212  1029.0198    34.1678    34.1661    8.29142         28 0.0000e+00
    323.000    319.410    -1.0770  27.655243    -1.0775  27.653791     5.8221     6.0070     0.1534    95.5102 1.0000e-12  -73.99812 -112.37618  26.282786      99.65 3.2451e+02    538.727      12930  1029.0265  1029.0253    34.1688    34.1674    8.28919         26 0.0000e+00
    324.000    320.398    -1.0653  27.667700    -1.0647  27.666717     5.8011     5.9889     0.1313    95.4594 1.0000e-12  -73.99812 -112.37618  26.282799      99.65 3.2443e+02    539.842      12957  1029.0331  1029.0315    34.1719    34.1699    8.28641         27 0.0000e+00
    325.000    321.387    -1.0505  27.682622    -1.0498  27.681982     5.7770     5.9696     0.2711    95.4110 1.0000e-12  -73.99812 -112.37618  26.282812      99.64 3.2686e+02    540.962      12984  1029.0394  1029.0381    34.1748    34.1732    8.28297         27 0.0000e+00
    326.000    322.375    -1.0349  27.697748    -1.0337  27.697595     5.7631     5.9562     0.1343    95.4911 1.0000e-12  -73.99812 -112.37616  26.282825      99.65 3.2796e+02    542.102      13011  1029.0453  1029.0439    34.1771    34.1755    8.27940         28 0.0000e+00
    327.000    323.362    -1.0242  27.708148    -1.0235  27.707650     5.7560     5.9440     0.1339    95.4156 1.0000e-12  -73.99812 -112.37616  26.282838      99.41 3.2790e+02    543.241      13039  1029.0507  1029.0495    34.1785    34.1770    8.27696         27 0.0000e+00
    328.000    324.352    -1.0196  27.712631    -1.0189  27.712166     5.7501     5.9370     0.1784    95.4299 1.0000e-12  -73.99812 -112.37616  26.282851      99.51 3.2736e+02    544.351      13065  1029.0557  1029.0545    34.1788    34.1774    8.27594         26 0.0000e+00
    329.000    325.337    -1.0048  27.727265    -1.0020  27.728174     5.7122     5.8930     0.2348    95.4748 1.0000e-12  -73.99812 -112.37616  26.282864      99.65 3.2517e+02    545.437      13091  1029.0617  1029.0599    34.1813    34.1794    8.27252         25 0.0000e+00
    330.000    326.328    -0.9784  27.751359    -0.9744  27.753477     5.6824     5.8562     0.2257    95.3320 1.0000e-12  -73.99812 -112.37616  26.282876      99.65 3.2275e+02    546.523      13118  1029.0666  1029.0649    34.1835    34.1819    8.26659         27 0.0000e+00
    331.000    327.315    -0.9374  27.789244    -0.9341  27.790454     5.6981     5.8681     0.2039    95.4348 1.0000e-12  -73.99812 -112.37616  26.282889      99.65 3.2241e+02    547.622      13144  1029.0721  1029.0702    34.1879    34.1858    8.25731         27 0.0000e+00
    332.000    328.303    -0.9330  27.794204    -0.9327  27.793823     5.7197     5.8892     0.1902    95.5033 1.0000e-12  -73.99812 -112.37616  26.282902      99.64 3.2464e+02    548.700      13170  1029.0780  1029.0773    34.1890    34.1882    8.25628         25 0.0000e+00
    333.000    329.291    -0.9667  27.767147    -0.9663  27.766844     5.7258     5.8902     0.1901    95.4094 1.0000e-12  -73.99812 -112.37616  26.282914      99.65 3.2591e+02    549.746      13195  1029.0863  1029.0856    34.1899    34.1890    8.26364         25 0.0000e+00
    334.000    330.278    -0.9744  27.761967    -0.9736  27.761496     5.7297     5.8948     0.1550    95.3895 1.0000e-12  -73.99812 -112.37616  26.282926      99.65 3.2316e+02    550.821      13221  1029.0927  1029.0915    34.1909    34.1894    8.26527         27 0.0000e+00
    335.000    331.268    -0.9658  27.770796    -0.9647  27.770488     5.7218     5.8917     0.1317    95.4651 1.0000e-12  -73.99812 -112.37616  26.282939      99.64 3.2106e+02    551.930      13247  1029.0984  1029.0970    34.1926    34.1910    8.26328         26 0.0000e+00
    336.000    332.257    -0.9672  27.771410    -0.9663  27.770943     5.7153     5.8880     0.1677    95.4615 1.0000e-12  -73.99812 -112.37616  26.282952      99.65 3.2198e+02    553.013      13273  1029.1049  1029.1035    34.1944    34.1928    8.26349         25 0.0000e+00
    337.000    333.243    -0.9531  27.785766    -0.9519  27.785388     5.7350     5.9099     0.2158    95.1563 1.0000e-12  -73.99812 -112.37616  26.282963      99.65 3.2297e+02    554.047      13298  1029.1111  1029.1095    34.1973    34.1954    8.26022         25 0.0000e+00
    338.000    334.232    -0.9488  27.790251    -0.9478  27.789945     5.7646     5.9282     0.1880    94.8296 1.0000e-12  -73.99812 -112.37616  26.282975      99.65 3.2289e+02    555.075      13323  1029.1161  1029.1149    34.1979    34.1964    8.25923         25 0.0000e+00
    339.000    335.219    -0.9457  27.794513    -0.9448  27.794127     5.7881     5.9458     0.1707    95.4382 1.0000e-12  -73.99812 -112.37616  26.282987      76.17 3.2157e+02    556.112      13348  1029.1222  1029.1210    34.1996    34.1981    8.25846         24 0.0000e+00
    340.000    336.208    -0.9441  27.796889    -0.9433  27.796348     5.7944     5.9576     0.1734    95.2825 1.0000e-12  -73.99812 -112.37616  26.282999      95.45 3.2042e+02    557.124      13372  1029.1277  1029.1263    34.2004    34.1988    8.25807         25 0.0000e+00
    341.000    337.196    -0.9428  27.798775    -0.9419  27.798339     5.7945     5.9633     0.1262    95.3751 1.0000e-12  -73.99812 -112.37616  26.283011      99.57 3.1917e+02    558.129      13396  1029.1328  1029.1315    34.2008    34.1993    8.25774         24 0.0000e+00
    342.000    338.183    -0.9383  27.804419    -0.9374  27.803923     5.7912     5.9602     0.1088    95.4637 1.0000e-12  -73.99812 -112.37616  26.283023      99.65 3.1908e+02    559.177      13421  1029.1389  1029.1375    34.2028    34.2011    8.25665         26 0.0000e+00
    343.000    339.171    -0.9373  27.807009    -0.9368  27.806313     5.7464     5.9192     0.1291    95.4894 1.0000e-12  -73.99812 -112.37616  26.283035      99.65 3.1908e+02    560.251      13447  1029.1452  1029.1439    34.2046    34.2030    8.25632         25 0.0000e+00
    344.000    340.160    -0.9328  27.813419    -0.9335  27.811369     5.6958     5.8714     0.1209    95.3526 1.0000e-12  -73.99812 -112.37616  26.283047      99.65 3.1908e+02    561.290      13472  1029.1522  1029.1506    34.2076    34.2056    8.25517         25 0.0000e+00
    345.000    341.148    -0.9024  27.843783    -0.9036  27.840201     5.6652     5.8427     0.1700    95.4183 1.0000e-12  -73.99812 -112.37616  26.283059      99.66 3.1908e+02    562.317      13497  1029.1596  1029.1569    34.2137    34.2102    8.24813         25 0.0000e+00
    346.000    342.136    -0.8816  27.862486    -0.8807  27.861984     5.6527     5.8266     0.1933    95.5193 1.0000e-12  -73.99812 -112.37616  26.283072      99.64 3.1799e+02    563.401      13523  1029.1641  1029.1626    34.2150    34.2132    8.24352         27 0.0000e+00
    347.000    343.123    -0.8744  27.869907    -0.8737  27.868964     5.6425     5.8122     0.1068    95.5643 1.0000e-12  -73.99812 -112.37617  26.283085      99.65 3.1823e+02    564.531      13550  1029.1695  1029.1678    34.2162    34.2141    8.24186         27 0.0000e+00
    348.000    344.112    -0.8686  27.875307    -0.8678  27.874894     5.6381     5.8109     0.0657    95.5732 1.0000e-12  -73.99812 -112.37617  26.283097      99.65 3.1909e+02    565.617      13576  1029.1743  1029.1730    34.2164    34.2149    8.24059         24 0.0000e+00
    349.000    345.099    -0.8677  27.876629    -0.8671  27.876037     5.6328     5.8085     0.0786    95.5643 1.0000e-12  -73.99812 -112.37617  26.283109      99.65 3.1938e+02    566.623      13600  1029.1793  1029.1780    34.2164    34.2150    8.24037         24 0.0000e+00
