ocean_section_plots/required_files/ctd/dnbp2202_ctd124.cnv
* Sea-Bird SBE 9 Data File:
* FileName = D:\Data\raw\NBP2202_CTD124.hex
* Software Version Seasave V 7.26.7.121
* Temperature SN = 1649
* Conductivity SN = 2513
* Number of Bytes Per Scan = 40
* Number of Voltage Words = 5
* Number of Scans Averaged by the Deck Unit = 1
* NMEA Latitude = 74 10.52 S
* NMEA Longitude = 113 20.65 W
* NMEA UTC (Time) = Jan 27 2022  12:17:19
* NMEA baud rate = 9600
** Ship: RVIB N.B. Palmer
** Cruise: NBP2202 Thwaites
** Station: YoYo001
** Operator: B. Bjork
# nquan = 25
# nvalues = 608                         
# units = specified
# name 0 = prDM: Pressure, Digiquartz [db]
# name 1 = depSM: Depth [salt water, m]
# name 2 = t090C: Temperature [ITS-90, deg C]
# name 3 = c0mS/cm: Conductivity [mS/cm]
# name 4 = t190C: Temperature, 2 [ITS-90, deg C]
# name 5 = c1mS/cm: Conductivity, 2 [mS/cm]
# name 6 = sbeox0ML/L: Oxygen, SBE 43 [ml/l]
# name 7 = sbeox1ML/L: Oxygen, SBE 43, 2 [ml/l]
# name 8 = flECO-AFL: Fluorescence, WET Labs ECO-AFL/FL [mg/m^3]
# name 9 = CStarTr0: Beam Transmission, WET Labs C-Star [%]
# name 10 = par: PAR/Irradiance, Biospherical/Licor
# name 11 = latitude: Latitude [deg]
# name 12 = longitude: Longitude [deg]
# name 13 = timeJ: Julian Days
# name 14 = altM: Altimeter [m]
# name 15 = spar: SPAR, Biospherical/Licor
# name 16 = timeS: Time, Elapsed [seconds]
# name 17 = scan: Scan Count
# name 18 = density00: Density [density, kg/m^3]
# name 19 = density11: Density, 2 [density, kg/m^3]
# name 20 = sal00: Salinity, Practical [PSU]
# name 21 = sal11: Salinity, Practical, 2 [PSU]
# name 22 = oxsolML/L: Oxygen Saturation, Garcia & Gordon [ml/l]
# name 23 = nbin: number of scans per bin
# name 24 = flag: flag
# span 0 =     10.000,    617.000       
# span 1 =      9.896,    609.707       
# span 2 =    -1.4573,     0.0822       
# span 3 =  27.038268,  28.902981       
# span 4 =    -1.4561,     0.0846       
# span 5 =  27.037359,  28.902912       
# span 6 =     4.6819,     8.2755       
# span 7 =     4.7304,     8.3424       
# span 8 =    -0.0224,    24.0178       
# span 9 =    70.5113,    95.6281       
# span 10 = 1.0000e-12, 5.0373e+00      
# span 11 =  -74.17536,  -74.17536      
# span 12 = -113.34426, -113.34422      
# span 13 =  27.512453,  27.520274      
# span 14 =       7.00,     100.40      
# span 15 = 2.0273e+02, 2.3224e+02      
# span 16 =     36.933,    712.658      
# span 17 =        887,      17105      
# span 18 =  1027.2273,  1030.5176      
# span 19 =  1027.2258,  1030.5155      
# span 20 =    33.7949,    34.3790      
# span 21 =    33.7930,    34.3763      
# span 22 =    8.02782,    8.38973      
# span 23 =         18,         46      
# span 24 = 0.0000e+00, 0.0000e+00      
# interval = decibars: 1                
# start_time = Jan 27 2022 12:17:19 [NMEA time, header]
# bad_flag = -9.990e-29
*END*
[from data line 348]
    358.000    353.988    -0.5189  28.168061    -0.5170  28.167269     5.0579     5.1155    -0.0063    95.4544 1.0000e-12  -74.17536 -113.34424  27.516763      89.44 2.0327e+02    409.363       9826  1029.1995  1029.1969    34.2102    34.2070    8.16503         23 0.0000e+00
    359.000    354.976    -0.5027  28.184412    -0.5010  28.183468     5.0611     5.1124    -0.0148    95.4767 1.0000e-12  -74.17536 -113.34424  27.516775      97.73 2.0413e+02    410.361       9850  1029.2056  1029.2030    34.2133    34.2102    8.16137         24 0.0000e+00
    360.000    355.964    -0.5005  28.186642    -0.4993  28.185839     5.0576     5.1164    -0.0190    95.5002 1.0000e-12  -74.17536 -113.34424  27.516787      99.88 2.0346e+02    411.360       9874  1029.2102  1029.2082    34.2133    34.2108    8.16090         24 0.0000e+00
    361.000    356.952    -0.5074  28.180833    -0.5034  28.182588     5.0455     5.1109    -0.0190    95.5012 1.0000e-12  -74.17536 -113.34424  27.516798      99.87 2.0317e+02    412.360       9898  1029.2152  1029.2131    34.2126    34.2105    8.16242         24 0.0000e+00
    362.000    357.939    -0.5004  28.188755    -0.5020  28.185000     5.0418     5.1048    -0.0190    95.4841 1.0000e-12  -74.17536 -113.34424  27.516810      99.86 2.0412e+02    413.352       9921  1029.2210  1029.2187    34.2147    34.2115    8.16078         24 0.0000e+00
    363.000    358.930    -0.4942  28.194584    -0.4940  28.192661     5.0548     5.1133    -0.0198    95.4838 1.0000e-12  -74.17536 -113.34424  27.516821      99.87 2.0373e+02    414.331       9945  1029.2256  1029.2234    34.2150    34.2122    8.15944         23 0.0000e+00
    364.000    359.915    -0.4942  28.195274    -0.4895  28.197345     5.0442     5.0947    -0.0185    95.5064 1.0000e-12  -74.17536 -113.34424  27.516832      99.86 2.0318e+02    415.303       9968  1029.2307  1029.2283    34.2153    34.2128    8.15942         23 0.0000e+00
    365.000    360.904    -0.4911  28.198621    -0.4922  28.195482     5.0070     5.0656    -0.0119    95.5119 1.0000e-12  -74.17536 -113.34424  27.516843      99.86 2.0339e+02    416.273       9992  1029.2356  1029.2333    34.2157    34.2127    8.15873         24 0.0000e+00
    366.000    361.891    -0.4793  28.211019    -0.4716  28.214656     5.0024     5.0598    -0.0128    95.5017 1.0000e-12  -74.17536 -113.34424  27.516855      99.87 2.0349e+02    417.245      10015  1029.2415  1029.2380    34.2184    34.2147    8.15603         23 0.0000e+00
    367.000    362.880    -0.4376  28.249741    -0.4388  28.245999     5.0330     5.0820    -0.0199    95.5119 1.0000e-12  -74.17536 -113.34424  27.516866      99.86 2.0295e+02    418.226      10038  1029.2467  1029.2438    34.2229    34.2191    8.14684         24 0.0000e+00
    368.000    363.868    -0.4515  28.238225    -0.4571  28.231868     5.0589     5.1129    -0.0144    95.5215 1.0000e-12  -74.17536 -113.34424  27.516878      99.86 2.0302e+02    419.225      10062  1029.2524  1029.2512    34.2225    34.2202    8.14984         24 0.0000e+00
    369.000    364.855    -0.4982  28.197568    -0.4898  28.204068     5.0754     5.1306    -0.0179    95.4958 1.0000e-12  -74.17536 -113.34424  27.516889      99.87 2.0343e+02    420.240      10087  1029.2592  1029.2579    34.2199    34.2192    8.16002         25 0.0000e+00
    370.000    365.843    -0.5001  28.198323    -0.4934  28.202593     5.0823     5.1350    -0.0205    95.4627 1.0000e-12  -74.17536 -113.34424  27.516901      71.55 2.0273e+02    421.245      10111  1029.2660  1029.2641    34.2224    34.2206    8.16028         23 0.0000e+00
    371.000    366.832    -0.4891  28.209404    -0.4943  28.202211     5.0832     5.1392    -0.0174    95.4647 1.0000e-12  -74.17536 -113.34424  27.516913      88.00 2.0273e+02    422.240      10135  1029.2714  1029.2688    34.2243    34.2205    8.15780         24 0.0000e+00
    372.000    367.820    -0.4930  28.205880    -0.4970  28.200470     5.0867     5.1464    -0.0120    95.3608 1.0000e-12  -74.17536 -113.34424  27.516924      98.52 2.0273e+02    423.217      10158  1029.2757  1029.2739    34.2233    34.2207    8.15870         24 0.0000e+00
    373.000    368.806    -0.4915  28.207534    -0.4989  28.199500     5.0961     5.1538    -0.0125    95.5054 1.0000e-12  -74.17536 -113.34424  27.516935      99.85 2.0273e+02    424.196      10182  1029.2803  1029.2789    34.2233    34.2208    8.15839         23 0.0000e+00
    374.000    369.795    -0.5104  28.191920    -0.5082  28.192070     5.1025     5.1569    -0.0121    95.5174 1.0000e-12  -74.17536 -113.34424  27.516946      99.86 2.0273e+02    425.171      10205  1029.2864  1029.2843    34.2231    34.2207    8.16247         23 0.0000e+00
    375.000    370.783    -0.5108  28.192148    -0.5090  28.191676     5.1040     5.1602    -0.0135    95.5205 1.0000e-12  -74.17536 -113.34424  27.516958      99.87 2.0273e+02    426.163      10229  1029.2912  1029.2890    34.2232    34.2205    8.16254         24 0.0000e+00
    376.000    371.770    -0.5125  28.191012    -0.5109  28.190354     5.0959     5.1606    -0.0116    95.5151 1.0000e-12  -74.17536 -113.34424  27.516969      99.86 2.0273e+02    427.153      10253  1029.2959  1029.2936    34.2230    34.2203    8.16292         24 0.0000e+00
    377.000    372.759    -0.5144  28.189735    -0.5129  28.189213     5.1034     5.1685    -0.0138    95.5301 1.0000e-12  -74.17536 -113.34424  27.516981      99.87 2.0273e+02    428.140      10276  1029.3006  1029.2986    34.2228    34.2205    8.16334         24 0.0000e+00
    378.000    373.745    -0.5170  28.188361    -0.5156  28.187818     5.1093     5.1739    -0.0192    95.5464 1.0000e-12  -74.17536 -113.34424  27.516992      99.86 2.0273e+02    429.122      10300  1029.3059  1029.3039    34.2233    34.2210    8.16387         23 0.0000e+00
    379.000    374.734    -0.5193  28.187719    -0.5179  28.186816     5.0953     5.1545    -0.0140    95.5431 1.0000e-12  -74.17536 -113.34424  27.517003      99.86 2.0273e+02    430.093      10323  1029.3116  1029.3093    34.2243    34.2216    8.16430         23 0.0000e+00
    380.000    375.722    -0.5151  28.194228    -0.5137  28.192430     5.0789     5.1453    -0.0132    95.5571 1.0000e-12  -74.17536 -113.34424  27.517015      99.86 2.0273e+02    431.070      10347  1029.3187  1029.3155    34.2278    34.2238    8.16320         24 0.0000e+00
    381.000    376.710    -0.4787  28.228902    -0.4878  28.217993     5.0755     5.1403    -0.0128    95.5793 1.0000e-12  -74.17536 -113.34424  27.517026      99.87 2.0273e+02    432.057      10370  1029.3245  1029.3217    34.2327    34.2283    8.15510         23 0.0000e+00
    382.000    377.698    -0.4754  28.232229    -0.4810  28.224688     5.0625     5.1351    -0.0157    95.5850 1.0000e-12  -74.17536 -113.34424  27.517038      99.86 2.0273e+02    433.040      10394  1029.3291  1029.3265    34.2328    34.2290    8.15437         24 0.0000e+00
    383.000    378.685    -0.4938  28.215237    -0.4924  28.214823     5.0282     5.0984    -0.0187    95.5784 1.0000e-12  -74.17536 -113.34424  27.517049      99.86 2.0273e+02    434.031      10418  1029.3333  1029.3315    34.2302    34.2281    8.15848         24 0.0000e+00
    384.000    379.673    -0.4598  28.249598    -0.4504  28.254211     4.9787     5.0490    -0.0156    95.6086 1.0000e-12  -74.17536 -113.34424  27.517060      73.09 2.0273e+02    435.024      10442  1029.3410  1029.3367    34.2373    34.2330    8.15076         24 0.0000e+00
    385.000    380.661    -0.4175  28.287763    -0.4148  28.287564     4.9459     5.0190    -0.0205    95.5945 1.0000e-12  -74.17536 -113.34424  27.517072      91.06 2.0273e+02    436.008      10465  1029.3448  1029.3419    34.2403    34.2370    8.14152         23 0.0000e+00
    386.000    381.649    -0.3692  28.334122    -0.3652  28.334503     4.9380     5.0037    -0.0209    95.5772 1.0000e-12  -74.17536 -113.34424  27.517083      99.94 2.0273e+02    436.987      10489  1029.3514  1029.3479    34.2473    34.2434    8.13078         24 0.0000e+00
    387.000    382.637    -0.3670  28.336001    -0.3654  28.335459     4.9404     5.0044    -0.0135    95.5635 1.0000e-12  -74.17536 -113.34424  27.517095      99.86 2.0273e+02    437.971      10512  1029.3559  1029.3538    34.2468    34.2442    8.13034         24 0.0000e+00
    388.000    383.624    -0.3664  28.337154    -0.3637  28.337606     4.9485     5.0013    -0.0137    95.5599 1.0000e-12  -74.17536 -113.34424  27.517106      99.86 2.0273e+02    438.957      10536  1029.3612  1029.3590    34.2471    34.2446    8.13020         23 0.0000e+00
    389.000    384.613    -0.3690  28.335041    -0.3664  28.335399     4.9471     4.9998    -0.0141    95.5516 1.0000e-12  -74.17536 -113.34424  27.517117      99.87 2.0273e+02    439.944      10560  1029.3661  1029.3639    34.2466    34.2442    8.13079         24 0.0000e+00
    390.000    385.599    -0.3731  28.332102    -0.3706  28.332460     4.9610     5.0136    -0.0126    95.5140 1.0000e-12  -74.17536 -113.34424  27.517129      99.86 2.0273e+02    440.940      10584  1029.3715  1029.3694    34.2467    34.2443    8.13166         24 0.0000e+00
    391.000    386.589    -0.3733  28.332632    -0.3723  28.331470     4.9762     5.0473    -0.0159    95.5216 1.0000e-12  -74.17536 -113.34424  27.517140      99.86 2.0273e+02    441.935      10607  1029.3767  1029.3745    34.2470    34.2443    8.13167         24 0.0000e+00
    392.000    387.574    -0.3931  28.315375    -0.3934  28.313763     4.9549     5.0271    -0.0178    95.4897 1.0000e-12  -74.17536 -113.34424  27.517152      99.86 2.0273e+02    442.928      10631  1029.3821  1029.3808    34.2455    34.2438    8.13599         24 0.0000e+00
    393.000    388.562    -0.3899  28.320701    -0.3877  28.319853     4.9006     4.9733    -0.0157    95.4737 1.0000e-12  -74.17536 -113.34424  27.517163      99.86 2.0273e+02    443.913      10655  1029.3891  1029.3860    34.2485    34.2449    8.13515         23 0.0000e+00
    394.000    389.553    -0.3558  28.353075    -0.3516  28.352957     4.8537     4.9249    -0.0205    95.4711 1.0000e-12  -74.17536 -113.34424  27.517175      99.86 2.0273e+02    444.893      10678  1029.3945  1029.3902    34.2529    34.2479    8.12761         24 0.0000e+00
    395.000    390.539    -0.2799  28.423458    -0.2772  28.422366     4.8268     4.9002    -0.0195    95.4815 1.0000e-12  -74.17536 -113.34424  27.517186      99.86 2.0273e+02    445.869      10702  1029.3994  1029.3957    34.2609    34.2564    8.11095         23 0.0000e+00
    396.000    391.526    -0.2646  28.438257    -0.2625  28.437479     4.8191     4.8941    -0.0185    95.4861 1.0000e-12  -74.17536 -113.34424  27.517197      99.87 2.0273e+02    446.844      10725  1029.4049  1029.4020    34.2628    34.2595    8.10758         23 0.0000e+00
    397.000    392.515    -0.2581  28.445808    -0.2552  28.445920     4.8067     4.8841    -0.0187    95.4636 1.0000e-12  -74.17536 -113.34424  27.517209      90.33 2.0273e+02    447.813      10749  1029.4112  1029.4085    34.2650    34.2619    8.10607         24 0.0000e+00
    398.000    393.503    -0.2501  28.454645    -0.2495  28.452366     4.8012     4.8669    -0.0066    95.4063 1.0000e-12  -74.17536 -113.34424  27.517220      87.99 2.0273e+02    448.777      10772  1029.4174  1029.4144    34.2672    34.2635    8.10425         23 0.0000e+00
    399.000    394.490    -0.2335  28.469967    -0.2335  28.467646     4.8182     4.8796    -0.0036    95.3644 1.0000e-12  -74.17536 -113.34424  27.517231      96.95 2.0273e+02    449.741      10795  1029.4220  1029.4195    34.2683    34.2652    8.10065         23 0.0000e+00
    400.000    395.477    -0.2295  28.474869    -0.2268  28.474863     4.8261     4.8925    -0.0083    95.3449 1.0000e-12  -74.17536 -113.34424  27.517242      99.86 2.0273e+02    450.709      10818  1029.4280  1029.4253    34.2698    34.2668    8.09973         23 0.0000e+00
    401.000    396.466    -0.2371  28.469052    -0.2333  28.470633     4.8259     4.8892    -0.0125    95.3349 1.0000e-12  -74.17536 -113.34424  27.517253      99.87 2.0273e+02    451.682      10841  1029.4338  1029.4318    34.2700    34.2678    8.10133         24 0.0000e+00
    402.000    397.453    -0.2416  28.469084    -0.2482  28.459823     4.8194     4.8791    -0.0115    95.3159 1.0000e-12  -74.17536 -113.34424  27.517265      99.86 2.0273e+02    452.663      10865  1029.4428  1029.4395    34.2744    34.2695    8.10202         23 0.0000e+00
    403.000    398.441    -0.2153  28.494334    -0.2125  28.493869     4.8129     4.8635    -0.0130    95.2866 1.0000e-12  -74.17536 -113.34424  27.517276      99.87 2.0273e+02    453.661      10889  1029.4483  1029.4450    34.2780    34.2742    8.09625         25 0.0000e+00
    404.000    399.428    -0.2069  28.502513    -0.2045  28.502121     4.8054     4.8599    -0.0174    95.3033 1.0000e-12  -74.17536 -113.34424  27.517288      99.86 2.0273e+02    454.664      10913  1029.4533  1029.4506    34.2788    34.2757    8.09441         24 0.0000e+00
    405.000    400.417    -0.1969  28.512942    -0.1946  28.512599     4.7982     4.8550    -0.0102    95.3080 1.0000e-12  -74.17536 -113.34424  27.517299      99.87 2.0273e+02    455.677      10937  1029.4591  1029.4565    34.2809    34.2779    8.09217         24 0.0000e+00
    406.000    401.403    -0.1958  28.514459    -0.1930  28.514716     4.7939     4.8429    -0.0031    95.3070 1.0000e-12  -74.17536 -113.34424  27.517311      99.86 2.0273e+02    456.688      10962  1029.4642  1029.4617    34.2811    34.2783    8.09193         24 0.0000e+00
    407.000    402.392    -0.1918  28.518770    -0.1895  28.518329     4.7918     4.8381    -0.0034    95.2846 1.0000e-12  -74.17536 -113.34424  27.517323      99.86 2.0273e+02    457.679      10985  1029.4693  1029.4666    34.2818    34.2786    8.09105         24 0.0000e+00
    408.000    403.380    -0.1839  28.527131    -0.1823  28.525987     4.7907     4.8363    -0.0114    95.2856 1.0000e-12  -74.17536 -113.34424  27.517334      99.86 2.0273e+02    458.654      11009  1029.4750  1029.4721    34.2834    34.2801    8.08928         23 0.0000e+00
    409.000    404.369    -0.1834  28.527454    -0.1800  28.528302     4.7833     4.8342    -0.0153    95.2722 1.0000e-12  -74.17536 -113.34424  27.517345      99.87 2.0273e+02    459.624      11032  1029.4792  1029.4768    34.2826    34.2800    8.08920         23 0.0000e+00
    410.000    405.354    -0.1827  28.528481    -0.1801  28.528496     4.7743     4.8297    -0.0083    95.2780 1.0000e-12  -74.17536 -113.34424  27.517356      99.86 2.0273e+02    460.604      11055  1029.4841  1029.4816    34.2826    34.2797    8.08905         24 0.0000e+00
    411.000    406.343    -0.1769  28.534518    -0.1732  28.535454     4.7705     4.8243    -0.0101    95.2589 1.0000e-12  -74.17536 -113.34424  27.517368      89.73 2.0273e+02    461.596      11079  1029.4892  1029.4867    34.2836    34.2807    8.08778         24 0.0000e+00
    412.000    407.331    -0.1663  28.545206    -0.1672  28.541518     4.7591     4.8200    -0.0135    95.2437 1.0000e-12  -74.17536 -113.34424  27.517380      99.27 2.0273e+02    462.599      11103  1029.4946  1029.4916    34.2853    34.2814    8.08544         24 0.0000e+00
    413.000    408.318    -0.1574  28.554032    -0.1563  28.552562     4.7490     4.8102    -0.0123    95.2610 1.0000e-12  -74.17536 -113.34424  27.517391      99.88 2.0273e+02    463.611      11128  1029.4997  1029.4971    34.2865    34.2833    8.08348         24 0.0000e+00
    414.000    409.305    -0.1502  28.562275    -0.1451  28.564160     4.7501     4.8053    -0.0171    95.2459 1.0000e-12  -74.17536 -113.34424  27.517403      99.86 2.0273e+02    464.601      11151  1029.5058  1029.5028    34.2887    34.2855    8.08183         24 0.0000e+00
