ocean_section_plots/required_files/ctd/dnbp2202_ctd101.cnv
* Sea-Bird SBE 9 Data File:
* FileName = D:\Data\raw\NBP2202_CTD101.hex
* Software Version Seasave V 7.26.7.121
* Temperature SN = 1649
* Conductivity SN = 2513
* Number of Bytes Per Scan = 40
* Number of Voltage Words = 5
* Number of Scans Averaged by the Deck Unit = 1
* NMEA Latitude = 74 10.52 S
* NMEA Longitude = 113 20.65 W
* NMEA UTC (Time) = Jan 27 2022  02:55:26
* NMEA baud rate = 9600
** Ship: RVIB N.B. Palmer
** Cruise: NBP2202 Thwaites
** Station: YoYo001
** Operator: A. Robinson
# nquan = 25
# nvalues = 608                         
# units = specified
# name 0 = prDM: Pressure, Digiquartz [db]
# name 1 = depSM: Depth [salt water, m]
# name 2 = t090C: Temperature [ITS-90, deg C]
# name 3 = c0mS/cm: Conductivity [mS/cm]
# name 4 = t190C: Temperature, 2 [ITS-90, deg C]
# name 5 = c1mS/cm: Conductivity, 2 [mS/cm]
# name 6 = sbeox0ML/L: Oxygen, SBE 43 [ml/l]
# name 7 = sbeox1ML/L: Oxygen, SBE 43, 2 [ml/l]
# name 8 = flECO-AFL: Fluorescence, WET Labs ECO-AFL/FL [mg/m^3]
# name 9 = CStarTr0: Beam Transmission, WET Labs C-Star [%]
# name 10 = par: PAR/Irradiance, Biospherical/Licor
# name 11 = latitude: Latitude [deg]
# name 12 = longitude: Longitude [deg]
# name 13 = timeJ: Julian Days
# name 14 = altM: Altimeter [m]
# name 15 = spar: SPAR, Biospherical/Licor
# name 16 = timeS: Time, Elapsed [seconds]
# name 17 = scan: Scan Count
# name 18 = density00: Density [density, kg/m^3]
# name 19 = density11: Density, 2 [density, kg/m^3]
# name 20 = sal00: Salinity, Practical [PSU]
# name 21 = sal11: Salinity, Practical, 2 [PSU]
# name 22 = oxsolML/L: Oxygen Saturation, Garcia & Gordon [ml/l]
# name 23 = nbin: number of scans per bin
# name 24 = flag: flag
# span 0 =     10.000,    617.000       
# span 1 =      9.897,    609.704       
# span 2 =    -1.4977,     0.0641       
# span 3 =  26.950125,  28.899444       
# span 4 =    -1.4958,     0.0666       
# span 5 =  26.790773,  28.745307       
# span 6 =     4.6898,     9.1232       
# span 7 =     4.7340,     9.0724       
# span 8 =    -0.0290,    26.4938       
# span 9 =    68.4121,    95.5504       
# span 10 = 1.0000e-12, 1.8235e+01      
# span 11 =  -74.17536,  -74.17536      
# span 12 = -113.34426, -113.34424      
# span 13 =  27.122391,  27.130899      
# span 14 =       7.73,      99.99      
# span 15 = 6.4466e+02, 9.3905e+02      
# span 16 =     48.559,    783.666      
# span 17 =       1166,      18809      
# span 18 =  1027.1957,  1030.5201      
# span 19 =  1027.0124,  1030.3552      
# span 20 =    33.7771,    34.3757      
# span 21 =    33.5506,    34.1699      
# span 22 =    8.03183,    8.40361      
# span 23 =         20,         45      
# span 24 = 0.0000e+00, 0.0000e+00      
# interval = decibars: 1                
# start_time = Jan 27 2022 02:55:26 [NMEA time, header]
# bad_flag = -9.990e-29
*END*
[from data line 174]
    184.000    182.015    -1.1820  27.373120    -1.1811  27.210461     5.4863     5.5264    -0.0143    95.4866 1.0000e-12  -74.17536 -113.34424  27.125375      99.86 6.7518e+02    306.394       7354  1028.2241  1028.0432    33.9884    33.7649    8.32308         28 0.0000e+00
    185.000    183.005    -1.1893  27.369172    -1.1883  27.206389     5.4857     5.5302    -0.0185    95.4903 1.0000e-12  -74.17536 -113.34424  27.125389      99.87 6.7518e+02    307.571       7383  1028.2310  1028.0498    33.9906    33.7668    8.32457         28 0.0000e+00
    186.000    183.991    -1.1883  27.371610    -1.1870  27.209044     5.4756     5.5351    -0.0103    95.5079 1.0000e-12  -74.17536 -113.34424  27.125402      99.87 6.7689e+02    308.736       7411  1028.2369  1028.0555    33.9922    33.7683    8.32426         28 0.0000e+00
    187.000    184.981    -1.1825  27.377887    -1.1810  27.215319     5.4774     5.5342    -0.0122    95.4761 1.0000e-12  -74.17536 -113.34424  27.125416      93.88 6.7816e+02    309.910       7439  1028.2422  1028.0607    33.9936    33.7695    8.32289         28 0.0000e+00
    188.000    185.970    -1.1814  27.380345    -1.1804  27.217244     5.4747     5.5370    -0.0089    95.3678 1.0000e-12  -74.17536 -113.34424  27.125429      99.92 6.7706e+02    311.093       7467  1028.2479  1028.0665    33.9950    33.7709    8.32254         29 0.0000e+00
    189.000    186.958    -1.1655  27.399946    -1.1655  27.234922     5.4719     5.5310    -0.0074    95.5140 1.0000e-12  -74.17536 -113.34424  27.125443      99.87 6.7802e+02    312.269       7495  1028.2582  1028.0756    34.0033    33.7776    8.31853         28 0.0000e+00
    190.000    187.947    -1.1535  27.412442    -1.1524  27.248756     5.4620     5.5297    -0.0077    95.5440 1.0000e-12  -74.17536 -113.34424  27.125457      99.87 6.7764e+02    313.450       7524  1028.2645  1028.0824    34.0062    33.7812    8.31570         28 0.0000e+00
    191.000    188.936    -1.1510  27.414911    -1.1499  27.251940     5.4628     5.5235    -0.0210    95.5283 1.0000e-12  -74.17536 -113.34424  27.125470      99.87 6.7750e+02    314.632       7552  1028.2692  1028.0878    34.0061    33.7821    8.31515         29 0.0000e+00
    192.000    189.924    -1.1512  27.415467    -1.1498  27.252589     5.4645     5.5262    -0.0070    95.5051 1.0000e-12  -74.17536 -113.34424  27.125484      99.86 6.7670e+02    315.807       7580  1028.2742  1028.0927    34.0064    33.7822    8.31517         28 0.0000e+00
    193.000    190.914    -1.1518  27.415520    -1.1506  27.252697     5.4624     5.5317    -0.0082    95.5290 1.0000e-12  -74.17536 -113.34424  27.125498      99.87 6.7511e+02    316.983       7609  1028.2793  1028.0980    34.0066    33.7827    8.31530         28 0.0000e+00
    194.000    191.902    -1.1540  27.415303    -1.1523  27.252859     5.4621     5.5381    -0.0150    95.5437 1.0000e-12  -74.17536 -113.34424  27.125511      99.87 6.7417e+02    318.154       7637  1028.2854  1028.1041    34.0082    33.7842    8.31569         28 0.0000e+00
    195.000    192.891    -1.1502  27.419656    -1.1491  27.256348     5.4469     5.5247    -0.0150    95.5418 1.0000e-12  -74.17536 -113.34424  27.125524      99.87 6.7343e+02    319.299       7664  1028.2908  1028.1092    34.0091    33.7848    8.31478         28 0.0000e+00
    196.000    193.879    -1.1454  27.424955    -1.1433  27.262067     5.4178     5.4944    -0.0147    95.5504 1.0000e-12  -74.17536 -113.34424  27.125538      99.87 6.7225e+02    320.452       7692  1028.2962  1028.1141    34.0103    33.7853    8.31364         27 0.0000e+00
    197.000    194.869    -1.1076  27.462714    -1.1017  27.302280     5.3942     5.4809    -0.0117    95.5480 1.0000e-12  -74.17536 -113.34424  27.125551      77.56 6.7172e+02    321.624       7720  1028.3051  1028.1222    34.0185    33.7929    8.30479         29 0.0000e+00
    198.000    195.856    -1.0929  27.477927    -1.0919  27.313847     5.3778     5.4671    -0.0065    95.5445 1.0000e-12  -74.17536 -113.34424  27.125565      91.55 6.7045e+02    322.821       7749  1028.3119  1028.1299    34.0220    33.7970    8.30133         29 0.0000e+00
    199.000    196.846    -1.0824  27.488875    -1.0841  27.321814     5.3662     5.4542    -0.0159    95.5455 1.0000e-12  -74.17536 -113.34424  27.125579      99.90 6.6850e+02    324.025       7778  1028.3183  1028.1356    34.0245    33.7985    8.29886         28 0.0000e+00
    200.000    197.834    -1.0667  27.504277    -1.0694  27.336536     5.3501     5.4419    -0.0177    95.5436 1.0000e-12  -74.17536 -113.34424  27.125593      99.86 6.6909e+02    325.211       7806  1028.3243  1028.1420    34.0271    33.8014    8.29523         28 0.0000e+00
    201.000    198.823    -1.0611  27.510598    -1.0627  27.343301     5.3389     5.4265    -0.0097    95.5362 1.0000e-12  -74.17536 -113.34424  27.125606      99.86 6.6686e+02    326.362       7834  1028.3302  1028.1474    34.0287    33.8025    8.29389         28 0.0000e+00
    202.000    199.812    -1.0411  27.529298    -1.0539  27.352477     5.3305     5.4125    -0.0126    95.5299 1.0000e-12  -74.17536 -113.34424  27.125619      99.87 6.6681e+02    327.505       7861  1028.3357  1028.1533    34.0310    33.8044    8.28934         28 0.0000e+00
    203.000    200.800    -1.0361  27.534819    -1.0351  27.370093     5.3253     5.4021    -0.0091    95.5226 1.0000e-12  -74.17536 -113.34424  27.125633      99.87 6.6662e+02    328.669       7889  1028.3415  1028.1589    34.0323    33.8067    8.28817         28 0.0000e+00
    204.000    201.790    -1.0314  27.539662    -1.0299  27.375812     5.3221     5.3937    -0.0140    95.5133 1.0000e-12  -74.17536 -113.34424  27.125646      99.87 6.6543e+02    329.853       7917  1028.3467  1028.1647    34.0328    33.8081    8.28708         28 0.0000e+00
    205.000    202.777    -1.0300  27.541039    -1.0289  27.377288     5.3257     5.3910    -0.0220    95.5021 1.0000e-12  -74.17536 -113.34424  27.125660      99.87 6.6639e+02    331.040       7946  1028.3514  1028.1699    34.0326    33.8083    8.28680         28 0.0000e+00
    206.000    203.768    -1.0286  27.542582    -1.0271  27.378769     5.3268     5.3982    -0.0150    95.5054 1.0000e-12  -74.17536 -113.34424  27.125674      99.87 6.6698e+02    332.216       7974  1028.3562  1028.1743    34.0325    33.8077    8.28650         29 0.0000e+00
    207.000    204.755    -1.0316  27.540073    -1.0313  27.375495     5.3284     5.4027    -0.0147    95.4999 1.0000e-12  -74.17536 -113.34424  27.125687      99.86 6.6780e+02    333.376       8002  1028.3608  1028.1792    34.0318    33.8073    8.28719         27 0.0000e+00
    208.000    205.744    -1.0313  27.540714    -1.0314  27.375706     5.3295     5.3992    -0.0142    95.4973 1.0000e-12  -74.17536 -113.34424  27.125700      95.46 6.6987e+02    334.470       8028  1028.3656  1028.1840    34.0317    33.8071    8.28712         26 0.0000e+00
    209.000    206.732    -1.0318  27.540744    -1.0310  27.376623     5.3305     5.3974    -0.0081    95.4963 1.0000e-12  -74.17536 -113.34424  27.125712      79.07 6.7230e+02    335.547       8054  1028.3706  1028.1891    34.0318    33.8074    8.28725         26 0.0000e+00
    210.000    207.720    -1.0311  27.541730    -1.0299  27.377917     5.3302     5.3926    -0.0152    95.5047 1.0000e-12  -74.17536 -113.34424  27.125725      95.39 6.7410e+02    336.613       8080  1028.3754  1028.1937    34.0317    33.8072    8.28709         25 0.0000e+00
    211.000    208.710    -1.0286  27.544598    -1.0277  27.380564     5.3258     5.3962    -0.0224    95.4990 1.0000e-12  -74.17536 -113.34424  27.125737      99.87 6.7629e+02    337.646       8105  1028.3804  1028.1989    34.0321    33.8077    8.28651         24 0.0000e+00
    212.000    209.699    -1.0293  27.544380    -1.0282  27.380849     5.3240     5.3920    -0.0147    95.4832 1.0000e-12  -74.17536 -113.34424  27.125748      99.87 6.7815e+02    338.668       8129  1028.3852  1028.2040    34.0320    33.8080    8.28667         25 0.0000e+00
    213.000    210.686    -1.0296  27.544389    -1.0283  27.380835     5.3239     5.3931    -0.0150    95.4791 1.0000e-12  -74.17536 -113.34424  27.125760      99.87 6.8025e+02    339.703       8154  1028.3899  1028.2085    34.0317    33.8076    8.28675         25 0.0000e+00
    214.000    211.675    -1.0311  27.543466    -1.0297  27.379858     5.3283     5.3970    -0.0144    95.4959 1.0000e-12  -74.17536 -113.34424  27.125772      99.87 6.8225e+02    340.735       8179  1028.3947  1028.2131    34.0315    33.8072    8.28709         24 0.0000e+00
    215.000    212.665    -1.0293  27.545734    -1.0276  27.382427     5.3294     5.3925    -0.0210    95.4834 1.0000e-12  -74.17536 -113.34424  27.125784      99.87 6.8415e+02    341.778       8204  1028.3997  1028.2183    34.0320    33.8077    8.28667         26 0.0000e+00
    216.000    213.652    -1.0291  27.546171    -1.0273  27.383260     5.3297     5.3932    -0.0100    95.4853 1.0000e-12  -74.17536 -113.34424  27.125797      99.87 6.8754e+02    342.838       8229  1028.4043  1028.2232    34.0318    33.8079    8.28664         25 0.0000e+00
    217.000    214.642    -1.0298  27.546005    -1.0288  27.382498     5.3311     5.3951    -0.0006    95.4801 1.0000e-12  -74.17536 -113.34424  27.125809      99.86 6.8937e+02    343.880       8254  1028.4092  1028.2281    34.0317    33.8079    8.28680         25 0.0000e+00
    218.000    215.629    -1.0294  27.546663    -1.0291  27.382879     5.3337     5.3963    -0.0145    95.4711 1.0000e-12  -74.17536 -113.34424  27.125821      99.87 6.9208e+02    344.898       8279  1028.4139  1028.2331    34.0316    33.8082    8.28673         24 0.0000e+00
    219.000    216.619    -1.0331  27.543675    -1.0326  27.379942     5.3371     5.3984    -0.0182    95.4770 1.0000e-12  -74.17536 -113.34424  27.125832      99.87 6.9366e+02    345.919       8303  1028.4185  1028.2377    34.0310    33.8075    8.28757         25 0.0000e+00
    220.000    217.608    -1.0348  27.542089    -1.0337  27.378741     5.3367     5.3917    -0.0150    95.4754 1.0000e-12  -74.17536 -113.34424  27.125844      99.87 6.9451e+02    346.947       8328  1028.4227  1028.2418    34.0302    33.8065    8.28800         24 0.0000e+00
    221.000    218.595    -1.0346  27.542799    -1.0331  27.379560     5.3345     5.3963    -0.0150    95.4812 1.0000e-12  -74.17536 -113.34424  27.125856      98.17 6.9536e+02    347.965       8352  1028.4276  1028.2463    34.0303    33.8063    8.28794         25 0.0000e+00
    222.000    219.584    -1.0355  27.542148    -1.0344  27.378768     5.3340     5.3934    -0.0150    95.4791 1.0000e-12  -74.17536 -113.34424  27.125868      86.89 6.9648e+02    349.003       8377  1028.4320  1028.2510    34.0298    33.8060    8.28817         25 0.0000e+00
    223.000    220.574    -1.0329  27.544839    -1.0349  27.378845     5.3374     5.3959    -0.0122    95.4797 1.0000e-12  -74.17536 -113.34424  27.125880      99.29 6.9634e+02    350.041       8402  1028.4367  1028.2559    34.0300    33.8062    8.28759         24 0.0000e+00
    224.000    221.562    -1.0381  27.540453    -1.0383  27.376159     5.3366     5.3999    -0.0085    95.4583 1.0000e-12  -74.17536 -113.34424  27.125892      99.87 6.9634e+02    351.052       8426  1028.4413  1028.2605    34.0292    33.8057    8.28878         25 0.0000e+00
    225.000    222.550    -1.0408  27.538431    -1.0382  27.376890     5.3312     5.3954    -0.0150    95.4775 1.0000e-12  -74.17536 -113.34424  27.125903      99.87 6.9619e+02    352.061       8450  1028.4460  1028.2655    34.0289    33.8060    8.28939         24 0.0000e+00
    226.000    223.538    -1.0422  27.537731    -1.0395  27.375979     5.3194     5.3842    -0.0150    95.4709 1.0000e-12  -74.17536 -113.34424  27.125915      99.87 6.9487e+02    353.077       8475  1028.4509  1028.2700    34.0290    33.8055    8.28971         25 0.0000e+00
    227.000    224.528    -1.0385  27.541409    -1.0392  27.376577     5.3228     5.3868    -0.0147    95.4806 1.0000e-12  -74.17536 -113.34424  27.125927      99.87 6.9357e+02    354.087       8499  1028.4555  1028.2748    34.0291    33.8055    8.28887         24 0.0000e+00
    228.000    225.516    -1.0378  27.542444    -1.0378  27.378302     5.2976     5.3768    -0.0064    95.4765 1.0000e-12  -74.17536 -113.34426  27.125939      99.87 6.9347e+02    355.111       8524  1028.4603  1028.2795    34.0292    33.8056    8.28873         24 0.0000e+00
    229.000    226.504    -1.0354  27.545471    -1.0350  27.381294     5.2259     5.3296    -0.0145    95.4770 1.0000e-12  -74.17536 -113.34424  27.125951      99.87 6.9096e+02    356.135       8548  1028.4654  1028.2844    34.0299    33.8059    8.28814         25 0.0000e+00
    230.000    227.493    -0.9995  27.581024    -0.9962  27.415760     5.1300     5.2473    -0.0150    95.4679 1.0000e-12  -74.17536 -113.34424  27.125962      99.87 6.8981e+02    357.144       8572  1028.4735  1028.2885    34.0371    33.8086    8.27980         24 0.0000e+00
    231.000    228.482    -0.9240  27.649401    -0.9226  27.483858     5.0607     5.1753    -0.0206    95.4733 1.0000e-12  -74.17536 -113.34424  27.125974      99.87 6.8877e+02    358.149       8597  1028.4788  1028.2958    34.0442    33.8179    8.26278         24 0.0000e+00
    232.000    229.470    -0.8709  27.699582    -0.8723  27.530116     5.0311     5.1299    -0.0121    95.4729 1.0000e-12  -74.17536 -113.34424  27.125986      99.86 6.8695e+02    359.171       8621  1028.4862  1028.3020    34.0517    33.8236    8.25068         25 0.0000e+00
    233.000    230.458    -0.8400  27.727312    -0.8387  27.561809     5.0208     5.1107    -0.0166    95.4711 1.0000e-12  -74.17536 -113.34424  27.125998      99.87 6.8517e+02    360.188       8646  1028.4910  1028.3087    34.0538    33.8283    8.24379         24 0.0000e+00
    234.000    231.446    -0.8375  27.730163    -0.8362  27.564947     5.0208     5.1073    -0.0184    95.4636 1.0000e-12  -74.17536 -113.34424  27.126009      76.63 6.8399e+02    361.192       8670  1028.4965  1028.3145    34.0543    33.8291    8.24322         24 0.0000e+00
    235.000    232.437    -0.8330  27.735381    -0.8316  27.570174     5.0259     5.1003    -0.0147    95.4338 1.0000e-12  -74.17536 -113.34424  27.126021      93.04 6.8245e+02    362.208       8694  1028.5025  1028.3205    34.0556    33.8304    8.24215         25 0.0000e+00
    236.000    233.424    -0.8283  27.740396    -0.8274  27.574871     5.0254     5.0974    -0.0150    95.4070 1.0000e-12  -74.17536 -113.34424  27.126033      99.80 6.8115e+02    363.219       8718  1028.5081  1028.3262    34.0565    33.8314    8.24107         24 0.0000e+00
    237.000    234.413    -0.8259  27.743067    -0.8246  27.578155     5.0316     5.0961    -0.0150    95.3909 1.0000e-12  -74.17536 -113.34424  27.126044      99.87 6.8070e+02    364.218       8742  1028.5134  1028.3318    34.0568    33.8321    8.24054         24 0.0000e+00
    238.000    235.401    -0.8245  27.744722    -0.8232  27.580047     5.0310     5.0924    -0.0150    95.3573 1.0000e-12  -74.17536 -113.34424  27.126056      99.87 6.7981e+02    365.231       8767  1028.5184  1028.3371    34.0568    33.8325    8.24022         24 0.0000e+00
    239.000    236.389    -0.8229  27.746747    -0.8217  27.581827     5.0296     5.0963    -0.0154    95.3466 1.0000e-12  -74.17536 -113.34424  27.126068      99.86 6.7789e+02    366.237       8791  1028.5237  1028.3422    34.0572    33.8326    8.23986         24 0.0000e+00
    240.000    237.379    -0.8219  27.748287    -0.8204  27.583580     5.0315     5.0930    -0.0202    95.3403 1.0000e-12  -74.17536 -113.34424  27.126079      99.87 6.7710e+02    367.222       8814  1028.5288  1028.3473    34.0575    33.8329    8.23961         24 0.0000e+00
