ocean_section_plots/required_files/ctd/dnbp2202_ctd241.cnv
* Sea-Bird SBE 9 Data File:
* FileName = D:\Data\raw\NBP2202_CTD241.hex
* Software Version Seasave V 7.26.7.121
* Temperature SN = 1649
* Conductivity SN = 2513
* Number of Bytes Per Scan = 40
* Number of Voltage Words = 5
* Number of Scans Averaged by the Deck Unit = 1
* NMEA Latitude = 73 52.86 S
* NMEA Longitude = 118 44.34 W
* NMEA UTC (Time) = Feb 14 2022  21:52:28
* NMEA baud rate = 9600
** Ship: RVIB N.B. Palmer
** Cruise: NBP2202 Thwaites
** Station: 151
** Operator: A. Robinson
# nquan = 28
# nvalues = 679                         
# units = specified
# name 0 = prDM: Pressure, Digiquartz [db]
# name 1 = depSM: Depth [salt water, m]
# name 2 = t090C: Temperature [ITS-90, deg C]
# name 3 = c0mS/cm: Conductivity [mS/cm]
# name 4 = t190C: Temperature, 2 [ITS-90, deg C]
# name 5 = c1mS/cm: Conductivity, 2 [mS/cm]
# name 6 = sbeox0ML/L: Oxygen, SBE 43 [ml/l]
# name 7 = sbeox1ML/L: Oxygen, SBE 43, 2 [ml/l]
# name 8 = flECO-AFL: Fluorescence, WET Labs ECO-AFL/FL [mg/m^3]
# name 9 = CStarTr0: Beam Transmission, WET Labs C-Star [%]
# name 10 = par: PAR/Irradiance, Biospherical/Licor
# name 11 = latitude: Latitude [deg]
# name 12 = longitude: Longitude [deg]
# name 13 = timeJ: Julian Days
# name 14 = altM: Altimeter [m]
# name 15 = spar: SPAR, Biospherical/Licor
# name 16 = timeS: Time, Elapsed [seconds]
# name 17 = scan: Scan Count
# name 18 = density00: Density [density, kg/m^3]
# name 19 = density11: Density, 2 [density, kg/m^3]
# name 20 = v3: Voltage 3
# name 21 = v4: Voltage 4
# name 22 = v5: Voltage 5
# name 23 = sal00: Salinity, Practical [PSU]
# name 24 = sal11: Salinity, Practical, 2 [PSU]
# name 25 = oxsolML/L: Oxygen Saturation, Garcia & Gordon [ml/l]
# name 26 = nbin: number of scans per bin
# name 27 = flag: flag
# span 0 =      1.000,    679.000       
# span 1 =      0.992,    670.884       
# span 2 =    -1.6854,     0.3879       
# span 3 =  27.022613,  29.296171       
# span 4 =    -1.6861,     0.3901       
# span 5 =  27.022799,  29.296223       
# span 6 =     4.7949,     9.2098       
# span 7 =     4.9392,     9.5697       
# span 8 =    -0.0196,    11.2707       
# span 9 =    84.3353,    97.4871       
# span 10 = -2.081e-06, 1.0919e+03      
# span 11 =  -73.88114,  -73.88112      
# span 12 = -118.73910, -118.73906      
# span 13 =  45.912907,  45.923454      
# span 14 =     -35.90,     100.22      
# span 15 = 5.1735e+02, 6.0097e+02      
# span 16 =    127.183,   1038.454      
# span 17 =       3053,      24924      
# span 18 =  1027.1621,  1030.8857      
# span 19 =  1027.1728,  1030.8839      
# span 20 =     4.0010,     4.6246      
# span 21 =     0.0657,     2.0437      
# span 22 =     0.1088,     0.1884      
# span 23 =    33.8210,    34.4990      
# span 24 =    33.8271,    34.4965      
# span 25 =    7.95763,    8.43376      
# span 26 =         13,         45      
# span 27 = 0.0000e+00, 0.0000e+00      
# interval = decibars: 1                
# start_time = Feb 14 2022 21:52:28 [NMEA time, header]
# bad_flag = -9.990e-29
*END*
[from data line 52]
     53.000     52.446    -0.2074  28.023998    -0.2142  28.020703     8.8444     9.2175     7.7053    89.7390 2.3683e-02  -73.88112 -118.73907  45.914301      99.44 5.9096e+02    247.568       5943  1027.4441  1027.4472     4.2573     1.2965     0.1642    33.8537    33.8570    8.11871         36 0.0000e+00
     54.000     53.435    -0.2096  28.022572    -0.2114  28.023398     8.8533     9.2244     6.6563    88.9206 1.4761e-02  -73.88112 -118.73906  45.914318      99.53 5.9125e+02    249.038       5978  1027.4491  1027.4516     4.2185     0.8847     0.1464    33.8538    33.8569    8.11920         34 0.0000e+00
     55.000     54.424    -0.2109  28.021851    -0.2134  28.022252     8.8485     9.2105     6.0992    89.2998 7.2940e-03  -73.88112 -118.73906  45.914333      95.88 5.9057e+02    250.376       6010  1027.4538  1027.4566     4.2364     1.3707     0.1471    33.8536    33.8569    8.11947         31 0.0000e+00
     56.000     55.414    -0.2103  28.022615    -0.2121  28.023691     8.8329     9.1992     7.8088    89.7656 1.0191e-03  -73.88112 -118.73906  45.914349      97.33 5.9057e+02    251.717       6042  1027.4583  1027.4612     4.2584     1.6684     0.1539    33.8533    33.8568    8.11936         34 0.0000e+00
     57.000     56.403    -0.2195  28.015429    -0.2227  28.015420     8.8059     9.1789     7.8595    88.4454 -2.081e-06  -73.88112 -118.73906  45.914366      99.43 5.9057e+02    253.251       6079  1027.4638  1027.4669     4.1959     1.3374     0.1473    33.8534    33.8569    8.12132         36 0.0000e+00
     58.000     57.392    -0.2274  28.009625    -0.2300  28.009924     8.7720     9.1423     8.0748    89.3047 1.0000e-12  -73.88112 -118.73906  45.914385      99.51 5.8944e+02    254.855       6118  1027.4695  1027.4723     4.2366     0.9737     0.1419    33.8538    33.8571    8.12298         36 0.0000e+00
     59.000     58.382    -0.2365  28.004400    -0.2393  28.004836     8.7410     9.1136     5.5513    88.4289 1.0000e-12  -73.88112 -118.73906  45.914401      99.52 5.8971e+02    256.237       6151  1027.4769  1027.4801     4.1951     0.9225     0.1432    33.8564    33.8601    8.12477         31 0.0000e+00
     60.000     59.372    -0.2435  28.001001    -0.2460  28.001344     8.7203     9.0971     6.3313    90.1882 1.0000e-12  -73.88112 -118.73906  45.914416      99.44 5.9056e+02    257.527       6182  1027.4843  1027.4870     4.2786     1.1983     0.1602    33.8590    33.8623    8.12612         31 0.0000e+00
     61.000     60.361    -0.2477  27.998049    -0.2504  27.998703     8.7117     9.0870     6.4328    89.7496 1.0000e-12  -73.88112 -118.73906  45.914432      99.47 5.8887e+02    258.961       6216  1027.4893  1027.4926     4.2578     1.1881     0.1512    33.8591    33.8630    8.12700         38 0.0000e+00
     62.000     61.350    -0.2522  27.995770    -0.2545  27.996229     8.7175     9.0848     5.5695    89.6368 1.0000e-12  -73.88112 -118.73906  45.914450      99.48 5.8880e+02    260.501       6253  1027.4954  1027.4981     4.2524     1.3303     0.1495    33.8605    33.8637    8.12788         35 0.0000e+00
     63.000     62.340    -0.2525  27.996006    -0.2548  27.996499     8.7250     9.0851     5.9876    89.2146 1.0000e-12  -73.88112 -118.73906  45.914467      99.08 5.8880e+02    261.945       6288  1027.5002  1027.5028     4.2322     1.1904     0.1582    33.8606    33.8637    8.12796         32 0.0000e+00
     64.000     63.328    -0.2526  27.996509    -0.2553  27.996610     8.7310     9.0908     5.5368    89.6958 1.0000e-12  -73.88112 -118.73906  45.914483      99.27 5.8880e+02    263.313       6321  1027.5049  1027.5076     4.2552     1.1669     0.1467    33.8607    33.8638    8.12795         32 0.0000e+00
     65.000     64.318    -0.2520  27.997480    -0.2543  27.997847     8.7317     9.0977     5.6837    90.4305 1.0000e-12  -73.88112 -118.73906  45.914498      99.51 5.8880e+02    264.655       6353  1027.5097  1027.5122     4.2900     1.0986     0.1430    33.8608    33.8638    8.12784         32 0.0000e+00
     66.000     65.307    -0.2517  27.998044    -0.2539  27.998624     8.7259     9.0973     6.5835    90.5785 1.0000e-12  -73.88112 -118.73906  45.914514      99.55 5.8880e+02    266.012       6385  1027.5141  1027.5169     4.2970     0.8016     0.1429    33.8605    33.8638    8.12778         34 0.0000e+00
     67.000     66.296    -0.2521  27.997895    -0.2543  27.998830     8.7173     9.0760     5.9057    88.7106 1.0000e-12  -73.88112 -118.73907  45.914531      99.46 5.8818e+02    267.441       6420  1027.5188  1027.5218     4.2086     1.1335     0.1633    33.8602    33.8639    8.12789         34 0.0000e+00
     68.000     67.286    -0.2526  27.998615    -0.2549  27.998916     8.7126     9.0756     5.2445    90.2520 1.0000e-12  -73.88112 -118.73907  45.914547      99.48 5.8876e+02    268.842       6453  1027.5241  1027.5266     4.2816     1.0525     0.1456    33.8611    33.8641    8.12794         32 0.0000e+00
     69.000     68.275    -0.2576  27.995078    -0.2597  27.995742     8.7124     9.0684     4.8621    90.5317 1.0000e-12  -73.88114 -118.73906  45.914562      99.51 5.8812e+02    270.116       6484  1027.5294  1027.5321     4.2948     0.9820     0.1607    33.8613    33.8645    8.12899         31 0.0000e+00
     70.000     69.266    -0.2617  27.991938    -0.2643  27.992501     8.6985     9.0531     3.8747    90.1359 1.0000e-12  -73.88112 -118.73908  45.914576      99.51 5.8705e+02    271.406       6515  1027.5344  1027.5373     4.2761     1.1044     0.1509    33.8611    33.8647    8.12989         31 0.0000e+00
     71.000     70.254    -0.2638  27.991155    -0.2662  27.991484     8.6785     9.0397     4.8467    89.9930 1.0000e-12  -73.88114 -118.73907  45.914593      99.56 5.8704e+02    272.828       6549  1027.5397  1027.5423     4.2692     1.0150     0.1475    33.8618    33.8649    8.13029         35 0.0000e+00
     72.000     71.243    -0.2698  27.986975    -0.2722  27.987439     8.6685     9.0208     4.6490    90.4095 1.0000e-12  -73.88114 -118.73906  45.914609      99.49 5.8704e+02    274.182       6581  1027.5453  1027.5480     4.2891     1.0164     0.1428    33.8623    33.8655    8.13155         31 0.0000e+00
     73.000     72.233    -0.2771  27.982437    -0.2793  27.982827     8.6561     9.0173     5.6932    90.9375 1.0000e-12  -73.88114 -118.73908  45.914623      98.94 5.8704e+02    275.390       6610  1027.5517  1027.5542     4.3141     0.7995     0.1382    33.8637    33.8667    8.13301         28 0.0000e+00
     74.000     73.222    -0.2773  27.983176    -0.2793  27.983475     8.6540     9.0209     5.4094    90.4952 1.0000e-12  -73.88114 -118.73907  45.914637      94.80 5.8704e+02    276.622       6640  1027.5569  1027.5591     4.2931     0.9348     0.1445    33.8644    33.8670    8.13303         31 0.0000e+00
     75.000     74.210    -0.2771  27.983742    -0.2793  27.984030     8.6536     9.0151     4.4002    90.5125 1.0000e-12  -73.88113 -118.73907  45.914652      99.58 5.8704e+02    277.945       6672  1027.5616  1027.5639     4.2939     0.8373     0.1564    33.8643    33.8671    8.13300         32 0.0000e+00
     76.000     75.202    -0.2792  27.982771    -0.2811  27.983216     8.6490     9.0046     3.6359    91.0649 1.0000e-12  -73.88112 -118.73908  45.914667      99.57 5.8680e+02    279.244       6703  1027.5667  1027.5690     4.3202     0.6360     0.1580    33.8647    33.8675    8.13341         30 0.0000e+00
     77.000     76.189    -0.2823  27.980956    -0.2842  27.981489     8.6425     9.0035     3.8581    91.5642 1.0000e-12  -73.88112 -118.73906  45.914681      99.55 5.8660e+02    280.444       6732  1027.5720  1027.5744     4.3438     1.5672     0.1494    33.8651    33.8680    8.13405         28 0.0000e+00
     78.000     77.180    -0.2842  27.980046    -0.2862  27.980560     8.6426     9.0008     4.2243    91.2513 1.0000e-12  -73.88112 -118.73907  45.914695      99.57 5.8559e+02    281.612       6760  1027.5772  1027.5796     4.3289     0.7250     0.1386    33.8655    33.8683    8.13445         29 0.0000e+00
     79.000     78.169    -0.2842  27.980648    -0.2860  27.981087     8.6404     8.9935     3.8893    90.1131 1.0000e-12  -73.88112 -118.73907  45.914709      99.47 5.8487e+02    282.854       6789  1027.5820  1027.5842     4.2750     1.0733     0.1497    33.8656    33.8682    8.13443         30 0.0000e+00
     80.000     79.156    -0.2837  27.981474    -0.2858  27.981671     8.6386     8.9856     4.4698    90.8350 1.0000e-12  -73.88114 -118.73906  45.914724      99.55 5.8481e+02    284.156       6821  1027.5866  1027.5889     4.3092     0.7995     0.1459    33.8655    33.8682    8.13433         30 0.0000e+00
     81.000     80.150    -0.2837  27.981931    -0.2858  27.982262     8.6304     8.9839     4.3651    91.4871 1.0000e-12  -73.88112 -118.73908  45.914738      99.54 5.8565e+02    285.391       6850  1027.5914  1027.5937     4.3401     0.8692     0.1620    33.8656    33.8683    8.13433         28 0.0000e+00
     82.000     81.135    -0.2868  27.980373    -0.2879  27.981364     8.6250     8.9801     4.7521    91.4112 1.0000e-12  -73.88113 -118.73907  45.914752      99.56 5.8490e+02    286.557       6878  1027.5969  1027.5990     4.3365     0.6706     0.1410    33.8663    33.8688    8.13495         28 0.0000e+00
     83.000     82.126    -0.2897  27.978884    -0.2914  27.979422     8.6221     8.9764     5.5841    90.8551 1.0000e-12  -73.88113 -118.73907  45.914765      98.00 5.8412e+02    287.726       6906  1027.6024  1027.6046     4.3102     0.9736     0.1410    33.8669    33.8696    8.13553         29 0.0000e+00
     84.000     83.115    -0.2905  27.978759    -0.2924  27.979103     8.6187     8.9748     5.3673    91.1654 1.0000e-12  -73.88113 -118.73907  45.914780      95.75 5.8351e+02    288.956       6936  1027.6073  1027.6095     4.3247     0.7091     0.1415    33.8671    33.8697    8.13570         29 0.0000e+00
     85.000     84.104    -0.2912  27.978793    -0.2933  27.978967     8.5936     8.9565     4.4296    91.1948 1.0000e-12  -73.88113 -118.73907  45.914794      99.53 5.8351e+02    290.227       6966  1027.6123  1027.6144     4.3265     0.8014     0.1535    33.8673    33.8699    8.13584         32 0.0000e+00
     86.000     85.093    -0.2947  27.976822    -0.2965  27.977247     8.5584     8.9321     4.4984    90.9860 1.0000e-12  -73.88113 -118.73907  45.914809      99.49 5.8351e+02    291.514       6997  1027.6178  1027.6199     4.3163     1.0718     0.1458    33.8680    33.8705    8.13655         30 0.0000e+00
     87.000     86.083    -0.3031  27.971328    -0.3064  27.970996     8.5313     8.9029     4.8543    90.0039 1.0000e-12  -73.88113 -118.73907  45.914824      99.56 5.8351e+02    292.768       7027  1027.6243  1027.6271     4.2699     0.7388     0.1366    33.8693    33.8726    8.13826         29 0.0000e+00
     88.000     87.072    -0.3173  27.961898    -0.3195  27.962218     8.5232     8.8802     5.1664    91.2916 1.0000e-12  -73.88113 -118.73907  45.914837      99.53 5.8351e+02    293.937       7055  1027.6322  1027.6345     4.3308     0.9082     0.1513    33.8720    33.8748    8.14116         28 0.0000e+00
     89.000     88.062    -0.3237  27.957942    -0.3257  27.958267     8.5124     8.8642     4.2819    90.3621 1.0000e-12  -73.88112 -118.73908  45.914850      99.58 5.8351e+02    295.063       7083  1027.6383  1027.6405     4.2868     0.5839     0.1389    33.8732    33.8758    8.14246         27 0.0000e+00
     90.000     89.051    -0.3312  27.953541    -0.3328  27.954205     8.5056     8.8550     4.2950    90.5335 1.0000e-12  -73.88114 -118.73906  45.914864      99.51 5.8351e+02    296.232       7111  1027.6450  1027.6472     4.2949     1.0059     0.1454    33.8751    33.8778    8.14395         29 0.0000e+00
     91.000     90.039    -0.3345  27.951731    -0.3361  27.952102     8.4930     8.8548     4.5798    90.4887 1.0000e-12  -73.88114 -118.73907  45.914878      99.58 5.8351e+02    297.485       7141  1027.6503  1027.6523     4.2928     0.7145     0.1442    33.8757    33.8780    8.14461         31 0.0000e+00
     92.000     91.029    -0.3376  27.950010    -0.3384  27.951153     8.4856     8.8447     4.4348    90.8212 1.0000e-12  -73.88114 -118.73907  45.914893      99.53 5.8351e+02    298.749       7171  1027.6557  1027.6576     4.3086     0.9242     0.1567    33.8763    33.8787    8.14525         29 0.0000e+00
     93.000     92.019    -0.3406  27.948304    -0.3429  27.948362     8.4832     8.8393     4.0877    91.1864 1.0000e-12  -73.88114 -118.73907  45.914907      99.54 5.8344e+02    299.933       7199  1027.6610  1027.6632     4.3261     0.8412     0.1474    33.8767    33.8793    8.14587         27 0.0000e+00
     94.000     93.007    -0.3460  27.945006    -0.3476  27.945302     8.4856     8.8312     3.6947    91.7746 1.0000e-12  -73.88114 -118.73907  45.914920      99.60 5.8331e+02    301.062       7226  1027.6668  1027.6687     4.3535     0.5857     0.1380    33.8777    33.8799    8.14697         27 0.0000e+00
     95.000     93.997    -0.3457  27.945500    -0.3488  27.944832     8.4821     8.8239     4.6395    91.6929 1.0000e-12  -73.88114 -118.73906  45.914933      97.73 5.8181e+02    302.244       7255  1027.6712  1027.6735     4.3499     0.7742     0.1414    33.8774    33.8800    8.14692         31 0.0000e+00
     96.000     94.986    -0.3505  27.942507    -0.3531  27.942219     8.4776     8.8123     4.1755    90.2335 1.0000e-12  -73.88114 -118.73907  45.914948      99.58 5.8229e+02    303.542       7286  1027.6768  1027.6790     4.2807     0.5658     0.1465    33.8781    33.8807    8.14790         29 0.0000e+00
     97.000     95.974    -0.3510  27.942760    -0.3528  27.942952     8.4810     8.8209     4.9675    89.0595 1.0000e-12  -73.88114 -118.73907  45.914963      99.58 5.8304e+02    304.818       7317  1027.6818  1027.6836     4.2251     0.6915     0.1477    33.8785    33.8807    8.14800         29 0.0000e+00
     98.000     96.963    -0.3480  27.945255    -0.3502  27.945466     8.4675     8.8063     3.8447    90.9237 1.0000e-12  -73.88114 -118.73907  45.914977      96.27 5.8194e+02    305.977       7344  1027.6858  1027.6880     4.3134     0.6064     0.1785    33.8779    33.8806    8.14740         28 0.0000e+00
     99.000     97.954    -0.3579  27.938287    -0.3563  27.941307     8.4376     8.7842     3.9290    91.1339 1.0000e-12  -73.88114 -118.73908  45.914990      99.48 5.8231e+02    307.115       7372  1027.6921  1027.6937     4.3234     0.6987     0.1452    33.8790    33.8812    8.14945         28 0.0000e+00
    100.000     98.943    -0.3583  27.938512    -0.3609  27.938204     8.3899     8.7553     4.8486    91.1747 1.0000e-12  -73.88114 -118.73906  45.915004      99.57 5.8262e+02    308.328       7401  1027.6969  1027.6991     4.3254     0.7528     0.1454    33.8791    33.8816    8.14953         30 0.0000e+00
    101.000     99.932    -0.3820  27.919290    -0.3820  27.922155     8.3654     8.7299     4.2783    92.1441 1.0000e-12  -73.88114 -118.73906  45.915019      99.60 5.8152e+02    309.600       7431  1027.7034  1027.7065     4.3712     0.5429     0.1389    33.8791    33.8830    8.15460         30 0.0000e+00
    102.000    100.919    -0.4063  27.901898    -0.4066  27.903510     8.3684     8.7243     3.7329    91.7966 1.0000e-12  -73.88114 -118.73906  45.915033      99.55 5.8081e+02    310.836       7461  1027.7124  1027.7144     4.3545     0.8596     0.1385    33.8824    33.8849    8.15964         26 0.0000e+00
    103.000    101.910    -0.4055  27.903039    -0.4063  27.904155     8.3653     8.7118     3.8336    90.4914 1.0000e-12  -73.88114 -118.73906  45.915046      99.55 5.8106e+02    311.992       7489  1027.7170  1027.7189     4.2933     0.8038     0.1457    33.8825    33.8848    8.15947         28 0.0000e+00
