ocean_section_plots/required_files/ctd/dnbp2202_ctd045.cnv
* Sea-Bird SBE 9 Data File:
* FileName = D:\Data\raw\NBP2202_CTD045.hex
* Software Version Seasave V 7.26.7.121
* Temperature SN = 1649
* Conductivity SN = 2513
* Number of Bytes Per Scan = 40
* Number of Voltage Words = 5
* Number of Scans Averaged by the Deck Unit = 1
* NMEA Latitude = 74 10.49 S
* NMEA Longitude = 113 15.09 W
* NMEA UTC (Time) = Jan 23 2022  23:12:12
* NMEA baud rate = 9600
** Ship: RVIB N.B. Palmer
** Cruise: NBP2202 Thwaites
** Station: Section Dotson C
** Operator: A. Robinson
# nquan = 25
# nvalues = 792                         
# units = specified
# name 0 = prDM: Pressure, Digiquartz [db]
# name 1 = depSM: Depth [salt water, m]
# name 2 = t090C: Temperature [ITS-90, deg C]
# name 3 = c0mS/cm: Conductivity [mS/cm]
# name 4 = t190C: Temperature, 2 [ITS-90, deg C]
# name 5 = c1mS/cm: Conductivity, 2 [mS/cm]
# name 6 = sbeox0ML/L: Oxygen, SBE 43 [ml/l]
# name 7 = sbeox1ML/L: Oxygen, SBE 43, 2 [ml/l]
# name 8 = flECO-AFL: Fluorescence, WET Labs ECO-AFL/FL [mg/m^3]
# name 9 = CStarTr0: Beam Transmission, WET Labs C-Star [%]
# name 10 = par: PAR/Irradiance, Biospherical/Licor
# name 11 = latitude: Latitude [deg]
# name 12 = longitude: Longitude [deg]
# name 13 = timeJ: Julian Days
# name 14 = altM: Altimeter [m]
# name 15 = spar: SPAR, Biospherical/Licor
# name 16 = timeS: Time, Elapsed [seconds]
# name 17 = scan: Scan Count
# name 18 = density00: Density [density, kg/m^3]
# name 19 = density11: Density, 2 [density, kg/m^3]
# name 20 = sal00: Salinity, Practical [PSU]
# name 21 = sal11: Salinity, Practical, 2 [PSU]
# name 22 = oxsolML/L: Oxygen Saturation, Garcia & Gordon [ml/l]
# name 23 = nbin: number of scans per bin
# name 24 = flag: flag
# span 0 =      2.000,    793.000       
# span 1 =      1.969,    783.323       
# span 2 =    -1.5019,     0.3227       
# span 3 =  27.018411,  29.268438       
# span 4 =    -1.5013,     0.3248       
# span 5 =  27.018069,  29.267923       
# span 6 =     4.6538,     8.4580       
# span 7 =     4.8865,     8.9519       
# span 8 =    -0.0224,    23.1671       
# span 9 =    70.6045,    96.2904       
# span 10 = -8.648e-06, 2.3691e+02      
# span 11 =  -74.17494,  -74.17494      
# span 12 = -113.25162, -113.25158      
# span 13 =  23.969481,  23.981658      
# span 14 =       3.20,     100.14      
# span 15 = 5.2591e+02, 6.3828e+02      
# span 16 =    231.129,   1283.261      
# span 17 =       5548,      30799      
# span 18 =  1027.1921,  1031.4019      
# span 19 =  1027.1908,  1031.3995      
# span 20 =    33.7999,    34.4699      
# span 21 =    33.7989,    34.4674      
# span 22 =    7.97271,    8.40108      
# span 23 =          2,         50      
# span 24 = 0.0000e+00, 0.0000e+00      
# interval = decibars: 1                
# start_time = Jan 23 2022 23:12:12 [NMEA time, header]
# bad_flag = -9.990e-29
*END*
[from data line 580]
    582.000    575.168     0.1159  28.941064     0.1177  28.940588     4.7483     4.9906    -0.0083    96.0501 1.0000e-12  -74.17494 -113.25160  23.978571      99.89 5.5329e+02   1016.553      24398  1030.3656  1030.3633    34.3927    34.3901    8.02002         25 0.0000e+00
    583.000    576.156     0.1158  28.941374     0.1170  28.940351     4.7437     4.9922    -0.0097    96.0233 1.0000e-12  -74.17494 -113.25160  23.978583      99.86 5.5354e+02   1017.601      24423  1030.3703  1030.3681    34.3926    34.3900    8.02004         26 0.0000e+00
    584.000    577.142     0.1160  28.942119     0.1177  28.941486     4.7458     4.9931    -0.0086    96.0426 1.0000e-12  -74.17494 -113.25160  23.978596      99.86 5.5354e+02   1018.671      24449  1030.3751  1030.3728    34.3928    34.3901    8.01999         25 0.0000e+00
    585.000    578.128     0.1168  28.943077     0.1184  28.942557     4.7436     4.9922    -0.0160    96.0372 1.0000e-12  -74.17494 -113.25160  23.978608      99.86 5.5354e+02   1019.730      24475  1030.3796  1030.3775    34.3926    34.3901    8.01984         25 0.0000e+00
    586.000    579.116     0.1160  28.943051     0.1176  28.942361     4.7459     4.9919    -0.0033    96.0420 1.0000e-12  -74.17494 -113.25160  23.978620      99.86 5.5354e+02   1020.765      24499  1030.3846  1030.3823    34.3928    34.3901    8.01998         26 0.0000e+00
    587.000    580.102     0.1158  28.943622     0.1181  28.943552     4.7439     4.9923    -0.0071    96.0557 1.0000e-12  -74.17494 -113.25160  23.978632      99.86 5.5368e+02   1021.821      24525  1030.3896  1030.3873    34.3932    34.3905    8.02000         25 0.0000e+00
    588.000    581.090     0.1149  28.943558     0.1168  28.943281     4.7452     4.9881    -0.0146    96.0627 1.0000e-12  -74.17494 -113.25160  23.978644      99.86 5.5462e+02   1022.882      24550  1030.3948  1030.3926    34.3936    34.3911    8.02018         26 0.0000e+00
    589.000    582.075     0.1236  28.953095     0.1254  28.952312     4.7408     4.9814    -0.0098    96.0428 1.0000e-12  -74.17494 -113.25161  23.978657      99.86 5.5439e+02   1023.941      24576  1030.4004  1030.3978    34.3958    34.3928    8.01823         25 0.0000e+00
    590.000    583.064     0.1258  28.955525     0.1276  28.955051     4.7371     4.9814    -0.0086    96.0425 1.0000e-12  -74.17494 -113.25161  23.978669      99.86 5.5510e+02   1024.998      24601  1030.4051  1030.4028    34.3960    34.3934    8.01776         25 0.0000e+00
    591.000    584.049     0.1289  28.959338     0.1307  28.958914     4.7335     4.9864    -0.0089    96.0373 1.0000e-12  -74.17494 -113.25162  23.978681      99.85 5.5531e+02   1026.037      24626  1030.4103  1030.4081    34.3970    34.3944    8.01707         25 0.0000e+00
    592.000    585.036     0.1312  28.962313     0.1330  28.961875     4.7360     4.9796    -0.0086    96.0322 1.0000e-12  -74.17494 -113.25160  23.978693      70.31 5.5531e+02   1027.075      24651  1030.4154  1030.4132    34.3977    34.3952    8.01654         25 0.0000e+00
    593.000    586.024     0.1316  28.963303     0.1335  28.962988     4.7361     4.9754    -0.0006    96.0291 1.0000e-12  -74.17494 -113.25162  23.978705      85.82 5.5531e+02   1028.135      24676  1030.4204  1030.4182    34.3980    34.3955    8.01644         25 0.0000e+00
    594.000    587.011     0.1324  28.964794     0.1345  28.964533     4.7400     4.9784     0.0027    96.0549 1.0000e-12  -74.17494 -113.25160  23.978717      96.96 5.5531e+02   1029.190      24702  1030.4254  1030.4231    34.3985    34.3958    8.01624         26 0.0000e+00
    595.000    587.996     0.1331  28.966189     0.1350  28.965787     4.7410     4.9833    -0.0004    96.0388 1.0000e-12  -74.17494 -113.25162  23.978729      99.84 5.5531e+02   1030.222      24726  1030.4304  1030.4282    34.3990    34.3963    8.01607         24 0.0000e+00
    596.000    588.985     0.1336  28.968760     0.1354  28.968338     4.7371     4.9838    -0.0042    96.0487 1.0000e-12  -74.17494 -113.25160  23.978741      99.86 5.5531e+02   1031.255      24751  1030.4369  1030.4347    34.4011    34.3986    8.01584         25 0.0000e+00
    597.000    589.970     0.1347  28.970802     0.1366  28.970372     4.7352     4.9832    -0.0080    96.0364 1.0000e-12  -74.17494 -113.25162  23.978753      99.86 5.5531e+02   1032.283      24776  1030.4422  1030.4400    34.4020    34.3994    8.01556         25 0.0000e+00
    598.000    590.958     0.1390  28.975476     0.1406  28.974763     4.7334     4.9816    -0.0083    96.0404 1.0000e-12  -74.17494 -113.25160  23.978765      99.86 5.5539e+02   1033.321      24801  1030.4472  1030.4449    34.4028    34.4001    8.01462         25 0.0000e+00
    599.000    591.944     0.1427  28.979448     0.1449  28.979419     4.7256     4.9730    -0.0042    96.0435 1.0000e-12  -74.17494 -113.25162  23.978777      99.86 5.5587e+02   1034.372      24826  1030.4520  1030.4498    34.4033    34.4008    8.01382         25 0.0000e+00
    600.000    592.931     0.1465  28.983777     0.1485  28.983399     4.7282     4.9654     0.0033    96.0374 1.0000e-12  -74.17494 -113.25162  23.978789      99.86 5.5643e+02   1035.410      24851  1030.4572  1030.4548    34.4042    34.4015    8.01299         25 0.0000e+00
    601.000    593.919     0.1517  28.989198     0.1537  28.988833     4.7221     4.9628    -0.0097    96.0217 1.0000e-12  -74.17494 -113.25162  23.978801      99.86 5.5707e+02   1036.430      24875  1030.4619  1030.4596    34.4050    34.4022    8.01186         24 0.0000e+00
    602.000    594.904     0.1554  28.993381     0.1572  28.992794     4.7170     4.9583    -0.0100    96.0240 1.0000e-12  -74.17494 -113.25162  23.978813      99.86 5.5707e+02   1037.464      24900  1030.4670  1030.4646    34.4057    34.4029    8.01104         25 0.0000e+00
    603.000    595.892     0.1607  28.999045     0.1622  28.998196     4.7150     4.9515    -0.0097    96.0260 1.0000e-12  -74.17494 -113.25162  23.978825      99.86 5.5714e+02   1038.517      24925  1030.4720  1030.4697    34.4067    34.4039    8.00989         25 0.0000e+00
    604.000    596.878     0.1653  29.003944     0.1665  29.002788     4.7114     4.9537    -0.0154    96.0010 1.0000e-12  -74.17494 -113.25162  23.978837      99.85 5.5728e+02   1039.556      24950  1030.4768  1030.4746    34.4073    34.4046    8.00888         25 0.0000e+00
    605.000    597.865     0.1661  29.005270     0.1679  29.004770     4.7113     4.9508    -0.0091    96.0013 1.0000e-12  -74.17494 -113.25162  23.978849      79.56 5.5750e+02   1040.596      24975  1030.4818  1030.4795    34.4076    34.4050    8.00870         25 0.0000e+00
    606.000    598.853     0.1681  29.007715     0.1699  29.007168     4.7045     4.9471    -0.0020    95.9699 1.0000e-12  -74.17494 -113.25162  23.978862      88.39 5.5885e+02   1041.640      25000  1030.4867  1030.4844    34.4080    34.4053    8.00826         25 0.0000e+00
    607.000    599.838     0.1717  29.011942     0.1736  29.011396     4.7017     4.9463    -0.0007    95.9838 1.0000e-12  -74.17494 -113.25162  23.978873      99.90 5.5883e+02   1042.670      25025  1030.4918  1030.4895    34.4090    34.4062    8.00745         25 0.0000e+00
    608.000    600.826     0.1769  29.017590     0.1791  29.017404     4.7041     4.9452    -0.0010    95.9427 1.0000e-12  -74.17494 -113.25162  23.978885      99.86 5.5883e+02   1043.706      25050  1030.4970  1030.4947    34.4101    34.4074    8.00632         25 0.0000e+00
    609.000    601.812     0.1788  29.019851     0.1806  29.019489     4.7057     4.9408    -0.0078    95.9363 1.0000e-12  -74.17494 -113.25162  23.978898      99.86 5.5883e+02   1044.758      25075  1030.5018  1030.4997    34.4103    34.4078    8.00590         25 0.0000e+00
    610.000    602.798     0.1797  29.021295     0.1816  29.020926     4.7067     4.9493    -0.0142    95.9261 1.0000e-12  -74.17494 -113.25162  23.978910      99.86 5.5883e+02   1045.795      25100  1030.5067  1030.5045    34.4106    34.4080    8.00570         25 0.0000e+00
    611.000    603.786     0.1804  29.022647     0.1822  29.022135     4.7062     4.9503    -0.0109    95.8952 1.0000e-12  -74.17494 -113.25162  23.978922      99.86 5.5897e+02   1046.832      25125  1030.5118  1030.5095    34.4110    34.4084    8.00553         25 0.0000e+00
    612.000    604.772     0.1815  29.024229     0.1834  29.023846     4.7045     4.9401    -0.0083    95.8818 1.0000e-12  -74.17494 -113.25162  23.978934      99.85 5.5904e+02   1047.874      25150  1030.5167  1030.5144    34.4113    34.4087    8.00529         25 0.0000e+00
    613.000    605.758     0.1824  29.025566     0.1843  29.025205     4.7032     4.9391     0.0001    95.8573 1.0000e-12  -74.17494 -113.25162  23.978946      99.86 5.5953e+02   1048.905      25175  1030.5215  1030.5192    34.4115    34.4088    8.00509         25 0.0000e+00
    614.000    606.746     0.1833  29.026965     0.1849  29.026306     4.7052     4.9465    -0.0027    95.8264 1.0000e-12  -74.17494 -113.25162  23.978958      99.86 5.6013e+02   1049.932      25199  1030.5263  1030.5241    34.4117    34.4090    8.00489         24 0.0000e+00
    615.000    607.733     0.1851  29.029292     0.1870  29.028996     4.7014     4.9471    -0.0151    95.8055 1.0000e-12  -74.17494 -113.25162  23.978969      99.86 5.6060e+02   1050.965      25224  1030.5313  1030.5291    34.4122    34.4096    8.00449         25 0.0000e+00
    616.000    608.719     0.1850  29.029567     0.1869  29.029290     4.7005     4.9419    -0.0150    95.7840 1.0000e-12  -74.17494 -113.25162  23.978981      99.86 5.6060e+02   1051.995      25249  1030.5359  1030.5338    34.4121    34.4096    8.00452         25 0.0000e+00
    617.000    609.706     0.1850  29.029997     0.1868  29.029530     4.7015     4.9405    -0.0150    95.8134 1.0000e-12  -74.17494 -113.25162  23.978993      99.85 5.6060e+02   1053.022      25274  1030.5407  1030.5385    34.4121    34.4094    8.00452         24 0.0000e+00
    618.000    610.694     0.1851  29.030466     0.1869  29.030148     4.7031     4.9390    -0.0141    95.7835 1.0000e-12  -74.17494 -113.25162  23.979005      78.67 5.6060e+02   1054.065      25299  1030.5454  1030.5433    34.4120    34.4096    8.00450         26 0.0000e+00
    619.000    611.679     0.1854  29.031422     0.1874  29.031094     4.7029     4.9415    -0.0096    95.7876 1.0000e-12  -74.17494 -113.25162  23.979017      95.60 5.6060e+02   1055.097      25323  1030.5503  1030.5481    34.4123    34.4097    8.00441         24 0.0000e+00
    620.000    612.666     0.1861  29.032559     0.1880  29.032263     4.6967     4.9439    -0.0095    95.7855 1.0000e-12  -74.17494 -113.25162  23.979029      99.89 5.6060e+02   1056.114      25348  1030.5550  1030.5529    34.4124    34.4099    8.00426         24 0.0000e+00
    621.000    613.651     0.1873  29.034204     0.1891  29.033847     4.6970     4.9363    -0.0097    95.7797 1.0000e-12  -74.17494 -113.25162  23.979041      99.86 5.6060e+02   1057.141      25372  1030.5600  1030.5577    34.4127    34.4102    8.00401         25 0.0000e+00
    622.000    614.641     0.1876  29.035041     0.1896  29.034737     4.7039     4.9317    -0.0086    95.7840 1.0000e-12  -74.17494 -113.25162  23.979053      99.86 5.6114e+02   1058.171      25397  1030.5647  1030.5625    34.4128    34.4103    8.00392         25 0.0000e+00
    623.000    615.627     0.1879  29.035681     0.1898  29.035457     4.6966     4.9356    -0.0083    95.7901 1.0000e-12  -74.17494 -113.25162  23.979065      99.86 5.6235e+02   1059.201      25422  1030.5694  1030.5673    34.4128    34.4104    8.00387         25 0.0000e+00
    624.000    616.613     0.1894  29.037755     0.1911  29.037308     4.6960     4.9412    -0.0158    95.7901 1.0000e-12  -74.17494 -113.25162  23.979077      99.86 5.6236e+02   1060.241      25447  1030.5743  1030.5722    34.4133    34.4107    8.00354         25 0.0000e+00
    625.000    617.600     0.1907  29.039862     0.1927  29.039459     4.6979     4.9408    -0.0172    95.7833 1.0000e-12  -74.17494 -113.25160  23.979089      99.86 5.6236e+02   1061.274      25472  1030.5795  1030.5771    34.4140    34.4112    8.00322         24 0.0000e+00
    626.000    618.587     0.1919  29.041524     0.1937  29.041090     4.6991     4.9377    -0.0103    95.7767 1.0000e-12  -74.17494 -113.25160  23.979101      99.86 5.6236e+02   1062.293      25496  1030.5843  1030.5821    34.4142    34.4117    8.00296         25 0.0000e+00
    627.000    619.573     0.1924  29.042421     0.1941  29.041967     4.6974     4.9315    -0.0095    95.7675 1.0000e-12  -74.17494 -113.25160  23.979113      99.86 5.6236e+02   1063.325      25521  1030.5891  1030.5869    34.4144    34.4118    8.00286         25 0.0000e+00
    628.000    620.560     0.1925  29.043117     0.1945  29.042923     4.6917     4.9428    -0.0034    95.7781 1.0000e-12  -74.17494 -113.25160  23.979125      99.86 5.6236e+02   1064.362      25546  1030.5939  1030.5918    34.4145    34.4120    8.00281         24 0.0000e+00
    629.000    621.547     0.1928  29.043918     0.1947  29.043524     4.6992     4.9363    -0.0003    95.7893 1.0000e-12  -74.17494 -113.25160  23.979136      99.86 5.6236e+02   1065.396      25570  1030.5987  1030.5964    34.4146    34.4120    8.00274         25 0.0000e+00
    630.000    622.533     0.1930  29.044461     0.1949  29.044080     4.6991     4.9389    -0.0051    95.7640 1.0000e-12  -74.17494 -113.25160  23.979149      74.63 5.6245e+02   1066.433      25595  1030.6033  1030.6011    34.4146    34.4120    8.00271         25 0.0000e+00
    631.000    623.519     0.1931  29.044923     0.1950  29.044574     4.6991     4.9445    -0.0089    95.7623 1.0000e-12  -74.17494 -113.25160  23.979161      85.08 5.6322e+02   1067.474      25620  1030.6080  1030.6058    34.4145    34.4119    8.00270         25 0.0000e+00
    632.000    624.507     0.1931  29.045413     0.1950  29.045081     4.6995     4.9377    -0.0130    95.7829 1.0000e-12  -74.17494 -113.25160  23.979172      99.84 5.6384e+02   1068.499      25645  1030.6127  1030.6106    34.4145    34.4120    8.00269         25 0.0000e+00
    633.000    625.492     0.1931  29.045859     0.1951  29.045673     4.6972     4.9398    -0.0141    95.7697 1.0000e-12  -74.17494 -113.25160  23.979184      99.85 5.6419e+02   1069.528      25670  1030.6175  1030.6153    34.4146    34.4121    8.00269         25 0.0000e+00
    634.000    626.480     0.1927  29.045902     0.1945  29.045576     4.6979     4.9414    -0.0102    95.7715 1.0000e-12  -74.17494 -113.25160  23.979196      99.86 5.6412e+02   1070.554      25694  1030.6222  1030.6201    34.4145    34.4121    8.00279         24 0.0000e+00
    635.000    627.466     0.1928  29.046360     0.1946  29.045934     4.6980     4.9426    -0.0141    95.7640 1.0000e-12  -74.17494 -113.25160  23.979208      99.86 5.6449e+02   1071.565      25719  1030.6268  1030.6246    34.4144    34.4118    8.00277         24 0.0000e+00
    636.000    628.453     0.1925  29.046578     0.1943  29.046221     4.6986     4.9414    -0.0016    95.7706 1.0000e-12  -74.17494 -113.25160  23.979220      99.85 5.6517e+02   1072.581      25743  1030.6316  1030.6294    34.4145    34.4120    8.00283         25 0.0000e+00
    637.000    629.440     0.1927  29.047175     0.1947  29.046892     4.7032     4.9403    -0.0096    95.7522 1.0000e-12  -74.17494 -113.25160  23.979232      99.86 5.6588e+02   1073.610      25768  1030.6362  1030.6340    34.4144    34.4119    8.00278         24 0.0000e+00
    638.000    630.426     0.1917  29.046949     0.1943  29.047003     4.7085     4.9386    -0.0159    95.7842 1.0000e-12  -74.17494 -113.25160  23.979243      99.86 5.6588e+02   1074.633      25792  1030.6412  1030.6388    34.4147    34.4118    8.00298         25 0.0000e+00
