ocean_section_plots/required_files/ctd/dnbp2202_ctd086.cnv
* Sea-Bird SBE 9 Data File:
* FileName = D:\Data\raw\NBP2202_CTD086.hex
* Software Version Seasave V 7.26.7.121
* Temperature SN = 1649
* Conductivity SN = 2513
* Number of Bytes Per Scan = 40
* Number of Voltage Words = 5
* Number of Scans Averaged by the Deck Unit = 1
* NMEA Latitude = 74 10.51 S
* NMEA Longitude = 113 20.67 W
* NMEA UTC (Time) = Jan 26 2022  19:55:54
* NMEA baud rate = 9600
** Ship: RVIB N.B. Palmer
** Cruise: NBP2202 Thwaites
** Station: YoYo001
** Operator: A. Robinson
# nquan = 25
# nvalues = 606                         
# units = specified
# name 0 = prDM: Pressure, Digiquartz [db]
# name 1 = depSM: Depth [salt water, m]
# name 2 = t090C: Temperature [ITS-90, deg C]
# name 3 = c0mS/cm: Conductivity [mS/cm]
# name 4 = t190C: Temperature, 2 [ITS-90, deg C]
# name 5 = c1mS/cm: Conductivity, 2 [mS/cm]
# name 6 = sbeox0ML/L: Oxygen, SBE 43 [ml/l]
# name 7 = sbeox1ML/L: Oxygen, SBE 43, 2 [ml/l]
# name 8 = flECO-AFL: Fluorescence, WET Labs ECO-AFL/FL [mg/m^3]
# name 9 = CStarTr0: Beam Transmission, WET Labs C-Star [%]
# name 10 = par: PAR/Irradiance, Biospherical/Licor
# name 11 = latitude: Latitude [deg]
# name 12 = longitude: Longitude [deg]
# name 13 = timeJ: Julian Days
# name 14 = altM: Altimeter [m]
# name 15 = spar: SPAR, Biospherical/Licor
# name 16 = timeS: Time, Elapsed [seconds]
# name 17 = scan: Scan Count
# name 18 = density00: Density [density, kg/m^3]
# name 19 = density11: Density, 2 [density, kg/m^3]
# name 20 = sal00: Salinity, Practical [PSU]
# name 21 = sal11: Salinity, Practical, 2 [PSU]
# name 22 = oxsolML/L: Oxygen Saturation, Garcia & Gordon [ml/l]
# name 23 = nbin: number of scans per bin
# name 24 = flag: flag
# span 0 =     10.000,    615.000       
# span 1 =      9.897,    607.733       
# span 2 =    -1.5299,     0.0900       
# span 3 =  26.930095,  28.924115       
# span 4 =    -1.5285,     0.0920       
# span 5 =  26.930662,  28.923703       
# span 6 =     4.6902,     8.6829       
# span 7 =     4.7669,     8.5764       
# span 8 =    -0.0225,    25.0249       
# span 9 =    67.4272,    95.7266       
# span 10 = 1.0000e-12, 8.0815e+01      
# span 11 =  -74.17530,  -74.17528      
# span 12 = -113.34464, -113.34458      
# span 13 =  26.830848,  26.839812      
# span 14 =       5.39,     102.49      
# span 15 = 1.9220e+03, 2.1281e+03      
# span 16 =     31.236,    805.767      
# span 17 =        751,      19339      
# span 18 =  1027.2248,  1030.5127      
# span 19 =  1027.2233,  1030.5103      
# span 20 =    33.7937,    34.3801      
# span 21 =    33.7917,    34.3773      
# span 22 =    8.02614,    8.40991      
# span 23 =         19,         62      
# span 24 = 0.0000e+00, 0.0000e+00      
# interval = decibars: 1                
# start_time = Jan 26 2022 19:55:54 [NMEA time, header]
# bad_flag = -9.990e-29
*END*
[from data line 580]
    590.000    583.062     0.0502  28.872384     0.0525  28.872428     4.7038     4.7860    -0.0054    95.0282 1.0000e-12  -74.17528 -113.34460  26.838862      31.05 2.0108e+03    723.655      17369  1030.3904  1030.3882    34.3709    34.3684    8.03498         31 0.0000e+00
    591.000    584.050     0.0501  28.872685     0.0522  28.872572     4.7106     4.7828    -0.0129    95.0102 1.0000e-12  -74.17528 -113.34460  26.838877      30.11 2.0108e+03    724.983      17401  1030.3951  1030.3929    34.3709    34.3684    8.03501         30 0.0000e+00
    592.000    585.037     0.0489  28.872079     0.0512  28.872115     4.7072     4.7789    -0.0040    94.9984 1.0000e-12  -74.17528 -113.34460  26.838893      29.03 2.0120e+03    726.326      17433  1030.3999  1030.3977    34.3708    34.3683    8.03526         32 0.0000e+00
    593.000    586.023     0.0513  28.874898     0.0538  28.875117     4.7074     4.7794    -0.0068    95.0026 1.0000e-12  -74.17528 -113.34460  26.838908      27.94 2.0113e+03    727.669      17465  1030.4047  1030.4025    34.3712    34.3688    8.03473         32 0.0000e+00
    594.000    587.010     0.0519  28.875996     0.0538  28.875578     4.7087     4.7826     0.0024    95.0044 1.0000e-12  -74.17528 -113.34460  26.838924      27.06 2.0103e+03    729.060      17498  1030.4096  1030.4073    34.3715    34.3688    8.03460         36 0.0000e+00
    595.000    587.997     0.0516  28.875962     0.0533  28.875530     4.7101     4.7839    -0.0131    94.9824 1.0000e-12  -74.17528 -113.34460  26.838943      26.00 2.0129e+03    730.659      17537  1030.4141  1030.4120    34.3712    34.3687    8.03468         39 0.0000e+00
    596.000    588.985     0.0517  28.876529     0.0536  28.876198     4.7103     4.7849    -0.0074    94.9968 1.0000e-12  -74.17528 -113.34460  26.838962      24.96 2.0138e+03    732.307      17576  1030.4189  1030.4167    34.3713    34.3686    8.03466         34 0.0000e+00
    597.000    589.971     0.0522  28.877707     0.0541  28.877228     4.7065     4.7840    -0.0101    94.9848 1.0000e-12  -74.17528 -113.34460  26.838982      23.86 2.0140e+03    734.029      17618  1030.4239  1030.4215    34.3717    34.3689    8.03453         41 0.0000e+00
    598.000    590.957     0.0527  28.878610     0.0550  28.878675     4.7034     4.7834    -0.0123    94.9908 1.0000e-12  -74.17528 -113.34460  26.839004      22.88 2.0167e+03    735.939      17664  1030.4286  1030.4265    34.3717    34.3692    8.03442         42 0.0000e+00
    599.000    591.944     0.0539  28.880450     0.0559  28.880169     4.7080     4.7841    -0.0135    94.9968 1.0000e-12  -74.17528 -113.34458  26.839030      21.74 2.0145e+03    738.214      17718  1030.4336  1030.4313    34.3722    34.3695    8.03414         41 0.0000e+00
    600.000    592.931     0.0551  28.882188     0.0572  28.881974     4.7040     4.7787    -0.0124    95.0004 1.0000e-12  -74.17528 -113.34458  26.839057      20.62 2.0090e+03    740.537      17774  1030.4385  1030.4363    34.3725    34.3700    8.03386         43 0.0000e+00
    601.000    593.919     0.0576  28.885286     0.0605  28.885892     4.7014     4.7793    -0.0121    95.0073 1.0000e-12  -74.17528 -113.34458  26.839087      19.65 2.0071e+03    743.132      17836  1030.4436  1030.4414    34.3733    34.3708    8.03331         33 0.0000e+00
    602.000    594.905     0.0592  28.887381     0.0622  28.888110     4.7072     4.7768    -0.0039    94.9989 1.0000e-12  -74.17528 -113.34458  26.839137      18.59 2.0053e+03    747.398      17939  1030.4485  1030.4463    34.3736    34.3712    8.03294         32 0.0000e+00
    603.000    595.890     0.0606  28.889215     0.0633  28.889568     4.7040     4.7812    -0.0109    94.9883 1.0000e-12  -74.17528 -113.34458  26.839171      17.59 2.0065e+03    750.338      18009  1030.4533  1030.4511    34.3739    34.3714    8.03264         33 0.0000e+00
    604.000    596.873     0.0635  28.892588     0.0658  28.892564     4.7033     4.7795    -0.0115    94.9935 1.0000e-12  -74.17528 -113.34458  26.839211      16.59 2.0066e+03    753.836      18093  1030.4583  1030.4560    34.3746    34.3719    8.03200         27 0.0000e+00
    605.000    597.865     0.0656  28.895133     0.0673  28.894552     4.6988     4.7796    -0.0119    94.9699 1.0000e-12  -74.17528 -113.34458  26.839246      15.71 2.0076e+03    756.864      18166  1030.4632  1030.4609    34.3749    34.3723    8.03153         33 0.0000e+00
    606.000    598.846     0.0682  28.898055     0.0696  28.897138     4.7015     4.7741    -0.0113    94.9837 1.0000e-12  -74.17528 -113.34460  26.839284      14.63 2.0076e+03    760.179      18245  1030.4680  1030.4657    34.3753    34.3725    8.03096         35 0.0000e+00
    607.000    599.840     0.0708  28.901090     0.0725  28.900564     4.6975     4.7729    -0.0097    94.9958 1.0000e-12  -74.17528 -113.34460  26.839322      13.65 2.0086e+03    763.416      18323  1030.4729  1030.4707    34.3759    34.3732    8.03040         38 0.0000e+00
    608.000    600.827     0.0771  28.907269     0.0818  28.910323     4.6967     4.7747    -0.0130    95.0092 1.0000e-12  -74.17528 -113.34460  26.839358      12.65 2.0132e+03    766.557      18398  1030.4775  1030.4761    34.3764    34.3751    8.02905         30 0.0000e+00
    609.000    601.814     0.0834  28.914878     0.0835  28.912744     4.6929     4.7727    -0.0106    95.0168 1.0000e-12  -74.17528 -113.34460  26.839397      11.64 2.0167e+03    769.907      18479  1030.4836  1030.4813    34.3788    34.3758    8.02759         39 0.0000e+00
    610.000    602.799     0.0855  28.917053     0.0871  28.916600     4.6981     4.7669    -0.0062    95.0349 1.0000e-12  -74.17528 -113.34460  26.839433      10.59 2.0193e+03    772.984      18553  1030.4882  1030.4862    34.3787    34.3763    8.02716         42 0.0000e+00
    611.000    603.785     0.0870  28.919158     0.0897  28.919683     4.6939     4.7704    -0.0113    95.0525 1.0000e-12  -74.17528 -113.34460  26.839471       9.64 2.0197e+03    776.314      18633  1030.4933  1030.4912    34.3792    34.3769    8.02682         40 0.0000e+00
    612.000    604.773     0.0881  28.920738     0.0897  28.919931     4.6927     4.7711    -0.0081    95.0692 1.0000e-12  -74.17528 -113.34460  26.839508       8.60 2.0238e+03    779.492      18709  1030.4982  1030.4958    34.3795    34.3767    8.02657         42 0.0000e+00
    613.000    605.760     0.0883  28.921497     0.0906  28.921373     4.6950     4.7682    -0.0077    95.0840 1.0000e-12  -74.17528 -113.34460  26.839545       7.56 2.0232e+03    782.662      18785  1030.5030  1030.5007    34.3796    34.3770    8.02651         35 0.0000e+00
    614.000    606.745     0.0888  28.922251     0.0907  28.921992     4.6916     4.7727    -0.0077    95.0947 1.0000e-12  -74.17528 -113.34460  26.839583       6.54 2.0182e+03    785.973      18864  1030.5076  1030.5054    34.3796    34.3770    8.02643         37 0.0000e+00
    615.000    607.733     0.0900  28.924115     0.0920  28.923703     4.6902     4.7709    -0.0078    95.0963 1.0000e-12  -74.17528 -113.34460  26.839812       5.39 2.0182e+03    805.767      19339  1030.5127  1030.5103    34.3801    34.3773    8.02614         62 0.0000e+00
