ocean_section_plots/required_files/ctd/dnbp2202_ctd008.cnv
* Sea-Bird SBE 9 Data File:
* FileName = D:\Data\raw\NBP2202_CTD008.hex
* Software Version Seasave V 7.26.7.121
* Temperature SN = 1649
* Conductivity SN = 2513
* Number of Bytes Per Scan = 40
* Number of Voltage Words = 5
* Number of Scans Averaged by the Deck Unit = 1
* NMEA Latitude = 73 08.60 S
* NMEA Longitude = 113 56.92 W
* NMEA UTC (Time) = Jan 16 2022  19:59:29
* NMEA baud rate = 9600
** Ship: RVIB N.B. Palmer
** Cruise: NBP2202 Thwaites
** Station: #4
** Operator: A. Robinson
# nquan = 25
# nvalues = 560                         
# units = specified
# name 0 = prDM: Pressure, Digiquartz [db]
# name 1 = depSM: Depth [salt water, m]
# name 2 = t090C: Temperature [ITS-90, deg C]
# name 3 = c0mS/cm: Conductivity [mS/cm]
# name 4 = t190C: Temperature, 2 [ITS-90, deg C]
# name 5 = c1mS/cm: Conductivity, 2 [mS/cm]
# name 6 = sbeox0ML/L: Oxygen, SBE 43 [ml/l]
# name 7 = sbeox1ML/L: Oxygen, SBE 43, 2 [ml/l]
# name 8 = flECO-AFL: Fluorescence, WET Labs ECO-AFL/FL [mg/m^3]
# name 9 = CStarTr0: Beam Transmission, WET Labs C-Star [%]
# name 10 = par: PAR/Irradiance, Biospherical/Licor
# name 11 = latitude: Latitude [deg]
# name 12 = longitude: Longitude [deg]
# name 13 = timeJ: Julian Days
# name 14 = altM: Altimeter [m]
# name 15 = spar: SPAR, Biospherical/Licor
# name 16 = timeS: Time, Elapsed [seconds]
# name 17 = scan: Scan Count
# name 18 = density00: Density [density, kg/m^3]
# name 19 = density11: Density, 2 [density, kg/m^3]
# name 20 = sal00: Salinity, Practical [PSU]
# name 21 = sal11: Salinity, Practical, 2 [PSU]
# name 22 = oxsolML/L: Oxygen Saturation, Garcia & Gordon [ml/l]
# name 23 = nbin: number of scans per bin
# name 24 = flag: flag
# span 0 =      3.000,    562.000       
# span 1 =      2.972,    555.458       
# span 2 =    -1.8108,     0.5915       
# span 3 =  27.002163,  29.485007       
# span 4 =    -1.8100,     0.5935       
# span 5 =  27.001631,  29.484391       
# span 6 =     4.5510,     8.6499       
# span 7 =     4.7856,     9.1642       
# span 8 =    -0.0168,    23.4816       
# span 9 =    71.8040,    99.4936       
# span 10 = 1.0000e-12, 1.0348e+02      
# span 11 =  -73.14334,  -73.14332      
# span 12 = -113.94896, -113.94878      
# span 13 =  16.836774,  16.849285      
# span 14 =       8.58,     100.88      
# span 15 = 3.0573e+02, 6.0735e+02      
# span 16 =    328.320,   1409.205      
# span 17 =       7881,      33822      
# span 18 =  1027.2376,  1030.3909      
# span 19 =  1027.2370,  1030.3883      
# span 20 =    33.8816,    34.5851      
# span 21 =    33.8810,    34.5820      
# span 22 =    7.91110,    8.45534      
# span 23 =          2,         62      
# span 24 = 0.0000e+00, 0.0000e+00      
# interval = decibars: 1                
# start_time = Jan 16 2022 19:59:29 [NMEA time, header]
# bad_flag = -9.990e-29
*END*
[from data line 58]
     61.000     60.364    -0.4701  27.834765    -0.4697  27.834234     8.5473     9.0344    18.7338    73.6079 1.0000e-12  -73.14333 -113.94894  16.838474      99.95 3.7729e+02    475.146      11405  1027.5234  1027.5226    33.8886    33.8875    8.17301         43 0.0000e+00
     62.000     61.351    -0.4694  27.835786    -0.4692  27.835021     8.4435     8.9305    20.7078    72.7534 1.0000e-12  -73.14334 -113.94894  16.838506      99.97 3.8048e+02    477.913      11471  1027.5281  1027.5271    33.8887    33.8874    8.17287         39 0.0000e+00
     63.000     62.342    -0.5137  27.799494    -0.5185  27.796295     8.2902     8.8019    18.1991    73.9556 1.0000e-12  -73.14334 -113.94894  16.838526      99.98 3.8292e+02    479.675      11513  1027.5361  1027.5373    33.8888    33.8898    8.18242         36 0.0000e+00
     64.000     63.332    -0.5883  27.739348    -0.5921  27.736204     8.2336     8.7368    18.4267    73.7233 1.0000e-12  -73.14334 -113.94893  16.838547      99.98 3.8427e+02    481.459      11556  1027.5474  1027.5477    33.8908    33.8908    8.19844         40 0.0000e+00
     65.000     64.320    -0.6182  27.715882    -0.6203  27.713793     8.1878     8.6757    17.8347    73.6133 1.0000e-12  -73.14334 -113.94892  16.838575      99.84 3.8831e+02    483.857      11614  1027.5544  1027.5541    33.8920    33.8916    8.20484         37 0.0000e+00
     66.000     65.310    -0.6272  27.708897    -0.6317  27.705144     8.1309     8.6205    15.0009    75.4133 1.0000e-12  -73.14334 -113.94892  16.838592      99.86 3.8964e+02    485.383      11650  1027.5594  1027.5595    33.8921    33.8920    8.20680         34 0.0000e+00
     67.000     66.301    -0.6766  27.669380    -0.6759  27.669871     8.0849     8.5616    17.3402    75.4544 1.0000e-12  -73.14334 -113.94890  16.838612      99.94 3.9211e+02    487.070      11691  1027.5681  1027.5678    33.8936    33.8934    8.21745         40 0.0000e+00
     68.000     67.289    -0.7037  27.647713    -0.7089  27.643236     7.9983     8.4660    17.1629    75.8028 1.0000e-12  -73.14334 -113.94889  16.838639      99.60 3.9587e+02    489.412      11747  1027.5743  1027.5744    33.8941    33.8938    8.22332         42 0.0000e+00
     69.000     68.278    -0.7551  27.606703    -0.7592  27.603220     7.9274     8.3935    14.9352    77.7740 1.0000e-12  -73.14334 -113.94888  16.838660      99.70 3.9807e+02    491.210      11790  1027.5832  1027.5833    33.8957    33.8956    8.23443         36 0.0000e+00
     70.000     69.267    -0.7841  27.583251    -0.7877  27.580592     7.8632     8.3337    14.5483    77.4251 1.0000e-12  -73.14334 -113.94888  16.838683      95.96 4.0150e+02    493.179      11837  1027.5893  1027.5898    33.8959    33.8964    8.24075         44 0.0000e+00
     71.000     70.258    -0.8240  27.552218    -0.8247  27.551435     7.7804     8.2341    14.5670    78.2026 1.0000e-12  -73.14334 -113.94887  16.838709      99.53 4.0402e+02    495.457      11892  1027.5974  1027.5972    33.8981    33.8978    8.24935         35 0.0000e+00
     72.000     71.246    -0.8670  27.516439    -0.8691  27.515462     7.6852     8.1413    13.6212    79.3270 1.0000e-12  -73.14334 -113.94886  16.838729      99.53 4.0589e+02    497.192      11934  1027.6037  1027.6047    33.8973    33.8984    8.25883         38 0.0000e+00
     73.000     72.235    -0.9418  27.456213    -0.9430  27.455753     7.5422     7.9809    11.7976    78.3605 1.0000e-12  -73.14334 -113.94884  16.838753      99.37 4.0844e+02    499.226      11982  1027.6139  1027.6145    33.8991    33.8998    8.27517         43 0.0000e+00
     74.000     73.225    -0.9973  27.411876    -0.9986  27.411368     7.3408     7.7954    11.4330    79.5584 1.0000e-12  -73.14334 -113.94884  16.838774      99.36 4.1061e+02    501.059      12026  1027.6226  1027.6232    33.9007    33.9015    8.28731         38 0.0000e+00
     75.000     74.214    -1.1362  27.298888    -1.1420  27.295764     7.2012     7.6728    10.6495    80.6293 1.0000e-12  -73.14334 -113.94883  16.838793      99.36 4.1183e+02    502.731      12067  1027.6367  1027.6389    33.9028    33.9050    8.31796         39 0.0000e+00
     76.000     75.203    -1.2075  27.243780    -1.2089  27.243070     7.1844     7.6188     7.4991    81.9713 1.0000e-12  -73.14334 -113.94882  16.838816      99.58 4.1300e+02    504.715      12114  1027.6478  1027.6483    33.9074    33.9080    8.33355         40 0.0000e+00
     77.000     76.194    -1.2301  27.227067    -1.2304  27.226960     7.1805     7.5946     5.4039    83.6800 1.0000e-12  -73.14334 -113.94882  16.838839      99.17 4.1531e+02    506.731      12163  1027.6538  1027.6539    33.9094    33.9096    8.33847         40 0.0000e+00
     78.000     77.182    -1.2660  27.199496    -1.2679  27.198585     7.1642     7.5754     5.6786    85.7732 1.0000e-12  -73.14334 -113.94880  16.838866      99.67 4.1702e+02    509.053      12218  1027.6608  1027.6616    33.9117    33.9126    8.34635         39 0.0000e+00
     79.000     78.172    -1.2909  27.182237    -1.2909  27.182248     7.1828     7.5882     4.2349    88.1805 1.0000e-12  -73.14334 -113.94880  16.838890      99.71 4.1799e+02    511.070      12267  1027.6689  1027.6689    33.9155    33.9155    8.35168         38 0.0000e+00
     80.000     79.160    -1.3052  27.172257    -1.3048  27.172732     7.1990     7.5890     3.3895    89.0408 1.0000e-12  -73.14334 -113.94880  16.838912      99.74 4.1905e+02    512.972      12312  1027.6750  1027.6752    33.9174    33.9176    8.35477         41 0.0000e+00
     81.000     80.151    -1.3180  27.163617    -1.3181  27.163584     7.1879     7.5844     3.1440    89.6015 1.0000e-12  -73.14334 -113.94880  16.838935      99.77 4.2034e+02    514.996      12361  1027.6813  1027.6813    33.9195    33.9195    8.35752         44 0.0000e+00
     82.000     81.139    -1.3242  27.159652    -1.3239  27.159882     7.1283     7.5257     2.5307    91.4384 1.0000e-12  -73.14334 -113.94880  16.838961      99.73 4.2132e+02    517.251      12415  1027.6863  1027.6863    33.9204    33.9204    8.35884         42 0.0000e+00
     83.000     82.129    -1.3444  27.145083    -1.3436  27.145689     7.0162     7.4155     2.7351    91.3523 1.0000e-12  -73.14334 -113.94879  16.838982      99.78 4.2185e+02    519.054      12458  1027.6936  1027.6935    33.9226    33.9226    8.36324         39 0.0000e+00
     84.000     83.118    -1.3700  27.126615    -1.3707  27.126349     6.9330     7.3376     1.9929    92.5022 1.0000e-12  -73.14334 -113.94879  16.839004      99.80 4.2335e+02    520.915      12503  1027.7018  1027.7022    33.9257    33.9260    8.36880         44 0.0000e+00
     85.000     84.106    -1.3807  27.119503    -1.3809  27.119155     6.9181     7.3150     1.9813    93.3636 1.0000e-12  -73.14334 -113.94878  16.839025      99.82 4.2425e+02    522.797      12548  1027.7080  1027.7079    33.9273    33.9272    8.37109         34 0.0000e+00
     86.000     85.096    -1.3856  27.116322    -1.3861  27.115838     6.9196     7.3143     2.3206    93.3480 1.0000e-12  -73.14334 -113.94879  16.839056      99.76 4.2548e+02    525.408      12611  1027.7130  1027.7129    33.9280    33.9279    8.37217         34 0.0000e+00
     87.000     86.086    -1.3892  27.114726    -1.3890  27.114849     6.9650     7.3555     1.9430    93.6780 1.0000e-12  -73.14334 -113.94879  16.839077      99.81 4.2663e+02    527.291      12656  1027.7186  1027.7185    33.9292    33.9292    8.37290         34 0.0000e+00
     88.000     87.075    -1.3865  27.119168    -1.3862  27.119133     6.9982     7.3694     1.8202    94.5690 1.0000e-12  -73.14334 -113.94878  16.839095      99.81 4.2666e+02    528.836      12693  1027.7249  1027.7246    33.9316    33.9313    8.37215         44 0.0000e+00
     89.000     88.064    -1.3855  27.121186    -1.3856  27.120907     7.0052     7.3893     1.7448    95.1435 1.0000e-12  -73.14334 -113.94878  16.839119      99.81 4.2824e+02    530.923      12743  1027.7303  1027.7300    33.9327    33.9323    8.37187         44 0.0000e+00
     90.000     89.053    -1.3856  27.121715    -1.3854  27.121712     7.0306     7.4206     1.3472    94.6871 1.0000e-12  -73.14334 -113.94879  16.839141      99.81 4.2978e+02    532.761      12787  1027.7350  1027.7348    33.9328    33.9326    8.37187         33 0.0000e+00
     91.000     90.041    -1.3819  27.126272    -1.3809  27.126667     7.0521     7.4363     1.6649    95.0866 1.0000e-12  -73.14334 -113.94878  16.839166      99.81 4.3139e+02    534.904      12839  1027.7406  1027.7401    33.9343    33.9338    8.37095         33 0.0000e+00
     92.000     91.032    -1.3808  27.127604    -1.3811  27.127125     7.0622     7.4383     1.4452    94.8258 1.0000e-12  -73.14334 -113.94878  16.839191      99.81 4.3207e+02    537.120      12892  1027.7453  1027.7451    33.9343    33.9340    8.37072         39 0.0000e+00
     93.000     92.022    -1.3816  27.127839    -1.3815  27.127634     7.0632     7.4487     1.2991    95.0589 1.0000e-12  -73.14334 -113.94878  16.839211      99.82 4.3342e+02    538.812      12932  1027.7506  1027.7502    33.9349    33.9344    8.37086         40 0.0000e+00
     94.000     93.010    -1.3844  27.126560    -1.3842  27.126399     7.0375     7.4261     1.4662    95.5077 1.0000e-12  -73.14334 -113.94878  16.839235      99.82 4.3435e+02    540.868      12982  1027.7562  1027.7558    33.9357    33.9352    8.37144         38 0.0000e+00
     95.000     94.001    -1.3887  27.123749    -1.3884  27.123627     7.0272     7.4148     1.1625    95.7798 1.0000e-12  -73.14334 -113.94878  16.839259      99.81 4.3493e+02    542.968      13032  1027.7615  1027.7610    33.9360    33.9356    8.37238         36 0.0000e+00
     96.000     94.989    -1.3900  27.123727    -1.3899  27.123448     7.0330     7.4281     1.1950    95.8879 1.0000e-12  -73.14334 -113.94878  16.839285      99.81 4.3574e+02    545.185      13085  1027.7669  1027.7665    33.9369    33.9363    8.37263         37 0.0000e+00
     97.000     95.979    -1.3941  27.121203    -1.3944  27.120824     7.0513     7.4497     1.2357    95.5475 1.0000e-12  -73.14334 -113.94879  16.839301      99.51 4.3597e+02    546.650      13121  1027.7725  1027.7723    33.9375    33.9373    8.37352         32 0.0000e+00
     98.000     96.966    -1.4009  27.117687    -1.4016  27.116736     7.0487     7.4306     1.1657    95.5928 1.0000e-12  -73.14334 -113.94879  16.839324      99.83 4.3660e+02    548.569      13167  1027.7794  1027.7790    33.9397    33.9392    8.37491         34 0.0000e+00
     99.000     97.957    -1.4408  27.084854    -1.4445  27.082669     6.9641     7.3614     1.0721    95.5882 1.0000e-12  -73.14334 -113.94879  16.839356      99.82 4.3721e+02    551.324      13233  1027.7861  1027.7872    33.9392    33.9404    8.38392         38 0.0000e+00
    100.000     98.946    -1.4677  27.065275    -1.4674  27.065158     6.9253     7.3181     0.9432    96.0033 1.0000e-12  -73.14334 -113.94879  16.839372      99.82 4.3719e+02    552.755      13267  1027.7946  1027.7941    33.9422    33.9416    8.38981         35 0.0000e+00
    101.000     99.934    -1.4677  27.066386    -1.4674  27.066282     6.9124     7.3036     1.3837    95.9959 1.0000e-12  -73.14334 -113.94879  16.839398      99.81 4.3719e+02    554.944      13320  1027.7997  1027.7992    33.9431    33.9425    8.38975         35 0.0000e+00
    102.000    100.924    -1.4665  27.068427    -1.4661  27.068215     6.9065     7.2985     1.0095    95.8569 1.0000e-12  -73.14334 -113.94880  16.839427      99.82 4.3719e+02    557.522      13382  1027.8046  1027.8040    33.9438    33.9431    8.38942         38 0.0000e+00
    103.000    101.915    -1.4641  27.071272    -1.4643  27.070545     6.9038     7.2963     1.1350    96.1445 1.0000e-12  -73.14334 -113.94880  16.839444      99.80 4.3719e+02    558.983      13417  1027.8096  1027.8090    33.9444    33.9436    8.38885         35 0.0000e+00
    104.000    102.903    -1.4639  27.072122    -1.4645  27.071020     6.8928     7.2860     0.9114    96.0235 1.0000e-12  -73.14334 -113.94878  16.839465      97.95 4.3719e+02    560.769      13459  1027.8145  1027.8139    33.9447    33.9439    8.38879         40 0.0000e+00
    105.000    103.893    -1.4607  27.075604    -1.4600  27.075654     6.8596     7.2494     1.2462    95.9195 1.0000e-12  -73.14334 -113.94880  16.839492      99.78 4.3591e+02    563.097      13515  1027.8194  1027.8188    33.9453    33.9446    8.38803         39 0.0000e+00
    106.000    104.882    -1.4533  27.082934    -1.4531  27.082299     6.7149     7.1082     1.4409    96.0582 1.0000e-12  -73.14334 -113.94879  16.839512      99.82 4.3501e+02    564.858      13558  1027.8246  1027.8237    33.9464    33.9453    8.38631         38 0.0000e+00
    107.000    105.870    -1.4366  27.100273    -1.4359  27.099765     6.6611     7.0560     1.0536    95.7294 1.0000e-12  -73.14334 -113.94878  16.839531      99.82 4.3389e+02    566.476      13596  1027.8319  1027.8306    33.9506    33.9491    8.38228         39 0.0000e+00
    108.000    106.861    -1.4541  27.086500    -1.4539  27.086131     6.6076     6.9914     1.7332    95.9356 1.0000e-12  -73.14334 -113.94880  16.839560      99.80 4.3303e+02    568.954      13656  1027.8381  1027.8375    33.9510    33.9502    8.38622         26 0.0000e+00
    109.000    107.849    -1.4363  27.104711    -1.4352  27.104135     6.5587     6.9294     1.2661    95.8514 1.0000e-12  -73.14334 -113.94879  16.839582      99.82 4.3204e+02    570.847      13701  1027.8452  1027.8434    33.9551    33.9531    8.38194         36 0.0000e+00
    110.000    108.837    -1.4427  27.100639    -1.4419  27.101465     6.7123     7.0672     0.9566    95.7841 1.0000e-12  -73.14334 -113.94878  16.839600      94.02 4.3191e+02    572.420      13739  1027.8514  1027.8515    33.9562    33.9565    8.38333         39 0.0000e+00
    111.000    109.826    -1.4814  27.069269    -1.4813  27.069732     6.8758     7.2270     1.4494    96.3539 1.0000e-12  -73.14334 -113.94878  16.839626      99.76 4.3032e+02    574.646      13793  1027.8586  1027.8589    33.9564    33.9568    8.39205         43 0.0000e+00
    112.000    110.816    -1.4833  27.069013    -1.4828  27.068711     6.9193     7.2697     0.8635    96.5698 1.0000e-12  -73.14334 -113.94878  16.839647      99.80 4.2878e+02    576.540      13838  1027.8642  1027.8634    33.9575    33.9566    8.39240         41 0.0000e+00
    113.000    111.805    -1.4854  27.069009    -1.4848  27.068826     6.9163     7.2776     0.9696    96.4802 1.0000e-12  -73.14334 -113.94878  16.839667      99.82 4.2838e+02    578.259      13879  1027.8703  1027.8696    33.9592    33.9584    8.39276         44 0.0000e+00
    114.000    112.795    -1.4823  27.073167    -1.4822  27.072680     6.8892     7.2647     1.0647    96.6664 1.0000e-12  -73.14334 -113.94878  16.839688      99.82 4.2802e+02    580.001      13921  1027.8761  1027.8755    33.9608    33.9601    8.39197         36 0.0000e+00
    115.000    113.784    -1.4841  27.072582    -1.4839  27.072328     6.8532     7.2327     1.2682    96.5208 1.0000e-12  -73.14334 -113.94878  16.839702      99.81 4.2699e+02    581.284      13952  1027.8816  1027.8810    33.9615    33.9609    8.39235         28 0.0000e+00
    116.000    114.774    -1.4867  27.071894    -1.4866  27.071568     6.8253     7.2133     0.7763    96.1640 1.0000e-12  -73.14334 -113.94878  16.839715      99.82 4.2681e+02    582.415      13979  1027.8875  1027.8871    33.9628    33.9623    8.39285         28 0.0000e+00
    117.000    115.762    -1.4916  27.068987    -1.4914  27.068681     6.8146     7.1960     0.9604    96.8512 1.0000e-12  -73.14334 -113.94878  16.839732      99.82 4.2672e+02    583.805      14012  1027.8933  1027.8928    33.9638    33.9631    8.39390         38 0.0000e+00
