ocean_section_plots/required_files/ctd/dnbp2202_ctd245.cnv
* Sea-Bird SBE 9 Data File:
* FileName = D:\Data\raw\NBP2202_CTD245.hex
* Software Version Seasave V 7.26.7.121
* Temperature SN = 1649
* Conductivity SN = 2513
* Number of Bytes Per Scan = 40
* Number of Voltage Words = 5
* Number of Scans Averaged by the Deck Unit = 1
* NMEA Latitude = 73 55.29 S
* NMEA Longitude = 118 50.28 W
* NMEA UTC (Time) = Feb 15 2022  02:31:53
* NMEA baud rate = 9600
** Ship: RVIB N.B. Palmer
** Cruise: NBP2202 Thwaites
** Station: 153
** Operator: A. Robinson
# nquan = 28
# nvalues = 554                         
# units = specified
# name 0 = prDM: Pressure, Digiquartz [db]
# name 1 = depSM: Depth [salt water, m]
# name 2 = t090C: Temperature [ITS-90, deg C]
# name 3 = c0mS/cm: Conductivity [mS/cm]
# name 4 = t190C: Temperature, 2 [ITS-90, deg C]
# name 5 = c1mS/cm: Conductivity, 2 [mS/cm]
# name 6 = sbeox0ML/L: Oxygen, SBE 43 [ml/l]
# name 7 = sbeox1ML/L: Oxygen, SBE 43, 2 [ml/l]
# name 8 = flECO-AFL: Fluorescence, WET Labs ECO-AFL/FL [mg/m^3]
# name 9 = CStarTr0: Beam Transmission, WET Labs C-Star [%]
# name 10 = par: PAR/Irradiance, Biospherical/Licor
# name 11 = latitude: Latitude [deg]
# name 12 = longitude: Longitude [deg]
# name 13 = timeJ: Julian Days
# name 14 = altM: Altimeter [m]
# name 15 = spar: SPAR, Biospherical/Licor
# name 16 = timeS: Time, Elapsed [seconds]
# name 17 = scan: Scan Count
# name 18 = density00: Density [density, kg/m^3]
# name 19 = density11: Density, 2 [density, kg/m^3]
# name 20 = v3: Voltage 3
# name 21 = v4: Voltage 4
# name 22 = v5: Voltage 5
# name 23 = sal00: Salinity, Practical [PSU]
# name 24 = sal11: Salinity, Practical, 2 [PSU]
# name 25 = oxsolML/L: Oxygen Saturation, Garcia & Gordon [ml/l]
# name 26 = nbin: number of scans per bin
# name 27 = flag: flag
# span 0 =      2.000,    555.000       
# span 1 =      1.983,    548.524       
# span 2 =    -1.7127,    -0.0039       
# span 3 =  26.993883,  28.825480       
# span 4 =    -1.7123,    -0.0012       
# span 5 =  26.993882,  28.825963       
# span 6 =     4.9021,     9.1879       
# span 7 =     5.1255,     9.5418       
# span 8 =    -0.0224,    11.6197       
# span 9 =    85.8293,    97.2157       
# span 10 = -9.597e-06, 5.8216e+01      
# span 11 =  -73.92156,  -73.92156      
# span 12 = -118.83802, -118.83800      
# span 13 =  46.108358,  46.117656      
# span 14 =       4.32,      99.96      
# span 15 = 1.4830e+02, 1.6258e+02      
# span 16 =    249.090,   1052.497      
# span 17 =       5979,      25261      
# span 18 =  1027.1311,  1030.2450      
# span 19 =  1027.1322,  1030.2432      
# span 20 =     4.0727,     4.6117      
# span 21 =     0.0640,     1.9901      
# span 22 =     0.1104,     0.1978      
# span 23 =    33.7543,    34.3910      
# span 24 =    33.7555,    34.3888      
# span 25 =    8.04521,    8.43958      
# span 26 =         20,         47      
# span 27 = 0.0000e+00, 0.0000e+00      
# interval = decibars: 1                
# start_time = Feb 15 2022 02:31:53 [NMEA time, header]
# bad_flag = -9.990e-29
*END*
[from data line 467]
    469.000    463.626    -0.3260  28.451841    -0.3216  28.453752     5.2167     5.2978    -0.0147    97.0947 1.0000e-12  -73.92156 -118.83800  46.115059      88.68 1.5029e+02    828.133      19876  1029.7904  1029.7881     4.6060     0.0692     0.1196    34.3063    34.3039    8.11818         26 0.0000e+00
    470.000    464.615    -0.3115  28.466971    -0.3081  28.467995     5.1539     5.2953    -0.0145    97.0850 1.0000e-12  -73.92156 -118.83800  46.115073      87.87 1.5021e+02    829.278      19904  1029.7968  1029.7946     4.6056     0.0690     0.1159    34.3096    34.3072    8.11491         29 0.0000e+00
    471.000    465.600    -0.3079  28.470739    -0.3065  28.470067     5.0464     5.2910     0.0000    97.0929 1.0000e-12  -73.92156 -118.83800  46.115087      85.93 1.5479e+02    830.490      19933  1029.8018  1029.7998     4.6059     0.0691     0.1167    34.3099    34.3075    8.11411         29 0.0000e+00
    472.000    466.588    -0.3001  28.479197    -0.2980  28.479073     5.1319     5.2863     0.0062    97.0729 1.0000e-12  -73.92156 -118.83800  46.115101      85.40 1.5045e+02    831.692      19962  1029.8077  1029.8056     4.6050     0.0693     0.1163    34.3118    34.3094    8.11234         28 0.0000e+00
    473.000    467.577    -0.2977  28.481876    -0.2949  28.482810     5.1012     5.2877    -0.0134    97.0690 1.0000e-12  -73.92156 -118.83800  46.115113      86.66 1.5025e+02    832.803      19988  1029.8127  1029.8110     4.6049     0.0689     0.1163    34.3122    34.3102    8.11182         26 0.0000e+00
    474.000    468.563    -0.2949  28.485605    -0.2930  28.485155     5.1353     5.2899    -0.0150    97.0612 1.0000e-12  -73.92156 -118.83800  46.115126      84.76 1.5488e+02    833.847      20013  1029.8183  1029.8161     4.6044     0.0690     0.1203    34.3133    34.3107    8.11115         24 0.0000e+00
    475.000    469.551    -0.2935  28.487309    -0.2915  28.487046     5.1359     5.2882    -0.0150    97.0650 1.0000e-12  -73.92156 -118.83800  46.115138      83.29 1.5067e+02    834.893      20038  1029.8233  1029.8211     4.6046     0.0670     0.1165    34.3135    34.3109    8.11085         26 0.0000e+00
    476.000    470.537    -0.2908  28.490411    -0.2891  28.489941     5.1023     5.2868    -0.0150    97.0584 1.0000e-12  -73.92156 -118.83800  46.115151      82.18 1.5043e+02    836.065      20067  1029.8283  1029.8262     4.6043     0.0676     0.1176    34.3139    34.3115    8.11024         30 0.0000e+00
    477.000    471.525    -0.2943  28.487032    -0.2910  28.488370     5.1267     5.2898    -0.0147    97.0665 1.0000e-12  -73.92156 -118.83800  46.115166      81.22 1.5430e+02    837.317      20097  1029.8326  1029.8309     4.6047     0.0688     0.1169    34.3128    34.3109    8.11105         29 0.0000e+00
    478.000    472.515    -0.2944  28.487735    -0.2902  28.489671     5.1035     5.2819    -0.0064    97.0629 1.0000e-12  -73.92156 -118.83800  46.115179      81.32 1.5054e+02    838.486      20125  1029.8379  1029.8359     4.6045     0.0671     0.1170    34.3133    34.3112    8.11105         27 0.0000e+00
    479.000    473.500    -0.2941  28.488222    -0.2912  28.489147     5.1160     5.2841    -0.0053    97.0562 1.0000e-12  -73.92156 -118.83800  46.115192      80.30 1.5023e+02    839.589      20151  1029.8424  1029.8407     4.6042     0.0677     0.1170    34.3130    34.3110    8.11100         27 0.0000e+00
    480.000    474.488    -0.2944  28.488472    -0.2919  28.488848     5.1198     5.2819    -0.0131    97.0525 1.0000e-12  -73.92156 -118.83800  46.115205      78.31 1.5322e+02    840.700      20178  1029.8474  1029.8453     4.6041     0.0670     0.1178    34.3131    34.3107    8.11107         27 0.0000e+00
    481.000    475.475    -0.2941  28.489192    -0.2915  28.489772     5.0962     5.2783    -0.0142    97.0447 1.0000e-12  -73.92156 -118.83800  46.115218      77.09 1.5100e+02    841.843      20205  1029.8521  1029.8502     4.6037     0.0669     0.1180    34.3130    34.3109    8.11099         27 0.0000e+00
    482.000    476.463    -0.2836  28.500770    -0.2835  28.498075     5.0798     5.2857    -0.0140    97.0651 1.0000e-12  -73.92156 -118.83800  46.115232      75.71 1.5014e+02    843.006      20233  1029.8584  1029.8556     4.6047     0.0682     0.1137    34.3161    34.3125    8.10858         28 0.0000e+00
    483.000    477.450    -0.2859  28.498572    -0.2856  28.496602     5.1187     5.2777    -0.0145    97.0502 1.0000e-12  -73.92156 -118.83800  46.115245      75.12 1.5332e+02    844.155      20261  1029.8627  1029.8604     4.6039     0.0663     0.1172    34.3152    34.3122    8.10913         27 0.0000e+00
    484.000    478.438    -0.2833  28.501537    -0.2865  28.496181     5.1229     5.2763    -0.0057    97.0689 1.0000e-12  -73.92156 -118.83800  46.115258      74.42 1.5178e+02    845.264      20287  1029.8677  1029.8652     4.6048     0.0677     0.1180    34.3157    34.3121    8.10856         27 0.0000e+00
    485.000    479.423    -0.2702  28.515496    -0.2690  28.514242     5.1123     5.2676    -0.0134    97.0648 1.0000e-12  -73.92156 -118.83800  46.115271      73.55 1.5016e+02    846.383      20314  1029.8739  1029.8714     4.6046     0.0677     0.1171    34.3189    34.3159    8.10558         27 0.0000e+00
    486.000    480.412    -0.2675  28.518561    -0.2659  28.518014     5.0994     5.2662    -0.0058    97.0665 1.0000e-12  -73.92156 -118.83800  46.115284      72.66 1.5214e+02    847.540      20342  1029.8789  1029.8768     4.6047     0.0656     0.1174    34.3194    34.3169    8.10498         28 0.0000e+00
    487.000    481.399    -0.2686  28.517920    -0.2666  28.517799     5.0868     5.2648    -0.0132    97.0499 1.0000e-12  -73.92156 -118.83800  46.115297      72.37 1.5243e+02    848.695      20370  1029.8837  1029.8816     4.6039     0.0669     0.1196    34.3192    34.3167    8.10523         28 0.0000e+00
    488.000    482.387    -0.2649  28.522232    -0.2615  28.523390     5.0877     5.2693    -0.0048    97.0496 1.0000e-12  -73.92156 -118.83800  46.115311      69.70 1.5018e+02    849.827      20397  1029.8890  1029.8869     4.6039     0.0668     0.1176    34.3202    34.3179    8.10439         27 0.0000e+00
    489.000    483.374    -0.2604  28.527116    -0.2602  28.525262     5.0949     5.2620     0.0027    97.0601 1.0000e-12  -73.92156 -118.83800  46.115323      68.72 1.5161e+02    850.940      20424  1029.8941  1029.8919     4.6044     0.0664     0.1187    34.3210    34.3183    8.10338         26 0.0000e+00
    490.000    484.361    -0.2588  28.529184    -0.2558  28.530107     5.1077     5.2632    -0.0066    97.0486 1.0000e-12  -73.92156 -118.83800  46.115336      68.42 1.5311e+02    852.042      20450  1029.8990  1029.8970     4.6038     0.0664     0.1161    34.3213    34.3192    8.10301         27 0.0000e+00
    491.000    485.349    -0.2599  28.528472    -0.2571  28.529249     5.0920     5.2644    -0.0142    97.0555 1.0000e-12  -73.92156 -118.83800  46.115349      67.88 1.4997e+02    853.188      20478  1029.9037  1029.9018     4.6042     0.0662     0.1185    34.3210    34.3189    8.10326         28 0.0000e+00
    492.000    486.337    -0.2596  28.529275    -0.2581  28.528636     5.1001     5.2620    -0.0125    97.0592 1.0000e-12  -73.92156 -118.83800  46.115363      66.64 1.5107e+02    854.384      20506  1029.9086  1029.9064     4.6043     0.0656     0.1184    34.3212    34.3186    8.10320         29 0.0000e+00
    493.000    487.322    -0.2574  28.532197    -0.2556  28.531819     5.0893     5.2558    -0.0142    97.0461 1.0000e-12  -73.92156 -118.83800  46.115376      64.86 1.5345e+02    855.528      20534  1029.9138  1029.9116     4.6038     0.0655     0.1159    34.3220    34.3194    8.10268         26 0.0000e+00
    494.000    488.311    -0.2563  28.533564    -0.2537  28.534211     5.0822     5.2600    -0.0138    97.0590 1.0000e-12  -73.92156 -118.83800  46.115389      64.84 1.5021e+02    856.579      20559  1029.9185  1029.9167     4.6044     0.0654     0.1197    34.3220    34.3200    8.10244         25 0.0000e+00
    495.000    489.297    -0.2552  28.535191    -0.2528  28.535589     5.0828     5.2630    -0.0075    97.0669 1.0000e-12  -73.92156 -118.83800  46.115401      63.94 1.5045e+02    857.633      20584  1029.9234  1029.9215     4.6047     0.0650     0.1171    34.3224    34.3202    8.10220         26 0.0000e+00
    496.000    490.285    -0.2531  28.537853    -0.2512  28.537564     5.1077     5.2607     0.0032    97.0529 1.0000e-12  -73.92156 -118.83800  46.115414      62.21 1.5359e+02    858.760      20611  1029.9285  1029.9264     4.6041     0.0651     0.1161    34.3229    34.3205    8.10172         28 0.0000e+00
    497.000    491.274    -0.2518  28.539640    -0.2519  28.537303     5.0534     5.2543     0.0001    97.0501 1.0000e-12  -73.92156 -118.83800  46.115428      61.89 1.4972e+02    859.975      20640  1029.9334  1029.9311     4.6040     0.0652     0.1170    34.3232    34.3203    8.10141         26 0.0000e+00
    498.000    492.259    -0.2496  28.542209    -0.2487  28.541140     5.0857     5.2640    -0.0058    97.0651 1.0000e-12  -73.92156 -118.83800  46.115443      60.35 1.5087e+02    861.254      20671  1029.9383  1029.9363     4.6046     0.0647     0.1172    34.3237    34.3212    8.10094         31 0.0000e+00
    499.000    493.248    -0.2509  28.541487    -0.2490  28.541441     5.0748     5.2616    -0.0105    97.0793 1.0000e-12  -73.92156 -118.83800  46.115457      59.64 1.5342e+02    862.472      20700  1029.9431  1029.9412     4.6053     0.0656     0.1164    34.3235    34.3213    8.10122         28 0.0000e+00
    500.000    494.234    -0.2505  28.542545    -0.2486  28.542485     5.1053     5.2599    -0.0135    97.0766 1.0000e-12  -73.92156 -118.83800  46.115470      59.11 1.5024e+02    863.566      20727  1029.9481  1029.9462     4.6052     0.0657     0.1164    34.3239    34.3216    8.10111         25 0.0000e+00
    501.000    495.222    -0.2509  28.542696    -0.2488  28.542855     5.0937     5.2612    -0.0078    97.0656 1.0000e-12  -73.92156 -118.83800  46.115481      57.58 1.5006e+02    864.586      20751  1029.9530  1029.9511     4.6047     0.0648     0.1145    34.3240    34.3218    8.10119         24 0.0000e+00
    502.000    496.209    -0.2505  28.543605    -0.2488  28.543309     5.0998     5.2612    -0.0049    97.0699 1.0000e-12  -73.92156 -118.83800  46.115493      56.52 1.5435e+02    865.636      20776  1029.9578  1029.9558     4.6049     0.0649     0.1178    34.3240    34.3217    8.10109         26 0.0000e+00
    503.000    497.195    -0.2508  28.543629    -0.2494  28.542851     5.0668     5.2621    -0.0049    97.0514 1.0000e-12  -73.92156 -118.83800  46.115507      55.60 1.5038e+02    866.777      20804  1029.9624  1029.9602     4.6040     0.0660     0.1216    34.3238    34.3212    8.10117         29 0.0000e+00
    504.000    498.184    -0.2503  28.544672    -0.2491  28.543696     5.1004     5.2596    -0.0044    97.0671 1.0000e-12  -73.92156 -118.83800  46.115521      54.92 1.5002e+02    867.997      20833  1029.9673  1029.9651     4.6047     0.0647     0.1186    34.3241    34.3214    8.10105         29 0.0000e+00
    505.000    499.170    -0.2476  28.548207    -0.2458  28.547965     5.0928     5.2577    -0.0051    97.0628 1.0000e-12  -73.92156 -118.83800  46.115535      53.43 1.5431e+02    869.187      20861  1029.9727  1029.9707     4.6045     0.0658     0.1163    34.3252    34.3228    8.10042         28 0.0000e+00
    506.000    500.158    -0.2454  28.551175    -0.2428  28.551497     5.0763     5.2576    -0.0123    97.0570 1.0000e-12  -73.92156 -118.83800  46.115547      52.66 1.5028e+02    870.288      20888  1029.9779  1029.9758     4.6043     0.0657     0.1163    34.3261    34.3236    8.09990         25 0.0000e+00
    507.000    501.144    -0.2411  28.555858    -0.2389  28.556037     5.0683     5.2533    -0.0053    97.0708 1.0000e-12  -73.92156 -118.83800  46.115559      51.14 1.5005e+02    871.339      20913  1029.9829  1029.9810     4.6049     0.0647     0.1165    34.3268    34.3247    8.09893         26 0.0000e+00
    508.000    502.134    -0.2411  28.556376    -0.2390  28.556281     5.0994     5.2592    -0.0172    97.0641 1.0000e-12  -73.92156 -118.83800  46.115572      51.37 1.5347e+02    872.426      20939  1029.9878  1029.9857     4.6046     0.0659     0.1172    34.3270    34.3245    8.09893         26 0.0000e+00
    509.000    503.120    -0.2423  28.555247    -0.2395  28.556320     5.0684     5.2536    -0.0074    97.0538 1.0000e-12  -73.92156 -118.83800  46.115586      49.42 1.5092e+02    873.592      20967  1029.9920  1029.9904     4.6041     0.0640     0.1163    34.3262    34.3245    8.09923         29 0.0000e+00
    510.000    504.106    -0.2446  28.553289    -0.2406  28.555573     5.0698     5.2496    -0.0134    97.0697 1.0000e-12  -73.92156 -118.83800  46.115599      48.88 1.5016e+02    874.757      20995  1029.9965  1029.9950     4.6049     0.0643     0.1169    34.3256    34.3241    8.09976         27 0.0000e+00
    511.000    505.095    -0.2424  28.556338    -0.2411  28.555439     5.0949     5.2509    -0.0136    97.0610 1.0000e-12  -73.92156 -118.83800  46.115612      47.35 1.5370e+02    875.877      21022  1030.0018  1029.9997     4.6044     0.0649     0.1176    34.3266    34.3240    8.09923         27 0.0000e+00
    512.000    506.080    -0.2442  28.554818    -0.2424  28.554422     5.1018     5.2446    -0.0142    97.0696 1.0000e-12  -73.92156 -118.83800  46.115625      46.85 1.5181e+02    876.993      21049  1030.0063  1030.0041     4.6048     0.0653     0.1163    34.3260    34.3234    8.09964         27 0.0000e+00
    513.000    507.069    -0.2359  28.563165    -0.2361  28.561060     5.0482     5.2482    -0.0123    97.0698 1.0000e-12  -73.92156 -118.83800  46.115638      45.56 1.5011e+02    878.152      21077  1030.0112  1030.0092     4.6049     0.0643     0.1157    34.3272    34.3246    8.09782         29 0.0000e+00
    514.000    508.056    -0.2399  28.559647    -0.2396  28.558191     5.0991     5.2540    -0.0057    97.0757 1.0000e-12  -73.92156 -118.83800  46.115652      45.27 1.5315e+02    879.344      21105  1030.0158  1030.0139     4.6051     0.0647     0.1177    34.3265    34.3241    8.09871         28 0.0000e+00
    515.000    509.042    -0.2445  28.555691    -0.2432  28.554941     5.0840     5.2617    -0.0128    97.0801 1.0000e-12  -73.92156 -118.83800  46.115665      43.99 1.5162e+02    880.493      21133  1030.0203  1030.0183     4.6053     0.0643     0.1175    34.3257    34.3233    8.09972         27 0.0000e+00
    516.000    510.032    -0.2449  28.555612    -0.2435  28.555109     5.0952     5.2594    -0.0144    97.0603 1.0000e-12  -73.92156 -118.83800  46.115678      42.81 1.5019e+02    881.595      21159  1030.0249  1030.0230     4.6044     0.0670     0.1161    34.3255    34.3233    8.09982         26 0.0000e+00
    517.000    511.017    -0.2380  28.563936    -0.2376  28.561447     5.0961     5.2521    -0.0128    97.0690 1.0000e-12  -73.92156 -118.83800  46.115691      41.58 1.5153e+02    882.684      21185  1030.0311  1030.0282     4.6048     0.0643     0.1185    34.3282    34.3245    8.09820         26 0.0000e+00
    518.000    512.005    -0.2301  28.571593    -0.2326  28.566734     5.0504     5.2391    -0.0125    97.0690 1.0000e-12  -73.92156 -118.83800  46.115704      40.93 1.5299e+02    883.824      21213  1030.0358  1030.0331     4.6048     0.0657     0.1180    34.3289    34.3253    8.09648         29 0.0000e+00
