ocean_section_plots/required_files/ctd/dnbp2202_ctd097.cnv
* Sea-Bird SBE 9 Data File:
* FileName = D:\Data\raw\NBP2202_CTD097.hex
* Software Version Seasave V 7.26.7.121
* Temperature SN = 1649
* Conductivity SN = 2513
* Number of Bytes Per Scan = 40
* Number of Voltage Words = 5
* Number of Scans Averaged by the Deck Unit = 1
* NMEA Latitude = 74 10.51 S
* NMEA Longitude = 113 20.67 W
* NMEA UTC (Time) = Jan 27 2022  00:59:28
* NMEA baud rate = 9600
** Ship: RVIB N.B. Palmer
** Cruise: NBP2202 Thwaites
** Station: YoYo001
** Operator: A. Robinson
# nquan = 25
# nvalues = 607                         
# units = specified
# name 0 = prDM: Pressure, Digiquartz [db]
# name 1 = depSM: Depth [salt water, m]
# name 2 = t090C: Temperature [ITS-90, deg C]
# name 3 = c0mS/cm: Conductivity [mS/cm]
# name 4 = t190C: Temperature, 2 [ITS-90, deg C]
# name 5 = c1mS/cm: Conductivity, 2 [mS/cm]
# name 6 = sbeox0ML/L: Oxygen, SBE 43 [ml/l]
# name 7 = sbeox1ML/L: Oxygen, SBE 43, 2 [ml/l]
# name 8 = flECO-AFL: Fluorescence, WET Labs ECO-AFL/FL [mg/m^3]
# name 9 = CStarTr0: Beam Transmission, WET Labs C-Star [%]
# name 10 = par: PAR/Irradiance, Biospherical/Licor
# name 11 = latitude: Latitude [deg]
# name 12 = longitude: Longitude [deg]
# name 13 = timeJ: Julian Days
# name 14 = altM: Altimeter [m]
# name 15 = spar: SPAR, Biospherical/Licor
# name 16 = timeS: Time, Elapsed [seconds]
# name 17 = scan: Scan Count
# name 18 = density00: Density [density, kg/m^3]
# name 19 = density11: Density, 2 [density, kg/m^3]
# name 20 = sal00: Salinity, Practical [PSU]
# name 21 = sal11: Salinity, Practical, 2 [PSU]
# name 22 = oxsolML/L: Oxygen Saturation, Garcia & Gordon [ml/l]
# name 23 = nbin: number of scans per bin
# name 24 = flag: flag
# span 0 =     10.000,    616.000       
# span 1 =      9.897,    608.720       
# span 2 =    -1.5173,     0.0922       
# span 3 =  26.922998,  28.927198       
# span 4 =    -1.5164,     0.0949       
# span 5 =  26.922979,  28.927454       
# span 6 =     4.6771,     8.0766       
# span 7 =     4.7415,     8.0097       
# span 8 =    -0.0224,    22.0003       
# span 9 =    73.5535,    95.5329       
# span 10 = 1.0000e-12, 4.5167e+01      
# span 11 =  -74.17528,  -74.17528      
# span 12 = -113.34460, -113.34455      
# span 13 =  27.041807,  27.051312      
# span 14 =       5.63,     100.56      
# span 15 = 9.0818e+02, 1.6658e+03      
# span 16 =     44.145,    865.365      
# span 17 =       1060,      20770      
# span 18 =  1027.2289,  1030.5178      
# span 19 =  1027.2266,  1030.5155      
# span 20 =    33.7974,    34.3817      
# span 21 =    33.7943,    34.3790      
# span 22 =    8.02559,    8.40804      
# span 23 =         23,         47      
# span 24 = 0.0000e+00, 0.0000e+00      
# interval = decibars: 1                
# start_time = Jan 27 2022 00:59:28 [NMEA time, header]
# bad_flag = -9.990e-29
*END*
[from data line 522]
    532.000    525.818     0.0047  28.797041     0.0069  28.796827     4.7119     4.7685    -0.0089    94.9140 1.0000e-12  -74.17528 -113.34458  27.049481      91.75 9.3804e+02    707.116      16972  1030.1083  1030.1059    34.3564    34.3536    8.04535         29 0.0000e+00
    533.000    526.805     0.0065  28.799691     0.0088  28.799430     4.7155     4.7724    -0.0155    94.9091 1.0000e-12  -74.17528 -113.34458  27.049494      90.72 9.3804e+02    708.309      17000  1030.1136  1030.1112    34.3573    34.3544    8.04492         28 0.0000e+00
    534.000    527.793     0.0076  28.801287     0.0098  28.801025     4.7148     4.7776    -0.0095    94.9076 1.0000e-12  -74.17528 -113.34458  27.049508      89.68 9.3785e+02    709.469      17028  1030.1186  1030.1162    34.3576    34.3548    8.04468         27 0.0000e+00
    535.000    528.780     0.0092  28.803445     0.0114  28.803202     4.7147     4.7792    -0.0012    94.8907 1.0000e-12  -74.17528 -113.34458  27.049521      88.71 9.3785e+02    710.606      17056  1030.1236  1030.1212    34.3581    34.3553    8.04431         28 0.0000e+00
    536.000    529.766     0.0109  28.806075     0.0129  28.805739     4.7104     4.7800    -0.0015    94.9066 1.0000e-12  -74.17528 -113.34458  27.049534      87.61 9.3870e+02    711.745      17083  1030.1290  1030.1267    34.3591    34.3563    8.04390         27 0.0000e+00
    537.000    530.753     0.0122  28.808120     0.0144  28.807846     4.7138     4.7843    -0.0161    94.9045 1.0000e-12  -74.17528 -113.34458  27.049547      86.44 9.4063e+02    712.900      17111  1030.1342  1030.1318    34.3597    34.3569    8.04359         28 0.0000e+00
    538.000    531.741     0.0128  28.809404     0.0150  28.808924     4.7084     4.7821    -0.0010    94.9060 1.0000e-12  -74.17528 -113.34458  27.049561      85.91 9.4354e+02    714.075      17139  1030.1392  1030.1366    34.3601    34.3571    8.04343         29 0.0000e+00
    539.000    532.728     0.0145  28.811292     0.0164  28.810912     4.7096     4.7702    -0.0048    94.9358 1.0000e-12  -74.17528 -113.34458  27.049575      85.06 9.4731e+02    715.274      17168  1030.1439  1030.1416    34.3602    34.3575    8.04308         28 0.0000e+00
    540.000    533.715     0.0219  28.819151     0.0238  28.818446     4.7082     4.7717    -0.0136    94.9451 1.0000e-12  -74.17528 -113.34458  27.049589      83.64 9.5055e+02    716.453      17196  1030.1491  1030.1465    34.3617    34.3586    8.04144         28 0.0000e+00
    541.000    534.702     0.0276  28.825371     0.0298  28.825296     4.7073     4.7710    -0.0053    94.9282 1.0000e-12  -74.17528 -113.34458  27.049602      82.51 9.5439e+02    717.617      17224  1030.1544  1030.1522    34.3629    34.3604    8.04018         28 0.0000e+00
    542.000    535.690     0.0229  28.822004     0.0252  28.821949     4.7133     4.7762    -0.0039    94.9362 1.0000e-12  -74.17528 -113.34458  27.049616      81.52 9.5823e+02    718.795      17252  1030.1598  1030.1576    34.3631    34.3605    8.04115         29 0.0000e+00
    543.000    536.675     0.0224  28.822256     0.0245  28.821814     4.7135     4.7749    -0.0043    94.9459 1.0000e-12  -74.17528 -113.34458  27.049629      80.63 9.6324e+02    719.983      17281  1030.1648  1030.1624    34.3634    34.3605    8.04123         28 0.0000e+00
    544.000    537.663     0.0228  28.823100     0.0249  28.822718     4.7108     4.7694    -0.0059    94.9566 1.0000e-12  -74.17528 -113.34458  27.049643      79.90 9.6707e+02    721.161      17309  1030.1696  1030.1672    34.3635    34.3607    8.04114         29 0.0000e+00
    545.000    538.650     0.0233  28.824075     0.0255  28.823918     4.7104     4.7721    -0.0131    94.9629 1.0000e-12  -74.17528 -113.34458  27.049657      78.90 9.6963e+02    722.324      17337  1030.1744  1030.1721    34.3636    34.3609    8.04103         27 0.0000e+00
    546.000    539.638     0.0229  28.823822     0.0251  28.823821     4.7084     4.7740    -0.0108    94.9514 1.0000e-12  -74.17528 -113.34458  27.049670      77.82 9.7135e+02    723.478      17364  1030.1789  1030.1767    34.3632    34.3607    8.04115         28 0.0000e+00
    547.000    540.624     0.0233  28.824713     0.0254  28.824521     4.7139     4.7669    -0.0148    94.9352 1.0000e-12  -74.17528 -113.34458  27.049683      76.65 9.7049e+02    724.632      17392  1030.1837  1030.1814    34.3633    34.3607    8.04105         27 0.0000e+00
    548.000    541.611     0.0261  28.827872     0.0292  28.828580     4.7095     4.7651    -0.0160    94.9434 1.0000e-12  -74.17528 -113.34458  27.049697      75.15 9.6846e+02    725.805      17420  1030.1885  1030.1862    34.3638    34.3613    8.04045         29 0.0000e+00
    549.000    542.599     0.0276  28.829808     0.0301  28.829956     4.7087     4.7690    -0.0023    94.9460 1.0000e-12  -74.17528 -113.34457  27.049711      74.23 9.6470e+02    727.006      17449  1030.1933  1030.1911    34.3641    34.3614    8.04012         29 0.0000e+00
    550.000    543.585     0.0276  28.830017     0.0298  28.829874     4.7102     4.7702    -0.0153    94.9246 1.0000e-12  -74.17528 -113.34456  27.049724      73.75 9.5993e+02    728.193      17478  1030.1979  1030.1956    34.3638    34.3611    8.04013         28 0.0000e+00
    551.000    544.573     0.0261  28.829086     0.0281  28.828758     4.7084     4.7714    -0.0090    94.9312 1.0000e-12  -74.17528 -113.34456  27.049738      72.18 9.5497e+02    729.355      17506  1030.2026  1030.2004    34.3636    34.3610    8.04045         28 0.0000e+00
    552.000    545.559     0.0258  28.829378     0.0282  28.829232     4.7116     4.7722    -0.0136    94.9384 1.0000e-12  -74.17528 -113.34458  27.049751      71.80 9.4948e+02    730.500      17533  1030.2074  1030.2049    34.3637    34.3608    8.04050         28 0.0000e+00
    553.000    546.548     0.0266  28.830430     0.0287  28.830139     4.7040     4.7710    -0.0035    94.9287 1.0000e-12  -74.17528 -113.34458  27.049765      70.70 9.4299e+02    731.658      17561  1030.2120  1030.2097    34.3636    34.3609    8.04034         27 0.0000e+00
    554.000    547.534     0.0296  28.833561     0.0318  28.833483     4.6999     4.7612    -0.0118    94.9390 1.0000e-12  -74.17528 -113.34457  27.049778      69.54 9.3865e+02    732.847      17589  1030.2167  1030.2144    34.3639    34.3613    8.03971         29 0.0000e+00
    555.000    548.521     0.0317  28.836039     0.0339  28.835849     4.7031     4.7642    -0.0006    94.9362 1.0000e-12  -74.17528 -113.34456  27.049792      68.45 9.3559e+02    734.046      17618  1030.2214  1030.2191    34.3642    34.3615    8.03924         29 0.0000e+00
    556.000    549.507     0.0320  28.836990     0.0343  28.836803     4.7030     4.7678    -0.0048    94.9230 1.0000e-12  -74.17528 -113.34456  27.049806      67.72 9.3247e+02    735.215      17646  1030.2264  1030.2240    34.3645    34.3617    8.03915         28 0.0000e+00
    557.000    550.495     0.0320  28.837642     0.0343  28.837479     4.7030     4.7725    -0.0053    94.9535 1.0000e-12  -74.17528 -113.34456  27.049819      66.27 9.3210e+02    736.377      17674  1030.2314  1030.2289    34.3648    34.3620    8.03915         27 0.0000e+00
    558.000    551.482     0.0321  28.838121     0.0344  28.838012     4.7065     4.7699    -0.0047    94.9486 1.0000e-12  -74.17528 -113.34456  27.049833      65.48 9.3397e+02    737.546      17702  1030.2360  1030.2337    34.3647    34.3620    8.03912         29 0.0000e+00
    559.000    552.470     0.0319  28.838359     0.0341  28.838203     4.7023     4.7683    -0.0038    94.9459 1.0000e-12  -74.17528 -113.34456  27.049846      64.47 9.3633e+02    738.722      17730  1030.2408  1030.2385    34.3647    34.3620    8.03918         28 0.0000e+00
    560.000    553.455     0.0321  28.838912     0.0343  28.838720     4.7058     4.7610    -0.0006    94.9496 1.0000e-12  -74.17528 -113.34456  27.049860      63.41 9.3945e+02    739.905      17759  1030.2454  1030.2430    34.3645    34.3618    8.03913         28 0.0000e+00
    561.000    554.442     0.0322  28.839397     0.0342  28.839133     4.7005     4.7600    -0.0012    94.9486 1.0000e-12  -74.17528 -113.34456  27.049874      62.34 9.4566e+02    741.086      17787  1030.2501  1030.2478    34.3646    34.3619    8.03912         28 0.0000e+00
    562.000    555.430     0.0322  28.839890     0.0344  28.839701     4.7076     4.7641     0.0054    94.9514 1.0000e-12  -74.17528 -113.34456  27.049887      61.53 9.5364e+02    742.245      17815  1030.2548  1030.2525    34.3646    34.3619    8.03911         28 0.0000e+00
    563.000    556.417     0.0362  28.845595     0.0374  28.843824     4.7071     4.7666    -0.0127    94.9431 1.0000e-12  -74.17528 -113.34456  27.049900      60.36 9.6311e+02    743.397      17843  1030.2611  1030.2581    34.3670    34.3634    8.03813         28 0.0000e+00
    564.000    557.403     0.0343  28.843555     0.0354  28.842064     4.7066     4.7661    -0.0155    94.9239 1.0000e-12  -74.17528 -113.34456  27.049914      59.20 9.7383e+02    744.576      17871  1030.2651  1030.2625    34.3659    34.3627    8.03860         29 0.0000e+00
    565.000    558.391     0.0396  28.850601     0.0397  28.847526     4.6979     4.7673    -0.0085    94.9458 1.0000e-12  -74.17528 -113.34456  27.049928      58.23 9.8449e+02    745.769      17899  1030.2716  1030.2683    34.3687    34.3646    8.03733         28 0.0000e+00
    566.000    559.377     0.0398  28.851497     0.0418  28.850950     4.7025     4.7667    -0.0019    94.9589 1.0000e-12  -74.17528 -113.34456  27.049942      57.47 9.9536e+02    746.954      17928  1030.2766  1030.2741    34.3691    34.3661    8.03728         28 0.0000e+00
    567.000    560.366     0.0401  28.852299     0.0424  28.852160     4.7029     4.7655    -0.0099    94.9447 1.0000e-12  -74.17528 -113.34456  27.049955      56.27 1.0059e+03    748.121      17956  1030.2814  1030.2791    34.3692    34.3664    8.03719         28 0.0000e+00
    568.000    561.351     0.0401  28.852645     0.0422  28.852298     4.7010     4.7626    -0.0087    94.9550 1.0000e-12  -74.17528 -113.34456  27.049968      55.40 1.0169e+03    749.270      17983  1030.2860  1030.2837    34.3690    34.3663    8.03720         28 0.0000e+00
    569.000    562.339     0.0413  28.854615     0.0439  28.854910     4.7039     4.7580    -0.0108    94.9560 1.0000e-12  -74.17528 -113.34456  27.049982      54.21 1.0287e+03    750.422      18011  1030.2912  1030.2890    34.3698    34.3672    8.03692         28 0.0000e+00
    570.000    563.324     0.0432  28.857301     0.0454  28.856987     4.7004     4.7633    -0.0127    94.9487 1.0000e-12  -74.17528 -113.34456  27.049995      53.50 1.0409e+03    751.607      18040  1030.2964  1030.2940    34.3706    34.3677    8.03647         29 0.0000e+00
    571.000    564.312     0.0440  28.858529     0.0462  28.858322     4.7006     4.7646    -0.0083    94.9530 1.0000e-12  -74.17528 -113.34456  27.050009      52.25 1.0541e+03    752.814      18069  1030.3012  1030.2989    34.3707    34.3680    8.03629         29 0.0000e+00
    572.000    565.299     0.0441  28.859077     0.0463  28.858912     4.7015     4.7633    -0.0077    94.9512 1.0000e-12  -74.17528 -113.34456  27.050024      51.19 1.0696e+03    754.045      18098  1030.3060  1030.3036    34.3708    34.3680    8.03628         30 0.0000e+00
    573.000    566.287     0.0441  28.859532     0.0462  28.859188     4.7036     4.7646    -0.0142    94.9208 1.0000e-12  -74.17528 -113.34456  27.050038      50.09 1.0887e+03    755.293      18128  1030.3107  1030.3083    34.3707    34.3680    8.03627         30 0.0000e+00
    574.000    567.272     0.0443  28.860193     0.0464  28.859947     4.7041     4.7647    -0.0089    94.9152 1.0000e-12  -74.17528 -113.34456  27.050053      49.12 1.1103e+03    756.561      18158  1030.3154  1030.3131    34.3708    34.3681    8.03622         30 0.0000e+00
    575.000    568.262     0.0446  28.860925     0.0468  28.860785     4.7016     4.7667    -0.0024    94.8954 1.0000e-12  -74.17528 -113.34456  27.050068      48.24 1.1338e+03    757.866      18190  1030.3202  1030.3179    34.3709    34.3682    8.03617         30 0.0000e+00
    576.000    569.247     0.0462  28.863321     0.0483  28.862960     4.7043     4.7669    -0.0052    94.9117 1.0000e-12  -74.17528 -113.34456  27.050084      47.04 1.1576e+03    759.245      18223  1030.3254  1030.3230    34.3717    34.3688    8.03578         34 0.0000e+00
    577.000    570.234     0.0483  28.865993     0.0504  28.865794     4.7043     4.7641    -0.0050    94.9156 1.0000e-12  -74.17528 -113.34456  27.050100      46.14 1.1803e+03    760.679      18257  1030.3304  1030.3282    34.3723    34.3697    8.03531         35 0.0000e+00
    578.000    571.221     0.0494  28.867501     0.0517  28.867654     4.7014     4.7591    -0.0139    94.9206 1.0000e-12  -74.17528 -113.34456  27.050117      45.01 1.1991e+03    762.145      18292  1030.3352  1030.3331    34.3724    34.3701    8.03507         34 0.0000e+00
    579.000    572.207     0.0499  28.868567     0.0520  28.868442     4.7048     4.7602    -0.0091    94.9084 1.0000e-12  -74.17528 -113.34456  27.050135      44.12 1.2096e+03    763.672      18329  1030.3401  1030.3379    34.3727    34.3702    8.03495         36 0.0000e+00
    580.000    573.195     0.0494  28.868478     0.0513  28.868155     4.7002     4.7662    -0.0017    94.9520 1.0000e-12  -74.17528 -113.34456  27.050153      43.02 1.2098e+03    765.246      18367  1030.3448  1030.3426    34.3725    34.3700    8.03506         37 0.0000e+00
    581.000    574.181     0.0495  28.869190     0.0517  28.869056     4.6992     4.7604     0.0001    94.9576 1.0000e-12  -74.17528 -113.34456  27.050173      41.99 1.2038e+03    766.910      18407  1030.3496  1030.3474    34.3727    34.3701    8.03502         40 0.0000e+00
    582.000    575.169     0.0505  28.870565     0.0527  28.870519     4.7027     4.7635    -0.0079    94.9481 1.0000e-12  -74.17528 -113.34456  27.050192      40.84 1.1938e+03    768.600      18447  1030.3543  1030.3522    34.3729    34.3704    8.03481         36 0.0000e+00
    583.000    576.155     0.0511  28.871594     0.0531  28.871328     4.7018     4.7648    -0.0052    94.9639 1.0000e-12  -74.17528 -113.34456  27.050212      40.06 1.1818e+03    770.295      18488  1030.3592  1030.3569    34.3730    34.3704    8.03468         34 0.0000e+00
    584.000    577.142     0.0516  28.872581     0.0537  28.872347     4.6999     4.7645    -0.0144    94.9590 1.0000e-12  -74.17528 -113.34456  27.050232      38.88 1.1715e+03    772.023      18530  1030.3639  1030.3616    34.3731    34.3705    8.03456         37 0.0000e+00
    585.000    578.130     0.0519  28.873339     0.0539  28.872952     4.6970     4.7616    -0.0087    94.9733 1.0000e-12  -74.17528 -113.34456  27.050252      37.73 1.1673e+03    773.783      18572  1030.3687  1030.3664    34.3732    34.3705    8.03449         32 0.0000e+00
    586.000    579.116     0.0523  28.874104     0.0544  28.873918     4.6988     4.7663    -0.0084    94.9744 1.0000e-12  -74.17528 -113.34456  27.050272      36.90 1.1675e+03    775.515      18613  1030.3733  1030.3711    34.3732    34.3706    8.03442         42 0.0000e+00
    587.000    580.102     0.0523  28.874590     0.0545  28.874426     4.7038     4.7679    -0.0081    94.9550 1.0000e-12  -74.17528 -113.34456  27.050292      35.63 1.1725e+03    777.231      18655  1030.3781  1030.3758    34.3733    34.3706    8.03442         39 0.0000e+00
    588.000    581.089     0.0527  28.875414     0.0546  28.875058     4.7022     4.7648    -0.0037    94.9362 1.0000e-12  -74.17528 -113.34456  27.050312      34.84 1.1775e+03    778.986      18697  1030.3828  1030.3806    34.3733    34.3707    8.03433         43 0.0000e+00
