ocean_section_plots/required_files/ctd/dnbp2202_ctd167.cnv
* Sea-Bird SBE 9 Data File:
* FileName = D:\Data\raw\NBP2202_CTD167.hex
* Software Version Seasave V 7.26.7.121
* Temperature SN = 1649
* Conductivity SN = 2513
* Number of Bytes Per Scan = 40
* Number of Voltage Words = 5
* Number of Scans Averaged by the Deck Unit = 1
* NMEA Latitude = 74 23.57 S
* NMEA Longitude = 110 05.15 W
* NMEA UTC (Time) = Feb 03 2022  05:20:45
* NMEA baud rate = 9600
** Ship: RVIB N.B. Palmer
** Cruise: NBP2202 Thwaites
** Station: 89
** Operator: B Bjork
# nquan = 28
# nvalues = 1288                        
# units = specified
# name 0 = prDM: Pressure, Digiquartz [db]
# name 1 = depSM: Depth [salt water, m]
# name 2 = t090C: Temperature [ITS-90, deg C]
# name 3 = c0mS/cm: Conductivity [mS/cm]
# name 4 = t190C: Temperature, 2 [ITS-90, deg C]
# name 5 = c1mS/cm: Conductivity, 2 [mS/cm]
# name 6 = sbeox0ML/L: Oxygen, SBE 43 [ml/l]
# name 7 = sbeox1ML/L: Oxygen, SBE 43, 2 [ml/l]
# name 8 = flECO-AFL: Fluorescence, WET Labs ECO-AFL/FL [mg/m^3]
# name 9 = CStarTr0: Beam Transmission, WET Labs C-Star [%]
# name 10 = par: PAR/Irradiance, Biospherical/Licor
# name 11 = latitude: Latitude [deg]
# name 12 = longitude: Longitude [deg]
# name 13 = timeJ: Julian Days
# name 14 = altM: Altimeter [m]
# name 15 = spar: SPAR, Biospherical/Licor
# name 16 = timeS: Time, Elapsed [seconds]
# name 17 = scan: Scan Count
# name 18 = density00: Density [density, kg/m^3]
# name 19 = density11: Density, 2 [density, kg/m^3]
# name 20 = v3: Voltage 3
# name 21 = v4: Voltage 4
# name 22 = v5: Voltage 5
# name 23 = sal00: Salinity, Practical [PSU]
# name 24 = sal11: Salinity, Practical, 2 [PSU]
# name 25 = oxsolML/L: Oxygen Saturation, Garcia & Gordon [ml/l]
# name 26 = nbin: number of scans per bin
# name 27 = flag: flag
# span 0 =      2.000,   1289.000       
# span 1 =      1.971,   1271.710       
# span 2 =    -1.5801,     1.1145       
# span 3 =  26.795171,  30.343020       
# span 4 =    -1.5793,     1.1169       
# span 5 =  26.795209,  30.343086       
# span 6 =     4.3059,     5.7116       
# span 7 =     4.3690,     5.8021       
# span 8 =    -0.0279,     0.1112       
# span 9 =    98.5442,    99.6032       
# span 10 = 1.0000e-12, 8.0423e+01      
# span 11 =  -74.39296,  -74.39294      
# span 12 = -110.08596, -110.08592      
# span 13 =  34.223602,  34.240487      
# span 14 =      -2.87,     100.85      
# span 15 = 3.4809e+02, 4.6132e+02      
# span 16 =     74.179,   1533.051      
# span 17 =       1781,      36794      
# span 18 =  1027.1735,  1033.8171      
# span 19 =  1027.1734,  1033.8151      
# span 20 =     4.6748,     4.7250      
# span 21 =     0.0642,     0.0875      
# span 22 =     0.1101,     0.1418      
# span 23 =    33.7522,    34.7032      
# span 24 =    33.7535,    34.7009      
# span 25 =    7.79918,    8.42624      
# span 26 =         11,         49      
# span 27 = 0.0000e+00, 0.0000e+00      
# interval = decibars: 1                
# start_time = Feb 03 2022 05:20:45 [NMEA time, header]
# bad_flag = -9.990e-29
*END*
[from data line 518]
    520.000    513.969    -0.1071  28.684622    -0.1049  28.684335     4.9497     5.0567    -0.0074    99.1904 1.0000e-12  -74.39296 -110.08594  34.230731      99.92 4.1629e+02    690.197      16566  1030.0452  1030.0429     4.7054     0.0708     0.1209    34.3399    34.3371    8.06982         23 0.0000e+00
    521.000    514.953    -0.1072  28.685163    -0.1053  28.684659     4.9455     5.0510    -0.0150    99.1901 1.0000e-12  -74.39296 -110.08594  34.230743      99.91 4.1794e+02    691.208      16590  1030.0504  1030.0480     4.7054     0.0671     0.1255    34.3402    34.3373    8.06984         25 0.0000e+00
    522.000    515.941    -0.1063  28.686654    -0.1036  28.686731     4.9413     5.0542    -0.0197    99.2009 1.0000e-12  -74.39296 -110.08594  34.230755      99.92 4.1764e+02    692.193      16614  1030.0554  1030.0528     4.7059     0.0690     0.1234    34.3405    34.3376    8.06962         22 0.0000e+00
    523.000    516.928    -0.1049  28.688459    -0.1027  28.688140     4.9456     5.0492    -0.0178    99.1912 1.0000e-12  -74.39296 -110.08594  34.230765      80.86 4.1587e+02    693.082      16635  1030.0602  1030.0579     4.7054     0.0667     0.1222    34.3407    34.3379    8.06931         21 0.0000e+00
    524.000    517.917    -0.1031  28.690774    -0.1008  28.690501     4.9400     5.0446    -0.0132    99.2097 1.0000e-12  -74.39296 -110.08594  34.230776      93.50 4.1781e+02    694.045      16658  1030.0653  1030.0629     4.7063     0.0683     0.1238    34.3411    34.3383    8.06890         25 0.0000e+00
    525.000    518.903    -0.1022  28.691986    -0.1000  28.691787     4.9423     5.0455    -0.0123    99.2070 1.0000e-12  -74.39296 -110.08594  34.230788      99.98 4.1773e+02    695.073      16683  1030.0701  1030.0677     4.7062     0.0680     0.1212    34.3412    34.3385    8.06872         24 0.0000e+00
    526.000    519.890    -0.1008  28.693990    -0.0986  28.693704     4.9450     5.0383    -0.0118    99.1963 1.0000e-12  -74.39296 -110.08594  34.230800      99.91 4.1618e+02    696.082      16707  1030.0751  1030.0728     4.7056     0.0704     0.1206    34.3417    34.3389    8.06839         25 0.0000e+00
    527.000    520.877    -0.1001  28.695187    -0.0979  28.694948     4.9477     5.0471    -0.0121    99.2085 1.0000e-12  -74.39296 -110.08594  34.230811      99.91 4.1779e+02    697.079      16731  1030.0801  1030.0777     4.7062     0.0682     0.1209    34.3419    34.3391    8.06824         23 0.0000e+00
    528.000    521.865    -0.0995  28.696606    -0.0973  28.696497     4.9509     5.0503    -0.0147    99.2205 1.0000e-12  -74.39296 -110.08594  34.230822      99.91 4.1780e+02    697.982      16753  1030.0853  1030.0830     4.7069     0.0698     0.1197    34.3426    34.3399    8.06807         20 0.0000e+00
    529.000    522.851    -0.0994  28.697498    -0.0972  28.697377     4.9496     5.0505    -0.0184    99.2099 1.0000e-12  -74.39296 -110.08594  34.230831      99.91 4.1735e+02    698.833      16773  1030.0904  1030.0882     4.7064     0.0707     0.1214    34.3430    34.3404    8.06802         20 0.0000e+00
    530.000    523.839    -0.0969  28.700999    -0.0948  28.700536     4.9497     5.0512    -0.0110    99.2285 1.0000e-12  -74.39296 -110.08594  34.230841      99.92 4.1781e+02    699.690      16794  1030.0959  1030.0934     4.7073     0.0696     0.1204    34.3442    34.3413    8.06742         21 0.0000e+00
    531.000    524.827    -0.0925  28.706429    -0.0902  28.706061     4.9479     5.0519     0.0048    99.2355 1.0000e-12  -74.39296 -110.08594  34.230851      99.92 4.1780e+02    700.560      16814  1030.1016  1030.0990     4.7076     0.0695     0.1203    34.3459    34.3428    8.06640         21 0.0000e+00
    532.000    525.812    -0.0918  28.707372    -0.0896  28.707345     4.9508     5.0540    -0.0009    99.2266 1.0000e-12  -74.39296 -110.08594  34.230861      99.91 4.1780e+02    701.435      16835  1030.1063  1030.1041     4.7071     0.0686     0.1232    34.3458    34.3433    8.06627         21 0.0000e+00
    533.000    526.800    -0.0914  28.708663    -0.0892  28.708518     4.9556     5.0647    -0.0070    99.2150 1.0000e-12  -74.39296 -110.08594  34.230872      99.91 4.1780e+02    702.306      16856  1030.1116  1030.1093     4.7066     0.0698     0.1229    34.3465    34.3438    8.06614         22 0.0000e+00
    534.000    527.787    -0.0881  28.713263    -0.0858  28.713107     4.9647     5.0719    -0.0138    99.2230 1.0000e-12  -74.39296 -110.08594  34.230882      99.92 4.1780e+02    703.179      16877  1030.1175  1030.1151     4.7070     0.0695     0.1203    34.3483    34.3455    8.06534         20 0.0000e+00
    535.000    528.774    -0.0872  28.715020    -0.0850  28.714734     4.9717     5.0566    -0.0197    99.2172 1.0000e-12  -74.39296 -110.08594  34.230892      99.92 4.1751e+02    704.067      16899  1030.1227  1030.1204     4.7067     0.0695     0.1201    34.3490    34.3462    8.06510         22 0.0000e+00
    536.000    529.761    -0.0881  28.715350    -0.0860  28.715065     4.9723     5.0613    -0.0134    99.2079 1.0000e-12  -74.39296 -110.08594  34.230902      99.91 4.1668e+02    704.974      16920  1030.1282  1030.1259     4.7062     0.0687     0.1189    34.3498    34.3471    8.06525         22 0.0000e+00
    537.000    530.748    -0.0878  28.716599    -0.0856  28.716319     4.9844     5.0847    -0.0174    99.2231 1.0000e-12  -74.39296 -110.08594  34.230913      97.33 4.1724e+02    705.895      16942  1030.1336  1030.1312     4.7070     0.0701     0.1227    34.3506    34.3478    8.06514         22 0.0000e+00
    538.000    531.736    -0.0879  28.717422    -0.0858  28.717053     5.0242     5.1258    -0.0157    99.2160 1.0000e-12  -74.39296 -110.08594  34.230924      86.94 4.1611e+02    706.823      16965  1030.1388  1030.1365     4.7066     0.0689     0.1228    34.3512    34.3484    8.06513         22 0.0000e+00
    539.000    532.723    -0.1079  28.700062    -0.1062  28.699961     5.0445     5.1468    -0.0128    99.2287 1.0000e-12  -74.39296 -110.08594  34.230935      96.71 4.1550e+02    707.750      16987  1030.1445  1030.1428     4.7073     0.0694     0.1213    34.3500    34.3480    8.06941         23 0.0000e+00
    540.000    533.708    -0.1303  28.680776    -0.1286  28.680636     5.0254     5.1249    -0.0143    99.2243 1.0000e-12  -74.39296 -110.08594  34.230945      99.89 4.1604e+02    708.680      17009  1030.1504  1030.1487     4.7070     0.0689     0.1235    34.3490    34.3469    8.07421         22 0.0000e+00
    541.000    534.696    -0.1368  28.677533    -0.1328  28.678701     4.9979     5.1021    -0.0180    99.2195 1.0000e-12  -74.39296 -110.08594  34.230956      99.91 4.1604e+02    709.608      17032  1030.1575  1030.1548     4.7068     0.0703     0.1189    34.3514    34.3484    8.07545         22 0.0000e+00
    542.000    535.685    -0.0907  28.721500    -0.0868  28.722031     4.9922     5.0955    -0.0119    99.2492 1.0000e-12  -74.39296 -110.08594  34.230967      99.92 4.1604e+02    710.531      17054  1030.1627  1030.1595     4.7082     0.0697     0.1213    34.3573    34.3538    8.06537         22 0.0000e+00
    543.000    536.670    -0.0818  28.729345    -0.0801  28.728691     4.9968     5.1001    -0.0176    99.2578 1.0000e-12  -74.39296 -110.08594  34.230978      99.92 4.1604e+02    711.465      17076  1030.1666  1030.1643     4.7086     0.0689     0.1205    34.3573    34.3545    8.06351         23 0.0000e+00
    544.000    537.657    -0.0837  28.728037    -0.0813  28.728419     5.0055     5.1144    -0.0201    99.2733 1.0000e-12  -74.39296 -110.08594  34.230989      99.91 4.1596e+02    712.404      17099  1030.1714  1030.1694     4.7093     0.0697     0.1225    34.3571    34.3548    8.06392         23 0.0000e+00
    545.000    538.647    -0.0971  28.718575    -0.0949  28.718157     5.0060     5.1095    -0.0139    99.2799 1.0000e-12  -74.39296 -110.08594  34.231000      99.92 4.1502e+02    713.384      17122  1030.1788  1030.1763     4.7096     0.0716     0.1214    34.3589    34.3559    8.06664         24 0.0000e+00
    546.000    539.631    -0.0868  28.729636    -0.0832  28.730566     4.9933     5.1005    -0.0135    99.2766 1.0000e-12  -74.39296 -110.08594  34.231012      99.92 4.1613e+02    714.431      17147  1030.1846  1030.1822     4.7095     0.0698     0.1202    34.3614    34.3587    8.06432         25 0.0000e+00
    547.000    540.619    -0.0716  28.745695    -0.0689  28.745657     4.9876     5.0934    -0.0153    99.2898 1.0000e-12  -74.39296 -110.08594  34.231024      99.92 4.1591e+02    715.500      17173  1030.1909  1030.1883     4.7101     0.0685     0.1185    34.3651    34.3620    8.06091         27 0.0000e+00
    548.000    541.605    -0.0613  28.756430    -0.0583  28.756719     4.9909     5.0947    -0.0170    99.3101 1.0000e-12  -74.39296 -110.08593  34.231037      99.92 4.1473e+02    716.558      17198  1030.1964  1030.1939     4.7111     0.0702     0.1185    34.3671    34.3642    8.05862         25 0.0000e+00
    549.000    542.594    -0.0595  28.758924    -0.0578  28.758377     4.9734     5.0845    -0.0159    99.2901 1.0000e-12  -74.39296 -110.08593  34.231049      99.92 4.1604e+02    717.622      17224  1030.2017  1030.1995     4.7101     0.0699     0.1183    34.3679    34.3653    8.05821         25 0.0000e+00
    550.000    543.579    -0.0599  28.759801    -0.0551  28.761743     4.9391     5.0580    -0.0170    99.2925 1.0000e-12  -74.39296 -110.08593  34.231061      81.53 4.1493e+02    718.711      17250  1030.2074  1030.2048     4.7103     0.0674     0.1170    34.3688    34.3661    8.05823         26 0.0000e+00
    551.000    544.568    -0.0325  28.787606    -0.0295  28.787254     4.9056     5.0265    -0.0156    99.3473 1.0000e-12  -74.39296 -110.08592  34.231074      89.44 4.1263e+02    719.780      17276  1030.2140  1030.2107     4.7129     0.0678     0.1190    34.3743    34.3705    8.05216         26 0.0000e+00
    552.000    545.555    -0.0025  28.817766     0.0004  28.817714     4.8792     5.0019    -0.0173    99.3567 1.0000e-12  -74.39296 -110.08592  34.231086      99.86 4.1326e+02    720.849      17301  1030.2207  1030.2179     4.7133     0.0694     0.1192    34.3801    34.3768    8.04554         26 0.0000e+00
    553.000    546.541     0.0101  28.830120     0.0122  28.829484     4.8692     4.9881    -0.0125    99.3469 1.0000e-12  -74.39296 -110.08592  34.231099      99.92 4.1251e+02    721.938      17328  1030.2258  1030.2231     4.7128     0.0688     0.1197    34.3817    34.3785    8.04279         26 0.0000e+00
    554.000    547.527     0.0196  28.839710     0.0223  28.839928     4.8745     4.9897    -0.0091    99.3623 1.0000e-12  -74.39296 -110.08592  34.231111      99.91 4.1137e+02    723.010      17353  1030.2310  1030.2287     4.7136     0.0702     0.1190    34.3831    34.3804    8.04071         25 0.0000e+00
    555.000    548.516     0.0232  28.844001     0.0245  28.842727     4.8982     4.9983    -0.0051    99.3627 1.0000e-12  -74.39296 -110.08592  34.231124      99.92 4.1252e+02    724.074      17379  1030.2366  1030.2340     4.7136     0.0697     0.1201    34.3842    34.3811    8.03991         26 0.0000e+00
    556.000    549.502     0.0197  28.841557     0.0219  28.841484     4.8975     5.0030    -0.0125    99.3463 1.0000e-12  -74.39296 -110.08592  34.231136      99.91 4.1251e+02    725.148      17405  1030.2419  1030.2397     4.7129     0.0686     0.1209    34.3843    34.3817    8.04063         25 0.0000e+00
    557.000    550.488     0.0197  28.843149     0.0218  28.842517     4.9005     5.0041    -0.0125    99.3693 1.0000e-12  -74.39296 -110.08592  34.231148      99.91 4.1154e+02    726.217      17430  1030.2480  1030.2453     4.7139     0.0698     0.1158    34.3858    34.3826    8.04054         26 0.0000e+00
    558.000    551.476     0.0237  28.847387     0.0255  28.846583     4.8975     5.0031    -0.0139    99.3796 1.0000e-12  -74.39296 -110.08592  34.231161      99.91 4.1224e+02    727.270      17455  1030.2529  1030.2504     4.7144     0.0702     0.1167    34.3863    34.3832    8.03967         26 0.0000e+00
    559.000    552.464     0.0267  28.851041     0.0293  28.851073     4.8868     4.9947    -0.0153    99.3557 1.0000e-12  -74.39296 -110.08592  34.231173      99.91 4.1230e+02    728.343      17481  1030.2583  1030.2558     4.7132     0.0702     0.1172    34.3872    34.3843    8.03900         25 0.0000e+00
    560.000    553.449     0.0343  28.859568     0.0371  28.859734     4.8807     4.9757    -0.0048    99.3518 1.0000e-12  -74.39296 -110.08592  34.231185      99.92 4.1190e+02    729.408      17507  1030.2641  1030.2616     4.7131     0.0707     0.1165    34.3894    34.3864    8.03729         26 0.0000e+00
    561.000    554.438     0.0517  28.877807     0.0537  28.876911     4.8696     4.9749    -0.0189    99.3621 1.0000e-12  -74.39296 -110.08592  34.231197      99.92 4.1188e+02    730.458      17532  1030.2705  1030.2676     4.7136     0.0695     0.1170    34.3933    34.3899    8.03341         25 0.0000e+00
    562.000    555.423     0.0575  28.883912     0.0598  28.883596     4.8698     4.9710    -0.0113    99.3796 1.0000e-12  -74.39296 -110.08593  34.231210      99.91 4.1251e+02    731.524      17558  1030.2757  1030.2731     4.7144     0.0702     0.1204    34.3944    34.3913    8.03214         26 0.0000e+00
    563.000    556.410     0.0611  28.888387     0.0630  28.887806     4.8686     4.9710    -0.0118    99.3724 1.0000e-12  -74.39296 -110.08593  34.231222      82.36 4.1251e+02    732.589      17583  1030.2813  1030.2789     4.7140     0.0675     0.1167    34.3957    34.3928    8.03132         25 0.0000e+00
    564.000    557.398     0.0641  28.892119     0.0660  28.891598     4.8603     4.9682    -0.0103    99.3620 1.0000e-12  -74.39296 -110.08593  34.231234      96.22 4.1144e+02    733.637      17608  1030.2867  1030.2843     4.7136     0.0689     0.1180    34.3966    34.3938    8.03063         25 0.0000e+00
    565.000    558.384     0.0677  28.896233     0.0705  28.896387     4.8699     4.9782    -0.0191    99.3698 1.0000e-12  -74.39296 -110.08593  34.231247      99.96 4.1259e+02    734.702      17634  1030.2919  1030.2892     4.7139     0.0699     0.1188    34.3975    34.3944    8.02984         26 0.0000e+00
    566.000    559.372     0.0707  28.899815     0.0725  28.899180     4.8723     4.9806    -0.0116    99.3756 1.0000e-12  -74.39296 -110.08593  34.231259      99.91 4.1251e+02    735.770      17659  1030.2971  1030.2947     4.7142     0.0695     0.1182    34.3982    34.3954    8.02916         26 0.0000e+00
    567.000    560.359     0.0664  28.897078     0.0687  28.896587     4.8723     4.9754    -0.0115    99.3643 1.0000e-12  -74.39296 -110.08593  34.231271      99.92 4.1195e+02    736.822      17685  1030.3028  1030.3001     4.7137     0.0701     0.1181    34.3988    34.3957    8.03002         25 0.0000e+00
    568.000    561.345     0.0747  28.907123     0.0779  28.907168     4.8736     4.9744    -0.0108    99.3608 1.0000e-12  -74.39296 -110.08593  34.231283      99.92 4.1250e+02    737.883      17710  1030.3095  1030.3064     4.7135     0.0696     0.1174    34.4022    34.3987    8.02809         26 0.0000e+00
    569.000    562.332     0.0853  28.917449     0.0865  28.916447     4.8831     4.9801    -0.0106    99.3683 1.0000e-12  -74.39296 -110.08593  34.231296      99.92 4.1237e+02    738.956      17736  1030.3142  1030.3120     4.7139     0.0676     0.1210    34.4033    34.4006    8.02581         25 0.0000e+00
    570.000    563.321     0.0817  28.915177     0.0835  28.914635     4.8888     4.9866    -0.0119    99.3834 1.0000e-12  -74.39296 -110.08593  34.231308      99.91 4.1144e+02    740.008      17761  1030.3199  1030.3175     4.7146     0.0689     0.1180    34.4038    34.4010    8.02655         26 0.0000e+00
