ocean_section_plots/required_files/ctd/dnbp2202_ctd284.cnv
* Sea-Bird SBE 9 Data File:
* FileName = D:\Data\raw\NBP2202_CTD284.hex
* Software Version Seasave V 7.26.7.121
* Temperature SN = 1649
* Conductivity SN = 2513
* Number of Bytes Per Scan = 40
* Number of Voltage Words = 5
* Number of Scans Averaged by the Deck Unit = 1
* NMEA Latitude = 74 08.78 S
* NMEA Longitude = 115 22.58 W
* NMEA UTC (Time) = Feb 22 2022  10:26:55
* NMEA baud rate = 9600
** Ship: RVIB N.B. Palmer
** Cruise: NBP2202 Thwaites
** Station: 186
** Operator: B. Bjork
# nquan = 28
# nvalues = 1136                        
# units = specified
# name 0 = prDM: Pressure, Digiquartz [db]
# name 1 = depSM: Depth [salt water, m]
# name 2 = t090C: Temperature [ITS-90, deg C]
# name 3 = c0mS/cm: Conductivity [mS/cm]
# name 4 = t190C: Temperature, 2 [ITS-90, deg C]
# name 5 = c1mS/cm: Conductivity, 2 [mS/cm]
# name 6 = sbeox0ML/L: Oxygen, SBE 43 [ml/l]
# name 7 = sbeox1ML/L: Oxygen, SBE 43, 2 [ml/l]
# name 8 = flECO-AFL: Fluorescence, WET Labs ECO-AFL/FL [mg/m^3]
# name 9 = CStarTr0: Beam Transmission, WET Labs C-Star [%]
# name 10 = par: PAR/Irradiance, Biospherical/Licor
# name 11 = latitude: Latitude [deg]
# name 12 = longitude: Longitude [deg]
# name 13 = timeJ: Julian Days
# name 14 = altM: Altimeter [m]
# name 15 = spar: SPAR, Biospherical/Licor
# name 16 = timeS: Time, Elapsed [seconds]
# name 17 = scan: Scan Count
# name 18 = density00: Density [density, kg/m^3]
# name 19 = density11: Density, 2 [density, kg/m^3]
# name 20 = v3: Voltage 3
# name 21 = v4: Voltage 4
# name 22 = v5: Voltage 5
# name 23 = sal00: Salinity, Practical [PSU]
# name 24 = sal11: Salinity, Practical, 2 [PSU]
# name 25 = oxsolML/L: Oxygen Saturation, Garcia & Gordon [ml/l]
# name 26 = nbin: number of scans per bin
# name 27 = flag: flag
# span 0 =      3.000,   1138.000       
# span 1 =      2.968,   1123.155       
# span 2 =    -1.8531,     0.5385       
# span 3 =  26.899333,  29.671604       
# span 4 =    -1.8526,     0.5408       
# span 5 =  26.900109,  29.672537       
# span 6 =     4.4573,     9.2278       
# span 7 =     4.5537,     9.5446       
# span 8 =     0.0126,     8.6223       
# span 9 =    89.1716,    98.7344       
# span 10 = 1.0000e-12, 2.0966e+00      
# span 11 =  -74.14636,  -74.14632      
# span 12 = -115.37650, -115.37642      
# span 13 =  53.438350,  53.453533      
# span 14 =       3.80,     100.30      
# span 15 = 1.7627e+01, 3.1772e+01      
# span 16 =    258.464,   1570.264      
# span 17 =       6204,      37687      
# span 18 =  1027.1729,  1033.0618      
# span 19 =  1027.1756,  1033.0605      
# span 20 =     4.2302,     4.6838      
# span 21 =     0.0679,     1.8784      
# span 22 =     0.1053,     0.2433      
# span 23 =    33.8016,    34.5603      
# span 24 =    33.8037,    34.5585      
# span 25 =    7.92333,    8.47019      
# span 26 =         16,         47      
# span 27 = 0.0000e+00, 0.0000e+00      
# interval = decibars: 1                
# start_time = Feb 22 2022 10:26:55 [NMEA time, header]
# bad_flag = -9.990e-29
*END*
[from data line 881]
    884.000    872.992     0.5156  29.537977     0.5182  29.538679     4.5653     4.6673     0.0796    98.5772 1.0000e-12  -74.14632 -115.37648  53.449663      99.86 2.3194e+01   1235.910      29663  1031.8783  1031.8766     4.6763     0.0831     0.1108    34.5540    34.5521    7.92832         25 0.0000e+00
    885.000    873.979     0.5158  29.538551     0.5182  29.539055     4.5621     4.6706     0.0832    98.5336 1.0000e-12  -74.14632 -115.37648  53.449676      99.86 2.2630e+01   1236.968      29688  1031.8830  1031.8812     4.6743     0.0816     0.1096    34.5541    34.5520    7.92830         25 0.0000e+00
    886.000    874.963     0.5157  29.538970     0.5182  29.539619     4.5663     4.6686     0.1024    98.5658 1.0000e-12  -74.14632 -115.37647  53.449688      97.51 2.2235e+01   1238.033      29714  1031.8878  1031.8860     4.6758     0.0832     0.1137    34.5542    34.5521    7.92831         26 0.0000e+00
    887.000    875.949     0.5162  29.539937     0.5188  29.540564     4.5666     4.6645     0.0781    98.5595 1.0000e-12  -74.14632 -115.37648  53.449700      85.51 2.3521e+01   1239.099      29739  1031.8924  1031.8906     4.6755     0.0808     0.1143    34.5542    34.5522    7.92819         26 0.0000e+00
    888.000    876.935     0.5168  29.540894     0.5193  29.541501     4.5665     4.6656     0.0808    98.5730 1.0000e-12  -74.14632 -115.37646  53.449713      97.48 2.3132e+01   1240.158      29765  1031.8971  1031.8953     4.6761     0.0822     0.1133    34.5543    34.5523    7.92808         25 0.0000e+00
    889.000    877.920     0.5171  29.541649     0.5197  29.542360     4.5669     4.6668     0.1348    98.4912 1.0000e-12  -74.14632 -115.37646  53.449725      99.88 2.2419e+01   1241.215      29790  1031.9018  1031.9000     4.6723     0.0812     0.1156    34.5543    34.5524    7.92801         25 0.0000e+00
    890.000    878.906     0.5170  29.541996     0.5197  29.542773     4.5604     4.6698     0.0793    98.4892 1.0000e-12  -74.14632 -115.37646  53.449737      99.86 2.3657e+01   1242.266      29815  1031.9065  1031.9047     4.6722     0.0840     0.1120    34.5544    34.5524    7.92803         26 0.0000e+00
    891.000    879.890     0.5174  29.542762     0.5199  29.543407     4.5585     4.6688     0.1003    98.5622 1.0000e-12  -74.14632 -115.37646  53.449749      99.86 2.2923e+01   1243.325      29841  1031.9111  1031.9093     4.6756     0.0841     0.1120    34.5544    34.5524    7.92795         25 0.0000e+00
    892.000    880.878     0.5183  29.544094     0.5208  29.544812     4.5629     4.6692     0.0732    98.5730 1.0000e-12  -74.14632 -115.37646  53.449761      99.87 2.2429e+01   1244.363      29866  1031.9158  1031.9141     4.6761     0.0837     0.1114    34.5545    34.5527    7.92776         25 0.0000e+00
    893.000    881.861     0.5186  29.544878     0.5211  29.545511     4.5638     4.6694     0.0892    98.5803 1.0000e-12  -74.14632 -115.37646  53.449773      99.86 2.3204e+01   1245.387      29890  1031.9205  1031.9187     4.6765     0.0827     0.1114    34.5547    34.5526    7.92769         24 0.0000e+00
    894.000    882.848     0.5188  29.545573     0.5213  29.546239     4.5623     4.6712     0.1316    98.5182 1.0000e-12  -74.14632 -115.37646  53.449785      99.86 2.2838e+01   1246.413      29915  1031.9252  1031.9234     4.6734     0.0831     0.1134    34.5547    34.5528    7.92764         24 0.0000e+00
    895.000    883.833     0.5188  29.546037     0.5214  29.546722     4.5605     4.6668     0.1267    98.3210 1.0000e-12  -74.14632 -115.37646  53.449797      99.85 2.1993e+01   1247.426      29939  1031.9299  1031.9281     4.6643     0.0882     0.1104    34.5547    34.5528    7.92763         25 0.0000e+00
    896.000    884.818     0.5188  29.546434     0.5213  29.547100     4.5643     4.6613     0.1063    98.4210 1.0000e-12  -74.14632 -115.37646  53.449808      99.86 2.3217e+01   1248.442      29964  1031.9345  1031.9328     4.6689     0.0845     0.1115    34.5547    34.5528    7.92764         24 0.0000e+00
    897.000    885.804     0.5185  29.546557     0.5210  29.547239     4.5680     4.6636     0.0768    98.4156 1.0000e-12  -74.14632 -115.37646  53.449820      99.86 2.3480e+01   1249.454      29988  1031.9392  1031.9375     4.6687     0.0986     0.1132    34.5547    34.5527    7.92771         25 0.0000e+00
    898.000    886.789     0.5182  29.546822     0.5208  29.547481     4.5661     4.6683     0.0721    98.5723 1.0000e-12  -74.14632 -115.37646  53.449832      97.67 2.1751e+01   1250.481      30013  1031.9439  1031.9422     4.6761     0.0878     0.1131    34.5547    34.5528    7.92776         25 0.0000e+00
    899.000    887.774     0.5179  29.546959     0.5202  29.547373     4.5639     4.6670     0.1176    98.5393 1.0000e-12  -74.14632 -115.37646  53.449844      77.20 2.3053e+01   1251.538      30038  1031.9487  1031.9468     4.6746     0.0787     0.1108    34.5548    34.5527    7.92783         25 0.0000e+00
    900.000    888.760     0.5178  29.547335     0.5206  29.548162     4.5644     4.6644     0.1077    98.4368 1.0000e-12  -74.14632 -115.37646  53.449857      87.82 2.3395e+01   1252.614      30064  1031.9534  1031.9514     4.6696     0.0934     0.1110    34.5548    34.5527    7.92785         26 0.0000e+00
    901.000    889.746     0.5175  29.547491     0.5200  29.548147     4.5616     4.6576     0.0698    98.3728 1.0000e-12  -74.14632 -115.37646  53.449869      99.96 2.2255e+01   1253.717      30090  1031.9580  1031.9562     4.6666     0.0992     0.1118    34.5547    34.5528    7.92791         27 0.0000e+00
    902.000    890.730     0.5179  29.548386     0.5204  29.548988     4.5524     4.6634     0.0742    98.5462 1.0000e-12  -74.14632 -115.37646  53.449882      99.87 2.2784e+01   1254.829      30117  1031.9627  1031.9609     4.6749     0.0811     0.1107    34.5548    34.5528    7.92781         27 0.0000e+00
    903.000    891.715     0.5181  29.548992     0.5209  29.549760     4.5647     4.6629     0.1465    98.5795 1.0000e-12  -74.14632 -115.37646  53.449895      99.86 2.3131e+01   1255.922      30143  1031.9674  1031.9654     4.6765     0.0845     0.1139    34.5549    34.5528    7.92777         25 0.0000e+00
    904.000    892.702     0.5188  29.550061     0.5212  29.550556     4.5604     4.6653     0.1433    98.5693 1.0000e-12  -74.14632 -115.37646  53.449907      99.86 2.1959e+01   1256.988      30169  1031.9720  1031.9702     4.6760     0.0818     0.1095    34.5550    34.5529    7.92763         26 0.0000e+00
    905.000    893.686     0.5205  29.552009     0.5230  29.552798     4.5646     4.6629     0.0788    98.5607 1.0000e-12  -74.14632 -115.37646  53.449919      99.86 2.3204e+01   1258.046      30194  1031.9766  1031.9749     4.6756     0.0852     0.1117    34.5550    34.5532    7.92727         25 0.0000e+00
    906.000    894.671     0.5211  29.553140     0.5236  29.553817     4.5629     4.6564     0.0780    98.5491 1.0000e-12  -74.14632 -115.37646  53.449931      99.87 2.2914e+01   1259.075      30219  1031.9814  1031.9796     4.6750     0.0810     0.1116    34.5553    34.5533    7.92714         24 0.0000e+00
    907.000    895.657     0.5212  29.553714     0.5237  29.554352     4.5610     4.6587     0.0604    98.5048 1.0000e-12  -74.14632 -115.37646  53.449943      99.87 2.1803e+01   1260.074      30243  1031.9861  1031.9843     4.6729     0.0797     0.1132    34.5553    34.5533    7.92712         24 0.0000e+00
    908.000    896.642     0.5211  29.554135     0.5237  29.554787     4.5558     4.6610     0.0634    98.6016 1.0000e-12  -74.14632 -115.37648  53.449954      99.86 2.3060e+01   1261.059      30266  1031.9908  1031.9890     4.6775     0.0813     0.1116    34.5554    34.5533    7.92713         24 0.0000e+00
    909.000    897.628     0.5203  29.553736     0.5228  29.554393     4.5614     4.6628     0.0973    98.5872 1.0000e-12  -74.14632 -115.37648  53.449966      99.86 2.3682e+01   1262.039      30290  1031.9954  1031.9936     4.6768     0.0811     0.1127    34.5552    34.5533    7.92731         23 0.0000e+00
    910.000    898.614     0.5201  29.554084     0.5227  29.554820     4.5537     4.6628     0.0732    98.5762 1.0000e-12  -74.14632 -115.37648  53.449977      99.86 2.2126e+01   1263.010      30313  1032.0002  1031.9984     4.6763     0.0813     0.1127    34.5553    34.5534    7.92734         24 0.0000e+00
    911.000    899.598     0.5210  29.555356     0.5236  29.556045     4.5487     4.6650     0.0546    98.5494 1.0000e-12  -74.14632 -115.37647  53.449988      99.81 2.2680e+01   1263.988      30337  1032.0048  1032.0030     4.6750     0.0905     0.1178    34.5554    34.5534    7.92716         23 0.0000e+00
    912.000    900.584     0.5214  29.556149     0.5239  29.556798     4.5586     4.6618     0.0611    98.5137 1.0000e-12  -74.14632 -115.37646  53.450000      81.27 2.3404e+01   1264.991      30361  1032.0094  1032.0077     4.6733     0.0803     0.1137    34.5554    34.5535    7.92707         25 0.0000e+00
    913.000    901.569     0.5215  29.556751     0.5240  29.557364     4.5490     4.6585     0.0706    98.5669 1.0000e-12  -74.14632 -115.37646  53.450012      92.10 2.1690e+01   1266.009      30385  1032.0142  1032.0124     4.6758     0.0782     0.1103    34.5555    34.5535    7.92704         24 0.0000e+00
    914.000    902.554     0.5214  29.557028     0.5240  29.557690     4.5537     4.6576     0.0653    98.5884 1.0000e-12  -74.14632 -115.37648  53.450024      99.80 2.2418e+01   1267.034      30410  1032.0188  1032.0170     4.6769     0.0784     0.1110    34.5554    34.5534    7.92707         25 0.0000e+00
    915.000    903.540     0.5206  29.556656     0.5232  29.557397     4.5569     4.6548     0.0632    98.6182 1.0000e-12  -74.14634 -115.37648  53.450036      99.86 2.3963e+01   1268.075      30435  1032.0234  1032.0217     4.6783     0.0792     0.1105    34.5553    34.5534    7.92724         25 0.0000e+00
    916.000    904.525     0.5195  29.556182     0.5221  29.556929     4.5542     4.6598     0.0623    98.6349 1.0000e-12  -74.14634 -115.37648  53.450048      99.87 2.1790e+01   1269.124      30460  1032.0282  1032.0265     4.6791     0.0805     0.1124    34.5553    34.5534    7.92746         25 0.0000e+00
    917.000    905.511     0.5204  29.557384     0.5230  29.558153     4.5578     4.6625     0.0767    98.6246 1.0000e-12  -74.14634 -115.37648  53.450060      99.86 2.2565e+01   1270.167      30485  1032.0328  1032.0310     4.6786     0.0823     0.1126    34.5553    34.5534    7.92728         25 0.0000e+00
    918.000    906.496     0.5204  29.557758     0.5228  29.558474     4.5510     4.6624     0.0827    98.6211 1.0000e-12  -74.14634 -115.37648  53.450072      99.86 2.3733e+01   1271.194      30510  1032.0374  1032.0358     4.6785     0.0848     0.1109    34.5552    34.5535    7.92729         24 0.0000e+00
    919.000    907.481     0.5195  29.557560     0.5221  29.558143     4.5520     4.6629     0.0751    98.6120 1.0000e-12  -74.14634 -115.37648  53.450084      99.86 2.1964e+01   1272.232      30535  1032.0422  1032.0404     4.6780     0.0801     0.1103    34.5554    34.5533    7.92745         26 0.0000e+00
    920.000    908.466     0.5193  29.557714     0.5218  29.558406     4.5541     4.6609     0.0766    98.6169 1.0000e-12  -74.14634 -115.37648  53.450096      99.86 2.2404e+01   1273.274      30560  1032.0469  1032.0451     4.6782     0.0787     0.1095    34.5553    34.5534    7.92751         24 0.0000e+00
    921.000    909.451     0.5193  29.558162     0.5218  29.558878     4.5526     4.6535     0.0729    98.6424 1.0000e-12  -74.14634 -115.37646  53.450108      99.86 2.3420e+01   1274.301      30584  1032.0515  1032.0498     4.6795     0.0792     0.1128    34.5553    34.5534    7.92751         25 0.0000e+00
    922.000    910.436     0.5194  29.558764     0.5219  29.559355     4.5487     4.6554     0.0729    98.6394 1.0000e-12  -74.14634 -115.37646  53.450119      99.86 2.1682e+01   1275.305      30608  1032.0563  1032.0544     4.6793     0.0791     0.1088    34.5554    34.5534    7.92748         24 0.0000e+00
    923.000    911.422     0.5195  29.559154     0.5219  29.559798     4.5530     4.6568     0.0729    98.6330 1.0000e-12  -74.14634 -115.37646  53.450131      99.86 2.2104e+01   1276.299      30632  1032.0607  1032.0591     4.6790     0.0814     0.1126    34.5552    34.5534    7.92747         24 0.0000e+00
    924.000    912.408     0.5193  29.559424     0.5218  29.560174     4.5608     4.6592     0.0726    98.6191 1.0000e-12  -74.14634 -115.37646  53.450142      77.16 2.3420e+01   1277.304      30656  1032.0654  1032.0638     4.6784     0.0760     0.1104    34.5552    34.5535    7.92750         24 0.0000e+00
    925.000    913.394     0.5192  29.559884     0.5217  29.560596     4.5530     4.6513     0.0556    98.6061 1.0000e-12  -74.14634 -115.37646  53.450154      89.30 2.2004e+01   1278.331      30681  1032.0702  1032.0685     4.6778     0.0777     0.1117    34.5554    34.5535    7.92752         25 0.0000e+00
    926.000    914.377     0.5195  29.560479     0.5219  29.561124     4.5561     4.6447     0.0628    98.6419 1.0000e-12  -74.14634 -115.37646  53.450166      99.97 2.1814e+01   1279.365      30706  1032.0748  1032.0731     4.6794     0.0806     0.1109    34.5553    34.5535    7.92747         24 0.0000e+00
    927.000    915.365     0.5196  29.561178     0.5221  29.561830     4.5526     4.6501     0.0718    98.6536 1.0000e-12  -74.14634 -115.37646  53.450178      99.86 2.3124e+01   1280.399      30731  1032.0795  1032.0778     4.6800     0.0979     0.1119    34.5555    34.5535    7.92743         26 0.0000e+00
    928.000    916.348     0.5203  29.562242     0.5227  29.562827     4.5577     4.6541     0.0643    98.6609 1.0000e-12  -74.14634 -115.37648  53.450190      99.86 2.1816e+01   1281.437      30755  1032.0842  1032.0824     4.6803     0.1069     0.1117    34.5555    34.5536    7.92729         24 0.0000e+00
    929.000    917.334     0.5207  29.563056     0.5230  29.563617     4.5522     4.6579     0.0903    98.1893 1.0000e-12  -74.14634 -115.37646  53.450202      99.86 2.1860e+01   1282.467      30780  1032.0889  1032.0872     4.6580     0.0819     0.1096    34.5556    34.5537    7.92721         25 0.0000e+00
    930.000    918.318     0.5209  29.563620     0.5233  29.564287     4.5518     4.6552     0.0910    98.5522 1.0000e-12  -74.14634 -115.37648  53.450214      99.86 2.3272e+01   1283.502      30805  1032.0934  1032.0918     4.6752     0.0806     0.1101    34.5555    34.5537    7.92717         25 0.0000e+00
    931.000    919.303     0.5209  29.564209     0.5233  29.564770     4.5560     4.6546     0.0671    98.6180 1.0000e-12  -74.14634 -115.37647  53.450226      99.86 2.1990e+01   1284.551      30830  1032.0983  1032.0965     4.6783     0.0808     0.1094    34.5558    34.5538    7.92716         25 0.0000e+00
    932.000    920.290     0.5209  29.564669     0.5234  29.565329     4.5524     4.6592     0.2170    98.5729 1.0000e-12  -74.14634 -115.37647  53.450238      99.87 2.1930e+01   1285.589      30855  1032.1030  1032.1013     4.6761     0.0786     0.1092    34.5558    34.5539    7.92715         25 0.0000e+00
    933.000    921.275     0.5210  29.565223     0.5234  29.565834     4.5522     4.6507     0.1819    98.5968 1.0000e-12  -74.14634 -115.37647  53.450250      99.86 2.3128e+01   1286.624      30880  1032.1076  1032.1059     4.6773     0.0786     0.1122    34.5558    34.5539    7.92713         25 0.0000e+00
    934.000    922.260     0.5210  29.565615     0.5235  29.566359     4.5509     4.6480     0.0628    98.6157 1.0000e-12  -74.14634 -115.37647  53.450262      99.86 2.2407e+01   1287.640      30904  1032.1122  1032.1106     4.6782     0.0768     0.1124    34.5558    34.5539    7.92713         24 0.0000e+00
