ocean_section_plots/required_files/ctd/dnbp2202_ctd150.cnv
* Sea-Bird SBE 9 Data File:
* FileName = D:\Data\raw\NBP2202_CTD150.hex
* Software Version Seasave V 7.26.7.121
* Temperature SN = 1649
* Conductivity SN = 2513
* Number of Bytes Per Scan = 40
* Number of Voltage Words = 5
* Number of Scans Averaged by the Deck Unit = 1
* NMEA Latitude = 74 06.59 S
* NMEA Longitude = 113 19.33 W
* NMEA UTC (Time) = Jan 31 2022  11:24:36
* NMEA baud rate = 9600
** Ship: RVIB N.B. Palmer
** Cruise: NBP2202 Thwaites
** Station: 77
** Operator: B. Bjork
# nquan = 28
# nvalues = 422                         
# units = specified
# name 0 = prDM: Pressure, Digiquartz [db]
# name 1 = depSM: Depth [salt water, m]
# name 2 = t090C: Temperature [ITS-90, deg C]
# name 3 = c0mS/cm: Conductivity [mS/cm]
# name 4 = t190C: Temperature, 2 [ITS-90, deg C]
# name 5 = c1mS/cm: Conductivity, 2 [mS/cm]
# name 6 = sbeox0ML/L: Oxygen, SBE 43 [ml/l]
# name 7 = sbeox1ML/L: Oxygen, SBE 43, 2 [ml/l]
# name 8 = flECO-AFL: Fluorescence, WET Labs ECO-AFL/FL [mg/m^3]
# name 9 = CStarTr0: Beam Transmission, WET Labs C-Star [%]
# name 10 = par: PAR/Irradiance, Biospherical/Licor
# name 11 = latitude: Latitude [deg]
# name 12 = longitude: Longitude [deg]
# name 13 = timeJ: Julian Days
# name 14 = altM: Altimeter [m]
# name 15 = spar: SPAR, Biospherical/Licor
# name 16 = timeS: Time, Elapsed [seconds]
# name 17 = scan: Scan Count
# name 18 = density00: Density [density, kg/m^3]
# name 19 = density11: Density, 2 [density, kg/m^3]
# name 20 = v3: Voltage 3
# name 21 = v4: Voltage 4
# name 22 = v5: Voltage 5
# name 23 = sal00: Salinity, Practical [PSU]
# name 24 = sal11: Salinity, Practical, 2 [PSU]
# name 25 = oxsolML/L: Oxygen Saturation, Garcia & Gordon [ml/l]
# name 26 = nbin: number of scans per bin
# name 27 = flag: flag
# span 0 =      3.000,    424.000       
# span 1 =      2.972,    419.185       
# span 2 =    -1.4493,    -0.2034       
# span 3 =  27.012004,  28.510986       
# span 4 =    -1.4494,    -0.2014       
# span 5 =  27.010889,  28.510908       
# span 6 =     4.7895,     8.0470       
# span 7 =     4.8848,     8.2417       
# span 8 =    -0.0219,    24.8577       
# span 9 =    70.9629,    93.6498       
# span 10 = 1.0000e-12, 3.8137e+01      
# span 11 =  -74.10992,  -74.10990      
# span 12 = -113.32234, -113.32230      
# span 13 =  31.478236,  31.485613      
# span 14 =       4.18,     101.10      
# span 15 = 9.1505e+02, 9.8264e+02      
# span 16 =    243.622,    880.975      
# span 17 =       5848,      21144      
# span 18 =  1027.1972,  1029.5466      
# span 19 =  1027.1956,  1029.5444      
# span 20 =     3.3669,     4.4426      
# span 21 =     0.0641,     3.8655      
# span 22 =     0.1205,     0.2566      
# span 23 =    33.8018,    34.2750      
# span 24 =    33.8010,    34.2723      
# span 25 =    8.09389,    8.39114      
# span 26 =         14,         58      
# span 27 = 0.0000e+00, 0.0000e+00      
# interval = decibars: 1                
# start_time = Jan 31 2022 11:24:36 [NMEA time, header]
# bad_flag = -9.990e-29
*END*
[from data line 52]
     55.000     54.424    -1.0899  27.256583    -1.0889  27.256622     7.9944     8.2237    21.7295    72.3371 1.0000e-12  -74.10992 -113.32233  31.479539      99.97 9.3189e+02    356.131       8548  1027.4522  1027.4514     3.4321     3.1375     0.2153    33.8050    33.8040    8.31342         45 0.0000e+00
     56.000     55.413    -1.0891  27.257706    -1.0887  27.257298     7.9947     8.2231    21.9229    71.7363 1.0000e-12  -74.10992 -113.32232  31.479563      97.55 9.3240e+02    358.239       8599  1027.4570  1027.4562     3.4041     3.4197     0.2234    33.8051    33.8041    8.31324         42 0.0000e+00
     57.000     56.403    -1.0894  27.257856    -1.0886  27.257756     7.9912     8.2131    19.7387    71.3391 1.0000e-12  -74.10992 -113.32232  31.479585      99.12 9.3041e+02    360.128       8644  1027.4618  1027.4609     3.3848     3.2695     0.2036    33.8050    33.8039    8.31332         33 0.0000e+00
     58.000     57.391    -1.0899  27.257910    -1.0893  27.257725     7.9980     8.2162    19.7950    71.6924 1.0000e-12  -74.10992 -113.32232  31.479607      99.94 9.2979e+02    362.018       8689  1027.4667  1027.4659     3.4015     3.0450     0.1908    33.8050    33.8041    8.31343         38 0.0000e+00
     59.000     58.381    -1.0889  27.259365    -1.0883  27.259002     7.9950     8.2041    20.5094    71.5644 1.0000e-12  -74.10992 -113.32232  31.479631      99.98 9.3030e+02    364.146       8741  1027.4716  1027.4706     3.3956     3.2374     0.2566    33.8052    33.8041    8.31319         36 0.0000e+00
     60.000     59.371    -1.0862  27.262226    -1.0854  27.262047     7.9990     8.2134    21.9640    71.9862 1.0000e-12  -74.10992 -113.32232  31.479655      99.97 9.3087e+02    366.165       8789  1027.4764  1027.4754     3.4155     3.4046     0.2020    33.8054    33.8043    8.31257         33 0.0000e+00
     61.000     60.360    -1.0834  27.265251    -1.0827  27.265083     8.0033     8.2073    22.3044    72.3624 1.0000e-12  -74.10992 -113.32232  31.479677      99.97 9.3093e+02    368.110       8836  1027.4814  1027.4804     3.4333     3.3613     0.2106    33.8059    33.8048    8.31194         42 0.0000e+00
     62.000     61.349    -1.0831  27.265986    -1.0823  27.265929     8.0016     8.2133    22.1521    72.6838 1.0000e-12  -74.10992 -113.32232  31.479701      99.98 9.3076e+02    370.186       8885  1027.4862  1027.4853     3.4482     3.3844     0.1926    33.8059    33.8049    8.31187         46 0.0000e+00
     63.000     62.339    -1.0834  27.266131    -1.0828  27.265900     8.0036     8.2140    19.5095    73.2407 1.0000e-12  -74.10992 -113.32232  31.479723      97.93 9.3207e+02    372.101       8931  1027.4910  1027.4902     3.4749     3.3852     0.2020    33.8058    33.8048    8.31194         39 0.0000e+00
     64.000     63.328    -1.0838  27.266154    -1.0836  27.265487     7.9984     8.2134    23.2834    73.0473 1.0000e-12  -74.10992 -113.32232  31.479746      99.98 9.3451e+02    374.075       8979  1027.4958  1027.4948     3.4657     3.2629     0.2091    33.8057    33.8045    8.31204         38 0.0000e+00
     65.000     64.317    -1.0823  27.268558    -1.0817  27.268013     8.0002     8.2141    18.4274    73.5431 1.0000e-12  -74.10992 -113.32232  31.479770      99.97 9.3457e+02    376.157       9029  1027.5012  1027.5000     3.4893     3.1082     0.2067    33.8066    33.8052    8.31164         43 0.0000e+00
     66.000     65.306    -1.0787  27.273066    -1.0785  27.272390     8.0014     8.2188    20.3630    72.4165 1.0000e-12  -74.10992 -113.32232  31.479792      99.98 9.3202e+02    378.011       9073  1027.5070  1027.5061     3.4358     3.2875     0.2169    33.8081    33.8070    8.31076         40 0.0000e+00
     67.000     66.296    -1.0780  27.274409    -1.0771  27.274365     8.0035     8.2266    19.4281    73.2946 1.0000e-12  -74.10992 -113.32232  31.479813      99.92 9.3377e+02    379.842       9117  1027.5122  1027.5112     3.4775     2.8648     0.1998    33.8086    33.8074    8.31058         40 0.0000e+00
     68.000     67.287    -1.0779  27.274897    -1.0772  27.274558     8.0077     8.2240    21.3636    71.1967 1.0000e-12  -74.10992 -113.32232  31.479838      99.96 9.3559e+02    381.993       9169  1027.5170  1027.5158     3.3783     3.4434     0.2249    33.8085    33.8072    8.31057         37 0.0000e+00
     69.000     68.275    -1.0751  27.277762    -1.0745  27.277451     8.0061     8.2203    18.8180    72.3526 1.0000e-12  -74.10992 -113.32232  31.479860      93.38 9.3440e+02    383.908       9215  1027.5217  1027.5208     3.4328     3.1042     0.2031    33.8087    33.8075    8.30994         36 0.0000e+00
     70.000     69.265    -1.0752  27.278464    -1.0745  27.278240     8.0087     8.2174    18.9213    71.9305 1.0000e-12  -74.10992 -113.32232  31.479881      99.89 9.3560e+02    385.749       9259  1027.5268  1027.5259     3.4128     3.1259     0.1980    33.8090    33.8079    8.30992         41 0.0000e+00
     71.000     70.255    -1.0739  27.279909    -1.0734  27.279606     8.0044     8.2286    17.1973    71.4801 1.0000e-12  -74.10992 -113.32232  31.479907      99.97 9.3766e+02    387.998       9313  1027.5316  1027.5307     3.3914     3.0744     0.1891    33.8090    33.8079    8.30965         38 0.0000e+00
     72.000     71.243    -1.0748  27.279496    -1.0743  27.279088     8.0000     8.2134    21.5713    72.3081 1.0000e-12  -74.10992 -113.32232  31.479932      99.98 9.3683e+02    390.086       9363  1027.5363  1027.5354     3.4307     3.3866     0.1930    33.8088    33.8077    8.30986         40 0.0000e+00
     73.000     72.231    -1.0748  27.280825    -1.0736  27.280908     7.9939     8.2055    19.8481    72.3582 1.0000e-12  -74.10992 -113.32232  31.479952      99.99 9.3709e+02    391.837       9405  1027.5420  1027.5409     3.4330     3.0874     0.1736    33.8099    33.8087    8.30978         42 0.0000e+00
     74.000     73.221    -1.0727  27.284474    -1.0717  27.284338     7.9896     8.2104    20.2199    71.2371 1.0000e-12  -74.10992 -113.32232  31.479974      99.97 9.3770e+02    393.742       9451  1027.5484  1027.5473     3.3800     3.1470     0.2025    33.8120    33.8107    8.30921         46 0.0000e+00
     75.000     74.210    -1.0729  27.285185    -1.0719  27.285006     7.9941     8.2112    22.8945    72.0967 1.0000e-12  -74.10992 -113.32231  31.479998      99.96 9.3622e+02    395.871       9502  1027.5536  1027.5524     3.4206     3.2630     0.2074    33.8125    33.8111    8.30921         42 0.0000e+00
     76.000     75.201    -1.0732  27.285350    -1.0722  27.285476     7.9807     8.2040    19.6744    70.9629 1.0000e-12  -74.10992 -113.32231  31.480019      97.46 9.3665e+02    397.653       9545  1027.5584  1027.5576     3.3669     2.8351     0.1767    33.8125    33.8115    8.30928         37 0.0000e+00
     77.000     76.188    -1.0747  27.285119    -1.0741  27.284866     7.9793     8.1912    19.3980    72.3338 1.0000e-12  -74.10992 -113.32231  31.480041      99.93 9.3694e+02    399.544       9590  1027.5640  1027.5630     3.4320     3.1154     0.2008    33.8133    33.8122    8.30958         43 0.0000e+00
     78.000     77.180    -1.0751  27.285556    -1.0743  27.285312     7.9726     8.1920    20.0797    71.9883 1.0000e-12  -74.10992 -113.32231  31.480065      99.96 9.3659e+02    401.638       9640  1027.5691  1027.5680     3.4156     2.8837     0.1816    33.8136    33.8124    8.30963         39 0.0000e+00
     79.000     78.168    -1.0752  27.285723    -1.0742  27.285666     7.9667     8.1803    18.0532    72.3463 1.0000e-12  -74.10992 -113.32231  31.480085      99.89 9.3776e+02    403.382       9682  1027.5737  1027.5726     3.4325     2.8088     0.2191    33.8134    33.8121    8.30967         37 0.0000e+00
     80.000     79.157    -1.0789  27.284178    -1.0804  27.282293     7.9330     8.1004    18.2841    72.6586 1.0000e-12  -74.10992 -113.32232  31.480107      99.94 9.3658e+02    405.238       9727  1027.5799  1027.5792     3.4478     3.2467     0.2129    33.8148    33.8139    8.31041         40 0.0000e+00
     81.000     80.145    -1.0856  27.278939    -1.0972  27.271712     7.6226     7.8051    18.6393    72.6015 1.0000e-12  -74.10992 -113.32232  31.480133      99.93 9.3808e+02    407.459       9780  1027.5849  1027.5882     3.4444     2.9927     0.2035    33.8146    33.8178    8.31191         47 0.0000e+00
     82.000     81.136    -1.1740  27.209819    -1.1848  27.203153     7.3939     7.6546    24.8577    72.0364 1.0000e-12  -74.10992 -113.32232  31.480155      95.59 9.3704e+02    409.403       9827  1027.5989  1027.6019     3.4177     2.7916     0.2198    33.8192    33.8222    8.33129         39 0.0000e+00
     83.000     82.124    -1.1934  27.197115    -1.1940  27.195705     7.4739     7.7368    20.9606    72.5379 1.0000e-12  -74.10992 -113.32232  31.480175      97.33 9.3822e+02    411.120       9868  1027.6075  1027.6064     3.4415     2.8940     0.1885    33.8230    33.8218    8.33537         40 0.0000e+00
     84.000     83.115    -1.1742  27.213290    -1.1495  27.230406     7.4938     7.7473    18.7717    72.7205 1.0000e-12  -74.10992 -113.32232  31.480198     100.00 9.3804e+02    413.153       9917  1027.6103  1027.6051     3.4504     3.0521     0.2028    33.8229    33.8184    8.33112         37 0.0000e+00
     85.000     84.104    -1.1827  27.205393    -1.1803  27.207679     7.2945     7.5321    19.3153    74.0330 1.0000e-12  -74.10992 -113.32232  31.480223      99.77 9.3763e+02    415.286       9968  1027.6140  1027.6142     3.5125     2.4714     0.1953    33.8211    33.8214    8.33312         37 0.0000e+00
     86.000     85.092    -1.2320  27.166955    -1.2301  27.169483     7.1554     7.3926    17.7563    73.3014 1.0000e-12  -74.10992 -113.32232  31.480244      99.69 9.3739e+02    417.091      10011  1027.6234  1027.6245     3.4778     2.3841     0.1805    33.8234    33.8248    8.34396         42 0.0000e+00
     87.000     86.082    -1.2510  27.152925    -1.2529  27.151995     7.0959     7.3216    17.9601    73.6347 1.0000e-12  -74.10992 -113.32232  31.480265      99.76 9.3691e+02    418.904      10055  1027.6302  1027.6310     3.4936     2.4859     0.1983    33.8251    33.8259    8.34812         38 0.0000e+00
     88.000     87.071    -1.2653  27.142462    -1.2601  27.146291     7.0062     7.2340    17.5776    74.1894 1.0000e-12  -74.10992 -113.32232  31.480288      99.53 9.3634e+02    420.905      10103  1027.6361  1027.6355     3.5199     2.1605     0.1859    33.8262    33.8256    8.35124         44 0.0000e+00
     89.000     88.060    -1.2819  27.129964    -1.2800  27.130929     6.9730     7.1756    18.9011    75.0351 1.0000e-12  -74.10991 -113.32232  31.480310      99.38 9.3781e+02    422.825      10149  1027.6424  1027.6417     3.5600     2.0652     0.1683    33.8272    33.8264    8.35489         45 0.0000e+00
     90.000     89.050    -1.2876  27.126623    -1.2860  27.127161     6.8842     7.0766    17.6631    75.4560 1.0000e-12  -74.10992 -113.32232  31.480333      99.30 9.3766e+02    424.775      10196  1027.6481  1027.6472     3.5800     2.1415     0.1629    33.8284    33.8274    8.35609         35 0.0000e+00
     91.000     90.039    -1.3074  27.113180    -1.3087  27.112705     6.7838     6.9807    16.1375    75.8419 1.0000e-12  -74.10992 -113.32232  31.480357      99.45 9.3650e+02    426.823      10245  1027.6563  1027.6571     3.5983     2.0209     0.1808    33.8318    33.8326    8.36034         44 0.0000e+00
     92.000     91.028    -1.3183  27.106037    -1.3184  27.105635     6.7841     6.9539    13.0728    77.8595 1.0000e-12  -74.10992 -113.32232  31.480378      99.33 9.3757e+02    428.632      10288  1027.6630  1027.6626     3.6941     1.7878     0.1881    33.8337    33.8332    8.36267         41 0.0000e+00
     93.000     92.018    -1.3189  27.105902    -1.3200  27.104927     6.6478     6.8027    13.2555    77.4025 1.0000e-12  -74.10992 -113.32232  31.480403      99.51 9.4041e+02    430.802      10340  1027.6672  1027.6672     3.6733     2.1426     0.1790    33.8336    33.8334    8.36281         35 0.0000e+00
     94.000     93.006    -1.3642  27.072635    -1.3715  27.068841     6.2424     6.4541    11.7300    78.7426 1.0000e-12  -74.10992 -113.32232  31.480428      99.38 9.4156e+02    433.010      10393  1027.6786  1027.6814     3.7358     1.7766     0.1627    33.8385    33.8415    8.37269         40 0.0000e+00
     95.000     93.996    -1.4440  27.013754    -1.4440  27.014687     6.0993     6.3224     9.8449    79.8674 1.0000e-12  -74.10992 -113.32232  31.480448      99.45 9.4090e+02    434.678      10433  1027.6947  1027.6956     3.7892     1.4212     0.1569    33.8472    33.8485    8.39012         40 0.0000e+00
     96.000     94.984    -1.4493  27.012004    -1.4494  27.010889     6.0190     6.2252     9.3963    80.9386 1.0000e-12  -74.10992 -113.32232  31.480471      97.48 9.3993e+02    436.656      10481  1027.7013  1027.7001     3.8402     1.7182     0.1705    33.8502    33.8488    8.39114         39 0.0000e+00
     97.000     95.974    -1.4304  27.033926    -1.4297  27.033024     5.9082     6.0886     8.9187    83.1702 1.0000e-12  -74.10992 -113.32232  31.480496      99.64 9.4060e+02    438.867      10534  1027.7108  1027.7091     3.9459     1.1740     0.1570    33.8583    33.8563    8.38639         44 0.0000e+00
     98.000     96.964    -1.4229  27.042615    -1.4223  27.042520     5.9009     6.0661     6.4747    84.5967 1.0000e-12  -74.10992 -113.32232  31.480516      99.67 9.4021e+02    440.622      10576  1027.7171  1027.7164     4.0134     0.9005     0.1468    33.8612    33.8603    8.38453         39 0.0000e+00
     99.000     97.953    -1.4225  27.043771    -1.4219  27.043610     5.8898     6.0520     5.5155    86.4528 1.0000e-12  -74.10992 -113.32232  31.480538      99.67 9.4011e+02    442.461      10620  1027.7220  1027.7212     4.1014     0.9468     0.1472    33.8617    33.8607    8.38441         43 0.0000e+00
    100.000     98.941    -1.4206  27.046557    -1.4204  27.045974     5.8848     6.0297     5.1646    87.1868 1.0000e-12  -74.10992 -113.32232  31.480563      99.74 9.4103e+02    444.605      10672  1027.7275  1027.7265     4.1364     0.7640     0.1546    33.8628    33.8617    8.38393         37 0.0000e+00
    101.000     99.930    -1.4203  27.047613    -1.4196  27.047431     5.8590     5.9982     4.6245    88.7747 1.0000e-12  -74.10992 -113.32232  31.480586      99.75 9.4138e+02    446.621      10720  1027.7325  1027.7316     4.2116     0.6968     0.1408    33.8633    33.8622    8.38383         43 0.0000e+00
    102.000    100.921    -1.4197  27.049537    -1.4191  27.049258     5.8118     5.9544     4.0864    88.6507 1.0000e-12  -74.10992 -113.32232  31.480608      99.17 9.3954e+02    448.548      10766  1027.7382  1027.7372     4.2056     0.6640     0.1396    33.8646    33.8634    8.38361         42 0.0000e+00
    103.000    101.908    -1.4197  27.051188    -1.4187  27.051043     5.7545     5.8926     4.2750    88.6503 1.0000e-12  -74.10992 -113.32232  31.480631      98.44 9.4120e+02    450.557      10814  1027.7442  1027.7432     4.2056     0.5487     0.1343    33.8662    33.8649    8.38350         47 0.0000e+00
    104.000    102.898    -1.4276  27.046908    -1.4274  27.046505     5.7204     5.8541     3.3547    88.9898 1.0000e-12  -74.10992 -113.32232  31.480654      99.75 9.4438e+02    452.493      10861  1027.7515  1027.7508     4.2218     0.5658     0.1350    33.8687    33.8679    8.38514         43 0.0000e+00
    105.000    103.885    -1.4362  27.041790    -1.4367  27.040519     5.6727     5.8069     3.4269    89.7978 1.0000e-12  -74.10992 -113.32232  31.480676      99.79 9.4161e+02    454.444      10908  1027.7584  1027.7575     4.2600     0.5005     0.1339    33.8707    33.8696    8.38696         37 0.0000e+00
