ocean_section_plots/required_files/ctd/dnbp2202_ctd186.cnv
* Sea-Bird SBE 9 Data File:
* FileName = D:\Data\raw\NBP2202_CTD186.hex
* Software Version Seasave V 7.26.7.121
* Temperature SN = 1649
* Conductivity SN = 2513
* Number of Bytes Per Scan = 40
* Number of Voltage Words = 5
* Number of Scans Averaged by the Deck Unit = 1
* NMEA Latitude = 74 10.07 S
* NMEA Longitude = 113 24.62 W
* NMEA UTC (Time) = Feb 07 2022  07:20:24
* NMEA baud rate = 9600
** Ship: RVIB N.B. Palmer
** Cruise: NBP2202 Thwaites
** Station: 107-
** Operator: B Bjork
# nquan = 28
# nvalues = 269                         
# units = specified
# name 0 = prDM: Pressure, Digiquartz [db]
# name 1 = depSM: Depth [salt water, m]
# name 2 = t090C: Temperature [ITS-90, deg C]
# name 3 = c0mS/cm: Conductivity [mS/cm]
# name 4 = t190C: Temperature, 2 [ITS-90, deg C]
# name 5 = c1mS/cm: Conductivity, 2 [mS/cm]
# name 6 = sbeox0ML/L: Oxygen, SBE 43 [ml/l]
# name 7 = sbeox1ML/L: Oxygen, SBE 43, 2 [ml/l]
# name 8 = flECO-AFL: Fluorescence, WET Labs ECO-AFL/FL [mg/m^3]
# name 9 = CStarTr0: Beam Transmission, WET Labs C-Star [%]
# name 10 = par: PAR/Irradiance, Biospherical/Licor
# name 11 = latitude: Latitude [deg]
# name 12 = longitude: Longitude [deg]
# name 13 = timeJ: Julian Days
# name 14 = altM: Altimeter [m]
# name 15 = spar: SPAR, Biospherical/Licor
# name 16 = timeS: Time, Elapsed [seconds]
# name 17 = scan: Scan Count
# name 18 = density00: Density [density, kg/m^3]
# name 19 = density11: Density, 2 [density, kg/m^3]
# name 20 = v3: Voltage 3
# name 21 = v4: Voltage 4
# name 22 = v5: Voltage 5
# name 23 = sal00: Salinity, Practical [PSU]
# name 24 = sal11: Salinity, Practical, 2 [PSU]
# name 25 = oxsolML/L: Oxygen Saturation, Garcia & Gordon [ml/l]
# name 26 = nbin: number of scans per bin
# name 27 = flag: flag
# span 0 =      2.000,    270.000       
# span 1 =      1.978,    267.033       
# span 2 =    -1.4225,    -0.7466       
# span 3 =  27.019361,  27.840343       
# span 4 =    -1.4230,    -0.7456       
# span 5 =  27.018916,  27.839697       
# span 6 =     5.0174,     9.0008       
# span 7 =     5.1534,     9.2702       
# span 8 =    -0.0200,    26.4073       
# span 9 =    75.0574,    98.4158       
# span 10 = -1.897e-04, 6.8955e+00      
# span 11 =  -74.16792,  -74.16792      
# span 12 = -113.41050, -113.41047      
# span 13 =  38.308424,  38.313144      
# span 14 =       4.08,     100.67      
# span 15 = 2.4680e+01, 3.0501e+01      
# span 16 =    223.878,    631.643      
# span 17 =       5374,      15160      
# span 18 =  1027.1741,  1028.6867      
# span 19 =  1027.1747,  1028.6852      
# span 20 =     3.5618,     4.6687      
# span 21 =     0.0630,     3.8252      
# span 22 =     0.1240,     0.2575      
# span 23 =    33.7858,    34.0794      
# span 24 =    33.7869,    34.0774      
# span 25 =    8.22191,    8.38441      
# span 26 =         22,         48      
# span 27 = 0.0000e+00, 0.0000e+00      
# interval = decibars: 1                
# start_time = Feb 07 2022 07:20:24 [NMEA time, header]
# bad_flag = -9.990e-29
*END*
[from data line 156]
    158.000    156.304    -1.0827  27.431356    -1.0824  27.430914     5.2417     5.3855     0.0207    98.2282 1.0000e-12  -74.16792 -113.41048  38.310914      99.83 2.6443e+01    438.987      10537  1028.0810  1028.0802     4.6598     0.0864     0.1281    33.9717    33.9707    8.30203         24 0.0000e+00
    159.000    157.294    -1.0860  27.428926    -1.0856  27.428436     5.2372     5.3846     0.0946    98.1881 1.0000e-12  -74.16792 -113.41048  38.310926      99.82 2.6443e+01    439.997      10561  1028.0858  1028.0849     4.6579     0.0702     0.1270    33.9715    33.9704    8.30277         25 0.0000e+00
    160.000    158.283    -1.0854  27.429905    -1.0853  27.429264     5.2333     5.3823     0.0166    98.2277 1.0000e-12  -74.16792 -113.41048  38.310938      99.83 2.6443e+01    440.998      10585  1028.0906  1028.0897     4.6598     0.0705     0.1277    33.9715    33.9704    8.30264         23 0.0000e+00
    161.000    159.271    -1.0849  27.431191    -1.0846  27.430688     5.2342     5.3819     0.0105    98.1529 1.0000e-12  -74.16792 -113.41048  38.310949      99.83 2.6443e+01    442.000      10609  1028.0957  1028.0949     4.6562     0.0701     0.1287    33.9720    33.9711    8.30249         25 0.0000e+00
    162.000    160.260    -1.0797  27.437510    -1.0789  27.437360     5.2376     5.3824     0.0131    98.2190 1.0000e-12  -74.16792 -113.41048  38.310961      99.83 2.6443e+01    443.024      10634  1028.1018  1028.1009     4.6594     0.0728     0.1274    33.9742    33.9731    8.30121         24 0.0000e+00
    163.000    161.250    -1.0795  27.438117    -1.0781  27.438580     5.2353     5.3827     0.0388    98.2963 1.0000e-12  -74.16792 -113.41048  38.310973      97.73 2.6443e+01    444.038      10658  1028.1066  1028.1058     4.6630     0.0725     0.1261    33.9741    33.9733    8.30116         24 0.0000e+00
    164.000    162.239    -1.0789  27.439080    -1.0784  27.438879     5.2324     5.3796     0.0276    98.2809 1.0000e-12  -74.16792 -113.41048  38.310984      99.85 2.6443e+01    445.030      10682  1028.1114  1028.1106     4.6623     0.0747     0.1262    33.9742    33.9733    8.30104         24 0.0000e+00
    165.000    163.227    -1.0779  27.440681    -1.0777  27.439908     5.2264     5.3751     0.0015    98.3417 1.0000e-12  -74.16792 -113.41048  38.310996      99.83 2.6443e+01    446.048      10706  1028.1164  1028.1155     4.6651     0.0715     0.1281    33.9746    33.9734    8.30078         25 0.0000e+00
    166.000    164.216    -1.0776  27.441635    -1.0775  27.440730     5.2272     5.3733     0.0121    98.3486 1.0000e-12  -74.16792 -113.41048  38.311008      99.82 2.6443e+01    447.060      10730  1028.1215  1028.1204     4.6655     0.0711     0.1264    33.9750    33.9736    8.30070         24 0.0000e+00
    167.000    165.206    -1.0771  27.442755    -1.0767  27.442087     5.2342     5.3785     0.0237    98.3657 1.0000e-12  -74.16792 -113.41048  38.311019      99.83 2.6443e+01    448.057      10754  1028.1266  1028.1255     4.6663     0.0699     0.1259    33.9753    33.9740    8.30057         24 0.0000e+00
    168.000    166.194    -1.0725  27.448295    -1.0726  27.447246     5.2274     5.3678     0.0469    98.0582 1.0000e-12  -74.16792 -113.41048  38.311031      99.83 2.6443e+01    449.090      10779  1028.1324  1028.1314     4.6518     0.0699     0.1269    33.9770    33.9757    8.29945         25 0.0000e+00
    169.000    167.182    -1.0696  27.451855    -1.0686  27.451694     5.2138     5.3612    -0.0032    98.3469 1.0000e-12  -74.16792 -113.41048  38.311043      99.83 2.6443e+01    450.123      10804  1028.1378  1028.1367     4.6654     0.0701     0.1261    33.9780    33.9767    8.29875         25 0.0000e+00
    170.000    168.172    -1.0543  27.467658    -1.0533  27.467498     5.2067     5.3517     0.0161    98.3211 1.0000e-12  -74.16792 -113.41048  38.311055      99.83 2.6443e+01    451.131      10828  1028.1445  1028.1434     4.6642     0.0724     0.1270    33.9816    33.9803    8.29515         24 0.0000e+00
    171.000    169.160    -1.0466  27.475481    -1.0460  27.475165     5.2014     5.3468     0.1248    98.3035 1.0000e-12  -74.16792 -113.41048  38.311067      52.57 2.6443e+01    452.149      10853  1028.1499  1028.1491     4.6634     0.0701     0.1269    33.9830    33.9819    8.29337         24 0.0000e+00
    172.000    170.149    -1.0395  27.483458    -1.0368  27.484874     5.1885     5.3380     0.0235    98.3495 1.0000e-12  -74.16792 -113.41048  38.311078     100.67 2.6443e+01    453.164      10877  1028.1562  1028.1551     4.6655     0.0785     0.1278    33.9853    33.9841    8.29168         24 0.0000e+00
    173.000    171.138    -1.0328  27.490347    -1.0300  27.491913     5.1810     5.3272     0.0191    98.3789 1.0000e-12  -74.16792 -113.41048  38.311090      99.83 2.6443e+01    454.152      10901  1028.1615  1028.1605     4.6669     0.0706     0.1276    33.9864    33.9853    8.29011         24 0.0000e+00
    174.000    172.126    -1.0254  27.498190    -1.0222  27.500239     5.1778     5.3189     0.0052    98.3251 1.0000e-12  -74.16792 -113.41048  38.311101      99.21 2.6443e+01    455.164      10925  1028.1674  1028.1665     4.6644     0.0721     0.1294    33.9881    33.9873    8.28839         25 0.0000e+00
    175.000    173.117    -1.0146  27.509125    -1.0104  27.512139     5.1739     5.3156     0.0200    98.3615 1.0000e-12  -74.16792 -113.41048  38.311113      98.86 2.6443e+01    456.186      10949  1028.1732  1028.1724     4.6661     0.0715     0.1296    33.9902    33.9895    8.28588         24 0.0000e+00
    176.000    174.104    -1.0097  27.514590    -1.0089  27.514436     5.1661     5.3096     0.1241    98.3292 1.0000e-12  -74.16792 -113.41048  38.311125      99.24 2.6443e+01    457.190      10974  1028.1789  1028.1780     4.6646     0.0720     0.1297    33.9915    33.9904    8.28473         24 0.0000e+00
    177.000    175.093    -1.0034  27.521939    -1.0024  27.521704     5.1628     5.3075     0.0892    98.2799 1.0000e-12  -74.16792 -113.41048  38.311137      98.02 2.6443e+01    458.202      10998  1028.1852  1028.1840     4.6623     0.0707     0.1311    33.9938    33.9923    8.28321         25 0.0000e+00
    178.000    176.082    -0.9979  27.527487    -0.9950  27.529298     5.1476     5.2967     0.0000    98.2863 1.0000e-12  -74.16792 -113.41048  38.311148      98.54 2.7022e+01    459.214      11022  1028.1904  1028.1895     4.6625     0.0700     0.1291    33.9945    33.9936    8.28195         24 0.0000e+00
    179.000    177.071    -0.9900  27.535634    -0.9890  27.535436     5.1404     5.2906    -0.0061    98.1372 1.0000e-12  -74.16792 -113.41048  38.311160      97.87 2.7208e+01    460.201      11046  1028.1959  1028.1948     4.6555     0.0769     0.1290    33.9960    33.9947    8.28011         23 0.0000e+00
    180.000    178.060    -0.9832  27.543639    -0.9815  27.543972     5.1366     5.2821    -0.0025    98.1558 1.0000e-12  -74.16792 -113.41048  38.311171      97.16 2.7358e+01    461.198      11070  1028.2025  1028.2012     4.6564     0.0716     0.1314    33.9986    33.9972    8.27846         25 0.0000e+00
    181.000    179.047    -0.9653  27.563081    -0.9644  27.562687     5.1235     5.2676     0.0053    98.2474 1.0000e-12  -74.16792 -113.41048  38.311183      95.22 2.7686e+01    462.213      11094  1028.2108  1028.2095     4.6607     0.0780     0.1290    34.0043    34.0027    8.27419         24 0.0000e+00
    182.000    180.038    -0.9556  27.573824    -0.9543  27.573783     5.1162     5.2603     0.0185    98.2702 1.0000e-12  -74.16792 -113.41048  38.311195      94.62 2.7838e+01    463.225      11118  1028.2176  1028.2163     4.6618     0.0700     0.1300    34.0073    34.0058    8.27188         24 0.0000e+00
    183.000    181.026    -0.9244  27.608369    -0.9226  27.608315     5.1133     5.2598    -0.0143    98.2552 1.0000e-12  -74.16792 -113.41048  38.311206      93.74 2.7839e+01    464.236      11143  1028.2293  1028.2275     4.6611     0.0691     0.1310    34.0184    34.0163    8.26437         24 0.0000e+00
    184.000    182.015    -0.9165  27.617222    -0.9160  27.616202     5.1168     5.2586     0.0028    98.2405 1.0000e-12  -74.16792 -113.41048  38.311218      92.75 2.7713e+01    465.248      11167  1028.2358  1028.2343     4.6604     0.0691     0.1305    34.0209    34.0190    8.26248         25 0.0000e+00
    185.000    183.004    -0.9143  27.620555    -0.9136  27.620081     5.1157     5.2598     0.0397    98.2086 1.0000e-12  -74.16792 -113.41048  38.311230      91.93 2.7670e+01    466.256      11191  1028.2419  1028.2407     4.6589     0.0722     0.1341    34.0223    34.0208    8.26192         24 0.0000e+00
    186.000    183.992    -0.9132  27.622285    -0.9122  27.622176     5.1158     5.2552     0.0029    98.2209 1.0000e-12  -74.16792 -113.41048  38.311241      90.59 2.8202e+01    467.263      11215  1028.2472  1028.2462     4.6595     0.0686     0.1298    34.0228    34.0215    8.26164         24 0.0000e+00
    187.000    184.981    -0.9116  27.624613    -0.9103  27.624471     5.1158     5.2539    -0.0053    98.2668 1.0000e-12  -74.16792 -113.41048  38.311253      89.04 2.8206e+01    468.283      11240  1028.2527  1028.2514     4.6616     0.0726     0.1310    34.0235    34.0219    8.26124         25 0.0000e+00
    188.000    185.971    -0.9092  27.627492    -0.9084  27.627014     5.1165     5.2535    -0.0059    98.2618 1.0000e-12  -74.16792 -113.41048  38.311265      88.46 2.8206e+01    469.302      11264  1028.2580  1028.2568     4.6614     0.0737     0.1295    34.0241    34.0226    8.26069         24 0.0000e+00
    189.000    186.957    -0.9088  27.628072    -0.9081  27.627684     5.1189     5.2545    -0.0056    98.2511 1.0000e-12  -74.16792 -113.41048  38.311277      87.59 2.8206e+01    470.307      11288  1028.2628  1028.2616     4.6609     0.0687     0.1294    34.0239    34.0225    8.26063         24 0.0000e+00
    190.000    187.948    -0.9100  27.627423    -0.9096  27.626736     5.1166     5.2559    -0.0050    98.2392 1.0000e-12  -74.16792 -113.41048  38.311288      86.72 2.8206e+01    471.318      11313  1028.2676  1028.2665     4.6603     0.0693     0.1282    34.0237    34.0223    8.26089         24 0.0000e+00
    191.000    188.936    -0.9109  27.627271    -0.9100  27.626826     5.1167     5.2587    -0.0093    98.2588 1.0000e-12  -74.16792 -113.41048  38.311300      85.38 2.8206e+01    472.328      11337  1028.2728  1028.2715     4.6613     0.0721     0.1318    34.0239    34.0223    8.26107         24 0.0000e+00
    192.000    189.925    -0.9095  27.629357    -0.9087  27.628715     5.1181     5.2570    -0.0118    98.2816 1.0000e-12  -74.16792 -113.41048  38.311312      84.37 2.8206e+01    473.332      11361  1028.2781  1028.2767     4.6623     0.0684     0.1297    34.0245    34.0228    8.26073         25 0.0000e+00
    193.000    190.913    -0.9093  27.629931    -0.9084  27.629565     5.1114     5.2546    -0.0068    98.2757 1.0000e-12  -74.16792 -113.41048  38.311323      83.35 2.8206e+01    474.349      11385  1028.2829  1028.2817     4.6621     0.0702     0.1303    34.0244    34.0230    8.26069         24 0.0000e+00
    194.000    191.902    -0.9083  27.631598    -0.9077  27.630929     5.1180     5.2617    -0.0139    98.2865 1.0000e-12  -74.16792 -113.41048  38.311335      82.06 2.8206e+01    475.365      11410  1028.2881  1028.2868     4.6626     0.0661     0.1274    34.0250    34.0234    8.26045         24 0.0000e+00
    195.000    192.891    -0.9069  27.633950    -0.9069  27.632349     5.1091     5.2546    -0.0132    98.2918 1.0000e-12  -74.16792 -113.41048  38.311347      81.12 2.8206e+01    476.358      11434  1028.2937  1028.2920     4.6628     0.0670     0.1287    34.0260    34.0238    8.26007         24 0.0000e+00
    196.000    193.879    -0.9031  27.638184    -0.9043  27.635844     5.1045     5.2421    -0.0200    98.3037 1.0000e-12  -74.16792 -113.41050  38.311358      80.35 2.8206e+01    477.367      11458  1028.2990  1028.2975     4.6633     0.0673     0.1290    34.0268    34.0250    8.25920         24 0.0000e+00
    197.000    194.869    -0.8927  27.650760    -0.8918  27.649768     5.0929     5.2403    -0.0053    98.3198 1.0000e-12  -74.16792 -113.41048  38.311370      79.53 2.8206e+01    478.379      11482  1028.3069  1028.3049     4.6641     0.0673     0.1291    34.0315    34.0292    8.25663         25 0.0000e+00
    198.000    195.857    -0.8787  27.665079    -0.8794  27.663118     5.0898     5.2259    -0.0047    98.2953 1.0000e-12  -74.16792 -113.41050  38.311382      78.44 2.8206e+01    479.385      11506  1028.3133  1028.3118     4.6630     0.0670     0.1269    34.0346    34.0327    8.25340         24 0.0000e+00
    199.000    196.846    -0.8765  27.667781    -0.8761  27.666793     5.0921     5.2283    -0.0065    98.3088 1.0000e-12  -74.16792 -113.41048  38.311393      77.37 2.8206e+01    480.388      11530  1028.3184  1028.3170     4.6636     0.0673     0.1271    34.0351    34.0333    8.25287         24 0.0000e+00
    200.000    197.834    -0.8740  27.670603    -0.8730  27.670408     5.0866     5.2261    -0.0105    98.3316 1.0000e-12  -74.16792 -113.41050  38.311405      76.24 2.8206e+01    481.400      11555  1028.3235  1028.3223     4.6647     0.0665     0.1281    34.0356    34.0341    8.25231         24 0.0000e+00
    201.000    198.823    -0.8734  27.671808    -0.8721  27.671783     5.0895     5.2247    -0.0126    98.3540 1.0000e-12  -74.16792 -113.41048  38.311417      75.21 2.8206e+01    482.395      11578  1028.3285  1028.3273     4.6658     0.0664     0.1262    34.0358    34.0344    8.25215         24 0.0000e+00
    202.000    199.812    -0.8724  27.673155    -0.8717  27.672617     5.0834     5.2201    -0.0132    98.3573 1.0000e-12  -74.16792 -113.41050  38.311428      74.29 2.8206e+01    483.400      11603  1028.3335  1028.3323     4.6659     0.0663     0.1276    34.0360    34.0345    8.25193         24 0.0000e+00
    203.000    200.799    -0.8713  27.674696    -0.8700  27.674672     5.0822     5.2282    -0.0092    98.3594 1.0000e-12  -74.16792 -113.41048  38.311440      73.29 2.8206e+01    484.403      11627  1028.3385  1028.3372     4.6660     0.0663     0.1272    34.0362    34.0347    8.25167         24 0.0000e+00
    204.000    201.790    -0.8698  27.676645    -0.8689  27.676057     5.0823     5.2278    -0.0105    98.3605 1.0000e-12  -74.16792 -113.41050  38.311452      72.26 2.8206e+01    485.408      11651  1028.3435  1028.3420     4.6660     0.0668     0.1292    34.0365    34.0347    8.25132         24 0.0000e+00
    205.000    202.778    -0.8688  27.677877    -0.8687  27.676911     5.0734     5.2123    -0.0186    98.3826 1.0000e-12  -74.16792 -113.41048  38.311463      71.09 2.8206e+01    486.417      11675  1028.3482  1028.3470     4.6672     0.0662     0.1277    34.0365    34.0350    8.25111         25 0.0000e+00
    206.000    203.766    -0.8695  27.677759    -0.8683  27.677741     5.0605     5.2002    -0.0119    98.3643 1.0000e-12  -74.16792 -113.41050  38.311475      70.33 2.8206e+01    487.444      11700  1028.3531  1028.3519     4.6662     0.0675     0.1269    34.0364    34.0351    8.25125         25 0.0000e+00
    207.000    204.756    -0.8536  27.694063    -0.8515  27.694464     5.0507     5.1971    -0.0051    98.3921 1.0000e-12  -74.16792 -113.41048  38.311487      69.26 2.8206e+01    488.461      11724  1028.3597  1028.3580     4.6675     0.0662     0.1257    34.0400    34.0382    8.24757         24 0.0000e+00
    208.000    205.745    -0.8477  27.699430    -0.8475  27.698463     5.0471     5.1916    -0.0059    98.4022 1.0000e-12  -74.16792 -113.41048  38.311498      68.10 2.8206e+01    489.468      11748  1028.3642  1028.3629     4.6680     0.0649     0.1266    34.0401    34.0384    8.24629         24 0.0000e+00
