ocean_section_plots/required_files/ctd/dnbp2202_ctd128.cnv
* Sea-Bird SBE 9 Data File:
* FileName = D:\Data\raw\NBP2202_CTD128.hex
* Software Version Seasave V 7.26.7.121
* Temperature SN = 1649
* Conductivity SN = 2513
* Number of Bytes Per Scan = 40
* Number of Voltage Words = 5
* Number of Scans Averaged by the Deck Unit = 1
* NMEA Latitude = 74 05.39 S
* NMEA Longitude = 111 47.97 W
* NMEA UTC (Time) = Jan 27 2022  22:33:27
* NMEA baud rate = 9600
** Ship: RVIB N.B. Palmer
** Cruise: NBP2202 Thwaites
** Station: 57
** Operator: A. Robinson
# nquan = 25
# nvalues = 371                         
# units = specified
# name 0 = prDM: Pressure, Digiquartz [db]
# name 1 = depSM: Depth [salt water, m]
# name 2 = t090C: Temperature [ITS-90, deg C]
# name 3 = c0mS/cm: Conductivity [mS/cm]
# name 4 = t190C: Temperature, 2 [ITS-90, deg C]
# name 5 = c1mS/cm: Conductivity, 2 [mS/cm]
# name 6 = sbeox0ML/L: Oxygen, SBE 43 [ml/l]
# name 7 = sbeox1ML/L: Oxygen, SBE 43, 2 [ml/l]
# name 8 = flECO-AFL: Fluorescence, WET Labs ECO-AFL/FL [mg/m^3]
# name 9 = CStarTr0: Beam Transmission, WET Labs C-Star [%]
# name 10 = par: PAR/Irradiance, Biospherical/Licor
# name 11 = latitude: Latitude [deg]
# name 12 = longitude: Longitude [deg]
# name 13 = timeJ: Julian Days
# name 14 = altM: Altimeter [m]
# name 15 = spar: SPAR, Biospherical/Licor
# name 16 = timeS: Time, Elapsed [seconds]
# name 17 = scan: Scan Count
# name 18 = density00: Density [density, kg/m^3]
# name 19 = density11: Density, 2 [density, kg/m^3]
# name 20 = sal00: Salinity, Practical [PSU]
# name 21 = sal11: Salinity, Practical, 2 [PSU]
# name 22 = oxsolML/L: Oxygen Saturation, Garcia & Gordon [ml/l]
# name 23 = nbin: number of scans per bin
# name 24 = flag: flag
# span 0 =      4.000,    374.000       
# span 1 =      3.959,    369.795       
# span 2 =    -1.5677,    -0.6421       
# span 3 =  27.021500,  28.108139       
# span 4 =    -1.5673,    -0.6412       
# span 5 =  27.021132,  28.106978       
# span 6 =     5.4947,     8.3427       
# span 7 =     5.5841,     8.4541       
# span 8 =    -0.0114,    22.1647       
# span 9 =    71.4531,    95.7640       
# span 10 = 1.0000e-12, 1.4745e+02      
# span 11 =  -74.08992,  -74.08992      
# span 12 = -111.79948, -111.79942      
# span 13 =  27.943322,  27.949811      
# span 14 =       4.10,     100.04      
# span 15 = 5.7552e+02, 6.3821e+02      
# span 16 =    295.986,    856.634      
# span 17 =       7105,      20560      
# span 18 =  1027.2173,  1029.3217      
# span 19 =  1027.2173,  1029.3196      
# span 20 =    33.8194,    34.2588      
# span 21 =    33.8192,    34.2563      
# span 22 =    8.18882,    8.41024      
# span 23 =         25,         48      
# span 24 = 0.0000e+00, 0.0000e+00      
# interval = decibars: 1                
# start_time = Jan 27 2022 22:33:27 [NMEA time, header]
# bad_flag = -9.990e-29
*END*
[from data line 116]
    120.000    118.724    -1.4964  27.061680    -1.4956  27.062065     6.2385     6.3392     0.2501    94.9810 1.0000e-12  -74.08992 -111.79946  27.945603      97.06 6.1154e+02    493.070      11835  1027.9022  1027.9020    33.9572    33.9569    8.39536         29 0.0000e+00
    121.000    119.712    -1.4946  27.066810    -1.4942  27.066573     6.2502     6.3521     0.2514    95.0640 1.0000e-12  -74.08992 -111.79946  27.945616      99.83 6.1218e+02    494.249      11863  1027.9105  1027.9099    33.9616    33.9608    8.39470         27 0.0000e+00
    122.000    120.703    -1.4943  27.067990    -1.4941  27.067686     6.2598     6.3597     0.3773    95.0925 1.0000e-12  -74.08992 -111.79946  27.945630      99.83 6.1178e+02    495.412      11891  1027.9159  1027.9154    33.9624    33.9617    8.39460         28 0.0000e+00
    123.000    121.692    -1.4963  27.067821    -1.4960  27.067460     6.2712     6.3678     0.3082    94.9924 1.0000e-12  -74.08992 -111.79946  27.945643      99.82 6.1172e+02    496.554      11918  1027.9219  1027.9213    33.9637    33.9630    8.39496         27 0.0000e+00
    124.000    122.680    -1.5002  27.065898    -1.5000  27.065658     6.2896     6.3933     0.2346    94.9928 1.0000e-12  -74.08992 -111.79946  27.945656      99.83 6.1172e+02    497.699      11946  1027.9279  1027.9275    33.9649    33.9644    8.39577         28 0.0000e+00
    125.000    123.670    -1.5104  27.057503    -1.5103  27.059096     6.3394     6.4437     0.2364    94.8703 1.0000e-12  -74.08992 -111.79946  27.945670      99.82 6.1172e+02    498.864      11974  1027.9328  1027.9345    33.9643    33.9664    8.39811         28 0.0000e+00
    126.000    124.658    -1.5245  27.048606    -1.5247  27.048342     6.3880     6.4859     0.1977    95.0239 1.0000e-12  -74.08992 -111.79946  27.945683      99.82 6.1146e+02    500.019      12001  1027.9409  1027.9408    33.9674    33.9673    8.40110         28 0.0000e+00
    127.000    125.649    -1.5424  27.035447    -1.5425  27.035107     6.4200     6.5238     0.1958    95.0368 1.0000e-12  -74.08992 -111.79946  27.945696      99.83 6.1172e+02    501.178      12029  1027.9480  1027.9477    33.9690    33.9687    8.40506         28 0.0000e+00
    128.000    126.635    -1.5498  27.030002    -1.5499  27.029669     6.4500     6.5492     0.4098    94.9862 1.0000e-12  -74.08992 -111.79944  27.945710      99.82 6.1115e+02    502.357      12058  1027.9533  1027.9531    33.9693    33.9690    8.40672         28 0.0000e+00
    129.000    127.625    -1.5582  27.024461    -1.5580  27.024337     6.4678     6.5631     0.3406    95.0388 1.0000e-12  -74.08992 -111.79945  27.945724      99.82 6.1039e+02    503.532      12086  1027.9594  1027.9592    33.9705    33.9702    8.40854         29 0.0000e+00
    130.000    128.615    -1.5633  27.021500    -1.5629  27.021132     6.4715     6.5764     0.3921    95.1183 1.0000e-12  -74.08992 -111.79945  27.945737      99.83 6.1022e+02    504.694      12114  1027.9652  1027.9644    33.9717    33.9707    8.40963         27 0.0000e+00
    131.000    129.604    -1.5646  27.021698    -1.5643  27.021470     6.4705     6.5802     0.3364    94.9687 1.0000e-12  -74.08992 -111.79945  27.945751      96.13 6.0996e+02    505.869      12142  1027.9708  1027.9704    33.9727    33.9721    8.40985         28 0.0000e+00
    132.000    130.592    -1.5649  27.023297    -1.5645  27.023170     6.4628     6.5741     0.3874    94.9977 1.0000e-12  -74.08992 -111.79945  27.945764      99.86 6.0926e+02    507.034      12170  1027.9772  1027.9766    33.9748    33.9740    8.40982         28 0.0000e+00
    133.000    131.582    -1.5643  27.024755    -1.5641  27.024422     6.4616     6.5731     0.4612    94.9906 1.0000e-12  -74.08992 -111.79944  27.945777      99.83 6.0989e+02    508.159      12197  1027.9824  1027.9818    33.9755    33.9748    8.40964         27 0.0000e+00
    134.000    132.570    -1.5646  27.025447    -1.5642  27.025256     6.4503     6.5739     0.6197    94.8708 1.0000e-12  -74.08992 -111.79946  27.945790      99.82 6.0971e+02    509.292      12224  1027.9876  1027.9870    33.9761    33.9753    8.40965         28 0.0000e+00
    135.000    133.561    -1.5651  27.025611    -1.5650  27.025320     6.4524     6.5669     0.5055    94.9031 1.0000e-12  -74.08992 -111.79945  27.945804      99.82 6.0834e+02    510.465      12252  1027.9925  1027.9920    33.9763    33.9757    8.40977         28 0.0000e+00
    136.000    134.547    -1.5675  27.025035    -1.5673  27.024723     6.4426     6.5679     0.6449    94.7924 1.0000e-12  -74.08992 -111.79945  27.945817      99.83 6.0957e+02    511.624      12280  1027.9985  1027.9978    33.9776    33.9769    8.41024         27 0.0000e+00
    137.000    135.539    -1.5673  27.025904    -1.5670  27.025680     6.4301     6.5545     0.5578    94.7913 1.0000e-12  -74.08992 -111.79945  27.945830      99.83 6.0996e+02    512.746      12307  1028.0034  1028.0028    33.9780    33.9773    8.41017         27 0.0000e+00
    138.000    136.526    -1.5677  27.027293    -1.5673  27.027049     6.4082     6.5420     0.5646    94.6639 1.0000e-12  -74.08992 -111.79945  27.945844      99.82 6.0828e+02    513.898      12335  1028.0096  1028.0089    33.9796    33.9789    8.41014         29 0.0000e+00
    139.000    137.516    -1.5595  27.036035    -1.5592  27.035470     6.3963     6.5217     0.4593    94.7555 1.0000e-12  -74.08992 -111.79946  27.945857      99.82 6.0825e+02    515.081      12363  1028.0155  1028.0146    33.9818    33.9806    8.40816         28 0.0000e+00
    140.000    138.505    -1.5469  27.047900    -1.5462  27.047702     6.3828     6.5099     0.3361    94.7978 1.0000e-12  -74.08992 -111.79944  27.945871      99.83 6.0865e+02    516.245      12391  1028.0207  1028.0198    33.9832    33.9821    8.40522         27 0.0000e+00
    141.000    139.493    -1.5387  27.055917    -1.5382  27.055496     6.3697     6.4958     0.2930    94.8270 1.0000e-12  -74.08992 -111.79946  27.945884      99.82 6.0751e+02    517.386      12418  1028.0260  1028.0250    33.9844    33.9832    8.40332         28 0.0000e+00
    142.000    140.483    -1.5324  27.061870    -1.5322  27.061397     6.3536     6.4808     0.3289    94.8247 1.0000e-12  -74.08992 -111.79945  27.945897      99.59 6.0715e+02    518.522      12446  1028.0308  1028.0301    33.9847    33.9839    8.40186         27 0.0000e+00
    143.000    141.471    -1.5270  27.067476    -1.5273  27.066221     6.3318     6.4612     0.2981    94.9051 1.0000e-12  -74.08992 -111.79945  27.945911      97.35 6.0769e+02    519.697      12474  1028.0361  1028.0350    33.9857    33.9843    8.40058         28 0.0000e+00
    144.000    142.461    -1.5192  27.074980    -1.5202  27.073261     6.3081     6.4388     0.2821    94.9251 1.0000e-12  -74.08992 -111.79945  27.945924      99.87 6.0769e+02    520.875      12502  1028.0412  1028.0403    33.9865    33.9853    8.39876         28 0.0000e+00
    145.000    143.449    -1.5083  27.085509    -1.5076  27.085147     6.2991     6.4276     0.2509    94.9559 1.0000e-12  -74.08992 -111.79945  27.945938      99.82 6.0625e+02    522.016      12529  1028.0467  1028.0456    33.9880    33.9867    8.39621         28 0.0000e+00
    146.000    144.439    -1.5025  27.091154    -1.5022  27.090773     6.2933     6.4149     0.3053    94.9459 1.0000e-12  -74.08992 -111.79946  27.945951      99.83 6.0718e+02    523.179      12557  1028.0518  1028.0510    33.9886    33.9877    8.39488         28 0.0000e+00
    147.000    145.428    -1.5020  27.092314    -1.5014  27.091942     6.2829     6.4005     0.2472    94.9880 1.0000e-12  -74.08992 -111.79944  27.945965      99.83 6.0642e+02    524.385      12586  1028.0570  1028.0560    33.9890    33.9879    8.39474         29 0.0000e+00
    148.000    146.417    -1.4982  27.096076    -1.4976  27.095905     6.2694     6.3850     0.2060    94.9219 1.0000e-12  -74.08992 -111.79945  27.945979      99.82 6.0643e+02    525.564      12615  1028.0619  1028.0611    33.9893    33.9884    8.39387         28 0.0000e+00
    149.000    147.405    -1.4953  27.099243    -1.4949  27.098844     6.2594     6.3724     0.1863    95.0421 1.0000e-12  -74.08992 -111.79945  27.945992      99.83 6.0643e+02    526.708      12642  1028.0670  1028.0661    33.9897    33.9887    8.39319         27 0.0000e+00
    150.000    148.394    -1.4894  27.105613    -1.4890  27.105175     6.2452     6.3646     0.2019    94.9817 1.0000e-12  -74.08992 -111.79945  27.946005      99.82 6.0643e+02    527.871      12670  1028.0727  1028.0718    33.9912    33.9901    8.39177         29 0.0000e+00
    151.000    149.383    -1.4857  27.110275    -1.4853  27.109746     6.2573     6.3652     0.1697    95.1124 1.0000e-12  -74.08992 -111.79945  27.946019      99.82 6.0643e+02    529.031      12698  1028.0787  1028.0778    33.9928    33.9916    8.39084         27 0.0000e+00
    152.000    150.373    -1.4876  27.109626    -1.4873  27.109248     6.2624     6.3777     0.1376    95.0869 1.0000e-12  -74.08992 -111.79944  27.946032      99.83 6.0643e+02    530.174      12725  1028.0842  1028.0835    33.9933    33.9925    8.39122         28 0.0000e+00
    153.000    151.360    -1.4936  27.105998    -1.4932  27.105627     6.2737     6.3807     0.1361    95.0907 1.0000e-12  -74.08992 -111.79946  27.946045      99.83 6.0643e+02    531.323      12753  1028.0905  1028.0897    33.9946    33.9936    8.39252         27 0.0000e+00
    154.000    152.351    -1.4965  27.104605    -1.4962  27.104240     6.2864     6.3884     0.1560    95.1215 1.0000e-12  -74.08992 -111.79945  27.946059      97.90 6.0643e+02    532.477      12780  1028.0962  1028.0954    33.9954    33.9944    8.39313         28 0.0000e+00
    155.000    153.339    -1.4995  27.102807    -1.4992  27.102408     6.2864     6.3948     0.1559    95.1725 1.0000e-12  -74.08992 -111.79945  27.946072      99.85 6.0643e+02    533.640      12808  1028.1014  1028.1006    33.9956    33.9947    8.39378         27 0.0000e+00
    156.000    154.329    -1.5019  27.101443    -1.5015  27.101027     6.2873     6.3926     0.1220    95.1768 1.0000e-12  -74.08992 -111.79945  27.946086      99.83 6.0643e+02    534.801      12836  1028.1065  1028.1057    33.9958    33.9949    8.39430         28 0.0000e+00
    157.000    155.316    -1.5015  27.102283    -1.5010  27.101960     6.2783     6.3865     0.1316    95.1151 1.0000e-12  -74.08992 -111.79945  27.946099      99.82 6.0496e+02    535.954      12864  1028.1114  1028.1106    33.9960    33.9950    8.39422         28 0.0000e+00
    158.000    156.305    -1.4984  27.105580    -1.4985  27.104703     6.2789     6.3835     0.1239    95.1289 1.0000e-12  -74.08992 -111.79946  27.946113      99.83 6.0552e+02    537.131      12892  1028.1163  1028.1154    33.9963    33.9953    8.39348         29 0.0000e+00
    159.000    157.295    -1.4987  27.105861    -1.4985  27.105316     6.2734     6.3871     0.1076    95.0993 1.0000e-12  -74.08992 -111.79944  27.946126      99.82 6.0644e+02    538.320      12921  1028.1213  1028.1205    33.9964    33.9955    8.39355         28 0.0000e+00
    160.000    158.283    -1.5009  27.104941    -1.5004  27.104522     6.2883     6.3971     0.1074    95.1004 1.0000e-12  -74.08992 -111.79946  27.946140      99.82 6.0498e+02    539.484      12949  1028.1266  1028.1257    33.9970    33.9959    8.39400         28 0.0000e+00
    161.000    159.273    -1.5024  27.104581    -1.5021  27.104198     6.2926     6.4002     0.1368    95.2055 1.0000e-12  -74.08992 -111.79945  27.946153      99.84 6.0586e+02    540.639      12976  1028.1321  1028.1313    33.9976    33.9967    8.39431         28 0.0000e+00
    162.000    160.261    -1.5023  27.105250    -1.5020  27.104892     6.2958     6.3997     0.1345    95.2583 1.0000e-12  -74.08992 -111.79945  27.946166      99.82 6.0643e+02    541.786      13004  1028.1370  1028.1363    33.9978    33.9970    8.39428         27 0.0000e+00
    163.000    161.250    -1.5023  27.106321    -1.5021  27.105844     6.2963     6.4003     0.2003    95.1984 1.0000e-12  -74.08992 -111.79945  27.946180      99.83 6.0456e+02    542.927      13031  1028.1425  1028.1417    33.9987    33.9977    8.39424         28 0.0000e+00
    164.000    162.239    -1.5036  27.106310    -1.5031  27.106020     6.3050     6.4052     0.1811    95.2260 1.0000e-12  -74.08992 -111.79944  27.946193      99.83 6.0454e+02    544.091      13059  1028.1480  1028.1472    33.9995    33.9985    8.39447         28 0.0000e+00
    165.000    163.227    -1.5042  27.106947    -1.5037  27.106505     6.3009     6.4152     0.4984    95.2383 1.0000e-12  -74.08992 -111.79946  27.946207      99.69 6.0498e+02    545.270      13087  1028.1537  1028.1527    34.0005    33.9993    8.39456         28 0.0000e+00
    166.000    164.217    -1.5045  27.107854    -1.5040  27.107469     6.3029     6.4115     0.1209    95.2148 1.0000e-12  -74.08992 -111.79944  27.946220      99.83 6.0467e+02    546.410      13115  1028.1592  1028.1583    34.0014    34.0003    8.39456         27 0.0000e+00
    167.000    165.206    -1.5048  27.108784    -1.5042  27.108335     6.3007     6.4090     0.1380    95.2044 1.0000e-12  -74.08992 -111.79945  27.946233      99.83 6.0467e+02    547.526      13142  1028.1648  1028.1638    34.0024    34.0011    8.39457         27 0.0000e+00
    168.000    166.195    -1.5052  27.109229    -1.5046  27.108847     6.3051     6.4135     0.1330    95.1877 1.0000e-12  -74.08992 -111.79945  27.946246      99.84 6.0467e+02    548.692      13170  1028.1700  1028.1690    34.0029    34.0016    8.39464         28 0.0000e+00
    169.000    167.184    -1.5052  27.109827    -1.5046  27.109413     6.3042     6.4086     0.1761    95.2341 1.0000e-12  -74.08992 -111.79945  27.946260      99.83 6.0453e+02    549.886      13198  1028.1750  1028.1740    34.0031    34.0019    8.39463         29 0.0000e+00
    170.000    168.171    -1.5049  27.110556    -1.5045  27.110129     6.2970     6.4085     0.1379    95.2586 1.0000e-12  -74.08992 -111.79945  27.946274      99.82 6.0389e+02    551.045      13226  1028.1798  1028.1789    34.0031    34.0020    8.39456         27 0.0000e+00
    171.000    169.161    -1.5043  27.111737    -1.5037  27.111336     6.2924     6.4098     0.1976    95.2290 1.0000e-12  -74.08992 -111.79944  27.946287      99.83 6.0467e+02    552.191      13254  1028.1848  1028.1838    34.0034    34.0022    8.39440         28 0.0000e+00
    172.000    170.150    -1.5013  27.115457    -1.5009  27.115035     6.2942     6.4094     0.1780    95.1481 1.0000e-12  -74.08992 -111.79944  27.946300      99.83 6.0429e+02    553.356      13282  1028.1903  1028.1894    34.0046    34.0035    8.39366         28 0.0000e+00
    173.000    171.138    -1.5026  27.115527    -1.5020  27.115225     6.2988     6.4135     0.1562    95.1828 1.0000e-12  -74.08992 -111.79944  27.946314      99.83 6.0315e+02    554.507      13309  1028.1960  1028.1951    34.0054    34.0044    8.39389         25 0.0000e+00
    174.000    172.129    -1.5033  27.115750    -1.5027  27.115298     6.2998     6.4103     0.1828    95.1757 1.0000e-12  -74.08992 -111.79946  27.946327      99.83 6.0431e+02    555.659      13337  1028.2012  1028.2001    34.0059    34.0046    8.39402         28 0.0000e+00
    175.000    173.116    -1.5030  27.116413    -1.5025  27.116051     6.3019     6.4062     0.1568    95.1907 1.0000e-12  -74.08992 -111.79946  27.946341      99.83 6.0448e+02    556.826      13365  1028.2060  1028.2050    34.0059    34.0048    8.39397         28 0.0000e+00
    176.000    174.104    -1.5030  27.117033    -1.5025  27.116646     6.2980     6.4072     0.1177    95.2489 1.0000e-12  -74.08992 -111.79945  27.946354      89.31 6.0285e+02    557.956      13392  1028.2109  1028.2100    34.0061    34.0050    8.39395         27 0.0000e+00
