ocean_section_plots/required_files/ctd/dnbp2202_ctd013.cnv
* Sea-Bird SBE 9 Data File:
* FileName = D:\Data\raw\NBP2202_CTD013.hex
* Software Version Seasave V 7.26.7.121
* Temperature SN = 1649
* Conductivity SN = 2513
* Number of Bytes Per Scan = 40
* Number of Voltage Words = 5
* Number of Scans Averaged by the Deck Unit = 1
* NMEA Latitude = 73 05.18 S
* NMEA Longitude = 113 47.15 W
* NMEA UTC (Time) = Jan 17 2022  01:33:52
* NMEA baud rate = 9600
** Ship: RVIB N.B. Palmer
** Cruise: NBP2202 Thwaites
** Station: #8
** Operator: A. Robinson
# nquan = 25
# nvalues = 498                         
# units = specified
# name 0 = prDM: Pressure, Digiquartz [db]
# name 1 = depSM: Depth [salt water, m]
# name 2 = t090C: Temperature [ITS-90, deg C]
# name 3 = c0mS/cm: Conductivity [mS/cm]
# name 4 = t190C: Temperature, 2 [ITS-90, deg C]
# name 5 = c1mS/cm: Conductivity, 2 [mS/cm]
# name 6 = sbeox0ML/L: Oxygen, SBE 43 [ml/l]
# name 7 = sbeox1ML/L: Oxygen, SBE 43, 2 [ml/l]
# name 8 = flECO-AFL: Fluorescence, WET Labs ECO-AFL/FL [mg/m^3]
# name 9 = CStarTr0: Beam Transmission, WET Labs C-Star [%]
# name 10 = par: PAR/Irradiance, Biospherical/Licor
# name 11 = latitude: Latitude [deg]
# name 12 = longitude: Longitude [deg]
# name 13 = timeJ: Julian Days
# name 14 = altM: Altimeter [m]
# name 15 = spar: SPAR, Biospherical/Licor
# name 16 = timeS: Time, Elapsed [seconds]
# name 17 = scan: Scan Count
# name 18 = density00: Density [density, kg/m^3]
# name 19 = density11: Density, 2 [density, kg/m^3]
# name 20 = sal00: Salinity, Practical [PSU]
# name 21 = sal11: Salinity, Practical, 2 [PSU]
# name 22 = oxsolML/L: Oxygen Saturation, Garcia & Gordon [ml/l]
# name 23 = nbin: number of scans per bin
# name 24 = flag: flag
# span 0 =      2.000,    499.000       
# span 1 =      1.976,    493.255       
# span 2 =    -1.5429,     0.4657       
# span 3 =  27.060139,  29.322200       
# span 4 =    -1.5420,     0.4679       
# span 5 =  27.059883,  29.321900       
# span 6 =     4.5932,     8.6571       
# span 7 =     4.8650,     9.2072       
# span 8 =    -0.0181,    25.8741       
# span 9 =    70.8257,    97.8842       
# span 10 = -5.639e-06, 4.8156e+01      
# span 11 =  -73.08650,  -73.08648      
# span 12 = -113.78590, -113.78583      
# span 13 =  17.068078,  17.076968      
# span 14 =       4.91,     101.18      
# span 15 = 1.1600e+02, 2.7900e+02      
# span 16 =    249.949,   1018.027      
# span 17 =       6000,      24434      
# span 18 =  1027.2365,  1030.0766      
# span 19 =  1027.2355,  1030.0738      
# span 20 =    33.8846,    34.5500      
# span 21 =    33.8831,    34.5471      
# span 22 =    7.93880,    8.40384      
# span 23 =          8,         47      
# span 24 = 0.0000e+00, 0.0000e+00      
# interval = decibars: 1                
# start_time = Jan 17 2022 01:33:52 [NMEA time, header]
# bad_flag = -9.990e-29
*END*
[from data line 174]
    176.000    174.114    -1.4881  27.140855    -1.4875  27.140024     6.6331     7.0500     0.6445    95.9742 1.0000e-12  -73.08648 -113.78586  17.071811      99.89 2.5691e+02    572.485      13741  1028.2226  1028.2211    34.0220    34.0202    8.38963         26 0.0000e+00
    177.000    175.104    -1.4863  27.142742    -1.4854  27.142329     6.6376     7.0597     0.5006    95.3759 1.0000e-12  -73.08648 -113.78586  17.071823      99.90 2.5737e+02    573.528      13766  1028.2273  1028.2259    34.0219    34.0203    8.38923         25 0.0000e+00
    178.000    176.091    -1.4895  27.140685    -1.4871  27.141361     6.6436     7.0595     0.6995    95.9999 1.0000e-12  -73.08648 -113.78586  17.071836      99.91 2.5776e+02    574.602      13791  1028.2325  1028.2310    34.0221    34.0204    8.38994         27 0.0000e+00
    179.000    177.080    -1.4945  27.136764    -1.4941  27.135464     6.6355     7.0522     0.7029    96.1951 1.0000e-12  -73.08648 -113.78586  17.071849      99.90 2.5882e+02    575.774      13820  1028.2374  1028.2356    34.0218    34.0195    8.39109         29 0.0000e+00
    180.000    178.069    -1.4954  27.136307    -1.4946  27.135768     6.6229     7.0487     0.7098    95.9269 1.0000e-12  -73.08648 -113.78586  17.071864      99.91 2.5953e+02    577.062      13850  1028.2422  1028.2408    34.0216    34.0199    8.39132         29 0.0000e+00
    181.000    179.058    -1.4928  27.139716    -1.4904  27.139810     6.4957     6.9373     1.0029    95.7149 1.0000e-12  -73.08648 -113.78586  17.071879      99.90 2.6068e+02    578.302      13880  1028.2477  1028.2455    34.0227    34.0201    8.39065         29 0.0000e+00
    182.000    180.046    -1.4625  27.166450    -1.4610  27.165998     6.1968     6.6317     0.9142    96.1484 1.0000e-12  -73.08648 -113.78586  17.071891      99.90 2.6120e+02    579.424      13907  1028.2521  1028.2501    34.0244    34.0221    8.38373         25 0.0000e+00
    183.000    181.036    -1.3883  27.235336    -1.3868  27.231152     5.9712     6.4062     0.6302    96.3933 1.0000e-12  -73.08648 -113.78586  17.071904      99.91 2.6255e+02    580.512      13933  1028.2601  1028.2540    34.0341    34.0267    8.36648         27 0.0000e+00
    184.000    182.024    -1.2741  27.333432    -1.2722  27.332785     5.9020     6.3222     0.4547    96.2709 1.0000e-12  -73.08648 -113.78586  17.071918      99.91 2.6267e+02    581.683      13961  1028.2615  1028.2590    34.0385    34.0354    8.34064         30 0.0000e+00
    185.000    183.013    -1.2719  27.336869    -1.2704  27.336406     5.9057     6.3065     0.5544    96.3433 1.0000e-12  -73.08648 -113.78586  17.071932      96.01 2.6298e+02    582.927      13991  1028.2684  1028.2665    34.0401    34.0378    8.34005         29 0.0000e+00
    186.000    184.002    -1.2764  27.335638    -1.2753  27.334919     5.9639     6.3536     0.5518    96.2430 1.0000e-12  -73.08648 -113.78586  17.071946      99.99 2.6390e+02    584.150      14021  1028.2765  1028.2747    34.0429    34.0407    8.34089         29 0.0000e+00
    187.000    184.991    -1.2818  27.331855    -1.2818  27.330982     6.0388     6.4224     0.2963    96.0921 1.0000e-12  -73.08648 -113.78584  17.071959      99.91 2.6463e+02    585.299      14048  1028.2825  1028.2815    34.0432    34.0420    8.34208         27 0.0000e+00
    188.000    185.980    -1.3327  27.288463    -1.3344  27.287192     6.0772     6.4602     0.6120    96.4796 1.0000e-12  -73.08648 -113.78586  17.071973      99.90 2.6481e+02    586.434      14075  1028.2892  1028.2894    34.0409    34.0411    8.35361         28 0.0000e+00
    189.000    186.968    -1.3573  27.268925    -1.3564  27.268263     6.0804     6.4591     0.4732    95.8501 1.0000e-12  -73.08648 -113.78586  17.071987      99.91 2.6609e+02    587.654      14105  1028.2961  1028.2945    34.0413    34.0395    8.35907         30 0.0000e+00
    190.000    187.957    -1.3433  27.282512    -1.3413  27.281955     6.0678     6.4432     0.3032    96.0825 1.0000e-12  -73.08648 -113.78586  17.072002      99.91 2.6631e+02    588.943      14136  1028.3018  1028.2992    34.0435    34.0405    8.35582         32 0.0000e+00
    191.000    188.946    -1.3316  27.294178    -1.3305  27.293594     6.0591     6.4369     0.4642    96.4952 1.0000e-12  -73.08648 -113.78586  17.072016      99.91 2.6711e+02    590.211      14166  1028.3077  1028.3060    34.0457    34.0436    8.35308         29 0.0000e+00
    192.000    189.935    -1.3300  27.297205    -1.3290  27.296758     6.0721     6.4474     0.5818    96.3893 1.0000e-12  -73.08648 -113.78586  17.072030      99.90 2.6804e+02    591.369      14194  1028.3139  1028.3123    34.0474    34.0455    8.35262         26 0.0000e+00
    193.000    190.923    -1.3323  27.296975    -1.3315  27.296308     6.0669     6.4432     0.6387    96.2208 1.0000e-12  -73.08648 -113.78586  17.072042      99.91 2.6866e+02    592.416      14219  1028.3203  1028.3188    34.0490    34.0472    8.35303         25 0.0000e+00
    194.000    191.913    -1.3349  27.295596    -1.3334  27.295272     6.0470     6.4183     0.7093    95.7759 1.0000e-12  -73.08648 -113.78586  17.072053      99.91 2.6913e+02    593.421      14243  1028.3256  1028.3239    34.0494    34.0473    8.35358         24 0.0000e+00
    195.000    192.902    -1.3158  27.314003    -1.3135  27.313515     6.0293     6.3989     0.4330    96.5000 1.0000e-12  -73.08648 -113.78586  17.072067      93.90 2.6970e+02    594.570      14271  1028.3317  1028.3289    34.0524    34.0491    8.34914         32 0.0000e+00
    196.000    193.890    -1.3013  27.327487    -1.3000  27.326892     6.0079     6.3811     0.3337    96.5166 1.0000e-12  -73.08648 -113.78586  17.072084      63.65 2.6987e+02    596.082      14307  1028.3368  1028.3349    34.0538    34.0514    8.34581         36 0.0000e+00
    197.000    194.879    -1.2945  27.333989    -1.2934  27.333344     6.0075     6.3873     0.4207    96.5663 1.0000e-12  -73.08648 -113.78586  17.072101     101.18 2.7078e+02    597.506      14341  1028.3419  1028.3400    34.0544    34.0522    8.34427         29 0.0000e+00
    198.000    195.868    -1.2875  27.341258    -1.2862  27.340597     6.0304     6.3989     0.4504    96.6219 1.0000e-12  -73.08648 -113.78586  17.072113      99.90 2.7157e+02    598.554      14366  1028.3475  1028.3456    34.0558    34.0534    8.34262         23 0.0000e+00
    199.000    196.856    -1.2939  27.336649    -1.2925  27.336660     6.0458     6.4130     0.6987    96.7812 1.0000e-12  -73.08648 -113.78586  17.072123      99.89 2.7140e+02    599.462      14388  1028.3531  1028.3518    34.0561    34.0545    8.34403         21 0.0000e+00
    200.000    197.845    -1.3019  27.330785    -1.3014  27.329995     6.0676     6.4280     0.6451    96.5276 1.0000e-12  -73.08648 -113.78586  17.072134      99.91 2.7176e+02    600.413      14411  1028.3588  1028.3575    34.0565    34.0548    8.34578         25 0.0000e+00
    201.000    198.835    -1.3129  27.321814    -1.3128  27.320770     6.0926     6.4619     0.3571    96.6184 1.0000e-12  -73.08648 -113.78586  17.072149      99.91 2.7180e+02    601.708      14442  1028.3641  1028.3629    34.0561    34.0545    8.34827         33 0.0000e+00
    202.000    199.823    -1.3344  27.304844    -1.3330  27.304584     6.0827     6.4491     0.3028    96.6775 1.0000e-12  -73.08648 -113.78586  17.072168      99.84 2.7320e+02    603.359      14482  1028.3707  1028.3691    34.0566    34.0547    8.35304         34 0.0000e+00
    203.000    200.812    -1.3278  27.313266    -1.3260  27.312486     6.0351     6.4153     0.2875    96.6860 1.0000e-12  -73.08648 -113.78586  17.072183      99.91 2.7408e+02    604.633      14512  1028.3778  1028.3751    34.0601    34.0569    8.35137         26 0.0000e+00
    204.000    201.799    -1.2943  27.343290    -1.2934  27.342530     5.9998     6.3728     0.3910    96.7660 1.0000e-12  -73.08648 -113.78586  17.072195      99.90 2.7386e+02    605.644      14536  1028.3824  1028.3807    34.0626    34.0605    8.34373         23 0.0000e+00
    205.000    202.789    -1.2829  27.355369    -1.2804  27.355356     5.9608     6.3372     0.4897    96.5733 1.0000e-12  -73.08648 -113.78586  17.072206      99.91 2.7508e+02    606.623      14560  1028.3889  1028.3864    34.0656    34.0627    8.34101         25 0.0000e+00
    206.000    203.777    -1.2596  27.376466    -1.2581  27.375775     6.0050     6.3743     0.4003    96.6633 1.0000e-12  -73.08648 -113.78586  17.072219      79.21 2.7507e+02    607.702      14586  1028.3938  1028.3915    34.0674    34.0647    8.33570         28 0.0000e+00
    207.000    204.767    -1.2558  27.381135    -1.2548  27.380206     6.0991     6.4660     0.4036    96.6069 1.0000e-12  -73.08648 -113.78587  17.072233      94.62 2.7518e+02    608.903      14615  1028.3997  1028.3977    34.0689    34.0664    8.33477         30 0.0000e+00
    208.000    205.755    -1.3236  27.323753    -1.3297  27.320512     6.1511     6.5140     0.3256    96.3198 1.0000e-12  -73.08648 -113.78588  17.072247      99.78 2.7540e+02    610.173      14645  1028.4074  1028.4098    34.0665    34.0690    8.35004         31 0.0000e+00
    209.000    206.743    -1.3444  27.308734    -1.3420  27.309012     6.1525     6.5175     0.2407    96.6915 1.0000e-12  -73.08648 -113.78588  17.072262      99.90 2.7595e+02    611.475      14676  1028.4153  1028.4133    34.0689    34.0667    8.35455         30 0.0000e+00
    210.000    207.733    -1.3338  27.318521    -1.3320  27.318222     6.1426     6.5023     0.2472    96.8197 1.0000e-12  -73.08648 -113.78588  17.072277      99.91 2.7677e+02    612.692      14706  1028.4198  1028.4177    34.0697    34.0672    8.35213         28 0.0000e+00
    211.000    208.720    -1.3248  27.326730    -1.3236  27.326421     6.1567     6.5216     0.1787    96.7956 1.0000e-12  -73.08648 -113.78588  17.072289      99.91 2.7677e+02    613.781      14732  1028.4243  1028.4227    34.0702    34.0683    8.35010         25 0.0000e+00
    212.000    209.710    -1.3293  27.324208    -1.3277  27.324064     6.1907     6.5603     0.4076    96.8238 1.0000e-12  -73.08648 -113.78588  17.072301      99.91 2.7677e+02    614.804      14756  1028.4302  1028.4284    34.0712    34.0691    8.35104         24 0.0000e+00
    213.000    210.698    -1.3397  27.316588    -1.3408  27.315471     6.2278     6.5964     0.2952    96.7423 1.0000e-12  -73.08648 -113.78588  17.072314      99.91 2.7677e+02    615.918      14783  1028.4362  1028.4361    34.0719    34.0716    8.35332         30 0.0000e+00
    214.000    211.688    -1.3742  27.288824    -1.3735  27.288522     6.2445     6.6212     0.4330    96.8161 1.0000e-12  -73.08648 -113.78588  17.072330      99.91 2.7687e+02    617.307      14816  1028.4435  1028.4425    34.0724    34.0712    8.36103         34 0.0000e+00
    215.000    212.675    -1.3837  27.281685    -1.3825  27.281440     6.2509     6.6338     0.5703    97.0287 1.0000e-12  -73.08648 -113.78588  17.072346      99.91 2.7756e+02    618.730      14851  1028.4489  1028.4475    34.0727    34.0710    8.36313         30 0.0000e+00
    216.000    213.665    -1.3857  27.280800    -1.3848  27.280297     6.2667     6.6433     0.2572    96.8253 1.0000e-12  -73.08648 -113.78588  17.072359      99.91 2.7728e+02    619.824      14877  1028.4540  1028.4526    34.0732    34.0715    8.36355         24 0.0000e+00
    217.000    214.653    -1.3942  27.274747    -1.3935  27.274398     6.2751     6.6449     0.3079    96.7794 1.0000e-12  -73.08648 -113.78588  17.072370      90.38 2.7816e+02    620.785      14900  1028.4598  1028.4587    34.0740    34.0727    8.36543         23 0.0000e+00
    218.000    215.642    -1.3957  27.275931    -1.3943  27.275597     6.2524     6.6296     0.2631    96.8495 1.0000e-12  -73.08648 -113.78588  17.072382      93.35 2.7853e+02    621.845      14925  1028.4666  1028.4650    34.0766    34.0746    8.36559         29 0.0000e+00
    219.000    216.630    -1.3884  27.284404    -1.3868  27.283930     6.2239     6.6107     0.4126    96.9752 1.0000e-12  -73.08648 -113.78588  17.072398      99.82 2.7854e+02    623.216      14958  1028.4730  1028.4709    34.0794    34.0769    8.36380         35 0.0000e+00
    220.000    217.619    -1.3705  27.301478    -1.3692  27.300646     6.2183     6.6041     0.4601    96.8430 1.0000e-12  -73.08648 -113.78588  17.072415      99.91 2.7854e+02    624.679      14993  1028.4784  1028.4763    34.0819    34.0792    8.35963         31 0.0000e+00
    221.000    218.607    -1.3738  27.299679    -1.3731  27.299389     6.2340     6.6188     0.1861    97.1252 1.0000e-12  -73.08648 -113.78588  17.072429      99.91 2.7854e+02    625.852      15021  1028.4840  1028.4830    34.0825    34.0813    8.36034         25 0.0000e+00
    222.000    219.598    -1.3802  27.295540    -1.3798  27.294550     6.2555     6.6336     0.3741    96.9836 1.0000e-12  -73.08648 -113.78588  17.072440      99.91 2.7854e+02    626.828      15045  1028.4900  1028.4885    34.0835    34.0817    8.36172         23 0.0000e+00
    223.000    220.585    -1.3898  27.287728    -1.3902  27.286534     6.2692     6.6533     0.3597    96.9493 1.0000e-12  -73.08648 -113.78588  17.072452      99.91 2.7854e+02    627.819      15069  1028.4950  1028.4941    34.0830    34.0819    8.36389         25 0.0000e+00
    224.000    221.572    -1.4094  27.272235    -1.4089  27.271657     6.2810     6.6699     0.2364    97.0738 1.0000e-12  -73.08649 -113.78588  17.072466      99.91 2.7864e+02    629.041      15098  1028.5013  1028.5001    34.0835    34.0821    8.36827         34 0.0000e+00
    225.000    222.564    -1.4195  27.264761    -1.4184  27.264410     6.2893     6.6708     0.2217    97.0842 1.0000e-12  -73.08648 -113.78588  17.072483      99.92 2.7896e+02    630.524      15134  1028.5070  1028.5056    34.0841    34.0824    8.37050         33 0.0000e+00
    226.000    223.551    -1.4177  27.267326    -1.4167  27.266757     6.2802     6.6728     0.1784    97.1254 1.0000e-12  -73.08648 -113.78588  17.072498      99.92 2.7900e+02    631.807      15164  1028.5122  1028.5106    34.0850    34.0830    8.37005         27 0.0000e+00
    227.000    224.539    -1.4128  27.272317    -1.4116  27.271996     6.2591     6.6495     0.1824    97.0850 1.0000e-12  -73.08648 -113.78588  17.072510      99.92 2.7876e+02    632.848      15189  1028.5171  1028.5156    34.0856    34.0837    8.36891         24 0.0000e+00
    228.000    225.529    -1.4059  27.279532    -1.4047  27.278773     6.2116     6.6017     0.2106    97.0742 1.0000e-12  -73.08648 -113.78588  17.072522      77.08 2.7854e+02    633.874      15214  1028.5225  1028.5205    34.0870    34.0846    8.36727         26 0.0000e+00
    229.000    226.517    -1.3741  27.309231    -1.3717  27.308619     6.1429     6.5408     0.1896    97.1141 1.0000e-12  -73.08648 -113.78588  17.072535      92.34 2.7854e+02    635.036      15242  1028.5284  1028.5253    34.0910    34.0874    8.35990         30 0.0000e+00
    230.000    227.505    -1.3348  27.345005    -1.3310  27.345380     6.0966     6.4878     0.1717    97.1502 1.0000e-12  -73.08648 -113.78588  17.072550     100.00 2.7854e+02    636.349      15273  1028.5338  1028.5304    34.0949    34.0910    8.35088         31 0.0000e+00
    231.000    228.492    -1.2985  27.377716    -1.3028  27.371749     6.0440     6.4283     0.1804    97.1401 1.0000e-12  -73.08648 -113.78587  17.072564      99.92 2.7854e+02    637.541      15302  1028.5389  1028.5365    34.0978    34.0945    8.34259         26 0.0000e+00
    232.000    229.485    -1.2912  27.385210    -1.2835  27.389703     5.9869     6.3755     0.2130    97.0719 1.0000e-12  -73.08648 -113.78587  17.072576      99.90 2.7854e+02    638.563      15327  1028.5445  1028.5419    34.0992    34.0966    8.34087         24 0.0000e+00
