ocean_section_plots/required_files/ctd/dnbp2202_ctd030.cnv
* Sea-Bird SBE 9 Data File:
* FileName = D:\Data\raw\NBP2202_CTD030.hex
* Software Version Seasave V 7.26.7.121
* Temperature SN = 1649
* Conductivity SN = 2513
* Number of Bytes Per Scan = 40
* Number of Voltage Words = 5
* Number of Scans Averaged by the Deck Unit = 1
* NMEA Latitude = 74 13.50 S
* NMEA Longitude = 112 04.99 W
* NMEA UTC (Time) = Jan 21 2022  11:33:09
* NMEA baud rate = 9600
** Ship: RVIB N.B. Palmer
** Cruise: NBP2202 Thwaites
** Station: 17
** Operator: B. Bjork
# nquan = 25
# nvalues = 829                         
# units = specified
# name 0 = prDM: Pressure, Digiquartz [db]
# name 1 = depSM: Depth [salt water, m]
# name 2 = t090C: Temperature [ITS-90, deg C]
# name 3 = c0mS/cm: Conductivity [mS/cm]
# name 4 = t190C: Temperature, 2 [ITS-90, deg C]
# name 5 = c1mS/cm: Conductivity, 2 [mS/cm]
# name 6 = sbeox0ML/L: Oxygen, SBE 43 [ml/l]
# name 7 = sbeox1ML/L: Oxygen, SBE 43, 2 [ml/l]
# name 8 = flECO-AFL: Fluorescence, WET Labs ECO-AFL/FL [mg/m^3]
# name 9 = CStarTr0: Beam Transmission, WET Labs C-Star [%]
# name 10 = par: PAR/Irradiance, Biospherical/Licor
# name 11 = latitude: Latitude [deg]
# name 12 = longitude: Longitude [deg]
# name 13 = timeJ: Julian Days
# name 14 = altM: Altimeter [m]
# name 15 = spar: SPAR, Biospherical/Licor
# name 16 = timeS: Time, Elapsed [seconds]
# name 17 = scan: Scan Count
# name 18 = density00: Density [density, kg/m^3]
# name 19 = density11: Density, 2 [density, kg/m^3]
# name 20 = sal00: Salinity, Practical [PSU]
# name 21 = sal11: Salinity, Practical, 2 [PSU]
# name 22 = oxsolML/L: Oxygen Saturation, Garcia & Gordon [ml/l]
# name 23 = nbin: number of scans per bin
# name 24 = flag: flag
# span 0 =      2.000,    830.000       
# span 1 =      1.977,    819.770       
# span 2 =    -1.5151,     0.4763       
# span 3 =  27.074812,  29.471320       
# span 4 =    -1.5143,     0.4787       
# span 5 =  27.074678,  29.471212       
# span 6 =     4.5994,     7.9227       
# span 7 =     4.8263,     8.1416       
# span 8 =    -0.0201,    16.4592       
# span 9 =    76.8031,    97.4027       
# span 10 = 1.0000e-12, 7.6945e+01      
# span 11 =  -74.22504,  -74.22504      
# span 12 = -112.08322, -112.08318      
# span 13 =  21.484151,  21.496281      
# span 14 =       7.27,     100.04      
# span 15 = 1.2023e+03, 1.2746e+03      
# span 16 =    241.618,   1289.691      
# span 17 =       5800,      30954      
# span 18 =  1027.1948,  1031.6199      
# span 19 =  1027.1967,  1031.6175      
# span 20 =    33.7955,    34.5419      
# span 21 =    33.7971,    34.5391      
# span 22 =    7.93708,    8.39921      
# span 23 =         21,         47      
# span 24 = 0.0000e+00, 0.0000e+00      
# interval = decibars: 1                
# start_time = Jan 21 2022 11:33:09 [NMEA time, header]
# bad_flag = -9.990e-29
*END*
[from data line 116]
    118.000    116.746    -1.3853  27.098864    -1.3852  27.098564     6.1602     6.4934     1.0892    94.8593 1.0000e-12  -74.22504 -112.08320  21.486402      99.88 1.2146e+03    436.133      10468  1027.8289  1027.8285    33.8835    33.8829    8.37475         27 0.0000e+00
    119.000    117.733    -1.3856  27.099281    -1.3854  27.098969     6.1527     6.4913     1.1651    94.6043 1.0000e-12  -74.22504 -112.08320  21.486416      99.88 1.2145e+03    437.307      10496  1027.8340  1027.8335    33.8838    33.8832    8.37480         29 0.0000e+00
    120.000    118.723    -1.3861  27.099900    -1.3860  27.099709     6.1558     6.4881     1.2644    95.0609 1.0000e-12  -74.22504 -112.08320  21.486429      99.88 1.2149e+03    438.470      10524  1027.8395  1027.8392    33.8845    33.8842    8.37486         28 0.0000e+00
    121.000    119.712    -1.3862  27.101092    -1.3860  27.101031     6.1583     6.4855     1.3212    94.9469 1.0000e-12  -74.22504 -112.08320  21.486443      99.88 1.2157e+03    439.636      10552  1027.8452  1027.8449    33.8857    33.8854    8.37482         28 0.0000e+00
    122.000    120.702    -1.3862  27.102187    -1.3860  27.101969     6.1568     6.4892     1.1127    94.7919 1.0000e-12  -74.22504 -112.08320  21.486456      99.88 1.2144e+03    440.815      10581  1027.8507  1027.8503    33.8866    33.8861    8.37476         28 0.0000e+00
    123.000    121.690    -1.3868  27.103507    -1.3866  27.103174     6.1540     6.4887     1.0857    94.5584 1.0000e-12  -74.22504 -112.08320  21.486470      99.88 1.2146e+03    442.007      10609  1027.8570  1027.8565    33.8884    33.8878    8.37478         29 0.0000e+00
    124.000    122.680    -1.3873  27.104600    -1.3872  27.104385     6.1574     6.4883     1.1095    94.9317 1.0000e-12  -74.22504 -112.08320  21.486484      99.88 1.2149e+03    443.189      10638  1027.8630  1027.8628    33.8899    33.8895    8.37481         28 0.0000e+00
    125.000    123.669    -1.3875  27.105248    -1.3874  27.104924     6.1556     6.4877     1.2249    94.7336 1.0000e-12  -74.22504 -112.08320  21.486497      99.88 1.2159e+03    444.342      10665  1027.8683  1027.8678    33.8904    33.8898    8.37483         27 0.0000e+00
    126.000    124.658    -1.3876  27.105708    -1.3876  27.105550     6.1651     6.4957     1.2288    95.0350 1.0000e-12  -74.22504 -112.08320  21.486510      99.88 1.2150e+03    445.494      10693  1027.8732  1027.8730    33.8906    33.8903    8.37485         29 0.0000e+00
    127.000    125.646    -1.3884  27.106610    -1.3882  27.106324     6.1660     6.5010     1.2654    94.8219 1.0000e-12  -74.22504 -112.08320  21.486524      99.88 1.2143e+03    446.671      10721  1027.8792  1027.8788    33.8920    33.8914    8.37493         28 0.0000e+00
    128.000    126.636    -1.3894  27.107351    -1.3892  27.107052     6.1677     6.4991     1.1739    94.8936 1.0000e-12  -74.22504 -112.08320  21.486538      99.88 1.2142e+03    447.857      10750  1027.8853  1027.8848    33.8936    33.8929    8.37507         28 0.0000e+00
    129.000    127.624    -1.3898  27.107828    -1.3896  27.107523     6.1741     6.4935     1.1934    94.8186 1.0000e-12  -74.22504 -112.08320  21.486551      98.89 1.2146e+03    449.034      10778  1027.8906  1027.8901    33.8941    33.8935    8.37513         29 0.0000e+00
    130.000    128.614    -1.3911  27.108268    -1.3910  27.107955     6.1670     6.4898     1.2538    94.8719 1.0000e-12  -74.22504 -112.08320  21.486565      99.87 1.2157e+03    450.221      10806  1027.8966  1027.8961    33.8956    33.8949    8.37534         28 0.0000e+00
    131.000    129.603    -1.3924  27.109200    -1.3923  27.108884     6.1502     6.4896     1.3077    94.9616 1.0000e-12  -74.22504 -112.08320  21.486579      99.87 1.2157e+03    451.410      10835  1027.9032  1027.9027    33.8977    33.8970    8.37550         28 0.0000e+00
    132.000    130.592    -1.3931  27.110825    -1.3928  27.110464     6.1465     6.4849     1.3803    94.8184 1.0000e-12  -74.22504 -112.08320  21.486592      99.89 1.2160e+03    452.581      10863  1027.9100  1027.9093    33.9000    33.8993    8.37551         29 0.0000e+00
    133.000    131.580    -1.3937  27.111921    -1.3933  27.111572     6.1481     6.4817     1.2906    94.8796 1.0000e-12  -74.22504 -112.08320  21.486606      99.88 1.2165e+03    453.743      10891  1027.9160  1027.9153    33.9016    33.9007    8.37555         27 0.0000e+00
    134.000    132.570    -1.3940  27.112719    -1.3936  27.112413     6.1508     6.4796     1.1856    94.3624 1.0000e-12  -74.22504 -112.08320  21.486619      99.87 1.2164e+03    454.909      10919  1027.9215  1027.9208    33.9024    33.9016    8.37557         26 0.0000e+00
    135.000    133.559    -1.3940  27.113403    -1.3937  27.113106     6.1479     6.4742     1.2728    95.0333 1.0000e-12  -74.22504 -112.08320  21.486633      99.88 1.2164e+03    456.073      10947  1027.9266  1027.9260    33.9028    33.9020    8.37556         29 0.0000e+00
    136.000    134.548    -1.3940  27.113983    -1.3937  27.113670     6.1413     6.4677     1.1504    94.8071 1.0000e-12  -74.22504 -112.08320  21.486646      99.88 1.2164e+03    457.242      10975  1027.9315  1027.9309    33.9029    33.9022    8.37554         27 0.0000e+00
    137.000    135.537    -1.3939  27.114722    -1.3937  27.114438     6.1383     6.4629     1.2617    94.6684 1.0000e-12  -74.22504 -112.08320  21.486660      99.88 1.2161e+03    458.417      11003  1027.9365  1027.9360    33.9032    33.9026    8.37551         28 0.0000e+00
    138.000    136.525    -1.3940  27.115543    -1.3936  27.115283     6.1481     6.4757     1.2557    94.8438 1.0000e-12  -74.22504 -112.08320  21.486673      99.89 1.2161e+03    459.575      11031  1027.9418  1027.9412    33.9038    33.9030    8.37549         28 0.0000e+00
    139.000    137.516    -1.3942  27.116699    -1.3939  27.116351     6.1671     6.4866     1.1925    94.6890 1.0000e-12  -74.22504 -112.08320  21.486687      99.88 1.2156e+03    460.738      11059  1027.9476  1027.9469    33.9050    33.9042    8.37546         28 0.0000e+00
    140.000    138.504    -1.3957  27.118038    -1.3954  27.117737     6.2199     6.5426     1.1373    94.5403 1.0000e-12  -74.22504 -112.08320  21.486700      88.97 1.2165e+03    461.909      11087  1027.9548  1027.9542    33.9079    33.9072    8.37562         29 0.0000e+00
    141.000    139.492    -1.3968  27.119775    -1.3964  27.119409     6.3871     6.7121     1.2572    94.7474 1.0000e-12  -74.22504 -112.08320  21.486714      99.70 1.2171e+03    463.090      11115  1027.9621  1027.9613    33.9109    33.9100    8.37569         28 0.0000e+00
    142.000    140.482    -1.4017  27.120740    -1.4015  27.120388     6.6210     6.9275     1.3003    94.9748 1.0000e-12  -74.22504 -112.08320  21.486728      99.88 1.2176e+03    464.285      11144  1027.9723  1027.9717    33.9172    33.9165    8.37642         29 0.0000e+00
    143.000    141.470    -1.4104  27.120026    -1.4102  27.119664     6.7726     7.0729     1.4119    94.6132 1.0000e-12  -74.22504 -112.08320  21.486742      99.88 1.2179e+03    465.481      11173  1027.9843  1027.9837    33.9255    33.9248    8.37788         28 0.0000e+00
    144.000    142.459    -1.4168  27.116980    -1.4168  27.116800     6.8109     7.1218     1.6964    94.6212 1.0000e-12  -74.22504 -112.08320  21.486755      99.87 1.2167e+03    466.646      11201  1027.9915  1027.9913    33.9280    33.9277    8.37918         28 0.0000e+00
    145.000    143.450    -1.4306  27.108726    -1.4304  27.108516     6.7959     7.1204     2.1799    94.6215 1.0000e-12  -74.22504 -112.08320  21.486768      99.87 1.2163e+03    467.790      11228  1028.0000  1027.9995    33.9317    33.9311    8.38207         27 0.0000e+00
    146.000    144.437    -1.4390  27.104443    -1.4387  27.104248     6.7643     7.1031     2.3814    94.0222 1.0000e-12  -74.22504 -112.08320  21.486782      99.86 1.2173e+03    468.938      11256  1028.0076  1028.0072    33.9346    33.9341    8.38377         28 0.0000e+00
    147.000    145.427    -1.4469  27.100280    -1.4470  27.100029     6.7373     7.0834     2.3130    94.1509 1.0000e-12  -74.22504 -112.08320  21.486795      99.86 1.2169e+03    470.101      11283  1028.0149  1028.0148    33.9372    33.9371    8.38540         28 0.0000e+00
    148.000    146.416    -1.4618  27.091805    -1.4617  27.091714     6.7164     7.0706     2.4038    93.5865 1.0000e-12  -74.22504 -112.08320  21.486809      99.86 1.2170e+03    471.273      11312  1028.0243  1028.0240    33.9419    33.9416    8.38849         28 0.0000e+00
    149.000    147.405    -1.4666  27.089551    -1.4665  27.089226     6.7140     7.0638     2.2238    93.4106 1.0000e-12  -74.22504 -112.08320  21.486822      99.85 1.2172e+03    472.446      11340  1028.0306  1028.0300    33.9436    33.9430    8.38947         28 0.0000e+00
    150.000    148.393    -1.4684  27.088924    -1.4682  27.088669     6.7003     7.0619     1.7913    93.2765 1.0000e-12  -74.22504 -112.08319  21.486836      99.85 1.2181e+03    473.598      11367  1028.0358  1028.0352    33.9442    33.9436    8.38984         28 0.0000e+00
    151.000    149.381    -1.4725  27.087427    -1.4722  27.087111     6.6906     7.0519     1.8550    92.8910 1.0000e-12  -74.22504 -112.08319  21.486849      96.77 1.2182e+03    474.746      11395  1028.0422  1028.0416    33.9462    33.9454    8.39065         27 0.0000e+00
    152.000    150.371    -1.4745  27.086887    -1.4740  27.086752     6.6746     7.0417     1.6687    92.8502 1.0000e-12  -74.22504 -112.08319  21.486863      98.66 1.2182e+03    475.926      11423  1028.0478  1028.0471    33.9471    33.9463    8.39104         29 0.0000e+00
    153.000    151.360    -1.4779  27.085420    -1.4777  27.085133     6.6647     7.0309     1.7962    93.4043 1.0000e-12  -74.22504 -112.08318  21.486876      99.87 1.2182e+03    477.123      11452  1028.0536  1028.0531    33.9483    33.9476    8.39174         29 0.0000e+00
    154.000    152.349    -1.4798  27.085058    -1.4794  27.084803     6.6431     7.0060     1.6474    93.3358 1.0000e-12  -74.22504 -112.08320  21.486890      99.87 1.2182e+03    478.323      11481  1028.0592  1028.0586    33.9493    33.9485    8.39210         29 0.0000e+00
    155.000    153.338    -1.4814  27.084770    -1.4813  27.084444     6.6155     6.9829     1.8561    93.6634 1.0000e-12  -74.22504 -112.08319  21.486904      99.87 1.2182e+03    479.503      11509  1028.0647  1028.0641    33.9501    33.9495    8.39242         28 0.0000e+00
    156.000    154.328    -1.4833  27.084586    -1.4830  27.084326     6.6014     6.9705     1.6306    93.5431 1.0000e-12  -74.22504 -112.08319  21.486917      99.87 1.2182e+03    480.648      11537  1028.0705  1028.0699    33.9514    33.9507    8.39276         27 0.0000e+00
    157.000    155.314    -1.4851  27.084323    -1.4849  27.083984     6.5897     6.9509     1.5671    93.4162 1.0000e-12  -74.22504 -112.08319  21.486930      99.88 1.2182e+03    481.765      11563  1028.0762  1028.0756    33.9524    33.9518    8.39311         26 0.0000e+00
    158.000    156.305    -1.4852  27.085310    -1.4849  27.084753     6.5764     6.9381     1.5669    93.3331 1.0000e-12  -74.22504 -112.08319  21.486943      99.87 1.2182e+03    482.904      11591  1028.0816  1028.0807    33.9533    33.9522    8.39308         28 0.0000e+00
    159.000    157.294    -1.4847  27.086717    -1.4843  27.086336     6.5722     6.9291     1.3972    93.5394 1.0000e-12  -74.22504 -112.08320  21.486957      99.88 1.2182e+03    484.082      11619  1028.0868  1028.0861    33.9540    33.9531    8.39292         28 0.0000e+00
    160.000    158.283    -1.4903  27.082838    -1.4901  27.082608     6.5770     6.9360     1.6452    93.4103 1.0000e-12  -74.22504 -112.08318  21.486971      99.88 1.2182e+03    485.262      11647  1028.0923  1028.0917    33.9544    33.9538    8.39417         29 0.0000e+00
    161.000    159.270    -1.4944  27.081645    -1.4943  27.081161     6.5801     6.9468     1.3166    93.7701 1.0000e-12  -74.22504 -112.08320  21.486984      99.87 1.2182e+03    486.436      11675  1028.0992  1028.0985    33.9568    33.9560    8.39495         28 0.0000e+00
    162.000    160.261    -1.5001  27.079479    -1.4997  27.079285     6.6025     6.9612     1.3749    94.5102 1.0000e-12  -74.22504 -112.08319  21.486998      91.21 1.2182e+03    487.600      11703  1028.1066  1028.1059    33.9597    33.9589    8.39606         28 0.0000e+00
    163.000    161.249    -1.4993  27.081690    -1.4989  27.081368     6.6028     6.9681     1.0337    94.2205 1.0000e-12  -74.22504 -112.08319  21.487011      98.71 1.2182e+03    488.763      11731  1028.1125  1028.1118    33.9612    33.9603    8.39579         28 0.0000e+00
    164.000    162.238    -1.4997  27.082075    -1.4992  27.081856     6.6096     6.9651     1.0792    94.6599 1.0000e-12  -74.22504 -112.08319  21.487025      99.87 1.2182e+03    489.933      11759  1028.1175  1028.1168    33.9616    33.9607    8.39586         28 0.0000e+00
    165.000    163.226    -1.4991  27.082942    -1.4987  27.082699     6.6128     6.9685     0.8633    94.2666 1.0000e-12  -74.22504 -112.08318  21.487038      99.88 1.2182e+03    491.109      11788  1028.1221  1028.1214    33.9615    33.9607    8.39574         28 0.0000e+00
    166.000    164.216    -1.4991  27.083588    -1.4982  27.083498     6.6041     6.9689     0.8164    94.4831 1.0000e-12  -74.22504 -112.08320  21.487052      99.87 1.2182e+03    492.285      11816  1028.1271  1028.1261    33.9617    33.9606    8.39571         28 0.0000e+00
    167.000    165.205    -1.4993  27.083920    -1.4988  27.083614     6.6098     6.9676     1.0234    94.5998 1.0000e-12  -74.22504 -112.08318  21.487065      99.89 1.2185e+03    493.460      11844  1028.1319  1028.1311    33.9618    33.9608    8.39575         29 0.0000e+00
    168.000    166.192    -1.4992  27.084378    -1.4990  27.083837     6.5944     6.9575     0.9539    94.7840 1.0000e-12  -74.22504 -112.08319  21.487079      99.88 1.2190e+03    494.640      11872  1028.1366  1028.1358    33.9617    33.9607    8.39574         28 0.0000e+00
    169.000    167.183    -1.5016  27.082942    -1.5006  27.083184     6.5707     6.9416     0.9442    94.7319 1.0000e-12  -74.22504 -112.08319  21.487093      99.88 1.2184e+03    495.806      11900  1028.1416  1028.1409    33.9618    33.9610    8.39628         28 0.0000e+00
    170.000    168.171    -1.5072  27.079154    -1.5062  27.079259     6.5525     6.9203     0.9150    94.8654 1.0000e-12  -74.22504 -112.08319  21.487106      99.88 1.2194e+03    496.948      11928  1028.1471  1028.1463    33.9623    33.9614    8.39750         27 0.0000e+00
    171.000    169.160    -1.5121  27.075908    -1.5106  27.076277     6.5373     6.9107     0.9855    94.7122 1.0000e-12  -74.22504 -112.08320  21.487119      99.89 1.2194e+03    498.091      11955  1028.1525  1028.1515    33.9627    33.9615    8.39858         28 0.0000e+00
    172.000    170.149    -1.5142  27.074812    -1.5135  27.074694     6.5410     6.8989     0.9976    94.8824 1.0000e-12  -74.22504 -112.08318  21.487133      99.89 1.2183e+03    499.252      11983  1028.1576  1028.1568    33.9631    33.9621    8.39905         28 0.0000e+00
    173.000    171.138    -1.5151  27.074851    -1.5143  27.074678     6.5396     6.8978     0.8414    95.3004 1.0000e-12  -74.22504 -112.08320  21.487146      97.84 1.2189e+03    500.421      12011  1028.1627  1028.1619    33.9634    33.9624    8.39921         28 0.0000e+00
    174.000    172.125    -1.5136  27.076428    -1.5133  27.075905     6.5323     6.8921     0.9856    94.8941 1.0000e-12  -74.22504 -112.08319  21.487160      92.28 1.2187e+03    501.607      12040  1028.1673  1028.1665    33.9634    33.9623    8.39890         28 0.0000e+00
