ocean_section_plots/required_files/ctd/dnbp2202_ctd151.cnv
* Sea-Bird SBE 9 Data File:
* FileName = D:\Data\raw\NBP2202_CTD151.hex
* Software Version Seasave V 7.26.7.121
* Temperature SN = 1649
* Conductivity SN = 2513
* Number of Bytes Per Scan = 40
* Number of Voltage Words = 5
* Number of Scans Averaged by the Deck Unit = 1
* NMEA Latitude = 74 06.59 S
* NMEA Longitude = 113 19.34 W
* NMEA UTC (Time) = Jan 31 2022  11:49:46
* NMEA baud rate = 9600
** Ship: RVIB N.B. Palmer
** Cruise: NBP2202 Thwaites
** Station: Yo-Yo 002
** Operator: B. Bjork
# nquan = 28
# nvalues = 414                         
# units = specified
# name 0 = prDM: Pressure, Digiquartz [db]
# name 1 = depSM: Depth [salt water, m]
# name 2 = t090C: Temperature [ITS-90, deg C]
# name 3 = c0mS/cm: Conductivity [mS/cm]
# name 4 = t190C: Temperature, 2 [ITS-90, deg C]
# name 5 = c1mS/cm: Conductivity, 2 [mS/cm]
# name 6 = sbeox0ML/L: Oxygen, SBE 43 [ml/l]
# name 7 = sbeox1ML/L: Oxygen, SBE 43, 2 [ml/l]
# name 8 = flECO-AFL: Fluorescence, WET Labs ECO-AFL/FL [mg/m^3]
# name 9 = CStarTr0: Beam Transmission, WET Labs C-Star [%]
# name 10 = par: PAR/Irradiance, Biospherical/Licor
# name 11 = latitude: Latitude [deg]
# name 12 = longitude: Longitude [deg]
# name 13 = timeJ: Julian Days
# name 14 = altM: Altimeter [m]
# name 15 = spar: SPAR, Biospherical/Licor
# name 16 = timeS: Time, Elapsed [seconds]
# name 17 = scan: Scan Count
# name 18 = density00: Density [density, kg/m^3]
# name 19 = density11: Density, 2 [density, kg/m^3]
# name 20 = v3: Voltage 3
# name 21 = v4: Voltage 4
# name 22 = v5: Voltage 5
# name 23 = sal00: Salinity, Practical [PSU]
# name 24 = sal11: Salinity, Practical, 2 [PSU]
# name 25 = oxsolML/L: Oxygen Saturation, Garcia & Gordon [ml/l]
# name 26 = nbin: number of scans per bin
# name 27 = flag: flag
# span 0 =     10.000,    423.000       
# span 1 =      9.896,    418.210       
# span 2 =    -1.4590,    -0.1959       
# span 3 =  27.022917,  28.519725       
# span 4 =    -1.4590,    -0.1940       
# span 5 =  27.023858,  28.519374       
# span 6 =     4.7794,     7.9990       
# span 7 =     4.8666,     8.2006       
# span 8 =    -0.0220,    23.4049       
# span 9 =    70.7108,    93.6503       
# span 10 = -1.753e-04, 4.2324e+00      
# span 11 =  -74.10992,  -74.10989      
# span 12 = -113.32236, -113.32231      
# span 13 =  31.493216,  31.500275      
# span 14 =       4.74,     100.06      
# span 15 = 1.0206e+03, 1.0745e+03      
# span 16 =     27.866,    637.710      
# span 17 =        670,      15306      
# span 18 =  1027.2370,  1029.5442      
# span 19 =  1027.2354,  1029.5422      
# span 20 =     3.3551,     4.4427      
# span 21 =     0.0635,     3.6986      
# span 22 =     0.1218,     0.2409      
# span 23 =    33.8038,    34.2783      
# span 24 =    33.8020,    34.2763      
# span 25 =    8.09212,    8.39202      
# span 26 =          2,         52      
# span 27 = 0.0000e+00, 0.0000e+00      
# interval = decibars: 1                
# start_time = Jan 31 2022 11:49:46 [NMEA time, header]
# bad_flag = -9.990e-29
*END*
[from data line 363]
    373.000    368.808    -0.3122  28.367029    -0.3106  28.366291     4.8270     4.9213    -0.0053    93.2387 1.0000e-12  -74.10990 -113.32234  31.499008      57.84 1.0706e+03    528.297      12680  1029.2796  1029.2773     4.4232     0.0665     0.1362    34.2351    34.2323    8.11931         32 0.0000e+00
    374.000    369.796    -0.3143  28.364978    -0.3120  28.365021     4.8212     4.9279    -0.0051    93.2378 1.0000e-12  -74.10990 -113.32234  31.499024      57.06 1.0729e+03    529.701      12714  1029.2837  1029.2816     4.4232     0.0642     0.1392    34.2341    34.2316    8.11981         34 0.0000e+00
    375.000    370.784    -0.3126  28.367433    -0.3103  28.367500     4.8262     4.9234    -0.0086    93.2353 1.0000e-12  -74.10990 -113.32234  31.499040      55.78 1.0736e+03    531.024      12746  1029.2889  1029.2868     4.4231     0.0644     0.1351    34.2349    34.2324    8.11940         28 0.0000e+00
    376.000    371.772    -0.3113  28.369347    -0.3094  28.368930     4.8297     4.9222    -0.0106    93.2330 1.0000e-12  -74.10992 -113.32234  31.499052      55.20 1.0705e+03    532.104      12771  1029.2939  1029.2917     4.4229     0.0651     0.1373    34.2353    34.2327    8.11909         27 0.0000e+00
    377.000    372.759    -0.3109  28.370194    -0.3091  28.369699     4.8265     4.9260    -0.0100    93.2456 1.0000e-12  -74.10992 -113.32234  31.499066      54.31 1.0718e+03    533.326      12801  1029.2988  1029.2965     4.4235     0.0640     0.1366    34.2355    34.2327    8.11901         32 0.0000e+00
    378.000    373.748    -0.3104  28.371328    -0.3087  28.370509     4.8295     4.9272    -0.0039    93.2190 1.0000e-12  -74.10990 -113.32235  31.499082      53.23 1.0718e+03    534.712      12834  1029.3037  1029.3012     4.4222     0.0653     0.1374    34.2358    34.2327    8.11888         32 0.0000e+00
    379.000    374.735    -0.3103  28.371728    -0.3074  28.372485     4.8289     4.9268    -0.0077    93.2250 1.0000e-12  -74.10990 -113.32235  31.499099      52.05 1.0718e+03    536.164      12869  1029.3083  1029.3063     4.4226     0.0646     0.1363    34.2356    34.2333    8.11886         34 0.0000e+00
    380.000    375.723    -0.3100  28.372654    -0.3077  28.372667     4.8268     4.9279    -0.0010    93.2257 1.0000e-12  -74.10990 -113.32235  31.499115      51.32 1.0727e+03    537.550      12902  1029.3133  1029.3111     4.4226     0.0653     0.1376    34.2359    34.2333    8.11878         33 0.0000e+00
    381.000    376.711    -0.3103  28.372797    -0.3081  28.372755     4.8252     4.9265    -0.0089    93.2408 1.0000e-12  -74.10990 -113.32235  31.499130      50.51 1.0727e+03    538.872      12934  1029.3180  1029.3158     4.4233     0.0650     0.1377    34.2358    34.2333    8.11885         31 0.0000e+00
    382.000    377.699    -0.3105  28.373099    -0.3084  28.372911     4.8212     4.9242    -0.0121    93.2367 1.0000e-12  -74.10990 -113.32234  31.499145      49.11 1.0715e+03    540.157      12965  1029.3228  1029.3205     4.4231     0.0659     0.1363    34.2359    34.2332    8.11890         31 0.0000e+00
    383.000    378.686    -0.3075  28.376892    -0.3053  28.376706     4.8221     4.9221    -0.0164    93.2296 1.0000e-12  -74.10990 -113.32235  31.499161      48.35 1.0727e+03    541.492      12997  1029.3282  1029.3258     4.4228     0.0655     0.1365    34.2370    34.2342    8.11820         34 0.0000e+00
    384.000    379.674    -0.3059  28.379247    -0.3045  28.378063     4.8251     4.9291    -0.0105    93.2390 1.0000e-12  -74.10990 -113.32234  31.499178      47.34 1.0739e+03    542.985      13033  1029.3334  1029.3308     4.4232     0.0651     0.1364    34.2377    34.2346    8.11781         35 0.0000e+00
    385.000    380.663    -0.3054  28.380196    -0.3033  28.379870     4.8219     4.9233    -0.0035    93.2299 1.0000e-12  -74.10990 -113.32234  31.499196      46.26 1.0720e+03    544.509      13069  1029.3382  1029.3358     4.4228     0.0640     0.1348    34.2378    34.2350    8.11770         35 0.0000e+00
    386.000    381.650    -0.3033  28.382951    -0.3017  28.382173     4.8163     4.9206    -0.0113    93.1570 1.0000e-12  -74.10990 -113.32234  31.499211      45.41 1.0718e+03    545.844      13101  1029.3434  1029.3410     4.4193     0.0650     0.1372    34.2386    34.2357    8.11722         30 0.0000e+00
    387.000    382.638    -0.2995  28.387623    -0.2973  28.387417     4.8210     4.9199    -0.0146    93.1620 1.0000e-12  -74.10990 -113.32234  31.499227      44.13 1.0721e+03    547.176      13133  1029.3489  1029.3466     4.4196     0.0647     0.1359    34.2399    34.2372    8.11632         34 0.0000e+00
    388.000    383.626    -0.2965  28.391347    -0.2942  28.391153     4.8154     4.9210    -0.0124    93.2217 1.0000e-12  -74.10990 -113.32234  31.499244      43.45 1.0729e+03    548.640      13168  1029.3543  1029.3518     4.4224     0.0649     0.1378    34.2409    34.2381    8.11563         36 0.0000e+00
    389.000    384.613    -0.2904  28.398769    -0.2877  28.398765     4.8111     4.9090    -0.0018    93.2265 1.0000e-12  -74.10990 -113.32234  31.499261      42.17 1.0720e+03    550.151      13205  1029.3605  1029.3578     4.4226     0.0635     0.1375    34.2434    34.2403    8.11419         34 0.0000e+00
    390.000    385.601    -0.2843  28.405889    -0.2822  28.405718     4.8091     4.9116    -0.0095    93.2371 1.0000e-12  -74.10990 -113.32234  31.499278      41.25 1.0724e+03    551.615      13240  1029.3664  1029.3642     4.4231     0.0643     0.1370    34.2455    34.2429    8.11277         34 0.0000e+00
    391.000    386.590    -0.2786  28.413032    -0.2759  28.413235     4.8038     4.9098    -0.0191    93.2375 1.0000e-12  -74.10990 -113.32234  31.499294      39.95 1.0738e+03    553.002      13273  1029.3727  1029.3703     4.4232     0.0646     0.1375    34.2479    34.2452    8.11141         31 0.0000e+00
    392.000    387.577    -0.2682  28.425092    -0.2663  28.424359     4.8040     4.9012    -0.0096    93.2147 1.0000e-12  -74.10990 -113.32234  31.499310      39.42 1.0723e+03    554.370      13306  1029.3798  1029.3772     4.4221     0.0642     0.1382    34.2518    34.2486    8.10898         34 0.0000e+00
    393.000    388.563    -0.2646  28.429650    -0.2628  28.428777     4.8054     4.9098    -0.0108    93.2094 1.0000e-12  -74.10990 -113.32234  31.499327      38.15 1.0728e+03    555.896      13343  1029.3855  1029.3829     4.4218     0.0651     0.1379    34.2532    34.2500    8.10813         35 0.0000e+00
    394.000    389.553    -0.2618  28.433315    -0.2595  28.433079     4.8016     4.9075    -0.0121    93.1980 1.0000e-12  -74.10990 -113.32233  31.499347      37.03 1.0732e+03    557.589      13383  1029.3911  1029.3886     4.4213     0.0653     0.1396    34.2544    34.2515    8.10748         35 0.0000e+00
    395.000    390.541    -0.2605  28.435107    -0.2581  28.435132     4.8030     4.9052    -0.0052    93.2028 1.0000e-12  -74.10990 -113.32233  31.499367      35.81 1.0707e+03    559.267      13423  1029.3961  1029.3938     4.4215     0.0648     0.1368    34.2547    34.2520    8.10718         40 0.0000e+00
    396.000    391.528    -0.2572  28.439458    -0.2548  28.439181     4.7983     4.8976    -0.0107    93.1983 1.0000e-12  -74.10990 -113.32233  31.499387      34.86 1.0719e+03    561.035      13466  1029.4018  1029.3992     4.4213     0.0643     0.1395    34.2561    34.2531    8.10639         43 0.0000e+00
    397.000    392.515    -0.2434  28.455639    -0.2409  28.455187     4.7926     4.8934    -0.0103    93.1950 1.0000e-12  -74.10990 -113.32233  31.499409      34.08 1.0732e+03    562.920      13511  1029.4099  1029.4070     4.4211     0.0644     0.1365    34.2616    34.2582    8.10314         39 0.0000e+00
    398.000    393.503    -0.2335  28.467303    -0.2323  28.465257     4.7902     4.8873    -0.0166    93.1930 1.0000e-12  -74.10990 -113.32233  31.499432      32.73 1.0712e+03    564.907      13559  1029.4170  1029.4137     4.4210     0.0649     0.1364    34.2654    34.2613    8.10082         45 0.0000e+00
    399.000    394.494    -0.2250  28.477284    -0.2227  28.476874     4.7895     4.8906    -0.0109    93.1700 1.0000e-12  -74.10990 -113.32233  31.499453      31.44 1.0719e+03    566.778      13604  1029.4237  1029.4211     4.4200     0.0654     0.1383    34.2686    34.2654    8.09883         33 0.0000e+00
    400.000    395.479    -0.2212  28.481987    -0.2192  28.481379     4.7865     4.8888    -0.0099    93.1537 1.0000e-12  -74.10990 -113.32232  31.499477      30.36 1.0715e+03    568.805      13652  1029.4295  1029.4269     4.4192     0.0653     0.1400    34.2700    34.2669    8.09795         40 0.0000e+00
    401.000    396.467    -0.2172  28.487003    -0.2156  28.485894     4.7832     4.8855    -0.0098    93.1529 1.0000e-12  -74.10990 -113.32232  31.499499      29.55 1.0711e+03    570.750      13699  1029.4354  1029.4326     4.4191     0.0666     0.1404    34.2716    34.2683    8.09702         42 0.0000e+00
    402.000    397.453    -0.2128  28.492534    -0.2114  28.491123     4.7826     4.8865    -0.0059    93.1421 1.0000e-12  -74.10990 -113.32232  31.499522      28.56 1.0724e+03    572.698      13746  1029.4413  1029.4385     4.4185     0.0653     0.1388    34.2734    34.2699    8.09597         33 0.0000e+00
    403.000    398.444    -0.2054  28.501188    -0.2046  28.499178     4.7833     4.8872    -0.0103    93.1308 1.0000e-12  -74.10990 -113.32232  31.499547      27.33 1.0713e+03    574.865      13798  1029.4477  1029.4448     4.4181     0.0655     0.1370    34.2760    34.2724    8.09425         33 0.0000e+00
    404.000    399.430    -0.2041  28.502868    -0.2012  28.503282     4.7842     4.8805    -0.0095    93.1249 1.0000e-12  -74.10990 -113.32232  31.499570      25.84 1.0707e+03    576.814      13845  1029.4526  1029.4502     4.4178     0.0667     0.1404    34.2762    34.2735    8.09397         41 0.0000e+00
    405.000    400.417    -0.2005  28.507121    -0.1989  28.506299     4.7835     4.8827    -0.0093    93.1205 1.0000e-12  -74.10990 -113.32232  31.499593      24.91 1.0737e+03    578.855      13894  1029.4580  1029.4556     4.4176     0.0661     0.1417    34.2772    34.2743    8.09315         36 0.0000e+00
    406.000    401.405    -0.1998  28.508415    -0.1974  28.508351     4.7811     4.8720    -0.0092    93.1098 1.0000e-12  -74.10990 -113.32232  31.499619      23.87 1.0733e+03    581.096      13947  1029.4630  1029.4606     4.4171     0.0656     0.1435    34.2776    34.2747    8.09298         39 0.0000e+00
    407.000    402.393    -0.1993  28.509352    -0.1972  28.508935     4.7813     4.8792    -0.0083    93.1044 1.0000e-12  -74.10990 -113.32232  31.499642      22.75 1.0716e+03    583.093      13995  1029.4679  1029.4655     4.4169     0.0662     0.1401    34.2777    34.2748    8.09287         40 0.0000e+00
    408.000    403.380    -0.1984  28.510713    -0.1961  28.510707     4.7854     4.8801    -0.0107    93.0915 1.0000e-12  -74.10990 -113.32232  31.499666      21.70 1.0731e+03    585.123      14044  1029.4727  1029.4706     4.4162     0.0659     0.1401    34.2778    34.2752    8.09266         39 0.0000e+00
    409.000    404.370    -0.1981  28.511367    -0.1959  28.511137     4.7797     4.8810    -0.0104    93.0886 1.0000e-12  -74.10990 -113.32232  31.499694      20.61 1.0745e+03    587.556      14102  1029.4775  1029.4752     4.4161     0.0662     0.1447    34.2778    34.2750    8.09261         38 0.0000e+00
    410.000    405.355    -0.1976  28.512304    -0.1953  28.512225     4.7800     4.8817    -0.0149    93.0953 1.0000e-12  -74.10990 -113.32232  31.499720      19.45 1.0716e+03    589.814      14157  1029.4824  1029.4800     4.4164     0.0663     0.1423    34.2779    34.2752    8.09250         42 0.0000e+00
    411.000    406.343    -0.1982  28.512168    -0.1959  28.512137     4.7832     4.8816    -0.0036    93.0905 1.0000e-12  -74.10990 -113.32233  31.499752      18.24 1.0722e+03    592.612      14224  1029.4870  1029.4848     4.4162     0.0671     0.1414    34.2777    34.2751    8.09262         30 0.0000e+00
    412.000    407.331    -0.1977  28.513020    -0.1955  28.512872     4.7819     4.8824     0.0035    93.0618 1.0000e-12  -74.10990 -113.32234  31.499799      17.21 1.0738e+03    596.612      14320  1029.4918  1029.4895     4.4148     0.0667     0.1421    34.2778    34.2751    8.09253         36 0.0000e+00
    413.000    408.321    -0.1972  28.514127    -0.1947  28.514081     4.7806     4.8818    -0.0100    93.0848 1.0000e-12  -74.10990 -113.32234  31.499839      15.89 1.0708e+03    600.101      14403  1029.4967  1029.4943     4.4160     0.0673     0.1418    34.2780    34.2752    8.09239         38 0.0000e+00
    414.000    409.307    -0.1966  28.515151    -0.1945  28.514794     4.7794     4.8805    -0.0099    93.0976 1.0000e-12  -74.10990 -113.32234  31.499879      14.76 1.0725e+03    603.586      14487  1029.5015  1029.4991     4.4165     0.0688     0.1427    34.2782    34.2753    8.09227         36 0.0000e+00
    415.000    410.292    -0.1963  28.515958    -0.1940  28.515766     4.7811     4.8801    -0.0101    93.0725 1.0000e-12  -74.10990 -113.32234  31.499914      13.53 1.0745e+03    606.527      14558  1029.5063  1029.5040     4.4154     0.0679     0.1424    34.2782    34.2755    8.09219         39 0.0000e+00
    416.000    411.283    -0.1962  28.516552    -0.1940  28.516300     4.7828     4.8778    -0.0107    93.0932 1.0000e-12  -74.10990 -113.32234  31.499956      12.40 1.0708e+03    610.217      14646  1029.5111  1029.5088     4.4164     0.0675     0.1414    34.2783    34.2755    8.09216         43 0.0000e+00
    417.000    412.270    -0.1962  28.516988    -0.1942  28.516608     4.7813     4.8804    -0.0060    93.1049 1.0000e-12  -74.10991 -113.32234  31.499992      11.27 1.0730e+03    613.300      14720  1029.5159  1029.5135     4.4168     0.0674     0.1436    34.2783    34.2756    8.09217         40 0.0000e+00
    418.000    413.260    -0.1963  28.517294    -0.1945  28.516690     4.7825     4.8807    -0.0084    93.0979 1.0000e-12  -74.10991 -113.32234  31.500035      10.15 1.0742e+03    617.013      14809  1029.5205  1029.5182     4.4165     0.0673     0.1433    34.2782    34.2754    8.09219         41 0.0000e+00
    419.000    414.245    -0.1965  28.517414    -0.1947  28.516825     4.7822     4.8812    -0.0130    93.0938 1.0000e-12  -74.10991 -113.32234  31.500071       9.09 1.0733e+03    620.096      14883  1029.5251  1029.5228     4.4163     0.0679     0.1412    34.2780    34.2753    8.09224         40 0.0000e+00
    420.000    415.231    -0.1973  28.517003    -0.1951  28.516822     4.7836     4.8800    -0.0071    93.0991 1.0000e-12  -74.10992 -113.32234  31.500111       8.02 1.0729e+03    623.632      14968  1029.5297  1029.5275     4.4166     0.0674     0.1452    34.2778    34.2751    8.09243         39 0.0000e+00
    421.000    416.221    -0.1978  28.516857    -0.1959  28.516287     4.7830     4.8813     0.0023    93.0862 1.0000e-12  -74.10991 -113.32234  31.500146       7.04 1.0745e+03    626.617      15040  1029.5343  1029.5319     4.4160     0.0678     0.1419    34.2775    34.2747    8.09254         42 0.0000e+00
    422.000    417.206    -0.1981  28.516922    -0.1960  28.516566     4.7821     4.8800    -0.0064    93.0952 1.0000e-12  -74.10992 -113.32233  31.500190       5.93 1.0725e+03    630.436      15131  1029.5390  1029.5366     4.4164     0.0670     0.1503    34.2775    34.2747    8.09263         31 0.0000e+00
    423.000    418.210    -0.1959  28.519725    -0.1947  28.519374     4.7934     4.8666     0.0042    93.0470 1.0000e-12  -74.10989 -113.32231  31.500275       4.74 1.0597e+03    637.710      15306  1029.5442  1029.5422     4.4148     0.0695     0.1356    34.2781    34.2763    8.09212          2 0.0000e+00
