ocean_section_plots/required_files/ctd/dnbp2202_ctd132.cnv
* Sea-Bird SBE 9 Data File:
* FileName = D:\Data\raw\NBP2202_CTD132.hex
* Software Version Seasave V 7.26.7.121
* Temperature SN = 1649
* Conductivity SN = 2513
* Number of Bytes Per Scan = 40
* Number of Voltage Words = 5
* Number of Scans Averaged by the Deck Unit = 1
* NMEA Latitude = 74 06.56 S
* NMEA Longitude = 112 17.20 W
* NMEA UTC (Time) = Jan 28 2022  03:29:28
* NMEA baud rate = 9600
** Ship: RVIB N.B. Palmer
** Cruise: NBP2202 Thwaites
** Station: 61
** Operator: B. Bjork
# nquan = 25
# nvalues = 838                         
# units = specified
# name 0 = prDM: Pressure, Digiquartz [db]
# name 1 = depSM: Depth [salt water, m]
# name 2 = t090C: Temperature [ITS-90, deg C]
# name 3 = c0mS/cm: Conductivity [mS/cm]
# name 4 = t190C: Temperature, 2 [ITS-90, deg C]
# name 5 = c1mS/cm: Conductivity, 2 [mS/cm]
# name 6 = sbeox0ML/L: Oxygen, SBE 43 [ml/l]
# name 7 = sbeox1ML/L: Oxygen, SBE 43, 2 [ml/l]
# name 8 = flECO-AFL: Fluorescence, WET Labs ECO-AFL/FL [mg/m^3]
# name 9 = CStarTr0: Beam Transmission, WET Labs C-Star [%]
# name 10 = par: PAR/Irradiance, Biospherical/Licor
# name 11 = latitude: Latitude [deg]
# name 12 = longitude: Longitude [deg]
# name 13 = timeJ: Julian Days
# name 14 = altM: Altimeter [m]
# name 15 = spar: SPAR, Biospherical/Licor
# name 16 = timeS: Time, Elapsed [seconds]
# name 17 = scan: Scan Count
# name 18 = density00: Density [density, kg/m^3]
# name 19 = density11: Density, 2 [density, kg/m^3]
# name 20 = sal00: Salinity, Practical [PSU]
# name 21 = sal11: Salinity, Practical, 2 [PSU]
# name 22 = oxsolML/L: Oxygen Saturation, Garcia & Gordon [ml/l]
# name 23 = nbin: number of scans per bin
# name 24 = flag: flag
# span 0 =      2.000,    839.000       
# span 1 =      1.980,    828.614       
# span 2 =    -1.5499,     0.5537       
# span 3 =  27.045755,  29.556995       
# span 4 =    -1.5506,     0.5557       
# span 5 =  27.045603,  29.556711       
# span 6 =     4.5634,     9.0206       
# span 7 =     4.6685,     9.3344       
# span 8 =    -0.0095,    29.4456       
# span 9 =    66.3981,    94.7804       
# span 10 = -1.951e-05, 3.6390e+01      
# span 11 =  -74.10940,  -74.10914      
# span 12 = -112.28670, -112.28644      
# span 13 =  28.147782,  28.159242      
# span 14 =      -1.84,     100.23      
# span 15 = 9.3410e+01, 1.0179e+02      
# span 16 =    200.363,   1190.620      
# span 17 =       4810,      28576      
# span 18 =  1027.1872,  1031.6725      
# span 19 =  1027.1917,  1031.6695      
# span 20 =    33.8112,    34.5636      
# span 21 =    33.8158,    34.5603      
# span 22 =    7.92003,    8.40596      
# span 23 =          1,         47      
# span 24 = 0.0000e+00, 0.0000e+00      
# interval = decibars: 1                
# start_time = Jan 28 2022 03:29:28 [NMEA time, header]
# bad_flag = -9.990e-29
*END*
[from data line 406]
    408.000    403.382    -0.2859  28.450057    -0.2842  28.449288     4.9961     5.1245     0.0253    94.5124 1.0000e-12  -74.10918 -112.28650  28.153496      99.76 9.8721e+01    694.073      16659  1029.4909  1029.4885    34.2953    34.2924    8.11027         27 0.0000e+00
    409.000    404.368    -0.2842  28.452095    -0.2820  28.451817     4.9749     5.1055     0.0300    94.4937 1.0000e-12  -74.10916 -112.28650  28.153509      99.76 9.8721e+01    695.209      16686  1029.4959  1029.4934    34.2955    34.2926    8.10990         27 0.0000e+00
    410.000    405.356    -0.2633  28.473351    -0.2607  28.472500     4.9541     5.0930     0.0247    94.4989 1.0000e-12  -74.10916 -112.28650  28.153523      99.75 9.8721e+01    696.359      16714  1029.5024  1029.4990    34.2997    34.2956    8.10521         28 0.0000e+00
    411.000    406.343    -0.2398  28.496289    -0.2371  28.495756     4.9484     5.0766     0.0155    94.4880 1.0000e-12  -74.10916 -112.28650  28.153536      99.76 9.8721e+01    697.505      16741  1029.5082  1029.5050    34.3033    34.2995    8.10001         28 0.0000e+00
    412.000    407.331    -0.2257  28.510167    -0.2224  28.510677     4.9450     5.0681     0.0269    94.4888 1.0000e-12  -74.10916 -112.28650  28.153549      99.76 9.8721e+01    698.667      16769  1029.5137  1029.5110    34.3053    34.3023    8.09689         28 0.0000e+00
    413.000    408.320    -0.2170  28.519402    -0.2145  28.519028     4.9513     5.0717     0.0152    94.4491 1.0000e-12  -74.10916 -112.28650  28.153563      99.76 9.8721e+01    699.826      16797  1029.5195  1029.5167    34.3072    34.3040    8.09494         27 0.0000e+00
    414.000    409.306    -0.2174  28.519938    -0.2156  28.519539     4.9380     5.0639     0.0281    94.4985 1.0000e-12  -74.10916 -112.28649  28.153576      94.14 9.8721e+01    700.959      16824  1029.5250  1029.5229    34.3078    34.3052    8.09499         27 0.0000e+00
    415.000    410.294    -0.2153  28.523596    -0.2129  28.523218     4.9332     5.0652     0.0361    94.4616 1.0000e-12  -74.10916 -112.28650  28.153589      75.29 9.8721e+01    702.049      16850  1029.5313  1029.5286    34.3097    34.3065    8.09443         24 0.0000e+00
    416.000    411.283    -0.2012  28.537579    -0.1987  28.537364     4.9384     5.0685     0.0232    94.4861 1.0000e-12  -74.10916 -112.28649  28.153600      90.39 9.8721e+01    702.996      16873  1029.5368  1029.5342    34.3119    34.3089    8.09132         23 0.0000e+00
    417.000    412.270    -0.1985  28.540512    -0.1964  28.540019     4.9316     5.0548     0.0272    94.4702 1.0000e-12  -74.10916 -112.28648  28.153611      99.78 9.8721e+01    704.023      16898  1029.5418  1029.5392    34.3122    34.3092    8.09074         26 0.0000e+00
    418.000    413.258    -0.2011  28.539488    -0.1992  28.539210     4.9244     5.0491     0.0233    94.4592 1.0000e-12  -74.10916 -112.28648  28.153624      99.76 9.8721e+01    705.099      16923  1029.5477  1029.5455    34.3131    34.3106    8.09123         25 0.0000e+00
    419.000    414.246    -0.1754  28.565586    -0.1722  28.565255     4.9244     5.0465     0.0213    94.4617 1.0000e-12  -74.10916 -112.28648  28.153635      99.75 9.8721e+01    706.053      16946  1029.5545  1029.5510    34.3184    34.3143    8.08549         22 0.0000e+00
    420.000    415.233    -0.1725  28.567617    -0.1712  28.566945     4.9290     5.0537     0.0408    94.4655 1.0000e-12  -74.10916 -112.28648  28.153646      99.76 9.8721e+01    707.023      16970  1029.5583  1029.5563    34.3173    34.3148    8.08494         25 0.0000e+00
    421.000    416.221    -0.1823  28.560707    -0.1798  28.560757     4.9329     5.0558     0.0390    94.4530 1.0000e-12  -74.10916 -112.28648  28.153659      99.76 9.8721e+01    708.141      16996  1029.5651  1029.5628    34.3184    34.3157    8.08694         28 0.0000e+00
    422.000    417.208    -0.1864  28.557956    -0.1854  28.556716     4.9170     5.0407     0.0216    94.4493 1.0000e-12  -74.10916 -112.28648  28.153673      99.76 9.8721e+01    709.310      17024  1029.5707  1029.5684    34.3188    34.3160    8.08779         28 0.0000e+00
    423.000    418.196    -0.1714  28.573391    -0.1689  28.572734     4.9096     5.0312     0.0216    94.4988 1.0000e-12  -74.10916 -112.28648  28.153686      99.76 9.8721e+01    710.434      17051  1029.5766  1029.5736    34.3218    34.3182    8.08444         26 0.0000e+00
    424.000    419.184    -0.1595  28.584389    -0.1583  28.583088     4.9017     5.0283     0.0216    94.4817 1.0000e-12  -74.10916 -112.28648  28.153699      99.76 9.8721e+01    711.576      17079  1029.5811  1029.5785    34.3226    34.3194    8.08189         29 0.0000e+00
    425.000    420.170    -0.1543  28.589694    -0.1527  28.588641     4.9052     5.0246     0.0216    94.4851 1.0000e-12  -74.10916 -112.28648  28.153712      99.76 9.8721e+01    712.750      17107  1029.5860  1029.5834    34.3232    34.3200    8.08075         27 0.0000e+00
    426.000    421.160    -0.1550  28.589989    -0.1526  28.589914     4.9004     5.0291     0.0268    94.4814 1.0000e-12  -74.10916 -112.28648  28.153726      99.75 9.8721e+01    713.898      17135  1029.5914  1029.5891    34.3237    34.3210    8.08086         28 0.0000e+00
    427.000    422.146    -0.1562  28.589945    -0.1535  28.590065     4.8884     5.0152     0.0167    94.4439 1.0000e-12  -74.10915 -112.28648  28.153739      81.21 9.8721e+01    715.057      17162  1029.5970  1029.5945    34.3244    34.3215    8.08107         28 0.0000e+00
    428.000    423.133    -0.1414  28.604384    -0.1376  28.605129     4.8767     5.0011     0.0271    94.4634 1.0000e-12  -74.10914 -112.28648  28.153753      95.20 9.8721e+01    716.219      17190  1029.6021  1029.5992    34.3264    34.3231    8.07783         27 0.0000e+00
    429.000    424.123    -0.1227  28.622450    -0.1201  28.622134     4.8652     4.9928     0.0357    94.4693 1.0000e-12  -74.10914 -112.28648  28.153765      99.79 9.8721e+01    717.320      17217  1029.6073  1029.6044    34.3288    34.3255    8.07374         26 0.0000e+00
    430.000    425.110    -0.1119  28.632819    -0.1096  28.632542     4.8600     4.9884     0.0161    94.4773 1.0000e-12  -74.10914 -112.28648  28.153778      99.75 9.8721e+01    718.408      17243  1029.6121  1029.6096    34.3299    34.3269    8.07141         26 0.0000e+00
    431.000    426.097    -0.1086  28.636423    -0.1068  28.635793     4.8660     4.9888     0.0202    94.4676 1.0000e-12  -74.10914 -112.28646  28.153789      99.76 9.8721e+01    719.387      17266  1029.6171  1029.6148    34.3304    34.3276    8.07068         22 0.0000e+00
    432.000    427.084    -0.1070  28.638625    -0.1047  28.638422     4.8648     4.9887     0.0114    94.3868 1.0000e-12  -74.10914 -112.28648  28.153801      99.76 9.8721e+01    720.368      17290  1029.6223  1029.6199    34.3309    34.3281    8.07032         25 0.0000e+00
    433.000    428.073    -0.1038  28.642273    -0.1017  28.641778     4.8625     4.9850     0.0159    94.4332 1.0000e-12  -74.10914 -112.28646  28.153813      99.76 9.8721e+01    721.469      17316  1029.6275  1029.6250    34.3315    34.3286    8.06960         27 0.0000e+00
    434.000    429.060    -0.1025  28.643973    -0.1003  28.643738     4.8636     4.9809     0.0162    94.4676 1.0000e-12  -74.10914 -112.28647  28.153826      99.76 9.8721e+01    722.603      17343  1029.6324  1029.6301    34.3317    34.3290    8.06931         27 0.0000e+00
    435.000    430.047    -0.1016  28.645438    -0.0997  28.644846     4.8585     4.9817     0.0143    94.4676 1.0000e-12  -74.10914 -112.28647  28.153839      99.76 9.8721e+01    723.674      17369  1029.6375  1029.6350    34.3321    34.3291    8.06911         25 0.0000e+00
    436.000    431.034    -0.0992  28.648232    -0.0971  28.647822     4.8593     4.9806     0.0291    94.4661 1.0000e-12  -74.10914 -112.28647  28.153851      99.76 9.8721e+01    724.728      17394  1029.6424  1029.6400    34.3325    34.3296    8.06857         27 0.0000e+00
    437.000    432.023    -0.0969  28.651185    -0.0948  28.650801     4.8666     4.9827     0.0310    94.4765 1.0000e-12  -74.10914 -112.28647  28.153864      99.76 9.8721e+01    725.865      17422  1029.6477  1029.6453    34.3333    34.3304    8.06805         27 0.0000e+00
    438.000    433.011    -0.1013  28.648786    -0.0994  28.648300     4.8613     4.9828     0.0289    94.4414 1.0000e-12  -74.10914 -112.28648  28.153877      99.76 9.8721e+01    726.994      17449  1029.6538  1029.6515    34.3344    34.3316    8.06890         27 0.0000e+00
    439.000    433.997    -0.0994  28.651557    -0.0973  28.651083     4.8644     4.9841     0.0179    94.4795 1.0000e-12  -74.10914 -112.28648  28.153890      94.76 9.8721e+01    728.085      17475  1029.6592  1029.6568    34.3353    34.3324    8.06845         26 0.0000e+00
    440.000    434.984    -0.0958  28.655353    -0.0935  28.655098     4.8608     4.9825     0.0143    94.4891 1.0000e-12  -74.10914 -112.28648  28.153903      92.97 9.8721e+01    729.185      17501  1029.6640  1029.6616    34.3357    34.3329    8.06767         26 0.0000e+00
    441.000    435.973    -0.0914  28.660044    -0.0891  28.659779     4.8607     4.9835     0.0304    94.4727 1.0000e-12  -74.10914 -112.28648  28.153915      99.58 9.9003e+01    730.254      17527  1029.6691  1029.6665    34.3365    34.3335    8.06671         25 0.0000e+00
    442.000    436.960    -0.0915  28.660807    -0.0895  28.660419     4.8533     4.9782     0.0260    94.4676 1.0000e-12  -74.10914 -112.28648  28.153927      99.76 9.9427e+01    731.297      17552  1029.6742  1029.6719    34.3370    34.3342    8.06669         25 0.0000e+00
    443.000    437.947    -0.0869  28.666565    -0.0847  28.666039     4.8408     4.9661     0.0263    94.4926 1.0000e-12  -74.10914 -112.28648  28.153940      99.75 9.8843e+01    732.403      17579  1029.6802  1029.6775    34.3389    34.3357    8.06562         28 0.0000e+00
    444.000    438.935    -0.0669  28.687041    -0.0643  28.686682     4.8376     4.9583     0.0181    94.4851 1.0000e-12  -74.10914 -112.28648  28.153953      99.76 9.8917e+01    733.543      17606  1029.6865  1029.6836    34.3430    34.3396    8.06117         27 0.0000e+00
    445.000    439.923    -0.0583  28.695832    -0.0561  28.695512     4.8322     4.9587     0.0082    94.4821 1.0000e-12  -74.10914 -112.28648  28.153965      99.76 9.9280e+01    734.614      17632  1029.6917  1029.6892    34.3444    34.3415    8.05928         25 0.0000e+00
    446.000    440.910    -0.0541  28.700742    -0.0520  28.700306     4.8311     4.9540     0.0161    94.4787 1.0000e-12  -74.10914 -112.28648  28.153977      99.76 9.9527e+01    735.647      17657  1029.6972  1029.6947    34.3456    34.3427    8.05833         24 0.0000e+00
    447.000    441.897    -0.0515  28.704102    -0.0493  28.703877     4.8342     4.9534     0.0176    94.4700 1.0000e-12  -74.10914 -112.28648  28.153988      99.76 9.9048e+01    736.591      17679  1029.7026  1029.7002    34.3466    34.3438    8.05773         22 0.0000e+00
    448.000    442.885    -0.0518  28.704341    -0.0508  28.703141     4.8325     4.9554     0.0143    94.4801 1.0000e-12  -74.10914 -112.28648  28.154000      99.76 9.9596e+01    737.597      17703  1029.7075  1029.7053    34.3466    34.3440    8.05779         26 0.0000e+00
    449.000    443.873    -0.0519  28.705282    -0.0499  28.704812     4.8328     4.9566     0.0143    94.4917 1.0000e-12  -74.10914 -112.28648  28.154013      99.76 9.9309e+01    738.701      17730  1029.7129  1029.7105    34.3473    34.3445    8.05776         27 0.0000e+00
    450.000    444.861    -0.0504  28.707691    -0.0482  28.707286     4.8326     4.9505     0.0143    94.4947 1.0000e-12  -74.10914 -112.28648  28.154026      99.76 9.8724e+01    739.827      17757  1029.7184  1029.7158    34.3483    34.3453    8.05740         27 0.0000e+00
    451.000    445.847    -0.0477  28.710983    -0.0457  28.710629     4.8336     4.9509     0.0143    94.3867 1.0000e-12  -74.10914 -112.28647  28.154038      76.93 9.9254e+01    740.921      17783  1029.7235  1029.7212    34.3491    34.3463    8.05679         26 0.0000e+00
    452.000    446.835    -0.0448  28.714389    -0.0427  28.714034     4.8345     4.9553     0.0143    94.4913 1.0000e-12  -74.10914 -112.28647  28.154051      90.72 9.9689e+01    742.018      17809  1029.7287  1029.7263    34.3497    34.3469    8.05614         27 0.0000e+00
    453.000    447.823    -0.0438  28.716588    -0.0416  28.716103     4.8369     4.9565     0.0143    94.5069 1.0000e-12  -74.10914 -112.28648  28.154064      99.77 9.8855e+01    743.148      17837  1029.7343  1029.7317    34.3509    34.3478    8.05585         26 0.0000e+00
    454.000    448.811    -0.0402  28.720906    -0.0379  28.720714     4.8336     4.9558     0.0216    94.5090 1.0000e-12  -74.10914 -112.28648  28.154077      99.76 9.8720e+01    744.257      17863  1029.7397  1029.7373    34.3520    34.3492    8.05504         27 0.0000e+00
    455.000    449.798    -0.0381  28.723677    -0.0360  28.723332     4.8336     4.9514     0.0250    94.5030 1.0000e-12  -74.10914 -112.28648  28.154090      99.76 9.9394e+01    745.349      17889  1029.7449  1029.7424    34.3527    34.3499    8.05456         26 0.0000e+00
    456.000    450.785    -0.0341  28.728530    -0.0318  28.728324     4.8342     4.9534     0.0216    94.5070 1.0000e-12  -74.10914 -112.28648  28.154102      99.76 9.8850e+01    746.451      17916  1029.7504  1029.7479    34.3541    34.3512    8.05364         26 0.0000e+00
    457.000    451.772    -0.0317  28.731440    -0.0293  28.731700     4.8411     4.9594     0.0216    94.5159 1.0000e-12  -74.10914 -112.28648  28.154115      99.77 9.9198e+01    747.531      17942  1029.7554  1029.7533    34.3547    34.3523    8.05310         26 0.0000e+00
    458.000    452.760    -0.0415  28.723350    -0.0412  28.721909     4.8446     4.9636     0.0216    94.4937 1.0000e-12  -74.10914 -112.28648  28.154128      99.76 9.9503e+01    748.627      17968  1029.7608  1029.7590    34.3543    34.3520    8.05518         27 0.0000e+00
    459.000    453.748    -0.0448  28.721166    -0.0428  28.720855     4.8461     4.9646     0.0267    94.5079 1.0000e-12  -74.10914 -112.28648  28.154140      99.76 9.8719e+01    749.732      17995  1029.7661  1029.7638    34.3545    34.3519    8.05586         26 0.0000e+00
    460.000    454.736    -0.0448  28.721671    -0.0430  28.721337     4.8501     4.9657     0.0286    94.5049 1.0000e-12  -74.10914 -112.28647  28.154153      99.76 9.9262e+01    750.812      18020  1029.7709  1029.7688    34.3546    34.3521    8.05586         26 0.0000e+00
    461.000    455.722    -0.0458  28.721333    -0.0437  28.721052     4.8426     4.9633     0.0217    94.5059 1.0000e-12  -74.10914 -112.28646  28.154165      99.76 9.9731e+01    751.884      18046  1029.7757  1029.7734    34.3546    34.3520    8.05606         26 0.0000e+00
    462.000    456.710    -0.0459  28.721741    -0.0437  28.721682     4.8419     4.9640     0.0216    94.5176 1.0000e-12  -74.10914 -112.28646  28.154178      99.76 9.8649e+01    753.007      18073  1029.7805  1029.7784    34.3547    34.3523    8.05608         27 0.0000e+00
    463.000    457.698    -0.0416  28.726968    -0.0397  28.726383     4.8373     4.9612     0.0216    94.4982 1.0000e-12  -74.10914 -112.28646  28.154191      91.61 9.8865e+01    754.102      18099  1029.7860  1029.7836    34.3562    34.3533    8.05509         25 0.0000e+00
    464.000    458.684    -0.0369  28.732404    -0.0350  28.731823     4.8340     4.9605     0.0179    94.5231 1.0000e-12  -74.10914 -112.28646  28.154203      82.90 9.9954e+01    755.161      18125  1029.7915  1029.7890    34.3576    34.3546    8.05402         26 0.0000e+00
