ocean_section_plots/required_files/ctd/dnbp2202_ctd018.cnv
* Sea-Bird SBE 9 Data File:
* FileName = D:\Data\raw\NBP2202_CTD018.hex
* Software Version Seasave V 7.26.7.121
* Temperature SN = 1649
* Conductivity SN = 2513
* Number of Bytes Per Scan = 40
* Number of Voltage Words = 5
* Number of Scans Averaged by the Deck Unit = 1
* NMEA Latitude = 73 47.98 S
* NMEA Longitude = 112 39.90 W
* NMEA UTC (Time) = Jan 18 2022  05:51:28
* NMEA baud rate = 9600
** Ship: RVIB N.B. Palmer
** Cruise: NBP2202 Thwaites
** Station: 13
** Operator: B. Bjork
** pH sensor, Monocorer
# nquan = 25
# nvalues = 737                         
# units = specified
# name 0 = prDM: Pressure, Digiquartz [db]
# name 1 = depSM: Depth [salt water, m]
# name 2 = t090C: Temperature [ITS-90, deg C]
# name 3 = c0mS/cm: Conductivity [mS/cm]
# name 4 = t190C: Temperature, 2 [ITS-90, deg C]
# name 5 = c1mS/cm: Conductivity, 2 [mS/cm]
# name 6 = sbeox0ML/L: Oxygen, SBE 43 [ml/l]
# name 7 = sbeox1ML/L: Oxygen, SBE 43, 2 [ml/l]
# name 8 = flECO-AFL: Fluorescence, WET Labs ECO-AFL/FL [mg/m^3]
# name 9 = CStarTr0: Beam Transmission, WET Labs C-Star [%]
# name 10 = par: PAR/Irradiance, Biospherical/Licor
# name 11 = latitude: Latitude [deg]
# name 12 = longitude: Longitude [deg]
# name 13 = timeJ: Julian Days
# name 14 = altM: Altimeter [m]
# name 15 = spar: SPAR, Biospherical/Licor
# name 16 = timeS: Time, Elapsed [seconds]
# name 17 = scan: Scan Count
# name 18 = density00: Density [density, kg/m^3]
# name 19 = density11: Density, 2 [density, kg/m^3]
# name 20 = sal00: Salinity, Practical [PSU]
# name 21 = sal11: Salinity, Practical, 2 [PSU]
# name 22 = oxsolML/L: Oxygen Saturation, Garcia & Gordon [ml/l]
# name 23 = nbin: number of scans per bin
# name 24 = flag: flag
# span 0 =      3.000,    739.000       
# span 1 =      2.968,    730.052       
# span 2 =    -1.8136,     0.5698       
# span 3 =  26.990652,  29.535905       
# span 4 =    -1.8128,     0.5722       
# span 5 =  26.990234,  29.535469       
# span 6 =     4.5537,     8.8900       
# span 7 =     4.8109,     9.4203       
# span 8 =    -0.0112,    29.1987       
# span 9 =    66.1999,    99.3150       
# span 10 = -2.332e-05, 9.3600e+00      
# span 11 =  -73.79976,  -73.79974      
# span 12 = -112.66506, -112.66500      
# span 13 =  18.247162,  18.261036      
# span 14 =       3.17,     100.59      
# span 15 = 4.1429e+01, 4.7598e+01      
# span 16 =    266.773,   1465.547      
# span 17 =       6404,      35174      
# span 18 =  1027.1815,  1031.2124      
# span 19 =  1027.1822,  1031.2099      
# span 20 =    33.8024,    34.5736      
# span 21 =    33.8031,    34.5705      
# span 22 =    7.91616,    8.45638      
# span 23 =         12,         50      
# span 24 = 0.0000e+00, 0.0000e+00      
# interval = decibars: 1                
# start_time = Jan 18 2022 05:51:28 [NMEA time, header]
# bad_flag = -9.990e-29
*END*
[from data line 522]
    525.000    518.918    -0.0717  28.731050    -0.0694  28.730501     4.8501     5.1267     0.0176    98.9279 1.0000e-12  -73.79974 -112.66504  18.256635      99.12 4.3999e+01   1085.288      26048  1030.0826  1030.0798    34.3588    34.3555    8.06130         32 0.0000e+00
    526.000    519.904    -0.0691  28.734271    -0.0667  28.733875     4.8468     5.1285     0.0163    98.9286 1.0000e-12  -73.79974 -112.66504  18.256651      99.84 4.4181e+01   1086.683      26081  1030.0877  1030.0850    34.3595    34.3563    8.06069         32 0.0000e+00
    527.000    520.893    -0.0673  28.736932    -0.0649  28.736484     4.8488     5.1265     0.0240    98.9359 1.0000e-12  -73.79974 -112.66504  18.256668      99.84 4.3626e+01   1088.124      26116  1030.0931  1030.0903    34.3605    34.3572    8.06027         32 0.0000e+00
    528.000    521.880    -0.0654  28.739540    -0.0629  28.739158     4.8493     5.1273     0.0238    98.9238 1.0000e-12  -73.79974 -112.66504  18.256684      99.84 4.3332e+01   1089.527      26150  1030.0983  1030.0954    34.3612    34.3578    8.05983         33 0.0000e+00
    529.000    522.868    -0.0624  28.743300    -0.0597  28.742979     4.8454     5.1266     0.0295    98.9259 1.0000e-12  -73.79974 -112.66504  18.256702      99.84 4.3786e+01   1091.040      26186  1030.1035  1030.1006    34.3621    34.3588    8.05913         37 0.0000e+00
    530.000    523.853    -0.0610  28.745187    -0.0585  28.744875     4.8390     5.1174     0.0215    98.9183 1.0000e-12  -73.79974 -112.66504  18.256720      99.85 4.3667e+01   1092.569      26223  1030.1085  1030.1057    34.3625    34.3593    8.05882         35 0.0000e+00
    531.000    524.841    -0.0547  28.752328    -0.0515  28.752348     4.8329     5.1171     0.0216    98.9194 1.0000e-12  -73.79974 -112.66504  18.256736      99.84 4.3657e+01   1093.979      26256  1030.1141  1030.1110    34.3643    34.3608    8.05740         34 0.0000e+00
    532.000    525.828    -0.0461  28.761634    -0.0433  28.761485     4.8320     5.1168     0.0236    98.9209 1.0000e-12  -73.79974 -112.66504  18.256752      90.25 4.3348e+01   1095.386      26290  1030.1198  1030.1169    34.3664    34.3631    8.05546         34 0.0000e+00
    533.000    526.815    -0.0416  28.766854    -0.0387  28.766694     4.8289     5.1083     0.0341    98.9422 1.0000e-12  -73.79974 -112.66504  18.256769      85.47 4.3535e+01   1096.869      26326  1030.1252  1030.1222    34.3677    34.3642    8.05444         36 0.0000e+00
    534.000    527.802    -0.0390  28.770186    -0.0363  28.770117     4.8253     5.1060     0.0362    98.9297 1.0000e-12  -73.79974 -112.66504  18.256786      95.92 4.4179e+01   1098.293      26360  1030.1305  1030.1278    34.3686    34.3655    8.05385         33 0.0000e+00
    535.000    528.790    -0.0361  28.773673    -0.0336  28.773147     4.8288     5.1066     0.0313    98.9530 1.0000e-12  -73.79974 -112.66502  18.256802      99.90 4.4238e+01   1099.666      26393  1030.1356  1030.1327    34.3693    34.3658    8.05319         32 0.0000e+00
    536.000    529.775    -0.0356  28.774495    -0.0328  28.774545     4.8290     5.1050     0.0299    98.9386 1.0000e-12  -73.79974 -112.66502  18.256818      99.85 4.3851e+01   1101.035      26426  1030.1404  1030.1377    34.3694    34.3663    8.05310         30 0.0000e+00
    537.000    530.763    -0.0337  28.776982    -0.0314  28.776338     4.8278     5.1003     0.0307    98.8634 1.0000e-12  -73.79974 -112.66502  18.256833      99.85 4.3576e+01   1102.396      26458  1030.1454  1030.1426    34.3699    34.3665    8.05266         32 0.0000e+00
    538.000    531.750    -0.0323  28.778799    -0.0296  28.778767     4.8258     5.1009     0.0282    98.9314 1.0000e-12  -73.79974 -112.66502  18.256849      99.84 4.4343e+01   1103.721      26490  1030.1503  1030.1476    34.3702    34.3671    8.05235         32 0.0000e+00
    539.000    532.739    -0.0317  28.779949    -0.0289  28.779801     4.8216     5.0928     0.0237    98.9504 1.0000e-12  -73.79974 -112.66502  18.256864      99.84 4.4234e+01   1105.060      26522  1030.1552  1030.1524    34.3704    34.3671    8.05221         33 0.0000e+00
    540.000    533.725    -0.0291  28.782996    -0.0264  28.782792     4.8192     5.0987     0.0325    98.9498 1.0000e-12  -73.79976 -112.66502  18.256880      99.85 4.2619e+01   1106.449      26556  1030.1601  1030.1573    34.3709    34.3676    8.05163         31 0.0000e+00
    541.000    534.712    -0.0284  28.784063    -0.0259  28.783745     4.8189     5.1012     0.0306    98.9476 1.0000e-12  -73.79976 -112.66502  18.256896      99.85 4.3985e+01   1107.819      26589  1030.1649  1030.1622    34.3709    34.3678    8.05148         27 0.0000e+00
    542.000    535.699    -0.0263  28.786793    -0.0238  28.786383     4.8117     5.0994     0.0232    98.9609 1.0000e-12  -73.79976 -112.66502  18.256912      81.92 4.4123e+01   1109.212      26622  1030.1700  1030.1671    34.3716    34.3682    8.05100         34 0.0000e+00
    543.000    536.687    -0.0233  28.790247    -0.0205  28.790018     4.8175     5.0928     0.0223    98.9513 1.0000e-12  -73.79976 -112.66502  18.256929      90.10 4.3349e+01   1110.678      26657  1030.1750  1030.1721    34.3723    34.3689    8.05034         35 0.0000e+00
    544.000    537.673    -0.0190  28.795876    -0.0164  28.795592     4.8173     5.0940     0.0192    98.9245 1.0000e-12  -73.79976 -112.66502  18.256947      99.85 4.4216e+01   1112.251      26695  1030.1810  1030.1782    34.3743    34.3711    8.04932         37 0.0000e+00
    545.000    538.661    -0.0156  28.800807    -0.0132  28.800291     4.8180     5.0972     0.0214    98.9400 1.0000e-12  -73.79976 -112.66502  18.256964      99.84 4.3457e+01   1113.704      26730  1030.1872  1030.1843    34.3764    34.3730    8.04849         32 0.0000e+00
    546.000    539.647    -0.0130  28.804488    -0.0106  28.804132     4.8180     5.0942     0.0172    98.9417 1.0000e-12  -73.79976 -112.66501  18.256978      99.85 4.3221e+01   1114.930      26759  1030.1928  1030.1901    34.3777    34.3746    8.04786         27 0.0000e+00
    547.000    540.635    -0.0094  28.808339    -0.0070  28.807901     4.8135     5.0922     0.0091    98.9299 1.0000e-12  -73.79976 -112.66500  18.256992      99.84 4.4141e+01   1116.093      26787  1030.1976  1030.1949    34.3783    34.3750    8.04708         32 0.0000e+00
    548.000    541.622    -0.0058  28.812388    -0.0033  28.811968     4.8116     5.0858     0.0096    98.9032 1.0000e-12  -73.79976 -112.66500  18.257009      99.85 4.4860e+01   1117.619      26824  1030.2027  1030.1998    34.3790    34.3757    8.04628         36 0.0000e+00
    549.000    542.608    -0.0042  28.814979    -0.0019  28.814590     4.8076     5.0851     0.0142    98.9160 1.0000e-12  -73.79976 -112.66500  18.257026      99.85 4.3530e+01   1119.075      26859  1030.2081  1030.2055    34.3800    34.3769    8.04589         31 0.0000e+00
    550.000    543.596    -0.0029  28.817401    -0.0007  28.816844     4.8062     5.0883     0.0217    98.9389 1.0000e-12  -73.79976 -112.66500  18.257039      99.84 4.4077e+01   1120.179      26885  1030.2137  1030.2110    34.3812    34.3780    8.04555         23 0.0000e+00
    551.000    544.584     0.0007  28.822247     0.0030  28.821616     4.8027     5.0856     0.0066    98.9705 1.0000e-12  -73.79976 -112.66500  18.257050      99.85 4.3847e+01   1121.106      26908  1030.2195  1030.2167    34.3829    34.3796    8.04469         23 0.0000e+00
    552.000    545.569     0.0111  28.834158     0.0155  28.835529     4.7937     5.0752     0.0128    98.9487 1.0000e-12  -73.79976 -112.66500  18.257062      99.80 4.3771e+01   1122.166      26933  1030.2261  1030.2234    34.3864    34.3834    8.04230         29 0.0000e+00
    553.000    546.558     0.0277  28.851961     0.0287  28.849726     4.7957     5.0716     0.0143    98.9578 1.0000e-12  -73.79976 -112.66500  18.257079      81.17 4.3609e+01   1123.589      26967  1030.2329  1030.2296    34.3908    34.3867    8.03858         34 0.0000e+00
    554.000    547.544     0.0361  28.861268     0.0382  28.860427     4.7913     5.0697     0.0141    98.9234 1.0000e-12  -73.79976 -112.66500  18.257096     100.04 4.4188e+01   1125.077      27003  1030.2389  1030.2360    34.3931    34.3897    8.03670         32 0.0000e+00
    555.000    548.531     0.0354  28.861032     0.0376  28.860480     4.7847     5.0739     0.0143    98.9702 1.0000e-12  -73.79976 -112.66500  18.257110      99.84 4.3244e+01   1126.289      27032  1030.2437  1030.2411    34.3930    34.3898    8.03684         26 0.0000e+00
    556.000    549.518     0.0353  28.861445     0.0378  28.861255     4.7870     5.0687     0.0143    98.9507 1.0000e-12  -73.79976 -112.66500  18.257122      99.85 4.3416e+01   1127.354      27057  1030.2486  1030.2460    34.3930    34.3900    8.03686         27 0.0000e+00
    557.000    550.504     0.0357  28.862129     0.0382  28.861961     4.7943     5.0673     0.0143    98.9510 1.0000e-12  -73.79976 -112.66500  18.257136      99.85 4.4069e+01   1128.558      27086  1030.2533  1030.2507    34.3930    34.3899    8.03679         30 0.0000e+00
    558.000    551.493     0.0362  28.863249     0.0382  28.862487     4.7906     5.0725     0.0143    98.9363 1.0000e-12  -73.79976 -112.66500  18.257151      99.84 4.4427e+01   1129.820      27117  1030.2583  1030.2555    34.3933    34.3900    8.03667         30 0.0000e+00
    559.000    552.479     0.0358  28.863160     0.0385  28.863323     4.7919     5.0647     0.0205    98.9332 1.0000e-12  -73.79976 -112.66500  18.257164      99.85 4.3555e+01   1130.993      27145  1030.2629  1030.2604    34.3930    34.3902    8.03676         27 0.0000e+00
    560.000    553.466     0.0364  28.864125     0.0385  28.863535     4.7897     5.0631     0.0143    98.9510 1.0000e-12  -73.79976 -112.66500  18.257178      99.84 4.3602e+01   1132.186      27173  1030.2677  1030.2650    34.3930    34.3899    8.03664         30 0.0000e+00
    561.000    554.453     0.0373  28.865568     0.0392  28.864706     4.7880     5.0684     0.0076    98.9360 1.0000e-12  -73.79976 -112.66500  18.257193      99.85 4.2906e+01   1133.436      27203  1030.2726  1030.2698    34.3933    34.3900    8.03643         29 0.0000e+00
    562.000    555.440     0.0400  28.868832     0.0416  28.867790     4.7888     5.0673     0.0126    98.9509 1.0000e-12  -73.79976 -112.66500  18.257206      99.84 4.3193e+01   1134.573      27231  1030.2776  1030.2750    34.3940    34.3908    8.03582         26 0.0000e+00
    563.000    556.426     0.0402  28.869789     0.0425  28.869465     4.7881     5.0674     0.0070    98.9580 1.0000e-12  -73.79976 -112.66501  18.257217      99.84 4.4351e+01   1135.591      27255  1030.2827  1030.2802    34.3945    34.3915    8.03576         24 0.0000e+00
    564.000    557.414     0.0471  28.877646     0.0493  28.876905     4.7855     5.0611     0.0141    98.9636 1.0000e-12  -73.79976 -112.66502  18.257230      85.17 4.4325e+01   1136.657      27281  1030.2885  1030.2856    34.3965    34.3931    8.03419         28 0.0000e+00
    565.000    558.401     0.0489  28.879640     0.0512  28.879138     4.7848     5.0577     0.0084    98.9478 1.0000e-12  -73.79976 -112.66502  18.257245      98.36 4.3362e+01   1138.006      27313  1030.2931  1030.2903    34.3966    34.3933    8.03382         35 0.0000e+00
    566.000    559.387     0.0566  28.888630     0.0589  28.888043     4.7843     5.0612     0.0067    98.9390 1.0000e-12  -73.79976 -112.66502  18.257262      99.85 4.4184e+01   1139.399      27347  1030.2993  1030.2964    34.3992    34.3958    8.03205         32 0.0000e+00
    567.000    560.375     0.0584  28.890897     0.0604  28.890168     4.7864     5.0568     0.0083    98.9389 1.0000e-12  -73.79976 -112.66502  18.257276      99.84 4.4468e+01   1140.644      27376  1030.3042  1030.3016    34.3996    34.3965    8.03165         27 0.0000e+00
    568.000    561.362     0.0587  28.891803     0.0609  28.891235     4.7833     5.0627     0.0065    98.9390 1.0000e-12  -73.79976 -112.66502  18.257289      99.85 4.3043e+01   1141.789      27404  1030.3092  1030.3065    34.3999    34.3967    8.03157         30 0.0000e+00
    569.000    562.349     0.0569  28.890826     0.0590  28.890055     4.7895     5.0635    -0.0008    98.9545 1.0000e-12  -73.79976 -112.66502  18.257305      99.84 4.4220e+01   1143.164      27437  1030.3142  1030.3114    34.4000    34.3966    8.03194         35 0.0000e+00
    570.000    563.337     0.0537  28.888864     0.0552  28.887919     4.7850     5.0708     0.0074    98.9741 1.0000e-12  -73.79976 -112.66502  18.257322      99.84 4.3966e+01   1144.617      27472  1030.3197  1030.3172    34.4004    34.3975    8.03259         34 0.0000e+00
    571.000    564.322     0.0525  28.888462     0.0548  28.888231     4.7894     5.0612     0.0176    98.9671 1.0000e-12  -73.79976 -112.66502  18.257338      99.85 4.2677e+01   1145.998      27505  1030.3247  1030.3222    34.4007    34.3977    8.03283         32 0.0000e+00
    572.000    565.310     0.0544  28.891274     0.0564  28.890511     4.7822     5.0553     0.0087    98.9575 1.0000e-12  -73.79976 -112.66502  18.257353      99.84 4.4352e+01   1147.316      27537  1030.3301  1030.3273    34.4017    34.3984    8.03238         32 0.0000e+00
    573.000    566.296     0.0561  28.893627     0.0581  28.892784     4.7848     5.0623     0.0137    98.9559 1.0000e-12  -73.79976 -112.66502  18.257369      79.01 4.4909e+01   1148.671      27569  1030.3351  1030.3323    34.4022    34.3990    8.03198         32 0.0000e+00
    574.000    567.284     0.0566  28.894636     0.0589  28.894036     4.7807     5.0541     0.0143    98.9766 1.0000e-12  -73.79976 -112.66502  18.257384      94.40 4.3197e+01   1149.975      27600  1030.3400  1030.3371    34.4025    34.3991    8.03187         31 0.0000e+00
    575.000    568.270     0.0730  28.911834     0.0733  28.908766     4.7714     5.0501     0.0143    98.9207 1.0000e-12  -73.79976 -112.66502  18.257399      98.43 4.3429e+01   1151.281      27632  1030.3462  1030.3426    34.4062    34.4018    8.02823         33 0.0000e+00
    576.000    569.258     0.0865  28.925932     0.0893  28.925377     4.7661     5.0412     0.0191    98.9648 1.0000e-12  -73.79976 -112.66502  18.257416      99.86 4.4135e+01   1152.710      27666  1030.3520  1030.3487    34.4091    34.4053    8.02524         34 0.0000e+00
    577.000    570.244     0.0880  28.927917     0.0903  28.927382     4.7661     5.0417    -0.0052    98.9605 1.0000e-12  -73.79976 -112.66502  18.257432      99.84 4.3148e+01   1154.147      27701  1030.3570  1030.3542    34.4094    34.4062    8.02491         31 0.0000e+00
    578.000    571.231     0.0888  28.929727     0.0910  28.929097     4.7796     5.0520     0.0222    98.9589 1.0000e-12  -73.79976 -112.66502  18.257446      99.85 4.4226e+01   1155.361      27730  1030.3624  1030.3596    34.4103    34.4071    8.02468         27 0.0000e+00
    579.000    572.218     0.0878  28.929122     0.0898  28.928726     4.7852     5.0607     0.0204    98.9408 1.0000e-12  -73.79976 -112.66502  18.257458      99.84 4.3554e+01   1156.402      27755  1030.3671  1030.3647    34.4101    34.4073    8.02491         24 0.0000e+00
    580.000    573.206     0.0767  28.920764     0.0817  28.923165     4.7893     5.0656     0.0017    98.9259 1.0000e-12  -73.79976 -112.66502  18.257472      99.84 4.4157e+01   1157.568      27783  1030.3736  1030.3712    34.4109    34.4085    8.02719         34 0.0000e+00
    581.000    574.191     0.0763  28.923150     0.0787  28.922580     4.7877     5.0613     0.0105    98.9418 1.0000e-12  -73.79976 -112.66502  18.257490      99.85 4.3917e+01   1159.110      27820  1030.3807  1030.3779    34.4139    34.4105    8.02710         36 0.0000e+00
