ocean_section_plots/required_files/ctd/dnbp2202_ctd030.cnv
* Sea-Bird SBE 9 Data File:
* FileName = D:\Data\raw\NBP2202_CTD030.hex
* Software Version Seasave V 7.26.7.121
* Temperature SN = 1649
* Conductivity SN = 2513
* Number of Bytes Per Scan = 40
* Number of Voltage Words = 5
* Number of Scans Averaged by the Deck Unit = 1
* NMEA Latitude = 74 13.50 S
* NMEA Longitude = 112 04.99 W
* NMEA UTC (Time) = Jan 21 2022  11:33:09
* NMEA baud rate = 9600
** Ship: RVIB N.B. Palmer
** Cruise: NBP2202 Thwaites
** Station: 17
** Operator: B. Bjork
# nquan = 25
# nvalues = 829                         
# units = specified
# name 0 = prDM: Pressure, Digiquartz [db]
# name 1 = depSM: Depth [salt water, m]
# name 2 = t090C: Temperature [ITS-90, deg C]
# name 3 = c0mS/cm: Conductivity [mS/cm]
# name 4 = t190C: Temperature, 2 [ITS-90, deg C]
# name 5 = c1mS/cm: Conductivity, 2 [mS/cm]
# name 6 = sbeox0ML/L: Oxygen, SBE 43 [ml/l]
# name 7 = sbeox1ML/L: Oxygen, SBE 43, 2 [ml/l]
# name 8 = flECO-AFL: Fluorescence, WET Labs ECO-AFL/FL [mg/m^3]
# name 9 = CStarTr0: Beam Transmission, WET Labs C-Star [%]
# name 10 = par: PAR/Irradiance, Biospherical/Licor
# name 11 = latitude: Latitude [deg]
# name 12 = longitude: Longitude [deg]
# name 13 = timeJ: Julian Days
# name 14 = altM: Altimeter [m]
# name 15 = spar: SPAR, Biospherical/Licor
# name 16 = timeS: Time, Elapsed [seconds]
# name 17 = scan: Scan Count
# name 18 = density00: Density [density, kg/m^3]
# name 19 = density11: Density, 2 [density, kg/m^3]
# name 20 = sal00: Salinity, Practical [PSU]
# name 21 = sal11: Salinity, Practical, 2 [PSU]
# name 22 = oxsolML/L: Oxygen Saturation, Garcia & Gordon [ml/l]
# name 23 = nbin: number of scans per bin
# name 24 = flag: flag
# span 0 =      2.000,    830.000       
# span 1 =      1.977,    819.770       
# span 2 =    -1.5151,     0.4763       
# span 3 =  27.074812,  29.471320       
# span 4 =    -1.5143,     0.4787       
# span 5 =  27.074678,  29.471212       
# span 6 =     4.5994,     7.9227       
# span 7 =     4.8263,     8.1416       
# span 8 =    -0.0201,    16.4592       
# span 9 =    76.8031,    97.4027       
# span 10 = 1.0000e-12, 7.6945e+01      
# span 11 =  -74.22504,  -74.22504      
# span 12 = -112.08322, -112.08318      
# span 13 =  21.484151,  21.496281      
# span 14 =       7.27,     100.04      
# span 15 = 1.2023e+03, 1.2746e+03      
# span 16 =    241.618,   1289.691      
# span 17 =       5800,      30954      
# span 18 =  1027.1948,  1031.6199      
# span 19 =  1027.1967,  1031.6175      
# span 20 =    33.7955,    34.5419      
# span 21 =    33.7971,    34.5391      
# span 22 =    7.93708,    8.39921      
# span 23 =         21,         47      
# span 24 = 0.0000e+00, 0.0000e+00      
# interval = decibars: 1                
# start_time = Jan 21 2022 11:33:09 [NMEA time, header]
# bad_flag = -9.990e-29
*END*
[from data line 58]
     60.000     59.370    -1.2731  27.137590    -1.2714  27.140616     6.6650     7.0772    12.4638    85.8031 1.0000e-12  -74.22504 -112.08318  21.485486      99.26 1.2093e+03    357.022       8570  1027.5172  1027.5190    33.8459    33.8482    8.35183         32 0.0000e+00
     61.000     60.360    -1.2890  27.124620    -1.2893  27.124664     6.6258     7.0395     8.8955    85.1244 1.0000e-12  -74.22504 -112.08318  21.485503      99.48 1.2093e+03    358.493       8605  1027.5223  1027.5227    33.8454    33.8459    8.35541         36 0.0000e+00
     62.000     61.349    -1.2931  27.121615    -1.2916  27.123083     6.6206     7.0152     6.4532    83.9125 1.0000e-12  -74.22504 -112.08318  21.485521      99.63 1.2093e+03    359.979       8640  1027.5271  1027.5271    33.8454    33.8456    8.35633         36 0.0000e+00
     63.000     62.337    -1.2984  27.117996    -1.2973  27.119019     6.6144     6.9967     6.0869    85.2297 1.0000e-12  -74.22504 -112.08319  21.485537      99.51 1.2093e+03    361.434       8675  1027.5322  1027.5323    33.8457    33.8460    8.35749         32 0.0000e+00
     64.000     63.327    -1.3029  27.114808    -1.3031  27.114999     6.6106     6.9889     5.9914    85.3103 1.0000e-12  -74.22504 -112.08319  21.485554      99.53 1.2096e+03    362.875       8710  1027.5372  1027.5376    33.8459    33.8464    8.35850         33 0.0000e+00
     65.000     64.316    -1.3045  27.114055    -1.3030  27.115556     6.6137     6.9843     6.8740    86.5660 1.0000e-12  -74.22504 -112.08319  21.485571      99.51 1.2111e+03    364.321       8745  1027.5420  1027.5422    33.8460    33.8463    8.35885         29 0.0000e+00
     66.000     65.306    -1.3058  27.113640    -1.3057  27.113903     6.6310     6.9956     6.7420    86.6510 1.0000e-12  -74.22504 -112.08319  21.485588      99.62 1.2113e+03    365.787       8780  1027.5470  1027.5471    33.8463    33.8465    8.35912         35 0.0000e+00
     67.000     66.297    -1.3009  27.118063    -1.3021  27.117040     6.6365     6.9972     6.5709    87.0080 1.0000e-12  -74.22504 -112.08319  21.485605      99.67 1.2104e+03    367.261       8815  1027.5512  1027.5512    33.8461    33.8461    8.35802         35 0.0000e+00
     68.000     67.284    -1.3034  27.116564    -1.3033  27.116756     6.6322     6.9991     6.1570    88.1862 1.0000e-12  -74.22504 -112.08320  21.485622      99.59 1.2101e+03    368.715       8850  1027.5562  1027.5563    33.8463    33.8464    8.35858         35 0.0000e+00
     69.000     68.275    -1.3043  27.116536    -1.3041  27.116549     6.6373     6.9960     5.9768    88.4240 1.0000e-12  -74.22504 -112.08320  21.485638      93.83 1.2095e+03    370.137       8884  1027.5612  1027.5611    33.8466    33.8464    8.35875         34 0.0000e+00
     70.000     69.264    -1.3024  27.118371    -1.3023  27.118308     6.6147     6.9557     5.8254    87.8451 1.0000e-12  -74.22504 -112.08318  21.485655      99.65 1.2101e+03    371.584       8919  1027.5657  1027.5655    33.8464    33.8462    8.35835         35 0.0000e+00
     71.000     70.253    -1.3054  27.116550    -1.3082  27.114650     6.5285     6.8871     5.8333    88.4529 1.0000e-12  -74.22504 -112.08318  21.485672      99.69 1.2106e+03    373.054       8954  1027.5709  1027.5715    33.8467    33.8472    8.35901         35 0.0000e+00
     72.000     71.242    -1.3267  27.100260    -1.3283  27.099551     6.4780     6.8374     5.4229    88.9136 1.0000e-12  -74.22504 -112.08318  21.485689      99.66 1.2100e+03    374.517       8989  1027.5778  1027.5786    33.8478    33.8486    8.36372         31 0.0000e+00
     73.000     72.232    -1.3337  27.095387    -1.3335  27.095594     6.4679     6.8360     5.6579    88.8645 1.0000e-12  -74.22504 -112.08318  21.485706      99.73 1.2099e+03    375.977       9024  1027.5833  1027.5833    33.8484    33.8484    8.36525         35 0.0000e+00
     74.000     73.221    -1.3347  27.095211    -1.3348  27.095132     6.4664     6.8356     3.9795    89.0373 1.0000e-12  -74.22504 -112.08318  21.485722      99.68 1.2098e+03    377.413       9059  1027.5882  1027.5883    33.8486    33.8486    8.36545         34 0.0000e+00
     75.000     74.210    -1.3345  27.096052    -1.3347  27.095868     6.4744     6.8330     3.6268    89.3562 1.0000e-12  -74.22504 -112.08318  21.485739      99.76 1.2100e+03    378.838       9093  1027.5931  1027.5931    33.8489    33.8489    8.36539         35 0.0000e+00
     76.000     75.200    -1.3345  27.097269    -1.3349  27.096948     6.4660     6.8312     3.5509    90.2847 1.0000e-12  -74.22504 -112.08318  21.485756      99.80 1.2107e+03    380.281       9128  1027.5987  1027.5988    33.8500    33.8500    8.36533         33 0.0000e+00
     77.000     76.189    -1.3357  27.096622    -1.3348  27.097498     6.4728     6.8251     3.0117    90.5485 1.0000e-12  -74.22504 -112.08318  21.485773      99.79 1.2101e+03    381.747       9163  1027.6034  1027.6034    33.8498    33.8500    8.36561         35 0.0000e+00
     78.000     77.177    -1.3351  27.097774    -1.3349  27.097979     6.4789     6.8317     3.0945    90.5740 1.0000e-12  -74.22504 -112.08318  21.485789      92.76 1.2097e+03    383.204       9198  1027.6083  1027.6083    33.8501    33.8501    8.36546         35 0.0000e+00
     79.000     78.167    -1.3339  27.099486    -1.3335  27.099792     6.4924     6.8417     3.6075    90.4084 1.0000e-12  -74.22504 -112.08318  21.485806      99.72 1.2097e+03    384.649       9233  1027.6132  1027.6133    33.8504    33.8505    8.36516         35 0.0000e+00
     80.000     79.157    -1.3319  27.101760    -1.3328  27.100740     6.4923     6.8327     3.3697    89.9161 1.0000e-12  -74.22504 -112.08318  21.485823      99.80 1.2097e+03    386.104       9267  1027.6181  1027.6178    33.8508    33.8503    8.36471         35 0.0000e+00
     81.000     80.146    -1.3356  27.100112    -1.3360  27.100002     6.4680     6.8184     3.4992    89.3744 1.0000e-12  -74.22504 -112.08318  21.485840      99.80 1.2101e+03    387.561       9302  1027.6242  1027.6244    33.8520    33.8523    8.36546         35 0.0000e+00
     82.000     81.135    -1.3429  27.095116    -1.3433  27.094641     6.4724     6.8191     3.6272    90.8471 1.0000e-12  -74.22504 -112.08318  21.485857      99.81 1.2104e+03    389.013       9337  1027.6300  1027.6299    33.8528    33.8526    8.36704         34 0.0000e+00
     83.000     82.124    -1.3419  27.096792    -1.3420  27.096788     6.4103     6.7577     2.6831    91.2900 1.0000e-12  -74.22504 -112.08318  21.485873      99.81 1.2113e+03    390.466       9372  1027.6351  1027.6352    33.8533    33.8534    8.36678         33 0.0000e+00
     84.000     83.115    -1.3498  27.093212    -1.3505  27.092781     6.3376     6.6927     2.9988    91.4187 1.0000e-12  -74.22504 -112.08318  21.485890      99.80 1.2113e+03    391.925       9407  1027.6431  1027.6433    33.8567    33.8569    8.36836         35 0.0000e+00
     85.000     84.102    -1.3574  27.088704    -1.3579  27.088411     6.2952     6.6518     2.7372    91.3586 1.0000e-12  -74.22504 -112.08318  21.485907      99.83 1.2121e+03    393.369       9442  1027.6498  1027.6499    33.8586    33.8587    8.36997         35 0.0000e+00
     86.000     85.092    -1.3621  27.086190    -1.3625  27.085933     6.2792     6.6317     2.6266    92.0754 1.0000e-12  -74.22504 -112.08319  21.485924      99.85 1.2117e+03    394.802       9476  1027.6558  1027.6558    33.8598    33.8599    8.37095         34 0.0000e+00
     87.000     86.082    -1.3653  27.085014    -1.3653  27.084985     6.2975     6.6293     2.1932    91.9822 1.0000e-12  -74.22504 -112.08319  21.485940      99.85 1.2123e+03    396.252       9511  1027.6618  1027.6617    33.8612    33.8611    8.37159         35 0.0000e+00
     88.000     87.071    -1.3659  27.086372    -1.3668  27.085282     6.3353     6.6592     1.8353    92.0552 1.0000e-12  -74.22504 -112.08319  21.485957      99.86 1.2114e+03    397.711       9546  1027.6681  1027.6677    33.8631    33.8626    8.37160         35 0.0000e+00
     89.000     88.059    -1.3648  27.088164    -1.3657  27.087115     6.4216     6.7520     1.5973    91.8238 1.0000e-12  -74.22504 -112.08319  21.485974      99.87 1.2109e+03    399.160       9581  1027.6732  1027.6729    33.8637    33.8632    8.37132         34 0.0000e+00
     90.000     89.050    -1.3565  27.096616    -1.3565  27.096240     6.4570     6.7892     1.8316    92.2531 1.0000e-12  -74.22504 -112.08319  21.485991      99.86 1.2117e+03    400.604       9615  1027.6787  1027.6783    33.8652    33.8648    8.36935         35 0.0000e+00
     91.000     90.037    -1.3564  27.098862    -1.3557  27.099356     6.4048     6.7480     1.9326    93.0450 1.0000e-12  -74.22504 -112.08319  21.486007      99.85 1.2112e+03    402.039       9650  1027.6854  1027.6853    33.8676    33.8675    8.36920         34 0.0000e+00
     92.000     91.028    -1.3610  27.096339    -1.3611  27.096141     6.3230     6.6746     2.4375    92.8208 1.0000e-12  -74.22504 -112.08320  21.486024      99.86 1.2124e+03    403.479       9685  1027.6914  1027.6913    33.8687    33.8686    8.37016         35 0.0000e+00
     93.000     92.016    -1.3683  27.091942    -1.3681  27.091983     6.2681     6.6222     2.1079    92.7679 1.0000e-12  -74.22504 -112.08320  21.486041      99.86 1.2119e+03    404.939       9720  1027.6979  1027.6977    33.8703    33.8702    8.37170         35 0.0000e+00
     94.000     93.006    -1.3716  27.090053    -1.3715  27.090065     6.2387     6.5924     1.9841    93.4342 1.0000e-12  -74.22504 -112.08320  21.486058      99.85 1.2111e+03    406.389       9754  1027.7032  1027.7032    33.8708    33.8707    8.37241         35 0.0000e+00
     95.000     93.995    -1.3726  27.089774    -1.3726  27.089660     6.2078     6.5527     1.8394    92.7742 1.0000e-12  -74.22504 -112.08320  21.486075      99.86 1.2115e+03    407.844       9789  1027.7082  1027.7080    33.8710    33.8708    8.37264         35 0.0000e+00
     96.000     94.985    -1.3768  27.087343    -1.3770  27.087134     6.1813     6.5227     1.9358    92.8466 1.0000e-12  -74.22504 -112.08320  21.486092      97.18 1.2118e+03    409.306       9824  1027.7138  1027.7138    33.8718    33.8717    8.37354         35 0.0000e+00
     97.000     95.974    -1.3798  27.086677    -1.3798  27.086571     6.1651     6.5060     1.7128    93.0677 1.0000e-12  -74.22504 -112.08320  21.486108      99.89 1.2126e+03    410.746       9859  1027.7202  1027.7201    33.8736    33.8735    8.37409         34 0.0000e+00
     98.000     96.962    -1.3822  27.087377    -1.3821  27.087187     6.1493     6.4932     1.4837    92.7327 1.0000e-12  -74.22504 -112.08320  21.486124      99.88 1.2126e+03    412.141       9892  1027.7276  1027.7273    33.8767    33.8763    8.37445         33 0.0000e+00
     99.000     97.951    -1.3832  27.088892    -1.3832  27.088706     6.1485     6.4842     1.1907    93.3250 1.0000e-12  -74.22504 -112.08320  21.486140      99.88 1.2122e+03    413.457       9924  1027.7345  1027.7343    33.8793    33.8790    8.37452         31 0.0000e+00
    100.000     98.941    -1.3841  27.089974    -1.3841  27.089699     6.1463     6.4883     1.2754    93.7382 1.0000e-12  -74.22504 -112.08320  21.486154      99.87 1.2128e+03    414.734       9955  1027.7409  1027.7405    33.8812    33.8807    8.37462         30 0.0000e+00
    101.000     99.931    -1.3842  27.090525    -1.3843  27.090335     6.1541     6.4827     1.4306    93.7781 1.0000e-12  -74.22504 -112.08320  21.486169      99.88 1.2128e+03    415.995       9985  1027.7458  1027.7457    33.8815    33.8812    8.37463         31 0.0000e+00
    102.000    100.919    -1.3846  27.091124    -1.3845  27.090948     6.1564     6.4881     1.2102    94.2538 1.0000e-12  -74.22504 -112.08320  21.486184      99.87 1.2129e+03    417.256      10015  1027.7511  1027.7509    33.8821    33.8817    8.37467         29 0.0000e+00
    103.000    101.909    -1.3846  27.091770    -1.3846  27.091499     6.1595     6.4917     1.0235    94.3673 1.0000e-12  -74.22504 -112.08320  21.486198      99.89 1.2129e+03    418.471      10044  1027.7562  1027.7558    33.8824    33.8820    8.37466         29 0.0000e+00
    104.000    102.897    -1.3848  27.092259    -1.3847  27.092039     6.1615     6.4880     1.0224    94.5817 1.0000e-12  -74.22504 -112.08320  21.486211      99.88 1.2129e+03    419.661      10073  1027.7611  1027.7608    33.8826    33.8821    8.37469         29 0.0000e+00
    105.000    103.887    -1.3847  27.092711    -1.3846  27.092467     6.1590     6.4872     1.1441    94.5963 1.0000e-12  -74.22504 -112.08320  21.486225      99.88 1.2133e+03    420.847      10101  1027.7658  1027.7654    33.8825    33.8821    8.37467         28 0.0000e+00
    106.000    104.877    -1.3847  27.093177    -1.3846  27.092958     6.1600     6.4913     0.9914    94.9351 1.0000e-12  -74.22504 -112.08320  21.486239      92.28 1.2131e+03    422.022      10130  1027.7706  1027.7703    33.8825    33.8821    8.37467         28 0.0000e+00
    107.000    105.864    -1.3846  27.093709    -1.3846  27.093524     6.1653     6.4901     1.2659    94.7312 1.0000e-12  -74.22504 -112.08320  21.486252      95.46 1.2132e+03    423.179      10157  1027.7754  1027.7751    33.8825    33.8822    8.37465         28 0.0000e+00
    108.000    106.855    -1.3847  27.094218    -1.3846  27.093986     6.1634     6.4879     1.0857    94.8806 1.0000e-12  -74.22504 -112.08320  21.486266      99.85 1.2135e+03    424.347      10185  1027.7803  1027.7799    33.8826    33.8822    8.37465         28 0.0000e+00
    109.000    107.844    -1.3847  27.094643    -1.3846  27.094416     6.1607     6.4930     1.1169    94.6710 1.0000e-12  -74.22504 -112.08320  21.486279      99.90 1.2145e+03    425.540      10214  1027.7851  1027.7847    33.8827    33.8822    8.37467         29 0.0000e+00
    110.000    108.832    -1.3846  27.095181    -1.3847  27.094849     6.1654     6.4889     1.0929    94.6478 1.0000e-12  -74.22504 -112.08320  21.486293      99.88 1.2146e+03    426.736      10243  1027.7899  1027.7895    33.8827    33.8822    8.37464         28 0.0000e+00
    111.000    109.819    -1.3847  27.095617    -1.3846  27.095294     6.1620     6.4932     1.0520    94.7425 1.0000e-12  -74.22504 -112.08320  21.486307      99.88 1.2146e+03    427.918      10271  1027.7947  1027.7943    33.8827    33.8822    8.37465         28 0.0000e+00
    112.000    110.815    -1.3847  27.096091    -1.3846  27.095856     6.1601     6.4931     1.0989    94.8713 1.0000e-12  -74.22504 -112.08320  21.486320      99.88 1.2144e+03    429.082      10299  1027.7996  1027.7992    33.8828    33.8823    8.37466         26 0.0000e+00
    113.000    111.799    -1.3849  27.096610    -1.3848  27.096316     6.1657     6.4908     1.1174    94.8205 1.0000e-12  -74.22504 -112.08320  21.486334      99.88 1.2131e+03    430.236      10327  1027.8046  1027.8041    33.8831    33.8825    8.37468         28 0.0000e+00
    114.000    112.789    -1.3849  27.096975    -1.3848  27.096754     6.1648     6.4952     1.1304    94.8283 1.0000e-12  -74.22504 -112.08320  21.486347      99.88 1.2133e+03    431.418      10355  1027.8093  1027.8090    33.8830    33.8825    8.37469         28 0.0000e+00
    115.000    113.778    -1.3850  27.097479    -1.3849  27.097153     6.1583     6.4886     1.3055    94.9639 1.0000e-12  -74.22504 -112.08320  21.486361      99.89 1.2147e+03    432.609      10384  1027.8142  1027.8138    33.8831    33.8825    8.37469         29 0.0000e+00
    116.000    114.766    -1.3851  27.097886    -1.3849  27.097600     6.1616     6.4884     1.2251    94.8932 1.0000e-12  -74.22504 -112.08320  21.486375      99.88 1.2149e+03    433.792      10412  1027.8191  1027.8186    33.8832    33.8826    8.37472         28 0.0000e+00
