ocean_section_plots/required_files/ctd/dnbp2202_ctd153.cnv
* Sea-Bird SBE 9 Data File:
* FileName = D:\Data\raw\NBP2202_CTD153.hex
* Software Version Seasave V 7.26.7.121
* Temperature SN = 1649
* Conductivity SN = 2513
* Number of Bytes Per Scan = 40
* Number of Voltage Words = 5
* Number of Scans Averaged by the Deck Unit = 1
* NMEA Latitude = 74 06.59 S
* NMEA Longitude = 113 19.34 W
* NMEA UTC (Time) = Jan 31 2022  12:31:17
* NMEA baud rate = 9600
** Ship: RVIB N.B. Palmer
** Cruise: NBP2202 Thwaites
** Station: Yo-Yo 002
** Operator: B. Bjork
# nquan = 28
# nvalues = 414                         
# units = specified
# name 0 = prDM: Pressure, Digiquartz [db]
# name 1 = depSM: Depth [salt water, m]
# name 2 = t090C: Temperature [ITS-90, deg C]
# name 3 = c0mS/cm: Conductivity [mS/cm]
# name 4 = t190C: Temperature, 2 [ITS-90, deg C]
# name 5 = c1mS/cm: Conductivity, 2 [mS/cm]
# name 6 = sbeox0ML/L: Oxygen, SBE 43 [ml/l]
# name 7 = sbeox1ML/L: Oxygen, SBE 43, 2 [ml/l]
# name 8 = flECO-AFL: Fluorescence, WET Labs ECO-AFL/FL [mg/m^3]
# name 9 = CStarTr0: Beam Transmission, WET Labs C-Star [%]
# name 10 = par: PAR/Irradiance, Biospherical/Licor
# name 11 = latitude: Latitude [deg]
# name 12 = longitude: Longitude [deg]
# name 13 = timeJ: Julian Days
# name 14 = altM: Altimeter [m]
# name 15 = spar: SPAR, Biospherical/Licor
# name 16 = timeS: Time, Elapsed [seconds]
# name 17 = scan: Scan Count
# name 18 = density00: Density [density, kg/m^3]
# name 19 = density11: Density, 2 [density, kg/m^3]
# name 20 = v3: Voltage 3
# name 21 = v4: Voltage 4
# name 22 = v5: Voltage 5
# name 23 = sal00: Salinity, Practical [PSU]
# name 24 = sal11: Salinity, Practical, 2 [PSU]
# name 25 = oxsolML/L: Oxygen Saturation, Garcia & Gordon [ml/l]
# name 26 = nbin: number of scans per bin
# name 27 = flag: flag
# span 0 =     10.000,    423.000       
# span 1 =      9.898,    418.195       
# span 2 =    -1.4507,    -0.1792       
# span 3 =  27.020615,  28.539072       
# span 4 =    -1.4492,    -0.1759       
# span 5 =  27.020561,  28.540064       
# span 6 =     4.7685,     7.9711       
# span 7 =     4.8602,     8.1394       
# span 8 =    -0.0222,    23.2239       
# span 9 =    71.3599,    93.6425       
# span 10 = 1.0000e-12, 5.5248e+00      
# span 11 =  -74.10994,  -74.10991      
# span 12 = -113.32238, -113.32234      
# span 13 =  31.522060,  31.528876      
# span 14 =       4.21,     100.00      
# span 15 = 1.1865e+03, 1.2395e+03      
# span 16 =     29.025,    617.888      
# span 17 =        698,      14830      
# span 18 =  1027.2371,  1029.5488      
# span 19 =  1027.2353,  1029.5467      
# span 20 =     3.3862,     4.4423      
# span 21 =     0.0638,     3.3733      
# span 22 =     0.1228,     0.2609      
# span 23 =    33.8032,    34.2854      
# span 24 =    33.8015,    34.2830      
# span 25 =    8.08817,    8.39015      
# span 26 =         22,         76      
# span 27 = 0.0000e+00, 0.0000e+00      
# interval = decibars: 1                
# start_time = Jan 31 2022 12:31:17 [NMEA time, header]
# bad_flag = -9.990e-29
*END*
[from data line 311]
    321.000    317.432    -0.4490  28.196461    -0.4466  28.196225     4.8972     4.9910    -0.0109    93.3287 1.0000e-12  -74.10992 -113.32236  31.527210      90.08 1.2299e+03    473.989      11377  1029.0048  1029.0023     4.4275     0.0694     0.1344    34.1920    34.1890    8.15104         34 0.0000e+00
    322.000    318.421    -0.4467  28.199364    -0.4437  28.199867     4.8900     4.9887    -0.0097    93.3311 1.0000e-12  -74.10992 -113.32236  31.527227      99.90 1.2308e+03    475.379      11410  1029.0102  1029.0078     4.4276     0.0710     0.1358    34.1927    34.1901    8.15052         33 0.0000e+00
    323.000    319.408    -0.4440  28.202712    -0.4429  28.201326     4.8891     4.9844    -0.0121    93.3044 1.0000e-12  -74.10992 -113.32236  31.527242      99.86 1.2299e+03    476.744      11443  1029.0155  1029.0130     4.4263     0.0702     0.1370    34.1935    34.1904    8.14988         32 0.0000e+00
    324.000    320.396    -0.4429  28.204154    -0.4410  28.203752     4.8918     4.9873    -0.0101    93.3156 1.0000e-12  -74.10992 -113.32236  31.527257      99.87 1.2297e+03    478.040      11474  1029.0205  1029.0182     4.4268     0.0702     0.1353    34.1937    34.1910    8.14965         31 0.0000e+00
    325.000    321.385    -0.4405  28.207326    -0.4388  28.206368     4.8859     4.9793    -0.0056    93.3222 1.0000e-12  -74.10992 -113.32236  31.527272      99.87 1.2285e+03    479.330      11505  1029.0259  1029.0232     4.4272     0.0740     0.1356    34.1946    34.1914    8.14908         31 0.0000e+00
    326.000    322.373    -0.4331  28.215909    -0.4307  28.215740     4.8899     4.9834    -0.0075    93.3178 1.0000e-12  -74.10992 -113.32236  31.527288      99.86 1.2284e+03    480.676      11537  1029.0322  1029.0297     4.4269     0.0699     0.1355    34.1972    34.1942    8.14734         33 0.0000e+00
    327.000    323.361    -0.4283  28.221734    -0.4252  28.222260     4.8811     4.9736    -0.0115    93.3186 1.0000e-12  -74.10992 -113.32236  31.527304      99.87 1.2286e+03    482.045      11570  1029.0381  1029.0357     4.4270     0.0698     0.1343    34.1990    34.1962    8.14621         33 0.0000e+00
    328.000    324.349    -0.4230  28.228122    -0.4208  28.227685     4.8779     4.9820    -0.0196    93.3156 1.0000e-12  -74.10992 -113.32236  31.527319      99.80 1.2304e+03    483.377      11602  1029.0441  1029.0416     4.4269     0.0709     0.1364    34.2009    34.1979    8.14495         29 0.0000e+00
    329.000    325.336    -0.4218  28.229800    -0.4200  28.229150     4.8818     4.9832    -0.0181    93.2962 1.0000e-12  -74.10992 -113.32236  31.527332      99.30 1.2289e+03    484.445      11628  1029.0492  1029.0467     4.4259     0.0700     0.1352    34.2013    34.1983    8.14469         24 0.0000e+00
    330.000    326.326    -0.4212  28.230936    -0.4198  28.229779     4.8796     4.9769     0.0060    93.3128 1.0000e-12  -74.10992 -113.32236  31.527343      99.71 1.2295e+03    485.407      11651  1029.0541  1029.0516     4.4267     0.0694     0.1355    34.2015    34.1984    8.14453         23 0.0000e+00
    331.000    327.313    -0.4194  28.233387    -0.4179  28.232421     4.8840     4.9723    -0.0089    93.3079 1.0000e-12  -74.10992 -113.32236  31.527354      98.93 1.2291e+03    486.401      11675  1029.0594  1029.0569     4.4265     0.0695     0.1355    34.2022    34.1992    8.14412         25 0.0000e+00
    332.000    328.302    -0.4165  28.236939    -0.4144  28.236585     4.8808     4.9747    -0.0189    93.3025 1.0000e-12  -74.10992 -113.32236  31.527367      98.67 1.2282e+03    487.516      11701  1029.0647  1029.0623     4.4262     0.0718     0.1361    34.2031    34.2002    8.14345         28 0.0000e+00
    333.000    329.289    -0.4169  28.236877    -0.4152  28.236216     4.8749     4.9768    -0.0122    93.3056 1.0000e-12  -74.10992 -113.32236  31.527382      97.02 1.2290e+03    488.815      11733  1029.0694  1029.0670     4.4263     0.0701     0.1345    34.2028    34.2000    8.14355         31 0.0000e+00
    334.000    330.278    -0.4168  28.237571    -0.4146  28.237263     4.8736     4.9723    -0.0044    93.2953 1.0000e-12  -74.10992 -113.32236  31.527397      96.48 1.2319e+03    490.125      11764  1029.0743  1029.0719     4.4259     0.0695     0.1332    34.2031    34.2001    8.14351         30 0.0000e+00
    335.000    331.266    -0.4126  28.242557    -0.4113  28.241531     4.8727     4.9691    -0.0114    93.2971 1.0000e-12  -74.10992 -113.32236  31.527410      96.49 1.2321e+03    491.199      11790  1029.0799  1029.0775     4.4259     0.0699     0.1335    34.2044    34.2015    8.14253         22 0.0000e+00
    336.000    332.253    -0.4095  28.246046    -0.4072  28.246009     4.8717     4.9685    -0.0107    93.3064 1.0000e-12  -74.10992 -113.32236  31.527420      95.73 1.2313e+03    492.097      11811  1029.0849  1029.0826     4.4264     0.0700     0.1360    34.2049    34.2023    8.14183         22 0.0000e+00
    337.000    333.242    -0.4073  28.248830    -0.4051  28.248727     4.8730     4.9687    -0.0195    93.3068 1.0000e-12  -74.10992 -113.32236  31.527431      94.35 1.2324e+03    493.061      11834  1029.0900  1029.0878     4.4264     0.0688     0.1345    34.2056    34.2030    8.14132         25 0.0000e+00
    338.000    334.229    -0.4053  28.251205    -0.4028  28.251384     4.8676     4.9665    -0.0191    93.3051 1.0000e-12  -74.10992 -113.32236  31.527444      92.61 1.2306e+03    494.199      11862  1029.0950  1029.0927     4.4263     0.0695     0.1343    34.2060    34.2034    8.14088         29 0.0000e+00
    339.000    335.218    -0.3959  28.261941    -0.3967  28.258133     4.8581     4.9603    -0.0022    93.2851 1.0000e-12  -74.10992 -113.32236  31.527459      91.60 1.2302e+03    495.497      11893  1029.1016  1029.0983     4.4254     0.0688     0.1374    34.2091    34.2049    8.13867         33 0.0000e+00
    340.000    336.207    -0.3907  28.267448    -0.3888  28.266995     4.8648     4.9581    -0.0069    93.2899 1.0000e-12  -74.10992 -113.32236  31.527474      92.36 1.2307e+03    496.783      11924  1029.1068  1029.1044     4.4256     0.0689     0.1348    34.2101    34.2072    8.13752         29 0.0000e+00
    341.000    337.193    -0.3904  28.268275    -0.3882  28.268104     4.8553     4.9529    -0.0116    93.3077 1.0000e-12  -74.10992 -113.32236  31.527487      90.77 1.2310e+03    497.899      11951  1029.1117  1029.1094     4.4265     0.0685     0.1355    34.2103    34.2075    8.13745         23 0.0000e+00
    342.000    338.182    -0.3905  28.268554    -0.3890  28.267700     4.8631     4.9599    -0.0114    93.2949 1.0000e-12  -74.10992 -113.32236  31.527498      89.76 1.2320e+03    498.804      11972  1029.1164  1029.1140     4.4259     0.0684     0.1350    34.2101    34.2072    8.13746         22 0.0000e+00
    343.000    339.171    -0.3902  28.269475    -0.3879  28.269293     4.8607     4.9597    -0.0105    93.3036 1.0000e-12  -74.10992 -113.32236  31.527509      88.14 1.2324e+03    499.746      11995  1029.1214  1029.1190     4.4263     0.0688     0.1370    34.2103    34.2076    8.13738         24 0.0000e+00
    344.000    340.157    -0.3871  28.273157    -0.3853  28.272719     4.8621     4.9574    -0.0161    93.2903 1.0000e-12  -74.10992 -113.32236  31.527521      88.03 1.2321e+03    500.850      12021  1029.1267  1029.1244     4.4256     0.0689     0.1434    34.2112    34.2086    8.13667         29 0.0000e+00
    345.000    341.146    -0.3860  28.274976    -0.3840  28.274436     4.8587     4.9554    -0.0121    93.2918 1.0000e-12  -74.10992 -113.32236  31.527536      86.50 1.2312e+03    502.136      12052  1029.1319  1029.1294     4.4257     0.0678     0.1372    34.2119    34.2089    8.13641         32 0.0000e+00
    346.000    342.134    -0.3824  28.279216    -0.3803  28.278801     4.8524     4.9521    -0.0148    93.3024 1.0000e-12  -74.10992 -113.32236  31.527551      86.01 1.2312e+03    503.441      12084  1029.1373  1029.1348     4.4262     0.0688     0.1395    34.2129    34.2100    8.13558         30 0.0000e+00
    347.000    343.121    -0.3755  28.287398    -0.3737  28.286504     4.8493     4.9451    -0.0165    93.2869 1.0000e-12  -74.10992 -113.32236  31.527565      84.89 1.2327e+03    504.607      12112  1029.1436  1029.1409     4.4254     0.0681     0.1375    34.2154    34.2122    8.13395         25 0.0000e+00
    348.000    344.110    -0.3688  28.294802    -0.3672  28.294085     4.8430     4.9381    -0.0082    93.2831 1.0000e-12  -74.10992 -113.32236  31.527576      84.34 1.2337e+03    505.546      12134  1029.1492  1029.1469     4.4253     0.0682     0.1374    34.2172    34.2144    8.13241         22 0.0000e+00
    349.000    345.098    -0.3660  28.298586    -0.3641  28.297829     4.8484     4.9446    -0.0026    93.2831 1.0000e-12  -74.10992 -113.32236  31.527587      82.36 1.2355e+03    506.516      12157  1029.1549  1029.1523     4.4253     0.0656     0.1368    34.2185    34.2154    8.13175         25 0.0000e+00
    350.000    346.086    -0.3605  28.304618    -0.3582  28.304511     4.8462     4.9358    -0.0039    93.2695 1.0000e-12  -74.10992 -113.32236  31.527600      81.65 1.2342e+03    507.672      12185  1029.1603  1029.1580     4.4247     0.0680     0.1352    34.2198    34.2171    8.13049         29 0.0000e+00
    351.000    347.074    -0.3584  28.307405    -0.3567  28.306603     4.8429     4.9325    -0.0065    93.2840 1.0000e-12  -74.10992 -113.32236  31.527615      81.30 1.2308e+03    508.895      12214  1029.1656  1029.1631     4.4253     0.0679     0.1369    34.2205    34.2175    8.13000         29 0.0000e+00
    352.000    348.061    -0.3511  28.315669    -0.3484  28.315837     4.8352     4.9297    -0.0066    93.2903 1.0000e-12  -74.10992 -113.32236  31.527628      80.05 1.2323e+03    510.065      12243  1029.1716  1029.1692     4.4256     0.0679     0.1356    34.2227    34.2200    8.12831         27 0.0000e+00
    353.000    349.049    -0.3443  28.323472    -0.3421  28.323301     4.8322     4.9303    -0.0113    93.2405 1.0000e-12  -74.10992 -113.32236  31.527641      79.22 1.2338e+03    511.157      12269  1029.1777  1029.1754     4.4233     0.0675     0.1374    34.2250    34.2223    8.12674         25 0.0000e+00
    354.000    350.039    -0.3425  28.325949    -0.3403  28.325638     4.8324     4.9318    -0.0115    93.2801 1.0000e-12  -74.10992 -113.32236  31.527652      77.36 1.2325e+03    512.116      12292  1029.1830  1029.1805     4.4251     0.0675     0.1371    34.2257    34.2228    8.12632         23 0.0000e+00
    355.000    351.026    -0.3429  28.325904    -0.3398  28.326581     4.8365     4.9300    -0.0122    93.2701 1.0000e-12  -74.10992 -113.32236  31.527665      76.13 1.2321e+03    513.226      12318  1029.1877  1029.1854     4.4247     0.0662     0.1374    34.2255    34.2229    8.12641         31 0.0000e+00
    356.000    352.013    -0.3417  28.327595    -0.3396  28.327017     4.8334     4.9254    -0.0098    93.2606 1.0000e-12  -74.10992 -113.32236  31.527680      75.46 1.2326e+03    514.538      12350  1029.1927  1029.1900     4.4242     0.0670     0.1359    34.2258    34.2227    8.12613         32 0.0000e+00
    357.000    353.002    -0.3350  28.335357    -0.3319  28.335981     4.8332     4.9190    -0.0165    93.2800 1.0000e-12  -74.10992 -113.32236  31.527695      74.87 1.2334e+03    515.854      12381  1029.1987  1029.1964     4.4251     0.0660     0.1359    34.2280    34.2254    8.12457         30 0.0000e+00
    358.000    353.990    -0.3300  28.341503    -0.3279  28.341266     4.8273     4.9223    -0.0125    93.2713 1.0000e-12  -74.10992 -113.32236  31.527709      74.37 1.2318e+03    517.043      12410  1029.2047  1029.2025     4.4248     0.0669     0.1388    34.2299    34.2273    8.12339         28 0.0000e+00
    359.000    354.976    -0.3236  28.349324    -0.3218  28.348459     4.8264     4.9185    -0.0101    93.2775 1.0000e-12  -74.10992 -113.32236  31.527722      73.33 1.2336e+03    518.212      12438  1029.2112  1029.2085     4.4250     0.0666     0.1365    34.2327    34.2295    8.12188         28 0.0000e+00
    360.000    355.966    -0.3186  28.355123    -0.3165  28.354847     4.8278     4.9135    -0.0020    93.2658 1.0000e-12  -74.10992 -113.32236  31.527735      72.41 1.2338e+03    519.317      12465  1029.2169  1029.2146     4.4245     0.0673     0.1359    34.2342    34.2314    8.12073         25 0.0000e+00
    361.000    356.953    -0.3180  28.356179    -0.3163  28.355382     4.8242     4.9191    -0.0103    93.2668 1.0000e-12  -74.10992 -113.32236  31.527749      70.33 1.2341e+03    520.498      12493  1029.2218  1029.2192     4.4245     0.0648     0.1369    34.2343    34.2313    8.12059         32 0.0000e+00
    362.000    357.942    -0.3158  28.359105    -0.3135  28.358747     4.8250     4.9145    -0.0129    93.2707 1.0000e-12  -74.10992 -113.32236  31.527764      69.23 1.2346e+03    521.820      12525  1029.2271  1029.2245     4.4247     0.0659     0.1377    34.2351    34.2321    8.12007         31 0.0000e+00
    363.000    358.929    -0.3127  28.363093    -0.3113  28.361814     4.8241     4.9152    -0.0111    93.2841 1.0000e-12  -74.10992 -113.32236  31.527779      68.56 1.2335e+03    523.069      12555  1029.2327  1029.2300     4.4253     0.0677     0.1364    34.2364    34.2331    8.11934         28 0.0000e+00
    364.000    359.917    -0.3097  28.366848    -0.3074  28.366762     4.8190     4.9147    -0.0077    93.2721 1.0000e-12  -74.10992 -113.32236  31.527792      68.17 1.2331e+03    524.203      12582  1029.2381  1029.2358     4.4248     0.0654     0.1373    34.2374    34.2347    8.11864         27 0.0000e+00
    365.000    360.905    -0.3076  28.369542    -0.3057  28.368809     4.8213     4.9153    -0.0142    93.2675 1.0000e-12  -74.10992 -113.32234  31.527805      66.61 1.2334e+03    525.392      12610  1029.2432  1029.2407     4.4246     0.0655     0.1365    34.2380    34.2350    8.11815         31 0.0000e+00
    366.000    361.893    -0.3049  28.372971    -0.3032  28.371962     4.8195     4.9172    -0.0146    93.2548 1.0000e-12  -74.10992 -113.32235  31.527821      65.60 1.2323e+03    526.728      12642  1029.2487  1029.2459     4.4240     0.0640     0.1378    34.2390    34.2357    8.11753         32 0.0000e+00
    367.000    362.880    -0.3039  28.374347    -0.3008  28.375160     4.8169     4.9103    -0.0060    93.2560 1.0000e-12  -74.10992 -113.32235  31.527836      64.94 1.2322e+03    528.019      12673  1029.2535  1029.2514     4.4240     0.0648     0.1357    34.2391    34.2368    8.11730         30 0.0000e+00
    368.000    363.868    -0.3018  28.377269    -0.3006  28.375919     4.8212     4.9115    -0.0103    93.2547 1.0000e-12  -74.10992 -113.32236  31.527850      63.37 1.2348e+03    529.216      12702  1029.2589  1029.2563     4.4240     0.0648     0.1379    34.2401    34.2369    8.11680         28 0.0000e+00
    369.000    364.857    -0.3015  28.377750    -0.3000  28.376943     4.8208     4.9119    -0.0182    93.2426 1.0000e-12  -74.10992 -113.32236  31.527863      62.07 1.2355e+03    530.361      12730  1029.2635  1029.2611     4.4234     0.0659     0.1388    34.2398    34.2371    8.11676         25 0.0000e+00
    370.000    365.845    -0.3015  28.378409    -0.3000  28.377442     4.8227     4.9118    -0.0115    93.2482 1.0000e-12  -74.10992 -113.32234  31.527875      61.93 1.2335e+03    531.415      12755  1029.2684  1029.2659     4.4237     0.0662     0.1386    34.2400    34.2371    8.11673         27 0.0000e+00
    371.000    366.833    -0.3003  28.380177    -0.2973  28.380791     4.8199     4.9118    -0.0111    93.2465 1.0000e-12  -74.10992 -113.32235  31.527889      60.48 1.2321e+03    532.614      12784  1029.2734  1029.2712     4.4236     0.0651     0.1387    34.2404    34.2379    8.11645         30 0.0000e+00
