ocean_section_plots/required_files/ctd/dnbp2202_ctd060.cnv
* Sea-Bird SBE 9 Data File:
* FileName = D:\Data\raw\NBP2202_CTD060.hex
* Software Version Seasave V 7.26.7.121
* Temperature SN = 1649
* Conductivity SN = 2513
* Number of Bytes Per Scan = 40
* Number of Voltage Words = 5
* Number of Scans Averaged by the Deck Unit = 1
* NMEA Latitude = 74 04.83 S
* NMEA Longitude = 111 40.54 W
* NMEA UTC (Time) = Jan 25 2022  09:53:58
* NMEA baud rate = 9600
** Ship: RVIB N.B. Palmer
** Cruise: NBP2202 Thwaites
** Station: 41
** Operator: B.Bjork
# nquan = 25
# nvalues = 309                         
# units = specified
# name 0 = prDM: Pressure, Digiquartz [db]
# name 1 = depSM: Depth [salt water, m]
# name 2 = t090C: Temperature [ITS-90, deg C]
# name 3 = c0mS/cm: Conductivity [mS/cm]
# name 4 = t190C: Temperature, 2 [ITS-90, deg C]
# name 5 = c1mS/cm: Conductivity, 2 [mS/cm]
# name 6 = sbeox0ML/L: Oxygen, SBE 43 [ml/l]
# name 7 = sbeox1ML/L: Oxygen, SBE 43, 2 [ml/l]
# name 8 = flECO-AFL: Fluorescence, WET Labs ECO-AFL/FL [mg/m^3]
# name 9 = CStarTr0: Beam Transmission, WET Labs C-Star [%]
# name 10 = par: PAR/Irradiance, Biospherical/Licor
# name 11 = latitude: Latitude [deg]
# name 12 = longitude: Longitude [deg]
# name 13 = timeJ: Julian Days
# name 14 = altM: Altimeter [m]
# name 15 = spar: SPAR, Biospherical/Licor
# name 16 = timeS: Time, Elapsed [seconds]
# name 17 = scan: Scan Count
# name 18 = density00: Density [density, kg/m^3]
# name 19 = density11: Density, 2 [density, kg/m^3]
# name 20 = sal00: Salinity, Practical [PSU]
# name 21 = sal11: Salinity, Practical, 2 [PSU]
# name 22 = oxsolML/L: Oxygen Saturation, Garcia & Gordon [ml/l]
# name 23 = nbin: number of scans per bin
# name 24 = flag: flag
# span 0 =      3.000,    311.000       
# span 1 =      2.966,    307.544       
# span 2 =    -1.5342,    -1.2615       
# span 3 =  27.029556,  27.362515       
# span 4 =    -1.5340,    -1.2600       
# span 5 =  27.029427,  27.361445       
# span 6 =     5.8459,     7.4603       
# span 7 =     6.1293,     7.8381       
# span 8 =     0.0089,    11.7517       
# span 9 =    79.3732,    96.7901       
# span 10 = -5.906e-07, 1.1398e+01      
# span 11 =  -74.08054,  -74.08054      
# span 12 = -111.67570, -111.67564      
# span 13 =  25.414675,  25.420647      
# span 14 =       5.01,      99.99      
# span 15 = 4.6943e+01, 5.7321e+01      
# span 16 =    189.897,    705.867      
# span 17 =       4559,      16942      
# span 18 =  1027.2048,  1028.9176      
# span 19 =  1027.2053,  1028.9158      
# span 20 =    33.7974,    34.0876      
# span 21 =    33.7981,    34.0856      
# span 22 =    8.35151,    8.40166      
# span 23 =         14,         48      
# span 24 = 0.0000e+00, 0.0000e+00      
# interval = decibars: 1                
# start_time = Jan 25 2022 09:53:58 [NMEA time, header]
# bad_flag = -9.990e-29
*END*
[from data line 174]
    177.000    175.093    -1.4895  27.109792    -1.4890  27.109293     6.3415     6.6402     0.1994    95.9975 1.0000e-12  -74.08054 -111.67565  25.417766      93.76 5.0056e+01    457.016      10969  1028.1943  1028.1933    33.9801    33.9789    8.39245         33 0.0000e+00
    178.000    176.083    -1.4897  27.110120    -1.4892  27.109802     6.3397     6.6400     0.2342    96.0323 1.0000e-12  -74.08054 -111.67566  25.417782      97.74 5.1018e+01    458.393      11002  1028.1991  1028.1983    33.9802    33.9792    8.39250         34 0.0000e+00
    179.000    177.071    -1.4899  27.110611    -1.4895  27.110116     6.3417     6.6323     0.2730    96.1574 1.0000e-12  -74.08054 -111.67566  25.417798      99.92 4.9808e+01    459.764      11035  1028.2041  1028.2031    33.9804    33.9792    8.39252         32 0.0000e+00
    180.000    178.061    -1.4897  27.111232    -1.4895  27.110785     6.3552     6.6466     0.3045    96.2028 1.0000e-12  -74.08054 -111.67566  25.417814      99.92 5.0271e+01    461.131      11068  1028.2090  1028.2082    33.9805    33.9796    8.39248         33 0.0000e+00
    181.000    179.049    -1.4941  27.109068    -1.4917  27.109979     6.3689     6.6569     0.3440    95.9608 1.0000e-12  -74.08054 -111.67566  25.417830      99.94 5.1407e+01    462.512      11101  1028.2150  1028.2137    33.9818    33.9803    8.39338         32 0.0000e+00
    182.000    180.038    -1.5000  27.105429    -1.4985  27.105705     6.3799     6.6737     0.3197    96.0533 1.0000e-12  -74.08054 -111.67566  25.417846      99.93 4.9529e+01    463.894      11134  1028.2210  1028.2200    33.9828    33.9816    8.39465         32 0.0000e+00
    183.000    181.027    -1.5046  27.102166    -1.5039  27.101980     6.3961     6.6876     0.2333    96.1387 1.0000e-12  -74.08054 -111.67566  25.417862      99.93 5.0270e+01    465.251      11167  1028.2262  1028.2253    33.9830    33.9819    8.39569         33 0.0000e+00
    184.000    182.016    -1.5142  27.095501    -1.5140  27.095006     6.4046     6.6931     0.3262    95.9643 1.0000e-12  -74.08054 -111.67566  25.417877      99.92 5.1728e+01    466.603      11199  1028.2324  1028.2317    33.9842    33.9832    8.39779         32 0.0000e+00
    185.000    183.005    -1.5159  27.095330    -1.5154  27.094885     6.3989     6.6982     0.3239    95.8393 1.0000e-12  -74.08054 -111.67566  25.417893      99.94 4.9452e+01    467.987      11233  1028.2381  1028.2371    33.9852    33.9840    8.39810         34 0.0000e+00
    186.000    183.993    -1.5171  27.095352    -1.5166  27.094930     6.3907     6.6907     0.2973    95.8603 1.0000e-12  -74.08054 -111.67566  25.417909      99.93 5.0351e+01    469.351      11265  1028.2435  1028.2425    33.9859    33.9848    8.39833         32 0.0000e+00
    187.000    184.981    -1.5175  27.095728    -1.5170  27.095255     6.3941     6.6948     0.2644    96.1386 1.0000e-12  -74.08054 -111.67566  25.417925      95.36 5.1457e+01    470.690      11298  1028.2485  1028.2475    33.9863    33.9851    8.39840         32 0.0000e+00
    188.000    185.971    -1.5179  27.096122    -1.5175  27.095606     6.3894     6.6937     0.4423    96.0182 1.0000e-12  -74.08054 -111.67566  25.417941      99.95 4.9821e+01    472.069      11331  1028.2536  1028.2526    33.9866    33.9855    8.39846         34 0.0000e+00
    189.000    186.959    -1.5186  27.096365    -1.5181  27.095916     6.3886     6.6946     0.3239    96.1436 1.0000e-12  -74.08054 -111.67566  25.417956      99.93 5.0981e+01    473.442      11364  1028.2588  1028.2578    33.9872    33.9860    8.39860         30 0.0000e+00
    190.000    187.948    -1.5192  27.096684    -1.5186  27.096353     6.3884     6.6942     0.3036    95.7966 1.0000e-12  -74.08054 -111.67566  25.417972      99.93 5.1289e+01    474.794      11396  1028.2639  1028.2630    33.9877    33.9865    8.39870         31 0.0000e+00
    191.000    188.937    -1.5201  27.096907    -1.5196  27.096415     6.3887     6.6940     0.3099    95.9984 1.0000e-12  -74.08054 -111.67566  25.417988      99.93 5.0535e+01    476.168      11429  1028.2693  1028.2683    33.9884    33.9872    8.39886         33 0.0000e+00
    192.000    189.926    -1.5205  27.097324    -1.5201  27.096778     6.3933     6.6871     0.2951    96.0744 1.0000e-12  -74.08054 -111.67566  25.418004      99.93 5.0555e+01    477.541      11462  1028.2744  1028.2734    33.9887    33.9876    8.39892         31 0.0000e+00
    193.000    190.915    -1.5210  27.097465    -1.5206  27.097022     6.3899     6.6833     0.3402    95.9056 1.0000e-12  -74.08054 -111.67566  25.418020      99.93 5.1175e+01    478.888      11494  1028.2794  1028.2785    33.9889    33.9878    8.39903         32 0.0000e+00
    194.000    191.903    -1.5226  27.097159    -1.5221  27.096583     6.3864     6.6768     0.2806    96.0809 1.0000e-12  -74.08054 -111.67566  25.418035      99.93 5.1177e+01    480.251      11527  1028.2848  1028.2838    33.9897    33.9884    8.39935         33 0.0000e+00
    195.000    192.891    -1.5230  27.097357    -1.5226  27.096783     6.3833     6.6832     0.2971    96.1042 1.0000e-12  -74.08054 -111.67566  25.418051      99.93 5.0217e+01    481.623      11560  1028.2898  1028.2887    33.9899    33.9886    8.39944         33 0.0000e+00
    196.000    193.879    -1.5238  27.097504    -1.5232  27.096969     6.3803     6.6805     0.4117    95.9921 1.0000e-12  -74.08054 -111.67566  25.418067      95.51 5.0905e+01    482.982      11593  1028.2949  1028.2937    33.9902    33.9889    8.39958         32 0.0000e+00
    197.000    194.869    -1.5269  27.096392    -1.5265  27.095833     6.3884     6.6867     0.3357    95.8020 1.0000e-12  -74.08054 -111.67566  25.418083      96.83 5.1549e+01    484.330      11625  1028.3011  1028.3000    33.9917    33.9905    8.40021         33 0.0000e+00
    198.000    195.858    -1.5292  27.095470    -1.5286  27.095143     6.3863     6.6895     0.2373    96.2219 1.0000e-12  -74.08054 -111.67566  25.418098      99.90 5.0525e+01    485.678      11657  1028.3065  1028.3055    33.9924    33.9912    8.40068         32 0.0000e+00
    199.000    196.848    -1.5335  27.093690    -1.5332  27.093176     6.3792     6.6808     0.2544    96.0146 1.0000e-12  -74.08054 -111.67566  25.418114      99.93 5.0938e+01    487.026      11690  1028.3131  1028.3122    33.9942    33.9932    8.40155         31 0.0000e+00
    200.000    197.835    -1.5334  27.094281    -1.5330  27.093870     6.3871     6.6836     0.2375    95.5640 1.0000e-12  -74.08054 -111.67566  25.418130      99.93 5.2224e+01    488.394      11722  1028.3178  1028.3170    33.9943    33.9933    8.40152         33 0.0000e+00
    201.000    198.824    -1.5340  27.094473    -1.5334  27.094069     6.3876     6.6785     0.2971    95.9662 1.0000e-12  -74.08054 -111.67566  25.418145      99.93 5.0105e+01    489.754      11755  1028.3228  1028.3219    33.9946    33.9934    8.40163         32 0.0000e+00
    202.000    199.812    -1.5342  27.094997    -1.5340  27.094467     6.3771     6.6775     0.2785    96.2029 1.0000e-12  -74.08054 -111.67566  25.418161      99.93 5.1013e+01    491.103      11787  1028.3279  1028.3271    33.9950    33.9939    8.40166         32 0.0000e+00
    203.000    200.802    -1.5340  27.095771    -1.5339  27.095061     6.3833     6.6806     0.2991    96.1436 1.0000e-12  -74.08054 -111.67566  25.418177      99.93 5.2634e+01    492.456      11820  1028.3329  1028.3319    33.9952    33.9940    8.40161         32 0.0000e+00
    204.000    201.790    -1.5336  27.096818    -1.5332  27.096196     6.3728     6.6816     0.2068    96.0488 1.0000e-12  -74.08054 -111.67566  25.418192      99.93 5.0267e+01    493.814      11853  1028.3379  1028.3368    33.9955    33.9942    8.40149         32 0.0000e+00
    205.000    202.779    -1.5321  27.099376    -1.5317  27.098655     6.3680     6.6757     0.1957    96.2126 1.0000e-12  -74.08054 -111.67566  25.418208      99.92 5.1164e+01    495.166      11885  1028.3436  1028.3424    33.9967    33.9953    8.40108         32 0.0000e+00
    206.000    203.768    -1.5255  27.108454    -1.5251  27.107777     6.3620     6.6605     0.2042    96.2195 1.0000e-12  -74.08054 -111.67566  25.418223      98.10 5.3444e+01    496.494      11917  1028.3515  1028.3503    34.0011    33.9997    8.39933         31 0.0000e+00
    207.000    204.756    -1.5247  27.110002    -1.5239  27.109781     6.3589     6.6583     0.2157    96.1328 1.0000e-12  -74.08054 -111.67566  25.418239      99.16 5.0535e+01    497.830      11949  1028.3567  1028.3557    34.0017    34.0005    8.39911         32 0.0000e+00
    208.000    205.745    -1.5253  27.110029    -1.5245  27.109850     6.3606     6.6634     0.2037    96.2216 1.0000e-12  -74.08054 -111.67566  25.418254      99.90 5.1159e+01    499.178      11981  1028.3617  1028.3606    34.0018    34.0006    8.39924         29 0.0000e+00
    209.000    206.732    -1.5248  27.111433    -1.5245  27.110616     6.3502     6.6511     0.3656    96.1946 1.0000e-12  -74.08054 -111.67566  25.418270      99.93 5.2376e+01    500.501      12013  1028.3670  1028.3659    34.0025    34.0011    8.39907         31 0.0000e+00
    210.000    207.722    -1.5235  27.113945    -1.5222  27.114197     6.3307     6.6337     0.1760    96.0973 1.0000e-12  -74.08054 -111.67567  25.418285      99.93 5.1018e+01    501.832      12045  1028.3729  1028.3719    34.0040    34.0028    8.39871         33 0.0000e+00
    211.000    208.711    -1.5076  27.131959    -1.5068  27.131584     6.3194     6.6176     0.2851    96.2814 1.0000e-12  -74.08054 -111.67566  25.418301      99.92 5.1521e+01    503.164      12077  1028.3816  1028.3804    34.0101    34.0086    8.39475         31 0.0000e+00
    212.000    209.701    -1.5029  27.137614    -1.5019  27.137499     6.3148     6.6150     0.2211    96.2587 1.0000e-12  -74.08054 -111.67567  25.418316      99.93 5.1981e+01    504.506      12109  1028.3877  1028.3866    34.0118    34.0106    8.39357         33 0.0000e+00
    213.000    210.686    -1.5000  27.141093    -1.4996  27.140524     6.3077     6.6080     0.1517    96.2868 1.0000e-12  -74.08054 -111.67566  25.418332      99.93 5.2211e+01    505.881      12142  1028.3932  1028.3921    34.0128    34.0115    8.39287         31 0.0000e+00
    214.000    211.676    -1.4976  27.144491    -1.4973  27.143666     6.3079     6.6010     0.1732    96.1552 1.0000e-12  -74.08054 -111.67566  25.418348      99.93 5.1231e+01    507.234      12175  1028.3990  1028.3977    34.0141    34.0126    8.39225         32 0.0000e+00
    215.000    212.665    -1.4952  27.147311    -1.4944  27.147110     6.2998     6.5945     0.1683    96.2130 1.0000e-12  -74.08054 -111.67566  25.418363      99.94 5.1234e+01    508.566      12207  1028.4041  1028.4032    34.0147    34.0135    8.39168         32 0.0000e+00
    216.000    213.654    -1.4927  27.150564    -1.4923  27.149786     6.2831     6.5866     0.1241    96.3530 1.0000e-12  -74.08054 -111.67566  25.418379      97.76 5.2428e+01    509.947      12240  1028.4097  1028.4084    34.0157    34.0141    8.39106         34 0.0000e+00
    217.000    214.642    -1.4850  27.159166    -1.4837  27.159545     6.2629     6.5631     0.1168    96.3365 1.0000e-12  -74.08054 -111.67566  25.418395      98.89 5.0830e+01    511.300      12272  1028.4161  1028.4152    34.0181    34.0171    8.38917         31 0.0000e+00
    218.000    215.630    -1.4711  27.174826    -1.4700  27.174093     6.2297     6.5335     0.2208    96.3562 1.0000e-12  -74.08054 -111.67566  25.418410      99.94 5.1573e+01    512.619      12304  1028.4242  1028.4224    34.0232    34.0210    8.38572         32 0.0000e+00
    219.000    216.621    -1.4555  27.189503    -1.4539  27.189430     6.2170     6.5116     0.1051    96.1856 1.0000e-12  -74.08054 -111.67566  25.418426      99.93 5.3282e+01    513.976      12336  1028.4297  1028.4280    34.0251    34.0232    8.38210         33 0.0000e+00
    220.000    217.607    -1.4456  27.198546    -1.4447  27.198251     6.2209     6.5121     0.1019    96.3092 1.0000e-12  -74.08054 -111.67566  25.418441      99.83 5.1124e+01    515.292      12368  1028.4345  1028.4333    34.0257    34.0242    8.37984         31 0.0000e+00
    221.000    218.597    -1.4493  27.196051    -1.4491  27.195313     6.2448     6.5338     0.0903    96.3490 1.0000e-12  -74.08054 -111.67566  25.418455      98.99 5.1672e+01    516.544      12398  1028.4399  1028.4389    34.0258    34.0246    8.38067         29 0.0000e+00
    222.000    219.585    -1.4568  27.190733    -1.4554  27.190951     6.2793     6.5655     0.0922    96.4349 1.0000e-12  -74.08054 -111.67567  25.418470      99.22 5.3669e+01    517.783      12428  1028.4457  1028.4447    34.0264    34.0252    8.38232         31 0.0000e+00
    223.000    220.575    -1.4767  27.174969    -1.4782  27.172683     6.2933     6.5793     0.1152    96.4771 1.0000e-12  -74.08054 -111.67567  25.418485      98.57 5.1347e+01    519.086      12459  1028.4521  1028.4511    34.0267    34.0253    8.38678         31 0.0000e+00
    224.000    221.563    -1.4810  27.171953    -1.4797  27.171816     6.3130     6.6007     0.0569    96.5074 1.0000e-12  -74.08054 -111.67568  25.418499      97.90 5.1888e+01    520.356      12490  1028.4572  1028.4559    34.0268    34.0252    8.38774         30 0.0000e+00
    225.000    222.550    -1.4846  27.169574    -1.4854  27.168083     6.3326     6.6142     0.0548    96.0763 1.0000e-12  -74.08054 -111.67567  25.418514      96.87 5.4424e+01    521.580      12519  1028.4625  1028.4616    34.0271    34.0259    8.38855         30 0.0000e+00
    226.000    223.541    -1.4931  27.164932    -1.4925  27.164317     6.3375     6.6257     0.0514    96.3513 1.0000e-12  -74.08054 -111.67567  25.418528      95.46 5.1502e+01    522.844      12549  1028.4699  1028.4686    34.0297    34.0281    8.39031         30 0.0000e+00
    227.000    224.527    -1.4942  27.165470    -1.4936  27.164695     6.3400     6.6265     0.0675    96.5304 1.0000e-12  -74.08054 -111.67568  25.418543      94.25 5.3173e+01    524.127      12580  1028.4758  1028.4743    34.0311    34.0293    8.39047         31 0.0000e+00
    228.000    225.518    -1.4936  27.167379    -1.4927  27.167031     6.3398     6.6296     0.0633    96.5238 1.0000e-12  -74.08054 -111.67566  25.418558      93.29 5.4524e+01    525.371      12610  1028.4815  1028.4803    34.0323    34.0309    8.39025         29 0.0000e+00
    229.000    226.504    -1.4927  27.168911    -1.4920  27.168604     6.3348     6.6281     0.0382    96.6043 1.0000e-12  -74.08054 -111.67567  25.418572      92.12 5.1549e+01    526.595      12639  1028.4867  1028.4855    34.0329    34.0316    8.39003         28 0.0000e+00
    230.000    227.495    -1.4912  27.171828    -1.4904  27.171384     6.3247     6.6206     0.0360    96.6652 1.0000e-12  -74.08054 -111.67567  25.418584      91.47 5.4010e+01    527.674      12665  1028.4926  1028.4913    34.0345    34.0330    8.38959         26 0.0000e+00
    231.000    228.483    -1.4892  27.174747    -1.4885  27.174052     6.3229     6.6167     0.0362    96.7052 1.0000e-12  -74.08054 -111.67567  25.418597      90.78 5.4979e+01    528.761      12691  1028.4981  1028.4968    34.0356    34.0339    8.38907         26 0.0000e+00
    232.000    229.471    -1.4870  27.177589    -1.4863  27.176931     6.3166     6.6177     0.0497    96.6770 1.0000e-12  -74.08054 -111.67567  25.418609      89.62 5.1626e+01    529.831      12717  1028.5035  1028.5021    34.0364    34.0348    8.38852         25 0.0000e+00
    233.000    230.460    -1.4856  27.179467    -1.4851  27.178851     6.3127     6.6148     0.0515    96.7143 1.0000e-12  -74.08054 -111.67567  25.418621      88.94 5.4957e+01    530.883      12742  1028.5085  1028.5073    34.0368    34.0354    8.38819         25 0.0000e+00
