ocean_section_plots/required_files/ctd/dnbp2202_ctd293.cnv
* Sea-Bird SBE 9 Data File:
* FileName = D:\Data\raw\NBP2202_CTD293.hex
* Software Version Seasave V 7.26.7.121
* Temperature SN = 1649
* Conductivity SN = 2513
* Number of Bytes Per Scan = 40
* Number of Voltage Words = 5
* Number of Scans Averaged by the Deck Unit = 1
* NMEA Latitude = 73 49.40 S
* NMEA Longitude = 112 52.89 W
* NMEA UTC (Time) = Feb 23 2022  23:57:10
* NMEA baud rate = 9600
** Ship: RVIB N.B. Palmer
** Cruise: NBP2202 Thwaites
** Station: 195
** Operator: A. Robinson
# nquan = 28
# nvalues = 762                         
# units = specified
# name 0 = prDM: Pressure, Digiquartz [db]
# name 1 = depSM: Depth [salt water, m]
# name 2 = t090C: Temperature [ITS-90, deg C]
# name 3 = c0mS/cm: Conductivity [mS/cm]
# name 4 = t190C: Temperature, 2 [ITS-90, deg C]
# name 5 = c1mS/cm: Conductivity, 2 [mS/cm]
# name 6 = sbeox0ML/L: Oxygen, SBE 43 [ml/l]
# name 7 = sbeox1ML/L: Oxygen, SBE 43, 2 [ml/l]
# name 8 = flECO-AFL: Fluorescence, WET Labs ECO-AFL/FL [mg/m^3]
# name 9 = CStarTr0: Beam Transmission, WET Labs C-Star [%]
# name 10 = par: PAR/Irradiance, Biospherical/Licor
# name 11 = latitude: Latitude [deg]
# name 12 = longitude: Longitude [deg]
# name 13 = timeJ: Julian Days
# name 14 = altM: Altimeter [m]
# name 15 = spar: SPAR, Biospherical/Licor
# name 16 = timeS: Time, Elapsed [seconds]
# name 17 = scan: Scan Count
# name 18 = density00: Density [density, kg/m^3]
# name 19 = density11: Density, 2 [density, kg/m^3]
# name 20 = v3: Voltage 3
# name 21 = v4: Voltage 4
# name 22 = v5: Voltage 5
# name 23 = sal00: Salinity, Practical [PSU]
# name 24 = sal11: Salinity, Practical, 2 [PSU]
# name 25 = oxsolML/L: Oxygen Saturation, Garcia & Gordon [ml/l]
# name 26 = nbin: number of scans per bin
# name 27 = flag: flag
# span 0 =      3.000,    764.000       
# span 1 =      2.967,    754.716       
# span 2 =    -1.4954,     0.5890       
# span 3 =  26.873629,  29.563542       
# span 4 =    -1.4971,     0.5916       
# span 5 =  26.874445,  29.563936       
# span 6 =     4.5515,     8.6787       
# span 7 =     4.6572,     8.9396       
# span 8 =    -0.0106,    15.1493       
# span 9 =    82.8394,    97.6372       
# span 10 = 1.0000e-12, 7.6329e+01      
# span 11 =  -73.82338,  -73.82336      
# span 12 = -112.88162, -112.88158      
# span 13 =  55.000271,  55.010449      
# span 14 =       3.53,     100.15      
# span 15 = 1.9921e+02, 2.2036e+02      
# span 16 =    193.429,   1072.749      
# span 17 =       4643,      25747      
# span 18 =  1027.1443,  1031.3262      
# span 19 =  1027.1479,  1031.3248      
# span 20 =     3.9298,     4.6318      
# span 21 =     0.0689,     2.4128      
# span 22 =     0.1171,     0.2100      
# span 23 =    33.7200,    34.5744      
# span 24 =    33.7232,    34.5720      
# span 25 =    7.91220,    8.40721      
# span 26 =         20,         55      
# span 27 = 0.0000e+00, 0.0000e+00      
# interval = decibars: 1                
# start_time = Feb 23 2022 23:57:10 [NMEA time, header]
# bad_flag = -9.990e-29
*END*
[from data line 725]
    728.000    719.214     0.5158  29.467882     0.5183  29.468227     4.6034     4.7176     0.0450    97.5106 1.0000e-12  -73.82338 -112.88158  55.009427      42.83 2.0524e+02    984.462      23628  1031.1471  1031.1451     4.6258     0.0735     0.1246    34.5515    34.5492    7.92842         28 0.0000e+00
    729.000    720.201     0.5176  29.470058     0.5199  29.470382     4.5990     4.7095     0.0444    97.5352 1.0000e-12  -73.82337 -112.88158  55.009440      41.76 2.0475e+02    985.628      23656  1031.1519  1031.1500     4.6269     0.0733     0.1231    34.5517    34.5496    7.92804         28 0.0000e+00
    730.000    721.188     0.5254  29.479283     0.5287  29.480273     4.5937     4.7073     0.0484    97.5222 1.0000e-12  -73.82337 -112.88158  55.009455      40.58 2.0393e+02    986.893      23686  1031.1581  1031.1559     4.6263     0.0733     0.1242    34.5545    34.5522    7.92630         30 0.0000e+00
    731.000    722.173     0.5312  29.485824     0.5338  29.486455     4.5930     4.7055     0.0594    97.4945 1.0000e-12  -73.82338 -112.88158  55.009470      39.92 2.0367e+02    988.183      23717  1031.1634  1031.1616     4.6250     0.0728     0.1237    34.5560    34.5539    7.92502         30 0.0000e+00
    732.000    723.159     0.5329  29.488111     0.5353  29.488447     4.5922     4.6985     0.0502    97.4859 1.0000e-12  -73.82336 -112.88158  55.009484      38.95 2.0274e+02    989.388      23746  1031.1684  1031.1665     4.6246     0.0738     0.1246    34.5565    34.5543    7.92465         28 0.0000e+00
    733.000    724.145     0.5356  29.491444     0.5378  29.491595     4.5849     4.6940     0.0453    97.4699 1.0000e-12  -73.82337 -112.88158  55.009498      37.72 2.0273e+02    990.602      23775  1031.1736  1031.1716     4.6238     0.0744     0.1254    34.5573    34.5550    7.92406         31 0.0000e+00
    734.000    725.134     0.5373  29.493799     0.5401  29.494473     4.5891     4.6888     0.0565    97.4292 1.0000e-12  -73.82337 -112.88158  55.009513      36.71 2.0369e+02    991.921      23807  1031.1787  1031.1766     4.6219     0.0786     0.1323    34.5578    34.5556    7.92368         30 0.0000e+00
    735.000    726.118     0.5395  29.496670     0.5422  29.497344     4.5783     4.6903     0.0555    97.4868 1.0000e-12  -73.82338 -112.88158  55.009529      35.80 2.0195e+02    993.275      23840  1031.1838  1031.1818     4.6246     0.0758     0.1260    34.5586    34.5564    7.92319         32 0.0000e+00
    736.000    727.105     0.5405  29.498046     0.5432  29.498804     4.5790     4.6955     0.0502    97.3877 1.0000e-12  -73.82338 -112.88158  55.009544      34.68 2.0236e+02    994.626      23872  1031.1885  1031.1867     4.6199     0.0764     0.1261    34.5586    34.5567    7.92297         33 0.0000e+00
    737.000    728.090     0.5411  29.499023     0.5436  29.499656     4.5790     4.6831     0.0685    97.4044 1.0000e-12  -73.82338 -112.88158  55.009560      33.61 2.0274e+02    996.021      23906  1031.1933  1031.1915     4.6207     0.0754     0.1233    34.5588    34.5567    7.92286         33 0.0000e+00
    738.000    729.077     0.5427  29.501406     0.5454  29.502079     4.5874     4.6888     0.0697    97.4701 1.0000e-12  -73.82338 -112.88158  55.009577      32.65 2.0099e+02    997.419      23939  1031.1984  1031.1965     4.6239     0.0808     0.1301    34.5594    34.5573    7.92248         34 0.0000e+00
    739.000    730.064     0.5448  29.504122     0.5472  29.504487     4.5865     4.6881     0.0966    97.4669 1.0000e-12  -73.82338 -112.88158  55.009593      31.63 2.0102e+02    998.827      23973  1031.2035  1031.2015     4.6237     0.0761     0.1263    34.5601    34.5578    7.92202         35 0.0000e+00
    740.000    731.049     0.5458  29.505452     0.5483  29.506136     4.5816     4.6828     0.0663    97.4167 1.0000e-12  -73.82338 -112.88158  55.009610      30.54 2.0197e+02   1000.276      24008  1031.2082  1031.2064     4.6213     0.0759     0.1247    34.5602    34.5582    7.92182         35 0.0000e+00
    741.000    732.036     0.5468  29.507055     0.5493  29.507685     4.5813     4.6899     0.0555    97.4138 1.0000e-12  -73.82338 -112.88158  55.009627      29.64 2.0108e+02   1001.788      24044  1031.2131  1031.2112     4.6212     0.0770     0.1254    34.5605    34.5585    7.92159         38 0.0000e+00
    742.000    733.022     0.5479  29.508819     0.5507  29.509618     4.5811     4.6862     0.0524    97.4357 1.0000e-12  -73.82338 -112.88158  55.009646      28.63 2.0097e+02   1003.416      24083  1031.2180  1031.2162     4.6222     0.0757     0.1244    34.5610    34.5590    7.92133         34 0.0000e+00
    743.000    734.008     0.5498  29.511358     0.5523  29.511685     4.5810     4.6885     0.0511    97.4127 1.0000e-12  -73.82338 -112.88158  55.009666      27.56 2.0097e+02   1005.163      24125  1031.2231  1031.2210     4.6211     0.0766     0.1251    34.5616    34.5593    7.92091         39 0.0000e+00
    744.000    734.994     0.5530  29.515266     0.5558  29.516032     4.5820     4.6884     0.0578    97.4440 1.0000e-12  -73.82338 -112.88158  55.009686      26.60 2.0097e+02   1006.872      24166  1031.2282  1031.2263     4.6226     0.0773     0.1256    34.5625    34.5605    7.92020         38 0.0000e+00
    745.000    735.979     0.5544  29.517114     0.5571  29.518023     4.5727     4.6822     0.0695    97.4319 1.0000e-12  -73.82338 -112.88158  55.009706      25.64 2.0097e+02   1008.630      24208  1031.2330  1031.2314     4.6220     0.0767     0.1284    34.5628    34.5610    7.91990         35 0.0000e+00
    746.000    736.966     0.5562  29.519772     0.5587  29.520118     4.5725     4.6793     0.0670    97.4504 1.0000e-12  -73.82338 -112.88158  55.009729      24.55 2.0097e+02   1010.628      24256  1031.2382  1031.2363     4.6229     0.0775     0.1245    34.5637    34.5614    7.91948         45 0.0000e+00
    747.000    737.953     0.5552  29.518873     0.5577  29.519430     4.5775     4.6811     0.0580    97.4246 1.0000e-12  -73.82338 -112.88158  55.009751      23.53 2.0097e+02   1012.503      24301  1031.2426  1031.2408     4.6217     0.0772     0.1265    34.5631    34.5610    7.91973         40 0.0000e+00
    748.000    738.938     0.5552  29.519270     0.5578  29.520110     4.5750     4.6770     0.0630    97.4434 1.0000e-12  -73.82337 -112.88158  55.009774      22.56 2.0097e+02   1014.451      24348  1031.2472  1031.2456     4.6226     0.0784     0.1343    34.5630    34.5612    7.91972         42 0.0000e+00
    749.000    739.925     0.5563  29.521008     0.5590  29.521916     4.5779     4.6775     0.0648    97.4064 1.0000e-12  -73.82336 -112.88158  55.009797      21.52 2.0097e+02   1016.439      24396  1031.2522  1031.2506     4.6208     0.0774     0.1246    34.5635    34.5617    7.91948         38 0.0000e+00
    750.000    740.910     0.5574  29.522695     0.5598  29.523148     4.5757     4.6807     0.0627    97.4180 1.0000e-12  -73.82338 -112.88158  55.009819      20.50 2.0097e+02   1018.341      24441  1031.2571  1031.2553     4.6214     0.0773     0.1249    34.5639    34.5618    7.91923         41 0.0000e+00
    751.000    741.898     0.5585  29.524480     0.5610  29.524991     4.5771     4.6801     0.0678    97.4148 1.0000e-12  -73.82338 -112.88158  55.009843      19.51 2.0084e+02   1020.420      24491  1031.2621  1031.2602     4.6212     0.0783     0.1235    34.5644    34.5623    7.91897         32 0.0000e+00
    752.000    742.883     0.5585  29.524758     0.5610  29.525379     4.5720     4.6806     0.0623    97.3850 1.0000e-12  -73.82338 -112.88158  55.009873      18.43 1.9966e+02   1022.987      24553  1031.2667  1031.2649     4.6198     0.0790     0.1241    34.5642    34.5622    7.91899         37 0.0000e+00
    753.000    743.871     0.5604  29.527402     0.5636  29.528759     4.5717     4.6747     0.0713    97.4166 1.0000e-12  -73.82337 -112.88158  55.009902      17.48 1.9972e+02   1025.537      24614  1031.2718  1031.2701     4.6214     0.0785     0.1254    34.5650    34.5631    7.91856         31 0.0000e+00
    754.000    744.855     0.5631  29.530978     0.5657  29.531495     4.5649     4.6724     0.0901    97.3994 1.0000e-12  -73.82336 -112.88158  55.009936      16.47 1.9971e+02   1028.493      24685  1031.2770  1031.2751     4.6206     0.0777     0.1258    34.5660    34.5639    7.91795         35 0.0000e+00
    755.000    745.841     0.5681  29.536826     0.5707  29.537476     4.5624     4.6754     0.0719    97.3925 1.0000e-12  -73.82336 -112.88158  55.009969      15.47 1.9952e+02   1031.313      24753  1031.2824  1031.2806     4.6202     0.0880     0.1255    34.5675    34.5654    7.91685         40 0.0000e+00
    756.000    746.827     0.5676  29.536569     0.5702  29.537316     4.5659     4.6696     0.0782    97.4056 1.0000e-12  -73.82336 -112.88158  55.010003      14.49 1.9927e+02   1034.279      24824  1031.2869  1031.2852     4.6208     0.0808     0.1250    34.5671    34.5652    7.91696         44 0.0000e+00
    757.000    747.813     0.5704  29.540148     0.5730  29.540854     4.5631     4.6686     0.0809    97.4006 1.0000e-12  -73.82336 -112.88158  55.010036      13.48 1.9921e+02   1037.086      24891  1031.2922  1031.2903     4.6206     0.0791     0.1239    34.5681    34.5661    7.91635         40 0.0000e+00
    758.000    748.799     0.5695  29.539541     0.5709  29.538912     4.5638     4.6713     0.0873    97.3693 1.0000e-12  -73.82336 -112.88158  55.010069      12.51 1.9921e+02   1039.961      24960  1031.2966  1031.2947     4.6190     0.0785     0.1267    34.5677    34.5654    7.91655         38 0.0000e+00
    759.000    749.783     0.5694  29.539890     0.5718  29.540335     4.5623     4.6712     0.0842    97.3891 1.0000e-12  -73.82336 -112.88158  55.010122      11.76 2.0002e+02   1044.554      25070  1031.3013  1031.2994     4.6200     0.0807     0.1291    34.5677    34.5656    7.91656         41 0.0000e+00
    760.000    750.772     0.5707  29.541781     0.5744  29.543550     4.5615     4.6627     0.0682    97.3222 1.0000e-12  -73.82338 -112.88158  55.010199      11.34 2.0099e+02   1051.158      25229  1031.3063  1031.3045     4.6168     0.0799     0.1268    34.5681    34.5663    7.91627         34 0.0000e+00
    761.000    751.756     0.5774  29.549789     0.5799  29.550212     4.5589     4.6654     0.0766    97.2972 1.0000e-12  -73.82338 -112.88158  55.010232      10.61 2.0097e+02   1054.085      25299  1031.3121  1031.3102     4.6155     0.0791     0.1248    34.5706    34.5683    7.91478         31 0.0000e+00
    762.000    752.743     0.5829  29.556338     0.5861  29.557409     4.5515     4.6572     0.0873    97.3329 1.0000e-12  -73.82338 -112.88158  55.010267       9.78 2.0097e+02   1057.111      25372  1031.3178  1031.3158     4.6174     0.0788     0.1283    34.5723    34.5702    7.91355         37 0.0000e+00
    763.000    753.730     0.5890  29.563542     0.5916  29.563936     4.5518     4.6576     0.0739    97.3283 1.0000e-12  -73.82338 -112.88158  55.010302       8.82 2.0097e+02   1060.108      25444  1031.3235  1031.3214     4.6171     0.0794     0.1274    34.5744    34.5720    7.91220         36 0.0000e+00
    764.000    754.716     0.5793  29.552596     0.5837  29.555349     4.5607     4.6674     0.0751    97.3211 1.0000e-12  -73.82338 -112.88159  55.010449       7.64 2.0131e+02   1072.749      25747  1031.3262  1031.3248     4.6167     0.0801     0.1250    34.5704    34.5691    7.91440         55 0.0000e+00
