ocean_section_plots/required_files/ctd/dnbp2202_ctd013.cnv
* Sea-Bird SBE 9 Data File:
* FileName = D:\Data\raw\NBP2202_CTD013.hex
* Software Version Seasave V 7.26.7.121
* Temperature SN = 1649
* Conductivity SN = 2513
* Number of Bytes Per Scan = 40
* Number of Voltage Words = 5
* Number of Scans Averaged by the Deck Unit = 1
* NMEA Latitude = 73 05.18 S
* NMEA Longitude = 113 47.15 W
* NMEA UTC (Time) = Jan 17 2022  01:33:52
* NMEA baud rate = 9600
** Ship: RVIB N.B. Palmer
** Cruise: NBP2202 Thwaites
** Station: #8
** Operator: A. Robinson
# nquan = 25
# nvalues = 498                         
# units = specified
# name 0 = prDM: Pressure, Digiquartz [db]
# name 1 = depSM: Depth [salt water, m]
# name 2 = t090C: Temperature [ITS-90, deg C]
# name 3 = c0mS/cm: Conductivity [mS/cm]
# name 4 = t190C: Temperature, 2 [ITS-90, deg C]
# name 5 = c1mS/cm: Conductivity, 2 [mS/cm]
# name 6 = sbeox0ML/L: Oxygen, SBE 43 [ml/l]
# name 7 = sbeox1ML/L: Oxygen, SBE 43, 2 [ml/l]
# name 8 = flECO-AFL: Fluorescence, WET Labs ECO-AFL/FL [mg/m^3]
# name 9 = CStarTr0: Beam Transmission, WET Labs C-Star [%]
# name 10 = par: PAR/Irradiance, Biospherical/Licor
# name 11 = latitude: Latitude [deg]
# name 12 = longitude: Longitude [deg]
# name 13 = timeJ: Julian Days
# name 14 = altM: Altimeter [m]
# name 15 = spar: SPAR, Biospherical/Licor
# name 16 = timeS: Time, Elapsed [seconds]
# name 17 = scan: Scan Count
# name 18 = density00: Density [density, kg/m^3]
# name 19 = density11: Density, 2 [density, kg/m^3]
# name 20 = sal00: Salinity, Practical [PSU]
# name 21 = sal11: Salinity, Practical, 2 [PSU]
# name 22 = oxsolML/L: Oxygen Saturation, Garcia & Gordon [ml/l]
# name 23 = nbin: number of scans per bin
# name 24 = flag: flag
# span 0 =      2.000,    499.000       
# span 1 =      1.976,    493.255       
# span 2 =    -1.5429,     0.4657       
# span 3 =  27.060139,  29.322200       
# span 4 =    -1.5420,     0.4679       
# span 5 =  27.059883,  29.321900       
# span 6 =     4.5932,     8.6571       
# span 7 =     4.8650,     9.2072       
# span 8 =    -0.0181,    25.8741       
# span 9 =    70.8257,    97.8842       
# span 10 = -5.639e-06, 4.8156e+01      
# span 11 =  -73.08650,  -73.08648      
# span 12 = -113.78590, -113.78583      
# span 13 =  17.068078,  17.076968      
# span 14 =       4.91,     101.18      
# span 15 = 1.1600e+02, 2.7900e+02      
# span 16 =    249.949,   1018.027      
# span 17 =       6000,      24434      
# span 18 =  1027.2365,  1030.0766      
# span 19 =  1027.2355,  1030.0738      
# span 20 =    33.8846,    34.5500      
# span 21 =    33.8831,    34.5471      
# span 22 =    7.93880,    8.40384      
# span 23 =          8,         47      
# span 24 = 0.0000e+00, 0.0000e+00      
# interval = decibars: 1                
# start_time = Jan 17 2022 01:33:52 [NMEA time, header]
# bad_flag = -9.990e-29
*END*
[from data line 116]
    118.000    116.752    -1.4399  27.114041    -1.4390  27.113942     6.3784     6.7769     1.2435    94.4486 1.0000e-12  -73.08648 -113.78586  17.071014      99.90 2.3310e+02    503.649      12089  1027.8983  1027.8973    33.9665    33.9653    8.38209         22 0.0000e+00
    119.000    117.740    -1.4357  27.119643    -1.4346  27.119356     6.3781     6.7790     1.3453    94.4048 1.0000e-12  -73.08648 -113.78585  17.071025      94.26 2.3310e+02    504.554      12110  1027.9046  1027.9033    33.9687    33.9671    8.38099         22 0.0000e+00
    120.000    118.730    -1.4356  27.120461    -1.4349  27.120125     6.3753     6.7720     1.4199    94.6602 1.0000e-12  -73.08648 -113.78585  17.071036      99.79 2.3304e+02    505.542      12134  1027.9098  1027.9087    33.9692    33.9679    8.38096         26 0.0000e+00
    121.000    119.719    -1.4362  27.120196    -1.4355  27.119827     6.3484     6.7435     1.1158    94.0774 1.0000e-12  -73.08648 -113.78586  17.071051      99.86 2.3320e+02    506.795      12164  1027.9144  1027.9133    33.9689    33.9676    8.38112         35 0.0000e+00
    122.000    120.708    -1.4364  27.121654    -1.4346  27.121914     6.3264     6.7180     1.0672    93.9831 1.0000e-12  -73.08648 -113.78586  17.071068      99.90 2.3301e+02    508.298      12200  1027.9205  1027.9190    33.9705    33.9688    8.38106         34 0.0000e+00
    123.000    121.698    -1.4316  27.127507    -1.4310  27.127110     6.3372     6.7302     1.6643    93.8523 1.0000e-12  -73.08648 -113.78586  17.071084      99.90 2.3269e+02    509.650      12233  1027.9266  1027.9256    33.9725    33.9712    8.37986         31 0.0000e+00
    124.000    122.685    -1.4416  27.120206    -1.4401  27.120525     6.3484     6.7343     2.1949    94.6924 1.0000e-12  -73.08648 -113.78586  17.071098      99.89 2.3270e+02    510.828      12261  1027.9326  1027.9315    33.9731    33.9719    8.38207         27 0.0000e+00
    125.000    123.676    -1.4408  27.121562    -1.4392  27.121854     6.3743     6.7592     1.5876    94.8053 1.0000e-12  -73.08648 -113.78586  17.071110      99.90 2.3270e+02    511.946      12288  1027.9375  1027.9364    33.9734    33.9721    8.38186         27 0.0000e+00
    126.000    124.665    -1.4403  27.122455    -1.4387  27.122771     6.4527     6.8344     0.9906    94.6093 1.0000e-12  -73.08648 -113.78586  17.071124      99.90 2.3270e+02    513.121      12316  1027.9424  1027.9412    33.9735    33.9722    8.38176         28 0.0000e+00
    127.000    125.654    -1.4493  27.115443    -1.4479  27.115794     6.5291     6.9066     1.4780    93.5094 1.0000e-12  -73.08648 -113.78586  17.071137      99.89 2.3270e+02    514.259      12343  1027.9477  1027.9467    33.9734    33.9724    8.38378         26 0.0000e+00
    128.000    126.643    -1.4552  27.112306    -1.4543  27.112110     6.5323     6.9152     1.3398    95.1812 1.0000e-12  -73.08648 -113.78586  17.071149      99.87 2.3270e+02    515.304      12368  1027.9542  1027.9531    33.9752    33.9739    8.38501         25 0.0000e+00
    129.000    127.632    -1.4577  27.111830    -1.4565  27.111681     6.5113     6.8941     1.2600    94.8050 1.0000e-12  -73.08648 -113.78586  17.071162      98.16 2.3205e+02    516.389      12394  1027.9603  1027.9590    33.9767    33.9752    8.38547         29 0.0000e+00
    130.000    128.622    -1.4542  27.116257    -1.4532  27.116006     6.4921     6.8813     1.2906    95.1024 1.0000e-12  -73.08650 -113.78586  17.071178      93.12 2.3240e+02    517.794      12428  1027.9661  1027.9649    33.9783    33.9768    8.38460         37 0.0000e+00
    131.000    129.610    -1.4553  27.116836    -1.4543  27.116496     6.4685     6.8718     1.4938    94.5556 1.0000e-12  -73.08650 -113.78586  17.071197     100.13 2.3123e+02    519.384      12466  1027.9721  1027.9707    33.9797    33.9781    8.38477         32 0.0000e+00
    132.000    130.600    -1.4571  27.116567    -1.4565  27.116113     6.4682     6.8671     1.7359    95.1024 1.0000e-12  -73.08648 -113.78586  17.071211      99.90 2.3168e+02    520.617      12496  1027.9778  1027.9767    33.9808    33.9795    8.38511         25 0.0000e+00
    133.000    131.588    -1.4572  27.117103    -1.4564  27.116765     6.4713     6.8780     1.1015    95.2391 1.0000e-12  -73.08648 -113.78586  17.071222      99.88 2.3093e+02    521.571      12519  1027.9828  1027.9816    33.9810    33.9796    8.38512         22 0.0000e+00
    134.000    132.578    -1.4577  27.117352    -1.4570  27.116845     6.4805     6.8882     1.3675    95.2129 1.0000e-12  -73.08648 -113.78586  17.071232      99.89 2.3094e+02    522.435      12539  1027.9878  1027.9866    33.9813    33.9798    8.38521         21 0.0000e+00
    135.000    133.567    -1.4588  27.116946    -1.4580  27.116574     6.4847     6.8899     1.4350    94.5555 1.0000e-12  -73.08648 -113.78586  17.071243      99.89 2.3094e+02    523.383      12562  1027.9927  1027.9915    33.9813    33.9800    8.38545         25 0.0000e+00
    136.000    134.556    -1.4601  27.116365    -1.4592  27.116023     6.4941     6.8892     1.2994    94.9212 1.0000e-12  -73.08649 -113.78586  17.071258      99.89 2.3094e+02    524.673      12593  1027.9976  1027.9963    33.9814    33.9799    8.38575         33 0.0000e+00
    137.000    135.544    -1.4610  27.116342    -1.4599  27.116061     6.4763     6.8740     1.2049    94.6109 1.0000e-12  -73.08650 -113.78586  17.071278      99.89 2.3094e+02    526.382      12634  1028.0027  1028.0013    33.9818    33.9802    8.38593         38 0.0000e+00
    138.000    136.533    -1.4595  27.118588    -1.4586  27.118117     6.4481     6.8503     1.3612    94.8739 1.0000e-12  -73.08650 -113.78586  17.071294      99.89 2.3094e+02    527.795      12668  1028.0079  1028.0066    33.9825    33.9809    8.38554         29 0.0000e+00
    139.000    137.522    -1.4573  27.121450    -1.4564  27.121145     6.4447     6.8498     1.5415    95.0894 1.0000e-12  -73.08649 -113.78586  17.071306      99.90 2.3112e+02    528.860      12694  1028.0133  1028.0121    33.9834    33.9819    8.38500         24 0.0000e+00
    140.000    138.513    -1.4568  27.122966    -1.4560  27.122608     6.4715     6.8789     1.3158    95.0683 1.0000e-12  -73.08648 -113.78586  17.071317      99.90 2.3142e+02    529.799      12716  1028.0188  1028.0177    33.9842    33.9829    8.38483         22 0.0000e+00
    141.000    139.500    -1.4601  27.121563    -1.4594  27.121162     6.5219     6.9241     1.0905    94.8918 1.0000e-12  -73.08648 -113.78586  17.071328      95.69 2.3147e+02    530.725      12738  1028.0248  1028.0236    33.9855    33.9841    8.38551         23 0.0000e+00
    142.000    140.489    -1.4694  27.114565    -1.4686  27.114267     6.5616     6.9686     1.2849    95.1972 1.0000e-12  -73.08648 -113.78586  17.071340      99.76 2.3140e+02    531.756      12763  1028.0304  1028.0292    33.9858    33.9844    8.38759         27 0.0000e+00
    143.000    141.479    -1.4745  27.111336    -1.4734  27.111144     6.5873     6.9873     1.2558    95.1236 1.0000e-12  -73.08649 -113.78587  17.071355      99.90 2.3165e+02    533.088      12795  1028.0360  1028.0347    33.9864    33.9849    8.38868         37 0.0000e+00
    144.000    142.467    -1.4759  27.111160    -1.4747  27.110749     6.6874     7.0801     0.7906    95.2146 1.0000e-12  -73.08650 -113.78588  17.071374      99.90 2.3238e+02    534.693      12834  1028.0414  1028.0397    33.9872    33.9852    8.38896         37 0.0000e+00
    145.000    143.458    -1.4905  27.099254    -1.4903  27.099081     6.7938     7.1916     1.0051    95.6704 1.0000e-12  -73.08650 -113.78588  17.071389      99.91 2.3283e+02    536.045      12866  1028.0468  1028.0463    33.9868    33.9863    8.39229         28 0.0000e+00
    146.000    144.444    -1.5149  27.079507    -1.5151  27.078710     6.8235     7.2269     0.7273    95.3431 1.0000e-12  -73.08648 -113.78586  17.071402      99.90 2.3300e+02    537.120      12892  1028.0527  1028.0521    33.9866    33.9858    8.39779         24 0.0000e+00
    147.000    145.436    -1.5285  27.069954    -1.5282  27.069508     6.8134     7.2156     1.0101    95.5273 1.0000e-12  -73.08648 -113.78586  17.071413      99.89 2.3334e+02    538.071      12915  1028.0596  1028.0588    33.9883    33.9873    8.40076         22 0.0000e+00
    148.000    146.424    -1.5419  27.060139    -1.5413  27.059883     6.7922     7.1988     1.2595    94.9137 1.0000e-12  -73.08648 -113.78586  17.071424      99.88 2.3395e+02    539.020      12937  1028.0660  1028.0651    33.9894    33.9884    8.40373         24 0.0000e+00
    149.000    147.414    -1.5408  27.062463    -1.5401  27.062047     6.7782     7.1887     1.0672    95.0354 1.0000e-12  -73.08650 -113.78586  17.071436      99.89 2.3439e+02    540.090      12963  1028.0715  1028.0704    33.9908    33.9894    8.40340         28 0.0000e+00
    150.000    148.400    -1.5423  27.061962    -1.5412  27.061794     6.7558     7.1737     0.8467    95.6029 1.0000e-12  -73.08650 -113.78588  17.071452      99.91 2.3446e+02    541.418      12995  1028.0765  1028.0752    33.9911    33.9896    8.40371         35 0.0000e+00
    151.000    149.391    -1.5429  27.062200    -1.5420  27.061885     6.7120     7.1437     0.8691    95.0819 1.0000e-12  -73.08650 -113.78588  17.071470      93.14 2.3483e+02    543.035      13034  1028.0814  1028.0802    33.9916    33.9900    8.40384         35 0.0000e+00
    152.000    150.379    -1.5366  27.069113    -1.5356  27.068771     6.6246     7.0591     0.6630    95.5237 1.0000e-12  -73.08650 -113.78586  17.071486     100.10 2.3578e+02    544.353      13065  1028.0871  1028.0857    33.9933    33.9916    8.40230         26 0.0000e+00
    153.000    151.370    -1.5211  27.085074    -1.5203  27.083828     6.5514     6.9823     0.8271    95.6675 1.0000e-12  -73.08648 -113.78586  17.071497      99.90 2.3615e+02    545.309      13088  1028.0939  1028.0916    33.9970    33.9944    8.39858         21 0.0000e+00
    154.000    152.358    -1.4912  27.111347    -1.4903  27.110785     6.5118     6.9424     1.0754    95.1333 1.0000e-12  -73.08648 -113.78586  17.071506      99.90 2.3729e+02    546.147      13109  1028.0981  1028.0966    33.9986    33.9968    8.39173         20 0.0000e+00
    155.000    153.346    -1.4853  27.118754    -1.4843  27.118135     6.4927     6.9187     0.8883    95.5022 1.0000e-12  -73.08648 -113.78586  17.071517      99.90 2.3694e+02    547.067      13131  1028.1049  1028.1033    34.0014    33.9995    8.39022         25 0.0000e+00
    156.000    154.337    -1.4839  27.120531    -1.4829  27.120172     6.4840     6.9072     0.8671    95.4701 1.0000e-12  -73.08650 -113.78586  17.071534      99.90 2.3855e+02    548.504      13165  1028.1100  1028.1087    34.0017    34.0001    8.38990         36 0.0000e+00
    157.000    155.324    -1.4876  27.118167    -1.4864  27.118020     6.4443     6.8594     1.0305    95.5489 1.0000e-12  -73.08650 -113.78586  17.071555      99.90 2.3982e+02    550.374      13210  1028.1154  1028.1141    34.0020    34.0004    8.39071         36 0.0000e+00
    158.000    156.313    -1.4851  27.121220    -1.4843  27.120624     6.3966     6.8148     1.3466    95.8576 1.0000e-12  -73.08648 -113.78586  17.071568      99.90 2.3998e+02    551.508      13237  1028.1208  1028.1193    34.0028    34.0010    8.39010         23 0.0000e+00
    159.000    157.302    -1.4582  27.146691    -1.4572  27.145494     6.4175     6.8261     1.0253    95.8945 1.0000e-12  -73.08648 -113.78586  17.071578      99.90 2.4123e+02    552.373      13258  1028.1270  1028.1247    34.0066    34.0038    8.38381         19 0.0000e+00
    160.000    158.293    -1.4572  27.147078    -1.4566  27.146573     6.4699     6.8662     0.8797    95.4585 1.0000e-12  -73.08648 -113.78586  17.071588      99.91 2.4166e+02    553.182      13277  1028.1309  1028.1298    34.0054    34.0040    8.38366         21 0.0000e+00
    161.000    159.281    -1.4741  27.133932    -1.4736  27.133861     6.5099     6.9048     0.7649    95.7090 1.0000e-12  -73.08648 -113.78586  17.071599      99.91 2.4223e+02    554.165      13301  1028.1373  1028.1367    34.0059    34.0052    8.38744         28 0.0000e+00
    162.000    160.268    -1.4975  27.114972    -1.4958  27.116002     6.5411     6.9403     0.8588    95.6138 1.0000e-12  -73.08648 -113.78586  17.071617      97.74 2.4328e+02    555.735      13339  1028.1435  1028.1430    34.0058    34.0053    8.39273         40 0.0000e+00
    163.000    161.258    -1.5082  27.106402    -1.5087  27.105133     6.5646     6.9639     0.7651    95.5693 1.0000e-12  -73.08648 -113.78586  17.071636      97.24 2.4450e+02    557.373      13378  1028.1487  1028.1478    34.0055    34.0043    8.39515         30 0.0000e+00
    164.000    162.247    -1.5165  27.100600    -1.5156  27.100113     6.5754     6.9721     0.8322    96.1090 1.0000e-12  -73.08648 -113.78586  17.071649      99.98 2.4577e+02    558.451      13404  1028.1545  1028.1532    34.0063    34.0046    8.39697         23 0.0000e+00
    165.000    163.235    -1.5181  27.099729    -1.5175  27.099257     6.5591     6.9649     0.8651    95.6622 1.0000e-12  -73.08648 -113.78586  17.071659      99.91 2.4664e+02    559.341      13425  1028.1594  1028.1582    34.0064    34.0049    8.39735         21 0.0000e+00
    166.000    164.226    -1.5189  27.099827    -1.5178  27.099596     6.5360     6.9442     0.7461    95.7470 1.0000e-12  -73.08648 -113.78586  17.071669      99.91 2.4695e+02    560.239      13447  1028.1645  1028.1632    34.0067    34.0052    8.39749         23 0.0000e+00
    167.000    165.214    -1.5159  27.103054    -1.5149  27.102470     6.4914     6.9015     1.1184    95.7234 1.0000e-12  -73.08648 -113.78586  17.071683      99.90 2.4800e+02    561.382      13474  1028.1694  1028.1678    34.0071    34.0052    8.39679         33 0.0000e+00
    168.000    166.202    -1.5120  27.107129    -1.5111  27.106465     6.5547     6.9603     1.0332    96.2633 1.0000e-12  -73.08648 -113.78586  17.071701      99.90 2.4881e+02    562.945      13512  1028.1743  1028.1728    34.0077    34.0058    8.39588         39 0.0000e+00
    169.000    167.192    -1.5124  27.107912    -1.5115  27.107533     6.7545     7.1484     0.4701    96.1975 1.0000e-12  -73.08648 -113.78586  17.071717      99.86 2.5032e+02    564.361      13546  1028.1799  1028.1786    34.0086    34.0071    8.39592         28 0.0000e+00
    170.000    168.180    -1.5326  27.091860    -1.5326  27.091380     6.7948     7.1833     0.7514    95.9553 1.0000e-12  -73.08648 -113.78586  17.071730      99.90 2.5097e+02    565.434      13571  1028.1861  1028.1856    34.0089    34.0082    8.40047         25 0.0000e+00
    171.000    169.169    -1.5337  27.093574    -1.5321  27.093488     6.7798     7.1781     0.7178    95.8273 1.0000e-12  -73.08648 -113.78586  17.071741      99.89 2.5185e+02    566.409      13595  1028.1932  1028.1916    34.0118    34.0099    8.40053         23 0.0000e+00
    172.000    170.159    -1.5230  27.103869    -1.5220  27.103221     6.7713     7.1741     1.0059    95.9663 1.0000e-12  -73.08648 -113.78586  17.071752      99.90 2.5216e+02    567.403      13619  1028.1984  1028.1968    34.0132    34.0112    8.39803         25 0.0000e+00
    173.000    171.147    -1.5221  27.104839    -1.5210  27.104624     6.7312     7.1433     1.0167    95.7791 1.0000e-12  -73.08648 -113.78586  17.071766      91.95 2.5324e+02    568.599      13647  1028.2029  1028.2017    34.0129    34.0114    8.39785         33 0.0000e+00
    174.000    172.136    -1.5181  27.109968    -1.5171  27.109271     6.6591     7.0880     0.8179    95.6696 1.0000e-12  -73.08648 -113.78586  17.071783      97.68 2.5481e+02    570.041      13682  1028.2090  1028.2072    34.0148    34.0127    8.39684         34 0.0000e+00
