ocean_section_plots/required_files/ctd/dnbp2202_ctd245.cnv
* Sea-Bird SBE 9 Data File:
* FileName = D:\Data\raw\NBP2202_CTD245.hex
* Software Version Seasave V 7.26.7.121
* Temperature SN = 1649
* Conductivity SN = 2513
* Number of Bytes Per Scan = 40
* Number of Voltage Words = 5
* Number of Scans Averaged by the Deck Unit = 1
* NMEA Latitude = 73 55.29 S
* NMEA Longitude = 118 50.28 W
* NMEA UTC (Time) = Feb 15 2022  02:31:53
* NMEA baud rate = 9600
** Ship: RVIB N.B. Palmer
** Cruise: NBP2202 Thwaites
** Station: 153
** Operator: A. Robinson
# nquan = 28
# nvalues = 554                         
# units = specified
# name 0 = prDM: Pressure, Digiquartz [db]
# name 1 = depSM: Depth [salt water, m]
# name 2 = t090C: Temperature [ITS-90, deg C]
# name 3 = c0mS/cm: Conductivity [mS/cm]
# name 4 = t190C: Temperature, 2 [ITS-90, deg C]
# name 5 = c1mS/cm: Conductivity, 2 [mS/cm]
# name 6 = sbeox0ML/L: Oxygen, SBE 43 [ml/l]
# name 7 = sbeox1ML/L: Oxygen, SBE 43, 2 [ml/l]
# name 8 = flECO-AFL: Fluorescence, WET Labs ECO-AFL/FL [mg/m^3]
# name 9 = CStarTr0: Beam Transmission, WET Labs C-Star [%]
# name 10 = par: PAR/Irradiance, Biospherical/Licor
# name 11 = latitude: Latitude [deg]
# name 12 = longitude: Longitude [deg]
# name 13 = timeJ: Julian Days
# name 14 = altM: Altimeter [m]
# name 15 = spar: SPAR, Biospherical/Licor
# name 16 = timeS: Time, Elapsed [seconds]
# name 17 = scan: Scan Count
# name 18 = density00: Density [density, kg/m^3]
# name 19 = density11: Density, 2 [density, kg/m^3]
# name 20 = v3: Voltage 3
# name 21 = v4: Voltage 4
# name 22 = v5: Voltage 5
# name 23 = sal00: Salinity, Practical [PSU]
# name 24 = sal11: Salinity, Practical, 2 [PSU]
# name 25 = oxsolML/L: Oxygen Saturation, Garcia & Gordon [ml/l]
# name 26 = nbin: number of scans per bin
# name 27 = flag: flag
# span 0 =      2.000,    555.000       
# span 1 =      1.983,    548.524       
# span 2 =    -1.7127,    -0.0039       
# span 3 =  26.993883,  28.825480       
# span 4 =    -1.7123,    -0.0012       
# span 5 =  26.993882,  28.825963       
# span 6 =     4.9021,     9.1879       
# span 7 =     5.1255,     9.5418       
# span 8 =    -0.0224,    11.6197       
# span 9 =    85.8293,    97.2157       
# span 10 = -9.597e-06, 5.8216e+01      
# span 11 =  -73.92156,  -73.92156      
# span 12 = -118.83802, -118.83800      
# span 13 =  46.108358,  46.117656      
# span 14 =       4.32,      99.96      
# span 15 = 1.4830e+02, 1.6258e+02      
# span 16 =    249.090,   1052.497      
# span 17 =       5979,      25261      
# span 18 =  1027.1311,  1030.2450      
# span 19 =  1027.1322,  1030.2432      
# span 20 =     4.0727,     4.6117      
# span 21 =     0.0640,     1.9901      
# span 22 =     0.1104,     0.1978      
# span 23 =    33.7543,    34.3910      
# span 24 =    33.7555,    34.3888      
# span 25 =    8.04521,    8.43958      
# span 26 =         20,         47      
# span 27 = 0.0000e+00, 0.0000e+00      
# interval = decibars: 1                
# start_time = Feb 15 2022 02:31:53 [NMEA time, header]
# bad_flag = -9.990e-29
*END*
[from data line 518]
    520.000    513.980    -0.2153  28.587202    -0.2141  28.586376     5.0643     5.2350    -0.0137    97.0617 1.0000e-12  -73.92156 -118.83800  46.115736      38.09 1.5096e+02    886.579      21279  1030.0465  1030.0445     4.6044     0.0643     0.1167    34.3319    34.3295    8.09318         33 0.0000e+00
    521.000    514.966    -0.2081  28.595297    -0.2056  28.596191     5.0639     5.2305    -0.0134    97.0730 1.0000e-12  -73.92156 -118.83800  46.115752      37.12 1.5327e+02    887.946      21312  1030.0524  1030.0508     4.6050     0.0652     0.1166    34.3340    34.3323    8.09154         32 0.0000e+00
    522.000    515.953    -0.2086  28.595423    -0.2065  28.595611     5.0593     5.2359    -0.0100    97.0757 1.0000e-12  -73.92156 -118.83800  46.115768      36.08 1.5003e+02    889.330      21345  1030.0573  1030.0555     4.6051     0.0650     0.1175    34.3342    34.3321    8.09163         33 0.0000e+00
    523.000    516.940    -0.2080  28.596272    -0.2067  28.595700     5.0600     5.2396    -0.0156    97.0723 1.0000e-12  -73.92156 -118.83800  46.115786      35.43 1.5057e+02    890.922      21383  1030.0620  1030.0601     4.6049     0.0657     0.1196    34.3340    34.3318    8.09151         36 0.0000e+00
    524.000    517.928    -0.2095  28.595448    -0.2076  28.595406     5.0593     5.2396    -0.0070    97.0554 1.0000e-12  -73.92156 -118.83800  46.115804      34.64 1.5356e+02    892.496      21421  1030.0668  1030.0650     4.6042     0.0650     0.1157    34.3339    34.3318    8.09182         34 0.0000e+00
    525.000    518.915    -0.2094  28.595797    -0.2073  28.595971     5.0613     5.2320    -0.0081    97.0656 1.0000e-12  -73.92156 -118.83800  46.115821      33.24 1.5008e+02    893.956      21456  1030.0714  1030.0697     4.6046     0.0645     0.1169    34.3337    34.3317    8.09182         37 0.0000e+00
    526.000    519.902    -0.2091  28.596735    -0.2066  28.597426     5.0727     5.2402    -0.0044    97.0752 1.0000e-12  -73.92156 -118.83800  46.115841      32.07 1.5020e+02    895.672      21497  1030.0765  1030.0747     4.6051     0.0660     0.1158    34.3341    34.3321    8.09174         44 0.0000e+00
    527.000    520.889    -0.2135  28.593008    -0.2119  28.592424     5.0611     5.2386    -0.0050    97.0658 1.0000e-12  -73.92156 -118.83800  46.115863      30.86 1.5300e+02    897.570      21543  1030.0811  1030.0790     4.6047     0.0647     0.1168    34.3334    34.3309    8.09270         41 0.0000e+00
    528.000    521.876    -0.2157  28.590929    -0.2130  28.591869     5.0686     5.2399    -0.0129    97.0682 1.0000e-12  -73.92156 -118.83800  46.115883      29.98 1.5019e+02    899.330      21585  1030.0854  1030.0838     4.6048     0.0658     0.1157    34.3326    34.3308    8.09323         41 0.0000e+00
    529.000    522.863    -0.2164  28.590945    -0.2123  28.593251     5.0883     5.2395    -0.0115    97.0651 1.0000e-12  -73.92156 -118.83800  46.115903      28.96 1.4993e+02    901.052      21626  1030.0903  1030.0888     4.6047     0.0658     0.1169    34.3328    34.3313    8.09336         41 0.0000e+00
    530.000    523.851    -0.2177  28.589699    -0.2163  28.589331     5.0651     5.2431    -0.0120    97.0617 1.0000e-12  -73.92156 -118.83800  46.115926      28.14 1.5157e+02    902.998      21673  1030.0945  1030.0928     4.6045     0.0660     0.1178    34.3320    34.3299    8.09368         34 0.0000e+00
    531.000    524.838    -0.2255  28.582412    -0.2231  28.582923     5.0688     5.2415    -0.0051    97.0768 1.0000e-12  -73.92156 -118.83800  46.115948      26.90 1.5041e+02    904.910      21719  1030.0986  1030.0969     4.6052     0.0657     0.1192    34.3304    34.3285    8.09542         36 0.0000e+00
    532.000    525.825    -0.2262  28.581992    -0.2254  28.580945     5.0745     5.2448    -0.0112    97.0625 1.0000e-12  -73.92156 -118.83800  46.115968      25.91 1.5033e+02    906.628      21760  1030.1031  1030.1013     4.6045     0.0664     0.1170    34.3301    34.3278    8.09559         40 0.0000e+00
    533.000    526.811    -0.2321  28.576378    -0.2298  28.576803     5.0640     5.2401    -0.0076    97.0600 1.0000e-12  -73.92156 -118.83800  46.115989      25.27 1.5243e+02    908.434      21803  1030.1072  1030.1055     4.6044     0.0674     0.1166    34.3287    34.3267    8.09693         40 0.0000e+00
    534.000    527.800    -0.2144  28.595857    -0.2129  28.595273     5.0680     5.2408    -0.0087    97.0709 1.0000e-12  -73.92156 -118.83800  46.116012      24.09 1.4996e+02    910.400      21851  1030.1147  1030.1125     4.6049     0.0667     0.1172    34.3341    34.3316    8.09287         45 0.0000e+00
    535.000    528.786    -0.2109  28.599477    -0.2089  28.599607     5.0573     5.2363    -0.0070    97.0752 1.0000e-12  -73.92156 -118.83800  46.116033      23.35 1.5001e+02    912.234      21895  1030.1194  1030.1175     4.6051     0.0669     0.1171    34.3344    34.3323    8.09211         41 0.0000e+00
    536.000    529.773    -0.2117  28.598734    -0.2107  28.598017     5.0786     5.2324    -0.0075    97.0747 1.0000e-12  -73.92156 -118.83800  46.116052      22.35 1.5171e+02    913.879      21934  1030.1236  1030.1219     4.6051     0.0668     0.1163    34.3337    34.3316    8.09231         37 0.0000e+00
    537.000    530.760    -0.2129  28.598833    -0.2089  28.600369     5.0632     5.2340    -0.0046    97.0636 1.0000e-12  -73.92156 -118.83800  46.116074      21.36 1.5047e+02    915.800      21980  1030.1291  1030.1269     4.6046     0.0666     0.1187    34.3346    34.3322    8.09251         37 0.0000e+00
    538.000    531.747    -0.2110  28.600657    -0.2087  28.601088     5.0751     5.2331    -0.0121    97.0688 1.0000e-12  -73.92156 -118.83800  46.116096      20.31 1.4996e+02    917.716      22026  1030.1335  1030.1318     4.6048     0.0670     0.1190    34.3343    34.3323    8.09212         39 0.0000e+00
    539.000    532.735    -0.2146  28.597176    -0.2129  28.597016     5.0556     5.2417    -0.0143    97.0632 1.0000e-12  -73.92156 -118.83800  46.116116      19.46 1.5152e+02    919.449      22068  1030.1377  1030.1358     4.6046     0.0680     0.1173    34.3331    34.3310    8.09296         42 0.0000e+00
    540.000    533.721    -0.2129  28.599802    -0.2136  28.596832     5.0548     5.2436    -0.0084    97.0700 1.0000e-12  -73.92156 -118.83800  46.116139      18.28 1.5104e+02    921.388      22114  1030.1430  1030.1406     4.6048     0.0665     0.1160    34.3342    34.3309    8.09255         37 0.0000e+00
    541.000    534.708    -0.2209  28.591486    -0.2217  28.588788     5.0947     5.2365    -0.0117    97.0722 1.0000e-12  -73.92156 -118.83800  46.116160      17.36 1.4986e+02    923.231      22159  1030.1464  1030.1443     4.6049     0.0677     0.1178    34.3315    34.3287    8.09440         36 0.0000e+00
    542.000    535.695    -0.2239  28.589102    -0.2149  28.596529     5.0690     5.2421    -0.0133    97.0748 1.0000e-12  -73.92156 -118.83800  46.116180      16.25 1.5031e+02    924.961      22200  1030.1510  1030.1500     4.6051     0.0670     0.1166    34.3311    34.3309    8.09505         35 0.0000e+00
    543.000    536.684    -0.2106  28.604316    -0.2096  28.602819     5.0533     5.2286    -0.0144    97.0593 1.0000e-12  -73.92156 -118.83800  46.116201      15.49 1.5171e+02    926.805      22244  1030.1582  1030.1557     4.6044     0.0671     0.1168    34.3357    34.3327    8.09196         36 0.0000e+00
    544.000    537.671    -0.1955  28.620199    -0.1986  28.614414     5.0555     5.2305    -0.0082    97.0533 1.0000e-12  -73.92156 -118.83801  46.116223      14.47 1.5015e+02    928.663      22289  1030.1645  1030.1615     4.6041     0.0676     0.1183    34.3394    34.3352    8.08856         41 0.0000e+00
    545.000    538.656    -0.2001  28.615721    -0.2023  28.611419     5.0383     5.2233    -0.0097    97.0713 1.0000e-12  -73.92156 -118.83801  46.116244      13.33 1.5033e+02    930.522      22334  1030.1686  1030.1663     4.6049     0.0679     0.1175    34.3380    34.3348    8.08961         39 0.0000e+00
    546.000    539.644    -0.1771  28.641323    -0.1795  28.636092     5.0565     5.2157    -0.0081    97.0657 1.0000e-12  -73.92156 -118.83800  46.116266      12.33 1.5181e+02    932.404      22379  1030.1774  1030.1742     4.6046     0.0680     0.1176    34.3456    34.3413    8.08431         36 0.0000e+00
    547.000    540.630    -0.1701  28.647791    -0.1709  28.645366     5.0334     5.2071    -0.0121    97.0639 1.0000e-12  -73.92156 -118.83800  46.116286      11.32 1.5006e+02    934.138      22420  1030.1818  1030.1800     4.6046     0.0684     0.1182    34.3456    34.3434    8.08281         34 0.0000e+00
    548.000    541.618    -0.1478  28.672671    -0.1616  28.655078     5.0262     5.2074    -0.0138    97.0659 1.0000e-12  -73.92156 -118.83802  46.116307      10.39 1.5016e+02    935.914      22463  1030.1906  1030.1855     4.6047     0.0681     0.1182    34.3531    34.3452    8.07768         44 0.0000e+00
    549.000    542.608    -0.1146  28.710101    -0.1144  28.707363     4.9550     5.1485    -0.0071    97.0624 1.0000e-12  -73.92156 -118.83802  46.116330       9.37 1.5106e+02    937.904      22511  1030.2019  1030.1987     4.6045     0.0674     0.1181    34.3649    34.3610    8.07002         33 0.0000e+00
    550.000    543.592    -0.0128  28.815241    -0.0148  28.810817     4.9414     5.1348    -0.0082    97.0766 1.0000e-12  -73.92156 -118.83802  46.116351       8.22 1.4990e+02    939.721      22554  1030.2176  1030.2148     4.6052     0.0675     0.1162    34.3894    34.3858    8.04717         40 0.0000e+00
    551.000    544.580    -0.0143  28.813655    -0.0154  28.810960     4.9606     5.1301    -0.0114    97.0738 1.0000e-12  -73.92156 -118.83802  46.116376       7.22 1.4992e+02    941.864      22606  1030.2227  1030.2207     4.6051     0.0681     0.1173    34.3884    34.3860    8.04754         45 0.0000e+00
    552.000    545.567    -0.0082  28.820895    -0.0063  28.820607     4.9399     5.1263    -0.0082    97.0934 1.0000e-12  -73.92156 -118.83800  46.116405       6.15 1.5125e+02    944.429      22667  1030.2293  1030.2271     4.6060     0.0676     0.1168    34.3905    34.3880    8.04613         40 0.0000e+00
    553.000    546.553    -0.0039  28.825305    -0.0019  28.825337     4.9021     5.1255    -0.0089    97.0871 1.0000e-12  -73.92156 -118.83800  46.116432       5.21 1.4981e+02    946.697      22722  1030.2346  1030.2326     4.6056     0.0672     0.1163    34.3910    34.3888    8.04521         37 0.0000e+00
    554.000    547.542    -0.0042  28.825480    -0.0023  28.825085     5.0438     5.1275    -0.0088    97.0949 1.0000e-12  -73.92156 -118.83800  46.116459       4.32 1.4984e+02    949.043      22778  1030.2397  1030.2374     4.6060     0.0672     0.1163    34.3909    34.3883    8.04527         39 0.0000e+00
    555.000    548.524    -0.0042  28.824987    -0.0012  28.825963     4.9313     5.1291    -0.0104    97.1040 1.0000e-12  -73.92156 -118.83800  46.117656      17.42 1.4830e+02   1052.497      25261  1030.2450  1030.2432     4.6063     0.0678     0.1201    34.3897    34.3876    8.04533         24 0.0000e+00
