ocean_section_plots/required_files/ctd/dnbp2202_ctd021.cnv
* Sea-Bird SBE 9 Data File:
* FileName = D:\Data\raw\NBP2202_TMC021.hex
* Software Version Seasave V 7.26.7.121
* Temperature SN = 1649
* Conductivity SN = 2513
* Number of Bytes Per Scan = 40
* Number of Voltage Words = 5
* Number of Scans Averaged by the Deck Unit = 1
* NMEA Latitude = 74 12.94 S
* NMEA Longitude = 112 12.34 W
* NMEA UTC (Time) = Jan 19 2022  19:57:19
* NMEA baud rate = 9600
** Ship: RVIB N.B. Palmer
** Cruise: NBP2202 Thwaites
** Station: 13
** Operator: A. Robinson
** Glider calibration cast
# nquan = 25
# nvalues = 962                         
# units = specified
# name 0 = prDM: Pressure, Digiquartz [db]
# name 1 = depSM: Depth [salt water, m]
# name 2 = t090C: Temperature [ITS-90, deg C]
# name 3 = c0mS/cm: Conductivity [mS/cm]
# name 4 = t190C: Temperature, 2 [ITS-90, deg C]
# name 5 = c1mS/cm: Conductivity, 2 [mS/cm]
# name 6 = sbeox0ML/L: Oxygen, SBE 43 [ml/l]
# name 7 = sbeox1ML/L: Oxygen, SBE 43, 2 [ml/l]
# name 8 = flECO-AFL: Fluorescence, WET Labs ECO-AFL/FL [mg/m^3]
# name 9 = CStarTr0: Beam Transmission, WET Labs C-Star [%]
# name 10 = par: PAR/Irradiance, Biospherical/Licor
# name 11 = latitude: Latitude [deg]
# name 12 = longitude: Longitude [deg]
# name 13 = timeJ: Julian Days
# name 14 = altM: Altimeter [m]
# name 15 = spar: SPAR, Biospherical/Licor
# name 16 = timeS: Time, Elapsed [seconds]
# name 17 = scan: Scan Count
# name 18 = density00: Density [density, kg/m^3]
# name 19 = density11: Density, 2 [density, kg/m^3]
# name 20 = sal00: Salinity, Practical [PSU]
# name 21 = sal11: Salinity, Practical, 2 [PSU]
# name 22 = oxsolML/L: Oxygen Saturation, Garcia & Gordon [ml/l]
# name 23 = nbin: number of scans per bin
# name 24 = flag: flag
# span 0 =      2.000,    963.000       
# span 1 =      1.969,    950.828       
# span 2 =    -1.5386,     0.5120       
# span 3 =  27.079211,  29.566102       
# span 4 =    -1.5379,     0.5139       
# span 5 =  27.078869,  29.565838       
# span 6 =     4.5647,     7.8777       
# span 7 =     4.8245,     8.3172       
# span 8 =    -0.0163,    11.8747       
# span 9 =    80.2009,    98.3654       
# span 10 = -9.652e-06, 4.7904e+02      
# span 11 =  -74.21576,  -74.21576      
# span 12 = -112.20580, -112.20576      
# span 13 =  19.833992,  19.848899      
# span 14 =     -20.47,     100.54      
# span 15 = 8.2003e+02, 9.8557e+02      
# span 16 =    217.894,   1505.856      
# span 17 =       5230,      36142      
# span 18 =  1027.2000,  1032.2435      
# span 19 =  1027.2009,  1032.2414      
# span 20 =    33.8077,    34.5502      
# span 21 =    33.8095,    34.5476      
# span 22 =    7.92929,    8.40336      
# span 23 =          9,         46      
# span 24 = 0.0000e+00, 0.0000e+00      
# interval = decibars: 1                
# start_time = Jan 19 2022 19:57:19 [NMEA time, header]
# bad_flag = -9.990e-29
*END*
[from data line 290]
    292.000    288.773    -1.3779  27.327212    -1.3768  27.326607     6.1717     6.5637     0.0288    98.1863 1.0000e-12  -74.21576 -112.20576  19.838840      99.84 9.8327e+02    636.763      15283  1028.8226  1028.8209    34.0809    34.0789    8.36134         29 0.0000e+00
    293.000    289.761    -1.3611  27.344470    -1.3604  27.342792     6.1340     6.5137     0.0194    98.1716 1.0000e-12  -74.21576 -112.20576  19.838854      99.83 9.8269e+02    637.981      15313  1028.8295  1028.8270    34.0849    34.0819    8.35735         30 0.0000e+00
    294.000    290.751    -1.3074  27.394903    -1.3073  27.392486     6.1302     6.5123     0.0216    98.1950 1.0000e-12  -74.21576 -112.20576  19.838868      99.84 9.8252e+02    639.240      15343  1028.8367  1028.8340    34.0924    34.0890    8.34489         30 0.0000e+00
    295.000    291.737    -1.3211  27.383586    -1.3170  27.386462     6.1583     6.5377     0.0221    98.1986 1.0000e-12  -74.21576 -112.20576  19.838882      99.83 9.8225e+02    640.432      15371  1028.8423  1028.8414    34.0919    34.0912    8.34799         28 0.0000e+00
    296.000    292.726    -1.3345  27.373540    -1.3321  27.374224     6.1714     6.5472     0.0755    98.0892 1.0000e-12  -74.21576 -112.20576  19.838896      99.84 9.8229e+02    641.615      15400  1028.8488  1028.8472    34.0927    34.0910    8.35093         29 0.0000e+00
    297.000    293.715    -1.3409  27.369061    -1.3394  27.369007     6.1567     6.5334     0.0636    98.1729 1.0000e-12  -74.21576 -112.20576  19.838910      99.83 9.8260e+02    642.824      15429  1028.8545  1028.8530    34.0932    34.0915    8.35233         29 0.0000e+00
    298.000    294.703    -1.3244  27.384828    -1.3237  27.383429     6.1344     6.5225     0.0600    98.2183 1.0000e-12  -74.21576 -112.20576  19.838924      90.35 9.8283e+02    644.037      15458  1028.8600  1028.8578    34.0955    34.0928    8.34851         27 0.0000e+00
    299.000    295.692    -1.3143  27.394230    -1.3148  27.392121     6.1317     6.5146     0.0289    98.2343 1.0000e-12  -74.21576 -112.20576  19.838938      84.75 9.8351e+02    645.272      15488  1028.8649  1028.8631    34.0963    34.0940    8.34621         30 0.0000e+00
    300.000    296.680    -1.3121  27.397008    -1.3120  27.395558     6.1352     6.5128     0.0178    98.1030 1.0000e-12  -74.21576 -112.20576  19.838953     100.54 9.8267e+02    646.523      15518  1028.8702  1028.8685    34.0970    34.0948    8.34567         27 0.0000e+00
    301.000    297.667    -1.3118  27.398954    -1.3106  27.398613     6.1512     6.5308     0.0111    98.1735 1.0000e-12  -74.21576 -112.20576  19.838966      99.83 9.8249e+02    647.700      15546  1028.8764  1028.8748    34.0987    34.0968    8.34550         28 0.0000e+00
    302.000    298.656    -1.3142  27.397959    -1.3137  27.396982     6.1639     6.5464     0.0143    98.2242 1.0000e-12  -74.21576 -112.20577  19.838980      99.83 9.8229e+02    648.875      15574  1028.8821  1028.8805    34.0994    34.0975    8.34599         29 0.0000e+00
    303.000    299.644    -1.3293  27.386303    -1.3287  27.385567     6.1605     6.5444     0.0196    98.2454 1.0000e-12  -74.21576 -112.20576  19.838994      99.84 9.8296e+02    650.082      15603  1028.8885  1028.8871    34.1000    34.0983    8.34934         29 0.0000e+00
    304.000    300.632    -1.3196  27.396390    -1.3199  27.394619     6.1477     6.5254     0.0087    98.1845 1.0000e-12  -74.21576 -112.20578  19.839008      99.84 9.8275e+02    651.276      15632  1028.8944  1028.8927    34.1022    34.1001    8.34704         28 0.0000e+00
    305.000    301.621    -1.3127  27.403213    -1.3101  27.403714     6.1408     6.5274     0.0067    98.1913 1.0000e-12  -74.21576 -112.20578  19.839021      99.83 9.8175e+02    652.452      15660  1028.8994  1028.8974    34.1031    34.1008    8.34544         29 0.0000e+00
    306.000    302.608    -1.3072  27.408295    -1.3058  27.408015     6.1310     6.5112     0.0196    98.2970 1.0000e-12  -74.21576 -112.20578  19.839036      99.83 9.8193e+02    653.679      15689  1028.9040  1028.9023    34.1032    34.1013    8.34421         30 0.0000e+00
    307.000    303.597    -1.3034  27.412695    -1.3026  27.411480     6.1218     6.4927     0.0926    98.2299 1.0000e-12  -74.21576 -112.20578  19.839050      99.83 9.8181e+02    654.909      15719  1028.9094  1028.9073    34.1043    34.1017    8.34329         29 0.0000e+00
    308.000    304.585    -1.2941  27.422249    -1.2929  27.421699     6.1214     6.4896     0.2814    98.2453 1.0000e-12  -74.21576 -112.20578  19.839064      99.83 9.8163e+02    656.116      15748  1028.9152  1028.9134    34.1062    34.1041    8.34111         29 0.0000e+00
    309.000    305.573    -1.2983  27.419514    -1.2964  27.419544     6.1239     6.4980     0.0224    98.3261 1.0000e-12  -74.21576 -112.20578  19.839078      99.55 9.8095e+02    657.345      15777  1028.9206  1028.9189    34.1066    34.1045    8.34201         29 0.0000e+00
    310.000    306.561    -1.3017  27.416996    -1.3019  27.415623     6.1302     6.5108     0.0254    98.3254 1.0000e-12  -74.21576 -112.20578  19.839092      97.76 9.8077e+02    658.542      15806  1028.9256  1028.9243    34.1064    34.1048    8.34279         29 0.0000e+00
    311.000    307.547    -1.3088  27.411756    -1.3085  27.410700     6.1422     6.5169     0.2150    98.1010 1.0000e-12  -74.21576 -112.20578  19.839106      98.89 9.8104e+02    659.725      15834  1028.9311  1028.9297    34.1066    34.1049    8.34435         28 0.0000e+00
    312.000    308.540    -1.3126  27.409149    -1.3102  27.409565     6.1416     6.5225     0.1457    98.2659 1.0000e-12  -74.21576 -112.20578  19.839120      99.80 9.8119e+02    660.951      15864  1028.9363  1028.9344    34.1068    34.1047    8.34520         29 0.0000e+00
    313.000    309.525    -1.3109  27.410859    -1.3120  27.408553     6.1550     6.5322     0.0286    98.2961 1.0000e-12  -74.21576 -112.20578  19.839134      99.83 9.8092e+02    662.188      15894  1028.9407  1028.9393    34.1065    34.1047    8.34483         28 0.0000e+00
    314.000    310.514    -1.3154  27.407348    -1.3181  27.404043     6.1713     6.5530     0.0491    98.2521 1.0000e-12  -74.21576 -112.20578  19.839148      99.83 9.8015e+02    663.374      15922  1028.9456  1028.9446    34.1062    34.1047    8.34585         28 0.0000e+00
    315.000    311.502    -1.3339  27.392510    -1.3332  27.392005     6.1965     6.5734     0.0950    98.2715 1.0000e-12  -74.21576 -112.20578  19.839162      99.84 9.8016e+02    664.581      15951  1028.9517  1028.9505    34.1063    34.1049    8.34999         30 0.0000e+00
    316.000    312.490    -1.3453  27.384362    -1.3444  27.383946     6.2151     6.5836     0.1223    98.2319 1.0000e-12  -74.21576 -112.20578  19.839176      99.83 9.8016e+02    665.799      15980  1028.9581  1028.9568    34.1075    34.1059    8.35247         29 0.0000e+00
    317.000    313.477    -1.3504  27.381197    -1.3493  27.380859     6.2243     6.5942     0.0674    98.1976 1.0000e-12  -74.21576 -112.20578  19.839190      99.83 9.8016e+02    666.983      16009  1028.9638  1028.9624    34.1084    34.1067    8.35357         28 0.0000e+00
    318.000    314.467    -1.3526  27.380203    -1.3516  27.379739     6.2243     6.5996     0.1001    98.2741 1.0000e-12  -74.21576 -112.20578  19.839204      99.83 9.8016e+02    668.193      16038  1028.9690  1028.9676    34.1088    34.1071    8.35402         30 0.0000e+00
    319.000    315.454    -1.3569  27.377869    -1.3567  27.376986     6.2263     6.6069     0.0973    98.2319 1.0000e-12  -74.21576 -112.20578  19.839218      99.84 9.8016e+02    669.423      16067  1028.9748  1028.9737    34.1099    34.1085    8.35492         29 0.0000e+00
    320.000    316.442    -1.3634  27.373705    -1.3626  27.373205     6.2286     6.6109     0.1554    98.2528 1.0000e-12  -74.21576 -112.20578  19.839231      90.74 9.8016e+02    670.600      16095  1028.9808  1028.9794    34.1109    34.1093    8.35631         28 0.0000e+00
    321.000    317.431    -1.3688  27.370581    -1.3678  27.370049     6.2301     6.6197     0.2652    98.2747 1.0000e-12  -74.21576 -112.20578  19.839245      94.98 9.7961e+02    671.790      16124  1028.9868  1028.9853    34.1122    34.1104    8.35745         29 0.0000e+00
    322.000    318.418    -1.3660  27.374735    -1.3649  27.374254     6.2279     6.6141     0.1061    98.2155 1.0000e-12  -74.21576 -112.20578  19.839259      99.89 9.7943e+02    673.014      16153  1028.9928  1028.9912    34.1141    34.1122    8.35670         29 0.0000e+00
    323.000    319.408    -1.3657  27.375980    -1.3649  27.375298     6.2280     6.6073     0.0291    98.2719 1.0000e-12  -74.21576 -112.20578  19.839273      99.83 9.7992e+02    674.226      16182  1028.9981  1028.9966    34.1149    34.1130    8.35660         30 0.0000e+00
    324.000    320.394    -1.3638  27.378627    -1.3629  27.378094     6.2284     6.6059     0.0224    98.2792 1.0000e-12  -74.21576 -112.20578  19.839288      99.84 9.7943e+02    675.456      16212  1029.0034  1029.0019    34.1158    34.1140    8.35613         29 0.0000e+00
    325.000    321.384    -1.3652  27.378942    -1.3643  27.378454     6.2280     6.6068     0.0070    98.2873 1.0000e-12  -74.21576 -112.20578  19.839302      99.83 9.7845e+02    676.677      16241  1029.0093  1029.0079    34.1171    34.1155    8.35635         29 0.0000e+00
    326.000    322.371    -1.3666  27.379190    -1.3655  27.378701     6.2236     6.6060     0.0092    98.2532 1.0000e-12  -74.21576 -112.20578  19.839315      99.83 9.7909e+02    677.844      16269  1029.0152  1029.0136    34.1184    34.1166    8.35658         28 0.0000e+00
    327.000    323.359    -1.3686  27.378815    -1.3676  27.378341     6.2213     6.5999     0.0198    98.2933 1.0000e-12  -74.21576 -112.20578  19.839329      99.84 9.7874e+02    679.039      16298  1029.0209  1029.0195    34.1196    34.1178    8.35697         29 0.0000e+00
    328.000    324.348    -1.3690  27.379235    -1.3681  27.378654     6.2173     6.5963     0.0169    98.1769 1.0000e-12  -74.21576 -112.20578  19.839344      99.83 9.7840e+02    680.287      16328  1029.0260  1029.0245    34.1200    34.1182    8.35703         30 0.0000e+00
    329.000    325.335    -1.3689  27.380371    -1.3678  27.379855     6.2113     6.5969     0.0182    98.3343 1.0000e-12  -74.21576 -112.20578  19.839358      99.84 9.7840e+02    681.490      16357  1029.0314  1029.0298    34.1208    34.1188    8.35696         28 0.0000e+00
    330.000    326.324    -1.3665  27.383644    -1.3658  27.382752     6.2064     6.5881     0.0820    98.2631 1.0000e-12  -74.21576 -112.20578  19.839371      99.84 9.7840e+02    682.679      16385  1029.0369  1029.0353    34.1220    34.1200    8.35635         30 0.0000e+00
    331.000    327.312    -1.3654  27.385150    -1.3641  27.385101     6.2090     6.5954     0.1159    98.3078 1.0000e-12  -74.21576 -112.20578  19.839385      86.85 9.7840e+02    683.890      16414  1029.0418  1029.0404    34.1222    34.1206    8.35610         28 0.0000e+00
    332.000    328.300    -1.3645  27.386598    -1.3633  27.386398     6.2144     6.5884     0.0403    98.1819 1.0000e-12  -74.21576 -112.20578  19.839399      98.78 9.7840e+02    685.073      16443  1029.0468  1029.0454    34.1225    34.1209    8.35588         28 0.0000e+00
    333.000    329.287    -1.3659  27.386323    -1.3647  27.386072     6.2121     6.5918     0.0197    98.1698 1.0000e-12  -74.21576 -112.20578  19.839413      99.84 9.7840e+02    686.284      16472  1029.0521  1029.0507    34.1231    34.1214    8.35615         30 0.0000e+00
    334.000    330.275    -1.3713  27.382622    -1.3695  27.382881     6.2148     6.5982     0.0652    98.3213 1.0000e-12  -74.21576 -112.20578  19.839427      99.84 9.7793e+02    687.531      16502  1029.0576  1029.0561    34.1235    34.1219    8.35733         30 0.0000e+00
    335.000    331.264    -1.3718  27.382603    -1.3714  27.381792     6.2196     6.6006     0.0276    98.2032 1.0000e-12  -74.21576 -112.20578  19.839441      99.83 9.7733e+02    688.729      16531  1029.0624  1029.0610    34.1235    34.1219    8.35746         28 0.0000e+00
    336.000    332.252    -1.3743  27.380967    -1.3740  27.380112     6.2222     6.6021     0.0145    98.3129 1.0000e-12  -74.21576 -112.20578  19.839455      99.84 9.7743e+02    689.898      16559  1029.0673  1029.0661    34.1235    34.1220    8.35802         29 0.0000e+00
    337.000    333.240    -1.3760  27.380086    -1.3756  27.379097     6.2228     6.6015     0.0165    98.3116 1.0000e-12  -74.21576 -112.20578  19.839469      99.84 9.7758e+02    691.126      16588  1029.0722  1029.0707    34.1236    34.1218    8.35840         30 0.0000e+00
    338.000    334.227    -1.3779  27.378995    -1.3775  27.378112     6.2249     6.6101     0.0132    98.2841 1.0000e-12  -74.21576 -112.20578  19.839483      99.83 9.7664e+02    692.357      16618  1029.0771  1029.0757    34.1236    34.1220    8.35881         28 0.0000e+00
    339.000    335.216    -1.3811  27.376833    -1.3800  27.376596     6.2338     6.6109     0.0065    98.2456 1.0000e-12  -74.21576 -112.20578  19.839497      99.84 9.7664e+02    693.558      16646  1029.0821  1029.0807    34.1237    34.1221    8.35952         30 0.0000e+00
    340.000    336.205    -1.3935  27.366826    -1.3910  27.367777     6.2378     6.6201     0.0142    98.2955 1.0000e-12  -74.21576 -112.20579  19.839511      99.83 9.7664e+02    694.778      16676  1029.0874  1029.0861    34.1234    34.1219    8.36232         29 0.0000e+00
    341.000    337.191    -1.3978  27.363654    -1.3968  27.363339     6.2412     6.6258     0.0193    98.3127 1.0000e-12  -74.21576 -112.20579  19.839525      94.51 9.7642e+02    695.987      16705  1029.0925  1029.0911    34.1234    34.1218    8.36330         28 0.0000e+00
    342.000    338.181    -1.4028  27.360271    -1.4018  27.359858     6.2417     6.6234     0.0385    98.3396 1.0000e-12  -74.21576 -112.20580  19.839539      82.46 9.7646e+02    697.165      16733  1029.0978  1029.0964    34.1238    34.1221    8.36439         29 0.0000e+00
    343.000    339.169    -1.4061  27.357967    -1.4028  27.359512     6.2531     6.6288     0.0252    98.3626 1.0000e-12  -74.21576 -112.20578  19.839553      98.19 9.7573e+02    698.371      16762  1029.1026  1029.1011    34.1238    34.1221    8.36513         29 0.0000e+00
    344.000    340.156    -1.4103  27.354918    -1.4102  27.353770     6.2551     6.6386     0.0151    98.1480 1.0000e-12  -74.21576 -112.20579  19.839567      99.84 9.7603e+02    699.582      16791  1029.1076  1029.1063    34.1238    34.1220    8.36608         29 0.0000e+00
    345.000    341.144    -1.4140  27.352090    -1.4142  27.350702     6.2552     6.6346     0.0341    98.2730 1.0000e-12  -74.21576 -112.20579  19.839581      99.83 9.7645e+02    700.789      16820  1029.1123  1029.1110    34.1234    34.1218    8.36692         30 0.0000e+00
    346.000    342.131    -1.4175  27.350016    -1.4173  27.349104     6.2547     6.6374     0.0202    98.3257 1.0000e-12  -74.21576 -112.20578  19.839595      99.84 9.7575e+02    702.032      16850  1029.1176  1029.1165    34.1239    34.1225    8.36767         27 0.0000e+00
    347.000    343.119    -1.4215  27.348433    -1.4205  27.347989     6.2503     6.6326     0.0216    98.3289 1.0000e-12  -74.21576 -112.20580  19.839609      99.84 9.7530e+02    703.245      16879  1029.1240  1029.1226    34.1258    34.1240    8.36848         29 0.0000e+00
    348.000    344.109    -1.4221  27.348626    -1.4213  27.348149     6.2579     6.6333     0.0241    98.3274 1.0000e-12  -74.21576 -112.20578  19.839623      99.83 9.7432e+02    704.415      16907  1029.1290  1029.1277    34.1261    34.1245    8.36859         28 0.0000e+00
