ocean_section_plots/required_files/ctd/dnbp2202_ctd247.cnv
* Sea-Bird SBE 9 Data File:
* FileName = D:\Data\raw\NBP2202_CTD247.hex
* Software Version Seasave V 7.26.7.121
* Temperature SN = 1649
* Conductivity SN = 2513
* Number of Bytes Per Scan = 40
* Number of Voltage Words = 5
* Number of Scans Averaged by the Deck Unit = 1
* NMEA Latitude = 73 55.38 S
* NMEA Longitude = 118 48.19 W
* NMEA UTC (Time) = Feb 15 2022  05:04:17
* NMEA baud rate = 9600
** Ship: RVIB N.B. Palmer
** Cruise: NBP2202 Thwaites
** Station: 154
** Operator: B. Bjork
# nquan = 28
# nvalues = 1030                        
# units = specified
# name 0 = prDM: Pressure, Digiquartz [db]
# name 1 = depSM: Depth [salt water, m]
# name 2 = t090C: Temperature [ITS-90, deg C]
# name 3 = c0mS/cm: Conductivity [mS/cm]
# name 4 = t190C: Temperature, 2 [ITS-90, deg C]
# name 5 = c1mS/cm: Conductivity, 2 [mS/cm]
# name 6 = sbeox0ML/L: Oxygen, SBE 43 [ml/l]
# name 7 = sbeox1ML/L: Oxygen, SBE 43, 2 [ml/l]
# name 8 = flECO-AFL: Fluorescence, WET Labs ECO-AFL/FL [mg/m^3]
# name 9 = CStarTr0: Beam Transmission, WET Labs C-Star [%]
# name 10 = par: PAR/Irradiance, Biospherical/Licor
# name 11 = latitude: Latitude [deg]
# name 12 = longitude: Longitude [deg]
# name 13 = timeJ: Julian Days
# name 14 = altM: Altimeter [m]
# name 15 = spar: SPAR, Biospherical/Licor
# name 16 = timeS: Time, Elapsed [seconds]
# name 17 = scan: Scan Count
# name 18 = density00: Density [density, kg/m^3]
# name 19 = density11: Density, 2 [density, kg/m^3]
# name 20 = v3: Voltage 3
# name 21 = v4: Voltage 4
# name 22 = v5: Voltage 5
# name 23 = sal00: Salinity, Practical [PSU]
# name 24 = sal11: Salinity, Practical, 2 [PSU]
# name 25 = oxsolML/L: Oxygen Saturation, Garcia & Gordon [ml/l]
# name 26 = nbin: number of scans per bin
# name 27 = flag: flag
# span 0 =      2.000,   1031.000       
# span 1 =      1.975,   1017.808       
# span 2 =    -1.6857,     0.7240       
# span 3 =  26.978170,  29.797088       
# span 4 =    -1.6850,     0.7259       
# span 5 =  26.978288,  29.796964       
# span 6 =     4.6047,     9.2382       
# span 7 =     4.7395,     9.4989       
# span 8 =    -0.0228,    10.8422       
# span 9 =    86.0202,    97.2036       
# span 10 = -5.048e-06, 1.2682e+01      
# span 11 =  -73.92300,  -73.92292      
# span 12 = -118.80340, -118.80306      
# span 13 =  46.212084,  46.226530      
# span 14 =       3.57,     100.15      
# span 15 = 3.0659e+01, 4.1142e+01      
# span 16 =     67.016,   1315.212      
# span 17 =       1609,      31566      
# span 18 =  1027.1253,  1032.5612      
# span 19 =  1027.1241,  1032.5594      
# span 20 =     4.0809,     4.6111      
# span 21 =     0.0634,     1.7975      
# span 22 =     0.1111,     0.2027      
# span 23 =    33.7451,    34.5759      
# span 24 =    33.7448,    34.5737      
# span 25 =    7.88463,    8.43267      
# span 26 =         13,         47      
# span 27 = 0.0000e+00, 0.0000e+00      
# interval = decibars: 1                
# start_time = Feb 15 2022 05:04:17 [NMEA time, header]
# bad_flag = -9.990e-29
*END*
[from data line 467]
    469.000    463.626    -0.5744  28.212876    -0.5726  28.212862     5.3470     5.5090    -0.0152    97.1319 1.0000e-12  -73.92293 -118.80318  46.219096      99.89 3.8783e+01    672.862      16150  1029.7727  1029.7709     4.6078     0.0714     0.1144    34.2661    34.2640    8.17378         28 0.0000e+00
    470.000    464.613    -0.5749  28.213026    -0.5725  28.213470     5.3310     5.5008    -0.0142    97.1277 1.0000e-12  -73.92293 -118.80318  46.219109      99.88 3.8783e+01    674.020      16177  1029.7779  1029.7761     4.6076     0.0692     0.1165    34.2663    34.2642    8.17388         27 0.0000e+00
    471.000    465.601    -0.5681  28.220580    -0.5661  28.220567     5.3489     5.4954    -0.0145    97.1355 1.0000e-12  -73.92294 -118.80318  46.219122      99.87 3.8783e+01    675.152      16205  1029.7838  1029.7819     4.6080     0.0698     0.1159    34.2682    34.2659    8.17230         28 0.0000e+00
    472.000    466.588    -0.5522  28.237067    -0.5504  28.236616     5.3446     5.5039    -0.0150    97.1138 1.0000e-12  -73.92292 -118.80318  46.219135      99.87 3.8783e+01    676.278      16232  1029.7904  1029.7882     4.6070     0.0705     0.1143    34.2717    34.2691    8.16866         27 0.0000e+00
    473.000    467.576    -0.5465  28.244311    -0.5457  28.243395     5.2875     5.4888    -0.0212    97.1069 1.0000e-12  -73.92292 -118.80318  46.219148      99.88 3.8783e+01    677.402      16259  1029.7971  1029.7953     4.6066     0.0707     0.1138    34.2744    34.2723    8.16727         27 0.0000e+00
    474.000    468.564    -0.5457  28.250014    -0.5420  28.251559     5.3458     5.4772    -0.0140    97.1080 1.0000e-12  -73.92292 -118.80318  46.219162      99.88 3.8783e+01    678.586      16287  1029.8069  1029.8050     4.6067     0.0706     0.1140    34.2806    34.2785    8.16675         29 0.0000e+00
    475.000    469.551    -0.5116  28.283475    -0.5125  28.280371     5.3239     5.4700    -0.0124    97.1329 1.0000e-12  -73.92292 -118.80318  46.219176      99.87 3.8783e+01    679.779      16316  1029.8137  1029.8113     4.6079     0.0700     0.1157    34.2864    34.2833    8.15907         28 0.0000e+00
    476.000    470.539    -0.4986  28.295057    -0.4963  28.295650     5.2672     5.4429    -0.0072    97.1326 1.0000e-12  -73.92292 -118.80318  46.219189      83.47 3.8783e+01    680.918      16343  1029.8180  1029.8163     4.6078     0.0668     0.1165    34.2868    34.2849    8.15627         27 0.0000e+00
    477.000    471.525    -0.4691  28.323834    -0.4710  28.319720     5.2259     5.4073    -0.0090    97.1230 1.0000e-12  -73.92292 -118.80318  46.219202      96.10 3.8783e+01    682.040      16370  1029.8243  1029.8218     4.6074     0.0688     0.1180    34.2915    34.2881    8.14966         27 0.0000e+00
    478.000    472.513    -0.4286  28.361033    -0.4283  28.358951     5.1995     5.3721    -0.0139    97.1272 1.0000e-12  -73.92292 -118.80318  46.219215      99.86 3.8783e+01    683.184      16397  1029.8288  1029.8263     4.6076     0.0702     0.1166    34.2950    34.2919    8.14076         28 0.0000e+00
    479.000    473.500    -0.4037  28.385180    -0.4026  28.383812     5.1794     5.3650    -0.0150    97.1326 1.0000e-12  -73.92292 -118.80318  46.219229      99.88 3.8783e+01    684.343      16425  1029.8349  1029.8323     4.6079     0.0696     0.1163    34.2987    34.2956    8.13522         27 0.0000e+00
    480.000    474.488    -0.3836  28.405568    -0.3795  28.407155     5.1656     5.3360    -0.0107    97.1284 1.0000e-12  -73.92292 -118.80318  46.219242      99.87 3.8783e+01    685.513      16453  1029.8416  1029.8393     4.6076     0.0702     0.1154    34.3027    34.3002    8.13068         29 0.0000e+00
    481.000    475.474    -0.3565  28.432252    -0.3594  28.426810     5.1137     5.2960    -0.0145    97.1393 1.0000e-12  -73.92292 -118.80318  46.219255      99.88 3.8783e+01    686.647      16481  1029.8481  1029.8453     4.6082     0.0703     0.1174    34.3072    34.3033    8.12463         26 0.0000e+00
    482.000    476.464    -0.3021  28.487769    -0.2951  28.490647     5.0935     5.2633    -0.0134    97.1260 1.0000e-12  -73.92292 -118.80318  46.219268      99.87 3.8783e+01    687.742      16507  1029.8584  1029.8546     4.6075     0.0692     0.1157    34.3195    34.3155    8.11233         27 0.0000e+00
    483.000    477.449    -0.2403  28.547896    -0.2380  28.547518     5.0612     5.2352    -0.0107    97.1221 1.0000e-12  -73.92292 -118.80318  46.219281      99.88 3.8783e+01    688.870      16534  1029.8666  1029.8639     4.6073     0.0690     0.1153    34.3297    34.3265    8.09862         27 0.0000e+00
    484.000    478.437    -0.1971  28.594183    -0.2001  28.588223     5.0548     5.2155    -0.0092    97.1078 1.0000e-12  -73.92292 -118.80318  46.219295      99.88 3.8783e+01    690.057      16562  1029.8783  1029.8749     4.6066     0.0706     0.1168    34.3421    34.3375    8.08874         29 0.0000e+00
    485.000    479.425    -0.1678  28.622978    -0.1683  28.619911     5.0375     5.2115    -0.0069    97.1014 1.0000e-12  -73.92292 -118.80318  46.219308      99.88 3.8783e+01    691.234      16591  1029.8852  1029.8824     4.6063     0.0709     0.1162    34.3469    34.3434    8.08226         28 0.0000e+00
    486.000    480.412    -0.1616  28.629181    -0.1605  28.627725     5.0440     5.1986    -0.0132    97.1203 1.0000e-12  -73.92292 -118.80318  46.219322      99.88 3.8783e+01    692.385      16618  1029.8907  1029.8882     4.6073     0.0699     0.1159    34.3475    34.3444    8.08090         27 0.0000e+00
    487.000    481.399    -0.1575  28.634317    -0.1559  28.633182     5.0740     5.1945    -0.0014    97.1263 1.0000e-12  -73.92292 -118.80318  46.219335      75.37 3.8783e+01    693.524      16646  1029.8971  1029.8944     4.6075     0.0672     0.1175    34.3491    34.3459    8.07995         28 0.0000e+00
    488.000    482.385    -0.1522  28.640417    -0.1496  28.640498     5.0602     5.2002    -0.0110    97.1068 1.0000e-12  -73.92292 -118.80318  46.219348      88.72 3.8783e+01    694.638      16672  1029.9032  1029.9007     4.6066     0.0680     0.1142    34.3507    34.3479    8.07874         26 0.0000e+00
    489.000    483.375    -0.1486  28.644292    -0.1467  28.643771     5.0324     5.1942    -0.0202    97.1002 1.0000e-12  -73.92292 -118.80318  46.219360      99.35 3.8783e+01    695.746      16699  1029.9086  1029.9062     4.6063     0.0694     0.1153    34.3512    34.3484    8.07796         27 0.0000e+00
    490.000    484.362    -0.1466  28.646737    -0.1455  28.645314     5.0182     5.1932    -0.0058    97.1009 1.0000e-12  -73.92292 -118.80318  46.219374      99.88 3.8783e+01    696.910      16727  1029.9140  1029.9114     4.6063     0.0689     0.1190    34.3516    34.3485    8.07751         29 0.0000e+00
    491.000    485.347    -0.1411  28.652617    -0.1394  28.651670     5.0274     5.1895    -0.0129    97.0987 1.0000e-12  -73.92292 -118.80318  46.219388      99.88 3.8783e+01    698.106      16756  1029.9194  1029.9168     4.6062     0.0697     0.1158    34.3527    34.3495    8.07628         28 0.0000e+00
    492.000    486.336    -0.1353  28.658380    -0.1330  28.658192     5.0697     5.1915    -0.0134    97.0978 1.0000e-12  -73.92292 -118.80318  46.219401      99.87 3.8783e+01    699.280      16784  1029.9245  1029.9221     4.6061     0.0705     0.1156    34.3532    34.3504    8.07502         28 0.0000e+00
    493.000    487.324    -0.1340  28.660031    -0.1319  28.659712     5.0374     5.1864    -0.0127    97.1027 1.0000e-12  -73.92292 -118.80318  46.219414      99.88 3.8851e+01    700.403      16811  1029.9296  1029.9271     4.6064     0.0687     0.1152    34.3534    34.3505    8.07475         26 0.0000e+00
    494.000    488.310    -0.1336  28.660734    -0.1315  28.660422     5.0325     5.1828    -0.0122    97.0937 1.0000e-12  -73.92292 -118.80318  46.219427      99.87 3.8715e+01    701.483      16837  1029.9345  1029.9321     4.6060     0.0699     0.1168    34.3533    34.3505    8.07467         26 0.0000e+00
    495.000    489.298    -0.1329  28.661922    -0.1304  28.662040     5.0360     5.1827    -0.0209    97.0925 1.0000e-12  -73.92293 -118.80318  46.219439      99.88 4.0269e+01    702.572      16863  1029.9395  1029.9372     4.6059     0.0693     0.1169    34.3534    34.3509    8.07451         27 0.0000e+00
    496.000    490.285    -0.1274  28.668372    -0.1246  28.668689     5.0101     5.1771    -0.0123    97.1009 1.0000e-12  -73.92294 -118.80318  46.219453      99.87 3.8852e+01    703.743      16891  1029.9454  1029.9431     4.6063     0.0712     0.1174    34.3552    34.3526    8.07324         29 0.0000e+00
    497.000    491.272    -0.1235  28.672891    -0.1214  28.672586     5.0163     5.1742    -0.0071    97.0866 1.0000e-12  -73.92294 -118.80318  46.219467      99.88 3.8782e+01    704.951      16920  1029.9508  1029.9484     4.6056     0.0694     0.1178    34.3563    34.3535    8.07236         28 0.0000e+00
    498.000    492.260    -0.1229  28.673828    -0.1208  28.673583     5.0538     5.1681    -0.0161    97.0831 1.0000e-12  -73.92294 -118.80318  46.219480      99.88 3.8783e+01    706.102      16947  1029.9556  1029.9534     4.6055     0.0720     0.1160    34.3562    34.3536    8.07223         28 0.0000e+00
    499.000    493.248    -0.1193  28.678473    -0.1170  28.678239     5.0288     5.1671    -0.0140    97.0750 1.0000e-12  -73.92294 -118.80318  46.219493      80.16 3.8783e+01    707.215      16974  1029.9615  1029.9590     4.6051     0.0690     0.1171    34.3578    34.3549    8.07139         26 0.0000e+00
    500.000    494.233    -0.1115  28.687320    -0.1093  28.686985     5.0223     5.1710    -0.0020    97.0906 1.0000e-12  -73.92294 -118.80318  46.219506      92.56 3.8783e+01    708.299      17000  1029.9675  1029.9650     4.6058     0.0695     0.1159    34.3601    34.3572    8.06960         26 0.0000e+00
    501.000    495.221    -0.1083  28.690655    -0.1064  28.690211     5.0156     5.1688    -0.0119    97.0812 1.0000e-12  -73.92294 -118.80318  46.219519      99.79 3.8783e+01    709.402      17027  1029.9724  1029.9701     4.6054     0.0702     0.1154    34.3605    34.3578    8.06892         27 0.0000e+00
    502.000    496.209    -0.1063  28.692908    -0.1043  28.692629     5.0178     5.1621    -0.0122    97.0787 1.0000e-12  -73.92294 -118.80318  46.219532      99.88 3.8783e+01    710.584      17055  1029.9771  1029.9749     4.6052     0.0701     0.1193    34.3606    34.3580    8.06849         29 0.0000e+00
    503.000    497.196    -0.1041  28.695877    -0.1021  28.695519     5.0083     5.1632    -0.0087    97.0841 1.0000e-12  -73.92294 -118.80318  46.219546      55.49 3.8783e+01    711.793      17084  1029.9824  1029.9802     4.6055     0.0680     0.1174    34.3614    34.3587    8.06796         28 0.0000e+00
    504.000    498.183    -0.1021  28.698280    -0.1000  28.698105     5.0275     5.1540    -0.0110    97.0782 1.0000e-12  -73.92294 -118.80318  46.219559     100.09 3.8783e+01    712.922      17111  1029.9874  1029.9852     4.6052     0.0694     0.1190    34.3618    34.3592    8.06753         27 0.0000e+00
    505.000    499.172    -0.1014  28.699478    -0.0992  28.699327     5.0396     5.1599    -0.0105    97.0739 1.0000e-12  -73.92294 -118.80318  46.219572      99.88 3.8783e+01    714.018      17137  1029.9924  1029.9901     4.6051     0.0696     0.1175    34.3620    34.3594    8.06737         26 0.0000e+00
    506.000    500.157    -0.1004  28.701074    -0.0982  28.700890     5.0181     5.1560    -0.0053    97.0702 1.0000e-12  -73.92294 -118.80318  46.219585      99.87 3.8783e+01    715.152      17165  1029.9974  1029.9951     4.6049     0.0690     0.1168    34.3625    34.3597    8.06714         28 0.0000e+00
    507.000    501.145    -0.0984  28.703578    -0.0963  28.703554     4.9921     5.1558    -0.0093    97.0739 1.0000e-12  -73.92294 -118.80318  46.219599      99.88 3.8783e+01    716.319      17193  1030.0025  1030.0004     4.6050     0.0692     0.1179    34.3629    34.3605    8.06669         28 0.0000e+00
    508.000    502.133    -0.0965  28.706139    -0.0942  28.706077     5.0137     5.1606    -0.0111    97.0766 1.0000e-12  -73.92294 -118.80318  46.219612      99.87 3.8783e+01    717.478      17220  1030.0076  1030.0053     4.6052     0.0698     0.1157    34.3635    34.3609    8.06624         28 0.0000e+00
    509.000    503.118    -0.0959  28.707288    -0.0938  28.707121     5.0161     5.1534    -0.0116    97.0749 1.0000e-12  -73.92294 -118.80318  46.219625      99.88 3.8783e+01    718.605      17248  1030.0126  1030.0103     4.6051     0.0685     0.1177    34.3638    34.3612    8.06611         26 0.0000e+00
    510.000    504.108    -0.0957  28.707866    -0.0935  28.707739     5.0119     5.1563    -0.0069    97.0744 1.0000e-12  -73.92293 -118.80318  46.219638      72.54 3.8783e+01    719.703      17274  1030.0173  1030.0150     4.6051     0.0700     0.1178    34.3638    34.3612    8.06607         27 0.0000e+00
    511.000    505.094    -0.0954  28.708475    -0.0932  28.708456     5.0110     5.1583    -0.0104    97.0753 1.0000e-12  -73.92293 -118.80318  46.219651      87.37 3.8783e+01    720.840      17301  1030.0219  1030.0198     4.6051     0.0696     0.1169    34.3637    34.3611    8.06602         27 0.0000e+00
    512.000    506.081    -0.0951  28.709183    -0.0929  28.709276     5.0060     5.1585    -0.0066    97.0748 1.0000e-12  -73.92293 -118.80318  46.219664      97.38 3.8783e+01    721.996      17329  1030.0267  1030.0246     4.6051     0.0689     0.1169    34.3637    34.3613    8.06595         28 0.0000e+00
    513.000    507.069    -0.0947  28.710106    -0.0926  28.710004     4.9935     5.1560    -0.0043    97.0710 1.0000e-12  -73.92294 -118.80318  46.219677      99.89 3.8783e+01    723.109      17356  1030.0316  1030.0294     4.6049     0.0712     0.1161    34.3639    34.3613    8.06586         26 0.0000e+00
    514.000    508.055    -0.0943  28.711149    -0.0922  28.710964     4.9954     5.1563    -0.0045    97.0725 1.0000e-12  -73.92294 -118.80318  46.219690      99.87 3.8783e+01    724.203      17382  1030.0366  1030.0343     4.6050     0.0695     0.1155    34.3642    34.3616    8.06575         27 0.0000e+00
    515.000    509.043    -0.0927  28.713128    -0.0902  28.713462     5.0404     5.1567    -0.0116    97.0877 1.0000e-12  -73.92294 -118.80318  46.219703      99.88 3.8783e+01    725.355      17410  1030.0414  1030.0393     4.6057     0.0688     0.1162    34.3645    34.3620    8.06540         28 0.0000e+00
    516.000    510.030    -0.0864  28.720588    -0.0846  28.719932     5.0037     5.1534    -0.0126    97.0810 1.0000e-12  -73.92292 -118.80318  46.219717      99.87 3.8783e+01    726.516      17437  1030.0473  1030.0449     4.6054     0.0700     0.1154    34.3667    34.3638    8.06394         27 0.0000e+00
    517.000    511.017    -0.0812  28.726674    -0.0792  28.726127     4.9952     5.1443    -0.0121    97.0858 1.0000e-12  -73.92292 -118.80318  46.219730      99.88 3.8783e+01    727.649      17465  1030.0529  1030.0505     4.6056     0.0696     0.1156    34.3683    34.3654    8.06275         28 0.0000e+00
    518.000    512.006    -0.0775  28.730959    -0.0758  28.730311     4.9985     5.1469    -0.0046    97.0769 1.0000e-12  -73.92293 -118.80318  46.219743      99.87 3.8783e+01    728.767      17491  1030.0581  1030.0558     4.6052     0.0711     0.1190    34.3692    34.3665    8.06192         26 0.0000e+00
