ocean_section_plots/required_files/ctd/dnbp2202_ctd254.cnv
* Sea-Bird SBE 9 Data File:
* FileName = D:\Data\raw\NBP2202_CTD254.hex
* Software Version Seasave V 7.26.7.121
* Temperature SN = 1649
* Conductivity SN = 2513
* Number of Bytes Per Scan = 40
* Number of Voltage Words = 5
* Number of Scans Averaged by the Deck Unit = 1
* NMEA Latitude = 74 01.37 S
* NMEA Longitude = 117 44.63 W
* NMEA UTC (Time) = Feb 15 2022  18:28:09
* NMEA baud rate = 9600
** Ship: RVIB N.B. Palmer
** Cruise: NBP2202 Thwaites
** Station: 162
** Operator: A. Robinson
# nquan = 28
# nvalues = 874                         
# units = specified
# name 0 = prDM: Pressure, Digiquartz [db]
# name 1 = depSM: Depth [salt water, m]
# name 2 = t090C: Temperature [ITS-90, deg C]
# name 3 = c0mS/cm: Conductivity [mS/cm]
# name 4 = t190C: Temperature, 2 [ITS-90, deg C]
# name 5 = c1mS/cm: Conductivity, 2 [mS/cm]
# name 6 = sbeox0ML/L: Oxygen, SBE 43 [ml/l]
# name 7 = sbeox1ML/L: Oxygen, SBE 43, 2 [ml/l]
# name 8 = flECO-AFL: Fluorescence, WET Labs ECO-AFL/FL [mg/m^3]
# name 9 = CStarTr0: Beam Transmission, WET Labs C-Star [%]
# name 10 = par: PAR/Irradiance, Biospherical/Licor
# name 11 = latitude: Latitude [deg]
# name 12 = longitude: Longitude [deg]
# name 13 = timeJ: Julian Days
# name 14 = altM: Altimeter [m]
# name 15 = spar: SPAR, Biospherical/Licor
# name 16 = timeS: Time, Elapsed [seconds]
# name 17 = scan: Scan Count
# name 18 = density00: Density [density, kg/m^3]
# name 19 = density11: Density, 2 [density, kg/m^3]
# name 20 = v3: Voltage 3
# name 21 = v4: Voltage 4
# name 22 = v5: Voltage 5
# name 23 = sal00: Salinity, Practical [PSU]
# name 24 = sal11: Salinity, Practical, 2 [PSU]
# name 25 = oxsolML/L: Oxygen Saturation, Garcia & Gordon [ml/l]
# name 26 = nbin: number of scans per bin
# name 27 = flag: flag
# span 0 =      2.000,    875.000       
# span 1 =      2.028,    864.129       
# span 2 =    -1.7841,     0.6345       
# span 3 =  26.972753,  29.639510       
# span 4 =    -1.7837,     0.6371       
# span 5 =  26.972544,  29.639565       
# span 6 =     4.6362,     9.0216       
# span 7 =     4.7443,     9.3248       
# span 8 =     0.0066,    10.9157       
# span 9 =    84.3357,    96.3563       
# span 10 = 1.0000e-12, 3.5342e+02      
# span 11 =  -74.02288,  -74.02286      
# span 12 = -117.74392, -117.74388      
# span 13 =  46.771979,  46.784277      
# span 14 =       2.71,     100.83      
# span 15 = 8.1974e+02, 8.4274e+02      
# span 16 =    209.966,   1272.514      
# span 17 =       5040,      30541      
# span 18 =  1027.1828,  1031.8301      
# span 19 =  1027.1813,  1031.8277      
# span 20 =     4.0010,     4.5710      
# span 21 =     0.0686,     1.8602      
# span 22 =     0.1124,     0.2031      
# span 23 =    33.8300,    34.5589      
# span 24 =    33.8282,    34.5563      
# span 25 =    7.90377,    8.45426      
# span 26 =          3,         51      
# span 27 = 0.0000e+00, 0.0000e+00      
# interval = decibars: 1                
# start_time = Feb 15 2022 18:28:09 [NMEA time, header]
# bad_flag = -9.990e-29
*END*
[from data line 725]
    727.000    718.221     0.5409  29.475739     0.5432  29.475392     4.6947     4.8091     0.0650    96.2096 1.0000e-12  -74.02286 -117.74390  46.781913      99.90 8.2150e+02   1068.322      25641  1031.1272  1031.1246     4.5640     0.1024     0.1167    34.5345    34.5314    7.92424         24 0.0000e+00
    728.000    719.209     0.5416  29.476802     0.5442  29.476845     4.7000     4.8100     0.0602    96.0682 1.0000e-12  -74.02286 -117.74390  46.781925      99.91 8.2150e+02   1069.349      25665  1031.1320  1031.1294     4.5574     0.1052     0.1168    34.5345    34.5317    7.92410         25 0.0000e+00
    729.000    720.193     0.5421  29.477815     0.5443  29.477253     4.6988     4.8116     0.0759    96.0879 1.0000e-12  -74.02286 -117.74390  46.781937      99.91 8.2150e+02   1070.379      25690  1031.1367  1031.1340     4.5583     0.0806     0.1147    34.5346    34.5315    7.92397         25 0.0000e+00
    730.000    721.180     0.5425  29.478702     0.5450  29.478637     4.6943     4.8039     0.1283    96.1420 1.0000e-12  -74.02286 -117.74390  46.781949      99.90 8.2107e+02   1071.381      25714  1031.1415  1031.1390     4.5609     0.0908     0.1134    34.5348    34.5319    7.92389         24 0.0000e+00
    731.000    722.167     0.5428  29.479510     0.5453  29.479351     4.6987     4.8017     0.1805    96.2289 1.0000e-12  -74.02286 -117.74390  46.781960      99.91 8.2067e+02   1072.357      25738  1031.1463  1031.1437     4.5650     0.0830     0.1177    34.5350    34.5319    7.92383         23 0.0000e+00
    732.000    723.152     0.5431  29.480286     0.5454  29.479964     4.7026     4.8038     0.0913    96.2394 1.0000e-12  -74.02286 -117.74390  46.781971      99.91 8.2127e+02   1073.326      25761  1031.1510  1031.1484     4.5655     0.0839     0.1202    34.5350    34.5320    7.92375         23 0.0000e+00
    733.000    724.139     0.5447  29.482636     0.5470  29.482298     4.6985     4.8041     0.0606    96.1770 1.0000e-12  -74.02286 -117.74390  46.781983      99.91 8.2099e+02   1074.314      25785  1031.1561  1031.1535     4.5625     0.0815     0.1184    34.5357    34.5327    7.92338         24 0.0000e+00
    734.000    725.125     0.5492  29.487561     0.5515  29.487173     4.6923     4.7956     0.0523    96.1826 1.0000e-12  -74.02286 -117.74390  46.781995      99.91 8.2143e+02   1075.339      25809  1031.1610  1031.1583     4.5628     0.0774     0.1154    34.5366    34.5335    7.92242         25 0.0000e+00
    735.000    726.112     0.5500  29.488973     0.5524  29.488658     4.6931     4.7954     0.0881    96.1742 1.0000e-12  -74.02286 -117.74390  46.782007      81.41 8.2150e+02   1076.385      25834  1031.1659  1031.1632     4.5624     0.0757     0.1159    34.5369    34.5338    7.92224         25 0.0000e+00
    736.000    727.098     0.5511  29.490505     0.5535  29.490277     4.6889     4.8016     0.0633    95.5746 1.0000e-12  -74.02286 -117.74390  46.782019      87.49 8.2091e+02   1077.401      25859  1031.1707  1031.1681     4.5343     0.0775     0.1160    34.5371    34.5341    7.92200         24 0.0000e+00
    737.000    728.083     0.5523  29.492452     0.5548  29.492303     4.6893     4.7974     0.0481    96.2209 1.0000e-12  -74.02286 -117.74390  46.782030      98.09 8.2035e+02   1078.374      25882  1031.1757  1031.1731     4.5642     0.0849     0.1145    34.5377    34.5348    7.92172         23 0.0000e+00
    738.000    729.070     0.5535  29.494139     0.5560  29.493995     4.6889     4.7993     0.1638    96.2139 1.0000e-12  -74.02286 -117.74390  46.782041      99.91 8.2134e+02   1079.315      25905  1031.1806  1031.1780     4.5643     0.0805     0.1175    34.5381    34.5351    7.92146         22 0.0000e+00
    739.000    730.055     0.5546  29.495988     0.5572  29.495871     4.6838     4.7988     0.1468    96.2830 1.0000e-12  -74.02286 -117.74390  46.782052      99.91 8.2049e+02   1080.264      25927  1031.1856  1031.1829     4.5676     0.0785     0.1163    34.5386    34.5356    7.92120         23 0.0000e+00
    740.000    731.042     0.5554  29.497406     0.5576  29.496817     4.6905     4.7936     0.0550    96.2956 1.0000e-12  -74.02286 -117.74390  46.782063      99.91 8.2089e+02   1081.219      25950  1031.1906  1031.1878     4.5682     0.0771     0.1144    34.5390    34.5358    7.92101         23 0.0000e+00
    741.000    732.029     0.5564  29.498863     0.5588  29.498639     4.6912     4.7970     0.0479    96.2646 1.0000e-12  -74.02286 -117.74390  46.782074      99.91 8.2115e+02   1082.220      25974  1031.1953  1031.1928     4.5667     0.0782     0.1144    34.5392    34.5363    7.92080         25 0.0000e+00
    742.000    733.014     0.5581  29.501079     0.5606  29.500974     4.6726     4.7993     0.0627    96.2814 1.0000e-12  -74.02286 -117.74390  46.782086      99.90 8.2098e+02   1083.244      25999  1031.2002  1031.1977     4.5674     0.1416     0.1179    34.5397    34.5368    7.92043         24 0.0000e+00
    743.000    734.001     0.5587  29.502138     0.5612  29.502000     4.6852     4.7900     0.0703    96.2047 1.0000e-12  -74.02286 -117.74390  46.782098      99.91 8.2054e+02   1084.248      26023  1031.2049  1031.2024     4.5639     0.0807     0.1156    34.5398    34.5369    7.92030         24 0.0000e+00
    744.000    734.986     0.5595  29.503473     0.5619  29.503226     4.6907     4.7882     0.0523    96.2677 1.0000e-12  -74.02286 -117.74390  46.782109      99.90 8.2143e+02   1085.236      26047  1031.2098  1031.2072     4.5668     0.0845     0.1181    34.5401    34.5371    7.92012         24 0.0000e+00
    745.000    735.973     0.5599  29.504398     0.5624  29.504106     4.6873     4.7943     0.0451    96.2101 1.0000e-12  -74.02286 -117.74390  46.782121      99.90 8.2113e+02   1086.233      26071  1031.2145  1031.2119     4.5641     0.1203     0.1184    34.5402    34.5371    7.92002         24 0.0000e+00
    746.000    736.959     0.5598  29.504738     0.5624  29.504567     4.6822     4.7951     0.0810    96.2018 1.0000e-12  -74.02286 -117.74390  46.782132      99.90 8.2076e+02   1087.235      26095  1031.2193  1031.2166     4.5636     0.0861     0.1165    34.5402    34.5371    7.92004         24 0.0000e+00
    747.000    737.945     0.5610  29.506351     0.5635  29.506318     4.6807     4.7962     0.1702    96.2565 1.0000e-12  -74.02286 -117.74390  46.782144      99.91 8.2099e+02   1088.249      26119  1031.2240  1031.2215     4.5663     0.0768     0.1146    34.5404    34.5376    7.91979         24 0.0000e+00
    748.000    738.930     0.5619  29.507632     0.5641  29.507220     4.6941     4.7965     0.0922    96.1511 1.0000e-12  -74.02286 -117.74390  46.782156      70.49 8.2061e+02   1089.253      26143  1031.2287  1031.2261     4.5613     0.0770     0.1162    34.5405    34.5376    7.91961         24 0.0000e+00
    749.000    739.916     0.5614  29.507686     0.5639  29.507492     4.6847     4.7952     0.0570    96.0925 1.0000e-12  -74.02286 -117.74390  46.782167      83.28 8.2107e+02   1090.245      26167  1031.2335  1031.2309     4.5585     0.0790     0.1155    34.5405    34.5375    7.91970         24 0.0000e+00
    750.000    740.903     0.5616  29.508370     0.5643  29.508325     4.6840     4.7919     0.0794    96.2097 1.0000e-12  -74.02286 -117.74390  46.782179      92.73 8.2108e+02   1091.244      26191  1031.2382  1031.2356     4.5641     0.0867     0.1160    34.5406    34.5376    7.91965         25 0.0000e+00
    751.000    741.890     0.5642  29.511411     0.5664  29.510915     4.6777     4.7849     0.0732    96.2293 1.0000e-12  -74.02286 -117.74390  46.782190      99.86 8.2119e+02   1092.243      26215  1031.2431  1031.2404     4.5650     0.0840     0.1164    34.5412    34.5381    7.91910         23 0.0000e+00
    752.000    742.876     0.5701  29.518545     0.5721  29.517729     4.6797     4.7872     0.0703    96.2988 1.0000e-12  -74.02286 -117.74390  46.782202      99.91 8.2088e+02   1093.223      26238  1031.2487  1031.2460     4.5683     0.0878     0.1171    34.5433    34.5400    7.91777         23 0.0000e+00
    753.000    743.861     0.5724  29.521071     0.5748  29.520736     4.6822     4.7874     0.1436    96.2746 1.0000e-12  -74.02286 -117.74390  46.782213      99.90 8.2099e+02   1094.195      26262  1031.2534  1031.2507     4.5671     0.0903     0.1195    34.5434    34.5404    7.91729         24 0.0000e+00
    754.000    744.847     0.5731  29.522287     0.5770  29.523640     4.6779     4.7884     0.1711    96.2686 1.0000e-12  -74.02286 -117.74390  46.782224      99.90 8.2081e+02   1095.172      26285  1031.2582  1031.2558     4.5669     0.1025     0.1193    34.5437    34.5411    7.91714         23 0.0000e+00
    755.000    745.833     0.5765  29.526444     0.5792  29.526415     4.6753     4.7964     0.0878    96.2275 1.0000e-12  -74.02286 -117.74390  46.782236      99.90 8.2069e+02   1096.146      26309  1031.2634  1031.2607     4.5649     0.0776     0.1159    34.5447    34.5416    7.91638         24 0.0000e+00
    756.000    746.820     0.5766  29.526764     0.5796  29.527251     4.6830     4.7933     0.0464    96.1958 1.0000e-12  -74.02286 -117.74390  46.782247      99.91 8.2081e+02   1097.126      26332  1031.2679  1031.2654     4.5634     0.0872     0.1169    34.5444    34.5417    7.91638         23 0.0000e+00
    757.000    747.806     0.5765  29.527241     0.5791  29.527162     4.6836     4.7871     0.0445    96.2008 1.0000e-12  -74.02286 -117.74390  46.782258      99.90 8.2091e+02   1098.117      26356  1031.2727  1031.2701     4.5636     0.0847     0.1157    34.5446    34.5416    7.91639         24 0.0000e+00
    758.000    748.792     0.5767  29.527763     0.5794  29.527853     4.6594     4.7808     0.0747    96.2917 1.0000e-12  -74.02286 -117.74390  46.782270      99.90 8.2062e+02   1099.114      26380  1031.2774  1031.2748     4.5680     0.0767     0.1169    34.5445    34.5416    7.91635         24 0.0000e+00
    759.000    749.777     0.5781  29.529826     0.5811  29.530097     4.6799     4.7878     0.1372    96.2811 1.0000e-12  -74.02286 -117.74390  46.782281      99.91 8.2055e+02   1100.108      26404  1031.2823  1031.2797     4.5675     0.0784     0.1153    34.5450    34.5421    7.91604         24 0.0000e+00
    760.000    750.765     0.5806  29.532949     0.5831  29.532651     4.6787     4.7910     0.1349    96.3035 1.0000e-12  -74.02286 -117.74390  46.782293      99.90 8.2127e+02   1101.096      26427  1031.2873  1031.2846     4.5685     0.0757     0.1148    34.5457    34.5426    7.91549         24 0.0000e+00
    761.000    751.751     0.5815  29.534007     0.5839  29.533966     4.6765     4.7900     0.1074    96.3000 1.0000e-12  -74.02286 -117.74390  46.782304      99.91 8.2058e+02   1102.079      26451  1031.2918  1031.2894     4.5684     0.0813     0.1178    34.5456    34.5429    7.91532         23 0.0000e+00
    762.000    752.734     0.5814  29.534591     0.5834  29.533762     4.6761     4.7843     0.1016    96.3177 1.0000e-12  -74.02286 -117.74390  46.782315      98.40 8.2084e+02   1103.062      26474  1031.2967  1031.2940     4.5692     0.0856     0.1187    34.5458    34.5426    7.91532         24 0.0000e+00
    763.000    753.722     0.5828  29.536471     0.5855  29.536419     4.6725     4.7868     0.0656    96.2866 1.0000e-12  -74.02286 -117.74390  46.782327      98.57 8.2077e+02   1104.061      26498  1031.3015  1031.2989     4.5677     0.0779     0.1152    34.5461    34.5432    7.91501         24 0.0000e+00
    764.000    754.707     0.5831  29.537139     0.5857  29.537110     4.6751     4.7889     0.0243    96.0859 1.0000e-12  -74.02286 -117.74390  46.782339      97.52 8.2033e+02   1105.063      26523  1031.3062  1031.3037     4.5582     0.0976     0.1193    34.5461    34.5433    7.91496         24 0.0000e+00
    765.000    755.695     0.5827  29.537245     0.5855  29.537330     4.6726     4.7850     0.0444    96.1952 1.0000e-12  -74.02286 -117.74390  46.782350      99.92 8.2003e+02   1106.071      26547  1031.3109  1031.3083     4.5634     0.0866     0.1205    34.5461    34.5431    7.91504         24 0.0000e+00
    766.000    756.680     0.5835  29.538508     0.5858  29.538017     4.6659     4.7828     0.0361    96.2357 1.0000e-12  -74.02286 -117.74390  46.782362      99.90 8.2108e+02   1107.079      26571  1031.3157  1031.3130     4.5653     0.0785     0.1159    34.5463    34.5432    7.91486         24 0.0000e+00
    767.000    757.668     0.5840  29.539445     0.5866  29.539413     4.6718     4.7837     0.0436    96.2695 1.0000e-12  -74.02286 -117.74390  46.782373      99.91 8.2128e+02   1108.065      26595  1031.3204  1031.3178     4.5669     0.0827     0.1191    34.5465    34.5434    7.91476         24 0.0000e+00
    768.000    758.651     0.5892  29.545342     0.5913  29.544825     4.6698     4.7835     0.0522    96.3280 1.0000e-12  -74.02286 -117.74390  46.782385      99.90 8.2135e+02   1109.043      26618  1031.3256  1031.3230     4.5697     0.0781     0.1133    34.5477    34.5447    7.91362         23 0.0000e+00
    769.000    759.638     0.5909  29.547774     0.5936  29.547687     4.6635     4.7778     0.0695    96.2835 1.0000e-12  -74.02286 -117.74390  46.782396      99.90 8.2106e+02   1110.018      26641  1031.3307  1031.3280     4.5675     0.0888     0.1166    34.5485    34.5454    7.91325         24 0.0000e+00
    770.000    760.625     0.5954  29.552958     0.5982  29.552999     4.6707     4.7704     0.0847    96.1486 1.0000e-12  -74.02286 -117.74390  46.782407      99.90 8.2035e+02   1111.002      26665  1031.3358  1031.3331     4.5611     0.0767     0.1164    34.5496    34.5465    7.91226         23 0.0000e+00
    771.000    761.610     0.5987  29.557070     0.6013  29.556899     4.6626     4.7626     0.0568    96.2083 1.0000e-12  -74.02286 -117.74390  46.782419      99.90 8.2030e+02   1112.000      26689  1031.3411  1031.3383     4.5640     0.0750     0.1162    34.5507    34.5476    7.91152         25 0.0000e+00
    772.000    762.596     0.6044  29.563555     0.6070  29.563345     4.6603     4.7688     0.0579    96.2844 1.0000e-12  -74.02286 -117.74390  46.782431      99.91 8.2121e+02   1113.021      26713  1031.3463  1031.3436     4.5676     0.0798     0.1164    34.5521    34.5490    7.91027         24 0.0000e+00
    773.000    763.582     0.6051  29.564715     0.6076  29.564446     4.6658     4.7718     0.1033    96.2084 1.0000e-12  -74.02286 -117.74390  46.782443      94.07 8.2113e+02   1114.032      26738  1031.3511  1031.3485     4.5640     0.0772     0.1155    34.5524    34.5492    7.91013         24 0.0000e+00
    774.000    764.569     0.6053  29.565365     0.6079  29.565256     4.6599     4.7745     0.0766    96.2339 1.0000e-12  -74.02286 -117.74390  46.782454      53.74 8.2128e+02   1115.019      26761  1031.3559  1031.3533     4.5653     0.0848     0.1174    34.5524    34.5494    7.91008         24 0.0000e+00
    775.000    765.553     0.6049  29.565093     0.6074  29.565008     4.6611     4.7736     0.0469    96.2692 1.0000e-12  -74.02286 -117.74390  46.782465      78.06 8.2142e+02   1115.985      26785  1031.3603  1031.3578     4.5668     0.1125     0.1205    34.5519    34.5491    7.91019         23 0.0000e+00
    776.000    766.541     0.6047  29.565476     0.6073  29.565288     4.6643     4.7707     0.0773    96.2929 1.0000e-12  -74.02286 -117.74390  46.782476      90.85 8.2052e+02   1116.946      26808  1031.3651  1031.3624     4.5681     0.0885     0.1165    34.5521    34.5490    7.91022         23 0.0000e+00
    777.000    767.525     0.6053  29.566459     0.6079  29.566392     4.6598     4.7731     0.0454    96.3213 1.0000e-12  -74.02286 -117.74390  46.782487      55.50 8.2081e+02   1117.919      26831  1031.3698  1031.3673     4.5694     0.0895     0.1203    34.5522    34.5492    7.91010         23 0.0000e+00
