ocean_section_plots/required_files/ctd/dnbp2202_ctd047.cnv
* Sea-Bird SBE 9 Data File:
* FileName = D:\Data\raw\NBP2202_CTD047.hex
* Software Version Seasave V 7.26.7.121
* Temperature SN = 1649
* Conductivity SN = 2513
* Number of Bytes Per Scan = 40
* Number of Voltage Words = 5
* Number of Scans Averaged by the Deck Unit = 1
* NMEA Latitude = 74 11.27 S
* NMEA Longitude = 113 07.86 W
* NMEA UTC (Time) = Jan 24 2022  01:33:18
* NMEA baud rate = 9600
** Ship: RVIB N.B. Palmer
** Cruise: NBP2202 Thwaites
** Station: Section Dotson C
** Operator: A. Robinson
# nquan = 25
# nvalues = 871                         
# units = specified
# name 0 = prDM: Pressure, Digiquartz [db]
# name 1 = depSM: Depth [salt water, m]
# name 2 = t090C: Temperature [ITS-90, deg C]
# name 3 = c0mS/cm: Conductivity [mS/cm]
# name 4 = t190C: Temperature, 2 [ITS-90, deg C]
# name 5 = c1mS/cm: Conductivity, 2 [mS/cm]
# name 6 = sbeox0ML/L: Oxygen, SBE 43 [ml/l]
# name 7 = sbeox1ML/L: Oxygen, SBE 43, 2 [ml/l]
# name 8 = flECO-AFL: Fluorescence, WET Labs ECO-AFL/FL [mg/m^3]
# name 9 = CStarTr0: Beam Transmission, WET Labs C-Star [%]
# name 10 = par: PAR/Irradiance, Biospherical/Licor
# name 11 = latitude: Latitude [deg]
# name 12 = longitude: Longitude [deg]
# name 13 = timeJ: Julian Days
# name 14 = altM: Altimeter [m]
# name 15 = spar: SPAR, Biospherical/Licor
# name 16 = timeS: Time, Elapsed [seconds]
# name 17 = scan: Scan Count
# name 18 = density00: Density [density, kg/m^3]
# name 19 = density11: Density, 2 [density, kg/m^3]
# name 20 = sal00: Salinity, Practical [PSU]
# name 21 = sal11: Salinity, Practical, 2 [PSU]
# name 22 = oxsolML/L: Oxygen Saturation, Garcia & Gordon [ml/l]
# name 23 = nbin: number of scans per bin
# name 24 = flag: flag
# span 0 =      2.000,    872.000       
# span 1 =      1.981,    861.167       
# span 2 =    -1.4893,     0.3493       
# span 3 =  27.121415,  29.332757       
# span 4 =    -1.4883,     0.3514       
# span 5 =  27.121052,  29.332363       
# span 6 =     4.6043,     8.9595       
# span 7 =     4.8515,     9.4435       
# span 8 =    -0.0171,    29.3312       
# span 9 =    65.2931,    96.2144       
# span 10 = -2.090e-05, 1.1005e+02      
# span 11 =  -74.18784,  -74.18782      
# span 12 = -113.13104, -113.13100      
# span 13 =  24.067250,  24.080402      
# span 14 =       3.59,     100.23      
# span 15 = 1.9567e+02, 2.6614e+02      
# span 16 =    212.386,   1348.704      
# span 17 =       5098,      32370      
# span 18 =  1027.1939,  1031.7766      
# span 19 =  1027.1931,  1031.7741      
# span 20 =    33.8129,    34.4798      
# span 21 =    33.8131,    34.4770      
# span 22 =    7.96667,    8.39037      
# span 23 =         23,         50      
# span 24 = 0.0000e+00, 0.0000e+00      
# interval = decibars: 1                
# start_time = Jan 24 2022 01:33:18 [NMEA time, header]
# bad_flag = -9.990e-29
*END*
[from data line 812]
    814.000    803.998     0.3404  29.298462     0.3422  29.298025     4.6335     4.8583    -0.0007    96.1018 1.0000e-12  -74.18782 -113.13101  24.079172      62.60 2.0122e+02   1242.466      29820  1031.5043  1031.5021    34.4769    34.4743    7.96866         28 0.0000e+00
    815.000    804.983     0.3413  29.299864     0.3432  29.299476     4.6379     4.8571    -0.0023    96.0950 1.0000e-12  -74.18782 -113.13101  24.079185      61.56 2.0175e+02   1243.612      29848  1031.5092  1031.5069    34.4772    34.4746    7.96847         27 0.0000e+00
    816.000    805.969     0.3412  29.300180     0.3432  29.299971     4.6314     4.8597    -0.0059    96.1093 1.0000e-12  -74.18782 -113.13101  24.079199      60.57 2.0172e+02   1244.775      29876  1031.5138  1031.5116    34.4772    34.4746    7.96849         28 0.0000e+00
    817.000    806.954     0.3413  29.300890     0.3434  29.300688     4.6385     4.8658    -0.0059    96.1162 1.0000e-12  -74.18782 -113.13101  24.079212      59.56 2.0097e+02   1245.953      29904  1031.5186  1031.5163    34.4773    34.4747    7.96845         29 0.0000e+00
    818.000    807.941     0.3420  29.302096     0.3440  29.301793     4.6308     4.8675    -0.0063    96.1415 1.0000e-12  -74.18782 -113.13100  24.079226      58.60 2.0097e+02   1247.114      29932  1031.5234  1031.5212    34.4776    34.4750    7.96830         27 0.0000e+00
    819.000    808.925     0.3424  29.303087     0.3444  29.302758     4.6427     4.8594    -0.0002    96.1085 1.0000e-12  -74.18782 -113.13102  24.079239      57.57 2.0097e+02   1248.263      29959  1031.5282  1031.5260    34.4779    34.4752    7.96820         28 0.0000e+00
    820.000    809.911     0.3433  29.304464     0.3452  29.303976     4.6399     4.8607    -0.0076    96.1128 1.0000e-12  -74.18782 -113.13100  24.079253      56.55 2.0097e+02   1249.425      29987  1031.5331  1031.5307    34.4781    34.4754    7.96799         28 0.0000e+00
    821.000    810.899     0.3440  29.305654     0.3459  29.305176     4.6309     4.8629    -0.0085    96.1010 1.0000e-12  -74.18782 -113.13101  24.079266      55.50 2.0097e+02   1250.596      30015  1031.5379  1031.5355    34.4783    34.4756    7.96784         28 0.0000e+00
    822.000    811.883     0.3441  29.306316     0.3462  29.306002     4.6392     4.8601    -0.0080    96.1137 1.0000e-12  -74.18782 -113.13101  24.079280      54.51 2.0097e+02   1251.761      30043  1031.5427  1031.5403    34.4785    34.4758    7.96782         28 0.0000e+00
    823.000    812.869     0.3444  29.306937     0.3465  29.306761     4.6337     4.8551    -0.0028    96.0893 1.0000e-12  -74.18782 -113.13101  24.079293      53.49 2.0097e+02   1252.923      30071  1031.5473  1031.5450    34.4784    34.4759    7.96776         28 0.0000e+00
    824.000    813.856     0.3447  29.307793     0.3468  29.307591     4.6341     4.8570    -0.0063    96.1167 1.0000e-12  -74.18782 -113.13102  24.079306      52.47 2.0097e+02   1254.074      30099  1031.5520  1031.5498    34.4786    34.4760    7.96768         27 0.0000e+00
    825.000    814.840     0.3450  29.308492     0.3470  29.308219     4.6346     4.8570    -0.0142    96.0835 1.0000e-12  -74.18782 -113.13100  24.079320      51.47 2.0097e+02   1255.210      30126  1031.5567  1031.5545    34.4786    34.4760    7.96762         27 0.0000e+00
    826.000    815.827     0.3448  29.308595     0.3467  29.308302     4.6401     4.8610    -0.0033    96.1100 1.0000e-12  -74.18782 -113.13102  24.079333      50.49 2.0097e+02   1256.350      30153  1031.5612  1031.5591    34.4784    34.4759    7.96767         28 0.0000e+00
    827.000    816.812     0.3449  29.309259     0.3470  29.308923     4.6338     4.8536    -0.0071    96.1065 1.0000e-12  -74.18782 -113.13101  24.079346      49.46 2.0097e+02   1257.511      30181  1031.5660  1031.5637    34.4785    34.4758    7.96763         28 0.0000e+00
    828.000    817.798     0.3451  29.309824     0.3471  29.309467     4.6268     4.8592    -0.0012    96.1056 1.0000e-12  -74.18782 -113.13101  24.079360      48.44 2.0097e+02   1258.682      30209  1031.5706  1031.5684    34.4785    34.4758    7.96760         28 0.0000e+00
    829.000    818.783     0.3453  29.310416     0.3473  29.310181     4.6372     4.8584    -0.0146    96.1012 1.0000e-12  -74.18782 -113.13101  24.079373      47.44 2.0097e+02   1259.863      30238  1031.5753  1031.5731    34.4785    34.4759    7.96756         29 0.0000e+00
    830.000    819.769     0.3453  29.310918     0.3475  29.310634     4.6380     4.8591    -0.0057    96.0901 1.0000e-12  -74.18782 -113.13101  24.079389      46.38 2.0097e+02   1261.167      30269  1031.5801  1031.5777    34.4786    34.4758    7.96756         34 0.0000e+00
    831.000    820.755     0.3453  29.311349     0.3475  29.311125     4.6343     4.8608    -0.0085    96.0897 1.0000e-12  -74.18782 -113.13101  24.079405      45.32 2.0152e+02   1262.614      30304  1031.5847  1031.5824    34.4786    34.4759    7.96755         35 0.0000e+00
    832.000    821.741     0.3455  29.312006     0.3475  29.311522     4.6362     4.8622    -0.0157    96.1030 1.0000e-12  -74.18782 -113.13101  24.079422      44.34 2.0097e+02   1264.091      30339  1031.5894  1031.5870    34.4786    34.4758    7.96750         35 0.0000e+00
    833.000    822.726     0.3461  29.313037     0.3481  29.312694     4.6322     4.8577    -0.0131    96.0937 1.0000e-12  -74.18782 -113.13102  24.079439      43.30 2.0050e+02   1265.528      30374  1031.5941  1031.5918    34.4787    34.4760    7.96738         34 0.0000e+00
    834.000    823.712     0.3467  29.314295     0.3488  29.313932     4.6334     4.8586    -0.0081    96.1207 1.0000e-12  -74.18782 -113.13102  24.079456      42.31 1.9920e+02   1266.965      30408  1031.5990  1031.5966    34.4791    34.4763    7.96723         35 0.0000e+00
    835.000    824.698     0.3468  29.314842     0.3489  29.314456     4.6375     4.8618    -0.0022    96.1091 1.0000e-12  -74.18782 -113.13102  24.079473      41.33 1.9921e+02   1268.434      30443  1031.6038  1031.6013    34.4792    34.4763    7.96721         34 0.0000e+00
    836.000    825.684     0.3468  29.315168     0.3489  29.314825     4.6374     4.8601    -0.0004    96.1283 1.0000e-12  -74.18782 -113.13102  24.079490      40.28 1.9921e+02   1269.918      30479  1031.6083  1031.6060    34.4790    34.4763    7.96722         33 0.0000e+00
    837.000    826.669     0.3465  29.315329     0.3487  29.315043     4.6344     4.8577    -0.0046    96.1190 1.0000e-12  -74.18782 -113.13102  24.079507      39.26 1.9931e+02   1271.395      30514  1031.6130  1031.6107    34.4790    34.4762    7.96728         35 0.0000e+00
    838.000    827.655     0.3466  29.315932     0.3487  29.315618     4.6294     4.8587    -0.0091    96.1220 1.0000e-12  -74.18782 -113.13102  24.079524      38.25 1.9950e+02   1272.878      30550  1031.6178  1031.6154    34.4791    34.4764    7.96726         37 0.0000e+00
    839.000    828.639     0.3469  29.316694     0.3491  29.316397     4.6255     4.8576    -0.0127    96.1291 1.0000e-12  -74.18782 -113.13102  24.079541      37.26 1.9995e+02   1274.364      30586  1031.6225  1031.6201    34.4792    34.4764    7.96719         33 0.0000e+00
    840.000    829.626     0.3473  29.317427     0.3494  29.317147     4.6372     4.8569    -0.0126    96.1302 1.0000e-12  -74.18782 -113.13102  24.079558      36.25 1.9921e+02   1275.845      30621  1031.6271  1031.6248    34.4792    34.4765    7.96711         36 0.0000e+00
    841.000    830.612     0.3477  29.318316     0.3497  29.317927     4.6309     4.8593    -0.0090    96.1076 1.0000e-12  -74.18782 -113.13102  24.079575      35.23 1.9921e+02   1277.317      30657  1031.6319  1031.6295    34.4793    34.4766    7.96703         35 0.0000e+00
    842.000    831.597     0.3477  29.318827     0.3496  29.318362     4.6300     4.8597    -0.0079    96.1384 1.0000e-12  -74.18782 -113.13102  24.079592      34.21 1.9921e+02   1278.790      30692  1031.6366  1031.6342    34.4794    34.4766    7.96702         36 0.0000e+00
    843.000    832.584     0.3482  29.319753     0.3503  29.319451     4.6380     4.8580    -0.0081    96.1392 1.0000e-12  -74.18782 -113.13102  24.079609      33.20 1.9865e+02   1280.251      30727  1031.6413  1031.6389    34.4794    34.4768    7.96690         34 0.0000e+00
    844.000    833.568     0.3484  29.320388     0.3505  29.320126     4.6273     4.8589    -0.0131    96.1190 1.0000e-12  -74.18782 -113.13102  24.079626      32.20 1.9779e+02   1281.717      30762  1031.6460  1031.6437    34.4795    34.4768    7.96687         36 0.0000e+00
    845.000    834.555     0.3485  29.320962     0.3506  29.320690     4.6386     4.8594    -0.0114    96.1210 1.0000e-12  -74.18782 -113.13102  24.079644      31.16 1.9749e+02   1283.221      30798  1031.6507  1031.6484    34.4796    34.4769    7.96684         36 0.0000e+00
    846.000    835.540     0.3487  29.321518     0.3508  29.321208     4.6140     4.8601    -0.0103    96.1188 1.0000e-12  -74.18782 -113.13102  24.079661      30.16 1.9729e+02   1284.722      30834  1031.6553  1031.6530    34.4796    34.4768    7.96681         36 0.0000e+00
    847.000    836.525     0.3485  29.321877     0.3507  29.321601     4.6374     4.8582    -0.0065    96.1131 1.0000e-12  -74.18782 -113.13102  24.079679      29.16 1.9656e+02   1286.221      30870  1031.6601  1031.6577    34.4796    34.4768    7.96683         36 0.0000e+00
    848.000    837.511     0.3484  29.322181     0.3506  29.321954     4.6347     4.8515    -0.0004    96.0801 1.0000e-12  -74.18782 -113.13102  24.079696      28.16 1.9602e+02   1287.734      30907  1031.6647  1031.6623    34.4795    34.4768    7.96685         36 0.0000e+00
    849.000    838.497     0.3488  29.322908     0.3509  29.322645     4.6302     4.8605    -0.0015    96.1242 1.0000e-12  -74.18782 -113.13102  24.079714      27.10 1.9590e+02   1289.293      30944  1031.6693  1031.6669    34.4795    34.4768    7.96678         40 0.0000e+00
    850.000    839.482     0.3490  29.323596     0.3511  29.323279     4.6340     4.8520    -0.0077    96.1270 1.0000e-12  -74.18782 -113.13102  24.079734      26.07 1.9659e+02   1291.021      30986  1031.6741  1031.6716    34.4796    34.4768    7.96674         38 0.0000e+00
    851.000    840.469     0.3491  29.324201     0.3514  29.323965     4.6331     4.8554    -0.0035    96.0864 1.0000e-12  -74.18782 -113.13102  24.079755      25.05 1.9743e+02   1292.802      31028  1031.6788  1031.6764    34.4797    34.4769    7.96671         36 0.0000e+00
    852.000    841.453     0.3493  29.324785     0.3514  29.324499     4.6320     4.8555    -0.0035    96.0886 1.0000e-12  -74.18783 -113.13101  24.079776      24.03 1.9744e+02   1294.652      31073  1031.6834  1031.6811    34.4798    34.4770    7.96667         40 0.0000e+00
    853.000    842.440     0.3487  29.324639     0.3509  29.324406     4.6338     4.8550    -0.0079    96.1117 1.0000e-12  -74.18783 -113.13101  24.079798      23.01 1.9744e+02   1296.522      31118  1031.6880  1031.6857    34.4795    34.4768    7.96679         42 0.0000e+00
    854.000    843.425     0.3482  29.324435     0.3503  29.324219     4.6337     4.8543    -0.0114    96.0804 1.0000e-12  -74.18783 -113.13101  24.079820      22.02 1.9744e+02   1298.415      31163  1031.6927  1031.6903    34.4794    34.4767    7.96692         39 0.0000e+00
    855.000    844.411     0.3482  29.324973     0.3505  29.324803     4.6366     4.8553    -0.0058    96.0607 1.0000e-12  -74.18784 -113.13101  24.079842      21.00 1.9768e+02   1300.350      31209  1031.6974  1031.6950    34.4795    34.4767    7.96691         40 0.0000e+00
    856.000    845.395     0.3485  29.325728     0.3507  29.325496     4.6250     4.8528    -0.0011    96.1005 1.0000e-12  -74.18784 -113.13101  24.079865      19.96 1.9757e+02   1302.339      31257  1031.7020  1031.6997    34.4795    34.4768    7.96684         40 0.0000e+00
    857.000    846.383     0.3487  29.326301     0.3508  29.325946     4.6415     4.8550    -0.0079    96.1112 1.0000e-12  -74.18784 -113.13101  24.079888      18.95 1.9769e+02   1304.320      31305  1031.7067  1031.7043    34.4795    34.4768    7.96680         40 0.0000e+00
    858.000    847.368     0.3485  29.326567     0.3507  29.326307     4.6258     4.8567    -0.0079    96.1092 1.0000e-12  -74.18783 -113.13101  24.079910      17.96 1.9743e+02   1306.257      31351  1031.7114  1031.7090    34.4795    34.4768    7.96684         41 0.0000e+00
    859.000    848.353     0.3482  29.326555     0.3503  29.326293     4.6350     4.8564    -0.0062    96.1392 1.0000e-12  -74.18783 -113.13101  24.079933      16.93 1.9714e+02   1308.230      31399  1031.7159  1031.7135    34.4793    34.4766    7.96692         44 0.0000e+00
    860.000    849.338     0.3481  29.326894     0.3501  29.326504     4.6337     4.8576    -0.0066    96.1147 1.0000e-12  -74.18782 -113.13101  24.079958      15.90 1.9657e+02   1310.364      31450  1031.7206  1031.7182    34.4792    34.4765    7.96694         46 0.0000e+00
    861.000    850.323     0.3482  29.327429     0.3503  29.327128     4.6329     4.8571    -0.0144    96.1382 1.0000e-12  -74.18782 -113.13101  24.079989      14.83 1.9672e+02   1313.040      31514  1031.7252  1031.7228    34.4793    34.4765    7.96693         39 0.0000e+00
    862.000    851.312     0.3481  29.327737     0.3502  29.327378     4.6358     4.8595    -0.0043    96.1116 1.0000e-12  -74.18782 -113.13102  24.080027      13.86 1.9620e+02   1316.323      31593  1031.7299  1031.7275    34.4792    34.4764    7.96694         39 0.0000e+00
    863.000    852.295     0.3481  29.328161     0.3502  29.327839     4.6288     4.8590    -0.0099    96.1192 1.0000e-12  -74.18782 -113.13102  24.080056      12.83 1.9567e+02   1318.864      31654  1031.7346  1031.7322    34.4792    34.4765    7.96695         40 0.0000e+00
    864.000    853.280     0.3483  29.328790     0.3504  29.328481     4.6318     4.8594    -0.0104    96.1504 1.0000e-12  -74.18782 -113.13100  24.080086      11.80 1.9568e+02   1321.413      31715  1031.7392  1031.7368    34.4792    34.4765    7.96690         33 0.0000e+00
    865.000    854.269     0.3483  29.329297     0.3504  29.328933     4.6301     4.8557    -0.0047    96.1478 1.0000e-12  -74.18782 -113.13100  24.080115      10.80 1.9581e+02   1323.927      31775  1031.7439  1031.7414    34.4793    34.4765    7.96689         35 0.0000e+00
    866.000    855.253     0.3483  29.329719     0.3505  29.329406     4.6309     4.8560    -0.0091    96.0874 1.0000e-12  -74.18782 -113.13100  24.080145       9.79 1.9677e+02   1326.539      31838  1031.7486  1031.7461    34.4793    34.4764    7.96690         44 0.0000e+00
    867.000    856.236     0.3484  29.330156     0.3506  29.329981     4.6347     4.8565    -0.0084    96.1124 1.0000e-12  -74.18782 -113.13101  24.080175       8.78 1.9743e+02   1329.110      31900  1031.7531  1031.7508    34.4792    34.4765    7.96688         34 0.0000e+00
    868.000    857.223     0.3486  29.330813     0.3507  29.330639     4.6360     4.8551    -0.0112    96.1487 1.0000e-12  -74.18782 -113.13101  24.080204       7.76 1.9744e+02   1331.665      31961  1031.7579  1031.7556    34.4793    34.4766    7.96684         46 0.0000e+00
    869.000    858.208     0.3487  29.331292     0.3507  29.330918     4.6351     4.8556    -0.0057    96.1514 1.0000e-12  -74.18782 -113.13102  24.080235       6.74 1.9668e+02   1334.275      32024  1031.7625  1031.7601    34.4792    34.4765    7.96682         42 0.0000e+00
    870.000    859.190     0.3486  29.331664     0.3506  29.331295     4.6320     4.8547    -0.0074    96.1371 1.0000e-12  -74.18782 -113.13102  24.080264       5.72 1.9654e+02   1336.780      32084  1031.7672  1031.7648    34.4792    34.4765    7.96684         35 0.0000e+00
