ocean_section_plots/required_files/ctd/dnbp2202_ctd197.cnv
* Sea-Bird SBE 9 Data File:
* FileName = D:\Data\raw\NBP2202_CTD197.hex
* Software Version Seasave V 7.26.7.121
* Temperature SN = 1649
* Conductivity SN = 2513
* Number of Bytes Per Scan = 40
* Number of Voltage Words = 5
* Number of Scans Averaged by the Deck Unit = 1
* NMEA Latitude = 73 57.30 S
* NMEA Longitude = 113 18.77 W
* NMEA UTC (Time) = Feb 08 2022  14:33:16
* NMEA baud rate = 9600
** Ship: RVIB N.B. Palmer
** Cruise: NBP2202 Thwaites
** Station: 116
** Operator: B. Bjork
# nquan = 28
# nvalues = 307                         
# units = specified
# name 0 = prDM: Pressure, Digiquartz [db]
# name 1 = depSM: Depth [salt water, m]
# name 2 = t090C: Temperature [ITS-90, deg C]
# name 3 = c0mS/cm: Conductivity [mS/cm]
# name 4 = t190C: Temperature, 2 [ITS-90, deg C]
# name 5 = c1mS/cm: Conductivity, 2 [mS/cm]
# name 6 = sbeox0ML/L: Oxygen, SBE 43 [ml/l]
# name 7 = sbeox1ML/L: Oxygen, SBE 43, 2 [ml/l]
# name 8 = flECO-AFL: Fluorescence, WET Labs ECO-AFL/FL [mg/m^3]
# name 9 = CStarTr0: Beam Transmission, WET Labs C-Star [%]
# name 10 = par: PAR/Irradiance, Biospherical/Licor
# name 11 = latitude: Latitude [deg]
# name 12 = longitude: Longitude [deg]
# name 13 = timeJ: Julian Days
# name 14 = altM: Altimeter [m]
# name 15 = spar: SPAR, Biospherical/Licor
# name 16 = timeS: Time, Elapsed [seconds]
# name 17 = scan: Scan Count
# name 18 = density00: Density [density, kg/m^3]
# name 19 = density11: Density, 2 [density, kg/m^3]
# name 20 = v3: Voltage 3
# name 21 = v4: Voltage 4
# name 22 = v5: Voltage 5
# name 23 = sal00: Salinity, Practical [PSU]
# name 24 = sal11: Salinity, Practical, 2 [PSU]
# name 25 = oxsolML/L: Oxygen Saturation, Garcia & Gordon [ml/l]
# name 26 = nbin: number of scans per bin
# name 27 = flag: flag
# span 0 =      2.000,    308.000       
# span 1 =      1.946,    304.589       
# span 2 =    -1.5553,    -0.4111       
# span 3 =  27.059538,  28.230161       
# span 4 =    -1.5555,    -0.4097       
# span 5 =  27.059459,  28.229727       
# span 6 =     4.9193,     8.9221       
# span 7 =     5.1015,     9.2646       
# span 8 =    -0.0055,    26.6030       
# span 9 =    74.5318,    98.2791       
# span 10 = -3.316e-05, 4.6192e+01      
# span 11 =  -73.95504,  -73.95504      
# span 12 = -113.31302, -113.31296      
# span 13 =  39.608676,  39.614102      
# span 14 =       1.82,     100.09      
# span 15 = 1.1167e+02, 1.2332e+02      
# span 16 =    193.590,    662.431      
# span 17 =       4647,      15899      
# span 18 =  1027.1482,  1028.9504      
# span 19 =  1027.1521,  1028.9486      
# span 20 =     3.5366,     4.6622      
# span 21 =     0.0670,     3.9320      
# span 22 =     0.1140,     0.2487      
# span 23 =    33.7561,    34.2025      
# span 24 =    33.7603,    34.2003      
# span 25 =    8.14233,    8.40694      
# span 26 =          1,         47      
# span 27 = 0.0000e+00, 0.0000e+00      
# interval = decibars: 1                
# start_time = Feb 08 2022 14:33:16 [NMEA time, header]
# bad_flag = -9.990e-29
*END*
      2.000      1.946    -0.8200  27.419393    -0.8193  27.424232     8.9221     8.7473    16.7041    74.5318 4.6192e+01  -73.95504 -113.31300  39.608676      99.99 1.1282e+02    193.590       4647  1027.1482  1027.1521     3.5366     3.6890     0.2122    33.7561    33.7619    8.25676          1 0.0000e+00
      3.000      2.967    -0.8298  27.412315    -0.8321  27.413238     8.9064     8.7531    21.8568    76.4838 3.4045e+01  -73.95504 -113.31300  39.608763      99.97 1.1282e+02    201.158       4829  1027.1541  1027.1572     3.6282     3.1121     0.2179    33.7569    33.7607    8.25886         31 0.0000e+00
      4.000      3.955    -0.8311  27.411784    -0.8334  27.412482     8.9078     8.7509    18.4795    76.6734 2.4214e+01  -73.95504 -113.31300  39.608799      85.55 1.1282e+02    204.217       4902  1027.1590  1027.1619     3.6382     2.8865     0.2143    33.7570    33.7606    8.25913         28 0.0000e+00
      5.000      4.947    -0.8302  27.413103    -0.8297  27.416190     8.9108     8.7737    19.0890    77.1878 1.7476e+01  -73.95504 -113.31300  39.608831      99.83 1.1282e+02    206.977       4968  1027.1639  1027.1667     3.6617     2.9359     0.1818    33.7573    33.7609    8.25894         33 0.0000e+00
      6.000      5.936    -0.8270  27.416310    -0.8300  27.416341     8.9049     8.8350    19.4882    76.5091 1.2506e+01  -73.95504 -113.31300  39.608858      99.94 1.1282e+02    209.313       5025  1027.1685  1027.1714     3.6301     3.0481     0.1921    33.7573    33.7608    8.25822         35 0.0000e+00
      7.000      6.928    -0.8284  27.415373    -0.8310  27.415825     8.9143     8.9388    21.6324    76.9741 9.3332e+00  -73.95504 -113.31300  39.608888      99.98 1.1282e+02    211.925       5087  1027.1732  1027.1761     3.6516     3.1456     0.2118    33.7571    33.7605    8.25855         41 0.0000e+00
      8.000      7.917    -0.8304  27.414259    -0.8329  27.414605     8.9174     9.0096    20.7949    76.0678 6.8612e+00  -73.95504 -113.31300  39.608911      99.97 1.1282e+02    213.926       5135  1027.1782  1027.1809     3.6098     3.0023     0.1950    33.7572    33.7605    8.25898         39 0.0000e+00
      9.000      8.906    -0.8305  27.414732    -0.8328  27.415085     8.9140     9.0976    22.1004    76.4660 5.1592e+00  -73.95504 -113.31300  39.608937      95.95 1.1282e+02    216.177       5189  1027.1830  1027.1856     3.6279     3.0938     0.2245    33.7573    33.7603    8.25899         42 0.0000e+00
     10.000      9.896    -0.8304  27.415172    -0.8328  27.415580     8.9118     9.1691    23.0472    75.2076 3.8481e+00  -73.95504 -113.31301  39.608963      99.79 1.1282e+02    218.392       5242  1027.1878  1027.1904     3.5687     3.2619     0.2290    33.7572    33.7604    8.25898         39 0.0000e+00
     11.000     10.886    -0.8307  27.415493    -0.8328  27.415924     8.9014     9.1951    22.7183    76.7186 2.9161e+00  -73.95504 -113.31301  39.608986      99.98 1.1282e+02    220.419       5291  1027.1926  1027.1951     3.6398     3.7541     0.2091    33.7573    33.7603    8.25903         41 0.0000e+00
     12.000     11.875    -0.8323  27.414724    -0.8352  27.414721     8.8858     9.2251    21.9131    75.6204 2.2038e+00  -73.95504 -113.31300  39.609010      99.85 1.1282e+02    222.477       5340  1027.1977  1027.2005     3.5882     2.6696     0.1678    33.7574    33.7607    8.25938         43 0.0000e+00
     13.000     12.867    -0.8343  27.414048    -0.8365  27.414387     8.8840     9.2294    21.7067    76.5946 1.6822e+00  -73.95504 -113.31300  39.609036      99.81 1.1282e+02    224.685       5393  1027.2031  1027.2056     3.6343     2.8091     0.1961    33.7581    33.7610    8.25977         40 0.0000e+00
     14.000     13.855    -0.8366  27.413061    -0.8389  27.413289     8.8810     9.2421    21.2669    76.6430 1.2923e+00  -73.95504 -113.31300  39.609059      99.98 1.1282e+02    226.690       5442  1027.2085  1027.2110     3.6366     3.4811     0.2149    33.7587    33.7617    8.26024         42 0.0000e+00
     15.000     14.844    -0.8359  27.413885    -0.8386  27.413786     8.8967     9.2454    20.8336    77.7219 9.7002e-01  -73.95504 -113.31300  39.609082      98.61 1.1282e+02    228.695       5490  1027.2131  1027.2155     3.6872     3.2565     0.1926    33.7585    33.7613    8.26011         35 0.0000e+00
     16.000     15.835    -0.8341  27.415219    -0.8371  27.415039     8.8905     9.2646    22.6185    77.3468 7.5091e-01  -73.95504 -113.31301  39.609108      97.71 1.1282e+02    230.899       5543  1027.2171  1027.2197     3.6695     3.7739     0.1848    33.7577    33.7607    8.25977         39 0.0000e+00
     17.000     16.823    -0.8340  27.415953    -0.8369  27.415674     8.8531     9.2494    24.2887    76.4555 5.5997e-01  -73.95504 -113.31302  39.609130     100.09 1.1282e+02    232.800       5588  1027.2221  1027.2245     3.6274     3.6586     0.2142    33.7579    33.7608    8.25972         39 0.0000e+00
     18.000     17.813    -0.8413  27.413492    -0.8427  27.414149     8.8264     9.2214    23.9612    76.4838 4.2590e-01  -73.95504 -113.31302  39.609151      99.98 1.1282e+02    234.611       5632  1027.2307  1027.2327     3.6287     3.5995     0.2487    33.7621    33.7646    8.26108         40 0.0000e+00
     19.000     18.804    -0.8431  27.412988    -0.8450  27.413245     8.8138     9.2039    23.6782    77.1141 3.2364e-01  -73.95504 -113.31302  39.609173      99.96 1.1282e+02    236.544       5678  1027.2362  1027.2383     3.6582     3.6219     0.2210    33.7628    33.7653    8.26143         40 0.0000e+00
     20.000     19.791    -0.8458  27.412848    -0.8471  27.413315     8.7980     9.1776    26.6030    75.3012 2.3889e-01  -73.95504 -113.31301  39.609194      99.99 1.1282e+02    238.374       5722  1027.2429  1027.2447     3.5729     3.6238     0.2195    33.7651    33.7672    8.26189         41 0.0000e+00
     21.000     20.782    -0.8475  27.414155    -0.8497  27.414371     8.7728     9.1534    23.5918    75.7951 1.7559e-01  -73.95504 -113.31301  39.609215      99.96 1.1282e+02    240.186       5765  1027.2502  1027.2526     3.5956     3.4644     0.2324    33.7681    33.7710    8.26209         39 0.0000e+00
     22.000     21.771    -0.8482  27.416024    -0.8504  27.416303     8.7605     9.1472    22.2600    75.5020 1.2914e-01  -73.95504 -113.31301  39.609236      99.99 1.1282e+02    242.021       5810  1027.2573  1027.2596     3.5823     3.6523     0.2277    33.7709    33.7737    8.26209         38 0.0000e+00
     23.000     22.760    -0.8494  27.416147    -0.8512  27.416458     8.7520     9.1376    23.0835    76.0066 9.0856e-02  -73.95504 -113.31301  39.609259      97.17 1.1282e+02    243.950       5856  1027.2627  1027.2648     3.6061     3.9320     0.2111    33.7717    33.7742    8.26229         40 0.0000e+00
     24.000     23.751    -0.8526  27.415001    -0.8549  27.414972     8.7435     9.1316    22.8470    75.7026 6.1372e-02  -73.95504 -113.31300  39.609281      99.97 1.1282e+02    245.872       5902  1027.2689  1027.2711     3.5917     3.6039     0.2223    33.7732    33.7757    8.26292         40 0.0000e+00
     25.000     24.739    -0.8535  27.414857    -0.8556  27.415123     8.7267     9.1046    23.9018    78.0899 3.8127e-02  -73.95504 -113.31300  39.609302      99.98 1.1282e+02    247.720       5946  1027.2738  1027.2761     3.7047     3.7795     0.2183    33.7733    33.7760    8.26310         42 0.0000e+00
     26.000     25.731    -0.8600  27.411779    -0.8640  27.410949     8.7092     9.0687    23.8209    76.4287 1.9589e-02  -73.95504 -113.31300  39.609324      99.96 1.1282e+02    249.586       5991  1027.2811  1027.2839     3.6261     3.4021     0.2227    33.7759    33.7792    8.26439         37 0.0000e+00
     27.000     26.719    -0.8628  27.410769    -0.8672  27.409593     8.6758     9.0489    25.8024    76.8860 6.0309e-03  -73.95504 -113.31300  39.609347      99.98 1.1282e+02    251.565       6039  1027.2869  1027.2898     3.6478     3.4581     0.2205    33.7770    33.7803    8.26494         44 0.0000e+00
     28.000     27.709    -0.8706  27.406846    -0.8723  27.407130     8.6379     9.0079    23.3327    75.8758 -3.316e-05  -73.95504 -113.31300  39.609369      99.98 1.1282e+02    253.455       6084  1027.2944  1027.2963     3.6002     3.7780     0.2236    33.7798    33.7821    8.26649         38 0.0000e+00
     29.000     28.698    -0.8818  27.400070    -0.8846  27.399985     8.5186     8.8910    21.5937    77.2260 1.0000e-12  -73.95504 -113.31300  39.609390      95.27 1.1282e+02    255.271       6128  1027.3021  1027.3046     3.6641     3.4414     0.2078    33.7826    33.7856    8.26878         40 0.0000e+00
     30.000     29.688    -0.9182  27.375550    -0.9270  27.372462     8.2908     8.6836    21.4525    77.0344 1.0000e-12  -73.95504 -113.31298  39.609412      99.18 1.1282e+02    257.200       6174  1027.3147  1027.3198     3.6548     3.5881     0.1912    33.7895    33.7952    8.27639         44 0.0000e+00
     31.000     30.677    -0.9800  27.331612    -0.9801  27.333266     8.0672     8.4440    21.6447    76.8932 1.0000e-12  -73.95504 -113.31298  39.609434      99.97 1.1282e+02    259.057       6218  1027.3303  1027.3323     3.6480     3.1964     0.2088    33.7985    33.8010    8.28948         42 0.0000e+00
     32.000     31.667    -1.0292  27.296471    -1.0385  27.293731     7.7504     8.1575    19.5905    76.6248 1.0000e-12  -73.95504 -113.31298  39.609455      99.90 1.1282e+02    260.874       6262  1027.3433  1027.3493     3.6354     2.9686     0.2130    33.8054    33.8122    8.29995         39 0.0000e+00
     33.000     32.655    -1.1107  27.239861    -1.1140  27.240176     7.6205     8.0119    17.9629    77.7008 1.0000e-12  -73.95504 -113.31298  39.609476      99.94 1.1291e+02    262.696       6306  1027.3636  1027.3670     3.6861     2.9662     0.2102    33.8194    33.8235    8.31720         39 0.0000e+00
     34.000     33.646    -1.1295  27.226226    -1.1319  27.227046     7.5754     7.9464    17.2435    77.9650 1.0000e-12  -73.95504 -113.31298  39.609498      99.97 1.1332e+02    264.615       6352  1027.3701  1027.3732     3.6991     3.4737     0.2179    33.8213    33.8251    8.32126         43 0.0000e+00
     35.000     34.635    -1.1510  27.210653    -1.1533  27.211367     7.5059     7.8664    14.1730    79.1767 1.0000e-12  -73.95504 -113.31297  39.609520      99.93 1.1305e+02    266.536       6398  1027.3770  1027.3800     3.7564     3.0810     0.1921    33.8236    33.8272    8.32590         39 0.0000e+00
     36.000     35.625    -1.1646  27.201319    -1.1670  27.201972     7.4226     7.7621    14.0377    78.1183 1.0000e-12  -73.95504 -113.31298  39.609543      96.94 1.1322e+02    268.492       6445  1027.3835  1027.3864     3.7052     2.8047     0.2038    33.8256    33.8292    8.32882         39 0.0000e+00
     37.000     36.615    -1.1751  27.194825    -1.1771  27.195420     7.3030     7.6381    11.5126    78.3637 1.0000e-12  -73.95504 -113.31298  39.609566      99.23 1.1419e+02    270.482       6493  1027.3901  1027.3926     3.7186     3.6068     0.1888    33.8280    33.8311    8.33102         41 0.0000e+00
     38.000     37.604    -1.2020  27.175050    -1.2054  27.175089     7.2176     7.5554    14.1019    79.0581 1.0000e-12  -73.95504 -113.31298  39.609588      99.65 1.1328e+02    272.408       6539  1027.3980  1027.4013     3.7507     2.4839     0.1886    33.8307    33.8345    8.33685         40 0.0000e+00
     39.000     38.594    -1.2111  27.169259    -1.2134  27.169607     7.1734     7.4905    14.5097    80.1256 1.0000e-12  -73.95504 -113.31298  39.609610      99.45 1.1366e+02    274.344       6585  1027.4041  1027.4067     3.8013     2.0074     0.1715    33.8324    33.8355    8.33878         44 0.0000e+00
     40.000     39.582    -1.2286  27.156017    -1.2313  27.156277     7.0860     7.4007    12.4229    81.1356 1.0000e-12  -73.95504 -113.31299  39.609634      99.44 1.1430e+02    276.382       6634  1027.4102  1027.4130     3.8494     1.8725     0.1717    33.8334    33.8367    8.34262         42 0.0000e+00
     41.000     40.570    -1.2563  27.135226    -1.2612  27.134401     7.0999     7.4077    10.6747    81.3386 1.0000e-12  -73.95504 -113.31298  39.609657      99.39 1.1398e+02    278.326       6681  1027.4180  1027.4218     3.8589     1.6779     0.1802    33.8356    33.8399    8.34868         38 0.0000e+00
     42.000     41.561    -1.2839  27.117291    -1.2856  27.117833     7.1472     7.4410     9.5574    81.5233 1.0000e-12  -73.95504 -113.31298  39.609677      99.52 1.1460e+02    280.066       6723  1027.4287  1027.4309     3.8670     2.1281     0.1807    33.8415    33.8442    8.35449         38 0.0000e+00
     43.000     42.552    -1.2919  27.113326    -1.2935  27.113897     7.1129     7.4058    10.4984    83.0008 1.0000e-12  -73.95504 -113.31298  39.609699      93.67 1.1459e+02    282.016       6769  1027.4359  1027.4380     3.9378     1.8415     0.1750    33.8445    33.8471    8.35612         41 0.0000e+00
     44.000     43.539    -1.2998  27.108782    -1.3013  27.109685     7.0072     7.3062    11.2203    83.2949 1.0000e-12  -73.95504 -113.31298  39.609723      99.40 1.1459e+02    284.041       6818  1027.4423  1027.4447     3.9516     1.4170     0.1768    33.8466    33.8495    8.35776         35 0.0000e+00
     45.000     44.531    -1.3098  27.101910    -1.3116  27.102453     6.9476     7.2452    10.3042    84.0657 1.0000e-12  -73.95504 -113.31298  39.609742      99.45 1.1459e+02    285.702       6858  1027.4483  1027.4506     3.9883     1.9055     0.1815    33.8478    33.8506    8.35992         39 0.0000e+00
     46.000     45.519    -1.3157  27.098235    -1.3174  27.098592     6.9176     7.2163     9.5103    84.3030 1.0000e-12  -73.95504 -113.31298  39.609764      99.39 1.1459e+02    287.641       6904  1027.4538  1027.4559     3.9993     1.6011     0.1799    33.8488    33.8512    8.36118         47 0.0000e+00
     47.000     46.509    -1.3199  27.095669    -1.3214  27.096277     6.8547     7.1630     9.6365    84.1147 1.0000e-12  -73.95504 -113.31298  39.609789      99.41 1.1459e+02    289.732       6955  1027.4591  1027.4612     3.9906     1.8945     0.1600    33.8494    33.8520    8.36209         43 0.0000e+00
     48.000     47.498    -1.3265  27.091495    -1.3271  27.092869     6.8263     7.1167     9.9300    84.5135 1.0000e-12  -73.95504 -113.31298  39.609809      99.40 1.1459e+02    291.503       6997  1027.4649  1027.4669     4.0094     1.7893     0.1722    33.8506    33.8531    8.36351         36 0.0000e+00
     49.000     48.488    -1.3305  27.089153    -1.3324  27.089261     6.8295     7.1044     9.4168    84.1822 1.0000e-12  -73.95504 -113.31298  39.609830      99.39 1.1459e+02    293.356       7042  1027.4703  1027.4722     3.9938     1.4595     0.1588    33.8512    33.8536    8.36436         44 0.0000e+00
     50.000     49.477    -1.3317  27.089107    -1.3341  27.088625     6.8415     7.1123     8.1894    85.1900 1.0000e-12  -73.95504 -113.31298  39.609854      95.94 1.1459e+02    295.415       7091  1027.4754  1027.4772     4.0418     1.3983     0.1798    33.8519    33.8540    8.36459         36 0.0000e+00
     51.000     50.466    -1.3309  27.090311    -1.3331  27.090025     6.8422     7.1115     8.6678    84.6819 1.0000e-12  -73.95504 -113.31298  39.609876      99.39 1.1459e+02    297.286       7136  1027.4802  1027.4819     4.0171     1.3132     0.1712    33.8521    33.8542    8.36441         35 0.0000e+00
     52.000     51.456    -1.3311  27.090734    -1.3329  27.090857     6.7979     7.0728     8.5064    85.8974 1.0000e-12  -73.95504 -113.31298  39.609897      99.43 1.1459e+02    299.059       7178  1027.4850  1027.4868     4.0754     1.3373     0.1806    33.8522    33.8544    8.36444         41 0.0000e+00
