ocean_section_plots/required_files/ctd/dnbp2202_ctd049.cnv
* Sea-Bird SBE 9 Data File:
* FileName = D:\Data\raw\NBP2202_CTD049.hex
* Software Version Seasave V 7.26.7.121
* Temperature SN = 1649
* Conductivity SN = 2513
* Number of Bytes Per Scan = 40
* Number of Voltage Words = 5
* Number of Scans Averaged by the Deck Unit = 1
* NMEA Latitude = 74 12.49 S
* NMEA Longitude = 112 57.02 W
* NMEA UTC (Time) = Jan 24 2022  03:49:28
* NMEA baud rate = 9600
** Ship: RVIB N.B. Palmer
** Cruise: NBP2202 Thwaites
** Station: Section Dotson C
** Operator: B Bjork
# nquan = 25
# nvalues = 729                         
# units = specified
# name 0 = prDM: Pressure, Digiquartz [db]
# name 1 = depSM: Depth [salt water, m]
# name 2 = t090C: Temperature [ITS-90, deg C]
# name 3 = c0mS/cm: Conductivity [mS/cm]
# name 4 = t190C: Temperature, 2 [ITS-90, deg C]
# name 5 = c1mS/cm: Conductivity, 2 [mS/cm]
# name 6 = sbeox0ML/L: Oxygen, SBE 43 [ml/l]
# name 7 = sbeox1ML/L: Oxygen, SBE 43, 2 [ml/l]
# name 8 = flECO-AFL: Fluorescence, WET Labs ECO-AFL/FL [mg/m^3]
# name 9 = CStarTr0: Beam Transmission, WET Labs C-Star [%]
# name 10 = par: PAR/Irradiance, Biospherical/Licor
# name 11 = latitude: Latitude [deg]
# name 12 = longitude: Longitude [deg]
# name 13 = timeJ: Julian Days
# name 14 = altM: Altimeter [m]
# name 15 = spar: SPAR, Biospherical/Licor
# name 16 = timeS: Time, Elapsed [seconds]
# name 17 = scan: Scan Count
# name 18 = density00: Density [density, kg/m^3]
# name 19 = density11: Density, 2 [density, kg/m^3]
# name 20 = sal00: Salinity, Practical [PSU]
# name 21 = sal11: Salinity, Practical, 2 [PSU]
# name 22 = oxsolML/L: Oxygen Saturation, Garcia & Gordon [ml/l]
# name 23 = nbin: number of scans per bin
# name 24 = flag: flag
# span 0 =      2.000,    730.000       
# span 1 =      1.980,    721.176       
# span 2 =    -1.5219,     0.3227       
# span 3 =  27.072551,  29.241242       
# span 4 =    -1.5213,     0.3248       
# span 5 =  27.071840,  29.240927       
# span 6 =     4.6212,     8.5093       
# span 7 =     4.8707,     8.8360       
# span 8 =    -0.0195,    23.7670       
# span 9 =    68.4379,    96.4344       
# span 10 = 1.0000e-12, 1.3770e+02      
# span 11 =  -74.20820,  -74.20820      
# span 12 = -112.95042, -112.95038      
# span 13 =  24.160913,  24.172874      
# span 14 =       5.33,     100.42      
# span 15 = 3.0031e+02, 3.2790e+02      
# span 16 =    134.889,   1168.341      
# span 17 =       3238,      28041      
# span 18 =  1027.1880,  1031.1073      
# span 19 =  1027.1909,  1031.1049      
# span 20 =    33.7957,    34.4703      
# span 21 =    33.7985,    34.4675      
# span 22 =    7.97268,    8.39954      
# span 23 =         15,         48      
# span 24 = 0.0000e+00, 0.0000e+00      
# interval = decibars: 1                
# start_time = Jan 24 2022 03:49:28 [NMEA time, header]
# bad_flag = -9.990e-29
*END*
[from data line 174]
    176.000    174.104    -1.5127  27.078455    -1.5125  27.078009     6.3514     6.6844     0.5612    94.7840 1.0000e-12  -74.20820 -112.95038  24.164253      99.86 3.1669e+02    423.476      10164  1028.1773  1028.1766    33.9639    33.9630    8.39866         28 0.0000e+00
    177.000    175.093    -1.5128  27.078979    -1.5128  27.078603     6.3452     6.6783     0.4588    94.6349 1.0000e-12  -74.20820 -112.95038  24.164267      98.27 3.1593e+02    424.662      10193  1028.1823  1028.1818    33.9641    33.9635    8.39867         29 0.0000e+00
    178.000    176.082    -1.5136  27.080063    -1.5135  27.079743     6.3329     6.6722     0.6094    94.8815 1.0000e-12  -74.20820 -112.95038  24.164281      97.92 3.1687e+02    425.845      10221  1028.1885  1028.1881    33.9659    33.9654    8.39875         28 0.0000e+00
    179.000    177.071    -1.5141  27.082492    -1.5138  27.081526     6.3351     6.6595     0.4350    94.9929 1.0000e-12  -74.20820 -112.95038  24.164294      99.90 3.1785e+02    427.015      10249  1028.1959  1028.1946    33.9691    33.9674    8.39865         27 0.0000e+00
    180.000    178.058    -1.5142  27.084215    -1.5140  27.083687     6.3248     6.6619     0.6074    95.2076 1.0000e-12  -74.20820 -112.95038  24.164308      99.89 3.1591e+02    428.175      10277  1028.2023  1028.2015    33.9711    33.9701    8.39857         29 0.0000e+00
    181.000    179.048    -1.5144  27.084602    -1.5141  27.084045     6.3214     6.6573     0.5641    95.0463 1.0000e-12  -74.20820 -112.95038  24.164321      99.88 3.1674e+02    429.345      10305  1028.2071  1028.2062    33.9711    33.9701    8.39860         27 0.0000e+00
    182.000    180.038    -1.5145  27.085434    -1.5142  27.085169     6.3260     6.6550     0.4893    95.1428 1.0000e-12  -74.20820 -112.95038  24.164335      99.89 3.1751e+02    430.518      10333  1028.2124  1028.2118    33.9718    33.9711    8.39859         29 0.0000e+00
    183.000    181.025    -1.5141  27.088070    -1.5137  27.087943     6.3169     6.6613     0.4157    95.1807 1.0000e-12  -74.20820 -112.95038  24.164348      99.89 3.1648e+02    431.692      10362  1028.2193  1028.2188    33.9744    33.9738    8.39835         29 0.0000e+00
    184.000    182.013    -1.5139  27.089338    -1.5135  27.088978     6.3265     6.6601     0.3955    95.2829 1.0000e-12  -74.20820 -112.95038  24.164362      99.89 3.1675e+02    432.879      10390  1028.2247  1028.2240    33.9752    33.9743    8.39824         28 0.0000e+00
    185.000    183.004    -1.5140  27.085481    -1.5138  27.084825     6.3311     6.6604     0.3549    95.4166 1.0000e-12  -74.20820 -112.95038  24.164376      99.89 3.1827e+02    434.070      10419  1028.2248  1028.2239    33.9694    33.9682    8.39862         28 0.0000e+00
    186.000    183.991    -1.5139  27.084860    -1.5137  27.084141     6.3329     6.6606     0.4429    95.3312 1.0000e-12  -74.20820 -112.95038  24.164390      99.88 3.1677e+02    435.252      10447  1028.2283  1028.2273    33.9678    33.9666    8.39870         29 0.0000e+00
    187.000    184.983    -1.5138  27.086968    -1.5137  27.086240     6.3391     6.6644     0.4480    94.9579 1.0000e-12  -74.20820 -112.95038  24.164403      99.88 3.1725e+02    436.426      10475  1028.2348  1028.2339    33.9700    33.9688    8.39854         28 0.0000e+00
    188.000    185.967    -1.5139  27.087533    -1.5135  27.086906     6.3388     6.6667     0.4037    95.5899 1.0000e-12  -74.20820 -112.95038  24.164417      99.89 3.1851e+02    437.601      10503  1028.2398  1028.2388    33.9702    33.9690    8.39854         29 0.0000e+00
    189.000    186.959    -1.5137  27.087572    -1.5135  27.086903     6.3466     6.6689     0.4637    95.2746 1.0000e-12  -74.20820 -112.95038  24.164431      98.25 3.1734e+02    438.814      10533  1028.2440  1028.2430    33.9695    33.9683    8.39855         29 0.0000e+00
    190.000    187.948    -1.5140  27.086711    -1.5137  27.086439     6.3435     6.6726     0.5593    95.2673 1.0000e-12  -74.20820 -112.95038  24.164446      99.91 3.1715e+02    440.121      10564  1028.2476  1028.2470    33.9679    33.9673    8.39870         32 0.0000e+00
    191.000    188.935    -1.5140  27.087175    -1.5137  27.086624     6.3441     6.6708     0.3606    95.3316 1.0000e-12  -74.20820 -112.95038  24.164462      99.88 3.1817e+02    441.477      10596  1028.2524  1028.2515    33.9680    33.9669    8.39871         32 0.0000e+00
    192.000    189.924    -1.5140  27.087766    -1.5137  27.087269     6.3393     6.6663     0.4513    95.3570 1.0000e-12  -74.20820 -112.95038  24.164477      99.88 3.1693e+02    442.820      10629  1028.2573  1028.2565    33.9682    33.9672    8.39869         31 0.0000e+00
    193.000    190.914    -1.5141  27.088206    -1.5138  27.087788     6.3410     6.6693     0.4721    95.4603 1.0000e-12  -74.20820 -112.95038  24.164493      99.86 3.1699e+02    444.155      10661  1028.2622  1028.2615    33.9682    33.9673    8.39871         32 0.0000e+00
    194.000    191.902    -1.5141  27.088849    -1.5138  27.088361     6.3382     6.6631     0.3594    95.3094 1.0000e-12  -74.20820 -112.95038  24.164508      99.88 3.1812e+02    445.504      10693  1028.2673  1028.2664    33.9686    33.9675    8.39870         33 0.0000e+00
    195.000    192.890    -1.5140  27.089302    -1.5137  27.088711     6.3368     6.6670     0.5119    95.1381 1.0000e-12  -74.20820 -112.95038  24.164524      99.88 3.1743e+02    446.858      10726  1028.2719  1028.2710    33.9684    33.9673    8.39868         32 0.0000e+00
    196.000    193.879    -1.5140  27.089793    -1.5137  27.089483     6.3349     6.6674     0.5486    95.4733 1.0000e-12  -74.20820 -112.95038  24.164539      99.89 3.1743e+02    448.210      10758  1028.2768  1028.2762    33.9685    33.9678    8.39868         33 0.0000e+00
    197.000    194.870    -1.5141  27.090724    -1.5136  27.090409     6.3350     6.6678     0.4894    95.3864 1.0000e-12  -74.20820 -112.95038  24.164555      99.88 3.1760e+02    449.569      10791  1028.2822  1028.2814    33.9692    33.9683    8.39865         31 0.0000e+00
    198.000    195.857    -1.5141  27.090968    -1.5138  27.090725     6.3272     6.6641     0.4118    95.5279 1.0000e-12  -74.20820 -112.95038  24.164571      91.30 3.1754e+02    450.929      10823  1028.2868  1028.2862    33.9690    33.9683    8.39867         32 0.0000e+00
    199.000    196.845    -1.5142  27.091355    -1.5138  27.090960     6.3293     6.6541     0.4086    95.4726 1.0000e-12  -74.20820 -112.95038  24.164586      99.82 3.1767e+02    452.267      10855  1028.2916  1028.2908    33.9690    33.9680    8.39869         30 0.0000e+00
    200.000    197.834    -1.5142  27.091985    -1.5138  27.091543     6.3363     6.6593     0.4663    95.5410 1.0000e-12  -74.20820 -112.95038  24.164602      99.89 3.1761e+02    453.612      10888  1028.2965  1028.2957    33.9692    33.9682    8.39867         30 0.0000e+00
    201.000    198.822    -1.5145  27.093014    -1.5141  27.092535     6.3219     6.6467     0.3936    95.0742 1.0000e-12  -74.20820 -112.95038  24.164618      99.88 3.1818e+02    454.977      10920  1028.3023  1028.3015    33.9704    33.9693    8.39868         31 0.0000e+00
    202.000    199.810    -1.5149  27.093919    -1.5146  27.093541     6.3186     6.6431     0.3919    95.0867 1.0000e-12  -74.20820 -112.95038  24.164633      99.88 3.1764e+02    456.322      10953  1028.3080  1028.3073    33.9715    33.9705    8.39871         33 0.0000e+00
    203.000    200.801    -1.5159  27.095563    -1.5157  27.095250     6.3015     6.6340     0.5060    95.6017 1.0000e-12  -74.20820 -112.95038  24.164649      99.89 3.1781e+02    457.664      10985  1028.3151  1028.3146    33.9743    33.9736    8.39877         32 0.0000e+00
    204.000    201.789    -1.5188  27.097699    -1.5186  27.097252     6.2922     6.6240     0.3022    95.5465 1.0000e-12  -74.20820 -112.95038  24.164665      99.89 3.1842e+02    459.020      11017  1028.3247  1028.3240    33.9799    33.9790    8.39908         32 0.0000e+00
    205.000    202.777    -1.5218  27.098251    -1.5213  27.097882     6.2829     6.6199     0.2906    95.3972 1.0000e-12  -74.20820 -112.95038  24.164680      99.88 3.1787e+02    460.351      11049  1028.3325  1028.3316    33.9834    33.9824    8.39954         32 0.0000e+00
    206.000    203.766    -1.5219  27.099834    -1.5206  27.100126     6.2751     6.6154     0.2310    95.4290 1.0000e-12  -74.20820 -112.95038  24.164695      99.89 3.1847e+02    461.685      11081  1028.3386  1028.3377    33.9851    33.9841    8.39946         32 0.0000e+00
    207.000    204.755    -1.5183  27.105193    -1.5180  27.104515     6.2800     6.6058     0.1606    95.3405 1.0000e-12  -74.20820 -112.95038  24.164711      99.89 3.1853e+02    463.033      11114  1028.3453  1028.3443    33.9877    33.9865    8.39849         32 0.0000e+00
    208.000    205.743    -1.5156  27.108918    -1.5152  27.108190     6.2738     6.6003     0.2259    95.6072 1.0000e-12  -74.20820 -112.95038  24.164726      96.31 3.1759e+02    464.360      11146  1028.3512  1028.3499    33.9892    33.9877    8.39780         32 0.0000e+00
    209.000    206.732    -1.5105  27.115355    -1.5093  27.115446     6.2694     6.6042     0.2285    95.6535 1.0000e-12  -74.20820 -112.95038  24.164742      99.69 3.1825e+02    465.687      11177  1028.3576  1028.3566    33.9916    33.9905    8.39649         32 0.0000e+00
    210.000    207.721    -1.5040  27.122376    -1.5046  27.120870     6.2716     6.5989     0.1266    95.7377 1.0000e-12  -74.20820 -112.95038  24.164757      99.89 3.1865e+02    467.045      11210  1028.3633  1028.3623    33.9933    33.9920    8.39493         33 0.0000e+00
    211.000    208.708    -1.5036  27.123372    -1.5025  27.123513     6.2709     6.5936     0.1117    95.6278 1.0000e-12  -74.20820 -112.95038  24.164773      99.88 3.1752e+02    468.405      11243  1028.3684  1028.3675    33.9936    33.9926    8.39482         30 0.0000e+00
    212.000    209.697    -1.5010  27.126477    -1.5009  27.125596     6.2653     6.5913     0.1153    95.6375 1.0000e-12  -74.20820 -112.95038  24.164789      99.89 3.1838e+02    469.750      11275  1028.3737  1028.3726    33.9943    33.9930    8.39420         32 0.0000e+00
    213.000    210.687    -1.4989  27.129124    -1.4990  27.127962     6.2715     6.5905     0.1623    95.9097 1.0000e-12  -74.20820 -112.95038  24.164804      99.90 3.1871e+02    471.090      11307  1028.3789  1028.3777    33.9950    33.9934    8.39369         33 0.0000e+00
    214.000    211.675    -1.4979  27.130596    -1.4971  27.130502     6.2669     6.5929     0.1113    95.7508 1.0000e-12  -74.20820 -112.95038  24.164820      99.88 3.1823e+02    472.419      11339  1028.3840  1028.3830    33.9953    33.9942    8.39345         31 0.0000e+00
    215.000    212.664    -1.4962  27.132837    -1.4958  27.132109     6.2655     6.5903     0.1263    95.9251 1.0000e-12  -74.20820 -112.95038  24.164835      99.89 3.1870e+02    473.738      11371  1028.3891  1028.3879    33.9958    33.9943    8.39303         32 0.0000e+00
    216.000    213.653    -1.4963  27.132945    -1.4959  27.132449     6.2670     6.5947     0.1459    96.0082 1.0000e-12  -74.20820 -112.95038  24.164850      99.89 3.1886e+02    475.070      11403  1028.3937  1028.3927    33.9955    33.9942    8.39308         33 0.0000e+00
    217.000    214.640    -1.4965  27.133292    -1.4962  27.132641     6.2739     6.5972     0.1429    95.9474 1.0000e-12  -74.20820 -112.95038  24.164866      99.88 3.1819e+02    476.401      11435  1028.3986  1028.3975    33.9955    33.9942    8.39312         29 0.0000e+00
    218.000    215.630    -1.4986  27.131371    -1.4979  27.131195     6.2721     6.5972     0.1456    95.9970 1.0000e-12  -74.20820 -112.95038  24.164881      99.34 3.1880e+02    477.726      11466  1028.4028  1028.4019    33.9946    33.9936    8.39364         32 0.0000e+00
    219.000    216.619    -1.4985  27.132032    -1.4977  27.131925     6.2703     6.5941     0.1651    96.0300 1.0000e-12  -74.20820 -112.95038  24.164897      99.76 3.1886e+02    479.059      11498  1028.4077  1028.4068    33.9948    33.9937    8.39360         32 0.0000e+00
    220.000    217.606    -1.4971  27.134000    -1.4965  27.133511     6.2695     6.5871     0.1340    95.9498 1.0000e-12  -74.20820 -112.95038  24.164912      99.89 3.1853e+02    480.406      11531  1028.4129  1028.4118    33.9953    33.9940    8.39326         32 0.0000e+00
    221.000    218.595    -1.4972  27.134250    -1.4966  27.133841     6.2666     6.5928     0.1267    95.8127 1.0000e-12  -74.20820 -112.95038  24.164927      99.89 3.1891e+02    481.723      11562  1028.4176  1028.4166    33.9951    33.9939    8.39329         32 0.0000e+00
    222.000    219.585    -1.4972  27.134798    -1.4964  27.134476     6.2657     6.5966     0.1588    95.9846 1.0000e-12  -74.20820 -112.95038  24.164942      99.88 3.1914e+02    483.012      11593  1028.4225  1028.4214    33.9953    33.9939    8.39329         29 0.0000e+00
    223.000    220.572    -1.4967  27.135852    -1.4957  27.135830     6.2711     6.5902     0.1384    96.0624 1.0000e-12  -74.20820 -112.95038  24.164955      99.89 3.1944e+02    484.091      11619  1028.4275  1028.4265    33.9956    33.9944    8.39316         24 0.0000e+00
    224.000    221.561    -1.4964  27.136570    -1.4951  27.136870     6.2703     6.5836     0.1184    96.0245 1.0000e-12  -74.20820 -112.95038  24.164967      99.89 3.1888e+02    485.137      11644  1028.4323  1028.4313    33.9956    33.9944    8.39309         26 0.0000e+00
    225.000    222.549    -1.4953  27.138131    -1.4948  27.137699     6.2629     6.5869     0.1457    95.9976 1.0000e-12  -74.20820 -112.95038  24.164979      99.89 3.1901e+02    486.223      11670  1028.4372  1028.4363    33.9958    33.9946    8.39282         26 0.0000e+00
    226.000    223.538    -1.4961  27.137839    -1.4954  27.137552     6.2610     6.5889     0.1327    96.0205 1.0000e-12  -74.20820 -112.95040  24.164992      99.88 3.1977e+02    487.327      11697  1028.4419  1028.4409    33.9956    33.9944    8.39300         26 0.0000e+00
    227.000    224.527    -1.4962  27.137904    -1.4957  27.137562     6.2629     6.5931     0.1861    95.7487 1.0000e-12  -74.20820 -112.95038  24.165005      99.89 3.1868e+02    488.429      11723  1028.4465  1028.4456    33.9953    33.9942    8.39306         27 0.0000e+00
    228.000    225.515    -1.4951  27.139595    -1.4950  27.138791     6.2733     6.5955     0.0902    95.8492 1.0000e-12  -74.20820 -112.95039  24.165018      99.89 3.1895e+02    489.545      11750  1028.4516  1028.4506    33.9958    33.9945    8.39279         27 0.0000e+00
    229.000    226.504    -1.4888  27.146577    -1.4880  27.146052     6.2749     6.5989     0.1222    95.9796 1.0000e-12  -74.20820 -112.95039  24.165031      99.89 3.1941e+02    490.667      11777  1028.4575  1028.4561    33.9976    33.9959    8.39126         27 0.0000e+00
    230.000    227.492    -1.4819  27.153956    -1.4818  27.152965     6.2706     6.5973     0.1150    95.9768 1.0000e-12  -74.20820 -112.95040  24.165044      99.81 3.1810e+02    491.840      11805  1028.4632  1028.4620    33.9992    33.9977    8.38959         29 0.0000e+00
    231.000    228.482    -1.4806  27.155597    -1.4802  27.154973     6.2712     6.5977     0.1513    95.9562 1.0000e-12  -74.20820 -112.95040  24.165059      99.89 3.1840e+02    493.084      11835  1028.4681  1028.4670    33.9994    33.9981    8.38929         31 0.0000e+00
    232.000    229.470    -1.4808  27.156032    -1.4804  27.155350     6.2772     6.6025     0.1705    96.0252 1.0000e-12  -74.20820 -112.95040  24.165074      99.88 3.1931e+02    494.376      11866  1028.4731  1028.4719    33.9996    33.9982    8.38932         31 0.0000e+00
