ocean_section_plots/required_files/ctd/dnbp2202_ctd061.cnv
* Sea-Bird SBE 9 Data File:
* FileName = D:\Data\raw\NBP2202_CTD061.hex
* Software Version Seasave V 7.26.7.121
* Temperature SN = 1649
* Conductivity SN = 2513
* Number of Bytes Per Scan = 40
* Number of Voltage Words = 5
* Number of Scans Averaged by the Deck Unit = 1
* NMEA Latitude = 74 02.51 S
* NMEA Longitude = 111 42.19 W
* NMEA UTC (Time) = Jan 25 2022  11:09:37
* NMEA baud rate = 9600
** Ship: RVIB N.B. Palmer
** Cruise: NBP2202 Thwaites
** Station: 42
** Operator: B.Bjork
# nquan = 25
# nvalues = 364                         
# units = specified
# name 0 = prDM: Pressure, Digiquartz [db]
# name 1 = depSM: Depth [salt water, m]
# name 2 = t090C: Temperature [ITS-90, deg C]
# name 3 = c0mS/cm: Conductivity [mS/cm]
# name 4 = t190C: Temperature, 2 [ITS-90, deg C]
# name 5 = c1mS/cm: Conductivity, 2 [mS/cm]
# name 6 = sbeox0ML/L: Oxygen, SBE 43 [ml/l]
# name 7 = sbeox1ML/L: Oxygen, SBE 43, 2 [ml/l]
# name 8 = flECO-AFL: Fluorescence, WET Labs ECO-AFL/FL [mg/m^3]
# name 9 = CStarTr0: Beam Transmission, WET Labs C-Star [%]
# name 10 = par: PAR/Irradiance, Biospherical/Licor
# name 11 = latitude: Latitude [deg]
# name 12 = longitude: Longitude [deg]
# name 13 = timeJ: Julian Days
# name 14 = altM: Altimeter [m]
# name 15 = spar: SPAR, Biospherical/Licor
# name 16 = timeS: Time, Elapsed [seconds]
# name 17 = scan: Scan Count
# name 18 = density00: Density [density, kg/m^3]
# name 19 = density11: Density, 2 [density, kg/m^3]
# name 20 = sal00: Salinity, Practical [PSU]
# name 21 = sal11: Salinity, Practical, 2 [PSU]
# name 22 = oxsolML/L: Oxygen Saturation, Garcia & Gordon [ml/l]
# name 23 = nbin: number of scans per bin
# name 24 = flag: flag
# span 0 =      3.000,    366.000       
# span 1 =      2.967,    361.883       
# span 2 =    -1.6554,    -0.5800       
# span 3 =  26.913700,  28.084981       
# span 4 =    -1.6557,    -0.5807       
# span 5 =  26.913216,  28.083232       
# span 6 =     5.5566,     9.1816       
# span 7 =     5.8014,     9.6560       
# span 8 =    -0.0167,    29.4208       
# span 9 =    60.2674,    96.7386       
# span 10 = -2.240e-05, 1.1830e+01      
# span 11 =  -74.04190,  -74.04190      
# span 12 = -111.70306, -111.70300      
# span 13 =  25.468172,  25.474771      
# span 14 =      -0.77,     100.33      
# span 15 = 5.6400e+01, 7.4193e+01      
# span 16 =    273.026,    843.182      
# span 17 =       6554,      20237      
# span 18 =  1027.2069,  1029.2857      
# span 19 =  1027.2064,  1029.2804      
# span 20 =    33.8344,    34.2608      
# span 21 =    33.8343,    34.2581      
# span 22 =    8.19401,    8.43236      
# span 23 =         19,         48      
# span 24 = 0.0000e+00, 0.0000e+00      
# interval = decibars: 1                
# start_time = Jan 25 2022 11:09:37 [NMEA time, header]
# bad_flag = -9.990e-29
*END*
[from data line 116]
    119.000    117.735    -1.6176  26.961604    -1.6172  26.961280     6.6551     6.9655     1.3294    94.0872 1.0000e-12  -74.04190 -111.70302  25.470546      99.89 6.0697e+01    478.143      11476  1027.9013  1027.9006    33.9576    33.9567    8.42278         28 0.0000e+00
    120.000    118.724    -1.6149  26.964855    -1.6148  26.964514     6.6394     6.9521     1.0995    93.9760 1.0000e-12  -74.04190 -111.70302  25.470559      99.89 6.1277e+01    479.337      11505  1027.9067  1027.9063    33.9584    33.9578    8.42213         29 0.0000e+00
    121.000    119.714    -1.6126  26.967875    -1.6125  26.967471     6.6300     6.9358     1.0672    94.4783 1.0000e-12  -74.04190 -111.70302  25.470573      99.90 6.1137e+01    480.499      11533  1027.9122  1027.9116    33.9593    33.9586    8.42154         28 0.0000e+00
    122.000    120.703    -1.6101  26.971004    -1.6104  26.970331     6.6037     6.9167     0.7677    94.3369 1.0000e-12  -74.04190 -111.70302  25.470586      99.90 6.0763e+01    481.668      11561  1027.9176  1027.9171    33.9602    33.9596    8.42093         28 0.0000e+00
    123.000    121.691    -1.6083  26.974099    -1.6079  26.973917     6.5845     6.8942     0.7208    94.0099 1.0000e-12  -74.04190 -111.70302  25.470600      99.90 6.1008e+01    482.853      11589  1027.9236  1027.9230    33.9617    33.9610    8.42042         28 0.0000e+00
    124.000    122.681    -1.6025  26.980657    -1.6016  26.980771     6.5656     6.8715     0.7192    94.8474 1.0000e-12  -74.04190 -111.70302  25.470614      99.90 6.1387e+01    484.023      11618  1027.9296  1027.9289    33.9636    33.9627    8.41899         28 0.0000e+00
    125.000    123.669    -1.6000  26.983853    -1.6000  26.983290     6.5542     6.8648     0.6031    95.1501 1.0000e-12  -74.04190 -111.70302  25.470627      99.90 6.0951e+01    485.174      11645  1027.9351  1027.9345    33.9646    33.9638    8.41838         28 0.0000e+00
    126.000    124.659    -1.5986  26.986592    -1.5986  26.986125     6.5541     6.8623     0.4275    95.1609 1.0000e-12  -74.04190 -111.70302  25.470640      92.91 6.0760e+01    486.335      11673  1027.9412  1027.9407    33.9661    33.9655    8.41796         28 0.0000e+00
    127.000    125.649    -1.6019  26.985048    -1.6017  26.984694     6.5321     6.8387     0.4245    95.0766 1.0000e-12  -74.04190 -111.70302  25.470654      99.89 6.0819e+01    487.518      11701  1027.9470  1027.9465    33.9671    33.9664    8.41864         28 0.0000e+00
    128.000    126.636    -1.5951  26.992714    -1.5943  26.992259     6.4936     6.7941     0.4064    94.9952 1.0000e-12  -74.04190 -111.70301  25.470668      99.90 6.1514e+01    488.692      11730  1027.9532  1027.9520    33.9693    33.9678    8.41697         28 0.0000e+00
    129.000    127.626    -1.5735  27.012360    -1.5736  27.011422     6.4821     6.7774     0.2904    95.2976 1.0000e-12  -74.04190 -111.70301  25.470681      99.90 6.0503e+01    489.856      11758  1027.9585  1027.9574    33.9713    33.9700    8.41197         28 0.0000e+00
    130.000    128.615    -1.5636  27.021556    -1.5640  27.021150     6.4832     6.7857     0.3841    95.7216 1.0000e-12  -74.04190 -111.70301  25.470695      99.91 6.1646e+01    491.048      11786  1027.9635  1027.9633    33.9722    33.9719    8.40968         29 0.0000e+00
    131.000    129.603    -1.5838  27.007275    -1.5840  27.006612     6.4870     6.7868     0.4892    95.5240 1.0000e-12  -74.04190 -111.70300  25.470709      99.90 6.1158e+01    492.239      11815  1027.9717  1027.9713    33.9747    33.9741    8.41408         29 0.0000e+00
    132.000    130.594    -1.5851  27.007282    -1.5846  27.007157     6.4806     6.7799     0.3492    93.7888 1.0000e-12  -74.04190 -111.70300  25.470722      99.90 6.0397e+01    493.414      11843  1027.9774  1027.9767    33.9757    33.9748    8.41434         27 0.0000e+00
    133.000    131.582    -1.5805  27.012185    -1.5800  27.011807     6.4677     6.7705     0.2380    94.6779 1.0000e-12  -74.04190 -111.70300  25.470736      99.91 6.1703e+01    494.564      11871  1027.9827  1027.9818    33.9765    33.9755    8.41324         28 0.0000e+00
    134.000    132.570    -1.5762  27.016490    -1.5757  27.016213     6.4685     6.7620     0.2812    93.3709 1.0000e-12  -74.04190 -111.70300  25.470749      99.91 6.1701e+01    495.698      11898  1027.9876  1027.9869    33.9769    33.9760    8.41224         26 0.0000e+00
    135.000    133.560    -1.5728  27.019861    -1.5723  27.019688     6.4606     6.7586     0.2138    95.5221 1.0000e-12  -74.04190 -111.70300  25.470762      99.91 6.0127e+01    496.829      11925  1027.9924  1027.9918    33.9770    33.9763    8.41145         29 0.0000e+00
    136.000    134.550    -1.5701  27.022749    -1.5696  27.022481     6.4572     6.7510     0.1805    95.7569 1.0000e-12  -74.04190 -111.70300  25.470775      99.85 6.2193e+01    497.983      11953  1027.9974  1027.9966    33.9774    33.9765    8.41083         27 0.0000e+00
    137.000    135.538    -1.5661  27.026518    -1.5658  27.026135     6.4426     6.7449     0.2002    95.9015 1.0000e-12  -74.04190 -111.70300  25.470789      99.91 6.2223e+01    499.141      11980  1028.0021  1028.0013    33.9775    33.9765    8.40993         27 0.0000e+00
    138.000    136.527    -1.5598  27.032430    -1.5612  27.030507     6.4345     6.7339     0.2225    95.1921 1.0000e-12  -74.04190 -111.70300  25.470802      99.91 6.0298e+01    500.282      12008  1028.0069  1028.0061    33.9778    33.9767    8.40848         28 0.0000e+00
    139.000    137.516    -1.5534  27.038414    -1.5536  27.037406     6.4237     6.7285     0.2819    96.0536 1.0000e-12  -74.04190 -111.70300  25.470815      96.62 6.1327e+01    501.442      12036  1028.0116  1028.0107    33.9781    33.9769    8.40700         28 0.0000e+00
    140.000    138.506    -1.5506  27.041230    -1.5505  27.040723     6.4210     6.7237     0.4047    95.6239 1.0000e-12  -74.04190 -111.70300  25.470829      99.93 6.1826e+01    502.634      12064  1028.0164  1028.0158    33.9782    33.9774    8.40637         29 0.0000e+00
    141.000    139.494    -1.5496  27.042840    -1.5494  27.042381     6.4241     6.7218     0.3947    95.9724 1.0000e-12  -74.04190 -111.70300  25.470842      99.90 6.0401e+01    503.787      12092  1028.0216  1028.0209    33.9786    33.9778    8.40611         27 0.0000e+00
    142.000    140.483    -1.5503  27.042850    -1.5501  27.042502     6.4255     6.7214     0.2914    95.8707 1.0000e-12  -74.04190 -111.70300  25.470855      99.91 6.1294e+01    504.898      12119  1028.0267  1028.0261    33.9789    33.9782    8.40626         27 0.0000e+00
    143.000    141.472    -1.5504  27.043408    -1.5501  27.042951     6.4298     6.7163     0.2635    95.2698 1.0000e-12  -74.04190 -111.70301  25.470869      99.91 6.1260e+01    506.057      12146  1028.0318  1028.0310    33.9791    33.9781    8.40627         28 0.0000e+00
    144.000    142.461    -1.5500  27.044779    -1.5498  27.044275     6.4181     6.7084     0.2941    95.9104 1.0000e-12  -74.04190 -111.70300  25.470883      99.91 6.0939e+01    507.253      12175  1028.0373  1028.0365    33.9799    33.9789    8.40613         28 0.0000e+00
    145.000    143.451    -1.5496  27.046319    -1.5493  27.045792     6.4081     6.7016     0.4246    95.2695 1.0000e-12  -74.04190 -111.70302  25.470896      99.90 6.1314e+01    508.390      12202  1028.0430  1028.0421    33.9810    33.9799    8.40598         27 0.0000e+00
    146.000    144.439    -1.5451  27.051411    -1.5448  27.050871     6.4076     6.6925     0.2943    95.7793 1.0000e-12  -74.04190 -111.70301  25.470909      99.91 6.1834e+01    509.504      12229  1028.0486  1028.0477    33.9822    33.9811    8.40488         27 0.0000e+00
    147.000    145.427    -1.5445  27.052502    -1.5443  27.052022     6.4073     6.6915     0.3687    95.6103 1.0000e-12  -74.04190 -111.70302  25.470922      99.91 6.1259e+01    510.649      12257  1028.0536  1028.0528    33.9824    33.9815    8.40474         28 0.0000e+00
    148.000    146.416    -1.5438  27.053916    -1.5436  27.053380     6.4031     6.6977     0.2408    95.6015 1.0000e-12  -74.04190 -111.70302  25.470935      99.91 6.1387e+01    511.816      12285  1028.0588  1028.0580    33.9829    33.9820    8.40454         28 0.0000e+00
    149.000    147.406    -1.5436  27.055130    -1.5433  27.054726     6.4074     6.6958     0.1568    95.0810 1.0000e-12  -74.04190 -111.70302  25.470949      99.92 6.2023e+01    512.992      12313  1028.0643  1028.0635    33.9837    33.9828    8.40445         28 0.0000e+00
    150.000    148.395    -1.5440  27.055510    -1.5438  27.055000     6.4031     6.6910     0.2243    95.9576 1.0000e-12  -74.04190 -111.70302  25.470962      98.93 6.1889e+01    514.150      12341  1028.0695  1028.0687    33.9842    33.9832    8.40453         28 0.0000e+00
    151.000    149.383    -1.5455  27.055135    -1.5453  27.054655     6.3965     6.6872     0.4971    95.7616 1.0000e-12  -74.04190 -111.70302  25.470976      99.49 6.1042e+01    515.320      12369  1028.0748  1028.0741    33.9846    33.9838    8.40482         29 0.0000e+00
    152.000    150.373    -1.5447  27.056956    -1.5444  27.056239     6.3858     6.6844     0.2676    95.9222 1.0000e-12  -74.04190 -111.70302  25.470989      99.91 6.1564e+01    516.486      12397  1028.0804  1028.0793    33.9856    33.9844    8.40458         27 0.0000e+00
    153.000    151.361    -1.5399  27.062744    -1.5397  27.062389     6.3877     6.6859     0.2809    95.9271 1.0000e-12  -74.04190 -111.70302  25.471003      99.90 6.1766e+01    517.622      12424  1028.0865  1028.0859    33.9876    33.9869    8.40339         27 0.0000e+00
    154.000    152.352    -1.5444  27.060317    -1.5442  27.059834     6.3876     6.6820     0.1882    96.1129 1.0000e-12  -74.04190 -111.70302  25.471016      99.91 6.0441e+01    518.771      12452  1028.0926  1028.0918    33.9887    33.9879    8.40434         28 0.0000e+00
    155.000    153.337    -1.5452  27.060504    -1.5450  27.060037     6.3809     6.6733     0.1491    96.0967 1.0000e-12  -74.04190 -111.70303  25.471029      99.91 6.1916e+01    519.932      12479  1028.0978  1028.0971    33.9893    33.9884    8.40448         27 0.0000e+00
    156.000    154.329    -1.5421  27.064178    -1.5414  27.063893     6.3754     6.6622     0.1290    96.0131 1.0000e-12  -74.04190 -111.70302  25.471042      99.91 6.2017e+01    521.069      12507  1028.1032  1028.1023    33.9901    33.9891    8.40372         28 0.0000e+00
    157.000    155.316    -1.5364  27.069837    -1.5360  27.069296     6.3727     6.6653     0.1884    96.0244 1.0000e-12  -74.04190 -111.70304  25.471056      99.91 6.0323e+01    522.213      12534  1028.1082  1028.1073    33.9908    33.9897    8.40239         27 0.0000e+00
    158.000    156.307    -1.5343  27.072060    -1.5342  27.071458     6.3741     6.6660     0.2020    95.9574 1.0000e-12  -74.04190 -111.70302  25.471069      99.90 6.2423e+01    523.371      12562  1028.1130  1028.1123    33.9910    33.9900    8.40192         28 0.0000e+00
    159.000    157.296    -1.5338  27.073212    -1.5334  27.072738     6.3760     6.6631     0.3476    96.0855 1.0000e-12  -74.04190 -111.70303  25.471082      99.91 6.2027e+01    524.501      12589  1028.1181  1028.1173    33.9913    33.9902    8.40178         27 0.0000e+00
    160.000    158.284    -1.5335  27.073817    -1.5333  27.073399     6.3690     6.6600     0.3439    95.9033 1.0000e-12  -74.04190 -111.70303  25.471096      99.91 6.0912e+01    525.666      12617  1028.1229  1028.1222    33.9912    33.9903    8.40173         29 0.0000e+00
    161.000    159.272    -1.5334  27.074720    -1.5330  27.074223     6.3712     6.6582     0.1221    95.9041 1.0000e-12  -74.04190 -111.70304  25.471110      94.90 6.2018e+01    526.889      12646  1028.1281  1028.1272    33.9917    33.9906    8.40167         29 0.0000e+00
    162.000    160.262    -1.5328  27.077154    -1.5326  27.076593     6.3592     6.6515     0.1483    96.1169 1.0000e-12  -74.04190 -111.70304  25.471123      99.98 6.1895e+01    528.057      12674  1028.1346  1028.1337    33.9938    33.9927    8.40142         27 0.0000e+00
    163.000    161.250    -1.5320  27.078783    -1.5315  27.078351     6.3598     6.6581     0.1992    96.1464 1.0000e-12  -74.04190 -111.70304  25.471136      99.91 6.0855e+01    529.164      12701  1028.1399  1028.1390    33.9944    33.9933    8.40119         27 0.0000e+00
    164.000    162.239    -1.5311  27.080061    -1.5309  27.079574     6.3540     6.6461     0.3594    96.0910 1.0000e-12  -74.04190 -111.70304  25.471150      99.91 6.1874e+01    530.323      12729  1028.1448  1028.1440    33.9946    33.9937    8.40098         29 0.0000e+00
    165.000    163.228    -1.5286  27.083399    -1.5279  27.083040     6.3545     6.6407     0.2231    95.9489 1.0000e-12  -74.04190 -111.70304  25.471164      99.91 6.1255e+01    531.532      12758  1028.1503  1028.1493    33.9957    33.9944    8.40034         28 0.0000e+00
    166.000    164.217    -1.5254  27.087384    -1.5251  27.086979     6.3520     6.6367     0.1227    95.9128 1.0000e-12  -74.04190 -111.70304  25.471177      99.91 6.1309e+01    532.667      12785  1028.1560  1028.1552    33.9970    33.9960    8.39955         27 0.0000e+00
    167.000    165.205    -1.5257  27.088108    -1.5254  27.087655     6.3551     6.6415     0.1238    96.2138 1.0000e-12  -74.04190 -111.70304  25.471190      99.91 6.1947e+01    533.801      12812  1028.1614  1028.1606    33.9976    33.9967    8.39957         28 0.0000e+00
    168.000    166.195    -1.5253  27.090218    -1.5250  27.089755     6.3489     6.6496     0.1228    96.0950 1.0000e-12  -74.04190 -111.70304  25.471204      99.91 6.1384e+01    534.984      12841  1028.1678  1028.1669    33.9995    33.9985    8.39937         28 0.0000e+00
    169.000    167.184    -1.5274  27.090123    -1.5271  27.089694     6.3588     6.6457     0.1935    96.1085 1.0000e-12  -74.04190 -111.70306  25.471217      99.91 6.1769e+01    536.160      12869  1028.1740  1028.1733    34.0011    34.0002    8.39975         28 0.0000e+00
    170.000    168.172    -1.5288  27.089570    -1.5284  27.089130     6.3523     6.6433     0.5867    96.0413 1.0000e-12  -74.04190 -111.70306  25.471230      99.91 6.1640e+01    537.295      12896  1028.1791  1028.1782    34.0013    34.0003    8.40005         28 0.0000e+00
    171.000    169.161    -1.5308  27.088569    -1.5305  27.088046     6.3552     6.6459     0.1342    96.0819 1.0000e-12  -74.04190 -111.70306  25.471244      99.92 6.2479e+01    538.483      12925  1028.1843  1028.1833    34.0016    34.0005    8.40049         29 0.0000e+00
    172.000    170.151    -1.5313  27.088705    -1.5308  27.088227     6.3667     6.6580     0.1769    96.1834 1.0000e-12  -74.04190 -111.70306  25.471258      92.59 6.3017e+01    539.673      12953  1028.1892  1028.1882    34.0017    34.0005    8.40059         28 0.0000e+00
    173.000    171.138    -1.5313  27.089535    -1.5310  27.088980     6.3822     6.6597     0.1125    96.2725 1.0000e-12  -74.04190 -111.70306  25.471271      97.08 6.1570e+01    540.809      12980  1028.1944  1028.1935    34.0023    34.0012    8.40057         26 0.0000e+00
    174.000    172.128    -1.5311  27.090942    -1.5306  27.090490     6.3968     6.6732     0.1210    96.2068 1.0000e-12  -74.04190 -111.70306  25.471284      99.91 6.2769e+01    541.935      13007  1028.2000  1028.1991    34.0033    34.0022    8.40045         28 0.0000e+00
    175.000    173.116    -1.5283  27.095490    -1.5279  27.095069     6.4115     6.6905     0.0730    96.2132 1.0000e-12  -74.04190 -111.70306  25.471298      99.91 6.3151e+01    543.108      13036  1028.2067  1028.2058    34.0058    34.0048    8.39968         28 0.0000e+00
