ocean_section_plots/required_files/ctd/dnbp2202_ctd144.cnv
* Sea-Bird SBE 9 Data File:
* FileName = D:\Data\raw\NBP2202_CTD144.hex
* Software Version Seasave V 7.26.7.121
* Temperature SN = 1649
* Conductivity SN = 2513
* Number of Bytes Per Scan = 40
* Number of Voltage Words = 5
* Number of Scans Averaged by the Deck Unit = 1
* NMEA Latitude = 74 06.98 S
* NMEA Longitude = 113 02.82 W
* NMEA UTC (Time) = Jan 30 2022  08:13:06
* NMEA baud rate = 9600
** Ship: RVIB N.B. Palmer
** Cruise: NBP2202 Thwaites
** Station: 72
** Operator: B. Bjork
# nquan = 28
# nvalues = 660                         
# units = specified
# name 0 = prDM: Pressure, Digiquartz [db]
# name 1 = depSM: Depth [salt water, m]
# name 2 = t090C: Temperature [ITS-90, deg C]
# name 3 = c0mS/cm: Conductivity [mS/cm]
# name 4 = t190C: Temperature, 2 [ITS-90, deg C]
# name 5 = c1mS/cm: Conductivity, 2 [mS/cm]
# name 6 = sbeox0ML/L: Oxygen, SBE 43 [ml/l]
# name 7 = sbeox1ML/L: Oxygen, SBE 43, 2 [ml/l]
# name 8 = flECO-AFL: Fluorescence, WET Labs ECO-AFL/FL [mg/m^3]
# name 9 = CStarTr0: Beam Transmission, WET Labs C-Star [%]
# name 10 = par: PAR/Irradiance, Biospherical/Licor
# name 11 = latitude: Latitude [deg]
# name 12 = longitude: Longitude [deg]
# name 13 = timeJ: Julian Days
# name 14 = altM: Altimeter [m]
# name 15 = spar: SPAR, Biospherical/Licor
# name 16 = timeS: Time, Elapsed [seconds]
# name 17 = scan: Scan Count
# name 18 = density00: Density [density, kg/m^3]
# name 19 = density11: Density, 2 [density, kg/m^3]
# name 20 = v3: Voltage 3
# name 21 = v4: Voltage 4
# name 22 = v5: Voltage 5
# name 23 = sal00: Salinity, Practical [PSU]
# name 24 = sal11: Salinity, Practical, 2 [PSU]
# name 25 = oxsolML/L: Oxygen Saturation, Garcia & Gordon [ml/l]
# name 26 = nbin: number of scans per bin
# name 27 = flag: flag
# span 0 =      2.000,    661.000       
# span 1 =      1.981,    653.113       
# span 2 =    -1.5337,     0.2765       
# span 3 =  27.060490,  29.156841       
# span 4 =    -1.5329,     0.2776       
# span 5 =  27.061114,  29.155309       
# span 6 =     4.6432,     8.4780       
# span 7 =     4.7285,     8.5937       
# span 8 =    -0.0196,    26.9641       
# span 9 =    67.2385,    93.3049       
# span 10 = -3.405e-04, 9.2894e+00      
# span 11 =  -74.11640,  -74.11640      
# span 12 = -113.04704, -113.04700      
# span 13 =  30.344624,  30.354516      
# span 14 =       2.47,     106.56      
# span 15 = 3.1768e+01, 4.5765e+01      
# span 16 =    189.531,   1044.203      
# span 17 =       4550,      25062      
# span 18 =  1027.1840,  1030.7718      
# span 19 =  1027.1841,  1030.7692      
# span 20 =     3.1903,     4.4263      
# span 21 =     0.0634,     4.0014      
# span 22 =     0.1175,     0.2537      
# span 23 =    33.7912,    34.4508      
# span 24 =    33.7899,    34.4475      
# span 25 =    7.98334,    8.40305      
# span 26 =         13,         49      
# span 27 = 0.0000e+00, 0.0000e+00      
# interval = decibars: 1                
# start_time = Jan 30 2022 08:13:06 [NMEA time, header]
# bad_flag = -9.990e-29
*END*
      2.000      1.981    -1.0009  27.296430    -1.0081  27.290116     8.4037     8.0731    24.0225    71.1203 9.2894e+00  -74.11640 -113.04702  30.344624     106.56 3.2434e+01    189.531       4550  1027.1840  1027.1841     3.3731     3.2738     0.2108    33.7921    33.7917    8.29447         13 0.0000e+00
      3.000      2.968    -1.0109  27.288529    -1.0109  27.288150     8.4114     8.0659    22.2142    68.9585 6.7668e+00  -74.11640 -113.04702  30.344702      88.90 3.2733e+01    196.289       4712  1027.1893  1027.1888     3.2727     3.6319     0.2387    33.7920    33.7915    8.29669         37 0.0000e+00
      4.000      3.958    -0.9993  27.298647    -0.9990  27.298293     8.4059     8.0785    22.1143    69.5126 4.7424e+00  -74.11640 -113.04702  30.344731      99.58 3.1768e+01    198.790       4772  1027.1935  1027.1928     3.2980     3.3165     0.1942    33.7922    33.7914    8.29412         42 0.0000e+00
      5.000      4.948    -1.0074  27.292280    -1.0053  27.293673     8.4002     8.1179    22.3068    69.8739 3.2653e+00  -74.11640 -113.04702  30.344757      99.98 3.3438e+01    200.965       4824  1027.1987  1027.1982     3.3156     3.7138     0.2374    33.7920    33.7916    8.29593         44 0.0000e+00
      6.000      5.938    -1.0067  27.293331    -1.0064  27.293094     8.4304     8.1917    21.3822    69.8387 2.2843e+00  -74.11640 -113.04702  30.344781      99.97 3.3495e+01    203.065       4875  1027.2035  1027.2028     3.3136     3.9594     0.2078    33.7920    33.7913    8.29577         46 0.0000e+00
      7.000      6.927    -0.9962  27.302530    -0.9973  27.301067     8.4780     8.2672    20.6104    69.5655 1.6442e+00  -74.11640 -113.04702  30.344805      99.97 3.3495e+01    205.141       4924  1027.2076  1027.2071     3.3005     3.7578     0.2204    33.7921    33.7914    8.29343         39 0.0000e+00
      8.000      7.917    -0.9919  27.305961    -1.0043  27.295601     8.4660     8.3511    23.5515    69.4358 1.1739e+00  -74.11640 -113.04702  30.344827      99.97 3.3495e+01    207.080       4971  1027.2117  1027.2122     3.2945     3.7756     0.2232    33.7914    33.7911    8.29254         44 0.0000e+00
      9.000      8.906    -1.0018  27.298323    -1.0018  27.297688     8.4503     8.4084    26.7409    70.1652 8.5015e-01  -74.11640 -113.04702  30.344851      83.44 3.4042e+01    209.093       5019  1027.2172  1027.2163     3.3291     4.0014     0.2133    33.7914    33.7905    8.29471         32 0.0000e+00
     10.000      9.896    -1.0031  27.297619    -1.0021  27.297810     8.4514     8.4627    25.6457    69.4643 6.0586e-01  -74.11640 -113.04702  30.344874      99.28 3.4908e+01    211.076       5067  1027.2219  1027.2211     3.2957     3.7694     0.2276    33.7913    33.7904    8.29501         40 0.0000e+00
     11.000     10.886    -1.0017  27.299309    -0.9977  27.301552     8.4387     8.4981    23.8326    69.1395 4.3100e-01  -74.11640 -113.04702  30.344897      99.98 3.5261e+01    213.067       5115  1027.2267  1027.2252     3.2804     3.7099     0.2481    33.7914    33.7899    8.29469         42 0.0000e+00
     12.000     11.876    -1.0044  27.297466    -1.0040  27.297342     8.4383     8.5285    23.9029    69.7378 3.0414e-01  -74.11640 -113.04702  30.344920      99.97 3.5258e+01    215.072       5163  1027.2316  1027.2311     3.3083     3.6021     0.2088    33.7913    33.7907    8.29530         41 0.0000e+00
     13.000     12.865    -1.0041  27.298134    -1.0028  27.298401     8.4335     8.5543    25.0390    68.4567 2.1221e-01  -74.11640 -113.04702  30.344943      99.97 3.5299e+01    217.069       5211  1027.2363  1027.2354     3.2481     3.5223     0.2332    33.7912    33.7902    8.29523         45 0.0000e+00
     14.000     13.855    -0.9931  27.308490    -0.9922  27.308260     8.4208     8.5634    24.7738    70.2512 1.4504e-01  -74.11640 -113.04701  30.344966      99.97 3.5660e+01    219.044       5258  1027.2414  1027.2402     3.3331     3.5679     0.2194    33.7924    33.7910    8.29274         44 0.0000e+00
     15.000     14.844    -0.9961  27.306041    -0.9961  27.305636     8.3757     8.5381    24.2411    69.9538 9.3719e-02  -74.11640 -113.04701  30.344989      99.98 3.5987e+01    221.008       5305  1027.2459  1027.2455     3.3192     3.4676     0.2077    33.7917    33.7913    8.29343         46 0.0000e+00
     16.000     15.833    -1.0218  27.285420    -1.0185  27.288144     8.3857     8.5354    25.6986    68.7868 5.7790e-02  -74.11640 -113.04701  30.345012      98.01 3.5836e+01    223.019       5353  1027.2525  1027.2523     3.2637     3.8040     0.2457    33.7920    33.7919    8.29911         46 0.0000e+00
     17.000     16.825    -1.0157  27.290431    -1.0190  27.287013     8.3973     8.5562    24.2371    69.2656 2.9273e-02  -74.11640 -113.04701  30.345035      99.99 3.6857e+01    224.988       5401  1027.2563  1027.2557     3.2866     3.4756     0.2200    33.7914    33.7904    8.29780         42 0.0000e+00
     18.000     17.811    -1.0210  27.286745    -1.0213  27.286057     8.3839     8.5513    23.2228    69.9169 7.4894e-03  -74.11640 -113.04701  30.345057      99.98 3.6737e+01    226.933       5447  1027.2616  1027.2611     3.3171     3.6054     0.2113    33.7916    33.7910    8.29894         38 0.0000e+00
     19.000     18.803    -1.0255  27.283911    -1.0254  27.283417     8.3713     8.5598    23.8472    70.5139 -3.405e-04  -74.11640 -113.04701  30.345080      99.98 3.6615e+01    228.955       5496  1027.2671  1027.2664     3.3456     3.5183     0.2063    33.7923    33.7914    8.29992         45 0.0000e+00
     20.000     19.791    -1.0295  27.281206    -1.0236  27.285102     8.3541     8.5460    21.3984    69.7866 1.0000e-12  -74.11640 -113.04701  30.345104      99.97 3.7031e+01    230.961       5544  1027.2722  1027.2708     3.3110     3.5495     0.2377    33.7925    33.7911    8.30079         38 0.0000e+00
     21.000     20.781    -1.0332  27.278764    -1.0286  27.281952     8.3405     8.5331    21.9153    69.3038 1.0000e-12  -74.11640 -113.04701  30.345127      99.98 3.7021e+01    232.929       5591  1027.2773  1027.2763     3.2880     3.1910     0.2255    33.7926    33.7917    8.30158         38 0.0000e+00
     22.000     21.771    -1.0373  27.276285    -1.0376  27.275427     8.3505     8.5382    22.5676    69.4933 1.0000e-12  -74.11640 -113.04701  30.345149      95.23 3.7021e+01    234.903       5639  1027.2827  1027.2821     3.2972     3.3291     0.2173    33.7932    33.7924    8.30245         43 0.0000e+00
     23.000     22.762    -1.0322  27.280801    -1.0339  27.278724     8.3725     8.5596    23.0888    70.1853 1.0000e-12  -74.11640 -113.04701  30.345173      98.63 3.7021e+01    236.908       5687  1027.2870  1027.2863     3.3304     3.5697     0.2235    33.7931    33.7921    8.30135         37 0.0000e+00
     24.000     23.750    -1.0260  27.286188    -1.0264  27.284897     8.3717     8.5716    22.5414    71.4643 1.0000e-12  -74.11640 -113.04701  30.345196      99.96 3.7021e+01    238.892       5734  1027.2911  1027.2901     3.3903     3.3912     0.2279    33.7928    33.7915    8.29998         42 0.0000e+00
     25.000     24.739    -1.0304  27.283124    -1.0287  27.283651     8.3811     8.5704    22.6117    69.7948 1.0000e-12  -74.11640 -113.04702  30.345218      99.98 3.7021e+01    240.856       5782  1027.2964  1027.2953     3.3114     3.5466     0.2184    33.7930    33.7918    8.30096         38 0.0000e+00
     26.000     25.728    -1.0295  27.284425    -1.0278  27.284928     8.3697     8.5698    22.0504    69.7032 1.0000e-12  -74.11640 -113.04702  30.345241      99.98 3.7021e+01    242.824       5829  1027.3012  1027.3001     3.3074     3.2912     0.2084    33.7931    33.7918    8.30075         39 0.0000e+00
     27.000     26.720    -1.0303  27.284165    -1.0299  27.283874     8.3342     8.5574    23.9255    70.3508 1.0000e-12  -74.11640 -113.04702  30.345264      99.98 3.7021e+01    244.794       5876  1027.3060  1027.3052     3.3379     3.6385     0.2107    33.7930    33.7921    8.30093         39 0.0000e+00
     28.000     27.708    -1.0393  27.277862    -1.0379  27.278360     8.3386     8.5617    24.7179    70.2433 1.0000e-12  -74.11640 -113.04702  30.345287      99.98 3.7021e+01    246.784       5924  1027.3121  1027.3112     3.3325     3.2590     0.2112    33.7939    33.7930    8.30287         46 0.0000e+00
     29.000     28.697    -1.0342  27.282527    -1.0341  27.281387     8.3568     8.5824    25.8496    69.3409 1.0000e-12  -74.11640 -113.04702  30.345310      95.09 3.7021e+01    248.787       5972  1027.3164  1027.3151     3.2903     3.3557     0.2197    33.7939    33.7922    8.30174         49 0.0000e+00
     30.000     29.688    -1.0281  27.287408    -1.0264  27.287733     8.3841     8.5937    22.8865    69.3930 1.0000e-12  -74.11640 -113.04702  30.345333      99.79 3.7021e+01    250.755       6019  1027.3202  1027.3189     3.2925     3.5369     0.2200    33.7931    33.7916    8.30044         37 0.0000e+00
     31.000     30.678    -1.0266  27.288881    -1.0249  27.289499     8.3698     8.5911    21.5485    69.9117 1.0000e-12  -74.11640 -113.04702  30.345355      99.99 3.7021e+01    252.706       6066  1027.3247  1027.3237     3.3174     3.2209     0.2112    33.7928    33.7917    8.30012         40 0.0000e+00
     32.000     31.666    -1.0309  27.286273    -1.0290  27.286816     8.3499     8.5770    21.6513    69.9261 1.0000e-12  -74.11640 -113.04702  30.345379      99.98 3.7021e+01    254.721       6114  1027.3303  1027.3291     3.3178     3.3792     0.2374    33.7934    33.7920    8.30104         43 0.0000e+00
     33.000     32.656    -1.0348  27.283789    -1.0335  27.284158     8.3489     8.5574    22.3071    70.5996 1.0000e-12  -74.11640 -113.04702  30.345402      99.98 3.7021e+01    256.719       6162  1027.3356  1027.3348     3.3497     3.4467     0.2204    33.7938    33.7928    8.30187         45 0.0000e+00
     34.000     33.646    -1.0349  27.284216    -1.0364  27.282311     8.3405     8.5507    21.4117    70.6623 1.0000e-12  -74.11640 -113.04702  30.345424      99.99 3.6288e+01    258.662       6209  1027.3405  1027.3399     3.3525     3.1441     0.2359    33.7939    33.7930    8.30189         37 0.0000e+00
     35.000     34.634    -1.0372  27.282808    -1.0371  27.282368     8.3213     8.5450    23.7364    69.9196 1.0000e-12  -74.11640 -113.04702  30.345447      99.97 3.7149e+01    260.625       6256  1027.3454  1027.3449     3.3176     3.6322     0.2434    33.7939    33.7932    8.30239         45 0.0000e+00
     36.000     35.624    -1.0451  27.277521    -1.0435  27.277980     8.3155     8.5339    26.6792    70.5425 1.0000e-12  -74.11640 -113.04702  30.345470      99.29 3.7908e+01    262.603       6303  1027.3516  1027.3505     3.3468     3.3413     0.2115    33.7950    33.7938    8.30408         46 0.0000e+00
     37.000     36.614    -1.0417  27.280532    -1.0395  27.281293     8.2905     8.5072    24.2847    70.0023 1.0000e-12  -74.11640 -113.04702  30.345493      99.96 3.7331e+01    264.583       6351  1027.3558  1027.3546     3.3216     3.1405     0.2049    33.7946    33.7932    8.30335         37 0.0000e+00
     38.000     37.603    -1.0554  27.270445    -1.0591  27.267765     8.2730     8.4994    23.6680    69.5287 1.0000e-12  -74.11640 -113.04702  30.345516      99.98 3.7574e+01    266.550       6398  1027.3623  1027.3629     3.2987     3.1026     0.2113    33.7957    33.7962    8.30633         45 0.0000e+00
     39.000     38.593    -1.0509  27.274719    -1.0496  27.274691     8.3019     8.5211    25.8261    69.5533 1.0000e-12  -74.11640 -113.04702  30.345539      99.97 3.7884e+01    268.536       6446  1027.3667  1027.3655     3.3001     3.7250     0.2282    33.7958    33.7943    8.30532         41 0.0000e+00
     40.000     39.583    -1.0435  27.280956    -1.0439  27.279555     8.3330     8.5505    25.2921    70.3404 1.0000e-12  -74.11640 -113.04702  30.345562      99.98 3.7841e+01    270.534       6494  1027.3707  1027.3695     3.3374     3.6039     0.1993    33.7953    33.7939    8.30370         43 0.0000e+00
     41.000     40.571    -1.0387  27.284960    -1.0364  27.285661     8.3261     8.5498    24.0295    71.0628 1.0000e-12  -74.11640 -113.04702  30.345584      99.98 3.7314e+01    272.477       6540  1027.3748  1027.3733     3.3717     3.3678     0.2537    33.7948    33.7932    8.30268         39 0.0000e+00
     42.000     41.561    -1.0435  27.281777    -1.0395  27.283917     8.3104     8.5370    24.8659    70.4715 1.0000e-12  -74.11640 -113.04702  30.345607      99.11 3.8328e+01    274.432       6587  1027.3803  1027.3788     3.3435     3.3935     0.2025    33.7953    33.7937    8.30371         46 0.0000e+00
     43.000     42.551    -1.0427  27.282763    -1.0425  27.282065     8.2788     8.5187    24.0172    70.8109 1.0000e-12  -74.11640 -113.04702  30.345630      99.86 3.8306e+01    276.449       6636  1027.3848  1027.3840     3.3596     3.3119     0.1987    33.7951    33.7939    8.30355         37 0.0000e+00
     44.000     43.541    -1.0538  27.274910    -1.0499  27.277390     8.2439     8.4771    24.8069    71.2232 1.0000e-12  -74.11640 -113.04702  30.345653      99.98 3.7541e+01    278.406       6683  1027.3912  1027.3903     3.3792     3.2095     0.2330    33.7962    33.7953    8.30593         43 0.0000e+00
     45.000     44.530    -1.0600  27.270670    -1.0608  27.269500     8.1745     8.3798    23.2820    71.2819 1.0000e-12  -74.11640 -113.04702  30.345675      99.98 3.8770e+01    280.360       6730  1027.3969  1027.3965     3.3820     2.9853     0.2170    33.7968    33.7962    8.30728         45 0.0000e+00
     46.000     45.519    -1.0814  27.255792    -1.0892  27.250158     8.0177     8.2230    23.2657    69.5269 1.0000e-12  -74.11640 -113.04702  30.345698      99.98 3.8783e+01    282.343       6777  1027.4054  1027.4070     3.2986     3.4815     0.2338    33.8000    33.8011    8.31183         40 0.0000e+00
     47.000     46.509    -1.1204  27.226514    -1.1276  27.221632     7.9069     8.1509    21.1630    70.6034 1.0000e-12  -74.11640 -113.04702  30.345722      99.99 3.7734e+01    284.348       6825  1027.4152  1027.4167     3.3498     3.1051     0.2057    33.8033    33.8047    8.32030         42 0.0000e+00
     48.000     47.499    -1.1367  27.215788    -1.1357  27.215957     7.9767     8.1810    26.9641    70.0290 1.0000e-12  -74.11640 -113.04702  30.345744      99.98 3.8584e+01    286.317       6873  1027.4232  1027.4223     3.3225     3.1316     0.2133    33.8065    33.8056    8.32374         44 0.0000e+00
     49.000     48.488    -1.1018  27.241817    -1.1140  27.232030     8.1184     8.3134    23.5370    70.2655 1.0000e-12  -74.11640 -113.04702  30.345767      99.27 3.8465e+01    288.278       6920  1027.4218  1027.4228     3.3339     2.9385     0.2079    33.8020    33.8025    8.31625         38 0.0000e+00
     50.000     49.477    -1.0914  27.250746    -1.0858  27.252691     8.2471     8.4339    23.6251    71.2405 1.0000e-12  -74.11640 -113.04702  30.345790      99.94 3.7704e+01    290.235       6967  1027.4256  1027.4224     3.3796     3.5484     0.2291    33.8019    33.7982    8.31394         37 0.0000e+00
     51.000     50.467    -1.0619  27.272583    -1.0589  27.274039     8.2529     8.4576    20.5039    71.2869 1.0000e-12  -74.11640 -113.04702  30.345813      99.98 3.8503e+01    292.207       7014  1027.4255  1027.4241     3.3821     3.4513     0.2245    33.7979    33.7964    8.30765         42 0.0000e+00
     52.000     51.455    -1.0560  27.278152    -1.0515  27.279504     8.0587     8.3311    22.7318    70.1369 1.0000e-12  -74.11640 -113.04702  30.345836      99.95 3.8190e+01    294.200       7062  1027.4303  1027.4274     3.3287     3.0494     0.2312    33.7982    33.7949    8.30632         42 0.0000e+00
