ocean_section_plots/required_files/ctd/dnbp2202_ctd171.cnv
* Sea-Bird SBE 9 Data File:
* FileName = D:\Data\raw\NBP2202_CTD171.hex
* Software Version Seasave V 7.26.7.121
* Temperature SN = 1649
* Conductivity SN = 2513
* Number of Bytes Per Scan = 40
* Number of Voltage Words = 5
* Number of Scans Averaged by the Deck Unit = 1
* NMEA Latitude = 74 09.75 S
* NMEA Longitude = 110 30.68 W
* NMEA UTC (Time) = Feb 03 2022  14:25:53
* NMEA baud rate = 9600
** Ship: RVIB N.B. Palmer
** Cruise: NBP2202 Thwaites
** Station: 93
** Operator: B Bjork
# nquan = 28
# nvalues = 509                         
# units = specified
# name 0 = prDM: Pressure, Digiquartz [db]
# name 1 = depSM: Depth [salt water, m]
# name 2 = t090C: Temperature [ITS-90, deg C]
# name 3 = c0mS/cm: Conductivity [mS/cm]
# name 4 = t190C: Temperature, 2 [ITS-90, deg C]
# name 5 = c1mS/cm: Conductivity, 2 [mS/cm]
# name 6 = sbeox0ML/L: Oxygen, SBE 43 [ml/l]
# name 7 = sbeox1ML/L: Oxygen, SBE 43, 2 [ml/l]
# name 8 = flECO-AFL: Fluorescence, WET Labs ECO-AFL/FL [mg/m^3]
# name 9 = CStarTr0: Beam Transmission, WET Labs C-Star [%]
# name 10 = par: PAR/Irradiance, Biospherical/Licor
# name 11 = latitude: Latitude [deg]
# name 12 = longitude: Longitude [deg]
# name 13 = timeJ: Julian Days
# name 14 = altM: Altimeter [m]
# name 15 = spar: SPAR, Biospherical/Licor
# name 16 = timeS: Time, Elapsed [seconds]
# name 17 = scan: Scan Count
# name 18 = density00: Density [density, kg/m^3]
# name 19 = density11: Density, 2 [density, kg/m^3]
# name 20 = v3: Voltage 3
# name 21 = v4: Voltage 4
# name 22 = v5: Voltage 5
# name 23 = sal00: Salinity, Practical [PSU]
# name 24 = sal11: Salinity, Practical, 2 [PSU]
# name 25 = oxsolML/L: Oxygen Saturation, Garcia & Gordon [ml/l]
# name 26 = nbin: number of scans per bin
# name 27 = flag: flag
# span 0 =      1.000,    509.000       
# span 1 =      0.987,    503.114       
# span 2 =    -1.4314,    -0.8821       
# span 3 =  26.943780,  27.892461       
# span 4 =    -1.4296,    -0.8798       
# span 5 =  26.944044,  27.892345       
# span 6 =     5.5496,     6.2778       
# span 7 =     5.6831,     6.2993       
# span 8 =    -0.0235,     2.4071       
# span 9 =    86.6934,    98.7418       
# span 10 = 1.0000e-12, 1.2219e+02      
# span 11 =  -74.16265,  -74.16264      
# span 12 = -110.51140, -110.51136      
# span 13 =  34.604344,  34.611702      
# span 14 =       4.00,     125.92      
# span 15 = 1.6283e+03, 1.6493e+03      
# span 16 =    262.376,    898.039      
# span 17 =       6298,      21554      
# span 18 =  1027.1960,  1029.9195      
# span 19 =  1027.1939,  1029.9177      
# span 20 =     4.1128,     4.6842      
# span 21 =     0.0629,     0.4105      
# span 22 =     0.1245,     0.1457      
# span 23 =    33.7936,    34.1844      
# span 24 =    33.7919,    34.1817      
# span 25 =    8.24539,    8.39047      
# span 26 =          7,         51      
# span 27 = 0.0000e+00, 0.0000e+00      
# interval = decibars: 1                
# start_time = Feb 03 2022 14:25:53 [NMEA time, header]
# bad_flag = -9.990e-29
*END*
[from data line 156]
    157.000    155.317    -1.2479  27.313388    -1.2463  27.313052     5.6513     5.7864    -0.0151    98.4582 2.9664e-02  -74.16264 -110.51136  34.607067      99.97 1.6404e+03    497.552      11942  1028.1036  1028.1017     4.6707     0.0694     0.1352    33.9980    33.9958    8.33719         23 0.0000e+00
    158.000    156.305    -1.2479  27.313615    -1.2465  27.313396     5.6568     5.7854    -0.0150    98.4517 2.5798e-02  -74.16264 -110.51136  34.607078      99.97 1.6414e+03    498.522      11966  1028.1082  1028.1065     4.6703     0.0718     0.1333    33.9978    33.9958    8.33721         24 0.0000e+00
    159.000    157.293    -1.2488  27.313891    -1.2472  27.313618     5.6594     5.7981    -0.0150    98.4203 2.2207e-02  -74.16264 -110.51136  34.607089      99.97 1.6415e+03    499.527      11990  1028.1136  1028.1118     4.6689     0.0700     0.1327    33.9985    33.9963    8.33735         24 0.0000e+00
    160.000    158.282    -1.2493  27.314130    -1.2477  27.313831     5.6707     5.8032    -0.0150    98.4396 1.9125e-02  -74.16264 -110.51136  34.607101      99.97 1.6406e+03    500.506      12013  1028.1188  1028.1169     4.6697     0.0755     0.1348    33.9988    33.9966    8.33746         24 0.0000e+00
    161.000    159.273    -1.2515  27.313719    -1.2500  27.313320     5.6824     5.8033    -0.0104    98.4524 1.5696e-02  -74.16264 -110.51136  34.607112      99.97 1.6418e+03    501.468      12036  1028.1248  1028.1229     4.6704     0.0730     0.1318    34.0001    33.9978    8.33787         23 0.0000e+00
    162.000    160.261    -1.2515  27.315084    -1.2501  27.314761     5.6905     5.8176    -0.0115    98.4596 1.2482e-02  -74.16264 -110.51136  34.607123      99.97 1.6414e+03    502.462      12060  1028.1306  1028.1288     4.6708     0.0705     0.1349    34.0014    33.9993    8.33780         23 0.0000e+00
    163.000    161.250    -1.2504  27.318161    -1.2487  27.318018     5.6998     5.8315    -0.0150    98.4711 9.3672e-03  -74.16264 -110.51136  34.607135      99.97 1.6404e+03    503.445      12084  1028.1373  1028.1355     4.6713     0.0714     0.1340    34.0037    34.0016    8.33742         24 0.0000e+00
    164.000    162.239    -1.2509  27.319255    -1.2491  27.319146     5.7141     5.8454     0.0070    98.4840 6.3887e-03  -74.16264 -110.51136  34.607146      99.97 1.6410e+03    504.406      12107  1028.1432  1028.1414     4.6719     0.0708     0.1324    34.0051    34.0030    8.33743         23 0.0000e+00
    165.000    163.227    -1.2568  27.315235    -1.2561  27.314395     5.7339     5.8544     0.0621    98.4709 3.7641e-03  -74.16264 -110.51136  34.607157      99.97 1.6406e+03    505.399      12131  1028.1489  1028.1473     4.6714     0.0708     0.1323    34.0057    34.0037    8.33872         24 0.0000e+00
    166.000    164.216    -1.2597  27.314001    -1.2582  27.313769     5.7442     5.8704    -0.0012    98.5042 2.7255e-03  -74.16264 -110.51136  34.607169      94.91 1.6406e+03    506.394      12154  1028.1546  1028.1529     4.6729     0.0722     0.1310    34.0066    34.0046    8.33930         24 0.0000e+00
    167.000    165.206    -1.2675  27.308937    -1.2662  27.308565     5.7453     5.8745    -0.0148    98.5363 4.0675e-05  -74.16264 -110.51136  34.607180      99.89 1.6407e+03    507.360      12178  1028.1609  1028.1593     4.6744     0.0711     0.1296    34.0080    34.0060    8.34097         23 0.0000e+00
    168.000    166.193    -1.2711  27.306776    -1.2697  27.306439     5.7688     5.8883    -0.0150    98.5235 1.0000e-12  -74.16264 -110.51136  34.607192      99.97 1.6413e+03    508.354      12201  1028.1663  1028.1646     4.6738     0.0704     0.1284    34.0084    34.0064    8.34174         24 0.0000e+00
    169.000    167.182    -1.2760  27.303047    -1.2746  27.302949     5.7781     5.9007    -0.0150    98.5354 1.0000e-12  -74.16264 -110.51136  34.607203      99.97 1.6411e+03    509.357      12226  1028.1712  1028.1697     4.6743     0.0696     0.1290    34.0083    34.0065    8.34285         24 0.0000e+00
    170.000    168.172    -1.2819  27.299308    -1.2806  27.298952     5.7854     5.9155    -0.0100    98.5568 1.0000e-12  -74.16264 -110.51136  34.607214      99.97 1.6408e+03    510.325      12249  1028.1771  1028.1756     4.6754     0.0692     0.1283    34.0092    34.0073    8.34411         23 0.0000e+00
    171.000    169.160    -1.2867  27.298701    -1.2862  27.297294     5.7682     5.9140    -0.0169    98.5622 1.0000e-12  -74.16264 -110.51136  34.607226      99.97 1.6423e+03    511.311      12272  1028.1854  1028.1834     4.6756     0.0700     0.1293    34.0132    34.0108    8.34495         24 0.0000e+00
    172.000    170.150    -1.2755  27.309936    -1.2739  27.309726     5.7328     5.8818    -0.0117    98.5996 1.0000e-12  -74.16264 -110.51136  34.607237      99.97 1.6413e+03    512.310      12296  1028.1910  1028.1893     4.6774     0.0704     0.1278    34.0153    34.0132    8.34232         24 0.0000e+00
    173.000    171.137    -1.2632  27.323032    -1.2621  27.321560     5.7113     5.8538    -0.0034    98.6017 1.0000e-12  -74.16264 -110.51136  34.607249      99.97 1.6408e+03    513.275      12320  1028.1978  1028.1950     4.6775     0.0726     0.1271    34.0187    34.0154    8.33938         23 0.0000e+00
    174.000    172.128    -1.2226  27.361241    -1.2215  27.360275     5.6971     5.8382    -0.0077    98.6139 1.0000e-12  -74.16264 -110.51136  34.607260      99.97 1.6401e+03    514.242      12343  1028.2045  1028.2023     4.6781     0.0710     0.1288    34.0244    34.0217    8.33000         23 0.0000e+00
    175.000    173.116    -1.2205  27.363540    -1.2181  27.363758     5.6932     5.8344    -0.0058    98.6454 1.0000e-12  -74.16264 -110.51136  34.607271      99.97 1.6408e+03    515.248      12367  1028.2094  1028.2073     4.6795     0.0716     0.1289    34.0245    34.0221    8.32952         24 0.0000e+00
    176.000    174.103    -1.2194  27.365045    -1.2177  27.364721     5.6873     5.8313     0.0071    98.6408 1.0000e-12  -74.16264 -110.51136  34.607283      99.97 1.6404e+03    516.225      12390  1028.2144  1028.2124     4.6794     0.0688     0.1326    34.0247    34.0224    8.32926         23 0.0000e+00
    177.000    175.094    -1.2192  27.365321    -1.2179  27.364921     5.6869     5.8267    -0.0147    98.5022 1.0000e-12  -74.16264 -110.51136  34.607294      99.97 1.6410e+03    517.207      12414  1028.2190  1028.2172     4.6728     0.0703     0.1301    34.0243    34.0222    8.32925         25 0.0000e+00
    178.000    176.082    -1.2175  27.367363    -1.2164  27.366540     5.6960     5.8313    -0.0084    98.6085 1.0000e-12  -74.16264 -110.51136  34.607306      99.97 1.6424e+03    518.221      12438  1028.2239  1028.2220     4.6778     0.0706     0.1296    34.0245    34.0222    8.32885         24 0.0000e+00
    179.000    177.069    -1.2163  27.368912    -1.2151  27.368177     5.6952     5.8313    -0.0077    98.5961 1.0000e-12  -74.16264 -110.51136  34.607317      88.02 1.6419e+03    519.209      12462  1028.2289  1028.2269     4.6773     0.0683     0.1294    34.0246    34.0223    8.32858         23 0.0000e+00
    180.000    178.059    -1.2171  27.368566    -1.2148  27.368938     5.6897     5.8317    -0.0077    98.5206 1.0000e-12  -74.16264 -110.51136  34.607328      99.92 1.6430e+03    520.184      12485  1028.2336  1028.2318     4.6737     0.0779     0.1302    34.0245    34.0223    8.32877         24 0.0000e+00
    181.000    179.051    -1.2148  27.371288    -1.2132  27.371022     5.6917     5.8370    -0.0123    98.5915 1.0000e-12  -74.16264 -110.51136  34.607340      99.97 1.6426e+03    521.193      12510  1028.2387  1028.2369     4.6770     0.0696     0.1296    34.0249    34.0227    8.32822         24 0.0000e+00
    182.000    180.036    -1.2136  27.372947    -1.2120  27.372590     5.6851     5.8248    -0.0115    98.5928 1.0000e-12  -74.16264 -110.51136  34.607352      99.96 1.6432e+03    522.180      12533  1028.2438  1028.2418     4.6770     0.0728     0.1308    34.0252    34.0229    8.32794         23 0.0000e+00
    183.000    181.027    -1.2120  27.375165    -1.2106  27.374458     5.6718     5.8103    -0.0077    98.5858 1.0000e-12  -74.16264 -110.51136  34.607363      99.97 1.6434e+03    523.143      12556  1028.2490  1028.2469     4.6768     0.0696     0.1305    34.0259    34.0233    8.32755         24 0.0000e+00
    184.000    182.011    -1.2071  27.380758    -1.2051  27.380648     5.6741     5.8114    -0.0100    98.5684 1.0000e-12  -74.16264 -110.51138  34.607374      99.97 1.6451e+03    524.142      12580  1028.2547  1028.2526     4.6759     0.0709     0.1391    34.0273    34.0248    8.32637         25 0.0000e+00
    185.000    183.007    -1.2010  27.386804    -1.1998  27.386081     5.6770     5.8100    -0.0028    98.5826 1.0000e-12  -74.16264 -110.51136  34.607386      99.97 1.6450e+03    525.131      12604  1028.2597  1028.2578     4.6766     0.0696     0.1324    34.0280    34.0257    8.32496         22 0.0000e+00
    186.000    183.992    -1.1966  27.391526    -1.1963  27.389818     5.6759     5.8059     0.0587    98.5399 1.0000e-12  -74.16264 -110.51138  34.607397      99.97 1.6433e+03    526.097      12627  1028.2650  1028.2629     4.6746     0.0692     0.1339    34.0289    34.0262    8.32393         24 0.0000e+00
    187.000    184.981    -1.1956  27.393003    -1.1941  27.392690     5.6789     5.8122    -0.0214    98.5649 1.0000e-12  -74.16264 -110.51136  34.607408      99.97 1.6437e+03    527.088      12651  1028.2700  1028.2683     4.6757     0.0698     0.1349    34.0291    34.0270    8.32369         24 0.0000e+00
    188.000    185.969    -1.1925  27.398078    -1.1910  27.397378     5.6872     5.8221    -0.0087    98.5424 1.0000e-12  -74.16264 -110.51138  34.607420      99.97 1.6428e+03    528.083      12675  1028.2770  1028.2748     4.6747     0.0759     0.1321    34.0320    34.0293    8.32284         23 0.0000e+00
    189.000    186.959    -1.1877  27.404918    -1.1860  27.404693     5.7007     5.8310    -0.0020    98.5424 1.0000e-12  -74.16264 -110.51136  34.607431      99.97 1.6411e+03    529.042      12698  1028.2843  1028.2823     4.6747     0.0693     0.1331    34.0353    34.0331    8.32159         23 0.0000e+00
    190.000    187.947    -1.1925  27.401822    -1.1907  27.401710     5.7155     5.8478    -0.0105    98.5169 1.0000e-12  -74.16264 -110.51138  34.607443      99.97 1.6422e+03    530.030      12722  1028.2899  1028.2880     4.6735     0.0702     0.1332    34.0358    34.0336    8.32261         24 0.0000e+00
    191.000    188.936    -1.1995  27.397172    -1.1976  27.397079     5.7277     5.8546    -0.0107    98.5387 1.0000e-12  -74.16264 -110.51136  34.607454      99.97 1.6424e+03    531.028      12746  1028.2960  1028.2941     4.6745     0.0688     0.1313    34.0368    34.0345    8.32411         24 0.0000e+00
    192.000    189.925    -1.2008  27.396832    -1.1994  27.396573     5.7250     5.8581    -0.0077    98.5302 1.0000e-12  -74.16264 -110.51137  34.607465      98.12 1.6431e+03    531.989      12769  1028.3012  1028.2996     4.6741     0.0687     0.1312    34.0372    34.0352    8.32439         23 0.0000e+00
    193.000    190.913    -1.2004  27.398208    -1.1987  27.397873     5.7261     5.8658     0.0005    98.5439 1.0000e-12  -74.16264 -110.51137  34.607477      96.84 1.6425e+03    532.974      12792  1028.3066  1028.3047     4.6748     0.0692     0.1311    34.0380    34.0356    8.32424         24 0.0000e+00
    194.000    191.902    -1.2001  27.399075    -1.1990  27.398475     5.7297     5.8590     0.0067    98.5375 1.0000e-12  -74.16264 -110.51137  34.607488      99.97 1.6415e+03    533.981      12817  1028.3117  1028.3099     4.6744     0.0692     0.1301    34.0383    34.0362    8.32417         24 0.0000e+00
    195.000    192.891    -1.2027  27.397537    -1.2015  27.397043     5.7300     5.8562    -0.0148    98.5545 1.0000e-12  -74.16264 -110.51137  34.607499      99.97 1.6430e+03    534.949      12840  1028.3168  1028.3151     4.6753     0.0688     0.1270    34.0385    34.0364    8.32473         23 0.0000e+00
    196.000    193.879    -1.2066  27.394865    -1.2052  27.394497     5.7307     5.8643    -0.0150    98.5649 1.0000e-12  -74.16264 -110.51137  34.607511      99.97 1.6444e+03    535.926      12863  1028.3220  1028.3202     4.6757     0.0698     0.1311    34.0386    34.0365    8.32559         23 0.0000e+00
    197.000    194.868    -1.2039  27.397926    -1.2021  27.397773     5.7328     5.8659    -0.0150    98.5867 1.0000e-12  -74.16264 -110.51137  34.607522      99.97 1.6431e+03    536.924      12887  1028.3270  1028.3250     4.6768     0.0705     0.1315    34.0391    34.0368    8.32496         25 0.0000e+00
    198.000    195.858    -1.2023  27.399696    -1.2013  27.399021     5.7325     5.8608    -0.0150    98.5911 1.0000e-12  -74.16264 -110.51137  34.607534      99.97 1.6427e+03    537.900      12911  1028.3316  1028.3299     4.6770     0.0692     0.1307    34.0391    34.0370    8.32460         22 0.0000e+00
    199.000    196.845    -1.2030  27.399579    -1.2011  27.399733     5.7339     5.8700    -0.0150    98.5900 1.0000e-12  -74.16264 -110.51137  34.607545      99.97 1.6428e+03    538.871      12934  1028.3365  1028.3348     4.6769     0.0688     0.1308    34.0391    34.0371    8.32476         24 0.0000e+00
    200.000    197.836    -1.2027  27.400264    -1.2009  27.400242     5.7343     5.8724    -0.0054    98.5890 1.0000e-12  -74.16264 -110.51136  34.607556      99.97 1.6429e+03    539.869      12958  1028.3412  1028.3395     4.6769     0.0719     0.1291    34.0391    34.0370    8.32469         24 0.0000e+00
    201.000    198.823    -1.2029  27.400648    -1.2016  27.400282     5.7361     5.8682    -0.0084    98.5951 1.0000e-12  -74.16264 -110.51136  34.607568      99.97 1.6421e+03    540.857      12982  1028.3462  1028.3445     4.6772     0.0710     0.1311    34.0393    34.0372    8.32474         23 0.0000e+00
    202.000    199.811    -1.2029  27.401810    -1.2019  27.401062     5.7493     5.8777    -0.0150    98.5879 1.0000e-12  -74.16264 -110.51137  34.607579      99.97 1.6429e+03    541.818      13005  1028.3517  1028.3499     4.6768     0.0701     0.1316    34.0401    34.0380    8.32467         24 0.0000e+00
    203.000    200.801    -1.2033  27.402344    -1.2021  27.401818     5.7577     5.8884    -0.0126    98.5986 1.0000e-12  -74.16264 -110.51138  34.607590      99.97 1.6430e+03    542.812      13028  1028.3570  1028.3553     4.6774     0.0708     0.1291    34.0407    34.0386    8.32472         24 0.0000e+00
    204.000    201.789    -1.2113  27.396138    -1.2107  27.395394     5.7613     5.9005    -0.0076    98.6108 1.0000e-12  -74.16264 -110.51138  34.607602      99.97 1.6422e+03    543.804      13052  1028.3622  1028.3609     4.6780     0.0689     0.1278    34.0407    34.0390    8.32650         23 0.0000e+00
    205.000    202.777    -1.2152  27.394661    -1.2135  27.394388     5.7760     5.9078    -0.0077    98.6073 1.0000e-12  -74.16264 -110.51138  34.607613      99.97 1.6426e+03    544.762      13075  1028.3688  1028.3668     4.6778     0.0696     0.1316    34.0425    34.0402    8.32727         24 0.0000e+00
    206.000    203.766    -1.2162  27.395277    -1.2146  27.394982     5.7773     5.9098    -0.0077    98.6041 1.0000e-12  -74.16264 -110.51138  34.607624      99.97 1.6424e+03    545.752      13099  1028.3747  1028.3729     4.6776     0.0714     0.1308    34.0439    34.0417    8.32742         24 0.0000e+00
    207.000    204.756    -1.2143  27.399122    -1.2126  27.398962     5.7635     5.8947    -0.0004    98.6229 1.0000e-12  -74.16264 -110.51138  34.607636      99.97 1.6423e+03    546.744      13123  1028.3813  1028.3795     4.6786     0.0716     0.1270    34.0463    34.0442    8.32684         23 0.0000e+00
