ocean_section_plots/required_files/ctd/dnbp2202_ctd135.cnv
* Sea-Bird SBE 9 Data File:
* FileName = D:\Data\raw\NBP2202_CTD135.hex
* Software Version Seasave V 7.26.7.121
* Temperature SN = 1649
* Conductivity SN = 2513
* Number of Bytes Per Scan = 40
* Number of Voltage Words = 5
* Number of Scans Averaged by the Deck Unit = 1
* NMEA Latitude = 74 00.94 S
* NMEA Longitude = 112 50.22 W
* NMEA UTC (Time) = Jan 28 2022  07:59:16
* NMEA baud rate = 9600
** Ship: RVIB N.B. Palmer
** Cruise: NBP2202 Thwaites
** Station: 64
** Operator: B. Bjork
# nquan = 25
# nvalues = 783                         
# units = specified
# name 0 = prDM: Pressure, Digiquartz [db]
# name 1 = depSM: Depth [salt water, m]
# name 2 = t090C: Temperature [ITS-90, deg C]
# name 3 = c0mS/cm: Conductivity [mS/cm]
# name 4 = t190C: Temperature, 2 [ITS-90, deg C]
# name 5 = c1mS/cm: Conductivity, 2 [mS/cm]
# name 6 = sbeox0ML/L: Oxygen, SBE 43 [ml/l]
# name 7 = sbeox1ML/L: Oxygen, SBE 43, 2 [ml/l]
# name 8 = flECO-AFL: Fluorescence, WET Labs ECO-AFL/FL [mg/m^3]
# name 9 = CStarTr0: Beam Transmission, WET Labs C-Star [%]
# name 10 = par: PAR/Irradiance, Biospherical/Licor
# name 11 = latitude: Latitude [deg]
# name 12 = longitude: Longitude [deg]
# name 13 = timeJ: Julian Days
# name 14 = altM: Altimeter [m]
# name 15 = spar: SPAR, Biospherical/Licor
# name 16 = timeS: Time, Elapsed [seconds]
# name 17 = scan: Scan Count
# name 18 = density00: Density [density, kg/m^3]
# name 19 = density11: Density, 2 [density, kg/m^3]
# name 20 = sal00: Salinity, Practical [PSU]
# name 21 = sal11: Salinity, Practical, 2 [PSU]
# name 22 = oxsolML/L: Oxygen Saturation, Garcia & Gordon [ml/l]
# name 23 = nbin: number of scans per bin
# name 24 = flag: flag
# span 0 =      2.000,    784.000       
# span 1 =      1.982,    774.424       
# span 2 =    -1.6157,     0.3410       
# span 3 =  26.931689,  29.288759       
# span 4 =    -1.6173,     0.3435       
# span 5 =  26.932510,  29.288646       
# span 6 =     4.6512,     9.1750       
# span 7 =     4.7313,     9.4184       
# span 8 =    -0.0160,    29.4441       
# span 9 =    61.7319,    94.2754       
# span 10 = 1.0000e-12, 6.3754e+00      
# span 11 =  -74.01611,  -74.01574      
# span 12 = -112.83738, -112.83701      
# span 13 =  28.335417,  28.347504      
# span 14 =       1.04,     100.42      
# span 15 = 2.4680e+01, 3.7033e+01      
# span 16 =    224.069,   1268.342      
# span 17 =       5379,      30441      
# span 18 =  1027.1904,  1031.3668      
# span 19 =  1027.1939,  1031.3644      
# span 20 =    33.8166,    34.4814      
# span 21 =    33.8209,    34.4785      
# span 22 =    7.96829,    8.42391      
# span 23 =          4,         53      
# span 24 = 0.0000e+00, 0.0000e+00      
# interval = decibars: 1                
# start_time = Jan 28 2022 07:59:16 [NMEA time, header]
# bad_flag = -9.990e-29
*END*
      2.000      1.982    -0.6460  27.608318    -0.6469  27.610774     9.1329     9.0218    28.6214    65.2683 6.3754e+00  -74.01574 -112.83705  28.335417      58.50 2.4680e+01    224.069       5379  1027.1904  1027.1939    33.8169    33.8211    8.21524          4 0.0000e+00
      3.000      2.968    -0.6486  27.606748    -0.6500  27.608892     9.1344     8.9861    27.5647    65.5760 4.7952e+00  -74.01574 -112.83704  28.335491      22.72 2.4680e+01    230.462       5532  1027.1953  1027.1991    33.8170    33.8215    8.21579         29 0.0000e+00
      4.000      3.958    -0.6490  27.606887    -0.6535  27.606249     9.1342     8.9762    28.2990    65.9343 3.0302e+00  -74.01574 -112.83704  28.335526      27.35 2.4680e+01    233.402       5603  1027.2002  1027.2039    33.8170    33.8212    8.21587         37 0.0000e+00
      5.000      4.949    -0.6519  27.604626    -0.6560  27.604514     9.1227     8.9821    28.7560    66.1260 1.9943e+00  -74.01574 -112.83704  28.335561      16.72 2.4680e+01    236.465       5676  1027.2049  1027.2087    33.8167    33.8211    8.21654         39 0.0000e+00
      6.000      5.937    -0.6529  27.604415    -0.6560  27.604877     9.1330     9.0056    29.3837    65.8896 1.3677e+00  -74.01574 -112.83704  28.335597      85.49 2.5588e+01    239.541       5750  1027.2099  1027.2133    33.8169    33.8210    8.21675         39 0.0000e+00
      7.000      6.927    -0.6529  27.604844    -0.6538  27.607334     9.1317     9.0741    29.4366    66.2031 9.0746e-01  -74.01574 -112.83704  28.335629      98.74 2.5621e+01    242.383       5818  1027.2145  1027.2181    33.8168    33.8211    8.21674         30 0.0000e+00
      8.000      7.916    -0.6487  27.608805    -0.6510  27.610051     9.1393     9.1597    29.4355    66.4414 6.1950e-01  -74.01574 -112.83704  28.335658      99.99 2.6038e+01    244.868       5878  1027.2191  1027.2226    33.8169    33.8211    8.21583         39 0.0000e+00
      9.000      8.907    -0.6454  27.611876    -0.6465  27.614099     9.1289     9.2186    29.4355    64.5112 4.3741e-01  -74.01574 -112.83704  28.335682      99.99 2.6451e+01    246.965       5928  1027.2235  1027.2270    33.8166    33.8209    8.21511         35 0.0000e+00
     10.000      9.896    -0.6559  27.603764    -0.6578  27.605203     9.1334     9.2664    29.4355    67.1874 2.9355e-01  -74.01574 -112.83704  28.335702      99.99 2.6443e+01    248.690       5970  1027.2291  1027.2326    33.8168    33.8210    8.21739         44 0.0000e+00
     11.000     10.886    -0.6463  27.612613    -0.6475  27.614321     9.1269     9.3151    29.4355    64.7291 2.0807e-01  -74.01574 -112.83704  28.335727      99.99 2.6530e+01    250.816       6021  1027.2338  1027.2367    33.8174    33.8210    8.21527         42 0.0000e+00
     12.000     11.876    -0.6310  27.625692    -0.6336  27.626189     9.1246     9.3332    29.4355    65.7007 1.3351e-01  -74.01574 -112.83704  28.335749      89.07 2.6841e+01    252.713       6066  1027.2374  1027.2405    33.8173    33.8210    8.21195         40 0.0000e+00
     13.000     12.865    -0.6307  27.626229    -0.6344  27.626292     9.1456     9.3554    29.4355    65.3430 9.0038e-02  -74.01574 -112.83704  28.335771     100.13 2.6821e+01    254.617       6112  1027.2421  1027.2459    33.8171    33.8214    8.21189         42 0.0000e+00
     14.000     13.855    -0.6470  27.613474    -0.6479  27.615710     9.1566     9.3700    29.4355    65.7363 5.2029e-02  -74.01574 -112.83704  28.335795      99.99 2.6564e+01    256.674       6161  1027.2485  1027.2517    33.8175    33.8215    8.21541         45 0.0000e+00
     15.000     14.845    -0.6425  27.618061    -0.6449  27.618719     9.1535     9.3870    29.4355    66.1826 2.3696e-02  -74.01574 -112.83704  28.335816      99.98 2.6776e+01    258.528       6206  1027.2533  1027.2564    33.8180    33.8216    8.21440         39 0.0000e+00
     16.000     15.834    -0.6468  27.614414    -0.6508  27.614297     9.1478     9.3951    29.4355    65.8249 7.5062e-03  -74.01574 -112.83703  28.335838      99.98 2.6440e+01    260.381       6250  1027.2579  1027.2616    33.8174    33.8216    8.21539         39 0.0000e+00
     17.000     16.824    -0.6500  27.612632    -0.6509  27.614741     9.1647     9.4097    29.4355    65.7541 1.7179e-04  -74.01574 -112.83703  28.335861      99.99 2.6443e+01    262.358       6298  1027.2633  1027.2665    33.8179    33.8218    8.21604         39 0.0000e+00
     18.000     17.814    -0.6515  27.611750    -0.6537  27.612834     9.1750     9.4155    29.4355    65.2487 1.0000e-12  -74.01574 -112.83703  28.335882      99.99 2.7239e+01    264.223       6342  1027.2681  1027.2713    33.8178    33.8217    8.21638         38 0.0000e+00
     19.000     18.803    -0.6465  27.616781    -0.6482  27.618118     9.1687     9.4114    29.4355    65.7038 1.0000e-12  -74.01574 -112.83703  28.335904      96.27 2.7034e+01    266.103       6387  1027.2730  1027.2760    33.8183    33.8220    8.21526         42 0.0000e+00
     20.000     19.791    -0.6469  27.616965    -0.6495  27.617496     9.1527     9.4064    29.4355    63.9957 1.0000e-12  -74.01574 -112.83703  28.335926     100.00 2.6896e+01    268.034       6434  1027.2778  1027.2809    33.8184    33.8221    8.21534         35 0.0000e+00
     21.000     20.782    -0.6514  27.613292    -0.6568  27.611531     9.1480     9.4091    29.4355    64.7599 1.0000e-12  -74.01574 -112.83702  28.335948      99.98 2.6740e+01    269.873       6478  1027.2825  1027.2858    33.8179    33.8216    8.21635         41 0.0000e+00
     22.000     21.772    -0.6529  27.612387    -0.6564  27.612150     9.1514     9.4047    29.4160    64.9751 1.0000e-12  -74.01574 -112.83702  28.335970      99.99 2.6779e+01    271.842       6525  1027.2872  1027.2903    33.8177    33.8213    8.21668         42 0.0000e+00
     23.000     22.761    -0.6487  27.616761    -0.6531  27.615421     9.1612     9.3997    28.5791    65.4945 1.0000e-12  -74.01574 -112.83702  28.335992      99.98 2.7135e+01    273.701       6570  1027.2922  1027.2950    33.8183    33.8215    8.21574         41 0.0000e+00
     24.000     23.749    -0.6511  27.614794    -0.6542  27.614709     9.1653     9.4148    29.4441    65.3559 1.0000e-12  -74.01574 -112.83702  28.336014      99.98 2.7261e+01    275.651       6617  1027.2966  1027.2995    33.8177    33.8211    8.21629         41 0.0000e+00
     25.000     24.743    -0.6475  27.618767    -0.6514  27.617925     9.1565     9.4146    29.4355    64.4833 1.0000e-12  -74.01574 -112.83702  28.336037      99.99 2.7714e+01    277.560       6662  1027.3017  1027.3046    33.8184    33.8217    8.21547         39 0.0000e+00
     26.000     25.730    -0.6480  27.618585    -0.6509  27.619047     9.1494     9.4097    29.4353    64.5205 1.0000e-12  -74.01574 -112.83702  28.336058      99.71 2.7867e+01    279.403       6707  1027.3064  1027.3096    33.8181    33.8220    8.21559         37 0.0000e+00
     27.000     26.719    -0.6534  27.614434    -0.6560  27.614931     9.1465     9.4028    29.4352    65.2912 1.0000e-12  -74.01574 -112.83703  28.336080     100.00 2.7106e+01    281.353       6753  1027.3114  1027.3144    33.8179    33.8216    8.21678         44 0.0000e+00
     28.000     27.708    -0.6535  27.614976    -0.6578  27.614169     9.1513     9.4098    29.0884    64.5905 1.0000e-12  -74.01574 -112.83703  28.336102      99.98 2.7932e+01    283.181       6797  1027.3163  1027.3196    33.8182    33.8219    8.21679         38 0.0000e+00
     29.000     28.698    -0.6514  27.617196    -0.6561  27.615868     9.1649     9.4184    29.4032    65.4716 1.0000e-12  -74.01574 -112.83703  28.336124      99.98 2.7913e+01    285.119       6844  1027.3210  1027.3240    33.8183    33.8217    8.21634         42 0.0000e+00
     30.000     29.688    -0.6468  27.621570    -0.6501  27.621398     9.1657     9.3976    29.4356    66.1228 1.0000e-12  -74.01574 -112.83703  28.336147      99.99 2.7765e+01    287.071       6891  1027.3256  1027.3285    33.8184    33.8218    8.21533         44 0.0000e+00
     31.000     30.677    -0.6462  27.622827    -0.6517  27.621251     9.1324     9.3714    29.4355    66.3022 1.0000e-12  -74.01574 -112.83703  28.336168     100.00 2.8548e+01    288.895       6934  1027.3307  1027.3343    33.8188    33.8229    8.21517         37 0.0000e+00
     32.000     31.666    -0.6718  27.605683    -0.6827  27.601384     9.0991     9.3630    29.4355    65.5778 1.0000e-12  -74.01574 -112.83703  28.336190      99.98 2.7751e+01    290.801       6980  1027.3412  1027.3471    33.8237    33.8301    8.22045         36 0.0000e+00
     33.000     32.656    -0.6893  27.595044    -0.6921  27.594970     9.0943     9.3566    29.4355    65.0785 1.0000e-12  -74.01574 -112.83703  28.336213      98.79 2.7880e+01    292.788       7028  1027.3508  1027.3533    33.8284    33.8314    8.22400         38 0.0000e+00
     34.000     33.646    -0.6818  27.599887    -0.6870  27.598756     9.1013     9.3588    29.4355    65.7705 1.0000e-12  -74.01574 -112.83703  28.336233      98.20 2.7631e+01    294.558       7070  1027.3528  1027.3565    33.8258    33.8302    8.22251         37 0.0000e+00
     35.000     34.633    -0.6843  27.599130    -0.6848  27.600265     9.1089     9.3694    29.4355    63.9311 1.0000e-12  -74.01574 -112.83703  28.336255      99.99 2.8418e+01    296.447       7116  1027.3586  1027.3602    33.8270    33.8291    8.22299         42 0.0000e+00
     36.000     35.626    -0.6798  27.603787    -0.6841  27.603182     9.1187     9.3750    29.4355    64.8397 1.0000e-12  -74.01574 -112.83702  28.336279      99.99 2.8294e+01    298.516       7165  1027.3636  1027.3669    33.8276    33.8316    8.22197         41 0.0000e+00
     37.000     36.613    -0.6800  27.604372    -0.6836  27.603980     9.1313     9.3743    29.4355    63.7736 1.0000e-12  -74.01574 -112.83704  28.336300      99.99 2.8392e+01    300.348       7209  1027.3685  1027.3715    33.8280    33.8315    8.22198         38 0.0000e+00
     38.000     37.604    -0.6783  27.605732    -0.6804  27.606037     9.1234     9.3741    29.4355    64.2370 1.0000e-12  -74.01574 -112.83704  28.336322      99.99 2.8596e+01    302.208       7254  1027.3727  1027.3750    33.8274    33.8301    8.22166         45 0.0000e+00
     39.000     38.593    -0.6805  27.605111    -0.6830  27.605474     9.1188     9.3801    29.4355    65.8976 1.0000e-12  -74.01574 -112.83704  28.336345      99.46 2.8550e+01    304.180       7301  1027.3784  1027.3812    33.8284    33.8317    8.22208         41 0.0000e+00
     40.000     39.582    -0.6875  27.601898    -0.6886  27.603004     9.1191     9.3769    29.4355    63.0699 1.0000e-12  -74.01574 -112.83704  28.336367      97.80 2.8507e+01    306.087       7347  1027.3860  1027.3882    33.8313    33.8340    8.22344         41 0.0000e+00
     41.000     40.572    -0.6872  27.602452    -0.6891  27.602941     9.1120     9.3756    29.4355    63.4974 1.0000e-12  -74.01574 -112.83704  28.336389     100.08 2.8194e+01    308.033       7394  1027.3905  1027.3928    33.8310    33.8338    8.22338         38 0.0000e+00
     42.000     41.561    -0.6860  27.603717    -0.6870  27.604603     9.0929     9.3438    29.4355    62.7506 1.0000e-12  -74.01574 -112.83704  28.336411      99.99 2.9038e+01    309.873       7438  1027.3950  1027.3968    33.8308    33.8331    8.22313         41 0.0000e+00
     43.000     42.551    -0.7090  27.586928    -0.7090  27.589480     8.9463     9.2129    29.4355    61.8754 1.0000e-12  -74.01574 -112.83704  28.336434      99.99 2.8827e+01    311.903       7487  1027.4033  1027.4060    33.8333    33.8367    8.22801         40 0.0000e+00
     44.000     43.540    -0.7582  27.547966    -0.7589  27.550695     8.8499     9.1308    29.4355    62.6021 1.0000e-12  -74.01574 -112.83704  28.336455      99.99 2.8752e+01    313.712       7530  1027.4128  1027.4164    33.8351    33.8396    8.23863         42 0.0000e+00
     45.000     44.530    -0.7807  27.529955    -0.7831  27.530425     8.8463     9.1151    29.4355    62.4626 1.0000e-12  -74.01574 -112.83703  28.336477      99.99 2.9145e+01    315.593       7575  1027.4188  1027.4216    33.8354    33.8386    8.24354         41 0.0000e+00
     46.000     45.518    -0.7799  27.531266    -0.7840  27.530063     8.8738     9.1135    29.4355    62.7807 1.0000e-12  -74.01574 -112.83703  28.336500      99.98 2.8535e+01    317.554       7622  1027.4232  1027.4258    33.8356    33.8385    8.24334         44 0.0000e+00
     47.000     46.508    -0.7820  27.529997    -0.7849  27.529808     8.8787     9.1183    29.4355    62.9460 1.0000e-12  -74.01574 -112.83702  28.336521      99.89 2.9401e+01    319.452       7668  1027.4279  1027.4304    33.8357    33.8386    8.24381         39 0.0000e+00
     48.000     47.498    -0.7830  27.529741    -0.7854  27.529994     8.8690     9.1174    29.4355    61.9842 1.0000e-12  -74.01574 -112.83702  28.336543      99.99 2.9707e+01    321.322       7713  1027.4326  1027.4351    33.8358    33.8388    8.24402         40 0.0000e+00
     49.000     48.487    -0.7848  27.528925    -0.7873  27.528935     8.8841     9.1165    29.4355    62.1426 1.0000e-12  -74.01574 -112.83702  28.336565      99.99 2.8939e+01    323.215       7758  1027.4376  1027.4399    33.8361    33.8389    8.24439         38 0.0000e+00
     50.000     49.477    -0.7832  27.530835    -0.7857  27.530707     8.8760     9.1079    29.4355    63.3639 1.0000e-12  -74.01574 -112.83702  28.336588      99.99 2.9355e+01    325.168       7805  1027.4422  1027.4444    33.8363    33.8389    8.24403         40 0.0000e+00
     51.000     50.467    -0.7857  27.529240    -0.7881  27.529243     8.8451     9.0790    29.4355    62.5939 1.0000e-12  -74.01574 -112.83702  28.336609      99.99 2.9874e+01    326.993       7849  1027.4470  1027.4493    33.8363    33.8390    8.24457         42 0.0000e+00
     52.000     51.456    -0.8024  27.516252    -0.8054  27.515746     8.8097     9.0542    29.4355    62.3414 1.0000e-12  -74.01574 -112.83702  28.336631      99.99 2.9103e+01    328.949       7896  1027.4533  1027.4555    33.8368    33.8395    8.24820         43 0.0000e+00
     53.000     52.445    -0.8147  27.507294    -0.8176  27.506799     8.7876     9.0388    29.4355    61.7319 1.0000e-12  -74.01574 -112.83702  28.336654      99.99 2.9526e+01    330.921       7943  1027.4596  1027.4618    33.8379    33.8405    8.25084         43 0.0000e+00
     54.000     53.434    -0.8191  27.504251    -0.8225  27.503403     8.7833     9.0145    29.4355    62.6666 1.0000e-12  -74.01574 -112.83702  28.336676      99.99 2.9559e+01    332.795       7988  1027.4646  1027.4668    33.8381    33.8407    8.25178         43 0.0000e+00
     55.000     54.425    -0.8270  27.498568    -0.8311  27.497088     8.7826     9.0166    29.4355    62.3989 1.0000e-12  -74.01574 -112.83701  28.336697      99.99 2.9453e+01    334.658       8033  1027.4701  1027.4724    33.8386    33.8412    8.25348         41 0.0000e+00
     56.000     55.413    -0.8305  27.496385    -0.8332  27.496141     8.7803     9.0081    29.4355    61.8411 1.0000e-12  -74.01574 -112.83702  28.336719      99.99 3.0312e+01    336.554       8078  1027.4753  1027.4775    33.8390    33.8417    8.25424         35 0.0000e+00
     57.000     56.403    -0.8323  27.496336    -0.8352  27.495708     8.7122     8.9586    29.4355    61.8409 1.0000e-12  -74.01574 -112.83702  28.336743      99.99 2.9138e+01    338.567       8127  1027.4810  1027.4832    33.8403    33.8428    8.25454         41 0.0000e+00
     58.000     57.392    -0.8690  27.468937    -0.8737  27.467524     8.6575     8.9069    29.4355    62.9880 1.0000e-12  -74.01574 -112.83702  28.336764      99.99 2.9526e+01    340.386       8170  1027.4910  1027.4939    33.8438    33.8471    8.26240         40 0.0000e+00
