ocean_section_plots/required_files/ctd/dnbp2202_ctd227.cnv
* Sea-Bird SBE 9 Data File:
* FileName = D:\Data\raw\NBP2202_CTD227.hex
* Software Version Seasave V 7.26.7.121
* Temperature SN = 1649
* Conductivity SN = 2513
* Number of Bytes Per Scan = 40
* Number of Voltage Words = 5
* Number of Scans Averaged by the Deck Unit = 1
* NMEA Latitude = 74 01.78 S
* NMEA Longitude = 111 33.55 W
* NMEA UTC (Time) = Feb 12 2022  14:57:34
* NMEA baud rate = 9600
** Ship: RVIB N.B. Palmer
** Cruise: NBP2202 Thwaites
** Station: 138
** Operator: A. Robinson
# nquan = 28
# nvalues = 397                         
# units = specified
# name 0 = prDM: Pressure, Digiquartz [db]
# name 1 = depSM: Depth [salt water, m]
# name 2 = t090C: Temperature [ITS-90, deg C]
# name 3 = c0mS/cm: Conductivity [mS/cm]
# name 4 = t190C: Temperature, 2 [ITS-90, deg C]
# name 5 = c1mS/cm: Conductivity, 2 [mS/cm]
# name 6 = sbeox0ML/L: Oxygen, SBE 43 [ml/l]
# name 7 = sbeox1ML/L: Oxygen, SBE 43, 2 [ml/l]
# name 8 = flECO-AFL: Fluorescence, WET Labs ECO-AFL/FL [mg/m^3]
# name 9 = CStarTr0: Beam Transmission, WET Labs C-Star [%]
# name 10 = par: PAR/Irradiance, Biospherical/Licor
# name 11 = latitude: Latitude [deg]
# name 12 = longitude: Longitude [deg]
# name 13 = timeJ: Julian Days
# name 14 = altM: Altimeter [m]
# name 15 = spar: SPAR, Biospherical/Licor
# name 16 = timeS: Time, Elapsed [seconds]
# name 17 = scan: Scan Count
# name 18 = density00: Density [density, kg/m^3]
# name 19 = density11: Density, 2 [density, kg/m^3]
# name 20 = v3: Voltage 3
# name 21 = v4: Voltage 4
# name 22 = v5: Voltage 5
# name 23 = sal00: Salinity, Practical [PSU]
# name 24 = sal11: Salinity, Practical, 2 [PSU]
# name 25 = oxsolML/L: Oxygen Saturation, Garcia & Gordon [ml/l]
# name 26 = nbin: number of scans per bin
# name 27 = flag: flag
# span 0 =      2.000,    398.000       
# span 1 =      1.980,    393.507       
# span 2 =    -1.5719,    -0.5188       
# span 3 =  26.933253,  28.245868       
# span 4 =    -1.5709,    -0.5165       
# span 5 =  26.933566,  28.246004       
# span 6 =     5.3816,     6.4757       
# span 7 =     5.5368,     6.6732       
# span 8 =    -0.0068,     3.0077       
# span 9 =    93.1984,    97.3522       
# span 10 = 1.0000e-12, 1.5353e+02      
# span 11 =  -74.02970,  -74.02935      
# span 12 = -111.55928, -111.55844      
# span 13 =  43.625849,  43.632134      
# span 14 =       2.14,      99.99      
# span 15 = 1.1824e+03, 1.8409e+03      
# span 16 =    219.377,    762.356      
# span 17 =       5266,      18298      
# span 18 =  1027.2024,  1029.4499      
# span 19 =  1027.2026,  1029.4479      
# span 20 =     4.4212,     4.6182      
# span 21 =     0.0671,     0.4521      
# span 22 =     0.1198,     0.1528      
# span 23 =    33.7970,    34.2909      
# span 24 =    33.7961,    34.2886      
# span 25 =    8.16036,    8.41093      
# span 26 =         22,         45      
# span 27 = 0.0000e+00, 0.0000e+00      
# interval = decibars: 1                
# start_time = Feb 12 2022 14:57:34 [NMEA time, header]
# bad_flag = -9.990e-29
*END*
[from data line 156]
    158.000    156.306    -1.5169  27.068733    -1.5160  27.068694     6.3103     6.5037     1.0956    96.2497 1.0000e-12  -74.02970 -111.55926  43.628487      99.95 1.6542e+03    447.287      10736  1028.0933  1028.0924     4.5659     0.1823     0.1280    33.9665    33.9654    8.39945         25 0.0000e+00
    159.000    157.295    -1.5174  27.069083    -1.5163  27.069056     6.3058     6.5056     1.4570    96.2262 1.0000e-12  -74.02970 -111.55926  43.628499      99.95 1.6210e+03    448.355      10762  1028.0984  1028.0974     4.5649     0.1831     0.1253    33.9669    33.9657    8.39953         26 0.0000e+00
    160.000    158.284    -1.5183  27.069705    -1.5174  27.069698     6.2861     6.4848     1.0875    96.2362 1.0000e-12  -74.02970 -111.55926  43.628512      99.94 1.5858e+03    449.422      10787  1028.1043  1028.1034     4.5653     0.1783     0.1247    33.9682    33.9671    8.39967         25 0.0000e+00
    161.000    159.273    -1.5151  27.074390    -1.5138  27.074496     6.2625     6.4602     0.6755    96.2893 1.0000e-12  -74.02970 -111.55926  43.628524      99.95 1.5853e+03    450.493      10813  1028.1106  1028.1094     4.5678     0.1744     0.1262    33.9704    33.9690    8.39881         26 0.0000e+00
    162.000    160.262    -1.5112  27.079931    -1.5097  27.080144     6.2252     6.4449     0.5430    96.0007 1.0000e-12  -74.02970 -111.55926  43.628537      91.01 1.5953e+03    451.573      10839  1028.1172  1028.1161     4.5542     0.1882     0.1292    33.9730    33.9716    8.39778         26 0.0000e+00
    163.000    161.251    -1.5065  27.085868    -1.5052  27.085941     6.2288     6.4410     0.6501    96.1740 1.0000e-12  -74.02970 -111.55926  43.628549      99.96 1.5731e+03    452.648      10865  1028.1235  1028.1223     4.5624     0.1700     0.1260    33.9752    33.9738    8.39658         26 0.0000e+00
    164.000    162.238    -1.5052  27.087430    -1.5041  27.087530     6.2356     6.4414     0.5107    95.9061 1.0000e-12  -74.02970 -111.55926  43.628562      99.95 1.5628e+03    453.742      10891  1028.1283  1028.1273     4.5497     0.1540     0.1260    33.9752    33.9741    8.39629         27 0.0000e+00
    165.000    163.228    -1.5047  27.088513    -1.5032  27.088866     6.2474     6.4492     0.4062    96.4442 1.0000e-12  -74.02970 -111.55926  43.628574      99.95 1.5915e+03    454.831      10917  1028.1333  1028.1323     4.5752     0.1548     0.1243    33.9756    33.9743    8.39616         26 0.0000e+00
    166.000    164.217    -1.5055  27.088578    -1.5051  27.088084     6.2775     6.4725     0.5118    96.3087 1.0000e-12  -74.02970 -111.55926  43.628587      99.95 1.6407e+03    455.899      10943  1028.1385  1028.1376     4.5688     0.1333     0.1360    33.9759    33.9748    8.39632         24 0.0000e+00
    167.000    165.206    -1.5080  27.086725    -1.5077  27.086284     6.2743     6.4762     0.3922    96.5634 1.0000e-12  -74.02970 -111.55926  43.628599      99.95 1.6625e+03    456.920      10967  1028.1432  1028.1425     4.5808     0.1531     0.1261    33.9756    33.9747    8.39690         25 0.0000e+00
    168.000    166.195    -1.5177  27.079285    -1.5166  27.079490     6.2849     6.4848     0.3524    96.6040 1.0000e-12  -74.02970 -111.55926  43.628610      99.95 1.6753e+03    457.933      10991  1028.1486  1028.1478     4.5828     0.1195     0.1247    33.9757    33.9748    8.39907         24 0.0000e+00
    169.000    167.184    -1.5146  27.082465    -1.5132  27.082822     6.3337     6.5129     0.4226    96.7236 1.0000e-12  -74.02970 -111.55926  43.628622      99.95 1.6733e+03    458.932      11015  1028.1535  1028.1525     4.5884     0.1208     0.1259    33.9760    33.9749    8.39837         24 0.0000e+00
    170.000    168.172    -1.5200  27.078841    -1.5192  27.078624     6.3593     6.5447     0.5595    96.5695 1.0000e-12  -74.02970 -111.55926  43.628633      99.95 1.6767e+03    459.919      11039  1028.1590  1028.1580     4.5811     0.1106     0.1249    33.9765    33.9753    8.39956         23 0.0000e+00
    171.000    169.161    -1.5323  27.068690    -1.5305  27.069777     6.3724     6.5686     0.3775    96.4917 1.0000e-12  -74.02970 -111.55926  43.628645      99.94 1.6968e+03    460.929      11063  1028.1640  1028.1634     4.5775     0.1479     0.1228    33.9758    33.9752    8.40237         25 0.0000e+00
    172.000    170.151    -1.5391  27.063857    -1.5387  27.063350     6.3865     6.5832     0.3146    96.6057 1.0000e-12  -74.02970 -111.55926  43.628657      99.95 1.7004e+03    461.942      11088  1028.1694  1028.1685     4.5828     0.1453     0.1299    33.9762    33.9751    8.40388         24 0.0000e+00
    173.000    171.138    -1.5379  27.065145    -1.5367  27.065488     6.3983     6.5916     0.3620    96.4845 1.0000e-12  -74.02970 -111.55926  43.628668      99.95 1.6972e+03    462.933      11111  1028.1740  1028.1731     4.5771     0.1361     0.1272    33.9761    33.9751    8.40363         24 0.0000e+00
    174.000    172.130    -1.5436  27.061077    -1.5437  27.060386     6.4055     6.5992     0.3914    96.5410 1.0000e-12  -74.02970 -111.55926  43.628680      99.95 1.6941e+03    463.922      11135  1028.1792  1028.1786     4.5798     0.1368     0.1298    33.9763    33.9755    8.40490         24 0.0000e+00
    175.000    173.116    -1.5460  27.060203    -1.5448  27.060360     6.4183     6.6084     0.4348    96.3362 1.0000e-12  -74.02970 -111.55926  43.628691      96.14 1.6855e+03    464.936      11159  1028.1848  1028.1839     4.5701     0.1285     0.1272    33.9772    33.9761    8.40539         24 0.0000e+00
    176.000    174.105    -1.5495  27.058552    -1.5489  27.058461     6.4262     6.6182     0.5420    96.4854 1.0000e-12  -74.02970 -111.55926  43.628703      99.91 1.6674e+03    465.954      11184  1028.1906  1028.1900     4.5771     0.1298     0.1275    33.9783    33.9775    8.40612         24 0.0000e+00
    177.000    175.094    -1.5543  27.055949    -1.5533  27.056023     6.4251     6.6269     0.5921    96.4730 1.0000e-12  -74.02970 -111.55926  43.628715      99.94 1.6195e+03    466.959      11208  1028.1966  1028.1957     4.5766     0.1534     0.1269    33.9795    33.9785    8.40713         25 0.0000e+00
    178.000    176.083    -1.5560  27.055349    -1.5546  27.055534     6.4245     6.6264     0.4965    96.3279 1.0000e-12  -74.02970 -111.55926  43.628726      99.95 1.5760e+03    467.960      11232  1028.2018  1028.2007     4.5697     0.1618     0.1295    33.9800    33.9787    8.40748         24 0.0000e+00
    179.000    177.073    -1.5565  27.055553    -1.5555  27.055548     6.4180     6.6284     0.5229    96.3189 1.0000e-12  -74.02970 -111.55926  43.628738      99.95 1.5311e+03    468.960      11256  1028.2068  1028.2058     4.5693     0.1311     0.1304    33.9802    33.9791    8.40758         24 0.0000e+00
    180.000    178.059    -1.5566  27.056003    -1.5553  27.056236     6.4413     6.6246     0.5963    96.2115 1.0000e-12  -74.02970 -111.55926  43.628750      99.95 1.4403e+03    469.968      11280  1028.2116  1028.2106     4.5642     0.1847     0.1323    33.9803    33.9792    8.40759         23 0.0000e+00
    181.000    179.049    -1.5559  27.057304    -1.5547  27.057348     6.4246     6.6326     0.5309    96.2799 1.0000e-12  -74.02970 -111.55926  43.628761      99.95 1.3062e+03    470.982      11305  1028.2166  1028.2155     4.5673     0.1436     0.1316    33.9807    33.9795    8.40741         25 0.0000e+00
    182.000    180.039    -1.5574  27.056499    -1.5566  27.056492     6.4337     6.6414     0.5403    96.2194 1.0000e-12  -74.02970 -111.55926  43.628773      99.95 1.2264e+03    471.991      11329  1028.2214  1028.2206     4.5645     0.1458     0.1354    33.9807    33.9798    8.40776         24 0.0000e+00
    183.000    181.028    -1.5603  27.055175    -1.5593  27.055266     6.4392     6.6441     0.4472    96.0256 1.0000e-12  -74.02970 -111.55926  43.628785      99.95 1.1868e+03    472.991      11353  1028.2270  1028.2261     4.5554     0.1418     0.1347    33.9816    33.9805    8.40837         24 0.0000e+00
    184.000    182.015    -1.5629  27.053629    -1.5619  27.053683     6.4305     6.6562     0.4316    96.1063 1.0000e-12  -74.02970 -111.55926  43.628796      99.95 1.1824e+03    473.993      11377  1028.2321  1028.2312     4.5592     0.1417     0.1302    33.9818    33.9807    8.40894         24 0.0000e+00
    185.000    183.004    -1.5656  27.052202    -1.5646  27.052263     6.4757     6.6636     0.4943    96.0123 1.0000e-12  -74.02970 -111.55926  43.628808      99.94 1.2383e+03    474.998      11401  1028.2374  1028.2365     4.5547     0.1623     0.1309    33.9823    33.9812    8.40953         24 0.0000e+00
    186.000    183.994    -1.5683  27.050465    -1.5676  27.050376     6.4744     6.6732     0.4999    95.9386 1.0000e-12  -74.02970 -111.55926  43.628819      99.95 1.3274e+03    475.983      11425  1028.2423  1028.2415     4.5513     0.1614     0.1396    33.9822    33.9813    8.41012         24 0.0000e+00
    187.000    184.981    -1.5719  27.048052    -1.5709  27.048206     6.4625     6.6671     0.5109    96.0735 1.0000e-12  -74.02970 -111.55926  43.628831      99.60 1.3948e+03    476.983      11449  1028.2474  1028.2466     4.5577     0.1908     0.1364    33.9824    33.9815    8.41093         24 0.0000e+00
    188.000    185.971    -1.5712  27.049289    -1.5704  27.049175     6.4523     6.6630     0.5920    96.0072 1.0000e-12  -74.02970 -111.55926  43.628842      91.31 1.4161e+03    477.986      11473  1028.2523  1028.2513     4.5544     0.1585     0.1338    33.9827    33.9816    8.41077         24 0.0000e+00
    189.000    186.960    -1.5691  27.051895    -1.5681  27.051931     6.4637     6.6607     0.6236    96.0710 1.0000e-12  -74.02970 -111.55926  43.628854      99.96 1.4060e+03    478.981      11497  1028.2575  1028.2564     4.5575     0.1714     0.1355    33.9833    33.9822    8.41025         24 0.0000e+00
    190.000    187.947    -1.5690  27.052639    -1.5681  27.052719     6.4481     6.6612     0.7663    96.0206 1.0000e-12  -74.02970 -111.55926  43.628865      99.95 1.3933e+03    479.977      11520  1028.2624  1028.2616     4.5551     0.1741     0.1365    33.9836    33.9826    8.41021         24 0.0000e+00
    191.000    188.937    -1.5689  27.053445    -1.5680  27.053364     6.4426     6.6550     0.5168    95.8983 1.0000e-12  -74.02970 -111.55926  43.628877      99.94 1.4203e+03    480.992      11545  1028.2675  1028.2665     4.5493     0.1664     0.1528    33.9840    33.9828    8.41017         25 0.0000e+00
    192.000    189.926    -1.5682  27.054566    -1.5672  27.054500     6.4462     6.6578     0.6144    95.7685 1.0000e-12  -74.02970 -111.55926  43.628889      99.94 1.5121e+03    482.011      11569  1028.2723  1028.2713     4.5431     0.1891     0.1400    33.9840    33.9829    8.41000         24 0.0000e+00
    193.000    190.915    -1.5681  27.055176    -1.5670  27.055204     6.4405     6.6497     0.4776    95.8360 1.0000e-12  -74.02970 -111.55926  43.628901      99.94 1.6078e+03    483.021      11594  1028.2771  1028.2761     4.5463     0.1561     0.1372    33.9841    33.9829    8.40997         24 0.0000e+00
    194.000    191.904    -1.5679  27.055957    -1.5668  27.056014     6.4435     6.6408     0.6227    95.8733 1.0000e-12  -74.02970 -111.55926  43.628912      99.95 1.6486e+03    484.015      11617  1028.2821  1028.2811     4.5481     0.1398     0.1342    33.9844    33.9832    8.40992         24 0.0000e+00
    195.000    192.893    -1.5685  27.056247    -1.5673  27.056210     6.4420     6.6432     0.4961    95.6942 1.0000e-12  -74.02970 -111.55926  43.628924      99.95 1.6145e+03    485.004      11641  1028.2873  1028.2861     4.5396     0.1690     0.1369    33.9849    33.9834    8.41003         24 0.0000e+00
    196.000    193.881    -1.5687  27.056919    -1.5677  27.056899     6.4387     6.6430     0.4400    95.8952 1.0000e-12  -74.02970 -111.55925  43.628935      99.94 1.5981e+03    486.007      11665  1028.2925  1028.2915     4.5491     0.1858     0.1353    33.9854    33.9842    8.41004         24 0.0000e+00
    197.000    194.869    -1.5690  27.057602    -1.5679  27.057551     6.4328     6.6414     0.5041    96.0010 1.0000e-12  -74.02970 -111.55925  43.628947      99.95 1.5887e+03    487.020      11689  1028.2978  1028.2967     4.5542     0.1775     0.1354    33.9860    33.9847    8.41006         24 0.0000e+00
    198.000    195.859    -1.5683  27.059102    -1.5673  27.059032     6.4224     6.6344     0.5856    95.9431 1.0000e-12  -74.02970 -111.55926  43.628958      99.94 1.4891e+03    488.005      11713  1028.3031  1028.3020     4.5514     0.1609     0.1377    33.9867    33.9854    8.40987         24 0.0000e+00
    199.000    196.847    -1.5672  27.061021    -1.5658  27.061237     6.4235     6.6308     0.5957    95.8436 1.0000e-12  -74.02970 -111.55926  43.628970      99.94 1.4413e+03    488.985      11737  1028.3085  1028.3073     4.5467     0.1922     0.1330    33.9875    33.9861    8.40957         23 0.0000e+00
    200.000    197.834    -1.5662  27.062379    -1.5650  27.062379     6.4314     6.6319     0.5530    95.6111 1.0000e-12  -74.02970 -111.55926  43.628981      99.95 1.4858e+03    489.973      11760  1028.3133  1028.3122     4.5357     0.1625     0.1365    33.9876    33.9863    8.40934         24 0.0000e+00
    201.000    198.826    -1.5651  27.064007    -1.5638  27.064216     6.4329     6.6394     0.5878    95.8004 1.0000e-12  -74.02970 -111.55926  43.628993      93.15 1.5695e+03    490.962      11784  1028.3183  1028.3172     4.5446     0.2237     0.1321    33.9880    33.9867    8.40907         24 0.0000e+00
    202.000    199.812    -1.5649  27.064543    -1.5636  27.064814     6.4174     6.6319     0.5466    95.8408 1.0000e-12  -74.02970 -111.55926  43.629004      99.79 1.6596e+03    491.965      11808  1028.3230  1028.3221     4.5466     0.1876     0.1318    33.9879    33.9868    8.40903         24 0.0000e+00
    203.000    200.802    -1.5636  27.066674    -1.5625  27.066611     6.4271     6.6285     0.6511    95.8997 1.0000e-12  -74.02970 -111.55926  43.629016      99.95 1.6968e+03    492.969      11832  1028.3284  1028.3273     4.5493     0.1536     0.1309    33.9886    33.9873    8.40868         24 0.0000e+00
    204.000    201.791    -1.5630  27.068364    -1.5619  27.068140     6.4355     6.6236     0.6177    95.8445 1.0000e-12  -74.02970 -111.55926  43.629027      99.95 1.7193e+03    493.955      11856  1028.3340  1028.3328     4.5468     0.1577     0.1315    33.9897    33.9882    8.40848         23 0.0000e+00
    205.000    202.778    -1.5632  27.069386    -1.5621  27.069404     6.4220     6.6223     0.7676    95.8910 1.0000e-12  -74.02970 -111.55926  43.629039      99.94 1.7277e+03    494.945      11880  1028.3396  1028.3387     4.5490     0.2115     0.1345    33.9907    33.9895    8.40847         24 0.0000e+00
    206.000    203.767    -1.5635  27.070013    -1.5624  27.069981     6.3952     6.6185     1.1218    96.0598 1.0000e-12  -74.02970 -111.55926  43.629051      99.94 1.7261e+03    495.970      11904  1028.3449  1028.3439     4.5570     0.2028     0.1319    33.9913    33.9900    8.40850         25 0.0000e+00
    207.000    204.758    -1.5639  27.070540    -1.5629  27.070528     6.3873     6.6108     0.8595    95.8420 1.0000e-12  -74.02970 -111.55926  43.629062      99.94 1.7230e+03    496.991      11929  1028.3503  1028.3492     4.5466     0.2094     0.1321    33.9919    33.9906    8.40857         24 0.0000e+00
    208.000    205.745    -1.5644  27.071331    -1.5635  27.071254     6.4034     6.6012     0.5527    95.8683 1.0000e-12  -74.02970 -111.55926  43.629074      99.94 1.7125e+03    497.988      11953  1028.3559  1028.3549     4.5479     0.1491     0.1295    33.9929    33.9917    8.40862         24 0.0000e+00
