ocean_section_plots/required_files/ctd/dnbp2202_ctd132.cnv
* Sea-Bird SBE 9 Data File:
* FileName = D:\Data\raw\NBP2202_CTD132.hex
* Software Version Seasave V 7.26.7.121
* Temperature SN = 1649
* Conductivity SN = 2513
* Number of Bytes Per Scan = 40
* Number of Voltage Words = 5
* Number of Scans Averaged by the Deck Unit = 1
* NMEA Latitude = 74 06.56 S
* NMEA Longitude = 112 17.20 W
* NMEA UTC (Time) = Jan 28 2022  03:29:28
* NMEA baud rate = 9600
** Ship: RVIB N.B. Palmer
** Cruise: NBP2202 Thwaites
** Station: 61
** Operator: B. Bjork
# nquan = 25
# nvalues = 838                         
# units = specified
# name 0 = prDM: Pressure, Digiquartz [db]
# name 1 = depSM: Depth [salt water, m]
# name 2 = t090C: Temperature [ITS-90, deg C]
# name 3 = c0mS/cm: Conductivity [mS/cm]
# name 4 = t190C: Temperature, 2 [ITS-90, deg C]
# name 5 = c1mS/cm: Conductivity, 2 [mS/cm]
# name 6 = sbeox0ML/L: Oxygen, SBE 43 [ml/l]
# name 7 = sbeox1ML/L: Oxygen, SBE 43, 2 [ml/l]
# name 8 = flECO-AFL: Fluorescence, WET Labs ECO-AFL/FL [mg/m^3]
# name 9 = CStarTr0: Beam Transmission, WET Labs C-Star [%]
# name 10 = par: PAR/Irradiance, Biospherical/Licor
# name 11 = latitude: Latitude [deg]
# name 12 = longitude: Longitude [deg]
# name 13 = timeJ: Julian Days
# name 14 = altM: Altimeter [m]
# name 15 = spar: SPAR, Biospherical/Licor
# name 16 = timeS: Time, Elapsed [seconds]
# name 17 = scan: Scan Count
# name 18 = density00: Density [density, kg/m^3]
# name 19 = density11: Density, 2 [density, kg/m^3]
# name 20 = sal00: Salinity, Practical [PSU]
# name 21 = sal11: Salinity, Practical, 2 [PSU]
# name 22 = oxsolML/L: Oxygen Saturation, Garcia & Gordon [ml/l]
# name 23 = nbin: number of scans per bin
# name 24 = flag: flag
# span 0 =      2.000,    839.000       
# span 1 =      1.980,    828.614       
# span 2 =    -1.5499,     0.5537       
# span 3 =  27.045755,  29.556995       
# span 4 =    -1.5506,     0.5557       
# span 5 =  27.045603,  29.556711       
# span 6 =     4.5634,     9.0206       
# span 7 =     4.6685,     9.3344       
# span 8 =    -0.0095,    29.4456       
# span 9 =    66.3981,    94.7804       
# span 10 = -1.951e-05, 3.6390e+01      
# span 11 =  -74.10940,  -74.10914      
# span 12 = -112.28670, -112.28644      
# span 13 =  28.147782,  28.159242      
# span 14 =      -1.84,     100.23      
# span 15 = 9.3410e+01, 1.0179e+02      
# span 16 =    200.363,   1190.620      
# span 17 =       4810,      28576      
# span 18 =  1027.1872,  1031.6725      
# span 19 =  1027.1917,  1031.6695      
# span 20 =    33.8112,    34.5636      
# span 21 =    33.8158,    34.5603      
# span 22 =    7.92003,    8.40596      
# span 23 =          1,         47      
# span 24 = 0.0000e+00, 0.0000e+00      
# interval = decibars: 1                
# start_time = Jan 28 2022 03:29:28 [NMEA time, header]
# bad_flag = -9.990e-29
*END*
[from data line 580]
    582.000    575.171     0.2067  29.048105     0.2088  29.047983     4.7049     4.8287    -0.0031    94.5228 1.0000e-12  -74.10916 -112.28648  28.155651      99.77 1.0100e+02    880.282      21128  1030.3908  1030.3885    34.4320    34.4294    7.99889         24 0.0000e+00
    583.000    576.157     0.2073  29.049472     0.2094  29.049259     4.7072     4.8265    -0.0013    94.5326 1.0000e-12  -74.10916 -112.28648  28.155663      99.76 1.0098e+02    881.302      21152  1030.3958  1030.3936    34.4325    34.4299    7.99873         25 0.0000e+00
    584.000    577.143     0.2078  29.050420     0.2099  29.050310     4.7093     4.8256    -0.0013    94.5304 1.0000e-12  -74.10916 -112.28648  28.155675      99.76 1.0098e+02    882.341      21177  1030.4006  1030.3984    34.4326    34.4301    7.99862         25 0.0000e+00
    585.000    578.131     0.2083  29.051626     0.2103  29.051402     4.7079     4.8229    -0.0010    94.5510 1.0000e-12  -74.10916 -112.28646  28.155687      99.77 1.0064e+02    883.325      21201  1030.4056  1030.4034    34.4330    34.4305    7.99849         23 0.0000e+00
    586.000    579.118     0.2092  29.053096     0.2112  29.052911     4.7174     4.8266    -0.0020    94.5355 1.0000e-12  -74.10916 -112.28648  28.155698      99.76 1.0079e+02    884.293      21224  1030.4105  1030.4084    34.4334    34.4309    7.99829         23 0.0000e+00
    587.000    580.105     0.2098  29.054280     0.2118  29.054137     4.7188     4.8293     0.0017    94.5188 1.0000e-12  -74.10914 -112.28646  28.155710      88.92 1.0048e+02    885.309      21248  1030.4154  1030.4133    34.4337    34.4313    7.99814         25 0.0000e+00
    588.000    581.092     0.2110  29.056175     0.2131  29.055939     4.7111     4.8246     0.0051    94.5281 1.0000e-12  -74.10916 -112.28648  28.155721      93.47 1.0130e+02    886.322      21273  1030.4205  1030.4182    34.4343    34.4317    7.99787         24 0.0000e+00
    589.000    582.078     0.2119  29.057589     0.2140  29.057446     4.7124     4.8231    -0.0000    94.5143 1.0000e-12  -74.10914 -112.28646  28.155733      98.70 1.0144e+02    887.302      21296  1030.4253  1030.4231    34.4345    34.4320    7.99766         24 0.0000e+00
    590.000    583.065     0.2135  29.059861     0.2156  29.059685     4.7117     4.8212     0.0059    94.5455 1.0000e-12  -74.10916 -112.28646  28.155744      99.75 1.0056e+02    888.320      21321  1030.4303  1030.4281    34.4351    34.4325    7.99729         25 0.0000e+00
    591.000    584.051     0.2152  29.062167     0.2173  29.062080     4.7121     4.8218    -0.0007    94.5282 1.0000e-12  -74.10914 -112.28646  28.155756      99.76 1.0085e+02    889.348      21345  1030.4353  1030.4332    34.4357    34.4333    7.99691         24 0.0000e+00
    592.000    585.039     0.2163  29.064036     0.2186  29.063942     4.7051     4.8189     0.0063    94.5490 1.0000e-12  -74.10914 -112.28646  28.155768      99.77 1.0110e+02    890.336      21369  1030.4405  1030.4382    34.4363    34.4337    7.99664         23 0.0000e+00
    593.000    586.025     0.2201  29.068317     0.2223  29.068254     4.7028     4.8205     0.0003    94.5378 1.0000e-12  -74.10914 -112.28646  28.155779      99.77 1.0063e+02    891.301      21392  1030.4455  1030.4433    34.4371    34.4346    7.99581         24 0.0000e+00
    594.000    587.012     0.2224  29.071117     0.2248  29.071081     4.7036     4.8245    -0.0004    94.5399 1.0000e-12  -74.10914 -112.28646  28.155790      99.76 1.0048e+02    892.273      21416  1030.4504  1030.4481    34.4377    34.4350    7.99531         23 0.0000e+00
    595.000    588.000     0.2221  29.071106     0.2238  29.070809     4.7039     4.8173     0.0038    94.5537 1.0000e-12  -74.10914 -112.28646  28.155802      99.76 1.0048e+02    893.263      21439  1030.4550  1030.4530    34.4374    34.4351    7.99539         24 0.0000e+00
    596.000    588.985     0.2238  29.073274     0.2262  29.073467     4.7027     4.8168     0.0022    94.5562 1.0000e-12  -74.10914 -112.28646  28.155814      99.77 1.0048e+02    894.300      21464  1030.4599  1030.4576    34.4378    34.4353    7.99501         25 0.0000e+00
    597.000    589.973     0.2265  29.076673     0.2290  29.076771     4.7039     4.8153    -0.0004    94.5419 1.0000e-12  -74.10914 -112.28646  28.155826      99.76 1.0048e+02    895.320      21489  1030.4649  1030.4627    34.4386    34.4360    7.99439         24 0.0000e+00
    598.000    590.961     0.2271  29.077586     0.2295  29.077807     4.7009     4.8199    -0.0007    94.5413 1.0000e-12  -74.10914 -112.28646  28.155837      99.76 1.0161e+02    896.277      21512  1030.4696  1030.4675    34.4386    34.4361    7.99428         22 0.0000e+00
    599.000    591.945     0.2281  29.079033     0.2297  29.078449     4.7040     4.8174     0.0018    94.5453 1.0000e-12  -74.10914 -112.28646  28.155848      99.77 1.0076e+02    897.251      21535  1030.4744  1030.4723    34.4388    34.4363    7.99406         24 0.0000e+00
    600.000    592.933     0.2290  29.080770     0.2304  29.079771     4.7109     4.8194     0.0127    94.5605 1.0000e-12  -74.10914 -112.28646  28.155860      74.55 1.0141e+02    898.262      21559  1030.4796  1030.4772    34.4394    34.4366    7.99383         25 0.0000e+00
    601.000    593.920     0.2295  29.081714     0.2316  29.081578     4.7174     4.8179    -0.0004    94.5760 1.0000e-12  -74.10914 -112.28646  28.155871      93.49 1.0151e+02    899.249      21583  1030.4843  1030.4821    34.4395    34.4370    7.99372         24 0.0000e+00
    602.000    594.907     0.2282  29.081085     0.2300  29.080754     4.7073     4.8168    -0.0004    94.5725 1.0000e-12  -74.10914 -112.28646  28.155882      99.72 1.0026e+02    900.243      21607  1030.4892  1030.4872    34.4396    34.4371    7.99399         23 0.0000e+00
    603.000    595.894     0.2264  29.080889     0.2287  29.081038     4.7107     4.8209    -0.0010    94.5731 1.0000e-12  -74.10914 -112.28646  28.155894      99.76 1.0109e+02    901.254      21631  1030.4951  1030.4930    34.4408    34.4384    7.99430         24 0.0000e+00
    604.000    596.880     0.2238  29.078787     0.2275  29.080647     4.7211     4.8277    -0.0007    94.5531 1.0000e-12  -74.10914 -112.28646  28.155905      99.77 1.0141e+02    902.224      21654  1030.4997  1030.4980    34.4404    34.4386    7.99487         23 0.0000e+00
    605.000    597.867     0.2201  29.076208     0.2223  29.076222     4.7174     4.8289    -0.0067    94.5379 1.0000e-12  -74.10914 -112.28644  28.155917      99.77 1.0042e+02    903.194      21678  1030.5049  1030.5028    34.4405    34.4380    7.99562         25 0.0000e+00
    606.000    598.855     0.2184  29.075508     0.2204  29.075301     4.7159     4.8314    -0.0044    94.5640 1.0000e-12  -74.10914 -112.28646  28.155928      99.76 1.0091e+02    904.211      21702  1030.5101  1030.5079    34.4409    34.4384    7.99596         24 0.0000e+00
    607.000    599.841     0.2200  29.077808     0.2221  29.077677     4.7128     4.8303     0.0028    94.5635 1.0000e-12  -74.10914 -112.28646  28.155940      99.77 1.0110e+02    905.206      21726  1030.5151  1030.5129    34.4415    34.4390    7.99559         23 0.0000e+00
    608.000    600.827     0.2217  29.079782     0.2238  29.079798     4.7117     4.8274     0.0069    94.5894 1.0000e-12  -74.10914 -112.28646  28.155951      99.77 1.0040e+02    906.172      21749  1030.5197  1030.5177    34.4416    34.4393    7.99523         23 0.0000e+00
    609.000    601.814     0.2231  29.081913     0.2256  29.082178     4.7117     4.8292     0.0051    94.5838 1.0000e-12  -74.10914 -112.28646  28.155962      99.77 1.0092e+02    907.144      21772  1030.5247  1030.5226    34.4423    34.4398    7.99489         24 0.0000e+00
    610.000    602.802     0.2298  29.089295     0.2327  29.089690     4.7137     4.8290    -0.0003    94.5637 1.0000e-12  -74.10914 -112.28646  28.155974      99.77 1.0107e+02    908.136      21796  1030.5302  1030.5277    34.4440    34.4412    7.99342         24 0.0000e+00
    611.000    603.787     0.2309  29.091150     0.2329  29.091036     4.7234     4.8315    -0.0004    94.5736 1.0000e-12  -74.10914 -112.28646  28.155985      99.77 1.0071e+02    909.130      21820  1030.5353  1030.5332    34.4445    34.4422    7.99315         23 0.0000e+00
    612.000    604.774     0.2255  29.087366     0.2276  29.087453     4.7202     4.8327    -0.0004    94.5753 1.0000e-12  -74.10914 -112.28646  28.155997      99.77 1.0100e+02    910.108      21844  1030.5409  1030.5390    34.4450    34.4428    7.99425         24 0.0000e+00
    613.000    605.762     0.2235  29.086423     0.2263  29.086838     4.7237     4.8324    -0.0004    94.5695 1.0000e-12  -74.10914 -112.28646  28.156007      96.14 1.0120e+02    911.050      21866  1030.5461  1030.5438    34.4454    34.4428    7.99464         22 0.0000e+00
    614.000    606.748     0.2242  29.087309     0.2264  29.087221     4.7226     4.8349    -0.0004    94.5826 1.0000e-12  -74.10914 -112.28646  28.156019      83.60 1.0136e+02    912.007      21889  1030.5507  1030.5484    34.4453    34.4427    7.99451         24 0.0000e+00
    615.000    607.734     0.2230  29.086818     0.2259  29.087314     4.7234     4.8357     0.0043    94.5830 1.0000e-12  -74.10914 -112.28646  28.156031      94.30 1.0063e+02    913.038      21914  1030.5556  1030.5532    34.4454    34.4428    7.99476         25 0.0000e+00
    616.000    608.721     0.2216  29.086363     0.2244  29.086792     4.7146     4.8378     0.0025    94.5680 1.0000e-12  -74.10914 -112.28646  28.156042      99.74 1.0125e+02    914.038      21938  1030.5606  1030.5584    34.4457    34.4432    7.99502         23 0.0000e+00
    617.000    609.708     0.2210  29.086527     0.2232  29.086491     4.7162     4.8357     0.0018    94.5713 1.0000e-12  -74.10914 -112.28646  28.156053      99.76 1.0178e+02    914.992      21961  1030.5656  1030.5635    34.4460    34.4436    7.99512         23 0.0000e+00
    618.000    610.694     0.2219  29.087930     0.2240  29.087860     4.7213     4.8298     0.0044    94.5815 1.0000e-12  -74.10914 -112.28646  28.156064      99.77 1.0117e+02    915.968      21984  1030.5704  1030.5684    34.4463    34.4439    7.99493         23 0.0000e+00
    619.000    611.682     0.2234  29.090109     0.2255  29.090022     4.7208     4.8318     0.0005    94.5763 1.0000e-12  -74.10914 -112.28646  28.156076      99.77 1.0107e+02    916.947      22008  1030.5755  1030.5733    34.4469    34.4444    7.99458         24 0.0000e+00
    620.000    612.670     0.2261  29.093677     0.2282  29.093429     4.7227     4.8338     0.0065    94.5869 1.0000e-12  -74.10914 -112.28646  28.156087      99.77 1.0155e+02    917.904      22031  1030.5808  1030.5785    34.4480    34.4453    7.99396         23 0.0000e+00
    621.000    613.654     0.2280  29.096074     0.2301  29.095881     4.7185     4.8346     0.0069    94.5796 1.0000e-12  -74.10914 -112.28646  28.156098      99.77 9.9750e+01    918.894      22054  1030.5857  1030.5835    34.4485    34.4459    7.99354         24 0.0000e+00
    622.000    614.642     0.2287  29.097199     0.2305  29.096760     4.7157     4.8321     0.0069    94.5830 1.0000e-12  -74.10914 -112.28646  28.156110      99.77 1.0055e+02    919.917      22079  1030.5904  1030.5882    34.4485    34.4460    7.99338         25 0.0000e+00
    623.000    615.629     0.2319  29.101362     0.2336  29.100712     4.7151     4.8235     0.0001    94.5957 1.0000e-12  -74.10914 -112.28646  28.156122      99.77 1.0169e+02    920.897      22103  1030.5958  1030.5935    34.4499    34.4471    7.99265         23 0.0000e+00
    624.000    616.615     0.2387  29.109626     0.2408  29.109173     4.7231     4.8272     0.0043    94.5915 1.0000e-12  -74.10914 -112.28646  28.156133      99.77 1.0057e+02    921.863      22126  1030.6020  1030.5995    34.4525    34.4495    7.99109         23 0.0000e+00
    625.000    617.603     0.2418  29.113285     0.2438  29.113106     4.7197     4.8328     0.0066    94.5826 1.0000e-12  -74.10914 -112.28646  28.156144      99.77 1.0071e+02    922.829      22149  1030.6070  1030.6049    34.4532    34.4508    7.99040         23 0.0000e+00
    626.000    618.588     0.2400  29.112212     0.2423  29.112320     4.7087     4.8292     0.0069    94.5924 1.0000e-12  -74.10914 -112.28646  28.156155      77.93 1.0114e+02    923.813      22173  1030.6120  1030.6099    34.4533    34.4509    7.99077         24 0.0000e+00
    627.000    619.575     0.2409  29.113886     0.2430  29.113773     4.7119     4.8254     0.0038    94.6065 1.0000e-12  -74.10914 -112.28646  28.156167      84.27 1.0033e+02    924.822      22197  1030.6172  1030.6150    34.4539    34.4514    7.99056         24 0.0000e+00
    628.000    620.561     0.2516  29.125470     0.2540  29.125338     4.7069     4.8235    -0.0004    94.6117 1.0000e-12  -74.10914 -112.28646  28.156178      96.94 1.0087e+02    925.798      22220  1030.6230  1030.6205    34.4566    34.4537    7.98819         23 0.0000e+00
    629.000    621.548     0.2556  29.129849     0.2578  29.129884     4.7022     4.8211    -0.0004    94.6245 1.0000e-12  -74.10914 -112.28646  28.156189      99.71 1.0104e+02    926.733      22243  1030.6279  1030.6257    34.4573    34.4548    7.98732         22 0.0000e+00
    630.000    622.535     0.2616  29.136936     0.2648  29.137558     4.6978     4.8121    -0.0004    94.6139 1.0000e-12  -74.10914 -112.28646  28.156200      99.76 1.0041e+02    927.686      22265  1030.6337  1030.6312    34.4593    34.4565    7.98596         24 0.0000e+00
    631.000    623.522     0.2693  29.144317     0.2694  29.142254     4.7021     4.8150    -0.0004    94.5853 1.0000e-12  -74.10914 -112.28646  28.156211      99.77 1.0113e+02    928.675      22289  1030.6381  1030.6359    34.4598    34.4570    7.98434         24 0.0000e+00
    632.000    624.508     0.2690  29.144588     0.2712  29.144562     4.6968     4.8055    -0.0004    94.6024 1.0000e-12  -74.10914 -112.28646  28.156223      99.77 1.0132e+02    929.653      22313  1030.6430  1030.6407    34.4599    34.4574    7.98439         23 0.0000e+00
    633.000    625.496     0.2708  29.146793     0.2734  29.146959     4.6895     4.8036    -0.0063    94.6126 1.0000e-12  -74.10914 -112.28646  28.156234      99.77 9.9784e+01    930.624      22336  1030.6478  1030.6455    34.4602    34.4575    7.98400         24 0.0000e+00
    634.000    626.481     0.2752  29.151307     0.2778  29.151392     4.6933     4.7993     0.0009    94.6262 1.0000e-12  -74.10915 -112.28646  28.156246      99.76 1.0071e+02    931.627      22360  1030.6525  1030.6500    34.4606    34.4578    7.98306         23 0.0000e+00
    635.000    627.469     0.2779  29.153938     0.2796  29.153619     4.6791     4.8040     0.0032    94.6043 1.0000e-12  -74.10915 -112.28646  28.156257      99.77 1.0136e+02    932.600      22383  1030.6569  1030.6548    34.4605    34.4581    7.98251         24 0.0000e+00
    636.000    628.453     0.2768  29.153382     0.2793  29.153597     4.6837     4.7980     0.0022    94.6016 1.0000e-12  -74.10915 -112.28646  28.156268      99.77 1.0043e+02    933.554      22406  1030.6617  1030.6595    34.4604    34.4579    7.98275         23 0.0000e+00
    637.000    629.442     0.2809  29.158065     0.2835  29.158205     4.6832     4.7995     0.0047    94.6430 1.0000e-12  -74.10915 -112.28646  28.156279      99.77 1.0012e+02    934.541      22430  1030.6668  1030.6644    34.4614    34.4586    7.98184         24 0.0000e+00
    638.000    630.428     0.2855  29.162823     0.2890  29.163777     4.6788     4.8030    -0.0026    94.6341 1.0000e-12  -74.10915 -112.28647  28.156291      99.77 1.0101e+02    935.533      22454  1030.6715  1030.6692    34.4618    34.4593    7.98085         23 0.0000e+00
