ocean_section_plots/required_files/ctd/dnbp2202_ctd114.cnv
* Sea-Bird SBE 9 Data File:
* FileName = D:\Data\raw\NBP2202_CTD114.hex
* Software Version Seasave V 7.26.7.121
* Temperature SN = 1649
* Conductivity SN = 2513
* Number of Bytes Per Scan = 40
* Number of Voltage Words = 5
* Number of Scans Averaged by the Deck Unit = 1
* NMEA Latitude = 74 10.52 S
* NMEA Longitude = 113 20.65 W
* NMEA UTC (Time) = Jan 27 2022  08:24:43
* NMEA baud rate = 9600
** Ship: RVIB N.B. Palmer
** Cruise: NBP2202 Thwaites
** Station: YoYo001
** Operator: B. Bjork
# nquan = 25
# nvalues = 608                         
# units = specified
# name 0 = prDM: Pressure, Digiquartz [db]
# name 1 = depSM: Depth [salt water, m]
# name 2 = t090C: Temperature [ITS-90, deg C]
# name 3 = c0mS/cm: Conductivity [mS/cm]
# name 4 = t190C: Temperature, 2 [ITS-90, deg C]
# name 5 = c1mS/cm: Conductivity, 2 [mS/cm]
# name 6 = sbeox0ML/L: Oxygen, SBE 43 [ml/l]
# name 7 = sbeox1ML/L: Oxygen, SBE 43, 2 [ml/l]
# name 8 = flECO-AFL: Fluorescence, WET Labs ECO-AFL/FL [mg/m^3]
# name 9 = CStarTr0: Beam Transmission, WET Labs C-Star [%]
# name 10 = par: PAR/Irradiance, Biospherical/Licor
# name 11 = latitude: Latitude [deg]
# name 12 = longitude: Longitude [deg]
# name 13 = timeJ: Julian Days
# name 14 = altM: Altimeter [m]
# name 15 = spar: SPAR, Biospherical/Licor
# name 16 = timeS: Time, Elapsed [seconds]
# name 17 = scan: Scan Count
# name 18 = density00: Density [density, kg/m^3]
# name 19 = density11: Density, 2 [density, kg/m^3]
# name 20 = sal00: Salinity, Practical [PSU]
# name 21 = sal11: Salinity, Practical, 2 [PSU]
# name 22 = oxsolML/L: Oxygen Saturation, Garcia & Gordon [ml/l]
# name 23 = nbin: number of scans per bin
# name 24 = flag: flag
# span 0 =     10.000,    617.000       
# span 1 =      9.892,    609.704       
# span 2 =    -1.4531,     0.1193       
# span 3 =  26.980961,  28.952752       
# span 4 =    -1.4519,     0.1217       
# span 5 =  26.980823,  28.952211       
# span 6 =     4.6776,     8.8456       
# span 7 =     4.7307,     8.8710       
# span 8 =    -0.0236,    25.3598       
# span 9 =    67.6913,    95.5738       
# span 10 = 1.0000e-12, 1.4183e+00      
# span 11 =  -74.17536,  -74.17536      
# span 12 = -113.34426, -113.34422      
# span 13 =  27.350841,  27.358214      
# span 14 =       7.23,      99.99      
# span 15 = 6.7291e+01, 7.2278e+01      
# span 16 =     29.678,    666.708      
# span 17 =        713,      16002      
# span 18 =  1027.2221,  1030.5266      
# span 19 =  1027.2196,  1030.5242      
# span 20 =    33.7908,    34.3886      
# span 21 =    33.7884,    34.3861      
# span 22 =    8.01953,    8.39380      
# span 23 =         16,         51      
# span 24 = 0.0000e+00, 0.0000e+00      
# interval = decibars: 1                
# start_time = Jan 27 2022 08:24:43 [NMEA time, header]
# bad_flag = -9.990e-29
*END*
[from data line 116]
    126.000    124.658    -1.3342  27.162394    -1.3325  27.162463     5.4371     5.4982    -0.0109    95.5306 1.0000e-12  -74.17536 -113.34424  27.352234      99.86 6.8752e+01    150.054       3602  1027.8855  1027.8839    33.9080    33.9061    8.36183         25 0.0000e+00
    127.000    125.647    -1.3369  27.160678    -1.3366  27.159535     5.4495     5.5169    -0.0118    95.5357 1.0000e-12  -74.17536 -113.34424  27.352246      99.86 6.8752e+01    151.075       3627  1027.8905  1027.8890    33.9081    33.9061    8.36243         25 0.0000e+00
    128.000    126.635    -1.3496  27.150929    -1.3481  27.151130     5.4573     5.5244    -0.0104    95.5267 1.0000e-12  -74.17536 -113.34424  27.352258      99.87 6.8752e+01    152.100       3651  1027.8964  1027.8952    33.9084    33.9070    8.36525         25 0.0000e+00
    129.000    127.626    -1.3546  27.148865    -1.3531  27.148758     5.4657     5.5265    -0.0129    95.5131 1.0000e-12  -74.17536 -113.34424  27.352270      99.87 6.8752e+01    153.138       3676  1027.9033  1027.9017    33.9106    33.9088    8.36624         24 0.0000e+00
    130.000    128.613    -1.3491  27.155729    -1.3474  27.155498     5.4647     5.5224    -0.0092    95.4662 1.0000e-12  -74.17536 -113.34424  27.352282      99.86 6.8752e+01    154.159       3701  1027.9097  1027.9079    33.9132    33.9110    8.36485         24 0.0000e+00
    131.000    129.604    -1.3440  27.161053    -1.3435  27.160061     5.4611     5.5255    -0.0151    95.5243 1.0000e-12  -74.17536 -113.34424  27.352294      99.86 6.8752e+01    155.183       3725  1027.9149  1027.9133    33.9141    33.9121    8.36365         25 0.0000e+00
    132.000    130.592    -1.3440  27.161711    -1.3422  27.161799     5.4457     5.5211    -0.0156    95.5465 1.0000e-12  -74.17536 -113.34424  27.352306      99.86 6.8752e+01    156.228       3750  1027.9198  1027.9182    33.9143    33.9125    8.36363         25 0.0000e+00
    133.000    131.581    -1.3403  27.166036    -1.3389  27.165718     5.4436     5.5130    -0.0221    95.5440 1.0000e-12  -74.17536 -113.34424  27.352318      99.87 6.8752e+01    157.255       3775  1027.9253  1027.9236    33.9155    33.9135    8.36274         25 0.0000e+00
    134.000    132.571    -1.3251  27.182418    -1.3224  27.182839     5.4382     5.5114    -0.0150    95.5248 1.0000e-12  -74.17536 -113.34424  27.352329      99.87 6.8752e+01    158.270       3799  1027.9329  1027.9308    33.9202    33.9176    8.35907         24 0.0000e+00
    135.000    133.559    -1.3165  27.191773    -1.3151  27.191293     5.4395     5.5142    -0.0221    95.5461 1.0000e-12  -74.17536 -113.34424  27.352341      99.45 6.8752e+01    159.295       3824  1027.9392  1027.9373    33.9226    33.9203    8.35698         25 0.0000e+00
    136.000    134.548    -1.3149  27.194274    -1.3136  27.193857     5.4500     5.5109    -0.0159    95.5559 1.0000e-12  -74.17536 -113.34424  27.352353      99.57 6.8752e+01    160.311       3848  1027.9448  1027.9431    33.9237    33.9216    8.35657         24 0.0000e+00
    137.000    135.538    -1.3152  27.195618    -1.3139  27.195071     5.4535     5.5227    -0.0209    95.5533 1.0000e-12  -74.17536 -113.34424  27.352365      99.87 6.8752e+01    161.325       3873  1027.9510  1027.9491    33.9252    33.9229    8.35655         25 0.0000e+00
    138.000    136.526    -1.3153  27.196324    -1.3137  27.196176     5.4517     5.5237    -0.0116    95.5484 1.0000e-12  -74.17536 -113.34424  27.352377      99.86 6.8752e+01    162.358       3898  1027.9563  1027.9545    33.9257    33.9236    8.35654         24 0.0000e+00
    139.000    137.516    -1.3150  27.197047    -1.3146  27.196283     5.4537     5.5215    -0.0026    95.5533 1.0000e-12  -74.17536 -113.34424  27.352389      99.86 6.8752e+01    163.387       3922  1027.9611  1027.9599    33.9257    33.9242    8.35647         25 0.0000e+00
    140.000    138.503    -1.3173  27.196588    -1.3161  27.196107     5.4687     5.5351    -0.0089    95.5452 1.0000e-12  -74.17536 -113.34424  27.352401      99.86 6.8752e+01    164.399       3947  1027.9672  1027.9655    33.9270    33.9250    8.35690         24 0.0000e+00
    141.000    139.494    -1.3184  27.196201    -1.3174  27.195776     5.4807     5.5398    -0.0150    95.5522 1.0000e-12  -74.17536 -113.34424  27.352412      99.86 6.8752e+01    165.420       3971  1027.9722  1027.9707    33.9271    33.9254    8.35715         25 0.0000e+00
    142.000    140.481    -1.3189  27.197855    -1.3177  27.197352     5.4798     5.5447    -0.0150    95.5463 1.0000e-12  -74.17536 -113.34424  27.352424      99.86 6.8752e+01    166.434       3995  1027.9788  1027.9771    33.9294    33.9273    8.35713         24 0.0000e+00
    143.000    141.472    -1.3200  27.198642    -1.3186  27.198403     5.4849     5.5542    -0.0126    95.5569 1.0000e-12  -74.17536 -113.34424  27.352436      99.86 6.8752e+01    167.432       4019  1027.9850  1027.9835    33.9310    33.9292    8.35726         24 0.0000e+00
    144.000    142.459    -1.3199  27.199367    -1.3178  27.199764     5.4836     5.5545    -0.0095    95.5615 1.0000e-12  -74.17536 -113.34424  27.352447      99.86 6.8752e+01    168.454       4044  1027.9901  1027.9885    33.9314    33.9295    8.35724         25 0.0000e+00
    145.000    143.450    -1.3210  27.199687    -1.3192  27.199626     5.4842     5.5582    -0.0149    95.5564 1.0000e-12  -74.17536 -113.34424  27.352459      99.86 6.8752e+01    169.491       4069  1027.9958  1027.9941    33.9324    33.9303    8.35741         25 0.0000e+00
    146.000    144.437    -1.3219  27.200453    -1.3223  27.198341     5.4701     5.5491    -0.0150    95.5644 1.0000e-12  -74.17536 -113.34424  27.352471      99.86 6.8752e+01    170.504       4093  1028.0018  1028.0000    33.9338    33.9314    8.35753         23 0.0000e+00
    147.000    145.427    -1.3102  27.211591    -1.3082  27.211513     5.4378     5.5239    -0.0153    95.5614 1.0000e-12  -74.17536 -113.34424  27.352483      99.86 6.8752e+01    171.519       4117  1028.0070  1028.0051    33.9352    33.9329    8.35482         25 0.0000e+00
    148.000    146.417    -1.3004  27.220886    -1.3017  27.217958     5.4009     5.4865    -0.0225    95.5580 1.0000e-12  -74.17536 -113.34424  27.352495      99.87 6.8752e+01    172.536       4142  1028.0121  1028.0101    33.9363    33.9337    8.35258         24 0.0000e+00
    149.000    147.404    -1.2733  27.245748    -1.2749  27.241980     5.3658     5.4556    -0.0078    95.5559 1.0000e-12  -74.17536 -113.34424  27.352506      98.54 6.8752e+01    173.533       4166  1028.0174  1028.0149    33.9390    33.9357    8.34634         24 0.0000e+00
    150.000    148.394    -1.2526  27.264273    -1.2502  27.264349     5.3417     5.4308    -0.0141    95.5738 1.0000e-12  -74.17536 -113.34424  27.352518      99.86 6.8752e+01    174.542       4190  1028.0222  1028.0199    33.9404    33.9377    8.34165         25 0.0000e+00
    151.000    149.383    -1.2352  27.280279    -1.2337  27.279709     5.3111     5.4009    -0.0209    95.5557 1.0000e-12  -74.17536 -113.34424  27.352530      99.86 6.8752e+01    175.572       4215  1028.0273  1028.0253    33.9420    33.9395    8.33767         24 0.0000e+00
    152.000    150.371    -1.2216  27.293158    -1.2194  27.292960     5.2905     5.3763    -0.0224    95.5076 1.0000e-12  -74.17536 -113.34424  27.352542      99.86 6.8752e+01    176.590       4239  1028.0329  1028.0304    33.9436    33.9408    8.33455         25 0.0000e+00
    153.000    151.360    -1.2035  27.309882    -1.1986  27.311707     5.2796     5.3665    -0.0126    95.5582 1.0000e-12  -74.17536 -113.34424  27.352553      99.86 6.8752e+01    177.608       4264  1028.0381  1028.0354    33.9454    33.9423    8.33040         24 0.0000e+00
    154.000    152.350    -1.1927  27.319571    -1.1910  27.319267     5.2753     5.3655    -0.0077    95.5543 1.0000e-12  -74.17536 -113.34424  27.352565      99.87 6.8752e+01    178.626       4288  1028.0429  1028.0409    33.9458    33.9434    8.32797         25 0.0000e+00
    155.000    153.338    -1.1947  27.318281    -1.1938  27.317333     5.2618     5.3448    -0.0077    95.5499 1.0000e-12  -74.17536 -113.34424  27.352577      99.86 6.8752e+01    179.620       4312  1028.0479  1028.0461    33.9456    33.9434    8.32842         23 0.0000e+00
    156.000    154.327    -1.1825  27.329913    -1.1829  27.327559     5.2293     5.3076    -0.0129    95.5397 1.0000e-12  -74.17536 -113.34424  27.352588      99.86 6.8752e+01    180.612       4336  1028.0534  1028.0512    33.9472    33.9443    8.32562         24 0.0000e+00
    157.000    155.316    -1.1665  27.345581    -1.1599  27.348804     5.2091     5.2869    -0.0124    95.5440 1.0000e-12  -74.17536 -113.34424  27.352600      99.87 6.8752e+01    181.626       4360  1028.0596  1028.0567    33.9499    33.9468    8.32190         25 0.0000e+00
    158.000    156.306    -1.1304  27.378986    -1.1301  27.376783     5.2016     5.2849     0.0062    95.5171 1.0000e-12  -74.17536 -113.34424  27.352612      99.86 6.8752e+01    182.637       4384  1028.0657  1028.0631    33.9541    33.9508    8.31364         23 0.0000e+00
    159.000    157.295    -1.1243  27.384860    -1.1257  27.382261     5.1907     5.2657    -0.0144    95.4911 1.0000e-12  -74.17536 -113.34424  27.352623      99.86 6.8752e+01    183.640       4408  1028.0709  1028.0694    33.9546    33.9526    8.31226         25 0.0000e+00
    160.000    158.281    -1.1274  27.383900    -1.1268  27.381995     5.1833     5.2497    -0.0086    95.5201 1.0000e-12  -74.17536 -113.34424  27.352635      99.86 6.8752e+01    184.661       4433  1028.0775  1028.0748    33.9562    33.9529    8.31285         25 0.0000e+00
    161.000    159.272    -1.1119  27.397435    -1.1104  27.396847     5.1759     5.2453    -0.0222    95.5163 1.0000e-12  -74.17536 -113.34424  27.352647      94.12 6.8752e+01    185.670       4457  1028.0818  1028.0797    33.9565    33.9540    8.30939         24 0.0000e+00
    162.000    160.261    -1.1058  27.403432    -1.1046  27.402603     5.1744     5.2489    -0.0147    95.5051 1.0000e-12  -74.17536 -113.34424  27.352658      99.84 6.8752e+01    186.663       4481  1028.0870  1028.0849    33.9572    33.9547    8.30800         23 0.0000e+00
    163.000    161.250    -1.1049  27.404707    -1.1034  27.404274     5.1769     5.2460    -0.0074    95.4810 1.0000e-12  -74.17536 -113.34424  27.352670      99.86 6.8752e+01    187.672       4505  1028.0921  1028.0901    33.9573    33.9550    8.30780         25 0.0000e+00
    164.000    162.238    -1.1034  27.406705    -1.1023  27.405759     5.1748     5.2444    -0.0125    95.4914 1.0000e-12  -74.17536 -113.34424  27.352681      99.86 6.8752e+01    188.678       4529  1028.0974  1028.0953    33.9577    33.9552    8.30744         24 0.0000e+00
    165.000    163.228    -1.1003  27.410417    -1.0992  27.409353     5.1838     5.2465    -0.0147    95.4799 1.0000e-12  -74.17536 -113.34424  27.352693      99.86 6.8752e+01    189.672       4553  1028.1029  1028.1007    33.9586    33.9559    8.30668         24 0.0000e+00
    166.000    164.216    -1.0978  27.413246    -1.0961  27.412826     5.1813     5.2429    -0.0096    95.4914 1.0000e-12  -74.17536 -113.34424  27.352705      99.87 6.8752e+01    190.675       4577  1028.1081  1028.1060    33.9591    33.9566    8.30612         24 0.0000e+00
    167.000    165.204    -1.0965  27.414886    -1.0944  27.414902     5.1987     5.2540    -0.0099    95.4849 1.0000e-12  -74.17536 -113.34424  27.352716      99.86 6.8752e+01    191.674       4601  1028.1131  1028.1111    33.9592    33.9569    8.30581         23 0.0000e+00
    168.000    166.195    -1.1027  27.410119    -1.1006  27.410448     5.2647     5.3144    -0.0141    95.4729 1.0000e-12  -74.17536 -113.34424  27.352728      99.87 6.8752e+01    192.665       4625  1028.1184  1028.1168    33.9591    33.9572    8.30719         25 0.0000e+00
    169.000    167.183    -1.1094  27.404120    -1.1094  27.403441     5.3358     5.3816    -0.0108    95.4712 1.0000e-12  -74.17536 -113.34424  27.352739      99.86 6.8752e+01    193.666       4649  1028.1228  1028.1220    33.9578    33.9569    8.30875         24 0.0000e+00
    170.000    168.171    -1.1719  27.352449    -1.1702  27.353285     5.3327     5.3781    -0.0102    95.4829 1.0000e-12  -74.17536 -113.34424  27.352751      99.86 6.8752e+01    194.682       4673  1028.1313  1028.1306    33.9574    33.9565    8.32267         24 0.0000e+00
    171.000    169.161    -1.1763  27.349982    -1.1764  27.347892     5.3629     5.4010    -0.0199    95.4776 1.0000e-12  -74.17536 -113.34424  27.352762      99.86 6.8752e+01    195.678       4697  1028.1371  1028.1349    33.9583    33.9555    8.32358         24 0.0000e+00
    172.000    170.148    -1.1681  27.357201    -1.1664  27.356584     5.4605     5.5020    -0.0069    95.4850 1.0000e-12  -74.17536 -113.34424  27.352774      99.86 6.8752e+01    196.677       4721  1028.1412  1028.1389    33.9583    33.9555    8.32176         24 0.0000e+00
    173.000    171.138    -1.1893  27.337786    -1.1948  27.333411     5.5485     5.5857    -0.0065    95.4798 1.0000e-12  -74.17536 -113.34424  27.352786      99.87 6.8752e+01    197.679       4745  1028.1447  1028.1452    33.9551    33.9553    8.32667         24 0.0000e+00
    174.000    172.127    -1.3007  27.244762    -1.3019  27.244656     5.5756     5.6203    -0.0067    95.4916 1.0000e-12  -74.17536 -113.34424  27.352797      99.42 6.8752e+01    198.661       4769  1028.1552  1028.1562    33.9532    33.9544    8.35165         23 0.0000e+00
    175.000    173.116    -1.3108  27.240469    -1.3089  27.240752     5.6019     5.6488    -0.0191    95.4915 1.0000e-12  -74.17536 -113.34424  27.352808      94.00 6.8752e+01    199.648       4793  1028.1641  1028.1624    33.9582    33.9563    8.35361         24 0.0000e+00
    176.000    174.103    -1.3091  27.243587    -1.3076  27.243300     5.5879     5.6549    -0.0165    95.4991 1.0000e-12  -74.17536 -113.34424  27.352820      99.95 6.8752e+01    200.661       4817  1028.1696  1028.1679    33.9598    33.9578    8.35312         24 0.0000e+00
    177.000    175.092    -1.3078  27.247133    -1.3051  27.247955     5.4795     5.5693    -0.0150    95.5262 1.0000e-12  -74.17536 -113.34424  27.352832      99.86 6.8752e+01    201.658       4841  1028.1761  1028.1744    33.9626    33.9607    8.35266         24 0.0000e+00
    178.000    176.083    -1.2678  27.288007    -1.2632  27.288213     5.3331     5.4282    -0.0184    95.5280 1.0000e-12  -74.17536 -113.34424  27.352843      99.87 6.8752e+01    202.651       4865  1028.1860  1028.1818    33.9727    33.9678    8.34313         24 0.0000e+00
    179.000    177.071    -1.1594  27.387194    -1.1540  27.386542     5.2399     5.3354    -0.0163    95.5355 1.0000e-12  -74.17536 -113.34424  27.352855      99.86 6.8752e+01    203.647       4889  1028.1935  1028.1875    33.9851    33.9781    8.31826         24 0.0000e+00
    180.000    178.058    -1.0688  27.467174    -1.0644  27.467986     5.2014     5.2984    -0.0093    95.5543 1.0000e-12  -74.17536 -113.34424  27.352866      99.86 6.8752e+01    204.623       4912  1028.1973  1028.1940    33.9912    33.9874    8.29780         23 0.0000e+00
    181.000    179.049    -1.0526  27.482557    -1.0504  27.482874     5.1909     5.2826    -0.0165    95.5538 1.0000e-12  -74.17536 -113.34424  27.352877      99.86 6.8752e+01    205.600       4935  1028.2032  1028.2015    33.9932    33.9912    8.29409         24 0.0000e+00
    182.000    180.036    -1.0499  27.486426    -1.0484  27.485589     5.1963     5.2776    -0.0218    95.5495 1.0000e-12  -74.17536 -113.34424  27.352889      99.86 6.8752e+01    206.598       4959  1028.2096  1028.2073    33.9948    33.9920    8.29340         24 0.0000e+00
