ocean_section_plots/required_files/ctd/dnbp2202_ctd010.cnv
* Sea-Bird SBE 9 Data File:
* FileName = D:\Data\raw\NBP2202_CTD010.hex
* Software Version Seasave V 7.26.7.121
* Temperature SN = 1649
* Conductivity SN = 2513
* Number of Bytes Per Scan = 40
* Number of Voltage Words = 5
* Number of Scans Averaged by the Deck Unit = 1
* NMEA Latitude = 73 08.18 S
* NMEA Longitude = 113 57.23 W
* NMEA UTC (Time) = Jan 16 2022  22:51:40
* NMEA baud rate = 9600
** Ship: RVIB N.B. Palmer
** Cruise: NBP2202 Thwaites
** Station: #5
** Operator: A. Robinson
# nquan = 25
# nvalues = 563                         
# units = specified
# name 0 = prDM: Pressure, Digiquartz [db]
# name 1 = depSM: Depth [salt water, m]
# name 2 = t090C: Temperature [ITS-90, deg C]
# name 3 = c0mS/cm: Conductivity [mS/cm]
# name 4 = t190C: Temperature, 2 [ITS-90, deg C]
# name 5 = c1mS/cm: Conductivity, 2 [mS/cm]
# name 6 = sbeox0ML/L: Oxygen, SBE 43 [ml/l]
# name 7 = sbeox1ML/L: Oxygen, SBE 43, 2 [ml/l]
# name 8 = flECO-AFL: Fluorescence, WET Labs ECO-AFL/FL [mg/m^3]
# name 9 = CStarTr0: Beam Transmission, WET Labs C-Star [%]
# name 10 = par: PAR/Irradiance, Biospherical/Licor
# name 11 = latitude: Latitude [deg]
# name 12 = longitude: Longitude [deg]
# name 13 = timeJ: Julian Days
# name 14 = altM: Altimeter [m]
# name 15 = spar: SPAR, Biospherical/Licor
# name 16 = timeS: Time, Elapsed [seconds]
# name 17 = scan: Scan Count
# name 18 = density00: Density [density, kg/m^3]
# name 19 = density11: Density, 2 [density, kg/m^3]
# name 20 = sal00: Salinity, Practical [PSU]
# name 21 = sal11: Salinity, Practical, 2 [PSU]
# name 22 = oxsolML/L: Oxygen Saturation, Garcia & Gordon [ml/l]
# name 23 = nbin: number of scans per bin
# name 24 = flag: flag
# span 0 =      4.000,    566.000       
# span 1 =      3.959,    559.408       
# span 2 =    -1.8101,     0.5899       
# span 3 =  27.012671,  29.484756       
# span 4 =    -1.8094,     0.5925       
# span 5 =  27.012057,  29.484523       
# span 6 =     4.5513,     8.6884       
# span 7 =     4.7900,     9.2032       
# span 8 =    -0.0178,    24.6786       
# span 9 =    71.7481,    99.1098       
# span 10 = 1.0000e-12, 5.2518e+02      
# span 11 =  -73.13644,  -73.13642      
# span 12 = -113.95390, -113.95384      
# span 13 =  16.955467,  16.964970      
# span 14 =       6.47,     100.21      
# span 15 = 1.0272e+03, 2.4709e+03      
# span 16 =    252.350,   1073.413      
# span 17 =       6057,      25763      
# span 18 =  1027.2409,  1030.4096      
# span 19 =  1027.2411,  1030.4069      
# span 20 =    33.8817,    34.5847      
# span 21 =    33.8818,    34.5815      
# span 22 =    7.91143,    8.45510      
# span 23 =         18,         48      
# span 24 = 0.0000e+00, 0.0000e+00      
# interval = decibars: 1                
# start_time = Jan 16 2022 22:51:40 [NMEA time, header]
# bad_flag = -9.990e-29
*END*
[from data line 58]
     62.000     61.352    -0.4959  27.816246    -0.4956  27.816658     8.3839     8.8985    20.2511    73.8212 1.0000e-12  -73.13642 -113.95387  16.956917      95.65 2.0041e+03    377.643       9064  1027.5328  1027.5330    33.8920    33.8923    8.17839         39 0.0000e+00
     63.000     62.342    -0.5550  27.768145    -0.5530  27.771437     8.3106     8.8094    21.1982    72.9856 1.0000e-12  -73.13642 -113.95387  16.956938     100.15 2.0325e+03    379.484       9109  1027.5422  1027.5438    33.8929    33.8950    8.19111         35 0.0000e+00
     64.000     63.331    -0.5975  27.734117    -0.5972  27.735106     8.0936     8.5804    21.1488    73.4359 1.0000e-12  -73.13642 -113.95387  16.956965      99.97 2.0717e+03    381.808       9164  1027.5502  1027.5510    33.8940    33.8950    8.20025         39 0.0000e+00
     65.000     64.320    -0.7003  27.648776    -0.7049  27.648135     7.8845     8.4161    18.1859    75.1213 1.0000e-12  -73.13642 -113.95386  16.956985      99.99 2.0543e+03    383.532       9206  1027.5612  1027.5650    33.8935    33.8978    8.22262         32 0.0000e+00
     66.000     65.310    -0.7687  27.594802    -0.7759  27.589674     7.8627     8.3911    16.1826    74.5484 1.0000e-12  -73.13642 -113.95386  16.957000      99.89 2.0376e+03    384.786       9236  1027.5724  1027.5738    33.8967    33.8978    8.23735         32 0.0000e+00
     67.000     66.297    -0.8010  27.569614    -0.8175  27.557597     7.8687     8.3367    16.2892    75.2436 1.0000e-12  -73.13642 -113.95386  16.957026      99.94 2.0485e+03    387.078       9291  1027.5790  1027.5820    33.8983    33.9006    8.24432         33 0.0000e+00
     68.000     67.288    -0.8619  27.518724    -0.8658  27.517076     7.6810     8.1525    15.5342    75.7091 1.0000e-12  -73.13642 -113.95385  16.957060      94.31 2.0746e+03    390.026       9362  1027.5854  1027.5873    33.8972    33.8994    8.25772         30 0.0000e+00
     69.000     68.278    -0.8892  27.497077    -0.8906  27.496652     7.5825     8.0931    13.6110    77.3572 1.0000e-12  -73.13642 -113.95384  16.957073      97.64 2.0709e+03    391.133       9388  1027.5919  1027.5927    33.8979    33.8989    8.26368         25 0.0000e+00
     70.000     69.268    -0.9723  27.429868    -0.9759  27.428430     7.5888     8.0994    12.8614    76.7644 1.0000e-12  -73.13642 -113.95384  16.957085      99.46 2.0664e+03    392.169       9413  1027.6028  1027.6047    33.8995    33.9016    8.28187         27 0.0000e+00
     71.000     70.256    -0.9726  27.432415    -0.9804  27.426511     7.5675     8.0053    14.1013    78.6806 1.0000e-12  -73.13642 -113.95386  16.957119      99.56 2.0904e+03    395.094       9483  1027.6081  1027.6091    33.9027    33.9034    8.28174         36 0.0000e+00
     72.000     71.246    -0.9921  27.414210    -1.0201  27.393886     7.3686     7.8308    13.5146    79.8810 1.0000e-12  -73.13642 -113.95385  16.957150      99.49 2.1158e+03    397.772       9548  1027.6101  1027.6151    33.8993    33.9032    8.28626         27 0.0000e+00
     73.000     72.235    -1.1598  27.279338    -1.1663  27.276379     7.3524     7.8536    11.5895    79.8972 1.0000e-12  -73.13642 -113.95384  16.957161      99.46 2.1206e+03    398.734       9571  1027.6291  1027.6320    33.9039    33.9072    8.32313         24 0.0000e+00
     74.000     73.226    -1.2091  27.243967    -1.2107  27.243751     7.3772     7.8509    10.6789    80.5703 1.0000e-12  -73.13642 -113.95384  16.957174      99.43 2.1223e+03    399.836       9597  1027.6413  1027.6425    33.9106    33.9121    8.33370         33 0.0000e+00
     75.000     74.213    -1.2037  27.249622    -1.2052  27.250240     7.4236     7.8620     9.5951    82.4582 1.0000e-12  -73.13643 -113.95386  16.957211      99.21 2.1082e+03    403.041       9674  1027.6439  1027.6461    33.9116    33.9142    8.33244         33 0.0000e+00
     76.000     75.204    -1.2543  27.211258    -1.2564  27.210477     7.3997     7.8231     8.5164    85.3042 1.0000e-12  -73.13642 -113.95386  16.957236      99.48 2.0973e+03    405.183       9725  1027.6538  1027.6550    33.9158    33.9171    8.34349         28 0.0000e+00
     77.000     76.193    -1.2731  27.197391    -1.2737  27.197405     7.3583     7.7841     5.7144    85.8124 1.0000e-12  -73.13642 -113.95386  16.957249      99.51 2.0876e+03    406.294       9752  1027.6604  1027.6610    33.9174    33.9181    8.34758         28 0.0000e+00
     78.000     77.180    -1.2850  27.188697    -1.2860  27.188231     7.3302     7.7531     6.3893    86.5797 1.0000e-12  -73.13642 -113.95386  16.957267      99.63 2.0669e+03    407.840       9789  1027.6658  1027.6662    33.9184    33.9188    8.35020         33 0.0000e+00
     79.000     78.173    -1.2907  27.184727    -1.2912  27.184367     7.3214     7.7479     5.7481    87.2979 1.0000e-12  -73.13642 -113.95387  16.957302      99.58 2.0721e+03    410.854       9861  1027.6697  1027.6698    33.9188    33.9187    8.35145         41 0.0000e+00
     80.000     79.161    -1.2943  27.182580    -1.2945  27.182440     7.3384     7.7535     4.7426    88.9168 1.0000e-12  -73.13642 -113.95387  16.957323      99.69 2.0593e+03    412.684       9905  1027.6745  1027.6745    33.9192    33.9193    8.35222         35 0.0000e+00
     81.000     80.151    -1.2951  27.182735    -1.2953  27.182623     7.3344     7.7447     4.7278    89.6607 1.0000e-12  -73.13642 -113.95387  16.957339      99.73 2.0359e+03    414.050       9938  1027.6793  1027.6794    33.9197    33.9198    8.35236         31 0.0000e+00
     82.000     81.140    -1.3002  27.179334    -1.3014  27.178574     7.3148     7.7301     5.6011    90.0863 1.0000e-12  -73.13642 -113.95388  16.957359      99.29 2.0428e+03    415.809       9980  1027.6844  1027.6847    33.9202    33.9205    8.35348         41 0.0000e+00
     83.000     82.130    -1.3129  27.170171    -1.3134  27.169750     7.3234     7.7391     5.3752    89.8940 1.0000e-12  -73.13642 -113.95388  16.957388      98.83 2.0644e+03    418.336      10041  1027.6904  1027.6905    33.9214    33.9214    8.35625         42 0.0000e+00
     84.000     83.117    -1.3165  27.168255    -1.3163  27.168225     7.3171     7.7249     4.5313    89.8553 1.0000e-12  -73.13642 -113.95388  16.957410      99.78 2.0629e+03    420.221      10086  1027.6957  1027.6956    33.9221    33.9220    8.35700         37 0.0000e+00
     85.000     84.108    -1.3180  27.167503    -1.3179  27.167473     7.3026     7.7086     4.5281    89.2953 1.0000e-12  -73.13642 -113.95388  16.957427      99.73 2.0523e+03    421.667      10121  1027.7005  1027.7004    33.9223    33.9221    8.35735         35 0.0000e+00
     86.000     85.096    -1.3224  27.164516    -1.3225  27.164282     7.2826     7.6944     5.0522    89.7265 1.0000e-12  -73.13642 -113.95388  16.957451      99.68 2.0521e+03    423.740      10171  1027.7055  1027.7054    33.9225    33.9223    8.35831         40 0.0000e+00
     87.000     86.086    -1.3269  27.161366    -1.3270  27.161215     7.2358     7.6459     4.0898    90.1392 1.0000e-12  -73.13642 -113.95388  16.957476      99.71 2.0543e+03    425.940      10224  1027.7105  1027.7104    33.9227    33.9225    8.35932         37 0.0000e+00
     88.000     87.075    -1.3385  27.152418    -1.3392  27.152268     7.1951     7.6173     4.7870    89.4985 1.0000e-12  -73.13642 -113.95388  16.957497      99.74 2.0631e+03    427.726      10266  1027.7161  1027.7166    33.9229    33.9235    8.36190         38 0.0000e+00
     89.000     88.065    -1.3580  27.138141    -1.3581  27.138127     7.1902     7.6072     3.4780    90.0315 1.0000e-12  -73.13642 -113.95388  16.957516      97.91 2.0486e+03    429.355      10306  1027.7234  1027.7234    33.9248    33.9248    8.36617         38 0.0000e+00
     90.000     89.055    -1.3716  27.128600    -1.3717  27.128595     7.2914     7.7076     4.0924    90.1312 1.0000e-12  -73.13642 -113.95388  16.957542      99.67 2.0596e+03    431.629      10360  1027.7300  1027.7301    33.9264    33.9266    8.36911         37 0.0000e+00
     91.000     90.042    -1.3821  27.121576    -1.3825  27.121176     7.3416     7.7478     3.6297    91.3020 1.0000e-12  -73.13642 -113.95388  16.957563      99.80 2.0930e+03    433.405      10403  1027.7364  1027.7364    33.9280    33.9280    8.37137         36 0.0000e+00
     92.000     91.034    -1.3868  27.118461    -1.3868  27.118198     7.3237     7.7321     3.6180    90.9435 1.0000e-12  -73.13642 -113.95388  16.957584      99.78 2.0969e+03    435.245      10447  1027.7416  1027.7414    33.9285    33.9282    8.37241         36 0.0000e+00
     93.000     92.021    -1.3914  27.115477    -1.3915  27.115216     7.2701     7.6922     4.1595    91.7486 1.0000e-12  -73.13642 -113.95388  16.957608      99.78 2.1003e+03    437.364      10498  1027.7469  1027.7466    33.9290    33.9287    8.37341         41 0.0000e+00
     94.000     93.011    -1.3953  27.113691    -1.3952  27.113382     7.2468     7.6635     3.6202    91.2611 1.0000e-12  -73.13642 -113.95388  16.957627      99.69 2.0986e+03    438.977      10536  1027.7528  1027.7523    33.9304    33.9298    8.37421         37 0.0000e+00
     95.000     94.000    -1.3873  27.122511    -1.3869  27.122401     7.2393     7.6472     3.4587    91.2067 1.0000e-12  -73.13642 -113.95388  16.957649      99.79 2.1032e+03    440.857      10582  1027.7589  1027.7584    33.9327    33.9321    8.37226         41 0.0000e+00
     96.000     94.989    -1.3925  27.119166    -1.3926  27.119060     7.1857     7.5936     4.0618    91.9467 1.0000e-12  -73.13642 -113.95386  16.957673      99.76 2.1188e+03    442.911      10631  1027.7644  1027.7644    33.9334    33.9334    8.37339         43 0.0000e+00
     97.000     95.978    -1.4120  27.103741    -1.4124  27.103540     7.1087     7.5294     3.2731    91.4598 1.0000e-12  -73.13642 -113.95386  16.957692      99.80 2.1263e+03    444.579      10671  1027.7706  1027.7707    33.9338    33.9339    8.37776         36 0.0000e+00
     98.000     96.969    -1.4220  27.096538    -1.4222  27.096243     7.0557     7.4758     2.5973    92.1169 1.0000e-12  -73.13642 -113.95386  16.957709      99.78 2.1132e+03    446.095      10707  1027.7764  1027.7763    33.9345    33.9343    8.37996         36 0.0000e+00
     99.000     97.957    -1.4214  27.098132    -1.4213  27.097750     7.0220     7.4291     3.0890    92.0916 1.0000e-12  -73.13644 -113.95386  16.957732      99.80 2.0953e+03    448.015      10753  1027.7818  1027.7812    33.9355    33.9347    8.37978         34 0.0000e+00
    100.000     98.946    -1.4187  27.101429    -1.4180  27.101612     6.9861     7.3885     2.9650    93.1776 1.0000e-12  -73.13644 -113.95386  16.957755      99.85 2.0663e+03    450.043      10802  1027.7869  1027.7864    33.9363    33.9357    8.37912         39 0.0000e+00
    101.000     99.936    -1.4199  27.101550    -1.4199  27.101218     6.9667     7.3748     2.9517    92.8830 1.0000e-12  -73.13643 -113.95386  16.957773      99.83 1.7982e+03    451.613      10840  1027.7924  1027.7920    33.9372    33.9367    8.37934         35 0.0000e+00
    102.000    100.925    -1.4192  27.102853    -1.4191  27.102623     6.9598     7.3579     1.5035    93.0684 1.0000e-12  -73.13643 -113.95386  16.957791      99.84 1.6306e+03    453.110      10876  1027.7974  1027.7970    33.9375    33.9371    8.37915         37 0.0000e+00
    103.000    101.913    -1.4188  27.103811    -1.4186  27.103541     6.9343     7.3397     1.7931    94.0277 1.0000e-12  -73.13644 -113.95386  16.957809      99.82 1.5340e+03    454.681      10913  1027.8022  1027.8018    33.9377    33.9372    8.37904         36 0.0000e+00
    104.000    102.904    -1.4205  27.103159    -1.4204  27.102882     6.9195     7.3165     3.0450    93.7955 1.0000e-12  -73.13644 -113.95386  16.957826      97.34 1.4487e+03    456.189      10950  1027.8075  1027.8071    33.9382    33.9377    8.37941         33 0.0000e+00
    105.000    103.892    -1.4227  27.102474    -1.4228  27.102060     6.9105     7.2998     2.3184    94.2675 1.0000e-12  -73.13644 -113.95386  16.957840      99.88 1.5958e+03    457.390      10978  1027.8131  1027.8128    33.9391    33.9387    8.37984         25 0.0000e+00
    106.000    104.881    -1.4228  27.103243    -1.4228  27.102898     6.8925     7.2883     1.6097    93.0720 1.0000e-12  -73.13642 -113.95386  16.957852      99.85 1.5699e+03    458.437      11003  1027.8183  1027.8180    33.9396    33.9392    8.37983         26 0.0000e+00
    107.000    105.870    -1.4266  27.100774    -1.4270  27.100377     6.8631     7.2688     1.6790    94.0547 1.0000e-12  -73.13643 -113.95388  16.957866      99.84 1.4865e+03    459.601      11031  1027.8236  1027.8235    33.9399    33.9398    8.38067         30 0.0000e+00
    108.000    106.860    -1.4347  27.094862    -1.4348  27.094541     6.8196     7.2128     2.0396    94.6838 1.0000e-12  -73.13643 -113.95388  16.957883      99.84 1.5410e+03    461.084      11067  1027.8292  1027.8289    33.9404    33.9401    8.38248         36 0.0000e+00
    109.000    107.849    -1.4377  27.093551    -1.4379  27.093214     6.7265     7.1270     1.5820    94.9295 1.0000e-12  -73.13642 -113.95388  16.957899      99.85 1.7989e+03    462.474      11100  1027.8349  1027.8346    33.9414    33.9411    8.38309         30 0.0000e+00
    110.000    108.839    -1.4399  27.094157    -1.4399  27.093868     6.6653     7.0779     1.3714    95.2332 1.0000e-12  -73.13642 -113.95388  16.957912      99.86 1.6689e+03    463.592      11127  1027.8420  1027.8417    33.9441    33.9437    8.38342         25 0.0000e+00
    111.000    109.827    -1.4408  27.094762    -1.4409  27.094423     6.6289     7.0316     1.2808    95.0146 1.0000e-12  -73.13642 -113.95388  16.957923      99.86 1.7259e+03    464.578      11151  1027.8477  1027.8475    33.9453    33.9449    8.38354         23 0.0000e+00
    112.000    110.817    -1.4414  27.095808    -1.4410  27.095611     6.5923     6.9879     1.5385    95.5212 1.0000e-12  -73.13642 -113.95388  16.957935      99.86 1.8807e+03    465.567      11175  1027.8538  1027.8531    33.9469    33.9461    8.38360         25 0.0000e+00
    113.000    111.806    -1.4373  27.100528    -1.4366  27.100473     6.5561     6.9425     1.2282    95.0266 1.0000e-12  -73.13642 -113.95388  16.957948      99.86 1.9491e+03    466.747      11203  1027.8592  1027.8585    33.9480    33.9471    8.38260         33 0.0000e+00
    114.000    112.795    -1.4253  27.112449    -1.4246  27.112167     6.5063     6.8892     1.3452    95.6407 1.0000e-12  -73.13642 -113.95388  16.957967      92.31 1.9527e+03    468.340      11241  1027.8650  1027.8640    33.9502    33.9489    8.37977         38 0.0000e+00
    115.000    113.783    -1.4196  27.118303    -1.4190  27.118159     6.4837     6.8676     1.7929    95.7945 1.0000e-12  -73.13642 -113.95389  16.957984     100.13 2.0140e+03    469.824      11277  1027.8703  1027.8695    33.9511    33.9503    8.37843         30 0.0000e+00
    116.000    114.773    -1.4189  27.119772    -1.4188  27.119387     6.4745     6.8559     2.8130    95.6742 1.0000e-12  -73.13642 -113.95388  16.957996      99.82 2.0326e+03    470.885      11302  1027.8756  1027.8751    33.9517    33.9511    8.37823         23 0.0000e+00
    117.000    115.764    -1.4195  27.120929    -1.4192  27.120639     6.4798     6.8597     1.5931    95.6782 1.0000e-12  -73.13642 -113.95388  16.958007      99.84 2.0241e+03    471.792      11324  1027.8818  1027.8812    33.9534    33.9527    8.37827         21 0.0000e+00
    118.000    116.751    -1.4184  27.123367    -1.4185  27.123043     6.4992     6.8675     1.1802    95.8570 1.0000e-12  -73.13642 -113.95389  16.958018      99.85 1.9970e+03    472.739      11347  1027.8877  1027.8874    33.9549    33.9545    8.37794         25 0.0000e+00
