ocean_section_plots/required_files/ctd/dnbp2202_ctd068.cnv
* Sea-Bird SBE 9 Data File:
* FileName = D:\Data\raw\NBP2202_CTD068.hex
* Software Version Seasave V 7.26.7.121
* Temperature SN = 1649
* Conductivity SN = 2513
* Number of Bytes Per Scan = 40
* Number of Voltage Words = 5
* Number of Scans Averaged by the Deck Unit = 1
* NMEA Latitude = 74 11.19 S
* NMEA Longitude = 112 12.84 W
* NMEA UTC (Time) = Jan 26 2022  00:25:24
* NMEA baud rate = 9600
** Ship: RVIB N.B. Palmer
** Cruise: NBP2202 Thwaites
** Station: 49
** Operator: A. Robinson
** N-S Transect Line
# nquan = 25
# nvalues = 911                         
# units = specified
# name 0 = prDM: Pressure, Digiquartz [db]
# name 1 = depSM: Depth [salt water, m]
# name 2 = t090C: Temperature [ITS-90, deg C]
# name 3 = c0mS/cm: Conductivity [mS/cm]
# name 4 = t190C: Temperature, 2 [ITS-90, deg C]
# name 5 = c1mS/cm: Conductivity, 2 [mS/cm]
# name 6 = sbeox0ML/L: Oxygen, SBE 43 [ml/l]
# name 7 = sbeox1ML/L: Oxygen, SBE 43, 2 [ml/l]
# name 8 = flECO-AFL: Fluorescence, WET Labs ECO-AFL/FL [mg/m^3]
# name 9 = CStarTr0: Beam Transmission, WET Labs C-Star [%]
# name 10 = par: PAR/Irradiance, Biospherical/Licor
# name 11 = latitude: Latitude [deg]
# name 12 = longitude: Longitude [deg]
# name 13 = timeJ: Julian Days
# name 14 = altM: Altimeter [m]
# name 15 = spar: SPAR, Biospherical/Licor
# name 16 = timeS: Time, Elapsed [seconds]
# name 17 = scan: Scan Count
# name 18 = density00: Density [density, kg/m^3]
# name 19 = density11: Density, 2 [density, kg/m^3]
# name 20 = sal00: Salinity, Practical [PSU]
# name 21 = sal11: Salinity, Practical, 2 [PSU]
# name 22 = oxsolML/L: Oxygen Saturation, Garcia & Gordon [ml/l]
# name 23 = nbin: number of scans per bin
# name 24 = flag: flag
# span 0 =      2.000,    912.000       
# span 1 =      1.963,    900.583       
# span 2 =    -1.7339,     0.5336       
# span 3 =  26.847188,  29.566182       
# span 4 =    -1.7336,     0.5355       
# span 5 =  26.847438,  29.566118       
# span 6 =     4.4094,     8.9581       
# span 7 =     4.7166,     9.2386       
# span 8 =    -0.0124,    30.1267       
# span 9 =    60.9934,    96.1596       
# span 10 = -4.303e-04, 2.9545e+02      
# span 11 =  -74.18665,  -74.18662      
# span 12 = -112.21410, -112.21402      
# span 13 =  26.020591,  26.034998      
# span 14 =       3.61,     128.59      
# span 15 = 7.2278e+02, 7.6987e+02      
# span 16 =    255.090,   1499.824      
# span 17 =       6123,      35997      
# span 18 =  1027.2124,  1032.0083      
# span 19 =  1027.2138,  1032.0063      
# span 20 =    33.8328,    34.5557      
# span 21 =    33.8330,    34.5533      
# span 22 =    7.92456,    8.45128      
# span 23 =          3,         46      
# span 24 = 0.0000e+00, 0.0000e+00      
# interval = decibars: 1                
# start_time = Jan 26 2022 00:25:24 [NMEA time, header]
# bad_flag = -9.990e-29
*END*
[from data line 870]
    872.000    861.165     0.5160  29.530315     0.5180  29.530274     4.5107     4.7400    -0.0004    95.7385 1.0000e-12  -74.18664 -112.21406  26.033854      44.79 7.2780e+02   1400.995      33625  1031.8194  1031.8175    34.5504    34.5482    7.92844         33 0.0000e+00
    873.000    862.150     0.5162  29.530872     0.5183  29.530963     4.5186     4.7306     0.0056    95.8194 1.0000e-12  -74.18664 -112.21406  26.033870      43.83 7.2691e+02   1402.369      33658  1031.8241  1031.8222    34.5505    34.5482    7.92842         32 0.0000e+00
    874.000    863.137     0.5170  29.532182     0.5192  29.532318     4.5385     4.7306    -0.0004    95.8210 1.0000e-12  -74.18664 -112.21407  26.033886      42.77 7.2693e+02   1403.761      33691  1031.8289  1031.8269    34.5507    34.5484    7.92824         33 0.0000e+00
    875.000    864.122     0.5171  29.532804     0.5194  29.532954     4.4972     4.7337    -0.0004    95.8105 1.0000e-12  -74.18664 -112.21407  26.033903      41.70 7.2807e+02   1405.190      33726  1031.8336  1031.8316    34.5508    34.5485    7.92820         34 0.0000e+00
    876.000    865.107     0.5175  29.533592     0.5194  29.533434     4.5232     4.7310     0.0055    95.8112 1.0000e-12  -74.18664 -112.21407  26.033918      40.68 7.2807e+02   1406.545      33758  1031.8383  1031.8363    34.5508    34.5485    7.92813         32 0.0000e+00
    877.000    866.093     0.5183  29.534808     0.5199  29.534459     4.5448     4.7357    -0.0003    95.7946 1.0000e-12  -74.18664 -112.21407  26.033934      39.73 7.2807e+02   1407.876      33790  1031.8430  1031.8410    34.5510    34.5487    7.92796         32 0.0000e+00
    878.000    867.078     0.5172  29.534177     0.5193  29.534126     4.5439     4.7276     0.0025    95.8159 1.0000e-12  -74.18664 -112.21407  26.033950      38.72 7.2807e+02   1409.305      33824  1031.8476  1031.8455    34.5507    34.5483    7.92818         33 0.0000e+00
    879.000    868.063     0.5171  29.534534     0.5191  29.534360     4.5194     4.7312     0.0019    95.8432 1.0000e-12  -74.18664 -112.21407  26.033968      37.66 7.2807e+02   1410.837      33861  1031.8523  1031.8502    34.5507    34.5483    7.92820         35 0.0000e+00
    880.000    869.049     0.5175  29.535381     0.5199  29.535583     4.5553     4.7323     0.0029    95.8312 1.0000e-12  -74.18664 -112.21407  26.033988      36.64 7.2859e+02   1412.569      33903  1031.8570  1031.8549    34.5509    34.5485    7.92812         40 0.0000e+00
    881.000    870.034     0.5186  29.537070     0.5215  29.537733     4.5223     4.7328     0.0009    95.8098 1.0000e-12  -74.18664 -112.21407  26.034008      35.64 7.2867e+02   1414.271      33944  1031.8618  1031.8598    34.5512    34.5490    7.92787         35 0.0000e+00
    882.000    871.021     0.5200  29.539060     0.5225  29.539416     4.5226     4.7337     0.0028    95.8169 1.0000e-12  -74.18664 -112.21407  26.034026      34.63 7.2860e+02   1415.860      33982  1031.8667  1031.8647    34.5517    34.5494    7.92755         37 0.0000e+00
    883.000    872.003     0.5210  29.540487     0.5231  29.540378     4.5283     4.7335    -0.0005    95.8242 1.0000e-12  -74.18664 -112.21407  26.034046      33.63 7.2821e+02   1417.583      34023  1031.8715  1031.8693    34.5520    34.5494    7.92735         36 0.0000e+00
    884.000    872.989     0.5205  29.540405     0.5225  29.540181     4.5385     4.7330    -0.0004    95.7714 1.0000e-12  -74.18664 -112.21406  26.034068      32.53 7.2907e+02   1419.481      34069  1031.8761  1031.8740    34.5518    34.5493    7.92745         38 0.0000e+00
    885.000    873.978     0.5223  29.542986     0.5242  29.542596     4.5365     4.7300     0.0057    95.8255 1.0000e-12  -74.18664 -112.21406  26.034089      31.60 7.2886e+02   1421.280      34112  1031.8812  1031.8790    34.5526    34.5499    7.92704         38 0.0000e+00
    886.000    874.962     0.5231  29.544125     0.5251  29.543932     4.4998     4.7284     0.0034    95.7722 1.0000e-12  -74.18664 -112.21406  26.034108      30.52 7.2844e+02   1422.889      34150  1031.8858  1031.8837    34.5526    34.5502    7.92687         39 0.0000e+00
    887.000    875.948     0.5216  29.542817     0.5233  29.542424     4.5206     4.7307     0.0062    95.7979 1.0000e-12  -74.18664 -112.21406  26.034127      29.52 7.2836e+02   1424.615      34192  1031.8902  1031.8881    34.5521    34.5496    7.92722         43 0.0000e+00
    888.000    876.933     0.5207  29.542337     0.5230  29.542404     4.5701     4.7297     0.0061    95.8373 1.0000e-12  -74.18664 -112.21406  26.034150      28.46 7.2955e+02   1426.559      34238  1031.8948  1031.8927    34.5518    34.5494    7.92741         42 0.0000e+00
    889.000    877.918     0.5241  29.546648     0.5263  29.546595     4.4843     4.7271     0.0031    95.8254 1.0000e-12  -74.18664 -112.21406  26.034171      27.49 7.2869e+02   1428.413      34283  1031.9001  1031.8979    34.5531    34.5505    7.92665         40 0.0000e+00
    890.000    878.903     0.5247  29.547664     0.5267  29.547359     4.5475     4.7226    -0.0004    95.8075 1.0000e-12  -74.18664 -112.21406  26.034192      26.52 7.2893e+02   1430.146      34325  1031.9048  1031.9026    34.5531    34.5506    7.92651         39 0.0000e+00
    891.000    879.889     0.5246  29.547915     0.5266  29.547715     4.5240     4.7256    -0.0004    95.7693 1.0000e-12  -74.18664 -112.21406  26.034214      25.49 7.2970e+02   1432.112      34372  1031.9094  1031.9073    34.5530    34.5506    7.92655         42 0.0000e+00
    892.000    880.875     0.5240  29.547616     0.5263  29.547792     4.5304     4.7269     0.0062    95.7908 1.0000e-12  -74.18664 -112.21404  26.034237      24.39 7.2983e+02   1434.081      34419  1031.9139  1031.9118    34.5528    34.5504    7.92669         42 0.0000e+00
    893.000    881.860     0.5227  29.546521     0.5256  29.547476     4.5309     4.7289     0.0069    95.8065 1.0000e-12  -74.18664 -112.21404  26.034258      23.47 7.2983e+02   1435.926      34463  1031.9183  1031.9164    34.5522    34.5502    7.92698         43 0.0000e+00
    894.000    882.847     0.5255  29.550369     0.5268  29.549251     4.5345     4.7272     0.0097    95.8177 1.0000e-12  -74.18664 -112.21404  26.034282      22.45 7.2983e+02   1437.961      34512  1031.9237  1031.9213    34.5535    34.5506    7.92633         40 0.0000e+00
    895.000    883.833     0.5253  29.550317     0.5271  29.549985     4.5360     4.7287     0.0046    95.8234 1.0000e-12  -74.18664 -112.21404  26.034308      21.43 7.2983e+02   1440.243      34567  1031.9280  1031.9259    34.5531    34.5507    7.92639         35 0.0000e+00
    896.000    884.816     0.5258  29.551462     0.5287  29.552275     4.5105     4.7281     0.0036    95.8214 1.0000e-12  -74.18664 -112.21404  26.034336      20.29 7.2983e+02   1442.660      34625  1031.9330  1031.9309    34.5535    34.5513    7.92628         37 0.0000e+00
    897.000    885.803     0.5284  29.554875     0.5313  29.555714     4.5361     4.7180    -0.0008    95.8013 1.0000e-12  -74.18664 -112.21404  26.034365      19.31 7.2983e+02   1445.125      34684  1031.9381  1031.9362    34.5545    34.5523    7.92569         39 0.0000e+00
    898.000    886.784     0.5302  29.557064     0.5314  29.555969     4.5214     4.7232    -0.0004    95.8224 1.0000e-12  -74.18664 -112.21404  26.034397      18.26 7.2983e+02   1447.895      34750  1031.9428  1031.9406    34.5547    34.5520    7.92530         30 0.0000e+00
    899.000    887.773     0.5289  29.555924     0.5310  29.555937     4.5310     4.7237    -0.0004    95.7911 1.0000e-12  -74.18664 -112.21403  26.034426      17.23 7.2983e+02   1450.387      34810  1031.9472  1031.9452    34.5541    34.5519    7.92560         33 0.0000e+00
    900.000    888.758     0.5287  29.556245     0.5315  29.556958     4.5282     4.7236    -0.0040    95.7874 1.0000e-12  -74.18664 -112.21403  26.034456      16.19 7.2983e+02   1453.027      34874  1031.9519  1031.9500    34.5542    34.5521    7.92564         38 0.0000e+00
    901.000    889.743     0.5291  29.557121     0.5311  29.557047     4.5457     4.7231    -0.0016    95.8054 1.0000e-12  -74.18664 -112.21403  26.034491      15.12 7.2983e+02   1455.998      34945  1031.9567  1031.9546    34.5544    34.5520    7.92555         36 0.0000e+00
    902.000    890.725     0.5295  29.557937     0.5312  29.557479     4.5147     4.7249     0.0127    95.8023 1.0000e-12  -74.18664 -112.21403  26.034522      14.06 7.2983e+02   1458.686      35009  1031.9614  1031.9592    34.5544    34.5519    7.92547         34 0.0000e+00
    903.000    891.714     0.5278  29.556410     0.5291  29.555666     4.5401     4.7243    -0.0041    95.8056 1.0000e-12  -74.18664 -112.21403  26.034555      13.05 7.3019e+02   1461.543      35078  1031.9657  1031.9636    34.5538    34.5513    7.92586         28 0.0000e+00
    904.000    892.699     0.5289  29.558165     0.5304  29.557433     4.5241     4.7174     0.0026    95.7255 1.0000e-12  -74.18664 -112.21403  26.034588      12.05 7.3057e+02   1464.376      35146  1031.9706  1031.9684    34.5542    34.5516    7.92559         39 0.0000e+00
    905.000    893.684     0.5287  29.558189     0.5308  29.558328     4.5251     4.7223     0.0073    95.8186 1.0000e-12  -74.18664 -112.21403  26.034620      11.03 7.3119e+02   1467.126      35212  1031.9751  1031.9732    34.5539    34.5518    7.92566         38 0.0000e+00
    906.000    894.670     0.5299  29.560205     0.5321  29.560195     4.5235     4.7225    -0.0027    95.8080 1.0000e-12  -74.18664 -112.21404  26.034654       9.99 7.3160e+02   1470.091      35283  1031.9801  1031.9780    34.5546    34.5522    7.92536         43 0.0000e+00
    907.000    895.655     0.5313  29.561991     0.5329  29.561529     4.5306     4.7232     0.0059    95.7896 1.0000e-12  -74.18664 -112.21404  26.034683       8.98 7.3160e+02   1472.641      35344  1031.9848  1031.9827    34.5549    34.5524    7.92508         36 0.0000e+00
    908.000    896.641     0.5313  29.562470     0.5334  29.562430     4.5264     4.7166     0.0025    95.7682 1.0000e-12  -74.18664 -112.21404  26.034719       7.92 7.3164e+02   1475.761      35419  1031.9895  1031.9875    34.5549    34.5525    7.92507         39 0.0000e+00
    909.000    897.625     0.5327  29.564424     0.5347  29.564281     4.5408     4.7188     0.0012    95.7811 1.0000e-12  -74.18664 -112.21404  26.034750       6.97 7.3216e+02   1478.416      35483  1031.9944  1031.9924    34.5553    34.5529    7.92476         39 0.0000e+00
    910.000    898.609     0.5336  29.565881     0.5353  29.565475     4.5189     4.7184     0.0010    95.7975 1.0000e-12  -74.18664 -112.21404  26.034783       5.91 7.3262e+02   1481.269      35551  1031.9992  1031.9972    34.5557    34.5533    7.92456         31 0.0000e+00
    911.000    899.597     0.5335  29.566182     0.5355  29.566118     4.5307     4.7193     0.0005    95.8017 1.0000e-12  -74.18664 -112.21404  26.034816       4.89 7.3337e+02   1484.133      35620  1032.0039  1032.0018    34.5556    34.5532    7.92458         40 0.0000e+00
    912.000    900.583     0.5329  29.565817     0.5353  29.566057     4.5080     4.7189     0.0042    95.7994 1.0000e-12  -74.18664 -112.21404  26.034998       3.61 7.3405e+02   1499.824      35997  1032.0083  1032.0063    34.5552    34.5529    7.92473         31 0.0000e+00
