ocean_section_plots/required_files/ctd/dnbp2202_ctd182.cnv
* Sea-Bird SBE 9 Data File:
* FileName = D:\Data\raw\NBP2202_CTD182.hex
* Software Version Seasave V 7.26.7.121
* Temperature SN = 1649
* Conductivity SN = 2513
* Number of Bytes Per Scan = 40
* Number of Voltage Words = 5
* Number of Scans Averaged by the Deck Unit = 1
* NMEA Latitude = 74 05.97 S
* NMEA Longitude = 111 32.48 W
* NMEA UTC (Time) = Feb 04 2022  02:40:27
* NMEA baud rate = 9600
** Ship: RVIB N.B. Palmer
** Cruise: NBP2202 Thwaites
** Station: 104
** Operator: A. Robinson
# nquan = 28
# nvalues = 227                         
# units = specified
# name 0 = prDM: Pressure, Digiquartz [db]
# name 1 = depSM: Depth [salt water, m]
# name 2 = t090C: Temperature [ITS-90, deg C]
# name 3 = c0mS/cm: Conductivity [mS/cm]
# name 4 = t190C: Temperature, 2 [ITS-90, deg C]
# name 5 = c1mS/cm: Conductivity, 2 [mS/cm]
# name 6 = sbeox0ML/L: Oxygen, SBE 43 [ml/l]
# name 7 = sbeox1ML/L: Oxygen, SBE 43, 2 [ml/l]
# name 8 = flECO-AFL: Fluorescence, WET Labs ECO-AFL/FL [mg/m^3]
# name 9 = CStarTr0: Beam Transmission, WET Labs C-Star [%]
# name 10 = par: PAR/Irradiance, Biospherical/Licor
# name 11 = latitude: Latitude [deg]
# name 12 = longitude: Longitude [deg]
# name 13 = timeJ: Julian Days
# name 14 = altM: Altimeter [m]
# name 15 = spar: SPAR, Biospherical/Licor
# name 16 = timeS: Time, Elapsed [seconds]
# name 17 = scan: Scan Count
# name 18 = density00: Density [density, kg/m^3]
# name 19 = density11: Density, 2 [density, kg/m^3]
# name 20 = v3: Voltage 3
# name 21 = v4: Voltage 4
# name 22 = v5: Voltage 5
# name 23 = sal00: Salinity, Practical [PSU]
# name 24 = sal11: Salinity, Practical, 2 [PSU]
# name 25 = oxsolML/L: Oxygen Saturation, Garcia & Gordon [ml/l]
# name 26 = nbin: number of scans per bin
# name 27 = flag: flag
# span 0 =      2.000,    228.000       
# span 1 =      1.979,    225.517       
# span 2 =    -1.5788,    -0.9674       
# span 3 =  27.029021,  27.340629       
# span 4 =    -1.5784,    -0.9658       
# span 5 =  27.028870,  27.342819       
# span 6 =     6.1366,     8.5008       
# span 7 =     6.2903,     8.6615       
# span 8 =     0.0771,    24.8620       
# span 9 =    72.0664,    98.4495       
# span 10 = -2.316e-05, 4.1471e+02      
# span 11 =  -74.09952,  -74.09952      
# span 12 = -111.54144, -111.54140      
# span 13 =  35.113989,  35.118591      
# span 14 =       4.14,     100.03      
# span 15 = 1.1460e+03, 1.1736e+03      
# span 16 =    221.639,    619.253      
# span 17 =       5320,      14863      
# span 18 =  1027.1977,  1028.4913      
# span 19 =  1027.2022,  1028.4901      
# span 20 =     3.4194,     4.6702      
# span 21 =     0.0835,     3.6584      
# span 22 =     0.1127,     0.2335      
# span 23 =    33.8120,    34.0510      
# span 24 =    33.8146,    34.0497      
# span 25 =    8.28583,    8.41291      
# span 26 =         24,         48      
# span 27 = 0.0000e+00, 0.0000e+00      
# interval = decibars: 1                
# start_time = Feb 04 2022 02:40:27 [NMEA time, header]
# bad_flag = -9.990e-29
*END*
      2.000      1.979    -0.9697  27.336761    -0.9902  27.323532     8.4335     8.2130    21.0294    72.9253 4.1471e+02  -74.09952 -111.54141  35.113989      99.07 1.1730e+03    221.639       5320  1027.1977  1027.2022     3.4597     3.2351     0.1896    33.8120    33.8170    8.28642         24 0.0000e+00
      3.000      2.969    -1.0173  27.300236    -0.9872  27.326991     8.5008     8.2562    19.1031    73.1965 2.8246e+02  -74.09952 -111.54142  35.114145      99.88 1.1723e+03    235.123       5644  1027.2089  1027.2084     3.4728     2.7978     0.2028    33.8153    33.8178    8.29676         47 0.0000e+00
      4.000      3.959    -0.9674  27.340629    -0.9658  27.342819     8.4800     8.2727    18.5106    73.4554 1.8403e+02  -74.09952 -111.54142  35.114179      83.54 1.1713e+03    238.038       5714  1027.2091  1027.2096     3.4852     2.8978     0.1883    33.8134    33.8146    8.28583         38 0.0000e+00
      5.000      4.948    -1.0107  27.304691    -1.0019  27.316574     8.4438     8.2971    19.0116    72.8250 1.0882e+02  -74.09952 -111.54142  35.114201      92.78 1.1723e+03    239.949       5760  1027.2162  1027.2202     3.4552     3.1136     0.1955    33.8126    33.8189    8.29544         40 0.0000e+00
      6.000      5.938    -1.0834  27.247770    -1.0881  27.247792     8.3925     8.3217    19.2557    73.9317 7.6912e+01  -74.09952 -111.54142  35.114222     100.03 1.1725e+03    241.757       5803  1027.2281  1027.2326     3.5076     2.8512     0.2063    33.8162    33.8216    8.31132         42 0.0000e+00
      7.000      6.928    -1.1011  27.236315    -1.1055  27.236219     8.3635     8.3838    21.1136    72.5547 5.0978e+01  -74.09952 -111.54142  35.114243      99.97 1.1736e+03    243.595       5847  1027.2365  1027.2404     3.4424     3.1564     0.2258    33.8200    33.8247    8.31504         39 0.0000e+00
      8.000      7.916    -1.1071  27.232385    -1.1078  27.234431     8.3218     8.4009    23.1752    73.0776 3.5077e+01  -74.09952 -111.54142  35.114265      99.99 1.1724e+03    245.465       5892  1027.2418  1027.2446     3.4678     3.2390     0.1959    33.8207    33.8243    8.31632         35 0.0000e+00
      9.000      8.908    -1.1182  27.225150    -1.1208  27.225729     8.2974     8.4368    23.0237    73.8873 2.5236e+01  -74.09952 -111.54142  35.114286      99.98 1.1723e+03    247.282       5936  1027.2484  1027.2515     3.5056     3.4577     0.1859    33.8227    33.8264    8.31866         39 0.0000e+00
     10.000      9.896    -1.1204  27.223978    -1.1229  27.224560     8.3288     8.4954    24.6011    73.4540 1.8418e+01  -74.09952 -111.54142  35.114306      99.98 1.1723e+03    249.082       5979  1027.2532  1027.2561     3.4850     3.5755     0.2136    33.8230    33.8266    8.31914         42 0.0000e+00
     11.000     10.885    -1.1149  27.229422    -1.1194  27.227973     8.3351     8.5338    23.6755    73.7189 1.3447e+01  -74.09952 -111.54142  35.114328      99.98 1.1723e+03    250.909       6023  1027.2578  1027.2605     3.4976     3.3839     0.2267    33.8236    33.8267    8.31789         41 0.0000e+00
     12.000     11.876    -1.1173  27.228042    -1.1202  27.228066     8.3342     8.5458    22.3830    73.1460 9.9647e+00  -74.09952 -111.54142  35.114349      99.98 1.1723e+03    252.722       6066  1027.2627  1027.2654     3.4706     3.4250     0.2174    33.8237    33.8270    8.31840         43 0.0000e+00
     13.000     12.865    -1.1159  27.229573    -1.1213  27.227500     8.3524     8.5825    19.9470    72.7566 7.4563e+00  -74.09952 -111.54142  35.114369      99.99 1.1719e+03    254.517       6109  1027.2672  1027.2700     3.4518     3.1973     0.2082    33.8236    33.8270    8.31810         40 0.0000e+00
     14.000     13.855    -1.1135  27.232396    -1.1155  27.232915     8.3575     8.6077    23.4095    74.3175 5.6241e+00  -74.09952 -111.54142  35.114390      99.99 1.1732e+03    256.334       6153  1027.2721  1027.2745     3.5261     3.2220     0.1851    33.8242    33.8271    8.31754         36 0.0000e+00
     15.000     14.844    -1.1147  27.231769    -1.1174  27.232100     8.3707     8.6205    22.0049    73.9439 4.3345e+00  -74.09952 -111.54142  35.114412      99.98 1.1715e+03    258.166       6197  1027.2768  1027.2797     3.5083     3.5643     0.1961    33.8241    33.8275    8.31781         37 0.0000e+00
     16.000     15.834    -1.1110  27.235542    -1.1135  27.235737     8.3834     8.6308    23.7670    73.6439 3.3272e+00  -74.09952 -111.54142  35.114433      99.98 1.1710e+03    259.981       6241  1027.2816  1027.2842     3.4940     3.3961     0.2018    33.8245    33.8275    8.31697         44 0.0000e+00
     17.000     16.824    -1.1100  27.236944    -1.1121  27.237306     8.3780     8.6363    21.5638    72.7262 2.5645e+00  -74.09952 -111.54142  35.114454      99.98 1.1717e+03    261.795       6284  1027.2864  1027.2888     3.4501     3.6584     0.2335    33.8245    33.8275    8.31673         39 0.0000e+00
     18.000     17.812    -1.1103  27.237104    -1.1121  27.237817     8.3845     8.6411    22.4759    73.4919 1.9836e+00  -74.09952 -111.54142  35.114475      99.96 1.1707e+03    263.624       6328  1027.2911  1027.2936     3.4867     3.2642     0.1951    33.8245    33.8275    8.31680         41 0.0000e+00
     19.000     18.803    -1.1093  27.238387    -1.1123  27.238082     8.3918     8.6444    23.9115    72.0664 1.5351e+00  -74.09952 -111.54142  35.114496      99.99 1.1697e+03    265.448       6372  1027.2959  1027.2984     3.4194     3.3468     0.2146    33.8245    33.8275    8.31658         39 0.0000e+00
     20.000     19.793    -1.1098  27.238418    -1.1112  27.239316     8.4062     8.6615    23.9159    72.6329 1.1948e+00  -74.09952 -111.54142  35.114517      99.93 1.1706e+03    267.276       6416  1027.3008  1027.3030     3.4461     3.5481     0.1925    33.8245    33.8273    8.31670         42 0.0000e+00
     21.000     20.782    -1.1062  27.241953    -1.1086  27.241959     8.3860     8.6451    22.7297    72.9853 9.2375e-01  -74.09952 -111.54142  35.114538      99.98 1.1704e+03    269.089       6459  1027.3054  1027.3077     3.4629     3.5560     0.1838    33.8246    33.8274    8.31588         39 0.0000e+00
     22.000     21.771    -1.1097  27.239253    -1.1139  27.237976     8.3461     8.6096    24.0179    73.4158 7.1682e-01  -74.09952 -111.54142  35.114559      99.99 1.1690e+03    270.893       6502  1027.3101  1027.3128     3.4833     3.4002     0.2077    33.8242    33.8273    8.31668         35 0.0000e+00
     23.000     22.761    -1.1212  27.230285    -1.1249  27.229583     8.3145     8.5850    24.8620    73.6922 5.5952e-01  -74.09952 -111.54142  35.114580      99.98 1.1688e+03    272.729       6546  1027.3157  1027.3184     3.4963     3.5892     0.1978    33.8244    33.8276    8.31924         44 0.0000e+00
     24.000     23.751    -1.1258  27.226814    -1.1269  27.228020     8.2407     8.5099    21.8432    74.1814 4.3427e-01  -74.09952 -111.54142  35.114601      99.98 1.1688e+03    274.561       6590  1027.3206  1027.3229     3.5199     3.2811     0.2132    33.8242    33.8271    8.32027         42 0.0000e+00
     25.000     24.739    -1.1422  27.213412    -1.1439  27.214802     8.0378     8.3228    22.0797    72.7054 3.3762e-01  -74.09952 -111.54141  35.114622      99.98 1.1685e+03    276.369       6634  1027.3260  1027.3291     3.4491     3.3258     0.2106    33.8238    33.8275    8.32394         38 0.0000e+00
     26.000     25.730    -1.1834  27.181291    -1.1871  27.181243     7.8121     8.1030    20.9591    72.6394 2.5914e-01  -74.09952 -111.54141  35.114644      99.99 1.1694e+03    278.204       6678  1027.3347  1027.3382     3.4465     3.0012     0.1866    33.8257    33.8298    8.33300         41 0.0000e+00
     27.000     26.720    -1.2187  27.154611    -1.2228  27.154276     7.6412     7.9373    18.4227    72.9886 1.9763e-01  -74.09952 -111.54142  35.114665      99.88 1.1694e+03    280.021       6722  1027.3433  1027.3469     3.4630     2.7743     0.1922    33.8283    33.8325    8.34070         39 0.0000e+00
     28.000     27.708    -1.2492  27.132224    -1.2519  27.132636     7.5234     7.8164    15.7345    73.3447 1.4981e-01  -74.09952 -111.54142  35.114685      99.87 1.1678e+03    281.812       6764  1027.3521  1027.3551     3.4798     2.6136     0.1956    33.8315    33.8352    8.34733         38 0.0000e+00
     29.000     28.698    -1.2682  27.119432    -1.2702  27.120212     7.4588     7.7329    14.4057    74.7331 1.1541e-01  -74.09952 -111.54142  35.114706      99.73 1.1684e+03    283.620       6808  1027.3601  1027.3629     3.5457     2.4468     0.1829    33.8348    33.8381    8.35137         44 0.0000e+00
     30.000     29.688    -1.2793  27.112350    -1.2815  27.112761     7.4490     7.7063    14.5107    73.9123 8.8243e-02  -74.09952 -111.54142  35.114727      99.90 1.1688e+03    285.443       6852  1027.3668  1027.3694     3.5070     2.7483     0.1955    33.8370    33.8401    8.35373         40 0.0000e+00
     31.000     30.677    -1.2835  27.110343    -1.2855  27.110673     7.4891     7.7189    12.1217    75.5606 6.6495e-02  -74.09952 -111.54142  35.114749      99.59 1.1679e+03    287.279       6896  1027.3726  1027.3748     3.5847     2.2660     0.1659    33.8385    33.8412    8.35460         44 0.0000e+00
     32.000     31.667    -1.2820  27.113513    -1.2838  27.113896     7.5561     7.7851    10.6852    78.2464 4.8800e-02  -74.09952 -111.54142  35.114770      99.57 1.1674e+03    289.102       6939  1027.3785  1027.3806     3.7123     2.2412     0.1604    33.8404    33.8430    8.35413         42 0.0000e+00
     33.000     32.656    -1.2746  27.121733    -1.2757  27.122597     7.6597     7.8820    11.7724    78.7066 3.4140e-02  -74.09952 -111.54142  35.114791      99.60 1.1685e+03    290.932       6983  1027.3844  1027.3864     3.7339     2.2596     0.1653    33.8427    33.8451    8.35235         40 0.0000e+00
     34.000     33.646    -1.2645  27.131564    -1.2632  27.134316     7.7168     7.9391    11.6949    79.6430 2.2546e-02  -74.09952 -111.54142  35.114812      96.71 1.1674e+03    292.751       7027  1027.3896  1027.3914     3.7784     2.3607     0.1645    33.8441    33.8465    8.35000         39 0.0000e+00
     35.000     34.635    -1.2591  27.136906    -1.2586  27.139040     7.7194     7.9355    14.7583    79.8294 1.1006e-02  -74.09952 -111.54142  35.114833      99.62 1.1673e+03    294.536       7070  1027.3945  1027.3964     3.7871     2.4782     0.1905    33.8447    33.8471    8.34875         36 0.0000e+00
     36.000     35.625    -1.2612  27.136566    -1.2637  27.136514     7.6740     7.9009    12.4964    80.8538 2.0737e-03  -74.09952 -111.54142  35.114853      99.58 1.1687e+03    296.337       7113  1027.4005  1027.4028     3.8359     2.2426     0.1770    33.8460    33.8488    8.34915         38 0.0000e+00
     37.000     36.615    -1.2664  27.133366    -1.2680  27.133759     7.5904     7.8429    14.0743    81.4200 -2.316e-05  -74.09952 -111.54142  35.114874      99.48 1.1672e+03    298.142       7156  1027.4063  1027.4082     3.8625     2.0648     0.1612    33.8469    33.8493    8.35026         39 0.0000e+00
     38.000     37.603    -1.2772  27.124755    -1.2736  27.129580     7.5051     7.7641    12.2332    81.1831 1.0000e-12  -74.09952 -111.54142  35.114895      99.63 1.1670e+03    299.926       7199  1027.4115  1027.4133     3.8517     2.3144     0.1713    33.8467    33.8493    8.35269         41 0.0000e+00
     39.000     38.594    -1.2857  27.118729    -1.2880  27.118398     7.4932     7.7343    12.6285    81.5880 1.0000e-12  -74.09952 -111.54142  35.114916      99.53 1.1676e+03    301.733       7243  1027.4172  1027.4192     3.8707     2.1655     0.1599    33.8474    33.8496    8.35454         38 0.0000e+00
     40.000     39.582    -1.2854  27.119498    -1.2872  27.119347     7.5256     7.7408    11.9277    81.4502 1.0000e-12  -74.09952 -111.54142  35.114937      99.40 1.1678e+03    303.562       7286  1027.4219  1027.4236     3.8643     2.0108     0.1694    33.8475    33.8494    8.35447         42 0.0000e+00
     41.000     40.572    -1.2814  27.123001    -1.2845  27.121920     7.5395     7.7548    12.2094    82.2366 1.0000e-12  -74.09952 -111.54142  35.114959      99.44 1.1673e+03    305.423       7331  1027.4261  1027.4279     3.9011     2.0934     0.1733    33.8471    33.8491    8.35360         34 0.0000e+00
     42.000     41.561    -1.2817  27.123275    -1.2836  27.123227     7.5475     7.7641    10.8396    81.3382 1.0000e-12  -74.09952 -111.54142  35.114982      99.37 1.1672e+03    307.457       7380  1027.4310  1027.4327     3.8595     1.9243     0.1796    33.8473    33.8493    8.35367         40 0.0000e+00
     43.000     42.551    -1.2810  27.124599    -1.2827  27.124770     7.5459     7.7538    11.5910    80.8369 1.0000e-12  -74.09952 -111.54142  35.115006      99.49 1.1670e+03    309.551       7430  1027.4360  1027.4378     3.8356     2.0930     0.1767    33.8476    33.8498    8.35348         42 0.0000e+00
     44.000     43.540    -1.2827  27.123563    -1.2845  27.123505     7.5249     7.7438    12.2782    81.6236 1.0000e-12  -74.09952 -111.54143  35.115030      99.48 1.1670e+03    311.587       7479  1027.4408  1027.4425     3.8718     2.1125     0.1744    33.8475    33.8495    8.35387         38 0.0000e+00
     45.000     44.531    -1.2858  27.121512    -1.2878  27.121318     7.4995     7.7204    11.9864    81.4630 1.0000e-12  -74.09952 -111.54143  35.115053      99.47 1.1670e+03    313.622       7528  1027.4458  1027.4475     3.8650     2.1241     0.1657    33.8475    33.8496    8.35456         36 0.0000e+00
     46.000     45.518    -1.2879  27.120298    -1.2890  27.120485     7.4977     7.7194    12.6726    82.6963 1.0000e-12  -74.09952 -111.54143  35.115078      99.43 1.1670e+03    315.710       7578  1027.4507  1027.4520     3.9230     2.0293     0.1547    33.8476    33.8492    8.35503         44 0.0000e+00
     47.000     46.507    -1.2877  27.120923    -1.2894  27.121026     7.5059     7.7231    12.9811    81.9441 1.0000e-12  -74.09952 -111.54143  35.115101      99.45 1.1672e+03    317.755       7627  1027.4555  1027.4573     3.8876     2.0042     0.1760    33.8476    33.8498    8.35498         38 0.0000e+00
     48.000     47.497    -1.2879  27.121441    -1.2895  27.121500     7.5049     7.7209    13.1641    82.2896 1.0000e-12  -74.09952 -111.54143  35.115124      98.00 1.1681e+03    319.753       7675  1027.4606  1027.4622     3.9038     1.8948     0.1657    33.8480    33.8499    8.35501         35 0.0000e+00
     49.000     48.488    -1.2880  27.121927    -1.2895  27.122061     7.5081     7.7287    10.8690    83.2494 1.0000e-12  -74.09952 -111.54143  35.115148      99.58 1.1679e+03    321.788       7724  1027.4655  1027.4670     3.9496     2.1445     0.1750    33.8482    33.8500    8.35503         40 0.0000e+00
     50.000     49.478    -1.2879  27.122743    -1.2896  27.122752     7.5255     7.7445    12.2725    82.7865 1.0000e-12  -74.09952 -111.54143  35.115172      99.38 1.1676e+03    323.857       7774  1027.4706  1027.4722     3.9276     1.8134     0.1816    33.8485    33.8505    8.35498         41 0.0000e+00
     51.000     50.466    -1.2884  27.124530    -1.2898  27.124614     7.5315     7.7506    12.0143    83.3551 1.0000e-12  -74.09952 -111.54143  35.115195      99.38 1.1671e+03    325.884       7822  1027.4774  1027.4788     3.9545     1.8951     0.1795    33.8509    33.8526    8.35495         44 0.0000e+00
     52.000     51.455    -1.2890  27.124954    -1.2904  27.125078     7.5335     7.7463    13.0952    82.3515 1.0000e-12  -74.09952 -111.54143  35.115219      99.42 1.1676e+03    327.932       7871  1027.4827  1027.4841     3.9072     1.9312     0.1728    33.8516    33.8533    8.35504         43 0.0000e+00
