ocean_section_plots/required_files/ctd/dnbp2202_ctd038.cnv
* Sea-Bird SBE 9 Data File:
* FileName = D:\Data\raw\NBP2202_CTD038.hex
* Software Version Seasave V 7.26.7.121
* Temperature SN = 1649
* Conductivity SN = 2513
* Number of Bytes Per Scan = 40
* Number of Voltage Words = 5
* Number of Scans Averaged by the Deck Unit = 1
* NMEA Latitude = 74 08.81 S
* NMEA Longitude = 113 23.06 W
* NMEA UTC (Time) = Jan 22 2022  15:27:22
* NMEA baud rate = 9600
** Ship: RVIB N.B. Palmer
** Cruise: NBP2202 Thwaites
** Station: Tow-Yo #2
** Operator: A. Robinson
# nquan = 25
# nvalues = 462                         
# units = specified
# name 0 = prDM: Pressure, Digiquartz [db]
# name 1 = depSM: Depth [salt water, m]
# name 2 = t090C: Temperature [ITS-90, deg C]
# name 3 = c0mS/cm: Conductivity [mS/cm]
# name 4 = t190C: Temperature, 2 [ITS-90, deg C]
# name 5 = c1mS/cm: Conductivity, 2 [mS/cm]
# name 6 = sbeox0ML/L: Oxygen, SBE 43 [ml/l]
# name 7 = sbeox1ML/L: Oxygen, SBE 43, 2 [ml/l]
# name 8 = flECO-AFL: Fluorescence, WET Labs ECO-AFL/FL [mg/m^3]
# name 9 = CStarTr0: Beam Transmission, WET Labs C-Star [%]
# name 10 = par: PAR/Irradiance, Biospherical/Licor
# name 11 = latitude: Latitude [deg]
# name 12 = longitude: Longitude [deg]
# name 13 = timeJ: Julian Days
# name 14 = altM: Altimeter [m]
# name 15 = spar: SPAR, Biospherical/Licor
# name 16 = timeS: Time, Elapsed [seconds]
# name 17 = scan: Scan Count
# name 18 = density00: Density [density, kg/m^3]
# name 19 = density11: Density, 2 [density, kg/m^3]
# name 20 = sal00: Salinity, Practical [PSU]
# name 21 = sal11: Salinity, Practical, 2 [PSU]
# name 22 = oxsolML/L: Oxygen Saturation, Garcia & Gordon [ml/l]
# name 23 = nbin: number of scans per bin
# name 24 = flag: flag
# span 0 =     10.000,    471.000       
# span 1 =      9.896,    465.616       
# span 2 =    -1.4064,    -0.0894       
# span 3 =  27.028427,  28.660123       
# span 4 =    -1.4045,    -0.0875       
# span 5 =  27.027908,  28.659666       
# span 6 =     4.7658,     8.5143       
# span 7 =     5.0192,     8.9325       
# span 8 =    -0.0196,    19.2740       
# span 9 =    72.7347,    97.1724       
# span 10 = -6.847e-05, 2.9536e+01      
# span 11 =  -74.14698,  -74.14696      
# span 12 = -113.38373, -113.36839      
# span 13 =  22.644383,  22.652604      
# span 14 =      10.00,     101.50      
# span 15 = 1.3453e+03, 1.7913e+03      
# span 16 =     32.678,    743.004      
# span 17 =        785,      17833      
# span 18 =  1027.2134,  1029.7953      
# span 19 =  1027.2122,  1029.7929      
# span 20 =    33.7772,    34.3169      
# span 21 =    33.7753,    34.3142      
# span 22 =    8.06739,    8.38185      
# span 23 =          4,         48      
# span 24 = 0.0000e+00, 0.0000e+00      
# interval = decibars: 1                
# start_time = Jan 22 2022 15:27:22 [NMEA time, header]
# bad_flag = -9.990e-29
*END*
[from data line 232]
    242.000    239.355    -0.8481  27.727877    -0.8460  27.727577     5.1389     5.4213    -0.0119    97.1017 1.0000e-12  -74.14698 -113.37689  22.648119      99.57 1.7633e+03    355.498       8533  1028.5418  1028.5395    34.0582    34.0555    8.24531         36 0.0000e+00
    243.000    240.344    -0.8476  27.728806    -0.8459  27.728222     5.1330     5.4217    -0.0012    97.1069 1.0000e-12  -74.14698 -113.37685  22.648136      99.87 1.7622e+03    356.968       8568  1028.5466  1028.5443    34.0583    34.0556    8.24520         33 0.0000e+00
    244.000    241.332    -0.8473  27.729510    -0.8458  27.728605     5.1364     5.4221     0.0041    97.1033 1.0000e-12  -74.14698 -113.37682  22.648152      99.86 1.7612e+03    358.349       8601  1028.5514  1028.5490    34.0583    34.0553    8.24513         34 0.0000e+00
    245.000    242.321    -0.8464  27.730846    -0.8468  27.727965     5.1318     5.4219    -0.0051    97.0918 1.0000e-12  -74.14698 -113.37680  22.648169      99.86 1.7600e+03    359.782       8636  1028.5563  1028.5536    34.0584    34.0550    8.24492         35 0.0000e+00
    246.000    243.310    -0.8418  27.736715    -0.8399  27.736010     5.1297     5.4127    -0.0054    97.0980 1.0000e-12  -74.14698 -113.37676  22.648185      99.86 1.7572e+03    361.220       8670  1028.5626  1028.5599    34.0607    34.0575    8.24380         32 0.0000e+00
    247.000    244.298    -0.8329  27.746784    -0.8307  27.746272     5.1199     5.4123     0.0074    97.1183 1.0000e-12  -74.14698 -113.37673  22.648201      99.86 1.7560e+03    362.601       8703  1028.5691  1028.5664    34.0636    34.0605    8.24167         33 0.0000e+00
    248.000    245.287    -0.8269  27.753643    -0.8243  27.753594     5.1203     5.4082     0.0033    97.0965 1.0000e-12  -74.14698 -113.37671  22.648218      99.86 1.7558e+03    364.066       8739  1028.5750  1028.5725    34.0654    34.0625    8.24024         36 0.0000e+00
    249.000    246.273    -0.8198  27.761907    -0.8181  27.760961     5.1207     5.4068    -0.0046    97.0915 1.0000e-12  -74.14698 -113.37667  22.648235      86.70 1.7549e+03    365.508       8773  1028.5815  1028.5788    34.0681    34.0649    8.23854         31 0.0000e+00
    250.000    247.264    -0.8183  27.764239    -0.8163  27.763831     5.1228     5.4106     0.0099    97.0915 1.0000e-12  -74.14698 -113.37665  22.648251      88.27 1.7546e+03    366.888       8806  1028.5870  1028.5846    34.0690    34.0661    8.23817         32 0.0000e+00
    251.000    248.251    -0.8135  27.770018    -0.8106  27.770263     5.1316     5.4147    -0.0037    97.1022 1.0000e-12  -74.14698 -113.37660  22.648268      99.60 1.7567e+03    368.357       8842  1028.5929  1028.5904    34.0707    34.0678    8.23700         34 0.0000e+00
    252.000    249.243    -0.8103  27.774791    -0.8084  27.774180     5.1463     5.4313    -0.0044    97.1049 1.0000e-12  -74.14698 -113.37658  22.648285      99.86 1.7600e+03    369.801       8876  1028.5994  1028.5969    34.0730    34.0700    8.23618         31 0.0000e+00
    253.000    250.230    -0.8134  27.774740    -0.8117  27.774262     5.1613     5.4444    -0.0192    97.0952 1.0000e-12  -74.14698 -113.37656  22.648301      99.86 1.7611e+03    371.191       8910  1028.6067  1028.6045    34.0758    34.0732    8.23670         32 0.0000e+00
    254.000    251.218    -0.8156  27.774857    -0.8140  27.774215     5.1643     5.4545    -0.0046    97.0890 1.0000e-12  -74.14698 -113.37651  22.648317      99.86 1.7620e+03    372.632       8944  1028.6134  1028.6111    34.0778    34.0751    8.23706         33 0.0000e+00
    255.000    252.205    -0.8158  27.775697    -0.8139  27.775547     5.1588     5.4535    -0.0105    97.0851 1.0000e-12  -74.14698 -113.37649  22.648334      99.86 1.7645e+03    374.059       8978  1028.6187  1028.6168    34.0785    34.0762    8.23705         34 0.0000e+00
    256.000    253.194    -0.7999  27.794946    -0.8023  27.789934     5.1383     5.4371    -0.0150    97.1005 1.0000e-12  -74.14698 -113.37645  22.648351      99.86 1.7669e+03    375.500       9013  1028.6285  1028.6254    34.0860    34.0820    8.23315         35 0.0000e+00
    257.000    254.183    -0.7804  27.815450    -0.7839  27.808888     5.1123     5.4149    -0.0185    97.0291 1.0000e-12  -74.14698 -113.37642  22.648368      99.86 1.7666e+03    376.958       9048  1028.6360  1028.6324    34.0912    34.0863    8.22860         32 0.0000e+00
    258.000    255.171    -0.7630  27.832935    -0.7612  27.832005     5.1143     5.4056    -0.0187    97.0814 1.0000e-12  -74.14698 -113.37640  22.648383      99.86 1.7660e+03    378.303       9080  1028.6425  1028.6396    34.0947    34.0913    8.22461         32 0.0000e+00
    259.000    256.160    -0.7589  27.837134    -0.7566  27.837352     5.1186     5.4028    -0.0155    97.0960 1.0000e-12  -74.14698 -113.37637  22.648399      86.01 1.7647e+03    379.693       9114  1028.6475  1028.6455    34.0950    34.0927    8.22368         35 0.0000e+00
    260.000    257.147    -0.7606  27.836143    -0.7582  27.836186     5.1185     5.4075    -0.0169    97.0998 1.0000e-12  -74.14698 -113.37634  22.648416      96.96 1.7646e+03    381.163       9149  1028.6526  1028.6503    34.0950    34.0924    8.22406         35 0.0000e+00
    261.000    258.137    -0.7599  27.837682    -0.7564  27.838672     5.1242     5.4148    -0.0074    97.0814 1.0000e-12  -74.14698 -113.37631  22.648432      99.73 1.7646e+03    382.548       9182  1028.6580  1028.6557    34.0957    34.0931    8.22386         29 0.0000e+00
    262.000    259.125    -0.7545  27.844025    -0.7523  27.844118     5.1221     5.4142    -0.0079    97.0794 1.0000e-12  -74.14698 -113.37628  22.648448      99.86 1.7630e+03    383.938       9216  1028.6640  1028.6620    34.0976    34.0952    8.22258         32 0.0000e+00
    263.000    260.114    -0.7551  27.844650    -0.7527  27.844550     5.1282     5.4170    -0.0056    97.1017 1.0000e-12  -74.14698 -113.37624  22.648465      99.86 1.7641e+03    385.354       9250  1028.6697  1028.6673    34.0985    34.0956    8.22265         34 0.0000e+00
    264.000    261.101    -0.7556  27.844781    -0.7536  27.844271     5.1320     5.4200    -0.0055    97.0601 1.0000e-12  -74.14698 -113.37621  22.648481      99.86 1.7654e+03    386.724       9282  1028.6747  1028.6722    34.0986    34.0957    8.22276         33 0.0000e+00
    265.000    262.091    -0.7559  27.844998    -0.7539  27.844479     5.1323     5.4190    -0.0100    97.1069 1.0000e-12  -74.14698 -113.37619  22.648496      99.85 1.7699e+03    388.085       9315  1028.6796  1028.6771    34.0986    34.0957    8.22282         30 0.0000e+00
    266.000    263.074    -0.7558  27.845511    -0.7537  27.845108     5.1281     5.4184    -0.0136    97.0906 1.0000e-12  -74.14698 -113.37615  22.648513      99.87 1.7746e+03    389.495       9349  1028.6844  1028.6820    34.0986    34.0957    8.22280         29 0.0000e+00
    267.000    264.067    -0.7546  27.847111    -0.7528  27.846367     5.1220     5.4155     0.0013    97.0739 1.0000e-12  -74.14698 -113.37613  22.648529      99.86 1.7740e+03    390.884       9382  1028.6893  1028.6867    34.0988    34.0957    8.22253         32 0.0000e+00
    268.000    265.056    -0.7527  27.849567    -0.7508  27.848857     5.1191     5.4130    -0.0107    97.1024 1.0000e-12  -74.14698 -113.37610  22.648545      79.07 1.7719e+03    392.259       9415  1028.6944  1028.6919    34.0993    34.0963    8.22207         33 0.0000e+00
    269.000    266.041    -0.7506  27.852078    -0.7490  27.851309     5.1091     5.3977    -0.0124    97.1090 1.0000e-12  -74.14698 -113.37607  22.648560      93.69 1.7677e+03    393.555       9446  1028.6994  1028.6970    34.0997    34.0969    8.22159         27 0.0000e+00
    270.000    267.033    -0.7451  27.858613    -0.7420  27.859333     5.0943     5.3887    -0.0060    97.0870 1.0000e-12  -74.14698 -113.37605  22.648571      99.19 1.7631e+03    394.577       9471  1028.7055  1028.7033    34.1018    34.0993    8.22028         25 0.0000e+00
    271.000    268.020    -0.7293  27.875755    -0.7264  27.875774     5.0902     5.3800    -0.0038    97.0976 1.0000e-12  -74.14698 -113.37603  22.648584      99.86 1.7603e+03    395.636       9496  1028.7129  1028.7101    34.1066    34.1033    8.21657         26 0.0000e+00
    272.000    269.008    -0.7171  27.887988    -0.7155  27.887154     5.0799     5.3700    -0.0092    97.0956 1.0000e-12  -74.14698 -113.37601  22.648597      99.86 1.7583e+03    396.795       9524  1028.7185  1028.7161    34.1086    34.1057    8.21378         29 0.0000e+00
    273.000    269.997    -0.7087  27.897046    -0.7068  27.896334     5.0744     5.3558    -0.0145    97.0780 1.0000e-12  -74.14698 -113.37599  22.648611      99.87 1.7575e+03    397.971       9552  1028.7246  1028.7220    34.1108    34.1077    8.21184         27 0.0000e+00
    274.000    270.985    -0.6974  27.908922    -0.6968  27.906773     5.0648     5.3512    -0.0086    97.0724 1.0000e-12  -74.14698 -113.37596  22.648623      99.86 1.7564e+03    399.046       9578  1028.7308  1028.7279    34.1135    34.1100    8.20922         25 0.0000e+00
    275.000    271.972    -0.6921  27.914160    -0.6906  27.913382     5.0632     5.3462    -0.0099    97.0729 1.0000e-12  -74.14698 -113.37594  22.648635      99.86 1.7559e+03    400.094       9603  1028.7358  1028.7334    34.1140    34.1112    8.20805         26 0.0000e+00
    276.000    272.962    -0.6900  27.916832    -0.6874  27.916975     5.0549     5.3349    -0.0138    97.0743 1.0000e-12  -74.14698 -113.37592  22.648648      99.86 1.7569e+03    401.184       9629  1028.7410  1028.7387    34.1146    34.1119    8.20755         27 0.0000e+00
    277.000    273.949    -0.6825  27.925026    -0.6793  27.925407     5.0458     5.3323    -0.0087    97.0764 1.0000e-12  -74.14698 -113.37588  22.648662      99.87 1.7599e+03    402.380       9658  1028.7469  1028.7443    34.1166    34.1136    8.20580         30 0.0000e+00
    278.000    274.938    -0.6751  27.932637    -0.6731  27.931807     5.0458     5.3325    -0.0047    97.0579 1.0000e-12  -74.14698 -113.37586  22.648677      99.86 1.7626e+03    403.724       9690  1028.7524  1028.7496    34.1179    34.1146    8.20412         34 0.0000e+00
    279.000    275.927    -0.6745  27.933472    -0.6724  27.932950     5.0286     5.3116    -0.0051    97.0419 1.0000e-12  -74.14698 -113.37583  22.648693      82.77 1.7651e+03    405.079       9723  1028.7572  1028.7546    34.1178    34.1147    8.20400         31 0.0000e+00
    280.000    276.915    -0.6654  27.943726    -0.6590  27.946504     5.0112     5.2901    -0.0072    97.0633 1.0000e-12  -74.14698 -113.37580  22.648708      93.73 1.7675e+03    406.340       9753  1028.7638  1028.7606    34.1207    34.1173    8.20186         30 0.0000e+00
    281.000    277.903    -0.6397  27.968639    -0.6376  27.968098     5.0093     5.2919    -0.0110    97.0627 1.0000e-12  -74.14698 -113.37577  22.648722      99.95 1.7718e+03    407.603       9783  1028.7700  1028.7674    34.1248    34.1217    8.19606         29 0.0000e+00
    282.000    278.892    -0.6373  27.971656    -0.6357  27.970614     4.9992     5.2862    -0.0092    97.0553 1.0000e-12  -74.14698 -113.37575  22.648736      99.86 1.7780e+03    408.805       9812  1028.7754  1028.7727    34.1255    34.1223    8.19549         31 0.0000e+00
    283.000    279.880    -0.6367  27.972721    -0.6346  27.972035     4.9937     5.2751    -0.0136    97.0440 1.0000e-12  -74.14698 -113.37572  22.648752      99.86 1.7863e+03    410.148       9845  1028.7806  1028.7778    34.1257    34.1224    8.19536         32 0.0000e+00
    284.000    280.869    -0.6233  27.987564    -0.6208  27.986881     4.9843     5.2630    -0.0117    97.0322 1.0000e-12  -74.14698 -113.37569  22.648767      99.87 1.7910e+03    411.459       9876  1028.7878  1028.7848    34.1300    34.1263    8.19220         29 0.0000e+00
    285.000    281.855    -0.6098  28.001756    -0.6078  28.001052     4.9760     5.2537    -0.0144    97.0431 1.0000e-12  -74.14698 -113.37566  22.648780      99.86 1.7913e+03    412.560       9902  1028.7944  1028.7918    34.1332    34.1300    8.18908         28 0.0000e+00
    286.000    282.845    -0.5996  28.013226    -0.5961  28.013602     4.9670     5.2442    -0.0196    97.0368 1.0000e-12  -74.14698 -113.37564  22.648794      99.86 1.7880e+03    413.840       9933  1028.8013  1028.7984    34.1366    34.1332    8.18668         32 0.0000e+00
    287.000    283.833    -0.5775  28.037546    -0.5738  28.037915     4.9582     5.2384    -0.0137    97.0373 1.0000e-12  -74.14698 -113.37560  22.648811      99.86 1.7812e+03    415.263       9967  1028.8105  1028.8073    34.1439    34.1401    8.18150         35 0.0000e+00
    288.000    284.821    -0.5592  28.057785    -0.5559  28.057856     4.9599     5.2353    -0.0134    97.0327 1.0000e-12  -74.14698 -113.37557  22.648827      99.86 1.7755e+03    416.628      10000  1028.8189  1028.8159    34.1498    34.1463    8.17719         31 0.0000e+00
    289.000    285.810    -0.5452  28.073135    -0.5427  28.072647     4.9499     5.2261    -0.0183    97.0245 1.0000e-12  -74.14698 -113.37553  22.648842      99.87 1.7725e+03    417.982      10033  1028.8265  1028.8235    34.1541    34.1506    8.17393         34 0.0000e+00
    290.000    286.798    -0.5318  28.088388    -0.5287  28.088227     4.9425     5.2203    -0.0083    97.0195 1.0000e-12  -74.14698 -113.37551  22.648859      92.83 1.7698e+03    419.385      10066  1028.8344  1028.8312    34.1589    34.1552    8.17076         33 0.0000e+00
    291.000    287.786    -0.5225  28.098475    -0.5205  28.097606     4.9467     5.2200    -0.0178    97.0142 1.0000e-12  -74.14698 -113.37547  22.648874      99.59 1.7658e+03    420.732      10099  1028.8408  1028.8379    34.1614    34.1580    8.16862         32 0.0000e+00
    292.000    288.774    -0.5214  28.099980    -0.5193  28.099218     4.9489     5.2257    -0.0129    96.9952 1.0000e-12  -74.14698 -113.37545  22.648890      99.85 1.7636e+03    422.085      10131  1028.8458  1028.8431    34.1615    34.1582    8.16836         34 0.0000e+00
    293.000    289.764    -0.5207  28.101123    -0.5187  28.100266     4.9518     5.2184    -0.0120    96.9860 1.0000e-12  -74.14698 -113.37541  22.648906      99.86 1.7629e+03    423.521      10165  1028.8509  1028.8481    34.1617    34.1583    8.16821         32 0.0000e+00
    294.000    290.750    -0.5203  28.101975    -0.5182  28.101339     4.9495     5.2189    -0.0048    96.9820 1.0000e-12  -74.14698 -113.37539  22.648922      99.86 1.7628e+03    424.884      10198  1028.8560  1028.8533    34.1618    34.1586    8.16812         31 0.0000e+00
    295.000    291.739    -0.5198  28.102920    -0.5178  28.102119     4.9493     5.2188    -0.0123    96.9758 1.0000e-12  -74.14698 -113.37535  22.648937      99.86 1.7630e+03    426.199      10230  1028.8610  1028.8582    34.1619    34.1586    8.16801         33 0.0000e+00
    296.000    292.727    -0.5195  28.103572    -0.5175  28.102906     4.9470     5.2225    -0.0119    96.9777 1.0000e-12  -74.14697 -113.37532  22.648954      99.86 1.7652e+03    427.623      10264  1028.8658  1028.8632    34.1619    34.1587    8.16795         35 0.0000e+00
    297.000    293.716    -0.5185  28.105195    -0.5164  28.104558     4.9400     5.2252    -0.0124    96.9787 1.0000e-12  -74.14696 -113.37530  22.648970      99.86 1.7679e+03    428.995      10297  1028.8710  1028.8682    34.1623    34.1590    8.16770         31 0.0000e+00
    298.000    294.704    -0.5179  28.106456    -0.5157  28.105910     4.9408     5.2206    -0.0130    96.9688 1.0000e-12  -74.14696 -113.37526  22.648985      99.86 1.7691e+03    430.328      10329  1028.8761  1028.8734    34.1627    34.1595    8.16755         33 0.0000e+00
