ocean_section_plots/required_files/ctd/dnbp2202_ctd167.cnv
* Sea-Bird SBE 9 Data File:
* FileName = D:\Data\raw\NBP2202_CTD167.hex
* Software Version Seasave V 7.26.7.121
* Temperature SN = 1649
* Conductivity SN = 2513
* Number of Bytes Per Scan = 40
* Number of Voltage Words = 5
* Number of Scans Averaged by the Deck Unit = 1
* NMEA Latitude = 74 23.57 S
* NMEA Longitude = 110 05.15 W
* NMEA UTC (Time) = Feb 03 2022  05:20:45
* NMEA baud rate = 9600
** Ship: RVIB N.B. Palmer
** Cruise: NBP2202 Thwaites
** Station: 89
** Operator: B Bjork
# nquan = 28
# nvalues = 1288                        
# units = specified
# name 0 = prDM: Pressure, Digiquartz [db]
# name 1 = depSM: Depth [salt water, m]
# name 2 = t090C: Temperature [ITS-90, deg C]
# name 3 = c0mS/cm: Conductivity [mS/cm]
# name 4 = t190C: Temperature, 2 [ITS-90, deg C]
# name 5 = c1mS/cm: Conductivity, 2 [mS/cm]
# name 6 = sbeox0ML/L: Oxygen, SBE 43 [ml/l]
# name 7 = sbeox1ML/L: Oxygen, SBE 43, 2 [ml/l]
# name 8 = flECO-AFL: Fluorescence, WET Labs ECO-AFL/FL [mg/m^3]
# name 9 = CStarTr0: Beam Transmission, WET Labs C-Star [%]
# name 10 = par: PAR/Irradiance, Biospherical/Licor
# name 11 = latitude: Latitude [deg]
# name 12 = longitude: Longitude [deg]
# name 13 = timeJ: Julian Days
# name 14 = altM: Altimeter [m]
# name 15 = spar: SPAR, Biospherical/Licor
# name 16 = timeS: Time, Elapsed [seconds]
# name 17 = scan: Scan Count
# name 18 = density00: Density [density, kg/m^3]
# name 19 = density11: Density, 2 [density, kg/m^3]
# name 20 = v3: Voltage 3
# name 21 = v4: Voltage 4
# name 22 = v5: Voltage 5
# name 23 = sal00: Salinity, Practical [PSU]
# name 24 = sal11: Salinity, Practical, 2 [PSU]
# name 25 = oxsolML/L: Oxygen Saturation, Garcia & Gordon [ml/l]
# name 26 = nbin: number of scans per bin
# name 27 = flag: flag
# span 0 =      2.000,   1289.000       
# span 1 =      1.971,   1271.710       
# span 2 =    -1.5801,     1.1145       
# span 3 =  26.795171,  30.343020       
# span 4 =    -1.5793,     1.1169       
# span 5 =  26.795209,  30.343086       
# span 6 =     4.3059,     5.7116       
# span 7 =     4.3690,     5.8021       
# span 8 =    -0.0279,     0.1112       
# span 9 =    98.5442,    99.6032       
# span 10 = 1.0000e-12, 8.0423e+01      
# span 11 =  -74.39296,  -74.39294      
# span 12 = -110.08596, -110.08592      
# span 13 =  34.223602,  34.240487      
# span 14 =      -2.87,     100.85      
# span 15 = 3.4809e+02, 4.6132e+02      
# span 16 =     74.179,   1533.051      
# span 17 =       1781,      36794      
# span 18 =  1027.1735,  1033.8171      
# span 19 =  1027.1734,  1033.8151      
# span 20 =     4.6748,     4.7250      
# span 21 =     0.0642,     0.0875      
# span 22 =     0.1101,     0.1418      
# span 23 =    33.7522,    34.7032      
# span 24 =    33.7535,    34.7009      
# span 25 =    7.79918,    8.42624      
# span 26 =         11,         49      
# span 27 = 0.0000e+00, 0.0000e+00      
# interval = decibars: 1                
# start_time = Feb 03 2022 05:20:45 [NMEA time, header]
# bad_flag = -9.990e-29
*END*
[from data line 363]
    365.000    360.901    -0.7663  27.922282    -0.7647  27.921988     5.3602     5.4931    -0.0144    98.7108 1.0000e-12  -74.39296 -110.08594  34.228868      99.92 4.2543e+02    529.177      12701  1029.2024  1029.2005     4.6826     0.0703     0.1332    34.1540    34.1517    8.22188         24 0.0000e+00
    366.000    361.888    -0.7569  27.932650    -0.7551  27.932042     5.3484     5.4697    -0.0168    98.6988 1.0000e-12  -74.39296 -110.08594  34.228880      99.92 4.2577e+02    530.204      12726  1029.2084  1029.2060     4.6821     0.0698     0.1331    34.1567    34.1538    8.21966         25 0.0000e+00
    367.000    362.876    -0.7415  27.948172    -0.7386  27.948302     5.3465     5.4671    -0.0175    98.7218 1.0000e-12  -74.39296 -110.08594  34.228891      99.93 4.2414e+02    531.217      12750  1029.2143  1029.2116     4.6832     0.0691     0.1353    34.1597    34.1565    8.21613         24 0.0000e+00
    368.000    363.864    -0.7229  27.966108    -0.7218  27.965316     5.3414     5.4709    -0.0009    98.7285 1.0000e-12  -74.39296 -110.08594  34.228903      99.93 4.2523e+02    532.236      12775  1029.2197  1029.2178     4.6835     0.0680     0.1349    34.1624    34.1600    8.21195         24 0.0000e+00
    369.000    364.852    -0.7330  27.958531    -0.7308  27.958710     5.3342     5.4577    -0.0152    98.7360 1.0000e-12  -74.39296 -110.08594  34.228915      99.92 4.2636e+02    533.267      12799  1029.2258  1029.2238     4.6839     0.0688     0.1326    34.1629    34.1606    8.21411         25 0.0000e+00
    370.000    365.840    -0.7293  27.962489    -0.7262  27.963374     5.3199     5.4459    -0.0150    98.7584 1.0000e-12  -74.39296 -110.08594  34.228927      97.06 4.2451e+02    534.287      12824  1029.2307  1029.2286     4.6850     0.0692     0.1339    34.1634    34.1612    8.21327         25 0.0000e+00
    371.000    366.827    -0.7179  27.973670    -0.7164  27.972878     5.3105     5.4436    -0.0150    98.7478 1.0000e-12  -74.39296 -110.08594  34.228939      75.34 4.2456e+02    535.309      12848  1029.2358  1029.2335     4.6844     0.0674     0.1353    34.1651    34.1623    8.21070         24 0.0000e+00
    372.000    367.815    -0.7079  27.983214    -0.7058  27.983093     5.2908     5.4203    -0.0006    98.7617 1.0000e-12  -74.39296 -110.08594  34.228951      89.03 4.2620e+02    536.336      12873  1029.2406  1029.2385     4.6851     0.0676     0.1366    34.1661    34.1636    8.20847         25 0.0000e+00
    373.000    368.803    -0.7010  27.990540    -0.6985  27.990857     5.2467     5.3797    -0.0123    98.7477 1.0000e-12  -74.39296 -110.08594  34.228962      99.96 4.2492e+02    537.357      12898  1029.2461  1029.2440     4.6844     0.0704     0.1321    34.1676    34.1651    8.20688         24 0.0000e+00
    374.000    369.791    -0.6733  28.018104    -0.6684  28.019335     5.2203     5.3539    -0.0150    98.7585 1.0000e-12  -74.39296 -110.08594  34.228974      99.92 4.2408e+02    538.375      12922  1029.2530  1029.2496     4.6849     0.0693     0.1339    34.1728    34.1690    8.20055         25 0.0000e+00
    375.000    370.778    -0.6413  28.047160    -0.6387  28.047020     5.2078     5.3343    -0.0147    98.7220 1.0000e-12  -74.39296 -110.08594  34.228986      99.92 4.2544e+02    539.397      12947  1029.2574  1029.2548     4.6832     0.0688     0.1343    34.1753    34.1723    8.19348         24 0.0000e+00
    376.000    371.767    -0.6285  28.058956    -0.6265  28.058795     5.2037     5.3307    -0.0190    98.7664 1.0000e-12  -74.39296 -110.08594  34.228998      99.92 4.2537e+02    540.405      12971  1029.2621  1029.2600     4.6853     0.0698     0.1331    34.1762    34.1738    8.19066         24 0.0000e+00
    377.000    372.755    -0.6280  28.060023    -0.6260  28.059844     5.2108     5.3358    -0.0184    98.7497 1.0000e-12  -74.39296 -110.08594  34.229009      99.92 4.2492e+02    541.410      12995  1029.2673  1029.2652     4.6845     0.0702     0.1352    34.1765    34.1740    8.19053         24 0.0000e+00
    378.000    373.742    -0.6288  28.060097    -0.6269  28.059690     5.2176     5.3419    -0.0181    98.7333 1.0000e-12  -74.39296 -110.08594  34.229021      99.93 4.2561e+02    542.427      13019  1029.2726  1029.2704     4.6837     0.0701     0.1350    34.1768    34.1742    8.19068         24 0.0000e+00
    379.000    374.729    -0.6345  28.055370    -0.6323  28.055477     5.2278     5.3449    -0.0216    98.7244 1.0000e-12  -74.39296 -110.08594  34.229033      99.92 4.2556e+02    543.432      13043  1029.2776  1029.2756     4.6833     0.0676     0.1346    34.1763    34.1739    8.19195         25 0.0000e+00
    380.000    375.718    -0.6364  28.054047    -0.6346  28.053835     5.2279     5.3465    -0.0186    98.7225 1.0000e-12  -74.39296 -110.08594  34.229044      99.93 4.2410e+02    544.438      13068  1029.2825  1029.2805     4.6832     0.0702     0.1354    34.1761    34.1737    8.19238         25 0.0000e+00
    381.000    376.707    -0.6364  28.054498    -0.6343  28.054513     5.2364     5.3530    -0.0144    98.7093 1.0000e-12  -74.39296 -110.08594  34.229056      99.92 4.2537e+02    545.447      13092  1029.2874  1029.2853     4.6826     0.0695     0.1359    34.1761    34.1737    8.19238         23 0.0000e+00
    382.000    377.693    -0.6360  28.055472    -0.6340  28.055296     5.2431     5.3529    -0.0141    98.7132 1.0000e-12  -74.39296 -110.08594  34.229068      99.92 4.2549e+02    546.461      13116  1029.2924  1029.2903     4.6827     0.0686     0.1359    34.1763    34.1738    8.19227         25 0.0000e+00
    383.000    378.683    -0.6399  28.052276    -0.6372  28.052837     5.2617     5.3711    -0.0138    98.7166 1.0000e-12  -74.39296 -110.08594  34.229079      99.92 4.2392e+02    547.466      13140  1029.2972  1029.2952     4.6829     0.0697     0.1359    34.1758    34.1735    8.19315         24 0.0000e+00
    384.000    379.669    -0.6456  28.048506    -0.6438  28.048349     5.2905     5.4040    -0.0068    98.7070 1.0000e-12  -74.39296 -110.08594  34.229091      76.41 4.2574e+02    548.480      13165  1029.3030  1029.3012     4.6825     0.0663     0.1346    34.1765    34.1743    8.19433         24 0.0000e+00
    385.000    380.657    -0.6524  28.043447    -0.6525  28.042331     5.3141     5.4209    -0.0126    98.6983 1.0000e-12  -74.39296 -110.08594  34.229103      95.95 4.2574e+02    549.488      13189  1029.3086  1029.3075     4.6821     0.0692     0.1338    34.1768    34.1754    8.19580         24 0.0000e+00
    386.000    381.645    -0.6761  28.024326    -0.6772  28.021915     5.3277     5.4390    -0.0150    98.7179 1.0000e-12  -74.39296 -110.08594  34.229114      99.96 4.2388e+02    550.490      13213  1029.3155  1029.3141     4.6830     0.0700     0.1319    34.1772    34.1752    8.20092         24 0.0000e+00
    387.000    382.632    -0.6855  28.016724    -0.6822  28.018034     5.3387     5.4521    -0.0150    98.7153 1.0000e-12  -74.39296 -110.08594  34.229126      99.92 4.2654e+02    551.495      13237  1029.3208  1029.3190     4.6829     0.0696     0.1329    34.1769    34.1749    8.20297         25 0.0000e+00
    388.000    383.621    -0.6891  28.014301    -0.6865  28.014734     5.3543     5.4675    -0.0150    98.7238 1.0000e-12  -74.39296 -110.08594  34.229138      99.92 4.2585e+02    552.502      13261  1029.3258  1029.3238     4.6833     0.0688     0.1336    34.1770    34.1747    8.20374         23 0.0000e+00
    389.000    384.608    -0.6982  28.007310    -0.6982  28.005390     5.3537     5.4769    -0.0150    98.7535 1.0000e-12  -74.39296 -110.08594  34.229149      99.92 4.2513e+02    553.503      13285  1029.3314  1029.3295     4.6847     0.0696     0.1312    34.1773    34.1748    8.20570         25 0.0000e+00
    390.000    385.595    -0.7049  28.001391    -0.7031  28.001598     5.3470     5.4763    -0.0213    98.7531 1.0000e-12  -74.39296 -110.08594  34.229161      99.92 4.2653e+02    554.507      13309  1029.3358  1029.3343     4.6847     0.0709     0.1325    34.1763    34.1746    8.20722         24 0.0000e+00
    391.000    386.584    -0.7032  28.004460    -0.7081  27.997530     5.3403     5.4667    -0.0196    98.7606 1.0000e-12  -74.39296 -110.08594  34.229173      99.93 4.2655e+02    555.519      13333  1029.3416  1029.3389     4.6851     0.0693     0.1345    34.1779    34.1740    8.20675         24 0.0000e+00
    392.000    387.572    -0.6895  28.017286    -0.6987  28.006941     5.3300     5.4570    -0.0144    98.7639 1.0000e-12  -74.39296 -110.08594  34.229184      99.92 4.2574e+02    556.522      13358  1029.3461  1029.3440     4.6852     0.0694     0.1354    34.1791    34.1756    8.20371         24 0.0000e+00
    393.000    388.561    -0.6875  28.020003    -0.6871  28.018070     5.3135     5.4374    -0.0135    98.7574 1.0000e-12  -74.39296 -110.08594  34.229196      99.92 4.2640e+02    557.528      13382  1029.3513  1029.3488     4.6849     0.0699     0.1333    34.1799    34.1769    8.20323         24 0.0000e+00
    394.000    389.546    -0.6799  28.027348    -0.6742  28.030585     5.2989     5.4257    -0.0092    98.7771 1.0000e-12  -74.39296 -110.08594  34.229208      99.92 4.2662e+02    558.542      13406  1029.3560  1029.3539     4.6858     0.0686     0.1320    34.1806    34.1786    8.20153         25 0.0000e+00
    395.000    390.534    -0.6631  28.044273    -0.6614  28.043347     5.2957     5.4133    -0.0210    98.7895 1.0000e-12  -74.39296 -110.08594  34.229219      99.92 4.2582e+02    559.552      13430  1029.3620  1029.3594     4.6864     0.0696     0.1316    34.1839    34.1808    8.19770         24 0.0000e+00
    396.000    391.524    -0.6553  28.051656    -0.6535  28.051349     5.2909     5.4086    -0.0080    98.7864 1.0000e-12  -74.39296 -110.08594  34.229231      99.92 4.2584e+02    560.563      13455  1029.3667  1029.3645     4.6862     0.0697     0.1320    34.1845    34.1820    8.19598         25 0.0000e+00
    397.000    392.509    -0.6535  28.054202    -0.6517  28.053922     5.2838     5.4098    -0.0146    98.7920 1.0000e-12  -74.39296 -110.08594  34.229243      88.40 4.2662e+02    561.578      13479  1029.3720  1029.3699     4.6866     0.0667     0.1338    34.1852    34.1829    8.19554         23 0.0000e+00
    398.000    393.499    -0.6525  28.055640    -0.6512  28.054834     5.2890     5.4156    -0.0212    98.8029 1.0000e-12  -74.39296 -110.08594  34.229254      90.06 4.2556e+02    562.586      13503  1029.3769  1029.3747     4.6870     0.0688     0.1325    34.1855    34.1829    8.19533         25 0.0000e+00
    399.000    394.486    -0.6534  28.054958    -0.6517  28.054656     5.2936     5.4112    -0.0221    98.7897 1.0000e-12  -74.39296 -110.08594  34.229266      99.76 4.2573e+02    563.595      13527  1029.3814  1029.3794     4.6864     0.0713     0.1339    34.1849    34.1827    8.19554         24 0.0000e+00
    400.000    395.473    -0.6531  28.055910    -0.6511  28.055834     5.2912     5.4114    -0.0221    98.7680 1.0000e-12  -74.39296 -110.08594  34.229278      99.92 4.2551e+02    564.611      13552  1029.3864  1029.3844     4.6854     0.0698     0.1315    34.1853    34.1829    8.19546         24 0.0000e+00
    401.000    396.460    -0.6505  28.059070    -0.6486  28.059112     5.2828     5.4094    -0.0171    98.7944 1.0000e-12  -74.39296 -110.08594  34.229290      99.92 4.2484e+02    565.623      13576  1029.3917  1029.3898     4.6866     0.0699     0.1313    34.1861    34.1839    8.19486         24 0.0000e+00
    402.000    397.450    -0.6497  28.060465    -0.6478  28.060384     5.2897     5.4113    -0.0147    98.7884 1.0000e-12  -74.39296 -110.08594  34.229301      99.92 4.2443e+02    566.631      13600  1029.3967  1029.3947     4.6863     0.0698     0.1307    34.1865    34.1842    8.19467         25 0.0000e+00
    403.000    398.436    -0.6483  28.062485    -0.6462  28.062387     5.2856     5.4062    -0.0150    98.7757 1.0000e-12  -74.39296 -110.08594  34.229313      99.92 4.2485e+02    567.641      13624  1029.4018  1029.3996     4.6857     0.0692     0.1315    34.1869    34.1845    8.19432         24 0.0000e+00
    404.000    399.425    -0.6453  28.066048    -0.6434  28.065734     5.2570     5.3880    -0.0150    98.7994 1.0000e-12  -74.39296 -110.08594  34.229325      99.92 4.2470e+02    568.651      13649  1029.4070  1029.4048     4.6868     0.0676     0.1323    34.1878    34.1852    8.19363         24 0.0000e+00
    405.000    400.412    -0.6393  28.072636    -0.6364  28.072956     5.2382     5.3630    -0.0150    98.7873 1.0000e-12  -74.39296 -110.08594  34.229336      99.92 4.2352e+02    569.655      13673  1029.4125  1029.4100     4.6863     0.0698     0.1330    34.1893    34.1865    8.19225         24 0.0000e+00
    406.000    401.400    -0.6113  28.099495    -0.6087  28.099197     5.2302     5.3537    -0.0150    98.7761 1.0000e-12  -74.39296 -110.08594  34.229348      99.92 4.2478e+02    570.663      13697  1029.4182  1029.4154     4.6858     0.0690     0.1344    34.1932    34.1899    8.18595         25 0.0000e+00
    407.000    402.388    -0.5970  28.113037    -0.5952  28.112481     5.2127     5.3378    -0.0144    98.7682 1.0000e-12  -74.39296 -110.08594  34.229360      99.92 4.2412e+02    571.677      13721  1029.4231  1029.4209     4.6854     0.0696     0.1315    34.1947    34.1920    8.18277         24 0.0000e+00
    408.000    403.376    -0.5956  28.115048    -0.5937  28.114751     5.1974     5.3139    -0.0147    98.7905 1.0000e-12  -74.39296 -110.08594  34.229371      99.92 4.2295e+02    572.678      13745  1029.4284  1029.4263     4.6864     0.0691     0.1341    34.1953    34.1928    8.18244         24 0.0000e+00
    409.000    404.362    -0.5785  28.133203    -0.5740  28.134680     5.1820     5.3012    -0.0144    98.7875 1.0000e-12  -74.39296 -110.08594  34.229383      99.92 4.2478e+02    573.687      13769  1029.4356  1029.4328     4.6863     0.0692     0.1329    34.1998    34.1967    8.17848         24 0.0000e+00
    410.000    405.351    -0.5577  28.153619    -0.5542  28.154607     5.1696     5.2958    -0.0219    98.8037 1.0000e-12  -74.39296 -110.08594  34.229395      72.18 4.2448e+02    574.698      13794  1029.4415  1029.4392     4.6871     0.0670     0.1340    34.2032    34.2006    8.17379         24 0.0000e+00
    411.000    406.338    -0.5523  28.159148    -0.5505  28.158358     5.1533     5.2843    -0.0151    98.7670 1.0000e-12  -74.39296 -110.08594  34.229406      82.53 4.2296e+02    575.701      13818  1029.4467  1029.4441     4.6853     0.0671     0.1360    34.2039    34.2008    8.17258         25 0.0000e+00
    412.000    407.326    -0.5446  28.166242    -0.5421  28.166493     5.1416     5.2652    -0.0202    98.7586 1.0000e-12  -74.39296 -110.08594  34.229418      99.64 4.2460e+02    576.713      13842  1029.4513  1029.4491     4.6850     0.0696     0.1350    34.2043    34.2017    8.17092         24 0.0000e+00
    413.000    408.315    -0.5317  28.179224    -0.5242  28.183715     5.1292     5.2538    -0.0169    98.7606 1.0000e-12  -74.39296 -110.08594  34.229430      99.92 4.2441e+02    577.725      13866  1029.4570  1029.4545     4.6850     0.0696     0.1327    34.2065    34.2041    8.16799         24 0.0000e+00
    414.000    409.301    -0.5168  28.193824    -0.5119  28.195611     5.1191     5.2415    -0.0137    98.7639 1.0000e-12  -74.39296 -110.08594  34.229441      99.92 4.2279e+02    578.735      13891  1029.4625  1029.4597     4.6852     0.0696     0.1328    34.2087    34.2056    8.16466         24 0.0000e+00
    415.000    410.288    -0.5038  28.206110    -0.5020  28.205637     5.1111     5.2309    -0.0150    98.7409 1.0000e-12  -74.39296 -110.08594  34.229453      99.92 4.2466e+02    579.746      13915  1029.4675  1029.4653     4.6841     0.0691     0.1339    34.2100    34.2074    8.16179         24 0.0000e+00
