ocean_section_plots/required_files/ctd/dnbp2202_ctd188.cnv
* Sea-Bird SBE 9 Data File:
* FileName = D:\Data\raw\NBP2202_CTD188.hex
* Software Version Seasave V 7.26.7.121
* Temperature SN = 1649
* Conductivity SN = 2513
* Number of Bytes Per Scan = 40
* Number of Voltage Words = 5
* Number of Scans Averaged by the Deck Unit = 1
* NMEA Latitude = 74 10.43 S
* NMEA Longitude = 113 21.34 W
* NMEA UTC (Time) = Feb 07 2022  08:27:30
* NMEA baud rate = 9600
** Ship: RVIB N.B. Palmer
** Cruise: NBP2202 Thwaites
** Station: 109
** Operator: B Bjork
# nquan = 28
# nvalues = 423                         
# units = specified
# name 0 = prDM: Pressure, Digiquartz [db]
# name 1 = depSM: Depth [salt water, m]
# name 2 = t090C: Temperature [ITS-90, deg C]
# name 3 = c0mS/cm: Conductivity [mS/cm]
# name 4 = t190C: Temperature, 2 [ITS-90, deg C]
# name 5 = c1mS/cm: Conductivity, 2 [mS/cm]
# name 6 = sbeox0ML/L: Oxygen, SBE 43 [ml/l]
# name 7 = sbeox1ML/L: Oxygen, SBE 43, 2 [ml/l]
# name 8 = flECO-AFL: Fluorescence, WET Labs ECO-AFL/FL [mg/m^3]
# name 9 = CStarTr0: Beam Transmission, WET Labs C-Star [%]
# name 10 = par: PAR/Irradiance, Biospherical/Licor
# name 11 = latitude: Latitude [deg]
# name 12 = longitude: Longitude [deg]
# name 13 = timeJ: Julian Days
# name 14 = altM: Altimeter [m]
# name 15 = spar: SPAR, Biospherical/Licor
# name 16 = timeS: Time, Elapsed [seconds]
# name 17 = scan: Scan Count
# name 18 = density00: Density [density, kg/m^3]
# name 19 = density11: Density, 2 [density, kg/m^3]
# name 20 = v3: Voltage 3
# name 21 = v4: Voltage 4
# name 22 = v5: Voltage 5
# name 23 = sal00: Salinity, Practical [PSU]
# name 24 = sal11: Salinity, Practical, 2 [PSU]
# name 25 = oxsolML/L: Oxygen Saturation, Garcia & Gordon [ml/l]
# name 26 = nbin: number of scans per bin
# name 27 = flag: flag
# span 0 =      2.000,    424.000       
# span 1 =      1.982,    419.182       
# span 2 =    -1.4884,    -0.1475       
# span 3 =  26.957409,  28.575436       
# span 4 =    -1.4873,    -0.1368       
# span 5 =  26.956764,  28.584175       
# span 6 =     4.7874,     8.8619       
# span 7 =     4.9020,     9.1420       
# span 8 =    -0.0225,    23.4963       
# span 9 =    76.2344,    98.4840       
# span 10 = 1.0000e-12, 7.4772e+00      
# span 11 =  -74.17392,  -74.17392      
# span 12 = -113.35576, -113.35566      
# span 13 =  38.355349,  38.361695      
# span 14 =       8.00,     100.01      
# span 15 = 2.4658e+01, 3.1747e+01      
# span 16 =    252.172,    800.454      
# span 17 =       6053,      19212      
# span 18 =  1027.1693,  1029.5609      
# span 19 =  1027.1677,  1029.5598      
# span 20 =     3.6168,     4.6720      
# span 21 =     0.0638,     3.4480      
# span 22 =     0.1239,     0.2523      
# span 23 =    33.7761,    34.2972      
# span 24 =    33.7740,    34.2968      
# span 25 =    8.08078,    8.40053      
# span 26 =         22,         64      
# span 27 = 0.0000e+00, 0.0000e+00      
# interval = decibars: 1                
# start_time = Feb 07 2022 08:27:30 [NMEA time, header]
# bad_flag = -9.990e-29
*END*
[from data line 104]
    106.000    104.876    -1.3722  27.109146    -1.3711  27.108906     5.4567     5.5813    -0.0020    98.4774 1.0000e-12  -74.17392 -113.35568  38.357495      99.95 3.0816e+01    437.586      10503  1027.7765  1027.7751     4.6716     0.0734     0.1277    33.8903    33.8887    8.37140         27 0.0000e+00
    107.000    105.865    -1.3654  27.118703    -1.3639  27.118612     5.4525     5.5797     0.0178    98.4772 1.0000e-12  -74.17392 -113.35568  38.357509      91.95 3.0279e+01    438.739      10531  1027.7847  1027.7832     4.6716     0.0702     0.1257    33.8951    33.8933    8.36959         28 0.0000e+00
    108.000    106.855    -1.3580  27.128427    -1.3569  27.128150     5.4493     5.5919     0.0035    98.4840 1.0000e-12  -74.17392 -113.35568  38.357522      99.44 3.0427e+01    439.885      10558  1027.7926  1027.7912     4.6720     0.0710     0.1261    33.8995    33.8978    8.36766         27 0.0000e+00
    109.000    107.841    -1.3523  27.135465    -1.3510  27.135090     5.4195     5.5636    -0.0165    98.4771 1.0000e-12  -74.17392 -113.35568  38.357535      99.97 3.0935e+01    441.016      10585  1027.7993  1027.7976     4.6716     0.0710     0.1271    33.9021    33.9001    8.36624         26 0.0000e+00
    110.000    108.833    -1.3430  27.145472    -1.3419  27.144909     5.3624     5.5106    -0.0107    98.4702 1.0000e-12  -74.17392 -113.35568  38.357547      99.96 3.0987e+01    442.084      10611  1027.8056  1027.8039     4.6713     0.0709     0.1256    33.9047    33.9026    8.36399         26 0.0000e+00
    111.000    109.822    -1.3090  27.178486    -1.3051  27.180159     5.3048     5.4559    -0.0119    98.4684 1.0000e-12  -74.17392 -113.35568  38.357560      99.95 3.1742e+01    443.161      10637  1027.8133  1027.8115     4.6712     0.0733     0.1273    33.9108    33.9088    8.35600         26 0.0000e+00
    112.000    110.811    -1.2639  27.219495    -1.2609  27.220355     5.2760     5.4250     0.0091    98.4743 1.0000e-12  -74.17392 -113.35568  38.357572      99.95 3.1125e+01    444.224      10662  1027.8193  1027.8173     4.6715     0.0705     0.1264    33.9154    33.9132    8.34565         26 0.0000e+00
    113.000    111.801    -1.2379  27.245155    -1.2375  27.243450     5.2662     5.4074     0.0151    98.4530 1.0000e-12  -74.17392 -113.35568  38.357584      99.95 3.1434e+01    445.259      10687  1027.8268  1027.8247     4.6704     0.0705     0.1264    33.9205    33.9178    8.33953         24 0.0000e+00
    114.000    112.788    -1.2276  27.254725    -1.2263  27.254242     5.2554     5.3944    -0.0149    98.4486 1.0000e-12  -74.17392 -113.35570  38.357596      99.95 3.1664e+01    446.310      10712  1027.8322  1027.8303     4.6702     0.0703     0.1268    33.9214    33.9192    8.33720         26 0.0000e+00
    115.000    113.779    -1.2135  27.269782    -1.2115  27.269457     5.2568     5.3942    -0.0150    98.4620 1.0000e-12  -74.17392 -113.35568  38.357609      99.95 3.0670e+01    447.380      10738  1027.8396  1027.8373     4.6709     0.0699     0.1272    33.9254    33.9227    8.33380         25 0.0000e+00
    116.000    114.767    -1.2057  27.278210    -1.2035  27.278401     5.2558     5.3935    -0.0165    98.4731 1.0000e-12  -74.17392 -113.35570  38.357620      99.95 3.0325e+01    448.407      10763  1027.8460  1027.8442     4.6715     0.0698     0.1287    33.9275    33.9253    8.33194         25 0.0000e+00
    117.000    115.756    -1.2030  27.281934    -1.2018  27.281405     5.2538     5.3914    -0.0194    98.4631 1.0000e-12  -74.17392 -113.35568  38.357632      99.95 3.0809e+01    449.445      10788  1027.8522  1027.8504     4.6709     0.0696     0.1257    33.9290    33.9268    8.33127         25 0.0000e+00
    118.000    116.745    -1.2012  27.284769    -1.2002  27.283835     5.2592     5.3940    -0.0064    98.4567 1.0000e-12  -74.17392 -113.35570  38.357645      99.95 2.6183e+01    450.511      10813  1027.8581  1027.8561     4.6706     0.0702     0.1287    33.9301    33.9277    8.33078         25 0.0000e+00
    119.000    117.734    -1.1947  27.291231    -1.1929  27.291100     5.2634     5.3997    -0.0059    98.4578 1.0000e-12  -74.17392 -113.35569  38.357657      99.19 2.6590e+01    451.560      10838  1027.8634  1027.8616     4.6706     0.0707     0.1284    33.9310    33.9288    8.32929         25 0.0000e+00
    120.000    118.724    -1.1945  27.292320    -1.1931  27.291852     5.2731     5.4001    -0.0006    98.4494 1.0000e-12  -74.17392 -113.35569  38.357669      96.63 2.9026e+01    452.602      10863  1027.8690  1027.8672     4.6703     0.0692     0.1293    33.9316    33.9295    8.32920         25 0.0000e+00
    121.000    119.712    -1.1984  27.290384    -1.1981  27.289116     5.2761     5.4060    -0.0223    98.4326 1.0000e-12  -74.17392 -113.35569  38.357681      99.98 2.6286e+01    453.654      10889  1027.8753  1027.8735     4.6695     0.0700     0.1284    33.9329    33.9307    8.33002         26 0.0000e+00
    122.000    120.701    -1.1940  27.295311    -1.1927  27.294801     5.2833     5.4119    -0.0150    98.4442 1.0000e-12  -74.17392 -113.35569  38.357693      99.95 2.7328e+01    454.691      10914  1027.8809  1027.8790     4.6700     0.0692     0.1258    33.9340    33.9318    8.32896         24 0.0000e+00
    123.000    121.691    -1.1968  27.293438    -1.1953  27.293177     5.2868     5.4166    -0.0218    98.4464 1.0000e-12  -74.17392 -113.35569  38.357705      99.94 2.9530e+01    455.701      10938  1027.8860  1027.8842     4.6701     0.0720     0.1261    33.9339    33.9318    8.32958         25 0.0000e+00
    124.000    122.680    -1.1984  27.292486    -1.1988  27.290647     5.2984     5.4299    -0.0221    98.4398 1.0000e-12  -74.17392 -113.35570  38.357717      99.95 2.7521e+01    456.742      10963  1027.8909  1027.8893     4.6698     0.0701     0.1281    33.9338    33.9317    8.32995         24 0.0000e+00
    125.000    123.669    -1.2053  27.287027    -1.2063  27.284880     5.3053     5.4417    -0.0221    98.4279 1.0000e-12  -74.17392 -113.35570  38.357729      99.95 2.7854e+01    457.754      10987  1027.8960  1027.8947     4.6692     0.0691     0.1286    33.9336    33.9318    8.33150         25 0.0000e+00
    126.000    124.658    -1.2093  27.284150    -1.2079  27.283893     5.3104     5.4403    -0.0155    98.4449 1.0000e-12  -74.17392 -113.35570  38.357740      99.95 2.9573e+01    458.754      11011  1027.9012  1027.8995     4.6701     0.0700     0.1282    33.9335    33.9316    8.33240         24 0.0000e+00
    127.000    125.647    -1.2134  27.281268    -1.2129  27.280331     5.3209     5.4433    -0.0150    98.4567 1.0000e-12  -74.17392 -113.35570  38.357752      99.95 2.8356e+01    459.784      11036  1027.9063  1027.9048     4.6706     0.0699     0.1281    33.9336    33.9317    8.33330         25 0.0000e+00
    128.000    126.635    -1.2146  27.281116    -1.2133  27.280769     5.3182     5.4452    -0.0150    98.4432 1.0000e-12  -74.17392 -113.35570  38.357764      99.95 2.7406e+01    460.804      11060  1027.9117  1027.9100     4.6699     0.0688     0.1279    33.9341    33.9322    8.33355         24 0.0000e+00
    129.000    127.626    -1.2146  27.281603    -1.2133  27.281252     5.3172     5.4473    -0.0150    98.4450 1.0000e-12  -74.17392 -113.35570  38.357775      99.95 2.9196e+01    461.788      11084  1027.9165  1027.9148     4.6701     0.0696     0.1277    33.9341    33.9322    8.33354         23 0.0000e+00
    130.000    128.613    -1.2150  27.281921    -1.2136  27.281698     5.3196     5.4507    -0.0115    98.4434 1.0000e-12  -74.17392 -113.35570  38.357787      99.95 3.0259e+01    462.799      11108  1027.9215  1027.9200     4.6699     0.0688     0.1270    33.9344    33.9325    8.33361         25 0.0000e+00
    131.000    129.602    -1.2153  27.282427    -1.2138  27.282251     5.3160     5.4433    -0.0077    98.4463 1.0000e-12  -74.17392 -113.35570  38.357799      99.95 2.8036e+01    463.823      11133  1027.9267  1027.9251     4.6701     0.0690     0.1285    33.9348    33.9329    8.33365         24 0.0000e+00
    132.000    130.594    -1.2154  27.282970    -1.2139  27.282658     5.3170     5.4461    -0.0092    98.4527 1.0000e-12  -74.17392 -113.35570  38.357810      92.70 2.9309e+01    464.813      11157  1027.9317  1027.9299     4.6704     0.0698     0.1277    33.9350    33.9329    8.33366         24 0.0000e+00
    133.000    131.580    -1.2152  27.283511    -1.2137  27.283300     5.3204     5.4445    -0.0150    98.4537 1.0000e-12  -74.17392 -113.35570  38.357822      99.90 3.1224e+01    465.826      11181  1027.9364  1027.9347     4.6704     0.0690     0.1268    33.9350    33.9329    8.33363         25 0.0000e+00
    134.000    132.571    -1.2144  27.285048    -1.2130  27.284728     5.3254     5.4464    -0.0150    98.4100 1.0000e-12  -74.17392 -113.35570  38.357834      99.95 2.9025e+01    466.849      11205  1027.9416  1027.9399     4.6684     0.0706     0.1286    33.9355    33.9335    8.33340         24 0.0000e+00
    135.000    133.560    -1.2128  27.287134    -1.2115  27.286802     5.3319     5.4556    -0.0150    98.4368 1.0000e-12  -74.17392 -113.35570  38.357845      99.94 3.0260e+01    467.821      11229  1027.9467  1027.9450     4.6697     0.0692     0.1292    33.9360    33.9340    8.33304         23 0.0000e+00
    136.000    134.547    -1.2121  27.289418    -1.2106  27.289121     5.3325     5.4667    -0.0218    98.4484 1.0000e-12  -74.17392 -113.35570  38.357856      99.95 3.0970e+01    468.798      11252  1027.9528  1027.9510     4.6702     0.0697     0.1267    33.9376    33.9355    8.33277         23 0.0000e+00
    137.000    135.537    -1.2137  27.289426    -1.2130  27.287962     5.3405     5.4739    -0.0107    98.4496 1.0000e-12  -74.17392 -113.35570  38.357868      99.95 2.6557e+01    469.814      11277  1027.9587  1027.9549     4.6703     0.0696     0.1264    33.9388    33.9360    8.33306         25 0.0000e+00
    138.000    136.525    -1.2166  27.287664    -1.2146  27.287819     5.3453     5.4720    -0.0077    98.4591 1.0000e-12  -74.17392 -113.35570  38.357880      99.95 2.7981e+01    470.809      11300  1027.9639  1027.9621     4.6707     0.0708     0.1271    33.9391    33.9371    8.33369         24 0.0000e+00
    139.000    137.516    -1.2161  27.288549    -1.2149  27.288083     5.3508     5.4787    -0.0122    98.4464 1.0000e-12  -74.17392 -113.35570  38.357891      99.95 3.0750e+01    471.803      11324  1027.9687  1027.9670     4.6701     0.0730     0.1276    33.9391    33.9371    8.33358         24 0.0000e+00
    140.000    138.503    -1.2165  27.288841    -1.2152  27.288526     5.3535     5.4766     0.0622    98.4463 1.0000e-12  -74.17392 -113.35570  38.357903      99.95 2.9296e+01    472.821      11349  1027.9737  1027.9721     4.6701     0.0707     0.1277    33.9394    33.9375    8.33365         24 0.0000e+00
    141.000    139.495    -1.2172  27.288462    -1.2158  27.288340     5.3688     5.4900     0.0719    98.4527 1.0000e-12  -74.17392 -113.35570  38.357914      99.95 2.8355e+01    473.810      11372  1027.9782  1027.9767     4.6704     0.0696     0.1260    33.9390    33.9372    8.33383         24 0.0000e+00
    142.000    140.481    -1.2182  27.288027    -1.2170  27.287422     5.4064     5.5288    -0.0059    98.4601 1.0000e-12  -74.17392 -113.35570  38.357926      99.95 3.1092e+01    474.794      11396  1027.9830  1027.9812     4.6708     0.0703     0.1277    33.9389    33.9367    8.33405         24 0.0000e+00
    143.000    141.472    -1.2265  27.281685    -1.2264  27.280680     5.4630     5.5868    -0.0059    98.4688 1.0000e-12  -74.17392 -113.35570  38.357938      99.95 2.9532e+01    475.810      11420  1027.9884  1027.9873     4.6712     0.0701     0.1252    33.9390    33.9376    8.33590         24 0.0000e+00
    144.000    142.459    -1.2517  27.261957    -1.2566  27.256810     5.5168     5.6436     0.0012    98.4624 1.0000e-12  -74.17392 -113.35570  38.357949      99.95 2.8939e+01    476.816      11445  1027.9954  1027.9946     4.6709     0.0700     0.1267    33.9399    33.9384    8.34147         24 0.0000e+00
    145.000    143.448    -1.2834  27.235251    -1.2829  27.235167     5.4991     5.6276     0.0132    98.4708 1.0000e-12  -74.17392 -113.35570  38.357961      94.13 3.1401e+01    477.798      11468  1028.0012  1028.0006     4.6713     0.0706     0.1239    33.9386    33.9379    8.34864         24 0.0000e+00
    146.000    144.438    -1.2897  27.231878    -1.2875  27.232063     5.4377     5.5740     0.0570    98.4631 1.0000e-12  -74.17392 -113.35570  38.357972      97.73 3.1312e+01    478.812      11492  1028.0076  1028.0057     4.6709     0.0717     0.1250    33.9405    33.9382    8.34993         25 0.0000e+00
    147.000    145.426    -1.2668  27.253588    -1.2621  27.255176     5.3765     5.5201     0.0008    98.4729 1.0000e-12  -74.17392 -113.35570  38.357984      99.96 2.9876e+01    479.821      11517  1028.0133  1028.0105     4.6714     0.0751     0.1255    33.9437    33.9406    8.34462         22 0.0000e+00
    148.000    146.416    -1.2099  27.303655    -1.2084  27.302489     5.3193     5.4636     0.0200    98.4661 1.0000e-12  -74.17392 -113.35570  38.357995      99.95 3.1232e+01    480.787      11540  1028.0172  1028.0145     4.6711     0.0728     0.1272    33.9472    33.9439    8.33172         25 0.0000e+00
    149.000    147.405    -1.2086  27.304503    -1.2021  27.308587     5.2725     5.4180     0.0184    98.4629 1.0000e-12  -74.17392 -113.35570  38.358007      99.95 3.1043e+01    481.789      11564  1028.0214  1028.0195     4.6709     0.0738     0.1256    33.9463    33.9445    8.33149         23 0.0000e+00
    150.000    148.395    -1.1713  27.339298    -1.1620  27.344952     5.2532     5.4003     0.0158    98.4624 1.0000e-12  -74.17392 -113.35570  38.358018      99.94 3.0698e+01    482.787      11588  1028.0276  1028.0248     4.6709     0.0717     0.1264    33.9511    33.9483    8.32291         24 0.0000e+00
    151.000    149.382    -1.1568  27.352254    -1.1554  27.351679     5.2467     5.3980     0.0041    98.4494 1.0000e-12  -74.17392 -113.35570  38.358030      99.95 3.0505e+01    483.752      11611  1028.0322  1028.0302     4.6703     0.0733     0.1275    33.9517    33.9494    8.31964         23 0.0000e+00
    152.000    150.372    -1.1556  27.353646    -1.1546  27.353057     5.2469     5.3943    -0.0107    98.4537 1.0000e-12  -74.17392 -113.35570  38.358041      99.94 3.1664e+01    484.752      11635  1028.0371  1028.0355     4.6705     0.0719     0.1279    33.9517    33.9497    8.31937         25 0.0000e+00
    153.000    151.361    -1.1552  27.354742    -1.1538  27.354266     5.2554     5.3971    -0.0123    98.4592 1.0000e-12  -74.17392 -113.35570  38.358053      99.95 3.0774e+01    485.774      11660  1028.0425  1028.0407     4.6707     0.0739     0.1252    33.9522    33.9499    8.31927         24 0.0000e+00
    154.000    152.350    -1.1547  27.355617    -1.1532  27.355318     5.2544     5.3977    -0.0070    98.4516 1.0000e-12  -74.17392 -113.35570  38.358064      99.95 3.0890e+01    486.759      11683  1028.0474  1028.0457     4.6704     0.0719     0.1282    33.9521    33.9500    8.31915         23 0.0000e+00
    155.000    153.337    -1.1539  27.356840    -1.1525  27.356454     5.2583     5.3922    -0.0071    98.3905 1.0000e-12  -74.17392 -113.35570  38.358076      99.95 3.1747e+01    487.747      11707  1028.0524  1028.0507     4.6675     0.0716     0.1266    33.9523    33.9501    8.31896         24 0.0000e+00
    156.000    154.328    -1.1502  27.361285    -1.1486  27.360860     5.2608     5.3947    -0.0074    98.4492 1.0000e-12  -74.17392 -113.35570  38.358088      99.94 3.1589e+01    488.763      11731  1028.0581  1028.0562     4.6703     0.0735     0.1291    33.9535    33.9511    8.31806         25 0.0000e+00
