ocean_section_plots/required_files/ctd/dnbp2202_ctd180.cnv
* Sea-Bird SBE 9 Data File:
* FileName = D:\Data\raw\NBP2202_CTD180.hex
* Software Version Seasave V 7.26.7.121
* Temperature SN = 1649
* Conductivity SN = 2513
* Number of Bytes Per Scan = 40
* Number of Voltage Words = 5
* Number of Scans Averaged by the Deck Unit = 1
* NMEA Latitude = 74 06.95 S
* NMEA Longitude = 111 24.01 W
* NMEA UTC (Time) = Feb 04 2022  00:45:51
* NMEA baud rate = 9600
** Ship: RVIB N.B. Palmer
** Cruise: NBP2202 Thwaites
** Station: 102
** Operator: A. Robinson
# nquan = 28
# nvalues = 273                         
# units = specified
# name 0 = prDM: Pressure, Digiquartz [db]
# name 1 = depSM: Depth [salt water, m]
# name 2 = t090C: Temperature [ITS-90, deg C]
# name 3 = c0mS/cm: Conductivity [mS/cm]
# name 4 = t190C: Temperature, 2 [ITS-90, deg C]
# name 5 = c1mS/cm: Conductivity, 2 [mS/cm]
# name 6 = sbeox0ML/L: Oxygen, SBE 43 [ml/l]
# name 7 = sbeox1ML/L: Oxygen, SBE 43, 2 [ml/l]
# name 8 = flECO-AFL: Fluorescence, WET Labs ECO-AFL/FL [mg/m^3]
# name 9 = CStarTr0: Beam Transmission, WET Labs C-Star [%]
# name 10 = par: PAR/Irradiance, Biospherical/Licor
# name 11 = latitude: Latitude [deg]
# name 12 = longitude: Longitude [deg]
# name 13 = timeJ: Julian Days
# name 14 = altM: Altimeter [m]
# name 15 = spar: SPAR, Biospherical/Licor
# name 16 = timeS: Time, Elapsed [seconds]
# name 17 = scan: Scan Count
# name 18 = density00: Density [density, kg/m^3]
# name 19 = density11: Density, 2 [density, kg/m^3]
# name 20 = v3: Voltage 3
# name 21 = v4: Voltage 4
# name 22 = v5: Voltage 5
# name 23 = sal00: Salinity, Practical [PSU]
# name 24 = sal11: Salinity, Practical, 2 [PSU]
# name 25 = oxsolML/L: Oxygen Saturation, Garcia & Gordon [ml/l]
# name 26 = nbin: number of scans per bin
# name 27 = flag: flag
# span 0 =      2.000,    274.000       
# span 1 =      1.975,    270.994       
# span 2 =    -1.5611,    -1.0829       
# span 3 =  27.016494,  27.294061       
# span 4 =    -1.5612,    -1.0833       
# span 5 =  27.016471,  27.293711       
# span 6 =     6.0758,     7.5198       
# span 7 =     6.2071,     7.7021       
# span 8 =     0.0280,     8.5187       
# span 9 =    83.6769,    98.5039       
# span 10 = 1.0000e-12, 7.6213e+02      
# span 11 =  -74.11596,  -74.11550      
# span 12 = -111.40189, -111.40015      
# span 13 =  35.035302,  35.040572      
# span 14 =       5.49,     100.10      
# span 15 = 1.5038e+03, 1.5185e+03      
# span 16 =    299.073,    754.437      
# span 17 =       7179,      18107      
# span 18 =  1027.1937,  1028.7007      
# span 19 =  1027.1959,  1028.6990      
# span 20 =     3.9698,     4.6729      
# span 21 =     0.0707,     1.5153      
# span 22 =     0.1154,     0.1704      
# span 23 =    33.7956,    34.0372      
# span 24 =    33.7980,    34.0352      
# span 25 =    8.31223,    8.40971      
# span 26 =         22,         45      
# span 27 = 0.0000e+00, 0.0000e+00      
# interval = decibars: 1                
# start_time = Feb 04 2022 00:45:51 [NMEA time, header]
# bad_flag = -9.990e-29
*END*
[from data line 52]
     54.000     53.434    -1.3639  27.064261    -1.3645  27.064252     6.7588     6.9232     4.8369    89.5819 2.3549e-02  -74.11596 -111.40016  35.036499      99.63 1.5134e+03    402.552       9662  1027.4949  1027.4954     4.2498     0.9868     0.1436    33.8517    33.8524    8.37183         35 0.0000e+00
     55.000     54.425    -1.3645  27.064754    -1.3653  27.064738     6.7607     6.9227     4.8445    89.9333 1.3646e-02  -74.11596 -111.40016  35.036516      99.61 1.5131e+03    404.025       9698  1027.5003  1027.5010     4.2665     1.0694     0.1471    33.8524    33.8533    8.37191         32 0.0000e+00
     56.000     55.414    -1.3640  27.065766    -1.3649  27.065764     6.7346     6.9042     6.9559    89.8050 6.1563e-03  -74.11596 -111.40016  35.036534      95.95 1.5132e+03    405.506       9733  1027.5052  1027.5061     4.2607     1.0200     0.1477    33.8526    33.8536    8.37179         29 0.0000e+00
     57.000     56.402    -1.3659  27.065146    -1.3663  27.065529     6.6975     6.8648     5.1099    89.9814 4.4300e-04  -74.11596 -111.40016  35.036551      98.52 1.5128e+03    406.982       9769  1027.5107  1027.5114     4.2688     1.0503     0.1496    33.8533    33.8542    8.37218         36 0.0000e+00
     58.000     57.392    -1.3675  27.064629    -1.3681  27.064881     6.6769     6.8338     5.3024    90.1714 2.3841e-06  -74.11596 -111.40016  35.036568      99.67 1.5128e+03    408.451       9804  1027.5159  1027.5168     4.2778     0.9123     0.1459    33.8537    33.8548    8.37251         35 0.0000e+00
     59.000     58.381    -1.3686  27.064497    -1.3694  27.064451     6.6419     6.7957     4.3846    90.2617 1.0000e-12  -74.11596 -111.40016  35.036584      99.71 1.5116e+03    409.900       9839  1027.5212  1027.5218     4.2820     0.8205     0.1461    33.8542    33.8550    8.37273         34 0.0000e+00
     60.000     59.370    -1.3703  27.063575    -1.3725  27.062719     6.6229     6.7935     3.7873    89.1081 1.0000e-12  -74.11596 -111.40016  35.036601      99.74 1.5117e+03    411.339       9873  1027.5261  1027.5272     4.2278     0.7145     0.1587    33.8542    33.8555    8.37311         35 0.0000e+00
     61.000     60.360    -1.3714  27.063343    -1.3718  27.063597     6.6459     6.8204     4.2962    90.1510 1.0000e-12  -74.11596 -111.40016  35.036618      99.72 1.5123e+03    412.780       9908  1027.5312  1027.5319     4.2763     0.7821     0.1467    33.8546    33.8553    8.37335         35 0.0000e+00
     62.000     61.350    -1.3696  27.065209    -1.3700  27.065458     6.6594     6.8253     3.7190    90.6070 1.0000e-12  -74.11596 -111.40016  35.036635      99.70 1.5126e+03    414.237       9943  1027.5358  1027.5364     4.2984     0.8134     0.1420    33.8544    33.8552    8.37294         35 0.0000e+00
     63.000     62.338    -1.3690  27.066041    -1.3699  27.065964     6.6556     6.8121     3.8147    90.5351 1.0000e-12  -74.11596 -111.40016  35.036652      99.64 1.5136e+03    415.696       9978  1027.5404  1027.5411     4.2950     0.9635     0.1492    33.8543    33.8551    8.37282         34 0.0000e+00
     64.000     63.328    -1.3705  27.065302    -1.3710  27.065426     6.6327     6.7976     4.4000    90.5304 1.0000e-12  -74.11596 -111.40016  35.036668      99.74 1.5131e+03    417.157      10013  1027.5453  1027.5460     4.2949     0.7363     0.1425    33.8543    33.8551    8.37315         36 0.0000e+00
     65.000     64.317    -1.3708  27.065535    -1.3713  27.065661     6.5944     6.7630     4.5945    90.3862 1.0000e-12  -74.11596 -111.40016  35.036685      94.39 1.5143e+03    418.621      10048  1027.5502  1027.5509     4.2878     0.7996     0.1442    33.8544    33.8551    8.37322         35 0.0000e+00
     66.000     65.307    -1.3728  27.064551    -1.3731  27.064928     6.5446     6.7109     4.5823    90.8311 1.0000e-12  -74.11596 -111.40016  35.036702      94.56 1.5143e+03    420.070      10083  1027.5554  1027.5561     4.3090     0.7985     0.1483    33.8547    33.8555    8.37365         35 0.0000e+00
     67.000     66.296    -1.3791  27.062987    -1.3799  27.062719     6.5275     6.6916     4.1762    91.0334 1.0000e-12  -74.11596 -111.40016  35.036719      99.68 1.5143e+03    421.532      10118  1027.5640  1027.5645     4.3186     0.7855     0.1388    33.8589    33.8596    8.37480         35 0.0000e+00
     68.000     67.285    -1.3799  27.063808    -1.3802  27.064007     6.5155     6.6787     3.8366    89.4919 1.0000e-12  -74.11596 -111.40016  35.036736      99.67 1.5143e+03    422.997      10153  1027.5700  1027.5705     4.2455     0.9232     0.1409    33.8604    33.8611    8.37490         35 0.0000e+00
     69.000     68.275    -1.3816  27.063337    -1.3821  27.063438     6.5112     6.6695     3.8756    90.8978 1.0000e-12  -74.11596 -111.40016  35.036753      99.72 1.5146e+03    424.435      10187  1027.5755  1027.5760     4.3122     0.7743     0.1529    33.8611    33.8618    8.37525         34 0.0000e+00
     70.000     69.264    -1.3826  27.063019    -1.3834  27.062997     6.5419     6.6900     3.3904    91.3819 1.0000e-12  -74.11596 -111.40016  35.036769      99.74 1.5161e+03    425.868      10222  1027.5803  1027.5810     4.3351     0.7345     0.1397    33.8611    33.8620    8.37547         32 0.0000e+00
     71.000     70.254    -1.3834  27.064750    -1.3839  27.064772     6.5434     6.7029     3.3703    92.8461 1.0000e-12  -74.11596 -111.40016  35.036786      99.73 1.5150e+03    427.313      10257  1027.5873  1027.5878     4.4042     0.7173     0.1440    33.8638    33.8644    8.37549         35 0.0000e+00
     72.000     71.243    -1.3888  27.064904    -1.3894  27.064982     6.5193     6.6840     3.7313    91.5851 1.0000e-12  -74.11596 -111.40016  35.036803      99.69 1.5155e+03    428.770      10291  1027.5970  1027.5977     4.3451     0.8356     0.1390    33.8695    33.8703    8.37636         36 0.0000e+00
     73.000     72.232    -1.3914  27.064478    -1.3919  27.064428     6.4741     6.6363     3.3750    91.5551 1.0000e-12  -74.11596 -111.40016  35.036820      99.75 1.5144e+03    430.237      10327  1027.6033  1027.6037     4.3433     0.6698     0.1399    33.8713    33.8718    8.37684         35 0.0000e+00
     74.000     73.221    -1.3936  27.063785    -1.3935  27.064130     6.3904     6.5622     3.2892    92.2843 1.0000e-12  -74.11596 -111.40016  35.036837      96.55 1.5158e+03    431.697      10362  1027.6089  1027.6092     4.3779     0.7056     0.1436    33.8722    33.8726    8.37728         35 0.0000e+00
     75.000     74.211    -1.3985  27.061457    -1.3989  27.061594     6.3576     6.5286     3.0460    92.4523 1.0000e-12  -74.11596 -111.40016  35.036854      99.73 1.5143e+03    433.159      10397  1027.6153  1027.6159     4.3860     0.6999     0.1427    33.8739    33.8746    8.37828         35 0.0000e+00
     76.000     75.200    -1.3989  27.061697    -1.3991  27.061891     6.3434     6.5072     2.9527    92.6690 1.0000e-12  -74.11596 -111.40016  35.036871      99.75 1.5143e+03    434.625      10432  1027.6202  1027.6206     4.3961     0.6563     0.1424    33.8740    33.8745    8.37836         33 0.0000e+00
     77.000     76.190    -1.3993  27.062333    -1.3996  27.062336     6.3396     6.5007     2.7062    92.7836 1.0000e-12  -74.11596 -111.40016  35.036888      99.77 1.5143e+03    436.098      10467  1027.6256  1027.6258     4.4016     0.6020     0.1350    33.8747    33.8751    8.37841         34 0.0000e+00
     78.000     77.178    -1.3996  27.062997    -1.4001  27.062991     6.3468     6.4967     3.1591    92.4159 1.0000e-12  -74.11596 -111.40016  35.036905      99.77 1.5143e+03    437.561      10502  1027.6309  1027.6313     4.3842     0.6475     0.1430    33.8754    33.8759    8.37844         32 0.0000e+00
     79.000     78.167    -1.4001  27.063109    -1.4005  27.063088     6.3422     6.5022     2.7147    93.4025 1.0000e-12  -74.11596 -111.40016  35.036921      99.73 1.5132e+03    439.014      10537  1027.6357  1027.6361     4.4310     0.7451     0.1468    33.8755    33.8759    8.37855         35 0.0000e+00
     80.000     79.157    -1.3999  27.063835    -1.4002  27.063887     6.3510     6.5022     2.1029    93.1200 1.0000e-12  -74.11596 -111.40016  35.036938      99.77 1.5138e+03    440.472      10572  1027.6406  1027.6410     4.4176     0.5733     0.1379    33.8756    33.8760    8.37849         35 0.0000e+00
     81.000     80.147    -1.3989  27.065955    -1.3993  27.065855     6.3410     6.4930     2.2568    93.5438 1.0000e-12  -74.11596 -111.40016  35.036955      99.59 1.5127e+03    441.931      10607  1027.6463  1027.6465     4.4376     1.0484     0.1523    33.8768    33.8771    8.37820         35 0.0000e+00
     82.000     81.135    -1.3989  27.067110    -1.3993  27.067030     6.3338     6.4773     2.9254    93.6862 1.0000e-12  -74.11596 -111.40016  35.036972      99.77 1.5130e+03    443.383      10642  1027.6519  1027.6522     4.4444     0.6019     0.1469    33.8778    33.8781    8.37815         35 0.0000e+00
     83.000     82.124    -1.4006  27.067238    -1.4014  27.067117     6.3233     6.4668     2.3823    93.4593 1.0000e-12  -74.11596 -111.40016  35.036989      98.53 1.5133e+03    444.840      10677  1027.6580  1027.6586     4.4337     0.5520     0.1415    33.8792    33.8799    8.37844         35 0.0000e+00
     84.000     83.114    -1.4024  27.067371    -1.4029  27.067353     6.3187     6.4662     2.3888    93.6192 1.0000e-12  -74.11596 -111.40016  35.037006      98.10 1.5126e+03    446.305      10712  1027.6642  1027.6646     4.4413     0.4308     0.1421    33.8808    33.8814    8.37875         35 0.0000e+00
     85.000     84.104    -1.4061  27.067762    -1.4068  27.067639     6.3193     6.4661     2.5258    92.6597 1.0000e-12  -74.11596 -111.40018  35.037023      99.79 1.5114e+03    447.772      10748  1027.6724  1027.6730     4.3957     0.5121     0.1418    33.8849    33.8856    8.37933         36 0.0000e+00
     86.000     85.093    -1.4072  27.068036    -1.4075  27.067942     6.3166     6.4607     2.7195    94.1568 1.0000e-12  -74.11596 -111.40018  35.037040      99.80 1.5122e+03    449.244      10783  1027.6782  1027.6783     4.4667     0.4529     0.1444    33.8860    33.8861    8.37953         35 0.0000e+00
     87.000     86.081    -1.4074  27.068571    -1.4076  27.068526     6.3129     6.4598     2.7859    93.7846 1.0000e-12  -74.11594 -111.40018  35.037057      99.81 1.5126e+03    450.706      10818  1027.6831  1027.6833     4.4492     0.4353     0.1424    33.8862    33.8865    8.37954         35 0.0000e+00
     88.000     87.072    -1.4083  27.069304    -1.4087  27.069285     6.3105     6.4593     2.4012    94.1792 1.0000e-12  -74.11594 -111.40018  35.037073      99.79 1.5140e+03    452.146      10853  1027.6891  1027.6894     4.4678     0.4836     0.1473    33.8876    33.8880    8.37966         34 0.0000e+00
     89.000     88.060    -1.4086  27.069936    -1.4090  27.069930     6.3028     6.4570     2.3825    94.3065 1.0000e-12  -74.11594 -111.40018  35.037090      99.82 1.5127e+03    453.594      10887  1027.6944  1027.6947     4.4738     0.3792     0.1462    33.8883    33.8887    8.37970         35 0.0000e+00
     90.000     89.050    -1.4101  27.070237    -1.4106  27.069994     6.3067     6.4643     2.1655    93.7360 1.0000e-12  -74.11594 -111.40018  35.037107      99.80 1.5139e+03    455.048      10922  1027.7004  1027.7007     4.4468     0.4594     0.1448    33.8897    33.8900    8.37994         34 0.0000e+00
     91.000     90.039    -1.4114  27.070296    -1.4116  27.070210     6.3172     6.4729     2.5086    94.1750 1.0000e-12  -74.11594 -111.40019  35.037124      99.81 1.5131e+03    456.486      10957  1027.7061  1027.7062     4.4673     0.4209     0.1476    33.8907    33.8908    8.38018         33 0.0000e+00
     92.000     91.028    -1.4136  27.069585    -1.4138  27.069547     6.3453     6.4853     2.6663    92.9075 1.0000e-12  -74.11594 -111.40020  35.037140      99.74 1.5133e+03    457.879      10990  1027.7117  1027.7119     4.4075     0.6772     0.1437    33.8916    33.8918    8.38063         33 0.0000e+00
     93.000     92.017    -1.4150  27.069311    -1.4151  27.069364     6.3724     6.5176     3.1325    94.4253 1.0000e-12  -74.11594 -111.40020  35.037156      98.78 1.5136e+03    459.257      11023  1027.7171  1027.7172     4.4795     0.4348     0.1411    33.8922    33.8924    8.38091         33 0.0000e+00
     94.000     93.006    -1.4173  27.068651    -1.4177  27.068469     6.4417     6.5734     2.2300    94.6562 1.0000e-12  -74.11594 -111.40021  35.037171      99.73 1.5121e+03    460.565      11055  1027.7228  1027.7230     4.4904     0.6423     0.1408    33.8932    33.8934    8.38136         31 0.0000e+00
     95.000     93.994    -1.4188  27.068333    -1.4191  27.068224     6.5177     6.6471     2.0840    94.4117 1.0000e-12  -74.11594 -111.40022  35.037186      99.79 1.5111e+03    461.844      11085  1027.7282  1027.7284     4.4789     0.5181     0.1426    33.8939    33.8941    8.38166         28 0.0000e+00
     96.000     94.985    -1.4227  27.066700    -1.4235  27.066362     6.5633     6.6873     2.6831    94.7738 1.0000e-12  -74.11594 -111.40022  35.037200      99.79 1.5126e+03    463.100      11115  1027.7345  1027.7349     4.4960     0.5336     0.1357    33.8954    33.8959    8.38244         30 0.0000e+00
     97.000     95.975    -1.4239  27.066531    -1.4242  27.066428     6.5794     6.7126     3.2101    94.5654 1.0000e-12  -74.11592 -111.40022  35.037214      99.78 1.5119e+03    464.326      11145  1027.7397  1027.7399     4.4861     0.5423     0.1372    33.8960    33.8961    8.38269         29 0.0000e+00
     98.000     96.962    -1.4249  27.066481    -1.4251  27.066409     6.6182     6.7613     3.7315    94.1762 1.0000e-12  -74.11592 -111.40022  35.037228      99.77 1.5118e+03    465.523      11174  1027.7449  1027.7450     4.4676     0.6152     0.1422    33.8963    33.8965    8.38288         28 0.0000e+00
     99.000     97.953    -1.4256  27.066545    -1.4261  27.066283     6.6722     6.8079     3.3106    94.0205 1.0000e-12  -74.11592 -111.40023  35.037242      99.78 1.5110e+03    466.703      11202  1027.7499  1027.7501     4.4602     0.5839     0.1437    33.8966    33.8969    8.38302         28 0.0000e+00
    100.000     98.942    -1.4288  27.065273    -1.4299  27.064765     6.6944     6.8346     3.6219    93.2128 1.0000e-12  -74.11592 -111.40023  35.037255      99.77 1.5114e+03    467.863      11230  1027.7559  1027.7564     4.4223     0.5914     0.1380    33.8978    33.8984    8.38367         28 0.0000e+00
    101.000     99.930    -1.4294  27.065424    -1.4298  27.065249     6.6795     6.8281     4.1819    93.6473 1.0000e-12  -74.11592 -111.40023  35.037269      99.76 1.5117e+03    469.004      11257  1027.7609  1027.7610     4.4421     0.6749     0.1405    33.8981    33.8983    8.38379         27 0.0000e+00
    102.000    100.920    -1.4294  27.065924    -1.4300  27.065605     6.6778     6.8221     4.3174    93.2970 1.0000e-12  -74.11592 -111.40024  35.037282      99.76 1.5109e+03    470.143      11284  1027.7657  1027.7660     4.4260     0.6325     0.1354    33.8982    33.8985    8.38378         28 0.0000e+00
    103.000    101.908    -1.4280  27.067206    -1.4284  27.067000     6.7088     6.8429     4.6518    92.7427 1.0000e-12  -74.11592 -111.40024  35.037295      93.43 1.5117e+03    471.272      11312  1027.7700  1027.7702     4.3997     0.6439     0.1370    33.8977    33.8979    8.38350         26 0.0000e+00
    104.000    102.899    -1.4324  27.064593    -1.4321  27.065112     6.7153     6.8598     4.4536    92.8855 1.0000e-12  -74.11592 -111.40024  35.037308      99.05 1.5117e+03    472.400      11339  1027.7757  1027.7760     4.4064     0.7581     0.1331    33.8985    33.8989    8.38445         28 0.0000e+00
