ocean_section_plots/required_files/ctd/dnbp2202_ctd083.cnv
* Sea-Bird SBE 9 Data File:
* FileName = D:\Data\raw\NBP2202_CTD083.hex
* Software Version Seasave V 7.26.7.121
* Temperature SN = 1649
* Conductivity SN = 2513
* Number of Bytes Per Scan = 40
* Number of Voltage Words = 5
* Number of Scans Averaged by the Deck Unit = 1
* NMEA Latitude = 74 10.51 S
* NMEA Longitude = 113 20.67 W
* NMEA UTC (Time) = Jan 26 2022  18:34:01
* NMEA baud rate = 9600
** Ship: RVIB N.B. Palmer
** Cruise: NBP2202 Thwaites
** Station: YoYo001
** Operator: A. Robinson
# nquan = 25
# nvalues = 607                         
# units = specified
# name 0 = prDM: Pressure, Digiquartz [db]
# name 1 = depSM: Depth [salt water, m]
# name 2 = t090C: Temperature [ITS-90, deg C]
# name 3 = c0mS/cm: Conductivity [mS/cm]
# name 4 = t190C: Temperature, 2 [ITS-90, deg C]
# name 5 = c1mS/cm: Conductivity, 2 [mS/cm]
# name 6 = sbeox0ML/L: Oxygen, SBE 43 [ml/l]
# name 7 = sbeox1ML/L: Oxygen, SBE 43, 2 [ml/l]
# name 8 = flECO-AFL: Fluorescence, WET Labs ECO-AFL/FL [mg/m^3]
# name 9 = CStarTr0: Beam Transmission, WET Labs C-Star [%]
# name 10 = par: PAR/Irradiance, Biospherical/Licor
# name 11 = latitude: Latitude [deg]
# name 12 = longitude: Longitude [deg]
# name 13 = timeJ: Julian Days
# name 14 = altM: Altimeter [m]
# name 15 = spar: SPAR, Biospherical/Licor
# name 16 = timeS: Time, Elapsed [seconds]
# name 17 = scan: Scan Count
# name 18 = density00: Density [density, kg/m^3]
# name 19 = density11: Density, 2 [density, kg/m^3]
# name 20 = sal00: Salinity, Practical [PSU]
# name 21 = sal11: Salinity, Practical, 2 [PSU]
# name 22 = oxsolML/L: Oxygen Saturation, Garcia & Gordon [ml/l]
# name 23 = nbin: number of scans per bin
# name 24 = flag: flag
# span 0 =     10.000,    616.000       
# span 1 =      9.895,    608.717       
# span 2 =    -1.5688,     0.0929       
# span 3 =  26.967610,  28.924828       
# span 4 =    -1.5675,     0.0949       
# span 5 =  26.967671,  28.925725       
# span 6 =     4.6956,     8.5941       
# span 7 =     4.7738,     8.4419       
# span 8 =    -0.0224,    26.7033       
# span 9 =    69.1388,    95.7701       
# span 10 = 1.0000e-12, 4.5936e+01      
# span 11 =  -74.17530,  -74.17528      
# span 12 = -113.34460, -113.34456      
# span 13 =  26.774151,  26.783633      
# span 14 =       4.63,     100.08      
# span 15 = 1.4121e+03, 1.7155e+03      
# span 16 =     45.676,    864.861      
# span 17 =       1097,      20758      
# span 18 =  1027.2222,  1030.5166      
# span 19 =  1027.2208,  1030.5144      
# span 20 =    33.7898,    34.3807      
# span 21 =    33.7879,    34.3781      
# span 22 =    8.02550,    8.41154      
# span 23 =         20,         46      
# span 24 = 0.0000e+00, 0.0000e+00      
# interval = decibars: 1                
# start_time = Jan 26 2022 18:34:01 [NMEA time, header]
# bad_flag = -9.990e-29
*END*
[from data line 406]
    416.000    411.281    -0.1763  28.535378    -0.1749  28.534579     4.7794     4.8615    -0.0182    95.4379 1.0000e-12  -74.17528 -113.34460  26.780324      99.87 1.5739e+03    579.016      13897  1029.5116  1029.5092    34.2811    34.2784    8.08780         30 0.0000e+00
    417.000    412.268    -0.1731  28.539441    -0.1712  28.538969     4.7786     4.8698    -0.0118    95.4255 1.0000e-12  -74.17528 -113.34460  26.780339      83.23 1.5748e+03    580.246      13927  1029.5170  1029.5147    34.2823    34.2795    8.08705         29 0.0000e+00
    418.000    413.256    -0.1709  28.542136    -0.1686  28.542081     4.7821     4.8637    -0.0070    95.4233 1.0000e-12  -74.17528 -113.34460  26.780353      95.57 1.5749e+03    581.474      13956  1029.5220  1029.5198    34.2828    34.2802    8.08655         30 0.0000e+00
    419.000    414.245    -0.1689  28.544520    -0.1669  28.544386     4.7784     4.8654    -0.0113    95.4016 1.0000e-12  -74.17528 -113.34460  26.780366      99.79 1.5729e+03    582.666      13985  1029.5270  1029.5249    34.2832    34.2807    8.08611         26 0.0000e+00
    420.000    415.231    -0.1678  28.546241    -0.1658  28.545872     4.7767     4.8632    -0.0169    95.4035 1.0000e-12  -74.17528 -113.34460  26.780380      99.87 1.5714e+03    583.836      14013  1029.5320  1029.5298    34.2836    34.2809    8.08585         27 0.0000e+00
    421.000    416.219    -0.1666  28.547990    -0.1646  28.547672     4.7773     4.8661    -0.0181    95.4272 1.0000e-12  -74.17528 -113.34460  26.780394      99.87 1.5682e+03    584.999      14041  1029.5371  1029.5348    34.2840    34.2813    8.08557         29 0.0000e+00
    422.000    417.207    -0.1634  28.551806    -0.1616  28.551435     4.7755     4.8647    -0.0176    95.4342 1.0000e-12  -74.17528 -113.34460  26.780407      99.86 1.5645e+03    586.181      14069  1029.5423  1029.5402    34.2849    34.2823    8.08485         29 0.0000e+00
    423.000    418.195    -0.1550  28.561593    -0.1535  28.560738     4.7769     4.8621    -0.0042    95.4448 1.0000e-12  -74.17528 -113.34460  26.780421      99.87 1.5598e+03    587.391      14098  1029.5488  1029.5464    34.2878    34.2850    8.08290         29 0.0000e+00
    424.000    419.181    -0.1520  28.565522    -0.1498  28.565557     4.7744     4.8600    -0.0166    95.4450 1.0000e-12  -74.17528 -113.34460  26.780435      99.87 1.5544e+03    588.611      14128  1029.5544  1029.5523    34.2891    34.2867    8.08219         29 0.0000e+00
    425.000    420.171    -0.1504  28.567802    -0.1482  28.567777     4.7730     4.8570    -0.0119    95.4571 1.0000e-12  -74.17528 -113.34460  26.780449      99.87 1.5488e+03    589.804      14156  1029.5596  1029.5574    34.2898    34.2873    8.08182         28 0.0000e+00
    426.000    421.156    -0.1501  28.568564    -0.1478  28.568557     4.7737     4.8579    -0.0173    95.4583 1.0000e-12  -74.17528 -113.34460  26.780463      99.87 1.5437e+03    590.997      14185  1029.5644  1029.5622    34.2899    34.2873    8.08175         29 0.0000e+00
    427.000    422.146    -0.1503  28.568768    -0.1483  28.568445     4.7781     4.8547    -0.0155    95.4664 1.0000e-12  -74.17528 -113.34460  26.780477      98.18 1.5388e+03    592.193      14214  1029.5691  1029.5669    34.2897    34.2871    8.08179         28 0.0000e+00
    428.000    423.133    -0.1498  28.569976    -0.1479  28.569545     4.7740     4.8507    -0.0115    95.4752 1.0000e-12  -74.17528 -113.34460  26.780490      73.85 1.5342e+03    593.376      14242  1029.5742  1029.5720    34.2902    34.2875    8.08166         29 0.0000e+00
    429.000    424.121    -0.1504  28.569603    -0.1491  28.568702     4.7772     4.8552    -0.0145    95.4792 1.0000e-12  -74.17528 -113.34460  26.780504      92.01 1.5303e+03    594.552      14270  1029.5788  1029.5765    34.2898    34.2871    8.08182         28 0.0000e+00
    430.000    425.107    -0.1508  28.569753    -0.1485  28.569896     4.7755     4.8592    -0.0085    95.4774 1.0000e-12  -74.17528 -113.34460  26.780518      99.77 1.5271e+03    595.759      14299  1029.5836  1029.5815    34.2898    34.2874    8.08190         30 0.0000e+00
    431.000    426.095    -0.1503  28.570583    -0.1485  28.570187     4.7765     4.8594    -0.0074    95.4725 1.0000e-12  -74.17528 -113.34460  26.780532      99.87 1.5247e+03    597.000      14329  1029.5883  1029.5861    34.2897    34.2873    8.08179         29 0.0000e+00
    432.000    427.084    -0.1513  28.570301    -0.1491  28.570296     4.7754     4.8576    -0.0116    95.4635 1.0000e-12  -74.17528 -113.34460  26.780547      99.86 1.5231e+03    598.239      14359  1029.5932  1029.5911    34.2899    34.2875    8.08199         30 0.0000e+00
    433.000    428.070    -0.1525  28.569892    -0.1495  28.570478     4.7752     4.8606    -0.0029    95.4920 1.0000e-12  -74.17528 -113.34460  26.780561      99.87 1.5225e+03    599.455      14388  1029.5983  1029.5960    34.2902    34.2876    8.08225         29 0.0000e+00
    434.000    429.060    -0.1532  28.570197    -0.1505  28.570406     4.7731     4.8590    -0.0094    95.4797 1.0000e-12  -74.17528 -113.34460  26.780574      99.87 1.5215e+03    600.634      14416  1029.6035  1029.6012    34.2907    34.2880    8.08235         27 0.0000e+00
    435.000    430.045    -0.1529  28.570722    -0.1519  28.569560     4.7747     4.8575     0.0053    95.4805 1.0000e-12  -74.17528 -113.34460  26.780588      99.87 1.5213e+03    601.806      14444  1029.6081  1029.6059    34.2905    34.2879    8.08231         29 0.0000e+00
    436.000    431.033    -0.1484  28.575918    -0.1462  28.575865     4.7716     4.8604    -0.0049    95.4707 1.0000e-12  -74.17528 -113.34460  26.780602      99.87 1.5205e+03    603.000      14473  1029.6134  1029.6113    34.2917    34.2893    8.08128         29 0.0000e+00
    437.000    432.021    -0.1434  28.581581    -0.1412  28.581645     4.7696     4.8598    -0.0146    95.4589 1.0000e-12  -74.17528 -113.34460  26.780616      99.86 1.5195e+03    604.197      14502  1029.6188  1029.6167    34.2931    34.2907    8.08015         28 0.0000e+00
    438.000    433.008    -0.1398  28.585897    -0.1378  28.585616     4.7675     4.8553    -0.0107    95.4583 1.0000e-12  -74.17528 -113.34460  26.780629      99.87 1.5183e+03    605.385      14530  1029.6242  1029.6219    34.2942    34.2915    8.07933         29 0.0000e+00
    439.000    433.996    -0.1373  28.588900    -0.1356  28.588204     4.7656     4.8480    -0.0100    95.4590 1.0000e-12  -74.17528 -113.34460  26.780643      83.75 1.5173e+03    606.556      14558  1029.6292  1029.6268    34.2948    34.2920    8.07877         28 0.0000e+00
    440.000    434.983    -0.1280  28.599459    -0.1267  28.598199     4.7615     4.8486    -0.0116    95.4480 1.0000e-12  -74.17528 -113.34459  26.780657      94.35 1.5163e+03    607.731      14587  1029.6355  1029.6330    34.2977    34.2947    8.07662         28 0.0000e+00
    441.000    435.972    -0.1243  28.603707    -0.1226  28.603081     4.7624     4.8537    -0.0156    95.4423 1.0000e-12  -74.17528 -113.34459  26.780670      99.91 1.5161e+03    608.925      14615  1029.6407  1029.6384    34.2986    34.2959    8.07579         29 0.0000e+00
    442.000    436.958    -0.1241  28.604294    -0.1222  28.603946     4.7625     4.8539    -0.0138    95.4499 1.0000e-12  -74.17528 -113.34458  26.780685      99.86 1.5161e+03    610.151      14645  1029.6455  1029.6433    34.2986    34.2960    8.07575         30 0.0000e+00
    443.000    437.947    -0.1210  28.608202    -0.1193  28.607511     4.7641     4.8454    -0.0117    95.4611 1.0000e-12  -74.17528 -113.34460  26.780699      99.87 1.5161e+03    611.388      14674  1029.6509  1029.6486    34.2997    34.2970    8.07503         29 0.0000e+00
    444.000    438.934    -0.1153  28.615687    -0.1134  28.615190     4.7651     4.8435    -0.0028    95.4691 1.0000e-12  -74.17528 -113.34459  26.780713      99.87 1.5160e+03    612.602      14703  1029.6575  1029.6553    34.3026    34.3000    8.07366         29 0.0000e+00
    445.000    439.921    -0.1126  28.619580    -0.1107  28.618957     4.7631     4.8487    -0.0184    95.4878 1.0000e-12  -74.17528 -113.34459  26.780727      99.87 1.5155e+03    613.801      14732  1029.6634  1029.6609    34.3042    34.3013    8.07300         29 0.0000e+00
    446.000    440.909    -0.1110  28.621387    -0.1092  28.620972     4.7572     4.8481    -0.0178    95.4700 1.0000e-12  -74.17528 -113.34459  26.780741      99.87 1.5143e+03    614.991      14761  1029.6681  1029.6659    34.3043    34.3017    8.07267         29 0.0000e+00
    447.000    441.896    -0.1112  28.621509    -0.1093  28.621330     4.7610     4.8491    -0.0104    95.4983 1.0000e-12  -74.17528 -113.34458  26.780754      99.86 1.5129e+03    616.174      14789  1029.6727  1029.6708    34.3040    34.3017    8.07272         28 0.0000e+00
    448.000    442.884    -0.1111  28.621966    -0.1092  28.621785     4.7649     4.8446    -0.0077    95.4781 1.0000e-12  -74.17528 -113.34460  26.780768      99.87 1.5108e+03    617.366      14818  1029.6775  1029.6754    34.3040    34.3015    8.07271         28 0.0000e+00
    449.000    443.872    -0.1109  28.622915    -0.1091  28.622406     4.7621     4.8436    -0.0015    95.4756 1.0000e-12  -74.17528 -113.34459  26.780782      99.87 1.5093e+03    618.580      14847  1029.6825  1029.6803    34.3044    34.3017    8.07264         30 0.0000e+00
    450.000    444.858    -0.1095  28.625167    -0.1076  28.624847     4.7606     4.8444    -0.0105    95.4912 1.0000e-12  -74.17528 -113.34459  26.780796      89.81 1.5070e+03    619.795      14876  1029.6878  1029.6857    34.3052    34.3027    8.07229         29 0.0000e+00
    451.000    445.847    -0.1086  28.627143    -0.1065  28.626854     4.7598     4.8466    -0.0135    95.4867 1.0000e-12  -74.17528 -113.34459  26.780810      99.64 1.5039e+03    620.994      14905  1029.6933  1029.6911    34.3062    34.3035    8.07204         29 0.0000e+00
    452.000    446.834    -0.1074  28.629583    -0.1054  28.629270     4.7622     4.8480    -0.0101    95.4830 1.0000e-12  -74.17528 -113.34458  26.780824      99.86 1.5012e+03    622.184      14933  1029.6991  1029.6969    34.3075    34.3049    8.07172         28 0.0000e+00
    453.000    447.822    -0.1073  28.630459    -0.1052  28.630342     4.7501     4.8469    -0.0108    95.4995 1.0000e-12  -74.17528 -113.34460  26.780837      99.87 1.4977e+03    623.356      14962  1029.7042  1029.7020    34.3079    34.3054    8.07167         28 0.0000e+00
    454.000    448.808    -0.1067  28.631675    -0.1046  28.631611     4.7497     4.8438    -0.0102    95.4761 1.0000e-12  -74.17528 -113.34459  26.780851      99.87 1.4944e+03    624.542      14990  1029.7092  1029.7070    34.3083    34.3059    8.07153         29 0.0000e+00
    455.000    449.796    -0.1060  28.633323    -0.1039  28.633060     4.7559     4.8410    -0.0121    95.4756 1.0000e-12  -74.17528 -113.34459  26.780865      99.86 1.4926e+03    625.734      15019  1029.7145  1029.7122    34.3091    34.3064    8.07133         28 0.0000e+00
    456.000    450.784    -0.1055  28.634547    -0.1035  28.634322     4.7591     4.8397    -0.0107    95.4734 1.0000e-12  -74.17528 -113.34459  26.780879      99.87 1.4896e+03    626.918      15047  1029.7196  1029.7174    34.3096    34.3070    8.07120         29 0.0000e+00
    457.000    451.771    -0.1049  28.635613    -0.1028  28.635446     4.7553     4.8420    -0.0110    95.4725 1.0000e-12  -74.17528 -113.34458  26.780893      99.87 1.4879e+03    628.121      15076  1029.7245  1029.7222    34.3098    34.3072    8.07107         29 0.0000e+00
    458.000    452.759    -0.1045  28.636617    -0.1026  28.636438     4.7563     4.8415    -0.0106    95.4714 1.0000e-12  -74.17528 -113.34460  26.780907      99.87 1.4868e+03    629.344      15105  1029.7294  1029.7273    34.3101    34.3076    8.07097         30 0.0000e+00
    459.000    453.746    -0.1024  28.639820    -0.1001  28.639872     4.7629     4.8455    -0.0132    95.4627 1.0000e-12  -74.17528 -113.34459  26.780921      99.87 1.4861e+03    630.567      15135  1029.7350  1029.7328    34.3113    34.3088    8.07045         28 0.0000e+00
    460.000    454.734    -0.0998  28.643620    -0.0980  28.643243     4.7640     4.8479    -0.0150    95.4276 1.0000e-12  -74.17528 -113.34459  26.780935      94.80 1.4855e+03    631.769      15163  1029.7407  1029.7386    34.3128    34.3103    8.06981         29 0.0000e+00
    461.000    455.721    -0.0998  28.644249    -0.0985  28.643317     4.7623     4.8491    -0.0138    95.4387 1.0000e-12  -74.17528 -113.34459  26.780949      79.29 1.4847e+03    632.954      15192  1029.7456  1029.7435    34.3131    34.3105    8.06979         29 0.0000e+00
    462.000    456.709    -0.1013  28.643594    -0.0994  28.643362     4.7645     4.8506    -0.0127    95.4243 1.0000e-12  -74.17528 -113.34458  26.780962      54.96 1.4835e+03    634.130      15220  1029.7508  1029.7486    34.3134    34.3109    8.07011         28 0.0000e+00
    463.000    457.697    -0.1005  28.645233    -0.0987  28.644782     4.7658     4.8495    -0.0155    95.4213 1.0000e-12  -74.17528 -113.34459  26.780976      98.49 1.4826e+03    635.303      15248  1029.7560  1029.7538    34.3140    34.3114    8.06990         28 0.0000e+00
    464.000    458.684    -0.1006  28.645671    -0.0989  28.645139     4.7598     4.8504    -0.0130    95.3974 1.0000e-12  -74.17528 -113.34457  26.780989      99.85 1.4827e+03    636.484      15277  1029.7608  1029.7586    34.3141    34.3115    8.06991         29 0.0000e+00
    465.000    459.670    -0.1004  28.646467    -0.0977  28.646809     4.7633     4.8470    -0.0122    95.3838 1.0000e-12  -74.17528 -113.34458  26.781003      99.86 1.4827e+03    637.696      15306  1029.7657  1029.7634    34.3143    34.3117    8.06985         29 0.0000e+00
    466.000    460.659    -0.0970  28.650499    -0.0954  28.649734     4.7657     4.8498    -0.0112    95.3270 1.0000e-12  -74.17528 -113.34458  26.781018      99.87 1.4826e+03    638.915      15335  1029.7708  1029.7686    34.3152    34.3125    8.06908         29 0.0000e+00
    467.000    461.645    -0.0971  28.651234    -0.0952  28.650845     4.7649     4.8490    -0.0107    95.2868 1.0000e-12  -74.17528 -113.34460  26.781032      99.87 1.4826e+03    640.130      15364  1029.7761  1029.7738    34.3158    34.3131    8.06908         29 0.0000e+00
    468.000    462.633    -0.0987  28.650272    -0.0956  28.650992     4.7656     4.8404    -0.0087    95.2702 1.0000e-12  -74.17528 -113.34460  26.781045      99.87 1.4826e+03    641.322      15393  1029.7809  1029.7786    34.3157    34.3132    8.06942         29 0.0000e+00
    469.000    463.621    -0.1000  28.649559    -0.0985  28.648923     4.7727     4.8449    -0.0050    95.2548 1.0000e-12  -74.17528 -113.34458  26.781059      99.87 1.4827e+03    642.494      15421  1029.7857  1029.7836    34.3157    34.3132    8.06970         27 0.0000e+00
    470.000    464.609    -0.1007  28.649625    -0.0978  28.650188     4.7718     4.8589    -0.0130    95.2505 1.0000e-12  -74.17528 -113.34458  26.781072      99.87 1.4826e+03    643.664      15449  1029.7907  1029.7884    34.3159    34.3134    8.06983         29 0.0000e+00
    471.000    465.594    -0.1032  28.648262    -0.1014  28.647866     4.7793     4.8628    -0.0182    95.2549 1.0000e-12  -74.17528 -113.34458  26.781086      99.87 1.4817e+03    644.855      15478  1029.7959  1029.7938    34.3163    34.3138    8.07034         28 0.0000e+00
    472.000    466.583    -0.1026  28.650143    -0.1006  28.649954     4.7815     4.8664    -0.0101    95.2203 1.0000e-12  -74.17528 -113.34458  26.781100      88.71 1.4802e+03    646.075      15507  1029.8016  1029.7995    34.3176    34.3151    8.07015         30 0.0000e+00
