ocean_section_plots/required_files/ctd/dnbp2202_ctd100.cnv
* Sea-Bird SBE 9 Data File:
* FileName = D:\Data\raw\NBP2202_CTD100.hex
* Software Version Seasave V 7.26.7.121
* Temperature SN = 1649
* Conductivity SN = 2513
* Number of Bytes Per Scan = 40
* Number of Voltage Words = 5
* Number of Scans Averaged by the Deck Unit = 1
* NMEA Latitude = 74 10.51 S
* NMEA Longitude = 113 20.67 W
* NMEA UTC (Time) = Jan 27 2022  02:26:09
* NMEA baud rate = 9600
** Ship: RVIB N.B. Palmer
** Cruise: NBP2202 Thwaites
** Station: YoYo001
** Operator: A. Robinson
# nquan = 25
# nvalues = 608                         
# units = specified
# name 0 = prDM: Pressure, Digiquartz [db]
# name 1 = depSM: Depth [salt water, m]
# name 2 = t090C: Temperature [ITS-90, deg C]
# name 3 = c0mS/cm: Conductivity [mS/cm]
# name 4 = t190C: Temperature, 2 [ITS-90, deg C]
# name 5 = c1mS/cm: Conductivity, 2 [mS/cm]
# name 6 = sbeox0ML/L: Oxygen, SBE 43 [ml/l]
# name 7 = sbeox1ML/L: Oxygen, SBE 43, 2 [ml/l]
# name 8 = flECO-AFL: Fluorescence, WET Labs ECO-AFL/FL [mg/m^3]
# name 9 = CStarTr0: Beam Transmission, WET Labs C-Star [%]
# name 10 = par: PAR/Irradiance, Biospherical/Licor
# name 11 = latitude: Latitude [deg]
# name 12 = longitude: Longitude [deg]
# name 13 = timeJ: Julian Days
# name 14 = altM: Altimeter [m]
# name 15 = spar: SPAR, Biospherical/Licor
# name 16 = timeS: Time, Elapsed [seconds]
# name 17 = scan: Scan Count
# name 18 = density00: Density [density, kg/m^3]
# name 19 = density11: Density, 2 [density, kg/m^3]
# name 20 = sal00: Salinity, Practical [PSU]
# name 21 = sal11: Salinity, Practical, 2 [PSU]
# name 22 = oxsolML/L: Oxygen Saturation, Garcia & Gordon [ml/l]
# name 23 = nbin: number of scans per bin
# name 24 = flag: flag
# span 0 =     10.000,    617.000       
# span 1 =      9.896,    609.708       
# span 2 =    -1.4983,     0.0737       
# span 3 =  26.947155,  28.908402       
# span 4 =    -1.4975,     0.0759       
# span 5 =  26.691400,  28.703842       
# span 6 =     4.6881,     8.8854       
# span 7 =     4.7403,     8.8431       
# span 8 =    -0.0225,    25.2161       
# span 9 =    70.0251,    95.5620       
# span 10 = -1.161e-07, 1.8596e+01      
# span 11 =  -74.17528,  -74.17528      
# span 12 = -113.34460, -113.34454      
# span 13 =  27.102383,  27.112084      
# span 14 =       4.53,     100.34      
# span 15 = 5.4026e+02, 5.6965e+02      
# span 16 =     76.901,    915.030      
# span 17 =       1847,      21962      
# span 18 =  1027.1982,  1030.5203      
# span 19 =  1026.8761,  1030.3042      
# span 20 =    33.7747,    34.3771      
# span 21 =    33.3795,    34.1070      
# span 22 =    8.02972,    8.40399      
# span 23 =         19,         47      
# span 24 = 0.0000e+00, 0.0000e+00      
# interval = decibars: 1                
# start_time = Jan 27 2022 02:26:09 [NMEA time, header]
# bad_flag = -9.990e-29
*END*
[from data line 290]
    300.000    296.680    -0.5997  28.010928    -0.5980  27.761559     4.9053     4.9723    -0.0120    95.2024 1.0000e-12  -74.17528 -113.34456  27.106846      99.87 5.6174e+02    462.469      11100  1028.8599  1028.5880    34.1251    33.7881    8.18737         29 0.0000e+00
    301.000    297.668    -0.5964  28.014798    -0.5946  27.765627     4.9060     4.9704    -0.0106    95.2024 1.0000e-12  -74.17528 -113.34456  27.106859      99.87 5.6160e+02    463.658      11129  1028.8651  1028.5934    34.1260    33.7893    8.18660         28 0.0000e+00
    302.000    298.656    -0.5961  28.015573    -0.5944  27.766621     4.9037     4.9675    -0.0116    95.1921 1.0000e-12  -74.17528 -113.34456  27.106873      99.87 5.6301e+02    464.834      11157  1028.8700  1028.5986    34.1261    33.7897    8.18653         28 0.0000e+00
    303.000    299.645    -0.5946  28.017777    -0.5929  27.768712     4.8999     4.9692    -0.0172    95.1867 1.0000e-12  -74.17528 -113.34456  27.106887      99.87 5.6260e+02    466.004      11185  1028.8752  1028.6037    34.1268    33.7903    8.18617         28 0.0000e+00
    304.000    300.632    -0.5921  28.020891    -0.5904  27.771847     4.9042     4.9690    -0.0138    95.2195 1.0000e-12  -74.17528 -113.34456  27.106900      99.87 5.6297e+02    467.167      11213  1028.8804  1028.6090    34.1275    33.7911    8.18558         29 0.0000e+00
    305.000    301.622    -0.5887  28.024742    -0.5870  27.776001     4.8988     4.9622    -0.0158    95.2154 1.0000e-12  -74.17528 -113.34456  27.106914      99.87 5.6342e+02    468.336      11241  1028.8856  1028.6145    34.1283    33.7923    8.18481         28 0.0000e+00
    306.000    302.609    -0.5879  28.025956    -0.5862  27.777469     4.9025     4.9618    -0.0113    95.2159 1.0000e-12  -74.17528 -113.34456  27.106927      85.24 5.6231e+02    469.525      11270  1028.8905  1028.6196    34.1285    33.7928    8.18463         29 0.0000e+00
    307.000    303.598    -0.5877  28.026827    -0.5860  27.778274     4.9041     4.9659    -0.0064    95.2053 1.0000e-12  -74.17528 -113.34456  27.106941      95.83 5.6161e+02    470.722      11298  1028.8955  1028.6246    34.1287    33.7930    8.18456         28 0.0000e+00
    308.000    304.586    -0.5877  28.027194    -0.5859  27.778741     4.9046     4.9620    -0.0127    95.2043 1.0000e-12  -74.17528 -113.34456  27.106955      99.88 5.6293e+02    471.899      11327  1028.9002  1028.6294    34.1287    33.7930    8.18457         28 0.0000e+00
    309.000    305.573    -0.5870  28.028209    -0.5854  27.779670     4.9071     4.9636    -0.0137    95.2125 1.0000e-12  -74.17528 -113.34456  27.106968      99.87 5.6268e+02    473.054      11354  1028.9050  1028.6342    34.1287    33.7931    8.18442         28 0.0000e+00
    310.000    306.562    -0.5880  28.028036    -0.5864  27.779890     4.9170     4.9793    -0.0114    95.2016 1.0000e-12  -74.17528 -113.34456  27.106982      99.87 5.6124e+02    474.220      11382  1028.9100  1028.6397    34.1289    33.7938    8.18462         28 0.0000e+00
    311.000    307.550    -0.5984  28.019469    -0.5972  27.771648     4.9293     4.9925    -0.0112    95.2061 1.0000e-12  -74.17528 -113.34456  27.106995      99.86 5.6271e+02    475.404      11411  1028.9153  1028.6456    34.1285    33.7942    8.18690         29 0.0000e+00
    312.000    308.537    -0.6067  28.012926    -0.6052  27.765184     4.9386     5.0011    -0.0182    95.2006 1.0000e-12  -74.17528 -113.34456  27.107009      99.87 5.6330e+02    476.607      11440  1028.9207  1028.6507    34.1285    33.7939    8.18870         28 0.0000e+00
    313.000    309.527    -0.6089  28.011492    -0.6074  27.763719     4.9474     5.0078    -0.0183    95.2106 1.0000e-12  -74.17528 -113.34456  27.107023      99.87 5.6137e+02    477.802      11468  1028.9254  1028.6555    34.1284    33.7937    8.18917         29 0.0000e+00
    314.000    310.515    -0.6147  28.006958    -0.6130  27.759647     4.9552     5.0176    -0.0116    95.2199 1.0000e-12  -74.17528 -113.34456  27.107037      99.87 5.6261e+02    478.974      11496  1028.9305  1028.6607    34.1282    33.7939    8.19045         28 0.0000e+00
    315.000    311.502    -0.6171  28.005810    -0.6154  27.758421     4.9643     5.0280    -0.0179    95.1605 1.0000e-12  -74.17528 -113.34458  27.107050      99.87 5.6336e+02    480.139      11524  1028.9358  1028.6660    34.1287    33.7944    8.19093         28 0.0000e+00
    316.000    312.490    -0.6200  28.004979    -0.6184  27.757416     4.9475     5.0147    -0.0182    94.7674 1.0000e-12  -74.17528 -113.34456  27.107064      99.81 5.6142e+02    481.313      11553  1028.9420  1028.6720    34.1303    33.7957    8.19147         28 0.0000e+00
    317.000    313.480    -0.6067  28.019755    -0.6043  27.771422     4.9330     5.0000    -0.0138    95.2014 1.0000e-12  -74.17528 -113.34457  27.107078      75.52 5.6273e+02    482.502      11581  1028.9491  1028.6776    34.1346    33.7982    8.18834         29 0.0000e+00
    318.000    314.466    -0.5783  28.049470    -0.5757  27.800906     4.9215     4.9877    -0.0088    95.2246 1.0000e-12  -74.17528 -113.34457  27.107091      94.08 5.6441e+02    483.700      11610  1028.9575  1028.6859    34.1420    33.8054    8.18177         29 0.0000e+00
    319.000    315.455    -0.5693  28.059415    -0.5676  27.810894     4.9230     4.9849    -0.0150    95.2245 1.0000e-12  -74.17528 -113.34457  27.107105      99.63 5.6179e+02    484.898      11639  1028.9638  1028.6932    34.1447    33.8091    8.17968         28 0.0000e+00
    320.000    316.443    -0.5621  28.067802    -0.5601  27.818947     4.9225     4.9895    -0.0108    95.2347 1.0000e-12  -74.17528 -113.34458  27.107119      99.88 5.6293e+02    486.068      11667  1028.9702  1028.6990    34.1472    33.8110    8.17797         28 0.0000e+00
    321.000    317.431    -0.5558  28.074994    -0.5534  27.827134     4.9169     4.9914    -0.0153    95.2299 1.0000e-12  -74.17528 -113.34456  27.107132      99.87 5.6479e+02    487.217      11694  1028.9761  1028.7058    34.1491    33.8140    8.17649         27 0.0000e+00
    322.000    318.418    -0.5540  28.077419    -0.5525  27.828926     4.9220     4.9825    -0.0147    95.2372 1.0000e-12  -74.17528 -113.34458  27.107146      99.87 5.6223e+02    488.376      11722  1028.9814  1028.7113    34.1497    33.8148    8.17607         26 0.0000e+00
    323.000    319.407    -0.5540  28.077912    -0.5525  27.829549     4.9215     4.9838    -0.0043    95.2299 1.0000e-12  -74.17528 -113.34456  27.107159      99.88 5.6217e+02    489.551      11750  1028.9864  1028.7162    34.1498    33.8149    8.17607         28 0.0000e+00
    324.000    320.398    -0.5536  28.078714    -0.5519  27.831383     4.9186     4.9864    -0.0105    95.1956 1.0000e-12  -74.17528 -113.34456  27.107173      99.87 5.6545e+02    490.749      11779  1028.9912  1028.7220    34.1499    33.8161    8.17599         28 0.0000e+00
    325.000    321.385    -0.5532  28.079470    -0.5515  27.852378     4.9189     4.9884    -0.0181    95.2123 1.0000e-12  -74.17528 -113.34456  27.107187      99.87 5.6249e+02    491.956      11808  1028.9961  1028.7487    34.1499    33.8432    8.17591         29 0.0000e+00
    326.000    322.370    -0.5515  28.081986    -0.5496  27.858482     4.9191     4.9838    -0.0043    95.2227 1.0000e-12  -74.17528 -113.34456  27.107201      99.87 5.6280e+02    493.146      11836  1029.0014  1028.7579    34.1506    33.8488    8.17548         28 0.0000e+00
    327.000    323.360    -0.5497  28.084501    -0.5484  27.860370     4.9247     4.9798    -0.0124    95.2162 1.0000e-12  -74.17528 -113.34456  27.107214      99.87 5.6488e+02    494.318      11865  1029.0067  1028.7630    34.1514    33.8493    8.17505         28 0.0000e+00
    328.000    324.348    -0.5460  28.089200    -0.5441  27.865838     4.9172     4.9774    -0.0195    95.2195 1.0000e-12  -74.17528 -113.34456  27.107228      85.13 5.6325e+02    495.475      11892  1029.0124  1028.7691    34.1530    33.8512    8.17416         27 0.0000e+00
    329.000    325.336    -0.5429  28.093073    -0.5412  27.869429     4.9134     4.9818    -0.0124    95.2311 1.0000e-12  -74.17528 -113.34456  27.107241      96.92 5.6290e+02    496.634      11920  1029.0179  1028.7745    34.1541    33.8523    8.17343         29 0.0000e+00
    330.000    326.325    -0.5384  28.098813    -0.5360  27.876255     4.9210     4.9853    -0.0147    95.2204 1.0000e-12  -74.17528 -113.34456  27.107255      99.83 5.6495e+02    497.821      11949  1029.0241  1028.7811    34.1562    33.8549    8.17235         29 0.0000e+00
    331.000    327.313    -0.5386  28.099828    -0.5368  27.876815     4.9219     4.9876    -0.0160    95.2336 1.0000e-12  -74.17528 -113.34456  27.107269      99.87 5.6292e+02    499.035      11978  1029.0297  1028.7869    34.1571    33.8560    8.17232         29 0.0000e+00
    332.000    328.299    -0.5374  28.101478    -0.5364  27.877715     4.9239     4.9837    -0.0153    95.2133 1.0000e-12  -74.17528 -113.34456  27.107283      99.87 5.6299e+02    500.241      12007  1029.0346  1028.7918    34.1574    33.8562    8.17206         28 0.0000e+00
    333.000    329.289    -0.5354  28.104184    -0.5339  27.880814     4.9230     4.9834    -0.0140    95.2200 1.0000e-12  -74.17528 -113.34456  27.107296      99.87 5.6433e+02    501.410      12035  1029.0399  1028.7971    34.1582    33.8570    8.17158         28 0.0000e+00
    334.000    330.277    -0.5341  28.106031    -0.5327  27.882845     4.9192     4.9872    -0.0106    95.2181 1.0000e-12  -74.17528 -113.34456  27.107310      99.87 5.6337e+02    502.560      12062  1029.0450  1028.8023    34.1586    33.8577    8.17128         28 0.0000e+00
    335.000    331.264    -0.5346  28.106244    -0.5328  27.883627     4.9239     4.9891    -0.0052    95.2190 1.0000e-12  -74.17528 -113.34456  27.107323      99.87 5.6306e+02    503.716      12090  1029.0500  1028.8077    34.1589    33.8583    8.17137         28 0.0000e+00
    336.000    332.254    -0.5340  28.107268    -0.5326  27.884539     4.9270     4.9850    -0.0087    95.2226 1.0000e-12  -74.17528 -113.34456  27.107337      99.86 5.6454e+02    504.883      12118  1029.0548  1028.8127    34.1589    33.8587    8.17124         28 0.0000e+00
    337.000    333.240    -0.5344  28.107525    -0.5325  27.885138     4.9261     4.9861    -0.0112    95.2310 1.0000e-12  -74.17528 -113.34456  27.107351      99.87 5.6327e+02    506.083      12147  1029.0598  1028.8177    34.1591    33.8589    8.17131         29 0.0000e+00
    338.000    334.229    -0.5353  28.107389    -0.5338  27.884795     4.9443     5.0004    -0.0042    95.2168 1.0000e-12  -74.17528 -113.34456  27.107365      99.59 5.6315e+02    507.293      12176  1029.0648  1028.8229    34.1593    33.8593    8.17149         29 0.0000e+00
    339.000    335.216    -0.5367  28.106684    -0.5349  27.884601     4.9386     5.0042    -0.0182    95.2292 1.0000e-12  -74.17528 -113.34456  27.107378      90.60 5.6419e+02    508.483      12205  1029.0698  1028.8280    34.1594    33.8595    8.17180         28 0.0000e+00
    340.000    336.205    -0.5407  28.103835    -0.5389  27.881964     4.9620     5.0104    -0.0121    95.2328 1.0000e-12  -74.17528 -113.34456  27.107392      95.28 5.6311e+02    509.653      12233  1029.0750  1028.8334    34.1595    33.8599    8.17266         28 0.0000e+00
    341.000    337.191    -0.5428  28.103097    -0.5416  27.880599     5.0214     5.0538    -0.0121    95.2328 1.0000e-12  -74.17528 -113.34456  27.107405      99.91 5.6280e+02    510.823      12261  1029.0805  1028.8388    34.1602    33.8605    8.17306         28 0.0000e+00
    342.000    338.182    -0.5738  28.075806    -0.5788  27.851811     5.0721     5.1060    -0.0110    95.2381 1.0000e-12  -74.17528 -113.34456  27.107419      99.87 5.6467e+02    512.002      12289  1029.0858  1028.8483    34.1578    33.8627    8.17990         29 0.0000e+00
    343.000    339.169    -0.6195  28.038188    -0.6177  27.817987     5.0905     5.1388    -0.0132    95.2318 1.0000e-12  -74.17528 -113.34456  27.107433      99.87 5.6361e+02    513.199      12318  1029.0942  1028.8538    34.1581    33.8601    8.18976         28 0.0000e+00
    344.000    340.157    -0.6277  28.031830    -0.6249  27.811954     5.0799     5.1273    -0.0158    95.2554 1.0000e-12  -74.17528 -113.34456  27.107447      99.87 5.6289e+02    514.395      12346  1029.0993  1028.8583    34.1581    33.8595    8.19152         29 0.0000e+00
    345.000    341.145    -0.6276  28.032722    -0.6257  27.811974     5.0867     5.1475    -0.0169    95.2789 1.0000e-12  -74.17528 -113.34456  27.107460      99.87 5.6507e+02    515.567      12375  1029.1042  1028.8631    34.1587    33.8597    8.19148         28 0.0000e+00
    346.000    342.132    -0.6238  28.037872    -0.6226  27.816414     5.0480     5.1331    -0.0145    95.3100 1.0000e-12  -74.17528 -113.34456  27.107474      99.87 5.6425e+02    516.728      12402  1029.1101  1028.8688    34.1607    33.8616    8.19054         28 0.0000e+00
    347.000    343.122    -0.6270  28.036278    -0.6226  27.816925     4.9329     5.0403    -0.0067    95.2991 1.0000e-12  -74.17528 -113.34456  27.107487      99.87 5.6306e+02    517.888      12430  1029.1155  1028.8735    34.1615    33.8617    8.19118         28 0.0000e+00
    348.000    344.108    -0.5280  28.132415    -0.5217  27.906780     4.8515     4.9549    -0.0098    95.2990 1.0000e-12  -74.17528 -113.34456  27.107501      99.88 5.6529e+02    519.051      12458  1029.1261  1028.8761    34.1787    33.8692    8.16882         28 0.0000e+00
    349.000    345.097    -0.4412  28.212286    -0.4388  27.988059     4.8273     4.9173    -0.0069    95.3329 1.0000e-12  -74.17528 -113.34456  27.107514      99.87 5.6494e+02    520.224      12486  1029.1311  1028.8874    34.1875    33.8851    8.14962         28 0.0000e+00
    350.000    346.085    -0.4323  28.222183    -0.4307  27.998723     4.8215     4.9013    -0.0176    95.3278 1.0000e-12  -74.17528 -113.34456  27.107528      85.28 5.6339e+02    521.419      12515  1029.1380  1028.8957    34.1903    33.8897    8.14757         29 0.0000e+00
    351.000    347.072    -0.4224  28.234037    -0.4202  28.010443     4.8339     4.9077    -0.0208    95.3092 1.0000e-12  -74.17528 -113.34456  27.107542      93.58 5.6520e+02    522.617      12544  1029.1457  1028.9028    34.1944    33.8931    8.14521         29 0.0000e+00
    352.000    348.062    -0.4134  28.244234    -0.4119  28.020620     4.8463     4.9147    -0.0038    95.2945 1.0000e-12  -74.17528 -113.34456  27.107556      99.85 5.6488e+02    523.809      12572  1029.1525  1028.9105    34.1973    33.8969    8.14311         28 0.0000e+00
    353.000    349.048    -0.4105  28.252053    -0.4078  28.029023     4.8359     4.9050    -0.0197    95.3065 1.0000e-12  -74.17528 -113.34456  27.107569      99.87 5.6335e+02    524.994      12601  1029.1628  1028.9202    34.2039    33.9029    8.14211         28 0.0000e+00
    354.000    350.036    -0.3856  28.278497    -0.3812  28.055967     4.8260     4.8930    -0.0163    95.3026 1.0000e-12  -74.17528 -113.34456  27.107583      99.87 5.6483e+02    526.159      12629  1029.1714  1028.9278    34.2107    33.9087    8.13639         28 0.0000e+00
    355.000    351.024    -0.3686  28.295714    -0.3655  28.073195     4.8201     4.8888    -0.0113    95.2851 1.0000e-12  -74.17528 -113.34456  27.107596      99.86 5.6494e+02    527.321      12657  1029.1777  1028.9356    34.2139    33.9136    8.13255         28 0.0000e+00
    356.000    352.014    -0.3666  28.298182    -0.3640  28.075630     4.8191     4.8888    -0.0117    95.2593 1.0000e-12  -74.17528 -113.34456  27.107610      99.87 5.6418e+02    528.505      12685  1029.1831  1028.9414    34.2144    33.9145    8.13210         29 0.0000e+00
