ocean_section_plots/required_files/ctd/dnbp2202_ctd113.cnv
* Sea-Bird SBE 9 Data File:
* FileName = D:\Data\raw\NBP2202_CTD113.hex
* Software Version Seasave V 7.26.7.121
* Temperature SN = 1649
* Conductivity SN = 2513
* Number of Bytes Per Scan = 40
* Number of Voltage Words = 5
* Number of Scans Averaged by the Deck Unit = 1
* NMEA Latitude = 74 10.52 S
* NMEA Longitude = 113 20.65 W
* NMEA UTC (Time) = Jan 27 2022  08:01:34
* NMEA baud rate = 9600
** Ship: RVIB N.B. Palmer
** Cruise: NBP2202 Thwaites
** Station: YoYo001
** Operator: B. Bjork
# nquan = 25
# nvalues = 608                         
# units = specified
# name 0 = prDM: Pressure, Digiquartz [db]
# name 1 = depSM: Depth [salt water, m]
# name 2 = t090C: Temperature [ITS-90, deg C]
# name 3 = c0mS/cm: Conductivity [mS/cm]
# name 4 = t190C: Temperature, 2 [ITS-90, deg C]
# name 5 = c1mS/cm: Conductivity, 2 [mS/cm]
# name 6 = sbeox0ML/L: Oxygen, SBE 43 [ml/l]
# name 7 = sbeox1ML/L: Oxygen, SBE 43, 2 [ml/l]
# name 8 = flECO-AFL: Fluorescence, WET Labs ECO-AFL/FL [mg/m^3]
# name 9 = CStarTr0: Beam Transmission, WET Labs C-Star [%]
# name 10 = par: PAR/Irradiance, Biospherical/Licor
# name 11 = latitude: Latitude [deg]
# name 12 = longitude: Longitude [deg]
# name 13 = timeJ: Julian Days
# name 14 = altM: Altimeter [m]
# name 15 = spar: SPAR, Biospherical/Licor
# name 16 = timeS: Time, Elapsed [seconds]
# name 17 = scan: Scan Count
# name 18 = density00: Density [density, kg/m^3]
# name 19 = density11: Density, 2 [density, kg/m^3]
# name 20 = sal00: Salinity, Practical [PSU]
# name 21 = sal11: Salinity, Practical, 2 [PSU]
# name 22 = oxsolML/L: Oxygen Saturation, Garcia & Gordon [ml/l]
# name 23 = nbin: number of scans per bin
# name 24 = flag: flag
# span 0 =     10.000,    617.000       
# span 1 =      9.895,    609.715       
# span 2 =    -1.4674,     0.1218       
# span 3 =  26.969937,  28.958187       
# span 4 =    -1.4667,     0.1239       
# span 5 =  26.969689,  28.958000       
# span 6 =     4.6760,     8.7451       
# span 7 =     4.7309,     8.8518       
# span 8 =    -0.0224,    26.8223       
# span 9 =    68.9317,    95.5867       
# span 10 = 1.0000e-12, 1.1816e+00      
# span 11 =  -74.17536,  -74.17536      
# span 12 = -113.34426, -113.34424      
# span 13 =  27.334716,  27.342261      
# span 14 =       7.19,      99.99      
# span 15 = 6.1685e+01, 6.3483e+01      
# span 16 =     25.469,    677.367      
# span 17 =        612,      16258      
# span 18 =  1027.2267,  1030.5268      
# span 19 =  1027.2246,  1030.5247      
# span 20 =    33.7902,    34.3895      
# span 21 =    33.7888,    34.3870      
# span 22 =    8.01897,    8.39697      
# span 23 =         12,         47      
# span 24 = 0.0000e+00, 0.0000e+00      
# interval = decibars: 1                
# start_time = Jan 27 2022 08:01:34 [NMEA time, header]
# bad_flag = -9.990e-29
*END*
[from data line 116]
    126.000    124.658    -1.3467  27.157739    -1.3470  27.156562     5.4842     5.5501    -0.0167    95.5496 1.0000e-12  -74.17536 -113.34424  27.336114      99.87 6.1892e+01    146.219       3510  1027.8924  1027.8914    33.9157    33.9145    8.36416         24 0.0000e+00
    127.000    125.649    -1.3499  27.156121    -1.3473  27.156514     5.4858     5.5465    -0.0200    95.5495 1.0000e-12  -74.17536 -113.34424  27.336125      90.56 6.1697e+01    147.208       3534  1027.8980  1027.8959    33.9165    33.9141    8.36483         24 0.0000e+00
    128.000    126.635    -1.3515  27.155544    -1.3483  27.156390     5.4929     5.5598    -0.0180    95.5006 1.0000e-12  -74.17536 -113.34424  27.336137      99.33 6.1701e+01    148.210       3558  1027.9031  1027.9009    33.9169    33.9144    8.36516         25 0.0000e+00
    129.000    127.625    -1.3507  27.156541    -1.3496  27.155970     5.5096     5.5721    -0.0184    95.5432 1.0000e-12  -74.17536 -113.34424  27.336149      99.87 6.1701e+01    149.234       3583  1027.9077  1027.9061    33.9167    33.9147    8.36499         24 0.0000e+00
    130.000    128.613    -1.3582  27.152008    -1.3573  27.151777     5.5170     5.5914    -0.0221    95.5463 1.0000e-12  -74.17536 -113.34424  27.336160      99.87 6.1701e+01    150.232       3607  1027.9143  1027.9132    33.9184    33.9171    8.36658         24 0.0000e+00
    131.000    129.603    -1.3626  27.150578    -1.3613  27.150071     5.5195     5.5865    -0.0178    95.5516 1.0000e-12  -74.17536 -113.34424  27.336172      99.86 6.2439e+01    151.234       3631  1027.9212  1027.9194    33.9207    33.9186    8.36742         24 0.0000e+00
    132.000    130.592    -1.3622  27.151620    -1.3607  27.151494     5.5131     5.5852    -0.0073    95.5615 1.0000e-12  -74.17536 -113.34424  27.336184      99.87 6.2122e+01    152.257       3655  1027.9263  1027.9247    33.9212    33.9193    8.36732         25 0.0000e+00
    133.000    131.582    -1.3475  27.169011    -1.3439  27.170022     5.5008     5.5746    -0.0089    95.5634 1.0000e-12  -74.17536 -113.34424  27.336195      99.86 6.2142e+01    153.266       3679  1027.9354  1027.9331    33.9278    33.9251    8.36363         24 0.0000e+00
    134.000    132.570    -1.3344  27.181306    -1.3311  27.182583     5.4999     5.5726    -0.0150    95.5516 1.0000e-12  -74.17536 -113.34424  27.336207      99.86 6.2215e+01    154.267       3703  1027.9406  1027.9388    33.9292    33.9272    8.36060         24 0.0000e+00
    135.000    133.560    -1.3296  27.186029    -1.3331  27.181370     5.4978     5.5725    -0.0147    95.5310 1.0000e-12  -74.17536 -113.34424  27.336219      99.86 6.2363e+01    155.280       3728  1027.9455  1027.9438    33.9296    33.9272    8.35951         24 0.0000e+00
    136.000    134.547    -1.3349  27.181661    -1.3317  27.183185     5.4904     5.5670    -0.0150    95.5648 1.0000e-12  -74.17536 -113.34424  27.336230      99.86 6.1917e+01    156.281       3752  1027.9503  1027.9487    33.9290    33.9274    8.36074         24 0.0000e+00
    137.000    135.539    -1.3349  27.182107    -1.3353  27.180244     5.4818     5.5620    -0.0214    95.5837 1.0000e-12  -74.17536 -113.34424  27.336241      99.86 6.1995e+01    157.267       3775  1027.9550  1027.9533    33.9290    33.9269    8.36073         24 0.0000e+00
    138.000    136.525    -1.3279  27.189330    -1.3312  27.184443     5.4765     5.5515    -0.0105    95.5763 1.0000e-12  -74.17536 -113.34424  27.336253      99.86 6.2948e+01    158.269       3799  1027.9605  1027.9583    33.9304    33.9273    8.35909         24 0.0000e+00
    139.000    137.515    -1.3237  27.192939    -1.3242  27.191154     5.4780     5.5577    -0.0077    95.5666 1.0000e-12  -74.17536 -113.34424  27.336265      99.86 6.1913e+01    159.279       3824  1027.9647  1027.9632    33.9299    33.9280    8.35817         24 0.0000e+00
    140.000    138.505    -1.3237  27.194215    -1.3212  27.194554     5.4414     5.5208    -0.0074    95.5860 1.0000e-12  -74.17536 -113.34424  27.336276      98.43 6.1701e+01    160.271       3848  1027.9704  1027.9684    33.9310    33.9287    8.35809         24 0.0000e+00
    141.000    139.492    -1.3089  27.208769    -1.3071  27.208895     5.3951     5.4814    -0.0117    95.5842 1.0000e-12  -74.17536 -113.34424  27.336288      99.82 6.2678e+01    161.281       3872  1027.9765  1027.9749    33.9336    33.9317    8.35463         25 0.0000e+00
    142.000    140.482    -1.2775  27.239882    -1.2733  27.240622     5.3702     5.4590    -0.0184    95.5867 1.0000e-12  -74.17536 -113.34424  27.336299      99.86 6.1868e+01    162.275       3896  1027.9846  1027.9813    33.9401    33.9364    8.34722         23 0.0000e+00
    143.000    141.472    -1.2358  27.276698    -1.2326  27.277548     5.3373     5.4260    -0.0224    95.5857 1.0000e-12  -74.17536 -113.34424  27.336311      99.87 6.1700e+01    163.255       3919  1027.9891  1027.9869    33.9428    33.9403    8.33777         23 0.0000e+00
    144.000    142.459    -1.2498  27.265045    -1.2431  27.269146     5.2987     5.3858    -0.0192    95.5780 1.0000e-12  -74.17536 -113.34424  27.336322      99.86 6.2824e+01    164.245       3943  1027.9945  1027.9924    33.9420    33.9400    8.34093         25 0.0000e+00
    145.000    143.450    -1.2162  27.296175    -1.2068  27.301589     5.2640     5.3459    -0.0093    95.5722 1.0000e-12  -74.17536 -113.34424  27.336334      99.86 6.1936e+01    165.245       3967  1028.0006  1027.9974    33.9460    33.9428    8.33321         23 0.0000e+00
    146.000    144.436    -1.1778  27.329466    -1.1799  27.325668     5.2370     5.3231    -0.0224    95.5698 1.0000e-12  -74.17536 -113.34426  27.336345      99.86 6.1848e+01    166.232       3991  1028.0043  1028.0023    33.9474    33.9447    8.32455         24 0.0000e+00
    147.000    145.428    -1.1710  27.336413    -1.1697  27.335257     5.2366     5.3213    -0.0224    95.5560 1.0000e-12  -74.17536 -113.34424  27.336357      99.86 6.2286e+01    167.222       4014  1028.0100  1028.0076    33.9487    33.9456    8.32298         24 0.0000e+00
    148.000    146.416    -1.1582  27.348081    -1.1588  27.345626     5.2351     5.3134    -0.0224    95.5516 1.0000e-12  -74.17536 -113.34426  27.336368      99.86 6.1847e+01    168.231       4039  1028.0151  1028.0130    33.9495    33.9468    8.32008         24 0.0000e+00
    149.000    147.404    -1.1593  27.347299    -1.1613  27.343647     5.2262     5.3068    -0.0166    95.5577 1.0000e-12  -74.17536 -113.34424  27.336380      99.87 6.2162e+01    169.210       4062  1028.0200  1028.0179    33.9491    33.9463    8.32035         23 0.0000e+00
    150.000    148.393    -1.1535  27.353522    -1.1520  27.352958     5.2299     5.3113    -0.0098    95.5430 1.0000e-12  -74.17536 -113.34426  27.336391      99.86 6.2142e+01    170.189       4086  1028.0258  1028.0237    33.9504    33.9479    8.31899         24 0.0000e+00
    151.000    149.382    -1.1473  27.360386    -1.1465  27.359200     5.2331     5.3073    -0.0156    95.5388 1.0000e-12  -74.17536 -113.34424  27.336403      99.86 6.1922e+01    171.183       4109  1028.0319  1028.0298    33.9521    33.9496    8.31750         24 0.0000e+00
    152.000    150.372    -1.1475  27.361170    -1.1459  27.360802     5.2416     5.3046    -0.0189    95.5285 1.0000e-12  -74.17536 -113.34426  27.336414      99.86 6.2162e+01    172.171       4133  1028.0375  1028.0356    33.9529    33.9505    8.31752         23 0.0000e+00
    153.000    151.360    -1.1461  27.363090    -1.1437  27.363275     5.2318     5.3040    -0.0144    95.5215 1.0000e-12  -74.17536 -113.34424  27.336425      90.10 6.1921e+01    173.149       4157  1028.0428  1028.0407    33.9532    33.9508    8.31717         24 0.0000e+00
    154.000    152.349    -1.1421  27.367187    -1.1400  27.367265     5.2281     5.2963    -0.0126    95.5075 1.0000e-12  -74.17536 -113.34426  27.336437      99.91 6.2290e+01    174.151       4181  1028.0479  1028.0459    33.9537    33.9514    8.31625         24 0.0000e+00
    155.000    153.339    -1.1360  27.373277    -1.1337  27.373467     5.2223     5.2972    -0.0076    95.4903 1.0000e-12  -74.17536 -113.34424  27.336448      99.86 6.2081e+01    175.139       4204  1028.0532  1028.0512    33.9545    33.9522    8.31486         23 0.0000e+00
    156.000    154.326    -1.1330  27.376890    -1.1316  27.376295     5.2204     5.2970    -0.0148    95.4937 1.0000e-12  -74.17536 -113.34426  27.336460      99.87 6.2068e+01    176.124       4228  1028.0587  1028.0566    33.9554    33.9530    8.31414         24 0.0000e+00
    157.000    155.316    -1.1309  27.379267    -1.1294  27.378982     5.2178     5.2875    -0.0147    95.4843 1.0000e-12  -74.17536 -113.34424  27.336471      99.86 6.2475e+01    177.120       4252  1028.0637  1028.0620    33.9557    33.9536    8.31366         25 0.0000e+00
    158.000    156.307    -1.1304  27.380702    -1.1287  27.380440     5.2073     5.2775    -0.0210    95.4914 1.0000e-12  -74.17536 -113.34426  27.336483      99.86 6.1719e+01    178.102       4275  1028.0692  1028.0674    33.9564    33.9542    8.31349         23 0.0000e+00
    159.000    157.293    -1.1185  27.392413    -1.1165  27.392322     5.1997     5.2721    -0.0224    95.3819 1.0000e-12  -74.17536 -113.34424  27.336494      99.86 6.1929e+01    179.074       4299  1028.0749  1028.0729    33.9583    33.9559    8.31074         23 0.0000e+00
    160.000    158.283    -1.1135  27.397094    -1.1122  27.396413     5.1874     5.2559    -0.0111    95.4377 1.0000e-12  -74.17536 -113.34426  27.336505      99.86 6.2288e+01    180.060       4322  1028.0797  1028.0778    33.9585    33.9561    8.30963         24 0.0000e+00
    161.000    159.272    -1.1058  27.405599    -1.1036  27.405451     5.1845     5.2445    -0.0115    95.4726 1.0000e-12  -74.17536 -113.34424  27.336517      99.86 6.1701e+01    181.041       4346  1028.0859  1028.0836    33.9607    33.9580    8.30778         23 0.0000e+00
    162.000    160.260    -1.0975  27.413858    -1.0944  27.414546     5.1835     5.2470    -0.0111    95.4775 1.0000e-12  -74.17536 -113.34425  27.336528      99.86 6.2065e+01    182.012       4369  1028.0913  1028.0892    33.9620    33.9595    8.30587         24 0.0000e+00
    163.000    161.249    -1.0950  27.416418    -1.0931  27.416421     5.1733     5.2428    -0.0096    95.4759 1.0000e-12  -74.17536 -113.34425  27.336539      99.87 6.2465e+01    182.994       4393  1028.0963  1028.0943    33.9621    33.9599    8.30532         23 0.0000e+00
    164.000    162.239    -1.0954  27.416504    -1.0938  27.415921     5.1699     5.2373    -0.0123    95.4668 1.0000e-12  -74.17536 -113.34425  27.336551      99.86 6.2142e+01    183.979       4416  1028.1011  1028.0990    33.9620    33.9594    8.30540         24 0.0000e+00
    165.000    163.227    -1.0900  27.422030    -1.0884  27.421520     5.1804     5.2496    -0.0071    95.4513 1.0000e-12  -74.17536 -113.34425  27.336562      99.86 6.2238e+01    184.959       4440  1028.1064  1028.1043    33.9629    33.9604    8.30416         23 0.0000e+00
    166.000    164.216    -1.0840  27.428271    -1.0819  27.428445     5.1846     5.2548    -0.0218    95.4637 1.0000e-12  -74.17536 -113.34425  27.336573      97.96 6.2068e+01    185.942       4464  1028.1118  1028.1100    33.9639    33.9618    8.30276         24 0.0000e+00
    167.000    165.206    -1.0841  27.428730    -1.0810  27.429825     5.1645     5.2116    -0.0149    95.4715 1.0000e-12  -74.17536 -113.34425  27.336585      96.06 6.1852e+01    186.925       4487  1028.1169  1028.1150    33.9641    33.9621    8.30279         23 0.0000e+00
    168.000    166.194    -1.0763  27.436977    -1.0750  27.436120     5.2112     5.2508    -0.0144    95.4454 1.0000e-12  -74.17536 -113.34425  27.336596      99.85 6.1701e+01    187.893       4510  1028.1227  1028.1205    33.9659    33.9632    8.30095         24 0.0000e+00
    169.000    167.182    -1.0695  27.443798    -1.0678  27.443406     5.3278     5.3626    -0.0204    95.4169 1.0000e-12  -74.17536 -113.34425  27.336607      99.86 6.1701e+01    188.866       4534  1028.1280  1028.1259    33.9669    33.9645    8.29938         23 0.0000e+00
    170.000    168.172    -1.0938  27.422042    -1.0949  27.421881     5.4443     5.4667    -0.0178    95.4068 1.0000e-12  -74.17536 -113.34425  27.336619      99.86 6.1701e+01    189.852       4557  1028.1323  1028.1332    33.9641    33.9651    8.30495         24 0.0000e+00
    171.000    169.160    -1.2148  27.322961    -1.2162  27.321050     5.5268     5.5512    -0.0096    95.4579 1.0000e-12  -74.17536 -113.34425  27.336630      99.86 6.1701e+01    190.832       4581  1028.1459  1028.1451    33.9650    33.9639    8.33177         23 0.0000e+00
    172.000    170.148    -1.2349  27.305404    -1.2329  27.306495     5.6014     5.6308    -0.0114    95.4027 1.0000e-12  -74.17536 -113.34425  27.336641      99.87 6.2340e+01    191.809       4604  1028.1501  1028.1493    33.9630    33.9622    8.33636         24 0.0000e+00
    173.000    171.139    -1.2780  27.269057    -1.2789  27.267976     5.6255     5.6657    -0.0183    95.4650 1.0000e-12  -74.17536 -113.34425  27.336653      99.86 6.2237e+01    192.795       4628  1028.1560  1028.1557    33.9615    33.9610    8.34608         23 0.0000e+00
    174.000    172.126    -1.3037  27.248385    -1.3059  27.245695     5.6238     5.6662    -0.0082    95.4851 1.0000e-12  -74.17536 -113.34425  27.336664      99.86 6.1928e+01    193.760       4651  1028.1621  1028.1613    33.9616    33.9604    8.35181         23 0.0000e+00
    175.000    173.115    -1.3171  27.240068    -1.3132  27.242075     5.6371     5.6892    -0.0150    95.5054 1.0000e-12  -74.17536 -113.34425  27.336675      99.86 6.2506e+01    194.724       4674  1028.1697  1028.1682    33.9647    33.9631    8.35462         24 0.0000e+00
    176.000    174.106    -1.2957  27.260140    -1.2923  27.260903     5.6270     5.7023    -0.0150    95.5150 1.0000e-12  -74.17536 -113.34425  27.336686      99.87 6.2242e+01    195.694       4698  1028.1748  1028.1724    33.9674    33.9646    8.34968         23 0.0000e+00
    177.000    175.093    -1.3125  27.247696    -1.3127  27.247101     5.5519     5.6444    -0.0150    95.5174 1.0000e-12  -74.17536 -113.34425  27.336697      99.86 6.1779e+01    196.664       4721  1028.1814  1028.1810    33.9688    33.9682    8.35336         23 0.0000e+00
    178.000    176.081    -1.2865  27.278007    -1.2873  27.273844     5.4063     5.5086    -0.0205    95.5395 1.0000e-12  -74.17536 -113.34425  27.336709      99.86 6.2282e+01    197.633       4744  1028.1934  1028.1896    33.9803    33.9754    8.34687         24 0.0000e+00
    179.000    177.071    -1.1908  27.362144    -1.1872  27.362389     5.2700     5.3847    -0.0126    95.5520 1.0000e-12  -74.17536 -113.34425  27.336720      93.15 6.2238e+01    198.617       4768  1028.1966  1028.1934    33.9864    33.9827    8.32515         23 0.0000e+00
    180.000    178.060    -1.1076  27.439085    -1.1015  27.439170     5.2034     5.3133    -0.0038    95.5825 1.0000e-12  -74.17536 -113.34425  27.336731      96.96 6.1929e+01    199.588       4791  1028.2042  1028.1983    33.9967    33.9899    8.30607         23 0.0000e+00
    181.000    179.047    -1.0426  27.494158    -1.0408  27.493786     5.1917     5.2956    -0.0055    95.5846 1.0000e-12  -74.17536 -113.34425  27.336742      99.89 6.2318e+01    200.551       4814  1028.2059  1028.2037    33.9977    33.9952    8.29162         23 0.0000e+00
    182.000    180.038    -1.0446  27.493993    -1.0436  27.492826     5.2061     5.3033    -0.0169    95.5806 1.0000e-12  -74.17536 -113.34424  27.336754      99.86 6.2141e+01    201.523       4838  1028.2125  1028.2103    33.9991    33.9965    8.29198         24 0.0000e+00
