ocean_section_plots/required_files/ctd/dnbp2202_ctd108.cnv
* Sea-Bird SBE 9 Data File:
* FileName = D:\Data\raw\NBP2202_CTD108.hex
* Software Version Seasave V 7.26.7.121
* Temperature SN = 1649
* Conductivity SN = 2513
* Number of Bytes Per Scan = 40
* Number of Voltage Words = 5
* Number of Scans Averaged by the Deck Unit = 1
* NMEA Latitude = 74 10.52 S
* NMEA Longitude = 113 20.65 W
* NMEA UTC (Time) = Jan 27 2022  06:03:35
* NMEA baud rate = 9600
** Ship: RVIB N.B. Palmer
** Cruise: NBP2202 Thwaites
** Station: YoYo001
** Operator: B. Bjork
# nquan = 25
# nvalues = 608                         
# units = specified
# name 0 = prDM: Pressure, Digiquartz [db]
# name 1 = depSM: Depth [salt water, m]
# name 2 = t090C: Temperature [ITS-90, deg C]
# name 3 = c0mS/cm: Conductivity [mS/cm]
# name 4 = t190C: Temperature, 2 [ITS-90, deg C]
# name 5 = c1mS/cm: Conductivity, 2 [mS/cm]
# name 6 = sbeox0ML/L: Oxygen, SBE 43 [ml/l]
# name 7 = sbeox1ML/L: Oxygen, SBE 43, 2 [ml/l]
# name 8 = flECO-AFL: Fluorescence, WET Labs ECO-AFL/FL [mg/m^3]
# name 9 = CStarTr0: Beam Transmission, WET Labs C-Star [%]
# name 10 = par: PAR/Irradiance, Biospherical/Licor
# name 11 = latitude: Latitude [deg]
# name 12 = longitude: Longitude [deg]
# name 13 = timeJ: Julian Days
# name 14 = altM: Altimeter [m]
# name 15 = spar: SPAR, Biospherical/Licor
# name 16 = timeS: Time, Elapsed [seconds]
# name 17 = scan: Scan Count
# name 18 = density00: Density [density, kg/m^3]
# name 19 = density11: Density, 2 [density, kg/m^3]
# name 20 = sal00: Salinity, Practical [PSU]
# name 21 = sal11: Salinity, Practical, 2 [PSU]
# name 22 = oxsolML/L: Oxygen Saturation, Garcia & Gordon [ml/l]
# name 23 = nbin: number of scans per bin
# name 24 = flag: flag
# span 0 =     10.000,    617.000       
# span 1 =      9.898,    609.708       
# span 2 =    -1.4693,     0.1194       
# span 3 =  26.967623,  28.955683       
# span 4 =    -1.4677,     0.1225       
# span 5 =  26.967400,  28.956798       
# span 6 =     4.6878,     8.4632       
# span 7 =     4.7498,     8.3870       
# span 8 =    -0.0224,    27.7085       
# span 9 =    70.5113,    95.6192       
# span 10 = 1.0000e-12, 1.6605e+00      
# span 11 =  -74.17536,  -74.17536      
# span 12 = -113.34424, -113.34422      
# span 13 =  27.252948,  27.261110      
# span 14 =       7.67,     100.20      
# span 15 = 8.2855e+01, 9.2813e+01      
# span 16 =     39.700,    744.924      
# span 17 =        954,      17879      
# span 18 =  1027.2279,  1030.5264      
# span 19 =  1027.2265,  1030.5242      
# span 20 =    33.7953,    34.3881      
# span 21 =    33.7936,    34.3859      
# span 22 =    8.01954,    8.39762      
# span 23 =         21,         47      
# span 24 = 0.0000e+00, 0.0000e+00      
# interval = decibars: 1                
# start_time = Jan 27 2022 06:03:35 [NMEA time, header]
# bad_flag = -9.990e-29
*END*
[from data line 406]
    416.000    411.281    -0.1948  28.518198    -0.1932  28.517629     4.8006     4.8704    -0.0150    95.3190 1.0000e-12  -74.17536 -113.34424  27.258326      99.86 8.6381e+01    504.323      12105  1029.5111  1029.5089    34.2790    34.2765    8.09184         23 0.0000e+00
    417.000    412.268    -0.1964  28.517614    -0.1941  28.517322     4.7974     4.8729    -0.0153    95.3203 1.0000e-12  -74.17536 -113.34424  27.258337      99.87 8.6381e+01    505.298      12128  1029.5163  1029.5139    34.2794    34.2765    8.09214         23 0.0000e+00
    418.000    413.256    -0.1963  28.518196    -0.1943  28.517815     4.7958     4.8596    -0.0095    95.3432 1.0000e-12  -74.17536 -113.34424  27.258348      99.87 8.6381e+01    506.270      12151  1029.5212  1029.5189    34.2795    34.2768    8.09213         23 0.0000e+00
    419.000    414.243    -0.1966  28.518839    -0.1944  28.518505     4.7952     4.8584    -0.0049    95.3499 1.0000e-12  -74.17536 -113.34424  27.258359      99.87 8.6381e+01    507.235      12175  1029.5265  1029.5240    34.2801    34.2772    8.09216         24 0.0000e+00
    420.000    415.232    -0.1933  28.523588    -0.1912  28.522965     4.7854     4.8511    -0.0175    95.3439 1.0000e-12  -74.17536 -113.34424  27.258370      99.87 8.6381e+01    508.202      12198  1029.5325  1029.5299    34.2820    34.2790    8.09134         23 0.0000e+00
    421.000    416.219    -0.1853  28.531857    -0.1831  28.531527     4.7871     4.8543    -0.0102    95.3326 1.0000e-12  -74.17536 -113.34424  27.258382      99.87 8.6765e+01    509.168      12221  1029.5377  1029.5353    34.2835    34.2806    8.08956         23 0.0000e+00
    422.000    417.208    -0.1812  28.536891    -0.1792  28.536341     4.7838     4.8538    -0.0106    95.3360 1.0000e-12  -74.17536 -113.34424  27.258393      99.87 8.6687e+01    510.135      12244  1029.5435  1029.5410    34.2851    34.2821    8.08862         23 0.0000e+00
    423.000    418.194    -0.1757  28.543484    -0.1734  28.543338     4.7797     4.8492    -0.0148    95.3053 1.0000e-12  -74.17536 -113.34424  27.258404      99.87 8.6921e+01    511.099      12267  1029.5493  1029.5470    34.2870    34.2842    8.08733         23 0.0000e+00
    424.000    419.182    -0.1737  28.545937    -0.1715  28.545805     4.7809     4.8529    -0.0132    95.2780 1.0000e-12  -74.17536 -113.34424  27.258415      99.86 8.7189e+01    512.062      12290  1029.5543  1029.5520    34.2874    34.2847    8.08688         24 0.0000e+00
    425.000    420.170    -0.1732  28.546909    -0.1711  28.546619     4.7763     4.8547    -0.0109    95.2468 1.0000e-12  -74.17536 -113.34424  27.258426      88.38 8.6391e+01    513.029      12314  1029.5592  1029.5568    34.2876    34.2848    8.08677         23 0.0000e+00
    426.000    421.157    -0.1712  28.549222    -0.1690  28.548946     4.7730     4.8474    -0.0106    95.1893 1.0000e-12  -74.17536 -113.34424  27.258437      94.12 8.6381e+01    514.000      12337  1029.5641  1029.5616    34.2878    34.2850    8.08634         23 0.0000e+00
    427.000    422.145    -0.1676  28.553251    -0.1663  28.552066     4.7766     4.8430    -0.0117    95.1642 1.0000e-12  -74.17536 -113.34424  27.258449      98.79 8.6381e+01    514.981      12361  1029.5691  1029.5666    34.2885    34.2855    8.08553         24 0.0000e+00
    428.000    423.132    -0.1663  28.555072    -0.1638  28.554985     4.7724     4.8471    -0.0182    95.1557 1.0000e-12  -74.17536 -113.34424  27.258460      99.87 8.6381e+01    515.962      12384  1029.5741  1029.5716    34.2889    34.2860    8.08524         23 0.0000e+00
    429.000    424.120    -0.1625  28.559654    -0.1599  28.559608     4.7689     4.8407    -0.0178    95.1578 1.0000e-12  -74.17536 -113.34424  27.258471      99.87 8.6381e+01    516.928      12407  1029.5795  1029.5770    34.2901    34.2872    8.08436         24 0.0000e+00
    430.000    425.108    -0.1541  28.568781    -0.1518  28.568618     4.7696     4.8399    -0.0174    95.1593 1.0000e-12  -74.17536 -113.34424  27.258482      99.87 8.6381e+01    517.886      12430  1029.5853  1029.5829    34.2923    34.2894    8.08246         22 0.0000e+00
    431.000    426.096    -0.1512  28.572274    -0.1497  28.571378     4.7711     4.8442    -0.0111    95.1750 1.0000e-12  -74.17536 -113.34424  27.258494      99.87 8.6381e+01    518.848      12453  1029.5904  1029.5881    34.2930    34.2902    8.08180         23 0.0000e+00
    432.000    427.083    -0.1519  28.572211    -0.1497  28.572069     4.7711     4.8422    -0.0109    95.1884 1.0000e-12  -74.17536 -113.34424  27.258505      99.87 8.6381e+01    519.808      12476  1029.5955  1029.5931    34.2932    34.2904    8.08195         23 0.0000e+00
    433.000    428.069    -0.1511  28.573343    -0.1493  28.572919     4.7739     4.8377    -0.0114    95.1933 1.0000e-12  -74.17536 -113.34424  27.258516      99.87 8.6381e+01    520.782      12500  1029.6001  1029.5979    34.2931    34.2905    8.08177         24 0.0000e+00
    434.000    429.059    -0.1502  28.574870    -0.1483  28.574325     4.7718     4.8357    -0.0114    95.2145 1.0000e-12  -74.17536 -113.34424  27.258527      99.87 8.6381e+01    521.764      12523  1029.6052  1029.6028    34.2936    34.2907    8.08156         24 0.0000e+00
    435.000    430.047    -0.1497  28.576069    -0.1471  28.576162     4.7723     4.8435    -0.0099    95.2428 1.0000e-12  -74.17536 -113.34424  27.258539      99.86 8.6381e+01    522.739      12547  1029.6103  1029.6078    34.2940    34.2912    8.08142         23 0.0000e+00
    436.000    431.033    -0.1449  28.581565    -0.1421  28.581877     4.7770     4.8443    -0.0096    95.2431 1.0000e-12  -74.17536 -113.34424  27.258550      99.87 8.6381e+01    523.711      12570  1029.6157  1029.6134    34.2953    34.2926    8.08033         23 0.0000e+00
    437.000    432.021    -0.1446  28.582518    -0.1426  28.582157     4.7813     4.8448    -0.0101    95.2490 1.0000e-12  -74.17536 -113.34424  27.258561      99.87 8.6381e+01    524.683      12593  1029.6208  1029.6185    34.2957    34.2930    8.08026         24 0.0000e+00
    438.000    433.008    -0.1452  28.582823    -0.1433  28.582127     4.7786     4.8449    -0.0087    95.2728 1.0000e-12  -74.17536 -113.34424  27.258572      74.55 8.6381e+01    525.646      12617  1029.6260  1029.6234    34.2961    34.2931    8.08035         23 0.0000e+00
    439.000    433.996    -0.1436  28.584656    -0.1421  28.583779     4.7796     4.8430    -0.0118    95.2788 1.0000e-12  -74.17536 -113.34424  27.258583      88.46 8.6381e+01    526.607      12640  1029.6307  1029.6283    34.2962    34.2934    8.08002         23 0.0000e+00
    440.000    434.983    -0.1448  28.583781    -0.1423  28.584022     4.7811     4.8451    -0.0109    95.2723 1.0000e-12  -74.17536 -113.34424  27.258595      99.52 8.6381e+01    527.573      12663  1029.6352  1029.6331    34.2957    34.2933    8.08029         23 0.0000e+00
    441.000    435.973    -0.1440  28.586050    -0.1403  28.587127     4.7811     4.8460    -0.0109    95.2866 1.0000e-12  -74.17536 -113.34424  27.258606      99.87 8.6381e+01    528.535      12686  1029.6411  1029.6387    34.2973    34.2946    8.08003         23 0.0000e+00
    442.000    436.958    -0.1448  28.586120    -0.1431  28.585599     4.7715     4.8441    -0.0122    95.2739 1.0000e-12  -74.17536 -113.34424  27.258617      99.86 8.6381e+01    529.506      12709  1029.6463  1029.6441    34.2977    34.2951    8.08018         24 0.0000e+00
    443.000    437.947    -0.1385  28.593103    -0.1375  28.591594     4.7672     4.8442    -0.0131    95.2611 1.0000e-12  -74.17536 -113.34424  27.258628      99.87 8.6381e+01    530.492      12733  1029.6518  1029.6493    34.2993    34.2962    8.07876         23 0.0000e+00
    444.000    438.932    -0.1298  28.602133    -0.1264  28.602881     4.7706     4.8452    -0.0151    95.2462 1.0000e-12  -74.17536 -113.34424  27.258640      99.87 8.6381e+01    531.471      12756  1029.6571  1029.6546    34.3009    34.2981    8.07682         23 0.0000e+00
    445.000    439.920    -0.1307  28.602551    -0.1286  28.602437     4.7671     4.8341    -0.0034    95.2480 1.0000e-12  -74.17536 -113.34424  27.258651      99.86 8.6381e+01    532.439      12780  1029.6627  1029.6606    34.3019    34.2994    8.07696         24 0.0000e+00
    446.000    440.911    -0.1274  28.607022    -0.1249  28.606984     4.7663     4.8328    -0.0095    95.2762 1.0000e-12  -74.17536 -113.34424  27.258662      99.87 8.6381e+01    533.400      12803  1029.6685  1029.6661    34.3035    34.3007    8.07617         23 0.0000e+00
    447.000    441.895    -0.1204  28.614397    -0.1182  28.613935     4.7688     4.8377    -0.0107    95.2846 1.0000e-12  -74.17536 -113.34424  27.258673      99.87 8.6381e+01    534.361      12826  1029.6738  1029.6712    34.3048    34.3019    8.07461         22 0.0000e+00
    448.000    442.884    -0.1186  28.616792    -0.1165  28.616638     4.7693     4.8317    -0.0109    95.2673 1.0000e-12  -74.17536 -113.34424  27.258684      99.87 8.6381e+01    535.313      12849  1029.6789  1029.6767    34.3055    34.3029    8.07420         23 0.0000e+00
    449.000    443.872    -0.1220  28.614408    -0.1184  28.615312     4.7666     4.8280    -0.0040    95.2737 1.0000e-12  -74.17536 -113.34424  27.258695      99.86 8.6381e+01    536.274      12872  1029.6841  1029.6815    34.3055    34.3027    8.07492         24 0.0000e+00
    450.000    444.859    -0.1229  28.614125    -0.1209  28.613762     4.7662     4.8346    -0.0058    95.2878 1.0000e-12  -74.17536 -113.34424  27.258707      99.87 8.6381e+01    537.245      12895  1029.6889  1029.6866    34.3055    34.3028    8.07510         23 0.0000e+00
    451.000    445.846    -0.1223  28.616289    -0.1199  28.616109     4.7616     4.8367    -0.0097    95.2754 1.0000e-12  -74.17536 -113.34424  27.258718      99.86 8.6381e+01    538.220      12918  1029.6950  1029.6924    34.3072    34.3042    8.07489         23 0.0000e+00
    452.000    446.834    -0.1189  28.620017    -0.1167  28.619720     4.7615     4.8375    -0.0095    95.2640 1.0000e-12  -74.17536 -113.34424  27.258729      86.11 8.6381e+01    539.193      12942  1029.6999  1029.6975    34.3077    34.3049    8.07414         24 0.0000e+00
    453.000    447.821    -0.1168  28.622527    -0.1144  28.622476     4.7680     4.8374    -0.0121    95.2175 1.0000e-12  -74.17536 -113.34424  27.258740      98.97 8.6381e+01    540.163      12965  1029.7047  1029.7024    34.3081    34.3054    8.07367         23 0.0000e+00
    454.000    448.810    -0.1147  28.625007    -0.1130  28.624384     4.7680     4.8341    -0.0179    95.2319 1.0000e-12  -74.17536 -113.34424  27.258751      99.87 8.6381e+01    541.124      12988  1029.7096  1029.7073    34.3084    34.3057    8.07321         23 0.0000e+00
    455.000    449.796    -0.1125  28.628406    -0.1112  28.627295     4.7671     4.8298    -0.0090    95.2442 1.0000e-12  -74.17536 -113.34424  27.258763      99.87 8.6381e+01    542.085      13011  1029.7153  1029.7129    34.3099    34.3070    8.07266         23 0.0000e+00
    456.000    450.784    -0.1137  28.628149    -0.1114  28.628034     4.7640     4.8298    -0.0173    95.2183 1.0000e-12  -74.17536 -113.34424  27.258774      99.87 8.6381e+01    543.047      13034  1029.7205  1029.7182    34.3102    34.3075    8.07289         23 0.0000e+00
    457.000    451.771    -0.1134  28.628906    -0.1111  28.628749     4.7677     4.8293    -0.0114    95.2264 1.0000e-12  -74.17536 -113.34424  27.258785      99.86 8.6381e+01    544.019      13057  1029.7253  1029.7230    34.3104    34.3076    8.07282         23 0.0000e+00
    458.000    452.759    -0.1130  28.630467    -0.1108  28.630354     4.7658     4.8334    -0.0052    95.2417 1.0000e-12  -74.17536 -113.34424  27.258796      99.86 8.6381e+01    544.990      13081  1029.7309  1029.7287    34.3114    34.3088    8.07268         24 0.0000e+00
    459.000    453.746    -0.1120  28.632402    -0.1100  28.632009     4.7588     4.8309    -0.0103    95.1999 1.0000e-12  -74.17536 -113.34424  27.258808      99.86 8.6381e+01    545.972      13104  1029.7363  1029.7339    34.3123    34.3095    8.07243         23 0.0000e+00
    460.000    454.733    -0.1104  28.634590    -0.1082  28.634360     4.7594     4.8289    -0.0184    95.1276 1.0000e-12  -74.17536 -113.34424  27.258819      99.87 8.6381e+01    546.941      13128  1029.7413  1029.7389    34.3128    34.3100    8.07206         24 0.0000e+00
    461.000    455.722    -0.1094  28.636117    -0.1073  28.635856     4.7587     4.8243    -0.0134    95.1501 1.0000e-12  -74.17536 -113.34424  27.258830      99.86 8.6381e+01    547.915      13151  1029.7462  1029.7439    34.3131    34.3104    8.07183         23 0.0000e+00
    462.000    456.708    -0.1071  28.638843    -0.1053  28.638330     4.7606     4.8266    -0.0039    95.1423 1.0000e-12  -74.17536 -113.34424  27.258841      99.87 8.6381e+01    548.879      13174  1029.7511  1029.7488    34.3135    34.3108    8.07132         23 0.0000e+00
    463.000    457.696    -0.1045  28.642044    -0.1025  28.641632     4.7606     4.8281    -0.0157    95.1186 1.0000e-12  -74.17536 -113.34424  27.258852      99.87 8.6381e+01    549.840      13197  1029.7562  1029.7539    34.3143    34.3115    8.07073         23 0.0000e+00
    464.000    458.684    -0.1012  28.646125    -0.0988  28.646097     4.7596     4.8290    -0.0092    95.0689 1.0000e-12  -74.17536 -113.34424  27.258864      99.86 8.6381e+01    550.811      13220  1029.7616  1029.7592    34.3154    34.3127    8.06996         24 0.0000e+00
    465.000    459.671    -0.0972  28.650690    -0.0944  28.650742     4.7561     4.8301    -0.0093    95.0751 1.0000e-12  -74.17536 -113.34424  27.258875      75.48 8.6381e+01    551.783      13244  1029.7668  1029.7641    34.3164    34.3133    8.06907         23 0.0000e+00
    466.000    460.658    -0.0959  28.652375    -0.0934  28.652281     4.7621     4.8197    -0.0144    95.0661 1.0000e-12  -74.17536 -113.34424  27.258886      85.76 8.6381e+01    552.754      13267  1029.7716  1029.7691    34.3165    34.3136    8.06878         23 0.0000e+00
    467.000    461.644    -0.0978  28.651406    -0.0960  28.650927     4.7583     4.8218    -0.0137    95.0537 1.0000e-12  -74.17536 -113.34424  27.258897     100.07 8.6381e+01    553.723      13290  1029.7767  1029.7745    34.3168    34.3141    8.06916         23 0.0000e+00
    468.000    462.634    -0.0982  28.651493    -0.0953  28.652100     4.7542     4.8265    -0.0101    95.0581 1.0000e-12  -74.17536 -113.34424  27.258909      99.86 8.6381e+01    554.694      13314  1029.7815  1029.7793    34.3168    34.3143    8.06926         24 0.0000e+00
    469.000    463.621    -0.0962  28.654118    -0.0935  28.654394     4.7570     4.8273    -0.0106    95.0805 1.0000e-12  -74.17536 -113.34424  27.258920      99.87 8.6381e+01    555.658      13337  1029.7866  1029.7843    34.3174    34.3148    8.06879         23 0.0000e+00
    470.000    464.608    -0.0974  28.653309    -0.0942  28.654342     4.7646     4.8294    -0.0115    95.0841 1.0000e-12  -74.17536 -113.34424  27.258931      99.87 8.6381e+01    556.619      13360  1029.7913  1029.7892    34.3171    34.3148    8.06907         23 0.0000e+00
    471.000    465.595    -0.0999  28.651381    -0.0975  28.651512     4.7701     4.8277    -0.0179    95.0819 1.0000e-12  -74.17536 -113.34424  27.258942      99.87 8.6381e+01    557.578      13383  1029.7959  1029.7937    34.3167    34.3142    8.06961         23 0.0000e+00
    472.000    466.583    -0.1001  28.651848    -0.0978  28.651868     4.7771     4.8295    -0.0173    95.0607 1.0000e-12  -74.17536 -113.34424  27.258953      99.87 8.6381e+01    558.535      13406  1029.8009  1029.7987    34.3171    34.3144    8.06965         23 0.0000e+00
