ocean_section_plots/required_files/ctd/dnbp2202_ctd296.cnv
* Sea-Bird SBE 9 Data File:
* FileName = D:\Data\raw\NBP2202_CTD296.hex
* Software Version Seasave V 7.26.7.121
* Temperature SN = 1649
* Conductivity SN = 2513
* Number of Bytes Per Scan = 40
* Number of Voltage Words = 5
* Number of Scans Averaged by the Deck Unit = 1
* NMEA Latitude = 71 59.99 S
* NMEA Longitude = 119 23.94 W
* NMEA UTC (Time) = Feb 25 2022  00:29:03
* NMEA baud rate = 9600
** Ship: RVIB N.B. Palmer
** Cruise: NBP2202 Thwaites
** Station: 198
** Operator: A. Robinson
# nquan = 28
# nvalues = 1507                        
# units = specified
# name 0 = prDM: Pressure, Digiquartz [db]
# name 1 = depSM: Depth [salt water, m]
# name 2 = t090C: Temperature [ITS-90, deg C]
# name 3 = c0mS/cm: Conductivity [mS/cm]
# name 4 = t190C: Temperature, 2 [ITS-90, deg C]
# name 5 = c1mS/cm: Conductivity, 2 [mS/cm]
# name 6 = sbeox0ML/L: Oxygen, SBE 43 [ml/l]
# name 7 = sbeox1ML/L: Oxygen, SBE 43, 2 [ml/l]
# name 8 = flECO-AFL: Fluorescence, WET Labs ECO-AFL/FL [mg/m^3]
# name 9 = CStarTr0: Beam Transmission, WET Labs C-Star [%]
# name 10 = par: PAR/Irradiance, Biospherical/Licor
# name 11 = latitude: Latitude [deg]
# name 12 = longitude: Longitude [deg]
# name 13 = timeJ: Julian Days
# name 14 = altM: Altimeter [m]
# name 15 = spar: SPAR, Biospherical/Licor
# name 16 = timeS: Time, Elapsed [seconds]
# name 17 = scan: Scan Count
# name 18 = density00: Density [density, kg/m^3]
# name 19 = density11: Density, 2 [density, kg/m^3]
# name 20 = v3: Voltage 3
# name 21 = v4: Voltage 4
# name 22 = v5: Voltage 5
# name 23 = sal00: Salinity, Practical [PSU]
# name 24 = sal11: Salinity, Practical, 2 [PSU]
# name 25 = oxsolML/L: Oxygen Saturation, Garcia & Gordon [ml/l]
# name 26 = nbin: number of scans per bin
# name 27 = flag: flag
# span 0 =      2.000,   1508.000       
# span 1 =      1.976,   1487.182       
# span 2 =    -1.7086,     1.6642       
# span 3 =  26.686913,  30.439375       
# span 4 =    -1.7096,     1.6670       
# span 5 =  26.687954,  30.439965       
# span 6 =     4.1826,     8.9477       
# span 7 =     4.3233,     9.2592       
# span 8 =    -0.0154,    11.7274       
# span 9 =    83.0114,    99.8725       
# span 10 = 1.0000e-12, 6.4802e+02      
# span 11 =  -72.00000,  -71.99998      
# span 12 = -119.39900, -119.39896      
# span 13 =  56.023367,  56.043399      
# span 14 =       9.56,     125.77      
# span 15 = 1.1341e+03, 1.3099e+03      
# span 16 =    275.886,   2006.716      
# span 17 =       6622,      48162      
# span 18 =  1026.3985,  1034.8837      
# span 19 =  1026.4027,  1034.8822      
# span 20 =     3.9379,     4.7377      
# span 21 =     0.0634,     1.8552      
# span 22 =     0.1041,     0.2839      
# span 23 =    32.8146,    34.7293      
# span 24 =    32.8192,    34.7277      
# span 25 =    7.69037,    8.43554      
# span 26 =          6,         49      
# span 27 = 0.0000e+00, 0.0000e+00      
# interval = decibars: 1                
# start_time = Feb 25 2022 00:29:03 [NMEA time, header]
# bad_flag = -9.990e-29
*END*
[from data line 881]
    883.000    872.102     1.0656  30.140289     1.0679  30.141113     4.5194     4.6470    -0.0100    99.8143 1.0000e-12  -71.99998 -119.39897  56.034520      99.75 1.2596e+03   1239.554      29750  1031.9588  1031.9574     4.7350     0.0673     0.1070    34.7211    34.7197    7.80795         25 0.0000e+00
    884.000    873.089     1.0652  30.140296     1.0675  30.141191     4.5254     4.6476    -0.0124    99.8130 1.0000e-12  -71.99998 -119.39896  56.034532      99.77 1.2619e+03   1240.533      29774  1031.9635  1031.9622     4.7349     0.0689     0.1070    34.7211    34.7197    7.80805         22 0.0000e+00
    885.000    874.076     1.0642  30.139914     1.0665  30.140822     4.5243     4.6455    -0.0121    99.7929 1.0000e-12  -71.99998 -119.39898  56.034542      99.76 1.2582e+03   1241.459      29796  1031.9682  1031.9669     4.7340     0.0698     0.1068    34.7211    34.7197    7.80824         23 0.0000e+00
    886.000    875.059     1.0638  30.139985     1.0660  30.140867     4.5175     4.6508    -0.0077    99.8151 1.0000e-12  -71.99998 -119.39896  56.034553      99.76 1.2580e+03   1242.366      29818  1031.9729  1031.9716     4.7350     0.0708     0.1067    34.7212    34.7198    7.80832         21 0.0000e+00
    887.000    876.047     1.0629  30.139727     1.0652  30.140535     4.5216     4.6562    -0.0089    99.8004 1.0000e-12  -71.99998 -119.39898  56.034564      99.76 1.2596e+03   1243.304      29840  1031.9776  1031.9763     4.7343     0.0701     0.1070    34.7212    34.7197    7.80849         24 0.0000e+00
    888.000    877.031     1.0614  30.138774     1.0636  30.139667     4.5275     4.6502    -0.0146    99.8182 1.0000e-12  -71.99998 -119.39896  56.034576      99.76 1.2589e+03   1244.322      29865  1031.9824  1031.9812     4.7351     0.0691     0.1061    34.7211    34.7198    7.80881         25 0.0000e+00
    889.000    878.018     1.0603  30.138323     1.0626  30.139255     4.5230     4.6529    -0.0076    99.8101 1.0000e-12  -71.99998 -119.39898  56.034588      99.76 1.2595e+03   1245.384      29890  1031.9872  1031.9858     4.7347     0.0685     0.1069    34.7212    34.7198    7.80901         25 0.0000e+00
    890.000    879.002     1.0599  30.138259     1.0622  30.139336     4.5243     4.6572    -0.0154    99.8164 1.0000e-12  -71.99998 -119.39896  56.034600      99.76 1.2601e+03   1246.427      29915  1031.9918  1031.9906     4.7351     0.0702     0.1065    34.7210    34.7199    7.80911         25 0.0000e+00
    891.000    879.988     1.0588  30.137784     1.0610  30.138643     4.5240     4.6539    -0.0083    99.8110 1.0000e-12  -71.99998 -119.39898  56.034612      99.76 1.2573e+03   1247.446      29940  1031.9965  1031.9952     4.7348     0.0700     0.1060    34.7210    34.7197    7.80932         24 0.0000e+00
    892.000    880.974     1.0585  30.138018     1.0606  30.138815     4.5236     4.6548    -0.0015    99.8284 1.0000e-12  -71.99998 -119.39896  56.034623      80.47 1.2587e+03   1248.452      29964  1032.0012  1031.9999     4.7357     0.0687     0.1092    34.7211    34.7198    7.80938         24 0.0000e+00
    893.000    881.960     1.0574  30.137408     1.0594  30.138132     4.5249     4.6535    -0.0060    99.8029 1.0000e-12  -71.99998 -119.39898  56.034635      83.31 1.2617e+03   1249.459      29988  1032.0059  1032.0046     4.7345     0.0688     0.1070    34.7210    34.7197    7.80960         25 0.0000e+00
    894.000    882.945     1.0562  30.136733     1.0584  30.137671     4.5245     4.6580    -0.0005    99.7993 1.0000e-12  -71.99998 -119.39896  56.034647      99.32 1.2573e+03   1250.466      30012  1032.0106  1032.0094     4.7343     0.0714     0.1072    34.7209    34.7197    7.80985         24 0.0000e+00
    895.000    883.929     1.0551  30.136329     1.0573  30.137113     4.5231     4.6575    -0.0004    99.8087 1.0000e-12  -71.99998 -119.39898  56.034658      99.76 1.2566e+03   1251.467      30036  1032.0154  1032.0141     4.7347     0.0723     0.1084    34.7210    34.7197    7.81006         23 0.0000e+00
    896.000    884.916     1.0541  30.135715     1.0560  30.136331     4.5182     4.6560    -0.0004    99.7967 1.0000e-12  -71.99998 -119.39896  56.034670      99.76 1.2605e+03   1252.462      30060  1032.0200  1032.0188     4.7342     0.0694     0.1094    34.7208    34.7195    7.81028         25 0.0000e+00
    897.000    885.901     1.0536  30.135761     1.0556  30.136471     4.5252     4.6591    -0.0004    99.7482 1.0000e-12  -71.99998 -119.39898  56.034681      99.75 1.2575e+03   1253.470      30084  1032.0247  1032.0235     4.7319     0.0693     0.1071    34.7209    34.7196    7.81038         24 0.0000e+00
    898.000    886.888     1.0526  30.135349     1.0547  30.136152     4.5296     4.6548    -0.0004    99.7660 1.0000e-12  -71.99998 -119.39896  56.034693      99.76 1.2560e+03   1254.482      30109  1032.0294  1032.0282     4.7327     0.0695     0.1089    34.7208    34.7195    7.81056         24 0.0000e+00
    899.000    887.872     1.0516  30.134939     1.0537  30.135747     4.5266     4.6457    -0.0004    99.7766 1.0000e-12  -71.99998 -119.39898  56.034705      99.76 1.2578e+03   1255.474      30132  1032.0342  1032.0330     4.7332     0.0681     0.1088    34.7209    34.7196    7.81077         24 0.0000e+00
    900.000    888.857     1.0502  30.134031     1.0522  30.134786     4.5204     4.6508    -0.0013    99.7961 1.0000e-12  -71.99998 -119.39896  56.034716      99.76 1.2580e+03   1256.448      30156  1032.0388  1032.0377     4.7341     0.0680     0.1073    34.7207    34.7195    7.81105         23 0.0000e+00
    901.000    889.843     1.0478  30.132323     1.0499  30.133250     4.5222     4.6583    -0.0077    99.8019 1.0000e-12  -71.99998 -119.39898  56.034727      99.75 1.2567e+03   1257.420      30179  1032.0437  1032.0425     4.7344     0.0698     0.1096    34.7206    34.7195    7.81154         23 0.0000e+00
    902.000    890.830     1.0465  30.131489     1.0486  30.132402     4.5251     4.6574    -0.0083    99.8071 1.0000e-12  -71.99998 -119.39896  56.034739      99.76 1.2580e+03   1258.429      30203  1032.0483  1032.0472     4.7346     0.0691     0.1080    34.7204    34.7193    7.81181         25 0.0000e+00
    903.000    891.814     1.0442  30.130024     1.0463  30.130862     4.5269     4.6571    -0.0147    99.8094 1.0000e-12  -71.99998 -119.39898  56.034751      99.75 1.2564e+03   1259.482      30229  1032.0533  1032.0521     4.7347     0.0684     0.1086    34.7206    34.7193    7.81227         26 0.0000e+00
    904.000    892.800     1.0422  30.128606     1.0442  30.129424     4.5332     4.6578    -0.0022    99.8024 1.0000e-12  -71.99998 -119.39896  56.034763      99.70 1.2558e+03   1260.522      30254  1032.0580  1032.0569     4.7344     0.0700     0.1073    34.7204    34.7192    7.81268         24 0.0000e+00
    905.000    893.785     1.0393  30.126608     1.0416  30.127464     4.5324     4.6594    -0.0062    99.8229 1.0000e-12  -71.99998 -119.39898  56.034775      66.03 1.2576e+03   1261.525      30278  1032.0630  1032.0616     4.7354     0.0676     0.1078    34.7205    34.7190    7.81325         24 0.0000e+00
    906.000    894.771     1.0389  30.126586     1.0411  30.127515     4.5274     4.6601    -0.0077    99.8131 1.0000e-12  -71.99998 -119.39896  56.034786      83.74 1.2579e+03   1262.499      30301  1032.0676  1032.0664     4.7349     0.0670     0.1102    34.7204    34.7191    7.81334         23 0.0000e+00
    907.000    895.755     1.0388  30.126930     1.0410  30.127901     4.5267     4.6605    -0.0077    99.8321 1.0000e-12  -71.99998 -119.39898  56.034797      95.32 1.2576e+03   1263.459      30324  1032.0722  1032.0710     4.7358     0.0688     0.1078    34.7203    34.7192    7.81336         23 0.0000e+00
    908.000    896.742     1.0380  30.126725     1.0401  30.127463     4.5285     4.6609    -0.0080    99.8321 1.0000e-12  -71.99998 -119.39898  56.034808      99.76 1.2583e+03   1264.418      30347  1032.0769  1032.0756     4.7359     0.0699     0.1065    34.7203    34.7190    7.81351         23 0.0000e+00
    909.000    897.726     1.0376  30.126735     1.0397  30.127594     4.5261     4.6606    -0.0096    99.8185 1.0000e-12  -71.99998 -119.39898  56.034819      99.75 1.2587e+03   1265.386      30370  1032.0815  1032.0803     4.7352     0.0700     0.1063    34.7203    34.7191    7.81360         23 0.0000e+00
    910.000    898.714     1.0376  30.127111     1.0396  30.127960     4.5308     4.6588    -0.0141    99.8304 1.0000e-12  -71.99998 -119.39898  56.034831      99.76 1.2573e+03   1266.361      30394  1032.0861  1032.0849     4.7357     0.0694     0.1062    34.7202    34.7191    7.81361         24 0.0000e+00
    911.000    899.698     1.0367  30.126885     1.0388  30.127662     4.5322     4.6622    -0.0078    99.8314 1.0000e-12  -71.99998 -119.39898  56.034842      99.76 1.2572e+03   1267.341      30417  1032.0909  1032.0896     4.7358     0.0709     0.1072    34.7203    34.7190    7.81377         24 0.0000e+00
    912.000    900.683     1.0362  30.126715     1.0382  30.127570     4.5300     4.6602    -0.0077    99.8272 1.0000e-12  -71.99998 -119.39898  56.034854      99.76 1.2599e+03   1268.348      30441  1032.0954  1032.0943     4.7356     0.0713     0.1080    34.7202    34.7190    7.81389         24 0.0000e+00
    913.000    901.669     1.0356  30.126681     1.0375  30.127410     4.5285     4.6647    -0.0151    99.8121 1.0000e-12  -71.99998 -119.39898  56.034866      99.75 1.2569e+03   1269.383      30466  1032.1001  1032.0990     4.7349     0.0701     0.1064    34.7202    34.7190    7.81400         25 0.0000e+00
    914.000    902.655     1.0343  30.125995     1.0364  30.126796     4.5336     4.6520    -0.0150    99.8311 1.0000e-12  -71.99998 -119.39898  56.034878      99.76 1.2569e+03   1270.436      30491  1032.1049  1032.1037     4.7358     0.0697     0.1073    34.7201    34.7189    7.81425         25 0.0000e+00
    915.000    903.639     1.0333  30.125590     1.0354  30.126469     4.5362     4.6549    -0.0089    99.8318 1.0000e-12  -71.99998 -119.39898  56.034890      99.76 1.2575e+03   1271.456      30516  1032.1096  1032.1085     4.7358     0.0699     0.1079    34.7202    34.7190    7.81445         25 0.0000e+00
    916.000    904.625     1.0325  30.125318     1.0348  30.126262     4.5332     4.6617    -0.0140    99.8299 1.0000e-12  -71.99998 -119.39898  56.034901      99.76 1.2571e+03   1272.454      30540  1032.1144  1032.1131     4.7357     0.0690     0.1071    34.7202    34.7189    7.81462         23 0.0000e+00
    917.000    905.610     1.0318  30.125187     1.0340  30.126041     4.5314     4.6614    -0.0006    99.8239 1.0000e-12  -71.99998 -119.39898  56.034913      99.76 1.2573e+03   1273.446      30564  1032.1191  1032.1179     4.7355     0.0695     0.1074    34.7202    34.7190    7.81475         24 0.0000e+00
    918.000    906.596     1.0312  30.124930     1.0333  30.125838     4.5309     4.6627    -0.0016    99.8195 1.0000e-12  -71.99998 -119.39898  56.034924      81.42 1.2604e+03   1274.454      30588  1032.1236  1032.1225     4.7352     0.0678     0.1080    34.7200    34.7189    7.81489         25 0.0000e+00
    919.000    907.582     1.0300  30.124348     1.0321  30.125243     4.5348     4.6635    -0.0116    99.8347 1.0000e-12  -71.99998 -119.39898  56.034936      88.75 1.2583e+03   1275.485      30613  1032.1284  1032.1273     4.7360     0.0679     0.1063    34.7201    34.7189    7.81513         25 0.0000e+00
    920.000    908.566     1.0295  30.124314     1.0316  30.125144     4.5336     4.6644    -0.0120    99.8282 1.0000e-12  -71.99998 -119.39898  56.034948      99.25 1.2582e+03   1276.518      30637  1032.1330  1032.1319     4.7357     0.0684     0.1083    34.7200    34.7188    7.81523         24 0.0000e+00
    921.000    909.553     1.0291  30.124452     1.0312  30.125234     4.5332     4.6659    -0.0077    99.8271 1.0000e-12  -71.99998 -119.39898  56.034960      99.76 1.2588e+03   1277.524      30662  1032.1377  1032.1365     4.7356     0.0695     0.1064    34.7200    34.7188    7.81530         24 0.0000e+00
    922.000    910.538     1.0285  30.124330     1.0305  30.125169     4.5338     4.6658    -0.0096    99.8243 1.0000e-12  -71.99998 -119.39898  56.034971      99.76 1.2568e+03   1278.495      30685  1032.1424  1032.1412     4.7354     0.0689     0.1059    34.7201    34.7188    7.81544         23 0.0000e+00
    923.000    911.523     1.0282  30.124576     1.0303  30.125417     4.5386     4.6660    -0.0149    99.8016 1.0000e-12  -71.99998 -119.39898  56.034982      99.76 1.2571e+03   1279.426      30707  1032.1472  1032.1459     4.7344     0.0686     0.1069    34.7201    34.7188    7.81549         22 0.0000e+00
    924.000    912.508     1.0279  30.124722     1.0300  30.125531     4.5374     4.6667    -0.0005    99.8106 1.0000e-12  -71.99998 -119.39898  56.034992      99.76 1.2599e+03   1280.347      30729  1032.1518  1032.1505     4.7348     0.0690     0.1079    34.7201    34.7188    7.81555         22 0.0000e+00
    925.000    913.494     1.0265  30.123888     1.0286  30.124800     4.5362     4.6655    -0.0067    99.8258 1.0000e-12  -71.99998 -119.39898  56.035003      99.76 1.2586e+03   1281.299      30752  1032.1565  1032.1554     4.7355     0.0697     0.1095    34.7200    34.7189    7.81583         24 0.0000e+00
    926.000    914.478     1.0254  30.123366     1.0276  30.124292     4.5319     4.6659    -0.0077    99.8276 1.0000e-12  -71.99998 -119.39898  56.035015      99.76 1.2587e+03   1282.325      30777  1032.1613  1032.1600     4.7356     0.0693     0.1072    34.7200    34.7187    7.81606         23 0.0000e+00
    927.000    915.464     1.0244  30.122885     1.0266  30.123818     4.5378     4.6665     0.0038    99.8282 1.0000e-12  -71.99998 -119.39898  56.035028      99.76 1.2624e+03   1283.420      30803  1032.1660  1032.1647     4.7356     0.0693     0.1072    34.7200    34.7187    7.81626         26 0.0000e+00
    928.000    916.450     1.0235  30.122564     1.0256  30.123485     4.5394     4.6707    -0.0040    99.7896 1.0000e-12  -71.99998 -119.39898  56.035040      99.76 1.2586e+03   1284.467      30828  1032.1707  1032.1696     4.7338     0.0697     0.1091    34.7200    34.7188    7.81644         24 0.0000e+00
    929.000    917.436     1.0238  30.123186     1.0259  30.124036     4.5411     4.6682    -0.0123    99.8259 1.0000e-12  -71.99998 -119.39900  56.035051      99.76 1.2592e+03   1285.430      30851  1032.1752  1032.1741     4.7355     0.0686     0.1066    34.7199    34.7187    7.81638         23 0.0000e+00
    930.000    918.419     1.0236  30.123599     1.0257  30.124345     4.5405     4.6657    -0.0150    99.8365 1.0000e-12  -71.99998 -119.39898  56.035062      99.75 1.2610e+03   1286.365      30874  1032.1800  1032.1787     4.7361     0.0696     0.1067    34.7200    34.7187    7.81641         23 0.0000e+00
    931.000    919.405     1.0234  30.123827     1.0256  30.124732     4.5336     4.6664    -0.0128    99.8422 1.0000e-12  -71.99998 -119.39900  56.035073      99.76 1.2589e+03   1287.327      30897  1032.1846  1032.1834     4.7363     0.0700     0.1102    34.7200    34.7188    7.81645         23 0.0000e+00
    932.000    920.392     1.0232  30.124193     1.0254  30.124999     4.5381     4.6605    -0.0076    99.8300 1.0000e-12  -71.99998 -119.39898  56.035085      82.67 1.2595e+03   1288.369      30922  1032.1893  1032.1880     4.7357     0.0687     0.1082    34.7201    34.7188    7.81648         26 0.0000e+00
    933.000    921.376     1.0232  30.124529     1.0253  30.125366     4.5379     4.6657    -0.0058    99.8142 1.0000e-12  -71.99998 -119.39900  56.035098      95.41 1.2613e+03   1289.471      30948  1032.1939  1032.1927     4.7349     0.0688     0.1082    34.7200    34.7187    7.81649         27 0.0000e+00
