ocean_section_plots/required_files/ctd/dnbp2202_ctd248.cnv
* Sea-Bird SBE 9 Data File:
* FileName = D:\Data\raw\NBP2202_CTD248.hex
* Software Version Seasave V 7.26.7.121
* Temperature SN = 1649
* Conductivity SN = 2513
* Number of Bytes Per Scan = 40
* Number of Voltage Words = 5
* Number of Scans Averaged by the Deck Unit = 1
* NMEA Latitude = 73 55.53 S
* NMEA Longitude = 118 47.20 W
* NMEA UTC (Time) = Feb 15 2022  06:07:30
* NMEA baud rate = 9600
** Ship: RVIB N.B. Palmer
** Cruise: NBP2202 Thwaites
** Station: 156
** Operator: B. Bjork
# nquan = 28
# nvalues = 1230                        
# units = specified
# name 0 = prDM: Pressure, Digiquartz [db]
# name 1 = depSM: Depth [salt water, m]
# name 2 = t090C: Temperature [ITS-90, deg C]
# name 3 = c0mS/cm: Conductivity [mS/cm]
# name 4 = t190C: Temperature, 2 [ITS-90, deg C]
# name 5 = c1mS/cm: Conductivity, 2 [mS/cm]
# name 6 = sbeox0ML/L: Oxygen, SBE 43 [ml/l]
# name 7 = sbeox1ML/L: Oxygen, SBE 43, 2 [ml/l]
# name 8 = flECO-AFL: Fluorescence, WET Labs ECO-AFL/FL [mg/m^3]
# name 9 = CStarTr0: Beam Transmission, WET Labs C-Star [%]
# name 10 = par: PAR/Irradiance, Biospherical/Licor
# name 11 = latitude: Latitude [deg]
# name 12 = longitude: Longitude [deg]
# name 13 = timeJ: Julian Days
# name 14 = altM: Altimeter [m]
# name 15 = spar: SPAR, Biospherical/Licor
# name 16 = timeS: Time, Elapsed [seconds]
# name 17 = scan: Scan Count
# name 18 = density00: Density [density, kg/m^3]
# name 19 = density11: Density, 2 [density, kg/m^3]
# name 20 = v3: Voltage 3
# name 21 = v4: Voltage 4
# name 22 = v5: Voltage 5
# name 23 = sal00: Salinity, Practical [PSU]
# name 24 = sal11: Salinity, Practical, 2 [PSU]
# name 25 = oxsolML/L: Oxygen Saturation, Garcia & Gordon [ml/l]
# name 26 = nbin: number of scans per bin
# name 27 = flag: flag
# span 0 =      2.000,   1231.000       
# span 1 =      1.973,   1214.680       
# span 2 =    -1.6758,     0.7412       
# span 3 =  26.992170,  29.898713       
# span 4 =    -1.6755,     0.7434       
# span 5 =  26.991997,  29.898988       
# span 6 =     4.5712,     9.0856       
# span 7 =     4.7021,     9.3719       
# span 8 =    -0.0247,    12.7744       
# span 9 =    82.2936,    97.1052       
# span 10 = -1.300e-05, 3.2989e+00      
# span 11 =  -73.92564,  -73.92562      
# span 12 = -118.78680, -118.78672      
# span 13 =  46.257385,  46.273768      
# span 14 =       5.19,     104.89      
# span 15 = 1.9374e+01, 2.4823e+01      
# span 16 =    188.101,   1603.557      
# span 17 =       4515,      38486      
# span 18 =  1027.1421,  1033.4875      
# span 19 =  1027.1403,  1033.4857      
# span 20 =     3.9042,     4.6065      
# span 21 =     0.0638,     2.0583      
# span 22 =     0.1120,     0.2118      
# span 23 =    33.7725,    34.5781      
# span 24 =    33.7721,    34.5761      
# span 25 =    7.88103,    8.43307      
# span 26 =         20,         57      
# span 27 = 0.0000e+00, 0.0000e+00      
# interval = decibars: 1                
# start_time = Feb 15 2022 06:07:30 [NMEA time, header]
# bad_flag = -9.990e-29
*END*
[from data line 622]
    624.000    616.620     0.2409  29.118966     0.2435  29.119169     4.8299     4.9674    -0.0159    97.0611 1.0000e-12  -73.92564 -118.78676  46.265679      99.91 2.2137e+01    904.634      21712  1030.6096  1030.6073     4.6044     0.0697     0.1151    34.4623    34.4596    7.99008         27 0.0000e+00
    625.000    617.607     0.2592  29.138806     0.2631  29.139568     4.8291     4.9567    -0.0031    97.0422 1.0000e-12  -73.92564 -118.78676  46.265691      99.91 2.0635e+01    905.728      21738  1030.6165  1030.6135     4.6036     0.0688     0.1166    34.4673    34.4639    7.98600         25 0.0000e+00
    626.000    618.594     0.2817  29.163142     0.2856  29.164124     4.8256     4.9546    -0.0177    97.0541 1.0000e-12  -73.92564 -118.78676  46.265703      99.90 2.1669e+01    906.772      21764  1030.6241  1030.6213     4.6041     0.0692     0.1151    34.4735    34.4705    7.98100         25 0.0000e+00
    627.000    619.581     0.2906  29.172596     0.2937  29.173556     4.8166     4.9523    -0.0176    97.0671 1.0000e-12  -73.92564 -118.78676  46.265715      99.91 2.2175e+01    907.819      21789  1030.6295  1030.6275     4.6047     0.0693     0.1147    34.4753    34.4732    7.97905         26 0.0000e+00
    628.000    620.568     0.2957  29.178815     0.2971  29.177701     4.8267     4.9525    -0.0180    97.0591 1.0000e-12  -73.92564 -118.78676  46.265728      99.91 2.0398e+01    908.864      21814  1030.6354  1030.6329     4.6044     0.0698     0.1152    34.4772    34.4742    7.97789         25 0.0000e+00
    629.000    621.553     0.2967  29.180167     0.2987  29.179756     4.8133     4.9457    -0.0113    97.0621 1.0000e-12  -73.92564 -118.78676  46.265740      99.90 2.1288e+01    909.908      21839  1030.6403  1030.6380     4.6045     0.0691     0.1158    34.4773    34.4746    7.97768         25 0.0000e+00
    630.000    622.541     0.2982  29.182356     0.3004  29.182228     4.8039     4.9376    -0.0102    97.0729 1.0000e-12  -73.92564 -118.78676  46.265752      99.90 2.2643e+01    910.977      21864  1030.6455  1030.6432     4.6050     0.0701     0.1156    34.4780    34.4753    7.97734         26 0.0000e+00
    631.000    623.527     0.3030  29.188820     0.3053  29.188508     4.8005     4.9278    -0.0106    97.0704 1.0000e-12  -73.92564 -118.78676  46.265764      99.90 2.0643e+01    912.052      21890  1030.6518  1030.6493     4.6049     0.0703     0.1166    34.4805    34.4774    7.97620         25 0.0000e+00
    632.000    624.514     0.3092  29.196568     0.3123  29.197180     4.7976     4.9253    -0.0112    97.0839 1.0000e-12  -73.92564 -118.78676  46.265777      96.56 2.1089e+01    913.094      21915  1030.6582  1030.6558     4.6055     0.0705     0.1138    34.4831    34.4804    7.97477         25 0.0000e+00
    633.000    625.500     0.3157  29.204413     0.3183  29.204789     4.7964     4.9220    -0.0162    97.0900 1.0000e-12  -73.92564 -118.78676  46.265789      88.86 2.2575e+01    914.133      21940  1030.6643  1030.6621     4.6058     0.0679     0.1166    34.4855    34.4831    7.97328         25 0.0000e+00
    634.000    626.487     0.3184  29.207763     0.3214  29.208356     4.7806     4.9172    -0.0126    97.0764 1.0000e-12  -73.92564 -118.78676  46.265801      97.75 2.0645e+01    915.176      21965  1030.6695  1030.6673     4.6052     0.0685     0.1156    34.4863    34.4838    7.97269         25 0.0000e+00
    635.000    627.473     0.3269  29.217788     0.3293  29.217553     4.7817     4.9015    -0.0097    97.0849 1.0000e-12  -73.92564 -118.78676  46.265813      99.92 2.1021e+01    916.233      21991  1030.6759  1030.6733     4.6056     0.0687     0.1150    34.4893    34.4863    7.97075         26 0.0000e+00
    636.000    628.461     0.3421  29.234452     0.3450  29.234563     4.7692     4.9021    -0.0151    97.0658 1.0000e-12  -73.92564 -118.78676  46.265826      99.91 2.2529e+01    917.326      22017  1030.6826  1030.6800     4.6047     0.0696     0.1159    34.4936    34.4906    7.96737         26 0.0000e+00
    637.000    629.448     0.3510  29.244235     0.3535  29.244362     4.7691     4.8988    -0.0124    97.0731 1.0000e-12  -73.92564 -118.78676  46.265838      99.90 2.0568e+01    918.421      22043  1030.6885  1030.6862     4.6050     0.0709     0.1136    34.4959    34.4933    7.96542         26 0.0000e+00
    638.000    630.433     0.3538  29.247638     0.3562  29.247602     4.7679     4.8968    -0.0045    97.0632 1.0000e-12  -73.92564 -118.78676  46.265850      99.90 2.0661e+01    919.455      22068  1030.6936  1030.6913     4.6045     0.0692     0.1166    34.4966    34.4939    7.96479         25 0.0000e+00
    639.000    631.421     0.3538  29.248293     0.3560  29.248227     4.7466     4.8903    -0.0100    97.0857 1.0000e-12  -73.92564 -118.78676  46.265861      99.91 2.3219e+01    920.430      22091  1030.6987  1030.6966     4.6056     0.0689     0.1156    34.4969    34.4944    7.96478         22 0.0000e+00
    640.000    632.407     0.3523  29.247777     0.3548  29.247968     4.7510     4.8911    -0.0150    97.0774 1.0000e-12  -73.92564 -118.78676  46.265872      99.90 2.0438e+01    921.321      22113  1030.7041  1030.7018     4.6052     0.0692     0.1167    34.4974    34.4948    7.96507         21 0.0000e+00
    641.000    633.393     0.3516  29.247661     0.3540  29.247698     4.7142     4.8899    -0.0087    97.0900 1.0000e-12  -73.92564 -118.78676  46.265883      99.91 2.0566e+01    922.265      22135  1030.7090  1030.7067     4.6058     0.0691     0.1159    34.4974    34.4948    7.96521         24 0.0000e+00
    642.000    634.381     0.3516  29.248047     0.3540  29.248112     4.7432     4.8935    -0.0114    97.0904 1.0000e-12  -73.92564 -118.78676  46.265895      99.90 2.2487e+01    923.360      22162  1030.7137  1030.7114     4.6058     0.0696     0.1147    34.4973    34.4947    7.96521         28 0.0000e+00
    643.000    635.368     0.3514  29.248295     0.3535  29.248162     4.8238     4.8929    -0.0068    97.0896 1.0000e-12  -73.92564 -118.78676  46.265909      99.91 2.1077e+01    924.511      22189  1030.7185  1030.7163     4.6058     0.0682     0.1148    34.4973    34.4948    7.96526         27 0.0000e+00
    644.000    636.352     0.3477  29.245320     0.3498  29.245128     4.7588     4.8911    -0.0031    97.0879 1.0000e-12  -73.92564 -118.78676  46.265921      95.55 2.0782e+01    925.583      22215  1030.7234  1030.7212     4.6057     0.0687     0.1162    34.4970    34.4944    7.96604         24 0.0000e+00
    645.000    637.341     0.3459  29.243969     0.3480  29.243874     4.7609     4.8920    -0.0097    97.0790 1.0000e-12  -73.92564 -118.78676  46.265932      77.24 2.3029e+01    926.557      22238  1030.7281  1030.7259     4.6053     0.0672     0.1198    34.4967    34.4942    7.96643         23 0.0000e+00
    646.000    638.326     0.3440  29.242692     0.3459  29.242450     4.7692     4.8958    -0.0102    97.0858 1.0000e-12  -73.92564 -118.78676  46.265942      85.12 2.0737e+01    927.429      22259  1030.7328  1030.7307     4.6056     0.0687     0.1160    34.4965    34.4940    7.96683         20 0.0000e+00
    647.000    639.313     0.3437  29.243017     0.3463  29.243248     4.7688     4.8936    -0.0028    97.0789 1.0000e-12  -73.92564 -118.78676  46.265953      99.72 2.0200e+01    928.301      22280  1030.7377  1030.7354     4.6053     0.0696     0.1159    34.4967    34.4940    7.96688         22 0.0000e+00
    648.000    640.301     0.3449  29.244252     0.3474  29.244495     4.7535     4.8864    -0.0069    97.0894 1.0000e-12  -73.92564 -118.78676  46.265965      99.90 2.1711e+01    929.347      22305  1030.7421  1030.7399     4.6057     0.0696     0.1176    34.4964    34.4939    7.96665         28 0.0000e+00
    649.000    641.286     0.3427  29.242806     0.3449  29.242872     4.7700     4.8896    -0.0098    97.0979 1.0000e-12  -73.92564 -118.78676  46.265978      99.91 2.1785e+01    930.542      22334  1030.7470  1030.7449     4.6062     0.0696     0.1171    34.4963    34.4939    7.96710         28 0.0000e+00
    650.000    642.272     0.3421  29.242843     0.3443  29.242777     4.7667     4.8931    -0.0094    97.0957 1.0000e-12  -73.92564 -118.78676  46.265991      99.91 2.0467e+01    931.655      22361  1030.7519  1030.7497     4.6060     0.0696     0.1159    34.4965    34.4940    7.96722         26 0.0000e+00
    651.000    643.260     0.3421  29.243237     0.3441  29.243130     4.7610     4.8944    -0.0044    97.0869 1.0000e-12  -73.92564 -118.78676  46.266003      99.90 2.2124e+01    932.650      22385  1030.7565  1030.7545     4.6057     0.0696     0.1161    34.4964    34.4941    7.96722         22 0.0000e+00
    652.000    644.245     0.3420  29.243705     0.3445  29.243784     4.7659     4.8916    -0.0011    97.0719 1.0000e-12  -73.92564 -118.78676  46.266013      99.90 2.1324e+01    933.553      22406  1030.7613  1030.7591     4.6049     0.0691     0.1184    34.4966    34.4939    7.96724         22 0.0000e+00
    653.000    645.234     0.3419  29.243938     0.3444  29.244174     4.7576     4.8835    -0.0044    97.0713 1.0000e-12  -73.92564 -118.78676  46.266024      99.90 2.0495e+01    934.467      22428  1030.7659  1030.7638     4.6049     0.0691     0.1183    34.4964    34.4940    7.96727         23 0.0000e+00
    654.000    646.220     0.3414  29.243968     0.3441  29.244455     4.7654     4.8842    -0.0125    97.0856 1.0000e-12  -73.92564 -118.78676  46.266036      99.91 2.1788e+01    935.527      22454  1030.7707  1030.7686     4.6056     0.0706     0.1160    34.4964    34.4941    7.96737         27 0.0000e+00
    655.000    647.206     0.3417  29.244707     0.3438  29.244670     4.7487     4.8899    -0.0042    97.0782 1.0000e-12  -73.92564 -118.78676  46.266049      99.91 2.2002e+01    936.659      22481  1030.7754  1030.7733     4.6053     0.0696     0.1173    34.4965    34.4940    7.96730         27 0.0000e+00
    656.000    648.194     0.3418  29.245122     0.3438  29.245116     4.7643     4.8874     0.0023    97.0817 1.0000e-12  -73.92564 -118.78676  46.266062      99.91 2.0383e+01    937.747      22507  1030.7800  1030.7780     4.6054     0.0684     0.1166    34.4964    34.4941    7.96729         25 0.0000e+00
    657.000    649.178     0.3413  29.245346     0.3435  29.245374     4.7683     4.8824    -0.0173    97.0828 1.0000e-12  -73.92564 -118.78676  46.266074      99.91 2.1616e+01    938.801      22532  1030.7849  1030.7828     4.6055     0.0691     0.1157    34.4966    34.4941    7.96737         26 0.0000e+00
    658.000    650.164     0.3409  29.245327     0.3433  29.245478     4.7523     4.8839    -0.0150    97.0756 1.0000e-12  -73.92564 -118.78676  46.266086      99.91 2.1859e+01    939.869      22558  1030.7895  1030.7874     4.6051     0.0710     0.1170    34.4964    34.4940    7.96747         25 0.0000e+00
    659.000    651.154     0.3411  29.245933     0.3432  29.245983     4.7656     4.8884    -0.0126    97.0829 1.0000e-12  -73.92564 -118.78676  46.266099      87.97 2.0713e+01    940.934      22583  1030.7942  1030.7922     4.6054     0.0679     0.1152    34.4965    34.4941    7.96744         25 0.0000e+00
    660.000    652.139     0.3412  29.246378     0.3435  29.246635     4.7648     4.8903    -0.0150    97.0788 1.0000e-12  -73.92564 -118.78676  46.266111     100.09 2.1368e+01    941.996      22609  1030.7988  1030.7968     4.6053     0.0696     0.1165    34.4963    34.4941    7.96741         26 0.0000e+00
    661.000    653.124     0.3416  29.247157     0.3423  29.245899     4.7621     4.8877    -0.0102    97.0739 1.0000e-12  -73.92564 -118.78676  46.266123      99.91 2.1835e+01    943.068      22635  1030.8034  1030.8015     4.6050     0.0692     0.1144    34.4963    34.4939    7.96733         26 0.0000e+00
    662.000    654.111     0.3408  29.247193     0.3423  29.246536     4.7675     4.8782    -0.0097    97.0601 1.0000e-12  -73.92564 -118.78676  46.266136      99.91 2.0452e+01    944.123      22660  1030.8085  1030.8063     4.6044     0.0699     0.1161    34.4967    34.4941    7.96748         25 0.0000e+00
    663.000    655.099     0.3358  29.242825     0.3384  29.243512     4.7546     4.8801    -0.0097    97.0859 1.0000e-12  -73.92564 -118.78676  46.266148      99.91 2.1298e+01    945.169      22685  1030.8131  1030.8113     4.6056     0.0699     0.1156    34.4959    34.4940    7.96854         25 0.0000e+00
    664.000    656.085     0.3352  29.243006     0.3351  29.241101     4.7437     4.8837    -0.0177    97.0616 1.0000e-12  -73.92564 -118.78676  46.266160      99.90 2.2188e+01    946.250      22711  1030.8181  1030.8162     4.6045     0.0698     0.1156    34.4962    34.4939    7.96865         26 0.0000e+00
    665.000    657.071     0.3330  29.241572     0.3355  29.241926     4.7576     4.8754    -0.0116    97.0710 1.0000e-12  -73.92564 -118.78676  46.266173      99.91 2.0325e+01    947.322      22737  1030.8230  1030.8210     4.6049     0.0689     0.1160    34.4963    34.4940    7.96911         26 0.0000e+00
    666.000    658.057     0.3342  29.243350     0.3365  29.243561     4.7499     4.8744    -0.0164    97.0729 1.0000e-12  -73.92564 -118.78676  46.266185      99.91 2.1083e+01    948.389      22762  1030.8279  1030.8259     4.6050     0.0695     0.1162    34.4967    34.4945    7.96884         26 0.0000e+00
    667.000    659.045     0.3342  29.243757     0.3362  29.243878     4.7557     4.8758    -0.0103    97.0622 1.0000e-12  -73.92564 -118.78676  46.266198      99.90 2.2027e+01    949.469      22788  1030.8325  1030.8307     4.6045     0.0692     0.1165    34.4967    34.4946    7.96885         26 0.0000e+00
    668.000    660.031     0.3343  29.244371     0.3363  29.244378     4.7634     4.8739    -0.0017    97.0703 1.0000e-12  -73.92564 -118.78676  46.266210      99.91 2.0681e+01    950.527      22814  1030.8373  1030.8354     4.6049     0.0688     0.1140    34.4968    34.4946    7.96882         25 0.0000e+00
    669.000    661.017     0.3349  29.245623     0.3374  29.245909     4.7578     4.8733    -0.0086    97.0729 1.0000e-12  -73.92564 -118.78675  46.266222      99.91 2.0714e+01    951.556      22838  1030.8422  1030.8401     4.6050     0.0696     0.1178    34.4972    34.4948    7.96867         24 0.0000e+00
    670.000    662.002     0.3365  29.247554     0.3391  29.248063     4.7562     4.8757    -0.0177    97.0735 1.0000e-12  -73.92564 -118.78674  46.266234      95.99 2.2437e+01    952.592      22863  1030.8468  1030.8449     4.6050     0.0685     0.1168    34.4973    34.4952    7.96833         25 0.0000e+00
    671.000    662.991     0.3371  29.248558     0.3403  29.249652     4.7911     4.8770    -0.0112    97.0879 1.0000e-12  -73.92564 -118.78674  46.266246      87.60 2.0549e+01    953.677      22889  1030.8515  1030.8496     4.6057     0.0684     0.1181    34.4974    34.4953    7.96820         27 0.0000e+00
    672.000    663.977     0.3397  29.251605     0.3420  29.251723     4.7415     4.8781    -0.0017    97.0703 1.0000e-12  -73.92564 -118.78674  46.266259      99.74 2.1027e+01    954.808      22916  1030.8564  1030.8543     4.6049     0.0693     0.1150    34.4980    34.4955    7.96764         28 0.0000e+00
    673.000    664.962     0.3417  29.254375     0.3438  29.254374     4.7608     4.8801    -0.0007    97.0589 1.0000e-12  -73.92564 -118.78674  46.266273      99.90 2.2324e+01    955.952      22944  1030.8615  1030.8595     4.6044     0.0693     0.1159    34.4987    34.4964    7.96717         26 0.0000e+00
    674.000    665.949     0.3418  29.254947     0.3438  29.254935     4.7459     4.8803    -0.0086    97.0787 1.0000e-12  -73.92564 -118.78674  46.266285      99.90 2.0650e+01    957.007      22969  1030.8662  1030.8643     4.6052     0.0679     0.1186    34.4987    34.4965    7.96715         25 0.0000e+00
