ocean_section_plots/required_files/ctd/dnbp2202_ctd143.cnv
* Sea-Bird SBE 9 Data File:
* FileName = D:\Data\raw\NBP2202_CTD143.hex
* Software Version Seasave V 7.26.7.121
* Temperature SN = 1649
* Conductivity SN = 2513
* Number of Bytes Per Scan = 40
* Number of Voltage Words = 5
* Number of Scans Averaged by the Deck Unit = 1
* NMEA Latitude = 74 06.98 S
* NMEA Longitude = 112 54.87 W
* NMEA UTC (Time) = Jan 30 2022  07:11:06
* NMEA baud rate = 9600
** Ship: RVIB N.B. Palmer
** Cruise: NBP2202 Thwaites
** Station: 71
** Operator: B. Bjork
# nquan = 28
# nvalues = 655                         
# units = specified
# name 0 = prDM: Pressure, Digiquartz [db]
# name 1 = depSM: Depth [salt water, m]
# name 2 = t090C: Temperature [ITS-90, deg C]
# name 3 = c0mS/cm: Conductivity [mS/cm]
# name 4 = t190C: Temperature, 2 [ITS-90, deg C]
# name 5 = c1mS/cm: Conductivity, 2 [mS/cm]
# name 6 = sbeox0ML/L: Oxygen, SBE 43 [ml/l]
# name 7 = sbeox1ML/L: Oxygen, SBE 43, 2 [ml/l]
# name 8 = flECO-AFL: Fluorescence, WET Labs ECO-AFL/FL [mg/m^3]
# name 9 = CStarTr0: Beam Transmission, WET Labs C-Star [%]
# name 10 = par: PAR/Irradiance, Biospherical/Licor
# name 11 = latitude: Latitude [deg]
# name 12 = longitude: Longitude [deg]
# name 13 = timeJ: Julian Days
# name 14 = altM: Altimeter [m]
# name 15 = spar: SPAR, Biospherical/Licor
# name 16 = timeS: Time, Elapsed [seconds]
# name 17 = scan: Scan Count
# name 18 = density00: Density [density, kg/m^3]
# name 19 = density11: Density, 2 [density, kg/m^3]
# name 20 = v3: Voltage 3
# name 21 = v4: Voltage 4
# name 22 = v5: Voltage 5
# name 23 = sal00: Salinity, Practical [PSU]
# name 24 = sal11: Salinity, Practical, 2 [PSU]
# name 25 = oxsolML/L: Oxygen Saturation, Garcia & Gordon [ml/l]
# name 26 = nbin: number of scans per bin
# name 27 = flag: flag
# span 0 =      2.000,    656.000       
# span 1 =      1.970,    648.187       
# span 2 =    -1.5569,     0.2872       
# span 3 =  27.015525,  29.168798       
# span 4 =    -1.5563,     0.2895       
# span 5 =  27.015127,  29.168649       
# span 6 =     4.6376,     9.1942       
# span 7 =     4.7255,     9.1653       
# span 8 =    -0.0194,    24.5163       
# span 9 =    69.4579,    93.3630       
# span 10 = -1.633e-05, 8.0754e+00      
# span 11 =  -74.11634,  -74.11632      
# span 12 = -112.91464, -112.91460      
# span 13 =  30.301797,  30.311374      
# span 14 =       3.06,     100.71      
# span 15 = 2.9969e+01, 4.4087e+01      
# span 16 =    209.315,   1036.736      
# span 17 =       5025,      24883      
# span 18 =  1027.1254,  1030.7529      
# span 19 =  1027.1260,  1030.7505      
# span 20 =     3.2956,     4.4291      
# span 21 =     0.0635,     3.8440      
# span 22 =     0.1223,     0.2462      
# span 23 =    33.7537,    34.4574      
# span 24 =    33.7511,    34.4547      
# span 25 =    7.98075,    8.40968      
# span 26 =          5,         76      
# span 27 = 0.0000e+00, 0.0000e+00      
# interval = decibars: 1                
# start_time = Jan 30 2022 07:11:06 [NMEA time, header]
# bad_flag = -9.990e-29
*END*
[from data line 363]
    365.000    360.905    -0.4421  28.248861    -0.4401  28.248036     4.9938     5.1083     0.0137    93.2609 1.0000e-12  -74.11632 -112.91462  30.306888      99.93 4.2537e+01    649.096      15579  1029.2410  1029.2382     4.4243     0.0736     0.1288    34.2279    34.2245    8.14751         24 0.0000e+00
    366.000    361.893    -0.4242  28.267016    -0.4218  28.266656     4.9927     5.0995     0.0167    93.2789 1.0000e-12  -74.11634 -112.91462  30.306899      99.93 4.1589e+01    650.089      15603  1029.2475  1029.2448     4.4251     0.0719     0.1274    34.2315    34.2283    8.14347         24 0.0000e+00
    367.000    362.880    -0.4112  28.280490    -0.4094  28.279394     4.9932     5.0989     0.0140    93.3086 1.0000e-12  -74.11632 -112.91462  30.306911      99.93 4.2509e+01    651.083      15627  1029.2537  1029.2509     4.4264     0.0740     0.1301    34.2342    34.2308    8.14051         24 0.0000e+00
    368.000    363.869    -0.4071  28.286280    -0.4053  28.285612     4.9906     5.1032     0.0086    93.2940 1.0000e-12  -74.11634 -112.91462  30.306922      99.92 4.1930e+01    652.076      15651  1029.2605  1029.2581     4.4259     0.0758     0.1324    34.2369    34.2339    8.13950         23 0.0000e+00
    369.000    364.856    -0.3998  28.296800    -0.3976  28.295934     4.9915     5.1049    -0.0029    93.2629 1.0000e-12  -74.11634 -112.91462  30.306934      75.84 4.2016e+01    653.069      15675  1029.2691  1029.2661     4.4243     0.0708     0.1301    34.2420    34.2385    8.13762         24 0.0000e+00
    370.000    365.845    -0.3865  28.311286    -0.3843  28.310585     4.9788     5.0963     0.0117    93.2777 1.0000e-12  -74.11634 -112.91462  30.306945      87.15 4.2305e+01    654.068      15699  1029.2761  1029.2733     4.4250     0.0714     0.1291    34.2458    34.2425    8.13456         25 0.0000e+00
    371.000    366.833    -0.3819  28.316440    -0.3794  28.316174     4.9578     5.0778    -0.0046    93.2540 1.0000e-12  -74.11634 -112.91462  30.306957      99.62 4.2309e+01    655.079      15723  1029.2817  1029.2790     4.4239     0.0722     0.1307    34.2470    34.2439    8.13351         24 0.0000e+00
    372.000    367.820    -0.3624  28.337112    -0.3592  28.337099     4.9456     5.0627    -0.0044    93.2502 1.0000e-12  -74.11634 -112.91462  30.306969      99.93 4.2309e+01    656.089      15747  1029.2892  1029.2861     4.4237     0.0721     0.1277    34.2521    34.2485    8.12906         24 0.0000e+00
    373.000    368.808    -0.3403  28.358576    -0.3379  28.357982     4.9392     5.0529     0.0040    93.2223 1.0000e-12  -74.11634 -112.91462  30.306980      99.92 4.2309e+01    657.082      15771  1029.2950  1029.2920     4.4224     0.0715     0.1316    34.2554    34.2518    8.12415         23 0.0000e+00
    374.000    369.795    -0.3313  28.367604    -0.3287  28.367405     4.9262     5.0422    -0.0088    93.1926 1.0000e-12  -74.11634 -112.91462  30.306992      99.93 4.2309e+01    658.080      15795  1029.3004  1029.2977     4.4210     0.0705     0.1297    34.2567    34.2535    8.12214         25 0.0000e+00
    375.000    370.784    -0.3236  28.375513    -0.3202  28.376048     4.9038     5.0212    -0.0134    93.2574 1.0000e-12  -74.11634 -112.91462  30.307003      99.93 4.2309e+01    659.072      15819  1029.3059  1029.3031     4.4241     0.0703     0.1307    34.2580    34.2549    8.12043         23 0.0000e+00
    376.000    371.772    -0.3090  28.390711    -0.3059  28.390430     4.8849     5.0033    -0.0126    93.2513 1.0000e-12  -74.11634 -112.91462  30.307015      99.93 4.2309e+01    660.055      15842  1029.3123  1029.3090     4.4238     0.0717     0.1312    34.2612    34.2574    8.11713         24 0.0000e+00
    377.000    372.759    -0.2796  28.419248    -0.2768  28.418839     4.8861     4.9902    -0.0045    93.2534 1.0000e-12  -74.11634 -112.91462  30.307026      99.93 4.2309e+01    661.045      15866  1029.3185  1029.3153     4.4239     0.0718     0.1305    34.2657    34.2620    8.11061         24 0.0000e+00
    378.000    373.747    -0.2707  28.428457    -0.2681  28.428100     4.9006     4.9988     0.0024    93.2315 1.0000e-12  -74.11634 -112.91462  30.307037      99.93 4.2309e+01    662.031      15890  1029.3241  1029.3213     4.4229     0.0712     0.1301    34.2674    34.2640    8.10862         23 0.0000e+00
    379.000    374.736    -0.2687  28.432324    -0.2665  28.431859     4.9093     5.0064    -0.0004    93.2127 1.0000e-12  -74.11634 -112.91462  30.307049      99.93 4.2309e+01    663.019      15913  1029.3309  1029.3284     4.4220     0.0713     0.1321    34.2697    34.2667    8.10807         24 0.0000e+00
    380.000    375.723    -0.2722  28.431525    -0.2698  28.431309     4.9083     4.9988     0.0051    93.2245 1.0000e-12  -74.11634 -112.91462  30.307060      99.93 4.2309e+01    664.023      15938  1029.3381  1029.3356     4.4225     0.0705     0.1336    34.2719    34.2690    8.10867         24 0.0000e+00
    381.000    376.712    -0.2691  28.435754    -0.2664  28.435219     4.9105     4.9971     0.0042    93.2309 1.0000e-12  -74.11634 -112.91462  30.307072      99.93 4.2309e+01    665.022      15962  1029.3441  1029.3409     4.4229     0.0718     0.1330    34.2735    34.2698    8.10793         24 0.0000e+00
    382.000    377.698    -0.2489  28.457854    -0.2460  28.458036     4.9156     5.0122    -0.0033    93.1906 1.0000e-12  -74.11634 -112.91462  30.307083      98.93 4.2309e+01    666.007      15985  1029.3523  1029.3497     4.4209     0.0709     0.1356    34.2797    34.2766    8.10328         23 0.0000e+00
    383.000    378.687    -0.2549  28.452993    -0.2542  28.451725     4.9336     5.0308    -0.0021    93.1925 1.0000e-12  -74.11634 -112.91462  30.307095      93.47 4.2309e+01    667.004      16009  1029.3576  1029.3556     4.4209     0.0697     0.1326    34.2794    34.2769    8.10458         25 0.0000e+00
    384.000    379.675    -0.2691  28.442399    -0.2665  28.442346     4.9372     5.0372    -0.0025    93.1796 1.0000e-12  -74.11634 -112.91462  30.307107      97.99 4.2309e+01    668.004      16033  1029.3647  1029.3622     4.4204     0.0708     0.1324    34.2805    34.2776    8.10753         24 0.0000e+00
    385.000    380.663    -0.2704  28.442343    -0.2685  28.441617     4.9274     5.0330     0.0165    93.1831 1.0000e-12  -74.11634 -112.91462  30.307118      99.93 4.2309e+01    669.000      16057  1029.3704  1029.3678     4.4205     0.0702     0.1320    34.2814    34.2783    8.10776         23 0.0000e+00
    386.000    381.650    -0.2654  28.448601    -0.2635  28.447384     4.9179     5.0246     0.0053    93.1869 1.0000e-12  -74.11634 -112.91462  30.307130      99.93 4.2309e+01    669.993      16081  1029.3764  1029.3733     4.4207     0.0707     0.1290    34.2834    34.2797    8.10657         24 0.0000e+00
    387.000    382.638    -0.2469  28.467903    -0.2445  28.467408     4.9112     5.0195    -0.0093    93.1783 1.0000e-12  -74.11634 -112.91462  30.307141      99.92 4.2309e+01    670.985      16105  1029.3832  1029.3804     4.4203     0.0713     0.1313    34.2878    34.2845    8.10239         24 0.0000e+00
    388.000    383.625    -0.2437  28.471662    -0.2423  28.470143     4.9141     5.0071    -0.0034    93.2247 1.0000e-12  -74.11634 -112.91462  30.307153      99.93 4.2309e+01    671.984      16129  1029.3886  1029.3856     4.4225     0.0713     0.1306    34.2886    34.2851    8.10167         24 0.0000e+00
    389.000    384.613    -0.2361  28.480028    -0.2346  28.478862     4.9141     5.0084     0.0049    93.2157 1.0000e-12  -74.11634 -112.91462  30.307164      99.93 4.2309e+01    672.995      16153  1029.3944  1029.3917     4.4221     0.0705     0.1304    34.2907    34.2874    8.09994         24 0.0000e+00
    390.000    385.602    -0.2356  28.481411    -0.2336  28.480766     4.9112     5.0121     0.0014    93.1972 1.0000e-12  -74.11634 -112.91462  30.307176      99.92 4.2309e+01    673.999      16177  1029.3998  1029.3972     4.4212     0.0725     0.1324    34.2914    34.2882    8.09980         24 0.0000e+00
    391.000    386.589    -0.2351  28.482434    -0.2327  28.482374     4.9104     5.0029    -0.0130    93.2009 1.0000e-12  -74.11634 -112.91462  30.307187      99.93 4.2309e+01    674.990      16201  1029.4048  1029.4025     4.4214     0.0711     0.1294    34.2915    34.2888    8.09968         24 0.0000e+00
    392.000    387.578    -0.2321  28.486592    -0.2296  28.486320     4.9034     5.0015    -0.0095    93.2289 1.0000e-12  -74.11634 -112.91462  30.307199      99.92 4.2309e+01    675.984      16225  1029.4107  1029.4080     4.4227     0.0704     0.1325    34.2931    34.2900    8.09896         24 0.0000e+00
    393.000    388.564    -0.2147  28.506463    -0.2115  28.506583     4.8957     5.0060     0.0143    93.2363 1.0000e-12  -74.11634 -112.91462  30.307210      99.93 4.2309e+01    676.980      16249  1029.4191  1029.4161     4.4231     0.0710     0.1296    34.2994    34.2960    8.09490         24 0.0000e+00
    394.000    389.552    -0.2078  28.513869    -0.2054  28.513554     4.8865     4.9996     0.0067    93.2522 1.0000e-12  -74.11634 -112.91462  30.307222      99.92 4.2309e+01    677.969      16272  1029.4246  1029.4220     4.4238     0.0700     0.1306    34.3009    34.2978    8.09335         24 0.0000e+00
    395.000    390.539    -0.2017  28.520664    -0.2000  28.519580     4.8840     4.9815     0.0048    93.2174 1.0000e-12  -74.11634 -112.91462  30.307233      99.92 4.2309e+01    678.966      16296  1029.4303  1029.4275     4.4222     0.0717     0.1306    34.3026    34.2991    8.09197         24 0.0000e+00
    396.000    391.526    -0.1947  28.528259    -0.1926  28.527574     4.8838     4.9813    -0.0094    93.2483 1.0000e-12  -74.11634 -112.91462  30.307245      92.45 4.2309e+01    679.968      16320  1029.4359  1029.4332     4.4237     0.0700     0.1302    34.3041    34.3009    8.09038         23 0.0000e+00
    397.000    392.519    -0.1906  28.532536    -0.1885  28.532079     4.8753     4.9809    -0.0132    93.2730 1.0000e-12  -74.11634 -112.91462  30.307256      98.72 4.2309e+01    680.948      16344  1029.4408  1029.4383     4.4248     0.0703     0.1329    34.3047    34.3016    8.08949         24 0.0000e+00
    398.000    393.502    -0.1882  28.535477    -0.1855  28.535553     4.8743     4.9739    -0.0064    93.2738 1.0000e-12  -74.11634 -112.91462  30.307268      99.94 4.2309e+01    681.928      16367  1029.4460  1029.4435     4.4249     0.0693     0.1318    34.3053    34.3023    8.08894         23 0.0000e+00
    399.000    394.493    -0.1786  28.545830    -0.1765  28.545026     4.8736     4.9713    -0.0030    93.2440 1.0000e-12  -74.11634 -112.91462  30.307279      99.92 4.2309e+01    682.914      16391  1029.4520  1029.4491     4.4235     0.0709     0.1288    34.3077    34.3043    8.08678         25 0.0000e+00
    400.000    395.477    -0.1714  28.553176    -0.1689  28.552896     4.8679     4.9714    -0.0045    93.2611 1.0000e-12  -74.11634 -112.91462  30.307291      99.92 4.2309e+01    683.901      16415  1029.4572  1029.4544     4.4242     0.0705     0.1302    34.3088    34.3056    8.08519         23 0.0000e+00
    401.000    396.467    -0.1695  28.555280    -0.1675  28.554700     4.8599     4.9686    -0.0031    93.2962 1.0000e-12  -74.11634 -112.91462  30.307302      99.92 4.2309e+01    684.892      16438  1029.4619  1029.4594     4.4259     0.0764     0.1373    34.3089    34.3058    8.08479         24 0.0000e+00
    402.000    397.454    -0.1684  28.556880    -0.1664  28.556175     4.8597     4.9664    -0.0007    93.2939 1.0000e-12  -74.11634 -112.91462  30.307313      99.92 4.2309e+01    685.883      16462  1029.4670  1029.4642     4.4258     0.0709     0.1302    34.3092    34.3059    8.08454         23 0.0000e+00
    403.000    398.442    -0.1656  28.560249    -0.1633  28.559904     4.8601     4.9665     0.0128    93.2790 1.0000e-12  -74.11634 -112.91462  30.307325      99.93 4.2309e+01    686.875      16486  1029.4721  1029.4695     4.4251     0.0715     0.1311    34.3098    34.3068    8.08389         25 0.0000e+00
    404.000    399.430    -0.1648  28.561556    -0.1627  28.561241     4.8608     4.9626    -0.0194    93.2760 1.0000e-12  -74.11634 -112.91462  30.307336      99.93 4.0899e+01    687.863      16510  1029.4772  1029.4748     4.4249     0.0697     0.1316    34.3101    34.3073    8.08371         23 0.0000e+00
    405.000    400.418    -0.1653  28.561646    -0.1628  28.561583     4.8612     4.9624    -0.0113    93.2630 1.0000e-12  -74.11634 -112.91462  30.307348      99.92 4.1727e+01    688.861      16534  1029.4821  1029.4797     4.4243     0.0705     0.1306    34.3102    34.3073    8.08381         24 0.0000e+00
    406.000    401.405    -0.1631  28.564870    -0.1609  28.564302     4.8609     4.9628     0.0014    93.2449 1.0000e-12  -74.11634 -112.91462  30.307359      99.93 4.2088e+01    689.853      16557  1029.4877  1029.4850     4.4235     0.0715     0.1297    34.3114    34.3082    8.08328         24 0.0000e+00
    407.000    402.393    -0.1589  28.570015    -0.1567  28.569613     4.8536     4.9610    -0.0079    93.2629 1.0000e-12  -74.11634 -112.91462  30.307371      99.92 4.1798e+01    690.844      16581  1029.4934  1029.4908     4.4244     0.0703     0.1284    34.3129    34.3099    8.08230         24 0.0000e+00
    408.000    403.381    -0.1536  28.575927    -0.1517  28.574996     4.8425     4.9549    -0.0059    93.2546 1.0000e-12  -74.11634 -112.91462  30.307382      93.32 4.1669e+01    691.843      16605  1029.4987  1029.4960     4.4239     0.0700     0.1317    34.3142    34.3109    8.08110         24 0.0000e+00
    409.000    404.369    -0.1505  28.579456    -0.1480  28.579310     4.8416     4.9497    -0.0023    93.2425 1.0000e-12  -74.11634 -112.91462  30.307394      78.48 4.2306e+01    692.829      16629  1029.5038  1029.5012     4.4234     0.0688     0.1294    34.3148    34.3118    8.08041         23 0.0000e+00
    410.000    405.356    -0.1435  28.586793    -0.1411  28.586204     4.8429     4.9408    -0.0061    93.2544 1.0000e-12  -74.11634 -112.91462  30.307405      91.71 4.2309e+01    693.804      16652  1029.5091  1029.5062     4.4239     0.0702     0.1296    34.3161    34.3127    8.07886         24 0.0000e+00
    411.000    406.344    -0.1276  28.602660    -0.1257  28.601952     4.8504     4.9441    -0.0058    93.2636 1.0000e-12  -74.11634 -112.91462  30.307416      99.86 4.2309e+01    694.784      16676  1029.5147  1029.5120     4.4244     0.0702     0.1295    34.3188    34.3157    8.07536         23 0.0000e+00
    412.000    407.331    -0.1310  28.601272    -0.1289  28.600735     4.8548     4.9494     0.0058    93.2717 1.0000e-12  -74.11634 -112.91462  30.307428      99.92 4.2309e+01    695.780      16700  1029.5209  1029.5184     4.4247     0.0706     0.1322    34.3201    34.3171    8.07599         24 0.0000e+00
    413.000    408.319    -0.1335  28.600382    -0.1316  28.600051     4.8506     4.9556     0.0051    93.2567 1.0000e-12  -74.11634 -112.91462  30.307439      99.92 4.2309e+01    696.767      16723  1029.5269  1029.5246     4.4241     0.0721     0.1317    34.3212    34.3186    8.07647         24 0.0000e+00
    414.000    409.307    -0.1364  28.598969    -0.1341  28.598766     4.8551     4.9558    -0.0015    93.2366 1.0000e-12  -74.11634 -112.91462  30.307451      99.92 4.2309e+01    697.755      16747  1029.5325  1029.5301     4.4231     0.0703     0.1302    34.3219    34.3191    8.07703         24 0.0000e+00
    415.000    410.296    -0.1368  28.599147    -0.1346  28.598865     4.8594     4.9570    -0.0180    93.2346 1.0000e-12  -74.11634 -112.91462  30.307462      99.92 4.2309e+01    698.739      16771  1029.5374  1029.5350     4.4230     0.0708     0.1298    34.3220    34.3192    8.07711         23 0.0000e+00
