ocean_section_plots/required_files/ctd/dnbp2202_ctd148.cnv
* Sea-Bird SBE 9 Data File:
* FileName = D:\Data\raw\NBP2202_CTD148.hex
* Software Version Seasave V 7.26.7.121
* Temperature SN = 1649
* Conductivity SN = 2513
* Number of Bytes Per Scan = 40
* Number of Voltage Words = 5
* Number of Scans Averaged by the Deck Unit = 1
* NMEA Latitude = 74 04.55 S
* NMEA Longitude = 113 05.01 W
* NMEA UTC (Time) = Jan 30 2022  23:04:06
* NMEA baud rate = 9600
** Ship: RVIB N.B. Palmer
** Cruise: NBP2202 Thwaites
** Station: 76
** Operator: A. Robinson
# nquan = 28
# nvalues = 525                         
# units = specified
# name 0 = prDM: Pressure, Digiquartz [db]
# name 1 = depSM: Depth [salt water, m]
# name 2 = t090C: Temperature [ITS-90, deg C]
# name 3 = c0mS/cm: Conductivity [mS/cm]
# name 4 = t190C: Temperature, 2 [ITS-90, deg C]
# name 5 = c1mS/cm: Conductivity, 2 [mS/cm]
# name 6 = sbeox0ML/L: Oxygen, SBE 43 [ml/l]
# name 7 = sbeox1ML/L: Oxygen, SBE 43, 2 [ml/l]
# name 8 = flECO-AFL: Fluorescence, WET Labs ECO-AFL/FL [mg/m^3]
# name 9 = CStarTr0: Beam Transmission, WET Labs C-Star [%]
# name 10 = par: PAR/Irradiance, Biospherical/Licor
# name 11 = latitude: Latitude [deg]
# name 12 = longitude: Longitude [deg]
# name 13 = timeJ: Julian Days
# name 14 = altM: Altimeter [m]
# name 15 = spar: SPAR, Biospherical/Licor
# name 16 = timeS: Time, Elapsed [seconds]
# name 17 = scan: Scan Count
# name 18 = density00: Density [density, kg/m^3]
# name 19 = density11: Density, 2 [density, kg/m^3]
# name 20 = v3: Voltage 3
# name 21 = v4: Voltage 4
# name 22 = v5: Voltage 5
# name 23 = sal00: Salinity, Practical [PSU]
# name 24 = sal11: Salinity, Practical, 2 [PSU]
# name 25 = oxsolML/L: Oxygen Saturation, Garcia & Gordon [ml/l]
# name 26 = nbin: number of scans per bin
# name 27 = flag: flag
# span 0 =      2.000,    526.000       
# span 1 =      1.983,    519.898       
# span 2 =    -1.5243,     0.0822       
# span 3 =  27.054491,  28.879954       
# span 4 =    -1.5239,     0.0842       
# span 5 =  27.054479,  28.879608       
# span 6 =     4.7127,     9.6726       
# span 7 =     4.8071,     9.6452       
# span 8 =    -0.0212,    27.0165       
# span 9 =    67.0041,    93.4706       
# span 10 = 1.0000e-12, 3.3627e+02      
# span 11 =  -74.07596,  -74.07594      
# span 12 = -113.08362, -113.08356      
# span 13 =  30.964672,  30.974367      
# span 14 =      44.02,     107.89      
# span 15 = 7.8155e+02, 1.1435e+03      
# span 16 =    301.685,   1139.340      
# span 17 =       7241,      27345      
# span 18 =  1027.1566,  1030.0963      
# span 19 =  1027.1576,  1030.0940      
# span 20 =     3.1793,     4.4342      
# span 21 =     0.0638,     4.0933      
# span 22 =     0.1146,     0.2546      
# span 23 =    33.7726,    34.3827      
# span 24 =    33.7743,    34.3799      
# span 25 =    8.02763,    8.40195      
# span 26 =         17,         69      
# span 27 = 0.0000e+00, 0.0000e+00      
# interval = decibars: 1                
# start_time = Jan 30 2022 23:04:06 [NMEA time, header]
# bad_flag = -9.990e-29
*END*
[from data line 363]
    365.000    360.905    -0.2412  28.443837    -0.2394  28.443315     4.8092     4.9143    -0.0051    93.1345 1.0000e-12  -74.07594 -113.08362  30.970338      99.83 1.0047e+03    791.214      18990  1029.2592  1029.2570     4.4183     0.0694     0.1368    34.2625    34.2598    8.10262         30 0.0000e+00
    366.000    361.894    -0.2406  28.444976    -0.2387  28.444652     4.8139     4.9143    -0.0105    93.1249 1.0000e-12  -74.07594 -113.08362  30.970352      99.82 1.0080e+03    792.454      19020  1029.2642  1029.2620     4.4178     0.0698     0.1367    34.2628    34.2603    8.10248         30 0.0000e+00
    367.000    362.882    -0.2402  28.445859    -0.2383  28.445498     4.8102     4.9132    -0.0125    93.1266 1.0000e-12  -74.07594 -113.08362  30.970367      90.15 1.0117e+03    793.693      19050  1029.2691  1029.2669     4.4179     0.0682     0.1364    34.2630    34.2604    8.10239         29 0.0000e+00
    368.000    363.868    -0.2342  28.453147    -0.2326  28.452250     4.8097     4.9123    -0.0160    93.1248 1.0000e-12  -74.07594 -113.08362  30.970381      94.63 1.0153e+03    794.914      19079  1029.2752  1029.2728     4.4178     0.0691     0.1363    34.2653    34.2623    8.10098         29 0.0000e+00
    369.000    364.857    -0.2275  28.460940    -0.2257  28.460403     4.8094     4.9029    -0.0138    93.0982 1.0000e-12  -74.07594 -113.08362  30.970395      99.82 1.0198e+03    796.122      19108  1029.2812  1029.2790     4.4166     0.0692     0.1354    34.2675    34.2648    8.09942         29 0.0000e+00
    370.000    365.845    -0.2259  28.463108    -0.2239  28.462793     4.8029     4.9079    -0.0150    93.1078 1.0000e-12  -74.07594 -113.08360  30.970409      99.82 1.0252e+03    797.362      19138  1029.2863  1029.2841     4.4170     0.0691     0.1366    34.2680    34.2654    8.09905         31 0.0000e+00
    371.000    366.833    -0.2251  28.464457    -0.2233  28.463993     4.8069     4.9110    -0.0122    93.0839 1.0000e-12  -74.07594 -113.08361  30.970424      99.82 1.0312e+03    798.627      19168  1029.2913  1029.2891     4.4159     0.0688     0.1386    34.2683    34.2657    8.09887         29 0.0000e+00
    372.000    367.821    -0.2223  28.468015    -0.2204  28.467578     4.8024     4.9065    -0.0163    93.0975 1.0000e-12  -74.07594 -113.08360  30.970438      99.82 1.0380e+03    799.849      19197  1029.2967  1029.2945     4.4165     0.0694     0.1381    34.2694    34.2667    8.09822         29 0.0000e+00
    373.000    368.808    -0.2207  28.470462    -0.2186  28.470090     4.8023     4.9020    -0.0054    93.0866 1.0000e-12  -74.07594 -113.08360  30.970452      99.83 1.0452e+03    801.050      19226  1029.3021  1029.2997     4.4160     0.0678     0.1385    34.2702    34.2674    8.09783         29 0.0000e+00
    374.000    369.797    -0.2199  28.471561    -0.2180  28.471272     4.7980     4.9034    -0.0094    93.0878 1.0000e-12  -74.07594 -113.08360  30.970466      99.82 1.0530e+03    802.270      19255  1029.3068  1029.3046     4.4160     0.0693     0.1373    34.2701    34.2676    8.09766         30 0.0000e+00
    375.000    370.784    -0.2185  28.473564    -0.2167  28.473175     4.8004     4.9022    -0.0032    93.0996 1.0000e-12  -74.07594 -113.08360  30.970480      99.83 1.0605e+03    803.505      19285  1029.3119  1029.3098     4.4166     0.0700     0.1402    34.2707    34.2682    8.09734         30 0.0000e+00
    376.000    371.774    -0.2172  28.475657    -0.2153  28.475302     4.8017     4.9013    -0.0109    93.0798 1.0000e-12  -74.07594 -113.08360  30.970495      99.82 1.0678e+03    804.731      19315  1029.3171  1029.3149     4.4157     0.0693     0.1380    34.2714    34.2688    8.09702         29 0.0000e+00
    377.000    372.760    -0.2157  28.477798    -0.2137  28.477512     4.8030     4.8987    -0.0115    93.0884 1.0000e-12  -74.07594 -113.08360  30.970509      93.87 1.0737e+03    805.957      19344  1029.3223  1029.3201     4.4161     0.0675     0.1367    34.2720    34.2694    8.09667         29 0.0000e+00
    378.000    373.748    -0.2132  28.481065    -0.2113  28.480681     4.7986     4.9005    -0.0115    93.0902 1.0000e-12  -74.07594 -113.08360  30.970523      78.57 1.0779e+03    807.160      19373  1029.3276  1029.3254     4.4162     0.0669     0.1393    34.2729    34.2703    8.09609         29 0.0000e+00
    379.000    374.736    -0.2114  28.483559    -0.2095  28.483246     4.7995     4.8993    -0.0147    93.0647 1.0000e-12  -74.07594 -113.08360  30.970536      95.88 1.0803e+03    808.336      19401  1029.3328  1029.3306     4.4149     0.0695     0.1375    34.2736    34.2710    8.09567         28 0.0000e+00
    380.000    375.724    -0.2095  28.486130    -0.2076  28.485881     4.7975     4.8966    -0.0138    93.0919 1.0000e-12  -74.07594 -113.08360  30.970550      99.82 1.0820e+03    809.539      19430  1029.3380  1029.3358     4.4162     0.0698     0.1384    34.2743    34.2718    8.09522         29 0.0000e+00
    381.000    376.712    -0.2095  28.486688    -0.2075  28.486404     4.8006     4.9015    -0.0094    93.0766 1.0000e-12  -74.07594 -113.08360  30.970565      99.82 1.0822e+03    810.775      19460  1029.3428  1029.3405     4.4155     0.0696     0.1388    34.2744    34.2718    8.09521         30 0.0000e+00
    382.000    377.699    -0.2091  28.487493    -0.2071  28.487224     4.8034     4.8975    -0.0036    93.0740 1.0000e-12  -74.07594 -113.08360  30.970579      99.83 1.0825e+03    812.012      19489  1029.3477  1029.3454     4.4154     0.0693     0.1379    34.2745    34.2719    8.09513         30 0.0000e+00
    383.000    378.686    -0.2068  28.490445    -0.2048  28.490201     4.8017     4.8963    -0.0092    93.0626 1.0000e-12  -74.07594 -113.08360  30.970593      99.82 1.0829e+03    813.252      19519  1029.3528  1029.3507     4.4148     0.0691     0.1385    34.2752    34.2727    8.09460         29 0.0000e+00
    384.000    379.675    -0.2056  28.492302    -0.2036  28.491957     4.7969     4.8996    -0.0109    93.0689 1.0000e-12  -74.07594 -113.08360  30.970607      99.83 1.0845e+03    814.485      19549  1029.3579  1029.3556     4.4151     0.0709     0.1403    34.2757    34.2731    8.09431         30 0.0000e+00
    385.000    380.664    -0.2048  28.493562    -0.2030  28.493193     4.7976     4.9004    -0.0093    93.0561 1.0000e-12  -74.07594 -113.08360  30.970621      99.82 1.0869e+03    815.682      19577  1029.3628  1029.3606     4.4145     0.0689     0.1391    34.2759    34.2734    8.09413         28 0.0000e+00
    386.000    381.650    -0.2039  28.494895    -0.2020  28.494645     4.7925     4.9005    -0.0054    93.0600 1.0000e-12  -74.07594 -113.08360  30.970635      99.82 1.0904e+03    816.872      19606  1029.3675  1029.3655     4.4147     0.0696     0.1368    34.2761    34.2737    8.09393         29 0.0000e+00
    387.000    382.639    -0.2021  28.497459    -0.2002  28.497156     4.7935     4.8960    -0.0107    93.0556 1.0000e-12  -74.07594 -113.08360  30.970649      99.83 1.0935e+03    818.083      19635  1029.3728  1029.3706     4.4145     0.0702     0.1381    34.2768    34.2743    8.09350         29 0.0000e+00
    388.000    383.626    -0.2012  28.498969    -0.1993  28.498611     4.7981     4.8885    -0.0150    93.0573 1.0000e-12  -74.07594 -113.08360  30.970663      99.82 1.0952e+03    819.297      19664  1029.3778  1029.3756     4.4146     0.0697     0.1374    34.2773    34.2747    8.09329         29 0.0000e+00
    389.000    384.614    -0.1983  28.502571    -0.1963  28.502343     4.7977     4.8932    -0.0086    93.0690 1.0000e-12  -74.07594 -113.08360  30.970677      86.84 1.0965e+03    820.516      19693  1029.3831  1029.3810     4.4151     0.0684     0.1414    34.2782    34.2757    8.09262         29 0.0000e+00
    390.000    385.602    -0.1946  28.507373    -0.1926  28.507151     4.7962     4.8957    -0.0084    93.0680 1.0000e-12  -74.07594 -113.08360  30.970691      99.93 1.0968e+03    821.739      19723  1029.3889  1029.3867     4.4150     0.0706     0.1385    34.2799    34.2773    8.09174         30 0.0000e+00
    391.000    386.589    -0.1934  28.509209    -0.1914  28.508978     4.7934     4.8955    -0.0107    93.0299 1.0000e-12  -74.07594 -113.08360  30.970706      99.82 1.0977e+03    822.956      19752  1029.3939  1029.3918     4.4133     0.0691     0.1409    34.2803    34.2778    8.09145         29 0.0000e+00
    392.000    387.578    -0.1926  28.510493    -0.1907  28.510273     4.7941     4.8970    -0.0027    93.0518 1.0000e-12  -74.07594 -113.08360  30.970719      99.82 1.0999e+03    824.158      19781  1029.3988  1029.3967     4.4143     0.0696     0.1385    34.2806    34.2781    8.09128         29 0.0000e+00
    393.000    388.566    -0.1912  28.512542    -0.1893  28.512259     4.7915     4.8980    -0.0167    93.0529 1.0000e-12  -74.07594 -113.08360  30.970733      99.82 1.1040e+03    825.368      19810  1029.4040  1029.4018     4.4144     0.0682     0.1387    34.2812    34.2786    8.09096         29 0.0000e+00
    394.000    389.552    -0.1887  28.515904    -0.1868  28.515535     4.7896     4.8926    -0.0110    93.0556 1.0000e-12  -74.07594 -113.08360  30.970747      99.83 1.1090e+03    826.582      19839  1029.4093  1029.4072     4.4145     0.0699     0.1393    34.2822    34.2796    8.09035         29 0.0000e+00
    395.000    390.541    -0.1837  28.522100    -0.1816  28.521815     4.7900     4.8963    -0.0090    93.0369 1.0000e-12  -74.07594 -113.08360  30.970761      99.82 1.1155e+03    827.790      19868  1029.4153  1029.4131     4.4136     0.0686     0.1378    34.2842    34.2816    8.08918         29 0.0000e+00
    396.000    391.529    -0.1813  28.525249    -0.1792  28.525014     4.7910     4.8930    -0.0009    93.0271 1.0000e-12  -74.07594 -113.08360  30.970775      99.83 1.1227e+03    829.004      19897  1029.4206  1029.4184     4.4132     0.0698     0.1411    34.2851    34.2825    8.08862         29 0.0000e+00
    397.000    392.517    -0.1792  28.528138    -0.1771  28.527821     4.7887     4.8886    -0.0004    93.0379 1.0000e-12  -74.07594 -113.08360  30.970790      99.83 1.1274e+03    830.219      19926  1029.4259  1029.4237     4.4137     0.0696     0.1387    34.2860    34.2833    8.08812         29 0.0000e+00
    398.000    393.504    -0.1777  28.529983    -0.1758  28.529762     4.7854     4.8876    -0.0004    93.0362 1.0000e-12  -74.07594 -113.08360  30.970804      99.82 1.1310e+03    831.442      19956  1029.4308  1029.4287     4.4136     0.0698     0.1387    34.2862    34.2838    8.08780         30 0.0000e+00
    399.000    394.491    -0.1764  28.532065    -0.1743  28.531821     4.7878     4.8896    -0.0004    93.0369 1.0000e-12  -74.07594 -113.08360  30.970818      85.04 1.1345e+03    832.677      19985  1029.4360  1029.4338     4.4136     0.0676     0.1401    34.2869    34.2842    8.08748         29 0.0000e+00
    400.000    395.480    -0.1734  28.535765    -0.1716  28.535231     4.7886     4.8911    -0.0093    93.0301 1.0000e-12  -74.07594 -113.08360  30.970832      89.61 1.1381e+03    833.921      20015  1029.4413  1029.4390     4.4133     0.0676     0.1396    34.2878    34.2851    8.08679         30 0.0000e+00
    401.000    396.467    -0.1692  28.540875    -0.1668  28.540967     4.7852     4.8878    -0.0100    93.0271 1.0000e-12  -74.07594 -113.08360  30.970847      99.98 1.1406e+03    835.143      20044  1029.4470  1029.4447     4.4131     0.0703     0.1406    34.2894    34.2868    8.08583         29 0.0000e+00
    402.000    397.455    -0.1624  28.548903    -0.1599  28.549082     4.7864     4.8862    -0.0105    93.0200 1.0000e-12  -74.07594 -113.08360  30.970860      99.82 1.1433e+03    836.346      20073  1029.4532  1029.4509     4.4128     0.0699     0.1395    34.2918    34.2892    8.08425         29 0.0000e+00
    403.000    398.443    -0.1581  28.554146    -0.1558  28.554172     4.7814     4.8856    -0.0128    93.0075 1.0000e-12  -74.07594 -113.08360  30.970874      99.83 1.1435e+03    837.549      20102  1029.4588  1029.4566     4.4123     0.0713     0.1390    34.2933    34.2908    8.08324         29 0.0000e+00
    404.000    399.431    -0.1571  28.555673    -0.1552  28.555389     4.7793     4.8833    -0.0126    93.0454 1.0000e-12  -74.07594 -113.08360  30.970888      99.82 1.1422e+03    838.763      20131  1029.4638  1029.4616     4.4140     0.0697     0.1401    34.2936    34.2911    8.08301         30 0.0000e+00
    405.000    400.418    -0.1558  28.557502    -0.1540  28.557107     4.7714     4.8868    -0.0053    93.0405 1.0000e-12  -74.07594 -113.08360  30.970903      99.83 1.1401e+03    839.983      20161  1029.4688  1029.4666     4.4138     0.0701     0.1400    34.2941    34.2915    8.08272         29 0.0000e+00
    406.000    401.406    -0.1546  28.559342    -0.1530  28.558678     4.7767     4.8863    -0.0122    93.0192 1.0000e-12  -74.07594 -113.08360  30.970917      99.83 1.1374e+03    841.203      20190  1029.4739  1029.4717     4.4128     0.0699     0.1415    34.2946    34.2919    8.08244         29 0.0000e+00
    407.000    402.393    -0.1532  28.561330    -0.1516  28.560596     4.7795     4.8783    -0.0160    93.0227 1.0000e-12  -74.07594 -113.08360  30.970931      99.82 1.1328e+03    842.406      20219  1029.4789  1029.4766     4.4129     0.0698     0.1382    34.2950    34.2922    8.08211         29 0.0000e+00
    408.000    403.382    -0.1510  28.564268    -0.1489  28.564133     4.7799     4.8790    -0.0062    93.0412 1.0000e-12  -74.07594 -113.08360  30.970944      99.82 1.1277e+03    843.601      20247  1029.4842  1029.4821     4.4138     0.0681     0.1371    34.2958    34.2933    8.08159         28 0.0000e+00
    409.000    404.370    -0.1479  28.568198    -0.1457  28.568109     4.7809     4.8792    -0.0011    93.0512 1.0000e-12  -74.07595 -113.08360  30.970958      81.10 1.1225e+03    844.801      20276  1029.4896  1029.4875     4.4143     0.0678     0.1383    34.2970    34.2944    8.08088         29 0.0000e+00
    410.000    405.356    -0.1417  28.575668    -0.1396  28.575420     4.7794     4.8812    -0.0101    93.0543 1.0000e-12  -74.07595 -113.08360  30.970972      85.46 1.1170e+03    846.015      20305  1029.4958  1029.4935     4.4144     0.0668     0.1387    34.2994    34.2967    8.07943         30 0.0000e+00
    411.000    406.345    -0.1390  28.579059    -0.1370  28.578798     4.7732     4.8817    -0.0028    93.0494 1.0000e-12  -74.07596 -113.08360  30.970987      96.17 1.1116e+03    847.236      20335  1029.5011  1029.4989     4.4142     0.0695     0.1362    34.3003    34.2976    8.07882         29 0.0000e+00
    412.000    407.332    -0.1355  28.583490    -0.1334  28.583331     4.7749     4.8785    -0.0092    93.0556 1.0000e-12  -74.07596 -113.08360  30.971001      99.84 1.1051e+03    848.465      20364  1029.5067  1029.5045     4.4145     0.0698     0.1372    34.3016    34.2990    8.07800         29 0.0000e+00
    413.000    408.319    -0.1336  28.586128    -0.1316  28.585912     4.7750     4.8707    -0.0023    93.0586 1.0000e-12  -74.07596 -113.08360  30.971015      99.82 1.0970e+03    849.687      20393  1029.5120  1029.5098     4.4146     0.0698     0.1382    34.3024    34.2998    8.07755         30 0.0000e+00
    414.000    409.308    -0.1318  28.588666    -0.1295  28.588670     4.7759     4.8749    -0.0017    93.0714 1.0000e-12  -74.07596 -113.08360  30.971029      99.82 1.0882e+03    850.899      20423  1029.5172  1029.5150     4.4152     0.0679     0.1384    34.3031    34.3006    8.07712         29 0.0000e+00
    415.000    410.295    -0.1284  28.592774    -0.1267  28.592300     4.7768     4.8765    -0.0056    93.0812 1.0000e-12  -74.07596 -113.08360  30.971043      99.82 1.0784e+03    852.107      20452  1029.5225  1029.5204     4.4157     0.0696     0.1400    34.3042    34.3016    8.07635         29 0.0000e+00
