ocean_section_plots/required_files/ctd/dnbp2202_ctd056.cnv
* Sea-Bird SBE 9 Data File:
* FileName = D:\Data\raw\NBP2202_CTD056.hex
* Software Version Seasave V 7.26.7.121
* Temperature SN = 1649
* Conductivity SN = 2513
* Number of Bytes Per Scan = 40
* Number of Voltage Words = 5
* Number of Scans Averaged by the Deck Unit = 1
* NMEA Latitude = 74 14.10 S
* NMEA Longitude = 112 19.83 W
* NMEA UTC (Time) = Jan 24 2022  14:51:27
* NMEA baud rate = 9600
** Ship: RVIB N.B. Palmer
** Cruise: NBP2202 Thwaites
** Station: Section Dotson C
** Operator: B Bjork
# nquan = 25
# nvalues = 1089                        
# units = specified
# name 0 = prDM: Pressure, Digiquartz [db]
# name 1 = depSM: Depth [salt water, m]
# name 2 = t090C: Temperature [ITS-90, deg C]
# name 3 = c0mS/cm: Conductivity [mS/cm]
# name 4 = t190C: Temperature, 2 [ITS-90, deg C]
# name 5 = c1mS/cm: Conductivity, 2 [mS/cm]
# name 6 = sbeox0ML/L: Oxygen, SBE 43 [ml/l]
# name 7 = sbeox1ML/L: Oxygen, SBE 43, 2 [ml/l]
# name 8 = flECO-AFL: Fluorescence, WET Labs ECO-AFL/FL [mg/m^3]
# name 9 = CStarTr0: Beam Transmission, WET Labs C-Star [%]
# name 10 = par: PAR/Irradiance, Biospherical/Licor
# name 11 = latitude: Latitude [deg]
# name 12 = longitude: Longitude [deg]
# name 13 = timeJ: Julian Days
# name 14 = altM: Altimeter [m]
# name 15 = spar: SPAR, Biospherical/Licor
# name 16 = timeS: Time, Elapsed [seconds]
# name 17 = scan: Scan Count
# name 18 = density00: Density [density, kg/m^3]
# name 19 = density11: Density, 2 [density, kg/m^3]
# name 20 = sal00: Salinity, Practical [PSU]
# name 21 = sal11: Salinity, Practical, 2 [PSU]
# name 22 = oxsolML/L: Oxygen Saturation, Garcia & Gordon [ml/l]
# name 23 = nbin: number of scans per bin
# name 24 = flag: flag
# span 0 =      1.000,   1089.000       
# span 1 =      1.035,   1074.910       
# span 2 =    -1.5003,     0.5272       
# span 3 =  27.093667,  29.634846       
# span 4 =    -1.5002,     0.5293       
# span 5 =  27.093922,  29.634702       
# span 6 =     4.5757,     8.3641       
# span 7 =     4.7582,     8.6034       
# span 8 =    -0.0132,    18.7031       
# span 9 =    71.8370,    97.0543       
# span 10 = 1.0000e-12, 5.3807e+02      
# span 11 =  -74.23512,  -74.23512      
# span 12 = -112.33052, -112.33048      
# span 13 =  24.621710,  24.639174      
# span 14 =       3.57,     100.17      
# span 15 = 1.0119e+03, 1.7047e+03      
# span 16 =    228.742,   1737.614      
# span 17 =       5491,      41704      
# span 18 =  1027.1723,  1032.8292      
# span 19 =  1027.1757,  1032.8270      
# span 20 =    33.7769,    34.5525      
# span 21 =    33.7822,    34.5498      
# span 22 =    7.92607,    8.39542      
# span 23 =          1,         49      
# span 24 = 0.0000e+00, 0.0000e+00      
# interval = decibars: 1                
# start_time = Jan 24 2022 14:51:27 [NMEA time, header]
# bad_flag = -9.990e-29
*END*
[from data line 638]
    639.000    631.410     0.2103  29.070424     0.2125  29.069949     4.6872     4.8913    -0.0004    96.7824 1.0000e-12  -74.23512 -112.33050  24.631964      99.87 1.2239e+03   1114.685      26753  1030.6519  1030.6493    34.4241    34.4211    7.99857         28 0.0000e+00
    640.000    632.398     0.2113  29.071849     0.2134  29.071556     4.6885     4.8915    -0.0004    96.7547 1.0000e-12  -74.23512 -112.33050  24.631978      99.86 1.2215e+03   1115.860      26782  1030.6567  1030.6543    34.4243    34.4215    7.99836         28 0.0000e+00
    641.000    633.383     0.2119  29.073107     0.2141  29.072638     4.6886     4.8874     0.0039    96.7957 1.0000e-12  -74.23512 -112.33050  24.631991      99.86 1.2182e+03   1117.034      26810  1030.6617  1030.6591    34.4247    34.4216    7.99822         28 0.0000e+00
    642.000    634.372     0.2132  29.074824     0.2153  29.074502     4.6868     4.8884    -0.0004    96.7696 1.0000e-12  -74.23512 -112.33050  24.632005      99.87 1.2165e+03   1118.217      26838  1030.6664  1030.6641    34.4249    34.4221    7.99793         29 0.0000e+00
    643.000    635.357     0.2155  29.077963     0.2178  29.077714     4.6900     4.8867    -0.0046    96.7890 1.0000e-12  -74.23512 -112.33050  24.632019      99.86 1.2152e+03   1119.407      26867  1030.6717  1030.6693    34.4259    34.4230    7.99740         28 0.0000e+00
    644.000    636.344     0.2164  29.079450     0.2184  29.078987     4.6871     4.8855    -0.0051    96.7916 1.0000e-12  -74.23512 -112.33050  24.632032      99.86 1.2141e+03   1120.587      26895  1030.6767  1030.6742    34.4263    34.4234    7.99719         28 0.0000e+00
    645.000    637.330     0.2168  29.080412     0.2190  29.080150     4.6844     4.8886    -0.0006    96.8117 1.0000e-12  -74.23512 -112.33050  24.632046      99.86 1.2131e+03   1121.759      26923  1030.6815  1030.6791    34.4264    34.4236    7.99709         29 0.0000e+00
    646.000    638.318     0.2182  29.082571     0.2204  29.082133     4.6829     4.8882     0.0035    96.8164 1.0000e-12  -74.23512 -112.33050  24.632059      78.70 1.2131e+03   1122.931      26951  1030.6866  1030.6841    34.4271    34.4241    7.99676         28 0.0000e+00
    647.000    639.304     0.2214  29.086674     0.2237  29.086312     4.6862     4.8897     0.0014    96.7888 1.0000e-12  -74.23512 -112.33050  24.632073      84.82 1.2138e+03   1124.106      26980  1030.6920  1030.6895    34.4284    34.4254    7.99602         28 0.0000e+00
    648.000    640.291     0.2228  29.088574     0.2248  29.088132     4.6801     4.8834     0.0049    96.8018 1.0000e-12  -74.23512 -112.33050  24.632087      98.35 1.2153e+03   1125.283      27008  1030.6970  1030.6945    34.4288    34.4259    7.99573         28 0.0000e+00
    649.000    641.277     0.2235  29.089965     0.2258  29.089588     4.6811     4.8740     0.0003    96.8161 1.0000e-12  -74.23512 -112.33050  24.632100      99.87 1.2178e+03   1126.467      27036  1030.7019  1030.6994    34.4292    34.4262    7.99554         29 0.0000e+00
    650.000    642.262     0.2244  29.091246     0.2268  29.091141     4.6839     4.8839    -0.0006    96.7637 1.0000e-12  -74.23512 -112.33050  24.632114      99.86 1.2184e+03   1127.664      27065  1030.7067  1030.7043    34.4293    34.4265    7.99536         29 0.0000e+00
    651.000    643.250     0.2261  29.093690     0.2282  29.093165     4.6831     4.8848    -0.0007    96.8057 1.0000e-12  -74.23512 -112.33050  24.632128      99.86 1.2203e+03   1128.863      27094  1030.7119  1030.7093    34.4301    34.4271    7.99497         29 0.0000e+00
    652.000    644.237     0.2280  29.096158     0.2299  29.095680     4.6805     4.8844    -0.0001    96.7962 1.0000e-12  -74.23512 -112.33050  24.632142      99.85 1.2233e+03   1130.064      27123  1030.7169  1030.7144    34.4306    34.4278    7.99454         28 0.0000e+00
    653.000    645.223     0.2288  29.097657     0.2311  29.097462     4.6800     4.8797     0.0049    96.8151 1.0000e-12  -74.23512 -112.33050  24.632156      99.87 1.2249e+03   1131.254      27151  1030.7219  1030.7194    34.4311    34.4283    7.99434         29 0.0000e+00
    654.000    646.209     0.2310  29.100496     0.2331  29.100186     4.6793     4.8742    -0.0019    96.8239 1.0000e-12  -74.23512 -112.33050  24.632170      99.86 1.2274e+03   1132.449      27180  1030.7270  1030.7245    34.4318    34.4290    7.99385         29 0.0000e+00
    655.000    647.196     0.2322  29.102249     0.2343  29.101843     4.6832     4.8773    -0.0009    96.8247 1.0000e-12  -74.23512 -112.33050  24.632183      99.87 1.2313e+03   1133.650      27209  1030.7318  1030.7294    34.4322    34.4293    7.99358         28 0.0000e+00
    656.000    648.183     0.2327  29.103233     0.2349  29.102824     4.6786     4.8812     0.0032    96.7988 1.0000e-12  -74.23512 -112.33050  24.632197      99.86 1.2333e+03   1134.848      27237  1030.7366  1030.7341    34.4323    34.4294    7.99346         29 0.0000e+00
    657.000    649.169     0.2329  29.103792     0.2349  29.103359     4.6773     4.8824    -0.0029    96.8176 1.0000e-12  -74.23512 -112.33050  24.632211      98.45 1.2362e+03   1136.034      27266  1030.7413  1030.7389    34.4323    34.4294    7.99343         29 0.0000e+00
    658.000    650.156     0.2328  29.104413     0.2350  29.104106     4.6770     4.8822     0.0016    96.8429 1.0000e-12  -74.23512 -112.33050  24.632225      82.94 1.2380e+03   1137.218      27294  1030.7463  1030.7439    34.4326    34.4298    7.99343         28 0.0000e+00
    659.000    651.141     0.2350  29.107563     0.2372  29.107143     4.6798     4.8826     0.0014    96.8258 1.0000e-12  -74.23512 -112.33050  24.632239      98.07 1.2387e+03   1138.414      27323  1030.7517  1030.7491    34.4337    34.4307    7.99291         29 0.0000e+00
    660.000    652.128     0.2354  29.108289     0.2375  29.107901     4.6813     4.8829     0.0051    96.8404 1.0000e-12  -74.23512 -112.33050  24.632252      99.87 1.2387e+03   1139.610      27352  1030.7563  1030.7539    34.4336    34.4308    7.99283         28 0.0000e+00
    661.000    653.116     0.2362  29.109786     0.2383  29.109342     4.6809     4.8820     0.0200    96.8372 1.0000e-12  -74.23512 -112.33050  24.632266      99.86 1.2376e+03   1140.804      27380  1030.7613  1030.7589    34.4341    34.4312    7.99263         29 0.0000e+00
    662.000    654.101     0.2385  29.112909     0.2407  29.112589     4.6820     4.8772     0.0062    96.8364 1.0000e-12  -74.23512 -112.33050  24.632280      99.86 1.2356e+03   1141.994      27409  1030.7665  1030.7641    34.4350    34.4322    7.99210         29 0.0000e+00
    663.000    655.088     0.2397  29.114697     0.2418  29.114270     4.6866     4.8789     0.0017    96.8109 1.0000e-12  -74.23512 -112.33050  24.632294      99.87 1.2337e+03   1143.187      27437  1030.7716  1030.7691    34.4355    34.4326    7.99184         28 0.0000e+00
    664.000    656.075     0.2404  29.115974     0.2425  29.115574     4.6800     4.8780     0.0144    96.8321 1.0000e-12  -74.23512 -112.33050  24.632308      99.86 1.2323e+03   1144.384      27466  1030.7765  1030.7740    34.4358    34.4329    7.99168         29 0.0000e+00
    665.000    657.061     0.2439  29.120583     0.2459  29.120004     4.6746     4.8792     0.0095    96.8460 1.0000e-12  -74.23512 -112.33050  24.632321      99.85 1.2309e+03   1145.573      27495  1030.7821  1030.7795    34.4374    34.4343    7.99086         29 0.0000e+00
    666.000    658.048     0.2446  29.121939     0.2467  29.121464     4.6754     4.8796    -0.0042    96.8358 1.0000e-12  -74.23512 -112.33050  24.632335      99.86 1.2299e+03   1146.758      27523  1030.7870  1030.7845    34.4377    34.4348    7.99068         28 0.0000e+00
    667.000    659.034     0.2445  29.122188     0.2467  29.121790     4.6803     4.8815    -0.0022    96.8060 1.0000e-12  -74.23512 -112.33050  24.632349      99.86 1.2289e+03   1147.950      27552  1030.7916  1030.7892    34.4376    34.4347    7.99071         28 0.0000e+00
    668.000    660.021     0.2446  29.122731     0.2467  29.122351     4.6755     4.8815     0.0023    96.8414 1.0000e-12  -74.23512 -112.33050  24.632363      77.26 1.2281e+03   1149.149      27581  1030.7964  1030.7940    34.4376    34.4348    7.99069         30 0.0000e+00
    669.000    661.007     0.2452  29.123693     0.2471  29.123210     4.6754     4.8767    -0.0012    96.8284 1.0000e-12  -74.23512 -112.33050  24.632377      86.83 1.2283e+03   1150.351      27609  1030.8011  1030.7987    34.4377    34.4349    7.99057         28 0.0000e+00
    670.000    661.994     0.2467  29.125869     0.2489  29.125619     4.6780     4.8738    -0.0062    96.8525 1.0000e-12  -74.23512 -112.33050  24.632391      98.66 1.2273e+03   1151.549      27638  1030.8061  1030.8037    34.4382    34.4355    7.99022         29 0.0000e+00
    671.000    662.980     0.2481  29.127955     0.2503  29.127642     4.6776     4.8760    -0.0024    96.8104 1.0000e-12  -74.23512 -112.33050  24.632404      99.88 1.2272e+03   1152.744      27667  1030.8112  1030.8088    34.4389    34.4360    7.98991         28 0.0000e+00
    672.000    663.967     0.2492  29.129588     0.2513  29.129375     4.6776     4.8733     0.0055    96.8638 1.0000e-12  -74.23512 -112.33050  24.632418      99.86 1.2270e+03   1153.934      27695  1030.8161  1030.8138    34.4392    34.4366    7.98966         29 0.0000e+00
    673.000    664.952     0.2505  29.131727     0.2528  29.131575     4.6786     4.8759    -0.0017    96.8621 1.0000e-12  -74.23512 -112.33050  24.632432      99.86 1.2267e+03   1155.135      27724  1030.8213  1030.8189    34.4400    34.4373    7.98934         29 0.0000e+00
    674.000    665.939     0.2522  29.133956     0.2543  29.133794     4.6731     4.8692    -0.0077    96.8373 1.0000e-12  -74.23512 -112.33050  24.632446      99.86 1.2253e+03   1156.331      27753  1030.8262  1030.8240    34.4404    34.4378    7.98896         29 0.0000e+00
    675.000    666.927     0.2529  29.135286     0.2551  29.135021     4.6783     4.8698    -0.0032    96.8085 1.0000e-12  -74.23512 -112.33050  24.632460      99.86 1.2242e+03   1157.518      27781  1030.8311  1030.8288    34.4408    34.4381    7.98880         26 0.0000e+00
    676.000    667.912     0.2539  29.136934     0.2560  29.136545     4.6731     4.8721    -0.0062    96.8535 1.0000e-12  -74.23512 -112.33050  24.632473      99.87 1.2234e+03   1158.695      27810  1030.8362  1030.8337    34.4413    34.4384    7.98857         28 0.0000e+00
    677.000    668.898     0.2547  29.138335     0.2568  29.137972     4.6743     4.8736    -0.0006    96.8756 1.0000e-12  -74.23512 -112.33050  24.632487      99.86 1.2234e+03   1159.882      27838  1030.8411  1030.8386    34.4416    34.4388    7.98838         29 0.0000e+00
    678.000    669.885     0.2556  29.139842     0.2577  29.139340     4.6744     4.8737    -0.0044    96.8578 1.0000e-12  -74.23512 -112.33050  24.632501      99.86 1.2225e+03   1161.072      27867  1030.8460  1030.8434    34.4420    34.4390    7.98816         29 0.0000e+00
    679.000    670.871     0.2565  29.140948     0.2584  29.140539     4.6673     4.8751    -0.0043    96.8275 1.0000e-12  -74.23512 -112.33050  24.632515      90.23 1.2229e+03   1162.268      27895  1030.8506  1030.8483    34.4419    34.4393    7.98799         28 0.0000e+00
    680.000    671.859     0.2574  29.142532     0.2595  29.142145     4.6739     4.8752    -0.0011    96.8382 1.0000e-12  -74.23512 -112.33050  24.632529      87.19 1.2234e+03   1163.464      27924  1030.8556  1030.8531    34.4424    34.4395    7.98778         29 0.0000e+00
    681.000    672.844     0.2599  29.145730     0.2620  29.145316     4.6692     4.8733     0.0044    96.8577 1.0000e-12  -74.23512 -112.33051  24.632542      99.73 1.2238e+03   1164.666      27953  1030.8607  1030.8582    34.4432    34.4403    7.98721         29 0.0000e+00
    682.000    673.831     0.2613  29.147778     0.2634  29.147285     4.6718     4.8732    -0.0056    96.8515 1.0000e-12  -74.23512 -112.33051  24.632556      99.86 1.2248e+03   1165.870      27982  1030.8657  1030.8632    34.4438    34.4408    7.98689         29 0.0000e+00
    683.000    674.817     0.2619  29.149026     0.2640  29.148623     4.6750     4.8656    -0.0014    96.8467 1.0000e-12  -74.23512 -112.33052  24.632570      99.85 1.2260e+03   1167.073      28011  1030.8706  1030.8682    34.4441    34.4413    7.98674         28 0.0000e+00
    684.000    675.804     0.2627  29.150332     0.2648  29.149965     4.6690     4.8713    -0.0014    96.8452 1.0000e-12  -74.23512 -112.33050  24.632584      99.86 1.2278e+03   1168.260      28039  1030.8755  1030.8731    34.4443    34.4416    7.98656         29 0.0000e+00
    685.000    676.788     0.2633  29.151435     0.2654  29.151073     4.6675     4.8708    -0.0054    96.8320 1.0000e-12  -74.23512 -112.33052  24.632598      99.86 1.2297e+03   1169.450      28068  1030.8803  1030.8779    34.4446    34.4418    7.98643         29 0.0000e+00
    686.000    677.777     0.2637  29.152329     0.2657  29.151868     4.6688     4.8717     0.0112    96.8127 1.0000e-12  -74.23512 -112.33050  24.632612      99.86 1.2311e+03   1170.646      28097  1030.8851  1030.8827    34.4447    34.4419    7.98634         28 0.0000e+00
    687.000    678.763     0.2653  29.154749     0.2675  29.154314     4.6695     4.8737    -0.0011    96.8502 1.0000e-12  -74.23512 -112.33050  24.632625      99.86 1.2324e+03   1171.835      28125  1030.8902  1030.8878    34.4455    34.4426    7.98595         28 0.0000e+00
    688.000    679.749     0.2662  29.156265     0.2683  29.155900     4.6688     4.8685     0.0019    96.8243 1.0000e-12  -74.23512 -112.33050  24.632639      99.86 1.2331e+03   1173.025      28154  1030.8952  1030.8929    34.4459    34.4432    7.98574         29 0.0000e+00
    689.000    680.736     0.2667  29.157349     0.2688  29.156950     4.6676     4.8669     0.0059    96.8634 1.0000e-12  -74.23512 -112.33050  24.632653      99.87 1.2347e+03   1174.222      28182  1030.9001  1030.8977    34.4462    34.4434    7.98563         29 0.0000e+00
    690.000    681.722     0.2670  29.158277     0.2691  29.157943     4.6661     4.8698     0.0021    96.8541 1.0000e-12  -74.23512 -112.33050  24.632667      99.86 1.2357e+03   1175.418      28211  1030.9051  1030.9027    34.4466    34.4437    7.98555         29 0.0000e+00
    691.000    682.709     0.2675  29.159673     0.2697  29.159281     4.6710     4.8726    -0.0011    96.8629 1.0000e-12  -74.23512 -112.33050  24.632681      87.33 1.2358e+03   1176.612      28240  1030.9102  1030.9078    34.4472    34.4443    7.98540         29 0.0000e+00
    692.000    683.694     0.2678  29.160560     0.2699  29.160233     4.6739     4.8707    -0.0009    96.8524 1.0000e-12  -74.23512 -112.33050  24.632694      99.39 1.2358e+03   1177.799      28268  1030.9152  1030.9128    34.4475    34.4447    7.98533         28 0.0000e+00
    693.000    684.679     0.2683  29.162028     0.2704  29.161614     4.6682     4.8728     0.0048    96.8642 1.0000e-12  -74.23512 -112.33050  24.632708      99.86 1.2366e+03   1178.979      28296  1030.9204  1030.9179    34.4482    34.4453    7.98518         28 0.0000e+00
    694.000    685.669     0.2684  29.162835     0.2705  29.162373     4.6769     4.8741     0.0006    96.8595 1.0000e-12  -74.23512 -112.33050  24.632722      99.86 1.2378e+03   1180.162      28325  1030.9254  1030.9230    34.4486    34.4457    7.98514         29 0.0000e+00
    695.000    686.654     0.2673  29.162548     0.2694  29.162207     4.6775     4.8756    -0.0084    96.8686 1.0000e-12  -74.23512 -112.33050  24.632736      99.86 1.2401e+03   1181.361      28354  1030.9305  1030.9282    34.4489    34.4462    7.98536         27 0.0000e+00
