ocean_section_plots/required_files/ctd/dnbp2202_ctd283.cnv
* Sea-Bird SBE 9 Data File:
* FileName = D:\Data\raw\NBP2202_CTD283.hex
* Software Version Seasave V 7.26.7.121
* Temperature SN = 1649
* Conductivity SN = 2513
* Number of Bytes Per Scan = 40
* Number of Voltage Words = 5
* Number of Scans Averaged by the Deck Unit = 1
* NMEA Latitude = 74 08.10 S
* NMEA Longitude = 115 33.38 W
* NMEA UTC (Time) = Feb 22 2022  09:10:02
* NMEA baud rate = 9600
** Ship: RVIB N.B. Palmer
** Cruise: NBP2202 Thwaites
** Station: 185
** Operator: B. Bjork
# nquan = 28
# nvalues = 964                         
# units = specified
# name 0 = prDM: Pressure, Digiquartz [db]
# name 1 = depSM: Depth [salt water, m]
# name 2 = t090C: Temperature [ITS-90, deg C]
# name 3 = c0mS/cm: Conductivity [mS/cm]
# name 4 = t190C: Temperature, 2 [ITS-90, deg C]
# name 5 = c1mS/cm: Conductivity, 2 [mS/cm]
# name 6 = sbeox0ML/L: Oxygen, SBE 43 [ml/l]
# name 7 = sbeox1ML/L: Oxygen, SBE 43, 2 [ml/l]
# name 8 = flECO-AFL: Fluorescence, WET Labs ECO-AFL/FL [mg/m^3]
# name 9 = CStarTr0: Beam Transmission, WET Labs C-Star [%]
# name 10 = par: PAR/Irradiance, Biospherical/Licor
# name 11 = latitude: Latitude [deg]
# name 12 = longitude: Longitude [deg]
# name 13 = timeJ: Julian Days
# name 14 = altM: Altimeter [m]
# name 15 = spar: SPAR, Biospherical/Licor
# name 16 = timeS: Time, Elapsed [seconds]
# name 17 = scan: Scan Count
# name 18 = density00: Density [density, kg/m^3]
# name 19 = density11: Density, 2 [density, kg/m^3]
# name 20 = v3: Voltage 3
# name 21 = v4: Voltage 4
# name 22 = v5: Voltage 5
# name 23 = sal00: Salinity, Practical [PSU]
# name 24 = sal11: Salinity, Practical, 2 [PSU]
# name 25 = oxsolML/L: Oxygen Saturation, Garcia & Gordon [ml/l]
# name 26 = nbin: number of scans per bin
# name 27 = flag: flag
# span 0 =      2.000,    965.000       
# span 1 =      1.979,    952.803       
# span 2 =    -1.8288,     0.5239       
# span 3 =  26.911987,  29.579917       
# span 4 =    -1.8284,     0.5264       
# span 5 =  26.912388,  29.580503       
# span 6 =     4.5072,     9.1427       
# span 7 =     4.6144,     9.3898       
# span 8 =     0.1744,    10.1976       
# span 9 =    89.6797,    98.3055       
# span 10 = 1.0000e-12, 4.0970e-01      
# span 11 =  -74.13500,  -74.13500      
# span 12 = -115.55645, -115.55640      
# span 13 =  53.384776,  53.398019      
# span 14 =       3.05,     101.16      
# span 15 = 1.4099e+01, 2.6200e+01      
# span 16 =    242.644,   1386.807      
# span 17 =       5824,      33284      
# span 18 =  1027.1721,  1032.2582      
# span 19 =  1027.1735,  1032.2565      
# span 20 =     4.2544,     4.6635      
# span 21 =     0.0932,     1.4466      
# span 22 =     0.1091,     0.2808      
# span 23 =    33.8035,    34.5581      
# span 24 =    33.8058,    34.5560      
# span 25 =    7.92642,    8.46474      
# span 26 =         22,         57      
# span 27 = 0.0000e+00, 0.0000e+00      
# interval = decibars: 1                
# start_time = Feb 22 2022 09:10:02 [NMEA time, header]
# bad_flag = -9.990e-29
*END*
[from data line 829]
    831.000    820.757     0.5016  29.502167     0.5042  29.502691     4.5672     4.6677     0.3951    98.0388 1.0000e-12  -74.13500 -115.55643  53.395413      99.87 1.6512e+01   1161.694      27882  1031.6315  1031.6296     4.6508     0.1250     0.1136    34.5531    34.5510    7.93125         24 0.0000e+00
    832.000    821.744     0.5019  29.502875     0.5044  29.503505     4.5482     4.6652     0.2782    98.0268 1.0000e-12  -74.13500 -115.55643  53.395425      74.62 1.7333e+01   1162.685      27905  1031.6362  1031.6345     4.6502     0.1148     0.1154    34.5532    34.5512    7.93119         24 0.0000e+00
    833.000    822.728     0.5020  29.503486     0.5047  29.504218     4.5491     4.6633     0.2659    97.9576 1.0000e-12  -74.13500 -115.55643  53.395436      86.77 2.0032e+01   1163.680      27929  1031.6410  1031.6391     4.6470     0.1152     0.1111    34.5533    34.5513    7.93116         24 0.0000e+00
    834.000    823.715     0.5025  29.504354     0.5049  29.504958     4.5595     4.6640     0.3033    98.0148 1.0000e-12  -74.13500 -115.55642  53.395447      99.69 1.6417e+01   1164.663      27953  1031.6456  1031.6438     4.6497     0.1219     0.1122    34.5533    34.5514    7.93106         23 0.0000e+00
    835.000    824.700     0.5028  29.505070     0.5053  29.505721     4.5512     4.6652     0.2646    97.9519 1.0000e-12  -74.13500 -115.55642  53.395459      99.86 1.7332e+01   1165.643      27976  1031.6503  1031.6485     4.6467     0.1449     0.1138    34.5534    34.5514    7.93100         24 0.0000e+00
    836.000    825.686     0.5027  29.505531     0.5053  29.506098     4.5611     4.6656     0.2935    98.0089 1.0000e-12  -74.13500 -115.55642  53.395470      99.87 1.9952e+01   1166.634      28000  1031.6550  1031.6531     4.6494     0.1196     0.1131    34.5534    34.5513    7.93100         23 0.0000e+00
    837.000    826.670     0.5025  29.505759     0.5051  29.506357     4.5647     4.6655     0.3797    97.9479 1.0000e-12  -74.13500 -115.55642  53.395482      99.87 1.6424e+01   1167.613      28024  1031.6597  1031.6578     4.6465     0.1148     0.1115    34.5534    34.5513    7.93104         24 0.0000e+00
    838.000    827.657     0.5027  29.506238     0.5050  29.506732     4.5628     4.6589     0.3174    97.9890 1.0000e-12  -74.13500 -115.55642  53.395493      99.87 1.7038e+01   1168.598      28047  1031.6642  1031.6624     4.6485     0.1188     0.1133    34.5532    34.5513    7.93102         24 0.0000e+00
    839.000    828.643     0.5029  29.506912     0.5055  29.507650     4.5642     4.6593     0.3374    98.0245 1.0000e-12  -74.13500 -115.55642  53.395505      99.86 2.0116e+01   1169.601      28071  1031.6690  1031.6672     4.6501     0.1202     0.1130    34.5534    34.5514    7.93098         24 0.0000e+00
    840.000    829.627     0.5029  29.507363     0.5056  29.508114     4.5606     4.6632     0.3439    97.9872 1.0000e-12  -74.13500 -115.55642  53.395516      99.87 1.6464e+01   1170.601      28095  1031.6736  1031.6718     4.6484     0.1155     0.1106    34.5534    34.5514    7.93098         24 0.0000e+00
    841.000    830.614     0.5029  29.507776     0.5053  29.508385     4.5634     4.6631     0.3748    97.8178 1.0000e-12  -74.13500 -115.55642  53.395528      99.86 1.6745e+01   1171.596      28119  1031.6782  1031.6766     4.6403     0.1179     0.1106    34.5533    34.5514    7.93098         24 0.0000e+00
    842.000    831.599     0.5034  29.508857     0.5056  29.509092     4.5617     4.6661     0.4052    97.9608 1.0000e-12  -74.13500 -115.55642  53.395539      99.86 1.8797e+01   1172.601      28143  1031.6831  1031.6812     4.6471     0.1313     0.1119    34.5536    34.5514    7.93086         24 0.0000e+00
    843.000    832.586     0.5038  29.509606     0.5063  29.510287     4.5590     4.6648     0.3528    97.9848 1.0000e-12  -74.13500 -115.55642  53.395551      99.86 1.6030e+01   1173.598      28167  1031.6877  1031.6860     4.6483     0.1319     0.1141    34.5535    34.5517    7.93077         24 0.0000e+00
    844.000    833.570     0.5038  29.510005     0.5067  29.510986     4.5596     4.6617     0.3888    97.9090 1.0000e-12  -74.13500 -115.55642  53.395562      99.87 1.6302e+01   1174.587      28191  1031.6923  1031.6906     4.6447     0.1175     0.1117    34.5535    34.5516    7.93078         24 0.0000e+00
    845.000    834.557     0.5040  29.510631     0.5066  29.511412     4.5556     4.6598     0.3762    98.0287 1.0000e-12  -74.13500 -115.55642  53.395574      99.86 1.9977e+01   1175.576      28215  1031.6970  1031.6953     4.6503     0.1179     0.1108    34.5536    34.5517    7.93074         23 0.0000e+00
    846.000    835.543     0.5044  29.511630     0.5070  29.512291     4.5533     4.6649     0.3177    98.0032 1.0000e-12  -74.13500 -115.55642  53.395585      81.93 1.6605e+01   1176.561      28238  1031.7019  1031.7000     4.6491     0.1400     0.1136    34.5538    34.5518    7.93064         24 0.0000e+00
    847.000    836.527     0.5045  29.512168     0.5070  29.512699     4.5559     4.6639     0.3762    97.7974 1.0000e-12  -74.13500 -115.55642  53.395597      95.64 1.6746e+01   1177.551      28262  1031.7065  1031.7047     4.6394     0.1285     0.1142    34.5538    34.5518    7.93062         24 0.0000e+00
    848.000    837.514     0.5048  29.513060     0.5074  29.513649     4.5593     4.6563     0.3039    97.9801 1.0000e-12  -74.13500 -115.55642  53.395608      99.85 2.0077e+01   1178.540      28286  1031.7114  1031.7094     4.6481     0.1146     0.1130    34.5541    34.5520    7.93054         23 0.0000e+00
    849.000    838.499     0.5051  29.513738     0.5076  29.514233     4.5621     4.6624     0.4653    98.1011 1.0000e-12  -74.13500 -115.55642  53.395619      99.86 1.6405e+01   1179.514      28309  1031.7160  1031.7141     4.6537     0.1162     0.1103    34.5540    34.5519    7.93048         24 0.0000e+00
    850.000    839.484     0.5049  29.513865     0.5075  29.514597     4.5458     4.6647     0.3995    98.0238 1.0000e-12  -74.13500 -115.55642  53.395631      99.87 1.6251e+01   1180.489      28333  1031.7205  1031.7188     4.6501     0.1096     0.1135    34.5539    34.5520    7.93053         23 0.0000e+00
    851.000    840.470     0.5052  29.514618     0.5076  29.515171     4.5550     4.6631     0.3735    97.9505 1.0000e-12  -74.13500 -115.55642  53.395642      99.86 2.0943e+01   1181.481      28357  1031.7252  1031.7234     4.6466     0.1176     0.1192    34.5539    34.5520    7.93046         24 0.0000e+00
    852.000    841.457     0.5054  29.515355     0.5079  29.515820     4.5586     4.6652     0.4389    97.8373 1.0000e-12  -74.13500 -115.55642  53.395654      99.86 1.6833e+01   1182.494      28381  1031.7300  1031.7281     4.6413     0.1160     0.1106    34.5541    34.5520    7.93042         24 0.0000e+00
    853.000    842.442     0.5057  29.515948     0.5082  29.516547     4.5439     4.6593     0.3522    98.0156 1.0000e-12  -74.13500 -115.55642  53.395665      99.86 1.6524e+01   1183.489      28405  1031.7345  1031.7328     4.6497     0.1264     0.1108    34.5540    34.5520    7.93036         24 0.0000e+00
    854.000    843.426     0.5059  29.516829     0.5086  29.517427     4.5580     4.6539     0.3395    98.0583 1.0000e-12  -74.13500 -115.55642  53.395677      99.86 1.9047e+01   1184.488      28429  1031.7395  1031.7375     4.6517     0.1123     0.1104    34.5543    34.5522    7.93030         24 0.0000e+00
    855.000    844.413     0.5065  29.517669     0.5089  29.518209     4.5523     4.6574     0.4179    98.0133 1.0000e-12  -74.13500 -115.55642  53.395689      99.87 1.7090e+01   1185.492      28453  1031.7440  1031.7422     4.6496     0.1117     0.1132    34.5542    34.5523    7.93019         24 0.0000e+00
    856.000    845.398     0.5065  29.518132     0.5090  29.518691     4.5468     4.6581     0.2711    97.9912 1.0000e-12  -74.13500 -115.55642  53.395700      99.86 1.6745e+01   1186.485      28477  1031.7487  1031.7469     4.6485     0.1140     0.1113    34.5542    34.5522    7.93018         24 0.0000e+00
    857.000    846.384     0.5066  29.518784     0.5090  29.519238     4.5491     4.6501     0.2427    97.9752 1.0000e-12  -74.13500 -115.55642  53.395712      99.87 1.9632e+01   1187.486      28501  1031.7534  1031.7516     4.6478     0.1107     0.1118    34.5544    34.5523    7.93015         24 0.0000e+00
    858.000    847.370     0.5067  29.519298     0.5091  29.519706     4.5541     4.6545     0.3009    98.0767 1.0000e-12  -74.13500 -115.55642  53.395723      84.01 1.7745e+01   1188.496      28525  1031.7581  1031.7563     4.6526     0.1258     0.1129    34.5544    34.5523    7.93013         24 0.0000e+00
    859.000    848.354     0.5071  29.520005     0.5096  29.520610     4.5556     4.6564     0.2502    98.0729 1.0000e-12  -74.13500 -115.55642  53.395735      83.64 1.6660e+01   1189.492      28549  1031.7627  1031.7609     4.6524     0.1318     0.1155    34.5544    34.5524    7.93006         24 0.0000e+00
    860.000    849.342     0.5069  29.520280     0.5094  29.520917     4.5488     4.6557     0.2444    98.0235 1.0000e-12  -74.13500 -115.55642  53.395746      96.02 1.8880e+01   1190.480      28573  1031.7674  1031.7656     4.6501     0.1267     0.1133    34.5543    34.5524    7.93010         24 0.0000e+00
    861.000    850.325     0.5078  29.521832     0.5103  29.522359     4.5478     4.6533     0.2457    97.9849 1.0000e-12  -74.13500 -115.55642  53.395758      99.87 1.7849e+01   1191.479      28597  1031.7724  1031.7705     4.6483     0.1186     0.1107    34.5548    34.5527    7.92990         24 0.0000e+00
    862.000    851.313     0.5083  29.522898     0.5110  29.523494     4.5534     4.6499     0.2875    97.9625 1.0000e-12  -74.13500 -115.55642  53.395769      99.87 1.6827e+01   1192.473      28620  1031.7771  1031.7752     4.6472     0.1347     0.1120    34.5550    34.5528    7.92977         24 0.0000e+00
    863.000    852.299     0.5087  29.523615     0.5112  29.524185     4.5527     4.6480     0.3570    98.0146 1.0000e-12  -74.13500 -115.55642  53.395781      99.87 1.8229e+01   1193.449      28644  1031.7817  1031.7799     4.6497     0.1099     0.1124    34.5549    34.5530    7.92969         23 0.0000e+00
    864.000    853.281     0.5087  29.524100     0.5111  29.524577     4.5431     4.6570     0.3567    98.0362 1.0000e-12  -74.13500 -115.55642  53.395792      99.86 1.7708e+01   1194.428      28667  1031.7865  1031.7846     4.6507     0.1081     0.1126    34.5551    34.5530    7.92969         24 0.0000e+00
    865.000    854.270     0.5094  29.525151     0.5119  29.525742     4.5465     4.6543     0.2647    98.1178 1.0000e-12  -74.13500 -115.55642  53.395804      99.86 1.6761e+01   1195.423      28691  1031.7911  1031.7893     4.6546     0.1084     0.1122    34.5551    34.5531    7.92955         24 0.0000e+00
    866.000    855.253     0.5094  29.525528     0.5118  29.526107     4.5465     4.6534     0.3631    98.1276 1.0000e-12  -74.13500 -115.55642  53.395815      99.86 1.9665e+01   1196.431      28715  1031.7957  1031.7939     4.6550     0.1063     0.1114    34.5550    34.5530    7.92956         24 0.0000e+00
    867.000    856.240     0.5094  29.525903     0.5118  29.526591     4.5477     4.6571     0.2874    98.1494 1.0000e-12  -74.13500 -115.55642  53.395827      99.87 1.8934e+01   1197.414      28739  1031.8003  1031.7986     4.6561     0.1120     0.1147    34.5549    34.5531    7.92956         23 0.0000e+00
    868.000    857.225     0.5094  29.526524     0.5119  29.527123     4.5528     4.6556     0.2661    98.0487 1.0000e-12  -74.13500 -115.55640  53.395838      99.42 1.6564e+01   1198.381      28762  1031.8051  1031.8033     4.6513     0.1195     0.1128    34.5551    34.5532    7.92954         24 0.0000e+00
    869.000    858.210     0.5096  29.527087     0.5121  29.527691     4.5459     4.6569     0.3396    98.0302 1.0000e-12  -74.13500 -115.55642  53.395849      98.78 1.7759e+01   1199.382      28786  1031.8097  1031.8080     4.6504     0.1110     0.1125    34.5551    34.5531    7.92951         24 0.0000e+00
    870.000    859.197     0.5095  29.527477     0.5121  29.528163     4.5452     4.6523     0.3097    98.1375 1.0000e-12  -74.13500 -115.55640  53.395861      98.67 1.8806e+01   1200.398      28811  1031.8144  1031.8126     4.6555     0.1073     0.1111    34.5551    34.5531    7.92952         24 0.0000e+00
    871.000    860.181     0.5096  29.528013     0.5121  29.528590     4.5493     4.6476     0.2511    98.1405 1.0000e-12  -74.13500 -115.55642  53.395873      97.54 1.6866e+01   1201.410      28835  1031.8191  1031.8173     4.6557     0.1147     0.1122    34.5551    34.5531    7.92950         25 0.0000e+00
    872.000    861.168     0.5098  29.528600     0.5123  29.529260     4.5419     4.6482     0.2396    98.1261 1.0000e-12  -74.13500 -115.55640  53.395884      96.44 1.7995e+01   1202.402      28859  1031.8237  1031.8220     4.6550     0.1057     0.1129    34.5551    34.5532    7.92946         23 0.0000e+00
    873.000    862.152     0.5100  29.529209     0.5123  29.529792     4.5409     4.6505     0.2612    98.1435 1.0000e-12  -74.13500 -115.55642  53.395896      90.41 1.8333e+01   1203.412      28883  1031.8284  1031.8268     4.6558     0.1089     0.1126    34.5551    34.5533    7.92942         25 0.0000e+00
    874.000    863.139     0.5095  29.529492     0.5120  29.530151     4.5396     4.6408     0.2495    98.1204 1.0000e-12  -74.13500 -115.55640  53.395908      94.17 1.5898e+01   1204.424      28907  1031.8334  1031.8317     4.6547     0.1067     0.1109    34.5555    34.5536    7.92950         24 0.0000e+00
    875.000    864.123     0.5096  29.530122     0.5122  29.530747     4.5376     4.6434     0.2223    98.1337 1.0000e-12  -74.13500 -115.55642  53.395919      93.67 1.8165e+01   1205.416      28931  1031.8381  1031.8363     4.6553     0.1168     0.1140    34.5556    34.5536    7.92947         23 0.0000e+00
    876.000    865.110     0.5098  29.530620     0.5123  29.531250     4.5409     4.6476     0.2380    98.1512 1.0000e-12  -74.13500 -115.55642  53.395930      92.30 1.8656e+01   1206.393      28954  1031.8427  1031.8409     4.6562     0.1145     0.1125    34.5555    34.5535    7.92944         24 0.0000e+00
    877.000    866.095     0.5097  29.530978     0.5122  29.531630     4.5384     4.6499     0.2471    98.1459 1.0000e-12  -74.13500 -115.55642  53.395942      91.50 1.6337e+01   1207.383      28978  1031.8474  1031.8456     4.6559     0.1091     0.1132    34.5555    34.5536    7.92947         24 0.0000e+00
    878.000    867.080     0.5098  29.531571     0.5123  29.532145     4.5413     4.6519     0.7028    98.1114 1.0000e-12  -74.13500 -115.55642  53.395953      90.54 1.7625e+01   1208.372      29002  1031.8521  1031.8503     4.6543     0.1060     0.1106    34.5556    34.5536    7.92943         23 0.0000e+00
    879.000    868.067     0.5098  29.532090     0.5123  29.532532     4.5501     4.6512     0.2774    97.9783 1.0000e-12  -74.13500 -115.55642  53.395965      89.83 1.8953e+01   1209.356      29026  1031.8568  1031.8549     4.6479     0.1157     0.1152    34.5557    34.5535    7.92943         24 0.0000e+00
    880.000    869.051     0.5098  29.532447     0.5123  29.533123     4.5422     4.6433     0.2446    97.9881 1.0000e-12  -74.13500 -115.55642  53.395976      88.50 1.6096e+01   1210.351      29049  1031.8614  1031.8597     4.6484     0.1656     0.1326    34.5556    34.5537    7.92943         24 0.0000e+00
    881.000    870.035     0.5103  29.533468     0.5124  29.533701     4.5343     4.6385     0.3032    98.0592 1.0000e-12  -74.13500 -115.55642  53.395988      87.00 1.7683e+01   1211.342      29073  1031.8662  1031.8645     4.6518     0.1389     0.1192    34.5558    34.5538    7.92932         24 0.0000e+00
