ocean_section_plots/required_files/ctd/dnbp2202_ctd200.cnv
* Sea-Bird SBE 9 Data File:
* FileName = D:\Data\raw\NBP2202_CTD200.hex
* Software Version Seasave V 7.26.7.121
* Temperature SN = 1649
* Conductivity SN = 2513
* Number of Bytes Per Scan = 40
* Number of Voltage Words = 5
* Number of Scans Averaged by the Deck Unit = 1
* NMEA Latitude = 73 52.88 S
* NMEA Longitude = 113 07.16 W
* NMEA UTC (Time) = Feb 08 2022  17:13:48
* NMEA baud rate = 9600
** Ship: RVIB N.B. Palmer
** Cruise: NBP2202 Thwaites
** Station: 119
** Operator: A. Robinson
# nquan = 28
# nvalues = 673                         
# units = specified
# name 0 = prDM: Pressure, Digiquartz [db]
# name 1 = depSM: Depth [salt water, m]
# name 2 = t090C: Temperature [ITS-90, deg C]
# name 3 = c0mS/cm: Conductivity [mS/cm]
# name 4 = t190C: Temperature, 2 [ITS-90, deg C]
# name 5 = c1mS/cm: Conductivity, 2 [mS/cm]
# name 6 = sbeox0ML/L: Oxygen, SBE 43 [ml/l]
# name 7 = sbeox1ML/L: Oxygen, SBE 43, 2 [ml/l]
# name 8 = flECO-AFL: Fluorescence, WET Labs ECO-AFL/FL [mg/m^3]
# name 9 = CStarTr0: Beam Transmission, WET Labs C-Star [%]
# name 10 = par: PAR/Irradiance, Biospherical/Licor
# name 11 = latitude: Latitude [deg]
# name 12 = longitude: Longitude [deg]
# name 13 = timeJ: Julian Days
# name 14 = altM: Altimeter [m]
# name 15 = spar: SPAR, Biospherical/Licor
# name 16 = timeS: Time, Elapsed [seconds]
# name 17 = scan: Scan Count
# name 18 = density00: Density [density, kg/m^3]
# name 19 = density11: Density, 2 [density, kg/m^3]
# name 20 = v3: Voltage 3
# name 21 = v4: Voltage 4
# name 22 = v5: Voltage 5
# name 23 = sal00: Salinity, Practical [PSU]
# name 24 = sal11: Salinity, Practical, 2 [PSU]
# name 25 = oxsolML/L: Oxygen Saturation, Garcia & Gordon [ml/l]
# name 26 = nbin: number of scans per bin
# name 27 = flag: flag
# span 0 =      1.000,    673.000       
# span 1 =      0.987,    664.968       
# span 2 =    -1.5893,     0.2047       
# span 3 =  27.073011,  29.081466       
# span 4 =    -1.5884,     0.2069       
# span 5 =  27.072799,  29.081611       
# span 6 =     4.6792,     9.0140       
# span 7 =     4.8046,     9.3149       
# span 8 =    -0.0167,    24.2786       
# span 9 =    75.9018,    98.6462       
# span 10 = -1.311e-04, 3.1687e+02      
# span 11 =  -73.88147,  -73.88144      
# span 12 = -113.11938, -113.11933      
# span 13 =  39.720726,  39.732436      
# span 14 =       2.89,     104.29      
# span 15 = 2.2917e+02, 2.9338e+02      
# span 16 =    242.728,   1254.487      
# span 17 =       5826,      30109      
# span 18 =  1027.1574,  1030.8133      
# span 19 =  1027.1565,  1030.8111      
# span 20 =     3.6011,     4.6796      
# span 21 =     0.0641,     4.2594      
# span 22 =     0.1129,     0.2644      
# span 23 =    33.7824,    34.4258      
# span 24 =    33.7810,    34.4235      
# span 25 =    7.99965,    8.40472      
# span 26 =         10,         48      
# span 27 = 0.0000e+00, 0.0000e+00      
# interval = decibars: 1                
# start_time = Feb 08 2022 17:13:48 [NMEA time, header]
# bad_flag = -9.990e-29
*END*
[from data line 208]
    209.000    206.733    -1.4064  27.252677    -1.4055  27.252432     6.2223     6.4154     0.0422    98.3856 1.0000e-12  -73.88144 -113.11936  39.724405      99.46 2.6594e+02    560.637      13456  1028.4109  1028.4097     4.6672     0.0796     0.1183    34.0625    34.0611    8.36885         26 0.0000e+00
    210.000    207.725    -1.4055  27.254286    -1.4045  27.253826     6.2226     6.4148     0.0555    98.3873 1.0000e-12  -73.88144 -113.11936  39.724422      99.94 2.6654e+02    562.049      13490  1028.4162  1028.4147     4.6673     0.1028     0.1201    34.0631    34.0612    8.36861         35 0.0000e+00
    211.000    208.713    -1.4037  27.256941    -1.4023  27.256731     6.2171     6.4094     0.0734    98.3542 1.0000e-12  -73.88144 -113.11936  39.724442      99.94 2.6236e+02    563.795      13532  1028.4217  1028.4201     4.6658     0.0822     0.1199    34.0640    34.0621    8.36814         36 0.0000e+00
    212.000    209.700    -1.4017  27.259855    -1.4005  27.259763     6.2174     6.4088     0.0709    98.3955 1.0000e-12  -73.88144 -113.11936  39.724456      99.94 2.6715e+02    564.988      13561  1028.4273  1028.4261     4.6677     0.0808     0.1185    34.0651    34.0636    8.36763         23 0.0000e+00
    213.000    210.689    -1.4006  27.261481    -1.3996  27.261179     6.2205     6.4120     0.0725    98.3724 1.0000e-12  -73.88144 -113.11936  39.724466      99.94 2.6637e+02    565.863      13582  1028.4324  1028.4311     4.6666     0.0803     0.1190    34.0655    34.0639    8.36736         21 0.0000e+00
    214.000    211.679    -1.4000  27.262551    -1.3990  27.262356     6.2199     6.4104     0.0526    98.3390 1.0000e-12  -73.88144 -113.11936  39.724477      99.94 2.6614e+02    566.785      13604  1028.4373  1028.4361     4.6651     0.0818     0.1192    34.0657    34.0642    8.36722         25 0.0000e+00
    215.000    212.665    -1.3999  27.263380    -1.3986  27.263094     6.2213     6.4120     0.0637    98.3839 1.0000e-12  -73.88144 -113.11936  39.724492      99.94 2.6677e+02    568.114      13636  1028.4425  1028.4408     4.6672     0.0824     0.1218    34.0661    34.0641    8.36718         32 0.0000e+00
    216.000    213.656    -1.3995  27.264127    -1.3982  27.263876     6.2172     6.4053     0.0748    98.4004 1.0000e-12  -73.88144 -113.11936  39.724513      99.93 2.6654e+02    569.881      13678  1028.4473  1028.4457     4.6679     0.0800     0.1177    34.0661    34.0642    8.36709         40 0.0000e+00
    217.000    214.644    -1.3988  27.265524    -1.3975  27.265286     6.2192     6.4056     0.0581    98.3808 1.0000e-12  -73.88144 -113.11936  39.724528      99.93 2.6456e+02    571.223      13710  1028.4524  1028.4509     4.6670     0.0810     0.1240    34.0664    34.0647    8.36689         25 0.0000e+00
    218.000    215.633    -1.3963  27.269238    -1.3951  27.268961     6.2209     6.4020     0.0582    98.3470 1.0000e-12  -73.88144 -113.11936  39.724539      99.94 2.6434e+02    572.142      13732  1028.4584  1028.4569     4.6654     0.0845     0.1209    34.0681    34.0664    8.36623         21 0.0000e+00
    219.000    216.623    -1.3937  27.272853    -1.3926  27.272607     6.2214     6.4113     0.0785    98.3751 1.0000e-12  -73.88144 -113.11934  39.724549      95.37 2.6925e+02    573.074      13755  1028.4642  1028.4629     4.6668     0.0782     0.1216    34.0695    34.0680    8.36557         25 0.0000e+00
    220.000    217.610    -1.3922  27.275697    -1.3908  27.275630     6.2284     6.4186     0.0611    98.3850 1.0000e-12  -73.88144 -113.11936  39.724563      99.98 2.6359e+02    574.260      13783  1028.4702  1028.4688     4.6672     0.0868     0.1221    34.0711    34.0694    8.36514         31 0.0000e+00
    221.000    218.599    -1.3937  27.278598    -1.3926  27.278324     6.2346     6.4234     0.0588    98.3189 1.0000e-12  -73.88144 -113.11936  39.724580      99.93 2.6410e+02    575.748      13819  1028.4793  1028.4778     4.6641     0.0836     0.1196    34.0762    34.0745    8.36518         36 0.0000e+00
    222.000    219.588    -1.3981  27.278185    -1.3971  27.277880     6.2486     6.4424     0.0584    98.3127 1.0000e-12  -73.88144 -113.11936  39.724596      99.94 2.6861e+02    577.135      13852  1028.4874  1028.4861     4.6638     0.0847     0.1191    34.0800    34.0784    8.36593         29 0.0000e+00
    223.000    220.576    -1.3990  27.280062    -1.3979  27.279740     6.2532     6.4391     0.0806    98.4055 1.0000e-12  -73.88144 -113.11936  39.724608      99.94 2.6538e+02    578.162      13877  1028.4947  1028.4933     4.6682     0.0804     0.1198    34.0830    34.0813    8.36596         24 0.0000e+00
    224.000    221.565    -1.3984  27.282759    -1.3973  27.282560     6.2423     6.4326     0.1037    98.4186 1.0000e-12  -73.88144 -113.11936  39.724620      99.94 2.6505e+02    579.200      13902  1028.5014  1028.5002     4.6688     0.0805     0.1163    34.0855    34.0839    8.36569         26 0.0000e+00
    225.000    222.554    -1.3881  27.294237    -1.3865  27.294050     6.2309     6.4211     0.0567    98.3809 1.0000e-12  -73.88144 -113.11936  39.724634      99.94 2.6937e+02    580.362      13930  1028.5083  1028.5066     4.6670     0.0775     0.1184    34.0889    34.0868    8.36317         29 0.0000e+00
    226.000    223.542    -1.3730  27.309692    -1.3713  27.309611     6.2228     6.4182     0.0644    98.4180 1.0000e-12  -73.88144 -113.11936  39.724648      99.94 2.6813e+02    581.580      13959  1028.5150  1028.5132     4.6688     0.0787     0.1182    34.0923    34.0902    8.35958         28 0.0000e+00
    227.000    224.531    -1.3661  27.317099    -1.3645  27.317166     6.2179     6.4172     0.0621    98.4297 1.0000e-12  -73.88144 -113.11936  39.724662      99.94 2.6518e+02    582.759      13987  1028.5208  1028.5193     4.6693     0.0785     0.1159    34.0940    34.0923    8.35793         28 0.0000e+00
    228.000    225.519    -1.3638  27.320068    -1.3628  27.319753     6.2160     6.4071     0.0522    98.4699 1.0000e-12  -73.88144 -113.11936  39.724675      99.94 2.6988e+02    583.910      14015  1028.5262  1028.5248     4.6713     0.0775     0.1189    34.0949    34.0932    8.35737         29 0.0000e+00
    229.000    226.508    -1.3630  27.321416    -1.3614  27.321457     6.2099     6.4039     0.1112    98.4871 1.0000e-12  -73.88144 -113.11936  39.724689      93.51 2.6892e+02    585.086      14043  1028.5312  1028.5298     4.6721     0.0766     0.1199    34.0951    34.0934    8.35716         28 0.0000e+00
    230.000    227.495    -1.3587  27.326102    -1.3575  27.325867     6.2138     6.4071     0.1933    98.4874 1.0000e-12  -73.88144 -113.11936  39.724702      99.56 2.6639e+02    586.268      14071  1028.5366  1028.5352     4.6721     0.0770     0.1191    34.0961    34.0944    8.35615         28 0.0000e+00
    231.000    228.486    -1.3560  27.329384    -1.3548  27.329111     6.2141     6.4020     0.0817    98.5334 1.0000e-12  -73.88144 -113.11936  39.724716      99.94 2.7016e+02    587.438      14100  1028.5420  1028.5406     4.6743     0.0774     0.1150    34.0969    34.0952    8.35550         28 0.0000e+00
    232.000    229.473    -1.3530  27.334170    -1.3518  27.333816     6.2176     6.4023     0.0442    98.5326 1.0000e-12  -73.88146 -113.11935  39.724729      99.94 2.6953e+02    588.574      14127  1028.5487  1028.5472     4.6742     0.0806     0.1150    34.0994    34.0975    8.35467         27 0.0000e+00
    233.000    230.462    -1.3530  27.335921    -1.3519  27.335561     6.2219     6.4119     0.0314    98.5406 1.0000e-12  -73.88145 -113.11935  39.724742      99.93 2.6612e+02    589.669      14153  1028.5551  1028.5536     4.6746     0.0784     0.1151    34.1012    34.0995    8.35457         26 0.0000e+00
    234.000    231.451    -1.3567  27.334051    -1.3556  27.333894     6.2212     6.4138     0.0351    98.5490 1.0000e-12  -73.88144 -113.11936  39.724755      99.94 2.7006e+02    590.811      14180  1028.5610  1028.5598     4.6750     0.0768     0.1151    34.1022    34.1008    8.35534         29 0.0000e+00
    235.000    232.439    -1.3569  27.334933    -1.3557  27.334645     6.2199     6.4154     0.0483    98.5519 1.0000e-12  -73.88144 -113.11936  39.724770      99.93 2.6961e+02    592.094      14211  1028.5665  1028.5650     4.6751     0.0775     0.1153    34.1030    34.1013    8.35532         32 0.0000e+00
    236.000    233.428    -1.3555  27.336902    -1.3541  27.336831     6.2032     6.4093     0.0504    98.6031 1.0000e-12  -73.88146 -113.11934  39.724784      99.94 2.6723e+02    593.375      14242  1028.5716  1028.5702     4.6776     0.0751     0.1141    34.1035    34.1019    8.35499         28 0.0000e+00
    237.000    234.415    -1.3518  27.341297    -1.3506  27.340852     6.1889     6.3909     0.1131    98.6462 1.0000e-12  -73.88146 -113.11936  39.724797      99.94 2.7079e+02    594.475      14268  1028.5772  1028.5756     4.6796     0.0775     0.1149    34.1048    34.1028    8.35410         24 0.0000e+00
    238.000    235.405    -1.3406  27.353482    -1.3393  27.353022     6.1806     6.3761     0.0350    98.6328 1.0000e-12  -73.88146 -113.11934  39.724808      99.94 2.6962e+02    595.440      14292  1028.5840  1028.5822     4.6790     0.0793     0.1133    34.1081    34.1060    8.35138         23 0.0000e+00
    239.000    236.393    -1.3247  27.369739    -1.3228  27.369930     6.1668     6.3644     0.0517    98.6102 1.0000e-12  -73.88146 -113.11936  39.724820      99.93 2.6843e+02    596.441      14316  1028.5906  1028.5891     4.6779     0.0783     0.1142    34.1117    34.1098    8.34760         27 0.0000e+00
    240.000    237.382    -1.3079  27.386427    -1.3061  27.386209     6.1612     6.3501     0.0489    98.6003 1.0000e-12  -73.88146 -113.11935  39.724835      92.05 2.6868e+02    597.776      14348  1028.5972  1028.5951     4.6774     0.1066     0.1182    34.1149    34.1125    8.34368         36 0.0000e+00
    241.000    238.370    -1.2997  27.395086    -1.2981  27.394907     6.1451     6.3485     0.0435    98.6248 1.0000e-12  -73.88146 -113.11935  39.724854     100.07 2.6954e+02    599.380      14386  1028.6032  1028.6014     4.6786     0.0864     0.1149    34.1168    34.1147    8.34173         36 0.0000e+00
    242.000    239.358    -1.2905  27.405092    -1.2890  27.405013     6.1323     6.3325     0.0436    98.6002 1.0000e-12  -73.88146 -113.11935  39.724869      99.93 2.6951e+02    600.664      14417  1028.6096  1028.6082     4.6774     0.0829     0.1154    34.1194    34.1177    8.33951         25 0.0000e+00
    243.000    240.348    -1.2776  27.419134    -1.2755  27.419342     6.1250     6.3244     0.0955    98.2713 1.0000e-12  -73.88146 -113.11935  39.724880      99.94 2.7006e+02    601.595      14439  1028.6169  1028.6151     4.6618     0.0834     0.1145    34.1234    34.1213    8.33640         21 0.0000e+00
    244.000    241.336    -1.2720  27.424733    -1.2702  27.424707     6.1275     6.3203     0.0863    98.5440 1.0000e-12  -73.88146 -113.11935  39.724890      99.94 2.7179e+02    602.516      14461  1028.6220  1028.6204     4.6748     0.0852     0.1161    34.1241    34.1220    8.33511         25 0.0000e+00
    245.000    242.324    -1.2696  27.427416    -1.2683  27.426849     6.1296     6.3188     0.0581    98.5068 1.0000e-12  -73.88146 -113.11935  39.724905      99.94 2.6965e+02    603.817      14493  1028.6271  1028.6252     4.6730     0.0806     0.1154    34.1244    34.1221    8.33455         38 0.0000e+00
    246.000    243.313    -1.2681  27.429173    -1.2667  27.428864     6.1219     6.3144     0.0767    98.5286 1.0000e-12  -73.88146 -113.11934  39.724924      99.93 2.7081e+02    605.473      14532  1028.6321  1028.6305     4.6740     0.0775     0.1144    34.1244    34.1224    8.33421         37 0.0000e+00
    247.000    244.302    -1.2669  27.431126    -1.2654  27.430961     6.1206     6.3182     0.0881    98.4580 1.0000e-12  -73.88146 -113.11934  39.724939      99.94 2.7223e+02    606.743      14563  1028.6376  1028.6359     4.6707     0.0769     0.1132    34.1252    34.1232    8.33391         25 0.0000e+00
    248.000    245.288    -1.2582  27.440115    -1.2572  27.439406     6.1160     6.3148     0.0827    98.5653 1.0000e-12  -73.88146 -113.11934  39.724950      99.94 2.7201e+02    607.647      14585  1028.6434  1028.6416     4.6758     0.0876     0.1175    34.1270    34.1249    8.33186         20 0.0000e+00
    249.000    246.279    -1.2556  27.443120    -1.2545  27.442444     6.1142     6.3074     0.0596    98.5860 1.0000e-12  -73.88146 -113.11934  39.724959      99.94 2.6873e+02    608.474      14604  1028.6485  1028.6467     4.6767     0.0804     0.1195    34.1275    34.1253    8.33124         21 0.0000e+00
    250.000    247.266    -1.2476  27.451084    -1.2461  27.450482     6.1157     6.3039     0.1077    98.5383 1.0000e-12  -73.88146 -113.11934  39.724972      99.93 2.7499e+02    609.619      14632  1028.6539  1028.6518     4.6744     0.0852     0.1163    34.1288    34.1262    8.32940         31 0.0000e+00
    251.000    248.255    -1.2351  27.463412    -1.2336  27.463040     6.1069     6.2892     0.1710    98.4658 1.0000e-12  -73.88146 -113.11934  39.724993      97.10 2.6954e+02    611.427      14675  1028.6597  1028.6578     4.6711     0.0795     0.1150    34.1308    34.1285    8.32650         36 0.0000e+00
    252.000    249.242    -1.2306  27.469012    -1.2291  27.468949     6.1015     6.2901     0.0790    98.3793 1.0000e-12  -73.88146 -113.11934  39.725009     100.01 2.6778e+02    612.802      14708  1028.6660  1028.6644     4.6669     0.0848     0.1175    34.1328    34.1309    8.32538         26 0.0000e+00
    253.000    250.231    -1.2264  27.474020    -1.2249  27.473626     6.0967     6.2862     0.2519    98.3824 1.0000e-12  -73.88146 -113.11934  39.725020      99.94 2.7227e+02    613.748      14731  1028.6717  1028.6698     4.6671     0.0840     0.1185    34.1341    34.1319    8.32435         20 0.0000e+00
    254.000    251.221    -1.2242  27.476888    -1.2228  27.476379     6.0962     6.2851     0.1822    98.4331 1.0000e-12  -73.88146 -113.11934  39.725029      99.94 2.7046e+02    614.544      14750  1028.6771  1028.6753     4.6695     0.0828     0.1178    34.1350    34.1327    8.32382         19 0.0000e+00
    255.000    252.209    -1.2205  27.481165    -1.2196  27.480271     6.0995     6.2797     0.0970    98.4601 1.0000e-12  -73.88146 -113.11935  39.725041      99.94 2.6981e+02    615.500      14773  1028.6826  1028.6807     4.6708     0.0803     0.1179    34.1360    34.1337    8.32293         27 0.0000e+00
    256.000    253.197    -1.2182  27.483582    -1.2164  27.483457     6.0904     6.2747     0.0907    98.4638 1.0000e-12  -73.88146 -113.11935  39.725059      99.93 2.7208e+02    617.131      14812  1028.6875  1028.6856     4.6710     0.0879     0.1175    34.1361    34.1339    8.32242         35 0.0000e+00
    257.000    254.186    -1.2138  27.489162    -1.2124  27.488895     6.0819     6.2753     0.0327    98.5091 1.0000e-12  -73.88146 -113.11934  39.725078      99.94 2.6987e+02    618.735      14851  1028.6938  1028.6922     4.6731     0.0879     0.1193    34.1381    34.1362    8.32132         32 0.0000e+00
    258.000    255.174    -1.2112  27.492680    -1.2096  27.492520     6.0919     6.2729     0.0483    98.5157 1.0000e-12  -73.88146 -113.11935  39.725090      99.93 2.6904e+02    619.803      14876  1028.6994  1028.6978     4.6734     0.0942     0.1218    34.1393    34.1373    8.32066         21 0.0000e+00
