ocean_section_plots/required_files/ctd/dnbp2202_ctd209.cnv
* Sea-Bird SBE 9 Data File:
* FileName = D:\Data\raw\NBP2202_CTD209.hex
* Software Version Seasave V 7.26.7.121
* Temperature SN = 1649
* Conductivity SN = 2513
* Number of Bytes Per Scan = 40
* Number of Voltage Words = 5
* Number of Scans Averaged by the Deck Unit = 1
* NMEA Latitude = 74 08.15 S
* NMEA Longitude = 113 24.25 W
* NMEA UTC (Time) = Feb 10 2022  09:12:07
* NMEA baud rate = 9600
** Ship: RVIB N.B. Palmer
** Cruise: NBP2202 Thwaites
** Station: Tow-Yo #3
** Operator: B. Bjork
# nquan = 28
# nvalues = 404                         
# units = specified
# name 0 = prDM: Pressure, Digiquartz [db]
# name 1 = depSM: Depth [salt water, m]
# name 2 = t090C: Temperature [ITS-90, deg C]
# name 3 = c0mS/cm: Conductivity [mS/cm]
# name 4 = t190C: Temperature, 2 [ITS-90, deg C]
# name 5 = c1mS/cm: Conductivity, 2 [mS/cm]
# name 6 = sbeox0ML/L: Oxygen, SBE 43 [ml/l]
# name 7 = sbeox1ML/L: Oxygen, SBE 43, 2 [ml/l]
# name 8 = flECO-AFL: Fluorescence, WET Labs ECO-AFL/FL [mg/m^3]
# name 9 = CStarTr0: Beam Transmission, WET Labs C-Star [%]
# name 10 = par: PAR/Irradiance, Biospherical/Licor
# name 11 = latitude: Latitude [deg]
# name 12 = longitude: Longitude [deg]
# name 13 = timeJ: Julian Days
# name 14 = altM: Altimeter [m]
# name 15 = spar: SPAR, Biospherical/Licor
# name 16 = timeS: Time, Elapsed [seconds]
# name 17 = scan: Scan Count
# name 18 = density00: Density [density, kg/m^3]
# name 19 = density11: Density, 2 [density, kg/m^3]
# name 20 = v3: Voltage 3
# name 21 = v4: Voltage 4
# name 22 = v5: Voltage 5
# name 23 = sal00: Salinity, Practical [PSU]
# name 24 = sal11: Salinity, Practical, 2 [PSU]
# name 25 = oxsolML/L: Oxygen Saturation, Garcia & Gordon [ml/l]
# name 26 = nbin: number of scans per bin
# name 27 = flag: flag
# span 0 =     10.000,    413.000       
# span 1 =      9.896,    408.322       
# span 2 =    -1.4677,    -0.2114       
# span 3 =  27.026032,  28.498431       
# span 4 =    -1.4665,    -0.2091       
# span 5 =  27.026236,  28.498394       
# span 6 =     4.8109,     8.5900       
# span 7 =     4.9594,     8.8590       
# span 8 =    -0.0205,    20.8497       
# span 9 =    77.0162,    97.8916       
# span 10 = 1.0000e-12, 5.0482e-01      
# span 11 =  -74.13703,  -74.13594      
# span 12 = -113.40377, -113.39620      
# span 13 =  41.383713,  41.389625      
# span 14 =       9.12,     100.18      
# span 15 = 2.8939e+01, 3.5956e+01      
# span 16 =     25.783,    536.600      
# span 17 =        620,      12879      
# span 18 =  1027.1944,  1029.4936      
# span 19 =  1027.1931,  1029.4914      
# span 20 =     3.6529,     4.6438      
# span 21 =     0.0634,     3.3861      
# span 22 =     0.1241,     0.2403      
# span 23 =    33.7517,    34.2731      
# span 24 =    33.7503,    34.2705      
# span 25 =    8.09569,    8.39309      
# span 26 =         19,         46      
# span 27 = 0.0000e+00, 0.0000e+00      
# interval = decibars: 1                
# start_time = Feb 10 2022 09:12:07 [NMEA time, header]
# bad_flag = -9.990e-29
*END*
[from data line 259]
    269.000    266.043    -0.7418  27.868037    -0.7399  27.867385     5.1161     5.2827    -0.0097    97.8161 1.0000e-12  -74.13666 -113.39886  41.387515      99.87 3.1533e+01    354.309       8504  1028.7066  1028.7041     4.6402     0.0720     0.1300    34.1114    34.1084    8.21901         25 0.0000e+00
    270.000    267.032    -0.7241  27.886945    -0.7179  27.890410     5.1000     5.2728    -0.0112    97.7643 1.0000e-12  -74.13666 -113.39886  41.387527      99.87 3.3649e+01    355.340       8529  1028.7143  1028.7121     4.6378     0.0682     0.1295    34.1163    34.1141    8.21486         25 0.0000e+00
    271.000    268.021    -0.7032  27.907687    -0.7024  27.906179     5.0829     5.2606    -0.0149    97.8510 1.0000e-12  -74.13666 -113.39884  41.387539      99.87 3.0853e+01    356.361       8554  1028.7209  1028.7186     4.6419     0.0712     0.1316    34.1202    34.1173    8.21010         25 0.0000e+00
    272.000    269.008    -0.6991  27.912225    -0.6961  27.912941     5.0562     5.2269    -0.0144    97.8699 1.0000e-12  -74.13666 -113.39882  41.387551      98.38 3.0705e+01    357.383       8578  1028.7265  1028.7243     4.6428     0.0736     0.1307    34.1211    34.1187    8.20916         24 0.0000e+00
    273.000    269.997    -0.6796  27.931860    -0.6766  27.932236     5.0287     5.1935    -0.0118    97.8430 1.0000e-12  -74.13666 -113.39880  41.387563      91.57 3.3416e+01    358.413       8603  1028.7332  1028.7307     4.6415     0.0694     0.1287    34.1250    34.1221    8.20470         25 0.0000e+00
    274.000    270.984    -0.6544  27.957230    -0.6450  27.963540     5.0082     5.1756    -0.0062    97.8433 1.0000e-12  -74.13666 -113.39880  41.387575      97.83 3.1438e+01    359.438       8628  1028.7405  1028.7382     4.6415     0.0729     0.1305    34.1303    34.1281    8.19893         24 0.0000e+00
    275.000    271.974    -0.6242  27.986040    -0.6220  27.985878     4.9970     5.1629    -0.0080    97.8293 1.0000e-12  -74.13666 -113.39878  41.387586      99.90 3.0091e+01    360.473       8652  1028.7467  1028.7445     4.6408     0.0691     0.1335    34.1344    34.1318    8.19214         25 0.0000e+00
    276.000    272.961    -0.6218  27.989331    -0.6190  27.989674     4.9927     5.1558    -0.0124    97.7962 1.0000e-12  -74.13666 -113.39876  41.387598      99.87 3.2033e+01    361.510       8677  1028.7526  1028.7504     4.6393     0.0706     0.1335    34.1355    34.1328    8.19155         25 0.0000e+00
    277.000    273.951    -0.6034  28.008510    -0.6004  28.008982     4.9894     5.1477     0.0010    97.8232 1.0000e-12  -74.13668 -113.39875  41.387610      99.87 3.1311e+01    362.539       8702  1028.7600  1028.7576     4.6406     0.0699     0.1327    34.1400    34.1372    8.18732         25 0.0000e+00
    278.000    274.938    -0.5984  28.013810    -0.5964  28.013464     4.9889     5.1454    -0.0059    97.7969 1.0000e-12  -74.13668 -113.39873  41.387622      99.87 3.0327e+01    363.572       8727  1028.7655  1028.7632     4.6393     0.0703     0.1322    34.1409    34.1381    8.18618         24 0.0000e+00
    279.000    275.927    -0.5955  28.017050    -0.5937  28.016565     4.9898     5.1472    -0.0205    97.7750 1.0000e-12  -74.13668 -113.39871  41.387634      99.86 3.2485e+01    364.608       8752  1028.7708  1028.7685     4.6383     0.0697     0.1337    34.1414    34.1387    8.18552         26 0.0000e+00
    280.000    276.914    -0.5955  28.017453    -0.5936  28.017095     4.9924     5.1449     0.0418    97.7890 1.0000e-12  -74.13668 -113.39870  41.387646      99.87 3.1336e+01    365.642       8776  1028.7758  1028.7736     4.6390     0.0707     0.1327    34.1413    34.1386    8.18553         25 0.0000e+00
    281.000    277.903    -0.5940  28.019384    -0.5922  28.018968     4.9947     5.1500    -0.0028    97.7918 1.0000e-12  -74.13668 -113.39868  41.387658      99.87 3.0197e+01    366.681       8801  1028.7809  1028.7789     4.6391     0.0693     0.1326    34.1416    34.1391    8.18519         24 0.0000e+00
    282.000    278.893    -0.5934  28.020605    -0.5912  28.020459     4.9948     5.1505     0.0178    97.7914 1.0000e-12  -74.13668 -113.39866  41.387670      99.87 3.2688e+01    367.724       8826  1028.7862  1028.7840     4.6391     0.0712     0.1328    34.1419    34.1394    8.18503         25 0.0000e+00
    283.000    279.880    -0.5929  28.021433    -0.5911  28.020921     4.9928     5.1500    -0.0090    97.7746 1.0000e-12  -74.13668 -113.39865  41.387682      99.87 3.1789e+01    368.766       8851  1028.7911  1028.7888     4.6383     0.0710     0.1339    34.1419    34.1392    8.18493         25 0.0000e+00
    284.000    280.868    -0.5922  28.022584    -0.5902  28.022262     4.9920     5.1449     0.0074    97.7717 1.0000e-12  -74.13668 -113.39864  41.387695      99.87 3.0355e+01    369.819       8877  1028.7961  1028.7939     4.6381     0.0699     0.1338    34.1421    34.1394    8.18477         25 0.0000e+00
    285.000    281.857    -0.5886  28.026503    -0.5867  28.026181     4.9893     5.1476    -0.0119    97.7621 1.0000e-12  -74.13668 -113.39862  41.387707      98.76 3.2438e+01    370.869       8902  1028.8013  1028.7991     4.6377     0.0690     0.1343    34.1427    34.1401    8.18396         26 0.0000e+00
    286.000    282.845    -0.5890  28.026427    -0.5871  28.026159     4.9907     5.1415    -0.0095    97.7708 1.0000e-12  -74.13669 -113.39860  41.387719      93.15 3.0811e+01    371.920       8927  1028.8060  1028.8039     4.6381     0.0692     0.1305    34.1424    34.1399    8.18406         25 0.0000e+00
    287.000    283.833    -0.5893  28.026642    -0.5872  28.026453     4.9888     5.1428    -0.0106    97.7541 1.0000e-12  -74.13670 -113.39859  41.387731      99.93 3.0175e+01    372.968       8952  1028.8109  1028.8087     4.6373     0.0706     0.1348    34.1424    34.1398    8.18412         25 0.0000e+00
    288.000    284.822    -0.5865  28.029896    -0.5840  28.030184     4.9857     5.1358    -0.0082    97.7583 1.0000e-12  -74.13670 -113.39857  41.387743      99.87 3.2902e+01    374.028       8978  1028.8161  1028.8140     4.6375     0.0699     0.1331    34.1431    34.1406    8.18349         26 0.0000e+00
    289.000    285.809    -0.5827  28.034333    -0.5803  28.034320     4.9766     5.1329    -0.0100    97.7319 1.0000e-12  -74.13670 -113.39854  41.387755      99.86 3.1674e+01    375.072       9003  1028.8215  1028.8192     4.6362     0.0704     0.1332    34.1441    34.1415    8.18259         25 0.0000e+00
    290.000    286.797    -0.5772  28.040014    -0.5751  28.040009     4.9676     5.1291    -0.0092    97.7491 1.0000e-12  -74.13670 -113.39854  41.387768      99.87 3.0327e+01    376.121       9028  1028.8267  1028.8246     4.6371     0.0701     0.1341    34.1450    34.1426    8.18136         25 0.0000e+00
    291.000    287.786    -0.5731  28.044797    -0.5704  28.045134     4.9709     5.1237    -0.0092    97.7606 1.0000e-12  -74.13670 -113.39852  41.387780      99.87 3.1754e+01    377.183       9053  1028.8322  1028.8300     4.6376     0.0732     0.1378    34.1462    34.1437    8.18040         25 0.0000e+00
    292.000    288.775    -0.5700  28.048234    -0.5677  28.048224     4.9718     5.1227    -0.0105    97.7503 1.0000e-12  -74.13670 -113.39850  41.387792      99.86 3.1052e+01    378.232       9079  1028.8372  1028.8350     4.6371     0.0707     0.1349    34.1467    34.1441    8.17970         26 0.0000e+00
    293.000    289.762    -0.5681  28.050521    -0.5660  28.050390     4.9661     5.1193    -0.0095    97.7471 1.0000e-12  -74.13672 -113.39848  41.387804      99.86 3.0183e+01    379.289       9104  1028.8421  1028.8400     4.6370     0.0692     0.1328    34.1470    34.1445    8.17927         25 0.0000e+00
    294.000    290.751    -0.5680  28.050931    -0.5661  28.050588     4.9573     5.1122    -0.0133    97.7471 1.0000e-12  -74.13672 -113.39848  41.387816      99.87 3.2247e+01    380.344       9129  1028.8470  1028.8448     4.6370     0.0699     0.1330    34.1469    34.1443    8.17927         25 0.0000e+00
    295.000    291.739    -0.5669  28.052544    -0.5651  28.052250     4.9530     5.1096    -0.0108    97.7454 1.0000e-12  -74.13672 -113.39846  41.387829      99.87 3.1255e+01    381.399       9155  1028.8520  1028.8499     4.6369     0.0704     0.1350    34.1472    34.1448    8.17901         26 0.0000e+00
    296.000    292.727    -0.5626  28.057687    -0.5604  28.057487     4.9549     5.1158    -0.0047    97.6242 1.0000e-12  -74.13672 -113.39844  41.387841      99.87 3.0261e+01    382.457       9180  1028.8576  1028.8553     4.6311     0.0698     0.1355    34.1487    34.1460    8.17800         26 0.0000e+00
    297.000    293.715    -0.5600  28.060734    -0.5580  28.060605     4.9527     5.1082    -0.0050    97.7356 1.0000e-12  -74.13672 -113.39841  41.387853      99.86 3.2481e+01    383.527       9206  1028.8628  1028.8606     4.6365     0.0707     0.1337    34.1493    34.1468    8.17741         24 0.0000e+00
    298.000    294.706    -0.5464  28.076754    -0.5432  28.077193     4.9517     5.0959    -0.0046    97.7345 1.0000e-12  -74.13672 -113.39840  41.387866      99.74 3.1786e+01    384.584       9231  1028.8710  1028.8684     4.6363     0.0694     0.1340    34.1549    34.1518    8.17414         26 0.0000e+00
    299.000    295.692    -0.5279  28.096643    -0.5256  28.096470     4.9466     5.0952    -0.0052    97.7494 1.0000e-12  -74.13672 -113.39839  41.387878      99.81 3.0438e+01    385.650       9257  1028.8787  1028.8763     4.6371     0.0693     0.1341    34.1601    34.1574    8.16985         26 0.0000e+00
    300.000    296.680    -0.5247  28.100451    -0.5224  28.100436     4.9423     5.0955    -0.0057    97.7484 1.0000e-12  -74.13672 -113.39837  41.387890      99.86 3.2594e+01    386.719       9282  1028.8841  1028.8818     4.6371     0.0695     0.1379    34.1611    34.1584    8.16911         26 0.0000e+00
    301.000    297.669    -0.5218  28.103851    -0.5197  28.103640     4.9412     5.0919    -0.0044    97.7403 1.0000e-12  -74.13672 -113.39836  41.387903      99.87 3.1069e+01    387.772       9308  1028.8894  1028.8872     4.6366     0.0699     0.1366    34.1618    34.1592    8.16845         24 0.0000e+00
    302.000    298.657    -0.5197  28.106892    -0.5172  28.106921     4.9334     5.1001    -0.0046    97.7233 1.0000e-12  -74.13672 -113.39835  41.387915      99.87 3.0361e+01    388.834       9333  1028.8949  1028.8926     4.6358     0.0689     0.1358    34.1628    34.1601    8.16792         26 0.0000e+00
    303.000    299.645    -0.5142  28.113245    -0.5120  28.113149     4.9344     5.0953    -0.0066    97.7365 1.0000e-12  -74.13673 -113.39833  41.387927      99.87 3.2480e+01    389.897       9359  1028.9008  1028.8986     4.6364     0.0693     0.1335    34.1646    34.1620    8.16664         26 0.0000e+00
    304.000    300.633    -0.5093  28.119160    -0.5069  28.119238     4.9366     5.0898    -0.0202    97.7409 1.0000e-12  -74.13674 -113.39831  41.387939      99.87 3.1106e+01    390.952       9384  1028.9068  1028.9045     4.6367     0.0705     0.1344    34.1665    34.1638    8.16549         25 0.0000e+00
    305.000    301.622    -0.5074  28.121559    -0.5055  28.121272     4.9410     5.0841    -0.0137    97.7034 1.0000e-12  -74.13674 -113.39830  41.387951      99.87 3.0119e+01    392.005       9409  1028.9119  1028.9097     4.6349     0.0681     0.1338    34.1669    34.1643    8.16504         26 0.0000e+00
    306.000    302.608    -0.5070  28.122439    -0.5050  28.122248     4.9354     5.0818    -0.0126    97.7329 1.0000e-12  -74.13674 -113.39828  41.387964      99.87 3.2619e+01    393.065       9435  1028.9168  1028.9147     4.6363     0.0689     0.1347    34.1670    34.1645    8.16494         24 0.0000e+00
    307.000    303.599    -0.5072  28.122622    -0.5052  28.122264     4.9354     5.0822    -0.0193    97.7245 1.0000e-12  -74.13674 -113.39826  41.387976      99.86 3.1244e+01    394.114       9460  1028.9216  1028.9194     4.6358     0.0696     0.1350    34.1669    34.1642    8.16500         26 0.0000e+00
    308.000    304.586    -0.5075  28.122686    -0.5054  28.122516     4.9349     5.0800    -0.0203    97.7327 1.0000e-12  -74.13674 -113.39824  41.387988      99.87 3.0182e+01    395.165       9485  1028.9264  1028.9242     4.6363     0.0694     0.1348    34.1667    34.1642    8.16508         25 0.0000e+00
    309.000    305.575    -0.5057  28.125080    -0.5039  28.124729     4.9339     5.0874     0.0014    97.7389 1.0000e-12  -74.13674 -113.39824  41.388000      78.00 3.2761e+01    396.226       9510  1028.9315  1028.9294     4.6366     0.0673     0.1345    34.1673    34.1648    8.16466         25 0.0000e+00
    310.000    306.561    -0.5030  28.128817    -0.5009  28.128476     4.9368     5.0879    -0.0024    97.7165 1.0000e-12  -74.13674 -113.39822  41.388012      88.23 3.1110e+01    397.278       9536  1028.9372  1028.9348     4.6355     0.0673     0.1337    34.1687    34.1659    8.16400         26 0.0000e+00
    311.000    307.551    -0.5001  28.132568    -0.4973  28.132964     4.9333     5.0866    -0.0110    97.7328 1.0000e-12  -74.13674 -113.39820  41.388025      52.56 3.0104e+01    398.339       9561  1028.9427  1028.9405     4.6363     0.0678     0.1389    34.1698    34.1673    8.16330         25 0.0000e+00
    312.000    308.539    -0.4991  28.133981    -0.4976  28.133250     4.9303     5.0875    -0.0065    97.7286 1.0000e-12  -74.13674 -113.39818  41.388037     100.18 3.2425e+01    399.403       9587  1028.9476  1028.9454     4.6361     0.0689     0.1348    34.1700    34.1673    8.16307         26 0.0000e+00
    313.000    309.527    -0.4973  28.136702    -0.4953  28.136409     4.9329     5.0767    -0.0039    97.7265 1.0000e-12  -74.13674 -113.39816  41.388049      99.87 3.1172e+01    400.455       9612  1028.9531  1028.9509     4.6359     0.0705     0.1353    34.1710    34.1684    8.16263         25 0.0000e+00
    314.000    310.515    -0.4927  28.142739    -0.4906  28.142182     4.9282     5.0729    -0.0102    97.7217 1.0000e-12  -74.13676 -113.39815  41.388062      99.87 3.0044e+01    401.514       9637  1028.9594  1028.9568     4.6358     0.0698     0.1345    34.1733    34.1702    8.16151         26 0.0000e+00
    315.000    311.503    -0.4862  28.149922    -0.4850  28.148842     4.9227     5.0815    -0.0074    97.7366 1.0000e-12  -74.13676 -113.39813  41.388074      99.86 3.3462e+01    402.573       9663  1028.9652  1028.9629     4.6365     0.0711     0.1349    34.1751    34.1723    8.16002         25 0.0000e+00
    316.000    312.491    -0.4832  28.153913    -0.4802  28.154547     4.9261     5.0794    -0.0148    97.7213 1.0000e-12  -74.13676 -113.39811  41.388086      99.87 3.1088e+01    403.629       9688  1028.9709  1028.9687     4.6357     0.0703     0.1357    34.1765    34.1740    8.15929         25 0.0000e+00
    317.000    313.479    -0.4796  28.157988    -0.4776  28.157821     4.9259     5.0825    -0.0052    97.7245 1.0000e-12  -74.13676 -113.39809  41.388098      99.87 3.0166e+01    404.683       9713  1028.9760  1028.9739     4.6359     0.0717     0.1347    34.1772    34.1748    8.15846         25 0.0000e+00
    318.000    314.468    -0.4781  28.160090    -0.4759  28.160016     4.9263     5.0815    -0.0046    97.7426 1.0000e-12  -74.13676 -113.39808  41.388110      99.87 3.2914e+01    405.741       9739  1028.9812  1028.9790     4.6368     0.0687     0.1338    34.1778    34.1752    8.15811         26 0.0000e+00
    319.000    315.455    -0.4749  28.163992    -0.4728  28.163871     4.9230     5.0803    -0.0077    97.7501 1.0000e-12  -74.13676 -113.39807  41.388123      99.86 3.0755e+01    406.787       9764  1028.9866  1028.9844     4.6371     0.0695     0.1324    34.1788    34.1763    8.15737         25 0.0000e+00
