ocean_section_plots/required_files/ctd/dnbp2202_ctd288.cnv
* Sea-Bird SBE 9 Data File:
* FileName = D:\Data\raw\NBP2202_CTD288.hex
* Software Version Seasave V 7.26.7.121
* Temperature SN = 1649
* Conductivity SN = 2513
* Number of Bytes Per Scan = 40
* Number of Voltage Words = 5
* Number of Scans Averaged by the Deck Unit = 1
* NMEA Latitude = 74 08.12 S
* NMEA Longitude = 115 08.69 W
* NMEA UTC (Time) = Feb 22 2022  14:35:41
* NMEA baud rate = 9600
** Ship: RVIB N.B. Palmer
** Cruise: NBP2202 Thwaites
** Station: 190
** Operator: B. Bjork
# nquan = 28
# nvalues = 409                         
# units = specified
# name 0 = prDM: Pressure, Digiquartz [db]
# name 1 = depSM: Depth [salt water, m]
# name 2 = t090C: Temperature [ITS-90, deg C]
# name 3 = c0mS/cm: Conductivity [mS/cm]
# name 4 = t190C: Temperature, 2 [ITS-90, deg C]
# name 5 = c1mS/cm: Conductivity, 2 [mS/cm]
# name 6 = sbeox0ML/L: Oxygen, SBE 43 [ml/l]
# name 7 = sbeox1ML/L: Oxygen, SBE 43, 2 [ml/l]
# name 8 = flECO-AFL: Fluorescence, WET Labs ECO-AFL/FL [mg/m^3]
# name 9 = CStarTr0: Beam Transmission, WET Labs C-Star [%]
# name 10 = par: PAR/Irradiance, Biospherical/Licor
# name 11 = latitude: Latitude [deg]
# name 12 = longitude: Longitude [deg]
# name 13 = timeJ: Julian Days
# name 14 = altM: Altimeter [m]
# name 15 = spar: SPAR, Biospherical/Licor
# name 16 = timeS: Time, Elapsed [seconds]
# name 17 = scan: Scan Count
# name 18 = density00: Density [density, kg/m^3]
# name 19 = density11: Density, 2 [density, kg/m^3]
# name 20 = v3: Voltage 3
# name 21 = v4: Voltage 4
# name 22 = v5: Voltage 5
# name 23 = sal00: Salinity, Practical [PSU]
# name 24 = sal11: Salinity, Practical, 2 [PSU]
# name 25 = oxsolML/L: Oxygen Saturation, Garcia & Gordon [ml/l]
# name 26 = nbin: number of scans per bin
# name 27 = flag: flag
# span 0 =      2.000,    410.000       
# span 1 =      1.979,    405.357       
# span 2 =    -1.8239,    -0.5733       
# span 3 =  26.950130,  27.731389       
# span 4 =    -1.8228,    -0.5714       
# span 5 =  26.950730,  27.731999       
# span 6 =     6.4058,     8.6960       
# span 7 =     6.5688,     8.9723       
# span 8 =     0.5089,     7.6146       
# span 9 =    88.8565,    97.1088       
# span 10 = 1.0000e-12, 1.2126e+02      
# span 11 =  -74.13536,  -74.13536      
# span 12 = -115.14488, -115.14482      
# span 13 =  53.610472,  53.616675      
# span 14 =       1.73,      99.97      
# span 15 = 2.4374e+02, 2.7944e+02      
# span 16 =    203.807,    739.683      
# span 17 =       4892,      17753      
# span 18 =  1027.1805,  1029.4595      
# span 19 =  1027.1803,  1029.4582      
# span 20 =     4.2167,     4.6067      
# span 21 =     0.1454,     1.6080      
# span 22 =     0.1113,     0.1985      
# span 23 =    33.8057,    34.1566      
# span 24 =    33.8055,    34.1562      
# span 25 =    8.19788,    8.46236      
# span 26 =         22,         46      
# span 27 = 0.0000e+00, 0.0000e+00      
# interval = decibars: 1                
# start_time = Feb 22 2022 14:35:41 [NMEA time, header]
# bad_flag = -9.990e-29
*END*
[from data line 52]
     54.000     53.435    -0.5955  27.669414    -0.5939  27.669970     8.6960     8.9607     6.1630    91.9958 1.0000e-12  -74.13536 -115.14485  53.611550      98.74 2.5033e+02    296.934       7127  1027.4321  1027.4312     4.3642     1.1549     0.1597    33.8107    33.8097    8.20462         36 0.0000e+00
     55.000     54.424    -0.5918  27.673272    -0.5903  27.673686     8.6933     8.9552     6.3029    91.3117 1.0000e-12  -74.13536 -115.14485  53.611567      99.28 2.5033e+02    298.413       7163  1027.4370  1027.4361     4.3318     1.1629     0.1550    33.8112    33.8101    8.20379         35 0.0000e+00
     56.000     55.412    -0.5912  27.674277    -0.5896  27.674837     8.6891     8.9621     6.7973    90.7675 1.0000e-12  -74.13536 -115.14485  53.611584      99.75 2.5038e+02    299.871       7198  1027.4419  1027.4410     4.3060     0.8755     0.1612    33.8113    33.8102    8.20366         35 0.0000e+00
     57.000     56.403    -0.5911  27.674868    -0.5895  27.675480     8.6921     8.9615     6.7633    90.9254 1.0000e-12  -74.13536 -115.14485  53.611601      99.71 2.5069e+02    301.310       7232  1027.4467  1027.4459     4.3135     0.9336     0.1532    33.8113    33.8103    8.20363         34 0.0000e+00
     58.000     57.392    -0.5909  27.675432    -0.5893  27.676123     8.6959     8.9540     6.7963    92.0817 1.0000e-12  -74.13536 -115.14485  53.611618      99.71 2.5067e+02    302.788       7268  1027.4515  1027.4507     4.3683     0.9636     0.1471    33.8113    33.8104    8.20360         36 0.0000e+00
     59.000     58.380    -0.5913  27.675522    -0.5898  27.676128     8.6934     8.9570     5.0794    91.4664 1.0000e-12  -74.13536 -115.14486  53.611635      99.80 2.5156e+02    304.279       7304  1027.4562  1027.4555     4.3393     0.7043     0.1387    33.8112    33.8104    8.20368         32 0.0000e+00
     60.000     59.371    -0.5907  27.676623    -0.5892  27.677098     8.6919     8.9723     6.3317    90.5835 1.0000e-12  -74.13536 -115.14486  53.611652      99.74 2.5209e+02    305.698       7338  1027.4612  1027.4603     4.2974     0.8645     0.1698    33.8115    33.8104    8.20355         32 0.0000e+00
     61.000     60.361    -0.5904  27.677388    -0.5889  27.677829     8.6852     8.9621     5.6821    90.2211 1.0000e-12  -74.13536 -115.14486  53.611667      99.79 2.5209e+02    307.063       7371  1027.4660  1027.4651     4.2801     0.7739     0.1399    33.8115    33.8104    8.20347         29 0.0000e+00
     62.000     61.350    -0.5911  27.677136    -0.5896  27.677608     8.6856     8.9590     6.2298    90.9987 1.0000e-12  -74.13536 -115.14486  53.611683      99.52 2.5209e+02    308.396       7403  1027.4707  1027.4698     4.3170     1.3522     0.1606    33.8113    33.8103    8.20363         32 0.0000e+00
     63.000     62.338    -0.5904  27.678395    -0.5890  27.678763     8.6862     8.9579     5.6481    91.5917 1.0000e-12  -74.13536 -115.14486  53.611697      94.32 2.5209e+02    309.652       7433  1027.4757  1027.4748     4.3451     0.8693     0.1640    33.8117    33.8106    8.20347         29 0.0000e+00
     64.000     63.329    -0.5898  27.679478    -0.5886  27.679761     8.6801     8.9493     6.5149    90.9984 1.0000e-12  -74.13536 -115.14486  53.611712      98.33 2.5209e+02    310.882       7462  1027.4806  1027.4798     4.3169     1.1175     0.1602    33.8118    33.8108    8.20332         29 0.0000e+00
     65.000     64.317    -0.5900  27.679736    -0.5889  27.680001     8.6772     8.9415     6.1663    91.0514 1.0000e-12  -74.13536 -115.14486  53.611726      99.58 2.5209e+02    312.101       7491  1027.4854  1027.4847     4.3195     1.2621     0.1687    33.8118    33.8109    8.20338         29 0.0000e+00
     66.000     65.307    -0.5905  27.679855    -0.5893  27.679956     8.6609     8.9309     5.8634    90.1645 1.0000e-12  -74.13536 -115.14486  53.611739      99.65 2.5209e+02    313.267       7519  1027.4903  1027.4894     4.2774     1.0986     0.1567    33.8119    33.8107    8.20348         28 0.0000e+00
     67.000     66.295    -0.5899  27.681586    -0.5889  27.681373     8.6461     8.9164     5.4137    90.8002 1.0000e-12  -74.13536 -115.14486  53.611753      99.66 2.5222e+02    314.420       7547  1027.4960  1027.4947     4.3076     1.0375     0.1503    33.8129    33.8115    8.20329         27 0.0000e+00
     68.000     67.286    -0.5895  27.682692    -0.5882  27.683336     8.6303     8.9035     6.4070    91.0017 1.0000e-12  -74.13536 -115.14486  53.611766      99.72 2.5272e+02    315.568       7575  1027.5010  1027.5005     4.3171     0.9465     0.1666    33.8134    33.8128    8.20317         28 0.0000e+00
     69.000     68.274    -0.5897  27.684023    -0.5885  27.684572     8.6280     8.8981     5.8946    90.9623 1.0000e-12  -74.13536 -115.14486  53.611779      99.65 2.5300e+02    316.706       7602  1027.5070  1027.5064     4.3152     1.0872     0.1588    33.8148    33.8142    8.20313         27 0.0000e+00
     70.000     69.264    -0.5899  27.684249    -0.5886  27.684618     8.6408     8.9108     6.2500    92.0766 1.0000e-12  -74.13536 -115.14486  53.611792      99.76 2.5310e+02    317.847       7629  1027.5117  1027.5108     4.3676     0.8454     0.1589    33.8147    33.8137    8.20319         28 0.0000e+00
     71.000     70.254    -0.5901  27.684800    -0.5886  27.685155     8.6612     8.9263     6.0699    90.6044 1.0000e-12  -74.13536 -115.14486  53.611805      99.77 2.5392e+02    318.977       7656  1027.5167  1027.5157     4.2989     0.8091     0.1464    33.8150    33.8138    8.20321         26 0.0000e+00
     72.000     71.242    -0.5902  27.683446    -0.5891  27.683878     8.6301     8.9084     5.5426    90.4284 1.0000e-12  -74.13536 -115.14486  53.611818      99.77 2.5411e+02    320.087       7683  1027.5197  1027.5191     4.2899     0.8107     0.1587    33.8127    33.8120    8.20337         27 0.0000e+00
     73.000     72.232    -0.5905  27.684115    -0.5890  27.684475     8.5766     8.8705     5.6351    90.5632 1.0000e-12  -74.13536 -115.14486  53.611831      99.83 2.5431e+02    321.213       7710  1027.5250  1027.5240     4.2959     0.6500     0.1449    33.8134    33.8122    8.20339         27 0.0000e+00
     74.000     73.221    -0.5887  27.689610    -0.5880  27.687622     8.5353     8.8221     5.5992    90.1184 1.0000e-12  -74.13536 -115.14486  53.611844      99.63 2.5423e+02    322.357       7738  1027.5335  1027.5307     4.2757     1.1223     0.1535    33.8181    33.8146    8.20272         28 0.0000e+00
     75.000     74.211    -0.5886  27.689604    -0.5874  27.690033     8.4012     8.6868     6.3105    91.0367 1.0000e-12  -74.13536 -115.14486  53.611857      92.41 2.5515e+02    323.481       7765  1027.5378  1027.5370     4.3188     0.7738     0.1683    33.8174    33.8166    8.20275         27 0.0000e+00
     76.000     75.200    -0.5876  27.693481    -0.5857  27.694509     8.2478     8.5448     6.2311    90.7781 1.0000e-12  -74.13536 -115.14486  53.611870      99.58 2.5528e+02    324.602       7791  1027.5453  1027.5446     4.3065     0.8900     0.1391    33.8209    33.8201    8.20233         27 0.0000e+00
     77.000     76.191    -0.5795  27.712639    -0.5775  27.713761     8.1735     8.4729     6.0194    90.8599 1.0000e-12  -74.13536 -115.14486  53.611884      99.72 2.5562e+02    325.734       7819  1027.5625  1027.5618     4.3104     0.9027     0.1442    33.8370    33.8363    8.19964         27 0.0000e+00
     78.000     77.177    -0.5782  27.716054    -0.5769  27.716209     8.1643     8.4480     4.2831    91.1897 1.0000e-12  -74.13536 -115.14486  53.611897      99.80 2.5562e+02    326.864       7846  1027.5692  1027.5682     4.3260     0.7068     0.1559    33.8395    33.8382    8.19920         27 0.0000e+00
     79.000     78.169    -0.5777  27.717802    -0.5762  27.718230     8.1578     8.4336     3.9708    90.2145 1.0000e-12  -74.13536 -115.14486  53.611910      99.65 2.5562e+02    327.985       7873  1027.5751  1027.5740     4.2798     1.0802     0.1712    33.8407    33.8396    8.19904         27 0.0000e+00
     80.000     79.157    -0.5771  27.719225    -0.5754  27.719822     8.1461     8.4173     4.5073    90.4649 1.0000e-12  -74.13536 -115.14486  53.611923      99.78 2.5562e+02    329.136       7900  1027.5803  1027.5794     4.2917     0.7763     0.1586    33.8413    33.8402    8.19887         28 0.0000e+00
     81.000     80.146    -0.5754  27.721654    -0.5741  27.721818     8.1379     8.4045     4.4043    91.3881 1.0000e-12  -74.13536 -115.14486  53.611936      99.70 2.5562e+02    330.296       7928  1027.5857  1027.5846     4.3354     0.9419     0.1635    33.8421    33.8409    8.19846         27 0.0000e+00
     82.000     81.135    -0.5733  27.725464    -0.5714  27.726163     8.1257     8.3931     4.3583    90.9400 1.0000e-12  -74.13536 -115.14486  53.611950      99.72 2.5562e+02    331.445       7956  1027.5921  1027.5910     4.3142     0.9443     0.1466    33.8443    33.8431    8.19788         28 0.0000e+00
     83.000     82.124    -0.5758  27.724296    -0.5745  27.724736     8.1248     8.3820     4.1567    89.5666 1.0000e-12  -74.13536 -115.14486  53.611963      99.79 2.5562e+02    332.576       7983  1027.5975  1027.5968     4.2490     0.7496     0.1525    33.8448    33.8440    8.19838         27 0.0000e+00
     84.000     83.114    -0.5760  27.724544    -0.5738  27.725700     8.1277     8.3849     3.8842    89.5541 1.0000e-12  -74.13536 -115.14486  53.611976      99.85 2.5613e+02    333.689       8010  1027.6023  1027.6015     4.2485     0.5832     0.1523    33.8448    33.8439    8.19843         26 0.0000e+00
     85.000     84.104    -0.5778  27.723585    -0.5762  27.724101     8.1261     8.3825     4.4140    89.8436 1.0000e-12  -74.13536 -115.14486  53.611988      99.73 2.5588e+02    334.799       8036  1027.6073  1027.6064     4.2622     0.8808     0.1682    33.8449    33.8438    8.19881         27 0.0000e+00
     86.000     85.092    -0.5800  27.722256    -0.5792  27.722102     8.1239     8.3846     4.1242    91.9760 1.0000e-12  -74.13536 -115.14486  53.612002      99.65 2.5608e+02    335.935       8063  1027.6123  1027.6114     4.3633     1.1035     0.1572    33.8449    33.8439    8.19928         27 0.0000e+00
     87.000     86.082    -0.5797  27.722825    -0.5799  27.721895     8.1183     8.3725     4.8122    91.9721 1.0000e-12  -74.13536 -115.14486  53.612015      94.79 2.5708e+02    337.075       8091  1027.6169  1027.6161     4.3631     1.0440     0.1570    33.8448    33.8437    8.19923         28 0.0000e+00
     88.000     87.070    -0.5839  27.720105    -0.5835  27.719497     8.0898     8.3424     4.3847    90.0164 1.0000e-12  -74.13536 -115.14486  53.612028      99.80 2.5650e+02    338.192       8118  1027.6224  1027.6213     4.2704     0.7518     0.1605    33.8452    33.8440    8.20011         26 0.0000e+00
     89.000     88.060    -0.5806  27.724878    -0.5791  27.723435     8.0489     8.3052     5.1803    89.4800 1.0000e-12  -74.13536 -115.14486  53.612041      99.80 2.5619e+02    339.302       8144  1027.6286  1027.6256     4.2450     0.6911     0.1680    33.8473    33.8437    8.19927         28 0.0000e+00
     90.000     89.049    -0.5842  27.724514    -0.5826  27.724998     8.0085     8.2601     5.1372    90.5449 1.0000e-12  -74.13536 -115.14486  53.612054      99.81 2.5717e+02    340.430       8171  1027.6360  1027.6350     4.2954     0.7037     0.1407    33.8502    33.8491    8.19988         26 0.0000e+00
     91.000     90.038    -0.5837  27.727025    -0.5824  27.727119     7.9697     8.2221     4.1916    92.4162 1.0000e-12  -74.13536 -115.14486  53.612067      99.74 2.5738e+02    341.560       8198  1027.6425  1027.6414     4.3842     0.8671     0.1610    33.8525    33.8512    8.19966         28 0.0000e+00
     92.000     91.029    -0.5824  27.731389    -0.5810  27.731999     7.9495     8.2026     4.5943    91.4674 1.0000e-12  -74.13536 -115.14486  53.612080      99.78 2.5738e+02    342.696       8226  1027.6503  1027.6496     4.3392     0.8063     0.1623    33.8563    33.8555    8.19915         24 0.0000e+00
     93.000     92.015    -0.5859  27.730117    -0.5844  27.730658     7.9486     8.2011     4.1876    91.1625 1.0000e-12  -74.13536 -115.14486  53.612093      99.75 2.5738e+02    343.832       8253  1027.6565  1027.6558     4.3247     0.8295     0.1591    33.8579    33.8569    8.19981         28 0.0000e+00
     94.000     93.007    -0.5870  27.729395    -0.5853  27.730480     7.9442     8.1933     4.6385    91.5019 1.0000e-12  -74.13536 -115.14486  53.612106      99.73 2.5738e+02    344.961       8280  1027.6611  1027.6607     4.3408     0.9006     0.1731    33.8576    33.8571    8.20008         27 0.0000e+00
     95.000     93.996    -0.5875  27.729396    -0.5861  27.730227     7.9437     8.1864     3.8854    90.5056 1.0000e-12  -74.13536 -115.14486  53.612119      99.74 2.5738e+02    346.111       8308  1027.6659  1027.6655     4.2936     0.8617     0.1755    33.8574    33.8571    8.20018         28 0.0000e+00
     96.000     94.984    -0.5875  27.730620    -0.5859  27.731183     7.9324     8.1762     4.0940    91.1657 1.0000e-12  -74.13536 -115.14486  53.612133      99.83 2.5738e+02    347.259       8335  1027.6715  1027.6706     4.3249     0.6316     0.1721    33.8585    33.8575    8.20013         27 0.0000e+00
     97.000     95.974    -0.5904  27.729129    -0.5872  27.730984     7.9203     8.1593     4.7077    90.5505 1.0000e-12  -74.13536 -115.14486  53.612146      99.84 2.5738e+02    348.376       8362  1027.6769  1027.6759     4.2958     0.6052     0.1582    33.8591    33.8580    8.20072         27 0.0000e+00
     98.000     96.962    -0.5950  27.726042    -0.5934  27.726703     7.9014     8.1434     4.7550    89.6249 1.0000e-12  -74.13536 -115.14486  53.612159      96.96 2.5738e+02    349.499       8389  1027.6824  1027.6816     4.2518     0.7097     0.1452    33.8595    33.8586    8.20170         27 0.0000e+00
     99.000     97.953    -0.6043  27.719437    -0.6023  27.720575     7.8809     8.1297     4.5477    91.3915 1.0000e-12  -74.13536 -115.14486  53.612172      99.77 2.5738e+02    350.646       8417  1027.6885  1027.6878     4.3356     0.7722     0.1459    33.8604    33.8597    8.20366         28 0.0000e+00
    100.000     98.941    -0.6121  27.714049    -0.6101  27.715097     7.8785     8.1147     3.6171    91.9553 1.0000e-12  -74.13536 -115.14486  53.612185      99.74 2.5738e+02    351.772       8444  1027.6945  1027.6937     4.3623     0.8312     0.1508    33.8613    33.8605    8.20531         26 0.0000e+00
    101.000     99.930    -0.6163  27.711343    -0.6147  27.711901     7.8600     8.0952     3.9220    91.6254 1.0000e-12  -74.13536 -115.14486  53.612198      99.81 2.5738e+02    352.892       8470  1027.6998  1027.6989     4.3467     0.7084     0.1600    33.8617    33.8607    8.20619         28 0.0000e+00
    102.000    100.920    -0.6195  27.709365    -0.6181  27.709943     7.8396     8.0802     4.2572    91.9179 1.0000e-12  -74.13536 -115.14486  53.612211      99.66 2.5752e+02    354.024       8498  1027.7050  1027.7042     4.3593     1.0558     0.1537    33.8620    33.8612    8.20687         27 0.0000e+00
    103.000    101.909    -0.6280  27.703493    -0.6266  27.704196     7.8306     8.0607     3.8992    88.8565 1.0000e-12  -74.13536 -115.14486  53.612224      99.78 2.5794e+02    355.115       8524  1027.7110  1027.7105     4.2167     0.7800     0.1468    33.8630    33.8623    8.20865         25 0.0000e+00
    104.000    102.897    -0.6315  27.701887    -0.6305  27.702068     7.8161     8.0432     3.7751    88.9771 1.0000e-12  -74.13536 -115.14486  53.612236      99.76 2.5797e+02    356.155       8549  1027.7169  1027.7162     4.2211     0.8363     0.1669    33.8642    33.8633    8.20935         24 0.0000e+00
