ocean_section_plots/required_files/ctd/dnbp2202_ctd039.cnv
* Sea-Bird SBE 9 Data File:
* FileName = D:\Data\raw\NBP2202_CTD039.hex
* Software Version Seasave V 7.26.7.121
* Temperature SN = 1649
* Conductivity SN = 2513
* Number of Bytes Per Scan = 40
* Number of Voltage Words = 5
* Number of Scans Averaged by the Deck Unit = 1
* NMEA Latitude = 74 08.81 S
* NMEA Longitude = 113 21.16 W
* NMEA UTC (Time) = Jan 22 2022  15:51:45
* NMEA baud rate = 9600
** Ship: RVIB N.B. Palmer
** Cruise: NBP2202 Thwaites
** Station: Tow-Yo #2
** Operator: A. Robinson
# nquan = 25
# nvalues = 421                         
# units = specified
# name 0 = prDM: Pressure, Digiquartz [db]
# name 1 = depSM: Depth [salt water, m]
# name 2 = t090C: Temperature [ITS-90, deg C]
# name 3 = c0mS/cm: Conductivity [mS/cm]
# name 4 = t190C: Temperature, 2 [ITS-90, deg C]
# name 5 = c1mS/cm: Conductivity, 2 [mS/cm]
# name 6 = sbeox0ML/L: Oxygen, SBE 43 [ml/l]
# name 7 = sbeox1ML/L: Oxygen, SBE 43, 2 [ml/l]
# name 8 = flECO-AFL: Fluorescence, WET Labs ECO-AFL/FL [mg/m^3]
# name 9 = CStarTr0: Beam Transmission, WET Labs C-Star [%]
# name 10 = par: PAR/Irradiance, Biospherical/Licor
# name 11 = latitude: Latitude [deg]
# name 12 = longitude: Longitude [deg]
# name 13 = timeJ: Julian Days
# name 14 = altM: Altimeter [m]
# name 15 = spar: SPAR, Biospherical/Licor
# name 16 = timeS: Time, Elapsed [seconds]
# name 17 = scan: Scan Count
# name 18 = density00: Density [density, kg/m^3]
# name 19 = density11: Density, 2 [density, kg/m^3]
# name 20 = sal00: Salinity, Practical [PSU]
# name 21 = sal11: Salinity, Practical, 2 [PSU]
# name 22 = oxsolML/L: Oxygen Saturation, Garcia & Gordon [ml/l]
# name 23 = nbin: number of scans per bin
# name 24 = flag: flag
# span 0 =     10.000,    430.000       
# span 1 =      9.898,    425.115       
# span 2 =    -1.4620,    -0.2532       
# span 3 =  26.991328,  28.456533       
# span 4 =    -1.4606,    -0.2510       
# span 5 =  26.991049,  28.456280       
# span 6 =     4.8068,     8.4324       
# span 7 =     5.0715,     8.7420       
# span 8 =    -0.0211,    18.7831       
# span 9 =    73.1663,    97.3224       
# span 10 = -2.635e-04, 2.4690e+01      
# span 11 =  -74.14698,  -74.14688      
# span 12 = -113.35212, -113.33748      
# span 13 =  22.661230,  22.669073      
# span 14 =      17.03,     100.09      
# span 15 = 1.5616e+03, 2.3803e+03      
# span 16 =     25.303,    702.870      
# span 17 =        608,      16870      
# span 18 =  1027.2151,  1029.5616      
# span 19 =  1027.2133,  1029.5592      
# span 20 =    33.7806,    34.2547      
# span 21 =    33.7786,    34.2519      
# span 22 =    8.10562,    8.39410      
# span 23 =         15,         48      
# span 24 = 0.0000e+00, 0.0000e+00      
# interval = decibars: 1                
# start_time = Jan 22 2022 15:51:45 [NMEA time, header]
# bad_flag = -9.990e-29
*END*
[from data line 116]
    126.000    124.659    -1.2410  27.259937    -1.2405  27.258437     5.4593     5.7594     0.2340    96.7312 1.0000e-12  -74.14698 -113.34901  22.662882      99.86 1.6429e+03    168.030       4034  1027.9039  1027.9018    33.9363    33.9336    8.33931         34 0.0000e+00
    127.000    125.647    -1.2327  27.268974    -1.2296  27.269321     5.4469     5.7538     0.2029    96.8188 1.0000e-12  -74.14698 -113.34898  22.662897      99.86 1.6446e+03    169.281       4064  1027.9102  1027.9076    33.9385    33.9356    8.33731         28 0.0000e+00
    128.000    126.636    -1.2263  27.274991    -1.2251  27.274146     5.4475     5.7433     0.2090    96.7320 1.0000e-12  -74.14698 -113.34895  22.662911      99.86 1.6446e+03    170.549       4094  1027.9151  1027.9131    33.9390    33.9365    8.33586         32 0.0000e+00
    129.000    127.625    -1.2264  27.275473    -1.2241  27.275531     5.4419     5.7327     0.1837    96.8726 1.0000e-12  -74.14698 -113.34893  22.662927      99.86 1.6413e+03    171.904       4127  1027.9202  1027.9181    33.9391    33.9366    8.33587         32 0.0000e+00
    130.000    128.615    -1.2199  27.282278    -1.2174  27.282372     5.4351     5.7282     0.1605    96.8658 1.0000e-12  -74.14698 -113.34889  22.662941      98.52 1.6366e+03    173.132       4156  1027.9258  1027.9235    33.9405    33.9378    8.33435         29 0.0000e+00
    131.000    129.602    -1.2159  27.286389    -1.2146  27.285580     5.4286     5.7239     0.1984    96.7534 1.0000e-12  -74.14698 -113.34885  22.662957      97.48 1.6335e+03    174.450       4188  1027.9309  1027.9288    33.9409    33.9383    8.33343         31 0.0000e+00
    132.000    130.593    -1.2142  27.288343    -1.2125  27.287933     5.4205     5.7274     0.3445    96.6641 1.0000e-12  -74.14698 -113.34883  22.662973      99.92 1.6335e+03    175.865       4222  1027.9358  1027.9337    33.9410    33.9385    8.33304         33 0.0000e+00
    133.000    131.581    -1.2119  27.291182    -1.2117  27.289209     5.4284     5.7249     0.2216    96.6691 1.0000e-12  -74.14698 -113.34879  22.662987      99.86 1.6389e+03    177.072       4251  1027.9411  1027.9388    33.9417    33.9388    8.33249         27 0.0000e+00
    134.000    132.571    -1.2123  27.291027    -1.2113  27.290013     5.4265     5.7269     0.4200    96.7670 1.0000e-12  -74.14698 -113.34878  22.663001      99.87 1.6520e+03    178.286       4280  1027.9458  1027.9437    33.9414    33.9388    8.33261         30 0.0000e+00
    135.000    133.561    -1.2111  27.292842    -1.2092  27.292611     5.4214     5.7203     0.2587    96.8828 1.0000e-12  -74.14698 -113.34873  22.663018      99.86 1.6750e+03    179.737       4315  1027.9509  1027.9489    33.9418    33.9394    8.33230         31 0.0000e+00
    136.000    134.547    -1.2097  27.294922    -1.2082  27.294418     5.4245     5.7236     0.1697    96.8883 1.0000e-12  -74.14698 -113.34869  22.663036      99.86 1.7059e+03    181.265       4351  1027.9563  1027.9543    33.9425    33.9401    8.33196         34 0.0000e+00
    137.000    135.538    -1.2122  27.294327    -1.2109  27.293390     5.4220     5.7216     0.2541    96.7728 1.0000e-12  -74.14698 -113.34866  22.663051      99.87 1.7345e+03    182.646       4385  1027.9624  1027.9602    33.9438    33.9411    8.33242         33 0.0000e+00
    138.000    136.527    -1.2125  27.294261    -1.2112  27.293180     5.4265     5.7270     0.4313    96.7075 1.0000e-12  -74.14698 -113.34864  22.663068      99.86 1.7561e+03    184.040       4418  1027.9670  1027.9646    33.9435    33.9406    8.33251         33 0.0000e+00
    139.000    137.514    -1.2122  27.294682    -1.2115  27.293462     5.4331     5.7283     0.1381    96.8064 1.0000e-12  -74.14698 -113.34860  22.663083      99.86 1.7690e+03    185.390       4450  1027.9715  1027.9696    33.9431    33.9407    8.33247         31 0.0000e+00
    140.000    138.505    -1.2199  27.290065    -1.2186  27.289450     5.4280     5.7306     0.1227    96.7068 1.0000e-12  -74.14698 -113.34857  22.663099      88.76 1.7748e+03    186.716       4482  1027.9783  1027.9763    33.9449    33.9425    8.33408         30 0.0000e+00
    141.000    139.494    -1.2185  27.291851    -1.2165  27.291627     5.4260     5.7273     0.1173    96.9317 1.0000e-12  -74.14698 -113.34855  22.663114      99.28 1.7755e+03    188.049       4514  1027.9832  1027.9810    33.9452    33.9426    8.33376         31 0.0000e+00
    142.000    140.484    -1.2145  27.294981    -1.2109  27.295559     5.4272     5.7244     0.2903    96.8947 1.0000e-12  -74.14698 -113.34852  22.663128      99.86 1.7765e+03    189.269       4543  1027.9870  1027.9842    33.9442    33.9410    8.33291         29 0.0000e+00
    143.000    141.470    -1.2150  27.295047    -1.2151  27.293388     5.4250     5.7236     0.2145    97.0189 1.0000e-12  -74.14698 -113.34848  22.663144      99.86 1.7795e+03    190.607       4576  1027.9918  1027.9902    33.9443    33.9421    8.33302         31 0.0000e+00
    144.000    142.460    -1.2177  27.294410    -1.2162  27.293802     5.4256     5.7254     0.2921    96.9140 1.0000e-12  -74.14698 -113.34845  22.663160      99.87 1.7840e+03    192.061       4610  1027.9981  1027.9960    33.9458    33.9433    8.33353         30 0.0000e+00
    145.000    143.450    -1.2167  27.296405    -1.2149  27.296443     5.4251     5.7260     0.1566    96.8216 1.0000e-12  -74.14698 -113.34842  22.663175      99.87 1.7921e+03    193.293       4640  1028.0037  1028.0020    33.9468    33.9448    8.33326         27 0.0000e+00
    146.000    144.438    -1.2156  27.298492    -1.2142  27.297799     5.4226     5.7230     0.1068    96.9033 1.0000e-12  -74.14698 -113.34839  22.663189      99.86 1.8055e+03    194.491       4669  1028.0092  1028.0071    33.9479    33.9453    8.33295         31 0.0000e+00
    147.000    145.427    -1.2150  27.299666    -1.2135  27.299008     5.4235     5.7145     0.0743    96.8257 1.0000e-12  -74.14698 -113.34837  22.663205      99.86 1.8212e+03    195.898       4703  1028.0141  1028.0120    33.9481    33.9455    8.33279         32 0.0000e+00
    148.000    146.415    -1.2134  27.301810    -1.2118  27.301246     5.4227     5.7188     0.0656    96.9541 1.0000e-12  -74.14698 -113.34834  22.663220      99.87 1.8347e+03    197.188       4734  1028.0193  1028.0171    33.9487    33.9460    8.33242         27 0.0000e+00
    149.000    147.405    -1.2117  27.304234    -1.2099  27.303910     5.4204     5.7191     0.0591    96.8726 1.0000e-12  -74.14698 -113.34832  22.663233      99.87 1.8456e+03    198.353       4761  1028.0246  1028.0225    33.9494    33.9469    8.33198         29 0.0000e+00
    150.000    148.395    -1.2100  27.306450    -1.2078  27.306481     5.4162     5.7172     0.0682    96.9526 1.0000e-12  -74.14698 -113.34829  22.663248      99.65 1.8571e+03    199.610       4792  1028.0297  1028.0277    33.9500    33.9475    8.33159         29 0.0000e+00
    151.000    149.383    -1.2095  27.307565    -1.2075  27.307484     5.4114     5.7055     0.0766    96.9476 1.0000e-12  -74.14698 -113.34827  22.663261      99.87 1.8712e+03    200.737       4819  1028.0348  1028.0327    33.9502    33.9478    8.33145         27 0.0000e+00
    152.000    150.371    -1.2040  27.313372    -1.2024  27.312688     5.4225     5.7106     0.1008    96.9739 1.0000e-12  -74.14698 -113.34825  22.663275      99.86 1.8908e+03    201.920       4847  1028.0401  1028.0378    33.9513    33.9486    8.33016         30 0.0000e+00
    153.000    151.362    -1.2054  27.312359    -1.2038  27.311890     5.4312     5.7163     0.1290    96.9085 1.0000e-12  -74.14698 -113.34822  22.663289      99.87 1.9152e+03    203.197       4878  1028.0447  1028.0427    33.9510    33.9485    8.33051         30 0.0000e+00
    154.000    152.348    -1.2201  27.299167    -1.2192  27.298800     5.4250     5.7217     0.0712    97.0628 1.0000e-12  -74.14698 -113.34820  22.663303      99.86 1.9376e+03    204.352       4905  1028.0489  1028.0476    33.9489    33.9474    8.33390         26 0.0000e+00
    155.000    153.340    -1.2171  27.303037    -1.2146  27.303084     5.4286     5.7325     0.0291    97.0806 1.0000e-12  -74.14698 -113.34817  22.663316      99.86 1.9589e+03    205.516       4933  1028.0544  1028.0521    33.9502    33.9474    8.33315         30 0.0000e+00
    156.000    154.327    -1.2144  27.305673    -1.2151  27.303318     5.4416     5.7319     0.0208    97.0522 1.0000e-12  -74.14698 -113.34815  22.663331      99.87 1.9796e+03    206.780       4964  1028.0589  1028.0571    33.9501    33.9476    8.33255         30 0.0000e+00
    157.000    155.316    -1.2243  27.297914    -1.2221  27.297887     5.4365     5.7293     0.0128    97.0869 1.0000e-12  -74.14698 -113.34813  22.663344      99.87 1.9975e+03    207.942       4992  1028.0644  1028.0622    33.9501    33.9476    8.33477         26 0.0000e+00
    158.000    156.305    -1.2259  27.296842    -1.2164  27.303132     5.4329     5.7304     0.0482    97.0621 1.0000e-12  -74.14698 -113.34809  22.663357      99.86 2.0134e+03    209.034       5018  1028.0690  1028.0667    33.9497    33.9477    8.33513         27 0.0000e+00
    159.000    157.295    -1.2131  27.308628    -1.2132  27.306439     5.4488     5.7465     0.0365    96.9531 1.0000e-12  -74.14698 -113.34808  22.663370      99.87 2.0285e+03    210.181       5045  1028.0738  1028.0715    33.9508    33.9479    8.33222         28 0.0000e+00
    160.000    158.284    -1.2238  27.298804    -1.2250  27.296744     5.4637     5.7611     0.1258    97.0575 1.0000e-12  -74.14698 -113.34804  22.663384      99.87 2.0416e+03    211.358       5074  1028.0777  1028.0767    33.9489    33.9474    8.33473         26 0.0000e+00
    161.000    159.270    -1.2454  27.281433    -1.2432  27.281312     5.4751     5.7744     0.0455    97.0505 1.0000e-12  -74.14698 -113.34803  22.663397      99.17 2.0515e+03    212.507       5101  1028.0838  1028.0817    33.9489    33.9463    8.33953         27 0.0000e+00
    162.000    160.262    -1.2473  27.280635    -1.2456  27.279907     5.4838     5.7791     0.1214    97.0919 1.0000e-12  -74.14698 -113.34800  22.663410      99.87 2.0601e+03    213.634       5128  1028.0890  1028.0866    33.9493    33.9463    8.33993         27 0.0000e+00
    163.000    161.250    -1.2492  27.280029    -1.2481  27.279305     5.4864     5.7838     0.0151    97.1050 1.0000e-12  -74.14698 -113.34798  22.663423      99.87 2.0659e+03    214.755       5155  1028.0944  1028.0926    33.9500    33.9478    8.34031         27 0.0000e+00
    164.000    162.237    -1.2499  27.280085    -1.2487  27.279239     5.4892     5.7880     0.0122    97.1695 1.0000e-12  -74.14698 -113.34795  22.663436      99.86 2.0714e+03    215.895       5182  1028.0994  1028.0973    33.9503    33.9478    8.34046         28 0.0000e+00
    165.000    163.228    -1.2509  27.279847    -1.2505  27.278675     5.4931     5.7935     0.0363    97.1564 1.0000e-12  -74.14698 -113.34794  22.663450      99.86 2.0746e+03    217.044       5210  1028.1043  1028.1026    33.9505    33.9484    8.34067         27 0.0000e+00
    166.000    164.217    -1.2549  27.277847    -1.2533  27.277296     5.4867     5.7890     0.0014    97.1571 1.0000e-12  -74.14698 -113.34792  22.663462      99.87 2.0721e+03    218.142       5236  1028.1102  1028.1080    33.9516    33.9490    8.34149         26 0.0000e+00
    167.000    165.204    -1.2542  27.278780    -1.2524  27.278337     5.4831     5.7864     0.0101    97.1621 1.0000e-12  -74.14698 -113.34788  22.663475      99.87 2.0678e+03    219.236       5263  1028.1148  1028.1126    33.9515    33.9489    8.34135         27 0.0000e+00
    168.000    166.194    -1.2527  27.280422    -1.2511  27.279850     5.4954     5.7979     0.0124    97.0697 1.0000e-12  -74.14698 -113.34786  22.663488      99.86 2.0628e+03    220.391       5290  1028.1194  1028.1171    33.9515    33.9488    8.34102         28 0.0000e+00
    169.000    167.183    -1.2522  27.281352    -1.2518  27.280207     5.5107     5.8091    -0.0004    97.1549 1.0000e-12  -74.14698 -113.34783  22.663502      99.86 2.0584e+03    221.564       5319  1028.1241  1028.1225    33.9515    33.9495    8.34089         28 0.0000e+00
    170.000    168.171    -1.2591  27.277592    -1.2576  27.277268     5.5259     5.8292    -0.0004    97.1335 1.0000e-12  -74.14698 -113.34780  22.663515      99.87 2.0528e+03    222.681       5345  1028.1309  1028.1291    33.9535    33.9514    8.34231         26 0.0000e+00
    171.000    169.160    -1.2641  27.274309    -1.2634  27.273179     5.5507     5.8570     0.0020    97.1771 1.0000e-12  -74.14698 -113.34778  22.663528      99.87 2.0491e+03    223.784       5372  1028.1365  1028.1346    33.9541    33.9518    8.34341         27 0.0000e+00
    172.000    170.150    -1.2702  27.269843    -1.2704  27.268445     5.5648     5.8718     0.0096    97.1907 1.0000e-12  -74.14698 -113.34775  22.663541      99.87 2.0485e+03    224.942       5400  1028.1417  1028.1405    33.9542    33.9526    8.34475         28 0.0000e+00
    173.000    171.138    -1.2804  27.262491    -1.2788  27.262134     5.5714     5.8757     0.0053    97.1944 1.0000e-12  -74.14698 -113.34772  22.663555      96.20 2.0494e+03    226.110       5428  1028.1478  1028.1458    33.9551    33.9528    8.34698         28 0.0000e+00
    174.000    172.129    -1.2742  27.269489    -1.2720  27.268893     5.6009     5.9081     0.0075    97.1925 1.0000e-12  -74.14698 -113.34770  22.663568      99.84 2.0532e+03    227.264       5455  1028.1536  1028.1509    33.9570    33.9538    8.34548         28 0.0000e+00
    175.000    173.115    -1.2772  27.268996    -1.2776  27.267490     5.6660     5.9733     0.0074    97.1835 1.0000e-12  -74.14698 -113.34768  22.663582      99.86 2.0584e+03    228.460       5484  1028.1603  1028.1591    33.9592    33.9576    8.34603         29 0.0000e+00
    176.000    174.105    -1.2984  27.254135    -1.3005  27.252059     5.7189     6.0235     0.0053    97.1747 1.0000e-12  -74.14698 -113.34765  22.663595      99.87 2.0570e+03    229.604       5512  1028.1688  1028.1686    33.9622    33.9617    8.35059         27 0.0000e+00
    177.000    175.093    -1.3228  27.237896    -1.3235  27.236327     5.7486     6.0450     0.0028    97.1550 1.0000e-12  -74.14698 -113.34761  22.663608      99.87 2.0458e+03    230.762       5539  1028.1789  1028.1778    33.9670    33.9656    8.35576         28 0.0000e+00
    178.000    176.082    -1.3296  27.234033    -1.3289  27.233265     5.7595     6.0650     0.0064    97.1577 1.0000e-12  -74.14698 -113.34759  22.663622      99.86 2.0279e+03    231.961       5568  1028.1854  1028.1838    33.9688    33.9670    8.35719         29 0.0000e+00
    179.000    177.072    -1.3313  27.234191    -1.3317  27.232592     5.7203     6.0329     0.0203    97.1641 1.0000e-12  -74.14698 -113.34756  22.663636      99.87 2.0064e+03    233.127       5596  1028.1913  1028.1899    33.9703    33.9686    8.35748         27 0.0000e+00
    180.000    178.060    -1.3279  27.240875    -1.3199  27.245200     5.6681     5.9885     0.0168    97.1981 1.0000e-12  -74.14698 -113.34754  22.663649      99.86 1.9796e+03    234.306       5624  1028.1994  1028.1964    33.9750    33.9719    8.35644         29 0.0000e+00
    181.000    179.049    -1.2780  27.289151    -1.2745  27.289178     5.6389     5.9530     0.0757    97.2064 1.0000e-12  -74.14698 -113.34750  22.663663      99.86 1.9521e+03    235.493       5653  1028.2081  1028.2048    33.9840    33.9801    8.34473         28 0.0000e+00
    182.000    180.037    -1.2663  27.299737    -1.2654  27.298703     5.6099     5.9176     0.0141    97.1853 1.0000e-12  -74.14698 -113.34748  22.663676      99.87 1.9317e+03    236.640       5680  1028.2128  1028.2108    33.9846    33.9822    8.34209         28 0.0000e+00
