ocean_section_plots/required_files/ctd/dnbp2202_ctd078.cnv
* Sea-Bird SBE 9 Data File:
* FileName = D:\Data\raw\NBP2202_CTD078.hex
* Software Version Seasave V 7.26.7.121
* Temperature SN = 1649
* Conductivity SN = 2513
* Number of Bytes Per Scan = 40
* Number of Voltage Words = 5
* Number of Scans Averaged by the Deck Unit = 1
* NMEA Latitude = 74 10.51 S
* NMEA Longitude = 113 20.67 W
* NMEA UTC (Time) = Jan 26 2022  16:15:40
* NMEA baud rate = 9600
** Ship: RVIB N.B. Palmer
** Cruise: NBP2202 Thwaites
** Station: YoYo001
** Operator: A. Robinson
# nquan = 25
# nvalues = 607                         
# units = specified
# name 0 = prDM: Pressure, Digiquartz [db]
# name 1 = depSM: Depth [salt water, m]
# name 2 = t090C: Temperature [ITS-90, deg C]
# name 3 = c0mS/cm: Conductivity [mS/cm]
# name 4 = t190C: Temperature, 2 [ITS-90, deg C]
# name 5 = c1mS/cm: Conductivity, 2 [mS/cm]
# name 6 = sbeox0ML/L: Oxygen, SBE 43 [ml/l]
# name 7 = sbeox1ML/L: Oxygen, SBE 43, 2 [ml/l]
# name 8 = flECO-AFL: Fluorescence, WET Labs ECO-AFL/FL [mg/m^3]
# name 9 = CStarTr0: Beam Transmission, WET Labs C-Star [%]
# name 10 = par: PAR/Irradiance, Biospherical/Licor
# name 11 = latitude: Latitude [deg]
# name 12 = longitude: Longitude [deg]
# name 13 = timeJ: Julian Days
# name 14 = altM: Altimeter [m]
# name 15 = spar: SPAR, Biospherical/Licor
# name 16 = timeS: Time, Elapsed [seconds]
# name 17 = scan: Scan Count
# name 18 = density00: Density [density, kg/m^3]
# name 19 = density11: Density, 2 [density, kg/m^3]
# name 20 = sal00: Salinity, Practical [PSU]
# name 21 = sal11: Salinity, Practical, 2 [PSU]
# name 22 = oxsolML/L: Oxygen Saturation, Garcia & Gordon [ml/l]
# name 23 = nbin: number of scans per bin
# name 24 = flag: flag
# span 0 =     10.000,    616.000       
# span 1 =      9.897,    608.719       
# span 2 =    -1.5208,     0.0799       
# span 3 =  26.944177,  28.912960       
# span 4 =    -1.5198,     0.0819       
# span 5 =  26.942896,  28.913262       
# span 6 =     4.7117,     8.6101       
# span 7 =     4.8111,     8.6526       
# span 8 =    -0.0224,    27.5509       
# span 9 =    69.0889,    95.6780       
# span 10 = -2.766e-05, 3.0032e+01      
# span 11 =  -74.17528,  -74.17528      
# span 12 = -113.34463, -113.34458      
# span 13 =  26.677788,  26.687250      
# span 14 =       4.54,     101.40      
# span 15 = 1.5281e+03, 1.7549e+03      
# span 16 =     20.867,    838.359      
# span 17 =        502,      20122      
# span 18 =  1027.2278,  1030.5155      
# span 19 =  1027.2256,  1030.5134      
# span 20 =    33.7973,    34.3770      
# span 21 =    33.7935,    34.3744      
# span 22 =    8.02844,    8.40742      
# span 23 =         18,         60      
# span 24 = 0.0000e+00, 0.0000e+00      
# interval = decibars: 1                
# start_time = Jan 26 2022 16:15:40 [NMEA time, header]
# bad_flag = -9.990e-29
*END*
[from data line 522]
    532.000    525.819     0.0131  28.806626     0.0153  28.806585     4.7469     4.8452    -0.0104    95.0602 1.0000e-12  -74.17528 -113.34460  26.685568      91.14 1.5926e+03    693.036      16634  1030.1106  1030.1085    34.3596    34.3571    8.04340         27 0.0000e+00
    533.000    526.806     0.0147  28.809104     0.0169  28.808844     4.7466     4.8477    -0.0183    95.0382 1.0000e-12  -74.17528 -113.34460  26.685581      90.02 1.5939e+03    694.171      16661  1030.1160  1030.1136    34.3605    34.3578    8.04302         27 0.0000e+00
    534.000    527.792     0.0171  28.812206     0.0191  28.811828     4.7426     4.8486    -0.0107    95.0430 1.0000e-12  -74.17528 -113.34460  26.685594      88.20 1.5966e+03    695.286      16688  1030.1212  1030.1189    34.3614    34.3587    8.04247         27 0.0000e+00
    535.000    528.780     0.0177  28.813303     0.0194  28.812648     4.7429     4.8429    -0.0167    95.0112 1.0000e-12  -74.17528 -113.34460  26.685606      87.57 1.5994e+03    696.388      16714  1030.1260  1030.1237    34.3616    34.3588    8.04234         26 0.0000e+00
    536.000    529.767     0.0197  28.815827     0.0223  28.816385     4.7416     4.8441    -0.0101    94.9953 1.0000e-12  -74.17528 -113.34460  26.685619      86.65 1.6030e+03    697.503      16741  1030.1310  1030.1290    34.3621    34.3599    8.04189         27 0.0000e+00
    537.000    530.754     0.0209  28.817707     0.0228  28.817237     4.7458     4.8418    -0.0113    95.0056 1.0000e-12  -74.17528 -113.34460  26.685632      85.52 1.6070e+03    698.642      16768  1030.1360  1030.1337    34.3626    34.3599    8.04160         28 0.0000e+00
    538.000    531.740     0.0211  28.818315     0.0231  28.818023     4.7421     4.8459    -0.0088    94.9919 1.0000e-12  -74.17528 -113.34460  26.685646      85.04 1.6099e+03    699.804      16796  1030.1408  1030.1385    34.3626    34.3600    8.04156         28 0.0000e+00
    539.000    532.729     0.0223  28.820202     0.0244  28.820014     4.7416     4.8443    -0.0034    94.9792 1.0000e-12  -74.17528 -113.34460  26.685659      83.35 1.6115e+03    700.952      16824  1030.1458  1030.1436    34.3631    34.3606    8.04127         27 0.0000e+00
    540.000    533.715     0.0236  28.822008     0.0256  28.821585     4.7426     4.8376    -0.0105    94.9772 1.0000e-12  -74.17528 -113.34460  26.685672      82.40 1.6114e+03    702.099      16851  1030.1507  1030.1484    34.3635    34.3607    8.04098         28 0.0000e+00
    541.000    534.702     0.0245  28.823154     0.0273  28.823551     4.7457     4.8364    -0.0097    95.0007 1.0000e-12  -74.17528 -113.34460  26.685686      81.50 1.6095e+03    703.276      16880  1030.1553  1030.1531    34.3634    34.3609    8.04079         29 0.0000e+00
    542.000    535.689     0.0258  28.825179     0.0278  28.824891     4.7399     4.8409    -0.0092    94.9797 1.0000e-12  -74.17528 -113.34460  26.685700      80.40 1.6076e+03    704.500      16909  1030.1605  1030.1582    34.3641    34.3615    8.04049         29 0.0000e+00
    543.000    536.676     0.0272  28.827229     0.0292  28.826873     4.7415     4.8425    -0.0141    94.9994 1.0000e-12  -74.17528 -113.34460  26.685715      79.72 1.6062e+03    705.738      16939  1030.1656  1030.1633    34.3647    34.3620    8.04017         30 0.0000e+00
    544.000    537.664     0.0277  28.828430     0.0297  28.828033     4.7400     4.8425    -0.0114    94.9633 1.0000e-12  -74.17528 -113.34460  26.685729      78.20 1.6060e+03    706.978      16968  1030.1706  1030.1682    34.3650    34.3623    8.04003         30 0.0000e+00
    545.000    538.650     0.0292  28.830524     0.0312  28.830179     4.7396     4.8428    -0.0026    94.9598 1.0000e-12  -74.17528 -113.34460  26.685743      77.32 1.6051e+03    708.233      16999  1030.1756  1030.1733    34.3655    34.3629    8.03969         30 0.0000e+00
    546.000    539.637     0.0309  28.832871     0.0328  28.832424     4.7412     4.8330    -0.0169    94.9355 1.0000e-12  -74.17528 -113.34460  26.685758      76.53 1.6042e+03    709.494      17029  1030.1807  1030.1784    34.3662    34.3635    8.03931         30 0.0000e+00
    547.000    540.624     0.0357  28.838969     0.0380  28.838855     4.7402     4.8370    -0.0093    94.9820 1.0000e-12  -74.17528 -113.34460  26.685773      75.17 1.6034e+03    710.749      17059  1030.1866  1030.1843    34.3682    34.3656    8.03817         30 0.0000e+00
    548.000    541.612     0.0357  28.839482     0.0379  28.839292     4.7440     4.8390    -0.0060    94.9860 1.0000e-12  -74.17528 -113.34460  26.685787      74.25 1.6033e+03    712.004      17089  1030.1915  1030.1892    34.3684    34.3657    8.03817         31 0.0000e+00
    549.000    542.598     0.0362  28.840361     0.0383  28.840161     4.7486     4.8428    -0.0014    94.9566 1.0000e-12  -74.17528 -113.34460  26.685802      73.27 1.6042e+03    713.258      17119  1030.1962  1030.1940    34.3684    34.3658    8.03807         30 0.0000e+00
    550.000    543.586     0.0362  28.840781     0.0379  28.840364     4.7420     4.8425    -0.0063    94.9810 1.0000e-12  -74.17528 -113.34460  26.685816      72.05 1.6043e+03    714.540      17150  1030.2009  1030.1988    34.3684    34.3659    8.03807         31 0.0000e+00
    551.000    544.572     0.0365  28.841456     0.0383  28.841183     4.7403     4.8389    -0.0043    94.9497 1.0000e-12  -74.17528 -113.34460  26.685832      71.17 1.6050e+03    715.844      17181  1030.2056  1030.2036    34.3683    34.3660    8.03801         32 0.0000e+00
    552.000    545.561     0.0364  28.842056     0.0385  28.841736     4.7431     4.8416    -0.0098    94.9839 1.0000e-12  -74.17528 -113.34460  26.685847      70.12 1.6060e+03    717.151      17213  1030.2106  1030.2083    34.3686    34.3659    8.03801         31 0.0000e+00
    553.000    546.547     0.0366  28.842774     0.0386  28.842376     4.7425     4.8432    -0.0086    95.0075 1.0000e-12  -74.17528 -113.34460  26.685862      69.32 1.6060e+03    718.454      17244  1030.2154  1030.2131    34.3687    34.3660    8.03796         31 0.0000e+00
    554.000    547.533     0.0370  28.843517     0.0390  28.843179     4.7355     4.8436    -0.0124    94.9850 1.0000e-12  -74.17528 -113.34460  26.685877      68.39 1.6060e+03    719.759      17275  1030.2201  1030.2178    34.3688    34.3660    8.03789         31 0.0000e+00
    555.000    548.520     0.0372  28.844135     0.0389  28.843593     4.7425     4.8427    -0.0093    95.0003 1.0000e-12  -74.17528 -113.34460  26.685892      67.04 1.6074e+03    721.058      17306  1030.2247  1030.2226    34.3687    34.3661    8.03783         31 0.0000e+00
    556.000    549.509     0.0371  28.844529     0.0393  28.844380     4.7405     4.8416    -0.0070    94.9951 1.0000e-12  -74.17528 -113.34460  26.685907      66.37 1.6077e+03    722.337      17337  1030.2295  1030.2273    34.3687    34.3661    8.03785         31 0.0000e+00
    557.000    550.495     0.0376  28.845402     0.0395  28.845087     4.7451     4.8430    -0.0107    94.9894 1.0000e-12  -74.17528 -113.34460  26.685922      65.20 1.6094e+03    723.619      17368  1030.2343  1030.2321    34.3688    34.3662    8.03775         31 0.0000e+00
    558.000    551.482     0.0379  28.846175     0.0399  28.845899     4.7410     4.8389    -0.0108    94.9984 1.0000e-12  -74.17528 -113.34460  26.685936      64.02 1.6096e+03    724.903      17399  1030.2390  1030.2368    34.3688    34.3663    8.03768         31 0.0000e+00
    559.000    552.468     0.0382  28.846884     0.0404  28.846811     4.7373     4.8351    -0.0136    95.0092 1.0000e-12  -74.17528 -113.34460  26.685951      63.31 1.6109e+03    726.201      17430  1030.2437  1030.2416    34.3688    34.3664    8.03761         31 0.0000e+00
    560.000    553.456     0.0390  28.847913     0.0415  28.847933     4.7399     4.8373    -0.0095    94.9872 1.0000e-12  -74.17528 -113.34460  26.685967      62.23 1.6124e+03    727.522      17462  1030.2483  1030.2459    34.3687    34.3660    8.03745         32 0.0000e+00
    561.000    554.444     0.0396  28.848715     0.0421  28.848876     4.7391     4.8383    -0.0143    95.0127 1.0000e-12  -74.17528 -113.34460  26.685982      61.05 1.6121e+03    728.841      17493  1030.2528  1030.2506    34.3686    34.3660    8.03734         31 0.0000e+00
    562.000    555.429     0.0384  28.848090     0.0415  28.848813     4.7357     4.8404    -0.0167    95.0151 1.0000e-12  -74.17528 -113.34460  26.685997      60.62 1.6098e+03    730.131      17524  1030.2576  1030.2553    34.3685    34.3660    8.03760         31 0.0000e+00
    563.000    556.416     0.0430  28.852953     0.0450  28.852390     4.7345     4.8305    -0.0086    95.0117 1.0000e-12  -74.17528 -113.34460  26.686012      58.87 1.6076e+03    731.420      17555  1030.2624  1030.2599    34.3692    34.3662    8.03660         31 0.0000e+00
    564.000    557.403     0.0446  28.854644     0.0469  28.854751     4.7353     4.8311    -0.0038    94.9816 1.0000e-12  -74.17528 -113.34460  26.686027      58.02 1.6058e+03    732.731      17587  1030.2668  1030.2647    34.3690    34.3666    8.03626         32 0.0000e+00
    565.000    558.391     0.0443  28.854775     0.0468  28.855100     4.7334     4.8342    -0.0129    95.0018 1.0000e-12  -74.17528 -113.34460  26.686042      56.84 1.6039e+03    734.042      17618  1030.2716  1030.2695    34.3690    34.3666    8.03634         31 0.0000e+00
    566.000    559.377     0.0466  28.857581     0.0488  28.857349     4.7338     4.8288    -0.0166    95.0082 1.0000e-12  -74.17528 -113.34460  26.686057      56.07 1.6006e+03    735.357      17650  1030.2765  1030.2742    34.3695    34.3668    8.03583         32 0.0000e+00
    567.000    560.365     0.0478  28.859072     0.0490  28.858018     4.7323     4.8324    -0.0112    95.0300 1.0000e-12  -74.17528 -113.34460  26.686073      54.84 1.5983e+03    736.668      17681  1030.2812  1030.2789    34.3696    34.3668    8.03557         31 0.0000e+00
    568.000    561.351     0.0482  28.859916     0.0491  28.858522     4.7320     4.8295    -0.0174    95.0400 1.0000e-12  -74.17528 -113.34460  26.686087      54.35 1.5956e+03    737.953      17712  1030.2859  1030.2836    34.3696    34.3668    8.03548         31 0.0000e+00
    569.000    562.339     0.0463  28.858377     0.0474  28.857289     4.7371     4.8344    -0.0170    95.0534 1.0000e-12  -74.17528 -113.34460  26.686102      53.09 1.5924e+03    739.232      17743  1030.2904  1030.2883    34.3691    34.3665    8.03590         30 0.0000e+00
    570.000    563.324     0.0437  28.856533     0.0466  28.857080     4.7384     4.8344    -0.0132    95.0355 1.0000e-12  -74.17528 -113.34460  26.686117      52.27 1.5906e+03    740.523      17774  1030.2953  1030.2930    34.3690    34.3665    8.03645         32 0.0000e+00
    571.000    564.313     0.0437  28.856980     0.0458  28.856736     4.7358     4.8363    -0.0047    95.0358 1.0000e-12  -74.17528 -113.34460  26.686132      51.19 1.5886e+03    741.827      17805  1030.3000  1030.2977    34.3690    34.3663    8.03645         31 0.0000e+00
    572.000    565.299     0.0427  28.856333     0.0449  28.856336     4.7351     4.8374    -0.0013    95.0347 1.0000e-12  -74.17528 -113.34460  26.686148      49.86 1.5884e+03    743.149      17837  1030.3046  1030.3024    34.3687    34.3662    8.03669         32 0.0000e+00
    573.000    566.286     0.0404  28.854759     0.0420  28.854123     4.7344     4.8376    -0.0020    95.0549 1.0000e-12  -74.17528 -113.34460  26.686163      48.99 1.5884e+03    744.508      17869  1030.3094  1030.3073    34.3686    34.3660    8.03717         33 0.0000e+00
    574.000    567.273     0.0400  28.854954     0.0414  28.854130     4.7362     4.8403    -0.0064    95.0387 1.0000e-12  -74.17528 -113.34460  26.686179      47.91 1.5892e+03    745.861      17902  1030.3142  1030.3120    34.3687    34.3661    8.03724         32 0.0000e+00
    575.000    568.259     0.0392  28.854590     0.0413  28.854482     4.7402     4.8354    -0.0077    95.0444 1.0000e-12  -74.17528 -113.34460  26.686194      46.88 1.5912e+03    747.186      17933  1030.3189  1030.3167    34.3685    34.3660    8.03742         32 0.0000e+00
    576.000    569.248     0.0398  28.855612     0.0432  28.856788     4.7295     4.8358    -0.0116    95.0348 1.0000e-12  -74.17528 -113.34460  26.686210      45.96 1.5931e+03    748.574      17967  1030.3236  1030.3215    34.3686    34.3664    8.03729         35 0.0000e+00
    577.000    570.233     0.0451  28.861273     0.0474  28.861228     4.7294     4.8264    -0.0091    95.0455 1.0000e-12  -74.17528 -113.34460  26.686228      44.85 1.5955e+03    750.100      18003  1030.3285  1030.3263    34.3696    34.3670    8.03612         38 0.0000e+00
    578.000    571.221     0.0465  28.862929     0.0483  28.862680     4.7289     4.8282    -0.0096    95.0205 1.0000e-12  -74.17528 -113.34460  26.686246      43.97 1.5980e+03    751.652      18041  1030.3332  1030.3312    34.3697    34.3673    8.03584         35 0.0000e+00
    579.000    572.207     0.0479  28.865135     0.0499  28.864932     4.7255     4.8339    -0.0038    95.0470 1.0000e-12  -74.17528 -113.34460  26.686264      42.76 1.6002e+03    753.208      18078  1030.3384  1030.3362    34.3704    34.3678    8.03550         35 0.0000e+00
    580.000    573.195     0.0485  28.866156     0.0508  28.866269     4.7273     4.8308    -0.0136    95.0191 1.0000e-12  -74.17528 -113.34460  26.686282      41.89 1.6018e+03    754.795      18116  1030.3431  1030.3411    34.3705    34.3681    8.03536         40 0.0000e+00
    581.000    574.181     0.0487  28.866856     0.0511  28.867178     4.7265     4.8279    -0.0045    95.0252 1.0000e-12  -74.17528 -113.34460  26.686301      40.94 1.6041e+03    756.421      18155  1030.3479  1030.3460    34.3706    34.3684    8.03531         36 0.0000e+00
    582.000    575.168     0.0475  28.866114     0.0493  28.865691     4.7302     4.8274    -0.0097    95.0237 1.0000e-12  -74.17528 -113.34460  26.686320      39.79 1.6051e+03    758.051      18194  1030.3526  1030.3505    34.3704    34.3678    8.03558         35 0.0000e+00
    583.000    576.155     0.0457  28.864639     0.0475  28.864231     4.7307     4.8337    -0.0028    95.0420 1.0000e-12  -74.17528 -113.34460  26.686339      38.50 1.6060e+03    759.692      18234  1030.3571  1030.3549    34.3699    34.3673    8.03599         40 0.0000e+00
    584.000    577.143     0.0438  28.863020     0.0458  28.862935     4.7378     4.8362    -0.0096    95.0254 1.0000e-12  -74.17528 -113.34459  26.686358      37.64 1.6049e+03    761.312      18272  1030.3615  1030.3595    34.3693    34.3670    8.03643         32 0.0000e+00
    585.000    578.128     0.0431  28.862821     0.0450  28.862719     4.7302     4.8301     0.0047    94.9831 1.0000e-12  -74.17528 -113.34459  26.686376      36.73 1.6037e+03    762.883      18310  1030.3662  1030.3642    34.3692    34.3669    8.03657         35 0.0000e+00
    586.000    579.116     0.0484  28.868860     0.0511  28.869501     4.7264     4.8264    -0.0044    95.0269 1.0000e-12  -74.17528 -113.34459  26.686394      35.80 1.6015e+03    764.463      18348  1030.3716  1030.3697    34.3707    34.3685    8.03539         37 0.0000e+00
    587.000    580.102     0.0537  28.874887     0.0562  28.875164     4.7266     4.8290    -0.0086    95.0200 1.0000e-12  -74.17528 -113.34458  26.686413      34.65 1.6001e+03    766.076      18387  1030.3769  1030.3748    34.3721    34.3697    8.03419         39 0.0000e+00
    588.000    581.089     0.0583  28.880301     0.0601  28.879911     4.7251     4.8226    -0.0099    95.0132 1.0000e-12  -74.17528 -113.34458  26.686432      33.72 1.5988e+03    767.697      18426  1030.3824  1030.3802    34.3735    34.3710    8.03315         37 0.0000e+00
