ocean_section_plots/required_files/ctd/dnbp2202_ctd021.cnv
* Sea-Bird SBE 9 Data File:
* FileName = D:\Data\raw\NBP2202_TMC021.hex
* Software Version Seasave V 7.26.7.121
* Temperature SN = 1649
* Conductivity SN = 2513
* Number of Bytes Per Scan = 40
* Number of Voltage Words = 5
* Number of Scans Averaged by the Deck Unit = 1
* NMEA Latitude = 74 12.94 S
* NMEA Longitude = 112 12.34 W
* NMEA UTC (Time) = Jan 19 2022  19:57:19
* NMEA baud rate = 9600
** Ship: RVIB N.B. Palmer
** Cruise: NBP2202 Thwaites
** Station: 13
** Operator: A. Robinson
** Glider calibration cast
# nquan = 25
# nvalues = 962                         
# units = specified
# name 0 = prDM: Pressure, Digiquartz [db]
# name 1 = depSM: Depth [salt water, m]
# name 2 = t090C: Temperature [ITS-90, deg C]
# name 3 = c0mS/cm: Conductivity [mS/cm]
# name 4 = t190C: Temperature, 2 [ITS-90, deg C]
# name 5 = c1mS/cm: Conductivity, 2 [mS/cm]
# name 6 = sbeox0ML/L: Oxygen, SBE 43 [ml/l]
# name 7 = sbeox1ML/L: Oxygen, SBE 43, 2 [ml/l]
# name 8 = flECO-AFL: Fluorescence, WET Labs ECO-AFL/FL [mg/m^3]
# name 9 = CStarTr0: Beam Transmission, WET Labs C-Star [%]
# name 10 = par: PAR/Irradiance, Biospherical/Licor
# name 11 = latitude: Latitude [deg]
# name 12 = longitude: Longitude [deg]
# name 13 = timeJ: Julian Days
# name 14 = altM: Altimeter [m]
# name 15 = spar: SPAR, Biospherical/Licor
# name 16 = timeS: Time, Elapsed [seconds]
# name 17 = scan: Scan Count
# name 18 = density00: Density [density, kg/m^3]
# name 19 = density11: Density, 2 [density, kg/m^3]
# name 20 = sal00: Salinity, Practical [PSU]
# name 21 = sal11: Salinity, Practical, 2 [PSU]
# name 22 = oxsolML/L: Oxygen Saturation, Garcia & Gordon [ml/l]
# name 23 = nbin: number of scans per bin
# name 24 = flag: flag
# span 0 =      2.000,    963.000       
# span 1 =      1.969,    950.828       
# span 2 =    -1.5386,     0.5120       
# span 3 =  27.079211,  29.566102       
# span 4 =    -1.5379,     0.5139       
# span 5 =  27.078869,  29.565838       
# span 6 =     4.5647,     7.8777       
# span 7 =     4.8245,     8.3172       
# span 8 =    -0.0163,    11.8747       
# span 9 =    80.2009,    98.3654       
# span 10 = -9.652e-06, 4.7904e+02      
# span 11 =  -74.21576,  -74.21576      
# span 12 = -112.20580, -112.20576      
# span 13 =  19.833992,  19.848899      
# span 14 =     -20.47,     100.54      
# span 15 = 8.2003e+02, 9.8557e+02      
# span 16 =    217.894,   1505.856      
# span 17 =       5230,      36142      
# span 18 =  1027.2000,  1032.2435      
# span 19 =  1027.2009,  1032.2414      
# span 20 =    33.8077,    34.5502      
# span 21 =    33.8095,    34.5476      
# span 22 =    7.92929,    8.40336      
# span 23 =          9,         46      
# span 24 = 0.0000e+00, 0.0000e+00      
# interval = decibars: 1                
# start_time = Jan 19 2022 19:57:19 [NMEA time, header]
# bad_flag = -9.990e-29
*END*
[from data line 638]
    640.000    632.398     0.2579  29.124749     0.2601  29.124327     4.6553     4.9297    -0.0011    98.1794 1.0000e-12  -74.21576 -112.20578  19.843670      99.84 8.8226e+02   1054.066      25299  1030.6672  1030.6647    34.4416    34.4387    7.98770         30 0.0000e+00
    641.000    633.385     0.2579  29.125305     0.2601  29.124964     4.6565     4.9310     0.0104    98.1780 1.0000e-12  -74.21576 -112.20578  19.843684      99.83 8.8199e+02   1055.279      25328  1030.6720  1030.6696    34.4418    34.4390    7.98769         29 0.0000e+00
    642.000    634.371     0.2580  29.125787     0.2600  29.125333     4.6519     4.9288     0.0018    98.1683 1.0000e-12  -74.21576 -112.20578  19.843697      99.84 8.8346e+02   1056.456      25356  1030.6767  1030.6743    34.4417    34.4389    7.98768         27 0.0000e+00
    643.000    635.358     0.2580  29.126570     0.2601  29.126355     4.6565     4.9297    -0.0007    98.1803 1.0000e-12  -74.21576 -112.20578  19.843711      99.84 8.8225e+02   1057.616      25384  1030.6818  1030.6795    34.4422    34.4396    7.98766         28 0.0000e+00
    644.000    636.345     0.2581  29.127287     0.2602  29.126811     4.6556     4.9279    -0.0009    98.1878 1.0000e-12  -74.21576 -112.20578  19.843724      99.83 8.8114e+02   1058.793      25412  1030.6867  1030.6842    34.4424    34.4395    7.98762         29 0.0000e+00
    645.000    637.331     0.2579  29.128115     0.2597  29.127416     4.6635     4.9300     0.0061    98.1833 1.0000e-12  -74.21576 -112.20578  19.843738      99.84 8.8065e+02   1059.997      25441  1030.6920  1030.6895    34.4431    34.4402    7.98762         29 0.0000e+00
    646.000    638.318     0.2578  29.128716     0.2602  29.128650     4.6600     4.9301     0.0027    98.1532 1.0000e-12  -74.21576 -112.20578  19.843752      90.84 8.7968e+02   1061.205      25470  1030.6970  1030.6946    34.4435    34.4407    7.98764         29 0.0000e+00
    647.000    639.303     0.2622  29.134565     0.2653  29.135120     4.6588     4.9305     0.0100    98.1906 1.0000e-12  -74.21576 -112.20578  19.843766      91.80 8.8030e+02   1062.377      25498  1030.7030  1030.7006    34.4457    34.4430    7.98659         28 0.0000e+00
    648.000    640.292     0.2695  29.143182     0.2728  29.143893     4.6587     4.9305     0.0018    98.1940 1.0000e-12  -74.21576 -112.20578  19.843779      99.71 8.7932e+02   1063.543      25526  1030.7090  1030.7065    34.4482    34.4455    7.98493         28 0.0000e+00
    649.000    641.277     0.2717  29.145720     0.2741  29.145702     4.6517     4.9314     0.0068    98.1244 1.0000e-12  -74.21576 -112.20578  19.843794      99.83 8.7753e+02   1064.757      25555  1030.7138  1030.7114    34.4485    34.4458    7.98446         30 0.0000e+00
    650.000    642.264     0.2714  29.146079     0.2739  29.145999     4.6462     4.9267     0.0026    98.2130 1.0000e-12  -74.21576 -112.20578  19.843808      99.84 8.7657e+02   1066.005      25585  1030.7187  1030.7162    34.4487    34.4458    7.98451         29 0.0000e+00
    651.000    643.250     0.2714  29.146554     0.2738  29.146320     4.6529     4.9216    -0.0014    98.2216 1.0000e-12  -74.21576 -112.20578  19.843822      99.84 8.7578e+02   1067.219      25614  1030.7235  1030.7210    34.4487    34.4458    7.98450         29 0.0000e+00
    652.000    644.237     0.2730  29.148487     0.2748  29.147860     4.6471     4.9244     0.0043    98.2207 1.0000e-12  -74.21576 -112.20578  19.843836      99.83 8.7337e+02   1068.405      25643  1030.7282  1030.7258    34.4489    34.4461    7.98416         28 0.0000e+00
    653.000    645.224     0.2743  29.150169     0.2765  29.149754     4.6493     4.9259     0.0011    98.1965 1.0000e-12  -74.21576 -112.20578  19.843850      99.84 8.7310e+02   1069.603      25671  1030.7329  1030.7304    34.4491    34.4461    7.98389         30 0.0000e+00
    654.000    646.210     0.2747  29.150865     0.2768  29.150446     4.6540     4.9276    -0.0078    98.1977 1.0000e-12  -74.21576 -112.20578  19.843864      99.83 8.7158e+02   1070.840      25701  1030.7376  1030.7351    34.4491    34.4462    7.98382         28 0.0000e+00
    655.000    647.196     0.2749  29.151535     0.2771  29.151230     4.6564     4.9289     0.0003    98.1914 1.0000e-12  -74.21576 -112.20578  19.843878      99.84 8.7093e+02   1072.073      25731  1030.7423  1030.7399    34.4491    34.4463    7.98377         29 0.0000e+00
    656.000    648.183     0.2749  29.151977     0.2770  29.151588     4.6540     4.9262     0.0066    98.2116 1.0000e-12  -74.21576 -112.20578  19.843892      99.84 8.7068e+02   1073.284      25760  1030.7471  1030.7446    34.4491    34.4463    7.98377         29 0.0000e+00
    657.000    649.169     0.2752  29.152881     0.2774  29.152547     4.6477     4.9214     0.0045    98.2105 1.0000e-12  -74.21576 -112.20576  19.843906      99.84 8.6941e+02   1074.487      25789  1030.7520  1030.7495    34.4494    34.4466    7.98370         28 0.0000e+00
    658.000    650.156     0.2754  29.153477     0.2774  29.152965     4.6518     4.9171     0.0021    98.1855 1.0000e-12  -74.21576 -112.20578  19.843920      98.87 8.6909e+02   1075.688      25818  1030.7566  1030.7542    34.4493    34.4465    7.98365         29 0.0000e+00
    659.000    651.144     0.2754  29.153824     0.2773  29.153245     4.6538     4.9238     0.0067    98.2148 1.0000e-12  -74.21576 -112.20578  19.843934      99.57 8.6833e+02   1076.909      25847  1030.7612  1030.7588    34.4493    34.4464    7.98366         30 0.0000e+00
    660.000    652.129     0.2768  29.156006     0.2793  29.156179     4.6532     4.9254     0.0021    98.2224 1.0000e-12  -74.21576 -112.20578  19.843948      99.84 8.6691e+02   1078.129      25876  1030.7664  1030.7641    34.4500    34.4474    7.98333         29 0.0000e+00
    661.000    653.115     0.2784  29.158764     0.2809  29.158543     4.6545     4.9246    -0.0011    98.1870 1.0000e-12  -74.21576 -112.20578  19.843962      99.83 8.6546e+02   1079.327      25905  1030.7719  1030.7693    34.4511    34.4482    7.98292         29 0.0000e+00
    662.000    654.103     0.2857  29.167930     0.2872  29.166848     4.6520     4.9258     0.0051    98.2133 1.0000e-12  -74.21576 -112.20578  19.843976      99.84 8.6557e+02   1080.533      25934  1030.7785  1030.7760    34.4545    34.4514    7.98123         29 0.0000e+00
    663.000    655.088     0.2860  29.168909     0.2880  29.168123     4.6556     4.9254     0.0136    98.2010 1.0000e-12  -74.21576 -112.20578  19.843990      99.83 8.6447e+02   1081.753      25963  1030.7835  1030.7808    34.4548    34.4517    7.98115         29 0.0000e+00
    664.000    656.076     0.2868  29.170156     0.2885  29.169358     4.6495     4.9254     0.0059    98.1948 1.0000e-12  -74.21576 -112.20578  19.844004      99.84 8.6260e+02   1082.959      25992  1030.7883  1030.7859    34.4550    34.4521    7.98098         29 0.0000e+00
    665.000    657.060     0.2867  29.170462     0.2890  29.170178     4.6508     4.9237    -0.0015    98.1931 1.0000e-12  -74.21576 -112.20578  19.844018      99.84 8.6312e+02   1084.156      26021  1030.7930  1030.7905    34.4550    34.4520    7.98100         28 0.0000e+00
    666.000    658.050     0.2884  29.172632     0.2898  29.171615     4.6507     4.9209    -0.0028    98.2054 1.0000e-12  -74.21576 -112.20578  19.844032      99.83 8.6250e+02   1085.389      26050  1030.7978  1030.7955    34.4553    34.4525    7.98062         30 0.0000e+00
    667.000    659.034     0.2883  29.172967     0.2904  29.172588     4.6536     4.9221     0.0092    98.1992 1.0000e-12  -74.21576 -112.20578  19.844046      99.84 8.6130e+02   1086.609      26080  1030.8026  1030.8001    34.4553    34.4525    7.98065         29 0.0000e+00
    668.000    660.021     0.2887  29.173815     0.2907  29.173375     4.6518     4.9188     0.0021    98.1995 1.0000e-12  -74.21576 -112.20577  19.844060      83.05 8.6072e+02   1087.782      26108  1030.8073  1030.8050    34.4554    34.4526    7.98056         28 0.0000e+00
    669.000    661.008     0.2885  29.174084     0.2906  29.173695     4.6522     4.9215     0.0107    98.2082 1.0000e-12  -74.21576 -112.20577  19.844074      94.49 8.6023e+02   1088.959      26136  1030.8120  1030.8096    34.4554    34.4525    7.98060         29 0.0000e+00
    670.000    661.994     0.2890  29.174937     0.2910  29.174555     4.6492     4.9235     0.0143    98.2308 1.0000e-12  -74.21576 -112.20576  19.844088      99.82 8.5929e+02   1090.185      26165  1030.8167  1030.8143    34.4554    34.4526    7.98050         30 0.0000e+00
    671.000    662.981     0.2924  29.179245     0.2956  29.179931     4.6519     4.9228     0.0090    98.2162 1.0000e-12  -74.21576 -112.20576  19.844102      99.83 8.5852e+02   1091.414      26195  1030.8220  1030.8196    34.4566    34.4539    7.97972         29 0.0000e+00
    672.000    663.966     0.2943  29.181739     0.2962  29.180984     4.6436     4.9227     0.0069    98.2241 1.0000e-12  -74.21576 -112.20576  19.844116      99.83 8.5858e+02   1092.614      26224  1030.8270  1030.8245    34.4572    34.4541    7.97929         29 0.0000e+00
    673.000    664.955     0.2961  29.183843     0.2982  29.183480     4.6420     4.9121     0.0069    98.1998 1.0000e-12  -74.21576 -112.20576  19.844130      99.84 8.5748e+02   1093.791      26252  1030.8317  1030.8294    34.4573    34.4546    7.97891         27 0.0000e+00
    674.000    665.939     0.2985  29.187049     0.3006  29.186493     4.6395     4.9091     0.0069    98.2068 1.0000e-12  -74.21576 -112.20577  19.844143      99.84 8.5676e+02   1094.983      26281  1030.8370  1030.8343    34.4583    34.4552    7.97837         30 0.0000e+00
    675.000    666.927     0.3009  29.189987     0.3031  29.189694     4.6448     4.9078     0.0113    98.1894 1.0000e-12  -74.21576 -112.20576  19.844158      99.84 8.5615e+02   1096.217      26310  1030.8420  1030.8395    34.4589    34.4560    7.97784         29 0.0000e+00
    676.000    667.913     0.3026  29.192376     0.3048  29.191992     4.6478     4.9101     0.0009    98.2086 1.0000e-12  -74.21576 -112.20578  19.844172      99.83 8.5528e+02   1097.445      26340  1030.8470  1030.8444    34.4596    34.4566    7.97745         29 0.0000e+00
    677.000    668.900     0.3052  29.195567     0.3074  29.195203     4.6482     4.9124     0.0042    98.2055 1.0000e-12  -74.21576 -112.20577  19.844186      99.83 8.5401e+02   1098.640      26368  1030.8520  1030.8496    34.4602    34.4574    7.97687         29 0.0000e+00
    678.000    669.883     0.3059  29.196770     0.3080  29.196386     4.6463     4.9142    -0.0005    98.2171 1.0000e-12  -74.21576 -112.20577  19.844199      99.84 8.5335e+02   1099.826      26397  1030.8569  1030.8544    34.4605    34.4576    7.97671         28 0.0000e+00
    679.000    670.874     0.3071  29.198546     0.3093  29.198165     4.6426     4.9129     0.0070    98.2231 1.0000e-12  -74.21576 -112.20577  19.844213      81.84 8.5211e+02   1101.027      26426  1030.8618  1030.8593    34.4609    34.4579    7.97644         30 0.0000e+00
    680.000    671.859     0.3073  29.199213     0.3095  29.198886     4.6422     4.9118    -0.0049    98.2250 1.0000e-12  -74.21576 -112.20576  19.844227      92.74 8.5141e+02   1102.245      26455  1030.8666  1030.8641    34.4609    34.4581    7.97639         29 0.0000e+00
    681.000    672.844     0.3079  29.200158     0.3100  29.199841     4.6425     4.9105    -0.0052    98.2312 1.0000e-12  -74.21576 -112.20578  19.844241      99.74 8.5141e+02   1103.442      26484  1030.8712  1030.8688    34.4609    34.4581    7.97627         29 0.0000e+00
    682.000    673.831     0.3089  29.201817     0.3111  29.201497     4.6425     4.9095     0.0053    98.2161 1.0000e-12  -74.21576 -112.20577  19.844255      99.83 8.5072e+02   1104.640      26512  1030.8763  1030.8738    34.4614    34.4585    7.97604         28 0.0000e+00
    683.000    674.818     0.3102  29.203667     0.3125  29.203417     4.6388     4.9072    -0.0076    98.2188 1.0000e-12  -74.21576 -112.20577  19.844269      99.84 8.4928e+02   1105.883      26542  1030.8812  1030.8786    34.4618    34.4589    7.97575         32 0.0000e+00
    684.000    675.804     0.3118  29.205886     0.3139  29.205305     4.6432     4.9109    -0.0068    98.2116 1.0000e-12  -74.21576 -112.20577  19.844285      99.84 8.4889e+02   1107.225      26574  1030.8861  1030.8835    34.4623    34.4592    7.97538         32 0.0000e+00
    685.000    676.791     0.3134  29.208296     0.3158  29.207891     4.6369     4.9119     0.0026    98.2200 1.0000e-12  -74.21576 -112.20577  19.844301      99.83 8.4791e+02   1108.613      26608  1030.8913  1030.8885    34.4631    34.4599    7.97500         31 0.0000e+00
    686.000    677.776     0.3156  29.210961     0.3178  29.210496     4.6358     4.9080     0.0013    98.2273 1.0000e-12  -74.21576 -112.20577  19.844317      99.84 8.4669e+02   1109.997      26641  1030.8962  1030.8936    34.4636    34.4605    7.97453         34 0.0000e+00
    687.000    678.763     0.3169  29.212781     0.3191  29.212347     4.6395     4.9065     0.0069    98.2166 1.0000e-12  -74.21576 -112.20577  19.844333      99.84 8.4634e+02   1111.395      26674  1030.9011  1030.8985    34.4639    34.4609    7.97424         34 0.0000e+00
    688.000    679.749     0.3179  29.214388     0.3201  29.214028     4.6409     4.9097     0.0093    98.2222 1.0000e-12  -74.21576 -112.20577  19.844350      99.83 8.4589e+02   1112.805      26708  1030.9060  1030.9035    34.4644    34.4614    7.97401         31 0.0000e+00
    689.000    680.736     0.3188  29.215702     0.3208  29.215266     4.6424     4.9079    -0.0050    98.2027 1.0000e-12  -74.21576 -112.20576  19.844365      91.05 8.4436e+02   1114.151      26741  1030.9108  1030.9084    34.4645    34.4617    7.97382         32 0.0000e+00
    690.000    681.723     0.3195  29.216942     0.3217  29.216569     4.6390     4.9073    -0.0143    98.1975 1.0000e-12  -74.21576 -112.20577  19.844381      94.26 8.4402e+02   1115.527      26774  1030.9156  1030.9132    34.4647    34.4619    7.97366         35 0.0000e+00
    691.000    682.709     0.3201  29.218054     0.3223  29.217761     4.6342     4.9070    -0.0028    98.2329 1.0000e-12  -74.21576 -112.20577  19.844398      99.85 8.4354e+02   1116.961      26808  1030.9205  1030.9180    34.4650    34.4622    7.97352         33 0.0000e+00
    692.000    683.696     0.3207  29.219160     0.3229  29.218796     4.6331     4.9083    -0.0064    98.2350 1.0000e-12  -74.21576 -112.20576  19.844414      99.83 8.4263e+02   1118.358      26842  1030.9253  1030.9228    34.4652    34.4623    7.97339         32 0.0000e+00
    693.000    684.681     0.3216  29.220708     0.3236  29.220022     4.6398     4.9053    -0.0057    98.2460 1.0000e-12  -74.21576 -112.20577  19.844430      99.83 8.4266e+02   1119.733      26875  1030.9303  1030.9277    34.4656    34.4625    7.97318         33 0.0000e+00
    694.000    685.668     0.3217  29.221246     0.3238  29.220823     4.6398     4.9029     0.0036    98.2280 1.0000e-12  -74.21576 -112.20577  19.844446      99.84 8.4165e+02   1121.122      26908  1030.9350  1030.9325    34.4656    34.4627    7.97316         31 0.0000e+00
    695.000    686.654     0.3223  29.222396     0.3245  29.222085     4.6415     4.9068    -0.0015    98.2074 1.0000e-12  -74.21576 -112.20577  19.844462      99.83 8.4089e+02   1122.522      26942  1030.9399  1030.9374    34.4659    34.4631    7.97302         34 0.0000e+00
    696.000    687.641     0.3226  29.223342     0.3248  29.222947     4.6386     4.9050    -0.0007    98.2291 1.0000e-12  -74.21576 -112.20577  19.844478      99.84 8.4089e+02   1123.900      26975  1030.9448  1030.9422    34.4662    34.4633    7.97293         29 0.0000e+00
