ocean_section_plots/required_files/ctd/dnbp2202_ctd022.cnv
* Sea-Bird SBE 9 Data File:
* FileName = D:\Data\raw\NBP2202_CTD022.hex
* Software Version Seasave V 7.26.7.121
* Temperature SN = 1649
* Conductivity SN = 2513
* Number of Bytes Per Scan = 40
* Number of Voltage Words = 5
* Number of Scans Averaged by the Deck Unit = 1
* NMEA Latitude = 74 13.84 S
* NMEA Longitude = 112 04.61 W
* NMEA UTC (Time) = Jan 20 2022  06:24:14
* NMEA baud rate = 9600
** Ship: RVIB N.B. Palmer
** Cruise: NBP2202 Thwaites
** Station: 14
** Operator: B.Bjork
# nquan = 25
# nvalues = 870                         
# units = specified
# name 0 = prDM: Pressure, Digiquartz [db]
# name 1 = depSM: Depth [salt water, m]
# name 2 = t090C: Temperature [ITS-90, deg C]
# name 3 = c0mS/cm: Conductivity [mS/cm]
# name 4 = t190C: Temperature, 2 [ITS-90, deg C]
# name 5 = c1mS/cm: Conductivity, 2 [mS/cm]
# name 6 = sbeox0ML/L: Oxygen, SBE 43 [ml/l]
# name 7 = sbeox1ML/L: Oxygen, SBE 43, 2 [ml/l]
# name 8 = flECO-AFL: Fluorescence, WET Labs ECO-AFL/FL [mg/m^3]
# name 9 = CStarTr0: Beam Transmission, WET Labs C-Star [%]
# name 10 = par: PAR/Irradiance, Biospherical/Licor
# name 11 = latitude: Latitude [deg]
# name 12 = longitude: Longitude [deg]
# name 13 = timeJ: Julian Days
# name 14 = altM: Altimeter [m]
# name 15 = spar: SPAR, Biospherical/Licor
# name 16 = timeS: Time, Elapsed [seconds]
# name 17 = scan: Scan Count
# name 18 = density00: Density [density, kg/m^3]
# name 19 = density11: Density, 2 [density, kg/m^3]
# name 20 = sal00: Salinity, Practical [PSU]
# name 21 = sal11: Salinity, Practical, 2 [PSU]
# name 22 = oxsolML/L: Oxygen Saturation, Garcia & Gordon [ml/l]
# name 23 = nbin: number of scans per bin
# name 24 = flag: flag
# span 0 =      2.000,    871.000       
# span 1 =      1.966,    860.178       
# span 2 =    -1.4573,     0.4384       
# span 3 =  27.092332,  29.442308       
# span 4 =    -1.4562,     0.4405       
# span 5 =  27.092079,  29.442034       
# span 6 =     4.6015,     7.8517       
# span 7 =     4.8595,     8.2548       
# span 8 =    -0.0150,    15.5907       
# span 9 =    79.7365,    98.2146       
# span 10 = -3.306e-05, 5.3069e+01      
# span 11 =  -74.23076,  -74.23074      
# span 12 = -112.07688, -112.07684      
# span 13 =  20.272596,  20.286586      
# span 14 =       4.18,     100.04      
# span 15 = 1.3509e+02, 1.3729e+02      
# span 16 =    498.316,   1707.047      
# span 17 =      11961,      40970      
# span 18 =  1027.2115,  1031.8035      
# span 19 =  1027.2100,  1031.8012      
# span 20 =    33.8131,    34.5304      
# span 21 =    33.8111,    34.5276      
# span 22 =    7.94551,    8.38709      
# span 23 =          8,         48      
# span 24 = 0.0000e+00, 0.0000e+00      
# interval = decibars: 1                
# start_time = Jan 20 2022 06:24:14 [NMEA time, header]
# bad_flag = -9.990e-29
*END*
[from data line 232]
    234.000    231.447    -1.4412  27.204348    -1.4404  27.203630     6.1867     6.5647     0.0896    97.2175 1.0000e-12  -74.23074 -112.07687  20.276940      99.88 1.3574e+02    873.655      20969  1028.4981  1028.4966    34.0199    34.0180    8.37919         28 0.0000e+00
    235.000    232.435    -1.4431  27.203675    -1.4416  27.203291     6.1925     6.5659     0.1043    97.3709 1.0000e-12  -74.23074 -112.07687  20.276954      99.88 1.3574e+02    874.841      20997  1028.5036  1028.5017    34.0206    34.0183    8.37959         29 0.0000e+00
    236.000    233.423    -1.4424  27.205031    -1.4410  27.204564     6.1934     6.5651     0.1195    97.4800 1.0000e-12  -74.23074 -112.07687  20.276968      99.88 1.3574e+02    876.032      21026  1028.5086  1028.5068    34.0210    34.0188    8.37940         29 0.0000e+00
    237.000    234.414    -1.4427  27.205212    -1.4417  27.204586     6.1935     6.5708     0.1117    97.3844 1.0000e-12  -74.23074 -112.07686  20.276982      86.89 1.3574e+02    877.211      21054  1028.5134  1028.5117    34.0210    34.0190    8.37947         28 0.0000e+00
    238.000    235.400    -1.4444  27.204537    -1.4437  27.203607     6.2026     6.5729     0.0812    97.4158 1.0000e-12  -74.23074 -112.07688  20.276995      99.89 1.3574e+02    878.376      21082  1028.5185  1028.5169    34.0214    34.0193    8.37983         27 0.0000e+00
    239.000    236.389    -1.4449  27.205573    -1.4433  27.205470     6.2055     6.5734     0.0839    97.4835 1.0000e-12  -74.23074 -112.07688  20.277009      99.88 1.3574e+02    879.544      21110  1028.5244  1028.5228    34.0227    34.0208    8.37986         28 0.0000e+00
    240.000    237.378    -1.4441  27.207744    -1.4424  27.207766     6.2037     6.5810     0.2590    97.4424 1.0000e-12  -74.23074 -112.07688  20.277022      99.87 1.3574e+02    880.720      21138  1028.5303  1028.5287    34.0241    34.0222    8.37959         29 0.0000e+00
    241.000    238.365    -1.4435  27.209303    -1.4423  27.208695     6.2038     6.5814     0.2039    97.3785 1.0000e-12  -74.23074 -112.07688  20.277036      99.88 1.3574e+02    881.892      21166  1028.5357  1028.5339    34.0250    34.0228    8.37941         28 0.0000e+00
    242.000    239.355    -1.4437  27.209586    -1.4426  27.208909     6.2035     6.5782     0.0763    97.5670 1.0000e-12  -74.23074 -112.07688  20.277050      99.88 1.3574e+02    883.077      21195  1028.5405  1028.5388    34.0250    34.0229    8.37945         29 0.0000e+00
    243.000    240.343    -1.4443  27.209668    -1.4426  27.209445     6.2075     6.5799     0.2881    97.5725 1.0000e-12  -74.23074 -112.07688  20.277064      99.88 1.3574e+02    884.299      21224  1028.5455  1028.5436    34.0252    34.0229    8.37958         30 0.0000e+00
    244.000    241.331    -1.4448  27.209751    -1.4428  27.209669     6.1988     6.5807     0.0992    97.5904 1.0000e-12  -74.23074 -112.07688  20.277078      99.88 1.3574e+02    885.507      21253  1028.5503  1028.5484    34.0252    34.0229    8.37968         27 0.0000e+00
    245.000    242.321    -1.4439  27.210757    -1.4428  27.210188     6.2019     6.5783     0.1166    97.6098 1.0000e-12  -74.23074 -112.07688  20.277091      99.87 1.3574e+02    886.672      21281  1028.5548  1028.5532    34.0249    34.0229    8.37949         29 0.0000e+00
    246.000    243.308    -1.4430  27.211886    -1.4415  27.211512     6.2052     6.5737     0.1442    97.4504 1.0000e-12  -74.23074 -112.07688  20.277105      99.87 1.3574e+02    887.851      21309  1028.5595  1028.5577    34.0249    34.0227    8.37931         28 0.0000e+00
    247.000    244.297    -1.4448  27.211235    -1.4428  27.211224     6.2139     6.5860     0.1175    97.5994 1.0000e-12  -74.23074 -112.07688  20.277119      99.87 1.3574e+02    889.051      21338  1028.5649  1028.5629    34.0255    34.0231    8.37968         27 0.0000e+00
    248.000    245.286    -1.4457  27.211040    -1.4446  27.210604     6.2150     6.5844     0.1020    97.5702 1.0000e-12  -74.23074 -112.07688  20.277132      90.03 1.3574e+02    890.240      21367  1028.5698  1028.5682    34.0256    34.0236    8.37988         28 0.0000e+00
    249.000    246.273    -1.4494  27.209854    -1.4478  27.209367     6.2211     6.5851     0.1205    97.5836 1.0000e-12  -74.23074 -112.07688  20.277146      99.55 1.3574e+02    891.415      21395  1028.5764  1028.5744    34.0275    34.0250    8.38059         28 0.0000e+00
    250.000    247.263    -1.4496  27.210496    -1.4482  27.210099     6.2160     6.5865     0.0765    97.6256 1.0000e-12  -74.23074 -112.07688  20.277160      99.88 1.3574e+02    892.586      21423  1028.5815  1028.5799    34.0280    34.0259    8.38060         28 0.0000e+00
    251.000    248.251    -1.4475  27.212998    -1.4461  27.212611     6.2128     6.5860     0.0708    97.5691 1.0000e-12  -74.23074 -112.07688  20.277173      99.87 1.3574e+02    893.764      21451  1028.5866  1028.5847    34.0284    34.0262    8.38011         29 0.0000e+00
    252.000    249.240    -1.4466  27.214507    -1.4454  27.213790     6.2144     6.5888     0.0792    97.6034 1.0000e-12  -74.23074 -112.07688  20.277187      99.88 1.3574e+02    894.957      21480  1028.5916  1028.5896    34.0289    34.0265    8.37988         29 0.0000e+00
    253.000    250.228    -1.4453  27.217225    -1.4442  27.216072     6.2125     6.5889     0.1652    97.6237 1.0000e-12  -74.23074 -112.07688  20.277201      99.88 1.3574e+02    896.138      21508  1028.5977  1028.5953    34.0305    34.0277    8.37949         28 0.0000e+00
    254.000    251.216    -1.4431  27.221001    -1.4416  27.220694     6.2023     6.5878     0.2349    97.5871 1.0000e-12  -74.23074 -112.07688  20.277214      99.88 1.3574e+02    897.309      21536  1028.6040  1028.6022    34.0326    34.0305    8.37887         28 0.0000e+00
    255.000    252.204    -1.4405  27.225567    -1.4391  27.224988     6.2049     6.5873     0.3463    97.6583 1.0000e-12  -74.23074 -112.07688  20.277228      99.88 1.3574e+02    898.496      21565  1028.6108  1028.6088    34.0353    34.0329    8.37812         29 0.0000e+00
    256.000    253.194    -1.4404  27.225993    -1.4392  27.225526     6.2042     6.5812     0.2141    97.7293 1.0000e-12  -74.23074 -112.07688  20.277242      99.88 1.3574e+02    899.683      21593  1028.6155  1028.6138    34.0352    34.0331    8.37811         28 0.0000e+00
    257.000    254.182    -1.4403  27.226542    -1.4390  27.226174     6.2061     6.5762     0.2134    97.6223 1.0000e-12  -74.23074 -112.07688  20.277255      99.87 1.3574e+02    900.850      21621  1028.6203  1028.6186    34.0352    34.0332    8.37809         28 0.0000e+00
    258.000    255.169    -1.4418  27.226338    -1.4412  27.225441     6.2065     6.5852     0.0713    97.5205 1.0000e-12  -74.23074 -112.07688  20.277269      99.88 1.3574e+02    902.036      21650  1028.6258  1028.6243    34.0359    34.0341    8.37837         29 0.0000e+00
    259.000    256.158    -1.4458  27.224129    -1.4445  27.223620     6.2056     6.5840     0.0587    97.5985 1.0000e-12  -74.23074 -112.07688  20.277283      83.14 1.3574e+02    903.235      21679  1028.6317  1028.6299    34.0369    34.0347    8.37922         28 0.0000e+00
    260.000    257.144    -1.4469  27.223807    -1.4456  27.223377     6.2004     6.5803     0.0467    97.6543 1.0000e-12  -74.23074 -112.07688  20.277297      98.57 1.3574e+02    904.421      21707  1028.6366  1028.6349    34.0371    34.0350    8.37946         26 0.0000e+00
    261.000    258.136    -1.4500  27.221982    -1.4488  27.221570     6.1999     6.5791     0.0287    97.8101 1.0000e-12  -74.23074 -112.07688  20.277310      99.89 1.3574e+02    905.594      21735  1028.6419  1028.6403    34.0374    34.0355    8.38013         29 0.0000e+00
    262.000    259.124    -1.4504  27.222428    -1.4492  27.221763     6.1998     6.5809     0.0344    97.8529 1.0000e-12  -74.23074 -112.07688  20.277324      99.87 1.3574e+02    906.774      21764  1028.6471  1028.6452    34.0379    34.0356    8.38019         28 0.0000e+00
    263.000    260.111    -1.4498  27.223303    -1.4483  27.222936     6.2033     6.5830     0.1030    97.7695 1.0000e-12  -74.23074 -112.07688  20.277337      99.88 1.3574e+02    907.958      21792  1028.6517  1028.6499    34.0378    34.0356    8.38007         29 0.0000e+00
    264.000    261.101    -1.4496  27.223689    -1.4483  27.223297     6.2058     6.5750     0.1265    97.5480 1.0000e-12  -74.23074 -112.07688  20.277351      99.88 1.3574e+02    909.133      21820  1028.6562  1028.6545    34.0375    34.0354    8.38004         28 0.0000e+00
    265.000    262.089    -1.4500  27.223960    -1.4486  27.223466     6.2053     6.5773     0.0597    97.8899 1.0000e-12  -74.23074 -112.07688  20.277365      99.87 1.3574e+02    910.311      21848  1028.6612  1028.6593    34.0377    34.0354    8.38012         28 0.0000e+00
    266.000    263.077    -1.4499  27.224592    -1.4486  27.224120     6.2087     6.5803     0.0387    97.8425 1.0000e-12  -74.23074 -112.07688  20.277378      99.88 1.3574e+02    911.485      21877  1028.6660  1028.6643    34.0378    34.0357    8.38008         28 0.0000e+00
    267.000    264.065    -1.4498  27.225463    -1.4485  27.224932     6.2099     6.5820     0.0777    97.8450 1.0000e-12  -74.23074 -112.07688  20.277392      99.88 1.3574e+02    912.662      21905  1028.6712  1028.6694    34.0382    34.0360    8.38004         29 0.0000e+00
    268.000    265.052    -1.4490  27.226913    -1.4476  27.226598     6.2023     6.5817     0.0604    97.7996 1.0000e-12  -74.23074 -112.07688  20.277406      99.87 1.3574e+02    913.851      21933  1028.6763  1028.6746    34.0387    34.0367    8.37983         28 0.0000e+00
    269.000    266.043    -1.4468  27.229598    -1.4459  27.228786     6.2073     6.5814     0.0380    97.9326 1.0000e-12  -74.23074 -112.07688  20.277419      99.88 1.3574e+02    915.035      21962  1028.6814  1028.6796    34.0393    34.0371    8.37929         28 0.0000e+00
    270.000    267.031    -1.4475  27.229490    -1.4454  27.229865     6.2006     6.5762     0.1510    97.8786 1.0000e-12  -74.23074 -112.07688  20.277433      99.64 1.3574e+02    916.211      21990  1028.6863  1028.6846    34.0393    34.0374    8.37946         29 0.0000e+00
    271.000    268.020    -1.4489  27.228807    -1.4476  27.228386     6.2071     6.5726     0.0680    97.8822 1.0000e-12  -74.23074 -112.07688  20.277447      99.78 1.3574e+02    917.391      22018  1028.6912  1028.6895    34.0393    34.0373    8.37977         28 0.0000e+00
    272.000    269.008    -1.4491  27.229023    -1.4477  27.228524     6.2026     6.5769     0.0405    97.9534 1.0000e-12  -74.23074 -112.07687  20.277460      99.88 1.3574e+02    918.585      22047  1028.6958  1028.6940    34.0392    34.0370    8.37981         29 0.0000e+00
    273.000    269.995    -1.4488  27.229717    -1.4475  27.229231     6.1994     6.5800     0.0532    97.9118 1.0000e-12  -74.23074 -112.07687  20.277474      99.87 1.3574e+02    919.768      22075  1028.7006  1028.6989    34.0392    34.0371    8.37975         28 0.0000e+00
    274.000    270.982    -1.4491  27.229721    -1.4477  27.229404     6.1984     6.5767     0.0484    97.8479 1.0000e-12  -74.23074 -112.07687  20.277488      99.89 1.3574e+02    920.954      22104  1028.7052  1028.7035    34.0389    34.0369    8.37983         29 0.0000e+00
    275.000    271.974    -1.4469  27.232402    -1.4461  27.231389     6.1952     6.5720     0.0587    97.6989 1.0000e-12  -74.23074 -112.07688  20.277502      99.88 1.3574e+02    922.141      22132  1028.7104  1028.7084    34.0396    34.0372    8.37932         28 0.0000e+00
    276.000    272.959    -1.4461  27.233499    -1.4450  27.232965     6.1965     6.5719     0.0467    97.7046 1.0000e-12  -74.23074 -112.07686  20.277515      99.88 1.3574e+02    923.320      22161  1028.7151  1028.7134    34.0396    34.0375    8.37913         29 0.0000e+00
    277.000    273.950    -1.4463  27.233980    -1.4449  27.233701     6.2006     6.5756     0.0465    97.9812 1.0000e-12  -74.23074 -112.07687  20.277529      99.88 1.3574e+02    924.487      22189  1028.7201  1028.7184    34.0398    34.0378    8.37915         27 0.0000e+00
    278.000    274.937    -1.4464  27.234147    -1.4452  27.233643     6.2014     6.5733     0.0316    97.9115 1.0000e-12  -74.23074 -112.07687  20.277542      99.88 1.3574e+02    925.668      22217  1028.7246  1028.7229    34.0395    34.0374    8.37919         29 0.0000e+00
    279.000    275.926    -1.4459  27.234922    -1.4448  27.234581     6.1975     6.5727     0.0341    97.8648 1.0000e-12  -74.23074 -112.07687  20.277556      99.87 1.3574e+02    926.852      22245  1028.7294  1028.7278    34.0394    34.0376    8.37910         28 0.0000e+00
    280.000    276.915    -1.4452  27.236262    -1.4439  27.235849     6.1975     6.5722     0.1182    97.9336 1.0000e-12  -74.23074 -112.07687  20.277570      99.88 1.3574e+02    928.019      22273  1028.7344  1028.7327    34.0398    34.0377    8.37891         28 0.0000e+00
    281.000    277.902    -1.4450  27.237041    -1.4438  27.236509     6.2002     6.5704     0.0649    97.9548 1.0000e-12  -74.23074 -112.07686  20.277583      93.71 1.3574e+02    929.184      22301  1028.7394  1028.7376    34.0401    34.0380    8.37886         28 0.0000e+00
    282.000    278.890    -1.4449  27.237681    -1.4432  27.237698     6.1962     6.5647     0.0668    97.9818 1.0000e-12  -74.23074 -112.07688  20.277597      97.11 1.3574e+02    930.375      22330  1028.7443  1028.7427    34.0402    34.0383    8.37882         29 0.0000e+00
    283.000    279.878    -1.4442  27.238999    -1.4429  27.238462     6.1926     6.5640     0.0438    97.9097 1.0000e-12  -74.23074 -112.07686  20.277611      99.88 1.3574e+02    931.586      22359  1028.7493  1028.7475    34.0406    34.0384    8.37864         29 0.0000e+00
    284.000    280.868    -1.4443  27.239609    -1.4429  27.239272     6.1944     6.5709     0.0289    97.9375 1.0000e-12  -74.23074 -112.07686  20.277625      99.87 1.3574e+02    932.775      22388  1028.7545  1028.7527    34.0410    34.0388    8.37865         28 0.0000e+00
    285.000    281.855    -1.4426  27.243024    -1.4414  27.242694     6.1973     6.5687     0.0289    97.9773 1.0000e-12  -74.23074 -112.07686  20.277638      99.89 1.3574e+02    933.948      22416  1028.7609  1028.7593    34.0431    34.0413    8.37814         28 0.0000e+00
    286.000    282.844    -1.4425  27.244017    -1.4413  27.243341     6.1962     6.5706     0.0634    97.9639 1.0000e-12  -74.23074 -112.07686  20.277652      99.88 1.3574e+02    935.147      22445  1028.7662  1028.7643    34.0437    34.0414    8.37807         30 0.0000e+00
    287.000    283.832    -1.4422  27.244751    -1.4409  27.244285     6.1952     6.5742     0.1005    97.0186 1.0000e-12  -74.23074 -112.07686  20.277666      99.88 1.3574e+02    936.378      22474  1028.7710  1028.7692    34.0438    34.0417    8.37800         29 0.0000e+00
    288.000    284.819    -1.4422  27.245150    -1.4411  27.244598     6.1977     6.5739     0.0237    97.6692 1.0000e-12  -74.23074 -112.07686  20.277680      99.88 1.3574e+02    937.582      22503  1028.7757  1028.7740    34.0437    34.0416    8.37801         27 0.0000e+00
    289.000    285.809    -1.4427  27.244787    -1.4415  27.244230     6.1974     6.5709     0.0731    97.8824 1.0000e-12  -74.23074 -112.07686  20.277694      99.87 1.3574e+02    938.792      22532  1028.7801  1028.7783    34.0431    34.0410    8.37814         29 0.0000e+00
    290.000    286.797    -1.4431  27.244623    -1.4418  27.244078     6.1985     6.5664     0.0643    97.9729 1.0000e-12  -74.23074 -112.07686  20.277709      99.88 1.3574e+02    940.026      22562  1028.7846  1028.7828    34.0427    34.0406    8.37826         30 0.0000e+00
