ocean_section_plots/required_files/ctd/dnbp2202_ctd115.cnv
* Sea-Bird SBE 9 Data File:
* FileName = D:\Data\raw\NBP2202_CTD115.hex
* Software Version Seasave V 7.26.7.121
* Temperature SN = 1649
* Conductivity SN = 2513
* Number of Bytes Per Scan = 40
* Number of Voltage Words = 5
* Number of Scans Averaged by the Deck Unit = 1
* NMEA Latitude = 74 10.52 S
* NMEA Longitude = 113 20.65 W
* NMEA UTC (Time) = Jan 27 2022  08:48:00
* NMEA baud rate = 9600
** Ship: RVIB N.B. Palmer
** Cruise: NBP2202 Thwaites
** Station: YoYo001
** Operator: B. Bjork
# nquan = 25
# nvalues = 607                         
# units = specified
# name 0 = prDM: Pressure, Digiquartz [db]
# name 1 = depSM: Depth [salt water, m]
# name 2 = t090C: Temperature [ITS-90, deg C]
# name 3 = c0mS/cm: Conductivity [mS/cm]
# name 4 = t190C: Temperature, 2 [ITS-90, deg C]
# name 5 = c1mS/cm: Conductivity, 2 [mS/cm]
# name 6 = sbeox0ML/L: Oxygen, SBE 43 [ml/l]
# name 7 = sbeox1ML/L: Oxygen, SBE 43, 2 [ml/l]
# name 8 = flECO-AFL: Fluorescence, WET Labs ECO-AFL/FL [mg/m^3]
# name 9 = CStarTr0: Beam Transmission, WET Labs C-Star [%]
# name 10 = par: PAR/Irradiance, Biospherical/Licor
# name 11 = latitude: Latitude [deg]
# name 12 = longitude: Longitude [deg]
# name 13 = timeJ: Julian Days
# name 14 = altM: Altimeter [m]
# name 15 = spar: SPAR, Biospherical/Licor
# name 16 = timeS: Time, Elapsed [seconds]
# name 17 = scan: Scan Count
# name 18 = density00: Density [density, kg/m^3]
# name 19 = density11: Density, 2 [density, kg/m^3]
# name 20 = sal00: Salinity, Practical [PSU]
# name 21 = sal11: Salinity, Practical, 2 [PSU]
# name 22 = oxsolML/L: Oxygen Saturation, Garcia & Gordon [ml/l]
# name 23 = nbin: number of scans per bin
# name 24 = flag: flag
# span 0 =     10.000,    616.000       
# span 1 =      9.897,    608.718       
# span 2 =    -1.4423,     0.1195       
# span 3 =  26.987078,  28.954705       
# span 4 =    -1.4401,     0.1219       
# span 5 =  26.987816,  28.954644       
# span 6 =     4.6753,     8.5677       
# span 7 =     4.7271,     8.5843       
# span 8 =    -0.0224,    23.8173       
# span 9 =    69.8013,    95.5711       
# span 10 = 1.0000e-12, 1.6099e+00      
# span 11 =  -74.17538,  -74.17536      
# span 12 = -113.34426, -113.34422      
# span 13 =  27.367015,  27.374260      
# span 14 =       8.13,     100.05      
# span 15 = 7.7566e+01, 8.4618e+01      
# span 16 =     30.079,    656.081      
# span 17 =        723,      15747      
# span 18 =  1027.2220,  1030.5204      
# span 19 =  1027.2205,  1030.5183      
# span 20 =    33.7899,    34.3885      
# span 21 =    33.7882,    34.3858      
# span 22 =    8.01949,    8.39155      
# span 23 =         12,         58      
# span 24 = 0.0000e+00, 0.0000e+00      
# interval = decibars: 1                
# start_time = Jan 27 2022 08:48:00 [NMEA time, header]
# bad_flag = -9.990e-29
*END*
[from data line 116]
    126.000    124.657    -1.3453  27.155981    -1.3445  27.155018     5.4351     5.5022    -0.0150    95.5420 1.0000e-12  -74.17536 -113.34424  27.368384      99.86 7.9330e+01    148.412       3563  1027.8891  1027.8873    33.9117    33.9095    8.36408         23 0.0000e+00
    127.000    125.647    -1.3330  27.169207    -1.3317  27.168433     5.4282     5.4965    -0.0178    95.5495 1.0000e-12  -74.17536 -113.34424  27.368396      99.86 7.9330e+01    149.395       3586  1027.8960  1027.8939    33.9153    33.9128    8.36111         24 0.0000e+00
    128.000    126.636    -1.3207  27.182130    -1.3172  27.183956     5.4293     5.4881    -0.0202    95.5389 1.0000e-12  -74.17536 -113.34424  27.368407      99.87 7.9330e+01    150.384       3610  1027.9027  1027.9013    33.9186    33.9171    8.35818         24 0.0000e+00
    129.000    127.625    -1.3158  27.187745    -1.3140  27.187935     5.4288     5.4945    -0.0138    95.5547 1.0000e-12  -74.17536 -113.34424  27.368419      99.86 7.9330e+01    151.389       3634  1027.9084  1027.9069    33.9201    33.9182    8.35699         24 0.0000e+00
    130.000    128.614    -1.3143  27.190005    -1.3127  27.190016     5.4376     5.5036    -0.0093    95.5485 1.0000e-12  -74.17536 -113.34424  27.368430      97.07 7.9330e+01    152.381       3658  1027.9138  1027.9123    33.9208    33.9190    8.35660         24 0.0000e+00
    131.000    129.602    -1.3129  27.192852    -1.3115  27.192464     5.4425     5.5085    -0.0221    95.5400 1.0000e-12  -74.17536 -113.34424  27.368442      99.80 7.9330e+01    153.372       3682  1027.9199  1027.9182    33.9225    33.9204    8.35618         24 0.0000e+00
    132.000    130.593    -1.3122  27.195762    -1.3107  27.195356     5.4442     5.5066    -0.0150    95.5476 1.0000e-12  -74.17536 -113.34424  27.368453      99.86 7.9330e+01    154.374       3706  1027.9268  1027.9250    33.9251    33.9229    8.35587         23 0.0000e+00
    133.000    131.581    -1.3122  27.197013    -1.3109  27.196551     5.4459     5.5106    -0.0150    95.5570 1.0000e-12  -74.17536 -113.34424  27.368465      99.87 7.9330e+01    155.362       3730  1027.9326  1027.9308    33.9262    33.9241    8.35580         24 0.0000e+00
    134.000    132.570    -1.3077  27.202633    -1.3066  27.201808     5.4507     5.5153    -0.0150    95.5570 1.0000e-12  -74.17536 -113.34424  27.368476      99.87 7.9330e+01    156.343       3753  1027.9388  1027.9369    33.9282    33.9259    8.35468         24 0.0000e+00
    135.000    133.559    -1.3066  27.204946    -1.3054  27.204538     5.4576     5.5224    -0.0150    95.5580 1.0000e-12  -74.17536 -113.34424  27.368488      99.87 7.9330e+01    157.343       3777  1027.9446  1027.9430    33.9295    33.9276    8.35436         24 0.0000e+00
    136.000    134.547    -1.3081  27.204649    -1.3068  27.204249     5.4659     5.5315    -0.0150    95.4740 1.0000e-12  -74.17536 -113.34424  27.368499      99.87 7.9330e+01    158.330       3801  1027.9502  1027.9484    33.9302    33.9282    8.35466         23 0.0000e+00
    137.000    135.538    -1.3120  27.202477    -1.3109  27.202031     5.4658     5.5318    -0.0120    95.4829 1.0000e-12  -74.17536 -113.34424  27.368511      99.86 7.9330e+01    159.315       3825  1027.9558  1027.9543    33.9310    33.9291    8.35548         24 0.0000e+00
    138.000    136.526    -1.3140  27.202067    -1.3106  27.203741     5.4558     5.5247    -0.0077    95.5579 1.0000e-12  -74.17536 -113.34424  27.368522      99.86 7.9330e+01    160.311       3848  1027.9617  1027.9602    33.9321    33.9305    8.35586         24 0.0000e+00
    139.000    137.515    -1.3029  27.212931    -1.3011  27.212912     5.4423     5.5198    -0.0077    95.5517 1.0000e-12  -74.17536 -113.34424  27.368534      99.87 7.9330e+01    161.305       3872  1027.9672  1027.9654    33.9338    33.9317    8.35328         24 0.0000e+00
    140.000    138.505    -1.2997  27.216360    -1.2981  27.215964     5.4383     5.5140    -0.0086    95.5653 1.0000e-12  -74.17536 -113.34424  27.368545      99.86 7.9330e+01    162.281       3896  1027.9722  1027.9702    33.9343    33.9319    8.35254         23 0.0000e+00
    141.000    139.492    -1.2904  27.225989    -1.2922  27.222492     5.4396     5.5089    -0.0150    95.5666 1.0000e-12  -74.17536 -113.34424  27.368556      99.86 7.9330e+01    163.273       3920  1027.9781  1027.9761    33.9363    33.9336    8.35033         24 0.0000e+00
    142.000    140.482    -1.2911  27.226282    -1.2886  27.226494     5.4322     5.5069    -0.0221    95.5602 1.0000e-12  -74.17536 -113.34424  27.368568      99.87 7.9330e+01    164.268       3943  1027.9835  1027.9813    33.9369    33.9343    8.35046         24 0.0000e+00
    143.000    141.471    -1.2878  27.228989    -1.2893  27.226159     5.4276     5.4983    -0.0081    95.5610 1.0000e-12  -74.17536 -113.34424  27.368579      97.87 7.9330e+01    165.245       3967  1027.9876  1027.9860    33.9362    33.9341    8.34975         23 0.0000e+00
    144.000    142.460    -1.2865  27.230584    -1.2847  27.230479     5.4300     5.5053    -0.0132    95.5559 1.0000e-12  -74.17536 -113.34424  27.368591      95.34 7.9330e+01    166.232       3991  1027.9924  1027.9905    33.9363    33.9341    8.34946         24 0.0000e+00
    145.000    143.449    -1.2845  27.232222    -1.2834  27.231639     5.4359     5.5032    -0.0150    95.5559 1.0000e-12  -74.17536 -113.34424  27.368602      99.81 7.9330e+01    167.227       4014  1027.9967  1027.9950    33.9356    33.9337    8.34905         24 0.0000e+00
    146.000    144.438    -1.2909  27.227512    -1.2907  27.226136     5.4297     5.4982    -0.0192    95.5499 1.0000e-12  -74.17536 -113.34424  27.368613      99.86 7.9330e+01    168.204       4038  1028.0021  1028.0004    33.9359    33.9337    8.35048         23 0.0000e+00
    147.000    145.427    -1.2911  27.228099    -1.2904  27.227061     5.4210     5.4920    -0.0160    95.5495 1.0000e-12  -74.17536 -113.34424  27.368625      99.86 7.9330e+01    169.187       4061  1028.0073  1028.0055    33.9363    33.9340    8.35050         24 0.0000e+00
    148.000    146.417    -1.2785  27.240879    -1.2758  27.241275     5.3937     5.4732    -0.0099    95.5555 1.0000e-12  -74.17536 -113.34424  27.368636      99.87 7.9330e+01    170.174       4085  1028.0134  1028.0112    33.9388    33.9364    8.34752         23 0.0000e+00
    149.000    147.404    -1.2718  27.247026    -1.2700  27.246893     5.3771     5.4542    -0.0150    95.5516 1.0000e-12  -74.17536 -113.34424  27.368648      99.86 7.9330e+01    171.151       4109  1028.0181  1028.0161    33.9391    33.9368    8.34601         24 0.0000e+00
    150.000    148.395    -1.2540  27.263321    -1.2563  27.259881     5.3631     5.4499    -0.0150    95.5610 1.0000e-12  -74.17536 -113.34424  27.368659      99.87 7.9330e+01    172.123       4132  1028.0230  1028.0215    33.9407    33.9385    8.34195         23 0.0000e+00
    151.000    149.382    -1.2458  27.271031    -1.2425  27.272258     5.3357     5.4321    -0.0150    95.5484 1.0000e-12  -74.17536 -113.34424  27.368670      99.87 7.9330e+01    173.106       4156  1028.0279  1028.0261    33.9413    33.9392    8.34008         24 0.0000e+00
    152.000    150.371    -1.2414  27.275434    -1.2410  27.274108     5.3039     5.3997    -0.0150    95.5487 1.0000e-12  -74.17536 -113.34424  27.368681      99.87 7.9330e+01    174.074       4179  1028.0330  1028.0311    33.9417    33.9395    8.33907         23 0.0000e+00
    153.000    151.361    -1.2100  27.305302    -1.2254  27.288260     5.2861     5.3769    -0.0150    95.5543 1.0000e-12  -74.17536 -113.34424  27.368693      99.87 7.9330e+01    175.044       4202  1028.0396  1028.0360    33.9464    33.9406    8.33178         23 0.0000e+00
    154.000    152.350    -1.1899  27.322001    -1.1878  27.322174     5.2780     5.3609    -0.0150    95.5559 1.0000e-12  -74.17536 -113.34424  27.368704      99.86 7.9330e+01    176.038       4226  1028.0430  1028.0411    33.9459    33.9439    8.32734         24 0.0000e+00
    155.000    153.338    -1.1879  27.324172    -1.1855  27.324673     5.2790     5.3519    -0.0150    95.5441 1.0000e-12  -74.17536 -113.34424  27.368715      99.86 7.9330e+01    177.018       4249  1028.0480  1028.0462    33.9461    33.9440    8.32689         24 0.0000e+00
    156.000    154.327    -1.1855  27.327237    -1.1846  27.326286     5.2791     5.3556    -0.0150    95.5254 1.0000e-12  -74.17536 -113.34424  27.368727      90.92 7.9330e+01    177.990       4273  1028.0535  1028.0516    33.9468    33.9446    8.32630         23 0.0000e+00
    157.000    155.317    -1.1848  27.328058    -1.1835  27.327560     5.2856     5.3550    -0.0117    95.5333 1.0000e-12  -74.17536 -113.34424  27.368738      96.22 7.9330e+01    178.975       4296  1028.0583  1028.0564    33.9466    33.9444    8.32617         24 0.0000e+00
    158.000    156.304    -1.1875  27.326469    -1.1858  27.326269     5.2899     5.3579    -0.0071    95.5286 1.0000e-12  -74.17536 -113.34424  27.368749      99.73 7.9330e+01    179.948       4320  1028.0637  1028.0617    33.9469    33.9446    8.32676         23 0.0000e+00
    159.000    157.293    -1.1863  27.327935    -1.1857  27.326677     5.2950     5.3637    -0.0083    95.5263 1.0000e-12  -74.17536 -113.34424  27.368761      99.86 7.9330e+01    180.912       4343  1028.0685  1028.0665    33.9469    33.9445    8.32648         23 0.0000e+00
    160.000    158.283    -1.1905  27.324639    -1.1890  27.324415     5.2905     5.3637    -0.0220    95.5343 1.0000e-12  -74.17536 -113.34424  27.368772      99.87 7.9330e+01    181.894       4366  1028.0734  1028.0718    33.9465    33.9445    8.32744         23 0.0000e+00
    161.000    159.271    -1.1904  27.325122    -1.1881  27.325507     5.2973     5.3650    -0.0149    95.5159 1.0000e-12  -74.17536 -113.34424  27.368783      99.87 7.9330e+01    182.868       4390  1028.0782  1028.0765    33.9464    33.9444    8.32742         24 0.0000e+00
    162.000    160.261    -1.1902  27.325793    -1.1893  27.324914     5.3036     5.3757    -0.0147    95.5151 1.0000e-12  -74.17536 -113.34425  27.368794      99.87 7.9330e+01    183.832       4413  1028.0832  1028.0814    33.9465    33.9443    8.32737         23 0.0000e+00
    163.000    161.250    -1.1904  27.325976    -1.1895  27.325148     5.3150     5.3807    -0.0150    95.5128 1.0000e-12  -74.17536 -113.34425  27.368806      99.87 7.9330e+01    184.809       4436  1028.0880  1028.0862    33.9464    33.9442    8.32743         23 0.0000e+00
    164.000    162.238    -1.1968  27.320909    -1.1966  27.319736     5.3289     5.3908    -0.0101    95.5044 1.0000e-12  -74.17536 -113.34425  27.368817      99.87 7.9330e+01    185.773       4460  1028.0931  1028.0916    33.9461    33.9443    8.32888         24 0.0000e+00
    165.000    163.228    -1.2023  27.316985    -1.2018  27.315851     5.3425     5.3983    -0.0074    95.4999 1.0000e-12  -74.17536 -113.34425  27.368828      99.86 7.9330e+01    186.727       4482  1028.0984  1028.0966    33.9463    33.9441    8.33008         22 0.0000e+00
    166.000    164.216    -1.2079  27.312854    -1.2051  27.313783     5.3644     5.4151    -0.0074    95.4806 1.0000e-12  -74.17536 -113.34425  27.368839      99.87 7.9330e+01    187.698       4506  1028.1037  1028.1019    33.9464    33.9445    8.33133         24 0.0000e+00
    167.000    165.203    -1.2100  27.311764    -1.2079  27.311984     5.3890     5.4424    -0.0087    95.5210 1.0000e-12  -74.17536 -113.34425  27.368850      99.86 7.9330e+01    188.673       4529  1028.1087  1028.1070    33.9466    33.9445    8.33178         23 0.0000e+00
    168.000    166.194    -1.2244  27.300520    -1.2242  27.299653     5.4129     5.4618    -0.0147    95.5185 1.0000e-12  -74.17536 -113.34425  27.368862      99.87 7.9330e+01    189.635       4552  1028.1147  1028.1135    33.9469    33.9454    8.33497         23 0.0000e+00
    169.000    167.182    -1.2375  27.290487    -1.2363  27.290226     5.4449     5.4919    -0.0150    95.0817 1.0000e-12  -74.17536 -113.34425  27.368873      99.86 7.9330e+01    190.599       4575  1028.1207  1028.1193    33.9474    33.9457    8.33786         24 0.0000e+00
    170.000    168.172    -1.2478  27.282787    -1.2470  27.282382     5.4807     5.5368    -0.0069    95.4540 1.0000e-12  -74.17536 -113.34425  27.368884      92.40 7.9330e+01    191.564       4599  1028.1265  1028.1253    33.9479    33.9465    8.34013         23 0.0000e+00
    171.000    169.159    -1.2688  27.266484    -1.2682  27.266226     5.5103     5.5684    -0.0074    95.5196 1.0000e-12  -74.17536 -113.34426  27.368895      99.35 7.9330e+01    192.518       4621  1028.1331  1028.1323    33.9487    33.9477    8.34477         22 0.0000e+00
    172.000    170.150    -1.2890  27.251422    -1.2892  27.250263     5.5059     5.5679    -0.0074    95.5205 1.0000e-12  -74.17536 -113.34426  27.368906      99.79 7.9330e+01    193.475       4644  1028.1404  1028.1394    33.9503    33.9489    8.34919         24 0.0000e+00
    173.000    171.138    -1.2915  27.252359    -1.2909  27.251055     5.5008     5.5742    -0.0071    95.5185 1.0000e-12  -74.17536 -113.34426  27.368917      99.86 7.9330e+01    194.444       4668  1028.1480  1028.1459    33.9538    33.9513    8.34955         23 0.0000e+00
    174.000    172.126    -1.2802  27.266011    -1.2783  27.266042     5.5157     5.6004    -0.0128    95.5495 1.0000e-12  -74.17536 -113.34426  27.368928      99.86 7.9330e+01    195.406       4691  1028.1562  1028.1543    33.9592    33.9569    8.34671         23 0.0000e+00
    175.000    173.117    -1.2671  27.281551    -1.2648  27.282094     5.4514     5.5355    -0.0204    95.5521 1.0000e-12  -74.17536 -113.34426  27.368939      99.87 7.9330e+01    196.371       4714  1028.1646  1028.1630    33.9650    33.9631    8.34343         23 0.0000e+00
    176.000    174.103    -1.2546  27.296193    -1.2528  27.295763     5.3180     5.4107    -0.0149    95.5395 1.0000e-12  -74.17536 -113.34426  27.368951      99.87 7.9330e+01    197.354       4737  1028.1729  1028.1705    33.9703    33.9675    8.34033         23 0.0000e+00
    177.000    175.093    -1.1763  27.371090    -1.1677  27.373839     5.2397     5.3361    -0.0150    95.5512 1.0000e-12  -74.17536 -113.34426  27.368962      99.86 7.9330e+01    198.310       4760  1028.1830  1028.1776    33.9834    33.9774    8.32211         23 0.0000e+00
    178.000    176.081    -1.0583  27.475182    -1.0559  27.473591     5.2279     5.3227    -0.0150    95.5612 1.0000e-12  -74.17536 -113.34426  27.368973      99.87 7.9330e+01    199.264       4783  1028.1867  1028.1826    33.9915    33.9866    8.29546         23 0.0000e+00
    179.000    177.072    -1.0593  27.474798    -1.0598  27.473216     5.2420     5.3287    -0.0086    95.5591 1.0000e-12  -74.17536 -113.34426  27.368984      99.86 7.9330e+01    200.232       4807  1028.1922  1028.1910    33.9915    33.9899    8.29569         24 0.0000e+00
    180.000    178.058    -1.0747  27.464223    -1.0747  27.462539     5.2516     5.3339    -0.0178    95.5420 1.0000e-12  -74.17536 -113.34426  27.368995      99.86 7.9330e+01    201.193       4830  1028.2005  1028.1987    33.9939    33.9916    8.29895         22 0.0000e+00
    181.000    179.048    -1.0786  27.462293    -1.0741  27.464053     5.2597     5.3376    -0.0141    95.5398 1.0000e-12  -74.17536 -113.34426  27.369006      99.86 7.9330e+01    202.148       4853  1028.2068  1028.2044    33.9950    33.9923    8.29974         24 0.0000e+00
    182.000    180.038    -1.0695  27.470717    -1.0693  27.469192     5.2538     5.3192    -0.0109    95.5241 1.0000e-12  -74.17536 -113.34426  27.369018      99.86 7.9330e+01    203.122       4876  1028.2119  1028.2100    33.9956    33.9932    8.29770         23 0.0000e+00
