ocean_section_plots/required_files/ctd/dnbp2202_ctd026.cnv
* Sea-Bird SBE 9 Data File:
* FileName = D:\Data\raw\NBP2202_CTD026.hex
* Software Version Seasave V 7.26.7.121
* Temperature SN = 1649
* Conductivity SN = 2513
* Number of Bytes Per Scan = 40
* Number of Voltage Words = 5
* Number of Scans Averaged by the Deck Unit = 1
* NMEA Latitude = 74 13.90 S
* NMEA Longitude = 112 15.78 W
* NMEA UTC (Time) = Jan 21 2022  07:33:37
* NMEA baud rate = 9600
** Ship: RVIB N.B. Palmer
** Cruise: NBP2202 Thwaites
** Station: Tow-Yo #1
** Operator: B. Bjork
# nquan = 25
# nvalues = 1001                        
# units = specified
# name 0 = prDM: Pressure, Digiquartz [db]
# name 1 = depSM: Depth [salt water, m]
# name 2 = t090C: Temperature [ITS-90, deg C]
# name 3 = c0mS/cm: Conductivity [mS/cm]
# name 4 = t190C: Temperature, 2 [ITS-90, deg C]
# name 5 = c1mS/cm: Conductivity, 2 [mS/cm]
# name 6 = sbeox0ML/L: Oxygen, SBE 43 [ml/l]
# name 7 = sbeox1ML/L: Oxygen, SBE 43, 2 [ml/l]
# name 8 = flECO-AFL: Fluorescence, WET Labs ECO-AFL/FL [mg/m^3]
# name 9 = CStarTr0: Beam Transmission, WET Labs C-Star [%]
# name 10 = par: PAR/Irradiance, Biospherical/Licor
# name 11 = latitude: Latitude [deg]
# name 12 = longitude: Longitude [deg]
# name 13 = timeJ: Julian Days
# name 14 = altM: Altimeter [m]
# name 15 = spar: SPAR, Biospherical/Licor
# name 16 = timeS: Time, Elapsed [seconds]
# name 17 = scan: Scan Count
# name 18 = density00: Density [density, kg/m^3]
# name 19 = density11: Density, 2 [density, kg/m^3]
# name 20 = sal00: Salinity, Practical [PSU]
# name 21 = sal11: Salinity, Practical, 2 [PSU]
# name 22 = oxsolML/L: Oxygen Saturation, Garcia & Gordon [ml/l]
# name 23 = nbin: number of scans per bin
# name 24 = flag: flag
# span 0 =     10.000,   1010.000       
# span 1 =      9.898,    997.119       
# span 2 =    -1.5470,     0.5041       
# span 3 =  27.035848,  29.576058       
# span 4 =    -1.5459,     0.5062       
# span 5 =  27.035407,  29.576197       
# span 6 =     4.5798,     7.6759       
# span 7 =     4.8172,     8.0358       
# span 8 =    -0.0122,    11.5316       
# span 9 =    79.2006,    98.2262       
# span 10 = 1.0000e-12, 6.2456e+00      
# span 11 =  -74.23184,  -74.23144      
# span 12 = -112.26284, -112.25091      
# span 13 =  21.315564,  21.331188      
# span 14 =      -9.28,     100.42      
# span 15 = 4.8656e+02, 4.9562e+02      
# span 16 =     47.712,   1397.622      
# span 17 =       1146,      33544      
# span 18 =  1027.2394,  1032.4597      
# span 19 =  1027.2376,  1032.4576      
# span 20 =    33.8043,    34.5466      
# span 21 =    33.8020,    34.5441      
# span 22 =    7.93111,    8.40700      
# span 23 =         19,         47      
# span 24 = 0.0000e+00, 0.0000e+00      
# interval = decibars: 1                
# start_time = Jan 21 2022 07:33:37 [NMEA time, header]
# bad_flag = -9.990e-29
*END*
[from data line 522]
    532.000    525.817     0.0535  28.849413     0.0559  28.849324     4.7208     4.9738     0.0033    97.9561 1.0000e-12  -74.23164 -112.25615  21.324162      99.86 4.9014e+02    790.592      18975  1030.1167  1030.1143    34.3709    34.3681    8.03429         32 0.0000e+00
    533.000    526.804     0.0558  28.852385     0.0581  28.852064     4.7153     4.9723     0.0006    97.9459 1.0000e-12  -74.23164 -112.25613  21.324177      99.86 4.9008e+02    791.889      19006  1030.1219  1030.1193    34.3717    34.3687    8.03377         30 0.0000e+00
    534.000    527.792     0.0568  28.853807     0.0590  28.853369     4.7151     4.9665    -0.0013    97.9160 1.0000e-12  -74.23164 -112.25612  21.324192      99.86 4.9008e+02    793.199      19038  1030.1267  1030.1242    34.3719    34.3688    8.03355         32 0.0000e+00
    535.000    528.777     0.0592  28.856633     0.0615  28.856454     4.7128     4.9668     0.0050    97.9389 1.0000e-12  -74.23164 -112.25611  21.324207      99.86 4.9008e+02    794.497      19069  1030.1317  1030.1293    34.3723    34.3695    8.03302         31 0.0000e+00
    536.000    529.766     0.0621  28.860250     0.0647  28.860364     4.7128     4.9695    -0.0015    97.9275 1.0000e-12  -74.23164 -112.25610  21.324222      95.88 4.8996e+02    795.770      19099  1030.1370  1030.1346    34.3733    34.3705    8.03236         31 0.0000e+00
    537.000    530.752     0.0661  28.865130     0.0678  28.864143     4.7117     4.9662    -0.0055    97.9371 1.0000e-12  -74.23164 -112.25609  21.324237      93.26 4.9131e+02    797.067      19131  1030.1424  1030.1398    34.3746    34.3715    8.03144         31 0.0000e+00
    538.000    531.739     0.0692  28.869032     0.0716  28.868783     4.7133     4.9611    -0.0036    97.9200 1.0000e-12  -74.23164 -112.25608  21.324252      99.90 4.9333e+02    798.362      19162  1030.1479  1030.1452    34.3758    34.3728    8.03074         30 0.0000e+00
    539.000    532.726     0.0772  28.878556     0.0798  28.878596     4.7092     4.9639     0.0053    97.9307 1.0000e-12  -74.23164 -112.25606  21.324267      99.86 4.9091e+02    799.636      19192  1030.1542  1030.1518    34.3787    34.3759    8.02888         31 0.0000e+00
    540.000    533.714     0.0777  28.879479     0.0799  28.879031     4.7077     4.9674    -0.0078    97.9231 1.0000e-12  -74.23164 -112.25605  21.324282      99.86 4.9007e+02    800.925      19223  1030.1591  1030.1565    34.3789    34.3758    8.02878         31 0.0000e+00
    541.000    534.701     0.0796  28.882025     0.0817  28.881609     4.7026     4.9653    -0.0008    97.8989 1.0000e-12  -74.23164 -112.25604  21.324296      99.86 4.9008e+02    802.217      19254  1030.1642  1030.1617    34.3794    34.3765    8.02834         31 0.0000e+00
    542.000    535.688     0.0801  28.883032     0.0824  28.882785     4.7060     4.9650    -0.0014    97.8874 1.0000e-12  -74.23164 -112.25602  21.324311      99.87 4.9008e+02    803.489      19285  1030.1691  1030.1666    34.3797    34.3768    8.02823         30 0.0000e+00
    543.000    536.674     0.0811  28.884529     0.0832  28.884044     4.7060     4.9585    -0.0011    97.9273 1.0000e-12  -74.23164 -112.25602  21.324326      99.86 4.9008e+02    804.778      19316  1030.1740  1030.1715    34.3800    34.3770    8.02801         33 0.0000e+00
    544.000    537.664     0.0848  28.889079     0.0871  28.888838     4.7076     4.9597    -0.0019    97.9285 1.0000e-12  -74.23164 -112.25601  21.324341      99.86 4.9008e+02    806.065      19347  1030.1795  1030.1769    34.3813    34.3783    8.02717         29 0.0000e+00
    545.000    538.648     0.0856  28.890324     0.0874  28.889595     4.7091     4.9636    -0.0016    97.9157 1.0000e-12  -74.23164 -112.25600  21.324356      91.55 4.9008e+02    807.321      19377  1030.1843  1030.1817    34.3813    34.3784    8.02698         30 0.0000e+00
    546.000    539.635     0.0852  28.890387     0.0877  28.890185     4.7063     4.9634    -0.0087    97.9038 1.0000e-12  -74.23164 -112.25598  21.324370      57.06 4.9094e+02    808.603      19407  1030.1890  1030.1864    34.3813    34.3783    8.02707         31 0.0000e+00
    547.000    540.623     0.0857  28.891233     0.0877  28.890768     4.7079     4.9628    -0.0008    97.9134 1.0000e-12  -74.23164 -112.25597  21.324385      94.08 4.9048e+02    809.903      19439  1030.1937  1030.1912    34.3813    34.3784    8.02697         30 0.0000e+00
    548.000    541.611     0.0871  28.893399     0.0898  28.893403     4.7034     4.9613    -0.0016    97.9252 1.0000e-12  -74.23164 -112.25596  21.324400      99.82 4.9008e+02    811.180      19469  1030.1989  1030.1963    34.3819    34.3790    8.02663         30 0.0000e+00
    549.000    542.597     0.0876  28.894261     0.0903  28.894423     4.7095     4.9591    -0.0011    97.9283 1.0000e-12  -74.23164 -112.25595  21.324415      99.87 4.9008e+02    812.465      19500  1030.2036  1030.2011    34.3820    34.3791    8.02653         32 0.0000e+00
    550.000    543.585     0.0891  28.896299     0.0918  28.896504     4.7097     4.9579    -0.0004    97.9279 1.0000e-12  -74.23164 -112.25594  21.324430      99.86 4.9008e+02    813.757      19531  1030.2086  1030.2061    34.3824    34.3797    8.02620         30 0.0000e+00
    551.000    544.571     0.0913  28.899114     0.0935  28.898793     4.7053     4.9587    -0.0004    97.9432 1.0000e-12  -74.23164 -112.25593  21.324445      99.87 4.9008e+02    815.011      19561  1030.2136  1030.2112    34.3831    34.3802    8.02570         30 0.0000e+00
    552.000    545.557     0.0912  28.899458     0.0935  28.899209     4.7076     4.9607    -0.0015    97.9208 1.0000e-12  -74.23164 -112.25592  21.324459      99.86 4.8995e+02    816.281      19592  1030.2184  1030.2159    34.3830    34.3802    8.02572         30 0.0000e+00
    553.000    546.546     0.0919  28.900785     0.0944  28.900663     4.7005     4.9605    -0.0091    97.9243 1.0000e-12  -74.23164 -112.25590  21.324474      99.87 4.9008e+02    817.572      19623  1030.2233  1030.2208    34.3834    34.3805    8.02555         32 0.0000e+00
    554.000    547.533     0.0942  28.903621     0.0961  28.902987     4.7052     4.9613    -0.0093    97.9291 1.0000e-12  -74.23164 -112.25589  21.324489      99.86 4.9152e+02    818.845      19653  1030.2283  1030.2258    34.3840    34.3810    8.02504         28 0.0000e+00
    555.000    548.519     0.0979  28.908290     0.0994  28.907200     4.7036     4.9594    -0.0052    97.9374 1.0000e-12  -74.23164 -112.25588  21.324504      99.87 4.9053e+02    820.125      19684  1030.2339  1030.2312    34.3855    34.3823    8.02419         30 0.0000e+00
    556.000    549.506     0.1029  28.914263     0.1051  28.913868     4.6965     4.9509     0.0047    97.9348 1.0000e-12  -74.23164 -112.25586  21.324519      76.84 4.8991e+02    821.402      19715  1030.2395  1030.2370    34.3871    34.3842    8.02304         32 0.0000e+00
    557.000    550.493     0.1058  28.917879     0.1081  28.917653     4.6972     4.9539    -0.0004    97.9400 1.0000e-12  -74.23164 -112.25586  21.324533      90.06 4.9062e+02    822.657      19745  1030.2447  1030.2422    34.3881    34.3852    8.02239         29 0.0000e+00
    558.000    551.481     0.1064  28.918982     0.1086  28.918575     4.6933     4.9567    -0.0086    97.9431 1.0000e-12  -74.23164 -112.25585  21.324548      97.41 4.9070e+02    823.918      19775  1030.2496  1030.2471    34.3882    34.3853    8.02225         31 0.0000e+00
    559.000    552.467     0.1058  28.918554     0.1085  28.918920     4.6995     4.9573     0.0032    97.9563 1.0000e-12  -74.23164 -112.25584  21.324563      99.89 4.9019e+02    825.203      19806  1030.2541  1030.2518    34.3878    34.3852    8.02241         30 0.0000e+00
    560.000    553.455     0.1071  28.920477     0.1093  28.920163     4.6978     4.9573     0.0090    97.9675 1.0000e-12  -74.23164 -112.25582  21.324577      99.87 4.9008e+02    826.455      19836  1030.2591  1030.2566    34.3883    34.3854    8.02211         30 0.0000e+00
    561.000    554.441     0.1074  28.921308     0.1098  28.921133     4.7032     4.9548    -0.0085    97.9713 1.0000e-12  -74.23164 -112.25581  21.324592      99.86 4.9019e+02    827.717      19866  1030.2639  1030.2614    34.3885    34.3855    8.02203         31 0.0000e+00
    562.000    555.428     0.1087  28.923168     0.1107  28.922598     4.7007     4.9520    -0.0122    97.9562 1.0000e-12  -74.23164 -112.25580  21.324607      99.86 4.9255e+02    829.015      19897  1030.2689  1030.2664    34.3889    34.3859    8.02174         31 0.0000e+00
    563.000    556.415     0.1137  28.929180     0.1157  28.928697     4.6970     4.9502    -0.0025    97.9881 1.0000e-12  -74.23164 -112.25580  21.324621      99.86 4.9119e+02    830.277      19928  1030.2745  1030.2721    34.3906    34.3877    8.02059         30 0.0000e+00
    564.000    557.403     0.1165  28.932624     0.1187  28.932466     4.6962     4.9517    -0.0079    97.9838 1.0000e-12  -74.23164 -112.25578  21.324636      99.87 4.9065e+02    831.530      19958  1030.2797  1030.2774    34.3915    34.3887    8.01997         31 0.0000e+00
    565.000    558.389     0.1168  28.933473     0.1189  28.933027     4.6983     4.9537    -0.0005    97.9673 1.0000e-12  -74.23164 -112.25577  21.324651      99.86 4.9060e+02    832.822      19989  1030.2846  1030.2821    34.3917    34.3888    8.01989         31 0.0000e+00
    566.000    559.376     0.1168  28.933867     0.1190  28.933580     4.6979     4.9472     0.0016    97.9693 1.0000e-12  -74.23166 -112.25576  21.324665      99.86 4.9184e+02    834.087      20019  1030.2892  1030.2869    34.3915    34.3888    8.01989         29 0.0000e+00
    567.000    560.363     0.1175  28.935202     0.1198  28.934987     4.6988     4.9507     0.0034    97.9771 1.0000e-12  -74.23166 -112.25574  21.324680      78.44 4.9184e+02    835.329      20049  1030.2942  1030.2918    34.3919    34.3891    8.01972         31 0.0000e+00
    568.000    561.350     0.1177  28.935755     0.1197  28.935371     4.6979     4.9478    -0.0021    97.9776 1.0000e-12  -74.23166 -112.25574  21.324694      91.35 4.9184e+02    836.602      20079  1030.2990  1030.2965    34.3919    34.3891    8.01969         30 0.0000e+00
    569.000    562.337     0.1177  28.936247     0.1199  28.936024     4.6952     4.9505     0.0048    97.9232 1.0000e-12  -74.23166 -112.25573  21.324709      99.58 4.9153e+02    837.863      20110  1030.3037  1030.3014    34.3919    34.3892    8.01968         30 0.0000e+00
    570.000    563.324     0.1181  28.937138     0.1201  28.936679     4.6946     4.9493    -0.0074    97.9647 1.0000e-12  -74.23166 -112.25570  21.324723      99.86 4.9143e+02    839.102      20139  1030.3085  1030.3060    34.3920    34.3892    8.01959         30 0.0000e+00
    571.000    564.310     0.1182  28.937691     0.1204  28.937335     4.6971     4.9514    -0.0023    97.9539 1.0000e-12  -74.23166 -112.25570  21.324738      99.86 4.9150e+02    840.373      20170  1030.3132  1030.3108    34.3921    34.3891    8.01957         31 0.0000e+00
    572.000    565.297     0.1188  28.938724     0.1212  28.938626     4.6979     4.9525    -0.0099    97.9749 1.0000e-12  -74.23166 -112.25569  21.324753      99.86 4.9207e+02    841.640      20200  1030.3181  1030.3156    34.3923    34.3894    8.01944         30 0.0000e+00
    573.000    566.285     0.1210  28.941627     0.1232  28.941390     4.6940     4.9496    -0.0087    97.9556 1.0000e-12  -74.23166 -112.25568  21.324767      99.86 4.9138e+02    842.880      20230  1030.3231  1030.3207    34.3930    34.3902    8.01893         30 0.0000e+00
    574.000    567.271     0.1237  28.945127     0.1258  28.944759     4.6916     4.9438    -0.0014    97.9699 1.0000e-12  -74.23166 -112.25568  21.324782      99.86 4.9102e+02    844.143      20260  1030.3284  1030.3260    34.3940    34.3911    8.01832         30 0.0000e+00
    575.000    568.259     0.1258  28.947944     0.1282  28.947855     4.6926     4.9424     0.0067    97.9803 1.0000e-12  -74.23166 -112.25566  21.324796      99.86 4.9108e+02    845.409      20291  1030.3336  1030.3312    34.3948    34.3920    8.01783         30 0.0000e+00
    576.000    569.245     0.1270  28.949661     0.1292  28.949448     4.6874     4.9402     0.0069    97.9724 1.0000e-12  -74.23166 -112.25564  21.324811      99.86 4.9143e+02    846.654      20321  1030.3385  1030.3361    34.3951    34.3923    8.01756         30 0.0000e+00
    577.000    570.232     0.1313  28.954955     0.1342  28.955410     4.6837     4.9446     0.0067    97.9430 1.0000e-12  -74.23166 -112.25564  21.324825      94.37 4.9036e+02    847.919      20351  1030.3441  1030.3417    34.3967    34.3941    8.01658         31 0.0000e+00
    578.000    571.220     0.1434  28.969048     0.1464  28.969592     4.6828     4.9438     0.0031    97.9422 1.0000e-12  -74.23166 -112.25562  21.324840      89.23 4.9031e+02    849.203      20382  1030.3511  1030.3489    34.4011    34.3985    8.01380         31 0.0000e+00
    579.000    572.206     0.1506  28.977408     0.1527  28.977051     4.6852     4.9351    -0.0066    97.9673 1.0000e-12  -74.23166 -112.25562  21.324855      99.79 4.9129e+02    850.448      20412  1030.3572  1030.3548    34.4035    34.4007    8.01216         29 0.0000e+00
    580.000    573.193     0.1529  28.980456     0.1551  28.980164     4.6841     4.9324     0.0053    97.9755 1.0000e-12  -74.23166 -112.25561  21.324869      99.86 4.9099e+02    851.710      20442  1030.3625  1030.3600    34.4044    34.4015    8.01164         31 0.0000e+00
    581.000    574.180     0.1539  28.981985     0.1561  28.981684     4.6799     4.9355     0.0011    97.9682 1.0000e-12  -74.23166 -112.25559  21.324884      99.87 4.9096e+02    852.979      20473  1030.3675  1030.3650    34.4047    34.4018    8.01142         30 0.0000e+00
    582.000    575.166     0.1551  28.983761     0.1573  28.983543     4.6812     4.9331    -0.0038    97.9596 1.0000e-12  -74.23166 -112.25558  21.324898      99.86 4.9119e+02    854.224      20502  1030.3725  1030.3701    34.4051    34.4023    8.01114         30 0.0000e+00
    583.000    576.154     0.1570  28.986362     0.1597  28.986682     4.6827     4.9322    -0.0077    97.9747 1.0000e-12  -74.23166 -112.25558  21.324913      99.87 4.9087e+02    855.466      20532  1030.3777  1030.3753    34.4058    34.4032    8.01071         29 0.0000e+00
    584.000    577.140     0.1582  28.988063     0.1603  28.987739     4.6827     4.9343    -0.0089    97.9462 1.0000e-12  -74.23166 -112.25555  21.324927      99.86 4.9048e+02    856.712      20562  1030.3826  1030.3802    34.4061    34.4034    8.01044         30 0.0000e+00
    585.000    578.127     0.1594  28.989964     0.1614  28.989318     4.6795     4.9356    -0.0079    97.9338 1.0000e-12  -74.23166 -112.25554  21.324941      99.87 4.9008e+02    857.945      20592  1030.3876  1030.3851    34.4067    34.4036    8.01015         30 0.0000e+00
    586.000    579.114     0.1611  28.992143     0.1632  28.991805     4.6765     4.9358    -0.0009    97.9529 1.0000e-12  -74.23166 -112.25554  21.324956      99.85 4.9008e+02    859.199      20622  1030.3926  1030.3902    34.4071    34.4043    8.00978         31 0.0000e+00
    587.000    580.101     0.1620  28.993724     0.1640  28.993141     4.6764     4.9344    -0.0040    97.9460 1.0000e-12  -74.23166 -112.25552  21.324971      90.24 4.9008e+02    860.463      20652  1030.3976  1030.3951    34.4075    34.4045    8.00956         30 0.0000e+00
    588.000    581.088     0.1656  28.998359     0.1680  28.998188     4.6791     4.9315     0.0031    97.9234 1.0000e-12  -74.23166 -112.25551  21.324985      80.32 4.9008e+02    861.696      20682  1030.4032  1030.4008    34.4090    34.4062    8.00872         29 0.0000e+00
