ocean_section_plots/required_files/ctd/dnbp2202_ctd187.cnv
* Sea-Bird SBE 9 Data File:
* FileName = D:\Data\raw\NBP2202_CTD187.hex
* Software Version Seasave V 7.26.7.121
* Temperature SN = 1649
* Conductivity SN = 2513
* Number of Bytes Per Scan = 40
* Number of Voltage Words = 5
* Number of Scans Averaged by the Deck Unit = 1
* NMEA Latitude = 74 10.22 S
* NMEA Longitude = 113 23.05 W
* NMEA UTC (Time) = Feb 07 2022  07:55:43
* NMEA baud rate = 9600
** Ship: RVIB N.B. Palmer
** Cruise: NBP2202 Thwaites
** Station: 108
** Operator: B Bjork
# nquan = 28
# nvalues = 298                         
# units = specified
# name 0 = prDM: Pressure, Digiquartz [db]
# name 1 = depSM: Depth [salt water, m]
# name 2 = t090C: Temperature [ITS-90, deg C]
# name 3 = c0mS/cm: Conductivity [mS/cm]
# name 4 = t190C: Temperature, 2 [ITS-90, deg C]
# name 5 = c1mS/cm: Conductivity, 2 [mS/cm]
# name 6 = sbeox0ML/L: Oxygen, SBE 43 [ml/l]
# name 7 = sbeox1ML/L: Oxygen, SBE 43, 2 [ml/l]
# name 8 = flECO-AFL: Fluorescence, WET Labs ECO-AFL/FL [mg/m^3]
# name 9 = CStarTr0: Beam Transmission, WET Labs C-Star [%]
# name 10 = par: PAR/Irradiance, Biospherical/Licor
# name 11 = latitude: Latitude [deg]
# name 12 = longitude: Longitude [deg]
# name 13 = timeJ: Julian Days
# name 14 = altM: Altimeter [m]
# name 15 = spar: SPAR, Biospherical/Licor
# name 16 = timeS: Time, Elapsed [seconds]
# name 17 = scan: Scan Count
# name 18 = density00: Density [density, kg/m^3]
# name 19 = density11: Density, 2 [density, kg/m^3]
# name 20 = v3: Voltage 3
# name 21 = v4: Voltage 4
# name 22 = v5: Voltage 5
# name 23 = sal00: Salinity, Practical [PSU]
# name 24 = sal11: Salinity, Practical, 2 [PSU]
# name 25 = oxsolML/L: Oxygen Saturation, Garcia & Gordon [ml/l]
# name 26 = nbin: number of scans per bin
# name 27 = flag: flag
# span 0 =      2.000,    299.000       
# span 1 =      1.982,    295.684       
# span 2 =    -1.4126,    -0.6365       
# span 3 =  27.035155,  27.971099       
# span 4 =    -1.4117,    -0.6336       
# span 5 =  27.035124,  27.971603       
# span 6 =     4.9506,     8.9080       
# span 7 =     5.0741,     9.2085       
# span 8 =    -0.0225,    24.6759       
# span 9 =    75.0558,    98.4569       
# span 10 = -4.120e-05, 6.3156e+00      
# span 11 =  -74.17036,  -74.17034      
# span 12 = -113.38420, -113.38414      
# span 13 =  38.332849,  38.337550      
# span 14 =       7.48,     100.88      
# span 15 = 2.4680e+01, 3.3512e+01      
# span 16 =    215.171,    621.342      
# span 17 =       5165,      14913      
# span 18 =  1027.1754,  1028.8485      
# span 19 =  1027.1741,  1028.8463      
# span 20 =     3.5620,     4.6706      
# span 21 =     0.0640,     3.2952      
# span 22 =     0.1249,     0.2682      
# span 23 =    33.7870,    34.1153      
# span 24 =    33.7853,    34.1128      
# span 25 =    8.19590,    8.38243      
# span 26 =         17,         48      
# span 27 = 0.0000e+00, 0.0000e+00      
# interval = decibars: 1                
# start_time = Feb 07 2022 07:55:43 [NMEA time, header]
# bad_flag = -9.990e-29
*END*
[from data line 259]
    261.000    258.135    -0.7175  27.866687    -0.7159  27.866268     4.9854     5.1144    -0.0131    98.3180 1.0000e-12  -74.17034 -113.38418  38.336575      43.65 3.2432e+01    537.062      12890  1028.6488  1028.6468     4.6640     0.0644     0.1311    34.0871    34.0848    8.21513         23 0.0000e+00
    262.000    259.124    -0.7155  27.869148    -0.7141  27.868677     4.9881     5.1154    -0.0045    98.3296 1.0000e-12  -74.17034 -113.38418  38.336586      42.61 3.1943e+01    538.041      12914  1028.6539  1028.6520     4.6646     0.0660     0.1296    34.0876    34.0854    8.21467         24 0.0000e+00
    263.000    260.113    -0.7175  27.867476    -0.7154  27.867531     4.9847     5.1113    -0.0120    98.3532 1.0000e-12  -74.17034 -113.38418  38.336598      41.60 3.2324e+01    539.032      12938  1028.6584  1028.6565     4.6656     0.0660     0.1323    34.0869    34.0847    8.21513         24 0.0000e+00
    264.000    261.101    -0.7166  27.869193    -0.7141  27.869431     4.9831     5.1163    -0.0053    98.3371 1.0000e-12  -74.17034 -113.38418  38.336609      40.53 3.1482e+01    540.036      12962  1028.6637  1028.6616     4.6649     0.0645     0.1303    34.0876    34.0852    8.21489         26 0.0000e+00
    265.000    262.090    -0.7026  27.885162    -0.7010  27.883985     4.9883     5.1167    -0.0106    98.3347 1.0000e-12  -74.17034 -113.38418  38.336623      39.34 3.1892e+01    541.257      12991  1028.6717  1028.6689     4.6648     0.0650     0.1329    34.0927    34.0894    8.21155         32 0.0000e+00
    266.000    263.077    -0.6996  27.889180    -0.6976  27.889015     4.9946     5.1159    -0.0077    98.3351 1.0000e-12  -74.17034 -113.38418  38.336640      38.23 3.0727e+01    542.664      13025  1028.6776  1028.6755     4.6648     0.0649     0.1303    34.0942    34.0917    8.21082         35 0.0000e+00
    267.000    264.065    -0.6994  27.889913    -0.6975  27.889712     4.9901     5.1138    -0.0182    98.3393 1.0000e-12  -74.17034 -113.38418  38.336656      37.24 3.1686e+01    544.073      13059  1028.6826  1028.6806     4.6650     0.0652     0.1314    34.0944    34.0920    8.21076         31 0.0000e+00
    268.000    265.054    -0.7018  27.887851    -0.7003  27.887299     4.9874     5.1089    -0.0162    98.3322 1.0000e-12  -74.17034 -113.38418  38.336672      36.24 3.2094e+01    545.484      13093  1028.6872  1028.6851     4.6647     0.0647     0.1313    34.0937    34.0913    8.21133         33 0.0000e+00
    269.000    266.043    -0.7017  27.888294    -0.7008  27.887098     4.9834     5.1067    -0.0196    98.3233 1.0000e-12  -74.17034 -113.38418  38.336689      35.20 3.1722e+01    546.910      13127  1028.6919  1028.6897     4.6643     0.0650     0.1327    34.0936    34.0910    8.21132         31 0.0000e+00
    270.000    267.032    -0.6962  27.894696    -0.6974  27.891301     4.9705     5.1065    -0.0052    98.3245 1.0000e-12  -74.17034 -113.38418  38.336703      34.20 3.1732e+01    548.123      13156  1028.6978  1028.6953     4.6643     0.0652     0.1300    34.0955    34.0922    8.21002         29 0.0000e+00
    271.000    268.019    -0.6859  27.906166    -0.6860  27.903443     4.9805     5.0991    -0.0180    98.3321 1.0000e-12  -74.17034 -113.38418  38.336717      33.29 3.1732e+01    549.355      13186  1028.7045  1028.7017     4.6647     0.0641     0.1294    34.0987    34.0951    8.20759         30 0.0000e+00
    272.000    269.008    -0.6784  27.914231    -0.6790  27.911636     4.9712     5.1004    -0.0141    98.3364 1.0000e-12  -74.17034 -113.38418  38.336731      32.19 3.1267e+01    550.590      13215  1028.7103  1028.7080     4.6649     0.0654     0.1298    34.1005    34.0976    8.20585         30 0.0000e+00
    273.000    269.997    -0.6795  27.913603    -0.6777  27.913284     4.9724     5.1027    -0.0143    98.3254 1.0000e-12  -74.17034 -113.38418  38.336746      31.16 3.0971e+01    551.843      13245  1028.7150  1028.7129     4.6643     0.0659     0.1305    34.1003    34.0978    8.20610         30 0.0000e+00
    274.000    270.985    -0.6758  27.917928    -0.6738  27.917931     4.9741     5.0970    -0.0125    98.3292 1.0000e-12  -74.17034 -113.38418  38.336762      30.90 3.1578e+01    553.203      13278  1028.7205  1028.7185     4.6646     0.0656     0.1306    34.1013    34.0990    8.20524         35 0.0000e+00
    275.000    271.973    -0.6777  27.916346    -0.6760  27.915852     4.9734     5.0968    -0.0123    98.3226 1.0000e-12  -74.17034 -113.38418  38.336779      29.09 3.1365e+01    554.699      13314  1028.7250  1028.7228     4.6642     0.0662     0.1307    34.1007    34.0981    8.20568         38 0.0000e+00
    276.000    272.962    -0.6745  27.920250    -0.6724  27.919953     4.9739     5.0995    -0.0082    98.3133 1.0000e-12  -74.17034 -113.38418  38.336797      28.80 3.1195e+01    556.253      13351  1028.7305  1028.7282     4.6638     0.0657     0.1309    34.1018    34.0991    8.20493         36 0.0000e+00
    277.000    273.950    -0.6729  27.922452    -0.6718  27.921132     4.9746     5.0890    -0.0041    98.3197 1.0000e-12  -74.17034 -113.38418  38.336815      27.84 3.1024e+01    557.779      13388  1028.7356  1028.7332     4.6641     0.0664     0.1323    34.1023    34.0993    8.20455         35 0.0000e+00
    278.000    274.938    -0.6712  27.924833    -0.6694  27.924343     4.9683     5.0952     0.0014    98.3263 1.0000e-12  -74.17034 -113.38418  38.336833      27.14 3.1450e+01    559.359      13426  1028.7409  1028.7386     4.6644     0.0659     0.1309    34.1030    34.1003    8.20413         36 0.0000e+00
    279.000    275.925    -0.6705  27.925990    -0.6682  27.926021     4.9706     5.0959    -0.0098    98.3279 1.0000e-12  -74.17034 -113.38418  38.336852      26.84 3.0529e+01    561.018      13465  1028.7458  1028.7436     4.6645     0.0676     0.1351    34.1032    34.1006    8.20398         34 0.0000e+00
    280.000    276.914    -0.6689  27.928194    -0.6672  27.927672     4.9686     5.0946    -0.0164    98.3231 1.0000e-12  -74.17034 -113.38418  38.336873      25.91 3.0057e+01    562.806      13508  1028.7511  1028.7488     4.6643     0.0658     0.1323    34.1038    34.1011    8.20361         36 0.0000e+00
    281.000    277.903    -0.6680  27.929632    -0.6660  27.929301     4.9668     5.0914    -0.0164    98.3289 1.0000e-12  -74.17034 -113.38418  38.336895      24.44 3.1335e+01    564.717      13554  1028.7560  1028.7537     4.6646     0.0666     0.1316    34.1041    34.1014    8.20339         38 0.0000e+00
    282.000    278.892    -0.6668  27.931482    -0.6658  27.929964     4.9695     5.0929    -0.0084    98.3228 1.0000e-12  -74.17034 -113.38418  38.336917      24.15 3.0276e+01    566.624      13600  1028.7612  1028.7586     4.6642     0.0660     0.1316    34.1046    34.1014    8.20310         32 0.0000e+00
    283.000    279.880    -0.6649  27.934138    -0.6634  27.933199     4.9655     5.0927    -0.0049    98.3049 1.0000e-12  -74.17034 -113.38418  38.336939      23.20 3.0329e+01    568.548      13646  1028.7665  1028.7641     4.6634     0.0674     0.1316    34.1054    34.1025    8.20263         44 0.0000e+00
    284.000    280.867    -0.6617  27.938044    -0.6618  27.935393     4.9631     5.0931    -0.0162    98.3008 1.0000e-12  -74.17034 -113.38418  38.336963      22.29 3.1410e+01    570.636      13696  1028.7719  1028.7692     4.6632     0.0650     0.1321    34.1065    34.1031    8.20188         44 0.0000e+00
    285.000    281.856    -0.6629  27.937052    -0.6612  27.936460     4.9687     5.0939    -0.0086    98.3294 1.0000e-12  -74.17034 -113.38418  38.336989      21.27 3.0941e+01    572.821      13749  1028.7764  1028.7741     4.6645     0.0661     0.1330    34.1059    34.1032    8.20217         38 0.0000e+00
    286.000    282.845    -0.6619  27.938883    -0.6606  27.937721     4.9665     5.0937    -0.0133    98.3325 1.0000e-12  -74.17034 -113.38418  38.337019      20.01 3.0406e+01    575.411      13811  1028.7816  1028.7792     4.6647     0.0666     0.1317    34.1066    34.1036    8.20191         39 0.0000e+00
    287.000    283.832    -0.6620  27.939013    -0.6606  27.938066     4.9642     5.0840     0.0357    98.3132 1.0000e-12  -74.17034 -113.38418  38.337059      19.06 3.1351e+01    578.938      13896  1028.7862  1028.7839     4.6638     0.0668     0.1327    34.1063    34.1035    8.20195         41 0.0000e+00
    288.000    284.820    -0.6554  27.946843    -0.6558  27.943766     4.9580     5.0868     0.0164    98.3016 1.0000e-12  -74.17034 -113.38418  38.337091      18.00 3.0600e+01    581.640      13960  1028.7926  1028.7896     4.6632     0.0665     0.1336    34.1088    34.1051    8.20038         48 0.0000e+00
    289.000    285.810    -0.6485  27.954960    -0.6512  27.949280     4.9548     5.0844     0.0171    98.3017 1.0000e-12  -74.17034 -113.38418  38.337121      17.11 3.0232e+01    584.292      14024  1028.7989  1028.7955     4.6633     0.0679     0.1339    34.1114    34.1068    8.19874         41 0.0000e+00
    290.000    286.798    -0.6440  27.960041    -0.6434  27.958182     4.9547     5.0831    -0.0044    98.2976 1.0000e-12  -74.17034 -113.38416  38.337152      16.32 3.1142e+01    586.960      14088  1028.8045  1028.8018     4.6631     0.0663     0.1330    34.1126    34.1094    8.19770         38 0.0000e+00
    291.000    287.786    -0.6401  27.964817    -0.6390  27.963476     4.9564     5.0789    -0.0116    98.3052 1.0000e-12  -74.17034 -113.38416  38.337191      15.06 3.0549e+01    590.264      14167  1028.8102  1028.8077     4.6634     0.0671     0.1333    34.1140    34.1110    8.19677         38 0.0000e+00
    292.000    288.774    -0.6421  27.962977    -0.6396  27.963289     4.9559     5.0804    -0.0061    98.2827 1.0000e-12  -74.17034 -113.38416  38.337236      14.17 2.8349e+01    594.227      14262  1028.8145  1028.8125     4.6624     0.0665     0.1342    34.1132    34.1108    8.19725         39 0.0000e+00
    293.000    289.763    -0.6444  27.960821    -0.6415  27.961560     4.9556     5.0763     0.0493    98.2939 1.0000e-12  -74.17034 -113.38416  38.337275      13.46 2.9204e+01    597.566      14343  1028.8187  1028.8167     4.6630     0.0682     0.1329    34.1122    34.1099    8.19780         37 0.0000e+00
    294.000    290.754    -0.6444  27.960911    -0.6428  27.960413     4.9530     5.0840    -0.0176    98.2938 1.0000e-12  -74.17034 -113.38416  38.337313      12.20 2.8887e+01    600.874      14422  1028.8232  1028.8211     4.6629     0.0664     0.1321    34.1118    34.1093    8.19783         34 0.0000e+00
    295.000    291.736    -0.6418  27.964801    -0.6399  27.964351     4.9562     5.0780    -0.0084    98.2754 1.0000e-12  -74.17034 -113.38416  38.337351      11.77 2.9427e+01    604.148      14501  1028.8291  1028.8268     4.6619     0.0675     0.1344    34.1134    34.1108    8.19716         34 0.0000e+00
    296.000    292.729    -0.6365  27.971099    -0.6336  27.971603     4.9534     5.0758    -0.0114    98.2909 1.0000e-12  -74.17034 -113.38416  38.337390      10.70 2.9817e+01    607.483      14581  1028.8350  1028.8327     4.6628     0.0678     0.1335    34.1153    34.1128    8.19590         32 0.0000e+00
    297.000    293.716    -0.6377  27.970062    -0.6360  27.969403     4.9506     5.0741    -0.0121    98.2684 1.0000e-12  -74.17034 -113.38416  38.337428       9.65 2.9151e+01    610.812      14660  1028.8394  1028.8371     4.6618     0.0677     0.1333    34.1147    34.1120    8.19620         35 0.0000e+00
    298.000    294.703    -0.6394  27.968550    -0.6373  27.968476     4.9530     5.0798    -0.0147    98.2900 1.0000e-12  -74.17034 -113.38416  38.337465       8.60 2.9057e+01    613.979      14736  1028.8438  1028.8417     4.6627     0.0677     0.1329    34.1140    34.1115    8.19661         27 0.0000e+00
    299.000    295.684    -0.6393  27.969014    -0.6377  27.968501     4.9541     5.0832    -0.0157    98.2816 1.0000e-12  -74.17034 -113.38416  38.337550       7.48 2.8798e+01    621.342      14913  1028.8485  1028.8463     4.6623     0.0664     0.1330    34.1139    34.1114    8.19660         17 0.0000e+00
