ocean_section_plots/required_files/ctd/dnbp2202_ctd171.cnv
* Sea-Bird SBE 9 Data File:
* FileName = D:\Data\raw\NBP2202_CTD171.hex
* Software Version Seasave V 7.26.7.121
* Temperature SN = 1649
* Conductivity SN = 2513
* Number of Bytes Per Scan = 40
* Number of Voltage Words = 5
* Number of Scans Averaged by the Deck Unit = 1
* NMEA Latitude = 74 09.75 S
* NMEA Longitude = 110 30.68 W
* NMEA UTC (Time) = Feb 03 2022  14:25:53
* NMEA baud rate = 9600
** Ship: RVIB N.B. Palmer
** Cruise: NBP2202 Thwaites
** Station: 93
** Operator: B Bjork
# nquan = 28
# nvalues = 509                         
# units = specified
# name 0 = prDM: Pressure, Digiquartz [db]
# name 1 = depSM: Depth [salt water, m]
# name 2 = t090C: Temperature [ITS-90, deg C]
# name 3 = c0mS/cm: Conductivity [mS/cm]
# name 4 = t190C: Temperature, 2 [ITS-90, deg C]
# name 5 = c1mS/cm: Conductivity, 2 [mS/cm]
# name 6 = sbeox0ML/L: Oxygen, SBE 43 [ml/l]
# name 7 = sbeox1ML/L: Oxygen, SBE 43, 2 [ml/l]
# name 8 = flECO-AFL: Fluorescence, WET Labs ECO-AFL/FL [mg/m^3]
# name 9 = CStarTr0: Beam Transmission, WET Labs C-Star [%]
# name 10 = par: PAR/Irradiance, Biospherical/Licor
# name 11 = latitude: Latitude [deg]
# name 12 = longitude: Longitude [deg]
# name 13 = timeJ: Julian Days
# name 14 = altM: Altimeter [m]
# name 15 = spar: SPAR, Biospherical/Licor
# name 16 = timeS: Time, Elapsed [seconds]
# name 17 = scan: Scan Count
# name 18 = density00: Density [density, kg/m^3]
# name 19 = density11: Density, 2 [density, kg/m^3]
# name 20 = v3: Voltage 3
# name 21 = v4: Voltage 4
# name 22 = v5: Voltage 5
# name 23 = sal00: Salinity, Practical [PSU]
# name 24 = sal11: Salinity, Practical, 2 [PSU]
# name 25 = oxsolML/L: Oxygen Saturation, Garcia & Gordon [ml/l]
# name 26 = nbin: number of scans per bin
# name 27 = flag: flag
# span 0 =      1.000,    509.000       
# span 1 =      0.987,    503.114       
# span 2 =    -1.4314,    -0.8821       
# span 3 =  26.943780,  27.892461       
# span 4 =    -1.4296,    -0.8798       
# span 5 =  26.944044,  27.892345       
# span 6 =     5.5496,     6.2778       
# span 7 =     5.6831,     6.2993       
# span 8 =    -0.0235,     2.4071       
# span 9 =    86.6934,    98.7418       
# span 10 = 1.0000e-12, 1.2219e+02      
# span 11 =  -74.16265,  -74.16264      
# span 12 = -110.51140, -110.51136      
# span 13 =  34.604344,  34.611702      
# span 14 =       4.00,     125.92      
# span 15 = 1.6283e+03, 1.6493e+03      
# span 16 =    262.376,    898.039      
# span 17 =       6298,      21554      
# span 18 =  1027.1960,  1029.9195      
# span 19 =  1027.1939,  1029.9177      
# span 20 =     4.1128,     4.6842      
# span 21 =     0.0629,     0.4105      
# span 22 =     0.1245,     0.1457      
# span 23 =    33.7936,    34.1844      
# span 24 =    33.7919,    34.1817      
# span 25 =    8.24539,    8.39047      
# span 26 =          7,         51      
# span 27 = 0.0000e+00, 0.0000e+00      
# interval = decibars: 1                
# start_time = Feb 03 2022 14:25:53 [NMEA time, header]
# bad_flag = -9.990e-29
*END*
[from data line 208]
    209.000    206.732    -1.1799  27.435243    -1.1761  27.436267     5.7389     5.8713    -0.0059    98.6429 1.0000e-12  -74.16264 -110.51138  34.607659      99.97 1.6430e+03    548.699      13170  1028.3960  1028.3935     4.6795     0.0740     0.1306    34.0555    34.0526    8.31865         24 0.0000e+00
    210.000    207.721    -1.1659  27.449090    -1.1658  27.447295     5.7293     5.8698    -0.0031    98.6437 1.0000e-12  -74.16264 -110.51138  34.607670      99.97 1.6428e+03    549.700      13194  1028.4018  1028.3998     4.6795     0.0698     0.1324    34.0579    34.0554    8.31540         24 0.0000e+00
    211.000    208.711    -1.1716  27.443442    -1.1691  27.444434     5.7288     5.8693    -0.0084    98.6195 1.0000e-12  -74.16264 -110.51138  34.607681      99.96 1.6438e+03    550.671      13217  1028.4057  1028.4044     4.6784     0.0707     0.1314    34.0561    34.0546    8.31678         23 0.0000e+00
    212.000    209.698    -1.1685  27.447640    -1.1693  27.444837     5.7145     5.8682    -0.0151    98.6190 1.0000e-12  -74.16264 -110.51138  34.607693      99.97 1.6437e+03    551.664      13241  1028.4117  1028.4093     4.6784     0.0709     0.1311    34.0577    34.0547    8.31600         24 0.0000e+00
    213.000    210.687    -1.1680  27.448320    -1.1658  27.448632     5.7164     5.8624    -0.0125    98.6245 1.0000e-12  -74.16264 -110.51138  34.607704      99.97 1.6442e+03    552.665      13265  1028.4163  1028.4144     4.6786     0.0705     0.1308    34.0574    34.0553    8.31589         24 0.0000e+00
    214.000    211.676    -1.1633  27.453790    -1.1612  27.453647     5.7225     5.8611    -0.0089    98.6468 1.0000e-12  -74.16264 -110.51138  34.607716      67.72 1.6437e+03    553.638      13288  1028.4220  1028.4199     4.6796     0.0684     0.1299    34.0589    34.0564    8.31476         23 0.0000e+00
    215.000    212.664    -1.1639  27.453443    -1.1627  27.452543     5.7258     5.8610    -0.0159    98.6114 1.0000e-12  -74.16264 -110.51138  34.607727      95.06 1.6430e+03    554.621      13312  1028.4267  1028.4245     4.6780     0.0680     0.1283    34.0585    34.0559    8.31493         25 0.0000e+00
    216.000    213.653    -1.1646  27.453035    -1.1634  27.452398     5.7294     5.8671    -0.0229    98.5808 1.0000e-12  -74.16264 -110.51138  34.607739      99.90 1.6437e+03    555.612      13336  1028.4312  1028.4293     4.6765     0.0692     0.1278    34.0581    34.0559    8.31510         23 0.0000e+00
    217.000    214.641    -1.1629  27.455335    -1.1607  27.455526     5.7270     5.8629    -0.0224    98.5860 1.0000e-12  -74.16264 -110.51138  34.607750      99.97 1.6433e+03    556.586      13359  1028.4364  1028.4345     4.6768     0.0692     0.1321    34.0587    34.0565    8.31468         23 0.0000e+00
    218.000    215.631    -1.1624  27.456290    -1.1607  27.456010     5.7252     5.8611    -0.0101    98.6094 1.0000e-12  -74.16264 -110.51138  34.607761      99.97 1.6436e+03    557.564      13383  1028.4413  1028.4394     4.6778     0.0706     0.1294    34.0588    34.0565    8.31457         24 0.0000e+00
    219.000    216.618    -1.1617  27.457360    -1.1600  27.457130     5.7220     5.8621    -0.0135    98.6211 1.0000e-12  -74.16264 -110.51138  34.607773      98.29 1.6443e+03    558.559      13406  1028.4462  1028.4443     4.6785     0.0707     0.1261    34.0589    34.0566    8.31441         24 0.0000e+00
    220.000    217.607    -1.1620  27.457565    -1.1605  27.457111     5.7179     5.8637    -0.0106    98.6163 1.0000e-12  -74.16264 -110.51138  34.607784      99.96 1.6433e+03    559.532      13430  1028.4511  1028.4491     4.6782     0.0703     0.1293    34.0589    34.0565    8.31448         23 0.0000e+00
    221.000    218.596    -1.1613  27.458582    -1.1598  27.458194     5.7250     5.8619    -0.0077    98.6052 1.0000e-12  -74.16264 -110.51138  34.607795      99.97 1.6420e+03    560.513      13453  1028.4558  1028.4539     4.6777     0.0705     0.1303    34.0589    34.0566    8.31432         24 0.0000e+00
    222.000    219.585    -1.1618  27.458570    -1.1602  27.458254     5.7223     5.8582    -0.0077    98.6129 1.0000e-12  -74.16264 -110.51138  34.607807      99.97 1.6435e+03    561.500      13477  1028.4606  1028.4587     4.6780     0.0683     0.1328    34.0588    34.0566    8.31443         23 0.0000e+00
    223.000    220.573    -1.1615  27.459435    -1.1590  27.460133     5.7188     5.8590    -0.0101    98.5933 1.0000e-12  -74.16264 -110.51138  34.607818      99.97 1.6420e+03    562.478      13500  1028.4655  1028.4639     4.6771     0.0692     0.1311    34.0590    34.0572    8.31435         24 0.0000e+00
    224.000    221.561    -1.1588  27.462989    -1.1559  27.463895     5.7168     5.8571    -0.0150    98.6061 1.0000e-12  -74.16264 -110.51138  34.607829      99.97 1.6430e+03    563.450      13524  1028.4711  1028.4694     4.6778     0.0697     0.1317    34.0602    34.0582    8.31368         23 0.0000e+00
    225.000    222.551    -1.1538  27.468967    -1.1522  27.468514     5.7171     5.8567    -0.0156    98.5933 1.0000e-12  -74.16264 -110.51138  34.607841      99.97 1.6432e+03    564.435      13547  1028.4771  1028.4751     4.6771     0.0693     0.1331    34.0620    34.0596    8.31246         24 0.0000e+00
    226.000    223.538    -1.1478  27.475854    -1.1461  27.475403     5.7184     5.8556    -0.0224    98.5546 1.0000e-12  -74.16264 -110.51138  34.607852      99.96 1.6414e+03    565.419      13571  1028.4831  1028.4811     4.6752     0.0692     0.1301    34.0641    34.0616    8.31101         23 0.0000e+00
    227.000    224.528    -1.1431  27.481517    -1.1413  27.481291     5.7146     5.8467    -0.0089    98.5825 1.0000e-12  -74.16264 -110.51140  34.607863      99.97 1.6421e+03    566.396      13594  1028.4891  1028.4871     4.6765     0.0705     0.1316    34.0659    34.0635    8.30987         24 0.0000e+00
    228.000    225.516    -1.1409  27.484167    -1.1391  27.484013     5.7105     5.8475    -0.0137    98.5719 1.0000e-12  -74.16264 -110.51138  34.607875      99.97 1.6420e+03    567.389      13618  1028.4943  1028.4924     4.6761     0.0712     0.1308    34.0664    34.0642    8.30935         24 0.0000e+00
    229.000    226.504    -1.1396  27.486032    -1.1378  27.485818     5.7087     5.8436    -0.0204    98.5916 1.0000e-12  -74.16264 -110.51140  34.607886      99.97 1.6423e+03    568.372      13642  1028.4994  1028.4974     4.6770     0.0698     0.1289    34.0668    34.0645    8.30904         23 0.0000e+00
    230.000    227.494    -1.1378  27.488555    -1.1357  27.488567     5.7055     5.8398    -0.0230    98.5922 1.0000e-12  -74.16264 -110.51138  34.607897      99.97 1.6414e+03    569.343      13665  1028.5047  1028.5027     4.6771     0.0711     0.1310    34.0676    34.0652    8.30859         24 0.0000e+00
    231.000    228.481    -1.1340  27.492303    -1.1319  27.492421     5.7081     5.8381    -0.0154    98.5738 1.0000e-12  -74.16264 -110.51140  34.607909      99.97 1.6412e+03    570.328      13689  1028.5094  1028.5075     4.6762     0.0699     0.1318    34.0678    34.0656    8.30773         23 0.0000e+00
    232.000    229.470    -1.1342  27.492713    -1.1319  27.492951     5.7023     5.8384    -0.0150    98.6104 1.0000e-12  -74.16264 -110.51138  34.607920      89.14 1.6417e+03    571.314      13713  1028.5145  1028.5125     4.6779     0.0706     0.1286    34.0680    34.0657    8.30778         23 0.0000e+00
    233.000    230.459    -1.1321  27.495498    -1.1307  27.494717     5.7047     5.8445    -0.0150    98.5626 1.0000e-12  -74.16264 -110.51140  34.607932     100.10 1.6425e+03    572.283      13736  1028.5198  1028.5177     4.6756     0.0698     0.1306    34.0688    34.0662    8.30727         24 0.0000e+00
    234.000    231.446    -1.1305  27.497535    -1.1291  27.496828     5.7004     5.8327    -0.0150    98.5750 1.0000e-12  -74.16264 -110.51138  34.607943      99.97 1.6424e+03    573.272      13760  1028.5248  1028.5227     4.6762     0.0687     0.1335    34.0691    34.0666    8.30688         24 0.0000e+00
    235.000    232.438    -1.1290  27.499332    -1.1275  27.498747     5.6990     5.8283    -0.0150    98.5729 1.0000e-12  -74.16264 -110.51140  34.607954      99.97 1.6430e+03    574.267      13783  1028.5297  1028.5276     4.6761     0.0688     0.1308    34.0693    34.0668    8.30655         24 0.0000e+00
    236.000    233.424    -1.1257  27.502927    -1.1244  27.502110     5.6946     5.8274    -0.0150    98.5593 1.0000e-12  -74.16264 -110.51138  34.607966      99.97 1.6426e+03    575.242      13807  1028.5347  1028.5326     4.6755     0.0703     0.1323    34.0698    34.0672    8.30578         23 0.0000e+00
    237.000    234.413    -1.1233  27.505729    -1.1218  27.505183     5.6976     5.8298    -0.0019    98.5052 1.0000e-12  -74.16264 -110.51140  34.607977      99.97 1.6412e+03    576.231      13831  1028.5398  1028.5378     4.6729     0.0711     0.1296    34.0703    34.0679    8.30522         24 0.0000e+00
    238.000    235.401    -1.1224  27.507356    -1.1210  27.506957     5.7077     5.8405    -0.0122    98.5415 1.0000e-12  -74.16264 -110.51138  34.607989      99.97 1.6420e+03    577.223      13854  1028.5451  1028.5433     4.6746     0.0703     0.1304    34.0710    34.0688    8.30499         24 0.0000e+00
    239.000    236.388    -1.1242  27.506470    -1.1233  27.505522     5.7147     5.8480    -0.0150    98.5678 1.0000e-12  -74.16264 -110.51140  34.608000      99.97 1.6430e+03    578.198      13878  1028.5502  1028.5483     4.6759     0.0699     0.1376    34.0711    34.0688    8.30537         23 0.0000e+00
    240.000    237.381    -1.1320  27.500459    -1.1284  27.501814     5.7164     5.8488    -0.0111    98.5334 1.0000e-12  -74.16264 -110.51138  34.608011      99.97 1.6426e+03    579.181      13901  1028.5556  1028.5536     4.6742     0.0706     0.1301    34.0712    34.0689    8.30710         24 0.0000e+00
    241.000    238.366    -1.1337  27.499429    -1.1324  27.498855     5.7202     5.8555     0.0026    98.5030 1.0000e-12  -74.16264 -110.51138  34.608023      99.96 1.6427e+03    580.173      13925  1028.5603  1028.5585     4.6729     0.0708     0.1309    34.0710    34.0688    8.30748         23 0.0000e+00
    242.000    239.355    -1.1332  27.500264    -1.1317  27.499881     5.7234     5.8562     0.0042    98.5334 1.0000e-12  -74.16264 -110.51138  34.608034      99.97 1.6425e+03    581.153      13949  1028.5651  1028.5632     4.6743     0.0704     0.1286    34.0710    34.0688    8.30737         24 0.0000e+00
    243.000    240.344    -1.1324  27.501471    -1.1306  27.501260     5.7277     5.8555    -0.0148    98.5428 1.0000e-12  -74.16264 -110.51138  34.608046      99.97 1.6428e+03    582.137      13972  1028.5699  1028.5680     4.6747     0.0706     0.1327    34.0711    34.0688    8.30719         24 0.0000e+00
    244.000    241.333    -1.1351  27.499705    -1.1327  27.499865     5.7334     5.8535    -0.0160    98.5334 1.0000e-12  -74.16264 -110.51138  34.608057      99.97 1.6430e+03    583.129      13996  1028.5749  1028.5728     4.6743     0.0692     0.1306    34.0711    34.0686    8.30778         23 0.0000e+00
    245.000    242.321    -1.1366  27.498842    -1.1358  27.497874     5.7315     5.8505    -0.0224    98.5375 1.0000e-12  -74.16264 -110.51138  34.608068      96.88 1.6430e+03    584.109      14020  1028.5798  1028.5779     4.6744     0.0708     0.1329    34.0711    34.0689    8.30813         24 0.0000e+00
    246.000    243.309    -1.1377  27.498458    -1.1363  27.498066     5.7283     5.8577    -0.0151    98.5237 1.0000e-12  -74.16264 -110.51138  34.608080      97.94 1.6430e+03    585.090      14043  1028.5847  1028.5828     4.6738     0.0695     0.1340    34.0712    34.0690    8.30836         24 0.0000e+00
    247.000    244.299    -1.1378  27.499142    -1.1359  27.499066     5.7268     5.8611    -0.0150    98.5445 1.0000e-12  -74.16264 -110.51138  34.608091      99.96 1.6430e+03    586.077      14067  1028.5898  1028.5879     4.6748     0.0697     0.1315    34.0716    34.0694    8.30836         23 0.0000e+00
    248.000    245.285    -1.1352  27.502404    -1.1334  27.502221     5.7308     5.8586    -0.0150    98.5493 1.0000e-12  -74.16264 -110.51138  34.608103      99.97 1.6430e+03    587.064      14091  1028.5951  1028.5932     4.6750     0.0681     0.1311    34.0725    34.0702    8.30773         24 0.0000e+00
    249.000    246.275    -1.1342  27.503967    -1.1323  27.503858     5.7310     5.8604    -0.0150    98.5493 1.0000e-12  -74.16264 -110.51138  34.608114      99.97 1.6430e+03    588.047      14114  1028.6001  1028.5982     4.6750     0.0696     0.1321    34.0728    34.0706    8.30748         24 0.0000e+00
    250.000    247.263    -1.1346  27.504038    -1.1329  27.503736     5.7309     5.8626    -0.0195    98.5398 1.0000e-12  -74.16264 -110.51138  34.608125      99.97 1.6430e+03    589.043      14138  1028.6048  1028.6029     4.6746     0.0699     0.1317    34.0728    34.0704    8.30758         24 0.0000e+00
    251.000    248.253    -1.1342  27.505092    -1.1323  27.504835     5.7287     5.8620    -0.0192    98.5501 1.0000e-12  -74.16264 -110.51138  34.608137      99.97 1.6430e+03    590.032      14162  1028.6099  1028.6078     4.6750     0.0691     0.1313    34.0732    34.0707    8.30747         23 0.0000e+00
    252.000    249.240    -1.1338  27.505744    -1.1322  27.505439     5.7251     5.8571    -0.0178    98.5258 1.0000e-12  -74.16264 -110.51138  34.608148      99.96 1.6430e+03    591.016      14185  1028.6145  1028.6126     4.6739     0.0706     0.1294    34.0730    34.0707    8.30739         24 0.0000e+00
    253.000    250.229    -1.1336  27.506403    -1.1319  27.506138     5.7221     5.8539    -0.0178    98.5558 1.0000e-12  -74.16264 -110.51138  34.608160      99.96 1.6430e+03    592.001      14209  1028.6193  1028.6174     4.6753     0.0696     0.1305    34.0730    34.0707    8.30734         23 0.0000e+00
    254.000    251.216    -1.1326  27.507935    -1.1302  27.508297     5.7209     5.8533    -0.0150    98.5557 1.0000e-12  -74.16264 -110.51138  34.608171      99.97 1.6430e+03    592.977      14232  1028.6243  1028.6224     4.6753     0.0694     0.1326    34.0734    34.0712    8.30710         24 0.0000e+00
    255.000    252.207    -1.1299  27.511086    -1.1275  27.511246     5.7185     5.8532    -0.0150    98.5338 1.0000e-12  -74.16264 -110.51138  34.608182      99.97 1.6430e+03    593.942      14256  1028.6294  1028.6272     4.6743     0.0703     0.1319    34.0740    34.0715    8.30646         23 0.0000e+00
    256.000    253.193    -1.1278  27.513575    -1.1260  27.513124     5.7144     5.8509    -0.0150    98.5447 1.0000e-12  -74.16264 -110.51138  34.608194      99.97 1.6430e+03    594.922      14279  1028.6343  1028.6322     4.6748     0.0690     0.1312    34.0744    34.0718    8.30597         23 0.0000e+00
    257.000    254.184    -1.1264  27.515108    -1.1248  27.514719     5.7170     5.8421    -0.0093    98.5504 1.0000e-12  -74.16264 -110.51138  34.608205      99.97 1.6422e+03    595.901      14303  1028.6390  1028.6371     4.6750     0.0702     0.1333    34.0743    34.0719    8.30568         24 0.0000e+00
    258.000    255.170    -1.1252  27.516842    -1.1236  27.516239     5.7112     5.8473    -0.0195    98.5279 1.0000e-12  -74.16264 -110.51138  34.608216      99.97 1.6414e+03    596.870      14326  1028.6440  1028.6418     4.6740     0.0698     0.1312    34.0747    34.0721    8.30538         23 0.0000e+00
