ocean_section_plots/required_files/ctd/dnbp2202_ctd007.cnv
* Sea-Bird SBE 9 Data File:
* FileName = D:\Data\raw\NBP2202_CTD007.hex
* Software Version Seasave V 7.26.7.121
* Temperature SN = 1649
* Conductivity SN = 2513
* Number of Bytes Per Scan = 40
* Number of Voltage Words = 5
* Number of Scans Averaged by the Deck Unit = 1
* NMEA Latitude = 72 15.59 S
* NMEA Longitude = 117 37.37 W
* NMEA UTC (Time) = Jan 15 2022  18:27:10
* NMEA baud rate = 9600
** Ship: RVIB N.B. Palmer
** Cruise: NBP2202 Thwaites
** Station: #3
** Operator: A. Robinson
** Sensor only, post glider deployment
# nquan = 25
# nvalues = 518                         
# units = specified
# name 0 = prDM: Pressure, Digiquartz [db]
# name 1 = depSM: Depth [salt water, m]
# name 2 = t090C: Temperature [ITS-90, deg C]
# name 3 = c0mS/cm: Conductivity [mS/cm]
# name 4 = t190C: Temperature, 2 [ITS-90, deg C]
# name 5 = c1mS/cm: Conductivity, 2 [mS/cm]
# name 6 = sbeox0ML/L: Oxygen, SBE 43 [ml/l]
# name 7 = sbeox1ML/L: Oxygen, SBE 43, 2 [ml/l]
# name 8 = flECO-AFL: Fluorescence, WET Labs ECO-AFL/FL [mg/m^3]
# name 9 = CStarTr0: Beam Transmission, WET Labs C-Star [%]
# name 10 = par: PAR/Irradiance, Biospherical/Licor
# name 11 = latitude: Latitude [deg]
# name 12 = longitude: Longitude [deg]
# name 13 = timeJ: Julian Days
# name 14 = altM: Altimeter [m]
# name 15 = spar: SPAR, Biospherical/Licor
# name 16 = timeS: Time, Elapsed [seconds]
# name 17 = scan: Scan Count
# name 18 = density00: Density [density, kg/m^3]
# name 19 = density11: Density, 2 [density, kg/m^3]
# name 20 = sal00: Salinity, Practical [PSU]
# name 21 = sal11: Salinity, Practical, 2 [PSU]
# name 22 = oxsolML/L: Oxygen Saturation, Garcia & Gordon [ml/l]
# name 23 = nbin: number of scans per bin
# name 24 = flag: flag
# span 0 =      2.000,    519.000       
# span 1 =      1.982,    513.038       
# span 2 =    -1.7973,     0.6963       
# span 3 =  26.810373,  29.571992       
# span 4 =    -1.7970,     0.6983       
# span 5 =  26.810249,  29.570714       
# span 6 =     4.5818,     9.5702       
# span 7 =     4.8281,    10.1030       
# span 8 =    -0.0108,    29.4213       
# span 9 =    69.2692,    99.5075       
# span 10 = -9.145e-05, 7.2680e+02      
# span 11 =  -72.25998,  -72.25996      
# span 12 = -117.62296, -117.62292      
# span 13 =  15.773670,  15.783066      
# span 14 =       6.80,     100.38      
# span 15 = 1.0624e+03, 1.7216e+03      
# span 16 =    415.080,   1226.947      
# span 17 =       9963,      29448      
# span 18 =  1026.8861,  1030.1982      
# span 19 =  1026.8853,  1030.1953      
# span 20 =    33.4362,    34.6064      
# span 21 =    33.4361,    34.6029      
# span 22 =    7.88858,    8.45593      
# span 23 =         11,         49      
# span 24 = 0.0000e+00, 0.0000e+00      
# interval = decibars: 1                
# start_time = Jan 15 2022 18:27:10 [NMEA time, header]
# bad_flag = -9.990e-29
*END*
[from data line 464]
    466.000    460.704     0.4301  29.269647     0.4326  29.269012     4.6640     4.9144     0.0067    99.3297 1.0000e-12  -72.25996 -117.62295  15.781182      61.21 1.3081e+03   1064.159      25541  1029.9155  1029.9124    34.5404    34.5367    7.94665         36 0.0000e+00
    467.000    461.690     0.4408  29.282509     0.4430  29.281380     4.6568     4.9088     0.0173    99.2786 1.0000e-12  -72.25996 -117.62295  15.781206      60.11 1.2952e+03   1066.183      25589  1029.9227  1029.9194    34.5446    34.5407    7.94420         36 0.0000e+00
    468.000    462.679     0.4493  29.291950     0.4516  29.291121     4.6583     4.9016     0.0143    99.2478 1.0000e-12  -72.25996 -117.62295  15.781231      59.14 1.2877e+03   1068.392      25642  1029.9286  1029.9255    34.5468    34.5432    7.94233         35 0.0000e+00
    469.000    463.666     0.4507  29.293856     0.4532  29.293159     4.6544     4.9052     0.0143    99.2330 1.0000e-12  -72.25996 -117.62295  15.781250      58.24 1.2872e+03   1069.992      25681  1029.9335  1029.9304    34.5472    34.5435    7.94202         36 0.0000e+00
    470.000    464.653     0.4553  29.299162     0.4576  29.298383     4.6537     4.9044     0.0174    99.2317 1.0000e-12  -72.25996 -117.62294  15.781268      57.19 1.2888e+03   1071.513      25717  1029.9389  1029.9359    34.5484    34.5448    7.94102         39 0.0000e+00
    471.000    465.642     0.4655  29.310825     0.4681  29.310117     4.6552     4.8995    -0.0016    99.2206 1.0000e-12  -72.25996 -117.62294  15.781289      56.04 1.2893e+03   1073.399      25763  1029.9454  1029.9421    34.5517    34.5478    7.93874         39 0.0000e+00
    472.000    466.627     0.4691  29.314937     0.4718  29.314486     4.6542     4.9026     0.0068    99.1781 1.0000e-12  -72.25996 -117.62294  15.781317      55.09 1.3025e+03   1075.807      25820  1029.9506  1029.9475    34.5524    34.5488    7.93796         33 0.0000e+00
    473.000    467.615     0.4707  29.316709     0.4729  29.316005     4.6498     4.9028     0.0043    99.1956 1.0000e-12  -72.25996 -117.62294  15.781340      54.10 1.3124e+03   1077.755      25867  1029.9552  1029.9523    34.5524    34.5490    7.93763         37 0.0000e+00
    474.000    468.603     0.4728  29.319497     0.4750  29.318587     4.6500     4.9030     0.0058    99.1840 1.0000e-12  -72.25996 -117.62294  15.781358      53.12 1.3006e+03   1079.350      25905  1029.9603  1029.9573    34.5531    34.5494    7.93716         38 0.0000e+00
    475.000    469.592     0.4751  29.322434     0.4769  29.321172     4.6496     4.9011     0.0153    99.1655 1.0000e-12  -72.25996 -117.62294  15.781385      51.92 1.2807e+03   1081.664      25961  1029.9655  1029.9624    34.5538    34.5501    7.93665         43 0.0000e+00
    476.000    470.577     0.4797  29.327667     0.4818  29.326700     4.6479     4.8938     0.0132    99.1959 1.0000e-12  -72.25996 -117.62294  15.781412      51.00 1.2743e+03   1084.038      26018  1029.9707  1029.9677    34.5548    34.5513    7.93564         39 0.0000e+00
    477.000    471.567     0.4821  29.330564     0.4844  29.329817     4.6532     4.8977     0.0048    99.1793 1.0000e-12  -72.25996 -117.62294  15.781432      50.06 1.2715e+03   1085.725      26058  1029.9757  1029.9727    34.5554    34.5518    7.93513         40 0.0000e+00
    478.000    472.553     0.4829  29.331994     0.4850  29.331013     4.6466     4.8977     0.0117    99.1580 1.0000e-12  -72.25996 -117.62294  15.781454      48.99 1.2714e+03   1087.639      26104  1029.9807  1029.9777    34.5558    34.5522    7.93494         49 0.0000e+00
    479.000    473.540     0.4836  29.333263     0.4851  29.331594     4.6462     4.8920     0.0139    99.1665 1.0000e-12  -72.25996 -117.62294  15.781483      47.87 1.2839e+03   1090.107      26164  1029.9856  1029.9825    34.5560    34.5522    7.93477         37 0.0000e+00
    480.000    474.529     0.4887  29.338948     0.4908  29.338038     4.6436     4.8918     0.0192    99.1897 1.0000e-12  -72.25996 -117.62294  15.781506      46.93 1.2854e+03   1092.143      26212  1029.9909  1029.9879    34.5572    34.5537    7.93367         40 0.0000e+00
    481.000    475.516     0.5071  29.358886     0.5071  29.355147     4.6339     4.8860     0.0309    99.1626 1.0000e-12  -72.25996 -117.62294  15.781526      45.95 1.2753e+03   1093.834      26253  1029.9977  1029.9938    34.5621    34.5572    7.92963         41 0.0000e+00
    482.000    476.501     0.5255  29.378288     0.5278  29.377050     4.6333     4.8854     0.0050    99.1824 1.0000e-12  -72.25996 -117.62294  15.781550      44.80 1.2738e+03   1095.957      26304  1030.0042  1030.0006    34.5663    34.5620    7.92563         37 0.0000e+00
    483.000    477.490     0.5356  29.388694     0.5385  29.388424     4.6370     4.8861     0.0092    99.1887 1.0000e-12  -72.25996 -117.62294  15.781578      43.85 1.2644e+03   1098.348      26361  1030.0096  1030.0065    34.5680    34.5644    7.92347         45 0.0000e+00
    484.000    478.479     0.5400  29.393590     0.5421  29.392437     4.6319     4.8849     0.0184    99.1800 1.0000e-12  -72.25996 -117.62294  15.781600      42.82 1.2500e+03   1100.273      26408  1030.0147  1030.0115    34.5688    34.5651    7.92251         39 0.0000e+00
    485.000    479.466     0.5493  29.404038     0.5522  29.403550     4.6307     4.8784     0.0146    99.1778 1.0000e-12  -72.25996 -117.62294  15.781621      41.80 1.2384e+03   1102.035      26450  1030.0209  1030.0175    34.5715    34.5677    7.92047         41 0.0000e+00
    486.000    480.452     0.5577  29.413003     0.5600  29.412262     4.6285     4.8774     0.0093    99.2002 1.0000e-12  -72.25996 -117.62294  15.781653      40.73 1.2215e+03   1104.837      26517  1030.0264  1030.0234    34.5732    34.5697    7.91865         33 0.0000e+00
    487.000    481.440     0.5644  29.420660     0.5679  29.420832     4.6278     4.8756     0.0115    99.0857 1.0000e-12  -72.25996 -117.62294  15.781681      39.77 1.2057e+03   1107.247      26575  1030.0322  1030.0290    34.5752    34.5715    7.91718         41 0.0000e+00
    488.000    482.429     0.5814  29.438895     0.5841  29.438277     4.6243     4.8748     0.0077    99.2288 1.0000e-12  -72.25996 -117.62294  15.781700      38.76 1.1958e+03   1108.840      26613  1030.0387  1030.0355    34.5794    34.5756    7.91348         34 0.0000e+00
    489.000    483.416     0.5825  29.440320     0.5852  29.440059     4.6189     4.8699     0.0106    99.2015 1.0000e-12  -72.25996 -117.62294  15.781730      37.61 1.1851e+03   1111.499      26677  1030.0435  1030.0407    34.5793    34.5760    7.91324         34 0.0000e+00
    490.000    484.403     0.5840  29.442331     0.5865  29.441740     4.6179     4.8710     0.0092    99.2194 1.0000e-12  -72.25996 -117.62294  15.781767      36.69 1.1796e+03   1114.644      26752  1030.0487  1030.0457    34.5797    34.5762    7.91292         39 0.0000e+00
    491.000    485.390     0.5887  29.447916     0.5914  29.447193     4.6185     4.8678     0.0336    99.1998 1.0000e-12  -72.25996 -117.62294  15.781784      35.76 1.1768e+03   1116.100      26787  1030.0542  1030.0508    34.5812    34.5772    7.91188         32 0.0000e+00
    492.000    486.377     0.5967  29.456687     0.5984  29.454807     4.6189     4.8662     0.0201    99.1929 1.0000e-12  -72.25996 -117.62294  15.781810      34.65 1.1826e+03   1118.388      26842  1030.0598  1030.0562    34.5831    34.5787    7.91015         35 0.0000e+00
    493.000    487.364     0.6113  29.472704     0.6126  29.470509     4.6139     4.8626     0.0221    99.1904 1.0000e-12  -72.25996 -117.62294  15.781853      33.65 1.2081e+03   1122.052      26930  1030.0664  1030.0629    34.5871    34.5827    7.90695         34 0.0000e+00
    494.000    488.353     0.6141  29.476050     0.6168  29.475553     4.6158     4.8586     0.0040    99.1981 1.0000e-12  -72.25996 -117.62294  15.781867      32.75 1.2330e+03   1123.325      26961  1030.0715  1030.0683    34.5877    34.5840    7.90634         31 0.0000e+00
    495.000    489.340     0.6173  29.479507     0.6189  29.478228     4.6114     4.8614     0.0113    99.1848 1.0000e-12  -72.25996 -117.62294  15.781898      31.52 1.2611e+03   1125.950      27024  1030.0763  1030.0735    34.5880    34.5846    7.90567         35 0.0000e+00
    496.000    490.326     0.6265  29.490026     0.6286  29.488398     4.6085     4.8536     0.0135    99.2042 1.0000e-12  -72.25996 -117.62294  15.781950      30.62 1.2466e+03   1130.474      27132  1030.0826  1030.0789    34.5908    34.5864    7.90363         34 0.0000e+00
    497.000    491.311     0.6344  29.498456     0.6359  29.496412     4.6096     4.8538     0.0064    99.2054 1.0000e-12  -72.25996 -117.62294  15.781993      29.48 1.2365e+03   1134.223      27222  1030.0880  1030.0844    34.5924    34.5881    7.90194         31 0.0000e+00
    498.000    492.302     0.6448  29.510375     0.6489  29.510700     4.6034     4.8469     0.0281    99.1951 1.0000e-12  -72.25996 -117.62294  15.782028      28.56 1.2348e+03   1137.236      27295  1030.0944  1030.0908    34.5957    34.5916    7.89964         34 0.0000e+00
    499.000    493.295     0.6465  29.512051     0.6489  29.511245     4.6009     4.8479     0.0178    99.1933 1.0000e-12  -72.25996 -117.62294  15.782071      27.41 1.2222e+03   1140.951      27384  1030.0990  1030.0958    34.5954    34.5917    7.89931         26 0.0000e+00
    500.000    494.276     0.6501  29.516254     0.6532  29.516207     4.6018     4.8447     0.0100    99.1560 1.0000e-12  -72.25996 -117.62294  15.782108      26.48 1.1993e+03   1144.095      27459  1030.1042  1030.1011    34.5963    34.5928    7.89853         43 0.0000e+00
    501.000    495.263     0.6515  29.518058     0.6550  29.518379     4.5990     4.8470     0.0146    99.1860 1.0000e-12  -72.25996 -117.62294  15.782155      25.35 1.1573e+03   1148.153      27557  1030.1091  1030.1060    34.5965    34.5931    7.89824         38 0.0000e+00
    502.000    496.251     0.6573  29.524659     0.6607  29.524692     4.5986     4.8475     0.0201    99.2021 1.0000e-12  -72.25996 -117.62294  15.782187      24.47 1.1382e+03   1150.990      27625  1030.1145  1030.1113    34.5981    34.5944    7.89698         36 0.0000e+00
    503.000    497.239     0.6589  29.526802     0.6618  29.526552     4.5981     4.8429     0.0135    99.1787 1.0000e-12  -72.25996 -117.62294  15.782234      23.39 1.1274e+03   1155.002      27721  1030.1195  1030.1163    34.5985    34.5949    7.89663         34 0.0000e+00
    504.000    498.224     0.6648  29.533127     0.6685  29.533723     4.5938     4.8431     0.0165    99.1823 1.0000e-12  -72.25996 -117.62294  15.782268      22.49 1.1237e+03   1157.922      27791  1030.1244  1030.1215    34.5995    34.5962    7.89536         39 0.0000e+00
    505.000    499.217     0.6657  29.534527     0.6677  29.533503     4.5934     4.8433     0.0153    99.1822 1.0000e-12  -72.25996 -117.62294  15.782298      21.35 1.1185e+03   1160.554      27854  1030.1294  1030.1264    34.5998    34.5962    7.89517         29 0.0000e+00
    506.000    500.200     0.6685  29.537776     0.6706  29.537091     4.5948     4.8389     0.0100    99.1883 1.0000e-12  -72.25996 -117.62294  15.782340      20.38 1.1032e+03   1164.199      27942  1030.1343  1030.1315    34.6003    34.5970    7.89457         35 0.0000e+00
    507.000    501.189     0.6671  29.536719     0.6694  29.535900     4.5958     4.8347     0.0145    99.1510 1.0000e-12  -72.25996 -117.62294  15.782362      19.38 1.1000e+03   1166.033      27986  1030.1388  1030.1357    34.5999    34.5962    7.89488         34 0.0000e+00
    508.000    502.174     0.6680  29.538214     0.6707  29.537643     4.5916     4.8381     0.0159    99.1526 1.0000e-12  -72.25996 -117.62294  15.782402      18.25 1.1029e+03   1169.561      28070  1030.1438  1030.1405    34.6002    34.5965    7.89467         34 0.0000e+00
    509.000    503.163     0.6759  29.546810     0.6790  29.546858     4.5898     4.8367     0.0189    99.1795 1.0000e-12  -72.25996 -117.62294  15.782434      17.33 1.1055e+03   1172.279      28136  1030.1491  1030.1462    34.6020    34.5987    7.89296         41 0.0000e+00
    510.000    504.151     0.6721  29.543216     0.6749  29.543174     4.5918     4.8371     0.0286    99.1605 1.0000e-12  -72.25996 -117.62294  15.782465      16.23 1.0960e+03   1174.936      28199  1030.1535  1030.1507    34.6010    34.5978    7.89380         31 0.0000e+00
    511.000    505.137     0.6819  29.553816     0.6839  29.552651     4.5897     4.8365     0.0171    99.1606 1.0000e-12  -72.25996 -117.62294  15.782501      15.24 1.0876e+03   1178.099      28275  1030.1591  1030.1560    34.6033    34.5996    7.89169         35 0.0000e+00
    512.000    506.126     0.6844  29.556719     0.6860  29.555454     4.5905     4.8352     0.0175    99.1679 1.0000e-12  -72.25996 -117.62294  15.782532      14.22 1.0847e+03   1180.773      28340  1030.1639  1030.1611    34.6036    34.6003    7.89115         32 0.0000e+00
    513.000    507.111     0.6905  29.563665     0.6923  29.562213     4.5879     4.8281     0.0142    99.1819 1.0000e-12  -72.25996 -117.62294  15.782567      13.21 1.0882e+03   1183.813      28412  1030.1694  1030.1662    34.6053    34.6015    7.88983         37 0.0000e+00
    514.000    508.099     0.6942  29.567924     0.6968  29.567483     4.5831     4.8326     0.0204    99.1499 1.0000e-12  -72.25996 -117.62294  15.782597      12.21 1.0938e+03   1186.387      28474  1030.1745  1030.1715    34.6061    34.6026    7.88902         36 0.0000e+00
    515.000    509.086     0.6954  29.569382     0.6974  29.568481     4.5836     4.8320     0.0207    99.1837 1.0000e-12  -72.25996 -117.62294  15.782633      11.14 1.1006e+03   1189.452      28548  1030.1792  1030.1763    34.6061    34.6027    7.88878         31 0.0000e+00
    516.000    510.074     0.6941  29.568629     0.6970  29.568542     4.5849     4.8300     0.0230    99.1715 1.0000e-12  -72.25996 -117.62294  15.782666      10.16 1.1092e+03   1192.330      28617  1030.1839  1030.1810    34.6059    34.6026    7.88905         41 0.0000e+00
    517.000    511.062     0.6952  29.570299     0.6982  29.570125     4.5850     4.8314     0.0215    99.1700 1.0000e-12  -72.25996 -117.62294  15.782696       9.15 1.1179e+03   1194.898      28679  1030.1888  1030.1858    34.6063    34.6028    7.88881         33 0.0000e+00
    518.000    512.046     0.6963  29.571703     0.6983  29.570714     4.5856     4.8311     0.0209    99.1600 1.0000e-12  -72.25996 -117.62294  15.782742       8.08 1.1272e+03   1198.893      28774  1030.1935  1030.1906    34.6064    34.6029    7.88858         33 0.0000e+00
    519.000    513.038     0.6962  29.571992     0.6965  29.569470     4.5818     4.8281     0.0110    99.1599 1.0000e-12  -72.25996 -117.62294  15.783066       6.80 1.0624e+03   1226.947      29448  1030.1982  1030.1953    34.6062    34.6027    7.88861         11 0.0000e+00
