ocean_section_plots/required_files/ctd/dnbp2202_ctd131.cnv
* Sea-Bird SBE 9 Data File:
* FileName = D:\Data\raw\NBP2202_CTD131.hex
* Software Version Seasave V 7.26.7.121
* Temperature SN = 1649
* Conductivity SN = 2513
* Number of Bytes Per Scan = 40
* Number of Voltage Words = 5
* Number of Scans Averaged by the Deck Unit = 1
* NMEA Latitude = 74 06.28 S
* NMEA Longitude = 112 07.19 W
* NMEA UTC (Time) = Jan 28 2022  02:10:37
* NMEA baud rate = 9600
** Ship: RVIB N.B. Palmer
** Cruise: NBP2202 Thwaites
** Station: 60
** Operator: A. Robinson
# nquan = 25
# nvalues = 793                         
# units = specified
# name 0 = prDM: Pressure, Digiquartz [db]
# name 1 = depSM: Depth [salt water, m]
# name 2 = t090C: Temperature [ITS-90, deg C]
# name 3 = c0mS/cm: Conductivity [mS/cm]
# name 4 = t190C: Temperature, 2 [ITS-90, deg C]
# name 5 = c1mS/cm: Conductivity, 2 [mS/cm]
# name 6 = sbeox0ML/L: Oxygen, SBE 43 [ml/l]
# name 7 = sbeox1ML/L: Oxygen, SBE 43, 2 [ml/l]
# name 8 = flECO-AFL: Fluorescence, WET Labs ECO-AFL/FL [mg/m^3]
# name 9 = CStarTr0: Beam Transmission, WET Labs C-Star [%]
# name 10 = par: PAR/Irradiance, Biospherical/Licor
# name 11 = latitude: Latitude [deg]
# name 12 = longitude: Longitude [deg]
# name 13 = timeJ: Julian Days
# name 14 = altM: Altimeter [m]
# name 15 = spar: SPAR, Biospherical/Licor
# name 16 = timeS: Time, Elapsed [seconds]
# name 17 = scan: Scan Count
# name 18 = density00: Density [density, kg/m^3]
# name 19 = density11: Density, 2 [density, kg/m^3]
# name 20 = sal00: Salinity, Practical [PSU]
# name 21 = sal11: Salinity, Practical, 2 [PSU]
# name 22 = oxsolML/L: Oxygen Saturation, Garcia & Gordon [ml/l]
# name 23 = nbin: number of scans per bin
# name 24 = flag: flag
# span 0 =      3.000,    795.000       
# span 1 =      2.966,    785.271       
# span 2 =    -1.5096,     0.5506       
# span 3 =  27.078752,  29.533576       
# span 4 =    -1.5095,     0.5532       
# span 5 =  27.078711,  29.533583       
# span 6 =     4.5690,     8.8651       
# span 7 =     4.6668,     9.1019       
# span 8 =    -0.0073,    27.5183       
# span 9 =    68.9570,    94.7151       
# span 10 = -5.214e-07, 6.6747e+01      
# span 11 =  -74.10478,  -74.10478      
# span 12 = -112.11990, -112.11982      
# span 13 =  28.093815,  28.106441      
# span 14 =       1.55,     100.09      
# span 15 = 1.4660e+02, 2.1266e+02      
# span 16 =    268.630,   1359.533      
# span 17 =       6448,      32630      
# span 18 =  1027.1947,  1031.4690      
# span 19 =  1027.1972,  1031.4666      
# span 20 =    33.8074,    34.5665      
# span 21 =    33.8100,    34.5638      
# span 22 =    7.92049,    8.39645      
# span 23 =         24,         50      
# span 24 = 0.0000e+00, 0.0000e+00      
# interval = decibars: 1                
# start_time = Jan 28 2022 02:10:37 [NMEA time, header]
# bad_flag = -9.990e-29
*END*
[from data line 116]
    119.000    117.735    -1.4701  27.078752    -1.4708  27.078711     6.5207     6.6898     1.8012    90.2501 1.0000e-12  -74.10478 -112.11988  28.095973      99.75 2.0829e+02    455.071      10923  1027.8926  1027.8932    33.9515    33.9523    8.38978         27 0.0000e+00
    120.000    118.724    -1.4721  27.078922    -1.4722  27.079028     6.4583     6.6397     1.8018    90.2076 1.0000e-12  -74.10478 -112.11988  28.095986      99.69 2.0757e+02    456.192      10950  1027.8989  1027.8991    33.9533    33.9536    8.39011         27 0.0000e+00
    121.000    119.713    -1.4663  27.085399    -1.4662  27.085511     6.3866     6.5769     1.8640    90.7619 1.0000e-12  -74.10478 -112.11988  28.096000      99.71 2.0893e+02    457.376      10978  1027.9047  1027.9047    33.9552    33.9551    8.38872         29 0.0000e+00
    122.000    120.702    -1.4493  27.103172    -1.4496  27.102777     6.3759     6.5553     1.7561    90.5906 1.0000e-12  -74.10478 -112.11988  28.096013      99.74 2.0840e+02    458.561      11006  1027.9120  1027.9118    33.9596    33.9594    8.38460         28 0.0000e+00
    123.000    121.691    -1.4488  27.105390    -1.4501  27.104869     6.3988     6.5758     1.4733    91.5988 1.0000e-12  -74.10478 -112.11988  28.096027      99.75 2.0725e+02    459.700      11034  1027.9184  1027.9190    33.9616    33.9623    8.38439         27 0.0000e+00
    124.000    122.681    -1.4617  27.097179    -1.4628  27.097158     6.4296     6.6010     0.9291    92.0693 1.0000e-12  -74.10478 -112.11988  28.096040      99.76 2.0894e+02    460.839      11061  1027.9262  1027.9272    33.9642    33.9655    8.38712         28 0.0000e+00
    125.000    123.669    -1.4850  27.081545    -1.4851  27.081879     6.4386     6.6073     0.6797    91.4690 1.0000e-12  -74.10478 -112.11988  28.096053      99.42 2.0890e+02    462.020      11089  1027.9358  1027.9363    33.9686    33.9692    8.39212         28 0.0000e+00
    126.000    124.659    -1.4874  27.080402    -1.4878  27.080353     6.4349     6.6048     0.6493    92.0662 1.0000e-12  -74.10478 -112.11988  28.096067      99.76 2.0730e+02    463.199      11118  1027.9411  1027.9414    33.9691    33.9695    8.39264         29 0.0000e+00
    127.000    125.647    -1.4849  27.083625    -1.4852  27.083289     6.4311     6.6012     0.7909    91.8803 1.0000e-12  -74.10478 -112.11988  28.096081      99.77 2.0901e+02    464.382      11146  1027.9463  1027.9463    33.9700    33.9699    8.39200         28 0.0000e+00
    128.000    126.636    -1.4834  27.085353    -1.4837  27.085334     6.4187     6.5890     0.7570    92.1394 1.0000e-12  -74.10478 -112.11988  28.096094      99.77 2.0915e+02    465.547      11174  1027.9511  1027.9512    33.9701    33.9704    8.39167         28 0.0000e+00
    129.000    127.627    -1.4806  27.088432    -1.4805  27.088608     6.4081     6.5834     0.5228    92.3903 1.0000e-12  -74.10478 -112.11988  28.096108      99.76 2.0766e+02    466.689      11202  1027.9560  1027.9560    33.9706    33.9706    8.39102         27 0.0000e+00
    130.000    128.614    -1.4772  27.091977    -1.4777  27.091593     6.4065     6.5711     0.5554    92.7857 1.0000e-12  -74.10478 -112.11988  28.096121      99.77 2.0864e+02    467.846      11229  1027.9609  1027.9609    33.9710    33.9710    8.39023         28 0.0000e+00
    131.000    129.604    -1.4761  27.094396    -1.4771  27.093653     6.4080     6.5660     0.9098    92.3219 1.0000e-12  -74.10478 -112.11988  28.096135      99.76 2.0859e+02    469.021      11258  1027.9668  1027.9669    33.9725    33.9726    8.38989         28 0.0000e+00
    132.000    130.592    -1.4773  27.094426    -1.4765  27.095114     6.4169     6.5804     0.7400    92.9029 1.0000e-12  -74.10478 -112.11988  28.096148      99.77 2.0755e+02    470.178      11285  1027.9722  1027.9722    33.9732    33.9732    8.39011         27 0.0000e+00
    133.000    131.582    -1.4809  27.091974    -1.4790  27.093896     6.4371     6.5924     0.5454    92.7185 1.0000e-12  -74.10478 -112.11988  28.096161      99.77 2.0778e+02    471.337      11313  1027.9774  1027.9775    33.9733    33.9737    8.39092         29 0.0000e+00
    134.000    132.570    -1.4875  27.087444    -1.4874  27.087566     6.4442     6.6085     0.6461    93.0540 1.0000e-12  -74.10478 -112.11988  28.096175      99.76 2.0871e+02    472.514      11341  1027.9830  1027.9831    33.9739    33.9740    8.39237         28 0.0000e+00
    135.000    133.560    -1.4903  27.086250    -1.4906  27.085997     6.4444     6.6169     0.6744    92.8365 1.0000e-12  -74.10478 -112.11988  28.096188      99.77 2.0764e+02    473.686      11369  1027.9887  1027.9886    33.9749    33.9748    8.39295         28 0.0000e+00
    136.000    134.548    -1.4904  27.087627    -1.4907  27.087426     6.4593     6.6269     0.7501    93.0432 1.0000e-12  -74.10478 -112.11988  28.096202      99.76 2.0729e+02    474.871      11398  1027.9945  1027.9945    33.9762    33.9763    8.39288         29 0.0000e+00
    137.000    135.537    -1.4914  27.087686    -1.4928  27.086781     6.4754     6.6336     0.7764    93.1341 1.0000e-12  -74.10478 -112.11988  28.096216      99.78 2.0802e+02    476.061      11426  1027.9998  1028.0002    33.9768    33.9771    8.39308         28 0.0000e+00
    138.000    136.528    -1.4991  27.082883    -1.4991  27.083106     6.4784     6.6260     0.5834    93.0511 1.0000e-12  -74.10478 -112.11988  28.096229      99.77 2.0640e+02    477.221      11454  1028.0063  1028.0065    33.9783    33.9786    8.39472         28 0.0000e+00
    139.000    137.516    -1.5008  27.082426    -1.5010  27.082318     6.4741     6.6229     0.6403    93.0277 1.0000e-12  -74.10478 -112.11988  28.096243      99.76 2.0613e+02    478.384      11482  1028.0117  1028.0118    33.9790    33.9791    8.39507         28 0.0000e+00
    140.000    138.505    -1.5016  27.082351    -1.5018  27.082266     6.4707     6.6282     0.7638    93.1529 1.0000e-12  -74.10478 -112.11988  28.096257      99.77 2.0687e+02    479.581      11511  1028.0166  1028.0167    33.9792    33.9793    8.39523         29 0.0000e+00
    141.000    139.493    -1.5018  27.082874    -1.5018  27.082740     6.4728     6.6355     0.7894    92.8974 1.0000e-12  -74.10478 -112.11988  28.096270      99.77 2.0646e+02    480.745      11539  1028.0216  1028.0215    33.9795    33.9794    8.39526         27 0.0000e+00
    142.000    140.482    -1.5018  27.083611    -1.5021  27.083452     6.4691     6.6340     0.5689    93.1223 1.0000e-12  -74.10478 -112.11988  28.096283      99.74 2.0487e+02    481.885      11566  1028.0267  1028.0267    33.9799    33.9800    8.39525         27 0.0000e+00
    143.000    141.473    -1.5052  27.082191    -1.5056  27.081956     6.4678     6.6316     0.5403    93.1953 1.0000e-12  -74.10478 -112.11988  28.096297      99.77 2.0627e+02    483.047      11594  1028.0327  1028.0328    33.9812    33.9813    8.39593         29 0.0000e+00
    144.000    142.460    -1.5065  27.081911    -1.5068  27.081701     6.4547     6.6232     0.6570    93.0782 1.0000e-12  -74.10478 -112.11988  28.096310      99.77 2.0626e+02    484.211      11622  1028.0378  1028.0379    33.9816    33.9817    8.39619         27 0.0000e+00
    145.000    143.449    -1.5053  27.084328    -1.5055  27.083886     6.4353     6.6085     0.6070    93.4681 1.0000e-12  -74.10478 -112.11988  28.096324      99.77 2.0435e+02    485.363      11650  1028.0436  1028.0433    33.9830    33.9826    8.39584         28 0.0000e+00
    146.000    144.438    -1.5004  27.089873    -1.5001  27.089949     6.4220     6.5933     0.3641    93.5949 1.0000e-12  -74.10478 -112.11988  28.096337      99.77 2.0628e+02    486.514      11677  1028.0492  1028.0491    33.9844    33.9842    8.39464         27 0.0000e+00
    147.000    145.428    -1.4989  27.092022    -1.4992  27.091793     6.4261     6.5918     0.3035    93.6587 1.0000e-12  -74.10478 -112.11988  28.096350      95.59 2.0568e+02    487.668      11705  1028.0545  1028.0546    33.9851    33.9851    8.39428         28 0.0000e+00
    148.000    146.416    -1.5009  27.091761    -1.5011  27.091600     6.4410     6.6052     0.4767    93.5805 1.0000e-12  -74.10478 -112.11988  28.096364      92.96 2.0328e+02    488.822      11733  1028.0605  1028.0604    33.9864    33.9863    8.39465         28 0.0000e+00
    149.000    147.406    -1.5060  27.089073    -1.5062  27.088965     6.4519     6.6162     0.7200    93.3645 1.0000e-12  -74.10478 -112.11987  28.096377      99.06 2.0519e+02    490.014      11761  1028.0668  1028.0669    33.9879    33.9879    8.39572         30 0.0000e+00
    150.000    148.395    -1.5096  27.087455    -1.5095  27.087554     6.4546     6.6158     0.4894    93.5589 1.0000e-12  -74.10478 -112.11988  28.096391      99.75 2.0469e+02    491.212      11790  1028.0727  1028.0727    33.9890    33.9891    8.39645         28 0.0000e+00
    151.000    149.382    -1.5077  27.089985    -1.5079  27.089759     6.4480     6.6103     0.4462    93.6435 1.0000e-12  -74.10478 -112.11986  28.096405      99.77 2.0285e+02    492.381      11818  1028.0780  1028.0779    33.9898    33.9897    8.39598         27 0.0000e+00
    152.000    150.372    -1.5074  27.090864    -1.5076  27.090699     6.4425     6.6110     0.3835    93.7380 1.0000e-12  -74.10478 -112.11987  28.096418      99.76 2.0400e+02    493.539      11846  1028.0830  1028.0830    33.9901    33.9900    8.39590         28 0.0000e+00
    153.000    151.361    -1.5075  27.091424    -1.5077  27.091257     6.4408     6.6008     0.3258    93.8351 1.0000e-12  -74.10478 -112.11987  28.096431      99.78 2.0430e+02    494.672      11873  1028.0880  1028.0879    33.9903    33.9903    8.39591         27 0.0000e+00
    154.000    152.350    -1.5071  27.093645    -1.5071  27.093481     6.4381     6.6034     0.3473    93.3856 1.0000e-12  -74.10478 -112.11987  28.096444      99.77 2.0194e+02    495.800      11900  1028.0943  1028.0941    33.9923    33.9921    8.39570         28 0.0000e+00
    155.000    153.338    -1.5052  27.097024    -1.5053  27.096808     6.4322     6.5985     0.4413    93.7365 1.0000e-12  -74.10478 -112.11987  28.096458      99.77 2.0284e+02    496.982      11929  1028.1005  1028.1004    33.9942    33.9940    8.39516         29 0.0000e+00
    156.000    154.329    -1.5043  27.098769    -1.5043  27.098607     6.4298     6.5890     0.4575    93.6466 1.0000e-12  -74.10478 -112.11986  28.096472      99.77 2.0292e+02    498.185      11957  1028.1058  1028.1057    33.9949    33.9947    8.39490         28 0.0000e+00
    157.000    155.316    -1.5036  27.100652    -1.5035  27.100477     6.4187     6.5827     0.3208    93.2915 1.0000e-12  -74.10478 -112.11988  28.096485      99.77 2.0169e+02    499.332      11985  1028.1115  1028.1113    33.9960    33.9957    8.39467         27 0.0000e+00
    158.000    156.306    -1.5032  27.102055    -1.5032  27.101796     6.4074     6.5709     0.2340    93.7004 1.0000e-12  -74.10478 -112.11987  28.096499      99.77 2.0241e+02    500.476      12012  1028.1170  1028.1168    33.9969    33.9966    8.39453         28 0.0000e+00
    159.000    157.294    -1.5028  27.103569    -1.5028  27.103310     6.3999     6.5704     0.2330    93.8829 1.0000e-12  -74.10478 -112.11987  28.096512      94.41 2.0286e+02    501.647      12041  1028.1226  1028.1224    33.9979    33.9976    8.39438         28 0.0000e+00
    160.000    158.283    -1.5008  27.107427    -1.5006  27.107170     6.4048     6.5712     0.2833    93.8968 1.0000e-12  -74.10478 -112.11987  28.096526      99.86 2.0183e+02    502.833      12069  1028.1293  1028.1288    34.0003    33.9997    8.39378         28 0.0000e+00
    161.000    159.272    -1.4961  27.112371    -1.4961  27.112128     6.4026     6.5697     0.2378    93.9504 1.0000e-12  -74.10478 -112.11987  28.096539      99.77 2.0191e+02    503.991      12097  1028.1345  1028.1343    34.0013    34.0009    8.39269         28 0.0000e+00
    162.000    160.261    -1.4894  27.119830    -1.4891  27.119464     6.3939     6.5577     0.2074    93.9873 1.0000e-12  -74.10478 -112.11988  28.096552      99.78 2.0293e+02    505.125      12124  1028.1405  1028.1398    34.0032    34.0024    8.39104         27 0.0000e+00
    163.000    161.250    -1.4786  27.131593    -1.4785  27.131311     6.3810     6.5526     0.2960    94.0560 1.0000e-12  -74.10478 -112.11988  28.096566      99.77 2.0273e+02    506.261      12151  1028.1474  1028.1470    34.0066    34.0061    8.38842         28 0.0000e+00
    164.000    162.240    -1.4847  27.128732    -1.4848  27.128555     6.3773     6.5364     0.2054    94.1030 1.0000e-12  -74.10478 -112.11988  28.096579      99.77 2.0142e+02    507.426      12179  1028.1546  1028.1545    34.0089    34.0088    8.38965         28 0.0000e+00
    165.000    163.228    -1.4846  27.130521    -1.4844  27.130196     6.3711     6.5358     0.3144    94.0076 1.0000e-12  -74.10478 -112.11988  28.096593      99.78 2.0286e+02    508.607      12208  1028.1609  1028.1603    34.0107    34.0100    8.38952         28 0.0000e+00
    166.000    164.216    -1.4834  27.133717    -1.4836  27.133447     6.3690     6.5382     0.3880    94.0169 1.0000e-12  -74.10478 -112.11988  28.096606      99.77 2.0299e+02    509.756      12235  1028.1676  1028.1675    34.0131    34.0129    8.38912         27 0.0000e+00
    167.000    165.205    -1.4874  27.132069    -1.4873  27.131828     6.3690     6.5351     0.2171    94.0918 1.0000e-12  -74.10478 -112.11988  28.096619      99.78 2.0181e+02    510.883      12262  1028.1740  1028.1737    34.0147    34.0143    8.38991         27 0.0000e+00
    168.000    166.194    -1.4873  27.133307    -1.4873  27.133111     6.3640     6.5325     0.2535    94.1201 1.0000e-12  -74.10478 -112.11988  28.096632      99.77 2.0381e+02    512.025      12290  1028.1797  1028.1794    34.0157    34.0154    8.38984         28 0.0000e+00
    169.000    167.184    -1.4873  27.134173    -1.4871  27.133899     6.3645     6.5251     0.1711    94.1513 1.0000e-12  -74.10478 -112.11988  28.096646      99.78 2.0394e+02    513.210      12318  1028.1849  1028.1845    34.0163    34.0157    8.38980         29 0.0000e+00
    170.000    168.171    -1.4875  27.134854    -1.4873  27.134571     6.3635     6.5223     0.2393    94.1708 1.0000e-12  -74.10478 -112.11988  28.096660      99.77 2.0209e+02    514.406      12347  1028.1901  1028.1897    34.0168    34.0162    8.38981         28 0.0000e+00
    171.000    169.161    -1.4873  27.135808    -1.4871  27.135517     6.3678     6.5249     0.2965    94.2372 1.0000e-12  -74.10478 -112.11988  28.096673      99.41 2.0473e+02    515.559      12374  1028.1953  1028.1948    34.0172    34.0167    8.38973         27 0.0000e+00
    172.000    170.150    -1.4868  27.136746    -1.4867  27.136571     6.3645     6.5236     0.2230    93.9155 1.0000e-12  -74.10478 -112.11988  28.096686      99.78 2.0482e+02    516.678      12401  1028.2003  1028.1999    34.0174    34.0170    8.38963         27 0.0000e+00
    173.000    171.139    -1.4869  27.137287    -1.4870  27.136820     6.3593     6.5241     0.2522    94.1859 1.0000e-12  -74.10478 -112.11988  28.096699      99.77 2.0340e+02    517.833      12429  1028.2052  1028.2048    34.0176    34.0171    8.38963         29 0.0000e+00
    174.000    172.126    -1.4866  27.138190    -1.4859  27.138456     6.3637     6.5154     0.2550    94.2666 1.0000e-12  -74.10478 -112.11988  28.096714      99.78 2.0555e+02    519.054      12458  1028.2102  1028.2099    34.0179    34.0175    8.38955         29 0.0000e+00
    175.000    173.116    -1.4853  27.140658    -1.4851  27.140329     6.3635     6.5232     0.2352    94.2681 1.0000e-12  -74.10478 -112.11988  28.096727      99.77 2.0589e+02    520.252      12487  1028.2160  1028.2155    34.0192    34.0185    8.38917         28 0.0000e+00
