ocean_section_plots/required_files/ctd/dnbp2202_ctd027.cnv
* Sea-Bird SBE 9 Data File:
* FileName = D:\Data\raw\NBP2202_CTD027.hex
* Software Version Seasave V 7.26.7.121
* Temperature SN = 1649
* Conductivity SN = 2513
* Number of Bytes Per Scan = 40
* Number of Voltage Words = 5
* Number of Scans Averaged by the Deck Unit = 1
* NMEA Latitude = 74 13.87 S
* NMEA Longitude = 112 14.39 W
* NMEA UTC (Time) = Jan 21 2022  08:19:04
* NMEA baud rate = 9600
** Ship: RVIB N.B. Palmer
** Cruise: NBP2202 Thwaites
** Station: Tow-Yo #1
** Operator: B. Bjork
# nquan = 25
# nvalues = 989                         
# units = specified
# name 0 = prDM: Pressure, Digiquartz [db]
# name 1 = depSM: Depth [salt water, m]
# name 2 = t090C: Temperature [ITS-90, deg C]
# name 3 = c0mS/cm: Conductivity [mS/cm]
# name 4 = t190C: Temperature, 2 [ITS-90, deg C]
# name 5 = c1mS/cm: Conductivity, 2 [mS/cm]
# name 6 = sbeox0ML/L: Oxygen, SBE 43 [ml/l]
# name 7 = sbeox1ML/L: Oxygen, SBE 43, 2 [ml/l]
# name 8 = flECO-AFL: Fluorescence, WET Labs ECO-AFL/FL [mg/m^3]
# name 9 = CStarTr0: Beam Transmission, WET Labs C-Star [%]
# name 10 = par: PAR/Irradiance, Biospherical/Licor
# name 11 = latitude: Latitude [deg]
# name 12 = longitude: Longitude [deg]
# name 13 = timeJ: Julian Days
# name 14 = altM: Altimeter [m]
# name 15 = spar: SPAR, Biospherical/Licor
# name 16 = timeS: Time, Elapsed [seconds]
# name 17 = scan: Scan Count
# name 18 = density00: Density [density, kg/m^3]
# name 19 = density11: Density, 2 [density, kg/m^3]
# name 20 = sal00: Salinity, Practical [PSU]
# name 21 = sal11: Salinity, Practical, 2 [PSU]
# name 22 = oxsolML/L: Oxygen Saturation, Garcia & Gordon [ml/l]
# name 23 = nbin: number of scans per bin
# name 24 = flag: flag
# span 0 =     10.000,    998.000       
# span 1 =      9.897,    985.299       
# span 2 =    -1.4939,     0.5077       
# span 3 =  27.088462,  29.575818       
# span 4 =    -1.4926,     0.5099       
# span 5 =  27.088104,  29.575494       
# span 6 =     4.5733,     7.6758       
# span 7 =     4.8016,     7.9977       
# span 8 =    -0.0201,    13.2105       
# span 9 =    78.7813,    98.2802       
# span 10 = 1.0000e-12, 5.7810e+00      
# span 11 =  -74.23116,  -74.23073      
# span 12 = -112.24010, -112.23105      
# span 13 =  21.347269,  21.362812      
# span 14 =       8.47,     100.23      
# span 15 = 5.2306e+02, 5.6643e+02      
# span 16 =     60.026,   1402.949      
# span 17 =       1442,      33672      
# span 18 =  1027.2379,  1032.4049      
# span 19 =  1027.2364,  1032.4024      
# span 20 =    33.8029,    34.5478      
# span 21 =    33.8009,    34.5451      
# span 22 =    7.93029,    8.39202      
# span 23 =         14,         52      
# span 24 = 0.0000e+00, 0.0000e+00      
# interval = decibars: 1                
# start_time = Jan 21 2022 08:19:04 [NMEA time, header]
# bad_flag = -9.990e-29
*END*
[from data line 870]
    880.000    869.047     0.4825  29.498104     0.4845  29.497949     4.5799     4.8194     0.0045    97.7855 1.0000e-12  -74.23082 -112.23248  21.360637      99.80 5.6060e+02   1215.006      29161  1031.8524  1031.8503    34.5414    34.5390    7.93582         30 0.0000e+00
    881.000    870.032     0.4824  29.498461     0.4844  29.498305     4.5815     4.8212     0.0054    97.8188 1.0000e-12  -74.23082 -112.23248  21.360651      99.86 5.6046e+02   1216.231      29191  1031.8571  1031.8549    34.5414    34.5389    7.93585         28 0.0000e+00
    882.000    871.018     0.4821  29.498615     0.4841  29.498465     4.5836     4.8194     0.0035    97.8180 1.0000e-12  -74.23082 -112.23246  21.360665      99.86 5.5977e+02   1217.439      29220  1031.8617  1031.8596    34.5413    34.5389    7.93590         30 0.0000e+00
    883.000    872.003     0.4822  29.499091     0.4843  29.499009     4.5853     4.8134     0.0007    97.8224 1.0000e-12  -74.23082 -112.23245  21.360678      99.86 5.6095e+02   1218.622      29248  1031.8663  1031.8642    34.5413    34.5388    7.93589         28 0.0000e+00
    884.000    872.991     0.4824  29.499710     0.4844  29.499534     4.5837     4.8114     0.0017    97.8068 1.0000e-12  -74.23081 -112.23244  21.360692      99.86 5.6060e+02   1219.813      29277  1031.8710  1031.8689    34.5413    34.5388    7.93585         28 0.0000e+00
    885.000    873.975     0.4825  29.500262     0.4844  29.500077     4.5814     4.8142     0.0049    97.8473 1.0000e-12  -74.23080 -112.23243  21.360706      99.86 5.6078e+02   1221.014      29305  1031.8756  1031.8736    34.5413    34.5389    7.93582         29 0.0000e+00
    886.000    874.960     0.4823  29.500476     0.4843  29.500335     4.5830     4.8148     0.0131    97.8414 1.0000e-12  -74.23080 -112.23242  21.360720      99.86 5.6146e+02   1222.221      29334  1031.8802  1031.8782    34.5412    34.5388    7.93587         29 0.0000e+00
    887.000    875.945     0.4826  29.501144     0.4846  29.501011     4.5793     4.8181     0.0007    97.8126 1.0000e-12  -74.23080 -112.23240  21.360734      99.86 5.6009e+02   1223.435      29363  1031.8849  1031.8829    34.5412    34.5389    7.93581         29 0.0000e+00
    888.000    876.932     0.4828  29.501837     0.4848  29.501741     4.5809     4.8192     0.0059    97.8197 1.0000e-12  -74.23080 -112.23240  21.360748      93.21 5.6216e+02   1224.649      29393  1031.8896  1031.8876    34.5413    34.5390    7.93576         30 0.0000e+00
    889.000    877.915     0.4829  29.502345     0.4849  29.502223     4.5861     4.8191     0.0025    97.7775 1.0000e-12  -74.23080 -112.23240  21.360762      94.93 5.6060e+02   1225.852      29421  1031.8943  1031.8922    34.5413    34.5389    7.93574         28 0.0000e+00
    890.000    878.902     0.4838  29.503742     0.4860  29.503843     4.5817     4.8191     0.0143    97.8408 1.0000e-12  -74.23080 -112.23239  21.360776      99.87 5.6060e+02   1227.046      29450  1031.8990  1031.8970    34.5415    34.5392    7.93554         29 0.0000e+00
    891.000    879.887     0.4854  29.506179     0.4872  29.505597     4.5833     4.8192     0.0088    97.8057 1.0000e-12  -74.23080 -112.23238  21.360790      99.87 5.6060e+02   1228.236      29479  1031.9041  1031.9018    34.5423    34.5396    7.93516         28 0.0000e+00
    892.000    880.873     0.4844  29.505326     0.4857  29.504473     4.5833     4.8179     0.0030    97.8111 1.0000e-12  -74.23080 -112.23238  21.360804      99.86 5.6060e+02   1229.436      29507  1031.9085  1031.9064    34.5418    34.5392    7.93540         30 0.0000e+00
    893.000    881.858     0.4831  29.504306     0.4850  29.504055     4.5793     4.8183     0.0069    97.8105 1.0000e-12  -74.23080 -112.23236  21.360818      99.87 5.6060e+02   1230.645      29536  1031.9130  1031.9109    34.5414    34.5389    7.93570         28 0.0000e+00
    894.000    882.843     0.4839  29.505541     0.4860  29.505653     4.5807     4.8099     0.0018    97.8379 1.0000e-12  -74.23080 -112.23235  21.360832      99.86 5.6060e+02   1231.860      29566  1031.9176  1031.9157    34.5415    34.5393    7.93552         30 0.0000e+00
    895.000    883.830     0.4853  29.507394     0.4870  29.506991     4.5795     4.8108    -0.0004    97.8362 1.0000e-12  -74.23080 -112.23234  21.360846      99.86 5.6116e+02   1233.071      29595  1031.9224  1031.9204    34.5418    34.5394    7.93523         29 0.0000e+00
    896.000    884.814     0.4844  29.507013     0.4865  29.506900     4.5812     4.8155     0.0120    97.8326 1.0000e-12  -74.23080 -112.23234  21.360860      99.86 5.6187e+02   1234.287      29624  1031.9271  1031.9250    34.5417    34.5393    7.93540         29 0.0000e+00
    897.000    885.799     0.4850  29.508097     0.4870  29.507901     4.5827     4.8159     0.0074    97.8352 1.0000e-12  -74.23080 -112.23232  21.360874      99.86 5.6109e+02   1235.493      29653  1031.9319  1031.9297    34.5419    34.5395    7.93528         29 0.0000e+00
    898.000    886.785     0.4870  29.510780     0.4891  29.510658     4.5789     4.8176     0.0069    97.8098 1.0000e-12  -74.23080 -112.23232  21.360887      99.87 5.6060e+02   1236.678      29681  1031.9368  1031.9346    34.5426    34.5401    7.93482         28 0.0000e+00
    899.000    887.771     0.4874  29.511532     0.4894  29.511445     4.5833     4.8173     0.0084    97.7805 1.0000e-12  -74.23080 -112.23231  21.360901      99.29 5.6060e+02   1237.861      29710  1031.9415  1031.9395    34.5426    34.5403    7.93475         29 0.0000e+00
    900.000    888.755     0.4866  29.511050     0.4887  29.511130     4.5838     4.8146     0.0122    97.8176 1.0000e-12  -74.23079 -112.23230  21.360915      94.92 5.6006e+02   1239.059      29738  1031.9460  1031.9440    34.5423    34.5400    7.93493         29 0.0000e+00
    901.000    889.741     0.4870  29.512010     0.4891  29.511979     4.5837     4.8122     0.0070    97.8425 1.0000e-12  -74.23078 -112.23230  21.360929      98.63 5.6265e+02   1240.260      29767  1031.9507  1031.9487    34.5425    34.5401    7.93483         28 0.0000e+00
    902.000    890.726     0.4866  29.512079     0.4886  29.511895     4.5830     4.8116     0.0102    97.8628 1.0000e-12  -74.23078 -112.23228  21.360943      97.74 5.6254e+02   1241.461      29796  1031.9554  1031.9533    34.5425    34.5400    7.93491         29 0.0000e+00
    903.000    891.713     0.4863  29.511926     0.4878  29.511240     4.5806     4.8128     0.0103    97.8214 1.0000e-12  -74.23078 -112.23227  21.360957      96.66 5.6103e+02   1242.650      29825  1031.9598  1031.9577    34.5420    34.5395    7.93500         28 0.0000e+00
    904.000    892.697     0.4855  29.511570     0.4875  29.511359     4.5826     4.8166     0.0025    97.8255 1.0000e-12  -74.23078 -112.23226  21.360970      95.72 5.6010e+02   1243.845      29853  1031.9645  1031.9623    34.5419    34.5395    7.93518         29 0.0000e+00
    905.000    893.682     0.4857  29.512234     0.4875  29.511829     4.5788     4.8146     0.0042    97.7787 1.0000e-12  -74.23078 -112.23225  21.360984      94.70 5.5925e+02   1245.056      29882  1031.9691  1031.9671    34.5420    34.5395    7.93512         30 0.0000e+00
    906.000    894.669     0.4860  29.512827     0.4879  29.512693     4.5776     4.8079     0.0132    97.8250 1.0000e-12  -74.23078 -112.23224  21.360998      93.70 5.6109e+02   1246.264      29911  1031.9737  1031.9718    34.5419    34.5397    7.93508         28 0.0000e+00
    907.000    895.652     0.4863  29.513702     0.4882  29.513576     4.5781     4.8099     0.0074    97.8183 1.0000e-12  -74.23078 -112.23224  21.361012      92.52 5.6389e+02   1247.465      29940  1031.9785  1031.9765    34.5421    34.5398    7.93499         29 0.0000e+00
    908.000    896.640     0.4864  29.514227     0.4884  29.514143     4.5786     4.8140     0.0135    97.8324 1.0000e-12  -74.23078 -112.23223  21.361026      91.88 5.6268e+02   1248.651      29969  1031.9831  1031.9811    34.5421    34.5398    7.93497         29 0.0000e+00
    909.000    897.624     0.4865  29.514838     0.4887  29.514880     4.5791     4.8155     0.0067    97.8431 1.0000e-12  -74.23078 -112.23222  21.361040      90.87 5.6063e+02   1249.860      29998  1031.9879  1031.9859    34.5422    34.5399    7.93495         29 0.0000e+00
    910.000    898.610     0.4877  29.516574     0.4897  29.516440     4.5816     4.8147     0.0051    97.8246 1.0000e-12  -74.23078 -112.23220  21.361054      89.86 5.6060e+02   1251.083      30027  1031.9927  1031.9906    34.5425    34.5402    7.93468         29 0.0000e+00
    911.000    899.594     0.4880  29.517164     0.4899  29.517092     4.5826     4.8131     0.0072    97.8388 1.0000e-12  -74.23078 -112.23220  21.361068      88.73 5.6060e+02   1252.293      30056  1031.9973  1031.9953    34.5425    34.5402    7.93463         29 0.0000e+00
    912.000    900.581     0.4876  29.517270     0.4899  29.517376     4.5812     4.8137     0.0085    97.8036 1.0000e-12  -74.23078 -112.23218  21.361082      87.85 5.6060e+02   1253.490      30085  1032.0020  1031.9999    34.5424    34.5401    7.93470         29 0.0000e+00
    913.000    901.565     0.4872  29.517245     0.4894  29.517308     4.5832     4.8151     0.0038    97.8425 1.0000e-12  -74.23078 -112.23218  21.361096      86.69 5.6091e+02   1254.687      30113  1032.0066  1032.0045    34.5423    34.5400    7.93480         29 0.0000e+00
    914.000    902.551     0.4881  29.518539     0.4900  29.518429     4.5838     4.8161     0.0143    97.8574 1.0000e-12  -74.23078 -112.23218  21.361110      85.61 5.6305e+02   1255.894      30142  1032.0113  1032.0093    34.5425    34.5402    7.93461         28 0.0000e+00
    915.000    903.536     0.4881  29.519089     0.4902  29.519062     4.5808     4.8141     0.0094    97.8476 1.0000e-12  -74.23080 -112.23216  21.361124      84.87 5.6303e+02   1257.089      30171  1032.0160  1032.0140    34.5426    34.5403    7.93461         29 0.0000e+00
    916.000    904.522     0.4887  29.520154     0.4905  29.519897     4.5810     4.8166     0.0069    97.8454 1.0000e-12  -74.23080 -112.23216  21.361137      84.02 5.6166e+02   1258.278      30200  1032.0207  1032.0187    34.5427    34.5404    7.93447         28 0.0000e+00
    917.000    905.507     0.4887  29.520516     0.4906  29.520370     4.5809     4.8152     0.0005    97.7952 1.0000e-12  -74.23080 -112.23214  21.361151      82.88 5.6200e+02   1259.481      30229  1032.0254  1032.0233    34.5427    34.5403    7.93448         29 0.0000e+00
    918.000    906.492     0.4891  29.521436     0.4912  29.521358     4.5805     4.8175     0.0001    97.8543 1.0000e-12  -74.23080 -112.23213  21.361165      81.95 5.6283e+02   1260.693      30258  1032.0301  1032.0280    34.5429    34.5405    7.93439         30 0.0000e+00
    919.000    907.478     0.4894  29.522186     0.4914  29.522074     4.5840     4.8123     0.0120    97.8211 1.0000e-12  -74.23080 -112.23213  21.361180      80.45 5.6254e+02   1261.916      30287  1032.0348  1032.0328    34.5429    34.5406    7.93432         29 0.0000e+00
    920.000    908.462     0.4898  29.523146     0.4917  29.522953     4.5782     4.8118    -0.0005    97.8309 1.0000e-12  -74.23080 -112.23212  21.361194      79.63 5.6217e+02   1263.135      30316  1032.0397  1032.0376    34.5432    34.5408    7.93423         29 0.0000e+00
    921.000    909.448     0.4899  29.523527     0.4918  29.523406     4.5771     4.8104    -0.0007    97.8049 1.0000e-12  -74.23080 -112.23212  21.361208      78.68 5.6175e+02   1264.343      30345  1032.0441  1032.0422    34.5430    34.5407    7.93422         29 0.0000e+00
    922.000    910.434     0.4902  29.524326     0.4922  29.524207     4.5803     4.8136    -0.0036    97.8254 1.0000e-12  -74.23080 -112.23209  21.361221      77.73 5.6148e+02   1265.532      30374  1032.0489  1032.0468    34.5431    34.5408    7.93414         28 0.0000e+00
    923.000    911.419     0.4894  29.523885     0.4914  29.523754     4.5804     4.8148    -0.0042    97.8264 1.0000e-12  -74.23080 -112.23208  21.361235      76.70 5.6237e+02   1266.723      30402  1032.0534  1032.0514    34.5429    34.5405    7.93432         29 0.0000e+00
    924.000    912.403     0.4887  29.523367     0.4909  29.523592     4.5814     4.8156    -0.0004    97.8490 1.0000e-12  -74.23080 -112.23208  21.361249      75.70 5.6236e+02   1267.943      30432  1032.0578  1032.0559    34.5424    34.5403    7.93449         30 0.0000e+00
    925.000    913.389     0.4942  29.530109     0.4963  29.530036     4.5786     4.8164    -0.0004    97.8316 1.0000e-12  -74.23080 -112.23208  21.361264      74.68 5.6236e+02   1269.171      30461  1032.0635  1032.0614    34.5445    34.5421    7.93325         29 0.0000e+00
    926.000    914.372     0.4957  29.532057     0.4974  29.531730     4.5829     4.8142     0.0055    97.8514 1.0000e-12  -74.23080 -112.23206  21.361278      73.74 5.6236e+02   1270.380      30490  1032.0683  1032.0663    34.5448    34.5425    7.93293         26 0.0000e+00
    927.000    915.362     0.4954  29.532256     0.4975  29.532342     4.5796     4.8115     0.0000    97.8368 1.0000e-12  -74.23080 -112.23206  21.361291      72.97 5.6255e+02   1271.562      30518  1032.0730  1032.0710    34.5448    34.5426    7.93299         29 0.0000e+00
    928.000    916.344     0.4955  29.532772     0.4974  29.532709     4.5786     4.8154     0.0064    97.8370 1.0000e-12  -74.23080 -112.23205  21.361305      71.79 5.6248e+02   1272.757      30547  1032.0777  1032.0757    34.5448    34.5426    7.93296         29 0.0000e+00
    929.000    917.331     0.4959  29.533663     0.4979  29.533581     4.5772     4.8132     0.0072    97.8326 1.0000e-12  -74.23080 -112.23204  21.361319      70.80 5.6157e+02   1273.957      30576  1032.0824  1032.0804    34.5450    34.5427    7.93288         29 0.0000e+00
    930.000    918.315     0.4959  29.534257     0.4981  29.534225     4.5788     4.8091     0.0069    97.8193 1.0000e-12  -74.23080 -112.23202  21.361333      69.79 5.6060e+02   1275.162      30605  1032.0872  1032.0851    34.5451    34.5427    7.93285         29 0.0000e+00
    931.000    919.300     0.4959  29.534597     0.4979  29.534458     4.5760     4.8110     0.0090    97.8426 1.0000e-12  -74.23080 -112.23202  21.361347      68.82 5.6160e+02   1276.348      30633  1032.0918  1032.0897    34.5450    34.5427    7.93286         28 0.0000e+00
    932.000    920.286     0.4961  29.535164     0.4981  29.535038     4.5797     4.8145     0.0117    97.8494 1.0000e-12  -74.23080 -112.23201  21.361360      67.76 5.6242e+02   1277.541      30662  1032.0964  1032.0944    34.5450    34.5427    7.93283         29 0.0000e+00
    933.000    921.271     0.4964  29.535818     0.4985  29.535893     4.5806     4.8140     0.0069    97.8659 1.0000e-12  -74.23080 -112.23200  21.361375      66.81 5.6161e+02   1278.759      30691  1032.1010  1032.0991    34.5449    34.5428    7.93277         30 0.0000e+00
    934.000    922.256     0.4962  29.536234     0.4983  29.536047     4.5809     4.8169     0.0024    97.8128 1.0000e-12  -74.23080 -112.23199  21.361389      65.70 5.6169e+02   1279.985      30721  1032.1059  1032.1037    34.5452    34.5426    7.93280         29 0.0000e+00
    935.000    923.241     0.4964  29.536894     0.4984  29.536599     4.5762     4.8153     0.0049    97.8133 1.0000e-12  -74.23080 -112.23198  21.361404      64.59 5.6369e+02   1281.274      30752  1032.1106  1032.1083    34.5452    34.5427    7.93276         32 0.0000e+00
    936.000    924.227     0.4962  29.537079     0.4984  29.536977     4.5819     4.8147     0.0069    97.8577 1.0000e-12  -74.23080 -112.23197  21.361420      63.69 5.6293e+02   1282.649      30785  1032.1152  1032.1130    34.5451    34.5426    7.93280         34 0.0000e+00
