ocean_section_plots/required_files/ctd/dnbp2202_ctd029.cnv
* Sea-Bird SBE 9 Data File:
* FileName = D:\Data\raw\NBP2202_CTD029.hex
* Software Version Seasave V 7.26.7.121
* Temperature SN = 1649
* Conductivity SN = 2513
* Number of Bytes Per Scan = 40
* Number of Voltage Words = 5
* Number of Scans Averaged by the Deck Unit = 1
* NMEA Latitude = 74 13.69 S
* NMEA Longitude = 112 08.97 W
* NMEA UTC (Time) = Jan 21 2022  10:22:55
* NMEA baud rate = 9600
** Ship: RVIB N.B. Palmer
** Cruise: NBP2202 Thwaites
** Station: 16
** Operator: B. Bjork
# nquan = 25
# nvalues = 932                         
# units = specified
# name 0 = prDM: Pressure, Digiquartz [db]
# name 1 = depSM: Depth [salt water, m]
# name 2 = t090C: Temperature [ITS-90, deg C]
# name 3 = c0mS/cm: Conductivity [mS/cm]
# name 4 = t190C: Temperature, 2 [ITS-90, deg C]
# name 5 = c1mS/cm: Conductivity, 2 [mS/cm]
# name 6 = sbeox0ML/L: Oxygen, SBE 43 [ml/l]
# name 7 = sbeox1ML/L: Oxygen, SBE 43, 2 [ml/l]
# name 8 = flECO-AFL: Fluorescence, WET Labs ECO-AFL/FL [mg/m^3]
# name 9 = CStarTr0: Beam Transmission, WET Labs C-Star [%]
# name 10 = par: PAR/Irradiance, Biospherical/Licor
# name 11 = latitude: Latitude [deg]
# name 12 = longitude: Longitude [deg]
# name 13 = timeJ: Julian Days
# name 14 = altM: Altimeter [m]
# name 15 = spar: SPAR, Biospherical/Licor
# name 16 = timeS: Time, Elapsed [seconds]
# name 17 = scan: Scan Count
# name 18 = density00: Density [density, kg/m^3]
# name 19 = density11: Density, 2 [density, kg/m^3]
# name 20 = sal00: Salinity, Practical [PSU]
# name 21 = sal11: Salinity, Practical, 2 [PSU]
# name 22 = oxsolML/L: Oxygen Saturation, Garcia & Gordon [ml/l]
# name 23 = nbin: number of scans per bin
# name 24 = flag: flag
# span 0 =      2.000,    933.000       
# span 1 =      1.978,    921.270       
# span 2 =    -1.4653,     0.5028       
# span 3 =  27.085967,  29.543446       
# span 4 =    -1.4644,     0.5052       
# span 5 =  27.086034,  29.543500       
# span 6 =     4.5836,     8.1340       
# span 7 =     4.8063,     8.1026       
# span 8 =    -0.0116,    17.2438       
# span 9 =    74.4998,    97.5842       
# span 10 = -5.156e-05, 5.8189e+01      
# span 11 =  -74.22820,  -74.22818      
# span 12 = -112.14969, -112.14958      
# span 13 =  21.435257,  21.450213      
# span 14 =       8.58,     100.55      
# span 15 = 8.8703e+02, 9.7141e+02      
# span 16 =    231.185,   1523.379      
# span 17 =       5549,      36562      
# span 18 =  1027.1933,  1032.1028      
# span 19 =  1027.1951,  1032.1005      
# span 20 =    33.8030,    34.5482      
# span 21 =    33.8051,    34.5454      
# span 22 =    7.93130,    8.38917      
# span 23 =         21,         55      
# span 24 = 0.0000e+00, 0.0000e+00      
# interval = decibars: 1                
# start_time = Jan 21 2022 10:22:55 [NMEA time, header]
# bad_flag = -9.990e-29
*END*
[from data line 174]
    176.000    174.106    -1.4335  27.150270    -1.4326  27.149944     6.1940     6.5303     0.5139    96.4577 1.0000e-12  -74.22820 -112.14962  21.438918      99.89 9.0839e+02    547.502      13141  1028.1815  1028.1803    33.9728    33.9714    8.38026         28 0.0000e+00
    177.000    175.093    -1.4315  27.153673    -1.4300  27.154151     6.1768     6.5256     0.3999    96.3679 1.0000e-12  -74.22820 -112.14962  21.438932      99.89 9.0788e+02    548.715      13170  1028.1876  1028.1867    33.9746    33.9736    8.37971         29 0.0000e+00
    178.000    176.081    -1.4300  27.156104    -1.4290  27.155948     6.1609     6.5093     0.3527    96.4767 1.0000e-12  -74.22820 -112.14962  21.438946      99.89 9.0788e+02    549.931      13199  1028.1931  1028.1921    33.9756    33.9743    8.37931         30 0.0000e+00
    179.000    177.071    -1.4282  27.159409    -1.4278  27.158439     6.1625     6.4921     0.3781    96.3454 1.0000e-12  -74.22820 -112.14962  21.438960      99.88 9.0788e+02    551.131      13228  1028.1994  1028.1979    33.9776    33.9757    8.37880         28 0.0000e+00
    180.000    178.059    -1.4271  27.161995    -1.4261  27.161953     6.1510     6.4859     0.2897    96.5393 1.0000e-12  -74.22820 -112.14962  21.438974      99.89 9.0788e+02    552.316      13257  1028.2055  1028.2045    33.9792    33.9780    8.37845         28 0.0000e+00
    181.000    179.048    -1.4251  27.165204    -1.4242  27.165140     6.1430     6.4787     0.2661    96.4394 1.0000e-12  -74.22820 -112.14962  21.438987      99.89 9.0788e+02    553.500      13285  1028.2114  1028.2104    33.9807    33.9796    8.37790         29 0.0000e+00
    182.000    180.036    -1.4233  27.168291    -1.4226  27.167790     6.1315     6.4671     0.2753    96.2684 1.0000e-12  -74.22820 -112.14962  21.439001      99.88 9.0788e+02    554.694      13314  1028.2174  1028.2161    33.9823    33.9808    8.37741         29 0.0000e+00
    183.000    181.025    -1.4194  27.173327    -1.4189  27.172539     6.1244     6.4538     0.3090    96.5662 1.0000e-12  -74.22819 -112.14963  21.439015      99.38 9.0788e+02    555.899      13343  1028.2234  1028.2221    33.9841    33.9825    8.37641         28 0.0000e+00
    184.000    182.015    -1.4175  27.175957    -1.4167  27.175675     6.1194     6.4506     0.2266    96.4692 1.0000e-12  -74.22818 -112.14964  21.439029      99.37 9.0788e+02    557.109      13372  1028.2289  1028.2277    33.9850    33.9837    8.37595         30 0.0000e+00
    185.000    183.003    -1.4155  27.179866    -1.4145  27.179577     6.1114     6.4438     0.1799    96.5258 1.0000e-12  -74.22818 -112.14964  21.439043      99.89 9.0788e+02    558.292      13400  1028.2355  1028.2343    33.9875    33.9860    8.37534         28 0.0000e+00
    186.000    183.992    -1.4139  27.183810    -1.4129  27.183476     6.0891     6.4243     0.1650    96.6728 1.0000e-12  -74.22818 -112.14964  21.439057      99.88 9.0788e+02    559.484      13429  1028.2427  1028.2414    33.9905    33.9889    8.37480         29 0.0000e+00
    187.000    184.981    -1.4072  27.192455    -1.4059  27.192510     6.0782     6.4086     0.2291    96.7093 1.0000e-12  -74.22818 -112.14964  21.439071      99.89 9.0788e+02    560.706      13458  1028.2501  1028.2489    33.9941    33.9927    8.37308         29 0.0000e+00
    188.000    185.968    -1.4005  27.200054    -1.4000  27.199265     6.0740     6.4008     0.1373    96.9062 1.0000e-12  -74.22818 -112.14964  21.439085      99.88 9.0788e+02    561.920      13487  1028.2564  1028.2550    33.9964    33.9947    8.37145         29 0.0000e+00
    189.000    186.958    -1.4010  27.200282    -1.4005  27.199477     6.0738     6.4007     0.1548    96.8634 1.0000e-12  -74.22818 -112.14964  21.439099      99.89 9.0788e+02    563.113      13516  1028.2614  1028.2601    33.9966    33.9950    8.37154         29 0.0000e+00
    190.000    187.946    -1.3997  27.202608    -1.3988  27.202221     6.0709     6.3981     0.1640    96.8480 1.0000e-12  -74.22818 -112.14964  21.439113      99.90 9.0788e+02    564.326      13545  1028.2671  1028.2658    33.9977    33.9962    8.37119         29 0.0000e+00
    191.000    188.936    -1.3979  27.204943    -1.3971  27.204570     6.0659     6.3966     0.2098    96.9902 1.0000e-12  -74.22818 -112.14964  21.439127      99.89 9.0788e+02    565.536      13574  1028.2723  1028.2712    33.9983    33.9969    8.37076         29 0.0000e+00
    192.000    189.924    -1.3976  27.206439    -1.3969  27.205935     6.0621     6.3930     0.1640    97.0486 1.0000e-12  -74.22818 -112.14964  21.439140      99.89 9.0788e+02    566.732      13603  1028.2781  1028.2768    33.9994    33.9979    8.37062         29 0.0000e+00
    193.000    190.913    -1.3977  27.207519    -1.3968  27.207014     6.0698     6.3940     0.1434    96.9603 1.0000e-12  -74.22818 -112.14964  21.439154      77.41 9.0788e+02    567.932      13631  1028.2836  1028.2823    34.0003    33.9986    8.37057         28 0.0000e+00
    194.000    191.901    -1.3976  27.207965    -1.3968  27.207534     6.0529     6.3839     0.1370    97.0496 1.0000e-12  -74.22818 -112.14964  21.439168      92.19 9.0788e+02    569.127      13660  1028.2884  1028.2871    34.0002    33.9987    8.37056         29 0.0000e+00
    195.000    192.890    -1.3971  27.209197    -1.3962  27.208683     6.0528     6.3761     0.1211    96.9614 1.0000e-12  -74.22818 -112.14964  21.439182      99.84 9.0788e+02    570.305      13688  1028.2936  1028.2922    34.0007    33.9990    8.37042         28 0.0000e+00
    196.000    193.878    -1.3927  27.215506    -1.3920  27.214908     6.0381     6.3635     0.1374    96.9280 1.0000e-12  -74.22818 -112.14963  21.439196      99.89 9.0794e+02    571.494      13717  1028.3007  1028.2993    34.0038    34.0021    8.36926         29 0.0000e+00
    197.000    194.867    -1.3901  27.219518    -1.3890  27.219378     6.0324     6.3509     0.1174    96.9935 1.0000e-12  -74.22818 -112.14963  21.439209      99.89 9.0820e+02    572.698      13746  1028.3069  1028.3056    34.0057    34.0043    8.36855         28 0.0000e+00
    198.000    195.857    -1.3886  27.221700    -1.3876  27.221461     6.0268     6.3470     0.0799    97.0521 1.0000e-12  -74.22818 -112.14963  21.439223      99.89 9.0893e+02    573.894      13774  1028.3122  1028.3109    34.0064    34.0049    8.36818         29 0.0000e+00
    199.000    196.845    -1.3866  27.224366    -1.3859  27.223668     6.0211     6.3459     0.0764    96.9516 1.0000e-12  -74.22818 -112.14962  21.439237      99.89 9.0928e+02    575.086      13803  1028.3175  1028.3161    34.0072    34.0054    8.36768         29 0.0000e+00
    200.000    197.834    -1.3853  27.226220    -1.3845  27.225845     6.0229     6.3507     0.0634    97.0556 1.0000e-12  -74.22818 -112.14964  21.439251      99.89 9.0857e+02    576.272      13832  1028.3226  1028.3215    34.0076    34.0062    8.36736         28 0.0000e+00
    201.000    198.822    -1.3853  27.226804    -1.3844  27.226294     6.0254     6.3443     0.1104    97.1097 1.0000e-12  -74.22818 -112.14962  21.439265      99.89 9.0867e+02    577.456      13860  1028.3276  1028.3262    34.0077    34.0060    8.36735         29 0.0000e+00
    202.000    199.811    -1.3851  27.227534    -1.3843  27.227041     6.0252     6.3423     0.1410    97.1018 1.0000e-12  -74.22818 -112.14964  21.439279      99.89 9.0880e+02    578.665      13889  1028.3326  1028.3313    34.0080    34.0064    8.36731         29 0.0000e+00
    203.000    200.800    -1.3850  27.228427    -1.3842  27.228073     6.0206     6.3472     0.0753    97.2051 1.0000e-12  -74.22818 -112.14964  21.439293      99.90 9.0953e+02    579.895      13918  1028.3378  1028.3366    34.0084    34.0070    8.36724         30 0.0000e+00
    204.000    201.788    -1.3850  27.229075    -1.3841  27.228781     6.0215     6.3511     0.0604    97.1812 1.0000e-12  -74.22818 -112.14964  21.439307      99.89 9.0856e+02    581.109      13948  1028.3428  1028.3416    34.0087    34.0072    8.36724         29 0.0000e+00
    205.000    202.777    -1.3849  27.230193    -1.3841  27.229782     6.0232     6.3469     0.0692    97.0325 1.0000e-12  -74.22818 -112.14964  21.439321      98.94 9.0873e+02    582.320      13977  1028.3483  1028.3470    34.0095    34.0080    8.36716         29 0.0000e+00
    206.000    203.766    -1.3824  27.235083    -1.3817  27.234370     6.0139     6.3325     0.0716    97.1223 1.0000e-12  -74.22818 -112.14964  21.439335      99.90 9.0902e+02    583.529      14006  1028.3556  1028.3541    34.0128    34.0110    8.36641         28 0.0000e+00
    207.000    204.755    -1.3728  27.245869    -1.3722  27.244673     5.9986     6.3256     0.0619    97.1981 1.0000e-12  -74.22818 -112.14963  21.439349      99.89 9.1002e+02    584.715      14034  1028.3625  1028.3605    34.0161    34.0138    8.36406         29 0.0000e+00
    208.000    205.743    -1.3656  27.253558    -1.3646  27.253145     5.9973     6.3219     0.0635    97.2100 1.0000e-12  -74.22818 -112.14963  21.439362      99.89 9.1110e+02    585.908      14063  1028.3683  1028.3668    34.0179    34.0161    8.36234         29 0.0000e+00
    209.000    206.732    -1.3654  27.254246    -1.3642  27.254094     5.9967     6.3181     0.0703    97.2662 1.0000e-12  -74.22818 -112.14962  21.439376      99.89 9.0985e+02    587.108      14092  1028.3733  1028.3719    34.0180    34.0164    8.36229         29 0.0000e+00
    210.000    207.721    -1.3645  27.255531    -1.3638  27.255038     6.0009     6.3238     0.0518    97.2342 1.0000e-12  -74.22818 -112.14962  21.439390      99.89 9.0959e+02    588.303      14120  1028.3781  1028.3768    34.0181    34.0166    8.36208         28 0.0000e+00
    211.000    208.709    -1.3642  27.256339    -1.3636  27.255855     5.9978     6.3185     0.0946    97.0745 1.0000e-12  -74.22818 -112.14962  21.439404      99.89 9.0806e+02    589.488      14149  1028.3831  1028.3819    34.0182    34.0168    8.36201         28 0.0000e+00
    212.000    209.698    -1.3627  27.258606    -1.3615  27.258410     5.9986     6.3202     0.0517    97.2907 1.0000e-12  -74.22818 -112.14962  21.439418      99.89 9.0917e+02    590.680      14177  1028.3885  1028.3871    34.0190    34.0174    8.36162         29 0.0000e+00
    213.000    210.687    -1.3625  27.259402    -1.3618  27.258822     5.9997     6.3133     0.0328    97.1857 1.0000e-12  -74.22818 -112.14962  21.439431      99.90 9.0855e+02    591.881      14206  1028.3935  1028.3922    34.0193    34.0177    8.36156         29 0.0000e+00
    214.000    211.675    -1.3611  27.261066    -1.3599  27.260937     6.0034     6.3164     0.0388    97.1791 1.0000e-12  -74.22818 -112.14962  21.439445      99.85 9.0941e+02    593.084      14235  1028.3982  1028.3970    34.0193    34.0178    8.36123         29 0.0000e+00
    215.000    212.664    -1.3615  27.261096    -1.3610  27.260499     6.0152     6.3254     0.0705    97.2103 1.0000e-12  -74.22818 -112.14962  21.439459      76.83 9.0953e+02    594.299      14264  1028.4030  1028.4020    34.0192    34.0178    8.36134         29 0.0000e+00
    216.000    213.653    -1.3668  27.256905    -1.3664  27.256369     6.0311     6.3415     0.0394    97.2443 1.0000e-12  -74.22818 -112.14962  21.439474      97.26 9.0984e+02    595.514      14293  1028.4079  1028.4070    34.0188    34.0177    8.36255         29 0.0000e+00
    217.000    214.641    -1.3774  27.248788    -1.3756  27.249063     6.0266     6.3427     0.2297    97.2840 1.0000e-12  -74.22818 -112.14962  21.439487      99.86 9.1032e+02    596.713      14322  1028.4136  1028.4122    34.0191    34.0175    8.36490         29 0.0000e+00
    218.000    215.629    -1.3725  27.253817    -1.3716  27.253405     6.0211     6.3403     0.0490    97.2687 1.0000e-12  -74.22818 -112.14962  21.439501      99.89 9.1105e+02    597.919      14351  1028.4187  1028.4173    34.0199    34.0182    8.36377         29 0.0000e+00
    219.000    216.618    -1.3690  27.257643    -1.3693  27.256405     6.0277     6.3489     0.0436    97.2731 1.0000e-12  -74.22818 -112.14960  21.439515      99.89 9.1117e+02    599.116      14380  1028.4237  1028.4227    34.0204    34.0191    8.36294         29 0.0000e+00
    220.000    217.607    -1.3716  27.256546    -1.3713  27.255805     6.0329     6.3574     0.0623    97.2771 1.0000e-12  -74.22818 -112.14962  21.439529      99.90 9.1185e+02    600.307      14408  1028.4293  1028.4283    34.0213    34.0200    8.36347         28 0.0000e+00
    221.000    218.596    -1.3747  27.254646    -1.3748  27.253434     6.0428     6.3626     0.0393    97.2490 1.0000e-12  -74.22818 -112.14961  21.439543      99.89 9.1263e+02    601.508      14437  1028.4346  1028.4334    34.0216    34.0201    8.36416         29 0.0000e+00
    222.000    219.584    -1.3821  27.248876    -1.3779  27.251198     6.0653     6.3842     0.0526    97.2537 1.0000e-12  -74.22818 -112.14961  21.439557      99.89 9.1232e+02    602.703      14466  1028.4397  1028.4382    34.0214    34.0199    8.36582         27 0.0000e+00
    223.000    220.573    -1.3842  27.247564    -1.3829  27.247595     6.0922     6.4183     0.0341    97.2605 1.0000e-12  -74.22818 -112.14961  21.439570      99.89 9.1266e+02    603.881      14494  1028.4446  1028.4433    34.0214    34.0199    8.36630         28 0.0000e+00
    224.000    221.561    -1.4023  27.233309    -1.4017  27.233153     6.1125     6.4334     0.0370    97.1476 1.0000e-12  -74.22818 -112.14960  21.439584      99.89 9.1281e+02    605.088      14523  1028.4508  1028.4500    34.0218    34.0208    8.37034         29 0.0000e+00
    225.000    222.549    -1.4090  27.228740    -1.4089  27.227930     6.1507     6.4635     0.1043    97.2488 1.0000e-12  -74.22818 -112.14962  21.439599      99.90 9.1241e+02    606.311      14552  1028.4565  1028.4555    34.0225    34.0212    8.37181         30 0.0000e+00
    226.000    223.539    -1.4170  27.223255    -1.4178  27.222010     6.1801     6.4954     0.0539    97.2885 1.0000e-12  -74.22818 -112.14961  21.439612      84.25 9.1242e+02    607.504      14581  1028.4624  1028.4619    34.0234    34.0226    8.37355         28 0.0000e+00
    227.000    224.526    -1.4395  27.206562    -1.4383  27.206679     6.1944     6.5055     0.0676    97.2973 1.0000e-12  -74.22818 -112.14961  21.439626      98.80 9.1254e+02    608.681      14609  1028.4701  1028.4691    34.0254    34.0242    8.37849         28 0.0000e+00
    228.000    225.516    -1.4411  27.205765    -1.4399  27.205685     6.1985     6.5144     0.0409    97.3097 1.0000e-12  -74.22818 -112.14961  21.439640      99.90 9.1232e+02    609.881      14638  1028.4749  1028.4737    34.0255    34.0240    8.37885         29 0.0000e+00
    229.000    226.504    -1.4431  27.204563    -1.4414  27.205106     6.1996     6.5263     0.0375    97.2358 1.0000e-12  -74.22818 -112.14960  21.439654      99.88 9.1342e+02    611.085      14667  1028.4797  1028.4786    34.0255    34.0243    8.37929         29 0.0000e+00
    230.000    227.493    -1.4480  27.201388    -1.4469  27.201296     6.2058     6.5268     0.0445    97.2878 1.0000e-12  -74.22818 -112.14962  21.439668      99.89 9.1330e+02    612.283      14696  1028.4850  1028.4838    34.0261    34.0247    8.38036         28 0.0000e+00
    231.000    228.481    -1.4488  27.201182    -1.4477  27.201077     6.2132     6.5327     0.0418    97.2937 1.0000e-12  -74.22818 -112.14962  21.439682      99.89 9.1317e+02    613.482      14725  1028.4898  1028.4885    34.0261    34.0246    8.38055         29 0.0000e+00
    232.000    229.469    -1.4520  27.198994    -1.4515  27.198587     6.2202     6.5544     0.0392    97.3195 1.0000e-12  -74.22818 -112.14961  21.439695      99.89 9.1317e+02    614.674      14753  1028.4946  1028.4937    34.0261    34.0249    8.38126         29 0.0000e+00
