ocean_section_plots/required_files/ctd/dnbp2202_ctd026.cnv
* Sea-Bird SBE 9 Data File:
* FileName = D:\Data\raw\NBP2202_CTD026.hex
* Software Version Seasave V 7.26.7.121
* Temperature SN = 1649
* Conductivity SN = 2513
* Number of Bytes Per Scan = 40
* Number of Voltage Words = 5
* Number of Scans Averaged by the Deck Unit = 1
* NMEA Latitude = 74 13.90 S
* NMEA Longitude = 112 15.78 W
* NMEA UTC (Time) = Jan 21 2022  07:33:37
* NMEA baud rate = 9600
** Ship: RVIB N.B. Palmer
** Cruise: NBP2202 Thwaites
** Station: Tow-Yo #1
** Operator: B. Bjork
# nquan = 25
# nvalues = 1001                        
# units = specified
# name 0 = prDM: Pressure, Digiquartz [db]
# name 1 = depSM: Depth [salt water, m]
# name 2 = t090C: Temperature [ITS-90, deg C]
# name 3 = c0mS/cm: Conductivity [mS/cm]
# name 4 = t190C: Temperature, 2 [ITS-90, deg C]
# name 5 = c1mS/cm: Conductivity, 2 [mS/cm]
# name 6 = sbeox0ML/L: Oxygen, SBE 43 [ml/l]
# name 7 = sbeox1ML/L: Oxygen, SBE 43, 2 [ml/l]
# name 8 = flECO-AFL: Fluorescence, WET Labs ECO-AFL/FL [mg/m^3]
# name 9 = CStarTr0: Beam Transmission, WET Labs C-Star [%]
# name 10 = par: PAR/Irradiance, Biospherical/Licor
# name 11 = latitude: Latitude [deg]
# name 12 = longitude: Longitude [deg]
# name 13 = timeJ: Julian Days
# name 14 = altM: Altimeter [m]
# name 15 = spar: SPAR, Biospherical/Licor
# name 16 = timeS: Time, Elapsed [seconds]
# name 17 = scan: Scan Count
# name 18 = density00: Density [density, kg/m^3]
# name 19 = density11: Density, 2 [density, kg/m^3]
# name 20 = sal00: Salinity, Practical [PSU]
# name 21 = sal11: Salinity, Practical, 2 [PSU]
# name 22 = oxsolML/L: Oxygen Saturation, Garcia & Gordon [ml/l]
# name 23 = nbin: number of scans per bin
# name 24 = flag: flag
# span 0 =     10.000,   1010.000       
# span 1 =      9.898,    997.119       
# span 2 =    -1.5470,     0.5041       
# span 3 =  27.035848,  29.576058       
# span 4 =    -1.5459,     0.5062       
# span 5 =  27.035407,  29.576197       
# span 6 =     4.5798,     7.6759       
# span 7 =     4.8172,     8.0358       
# span 8 =    -0.0122,    11.5316       
# span 9 =    79.2006,    98.2262       
# span 10 = 1.0000e-12, 6.2456e+00      
# span 11 =  -74.23184,  -74.23144      
# span 12 = -112.26284, -112.25091      
# span 13 =  21.315564,  21.331188      
# span 14 =      -9.28,     100.42      
# span 15 = 4.8656e+02, 4.9562e+02      
# span 16 =     47.712,   1397.622      
# span 17 =       1146,      33544      
# span 18 =  1027.2394,  1032.4597      
# span 19 =  1027.2376,  1032.4576      
# span 20 =    33.8043,    34.5466      
# span 21 =    33.8020,    34.5441      
# span 22 =    7.93111,    8.40700      
# span 23 =         19,         47      
# span 24 = 0.0000e+00, 0.0000e+00      
# interval = decibars: 1                
# start_time = Jan 21 2022 07:33:37 [NMEA time, header]
# bad_flag = -9.990e-29
*END*
[from data line 232]
    242.000    239.355    -1.4731  27.183270    -1.4709  27.183558     6.2124     6.5693     0.0632    98.0101 1.0000e-12  -74.23176 -112.25934  21.319978      84.13 4.8688e+02    429.099      10299  1028.5395  1028.5377    34.0222    34.0201    8.38625         28 0.0000e+00
    243.000    240.344    -1.4685  27.187922    -1.4674  27.187323     6.2169     6.5682     0.0719    97.9889 1.0000e-12  -74.23176 -112.25934  21.319992      86.53 4.8808e+02    430.290      10328  1028.5445  1028.5427    34.0228    34.0207    8.38517         29 0.0000e+00
    244.000    241.330    -1.4705  27.186865    -1.4695  27.186218     6.2160     6.5683     0.1115    98.0082 1.0000e-12  -74.23176 -112.25934  21.320005      99.83 4.8838e+02    431.475      10356  1028.5494  1028.5478    34.0229    34.0209    8.38560         28 0.0000e+00
    245.000    242.320    -1.4715  27.186457    -1.4700  27.186168     6.2169     6.5685     0.0734    98.0296 1.0000e-12  -74.23176 -112.25932  21.320019      99.86 4.8880e+02    432.660      10385  1028.5543  1028.5526    34.0229    34.0208    8.38585         29 0.0000e+00
    246.000    243.308    -1.4702  27.188380    -1.4689  27.187903     6.2178     6.5681     0.0519    98.0227 1.0000e-12  -74.23176 -112.25932  21.320033      99.86 4.8797e+02    433.862      10414  1028.5594  1028.5577    34.0234    34.0213    8.38551         29 0.0000e+00
    247.000    244.297    -1.4698  27.189422    -1.4685  27.189023     6.2197     6.5566     0.0531    98.0112 1.0000e-12  -74.23176 -112.25930  21.320047      99.86 4.8716e+02    435.090      10443  1028.5645  1028.5628    34.0239    34.0218    8.38541         30 0.0000e+00
    248.000    245.285    -1.4704  27.189513    -1.4691  27.189103     6.2181     6.5612     0.0588    98.0171 1.0000e-12  -74.23176 -112.25930  21.320061      99.86 4.8711e+02    436.310      10472  1028.5694  1028.5677    34.0240    34.0219    8.38552         29 0.0000e+00
    249.000    246.275    -1.4708  27.189826    -1.4693  27.189467     6.2206     6.5710     0.0486    98.0312 1.0000e-12  -74.23176 -112.25928  21.320075      99.86 4.8831e+02    437.515      10501  1028.5745  1028.5727    34.0242    34.0221    8.38560         28 0.0000e+00
    250.000    247.262    -1.4742  27.187762    -1.4724  27.187727     6.2261     6.5792     0.0409    98.0288 1.0000e-12  -74.23176 -112.25927  21.320089      99.86 4.8832e+02    438.719      10530  1028.5798  1028.5781    34.0247    34.0226    8.38635         29 0.0000e+00
    251.000    248.250    -1.4736  27.188692    -1.4721  27.188455     6.2254     6.5815     0.0453    98.0546 1.0000e-12  -74.23176 -112.25926  21.320103      99.87 4.8832e+02    439.919      10559  1028.5845  1028.5828    34.0246    34.0226    8.38621         29 0.0000e+00
    252.000    249.239    -1.4754  27.187658    -1.4746  27.186815     6.2264     6.5782     0.0398    98.0616 1.0000e-12  -74.23176 -112.25924  21.320117      99.86 4.8839e+02    441.115      10588  1028.5894  1028.5877    34.0246    34.0226    8.38661         29 0.0000e+00
    253.000    250.228    -1.4771  27.186884    -1.4758  27.186443     6.2325     6.5778     0.0436    98.0451 1.0000e-12  -74.23176 -112.25924  21.320131      99.30 4.9009e+02    442.301      10616  1028.5945  1028.5928    34.0249    34.0228    8.38699         27 0.0000e+00
    254.000    251.216    -1.4793  27.185571    -1.4780  27.185265     6.2365     6.5909     0.0490    98.0574 1.0000e-12  -74.23176 -112.25924  21.320144      87.04 4.9008e+02    443.476      10644  1028.5995  1028.5979    34.0250    34.0230    8.38748         29 0.0000e+00
    255.000    252.204    -1.4813  27.185090    -1.4795  27.184843     6.2386     6.5911     0.0410    98.0652 1.0000e-12  -74.23176 -112.25922  21.320158      97.32 4.9008e+02    444.671      10673  1028.6051  1028.6032    34.0259    34.0236    8.38786         29 0.0000e+00
    256.000    253.193    -1.4795  27.188370    -1.4781  27.187902     6.2437     6.5886     0.0304    98.0697 1.0000e-12  -74.23176 -112.25922  21.320172      99.87 4.9008e+02    445.880      10702  1028.6113  1028.6095    34.0279    34.0256    8.38736         29 0.0000e+00
    257.000    254.181    -1.4779  27.190815    -1.4763  27.190546     6.2442     6.5985     0.0419    98.0285 1.0000e-12  -74.23176 -112.25920  21.320186      99.86 4.8965e+02    447.092      10731  1028.6167  1028.6149    34.0287    34.0266    8.38693         29 0.0000e+00
    258.000    255.170    -1.4778  27.191350    -1.4764  27.190990     6.2377     6.5975     0.0441    98.0635 1.0000e-12  -74.23176 -112.25918  21.320200      99.86 4.8844e+02    448.292      10760  1028.6215  1028.6197    34.0288    34.0267    8.38692         29 0.0000e+00
    259.000    256.159    -1.4777  27.191982    -1.4762  27.191615     6.2383     6.5931     0.0482    98.0626 1.0000e-12  -74.23176 -112.25918  21.320214      99.87 4.8838e+02    449.506      10789  1028.6263  1028.6246    34.0288    34.0267    8.38688         30 0.0000e+00
    260.000    257.146    -1.4768  27.193395    -1.4751  27.193228     6.2367     6.5933     0.0406    98.0678 1.0000e-12  -74.23176 -112.25917  21.320228      99.86 4.8832e+02    450.731      10819  1028.6313  1028.6295    34.0292    34.0270    8.38666         29 0.0000e+00
    261.000    258.136    -1.4751  27.195645    -1.4738  27.195148     6.2377     6.5917     0.0491    98.0505 1.0000e-12  -74.23176 -112.25916  21.320242      99.87 4.8832e+02    451.943      10848  1028.6364  1028.6346    34.0297    34.0275    8.38624         28 0.0000e+00
    262.000    259.123    -1.4754  27.196154    -1.4741  27.195731     6.2401     6.5857     0.0407    98.0564 1.0000e-12  -74.23176 -112.25914  21.320256      99.86 4.8832e+02    453.135      10876  1028.6416  1028.6398    34.0301    34.0280    8.38629         29 0.0000e+00
    263.000    260.112    -1.4749  27.197548    -1.4736  27.197103     6.2360     6.5935     0.0402    98.0817 1.0000e-12  -74.23176 -112.25914  21.320270      99.86 4.8826e+02    454.306      10904  1028.6470  1028.6452    34.0309    34.0287    8.38614         28 0.0000e+00
    264.000    261.100    -1.4745  27.198675    -1.4731  27.198313     6.2337     6.5908     0.0436    98.0583 1.0000e-12  -74.23176 -112.25912  21.320283      99.87 4.8838e+02    455.489      10933  1028.6521  1028.6504    34.0313    34.0293    8.38601         29 0.0000e+00
    265.000    262.089    -1.4740  27.199890    -1.4726  27.199491     6.2363     6.5876     0.0439    98.0616 1.0000e-12  -74.23177 -112.25911  21.320297      92.85 4.8916e+02    456.701      10962  1028.6573  1028.6555    34.0318    34.0297    8.38587         29 0.0000e+00
    266.000    263.077    -1.4735  27.200989    -1.4722  27.200522     6.2374     6.5911     0.0678    98.0723 1.0000e-12  -74.23177 -112.25910  21.320312      99.86 4.9001e+02    457.916      10991  1028.6622  1028.6605    34.0321    34.0300    8.38574         29 0.0000e+00
    267.000    264.065    -1.4723  27.203046    -1.4707  27.202833     6.2362     6.5916     0.0407    98.0414 1.0000e-12  -74.23178 -112.25908  21.320325      99.86 4.8833e+02    459.117      11020  1028.6676  1028.6659    34.0330    34.0309    8.38542         29 0.0000e+00
    268.000    265.053    -1.4709  27.205297    -1.4693  27.205052     6.2314     6.5928     0.0589    98.0352 1.0000e-12  -74.23176 -112.25908  21.320340      99.86 4.8832e+02    460.338      11049  1028.6731  1028.6712    34.0338    34.0317    8.38504         30 0.0000e+00
    269.000    266.042    -1.4679  27.209610    -1.4663  27.209305     6.2361     6.5925     0.0642    98.0700 1.0000e-12  -74.23177 -112.25906  21.320354      99.86 4.8832e+02    461.567      11079  1028.6793  1028.6774    34.0358    34.0336    8.38427         28 0.0000e+00
    270.000    267.032    -1.4656  27.213483    -1.4642  27.213117     6.2459     6.5979     0.0480    98.0660 1.0000e-12  -74.23177 -112.25905  21.320368      99.86 4.8790e+02    462.790      11108  1028.6856  1028.6839    34.0379    34.0358    8.38362         30 0.0000e+00
    271.000    268.018    -1.4686  27.212409    -1.4676  27.211867     6.2479     6.5979     0.0557    98.0358 1.0000e-12  -74.23177 -112.25904  21.320382      99.87 4.8759e+02    464.006      11137  1028.6918  1028.6901    34.0392    34.0373    8.38422         29 0.0000e+00
    272.000    269.007    -1.4698  27.211906    -1.4685  27.211443     6.2461     6.5987     0.0476    98.0555 1.0000e-12  -74.23178 -112.25902  21.320396      99.86 4.8771e+02    465.214      11166  1028.6967  1028.6949    34.0393    34.0372    8.38449         29 0.0000e+00
    273.000    269.995    -1.4699  27.212221    -1.4688  27.211656     6.2426     6.6014     0.0479    98.0768 1.0000e-12  -74.23176 -112.25902  21.320410      99.87 4.8705e+02    466.417      11195  1028.7014  1028.6997    34.0392    34.0371    8.38451         29 0.0000e+00
    274.000    270.984    -1.4708  27.212008    -1.4696  27.211505     6.2464     6.6063     0.0363    98.0768 1.0000e-12  -74.23177 -112.25900  21.320424      99.86 4.8723e+02    467.616      11224  1028.7063  1028.7046    34.0393    34.0373    8.38470         29 0.0000e+00
    275.000    271.972    -1.4718  27.211920    -1.4704  27.211560     6.2499     6.6146     0.0344    98.0790 1.0000e-12  -74.23176 -112.25899  21.320438      99.86 4.8851e+02    468.812      11252  1028.7115  1028.7097    34.0397    34.0375    8.38491         28 0.0000e+00
    276.000    272.961    -1.4739  27.211181    -1.4728  27.210669     6.2538     6.6089     0.0485    98.0920 1.0000e-12  -74.23176 -112.25898  21.320451      99.72 4.8838e+02    470.010      11281  1028.7170  1028.7153    34.0404    34.0384    8.38534         29 0.0000e+00
    277.000    273.948    -1.4756  27.211278    -1.4742  27.210766     6.2638     6.6108     0.0441    98.0775 1.0000e-12  -74.23176 -112.25898  21.320466      99.86 4.8783e+02    471.222      11310  1028.7230  1028.7212    34.0419    34.0396    8.38563         29 0.0000e+00
    278.000    274.937    -1.4750  27.212866    -1.4738  27.212256     6.2593     6.6199     0.0359    98.0812 1.0000e-12  -74.23176 -112.25896  21.320480      99.87 4.8759e+02    472.429      11339  1028.7285  1028.7267    34.0428    34.0405    8.38545         29 0.0000e+00
    279.000    275.927    -1.4735  27.215165    -1.4720  27.214802     6.2539     6.6109     0.0332    98.0875 1.0000e-12  -74.23176 -112.25895  21.320493      99.86 4.8833e+02    473.635      11368  1028.7338  1028.7320    34.0436    34.0414    8.38505         29 0.0000e+00
    280.000    276.913    -1.4708  27.218424    -1.4698  27.217604     6.2499     6.6008     0.0440    98.0789 1.0000e-12  -74.23176 -112.25893  21.320508      99.86 4.8814e+02    474.852      11397  1028.7391  1028.7372    34.0444    34.0421    8.38440         30 0.0000e+00
    281.000    277.902    -1.4642  27.225697    -1.4630  27.225003     6.2443     6.6023     0.1164    98.0679 1.0000e-12  -74.23176 -112.25892  21.320522      99.86 4.8802e+02    476.077      11427  1028.7450  1028.7430    34.0463    34.0439    8.38280         29 0.0000e+00
    282.000    278.891    -1.4603  27.229968    -1.4595  27.229000     6.2410     6.5989     0.1377    98.0998 1.0000e-12  -74.23176 -112.25892  21.320536      99.86 4.8783e+02    477.288      11456  1028.7503  1028.7484    34.0471    34.0449    8.38188         29 0.0000e+00
    283.000    279.879    -1.4584  27.232706    -1.4565  27.232612     6.2456     6.5964     0.0439    98.0910 1.0000e-12  -74.23176 -112.25890  21.320550      99.87 4.8717e+02    478.497      11485  1028.7557  1028.7539    34.0481    34.0459    8.38138         29 0.0000e+00
    284.000    280.867    -1.4564  27.235237    -1.4548  27.234933     6.2422     6.5975     0.0385    98.1238 1.0000e-12  -74.23176 -112.25889  21.320564      99.86 4.8698e+02    479.709      11514  1028.7610  1028.7590    34.0487    34.0464    8.38091         29 0.0000e+00
    285.000    281.854    -1.4535  27.238822    -1.4517  27.238765     6.2433     6.5944     0.0188    98.0889 1.0000e-12  -74.23176 -112.25887  21.320578      90.63 4.8821e+02    480.948      11544  1028.7664  1028.7646    34.0497    34.0476    8.38019         30 0.0000e+00
    286.000    282.844    -1.4506  27.242907    -1.4489  27.242623     6.2365     6.5864     0.0272    98.0539 1.0000e-12  -74.23176 -112.25886  21.320592      86.26 4.8873e+02    482.192      11574  1028.7724  1028.7705    34.0514    34.0491    8.37944         30 0.0000e+00
    287.000    283.833    -1.4470  27.247606    -1.4453  27.247422     6.2360     6.5938     0.0228    98.0848 1.0000e-12  -74.23176 -112.25886  21.320607      99.69 4.8850e+02    483.433      11603  1028.7784  1028.7766    34.0531    34.0510    8.37852         30 0.0000e+00
    288.000    284.821    -1.4441  27.251352    -1.4425  27.251069     6.2307     6.5853     0.0268    98.1736 1.0000e-12  -74.23176 -112.25883  21.320621      99.86 4.8794e+02    484.644      11632  1028.7841  1028.7822    34.0544    34.0521    8.37780         28 0.0000e+00
    289.000    285.807    -1.4404  27.256005    -1.4389  27.255731     6.2304     6.5862     0.0266    98.1663 1.0000e-12  -74.23176 -112.25882  21.320635      99.86 4.8673e+02    485.846      11661  1028.7900  1028.7882    34.0560    34.0538    8.37687         29 0.0000e+00
    290.000    286.797    -1.4389  27.258135    -1.4374  27.257857     6.2265     6.5902     0.0365    97.5959 1.0000e-12  -74.23176 -112.25882  21.320649      99.87 4.8656e+02    487.052      11690  1028.7952  1028.7935    34.0565    34.0545    8.37649         29 0.0000e+00
    291.000    287.785    -1.4383  27.259243    -1.4370  27.258860     6.2232     6.5763     0.0364    98.1624 1.0000e-12  -74.23176 -112.25880  21.320663      99.86 4.8674e+02    488.271      11720  1028.8002  1028.7985    34.0568    34.0547    8.37635         30 0.0000e+00
    292.000    288.773    -1.4375  27.260688    -1.4362  27.260068     6.2263     6.5816     0.0269    98.1504 1.0000e-12  -74.23176 -112.25879  21.320677      99.87 4.8735e+02    489.501      11749  1028.8054  1028.8035    34.0573    34.0550    8.37615         29 0.0000e+00
    293.000    289.761    -1.4370  27.261934    -1.4356  27.261434     6.2307     6.5865     0.0160    98.1278 1.0000e-12  -74.23176 -112.25877  21.320691      99.86 4.8756e+02    490.733      11779  1028.8106  1028.8087    34.0577    34.0554    8.37599         30 0.0000e+00
    294.000    290.750    -1.4360  27.263618    -1.4345  27.263286     6.2321     6.5868     0.0143    98.1610 1.0000e-12  -74.23176 -112.25876  21.320706      99.87 4.8677e+02    491.955      11808  1028.8158  1028.8140    34.0583    34.0561    8.37573         29 0.0000e+00
    295.000    291.738    -1.4333  27.267227    -1.4313  27.267466     6.2299     6.5836     0.0209    98.1620 1.0000e-12  -74.23176 -112.25876  21.320720      99.86 4.8656e+02    493.177      11837  1028.8215  1028.8198    34.0596    34.0577    8.37506         29 0.0000e+00
    296.000    292.727    -1.4266  27.275525    -1.4255  27.274534     6.2219     6.5722     0.0142    98.1630 1.0000e-12  -74.23176 -112.25874  21.320734      95.21 4.8656e+02    494.407      11867  1028.8284  1028.8263    34.0628    34.0602    8.37336         30 0.0000e+00
    297.000    293.714    -1.4198  27.283270    -1.4183  27.282775     6.2139     6.5667     0.0143    98.1664 1.0000e-12  -74.23176 -112.25873  21.320748      92.24 4.8677e+02    495.640      11896  1028.8347  1028.8327    34.0651    34.0627    8.37170         30 0.0000e+00
    298.000    294.702    -1.4156  27.288240    -1.4139  27.287971     6.2119     6.5576     0.0143    98.1469 1.0000e-12  -74.23176 -112.25872  21.320762      99.83 4.8674e+02    496.874      11926  1028.8405  1028.8385    34.0666    34.0642    8.37067         29 0.0000e+00
