ocean_section_plots/required_files/ctd/dnbp2202_ctd166.cnv
* Sea-Bird SBE 9 Data File:
* FileName = D:\Data\raw\NBP2202_CTD166.hex
* Software Version Seasave V 7.26.7.121
* Temperature SN = 1649
* Conductivity SN = 2513
* Number of Bytes Per Scan = 40
* Number of Voltage Words = 5
* Number of Scans Averaged by the Deck Unit = 1
* NMEA Latitude = 74 24.00 S
* NMEA Longitude = 110 04.79 W
* NMEA UTC (Time) = Feb 03 2022  04:09:30
* NMEA baud rate = 9600
** Ship: RVIB N.B. Palmer
** Cruise: NBP2202 Thwaites
** Station: 88
** Operator: B Bjork
# nquan = 28
# nvalues = 1127                        
# units = specified
# name 0 = prDM: Pressure, Digiquartz [db]
# name 1 = depSM: Depth [salt water, m]
# name 2 = t090C: Temperature [ITS-90, deg C]
# name 3 = c0mS/cm: Conductivity [mS/cm]
# name 4 = t190C: Temperature, 2 [ITS-90, deg C]
# name 5 = c1mS/cm: Conductivity, 2 [mS/cm]
# name 6 = sbeox0ML/L: Oxygen, SBE 43 [ml/l]
# name 7 = sbeox1ML/L: Oxygen, SBE 43, 2 [ml/l]
# name 8 = flECO-AFL: Fluorescence, WET Labs ECO-AFL/FL [mg/m^3]
# name 9 = CStarTr0: Beam Transmission, WET Labs C-Star [%]
# name 10 = par: PAR/Irradiance, Biospherical/Licor
# name 11 = latitude: Latitude [deg]
# name 12 = longitude: Longitude [deg]
# name 13 = timeJ: Julian Days
# name 14 = altM: Altimeter [m]
# name 15 = spar: SPAR, Biospherical/Licor
# name 16 = timeS: Time, Elapsed [seconds]
# name 17 = scan: Scan Count
# name 18 = density00: Density [density, kg/m^3]
# name 19 = density11: Density, 2 [density, kg/m^3]
# name 20 = v3: Voltage 3
# name 21 = v4: Voltage 4
# name 22 = v5: Voltage 5
# name 23 = sal00: Salinity, Practical [PSU]
# name 24 = sal11: Salinity, Practical, 2 [PSU]
# name 25 = oxsolML/L: Oxygen Saturation, Garcia & Gordon [ml/l]
# name 26 = nbin: number of scans per bin
# name 27 = flag: flag
# span 0 =      3.000,   1129.000       
# span 1 =      2.967,   1114.277       
# span 2 =    -1.5724,     1.1030       
# span 3 =  26.803671,  30.263874       
# span 4 =    -1.5736,     1.1054       
# span 5 =  26.804333,  30.264114       
# span 6 =     4.3163,     5.8543       
# span 7 =     4.3989,     5.9916       
# span 8 =    -0.0225,     0.0864       
# span 9 =    98.6514,    99.7381       
# span 10 = 1.0000e-12, 1.4678e+02      
# span 11 =  -74.40016,  -74.40014      
# span 12 = -110.07986, -110.07982      
# span 13 =  34.175426,  34.190226      
# span 14 =       5.71,     100.04      
# span 15 = 6.9521e+02, 8.0587e+02      
# span 16 =    186.793,   1465.532      
# span 17 =       4484,      35174      
# span 18 =  1027.1603,  1033.0795      
# span 19 =  1027.1619,  1033.0774      
# span 20 =     4.6798,     4.7314      
# span 21 =     0.0627,     0.0825      
# span 22 =     0.1077,     0.1409      
# span 23 =    33.7291,    34.7021      
# span 24 =    33.7318,    34.6998      
# span 25 =    7.80155,    8.42230      
# span 26 =         13,         48      
# span 27 = 0.0000e+00, 0.0000e+00      
# interval = decibars: 1                
# start_time = Feb 03 2022 04:09:30 [NMEA time, header]
# bad_flag = -9.990e-29
*END*
[from data line 311]
    314.000    310.511    -0.7476  27.878611    -0.7459  27.878590     5.1592     5.2756    -0.0144    98.6638 1.0000e-12  -74.40014 -110.07984  34.179734      99.85 7.7743e+02    558.994      13417  1028.9178  1028.9161     4.6805     0.0699     0.1356    34.1049    34.1029    8.22065         25 0.0000e+00
    315.000    311.500    -0.7449  27.881368    -0.7436  27.881117     5.1656     5.2843    -0.0200    98.6740 1.0000e-12  -74.40014 -110.07984  34.179746      99.84 7.7743e+02    560.038      13442  1028.9224  1028.9208     4.6809     0.0694     0.1368    34.1049    34.1031    8.22006         25 0.0000e+00
    316.000    312.487    -0.7402  27.886315    -0.7388  27.886136     5.1812     5.3064    -0.0147    98.6792 1.0000e-12  -74.40014 -110.07984  34.179758      99.85 7.7743e+02    561.080      13467  1028.9274  1028.9259     4.6812     0.0687     0.1370    34.1057    34.1039    8.21899         25 0.0000e+00
    317.000    313.476    -0.7434  27.885043    -0.7426  27.884709     5.2113     5.3283    -0.0214    98.6731 1.0000e-12  -74.40014 -110.07984  34.179770      99.84 7.7743e+02    562.114      13492  1028.9335  1028.9324     4.6809     0.0698     0.1372    34.1070    34.1056    8.21962         25 0.0000e+00
    318.000    314.463    -0.7616  27.872012    -0.7604  27.871845     5.2352     5.3482    -0.0221    98.6649 1.0000e-12  -74.40014 -110.07984  34.179782      99.26 7.7743e+02    563.156      13517  1028.9416  1028.9403     4.6805     0.0695     0.1366    34.1092    34.1077    8.22344         25 0.0000e+00
    319.000    315.451    -0.7606  27.874959    -0.7592  27.874689     5.2493     5.3616    -0.0145    98.6750 1.0000e-12  -74.40014 -110.07984  34.179794      84.59 7.7743e+02    564.196      13542  1028.9481  1028.9464     4.6810     0.0682     0.1344    34.1116    34.1095    8.22310         25 0.0000e+00
    320.000    316.440    -0.7632  27.875439    -0.7616  27.875442     5.2625     5.3787    -0.0202    98.6812 1.0000e-12  -74.40014 -110.07984  34.179806      95.65 7.7743e+02    565.235      13567  1028.9553  1028.9539     4.6812     0.0690     0.1375    34.1145    34.1127    8.22348         25 0.0000e+00
    321.000    317.429    -0.7695  27.871149    -0.7687  27.870689     5.2697     5.3856    -0.0141    98.6642 1.0000e-12  -74.40014 -110.07984  34.179818      99.82 7.7743e+02    566.266      13591  1028.9611  1028.9599     4.6805     0.0698     0.1386    34.1151    34.1137    8.22482         24 0.0000e+00
    322.000    318.416    -0.7733  27.868973    -0.7721  27.868653     5.2770     5.3875    -0.0190    98.6744 1.0000e-12  -74.40014 -110.07984  34.179830      99.85 7.7743e+02    567.312      13616  1028.9667  1028.9652     4.6809     0.0687     0.1352    34.1159    34.1141    8.22561         26 0.0000e+00
    323.000    319.404    -0.7747  27.868273    -0.7736  27.867919     5.2749     5.3954    -0.0169    98.6673 1.0000e-12  -74.40014 -110.07984  34.179842      99.84 7.7743e+02    568.350      13641  1028.9716  1028.9701     4.6806     0.0697     0.1343    34.1160    34.1142    8.22592         24 0.0000e+00
    324.000    320.393    -0.7746  27.869102    -0.7728  27.869303     5.2813     5.4034    -0.0138    98.7025 1.0000e-12  -74.40014 -110.07984  34.179854      99.85 7.7743e+02    569.393      13666  1028.9766  1028.9751     4.6823     0.0699     0.1336    34.1164    34.1146    8.22587         25 0.0000e+00
    325.000    321.380    -0.7802  27.865433    -0.7804  27.864124     5.2849     5.4092    -0.0091    98.6956 1.0000e-12  -74.40014 -110.07984  34.179866      99.85 7.7743e+02    570.435      13691  1028.9823  1028.9811     4.6819     0.0695     0.1363    34.1171    34.1155    8.22704         25 0.0000e+00
    326.000    322.368    -0.7831  27.863231    -0.7806  27.864138     5.2944     5.4160    -0.0136    98.6972 1.0000e-12  -74.40014 -110.07984  34.179878      99.85 7.7730e+02    571.472      13716  1028.9870  1028.9855     4.6820     0.0697     0.1356    34.1168    34.1152    8.22770         26 0.0000e+00
    327.000    323.356    -0.7887  27.859059    -0.7870  27.859320     5.3038     5.4215    -0.0184    98.6814 1.0000e-12  -74.40014 -110.07984  34.179890      99.84 7.7830e+02    572.513      13741  1028.9921  1028.9908     4.6812     0.0697     0.1353    34.1168    34.1152    8.22891         24 0.0000e+00
    328.000    324.346    -0.7918  27.856902    -0.7905  27.856808     5.3062     5.4239    -0.0168    98.6927 1.0000e-12  -74.40014 -110.07984  34.179902      99.85 7.7799e+02    573.546      13766  1028.9971  1028.9957     4.6818     0.0685     0.1344    34.1169    34.1152    8.22960         25 0.0000e+00
    329.000    325.332    -0.7935  27.856087    -0.7921  27.856038     5.3117     5.4275    -0.0188    98.7080 1.0000e-12  -74.40014 -110.07984  34.179914      99.85 7.7702e+02    574.575      13791  1029.0021  1029.0006     4.6825     0.0697     0.1376    34.1170    34.1154    8.22995         25 0.0000e+00
    330.000    326.320    -0.7957  27.854894    -0.7945  27.854606     5.3171     5.4412    -0.0147    98.7193 1.0000e-12  -74.40014 -110.07984  34.179926      99.84 7.7743e+02    575.616      13816  1029.0071  1029.0057     4.6830     0.0695     0.1340    34.1172    34.1155    8.23041         25 0.0000e+00
    331.000    327.309    -0.7976  27.853865    -0.7966  27.853655     5.3285     5.4495    -0.0159    98.7153 1.0000e-12  -74.40014 -110.07984  34.179938      99.57 7.7743e+02    576.659      13841  1029.0121  1029.0109     4.6829     0.0676     0.1338    34.1175    34.1160    8.23082         25 0.0000e+00
    332.000    328.297    -0.8033  27.850807    -0.8019  27.850699     5.3407     5.4626    -0.0208    98.7406 1.0000e-12  -74.40014 -110.07984  34.179950      77.97 7.7743e+02    577.693      13866  1029.0185  1029.0171     4.6841     0.0676     0.1340    34.1191    34.1174    8.23196         25 0.0000e+00
    333.000    329.285    -0.8067  27.849547    -0.8054  27.849190     5.3392     5.4660    -0.0218    98.7390 1.0000e-12  -74.40014 -110.07984  34.179962      98.91 7.7763e+02    578.730      13891  1029.0247  1029.0231     4.6840     0.0696     0.1350    34.1206    34.1187    8.23262         25 0.0000e+00
    334.000    330.273    -0.8069  27.850430    -0.8058  27.850010     5.3419     5.4712    -0.0209    98.7552 1.0000e-12  -74.40014 -110.07984  34.179974      99.84 7.7854e+02    579.774      13916  1029.0302  1029.0286     4.6848     0.0673     0.1329    34.1215    34.1197    8.23262         25 0.0000e+00
    335.000    331.260    -0.8057  27.852250    -0.8044  27.851941     5.3413     5.4629    -0.0145    98.7489 1.0000e-12  -74.40014 -110.07984  34.179986      99.84 7.7737e+02    580.797      13940  1029.0351  1029.0335     4.6845     0.0683     0.1344    34.1220    34.1201    8.23233         24 0.0000e+00
    336.000    332.250    -0.8034  27.855121    -0.8020  27.855043     5.3336     5.4557    -0.0068    98.7410 1.0000e-12  -74.40014 -110.07984  34.179998      99.85 7.7743e+02    581.837      13965  1029.0401  1029.0387     4.6842     0.0687     0.1368    34.1226    34.1209    8.23178         25 0.0000e+00
    337.000    333.236    -0.7987  27.861087    -0.7963  27.861722     5.3268     5.4570    -0.0144    98.7751 1.0000e-12  -74.40014 -110.07984  34.180010      99.84 7.7743e+02    582.886      13990  1029.0463  1029.0446     4.6857     0.0689     0.1356    34.1249    34.1230    8.23064         26 0.0000e+00
    338.000    334.226    -0.7877  27.872320    -0.7860  27.872400     5.3187     5.4546    -0.0217    98.7736 1.0000e-12  -74.40014 -110.07984  34.180022      99.85 7.7671e+02    583.923      14015  1029.0520  1029.0503     4.6857     0.0691     0.1353    34.1270    34.1251    8.22811         24 0.0000e+00
    339.000    335.212    -0.7869  27.873564    -0.7857  27.873143     5.3079     5.4456    -0.0224    98.7761 1.0000e-12  -74.40014 -110.07984  34.180034      99.85 7.7687e+02    584.960      14040  1029.0568  1029.0552     4.6858     0.0694     0.1352    34.1271    34.1252    8.22792         25 0.0000e+00
    340.000    336.201    -0.7802  27.880979    -0.7785  27.880803     5.3037     5.4416    -0.0153    98.7378 1.0000e-12  -74.40014 -110.07984  34.180046      99.84 7.7743e+02    586.004      14065  1029.0625  1029.0607     4.6840     0.0690     0.1359    34.1290    34.1268    8.22636         25 0.0000e+00
    341.000    337.190    -0.7718  27.889602    -0.7704  27.889439     5.2961     5.4296    -0.0147    98.7468 1.0000e-12  -74.40014 -110.07984  34.180058      99.85 7.7706e+02    587.035      14090  1029.0680  1029.0664     4.6844     0.0692     0.1356    34.1306    34.1287    8.22443         24 0.0000e+00
    342.000    338.176    -0.7674  27.894617    -0.7657  27.894422     5.2802     5.4149    -0.0138    98.7576 1.0000e-12  -74.40014 -110.07984  34.180070      99.84 7.7743e+02    588.054      14114  1029.0734  1029.0716     4.6849     0.0703     0.1368    34.1317    34.1296    8.22340         25 0.0000e+00
    343.000    339.166    -0.7538  27.907528    -0.7530  27.906555     5.2570     5.3934    -0.0195    98.7448 1.0000e-12  -74.40014 -110.07984  34.180082      99.84 7.7743e+02    589.100      14139  1029.0784  1029.0767     4.6843     0.0694     0.1364    34.1333    34.1311    8.22035         26 0.0000e+00
    344.000    340.152    -0.7450  27.916229    -0.7416  27.917297     5.2263     5.3642    -0.0218    98.7647 1.0000e-12  -74.40014 -110.07984  34.180094      72.74 7.7743e+02    590.135      14164  1029.0836  1029.0815     4.6852     0.0655     0.1343    34.1345    34.1321    8.21836         24 0.0000e+00
    345.000    341.141    -0.7262  27.934230    -0.7250  27.932823     5.1945     5.3395    -0.0185    98.7585 1.0000e-12  -74.40014 -110.07984  34.180106      90.84 7.7743e+02    591.168      14189  1029.0890  1029.0864     4.6850     0.0698     0.1336    34.1370    34.1338    8.21413         25 0.0000e+00
    346.000    342.129    -0.6946  27.963507    -0.6934  27.962550     5.1811     5.3205    -0.0141    98.7699 1.0000e-12  -74.40014 -110.07984  34.180118      99.84 7.7722e+02    592.208      14214  1029.0941  1029.0919     4.6855     0.0702     0.1345    34.1403    34.1376    8.20707         25 0.0000e+00
    347.000    343.117    -0.6797  27.979036    -0.6771  27.979607     5.1691     5.3038    -0.0112    98.7556 1.0000e-12  -74.40014 -110.07984  34.180130      99.84 7.7687e+02    593.240      14239  1029.1008  1029.0989     4.6848     0.0676     0.1343    34.1437    34.1416    8.20362         25 0.0000e+00
    348.000    344.105    -0.6684  27.991286    -0.6679  27.989705     5.1746     5.3028    -0.0095    98.7434 1.0000e-12  -74.40014 -110.07984  34.180142      99.85 7.7662e+02    594.275      14264  1029.1075  1029.1054     4.6843     0.0691     0.1328    34.1469    34.1443    8.20099         24 0.0000e+00
    349.000    345.094    -0.6588  28.000961    -0.6574  28.000532     5.1725     5.3031    -0.0148    98.7368 1.0000e-12  -74.40014 -110.07984  34.180154      99.85 7.7723e+02    595.310      14288  1029.1132  1029.1113     4.6839     0.0693     0.1346    34.1486    34.1464    8.19882         25 0.0000e+00
    350.000    346.080    -0.6592  28.001326    -0.6577  28.001037     5.1755     5.3053    -0.0162    98.7431 1.0000e-12  -74.40014 -110.07984  34.180166      99.85 7.7665e+02    596.336      14313  1029.1185  1029.1167     4.6843     0.0677     0.1329    34.1489    34.1469    8.19889         25 0.0000e+00
    351.000    347.070    -0.6573  28.004452    -0.6557  28.004199     5.1839     5.3033    -0.0203    98.7349 1.0000e-12  -74.40014 -110.07984  34.180178      99.85 7.7630e+02    597.374      14338  1029.1245  1029.1226     4.6838     0.0690     0.1348    34.1504    34.1482    8.19839         25 0.0000e+00
    352.000    348.057    -0.6558  28.006687    -0.6542  28.006524     5.2013     5.3178    -0.0132    98.7132 1.0000e-12  -74.40014 -110.07984  34.180190      99.84 7.7673e+02    598.420      14363  1029.1299  1029.1282     4.6828     0.0692     0.1352    34.1511    34.1490    8.19802         25 0.0000e+00
    353.000    349.045    -0.6560  28.007456    -0.6551  28.006840     5.2112     5.3370    -0.0068    98.7246 1.0000e-12  -74.40014 -110.07984  34.180202      99.85 7.7729e+02    599.460      14388  1029.1354  1029.1339     4.6833     0.0695     0.1353    34.1518    34.1499    8.19803         25 0.0000e+00
    354.000    350.033    -0.6689  27.998291    -0.6671  27.998545     5.2216     5.3492    -0.0141    98.7020 1.0000e-12  -74.40014 -110.07984  34.180214      99.84 7.7568e+02    600.497      14413  1029.1426  1029.1412     4.6822     0.0691     0.1348    34.1533    34.1517    8.20073         25 0.0000e+00
    355.000    351.021    -0.6716  27.996965    -0.6703  27.996819     5.2193     5.3438    -0.0138    98.7090 1.0000e-12  -74.40014 -110.07984  34.180226      99.84 7.7567e+02    601.529      14438  1029.1482  1029.1468     4.6826     0.0692     0.1369    34.1539    34.1523    8.20128         25 0.0000e+00
    356.000    352.008    -0.6731  27.997089    -0.6724  27.995882     5.2115     5.3371    -0.0147    98.7179 1.0000e-12  -74.40014 -110.07984  34.180238      99.84 7.7567e+02    602.578      14463  1029.1542  1029.1522     4.6830     0.0688     0.1324    34.1553    34.1528    8.20154         24 0.0000e+00
    357.000    352.997    -0.6602  28.009549    -0.6580  28.009685     5.1995     5.3319    -0.0074    98.7246 1.0000e-12  -74.40014 -110.07984  34.180250      81.77 7.7567e+02    603.587      14487  1029.1593  1029.1573     4.6833     0.0665     0.1334    34.1569    34.1546    8.19864         25 0.0000e+00
    358.000    353.984    -0.6504  28.019178    -0.6526  28.015338     5.1929     5.3157    -0.0195    98.7379 1.0000e-12  -74.40014 -110.07984  34.180262      94.45 7.7567e+02    604.626      14512  1029.1645  1029.1624     4.6840     0.0682     0.1355    34.1582    34.1555    8.19644         25 0.0000e+00
    359.000    354.972    -0.6438  28.025798    -0.6422  28.025345     5.1783     5.3091    -0.0156    98.7338 1.0000e-12  -74.40014 -110.07984  34.180274      99.87 7.7567e+02    605.671      14537  1029.1695  1029.1674     4.6838     0.0672     0.1345    34.1591    34.1566    8.19496         25 0.0000e+00
    360.000    355.962    -0.6372  28.032092    -0.6356  28.031743     5.1722     5.3033    -0.0089    98.7574 1.0000e-12  -74.40014 -110.07984  34.180286      99.85 7.7567e+02    606.703      14562  1029.1742  1029.1723     4.6849     0.0693     0.1343    34.1595    34.1572    8.19350         25 0.0000e+00
    361.000    356.947    -0.6358  28.034001    -0.6347  28.033186     5.1692     5.2948    -0.0117    98.7379 1.0000e-12  -74.40014 -110.07984  34.180298      99.84 7.7567e+02    607.742      14587  1029.1793  1029.1773     4.6840     0.0669     0.1344    34.1599    34.1575    8.19318         24 0.0000e+00
    362.000    357.938    -0.6283  28.041584    -0.6265  28.041466     5.1676     5.2942    -0.0145    98.7190 1.0000e-12  -74.40014 -110.07984  34.180310      99.85 7.7509e+02    608.771      14612  1029.1844  1029.1826     4.6830     0.0691     0.1353    34.1610    34.1589    8.19148         25 0.0000e+00
    363.000    358.923    -0.6245  28.045778    -0.6228  28.045531     5.1709     5.2935    -0.0141    98.7307 1.0000e-12  -74.40014 -110.07984  34.180322      99.85 7.7501e+02    609.784      14636  1029.1896  1029.1877     4.6837     0.0693     0.1349    34.1618    34.1595    8.19062         24 0.0000e+00
    364.000    359.912    -0.6208  28.050109    -0.6192  28.049859     5.1729     5.2944    -0.0113    98.7274 1.0000e-12  -74.40014 -110.07984  34.180333      99.85 7.7412e+02    610.778      14660  1029.1951  1029.1933     4.6834     0.0682     0.1341    34.1628    34.1607    8.18975         24 0.0000e+00
