ocean_section_plots/required_files/ctd/dnbp2202_ctd092.cnv
* Sea-Bird SBE 9 Data File:
* FileName = D:\Data\raw\NBP2202_CTD092.hex
* Software Version Seasave V 7.26.7.121
* Temperature SN = 1649
* Conductivity SN = 2513
* Number of Bytes Per Scan = 40
* Number of Voltage Words = 5
* Number of Scans Averaged by the Deck Unit = 1
* NMEA Latitude = 74 10.51 S
* NMEA Longitude = 113 20.67 W
* NMEA UTC (Time) = Jan 26 2022  22:37:36
* NMEA baud rate = 9600
** Ship: RVIB N.B. Palmer
** Cruise: NBP2202 Thwaites
** Station: YoYo001
** Operator: A. Robinson
# nquan = 25
# nvalues = 607                         
# units = specified
# name 0 = prDM: Pressure, Digiquartz [db]
# name 1 = depSM: Depth [salt water, m]
# name 2 = t090C: Temperature [ITS-90, deg C]
# name 3 = c0mS/cm: Conductivity [mS/cm]
# name 4 = t190C: Temperature, 2 [ITS-90, deg C]
# name 5 = c1mS/cm: Conductivity, 2 [mS/cm]
# name 6 = sbeox0ML/L: Oxygen, SBE 43 [ml/l]
# name 7 = sbeox1ML/L: Oxygen, SBE 43, 2 [ml/l]
# name 8 = flECO-AFL: Fluorescence, WET Labs ECO-AFL/FL [mg/m^3]
# name 9 = CStarTr0: Beam Transmission, WET Labs C-Star [%]
# name 10 = par: PAR/Irradiance, Biospherical/Licor
# name 11 = latitude: Latitude [deg]
# name 12 = longitude: Longitude [deg]
# name 13 = timeJ: Julian Days
# name 14 = altM: Altimeter [m]
# name 15 = spar: SPAR, Biospherical/Licor
# name 16 = timeS: Time, Elapsed [seconds]
# name 17 = scan: Scan Count
# name 18 = density00: Density [density, kg/m^3]
# name 19 = density11: Density, 2 [density, kg/m^3]
# name 20 = sal00: Salinity, Practical [PSU]
# name 21 = sal11: Salinity, Practical, 2 [PSU]
# name 22 = oxsolML/L: Oxygen Saturation, Garcia & Gordon [ml/l]
# name 23 = nbin: number of scans per bin
# name 24 = flag: flag
# span 0 =     10.000,    616.000       
# span 1 =      9.897,    608.724       
# span 2 =    -1.5399,     0.1090       
# span 3 =  26.894083,  28.945128       
# span 4 =    -1.5387,     0.1109       
# span 5 =  26.894348,  28.944720       
# span 6 =     4.6778,     8.2117       
# span 7 =     4.7487,     8.1278       
# span 8 =    -0.0216,    20.6090       
# span 9 =    69.1117,    95.5084       
# span 10 = 1.0000e-12, 6.7985e+01      
# span 11 =  -74.17530,  -74.17528      
# span 12 = -113.34460, -113.34456      
# span 13 =  26.943284,  26.952118      
# span 14 =       4.74,     100.46      
# span 15 = 1.8493e+03, 1.8615e+03      
# span 16 =     43.746,    806.961      
# span 17 =       1051,      19368      
# span 18 =  1027.2375,  1030.5208      
# span 19 =  1027.2339,  1030.5185      
# span 20 =    33.8031,    34.3860      
# span 21 =    33.8005,    34.3833      
# span 22 =    8.02184,    8.41340      
# span 23 =         18,         46      
# span 24 = 0.0000e+00, 0.0000e+00      
# interval = decibars: 1                
# start_time = Jan 26 2022 22:37:36 [NMEA time, header]
# bad_flag = -9.990e-29
*END*
[from data line 406]
    416.000    411.281    -0.2233  28.485985    -0.2216  28.485373     4.7802     4.8570    -0.0192    95.1399 1.0000e-12  -74.17528 -113.34460  26.948942      99.86 1.8532e+03    532.601      12783  1029.5044  1029.5021    34.2681    34.2654    8.09851         28 0.0000e+00
    417.000    412.269    -0.2225  28.487452    -0.2204  28.487234     4.7857     4.8578    -0.0165    95.1349 1.0000e-12  -74.17528 -113.34460  26.948956      99.87 1.8531e+03    533.799      12812  1029.5094  1029.5071    34.2685    34.2659    8.09830         30 0.0000e+00
    418.000    413.255    -0.2218  28.488686    -0.2198  28.488428     4.7867     4.8594    -0.0036    95.1351 1.0000e-12  -74.17528 -113.34460  26.948970      99.87 1.8537e+03    535.028      12842  1029.5144  1029.5121    34.2689    34.2662    8.09815         29 0.0000e+00
    419.000    414.245    -0.2219  28.489150    -0.2203  28.488444     4.7866     4.8589    -0.0092    95.1306 1.0000e-12  -74.17528 -113.34460  26.948985      99.86 1.8532e+03    536.271      12871  1029.5192  1029.5170    34.2690    34.2663    8.09816         30 0.0000e+00
    420.000    415.230    -0.2176  28.494684    -0.2152  28.494639     4.7817     4.8596    -0.0062    95.1262 1.0000e-12  -74.17528 -113.34460  26.948999      99.87 1.8529e+03    537.507      12901  1029.5252  1029.5228    34.2709    34.2682    8.09713         29 0.0000e+00
    421.000    416.220    -0.2089  28.504200    -0.2071  28.503540     4.7779     4.8501    -0.0062    95.1404 1.0000e-12  -74.17528 -113.34460  26.949013      99.87 1.8528e+03    538.709      12930  1029.5310  1029.5286    34.2732    34.2703    8.09515         29 0.0000e+00
    422.000    417.206    -0.2034  28.510055    -0.2011  28.509856     4.7762     4.8446    -0.0098    95.1243 1.0000e-12  -74.17528 -113.34460  26.949027      99.86 1.8528e+03    539.895      12958  1029.5362  1029.5338    34.2742    34.2714    8.09393         28 0.0000e+00
    423.000    418.195    -0.1914  28.522670    -0.1900  28.521637     4.7707     4.8430    -0.0100    95.1509 1.0000e-12  -74.17528 -113.34460  26.949040      99.87 1.8528e+03    541.076      12987  1029.5421  1029.5397    34.2770    34.2740    8.09123         29 0.0000e+00
    424.000    419.183    -0.1908  28.523970    -0.1874  28.525017     4.7677     4.8414    -0.0108    95.1601 1.0000e-12  -74.17528 -113.34460  26.949054      79.00 1.8528e+03    542.261      13015  1029.5473  1029.5451    34.2774    34.2750    8.09107         28 0.0000e+00
    425.000    420.170    -0.1863  28.529294    -0.1842  28.529129     4.7684     4.8468    -0.0022    95.2025 1.0000e-12  -74.17528 -113.34460  26.949068      90.02 1.8528e+03    543.456      13044  1029.5529  1029.5507    34.2789    34.2763    8.09004         29 0.0000e+00
    426.000    421.157    -0.1842  28.532084    -0.1822  28.531734     4.7689     4.8457    -0.0156    95.2603 1.0000e-12  -74.17528 -113.34460  26.949082      99.73 1.8528e+03    544.671      13073  1029.5581  1029.5558    34.2796    34.2769    8.08955         30 0.0000e+00
    427.000    422.145    -0.1801  28.536955    -0.1781  28.536624     4.7626     4.8382    -0.0083    95.2533 1.0000e-12  -74.17528 -113.34460  26.949096      99.87 1.8528e+03    545.899      13103  1029.5636  1029.5613    34.2809    34.2782    8.08861         29 0.0000e+00
    428.000    423.132    -0.1740  28.544354    -0.1719  28.544004     4.7672     4.8396    -0.0029    95.2674 1.0000e-12  -74.17528 -113.34460  26.949110      99.87 1.8528e+03    547.126      13132  1029.5699  1029.5675    34.2834    34.2805    8.08719         29 0.0000e+00
    429.000    424.121    -0.1725  28.546444    -0.1704  28.546195     4.7621     4.8414    -0.0090    95.3173 1.0000e-12  -74.17528 -113.34460  26.949124      99.86 1.8528e+03    548.338      13161  1029.5750  1029.5728    34.2838    34.2812    8.08684         29 0.0000e+00
    430.000    425.107    -0.1717  28.547967    -0.1699  28.547533     4.7638     4.8413    -0.0125    95.3402 1.0000e-12  -74.17528 -113.34460  26.949138      99.87 1.8528e+03    549.540      13190  1029.5801  1029.5779    34.2843    34.2817    8.08663         29 0.0000e+00
    431.000    426.096    -0.1698  28.550839    -0.1680  28.550183     4.7652     4.8401    -0.0173    95.3571 1.0000e-12  -74.17528 -113.34460  26.949152      99.86 1.8528e+03    550.750      13219  1029.5857  1029.5833    34.2854    34.2825    8.08618         29 0.0000e+00
    432.000    427.083    -0.1630  28.558139    -0.1610  28.557715     4.7630     4.8378    -0.0132    95.3553 1.0000e-12  -74.17528 -113.34460  26.949166      99.87 1.8528e+03    551.960      13248  1029.5910  1029.5887    34.2868    34.2842    8.08464         29 0.0000e+00
    433.000    428.071    -0.1592  28.562792    -0.1571  28.562254     4.7629     4.8327    -0.0102    95.3607 1.0000e-12  -74.17528 -113.34460  26.949180      99.87 1.8528e+03    553.175      13277  1029.5966  1029.5940    34.2882    34.2852    8.08377         29 0.0000e+00
    434.000    429.059    -0.1512  28.571487    -0.1491  28.571132     4.7597     4.8332    -0.0161    95.3768 1.0000e-12  -74.17528 -113.34460  26.949194      99.87 1.8528e+03    554.389      13306  1029.6023  1029.5999    34.2902    34.2874    8.08196         29 0.0000e+00
    435.000    430.045    -0.1497  28.573315    -0.1475  28.573126     4.7578     4.8344    -0.0176    95.3784 1.0000e-12  -74.17528 -113.34460  26.949208      93.81 1.8528e+03    555.590      13335  1029.6072  1029.6049    34.2903    34.2877    8.08163         29 0.0000e+00
    436.000    431.033    -0.1477  28.575932    -0.1457  28.575404     4.7613     4.8308    -0.0158    95.3978 1.0000e-12  -74.17528 -113.34460  26.949222      90.17 1.8528e+03    556.783      13364  1029.6123  1029.6099    34.2910    34.2881    8.08118         29 0.0000e+00
    437.000    432.020    -0.1406  28.584027    -0.1393  28.582894     4.7558     4.8262    -0.0020    95.4194 1.0000e-12  -74.17528 -113.34459  26.949236      99.85 1.8528e+03    557.976      13392  1029.6184  1029.6159    34.2932    34.2903    8.07955         28 0.0000e+00
    438.000    433.009    -0.1374  28.587993    -0.1351  28.587995     4.7565     4.8275    -0.0089    95.4113 1.0000e-12  -74.17528 -113.34460  26.949250      99.87 1.8528e+03    559.177      13421  1029.6237  1029.6215    34.2943    34.2917    8.07882         30 0.0000e+00
    439.000    433.998    -0.1345  28.591555    -0.1320  28.591684     4.7578     4.8307    -0.0087    95.4165 1.0000e-12  -74.17528 -113.34458  26.949264      99.87 1.8528e+03    560.393      13450  1029.6290  1029.6267    34.2951    34.2925    8.07814         29 0.0000e+00
    440.000    434.983    -0.1330  28.593502    -0.1309  28.593275     4.7586     4.8252    -0.0132    95.4445 1.0000e-12  -74.17528 -113.34458  26.949278      99.87 1.8528e+03    561.607      13480  1029.6339  1029.6317    34.2954    34.2928    8.07781         29 0.0000e+00
    441.000    435.971    -0.1310  28.596193    -0.1286  28.596217     4.7533     4.8198    -0.0171    95.4407 1.0000e-12  -74.17528 -113.34458  26.949292      99.86 1.8528e+03    562.804      13508  1029.6392  1029.6369    34.2962    34.2936    8.07735         28 0.0000e+00
    442.000    436.959    -0.1294  28.598307    -0.1275  28.597920     4.7523     4.8259    -0.0116    95.4790 1.0000e-12  -74.17528 -113.34458  26.949306      99.87 1.8528e+03    564.017      13537  1029.6442  1029.6419    34.2967    34.2940    8.07699         30 0.0000e+00
    443.000    437.946    -0.1285  28.599731    -0.1263  28.599643     4.7534     4.8278    -0.0095    95.4728 1.0000e-12  -74.17528 -113.34458  26.949320      99.86 1.8528e+03    565.230      13567  1029.6491  1029.6469    34.2969    34.2943    8.07677         28 0.0000e+00
    444.000    438.933    -0.1254  28.603673    -0.1227  28.604093     4.7549     4.8266    -0.0153    95.4581 1.0000e-12  -74.17528 -113.34458  26.949334      99.87 1.8528e+03    566.433      13595  1029.6546  1029.6525    34.2981    34.2956    8.07606         29 0.0000e+00
    445.000    439.921    -0.1235  28.606273    -0.1218  28.605561     4.7536     4.8249    -0.0162    95.4576 1.0000e-12  -74.17528 -113.34458  26.949348      99.87 1.8527e+03    567.638      13624  1029.6599  1029.6574    34.2988    34.2959    8.07562         30 0.0000e+00
    446.000    440.910    -0.1240  28.606070    -0.1219  28.605729     4.7556     4.8288    -0.0094    95.4853 1.0000e-12  -74.17528 -113.34458  26.949362      77.69 1.8524e+03    568.837      13653  1029.6645  1029.6621    34.2985    34.2957    8.07575         28 0.0000e+00
    447.000    441.896    -0.1221  28.608648    -0.1201  28.608415     4.7545     4.8259    -0.0111    95.4978 1.0000e-12  -74.17528 -113.34458  26.949375      92.14 1.8520e+03    570.032      13682  1029.6696  1029.6674    34.2992    34.2966    8.07530         28 0.0000e+00
    448.000    442.884    -0.1212  28.610270    -0.1192  28.610017     4.7522     4.8220    -0.0168    95.5084 1.0000e-12  -74.17528 -113.34458  26.949389      99.96 1.8518e+03    571.245      13711  1029.6747  1029.6725    34.2997    34.2972    8.07507         30 0.0000e+00
    449.000    443.871    -0.1233  28.609603    -0.1206  28.609874     4.7586     4.8227    -0.0138    95.4903 1.0000e-12  -74.17528 -113.34458  26.949404      99.87 1.8521e+03    572.473      13740  1029.6804  1029.6780    34.3006    34.2979    8.07547         30 0.0000e+00
    450.000    444.858    -0.1250  28.608990    -0.1231  28.608709     4.7553     4.8264    -0.0098    95.4955 1.0000e-12  -74.17528 -113.34458  26.949418      99.86 1.8528e+03    573.691      13770  1029.6857  1029.6835    34.3011    34.2986    8.07580         29 0.0000e+00
    451.000    445.847    -0.1265  28.608794    -0.1241  28.608567     4.7559     4.8285    -0.0129    95.4867 1.0000e-12  -74.17528 -113.34458  26.949432      99.86 1.8521e+03    574.889      13798  1029.6912  1029.6887    34.3019    34.2990    8.07607         28 0.0000e+00
    452.000    446.834    -0.1274  28.608701    -0.1252  28.608556     4.7567     4.8288    -0.0173    95.4460 1.0000e-12  -74.17528 -113.34458  26.949445      99.87 1.8516e+03    576.081      13827  1029.6963  1029.6941    34.3022    34.2996    8.07625         29 0.0000e+00
    453.000    447.821    -0.1278  28.609661    -0.1257  28.609505     4.7572     4.8312    -0.0173    95.4221 1.0000e-12  -74.17528 -113.34458  26.949459      99.86 1.8526e+03    577.280      13856  1029.7019  1029.6997    34.3033    34.3008    8.07626         29 0.0000e+00
    454.000    448.809    -0.1269  28.611297    -0.1245  28.611301     4.7565     4.8329    -0.0120    95.3646 1.0000e-12  -74.17528 -113.34458  26.949473      99.87 1.8528e+03    578.492      13885  1029.7071  1029.7047    34.3039    34.3013    8.07605         29 0.0000e+00
    455.000    449.796    -0.1257  28.613300    -0.1235  28.613112     4.7616     4.8289    -0.0100    95.3369 1.0000e-12  -74.17528 -113.34458  26.949487      99.86 1.8528e+03    579.696      13914  1029.7123  1029.7099    34.3046    34.3019    8.07575         29 0.0000e+00
    456.000    450.783    -0.1245  28.615572    -0.1225  28.615178     4.7582     4.8289    -0.0095    95.2858 1.0000e-12  -74.17528 -113.34458  26.949501      99.87 1.8528e+03    580.883      13942  1029.7178  1029.7154    34.3057    34.3029    8.07544         28 0.0000e+00
    457.000    451.773    -0.1219  28.619437    -0.1198  28.619119     4.7644     4.8330    -0.0040    95.1974 1.0000e-12  -74.17528 -113.34458  26.949515      81.44 1.8528e+03    582.069      13971  1029.7236  1029.7212    34.3073    34.3045    8.07479         29 0.0000e+00
    458.000    452.758    -0.1203  28.622029    -0.1183  28.621631     4.7639     4.8396    -0.0149    95.1410 1.0000e-12  -74.17528 -113.34458  26.949529      94.77 1.8528e+03    583.280      14000  1029.7290  1029.7267    34.3084    34.3057    8.07440         29 0.0000e+00
    459.000    453.746    -0.1143  28.629988    -0.1127  28.628910     4.7596     4.8346    -0.0120    95.1244 1.0000e-12  -74.17528 -113.34458  26.949543      99.88 1.8528e+03    584.503      14029  1029.7358  1029.7332    34.3116    34.3084    8.07294         29 0.0000e+00
    460.000    454.734    -0.1110  28.634080    -0.1093  28.633282     4.7538     4.8247    -0.0138    95.1154 1.0000e-12  -74.17528 -113.34458  26.949557      99.86 1.8528e+03    585.726      14058  1029.7413  1029.7388    34.3128    34.3098    8.07219         29 0.0000e+00
    461.000    455.721    -0.0988  28.647730    -0.0978  28.646197     4.7530     4.8236    -0.0107    95.1065 1.0000e-12  -74.17528 -113.34458  26.949571      99.87 1.8528e+03    586.937      14087  1029.7480  1029.7454    34.3166    34.3135    8.06939         29 0.0000e+00
    462.000    456.709    -0.0972  28.649869    -0.0954  28.649238     4.7472     4.8265    -0.0045    95.0937 1.0000e-12  -74.17528 -113.34458  26.949585      99.86 1.8528e+03    588.127      14116  1029.7530  1029.7506    34.3171    34.3142    8.06903         28 0.0000e+00
    463.000    457.696    -0.0963  28.651190    -0.0943  28.650864     4.7471     4.8223    -0.0064    95.0942 1.0000e-12  -74.17528 -113.34458  26.949598      99.86 1.8528e+03    589.296      14144  1029.7579  1029.7556    34.3172    34.3145    8.06883         29 0.0000e+00
    464.000    458.683    -0.0961  28.651953    -0.0941  28.651600     4.7436     4.8169    -0.0092    95.0794 1.0000e-12  -74.17528 -113.34458  26.949612      99.87 1.8528e+03    590.484      14173  1029.7628  1029.7605    34.3174    34.3147    8.06878         29 0.0000e+00
    465.000    459.671    -0.0959  28.652499    -0.0935  28.652641     4.7430     4.8224    -0.0100    95.0606 1.0000e-12  -74.17528 -113.34458  26.949626      99.86 1.8528e+03    591.699      14202  1029.7675  1029.7653    34.3173    34.3148    8.06874         29 0.0000e+00
    466.000    460.659    -0.0933  28.656150    -0.0919  28.654972     4.7450     4.8129    -0.0170    95.0243 1.0000e-12  -74.17528 -113.34458  26.949640      99.86 1.8528e+03    592.911      14231  1029.7731  1029.7705    34.3187    34.3155    8.06812         29 0.0000e+00
    467.000    461.646    -0.0917  28.658558    -0.0902  28.657518     4.7463     4.8144    -0.0150    95.0321 1.0000e-12  -74.17528 -113.34458  26.949654      85.15 1.8528e+03    594.117      14260  1029.7784  1029.7759    34.3194    34.3164    8.06773         29 0.0000e+00
    468.000    462.634    -0.0915  28.659299    -0.0893  28.658965     4.7463     4.8183    -0.0108    95.0222 1.0000e-12  -74.17528 -113.34458  26.949668      81.91 1.8528e+03    595.309      14288  1029.7832  1029.7809    34.3196    34.3167    8.06767         28 0.0000e+00
    469.000    463.621    -0.0916  28.659929    -0.0895  28.659600     4.7422     4.8182    -0.0145    95.0294 1.0000e-12  -74.17528 -113.34457  26.949682      99.09 1.8528e+03    596.501      14317  1029.7884  1029.7860    34.3200    34.3171    8.06768         29 0.0000e+00
    470.000    464.608    -0.0918  28.661001    -0.0896  28.660783     4.7427     4.8170    -0.0100    95.0161 1.0000e-12  -74.17528 -113.34457  26.949696      99.86 1.8528e+03    597.705      14346  1029.7939  1029.7917    34.3210    34.3183    8.06766         29 0.0000e+00
    471.000    465.596    -0.0919  28.661201    -0.0898  28.661045     4.7457     4.8153    -0.0110    95.0002 1.0000e-12  -74.17528 -113.34456  26.949710      99.87 1.8528e+03    598.912      14375  1029.7986  1029.7964    34.3208    34.3183    8.06770         29 0.0000e+00
    472.000    466.583    -0.0894  28.664785    -0.0868  28.665109     4.7472     4.8199    -0.0097    95.0019 1.0000e-12  -74.17528 -113.34456  26.949724      99.86 1.8528e+03    600.115      14404  1029.8043  1029.8020    34.3222    34.3196    8.06710         29 0.0000e+00
