ocean_section_plots/required_files/ctd/dnbp2202_ctd026.cnv
* Sea-Bird SBE 9 Data File:
* FileName = D:\Data\raw\NBP2202_CTD026.hex
* Software Version Seasave V 7.26.7.121
* Temperature SN = 1649
* Conductivity SN = 2513
* Number of Bytes Per Scan = 40
* Number of Voltage Words = 5
* Number of Scans Averaged by the Deck Unit = 1
* NMEA Latitude = 74 13.90 S
* NMEA Longitude = 112 15.78 W
* NMEA UTC (Time) = Jan 21 2022  07:33:37
* NMEA baud rate = 9600
** Ship: RVIB N.B. Palmer
** Cruise: NBP2202 Thwaites
** Station: Tow-Yo #1
** Operator: B. Bjork
# nquan = 25
# nvalues = 1001                        
# units = specified
# name 0 = prDM: Pressure, Digiquartz [db]
# name 1 = depSM: Depth [salt water, m]
# name 2 = t090C: Temperature [ITS-90, deg C]
# name 3 = c0mS/cm: Conductivity [mS/cm]
# name 4 = t190C: Temperature, 2 [ITS-90, deg C]
# name 5 = c1mS/cm: Conductivity, 2 [mS/cm]
# name 6 = sbeox0ML/L: Oxygen, SBE 43 [ml/l]
# name 7 = sbeox1ML/L: Oxygen, SBE 43, 2 [ml/l]
# name 8 = flECO-AFL: Fluorescence, WET Labs ECO-AFL/FL [mg/m^3]
# name 9 = CStarTr0: Beam Transmission, WET Labs C-Star [%]
# name 10 = par: PAR/Irradiance, Biospherical/Licor
# name 11 = latitude: Latitude [deg]
# name 12 = longitude: Longitude [deg]
# name 13 = timeJ: Julian Days
# name 14 = altM: Altimeter [m]
# name 15 = spar: SPAR, Biospherical/Licor
# name 16 = timeS: Time, Elapsed [seconds]
# name 17 = scan: Scan Count
# name 18 = density00: Density [density, kg/m^3]
# name 19 = density11: Density, 2 [density, kg/m^3]
# name 20 = sal00: Salinity, Practical [PSU]
# name 21 = sal11: Salinity, Practical, 2 [PSU]
# name 22 = oxsolML/L: Oxygen Saturation, Garcia & Gordon [ml/l]
# name 23 = nbin: number of scans per bin
# name 24 = flag: flag
# span 0 =     10.000,   1010.000       
# span 1 =      9.898,    997.119       
# span 2 =    -1.5470,     0.5041       
# span 3 =  27.035848,  29.576058       
# span 4 =    -1.5459,     0.5062       
# span 5 =  27.035407,  29.576197       
# span 6 =     4.5798,     7.6759       
# span 7 =     4.8172,     8.0358       
# span 8 =    -0.0122,    11.5316       
# span 9 =    79.2006,    98.2262       
# span 10 = 1.0000e-12, 6.2456e+00      
# span 11 =  -74.23184,  -74.23144      
# span 12 = -112.26284, -112.25091      
# span 13 =  21.315564,  21.331188      
# span 14 =      -9.28,     100.42      
# span 15 = 4.8656e+02, 4.9562e+02      
# span 16 =     47.712,   1397.622      
# span 17 =       1146,      33544      
# span 18 =  1027.2394,  1032.4597      
# span 19 =  1027.2376,  1032.4576      
# span 20 =    33.8043,    34.5466      
# span 21 =    33.8020,    34.5441      
# span 22 =    7.93111,    8.40700      
# span 23 =         19,         47      
# span 24 = 0.0000e+00, 0.0000e+00      
# interval = decibars: 1                
# start_time = Jan 21 2022 07:33:37 [NMEA time, header]
# bad_flag = -9.990e-29
*END*
[from data line 638]
    648.000    640.291     0.2389  29.111490     0.2415  29.111491     4.6639     4.9004     0.0038    98.0488 1.0000e-12  -74.23164 -112.25484  21.325836      99.85 4.9007e+02    935.197      22446  1030.7052  1030.7028    34.4408    34.4380    7.99169         30 0.0000e+00
    649.000    641.276     0.2443  29.117712     0.2468  29.117783     4.6625     4.9106     0.0011    98.0728 1.0000e-12  -74.23164 -112.25484  21.325850      99.86 4.9101e+02    936.432      22475  1030.7108  1030.7084    34.4424    34.4397    7.99050         30 0.0000e+00
    650.000    642.264     0.2463  29.120146     0.2482  29.119728     4.6643     4.9122    -0.0006    98.0653 1.0000e-12  -74.23164 -112.25482  21.325864      99.86 4.9063e+02    937.652      22505  1030.7157  1030.7133    34.4428    34.4401    7.99006         29 0.0000e+00
    651.000    643.250     0.2477  29.122142     0.2498  29.121726     4.6601     4.9102    -0.0004    98.0695 1.0000e-12  -74.23164 -112.25481  21.325878      99.86 4.9143e+02    938.898      22535  1030.7206  1030.7181    34.4432    34.4403    7.98974         30 0.0000e+00
    652.000    644.237     0.2482  29.123188     0.2504  29.122857     4.6575     4.9020    -0.0004    98.0909 1.0000e-12  -74.23164 -112.25480  21.325893      87.91 4.9160e+02    940.143      22564  1030.7255  1030.7230    34.4435    34.4406    7.98962         30 0.0000e+00
    653.000    645.223     0.2488  29.124273     0.2510  29.123978     4.6579     4.9058     0.0017    98.0742 1.0000e-12  -74.23164 -112.25478  21.325907      97.10 4.9057e+02    941.370      22594  1030.7304  1030.7279    34.4437    34.4408    7.98949         29 0.0000e+00
    654.000    646.210     0.2503  29.126285     0.2524  29.126016     4.6591     4.9098     0.0037    98.0366 1.0000e-12  -74.23164 -112.25477  21.325921      99.88 4.9008e+02    942.612      22624  1030.7353  1030.7330    34.4441    34.4414    7.98916         30 0.0000e+00
    655.000    647.196     0.2507  29.127282     0.2528  29.126822     4.6582     4.9062    -0.0050    98.0545 1.0000e-12  -74.23164 -112.25476  21.325936      99.86 4.9059e+02    943.854      22654  1030.7402  1030.7377    34.4443    34.4414    7.98905         28 0.0000e+00
    656.000    648.183     0.2511  29.128005     0.2533  29.127834     4.6592     4.9085    -0.0032    98.0546 1.0000e-12  -74.23164 -112.25474  21.325950      99.86 4.9190e+02    945.083      22683  1030.7449  1030.7426    34.4443    34.4416    7.98898         29 0.0000e+00
    657.000    649.169     0.2506  29.127837     0.2530  29.128007     4.6545     4.9077    -0.0004    98.0133 1.0000e-12  -74.23164 -112.25474  21.325964      99.86 4.9208e+02    946.324      22713  1030.7494  1030.7472    34.4440    34.4415    7.98910         30 0.0000e+00
    658.000    650.156     0.2517  29.129611     0.2539  29.129304     4.6540     4.9067    -0.0004    98.0609 1.0000e-12  -74.23164 -112.25472  21.325979      99.86 4.9044e+02    947.545      22742  1030.7544  1030.7519    34.4445    34.4416    7.98883         29 0.0000e+00
    659.000    651.143     0.2544  29.133093     0.2568  29.132978     4.6493     4.9071    -0.0004    98.0846 1.0000e-12  -74.23164 -112.25471  21.325992      99.86 4.9008e+02    948.743      22771  1030.7596  1030.7573    34.4455    34.4427    7.98822         29 0.0000e+00
    660.000    652.129     0.2565  29.135765     0.2586  29.135483     4.6530     4.9012    -0.0006    98.0969 1.0000e-12  -74.23164 -112.25470  21.326007      99.86 4.9061e+02    949.972      22800  1030.7647  1030.7623    34.4461    34.4433    7.98776         30 0.0000e+00
    661.000    653.116     0.2569  29.136731     0.2590  29.136438     4.6573     4.9050    -0.0009    98.0981 1.0000e-12  -74.23162 -112.25468  21.326021      99.86 4.9158e+02    951.192      22830  1030.7695  1030.7672    34.4463    34.4436    7.98766         29 0.0000e+00
    662.000    654.101     0.2573  29.137566     0.2593  29.137298     4.6603     4.9070    -0.0004    98.0984 1.0000e-12  -74.23162 -112.25468  21.326035      75.85 4.9103e+02    952.389      22858  1030.7743  1030.7720    34.4464    34.4438    7.98757         28 0.0000e+00
    663.000    655.089     0.2579  29.138770     0.2602  29.138491     4.6546     4.9055     0.0065    98.0841 1.0000e-12  -74.23162 -112.25467  21.326049      90.12 4.9055e+02    953.604      22887  1030.7792  1030.7768    34.4467    34.4438    7.98742         30 0.0000e+00
    664.000    656.074     0.2580  29.139204     0.2601  29.138994     4.6565     4.9032    -0.0042    98.0917 1.0000e-12  -74.23162 -112.25466  21.326063      99.76 4.9049e+02    954.841      22917  1030.7838  1030.7816    34.4466    34.4440    7.98742         30 0.0000e+00
    665.000    657.062     0.2582  29.140005     0.2603  29.139637     4.6550     4.9038    -0.0052    98.0769 1.0000e-12  -74.23162 -112.25464  21.326077      99.86 4.9117e+02    956.070      22947  1030.7887  1030.7863    34.4468    34.4440    7.98736         29 0.0000e+00
    666.000    658.046     0.2582  29.140464     0.2604  29.140223     4.6570     4.9002    -0.0072    98.0729 1.0000e-12  -74.23162 -112.25464  21.326092      99.86 4.9231e+02    957.312      22976  1030.7935  1030.7910    34.4469    34.4441    7.98736         30 0.0000e+00
    667.000    659.035     0.2586  29.141342     0.2607  29.141091     4.6521     4.9043    -0.0084    98.0670 1.0000e-12  -74.23162 -112.25462  21.326106      99.86 4.9138e+02    958.546      23006  1030.7982  1030.7959    34.4469    34.4443    7.98726         30 0.0000e+00
    668.000    660.021     0.2589  29.142125     0.2610  29.141848     4.6492     4.9094    -0.0082    98.0835 1.0000e-12  -74.23162 -112.25462  21.326120      99.86 4.9040e+02    959.758      23035  1030.8030  1030.8007    34.4471    34.4444    7.98720         28 0.0000e+00
    669.000    661.008     0.2593  29.142846     0.2614  29.142657     4.6532     4.9006    -0.0070    98.0798 1.0000e-12  -74.23162 -112.25461  21.326134      99.87 4.9008e+02    960.978      23064  1030.8076  1030.8054    34.4470    34.4444    7.98712         30 0.0000e+00
    670.000    661.993     0.2612  29.145709     0.2643  29.146340     4.6515     4.8996    -0.0010    98.0944 1.0000e-12  -74.23162 -112.25458  21.326148      99.86 4.9008e+02    962.194      23094  1030.8130  1030.8106    34.4481    34.4455    7.98667         29 0.0000e+00
    671.000    662.980     0.2705  29.156393     0.2730  29.156602     4.6480     4.8994    -0.0004    98.0980 1.0000e-12  -74.23162 -112.25458  21.326162      99.86 4.9020e+02    963.399      23123  1030.8192  1030.8169    34.4512    34.4486    7.98457         29 0.0000e+00
    672.000    663.967     0.2722  29.158850     0.2741  29.158163     4.6444     4.8918    -0.0004    98.0789 1.0000e-12  -74.23162 -112.25457  21.326176      99.86 4.9071e+02    964.612      23152  1030.8244  1030.8218    34.4519    34.4489    7.98418         28 0.0000e+00
    673.000    664.953     0.2725  29.159674     0.2747  29.159385     4.6422     4.8945    -0.0053    98.0541 1.0000e-12  -74.23162 -112.25455  21.326190      87.06 4.9075e+02    965.816      23181  1030.8292  1030.8268    34.4520    34.4492    7.98410         29 0.0000e+00
    674.000    665.940     0.2754  29.163091     0.2776  29.162712     4.6444     4.8961    -0.0084    98.0855 1.0000e-12  -74.23162 -112.25454  21.326204      97.22 4.9026e+02    966.996      23209  1030.8341  1030.8317    34.4527    34.4498    7.98346         29 0.0000e+00
    675.000    666.925     0.2761  29.164310     0.2783  29.164078     4.6445     4.8966    -0.0027    98.1007 1.0000e-12  -74.23162 -112.25454  21.326218      99.85 4.9093e+02    968.204      23238  1030.8390  1030.8367    34.4529    34.4502    7.98330         29 0.0000e+00
    676.000    667.912     0.2774  29.166309     0.2796  29.166140     4.6456     4.8953    -0.0009    98.0515 1.0000e-12  -74.23162 -112.25452  21.326232      99.87 4.9154e+02    969.428      23267  1030.8441  1030.8418    34.4536    34.4509    7.98301         29 0.0000e+00
    677.000    668.899     0.2779  29.167542     0.2800  29.167181     4.6492     4.8890     0.0060    98.0869 1.0000e-12  -74.23162 -112.25452  21.326246      99.86 4.9025e+02    970.638      23296  1030.8491  1030.8468    34.4540    34.4512    7.98287         29 0.0000e+00
    678.000    669.885     0.2785  29.168524     0.2802  29.167787     4.6454     4.8941     0.0009    98.0960 1.0000e-12  -74.23162 -112.25451  21.326260      99.86 4.9008e+02    971.844      23325  1030.8538  1030.8514    34.4540    34.4512    7.98274         30 0.0000e+00
    679.000    670.871     0.2803  29.170661     0.2823  29.170339     4.6470     4.8963     0.0030    98.0864 1.0000e-12  -74.23162 -112.25449  21.326274      99.86 4.9008e+02    973.060      23354  1030.8586  1030.8563    34.4543    34.4516    7.98237         28 0.0000e+00
    680.000    671.858     0.2786  29.169384     0.2802  29.168726     4.6498     4.8976    -0.0033    98.0969 1.0000e-12  -74.23162 -112.25448  21.326288      99.86 4.9008e+02    974.265      23383  1030.8632  1030.8609    34.4539    34.4512    7.98273         30 0.0000e+00
    681.000    672.845     0.2786  29.169921     0.2810  29.169938     4.6437     4.8976    -0.0002    98.0884 1.0000e-12  -74.23162 -112.25447  21.326302      99.87 4.9014e+02    975.487      23413  1030.8679  1030.8657    34.4540    34.4514    7.98272         29 0.0000e+00
    682.000    673.830     0.2792  29.170815     0.2813  29.170479     4.6478     4.8936    -0.0007    98.0457 1.0000e-12  -74.23162 -112.25446  21.326316      99.86 4.9069e+02    976.708      23442  1030.8726  1030.8702    34.4540    34.4512    7.98261         29 0.0000e+00
    683.000    674.818     0.2788  29.170855     0.2808  29.170477     4.6496     4.8900     0.0019    98.0963 1.0000e-12  -74.23162 -112.25446  21.326330      95.40 4.9052e+02    977.891      23470  1030.8773  1030.8749    34.4539    34.4511    7.98269         28 0.0000e+00
    684.000    675.804     0.2793  29.171703     0.2808  29.170898     4.6502     4.8877    -0.0067    98.0838 1.0000e-12  -74.23162 -112.25444  21.326344      83.03 4.9124e+02    979.088      23499  1030.8819  1030.8796    34.4538    34.4511    7.98259         29 0.0000e+00
    685.000    676.789     0.2788  29.171558     0.2809  29.171354     4.6460     4.8968    -0.0024    98.0553 1.0000e-12  -74.23162 -112.25444  21.326358      97.61 4.9105e+02    980.300      23528  1030.8866  1030.8842    34.4537    34.4510    7.98271         29 0.0000e+00
    686.000    677.777     0.2797  29.172827     0.2822  29.173005     4.6435     4.8948    -0.0004    98.0537 1.0000e-12  -74.23162 -112.25442  21.326372      99.86 4.9032e+02    981.499      23557  1030.8912  1030.8890    34.4537    34.4512    7.98252         29 0.0000e+00
    687.000    678.762     0.2797  29.173292     0.2818  29.173110     4.6424     4.8932    -0.0004    98.0855 1.0000e-12  -74.23162 -112.25441  21.326385      99.86 4.9020e+02    982.702      23586  1030.8959  1030.8937    34.4538    34.4512    7.98252         29 0.0000e+00
    688.000    679.749     0.2801  29.174151     0.2826  29.174255     4.6450     4.8935    -0.0004    98.0962 1.0000e-12  -74.23162 -112.25440  21.326399      99.87 4.9014e+02    983.905      23615  1030.9006  1030.8983    34.4539    34.4512    7.98242         29 0.0000e+00
    689.000    680.736     0.2809  29.175483     0.2833  29.175479     4.6449     4.8923    -0.0026    98.0472 1.0000e-12  -74.23164 -112.25438  21.326413      99.86 4.9140e+02    985.110      23644  1030.9055  1030.9032    34.4541    34.4515    7.98224         29 0.0000e+00
    690.000    681.722     0.2845  29.179638     0.2859  29.178582     4.6435     4.8883    -0.0054    98.0439 1.0000e-12  -74.23164 -112.25438  21.326427      99.86 4.9081e+02    986.334      23673  1030.9105  1030.9081    34.4550    34.4520    7.98145         29 0.0000e+00
    691.000    682.709     0.2870  29.182641     0.2893  29.182573     4.6425     4.8882     0.0027    98.0880 1.0000e-12  -74.23164 -112.25436  21.326442      99.86 4.9062e+02    987.558      23702  1030.9154  1030.9131    34.4555    34.4529    7.98090         29 0.0000e+00
    692.000    683.694     0.2880  29.184305     0.2901  29.184001     4.6470     4.8941     0.0067    98.0784 1.0000e-12  -74.23164 -112.25436  21.326456      99.86 4.9056e+02    988.763      23731  1030.9204  1030.9181    34.4560    34.4533    7.98067         29 0.0000e+00
    693.000    684.681     0.2874  29.184004     0.2897  29.183890     4.6428     4.8901     0.0021    98.0830 1.0000e-12  -74.23164 -112.25435  21.326470      99.87 4.9154e+02    989.967      23760  1030.9249  1030.9226    34.4557    34.4530    7.98080         29 0.0000e+00
    694.000    685.667     0.2868  29.183729     0.2893  29.183859     4.6473     4.8912    -0.0009    98.0946 1.0000e-12  -74.23164 -112.25434  21.326484      99.86 4.9092e+02    991.178      23789  1030.9295  1030.9272    34.4554    34.4528    7.98094         29 0.0000e+00
    695.000    686.653     0.2888  29.186539     0.2913  29.186649     4.6435     4.8930    -0.0007    98.0771 1.0000e-12  -74.23164 -112.25432  21.326497      86.08 4.9007e+02    992.362      23818  1030.9347  1030.9324    34.4563    34.4537    7.98048         28 0.0000e+00
    696.000    687.640     0.2900  29.188423     0.2920  29.188028     4.6397     4.8925    -0.0004    98.0581 1.0000e-12  -74.23164 -112.25432  21.326511      74.72 4.9008e+02    993.543      23846  1030.9397  1030.9373    34.4568    34.4541    7.98020         29 0.0000e+00
    697.000    688.626     0.2897  29.188474     0.2917  29.187792     4.6405     4.8945    -0.0081    98.0740 1.0000e-12  -74.23164 -112.25431  21.326525      84.47 4.9008e+02    994.741      23875  1030.9443  1030.9417    34.4567    34.4537    7.98027         29 0.0000e+00
    698.000    689.614     0.2899  29.189200     0.2922  29.189219     4.6446     4.8914    -0.0060    98.0627 1.0000e-12  -74.23164 -112.25430  21.326539      99.64 4.9116e+02    995.941      23904  1030.9491  1030.9469    34.4568    34.4543    7.98022         29 0.0000e+00
    699.000    690.598     0.2909  29.191208     0.2931  29.190957     4.6458     4.8896     0.0027    98.0689 1.0000e-12  -74.23164 -112.25428  21.326553      99.86 4.9115e+02    997.147      23933  1030.9545  1030.9521    34.4578    34.4550    7.97996         28 0.0000e+00
    700.000    691.586     0.2911  29.191930     0.2932  29.191660     4.6417     4.8832    -0.0066    98.0490 1.0000e-12  -74.23164 -112.25428  21.326567      99.86 4.9037e+02    998.349      23961  1030.9593  1030.9570    34.4580    34.4553    7.97992         29 0.0000e+00
    701.000    692.571     0.2909  29.192818     0.2931  29.192487     4.6433     4.8924    -0.0004    98.0600 1.0000e-12  -74.23164 -112.25426  21.326581      99.86 4.9037e+02    999.561      23990  1030.9646  1030.9622    34.4587    34.4559    7.97991         30 0.0000e+00
    702.000    693.559     0.2909  29.193255     0.2930  29.193098     4.6377     4.8900     0.0035    98.0605 1.0000e-12  -74.23164 -112.25425  21.326595      99.86 4.9103e+02   1000.779      24020  1030.9694  1030.9672    34.4588    34.4562    7.97992         27 0.0000e+00
    703.000    694.544     0.2909  29.193873     0.2930  29.193623     4.6444     4.8923     0.0066    98.0519 1.0000e-12  -74.23164 -112.25424  21.326609      99.86 4.9135e+02   1002.000      24049  1030.9742  1030.9720    34.4589    34.4563    7.97990         29 0.0000e+00
    704.000    695.531     0.2918  29.195711     0.2939  29.195557     4.6450     4.8926    -0.0044    98.0775 1.0000e-12  -74.23164 -112.25422  21.326623      99.86 4.9009e+02   1003.201      24078  1030.9796  1030.9774    34.4598    34.4573    7.97968         29 0.0000e+00
