ocean_section_plots/required_files/ctd/dnbp2202_ctd117.cnv
* Sea-Bird SBE 9 Data File:
* FileName = D:\Data\raw\NBP2202_CTD117.hex
* Software Version Seasave V 7.26.7.121
* Temperature SN = 1649
* Conductivity SN = 2513
* Number of Bytes Per Scan = 40
* Number of Voltage Words = 5
* Number of Scans Averaged by the Deck Unit = 1
* NMEA Latitude = 74 10.52 S
* NMEA Longitude = 113 20.65 W
* NMEA UTC (Time) = Jan 27 2022  09:33:29
* NMEA baud rate = 9600
** Ship: RVIB N.B. Palmer
** Cruise: NBP2202 Thwaites
** Station: YoYo001
** Operator: B. Bjork
# nquan = 25
# nvalues = 608                         
# units = specified
# name 0 = prDM: Pressure, Digiquartz [db]
# name 1 = depSM: Depth [salt water, m]
# name 2 = t090C: Temperature [ITS-90, deg C]
# name 3 = c0mS/cm: Conductivity [mS/cm]
# name 4 = t190C: Temperature, 2 [ITS-90, deg C]
# name 5 = c1mS/cm: Conductivity, 2 [mS/cm]
# name 6 = sbeox0ML/L: Oxygen, SBE 43 [ml/l]
# name 7 = sbeox1ML/L: Oxygen, SBE 43, 2 [ml/l]
# name 8 = flECO-AFL: Fluorescence, WET Labs ECO-AFL/FL [mg/m^3]
# name 9 = CStarTr0: Beam Transmission, WET Labs C-Star [%]
# name 10 = par: PAR/Irradiance, Biospherical/Licor
# name 11 = latitude: Latitude [deg]
# name 12 = longitude: Longitude [deg]
# name 13 = timeJ: Julian Days
# name 14 = altM: Altimeter [m]
# name 15 = spar: SPAR, Biospherical/Licor
# name 16 = timeS: Time, Elapsed [seconds]
# name 17 = scan: Scan Count
# name 18 = density00: Density [density, kg/m^3]
# name 19 = density11: Density, 2 [density, kg/m^3]
# name 20 = sal00: Salinity, Practical [PSU]
# name 21 = sal11: Salinity, Practical, 2 [PSU]
# name 22 = oxsolML/L: Oxygen Saturation, Garcia & Gordon [ml/l]
# name 23 = nbin: number of scans per bin
# name 24 = flag: flag
# span 0 =     10.000,    617.000       
# span 1 =      9.897,    609.702       
# span 2 =    -1.3874,     0.1069       
# span 3 =  27.061259,  28.940995       
# span 4 =    -1.3866,     0.1089       
# span 5 =  27.061423,  28.940145       
# span 6 =     4.6756,     8.7114       
# span 7 =     4.7276,     8.6356       
# span 8 =    -0.0224,    25.9453       
# span 9 =    69.3483,    95.6239       
# span 10 = 1.0000e-12, 1.8935e+00      
# span 11 =  -74.17536,  -74.17536      
# span 12 = -113.34428, -113.34424      
# span 13 =  27.398550,  27.405797      
# span 14 =       6.82,     100.52      
# span 15 = 1.2516e+02, 1.3574e+02      
# span 16 =     25.742,    651.868      
# span 17 =        619,      15646      
# span 18 =  1027.2236,  1030.5240      
# span 19 =  1027.2218,  1030.5217      
# span 20 =    33.7856,    34.3847      
# span 21 =    33.7838,    34.3821      
# span 22 =    8.02236,    8.37689      
# span 23 =         13,         41      
# span 24 = 0.0000e+00, 0.0000e+00      
# interval = decibars: 1                
# start_time = Jan 27 2022 09:33:29 [NMEA time, header]
# bad_flag = -9.990e-29
*END*
[from data line 406]
    416.000    411.281    -0.1784  28.537204    -0.1759  28.537262     4.7847     4.8354    -0.0184    95.1944 1.0000e-12  -74.17536 -113.34426  27.403297      99.86 1.3222e+02    435.853      10461  1029.5157  1029.5133    34.2859    34.2831    8.08797         24 0.0000e+00
    417.000    412.269    -0.1728  28.543518    -0.1703  28.543539     4.7811     4.8396    -0.0127    95.1897 1.0000e-12  -74.17536 -113.34426  27.403309      99.87 1.3222e+02    436.867      10486  1029.5212  1029.5189    34.2873    34.2846    8.08669         25 0.0000e+00
    418.000    413.257    -0.1686  28.548731    -0.1665  28.548335     4.7845     4.8333    -0.0168    95.2028 1.0000e-12  -74.17536 -113.34426  27.403320      99.86 1.3222e+02    437.889      10510  1029.5269  1029.5245    34.2890    34.2861    8.08571         24 0.0000e+00
    419.000    414.243    -0.1681  28.549818    -0.1660  28.549537     4.7829     4.8361    -0.0139    95.2153 1.0000e-12  -74.17536 -113.34426  27.403332      99.86 1.3222e+02    438.910      10535  1029.5320  1029.5296    34.2893    34.2866    8.08560         25 0.0000e+00
    420.000    415.231    -0.1684  28.550457    -0.1662  28.550166     4.7738     4.8408    -0.0106    95.2113 1.0000e-12  -74.17536 -113.34426  27.403344      99.87 1.3222e+02    439.950      10560  1029.5372  1029.5348    34.2898    34.2870    8.08562         25 0.0000e+00
    421.000    416.219    -0.1674  28.551754    -0.1653  28.551557     4.7751     4.8306    -0.0150    95.2072 1.0000e-12  -74.17536 -113.34426  27.403356      99.86 1.3222e+02    440.998      10585  1029.5419  1029.5397    34.2899    34.2873    8.08541         25 0.0000e+00
    422.000    417.209    -0.1660  28.553573    -0.1631  28.553956     4.7721     4.8282    -0.0147    95.1989 1.0000e-12  -74.17536 -113.34426  27.403369      99.86 1.3222e+02    442.040      10610  1029.5468  1029.5444    34.2902    34.2874    8.08510         25 0.0000e+00
    423.000    418.193    -0.1628  28.556238    -0.1603  28.556184     4.7701     4.8317    -0.0098    95.1969 1.0000e-12  -74.17536 -113.34426  27.403380      81.28 1.3222e+02    443.073      10635  1029.5508  1029.5483    34.2895    34.2866    8.08446         25 0.0000e+00
    424.000    419.183    -0.1615  28.557886    -0.1592  28.557778     4.7650     4.8258    -0.0109    95.1948 1.0000e-12  -74.17536 -113.34426  27.403392      83.48 1.3222e+02    444.105      10660  1029.5555  1029.5532    34.2896    34.2869    8.08417         25 0.0000e+00
    425.000    420.170    -0.1620  28.557574    -0.1599  28.557357     4.7644     4.8228    -0.0104    95.2070 1.0000e-12  -74.17536 -113.34426  27.403404      93.90 1.3222e+02    445.134      10684  1029.5601  1029.5578    34.2892    34.2865    8.08431         24 0.0000e+00
    426.000    421.156    -0.1609  28.559256    -0.1590  28.558824     4.7686     4.8187    -0.0109    95.1764 1.0000e-12  -74.17536 -113.34426  27.403416      98.80 1.3266e+02    446.161      10709  1029.5651  1029.5627    34.2896    34.2868    8.08405         25 0.0000e+00
    427.000    422.146    -0.1587  28.562310    -0.1567  28.561815     4.7649     4.8227    -0.0117    95.1654 1.0000e-12  -74.17536 -113.34426  27.403428      99.86 1.3281e+02    447.187      10733  1029.5704  1029.5680    34.2906    34.2877    8.08353         24 0.0000e+00
    428.000    423.132    -0.1576  28.563941    -0.1560  28.563073     4.7589     4.8202    -0.0118    95.1525 1.0000e-12  -74.17536 -113.34426  27.403440      99.86 1.3243e+02    448.210      10758  1029.5754  1029.5729    34.2909    34.2880    8.08328         25 0.0000e+00
    429.000    424.121    -0.1569  28.565341    -0.1550  28.564821     4.7635     4.8146    -0.0114    95.1514 1.0000e-12  -74.17536 -113.34426  27.403452      99.86 1.3266e+02    449.227      10782  1029.5805  1029.5780    34.2914    34.2886    8.08311         24 0.0000e+00
    430.000    425.107    -0.1554  28.567641    -0.1534  28.567304     4.7621     4.8191    -0.0179    95.1423 1.0000e-12  -74.17536 -113.34426  27.403464      99.86 1.3299e+02    450.246      10807  1029.5857  1029.5834    34.2921    34.2895    8.08273         25 0.0000e+00
    431.000    426.096    -0.1554  28.568141    -0.1533  28.567924     4.7637     4.8214    -0.0184    95.1482 1.0000e-12  -74.17536 -113.34426  27.403475      99.86 1.3266e+02    451.270      10831  1029.5906  1029.5882    34.2923    34.2895    8.08274         24 0.0000e+00
    432.000    427.083    -0.1557  28.568043    -0.1533  28.568158     4.7658     4.8179    -0.0024    95.1330 1.0000e-12  -74.17536 -113.34426  27.403487      99.86 1.3292e+02    452.293      10856  1029.5950  1029.5929    34.2919    34.2894    8.08282         25 0.0000e+00
    433.000    428.071    -0.1527  28.572143    -0.1513  28.570929     4.7677     4.8222    -0.0010    95.1126 1.0000e-12  -74.17536 -113.34426  27.403499      99.86 1.3251e+02    453.323      10881  1029.6007  1029.5981    34.2933    34.2902    8.08209         25 0.0000e+00
    434.000    429.059    -0.1506  28.574953    -0.1486  28.574633     4.7674     4.8233    -0.0137    95.1124 1.0000e-12  -74.17536 -113.34426  27.403511      99.87 1.3271e+02    454.359      10906  1029.6059  1029.6036    34.2942    34.2914    8.08162         25 0.0000e+00
    435.000    430.046    -0.1487  28.577441    -0.1462  28.577915     4.7602     4.8169    -0.0172    95.0870 1.0000e-12  -74.17536 -113.34426  27.403523      99.86 1.3251e+02    455.396      10931  1029.6110  1029.6091    34.2948    34.2926    8.08118         24 0.0000e+00
    436.000    431.033    -0.1489  28.577987    -0.1451  28.579584     4.7613     4.8122    -0.0156    95.0918 1.0000e-12  -74.17536 -113.34426  27.403535      92.20 1.3307e+02    456.423      10955  1029.6161  1029.6141    34.2951    34.2929    8.08120         25 0.0000e+00
    437.000    432.021    -0.1345  28.595682    -0.1309  28.596996     4.7586     4.8160    -0.0069    95.0938 1.0000e-12  -74.17536 -113.34426  27.403547      80.24 1.3278e+02    457.453      10980  1029.6250  1029.6229    34.3018    34.2995    8.07777         25 0.0000e+00
    438.000    433.009    -0.1331  28.597694    -0.1306  28.597894     4.7625     4.8176    -0.0059    95.0785 1.0000e-12  -74.17536 -113.34424  27.403559      92.95 1.3259e+02    458.475      11004  1029.6300  1029.6278    34.3023    34.2997    8.07744         24 0.0000e+00
    439.000    433.995    -0.1312  28.600373    -0.1295  28.599677     4.7545     4.8165    -0.0059    95.0815 1.0000e-12  -74.17536 -113.34426  27.403571      99.84 1.3264e+02    459.498      11029  1029.6353  1029.6330    34.3031    34.3003    8.07700         25 0.0000e+00
    440.000    434.984    -0.1274  28.605266    -0.1246  28.605636     4.7566     4.8176    -0.0008    95.1049 1.0000e-12  -74.17536 -113.34425  27.403583      99.86 1.3278e+02    460.530      11054  1029.6411  1029.6388    34.3048    34.3022    8.07610         25 0.0000e+00
    441.000    435.971    -0.1243  28.608900    -0.1224  28.608451     4.7560     4.8140    -0.0077    95.0882 1.0000e-12  -74.17536 -113.34425  27.403594      99.86 1.3273e+02    461.558      11078  1029.6463  1029.6440    34.3055    34.3028    8.07540         24 0.0000e+00
    442.000    436.958    -0.1243  28.609322    -0.1221  28.609135     4.7552     4.8051    -0.0162    95.0722 1.0000e-12  -74.17536 -113.34424  27.403606      99.86 1.3307e+02    462.587      11103  1029.6510  1029.6488    34.3055    34.3028    8.07540         25 0.0000e+00
    443.000    437.947    -0.1243  28.609872    -0.1220  28.609825     4.7532     4.8071    -0.0100    95.0640 1.0000e-12  -74.17536 -113.34424  27.403618      99.86 1.3292e+02    463.623      11128  1029.6559  1029.6537    34.3056    34.3030    8.07539         25 0.0000e+00
    444.000    438.933    -0.1231  28.611585    -0.1207  28.611654     4.7520     4.8052    -0.0103    95.0833 1.0000e-12  -74.17536 -113.34425  27.403630      99.86 1.3306e+02    464.653      11153  1029.6609  1029.6586    34.3060    34.3034    8.07513         25 0.0000e+00
    445.000    439.923    -0.1197  28.615935    -0.1184  28.614758     4.7549     4.8037    -0.0101    95.0891 1.0000e-12  -74.17536 -113.34425  27.403642      99.86 1.3325e+02    465.682      11177  1029.6665  1029.6639    34.3073    34.3043    8.07433         24 0.0000e+00
    446.000    440.908    -0.1186  28.617407    -0.1166  28.617104     4.7515     4.8065    -0.0092    95.0660 1.0000e-12  -74.17536 -113.34425  27.403654      99.86 1.3292e+02    466.710      11202  1029.6712  1029.6691    34.3075    34.3049    8.07409         25 0.0000e+00
    447.000    441.897    -0.1199  28.616580    -0.1171  28.617164     4.7461     4.8084    -0.0016    95.0429 1.0000e-12  -74.17536 -113.34425  27.403666      99.86 1.3332e+02    467.737      11227  1029.6759  1029.6738    34.3072    34.3049    8.07437         24 0.0000e+00
    448.000    442.884    -0.1167  28.620738    -0.1149  28.619883     4.7501     4.8097    -0.0173    95.0172 1.0000e-12  -74.17536 -113.34424  27.403678      99.86 1.3328e+02    468.766      11251  1029.6816  1029.6789    34.3086    34.3055    8.07363         25 0.0000e+00
    449.000    443.871    -0.1128  28.625678    -0.1108  28.625034     4.7480     4.8077    -0.0117    95.0239 1.0000e-12  -74.17536 -113.34424  27.403690      99.23 1.3299e+02    469.811      11276  1029.6872  1029.6847    34.3101    34.3071    8.07271         25 0.0000e+00
    450.000    444.859    -0.1119  28.627246    -0.1099  28.626779     4.7514     4.8104    -0.0163    95.0186 1.0000e-12  -74.17536 -113.34424  27.403702      87.17 1.3349e+02    470.847      11301  1029.6923  1029.6899    34.3106    34.3078    8.07249         25 0.0000e+00
    451.000    445.847    -0.1098  28.630258    -0.1079  28.629734     4.7518     4.8066    -0.0118    95.0125 1.0000e-12  -74.17536 -113.34424  27.403714      99.09 1.3342e+02    471.877      11326  1029.6977  1029.6953    34.3117    34.3088    8.07199         25 0.0000e+00
    452.000    446.834    -0.1089  28.631797    -0.1068  28.631523     4.7446     4.8107    -0.0106    95.0094 1.0000e-12  -74.17536 -113.34425  27.403726      99.85 1.3363e+02    472.904      11351  1029.7028  1029.7005    34.3122    34.3094    8.07178         25 0.0000e+00
    453.000    447.821    -0.1084  28.632750    -0.1062  28.632638     4.7573     4.8119    -0.0137    95.0119 1.0000e-12  -74.17536 -113.34426  27.403737      99.86 1.3325e+02    473.922      11375  1029.7076  1029.7053    34.3123    34.3096    8.07167         24 0.0000e+00
    454.000    448.808    -0.1093  28.632199    -0.1070  28.632088     4.7509     4.8065    -0.0136    95.0278 1.0000e-12  -74.17536 -113.34426  27.403749      99.86 1.3383e+02    474.946      11400  1029.7122  1029.7099    34.3119    34.3092    8.07187         25 0.0000e+00
    455.000    449.796    -0.1081  28.634140    -0.1069  28.632945     4.7476     4.8074    -0.0141    95.0280 1.0000e-12  -74.17536 -113.34426  27.403761      99.86 1.3398e+02    475.978      11424  1029.7174  1029.7149    34.3126    34.3096    8.07159         24 0.0000e+00
    456.000    450.784    -0.1089  28.633732    -0.1067  28.633648     4.7528     4.8051    -0.0103    95.0300 1.0000e-12  -74.17536 -113.34426  27.403773      52.47 1.3398e+02    477.010      11449  1029.7220  1029.7198    34.3123    34.3098    8.07176         25 0.0000e+00
    457.000    451.770    -0.1074  28.636048    -0.1053  28.635839     4.7504     4.8075    -0.0004    95.0125 1.0000e-12  -74.17536 -113.34426  27.403785      99.68 1.3398e+02    478.038      11474  1029.7272  1029.7250    34.3131    34.3105    8.07140         25 0.0000e+00
    458.000    452.761    -0.1069  28.637045    -0.1042  28.637511     4.7479     4.8002    -0.0037    95.0269 1.0000e-12  -74.17536 -113.34426  27.403797      99.86 1.3398e+02    479.058      11498  1029.7321  1029.7300    34.3133    34.3109    8.07129         24 0.0000e+00
    459.000    453.745    -0.1056  28.639072    -0.1034  28.638925     4.7502     4.7996    -0.0103    95.0197 1.0000e-12  -74.17536 -113.34426  27.403809      99.86 1.3398e+02    480.085      11523  1029.7372  1029.7350    34.3139    34.3113    8.07097         25 0.0000e+00
    460.000    454.733    -0.1046  28.640735    -0.1023  28.640709     4.7514     4.8034    -0.0089    95.0346 1.0000e-12  -74.17536 -113.34426  27.403821      99.86 1.3398e+02    481.115      11548  1029.7423  1029.7400    34.3144    34.3118    8.07074         24 0.0000e+00
    461.000    455.722    -0.1037  28.642172    -0.1017  28.641868     4.7520     4.8042    -0.0085    95.0298 1.0000e-12  -74.17536 -113.34426  27.403833      99.86 1.3398e+02    482.153      11573  1029.7472  1029.7449    34.3147    34.3120    8.07052         26 0.0000e+00
    462.000    456.708    -0.1038  28.642551    -0.1017  28.642265     4.7492     4.8065    -0.0019    95.0020 1.0000e-12  -74.17536 -113.34426  27.403845      72.14 1.3398e+02    483.196      11598  1029.7520  1029.7497    34.3147    34.3120    8.07055         24 0.0000e+00
    463.000    457.697    -0.1034  28.643536    -0.1009  28.643762     4.7510     4.8064    -0.0167    95.0071 1.0000e-12  -74.17536 -113.34426  27.403857      91.66 1.3398e+02    484.231      11623  1029.7569  1029.7547    34.3150    34.3125    8.07045         26 0.0000e+00
    464.000    458.683    -0.1015  28.646142    -0.0993  28.646096     4.7503     4.8065    -0.0088    95.0093 1.0000e-12  -74.17536 -113.34426  27.403869      99.68 1.3398e+02    485.268      11647  1029.7621  1029.7599    34.3158    34.3132    8.07001         25 0.0000e+00
    465.000    459.671    -0.1015  28.646469    -0.0994  28.646335     4.7464     4.8070    -0.0167    95.0119 1.0000e-12  -74.17536 -113.34426  27.403881      99.86 1.3398e+02    486.294      11672  1029.7667  1029.7645    34.3156    34.3131    8.07002         24 0.0000e+00
    466.000    460.658    -0.1020  28.646487    -0.0998  28.646307     4.7461     4.8086    -0.0095    94.9583 1.0000e-12  -74.17536 -113.34426  27.403892      99.86 1.3398e+02    487.311      11696  1029.7715  1029.7691    34.3156    34.3128    8.07012         24 0.0000e+00
    467.000    461.646    -0.1005  28.648645    -0.0983  28.648410     4.7437     4.8045    -0.0027    94.9847 1.0000e-12  -74.17536 -113.34426  27.403904      99.86 1.3398e+02    488.334      11721  1029.7766  1029.7742    34.3162    34.3134    8.06978         25 0.0000e+00
    468.000    462.632    -0.0986  28.651428    -0.0963  28.651277     4.7444     4.7976    -0.0010    94.9898 1.0000e-12  -74.17536 -113.34426  27.403916      99.86 1.3398e+02    489.366      11746  1029.7819  1029.7795    34.3171    34.3143    8.06932         25 0.0000e+00
    469.000    463.621    -0.0970  28.653855    -0.0951  28.653336     4.7495     4.7993    -0.0113    94.9929 1.0000e-12  -74.17536 -113.34426  27.403928      99.86 1.3398e+02    490.400      11771  1029.7872  1029.7848    34.3180    34.3152    8.06894         25 0.0000e+00
    470.000    464.608    -0.0968  28.654487    -0.0947  28.654336     4.7475     4.7996    -0.0135    94.9788 1.0000e-12  -74.17536 -113.34426  27.403940      99.86 1.3398e+02    491.435      11795  1029.7920  1029.7897    34.3180    34.3154    8.06889         25 0.0000e+00
    471.000    465.597    -0.0953  28.656904    -0.0931  28.656831     4.7479     4.8038    -0.0090    94.9945 1.0000e-12  -74.17536 -113.34426  27.403952      99.87 1.3398e+02    492.465      11820  1029.7973  1029.7951    34.3189    34.3164    8.06852         24 0.0000e+00
    472.000    466.582    -0.0866  28.667787    -0.0847  28.667236     4.7432     4.8030    -0.0046    94.9732 1.0000e-12  -74.17536 -113.34426  27.403964      99.86 1.3398e+02    493.484      11845  1029.8045  1029.8021    34.3229    34.3201    8.06645         24 0.0000e+00
