ocean_section_plots/required_files/ctd/dnbp2202_ctd162.cnv
* Sea-Bird SBE 9 Data File:
* FileName = D:\Data\raw\NBP2202_CTD162.hex
* Software Version Seasave V 7.26.7.121
* Temperature SN = 1649
* Conductivity SN = 2513
* Number of Bytes Per Scan = 40
* Number of Voltage Words = 5
* Number of Scans Averaged by the Deck Unit = 1
* NMEA Latitude = 74 14.28 S
* NMEA Longitude = 112 14.04 W
* NMEA UTC (Time) = Feb 01 2022  01:03:51
* NMEA baud rate = 9600
** Ship: RVIB N.B. Palmer
** Cruise: NBP2202 Thwaites
** Station: 84
** Operator: A. Robinson
# nquan = 28
# nvalues = 504                         
# units = specified
# name 0 = prDM: Pressure, Digiquartz [db]
# name 1 = depSM: Depth [salt water, m]
# name 2 = t090C: Temperature [ITS-90, deg C]
# name 3 = c0mS/cm: Conductivity [mS/cm]
# name 4 = t190C: Temperature, 2 [ITS-90, deg C]
# name 5 = c1mS/cm: Conductivity, 2 [mS/cm]
# name 6 = sbeox0ML/L: Oxygen, SBE 43 [ml/l]
# name 7 = sbeox1ML/L: Oxygen, SBE 43, 2 [ml/l]
# name 8 = flECO-AFL: Fluorescence, WET Labs ECO-AFL/FL [mg/m^3]
# name 9 = CStarTr0: Beam Transmission, WET Labs C-Star [%]
# name 10 = par: PAR/Irradiance, Biospherical/Licor
# name 11 = latitude: Latitude [deg]
# name 12 = longitude: Longitude [deg]
# name 13 = timeJ: Julian Days
# name 14 = altM: Altimeter [m]
# name 15 = spar: SPAR, Biospherical/Licor
# name 16 = timeS: Time, Elapsed [seconds]
# name 17 = scan: Scan Count
# name 18 = density00: Density [density, kg/m^3]
# name 19 = density11: Density, 2 [density, kg/m^3]
# name 20 = v3: Voltage 3
# name 21 = v4: Voltage 4
# name 22 = v5: Voltage 5
# name 23 = sal00: Salinity, Practical [PSU]
# name 24 = sal11: Salinity, Practical, 2 [PSU]
# name 25 = oxsolML/L: Oxygen Saturation, Garcia & Gordon [ml/l]
# name 26 = nbin: number of scans per bin
# name 27 = flag: flag
# span 0 =      3.000,    506.000       
# span 1 =      2.968,    500.151       
# span 2 =    -1.5230,    -0.1473       
# span 3 =  27.020258,  28.635881       
# span 4 =    -1.5235,    -0.1447       
# span 5 =  27.020187,  28.635914       
# span 6 =     4.9023,     8.1384       
# span 7 =     4.9842,     8.2543       
# span 8 =     0.0015,    19.0522       
# span 9 =    72.8866,    93.5640       
# span 10 = -3.136e-04, 3.7662e+02      
# span 11 =  -74.23802,  -74.23800      
# span 12 = -112.23402, -112.23398      
# span 13 =  32.047324,  32.055506      
# span 14 =      75.45,     100.27      
# span 15 = 7.8033e+02, 1.9280e+03      
# span 16 =    257.775,    964.743      
# span 17 =       6188,      23155      
# span 18 =  1027.2021,  1029.9734      
# span 19 =  1027.2071,  1029.9708      
# span 20 =     3.4581,     4.4386      
# span 21 =     0.0711,     3.0074      
# span 22 =     0.1147,     0.2240      
# span 23 =    33.8077,    34.3286      
# span 24 =    33.8118,    34.3257      
# span 25 =    8.07896,    8.40187      
# span 26 =         18,         69      
# span 27 = 0.0000e+00, 0.0000e+00      
# interval = decibars: 1                
# start_time = Feb 01 2022 01:03:51 [NMEA time, header]
# bad_flag = -9.990e-29
*END*
[from data line 415]
    418.000    413.255    -1.2448  27.562293    -1.2438  27.561927     6.0087     6.1234     0.0329    93.5383 1.0000e-12  -74.23800 -112.23402  32.053724      99.88 8.4266e+02    810.732      19459  1029.4935  1029.4922     4.4374     0.0755     0.1170    34.1742    34.1726    8.32608         26 0.0000e+00
    419.000    414.242    -1.2478  27.561224    -1.2466  27.560855     6.0068     6.1161     0.0338    93.5123 1.0000e-12  -74.23800 -112.23402  32.053737      99.89 8.4168e+02    811.837      19485  1029.4995  1029.4980     4.4362     0.0758     0.1182    34.1756    34.1737    8.32667         27 0.0000e+00
    420.000    415.231    -1.2441  27.565275    -1.2426  27.565199     6.0059     6.1143     0.0205    93.5284 1.0000e-12  -74.23800 -112.23402  32.053749      99.88 8.4035e+02    812.935      19511  1029.5046  1029.5030     4.4369     0.0793     0.1209    34.1763    34.1745    8.32580         26 0.0000e+00
    421.000    416.218    -1.2410  27.568706    -1.2394  27.568615     5.9862     6.0985     0.0449    93.5590 1.0000e-12  -74.23800 -112.23402  32.053762      75.45 8.3881e+02    814.039      19538  1029.5096  1029.5079     4.4383     0.0731     0.1186    34.1769    34.1749    8.32509         27 0.0000e+00
    422.000    417.205    -1.2288  27.580674    -1.2265  27.580664     5.9564     6.0755     0.0593    93.5341 1.0000e-12  -74.23800 -112.23402  32.053775      95.98 8.3844e+02    815.192      19566  1029.5150  1029.5128     4.4372     0.0762     0.1181    34.1788    34.1762    8.32226         28 0.0000e+00
    423.000    418.194    -1.2063  27.601767    -1.2049  27.601045     5.9402     6.0573     0.0269    93.5324 1.0000e-12  -74.23800 -112.23402  32.053789      99.92 8.3939e+02    816.363      19594  1029.5203  1029.5182     4.4371     0.0742     0.1202    34.1814    34.1789    8.31710         28 0.0000e+00
    424.000    419.180    -1.1876  27.619613    -1.1857  27.619506     5.9349     6.0444     0.0259    93.4053 1.0000e-12  -74.23800 -112.23402  32.053801      99.88 8.3804e+02    817.433      19619  1029.5258  1029.5238     4.4312     0.0750     0.1205    34.1839    34.1816    8.31279         24 0.0000e+00
    425.000    420.168    -1.1842  27.622986    -1.1830  27.622681     5.9339     6.0456     0.0302    93.5598 1.0000e-12  -74.23800 -112.23402  32.053813      99.88 8.3661e+02    818.413      19643  1029.5307  1029.5291     4.4383     0.0739     0.1190    34.1841    34.1822    8.31204         23 0.0000e+00
    426.000    421.157    -1.1840  27.623615    -1.1822  27.623781     5.9298     6.0430     0.0256    93.3839 1.0000e-12  -74.23800 -112.23402  32.053824      99.89 8.3678e+02    819.380      19666  1029.5356  1029.5339     4.4300     0.0767     0.1187    34.1841    34.1822    8.31199         24 0.0000e+00
    427.000    422.144    -1.1816  27.626533    -1.1798  27.626233     5.9278     6.0371     0.0232    93.2759 1.0000e-12  -74.23800 -112.23402  32.053836      99.88 8.3600e+02    820.471      19692  1029.5408  1029.5388     4.4250     0.0769     0.1187    34.1847    34.1823    8.31141         29 0.0000e+00
    428.000    423.131    -1.1765  27.631571    -1.1750  27.631089     5.9157     6.0257     0.0227    93.5358 1.0000e-12  -74.23800 -112.23402  32.053852      99.88 8.3341e+02    821.796      19724  1029.5457  1029.5438     4.4373     0.0747     0.1259    34.1852    34.1829    8.31025         32 0.0000e+00
    429.000    424.119    -1.1697  27.638542    -1.1682  27.638144     5.9127     6.0210     0.0290    93.4827 1.0000e-12  -74.23800 -112.23402  32.053866      99.88 8.3298e+02    823.027      19754  1029.5511  1029.5492     4.4348     0.0746     0.1203    34.1864    34.1841    8.30868         27 0.0000e+00
    430.000    425.108    -1.1647  27.643747    -1.1633  27.643409     5.9020     6.0149     0.0239    93.5253 1.0000e-12  -74.23800 -112.23402  32.053877      99.88 8.3440e+02    824.019      19777  1029.5563  1029.5546     4.4368     0.0755     0.1191    34.1872    34.1852    8.30752         22 0.0000e+00
    431.000    426.094    -1.1613  27.647624    -1.1597  27.647388     5.8859     6.0000     0.0138    93.5419 1.0000e-12  -74.23800 -112.23402  32.053889      99.88 8.3516e+02    824.969      19800  1029.5616  1029.5598     4.4375     0.0820     0.1191    34.1880    34.1859    8.30672         24 0.0000e+00
    432.000    427.081    -1.1444  27.664357    -1.1404  27.665529     5.8654     5.9837     0.0172    93.5283 1.0000e-12  -74.23800 -112.23402  32.053901      99.88 8.3246e+02    826.054      19826  1029.5676  1029.5650     4.4369     0.0751     0.1180    34.1911    34.1881    8.30280         29 0.0000e+00
    433.000    428.070    -1.1278  27.679593    -1.1255  27.679568     5.8575     5.9700     0.0170    93.5316 1.0000e-12  -74.23800 -112.23402  32.053916      83.04 8.3064e+02    827.376      19858  1029.5724  1029.5702     4.4371     0.0738     0.1170    34.1924    34.1898    8.29904         33 0.0000e+00
    434.000    429.057    -1.1124  27.694325    -1.1103  27.693999     5.8364     5.9521     0.0145    93.5461 1.0000e-12  -74.23800 -112.23402  32.053932      97.26 8.3144e+02    828.708      19890  1029.5779  1029.5754     4.4377     0.0799     0.1177    34.1944    34.1915    8.29551         29 0.0000e+00
    435.000    430.042    -1.1079  27.698678    -1.1063  27.698558     5.8216     5.9365     0.0149    93.5640 1.0000e-12  -74.23800 -112.23402  32.053944      99.93 8.3209e+02    829.766      19915  1029.5828  1029.5810     4.4386     0.0723     0.1147    34.1946    34.1926    8.29451         23 0.0000e+00
    436.000    431.034    -1.0974  27.709476    -1.0935  27.710766     5.8094     5.9256     0.0219    93.5511 1.0000e-12  -74.23800 -112.23402  32.053955      99.89 8.3120e+02    830.688      19938  1029.5886  1029.5862     4.4380     0.0733     0.1189    34.1967    34.1940    8.29204         22 0.0000e+00
    437.000    432.019    -1.0766  27.728159    -1.0763  27.726538     5.8003     5.9229     0.0288    93.5284 1.0000e-12  -74.23800 -112.23402  32.053966      99.88 8.2931e+02    831.635      19960  1029.5930  1029.5909     4.4369     0.0748     0.1195    34.1979    34.1954    8.28738         24 0.0000e+00
    438.000    433.007    -1.0748  27.730274    -1.0729  27.730056     5.7885     5.9045     0.0252    93.4986 1.0000e-12  -74.23800 -112.23402  32.053978      99.88 8.2839e+02    832.718      19986  1029.5980  1029.5960     4.4355     0.0779     0.1182    34.1982    34.1958    8.28697         29 0.0000e+00
    439.000    433.994    -1.0629  27.741721    -1.0617  27.740613     5.7621     5.8735     0.0293    93.4619 1.0000e-12  -74.23800 -112.23402  32.053993      99.88 8.2986e+02    834.009      20017  1029.6034  1029.6010     4.4338     0.0736     0.1197    34.1997    34.1968    8.28426         32 0.0000e+00
    440.000    434.982    -1.0363  27.767200    -1.0344  27.766031     5.7360     5.8590     0.0317    93.5225 1.0000e-12  -74.23800 -112.23402  32.054008      99.88 8.2901e+02    835.250      20047  1029.6095  1029.6064     4.4366     0.0741     0.1159    34.2036    34.1998    8.27816         26 0.0000e+00
    441.000    435.971    -1.0183  27.783512    -1.0163  27.783075     5.7111     5.8395     0.0301    93.5178 1.0000e-12  -74.23800 -112.23402  32.054019      99.88 8.2769e+02    836.266      20071  1029.6141  1029.6117     4.4365     0.0744     0.1165    34.2047    34.2019    8.27412         23 0.0000e+00
    442.000    436.957    -1.0073  27.794254    -1.0054  27.793675     5.6962     5.8177     0.0175    93.5446 1.0000e-12  -74.23800 -112.23402  32.054030      99.89 8.2656e+02    837.206      20094  1029.6195  1029.6171     4.4376     0.0764     0.1216    34.2062    34.2033    8.27161         23 0.0000e+00
    443.000    437.945    -0.9843  27.815687    -0.9817  27.815488     5.6667     5.7955     0.0259    93.5054 1.0000e-12  -74.23800 -112.23402  32.054042      99.88 8.2752e+02    838.210      20118  1029.6248  1029.6221     4.4359     0.0755     0.1197    34.2087    34.2055    8.26641         26 0.0000e+00
    444.000    438.932    -0.9501  27.847418    -0.9469  27.847263     5.6292     5.7452     0.0195    93.5313 1.0000e-12  -74.23800 -112.23402  32.054056      88.41 8.2775e+02    839.406      20147  1029.6302  1029.6270     4.4370     0.0744     0.1205    34.2124    34.2086    8.25867         31 0.0000e+00
    445.000    439.920    -0.9173  27.878344    -0.9131  27.878597     5.5997     5.7181     0.0150    93.5415 1.0000e-12  -74.23800 -112.23402  32.054071      84.69 8.2708e+02    840.692      20178  1029.6364  1029.6326     4.4375     0.0725     0.1179    34.2166    34.2122    8.25124         29 0.0000e+00
    446.000    440.908    -0.8821  27.910296    -0.8803  27.909662     5.5809     5.7017     0.0152    93.5354 1.0000e-12  -74.23800 -112.23402  32.054083     100.01 8.2614e+02    841.809      20204  1029.6412  1029.6388     4.4372     0.0772     0.1193    34.2195    34.2166    8.24336         25 0.0000e+00
    447.000    441.895    -0.8749  27.917554    -0.8742  27.915916     5.5561     5.6672     0.0149    93.5193 1.0000e-12  -74.23800 -112.23402  32.054095      99.88 8.2531e+02    842.826      20229  1029.6467  1029.6443     4.4365     0.0723     0.1183    34.2205    34.2175    8.24171         24 0.0000e+00
    448.000    442.884    -0.8607  27.931238    -0.8506  27.938172     5.5241     5.6355     0.0219    93.4880 1.0000e-12  -74.23800 -112.23402  32.054107      99.88 8.2637e+02    843.836      20253  1029.6524  1029.6499     4.4350     0.0730     0.1189    34.2224    34.2204    8.23851         25 0.0000e+00
    449.000    443.869    -0.8220  27.968171    -0.8131  27.973045     5.4942     5.6115     0.0045    93.4738 1.0000e-12  -74.23800 -112.23402  32.054119      99.88 8.2693e+02    844.906      20279  1029.6590  1029.6556     4.4343     0.0735     0.1186    34.2280    34.2245    8.22972         26 0.0000e+00
    450.000    444.857    -0.7917  27.996458    -0.7895  27.995402     5.4713     5.5838     0.0191    93.5200 1.0000e-12  -74.23800 -112.23402  32.054132      99.88 8.2542e+02    846.044      20306  1029.6646  1029.6614     4.4365     0.0735     0.1200    34.2313    34.2275    8.22291         29 0.0000e+00
    451.000    445.845    -0.7710  28.015584    -0.7684  28.015378     5.4616     5.5661     0.0322    93.5405 1.0000e-12  -74.23800 -112.23402  32.054146      99.88 8.2503e+02    847.221      20334  1029.6698  1029.6671     4.4375     0.0758     0.1198    34.2331    34.2299    8.21829         28 0.0000e+00
    452.000    446.833    -0.7592  28.026887    -0.7568  28.026585     5.4531     5.5594     0.0178    93.4921 1.0000e-12  -74.23800 -112.23402  32.054159      99.89 8.2503e+02    848.346      20361  1029.6753  1029.6727     4.4352     0.0732     0.1242    34.2345    34.2314    8.21565         26 0.0000e+00
    453.000    447.821    -0.7537  28.032190    -0.7516  28.031902     5.4440     5.5540     0.0162    93.4921 1.0000e-12  -74.23800 -112.23402  32.054171      99.88 8.2503e+02    849.373      20386  1029.6804  1029.6780     4.4352     0.0742     0.1194    34.2348    34.2320    8.21443         23 0.0000e+00
    454.000    448.807    -0.7485  28.037275    -0.7468  28.036626     5.4483     5.5462     0.0162    93.4775 1.0000e-12  -74.23800 -112.23402  32.054182      99.88 8.2326e+02    850.338      20409  1029.6855  1029.6832     4.4345     0.0758     0.1217    34.2353    34.2324    8.21329         23 0.0000e+00
    455.000    449.796    -0.7438  28.041981    -0.7421  28.041244     5.4412     5.5396     0.0230    93.4891 1.0000e-12  -74.23800 -112.23402  32.054194      99.89 8.2327e+02    851.331      20433  1029.6905  1029.6882     4.4351     0.0758     0.1189    34.2356    34.2328    8.21223         25 0.0000e+00
    456.000    450.781    -0.7391  28.046858    -0.7366  28.046611     5.4280     5.5279     0.0269    93.4997 1.0000e-12  -74.23800 -112.23402  32.054207      99.88 8.2327e+02    852.474      20460  1029.6959  1029.6932     4.4355     0.0739     0.1187    34.2363    34.2331    8.21117         30 0.0000e+00
    457.000    451.770    -0.7227  28.062507    -0.7201  28.062038     5.4146     5.5125     0.0327    93.4975 1.0000e-12  -74.23800 -112.23402  32.054222      82.71 8.2345e+02    853.766      20491  1029.7013  1029.6984     4.4355     0.0727     0.1179    34.2383    34.2348    8.20750         31 0.0000e+00
    458.000    452.757    -0.7107  28.073777    -0.7081  28.073776     5.3894     5.4997     0.0343    93.5019 1.0000e-12  -74.23800 -112.23402  32.054236      98.60 8.2327e+02    854.978      20520  1029.7063  1029.7038     4.4357     0.0753     0.1201    34.2394    34.2364    8.20482         27 0.0000e+00
    459.000    453.746    -0.6980  28.086222    -0.6959  28.085693     5.3589     5.4722     0.0273    93.4932 1.0000e-12  -74.23800 -112.23402  32.054248      99.89 8.2258e+02    856.003      20545  1029.7119  1029.7093     4.4353     0.0731     0.1212    34.2412    34.2381    8.20197         23 0.0000e+00
    460.000    454.732    -0.6781  28.105404    -0.6761  28.104695     5.3323     5.4478     0.0188    93.4876 1.0000e-12  -74.23800 -112.23402  32.054259      99.88 8.2196e+02    856.957      20568  1029.7175  1029.7148     4.4350     0.0748     0.1229    34.2439    34.2407    8.19749         23 0.0000e+00
    461.000    455.720    -0.6458  28.136541    -0.6441  28.134659     5.3114     5.4159     0.0243    93.4535 1.0000e-12  -74.23800 -112.23402  32.054270      99.88 8.2319e+02    857.969      20592  1029.7238  1029.7202     4.4334     0.0746     0.1214    34.2489    34.2444    8.19021         26 0.0000e+00
    462.000    456.707    -0.6207  28.159801    -0.6184  28.158929     5.2948     5.3944     0.0206    93.4837 1.0000e-12  -74.23800 -112.23402  32.054284      99.88 8.2327e+02    859.132      20620  1029.7289  1029.7257     4.4348     0.0756     0.1206    34.2512    34.2475    8.18464         29 0.0000e+00
    463.000    457.695    -0.6038  28.175604    -0.6008  28.175757     5.2958     5.3963     0.0135    93.4171 1.0000e-12  -74.23800 -112.23402  32.054298      99.88 8.2167e+02    860.347      20649  1029.7340  1029.7313     4.4317     0.0746     0.1229    34.2527    34.2496    8.18089         29 0.0000e+00
    464.000    458.682    -0.6001  28.179123    -0.5986  28.178294     5.2825     5.3838     0.0336    93.4818 1.0000e-12  -74.23800 -112.23402  32.054312      99.88 8.2169e+02    861.538      20678  1029.7390  1029.7366     4.4348     0.0742     0.1194    34.2527    34.2500    8.18010         28 0.0000e+00
    465.000    459.669    -0.5927  28.187257    -0.5911  28.185850     5.2561     5.3586     0.0130    93.4765 1.0000e-12  -74.23800 -112.23402  32.054324      99.88 8.2330e+02    862.626      20704  1029.7451  1029.7420     4.4345     0.0761     0.1213    34.2548    34.2510    8.17839         24 0.0000e+00
    466.000    460.657    -0.5706  28.209242    -0.5662  28.210259     5.2307     5.3291     0.0183    93.4691 1.0000e-12  -74.23800 -112.23402  32.054335      99.88 8.2327e+02    863.575      20727  1029.7515  1029.7483     4.4342     0.0758     0.1228    34.2588    34.2551    8.17338         22 0.0000e+00
    467.000    461.644    -0.5278  28.250221    -0.5244  28.250339     5.2194     5.3190     0.0143    93.4829 1.0000e-12  -74.23800 -112.23402  32.054346      99.88 8.2259e+02    864.488      20749  1029.7580  1029.7547     4.4348     0.0739     0.1238    34.2649    34.2612    8.16380         23 0.0000e+00
    468.000    462.631    -0.5146  28.262460    -0.5098  28.263994     5.2106     5.3044     0.0177    93.4738 1.0000e-12  -74.23800 -112.23402  32.054361      89.99 8.2114e+02    865.774      20780  1029.7630  1029.7600     4.4344     0.0726     0.1200    34.2659    34.2626    8.16091         35 0.0000e+00
