ocean_section_plots/required_files/ctd/dnbp2202_ctd211.cnv
* Sea-Bird SBE 9 Data File:
* FileName = D:\Data\raw\NBP2202_CTD211.hex
* Software Version Seasave V 7.26.7.121
* Temperature SN = 1649
* Conductivity SN = 2513
* Number of Bytes Per Scan = 40
* Number of Voltage Words = 5
* Number of Scans Averaged by the Deck Unit = 1
* NMEA Latitude = 74 08.42 S
* NMEA Longitude = 113 22.28 W
* NMEA UTC (Time) = Feb 10 2022  09:49:11
* NMEA baud rate = 9600
** Ship: RVIB N.B. Palmer
** Cruise: NBP2202 Thwaites
** Station: Tow-Yo #3
** Operator: B. Bjork
# nquan = 28
# nvalues = 466                         
# units = specified
# name 0 = prDM: Pressure, Digiquartz [db]
# name 1 = depSM: Depth [salt water, m]
# name 2 = t090C: Temperature [ITS-90, deg C]
# name 3 = c0mS/cm: Conductivity [mS/cm]
# name 4 = t190C: Temperature, 2 [ITS-90, deg C]
# name 5 = c1mS/cm: Conductivity, 2 [mS/cm]
# name 6 = sbeox0ML/L: Oxygen, SBE 43 [ml/l]
# name 7 = sbeox1ML/L: Oxygen, SBE 43, 2 [ml/l]
# name 8 = flECO-AFL: Fluorescence, WET Labs ECO-AFL/FL [mg/m^3]
# name 9 = CStarTr0: Beam Transmission, WET Labs C-Star [%]
# name 10 = par: PAR/Irradiance, Biospherical/Licor
# name 11 = latitude: Latitude [deg]
# name 12 = longitude: Longitude [deg]
# name 13 = timeJ: Julian Days
# name 14 = altM: Altimeter [m]
# name 15 = spar: SPAR, Biospherical/Licor
# name 16 = timeS: Time, Elapsed [seconds]
# name 17 = scan: Scan Count
# name 18 = density00: Density [density, kg/m^3]
# name 19 = density11: Density, 2 [density, kg/m^3]
# name 20 = v3: Voltage 3
# name 21 = v4: Voltage 4
# name 22 = v5: Voltage 5
# name 23 = sal00: Salinity, Practical [PSU]
# name 24 = sal11: Salinity, Practical, 2 [PSU]
# name 25 = oxsolML/L: Oxygen Saturation, Garcia & Gordon [ml/l]
# name 26 = nbin: number of scans per bin
# name 27 = flag: flag
# span 0 =     10.000,    475.000       
# span 1 =      9.896,    469.547       
# span 2 =    -1.5172,    -0.0844       
# span 3 =  26.973436,  28.669812       
# span 4 =    -1.5156,    -0.0818       
# span 5 =  26.973524,  28.670032       
# span 6 =     4.7720,     8.6086       
# span 7 =     4.9043,     8.8370       
# span 8 =    -0.0223,    22.1841       
# span 9 =    77.3758,    97.9216       
# span 10 = 1.0000e-12, 3.4967e-01      
# span 11 =  -74.14179,  -74.14044      
# span 12 = -113.37082, -113.36224      
# span 13 =  41.409573,  41.416454      
# span 14 =       9.17,      99.99      
# span 15 = 2.4402e+01, 2.9274e+01      
# span 16 =     36.097,    630.625      
# span 17 =        867,      15136      
# span 18 =  1027.1918,  1029.8175      
# span 19 =  1027.1897,  1029.8153      
# span 20 =     3.6707,     4.6452      
# span 21 =     0.0634,     3.1840      
# span 22 =     0.1245,     0.2588      
# span 23 =    33.7488,    34.3214      
# span 24 =    33.7472,    34.3188      
# span 25 =    8.06607,    8.40507      
# span 26 =         17,         64      
# span 27 = 0.0000e+00, 0.0000e+00      
# interval = decibars: 1                
# start_time = Feb 10 2022 09:49:11 [NMEA time, header]
# bad_flag = -9.990e-29
*END*
[from data line 363]
    373.000    368.807    -0.2766  28.409735    -0.2746  28.409352     4.8412     4.9770    -0.0158    97.5716 1.0000e-12  -74.14148 -113.36420  41.414874      99.88 2.6797e+01    494.130      11860  1029.2904  1029.2881     4.6287     0.0693     0.1393    34.2521    34.2493    8.11075         28 0.0000e+00
    374.000    369.796    -0.2750  28.412122    -0.2727  28.412109     4.8446     4.9764    -0.0080    97.5632 1.0000e-12  -74.14148 -113.36420  41.414887      99.88 2.4695e+01    495.263      11887  1029.2958  1029.2936     4.6282     0.0691     0.1375    34.2529    34.2503    8.11037         26 0.0000e+00
    375.000    370.782    -0.2756  28.411683    -0.2731  28.412102     4.8424     4.9815    -0.0069    97.5752 1.0000e-12  -74.14148 -113.36418  41.414901      99.88 2.6268e+01    496.406      11915  1029.3003  1029.2983     4.6288     0.0697     0.1384    34.2524    34.2501    8.11053         28 0.0000e+00
    376.000    371.772    -0.2767  28.411403    -0.2746  28.411004     4.8423     4.9846    -0.0121    97.5645 1.0000e-12  -74.14150 -113.36415  41.414914      56.00 2.6838e+01    497.548      11942  1029.3054  1029.3030     4.6283     0.0690     0.1376    34.2526    34.2497    8.11074         27 0.0000e+00
    377.000    372.759    -0.2766  28.412011    -0.2743  28.411901     4.8438     4.9833    -0.0128    97.5493 1.0000e-12  -74.14150 -113.36413  41.414927      99.81 2.4618e+01    498.665      11969  1029.3102  1029.3079     4.6276     0.0693     0.1380    34.2527    34.2499    8.11071         27 0.0000e+00
    378.000    373.747    -0.2766  28.412416    -0.2743  28.412409     4.8458     4.9864    -0.0109    97.5684 1.0000e-12  -74.14150 -113.36411  41.414940      99.88 2.6054e+01    499.794      11996  1029.3150  1029.3127     4.6285     0.0693     0.1388    34.2526    34.2500    8.11072         27 0.0000e+00
    379.000    374.734    -0.2769  28.412547    -0.2747  28.412485     4.8435     4.9861    -0.0170    97.5858 1.0000e-12  -74.14150 -113.36410  41.414953      99.88 2.6117e+01    500.930      12023  1029.3198  1029.3176     4.6293     0.0691     0.1407    34.2526    34.2500    8.11079         27 0.0000e+00
    380.000    375.723    -0.2763  28.413867    -0.2738  28.414057     4.8493     4.9844    -0.0186    97.5952 1.0000e-12  -74.14150 -113.36409  41.414966      99.43 2.4671e+01    502.049      12050  1029.3249  1029.3226     4.6298     0.0688     0.1385    34.2531    34.2505    8.11063         27 0.0000e+00
    381.000    376.710    -0.2752  28.415492    -0.2730  28.415417     4.8440     4.9843    -0.0026    97.5999 1.0000e-12  -74.14150 -113.36406  41.414979      79.25 2.5996e+01    503.182      12077  1029.3298  1029.3276     4.6300     0.0683     0.1392    34.2534    34.2508    8.11038         28 0.0000e+00
    382.000    377.699    -0.2748  28.416519    -0.2725  28.416471     4.8464     4.9843    -0.0066    97.6159 1.0000e-12  -74.14152 -113.36406  41.414992      96.35 2.6567e+01    504.321      12105  1029.3348  1029.3326     4.6308     0.0686     0.1397    34.2537    34.2510    8.11028         27 0.0000e+00
    383.000    378.686    -0.2727  28.419588    -0.2702  28.419488     4.8427     4.9821    -0.0170    97.6107 1.0000e-12  -74.14152 -113.36404  41.415005      99.89 2.4605e+01    505.442      12132  1029.3403  1029.3378     4.6305     0.0697     0.1379    34.2548    34.2519    8.10976         26 0.0000e+00
    384.000    379.674    -0.2654  28.428429    -0.2618  28.429530     4.8382     4.9765    -0.0131    97.6063 1.0000e-12  -74.14152 -113.36401  41.415018      99.60 2.6018e+01    506.575      12159  1029.3469  1029.3445     4.6303     0.0699     0.1359    34.2578    34.2552    8.10804         28 0.0000e+00
    385.000    380.662    -0.2557  28.439576    -0.2523  28.440633     4.8327     4.9744    -0.0126    97.5979 1.0000e-12  -74.14152 -113.36400  41.415031      98.83 2.6907e+01    507.717      12186  1029.3536  1029.3514     4.6299     0.0696     0.1396    34.2612    34.2587    8.10578         27 0.0000e+00
    386.000    381.649    -0.2519  28.443842    -0.2499  28.443506     4.8339     4.9730    -0.0115    97.6131 1.0000e-12  -74.14152 -113.36399  41.415044      98.45 2.4628e+01    508.827      12213  1029.3587  1029.3565     4.6306     0.0695     0.1365    34.2620    34.2594    8.10493         27 0.0000e+00
    387.000    382.637    -0.2515  28.444968    -0.2488  28.445160     4.8384     4.9678    -0.0188    97.6180 1.0000e-12  -74.14152 -113.36398  41.415057      97.30 2.5785e+01    509.954      12240  1029.3639  1029.3615     4.6309     0.0697     0.1387    34.2625    34.2597    8.10482         27 0.0000e+00
    388.000    383.625    -0.2484  28.448764    -0.2463  28.448472     4.8325     4.9711    -0.0191    97.6170 1.0000e-12  -74.14152 -113.36396  41.415070      96.30 2.6966e+01    511.084      12267  1029.3692  1029.3669     4.6308     0.0698     0.1393    34.2635    34.2607    8.10411         27 0.0000e+00
    389.000    384.614    -0.2477  28.449917    -0.2455  28.449765     4.8327     4.9757    -0.0133    97.5979 1.0000e-12  -74.14152 -113.36394  41.415083      95.32 2.4613e+01    512.187      12293  1029.3741  1029.3718     4.6299     0.0683     0.1380    34.2636    34.2609    8.10395         26 0.0000e+00
    390.000    385.600    -0.2473  28.450800    -0.2453  28.450483     4.8291     4.9742    -0.0132    97.6136 1.0000e-12  -74.14152 -113.36392  41.415096      94.39 2.5117e+01    513.305      12320  1029.3789  1029.3767     4.6307     0.0701     0.1386    34.2637    34.2610    8.10385         28 0.0000e+00
    391.000    386.589    -0.2470  28.451498    -0.2453  28.450915     4.8310     4.9718    -0.0125    97.6068 1.0000e-12  -74.14154 -113.36390  41.415109      93.39 2.7041e+01    514.431      12347  1029.3837  1029.3815     4.6303     0.0693     0.1390    34.2637    34.2610    8.10378         26 0.0000e+00
    392.000    387.575    -0.2465  28.452388    -0.2440  28.452794     4.8298     4.9656    -0.0128    97.6027 1.0000e-12  -74.14154 -113.36389  41.415122      92.30 2.4688e+01    515.538      12374  1029.3885  1029.3865     4.6301     0.0700     0.1381    34.2638    34.2615    8.10369         27 0.0000e+00
    393.000    388.564    -0.2461  28.453169    -0.2442  28.452905     4.8302     4.9697    -0.0190    97.6112 1.0000e-12  -74.14154 -113.36387  41.415135      91.36 2.5835e+01    516.648      12401  1029.3933  1029.3911     4.6305     0.0698     0.1376    34.2638    34.2612    8.10360         27 0.0000e+00
    394.000    389.553    -0.2433  28.456990    -0.2398  28.458074     4.8281     4.9671    -0.0119    97.6058 1.0000e-12  -74.14154 -113.36386  41.415148      90.26 2.6779e+01    517.768      12427  1029.3989  1029.3967     4.6303     0.0684     0.1384    34.2651    34.2626    8.10292         26 0.0000e+00
    395.000    390.539    -0.2349  28.466524    -0.2361  28.462490     4.8222     4.9684    -0.0190    97.5958 1.0000e-12  -74.14154 -113.36385  41.415160      89.39 2.4663e+01    518.863      12454  1029.4050  1029.4020     4.6298     0.0686     0.1366    34.2677    34.2638    8.10098         26 0.0000e+00
    396.000    391.528    -0.2319  28.469564    -0.2301  28.469092     4.8197     4.9677    -0.0119    97.6086 1.0000e-12  -74.14154 -113.36383  41.415173      88.47 2.5077e+01    519.972      12480  1029.4097  1029.4074     4.6304     0.0684     0.1368    34.2679    34.2651    8.10035         27 0.0000e+00
    397.000    392.513    -0.2301  28.472426    -0.2277  28.472503     4.8259     4.9630    -0.0120    97.6027 1.0000e-12  -74.14154 -113.36382  41.415186      87.41 2.7702e+01    521.091      12507  1029.4154  1029.4130     4.6301     0.0684     0.1393    34.2691    34.2664    8.09990         27 0.0000e+00
    398.000    393.503    -0.2287  28.474446    -0.2269  28.473926     4.8207     4.9606    -0.0122    97.5949 1.0000e-12  -74.14154 -113.36380  41.415199      86.43 2.4687e+01    522.185      12533  1029.4204  1029.4181     4.6297     0.0684     0.1391    34.2696    34.2669    8.09958         26 0.0000e+00
    399.000    394.492    -0.2284  28.475299    -0.2257  28.475785     4.8235     4.9605    -0.0131    97.5712 1.0000e-12  -74.14156 -113.36378  41.415212      85.35 2.5334e+01    523.294      12560  1029.4253  1029.4232     4.6286     0.0682     0.1389    34.2697    34.2673    8.09949         27 0.0000e+00
    400.000    395.477    -0.2290  28.475128    -0.2266  28.475221     4.8290     4.9628    -0.0202    97.6037 1.0000e-12  -74.14156 -113.36378  41.415225      84.49 2.7225e+01    524.416      12587  1029.4300  1029.4278     4.6302     0.0682     0.1366    34.2695    34.2670    8.09962         27 0.0000e+00
    401.000    396.467    -0.2292  28.475357    -0.2272  28.475189     4.8252     4.9637    -0.0201    97.5999 1.0000e-12  -74.14156 -113.36375  41.415237      83.21 2.4773e+01    525.510      12613  1029.4348  1029.4327     4.6299     0.0674     0.1394    34.2695    34.2671    8.09967         26 0.0000e+00
    402.000    397.453    -0.2290  28.476041    -0.2271  28.475679     4.8276     4.9604    -0.0116    97.5848 1.0000e-12  -74.14156 -113.36373  41.415250      82.23 2.5197e+01    526.612      12640  1029.4396  1029.4374     4.6292     0.0663     0.1369    34.2696    34.2671    8.09962         27 0.0000e+00
    403.000    398.441    -0.2292  28.476463    -0.2271  28.476202     4.8238     4.9674    -0.0119    97.6067 1.0000e-12  -74.14156 -113.36372  41.415263      81.25 2.8406e+01    527.728      12666  1029.4446  1029.4423     4.6303     0.0677     0.1380    34.2698    34.2671    8.09966         26 0.0000e+00
    404.000    399.429    -0.2287  28.477200    -0.2273  28.476502     4.8250     4.9649    -0.0177    97.5971 1.0000e-12  -74.14156 -113.36371  41.415276      80.34 2.4721e+01    528.821      12693  1029.4491  1029.4471     4.6298     0.0675     0.1386    34.2696    34.2671    8.09956         27 0.0000e+00
    405.000    400.418    -0.2313  28.475370    -0.2292  28.475282     4.8303     4.9671    -0.0112    97.5715 1.0000e-12  -74.14156 -113.36369  41.415288      79.42 2.5214e+01    529.920      12719  1029.4541  1029.4519     4.6286     0.0683     0.1379    34.2695    34.2670    8.10012         26 0.0000e+00
    406.000    401.405    -0.2311  28.475985    -0.2289  28.476014     4.8327     4.9666    -0.0115    97.6084 1.0000e-12  -74.14157 -113.36368  41.415301      78.30 2.7746e+01    531.040      12746  1029.4588  1029.4567     4.6304     0.0676     0.1379    34.2695    34.2671    8.10008         27 0.0000e+00
    407.000    402.393    -0.2303  28.477223    -0.2281  28.477149     4.8311     4.9680    -0.0108    97.6235 1.0000e-12  -74.14158 -113.36366  41.415314      77.48 2.4709e+01    532.135      12772  1029.4636  1029.4614     4.6312     0.0673     0.1375    34.2697    34.2671    8.09990         26 0.0000e+00
    408.000    403.380    -0.2293  28.478753    -0.2276  28.478126     4.8325     4.9676    -0.0064    97.6275 1.0000e-12  -74.14158 -113.36364  41.415327      76.33 2.5266e+01    533.246      12799  1029.4684  1029.4662     4.6313     0.0674     0.1390    34.2700    34.2672    8.09967         27 0.0000e+00
    409.000    404.367    -0.2293  28.479056    -0.2273  28.478944     4.8327     4.9684    -0.0203    97.6356 1.0000e-12  -74.14158 -113.36364  41.415340      75.21 2.8378e+01    534.367      12826  1029.4731  1029.4710     4.6317     0.0660     0.1365    34.2698    34.2674    8.09968         26 0.0000e+00
    410.000    405.356    -0.2299  28.479036    -0.2274  28.479221     4.8254     4.9707    -0.0186    97.6390 1.0000e-12  -74.14158 -113.36362  41.415353      74.18 2.4796e+01    535.463      12852  1029.4779  1029.4758     4.6319     0.0668     0.1386    34.2698    34.2673    8.09980         27 0.0000e+00
    411.000    406.343    -0.2300  28.479442    -0.2277  28.479597     4.8311     4.9704    -0.0105    97.6418 1.0000e-12  -74.14158 -113.36359  41.415365      72.99 2.5132e+01    536.565      12879  1029.4828  1029.4806     4.6320     0.0657     0.1384    34.2699    34.2675    8.09983         27 0.0000e+00
    412.000    407.330    -0.2292  28.480701    -0.2269  28.480856     4.8297     4.9698    -0.0060    97.6375 1.0000e-12  -74.14158 -113.36358  41.415378      72.05 2.8196e+01    537.684      12905  1029.4875  1029.4855     4.6318     0.0665     0.1383    34.2700    34.2677    8.09964         26 0.0000e+00
    413.000    408.319    -0.2285  28.482023    -0.2264  28.481927     4.8293     4.9622    -0.0176    97.6026 1.0000e-12  -74.14158 -113.36357  41.415391      71.01 2.4660e+01    538.777      12932  1029.4925  1029.4903     4.6301     0.0679     0.1387    34.2704    34.2679    8.09947         26 0.0000e+00
    414.000    409.307    -0.2277  28.483301    -0.2255  28.483303     4.8310     4.9635    -0.0134    97.6094 1.0000e-12  -74.14158 -113.36356  41.415404      70.07 2.5266e+01    539.873      12958  1029.4974  1029.4952     4.6305     0.0658     0.1398    34.2707    34.2682    8.09929         27 0.0000e+00
    415.000    410.293    -0.2275  28.483751    -0.2255  28.483624     4.8261     4.9642    -0.0175    97.6198 1.0000e-12  -74.14159 -113.36353  41.415417      68.85 2.8700e+01    540.991      12985  1029.5019  1029.4999     4.6309     0.0654     0.1380    34.2705    34.2681    8.09927         27 0.0000e+00
    416.000    411.282    -0.2276  28.484261    -0.2255  28.484145     4.8200     4.9659    -0.0041    97.6216 1.0000e-12  -74.14160 -113.36352  41.415429      67.77 2.4906e+01    542.098      13011  1029.5068  1029.5046     4.6310     0.0670     0.1387    34.2706    34.2681    8.09927         26 0.0000e+00
    417.000    412.269    -0.2243  28.488031    -0.2222  28.487799     4.8237     4.9609    -0.0130    97.6256 1.0000e-12  -74.14160 -113.36350  41.415442      66.64 2.5588e+01    543.199      13038  1029.5118  1029.5096     4.6312     0.0659     0.1375    34.2713    34.2688    8.09853         27 0.0000e+00
    418.000    413.257    -0.2234  28.489391    -0.2213  28.489081     4.8176     4.9623    -0.0136    97.6386 1.0000e-12  -74.14160 -113.36348  41.415455      65.63 2.9274e+01    544.328      13065  1029.5167  1029.5144     4.6318     0.0653     0.1398    34.2716    34.2688    8.09833         26 0.0000e+00
    419.000    414.245    -0.2231  28.490035    -0.2209  28.490054     4.8207     4.9613    -0.0192    97.6050 1.0000e-12  -74.14160 -113.36346  41.415468      64.48 2.4804e+01    545.435      13091  1029.5213  1029.5192     4.6302     0.0658     0.1382    34.2715    34.2690    8.09827         27 0.0000e+00
    420.000    415.232    -0.2229  28.490724    -0.2204  28.491003     4.8200     4.9568    -0.0191    97.5837 1.0000e-12  -74.14160 -113.36345  41.415481      63.49 2.5332e+01    546.539      13118  1029.5261  1029.5240     4.6292     0.0654     0.1368    34.2715    34.2692    8.09822         27 0.0000e+00
    421.000    416.221    -0.2213  28.492788    -0.2186  28.493435     4.8187     4.9574    -0.0095    97.5808 1.0000e-12  -74.14160 -113.36344  41.415494      62.44 2.9074e+01    547.672      13145  1029.5311  1029.5291     4.6291     0.0659     0.1398    34.2720    34.2698    8.09786         27 0.0000e+00
    422.000    417.207    -0.2195  28.495265    -0.2172  28.495293     4.8201     4.9556    -0.0057    97.5790 1.0000e-12  -74.14160 -113.36342  41.415507      61.54 2.4857e+01    548.778      13172  1029.5362  1029.5340     4.6290     0.0645     0.1389    34.2726    34.2701    8.09744         26 0.0000e+00
    423.000    418.196    -0.2192  28.495988    -0.2171  28.495919     4.8214     4.9584    -0.0107    97.5703 1.0000e-12  -74.14160 -113.36340  41.415519      60.19 2.5532e+01    549.881      13198  1029.5410  1029.5388     4.6286     0.0634     0.1387    34.2727    34.2702    8.09738         27 0.0000e+00
