ocean_section_plots/required_files/ctd/dnbp2202_ctd021.cnv
* Sea-Bird SBE 9 Data File:
* FileName = D:\Data\raw\NBP2202_TMC021.hex
* Software Version Seasave V 7.26.7.121
* Temperature SN = 1649
* Conductivity SN = 2513
* Number of Bytes Per Scan = 40
* Number of Voltage Words = 5
* Number of Scans Averaged by the Deck Unit = 1
* NMEA Latitude = 74 12.94 S
* NMEA Longitude = 112 12.34 W
* NMEA UTC (Time) = Jan 19 2022  19:57:19
* NMEA baud rate = 9600
** Ship: RVIB N.B. Palmer
** Cruise: NBP2202 Thwaites
** Station: 13
** Operator: A. Robinson
** Glider calibration cast
# nquan = 25
# nvalues = 962                         
# units = specified
# name 0 = prDM: Pressure, Digiquartz [db]
# name 1 = depSM: Depth [salt water, m]
# name 2 = t090C: Temperature [ITS-90, deg C]
# name 3 = c0mS/cm: Conductivity [mS/cm]
# name 4 = t190C: Temperature, 2 [ITS-90, deg C]
# name 5 = c1mS/cm: Conductivity, 2 [mS/cm]
# name 6 = sbeox0ML/L: Oxygen, SBE 43 [ml/l]
# name 7 = sbeox1ML/L: Oxygen, SBE 43, 2 [ml/l]
# name 8 = flECO-AFL: Fluorescence, WET Labs ECO-AFL/FL [mg/m^3]
# name 9 = CStarTr0: Beam Transmission, WET Labs C-Star [%]
# name 10 = par: PAR/Irradiance, Biospherical/Licor
# name 11 = latitude: Latitude [deg]
# name 12 = longitude: Longitude [deg]
# name 13 = timeJ: Julian Days
# name 14 = altM: Altimeter [m]
# name 15 = spar: SPAR, Biospherical/Licor
# name 16 = timeS: Time, Elapsed [seconds]
# name 17 = scan: Scan Count
# name 18 = density00: Density [density, kg/m^3]
# name 19 = density11: Density, 2 [density, kg/m^3]
# name 20 = sal00: Salinity, Practical [PSU]
# name 21 = sal11: Salinity, Practical, 2 [PSU]
# name 22 = oxsolML/L: Oxygen Saturation, Garcia & Gordon [ml/l]
# name 23 = nbin: number of scans per bin
# name 24 = flag: flag
# span 0 =      2.000,    963.000       
# span 1 =      1.969,    950.828       
# span 2 =    -1.5386,     0.5120       
# span 3 =  27.079211,  29.566102       
# span 4 =    -1.5379,     0.5139       
# span 5 =  27.078869,  29.565838       
# span 6 =     4.5647,     7.8777       
# span 7 =     4.8245,     8.3172       
# span 8 =    -0.0163,    11.8747       
# span 9 =    80.2009,    98.3654       
# span 10 = -9.652e-06, 4.7904e+02      
# span 11 =  -74.21576,  -74.21576      
# span 12 = -112.20580, -112.20576      
# span 13 =  19.833992,  19.848899      
# span 14 =     -20.47,     100.54      
# span 15 = 8.2003e+02, 9.8557e+02      
# span 16 =    217.894,   1505.856      
# span 17 =       5230,      36142      
# span 18 =  1027.2000,  1032.2435      
# span 19 =  1027.2009,  1032.2414      
# span 20 =    33.8077,    34.5502      
# span 21 =    33.8095,    34.5476      
# span 22 =    7.92929,    8.40336      
# span 23 =          9,         46      
# span 24 = 0.0000e+00, 0.0000e+00      
# interval = decibars: 1                
# start_time = Jan 19 2022 19:57:19 [NMEA time, header]
# bad_flag = -9.990e-29
*END*
[from data line 58]
     60.000     59.372    -1.1919  27.187467    -1.1915  27.187581     7.2963     7.7745    10.4182    83.8044 1.0000e-12  -74.21576 -112.20576  19.835278      99.50 9.1846e+02    328.975       7896  1027.4943  1027.4940    33.8225    33.8222    8.33508         37 0.0000e+00
     61.000     60.360    -1.1967  27.183981    -1.1980  27.182775     7.2673     7.7477     9.8336    83.5606 1.0000e-12  -74.21576 -112.20576  19.835299      99.41 9.1846e+02    330.847       7941  1027.4993  1027.4993    33.8225    33.8224    8.33614         43 0.0000e+00
     62.000     61.349    -1.2027  27.179610    -1.2022  27.179784     7.2413     7.7244     8.4841    85.1240 1.0000e-12  -74.21576 -112.20576  19.835321      99.41 9.1846e+02    332.707       7986  1027.5046  1027.5043    33.8227    33.8224    8.33748         42 0.0000e+00
     63.000     62.338    -1.2069  27.176742    -1.2072  27.176283     7.2244     7.7102     8.0730    84.8127 1.0000e-12  -74.21576 -112.20576  19.835342      99.44 9.1826e+02    334.570       8031  1027.5097  1027.5095    33.8228    33.8226    8.33839         44 0.0000e+00
     64.000     63.327    -1.2104  27.174341    -1.2104  27.174109     7.2203     7.6935     7.5740    84.4568 1.0000e-12  -74.21576 -112.20576  19.835364      99.44 9.1671e+02    336.485       8077  1027.5147  1027.5144    33.8229    33.8225    8.33918         36 0.0000e+00
     65.000     64.317    -1.2127  27.172950    -1.2126  27.172830     7.2008     7.6704     7.5938    84.0811 1.0000e-12  -74.21576 -112.20576  19.835387      99.39 9.1618e+02    338.421       8123  1027.5196  1027.5194    33.8230    33.8227    8.33969         37 0.0000e+00
     66.000     65.306    -1.2198  27.167614    -1.2200  27.167321     7.1442     7.6048     8.5301    84.9114 1.0000e-12  -74.21576 -112.20576  19.835408      99.52 9.1621e+02    340.272       8168  1027.5248  1027.5246    33.8230    33.8228    8.34126         43 0.0000e+00
     67.000     66.296    -1.2374  27.153962    -1.2387  27.153087     7.0301     7.4984     9.3045    86.5827 1.0000e-12  -74.21576 -112.20576  19.835430      99.55 9.1493e+02    342.182       8213  1027.5310  1027.5314    33.8236    33.8239    8.34516         45 0.0000e+00
     68.000     67.285    -1.2648  27.133761    -1.2656  27.133186     6.9560     7.4165     7.9643    85.6487 1.0000e-12  -74.21576 -112.20576  19.835452      93.14 9.1494e+02    344.075       8259  1027.5394  1027.5396    33.8262    33.8263    8.35113         38 0.0000e+00
     69.000     68.274    -1.2753  27.127238    -1.2755  27.126987     6.9146     7.3813     6.6900    84.9406 1.0000e-12  -74.21576 -112.20576  19.835474      99.41 9.1494e+02    345.975       8304  1027.5464  1027.5463    33.8285    33.8284    8.35334         43 0.0000e+00
     70.000     69.263    -1.2827  27.123080    -1.2831  27.122794     6.8841     7.3463     5.1400    85.7492 1.0000e-12  -74.21576 -112.20576  19.835496      99.62 9.1494e+02    347.857       8350  1027.5531  1027.5531    33.8306    33.8306    8.35488         42 0.0000e+00
     71.000     70.254    -1.2884  27.120201    -1.2886  27.119912     6.8851     7.3382     5.2015    86.9190 1.0000e-12  -74.21576 -112.20576  19.835517      99.62 9.1494e+02    349.684       8393  1027.5595  1027.5593    33.8325    33.8322    8.35605         42 0.0000e+00
     72.000     71.241    -1.2895  27.120356    -1.2895  27.120119     6.8904     7.3417     4.8996    87.7223 1.0000e-12  -74.21576 -112.20576  19.835538      99.62 9.1494e+02    351.494       8437  1027.5648  1027.5645    33.8333    33.8329    8.35624         39 0.0000e+00
     73.000     72.232    -1.2893  27.121139    -1.2892  27.120869     6.8956     7.3446     5.3454    88.5039 1.0000e-12  -74.21576 -112.20576  19.835560      99.68 9.1494e+02    353.371       8482  1027.5695  1027.5691    33.8335    33.8330    8.35618         36 0.0000e+00
     74.000     73.221    -1.2891  27.121918    -1.2890  27.121571     6.9013     7.3417     4.4253    89.1864 1.0000e-12  -74.21576 -112.20576  19.835581      99.71 9.1503e+02    355.242       8527  1027.5743  1027.5738    33.8337    33.8331    8.35612         41 0.0000e+00
     75.000     74.210    -1.2881  27.123151    -1.2877  27.123134     6.9021     7.3386     5.2447    89.9896 1.0000e-12  -74.21576 -112.20576  19.835602      96.78 9.1518e+02    357.053       8570  1027.5790  1027.5785    33.8337    33.8331    8.35590         37 0.0000e+00
     76.000     75.200    -1.2883  27.124185    -1.2882  27.124038     6.8785     7.3211     5.1232    89.6164 1.0000e-12  -74.21576 -112.20576  19.835624      99.68 9.1672e+02    358.901       8615  1027.5845  1027.5842    33.8347    33.8344    8.35590         43 0.0000e+00
     77.000     76.190    -1.2922  27.122954    -1.2924  27.122539     6.8645     7.3026     5.6256    89.8925 1.0000e-12  -74.21576 -112.20576  19.835646      99.72 9.1693e+02    360.794       8660  1027.5912  1027.5909    33.8368    33.8364    8.35664         40 0.0000e+00
     78.000     77.179    -1.2974  27.119851    -1.2972  27.119700     6.8506     7.2870     4.4251    90.0895 1.0000e-12  -74.21576 -112.20576  19.835667      99.69 9.1819e+02    362.611       8704  1027.5970  1027.5967    33.8378    33.8373    8.35774         37 0.0000e+00
     79.000     78.166    -1.2992  27.119603    -1.2989  27.119312     6.8404     7.2810     3.9516    90.1454 1.0000e-12  -74.21576 -112.20576  19.835688      99.71 9.1846e+02    364.444       8748  1027.6027  1027.6021    33.8388    33.8381    8.35808         39 0.0000e+00
     80.000     79.156    -1.3001  27.119947    -1.2999  27.119657     6.8198     7.2590     5.0964    89.6007 1.0000e-12  -74.21576 -112.20576  19.835710      99.73 9.1846e+02    366.337       8793  1027.6082  1027.6077    33.8397    33.8391    8.35823         41 0.0000e+00
     81.000     80.145    -1.3061  27.117474    -1.3059  27.117358     6.7891     7.2301     4.4691    89.9615 1.0000e-12  -74.21576 -112.20576  19.835731      99.70 9.1846e+02    368.191       8838  1027.6156  1027.6152    33.8425    33.8420    8.35941         37 0.0000e+00
     82.000     81.136    -1.3129  27.114337    -1.3129  27.113982     6.7778     7.2139     4.6410    89.9343 1.0000e-12  -74.21576 -112.20576  19.835753      99.63 9.1846e+02    370.068       8883  1027.6230  1027.6225    33.8453    33.8447    8.36078         40 0.0000e+00
     83.000     82.124    -1.3148  27.113612    -1.3146  27.113299     6.7662     7.1999     4.0108    89.9416 1.0000e-12  -74.21576 -112.20576  19.835775      99.26 9.1979e+02    371.955       8928  1027.6282  1027.6277    33.8458    33.8451    8.36117         38 0.0000e+00
     84.000     83.113    -1.3191  27.111736    -1.3190  27.111475     6.7494     7.1882     3.7685    90.4270 1.0000e-12  -74.21576 -112.20576  19.835796      99.72 9.2031e+02    373.793       8972  1027.6345  1027.6341    33.8475    33.8470    8.36204         40 0.0000e+00
     85.000     84.103    -1.3209  27.111282    -1.3205  27.111013     6.7431     7.1771     3.4382    90.2721 1.0000e-12  -74.21576 -112.20576  19.835817      99.76 9.2182e+02    375.602       9015  1027.6399  1027.6392    33.8482    33.8474    8.36239         36 0.0000e+00
     86.000     85.091    -1.3238  27.110276    -1.3238  27.109815     6.7359     7.1669     3.1932    90.9859 1.0000e-12  -74.21576 -112.20576  19.835839      99.71 9.2199e+02    377.483       9061  1027.6459  1027.6453    33.8495    33.8488    8.36296         39 0.0000e+00
     87.000     86.081    -1.3275  27.108967    -1.3273  27.108665     6.7250     7.1524     3.4287    90.5752 1.0000e-12  -74.21576 -112.20576  19.835860      99.77 9.2204e+02    379.341       9105  1027.6523  1027.6517    33.8512    33.8506    8.36368         40 0.0000e+00
     88.000     87.071    -1.3309  27.108088    -1.3307  27.107759     6.7100     7.1397     3.4308    91.0196 1.0000e-12  -74.21576 -112.20576  19.835882      99.74 9.2306e+02    381.207       9150  1027.6588  1027.6582    33.8533    33.8526    8.36433         37 0.0000e+00
     89.000     88.060    -1.3339  27.107215    -1.3337  27.106845     6.6825     7.1009     3.6314    91.5995 1.0000e-12  -74.21576 -112.20576  19.835904      94.19 9.2409e+02    383.099       9195  1027.6650  1027.6644    33.8549    33.8542    8.36491         40 0.0000e+00
     90.000     89.049    -1.3405  27.103230    -1.3410  27.102525     6.6071     7.0359     3.2910    91.0732 1.0000e-12  -74.21576 -112.20576  19.835926      97.96 9.2546e+02    384.966       9240  1027.6712  1027.6710    33.8562    33.8559    8.36631         36 0.0000e+00
     91.000     90.037    -1.3516  27.095989    -1.3518  27.095417     6.5519     6.9819     2.6144    91.0304 1.0000e-12  -74.21576 -112.20576  19.835947      99.73 9.2609e+02    386.805       9284  1027.6782  1027.6778    33.8582    33.8577    8.36868         38 0.0000e+00
     92.000     91.028    -1.3572  27.092414    -1.3572  27.092019     6.5291     6.9545     2.9527    90.9556 1.0000e-12  -74.21576 -112.20576  19.835968      99.76 9.2732e+02    388.661       9329  1027.6839  1027.6834    33.8590    33.8584    8.36989         39 0.0000e+00
     93.000     92.017    -1.3599  27.091101    -1.3597  27.090761     6.5096     6.9291     2.9914    91.2606 1.0000e-12  -74.21576 -112.20576  19.835990      99.77 9.2728e+02    390.539       9374  1027.6892  1027.6886    33.8596    33.8590    8.37046         41 0.0000e+00
     94.000     93.005    -1.3615  27.090636    -1.3614  27.090224     6.4609     6.8686     2.3865    92.2094 1.0000e-12  -74.21576 -112.20576  19.836011      99.78 9.2863e+02    392.374       9418  1027.6944  1027.6938    33.8602    33.8595    8.37079         38 0.0000e+00
     95.000     93.995    -1.3668  27.088301    -1.3670  27.087844     6.3631     6.7757     3.0118    91.9529 1.0000e-12  -74.21576 -112.20576  19.836033      99.75 9.2946e+02    394.223       9462  1027.7012  1027.7008    33.8624    33.8619    8.37185         41 0.0000e+00
     96.000     94.984    -1.3735  27.085382    -1.3738  27.084829     6.2525     6.6655     2.5993    92.6625 1.0000e-12  -74.21576 -112.20576  19.836055      98.91 9.3084e+02    396.151       9509  1027.7087  1027.7083    33.8653    33.8648    8.37318         40 0.0000e+00
     97.000     95.974    -1.3827  27.080695    -1.3828  27.080235     6.1951     6.6050     2.0772    93.1359 1.0000e-12  -74.21576 -112.20576  19.836076      96.90 9.3161e+02    397.991       9553  1027.7166  1027.7162    33.8687    33.8682    8.37505         39 0.0000e+00
     98.000     96.962    -1.3853  27.079793    -1.3850  27.079412     6.1895     6.5920     1.5416    93.2439 1.0000e-12  -74.21576 -112.20576  19.836098      99.81 9.3299e+02    399.852       9597  1027.7223  1027.7216    33.8698    33.8689    8.37557         37 0.0000e+00
     99.000     97.951    -1.3860  27.079799    -1.3856  27.079530     6.1921     6.5821     1.8560    93.4661 1.0000e-12  -74.21576 -112.20577  19.836121      99.81 9.3395e+02    401.817       9645  1027.7271  1027.7264    33.8699    33.8691    8.37571         37 0.0000e+00
    100.000     98.941    -1.3866  27.079945    -1.3864  27.079581     6.1901     6.5761     1.2896    94.0401 1.0000e-12  -74.21576 -112.20577  19.836142      99.79 9.3484e+02    403.659       9689  1027.7321  1027.7315    33.8702    33.8694    8.37583         43 0.0000e+00
    101.000     99.931    -1.3871  27.080158    -1.3868  27.079840     6.1882     6.5751     1.3130    94.0872 1.0000e-12  -74.21576 -112.20577  19.836163      99.80 9.3613e+02    405.503       9733  1027.7370  1027.7363    33.8704    33.8696    8.37593         37 0.0000e+00
    102.000    100.919    -1.3875  27.080375    -1.3872  27.080081     6.1831     6.5743     1.2695    94.8454 1.0000e-12  -74.21576 -112.20577  19.836184      99.82 9.3609e+02    407.256       9775  1027.7419  1027.7412    33.8706    33.8697    8.37601         37 0.0000e+00
    103.000    101.908    -1.3878  27.080796    -1.3875  27.080491     6.1778     6.5611     1.3996    94.3516 1.0000e-12  -74.21576 -112.20577  19.836201      99.81 9.3704e+02    408.809       9812  1027.7469  1027.7462    33.8708    33.8700    8.37606         37 0.0000e+00
    104.000    102.898    -1.3882  27.081206    -1.3878  27.080854     6.1593     6.5522     1.6199    95.1097 1.0000e-12  -74.21576 -112.20577  19.836219      97.38 9.3794e+02    410.363       9850  1027.7520  1027.7512    33.8712    33.8703    8.37613         37 0.0000e+00
    105.000    103.887    -1.3889  27.081378    -1.3885  27.081117     6.1359     6.5288     1.3241    95.1800 1.0000e-12  -74.21576 -112.20577  19.836238      99.83 9.3939e+02    411.925       9887  1027.7571  1027.7565    33.8716    33.8708    8.37625         37 0.0000e+00
    106.000    104.876    -1.3897  27.081941    -1.3893  27.081540     6.1162     6.5011     0.8381    95.5938 1.0000e-12  -74.21576 -112.20578  19.836255      99.82 9.3962e+02    413.390       9922  1027.7628  1027.7620    33.8726    33.8717    8.37637         34 0.0000e+00
    107.000    105.866    -1.3904  27.082433    -1.3899  27.082137     6.1149     6.4950     0.9161    95.3679 1.0000e-12  -74.21576 -112.20578  19.836271      99.81 9.4094e+02    414.781       9956  1027.7683  1027.7675    33.8735    33.8726    8.37648         33 0.0000e+00
    108.000    106.853    -1.3900  27.083507    -1.3896  27.083093     6.1220     6.4996     0.8291    95.5544 1.0000e-12  -74.21576 -112.20576  19.836287      99.82 9.4138e+02    416.169       9989  1027.7734  1027.7726    33.8739    33.8729    8.37637         33 0.0000e+00
    109.000    107.843    -1.3897  27.084300    -1.3893  27.084028     6.1140     6.4962     0.8926    96.1332 1.0000e-12  -74.21576 -112.20576  19.836303      99.82 9.4155e+02    417.538      10022  1027.7782  1027.7775    33.8740    33.8732    8.37629         32 0.0000e+00
    110.000    108.832    -1.3891  27.085949    -1.3887  27.085648     6.0907     6.4813     0.8608    95.5678 1.0000e-12  -74.21576 -112.20577  19.836318      99.82 9.4299e+02    418.850      10053  1027.7839  1027.7831    33.8751    33.8741    8.37611         31 0.0000e+00
    111.000    109.823    -1.3894  27.087207    -1.3890  27.086814     6.0810     6.4603     1.5427    95.6232 1.0000e-12  -74.21576 -112.20578  19.836333      99.82 9.4325e+02    420.152      10085  1027.7898  1027.7890    33.8765    33.8755    8.37608         32 0.0000e+00
    112.000    110.809    -1.3894  27.088720    -1.3889  27.088336     6.0628     6.4502     1.3244    96.4469 1.0000e-12  -74.21576 -112.20578  19.836348      99.82 9.4419e+02    421.432      10115  1027.7958  1027.7949    33.8779    33.8768    8.37600         30 0.0000e+00
    113.000    111.802    -1.3892  27.090721    -1.3890  27.090232     6.0590     6.4430     0.6384    95.8045 1.0000e-12  -74.21576 -112.20578  19.836362      95.23 9.4506e+02    422.697      10146  1027.8021  1027.8013    33.8799    33.8789    8.37584         29 0.0000e+00
    114.000    112.788    -1.3886  27.093854    -1.3882  27.093422     6.0624     6.4464     0.6679    96.1978 1.0000e-12  -74.21576 -112.20578  19.836377      99.04 9.4625e+02    423.977      10176  1027.8093  1027.8084    33.8828    33.8818    8.37552         31 0.0000e+00
    115.000    113.778    -1.3876  27.095929    -1.3873  27.095439     6.0768     6.4528     0.7095    96.4887 1.0000e-12  -74.21576 -112.20578  19.836392      99.82 9.4708e+02    425.264      10207  1027.8150  1027.8141    33.8840    33.8829    8.37524         30 0.0000e+00
    116.000    114.767    -1.3873  27.097202    -1.3868  27.096854     6.0826     6.4595     0.5325    96.4404 1.0000e-12  -74.21576 -112.20577  19.836406      99.82 9.4800e+02    426.499      10237  1027.8203  1027.8195    33.8847    33.8836    8.37511         29 0.0000e+00
