ocean_section_plots/required_files/ctd/dnbp2202_ctd107.cnv
* Sea-Bird SBE 9 Data File:
* FileName = D:\Data\raw\NBP2202_CTD107.hex
* Software Version Seasave V 7.26.7.121
* Temperature SN = 1649
* Conductivity SN = 2513
* Number of Bytes Per Scan = 40
* Number of Voltage Words = 5
* Number of Scans Averaged by the Deck Unit = 1
* NMEA Latitude = 74 10.52 S
* NMEA Longitude = 113 20.65 W
* NMEA UTC (Time) = Jan 27 2022  05:38:13
* NMEA baud rate = 9600
** Ship: RVIB N.B. Palmer
** Cruise: NBP2202 Thwaites
** Station: YoYo001
** Operator: B. Bjork
# nquan = 25
# nvalues = 608                         
# units = specified
# name 0 = prDM: Pressure, Digiquartz [db]
# name 1 = depSM: Depth [salt water, m]
# name 2 = t090C: Temperature [ITS-90, deg C]
# name 3 = c0mS/cm: Conductivity [mS/cm]
# name 4 = t190C: Temperature, 2 [ITS-90, deg C]
# name 5 = c1mS/cm: Conductivity, 2 [mS/cm]
# name 6 = sbeox0ML/L: Oxygen, SBE 43 [ml/l]
# name 7 = sbeox1ML/L: Oxygen, SBE 43, 2 [ml/l]
# name 8 = flECO-AFL: Fluorescence, WET Labs ECO-AFL/FL [mg/m^3]
# name 9 = CStarTr0: Beam Transmission, WET Labs C-Star [%]
# name 10 = par: PAR/Irradiance, Biospherical/Licor
# name 11 = latitude: Latitude [deg]
# name 12 = longitude: Longitude [deg]
# name 13 = timeJ: Julian Days
# name 14 = altM: Altimeter [m]
# name 15 = spar: SPAR, Biospherical/Licor
# name 16 = timeS: Time, Elapsed [seconds]
# name 17 = scan: Scan Count
# name 18 = density00: Density [density, kg/m^3]
# name 19 = density11: Density, 2 [density, kg/m^3]
# name 20 = sal00: Salinity, Practical [PSU]
# name 21 = sal11: Salinity, Practical, 2 [PSU]
# name 22 = oxsolML/L: Oxygen Saturation, Garcia & Gordon [ml/l]
# name 23 = nbin: number of scans per bin
# name 24 = flag: flag
# span 0 =     10.000,    617.000       
# span 1 =      9.895,    609.711       
# span 2 =    -1.4575,     0.1136       
# span 3 =  26.983977,  28.949568       
# span 4 =    -1.4563,     0.1159       
# span 5 =  26.984292,  28.949308       
# span 6 =     4.6905,     8.5822       
# span 7 =     4.7500,     8.5235       
# span 8 =    -0.0224,    27.4239       
# span 9 =    67.6203,    95.5989       
# span 10 = 1.0000e-12, 2.2580e+00      
# span 11 =  -74.17536,  -74.17536      
# span 12 = -113.34426, -113.34424      
# span 13 =  27.235554,  27.244034      
# span 14 =       7.91,     100.57      
# span 15 = 9.8716e+01, 1.1287e+02      
# span 16 =     58.908,    791.559      
# span 17 =       1415,      18998      
# span 18 =  1027.2278,  1030.5256      
# span 19 =  1027.2243,  1030.5232      
# span 20 =    33.7932,    34.3867      
# span 21 =    33.7900,    34.3837      
# span 22 =    8.02084,    8.39441      
# span 23 =         10,         44      
# span 24 = 0.0000e+00, 0.0000e+00      
# interval = decibars: 1                
# start_time = Jan 27 2022 05:38:13 [NMEA time, header]
# bad_flag = -9.990e-29
*END*
[from data line 232]
    242.000    239.355    -0.8901  27.690266    -0.8883  27.689963     5.1586     5.2432    -0.0160    95.4777 1.0000e-12  -74.17536 -113.34426  27.238963      99.86 1.0665e+02    353.397       8483  1028.5400  1028.5380    34.0546    34.0521    8.25472         22 0.0000e+00
    243.000    240.344    -0.8894  27.690904    -0.8861  27.691903     5.1421     5.2289    -0.0150    95.4782 1.0000e-12  -74.17536 -113.34426  27.238974      99.86 1.0638e+02    354.343       8505  1028.5445  1028.5424    34.0541    34.0517    8.25460         23 0.0000e+00
    244.000    241.333    -0.8874  27.693591    -0.8842  27.694409     5.1297     5.2162    -0.0112    95.4782 1.0000e-12  -74.17536 -113.34426  27.238985      99.86 1.0745e+02    355.284       8528  1028.5499  1028.5477    34.0549    34.0523    8.25412         23 0.0000e+00
    245.000    242.320    -0.8538  27.729550    -0.8533  27.726538     5.1253     5.2066    -0.0103    95.4616 1.0000e-12  -74.17536 -113.34426  27.238996      99.87 1.0663e+02    356.239       8551  1028.5605  1028.5568    34.0651    34.0604    8.24616         23 0.0000e+00
    246.000    243.309    -0.8426  27.739660    -0.8408  27.739328     5.1229     5.2036    -0.0217    95.4566 1.0000e-12  -74.17536 -113.34426  27.239007      99.87 1.0593e+02    357.183       8573  1028.5650  1028.5630    34.0655    34.0630    8.24368         22 0.0000e+00
    247.000    244.298    -0.8435  27.739703    -0.8414  27.739616     5.1238     5.2043    -0.0218    95.4458 1.0000e-12  -74.17536 -113.34426  27.239018      99.86 1.0684e+02    358.120       8596  1028.5705  1028.5683    34.0660    34.0635    8.24386         23 0.0000e+00
    248.000    245.286    -0.8408  27.743250    -0.8396  27.742111     5.1154     5.2081    -0.0143    95.4437 1.0000e-12  -74.17536 -113.34426  27.239029      85.12 1.0722e+02    359.066       8619  1028.5762  1028.5738    34.0671    34.0642    8.24320         22 0.0000e+00
    249.000    246.276    -0.8411  27.743577    -0.8396  27.742626     5.1207     5.2077    -0.0147    95.4469 1.0000e-12  -74.17536 -113.34426  27.239039      87.72 1.0606e+02    360.011       8641  1028.5812  1028.5788    34.0672    34.0643    8.24324         23 0.0000e+00
    250.000    247.263    -0.8339  27.751658    -0.8328  27.750689     5.1187     5.1973    -0.0083    95.4496 1.0000e-12  -74.17536 -113.34426  27.239050      96.87 1.0650e+02    360.946       8664  1028.5875  1028.5853    34.0695    34.0669    8.24155         22 0.0000e+00
    251.000    248.251    -0.8302  27.756398    -0.8276  27.756744     5.1172     5.1919    -0.0098    95.4241 1.0000e-12  -74.17536 -113.34426  27.239061      99.85 1.0680e+02    361.890       8686  1028.5934  1028.5912    34.0712    34.0687    8.24064         24 0.0000e+00
    252.000    249.239    -0.8289  27.757854    -0.8283  27.756202     5.1187     5.1991    -0.0156    95.4320 1.0000e-12  -74.17536 -113.34426  27.239072      99.86 1.0578e+02    362.847       8709  1028.5981  1028.5958    34.0710    34.0681    8.24036         22 0.0000e+00
    253.000    250.228    -0.8284  27.759124    -0.8266  27.758747     5.1182     5.1994    -0.0208    95.4222 1.0000e-12  -74.17536 -113.34426  27.239083      99.87 1.0631e+02    363.791       8732  1028.6034  1028.6013    34.0715    34.0690    8.24022         23 0.0000e+00
    254.000    251.217    -0.8260  27.762001    -0.8235  27.762338     5.0976     5.1771    -0.0144    95.4144 1.0000e-12  -74.17536 -113.34426  27.239094      99.86 1.0677e+02    364.740       8755  1028.6086  1028.6066    34.0721    34.0698    8.23966         23 0.0000e+00
    255.000    252.206    -0.8148  27.774696    -0.8135  27.773379     5.0764     5.1548    -0.0140    95.4098 1.0000e-12  -74.17536 -113.34426  27.239105      99.87 1.0585e+02    365.687       8777  1028.6158  1028.6132    34.0760    34.0728    8.23698         22 0.0000e+00
    256.000    253.193    -0.7795  27.810261    -0.7779  27.808910     5.0638     5.1406    -0.0205    95.4122 1.0000e-12  -74.17536 -113.34426  27.239116      99.86 1.0610e+02    366.622       8800  1028.6243  1028.6213    34.0838    34.0801    8.22883         22 0.0000e+00
    257.000    254.183    -0.7683  27.820404    -0.7666  27.819704     5.0574     5.1360    -0.0212    95.4014 1.0000e-12  -74.17536 -113.34426  27.239127      99.87 1.0695e+02    367.559       8822  1028.6288  1028.6265    34.0842    34.0814    8.22635         24 0.0000e+00
    258.000    255.171    -0.7651  27.824258    -0.7631  27.823700     5.0535     5.1344    -0.0181    95.4027 1.0000e-12  -74.17536 -113.34426  27.239138      99.87 1.0594e+02    368.510       8845  1028.6344  1028.6319    34.0852    34.0822    8.22560         22 0.0000e+00
    259.000    256.160    -0.7639  27.825529    -0.7620  27.825126     5.0459     5.1349    -0.0109    95.3865 1.0000e-12  -74.17536 -113.34426  27.239149      99.87 1.0577e+02    369.455       8868  1028.6392  1028.6369    34.0850    34.0823    8.22535         23 0.0000e+00
    260.000    257.146    -0.7627  27.827267    -0.7604  27.827138     5.0391     5.1289    -0.0062    95.3941 1.0000e-12  -74.17536 -113.34426  27.239160      99.87 1.0721e+02    370.404       8891  1028.6444  1028.6420    34.0854    34.0826    8.22507         23 0.0000e+00
    261.000    258.137    -0.7559  27.834851    -0.7523  27.835778     5.0268     5.1139    -0.0050    95.3770 1.0000e-12  -74.17536 -113.34426  27.239171      94.01 1.0577e+02    371.354       8913  1028.6503  1028.6479    34.0873    34.0846    8.22347         22 0.0000e+00
    262.000    259.123    -0.7455  27.845748    -0.7449  27.843692     5.0165     5.1014    -0.0127    95.3774 1.0000e-12  -74.17536 -113.34426  27.239182      77.90 1.0577e+02    372.286       8936  1028.6565  1028.6537    34.0898    34.0863    8.22107         23 0.0000e+00
    263.000    260.113    -0.7262  27.865276    -0.7238  27.865048     5.0167     5.0957    -0.0199    95.3702 1.0000e-12  -74.17536 -113.34426  27.239192      92.60 1.0734e+02    373.204       8958  1028.6632  1028.6607    34.0938    34.0908    8.21663         22 0.0000e+00
    264.000    261.101    -0.7169  27.874731    -0.7147  27.874516     5.0175     5.0904    -0.0217    95.3630 1.0000e-12  -74.17536 -113.34426  27.239203      99.83 1.0578e+02    374.141       8980  1028.6689  1028.6665    34.0955    34.0926    8.21452         22 0.0000e+00
    265.000    262.090    -0.7148  27.877090    -0.7128  27.876790     5.0099     5.0825    -0.0156    95.3665 1.0000e-12  -74.17536 -113.34426  27.239214      99.86 1.0569e+02    375.070       9003  1028.6739  1028.6716    34.0956    34.0930    8.21404         22 0.0000e+00
    266.000    263.078    -0.7115  27.881031    -0.7086  27.881540     5.0054     5.0860    -0.0131    95.3651 1.0000e-12  -74.17536 -113.34426  27.239225      99.87 1.0685e+02    376.003       9025  1028.6794  1028.6771    34.0967    34.0940    8.21327         23 0.0000e+00
    267.000    264.065    -0.7052  27.887899    -0.7027  27.887944     5.0036     5.0749    -0.0134    95.3405 1.0000e-12  -74.17536 -113.34426  27.239236      99.87 1.0593e+02    376.956       9048  1028.6852  1028.6827    34.0982    34.0954    8.21181         23 0.0000e+00
    268.000    265.055    -0.7023  27.891042    -0.7003  27.890646     4.9994     5.0712    -0.0143    95.3478 1.0000e-12  -74.17536 -113.34426  27.239247      99.86 1.0577e+02    377.903       9071  1028.6902  1028.6878    34.0986    34.0957    8.21116         22 0.0000e+00
    269.000    266.043    -0.7003  27.893451    -0.6987  27.892696     4.9990     5.0740    -0.0131    95.3405 1.0000e-12  -74.17536 -113.34426  27.239257      99.87 1.0662e+02    378.832       9093  1028.6953  1028.6929    34.0989    34.0961    8.21069         23 0.0000e+00
    270.000    267.031    -0.6931  27.901470    -0.6916  27.900535     4.9914     5.0695    -0.0194    95.3372 1.0000e-12  -74.17536 -113.34426  27.239268      99.86 1.0616e+02    379.779       9116  1028.7014  1028.6989    34.1011    34.0982    8.20902         23 0.0000e+00
    271.000    268.021    -0.6901  27.904850    -0.6883  27.904301     4.9898     5.0694    -0.0154    95.3244 1.0000e-12  -74.17536 -113.34426  27.239279      99.87 1.0577e+02    380.725       9138  1028.7065  1028.7041    34.1016    34.0988    8.20833         22 0.0000e+00
    272.000    269.007    -0.6865  27.908802    -0.6846  27.908492     4.9900     5.0656    -0.0131    95.3191 1.0000e-12  -74.17536 -113.34426  27.239290      99.87 1.0639e+02    381.678       9161  1028.7117  1028.7095    34.1023    34.0997    8.20750         23 0.0000e+00
    273.000    269.996    -0.6834  27.912227    -0.6816  27.911773     4.9930     5.0584    -0.0160    95.3209 1.0000e-12  -74.17536 -113.34426  27.239302      99.87 1.0636e+02    382.651       9185  1028.7168  1028.7146    34.1028    34.1002    8.20680         24 0.0000e+00
    274.000    270.985    -0.6794  27.916756    -0.6777  27.916295     4.9888     5.0624    -0.0208    95.3177 1.0000e-12  -74.17536 -113.34426  27.239313      99.87 1.0578e+02    383.632       9208  1028.7222  1028.7200    34.1039    34.1013    8.20588         24 0.0000e+00
    275.000    271.974    -0.6782  27.918626    -0.6765  27.918046     4.9884     5.0627    -0.0192    95.3192 1.0000e-12  -74.17536 -113.34426  27.239324      99.86 1.0577e+02    384.621       9232  1028.7274  1028.7252    34.1043    34.1016    8.20558         23 0.0000e+00
    276.000    272.961    -0.6775  27.919770    -0.6757  27.919275     4.9834     5.0559    -0.0144    95.3047 1.0000e-12  -74.17536 -113.34425  27.239336      75.11 1.0577e+02    385.611       9256  1028.7324  1028.7301    34.1045    34.1018    8.20542         24 0.0000e+00
    277.000    273.948    -0.6761  27.921894    -0.6745  27.921079     4.9856     5.0615    -0.0196    95.2909 1.0000e-12  -74.17536 -113.34425  27.239347      85.72 1.0577e+02    386.606       9280  1028.7378  1028.7354    34.1052    34.1023    8.20508         24 0.0000e+00
    278.000    274.938    -0.6752  27.923223    -0.6735  27.922749     4.9817     5.0628    -0.0196    95.2995 1.0000e-12  -74.17536 -113.34425  27.239359      99.91 1.0584e+02    387.608       9304  1028.7427  1028.7405    34.1054    34.1028    8.20488         24 0.0000e+00
    279.000    275.926    -0.6755  27.923545    -0.6742  27.922433     4.9781     5.0561    -0.0209    95.2917 1.0000e-12  -74.17536 -113.34425  27.239371      99.87 1.0675e+02    388.616       9328  1028.7477  1028.7452    34.1056    34.1026    8.20494         25 0.0000e+00
    280.000    276.915    -0.6678  27.932425    -0.6661  27.931745     4.9804     5.0496    -0.0200    95.3067 1.0000e-12  -74.17536 -113.34425  27.239382      99.87 1.0579e+02    389.626       9352  1028.7541  1028.7517    34.1083    34.1054    8.20311         24 0.0000e+00
    281.000    277.903    -0.6571  27.945070    -0.6559  27.943647     4.9837     5.0588    -0.0145    95.2921 1.0000e-12  -74.17536 -113.34425  27.239394      99.87 1.0577e+02    390.634       9376  1028.7617  1028.7590    34.1126    34.1094    8.20053         24 0.0000e+00
    282.000    278.891    -0.6462  27.957553    -0.6450  27.956178     4.9766     5.0592    -0.0126    95.2909 1.0000e-12  -74.17536 -113.34425  27.239406      99.86 1.0666e+02    391.646       9401  1028.7689  1028.7663    34.1166    34.1134    8.19794         24 0.0000e+00
    283.000    279.880    -0.6457  27.958357    -0.6443  27.957445     4.9761     5.0508    -0.0175    95.2887 1.0000e-12  -74.17536 -113.34425  27.239417      99.87 1.0577e+02    392.651       9425  1028.7737  1028.7713    34.1165    34.1136    8.19784         24 0.0000e+00
    284.000    280.867    -0.6451  27.959387    -0.6433  27.958953     4.9697     5.0443    -0.0203    95.2974 1.0000e-12  -74.17536 -113.34425  27.239429      99.86 1.0584e+02    393.654       9449  1028.7787  1028.7764    34.1166    34.1140    8.19770         24 0.0000e+00
    285.000    281.856    -0.6440  27.961189    -0.6423  27.960551     4.9746     5.0458    -0.0147    95.2895 1.0000e-12  -74.17536 -113.34425  27.239441      99.86 1.0691e+02    394.670       9473  1028.7838  1028.7816    34.1171    34.1144    8.19742         25 0.0000e+00
    286.000    282.845    -0.6435  27.962021    -0.6412  27.962199     4.9748     5.0423    -0.0068    95.2898 1.0000e-12  -74.17536 -113.34425  27.239452      99.87 1.0577e+02    395.686       9497  1028.7886  1028.7866    34.1171    34.1148    8.19732         24 0.0000e+00
    287.000    283.832    -0.6413  27.965175    -0.6389  27.965157     4.9779     5.0489    -0.0141    95.2957 1.0000e-12  -74.17536 -113.34425  27.239464      99.87 1.0577e+02    396.708       9522  1028.7942  1028.7919    34.1182    34.1155    8.19677         25 0.0000e+00
    288.000    284.821    -0.6379  27.969523    -0.6359  27.969151     4.9721     5.0511    -0.0196    95.2995 1.0000e-12  -74.17536 -113.34425  27.239476      99.87 1.0577e+02    397.730       9547  1028.8000  1028.7976    34.1197    34.1169    8.19596         24 0.0000e+00
    289.000    285.809    -0.6368  27.971094    -0.6351  27.970622     4.9727     5.0500    -0.0209    95.3040 1.0000e-12  -74.17536 -113.34425  27.239488      87.65 1.0577e+02    398.751       9571  1028.8050  1028.8029    34.1200    34.1174    8.19571         25 0.0000e+00
    290.000    286.797    -0.6362  27.972277    -0.6345  27.971809     4.9730     5.0503    -0.0212    95.2979 1.0000e-12  -74.17536 -113.34425  27.239500      95.95 1.0577e+02    399.770       9595  1028.8100  1028.8079    34.1203    34.1178    8.19556         25 0.0000e+00
    291.000    287.786    -0.6355  27.973686    -0.6333  27.973363     4.9699     5.0513    -0.0136    95.2868 1.0000e-12  -74.17536 -113.34425  27.239511      52.84 1.0577e+02    400.794       9620  1028.8152  1028.8128    34.1207    34.1179    8.19537         24 0.0000e+00
    292.000    288.774    -0.6311  27.978924    -0.6287  27.978874     4.9683     5.0498    -0.0206    95.2968 1.0000e-12  -74.17536 -113.34425  27.239524      99.84 1.0577e+02    401.833       9645  1028.8208  1028.8185    34.1222    34.1195    8.19433         25 0.0000e+00
    293.000    289.761    -0.6269  27.983865    -0.6253  27.982990     4.9690     5.0421    -0.0141    95.3101 1.0000e-12  -74.17536 -113.34425  27.239536      99.87 1.0577e+02    402.874       9670  1028.8265  1028.8240    34.1236    34.1206    8.19335         25 0.0000e+00
    294.000    290.751    -0.6249  27.986325    -0.6230  27.985911     4.9684     5.0385    -0.0197    95.3163 1.0000e-12  -74.17536 -113.34425  27.239548      99.87 1.0577e+02    403.906       9695  1028.8315  1028.8293    34.1241    34.1214    8.19289         25 0.0000e+00
    295.000    291.738    -0.6222  27.989748    -0.6204  27.989276     4.9618     5.0439    -0.0212    95.2772 1.0000e-12  -74.17536 -113.34425  27.239559      99.86 1.0577e+02    404.932       9719  1028.8369  1028.8347    34.1249    34.1223    8.19224         24 0.0000e+00
    296.000    292.728    -0.6199  27.992595    -0.6182  27.992116     4.9639     5.0436    -0.0206    95.2833 1.0000e-12  -74.17536 -113.34425  27.239571      99.87 1.0577e+02    405.944       9744  1028.8421  1028.8399    34.1257    34.1230    8.19172         25 0.0000e+00
    297.000    293.716    -0.6178  27.995509    -0.6159  27.995011     4.9661     5.0410    -0.0158    95.3012 1.0000e-12  -74.17536 -113.34425  27.239583      99.87 1.0577e+02    406.955       9768  1028.8475  1028.8452    34.1265    34.1238    8.19120         24 0.0000e+00
    298.000    294.703    -0.6140  28.000093    -0.6123  27.999350     4.9569     5.0334    -0.0069    95.2989 1.0000e-12  -74.17536 -113.34425  27.239595      99.86 1.0577e+02    407.988       9793  1028.8530  1028.8506    34.1278    34.1249    8.19030         25 0.0000e+00
