ocean_section_plots/required_files/ctd/dnbp2202_ctd183.cnv
* Sea-Bird SBE 9 Data File:
* FileName = D:\Data\raw\NBP2202_CTD183.hex
* Software Version Seasave V 7.26.7.121
* Temperature SN = 1649
* Conductivity SN = 2513
* Number of Bytes Per Scan = 40
* Number of Voltage Words = 5
* Number of Scans Averaged by the Deck Unit = 1
* NMEA Latitude = 74 00.89 S
* NMEA Longitude = 113 28.38 W
* NMEA UTC (Time) = Feb 04 2022  13:39:16
* NMEA baud rate = 9600
** Ship: RVIB N.B. Palmer
** Cruise: NBP2202 Thwaites
** Station: 105
** Operator: B Bjork
# nquan = 28
# nvalues = 170                         
# units = specified
# name 0 = prDM: Pressure, Digiquartz [db]
# name 1 = depSM: Depth [salt water, m]
# name 2 = t090C: Temperature [ITS-90, deg C]
# name 3 = c0mS/cm: Conductivity [mS/cm]
# name 4 = t190C: Temperature, 2 [ITS-90, deg C]
# name 5 = c1mS/cm: Conductivity, 2 [mS/cm]
# name 6 = sbeox0ML/L: Oxygen, SBE 43 [ml/l]
# name 7 = sbeox1ML/L: Oxygen, SBE 43, 2 [ml/l]
# name 8 = flECO-AFL: Fluorescence, WET Labs ECO-AFL/FL [mg/m^3]
# name 9 = CStarTr0: Beam Transmission, WET Labs C-Star [%]
# name 10 = par: PAR/Irradiance, Biospherical/Licor
# name 11 = latitude: Latitude [deg]
# name 12 = longitude: Longitude [deg]
# name 13 = timeJ: Julian Days
# name 14 = altM: Altimeter [m]
# name 15 = spar: SPAR, Biospherical/Licor
# name 16 = timeS: Time, Elapsed [seconds]
# name 17 = scan: Scan Count
# name 18 = density00: Density [density, kg/m^3]
# name 19 = density11: Density, 2 [density, kg/m^3]
# name 20 = v3: Voltage 3
# name 21 = v4: Voltage 4
# name 22 = v5: Voltage 5
# name 23 = sal00: Salinity, Practical [PSU]
# name 24 = sal11: Salinity, Practical, 2 [PSU]
# name 25 = oxsolML/L: Oxygen Saturation, Garcia & Gordon [ml/l]
# name 26 = nbin: number of scans per bin
# name 27 = flag: flag
# span 0 =      3.000,    172.000       
# span 1 =      2.972,    170.145       
# span 2 =    -1.3934,    -0.9967       
# span 3 =  27.070064,  27.447394       
# span 4 =    -1.3926,    -0.9956       
# span 5 =  27.069455,  27.447037       
# span 6 =     5.3939,     8.4075       
# span 7 =     5.5098,     8.6226       
# span 8 =     0.1613,    23.3137       
# span 9 =    75.2409,    98.2070       
# span 10 = -1.117e-04, 5.3427e+01      
# span 11 =  -74.01490,  -74.01490      
# span 12 = -113.47303, -113.47299      
# span 13 =  35.572132,  35.576822      
# span 14 =       3.84,     100.08      
# span 15 = 1.4028e+03, 1.4235e+03      
# span 16 =    276.169,    681.451      
# span 17 =       6629,      16356      
# span 18 =  1027.2106,  1028.1714      
# span 19 =  1027.2108,  1028.1706      
# span 20 =     3.5702,     4.6588      
# span 21 =     0.0914,     3.4556      
# span 22 =     0.1255,     0.2487      
# span 23 =    33.8176,    34.0003      
# span 24 =    33.8174,    33.9991      
# span 25 =    8.29156,    8.37678      
# span 26 =          7,         48      
# span 27 = 0.0000e+00, 0.0000e+00      
# interval = decibars: 1                
# start_time = Feb 04 2022 13:39:16 [NMEA time, header]
# bad_flag = -9.990e-29
*END*
[from data line 52]
     55.000     54.424    -1.0286  27.323839    -1.0270  27.324335     8.1354     8.3461    19.0513    78.4683 1.0000e-12  -74.01490 -113.47303  35.573396      99.91 1.4144e+03    385.398       9251  1027.4688  1027.4678     3.7228     2.9811     0.2173    33.8277    33.8266    8.29850         40 0.0000e+00
     56.000     55.411    -1.0236  27.327737    -1.0233  27.327455     8.1394     8.3399    21.7436    79.5348 1.0000e-12  -74.01490 -113.47303  35.573420      99.96 1.4157e+03    387.491       9301  1027.4725  1027.4718     3.7734     3.1393     0.2296    33.8269    33.8261    8.29746         40 0.0000e+00
     57.000     56.404    -1.0265  27.325951    -1.0265  27.325429     8.1108     8.3239    20.4728    77.0077 1.0000e-12  -74.01490 -113.47303  35.573441      99.96 1.4145e+03    389.313       9345  1027.4775  1027.4770     3.6538     3.3130     0.2404    33.8270    33.8264    8.29808         38 0.0000e+00
     58.000     57.391    -1.0310  27.323123    -1.0279  27.324852     8.0294     8.2773    20.0041    78.8654 1.0000e-12  -74.01490 -113.47303  35.573462      99.92 1.4156e+03    391.162       9389  1027.4830  1027.4820     3.7417     2.9846     0.2392    33.8277    33.8265    8.29904         39 0.0000e+00
     59.000     58.381    -1.0459  27.312867    -1.0417  27.315286     7.9946     8.2333    21.1457    78.3989 1.0000e-12  -74.01490 -113.47302  35.573487      99.75 1.4156e+03    393.286       9440  1027.4905  1027.4892     3.7199     3.0343     0.1963    33.8299    33.8284    8.30222         41 0.0000e+00
     60.000     59.371    -1.0458  27.313238    -1.0424  27.315300     8.0446     8.2549    19.2111    78.2943 1.0000e-12  -74.01490 -113.47303  35.573509     100.00 1.4138e+03    395.166       9485  1027.4949  1027.4940     3.7142     3.3551     0.1935    33.8296    33.8286    8.30220         39 0.0000e+00
     61.000     60.358    -1.0390  27.319193    -1.0389  27.318303     8.1575     8.3391    18.1219    77.8852 1.0000e-12  -74.01490 -113.47302  35.573530      99.96 1.4154e+03    397.011       9529  1027.4991  1027.4981     3.6959     3.1697     0.1933    33.8294    33.8282    8.30071         37 0.0000e+00
     62.000     61.351    -1.0216  27.331939    -1.0204  27.332180     8.1387     8.3360    16.8630    78.2593 1.0000e-12  -74.01490 -113.47302  35.573554      99.93 1.4163e+03    399.095       9579  1027.5005  1027.4996     3.7130     2.9668     0.1779    33.8266    33.8256    8.29703         38 0.0000e+00
     63.000     62.339    -1.0317  27.324540    -1.0301  27.325344     8.0183     8.2127    19.6166    79.1841 1.0000e-12  -74.01490 -113.47301  35.573576      99.98 1.4154e+03    400.980       9625  1027.5065  1027.5059     3.7567     3.3479     0.2487    33.8273    33.8265    8.29923         43 0.0000e+00
     64.000     63.328    -1.0555  27.306847    -1.0594  27.303871     7.7680     8.0038    18.7099    78.0648 1.0000e-12  -74.01490 -113.47301  35.573599      99.96 1.4170e+03    402.944       9672  1027.5145  1027.5151     3.7036     2.9540     0.1903    33.8293    33.8297    8.30437         35 0.0000e+00
     65.000     64.317    -1.1144  27.261586    -1.1163  27.261082     7.5791     7.8305    18.7500    78.9309 1.0000e-12  -74.01490 -113.47302  35.573622      93.30 1.4172e+03    404.919       9719  1027.5261  1027.5274     3.7448     2.6837     0.1775    33.8333    33.8348    8.31720         40 0.0000e+00
     66.000     65.307    -1.1401  27.242825    -1.1389  27.243669     7.5073     7.7411    17.8912    78.3252 1.0000e-12  -74.01490 -113.47302  35.573644      72.99 1.4164e+03    406.866       9766  1027.5342  1027.5339     3.7159     2.5277     0.1939    33.8360    33.8358    8.32274         45 0.0000e+00
     67.000     66.297    -1.1562  27.230670    -1.1557  27.231133     7.4791     7.6975    14.5577    78.7353 1.0000e-12  -74.01490 -113.47302  35.573666      73.09 1.4149e+03    408.727       9810  1027.5402  1027.5402     3.7356     2.5965     0.1872    33.8370    33.8370    8.32627         39 0.0000e+00
     68.000     67.286    -1.1648  27.224795    -1.1649  27.224490     7.4564     7.6592    18.9960    78.7267 1.0000e-12  -74.01490 -113.47300  35.573689     100.08 1.4183e+03    410.725       9858  1027.5459  1027.5457     3.7351     2.5303     0.1897    33.8380    33.8377    8.32812         44 0.0000e+00
     69.000     68.275    -1.1717  27.220180    -1.1731  27.218796     7.4204     7.6135    16.5484    80.5233 1.0000e-12  -74.01490 -113.47300  35.573711      77.31 1.4160e+03    412.633       9904  1027.5514  1027.5513     3.8202     2.1491     0.1790    33.8389    33.8386    8.32961         41 0.0000e+00
     70.000     69.264    -1.1825  27.212682    -1.1842  27.211253     7.3719     7.5654    15.0613    79.7508 1.0000e-12  -74.01490 -113.47300  35.573733      93.79 1.4167e+03    414.498       9949  1027.5576  1027.5577     3.7836     2.2568     0.2085    33.8401    33.8401    8.33194         41 0.0000e+00
     71.000     70.254    -1.1954  27.203873    -1.1949  27.203971     7.3477     7.5479    15.7602    80.7478 1.0000e-12  -74.01490 -113.47300  35.573756      72.16 1.4175e+03    416.513       9997  1027.5643  1027.5639     3.8309     2.4444     0.1872    33.8420    33.8416    8.33470         42 0.0000e+00
     72.000     71.243    -1.2015  27.199987    -1.2048  27.197311     7.2484     7.4472    14.0737    81.0587 1.0000e-12  -74.01490 -113.47300  35.573777      97.30 1.4173e+03    418.357      10042  1027.5699  1027.5702     3.8457     2.2031     0.1911    33.8430    33.8430    8.33600         37 0.0000e+00
     73.000     72.231    -1.2193  27.187034    -1.2087  27.195757     6.7267     7.0166    16.0312    81.6890 1.0000e-12  -74.01490 -113.47300  35.573800      99.64 1.4163e+03    420.320      10089  1027.5770  1027.5762     3.8754     2.1785     0.1802    33.8448    33.8447    8.33988         39 0.0000e+00
     74.000     73.221    -1.3371  27.103718    -1.3379  27.106278     6.3693     6.6474    14.9009    81.7229 1.0000e-12  -74.01490 -113.47300  35.573822      99.42 1.4169e+03    422.249      10135  1027.6033  1027.6071     3.8768     1.9703     0.1676    33.8630    33.8675    8.36513         41 0.0000e+00
     75.000     74.211    -1.3703  27.080608    -1.3680  27.082726     6.2846     6.5159    12.8119    82.1899 1.0000e-12  -74.01490 -113.47300  35.573844      99.57 1.4181e+03    424.080      10179  1027.6135  1027.6136     3.8993     1.5531     0.1690    33.8683    33.8686    8.37228         39 0.0000e+00
     76.000     75.201    -1.3847  27.071143    -1.3868  27.069976     6.2800     6.4772     6.9313    83.7613 1.0000e-12  -74.01490 -113.47300  35.573861      99.55 1.4174e+03    425.608      10216  1027.6205  1027.6213     3.9737     1.3148     0.1783    33.8710    33.8717    8.37536         32 0.0000e+00
     77.000     76.191    -1.3875  27.070064    -1.3883  27.069455     6.2785     6.4450     6.3885    83.5410 1.0000e-12  -74.01490 -113.47300  35.573877      99.60 1.4193e+03    426.993      10249  1027.6257  1027.6259     3.9635     1.1763     0.1502    33.8720    33.8721    8.37592         32 0.0000e+00
     78.000     77.178    -1.3884  27.070472    -1.3882  27.070819     6.2277     6.3799     6.1585    84.8369 1.0000e-12  -74.01490 -113.47300  35.573892      99.22 1.4196e+03    428.291      10280  1027.6309  1027.6311     4.0248     1.1649     0.1583    33.8730    33.8733    8.37607         31 0.0000e+00
     79.000     78.168    -1.3876  27.074997    -1.3893  27.073733     6.1773     6.3421     5.5408    87.3396 1.0000e-12  -74.01490 -113.47300  35.573907      98.81 1.4181e+03    429.576      10311  1027.6390  1027.6393     4.1435     0.9868     0.1663    33.8777    33.8779    8.37561         31 0.0000e+00
     80.000     79.157    -1.3898  27.074726    -1.3896  27.074878     6.1411     6.3059     6.5294    88.4468 1.0000e-12  -74.01490 -113.47300  35.573922      97.59 1.4192e+03    430.827      10341  1027.6448  1027.6447     4.1960     0.8087     0.1427    33.8792    33.8791    8.37602         29 0.0000e+00
     81.000     80.147    -1.3934  27.072808    -1.3926  27.073469     6.1289     6.2938     5.9792    89.1302 1.0000e-12  -74.01490 -113.47300  35.573935      96.61 1.4184e+03    432.011      10369  1027.6502  1027.6502     4.2284     0.7676     0.1509    33.8800    33.8800    8.37678         28 0.0000e+00
     82.000     81.136    -1.3923  27.075424    -1.3908  27.076715     6.1425     6.2988     6.0342    89.7363 1.0000e-12  -74.01490 -113.47300  35.573949      95.53 1.4183e+03    433.184      10397  1027.6561  1027.6561     4.2571     0.7932     0.1497    33.8817    33.8818    8.37642         28 0.0000e+00
     83.000     82.125    -1.3883  27.080798    -1.3876  27.080604     6.1689     6.2952     4.2156    90.9034 1.0000e-12  -74.01490 -113.47300  35.573963      94.55 1.4178e+03    434.364      10426  1027.6623  1027.6614     4.3124     0.6909     0.1465    33.8839    33.8829    8.37539         29 0.0000e+00
     84.000     83.112    -1.3655  27.106478    -1.3652  27.106389     6.1554     6.2870     4.3130    91.4248 1.0000e-12  -74.01490 -113.47300  35.573976      93.56 1.4195e+03    435.542      10454  1027.6728  1027.6724     4.3372     0.6841     0.1466    33.8929    33.8923    8.36975         27 0.0000e+00
     85.000     84.106    -1.3600  27.115115    -1.3595  27.115474     6.1359     6.2747     4.5261    91.4862 1.0000e-12  -74.01490 -113.47300  35.573989      92.44 1.4186e+03    436.688      10482  1027.6813  1027.6812     4.3401     0.6756     0.1420    33.8979    33.8978    8.36822         28 0.0000e+00
     86.000     85.093    -1.3628  27.114259    -1.3622  27.114374     6.1075     6.2492     3.4951    91.5457 1.0000e-12  -74.01490 -113.47300  35.574003      91.51 1.4185e+03    437.830      10509  1027.6873  1027.6869     4.3429     0.6750     0.1435    33.8992    33.8987    8.36876         27 0.0000e+00
     87.000     86.083    -1.3573  27.120454    -1.3565  27.120716     6.0604     6.2071     4.1734    91.4788 1.0000e-12  -74.01490 -113.47300  35.574016      90.50 1.4201e+03    438.948      10536  1027.6931  1027.6926     4.3397     0.6205     0.1502    33.9009    33.9003    8.36742         27 0.0000e+00
     88.000     87.071    -1.3462  27.131882    -1.3461  27.131251     6.0025     6.1529     3.7156    91.8239 1.0000e-12  -74.01490 -113.47300  35.574029      89.43 1.4172e+03    440.073      10563  1027.6992  1027.6984     4.3561     0.6051     0.1323    33.9033    33.9024    8.36478         27 0.0000e+00
     89.000     88.061    -1.3329  27.146269    -1.3308  27.147937     5.9300     6.0728     4.0805    92.4686 1.0000e-12  -74.01490 -113.47300  35.574042      88.40 1.4199e+03    441.269      10591  1027.7066  1027.7065     4.3867     0.5623     0.1464    33.9075    33.9074    8.36156         30 0.0000e+00
     90.000     89.049    -1.3246  27.156512    -1.3203  27.159457     5.8897     6.0393     3.5500    93.1995 1.0000e-12  -74.01490 -113.47300  35.574056      87.38 1.4221e+03    442.451      10620  1027.7143  1027.7134     4.4213     0.5646     0.1446    33.9115    33.9107    8.35946         27 0.0000e+00
     91.000     90.039    -1.3024  27.178507    -1.3003  27.179936     5.9037     6.0463     2.6627    93.1549 1.0000e-12  -74.01490 -113.47300  35.574069      86.35 1.4203e+03    443.565      10647  1027.7214  1027.7210     4.4192     0.5817     0.1432    33.9159    33.9155    8.35423         26 0.0000e+00
     92.000     91.027    -1.3087  27.171578    -1.3112  27.169404     5.8772     6.0067     2.5735    93.2557 1.0000e-12  -74.01490 -113.47300  35.574083      85.32 1.4222e+03    444.736      10675  1027.7244  1027.7245     4.4240     0.5792     0.1396    33.9129    33.9128    8.35582         30 0.0000e+00
     93.000     92.018    -1.3118  27.170723    -1.3095  27.172515     5.8356     5.9669     3.6596    93.3852 1.0000e-12  -74.01490 -113.47300  35.574097      84.16 1.4235e+03    445.978      10704  1027.7309  1027.7306     4.4301     0.5433     0.1402    33.9146    33.9145    8.35640         29 0.0000e+00
     94.000     93.006    -1.2985  27.187158    -1.2934  27.190873     5.8140     5.9480     3.0148    93.7549 1.0000e-12  -74.01490 -113.47300  35.574110      83.31 1.4233e+03    447.106      10732  1027.7405  1027.7397     4.4476     0.5124     0.1360    33.9215    33.9208    8.35302         26 0.0000e+00
     95.000     93.996    -1.3077  27.181817    -1.3076  27.181734     5.8111     5.9403     2.9899    94.3460 1.0000e-12  -74.01490 -113.47300  35.574123      82.23 1.4226e+03    448.216      10758  1027.7481  1027.7479     4.4757     0.5047     0.1324    33.9240    33.9238    8.35494         28 0.0000e+00
     96.000     94.985    -1.3068  27.183577    -1.3069  27.183027     5.8159     5.9380     2.3060    94.2368 1.0000e-12  -74.01490 -113.47300  35.574136      81.12 1.4214e+03    449.369      10786  1027.7535  1027.7530     4.4705     0.4401     0.1340    33.9247    33.9241    8.35469         27 0.0000e+00
     97.000     95.975    -1.3085  27.182808    -1.3070  27.183689     5.8028     5.9304     2.4830    94.4469 1.0000e-12  -74.01490 -113.47300  35.574150      80.25 1.4222e+03    450.521      10814  1027.7586  1027.7582     4.4805     0.4166     0.1336    33.9249    33.9246    8.35505         25 0.0000e+00
     98.000     96.964    -1.3113  27.181444    -1.3106  27.181576     5.7917     5.9198     1.8313    94.7569 1.0000e-12  -74.01490 -113.47300  35.574163      79.20 1.4226e+03    451.677      10841  1027.7642  1027.7637     4.4952     0.5355     0.1387    33.9257    33.9251    8.35564         29 0.0000e+00
     99.000     97.953    -1.3083  27.185116    -1.3071  27.185652     5.7889     5.9180     1.6666    94.1397 1.0000e-12  -74.01490 -113.47300  35.574176      78.16 1.4203e+03    452.839      10869  1027.7697  1027.7691     4.4659     0.4351     0.1339    33.9267    33.9260    8.35491         27 0.0000e+00
    100.000     98.942    -1.3066  27.187156    -1.3061  27.187300     5.7805     5.9059     2.3696    95.2768 1.0000e-12  -74.01490 -113.47300  35.574190      77.12 1.4226e+03    453.987      10897  1027.7747  1027.7744     4.5198     0.3717     0.1315    33.9270    33.9266    8.35452         28 0.0000e+00
    101.000     99.930    -1.3073  27.187870    -1.3065  27.187265     5.7645     5.8861     1.7051    95.5146 1.0000e-12  -74.01490 -113.47300  35.574203      76.18 1.4223e+03    455.106      10924  1027.7804  1027.7791     4.5311     0.3786     0.1331    33.9280    33.9263    8.35459         26 0.0000e+00
    102.000    100.920    -1.3057  27.190313    -1.3050  27.190375     5.7444     5.8752     1.1688    94.9868 1.0000e-12  -74.01490 -113.47300  35.574215      75.12 1.4222e+03    456.208      10950  1027.7860  1027.7854     4.5061     0.2901     0.1351    33.9290    33.9283    8.35419         27 0.0000e+00
    103.000    101.909    -1.3053  27.192913    -1.3042  27.193303     5.7253     5.8568     2.0673    95.4224 1.0000e-12  -74.01490 -113.47300  35.574229      74.12 1.4220e+03    457.347      10977  1027.7928  1027.7922     4.5268     0.2951     0.1345    33.9315    33.9308    8.35396         28 0.0000e+00
    104.000    102.899    -1.3001  27.199015    -1.2987  27.199699     5.6708     5.8131     2.6412    95.7347 1.0000e-12  -74.01490 -113.47300  35.574243      73.08 1.4230e+03    458.568      11007  1027.7988  1027.7982     4.5415     0.4254     0.1300    33.9334    33.9327    8.35268         30 0.0000e+00
    105.000    103.889    -1.2844  27.215510    -1.2837  27.214956     5.6256     5.7628     1.8402    95.8101 1.0000e-12  -74.01490 -113.47300  35.574256      72.07 1.4226e+03    459.727      11034  1027.8061  1027.8048     4.5452     0.2807     0.1291    33.9376    33.9360    8.34892         26 0.0000e+00
