ocean_section_plots/required_files/ctd/dnbp2202_ctd005.cnv
* Sea-Bird SBE 9 Data File:
* FileName = D:\Data\raw\NBP2202_CTD005.hex
* Software Version Seasave V 7.26.7.121
* Temperature SN = 1649
* Conductivity SN = 2513
* Number of Bytes Per Scan = 40
* Number of Voltage Words = 5
* Number of Scans Averaged by the Deck Unit = 1
* NMEA Latitude = 72 12.28 S
* NMEA Longitude = 117 41.64 W
* NMEA UTC (Time) = Jan 15 2022  12:56:01
* NMEA baud rate = 9600
** Ship: RVIB N.B. Palmer
** Cruise: NBP2202 Thwaites
** Station: #2
** Operator: B Bjork
# nquan = 25
# nvalues = 522                         
# units = specified
# name 0 = prDM: Pressure, Digiquartz [db]
# name 1 = depSM: Depth [salt water, m]
# name 2 = t090C: Temperature [ITS-90, deg C]
# name 3 = c0mS/cm: Conductivity [mS/cm]
# name 4 = t190C: Temperature, 2 [ITS-90, deg C]
# name 5 = c1mS/cm: Conductivity, 2 [mS/cm]
# name 6 = sbeox0ML/L: Oxygen, SBE 43 [ml/l]
# name 7 = sbeox1ML/L: Oxygen, SBE 43, 2 [ml/l]
# name 8 = flECO-AFL: Fluorescence, WET Labs ECO-AFL/FL [mg/m^3]
# name 9 = CStarTr0: Beam Transmission, WET Labs C-Star [%]
# name 10 = par: PAR/Irradiance, Biospherical/Licor
# name 11 = latitude: Latitude [deg]
# name 12 = longitude: Longitude [deg]
# name 13 = timeJ: Julian Days
# name 14 = altM: Altimeter [m]
# name 15 = spar: SPAR, Biospherical/Licor
# name 16 = timeS: Time, Elapsed [seconds]
# name 17 = scan: Scan Count
# name 18 = density00: Density [density, kg/m^3]
# name 19 = density11: Density, 2 [density, kg/m^3]
# name 20 = sal00: Salinity, Practical [PSU]
# name 21 = sal11: Salinity, Practical, 2 [PSU]
# name 22 = oxsolML/L: Oxygen Saturation, Garcia & Gordon [ml/l]
# name 23 = nbin: number of scans per bin
# name 24 = flag: flag
# span 0 =      2.000,    523.000       
# span 1 =      1.976,    516.983       
# span 2 =    -1.8013,     0.9269       
# span 3 =  26.896214,  29.816188       
# span 4 =    -1.8006,     0.9294       
# span 5 =  26.896326,  29.815624       
# span 6 =     4.5169,     9.3573       
# span 7 =     4.7046,     9.7903       
# span 8 =     0.0097,    22.6009       
# span 9 =    73.3200,    99.4497       
# span 10 = 1.0000e-12, 1.7988e+02      
# span 11 =  -72.20482,  -72.20480      
# span 12 = -117.69404, -117.69400      
# span 13 =  15.541442,  15.550800      
# span 14 =       4.07,      99.99      
# span 15 = 3.9842e+02, 1.0126e+03      
# span 16 =    219.600,   1028.097      
# span 17 =       5271,      24675      
# span 18 =  1026.9112,  1030.2448      
# span 19 =  1026.9111,  1030.2418      
# span 20 =    33.4735,    34.6637      
# span 21 =    33.4732,    34.6601      
# span 22 =    7.83887,    8.45508      
# span 23 =          5,         48      
# span 24 = 0.0000e+00, 0.0000e+00      
# interval = decibars: 1                
# start_time = Jan 15 2022 12:56:01 [NMEA time, header]
# bad_flag = -9.990e-29
*END*
[from data line 406]
    408.000    403.421    -0.4490  28.315754    -0.4467  28.315137     5.0695     5.2761     0.0340    99.3500 1.0000e-12  -72.20482 -117.69402  15.548252      99.87 6.0709e+02    808.005      19393  1029.5040  1029.5012    34.2993    34.2959    8.14488         29 0.0000e+00
    409.000    404.407    -0.4465  28.318486    -0.4442  28.317747     5.0620     5.2791     0.0462    99.3646 1.0000e-12  -72.20482 -117.69402  15.548267      99.86 6.0561e+02    809.302      19424  1029.5089  1029.5060    34.2995    34.2960    8.14434         34 0.0000e+00
    410.000    405.395    -0.4430  28.322608    -0.4407  28.321782     5.0579     5.2757     0.0687    99.3503 1.0000e-12  -72.20482 -117.69402  15.548284      99.86 6.0446e+02    810.700      19458  1029.5144  1029.5112    34.3006    34.2968    8.14354         33 0.0000e+00
    411.000    406.384    -0.4307  28.335868    -0.4278  28.335234     5.0378     5.2450     0.0389    99.3475 1.0000e-12  -72.20482 -117.69402  15.548299      99.87 6.0301e+02    812.033      19490  1029.5209  1029.5174    34.3039    34.2997    8.14071         30 0.0000e+00
    412.000    407.371    -0.3942  28.373281    -0.3910  28.372603     5.0210     5.2318     0.0303    99.3337 1.0000e-12  -72.20482 -117.69402  15.548313      99.86 6.0232e+02    813.278      19520  1029.5294  1029.5256    34.3121    34.3077    8.13242         30 0.0000e+00
    413.000    408.359    -0.3742  28.393763    -0.3718  28.392905     5.0116     5.2241     0.0606    99.3485 1.0000e-12  -72.20482 -117.69402  15.548328      99.87 6.0021e+02    814.558      19550  1029.5362  1029.5330    34.3164    34.3125    8.12789         32 0.0000e+00
    414.000    409.348    -0.3561  28.412275    -0.3534  28.411302     5.0012     5.2116     0.0539    99.3245 1.0000e-12  -72.20482 -117.69402  15.548345      99.86 5.9781e+02    815.985      19585  1029.5428  1029.5392    34.3202    34.3159    8.12382         36 0.0000e+00
    415.000    410.334    -0.3416  28.427461    -0.3390  28.426463     4.9972     5.2045     0.0390    99.3004 1.0000e-12  -72.20482 -117.69402  15.548362      99.86 5.9649e+02    817.480      19621  1029.5494  1029.5459    34.3235    34.3193    8.12053         34 0.0000e+00
    416.000    411.323    -0.3265  28.443734    -0.3238  28.442704     4.9936     5.2008     0.0360    99.3274 1.0000e-12  -72.20482 -117.69402  15.548378      99.86 5.9505e+02    818.830      19653  1029.5566  1029.5529    34.3277    34.3233    8.11707         30 0.0000e+00
    417.000    412.311    -0.3136  28.457302    -0.3110  28.456528     4.9924     5.2014     0.0571    99.3133 1.0000e-12  -72.20482 -117.69402  15.548392      99.87 5.9299e+02    820.095      19683  1029.5630  1029.5596    34.3307    34.3267    8.11416         30 0.0000e+00
    418.000    413.298    -0.3029  28.468371    -0.3005  28.467655     4.9978     5.2016     0.0731    99.2955 1.0000e-12  -72.20482 -117.69402  15.548408      99.87 5.9071e+02    821.431      19715  1029.5689  1029.5658    34.3328    34.3291    8.11175         33 0.0000e+00
    419.000    414.285    -0.2985  28.473394    -0.2961  28.472617     4.9963     5.2047     0.0588    99.3371 1.0000e-12  -72.20482 -117.69402  15.548424      99.86 5.8918e+02    822.859      19750  1029.5745  1029.5714    34.3339    34.3302    8.11074         35 0.0000e+00
    420.000    415.273    -0.2933  28.479144    -0.2910  28.478179     4.9984     5.2065     0.0540    99.3268 1.0000e-12  -72.20482 -117.69402  15.548441      99.86 5.8826e+02    824.258      19783  1029.5801  1029.5769    34.3351    34.3313    8.10956         33 0.0000e+00
    421.000    416.262    -0.2851  28.487861    -0.2826  28.487034     4.9926     5.2045     0.0697    99.3358 1.0000e-12  -72.20482 -117.69402  15.548456      99.87 5.8714e+02    825.611      19816  1029.5859  1029.5825    34.3370    34.3330    8.10773         32 0.0000e+00
    422.000    417.248    -0.2720  28.501703    -0.2693  28.500863     4.9870     5.2012     0.1009    99.3209 1.0000e-12  -72.20482 -117.69402  15.548471      99.86 5.8537e+02    826.933      19847  1029.5922  1029.5888    34.3400    34.3359    8.10475         31 0.0000e+00
    423.000    418.237    -0.2595  28.514568    -0.2572  28.513584     4.9897     5.1937     0.0728    99.3316 1.0000e-12  -72.20482 -117.69402  15.548487      99.86 5.8404e+02    828.257      19879  1029.5982  1029.5949    34.3425    34.3386    8.10196         33 0.0000e+00
    424.000    419.225    -0.2547  28.519780    -0.2520  28.519145     4.9859     5.1971     0.0779    99.2847 1.0000e-12  -72.20482 -117.69402  15.548503      74.96 5.8317e+02    829.675      19913  1029.6035  1029.6002    34.3435    34.3396    8.10088         30 0.0000e+00
    425.000    420.212    -0.2426  28.532726    -0.2399  28.531781     4.9778     5.1908     0.0468    99.3210 1.0000e-12  -72.20482 -117.69402  15.548520      72.05 5.8104e+02    831.097      19947  1029.6099  1029.6063    34.3465    34.3422    8.09813         33 0.0000e+00
    426.000    421.200    -0.2032  28.573585    -0.1998  28.572109     4.9753     5.1802     0.0514    99.3053 1.0000e-12  -72.20482 -117.69402  15.548535      91.38 5.7914e+02    832.417      19979  1029.6191  1029.6142    34.3560    34.3502    8.08924         31 0.0000e+00
    427.000    422.188    -0.1709  28.606156    -0.1682  28.605005     4.9688     5.1807     0.0593    99.2878 1.0000e-12  -72.20482 -117.69402  15.548550      99.70 5.7691e+02    833.736      20011  1029.6266  1029.6227    34.3625    34.3579    8.08204         30 0.0000e+00
    428.000    423.174    -0.1606  28.616833    -0.1581  28.616075     4.9697     5.1795     0.0524    99.2866 1.0000e-12  -72.20482 -117.69402  15.548566      99.44 5.7534e+02    835.105      20044  1029.6325  1029.6294    34.3644    34.3607    8.07974         32 0.0000e+00
    429.000    424.163    -0.1558  28.622465    -0.1539  28.620945     4.9632     5.1685     0.0460    99.2747 1.0000e-12  -72.20482 -117.69402  15.548582      98.78 5.7433e+02    836.464      20076  1029.6384  1029.6350    34.3659    34.3618    8.07863         32 0.0000e+00
    430.000    425.151    -0.1511  28.627832    -0.1487  28.627092     4.9521     5.1646     0.0799    99.2957 1.0000e-12  -72.20482 -117.69402  15.548598      98.52 5.7237e+02    837.849      20109  1029.6442  1029.6411    34.3672    34.3636    8.07758         34 0.0000e+00
    431.000    426.139    -0.1436  28.636594    -0.1407  28.636070     4.9361     5.1482     0.1084    99.3026 1.0000e-12  -72.20482 -117.69402  15.548614      97.35 5.7095e+02    839.279      20144  1029.6507  1029.6473    34.3698    34.3659    8.07584         34 0.0000e+00
    432.000    427.126    -0.1318  28.650278    -0.1291  28.649641     4.9170     5.1282     0.0512    99.3267 1.0000e-12  -72.20482 -117.69402  15.548630      96.15 5.6958e+02    840.638      20176  1029.6582  1029.6549    34.3742    34.3703    8.07310         32 0.0000e+00
    433.000    428.114    -0.1048  28.680763    -0.1011  28.680474     4.8899     5.1029     0.0386    99.3071 1.0000e-12  -72.20482 -117.69402  15.548645      95.33 5.6868e+02    841.950      20208  1029.6685  1029.6645    34.3837    34.3791    8.06687         31 0.0000e+00
    434.000    429.102    -0.0690  28.718472    -0.0651  28.717813     4.8787     5.0886     0.0400    99.3441 1.0000e-12  -72.20482 -117.69402  15.548661      94.43 5.6715e+02    843.299      20240  1029.6777  1029.6733    34.3928    34.3877    8.05879         31 0.0000e+00
    435.000    430.089    -0.0439  28.745206    -0.0409  28.744528     4.8759     5.0836     0.0528    99.3025 1.0000e-12  -72.20482 -117.69402  15.548677      93.13 5.6598e+02    844.708      20274  1029.6860  1029.6824    34.3995    34.3952    8.05313         35 0.0000e+00
    436.000    431.077    -0.0360  28.753610    -0.0335  28.752702     4.8686     5.0796     0.0717    99.2606 1.0000e-12  -72.20482 -117.69402  15.548694      92.45 5.6524e+02    846.124      20308  1029.6919  1029.6886    34.4012    34.3972    8.05138         33 0.0000e+00
    437.000    432.064    -0.0094  28.782208    -0.0078  28.779245     4.8625     5.0677     0.0469    99.1542 1.0000e-12  -72.20482 -117.69402  15.548709      91.34 5.6423e+02    847.468      20340  1029.7006  1029.6960    34.4086    34.4029    8.04536         31 0.0000e+00
    438.000    433.053     0.0181  28.811205     0.0190  28.808495     4.8655     5.0618     0.2003    99.2773 1.0000e-12  -72.20482 -117.69402  15.548724      90.60 5.6278e+02    848.721      20370  1029.7089  1029.7053    34.4156    34.4110    8.03921         30 0.0000e+00
    439.000    434.040     0.0252  28.819275     0.0270  28.817892     4.8612     5.0636     0.0470    99.2011 1.0000e-12  -72.20482 -117.69402  15.548739      89.33 5.6169e+02    850.018      20401  1029.7152  1029.7120    34.4176    34.4138    8.03759         33 0.0000e+00
    440.000    435.027     0.0223  28.816554     0.0243  28.815325     4.8422     5.0552     0.0457    99.2811 1.0000e-12  -72.20482 -117.69402  15.548756      88.29 5.5998e+02    851.476      20436  1029.7199  1029.7167    34.4167    34.4128    8.03826         34 0.0000e+00
    441.000    436.016     0.0319  28.828024     0.0343  28.826786     4.8286     5.0343     0.0496    99.2880 1.0000e-12  -72.20482 -117.69402  15.548772      87.33 5.5805e+02    852.942      20472  1029.7273  1029.7236    34.4205    34.4161    8.03603         33 0.0000e+00
    442.000    437.003     0.0472  28.846343     0.0492  28.844400     4.8146     5.0197     0.0832    99.2778 1.0000e-12  -72.20482 -117.69402  15.548788      86.49 5.5723e+02    854.252      20503  1029.7360  1029.7321    34.4269    34.4222    8.03246         30 0.0000e+00
    443.000    437.990     0.0782  28.880775     0.0799  28.877960     4.7949     5.0039     0.1085    99.2678 1.0000e-12  -72.20482 -117.69402  15.548802      84.99 5.5690e+02    855.511      20533  1029.7464  1029.7418    34.4370    34.4314    8.02540         31 0.0000e+00
    444.000    438.978     0.1224  28.928112     0.1264  28.926757     4.7648     4.9778     0.0309    99.2739 1.0000e-12  -72.20482 -117.69402  15.548818      84.46 5.5584e+02    856.844      20565  1029.7574  1029.7520    34.4494    34.4431    8.01548         32 0.0000e+00
    445.000    439.966     0.1983  29.009792     0.2023  29.007454     4.7421     4.9566     0.0362    99.2272 1.0000e-12  -72.20482 -117.69402  15.548835      83.29 5.5477e+02    858.316      20601  1029.7733  1029.7670    34.4713    34.4638    7.99844         36 0.0000e+00
    446.000    440.953     0.2560  29.072844     0.2582  29.069740     4.7217     4.9268     0.0323    99.2109 1.0000e-12  -72.20482 -117.69402  15.548852      82.19 5.5318e+02    859.788      20636  1029.7877  1029.7823    34.4890    34.4825    7.98546         33 0.0000e+00
    447.000    441.940     0.2996  29.120526     0.3016  29.117986     4.7158     4.9188     0.0238    99.1891 1.0000e-12  -72.20482 -117.69402  15.548867      81.13 5.5175e+02    861.091      20667  1029.7998  1029.7952    34.5022    34.4967    7.97569         30 0.0000e+00
    448.000    442.929     0.3255  29.148059     0.3283  29.146932     4.7029     4.9140     0.0248    99.2134 1.0000e-12  -72.20482 -117.69402  15.548881      80.66 5.5085e+02    862.301      20696  1029.8081  1029.8043    34.5087    34.5042    7.96996         30 0.0000e+00
    449.000    443.916     0.3520  29.176232     0.3555  29.174917     4.6911     4.8962     0.0310    99.1659 1.0000e-12  -72.20482 -117.69402  15.548896      79.45 5.4919e+02    863.627      20728  1029.8166  1029.8118    34.5154    34.5098    7.96413         32 0.0000e+00
    450.000    444.901     0.4086  29.236399     0.4123  29.234570     4.6745     4.8750     0.0410    99.1431 1.0000e-12  -72.20482 -117.69402  15.548913      77.88 5.4764e+02    865.121      20764  1029.8288  1029.8232    34.5303    34.5238    7.95163         33 0.0000e+00
    451.000    445.893     0.4376  29.267119     0.4403  29.265363     4.6659     4.8682     0.0210    99.1582 1.0000e-12  -72.20482 -117.69402  15.548930      77.05 5.4663e+02    866.511      20797  1029.8375  1029.8329    34.5375    34.5321    7.94527         32 0.0000e+00
    452.000    446.879     0.4569  29.287237     0.4595  29.285933     4.6648     4.8689     0.0216    99.1493 1.0000e-12  -72.20482 -117.69402  15.548944      76.17 5.4538e+02    867.765      20827  1029.8444  1029.8406    34.5416    34.5371    7.94106         30 0.0000e+00
    453.000    447.865     0.4689  29.299962     0.4715  29.298687     4.6566     4.8645     0.0214    99.1520 1.0000e-12  -72.20482 -117.69402  15.548958      75.16 5.4360e+02    868.983      20857  1029.8508  1029.8470    34.5443    34.5397    7.93846         29 0.0000e+00
    454.000    448.855     0.4902  29.322316     0.4937  29.321014     4.6414     4.8420     0.0164    99.1624 1.0000e-12  -72.20482 -117.69402  15.548973      74.13 5.4261e+02    870.301      20888  1029.8581  1029.8533    34.5491    34.5435    7.93382         34 0.0000e+00
    455.000    449.842     0.5492  29.384102     0.5528  29.382375     4.6325     4.8278     0.0215    99.1439 1.0000e-12  -72.20482 -117.69402  15.548991      72.87 5.4136e+02    871.821      20925  1029.8692  1029.8638    34.5632    34.5569    7.92095         36 0.0000e+00
    456.000    450.829     0.5732  29.410264     0.5758  29.408606     4.6339     4.8259     0.0216    99.1148 1.0000e-12  -72.20482 -117.69402  15.549008      71.94 5.4030e+02    873.293      20960  1029.8778  1029.8736    34.5698    34.5649    7.91567         32 0.0000e+00
    457.000    451.817     0.5831  29.420913     0.5859  29.419768     4.6270     4.8216     0.0216    99.1322 1.0000e-12  -72.20482 -117.69402  15.549022      71.06 5.3930e+02    874.534      20990  1029.8841  1029.8801    34.5721    34.5675    7.91353         28 0.0000e+00
    458.000    452.804     0.5902  29.428511     0.5929  29.427370     4.6227     4.8186     0.0488    99.1281 1.0000e-12  -72.20482 -117.69402  15.549036      70.10 5.3793e+02    875.706      21018  1029.8898  1029.8860    34.5735    34.5690    7.91200         29 0.0000e+00
    459.000    453.794     0.6016  29.440441     0.6052  29.439807     4.6208     4.8105     0.0401    99.0801 1.0000e-12  -72.20482 -117.69402  15.549051      68.93 5.3693e+02    877.005      21049  1029.8957  1029.8915    34.5757    34.5709    7.90955         32 0.0000e+00
    460.000    454.779     0.6193  29.459009     0.6225  29.457836     4.6108     4.8077     0.0333    99.1068 1.0000e-12  -72.20482 -117.69402  15.549068      67.77 5.3603e+02    878.497      21085  1029.9023  1029.8980    34.5795    34.5744    7.90572         35 0.0000e+00
    461.000    455.767     0.6342  29.474760     0.6371  29.473480     4.6038     4.8017     0.0289    99.1593 1.0000e-12  -72.20482 -117.69402  15.549086      66.95 5.3413e+02    879.995      21121  1029.9089  1029.9047    34.5829    34.5779    7.90252         34 0.0000e+00
    462.000    456.754     0.6491  29.491274     0.6520  29.490035     4.5923     4.7947     0.0097    99.1544 1.0000e-12  -72.20482 -117.69402  15.549101      65.94 5.3415e+02    881.319      21153  1029.9159  1029.9119    34.5871    34.5823    7.89924         30 0.0000e+00
    463.000    457.743     0.6691  29.512483     0.6716  29.510980     4.5778     4.7731     0.0203    99.1649 1.0000e-12  -72.20482 -117.69402  15.549115      65.01 5.3415e+02    882.495      21181  1029.9228  1029.9188    34.5918    34.5870    7.89491         28 0.0000e+00
    464.000    458.729     0.7309  29.579604     0.7333  29.575988     4.5628     4.7554     0.0279    99.1511 1.0000e-12  -72.20482 -117.69402  15.549129      63.96 5.3363e+02    883.720      21210  1029.9359  1029.9298    34.6094    34.6021    7.88140         30 0.0000e+00
