ocean_section_plots/required_files/ctd/dnbp2202_ctd193.cnv
* Sea-Bird SBE 9 Data File:
* FileName = D:\Data\raw\NBP2202_CTD193.hex
* Software Version Seasave V 7.26.7.121
* Temperature SN = 1649
* Conductivity SN = 2513
* Number of Bytes Per Scan = 40
* Number of Voltage Words = 5
* Number of Scans Averaged by the Deck Unit = 1
* NMEA Latitude = 74 10.76 S
* NMEA Longitude = 113 12.55 W
* NMEA UTC (Time) = Feb 07 2022  12:16:19
* NMEA baud rate = 9600
** Ship: RVIB N.B. Palmer
** Cruise: NBP2202 Thwaites
** Station: 114
** Operator: B Bjork
# nquan = 28
# nvalues = 940                         
# units = specified
# name 0 = prDM: Pressure, Digiquartz [db]
# name 1 = depSM: Depth [salt water, m]
# name 2 = t090C: Temperature [ITS-90, deg C]
# name 3 = c0mS/cm: Conductivity [mS/cm]
# name 4 = t190C: Temperature, 2 [ITS-90, deg C]
# name 5 = c1mS/cm: Conductivity, 2 [mS/cm]
# name 6 = sbeox0ML/L: Oxygen, SBE 43 [ml/l]
# name 7 = sbeox1ML/L: Oxygen, SBE 43, 2 [ml/l]
# name 8 = flECO-AFL: Fluorescence, WET Labs ECO-AFL/FL [mg/m^3]
# name 9 = CStarTr0: Beam Transmission, WET Labs C-Star [%]
# name 10 = par: PAR/Irradiance, Biospherical/Licor
# name 11 = latitude: Latitude [deg]
# name 12 = longitude: Longitude [deg]
# name 13 = timeJ: Julian Days
# name 14 = altM: Altimeter [m]
# name 15 = spar: SPAR, Biospherical/Licor
# name 16 = timeS: Time, Elapsed [seconds]
# name 17 = scan: Scan Count
# name 18 = density00: Density [density, kg/m^3]
# name 19 = density11: Density, 2 [density, kg/m^3]
# name 20 = v3: Voltage 3
# name 21 = v4: Voltage 4
# name 22 = v5: Voltage 5
# name 23 = sal00: Salinity, Practical [PSU]
# name 24 = sal11: Salinity, Practical, 2 [PSU]
# name 25 = oxsolML/L: Oxygen Saturation, Garcia & Gordon [ml/l]
# name 26 = nbin: number of scans per bin
# name 27 = flag: flag
# span 0 =      2.000,    941.000       
# span 1 =      1.978,    929.157       
# span 2 =    -1.5297,     0.3269       
# span 3 =  27.016233,  29.337770       
# span 4 =    -1.5293,     0.3291       
# span 5 =  27.016414,  29.337818       
# span 6 =     4.6253,     8.7104       
# span 7 =     4.7099,     8.9459       
# span 8 =    -0.0188,    23.5644       
# span 9 =    74.6499,    98.5103       
# span 10 = -4.195e-07, 3.1236e+01      
# span 11 =  -74.17940,  -74.17940      
# span 12 = -113.20936, -113.20932      
# span 13 =  38.513492,  38.525222      
# span 14 =       1.57,     100.02      
# span 15 = 7.2517e+01, 1.1283e+02      
# span 16 =    186.749,   1200.138      
# span 17 =       4483,      28804      
# span 18 =  1027.1718,  1032.0938      
# span 19 =  1027.1719,  1032.0916      
# span 20 =     3.5417,     4.6732      
# span 21 =     0.0636,     3.8401      
# span 22 =     0.1173,     0.2678      
# span 23 =    33.7770,    34.4712      
# span 24 =    33.7771,    34.4689      
# span 25 =    7.97178,    8.40548      
# span 26 =         21,         73      
# span 27 = 0.0000e+00, 0.0000e+00      
# interval = decibars: 1                
# start_time = Feb 07 2022 12:16:19 [NMEA time, header]
# bad_flag = -9.990e-29
*END*
[from data line 829]
    831.000    820.755     0.2950  29.255497     0.2972  29.255691     4.6366     4.7221    -0.0007    98.3462 1.0000e-12  -74.17940 -113.20934  38.523491      99.89 1.0086e+02   1050.601      25215  1031.5751  1031.5732     4.6653     0.0696     0.1309    34.4616    34.4595    7.97890         23 0.0000e+00
    832.000    821.741     0.2974  29.258473     0.2996  29.258888     4.6385     4.7241    -0.0032    98.3606 1.0000e-12  -74.17940 -113.20934  38.523502      99.89 1.0242e+02   1051.575      25239  1031.5801  1031.5783     4.6661     0.0692     0.1288    34.4623    34.4603    7.97837         24 0.0000e+00
    833.000    822.727     0.2985  29.260302     0.3007  29.260485     4.6405     4.7280    -0.0077    98.3541 1.0000e-12  -74.17940 -113.20934  38.523513      99.89 1.0123e+02   1052.556      25262  1031.5851  1031.5832     4.6657     0.0710     0.1290    34.4629    34.4607    7.97811         24 0.0000e+00
    834.000    823.711     0.2990  29.261196     0.3010  29.261241     4.6432     4.7259    -0.0086    98.3477 1.0000e-12  -74.17940 -113.20934  38.523525      99.89 1.0094e+02   1053.530      25286  1031.5898  1031.5880     4.6654     0.0708     0.1286    34.4629    34.4608    7.97800         23 0.0000e+00
    835.000    824.700     0.2992  29.261928     0.3010  29.261820     4.6429     4.7230    -0.0086    98.3497 1.0000e-12  -74.17940 -113.20934  38.523536      99.90 1.0262e+02   1054.520      25309  1031.5946  1031.5927     4.6655     0.0689     0.1271    34.4631    34.4609    7.97796         24 0.0000e+00
    836.000    825.683     0.2994  29.262646     0.3015  29.262719     4.6420     4.7280    -0.0157    98.3441 1.0000e-12  -74.17940 -113.20934  38.523548      99.89 1.0193e+02   1055.514      25333  1031.5994  1031.5974     4.6653     0.0707     0.1311    34.4632    34.4610    7.97791         23 0.0000e+00
    837.000    826.671     0.2998  29.263337     0.3019  29.263505     4.6430     4.7254    -0.0088    98.3520 1.0000e-12  -74.17940 -113.20934  38.523559      99.89 1.0218e+02   1056.497      25357  1031.6040  1031.6022     4.6656     0.0704     0.1308    34.4631    34.4610    7.97783         24 0.0000e+00
    838.000    827.655     0.2999  29.264068     0.3020  29.264158     4.6423     4.7278    -0.0080    98.3271 1.0000e-12  -74.17940 -113.20934  38.523570      99.89 1.0306e+02   1057.481      25381  1031.6089  1031.6070     4.6644     0.0702     0.1336    34.4634    34.4612    7.97779         24 0.0000e+00
    839.000    828.641     0.3007  29.265329     0.3024  29.265162     4.6436     4.7298    -0.0030    98.3374 1.0000e-12  -74.17940 -113.20934  38.523582      97.16 1.0225e+02   1058.452      25404  1031.6137  1031.6118     4.6649     0.0703     0.1282    34.4636    34.4614    7.97762         23 0.0000e+00
    840.000    829.626     0.3009  29.265989     0.3031  29.266271     4.6438     4.7297    -0.0042    98.3620 1.0000e-12  -74.17940 -113.20934  38.523593      85.04 1.0225e+02   1059.412      25427  1031.6184  1031.6165     4.6661     0.0686     0.1268    34.4637    34.4616    7.97758         23 0.0000e+00
    841.000    830.611     0.3011  29.266704     0.3032  29.266713     4.6421     4.7307    -0.0060    98.3663 1.0000e-12  -74.17940 -113.20934  38.523604      94.13 1.0225e+02   1060.350      25449  1031.6231  1031.6211     4.6664     0.0685     0.1307    34.4637    34.4615    7.97752         22 0.0000e+00
    842.000    831.598     0.3017  29.267650     0.3037  29.267758     4.6375     4.7312    -0.0004    98.3677 1.0000e-12  -74.17940 -113.20934  38.523614      99.89 1.0225e+02   1061.290      25472  1031.6278  1031.6259     4.6664     0.0684     0.1289    34.4638    34.4617    7.97740         23 0.0000e+00
    843.000    832.583     0.3019  29.268462     0.3040  29.268496     4.6407     4.7282    -0.0013    98.3533 1.0000e-12  -74.17940 -113.20934  38.523626      99.89 1.0225e+02   1062.243      25495  1031.6326  1031.6306     4.6657     0.0694     0.1286    34.4640    34.4618    7.97734         23 0.0000e+00
    844.000    833.569     0.3020  29.269069     0.3043  29.269342     4.6436     4.7205    -0.0157    98.3566 1.0000e-12  -74.17940 -113.20934  38.523637      99.90 1.0386e+02   1063.212      25518  1031.6373  1031.6354     4.6658     0.0697     0.1287    34.4641    34.4620    7.97731         23 0.0000e+00
    845.000    834.556     0.3028  29.270294     0.3051  29.270703     4.6391     4.7205    -0.0089    98.3430 1.0000e-12  -74.17940 -113.20934  38.523648      99.89 1.0263e+02   1064.173      25541  1031.6421  1031.6402     4.6652     0.0696     0.1327    34.4643    34.4622    7.97714         23 0.0000e+00
    846.000    835.541     0.3041  29.272310     0.3064  29.272424     4.6409     4.7233    -0.0083    98.3555 1.0000e-12  -74.17940 -113.20934  38.523659      99.89 1.0225e+02   1065.132      25564  1031.6471  1031.6451     4.6658     0.0703     0.1298    34.4650    34.4625    7.97684         23 0.0000e+00
    847.000    836.525     0.3051  29.273921     0.3073  29.274074     4.6400     4.7270    -0.0086    98.3508 1.0000e-12  -74.17940 -113.20934  38.523670      99.89 1.0386e+02   1066.102      25587  1031.6520  1031.6501     4.6656     0.0702     0.1283    34.4653    34.4631    7.97661         24 0.0000e+00
    848.000    837.512     0.3058  29.275078     0.3080  29.275205     4.6345     4.7283    -0.0041    98.3412 1.0000e-12  -74.17940 -113.20934  38.523682      99.89 1.0343e+02   1067.096      25611  1031.6568  1031.6548     4.6651     0.0694     0.1292    34.4655    34.4632    7.97646         24 0.0000e+00
    849.000    838.498     0.3066  29.276406     0.3087  29.276483     4.6381     4.7241    -0.0007    98.3507 1.0000e-12  -74.17940 -113.20934  38.523693      99.89 1.0226e+02   1068.097      25635  1031.6616  1031.6596     4.6656     0.0695     0.1305    34.4658    34.4635    7.97627         24 0.0000e+00
    850.000    839.482     0.3074  29.277818     0.3096  29.277878     4.6394     4.7216    -0.0051    98.3534 1.0000e-12  -74.17940 -113.20934  38.523704      99.89 1.0353e+02   1069.064      25659  1031.6666  1031.6644     4.6657     0.0695     0.1275    34.4662    34.4638    7.97609         22 0.0000e+00
    851.000    840.470     0.3079  29.278665     0.3100  29.278813     4.6374     4.7182    -0.0155    98.3721 1.0000e-12  -74.17940 -113.20934  38.523715      99.16 1.0335e+02   1070.014      25681  1031.6712  1031.6692     4.6666     0.0697     0.1274    34.4661    34.4640    7.97598         24 0.0000e+00
    852.000    841.454     0.3083  29.279496     0.3103  29.279579     4.6414     4.7217    -0.0150    98.3513 1.0000e-12  -74.17940 -113.20934  38.523727      98.68 1.0227e+02   1070.985      25705  1031.6759  1031.6739     4.6656     0.0692     0.1317    34.4663    34.4641    7.97590         23 0.0000e+00
    853.000    842.439     0.3088  29.280390     0.3108  29.280490     4.6362     4.7232    -0.0076    98.3649 1.0000e-12  -74.17940 -113.20934  38.523738      97.64 1.0344e+02   1071.993      25729  1031.6805  1031.6787     4.6663     0.0703     0.1297    34.4663    34.4641    7.97579         24 0.0000e+00
    854.000    843.426     0.3087  29.280881     0.3109  29.280936     4.6397     4.7253    -0.0077    98.3485 1.0000e-12  -74.17940 -113.20934  38.523750      96.86 1.0328e+02   1072.987      25753  1031.6854  1031.6834     4.6654     0.0695     0.1292    34.4664    34.4641    7.97580         24 0.0000e+00
    855.000    844.411     0.3091  29.281654     0.3112  29.281730     4.6378     4.7265    -0.0077    98.3441 1.0000e-12  -74.17940 -113.20934  38.523761      95.80 1.0234e+02   1073.930      25775  1031.6900  1031.6881     4.6653     0.0694     0.1270    34.4664    34.4642    7.97572         22 0.0000e+00
    856.000    845.395     0.3096  29.282745     0.3117  29.282820     4.6398     4.7271    -0.0080    98.3523 1.0000e-12  -74.17940 -113.20934  38.523772      94.94 1.0369e+02   1074.855      25798  1031.6948  1031.6929     4.6656     0.0694     0.1298    34.4667    34.4645    7.97560         22 0.0000e+00
    857.000    846.382     0.3097  29.283301     0.3118  29.283372     4.6408     4.7264    -0.0122    98.3621 1.0000e-12  -74.17940 -113.20934  38.523782      93.83 1.0378e+02   1075.792      25820  1031.6995  1031.6976     4.6661     0.0686     0.1305    34.4667    34.4645    7.97557         23 0.0000e+00
    858.000    847.370     0.3100  29.283987     0.3122  29.284142     4.6390     4.7154    -0.0137    98.3419 1.0000e-12  -74.17940 -113.20934  38.523793      92.76 1.0240e+02   1076.754      25843  1031.7042  1031.7023     4.6651     0.0691     0.1315    34.4668    34.4645    7.97551         23 0.0000e+00
    859.000    848.351     0.3102  29.284592     0.3122  29.284679     4.6441     4.7161    -0.0080    98.3465 1.0000e-12  -74.17940 -113.20934  38.523805      91.54 1.0371e+02   1077.714      25866  1031.7089  1031.7071     4.6653     0.0685     0.1291    34.4667    34.4647    7.97547         23 0.0000e+00
    860.000    849.341     0.3103  29.285129     0.3123  29.285152     4.6394     4.7257    -0.0080    98.3521 1.0000e-12  -74.17940 -113.20934  38.523816      90.88 1.0531e+02   1078.666      25889  1031.7136  1031.7116     4.6657     0.0689     0.1299    34.4668    34.4646    7.97545         23 0.0000e+00
    861.000    850.323     0.3102  29.285563     0.3123  29.285671     4.6341     4.7227    -0.0149    98.3631 1.0000e-12  -74.17940 -113.20934  38.523827      89.83 1.0365e+02   1079.615      25912  1031.7183  1031.7164     4.6662     0.0681     0.1279    34.4668    34.4647    7.97546         23 0.0000e+00
    862.000    851.311     0.3105  29.286235     0.3125  29.286262     4.6335     4.7216    -0.0157    98.3628 1.0000e-12  -74.17940 -113.20934  38.523838      88.67 1.0418e+02   1080.573      25935  1031.7229  1031.7211     4.6662     0.0687     0.1280    34.4668    34.4647    7.97540         22 0.0000e+00
    863.000    852.295     0.3105  29.286738     0.3126  29.286801     4.6372     4.7221    -0.0049    98.3485 1.0000e-12  -74.17940 -113.20934  38.523849      87.67 1.0557e+02   1081.530      25958  1031.7277  1031.7258     4.6655     0.0695     0.1277    34.4669    34.4647    7.97539         24 0.0000e+00
    864.000    853.281     0.3108  29.287586     0.3130  29.287684     4.6423     4.7225    -0.0048    98.3432 1.0000e-12  -74.17940 -113.20934  38.523860      86.74 1.0403e+02   1082.484      25981  1031.7325  1031.7305     4.6652     0.0686     0.1276    34.4671    34.4648    7.97532         23 0.0000e+00
    865.000    854.269     0.3114  29.288648     0.3136  29.288726     4.6311     4.7281    -0.0080    98.3575 1.0000e-12  -74.17940 -113.20934  38.523871      85.69 1.0401e+02   1083.447      26004  1031.7373  1031.7352     4.6659     0.0685     0.1290    34.4673    34.4650    7.97519         23 0.0000e+00
    866.000    855.251     0.3116  29.289199     0.3138  29.289372     4.6336     4.7237    -0.0058    98.3398 1.0000e-12  -74.17940 -113.20934  38.523882      84.75 1.0561e+02   1084.412      26027  1031.7419  1031.7399     4.6651     0.0683     0.1310    34.4672    34.4650    7.97516         23 0.0000e+00
    867.000    856.237     0.3118  29.289787     0.3138  29.289859     4.6329     4.7173    -0.0019    98.3624 1.0000e-12  -74.17940 -113.20934  38.523893      83.68 1.0399e+02   1085.387      26050  1031.7466  1031.7446     4.6661     0.0683     0.1289    34.4673    34.4650    7.97512         23 0.0000e+00
    868.000    857.223     0.3118  29.290368     0.3140  29.290433     4.6411     4.7216    -0.0092    98.3765 1.0000e-12  -74.17940 -113.20934  38.523904      82.64 1.0489e+02   1086.352      26073  1031.7513  1031.7493     4.6668     0.0677     0.1321    34.4673    34.4651    7.97510         24 0.0000e+00
    869.000    858.209     0.3118  29.290699     0.3139  29.290900     4.6387     4.7212    -0.0150    98.3792 1.0000e-12  -74.17940 -113.20934  38.523916      81.71 1.0650e+02   1087.315      26097  1031.7559  1031.7541     4.6670     0.0689     0.1271    34.4672    34.4652    7.97511         22 0.0000e+00
    870.000    859.195     0.3118  29.291225     0.3139  29.291159     4.6384     4.7194    -0.0022    98.3776 1.0000e-12  -74.17940 -113.20934  38.523927      80.73 1.0518e+02   1088.271      26119  1031.7607  1031.7586     4.6669     0.0674     0.1281    34.4673    34.4649    7.97510         24 0.0000e+00
    871.000    860.180     0.3119  29.291670     0.3140  29.291692     4.6378     4.7224    -0.0070    98.3800 1.0000e-12  -74.17940 -113.20934  38.523938      79.73 1.0539e+02   1089.243      26143  1031.7652  1031.7632     4.6670     0.0669     0.1267    34.4673    34.4650    7.97509         23 0.0000e+00
    872.000    861.165     0.3122  29.292429     0.3143  29.292508     4.6356     4.7245    -0.0077    98.3159 1.0000e-12  -74.17940 -113.20934  38.523949      78.53 1.0608e+02   1090.213      26166  1031.7700  1031.7680     4.6640     0.0662     0.1300    34.4674    34.4652    7.97502         23 0.0000e+00
    873.000    862.149     0.3124  29.292957     0.3144  29.293076     4.6353     4.7252    -0.0084    98.3602 1.0000e-12  -74.17940 -113.20934  38.523960      77.56 1.0552e+02   1091.166      26189  1031.7746  1031.7727     4.6660     0.0651     0.1286    34.4673    34.4652    7.97499         22 0.0000e+00
    874.000    863.137     0.3125  29.293501     0.3145  29.293640     4.6392     4.7214    -0.0061    98.3930 1.0000e-12  -74.17940 -113.20934  38.523971      76.60 1.0577e+02   1092.102      26211  1031.7793  1031.7774     4.6676     0.0668     0.1279    34.4673    34.4653    7.97497         23 0.0000e+00
    875.000    864.122     0.3127  29.294273     0.3148  29.294322     4.6347     4.7188    -0.0004    98.3709 1.0000e-12  -74.17940 -113.20934  38.523982      75.63 1.0577e+02   1093.049      26234  1031.7841  1031.7820     4.6666     0.0656     0.1282    34.4675    34.4652    7.97491         23 0.0000e+00
    876.000    865.108     0.3130  29.295120     0.3151  29.295097     4.6335     4.7152    -0.0022    98.3690 1.0000e-12  -74.17940 -113.20934  38.523993      74.63 1.0577e+02   1094.016      26257  1031.7889  1031.7868     4.6665     0.0663     0.1287    34.4677    34.4654    7.97484         24 0.0000e+00
    877.000    866.093     0.3130  29.295501     0.3152  29.295652     4.6319     4.7173    -0.0153    98.3979 1.0000e-12  -74.17940 -113.20934  38.524005      73.57 1.0577e+02   1094.999      26281  1031.7934  1031.7915     4.6678     0.0661     0.1277    34.4676    34.4654    7.97484         23 0.0000e+00
    878.000    867.077     0.3131  29.296078     0.3154  29.296170     4.6329     4.7190    -0.0150    98.3810 1.0000e-12  -74.17940 -113.20934  38.524016      72.55 1.0715e+02   1095.966      26304  1031.7982  1031.7961     4.6671     0.0655     0.1304    34.4677    34.4654    7.97481         23 0.0000e+00
    879.000    868.066     0.3135  29.296746     0.3155  29.296765     4.6383     4.7219    -0.0093    98.3923 1.0000e-12  -74.17940 -113.20934  38.524027      71.71 1.0578e+02   1096.913      26327  1031.8027  1031.8008     4.6676     0.0653     0.1313    34.4676    34.4654    7.97474         23 0.0000e+00
    880.000    869.048     0.3136  29.297352     0.3157  29.297385     4.6360     4.7214    -0.0080    98.3801 1.0000e-12  -74.17940 -113.20934  38.524038      70.64 1.0585e+02   1097.868      26350  1031.8075  1031.8055     4.6670     0.0658     0.1305    34.4678    34.4655    7.97472         23 0.0000e+00
    881.000    870.035     0.3138  29.297942     0.3159  29.297981     4.6371     4.7210    -0.0118    98.3665 1.0000e-12  -74.17940 -113.20934  38.524049      69.45 1.0670e+02   1098.839      26373  1031.8121  1031.8101     4.6663     0.0665     0.1299    34.4677    34.4654    7.97468         23 0.0000e+00
