ocean_section_plots/required_files/ctd/dnbp2202_CTD002.cnv
* Sea-Bird SBE 9 Data File:
* FileName = D:\Data\raw\NBP2202_002.hex
* Software Version Seasave V 7.26.7.121
* Temperature SN = 1649
* Conductivity SN = 2513
* Number of Bytes Per Scan = 40
* Number of Voltage Words = 5
* Number of Scans Averaged by the Deck Unit = 1
* NMEA Latitude = 69 26.97 S
* NMEA Longitude = 102 20.59 W
* NMEA UTC (Time) = Jan 12 2022  15:16:05
* NMEA baud rate = 9600
** Ship: RVIB N.B. Palmer
** Cruise: NBP2202 Thwaites
** Station: Test
** Operator: B.Bjork A.Robinson
# nquan = 25
# nvalues = 510                         
# units = specified
# name 0 = prDM: Pressure, Digiquartz [db]
# name 1 = depSM: Depth [salt water, m]
# name 2 = t090C: Temperature [ITS-90, deg C]
# name 3 = c0mS/cm: Conductivity [mS/cm]
# name 4 = t190C: Temperature, 2 [ITS-90, deg C]
# name 5 = c1mS/cm: Conductivity, 2 [mS/cm]
# name 6 = sbeox0ML/L: Oxygen, SBE 43 [ml/l]
# name 7 = sbeox1ML/L: Oxygen, SBE 43, 2 [ml/l]
# name 8 = flECO-AFL: Fluorescence, WET Labs ECO-AFL/FL [mg/m^3]
# name 9 = CStarTr0: Beam Transmission, WET Labs C-Star [%]
# name 10 = par: PAR/Irradiance, Biospherical/Licor
# name 11 = latitude: Latitude [deg]
# name 12 = longitude: Longitude [deg]
# name 13 = timeJ: Julian Days
# name 14 = altM: Altimeter [m]
# name 15 = spar: SPAR, Biospherical/Licor
# name 16 = timeS: Time, Elapsed [seconds]
# name 17 = scan: Scan Count
# name 18 = density00: Density [density, kg/m^3]
# name 19 = density11: Density, 2 [density, kg/m^3]
# name 20 = sal00: Salinity, Practical [PSU]
# name 21 = sal11: Salinity, Practical, 2 [PSU]
# name 22 = oxsolML/L: Oxygen Saturation, Garcia & Gordon [ml/l]
# name 23 = nbin: number of scans per bin
# name 24 = flag: flag
# span 0 =      3.000,    512.000       
# span 1 =      2.964,    506.187       
# span 2 =    -1.6084,     1.9706       
# span 3 =  26.839031,  30.703188       
# span 4 =    -1.6084,     1.9730       
# span 5 =  26.838456,  30.702746       
# span 6 =     4.0408,     8.8692       
# span 7 =     4.1351,     9.0561       
# span 8 =    -0.0244,    14.1521       
# span 9 =    87.5014,    99.7245       
# span 10 = 1.0000e-12, 3.2352e+02      
# span 11 =  -69.44958,  -69.44956      
# span 12 = -102.34329, -102.34326      
# span 13 =  12.639201,  12.649990      
# span 14 =      16.13,     100.38      
# span 15 = 8.0440e+02, 1.0645e+03      
# span 16 =    261.961,   1194.134      
# span 17 =       6288,      28660      
# span 18 =  1026.6033,  1030.1438      
# span 19 =  1026.6054,  1030.1410      
# span 20 =    33.0750,    34.7083      
# span 21 =    33.0786,    34.7044      
# span 22 =    7.63311,    8.42900      
# span 23 =          1,         49      
# span 24 = 0.0000e+00, 0.0000e+00      
# interval = decibars: 1                
# start_time = Jan 12 2022 15:16:05 [NMEA time, header]
# bad_flag = -9.990e-29
*END*
[from data line 290]
    293.000    289.837     1.9556  30.594127     1.9582  30.593120     4.0554     4.1497    -0.0004    99.6598 1.0000e-12  -69.44956 -102.34328  12.643987      99.89 8.3737e+02    675.517      16213  1029.0712  1029.0678    34.6505    34.6464    7.63747         24 0.0000e+00
    294.000    290.826     1.9539  30.593149     1.9564  30.592190     4.0549     4.1519    -0.0004    99.6503 1.0000e-12  -69.44956 -102.34328  12.643999      89.67 8.3737e+02    676.481      16237  1029.0762  1029.0728    34.6505    34.6466    7.63780         22 0.0000e+00
    295.000    291.815     1.9538  30.593813     1.9561  30.592701     4.0555     4.1529    -0.0004    99.6440 1.0000e-12  -69.44956 -102.34328  12.644009      99.92 8.3737e+02    677.419      16259  1029.0812  1029.0778    34.6509    34.6470    7.63779         23 0.0000e+00
    296.000    292.803     1.9538  30.594611     1.9564  30.593567     4.0567     4.1521    -0.0087    99.6444 1.0000e-12  -69.44956 -102.34328  12.644020      99.89 8.3737e+02    678.357      16282  1029.0862  1029.0827    34.6514    34.6473    7.63778         22 0.0000e+00
    297.000    293.791     1.9536  30.594930     1.9562  30.593905     4.0590     4.1501    -0.0022    99.6458 1.0000e-12  -69.44956 -102.34328  12.644031      99.90 8.3737e+02    679.318      16305  1029.0910  1029.0874    34.6514    34.6473    7.63781         24 0.0000e+00
    298.000    294.781     1.9537  30.595430     1.9563  30.594502     4.0566     4.1474    -0.0004    99.6382 1.0000e-12  -69.44956 -102.34328  12.644043      99.89 8.3871e+02    680.333      16329  1029.0955  1029.0921    34.6513    34.6473    7.63779         25 0.0000e+00
    299.000    295.767     1.9545  30.597062     1.9570  30.596019     4.0512     4.1475    -0.0004    99.6656 1.0000e-12  -69.44956 -102.34328  12.644055      99.89 8.3913e+02    681.391      16354  1029.1007  1029.0972    34.6520    34.6479    7.63761         26 0.0000e+00
    300.000    296.756     1.9553  30.598788     1.9576  30.597885     4.0502     4.1497    -0.0004    99.6598 1.0000e-12  -69.44956 -102.34328  12.644068      99.89 8.3970e+02    682.462      16380  1029.1059  1029.1027    34.6527    34.6490    7.63743         25 0.0000e+00
    301.000    297.746     1.9555  30.600007     1.9581  30.599134     4.0526     4.1515    -0.0047    99.6619 1.0000e-12  -69.44956 -102.34328  12.644080      99.89 8.3996e+02    683.495      16405  1029.1111  1029.1078    34.6534    34.6495    7.63735         24 0.0000e+00
    302.000    298.733     1.9559  30.601205     1.9584  30.600110     4.0542     4.1514    -0.0007    99.6576 1.0000e-12  -69.44956 -102.34328  12.644091      99.89 8.4090e+02    684.488      16429  1029.1161  1029.1127    34.6539    34.6498    7.63723         24 0.0000e+00
    303.000    299.722     1.9562  30.602281     1.9587  30.601326     4.0555     4.1505     0.0036    99.6608 1.0000e-12  -69.44956 -102.34328  12.644103      99.90 8.4089e+02    685.489      16453  1029.1212  1029.1178    34.6544    34.6504    7.63716         25 0.0000e+00
    304.000    300.711     1.9567  30.603372     1.9592  30.602421     4.0584     4.1515     0.0045    99.6513 1.0000e-12  -69.44956 -102.34328  12.644115      99.89 8.4089e+02    686.507      16477  1029.1260  1029.1227    34.6547    34.6507    7.63705         24 0.0000e+00
    305.000    301.699     1.9569  30.604375     1.9594  30.603354     4.0536     4.1521     0.0091    99.6565 1.0000e-12  -69.44956 -102.34328  12.644126      99.89 8.4089e+02    687.517      16501  1029.1310  1029.1276    34.6551    34.6511    7.63698         24 0.0000e+00
    306.000    302.686     1.9576  30.606024     1.9601  30.605036     4.0506     4.1450    -0.0078    99.6642 1.0000e-12  -69.44956 -102.34328  12.644138      80.54 8.4135e+02    688.506      16525  1029.1362  1029.1328    34.6558    34.6519    7.63681         23 0.0000e+00
    307.000    303.676     1.9580  30.607424     1.9605  30.606349     4.0509     4.1449    -0.0077    99.6518 1.0000e-12  -69.44956 -102.34328  12.644149      85.78 8.4174e+02    689.464      16548  1029.1415  1029.1381    34.6566    34.6525    7.63670         23 0.0000e+00
    308.000    304.664     1.9598  30.610200     1.9624  30.609392     4.0534     4.1472    -0.0006    99.6597 1.0000e-12  -69.44956 -102.34328  12.644160      95.54 8.4218e+02    690.407      16571  1029.1468  1029.1433    34.6576    34.6536    7.63631         22 0.0000e+00
    309.000    305.652     1.9618  30.612854     1.9642  30.611697     4.0526     4.1476    -0.0062    99.6739 1.0000e-12  -69.44956 -102.34328  12.644171      99.94 8.4259e+02    691.364      16594  1029.1517  1029.1482    34.6581    34.6540    7.63589         24 0.0000e+00
    310.000    306.642     1.9641  30.615509     1.9663  30.614383     4.0519     4.1452     0.0123    99.6652 1.0000e-12  -69.44956 -102.34326  12.644182      99.90 8.4266e+02    692.347      16617  1029.1563  1029.1531    34.6584    34.6546    7.63544         24 0.0000e+00
    311.000    307.630     1.9635  30.615641     1.9661  30.614649     4.0518     4.1416     0.0085    99.6672 1.0000e-12  -69.44956 -102.34328  12.644194      99.89 8.4266e+02    693.350      16641  1029.1612  1029.1578    34.6586    34.6546    7.63553         24 0.0000e+00
    312.000    308.617     1.9623  30.615171     1.9647  30.614249     4.0505     4.1442    -0.0005    99.6683 1.0000e-12  -69.44956 -102.34326  12.644206      99.89 8.4266e+02    694.369      16666  1029.1663  1029.1630    34.6588    34.6549    7.63576         24 0.0000e+00
    313.000    309.607     1.9615  30.615629     1.9639  30.614646     4.0520     4.1470    -0.0039    99.6712 1.0000e-12  -69.44956 -102.34328  12.644217      99.89 8.4266e+02    695.386      16690  1029.1717  1029.1684    34.6596    34.6558    7.63586         25 0.0000e+00
    314.000    310.595     1.9612  30.616671     1.9637  30.615651     4.0487     4.1468    -0.0077    99.6630 1.0000e-12  -69.44956 -102.34326  12.644229      99.89 8.4266e+02    696.393      16714  1029.1773  1029.1738    34.6607    34.6567    7.63586         24 0.0000e+00
    315.000    311.583     1.9620  30.618548     1.9644  30.617556     4.0468     4.1473    -0.0077    99.6505 1.0000e-12  -69.44956 -102.34328  12.644241      99.89 8.4315e+02    697.417      16739  1029.1826  1029.1793    34.6616    34.6577    7.63566         25 0.0000e+00
    316.000    312.571     1.9619  30.619310     1.9643  30.618352     4.0474     4.1420    -0.0077    99.6567 1.0000e-12  -69.44956 -102.34326  12.644253      99.90 8.4428e+02    698.460      16764  1029.1877  1029.1844    34.6621    34.6582    7.63566         25 0.0000e+00
    317.000    313.560     1.9618  30.619955     1.9641  30.618916     4.0522     4.1351    -0.0077    99.6651 1.0000e-12  -69.44956 -102.34328  12.644265      99.89 8.4442e+02    699.475      16788  1029.1927  1029.1894    34.6625    34.6586    7.63566         24 0.0000e+00
    318.000    314.547     1.9622  30.621130     1.9647  30.620088     4.0529     4.1404    -0.0150    99.6753 1.0000e-12  -69.44956 -102.34326  12.644276      99.89 8.4465e+02    700.454      16812  1029.1977  1029.1942    34.6629    34.6589    7.63555         23 0.0000e+00
    319.000    315.538     1.9624  30.621634     1.9648  30.620730     4.0524     4.1440    -0.0007    99.6467 1.0000e-12  -69.44956 -102.34328  12.644287      99.89 8.4603e+02    701.400      16835  1029.2023  1029.1990    34.6628    34.6590    7.63553         22 0.0000e+00
    320.000    316.525     1.9627  30.622574     1.9652  30.621574     4.0523     4.1447    -0.0069    99.6696 1.0000e-12  -69.44956 -102.34326  12.644298      81.24 8.4643e+02    702.338      16857  1029.2071  1029.2038    34.6630    34.6591    7.63545         22 0.0000e+00
    321.000    317.514     1.9641  30.624773     1.9664  30.623730     4.0513     4.1452    -0.0080    99.6770 1.0000e-12  -69.44956 -102.34328  12.644309      94.90 8.4796e+02    703.279      16880  1029.2122  1029.2089    34.6638    34.6599    7.63516         24 0.0000e+00
    322.000    318.501     1.9647  30.626227     1.9671  30.625298     4.0497     4.1472    -0.0038    99.6580 1.0000e-12  -69.44956 -102.34326  12.644320      99.80 8.4795e+02    704.253      16903  1029.2173  1029.2141    34.6644    34.6606    7.63501         24 0.0000e+00
    323.000    319.491     1.9649  30.627301     1.9673  30.626282     4.0476     4.1463     0.0029    99.6374 1.0000e-12  -69.44956 -102.34328  12.644332      99.89 8.4926e+02    705.264      16927  1029.2224  1029.2190    34.6648    34.6610    7.63493         24 0.0000e+00
    324.000    320.478     1.9652  30.628322     1.9676  30.627328     4.0517     4.1464     0.0043    99.6671 1.0000e-12  -69.44956 -102.34326  12.644344      99.89 8.4971e+02    706.294      16952  1029.2273  1029.2241    34.6652    34.6614    7.63485         25 0.0000e+00
    325.000    321.467     1.9654  30.629305     1.9678  30.628276     4.0457     4.1475    -0.0004    99.6732 1.0000e-12  -69.44956 -102.34326  12.644356      99.89 8.5147e+02    707.334      16977  1029.2324  1029.2290    34.6657    34.6617    7.63479         25 0.0000e+00
    326.000    322.456     1.9657  30.630072     1.9680  30.628994     4.0449     4.1469    -0.0022    99.6867 1.0000e-12  -69.44956 -102.34326  12.644368      99.89 8.5147e+02    708.359      17002  1029.2371  1029.2338    34.6658    34.6619    7.63474         24 0.0000e+00
    327.000    323.443     1.9659  30.630802     1.9683  30.629980     4.0479     4.1483    -0.0078    99.6767 1.0000e-12  -69.44956 -102.34328  12.644379      99.89 8.5289e+02    709.373      17026  1029.2419  1029.2387    34.6660    34.6622    7.63469         24 0.0000e+00
    328.000    324.432     1.9665  30.632006     1.9688  30.630954     4.0460     4.1465    -0.0062    99.6752 1.0000e-12  -69.44956 -102.34326  12.644391      99.89 8.5323e+02    710.386      17050  1029.2467  1029.2434    34.6662    34.6623    7.63456         25 0.0000e+00
    329.000    325.421     1.9665  30.632735     1.9689  30.631728     4.0408     4.1424     0.0065    99.6791 1.0000e-12  -69.44956 -102.34326  12.644403      99.89 8.5455e+02    711.390      17074  1029.2517  1029.2483    34.6665    34.6626    7.63454         24 0.0000e+00
    330.000    326.408     1.9665  30.633222     1.9688  30.632286     4.0440     4.1390    -0.0078    99.6686 1.0000e-12  -69.44956 -102.34326  12.644414      99.89 8.5546e+02    712.380      17098  1029.2564  1029.2533    34.6666    34.6629    7.63454         23 0.0000e+00
    331.000    327.397     1.9662  30.633655     1.9687  30.632643     4.0507     4.1422    -0.0144    99.6814 1.0000e-12  -69.44956 -102.34326  12.644426      99.89 8.5676e+02    713.376      17122  1029.2613  1029.2580    34.6669    34.6629    7.63458         25 0.0000e+00
    332.000    328.386     1.9665  30.634281     1.9689  30.633319     4.0548     4.1440     0.0028    99.6720 1.0000e-12  -69.44956 -102.34326  12.644437      99.90 8.5676e+02    714.376      17146  1029.2659  1029.2627    34.6668    34.6630    7.63453         23 0.0000e+00
    333.000    329.373     1.9665  30.634872     1.9689  30.633986     4.0514     4.1457    -0.0028    99.6791 1.0000e-12  -69.44956 -102.34326  12.644449      91.92 8.5713e+02    715.357      17170  1029.2707  1029.2676    34.6669    34.6632    7.63451         24 0.0000e+00
    334.000    330.361     1.9669  30.635974     1.9692  30.634967     4.0454     4.1460    -0.0036    99.6877 1.0000e-12  -69.44956 -102.34326  12.644460      88.16 8.5852e+02    716.330      17193  1029.2757  1029.2724    34.6674    34.6636    7.63443         23 0.0000e+00
    335.000    331.351     1.9674  30.637255     1.9697  30.636236     4.0439     4.1464    -0.0007    99.6742 1.0000e-12  -69.44956 -102.34328  12.644471      96.75 8.5860e+02    717.295      17216  1029.2806  1029.2774    34.6678    34.6640    7.63430         23 0.0000e+00
    336.000    332.338     1.9675  30.638076     1.9698  30.637096     4.0440     4.1448    -0.0004    99.6785 1.0000e-12  -69.44956 -102.34328  12.644482      99.94 8.6007e+02    718.244      17239  1029.2857  1029.2825    34.6682    34.6645    7.63427         22 0.0000e+00
    337.000    333.326     1.9672  30.638367     1.9696  30.637454     4.0450     4.1386    -0.0024    99.6719 1.0000e-12  -69.44956 -102.34328  12.644493      99.89 8.6045e+02    719.188      17262  1029.2904  1029.2873    34.6683    34.6646    7.63431         23 0.0000e+00
    338.000    334.315     1.9671  30.638905     1.9694  30.637893     4.0492     4.1407    -0.0151    99.6813 1.0000e-12  -69.44956 -102.34328  12.644504      99.89 8.6191e+02    720.152      17285  1029.2953  1029.2920    34.6685    34.6647    7.63432         24 0.0000e+00
    339.000    335.304     1.9671  30.639621     1.9695  30.638617     4.0491     4.1483    -0.0080    99.6866 1.0000e-12  -69.44956 -102.34328  12.644516      99.89 8.6212e+02    721.149      17309  1029.3002  1029.2969    34.6688    34.6650    7.63430         24 0.0000e+00
    340.000    336.291     1.9673  30.640306     1.9696  30.639269     4.0470     4.1468     0.0059    99.6645 1.0000e-12  -69.44956 -102.34328  12.644528      99.89 8.6376e+02    722.200      17334  1029.3050  1029.3017    34.6689    34.6651    7.63426         26 0.0000e+00
    341.000    337.281     1.9673  30.641276     1.9699  30.640374     4.0452     4.1467    -0.0071    99.6806 1.0000e-12  -69.44956 -102.34328  12.644540      99.89 8.6483e+02    723.271      17359  1029.3101  1029.3068    34.6695    34.6656    7.63422         26 0.0000e+00
    342.000    338.268     1.9678  30.642369     1.9702  30.641434     4.0471     4.1441    -0.0080    99.6618 1.0000e-12  -69.44956 -102.34326  12.644552      99.89 8.6557e+02    724.317      17385  1029.3150  1029.3118    34.6698    34.6661    7.63412         24 0.0000e+00
    343.000    339.257     1.9679  30.643041     1.9702  30.641995     4.0500     4.1432    -0.0019    99.6717 1.0000e-12  -69.44956 -102.34328  12.644564      99.89 8.6557e+02    725.323      17409  1029.3199  1029.3165    34.6700    34.6662    7.63410         24 0.0000e+00
    344.000    340.245     1.9680  30.643691     1.9704  30.642673     4.0528     4.1455     0.0048    99.6683 1.0000e-12  -69.44956 -102.34326  12.644575      99.89 8.6616e+02    726.312      17432  1029.3246  1029.3213    34.6702    34.6663    7.63407         24 0.0000e+00
    345.000    341.233     1.9681  30.644396     1.9704  30.643482     4.0505     4.1439     0.0024    99.6810 1.0000e-12  -69.44956 -102.34328  12.644587      99.89 8.6750e+02    727.295      17456  1029.3294  1029.3263    34.6703    34.6666    7.63403         23 0.0000e+00
    346.000    342.221     1.9683  30.645451     1.9708  30.644425     4.0501     4.1447    -0.0038    99.6714 1.0000e-12  -69.44956 -102.34326  12.644598      74.26 8.6875e+02    728.284      17480  1029.3345  1029.3311    34.6709    34.6669    7.63397         24 0.0000e+00
    347.000    343.209     1.9687  30.646387     1.9711  30.645380     4.0515     4.1502    -0.0078    99.6606 1.0000e-12  -69.44956 -102.34328  12.644610     100.21 8.6918e+02    729.295      17504  1029.3392  1029.3360    34.6710    34.6671    7.63388         24 0.0000e+00
    348.000    344.198     1.9688  30.647049     1.9712  30.645910     4.0519     4.1464    -0.0014    99.6641 1.0000e-12  -69.44956 -102.34326  12.644622      99.90 8.7068e+02    730.296      17528  1029.3440  1029.3407    34.6712    34.6672    7.63385         24 0.0000e+00
    349.000    345.187     1.9689  30.647633     1.9715  30.646837     4.0533     4.1422     0.0101    99.6662 1.0000e-12  -69.44956 -102.34328  12.644633      99.89 8.7101e+02    731.276      17552  1029.3487  1029.3455    34.6712    34.6674    7.63383         24 0.0000e+00
