ocean_section_plots/required_files/ctd/dnbp2202_ctd091.cnv
* Sea-Bird SBE 9 Data File:
* FileName = D:\Data\raw\NBP2202_CTD091.hex
* Software Version Seasave V 7.26.7.121
* Temperature SN = 1649
* Conductivity SN = 2513
* Number of Bytes Per Scan = 40
* Number of Voltage Words = 5
* Number of Scans Averaged by the Deck Unit = 1
* NMEA Latitude = 74 10.51 S
* NMEA Longitude = 113 20.67 W
* NMEA UTC (Time) = Jan 26 2022  22:09:58
* NMEA baud rate = 9600
** Ship: RVIB N.B. Palmer
** Cruise: NBP2202 Thwaites
** Station: YoYo001
** Operator: A. Robinson
# nquan = 25
# nvalues = 607                         
# units = specified
# name 0 = prDM: Pressure, Digiquartz [db]
# name 1 = depSM: Depth [salt water, m]
# name 2 = t090C: Temperature [ITS-90, deg C]
# name 3 = c0mS/cm: Conductivity [mS/cm]
# name 4 = t190C: Temperature, 2 [ITS-90, deg C]
# name 5 = c1mS/cm: Conductivity, 2 [mS/cm]
# name 6 = sbeox0ML/L: Oxygen, SBE 43 [ml/l]
# name 7 = sbeox1ML/L: Oxygen, SBE 43, 2 [ml/l]
# name 8 = flECO-AFL: Fluorescence, WET Labs ECO-AFL/FL [mg/m^3]
# name 9 = CStarTr0: Beam Transmission, WET Labs C-Star [%]
# name 10 = par: PAR/Irradiance, Biospherical/Licor
# name 11 = latitude: Latitude [deg]
# name 12 = longitude: Longitude [deg]
# name 13 = timeJ: Julian Days
# name 14 = altM: Altimeter [m]
# name 15 = spar: SPAR, Biospherical/Licor
# name 16 = timeS: Time, Elapsed [seconds]
# name 17 = scan: Scan Count
# name 18 = density00: Density [density, kg/m^3]
# name 19 = density11: Density, 2 [density, kg/m^3]
# name 20 = sal00: Salinity, Practical [PSU]
# name 21 = sal11: Salinity, Practical, 2 [PSU]
# name 22 = oxsolML/L: Oxygen Saturation, Garcia & Gordon [ml/l]
# name 23 = nbin: number of scans per bin
# name 24 = flag: flag
# span 0 =     10.000,    616.000       
# span 1 =      9.896,    608.718       
# span 2 =    -1.5381,     0.1084       
# span 3 =  26.919868,  28.944006       
# span 4 =    -1.5368,     0.1105       
# span 5 =  26.920673,  28.943683       
# span 6 =     4.6812,     9.1337       
# span 7 =     4.7512,     9.0120       
# span 8 =    -0.0222,    28.4421       
# span 9 =    66.7773,    95.5322       
# span 10 = 1.0000e-12, 6.8412e+01      
# span 11 =  -74.17530,  -74.17530      
# span 12 = -113.34462, -113.34458      
# span 13 =  26.924000,  26.933095      
# span 14 =       4.13,      99.98      
# span 15 = 1.8704e+03, 1.8842e+03      
# span 16 =     35.596,    821.380      
# span 17 =        855,      19714      
# span 18 =  1027.2033,  1030.5197      
# span 19 =  1027.2087,  1030.5173      
# span 20 =    33.7762,    34.3856      
# span 21 =    33.7835,    34.3830      
# span 22 =    8.02197,    8.41237      
# span 23 =         15,         44      
# span 24 = 0.0000e+00, 0.0000e+00      
# interval = decibars: 1                
# start_time = Jan 26 2022 22:09:58 [NMEA time, header]
# bad_flag = -9.990e-29
*END*
[from data line 580]
    590.000    583.062     0.0709  28.893541     0.0732  28.893426     4.6970     4.7634    -0.0077    94.9877 1.0000e-12  -74.17530 -113.34460  26.931806      31.84 1.8722e+03    710.039      17042  1030.3926  1030.3903    34.3757    34.3730    8.03038         27 0.0000e+00
    591.000    584.051     0.0730  28.896239     0.0758  28.896369     4.6933     4.7590    -0.0077    94.9946 1.0000e-12  -74.17530 -113.34460  26.931819      30.59 1.8722e+03    711.185      17069  1030.3977  1030.3952    34.3763    34.3734    8.02990         28 0.0000e+00
    592.000    585.037     0.0771  28.900730     0.0797  28.900823     4.6913     4.7634    -0.0087    95.0073 1.0000e-12  -74.17530 -113.34460  26.931834      29.63 1.8722e+03    712.482      17101  1030.4026  1030.4003    34.3770    34.3743    8.02900         35 0.0000e+00
    593.000    586.023     0.0789  28.902924     0.0809  28.902574     4.6909     4.7638    -0.0147    94.9995 1.0000e-12  -74.17530 -113.34460  26.931851      28.52 1.8722e+03    713.938      17136  1030.4075  1030.4052    34.3774    34.3747    8.02862         35 0.0000e+00
    594.000    587.011     0.0829  28.907490     0.0851  28.907174     4.6897     4.7601    -0.0094    95.0235 1.0000e-12  -74.17530 -113.34460  26.931868      27.49 1.8722e+03    715.423      17171  1030.4127  1030.4103    34.3783    34.3755    8.02772         36 0.0000e+00
    595.000    587.997     0.0844  28.909409     0.0864  28.909204     4.6908     4.7567    -0.0090    95.0222 1.0000e-12  -74.17530 -113.34460  26.931885      26.54 1.8722e+03    716.902      17207  1030.4175  1030.4154    34.3786    34.3761    8.02739         35 0.0000e+00
    596.000    588.983     0.0846  28.910218     0.0867  28.910045     4.6886     4.7597    -0.0077    95.0417 1.0000e-12  -74.17530 -113.34460  26.931902      25.49 1.8722e+03    718.348      17241  1030.4225  1030.4203    34.3789    34.3763    8.02734         34 0.0000e+00
    597.000    589.972     0.0849  28.910901     0.0869  28.910707     4.6932     4.7613    -0.0052    95.0428 1.0000e-12  -74.17530 -113.34460  26.931919      24.48 1.8722e+03    719.803      17276  1030.4272  1030.4251    34.3788    34.3764    8.02727         32 0.0000e+00
    598.000    590.958     0.0852  28.911863     0.0873  28.911594     4.6911     4.7615    -0.0108    95.0412 1.0000e-12  -74.17530 -113.34460  26.931936      23.36 1.8722e+03    721.306      17312  1030.4321  1030.4299    34.3791    34.3765    8.02718         37 0.0000e+00
    599.000    591.944     0.0860  28.913039     0.0883  28.913308     4.6908     4.7516    -0.0166    95.0416 1.0000e-12  -74.17530 -113.34460  26.931954      22.36 1.8722e+03    722.849      17349  1030.4369  1030.4349    34.3793    34.3770    8.02702         36 0.0000e+00
    600.000    592.932     0.0867  28.914559     0.0891  28.914682     4.6885     4.7615    -0.0111    95.0455 1.0000e-12  -74.17530 -113.34460  26.931972      21.36 1.8722e+03    724.402      17387  1030.4421  1030.4399    34.3799    34.3774    8.02684         38 0.0000e+00
    601.000    593.918     0.0875  28.915863     0.0895  28.915534     4.6908     4.7636    -0.0116    95.0503 1.0000e-12  -74.17530 -113.34460  26.931991      20.29 1.8722e+03    726.039      17426  1030.4469  1030.4447    34.3801    34.3775    8.02666         39 0.0000e+00
    602.000    594.905     0.0867  28.915311     0.0890  28.915296     4.6874     4.7608    -0.0155    95.0285 1.0000e-12  -74.17530 -113.34460  26.932011      19.25 1.8722e+03    727.740      17467  1030.4514  1030.4492    34.3797    34.3772    8.02685         41 0.0000e+00
    603.000    595.892     0.0882  28.917557     0.0905  28.917521     4.6925     4.7603    -0.0070    95.0265 1.0000e-12  -74.17530 -113.34460  26.932031      18.25 1.8710e+03    729.520      17509  1030.4566  1030.4543    34.3804    34.3778    8.02649         44 0.0000e+00
    604.000    596.878     0.0882  28.917950     0.0906  28.918025     4.6906     4.7577    -0.0079    95.0480 1.0000e-12  -74.17530 -113.34460  26.932053      17.27 1.8721e+03    731.361      17554  1030.4613  1030.4590    34.3804    34.3777    8.02650         42 0.0000e+00
    605.000    597.865     0.0908  28.921194     0.0936  28.921684     4.6877     4.7578    -0.0059    95.0536 1.0000e-12  -74.17530 -113.34460  26.932075      16.20 1.8719e+03    733.304      17600  1030.4664  1030.4642    34.3812    34.3787    8.02592         41 0.0000e+00
    606.000    598.849     0.0910  28.921979     0.0947  28.923269     4.6873     4.7524    -0.0053    95.0703 1.0000e-12  -74.17530 -113.34460  26.932110      15.14 1.8717e+03    736.346      17673  1030.4713  1030.4691    34.3814    34.3789    8.02586         34 0.0000e+00
    607.000    599.839     0.0964  28.928184     0.0989  28.928387     4.6863     4.7524    -0.0076    95.0517 1.0000e-12  -74.17530 -113.34460  26.932145      14.16 1.8724e+03    739.306      17744  1030.4767  1030.4745    34.3829    34.3804    8.02464         36 0.0000e+00
    608.000    600.825     0.0999  28.932205     0.1019  28.931820     4.6874     4.7561    -0.0043    95.0457 1.0000e-12  -74.17530 -113.34460  26.932178      13.08 1.8732e+03    742.204      17814  1030.4818  1030.4795    34.3837    34.3810    8.02386         33 0.0000e+00
    609.000    601.813     0.0980  28.930615     0.1003  28.930538     4.6848     4.7562    -0.0108    95.0691 1.0000e-12  -74.17530 -113.34460  26.932211      12.05 1.8725e+03    745.040      17882  1030.4863  1030.4840    34.3832    34.3805    8.02429         43 0.0000e+00
    610.000    602.801     0.0980  28.930981     0.1002  28.930778     4.6812     4.7521    -0.0070    95.0578 1.0000e-12  -74.17530 -113.34460  26.932244      10.99 1.8722e+03    747.916      17951  1030.4910  1030.4887    34.3831    34.3804    8.02429         38 0.0000e+00
    611.000    603.787     0.0978  28.931113     0.1002  28.931323     4.6846     4.7536    -0.0081    95.0732 1.0000e-12  -74.17530 -113.34460  26.932276      10.02 1.8722e+03    750.660      18017  1030.4956  1030.4934    34.3829    34.3804    8.02436         36 0.0000e+00
    612.000    604.772     0.0989  28.932841     0.1007  28.932235     4.6840     4.7545    -0.0099    95.0774 1.0000e-12  -74.17530 -113.34460  26.932309       8.91 1.8722e+03    753.464      18084  1030.5006  1030.4982    34.3833    34.3806    8.02409         38 0.0000e+00
    613.000    605.759     0.1044  28.938930     0.1072  28.939370     4.6852     4.7542    -0.0081    95.0846 1.0000e-12  -74.17530 -113.34460  26.932343       7.87 1.8727e+03    756.389      18154  1030.5058  1030.5036    34.3846    34.3821    8.02287         42 0.0000e+00
    614.000    606.746     0.1077  28.942781     0.1098  28.942614     4.6821     4.7545    -0.0075    95.1097 1.0000e-12  -74.17530 -113.34460  26.932376       6.84 1.8722e+03    759.247      18223  1030.5109  1030.5086    34.3855    34.3828    8.02214         40 0.0000e+00
    615.000    607.733     0.1084  28.944006     0.1105  28.943683     4.6830     4.7538    -0.0109    95.1069 1.0000e-12  -74.17530 -113.34460  26.932409       5.87 1.8727e+03    762.099      18291  1030.5157  1030.5134    34.3856    34.3830    8.02197         41 0.0000e+00
    616.000    608.718     0.1023  28.937959     0.1044  28.937674     4.6840     4.7512    -0.0046    95.1050 1.0000e-12  -74.17530 -113.34462  26.933095       4.13 1.8704e+03    821.380      19714  1030.5197  1030.5173    34.3840    34.3812    8.02335         33 0.0000e+00
