ocean_section_plots/required_files/ctd/dnbp2202_ctd238.cnv
* Sea-Bird SBE 9 Data File:
* FileName = D:\Data\raw\NBP2202_CTD238.hex
* Software Version Seasave V 7.26.7.121
* Temperature SN = 1649
* Conductivity SN = 2513
* Number of Bytes Per Scan = 40
* Number of Voltage Words = 5
* Number of Scans Averaged by the Deck Unit = 1
* NMEA Latitude = 73 46.96 S
* NMEA Longitude = 118 37.05 W
* NMEA UTC (Time) = Feb 13 2022  23:59:18
* NMEA baud rate = 9600
** Ship: RVIB N.B. Palmer
** Cruise: NBP2202 Thwaites
** Station: 148
** Operator: A. Robinson
# nquan = 28
# nvalues = 611                         
# units = specified
# name 0 = prDM: Pressure, Digiquartz [db]
# name 1 = depSM: Depth [salt water, m]
# name 2 = t090C: Temperature [ITS-90, deg C]
# name 3 = c0mS/cm: Conductivity [mS/cm]
# name 4 = t190C: Temperature, 2 [ITS-90, deg C]
# name 5 = c1mS/cm: Conductivity, 2 [mS/cm]
# name 6 = sbeox0ML/L: Oxygen, SBE 43 [ml/l]
# name 7 = sbeox1ML/L: Oxygen, SBE 43, 2 [ml/l]
# name 8 = flECO-AFL: Fluorescence, WET Labs ECO-AFL/FL [mg/m^3]
# name 9 = CStarTr0: Beam Transmission, WET Labs C-Star [%]
# name 10 = par: PAR/Irradiance, Biospherical/Licor
# name 11 = latitude: Latitude [deg]
# name 12 = longitude: Longitude [deg]
# name 13 = timeJ: Julian Days
# name 14 = altM: Altimeter [m]
# name 15 = spar: SPAR, Biospherical/Licor
# name 16 = timeS: Time, Elapsed [seconds]
# name 17 = scan: Scan Count
# name 18 = density00: Density [density, kg/m^3]
# name 19 = density11: Density, 2 [density, kg/m^3]
# name 20 = v3: Voltage 3
# name 21 = v4: Voltage 4
# name 22 = v5: Voltage 5
# name 23 = sal00: Salinity, Practical [PSU]
# name 24 = sal11: Salinity, Practical, 2 [PSU]
# name 25 = oxsolML/L: Oxygen Saturation, Garcia & Gordon [ml/l]
# name 26 = nbin: number of scans per bin
# name 27 = flag: flag
# span 0 =      3.000,    613.000       
# span 1 =      2.969,    605.772       
# span 2 =    -1.6858,     0.3221       
# span 3 =  26.961461,  29.194188       
# span 4 =    -1.6837,     0.3236       
# span 5 =  26.963474,  29.193411       
# span 6 =     4.8244,     9.0569       
# span 7 =     4.9879,     9.4167       
# span 8 =     0.0435,    15.4774       
# span 9 =    82.0956,    97.1263       
# span 10 = -6.792e-05, 6.7647e+02      
# span 11 =  -73.78276,  -73.78276      
# span 12 = -118.61762, -118.61752      
# span 13 =  45.001788,  45.011767      
# span 14 =       4.24,     101.07      
# span 15 = 1.5237e+03, 1.5604e+03      
# span 16 =    196.489,   1058.660      
# span 17 =       4717,      25409      
# span 18 =  1027.2034,  1030.5593      
# span 19 =  1027.2032,  1030.5569      
# span 20 =     3.8953,     4.6075      
# span 21 =     0.0775,     2.0014      
# span 22 =     0.1166,     0.3617      
# span 23 =    33.8632,    34.4772      
# span 24 =    33.8631,    34.4745      
# span 25 =    7.97244,    8.43578      
# span 26 =         18,         45      
# span 27 = 0.0000e+00, 0.0000e+00      
# interval = decibars: 1                
# start_time = Feb 13 2022 23:59:18 [NMEA time, header]
# bad_flag = -9.990e-29
*END*
      3.000      2.969     0.0043  28.185892     0.0049  28.186256     9.0569     9.0667     8.1265    85.7430 6.7647e+02  -73.78276 -118.61758  45.001788      96.42 1.5481e+03    196.489       4717  1027.2034  1027.2032     4.0677     1.5679     0.1850    33.8642    33.8640    8.07324         35 0.0000e+00
      4.000      3.958     0.0179  28.199249     0.0172  28.197198     9.0368     9.0455     6.9701    86.2503 4.2316e+02  -73.78276 -118.61758  45.001913      39.81 1.5485e+03    207.327       4977  1027.2088  1027.2072     4.0913     1.3589     0.1980    33.8662    33.8642    8.07026         34 0.0000e+00
      5.000      4.949     0.1454  28.309910     0.1465  28.309608     9.0487     9.0282     6.6412    85.1791 3.0462e+02  -73.78276 -118.61758  45.001997      17.50 1.5478e+03    214.551       5150  1027.2072  1027.2060     4.0416     1.1069     0.1812    33.8707    33.8691    8.04319         28 0.0000e+00
      6.000      5.938     0.1406  28.302947     0.1640  28.321788     9.0415     9.0573     5.7611    86.1826 2.4173e+02  -73.78276 -118.61758  45.002027      88.89 1.5477e+03    217.114       5212  1027.2101  1027.2074     4.0881     0.9892     0.1731    33.8662    33.8652    8.04445         29 0.0000e+00
      7.000      6.928     0.0338  28.212100     0.0334  28.211911     9.0520     9.1171     5.7765    86.1378 1.9805e+02  -73.78276 -118.61758  45.002062      99.89 1.5447e+03    220.171       5285  1027.2218  1027.2220     4.0865     1.1626     0.1839    33.8638    33.8640    8.06704         36 0.0000e+00
      8.000      7.918     0.0378  28.216579     0.0227  28.203419     9.0469     9.1662     7.0506    86.4236 1.4715e+02  -73.78276 -118.61757  45.002080      99.57 1.5457e+03    221.679       5321  1027.2267  1027.2273     4.1000     1.2035     0.1938    33.8647    33.8640    8.06615         37 0.0000e+00
      9.000      8.908     0.0054  28.190187     0.0052  28.189622     9.0504     9.2678     8.4234    85.7543 1.2003e+02  -73.78276 -118.61757  45.002106      99.48 1.5467e+03    223.961       5376  1027.2339  1027.2334     4.0680     1.4198     0.1826    33.8650    33.8645    8.07296         42 0.0000e+00
     10.000      9.898     0.0093  28.193422     0.0098  28.193421     9.0524     9.2930    10.5742    86.4012 9.6187e+01  -73.78276 -118.61757  45.002130      99.51 1.5470e+03    226.066       5427  1027.2375  1027.2371     4.0990     1.3723     0.1821    33.8644    33.8639    8.07217         36 0.0000e+00
     11.000     10.886     0.0083  28.193250     0.0100  28.194414     9.0433     9.3034     9.1808    85.9194 7.4280e+01  -73.78276 -118.61756  45.002147      99.55 1.5445e+03    227.494       5461  1027.2424  1027.2421     4.0761     1.6399     0.1859    33.8646    33.8643    8.07236         34 0.0000e+00
     12.000     11.876    -0.0017  28.185591    -0.0041  28.183231     9.0512     9.3558     9.4531    86.3220 6.0313e+01  -73.78276 -118.61756  45.002169      97.84 1.5453e+03    229.403       5507  1027.2481  1027.2478     4.0952     1.6232     0.1893    33.8650    33.8645    8.07446         39 0.0000e+00
     13.000     12.865     0.0020  28.188351     0.0000  28.186154     9.0455     9.3812     9.6259    85.6826 4.3563e+01  -73.78276 -118.61756  45.002197      99.71 1.5476e+03    231.781       5564  1027.2515  1027.2510     4.0650     2.0014     0.1929    33.8639    33.8632    8.07373         36 0.0000e+00
     14.000     13.854    -0.0040  28.183831    -0.0050  28.182731     9.0503     9.3914     9.6943    85.6772 3.8824e+01  -73.78276 -118.61756  45.002213      99.52 1.5445e+03    233.246       5599  1027.2566  1027.2564     4.0646     1.9442     0.1867    33.8640    33.8636    8.07500         37 0.0000e+00
     15.000     14.844    -0.0058  28.182149    -0.0036  28.183946     9.0535     9.4057     9.1037    85.6091 3.2480e+01  -73.78276 -118.61756  45.002236      99.50 1.5434e+03    235.189       5646  1027.2608  1027.2606     4.0613     1.7959     0.1874    33.8632    33.8631    8.07543         42 0.0000e+00
     16.000     15.834    -0.0023  28.186431    -0.0003  28.187295     9.0537     9.4083     9.9255    85.7201 2.5981e+01  -73.78276 -118.61756  45.002262      99.59 1.5450e+03    237.455       5700  1027.2661  1027.2651     4.0662     1.7539     0.1982    33.8643    33.8633    8.07462         40 0.0000e+00
     17.000     16.824     0.0134  28.200802     0.0138  28.200657     9.0462     9.4041     8.4750    85.7018 2.1086e+01  -73.78276 -118.61756  45.002280      99.59 1.5440e+03    239.025       5738  1027.2705  1027.2700     4.0658     1.6277     0.2000    33.8653    33.8648    8.07125         37 0.0000e+00
     18.000     17.812     0.0131  28.200782     0.0128  28.200311     9.0476     9.4033     9.7682    85.8334 1.7767e+01  -73.78276 -118.61756  45.002302      96.18 1.5438e+03    240.903       5783  1027.2750  1027.2748     4.0725     1.5859     0.1976    33.8651    33.8647    8.07133         33 0.0000e+00
     19.000     18.803     0.0099  28.198498     0.0100  28.198289     9.0506     9.3922    11.1217    85.7122 1.4342e+01  -73.78276 -118.61756  45.002326      99.38 1.5443e+03    242.988       5833  1027.2801  1027.2797     4.0661     1.7380     0.1815    33.8650    33.8646    8.07201         38 0.0000e+00
     20.000     19.792     0.0024  28.192556     0.0005  28.190871     9.0526     9.4054     9.8956    84.9463 1.1548e+01  -73.78276 -118.61756  45.002346      99.45 1.5437e+03    244.667       5873  1027.2853  1027.2853     4.0300     1.7551     0.1909    33.8648    33.8647    8.07360         36 0.0000e+00
     21.000     20.781    -0.0009  28.189632    -0.0054  28.185523     9.0403     9.4006     9.6304    86.2991 9.8374e+00  -73.78276 -118.61756  45.002368      99.45 1.5429e+03    246.593       5919  1027.2897  1027.2896     4.0940     1.7797     0.1823    33.8640    33.8636    8.07435         41 0.0000e+00
     22.000     21.771    -0.0066  28.185221    -0.0022  28.188530     9.0352     9.4062    13.7101    85.0670 8.2973e+00  -73.78276 -118.61756  45.002392      99.44 1.5443e+03    248.632       5968  1027.2947  1027.2939     4.0357     1.5418     0.1568    33.8639    33.8634    8.07556         43 0.0000e+00
     23.000     22.761    -0.0157  28.178241    -0.0153  28.178166     9.0290     9.4007    12.2910    86.4152 6.7889e+00  -73.78276 -118.61756  45.002411      99.50 1.5431e+03    250.340       6009  1027.3002  1027.2998     4.0996     1.8138     0.1855    33.8641    33.8635    8.07746         42 0.0000e+00
     24.000     23.751    -0.0180  28.176695    -0.0174  28.176699     9.0377     9.4009    10.4346    85.9807 5.6375e+00  -73.78276 -118.61756  45.002433      99.53 1.5416e+03    252.230       6055  1027.3050  1027.3044     4.0790     1.7269     0.1872    33.8640    33.8633    8.07795         45 0.0000e+00
     25.000     24.740    -0.0202  28.175164    -0.0217  28.173532     9.0293     9.4068     9.2971    85.6058 4.7837e+00  -73.78276 -118.61756  45.002457      96.60 1.5418e+03    254.255       6103  1027.3097  1027.3094     4.0618     1.7486     0.1861    33.8638    33.8633    8.07843         41 0.0000e+00
     26.000     25.729    -0.0231  28.173303    -0.0274  28.169261     9.0200     9.3993    10.9857    86.0831 3.9665e+00  -73.78276 -118.61756  45.002479      99.39 1.5435e+03    256.222       6150  1027.3148  1027.3145     4.0838     1.4028     0.1787    33.8640    33.8633    8.07904         45 0.0000e+00
     27.000     26.719    -0.0279  28.169723    -0.0272  28.169825     9.0244     9.3978     9.2993    86.0395 3.2781e+00  -73.78276 -118.61756  45.002500      99.40 1.5426e+03    258.015       6193  1027.3197  1027.3192     4.0818     1.7905     0.1853    33.8639    33.8633    8.08004         37 0.0000e+00
     28.000     27.709    -0.0268  28.171286    -0.0258  28.171627     9.0229     9.4013    13.9815    85.7261 2.7531e+00  -73.78276 -118.61757  45.002518      99.42 1.5427e+03    259.594       6231  1027.3245  1027.3240     4.0675     1.7044     0.2042    33.8642    33.8636    8.07981         36 0.0000e+00
     29.000     28.699    -0.0269  28.171689    -0.0255  28.172243     9.0220     9.4104    10.3006    86.5486 2.3221e+00  -73.78276 -118.61757  45.002543      99.40 1.5442e+03    261.710       6282  1027.3293  1027.3285     4.1059     1.7143     0.1777    33.8642    33.8633    8.07982         33 0.0000e+00
     30.000     29.687    -0.0265  28.172564    -0.0260  28.172426     9.0238     9.4118     9.1686    86.3939 1.8924e+00  -73.78276 -118.61757  45.002566      99.58 1.5438e+03    263.679       6329  1027.3340  1027.3335     4.0983     1.9582     0.1704    33.8643    33.8636    8.07973         40 0.0000e+00
     31.000     30.678    -0.0287  28.171269    -0.0276  28.171662     9.0243     9.4167    10.6943    82.0956 1.5966e+00  -73.78276 -118.61757  45.002585      99.38 1.5426e+03    265.358       6370  1027.3390  1027.3384     3.8953     1.5939     0.1654    33.8644    33.8637    8.08019         35 0.0000e+00
     32.000     31.666    -0.0330  28.168091    -0.0324  28.168004     9.0195     9.4060     9.6504    85.6782 1.3685e+00  -73.78276 -118.61757  45.002608      99.43 1.5430e+03    267.369       6418  1027.3441  1027.3434     4.0647     1.5963     0.1783    33.8644    33.8636    8.08111         41 0.0000e+00
     33.000     32.656    -0.0367  28.165489    -0.0344  28.166909     9.0081     9.3899    15.4774    85.5246 1.1327e+00  -73.78276 -118.61757  45.002631      99.34 1.5440e+03    269.291       6464  1027.3491  1027.3484     4.0574     1.5612     0.1969    33.8644    33.8637    8.08188         37 0.0000e+00
     34.000     33.646    -0.0596  28.146888    -0.0604  28.146338     8.9997     9.3828    15.1681    86.2900 9.4193e-01  -73.78276 -118.61758  45.002653      99.55 1.5425e+03    271.211       6510  1027.3556  1027.3559     4.0927     1.8055     0.1939    33.8645    33.8648    8.08671         40 0.0000e+00
     35.000     34.636    -0.0659  28.141999    -0.0651  28.142244     8.9802     9.3673    10.1435    85.9259 7.9786e-01  -73.78276 -118.61758  45.002673      99.41 1.5435e+03    272.941       6552  1027.3606  1027.3602     4.0772     1.6388     0.2060    33.8644    33.8639    8.08805         39 0.0000e+00
     36.000     35.625    -0.0749  28.136087    -0.0726  28.137476     8.9435     9.3369     9.5441    86.6485 6.6168e-01  -73.78276 -118.61757  45.002695      99.43 1.5439e+03    274.814       6597  1027.3672  1027.3664     4.1105     1.8827     0.1857    33.8660    33.8652    8.08988         37 0.0000e+00
     37.000     36.614    -0.0924  28.123986    -0.0926  28.123784     8.9050     9.3107    10.1936    86.0206 5.4975e-01  -73.78276 -118.61757  45.002718      99.40 1.5426e+03    276.836       6645  1027.3753  1027.3752     4.0809     1.6583     0.1658    33.8688    33.8687    8.09343         40 0.0000e+00
     38.000     37.605    -0.0992  28.119754    -0.0990  28.119637     8.9034     9.2851    11.1816    85.9110 4.5988e-01  -73.78276 -118.61758  45.002737      99.54 1.5439e+03    278.484       6685  1027.3814  1027.3810     4.0757     1.6393     0.1972    33.8701    33.8697    8.09479         35 0.0000e+00
     39.000     38.594    -0.1035  28.117447    -0.1028  28.117430     8.8881     9.2709    13.5880    86.3283 3.7969e-01  -73.78276 -118.61757  45.002759      98.12 1.5439e+03    280.372       6730  1027.3871  1027.3865     4.0962     1.4858     0.1964    33.8711    33.8704    8.09564         34 0.0000e+00
     40.000     39.583    -0.1117  28.112665    -0.1118  28.112150     8.8564     9.2432    10.7101    86.3212 3.1239e-01  -73.78276 -118.61757  45.002785      99.48 1.5424e+03    282.604       6783  1027.3940  1027.3935     4.0950     1.4590     0.1859    33.8733    33.8727    8.09726         41 0.0000e+00
     41.000     40.572    -0.1245  28.104071    -0.1246  28.103258     8.8495     9.2280     7.9656    85.9751 2.6040e-01  -73.78276 -118.61758  45.002804      99.51 1.5425e+03    284.301       6824  1027.4014  1027.4006     4.0788     1.3220     0.1843    33.8755    33.8746    8.09986         38 0.0000e+00
     42.000     41.563    -0.1257  28.103496    -0.1263  28.102639     8.8329     9.2158    12.1724    87.4675 2.1282e-01  -73.78276 -118.61756  45.002824      99.55 1.5425e+03    285.959       6864  1027.4060  1027.4056     4.1495     1.2513     0.1885    33.8755    33.8749    8.10011         42 0.0000e+00
     43.000     42.552    -0.1362  28.096679    -0.1351  28.096983     8.8239     9.1915    11.3876    87.0285 1.7352e-01  -73.78276 -118.61757  45.002850      99.44 1.5430e+03    288.210       6918  1027.4128  1027.4122     4.1288     1.5260     0.1918    33.8774    33.8766    8.10222         41 0.0000e+00
     44.000     43.541    -0.1343  28.098649    -0.1358  28.096905     8.7840     9.1580    11.2976    87.9756 1.4125e-01  -73.78276 -118.61758  45.002872      99.66 1.5434e+03    290.116       6964  1027.4172  1027.4169     4.1736     1.0131     0.1737    33.8773    33.8767    8.10182         36 0.0000e+00
     45.000     44.530    -0.1418  28.092704    -0.1491  28.087420     8.7453     9.1258     8.6313    88.3171 1.1210e-01  -73.78276 -118.61757  45.002887      99.52 1.5431e+03    291.481       6997  1027.4224  1027.4238     4.1898     1.2848     0.1667    33.8772    33.8783    8.10343         32 0.0000e+00
     46.000     45.515    -0.1801  28.063152    -0.1812  28.062601     8.7079     9.0966     8.9708    88.1734 8.8739e-02  -73.78276 -118.61757  45.002911      99.58 1.5439e+03    293.493       7045  1027.4319  1027.4323     4.1834     1.4928     0.1861    33.8799    33.8803    8.11143         28 0.0000e+00
     47.000     46.509    -0.1939  28.051591    -0.1923  28.052618     8.6825     9.0642     8.7260    87.8370 6.9399e-02  -73.78276 -118.61758  45.002938      99.46 1.5438e+03    295.866       7102  1027.4368  1027.4363     4.1668     1.4076     0.1700    33.8792    33.8788    8.11439         34 0.0000e+00
     48.000     47.499    -0.2053  28.042646    -0.2062  28.041711     8.6703     9.0360     8.1541    88.3288 5.0783e-02  -73.78276 -118.61758  45.002954      99.56 1.5448e+03    297.238       7135  1027.4423  1027.4421     4.1902     1.2302     0.1710    33.8793    33.8791    8.11681         33 0.0000e+00
     49.000     48.487    -0.2204  28.030446    -0.2200  28.030636     8.6223     8.9887     8.5200    87.8582 3.4749e-02  -73.78276 -118.61758  45.002973      99.60 1.5438e+03    298.874       7174  1027.4478  1027.4476     4.1682     1.1191     0.1652    33.8792    33.8791    8.12003         33 0.0000e+00
     50.000     49.476    -0.2507  28.005033    -0.2509  28.004684     8.5624     8.9500     8.9338    88.6566 2.3001e-02  -73.78276 -118.61758  45.002997      99.65 1.5427e+03    300.906       7223  1027.4538  1027.4538     4.2061     1.0114     0.1623    33.8785    33.8782    8.12654         36 0.0000e+00
     51.000     50.466    -0.2744  27.986065    -0.2742  27.986101     8.5610     8.9356     7.5958    88.6567 1.1851e-02  -73.78276 -118.61758  45.003014      99.62 1.5455e+03    302.385       7258  1027.4604  1027.4602     4.2059     1.1003     0.1706    33.8789    33.8788    8.13158         31 0.0000e+00
     52.000     51.457    -0.2763  27.984928    -0.2752  27.985583     8.5380     8.9043     8.7396    88.9903 1.6962e-03  -73.78276 -118.61758  45.003030      99.49 1.5449e+03    303.770       7291  1027.4649  1027.4645     4.2217     1.4700     0.1725    33.8790    33.8786    8.13199         36 0.0000e+00
     53.000     52.445    -0.2863  27.977021    -0.2850  27.978034     8.5091     8.8786     9.1948    89.1891 -6.792e-05  -73.78276 -118.61758  45.003048      99.66 1.5411e+03    305.311       7328  1027.4700  1027.4699     4.2311     1.0026     0.1731    33.8789    33.8788    8.13412         33 0.0000e+00
