ocean_section_plots/required_files/ctd/dnbp2202_ctd239.cnv
* Sea-Bird SBE 9 Data File:
* FileName = D:\Data\raw\NBP2202_CTD239.hex
* Software Version Seasave V 7.26.7.121
* Temperature SN = 1649
* Conductivity SN = 2513
* Number of Bytes Per Scan = 40
* Number of Voltage Words = 5
* Number of Scans Averaged by the Deck Unit = 1
* NMEA Latitude = 73 46.97 S
* NMEA Longitude = 118 43.94 W
* NMEA UTC (Time) = Feb 14 2022  00:56:14
* NMEA baud rate = 9600
** Ship: RVIB N.B. Palmer
** Cruise: NBP2202 Thwaites
** Station: 149
** Operator: A. Robinson
# nquan = 28
# nvalues = 306                         
# units = specified
# name 0 = prDM: Pressure, Digiquartz [db]
# name 1 = depSM: Depth [salt water, m]
# name 2 = t090C: Temperature [ITS-90, deg C]
# name 3 = c0mS/cm: Conductivity [mS/cm]
# name 4 = t190C: Temperature, 2 [ITS-90, deg C]
# name 5 = c1mS/cm: Conductivity, 2 [mS/cm]
# name 6 = sbeox0ML/L: Oxygen, SBE 43 [ml/l]
# name 7 = sbeox1ML/L: Oxygen, SBE 43, 2 [ml/l]
# name 8 = flECO-AFL: Fluorescence, WET Labs ECO-AFL/FL [mg/m^3]
# name 9 = CStarTr0: Beam Transmission, WET Labs C-Star [%]
# name 10 = par: PAR/Irradiance, Biospherical/Licor
# name 11 = latitude: Latitude [deg]
# name 12 = longitude: Longitude [deg]
# name 13 = timeJ: Julian Days
# name 14 = altM: Altimeter [m]
# name 15 = spar: SPAR, Biospherical/Licor
# name 16 = timeS: Time, Elapsed [seconds]
# name 17 = scan: Scan Count
# name 18 = density00: Density [density, kg/m^3]
# name 19 = density11: Density, 2 [density, kg/m^3]
# name 20 = v3: Voltage 3
# name 21 = v4: Voltage 4
# name 22 = v5: Voltage 5
# name 23 = sal00: Salinity, Practical [PSU]
# name 24 = sal11: Salinity, Practical, 2 [PSU]
# name 25 = oxsolML/L: Oxygen Saturation, Garcia & Gordon [ml/l]
# name 26 = nbin: number of scans per bin
# name 27 = flag: flag
# span 0 =      2.000,    307.000       
# span 1 =      1.980,    303.599       
# span 2 =    -1.5946,     0.0047       
# span 3 =  27.061513,  28.185376       
# span 4 =    -1.5940,     0.0043       
# span 5 =  27.061221,  28.183677       
# span 6 =     5.9580,     9.0401       
# span 7 =     6.2674,     9.3804       
# span 8 =     0.4138,    13.1757       
# span 9 =    85.1857,    96.2762       
# span 10 = 1.0000e-12, 5.8704e+02      
# span 11 =  -73.78292,  -73.78292      
# span 12 = -118.73238, -118.73232      
# span 13 =  45.041900,  45.047293      
# span 14 =       4.13,     100.66      
# span 15 = 1.4201e+03, 1.4459e+03      
# span 16 =    246.127,    712.078      
# span 17 =       5908,      17091      
# span 18 =  1027.1941,  1028.8924      
# span 19 =  1027.1919,  1028.8913      
# span 20 =     4.0413,     4.5672      
# span 21 =     0.1437,     1.9538      
# span 22 =     0.1238,     0.2118      
# span 23 =    33.8543,    34.0736      
# span 24 =    33.8533,    34.0718      
# span 25 =    8.07356,    8.41391      
# span 26 =          2,         44      
# span 27 = 0.0000e+00, 0.0000e+00      
# interval = decibars: 1                
# start_time = Feb 14 2022 00:56:14 [NMEA time, header]
# bad_flag = -9.990e-29
*END*
[from data line 156]
    158.000    156.307    -1.4802  27.113506    -1.4810  27.113038     6.3731     6.6226     2.2466    93.2230 1.0000e-12  -73.78292 -118.73236  45.044615      99.88 1.4380e+03    480.770      11539  1028.1087  1028.1090     4.4225     0.4035     0.1318    33.9865    33.9868    8.38996         29 0.0000e+00
    159.000    157.297    -1.4991  27.100711    -1.4981  27.101264     6.4009     6.6305     2.2182    94.0086 1.0000e-12  -73.78292 -118.73236  45.044630      99.88 1.4371e+03    482.053      11570  1028.1172  1028.1168     4.4596     0.3951     0.1322    33.9898    33.9894    8.39404         31 0.0000e+00
    160.000    158.287    -1.5053  27.096914    -1.5046  27.096989     6.4372     6.6550     1.7093    93.7315 1.0000e-12  -73.78292 -118.73236  45.044644      99.89 1.4364e+03    483.207      11598  1028.1231  1028.1226     4.4466     0.3241     0.1321    33.9909    33.9903    8.39536         25 0.0000e+00
    161.000    159.273    -1.5079  27.095443    -1.5077  27.095417     6.4363     6.6585     1.7827    93.9371 1.0000e-12  -73.78292 -118.73236  45.044655      99.89 1.4361e+03    484.181      11621  1028.1282  1028.1280     4.4563     0.3658     0.1479    33.9912    33.9910    8.39593         22 0.0000e+00
    162.000    160.264    -1.5141  27.091768    -1.5132  27.092122     6.4282     6.6474     1.8292    93.6514 1.0000e-12  -73.78292 -118.73236  45.044666      99.89 1.4370e+03    485.158      11645  1028.1343  1028.1339     4.4428     0.3706     0.1375    33.9926    33.9921    8.39725         25 0.0000e+00
    163.000    161.253    -1.5205  27.088339    -1.5206  27.088011     6.4159     6.6350     1.6579    93.2080 1.0000e-12  -73.78292 -118.73236  45.044679      99.87 1.4374e+03    486.266      11671  1028.1409  1028.1407     4.4217     0.4323     0.1353    33.9946    33.9942    8.39859         28 0.0000e+00
    164.000    162.241    -1.5216  27.088139    -1.5211  27.088137     6.3877     6.6259     2.0531    93.7055 1.0000e-12  -73.78292 -118.73236  45.044693      99.88 1.4347e+03    487.440      11700  1028.1459  1028.1455     4.4453     0.4296     0.1334    33.9949    33.9944    8.39881         28 0.0000e+00
    165.000    163.231    -1.5207  27.089355    -1.5201  27.089497     6.7157     6.6222     2.0960    93.0152 1.0000e-12  -73.78292 -118.73236  45.044705      99.82 1.4362e+03    488.535      11726  1028.1506  1028.1500     4.4127     0.6297     0.1381    33.9950    33.9944    8.39861         25 0.0000e+00
    166.000    164.219    -1.5214  27.089325    -1.5213  27.089016     6.5558     6.6194     1.9355    92.4693 1.0000e-12  -73.78292 -118.73235  45.044717      99.86 1.4378e+03    489.564      11751  1028.1554  1028.1549     4.3867     0.4790     0.1411    33.9951    33.9945    8.39876         24 0.0000e+00
    167.000    165.208    -1.5220  27.089370    -1.5216  27.089362     5.9580     6.6168     1.9788    93.5064 1.0000e-12  -73.78292 -118.73234  45.044729      94.71 1.4352e+03    490.589      11775  1028.1602  1028.1598     4.4359     0.2976     0.1421    33.9951    33.9947    8.39888         25 0.0000e+00
    168.000    166.196    -1.5224  27.089593    -1.5219  27.089607     6.4411     6.6207     2.0465    93.9856 1.0000e-12  -73.78292 -118.73234  45.044742      97.95 1.4359e+03    491.695      11802  1028.1650  1028.1646     4.4585     0.3547     0.1428    33.9953    33.9948    8.39897         29 0.0000e+00
    169.000    167.186    -1.5267  27.087049    -1.5264  27.087073     6.4466     6.6424     2.3539    93.7249 1.0000e-12  -73.78292 -118.73234  45.044756      99.90 1.4364e+03    492.913      11831  1028.1707  1028.1704     4.4464     0.3186     0.1541    33.9961    33.9958    8.39990         29 0.0000e+00
    170.000    168.175    -1.5331  27.083091    -1.5330  27.082904     6.4776     6.6836     2.6477    93.5329 1.0000e-12  -73.78292 -118.73234  45.044769      99.86 1.4349e+03    494.057      11858  1028.1768  1028.1765     4.4372     0.4573     0.1352    33.9973    33.9969    8.40128         25 0.0000e+00
    171.000    169.163    -1.5379  27.080341    -1.5380  27.079984     6.4985     6.7084     2.8983    92.9887 1.0000e-12  -73.78292 -118.73234  45.044781      99.89 1.4347e+03    495.070      11883  1028.1826  1028.1823     4.4113     0.3416     0.1401    33.9984    33.9980    8.40230         24 0.0000e+00
    172.000    170.152    -1.5396  27.079567    -1.5394  27.079384     6.5140     6.7257     2.0509    92.5218 1.0000e-12  -73.78292 -118.73234  45.044792      99.89 1.4348e+03    496.068      11907  1028.1875  1028.1871     4.3891     0.3635     0.1426    33.9986    33.9981    8.40266         25 0.0000e+00
    173.000    171.142    -1.5408  27.079100    -1.5403  27.079062     6.5448     6.7411     1.9602    92.4317 1.0000e-12  -73.78292 -118.73234  45.044805      99.88 1.4329e+03    497.186      11933  1028.1925  1028.1918     4.3850     0.4074     0.1469    33.9987    33.9980    8.40293         28 0.0000e+00
    174.000    172.130    -1.5412  27.079234    -1.5409  27.079117     6.5521     6.7609     1.7567    93.4894 1.0000e-12  -73.78292 -118.73234  45.044819      99.90 1.4361e+03    498.344      11961  1028.1972  1028.1968     4.4351     0.3080     0.1373    33.9987    33.9982    8.40302         28 0.0000e+00
    175.000    173.119    -1.5435  27.078073    -1.5427  27.078281     6.5393     6.7603     1.9171    93.9429 1.0000e-12  -73.78292 -118.73234  45.044832      99.87 1.4387e+03    499.457      11988  1028.2024  1028.2018     4.4565     0.4798     0.1405    33.9991    33.9985    8.40352         25 0.0000e+00
    176.000    174.107    -1.5493  27.074982    -1.5487  27.075102     6.5304     6.7392     2.2215    93.7551 1.0000e-12  -73.78292 -118.73234  45.044844      99.90 1.4374e+03    500.527      12014  1028.2088  1028.2083     4.4477     0.3015     0.1435    34.0008    34.0003    8.40473         26 0.0000e+00
    177.000    175.095    -1.5485  27.076323    -1.5480  27.076299     6.5451     6.7534     1.7445    93.7142 1.0000e-12  -73.78292 -118.73234  45.044856      99.90 1.4353e+03    501.570      12039  1028.2138  1028.2132     4.4457     0.3471     0.1476    34.0011    34.0005    8.40453         25 0.0000e+00
    178.000    176.087    -1.5488  27.076733    -1.5483  27.076739     6.5868     6.7883     1.7733    93.7479 1.0000e-12  -73.78292 -118.73234  45.044868      99.88 1.4371e+03    502.601      12063  1028.2187  1028.2182     4.4473     0.3924     0.1373    34.0014    34.0008    8.40457         24 0.0000e+00
    179.000    177.073    -1.5516  27.075555    -1.5510  27.075647     6.6173     6.8198     1.7860    93.7374 1.0000e-12  -73.78292 -118.73234  45.044880      99.87 1.4377e+03    503.648      12089  1028.2244  1028.2239     4.4468     0.4465     0.1482    34.0024    34.0017    8.40516         26 0.0000e+00
    180.000    178.064    -1.5547  27.074153    -1.5541  27.074105     6.6297     6.8320     2.7369    92.4862 1.0000e-12  -73.78292 -118.73234  45.044894      97.87 1.4379e+03    504.835      12117  1028.2301  1028.2295     4.3875     0.4793     0.1438    34.0033    34.0025    8.40579         31 0.0000e+00
    181.000    179.051    -1.5559  27.073789    -1.5557  27.073643     6.6415     6.8579     3.2433    92.4666 1.0000e-12  -73.78292 -118.73234  45.044909      99.91 1.4388e+03    506.100      12147  1028.2351  1028.2347     4.3866     0.3803     0.1439    34.0035    34.0031    8.40605         29 0.0000e+00
    182.000    180.041    -1.5565  27.073903    -1.5564  27.073681     6.6904     6.8966     2.7431    93.4519 1.0000e-12  -73.78292 -118.73234  45.044922      99.90 1.4354e+03    507.227      12174  1028.2400  1028.2397     4.4332     0.2391     0.1420    34.0037    34.0033    8.40617         25 0.0000e+00
    183.000    181.029    -1.5594  27.072613    -1.5590  27.072539     6.7046     6.9168     2.5684    93.8180 1.0000e-12  -73.78292 -118.73234  45.044933      99.91 1.4362e+03    508.206      12198  1028.2457  1028.2452     4.4507     0.2693     0.1588    34.0047    34.0041    8.40678         22 0.0000e+00
    184.000    182.018    -1.5604  27.072548    -1.5600  27.072393     6.7055     6.9105     2.3324    93.7408 1.0000e-12  -73.78292 -118.73234  45.044943      99.87 1.4375e+03    509.104      12219  1028.2509  1028.2503     4.4470     0.4096     0.1538    34.0050    34.0044    8.40697         22 0.0000e+00
    185.000    183.008    -1.5601  27.073317    -1.5590  27.073452     6.6867     6.8940     2.5384    93.6703 1.0000e-12  -73.78292 -118.73234  45.044955      99.89 1.4378e+03    510.136      12244  1028.2556  1028.2547     4.4436     0.3382     0.1484    34.0051    34.0041    8.40690         29 0.0000e+00
    186.000    183.996    -1.5582  27.074723    -1.5575  27.074694     6.6532     6.8890     2.6526    93.4264 1.0000e-12  -73.78292 -118.73234  45.044972      99.89 1.4306e+03    511.577      12279  1028.2596  1028.2589     4.4322     0.3724     0.1408    34.0043    34.0035    8.40652         34 0.0000e+00
    187.000    184.984    -1.5610  27.073686    -1.5605  27.073695     6.6784     6.9113     1.8965    93.3447 1.0000e-12  -73.78292 -118.73234  45.044988      99.77 1.4347e+03    512.999      12313  1028.2654  1028.2650     4.4282     0.7255     0.1411    34.0054    34.0049    8.40709         28 0.0000e+00
    188.000    185.973    -1.5632  27.072898    -1.5628  27.072677     6.6846     6.9219     1.7163    93.1683 1.0000e-12  -73.78292 -118.73234  45.044999      99.89 1.4367e+03    513.950      12336  1028.2710  1028.2704     4.4198     0.3394     0.1447    34.0062    34.0055    8.40754         20 0.0000e+00
    189.000    186.963    -1.5707  27.068985    -1.5703  27.068817     6.6771     6.9250     2.1204    93.3977 1.0000e-12  -73.78292 -118.73235  45.045009      99.90 1.4355e+03    514.782      12356  1028.2783  1028.2776     4.4308     0.3559     0.1367    34.0088    34.0080    8.40909         20 0.0000e+00
    190.000    187.951    -1.5722  27.068433    -1.5716  27.068427     6.6984     6.9232     2.5349    93.0492 1.0000e-12  -73.78292 -118.73236  45.045020      99.86 1.4401e+03    515.705      12378  1028.2833  1028.2827     4.4142     0.4363     0.1477    34.0090    34.0084    8.40940         26 0.0000e+00
    191.000    188.939    -1.5734  27.068082    -1.5725  27.068147     6.7066     6.9339     1.8887    93.3969 1.0000e-12  -73.78292 -118.73236  45.045035      93.60 1.4397e+03    517.020      12409  1028.2884  1028.2876     4.4307     0.3545     0.1500    34.0094    34.0084    8.40967         36 0.0000e+00
    192.000    189.927    -1.5738  27.068359    -1.5737  27.068065     6.7192     6.9420     2.9933    93.1517 1.0000e-12  -73.78292 -118.73236  45.045051      99.95 1.4349e+03    518.408      12443  1028.2933  1028.2929     4.4191     0.3122     0.1469    34.0095    34.0090    8.40974         30 0.0000e+00
    193.000    190.918    -1.5753  27.068096    -1.5747  27.067909     6.7186     6.9381     1.7927    93.6791 1.0000e-12  -73.78292 -118.73236  45.045063      99.91 1.4368e+03    519.473      12468  1028.2987  1028.2980     4.4441     0.2520     0.1426    34.0102    34.0094    8.41003         21 0.0000e+00
    194.000    191.906    -1.5756  27.068384    -1.5752  27.068232     6.6758     6.9308     1.4320    93.5251 1.0000e-12  -73.78292 -118.73236  45.045073      99.87 1.4398e+03    520.302      12488  1028.3036  1028.3031     4.4368     0.4250     0.1467    34.0104    34.0097    8.41011         20 0.0000e+00
    195.000    192.895    -1.5780  27.067296    -1.5777  27.067118     6.5880     6.9319     1.7355    93.4658 1.0000e-12  -73.78292 -118.73236  45.045083      99.90 1.4388e+03    521.181      12509  1028.3090  1028.3085     4.4341     0.3248     0.1426    34.0110    34.0104    8.41062         24 0.0000e+00
    196.000    193.883    -1.5803  27.066339    -1.5788  27.066713     6.7089     6.9180     1.5722    93.9277 1.0000e-12  -73.78292 -118.73237  45.045099      99.89 1.4381e+03    522.577      12543  1028.3145  1028.3134     4.4557     0.3638     0.1421    34.0117    34.0105    8.41109         42 0.0000e+00
    197.000    194.871    -1.5806  27.066563    -1.5798  27.066704     6.6876     6.9245     1.9327    93.0861 1.0000e-12  -73.78292 -118.73238  45.045117      99.91 1.4392e+03    524.142      12580  1028.3192  1028.3185     4.4162     0.2257     0.1486    34.0117    34.0109    8.41115         29 0.0000e+00
    198.000    195.861    -1.5817  27.066446    -1.5812  27.066461     6.7067     6.9376     1.4843    93.2782 1.0000e-12  -73.78292 -118.73238  45.045129      99.89 1.4364e+03    525.126      12604  1028.3244  1028.3240     4.4251     0.3390     0.1401    34.0122    34.0116    8.41138         20 0.0000e+00
    199.000    196.850    -1.5847  27.065506    -1.5847  27.065181     6.7312     6.9518     1.2548    93.8509 1.0000e-12  -73.78292 -118.73238  45.045138      99.86 1.4391e+03    525.936      12623  1028.3306  1028.3303     4.4522     0.4891     0.1518    34.0136    34.0132    8.41196         19 0.0000e+00
    200.000    197.838    -1.5902  27.063273    -1.5894  27.063280     6.7502     6.9600     1.1774    93.4863 1.0000e-12  -73.78292 -118.73238  45.045148      99.91 1.4387e+03    526.778      12644  1028.3377  1028.3370     4.4349     0.2786     0.1463    34.0162    34.0153    8.41305         22 0.0000e+00
    201.000    198.827    -1.5935  27.061513    -1.5934  27.061221     6.7445     6.9666     1.3487    93.3345 1.0000e-12  -73.78292 -118.73238  45.045161      99.90 1.4394e+03    527.949      12672  1028.3433  1028.3429     4.4276     0.2918     0.1406    34.0169    34.0164    8.41377         34 0.0000e+00
    202.000    199.815    -1.5943  27.061947    -1.5936  27.061850     6.7330     6.9801     1.7124    93.2502 1.0000e-12  -73.78292 -118.73238  45.045179      99.91 1.4359e+03    529.505      12709  1028.3487  1028.3479     4.4238     0.2938     0.1490    34.0178    34.0169    8.41389         33 0.0000e+00
    203.000    200.803    -1.5930  27.063854    -1.5918  27.064142     6.7542     6.9833     1.3895    93.6519 1.0000e-12  -73.78292 -118.73238  45.045193      99.25 1.4416e+03    530.681      12737  1028.3538  1028.3530     4.4426     0.3659     0.1504    34.0183    34.0174    8.41356         22 0.0000e+00
    204.000    201.791    -1.5929  27.064210    -1.5926  27.063905     6.7575     6.9851     1.9369    93.0683 1.0000e-12  -73.78292 -118.73238  45.045203      99.90 1.4424e+03    531.507      12757  1028.3583  1028.3577     4.4149     0.3519     0.1519    34.0180    34.0173    8.41355         19 0.0000e+00
    205.000    202.783    -1.5936  27.064340    -1.5933  27.064128     6.7589     6.9879     2.2435    92.6421 1.0000e-12  -73.78292 -118.73238  45.045212      99.90 1.4425e+03    532.320      12777  1028.3635  1028.3629     4.3954     0.2638     0.1432    34.0185    34.0177    8.41370         21 0.0000e+00
    206.000    203.770    -1.5941  27.064438    -1.5936  27.064139     6.7515     6.9879     1.9562    93.7844 1.0000e-12  -73.78292 -118.73238  45.045226      99.91 1.4437e+03    533.539      12806  1028.3684  1028.3675     4.4490     0.2580     0.1438    34.0186    34.0176    8.41381         37 0.0000e+00
    207.000    204.758    -1.5946  27.064643    -1.5940  27.064416     6.7368     6.9666     2.3042    93.4303 1.0000e-12  -73.78292 -118.73238  45.045245      99.88 1.4408e+03    535.210      12846  1028.3733  1028.3725     4.4323     0.3966     0.1398    34.0188    34.0178    8.41391         36 0.0000e+00
    208.000    205.748    -1.5933  27.066790    -1.5919  27.067487     6.7334     6.9631     1.6755    93.7213 1.0000e-12  -73.78292 -118.73238  45.045259      86.58 1.4403e+03    536.421      12875  1028.3787  1028.3781     4.4461     0.3741     0.1414    34.0196    34.0189    8.41356         24 0.0000e+00
