ocean_section_plots/required_files/ctd/dnbp2202_ctd233.cnv
* Sea-Bird SBE 9 Data File:
* FileName = D:\Data\raw\NBP2202_CTD233.hex
* Software Version Seasave V 7.26.7.121
* Temperature SN = 1649
* Conductivity SN = 2513
* Number of Bytes Per Scan = 40
* Number of Voltage Words = 5
* Number of Scans Averaged by the Deck Unit = 1
* NMEA Latitude = 73 47.58 S
* NMEA Longitude = 113 53.56 W
* NMEA UTC (Time) = Feb 13 2022  10:05:52
* NMEA baud rate = 9600
** Ship: RVIB N.B. Palmer
** Cruise: NBP2202 Thwaites
** Station: 145
** Operator: B. Bjork
# nquan = 28
# nvalues = 352                         
# units = specified
# name 0 = prDM: Pressure, Digiquartz [db]
# name 1 = depSM: Depth [salt water, m]
# name 2 = t090C: Temperature [ITS-90, deg C]
# name 3 = c0mS/cm: Conductivity [mS/cm]
# name 4 = t190C: Temperature, 2 [ITS-90, deg C]
# name 5 = c1mS/cm: Conductivity, 2 [mS/cm]
# name 6 = sbeox0ML/L: Oxygen, SBE 43 [ml/l]
# name 7 = sbeox1ML/L: Oxygen, SBE 43, 2 [ml/l]
# name 8 = flECO-AFL: Fluorescence, WET Labs ECO-AFL/FL [mg/m^3]
# name 9 = CStarTr0: Beam Transmission, WET Labs C-Star [%]
# name 10 = par: PAR/Irradiance, Biospherical/Licor
# name 11 = latitude: Latitude [deg]
# name 12 = longitude: Longitude [deg]
# name 13 = timeJ: Julian Days
# name 14 = altM: Altimeter [m]
# name 15 = spar: SPAR, Biospherical/Licor
# name 16 = timeS: Time, Elapsed [seconds]
# name 17 = scan: Scan Count
# name 18 = density00: Density [density, kg/m^3]
# name 19 = density11: Density, 2 [density, kg/m^3]
# name 20 = v3: Voltage 3
# name 21 = v4: Voltage 4
# name 22 = v5: Voltage 5
# name 23 = sal00: Salinity, Practical [PSU]
# name 24 = sal11: Salinity, Practical, 2 [PSU]
# name 25 = oxsolML/L: Oxygen Saturation, Garcia & Gordon [ml/l]
# name 26 = nbin: number of scans per bin
# name 27 = flag: flag
# span 0 =      3.000,    354.000       
# span 1 =      2.970,    350.044       
# span 2 =    -1.4440,    -0.4049       
# span 3 =  27.115909,  28.275118       
# span 4 =    -1.4430,    -0.4028       
# span 5 =  27.116023,  28.274959       
# span 6 =     4.9437,     8.6971       
# span 7 =     5.0963,     9.0046       
# span 8 =     0.0663,    22.8598       
# span 9 =    76.9731,    97.1860       
# span 10 = 1.0000e-12, 8.5182e+00      
# span 11 =  -73.79312,  -73.79312      
# span 12 = -113.89270, -113.89264      
# span 13 =  44.423415,  44.429061      
# span 14 =       3.51,     100.13      
# span 15 = 7.4041e+01, 9.9891e+01      
# span 16 =    231.086,    718.837      
# span 17 =       5547,      17253      
# span 18 =  1027.1630,  1029.1888      
# span 19 =  1027.1617,  1029.1867      
# span 20 =     3.6520,     4.6104      
# span 21 =     0.0776,     3.5991      
# span 22 =     0.1195,     0.2630      
# span 23 =    33.7638,    34.2281      
# span 24 =    33.7622,    34.2257      
# span 25 =    8.13953,    8.38398      
# span 26 =         22,         60      
# span 27 = 0.0000e+00, 0.0000e+00      
# interval = decibars: 1                
# start_time = Feb 13 2022 10:05:52 [NMEA time, header]
# bad_flag = -9.990e-29
*END*
[from data line 52]
     55.000     54.424    -0.9210  27.366533    -0.9196  27.366683     8.6369     8.9708    18.2397    79.4142 1.0000e-12  -73.79312 -113.89266  44.424626      99.95 7.7567e+01    335.696       8058  1027.4136  1027.4124     3.7676     3.0547     0.2164    33.7649    33.7635    8.27845         36 0.0000e+00
     56.000     55.414    -0.9173  27.370181    -0.9166  27.369468     8.6455     8.9691    19.1214    79.6050 1.0000e-12  -73.79312 -113.89266  44.424645      99.98 7.7720e+01    337.367       8098  1027.4182  1027.4168     3.7764     3.3110     0.2162    33.7651    33.7633    8.27761         36 0.0000e+00
     57.000     56.403    -0.9155  27.371762    -0.9160  27.370231     8.6439     8.9682    18.7468    79.9765 1.0000e-12  -73.79312 -113.89266  44.424664      99.92 7.7799e+01    338.970       8136  1027.4225  1027.4213     3.7943     3.1486     0.2471    33.7646    33.7631    8.27724         38 0.0000e+00
     58.000     57.393    -0.9186  27.369830    -0.9168  27.370203     8.6398     8.9664    20.6607    79.2413 1.0000e-12  -73.79312 -113.89266  44.424683      99.93 7.8666e+01    340.575       8175  1027.4277  1027.4263     3.7595     3.2208     0.2374    33.7648    33.7633    8.27791         36 0.0000e+00
     59.000     58.382    -0.9191  27.370532    -0.9171  27.370609     8.6267     8.9627    21.4373    79.1123 1.0000e-12  -73.79312 -113.89266  44.424702      99.97 7.8536e+01    342.232       8215  1027.4332  1027.4314     3.7534     2.9510     0.2214    33.7657    33.7636    8.27797         40 0.0000e+00
     60.000     59.372    -0.9101  27.377287    -0.9115  27.375193     8.6103     8.9451    19.3125    77.7554 1.0000e-12  -73.79312 -113.89266  44.424720      98.37 7.8743e+01    343.816       8253  1027.4362  1027.4353     3.6898     3.0704     0.2097    33.7642    33.7629    8.27608         36 0.0000e+00
     61.000     60.361    -0.9313  27.361760    -0.9283  27.362847     8.6066     8.9411    20.3272    79.7269 1.0000e-12  -73.79312 -113.89264  44.424738      97.98 7.9080e+01    345.333       8289  1027.4441  1027.4423     3.7816     3.0131     0.1883    33.7663    33.7643    8.28063         35 0.0000e+00
     62.000     61.351    -0.9326  27.361040    -0.9303  27.361801     8.6137     8.9432    19.8669    79.1854 1.0000e-12  -73.79312 -113.89264  44.424756      99.97 7.9330e+01    346.897       8327  1027.4488  1027.4473     3.7568     3.4600     0.2236    33.7662    33.7646    8.28093         38 0.0000e+00
     63.000     62.339    -0.9292  27.364137    -0.9276  27.364124     8.6094     8.9360    18.3047    79.6498 1.0000e-12  -73.79312 -113.89265  44.424773      99.91 7.9330e+01    348.403       8363  1027.4531  1027.4516     3.7788     2.9700     0.2442    33.7659    33.7641    8.28019         35 0.0000e+00
     64.000     63.329    -0.9322  27.362241    -0.9306  27.362363     8.6079     8.9327    17.4308    78.6105 1.0000e-12  -73.79312 -113.89264  44.424790      99.98 7.9330e+01    349.847       8397  1027.4582  1027.4568     3.7296     3.3800     0.2630    33.7661    33.7644    8.28084         34 0.0000e+00
     65.000     64.318    -0.9341  27.361231    -0.9322  27.361462     8.6071     8.9275    18.1798    78.4974 1.0000e-12  -73.79312 -113.89264  44.424807      99.97 7.9330e+01    351.294       8432  1027.4631  1027.4617     3.7243     3.3315     0.2220    33.7662    33.7644    8.28125         31 0.0000e+00
     66.000     65.308    -0.9338  27.362130    -0.9325  27.361786     8.6006     8.9321    18.0517    80.0095 1.0000e-12  -73.79312 -113.89264  44.424823      99.93 7.9330e+01    352.703       8466  1027.4681  1027.4665     3.7959     2.9653     0.2307    33.7665    33.7646    8.28117         32 0.0000e+00
     67.000     66.297    -0.9335  27.362381    -0.9311  27.363220     8.5948     8.9277    18.2163    79.2239 1.0000e-12  -73.79312 -113.89265  44.424839      99.96 7.9330e+01    354.069       8499  1027.4723  1027.4710     3.7586     2.9592     0.2306    33.7659    33.7643    8.28114         32 0.0000e+00
     68.000     67.287    -0.9359  27.361186    -0.9344  27.361188     8.5881     8.9132    18.6936    80.0830 1.0000e-12  -73.79312 -113.89265  44.424855      99.95 7.9330e+01    355.432       8531  1027.4777  1027.4763     3.7994     3.0869     0.2148    33.7664    33.7647    8.28165         32 0.0000e+00
     69.000     68.276    -0.9376  27.360325    -0.9357  27.360517     8.5821     8.9067    17.8815    79.9151 1.0000e-12  -73.79312 -113.89265  44.424870      99.96 7.9330e+01    356.795       8564  1027.4826  1027.4811     3.7914     2.8998     0.2011    33.7665    33.7646    8.28201         33 0.0000e+00
     70.000     69.266    -0.9388  27.360031    -0.9370  27.360253     8.5925     8.9211    17.7995    79.6833 1.0000e-12  -73.79312 -113.89266  44.424886      98.85 7.9330e+01    358.125       8596  1027.4877  1027.4862     3.7805     2.8193     0.2364    33.7667    33.7650    8.28225         31 0.0000e+00
     71.000     70.254    -0.9368  27.361568    -0.9352  27.361726     8.5972     8.9142    17.1845    79.9008 1.0000e-12  -73.79312 -113.89266  44.424900      99.91 7.9330e+01    359.403       8627  1027.4917  1027.4904     3.7907     2.7883     0.2286    33.7660    33.7644    8.28186         30 0.0000e+00
     72.000     71.244    -0.9385  27.360853    -0.9372  27.360873     8.5905     8.9086    17.2560    79.8527 1.0000e-12  -73.79312 -113.89266  44.424915      99.94 7.9330e+01    360.692       8658  1027.4969  1027.4957     3.7883     2.7319     0.2548    33.7663    33.7649    8.28222         32 0.0000e+00
     73.000     72.233    -0.9392  27.361220    -0.9381  27.360843     8.5789     8.9037    17.6270    79.1720 1.0000e-12  -73.79312 -113.89266  44.424930      99.85 7.9572e+01    361.985       8689  1027.5022  1027.5008     3.7563     2.9177     0.2408    33.7669    33.7652    8.28233         30 0.0000e+00
     74.000     73.222    -0.9398  27.361317    -0.9389  27.360743     8.5737     8.9002    16.3824    78.3600 1.0000e-12  -73.79312 -113.89266  44.424945      99.94 8.0017e+01    363.264       8719  1027.5072  1027.5057     3.7174     3.2754     0.2512    33.7672    33.7654    8.28245         31 0.0000e+00
     75.000     74.212    -0.9423  27.359943    -0.9408  27.360031     8.5691     8.8902    16.6716    78.7149 1.0000e-12  -73.79312 -113.89266  44.424960      99.89 7.9043e+01    364.546       8750  1027.5124  1027.5110     3.7348     3.1115     0.2068    33.7675    33.7659    8.28299         31 0.0000e+00
     76.000     75.201    -0.9432  27.360254    -0.9418  27.360181     8.5685     8.8808    16.9037    79.5958 1.0000e-12  -73.79312 -113.89266  44.424975      99.95 7.9386e+01    365.804       8780  1027.5179  1027.5165     3.7769     2.7310     0.2127    33.7683    33.7666    8.28314         30 0.0000e+00
     77.000     76.192    -0.9415  27.362534    -0.9403  27.362244     8.5625     8.8751    17.1856    80.0686 1.0000e-12  -73.79312 -113.89266  44.424989      99.95 8.0357e+01    367.034       8810  1027.5230  1027.5215     3.7981     2.7759     0.2302    33.7689    33.7671    8.28273         29 0.0000e+00
     78.000     77.179    -0.9407  27.363687    -0.9398  27.363345     8.5565     8.8786    17.1556    78.7307 1.0000e-12  -73.79312 -113.89266  44.425003      99.88 7.9745e+01    368.264       8839  1027.5277  1027.5265     3.7351     2.6993     0.1832    33.7689    33.7674    8.28254         30 0.0000e+00
     79.000     78.168    -0.9421  27.363376    -0.9408  27.363228     8.5560     8.8825    18.1645    76.9731 1.0000e-12  -73.79312 -113.89266  44.425018      99.79 7.9447e+01    369.525       8870  1027.5331  1027.5316     3.6520     2.4864     0.2441    33.7694    33.7678    8.28282         30 0.0000e+00
     80.000     79.158    -0.9408  27.364763    -0.9397  27.364498     8.5641     8.8783    17.0287    79.0244 1.0000e-12  -73.79312 -113.89266  44.425032      89.53 8.0787e+01    370.727       8898  1027.5376  1027.5362     3.7492     2.8058     0.2176    33.7692    33.7676    8.28254         27 0.0000e+00
     81.000     80.148    -0.9387  27.366880    -0.9372  27.367029     8.5632     8.8816    16.7978    79.8384 1.0000e-12  -73.79312 -113.89266  44.425044     100.02 8.0373e+01    371.838       8925  1027.5422  1027.5409     3.7877     2.9699     0.2174    33.7692    33.7677    8.28209         27 0.0000e+00
     82.000     81.137    -0.9388  27.367459    -0.9376  27.367336     8.5640     8.8853    17.0740    77.9154 1.0000e-12  -73.79312 -113.89266  44.425057      99.84 7.9843e+01    372.959       8952  1027.5472  1027.5459     3.6967     2.9405     0.1849    33.7695    33.7680    8.28210         28 0.0000e+00
     83.000     82.127    -0.9391  27.367656    -0.9376  27.367779     8.5499     8.8671    17.5675    79.7913 1.0000e-12  -73.79312 -113.89266  44.425072      99.84 8.0159e+01    374.211       8982  1027.5520  1027.5507     3.7851     2.5831     0.2354    33.7694    33.7679    8.28216         30 0.0000e+00
     84.000     83.115    -0.9388  27.368705    -0.9376  27.368528     8.5306     8.8462    16.6061    78.7071 1.0000e-12  -73.79312 -113.89266  44.425086      99.84 8.0510e+01    375.389       9010  1027.5572  1027.5559     3.7347     2.5817     0.2373    33.7700    33.7683    8.28208         27 0.0000e+00
     85.000     84.105    -0.9396  27.369893    -0.9385  27.369855     8.5173     8.8356    16.9402    80.2299 1.0000e-12  -73.79312 -113.89266  44.425098      99.86 8.0318e+01    376.456       9036  1027.5635  1027.5624     3.8063     2.8427     0.2155    33.7718    33.7705    8.28213         25 0.0000e+00
     86.000     85.093    -0.9402  27.370253    -0.9388  27.370128     8.4885     8.8032    16.6180    80.8976 1.0000e-12  -73.79312 -113.89266  44.425111      99.99 8.1036e+01    377.572       9063  1027.5687  1027.5673     3.8380     2.9339     0.1980    33.7723    33.7706    8.28223         28 0.0000e+00
     87.000     86.083    -0.9420  27.370611    -0.9412  27.370475     8.4554     8.7801    16.2971    80.2451 1.0000e-12  -73.79312 -113.89266  44.425125      99.91 8.0177e+01    378.773       9092  1027.5753  1027.5743     3.8071     2.7317     0.1828    33.7743    33.7731    8.28253         30 0.0000e+00
     88.000     87.073    -0.9458  27.371132    -0.9448  27.370919     8.4238     8.7502    17.4779    79.1784 1.0000e-12  -73.79312 -113.89266  44.425139      99.90 8.1092e+01    379.978       9120  1027.5838  1027.5826     3.7565     2.7146     0.2206    33.7786    33.7772    8.28310         28 0.0000e+00
     89.000     88.061    -0.9477  27.371708    -0.9464  27.371646     8.3964     8.7231    15.1094    79.9318 1.0000e-12  -73.79312 -113.89266  44.425152      99.61 8.1093e+01    381.141       9148  1027.5906  1027.5893     3.7922     2.2967     0.1776    33.7809    33.7793    8.28339         28 0.0000e+00
     90.000     89.051    -0.9489  27.373099    -0.9477  27.373015     8.3726     8.6949    14.3654    79.3877 1.0000e-12  -73.79312 -113.89266  44.425165      99.69 8.1093e+01    382.283       9176  1027.5976  1027.5962     3.7664     2.3780     0.2259    33.7836    33.7820    8.28351         27 0.0000e+00
     91.000     90.039    -0.9495  27.373771    -0.9480  27.373591     8.3008     8.6322    14.1267    78.8798 1.0000e-12  -73.79312 -113.89266  44.425179      97.60 8.0152e+01    383.427       9203  1027.6031  1027.6015     3.7424     2.0524     0.1913    33.7845    33.7826    8.28357         28 0.0000e+00
     92.000     91.031    -0.9538  27.374531    -0.9523  27.374441     8.2249     8.5588    15.5128    81.5067 1.0000e-12  -73.79312 -113.89266  44.425192      96.62 8.1760e+01    384.624       9232  1027.6125  1027.6109     3.8668     2.3538     0.2005    33.7898    33.7879    8.28422         29 0.0000e+00
     93.000     92.017    -0.9618  27.374941    -0.9605  27.374746     8.1808     8.5125    14.6260    80.9453 1.0000e-12  -73.79312 -113.89266  44.425207      99.97 8.1140e+01    385.844       9261  1027.6250  1027.6235     3.8403     2.9022     0.1896    33.7987    33.7970    8.28546         28 0.0000e+00
     94.000     93.007    -0.9627  27.376105    -0.9614  27.375848     8.1632     8.4915    12.5716    80.1574 1.0000e-12  -73.79312 -113.89266  44.425220      99.47 8.0388e+01    386.998       9289  1027.6314  1027.6298     3.8029     2.1555     0.2248    33.8007    33.7988    8.28555         28 0.0000e+00
     95.000     93.998    -0.9644  27.376607    -0.9626  27.376753     8.1535     8.4718    11.9190    80.2010 1.0000e-12  -73.79312 -113.89266  44.425233      99.55 8.0967e+01    388.136       9316  1027.6378  1027.6362     3.8049     2.2230     0.1846    33.8026    33.8008    8.28580         27 0.0000e+00
     96.000     94.987    -0.9649  27.377134    -0.9635  27.377016     8.1503     8.4583    12.7302    80.1813 1.0000e-12  -73.79312 -113.89266  44.425247      99.51 8.2209e+01    389.313       9345  1027.6431  1027.6416     3.8041     2.1155     0.2098    33.8033    33.8016    8.28588         29 0.0000e+00
     97.000     95.975    -0.9663  27.377762    -0.9651  27.377554     8.1381     8.4471    11.9224    81.6603 1.0000e-12  -73.79312 -113.89266  44.425260      99.61 8.1405e+01    390.484       9373  1027.6494  1027.6480     3.8742     2.2165     0.2090    33.8051    33.8035    8.28608         28 0.0000e+00
     98.000     96.965    -0.9656  27.379125    -0.9643  27.378951     8.1195     8.4318    12.4645    79.8749 1.0000e-12  -73.79312 -113.89267  44.425273      99.43 8.0128e+01    391.612       9400  1027.6545  1027.6530     3.7895     2.0329     0.2101    33.8056    33.8039    8.28590         27 0.0000e+00
     99.000     97.953    -0.9664  27.380437    -0.9650  27.380421     8.1105     8.4122    11.4271    79.9649 1.0000e-12  -73.79312 -113.89267  44.425287      99.41 8.1231e+01    392.757       9427  1027.6609  1027.6595     3.7938     1.8812     0.1984    33.8075    33.8060    8.28594         27 0.0000e+00
    100.000     98.943    -0.9666  27.381457    -0.9652  27.381351     8.0896     8.3887    11.9419    80.3164 1.0000e-12  -73.79312 -113.89267  44.425300      99.51 8.2112e+01    393.911       9455  1027.6665  1027.6651     3.8104     2.0672     0.2253    33.8087    33.8069    8.28594         28 0.0000e+00
    101.000     99.933    -0.9673  27.382724    -0.9660  27.382656     8.0737     8.3705    11.3353    80.0216 1.0000e-12  -73.79312 -113.89267  44.425312      99.45 8.1940e+01    394.994       9481  1027.6728  1027.6715     3.7965     1.9217     0.1910    33.8105    33.8089    8.28597         25 0.0000e+00
    102.000    100.921    -0.9700  27.382226    -0.9687  27.382202     8.0607     8.3544    12.4464    80.2451 1.0000e-12  -73.79312 -113.89268  44.425325      99.40 8.1091e+01    396.045       9506  1027.6792  1027.6779     3.8070     2.0156     0.2119    33.8122    33.8107    8.28647         25 0.0000e+00
    103.000    101.911    -0.9719  27.382020    -0.9706  27.381892     8.0357     8.3441    11.5966    81.6830 1.0000e-12  -73.79312 -113.89266  44.425337      99.51 8.0276e+01    397.109       9532  1027.6851  1027.6836     3.8752     2.1023     0.1986    33.8134    33.8118    8.28681         26 0.0000e+00
    104.000    102.900    -0.9719  27.382527    -0.9705  27.381736     8.0024     8.3033    11.2350    80.9005 1.0000e-12  -73.79312 -113.89268  44.425349      99.35 8.1414e+01    398.171       9557  1027.6899  1027.6877     3.8382     1.8121     0.1833    33.8136    33.8110    8.28682         26 0.0000e+00
    105.000    103.888    -0.9763  27.380796    -0.9753  27.380561     7.9381     8.2458    10.6307    79.7436 1.0000e-12  -73.79312 -113.89266  44.425362      99.42 8.3647e+01    399.258       9583  1027.6965  1027.6954     3.7833     1.9803     0.2153    33.8155    33.8141    8.28767         25 0.0000e+00
