ocean_section_plots/required_files/ctd/dnbp2202_ctd264.cnv
* Sea-Bird SBE 9 Data File:
* FileName = D:\Data\raw\NBP2202_CTD264.hex
* Software Version Seasave V 7.26.7.121
* Temperature SN = 1649
* Conductivity SN = 2513
* Number of Bytes Per Scan = 40
* Number of Voltage Words = 5
* Number of Scans Averaged by the Deck Unit = 1
* NMEA Latitude = 73 52.54 S
* NMEA Longitude = 118 44.62 W
* NMEA UTC (Time) = Feb 19 2022  17:30:13
* NMEA baud rate = 9600
** Ship: RVIB N.B. Palmer
** Cruise: NBP2202 Thwaites
** Station: 169
** Operator: A. Robinson
# nquan = 28
# nvalues = 541                         
# units = specified
# name 0 = prDM: Pressure, Digiquartz [db]
# name 1 = depSM: Depth [salt water, m]
# name 2 = t090C: Temperature [ITS-90, deg C]
# name 3 = c0mS/cm: Conductivity [mS/cm]
# name 4 = t190C: Temperature, 2 [ITS-90, deg C]
# name 5 = c1mS/cm: Conductivity, 2 [mS/cm]
# name 6 = sbeox0ML/L: Oxygen, SBE 43 [ml/l]
# name 7 = sbeox1ML/L: Oxygen, SBE 43, 2 [ml/l]
# name 8 = flECO-AFL: Fluorescence, WET Labs ECO-AFL/FL [mg/m^3]
# name 9 = CStarTr0: Beam Transmission, WET Labs C-Star [%]
# name 10 = par: PAR/Irradiance, Biospherical/Licor
# name 11 = latitude: Latitude [deg]
# name 12 = longitude: Longitude [deg]
# name 13 = timeJ: Julian Days
# name 14 = altM: Altimeter [m]
# name 15 = spar: SPAR, Biospherical/Licor
# name 16 = timeS: Time, Elapsed [seconds]
# name 17 = scan: Scan Count
# name 18 = density00: Density [density, kg/m^3]
# name 19 = density11: Density, 2 [density, kg/m^3]
# name 20 = v3: Voltage 3
# name 21 = v4: Voltage 4
# name 22 = v5: Voltage 5
# name 23 = sal00: Salinity, Practical [PSU]
# name 24 = sal11: Salinity, Practical, 2 [PSU]
# name 25 = oxsolML/L: Oxygen Saturation, Garcia & Gordon [ml/l]
# name 26 = nbin: number of scans per bin
# name 27 = flag: flag
# span 0 =      2.000,    542.000       
# span 1 =      1.977,    535.695       
# span 2 =    -1.6831,    -0.0551       
# span 3 =  27.000241,  28.627949       
# span 4 =    -1.6822,    -0.0534       
# span 5 =  27.001245,  28.628128       
# span 6 =     4.7614,     9.0762       
# span 7 =     5.2140,     9.3383       
# span 8 =    -0.0216,    11.0984       
# span 9 =    87.6040,    98.3275       
# span 10 = 1.0000e-12, 1.1285e+03      
# span 11 =  -73.87576,  -73.87574      
# span 12 = -118.74384, -118.74380      
# span 13 =  50.731149,  50.739129      
# span 14 =       3.62,     100.09      
# span 15 = 1.5756e+03, 1.6006e+03      
# span 16 =    158.248,    847.776      
# span 17 =       3799,      20348      
# span 18 =  1027.1246,  1030.1549      
# span 19 =  1027.1241,  1030.1534      
# span 20 =     4.1560,     4.6644      
# span 21 =     0.0646,     1.8005      
# span 22 =     0.1135,     0.2268      
# span 23 =    33.7578,    34.3442      
# span 24 =    33.7568,    34.3421      
# span 25 =    8.08435,    8.43374      
# span 26 =         10,         65      
# span 27 = 0.0000e+00, 0.0000e+00      
# interval = decibars: 1                
# start_time = Feb 19 2022 17:30:13 [NMEA time, header]
# bad_flag = -9.990e-29
*END*
[from data line 363]
    365.000    360.908    -1.1204  27.598774    -1.1188  27.599147     5.5964     5.8012    -0.0110    98.2798 1.0000e-12  -73.87576 -118.74384  50.736298      99.97 1.5971e+03    603.120      14476  1029.1872  1029.1861     4.6622     0.0692     0.1204    34.1153    34.1141    8.30193         22 0.0000e+00
    366.000    361.898    -1.1122  27.607915    -1.1114  27.606793     5.6099     5.8008    -0.0103    98.2809 1.0000e-12  -73.87576 -118.74382  50.736308      99.93 1.5970e+03    604.032      14498  1029.1934  1029.1914     4.6623     0.0704     0.1149    34.1178    34.1154    8.29996         22 0.0000e+00
    367.000    362.885    -1.0981  27.620900    -1.0970  27.620653     5.5604     5.7940    -0.0045    98.2737 1.0000e-12  -73.87576 -118.74383  50.736319      99.93 1.5983e+03    604.953      14520  1029.1981  1029.1968     4.6619     0.0696     0.1167    34.1190    34.1174    8.29678         23 0.0000e+00
    368.000    363.872    -1.0958  27.623425    -1.0946  27.623327     5.5709     5.7720     0.0248    98.2703 1.0000e-12  -73.87576 -118.74383  50.736331      99.93 1.5970e+03    605.974      14544  1029.2030  1029.2017     4.6618     0.0714     0.1179    34.1192    34.1177    8.29626         26 0.0000e+00
    369.000    364.861    -1.0856  27.633619    -1.0824  27.635039     5.5713     5.7591    -0.0079    98.2742 1.0000e-12  -73.87576 -118.74384  50.736344      99.93 1.5972e+03    607.090      14571  1029.2085  1029.2069     4.6620     0.0713     0.1188    34.1210    34.1193    8.29390         27 0.0000e+00
    370.000    365.849    -1.0638  27.655824    -1.0592  27.657685     5.4795     5.7466    -0.0062    98.2652 1.0000e-12  -73.87576 -118.74382  50.736356      99.93 1.5973e+03    608.166      14597  1029.2157  1029.2133     4.6616     0.0708     0.1184    34.1258    34.1232    8.28878         25 0.0000e+00
    371.000    366.838    -1.0481  27.671074    -1.0454  27.671693     5.5849     5.7281    -0.0008    98.2671 1.0000e-12  -73.87576 -118.74384  50.736368      99.93 1.5980e+03    609.173      14621  1029.2214  1029.2195     4.6617     0.0699     0.1210    34.1282    34.1260    8.28518         24 0.0000e+00
    372.000    367.825    -1.0214  27.697198    -1.0202  27.696570     5.5799     5.7121    -0.0070    98.2703 1.0000e-12  -73.87576 -118.74382  50.736379      99.93 1.5977e+03    610.163      14645  1029.2282  1029.2264     4.6618     0.0700     0.1190    34.1329    34.1307    8.27901         23 0.0000e+00
    373.000    368.812    -1.0003  27.719164    -1.0004  27.716442     5.5063     5.6945    -0.0144    98.2735 1.0000e-12  -73.87576 -118.74384  50.736390      99.94 1.5969e+03    611.141      14668  1029.2359  1029.2332     4.6619     0.0705     0.1193    34.1383    34.1347    8.27405         24 0.0000e+00
    374.000    369.800    -0.9762  27.742342    -0.9732  27.743341     5.4957     5.6786    -0.0150    98.2692 1.0000e-12  -73.87576 -118.74382  50.736402      99.94 1.5957e+03    612.129      14692  1029.2422  1029.2404     4.6617     0.0686     0.1204    34.1419    34.1399    8.26853         23 0.0000e+00
    375.000    370.788    -0.9525  27.766276    -0.9519  27.764795     5.4724     5.6655    -0.0098    98.2541 1.0000e-12  -73.87576 -118.74384  50.736413      99.94 1.5979e+03    613.114      14716  1029.2496  1029.2474     4.6611     0.0699     0.1198    34.1470    34.1443    8.26303         24 0.0000e+00
    376.000    371.776    -0.9366  27.782395    -0.9338  27.783172     5.4877     5.6562    -0.0077    98.2346 1.0000e-12  -73.87576 -118.74382  50.736425      85.65 1.5990e+03    614.119      14740  1029.2562  1029.2543     4.6601     0.0678     0.1194    34.1503    34.1482    8.25934         24 0.0000e+00
    377.000    372.764    -0.9273  27.791864    -0.9257  27.791883     5.4885     5.6584    -0.0116    98.2307 1.0000e-12  -73.87576 -118.74384  50.736437      99.89 1.5982e+03    615.144      14764  1029.2621  1029.2606     4.6599     0.0696     0.1203    34.1520    34.1502    8.25721         26 0.0000e+00
    378.000    373.752    -0.9286  27.790766    -0.9266  27.791400     5.4786     5.6555    -0.0074    98.2384 1.0000e-12  -73.87576 -118.74382  50.736449      99.93 1.5980e+03    616.203      14790  1029.2668  1029.2655     4.6603     0.0689     0.1179    34.1514    34.1499    8.25752         25 0.0000e+00
    379.000    374.739    -0.9298  27.790199    -0.9282  27.790365     5.4569     5.6580    -0.0038    98.2478 1.0000e-12  -73.87576 -118.74384  50.736461      99.94 1.5978e+03    617.269      14815  1029.2720  1029.2706     4.6607     0.0697     0.1185    34.1513    34.1497    8.25778         25 0.0000e+00
    380.000    375.729    -0.9293  27.791237    -0.9267  27.792106     5.4705     5.6574    -0.0078    98.2434 1.0000e-12  -73.87574 -118.74382  50.736473      99.93 1.5974e+03    618.288      14840  1029.2772  1029.2756     4.6605     0.0700     0.1182    34.1516    34.1498    8.25767         24 0.0000e+00
    381.000    376.715    -0.9245  27.796219    -0.9233  27.795898     5.4991     5.6582    -0.0119    98.2378 1.0000e-12  -73.87576 -118.74384  50.736484      99.93 1.5986e+03    619.254      14863  1029.2823  1029.2808     4.6603     0.0700     0.1223    34.1522    34.1505    8.25656         23 0.0000e+00
    382.000    377.704    -0.9256  27.795414    -0.9242  27.795441     5.5192     5.6564    -0.0204    98.2445 1.0000e-12  -73.87574 -118.74382  50.736495      99.93 1.5987e+03    620.200      14886  1029.2870  1029.2857     4.6606     0.0703     0.1204    34.1519    34.1503    8.25684         23 0.0000e+00
    383.000    378.690    -0.9264  27.795101    -0.9244  27.795663     5.4501     5.6545    -0.0078    98.2350 1.0000e-12  -73.87576 -118.74384  50.736507      99.93 1.5972e+03    621.176      14909  1029.2920  1029.2906     4.6601     0.0704     0.1185    34.1518    34.1502    8.25703         24 0.0000e+00
    384.000    379.678    -0.9260  27.795861    -0.9240  27.796340     5.4801     5.6535    -0.0082    98.2331 1.0000e-12  -73.87574 -118.74382  50.736519      99.94 1.5973e+03    622.258      14935  1029.2969  1029.2954     4.6600     0.0701     0.1201    34.1517    34.1501    8.25694         27 0.0000e+00
    385.000    380.667    -0.9232  27.798812    -0.9214  27.799316     5.5035     5.6601    -0.0152    98.2245 1.0000e-12  -73.87574 -118.74384  50.736532      99.93 1.5974e+03    623.385      14962  1029.3017  1029.3005     4.6596     0.0732     0.1216    34.1519    34.1505    8.25631         26 0.0000e+00
    386.000    381.655    -0.9234  27.799372    -0.9229  27.798366     5.4810     5.6506    -0.0150    98.2296 1.0000e-12  -73.87576 -118.74384  50.736544      99.93 1.5975e+03    624.412      14987  1029.3069  1029.3053     4.6599     0.0717     0.1205    34.1522    34.1503    8.25632         24 0.0000e+00
    387.000    382.641    -0.9223  27.800657    -0.9208  27.800825     5.4030     5.6482    -0.0080    98.2387 1.0000e-12  -73.87576 -118.74384  50.736555      99.93 1.5978e+03    625.354      15009  1029.3116  1029.3103     4.6603     0.0706     0.1195    34.1522    34.1507    8.25609         22 0.0000e+00
    388.000    383.630    -0.9210  27.802248    -0.9189  27.803130     5.4563     5.6502    -0.0067    98.2376 1.0000e-12  -73.87574 -118.74382  50.736566      79.87 1.5990e+03    626.273      15032  1029.3165  1029.3154     4.6602     0.0661     0.1197    34.1523    34.1511    8.25581         22 0.0000e+00
    389.000    384.619    -0.9209  27.802870    -0.9190  27.803337     5.5125     5.6468    -0.0120    98.2251 1.0000e-12  -73.87576 -118.74382  50.736577      86.79 1.5982e+03    627.242      15055  1029.3214  1029.3200     4.6596     0.0673     0.1204    34.1524    34.1508    8.25577         25 0.0000e+00
    390.000    385.605    -0.9206  27.803581    -0.9188  27.803776     5.4789     5.6518    -0.0147    98.2354 1.0000e-12  -73.87574 -118.74382  50.736589      99.67 1.5974e+03    628.291      15080  1029.3262  1029.3248     4.6602     0.0707     0.1209    34.1524    34.1507    8.25571         26 0.0000e+00
    391.000    386.593    -0.9204  27.804145    -0.9185  27.804617     5.5803     5.6531    -0.0105    98.2288 1.0000e-12  -73.87574 -118.74382  50.736602      99.93 1.5982e+03    629.389      15106  1029.3309  1029.3297     4.6598     0.0707     0.1198    34.1523    34.1508    8.25566         26 0.0000e+00
    392.000    387.581    -0.9185  27.806524    -0.9174  27.806209     5.3923     5.6511    -0.0074    98.2361 1.0000e-12  -73.87574 -118.74382  50.736614      99.93 1.5985e+03    630.448      15132  1029.3360  1029.3346     4.6602     0.0696     0.1191    34.1527    34.1511    8.25521         24 0.0000e+00
    393.000    388.570    -0.9183  27.807104    -0.9166  27.807321     5.4611     5.6416    -0.0045    98.2363 1.0000e-12  -73.87574 -118.74382  50.736626      99.93 1.5990e+03    631.463      15156  1029.3407  1029.3394     4.6602     0.0695     0.1213    34.1527    34.1511    8.25517         25 0.0000e+00
    394.000    389.556    -0.9172  27.808591    -0.9153  27.809026     5.4791     5.6386    -0.0026    98.2312 1.0000e-12  -73.87574 -118.74382  50.736637      99.94 1.5976e+03    632.449      15180  1029.3456  1029.3443     4.6599     0.0708     0.1201    34.1529    34.1514    8.25493         23 0.0000e+00
    395.000    390.546    -0.9138  27.812420    -0.9102  27.814289     5.4744     5.6436    -0.0103    98.2267 1.0000e-12  -73.87574 -118.74382  50.736648      99.94 1.5966e+03    633.417      15203  1029.3508  1029.3493     4.6597     0.0697     0.1182    34.1537    34.1521    8.25414         23 0.0000e+00
    396.000    391.531    -0.9107  27.815709    -0.9092  27.815856     5.4759     5.6356    -0.0214    98.2253 1.0000e-12  -73.87574 -118.74382  50.736660      99.93 1.5979e+03    634.389      15226  1029.3556  1029.3544     4.6596     0.0704     0.1207    34.1540    34.1525    8.25344         24 0.0000e+00
    397.000    392.521    -0.9059  27.820749    -0.9025  27.822254     5.3895     5.6249    -0.0144    98.2332 1.0000e-12  -73.87574 -118.74382  50.736671      99.93 1.5985e+03    635.415      15251  1029.3607  1029.3590     4.6600     0.0702     0.1200    34.1548    34.1530    8.25234         25 0.0000e+00
    398.000    393.508    -0.8984  27.828474    -0.8958  27.829112     5.3621     5.6228    -0.0150    98.2264 1.0000e-12  -73.87574 -118.74382  50.736684      99.94 1.5980e+03    636.505      15277  1029.3661  1029.3643     4.6597     0.0695     0.1204    34.1562    34.1542    8.25062         27 0.0000e+00
    399.000    394.496    -0.8858  27.840613    -0.8813  27.843150     5.6217     5.6084    -0.0147    98.1857 1.0000e-12  -73.87574 -118.74382  50.736697      99.93 1.5966e+03    637.589      15303  1029.3713  1029.3696     4.6578     0.0691     0.1214    34.1578    34.1561    8.24776         25 0.0000e+00
    400.000    395.483    -0.8793  27.846872    -0.8783  27.846505     5.5048     5.6047    -0.0070    98.1661 1.0000e-12  -73.87574 -118.74382  50.736709      99.93 1.5964e+03    638.613      15328  1029.3761  1029.3747     4.6568     0.0696     0.1196    34.1584    34.1567    8.24631         24 0.0000e+00
    401.000    396.471    -0.8725  27.854421    -0.8720  27.853102     5.2535     5.6056    -0.0141    98.2445 1.0000e-12  -73.87574 -118.74382  50.736720      87.38 1.5977e+03    639.577      15351  1029.3819  1029.3801     4.6606     0.0701     0.1195    34.1602    34.1579    8.24470         22 0.0000e+00
    402.000    397.460    -0.8685  27.858345    -0.8658  27.859515     5.3719     5.6061    -0.0147    98.2322 1.0000e-12  -73.87574 -118.74382  50.736730      92.67 1.5987e+03    640.503      15373  1029.3867  1029.3853     4.6600     0.0700     0.1210    34.1604    34.1589    8.24382         23 0.0000e+00
    403.000    398.446    -0.8675  27.859913    -0.8680  27.858008     5.5307     5.5992    -0.0106    98.2244 1.0000e-12  -73.87574 -118.74382  50.736741      98.47 1.5985e+03    641.456      15396  1029.3917  1029.3902     4.6596     0.0692     0.1205    34.1608    34.1588    8.24358         23 0.0000e+00
    404.000    399.435    -0.8628  27.865127    -0.8581  27.867789     5.3788     5.5815    -0.0109    98.2260 1.0000e-12  -73.87574 -118.74382  50.736753      99.94 1.6000e+03    642.468      15420  1029.3971  1029.3955     4.6596     0.0718     0.1200    34.1619    34.1602    8.24247         25 0.0000e+00
    405.000    400.422    -0.8424  27.885795    -0.8408  27.884737     5.2504     5.5681    -0.0115    98.2043 1.0000e-12  -73.87574 -118.74382  50.736766      99.93 1.5977e+03    643.551      15446  1029.4040  1029.4013     4.6587     0.0728     0.1189    34.1662    34.1631    8.23777         27 0.0000e+00
    406.000    401.409    -0.8213  27.905666    -0.8203  27.904988     5.6920     5.5711    -0.0071    98.1284 1.0000e-12  -73.87574 -118.74382  50.736779      99.92 1.5970e+03    644.664      15473  1029.4092  1029.4075     4.6550     0.0712     0.1181    34.1687    34.1667    8.23302         26 0.0000e+00
    407.000    402.397    -0.8247  27.902707    -0.8227  27.903484     5.3134     5.5789    -0.0040    98.2061 1.0000e-12  -73.87574 -118.74382  50.736791      99.93 1.5973e+03    645.704      15498  1029.4139  1029.4127     4.6587     0.0707     0.1224    34.1680    34.1667    8.23380         24 0.0000e+00
    408.000    403.388    -0.8268  27.900952    -0.8260  27.900537     5.3648     5.5658    -0.0014    98.2366 1.0000e-12  -73.87575 -118.74382  50.736802      99.94 1.5985e+03    646.654      15521  1029.4185  1029.4172     4.6602     0.0704     0.1191    34.1674    34.1658    8.23430         22 0.0000e+00
    409.000    404.373    -0.8251  27.903971    -0.8232  27.903978     5.3467     5.5479    -0.0068    98.2376 1.0000e-12  -73.87575 -118.74382  50.736812      99.92 1.6002e+03    647.575      15543  1029.4245  1029.4226     4.6602     0.0705     0.1195    34.1689    34.1667    8.23383         22 0.0000e+00
    410.000    405.361    -0.7963  27.934066    -0.7877  27.939839     5.2383     5.5370    -0.0068    98.2230 1.0000e-12  -73.87575 -118.74382  50.736823      99.94 1.6003e+03    648.539      15566  1029.4332  1029.4310     4.6595     0.0719     0.1199    34.1765    34.1746    8.22712         25 0.0000e+00
    411.000    406.348    -0.7635  27.967618    -0.7591  27.969616     5.3575     5.5232     0.0099    98.2086 1.0000e-12  -73.87575 -118.74382  50.736836      99.92 1.5974e+03    649.608      15592  1029.4417  1029.4397     4.6588     0.0713     0.1194    34.1841    34.1819    8.21951         27 0.0000e+00
    412.000    407.337    -0.7482  27.982583    -0.7464  27.982553     5.4771     5.5212    -0.0057    98.2111 1.0000e-12  -73.87575 -118.74382  50.736850      99.93 1.5968e+03    650.811      15620  1029.4475  1029.4458     4.6589     0.0698     0.1196    34.1864    34.1844    8.21604         30 0.0000e+00
    413.000    408.323    -0.7414  27.990501    -0.7396  27.990270     5.2391     5.5155     0.0004    98.2053 1.0000e-12  -73.87575 -118.74382  50.736863      82.87 1.5973e+03    651.992      15649  1029.4541  1029.4521     4.6587     0.0708     0.1188    34.1888    34.1865    8.21442         25 0.0000e+00
    414.000    409.311    -0.7326  28.000553    -0.7307  28.000403     5.0866     5.5108     0.0006    98.2122 1.0000e-12  -73.87575 -118.74382  50.736875      80.37 1.5969e+03    652.969      15672  1029.4608  1029.4588     4.6590     0.0692     0.1185    34.1919    34.1896    8.21234         23 0.0000e+00
    415.000    410.299    -0.7152  28.018907    -0.7134  28.018464     5.5569     5.5023    -0.0066    98.2140 1.0000e-12  -73.87576 -118.74382  50.736887      92.75 1.5991e+03    653.999      15697  1029.4681  1029.4658     4.6591     0.0697     0.1203    34.1965    34.1937    8.20830         27 0.0000e+00
