ocean_section_plots/required_files/ctd/dnbp2202_ctd005.cnv
* Sea-Bird SBE 9 Data File:
* FileName = D:\Data\raw\NBP2202_CTD005.hex
* Software Version Seasave V 7.26.7.121
* Temperature SN = 1649
* Conductivity SN = 2513
* Number of Bytes Per Scan = 40
* Number of Voltage Words = 5
* Number of Scans Averaged by the Deck Unit = 1
* NMEA Latitude = 72 12.28 S
* NMEA Longitude = 117 41.64 W
* NMEA UTC (Time) = Jan 15 2022  12:56:01
* NMEA baud rate = 9600
** Ship: RVIB N.B. Palmer
** Cruise: NBP2202 Thwaites
** Station: #2
** Operator: B Bjork
# nquan = 25
# nvalues = 522                         
# units = specified
# name 0 = prDM: Pressure, Digiquartz [db]
# name 1 = depSM: Depth [salt water, m]
# name 2 = t090C: Temperature [ITS-90, deg C]
# name 3 = c0mS/cm: Conductivity [mS/cm]
# name 4 = t190C: Temperature, 2 [ITS-90, deg C]
# name 5 = c1mS/cm: Conductivity, 2 [mS/cm]
# name 6 = sbeox0ML/L: Oxygen, SBE 43 [ml/l]
# name 7 = sbeox1ML/L: Oxygen, SBE 43, 2 [ml/l]
# name 8 = flECO-AFL: Fluorescence, WET Labs ECO-AFL/FL [mg/m^3]
# name 9 = CStarTr0: Beam Transmission, WET Labs C-Star [%]
# name 10 = par: PAR/Irradiance, Biospherical/Licor
# name 11 = latitude: Latitude [deg]
# name 12 = longitude: Longitude [deg]
# name 13 = timeJ: Julian Days
# name 14 = altM: Altimeter [m]
# name 15 = spar: SPAR, Biospherical/Licor
# name 16 = timeS: Time, Elapsed [seconds]
# name 17 = scan: Scan Count
# name 18 = density00: Density [density, kg/m^3]
# name 19 = density11: Density, 2 [density, kg/m^3]
# name 20 = sal00: Salinity, Practical [PSU]
# name 21 = sal11: Salinity, Practical, 2 [PSU]
# name 22 = oxsolML/L: Oxygen Saturation, Garcia & Gordon [ml/l]
# name 23 = nbin: number of scans per bin
# name 24 = flag: flag
# span 0 =      2.000,    523.000       
# span 1 =      1.976,    516.983       
# span 2 =    -1.8013,     0.9269       
# span 3 =  26.896214,  29.816188       
# span 4 =    -1.8006,     0.9294       
# span 5 =  26.896326,  29.815624       
# span 6 =     4.5169,     9.3573       
# span 7 =     4.7046,     9.7903       
# span 8 =     0.0097,    22.6009       
# span 9 =    73.3200,    99.4497       
# span 10 = 1.0000e-12, 1.7988e+02      
# span 11 =  -72.20482,  -72.20480      
# span 12 = -117.69404, -117.69400      
# span 13 =  15.541442,  15.550800      
# span 14 =       4.07,      99.99      
# span 15 = 3.9842e+02, 1.0126e+03      
# span 16 =    219.600,   1028.097      
# span 17 =       5271,      24675      
# span 18 =  1026.9112,  1030.2448      
# span 19 =  1026.9111,  1030.2418      
# span 20 =    33.4735,    34.6637      
# span 21 =    33.4732,    34.6601      
# span 22 =    7.83887,    8.45508      
# span 23 =          5,         48      
# span 24 = 0.0000e+00, 0.0000e+00      
# interval = decibars: 1                
# start_time = Jan 15 2022 12:56:01 [NMEA time, header]
# bad_flag = -9.990e-29
*END*
      2.000      1.976    -0.6179  27.376853    -0.6189  27.375869     9.3453     9.6111    14.3815    73.3200 1.7988e+02  -72.20482 -117.69402  15.541442      67.03 4.0039e+02    219.600       5271  1026.9112  1026.9111    33.4735    33.4732    8.22904          5 0.0000e+00
      3.000      2.969    -0.6193  27.376624    -0.6195  27.376302     9.3465     9.5990    16.4083    75.4169 1.3408e+02  -72.20481 -117.69402  15.541555      97.68 3.9884e+02    229.324       5505  1026.9166  1026.9164    33.4740    33.4738    8.22929         27 0.0000e+00
      4.000      3.959    -0.6184  27.377561    -0.6174  27.378191     9.3447     9.5863    15.3917    75.4379 9.8615e+01  -72.20482 -117.69402  15.541600      99.78 3.9871e+02    233.248       5599  1026.9211  1026.9208    33.4737    33.4735    8.22912         36 0.0000e+00
      5.000      4.948    -0.6177  27.378761    -0.6180  27.378099     9.3375     9.5903    18.2398    75.5924 7.2772e+01  -72.20480 -117.69402  15.541625      99.90 3.9842e+02    235.393       5650  1026.9260  1026.9255    33.4739    33.4734    8.22895         33 0.0000e+00
      6.000      5.939    -0.6160  27.381759    -0.6159  27.381724     9.3399     9.6011    16.3685    74.7854 5.3854e+01  -72.20480 -117.69402  15.541648      99.90 3.9878e+02    237.417       5699  1026.9319  1026.9318    33.4755    33.4753    8.22850         41 0.0000e+00
      7.000      6.928    -0.6137  27.389279    -0.6134  27.389526     9.3335     9.6202    16.8945    75.9016 4.1069e+01  -72.20480 -117.69402  15.541677      99.80 3.9868e+02    239.863       5758  1026.9422  1026.9423    33.4824    33.4825    8.22759         45 0.0000e+00
      8.000      7.919    -0.6128  27.392062    -0.6130  27.391673     9.3252     9.6536    14.3578    75.4667 3.1739e+01  -72.20480 -117.69402  15.541701      99.80 3.9885e+02    241.931       5807  1026.9487  1026.9484    33.4846    33.4843    8.22727         36 0.0000e+00
      9.000      8.907    -0.6133  27.392542    -0.6133  27.392037     9.3302     9.6910    14.0191    75.3418 2.5024e+01  -72.20480 -117.69402  15.541723      99.71 3.9923e+02    243.868       5854  1026.9541  1026.9535    33.4852    33.4845    8.22735         41 0.0000e+00
     10.000      9.897    -0.6119  27.395559    -0.6128  27.394051     9.3532     9.7480    16.4727    75.2118 2.0032e+01  -72.20480 -117.69402  15.541749      99.95 3.9981e+02    246.091       5907  1026.9603  1026.9595    33.4871    33.4860    8.22693         37 0.0000e+00
     11.000     10.887    -0.6082  27.400288    -0.6080  27.399966     9.3573     9.7746    20.4823    75.2785 1.5847e+01  -72.20480 -117.69402  15.541775      99.98 4.0018e+02    248.352       5961  1026.9662  1026.9657    33.4888    33.4881    8.22603         41 0.0000e+00
     12.000     11.875    -0.6078  27.401060    -0.6076  27.400738     9.3544     9.7828    20.9343    74.6417 1.2549e+01  -72.20480 -117.69402  15.541797      99.98 4.0031e+02    250.239       6007  1026.9710  1026.9705    33.4888    33.4881    8.22595         37 0.0000e+00
     13.000     12.866    -0.6072  27.401941    -0.6072  27.401452     9.3526     9.7861    21.6081    74.9323 1.0063e+01  -72.20480 -117.69402  15.541818      99.98 4.0060e+02    252.056       6050  1026.9757  1026.9752    33.4886    33.4880    8.22581         44 0.0000e+00
     14.000     13.856    -0.6077  27.401798    -0.6079  27.401210     9.3470     9.7849    21.6804    75.0194 8.0905e+00  -72.20480 -117.69402  15.541845      99.97 4.0159e+02    254.386       6106  1026.9804  1026.9799    33.4884    33.4878    8.22595         43 0.0000e+00
     15.000     14.845    -0.6079  27.402243    -0.6077  27.401935     9.3499     9.7903    21.1935    75.0821 6.3932e+00  -72.20480 -117.69402  15.541870      99.97 4.0253e+02    256.530       6158  1026.9853  1026.9848    33.4886    33.4879    8.22597         35 0.0000e+00
     16.000     15.835    -0.6078  27.402619    -0.6082  27.401899     9.3472     9.7873    22.4635    74.1489 5.1007e+00  -72.20480 -117.69402  15.541889      99.97 4.0350e+02    258.175       6197  1026.9900  1026.9896    33.4884    33.4879    8.22597         38 0.0000e+00
     17.000     16.823    -0.6097  27.401363    -0.6095  27.401071     9.3457     9.7861    21.7785    75.0755 4.1593e+00  -72.20480 -117.69402  15.541912      99.97 4.0371e+02    260.182       6245  1026.9948  1026.9942    33.4882    33.4876    8.22638         43 0.0000e+00
     18.000     17.815    -0.6120  27.399965    -0.6127  27.399053     9.3461     9.7767    21.4849    74.4382 3.3539e+00  -72.20480 -117.69402  15.541940      99.98 4.0456e+02    262.587       6303  1026.9997  1026.9995    33.4882    33.4878    8.22688         43 0.0000e+00
     19.000     18.805    -0.6155  27.397715    -0.6145  27.397987     9.3495     9.7885    22.5800    75.1731 2.6636e+00  -72.20480 -117.69402  15.541961      99.97 4.0564e+02    264.406       6347  1027.0050  1027.0043    33.4885    33.4877    8.22764         38 0.0000e+00
     20.000     19.795    -0.6148  27.398611    -0.6135  27.399011     9.3376     9.7827    22.4331    74.7302 2.1724e+00  -72.20480 -117.69402  15.541981      99.97 4.0682e+02    266.118       6388  1027.0095  1027.0087    33.4883    33.4874    8.22749         34 0.0000e+00
     21.000     20.786    -0.6150  27.398908    -0.6177  27.396435     9.3472     9.7800    22.3571    74.7023 1.8006e+00  -72.20480 -117.69402  15.542006      99.97 4.0795e+02    268.321       6441  1027.0143  1027.0143    33.4884    33.4880    8.22754         29 0.0000e+00
     22.000     21.773    -0.6302  27.388027    -0.6310  27.386851     9.3528     9.7863    22.2899    74.8580 1.4602e+00  -72.20480 -117.69402  15.542032      99.98 4.1019e+02    270.557       6494  1027.0213  1027.0208    33.4899    33.4892    8.23075         45 0.0000e+00
     23.000     22.763    -0.6265  27.391404    -0.6258  27.391408     9.3557     9.7859    21.1876    75.7989 1.1738e+00  -72.20480 -117.69402  15.542052      99.98 4.1137e+02    272.280       6536  1027.0257  1027.0250    33.4898    33.4889    8.22996         39 0.0000e+00
     24.000     23.753    -0.6246  27.393548    -0.6247  27.392872     9.3453     9.7714    22.2406    74.7705 9.7208e-01  -72.20480 -117.69402  15.542072      99.98 4.1258e+02    274.039       6578  1027.0304  1027.0298    33.4899    33.4892    8.22954         42 0.0000e+00
     25.000     24.740    -0.6376  27.384386    -0.6375  27.383633     9.3278     9.7690    21.9753    74.8215 8.0741e-01  -72.20480 -117.69402  15.542100      99.97 4.1469e+02    276.394       6634  1027.0372  1027.0364    33.4914    33.4903    8.23229         34 0.0000e+00
     26.000     25.732    -0.6553  27.371841    -0.6518  27.373893     9.3094     9.7510    21.4101    74.6725 6.4448e-01  -72.20480 -117.69402  15.542123      99.98 4.1641e+02    278.407       6683  1027.0448  1027.0436    33.4935    33.4923    8.23602         41 0.0000e+00
     27.000     26.722    -0.6716  27.361476    -0.6687  27.363102     9.3015     9.7443    21.0157    74.5642 5.2659e-01  -72.20480 -117.69402  15.542142      99.98 4.1777e+02    280.052       6722  1027.0534  1027.0523    33.4970    33.4960    8.23938         38 0.0000e+00
     28.000     27.712    -0.6776  27.358067    -0.6789  27.356638     9.2991     9.7548    20.7346    75.3115 4.3488e-01  -72.20480 -117.69402  15.542166      99.97 4.1935e+02    282.160       6773  1027.0594  1027.0591    33.4984    33.4979    8.24060         46 0.0000e+00
     29.000     28.701    -0.6783  27.358287    -0.6762  27.358803     9.3222     9.7654    20.5956    74.5789 3.5100e-01  -72.20480 -117.69402  15.542192      99.98 4.2128e+02    284.344       6825  1027.0643  1027.0629    33.4988    33.4973    8.24072         46 0.0000e+00
     30.000     29.689    -0.6688  27.364218    -0.6705  27.362810     9.3184     9.7420    20.9244    74.6681 2.8269e-01  -72.20481 -117.69402  15.542212      99.98 4.2331e+02    286.130       6868  1027.0659  1027.0660    33.4957    33.4957    8.23884         41 0.0000e+00
     31.000     30.682    -0.6694  27.365205    -0.6708  27.364085     9.2870     9.7286    21.4159    75.0820 2.2851e-01  -72.20481 -117.69402  15.542235      99.97 4.2536e+02    288.080       6915  1027.0718  1027.0718    33.4971    33.4971    8.23889         36 0.0000e+00
     32.000     31.670    -0.7022  27.346944    -0.7046  27.345235     9.2565     9.7138    21.2562    75.1115 1.8184e-01  -72.20482 -117.69402  15.542259      99.98 4.2670e+02    290.141       6964  1027.0877  1027.0880    33.5083    33.5086    8.24541         36 0.0000e+00
     33.000     32.660    -0.7222  27.335011    -0.7030  27.346385     9.2255     9.6802    22.6009    75.5533 1.4199e-01  -72.20482 -117.69402  15.542280      99.98 4.2837e+02    292.029       7010  1027.0981  1027.0918    33.5138    33.5077    8.24947         38 0.0000e+00
     34.000     33.649    -0.7470  27.320500    -0.7369  27.327087     9.2072     9.6565    21.0066    75.6595 1.1045e-01  -72.20482 -117.69402  15.542303      99.99 4.3012e+02    293.951       7056  1027.1101  1027.1076    33.5210    33.5187    8.25446         43 0.0000e+00
     35.000     34.638    -0.7634  27.311199    -0.7626  27.311349     9.1747     9.6120    20.4451    76.5017 8.4516e-02  -72.20482 -117.69402  15.542326      99.98 4.3187e+02    295.932       7103  1027.1195  1027.1190    33.5261    33.5254    8.25776         44 0.0000e+00
     36.000     35.627    -0.7798  27.310989    -0.7779  27.311270     9.0952     9.5481    20.6767    75.2708 6.2459e-02  -72.20482 -117.69402  15.542349      99.97 4.3327e+02    297.927       7151  1027.1391  1027.1376    33.5434    33.5417    8.26034         41 0.0000e+00
     37.000     36.617    -0.8013  27.318622    -0.8017  27.318621     9.0692     9.5129    18.5679    76.9979 4.3541e-02  -72.20482 -117.69402  15.542371      99.98 4.3472e+02    299.886       7198  1027.1720  1027.1725    33.5771    33.5775    8.26309         37 0.0000e+00
     38.000     37.607    -0.8040  27.320342    -0.8024  27.319042     9.0602     9.5009    18.7235    77.1622 2.8618e-02  -72.20482 -117.69402  15.542392      99.99 4.3640e+02    301.688       7242  1027.1805  1027.1776    33.5818    33.5783    8.26342         33 0.0000e+00
     39.000     38.598    -0.8043  27.322256    -0.8045  27.322077     9.0213     9.4629    19.7930    77.5611 1.6707e-02  -72.20482 -117.69402  15.542414      99.97 4.3753e+02    303.611       7288  1027.1868  1027.1868    33.5841    33.5841    8.26334         38 0.0000e+00
     40.000     39.586    -0.8095  27.327244    -0.8085  27.326234     8.9050     9.3582    17.5966    76.5278 6.0191e-03  -72.20482 -117.69402  15.542438      99.97 4.3913e+02    305.666       7337  1027.2013  1027.1994    33.5961    33.5936    8.26379         40 0.0000e+00
     41.000     40.575    -0.7868  27.404350    -0.7812  27.410044     8.6996     9.1440    19.4433    76.4254 1.3697e-05  -72.20481 -117.69402  15.542459      99.98 4.3985e+02    307.448       7380  1027.2680  1027.2687    33.6745    33.6760    8.25424         38 0.0000e+00
     42.000     41.565    -0.6710  27.588124    -0.6713  27.588245     8.6458     9.0576    16.6148    77.4556 3.5218e-06  -72.20482 -117.69402  15.542478      99.96 4.4069e+02    309.141       7420  1027.3608  1027.3612    33.7929    33.7934    8.22208         40 0.0000e+00
     43.000     42.554    -0.6610  27.611993    -0.6611  27.614356     8.5936     8.9790    11.5377    80.1003 1.0000e-12  -72.20482 -117.69402  15.542503      99.89 4.4072e+02    311.249       7471  1027.3822  1027.3850    33.8133    33.8167    8.21870         39 0.0000e+00
     44.000     43.543    -0.7318  27.564215    -0.7366  27.561823     8.4706     8.8716    12.9520    82.2858 1.0000e-12  -72.20480 -117.69402  15.542527      99.55 4.4244e+02    313.352       7521  1027.4038  1027.4059    33.8275    33.8297    8.23332         37 0.0000e+00
     45.000     44.534    -0.8654  27.466759    -0.8671  27.465994     8.3946     8.8142    10.8518    82.7996 1.0000e-12  -72.20480 -117.69402  15.542545      99.34 4.4248e+02    314.889       7558  1027.4315  1027.4323    33.8448    33.8456    8.26156         36 0.0000e+00
     46.000     45.525    -0.9749  27.390604    -0.9825  27.378922     8.3573     8.7560    11.9224    83.2946 1.0000e-12  -72.20482 -117.69402  15.542566      99.46 4.4294e+02    316.666       7601  1027.4580  1027.4525    33.8639    33.8565    8.28453         40 0.0000e+00
     47.000     46.512    -1.0430  27.336693    -1.0510  27.330348     8.2317     8.6315    10.1916    85.1177 1.0000e-12  -72.20481 -117.69402  15.542595      99.47 4.4448e+02    319.172       7661  1027.4677  1027.4682    33.8665    33.8669    8.29941         38 0.0000e+00
     48.000     47.503    -1.1347  27.273467    -1.1359  27.273282     8.1172     8.5418     8.4182    85.3880 1.0000e-12  -72.20480 -117.69402  15.542615      99.43 4.4425e+02    320.908       7703  1027.4902  1027.4911    33.8831    33.8841    8.31877         35 0.0000e+00
     49.000     48.492    -1.1994  27.231821    -1.2001  27.231500     8.0830     8.4965     8.5752    85.1196 1.0000e-12  -72.20482 -117.69402  15.542632      99.48 4.4425e+02    322.422       7739  1027.5103  1027.5106    33.8986    33.8990    8.33225         40 0.0000e+00
     50.000     49.481    -1.2223  27.217380    -1.2249  27.215749     8.0633     8.4529     8.2170    86.1532 1.0000e-12  -72.20481 -117.69402  15.542657      99.39 4.4425e+02    324.552       7790  1027.5191  1027.5198    33.9042    33.9048    8.33703         29 0.0000e+00
     51.000     50.471    -1.2543  27.199514    -1.2538  27.199662     8.0151     8.3867     8.6476    87.9373 1.0000e-12  -72.20480 -117.69402  15.542682      99.43 4.4425e+02    326.719       7842  1027.5334  1027.5330    33.9153    33.9149    8.34351         39 0.0000e+00
     52.000     51.461    -1.2816  27.183678    -1.2821  27.183375     7.9635     8.3434     6.3934    88.9013 1.0000e-12  -72.20481 -117.69402  15.542702      99.47 4.4425e+02    328.469       7884  1027.5457  1027.5458    33.9238    33.9241    8.34910         41 0.0000e+00
     53.000     52.450    -1.3051  27.168903    -1.3064  27.168152     7.9205     8.2943     7.8325    89.5315 1.0000e-12  -72.20480 -117.69402  15.542725      99.55 4.4425e+02    330.411       7931  1027.5554  1027.5558    33.9296    33.9300    8.35402         38 0.0000e+00
     54.000     53.439    -1.3080  27.174545    -1.3078  27.174598     7.8733     8.2414     8.4891    88.8212 1.0000e-12  -72.20480 -117.69402  15.542747      99.53 4.4425e+02    332.352       7977  1027.5678  1027.5676    33.9401    33.9399    8.35406         37 0.0000e+00
     55.000     54.429    -1.3167  27.176971    -1.3171  27.176749     7.8357     8.2004     7.7384    88.9756 1.0000e-12  -72.20480 -117.69402  15.542769      99.53 4.4425e+02    334.273       8024  1027.5826  1027.5828    33.9526    33.9528    8.35525         42 0.0000e+00
     56.000     55.419    -1.3300  27.170427    -1.3300  27.170308     7.8181     8.1765     7.9954    88.1315 1.0000e-12  -72.20480 -117.69402  15.542793      99.51 4.4425e+02    336.306       8072  1027.5919  1027.5919    33.9581    33.9580    8.35790         44 0.0000e+00
     57.000     56.408    -1.3355  27.167803    -1.3357  27.167502     7.7902     8.1380     7.1506    89.4107 1.0000e-12  -72.20480 -117.69402  15.542815      99.58 4.4396e+02    338.206       8118  1027.5983  1027.5981    33.9602    33.9600    8.35902         43 0.0000e+00
     58.000     57.398    -1.3484  27.161696    -1.3493  27.161151     7.7437     8.1021     8.3185    88.1813 1.0000e-12  -72.20480 -117.69402  15.542837      99.50 4.4337e+02    340.080       8163  1027.6079  1027.6082    33.9657    33.9661    8.36157         40 0.0000e+00
