ocean_section_plots/required_files/ctd/dnbp2202_ctd056.cnv
* Sea-Bird SBE 9 Data File:
* FileName = D:\Data\raw\NBP2202_CTD056.hex
* Software Version Seasave V 7.26.7.121
* Temperature SN = 1649
* Conductivity SN = 2513
* Number of Bytes Per Scan = 40
* Number of Voltage Words = 5
* Number of Scans Averaged by the Deck Unit = 1
* NMEA Latitude = 74 14.10 S
* NMEA Longitude = 112 19.83 W
* NMEA UTC (Time) = Jan 24 2022  14:51:27
* NMEA baud rate = 9600
** Ship: RVIB N.B. Palmer
** Cruise: NBP2202 Thwaites
** Station: Section Dotson C
** Operator: B Bjork
# nquan = 25
# nvalues = 1089                        
# units = specified
# name 0 = prDM: Pressure, Digiquartz [db]
# name 1 = depSM: Depth [salt water, m]
# name 2 = t090C: Temperature [ITS-90, deg C]
# name 3 = c0mS/cm: Conductivity [mS/cm]
# name 4 = t190C: Temperature, 2 [ITS-90, deg C]
# name 5 = c1mS/cm: Conductivity, 2 [mS/cm]
# name 6 = sbeox0ML/L: Oxygen, SBE 43 [ml/l]
# name 7 = sbeox1ML/L: Oxygen, SBE 43, 2 [ml/l]
# name 8 = flECO-AFL: Fluorescence, WET Labs ECO-AFL/FL [mg/m^3]
# name 9 = CStarTr0: Beam Transmission, WET Labs C-Star [%]
# name 10 = par: PAR/Irradiance, Biospherical/Licor
# name 11 = latitude: Latitude [deg]
# name 12 = longitude: Longitude [deg]
# name 13 = timeJ: Julian Days
# name 14 = altM: Altimeter [m]
# name 15 = spar: SPAR, Biospherical/Licor
# name 16 = timeS: Time, Elapsed [seconds]
# name 17 = scan: Scan Count
# name 18 = density00: Density [density, kg/m^3]
# name 19 = density11: Density, 2 [density, kg/m^3]
# name 20 = sal00: Salinity, Practical [PSU]
# name 21 = sal11: Salinity, Practical, 2 [PSU]
# name 22 = oxsolML/L: Oxygen Saturation, Garcia & Gordon [ml/l]
# name 23 = nbin: number of scans per bin
# name 24 = flag: flag
# span 0 =      1.000,   1089.000       
# span 1 =      1.035,   1074.910       
# span 2 =    -1.5003,     0.5272       
# span 3 =  27.093667,  29.634846       
# span 4 =    -1.5002,     0.5293       
# span 5 =  27.093922,  29.634702       
# span 6 =     4.5757,     8.3641       
# span 7 =     4.7582,     8.6034       
# span 8 =    -0.0132,    18.7031       
# span 9 =    71.8370,    97.0543       
# span 10 = 1.0000e-12, 5.3807e+02      
# span 11 =  -74.23512,  -74.23512      
# span 12 = -112.33052, -112.33048      
# span 13 =  24.621710,  24.639174      
# span 14 =       3.57,     100.17      
# span 15 = 1.0119e+03, 1.7047e+03      
# span 16 =    228.742,   1737.614      
# span 17 =       5491,      41704      
# span 18 =  1027.1723,  1032.8292      
# span 19 =  1027.1757,  1032.8270      
# span 20 =    33.7769,    34.5525      
# span 21 =    33.7822,    34.5498      
# span 22 =    7.92607,    8.39542      
# span 23 =          1,         49      
# span 24 = 0.0000e+00, 0.0000e+00      
# interval = decibars: 1                
# start_time = Jan 24 2022 14:51:27 [NMEA time, header]
# bad_flag = -9.990e-29
*END*
[from data line 116]
    117.000    115.756    -1.1613  27.232449    -1.1615  27.231636     7.6067     7.9923    12.5846    78.2034 1.0000e-12  -74.23512 -112.33050  24.624453      99.41 1.0439e+03    465.729      11178  1027.7596  1027.7589    33.8140    33.8131    8.32876         41 0.0000e+00
    118.000    116.744    -1.1591  27.236970    -1.1589  27.236531     7.6144     7.9891    12.3597    77.8130 1.0000e-12  -74.23512 -112.33050  24.624475      99.47 1.0468e+03    467.607      11224  1027.7668  1027.7662    33.8171    33.8163    8.32808         42 0.0000e+00
    119.000    117.734    -1.1424  27.255495    -1.1415  27.255249     7.6486     8.0276    13.0841    76.5062 1.0000e-12  -74.23512 -112.33050  24.624497      99.40 1.0495e+03    469.514      11269  1027.7753  1027.7742    33.8230    33.8217    8.32402         44 0.0000e+00
    120.000    118.723    -1.1178  27.281556    -1.1171  27.281325     7.6559     8.0250    12.7637    77.9246 1.0000e-12  -74.23512 -112.33049  24.624518      97.80 1.0523e+03    471.383      11314  1027.7845  1027.7837    33.8302    33.8292    8.31813         42 0.0000e+00
    121.000    119.713    -1.1089  27.292463    -1.1086  27.292036     7.6340     8.0178    13.3314    78.5788 1.0000e-12  -74.23512 -112.33049  24.624540      97.94 1.0548e+03    473.248      11359  1027.7925  1027.7918    33.8345    33.8336    8.31591         37 0.0000e+00
    122.000    120.702    -1.1097  27.293977    -1.1095  27.293478     7.5982     7.9852    14.2332    78.1072 1.0000e-12  -74.23512 -112.33049  24.624562      99.67 1.0576e+03    475.139      11404  1027.7995  1027.7988    33.8369    33.8360    8.31595         45 0.0000e+00
    123.000    121.689    -1.1140  27.293129    -1.1138  27.292533     7.5744     7.9590    14.7053    78.2195 1.0000e-12  -74.23512 -112.33049  24.624583      99.69 1.0610e+03    476.993      11449  1027.8072  1027.8064    33.8399    33.8389    8.31672         37 0.0000e+00
    124.000    122.679    -1.1173  27.291495    -1.1170  27.291143     7.4864     7.8742    15.3180    78.3868 1.0000e-12  -74.23512 -112.33049  24.624605      99.68 1.0639e+03    478.847      11493  1027.8130  1027.8124    33.8408    33.8400    8.31740         37 0.0000e+00
    125.000    123.669    -1.1485  27.268170    -1.1464  27.269406     7.3239     7.7080    14.5654    77.2644 1.0000e-12  -74.23512 -112.33050  24.624627      99.62 1.0681e+03    480.732      11539  1027.8221  1027.8214    33.8435    33.8428    8.32417         42 0.0000e+00
    126.000    124.658    -1.1933  27.234276    -1.1930  27.233960     7.1118     7.4931    13.7967    77.7580 1.0000e-12  -74.23512 -112.33050  24.624648      99.71 1.0719e+03    482.592      11583  1027.8325  1027.8319    33.8471    33.8463    8.33394         35 0.0000e+00
    127.000    125.649    -1.2469  27.198738    -1.2467  27.198598     6.7831     7.1906    11.4993    77.4047 1.0000e-12  -74.23512 -112.33050  24.624670      99.48 1.0764e+03    484.459      11628  1027.8494  1027.8490    33.8584    33.8579    8.34523         35 0.0000e+00
    128.000    126.636    -1.3183  27.158148    -1.3187  27.157860     6.5416     6.9488     9.8460    78.7650 1.0000e-12  -74.23512 -112.33050  24.624692      97.50 1.0809e+03    486.342      11673  1027.8779  1027.8780    33.8828    33.8829    8.35975         43 0.0000e+00
    129.000    127.625    -1.3552  27.141022    -1.3549  27.141019     6.4620     6.8439     6.5650    79.4245 1.0000e-12  -74.23512 -112.33050  24.624713      99.40 1.0860e+03    488.209      11718  1027.8984  1027.8981    33.9005    33.9002    8.36698         42 0.0000e+00
    130.000    128.613    -1.3677  27.135678    -1.3678  27.135328     6.4441     6.8049     5.0503    79.6308 1.0000e-12  -74.23512 -112.33050  24.624735      99.52 1.0915e+03    490.088      11763  1027.9081  1027.9078    33.9067    33.9064    8.36942         40 0.0000e+00
    131.000    129.602    -1.3763  27.132324    -1.3762  27.132075     6.4460     6.7829     4.1817    80.5783 1.0000e-12  -74.23512 -112.33050  24.624757      99.54 1.0966e+03    491.974      11808  1027.9162  1027.9158    33.9112    33.9108    8.37107         38 0.0000e+00
    132.000    130.591    -1.3808  27.131492    -1.3807  27.131167     6.4465     6.7627     3.5820    81.6633 1.0000e-12  -74.23512 -112.33050  24.624778      99.62 1.1014e+03    493.824      11853  1027.9234  1027.9229    33.9145    33.9140    8.37189         37 0.0000e+00
    133.000    131.580    -1.3849  27.130733    -1.3848  27.130403     6.4312     6.7476     3.1471    83.9957 1.0000e-12  -74.23512 -112.33050  24.624800      99.69 1.1062e+03    495.675      11897  1027.9304  1027.9298    33.9176    33.9169    8.37263         37 0.0000e+00
    134.000    132.570    -1.3888  27.130476    -1.3882  27.130263     6.4040     6.7190     2.7601    86.3096 1.0000e-12  -74.23512 -112.33050  24.624821      99.69 1.1108e+03    497.558      11942  1027.9377  1027.9369    33.9210    33.9200    8.37330         43 0.0000e+00
    135.000    133.558    -1.3962  27.129223    -1.3958  27.129008     6.3803     6.6920     2.8121    87.3276 1.0000e-12  -74.23512 -112.33050  24.624843      99.77 1.1151e+03    499.434      11987  1027.9475  1027.9470    33.9270    33.9263    8.37460         40 0.0000e+00
    136.000    134.548    -1.4034  27.128184    -1.4033  27.127855     6.3562     6.6626     2.3539    88.3338 1.0000e-12  -74.23512 -112.33050  24.624865      99.81 1.1200e+03    501.306      12032  1027.9574  1027.9570    33.9331    33.9326    8.37585         40 0.0000e+00
    137.000    135.537    -1.4104  27.127277    -1.4104  27.126824     6.3504     6.6546     2.0512    88.8592 1.0000e-12  -74.23512 -112.33050  24.624886      99.79 1.1261e+03    503.194      12078  1027.9673  1027.9669    33.9393    33.9387    8.37707         40 0.0000e+00
    138.000    136.526    -1.4130  27.126980    -1.4129  27.126609     6.3510     6.6551     1.7852    89.9062 1.0000e-12  -74.23512 -112.33049  24.624908      99.81 1.1335e+03    505.055      12122  1027.9736  1027.9731    33.9412    33.9406    8.37755         40 0.0000e+00
    139.000    137.515    -1.4143  27.126991    -1.4139  27.126762     6.3660     6.6606     1.6407    90.8157 1.0000e-12  -74.23512 -112.33049  24.624929      99.80 1.1418e+03    506.891      12166  1027.9789  1027.9783    33.9420    33.9413    8.37778         40 0.0000e+00
    140.000    138.503    -1.4170  27.125764    -1.4167  27.125510     6.3795     6.6748     1.6951    91.3128 1.0000e-12  -74.23512 -112.33049  24.624951      99.82 1.1524e+03    508.748      12211  1027.9844  1027.9838    33.9428    33.9420    8.37835         39 0.0000e+00
    141.000    139.493    -1.4224  27.123039    -1.4220  27.122766     6.3843     6.6774     1.6707    91.9685 1.0000e-12  -74.23512 -112.33049  24.624972      99.83 1.1656e+03    510.612      12256  1027.9908  1027.9901    33.9445    33.9437    8.37945         41 0.0000e+00
    142.000    140.482    -1.4221  27.124798    -1.4221  27.124250     6.3766     6.6782     1.4886    92.8661 1.0000e-12  -74.23512 -112.33049  24.624994      97.56 1.1817e+03    512.455      12300  1027.9966  1027.9961    33.9460    33.9453    8.37929         41 0.0000e+00
    143.000    141.472    -1.4221  27.125749    -1.4219  27.125295     6.3749     6.6819     1.4863    92.8997 1.0000e-12  -74.23512 -112.33049  24.625015      99.96 1.1997e+03    514.298      12344  1028.0018  1028.0012    33.9467    33.9459    8.37926         34 0.0000e+00
    144.000    142.460    -1.4247  27.124496    -1.4249  27.123824     6.3794     6.6763     1.5721    93.1673 1.0000e-12  -74.23512 -112.33049  24.625036      99.83 1.2211e+03    516.141      12388  1028.0072  1028.0066    33.9473    33.9466    8.37980         37 0.0000e+00
    145.000    143.449    -1.4257  27.124458    -1.4262  27.123618     6.4148     6.7085     1.4764    93.5786 1.0000e-12  -74.23512 -112.33048  24.625055      99.86 1.2419e+03    517.771      12428  1028.0124  1028.0119    33.9478    33.9471    8.38001         34 0.0000e+00
    146.000    144.437    -1.4386  27.114758    -1.4391  27.114320     6.4433     6.7295     1.3965    93.4730 1.0000e-12  -74.23512 -112.33049  24.625069      99.85 1.2587e+03    518.998      12457  1028.0185  1028.0185    33.9485    33.9484    8.38287         29 0.0000e+00
    147.000    145.426    -1.4498  27.107065    -1.4496  27.106916     6.4454     6.7398     1.2875    93.4471 1.0000e-12  -74.23512 -112.33050  24.625084      99.85 1.2776e+03    520.243      12487  1028.0251  1028.0247    33.9499    33.9494    8.38529         29 0.0000e+00
    148.000    146.415    -1.4550  27.103977    -1.4550  27.103588     6.4280     6.7249     1.2939    93.7737 1.0000e-12  -74.23512 -112.33050  24.625098      99.84 1.2970e+03    521.476      12516  1028.0309  1028.0305    33.9509    33.9504    8.38641         29 0.0000e+00
    149.000    147.405    -1.4605  27.101380    -1.4605  27.101002     6.4067     6.7138     1.4472    94.0845 1.0000e-12  -74.23512 -112.33050  24.625112      99.86 1.3151e+03    522.697      12546  1028.0376  1028.0372    33.9530    33.9525    8.38753         29 0.0000e+00
    150.000    148.394    -1.4667  27.099428    -1.4663  27.099156     6.3946     6.6969     1.4808    94.3685 1.0000e-12  -74.23512 -112.33050  24.625126      91.05 1.3338e+03    523.919      12575  1028.0456  1028.0450    33.9567    33.9559    8.38870         29 0.0000e+00
    151.000    149.381    -1.4696  27.098652    -1.4690  27.098531     6.3766     6.6837     1.3463    93.9320 1.0000e-12  -74.23512 -112.33050  24.625141      98.17 1.3539e+03    525.142      12604  1028.0518  1028.0511    33.9583    33.9575    8.38926         30 0.0000e+00
    152.000    150.371    -1.4678  27.100915    -1.4673  27.100539     6.3331     6.6403     0.8354    94.1266 1.0000e-12  -74.23512 -112.33050  24.625155      99.84 1.3746e+03    526.381      12634  1028.0567  1028.0558    33.9587    33.9577    8.38882         30 0.0000e+00
    153.000    151.360    -1.4557  27.112342    -1.4564  27.110878     6.2841     6.5924     0.8261    94.3720 1.0000e-12  -74.23512 -112.33050  24.625169      99.86 1.3947e+03    527.623      12664  1028.0618  1028.0608    33.9601    33.9590    8.38601         29 0.0000e+00
    154.000    152.349    -1.4422  27.124812    -1.4393  27.126314     6.2546     6.5619     0.8874    94.3924 1.0000e-12  -74.23512 -112.33050  24.625183      99.86 1.4133e+03    528.853      12693  1028.0668  1028.0656    33.9614    33.9602    8.38291         30 0.0000e+00
    155.000    153.337    -1.4352  27.131287    -1.4349  27.130904     6.2484     6.5528     0.9688    94.5227 1.0000e-12  -74.23512 -112.33050  24.625198      99.86 1.4312e+03    530.086      12723  1028.0714  1028.0707    33.9617    33.9608    8.38131         29 0.0000e+00
    156.000    154.326    -1.4340  27.133301    -1.4335  27.132951     6.2614     6.5590     0.7155    94.7753 1.0000e-12  -74.23512 -112.33050  24.625212      99.87 1.4486e+03    531.321      12753  1028.0768  1028.0759    33.9625    33.9614    8.38100         30 0.0000e+00
    157.000    155.316    -1.4363  27.132063    -1.4359  27.131878     6.2762     6.5720     0.5953    94.6204 1.0000e-12  -74.23512 -112.33050  24.625226      99.85 1.4647e+03    532.547      12782  1028.0820  1028.0814    33.9628    33.9621    8.38150         29 0.0000e+00
    158.000    156.304    -1.4411  27.128560    -1.4401  27.128754     6.2880     6.5786     0.5879    94.9006 1.0000e-12  -74.23512 -112.33050  24.625240      99.86 1.4778e+03    533.771      12812  1028.0872  1028.0864    33.9628    33.9619    8.38258         30 0.0000e+00
    159.000    157.294    -1.4433  27.127205    -1.4430  27.126832     6.2899     6.5877     0.8361    95.1121 1.0000e-12  -74.23512 -112.33050  24.625255      99.86 1.4904e+03    535.008      12841  1028.0921  1028.0914    33.9628    33.9620    8.38307         30 0.0000e+00
    160.000    158.282    -1.4438  27.127379    -1.4431  27.127264     6.2938     6.5821     1.2737    94.8543 1.0000e-12  -74.23512 -112.33050  24.625269      99.86 1.5017e+03    536.251      12871  1028.0971  1028.0963    33.9630    33.9620    8.38318         29 0.0000e+00
    161.000    159.271    -1.4444  27.127331    -1.4436  27.127342     6.3074     6.5989     0.5461    94.9547 1.0000e-12  -74.23512 -112.33050  24.625283      93.71 1.5128e+03    537.490      12901  1028.1020  1028.1011    33.9630    33.9620    8.38331         30 0.0000e+00
    162.000    160.260    -1.4472  27.125626    -1.4471  27.125103     6.3121     6.6063     0.6421    95.3859 1.0000e-12  -74.23512 -112.33050  24.625298      99.80 1.5230e+03    538.716      12930  1028.1070  1028.1064    33.9632    33.9624    8.38392         30 0.0000e+00
    163.000    161.249    -1.4519  27.122435    -1.4514  27.122235     6.3133     6.6191     0.6114    95.0858 1.0000e-12  -74.23512 -112.33050  24.625312      99.86 1.5330e+03    539.939      12960  1028.1124  1028.1117    33.9635    33.9627    8.38497         29 0.0000e+00
    164.000    162.237    -1.4549  27.120478    -1.4547  27.120037     6.3232     6.6223     0.6026    95.1821 1.0000e-12  -74.23512 -112.33050  24.625326      99.87 1.5442e+03    541.166      12989  1028.1174  1028.1168    33.9635    33.9628    8.38563         29 0.0000e+00
    165.000    163.227    -1.4563  27.119905    -1.4558  27.119659     6.3316     6.6304     0.7346    95.3668 1.0000e-12  -74.23512 -112.33050  24.625340      99.87 1.5555e+03    542.391      13018  1028.1224  1028.1217    33.9637    33.9629    8.38594         30 0.0000e+00
    166.000    164.215    -1.4593  27.117950    -1.4588  27.117762     6.3428     6.6415     0.6167    95.3887 1.0000e-12  -74.23512 -112.33050  24.625354      99.87 1.5675e+03    543.608      13048  1028.1274  1028.1267    33.9638    33.9630    8.38661         29 0.0000e+00
    167.000    165.205    -1.4614  27.116698    -1.4611  27.116352     6.3578     6.6503     0.6593    95.2228 1.0000e-12  -74.23512 -112.33050  24.625368      99.87 1.5798e+03    544.815      13077  1028.1323  1028.1316    33.9639    33.9631    8.38708         29 0.0000e+00
    168.000    166.193    -1.4673  27.112263    -1.4667  27.112195     6.3754     6.6688     0.6544    95.2325 1.0000e-12  -74.23512 -112.33050  24.625382      99.86 1.5942e+03    546.040      13106  1028.1374  1028.1368    33.9638    33.9631    8.38841         30 0.0000e+00
    169.000    167.182    -1.4711  27.109647    -1.4708  27.109297     6.3922     6.6855     0.8831    95.2116 1.0000e-12  -74.23512 -112.33050  24.625397      99.87 1.6098e+03    547.271      13135  1028.1425  1028.1418    33.9639    33.9632    8.38926         28 0.0000e+00
    170.000    168.171    -1.4808  27.102266    -1.4807  27.101778     6.3873     6.6852     0.6200    95.2338 1.0000e-12  -74.23512 -112.33050  24.625411      99.86 1.6257e+03    548.489      13165  1028.1479  1028.1473    33.9641    33.9634    8.39143         30 0.0000e+00
    171.000    169.159    -1.4800  27.104103    -1.4797  27.103558     6.3833     6.6850     0.6354    95.4978 1.0000e-12  -74.23512 -112.33050  24.625425      99.87 1.6415e+03    549.702      13194  1028.1534  1028.1525    33.9652    33.9641    8.39120         29 0.0000e+00
    172.000    170.149    -1.4818  27.103465    -1.4819  27.102863     6.4034     6.7052     0.6017    95.4273 1.0000e-12  -74.23512 -112.33050  24.625439      55.81 1.6545e+03    550.915      13223  1028.1587  1028.1581    33.9657    33.9650    8.39158         29 0.0000e+00
    173.000    171.137    -1.4879  27.099133    -1.4870  27.099375     6.4220     6.7135     0.6210    95.0219 1.0000e-12  -74.23512 -112.33048  24.625453      99.56 1.6639e+03    552.124      13252  1028.1641  1028.1634    33.9661    33.9653    8.39293         29 0.0000e+00
