ocean_section_plots/required_files/ctd/dnbp2202_ctd202.cnv
* Sea-Bird SBE 9 Data File:
* FileName = D:\Data\raw\NBP2202_CTD202.hex
* Software Version Seasave V 7.26.7.121
* Temperature SN = 1649
* Conductivity SN = 2513
* Number of Bytes Per Scan = 40
* Number of Voltage Words = 5
* Number of Scans Averaged by the Deck Unit = 1
* NMEA Latitude = 73 50.20 S
* NMEA Longitude = 112 59.69 W
* NMEA UTC (Time) = Feb 08 2022  19:18:46
* NMEA baud rate = 9600
** Ship: RVIB N.B. Palmer
** Cruise: NBP2202 Thwaites
** Station: 121
** Operator: A. Robinson
# nquan = 28
# nvalues = 803                         
# units = specified
# name 0 = prDM: Pressure, Digiquartz [db]
# name 1 = depSM: Depth [salt water, m]
# name 2 = t090C: Temperature [ITS-90, deg C]
# name 3 = c0mS/cm: Conductivity [mS/cm]
# name 4 = t190C: Temperature, 2 [ITS-90, deg C]
# name 5 = c1mS/cm: Conductivity, 2 [mS/cm]
# name 6 = sbeox0ML/L: Oxygen, SBE 43 [ml/l]
# name 7 = sbeox1ML/L: Oxygen, SBE 43, 2 [ml/l]
# name 8 = flECO-AFL: Fluorescence, WET Labs ECO-AFL/FL [mg/m^3]
# name 9 = CStarTr0: Beam Transmission, WET Labs C-Star [%]
# name 10 = par: PAR/Irradiance, Biospherical/Licor
# name 11 = latitude: Latitude [deg]
# name 12 = longitude: Longitude [deg]
# name 13 = timeJ: Julian Days
# name 14 = altM: Altimeter [m]
# name 15 = spar: SPAR, Biospherical/Licor
# name 16 = timeS: Time, Elapsed [seconds]
# name 17 = scan: Scan Count
# name 18 = density00: Density [density, kg/m^3]
# name 19 = density11: Density, 2 [density, kg/m^3]
# name 20 = v3: Voltage 3
# name 21 = v4: Voltage 4
# name 22 = v5: Voltage 5
# name 23 = sal00: Salinity, Practical [PSU]
# name 24 = sal11: Salinity, Practical, 2 [PSU]
# name 25 = oxsolML/L: Oxygen Saturation, Garcia & Gordon [ml/l]
# name 26 = nbin: number of scans per bin
# name 27 = flag: flag
# span 0 =      1.000,    803.000       
# span 1 =      1.025,    793.169       
# span 2 =    -1.5289,     0.5381       
# span 3 =  27.034097,  29.526635       
# span 4 =    -1.5287,     0.5396       
# span 5 =  27.033586,  29.525549       
# span 6 =     4.5606,     9.1161       
# span 7 =     4.6692,     9.3496       
# span 8 =    -0.0156,    27.2161       
# span 9 =    76.0162,    98.5777       
# span 10 = -1.155e-04, 1.8036e+02      
# span 11 =  -73.83678,  -73.83674      
# span 12 = -112.99500, -112.99492      
# span 13 =  39.807555,  39.819807      
# span 14 =     -13.94,     134.59      
# span 15 = 2.6599e+02, 2.8298e+02      
# span 16 =    246.680,   1305.326      
# span 17 =       5921,      31329      
# span 18 =  1027.1527,  1031.5034      
# span 19 =  1027.1534,  1031.5008      
# span 20 =     3.6065,     4.6763      
# span 21 =     0.0651,     4.0412      
# span 22 =     0.1145,     0.2618      
# span 23 =    33.7779,    34.5603      
# span 24 =    33.7787,    34.5572      
# span 25 =    7.92339,    8.40234      
# span 26 =          1,         51      
# span 27 = 0.0000e+00, 0.0000e+00      
# interval = decibars: 1                
# start_time = Feb 08 2022 19:18:46 [NMEA time, header]
# bad_flag = -9.990e-29
*END*
[from data line 518]
    519.000    512.994     0.1791  28.983865     0.1811  28.983790     4.6917     4.8140     0.0216    98.3299 1.0000e-12  -73.83676 -112.99496  39.815708      84.34 2.6856e+02    951.135      22828  1030.0828  1030.0807     4.6646     0.0709     0.1212    34.4153    34.4129    8.00558         29 0.0000e+00
    520.000    513.981     0.1792  28.984531     0.1814  28.984478     4.6856     4.8110     0.0216    98.3705 1.0000e-12  -73.83676 -112.99496  39.815721      97.02 2.6761e+02    952.322      22857  1030.0876  1030.0854     4.6665     0.0726     0.1224    34.4154    34.4129    8.00554         27 0.0000e+00
    521.000    514.968     0.1792  28.984958     0.1813  28.984839     4.6867     4.8148     0.0147    98.3767 1.0000e-12  -73.83676 -112.99496  39.815734      99.98 2.7008e+02    953.384      22882  1030.0923  1030.0902     4.6669     0.0737     0.1235    34.4154    34.4129    8.00554         24 0.0000e+00
    522.000    515.956     0.1800  28.986324     0.1821  28.986208     4.6915     4.8143     0.0143    98.3733 1.0000e-12  -73.83676 -112.99496  39.815745      99.89 2.6913e+02    954.360      22906  1030.0972  1030.0950     4.6667     0.0765     0.1241    34.4157    34.4131    8.00536         24 0.0000e+00
    523.000    516.943     0.1821  28.989233     0.1842  28.989048     4.6892     4.8076     0.0195    98.3632 1.0000e-12  -73.83676 -112.99496  39.815756      99.90 2.6784e+02    955.357      22930  1030.1024  1030.1002     4.6662     0.0726     0.1219    34.4165    34.4140    8.00486         25 0.0000e+00
    524.000    517.930     0.1865  28.994648     0.1889  28.994636     4.6867     4.8062     0.0161    98.3537 1.0000e-12  -73.83676 -112.99496  39.815771      99.89 2.6986e+02    956.591      22959  1030.1081  1030.1057     4.6657     0.0751     0.1221    34.4182    34.4155    8.00386         34 0.0000e+00
    525.000    518.917     0.1922  29.001239     0.1944  29.001193     4.6876     4.8055     0.0152    98.3423 1.0000e-12  -73.83676 -112.99496  39.815787      99.89 2.6913e+02    957.997      22993  1030.1136  1030.1114     4.6652     0.0724     0.1301    34.4199    34.4174    8.00258         31 0.0000e+00
    526.000    519.905     0.1932  29.002869     0.1953  29.002754     4.6898     4.8085     0.0208    98.3571 1.0000e-12  -73.83676 -112.99496  39.815800      99.90 2.6752e+02    959.141      23020  1030.1187  1030.1165     4.6659     0.0736     0.1228    34.4204    34.4179    8.00235         25 0.0000e+00
    527.000    520.890     0.1938  29.003978     0.1960  29.003866     4.6851     4.8054     0.0143    98.3722 1.0000e-12  -73.83676 -112.99496  39.815812      99.89 2.6910e+02    960.122      23044  1030.1235  1030.1213     4.6666     0.0740     0.1249    34.4206    34.4180    8.00222         23 0.0000e+00
    528.000    521.880     0.1960  29.006940     0.1980  29.006545     4.6843     4.7987     0.0143    98.3365 1.0000e-12  -73.83676 -112.99496  39.815823      99.89 2.6992e+02    961.117      23068  1030.1287  1030.1263     4.6649     0.0730     0.1226    34.4214    34.4186    8.00171         25 0.0000e+00
    529.000    522.865     0.1974  29.008859     0.1997  29.008698     4.6828     4.7992     0.0329    98.3867 1.0000e-12  -73.83676 -112.99496  39.815836      99.89 2.6768e+02    962.264      23095  1030.1336  1030.1313     4.6673     0.0727     0.1202    34.4217    34.4190    8.00139         30 0.0000e+00
    530.000    523.852     0.2002  29.012295     0.2024  29.012259     4.6791     4.8032     0.0074    98.3810 1.0000e-12  -73.83676 -112.99496  39.815851      97.13 2.6908e+02    963.523      23126  1030.1387  1030.1366     4.6670     0.0725     0.1206    34.4225    34.4201    8.00076         30 0.0000e+00
    531.000    524.840     0.2010  29.013638     0.2030  29.013468     4.6767     4.7982     0.0160    98.3543 1.0000e-12  -73.83676 -112.99496  39.815865      83.36 2.6928e+02    964.718      23154  1030.1437  1030.1415     4.6658     0.0716     0.1199    34.4228    34.4204    8.00058         28 0.0000e+00
    532.000    525.828     0.2025  29.015723     0.2047  29.015658     4.6732     4.7987     0.0167    98.3599 1.0000e-12  -73.83676 -112.99496  39.815878      97.74 2.6752e+02    965.866      23182  1030.1487  1030.1465     4.6660     0.0738     0.1228    34.4233    34.4208    8.00025         27 0.0000e+00
    533.000    526.814     0.2070  29.021255     0.2089  29.020839     4.6821     4.7968     0.0101    98.3620 1.0000e-12  -73.83676 -112.99496  39.815891      99.90 2.6966e+02    966.963      23208  1030.1543  1030.1521     4.6661     0.0729     0.1232    34.4250    34.4224    7.99922         25 0.0000e+00
    534.000    527.800     0.2088  29.023659     0.2108  29.023612     4.6815     4.7988     0.0201    98.3777 1.0000e-12  -73.83676 -112.99496  39.815903      99.89 2.6979e+02    967.986      23233  1030.1593  1030.1573     4.6669     0.0723     0.1213    34.4256    34.4232    7.99881         24 0.0000e+00
    535.000    528.789     0.2110  29.026759     0.2131  29.026682     4.6788     4.8014     0.0143    98.4081 1.0000e-12  -73.83676 -112.99496  39.815914      99.89 2.6756e+02    968.991      23257  1030.1647  1030.1626     4.6684     0.0760     0.1253    34.4266    34.4242    7.99829         25 0.0000e+00
    536.000    529.776     0.2124  29.028911     0.2146  29.028928     4.6781     4.7979     0.0143    98.3638 1.0000e-12  -73.83676 -112.99496  39.815927      99.89 2.6836e+02    970.126      23284  1030.1699  1030.1678     4.6662     0.0722     0.1196    34.4273    34.4248    7.99796         30 0.0000e+00
    537.000    530.762     0.2134  29.030401     0.2156  29.030377     4.6785     4.7940     0.0114    98.3683 1.0000e-12  -73.83676 -112.99496  39.815942      99.89 2.6995e+02    971.419      23315  1030.1748  1030.1726     4.6664     0.0732     0.1216    34.4275    34.4251    7.99775         31 0.0000e+00
    538.000    531.749     0.2149  29.032621     0.2171  29.032636     4.6750     4.7914     0.0129    98.3580 1.0000e-12  -73.83676 -112.99496  39.815956      99.90 2.6704e+02    972.628      23344  1030.1799  1030.1777     4.6659     0.0712     0.1219    34.4282    34.4257    7.99740         27 0.0000e+00
    539.000    532.737     0.2174  29.035757     0.2193  29.035552     4.6756     4.7954     0.0215    98.4082 1.0000e-12  -73.83676 -112.99496  39.815968      99.89 2.6839e+02    973.676      23369  1030.1850  1030.1829     4.6683     0.0746     0.1229    34.4289    34.4265    7.99684         24 0.0000e+00
    540.000    533.725     0.2186  29.037539     0.2207  29.037533     4.6807     4.7951     0.0165    98.4150 1.0000e-12  -73.83676 -112.99496  39.815980      99.89 2.7056e+02    974.667      23393  1030.1900  1030.1879     4.6687     0.0731     0.1221    34.4293    34.4270    7.99656         24 0.0000e+00
    541.000    534.710     0.2187  29.038044     0.2207  29.037996     4.6759     4.7924     0.0088    98.3955 1.0000e-12  -73.83676 -112.99496  39.815992      99.89 2.6775e+02    975.709      23418  1030.1947  1030.1927     4.6677     0.0723     0.1215    34.4293    34.4270    7.99655         26 0.0000e+00
    542.000    535.697     0.2193  29.039193     0.2213  29.038931     4.6756     4.7904     0.0143    98.4143 1.0000e-12  -73.83676 -112.99496  39.816006      79.41 2.6774e+02    976.931      23447  1030.1996  1030.1974     4.6686     0.0719     0.1207    34.4296    34.4269    7.99641         32 0.0000e+00
    543.000    536.686     0.2199  29.040161     0.2218  29.040086     4.6751     4.7899     0.0140    98.4110 1.0000e-12  -73.83676 -112.99496  39.816022      91.83 2.7031e+02    978.260      23479  1030.2042  1030.2023     4.6684     0.0717     0.1225    34.4295    34.4273    7.99627         30 0.0000e+00
    544.000    537.672     0.2200  29.040948     0.2222  29.040963     4.6760     4.7952     0.0186    98.4349 1.0000e-12  -73.83676 -112.99496  39.816034      98.12 2.6694e+02    979.376      23506  1030.2092  1030.2072     4.6696     0.0735     0.1287    34.4299    34.4275    7.99623         24 0.0000e+00
    545.000    538.660     0.2214  29.042902     0.2233  29.042596     4.6736     4.7940     0.0136    98.4134 1.0000e-12  -73.83676 -112.99496  39.816046      99.91 2.6789e+02    980.343      23529  1030.2142  1030.2121     4.6686     0.0725     0.1238    34.4303    34.4278    7.99593         23 0.0000e+00
    546.000    539.646     0.2227  29.044829     0.2249  29.044958     4.6734     4.7947     0.0125    98.4269 1.0000e-12  -73.83676 -112.99496  39.816057      99.89 2.7000e+02    981.332      23553  1030.2192  1030.2172     4.6692     0.0702     0.1193    34.4308    34.4285    7.99562         25 0.0000e+00
    547.000    540.634     0.2234  29.046229     0.2257  29.046217     4.6751     4.7920     0.0145    98.3973 1.0000e-12  -73.83676 -112.99496  39.816071      99.89 2.6795e+02    982.504      23581  1030.2242  1030.2220     4.6678     0.0723     0.1182    34.4312    34.4287    7.99545         31 0.0000e+00
    548.000    541.620     0.2252  29.048712     0.2274  29.048681     4.6691     4.7914     0.0129    98.3677 1.0000e-12  -73.83676 -112.99496  39.816086      99.89 2.6772e+02    983.793      23612  1030.2293  1030.2272     4.6664     0.0771     0.1210    34.4319    34.4295    7.99504         30 0.0000e+00
    549.000    542.608     0.2265  29.050721     0.2286  29.050607     4.6672     4.7965     0.0143    98.4127 1.0000e-12  -73.83676 -112.99496  39.816099      99.89 2.7072e+02    984.922      23639  1030.2344  1030.2323     4.6685     0.0743     0.1215    34.4325    34.4301    7.99473         25 0.0000e+00
    550.000    543.594     0.2272  29.051807     0.2293  29.051832     4.6699     4.7873     0.0143    98.3957 1.0000e-12  -73.83676 -112.99496  39.816110      99.89 2.6795e+02    985.919      23663  1030.2392  1030.2371     4.6678     0.0756     0.1284    34.4326    34.4303    7.99459         23 0.0000e+00
    551.000    544.582     0.2280  29.053225     0.2302  29.053153     4.6713     4.7876     0.0143    98.4158 1.0000e-12  -73.83676 -112.99496  39.816122      99.89 2.6668e+02    986.934      23687  1030.2441  1030.2419     4.6687     0.0729     0.1201    34.4330    34.4305    7.99440         26 0.0000e+00
    552.000    545.569     0.2292  29.054839     0.2312  29.054826     4.6724     4.7902     0.0084    98.4338 1.0000e-12  -73.83676 -112.99496  39.816135      99.89 2.6839e+02    988.090      23715  1030.2489  1030.2469     4.6695     0.0748     0.1223    34.4332    34.4309    7.99415         29 0.0000e+00
    553.000    546.556     0.2302  29.056569     0.2323  29.056544     4.6740     4.7897     0.0085    98.4121 1.0000e-12  -73.83676 -112.99496  39.816149      99.89 2.6777e+02    989.307      23744  1030.2539  1030.2519     4.6685     0.0743     0.1208    34.4337    34.4314    7.99390         29 0.0000e+00
    554.000    547.542     0.2326  29.059949     0.2347  29.059740     4.6739     4.7836     0.0089    98.4287 1.0000e-12  -73.83676 -112.99496  39.816162      81.12 2.6648e+02    990.432      23771  1030.2594  1030.2572     4.6693     0.0710     0.1208    34.4349    34.4323    7.99334         26 0.0000e+00
    555.000    548.530     0.2340  29.061892     0.2360  29.061752     4.6741     4.7893     0.0168    98.4187 1.0000e-12  -73.83676 -112.99496  39.816175      88.73 2.6774e+02    991.492      23797  1030.2644  1030.2622     4.6688     0.0730     0.1234    34.4354    34.4329    7.99303         25 0.0000e+00
    556.000    549.517     0.2347  29.063312     0.2368  29.063238     4.6703     4.7854     0.0421    98.4228 1.0000e-12  -73.83676 -112.99496  39.816187      99.86 2.6870e+02    992.560      23822  1030.2694  1030.2673     4.6690     0.0735     0.1209    34.4358    34.4334    7.99285         26 0.0000e+00
    557.000    550.504     0.2361  29.065140     0.2381  29.065102     4.6684     4.7868     0.0268    98.4359 1.0000e-12  -73.83676 -112.99496  39.816200      99.90 2.6639e+02    993.689      23850  1030.2742  1030.2722     4.6696     0.0723     0.1182    34.4361    34.4338    7.99255         28 0.0000e+00
    558.000    551.491     0.2367  29.066310     0.2388  29.066251     4.6716     4.7871     0.0087    98.4414 1.0000e-12  -73.83676 -112.99496  39.816214      99.88 2.6815e+02    994.855      23878  1030.2791  1030.2770     4.6699     0.0734     0.1217    34.4364    34.4339    7.99241         28 0.0000e+00
    559.000    552.478     0.2367  29.066873     0.2388  29.066752     4.6743     4.7898     0.0126    98.4515 1.0000e-12  -73.83676 -112.99496  39.816227      99.88 2.6877e+02    995.973      23904  1030.2840  1030.2818     4.6704     0.0724     0.1202    34.4365    34.4340    7.99239         26 0.0000e+00
    560.000    553.463     0.2376  29.068220     0.2396  29.068011     4.6713     4.7898     0.0143    98.4470 1.0000e-12  -73.83676 -112.99496  39.816239      99.89 2.6674e+02    997.085      23931  1030.2888  1030.2867     4.6701     0.0735     0.1233    34.4367    34.4342    7.99221         28 0.0000e+00
    561.000    554.452     0.2397  29.071009     0.2419  29.071039     4.6684     4.7903     0.0205    98.3980 1.0000e-12  -73.83676 -112.99496  39.816253      99.89 2.6829e+02    998.253      23959  1030.2939  1030.2918     4.6679     0.0737     0.1205    34.4375    34.4351    7.99173         27 0.0000e+00
    562.000    555.438     0.2401  29.071918     0.2420  29.071821     4.6726     4.7912     0.0346    98.4357 1.0000e-12  -73.83676 -112.99496  39.816266      99.89 2.6941e+02    999.382      23986  1030.2987  1030.2967     4.6696     0.0734     0.1224    34.4376    34.4353    7.99164         26 0.0000e+00
    563.000    556.426     0.2400  29.072367     0.2420  29.072243     4.6690     4.7815     0.0174    98.4351 1.0000e-12  -73.83676 -112.99496  39.816278      99.89 2.6618e+02   1000.423      24011  1030.3036  1030.3014     4.6696     0.0748     0.1220    34.4377    34.4353    7.99165         25 0.0000e+00
    564.000    557.413     0.2405  29.073329     0.2425  29.073206     4.6688     4.7818     0.0143    98.4377 1.0000e-12  -73.83676 -112.99496  39.816290      99.88 2.6777e+02   1001.485      24037  1030.3083  1030.3063     4.6697     0.0731     0.1212    34.4379    34.4355    7.99154         26 0.0000e+00
    565.000    558.399     0.2409  29.074164     0.2430  29.074170     4.6697     4.7842     0.0076    98.4381 1.0000e-12  -73.83676 -112.99497  39.816304      99.89 2.6967e+02   1002.668      24065  1030.3130  1030.3110     4.6697     0.0731     0.1201    34.4379    34.4355    7.99145         31 0.0000e+00
    566.000    559.387     0.2415  29.075284     0.2436  29.075200     4.6653     4.7859    -0.0001    98.4322 1.0000e-12  -73.83676 -112.99497  39.816318      88.65 2.6620e+02   1003.897      24095  1030.3179  1030.3157     4.6695     0.0716     0.1212    34.4381    34.4356    7.99131         28 0.0000e+00
    567.000    560.374     0.2429  29.077483     0.2451  29.077445     4.6684     4.7843     0.0067    98.3700 1.0000e-12  -73.83676 -112.99497  39.816331     100.07 2.6749e+02   1005.023      24122  1030.3230  1030.3209     4.6665     0.0738     0.1224    34.4388    34.4364    7.99097         25 0.0000e+00
    568.000    561.361     0.2446  29.079674     0.2466  29.079632     4.6652     4.7847     0.0069    98.4223 1.0000e-12  -73.83676 -112.99496  39.816343      99.89 2.6996e+02   1006.053      24146  1030.3280  1030.3259     4.6690     0.0730     0.1191    34.4393    34.4369    7.99061         25 0.0000e+00
    569.000    562.348     0.2452  29.080818     0.2473  29.080789     4.6654     4.7757     0.0136    98.4391 1.0000e-12  -73.83676 -112.99498  39.816355      99.89 2.6728e+02   1007.074      24171  1030.3328  1030.3307     4.6698     0.0724     0.1218    34.4395    34.4371    7.99047         25 0.0000e+00
