ocean_section_plots/required_files/ctd/dnbp2202_ctd257.cnv
* Sea-Bird SBE 9 Data File:
* FileName = D:\Data\raw\NBP2202_CTD257.hex
* Software Version Seasave V 7.26.7.121
* Temperature SN = 1649
* Conductivity SN = 2513
* Number of Bytes Per Scan = 40
* Number of Voltage Words = 5
* Number of Scans Averaged by the Deck Unit = 1
* NMEA Latitude = 74 03.21 S
* NMEA Longitude = 117 33.45 W
* NMEA UTC (Time) = Feb 15 2022  21:23:53
* NMEA baud rate = 9600
** Ship: RVIB N.B. Palmer
** Cruise: NBP2202 Thwaites
** Station: 165
** Operator: A. Robinson
# nquan = 28
# nvalues = 313                         
# units = specified
# name 0 = prDM: Pressure, Digiquartz [db]
# name 1 = depSM: Depth [salt water, m]
# name 2 = t090C: Temperature [ITS-90, deg C]
# name 3 = c0mS/cm: Conductivity [mS/cm]
# name 4 = t190C: Temperature, 2 [ITS-90, deg C]
# name 5 = c1mS/cm: Conductivity, 2 [mS/cm]
# name 6 = sbeox0ML/L: Oxygen, SBE 43 [ml/l]
# name 7 = sbeox1ML/L: Oxygen, SBE 43, 2 [ml/l]
# name 8 = flECO-AFL: Fluorescence, WET Labs ECO-AFL/FL [mg/m^3]
# name 9 = CStarTr0: Beam Transmission, WET Labs C-Star [%]
# name 10 = par: PAR/Irradiance, Biospherical/Licor
# name 11 = latitude: Latitude [deg]
# name 12 = longitude: Longitude [deg]
# name 13 = timeJ: Julian Days
# name 14 = altM: Altimeter [m]
# name 15 = spar: SPAR, Biospherical/Licor
# name 16 = timeS: Time, Elapsed [seconds]
# name 17 = scan: Scan Count
# name 18 = density00: Density [density, kg/m^3]
# name 19 = density11: Density, 2 [density, kg/m^3]
# name 20 = v3: Voltage 3
# name 21 = v4: Voltage 4
# name 22 = v5: Voltage 5
# name 23 = sal00: Salinity, Practical [PSU]
# name 24 = sal11: Salinity, Practical, 2 [PSU]
# name 25 = oxsolML/L: Oxygen Saturation, Garcia & Gordon [ml/l]
# name 26 = nbin: number of scans per bin
# name 27 = flag: flag
# span 0 =      2.000,    314.000       
# span 1 =      1.978,    310.519       
# span 2 =    -1.7318,    -0.2076       
# span 3 =  27.041470,  28.037018       
# span 4 =    -1.7310,    -0.2067       
# span 5 =  27.041229,  28.036880       
# span 6 =     6.3786,     9.0254       
# span 7 =     6.5389,     9.2427       
# span 8 =     0.3964,    13.4819       
# span 9 =    84.2225,    94.5391       
# span 10 = 1.0000e-12, 3.4723e+02      
# span 11 =  -74.05366,  -74.05366      
# span 12 = -117.55756, -117.55752      
# span 13 =  46.894041,  46.898939      
# span 14 =       4.37,     100.02      
# span 15 = 7.3865e+02, 7.4570e+02      
# span 16 =    212.119,    635.363      
# span 17 =       5092,      15250      
# span 18 =  1027.1766,  1028.9503      
# span 19 =  1027.1781,  1028.9488      
# span 20 =     3.9956,     4.4848      
# span 21 =     0.1165,     1.8564      
# span 22 =     0.1281,     0.2103      
# span 23 =    33.8219,    34.0917      
# span 24 =    33.8236,    34.0899      
# span 25 =    8.11948,    8.44074      
# span 26 =         20,         47      
# span 27 = 0.0000e+00, 0.0000e+00      
# interval = decibars: 1                
# start_time = Feb 15 2022 21:23:53 [NMEA time, header]
# bad_flag = -9.990e-29
*END*
      2.000      1.978    -0.2425  27.947640    -0.2434  27.948201     9.0210     8.6947     8.2446    86.8748 3.4723e+02  -74.05366 -117.55752  46.894041      93.11 7.4570e+02    212.119       5092  1027.1766  1027.1781     4.1197     1.1328     0.1708    33.8220    33.8238    8.12801         20 0.0000e+00
      3.000      2.968    -0.2459  27.945203    -0.2459  27.946455     9.0254     8.6912     6.1094    86.5966 2.8142e+02  -74.05366 -117.55752  46.894064      99.54 7.4570e+02    214.111       5140  1027.1816  1027.1829     4.1081     1.0442     0.1808    33.8219    33.8236    8.12875         40 0.0000e+00
      4.000      3.960    -0.2411  27.951679    -0.2416  27.952024     9.0225     8.7346     6.0473    86.9840 2.2116e+02  -74.05366 -117.55752  46.894091      99.76 7.4570e+02    216.498       5197  1027.1881  1027.1890     4.1271     1.3867     0.1829    33.8246    33.8257    8.12757         38 0.0000e+00
      5.000      4.948    -0.2399  27.953762    -0.2420  27.952344     9.0228     8.8131     6.2652    86.7633 1.7709e+02  -74.05366 -117.55752  46.894116      99.66 7.4570e+02    218.618       5248  1027.1936  1027.1940     4.1162     1.0108     0.1698    33.8255    33.8259    8.12727         42 0.0000e+00
      6.000      5.939    -0.2393  27.954830    -0.2403  27.954586     9.0132     8.9128     5.4147    86.5215 1.4052e+02  -74.05366 -117.55752  46.894143      99.61 7.4570e+02    220.913       5303  1027.1984  1027.1991     4.1047     1.1229     0.1736    33.8256    33.8264    8.12713         46 0.0000e+00
      7.000      6.929    -0.2404  27.954260    -0.2411  27.954237     9.0136     8.9632     8.3577    86.1590 1.1449e+02  -74.05366 -117.55752  46.894167      99.73 7.4570e+02    223.040       5354  1027.2032  1027.2038     4.0876     0.8674     0.1766    33.8254    33.8262    8.12737         39 0.0000e+00
      8.000      7.917    -0.2402  27.955044    -0.2411  27.954850     9.0150     9.0434     6.9985    87.1215 9.3158e+01  -74.05366 -117.55752  46.894191      99.11 7.4553e+02    225.093       5403  1027.2081  1027.2087     4.1331     1.4013     0.1653    33.8257    33.8264    8.12732         47 0.0000e+00
      9.000      8.907    -0.2401  27.955533    -0.2407  27.955569     9.0149     9.1135     7.3738    88.1118 7.6656e+01  -74.05366 -117.55752  46.894218      99.61 7.4514e+02    227.401       5459  1027.2129  1027.2134     4.1802     1.1683     0.1758    33.8256    33.8263    8.12730         41 0.0000e+00
     10.000      9.896    -0.2400  27.956107    -0.2408  27.955979     9.0060     9.1483     7.2693    86.2014 6.3454e+01  -74.05366 -117.55752  46.894241      99.56 7.4510e+02    229.411       5507  1027.2177  1027.2183     4.0902     1.2706     0.1752    33.8257    33.8264    8.12728         38 0.0000e+00
     11.000     10.887    -0.2398  27.957004    -0.2404  27.956948     8.9980     9.1844     7.7535    86.9410 5.2264e+01  -74.05366 -117.55752  46.894264      99.64 7.4496e+02    231.444       5556  1027.2227  1027.2232     4.1245     1.0989     0.1677    33.8260    33.8266    8.12721         43 0.0000e+00
     12.000     11.875    -0.2393  27.958023    -0.2401  27.957781     8.9991     9.2196     5.5808    87.6335 4.3450e+01  -74.05366 -117.55752  46.894290      99.66 7.4443e+02    233.651       5609  1027.2276  1027.2281     4.1573     1.0350     0.1683    33.8261    33.8268    8.12709         46 0.0000e+00
     13.000     12.865    -0.2377  27.959829    -0.2385  27.959732     9.0000     9.2332     6.5473    87.6157 3.6224e+01  -74.05366 -117.55752  46.894314      99.65 7.4420e+02    235.691       5658  1027.2311  1027.2329     4.1571     1.1982     0.1782    33.8263    33.8269    8.12676         41 0.0000e+00
     14.000     13.854    -0.2398  27.957295    -0.2396  27.958350     8.9956     9.2385     6.3485    87.5333 3.0050e+01  -74.05366 -117.55752  46.894337      99.58 7.4415e+02    237.755       5707  1027.2359  1027.2369     4.1526     1.0433     0.1652    33.8245    33.8258    8.12729         45 0.0000e+00
     15.000     14.845    -0.2396  27.958035    -0.2400  27.958093     8.9929     9.2427     6.6339    86.9897 2.5192e+01  -74.05366 -117.55752  46.894363      99.72 7.4395e+02    239.927       5759  1027.2408  1027.2412     4.1280     0.9232     0.1850    33.8247    33.8253    8.12724         40 0.0000e+00
     16.000     15.833    -0.2385  27.959705    -0.2388  27.959791     9.0008     9.2386     7.1593    87.6697 2.1120e+01  -74.05366 -117.55752  46.894387      99.73 7.4394e+02    242.002       5809  1027.2458  1027.2462     4.1591     0.9091     0.1680    33.8251    33.8256    8.12698         40 0.0000e+00
     17.000     16.824    -0.2378  27.960798    -0.2383  27.960597     8.9980     9.2377     6.1543    86.5168 1.7643e+01  -74.05366 -117.55752  46.894410      99.57 7.4394e+02    244.009       5857  1027.2506  1027.2509     4.1045     1.2806     0.1906    33.8251    33.8255    8.12683         39 0.0000e+00
     18.000     17.812    -0.2374  27.961773    -0.2377  27.961723     8.9874     9.2334     5.9973    87.5360 1.4874e+01  -74.05366 -117.55752  46.894434      99.74 7.4394e+02    246.101       5907  1027.2556  1027.2558     4.1527     0.8504     0.1743    33.8254    33.8257    8.12673         40 0.0000e+00
     19.000     18.803    -0.2376  27.961917    -0.2377  27.962228     8.9952     9.2299     6.7154    87.9697 1.2582e+01  -74.05366 -117.55752  46.894458      99.59 7.4394e+02    248.149       5957  1027.2603  1027.2606     4.1732     1.2319     0.1704    33.8253    33.8257    8.12679         45 0.0000e+00
     20.000     19.793    -0.2370  27.963041    -0.2370  27.963541     8.9958     9.2306     6.8567    87.4163 1.0599e+01  -74.05366 -117.55752  46.894481      99.60 7.4394e+02    250.174       6005  1027.2651  1027.2657     4.1471     1.3311     0.1624    33.8254    33.8262    8.12664         44 0.0000e+00
     21.000     20.781    -0.2357  27.964844    -0.2334  27.967790     8.9916     9.2404     6.8316    87.2915 8.9216e+00  -74.05366 -117.55752  46.894506      96.87 7.4394e+02    252.306       6056  1027.2701  1027.2710     4.1412     1.1201     0.1692    33.8258    33.8272    8.12634         41 0.0000e+00
     22.000     21.771    -0.2340  27.967074    -0.2336  27.967575     8.9857     9.2318     7.2748    87.2045 7.5574e+00  -74.05366 -117.55753  46.894530      99.56 7.4394e+02    254.376       6106  1027.2752  1027.2753     4.1371     1.1408     0.1678    33.8263    33.8265    8.12596         43 0.0000e+00
     23.000     22.761    -0.2290  27.973052    -0.2288  27.973417     8.9797     9.2324     6.9282    86.3197 6.4077e+00  -74.05366 -117.55753  46.894553      99.61 7.4394e+02    256.391       6154  1027.2810  1027.2812     4.0956     1.1516     0.1601    33.8280    33.8283    8.12478         36 0.0000e+00
     24.000     23.751    -0.2263  27.976234    -0.2262  27.976345     8.9652     9.2345     7.4192    88.5885 5.4357e+00  -74.05366 -117.55753  46.894577      99.71 7.4394e+02    258.474       6204  1027.2861  1027.2862     4.2020     0.9453     0.1834    33.8287    33.8288    8.12417         47 0.0000e+00
     25.000     24.740    -0.2248  27.977793    -0.2247  27.978330     8.9557     9.2348     6.2372    87.0781 4.6059e+00  -74.05366 -117.55753  46.894601      99.50 7.4394e+02    260.495       6253  1027.2908  1027.2913     4.1310     1.3708     0.1779    33.8285    33.8292    8.12387         42 0.0000e+00
     26.000     25.730    -0.2244  27.979166    -0.2247  27.978984     8.9453     9.2198     6.6183    88.0785 3.9033e+00  -74.05366 -117.55753  46.894624      99.54 7.4394e+02    262.508       6301  1027.2962  1027.2963     4.1785     1.2998     0.1889    33.8293    33.8294    8.12374         45 0.0000e+00
     27.000     26.718    -0.2210  27.983165    -0.2215  27.982541     8.9323     9.2116     7.1348    87.7009 3.3220e+00  -74.05366 -117.55753  46.894648      99.50 7.4394e+02    264.596       6351  1027.3015  1027.3013     4.1603     1.3996     0.1722    33.8302    33.8299    8.12296         44 0.0000e+00
     28.000     27.709    -0.2176  27.986744    -0.2177  27.986839     8.9252     9.2091     8.2215    87.2386 2.8162e+00  -74.05366 -117.55753  46.894671      73.19 7.4394e+02    266.614       6400  1027.3064  1027.3066     4.1387     1.3668     0.2103    33.8306    33.8309    8.12221         42 0.0000e+00
     29.000     28.698    -0.2162  27.988780    -0.2159  27.989109     8.9244     9.2022     7.7964    86.2966 2.3867e+00  -74.05366 -117.55753  46.894696      99.48 7.4394e+02    268.691       6450  1027.3116  1027.3116     4.0943     1.2866     0.1660    33.8312    33.8313    8.12188         36 0.0000e+00
     30.000     29.688    -0.2137  27.991727    -0.2139  27.991664     8.9185     9.1946     7.7608    86.6895 2.0394e+00  -74.05366 -117.55754  46.894719      99.55 7.4394e+02    270.743       6499  1027.3167  1027.3168     4.1126     1.2766     0.1796    33.8318    33.8318    8.12132         43 0.0000e+00
     31.000     30.677    -0.2124  27.993540    -0.2125  27.993467     8.9158     9.1945     8.0522    87.8932 1.7147e+00  -74.05366 -117.55754  46.894742      99.51 7.4394e+02    272.699       6546  1027.3217  1027.3217     4.1697     1.3730     0.1857    33.8321    33.8321    8.12102         41 0.0000e+00
     32.000     31.666    -0.2126  27.993959    -0.2130  27.993431     8.9002     9.1796     8.4165    87.2386 1.4545e+00  -74.05366 -117.55754  46.894765      99.53 7.4394e+02    274.733       6595  1027.3267  1027.3265     4.1388     1.3441     0.1527    33.8323    33.8321    8.12106         41 0.0000e+00
     33.000     32.657    -0.2092  27.997993    -0.2094  27.997788     8.9057     9.1844    11.6567    87.7289 1.2451e+00  -74.05366 -117.55754  46.894790      99.44 7.4380e+02    276.819       6645  1027.3320  1027.3320     4.1619     1.5108     0.1811    33.8332    33.8332    8.12027         37 0.0000e+00
     34.000     33.646    -0.2091  27.998554    -0.2092  27.998425     8.9022     9.1814     9.6155    86.1471 1.0536e+00  -74.05366 -117.55754  46.894813      97.41 7.4276e+02    278.820       6693  1027.3369  1027.3368     4.0868     1.6139     0.1710    33.8333    33.8332    8.12025         40 0.0000e+00
     35.000     34.635    -0.2091  27.999027    -0.2091  27.998986     8.9046     9.1827     9.5607    88.6202 8.8849e-01  -74.05366 -117.55754  46.894836      99.32 7.4330e+02    280.795       6740  1027.3417  1027.3417     4.2041     1.6306     0.1761    33.8333    33.8333    8.12025         40 0.0000e+00
     36.000     35.625    -0.2092  27.999354    -0.2092  27.999330     8.9078     9.1758    10.8566    87.3760 7.5317e-01  -74.05366 -117.55754  46.894859      99.48 7.4346e+02    282.824       6789  1027.3465  1027.3464     4.1445     1.6708     0.1680    33.8332    33.8332    8.12027         40 0.0000e+00
     37.000     36.613    -0.2094  27.999754    -0.2095  27.999609     8.8981     9.1737    11.3054    86.3456 6.3478e-01  -74.05366 -117.55754  46.894883      99.59 7.4277e+02    284.873       6838  1027.3514  1027.3513     4.0967     1.5633     0.1739    33.8334    33.8333    8.12031         45 0.0000e+00
     38.000     37.604    -0.2098  28.000036    -0.2098  27.999823     8.8941     9.1799    11.7668    86.1159 5.3258e-01  -74.05366 -117.55754  46.894906      99.57 7.4276e+02    286.894       6886  1027.3564  1027.3562     4.0860     1.2236     0.1761    33.8337    33.8333    8.12038         39 0.0000e+00
     39.000     38.593    -0.2101  28.000198    -0.2101  28.000124     8.8989     9.1806    13.4819    87.4630 4.4559e-01  -74.05366 -117.55753  46.894929      99.49 7.4287e+02    288.880       6934  1027.3612  1027.3611     4.1494     1.6108     0.1942    33.8335    33.8334    8.12044         43 0.0000e+00
     40.000     39.583    -0.2101  28.000690    -0.2100  28.000619     8.8950     9.1800    10.4405    86.9783 3.7658e-01  -74.05366 -117.55753  46.894953      94.76 7.4252e+02    290.903       6983  1027.3660  1027.3658     4.1263     1.6683     0.1907    33.8336    33.8334    8.12045         42 0.0000e+00
     41.000     40.572    -0.2098  28.001265    -0.2097  28.001346     8.8961     9.1669    11.9409    86.3646 3.1213e-01  -74.05366 -117.55753  46.894975      99.62 7.4271e+02    292.877       7030  1027.3706  1027.3706     4.0973     1.4767     0.1804    33.8335    33.8335    8.12039         43 0.0000e+00
     42.000     41.562    -0.2098  28.001679    -0.2097  28.001867     8.8882     9.1669     9.4086    86.6480 2.5865e-01  -74.05366 -117.55753  46.894998      99.58 7.4264e+02    294.810       7076  1027.3753  1027.3754     4.1107     1.5521     0.1851    33.8334    33.8335    8.12039         45 0.0000e+00
     43.000     42.550    -0.2099  28.002364    -0.2098  28.002119     8.8873     9.1704    11.9575    86.4321 2.1271e-01  -74.05366 -117.55753  46.895021      99.57 7.4216e+02    296.835       7125  1027.3805  1027.3799     4.1006     1.6253     0.1770    33.8338    33.8333    8.12039         37 0.0000e+00
     44.000     43.540    -0.2099  28.002887    -0.2097  28.002747     8.8851     9.1763     9.1292    87.4016 1.7320e-01  -74.05366 -117.55753  46.895045      99.36 7.4217e+02    298.900       7175  1027.3853  1027.3850     4.1461     1.7783     0.1808    33.8339    33.8335    8.12038         44 0.0000e+00
     45.000     44.530    -0.2097  28.003535    -0.2094  28.003558     8.8887     9.1778    10.6575    86.9118 1.3994e-01  -74.05366 -117.55753  46.895068      99.44 7.4217e+02    300.907       7223  1027.3901  1027.3898     4.1241     1.6712     0.1621    33.8340    33.8336    8.12035         43 0.0000e+00
     46.000     45.519    -0.2099  28.003860    -0.2086  28.004613     8.9000     9.1736     9.9413    86.8965 1.1195e-01  -74.05366 -117.55753  46.895092      99.50 7.4217e+02    302.915       7271  1027.3949  1027.3945     4.1217     1.4358     0.1760    33.8340    33.8335    8.12038         37 0.0000e+00
     47.000     46.510    -0.2094  28.004855    -0.2080  28.005674     8.9050     9.1702    11.5323    87.5749 8.9408e-02  -74.05366 -117.55753  46.895115      94.77 7.4217e+02    304.899       7319  1027.3997  1027.3994     4.1542     1.7496     0.1824    33.8341    33.8337    8.12026         37 0.0000e+00
     48.000     47.499    -0.2082  28.006311    -0.2079  28.006141     8.8989     9.1762    11.4568    85.8442 6.7125e-02  -74.05366 -117.55753  46.895137      99.35 7.4217e+02    306.797       7364  1027.4045  1027.4040     4.0725     1.5213     0.1805    33.8342    33.8336    8.12001         33 0.0000e+00
     49.000     48.487    -0.2084  28.006335    -0.2081  28.006490     8.8868     9.1759     7.8071    85.6963 4.9274e-02  -74.05366 -117.55753  46.895158      99.45 7.4217e+02    308.692       7410  1027.4063  1027.4089     4.0652     1.5167     0.1733    33.8338    33.8336    8.12007         34 0.0000e+00
     50.000     49.477    -0.2088  28.006243    -0.2085  28.006667     8.8759     9.1650     8.9194    86.6810 3.3604e-02  -74.05366 -117.55753  46.895182      99.54 7.4217e+02    310.728       7458  1027.4131  1027.4137     4.1119     1.6190     0.1853    33.8335    33.8337    8.12017         41 0.0000e+00
     51.000     50.466    -0.2109  28.005474    -0.2107  28.005299     8.8672     9.1492     8.2934    84.6014 2.0429e-02  -74.05366 -117.55753  46.895204      99.44 7.4194e+02    312.613       7504  1027.4190  1027.4187     4.0141     1.5652     0.1966    33.8342    33.8337    8.12058         39 0.0000e+00
     52.000     51.455    -0.2116  28.005193    -0.2115  28.005086     8.8636     9.1399     9.4616    86.5034 9.0599e-03  -74.05366 -117.55754  46.895225      99.43 7.4194e+02    314.431       7547  1027.4238  1027.4235     4.1038     1.5423     0.1905    33.8340    33.8337    8.12075         39 0.0000e+00
