ocean_section_plots/required_files/ctd/dnbp2202_ctd123.cnv
* Sea-Bird SBE 9 Data File:
* FileName = D:\Data\raw\NBP2202_CTD123.hex
* Software Version Seasave V 7.26.7.121
* Temperature SN = 1649
* Conductivity SN = 2513
* Number of Bytes Per Scan = 40
* Number of Voltage Words = 5
* Number of Scans Averaged by the Deck Unit = 1
* NMEA Latitude = 74 10.52 S
* NMEA Longitude = 113 20.65 W
* NMEA UTC (Time) = Jan 27 2022  11:53:11
* NMEA baud rate = 9600
** Ship: RVIB N.B. Palmer
** Cruise: NBP2202 Thwaites
** Station: YoYo001
** Operator: B. Bjork
# nquan = 25
# nvalues = 607                         
# units = specified
# name 0 = prDM: Pressure, Digiquartz [db]
# name 1 = depSM: Depth [salt water, m]
# name 2 = t090C: Temperature [ITS-90, deg C]
# name 3 = c0mS/cm: Conductivity [mS/cm]
# name 4 = t190C: Temperature, 2 [ITS-90, deg C]
# name 5 = c1mS/cm: Conductivity, 2 [mS/cm]
# name 6 = sbeox0ML/L: Oxygen, SBE 43 [ml/l]
# name 7 = sbeox1ML/L: Oxygen, SBE 43, 2 [ml/l]
# name 8 = flECO-AFL: Fluorescence, WET Labs ECO-AFL/FL [mg/m^3]
# name 9 = CStarTr0: Beam Transmission, WET Labs C-Star [%]
# name 10 = par: PAR/Irradiance, Biospherical/Licor
# name 11 = latitude: Latitude [deg]
# name 12 = longitude: Longitude [deg]
# name 13 = timeJ: Julian Days
# name 14 = altM: Altimeter [m]
# name 15 = spar: SPAR, Biospherical/Licor
# name 16 = timeS: Time, Elapsed [seconds]
# name 17 = scan: Scan Count
# name 18 = density00: Density [density, kg/m^3]
# name 19 = density11: Density, 2 [density, kg/m^3]
# name 20 = sal00: Salinity, Practical [PSU]
# name 21 = sal11: Salinity, Practical, 2 [PSU]
# name 22 = oxsolML/L: Oxygen Saturation, Garcia & Gordon [ml/l]
# name 23 = nbin: number of scans per bin
# name 24 = flag: flag
# span 0 =     10.000,    616.000       
# span 1 =      9.897,    608.718       
# span 2 =    -1.4447,     0.0736       
# span 3 =  27.033421,  28.905958       
# span 4 =    -1.4434,     0.0766       
# span 5 =  27.033079,  28.905151       
# span 6 =     4.6845,     8.3982       
# span 7 =     4.7372,     8.3471       
# span 8 =    -0.0224,    24.1329       
# span 9 =    69.1916,    95.6439       
# span 10 = 1.0000e-12, 4.4275e+00      
# span 11 =  -74.17536,  -74.17536      
# span 12 = -113.34424, -113.34422      
# span 13 =  27.495644,  27.503387      
# span 14 =       7.87,     101.24      
# span 15 = 1.9392e+02, 2.2549e+02      
# span 16 =     32.649,    701.659      
# span 17 =        785,      16841      
# span 18 =  1027.2259,  1030.5154      
# span 19 =  1027.2243,  1030.5133      
# span 20 =    33.7929,    34.3785      
# span 21 =    33.7910,    34.3759      
# span 22 =    8.02965,    8.38707      
# span 23 =         21,         62      
# span 24 = 0.0000e+00, 0.0000e+00      
# interval = decibars: 1                
# start_time = Jan 27 2022 11:53:11 [NMEA time, header]
# bad_flag = -9.990e-29
*END*
[from data line 290]
    300.000    296.681    -0.5061  28.126856    -0.5037  28.126769     4.9377     4.9933    -0.0039    95.2464 1.0000e-12  -74.17536 -113.34424  27.499287      99.87 2.1507e+02    347.413       8339  1028.8953  1028.8928    34.1756    34.1728    8.16427         23 0.0000e+00
    301.000    297.667    -0.5064  28.126876    -0.5043  28.126591     4.9496     5.0021    -0.0087    95.2453 1.0000e-12  -74.17536 -113.34424  27.499298      99.86 2.1507e+02    348.381       8362  1028.9000  1028.8976    34.1754    34.1726    8.16435         23 0.0000e+00
    302.000    298.656    -0.5069  28.126854    -0.5051  28.126296     4.9518     5.0077    -0.0112    95.2543 1.0000e-12  -74.17536 -113.34424  27.499309      99.87 2.1507e+02    349.336       8385  1028.9048  1028.9025    34.1753    34.1726    8.16446         23 0.0000e+00
    303.000    299.644    -0.5084  28.129566    -0.5000  28.135559     4.9535     5.0080    -0.0150    95.2520 1.0000e-12  -74.17536 -113.34424  27.499321      99.87 2.1442e+02    350.290       8408  1028.9134  1028.9133    34.1799    34.1809    8.16450         23 0.0000e+00
    304.000    300.633    -0.4951  28.146487    -0.4930  28.146248     4.9491     5.0049    -0.0141    95.2430 1.0000e-12  -74.17536 -113.34424  27.499332      99.86 2.1392e+02    351.255       8431  1028.9229  1028.9207    34.1871    34.1845    8.16124         23 0.0000e+00
    305.000    301.622    -0.4860  28.155569    -0.4848  28.154340     4.9494     5.0078    -0.0065    95.2747 1.0000e-12  -74.17536 -113.34424  27.499343      83.73 2.1397e+02    352.227       8454  1028.9282  1028.9257    34.1885    34.1855    8.15920         24 0.0000e+00
    306.000    302.609    -0.4894  28.152543    -0.4876  28.151938     4.9466     5.0085    -0.0182    95.3022 1.0000e-12  -74.17536 -113.34424  27.499354      95.25 2.1383e+02    353.213       8478  1028.9326  1028.9303    34.1876    34.1848    8.15998         24 0.0000e+00
    307.000    303.598    -0.4926  28.149986    -0.4855  28.154370     4.9409     5.0005    -0.0208    95.2912 1.0000e-12  -74.17536 -113.34424  27.499366      99.86 2.1349e+02    354.207       8502  1028.9374  1028.9352    34.1872    34.1851    8.16069         23 0.0000e+00
    308.000    304.585    -0.4902  28.153070    -0.4877  28.152673     4.9321     4.9905    -0.0117    95.2787 1.0000e-12  -74.17536 -113.34424  27.499377      99.86 2.1331e+02    355.184       8525  1028.9426  1028.9398    34.1880    34.1847    8.16013         23 0.0000e+00
    309.000    305.573    -0.4779  28.164520    -0.4744  28.165347     4.9303     4.9861    -0.0132    95.2943 1.0000e-12  -74.17536 -113.34424  27.499388      99.86 2.1331e+02    356.156       8549  1028.9472  1028.9448    34.1889    34.1861    8.15742         24 0.0000e+00
    310.000    306.562    -0.4752  28.167397    -0.4730  28.167342     4.9269     4.9828    -0.0050    95.2984 1.0000e-12  -74.17536 -113.34424  27.499400      99.86 2.1331e+02    357.136       8572  1028.9520  1028.9498    34.1891    34.1866    8.15684         24 0.0000e+00
    311.000    307.551    -0.4729  28.170254    -0.4692  28.171455     4.9298     4.9876    -0.0150    95.2990 1.0000e-12  -74.17536 -113.34424  27.499411      99.87 2.1331e+02    358.116       8596  1028.9572  1028.9549    34.1898    34.1872    8.15630         23 0.0000e+00
    312.000    308.536    -0.4765  28.168409    -0.4738  28.168589     4.9452     5.0024    -0.0153    95.3080 1.0000e-12  -74.17536 -113.34424  27.499422      99.86 2.1331e+02    359.102       8619  1028.9631  1028.9608    34.1908    34.1880    8.15702         24 0.0000e+00
    313.000    309.527    -0.4760  28.168743    -0.4736  28.169084     4.9547     5.0123    -0.0134    95.3080 1.0000e-12  -74.17536 -113.34424  27.499434      99.87 2.1331e+02    360.087       8643  1028.9673  1028.9655    34.1901    34.1879    8.15696         23 0.0000e+00
    314.000    310.514    -0.4893  28.158268    -0.4841  28.160433     4.9439     5.0037    -0.0128    95.3080 1.0000e-12  -74.17536 -113.34424  27.499445      99.86 2.1331e+02    361.060       8666  1028.9735  1028.9707    34.1904    34.1874    8.15981         23 0.0000e+00
    315.000    311.505    -0.4866  28.161527    -0.4879  28.158058     4.9345     4.9873    -0.0200    95.3048 1.0000e-12  -74.17536 -113.34424  27.499456      99.86 2.1331e+02    362.032       8690  1028.9785  1028.9762    34.1910    34.1879    8.15917         24 0.0000e+00
    316.000    312.490    -0.4699  28.177418    -0.4670  28.177591     4.9258     4.9815    -0.0189    95.3001 1.0000e-12  -74.17536 -113.34424  27.499468      99.86 2.1331e+02    363.004       8713  1028.9836  1028.9809    34.1930    34.1900    8.15548         23 0.0000e+00
    317.000    313.479    -0.4688  28.178877    -0.4602  28.184166     4.9311     4.9881    -0.0027    95.3103 1.0000e-12  -74.17536 -113.34424  27.499479      94.79 2.1331e+02    363.988       8737  1028.9883  1028.9856    34.1931    34.1905    8.15523         24 0.0000e+00
    318.000    314.467    -0.4677  28.180000    -0.4663  28.179275     4.9383     4.9914    -0.0120    95.3156 1.0000e-12  -74.17536 -113.34424  27.499491      85.02 2.1331e+02    364.983       8761  1028.9928  1028.9908    34.1928    34.1903    8.15502         24 0.0000e+00
    319.000    315.454    -0.4706  28.178172    -0.4641  28.181532     4.9293     4.9822    -0.0184    95.3231 1.0000e-12  -74.17536 -113.34424  27.499502      93.17 2.1331e+02    365.979       8784  1028.9982  1028.9953    34.1931    34.1902    8.15564         24 0.0000e+00
    320.000    316.443    -0.4807  28.170562    -0.4679  28.179236     4.9146     4.9746    -0.0143    95.3248 1.0000e-12  -74.17536 -113.34424  27.499513      45.81 2.1331e+02    366.966       8808  1029.0040  1029.0009    34.1935    34.1908    8.15777         23 0.0000e+00
    321.000    317.431    -0.4561  28.192725    -0.4559  28.190380     4.9048     4.9677    -0.0127    95.3214 1.0000e-12  -74.17536 -113.34424  27.499525     101.24 2.1331e+02    367.941       8832  1029.0080  1029.0054    34.1950    34.1916    8.15240         23 0.0000e+00
    322.000    318.419    -0.4420  28.205338    -0.4407  28.204032     4.9083     4.9579    -0.0166    95.3165 1.0000e-12  -74.17536 -113.34424  27.499536      99.86 2.1331e+02    368.914       8855  1029.0121  1029.0095    34.1954    34.1922    8.14934         24 0.0000e+00
    323.000    319.408    -0.4506  28.198013    -0.4463  28.199748     4.9263     4.9707    -0.0169    95.3209 1.0000e-12  -74.17536 -113.34424  27.499547      99.86 2.1331e+02    369.882       8878  1029.0170  1029.0147    34.1947    34.1921    8.15123         24 0.0000e+00
    324.000    320.397    -0.4529  28.196957    -0.4461  28.200999     4.9705     5.0126    -0.0129    95.3170 1.0000e-12  -74.17536 -113.34423  27.499559      99.86 2.1304e+02    370.856       8902  1029.0224  1029.0202    34.1952    34.1930    8.15169         23 0.0000e+00
    325.000    321.382    -0.4839  28.168718    -0.4750  28.176283     4.9895     5.0359    -0.0115    95.3147 1.0000e-12  -74.17536 -113.34423  27.499570      99.87 2.1223e+02    371.839       8925  1029.0270  1029.0264    34.1917    34.1918    8.15857         23 0.0000e+00
    326.000    322.373    -0.4997  28.156234    -0.5013  28.153712     4.9752     5.0163    -0.0194    95.3015 1.0000e-12  -74.17536 -113.34423  27.499581      99.86 2.1214e+02    372.822       8949  1029.0333  1029.0323    34.1921    34.1905    8.16194         24 0.0000e+00
    327.000    323.360    -0.5058  28.152702    -0.5047  28.150626     4.9855     5.0202    -0.0111    95.3123 1.0000e-12  -74.17536 -113.34423  27.499593      99.86 2.1206e+02    373.806       8972  1029.0395  1029.0363    34.1936    34.1896    8.16316         24 0.0000e+00
    328.000    324.347    -0.4678  28.184216    -0.4651  28.185279     5.0294     5.0681    -0.0182    95.3080 1.0000e-12  -74.17536 -113.34423  27.499604      99.87 2.1155e+02    374.792       8996  1029.0403  1029.0389    34.1924    34.1909    8.15505         23 0.0000e+00
    329.000    325.337    -0.5056  28.151670    -0.4972  28.158706     5.0703     5.1103    -0.0138    95.3091 1.0000e-12  -74.17536 -113.34423  27.499616      99.86 2.1155e+02    375.780       9020  1029.0468  1029.0461    34.1908    34.1908    8.16329         24 0.0000e+00
    330.000    326.325    -0.5525  28.113025    -0.5509  28.113143     5.0743     5.1237    -0.0114    95.3059 1.0000e-12  -74.17536 -113.34423  27.499627      99.86 2.1155e+02    376.766       9043  1029.0554  1029.0541    34.1911    34.1895    8.17338         24 0.0000e+00
    331.000    327.312    -0.5552  28.111198    -0.5516  28.112277     5.0670     5.1168    -0.0115    95.3205 1.0000e-12  -74.17536 -113.34423  27.499638      81.68 2.1155e+02    377.762       9067  1029.0601  1029.0579    34.1910    34.1885    8.17396         23 0.0000e+00
    332.000    328.301    -0.5446  28.121691    -0.5427  28.120966     5.0716     5.1200    -0.0160    95.3483 1.0000e-12  -74.17536 -113.34423  27.499650      92.57 2.1155e+02    378.750       9091  1029.0650  1029.0624    34.1926    34.1895    8.17158         24 0.0000e+00
    333.000    329.288    -0.5419  28.124446    -0.5356  28.127747     5.0834     5.1352    -0.0138    95.3585 1.0000e-12  -74.17536 -113.34423  27.499661      99.74 2.1155e+02    379.729       9114  1029.0695  1029.0669    34.1927    34.1900    8.17100         24 0.0000e+00
    334.000    330.277    -0.5576  28.109901    -0.5548  28.111697     5.0936     5.1417    -0.0052    95.4062 1.0000e-12  -74.17536 -113.34423  27.499672      99.86 2.1155e+02    380.702       9138  1029.0734  1029.0726    34.1902    34.1895    8.17453         23 0.0000e+00
    335.000    331.264    -0.5639  28.105491    -0.5669  28.101103     5.0984     5.1408    -0.0068    95.4133 1.0000e-12  -74.17536 -113.34423  27.499684      99.86 2.1155e+02    381.674       9161  1029.0789  1029.0772    34.1908    34.1882    8.17585         23 0.0000e+00
    336.000    332.252    -0.5703  28.100074    -0.5676  28.100520     5.0916     5.1417    -0.0215    95.4250 1.0000e-12  -74.17536 -113.34423  27.499695      99.86 2.1155e+02    382.647       9185  1029.0835  1029.0814    34.1901    34.1876    8.17727         24 0.0000e+00
    337.000    333.240    -0.5685  28.101725    -0.5678  28.101022     5.0901     5.1468    -0.0041    95.4357 1.0000e-12  -74.17536 -113.34423  27.499706      99.87 2.1109e+02    383.629       9208  1029.0876  1029.0862    34.1897    34.1879    8.17691         23 0.0000e+00
    338.000    334.229    -0.5686  28.102371    -0.5669  28.101862     5.0887     5.1410    -0.0121    95.4543 1.0000e-12  -74.17536 -113.34423  27.499718      99.86 2.1103e+02    384.621       9232  1029.0925  1029.0903    34.1901    34.1874    8.17691         24 0.0000e+00
    339.000    335.216    -0.5668  28.104922    -0.5649  28.104584     5.0823     5.1381    -0.0117    95.4680 1.0000e-12  -74.17536 -113.34423  27.499729      99.86 2.1074e+02    385.612       9256  1029.0976  1029.0954    34.1908    34.1883    8.17647         24 0.0000e+00
    340.000    336.205    -0.5661  28.105604    -0.5642  28.105411     5.0735     5.1409    -0.0175    95.4101 1.0000e-12  -74.17536 -113.34423  27.499741      99.86 2.1052e+02    386.602       9279  1029.1019  1029.0998    34.1904    34.1880    8.17636         24 0.0000e+00
    341.000    337.192    -0.5653  28.106048    -0.5621  28.106677     5.0737     5.1435    -0.0176    95.4742 1.0000e-12  -74.17536 -113.34423  27.499752      99.87 2.1017e+02    387.591       9303  1029.1057  1029.1033    34.1895    34.1867    8.17623         23 0.0000e+00
    342.000    338.181    -0.5645  28.107088    -0.5633  28.106343     5.0749     5.1437    -0.0098    95.4938 1.0000e-12  -74.17536 -113.34423  27.499764      99.86 2.0978e+02    388.568       9327  1029.1102  1029.1083    34.1893    34.1870    8.17606         24 0.0000e+00
    343.000    339.168    -0.5631  28.108920    -0.5625  28.107775     5.0812     5.1406    -0.0093    95.4984 1.0000e-12  -74.17536 -113.34423  27.499775      99.86 2.0978e+02    389.544       9350  1029.1151  1029.1133    34.1896    34.1874    8.17574         23 0.0000e+00
    344.000    340.158    -0.5640  28.110329    -0.5628  28.109274     5.0852     5.1489    -0.0212    95.4882 1.0000e-12  -74.17536 -113.34424  27.499786      99.86 2.0978e+02    390.511       9373  1029.1217  1029.1194    34.1919    34.1891    8.17580         23 0.0000e+00
    345.000    341.144    -0.5633  28.111398    -0.5611  28.111382     5.0873     5.1480    -0.0218    95.5007 1.0000e-12  -74.17536 -113.34422  27.499797      99.03 2.0978e+02    391.470       9396  1029.1264  1029.1242    34.1920    34.1895    8.17565         23 0.0000e+00
    346.000    342.133    -0.5629  28.112687    -0.5618  28.111505     5.0770     5.1332    -0.0203    95.5160 1.0000e-12  -74.17536 -113.34422  27.499808      99.85 2.0978e+02    392.428       9419  1029.1316  1029.1292    34.1926    34.1898    8.17552         24 0.0000e+00
    347.000    343.120    -0.5610  28.115213    -0.5577  28.116109     5.0755     5.1415    -0.0145    95.5086 1.0000e-12  -74.17536 -113.34422  27.499819      99.86 2.0978e+02    393.392       9442  1029.1367  1029.1344    34.1933    34.1907    8.17508         23 0.0000e+00
    348.000    344.109    -0.5573  28.119522    -0.5556  28.118537     5.0694     5.1298    -0.0194    95.5271 1.0000e-12  -74.17536 -113.34422  27.499831      99.86 2.0978e+02    394.356       9466  1029.1419  1029.1393    34.1943    34.1911    8.17422         23 0.0000e+00
    349.000    345.097    -0.5518  28.124851    -0.5457  28.128528     5.0533     5.1068    -0.0205    95.5185 1.0000e-12  -74.17536 -113.34422  27.499842      99.86 2.0978e+02    395.336       9489  1029.1466  1029.1445    34.1947    34.1927    8.17302         24 0.0000e+00
    350.000    346.083    -0.5545  28.123683    -0.5381  28.135562     5.0396     5.0918    -0.0103    95.5174 1.0000e-12  -74.17536 -113.34422  27.499853      99.87 2.0978e+02    396.331       9513  1029.1522  1029.1489    34.1955    34.1930    8.17354         23 0.0000e+00
    351.000    347.073    -0.5153  28.159364    -0.5102  28.161421     5.0334     5.0962    -0.0074    95.5162 1.0000e-12  -74.17536 -113.34422  27.499865      99.86 2.0978e+02    397.323       9537  1029.1563  1029.1536    34.1987    34.1957    8.16491         24 0.0000e+00
    352.000    348.062    -0.5191  28.155054    -0.5194  28.153725     5.0473     5.1067    -0.0129    95.4912 1.0000e-12  -74.17536 -113.34424  27.499876      99.87 2.0978e+02    398.310       9560  1029.1599  1029.1588    34.1966    34.1951    8.16585         23 0.0000e+00
    353.000    349.049    -0.5328  28.144923    -0.5369  28.138473     5.0633     5.1225    -0.0129    95.4959 1.0000e-12  -74.17536 -113.34424  27.499888      99.86 2.0978e+02    399.286       9584  1029.1667  1029.1639    34.1978    34.1938    8.16874         24 0.0000e+00
    354.000    350.035    -0.5364  28.140869    -0.5339  28.141758     5.0654     5.1251    -0.0134    95.4905 1.0000e-12  -74.17536 -113.34424  27.499899      99.86 2.0978e+02    400.254       9607  1029.1703  1029.1689    34.1959    34.1943    8.16963         23 0.0000e+00
    355.000    351.025    -0.5481  28.131398    -0.5495  28.128406     5.0674     5.1238    -0.0129    95.5118 1.0000e-12  -74.17536 -113.34424  27.499910      99.86 2.0978e+02    401.224       9630  1029.1759  1029.1741    34.1957    34.1933    8.17216         24 0.0000e+00
    356.000    352.013    -0.5405  28.140423    -0.5413  28.136886     5.0743     5.1258    -0.0128    95.4862 1.0000e-12  -74.17536 -113.34424  27.499921      99.86 2.0978e+02    402.202       9654  1029.1823  1029.1794    34.1986    34.1948    8.17034         23 0.0000e+00
