ocean_section_plots/required_files/ctd/dnbp2202_ctd094.cnv
* Sea-Bird SBE 9 Data File:
* FileName = D:\Data\raw\NBP2202_CTD094.hex
* Software Version Seasave V 7.26.7.121
* Temperature SN = 1649
* Conductivity SN = 2513
* Number of Bytes Per Scan = 40
* Number of Voltage Words = 5
* Number of Scans Averaged by the Deck Unit = 1
* NMEA Latitude = 74 10.51 S
* NMEA Longitude = 113 20.67 W
* NMEA UTC (Time) = Jan 26 2022  23:34:11
* NMEA baud rate = 9600
** Ship: RVIB N.B. Palmer
** Cruise: NBP2202 Thwaites
** Station: YoYo001
** Operator: A. Robinson
# nquan = 25
# nvalues = 609                         
# units = specified
# name 0 = prDM: Pressure, Digiquartz [db]
# name 1 = depSM: Depth [salt water, m]
# name 2 = t090C: Temperature [ITS-90, deg C]
# name 3 = c0mS/cm: Conductivity [mS/cm]
# name 4 = t190C: Temperature, 2 [ITS-90, deg C]
# name 5 = c1mS/cm: Conductivity, 2 [mS/cm]
# name 6 = sbeox0ML/L: Oxygen, SBE 43 [ml/l]
# name 7 = sbeox1ML/L: Oxygen, SBE 43, 2 [ml/l]
# name 8 = flECO-AFL: Fluorescence, WET Labs ECO-AFL/FL [mg/m^3]
# name 9 = CStarTr0: Beam Transmission, WET Labs C-Star [%]
# name 10 = par: PAR/Irradiance, Biospherical/Licor
# name 11 = latitude: Latitude [deg]
# name 12 = longitude: Longitude [deg]
# name 13 = timeJ: Julian Days
# name 14 = altM: Altimeter [m]
# name 15 = spar: SPAR, Biospherical/Licor
# name 16 = timeS: Time, Elapsed [seconds]
# name 17 = scan: Scan Count
# name 18 = density00: Density [density, kg/m^3]
# name 19 = density11: Density, 2 [density, kg/m^3]
# name 20 = sal00: Salinity, Practical [PSU]
# name 21 = sal11: Salinity, Practical, 2 [PSU]
# name 22 = oxsolML/L: Oxygen Saturation, Garcia & Gordon [ml/l]
# name 23 = nbin: number of scans per bin
# name 24 = flag: flag
# span 0 =     10.000,    618.000       
# span 1 =      9.896,    610.697       
# span 2 =    -1.5509,     0.1011       
# span 3 =  26.885978,  28.937394       
# span 4 =    -1.5490,     0.1026       
# span 5 =  26.886607,  28.936564       
# span 6 =     4.6825,     8.4336       
# span 7 =     4.7454,     8.2038       
# span 8 =    -0.0221,    24.6674       
# span 9 =    69.8851,    95.4739       
# span 10 = -3.675e-05, 5.6307e+01      
# span 11 =  -74.17530,  -74.17528      
# span 12 = -113.34461, -113.34456      
# span 13 =  26.982473,  26.992198      
# span 14 =       3.46,     100.29      
# span 15 = 1.8123e+03, 1.8263e+03      
# span 16 =     34.690,    874.897      
# span 17 =        834,      20999      
# span 18 =  1027.2242,  1030.5288      
# span 19 =  1027.2200,  1030.5264      
# span 20 =    33.7896,    34.3834      
# span 21 =    33.7873,    34.3806      
# span 22 =    8.02363,    8.41619      
# span 23 =         22,         47      
# span 24 = 0.0000e+00, 0.0000e+00      
# interval = decibars: 1                
# start_time = Jan 26 2022 23:34:11 [NMEA time, header]
# bad_flag = -9.990e-29
*END*
[from data line 232]
    242.000    239.356    -0.7817  27.789885    -0.7814  27.787946     5.0015     5.0796    -0.0143    95.2880 1.0000e-12  -74.17530 -113.34460  26.986231      99.87 1.8211e+03    359.339       8625  1028.5458  1028.5435    34.0672    34.0643    8.23026         28 0.0000e+00
    243.000    240.342    -0.7791  27.793248    -0.7763  27.793408     4.9919     5.0694    -0.0120    95.2805 1.0000e-12  -74.17530 -113.34460  26.986244      92.01 1.8211e+03    360.497       8653  1028.5513  1028.5488    34.0683    34.0654    8.22964         27 0.0000e+00
    244.000    241.333    -0.7616  27.811405    -0.7591  27.811168     4.9812     5.0576    -0.0127    95.2732 1.0000e-12  -74.17530 -113.34460  26.986258      96.22 1.8211e+03    361.660       8681  1028.5582  1028.5556    34.0724    34.0694    8.22557         28 0.0000e+00
    245.000    242.321    -0.7526  27.821239    -0.7505  27.820936     4.9846     5.0545    -0.0135    95.2745 1.0000e-12  -74.17530 -113.34460  26.986271      99.88 1.8211e+03    362.836       8709  1028.5645  1028.5621    34.0750    34.0722    8.22347         29 0.0000e+00
    246.000    243.308    -0.7492  27.824984    -0.7475  27.824487     4.9814     5.0514    -0.0190    95.2751 1.0000e-12  -74.17530 -113.34460  26.986285      99.87 1.8211e+03    364.032       8738  1028.5697  1028.5675    34.0757    34.0730    8.22270         28 0.0000e+00
    247.000    244.299    -0.7493  27.825297    -0.7474  27.824980     4.9806     5.0521    -0.0123    95.2609 1.0000e-12  -74.17530 -113.34460  26.986299      99.87 1.8211e+03    365.233       8767  1028.5746  1028.5723    34.0756    34.0729    8.22272         29 0.0000e+00
    248.000    245.285    -0.7483  27.826962    -0.7462  27.826601     4.9831     5.0494    -0.0158    95.2688 1.0000e-12  -74.17530 -113.34460  26.986313      99.87 1.8211e+03    366.413       8795  1028.5797  1028.5773    34.0761    34.0732    8.22247         28 0.0000e+00
    249.000    246.273    -0.7415  27.834492    -0.7392  27.834216     4.9700     5.0557    -0.0194    95.2692 1.0000e-12  -74.17530 -113.34460  26.986326      99.87 1.8211e+03    367.589       8823  1028.5856  1028.5832    34.0779    34.0750    8.22088         29 0.0000e+00
    250.000    247.264    -0.7355  27.841114    -0.7335  27.840732     4.9694     5.0443    -0.0166    95.2631 1.0000e-12  -74.17530 -113.34460  26.986340      99.87 1.8211e+03    368.768       8851  1028.5914  1028.5890    34.0796    34.0768    8.21949         29 0.0000e+00
    251.000    248.251    -0.7321  27.845187    -0.7299  27.845022     4.9659     5.0497    -0.0156    95.2631 1.0000e-12  -74.17530 -113.34460  26.986354      99.87 1.8211e+03    369.950       8880  1028.5968  1028.5945    34.0806    34.0779    8.21869         28 0.0000e+00
    252.000    249.241    -0.7282  27.849785    -0.7259  27.849528     4.9605     5.0515    -0.0143    95.2650 1.0000e-12  -74.17530 -113.34460  26.986367      99.86 1.8211e+03    371.128       8908  1028.6023  1028.5999    34.0818    34.0789    8.21776         28 0.0000e+00
    253.000    250.227    -0.7265  27.851795    -0.7245  27.851441     4.9645     5.0389    -0.0111    95.2577 1.0000e-12  -74.17530 -113.34460  26.986381      99.87 1.8211e+03    372.305       8936  1028.6072  1028.6050    34.0819    34.0793    8.21737         28 0.0000e+00
    254.000    251.218    -0.7247  27.854207    -0.7228  27.853858     4.9610     5.0404    -0.0121    95.2677 1.0000e-12  -74.17530 -113.34460  26.986394      82.12 1.8211e+03    373.480       8965  1028.6125  1028.6103    34.0826    34.0800    8.21695         28 0.0000e+00
    255.000    252.205    -0.7233  27.856062    -0.7213  27.855669     4.9644     5.0357    -0.0113    95.2575 1.0000e-12  -74.17530 -113.34460  26.986408      96.70 1.8211e+03    374.656       8993  1028.6175  1028.6152    34.0830    34.0802    8.21663         28 0.0000e+00
    256.000    253.195    -0.7215  27.858374    -0.7197  27.857915     4.9676     5.0413    -0.0124    95.2502 1.0000e-12  -74.17530 -113.34460  26.986422      99.90 1.8211e+03    375.824       9021  1028.6226  1028.6204    34.0834    34.0807    8.21621         28 0.0000e+00
    257.000    254.180    -0.7191  27.861292    -0.7173  27.860788     4.9633     5.0418    -0.0032    95.2496 1.0000e-12  -74.17530 -113.34460  26.986435      99.87 1.8211e+03    376.992       9049  1028.6278  1028.6255    34.0840    34.0813    8.21565         29 0.0000e+00
    258.000    255.171    -0.7168  27.864305    -0.7150  27.863811     4.9617     5.0363    -0.0107    95.2665 1.0000e-12  -74.17530 -113.34460  26.986449      99.87 1.8211e+03    378.167       9077  1028.6332  1028.6309    34.0849    34.0822    8.21510         28 0.0000e+00
    259.000    256.159    -0.7157  27.865897    -0.7138  27.865487     4.9610     5.0376    -0.0052    95.2384 1.0000e-12  -74.17530 -113.34460  26.986463      99.87 1.8211e+03    379.364       9106  1028.6382  1028.6359    34.0852    34.0825    8.21485         29 0.0000e+00
    260.000    257.148    -0.7151  27.866956    -0.7132  27.866523     4.9621     5.0359    -0.0166    95.2576 1.0000e-12  -74.17530 -113.34460  26.986476      99.87 1.8211e+03    380.562       9134  1028.6431  1028.6408    34.0854    34.0826    8.21471         28 0.0000e+00
    261.000    258.136    -0.7142  27.868407    -0.7122  27.868048     4.9640     5.0352    -0.0081    95.2455 1.0000e-12  -74.17530 -113.34460  26.986490      99.86 1.8211e+03    381.744       9163  1028.6481  1028.6458    34.0857    34.0830    8.21449         28 0.0000e+00
    262.000    259.124    -0.7127  27.870610    -0.7107  27.870178     4.9625     5.0331    -0.0191    95.2275 1.0000e-12  -74.17530 -113.34460  26.986504      99.87 1.8211e+03    382.916       9191  1028.6533  1028.6509    34.0863    34.0835    8.21412         29 0.0000e+00
    263.000    260.112    -0.7098  27.873995    -0.7077  27.873866     4.9517     5.0321    -0.0156    95.2582 1.0000e-12  -74.17530 -113.34460  26.986517      99.86 1.8211e+03    384.091       9219  1028.6585  1028.6564    34.0870    34.0846    8.21345         28 0.0000e+00
    264.000    261.101    -0.7084  27.876043    -0.7066  27.875519     4.9553     5.0329    -0.0117    95.2509 1.0000e-12  -74.17530 -113.34460  26.986531      99.87 1.8211e+03    385.256       9247  1028.6637  1028.6614    34.0876    34.0849    8.21311         27 0.0000e+00
    265.000    262.090    -0.7057  27.879456    -0.7037  27.879114     4.9598     5.0341    -0.0153    95.2443 1.0000e-12  -74.17530 -113.34460  26.986544      91.41 1.8211e+03    386.424       9275  1028.6690  1028.6668    34.0886    34.0859    8.21247         29 0.0000e+00
    266.000    263.076    -0.7040  27.881712    -0.7020  27.881349     4.9567     5.0337    -0.0071    95.2496 1.0000e-12  -74.17530 -113.34460  26.986558      90.76 1.8211e+03    387.608       9304  1028.6741  1028.6719    34.0891    34.0864    8.21207         29 0.0000e+00
    267.000    264.067    -0.7032  27.883064    -0.7012  27.882743     4.9565     5.0304    -0.0087    95.2566 1.0000e-12  -74.17530 -113.34460  26.986572      99.77 1.8211e+03    388.803       9332  1028.6792  1028.6769    34.0895    34.0867    8.21189         28 0.0000e+00
    268.000    265.054    -0.7020  27.884794    -0.7000  27.884546     4.9572     5.0248    -0.0178    95.2408 1.0000e-12  -74.17530 -113.34460  26.986586      99.87 1.8211e+03    389.993       9361  1028.6841  1028.6820    34.0897    34.0872    8.21159         29 0.0000e+00
    269.000    266.043    -0.7007  27.886639    -0.6987  27.886339     4.9575     5.0270    -0.0112    95.2265 1.0000e-12  -74.17530 -113.34460  26.986599      99.86 1.8211e+03    391.173       9389  1028.6892  1028.6870    34.0902    34.0875    8.21129         28 0.0000e+00
    270.000    267.032    -0.6984  27.889748    -0.6965  27.889190     4.9512     5.0218     0.0035    95.2384 1.0000e-12  -74.17530 -113.34460  26.986613      99.87 1.8211e+03    392.319       9417  1028.6947  1028.6923    34.0912    34.0884    8.21073         27 0.0000e+00
    271.000    268.020    -0.6978  27.891012    -0.6960  27.890554     4.9511     5.0270    -0.0017    95.2252 1.0000e-12  -74.17530 -113.34460  26.986626      99.86 1.8211e+03    393.457       9444  1028.6998  1028.6976    34.0916    34.0890    8.21057         27 0.0000e+00
    272.000    269.006    -0.6978  27.891496    -0.6964  27.890640     4.9561     5.0285    -0.0125    95.2310 1.0000e-12  -74.17530 -113.34460  26.986639      99.87 1.8211e+03    394.611       9472  1028.7046  1028.7024    34.0916    34.0890    8.21057         28 0.0000e+00
    273.000    269.997    -0.6994  27.890443    -0.6980  27.889743     4.9570     5.0280    -0.0204    95.2416 1.0000e-12  -74.17530 -113.34460  26.986653      99.87 1.8211e+03    395.792       9500  1028.7094  1028.7073    34.0914    34.0889    8.21094         29 0.0000e+00
    274.000    270.984    -0.6988  27.891599    -0.6969  27.891134     4.9590     5.0310    -0.0204    95.2461 1.0000e-12  -74.17530 -113.34460  26.986667      99.87 1.8211e+03    397.000       9529  1028.7144  1028.7120    34.0918    34.0890    8.21080         29 0.0000e+00
    275.000    271.974    -0.6991  27.891760    -0.6971  27.891523     4.9639     5.0332    -0.0183    95.2505 1.0000e-12  -74.17530 -113.34460  26.986681      99.86 1.8211e+03    398.217       9558  1028.7191  1028.7169    34.0917    34.0891    8.21086         29 0.0000e+00
    276.000    272.961    -0.7006  27.890988    -0.6990  27.890477     4.9630     5.0365    -0.0145    95.2373 1.0000e-12  -74.17530 -113.34460  26.986694      82.47 1.8211e+03    399.400       9587  1028.7240  1028.7219    34.0917    34.0892    8.21118         28 0.0000e+00
    277.000    273.950    -0.7006  27.891544    -0.6988  27.891176     4.9579     5.0338    -0.0175    95.2447 1.0000e-12  -74.17530 -113.34460  26.986708      95.32 1.8211e+03    400.563       9615  1028.7290  1028.7267    34.0919    34.0893    8.21118         26 0.0000e+00
    278.000    274.937    -0.7014  27.891320    -0.6996  27.890917     4.9638     5.0392    -0.0203    95.2429 1.0000e-12  -74.17530 -113.34460  26.986721      99.85 1.8211e+03    401.727       9642  1028.7338  1028.7316    34.0919    34.0893    8.21135         28 0.0000e+00
    279.000    275.926    -0.7021  27.891274    -0.7003  27.890921     4.9635     5.0349    -0.0090    95.2477 1.0000e-12  -74.17530 -113.34460  26.986735      99.88 1.8211e+03    402.897       9671  1028.7387  1028.7365    34.0920    34.0894    8.21150         26 0.0000e+00
    280.000    276.913    -0.7019  27.892187    -0.6999  27.891911     4.9532     5.0295    -0.0090    95.2518 1.0000e-12  -74.17530 -113.34460  26.986749      99.87 1.8211e+03    404.082       9699  1028.7438  1028.7415    34.0924    34.0897    8.21143         27 0.0000e+00
    281.000    277.901    -0.6929  27.902222    -0.6896  27.902491     4.9416     5.0223    -0.0121    95.2484 1.0000e-12  -74.17530 -113.34460  26.986762      99.87 1.8211e+03    405.272       9728  1028.7500  1028.7472    34.0951    34.0919    8.20931         28 0.0000e+00
    282.000    278.893    -0.6776  27.917619    -0.6755  27.917263     4.9398     5.0219    -0.0173    95.2398 1.0000e-12  -74.17530 -113.34460  26.986776      99.87 1.8211e+03    406.464       9756  1028.7560  1028.7536    34.0980    34.0952    8.20581         29 0.0000e+00
    283.000    279.881    -0.6708  27.925727    -0.6687  27.925303     4.9421     5.0150    -0.0184    95.2484 1.0000e-12  -74.17530 -113.34460  26.986790      58.76 1.8211e+03    407.636       9784  1028.7625  1028.7601    34.1007    34.0978    8.20418         28 0.0000e+00
    284.000    280.867    -0.6687  27.928303    -0.6668  27.927874     4.9424     5.0123    -0.0188    95.2385 1.0000e-12  -74.17530 -113.34460  26.986803     100.08 1.8211e+03    408.798       9812  1028.7677  1028.7654    34.1013    34.0986    8.20371         27 0.0000e+00
    285.000    281.857    -0.6667  27.931255    -0.6648  27.930824     4.9425     5.0090    -0.0120    95.2505 1.0000e-12  -74.17530 -113.34459  26.986817      99.86 1.8211e+03    409.956       9840  1028.7733  1028.7710    34.1024    34.0996    8.20320         28 0.0000e+00
    286.000    282.843    -0.6661  27.932415    -0.6641  27.931982     4.9420     5.0175    -0.0164    95.2466 1.0000e-12  -74.17530 -113.34460  26.986830      99.87 1.8211e+03    411.107       9868  1028.7782  1028.7759    34.1026    34.0998    8.20305         28 0.0000e+00
    287.000    283.832    -0.6663  27.933209    -0.6644  27.932903     4.9386     5.0170    -0.0022    95.2429 1.0000e-12  -74.17530 -113.34458  26.986843      96.71 1.8211e+03    412.271       9896  1028.7837  1028.7816    34.1033    34.1008    8.20306         28 0.0000e+00
    288.000    284.822    -0.6587  27.941846    -0.6563  27.941617     4.9333     5.0073     0.0024    95.2407 1.0000e-12  -74.17530 -113.34460  26.986857      89.06 1.8215e+03    413.465       9924  1028.7900  1028.7873    34.1059    34.1028    8.20128         29 0.0000e+00
    289.000    285.808    -0.6540  27.946790    -0.6519  27.946417     4.9315     5.0106    -0.0076    95.2311 1.0000e-12  -74.17530 -113.34459  26.986871      98.84 1.8212e+03    414.675       9953  1028.7950  1028.7926    34.1065    34.1037    8.20020         30 0.0000e+00
    290.000    286.797    -0.6536  27.948046    -0.6518  27.947528     4.9359     5.0179    -0.0105    95.2165 1.0000e-12  -74.17530 -113.34459  26.986885      99.85 1.8222e+03    415.877       9982  1028.8004  1028.7981    34.1072    34.1045    8.20007         28 0.0000e+00
    291.000    287.786    -0.6567  27.946039    -0.6544  27.945921     4.9452     5.0201    -0.0140    95.2273 1.0000e-12  -74.17530 -113.34460  26.986899      99.87 1.8220e+03    417.066      10011  1028.8056  1028.8033    34.1074    34.1047    8.20074         28 0.0000e+00
    292.000    288.774    -0.6570  27.946385    -0.6552  27.945899     4.9440     5.0166    -0.0130    95.2283 1.0000e-12  -74.17530 -113.34458  26.986913      99.87 1.8218e+03    418.252      10039  1028.8106  1028.8083    34.1076    34.1049    8.20079         29 0.0000e+00
    293.000    289.762    -0.6560  27.947953    -0.6541  27.947571     4.9404     5.0166    -0.0061    95.2208 1.0000e-12  -74.17530 -113.34458  26.986926      99.86 1.8223e+03    419.441      10068  1028.8156  1028.8134    34.1080    34.1053    8.20056         28 0.0000e+00
    294.000    290.751    -0.6541  27.950308    -0.6522  27.949921     4.9425     5.0157    -0.0101    95.2396 1.0000e-12  -74.17530 -113.34458  26.986940      99.87 1.8227e+03    420.644      10096  1028.8206  1028.8184    34.1084    34.1057    8.20012         30 0.0000e+00
    295.000    291.739    -0.6534  27.951532    -0.6514  27.951109     4.9393     5.0170    -0.0166    95.2328 1.0000e-12  -74.17530 -113.34458  26.986954      99.87 1.8228e+03    421.848      10125  1028.8256  1028.8232    34.1086    34.1059    8.19995         28 0.0000e+00
    296.000    292.727    -0.6529  27.952506    -0.6509  27.952114     4.9397     5.0163    -0.0130    95.2239 1.0000e-12  -74.17530 -113.34458  26.986968      99.87 1.8228e+03    423.040      10154  1028.8305  1028.8281    34.1088    34.1060    8.19984         29 0.0000e+00
    297.000    293.715    -0.6505  27.955039    -0.6487  27.954636     4.9389     5.0096    -0.0023    95.2318 1.0000e-12  -74.17530 -113.34458  26.986982      99.87 1.8228e+03    424.219      10182  1028.8352  1028.8330    34.1089    34.1063    8.19932         28 0.0000e+00
    298.000    294.704    -0.6490  27.957001    -0.6471  27.956698     4.9341     5.0078    -0.0022    95.2420 1.0000e-12  -74.17530 -113.34458  26.986995      75.92 1.8228e+03    425.395      10210  1028.8401  1028.8379    34.1093    34.1067    8.19897         28 0.0000e+00
