ocean_section_plots/required_files/ctd/dnbp2202_CTD002.cnv
* Sea-Bird SBE 9 Data File:
* FileName = D:\Data\raw\NBP2202_002.hex
* Software Version Seasave V 7.26.7.121
* Temperature SN = 1649
* Conductivity SN = 2513
* Number of Bytes Per Scan = 40
* Number of Voltage Words = 5
* Number of Scans Averaged by the Deck Unit = 1
* NMEA Latitude = 69 26.97 S
* NMEA Longitude = 102 20.59 W
* NMEA UTC (Time) = Jan 12 2022  15:16:05
* NMEA baud rate = 9600
** Ship: RVIB N.B. Palmer
** Cruise: NBP2202 Thwaites
** Station: Test
** Operator: B.Bjork A.Robinson
# nquan = 25
# nvalues = 510                         
# units = specified
# name 0 = prDM: Pressure, Digiquartz [db]
# name 1 = depSM: Depth [salt water, m]
# name 2 = t090C: Temperature [ITS-90, deg C]
# name 3 = c0mS/cm: Conductivity [mS/cm]
# name 4 = t190C: Temperature, 2 [ITS-90, deg C]
# name 5 = c1mS/cm: Conductivity, 2 [mS/cm]
# name 6 = sbeox0ML/L: Oxygen, SBE 43 [ml/l]
# name 7 = sbeox1ML/L: Oxygen, SBE 43, 2 [ml/l]
# name 8 = flECO-AFL: Fluorescence, WET Labs ECO-AFL/FL [mg/m^3]
# name 9 = CStarTr0: Beam Transmission, WET Labs C-Star [%]
# name 10 = par: PAR/Irradiance, Biospherical/Licor
# name 11 = latitude: Latitude [deg]
# name 12 = longitude: Longitude [deg]
# name 13 = timeJ: Julian Days
# name 14 = altM: Altimeter [m]
# name 15 = spar: SPAR, Biospherical/Licor
# name 16 = timeS: Time, Elapsed [seconds]
# name 17 = scan: Scan Count
# name 18 = density00: Density [density, kg/m^3]
# name 19 = density11: Density, 2 [density, kg/m^3]
# name 20 = sal00: Salinity, Practical [PSU]
# name 21 = sal11: Salinity, Practical, 2 [PSU]
# name 22 = oxsolML/L: Oxygen Saturation, Garcia & Gordon [ml/l]
# name 23 = nbin: number of scans per bin
# name 24 = flag: flag
# span 0 =      3.000,    512.000       
# span 1 =      2.964,    506.187       
# span 2 =    -1.6084,     1.9706       
# span 3 =  26.839031,  30.703188       
# span 4 =    -1.6084,     1.9730       
# span 5 =  26.838456,  30.702746       
# span 6 =     4.0408,     8.8692       
# span 7 =     4.1351,     9.0561       
# span 8 =    -0.0244,    14.1521       
# span 9 =    87.5014,    99.7245       
# span 10 = 1.0000e-12, 3.2352e+02      
# span 11 =  -69.44958,  -69.44956      
# span 12 = -102.34329, -102.34326      
# span 13 =  12.639201,  12.649990      
# span 14 =      16.13,     100.38      
# span 15 = 8.0440e+02, 1.0645e+03      
# span 16 =    261.961,   1194.134      
# span 17 =       6288,      28660      
# span 18 =  1026.6033,  1030.1438      
# span 19 =  1026.6054,  1030.1410      
# span 20 =    33.0750,    34.7083      
# span 21 =    33.0786,    34.7044      
# span 22 =    7.63311,    8.42900      
# span 23 =          1,         49      
# span 24 = 0.0000e+00, 0.0000e+00      
# interval = decibars: 1                
# start_time = Jan 12 2022 15:16:05 [NMEA time, header]
# bad_flag = -9.990e-29
*END*
[from data line 174]
    177.000    175.139     1.4880  30.030133     1.4910  30.027910     4.4562     4.5678     0.0276    99.5733 1.0000e-12  -69.44956 -102.34328  12.642664      99.90 8.4133e+02    561.138      13468  1028.4537  1028.4485    34.5171    34.5110    7.73533         24 0.0000e+00
    178.000    176.126     1.5190  30.061635     1.5224  30.059886     4.4505     4.5582     0.0171    99.5661 1.0000e-12  -69.44956 -102.34328  12.642675      99.91 8.4241e+02    562.094      13491  1028.4601  1028.4551    34.5226    34.5167    7.72896         22 0.0000e+00
    179.000    177.114     1.5307  30.073245     1.5336  30.071649     4.4492     4.5525     0.0143    99.5695 1.0000e-12  -69.44956 -102.34328  12.642685      99.90 8.4266e+02    563.010      13513  1028.4653  1028.4609    34.5239    34.5187    7.72659         22 0.0000e+00
    180.000    178.107     1.5358  30.078573     1.5388  30.077130     4.4465     4.5484     0.0162    99.5536 1.0000e-12  -69.44956 -102.34328  12.642696      99.91 8.4266e+02    563.913      13535  1028.4706  1028.4661    34.5245    34.5194    7.72557         22 0.0000e+00
    181.000    179.096     1.5411  30.084239     1.5439  30.082457     4.4378     4.5413     0.0171    99.5654 1.0000e-12  -69.44956 -102.34328  12.642707      99.90 8.4266e+02    564.852      13557  1028.4758  1028.4713    34.5253    34.5199    7.72449         23 0.0000e+00
    182.000    180.084     1.5481  30.091795     1.5515  30.090496     4.4244     4.5342     0.0059    99.5716 1.0000e-12  -69.44956 -102.34328  12.642718      99.90 8.4266e+02    565.833      13581  1028.4813  1028.4768    34.5266    34.5213    7.72304         24 0.0000e+00
    183.000    181.072     1.5578  30.101990     1.5606  30.100128     4.4125     4.5143     0.0144    99.5490 1.0000e-12  -69.44956 -102.34328  12.642730      99.90 8.4378e+02    566.857      13606  1028.4869  1028.4823    34.5284    34.5229    7.72106         25 0.0000e+00
    184.000    182.063     1.5750  30.119894     1.5783  30.118377     4.4059     4.5018     0.0212    99.5641 1.0000e-12  -69.44956 -102.34328  12.642742      99.91 8.4442e+02    567.888      13630  1028.4929  1028.4882    34.5316    34.5261    7.71752         24 0.0000e+00
    185.000    183.050     1.5925  30.138076     1.5957  30.136297     4.3989     4.5003     0.0216    99.5664 1.0000e-12  -69.44956 -102.34328  12.642754      99.90 8.4442e+02    568.900      13655  1028.4988  1028.4940    34.5348    34.5291    7.71392         24 0.0000e+00
    186.000    184.040     1.5989  30.144350     1.6018  30.142851     4.3937     4.4934     0.0149    99.5503 1.0000e-12  -69.44956 -102.34328  12.642765      86.27 8.4442e+02    569.897      13679  1028.5036  1028.4993    34.5353    34.5302    7.71266         24 0.0000e+00
    187.000    185.028     1.6026  30.149331     1.6055  30.147524     4.3818     4.4842     0.0137    99.5640 1.0000e-12  -69.44956 -102.34328  12.642777      82.78 8.4442e+02    570.914      13703  1028.5096  1028.5051    34.5369    34.5314    7.71184         25 0.0000e+00
    188.000    186.018     1.6155  30.162889     1.6187  30.161442     4.3854     4.4841     0.0082    99.5867 1.0000e-12  -69.44956 -102.34328  12.642789      93.77 8.4442e+02    571.933      13727  1028.5153  1028.5108    34.5393    34.5340    7.70919         24 0.0000e+00
    189.000    187.007     1.6224  30.170745     1.6247  30.168899     4.3863     4.4912     0.0108    99.5858 1.0000e-12  -69.44956 -102.34328  12.642800      98.31 8.4442e+02    572.916      13751  1028.5211  1028.5170    34.5412    34.5363    7.70775         23 0.0000e+00
    190.000    187.996     1.6101  30.159776     1.6111  30.157063     4.3783     4.4872     0.0099    99.5895 1.0000e-12  -69.44956 -102.34328  12.642811      99.91 8.4442e+02    573.859      13774  1028.5266  1028.5229    34.5402    34.5356    7.71021         22 0.0000e+00
    191.000    188.984     1.6030  30.153747     1.6066  30.153293     4.3708     4.4652     0.0072    99.5800 1.0000e-12  -69.44956 -102.34328  12.642822      99.90 8.4484e+02    574.779      13796  1028.5319  1028.5280    34.5398    34.5352    7.71161         22 0.0000e+00
    192.000    189.975     1.6023  30.155670     1.6058  30.154473     4.3612     4.4586     0.0143    99.5723 1.0000e-12  -69.44956 -102.34328  12.642832      99.90 8.4619e+02    575.715      13818  1028.5390  1028.5344    34.5424    34.5370    7.71162         23 0.0000e+00
    193.000    190.962     1.6251  30.178613     1.6283  30.177313     4.3466     4.4541     0.0137    99.5722 1.0000e-12  -69.44956 -102.34328  12.642844      99.90 8.4618e+02    576.707      13842  1028.5443  1028.5399    34.5459    34.5407    7.70698         25 0.0000e+00
    194.000    191.953     1.6287  30.182773     1.6317  30.181456     4.3238     4.4294     0.0066    99.5887 1.0000e-12  -69.44956 -102.34328  12.642856      99.90 8.4618e+02    577.746      13867  1028.5494  1028.5452    34.5466    34.5416    7.70623         25 0.0000e+00
    195.000    192.939     1.6393  30.194718     1.6432  30.193730     4.3072     4.4064     0.0144    99.5877 1.0000e-12  -69.44956 -102.34328  12.642868      99.91 8.4618e+02    578.805      13892  1028.5556  1028.5508    34.5496    34.5440    7.70402         25 0.0000e+00
    196.000    193.930     1.6780  30.236559     1.6816  30.235309     4.2891     4.3933     0.0140    99.5887 1.0000e-12  -69.44956 -102.34328  12.642880      99.90 8.4618e+02    579.837      13917  1028.5643  1028.5596    34.5595    34.5539    7.69595         25 0.0000e+00
    197.000    194.918     1.6925  30.252057     1.6957  30.250858     4.2875     4.3900     0.0143    99.6003 1.0000e-12  -69.44956 -102.34328  12.642892      99.90 8.4618e+02    580.831      13941  1028.5703  1028.5660    34.5626    34.5575    7.69296         23 0.0000e+00
    198.000    195.909     1.6967  30.256919     1.6996  30.255566     4.2887     4.3846     0.0143    99.6114 1.0000e-12  -69.44956 -102.34328  12.642903      99.90 8.4618e+02    581.783      13964  1028.5756  1028.5715    34.5635    34.5586    7.69209         23 0.0000e+00
    199.000    196.895     1.6985  30.259878     1.7014  30.258603     4.2838     4.3803     0.0099    99.5884 1.0000e-12  -69.44956 -102.34328  12.642913      99.90 8.4618e+02    582.725      13986  1028.5814  1028.5773    34.5648    34.5599    7.69168         22 0.0000e+00
    200.000    197.887     1.7007  30.263111     1.7036  30.261599     4.2735     4.3736     0.0091    99.5729 1.0000e-12  -69.44956 -102.34328  12.642925      77.93 8.4618e+02    583.685      14009  1028.5870  1028.5827    34.5658    34.5607    7.69119         24 0.0000e+00
    201.000    198.874     1.7103  30.273410     1.7132  30.271989     4.2601     4.3602     0.0112    99.5855 1.0000e-12  -69.44956 -102.34328  12.642936      98.20 8.4618e+02    584.667      14033  1028.5925  1028.5882    34.5678    34.5628    7.68923         24 0.0000e+00
    202.000    199.863     1.7206  30.284781     1.7239  30.283660     4.2501     4.3548     0.0079    99.5973 1.0000e-12  -69.44956 -102.34328  12.642948      99.88 8.4618e+02    585.671      14057  1028.5982  1028.5940    34.5703    34.5653    7.68709         24 0.0000e+00
    203.000    200.853     1.7357  30.300904     1.7389  30.299709     4.2451     4.3467     0.0143    99.5997 1.0000e-12  -69.44956 -102.34328  12.642959      99.90 8.4618e+02    586.689      14082  1028.6042  1028.5999    34.5735    34.5685    7.68399         24 0.0000e+00
    204.000    201.841     1.7422  30.308130     1.7451  30.306745     4.2398     4.3353     0.0137    99.5975 1.0000e-12  -69.44956 -102.34328  12.642971      99.90 8.4618e+02    587.699      14106  1028.6096  1028.6055    34.5749    34.5700    7.68265         24 0.0000e+00
    205.000    202.831     1.7468  30.313911     1.7498  30.312529     4.2289     4.3268     0.0063    99.5933 1.0000e-12  -69.44956 -102.34328  12.642982      99.90 8.4618e+02    588.682      14129  1028.6154  1028.6112    34.5766    34.5717    7.68167         24 0.0000e+00
    206.000    203.819     1.7588  30.327434     1.7617  30.325974     4.2290     4.3211     0.0139    99.5959 1.0000e-12  -69.44956 -102.34328  12.642994      99.90 8.4618e+02    589.657      14153  1028.6218  1028.6175    34.5800    34.5749    7.67917         23 0.0000e+00
    207.000    204.808     1.7634  30.332607     1.7664  30.331408     4.2312     4.3200     0.0083    99.6014 1.0000e-12  -69.44957 -102.34328  12.643005      99.90 8.4618e+02    590.613      14176  1028.6269  1028.6228    34.5808    34.5761    7.67822         23 0.0000e+00
    208.000    205.797     1.7650  30.334773     1.7678  30.333431     4.2258     4.3188     0.0069    99.5601 1.0000e-12  -69.44957 -102.34327  12.643016      99.90 8.4618e+02    591.582      14199  1028.6320  1028.6279    34.5813    34.5765    7.67790         23 0.0000e+00
    209.000    206.785     1.7675  30.337091     1.7704  30.336628     4.2274     4.3165     0.0106    99.5698 1.0000e-12  -69.44957 -102.34327  12.643028      99.90 8.4618e+02    592.575      14223  1028.6363  1028.6331    34.5810    34.5772    7.67744         24 0.0000e+00
    210.000    207.773     1.7699  30.340844     1.7727  30.339455     4.2124     4.3127     0.0143    99.5796 1.0000e-12  -69.44957 -102.34327  12.643039      99.90 8.4618e+02    593.600      14247  1028.6422  1028.6381    34.5825    34.5777    7.67689         26 0.0000e+00
    211.000    208.765     1.7745  30.346356     1.7777  30.345265     4.2013     4.3072     0.0173    99.5919 1.0000e-12  -69.44956 -102.34326  12.643051      99.90 8.4618e+02    594.626      14272  1028.6475  1028.6434    34.5837    34.5789    7.67592         24 0.0000e+00
    212.000    209.753     1.7826  30.355382     1.7855  30.353981     4.1953     4.2971     0.0189    99.6188 1.0000e-12  -69.44956 -102.34326  12.643063      99.03 8.4665e+02    595.640      14296  1028.6532  1028.6490    34.5857    34.5808    7.67425         24 0.0000e+00
    213.000    210.741     1.7929  30.366431     1.7959  30.365251     4.1938     4.2910     0.0143    99.6005 1.0000e-12  -69.44957 -102.34326  12.643074      74.57 8.4794e+02    596.616      14320  1028.6585  1028.6545    34.5878    34.5830    7.67215         23 0.0000e+00
    214.000    211.730     1.8012  30.375526     1.8042  30.374379     4.1875     4.2863     0.0143    99.5201 1.0000e-12  -69.44958 -102.34326  12.643085      86.76 8.4795e+02    597.552      14342  1028.6640  1028.6599    34.5896    34.5849    7.67045         21 0.0000e+00
    215.000    212.719     1.8086  30.384188     1.8115  30.382781     4.1751     4.2783     0.0064    99.5507 1.0000e-12  -69.44958 -102.34326  12.643096     100.22 8.4795e+02    598.480      14365  1028.6698  1028.6656    34.5918    34.5869    7.66889         23 0.0000e+00
    216.000    213.709     1.8147  30.391125     1.8176  30.389895     4.1701     4.2774     0.0069    99.5935 1.0000e-12  -69.44958 -102.34328  12.643107      99.90 8.4795e+02    599.413      14387  1028.6752  1028.6713    34.5933    34.5886    7.66764         23 0.0000e+00
    217.000    214.697     1.8209  30.398452     1.8234  30.396518     4.1750     4.2734     0.0121    99.5975 1.0000e-12  -69.44958 -102.34328  12.643118      99.90 8.4795e+02    600.387      14410  1028.6809  1028.6766    34.5952    34.5901    7.66634         24 0.0000e+00
    218.000    215.686     1.8255  30.403367     1.8285  30.402209     4.1692     4.2615     0.0143    99.5868 1.0000e-12  -69.44958 -102.34328  12.643130      99.90 8.4795e+02    601.398      14435  1028.6858  1028.6817    34.5958    34.5911    7.66542         24 0.0000e+00
    219.000    216.675     1.8297  30.408482     1.8328  30.407248     4.1670     4.2580     0.0101    99.5679 1.0000e-12  -69.44958 -102.34328  12.643142      99.90 8.4795e+02    602.432      14459  1028.6912  1028.6870    34.5970    34.5922    7.66454         25 0.0000e+00
    220.000    217.663     1.8355  30.415187     1.8385  30.413945     4.1573     4.2619     0.0032    99.5753 1.0000e-12  -69.44958 -102.34328  12.643153      99.90 8.4795e+02    603.451      14484  1028.6967  1028.6925    34.5986    34.5937    7.66334         25 0.0000e+00
    221.000    218.653     1.8368  30.417079     1.8397  30.415817     4.1572     4.2564     0.0057    99.5963 1.0000e-12  -69.44958 -102.34328  12.643165      99.90 8.4795e+02    604.472      14508  1028.7016  1028.6976    34.5989    34.5942    7.66307         24 0.0000e+00
    222.000    219.641     1.8383  30.419434     1.8412  30.418063     4.1455     4.2488     0.0087    99.5970 1.0000e-12  -69.44958 -102.34328  12.643177      99.90 8.4809e+02    605.509      14533  1028.7069  1028.7028    34.5997    34.5948    7.66274         25 0.0000e+00
    223.000    220.631     1.8466  30.428636     1.8492  30.427151     4.1163     4.2382     0.0035    99.5954 1.0000e-12  -69.44958 -102.34328  12.643189      99.90 8.4854e+02    606.531      14558  1028.7124  1028.7084    34.6017    34.5969    7.66104         24 0.0000e+00
    224.000    221.618     1.8527  30.435614     1.8554  30.434342     4.1488     4.2339     0.0109    99.5925 1.0000e-12  -69.44958 -102.34328  12.643200      99.90 8.4864e+02    607.513      14581  1028.7178  1028.7140    34.6032    34.5986    7.65978         23 0.0000e+00
    225.000    222.607     1.8577  30.441918     1.8604  30.440537     4.1472     4.2338    -0.0098    99.5965 1.0000e-12  -69.44958 -102.34328  12.643211      99.90 8.4802e+02    608.456      14604  1028.7236  1028.7196    34.6051    34.6004    7.65872         22 0.0000e+00
    226.000    223.597     1.8609  30.445914     1.8638  30.444725     4.1361     4.2270     0.0133    99.5941 1.0000e-12  -69.44958 -102.34328  12.643222      94.35 8.4795e+02    609.367      14626  1028.7289  1028.7249    34.6061    34.6014    7.65805         22 0.0000e+00
    227.000    224.585     1.8622  30.447752     1.8650  30.446684     4.1313     4.2261     0.0085    99.5836 1.0000e-12  -69.44958 -102.34328  12.643233      89.78 8.4795e+02    610.289      14648  1028.7338  1028.7300    34.6063    34.6020    7.65777         23 0.0000e+00
    228.000    225.574     1.8666  30.453555     1.8695  30.452131     4.1279     4.2258     0.0069    99.5846 1.0000e-12  -69.44958 -102.34328  12.643244      96.71 8.4795e+02    611.258      14671  1028.7396  1028.7355    34.6083    34.6034    7.65682         24 0.0000e+00
    229.000    226.563     1.8700  30.457693     1.8728  30.456477     4.1175     4.2262    -0.0013    99.5954 1.0000e-12  -69.44958 -102.34328  12.643256      99.90 8.4795e+02    612.272      14696  1028.7448  1028.7409    34.6091    34.6045    7.65612         24 0.0000e+00
    230.000    227.553     1.8714  30.459996     1.8743  30.458752     4.1149     4.2220    -0.0013    99.5990 1.0000e-12  -69.44958 -102.34328  12.643267      99.90 8.4795e+02    613.287      14720  1028.7501  1028.7461    34.6099    34.6053    7.65581         25 0.0000e+00
    231.000    228.540     1.8744  30.463822     1.8772  30.462602     4.1190     4.2262     0.0097    99.5992 1.0000e-12  -69.44958 -102.34328  12.643279      99.89 8.4795e+02    614.281      14744  1028.7553  1028.7514    34.6109    34.6063    7.65518         23 0.0000e+00
    232.000    229.530     1.8763  30.466464     1.8792  30.465390     4.1211     4.2232     0.0092    99.6184 1.0000e-12  -69.44958 -102.34328  12.643290      99.90 8.4795e+02    615.259      14767  1028.7605  1028.7566    34.6116    34.6071    7.65478         23 0.0000e+00
    233.000    230.519     1.8783  30.468931     1.8812  30.467986     4.1254     4.2176    -0.0071    99.5965 1.0000e-12  -69.44958 -102.34328  12.643301      99.90 8.4774e+02    616.228      14790  1028.7653  1028.7616    34.6120    34.6076    7.65438         24 0.0000e+00
