ocean_section_plots/required_files/ctd/dnbp2202_ctd273.cnv
* Sea-Bird SBE 9 Data File:
* FileName = D:\Data\raw\NBP2202_CTD273.hex
* Software Version Seasave V 7.26.7.121
* Temperature SN = 1649
* Conductivity SN = 2513
* Number of Bytes Per Scan = 40
* Number of Voltage Words = 5
* Number of Scans Averaged by the Deck Unit = 1
* NMEA Latitude = 73 56.55 S
* NMEA Longitude = 116 12.19 W
* NMEA UTC (Time) = Feb 21 2022  02:04:59
* NMEA baud rate = 9600
** Ship: RVIB N.B. Palmer
** Cruise: NBP2202 Thwaites
** Station: 175
** Operator: A. Robinson
# nquan = 28
# nvalues = 351                         
# units = specified
# name 0 = prDM: Pressure, Digiquartz [db]
# name 1 = depSM: Depth [salt water, m]
# name 2 = t090C: Temperature [ITS-90, deg C]
# name 3 = c0mS/cm: Conductivity [mS/cm]
# name 4 = t190C: Temperature, 2 [ITS-90, deg C]
# name 5 = c1mS/cm: Conductivity, 2 [mS/cm]
# name 6 = sbeox0ML/L: Oxygen, SBE 43 [ml/l]
# name 7 = sbeox1ML/L: Oxygen, SBE 43, 2 [ml/l]
# name 8 = flECO-AFL: Fluorescence, WET Labs ECO-AFL/FL [mg/m^3]
# name 9 = CStarTr0: Beam Transmission, WET Labs C-Star [%]
# name 10 = par: PAR/Irradiance, Biospherical/Licor
# name 11 = latitude: Latitude [deg]
# name 12 = longitude: Longitude [deg]
# name 13 = timeJ: Julian Days
# name 14 = altM: Altimeter [m]
# name 15 = spar: SPAR, Biospherical/Licor
# name 16 = timeS: Time, Elapsed [seconds]
# name 17 = scan: Scan Count
# name 18 = density00: Density [density, kg/m^3]
# name 19 = density11: Density, 2 [density, kg/m^3]
# name 20 = v3: Voltage 3
# name 21 = v4: Voltage 4
# name 22 = v5: Voltage 5
# name 23 = sal00: Salinity, Practical [PSU]
# name 24 = sal11: Salinity, Practical, 2 [PSU]
# name 25 = oxsolML/L: Oxygen Saturation, Garcia & Gordon [ml/l]
# name 26 = nbin: number of scans per bin
# name 27 = flag: flag
# span 0 =      2.000,    352.000       
# span 1 =      1.978,    348.065       
# span 2 =    -1.8681,    -0.3926       
# span 3 =  26.862608,  27.873840       
# span 4 =    -1.8661,    -0.3913       
# span 5 =  26.864647,  27.873969       
# span 6 =     6.3861,     9.1705       
# span 7 =     6.5801,     9.5186       
# span 8 =    -0.0243,    12.1069       
# span 9 =    86.7469,    98.5004       
# span 10 = 1.0000e-12, 7.2120e+01      
# span 11 =  -73.94268,  -73.94266      
# span 12 = -116.20332, -116.20328      
# span 13 =  52.089625,  52.095820      
# span 14 =       2.58,     100.02      
# span 15 = 1.4456e+02, 1.5262e+02      
# span 16 =    244.638,    779.823      
# span 17 =       5872,      18717      
# span 18 =  1027.1737,  1029.1275      
# span 19 =  1027.1742,  1029.1267      
# span 20 =     4.1154,     4.6727      
# span 21 =     0.0651,     2.2416      
# span 22 =     0.1132,     0.1985      
# span 23 =    33.8065,    34.0860      
# span 24 =    33.8066,    34.0852      
# span 25 =    8.16016,    8.47450      
# span 26 =         24,         72      
# span 27 = 0.0000e+00, 0.0000e+00      
# interval = decibars: 1                
# start_time = Feb 21 2022 02:04:59 [NMEA time, header]
# bad_flag = -9.990e-29
*END*
[from data line 259]
    261.000    258.138    -1.8187  26.936893    -1.8177  26.937626     6.4229     6.6154     0.0532    98.1006 1.0000e-12  -73.94266 -116.20330  52.093646      90.52 1.5087e+02    592.053      14210  1028.6765  1028.6763     4.6537     0.0837     0.1205    34.0639    34.0637    8.46223         26 0.0000e+00
    262.000    259.127    -1.8180  26.938130    -1.8167  26.939126     6.4207     6.6216     0.5535    97.9017 1.0000e-12  -73.94266 -116.20330  52.093659      89.40 1.5184e+02    593.138      14236  1028.6815  1028.6813     4.6443     0.0719     0.1234    34.0642    34.0641    8.46205         27 0.0000e+00
    263.000    260.115    -1.8178  26.938802    -1.8169  26.939295     6.4259     6.6212     0.8966    98.0842 1.0000e-12  -73.94266 -116.20330  52.093672      88.85 1.5219e+02    594.274      14264  1028.6863  1028.6860     4.6530     0.0740     0.1210    34.0642    34.0639    8.46200         27 0.0000e+00
    264.000    261.104    -1.8175  26.939509    -1.8165  26.940294     6.4216     6.6135     0.0781    97.9624 1.0000e-12  -73.94266 -116.20330  52.093685      87.63 1.5116e+02    595.407      14291  1028.6911  1028.6910     4.6472     0.1257     0.1233    34.0642    34.0642    8.46193         27 0.0000e+00
    265.000    262.092    -1.8150  26.942710    -1.8143  26.943034     6.4162     6.6165     0.0488    98.0768 1.0000e-12  -73.94266 -116.20330  52.093698      86.74 1.5147e+02    596.524      14318  1028.6965  1028.6963     4.6525     0.0958     0.1213    34.0652    34.0649    8.46129         27 0.0000e+00
    266.000    263.080    -1.8139  26.944301    -1.8137  26.944128     6.4145     6.6161     0.0803    98.0345 1.0000e-12  -73.94266 -116.20330  52.093711      84.95 1.5215e+02    597.649      14345  1028.7016  1028.7012     4.6506     0.0785     0.1260    34.0656    34.0650    8.46103         26 0.0000e+00
    267.000    264.070    -1.8141  26.944564    -1.8119  26.946538     6.4208     6.6175     0.0595    97.8638 1.0000e-12  -73.94266 -116.20330  52.093724      84.76 1.5139e+02    598.751      14371  1028.7064  1028.7064     4.6425     0.0729     0.1194    34.0655    34.0657    8.46107         26 0.0000e+00
    268.000    265.058    -1.8135  26.945717    -1.8123  26.946441     6.4220     6.6099     0.0510    97.9412 1.0000e-12  -73.94266 -116.20330  52.093737      83.70 1.5078e+02    599.837      14397  1028.7114  1028.7111     4.6462     0.0744     0.1190    34.0658    34.0655    8.46092         26 0.0000e+00
    269.000    266.046    -1.8126  26.947108    -1.8120  26.947292     6.4166     6.6114     0.1704    97.7749 1.0000e-12  -73.94266 -116.20330  52.093749      82.00 1.5212e+02    600.942      14424  1028.7164  1028.7160     4.6383     0.0925     0.1184    34.0661    34.0657    8.46069         28 0.0000e+00
    270.000    267.034    -1.8147  26.945079    -1.8139  26.945533     6.4200     6.6197     0.2049    97.9417 1.0000e-12  -73.94266 -116.20330  52.093762      82.03 1.5195e+02    602.050      14450  1028.7205  1028.7203     4.6462     0.0716     0.1191    34.0650    34.0648    8.46123         26 0.0000e+00
    271.000    268.024    -1.8163  26.943974    -1.8157  26.944145     6.4169     6.6204     0.0668    98.0128 1.0000e-12  -73.94266 -116.20330  52.093775      80.76 1.5079e+02    603.145      14476  1028.7251  1028.7247     4.6496     0.0788     0.1205    34.0647    34.0642    8.46162         26 0.0000e+00
    272.000    269.011    -1.8164  26.944322    -1.8157  26.944472     6.4204     6.6190     0.0024    98.1142 1.0000e-12  -73.94266 -116.20330  52.093788      79.44 1.5192e+02    604.263      14503  1028.7299  1028.7294     4.6544     0.0747     0.1203    34.0646    34.0641    8.46164         28 0.0000e+00
    273.000    269.999    -1.8163  26.944781    -1.8156  26.945183     6.4208     6.6189     0.1104    97.9860 1.0000e-12  -73.94266 -116.20330  52.093801      78.40 1.5168e+02    605.388      14530  1028.7346  1028.7344     4.6483     0.0710     0.1202    34.0645    34.0643    8.46163         26 0.0000e+00
    274.000    270.986    -1.8162  26.945356    -1.8155  26.945560     6.4212     6.6131     0.2575    98.0345 1.0000e-12  -73.94266 -116.20330  52.093814      77.37 1.5031e+02    606.493      14557  1028.7395  1028.7390     4.6506     0.0715     0.1223    34.0646    34.0641    8.46161         27 0.0000e+00
    275.000    271.976    -1.8161  26.946002    -1.8155  26.946115     6.4151     6.6110     0.2385    97.8561 1.0000e-12  -73.94266 -116.20330  52.093826      76.41 1.5187e+02    607.594      14583  1028.7443  1028.7439     4.6421     0.0753     0.1255    34.0647    34.0643    8.46157         26 0.0000e+00
    276.000    272.964    -1.8160  26.946396    -1.8155  26.946622     6.4147     6.6106     0.0846    97.8744 1.0000e-12  -73.94266 -116.20330  52.093839      76.26 1.5161e+02    608.702      14610  1028.7490  1028.7487     4.6430     0.0737     0.1205    34.0646    34.0643    8.46157         26 0.0000e+00
    277.000    273.953    -1.8164  26.946423    -1.8158  26.946588     6.4242     6.6093     0.0235    97.5864 1.0000e-12  -73.94266 -116.20330  52.093852      74.94 1.5060e+02    609.815      14637  1028.7537  1028.7533     4.6294     0.0717     0.1183    34.0644    34.0640    8.46166         28 0.0000e+00
    278.000    274.941    -1.8160  26.947384    -1.8155  26.947348     6.4115     6.6094     0.0182    98.0458 1.0000e-12  -73.94266 -116.20330  52.093865      72.96 1.5167e+02    610.933      14663  1028.7587  1028.7582     4.6511     0.0708     0.1199    34.0647    34.0641    8.46156         26 0.0000e+00
    279.000    275.929    -1.8145  26.949642    -1.8139  26.949594     6.4166     6.6192     0.0939    98.0988 1.0000e-12  -73.94266 -116.20330  52.093878      72.57 1.5181e+02    612.065      14691  1028.7640  1028.7634     4.6536     0.0749     0.1190    34.0655    34.0648    8.46116         27 0.0000e+00
    280.000    276.918    -1.8141  26.950368    -1.8131  26.950910     6.4164     6.6152     0.1955    98.1150 1.0000e-12  -73.94266 -116.20330  52.093891      71.48 1.5056e+02    613.173      14717  1028.7688  1028.7684     4.6544     0.0922     0.1428    34.0654    34.0650    8.46108         27 0.0000e+00
    281.000    277.906    -1.8134  26.951579    -1.8126  26.952041     6.4115     6.6188     0.0717    97.9977 1.0000e-12  -73.94266 -116.20330  52.093903      71.46 1.5194e+02    614.264      14743  1028.7737  1028.7735     4.6489     0.0804     0.1299    34.0657    34.0654    8.46090         26 0.0000e+00
    282.000    278.894    -1.8132  26.952318    -1.8129  26.952068     6.4185     6.6141     0.0112    98.0893 1.0000e-12  -73.94266 -116.20330  52.093916      69.49 1.5181e+02    615.377      14770  1028.7787  1028.7781     4.6532     0.0771     0.1234    34.0658    34.0651    8.46084         27 0.0000e+00
    283.000    279.883    -1.8135  26.952147    -1.8134  26.952039     6.4147     6.6113     0.2290    98.1239 1.0000e-12  -73.94266 -116.20330  52.093930      68.36 1.5111e+02    616.514      14797  1028.7831  1028.7828     4.6549     0.0742     0.1196    34.0654    34.0650    8.46096         28 0.0000e+00
    284.000    280.870    -1.8153  26.950826    -1.8142  26.951497     6.4105     6.6141     0.1132    98.1158 1.0000e-12  -73.94266 -116.20330  52.093943      67.46 1.5161e+02    617.648      14825  1028.7876  1028.7873     4.6545     0.0706     0.1216    34.0649    34.0646    8.46138         26 0.0000e+00
    285.000    281.860    -1.8145  26.952275    -1.8137  26.952499     6.4107     6.6158     0.0834    98.1128 1.0000e-12  -73.94266 -116.20330  52.093955      66.50 1.5161e+02    618.734      14851  1028.7928  1028.7923     4.6543     0.0718     0.1219    34.0654    34.0648    8.46117         26 0.0000e+00
    286.000    282.848    -1.8126  26.954822    -1.8114  26.955477     6.4147     6.6166     0.0917    98.1385 1.0000e-12  -73.94266 -116.20330  52.093968      65.61 1.5168e+02    619.808      14876  1028.7981  1028.7977     4.6555     0.0729     0.1186    34.0662    34.0657    8.46070         26 0.0000e+00
    287.000    283.836    -1.8088  26.959274    -1.8070  26.960803     6.4089     6.6064     0.0299    98.0725 1.0000e-12  -73.94266 -116.20330  52.093980      65.55 1.5167e+02    620.908      14903  1028.8037  1028.8036     4.6524     0.0796     0.1219    34.0674    34.0674    8.45976         27 0.0000e+00
    288.000    284.825    -1.8022  26.967280    -1.7998  26.968979     6.4096     6.6002     0.0230    98.0653 1.0000e-12  -73.94266 -116.20330  52.093993      64.79 1.5193e+02    622.035      14930  1028.8103  1028.8100     4.6521     0.0667     0.1206    34.0702    34.0699    8.45806         27 0.0000e+00
    289.000    285.812    -1.8015  26.968140    -1.8004  26.968730     6.4127     6.6018    -0.0060    98.1554 1.0000e-12  -73.94266 -116.20330  52.094007      62.66 1.5167e+02    623.173      14957  1028.8150  1028.8146     4.6563     0.0709     0.1183    34.0700    34.0696    8.45791         27 0.0000e+00
    290.000    286.800    -1.7996  26.970677    -1.7988  26.970985     6.4080     6.6010     0.0726    98.1559 1.0000e-12  -73.94266 -116.20330  52.094020      62.16 1.5201e+02    624.308      14984  1028.8203  1028.8199     4.6564     0.0693     0.1166    34.0707    34.0702    8.45743         27 0.0000e+00
    291.000    287.789    -1.7998  26.970831    -1.7992  26.970965     6.4088     6.6061     0.0647    98.1174 1.0000e-12  -73.94266 -116.20332  52.094033      62.88 1.5205e+02    625.445      15012  1028.8251  1028.8246     4.6546     0.0671     0.1155    34.0706    34.0701    8.45750         28 0.0000e+00
    292.000    288.777    -1.8009  26.970147    -1.8002  26.970245     6.4135     6.6088    -0.0008    98.1069 1.0000e-12  -73.94266 -116.20331  52.094046      60.55 1.5195e+02    626.569      15039  1028.8297  1028.8292     4.6541     0.0662     0.1182    34.0703    34.0697    8.45776         26 0.0000e+00
    293.000    289.765    -1.8005  26.971112    -1.7997  26.971268     6.4128     6.6091     0.0115    97.8698 1.0000e-12  -73.94266 -116.20331  52.094059      60.51 1.5114e+02    627.680      15065  1028.8347  1028.8341     4.6428     0.0725     0.1188    34.0706    34.0698    8.45767         27 0.0000e+00
    294.000    290.755    -1.7976  26.974720    -1.7968  26.974915     6.4060     6.6063     0.0001    97.6246 1.0000e-12  -73.94266 -116.20331  52.094072      58.69 1.5167e+02    628.817      15093  1028.8402  1028.8397     4.6312     0.0695     0.1186    34.0716    34.0710    8.45693         26 0.0000e+00
    295.000    291.741    -1.7949  26.977946    -1.7933  26.979131     6.4105     6.6036     0.0062    98.2337 1.0000e-12  -73.94266 -116.20329  52.094085      58.82 1.5148e+02    629.972      15120  1028.8455  1028.8452     4.6600     0.0674     0.1163    34.0724    34.0721    8.45627         27 0.0000e+00
    296.000    292.730    -1.7935  26.979856    -1.7936  26.979170     6.4045     6.6015    -0.0009    98.2188 1.0000e-12  -73.94266 -116.20330  52.094098      57.68 1.5115e+02    631.083      15147  1028.8505  1028.8500     4.6593     0.0868     0.1193    34.0728    34.0720    8.45592         27 0.0000e+00
    297.000    293.720    -1.7955  26.978202    -1.7948  26.978499     6.4020     6.6022     0.0285    98.2089 1.0000e-12  -73.94266 -116.20328  52.094111      55.99 1.5113e+02    632.184      15173  1028.8550  1028.8546     4.6589     0.0675     0.1151    34.0722    34.0717    8.45643         26 0.0000e+00
    298.000    294.706    -1.7893  26.985464    -1.7889  26.985067     6.4023     6.5998     0.0141    98.2812 1.0000e-12  -73.94266 -116.20330  52.094124      55.48 1.5106e+02    633.286      15200  1028.8614  1028.8605     4.6623     0.0666     0.1165    34.0746    34.0735    8.45487         26 0.0000e+00
    299.000    295.695    -1.7883  26.986762    -1.7873  26.987255     6.4052     6.6030    -0.0014    98.3025 1.0000e-12  -73.94266 -116.20330  52.094136      54.34 1.5060e+02    634.395      15226  1028.8662  1028.8657     4.6633     0.0660     0.1168    34.0746    34.0741    8.45464         28 0.0000e+00
    300.000    296.683    -1.7871  26.988519    -1.7863  26.988744     6.4055     6.6023    -0.0068    98.3198 1.0000e-12  -73.94266 -116.20330  52.094150      53.10 1.5095e+02    635.533      15254  1028.8713  1028.8708     4.6641     0.0666     0.1162    34.0750    34.0744    8.45433         27 0.0000e+00
    301.000    297.672    -1.7873  26.988796    -1.7863  26.989303     6.3984     6.5995     0.0029    98.3199 1.0000e-12  -73.94266 -116.20330  52.094163      53.44 1.5102e+02    636.672      15281  1028.8761  1028.8757     4.6641     0.0666     0.1163    34.0749    34.0745    8.45437         27 0.0000e+00
    302.000    298.660    -1.7843  26.992532    -1.7835  26.992552     6.3987     6.6038    -0.0243    98.3333 1.0000e-12  -73.94266 -116.20330  52.094176      52.76 1.5050e+02    637.793      15308  1028.8817  1028.8809     4.6648     0.0661     0.1175    34.0762    34.0753    8.45363         27 0.0000e+00
    303.000    299.648    -1.7813  26.996092    -1.7805  26.996332     6.4045     6.6007    -0.0149    98.2553 1.0000e-12  -73.94266 -116.20330  52.094189      51.19 1.5217e+02    638.899      15335  1028.8870  1028.8865     4.6610     0.0653     0.1175    34.0770    34.0764    8.45288         27 0.0000e+00
    304.000    300.637    -1.7818  26.996103    -1.7810  26.996113     6.4058     6.6001    -0.0091    98.2947 1.0000e-12  -73.94266 -116.20330  52.094202      49.88 1.5149e+02    640.030      15362  1028.8918  1028.8911     4.6629     0.0665     0.1158    34.0769    34.0761    8.45299         27 0.0000e+00
    305.000    301.624    -1.7804  26.997994    -1.7804  26.997242     6.4027     6.5932    -0.0100    98.3410 1.0000e-12  -73.94266 -116.20330  52.094215      48.42 1.5054e+02    641.184      15389  1028.8969  1028.8961     4.6651     0.0846     0.1148    34.0774    34.0763    8.45265         28 0.0000e+00
    306.000    302.612    -1.7802  26.998666    -1.7792  26.998933     6.4041     6.5898    -0.0147    98.3458 1.0000e-12  -73.94266 -116.20330  52.094229      47.99 1.5100e+02    642.366      15418  1028.9018  1028.9012     4.6653     0.0668     0.1177    34.0774    34.0767    8.45260         29 0.0000e+00
    307.000    303.602    -1.7801  26.999020    -1.7791  26.999423     6.4000     6.5957    -0.0180    98.3572 1.0000e-12  -73.94266 -116.20330  52.094243      47.18 1.5070e+02    643.624      15448  1028.9065  1028.9059     4.6659     0.0700     0.1165    34.0772    34.0766    8.45260         29 0.0000e+00
    308.000    304.588    -1.7794  27.000194    -1.7784  27.000573     6.3970     6.5991    -0.0150    98.3016 1.0000e-12  -73.94266 -116.20330  52.094259      46.45 1.5006e+02    644.940      15480  1028.9114  1028.9109     4.6633     0.0675     0.1153    34.0774    34.0768    8.45243         32 0.0000e+00
    309.000    305.577    -1.7793  27.000736    -1.7784  27.000989     6.3937     6.5990    -0.0157    98.3636 1.0000e-12  -73.94266 -116.20329  52.094274      45.32 1.5080e+02    646.284      15512  1028.9163  1028.9156     4.6662     0.0667     0.1160    34.0774    34.0768    8.45241         33 0.0000e+00
    310.000    306.565    -1.7794  27.001126    -1.7784  27.001436     6.3967     6.5973    -0.0120    98.3916 1.0000e-12  -73.94266 -116.20329  52.094290      44.30 1.5088e+02    647.695      15546  1028.9211  1028.9205     4.6675     0.0653     0.1145    34.0774    34.0768    8.45242         34 0.0000e+00
    311.000    307.553    -1.7795  27.001451    -1.7785  27.001782     6.3917     6.5906    -0.0071    98.3888 1.0000e-12  -73.94266 -116.20329  52.094307      42.32 1.5020e+02    649.138      15580  1028.9259  1028.9253     4.6674     0.0665     0.1191    34.0774    34.0767    8.45245         33 0.0000e+00
