ocean_section_plots/required_files/ctd/dnbp2202_ctd144.cnv
* Sea-Bird SBE 9 Data File:
* FileName = D:\Data\raw\NBP2202_CTD144.hex
* Software Version Seasave V 7.26.7.121
* Temperature SN = 1649
* Conductivity SN = 2513
* Number of Bytes Per Scan = 40
* Number of Voltage Words = 5
* Number of Scans Averaged by the Deck Unit = 1
* NMEA Latitude = 74 06.98 S
* NMEA Longitude = 113 02.82 W
* NMEA UTC (Time) = Jan 30 2022  08:13:06
* NMEA baud rate = 9600
** Ship: RVIB N.B. Palmer
** Cruise: NBP2202 Thwaites
** Station: 72
** Operator: B. Bjork
# nquan = 28
# nvalues = 660                         
# units = specified
# name 0 = prDM: Pressure, Digiquartz [db]
# name 1 = depSM: Depth [salt water, m]
# name 2 = t090C: Temperature [ITS-90, deg C]
# name 3 = c0mS/cm: Conductivity [mS/cm]
# name 4 = t190C: Temperature, 2 [ITS-90, deg C]
# name 5 = c1mS/cm: Conductivity, 2 [mS/cm]
# name 6 = sbeox0ML/L: Oxygen, SBE 43 [ml/l]
# name 7 = sbeox1ML/L: Oxygen, SBE 43, 2 [ml/l]
# name 8 = flECO-AFL: Fluorescence, WET Labs ECO-AFL/FL [mg/m^3]
# name 9 = CStarTr0: Beam Transmission, WET Labs C-Star [%]
# name 10 = par: PAR/Irradiance, Biospherical/Licor
# name 11 = latitude: Latitude [deg]
# name 12 = longitude: Longitude [deg]
# name 13 = timeJ: Julian Days
# name 14 = altM: Altimeter [m]
# name 15 = spar: SPAR, Biospherical/Licor
# name 16 = timeS: Time, Elapsed [seconds]
# name 17 = scan: Scan Count
# name 18 = density00: Density [density, kg/m^3]
# name 19 = density11: Density, 2 [density, kg/m^3]
# name 20 = v3: Voltage 3
# name 21 = v4: Voltage 4
# name 22 = v5: Voltage 5
# name 23 = sal00: Salinity, Practical [PSU]
# name 24 = sal11: Salinity, Practical, 2 [PSU]
# name 25 = oxsolML/L: Oxygen Saturation, Garcia & Gordon [ml/l]
# name 26 = nbin: number of scans per bin
# name 27 = flag: flag
# span 0 =      2.000,    661.000       
# span 1 =      1.981,    653.113       
# span 2 =    -1.5337,     0.2765       
# span 3 =  27.060490,  29.156841       
# span 4 =    -1.5329,     0.2776       
# span 5 =  27.061114,  29.155309       
# span 6 =     4.6432,     8.4780       
# span 7 =     4.7285,     8.5937       
# span 8 =    -0.0196,    26.9641       
# span 9 =    67.2385,    93.3049       
# span 10 = -3.405e-04, 9.2894e+00      
# span 11 =  -74.11640,  -74.11640      
# span 12 = -113.04704, -113.04700      
# span 13 =  30.344624,  30.354516      
# span 14 =       2.47,     106.56      
# span 15 = 3.1768e+01, 4.5765e+01      
# span 16 =    189.531,   1044.203      
# span 17 =       4550,      25062      
# span 18 =  1027.1840,  1030.7718      
# span 19 =  1027.1841,  1030.7692      
# span 20 =     3.1903,     4.4263      
# span 21 =     0.0634,     4.0014      
# span 22 =     0.1175,     0.2537      
# span 23 =    33.7912,    34.4508      
# span 24 =    33.7899,    34.4475      
# span 25 =    7.98334,    8.40305      
# span 26 =         13,         49      
# span 27 = 0.0000e+00, 0.0000e+00      
# interval = decibars: 1                
# start_time = Jan 30 2022 08:13:06 [NMEA time, header]
# bad_flag = -9.990e-29
*END*
[from data line 518]
    520.000    513.974     0.0846  28.882449     0.0869  28.882392     4.7179     4.8140    -0.0087    92.8942 1.0000e-12  -74.11640 -113.04700  30.351483      99.92 4.3379e+01    782.147      18773  1030.0711  1030.0688     4.4068     0.0713     0.1370    34.3867    34.3841    8.02689         28 0.0000e+00
    521.000    514.960     0.0898  28.888704     0.0920  28.888461     4.7193     4.8078    -0.0058    92.9155 1.0000e-12  -74.11640 -113.04702  30.351497      99.92 4.4374e+01    783.301      18800  1030.0768  1030.0744     4.4079     0.0694     0.1357    34.3886    34.3858    8.02570         27 0.0000e+00
    522.000    515.949     0.0901  28.889468     0.0915  28.888552     4.7178     4.8109    -0.0009    92.9144 1.0000e-12  -74.11640 -113.04700  30.351509      99.92 4.4068e+01    784.412      18827  1030.0816  1030.0793     4.4078     0.0700     0.1378    34.3887    34.3859    8.02564         26 0.0000e+00
    523.000    516.935     0.0907  28.890689     0.0920  28.889794     4.7159     4.8066    -0.0017    92.9144 1.0000e-12  -74.11640 -113.04701  30.351522      89.02 4.4072e+01    785.516      18853  1030.0866  1030.0844     4.4078     0.0685     0.1371    34.3891    34.3864    8.02549         28 0.0000e+00
    524.000    517.923     0.0901  28.890496     0.0919  28.890040     4.7235     4.8048    -0.0100    92.9354 1.0000e-12  -74.11640 -113.04701  30.351536      98.34 4.4072e+01    786.682      18881  1030.0913  1030.0890     4.4088     0.0697     0.1369    34.3889    34.3862    8.02562         28 0.0000e+00
    525.000    518.910     0.0886  28.889762     0.0909  28.889778     4.7202     4.8086    -0.0134    92.9392 1.0000e-12  -74.11640 -113.04701  30.351549      99.92 4.4072e+01    787.833      18909  1030.0962  1030.0940     4.4090     0.0697     0.1358    34.3889    34.3865    8.02592         27 0.0000e+00
    526.000    519.897     0.0875  28.889309     0.0903  28.889655     4.7219     4.8095    -0.0053    92.9630 1.0000e-12  -74.11640 -113.04701  30.351562      99.92 4.4072e+01    788.958      18936  1030.1011  1030.0988     4.4101     0.0703     0.1383    34.3890    34.3864    8.02615         27 0.0000e+00
    527.000    520.884     0.0894  28.891742     0.0919  28.891845     4.7167     4.8104    -0.0135    92.9668 1.0000e-12  -74.11640 -113.04700  30.351575      99.92 4.4072e+01    790.105      18964  1030.1060  1030.1037     4.4103     0.0690     0.1359    34.3895    34.3869    8.02573         28 0.0000e+00
    528.000    521.871     0.0918  28.894645     0.0936  28.894152     4.7176     4.8074    -0.0070    92.9999 1.0000e-12  -74.11640 -113.04702  30.351588      99.92 4.4405e+01    791.240      18991  1030.1110  1030.1087     4.4119     0.0697     0.1362    34.3901    34.3874    8.02520         27 0.0000e+00
    529.000    522.859     0.0937  28.897076     0.0955  28.896427     4.7121     4.8037    -0.0072    93.0125 1.0000e-12  -74.11640 -113.04700  30.351601      99.92 4.5109e+01    792.362      19018  1030.1159  1030.1135     4.4125     0.0721     0.1334    34.3905    34.3877    8.02477         27 0.0000e+00
    530.000    523.846     0.0952  28.898789     0.0977  28.898777     4.7084     4.7990     0.0030    92.9871 1.0000e-12  -74.11640 -113.04701  30.351615      99.91 4.4891e+01    793.519      19045  1030.1204  1030.1181     4.4113     0.0711     0.1352    34.3905    34.3878    8.02446         28 0.0000e+00
    531.000    524.833     0.0982  28.902444     0.1008  28.902588     4.7112     4.7976     0.0002    93.0087 1.0000e-12  -74.11640 -113.04701  30.351628      99.92 4.3752e+01    794.660      19073  1030.1256  1030.1233     4.4123     0.0704     0.1322    34.3914    34.3887    8.02378         27 0.0000e+00
    532.000    525.820     0.1022  28.907210     0.1049  28.907324     4.7064     4.7947    -0.0079    92.9976 1.0000e-12  -74.11640 -113.04701  30.351641      99.92 4.4879e+01    795.764      19099  1030.1310  1030.1285     4.4118     0.0695     0.1342    34.3926    34.3898    8.02287         26 0.0000e+00
    533.000    526.807     0.1057  28.911107     0.1079  28.911100     4.7096     4.7923    -0.0020    92.9953 1.0000e-12  -74.11640 -113.04701  30.351654      99.92 4.4701e+01    796.898      19127  1030.1359  1030.1338     4.4117     0.0697     0.1364    34.3933    34.3908    8.02211         28 0.0000e+00
    534.000    527.795     0.1065  28.912612     0.1086  28.912302     4.7050     4.7978    -0.0157    93.0136 1.0000e-12  -74.11640 -113.04701  30.351667      71.80 4.4067e+01    798.029      19154  1030.1410  1030.1387     4.4125     0.0668     0.1331    34.3938    34.3911    8.02192         26 0.0000e+00
    535.000    528.781     0.1067  28.913212     0.1090  28.913231     4.7107     4.7985    -0.0112    92.9914 1.0000e-12  -74.11640 -113.04702  30.351680      87.03 4.4599e+01    799.135      19180  1030.1458  1030.1436     4.4115     0.0686     0.1352    34.3938    34.3913    8.02188         27 0.0000e+00
    536.000    529.769     0.1074  28.914734     0.1096  28.914418     4.7045     4.8015    -0.0029    92.9872 1.0000e-12  -74.11640 -113.04700  30.351693      99.93 4.4863e+01    800.293      19208  1030.1509  1030.1485     4.4113     0.0693     0.1361    34.3944    34.3916    8.02169         29 0.0000e+00
    537.000    530.755     0.1082  28.916603     0.1104  28.916440     4.7139     4.8040    -0.0012    92.9868 1.0000e-12  -74.11640 -113.04702  30.351707      99.92 4.4466e+01    801.452      19236  1030.1564  1030.1541     4.4113     0.0711     0.1365    34.3954    34.3928    8.02147         27 0.0000e+00
    538.000    531.743     0.1084  28.917369     0.1106  28.917235     4.7081     4.8024     0.0060    92.9789 1.0000e-12  -74.11640 -113.04701  30.351719      99.92 4.4947e+01    802.548      19262  1030.1613  1030.1590     4.4109     0.0708     0.1359    34.3956    34.3930    8.02141         26 0.0000e+00
    539.000    532.731     0.1098  28.919314     0.1123  28.919333     4.7167     4.8011    -0.0008    92.9971 1.0000e-12  -74.11640 -113.04702  30.351732      99.92 4.4986e+01    803.652      19289  1030.1662  1030.1638     4.4117     0.0703     0.1349    34.3960    34.3933    8.02110         27 0.0000e+00
    540.000    533.715     0.1100  28.919887     0.1129  28.920509     4.7104     4.8012    -0.0097    92.9880 1.0000e-12  -74.11640 -113.04702  30.351745      99.92 4.4454e+01    804.804      19316  1030.1709  1030.1688     4.4113     0.0702     0.1374    34.3960    34.3936    8.02107         28 0.0000e+00
    541.000    534.704     0.1103  28.920765     0.1124  28.920507     4.7109     4.7933    -0.0013    92.9888 1.0000e-12  -74.11640 -113.04702  30.351759      99.91 4.4335e+01    805.941      19344  1030.1758  1030.1735     4.4114     0.0705     0.1348    34.3962    34.3935    8.02099         27 0.0000e+00
    542.000    535.690     0.1115  28.922437     0.1135  28.922168     4.7056     4.7951    -0.0026    92.9878 1.0000e-12  -74.11640 -113.04702  30.351772      99.92 4.5180e+01    807.080      19371  1030.1806  1030.1784     4.4113     0.0700     0.1351    34.3964    34.3938    8.02072         27 0.0000e+00
    543.000    536.678     0.1117  28.923097     0.1139  28.923005     4.7047     4.7944    -0.0096    92.9859 1.0000e-12  -74.11640 -113.04702  30.351785      99.92 4.4722e+01    808.217      19398  1030.1854  1030.1831     4.4112     0.0698     0.1347    34.3965    34.3939    8.02068         27 0.0000e+00
    544.000    537.664     0.1117  28.923568     0.1139  28.923403     4.7016     4.7965    -0.0066    93.0210 1.0000e-12  -74.11640 -113.04702  30.351798      99.92 4.3947e+01    809.326      19425  1030.1902  1030.1878     4.4128     0.0698     0.1337    34.3966    34.3939    8.02068         27 0.0000e+00
    545.000    538.652     0.1126  28.924891     0.1152  28.925124     4.7047     4.7992    -0.0038    93.0401 1.0000e-12  -74.11640 -113.04702  30.351811      99.91 4.5064e+01    810.464      19452  1030.1950  1030.1927     4.4138     0.0694     0.1362    34.3968    34.3941    8.02049         28 0.0000e+00
    546.000    539.639     0.1156  28.928763     0.1175  28.928202     4.7057     4.7958    -0.0093    93.0346 1.0000e-12  -74.11640 -113.04702  30.351824      80.90 4.4536e+01    811.611      19480  1030.2002  1030.1978     4.4135     0.0678     0.1378    34.3978    34.3950    8.01978         27 0.0000e+00
    547.000    540.626     0.1164  28.929982     0.1187  28.929938     4.7086     4.8009    -0.0121    93.0361 1.0000e-12  -74.11640 -113.04702  30.351837      88.73 4.4347e+01    812.706      19506  1030.2051  1030.2028     4.4135     0.0684     0.1353    34.3980    34.3953    8.01961         26 0.0000e+00
    548.000    541.613     0.1173  28.931348     0.1194  28.930998     4.7127     4.8001    -0.0123    93.0402 1.0000e-12  -74.11640 -113.04702  30.351850      99.66 4.5099e+01    813.808      19532  1030.2098  1030.2075     4.4138     0.0705     0.1351    34.3981    34.3954    8.01941         27 0.0000e+00
    549.000    542.600     0.1177  28.932232     0.1197  28.931901     4.7058     4.8036    -0.0004    93.0164 1.0000e-12  -74.11640 -113.04702  30.351863      99.91 4.5247e+01    814.959      19560  1030.2147  1030.2124     4.4127     0.0710     0.1398    34.3983    34.3956    8.01932         27 0.0000e+00
    550.000    543.588     0.1183  28.933678     0.1204  28.933483     4.7112     4.7980    -0.0017    93.0240 1.0000e-12  -74.11640 -113.04702  30.351876      99.92 4.4726e+01    816.080      19587  1030.2199  1030.2176     4.4130     0.0701     0.1356    34.3990    34.3963    8.01917         27 0.0000e+00
    551.000    544.574     0.1188  28.934605     0.1208  28.934341     4.7112     4.7942     0.0014    93.0045 1.0000e-12  -74.11640 -113.04702  30.351889      99.92 4.5108e+01    817.183      19613  1030.2246  1030.2224     4.4121     0.0700     0.1321    34.3991    34.3964    8.01905         27 0.0000e+00
    552.000    545.561     0.1187  28.935026     0.1209  28.934779     4.7070     4.7987     0.0026    93.0448 1.0000e-12  -74.11640 -113.04702  30.351902      99.92 4.5052e+01    818.328      19641  1030.2294  1030.2271     4.4139     0.0683     0.1309    34.3991    34.3964    8.01907         27 0.0000e+00
    553.000    546.548     0.1189  28.935759     0.1212  28.935659     4.7096     4.7945    -0.0015    93.0489 1.0000e-12  -74.11640 -113.04702  30.351915      99.91 4.4462e+01    819.462      19668  1030.2343  1030.2319     4.4142     0.0704     0.1383    34.3993    34.3966    8.01902         27 0.0000e+00
    554.000    547.536     0.1189  28.936075     0.1211  28.935924     4.7119     4.7958    -0.0015    93.0881 1.0000e-12  -74.11640 -113.04702  30.351928      99.92 4.4720e+01    820.561      19694  1030.2389  1030.2365     4.4160     0.0696     0.1327    34.3991    34.3965    8.01903         27 0.0000e+00
    555.000    548.522     0.1197  28.937333     0.1221  28.937323     4.7103     4.7977    -0.0102    93.0657 1.0000e-12  -74.11640 -113.04702  30.351941      99.92 4.5233e+01    821.678      19721  1030.2436  1030.2413     4.4150     0.0710     0.1323    34.3992    34.3966    8.01884         27 0.0000e+00
    556.000    549.509     0.1210  28.939128     0.1230  28.938838     4.7096     4.7995    -0.0127    93.0863 1.0000e-12  -74.11640 -113.04702  30.351954      99.92 4.4426e+01    822.792      19748  1030.2485  1030.2462     4.4160     0.0687     0.1312    34.3996    34.3970    8.01856         26 0.0000e+00
    557.000    550.497     0.1229  28.941598     0.1254  28.941779     4.7025     4.7959    -0.0134    93.0964 1.0000e-12  -74.11640 -113.04702  30.351966      99.91 4.4399e+01    823.904      19775  1030.2535  1030.2512     4.4165     0.0701     0.1324    34.4002    34.3976    8.01814         27 0.0000e+00
    558.000    551.484     0.1242  28.943456     0.1264  28.943474     4.7031     4.7952    -0.0134    93.0803 1.0000e-12  -74.11640 -113.04702  30.351980      84.50 4.4660e+01    825.045      19802  1030.2584  1030.2562     4.4157     0.0679     0.1330    34.4006    34.3981    8.01784         27 0.0000e+00
    559.000    552.471     0.1256  28.945676     0.1279  28.945568     4.7030     4.7974    -0.0082    93.0948 1.0000e-12  -74.11640 -113.04702  30.351993      78.66 4.4820e+01    826.157      19829  1030.2636  1030.2613     4.4164     0.0688     0.1324    34.4014    34.3986    8.01751         26 0.0000e+00
    560.000    553.457     0.1271  28.947807     0.1292  28.947542     4.7057     4.7981    -0.0037    93.1136 1.0000e-12  -74.11640 -113.04702  30.352005      71.87 4.5503e+01    827.242      19855  1030.2687  1030.2663     4.4173     0.0691     0.1311    34.4019    34.3992    8.01717         27 0.0000e+00
    561.000    554.444     0.1314  28.953371     0.1340  28.953437     4.7008     4.7950    -0.0004    93.1149 1.0000e-12  -74.11640 -113.04702  30.352018      99.57 4.5147e+01    828.382      19882  1030.2745  1030.2721     4.4173     0.0703     0.1311    34.4038    34.4011    8.01615         28 0.0000e+00
    562.000    555.432     0.1336  28.956017     0.1358  28.955822     4.6992     4.7842    -0.0007    93.1241 1.0000e-12  -74.11640 -113.04703  30.352032      99.92 4.3825e+01    829.529      19910  1030.2794  1030.2771     4.4178     0.0705     0.1315    34.4043    34.4016    8.01567         27 0.0000e+00
    563.000    556.418     0.1380  28.960855     0.1408  28.961128     4.6971     4.7898    -0.0004    93.1459 1.0000e-12  -74.11640 -113.04703  30.352044      99.91 4.4769e+01    830.616      19936  1030.2844  1030.2820     4.4188     0.0702     0.1315    34.4051    34.4024    8.01470         25 0.0000e+00
    564.000    557.405     0.1413  28.964402     0.1445  28.965223     4.6955     4.7806    -0.0004    93.1635 1.0000e-12  -74.11640 -113.04703  30.352057      99.92 4.5318e+01    831.718      19962  1030.2892  1030.2869     4.4196     0.0698     0.1303    34.4056    34.4030    8.01400         27 0.0000e+00
    565.000    558.392     0.1469  28.970412     0.1489  28.969953     4.6954     4.7818    -0.0004    93.1627 1.0000e-12  -74.11640 -113.04703  30.352070      98.12 4.4700e+01    832.857      19990  1030.2943  1030.2919     4.4195     0.0690     0.1292    34.4066    34.4038    8.01277         28 0.0000e+00
    566.000    559.380     0.1471  28.971017     0.1493  28.970848     4.6909     4.7820    -0.0127    93.1610 1.0000e-12  -74.11640 -113.04703  30.352083      98.70 4.5020e+01    833.975      20016  1030.2990  1030.2967     4.4195     0.0703     0.1311    34.4066    34.4039    8.01272         26 0.0000e+00
    567.000    560.366     0.1481  28.972387     0.1500  28.971950     4.6891     4.7780    -0.0051    93.1756 1.0000e-12  -74.11640 -113.04704  30.352096      98.54 4.5395e+01    835.107      20044  1030.3038  1030.3015     4.4202     0.0700     0.1280    34.4067    34.4040    8.01252         28 0.0000e+00
    568.000    561.353     0.1489  28.973652     0.1512  28.973634     4.6928     4.7828    -0.0004    93.1698 1.0000e-12  -74.11640 -113.04702  30.352109      97.56 4.4744e+01    836.240      20071  1030.3086  1030.3063     4.4199     0.0697     0.1295    34.4069    34.4042    8.01233         26 0.0000e+00
    569.000    562.340     0.1497  28.974911     0.1520  28.974841     4.6932     4.7857    -0.0004    93.1614 1.0000e-12  -74.11640 -113.04704  30.352122      96.58 4.4920e+01    837.331      20097  1030.3134  1030.3112     4.4195     0.0709     0.1283    34.4071    34.4044    8.01216         27 0.0000e+00
    570.000    563.328     0.1498  28.975420     0.1519  28.975127     4.6933     4.7864    -0.0004    93.1576 1.0000e-12  -74.11640 -113.04702  30.352135      95.51 4.5765e+01    838.452      20124  1030.3181  1030.3158     4.4193     0.0695     0.1298    34.4070    34.4043    8.01214         27 0.0000e+00
