ocean_section_plots/required_files/ctd/dnbp2202_ctd014.cnv
* Sea-Bird SBE 9 Data File:
* FileName = D:\Data\raw\NBP2202_CTD014.hex
* Software Version Seasave V 7.26.7.121
* Temperature SN = 1649
* Conductivity SN = 2513
* Number of Bytes Per Scan = 40
* Number of Voltage Words = 5
* Number of Scans Averaged by the Deck Unit = 1
* NMEA Latitude = 73 04.22 S
* NMEA Longitude = 113 43.81 W
* NMEA UTC (Time) = Jan 17 2022  02:24:06
* NMEA baud rate = 9600
** Ship: RVIB N.B. Palmer
** Cruise: NBP2202 Thwaites
** Station: #9
** Operator: A. Robinson
# nquan = 25
# nvalues = 497                         
# units = specified
# name 0 = prDM: Pressure, Digiquartz [db]
# name 1 = depSM: Depth [salt water, m]
# name 2 = t090C: Temperature [ITS-90, deg C]
# name 3 = c0mS/cm: Conductivity [mS/cm]
# name 4 = t190C: Temperature, 2 [ITS-90, deg C]
# name 5 = c1mS/cm: Conductivity, 2 [mS/cm]
# name 6 = sbeox0ML/L: Oxygen, SBE 43 [ml/l]
# name 7 = sbeox1ML/L: Oxygen, SBE 43, 2 [ml/l]
# name 8 = flECO-AFL: Fluorescence, WET Labs ECO-AFL/FL [mg/m^3]
# name 9 = CStarTr0: Beam Transmission, WET Labs C-Star [%]
# name 10 = par: PAR/Irradiance, Biospherical/Licor
# name 11 = latitude: Latitude [deg]
# name 12 = longitude: Longitude [deg]
# name 13 = timeJ: Julian Days
# name 14 = altM: Altimeter [m]
# name 15 = spar: SPAR, Biospherical/Licor
# name 16 = timeS: Time, Elapsed [seconds]
# name 17 = scan: Scan Count
# name 18 = density00: Density [density, kg/m^3]
# name 19 = density11: Density, 2 [density, kg/m^3]
# name 20 = sal00: Salinity, Practical [PSU]
# name 21 = sal11: Salinity, Practical, 2 [PSU]
# name 22 = oxsolML/L: Oxygen Saturation, Garcia & Gordon [ml/l]
# name 23 = nbin: number of scans per bin
# name 24 = flag: flag
# span 0 =      3.000,    499.000       
# span 1 =      2.968,    493.267       
# span 2 =    -1.6199,     0.5189       
# span 3 =  26.962019,  29.379187       
# span 4 =    -1.6193,     0.5215       
# span 5 =  26.961760,  29.379126       
# span 6 =     4.5647,     8.7661       
# span 7 =     4.8328,     9.3231       
# span 8 =    -0.0181,    27.9918       
# span 9 =    69.0528,    97.8237       
# span 10 = -2.198e-05, 6.9187e+01      
# span 11 =  -73.07044,  -73.07042      
# span 12 = -113.73035, -113.73028      
# span 13 =  17.102995,  17.111936      
# span 14 =       5.18,     101.59      
# span 15 = 1.0326e+02, 1.9921e+02      
# span 16 =    252.777,   1025.258      
# span 17 =       6068,      24607      
# span 18 =  1027.2342,  1030.0843      
# span 19 =  1027.2329,  1030.0814      
# span 20 =    33.8797,    34.5656      
# span 21 =    33.8778,    34.5625      
# span 22 =    7.92703,    8.42305      
# span 23 =         17,         61      
# span 24 = 0.0000e+00, 0.0000e+00      
# interval = decibars: 1                
# start_time = Jan 17 2022 02:24:06 [NMEA time, header]
# bad_flag = -9.990e-29
*END*
[from data line 232]
    235.000    232.450    -1.3651  27.331016    -1.3638  27.330894     6.2213     6.6007     0.6651    97.5862 1.0000e-12  -73.07044 -113.73034  17.107344      99.92 1.4632e+02    628.532      15086  1028.5713  1028.5699    34.1070    34.1054    8.35693         22 0.0000e+00
    236.000    233.437    -1.3625  27.334350    -1.3612  27.334028     6.2230     6.6037     0.1452    97.3358 1.0000e-12  -73.07044 -113.73034  17.107355      99.92 1.4632e+02    629.449      15108  1028.5766  1028.5750    34.1080    34.1061    8.35629         23 0.0000e+00
    237.000    234.426    -1.3622  27.335149    -1.3645  27.331965     6.2321     6.6141     0.1556    97.3958 1.0000e-12  -73.07044 -113.73034  17.107367      99.91 1.4632e+02    630.491      15133  1028.5814  1028.5801    34.1082    34.1064    8.35622         28 0.0000e+00
    238.000    235.414    -1.3701  27.329123    -1.3696  27.328403     6.2368     6.6195     0.0987    97.4805 1.0000e-12  -73.07044 -113.73034  17.107382      99.92 1.4632e+02    631.826      15165  1028.5867  1028.5854    34.1083    34.1067    8.35799         35 0.0000e+00
    239.000    236.403    -1.3763  27.325006    -1.3750  27.324617     6.2359     6.6175     0.0530    97.2566 1.0000e-12  -73.07044 -113.73034  17.107398      99.92 1.4573e+02    633.198      15198  1028.5923  1028.5906    34.1091    34.1070    8.35933         30 0.0000e+00
    240.000    237.392    -1.3750  27.327012    -1.3738  27.326557     6.2235     6.6111     0.0728    97.4201 1.0000e-12  -73.07044 -113.73034  17.107411      99.92 1.4562e+02    634.330      15225  1028.5974  1028.5958    34.1097    34.1077    8.35900         25 0.0000e+00
    241.000    238.381    -1.3698  27.332678    -1.3685  27.332169     6.2156     6.6034     0.1095    97.5757 1.0000e-12  -73.07044 -113.73034  17.107424      99.91 1.4557e+02    635.417      15251  1028.6028  1028.6010    34.1109    34.1088    8.35776         28 0.0000e+00
    242.000    239.368    -1.3670  27.335959    -1.3656  27.335512     6.2169     6.6004     0.0800    97.5721 1.0000e-12  -73.07044 -113.73034  17.107439      99.88 1.4498e+02    636.710      15282  1028.6078  1028.6061    34.1116    34.1094    8.35708         34 0.0000e+00
    243.000    240.358    -1.3656  27.338442    -1.3643  27.337952     6.2172     6.5981     0.0783    97.6121 1.0000e-12  -73.07044 -113.73034  17.107455      87.46 1.4455e+02    638.134      15316  1028.6135  1028.6117    34.1128    34.1107    8.35669         32 0.0000e+00
    244.000    241.344    -1.3673  27.339248    -1.3660  27.338825     6.2227     6.6063     0.0734    97.4922 1.0000e-12  -73.07044 -113.73034  17.107469     100.18 1.4456e+02    639.317      15345  1028.6203  1028.6186    34.1152    34.1131    8.35693         25 0.0000e+00
    245.000    242.334    -1.3601  27.346477    -1.3588  27.345894     6.2276     6.6125     0.2649    96.9385 1.0000e-12  -73.07044 -113.73034  17.107481      99.92 1.4456e+02    640.319      15369  1028.6255  1028.6236    34.1163    34.1141    8.35525         24 0.0000e+00
    246.000    243.322    -1.3555  27.350984    -1.3544  27.350462     6.2253     6.6104     0.1228    97.5624 1.0000e-12  -73.07044 -113.73034  17.107492      99.92 1.4456e+02    641.333      15393  1028.6303  1028.6286    34.1167    34.1147    8.35421         26 0.0000e+00
    247.000    244.312    -1.3429  27.362898    -1.3413  27.362264     6.2143     6.5947     0.1764    97.5106 1.0000e-12  -73.07044 -113.73034  17.107506      99.91 1.4456e+02    642.549      15422  1028.6354  1028.6331    34.1181    34.1154    8.35131         33 0.0000e+00
    248.000    245.299    -1.3234  27.381105    -1.3213  27.380650     6.2195     6.5956     0.3442    97.4782 1.0000e-12  -73.07044 -113.73034  17.107524      99.92 1.4456e+02    644.037      15458  1028.6407  1028.6382    34.1202    34.1173    8.34681         36 0.0000e+00
    249.000    246.288    -1.3298  27.375885    -1.3286  27.375727     6.2342     6.6095     0.0685    97.5434 1.0000e-12  -73.07044 -113.73034  17.107539      99.92 1.4456e+02    645.385      15490  1028.6457  1028.6444    34.1198    34.1182    8.34828         28 0.0000e+00
    250.000    247.277    -1.3665  27.344250    -1.3663  27.343922     6.2640     6.6440     0.0629    97.2456 1.0000e-12  -73.07044 -113.73034  17.107552      99.92 1.4456e+02    646.454      15516  1028.6512  1028.6506    34.1175    34.1168    8.35663         24 0.0000e+00
    251.000    248.265    -1.3850  27.329546    -1.3846  27.328836     6.2788     6.6628     0.0585    97.4991 1.0000e-12  -73.07044 -113.73034  17.107563      99.92 1.4456e+02    647.434      15539  1028.6572  1028.6562    34.1177    34.1163    8.36075         24 0.0000e+00
    252.000    249.254    -1.4245  27.296311    -1.4237  27.296290     6.2876     6.6708     0.0754    97.4682 1.0000e-12  -73.07044 -113.73034  17.107576      99.92 1.4456e+02    648.523      15566  1028.6635  1028.6627    34.1164    34.1154    8.36971         29 0.0000e+00
    253.000    250.242    -1.4225  27.299190    -1.4216  27.298570     6.2721     6.6614     0.0874    97.4945 1.0000e-12  -73.07044 -113.73034  17.107591      99.91 1.4456e+02    649.826      15597  1028.6687  1028.6671    34.1174    34.1155    8.36918         33 0.0000e+00
    254.000    251.231    -1.4121  27.309329    -1.4113  27.307997     6.2414     6.6348     0.0772    97.5552 1.0000e-12  -73.07044 -113.73034  17.107606      91.02 1.4456e+02    651.193      15630  1028.6737  1028.6714    34.1189    34.1162    8.36677         32 0.0000e+00
    255.000    252.220    -1.3894  27.330315    -1.3882  27.329373     6.2283     6.6096     0.2354    97.5993 1.0000e-12  -73.07044 -113.73034  17.107621      99.97 1.4456e+02    652.465      15660  1028.6787  1028.6766    34.1212    34.1187    8.36153         29 0.0000e+00
    256.000    253.207    -1.3815  27.338048    -1.3804  27.337719     6.2230     6.6035     0.0293    97.6562 1.0000e-12  -73.07044 -113.73034  17.107635      99.91 1.4456e+02    653.650      15689  1028.6838  1028.6823    34.1223    34.1206    8.35969         28 0.0000e+00
    257.000    254.196    -1.3797  27.340720    -1.3785  27.340244     6.2047     6.5825     0.0064    97.4300 1.0000e-12  -73.07044 -113.73034  17.107649      99.92 1.4456e+02    654.835      15717  1028.6893  1028.6876    34.1233    34.1213    8.35923         29 0.0000e+00
    258.000    255.184    -1.3721  27.349260    -1.3700  27.349191     6.1907     6.5784     0.0079    97.6588 1.0000e-12  -73.07044 -113.73034  17.107663      99.92 1.4456e+02    656.053      15746  1028.6956  1028.6934    34.1258    34.1233    8.35739         29 0.0000e+00
    259.000    256.174    -1.3580  27.362236    -1.3565  27.361928     6.1797     6.5683     0.0161    97.0437 1.0000e-12  -73.07044 -113.73034  17.107676      99.91 1.4456e+02    657.202      15774  1028.7004  1028.6986    34.1269    34.1248    8.35416         26 0.0000e+00
    260.000    257.161    -1.3559  27.364952    -1.3546  27.364489     6.1667     6.5535     0.0284    97.6565 1.0000e-12  -73.07044 -113.73034  17.107688      99.92 1.4399e+02    658.259      15799  1028.7057  1028.7039    34.1276    34.1255    8.35365         25 0.0000e+00
    261.000    258.150    -1.3453  27.375355    -1.3422  27.376025     6.1483     6.5296     0.0475    97.5747 1.0000e-12  -73.07044 -113.73034  17.107701      99.92 1.4383e+02    659.355      15826  1028.7112  1028.7088    34.1293    34.1266    8.35119         29 0.0000e+00
    262.000    259.138    -1.3239  27.395099    -1.3213  27.395051     6.1346     6.5130     0.0149    97.6939 1.0000e-12  -73.07044 -113.73034  17.107716      99.92 1.4402e+02    660.706      15858  1028.7163  1028.7138    34.1313    34.1284    8.34627         36 0.0000e+00
    263.000    260.127    -1.3107  27.407572    -1.3087  27.407309     6.1252     6.4993     0.0193    97.7073 1.0000e-12  -73.07044 -113.73032  17.107733      99.91 1.4428e+02    662.139      15892  1028.7217  1028.7194    34.1328    34.1302    8.34324         31 0.0000e+00
    264.000    261.115    -1.3063  27.411878    -1.3052  27.411290     6.1066     6.4814     0.0651    97.6393 1.0000e-12  -73.07042 -113.73032  17.107747      78.38 1.4370e+02    663.303      15920  1028.7266  1028.7249    34.1331    34.1311    8.34224         25 0.0000e+00
    265.000    262.104    -1.3014  27.417211    -1.3001  27.416551     6.0921     6.4665     0.0351    97.7143 1.0000e-12  -73.07042 -113.73032  17.107758      92.89 1.4333e+02    664.298      15944  1028.7321  1028.7301    34.1342    34.1318    8.34107         23 0.0000e+00
    266.000    263.092    -1.2951  27.423333    -1.2936  27.422901     6.0749     6.4471     0.0216    97.6727 1.0000e-12  -73.07042 -113.73032  17.107769      99.92 1.4323e+02    665.271      15967  1028.7371  1028.7352    34.1348    34.1325    8.33963         24 0.0000e+00
    267.000    264.081    -1.2844  27.433532    -1.2813  27.434382     6.0642     6.4508     0.0262    97.7336 1.0000e-12  -73.07042 -113.73032  17.107783      99.91 1.4342e+02    666.459      15996  1028.7423  1028.7402    34.1360    34.1336    8.33717         28 0.0000e+00
    268.000    265.069    -1.2749  27.442568    -1.2733  27.442105     6.0165     6.3942     0.0190    97.7587 1.0000e-12  -73.07042 -113.73032  17.107805      99.91 1.4351e+02    668.347      16041  1028.7475  1028.7454    34.1369    34.1345    8.33499         39 0.0000e+00
    269.000    266.059    -1.2255  27.489358    -1.2226  27.488061     5.9712     6.3525     0.0091    97.7984 1.0000e-12  -73.07042 -113.73032  17.107824      99.92 1.4313e+02    670.010      16081  1028.7551  1028.7508    34.1443    34.1392    8.32356         29 0.0000e+00
    270.000    267.045    -1.2117  27.501612    -1.2104  27.501041     5.9551     6.3312     0.0069    97.7860 1.0000e-12  -73.07042 -113.73032  17.107835      99.92 1.4279e+02    670.955      16104  1028.7595  1028.7577    34.1446    34.1425    8.32046         21 0.0000e+00
    271.000    268.033    -1.2030  27.510917    -1.2013  27.510175     5.9517     6.3179     0.0111    97.7799 1.0000e-12  -73.07042 -113.73032  17.107844      99.91 1.4279e+02    671.766      16123  1028.7658  1028.7633    34.1470    34.1440    8.31840         19 0.0000e+00
    272.000    269.024    -1.1833  27.529257    -1.1818  27.528447     5.9497     6.3153     0.0311    97.7708 1.0000e-12  -73.07042 -113.73032  17.107854      99.93 1.4279e+02    672.625      16144  1028.7711  1028.7687    34.1490    34.1462    8.31389         22 0.0000e+00
    273.000    270.011    -1.1796  27.532807    -1.1781  27.532072     5.9474     6.3144     0.0446    97.7732 1.0000e-12  -73.07042 -113.73032  17.107869      99.92 1.4279e+02    673.921      16175  1028.7761  1028.7738    34.1490    34.1463    8.31307         36 0.0000e+00
    274.000    270.999    -1.1827  27.530602    -1.1813  27.530001     5.9654     6.3295     0.0028    97.7572 1.0000e-12  -73.07042 -113.73032  17.107894      81.31 1.4279e+02    676.001      16225  1028.7816  1028.7796    34.1489    34.1465    8.31377         35 0.0000e+00
    275.000    271.988    -1.1838  27.530646    -1.1825  27.530116     5.9567     6.3221     0.0694    97.7850 1.0000e-12  -73.07042 -113.73032  17.107907      81.02 1.4279e+02    677.204      16254  1028.7873  1028.7854    34.1497    34.1474    8.31398         22 0.0000e+00
    276.000    272.975    -1.1809  27.534184    -1.1796  27.533556     5.9423     6.3097     0.1309    97.7841 1.0000e-12  -73.07042 -113.73030  17.107917      91.98 1.4279e+02    677.998      16273  1028.7927  1028.7907    34.1506    34.1481    8.31328         17 0.0000e+00
    277.000    273.967    -1.1709  27.544710    -1.1692  27.543907     5.9350     6.3017     0.0067    97.7986 1.0000e-12  -73.07042 -113.73031  17.107925      99.88 1.4279e+02    678.746      16291  1028.7988  1028.7964    34.1529    34.1499    8.31091         19 0.0000e+00
    278.000    274.953    -1.1531  27.561602    -1.1515  27.560640     5.9313     6.2930     0.0076    97.7959 1.0000e-12  -73.07042 -113.73032  17.107936      99.92 1.4279e+02    679.713      16314  1028.8043  1028.8018    34.1551    34.1521    8.30683         28 0.0000e+00
    279.000    275.941    -1.1442  27.570133    -1.1424  27.569819     5.9104     6.2771     0.0102    97.8158 1.0000e-12  -73.07042 -113.73032  17.107964      99.92 1.4279e+02    682.055      16370  1028.8098  1028.8077    34.1561    34.1536    8.30481         45 0.0000e+00
    280.000    276.931    -1.1353  27.579324    -1.1337  27.578699     5.8699     6.2278     0.0090    97.8053 1.0000e-12  -73.07043 -113.73031  17.107982      99.91 1.4237e+02    683.635      16408  1028.8157  1028.8134    34.1579    34.1552    8.30273         24 0.0000e+00
    281.000    277.917    -1.1164  27.598099    -1.1142  27.597586     5.8434     6.2094     0.0140    97.8146 1.0000e-12  -73.07044 -113.73030  17.107992      99.92 1.4208e+02    684.487      16429  1028.8222  1028.8194    34.1615    34.1582    8.29834         20 0.0000e+00
    282.000    278.907    -1.0864  27.626263    -1.0846  27.625321     5.8301     6.1955    -0.0001    97.7894 1.0000e-12  -73.07044 -113.73032  17.108001      99.91 1.4217e+02    685.294      16448  1028.8279  1028.8252    34.1652    34.1619    8.29147         20 0.0000e+00
    283.000    279.896    -1.0737  27.638412    -1.0720  27.637542     5.8203     6.1807    -0.0062    97.7837 1.0000e-12  -73.07044 -113.73032  17.108013      99.92 1.4207e+02    686.357      16474  1028.8334  1028.8308    34.1667    34.1636    8.28858         34 0.0000e+00
    284.000    280.883    -1.0687  27.643666    -1.0671  27.642937     5.8218     6.1770     0.0010    97.8196 1.0000e-12  -73.07044 -113.73032  17.108036      99.54 1.4195e+02    688.300      16520  1028.8391  1028.8367    34.1676    34.1648    8.28743         40 0.0000e+00
    285.000    281.871    -1.0613  27.650995    -1.0597  27.650350     5.7932     6.1490     0.0149    97.7898 1.0000e-12  -73.07044 -113.73032  17.108054      80.64 1.4118e+02    689.885      16558  1028.8445  1028.8423    34.1686    34.1659    8.28573         28 0.0000e+00
    286.000    282.859    -1.0497  27.663247    -1.0477  27.662582     5.7723     6.1275     0.0143    97.7006 1.0000e-12  -73.07044 -113.73032  17.108065      90.00 1.4112e+02    690.820      16581  1028.8511  1028.8484    34.1715    34.1684    8.28300         20 0.0000e+00
    287.000    283.846    -1.0224  27.690157    -1.0202  27.689463     5.7606     6.1156     0.0031    97.8034 1.0000e-12  -73.07044 -113.73032  17.108075      99.95 1.4103e+02    691.669      16601  1028.8581  1028.8552    34.1766    34.1731    8.27668         21 0.0000e+00
    288.000    284.838    -1.0098  27.701723    -1.0081  27.700929     5.7621     6.1103     0.0043    97.8082 1.0000e-12  -73.07044 -113.73032  17.108088      99.91 1.4103e+02    692.801      16628  1028.8630  1028.8605    34.1774    34.1744    8.27385         34 0.0000e+00
    289.000    285.825    -1.0063  27.705410    -1.0047  27.704663     5.7510     6.1092    -0.0004    97.7942 1.0000e-12  -73.07044 -113.73032  17.108111      99.92 1.4103e+02    694.774      16676  1028.8684  1028.8661    34.1778    34.1750    8.27306         35 0.0000e+00
    290.000    286.813    -1.0006  27.711225    -0.9990  27.710681     5.7334     6.1002    -0.0124    97.7887 1.0000e-12  -73.07044 -113.73032  17.108127      99.91 1.4039e+02    696.147      16709  1028.8738  1028.8716    34.1787    34.1761    8.27176         23 0.0000e+00
    291.000    287.802    -0.9962  27.715949    -0.9946  27.715374     5.7213     6.0781    -0.0066    97.7927 1.0000e-12  -73.07044 -113.73032  17.108136      99.92 1.3971e+02    696.980      16729  1028.8791  1028.8769    34.1795    34.1769    8.27074         20 0.0000e+00
