ocean_section_plots/required_files/ctd/dnbp2202_ctd054.cnv
* Sea-Bird SBE 9 Data File:
* FileName = D:\Data\raw\NBP2202_CTD054.hex
* Software Version Seasave V 7.26.7.121
* Temperature SN = 1649
* Conductivity SN = 2513
* Number of Bytes Per Scan = 40
* Number of Voltage Words = 5
* Number of Scans Averaged by the Deck Unit = 1
* NMEA Latitude = 74 13.88 S
* NMEA Longitude = 112 30.21 W
* NMEA UTC (Time) = Jan 24 2022  09:47:08
* NMEA baud rate = 9600
** Ship: RVIB N.B. Palmer
** Cruise: NBP2202 Thwaites
** Station: Section Dotson C
** Operator: B Bjork
# nquan = 25
# nvalues = 1110                        
# units = specified
# name 0 = prDM: Pressure, Digiquartz [db]
# name 1 = depSM: Depth [salt water, m]
# name 2 = t090C: Temperature [ITS-90, deg C]
# name 3 = c0mS/cm: Conductivity [mS/cm]
# name 4 = t190C: Temperature, 2 [ITS-90, deg C]
# name 5 = c1mS/cm: Conductivity, 2 [mS/cm]
# name 6 = sbeox0ML/L: Oxygen, SBE 43 [ml/l]
# name 7 = sbeox1ML/L: Oxygen, SBE 43, 2 [ml/l]
# name 8 = flECO-AFL: Fluorescence, WET Labs ECO-AFL/FL [mg/m^3]
# name 9 = CStarTr0: Beam Transmission, WET Labs C-Star [%]
# name 10 = par: PAR/Irradiance, Biospherical/Licor
# name 11 = latitude: Latitude [deg]
# name 12 = longitude: Longitude [deg]
# name 13 = timeJ: Julian Days
# name 14 = altM: Altimeter [m]
# name 15 = spar: SPAR, Biospherical/Licor
# name 16 = timeS: Time, Elapsed [seconds]
# name 17 = scan: Scan Count
# name 18 = density00: Density [density, kg/m^3]
# name 19 = density11: Density, 2 [density, kg/m^3]
# name 20 = sal00: Salinity, Practical [PSU]
# name 21 = sal11: Salinity, Practical, 2 [PSU]
# name 22 = oxsolML/L: Oxygen Saturation, Garcia & Gordon [ml/l]
# name 23 = nbin: number of scans per bin
# name 24 = flag: flag
# span 0 =      2.000,   1111.000       
# span 1 =      1.973,   1096.574       
# span 2 =    -1.5073,     0.5104       
# span 3 =  27.080677,  29.628515       
# span 4 =    -1.5061,     0.5126       
# span 5 =  27.079518,  29.628158       
# span 6 =     4.5727,     8.4488       
# span 7 =     4.7501,     8.8512       
# span 8 =    -0.0186,    24.8066       
# span 9 =    69.3984,    97.0302       
# span 10 = 1.0000e-12, 5.7338e+01      
# span 11 =  -74.23144,  -74.23144      
# span 12 = -112.50358, -112.50354      
# span 13 =  24.410533,  24.427092      
# span 14 =       3.90,     100.12      
# span 15 = 1.5729e+02, 3.6707e+02      
# span 16 =    242.016,   1672.790      
# span 17 =       5809,      40148      
# span 18 =  1027.1830,  1032.9325      
# span 19 =  1027.1844,  1032.9302      
# span 20 =    33.7898,    34.5514      
# span 21 =    33.7906,    34.5488      
# span 22 =    7.92955,    8.39559      
# span 23 =         12,         50      
# span 24 = 0.0000e+00, 0.0000e+00      
# interval = decibars: 1                
# start_time = Jan 24 2022 09:47:08 [NMEA time, header]
# bad_flag = -9.990e-29
*END*
[from data line 1044]
   1046.000   1032.571     0.5079  29.597372     0.5099  29.597189     4.5813     4.7613    -0.0064    96.8061 1.0000e-12  -74.23144 -112.50356  24.425552      70.23 1.7276e+02   1539.663      36953  1032.6287  1032.6265    34.5487    34.5462    7.93020         29 0.0000e+00
   1047.000   1033.557     0.5080  29.597845     0.5100  29.597813     4.5832     4.7614     0.0052    96.8132 1.0000e-12  -74.23144 -112.50356  24.425565      69.36 1.7276e+02   1540.856      36982  1032.6332  1032.6313    34.5486    34.5464    7.93018         29 0.0000e+00
   1048.000   1034.542     0.5080  29.598275     0.5099  29.598042     4.5774     4.7565     0.0061    96.8100 1.0000e-12  -74.23144 -112.50356  24.425579      68.14 1.7276e+02   1542.054      37010  1032.6379  1032.6358    34.5486    34.5462    7.93018         28 0.0000e+00
   1049.000   1035.527     0.5081  29.598746     0.5100  29.598568     4.5754     4.7549    -0.0067    96.8257 1.0000e-12  -74.23144 -112.50356  24.425593      67.10 1.7276e+02   1543.247      37039  1032.6425  1032.6405    34.5486    34.5463    7.93017         29 0.0000e+00
   1050.000   1036.510     0.5083  29.599343     0.5102  29.599249     4.5798     4.7553    -0.0004    96.8090 1.0000e-12  -74.23144 -112.50356  24.425607      66.20 1.7276e+02   1544.443      37068  1032.6472  1032.6453    34.5486    34.5464    7.93013         28 0.0000e+00
   1051.000   1037.496     0.5078  29.599453     0.5098  29.599305     4.5782     4.7573    -0.0004    96.8088 1.0000e-12  -74.23144 -112.50356  24.425621      65.03 1.7269e+02   1545.629      37096  1032.6520  1032.6499    34.5487    34.5463    7.93022         29 0.0000e+00
   1052.000   1038.480     0.5081  29.600112     0.5100  29.600031     4.5775     4.7607    -0.0004    96.8319 1.0000e-12  -74.23144 -112.50356  24.425634      64.11 1.7239e+02   1546.803      37124  1032.6565  1032.6546    34.5487    34.5465    7.93016         28 0.0000e+00
   1053.000   1039.465     0.5081  29.600738     0.5101  29.600583     4.5831     4.7603    -0.0071    96.8249 1.0000e-12  -74.23144 -112.50356  24.425648      63.11 1.7252e+02   1547.991      37153  1032.6614  1032.6593    34.5489    34.5465    7.93015         29 0.0000e+00
   1054.000   1040.450     0.5083  29.601293     0.5102  29.601080     4.5858     4.7613    -0.0114    96.8136 1.0000e-12  -74.23144 -112.50356  24.425662      62.08 1.7251e+02   1549.190      37182  1032.6660  1032.6639    34.5489    34.5465    7.93012         28 0.0000e+00
   1055.000   1041.434     0.5085  29.602008     0.5104  29.601720     4.5800     4.7613    -0.0076    96.7961 1.0000e-12  -74.23144 -112.50356  24.425676      61.06 1.7190e+02   1550.395      37210  1032.6708  1032.6686    34.5491    34.5466    7.93007         29 0.0000e+00
   1056.000   1042.419     0.5087  29.602648     0.5106  29.602432     4.5786     4.7625    -0.0026    96.8036 1.0000e-12  -74.23144 -112.50356  24.425690      60.04 1.7185e+02   1551.591      37239  1032.6754  1032.6733    34.5491    34.5468    7.93002         29 0.0000e+00
   1057.000   1043.404     0.5086  29.603020     0.5104  29.602752     4.5817     4.7627    -0.0004    96.8109 1.0000e-12  -74.23144 -112.50356  24.425703      59.04 1.7163e+02   1552.775      37268  1032.6801  1032.6780    34.5492    34.5468    7.93005         28 0.0000e+00
   1058.000   1044.388     0.5086  29.603456     0.5105  29.603226     4.5800     4.7568    -0.0004    96.8239 1.0000e-12  -74.23144 -112.50356  24.425717      58.12 1.7209e+02   1553.957      37296  1032.6847  1032.6826    34.5491    34.5467    7.93004         29 0.0000e+00
   1059.000   1045.373     0.5089  29.604160     0.5108  29.603978     4.5811     4.7554    -0.0073    96.8161 1.0000e-12  -74.23144 -112.50356  24.425731      57.26 1.7179e+02   1555.150      37325  1032.6894  1032.6873    34.5491    34.5468    7.92998         29 0.0000e+00
   1060.000   1046.357     0.5089  29.604706     0.5108  29.604472     4.5787     4.7542    -0.0085    96.8118 1.0000e-12  -74.23144 -112.50356  24.425745      55.96 1.7157e+02   1556.346      37353  1032.6941  1032.6920    34.5493    34.5469    7.92996         28 0.0000e+00
   1061.000   1047.342     0.5091  29.605286     0.5110  29.605042     4.5749     4.7575    -0.0143    96.8155 1.0000e-12  -74.23144 -112.50356  24.425758      55.32 1.7169e+02   1557.532      37382  1032.6987  1032.6967    34.5493    34.5469    7.92993         28 0.0000e+00
   1062.000   1048.327     0.5095  29.606117     0.5114  29.606037     4.5753     4.7565    -0.0079    96.8096 1.0000e-12  -74.23144 -112.50356  24.425772      53.85 1.7198e+02   1558.727      37410  1032.7034  1032.7015    34.5494    34.5472    7.92985         29 0.0000e+00
   1063.000   1049.311     0.5093  29.606482     0.5112  29.606315     4.5819     4.7576    -0.0052    96.8248 1.0000e-12  -74.23144 -112.50356  24.425786      52.85 1.7167e+02   1559.916      37439  1032.7081  1032.7062    34.5495    34.5472    7.92987         29 0.0000e+00
   1064.000   1050.297     0.5088  29.606675     0.5109  29.606544     4.5765     4.7564    -0.0004    96.8211 1.0000e-12  -74.23144 -112.50356  24.425800      52.10 1.7182e+02   1561.097      37467  1032.7131  1032.7109    34.5497    34.5473    7.92996         28 0.0000e+00
   1065.000   1051.280     0.5090  29.607236     0.5110  29.607130     4.5852     4.7543    -0.0039    96.8204 1.0000e-12  -74.23144 -112.50356  24.425814      50.90 1.7137e+02   1562.288      37496  1032.7176  1032.7156    34.5496    34.5473    7.92992         29 0.0000e+00
   1066.000   1052.265     0.5091  29.607681     0.5110  29.607543     4.5810     4.7581    -0.0122    96.8075 1.0000e-12  -74.23144 -112.50356  24.425828      49.73 1.7160e+02   1563.556      37526  1032.7222  1032.7202    34.5496    34.5473    7.92991         32 0.0000e+00
   1067.000   1053.251     0.5085  29.607831     0.5106  29.607729     4.5822     4.7551    -0.0088    96.8432 1.0000e-12  -74.23144 -112.50356  24.425844      49.07 1.7147e+02   1564.927      37559  1032.7271  1032.7250    34.5499    34.5474    7.93001         34 0.0000e+00
   1068.000   1054.234     0.5081  29.608023     0.5102  29.607858     4.5818     4.7624    -0.0026    96.8409 1.0000e-12  -74.23144 -112.50356  24.425861      47.99 1.7150e+02   1566.359      37594  1032.7319  1032.7298    34.5500    34.5475    7.93008         35 0.0000e+00
   1069.000   1055.219     0.5079  29.608320     0.5099  29.607999     4.5851     4.7549    -0.0076    96.8278 1.0000e-12  -74.23144 -112.50356  24.425877      46.80 1.7150e+02   1567.813      37629  1032.7366  1032.7344    34.5501    34.5475    7.93013         35 0.0000e+00
   1070.000   1056.204     0.5071  29.608129     0.5094  29.608095     4.5824     4.7569    -0.0084    96.8301 1.0000e-12  -74.23144 -112.50356  24.425894      45.77 1.7122e+02   1569.277      37664  1032.7414  1032.7392    34.5501    34.5476    7.93029         31 0.0000e+00
   1071.000   1057.189     0.5075  29.609006     0.5098  29.609014     4.5819     4.7608    -0.0090    96.8425 1.0000e-12  -74.23144 -112.50356  24.425913      44.82 1.7180e+02   1570.862      37702  1032.7461  1032.7439    34.5503    34.5478    7.93020         39 0.0000e+00
   1072.000   1058.173     0.5073  29.609254     0.5096  29.609307     4.5820     4.7587    -0.0008    96.8396 1.0000e-12  -74.23144 -112.50356  24.425933      43.96 1.7166e+02   1572.587      37743  1032.7508  1032.7486    34.5503    34.5478    7.93024         35 0.0000e+00
   1073.000   1059.158     0.5074  29.609821     0.5095  29.609612     4.5845     4.7596    -0.0006    96.8240 1.0000e-12  -74.23144 -112.50356  24.425953      42.83 1.7112e+02   1574.339      37785  1032.7555  1032.7532    34.5504    34.5477    7.93022         40 0.0000e+00
   1074.000   1060.143     0.5075  29.610459     0.5098  29.610267     4.5801     4.7602    -0.0004    96.8625 1.0000e-12  -74.23144 -112.50356  24.425975      41.89 1.7100e+02   1576.242      37831  1032.7602  1032.7578    34.5504    34.5477    7.93018         38 0.0000e+00
   1075.000   1061.126     0.5080  29.611373     0.5103  29.611164     4.5851     4.7611    -0.0004    96.8595 1.0000e-12  -74.23144 -112.50356  24.425997      40.86 1.7100e+02   1578.163      37877  1032.7649  1032.7625    34.5506    34.5478    7.93008         43 0.0000e+00
   1076.000   1062.112     0.5092  29.613125     0.5115  29.612822     4.5774     4.7573     0.0008    96.8490 1.0000e-12  -74.23144 -112.50356  24.426020      39.72 1.7100e+02   1580.152      37925  1032.7697  1032.7672    34.5510    34.5481    7.92982         36 0.0000e+00
   1077.000   1063.097     0.5094  29.613631     0.5112  29.613087     4.5790     4.7569    -0.0082    96.8549 1.0000e-12  -74.23144 -112.50356  24.426044      38.57 1.7100e+02   1582.232      37975  1032.7742  1032.7719    34.5508    34.5481    7.92978         38 0.0000e+00
   1078.000   1064.081     0.5098  29.614530     0.5120  29.614368     4.5791     4.7534    -0.0044    96.8330 1.0000e-12  -74.23144 -112.50356  24.426070      37.77 1.7100e+02   1584.453      38028  1032.7790  1032.7766    34.5510    34.5483    7.92969         44 0.0000e+00
   1079.000   1065.065     0.5098  29.615011     0.5121  29.614806     4.5772     4.7561    -0.0037    96.8230 1.0000e-12  -74.23144 -112.50356  24.426095      36.68 1.7100e+02   1586.650      38081  1032.7837  1032.7812    34.5511    34.5483    7.92968         48 0.0000e+00
   1080.000   1066.049     0.5098  29.615369     0.5121  29.615230     4.5792     4.7581    -0.0084    96.8563 1.0000e-12  -74.23144 -112.50356  24.426121      35.70 1.7100e+02   1588.840      38133  1032.7882  1032.7859    34.5509    34.5483    7.92969         39 0.0000e+00
   1081.000   1067.034     0.5098  29.615854     0.5122  29.615817     4.5793     4.7567    -0.0031    96.8629 1.0000e-12  -74.23144 -112.50356  24.426146      34.90 1.7100e+02   1591.038      38186  1032.7929  1032.7906    34.5510    34.5483    7.92968         42 0.0000e+00
   1082.000   1068.017     0.5099  29.616394     0.5122  29.616246     4.5782     4.7558    -0.0017    96.8406 1.0000e-12  -74.23144 -112.50356  24.426172      33.69 1.7100e+02   1593.239      38239  1032.7976  1032.7952    34.5511    34.5483    7.92966         33 0.0000e+00
   1083.000   1069.002     0.5099  29.616787     0.5122  29.616614     4.5789     4.7557    -0.0028    96.8677 1.0000e-12  -74.23144 -112.50356  24.426197      32.71 1.7100e+02   1595.448      38292  1032.8022  1032.7998    34.5510    34.5483    7.92966         45 0.0000e+00
   1084.000   1069.988     0.5099  29.617269     0.5122  29.617061     4.5809     4.7542    -0.0066    96.8604 1.0000e-12  -74.23144 -112.50356  24.426223      31.69 1.7100e+02   1597.649      38345  1032.8069  1032.8045    34.5511    34.5483    7.92966         41 0.0000e+00
   1085.000   1070.973     0.5099  29.617682     0.5122  29.617558     4.5828     4.7563    -0.0082    96.8270 1.0000e-12  -74.23144 -112.50356  24.426249      30.82 1.7100e+02   1599.901      38399  1032.8115  1032.8092    34.5510    34.5484    7.92966         39 0.0000e+00
   1086.000   1071.958     0.5099  29.618091     0.5121  29.617924     4.5810     4.7544    -0.0041    96.8618 1.0000e-12  -74.23144 -112.50356  24.426274      29.77 1.7100e+02   1602.104      38451  1032.8162  1032.8138    34.5511    34.5484    7.92967         42 0.0000e+00
   1087.000   1072.939     0.5099  29.618512     0.5122  29.618344     4.5795     4.7558    -0.0041    96.8256 1.0000e-12  -74.23144 -112.50356  24.426299      28.74 1.7100e+02   1604.264      38503  1032.8208  1032.8184    34.5511    34.5483    7.92967         36 0.0000e+00
   1088.000   1073.925     0.5100  29.619050     0.5123  29.618890     4.5835     4.7578    -0.0005    96.8370 1.0000e-12  -74.23144 -112.50356  24.426324      27.81 1.7100e+02   1606.394      38554  1032.8255  1032.8231    34.5511    34.5484    7.92965         40 0.0000e+00
   1089.000   1074.910     0.5100  29.619589     0.5123  29.619392     4.5801     4.7568    -0.0047    96.8441 1.0000e-12  -74.23144 -112.50356  24.426348      26.71 1.7100e+02   1608.504      38605  1032.8301  1032.8278    34.5512    34.5484    7.92963         44 0.0000e+00
   1090.000   1075.893     0.5100  29.619978     0.5123  29.619869     4.5790     4.7586    -0.0006    96.8444 1.0000e-12  -74.23144 -112.50356  24.426372      25.78 1.7100e+02   1610.576      38655  1032.8348  1032.8324    34.5511    34.5484    7.92963         45 0.0000e+00
   1091.000   1076.881     0.5100  29.620431     0.5123  29.620260     4.5803     4.7539    -0.0034    96.8217 1.0000e-12  -74.23144 -112.50356  24.426396      24.77 1.7100e+02   1612.632      38704  1032.8395  1032.8371    34.5512    34.5485    7.92964         32 0.0000e+00
   1092.000   1077.863     0.5101  29.620915     0.5124  29.620819     4.5772     4.7515    -0.0083    96.8447 1.0000e-12  -74.23144 -112.50356  24.426420      23.87 1.7100e+02   1614.725      38754  1032.8441  1032.8417    34.5512    34.5485    7.92962         45 0.0000e+00
   1093.000   1078.847     0.5102  29.621450     0.5125  29.621282     4.5777     4.7593    -0.0068    96.8009 1.0000e-12  -74.23144 -112.50356  24.426445      22.71 1.7100e+02   1616.822      38805  1032.8487  1032.8463    34.5512    34.5484    7.92960         41 0.0000e+00
   1094.000   1079.833     0.5103  29.621913     0.5125  29.621719     4.5800     4.7564    -0.0019    96.8148 1.0000e-12  -74.23144 -112.50356  24.426469      21.71 1.7100e+02   1618.900      38855  1032.8533  1032.8510    34.5511    34.5485    7.92958         35 0.0000e+00
   1095.000   1080.817     0.5101  29.622212     0.5123  29.622094     4.5727     4.7555    -0.0024    96.8596 1.0000e-12  -74.23144 -112.50356  24.426492      20.69 1.7136e+02   1620.949      38904  1032.8580  1032.8558    34.5511    34.5486    7.92961         44 0.0000e+00
   1096.000   1081.801     0.5102  29.622703     0.5124  29.622536     4.5807     4.7592    -0.0095    96.8548 1.0000e-12  -74.23144 -112.50356  24.426516      19.72 1.7128e+02   1623.017      38953  1032.8627  1032.8604    34.5512    34.5485    7.92960         37 0.0000e+00
   1097.000   1082.786     0.5103  29.623175     0.5124  29.623076     4.5829     4.7621    -0.0099    96.8453 1.0000e-12  -74.23144 -112.50356  24.426541      18.62 1.7132e+02   1625.106      39004  1032.8673  1032.8650    34.5511    34.5486    7.92959         44 0.0000e+00
   1098.000   1083.771     0.5103  29.623704     0.5125  29.623574     4.5853     4.7529    -0.0022    96.8312 1.0000e-12  -74.23144 -112.50356  24.426565      17.65 1.7098e+02   1627.239      39055  1032.8719  1032.8697    34.5512    34.5487    7.92957         43 0.0000e+00
   1099.000   1084.755     0.5104  29.624213     0.5126  29.624026     4.5776     4.7575     0.0156    96.8330 1.0000e-12  -74.23144 -112.50356  24.426613      16.64 1.7140e+02   1631.374      39154  1032.8766  1032.8742    34.5512    34.5485    7.92955         38 0.0000e+00
   1100.000   1085.738     0.5104  29.624595     0.5126  29.624468     4.5791     4.7577     0.0083    96.8142 1.0000e-12  -74.23144 -112.50356  24.426649      15.56 1.7148e+02   1634.496      39229  1032.8812  1032.8789    34.5511    34.5486    7.92956         37 0.0000e+00
   1101.000   1086.724     0.5104  29.625085     0.5126  29.624895     4.5779     4.7588    -0.0059    96.8217 1.0000e-12  -74.23144 -112.50356  24.426684      14.52 1.7132e+02   1637.504      39301  1032.8859  1032.8836    34.5512    34.5486    7.92955         39 0.0000e+00
   1102.000   1087.709     0.5103  29.625576     0.5126  29.625443     4.5795     4.7594    -0.0027    96.8344 1.0000e-12  -74.23144 -112.50356  24.426717      13.48 1.7148e+02   1640.381      39370  1032.8906  1032.8883    34.5514    34.5487    7.92956         40 0.0000e+00
