ocean_section_plots/required_files/ctd/dnbp2202_ctd226.cnv
* Sea-Bird SBE 9 Data File:
* FileName = D:\Data\raw\NBP2202_CTD226.hex
* Software Version Seasave V 7.26.7.121
* Temperature SN = 1649
* Conductivity SN = 2513
* Number of Bytes Per Scan = 40
* Number of Voltage Words = 5
* Number of Scans Averaged by the Deck Unit = 1
* NMEA Latitude = 73 59.39 S
* NMEA Longitude = 111 36.97 W
* NMEA UTC (Time) = Feb 12 2022  13:58:53
* NMEA baud rate = 9600
** Ship: RVIB N.B. Palmer
** Cruise: NBP2202 Thwaites
** Station: 137
** Operator: B. Bjork
# nquan = 28
# nvalues = 444                         
# units = specified
# name 0 = prDM: Pressure, Digiquartz [db]
# name 1 = depSM: Depth [salt water, m]
# name 2 = t090C: Temperature [ITS-90, deg C]
# name 3 = c0mS/cm: Conductivity [mS/cm]
# name 4 = t190C: Temperature, 2 [ITS-90, deg C]
# name 5 = c1mS/cm: Conductivity, 2 [mS/cm]
# name 6 = sbeox0ML/L: Oxygen, SBE 43 [ml/l]
# name 7 = sbeox1ML/L: Oxygen, SBE 43, 2 [ml/l]
# name 8 = flECO-AFL: Fluorescence, WET Labs ECO-AFL/FL [mg/m^3]
# name 9 = CStarTr0: Beam Transmission, WET Labs C-Star [%]
# name 10 = par: PAR/Irradiance, Biospherical/Licor
# name 11 = latitude: Latitude [deg]
# name 12 = longitude: Longitude [deg]
# name 13 = timeJ: Julian Days
# name 14 = altM: Altimeter [m]
# name 15 = spar: SPAR, Biospherical/Licor
# name 16 = timeS: Time, Elapsed [seconds]
# name 17 = scan: Scan Count
# name 18 = density00: Density [density, kg/m^3]
# name 19 = density11: Density, 2 [density, kg/m^3]
# name 20 = v3: Voltage 3
# name 21 = v4: Voltage 4
# name 22 = v5: Voltage 5
# name 23 = sal00: Salinity, Practical [PSU]
# name 24 = sal11: Salinity, Practical, 2 [PSU]
# name 25 = oxsolML/L: Oxygen Saturation, Garcia & Gordon [ml/l]
# name 26 = nbin: number of scans per bin
# name 27 = flag: flag
# span 0 =      1.000,    444.000       
# span 1 =      0.995,    438.947       
# span 2 =    -1.5728,     0.0545       
# span 3 =  27.031592,  28.853899       
# span 4 =    -1.5722,     0.0589       
# span 5 =  27.031848,  28.856421       
# span 6 =     4.8551,     8.0473       
# span 7 =     4.9970,     8.3072       
# span 8 =    -0.0140,    17.9715       
# span 9 =    80.1526,    97.4504       
# span 10 = 1.0000e-12, 4.7960e+02      
# span 11 =  -73.98994,  -73.98994      
# span 12 = -111.61622, -111.61616      
# span 13 =  43.584519,  43.591636      
# span 14 =      -7.24,      99.95      
# span 15 = 1.3017e+03, 1.4649e+03      
# span 16 =    169.457,    784.313      
# span 17 =       4068,      18825      
# span 18 =  1027.2263,  1029.7479      
# span 19 =  1027.2274,  1029.7461      
# span 20 =     3.8027,     4.6229      
# span 21 =     0.0653,     2.5566      
# span 22 =     0.1157,     0.2000      
# span 23 =    33.8335,    34.4282      
# span 24 =    33.8345,    34.4265      
# span 25 =    8.03087,    8.41082      
# span 26 =         10,         46      
# span 27 = 0.0000e+00, 0.0000e+00      
# interval = decibars: 1                
# start_time = Feb 12 2022 13:58:53 [NMEA time, header]
# bad_flag = -9.990e-29
*END*
[from data line 52]
     53.000     52.445    -1.3326  27.095182    -1.3323  27.095554     7.8591     8.1623    14.3163    80.6399 1.0000e-12  -73.98994 -111.61619  43.585708      99.66 1.4180e+03    272.155       6533  1027.4956  1027.4957     3.8258     2.3562     0.1910    33.8594    33.8595    8.36435         33 0.0000e+00
     54.000     53.434    -1.3388  27.091777    -1.3387  27.092061     7.7222     8.0209    14.6245    81.6939 1.0000e-12  -73.98994 -111.61619  43.585724      99.56 1.4183e+03    273.555       6566  1027.5021  1027.5023     3.8758     2.2150     0.1714    33.8611    33.8614    8.36563         34 0.0000e+00
     55.000     54.424    -1.3530  27.085176    -1.3528  27.085528     7.3799     7.7074    14.6873    81.4197 1.0000e-12  -73.98994 -111.61619  43.585740      99.57 1.4175e+03    274.967       6600  1027.5129  1027.5130     3.8628     2.3326     0.1875    33.8675    33.8677    8.36844         31 0.0000e+00
     56.000     55.413    -1.3776  27.072784    -1.3770  27.073633     6.7781     7.1676    14.4954    81.0182 1.0000e-12  -73.98994 -111.61619  43.585757      99.62 1.4172e+03    276.369       6634  1027.5274  1027.5277     3.8435     2.2841     0.1673    33.8778    33.8782    8.37336         32 0.0000e+00
     57.000     56.402    -1.4218  27.045136    -1.4219  27.045459     6.3114     6.7175    15.9580    81.2772 1.0000e-12  -73.98994 -111.61619  43.585773      99.61 1.4164e+03    277.746       6667  1027.5438  1027.5443     3.8560     2.2084     0.1783    33.8892    33.8898    8.38262         33 0.0000e+00
     58.000     57.393    -1.4378  27.035067    -1.4379  27.035338     6.1073     6.4836    16.4120    81.3197 1.0000e-12  -73.98994 -111.61619  43.585788      99.63 1.4167e+03    279.102       6699  1027.5522  1027.5525     3.8580     2.3793     0.1790    33.8929    33.8933    8.38600         32 0.0000e+00
     59.000     58.382    -1.4449  27.031592    -1.4450  27.031848     6.0960     6.4197    14.3526    82.5920 1.0000e-12  -73.98994 -111.61618  43.585803      99.39 1.4180e+03    280.411       6731  1027.5591  1027.5595     3.9189     1.8639     0.1675    33.8955    33.8959    8.38744         30 0.0000e+00
     60.000     59.370    -1.4467  27.032778    -1.4468  27.033074     6.0443     6.3471    12.0974    84.0592 1.0000e-12  -73.98994 -111.61618  43.585817      99.47 1.4183e+03    281.609       6760  1027.5663  1027.5666     3.9874     1.4271     0.1678    33.8986    33.8990    8.38767         29 0.0000e+00
     61.000     60.361    -1.4487  27.034581    -1.4487  27.034716     5.9590     6.2447    14.0554    82.8243 1.0000e-12  -73.98994 -111.61618  43.585831      99.54 1.4203e+03    282.799       6788  1027.5743  1027.5744     3.9293     1.9916     0.1637    33.9027    33.9029    8.38788         28 0.0000e+00
     62.000     61.350    -1.4484  27.042641    -1.4484  27.042601     5.9350     6.2003    10.9221    84.6238 1.0000e-12  -73.98994 -111.61618  43.585844      99.57 1.4228e+03    283.944       6816  1027.5870  1027.5869     4.0147     1.2235     0.1449    33.9128    33.9127    8.38719         26 0.0000e+00
     63.000     62.339    -1.4482  27.045158    -1.4483  27.045268     5.9459     6.1869     8.0609    85.8761 1.0000e-12  -73.98994 -111.61618  43.585857      98.92 1.4235e+03    285.051       6842  1027.5938  1027.5940     4.0741     0.8423     0.1376    33.9155    33.9157    8.38700         27 0.0000e+00
     64.000     63.329    -1.4487  27.045334    -1.4489  27.045474     5.9633     6.1869     9.0127    87.9690 1.0000e-12  -73.98994 -111.61618  43.585870      97.11 1.4251e+03    286.194       6870  1027.5986  1027.5989     4.1733     0.8715     0.1420    33.9157    33.9160    8.38710         28 0.0000e+00
     65.000     64.318    -1.4490  27.045715    -1.4490  27.045934     5.9888     6.1959     8.6367    89.2161 1.0000e-12  -73.98994 -111.61618  43.585883      99.76 1.4280e+03    287.328       6897  1027.6034  1027.6037     4.2324     0.6962     0.1376    33.9159    33.9162    8.38715         27 0.0000e+00
     66.000     65.307    -1.4497  27.046002    -1.4497  27.046109     6.0135     6.2073     6.0274    91.3707 1.0000e-12  -73.98994 -111.61618  43.585896      99.81 1.4289e+03    288.427       6923  1027.6086  1027.6088     4.3346     0.5590     0.1314    33.9164    33.9166    8.38727         26 0.0000e+00
     67.000     66.296    -1.4515  27.045448    -1.4513  27.045850     6.0332     6.2222     5.0561    91.9463 1.0000e-12  -73.98994 -111.61617  43.585909      99.82 1.4297e+03    289.545       6950  1027.6140  1027.6142     4.3619     0.5759     0.1369    33.9171    33.9174    8.38765         27 0.0000e+00
     68.000     67.286    -1.4547  27.045507    -1.4547  27.045751     6.0523     6.2347     4.1409    93.2926 1.0000e-12  -73.98994 -111.61617  43.585922      99.84 1.4301e+03    290.669       6977  1027.6214  1027.6216     4.4258     0.4628     0.1333    33.9202    33.9205    8.38818         27 0.0000e+00
     69.000     68.275    -1.4570  27.045641    -1.4569  27.045801     6.0730     6.2587     3.8015    94.2788 1.0000e-12  -73.98994 -111.61617  43.585935      99.83 1.4313e+03    291.768       7003  1027.6280  1027.6281     4.4725     0.5029     0.1330    33.9223    33.9224    8.38856         26 0.0000e+00
     70.000     69.264    -1.4602  27.044053    -1.4602  27.044220     6.0952     6.2765     2.7046    95.0993 1.0000e-12  -73.98994 -111.61618  43.585948      99.83 1.4315e+03    292.899       7031  1027.6335  1027.6337     4.5114     0.4766     0.1303    33.9231    33.9234    8.38923         28 0.0000e+00
     71.000     70.254    -1.4620  27.043332    -1.4616  27.043762     6.1041     6.2875     1.9970    95.5186 1.0000e-12  -73.98994 -111.61618  43.585961      99.87 1.4315e+03    294.043       7058  1027.6387  1027.6388     4.5313     0.3531     0.1264    33.9236    33.9237    8.38962         27 0.0000e+00
     72.000     71.244    -1.4653  27.041369    -1.4651  27.041676     6.1184     6.2952     1.4185    95.2806 1.0000e-12  -73.98994 -111.61618  43.585974      99.87 1.4315e+03    295.145       7084  1027.6440  1027.6442     4.5200     0.2929     0.1344    33.9241    33.9242    8.39035         26 0.0000e+00
     73.000     72.231    -1.4663  27.041151    -1.4664  27.041235     6.1277     6.3119     1.1185    95.8473 1.0000e-12  -73.98994 -111.61618  43.585987      99.87 1.4315e+03    296.266       7111  1027.6490  1027.6491     4.5469     0.2780     0.1261    33.9242    33.9245    8.39056         28 0.0000e+00
     74.000     73.223    -1.4684  27.040139    -1.4681  27.040420     6.1321     6.3122     0.8967    95.8786 1.0000e-12  -73.98994 -111.61616  43.586000      99.89 1.4315e+03    297.396       7139  1027.6541  1027.6542     4.5484     0.1946     0.1228    33.9246    33.9247    8.39101         26 0.0000e+00
     75.000     74.211    -1.4701  27.039376    -1.4700  27.039564     6.1216     6.3163     1.0813    95.9216 1.0000e-12  -73.98994 -111.61618  43.586013      99.79 1.4315e+03    298.489       7165  1027.6591  1027.6593     4.5505     0.2683     0.1230    33.9248    33.9250    8.39137         26 0.0000e+00
     76.000     75.200    -1.4704  27.039668    -1.4704  27.039863     6.1330     6.3136     1.1701    96.3475 1.0000e-12  -73.98994 -111.61618  43.586025      96.90 1.4316e+03    299.602       7191  1027.6640  1027.6642     4.5706     0.1701     0.1224    33.9249    33.9253    8.39143         28 0.0000e+00
     77.000     76.188    -1.4712  27.039873    -1.4710  27.040122     6.1348     6.3204     2.2159    96.4045 1.0000e-12  -73.98994 -111.61618  43.586039      99.87 1.4323e+03    300.741       7219  1027.6692  1027.6693     4.5733     0.1404     0.1220    33.9255    33.9256    8.39158         27 0.0000e+00
     78.000     77.180    -1.4722  27.039998    -1.4719  27.040171     6.1440     6.3358     1.6192    96.6821 1.0000e-12  -73.98994 -111.61618  43.586052      99.89 1.4323e+03    301.852       7245  1027.6746  1027.6745     4.5864     0.1748     0.1257    33.9262    33.9261    8.39176         26 0.0000e+00
     79.000     78.168    -1.4743  27.039561    -1.4747  27.039543     6.1578     6.3506     0.7099    96.4453 1.0000e-12  -73.98994 -111.61618  43.586064      99.89 1.4315e+03    302.957       7272  1027.6804  1027.6808     4.5752     0.1562     0.1252    33.9274    33.9277    8.39217         27 0.0000e+00
     80.000     79.159    -1.4788  27.037990    -1.4787  27.038132     6.1636     6.3531     0.5301    96.3995 1.0000e-12  -73.98994 -111.61618  43.586077      99.89 1.4315e+03    304.088       7299  1027.6873  1027.6874     4.5732     0.1259     0.1236    33.9297    33.9297    8.39304         26 0.0000e+00
     81.000     80.146    -1.4791  27.038542    -1.4789  27.038690     6.1621     6.3576     0.8001    96.6200 1.0000e-12  -73.98994 -111.61618  43.586090      99.90 1.4309e+03    305.144       7324  1027.6925  1027.6925     4.5834     0.1402     0.1215    33.9301    33.9301    8.39308         25 0.0000e+00
     82.000     81.136    -1.4792  27.038908    -1.4790  27.039017     6.1667     6.3586     0.8337    96.6951 1.0000e-12  -73.98994 -111.61618  43.586101      99.89 1.4306e+03    306.162       7349  1027.6972  1027.6972     4.5871     0.1745     0.1223    33.9301    33.9300    8.39311         25 0.0000e+00
     83.000     82.124    -1.4798  27.039380    -1.4796  27.039525     6.1643     6.3490     0.6214    96.6113 1.0000e-12  -73.98994 -111.61618  43.586113      99.89 1.4294e+03    307.192       7374  1027.7027  1027.7026     4.5831     0.1517     0.1246    33.9309    33.9308    8.39321         24 0.0000e+00
     84.000     83.114    -1.4798  27.040325    -1.4795  27.040447     6.1511     6.3468     0.6143    96.6312 1.0000e-12  -73.98994 -111.61618  43.586125      99.89 1.4265e+03    308.198       7398  1027.7079  1027.7078     4.5840     0.1354     0.1209    33.9315    33.9313    8.39316         24 0.0000e+00
     85.000     84.104    -1.4796  27.041352    -1.4793  27.041452     6.1503     6.3471     0.6918    96.2333 1.0000e-12  -73.98994 -111.61618  43.586136      99.89 1.4243e+03    309.178       7421  1027.7131  1027.7130     4.5654     0.2042     0.1253    33.9321    33.9319    8.39308         24 0.0000e+00
     86.000     85.092    -1.4796  27.041946    -1.4793  27.042058     6.1586     6.3415     0.7466    96.5507 1.0000e-12  -73.98994 -111.61618  43.586148      99.89 1.4231e+03    310.162       7445  1027.7180  1027.7179     4.5801     0.1623     0.1237    33.9322    33.9320    8.39307         24 0.0000e+00
     87.000     86.083    -1.4798  27.043067    -1.4797  27.043210     6.1507     6.3361     1.1999    96.5904 1.0000e-12  -73.98994 -111.61618  43.586159      99.89 1.4220e+03    311.147       7469  1027.7238  1027.7239     4.5821     0.1329     0.1195    33.9334    33.9335    8.39304         23 0.0000e+00
     88.000     87.072    -1.4801  27.043720    -1.4797  27.043790     6.1402     6.3427     0.4710    96.3739 1.0000e-12  -73.98994 -111.61618  43.586170      99.89 1.4185e+03    312.120       7492  1027.7291  1027.7288     4.5718     0.1493     0.1200    33.9340    33.9337    8.39307         23 0.0000e+00
     89.000     88.060    -1.4802  27.044191    -1.4798  27.044372     6.1492     6.3503     0.5310    96.2991 1.0000e-12  -73.98994 -111.61618  43.586182      99.89 1.4190e+03    313.108       7516  1027.7340  1027.7338     4.5683     0.1576     0.1204    33.9341    33.9340    8.39309         24 0.0000e+00
     90.000     89.050    -1.4797  27.044633    -1.4794  27.044730     6.1539     6.3578     0.6991    96.6917 1.0000e-12  -73.98994 -111.61618  43.586193      99.89 1.4177e+03    314.109       7540  1027.7383  1027.7382     4.5870     0.1711     0.1280    33.9336    33.9334    8.39302         24 0.0000e+00
     91.000     90.040    -1.4809  27.045810    -1.4804  27.045849     6.1512     6.3625     0.7129    96.5292 1.0000e-12  -73.98994 -111.61618  43.586205      99.89 1.4156e+03    315.091       7563  1027.7451  1027.7447     4.5793     0.1533     0.1216    33.9359    33.9354    8.39314         23 0.0000e+00
     92.000     91.030    -1.4816  27.046576    -1.4811  27.046645     6.1537     6.3566     0.7111    96.6621 1.0000e-12  -73.98994 -111.61618  43.586216      99.89 1.4167e+03    316.071       7587  1027.7509  1027.7505     4.5854     0.1299     0.1217    33.9372    33.9367    8.39323         24 0.0000e+00
     93.000     92.017    -1.4814  27.046983    -1.4810  27.047122     6.1558     6.3557     0.5637    96.4726 1.0000e-12  -73.98994 -111.61618  43.586228      99.89 1.4138e+03    317.060       7610  1027.7555  1027.7553     4.5766     0.1317     0.1216    33.9369    33.9367    8.39321         24 0.0000e+00
     94.000     93.007    -1.4812  27.047308    -1.4809  27.047493     6.1508     6.3565     0.4721    96.7634 1.0000e-12  -73.98994 -111.61618  43.586239      99.88 1.4098e+03    318.034       7634  1027.7598  1027.7599     4.5903     0.2229     0.1220    33.9364    33.9364    8.39318         23 0.0000e+00
     95.000     93.996    -1.4816  27.047943    -1.4813  27.048138     6.1518     6.3553     0.5456    96.6676 1.0000e-12  -73.98994 -111.61618  43.586250      99.89 1.4093e+03    319.020       7657  1027.7653  1027.7652     4.5858     0.1560     0.1230    33.9371    33.9371    8.39323         24 0.0000e+00
     96.000     94.985    -1.4816  27.048670    -1.4814  27.048821     6.1540     6.3544     0.4976    96.3372 1.0000e-12  -73.98994 -111.61620  43.586262      99.89 1.4079e+03    320.023       7682  1027.7704  1027.7703     4.5701     0.1556     0.1200    33.9376    33.9375    8.39321         24 0.0000e+00
     97.000     95.976    -1.4816  27.049195    -1.4813  27.049381     6.1498     6.3501     0.8306    96.5693 1.0000e-12  -73.98994 -111.61619  43.586273      99.89 1.4048e+03    320.984       7705  1027.7753  1027.7752     4.5812     0.1598     0.1229    33.9377    33.9376    8.39321         23 0.0000e+00
     98.000     96.963    -1.4816  27.049808    -1.4813  27.049906     6.1521     6.3499     0.8721    96.7075 1.0000e-12  -73.98994 -111.61619  43.586284      99.89 1.4040e+03    321.951       7728  1027.7803  1027.7801     4.5876     0.1739     0.1259    33.9379    33.9377    8.39320         23 0.0000e+00
     99.000     97.954    -1.4817  27.051037    -1.4814  27.050982     6.1483     6.3514     0.4704    96.6304 1.0000e-12  -73.98994 -111.61619  43.586296      99.89 1.4025e+03    322.945       7752  1027.7860  1027.7856     4.5840     0.1448     0.1208    33.9390    33.9386    8.39314         24 0.0000e+00
    100.000     98.941    -1.4818  27.052761    -1.4815  27.052911     6.1442     6.3545     0.4593    96.5274 1.0000e-12  -73.98994 -111.61619  43.586307      99.89 1.4002e+03    323.909       7775  1027.7923  1027.7922     4.5792     0.1163     0.1221    33.9409    33.9407    8.39305         22 0.0000e+00
    101.000     99.931    -1.4819  27.053519    -1.4816  27.053567     6.1447     6.3477     0.5533    96.5718 1.0000e-12  -73.98994 -111.61619  43.586318      99.89 1.3992e+03    324.873       7798  1027.7975  1027.7973     4.5813     0.2025     0.1241    33.9414    33.9411    8.39304         25 0.0000e+00
    102.000    100.922    -1.4820  27.054017    -1.4817  27.054170     6.1420     6.3439     0.5310    96.7290 1.0000e-12  -73.98994 -111.61618  43.586330      99.89 1.3974e+03    325.872       7822  1027.8025  1027.8024     4.5887     0.1488     0.1206    33.9416    33.9415    8.39306         24 0.0000e+00
    103.000    101.908    -1.4819  27.054775    -1.4816  27.054752     6.1437     6.3403     0.5805    96.8100 1.0000e-12  -73.98994 -111.61618  43.586341      99.90 1.3953e+03    326.855       7846  1027.8076  1027.8072     4.5924     0.1173     0.1213    33.9419    33.9416    8.39302         23 0.0000e+00
