ocean_section_plots/required_files/ctd/dnbp2202_ctd101.cnv
* Sea-Bird SBE 9 Data File:
* FileName = D:\Data\raw\NBP2202_CTD101.hex
* Software Version Seasave V 7.26.7.121
* Temperature SN = 1649
* Conductivity SN = 2513
* Number of Bytes Per Scan = 40
* Number of Voltage Words = 5
* Number of Scans Averaged by the Deck Unit = 1
* NMEA Latitude = 74 10.52 S
* NMEA Longitude = 113 20.65 W
* NMEA UTC (Time) = Jan 27 2022  02:55:26
* NMEA baud rate = 9600
** Ship: RVIB N.B. Palmer
** Cruise: NBP2202 Thwaites
** Station: YoYo001
** Operator: A. Robinson
# nquan = 25
# nvalues = 608                         
# units = specified
# name 0 = prDM: Pressure, Digiquartz [db]
# name 1 = depSM: Depth [salt water, m]
# name 2 = t090C: Temperature [ITS-90, deg C]
# name 3 = c0mS/cm: Conductivity [mS/cm]
# name 4 = t190C: Temperature, 2 [ITS-90, deg C]
# name 5 = c1mS/cm: Conductivity, 2 [mS/cm]
# name 6 = sbeox0ML/L: Oxygen, SBE 43 [ml/l]
# name 7 = sbeox1ML/L: Oxygen, SBE 43, 2 [ml/l]
# name 8 = flECO-AFL: Fluorescence, WET Labs ECO-AFL/FL [mg/m^3]
# name 9 = CStarTr0: Beam Transmission, WET Labs C-Star [%]
# name 10 = par: PAR/Irradiance, Biospherical/Licor
# name 11 = latitude: Latitude [deg]
# name 12 = longitude: Longitude [deg]
# name 13 = timeJ: Julian Days
# name 14 = altM: Altimeter [m]
# name 15 = spar: SPAR, Biospherical/Licor
# name 16 = timeS: Time, Elapsed [seconds]
# name 17 = scan: Scan Count
# name 18 = density00: Density [density, kg/m^3]
# name 19 = density11: Density, 2 [density, kg/m^3]
# name 20 = sal00: Salinity, Practical [PSU]
# name 21 = sal11: Salinity, Practical, 2 [PSU]
# name 22 = oxsolML/L: Oxygen Saturation, Garcia & Gordon [ml/l]
# name 23 = nbin: number of scans per bin
# name 24 = flag: flag
# span 0 =     10.000,    617.000       
# span 1 =      9.897,    609.704       
# span 2 =    -1.4977,     0.0641       
# span 3 =  26.950125,  28.899444       
# span 4 =    -1.4958,     0.0666       
# span 5 =  26.790773,  28.745307       
# span 6 =     4.6898,     9.1232       
# span 7 =     4.7340,     9.0724       
# span 8 =    -0.0290,    26.4938       
# span 9 =    68.4121,    95.5504       
# span 10 = 1.0000e-12, 1.8235e+01      
# span 11 =  -74.17536,  -74.17536      
# span 12 = -113.34426, -113.34424      
# span 13 =  27.122391,  27.130899      
# span 14 =       7.73,      99.99      
# span 15 = 6.4466e+02, 9.3905e+02      
# span 16 =     48.559,    783.666      
# span 17 =       1166,      18809      
# span 18 =  1027.1957,  1030.5201      
# span 19 =  1027.0124,  1030.3552      
# span 20 =    33.7771,    34.3757      
# span 21 =    33.5506,    34.1699      
# span 22 =    8.03183,    8.40361      
# span 23 =         20,         45      
# span 24 = 0.0000e+00, 0.0000e+00      
# interval = decibars: 1                
# start_time = Jan 27 2022 02:55:26 [NMEA time, header]
# bad_flag = -9.990e-29
*END*
[from data line 522]
    532.000    525.819     0.0086  28.801515     0.0104  28.639395     4.7043     4.7596    -0.0182    94.8637 1.0000e-12  -74.17536 -113.34426  27.129420      94.93 7.4394e+02    655.912      15743  1030.1092  1029.9360    34.3579    34.1422    8.04444         23 0.0000e+00
    533.000    526.804     0.0102  28.803733     0.0119  28.641761     4.7090     4.7497    -0.0132    94.8649 1.0000e-12  -74.17536 -113.34426  27.129432      93.97 7.4394e+02    656.897      15767  1030.1144  1029.9413    34.3585    34.1431    8.04408         24 0.0000e+00
    534.000    527.793     0.0136  28.807889     0.0152  28.645722     4.7047     4.7486    -0.0055    94.8468 1.0000e-12  -74.17536 -113.34426  27.129443      93.00 7.4394e+02    657.869      15790  1030.1197  1029.9465    34.3596    34.1440    8.04330         23 0.0000e+00
    535.000    528.779     0.0153  28.810082     0.0172  28.648333     4.7044     4.7575    -0.0032    94.8637 1.0000e-12  -74.17536 -113.34426  27.129454      91.85 7.4394e+02    658.842      15813  1030.1246  1029.9517    34.3600    34.1447    8.04292         23 0.0000e+00
    536.000    529.767     0.0173  28.812631     0.0191  28.650804     4.7015     4.7585    -0.0092    94.8821 1.0000e-12  -74.17536 -113.34426  27.129465      90.96 7.4387e+02    659.813      15837  1030.1296  1029.9567    34.3605    34.1453    8.04247         24 0.0000e+00
    537.000    530.754     0.0180  28.813991     0.0198  28.652584     4.7019     4.7557    -0.0093    94.8656 1.0000e-12  -74.17536 -113.34426  27.129477      89.92 7.4185e+02    660.800      15860  1030.1347  1029.9622    34.3610    34.1462    8.04230         23 0.0000e+00
    538.000    531.741     0.0181  28.814727     0.0199  28.653001     4.7063     4.7604    -0.0153    94.8807 1.0000e-12  -74.17536 -113.34426  27.129488      88.78 7.3942e+02    661.795      15884  1030.1397  1029.9669    34.3612    34.1461    8.04227         25 0.0000e+00
    539.000    532.728     0.0180  28.815008     0.0197  28.653363     4.7070     4.7649    -0.0099    94.8566 1.0000e-12  -74.17536 -113.34426  27.129500      87.76 7.3698e+02    662.801      15908  1030.1444  1029.9718    34.3612    34.1462    8.04230         24 0.0000e+00
    540.000    533.715     0.0172  28.814797     0.0188  28.653588     4.7100     4.7621    -0.0093    94.8816 1.0000e-12  -74.17536 -113.34425  27.129512      86.60 7.3334e+02    663.798      15932  1030.1493  1029.9771    34.3612    34.1469    8.04246         23 0.0000e+00
    541.000    534.702     0.0175  28.815655     0.0190  28.654166     4.7109     4.7624    -0.0151    94.8735 1.0000e-12  -74.17536 -113.34425  27.129523      85.79 7.3018e+02    664.777      15956  1030.1542  1029.9818    34.3614    34.1468    8.04239         24 0.0000e+00
    542.000    535.690     0.0170  28.815935     0.0186  28.654581     4.7100     4.7630    -0.0112    94.8825 1.0000e-12  -74.17536 -113.34426  27.129534      84.74 7.2634e+02    665.743      15979  1030.1592  1029.9870    34.3617    34.1473    8.04247         23 0.0000e+00
    543.000    536.677     0.0174  28.817440     0.0191  28.655827     4.7100     4.7636    -0.0081    94.8714 1.0000e-12  -74.17536 -113.34426  27.129545      83.75 7.2219e+02    666.704      16002  1030.1647  1029.9921    34.3626    34.1478    8.04233         23 0.0000e+00
    544.000    537.662     0.0183  28.818956     0.0199  28.657307     4.7128     4.7638    -0.0077    94.8815 1.0000e-12  -74.17536 -113.34426  27.129556      82.89 7.1748e+02    667.669      16025  1030.1697  1029.9970    34.3631    34.1482    8.04213         23 0.0000e+00
    545.000    538.651     0.0194  28.820653     0.0212  28.659359     4.7163     4.7628    -0.0077    94.9037 1.0000e-12  -74.17536 -113.34426  27.129568      81.69 7.1365e+02    668.652      16049  1030.1745  1030.0023    34.3634    34.1490    8.04186         24 0.0000e+00
    546.000    539.636     0.0197  28.821305     0.0214  28.659787     4.7120     4.7652    -0.0077    94.8982 1.0000e-12  -74.17536 -113.34426  27.129579      80.53 7.0950e+02    669.643      16072  1030.1793  1030.0068    34.3634    34.1487    8.04180         24 0.0000e+00
    547.000    540.625     0.0200  28.821941     0.0216  28.660443     4.7109     4.7658    -0.0089    94.8887 1.0000e-12  -74.17536 -113.34426  27.129591      79.53 7.0494e+02    670.628      16096  1030.1840  1030.0116    34.3634    34.1488    8.04175         24 0.0000e+00
    548.000    541.612     0.0202  28.822663     0.0218  28.661426     4.7107     4.7650    -0.0159    94.9025 1.0000e-12  -74.17536 -113.34426  27.129602      78.61 7.0098e+02    671.613      16120  1030.1888  1030.0166    34.3635    34.1492    8.04170         23 0.0000e+00
    549.000    542.598     0.0203  28.823292     0.0221  28.662280     4.7056     4.7669    -0.0172    94.9121 1.0000e-12  -74.17536 -113.34426  27.129613      77.60 6.9715e+02    672.604      16143  1030.1936  1030.0215    34.3636    34.1494    8.04167         24 0.0000e+00
    550.000    543.586     0.0208  28.824267     0.0226  28.663203     4.7048     4.7654    -0.0036    94.9068 1.0000e-12  -74.17536 -113.34426  27.129625      76.64 6.9453e+02    673.595      16167  1030.1984  1030.0263    34.3638    34.1496    8.04156         24 0.0000e+00
    551.000    544.572     0.0219  28.825842     0.0236  28.664913     4.7049     4.7648    -0.0010    94.9027 1.0000e-12  -74.17536 -113.34426  27.129636      75.63 6.9296e+02    674.585      16191  1030.2032  1030.0314    34.3640    34.1501    8.04131         23 0.0000e+00
    552.000    545.561     0.0229  28.827410     0.0247  28.666496     4.7043     4.7567    -0.0053    94.9209 1.0000e-12  -74.17536 -113.34426  27.129648      74.62 6.9214e+02    675.573      16215  1030.2081  1030.0362    34.3644    34.1504    8.04108         24 0.0000e+00
    553.000    546.546     0.0234  28.828273     0.0251  28.667354     4.7105     4.7584    -0.0090    94.9128 1.0000e-12  -74.17536 -113.34426  27.129659      73.71 6.9051e+02    676.543      16238  1030.2128  1030.0410    34.3644    34.1505    8.04097         23 0.0000e+00
    554.000    547.534     0.0242  28.829670     0.0259  28.668750     4.7049     4.7606    -0.0129    94.8994 1.0000e-12  -74.17536 -113.34426  27.129670      72.52 6.8944e+02    677.515      16261  1030.2177  1030.0460    34.3647    34.1509    8.04078         24 0.0000e+00
    555.000    548.522     0.0245  28.830328     0.0262  28.669386     4.7047     4.7634    -0.0144    94.8983 1.0000e-12  -74.17536 -113.34426  27.129682      71.40 6.8937e+02    678.489      16285  1030.2224  1030.0506    34.3648    34.1508    8.04073         23 0.0000e+00
    556.000    549.507     0.0248  28.831102     0.0265  28.670408     4.7025     4.7628    -0.0095    94.9122 1.0000e-12  -74.17536 -113.34426  27.129693      70.65 6.8929e+02    679.480      16309  1030.2271  1030.0556    34.3648    34.1512    8.04065         24 0.0000e+00
    557.000    550.494     0.0255  28.832202     0.0270  28.671361     4.7085     4.7617    -0.0159    94.9270 1.0000e-12  -74.17536 -113.34424  27.129704      69.61 6.8922e+02    680.467      16332  1030.2319  1030.0604    34.3648    34.1513    8.04050         24 0.0000e+00
    558.000    551.482     0.0270  28.834189     0.0283  28.673185     4.7104     4.7608    -0.0093    94.9274 1.0000e-12  -74.17536 -113.34426  27.129716      68.50 6.8906e+02    681.456      16356  1030.2367  1030.0654    34.3652    34.1517    8.04017         23 0.0000e+00
    559.000    552.469     0.0284  28.836138     0.0301  28.675599     4.7055     4.7558    -0.0160    94.9228 1.0000e-12  -74.17536 -113.34424  27.129727      67.56 6.8836e+02    682.426      16379  1030.2417  1030.0704    34.3657    34.1523    8.03985         23 0.0000e+00
    560.000    553.457     0.0287  28.836837     0.0304  28.676466     4.7044     4.7569    -0.0104    94.8970 1.0000e-12  -74.17536 -113.34426  27.129738      66.50 6.8781e+02    683.399      16403  1030.2464  1030.0752    34.3656    34.1525    8.03979         24 0.0000e+00
    561.000    554.442     0.0286  28.836775     0.0299  28.676141     4.7048     4.7590    -0.0095    94.9098 1.0000e-12  -74.17536 -113.34424  27.129750      65.48 6.8752e+02    684.382      16426  1030.2507  1030.0797    34.3651    34.1521    8.03984         24 0.0000e+00
    562.000    555.429     0.0269  28.835572     0.0284  28.675180     4.7082     4.7596    -0.0131    94.9240 1.0000e-12  -74.17536 -113.34426  27.129761      64.53 6.8752e+02    685.378      16450  1030.2554  1030.0844    34.3648    34.1519    8.04021         23 0.0000e+00
    563.000    556.417     0.0311  28.840247     0.0322  28.679481     4.7051     4.7621    -0.0135    94.8999 1.0000e-12  -74.17536 -113.34424  27.129773      63.31 6.8752e+02    686.371      16474  1030.2604  1030.0895    34.3657    34.1527    8.03929         24 0.0000e+00
    564.000    557.403     0.0336  28.843029     0.0346  28.682343     4.7076     4.7513    -0.0116    94.9112 1.0000e-12  -74.17536 -113.34426  27.129784      62.56 6.8752e+02    687.366      16498  1030.2651  1030.0944    34.3660    34.1533    8.03874         24 0.0000e+00
    565.000    558.391     0.0346  28.844551     0.0363  28.684457     4.7027     4.7489    -0.0135    94.8972 1.0000e-12  -74.17536 -113.34424  27.129796      61.58 6.8752e+02    688.348      16521  1030.2700  1030.0992    34.3663    34.1536    8.03851         24 0.0000e+00
    566.000    559.377     0.0352  28.845433     0.0366  28.685173     4.6961     4.7544    -0.0100    94.9159 1.0000e-12  -74.17536 -113.34426  27.129807      60.41 6.8752e+02    689.320      16545  1030.2747  1030.1039    34.3662    34.1536    8.03840         23 0.0000e+00
    567.000    560.364     0.0351  28.845802     0.0367  28.685950     4.6998     4.7564    -0.0163    94.9184 1.0000e-12  -74.17536 -113.34424  27.129818      59.50 6.8752e+02    690.293      16568  1030.2794  1030.1089    34.3663    34.1540    8.03842         23 0.0000e+00
    568.000    561.352     0.0352  28.846424     0.0368  28.686413     4.7017     4.7525    -0.0089    94.9325 1.0000e-12  -74.17536 -113.34424  27.129829      58.41 6.8752e+02    691.268      16591  1030.2842  1030.1135    34.3663    34.1538    8.03838         24 0.0000e+00
    569.000    562.338     0.0360  28.847716     0.0379  28.688305     4.6982     4.7502    -0.0020    94.9061 1.0000e-12  -74.17536 -113.34424  27.129841      57.54 6.8752e+02    692.249      16615  1030.2890  1030.1187    34.3666    34.1545    8.03821         23 0.0000e+00
    570.000    563.325     0.0367  28.848831     0.0383  28.689123     4.6984     4.7530    -0.0010    94.9143 1.0000e-12  -74.17536 -113.34424  27.129852      56.32 6.8767e+02    693.233      16639  1030.2937  1030.1235    34.3666    34.1546    8.03805         24 0.0000e+00
    571.000    564.312     0.0367  28.849253     0.0384  28.689777     4.7009     4.7537    -0.0058    94.9004 1.0000e-12  -74.17536 -113.34424  27.129864      55.33 6.8791e+02    694.212      16662  1030.2985  1030.1284    34.3666    34.1548    8.03805         23 0.0000e+00
    572.000    565.299     0.0377  28.851164     0.0394  28.691547     4.6989     4.7547    -0.0132    94.9186 1.0000e-12  -74.17536 -113.34426  27.129875      54.21 6.8855e+02    695.187      16685  1030.3038  1030.1335    34.3675    34.1554    8.03781         24 0.0000e+00
    573.000    566.287     0.0381  28.852016     0.0397  28.692503     4.6989     4.7529    -0.0128    94.9139 1.0000e-12  -74.17536 -113.34424  27.129886      53.24 6.8929e+02    696.169      16709  1030.3086  1030.1385    34.3676    34.1558    8.03772         23 0.0000e+00
    574.000    567.274     0.0384  28.853217     0.0401  28.693507     4.6985     4.7578    -0.0062    94.9143 1.0000e-12  -74.17536 -113.34424  27.129898      52.37 6.8951e+02    697.146      16733  1030.3138  1030.1434    34.3682    34.1561    8.03761         24 0.0000e+00
    575.000    568.258     0.0403  28.856308     0.0421  28.696962     4.6999     4.7585    -0.0032    94.9365 1.0000e-12  -74.17536 -113.34424  27.129909      51.32 6.9059e+02    698.130      16756  1030.3194  1030.1494    34.3695    34.1578    8.03713         24 0.0000e+00
    576.000    569.247     0.0403  28.856774     0.0419  28.697419     4.7021     4.7519    -0.0083    94.9319 1.0000e-12  -74.17536 -113.34424  27.129920      50.21 6.9165e+02    699.113      16780  1030.3241  1030.1543    34.3696    34.1580    8.03714         23 0.0000e+00
    577.000    570.234     0.0378  28.854188     0.0394  28.695177     4.7023     4.7524    -0.0006    94.9216 1.0000e-12  -74.17536 -113.34424  27.129932      49.15 6.9275e+02    700.097      16803  1030.3282  1030.1586    34.3684    34.1573    8.03772         23 0.0000e+00
    578.000    571.222     0.0379  28.854637     0.0396  28.695418     4.7038     4.7482    -0.0154    94.9110 1.0000e-12  -74.17536 -113.34424  27.129943      48.27 6.9281e+02    701.071      16827  1030.3328  1030.1629    34.3683    34.1568    8.03771         24 0.0000e+00
    579.000    572.208     0.0386  28.856012     0.0409  28.697541     4.7062     4.7475    -0.0169    94.9453 1.0000e-12  -74.17536 -113.34424  27.129954      47.33 6.9312e+02    702.043      16850  1030.3378  1030.1681    34.3688    34.1575    8.03754         23 0.0000e+00
    580.000    573.194     0.0402  28.858465     0.0423  28.699720     4.7004     4.7503    -0.0120    94.9293 1.0000e-12  -74.17536 -113.34424  27.129966      46.04 6.9458e+02    703.022      16874  1030.3430  1030.1734    34.3696    34.1583    8.03715         24 0.0000e+00
    581.000    574.183     0.0413  28.860075     0.0430  28.700888     4.6962     4.7480    -0.0080    94.9070 1.0000e-12  -74.17536 -113.34424  27.129977      45.07 6.9487e+02    704.012      16897  1030.3479  1030.1782    34.3699    34.1585    8.03690         24 0.0000e+00
    582.000    575.167     0.0429  28.862216     0.0447  28.703236     4.6960     4.7453    -0.0092    94.9156 1.0000e-12  -74.17536 -113.34424  27.129989      44.14 6.9633e+02    705.036      16922  1030.3528  1030.1832    34.3704    34.1591    8.03655         25 0.0000e+00
    583.000    576.156     0.0435  28.863313     0.0452  28.704290     4.6999     4.7448    -0.0044    94.9082 1.0000e-12  -74.17536 -113.34424  27.130001      43.10 6.9634e+02    706.084      16947  1030.3577  1030.1881    34.3706    34.1594    8.03642         26 0.0000e+00
    584.000    577.142     0.0452  28.865560     0.0462  28.706057     4.7016     4.7489    -0.0039    94.9258 1.0000e-12  -74.17536 -113.34424  27.130013      42.10 6.9746e+02    707.157      16973  1030.3626  1030.1933    34.3710    34.1600    8.03602         25 0.0000e+00
    585.000    578.130     0.0441  28.864729     0.0451  28.705413     4.6987     4.7554    -0.0123    94.9066 1.0000e-12  -74.17536 -113.34424  27.130026      41.05 6.9968e+02    708.255      16999  1030.3670  1030.1979    34.3706    34.1598    8.03628         27 0.0000e+00
    586.000    579.115     0.0448  28.866029     0.0465  28.707569     4.7008     4.7470    -0.0123    94.8944 1.0000e-12  -74.17536 -113.34424  27.130039      39.99 7.0122e+02    709.362      17026  1030.3720  1030.2030    34.3709    34.1605    8.03611         27 0.0000e+00
    587.000    580.103     0.0462  28.867810     0.0478  28.709453     4.6991     4.7408    -0.0088    94.8724 1.0000e-12  -74.17536 -113.34424  27.130052      38.98 7.0170e+02    710.479      17052  1030.3768  1030.2080    34.3712    34.1609    8.03582         26 0.0000e+00
    588.000    581.090     0.0467  28.868698     0.0493  28.711190     4.6979     4.7354    -0.0125    94.9045 1.0000e-12  -74.17536 -113.34424  27.130065      37.98 7.0347e+02    711.635      17080  1030.3815  1030.2127    34.3712    34.1610    8.03570         29 0.0000e+00
