ocean_section_plots/required_files/ctd/dnbp2202_ctd073.cnv
* Sea-Bird SBE 9 Data File:
* FileName = D:\Data\raw\NBP2202_CTD073.hex
* Software Version Seasave V 7.26.7.121
* Temperature SN = 1649
* Conductivity SN = 2513
* Number of Bytes Per Scan = 40
* Number of Voltage Words = 5
* Number of Scans Averaged by the Deck Unit = 1
* NMEA Latitude = 74 00.37 S
* NMEA Longitude = 112 40.94 W
* NMEA UTC (Time) = Jan 26 2022  08:13:33
* NMEA baud rate = 9600
** Ship: RVIB N.B. Palmer
** Cruise: NBP2202 Thwaites
** Station: 54
** Operator: B Bjork
# nquan = 25
# nvalues = 913                         
# units = specified
# name 0 = prDM: Pressure, Digiquartz [db]
# name 1 = depSM: Depth [salt water, m]
# name 2 = t090C: Temperature [ITS-90, deg C]
# name 3 = c0mS/cm: Conductivity [mS/cm]
# name 4 = t190C: Temperature, 2 [ITS-90, deg C]
# name 5 = c1mS/cm: Conductivity, 2 [mS/cm]
# name 6 = sbeox0ML/L: Oxygen, SBE 43 [ml/l]
# name 7 = sbeox1ML/L: Oxygen, SBE 43, 2 [ml/l]
# name 8 = flECO-AFL: Fluorescence, WET Labs ECO-AFL/FL [mg/m^3]
# name 9 = CStarTr0: Beam Transmission, WET Labs C-Star [%]
# name 10 = par: PAR/Irradiance, Biospherical/Licor
# name 11 = latitude: Latitude [deg]
# name 12 = longitude: Longitude [deg]
# name 13 = timeJ: Julian Days
# name 14 = altM: Altimeter [m]
# name 15 = spar: SPAR, Biospherical/Licor
# name 16 = timeS: Time, Elapsed [seconds]
# name 17 = scan: Scan Count
# name 18 = density00: Density [density, kg/m^3]
# name 19 = density11: Density, 2 [density, kg/m^3]
# name 20 = sal00: Salinity, Practical [PSU]
# name 21 = sal11: Salinity, Practical, 2 [PSU]
# name 22 = oxsolML/L: Oxygen Saturation, Garcia & Gordon [ml/l]
# name 23 = nbin: number of scans per bin
# name 24 = flag: flag
# span 0 =      2.000,    914.000       
# span 1 =      1.979,    902.562       
# span 2 =    -1.4876,     0.4537       
# span 3 =  27.077142,  29.481087       
# span 4 =    -1.4885,     0.4560       
# span 5 =  27.077028,  29.481031       
# span 6 =     4.6240,     8.8264       
# span 7 =     4.7219,     9.1228       
# span 8 =    -0.0156,    28.0025       
# span 9 =    66.6195,    95.8318       
# span 10 = -8.695e-06, 2.6488e+01      
# span 11 =  -74.00628,  -74.00626      
# span 12 = -112.68250, -112.68246      
# span 13 =  26.344907,  26.357388      
# span 14 =       4.83,     100.04      
# span 15 = 8.9899e+01, 9.3797e+01      
# span 16 =    186.993,   1265.280      
# span 17 =       4489,      30368      
# span 18 =  1027.1925,  1032.0058      
# span 19 =  1027.1954,  1032.0036      
# span 20 =    33.8094,    34.5320      
# span 21 =    33.8117,    34.5294      
# span 22 =    7.94226,    8.39149      
# span 23 =         20,         66      
# span 24 = 0.0000e+00, 0.0000e+00      
# interval = decibars: 1                
# start_time = Jan 26 2022 08:13:33 [NMEA time, header]
# bad_flag = -9.990e-29
*END*
[from data line 174]
    176.000    174.106    -1.3872  27.231895    -1.3877  27.231666     6.2555     6.4472     0.7534    93.5543 1.0000e-12  -74.00626 -112.68246  26.348025      99.77 8.9907e+01    456.314      10953  1028.2275  1028.2278    34.0326    34.0329    8.36631         24 0.0000e+00
    177.000    175.095    -1.3863  27.233577    -1.3859  27.233711     6.2358     6.4301     0.7871    93.5955 1.0000e-12  -74.00626 -112.68246  26.348036      99.77 8.9907e+01    457.277      10976  1028.2328  1028.2326    34.0332    34.0330    8.36606         23 0.0000e+00
    178.000    176.083    -1.3776  27.241991    -1.3768  27.242315     6.1797     6.3750     0.6945    93.5973 1.0000e-12  -74.00626 -112.68246  26.348047      99.77 8.9907e+01    458.284      11000  1028.2380  1028.2376    34.0343    34.0338    8.36406         25 0.0000e+00
    179.000    177.072    -1.3642  27.254364    -1.3647  27.253433     6.1301     6.3151     0.8363    93.7521 1.0000e-12  -74.00626 -112.68246  26.348060      99.77 8.9907e+01    459.343      11025  1028.2430  1028.2425    34.0354    34.0348    8.36098         25 0.0000e+00
    180.000    178.062    -1.3449  27.272979    -1.3443  27.272326     6.1437     6.3248     0.9620    93.7000 1.0000e-12  -74.00626 -112.68246  26.348071      99.77 8.9907e+01    460.371      11050  1028.2491  1028.2478    34.0384    34.0369    8.35647         24 0.0000e+00
    181.000    179.049    -1.3331  27.283008    -1.3353  27.281567     6.1895     6.3647     0.7437    94.0006 1.0000e-12  -74.00626 -112.68246  26.348083      99.76 8.9907e+01    461.357      11074  1028.2531  1028.2537    34.0381    34.0387    8.35384         23 0.0000e+00
    182.000    180.039    -1.3771  27.245658    -1.3781  27.245939     6.2058     6.3856     0.7147    93.5985 1.0000e-12  -74.00626 -112.68248  26.348094      99.76 8.9907e+01    462.324      11097  1028.2594  1028.2607    34.0362    34.0378    8.36382         24 0.0000e+00
    183.000    181.027    -1.3914  27.234949    -1.3917  27.234628     6.2308     6.4077     1.0397    93.7057 1.0000e-12  -74.00626 -112.68246  26.348106      99.76 8.9907e+01    463.326      11121  1028.2659  1028.2658    34.0372    34.0371    8.36698         25 0.0000e+00
    184.000    182.016    -1.3874  27.239487    -1.3879  27.239064     6.2686     6.4382     0.6080    93.6273 1.0000e-12  -74.00626 -112.68248  26.348117      95.71 8.9907e+01    464.334      11145  1028.2713  1028.2712    34.0383    34.0382    8.36602         24 0.0000e+00
    185.000    183.004    -1.3883  27.240002    -1.3887  27.239573     6.2838     6.4527     0.4394    94.2734 1.0000e-12  -74.00626 -112.68246  26.348129      99.70 8.9907e+01    465.317      11169  1028.2770  1028.2768    34.0394    34.0392    8.36615         23 0.0000e+00
    186.000    183.994    -1.3864  27.242614    -1.3868  27.242165     6.2665     6.4407     0.4437    93.9283 1.0000e-12  -74.00626 -112.68248  26.348140      99.77 8.9907e+01    466.304      11192  1028.2824  1028.2822    34.0402    34.0400    8.36568         24 0.0000e+00
    187.000    184.984    -1.3824  27.247465    -1.3827  27.246830     6.2339     6.4111     0.5297    94.4469 1.0000e-12  -74.00626 -112.68246  26.348152      99.77 8.9907e+01    467.307      11216  1028.2881  1028.2876    34.0417    34.0412    8.36469         24 0.0000e+00
    188.000    185.971    -1.3675  27.262774    -1.3675  27.262247     6.2120     6.3901     0.6509    94.6184 1.0000e-12  -74.00626 -112.68248  26.348164      99.78 8.9907e+01    468.327      11241  1028.2947  1028.2941    34.0452    34.0444    8.36115         24 0.0000e+00
    189.000    186.960    -1.3569  27.273304    -1.3571  27.272820     6.1837     6.3657     0.6359    94.1342 1.0000e-12  -74.00626 -112.68246  26.348175      99.77 8.9907e+01    469.346      11265  1028.3003  1028.2999    34.0469    34.0465    8.35866         25 0.0000e+00
    190.000    187.950    -1.3546  27.276199    -1.3549  27.275688     6.1732     6.3676     0.5899    94.2056 1.0000e-12  -74.00626 -112.68248  26.348187      99.77 8.9907e+01    470.386      11290  1028.3057  1028.3054    34.0477    34.0473    8.35810         25 0.0000e+00
    191.000    188.937    -1.3498  27.281613    -1.3500  27.281161     6.1454     6.3462     0.4625    94.3008 1.0000e-12  -74.00626 -112.68246  26.348199      99.77 8.9907e+01    471.410      11315  1028.3113  1028.3110    34.0491    34.0486    8.35695         24 0.0000e+00
    192.000    189.926    -1.3434  27.288580    -1.3435  27.287978     6.0878     6.2859     0.4685    94.2418 1.0000e-12  -74.00626 -112.68248  26.348211      99.77 8.9907e+01    472.392      11338  1028.3171  1028.3166    34.0507    34.0500    8.35541         24 0.0000e+00
    193.000    190.917    -1.3318  27.301465    -1.3306  27.300673     6.0267     6.2358     0.7202    94.1907 1.0000e-12  -74.00626 -112.68246  26.348222      99.76 8.9907e+01    473.344      11361  1028.3244  1028.3223    34.0547    34.0521    8.35259         22 0.0000e+00
    194.000    191.903    -1.2788  27.348662    -1.2790  27.347519     5.9922     6.2013     0.9358    94.5327 1.0000e-12  -74.00626 -112.68248  26.348233      99.77 8.9907e+01    474.320      11385  1028.3291  1028.3280    34.0585    34.0572    8.34051         24 0.0000e+00
    195.000    192.892    -1.2613  27.365593    -1.2595  27.366033     5.9760     6.1689     0.4650    94.5951 1.0000e-12  -74.00626 -112.68246  26.348245      99.76 8.9907e+01    475.329      11409  1028.3351  1028.3339    34.0612    34.0598    8.33644         25 0.0000e+00
    196.000    193.881    -1.2562  27.371035    -1.2558  27.370700     5.9687     6.1526     0.2705    94.6299 1.0000e-12  -74.00626 -112.68248  26.348256      99.77 8.9907e+01    476.354      11433  1028.3408  1028.3401    34.0623    34.0614    8.33524         24 0.0000e+00
    197.000    194.870    -1.2404  27.385731    -1.2403  27.385224     5.9647     6.1532     0.2556    94.8821 1.0000e-12  -74.00626 -112.68246  26.348268      99.60 8.9907e+01    477.381      11458  1028.3461  1028.3454    34.0639    34.0630    8.33163         25 0.0000e+00
    198.000    195.858    -1.2366  27.390318    -1.2363  27.389952     5.9841     6.1551     0.3445    94.4169 1.0000e-12  -74.00626 -112.68248  26.348280      99.51 8.9907e+01    478.406      11483  1028.3520  1028.3514    34.0652    34.0644    8.33070         25 0.0000e+00
    199.000    196.847    -1.2390  27.388837    -1.2404  27.387381     6.0039     6.1723     0.4087    94.7087 1.0000e-12  -74.00626 -112.68246  26.348292      99.76 9.1194e+01    479.428      11507  1028.3574  1028.3571    34.0653    34.0649    8.33123         24 0.0000e+00
    200.000    197.837    -1.2439  27.385176    -1.2435  27.385211     6.0248     6.1909     0.2853    94.6486 1.0000e-12  -74.00626 -112.68248  26.348303      99.77 9.1670e+01    480.417      11531  1028.3626  1028.3623    34.0651    34.0648    8.33232         23 0.0000e+00
    201.000    198.824    -1.2544  27.376652    -1.2550  27.376160     6.0508     6.2138     0.2046    94.7002 1.0000e-12  -74.00626 -112.68246  26.348315      99.77 9.0518e+01    481.377      11554  1028.3680  1028.3681    34.0648    34.0649    8.33469         23 0.0000e+00
    202.000    199.813    -1.2655  27.368319    -1.2658  27.367992     6.0622     6.2231     0.2799    94.9465 1.0000e-12  -74.00626 -112.68248  26.348326      99.77 9.0050e+01    482.363      11578  1028.3742  1028.3741    34.0654    34.0653    8.33714         24 0.0000e+00
    203.000    200.803    -1.2687  27.366367    -1.2690  27.365907     6.0627     6.2253     0.2921    95.1445 1.0000e-12  -74.00626 -112.68246  26.348338      99.77 9.0190e+01    483.381      11602  1028.3795  1028.3793    34.0658    34.0654    8.33783         25 0.0000e+00
    204.000    201.790    -1.2727  27.364160    -1.2729  27.363622     6.0702     6.2410     0.1930    94.8308 1.0000e-12  -74.00626 -112.68248  26.348350      99.77 8.9908e+01    484.411      11627  1028.3853  1028.3849    34.0666    34.0661    8.33866         25 0.0000e+00
    205.000    202.778    -1.2735  27.364391    -1.2736  27.363967     6.0880     6.2613     0.2534    95.0242 1.0000e-12  -74.00626 -112.68248  26.348362      99.77 8.9907e+01    485.444      11652  1028.3907  1028.3903    34.0672    34.0668    8.33880         25 0.0000e+00
    206.000    203.769    -1.2795  27.360403    -1.2802  27.359930     6.1062     6.2757     0.3307    95.1869 1.0000e-12  -74.00626 -112.68248  26.348373      99.77 8.9907e+01    486.466      11676  1028.3965  1028.3966    34.0680    34.0681    8.34011         24 0.0000e+00
    207.000    204.756    -1.2936  27.350425    -1.2941  27.349947     6.1146     6.2823     0.2212    95.3095 1.0000e-12  -74.00626 -112.68248  26.348385      99.77 8.9907e+01    487.474      11700  1028.4036  1028.4036    34.0697    34.0696    8.34315         24 0.0000e+00
    208.000    205.746    -1.2949  27.351107    -1.2950  27.350676     6.1230     6.2806     0.1496    95.1531 1.0000e-12  -74.00626 -112.68248  26.348396      99.77 8.9907e+01    488.454      11724  1028.4099  1028.4095    34.0715    34.0710    8.34334         23 0.0000e+00
    209.000    206.733    -1.2928  27.353819    -1.2931  27.353208     6.1246     6.2874     0.1198    95.3398 1.0000e-12  -74.00626 -112.68248  26.348408      99.77 8.9907e+01    489.413      11747  1028.4151  1028.4147    34.0722    34.0717    8.34282         23 0.0000e+00
    210.000    207.723    -1.2947  27.353336    -1.2951  27.352775     6.1309     6.2922     0.1610    95.3070 1.0000e-12  -74.00626 -112.68248  26.348419      98.09 8.9907e+01    490.395      11770  1028.4206  1028.4204    34.0731    34.0727    8.34319         24 0.0000e+00
    211.000    208.711    -1.2991  27.350784    -1.2992  27.350404     6.1447     6.3091     0.1489    95.2816 1.0000e-12  -74.00626 -112.68248  26.348431      99.76 8.9907e+01    491.406      11795  1028.4264  1028.4260    34.0739    34.0735    8.34412         25 0.0000e+00
    212.000    209.700    -1.3018  27.349528    -1.3022  27.349001     6.1636     6.3312     0.1482    95.0866 1.0000e-12  -74.00626 -112.68248  26.348443      99.77 8.9907e+01    492.448      11820  1028.4318  1028.4318    34.0746    34.0744    8.34468         25 0.0000e+00
    213.000    210.687    -1.3180  27.337289    -1.3185  27.336899     6.1753     6.3420     0.4271    95.1341 1.0000e-12  -74.00626 -112.68248  26.348455      99.77 8.9907e+01    493.475      11844  1028.4385  1028.4386    34.0756    34.0757    8.34824         24 0.0000e+00
    214.000    211.679    -1.3239  27.333274    -1.3240  27.332905     6.1819     6.3462     0.2824    95.2480 1.0000e-12  -74.00626 -112.68248  26.348466      99.77 8.9907e+01    494.470      11868  1028.4441  1028.4438    34.0763    34.0759    8.34954         24 0.0000e+00
    215.000    212.666    -1.3259  27.332130    -1.3261  27.331744     6.1788     6.3484     0.0920    95.3706 1.0000e-12  -74.00626 -112.68248  26.348477      99.77 8.9907e+01    495.456      11892  1028.4489  1028.4487    34.0763    34.0760    8.34997         24 0.0000e+00
    216.000    213.655    -1.3267  27.332011    -1.3269  27.331590     6.1801     6.3527     0.1700    95.4531 1.0000e-12  -74.00626 -112.68248  26.348489      99.77 8.9907e+01    496.455      11916  1028.4537  1028.4535    34.0764    34.0761    8.35014         24 0.0000e+00
    217.000    214.643    -1.3272  27.332218    -1.3271  27.331904     6.1809     6.3544     0.2893    95.1480 1.0000e-12  -74.00626 -112.68246  26.348501      99.77 8.9907e+01    497.466      11940  1028.4587  1028.4582    34.0767    34.0761    8.35024         24 0.0000e+00
    218.000    215.633    -1.3270  27.332794    -1.3271  27.332427     6.1748     6.3465     0.2566    95.1960 1.0000e-12  -74.00626 -112.68248  26.348512      99.77 8.9907e+01    498.471      11964  1028.4633  1028.4630    34.0766    34.0762    8.35020         24 0.0000e+00
    219.000    216.620    -1.3286  27.332505    -1.3286  27.332100     6.1618     6.3368     0.1980    95.1960 1.0000e-12  -74.00626 -112.68246  26.348524      99.77 8.9907e+01    499.458      11988  1028.4688  1028.4684    34.0774    34.0769    8.35051         23 0.0000e+00
    220.000    217.609    -1.3193  27.342565    -1.3192  27.341583     6.1492     6.3240     0.1324    95.3906 1.0000e-12  -74.00626 -112.68248  26.348535      99.77 9.0568e+01    500.437      12011  1028.4750  1028.4739    34.0800    34.0786    8.34827         24 0.0000e+00
    221.000    218.597    -1.3093  27.351633    -1.3095  27.351043     6.1523     6.3202     0.1031    95.2806 1.0000e-12  -74.00626 -112.68246  26.348547      99.77 9.0260e+01    501.456      12036  1028.4795  1028.4791    34.0805    34.0800    8.34603         25 0.0000e+00
    222.000    219.587    -1.3119  27.350264    -1.3120  27.349825     6.1530     6.3275     0.1443    95.2573 1.0000e-12  -74.00626 -112.68248  26.348559      93.14 9.0188e+01    502.513      12061  1028.4848  1028.4844    34.0809    34.0804    8.34657         25 0.0000e+00
    223.000    220.574    -1.3138  27.349931    -1.3138  27.349451     6.1559     6.3276     0.1334    95.4786 1.0000e-12  -74.00626 -112.68247  26.348571      90.98 9.0403e+01    503.554      12086  1028.4906  1028.4901    34.0820    34.0814    8.34693         25 0.0000e+00
    224.000    221.564    -1.3125  27.352360    -1.3126  27.351895     6.1568     6.3357     0.1793    95.4420 1.0000e-12  -74.00626 -112.68247  26.348583      98.42 8.9985e+01    504.567      12111  1028.4964  1028.4959    34.0833    34.0828    8.34657         24 0.0000e+00
    225.000    222.553    -1.3115  27.354921    -1.3114  27.354585     6.1644     6.3435     0.1815    95.3296 1.0000e-12  -74.00626 -112.68247  26.348594      99.78 8.9906e+01    505.549      12134  1028.5025  1028.5020    34.0851    34.0844    8.34625         23 0.0000e+00
    226.000    223.540    -1.3088  27.358946    -1.3089  27.358507     6.1637     6.3374     0.1307    95.4190 1.0000e-12  -74.00626 -112.68248  26.348605      99.77 8.9907e+01    506.502      12157  1028.5086  1028.5082    34.0869    34.0863    8.34553         23 0.0000e+00
    227.000    224.529    -1.3078  27.361081    -1.3078  27.360708     6.1660     6.3375     0.2105    95.5305 1.0000e-12  -74.00626 -112.68246  26.348616      99.78 8.9907e+01    507.464      12180  1028.5143  1028.5138    34.0881    34.0875    8.34524         24 0.0000e+00
    228.000    225.517    -1.3069  27.362808    -1.3070  27.362337     6.1633     6.3338     0.2625    95.4395 1.0000e-12  -74.00626 -112.68248  26.348628      99.77 8.9907e+01    508.462      12204  1028.5196  1028.5191    34.0888    34.0882    8.34499         24 0.0000e+00
    229.000    226.506    -1.3078  27.362651    -1.3076  27.362509     6.1624     6.3296     0.0969    95.3162 1.0000e-12  -74.00626 -112.68246  26.348640      99.77 8.9907e+01    509.493      12229  1028.5246  1028.5243    34.0890    34.0886    8.34519         25 0.0000e+00
    230.000    227.494    -1.3058  27.365862    -1.3055  27.365407     6.1600     6.3397     0.1261    95.4861 1.0000e-12  -74.00626 -112.68248  26.348652      99.77 8.9907e+01    510.527      12254  1028.5305  1028.5297    34.0905    34.0895    8.34465         24 0.0000e+00
    231.000    228.484    -1.3027  27.369980    -1.3029  27.369436     6.1568     6.3360     0.1583    95.4700 1.0000e-12  -74.00626 -112.68248  26.348664      99.77 8.9907e+01    511.528      12278  1028.5363  1028.5359    34.0919    34.0914    8.34386         24 0.0000e+00
    232.000    229.472    -1.3048  27.369385    -1.3043  27.369197     6.1591     6.3395     0.1477    95.4569 1.0000e-12  -74.00626 -112.68248  26.348675      99.78 8.9907e+01    512.501      12301  1028.5420  1028.5413    34.0929    34.0921    8.34428         23 0.0000e+00
