ocean_section_plots/required_files/ctd/dnbp2202_ctd114.cnv
* Sea-Bird SBE 9 Data File:
* FileName = D:\Data\raw\NBP2202_CTD114.hex
* Software Version Seasave V 7.26.7.121
* Temperature SN = 1649
* Conductivity SN = 2513
* Number of Bytes Per Scan = 40
* Number of Voltage Words = 5
* Number of Scans Averaged by the Deck Unit = 1
* NMEA Latitude = 74 10.52 S
* NMEA Longitude = 113 20.65 W
* NMEA UTC (Time) = Jan 27 2022  08:24:43
* NMEA baud rate = 9600
** Ship: RVIB N.B. Palmer
** Cruise: NBP2202 Thwaites
** Station: YoYo001
** Operator: B. Bjork
# nquan = 25
# nvalues = 608                         
# units = specified
# name 0 = prDM: Pressure, Digiquartz [db]
# name 1 = depSM: Depth [salt water, m]
# name 2 = t090C: Temperature [ITS-90, deg C]
# name 3 = c0mS/cm: Conductivity [mS/cm]
# name 4 = t190C: Temperature, 2 [ITS-90, deg C]
# name 5 = c1mS/cm: Conductivity, 2 [mS/cm]
# name 6 = sbeox0ML/L: Oxygen, SBE 43 [ml/l]
# name 7 = sbeox1ML/L: Oxygen, SBE 43, 2 [ml/l]
# name 8 = flECO-AFL: Fluorescence, WET Labs ECO-AFL/FL [mg/m^3]
# name 9 = CStarTr0: Beam Transmission, WET Labs C-Star [%]
# name 10 = par: PAR/Irradiance, Biospherical/Licor
# name 11 = latitude: Latitude [deg]
# name 12 = longitude: Longitude [deg]
# name 13 = timeJ: Julian Days
# name 14 = altM: Altimeter [m]
# name 15 = spar: SPAR, Biospherical/Licor
# name 16 = timeS: Time, Elapsed [seconds]
# name 17 = scan: Scan Count
# name 18 = density00: Density [density, kg/m^3]
# name 19 = density11: Density, 2 [density, kg/m^3]
# name 20 = sal00: Salinity, Practical [PSU]
# name 21 = sal11: Salinity, Practical, 2 [PSU]
# name 22 = oxsolML/L: Oxygen Saturation, Garcia & Gordon [ml/l]
# name 23 = nbin: number of scans per bin
# name 24 = flag: flag
# span 0 =     10.000,    617.000       
# span 1 =      9.892,    609.704       
# span 2 =    -1.4531,     0.1193       
# span 3 =  26.980961,  28.952752       
# span 4 =    -1.4519,     0.1217       
# span 5 =  26.980823,  28.952211       
# span 6 =     4.6776,     8.8456       
# span 7 =     4.7307,     8.8710       
# span 8 =    -0.0236,    25.3598       
# span 9 =    67.6913,    95.5738       
# span 10 = 1.0000e-12, 1.4183e+00      
# span 11 =  -74.17536,  -74.17536      
# span 12 = -113.34426, -113.34422      
# span 13 =  27.350841,  27.358214      
# span 14 =       7.23,      99.99      
# span 15 = 6.7291e+01, 7.2278e+01      
# span 16 =     29.678,    666.708      
# span 17 =        713,      16002      
# span 18 =  1027.2221,  1030.5266      
# span 19 =  1027.2196,  1030.5242      
# span 20 =    33.7908,    34.3886      
# span 21 =    33.7884,    34.3861      
# span 22 =    8.01953,    8.39380      
# span 23 =         16,         51      
# span 24 = 0.0000e+00, 0.0000e+00      
# interval = decibars: 1                
# start_time = Jan 27 2022 08:24:43 [NMEA time, header]
# bad_flag = -9.990e-29
*END*
[from data line 290]
    300.000    296.680    -0.6478  27.978236    -0.6444  27.979519     5.0832     5.1432    -0.0199    95.3463 1.0000e-12  -74.17536 -113.34424  27.354217      99.86 7.0515e+01    321.375       7714  1028.8709  1028.8689    34.1353    34.1331    8.19720         24 0.0000e+00
    301.000    297.668    -0.6736  27.955976    -0.6775  27.951862     5.0939     5.1551    -0.0057    95.3424 1.0000e-12  -74.17536 -113.34424  27.354229      99.86 7.0515e+01    322.390       7738  1028.8764  1028.8758    34.1337    34.1325    8.20289         24 0.0000e+00
    302.000    298.658    -0.6908  27.942806    -0.6879  27.943544     5.0759     5.1428    -0.0175    95.3607 1.0000e-12  -74.17536 -113.34424  27.354241      99.86 7.0515e+01    323.400       7763  1028.8833  1028.8812    34.1348    34.1324    8.20656         24 0.0000e+00
    303.000    299.644    -0.6666  27.966604    -0.6634  27.966585     5.0369     5.1147    -0.0215    95.3761 1.0000e-12  -74.17536 -113.34424  27.354253      99.86 7.0515e+01    324.417       7787  1028.8893  1028.8862    34.1389    34.1353    8.20106         25 0.0000e+00
    304.000    300.631    -0.6580  27.975207    -0.6547  27.975299     4.9865     5.0597    -0.0154    95.3771 1.0000e-12  -74.17536 -113.34424  27.354264      99.87 7.0515e+01    325.439       7812  1028.8944  1028.8913    34.1402    34.1367    8.19912         25 0.0000e+00
    305.000    301.622    -0.5998  28.029625    -0.5970  28.029046     4.9420     5.0145    -0.0141    95.3896 1.0000e-12  -74.17536 -113.34424  27.354276      99.86 7.0515e+01    326.449       7836  1028.9004  1028.8970    34.1474    34.1434    8.18611         23 0.0000e+00
    306.000    302.609    -0.5659  28.063460    -0.5617  28.063832     4.9411     5.0149    -0.0183    95.3770 1.0000e-12  -74.17536 -113.34424  27.354288      99.87 7.0515e+01    327.466       7860  1028.9081  1028.9044    34.1542    34.1499    8.17841         25 0.0000e+00
    307.000    303.598    -0.5459  28.082642    -0.5451  28.081228     4.9733     5.0481    -0.0190    95.3691 1.0000e-12  -74.17536 -113.34424  27.354300      99.86 7.0515e+01    328.488       7885  1028.9137  1028.9115    34.1568    34.1540    8.17393         24 0.0000e+00
    308.000    304.585    -0.5590  28.073388    -0.5575  28.073388     5.0012     5.0591    -0.0168    95.3533 1.0000e-12  -74.17536 -113.34424  27.354311      77.94 7.0515e+01    329.508       7909  1028.9213  1028.9198    34.1585    34.1568    8.17666         25 0.0000e+00
    309.000    305.574    -0.5756  28.062905    -0.5742  28.062417     5.0165     5.0728    -0.0188    95.3534 1.0000e-12  -74.17536 -113.34424  27.354323      94.06 7.0515e+01    330.533       7934  1028.9308  1028.9289    34.1625    34.1602    8.18001         25 0.0000e+00
    310.000    306.561    -0.5790  28.060663    -0.5769  28.060438     5.0279     5.0824    -0.0135    95.3692 1.0000e-12  -74.17536 -113.34424  27.354335      99.85 7.0515e+01    331.561       7958  1028.9361  1028.9338    34.1626    34.1600    8.18073         24 0.0000e+00
    311.000    307.550    -0.5795  28.061411    -0.5776  28.061079     5.0428     5.1048    -0.0122    95.3627 1.0000e-12  -74.17536 -113.34424  27.354347      99.86 7.0515e+01    332.576       7983  1028.9417  1028.9395    34.1636    34.1610    8.18078         24 0.0000e+00
    312.000    308.539    -0.5878  28.056255    -0.5872  28.055155     5.0565     5.1194    -0.0130    95.3390 1.0000e-12  -74.17536 -113.34424  27.354359      99.86 7.0515e+01    333.585       8007  1028.9487  1028.9469    34.1654    34.1632    8.18247         25 0.0000e+00
    313.000    309.526    -0.5857  28.063043    -0.5838  28.062295     5.0257     5.0938    -0.0038    95.3477 1.0000e-12  -74.17536 -113.34424  27.354370      99.86 7.0515e+01    334.598       8031  1028.9583  1028.9557    34.1716    34.1685    8.18166         24 0.0000e+00
    314.000    310.514    -0.5738  28.075237    -0.5694  28.076532     4.9885     5.0526    -0.0135    95.3445 1.0000e-12  -74.17536 -113.34424  27.354382      99.87 7.0515e+01    335.606       8056  1028.9641  1028.9613    34.1739    34.1708    8.17895         24 0.0000e+00
    315.000    311.503    -0.5321  28.116227    -0.5307  28.113763     4.9638     5.0419    -0.0057    95.3687 1.0000e-12  -74.17536 -113.34424  27.354394      99.87 7.0515e+01    336.618       8080  1028.9717  1028.9677    34.1815    34.1766    8.16953         25 0.0000e+00
    316.000    312.491    -0.5017  28.144141    -0.5033  28.140071     4.9478     5.0246    -0.0116    95.3820 1.0000e-12  -74.17536 -113.34424  27.354406      99.86 7.0515e+01    337.643       8104  1028.9764  1028.9736    34.1842    34.1805    8.16283         24 0.0000e+00
    317.000    313.478    -0.5034  28.143280    -0.5047  28.139532     4.9243     4.9990    -0.0118    95.3688 1.0000e-12  -74.17536 -113.34424  27.354417      99.86 7.0515e+01    338.667       8129  1028.9817  1028.9790    34.1843    34.1807    8.16319         25 0.0000e+00
    318.000    314.468    -0.4837  28.162372    -0.4846  28.158714     4.9106     4.9786    -0.0135    95.3618 1.0000e-12  -74.17536 -113.34424  27.354429      99.87 7.0515e+01    339.690       8154  1028.9874  1028.9844    34.1871    34.1832    8.15878         25 0.0000e+00
    319.000    315.455    -0.4677  28.177405    -0.4500  28.191185     4.8958     4.9629    -0.0138    95.3511 1.0000e-12  -74.17536 -113.34424  27.354441      99.86 7.0515e+01    340.720       8178  1028.9926  1028.9899    34.1887    34.1873    8.15526         24 0.0000e+00
    320.000    316.444    -0.4533  28.191329    -0.4516  28.190674     4.8889     4.9603    -0.0132    95.3510 1.0000e-12  -74.17536 -113.34424  27.354453      75.46 7.0515e+01    341.731       8203  1028.9978  1028.9955    34.1905    34.1878    8.15205         24 0.0000e+00
    321.000    317.431    -0.4467  28.198304    -0.4446  28.197710     4.9132     4.9745    -0.0144    95.3466 1.0000e-12  -74.17536 -113.34424  27.354465      91.15 7.0515e+01    342.739       8227  1029.0035  1029.0008    34.1919    34.1888    8.15056         24 0.0000e+00
    322.000    318.419    -0.4503  28.194291    -0.4530  28.189780     4.9354     4.9943    -0.0153    95.3297 1.0000e-12  -74.17536 -113.34424  27.354476      99.06 7.0515e+01    343.752       8251  1029.0073  1029.0051    34.1900    34.1870    8.15145         25 0.0000e+00
    323.000    319.408    -0.4867  28.159810    -0.4827  28.162474     4.9242     4.9836    -0.0193    95.3370 1.0000e-12  -74.17536 -113.34424  27.354488      99.86 7.0515e+01    344.770       8275  1029.0104  1029.0095    34.1840    34.1832    8.15960         24 0.0000e+00
    324.000    320.396    -0.4945  28.154451    -0.4812  28.164388     4.8964     4.9651    -0.0126    95.3183 1.0000e-12  -74.17536 -113.34424  27.354500      99.87 7.0515e+01    345.795       8300  1029.0167  1029.0143    34.1851    34.1834    8.16123         25 0.0000e+00
    325.000    321.383    -0.4545  28.192839    -0.4497  28.193645     4.8739     4.9409    -0.0182    95.2887 1.0000e-12  -74.17536 -113.34424  27.354512      99.86 7.0515e+01    346.827       8325  1029.0230  1029.0192    34.1909    34.1866    8.15229         25 0.0000e+00
    326.000    322.372    -0.4341  28.212196    -0.4302  28.213144     4.8635     4.9341    -0.0035    95.2802 1.0000e-12  -74.17536 -113.34424  27.354524      99.86 7.0515e+01    347.852       8349  1029.0282  1029.0254    34.1934    34.1902    8.14778         24 0.0000e+00
    327.000    323.360    -0.4268  28.219345    -0.4260  28.217665     4.8559     4.9313    -0.0127    95.2628 1.0000e-12  -74.17536 -113.34424  27.354536      99.87 7.0515e+01    348.865       8374  1029.0332  1029.0307    34.1941    34.1910    8.14616         24 0.0000e+00
    328.000    324.349    -0.4233  28.223281    -0.4192  28.224875     4.8558     4.9217    -0.0183    95.2741 1.0000e-12  -74.17536 -113.34424  27.354547      99.86 7.0515e+01    349.877       8398  1029.0385  1029.0363    34.1948    34.1924    8.14537         25 0.0000e+00
    329.000    325.335    -0.4218  28.225629    -0.4193  28.225331     4.8501     4.9121    -0.0129    95.2705 1.0000e-12  -74.17536 -113.34424  27.354559      99.86 7.0515e+01    350.884       8422  1029.0440  1029.0413    34.1957    34.1925    8.14500         24 0.0000e+00
    330.000    326.325    -0.4079  28.240178    -0.4057  28.239628     4.8502     4.9113    -0.0181    95.2608 1.0000e-12  -74.17536 -113.34424  27.354571      99.86 7.0515e+01    351.899       8447  1029.0504  1029.0477    34.1989    34.1958    8.14183         24 0.0000e+00
    331.000    327.312    -0.4036  28.245478    -0.4022  28.244034     4.8509     4.9179    -0.0197    95.2607 1.0000e-12  -74.17536 -113.34424  27.354582      99.86 7.0515e+01    352.923       8471  1029.0563  1029.0535    34.2005    34.1971    8.14081         25 0.0000e+00
    332.000    328.300    -0.4002  28.250037    -0.3980  28.249582     4.8517     4.9163    -0.0200    95.2628 1.0000e-12  -74.17536 -113.34424  27.354594      99.87 7.0515e+01    353.954       8496  1029.0623  1029.0598    34.2022    34.1992    8.13999         25 0.0000e+00
    333.000    329.289    -0.3993  28.251609    -0.3973  28.251112     4.8561     4.9129    -0.0094    95.2577 1.0000e-12  -74.17536 -113.34424  27.354606      82.77 7.0515e+01    354.969       8520  1029.0676  1029.0651    34.2027    34.1998    8.13977         24 0.0000e+00
    334.000    330.276    -0.3957  28.256619    -0.3939  28.255704     4.8552     4.9186    -0.0071    95.2393 1.0000e-12  -74.17536 -113.34424  27.354618      90.26 7.0515e+01    355.982       8545  1029.0739  1029.0711    34.2048    34.2015    8.13888         24 0.0000e+00
    335.000    331.264    -0.3950  28.257578    -0.3934  28.256708     4.8557     4.9223    -0.0129    95.2361 1.0000e-12  -74.17536 -113.34424  27.354630      98.41 7.0515e+01    356.992       8569  1029.0786  1029.0762    34.2047    34.2018    8.13874         24 0.0000e+00
    336.000    332.253    -0.3949  28.258154    -0.3930  28.257632     4.8581     4.9161    -0.0150    95.2174 1.0000e-12  -74.17536 -113.34424  27.354641      99.87 7.0515e+01    358.002       8593  1029.0835  1029.0812    34.2047    34.2019    8.13872         25 0.0000e+00
    337.000    333.240    -0.3943  28.259089    -0.3926  28.258455     4.8570     4.9096    -0.0196    95.2532 1.0000e-12  -74.17536 -113.34424  27.354653      99.86 7.0515e+01    359.018       8617  1029.0883  1029.0860    34.2047    34.2020    8.13859         24 0.0000e+00
    338.000    334.229    -0.3923  28.262013    -0.3893  28.262577     4.8529     4.9177    -0.0181    95.2631 1.0000e-12  -74.17536 -113.34424  27.354665      99.86 7.0515e+01    360.036       8642  1029.0939  1029.0916    34.2058    34.2032    8.13810         24 0.0000e+00
    339.000    335.216    -0.3877  28.267467    -0.3854  28.267425     4.8551     4.9120    -0.0129    95.2430 1.0000e-12  -74.17536 -113.34424  27.354677      99.86 7.0515e+01    361.054       8666  1029.0996  1029.0973    34.2074    34.2046    8.13703         25 0.0000e+00
    340.000    336.205    -0.3868  28.269125    -0.3850  28.268395     4.8547     4.9086    -0.0187    95.2394 1.0000e-12  -74.17536 -113.34424  27.354688      99.86 7.0515e+01    362.067       8691  1029.1048  1029.1023    34.2078    34.2050    8.13679         24 0.0000e+00
    341.000    337.193    -0.3868  28.269750    -0.3845  28.269539     4.8565     4.9134    -0.0109    95.2299 1.0000e-12  -74.17536 -113.34424  27.354700      99.86 7.0515e+01    363.079       8715  1029.1098  1029.1073    34.2081    34.2052    8.13678         25 0.0000e+00
    342.000    338.180    -0.3857  28.271498    -0.3839  28.270864     4.8557     4.9175    -0.0192    95.2329 1.0000e-12  -74.17536 -113.34424  27.354712      99.86 7.0515e+01    364.085       8739  1029.1149  1029.1125    34.2086    34.2057    8.13652         24 0.0000e+00
    343.000    339.170    -0.3885  28.269496    -0.3860  28.269656     4.8544     4.9134    -0.0196    95.2255 1.0000e-12  -74.17536 -113.34424  27.354723      99.86 7.0515e+01    365.097       8763  1029.1199  1029.1176    34.2085    34.2059    8.13713         24 0.0000e+00
    344.000    340.156    -0.3864  28.272304    -0.3846  28.271747     4.8515     4.9187    -0.0054    95.2360 1.0000e-12  -74.17536 -113.34424  27.354735      99.87 7.0515e+01    366.122       8788  1029.1252  1029.1228    34.2093    34.2065    8.13664         25 0.0000e+00
    345.000    341.144    -0.3837  28.275759    -0.3818  28.275193     4.8435     4.9141    -0.0094    95.2319 1.0000e-12  -74.17536 -113.34424  27.354747      99.86 7.0515e+01    367.151       8813  1029.1306  1029.1281    34.2103    34.2074    8.13601         25 0.0000e+00
    346.000    342.132    -0.3789  28.281188    -0.3780  28.279556     4.8426     4.9088    -0.0162    95.2287 1.0000e-12  -74.17536 -113.34424  27.354759      98.28 7.0515e+01    368.176       8837  1029.1360  1029.1334    34.2116    34.2084    8.13491         24 0.0000e+00
    347.000    343.121    -0.3736  28.287079    -0.3725  28.285456     4.8394     4.9112    -0.0147    95.2370 1.0000e-12  -74.17536 -113.34424  27.354771      90.60 7.0515e+01    369.201       8862  1029.1414  1029.1386    34.2129    34.2095    8.13370         25 0.0000e+00
    348.000    344.109    -0.3706  28.290533    -0.3686  28.289978     4.8384     4.9046    -0.0159    95.2235 1.0000e-12  -74.17536 -113.34424  27.354783      98.30 7.0515e+01    370.213       8886  1029.1465  1029.1440    34.2135    34.2106    8.13301         24 0.0000e+00
    349.000    345.096    -0.3647  28.297874    -0.3623  28.297790     4.8348     4.8958    -0.0150    95.2329 1.0000e-12  -74.17536 -113.34424  27.354794      99.86 7.0515e+01    371.224       8910  1029.1529  1029.1505    34.2161    34.2133    8.13160         24 0.0000e+00
    350.000    346.084    -0.3535  28.311182    -0.3516  28.310088     4.8317     4.8987    -0.0129    95.2232 1.0000e-12  -74.17536 -113.34422  27.354806      99.86 7.0515e+01    372.235       8935  1029.1605  1029.1575    34.2207    34.2171    8.12895         24 0.0000e+00
    351.000    347.073    -0.3435  28.321677    -0.3416  28.321238     4.8299     4.8941    -0.0144    95.2103 1.0000e-12  -74.17536 -113.34424  27.354818      99.87 7.0515e+01    373.237       8959  1029.1663  1029.1640    34.2229    34.2202    8.12669         24 0.0000e+00
    352.000    348.061    -0.3424  28.324349    -0.3406  28.323781     4.8271     4.8941    -0.0172    95.2082 1.0000e-12  -74.17536 -113.34422  27.354829      99.86 7.0515e+01    374.243       8983  1029.1725  1029.1701    34.2246    34.2218    8.12635         24 0.0000e+00
    353.000    349.047    -0.3364  28.331639    -0.3341  28.331271     4.8274     4.8987    -0.0115    95.2185 1.0000e-12  -74.17536 -113.34424  27.354841      99.86 7.0515e+01    375.252       9007  1029.1788  1029.1761    34.2270    34.2240    8.12494         25 0.0000e+00
    354.000    350.038    -0.3310  28.337691    -0.3294  28.336952     4.8252     4.8914    -0.0035    95.1987 1.0000e-12  -74.17536 -113.34422  27.354853      99.87 7.0515e+01    376.265       9031  1029.1843  1029.1819    34.2285    34.2256    8.12370         24 0.0000e+00
    355.000    351.024    -0.3277  28.341882    -0.3245  28.342398     4.8240     4.8824    -0.0114    95.1889 1.0000e-12  -74.17536 -113.34424  27.354864      99.87 7.0515e+01    377.278       9056  1029.1899  1029.1874    34.2297    34.2268    8.12292         24 0.0000e+00
    356.000    352.012    -0.3194  28.351071    -0.3177  28.350045     4.8192     4.8829    -0.0036    95.1969 1.0000e-12  -74.17536 -113.34422  27.354876      99.86 7.0515e+01    378.294       9080  1029.1959  1029.1933    34.2320    34.2288    8.12101         25 0.0000e+00
