ocean_section_plots/required_files/ctd/dnbp2202_ctd285.cnv
* Sea-Bird SBE 9 Data File:
* FileName = D:\Data\raw\NBP2202_CTD285.hex
* Software Version Seasave V 7.26.7.121
* Temperature SN = 1649
* Conductivity SN = 2513
* Number of Bytes Per Scan = 40
* Number of Voltage Words = 5
* Number of Scans Averaged by the Deck Unit = 1
* NMEA Latitude = 74 08.43 S
* NMEA Longitude = 115 15.95 W
* NMEA UTC (Time) = Feb 22 2022  11:45:23
* NMEA baud rate = 9600
** Ship: RVIB N.B. Palmer
** Cruise: NBP2202 Thwaites
** Station: 187
** Operator: B. Bjork
# nquan = 28
# nvalues = 842                         
# units = specified
# name 0 = prDM: Pressure, Digiquartz [db]
# name 1 = depSM: Depth [salt water, m]
# name 2 = t090C: Temperature [ITS-90, deg C]
# name 3 = c0mS/cm: Conductivity [mS/cm]
# name 4 = t190C: Temperature, 2 [ITS-90, deg C]
# name 5 = c1mS/cm: Conductivity, 2 [mS/cm]
# name 6 = sbeox0ML/L: Oxygen, SBE 43 [ml/l]
# name 7 = sbeox1ML/L: Oxygen, SBE 43, 2 [ml/l]
# name 8 = flECO-AFL: Fluorescence, WET Labs ECO-AFL/FL [mg/m^3]
# name 9 = CStarTr0: Beam Transmission, WET Labs C-Star [%]
# name 10 = par: PAR/Irradiance, Biospherical/Licor
# name 11 = latitude: Latitude [deg]
# name 12 = longitude: Longitude [deg]
# name 13 = timeJ: Julian Days
# name 14 = altM: Altimeter [m]
# name 15 = spar: SPAR, Biospherical/Licor
# name 16 = timeS: Time, Elapsed [seconds]
# name 17 = scan: Scan Count
# name 18 = density00: Density [density, kg/m^3]
# name 19 = density11: Density, 2 [density, kg/m^3]
# name 20 = v3: Voltage 3
# name 21 = v4: Voltage 4
# name 22 = v5: Voltage 5
# name 23 = sal00: Salinity, Practical [PSU]
# name 24 = sal11: Salinity, Practical, 2 [PSU]
# name 25 = oxsolML/L: Oxygen Saturation, Garcia & Gordon [ml/l]
# name 26 = nbin: number of scans per bin
# name 27 = flag: flag
# span 0 =      2.000,    843.000       
# span 1 =      1.983,    832.584       
# span 2 =    -1.8289,     0.5035       
# span 3 =  26.965446,  29.508461       
# span 4 =    -1.8282,     0.5062       
# span 5 =  26.965780,  29.509010       
# span 6 =     4.5352,     9.0639       
# span 7 =     4.6363,     9.3692       
# span 8 =     0.1980,     8.6482       
# span 9 =    87.4263,    97.8962       
# span 10 = -4.886e-05, 1.5397e+01      
# span 11 =  -74.14058,  -74.14056      
# span 12 = -115.26587, -115.26580      
# span 13 =  53.492742,  53.504794      
# span 14 =       2.57,      99.95      
# span 15 = 4.0538e+01, 5.6195e+01      
# span 16 =    249.945,   1291.226      
# span 17 =       6000,      30990      
# span 18 =  1027.1753,  1031.6870      
# span 19 =  1027.1775,  1031.6851      
# span 20 =     4.1476,     4.6440      
# span 21 =     0.1038,     2.0457      
# span 22 =     0.1086,     0.2256      
# span 23 =    33.8071,    34.5529      
# span 24 =    33.8088,    34.5506      
# span 25 =    7.93087,    8.46263      
# span 26 =         15,         46      
# span 27 = 0.0000e+00, 0.0000e+00      
# interval = decibars: 1                
# start_time = Feb 22 2022 11:45:23 [NMEA time, header]
# bad_flag = -9.990e-29
*END*
[from data line 104]
    106.000    104.876    -0.7470  27.577651    -0.7447  27.580628     8.0284     8.3155     5.0094    91.7460 1.0000e-12  -74.14056 -115.26582  53.494632      99.67 4.7293e+01    413.205       9918  1027.7031  1027.7041     4.3524     1.0108     0.1681    33.8246    33.8260    8.23680         23 0.0000e+00
    107.000    105.865    -0.7740  27.555409    -0.7694  27.559997     8.0242     8.2990     5.1791    90.6955 1.0000e-12  -74.14056 -115.26584  53.494643      99.62 4.6958e+01    414.142       9940  1027.7088  1027.7094     4.3026     1.1071     0.1472    33.8242    33.8252    8.24273         22 0.0000e+00
    108.000    106.854    -0.7910  27.541533    -0.7888  27.543826     8.0124     8.2868     5.8510    90.1701 1.0000e-12  -74.14056 -115.26584  53.494654      99.70 4.8034e+01    415.100       9963  1027.7139  1027.7143     4.2777     0.9470     0.1577    33.8238    33.8244    8.24646         24 0.0000e+00
    109.000    107.845    -0.7987  27.536306    -0.7983  27.536781     8.0134     8.2813     5.9850    90.8818 1.0000e-12  -74.14056 -115.26584  53.494665      99.64 4.8210e+01    416.076       9987  1027.7195  1027.7196     4.3113     1.0834     0.1648    33.8247    33.8249    8.24809         23 0.0000e+00
    110.000    108.833    -0.7945  27.540581    -0.7949  27.540385     8.0283     8.2948     4.8328    90.4602 1.0000e-12  -74.14056 -115.26584  53.494676      99.67 4.6786e+01    417.028      10010  1027.7239  1027.7240     4.2915     1.0017     0.1606    33.8252    33.8254    8.24715         22 0.0000e+00
    111.000    109.822    -0.7870  27.547982    -0.7862  27.548871     8.0202     8.3008     6.3485    89.5385 1.0000e-12  -74.14056 -115.26584  53.494687      99.04 4.8193e+01    417.984      10033  1027.7285  1027.7287     4.2477     1.0296     0.1593    33.8261    33.8265    8.24544         24 0.0000e+00
    112.000    110.811    -0.7806  27.554068    -0.7792  27.555400     8.0280     8.3078     6.3853    90.6553 1.0000e-12  -74.14056 -115.26584  53.494699      89.49 4.8622e+01    418.968      10056  1027.7329  1027.7330     4.3007     1.0054     0.1653    33.8266    33.8269    8.24403         24 0.0000e+00
    113.000    111.799    -0.7598  27.575277    -0.7591  27.575259     8.0492     8.3120     5.9934    90.7897 1.0000e-12  -74.14056 -115.26584  53.494710      99.52 4.7150e+01    419.951      10080  1027.7397  1027.7391     4.3071     1.1642     0.1677    33.8314    33.8306    8.23919         23 0.0000e+00
    114.000    112.790    -0.7209  27.610953    -0.7158  27.614761     8.0659     8.3193     6.3910    90.2853 1.0000e-12  -74.14056 -115.26584  53.494721      99.67 4.9196e+01    420.911      10103  1027.7448  1027.7441     4.2831     1.0140     0.1561    33.8354    33.8349    8.23047         23 0.0000e+00
    115.000    113.779    -0.6952  27.634020    -0.6894  27.638649     8.0719     8.3204     6.7665    89.6585 1.0000e-12  -74.14056 -115.26584  53.494732      99.64 4.9132e+01    421.860      10126  1027.7492  1027.7487     4.2534     1.0962     0.1743    33.8372    33.8370    8.22476         23 0.0000e+00
    116.000    114.765    -0.6600  27.665761    -0.6592  27.665975     8.0661     8.3231     6.7623    89.1737 1.0000e-12  -74.14056 -115.26584  53.494743      99.64 4.8171e+01    422.801      10148  1027.7539  1027.7534     4.2305     1.0714     0.1684    33.8400    33.8394    8.21695         22 0.0000e+00
    117.000    115.758    -0.6562  27.669516    -0.6553  27.670216     8.0696     8.3172     6.8596    89.3212 1.0000e-12  -74.14056 -115.26584  53.494754      99.62 4.8827e+01    423.753      10171  1027.7587  1027.7587     4.2373     1.1264     0.1556    33.8402    33.8401    8.21611         23 0.0000e+00
    118.000    116.744    -0.6431  27.682365    -0.6425  27.682595     8.0711     8.3147     7.8944    89.7194 1.0000e-12  -74.14056 -115.26584  53.494765      99.55 4.9215e+01    424.732      10195  1027.7644  1027.7641     4.2563     1.3413     0.1645    33.8422    33.8419    8.21313         24 0.0000e+00
    119.000    117.735    -0.6315  27.693738    -0.6310  27.693677     8.0648     8.3125     7.8524    89.5611 1.0000e-12  -74.14056 -115.26584  53.494777      99.64 4.8370e+01    425.703      10218  1027.7700  1027.7694     4.2488     1.0802     0.1601    33.8440    33.8433    8.21052         23 0.0000e+00
    120.000    118.724    -0.6192  27.705484    -0.6186  27.705581     8.0553     8.3161     7.2935    89.0769 1.0000e-12  -74.14056 -115.26584  53.494788      99.64 4.8748e+01    426.668      10241  1027.7752  1027.7747     4.2258     1.0961     0.1658    33.8455    33.8449    8.20776         23 0.0000e+00
    121.000    119.713    -0.6050  27.718898    -0.6040  27.719389     8.0491     8.3045     6.8131    89.3693 1.0000e-12  -74.14056 -115.26584  53.494799      99.52 4.9363e+01    427.649      10265  1027.7805  1027.7801     4.2397     1.3089     0.1571    33.8471    33.8466    8.20459         24 0.0000e+00
    122.000    120.702    -0.5982  27.725505    -0.5973  27.725995     8.0328     8.2815     7.7593    88.1775 1.0000e-12  -74.14056 -115.26584  53.494811      99.59 4.8413e+01    428.639      10288  1027.7856  1027.7852     4.1840     1.1684     0.1685    33.8477    33.8473    8.20307         24 0.0000e+00
    123.000    121.690    -0.5916  27.732692    -0.5907  27.733108     8.0272     8.2705     7.6432    89.0000 1.0000e-12  -74.14056 -115.26584  53.494822      99.45 4.9344e+01    429.628      10312  1027.7915  1027.7911     4.2215     1.4584     0.1615    33.8494    33.8489    8.20155         24 0.0000e+00
    124.000    122.681    -0.5789  27.746342    -0.5782  27.746294     8.0131     8.2593     7.3831    87.6285 1.0000e-12  -74.14056 -115.26584  53.494834      95.66 4.9361e+01    430.625      10336  1027.7984  1027.7977     4.1572     1.3213     0.1759    33.8529    33.8521    8.19858         23 0.0000e+00
    125.000    123.669    -0.5753  27.750427    -0.5744  27.750700     7.9914     8.2584     6.8416    88.9898 1.0000e-12  -74.14056 -115.26584  53.494845      90.21 4.9361e+01    431.615      10360  1027.8038  1027.8034     4.2217     0.9946     0.1595    33.8538    33.8532    8.19775         24 0.0000e+00
    126.000    124.657    -0.5747  27.750416    -0.5741  27.752268     7.9871     8.2438     5.9134    89.2588 1.0000e-12  -74.14056 -115.26584  53.494856      96.68 4.9361e+01    432.600      10383  1027.8081  1027.8092     4.2345     1.0207     0.1736    33.8525    33.8543    8.19770         24 0.0000e+00
    127.000    125.647    -0.5566  27.769335    -0.5555  27.769914     7.9737     8.2286     5.7054    87.4263 1.0000e-12  -74.14056 -115.26584  53.494868      99.66 4.9361e+01    433.600      10407  1027.8149  1027.8148     4.1476     1.0006     0.1838    33.8571    33.8567    8.19351         24 0.0000e+00
    128.000    126.637    -0.5599  27.767336    -0.5587  27.767942     7.9699     8.2291     6.4786    89.3587 1.0000e-12  -74.14056 -115.26584  53.494880      99.65 4.9361e+01    434.599      10431  1027.8208  1027.8203     4.2390     1.0536     0.1753    33.8576    33.8570    8.19421         24 0.0000e+00
    129.000    127.625    -0.5635  27.764992    -0.5624  27.765689     7.9712     8.2251     5.6462    88.8283 1.0000e-12  -74.14056 -115.26584  53.494891      99.67 4.9361e+01    435.595      10455  1027.8262  1027.8260     4.2142     1.0161     0.1563    33.8577    33.8575    8.19496         24 0.0000e+00
    130.000    128.614    -0.5661  27.763220    -0.5655  27.763463     7.9827     8.2354     6.7364    89.3001 1.0000e-12  -74.14056 -115.26584  53.494903      99.67 4.9361e+01    436.612      10480  1027.8313  1027.8309     4.2364     1.0282     0.1634    33.8577    33.8573    8.19554         24 0.0000e+00
    131.000    129.603    -0.5696  27.760673    -0.5681  27.761630     7.9597     8.2020     5.1249    89.1432 1.0000e-12  -74.14056 -115.26584  53.494915      99.62 4.9361e+01    437.634      10504  1027.8364  1027.8359     4.2290     1.1339     0.1504    33.8576    33.8572    8.19631         25 0.0000e+00
    132.000    130.592    -0.5703  27.760600    -0.5692  27.761169     7.8956     8.1406     5.3100    90.0427 1.0000e-12  -74.14056 -115.26584  53.494926      99.70 4.9361e+01    438.633      10528  1027.8413  1027.8409     4.2716     0.9503     0.1607    33.8577    33.8572    8.19646         23 0.0000e+00
    133.000    131.582    -0.5675  27.764920    -0.5661  27.765532     7.8228     8.0844     6.3095    89.9223 1.0000e-12  -74.14056 -115.26584  53.494938      99.65 4.9361e+01    439.621      10552  1027.8476  1027.8470     4.2660     1.0184     0.1592    33.8597    33.8590    8.19572         24 0.0000e+00
    134.000    132.571    -0.5686  27.766527    -0.5696  27.765884     7.7735     8.0394     5.8609    89.8039 1.0000e-12  -74.14056 -115.26584  53.494949      99.64 4.9361e+01    440.614      10576  1027.8549  1027.8551     4.2603     1.0620     0.1734    33.8625    33.8627    8.19581         24 0.0000e+00
    135.000    133.558    -0.6243  27.721436    -0.6247  27.721712     7.7552     8.0176     5.4887    89.0589 1.0000e-12  -74.14056 -115.26584  53.494961      99.67 4.9175e+01    441.605      10600  1027.8645  1027.8653     4.2250     1.0086     0.1778    33.8635    33.8643    8.20783         24 0.0000e+00
    136.000    134.547    -0.6428  27.707850    -0.6433  27.707407     7.7539     8.0213     5.3621    89.5201 1.0000e-12  -74.14056 -115.26584  53.494972      99.72 4.9431e+01    442.622      10624  1027.8719  1027.8720     4.2469     0.8770     0.1570    33.8653    33.8652    8.21174         25 0.0000e+00
    137.000    135.539    -0.6473  27.704873    -0.6469  27.704800     7.7647     8.0254     5.0167    89.3819 1.0000e-12  -74.14056 -115.26584  53.494984      99.69 4.9361e+01    443.641      10648  1027.8772  1027.8767     4.2403     0.9593     0.1629    33.8656    33.8651    8.21269         24 0.0000e+00
    138.000    136.526    -0.6499  27.703510    -0.6492  27.703663     7.7592     8.0108     4.8067    88.5107 1.0000e-12  -74.14056 -115.26583  53.494996      87.35 4.8263e+01    444.643      10672  1027.8823  1027.8819     4.2001     0.9681     0.1571    33.8661    33.8656    8.21322         24 0.0000e+00
    139.000    137.516    -0.6508  27.703787    -0.6502  27.704066     7.7194     7.9628     4.9220    89.9575 1.0000e-12  -74.14056 -115.26582  53.495007      99.67 4.9360e+01    445.645      10696  1027.8877  1027.8874     4.2666     0.9751     0.1761    33.8669    33.8666    8.21338         24 0.0000e+00
    140.000    138.504    -0.6316  27.726615    -0.6299  27.727375     7.6409     7.8774     4.9655    88.1439 1.0000e-12  -74.14056 -115.26582  53.495019      99.78 4.9432e+01    446.681      10721  1027.8979  1027.8970     4.1815     0.7324     0.1703    33.8756    33.8747    8.20871         25 0.0000e+00
    141.000    139.493    -0.6342  27.728888    -0.6337  27.729147     7.5701     7.8390     5.3293    89.9090 1.0000e-12  -74.14056 -115.26582  53.495031      99.74 4.7076e+01    447.721      10746  1027.9071  1027.9070     4.2653     0.8431     0.1668    33.8809    33.8808    8.20896         25 0.0000e+00
    142.000    140.483    -0.6712  27.697724    -0.6730  27.697642     7.5085     7.7925     4.6499    90.0601 1.0000e-12  -74.14056 -115.26582  53.495043      99.64 4.9311e+01    448.740      10771  1027.9136  1027.9152     4.2725     1.0505     0.1565    33.8798    33.8816    8.21709         24 0.0000e+00
    143.000    141.471    -0.7326  27.649218    -0.7326  27.649606     7.4694     7.7232     4.4187    90.5248 1.0000e-12  -74.14056 -115.26582  53.495055      99.76 4.9361e+01    449.752      10795  1027.9247  1027.9253     4.2944     0.7943     0.1525    33.8824    33.8830    8.23028         25 0.0000e+00
    144.000    142.462    -0.7670  27.624710    -0.7657  27.625177     7.4516     7.6852     6.3700    89.3834 1.0000e-12  -74.14056 -115.26582  53.495067      99.75 4.8632e+01    450.763      10819  1027.9355  1027.9348     4.2405     0.8389     0.1490    33.8873    33.8865    8.23752         24 0.0000e+00
    145.000    143.449    -0.6848  27.701737    -0.6840  27.701616     7.3961     7.6390     4.1400    90.9092 1.0000e-12  -74.14056 -115.26582  53.495078      99.76 4.8921e+01    451.774      10844  1027.9431  1027.9422     4.3128     0.7898     0.1508    33.8985    33.8975    8.21894         24 0.0000e+00
    146.000    144.438    -0.7341  27.659334    -0.7361  27.659618     7.3379     7.5971     4.0485    90.0188 1.0000e-12  -74.14056 -115.26582  53.495090      99.75 4.9650e+01    452.802      10868  1027.9493  1027.9515     4.2705     0.8044     0.1549    33.8960    33.8986    8.22984         25 0.0000e+00
    147.000    145.427    -0.8029  27.604306    -0.8028  27.604831     7.3328     7.5958     3.2038    90.7008 1.0000e-12  -74.14056 -115.26582  53.495102      99.78 4.8329e+01    453.815      10893  1027.9604  1027.9609     4.3028     0.7067     0.1617    33.8982    33.8988    8.24474         24 0.0000e+00
    148.000    146.416    -0.8038  27.607837    -0.8028  27.608281     7.3371     7.5953     3.0328    90.7021 1.0000e-12  -74.14056 -115.26582  53.495114      99.79 4.8481e+01    454.820      10917  1027.9689  1027.9685     4.3029     0.6882     0.1567    33.9033    33.9029    8.24463         24 0.0000e+00
    149.000    147.406    -0.7964  27.615256    -0.7960  27.615638     7.3428     7.5815     3.1252    91.1590 1.0000e-12  -74.14056 -115.26582  53.495125      99.82 4.9499e+01    455.830      10941  1027.9737  1027.9737     4.3245     0.6177     0.1568    33.9044    33.9045    8.24294         25 0.0000e+00
    150.000    148.394    -0.8026  27.611693    -0.8019  27.612257     7.3486     7.5730     2.9948    91.1730 1.0000e-12  -74.14056 -115.26582  53.495137      99.80 4.9581e+01    456.849      10965  1027.9798  1027.9797     4.3253     0.6470     0.1438    33.9060    33.9060    8.24421         24 0.0000e+00
    151.000    149.381    -0.8068  27.609585    -0.8064  27.610001     7.3261     7.5459     3.3267    90.0084 1.0000e-12  -74.14056 -115.26582  53.495149      99.68 4.8546e+01    457.861      10990  1027.9856  1027.9857     4.2700     0.9266     0.1553    33.9072    33.9073    8.24505         24 0.0000e+00
    152.000    150.373    -0.8141  27.605735    -0.8138  27.606249     7.3004     7.5125     4.1615    90.3264 1.0000e-12  -74.14056 -115.26582  53.495161      99.81 5.0144e+01    458.879      11014  1027.9926  1027.9928     4.2851     0.6466     0.1602    33.9097    33.9100    8.24652         25 0.0000e+00
    153.000    151.362    -0.8292  27.597047    -0.8290  27.597537     7.2562     7.4740     4.2296    91.4555 1.0000e-12  -74.14056 -115.26582  53.495173      99.80 5.0628e+01    459.912      11039  1028.0018  1028.0021     4.3386     0.6273     0.1597    33.9142    33.9146    8.24956         25 0.0000e+00
    154.000    152.349    -0.8509  27.580109    -0.8515  27.580507     7.1914     7.4201     3.7746    90.7395 1.0000e-12  -74.14056 -115.26582  53.495184      99.80 4.9950e+01    460.936      11063  1028.0086  1028.0096     4.3047     0.6527     0.1553    33.9150    33.9162    8.25427         24 0.0000e+00
    155.000    153.339    -0.9237  27.521275    -0.9242  27.522300     7.1379     7.3717     3.3498    90.3460 1.0000e-12  -74.14056 -115.26582  53.495196      99.66 5.0208e+01    461.960      11088  1028.0192  1028.0208     4.2860     1.0283     0.1501    33.9165    33.9184    8.27017         25 0.0000e+00
    156.000    154.326    -0.9497  27.504610    -0.9507  27.504555     7.0979     7.3330     3.5584    93.1017 1.0000e-12  -74.14056 -115.26582  53.495208      99.80 5.0067e+01    462.998      11113  1028.0302  1028.0311     4.4167     0.6408     0.1505    33.9226    33.9236    8.27554         25 0.0000e+00
