ocean_section_plots/required_files/ctd/dnbp2202_ctd167.cnv
* Sea-Bird SBE 9 Data File:
* FileName = D:\Data\raw\NBP2202_CTD167.hex
* Software Version Seasave V 7.26.7.121
* Temperature SN = 1649
* Conductivity SN = 2513
* Number of Bytes Per Scan = 40
* Number of Voltage Words = 5
* Number of Scans Averaged by the Deck Unit = 1
* NMEA Latitude = 74 23.57 S
* NMEA Longitude = 110 05.15 W
* NMEA UTC (Time) = Feb 03 2022  05:20:45
* NMEA baud rate = 9600
** Ship: RVIB N.B. Palmer
** Cruise: NBP2202 Thwaites
** Station: 89
** Operator: B Bjork
# nquan = 28
# nvalues = 1288                        
# units = specified
# name 0 = prDM: Pressure, Digiquartz [db]
# name 1 = depSM: Depth [salt water, m]
# name 2 = t090C: Temperature [ITS-90, deg C]
# name 3 = c0mS/cm: Conductivity [mS/cm]
# name 4 = t190C: Temperature, 2 [ITS-90, deg C]
# name 5 = c1mS/cm: Conductivity, 2 [mS/cm]
# name 6 = sbeox0ML/L: Oxygen, SBE 43 [ml/l]
# name 7 = sbeox1ML/L: Oxygen, SBE 43, 2 [ml/l]
# name 8 = flECO-AFL: Fluorescence, WET Labs ECO-AFL/FL [mg/m^3]
# name 9 = CStarTr0: Beam Transmission, WET Labs C-Star [%]
# name 10 = par: PAR/Irradiance, Biospherical/Licor
# name 11 = latitude: Latitude [deg]
# name 12 = longitude: Longitude [deg]
# name 13 = timeJ: Julian Days
# name 14 = altM: Altimeter [m]
# name 15 = spar: SPAR, Biospherical/Licor
# name 16 = timeS: Time, Elapsed [seconds]
# name 17 = scan: Scan Count
# name 18 = density00: Density [density, kg/m^3]
# name 19 = density11: Density, 2 [density, kg/m^3]
# name 20 = v3: Voltage 3
# name 21 = v4: Voltage 4
# name 22 = v5: Voltage 5
# name 23 = sal00: Salinity, Practical [PSU]
# name 24 = sal11: Salinity, Practical, 2 [PSU]
# name 25 = oxsolML/L: Oxygen Saturation, Garcia & Gordon [ml/l]
# name 26 = nbin: number of scans per bin
# name 27 = flag: flag
# span 0 =      2.000,   1289.000       
# span 1 =      1.971,   1271.710       
# span 2 =    -1.5801,     1.1145       
# span 3 =  26.795171,  30.343020       
# span 4 =    -1.5793,     1.1169       
# span 5 =  26.795209,  30.343086       
# span 6 =     4.3059,     5.7116       
# span 7 =     4.3690,     5.8021       
# span 8 =    -0.0279,     0.1112       
# span 9 =    98.5442,    99.6032       
# span 10 = 1.0000e-12, 8.0423e+01      
# span 11 =  -74.39296,  -74.39294      
# span 12 = -110.08596, -110.08592      
# span 13 =  34.223602,  34.240487      
# span 14 =      -2.87,     100.85      
# span 15 = 3.4809e+02, 4.6132e+02      
# span 16 =     74.179,   1533.051      
# span 17 =       1781,      36794      
# span 18 =  1027.1735,  1033.8171      
# span 19 =  1027.1734,  1033.8151      
# span 20 =     4.6748,     4.7250      
# span 21 =     0.0642,     0.0875      
# span 22 =     0.1101,     0.1418      
# span 23 =    33.7522,    34.7032      
# span 24 =    33.7535,    34.7009      
# span 25 =    7.79918,    8.42624      
# span 26 =         11,         49      
# span 27 = 0.0000e+00, 0.0000e+00      
# interval = decibars: 1                
# start_time = Feb 03 2022 05:20:45 [NMEA time, header]
# bad_flag = -9.990e-29
*END*
[from data line 156]
    158.000    156.302    -1.2869  27.229819    -1.2859  27.229199     5.4007     5.5373    -0.0224    98.8472 1.0000e-12  -74.39296 -110.08592  34.226418      99.94 4.4248e+02    317.539       7622  1028.0514  1028.0498     4.6892     0.0699     0.1353    33.9270    33.9251    8.35011         25 0.0000e+00
    159.000    157.293    -1.2727  27.245232    -1.2712  27.245116     5.4104     5.5385    -0.0224    98.8379 1.0000e-12  -74.39296 -110.08592  34.226430      99.94 4.4248e+02    318.564       7647  1028.0590  1028.0574     4.6886     0.0692     0.1325    33.9314    33.9296    8.34666         24 0.0000e+00
    160.000    158.281    -1.2658  27.253778    -1.2646  27.253271     5.4153     5.5477    -0.0153    98.8420 1.0000e-12  -74.39296 -110.08592  34.226442      99.94 4.4248e+02    319.589       7671  1028.0662  1028.0645     4.6889     0.0692     0.1305    33.9347    33.9326    8.34493         25 0.0000e+00
    161.000    159.269    -1.2648  27.256979    -1.2637  27.256744     5.4096     5.5475    -0.0215    98.8196 1.0000e-12  -74.39296 -110.08592  34.226454      99.94 4.4248e+02    320.605       7696  1028.0733  1028.0719     4.6878     0.0696     0.1326    33.9373    33.9358    8.34455         24 0.0000e+00
    162.000    160.259    -1.2616  27.261922    -1.2606  27.261266     5.4160     5.5432    -0.0150    98.8110 1.0000e-12  -74.39296 -110.08592  34.226466      99.94 4.4248e+02    321.629       7720  1028.0801  1028.0784     4.6874     0.0686     0.1337    33.9399    33.9378    8.34369         25 0.0000e+00
    163.000    161.249    -1.2523  27.272115    -1.2511  27.271538     5.4243     5.5430    -0.0150    98.7906 1.0000e-12  -74.39296 -110.08592  34.226477      99.94 4.4248e+02    322.648       7745  1028.0867  1028.0849     4.6865     0.0691     0.1343    33.9427    33.9405    8.34144         24 0.0000e+00
    164.000    162.236    -1.2499  27.275030    -1.2488  27.274660     5.4220     5.5508    -0.0150    98.7946 1.0000e-12  -74.39296 -110.08592  34.226489      99.94 4.4248e+02    323.662       7769  1028.0920  1028.0905     4.6866     0.0705     0.1352    33.9434    33.9415    8.34087         25 0.0000e+00
    165.000    163.226    -1.2469  27.279534    -1.2457  27.278958     5.4255     5.5605    -0.0147    98.7746 1.0000e-12  -74.39296 -110.08592  34.226501      99.94 4.4248e+02    324.686       7793  1028.0985  1028.0968     4.6857     0.0692     0.1323    33.9455    33.9434    8.34006         24 0.0000e+00
    166.000    164.214    -1.2465  27.282955    -1.2456  27.282456     5.4188     5.5514    -0.0150    98.7719 1.0000e-12  -74.39296 -110.08592  34.226513      95.08 4.4248e+02    325.714       7818  1028.1063  1028.1049     4.6855     0.0690     0.1360    33.9491    33.9474    8.33976         25 0.0000e+00
    167.000    165.202    -1.2291  27.302770    -1.2289  27.300993     5.4224     5.5470    -0.0150    98.7746 1.0000e-12  -74.39296 -110.08592  34.226525      99.69 4.4248e+02    326.732       7843  1028.1156  1028.1135     4.6857     0.0695     0.1338    33.9559    33.9533    8.33548         24 0.0000e+00
    168.000    166.193    -1.2163  27.315465    -1.2152  27.314870     5.4193     5.5469    -0.0180    98.7678 1.0000e-12  -74.39296 -110.08592  34.226537      99.94 4.4248e+02    327.755       7867  1028.1217  1028.1199     4.6854     0.0691     0.1332    33.9582    33.9561    8.33250         25 0.0000e+00
    169.000    167.180    -1.2161  27.317263    -1.2149  27.316768     5.4083     5.5436    -0.0191    98.7658 1.0000e-12  -74.39296 -110.08592  34.226548      99.94 4.4238e+02    328.786       7892  1028.1279  1028.1262     4.6853     0.0693     0.1351    33.9598    33.9578    8.33235         25 0.0000e+00
    170.000    168.168    -1.2111  27.323453    -1.2096  27.323125     5.3941     5.5284    -0.0105    98.7577 1.0000e-12  -74.39296 -110.08592  34.226560      99.94 4.4075e+02    329.813       7917  1028.1344  1028.1325     4.6849     0.0693     0.1336    33.9620    33.9598    8.33111         25 0.0000e+00
    171.000    169.161    -1.1883  27.345514    -1.1871  27.344977     5.3852     5.5142    -0.0033    98.7522 1.0000e-12  -74.39296 -110.08592  34.226572      99.94 4.4072e+02    330.832       7941  1028.1408  1028.1391     4.6846     0.0686     0.1352    33.9657    33.9637    8.32581         24 0.0000e+00
    172.000    170.146    -1.1854  27.348753    -1.1845  27.348111     5.3734     5.5022    -0.0137    98.7249 1.0000e-12  -74.39296 -110.08592  34.226584      99.94 4.4072e+02    331.864       7966  1028.1461  1028.1445     4.6834     0.0692     0.1342    33.9664    33.9644    8.32514         25 0.0000e+00
    173.000    171.137    -1.1745  27.359810    -1.1732  27.359369     5.3733     5.4985    -0.0086    98.7487 1.0000e-12  -74.39296 -110.08592  34.226596      99.94 4.4072e+02    332.890       7990  1028.1521  1028.1504     4.6845     0.0695     0.1339    33.9685    33.9664    8.32258         24 0.0000e+00
    174.000    172.124    -1.1690  27.365562    -1.1682  27.364932     5.3631     5.5009    -0.0223    98.7401 1.0000e-12  -74.39296 -110.08592  34.226608      99.94 4.4072e+02    333.909       8015  1028.1576  1028.1561     4.6841     0.0699     0.1348    33.9695    33.9678    8.32131         25 0.0000e+00
    175.000    173.114    -1.1684  27.366763    -1.1675  27.366064     5.3685     5.5054    -0.0149    98.7319 1.0000e-12  -74.39296 -110.08592  34.226620      99.94 4.4072e+02    334.937       8039  1028.1628  1028.1612     4.6837     0.0703     0.1358    33.9698    33.9679    8.32115         25 0.0000e+00
    176.000    174.103    -1.1656  27.370794    -1.1641  27.370340     5.3789     5.5066    -0.0150    98.7222 1.0000e-12  -74.39296 -110.08593  34.226631      99.94 4.4072e+02    335.956       8064  1028.1690  1028.1670     4.6832     0.0699     0.1367    33.9716    33.9693    8.32043         24 0.0000e+00
    177.000    175.090    -1.1565  27.381819    -1.1555  27.381107     5.3865     5.5131    -0.0083    98.7124 1.0000e-12  -74.39296 -110.08593  34.226643      99.94 4.4072e+02    336.976       8088  1028.1767  1028.1749     4.6827     0.0705     0.1374    33.9757    33.9736    8.31815         24 0.0000e+00
    178.000    176.080    -1.1552  27.384852    -1.1538  27.384596     5.4024     5.5147    -0.0130    98.7266 1.0000e-12  -74.39296 -110.08593  34.226655      99.94 4.4072e+02    337.999       8113  1028.1832  1028.1816     4.6835     0.0697     0.1350    33.9778    33.9758    8.31775         25 0.0000e+00
    179.000    177.068    -1.1573  27.383832    -1.1565  27.383291     5.4153     5.5280    -0.0150    98.6929 1.0000e-12  -74.39296 -110.08592  34.226667      99.94 4.4072e+02    339.024       8138  1028.1886  1028.1872     4.6818     0.0700     0.1343    33.9781    33.9764    8.31819         24 0.0000e+00
    180.000    178.058    -1.1614  27.381695    -1.1601  27.381445     5.4229     5.5409    -0.0197    98.7121 1.0000e-12  -74.39296 -110.08594  34.226679      99.94 4.4072e+02    340.035       8162  1028.1947  1028.1932     4.6827     0.0695     0.1349    33.9793    33.9774    8.31904         25 0.0000e+00
    181.000    179.046    -1.1641  27.380970    -1.1629  27.380597     5.4253     5.5544    -0.0184    98.7124 1.0000e-12  -74.39296 -110.08594  34.226690      99.94 4.4072e+02    341.061       8186  1028.2010  1028.1994     4.6827     0.0689     0.1342    33.9807    33.9788    8.31956         24 0.0000e+00
    182.000    180.036    -1.1645  27.381961    -1.1633  27.381506     5.4248     5.5529    -0.0150    98.6905 1.0000e-12  -74.39296 -110.08594  34.226702      99.94 4.4072e+02    342.088       8211  1028.2067  1028.2051     4.6817     0.0693     0.1355    33.9818    33.9799    8.31956         25 0.0000e+00
    183.000    181.022    -1.1641  27.382917    -1.1630  27.382555     5.4298     5.5545    -0.0150    98.6909 1.0000e-12  -74.39296 -110.08594  34.226714      99.94 4.4072e+02    343.104       8235  1028.2119  1028.2103     4.6817     0.0697     0.1339    33.9822    33.9804    8.31948         24 0.0000e+00
    184.000    182.014    -1.1602  27.388972    -1.1591  27.388445     5.4483     5.5679    -0.0150    98.7122 1.0000e-12  -74.39296 -110.08594  34.226726      99.94 4.4072e+02    344.127       8260  1028.2190  1028.2173     4.6827     0.0700     0.1347    33.9853    33.9833    8.31840         25 0.0000e+00
    185.000    183.001    -1.1569  27.394636    -1.1558  27.394339     5.4674     5.5877    -0.0150    98.7112 1.0000e-12  -74.39296 -110.08594  34.226738      99.94 4.4072e+02    345.157       8285  1028.2264  1028.2250     4.6827     0.0696     0.1350    33.9887    33.9870    8.31747         25 0.0000e+00
    186.000    183.990    -1.1614  27.393622    -1.1602  27.393448     5.4819     5.6008    -0.0206    98.6869 1.0000e-12  -74.39296 -110.08594  34.226750      99.94 4.4072e+02    346.175       8309  1028.2341  1028.2327     4.6815     0.0700     0.1368    33.9919    33.9902    8.31830         24 0.0000e+00
    187.000    184.980    -1.1646  27.393352    -1.1631  27.393220     5.4726     5.6030    -0.0162    98.7059 1.0000e-12  -74.39296 -110.08594  34.226762      99.93 4.4072e+02    347.201       8334  1028.2413  1028.2397     4.6824     0.0697     0.1325    33.9945    33.9926    8.31886         25 0.0000e+00
    188.000    185.967    -1.1637  27.396356    -1.1627  27.395793     5.4604     5.5922    -0.0215    98.7102 1.0000e-12  -74.39296 -110.08594  34.226773      99.94 4.4072e+02    348.228       8358  1028.2479  1028.2464     4.6826     0.0698     0.1312    33.9969    33.9950    8.31850         24 0.0000e+00
    189.000    186.956    -1.1504  27.409749    -1.1495  27.409094     5.4471     5.5823    -0.0074    98.7132 1.0000e-12  -74.39296 -110.08594  34.226785      99.93 4.4072e+02    349.247       8383  1028.2540  1028.2524     4.6828     0.0701     0.1339    33.9996    33.9976    8.31540         25 0.0000e+00
    190.000    187.945    -1.1352  27.424544    -1.1345  27.423478     5.4289     5.5592    -0.0223    98.7305 1.0000e-12  -74.39296 -110.08594  34.226797      99.94 4.4072e+02    350.262       8407  1028.2598  1028.2580     4.6836     0.0688     0.1334    34.0020    33.9997    8.31189         24 0.0000e+00
    191.000    188.935    -1.1268  27.432959    -1.1254  27.432576     5.4013     5.5359    -0.0224    98.7297 1.0000e-12  -74.39296 -110.08594  34.226809      99.51 4.4072e+02    351.292       8432  1028.2652  1028.2634     4.6836     0.0697     0.1340    34.0034    34.0012    8.30994         25 0.0000e+00
    192.000    189.922    -1.0979  27.461236    -1.0977  27.459465     5.3745     5.5082    -0.0224    98.7274 1.0000e-12  -74.39296 -110.08594  34.226821      95.24 4.4072e+02    352.311       8456  1028.2724  1028.2703     4.6835     0.0683     0.1361    34.0086    34.0059    8.30322         24 0.0000e+00
    193.000    190.912    -1.0867  27.471499    -1.0852  27.471427     5.3600     5.4908    -0.0165    98.7209 1.0000e-12  -74.39296 -110.08594  34.226832     100.00 4.4072e+02    353.326       8481  1028.2772  1028.2757     4.6832     0.0693     0.1360    34.0093    34.0075    8.30069         24 0.0000e+00
    194.000    191.900    -1.0754  27.482212    -1.0748  27.481210     5.3524     5.4841    -0.0201    98.7257 1.0000e-12  -74.39296 -110.08594  34.226844      99.94 4.4072e+02    354.351       8505  1028.2825  1028.2808     4.6833     0.0688     0.1339    34.0106    34.0085    8.29813         25 0.0000e+00
    195.000    192.890    -1.0729  27.485087    -1.0720  27.484240     5.3485     5.4814    -0.0177    98.7338 1.0000e-12  -74.39296 -110.08594  34.226856      99.94 4.4072e+02    355.368       8530  1028.2877  1028.2858     4.6838     0.0697     0.1350    34.0110    34.0088    8.29755         25 0.0000e+00
    196.000    193.877    -1.0674  27.490513    -1.0665  27.489760     5.3412     5.4710    -0.0150    98.7073 1.0000e-12  -74.39296 -110.08594  34.226868      99.94 4.4072e+02    356.385       8554  1028.2928  1028.2911     4.6825     0.0702     0.1375    34.0116    34.0096    8.29630         24 0.0000e+00
    197.000    194.867    -1.0626  27.495554    -1.0605  27.495746     5.3322     5.4642    -0.0150    98.7254 1.0000e-12  -74.39296 -110.08594  34.226880      99.93 4.4072e+02    357.407       8579  1028.2981  1028.2963     4.6833     0.0692     0.1346    34.0124    34.0103    8.29519         25 0.0000e+00
    198.000    195.854    -1.0578  27.500406    -1.0559  27.500364     5.3288     5.4627    -0.0150    98.6954 1.0000e-12  -74.39296 -110.08594  34.226892      99.93 4.4072e+02    358.431       8603  1028.3032  1028.3013     4.6819     0.0692     0.1349    34.0129    34.0108    8.29408         24 0.0000e+00
    199.000    196.843    -1.0517  27.506380    -1.0503  27.505991     5.3331     5.4590    -0.0150    98.6789 1.0000e-12  -74.39296 -110.08594  34.226903      99.94 4.4072e+02    359.451       8628  1028.3083  1028.3065     4.6812     0.0696     0.1355    34.0136    34.0114    8.29270         24 0.0000e+00
    200.000    197.833    -1.0472  27.511232    -1.0455  27.510908     5.3250     5.4544    -0.0150    98.6771 1.0000e-12  -74.39296 -110.08594  34.226915      99.93 4.4072e+02    360.473       8652  1028.3136  1028.3117     4.6810     0.0697     0.1344    34.0145    34.0121    8.29165         25 0.0000e+00
    201.000    198.821    -1.0436  27.515016    -1.0424  27.514363     5.3193     5.4494    -0.0150    98.6617 1.0000e-12  -74.39296 -110.08594  34.226927      99.94 4.4072e+02    361.501       8677  1028.3188  1028.3168     4.6803     0.0703     0.1361    34.0150    34.0127    8.29084         25 0.0000e+00
    202.000    199.810    -1.0406  27.518368    -1.0396  27.517423     5.3209     5.4463    -0.0160    98.6415 1.0000e-12  -74.39296 -110.08594  34.226939      99.93 4.4072e+02    362.526       8702  1028.3239  1028.3219     4.6794     0.0691     0.1362    34.0155    34.0131    8.29014         24 0.0000e+00
    203.000    200.798    -1.0379  27.521323    -1.0365  27.520893     5.3162     5.4451    -0.0225    98.6453 1.0000e-12  -74.39296 -110.08594  34.226951      99.94 4.4072e+02    363.554       8726  1028.3290  1028.3271     4.6796     0.0697     0.1368    34.0159    34.0137    8.28952         25 0.0000e+00
    204.000    201.787    -1.0367  27.522974    -1.0352  27.522552     5.3134     5.4425    -0.0224    98.6473 1.0000e-12  -74.39296 -110.08594  34.226963      87.65 4.4072e+02    364.581       8751  1028.3341  1028.3321     4.6797     0.0677     0.1362    34.0162    34.0139    8.28924         25 0.0000e+00
    205.000    202.775    -1.0340  27.525829    -1.0324  27.525738     5.3146     5.4391    -0.0141    98.6265 1.0000e-12  -74.39296 -110.08594  34.226975      99.92 4.4072e+02    365.603       8775  1028.3390  1028.3372     4.6787     0.0696     0.1362    34.0164    34.0144    8.28863         24 0.0000e+00
    206.000    203.764    -1.0342  27.526016    -1.0324  27.526011     5.3098     5.4360    -0.0218    98.6370 1.0000e-12  -74.39296 -110.08594  34.226986      99.93 4.4072e+02    366.629       8800  1028.3437  1028.3420     4.6792     0.0685     0.1375    34.0163    34.0142    8.28868         25 0.0000e+00
    207.000    204.753    -1.0319  27.528501    -1.0301  27.528508     5.3015     5.4310    -0.0224    98.6503 1.0000e-12  -74.39296 -110.08594  34.226998      99.93 4.4072e+02    367.658       8825  1028.3486  1028.3468     4.6798     0.0693     0.1366    34.0164    34.0143    8.28817         25 0.0000e+00
    208.000    205.742    -1.0292  27.531510    -1.0270  27.531690     5.2960     5.4286    -0.0166    98.6427 1.0000e-12  -74.39296 -110.08594  34.227010      99.93 4.4072e+02    368.677       8849  1028.3536  1028.3517     4.6794     0.0701     0.1369    34.0168    34.0146    8.28754         24 0.0000e+00
