ocean_section_plots/required_files/ctd/dnbp2202_ctd180.cnv
* Sea-Bird SBE 9 Data File:
* FileName = D:\Data\raw\NBP2202_CTD180.hex
* Software Version Seasave V 7.26.7.121
* Temperature SN = 1649
* Conductivity SN = 2513
* Number of Bytes Per Scan = 40
* Number of Voltage Words = 5
* Number of Scans Averaged by the Deck Unit = 1
* NMEA Latitude = 74 06.95 S
* NMEA Longitude = 111 24.01 W
* NMEA UTC (Time) = Feb 04 2022  00:45:51
* NMEA baud rate = 9600
** Ship: RVIB N.B. Palmer
** Cruise: NBP2202 Thwaites
** Station: 102
** Operator: A. Robinson
# nquan = 28
# nvalues = 273                         
# units = specified
# name 0 = prDM: Pressure, Digiquartz [db]
# name 1 = depSM: Depth [salt water, m]
# name 2 = t090C: Temperature [ITS-90, deg C]
# name 3 = c0mS/cm: Conductivity [mS/cm]
# name 4 = t190C: Temperature, 2 [ITS-90, deg C]
# name 5 = c1mS/cm: Conductivity, 2 [mS/cm]
# name 6 = sbeox0ML/L: Oxygen, SBE 43 [ml/l]
# name 7 = sbeox1ML/L: Oxygen, SBE 43, 2 [ml/l]
# name 8 = flECO-AFL: Fluorescence, WET Labs ECO-AFL/FL [mg/m^3]
# name 9 = CStarTr0: Beam Transmission, WET Labs C-Star [%]
# name 10 = par: PAR/Irradiance, Biospherical/Licor
# name 11 = latitude: Latitude [deg]
# name 12 = longitude: Longitude [deg]
# name 13 = timeJ: Julian Days
# name 14 = altM: Altimeter [m]
# name 15 = spar: SPAR, Biospherical/Licor
# name 16 = timeS: Time, Elapsed [seconds]
# name 17 = scan: Scan Count
# name 18 = density00: Density [density, kg/m^3]
# name 19 = density11: Density, 2 [density, kg/m^3]
# name 20 = v3: Voltage 3
# name 21 = v4: Voltage 4
# name 22 = v5: Voltage 5
# name 23 = sal00: Salinity, Practical [PSU]
# name 24 = sal11: Salinity, Practical, 2 [PSU]
# name 25 = oxsolML/L: Oxygen Saturation, Garcia & Gordon [ml/l]
# name 26 = nbin: number of scans per bin
# name 27 = flag: flag
# span 0 =      2.000,    274.000       
# span 1 =      1.975,    270.994       
# span 2 =    -1.5611,    -1.0829       
# span 3 =  27.016494,  27.294061       
# span 4 =    -1.5612,    -1.0833       
# span 5 =  27.016471,  27.293711       
# span 6 =     6.0758,     7.5198       
# span 7 =     6.2071,     7.7021       
# span 8 =     0.0280,     8.5187       
# span 9 =    83.6769,    98.5039       
# span 10 = 1.0000e-12, 7.6213e+02      
# span 11 =  -74.11596,  -74.11550      
# span 12 = -111.40189, -111.40015      
# span 13 =  35.035302,  35.040572      
# span 14 =       5.49,     100.10      
# span 15 = 1.5038e+03, 1.5185e+03      
# span 16 =    299.073,    754.437      
# span 17 =       7179,      18107      
# span 18 =  1027.1937,  1028.7007      
# span 19 =  1027.1959,  1028.6990      
# span 20 =     3.9698,     4.6729      
# span 21 =     0.0707,     1.5153      
# span 22 =     0.1154,     0.1704      
# span 23 =    33.7956,    34.0372      
# span 24 =    33.7980,    34.0352      
# span 25 =    8.31223,    8.40971      
# span 26 =         22,         45      
# span 27 = 0.0000e+00, 0.0000e+00      
# interval = decibars: 1                
# start_time = Feb 04 2022 00:45:51 [NMEA time, header]
# bad_flag = -9.990e-29
*END*
[from data line 104]
    106.000    104.877    -1.4354  27.063704    -1.4358  27.063489     6.7218     6.8808     4.3675    91.7013 1.0000e-12  -74.11592 -111.40026  35.037334      99.72 1.5127e+03    474.672      11393  1027.7862  1027.7863     4.3505     0.7693     0.1348    33.8994    33.8996    8.38507         27 0.0000e+00
    107.000    105.865    -1.4370  27.063219    -1.4378  27.062720     6.7299     6.8813     4.9243    92.4290 1.0000e-12  -74.11592 -111.40027  35.037347      99.64 1.5123e+03    475.802      11420  1027.7914  1027.7917     4.3846     0.9712     0.1442    33.8999    33.9002    8.38539         27 0.0000e+00
    108.000    106.854    -1.4391  27.062335    -1.4391  27.062365     6.7458     6.8942     4.5800    91.5990 1.0000e-12  -74.11592 -111.40028  35.037360      99.72 1.5116e+03    476.942      11448  1027.7968  1027.7968     4.3454     0.7962     0.1457    33.9005    33.9005    8.38584         28 0.0000e+00
    109.000    107.844    -1.4387  27.063111    -1.4392  27.062690     6.7841     6.9219     4.5070    91.2676 1.0000e-12  -74.11592 -111.40028  35.037374      99.71 1.5126e+03    478.079      11475  1027.8015  1027.8016     4.3297     0.8049     0.1376    33.9004    33.9005    8.38574         27 0.0000e+00
    110.000    108.833    -1.4436  27.060374    -1.4432  27.060738     6.8349     6.9647     4.4610    91.4319 1.0000e-12  -74.11592 -111.40028  35.037387      99.70 1.5119e+03    479.212      11502  1027.8075  1027.8076     4.3375     0.8504     0.1438    33.9016    33.9017    8.38677         27 0.0000e+00
    111.000    109.822    -1.4521  27.055470    -1.4535  27.054711     6.8871     7.0155     4.3459    90.7270 1.0000e-12  -74.11592 -111.40028  35.037400      99.66 1.5123e+03    480.348      11529  1027.8146  1027.8152     4.3041     0.9165     0.1451    33.9039    33.9045    8.38855         27 0.0000e+00
    112.000    110.811    -1.4641  27.048168    -1.4660  27.047708     6.8963     7.0366     4.9567    91.1544 1.0000e-12  -74.11592 -111.40030  35.037413      99.68 1.5117e+03    481.482      11557  1027.8226  1027.8238     4.3244     0.9147     0.1406    33.9069    33.9084    8.39110         28 0.0000e+00
    113.000    111.800    -1.4904  27.033667    -1.4911  27.033636     6.8522     7.0026     5.0626    90.9643 1.0000e-12  -74.11592 -111.40030  35.037426      99.64 1.5109e+03    482.601      11583  1027.8363  1027.8369     4.3153     0.9815     0.1432    33.9161    33.9169    8.39647         27 0.0000e+00
    114.000    112.790    -1.4936  27.032879    -1.4939  27.032854     6.7901     6.9627     5.1198    91.3419 1.0000e-12  -74.11591 -111.40030  35.037439      99.63 1.5114e+03    483.720      11610  1027.8427  1027.8430     4.3333     1.0296     0.1520    33.9181    33.9184    8.39708         27 0.0000e+00
    115.000    113.779    -1.4949  27.035540    -1.4948  27.035374     6.7491     6.9246     5.3243    90.8159 1.0000e-12  -74.11590 -111.40030  35.037452      93.80 1.5111e+03    484.844      11637  1027.8510  1027.8507     4.3083     0.9440     0.1407    33.9225    33.9222    8.39710         26 0.0000e+00
    116.000    114.767    -1.4986  27.034679    -1.4996  27.034251     6.7066     6.8862     4.6198    90.8601 1.0000e-12  -74.11590 -111.40031  35.037465      99.70 1.5112e+03    485.958      11664  1027.8578  1027.8584     4.3105     0.8861     0.1428    33.9249    33.9256    8.39779         27 0.0000e+00
    117.000    115.756    -1.5020  27.033652    -1.5023  27.033421     6.6651     6.8454     4.1498    90.0857 1.0000e-12  -74.11590 -111.40032  35.037478      99.73 1.5128e+03    487.068      11691  1027.8642  1027.8642     4.2737     0.7537     0.1461    33.9268    33.9268    8.39845         27 0.0000e+00
    118.000    116.747    -1.4981  27.038383    -1.4982  27.038180     6.6018     6.7881     3.7926    90.7546 1.0000e-12  -74.11590 -111.40032  35.037491      99.75 1.5143e+03    488.189      11718  1027.8698  1027.8697     4.3054     0.6673     0.1348    33.9283    33.9281    8.39749         27 0.0000e+00
    119.000    117.735    -1.4953  27.042036    -1.4954  27.041863     6.5239     6.7146     3.4386    89.3923 1.0000e-12  -74.11590 -111.40032  35.037504      99.72 1.5143e+03    489.307      11744  1027.8753  1027.8752     4.2408     0.7789     0.1397    33.9295    33.9294    8.39678         26 0.0000e+00
    120.000    118.724    -1.4896  27.050256    -1.4897  27.050013     6.4806     6.6720     3.6508    89.8957 1.0000e-12  -74.11590 -111.40034  35.037516      99.75 1.5143e+03    490.424      11771  1027.8832  1027.8829     4.2647     0.7126     0.1383    33.9338    33.9335    8.39525         27 0.0000e+00
    121.000    119.712    -1.4886  27.053624    -1.4885  27.053563     6.4629     6.6481     3.2711    91.0046 1.0000e-12  -74.11590 -111.40034  35.037530      99.77 1.5139e+03    491.552      11798  1027.8901  1027.8901     4.3172     0.5855     0.1344    33.9366    33.9365    8.39484         28 0.0000e+00
    122.000    120.703    -1.4897  27.054496    -1.4899  27.054291     6.4569     6.6314     2.6693    91.6184 1.0000e-12  -74.11590 -111.40034  35.037543      99.80 1.5125e+03    492.677      11825  1027.8965  1027.8964     4.3464     0.4855     0.1313    33.9385    33.9384    8.39498         26 0.0000e+00
    123.000    121.692    -1.4924  27.054211    -1.4927  27.054166     6.4655     6.6339     2.1052    92.2202 1.0000e-12  -74.11590 -111.40034  35.037555      99.81 1.5134e+03    493.795      11852  1027.9032  1027.9033     4.3749     0.4029     0.1302    33.9406    33.9408    8.39547         27 0.0000e+00
    124.000    122.679    -1.5004  27.049520    -1.5008  27.049524     6.4881     6.6449     1.9663    92.3831 1.0000e-12  -74.11590 -111.40035  35.037569      99.78 1.5128e+03    494.923      11879  1027.9100  1027.9104     4.3827     0.5702     0.1305    33.9426    33.9430    8.39716         27 0.0000e+00
    125.000    123.670    -1.5164  27.040555    -1.5172  27.040102     6.4995     6.6490     2.0933    92.7088 1.0000e-12  -74.11590 -111.40036  35.037582      99.80 1.5112e+03    496.050      11906  1027.9199  1027.9202     4.3980     0.5098     0.1316    33.9477    33.9480    8.40045         27 0.0000e+00
    126.000    124.658    -1.5226  27.036556    -1.5218  27.037351     6.4970     6.6459     1.7171    93.2606 1.0000e-12  -74.11590 -111.40036  35.037595      99.81 1.5111e+03    497.173      11933  1027.9257  1027.9258     4.4242     0.4077     0.1284    33.9486    33.9488    8.40180         27 0.0000e+00
    127.000    125.647    -1.5232  27.036979    -1.5237  27.036401     6.5107     6.6612     1.4091    93.8019 1.0000e-12  -74.11590 -111.40036  35.037608      98.96 1.5118e+03    498.311      11960  1027.9310  1027.9308     4.4499     0.4026     0.1259    33.9493    33.9490    8.40191         27 0.0000e+00
    128.000    126.636    -1.5295  27.033177    -1.5295  27.033426     6.5279     6.7007     1.5953    94.2136 1.0000e-12  -74.11590 -111.40038  35.037621      99.81 1.5105e+03    499.452      11988  1027.9371  1027.9373     4.4694     0.3371     0.1251    33.9506    33.9509    8.40325         28 0.0000e+00
    129.000    127.625    -1.5397  27.026922    -1.5398  27.026881     6.5362     6.7046     1.4489    94.4399 1.0000e-12  -74.11590 -111.40038  35.037634      99.81 1.5115e+03    500.577      12015  1027.9443  1027.9443     4.4801     0.4200     0.1319    33.9529    33.9529    8.40542         27 0.0000e+00
    130.000    128.614    -1.5430  27.025122    -1.5438  27.024598     6.5445     6.6455     1.1478    94.5334 1.0000e-12  -74.11590 -111.40038  35.037647      99.83 1.5112e+03    501.704      12042  1027.9496  1027.9499     4.4846     0.3129     0.1260    33.9535    33.9538    8.40612         27 0.0000e+00
    131.000    129.604    -1.5464  27.023019    -1.5467  27.022862     6.5418     6.6826     1.1155    94.5879 1.0000e-12  -74.11590 -111.40039  35.037660      99.81 1.5097e+03    502.830      12069  1027.9548  1027.9549     4.4872     0.3531     0.1252    33.9539    33.9540    8.40688         27 0.0000e+00
    132.000    130.593    -1.5491  27.021664    -1.5493  27.021638     6.5455     6.6902     0.9903    94.5931 1.0000e-12  -74.11590 -111.40040  35.037673      99.83 1.5101e+03    503.943      12096  1027.9601  1027.9603     4.4874     0.2912     0.1239    33.9544    33.9546    8.40744         26 0.0000e+00
    133.000    131.581    -1.5539  27.018762    -1.5543  27.018580     6.5461     6.6819     1.2715    95.0536 1.0000e-12  -74.11590 -111.40040  35.037686      99.82 1.5105e+03    505.063      12123  1027.9658  1027.9659     4.5092     0.3633     0.1279    33.9553    33.9554    8.40849         27 0.0000e+00
    134.000    132.571    -1.5567  27.017696    -1.5575  27.017235     6.5420     6.6790     1.0954    95.8421 1.0000e-12  -74.11590 -111.40040  35.037699      99.82 1.5099e+03    506.186      12149  1027.9715  1027.9717     4.5467     0.2913     0.1228    33.9563    33.9567    8.40905         27 0.0000e+00
    135.000    133.561    -1.5600  27.016494    -1.5601  27.016471     6.5345     6.6840     1.1943    95.8538 1.0000e-12  -74.11590 -111.40040  35.037712      99.83 1.5103e+03    507.298      12176  1027.9775  1027.9776     4.5472     0.2692     0.1208    33.9578    33.9580    8.40971         27 0.0000e+00
    136.000    134.548    -1.5600  27.017173    -1.5605  27.016875     6.5299     6.6801     0.9880    96.2753 1.0000e-12  -74.11590 -111.40042  35.037725      99.84 1.5108e+03    508.409      12203  1027.9825  1027.9826     4.5672     0.2604     0.1193    33.9582    33.9582    8.40970         27 0.0000e+00
    137.000    135.537    -1.5592  27.018512    -1.5596  27.017979     6.5281     6.6728     0.9708    96.2601 1.0000e-12  -74.11590 -111.40042  35.037738      99.83 1.5110e+03    509.531      12230  1027.9874  1027.9872     4.5665     0.2705     0.1206    33.9584    33.9582    8.40949         27 0.0000e+00
    138.000    136.526    -1.5587  27.019465    -1.5590  27.019224     6.5236     6.6885     1.0088    95.7928 1.0000e-12  -74.11589 -111.40043  35.037751      93.54 1.5128e+03    510.659      12257  1027.9922  1027.9922     4.5443     0.2531     0.1193    33.9586    33.9586    8.40938         26 0.0000e+00
    139.000    137.515    -1.5593  27.019974    -1.5590  27.020174     6.5136     6.6482     0.9971    96.3722 1.0000e-12  -74.11588 -111.40044  35.037764      96.60 1.5121e+03    511.782      12284  1027.9976  1027.9975     4.5718     0.2718     0.1238    33.9593    33.9592    8.40946         28 0.0000e+00
    140.000    138.505    -1.5590  27.021167    -1.5591  27.021049     6.5085     6.6576     1.0401    96.3082 1.0000e-12  -74.11588 -111.40044  35.037777      99.86 1.5121e+03    512.901      12311  1028.0029  1028.0029     4.5687     0.1998     0.1211    33.9600    33.9600    8.40936         26 0.0000e+00
    141.000    139.494    -1.5590  27.021936    -1.5590  27.022002     6.5040     6.6565     0.9695    96.5789 1.0000e-12  -74.11588 -111.40044  35.037789      99.84 1.5123e+03    514.002      12337  1028.0080  1028.0081     4.5816     0.2328     0.1174    33.9604    33.9606    8.40932         27 0.0000e+00
    142.000    140.481    -1.5596  27.022538    -1.5599  27.022245     6.5002     6.6391     0.9065    96.6403 1.0000e-12  -74.11588 -111.40044  35.037802      99.84 1.5130e+03    515.106      12364  1028.0135  1028.0135     4.5845     0.2055     0.1187    33.9613    33.9613    8.40941         26 0.0000e+00
    143.000    141.472    -1.5594  27.023486    -1.5596  27.023220     6.5007     6.6488     0.8439    96.8254 1.0000e-12  -74.11588 -111.40046  35.037815      99.84 1.5142e+03    516.219      12390  1028.0186  1028.0185     4.5933     0.1976     0.1161    33.9618    33.9616    8.40934         27 0.0000e+00
    144.000    142.460    -1.5599  27.023993    -1.5600  27.023912     6.4908     6.6415     0.6150    96.4821 1.0000e-12  -74.11588 -111.40046  35.037828      99.84 1.5126e+03    517.340      12417  1028.0240  1028.0239     4.5770     0.1776     0.1175    33.9624    33.9624    8.40942         27 0.0000e+00
    145.000    143.450    -1.5611  27.024395    -1.5612  27.024181     6.4775     6.6265     0.7452    96.9171 1.0000e-12  -74.11588 -111.40046  35.037841      99.84 1.5137e+03    518.461      12444  1028.0299  1028.0297     4.5976     0.2553     0.1209    33.9638    33.9635    8.40961         27 0.0000e+00
    146.000    144.439    -1.5594  27.029991    -1.5593  27.029795     6.4703     6.6259     0.6919    96.4229 1.0000e-12  -74.11588 -111.40046  35.037854      99.83 1.5141e+03    519.592      12471  1028.0387  1028.0384     4.5742     0.2416     0.1244    33.9689    33.9685    8.40891         27 0.0000e+00
    147.000    145.427    -1.5579  27.032269    -1.5582  27.031474     6.4653     6.6140     0.6657    96.5381 1.0000e-12  -74.11588 -111.40047  35.037867      99.83 1.5136e+03    520.732      12499  1028.0441  1028.0435     4.5796     0.2498     0.1195    33.9697    33.9690    8.40852         28 0.0000e+00
    148.000    146.416    -1.5557  27.034969    -1.5558  27.034695     6.4634     6.6146     0.5835    97.2329 1.0000e-12  -74.11588 -111.40048  35.037880      99.84 1.5119e+03    521.870      12526  1028.0493  1028.0490     4.6126     0.1818     0.1201    33.9704    33.9700    8.40800         26 0.0000e+00
    149.000    147.405    -1.5556  27.035558    -1.5555  27.035491     6.4658     6.6155     0.6092    97.0413 1.0000e-12  -74.11588 -111.40048  35.037894      99.84 1.5133e+03    523.012      12553  1028.0542  1028.0539     4.6035     0.2388     0.1181    33.9704    33.9702    8.40797         29 0.0000e+00
    150.000    148.395    -1.5555  27.036207    -1.5554  27.035976     6.4648     6.6091     0.6393    97.1353 1.0000e-12  -74.11588 -111.40048  35.037907      99.84 1.5115e+03    524.153      12581  1028.0591  1028.0587     4.6080     0.1582     0.1244    33.9705    33.9701    8.40793         27 0.0000e+00
    151.000    149.382    -1.5554  27.036771    -1.5553  27.036596     6.4583     6.6153     0.6052    97.4672 1.0000e-12  -74.11588 -111.40048  35.037920      99.83 1.5108e+03    525.275      12608  1028.0638  1028.0635     4.6237     0.2342     0.1187    33.9705    33.9702    8.40791         27 0.0000e+00
    152.000    150.372    -1.5553  27.037230    -1.5552  27.037237     6.4570     6.6141     0.5424    97.4749 1.0000e-12  -74.11588 -111.40048  35.037933      99.84 1.5117e+03    526.401      12635  1028.0686  1028.0685     4.6241     0.1603     0.1190    33.9705    33.9703    8.40790         27 0.0000e+00
    153.000    151.362    -1.5550  27.037975    -1.5549  27.037869     6.4607     6.6206     0.5429    97.6619 1.0000e-12  -74.11586 -111.40050  35.037946      99.85 1.5119e+03    527.525      12662  1028.0734  1028.0732     4.6329     0.1586     0.1189    33.9706    33.9703    8.40783         26 0.0000e+00
    154.000    152.349    -1.5553  27.037966    -1.5553  27.037888     6.4603     6.6139     0.5816    97.6165 1.0000e-12  -74.11586 -111.40050  35.037959      99.84 1.5109e+03    528.639      12688  1028.0780  1028.0779     4.6308     0.1428     0.1190    33.9703    33.9701    8.40791         27 0.0000e+00
    155.000    153.339    -1.5552  27.038652    -1.5551  27.038535     6.4603     6.6109     0.5816    97.7237 1.0000e-12  -74.11586 -111.40050  35.037972      99.85 1.5119e+03    529.748      12715  1028.0830  1028.0827     4.6359     0.1834     0.1187    33.9705    33.9702    8.40787         27 0.0000e+00
    156.000    154.328    -1.5551  27.039246    -1.5545  27.039613     6.4475     6.5980     0.5407    97.4578 1.0000e-12  -74.11586 -111.40050  35.037984      99.83 1.5125e+03    530.859      12742  1028.0878  1028.0877     4.6232     0.1913     0.1190    33.9705    33.9703    8.40785         27 0.0000e+00
