ocean_section_plots/required_files/ctd/dnbp2202_ctd276.cnv
* Sea-Bird SBE 9 Data File:
* FileName = D:\Data\raw\NBP2202_CTD276.hex
* Software Version Seasave V 7.26.7.121
* Temperature SN = 1649
* Conductivity SN = 2513
* Number of Bytes Per Scan = 40
* Number of Voltage Words = 5
* Number of Scans Averaged by the Deck Unit = 1
* NMEA Latitude = 74 01.68 S
* NMEA Longitude = 116 11.17 W
* NMEA UTC (Time) = Feb 21 2022  05:08:02
* NMEA baud rate = 9600
** Ship: RVIB N.B. Palmer
** Cruise: NBP2202 Thwaites
** Station: 178
** Operator: B. Bjork
# nquan = 28
# nvalues = 807                         
# units = specified
# name 0 = prDM: Pressure, Digiquartz [db]
# name 1 = depSM: Depth [salt water, m]
# name 2 = t090C: Temperature [ITS-90, deg C]
# name 3 = c0mS/cm: Conductivity [mS/cm]
# name 4 = t190C: Temperature, 2 [ITS-90, deg C]
# name 5 = c1mS/cm: Conductivity, 2 [mS/cm]
# name 6 = sbeox0ML/L: Oxygen, SBE 43 [ml/l]
# name 7 = sbeox1ML/L: Oxygen, SBE 43, 2 [ml/l]
# name 8 = flECO-AFL: Fluorescence, WET Labs ECO-AFL/FL [mg/m^3]
# name 9 = CStarTr0: Beam Transmission, WET Labs C-Star [%]
# name 10 = par: PAR/Irradiance, Biospherical/Licor
# name 11 = latitude: Latitude [deg]
# name 12 = longitude: Longitude [deg]
# name 13 = timeJ: Julian Days
# name 14 = altM: Altimeter [m]
# name 15 = spar: SPAR, Biospherical/Licor
# name 16 = timeS: Time, Elapsed [seconds]
# name 17 = scan: Scan Count
# name 18 = density00: Density [density, kg/m^3]
# name 19 = density11: Density, 2 [density, kg/m^3]
# name 20 = v3: Voltage 3
# name 21 = v4: Voltage 4
# name 22 = v5: Voltage 5
# name 23 = sal00: Salinity, Practical [PSU]
# name 24 = sal11: Salinity, Practical, 2 [PSU]
# name 25 = oxsolML/L: Oxygen Saturation, Garcia & Gordon [ml/l]
# name 26 = nbin: number of scans per bin
# name 27 = flag: flag
# span 0 =      2.000,    808.000       
# span 1 =      1.977,    798.088       
# span 2 =    -1.8347,     0.4725       
# span 3 =  26.928597,  29.463202       
# span 4 =    -1.8339,     0.4750       
# span 5 =  26.928900,  29.463848       
# span 6 =     4.5590,     9.0723       
# span 7 =     4.6693,     9.3965       
# span 8 =     0.0714,     9.7770       
# span 9 =    86.9491,    98.6141       
# span 10 = -2.343e-05, 3.4579e+00      
# span 11 =  -74.02802,  -74.02802      
# span 12 = -116.18628, -116.18624      
# span 13 =  52.215889,  52.227700      
# span 14 =       3.27,     100.77      
# span 15 = 1.7716e+01, 3.2496e+01      
# span 16 =    170.834,   1191.261      
# span 17 =       4101,      28591      
# span 18 =  1027.1473,  1031.5225      
# span 19 =  1027.1481,  1031.5208      
# span 20 =     4.1250,     4.6780      
# span 21 =     0.0808,     1.4834      
# span 22 =     0.1071,     0.2381      
# span 23 =    33.7563,    34.5482      
# span 24 =    33.7565,    34.5462      
# span 25 =    7.93750,    8.46604      
# span 26 =         22,         63      
# span 27 = 0.0000e+00, 0.0000e+00      
# interval = decibars: 1                
# start_time = Feb 21 2022 05:08:02 [NMEA time, header]
# bad_flag = -9.990e-29
*END*
[from data line 674]
    676.000    667.918     0.2263  29.150470     0.2287  29.150632     4.7409     4.8574     0.1201    98.3987 1.0000e-12  -74.02802 -116.18626  52.224869      99.90 2.1592e+01    946.711      22722  1030.8759  1030.8737     4.6679     0.0997     0.1132    34.4897    34.4872    7.99159         26 0.0000e+00
    677.000    668.906     0.2329  29.157642     0.2353  29.157763     4.7397     4.8504     0.1350    98.4512 1.0000e-12  -74.02802 -116.18626  52.224881      99.91 2.0940e+01    947.762      22747  1030.8812  1030.8790     4.6704     0.1063     0.1160    34.4911    34.4886    7.99013         24 0.0000e+00
    678.000    669.891     0.2356  29.160707     0.2384  29.161356     4.7346     4.8456     0.4008    98.4786 1.0000e-12  -74.02802 -116.18626  52.224894      99.91 1.9448e+01    948.802      22772  1030.8862  1030.8842     4.6717     0.1057     0.1106    34.4916    34.4894    7.98955         25 0.0000e+00
    679.000    670.878     0.2391  29.164807     0.2418  29.165287     4.7349     4.8494     0.2569    98.4469 1.0000e-12  -74.02802 -116.18626  52.224906      99.91 2.1003e+01    949.843      22797  1030.8914  1030.8893     4.6701     0.0993     0.1124    34.4925    34.4901    7.98877         26 0.0000e+00
    680.000    671.866     0.2431  29.169414     0.2456  29.169559     4.7285     4.8450     0.2467    98.4956 1.0000e-12  -74.02802 -116.18626  52.224918      99.90 2.0733e+01    950.911      22823  1030.8966  1030.8944     4.6725     0.1139     0.1170    34.4935    34.4909    7.98789         25 0.0000e+00
    681.000    672.851     0.2457  29.172418     0.2484  29.172847     4.7202     4.8431     0.2850    98.4967 1.0000e-12  -74.02802 -116.18626  52.224930      99.91 1.9660e+01    951.962      22848  1030.9016  1030.8994     4.6726     0.1239     0.1124    34.4939    34.4915    7.98732         24 0.0000e+00
    682.000    673.837     0.2499  29.177391     0.2536  29.178862     4.7116     4.8369     0.1896    98.2593 1.0000e-12  -74.02802 -116.18626  52.224942      99.90 2.0681e+01    952.979      22873  1030.9070  1030.9049     4.6613     0.1020     0.1140    34.4951    34.4929    7.98638         25 0.0000e+00
    683.000    674.824     0.2608  29.188766     0.2643  29.190159     4.7175     4.8379     0.1983    98.4774 1.0000e-12  -74.02802 -116.18626  52.224954      99.90 2.2118e+01    954.031      22898  1030.9125  1030.9105     4.6715     0.1586     0.1120    34.4974    34.4952    7.98400         26 0.0000e+00
    684.000    675.811     0.2653  29.193903     0.2681  29.194529     4.7217     4.8319     0.1846    98.4312 1.0000e-12  -74.02802 -116.18626  52.224966      81.27 1.9967e+01    955.078      22923  1030.9178  1030.9157     4.6694     0.1033     0.1110    34.4985    34.4961    7.98301         25 0.0000e+00
    685.000    676.796     0.2663  29.195297     0.2694  29.196137     4.7114     4.8280     0.1761    98.3485 1.0000e-12  -74.02802 -116.18626  52.224978      96.21 2.1141e+01    956.113      22948  1030.9225  1030.9205     4.6655     0.1049     0.1106    34.4986    34.4963    7.98278         25 0.0000e+00
    686.000    677.783     0.2674  29.196866     0.2700  29.197272     4.7119     4.8277     0.1604    98.3505 1.0000e-12  -74.02802 -116.18626  52.224990      99.86 2.1692e+01    957.178      22973  1030.9275  1030.9254     4.6656     0.1025     0.1121    34.4988    34.4964    7.98254         26 0.0000e+00
    687.000    678.770     0.2703  29.200519     0.2723  29.200150     4.7037     4.8315     0.1601    98.3230 1.0000e-12  -74.02802 -116.18626  52.225003      99.90 2.0351e+01    958.226      22998  1030.9327  1030.9305     4.6643     0.0949     0.1122    34.4998    34.4971    7.98188         24 0.0000e+00
    688.000    679.756     0.2791  29.209629     0.2815  29.209867     4.7074     4.8292     0.1949    98.2000 1.0000e-12  -74.02802 -116.18626  52.225014      99.91 2.1290e+01    959.244      23023  1030.9379  1030.9358     4.6585     0.0973     0.1100    34.5013    34.4990    7.97998         25 0.0000e+00
    689.000    680.743     0.2803  29.211264     0.2828  29.211581     4.7124     4.8211     0.3843    98.1284 1.0000e-12  -74.02802 -116.18626  52.225026      99.91 2.2490e+01    960.288      23048  1030.9427  1030.9407     4.6551     0.0920     0.1112    34.5015    34.4992    7.97972         25 0.0000e+00
    690.000    681.729     0.2818  29.213393     0.2841  29.213382     4.7089     4.8115     0.4885    98.3458 1.0000e-12  -74.02802 -116.18626  52.225039      99.91 1.9529e+01    961.335      23073  1030.9478  1030.9455     4.6653     0.1068     0.1097    34.5021    34.4995    7.97938         25 0.0000e+00
    691.000    682.715     0.2836  29.215443     0.2862  29.215985     4.7021     4.8137     0.2130    98.2416 1.0000e-12  -74.02802 -116.18626  52.225051      99.91 2.0448e+01    962.374      23098  1030.9526  1030.9505     4.6605     0.1033     0.1115    34.5022    34.5000    7.97901         25 0.0000e+00
    692.000    683.702     0.2874  29.219691     0.2890  29.219084     4.6995     4.8187     0.1831    98.3336 1.0000e-12  -74.02802 -116.18626  52.225063      99.90 2.2486e+01    963.425      23123  1030.9575  1030.9554     4.6648     0.1148     0.1112    34.5030    34.5004    7.97818         26 0.0000e+00
    693.000    684.687     0.2887  29.221352     0.2910  29.221658     4.6952     4.8158     0.1531    98.2837 1.0000e-12  -74.02802 -116.18626  52.225075      99.91 1.9859e+01    964.469      23148  1030.9623  1030.9604     4.6624     0.0948     0.1118    34.5031    34.5010    7.97790         24 0.0000e+00
    694.000    685.675     0.2909  29.224323     0.2934  29.224589     4.6906     4.8097     0.1823    97.8899 1.0000e-12  -74.02802 -116.18626  52.225087      99.90 2.0023e+01    965.482      23173  1030.9675  1030.9654     4.6438     0.1047     0.1118    34.5039    34.5016    7.97739         25 0.0000e+00
    695.000    686.660     0.3070  29.241639     0.3081  29.240313     4.6917     4.8027     0.1411    98.1880 1.0000e-12  -74.02802 -116.18626  52.225099      99.90 2.2653e+01    966.521      23198  1030.9739  1030.9716     4.6578     0.1249     0.1168    34.5081    34.5051    7.97383         25 0.0000e+00
    696.000    687.647     0.3162  29.251028     0.3177  29.250442     4.6873     4.7998     0.1840    98.3303 1.0000e-12  -74.02802 -116.18626  52.225111      99.91 2.0128e+01    967.562      23222  1030.9790  1030.9769     4.6646     0.0912     0.1129    34.5095    34.5070    7.97185         24 0.0000e+00
    697.000    688.634     0.3173  29.252685     0.3199  29.253122     4.6813     4.7948     0.4160    98.3537 1.0000e-12  -74.02802 -116.18626  52.225122      84.47 2.0168e+01    968.582      23247  1030.9839  1030.9819     4.6657     0.0878     0.1118    34.5098    34.5075    7.97160         25 0.0000e+00
    698.000    689.619     0.3184  29.254144     0.3207  29.254441     4.6860     4.8021     0.4658    98.4118 1.0000e-12  -74.02802 -116.18626  52.225135      95.80 2.2369e+01    969.643      23272  1030.9887  1030.9868     4.6685     0.0938     0.1135    34.5099    34.5078    7.97137         26 0.0000e+00
    699.000    690.606     0.3184  29.254507     0.3209  29.254922     4.6764     4.8053     0.1520    98.4032 1.0000e-12  -74.02802 -116.18626  52.225147      99.90 1.9886e+01    970.708      23298  1030.9935  1030.9915     4.6681     0.0945     0.1114    34.5098    34.5076    7.97137         25 0.0000e+00
    700.000    691.592     0.3183  29.254929     0.3208  29.255239     4.6789     4.7941     0.1352    98.4547 1.0000e-12  -74.02802 -116.18626  52.225159      99.90 1.9979e+01    971.726      23322  1030.9983  1030.9962     4.6706     0.0997     0.1100    34.5099    34.5076    7.97138         24 0.0000e+00
    701.000    692.579     0.3193  29.256462     0.3222  29.257213     4.6779     4.7948     0.1353    98.4329 1.0000e-12  -74.02802 -116.18626  52.225171      99.90 2.2510e+01    972.756      23347  1031.0032  1031.0012     4.6695     0.0966     0.1135    34.5102    34.5080    7.97116         25 0.0000e+00
    702.000    693.565     0.3243  29.262021     0.3274  29.262922     4.6801     4.7948     0.1764    98.4726 1.0000e-12  -74.02802 -116.18626  52.225183      52.28 1.9931e+01    973.802      23372  1031.0084  1031.0063     4.6714     0.0936     0.1117    34.5114    34.5091    7.97007         25 0.0000e+00
    703.000    694.551     0.3283  29.266393     0.3311  29.267029     4.6721     4.7877     0.1792    98.4487 1.0000e-12  -74.02802 -116.18626  52.225195      99.55 1.9816e+01    974.826      23397  1031.0132  1031.0113     4.6702     0.0937     0.1116    34.5120    34.5098    7.96920         25 0.0000e+00
    704.000    695.538     0.3287  29.267165     0.3314  29.267846     4.6752     4.7879     0.1297    98.3946 1.0000e-12  -74.02802 -116.18626  52.225207      99.90 2.2114e+01    975.863      23422  1031.0180  1031.0161     4.6677     0.0894     0.1100    34.5121    34.5099    7.96913         25 0.0000e+00
    705.000    696.523     0.3339  29.273081     0.3365  29.273648     4.6692     4.7886     0.1498    98.4768 1.0000e-12  -74.02802 -116.18626  52.225219      99.91 1.9590e+01    976.922      23447  1031.0233  1031.0214     4.6716     0.0947     0.1117    34.5134    34.5112    7.96797         25 0.0000e+00
    706.000    697.510     0.3383  29.278099     0.3407  29.278305     4.6654     4.7796     0.1553    98.4731 1.0000e-12  -74.02802 -116.18626  52.225231      99.90 1.9538e+01    977.945      23472  1031.0286  1031.0264     4.6715     0.1005     0.1133    34.5145    34.5121    7.96701         24 0.0000e+00
    707.000    698.496     0.3410  29.281290     0.3436  29.281719     4.6603     4.7797     0.1629    98.4857 1.0000e-12  -74.02802 -116.18626  52.225243      99.90 2.2173e+01    978.971      23496  1031.0334  1031.0315     4.6720     0.1094     0.1137    34.5150    34.5128    7.96641         25 0.0000e+00
    708.000    699.483     0.3467  29.287765     0.3494  29.288246     4.6515     4.7805     0.1959    98.4589 1.0000e-12  -74.02802 -116.18626  52.225255      99.90 1.9607e+01    979.998      23521  1031.0389  1031.0368     4.6708     0.0958     0.1130    34.5166    34.5142    7.96515         25 0.0000e+00
    709.000    700.470     0.3594  29.301790     0.3602  29.299943     4.6429     4.7675     0.2577    98.2866 1.0000e-12  -74.02802 -116.18626  52.225266      73.45 1.9393e+01    981.014      23545  1031.0453  1031.0426     4.6625     0.0924     0.1117    34.5202    34.5169    7.96234         24 0.0000e+00
    710.000    701.455     0.3772  29.320477     0.3794  29.320223     4.6392     4.7552     0.4178    98.4961 1.0000e-12  -74.02802 -116.18626  52.225278      91.52 2.2386e+01    982.053      23570  1031.0514  1031.0490     4.6725     0.0953     0.1108    34.5242    34.5214    7.95844         25 0.0000e+00
    711.000    702.442     0.3865  29.330212     0.3886  29.329923     4.6384     4.7511     0.3804    98.3020 1.0000e-12  -74.02802 -116.18626  52.225291     100.10 1.9612e+01    983.108      23596  1031.0567  1031.0543     4.6633     0.0901     0.1102    34.5259    34.5232    7.95642         25 0.0000e+00
    712.000    703.428     0.3890  29.333030     0.3918  29.333701     4.6383     4.7527     0.3319    98.3897 1.0000e-12  -74.02802 -116.18626  52.225302      99.86 1.9387e+01    984.121      23620  1031.0616  1031.0595     4.6675     0.1011     0.1115    34.5262    34.5240    7.95589         24 0.0000e+00
    713.000    704.415     0.3905  29.334967     0.3932  29.335567     4.6364     4.7548     0.1725    98.4876 1.0000e-12  -74.02802 -116.18626  52.225314      99.09 2.1118e+01    985.146      23644  1031.0664  1031.0645     4.6721     0.0971     0.1112    34.5265    34.5243    7.95556         25 0.0000e+00
    714.000    705.398     0.3910  29.335963     0.3936  29.336314     4.6385     4.7493     0.1981    98.5111 1.0000e-12  -74.02802 -116.18626  52.225326      98.36 1.9848e+01    986.199      23670  1031.0714  1031.0693     4.6732     0.1021     0.1084    34.5267    34.5243    7.95546         25 0.0000e+00
    715.000    706.388     0.3915  29.336819     0.3940  29.337164     4.6361     4.7498     0.1974    98.4675 1.0000e-12  -74.02802 -116.18626  52.225338      97.33 1.9528e+01    987.222      23694  1031.0761  1031.0741     4.6711     0.0885     0.1108    34.5266    34.5244    7.95534         25 0.0000e+00
    716.000    707.375     0.3923  29.338003     0.3947  29.338382     4.6302     4.7447     0.1249    98.5102 1.0000e-12  -74.02802 -116.18626  52.225350      96.26 2.1500e+01    988.246      23719  1031.0809  1031.0790     4.6731     0.1160     0.1118    34.5268    34.5246    7.95518         25 0.0000e+00
    717.000    708.358     0.3937  29.339991     0.3962  29.340310     4.6366     4.7445     0.1049    98.4908 1.0000e-12  -74.02802 -116.18626  52.225362      95.23 2.0310e+01    989.290      23744  1031.0859  1031.0838     4.6723     0.0954     0.1101    34.5272    34.5248    7.95486         25 0.0000e+00
    718.000    709.347     0.3939  29.340479     0.3962  29.340773     4.6377     4.7489     0.1101    98.5351 1.0000e-12  -74.02802 -116.18626  52.225374      94.26 1.9543e+01    990.308      23768  1031.0905  1031.0886     4.6743     0.1231     0.1124    34.5270    34.5249    7.95483         24 0.0000e+00
    719.000    710.331     0.3945  29.341602     0.3969  29.341868     4.6364     4.7436     0.3627    98.4983 1.0000e-12  -74.02802 -116.18626  52.225386      93.22 2.0512e+01    991.325      23793  1031.0954  1031.0933     4.6726     0.0997     0.1109    34.5273    34.5249    7.95470         25 0.0000e+00
    720.000    711.317     0.3949  29.342394     0.3976  29.343041     4.6318     4.7443     0.2295    98.4980 1.0000e-12  -74.02802 -116.18626  52.225398      92.36 2.0661e+01    992.376      23818  1031.1001  1031.0982     4.6726     0.1043     0.1112    34.5273    34.5251    7.95461         25 0.0000e+00
    721.000    712.304     0.3979  29.345994     0.4005  29.346546     4.6350     4.7462     0.1160    98.2941 1.0000e-12  -74.02802 -116.18626  52.225410      91.33 1.9824e+01    993.406      23843  1031.1051  1031.1033     4.6630     0.0914     0.1120    34.5280    34.5259    7.95395         25 0.0000e+00
    722.000    713.291     0.4005  29.349144     0.4031  29.349761     4.6338     4.7362     0.1784    98.5422 1.0000e-12  -74.02802 -116.18626  52.225422      89.93 2.1134e+01    994.422      23867  1031.1102  1031.1083     4.6746     0.0896     0.1115    34.5288    34.5266    7.95339         24 0.0000e+00
    723.000    714.277     0.4035  29.352833     0.4060  29.353227     4.6293     4.7360     0.1868    98.5515 1.0000e-12  -74.02802 -116.18626  52.225433      89.41 2.0708e+01    995.452      23892  1031.1154  1031.1133     4.6751     0.0873     0.1099    34.5296    34.5273    7.95272         24 0.0000e+00
    724.000    715.263     0.4043  29.354029     0.4068  29.354338     4.6272     4.7416     0.1374    98.5474 1.0000e-12  -74.02802 -116.18626  52.225445      88.26 1.9456e+01    996.463      23916  1031.1200  1031.1180     4.6749     0.0881     0.1078    34.5296    34.5273    7.95254         25 0.0000e+00
    725.000    716.250     0.4048  29.354932     0.4073  29.355409     4.6311     4.7379     0.1294    98.5077 1.0000e-12  -74.02802 -116.18626  52.225457      87.17 2.1142e+01    997.472      23940  1031.1248  1031.1229     4.6731     0.0866     0.1096    34.5297    34.5275    7.95244         24 0.0000e+00
