ocean_section_plots/required_files/ctd/dnbp2202_ctd161.cnv
* Sea-Bird SBE 9 Data File:
* FileName = D:\Data\raw\NBP2202_CTD161.hex
* Software Version Seasave V 7.26.7.121
* Temperature SN = 1649
* Conductivity SN = 2513
* Number of Bytes Per Scan = 40
* Number of Voltage Words = 5
* Number of Scans Averaged by the Deck Unit = 1
* NMEA Latitude = 74 14.14 S
* NMEA Longitude = 112 11.99 W
* NMEA UTC (Time) = Feb 01 2022  00:19:51
* NMEA baud rate = 9600
** Ship: RVIB N.B. Palmer
** Cruise: NBP2202 Thwaites
** Station: 83
** Operator: A. Robinson
# nquan = 28
# nvalues = 506                         
# units = specified
# name 0 = prDM: Pressure, Digiquartz [db]
# name 1 = depSM: Depth [salt water, m]
# name 2 = t090C: Temperature [ITS-90, deg C]
# name 3 = c0mS/cm: Conductivity [mS/cm]
# name 4 = t190C: Temperature, 2 [ITS-90, deg C]
# name 5 = c1mS/cm: Conductivity, 2 [mS/cm]
# name 6 = sbeox0ML/L: Oxygen, SBE 43 [ml/l]
# name 7 = sbeox1ML/L: Oxygen, SBE 43, 2 [ml/l]
# name 8 = flECO-AFL: Fluorescence, WET Labs ECO-AFL/FL [mg/m^3]
# name 9 = CStarTr0: Beam Transmission, WET Labs C-Star [%]
# name 10 = par: PAR/Irradiance, Biospherical/Licor
# name 11 = latitude: Latitude [deg]
# name 12 = longitude: Longitude [deg]
# name 13 = timeJ: Julian Days
# name 14 = altM: Altimeter [m]
# name 15 = spar: SPAR, Biospherical/Licor
# name 16 = timeS: Time, Elapsed [seconds]
# name 17 = scan: Scan Count
# name 18 = density00: Density [density, kg/m^3]
# name 19 = density11: Density, 2 [density, kg/m^3]
# name 20 = v3: Voltage 3
# name 21 = v4: Voltage 4
# name 22 = v5: Voltage 5
# name 23 = sal00: Salinity, Practical [PSU]
# name 24 = sal11: Salinity, Practical, 2 [PSU]
# name 25 = oxsolML/L: Oxygen Saturation, Garcia & Gordon [ml/l]
# name 26 = nbin: number of scans per bin
# name 27 = flag: flag
# span 0 =      2.000,    507.000       
# span 1 =      1.980,    501.117       
# span 2 =    -1.4877,    -0.1703       
# span 3 =  27.045587,  28.619484       
# span 4 =    -1.4883,    -0.1643       
# span 5 =  27.045556,  28.623246       
# span 6 =     4.9333,     8.3802       
# span 7 =     5.0287,     8.5759       
# span 8 =     0.0028,    23.8173       
# span 9 =    69.3477,    93.7782       
# span 10 = 1.0000e-12, 3.2483e+02      
# span 11 =  -74.23578,  -74.23576      
# span 12 = -112.19998, -112.19993      
# span 13 =  32.016076,  32.023970      
# span 14 =     -22.50,     100.02      
# span 15 = 5.2909e+02, 7.3292e+02      
# span 16 =    197.989,    880.044      
# span 17 =       4753,      21122      
# span 18 =  1027.1895,  1029.9829      
# span 19 =  1027.1938,  1029.9812      
# span 20 =     3.2906,     4.4488      
# span 21 =     0.0707,     3.6258      
# span 22 =     0.1143,     0.2415      
# span 23 =    33.8033,    34.3326      
# span 24 =    33.8095,    34.3303      
# span 25 =    8.08360,    8.39510      
# span 26 =          2,         46      
# span 27 = 0.0000e+00, 0.0000e+00      
# interval = decibars: 1                
# start_time = Feb 01 2022 00:19:51 [NMEA time, header]
# bad_flag = -9.990e-29
*END*
[from data line 363]
    365.000    360.902    -1.2592  27.493966    -1.2578  27.493913     6.1267     6.2540     0.0289    93.6561 1.0000e-12  -74.23578 -112.19996  32.021877      96.39 5.4636e+02    699.190      16782  1029.2055  1029.2040     4.4430     0.0761     0.1190    34.1297    34.1280    8.33193         26 0.0000e+00
    366.000    361.890    -1.2601  27.493960    -1.2619  27.491631     6.1291     6.2610     0.0310    93.6602 1.0000e-12  -74.23578 -112.19996  32.021890      99.82 5.4599e+02    700.296      16808  1029.2106  1029.2099     4.4432     0.0762     0.1183    34.1301    34.1289    8.33211         28 0.0000e+00
    367.000    362.879    -1.2714  27.485862    -1.2715  27.484998     6.1381     6.2701     0.0369    93.6573 1.0000e-12  -74.23578 -112.19996  32.021903      99.87 5.4693e+02    701.442      16836  1029.2171  1029.2163     4.4430     0.0768     0.1185    34.1312    34.1301    8.33456         27 0.0000e+00
    368.000    363.866    -1.2730  27.485262    -1.2722  27.484941     6.1418     6.2642     0.0339    93.6673 1.0000e-12  -74.23578 -112.19996  32.021916      99.87 5.4841e+02    702.546      16862  1029.2223  1029.2211     4.4435     0.0799     0.1198    34.1316    34.1302    8.33490         25 0.0000e+00
    369.000    364.855    -1.2740  27.484832    -1.2729  27.484769     6.1429     6.2617     0.0240    93.6806 1.0000e-12  -74.23578 -112.19996  32.021928      99.87 5.4987e+02    703.575      16887  1029.2270  1029.2259     4.4441     0.0836     0.1189    34.1315    34.1302    8.33512         25 0.0000e+00
    370.000    365.842    -1.2740  27.485532    -1.2726  27.485524     6.1427     6.2596     0.0385    93.6907 1.0000e-12  -74.23578 -112.19996  32.021940      99.87 5.5028e+02    704.628      16912  1029.2320  1029.2306     4.4446     0.0765     0.1166    34.1319    34.1303    8.33510         26 0.0000e+00
    371.000    366.831    -1.2724  27.487726    -1.2719  27.486714     6.1332     6.2540     0.0470    93.6901 1.0000e-12  -74.23578 -112.19996  32.021954      99.87 5.5167e+02    705.854      16942  1029.2370  1029.2354     4.4446     0.0776     0.1179    34.1324    34.1304    8.33470         32 0.0000e+00
    372.000    367.818    -1.2699  27.490988    -1.2691  27.490184     6.1238     6.2419     0.1163    93.6906 1.0000e-12  -74.23578 -112.19996  32.021969      99.87 5.5261e+02    707.119      16972  1029.2424  1029.2408     4.4446     0.0819     0.1189    34.1334    34.1315    8.33408         28 0.0000e+00
    373.000    368.805    -1.2673  27.494323    -1.2657  27.494454     6.1093     6.2326     0.1560    93.6719 1.0000e-12  -74.23578 -112.19996  32.021981      99.87 5.5398e+02    708.184      16997  1029.2478  1029.2464     4.4437     0.0760     0.1162    34.1344    34.1328    8.33345         24 0.0000e+00
    374.000    369.794    -1.2591  27.502941    -1.2580  27.502708     6.1080     6.2312     0.0311    93.7129 1.0000e-12  -74.23578 -112.19996  32.021993      99.87 5.5522e+02    709.211      17022  1029.2535  1029.2522     4.4457     0.0788     0.1180    34.1363    34.1347    8.33152         26 0.0000e+00
    375.000    370.783    -1.2577  27.504756    -1.2568  27.504472     6.1247     6.2494     0.0313    93.6884 1.0000e-12  -74.23578 -112.19996  32.022006      99.87 5.5658e+02    710.309      17048  1029.2584  1029.2573     4.4445     0.0763     0.1181    34.1366    34.1352    8.33118         27 0.0000e+00
    376.000    371.769    -1.2659  27.498378    -1.2668  27.496979     6.1301     6.2578     0.0406    93.7024 1.0000e-12  -74.23578 -112.19996  32.022019      97.84 5.5613e+02    711.475      17076  1029.2638  1029.2631     4.4452     0.0755     0.1178    34.1365    34.1356    8.33301         28 0.0000e+00
    377.000    372.756    -1.2839  27.484344    -1.2834  27.483900     6.1418     6.2637     0.0439    93.7083 1.0000e-12  -74.23578 -112.19996  32.022033      96.26 5.5918e+02    712.686      17105  1029.2703  1029.2693     4.4455     0.0783     0.1202    34.1371    34.1359    8.33699         29 0.0000e+00
    378.000    373.746    -1.2871  27.482108    -1.2861  27.481968     6.1573     6.2794     0.0356    93.6949 1.0000e-12  -74.23578 -112.19996  32.022047      99.94 5.5966e+02    713.875      17134  1029.2753  1029.2741     4.4448     0.0753     0.1167    34.1371    34.1358    8.33771         28 0.0000e+00
    379.000    374.733    -1.3004  27.470953    -1.2997  27.471143     6.1566     6.2799     0.0439    93.7080 1.0000e-12  -74.23578 -112.19996  32.022060      99.87 5.5982e+02    715.010      17161  1029.2803  1029.2798     4.4454     0.0748     0.1175    34.1364    34.1358    8.34073         27 0.0000e+00
    380.000    375.720    -1.3057  27.468849    -1.3046  27.468275     6.1489     6.2781     0.0386    93.6555 1.0000e-12  -74.23578 -112.19996  32.022073      99.87 5.6282e+02    716.071      17187  1029.2874  1029.2857     4.4430     0.0775     0.1167    34.1389    34.1369    8.34176         25 0.0000e+00
    381.000    376.709    -1.2973  27.477852    -1.2960  27.477936     6.1512     6.2793     0.0290    93.7069 1.0000e-12  -74.23578 -112.19996  32.022084      99.87 5.6542e+02    717.097      17211  1029.2931  1029.2920     4.4454     0.0778     0.1176    34.1410    34.1397    8.33975         24 0.0000e+00
    382.000    377.696    -1.3061  27.471577    -1.3043  27.472200     6.1573     6.2806     0.0322    93.6746 1.0000e-12  -74.23578 -112.19996  32.022096      99.87 5.6375e+02    718.126      17236  1029.2992  1029.2980     4.4438     0.0787     0.1190    34.1419    34.1406    8.34168         26 0.0000e+00
    383.000    378.685    -1.3125  27.466590    -1.3118  27.466417     6.1587     6.2794     0.0406    93.6459 1.0000e-12  -74.23578 -112.19996  32.022110      99.87 5.6702e+02    719.264      17263  1029.3042  1029.3033     4.4425     0.0762     0.1187    34.1417    34.1406    8.34312         29 0.0000e+00
    384.000    379.672    -1.3169  27.463661    -1.3159  27.463277     6.1585     6.2825     0.0350    93.6975 1.0000e-12  -74.23578 -112.19996  32.022125      99.87 5.6835e+02    720.558      17294  1029.3093  1029.3080     4.4449     0.0763     0.1166    34.1420    34.1404    8.34407         31 0.0000e+00
    385.000    380.660    -1.3216  27.459982    -1.3215  27.459320     6.1690     6.2876     0.0477    93.7048 1.0000e-12  -74.23578 -112.19996  32.022138      99.87 5.6791e+02    721.745      17323  1029.3142  1029.3134     4.4453     0.0758     0.1163    34.1418    34.1408    8.34515         26 0.0000e+00
    386.000    381.648    -1.3335  27.450725    -1.3325  27.450749     6.1703     6.2917     0.0361    93.7015 1.0000e-12  -74.23578 -112.19996  32.022150      99.87 5.7166e+02    722.737      17347  1029.3198  1029.3190     4.4451     0.0768     0.1159    34.1419    34.1409    8.34778         23 0.0000e+00
    387.000    382.635    -1.3368  27.448628    -1.3361  27.448293     6.1685     6.2953     0.0339    93.7136 1.0000e-12  -74.23578 -112.19996  32.022161      92.82 5.7315e+02    723.670      17369  1029.3250  1029.3239     4.4458     0.0756     0.1192    34.1422    34.1410    8.34851         22 0.0000e+00
    388.000    383.625    -1.3349  27.450912    -1.3337  27.450811     6.1727     6.2958     0.0375    93.7015 1.0000e-12  -74.23578 -112.19996  32.022172      80.05 5.7307e+02    724.686      17393  1029.3297  1029.3285     4.4451     0.0736     0.1180    34.1426    34.1411    8.34806         27 0.0000e+00
    389.000    384.611    -1.3375  27.448962    -1.3383  27.447422     6.1711     6.2901     0.0328    93.7030 1.0000e-12  -74.23578 -112.19996  32.022187      96.92 5.7436e+02    725.962      17424  1029.3343  1029.3334     4.4452     0.0756     0.1187    34.1423    34.1411    8.34867         35 0.0000e+00
    390.000    385.600    -1.3528  27.437187    -1.3514  27.437224     6.1788     6.3053     0.0223    93.7322 1.0000e-12  -74.23578 -112.19996  32.022204      99.98 5.7781e+02    727.441      17460  1029.3405  1029.3392     4.4466     0.0762     0.1167    34.1429    34.1413    8.35204         31 0.0000e+00
    391.000    386.585    -1.3590  27.432951    -1.3577  27.433335     6.1849     6.3108     0.0612    93.7050 1.0000e-12  -74.23578 -112.19996  32.022217      99.87 5.7660e+02    728.528      17486  1029.3461  1029.3453     4.4453     0.0766     0.1156    34.1436    34.1426    8.35340         24 0.0000e+00
    392.000    387.574    -1.3727  27.422256    -1.3720  27.422556     6.1717     6.3017     0.0407    93.6644 1.0000e-12  -74.23578 -112.19996  32.022228      99.88 5.7803e+02    729.457      17508  1029.3520  1029.3517     4.4433     0.0767     0.1184    34.1439    34.1435    8.35646         22 0.0000e+00
    393.000    388.563    -1.3731  27.425156    -1.3707  27.425428     6.1445     6.2754     0.0420    93.6987 1.0000e-12  -74.23578 -112.19996  32.022240      99.87 5.8148e+02    730.497      17533  1029.3597  1029.3577     4.4450     0.0796     0.1202    34.1476    34.1453    8.35631         29 0.0000e+00
    394.000    389.550    -1.3394  27.456556    -1.3363  27.457211     6.1189     6.2484     0.0519    93.7079 1.0000e-12  -74.23578 -112.19996  32.022255      99.87 5.8092e+02    731.824      17565  1029.3652  1029.3629     4.4455     0.0766     0.1184    34.1517    34.1492    8.34852         32 0.0000e+00
    395.000    390.538    -1.3280  27.467101    -1.3271  27.466809     6.1199     6.2477     0.0362    93.6974 1.0000e-12  -74.23578 -112.19996  32.022269      99.87 5.8122e+02    733.066      17595  1029.3699  1029.3687     4.4449     0.0762     0.1156    34.1527    34.1512    8.34593         26 0.0000e+00
    396.000    391.524    -1.3290  27.466810    -1.3267  27.467771     6.1189     6.2472     0.0288    93.7252 1.0000e-12  -74.23578 -112.19996  32.022281      99.87 5.8640e+02    734.053      17618  1029.3749  1029.3737     4.4463     0.0796     0.1185    34.1528    34.1514    8.34614         23 0.0000e+00
    397.000    392.513    -1.3320  27.464775    -1.3312  27.464459     6.1216     6.2480     0.0289    93.7168 1.0000e-12  -74.23578 -112.19996  32.022292      99.87 5.8583e+02    735.033      17642  1029.3799  1029.3788     4.4459     0.0868     0.1159    34.1528    34.1515    8.34682         26 0.0000e+00
    398.000    393.503    -1.3346  27.463016    -1.3332  27.463013     6.1300     6.2584     0.0429    93.7202 1.0000e-12  -74.23578 -112.19996  32.022306      99.87 5.8683e+02    736.196      17670  1029.3848  1029.3835     4.4460     0.0810     0.1172    34.1527    34.1511    8.34740         30 0.0000e+00
    399.000    394.489    -1.3397  27.458908    -1.3400  27.457863     6.1315     6.2600     0.0289    93.6938 1.0000e-12  -74.23578 -112.19996  32.022320      88.81 5.9217e+02    737.458      17700  1029.3896  1029.3888     4.4448     0.0756     0.1165    34.1523    34.1512    8.34857         28 0.0000e+00
    400.000    395.477    -1.3420  27.458047    -1.3410  27.457693     6.1397     6.2533     0.0298    93.7023 1.0000e-12  -74.23578 -112.19996  32.022333      98.56 5.9318e+02    738.546      17726  1029.3951  1029.3938     4.4452     0.0793     0.1166    34.1530    34.1515    8.34902         25 0.0000e+00
    401.000    396.464    -1.3415  27.459172    -1.3401  27.459077     6.1460     6.2617     0.0375    93.7275 1.0000e-12  -74.23578 -112.19996  32.022344      99.85 5.9613e+02    739.558      17750  1029.4002  1029.3987     4.4464     0.0780     0.1159    34.1534    34.1518    8.34889         25 0.0000e+00
    402.000    397.452    -1.3515  27.451705    -1.3513  27.451376     6.1501     6.2692     0.0298    93.7228 1.0000e-12  -74.23578 -112.19996  32.022357      99.87 5.9858e+02    740.668      17777  1029.4060  1029.4056     4.4461     0.0758     0.1175    34.1539    34.1533    8.35110         28 0.0000e+00
    403.000    398.440    -1.3670  27.440223    -1.3657  27.440168     6.1586     6.2772     0.0368    93.7154 1.0000e-12  -74.23578 -112.19996  32.022371      99.87 5.9998e+02    741.846      17805  1029.4129  1029.4116     4.4458     0.0741     0.1247    34.1552    34.1537    8.35449         27 0.0000e+00
    404.000    399.429    -1.3663  27.441331    -1.3654  27.441017     6.1547     6.2800     0.0288    93.7310 1.0000e-12  -74.23578 -112.19996  32.022383      99.87 6.0071e+02    742.907      17831  1029.4176  1029.4164     4.4465     0.0765     0.1189    34.1553    34.1539    8.35433         24 0.0000e+00
    405.000    400.414    -1.3670  27.441347    -1.3669  27.440533     6.1526     6.2751     0.0295    93.7100 1.0000e-12  -74.23578 -112.19996  32.022395      99.87 6.0314e+02    743.921      17855  1029.4225  1029.4216     4.4455     0.0791     0.1164    34.1555    34.1544    8.35448         26 0.0000e+00
    406.000    401.403    -1.3686  27.440523    -1.3684  27.439800     6.1567     6.2822     0.0395    93.7221 1.0000e-12  -74.23578 -112.19996  32.022408      99.87 6.0499e+02    745.056      17882  1029.4274  1029.4265     4.4462     0.0755     0.1171    34.1556    34.1545    8.35483         29 0.0000e+00
    407.000    402.390    -1.3731  27.437676    -1.3728  27.437051     6.1558     6.2872     0.0519    93.7028 1.0000e-12  -74.23578 -112.19996  32.022422      99.87 6.0589e+02    746.294      17912  1029.4329  1029.4320     4.4452     0.0770     0.1162    34.1562    34.1551    8.35580         29 0.0000e+00
    408.000    403.378    -1.3820  27.431446    -1.3820  27.430766     6.1574     6.2909     0.0403    93.7065 1.0000e-12  -74.23578 -112.19996  32.022435      99.87 6.0971e+02    747.426      17939  1029.4390  1029.4382     4.4454     0.0767     0.1183    34.1572    34.1562    8.35774         25 0.0000e+00
    409.000    404.367    -1.3821  27.432607    -1.3807  27.432643     6.1631     6.2909     0.0270    93.7014 1.0000e-12  -74.23578 -112.19996  32.022447      99.87 6.1172e+02    748.416      17963  1029.4445  1029.4433     4.4451     0.0801     0.1175    34.1582    34.1568    8.35769         23 0.0000e+00
    410.000    405.354    -1.3806  27.434477    -1.3805  27.433503     6.1634     6.2857     0.1089    93.7094 1.0000e-12  -74.23578 -112.19996  32.022458      99.87 6.1006e+02    749.399      17987  1029.4493  1029.4482     4.4455     0.0784     0.1165    34.1585    34.1571    8.35735         25 0.0000e+00
    411.000    406.342    -1.3821  27.433849    -1.3812  27.433477     6.1579     6.2794     0.0382    93.7153 1.0000e-12  -74.23578 -112.19996  32.022471      79.93 6.1354e+02    750.499      18013  1029.4543  1029.4531     4.4458     0.0746     0.1143    34.1587    34.1573    8.35766         28 0.0000e+00
    412.000    407.329    -1.3750  27.440985    -1.3731  27.441210     6.1531     6.2713     0.0308    93.7208 1.0000e-12  -74.23578 -112.19996  32.022485      96.82 6.1772e+02    751.743      18043  1029.4594  1029.4578     4.4461     0.0741     0.1211    34.1599    34.1580    8.35602         28 0.0000e+00
    413.000    408.316    -1.3787  27.438898    -1.3763  27.439876     6.1479     6.2684     0.0385    93.7454 1.0000e-12  -74.23578 -112.19996  32.022498      99.85 6.1750e+02    752.867      18070  1029.4650  1029.4638     4.4472     0.0761     0.1165    34.1606    34.1593    8.35680         25 0.0000e+00
    414.000    409.305    -1.3756  27.442952    -1.3741  27.442988     6.1393     6.2618     0.0432    93.7440 1.0000e-12  -74.23577 -112.19996  32.022510      99.87 6.1936e+02    753.864      18094  1029.4707  1029.4692     4.4472     0.0802     0.1168    34.1620    34.1604    8.35602         23 0.0000e+00
    415.000    410.292    -1.3675  27.450801    -1.3673  27.449656     6.1406     6.2642     0.0292    93.7061 1.0000e-12  -74.23577 -112.19996  32.022522      99.87 6.2190e+02    754.857      18118  1029.4755  1029.4741     4.4454     0.0765     0.1158    34.1629    34.1611    8.35415         25 0.0000e+00
