ocean_section_plots/required_files/ctd/dnbp2202_ctd225.cnv
* Sea-Bird SBE 9 Data File:
* FileName = D:\Data\raw\NBP2202_CTD225.hex
* Software Version Seasave V 7.26.7.121
* Temperature SN = 1649
* Conductivity SN = 2513
* Number of Bytes Per Scan = 40
* Number of Voltage Words = 5
* Number of Scans Averaged by the Deck Unit = 1
* NMEA Latitude = 73 57.30 S
* NMEA Longitude = 111 26.03 W
* NMEA UTC (Time) = Feb 12 2022  10:44:23
* NMEA baud rate = 9600
** Ship: RVIB N.B. Palmer
** Cruise: NBP2202 Thwaites
** Station: 135
** Operator: B. Bjork
# nquan = 28
# nvalues = 720                         
# units = specified
# name 0 = prDM: Pressure, Digiquartz [db]
# name 1 = depSM: Depth [salt water, m]
# name 2 = t090C: Temperature [ITS-90, deg C]
# name 3 = c0mS/cm: Conductivity [mS/cm]
# name 4 = t190C: Temperature, 2 [ITS-90, deg C]
# name 5 = c1mS/cm: Conductivity, 2 [mS/cm]
# name 6 = sbeox0ML/L: Oxygen, SBE 43 [ml/l]
# name 7 = sbeox1ML/L: Oxygen, SBE 43, 2 [ml/l]
# name 8 = flECO-AFL: Fluorescence, WET Labs ECO-AFL/FL [mg/m^3]
# name 9 = CStarTr0: Beam Transmission, WET Labs C-Star [%]
# name 10 = par: PAR/Irradiance, Biospherical/Licor
# name 11 = latitude: Latitude [deg]
# name 12 = longitude: Longitude [deg]
# name 13 = timeJ: Julian Days
# name 14 = altM: Altimeter [m]
# name 15 = spar: SPAR, Biospherical/Licor
# name 16 = timeS: Time, Elapsed [seconds]
# name 17 = scan: Scan Count
# name 18 = density00: Density [density, kg/m^3]
# name 19 = density11: Density, 2 [density, kg/m^3]
# name 20 = v3: Voltage 3
# name 21 = v4: Voltage 4
# name 22 = v5: Voltage 5
# name 23 = sal00: Salinity, Practical [PSU]
# name 24 = sal11: Salinity, Practical, 2 [PSU]
# name 25 = oxsolML/L: Oxygen Saturation, Garcia & Gordon [ml/l]
# name 26 = nbin: number of scans per bin
# name 27 = flag: flag
# span 0 =      2.000,    721.000       
# span 1 =      1.980,    712.306       
# span 2 =    -1.5783,     0.3862       
# span 3 =  26.993588,  29.329264       
# span 4 =    -1.5774,     0.3885       
# span 5 =  26.993773,  29.329495       
# span 6 =     4.6051,     8.2572       
# span 7 =     4.7260,     8.5132       
# span 8 =    -0.0151,    21.8659       
# span 9 =    76.9753,    97.6855       
# span 10 = -4.419e-05, 3.0077e+01      
# span 11 =  -73.95500,  -73.95500      
# span 12 = -111.43390, -111.43388      
# span 13 =  43.450341,  43.460184      
# span 14 =       3.57,     100.09      
# span 15 = 3.1274e+02, 3.9960e+02      
# span 16 =    246.439,   1096.919      
# span 17 =       5916,      26327      
# span 18 =  1027.2322,  1031.0996      
# span 19 =  1027.2317,  1031.0977      
# span 20 =     3.6518,     4.6340      
# span 21 =     0.0651,     2.8205      
# span 22 =     0.1084,     0.2175      
# span 23 =    33.8404,    34.5194      
# span 24 =    33.8393,    34.5173      
# span 25 =    7.95685,    8.41224      
# span 26 =         21,         48      
# span 27 = 0.0000e+00, 0.0000e+00      
# interval = decibars: 1                
# start_time = Feb 12 2022 10:44:23 [NMEA time, header]
# bad_flag = -9.990e-29
*END*
[from data line 570]
    572.000    565.307     0.3264  29.200292     0.3286  29.200368     4.6536     4.7806     0.0005    97.0534 1.0000e-12  -73.95500 -111.43389  43.457879      99.93 3.9021e+02    897.709      21546  1030.3924  1030.3904     4.6041     0.0723     0.1290    34.5036    34.5012    7.97008         23 0.0000e+00
    573.000    566.291     0.3262  29.200469     0.3285  29.200707     4.6485     4.7764     0.0075    97.0558 1.0000e-12  -73.95500 -111.43389  43.457890      99.93 3.9062e+02    898.684      21569  1030.3970  1030.3951     4.6042     0.0719     0.1303    34.5035    34.5012    7.97012         24 0.0000e+00
    574.000    567.281     0.3265  29.201362     0.3288  29.201533     4.6437     4.7682     0.0138    97.0424 1.0000e-12  -73.95500 -111.43389  43.457902      99.93 3.9243e+02    899.718      21594  1030.4019  1030.3999     4.6036     0.0733     0.1277    34.5037    34.5014    7.97004         25 0.0000e+00
    575.000    568.265     0.3282  29.203528     0.3304  29.203584     4.6483     4.7744     0.0066    97.0333 1.0000e-12  -73.95500 -111.43389  43.457914      99.93 3.9073e+02    900.749      21619  1030.4067  1030.4047     4.6031     0.0712     0.1269    34.5040    34.5017    7.96967         25 0.0000e+00
    576.000    569.253     0.3285  29.204360     0.3307  29.204583     4.6469     4.7747    -0.0009    97.0163 1.0000e-12  -73.95500 -111.43389  43.457925      99.93 3.9135e+02    901.758      21643  1030.4115  1030.4096     4.6024     0.0715     0.1289    34.5042    34.5020    7.96959         24 0.0000e+00
    577.000    570.239     0.3288  29.205027     0.3310  29.205215     4.6440     4.7726    -0.0010    97.0346 1.0000e-12  -73.95500 -111.43389  43.457937      99.93 3.9222e+02    902.766      21667  1030.4162  1030.4143     4.6032     0.0717     0.1327    34.5042    34.5019    7.96954         23 0.0000e+00
    578.000    571.226     0.3289  29.205588     0.3311  29.205699     4.6464     4.7698    -0.0011    97.0191 1.0000e-12  -73.95500 -111.43389  43.457948      99.92 3.9080e+02    903.689      21690  1030.4210  1030.4190     4.6025     0.0705     0.1292    34.5043    34.5020    7.96952         22 0.0000e+00
    579.000    572.214     0.3290  29.206170     0.3312  29.206243     4.6454     4.7696     0.0144    97.0164 1.0000e-12  -73.95500 -111.43389  43.457959      99.92 3.9168e+02    904.633      21712  1030.4257  1030.4237     4.6024     0.0719     0.1275    34.5043    34.5019    7.96949         23 0.0000e+00
    580.000    573.201     0.3292  29.206791     0.3313  29.206861     4.6478     4.7772     0.0143    97.0225 1.0000e-12  -73.95500 -111.43389  43.457971      99.93 3.9347e+02    905.650      21737  1030.4304  1030.4284     4.6027     0.0706     0.1277    34.5043    34.5020    7.96945         26 0.0000e+00
    581.000    574.189     0.3296  29.207677     0.3318  29.207827     4.6467     4.7757     0.0143    97.0342 1.0000e-12  -73.95500 -111.43389  43.457982      99.92 3.8978e+02    906.678      21761  1030.4352  1030.4332     4.6032     0.0719     0.1256    34.5045    34.5021    7.96936         24 0.0000e+00
    582.000    575.174     0.3304  29.208879     0.3326  29.208972     4.6475     4.7758     0.0143    97.0365 1.0000e-12  -73.95500 -111.43389  43.457994      81.18 3.8989e+02    907.687      21785  1030.4399  1030.4379     4.6033     0.0710     0.1262    34.5046    34.5022    7.96919         24 0.0000e+00
    583.000    576.161     0.3301  29.209110     0.3323  29.209148     4.6455     4.7757     0.0122    97.0220 1.0000e-12  -73.95500 -111.43389  43.458006      95.51 3.9241e+02    908.707      21810  1030.4447  1030.4426     4.6026     0.0706     0.1276    34.5046    34.5022    7.96924         25 0.0000e+00
    584.000    577.148     0.3305  29.209958     0.3326  29.209982     4.6457     4.7771     0.0093    97.0193 1.0000e-12  -73.95500 -111.43389  43.458018      99.94 3.9106e+02    909.733      21835  1030.4494  1030.4474     4.6025     0.0721     0.1304    34.5046    34.5023    7.96915         24 0.0000e+00
    585.000    578.134     0.3308  29.210569     0.3329  29.210728     4.6470     4.7747     0.0217    97.0236 1.0000e-12  -73.95500 -111.43389  43.458029      99.93 3.9047e+02    910.740      21859  1030.4541  1030.4521     4.6027     0.0725     0.1267    34.5046    34.5024    7.96911         24 0.0000e+00
    586.000    579.123     0.3310  29.211258     0.3331  29.211467     4.6479     4.7678     0.0213    97.0161 1.0000e-12  -73.95500 -111.43389  43.458041      99.93 3.9410e+02    911.735      21883  1030.4588  1030.4569     4.6024     0.0713     0.1256    34.5047    34.5025    7.96906         24 0.0000e+00
    587.000    580.108     0.3311  29.211824     0.3332  29.211954     4.6515     4.7679     0.0072    97.0202 1.0000e-12  -73.95500 -111.43389  43.458052      99.92 3.9189e+02    912.665      21905  1030.4635  1030.4616     4.6025     0.0723     0.1259    34.5047    34.5025    7.96904         22 0.0000e+00
    588.000    581.096     0.3312  29.212377     0.3334  29.212466     4.6510     4.7717     0.0125    97.0307 1.0000e-12  -73.95500 -111.43389  43.458062      99.93 3.9004e+02    913.598      21927  1030.4682  1030.4662     4.6030     0.0734     0.1334    34.5047    34.5024    7.96902         23 0.0000e+00
    589.000    582.082     0.3313  29.212985     0.3334  29.213056     4.6476     4.7730     0.0091    97.0102 1.0000e-12  -73.95500 -111.43389  43.458074      99.93 3.9372e+02    914.597      21951  1030.4730  1030.4710     4.6021     0.0732     0.1286    34.5048    34.5025    7.96898         25 0.0000e+00
    590.000    583.070     0.3317  29.213699     0.3337  29.213843     4.6480     4.7720     0.0016    97.0024 1.0000e-12  -73.95500 -111.43389  43.458086      99.92 3.9228e+02    915.618      21976  1030.4776  1030.4758     4.6017     0.0729     0.1291    34.5048    34.5027    7.96891         24 0.0000e+00
    591.000    584.055     0.3319  29.214390     0.3339  29.214437     4.6476     4.7739     0.0110    97.0137 1.0000e-12  -73.95500 -111.43389  43.458098      99.93 3.9058e+02    916.628      22000  1030.4824  1030.4804     4.6022     0.0713     0.1244    34.5049    34.5026    7.96887         24 0.0000e+00
    592.000    585.043     0.3316  29.214593     0.3337  29.214641     4.6488     4.7759     0.0152    97.0022 1.0000e-12  -73.95500 -111.43389  43.458109      99.93 3.9443e+02    917.641      22024  1030.4871  1030.4851     4.6017     0.0710     0.1271    34.5048    34.5026    7.96892         24 0.0000e+00
    593.000    586.031     0.3318  29.215225     0.3339  29.215332     4.6446     4.7719     0.0099    97.0137 1.0000e-12  -73.95500 -111.43390  43.458121      99.93 3.9468e+02    918.668      22049  1030.4918  1030.4899     4.6022     0.0715     0.1268    34.5048    34.5027    7.96887         25 0.0000e+00
    594.000    587.017     0.3324  29.216292     0.3346  29.216486     4.6444     4.7681     0.0121    96.7644 1.0000e-12  -73.95500 -111.43390  43.458133      99.92 3.9173e+02    919.686      22073  1030.4966  1030.4946     4.5904     0.0717     0.1290    34.5051    34.5028    7.96875         24 0.0000e+00
    595.000    588.004     0.3327  29.217003     0.3348  29.217263     4.6454     4.7693     0.0101    96.9083 1.0000e-12  -73.95500 -111.43390  43.458145      95.42 3.9589e+02    920.713      22098  1030.5013  1030.4995     4.5972     0.0717     0.1279    34.5050    34.5030    7.96868         25 0.0000e+00
    596.000    588.990     0.3331  29.217718     0.3351  29.217902     4.6422     4.7718     0.0184    96.9830 1.0000e-12  -73.95500 -111.43390  43.458157      90.56 3.9547e+02    921.747      22123  1030.5059  1030.5041     4.6007     0.0719     0.1291    34.5050    34.5029    7.96861         24 0.0000e+00
    597.000    589.977     0.3330  29.218178     0.3352  29.218517     4.6435     4.7738     0.0001    97.0191 1.0000e-12  -73.95500 -111.43390  43.458168      99.99 3.9367e+02    922.757      22147  1030.5107  1030.5089     4.6024     0.0722     0.1281    34.5051    34.5031    7.96862         25 0.0000e+00
    598.000    590.966     0.3330  29.218598     0.3349  29.218721     4.6437     4.7721     0.0065    97.0150 1.0000e-12  -73.95500 -111.43390  43.458180      99.93 3.9539e+02    923.763      22171  1030.5154  1030.5136     4.6023     0.0713     0.1295    34.5051    34.5031    7.96863         24 0.0000e+00
    599.000    591.950     0.3331  29.219247     0.3352  29.219391     4.6403     4.7659     0.0143    96.9797 1.0000e-12  -73.95500 -111.43390  43.458192      99.93 3.9693e+02    924.792      22196  1030.5201  1030.5183     4.6006     0.0707     0.1341    34.5052    34.5031    7.96859         25 0.0000e+00
    600.000    592.937     0.3335  29.220126     0.3357  29.220272     4.6432     4.7719     0.0073    97.0284 1.0000e-12  -73.95500 -111.43390  43.458204      99.92 3.9448e+02    925.800      22220  1030.5249  1030.5230     4.6029     0.0721     0.1288    34.5053    34.5031    7.96850         24 0.0000e+00
    601.000    593.924     0.3339  29.220965     0.3360  29.221211     4.6396     4.7685     0.0130    97.0290 1.0000e-12  -73.95500 -111.43390  43.458215      99.92 3.9546e+02    926.801      22244  1030.5296  1030.5278     4.6030     0.0703     0.1260    34.5054    34.5034    7.96841         24 0.0000e+00
    602.000    594.911     0.3345  29.222043     0.3366  29.222171     4.6386     4.7671     0.0088    97.0182 1.0000e-12  -73.95500 -111.43390  43.458227      99.92 3.9636e+02    927.811      22268  1030.5344  1030.5326     4.6025     0.0705     0.1286    34.5056    34.5034    7.96828         24 0.0000e+00
    603.000    595.899     0.3353  29.223476     0.3374  29.223419     4.6423     4.7698     0.0115    97.0150 1.0000e-12  -73.95500 -111.43390  43.458239      99.92 3.9289e+02    928.815      22293  1030.5393  1030.5373     4.6023     0.0724     0.1272    34.5060    34.5036    7.96810         24 0.0000e+00
    604.000    596.885     0.3360  29.224500     0.3380  29.224595     4.6423     4.7707     0.0060    96.9936 1.0000e-12  -73.95500 -111.43390  43.458250      99.92 3.9356e+02    929.810      22316  1030.5440  1030.5421     4.6012     0.0724     0.1290    34.5060    34.5038    7.96796         24 0.0000e+00
    605.000    597.873     0.3360  29.225041     0.3382  29.225132     4.6379     4.7697     0.0069    97.0002 1.0000e-12  -73.95500 -111.43390  43.458262      99.92 3.9605e+02    930.818      22341  1030.5488  1030.5468     4.6016     0.0715     0.1318    34.5060    34.5038    7.96794         25 0.0000e+00
    606.000    598.858     0.3369  29.226382     0.3390  29.226626     4.6385     4.7712     0.0143    96.9963 1.0000e-12  -73.95500 -111.43390  43.458274      99.93 3.9328e+02    931.833      22365  1030.5536  1030.5517     4.6014     0.0712     0.1363    34.5062    34.5042    7.96775         23 0.0000e+00
    607.000    599.844     0.3383  29.228321     0.3405  29.228591     4.6380     4.7624     0.0166    96.9561 1.0000e-12  -73.95500 -111.43390  43.458285      99.92 3.9263e+02    932.833      22389  1030.5584  1030.5566     4.5995     0.0720     0.1294    34.5067    34.5045    7.96745         25 0.0000e+00
    608.000    600.832     0.3390  29.229615     0.3412  29.229708     4.6374     4.7611     0.0182    96.9972 1.0000e-12  -73.95500 -111.43390  43.458297      76.09 3.9362e+02    933.838      22413  1030.5633  1030.5613     4.6014     0.0694     0.1284    34.5069    34.5047    7.96727         24 0.0000e+00
    609.000    601.819     0.3401  29.231280     0.3420  29.231159     4.6429     4.7641     0.0069    97.0032 1.0000e-12  -73.95500 -111.43390  43.458308      83.49 3.9173e+02    934.852      22437  1030.5682  1030.5662     4.6017     0.0697     0.1256    34.5073    34.5050    7.96703         24 0.0000e+00
    610.000    602.806     0.3415  29.233037     0.3435  29.233139     4.6363     4.7608     0.0069    96.9699 1.0000e-12  -73.95500 -111.43390  43.458320      99.96 3.9239e+02    935.856      22462  1030.5729  1030.5711     4.6001     0.0715     0.1318    34.5075    34.5054    7.96673         24 0.0000e+00
    611.000    603.791     0.3418  29.233885     0.3440  29.234130     4.6385     4.7576     0.0144    97.0080 1.0000e-12  -73.95500 -111.43390  43.458332      99.93 3.9544e+02    936.868      22486  1030.5777  1030.5758     4.6020     0.0704     0.1332    34.5076    34.5055    7.96665         24 0.0000e+00
    612.000    604.780     0.3433  29.235997     0.3455  29.236115     4.6396     4.7575     0.0072    97.0096 1.0000e-12  -73.95500 -111.43390  43.458343      99.92 3.9214e+02    937.874      22510  1030.5827  1030.5808     4.6020     0.0724     0.1312    34.5082    34.5059    7.96632         25 0.0000e+00
    613.000    605.766     0.3445  29.237579     0.3466  29.237797     4.6339     4.7578     0.0133    96.9707 1.0000e-12  -73.95500 -111.43390  43.458355      99.92 3.9213e+02    938.870      22534  1030.5874  1030.5856     4.6002     0.0729     0.1275    34.5083    34.5063    7.96606         23 0.0000e+00
    614.000    606.752     0.3450  29.238628     0.3472  29.238841     4.6328     4.7568     0.0078    96.9726 1.0000e-12  -73.95500 -111.43390  43.458367      99.93 3.9644e+02    939.875      22558  1030.5923  1030.5904     4.6003     0.0735     0.1300    34.5086    34.5064    7.96595         25 0.0000e+00
    615.000    607.740     0.3455  29.239622     0.3475  29.239710     4.6339     4.7535     0.0121    96.9934 1.0000e-12  -73.95500 -111.43390  43.458378      99.92 3.9424e+02    940.890      22582  1030.5971  1030.5952     4.6012     0.0721     0.1256    34.5088    34.5066    7.96584         24 0.0000e+00
    616.000    608.726     0.3464  29.241134     0.3482  29.240920     4.6309     4.7544     0.0098    96.9680 1.0000e-12  -73.95500 -111.43390  43.458390      99.92 3.9249e+02    941.886      22606  1030.6020  1030.6001     4.6000     0.0719     0.1289    34.5091    34.5068    7.96563         23 0.0000e+00
    617.000    609.712     0.3489  29.244287     0.3510  29.244331     4.6322     4.7608     0.0105    97.0083 1.0000e-12  -73.95500 -111.43390  43.458402      99.92 3.9566e+02    942.895      22630  1030.6071  1030.6051     4.6019     0.0724     0.1351    34.5099    34.5076    7.96507         25 0.0000e+00
    618.000    610.701     0.3494  29.245121     0.3511  29.244900     4.6317     4.7595     0.0175    96.9952 1.0000e-12  -73.95500 -111.43390  43.458413      99.92 3.9545e+02    943.919      22655  1030.6117  1030.6098     4.6013     0.0725     0.1277    34.5098    34.5076    7.96497         25 0.0000e+00
    619.000    611.686     0.3489  29.245083     0.3511  29.245331     4.6350     4.7590     0.0137    96.9968 1.0000e-12  -73.95500 -111.43390  43.458425      99.93 3.9344e+02    944.927      22679  1030.6164  1030.6146     4.6014     0.0732     0.1282    34.5097    34.5076    7.96507         24 0.0000e+00
    620.000    612.673     0.3488  29.245430     0.3511  29.245731     4.6345     4.7566     0.0033    96.9765 1.0000e-12  -73.95500 -111.43390  43.458437      99.92 3.9649e+02    945.933      22703  1030.6211  1030.6192     4.6004     0.0718     0.1287    34.5097    34.5076    7.96509         24 0.0000e+00
    621.000    613.660     0.3488  29.245836     0.3509  29.245937     4.6308     4.7522     0.0144    96.9785 1.0000e-12  -73.95500 -111.43390  43.458449      82.66 3.9569e+02    946.948      22728  1030.6258  1030.6239     4.6005     0.0701     0.1272    34.5097    34.5075    7.96510         24 0.0000e+00
    622.000    614.645     0.3494  29.246792     0.3515  29.247028     4.6263     4.7571     0.0143    96.9927 1.0000e-12  -73.95500 -111.43390  43.458460      86.85 3.9420e+02    947.954      22752  1030.6305  1030.6287     4.6012     0.0678     0.1295    34.5097    34.5077    7.96498         24 0.0000e+00
