ocean_section_plots/required_files/ctd/dnbp2202_ctd205.cnv
* Sea-Bird SBE 9 Data File:
* FileName = D:\Data\raw\NBP2202_CTD205.hex
* Software Version Seasave V 7.26.7.121
* Temperature SN = 1649
* Conductivity SN = 2513
* Number of Bytes Per Scan = 40
* Number of Voltage Words = 5
* Number of Scans Averaged by the Deck Unit = 1
* NMEA Latitude = 73 57.56 S
* NMEA Longitude = 113 52.18 W
* NMEA UTC (Time) = Feb 09 2022  14:32:03
* NMEA baud rate = 9600
** Ship: RVIB N.B. Palmer
** Cruise: NBP2202 Thwaites
** Station: 124
** Operator: B. Bjork
# nquan = 28
# nvalues = 462                         
# units = specified
# name 0 = prDM: Pressure, Digiquartz [db]
# name 1 = depSM: Depth [salt water, m]
# name 2 = t090C: Temperature [ITS-90, deg C]
# name 3 = c0mS/cm: Conductivity [mS/cm]
# name 4 = t190C: Temperature, 2 [ITS-90, deg C]
# name 5 = c1mS/cm: Conductivity, 2 [mS/cm]
# name 6 = sbeox0ML/L: Oxygen, SBE 43 [ml/l]
# name 7 = sbeox1ML/L: Oxygen, SBE 43, 2 [ml/l]
# name 8 = flECO-AFL: Fluorescence, WET Labs ECO-AFL/FL [mg/m^3]
# name 9 = CStarTr0: Beam Transmission, WET Labs C-Star [%]
# name 10 = par: PAR/Irradiance, Biospherical/Licor
# name 11 = latitude: Latitude [deg]
# name 12 = longitude: Longitude [deg]
# name 13 = timeJ: Julian Days
# name 14 = altM: Altimeter [m]
# name 15 = spar: SPAR, Biospherical/Licor
# name 16 = timeS: Time, Elapsed [seconds]
# name 17 = scan: Scan Count
# name 18 = density00: Density [density, kg/m^3]
# name 19 = density11: Density, 2 [density, kg/m^3]
# name 20 = v3: Voltage 3
# name 21 = v4: Voltage 4
# name 22 = v5: Voltage 5
# name 23 = sal00: Salinity, Practical [PSU]
# name 24 = sal11: Salinity, Practical, 2 [PSU]
# name 25 = oxsolML/L: Oxygen Saturation, Garcia & Gordon [ml/l]
# name 26 = nbin: number of scans per bin
# name 27 = flag: flag
# span 0 =      2.000,    463.000       
# span 1 =      1.982,    457.708       
# span 2 =    -1.2020,    -0.3776       
# span 3 =  27.294084,  28.355588       
# span 4 =    -1.2009,    -0.3792       
# span 5 =  27.294122,  28.351613       
# span 6 =     4.9212,     8.7714       
# span 7 =     5.0701,     9.0244       
# span 8 =    -0.0032,    19.7527       
# span 9 =    76.5033,    97.8604       
# span 10 = -7.885e-05, 1.2436e+02      
# span 11 =  -73.95940,  -73.95938      
# span 12 = -113.86975, -113.86970      
# span 13 =  40.607083,  40.613739      
# span 14 =       1.53,     100.01      
# span 15 = 3.0322e+02, 3.4740e+02      
# span 16 =    128.947,    704.051      
# span 17 =       3096,      16898      
# span 18 =  1027.1823,  1029.7132      
# span 19 =  1027.1816,  1029.7103      
# span 20 =     3.6298,     4.6423      
# span 21 =     0.0659,     2.9986      
# span 22 =     0.1240,     0.2381      
# span 23 =    33.7954,    34.2394      
# span 24 =    33.7945,    34.2359      
# span 25 =    8.13302,    8.33108      
# span 26 =          9,         46      
# span 27 = 0.0000e+00, 0.0000e+00      
# interval = decibars: 1                
# start_time = Feb 09 2022 14:32:03 [NMEA time, header]
# bad_flag = -9.990e-29
*END*
      2.000      1.982    -0.8771  27.401390    -0.8764  27.401238     8.7714     8.4664    18.8475    78.0754 1.2436e+02  -73.95940 -113.86973  40.607083      53.37 3.0322e+02    128.947       3096  1027.1823  1027.1816     3.7027     2.3300     0.1960    33.7958    33.7949    8.26697         15 0.0000e+00
      3.000      2.967    -0.8808  27.398833    -0.8800  27.398980     8.7017     8.4742    14.6813    78.2350 9.1849e+01  -73.95940 -113.86973  40.607121      97.97 3.0322e+02    132.210       3174  1027.1875  1027.1868     3.7120     2.4488     0.2159    33.7959    33.7952    8.26779         43 0.0000e+00
      4.000      3.960    -0.8853  27.395926    -0.8835  27.396499     8.7212     8.5252    13.4717    80.1297 6.6335e+01  -73.95940 -113.86972  40.607153      99.65 3.0396e+02    135.056       3242  1027.1929  1027.1918     3.8025     2.2659     0.1998    33.7963    33.7951    8.26874         42 0.0000e+00
      5.000      4.948    -0.8826  27.398046    -0.8807  27.398795     8.7616     8.6244    14.1527    78.9045 4.8593e+01  -73.95940 -113.86972  40.607182      99.59 3.0469e+02    137.516       3301  1027.1968  1027.1959     3.7435     2.2779     0.2098    33.7956    33.7945    8.26819         43 0.0000e+00
      6.000      5.938    -0.8799  27.400632    -0.8796  27.400268     8.7540     8.6910    13.6045    79.3057 3.5849e+01  -73.95940 -113.86972  40.607203      99.67 3.0436e+02    139.376       3346  1027.2014  1027.2007     3.7624     2.3318     0.2224    33.7955    33.7946    8.26761         39 0.0000e+00
      7.000      6.928    -0.8810  27.400191    -0.8842  27.396979     8.6871     8.7155    14.3667    80.0039 2.6382e+01  -73.95940 -113.86972  40.607225      99.42 3.0497e+02    141.239       3391  1027.2062  1027.2059     3.7955     1.9846     0.2146    33.7954    33.7947    8.26785         38 0.0000e+00
      8.000      7.916    -0.8909  27.393208    -0.8931  27.391035     8.6921     8.7916    14.8623    78.8531 1.9680e+01  -73.95940 -113.86972  40.607247      99.63 3.0498e+02    143.117       3436  1027.2126  1027.2123     3.7411     2.3292     0.1883    33.7965    33.7961    8.26998         41 0.0000e+00
      9.000      8.906    -0.8847  27.398287    -0.8860  27.396623     8.6744     8.8555    13.9582    78.0425 1.4762e+01  -73.95940 -113.86972  40.607268      96.90 3.0498e+02    144.982       3481  1027.2164  1027.2157     3.7030     2.8997     0.2210    33.7958    33.7949    8.26865         39 0.0000e+00
     10.000      9.897    -0.8897  27.395119    -0.8895  27.394424     8.6818     8.9380    14.5613    77.5912 1.1115e+01  -73.95940 -113.86972  40.607290      99.58 3.0498e+02    146.863       3526  1027.2220  1027.2210     3.6812     2.2685     0.2245    33.7965    33.7953    8.26971         42 0.0000e+00
     11.000     10.886    -0.8878  27.396810    -0.8866  27.396962     8.7098     8.9992    14.3471    80.1029 8.4258e+00  -73.95940 -113.86972  40.607312      99.72 3.0498e+02    148.750       3571  1027.2263  1027.2253     3.8004     2.4757     0.2297    33.7960    33.7949    8.26931         44 0.0000e+00
     12.000     11.877    -0.8850  27.399547    -0.8848  27.398848     8.7181     9.0244    17.8580    77.7684 6.4507e+00  -73.95940 -113.86972  40.607334      99.51 3.0542e+02    150.629       3616  1027.2308  1027.2298     3.6896     2.1570     0.2218    33.7959    33.7948    8.26870         41 0.0000e+00
     13.000     12.864    -0.8849  27.400139    -0.8832  27.400539     8.7196     9.0129    16.8308    80.3475 4.9604e+00  -73.95940 -113.86972  40.607355      99.68 3.0525e+02    152.508       3661  1027.2357  1027.2345     3.8121     2.4031     0.2120    33.7960    33.7947    8.26867         39 0.0000e+00
     14.000     13.856    -0.8840  27.401182    -0.8837  27.400711     8.6986     8.9945    16.4633    79.0363 3.8169e+00  -73.95940 -113.86973  40.607377      99.70 3.0587e+02    154.389       3706  1027.2403  1027.2394     3.7501     2.4970     0.2294    33.7959    33.7948    8.26850         31 0.0000e+00
     15.000     14.844    -0.8865  27.399843    -0.8856  27.399767     8.6214     8.9433    17.2201    78.5553 2.9522e+00  -73.95940 -113.86973  40.607399      99.76 3.0582e+02    156.248       3751  1027.2456  1027.2446     3.7262     2.5452     0.2086    33.7962    33.7951    8.26902         40 0.0000e+00
     16.000     15.834    -0.8939  27.394753    -0.8922  27.395520     8.5801     8.8967    17.1835    78.4753 2.2917e+00  -73.95940 -113.86973  40.607420      97.18 3.0650e+02    158.112       3796  1027.2514  1027.2507     3.7231     2.5297     0.2381    33.7970    33.7962    8.27060         40 0.0000e+00
     17.000     16.824    -0.8960  27.393734    -0.8960  27.393025     8.5670     8.8880    17.5934    78.5373 1.7683e+00  -73.95940 -113.86973  40.607442      99.58 3.0674e+02    159.992       3841  1027.2566  1027.2558     3.7261     2.3222     0.2324    33.7973    33.7964    8.27104         42 0.0000e+00
     18.000     17.812    -0.8977  27.393038    -0.8966  27.393113     8.5648     8.8952    19.0260    77.1483 1.3650e+00  -73.95940 -113.86974  40.607464      99.72 3.0674e+02    161.861       3886  1027.2617  1027.2607     3.6602     2.4423     0.2108    33.7977    33.7965    8.27139         40 0.0000e+00
     19.000     18.803    -0.8983  27.393008    -0.8971  27.393174     8.5616     8.8909    18.8202    80.8635 1.0518e+00  -73.95940 -113.86972  40.607485      99.82 3.0674e+02    163.723       3930  1027.2665  1027.2656     3.8356     2.8283     0.1947    33.7977    33.7966    8.27152         44 0.0000e+00
     20.000     19.793    -0.8990  27.392993    -0.8978  27.393114     8.5648     8.8898    18.7376    80.5875 8.0971e-01  -73.95940 -113.86972  40.607507      99.59 3.0674e+02    165.603       3975  1027.2714  1027.2704     3.8235     2.2671     0.2156    33.7978    33.7967    8.27167         35 0.0000e+00
     21.000     20.782    -0.8995  27.393158    -0.8984  27.393194     8.5531     8.8884    19.7527    79.9625 6.2216e-01  -73.95940 -113.86972  40.607529      99.90 3.0849e+02    167.491       4021  1027.2764  1027.2754     3.7936     2.7240     0.2347    33.7980    33.7968    8.27177         45 0.0000e+00
     22.000     21.771    -0.9006  27.392762    -0.8994  27.392971     8.5534     8.8780    16.3623    79.8061 4.7604e-01  -73.95940 -113.86972  40.607550      99.76 3.0850e+02    169.346       4065  1027.2813  1027.2804     3.7862     2.5215     0.2334    33.7981    33.7971    8.27201         43 0.0000e+00
     23.000     22.761    -0.9024  27.391971    -0.9013  27.392087     8.5514     8.8792    18.2981    80.0143 3.6429e-01  -73.95940 -113.86972  40.607572      97.95 3.0845e+02    171.203       4110  1027.2864  1027.2855     3.7962     2.4236     0.2183    33.7984    33.7973    8.27239         37 0.0000e+00
     24.000     23.750    -0.9034  27.391786    -0.9023  27.391882     8.5539     8.8813    19.6274    79.6744 2.7434e-01  -73.95940 -113.86972  40.607593      99.57 3.0689e+02    173.070       4155  1027.2915  1027.2905     3.7800     2.3095     0.2048    33.7987    33.7975    8.27259         37 0.0000e+00
     25.000     24.741    -0.9044  27.391535    -0.9032  27.391694     8.5375     8.8685    17.3213    78.6103 2.0419e-01  -73.95940 -113.86972  40.607615      99.80 3.0674e+02    174.927       4199  1027.2964  1027.2954     3.7297     2.7149     0.2107    33.7988    33.7977    8.27280         40 0.0000e+00
     26.000     25.730    -0.9073  27.389871    -0.9060  27.390139     8.5082     8.8483    15.6775    79.5958 1.4879e-01  -73.95940 -113.86972  40.607637      99.89 3.0674e+02    176.797       4244  1027.3017  1027.3008     3.7763     2.9986     0.2104    33.7992    33.7981    8.27341         46 0.0000e+00
     27.000     26.719    -0.9152  27.384726    -0.9140  27.384905     8.5020     8.8334    16.0997    78.5106 1.0498e-01  -73.95940 -113.86972  40.607658      99.77 3.0674e+02    178.681       4289  1027.3080  1027.3070     3.7248     2.5340     0.2069    33.8005    33.7994    8.27508         44 0.0000e+00
     28.000     27.707    -0.9178  27.383326    -0.9166  27.383446     8.4984     8.8286    14.4094    79.4428 7.0671e-02  -73.95940 -113.86972  40.607680      99.84 3.0674e+02    180.551       4334  1027.3132  1027.3122     3.7688     2.5895     0.2285    33.8009    33.7997    8.27563         41 0.0000e+00
     29.000     28.697    -0.9190  27.382976    -0.9177  27.383140     8.4967     8.8214    15.5215    76.5033 4.3613e-02  -73.95940 -113.86972  40.607701      99.75 3.0674e+02    182.410       4379  1027.3182  1027.3171     3.6298     2.5372     0.2126    33.8011    33.7999    8.27588         37 0.0000e+00
     30.000     29.688    -0.9205  27.382371    -0.9192  27.382519     8.4891     8.8169    15.2507    78.0263 2.2149e-02  -73.95940 -113.86973  40.607723      96.57 3.0674e+02    184.285       4424  1027.3231  1027.3222     3.7018     2.4367     0.2172    33.8013    33.8001    8.27619         38 0.0000e+00
     31.000     30.677    -0.9219  27.381807    -0.9207  27.381963     8.4849     8.8004    14.3638    78.1807 4.2033e-03  -73.95940 -113.86973  40.607745      99.83 3.0674e+02    186.136       4468  1027.3282  1027.3272     3.7091     2.5772     0.1922    33.8016    33.8004    8.27650         42 0.0000e+00
     32.000     31.668    -0.9244  27.380493    -0.9232  27.380656     8.4635     8.7757    16.4138    78.0679 -7.885e-05  -73.95940 -113.86972  40.607766      99.79 3.0766e+02    187.979       4512  1027.3334  1027.3325     3.7044     2.5187     0.2158    33.8019    33.8009    8.27702         41 0.0000e+00
     33.000     32.657    -0.9332  27.374546    -0.9322  27.374774     8.4207     8.7513    14.1448    78.6704 1.0000e-12  -73.95940 -113.86972  40.607788      99.56 3.0822e+02    189.849       4557  1027.3397  1027.3391     3.7325     2.1895     0.2054    33.8031    33.8024    8.27889         40 0.0000e+00
     34.000     33.646    -0.9469  27.364972    -0.9452  27.365801     8.4031     8.7367    15.5126    78.3832 1.0000e-12  -73.95940 -113.86972  40.607809      99.70 3.0854e+02    191.707       4602  1027.3467  1027.3459     3.7187     2.4106     0.1928    33.8049    33.8041    8.28181         45 0.0000e+00
     35.000     34.635    -0.9509  27.362847    -0.9494  27.363069     8.4087     8.7301    15.4293    78.5310 1.0000e-12  -73.95940 -113.86972  40.607831      99.90 3.0747e+02    193.563       4647  1027.3523  1027.3512     3.7258     2.8703     0.2220    33.8058    33.8045    8.28263         42 0.0000e+00
     36.000     35.625    -0.9507  27.363358    -0.9489  27.363926     8.4137     8.7251    19.6062    79.3224 1.0000e-12  -73.95940 -113.86972  40.607852      99.66 3.0742e+02    195.444       4692  1027.3569  1027.3558     3.7633     2.3901     0.1987    33.8058    33.8045    8.28260         39 0.0000e+00
     37.000     36.615    -0.9550  27.360688    -0.9535  27.361080     8.4093     8.7242    16.7045    77.9988 1.0000e-12  -73.95940 -113.86972  40.607874      99.18 3.0852e+02    197.326       4737  1027.3623  1027.3614     3.7001     2.7692     0.2130    33.8063    33.8052    8.28350         36 0.0000e+00
     38.000     37.604    -0.9565  27.360092    -0.9554  27.360165     8.3884     8.7170    16.5454    78.5019 1.0000e-12  -73.95940 -113.86972  40.607896      99.61 3.0850e+02    199.185       4781  1027.3673  1027.3663     3.7241     2.2561     0.2106    33.8066    33.8054    8.28382         42 0.0000e+00
     39.000     38.594    -0.9591  27.358715    -0.9577  27.358940     8.3937     8.7056    17.5568    78.4761 1.0000e-12  -73.95940 -113.86973  40.607917      99.72 3.0914e+02    201.041       4826  1027.3725  1027.3715     3.7235     2.5105     0.2084    33.8070    33.8057    8.28437         40 0.0000e+00
     40.000     39.580    -0.9605  27.358133    -0.9593  27.358298     8.3903     8.7015    16.5758    79.5110 1.0000e-12  -73.95940 -113.86973  40.607939      99.84 3.1043e+02    202.907       4871  1027.3775  1027.3765     3.7722     2.6537     0.2067    33.8072    33.8060    8.28468         37 0.0000e+00
     41.000     40.572    -0.9624  27.357341    -0.9612  27.357337     8.3810     8.6898    16.2872    79.9741 1.0000e-12  -73.95940 -113.86973  40.607960      99.73 3.0926e+02    204.767       4915  1027.3826  1027.3816     3.7942     2.4304     0.1941    33.8075    33.8063    8.28506         40 0.0000e+00
     42.000     41.562    -0.9644  27.356217    -0.9637  27.356048     8.3683     8.6795    15.0713    78.6222 1.0000e-12  -73.95940 -113.86973  40.607981      99.70 3.0859e+02    206.584       4959  1027.3877  1027.3868     3.7298     2.4209     0.1890    33.8077    33.8067    8.28551         40 0.0000e+00
     43.000     42.551    -0.9689  27.353715    -0.9677  27.353725     8.3508     8.6724    14.9449    79.5689 1.0000e-12  -73.95940 -113.86973  40.608001      99.85 3.0933e+02    208.273       5000  1027.3935  1027.3924     3.7750     2.6245     0.2112    33.8087    33.8074    8.28643         36 0.0000e+00
     44.000     43.540    -0.9708  27.352664    -0.9697  27.352846     8.3551     8.6704    14.4791    78.8874 1.0000e-12  -73.95940 -113.86973  40.608020      96.56 3.1031e+02    209.905       5039  1027.3984  1027.3976     3.7425     2.3874     0.1993    33.8088    33.8079    8.28685         36 0.0000e+00
     45.000     44.530    -0.9727  27.351977    -0.9715  27.352186     8.3478     8.6592    14.5325    78.2499 1.0000e-12  -73.95940 -113.86973  40.608038      99.60 3.1036e+02    211.509       5077  1027.4038  1027.4028     3.7124     2.4776     0.2170    33.8094    33.8083    8.28724         39 0.0000e+00
     46.000     45.519    -0.9717  27.353552    -0.9705  27.353597     8.3441     8.6585    17.0518    78.1399 1.0000e-12  -73.95940 -113.86973  40.608057      99.64 3.1032e+02    213.096       5115  1027.4087  1027.4076     3.7070     2.3328     0.2204    33.8098    33.8085    8.28699         33 0.0000e+00
     47.000     46.509    -0.9726  27.353318    -0.9712  27.353702     8.3503     8.6530    18.2411    78.3009 1.0000e-12  -73.95940 -113.86973  40.608075      99.84 3.1051e+02    214.655       5153  1027.4136  1027.4127     3.7149     2.6694     0.2145    33.8099    33.8088    8.28718         36 0.0000e+00
     48.000     47.498    -0.9737  27.352891    -0.9725  27.353014     8.3514     8.6475    15.2380    78.9391 1.0000e-12  -73.95940 -113.86973  40.608092      99.64 3.1094e+02    216.171       5189  1027.4184  1027.4175     3.7450     2.3479     0.2097    33.8099    33.8087    8.28742         37 0.0000e+00
     49.000     48.487    -0.9741  27.353170    -0.9729  27.353126     8.3413     8.6468    13.4649    78.9987 1.0000e-12  -73.95940 -113.86973  40.608109      99.75 3.1063e+02    217.657       5225  1027.4234  1027.4223     3.7481     2.5481     0.1866    33.8101    33.8087    8.28750         34 0.0000e+00
     50.000     49.478    -0.9749  27.352847    -0.9739  27.352894     8.3402     8.6458    14.8604    79.8449 1.0000e-12  -73.95940 -113.86974  40.608126      99.67 3.1036e+02    219.124       5260  1027.4281  1027.4272     3.7881     2.3603     0.1958    33.8099    33.8089    8.28768         36 0.0000e+00
     51.000     50.466    -0.9762  27.352180    -0.9751  27.352414     8.3384     8.6471    18.6436    81.9507 1.0000e-12  -73.95940 -113.86974  40.608143      99.64 3.0966e+02    220.594       5295  1027.4329  1027.4321     3.8880     2.3158     0.2220    33.8099    33.8089    8.28798         35 0.0000e+00
     52.000     51.454    -0.9779  27.351477    -0.9767  27.351663     8.3365     8.6489    17.2007    78.5907 1.0000e-12  -73.95940 -113.86974  40.608160      99.75 3.1055e+02    222.063       5331  1027.4381  1027.4372     3.7297     2.4780     0.2060    33.8103    33.8092    8.28834         34 0.0000e+00
