ocean_section_plots/required_files/ctd/dnbp2202_ctd133.cnv
* Sea-Bird SBE 9 Data File:
* FileName = D:\Data\raw\NBP2202_CTD133.hex
* Software Version Seasave V 7.26.7.121
* Temperature SN = 1649
* Conductivity SN = 2513
* Number of Bytes Per Scan = 40
* Number of Voltage Words = 5
* Number of Scans Averaged by the Deck Unit = 1
* NMEA Latitude = 74 06.85 S
* NMEA Longitude = 112 29.01 W
* NMEA UTC (Time) = Jan 28 2022  04:49:56
* NMEA baud rate = 9600
** Ship: RVIB N.B. Palmer
** Cruise: NBP2202 Thwaites
** Station: 62
** Operator: B. Bjork
# nquan = 25
# nvalues = 913                         
# units = specified
# name 0 = prDM: Pressure, Digiquartz [db]
# name 1 = depSM: Depth [salt water, m]
# name 2 = t090C: Temperature [ITS-90, deg C]
# name 3 = c0mS/cm: Conductivity [mS/cm]
# name 4 = t190C: Temperature, 2 [ITS-90, deg C]
# name 5 = c1mS/cm: Conductivity, 2 [mS/cm]
# name 6 = sbeox0ML/L: Oxygen, SBE 43 [ml/l]
# name 7 = sbeox1ML/L: Oxygen, SBE 43, 2 [ml/l]
# name 8 = flECO-AFL: Fluorescence, WET Labs ECO-AFL/FL [mg/m^3]
# name 9 = CStarTr0: Beam Transmission, WET Labs C-Star [%]
# name 10 = par: PAR/Irradiance, Biospherical/Licor
# name 11 = latitude: Latitude [deg]
# name 12 = longitude: Longitude [deg]
# name 13 = timeJ: Julian Days
# name 14 = altM: Altimeter [m]
# name 15 = spar: SPAR, Biospherical/Licor
# name 16 = timeS: Time, Elapsed [seconds]
# name 17 = scan: Scan Count
# name 18 = density00: Density [density, kg/m^3]
# name 19 = density11: Density, 2 [density, kg/m^3]
# name 20 = sal00: Salinity, Practical [PSU]
# name 21 = sal11: Salinity, Practical, 2 [PSU]
# name 22 = oxsolML/L: Oxygen Saturation, Garcia & Gordon [ml/l]
# name 23 = nbin: number of scans per bin
# name 24 = flag: flag
# span 0 =      3.000,    915.000       
# span 1 =      2.967,    903.543       
# span 2 =    -1.5724,     0.5162       
# span 3 =  26.982683,  29.549546       
# span 4 =    -1.5725,     0.5187       
# span 5 =  26.983042,  29.549536       
# span 6 =     4.5874,     9.0602       
# span 7 =     4.6596,     9.2755       
# span 8 =    -0.0152,    29.4420       
# span 9 =    63.3968,    94.6482       
# span 10 = 1.0000e-12, 1.4215e+01      
# span 11 =  -74.11422,  -74.11420      
# span 12 = -112.48360, -112.48354      
# span 13 =  28.204136,  28.216962      
# span 14 =       3.35,     100.21      
# span 15 = 4.3945e+01, 5.9961e+01      
# span 16 =    241.383,   1349.532      
# span 17 =       5794,      32390      
# span 18 =  1027.1985,  1032.0204      
# span 19 =  1027.2011,  1032.0179      
# span 20 =    33.8096,    34.5510      
# span 21 =    33.8120,    34.5483      
# span 22 =    7.92838,    8.41129      
# span 23 =         21,         61      
# span 24 = 0.0000e+00, 0.0000e+00      
# interval = decibars: 1                
# start_time = Jan 28 2022 04:49:56 [NMEA time, header]
# bad_flag = -9.990e-29
*END*
[from data line 580]
    583.000    576.156     0.2323  29.071885     0.2344  29.071520     4.6916     4.7832     0.0005    94.4151 1.0000e-12  -74.11422 -112.48360  28.212313      99.82 5.4990e+01    947.826      22749  1030.3952  1030.3928    34.4340    34.4312    7.99345         25 0.0000e+00
    584.000    577.144     0.2332  29.073491     0.2354  29.073179     4.6938     4.7778     0.0069    94.4457 1.0000e-12  -74.11422 -112.48360  28.212325      99.81 5.3897e+01    948.902      22775  1030.4003  1030.3978    34.4345    34.4317    7.99324         26 0.0000e+00
    585.000    578.131     0.2334  29.074070     0.2355  29.073785     4.6911     4.7762     0.0046    94.4485 1.0000e-12  -74.11422 -112.48360  28.212338      99.83 5.3562e+01    949.986      22801  1030.4050  1030.4026    34.4346    34.4317    7.99320         26 0.0000e+00
    586.000    579.116     0.2336  29.074897     0.2359  29.074717     4.6953     4.7752    -0.0004    94.4491 1.0000e-12  -74.11422 -112.48360  28.212350      99.82 5.4862e+01    951.043      22826  1030.4098  1030.4073    34.4347    34.4319    7.99314         25 0.0000e+00
    587.000    580.105     0.2337  29.075234     0.2359  29.075099     4.6885     4.7748    -0.0004    94.4615 1.0000e-12  -74.11422 -112.48360  28.212362      99.82 5.4295e+01    952.085      22851  1030.4144  1030.4121    34.4346    34.4319    7.99314         25 0.0000e+00
    588.000    581.091     0.2339  29.076017     0.2361  29.075835     4.6912     4.7769    -0.0004    94.4683 1.0000e-12  -74.11422 -112.48360  28.212374      94.23 5.3576e+01    953.083      22875  1030.4192  1030.4169    34.4347    34.4321    7.99308         23 0.0000e+00
    589.000    582.079     0.2344  29.077014     0.2364  29.076610     4.6915     4.7782    -0.0004    94.4585 1.0000e-12  -74.11422 -112.48360  28.212385      82.82 5.5400e+01    954.070      22899  1030.4240  1030.4216    34.4349    34.4321    7.99297         25 0.0000e+00
    590.000    583.064     0.2344  29.077485     0.2367  29.077233     4.6865     4.7779     0.0269    94.4454 1.0000e-12  -74.11422 -112.48360  28.212398      98.21 5.4092e+01    955.170      22925  1030.4287  1030.4262    34.4349    34.4321    7.99296         26 0.0000e+00
    591.000    584.052     0.2348  29.078358     0.2372  29.078257     4.6862     4.7708     0.0145    94.4574 1.0000e-12  -74.11422 -112.48360  28.212411      99.82 5.3291e+01    956.316      22953  1030.4335  1030.4311    34.4351    34.4322    7.99287         26 0.0000e+00
    592.000    585.038     0.2352  29.079142     0.2375  29.079149     4.6846     4.7694     0.0073    94.4551 1.0000e-12  -74.11422 -112.48360  28.212423      99.82 5.4996e+01    957.342      22977  1030.4382  1030.4359    34.4351    34.4325    7.99280         24 0.0000e+00
    593.000    586.025     0.2354  29.079971     0.2377  29.079777     4.6813     4.7742     0.0069    94.4498 1.0000e-12  -74.11420 -112.48358  28.212434      99.82 5.4362e+01    958.343      23001  1030.4431  1030.4406    34.4353    34.4325    7.99273         24 0.0000e+00
    594.000    587.013     0.2364  29.081362     0.2386  29.081170     4.6874     4.7748     0.0069    94.4419 1.0000e-12  -74.11422 -112.48360  28.212446      99.81 5.3243e+01    959.372      23026  1030.4478  1030.4455    34.4355    34.4328    7.99252         25 0.0000e+00
    595.000    588.000     0.2370  29.082427     0.2392  29.082154     4.6873     4.7735     0.0011    94.4454 1.0000e-12  -74.11420 -112.48358  28.212458      99.82 5.5160e+01    960.394      23050  1030.4526  1030.4502    34.4356    34.4328    7.99238         24 0.0000e+00
    596.000    588.986     0.2374  29.083317     0.2396  29.083109     4.6950     4.7751    -0.0009    94.4612 1.0000e-12  -74.11422 -112.48358  28.212470      99.82 5.4453e+01    961.427      23075  1030.4574  1030.4550    34.4358    34.4330    7.99230         26 0.0000e+00
    597.000    589.973     0.2392  29.085743     0.2416  29.085685     4.6839     4.7674    -0.0063    94.4643 1.0000e-12  -74.11420 -112.48358  28.212483      99.82 5.3297e+01    962.517      23101  1030.4624  1030.4600    34.4364    34.4336    7.99190         26 0.0000e+00
    598.000    590.958     0.2423  29.089671     0.2447  29.089629     4.6753     4.7645    -0.0048    94.4687 1.0000e-12  -74.11420 -112.48358  28.212495      99.82 5.5092e+01    963.595      23127  1030.4677  1030.4653    34.4374    34.4347    7.99118         25 0.0000e+00
    599.000    591.947     0.2452  29.093303     0.2474  29.093002     4.6798     4.7685    -0.0003    94.4505 1.0000e-12  -74.11420 -112.48358  28.212507      99.81 5.5165e+01    964.619      23152  1030.4729  1030.4704    34.4384    34.4356    7.99053         24 0.0000e+00
    600.000    592.934     0.2475  29.096395     0.2498  29.096204     4.6783     4.7705    -0.0007    94.4465 1.0000e-12  -74.11420 -112.48358  28.212519      90.14 5.3622e+01    965.603      23175  1030.4781  1030.4757    34.4393    34.4365    7.99000         24 0.0000e+00
    601.000    593.919     0.2496  29.099095     0.2518  29.098958     4.6816     4.7717     0.0020    94.4486 1.0000e-12  -74.11420 -112.48358  28.212530      78.62 5.4775e+01    966.587      23199  1030.4832  1030.4809    34.4400    34.4373    7.98954         24 0.0000e+00
    602.000    594.906     0.2507  29.101045     0.2531  29.100848     4.6800     4.7706     0.0092    94.4465 1.0000e-12  -74.11420 -112.48357  28.212542      91.78 5.3906e+01    967.643      23224  1030.4883  1030.4859    34.4406    34.4378    7.98925         26 0.0000e+00
    603.000    595.895     0.2514  29.102196     0.2537  29.102097     4.6796     4.7672     0.0102    94.4481 1.0000e-12  -74.11420 -112.48357  28.212555      99.59 5.3017e+01    968.721      23250  1030.4931  1030.4908    34.4408    34.4381    7.98910         25 0.0000e+00
    604.000    596.880     0.2517  29.103081     0.2541  29.102813     4.6803     4.7625    -0.0037    94.4290 1.0000e-12  -74.11420 -112.48357  28.212566      99.82 5.4818e+01    969.717      23274  1030.4980  1030.4955    34.4411    34.4381    7.98903         23 0.0000e+00
    605.000    597.867     0.2521  29.103851     0.2543  29.103626     4.6819     4.7654    -0.0130    94.4492 1.0000e-12  -74.11420 -112.48356  28.212578      99.82 5.4152e+01    970.714      23298  1030.5027  1030.5004    34.4410    34.4383    7.98895         25 0.0000e+00
    606.000    598.854     0.2527  29.105040     0.2550  29.104846     4.6839     4.7676     0.0073    94.4428 1.0000e-12  -74.11420 -112.48356  28.212590      99.82 5.3796e+01    971.771      23323  1030.5076  1030.5052    34.4413    34.4386    7.98880         25 0.0000e+00
    607.000    599.840     0.2551  29.108175     0.2574  29.108074     4.6827     4.7663     0.0069    94.4541 1.0000e-12  -74.11420 -112.48356  28.212602      99.82 5.4286e+01    972.779      23348  1030.5128  1030.5105    34.4422    34.4396    7.98825         24 0.0000e+00
    608.000    600.828     0.2567  29.110583     0.2592  29.110625     4.6810     4.7701    -0.0078    94.4593 1.0000e-12  -74.11420 -112.48356  28.212613      99.82 5.3848e+01    973.756      23371  1030.5179  1030.5156    34.4429    34.4403    7.98788         24 0.0000e+00
    609.000    601.814     0.2568  29.111191     0.2592  29.111129     4.6785     4.7686     0.0049    94.4653 1.0000e-12  -74.11420 -112.48356  28.212625      99.82 5.2683e+01    974.812      23396  1030.5228  1030.5204    34.4431    34.4403    7.98785         26 0.0000e+00
    610.000    602.801     0.2577  29.112638     0.2600  29.112461     4.6831     4.7676     0.0001    94.4583 1.0000e-12  -74.11420 -112.48356  28.212638      99.81 5.3963e+01    975.891      23422  1030.5277  1030.5253    34.4434    34.4406    7.98765         25 0.0000e+00
    611.000    603.787     0.2582  29.113702     0.2605  29.113480     4.6778     4.7581     0.0051    94.4540 1.0000e-12  -74.11420 -112.48356  28.212649      99.82 5.4430e+01    976.899      23447  1030.5326  1030.5301    34.4436    34.4408    7.98753         24 0.0000e+00
    612.000    604.775     0.2597  29.115885     0.2619  29.115640     4.6798     4.7598     0.0066    94.4572 1.0000e-12  -74.11420 -112.48356  28.212661      99.82 5.3477e+01    977.892      23470  1030.5377  1030.5352    34.4443    34.4415    7.98719         24 0.0000e+00
    613.000    605.761     0.2609  29.117588     0.2631  29.117481     4.6758     4.7668     0.0069    94.4572 1.0000e-12  -74.11420 -112.48356  28.212673      99.82 5.3696e+01    978.904      23495  1030.5425  1030.5402    34.4446    34.4419    7.98693         24 0.0000e+00
    614.000    606.747     0.2613  29.118785     0.2636  29.118415     4.6737     4.7657     0.0069    94.4604 1.0000e-12  -74.11420 -112.48356  28.212684      80.50 5.4442e+01    979.933      23519  1030.5475  1030.5450    34.4451    34.4421    7.98680         26 0.0000e+00
    615.000    607.735     0.2616  29.119435     0.2640  29.119349     4.6718     4.7581     0.0069    94.4728 1.0000e-12  -74.11420 -112.48356  28.212697      87.08 5.3659e+01    981.004      23545  1030.5522  1030.5499    34.4450    34.4423    7.98675         25 0.0000e+00
    616.000    608.721     0.2619  29.120381     0.2643  29.120253     4.6759     4.7564     0.0034    94.4748 1.0000e-12  -74.11420 -112.48356  28.212709      62.35 5.3803e+01    982.039      23570  1030.5572  1030.5548    34.4454    34.4426    7.98667         25 0.0000e+00
    617.000    609.708     0.2622  29.121000     0.2646  29.121179     4.6763     4.7576    -0.0004    94.4850 1.0000e-12  -74.11420 -112.48356  28.212720      99.38 5.4563e+01    983.030      23594  1030.5618  1030.5597    34.4453    34.4428    7.98662         23 0.0000e+00
    618.000    610.694     0.2630  29.122345     0.2652  29.122308     4.6783     4.7646    -0.0004    94.4645 1.0000e-12  -74.11420 -112.48356  28.212732      99.82 5.3590e+01    984.043      23618  1030.5667  1030.5645    34.4456    34.4431    7.98643         25 0.0000e+00
    619.000    611.682     0.2636  29.123823     0.2660  29.123679     4.6801     4.7642    -0.0004    94.4766 1.0000e-12  -74.11420 -112.48356  28.212744      99.82 5.3473e+01    985.071      23643  1030.5718  1030.5694    34.4462    34.4434    7.98626         24 0.0000e+00
    620.000    612.669     0.2641  29.124707     0.2664  29.124611     4.6817     4.7614     0.0007    94.4547 1.0000e-12  -74.11420 -112.48356  28.212756      99.82 5.4570e+01    986.093      23667  1030.5766  1030.5743    34.4463    34.4436    7.98617         26 0.0000e+00
    621.000    613.655     0.2650  29.126344     0.2673  29.126174     4.6793     4.7626     0.0057    94.4686 1.0000e-12  -74.11420 -112.48356  28.212768      99.82 5.3030e+01    987.165      23693  1030.5816  1030.5792    34.4468    34.4441    7.98594         25 0.0000e+00
    622.000    614.642     0.2680  29.130406     0.2705  29.130297     4.6791     4.7654     0.0002    94.4561 1.0000e-12  -74.11420 -112.48356  28.212780      99.82 5.3329e+01    988.195      23718  1030.5872  1030.5847    34.4483    34.4454    7.98525         24 0.0000e+00
    623.000    615.628     0.2711  29.134421     0.2733  29.133981     4.6750     4.7641     0.0143    94.4676 1.0000e-12  -74.11420 -112.48356  28.212791      99.82 5.4810e+01    989.146      23741  1030.5925  1030.5900    34.4494    34.4464    7.98453         22 0.0000e+00
    624.000    616.614     0.2725  29.136234     0.2748  29.135983     4.6700     4.7631     0.0079    94.4744 1.0000e-12  -74.11420 -112.48356  28.212802      99.82 5.3772e+01    990.100      23763  1030.5973  1030.5949    34.4497    34.4468    7.98423         24 0.0000e+00
    625.000    617.602     0.2764  29.140897     0.2787  29.140590     4.6721     4.7611     0.0010    94.4680 1.0000e-12  -74.11420 -112.48356  28.212814      99.82 5.3148e+01    991.166      23789  1030.6027  1030.6001    34.4509    34.4480    7.98336         27 0.0000e+00
    626.000    618.587     0.2815  29.147067     0.2837  29.146927     4.6765     4.7629    -0.0075    94.4561 1.0000e-12  -74.11420 -112.48356  28.212827      69.76 5.4589e+01    992.239      23815  1030.6083  1030.6060    34.4527    34.4500    7.98220         24 0.0000e+00
    627.000    619.575     0.2806  29.147188     0.2829  29.147041     4.6780     4.7637     0.0077    94.4680 1.0000e-12  -74.11420 -112.48356  28.212838      82.61 5.3394e+01    993.235      23839  1030.6136  1030.6113    34.4533    34.4505    7.98235         24 0.0000e+00
    628.000    620.562     0.2802  29.147235     0.2824  29.147193     4.6668     4.7632     0.0057    94.4528 1.0000e-12  -74.11420 -112.48356  28.212850      99.64 5.3119e+01    994.199      23862  1030.6184  1030.6162    34.4532    34.4507    7.98245         23 0.0000e+00
    629.000    621.549     0.2799  29.147681     0.2821  29.147454     4.6753     4.7606    -0.0004    94.4636 1.0000e-12  -74.11420 -112.48356  28.212861      99.82 5.4716e+01    995.183      23885  1030.6234  1030.6210    34.4535    34.4508    7.98248         24 0.0000e+00
    630.000    622.535     0.2801  29.148602     0.2823  29.148401     4.6719     4.7566     0.0027    94.4792 1.0000e-12  -74.11420 -112.48356  28.212873      99.82 5.3360e+01    996.230      23911  1030.6284  1030.6261    34.4539    34.4512    7.98242         26 0.0000e+00
    631.000    623.521     0.2816  29.150697     0.2839  29.150593     4.6721     4.7615     0.0045    94.4776 1.0000e-12  -74.11420 -112.48356  28.212885      99.82 5.2518e+01    997.272      23936  1030.6333  1030.6310    34.4544    34.4517    7.98208         24 0.0000e+00
    632.000    624.508     0.2853  29.155180     0.2877  29.155108     4.6740     4.7597    -0.0007    94.4850 1.0000e-12  -74.11420 -112.48356  28.212896      99.82 5.4624e+01    998.239      23959  1030.6386  1030.6363    34.4555    34.4528    7.98124         23 0.0000e+00
    633.000    625.495     0.2858  29.156096     0.2880  29.155800     4.6744     4.7588     0.0011    94.4713 1.0000e-12  -74.11420 -112.48356  28.212908      99.82 5.3342e+01    999.218      23982  1030.6434  1030.6410    34.4557    34.4529    7.98115         24 0.0000e+00
    634.000    626.482     0.2888  29.159776     0.2918  29.160056     4.6669     4.7528     0.0145    94.4791 1.0000e-12  -74.11420 -112.48356  28.212920      99.82 5.3452e+01   1000.268      24007  1030.6485  1030.6459    34.4565    34.4536    7.98047         25 0.0000e+00
    635.000    627.468     0.2989  29.170291     0.3013  29.170070     4.6614     4.7469     0.0140    94.5050 1.0000e-12  -74.11420 -112.48356  28.212932      99.82 5.4091e+01   1001.302      24032  1030.6538  1030.6513    34.4585    34.4555    7.97827         25 0.0000e+00
    636.000    628.455     0.3019  29.173566     0.3038  29.173188     4.6618     4.7550    -0.0005    94.4991 1.0000e-12  -74.11420 -112.48356  28.212944      99.82 5.3250e+01   1002.316      24057  1030.6586  1030.6564    34.4589    34.4562    7.97763         24 0.0000e+00
    637.000    629.441     0.3009  29.173233     0.3032  29.173238     4.6676     4.7577     0.0061    94.4996 1.0000e-12  -74.11420 -112.48356  28.212955      99.82 5.2383e+01   1003.345      24081  1030.6635  1030.6612    34.4589    34.4563    7.97783         25 0.0000e+00
    638.000    630.429     0.3000  29.172842     0.3023  29.172769     4.6683     4.7579     0.0002    94.4894 1.0000e-12  -74.11420 -112.48356  28.212967      99.82 5.3911e+01   1004.352      24105  1030.6683  1030.6660    34.4589    34.4562    7.97802         24 0.0000e+00
    639.000    631.414     0.3002  29.173499     0.3025  29.173383     4.6646     4.7547     0.0050    94.4863 1.0000e-12  -74.11420 -112.48356  28.212978      76.51 5.3339e+01   1005.334      24129  1030.6730  1030.6707    34.4589    34.4562    7.97798         24 0.0000e+00
