ocean_section_plots/required_files/ctd/dnbp2202_ctd244.cnv
* Sea-Bird SBE 9 Data File:
* FileName = D:\Data\raw\NBP2202_CTD244.hex
* Software Version Seasave V 7.26.7.121
* Temperature SN = 1649
* Conductivity SN = 2513
* Number of Bytes Per Scan = 40
* Number of Voltage Words = 5
* Number of Scans Averaged by the Deck Unit = 1
* NMEA Latitude = 73 55.28 S
* NMEA Longitude = 118 49.11 W
* NMEA UTC (Time) = Feb 15 2022  01:31:55
* NMEA baud rate = 9600
** Ship: RVIB N.B. Palmer
** Cruise: NBP2202 Thwaites
** Station: 154
** Operator: A. Robinson
# nquan = 28
# nvalues = 824                         
# units = specified
# name 0 = prDM: Pressure, Digiquartz [db]
# name 1 = depSM: Depth [salt water, m]
# name 2 = t090C: Temperature [ITS-90, deg C]
# name 3 = c0mS/cm: Conductivity [mS/cm]
# name 4 = t190C: Temperature, 2 [ITS-90, deg C]
# name 5 = c1mS/cm: Conductivity, 2 [mS/cm]
# name 6 = sbeox0ML/L: Oxygen, SBE 43 [ml/l]
# name 7 = sbeox1ML/L: Oxygen, SBE 43, 2 [ml/l]
# name 8 = flECO-AFL: Fluorescence, WET Labs ECO-AFL/FL [mg/m^3]
# name 9 = CStarTr0: Beam Transmission, WET Labs C-Star [%]
# name 10 = par: PAR/Irradiance, Biospherical/Licor
# name 11 = latitude: Latitude [deg]
# name 12 = longitude: Longitude [deg]
# name 13 = timeJ: Julian Days
# name 14 = altM: Altimeter [m]
# name 15 = spar: SPAR, Biospherical/Licor
# name 16 = timeS: Time, Elapsed [seconds]
# name 17 = scan: Scan Count
# name 18 = density00: Density [density, kg/m^3]
# name 19 = density11: Density, 2 [density, kg/m^3]
# name 20 = v3: Voltage 3
# name 21 = v4: Voltage 4
# name 22 = v5: Voltage 5
# name 23 = sal00: Salinity, Practical [PSU]
# name 24 = sal11: Salinity, Practical, 2 [PSU]
# name 25 = oxsolML/L: Oxygen Saturation, Garcia & Gordon [ml/l]
# name 26 = nbin: number of scans per bin
# name 27 = flag: flag
# span 0 =      2.000,    825.000       
# span 1 =      1.982,    814.853       
# span 2 =    -1.7282,     0.5068       
# span 3 =  26.966350,  29.480279       
# span 4 =    -1.7288,     0.5091       
# span 5 =  26.966682,  29.480564       
# span 6 =     4.6381,     9.3132       
# span 7 =     4.8731,     9.5858       
# span 8 =    -0.0224,    12.4223       
# span 9 =    84.9390,    97.2126       
# span 10 = -3.988e-07, 1.6251e+02      
# span 11 =  -73.92136,  -73.92134      
# span 12 = -118.81856, -118.81852      
# span 13 =  46.067292,  46.079234      
# span 14 =       4.26,     100.22      
# span 15 = 2.6707e+02, 3.0310e+02      
# span 16 =    299.008,   1330.853      
# span 17 =       7177,      31941      
# span 18 =  1027.1236,  1031.5815      
# span 19 =  1027.1229,  1031.5795      
# span 20 =     4.0300,     4.6116      
# span 21 =     0.0622,     1.9522      
# span 22 =     0.1107,     0.2145      
# span 23 =    33.7484,    34.5263      
# span 24 =    33.7509,    34.5242      
# span 25 =    7.93167,    8.44322      
# span 26 =         19,         55      
# span 27 = 0.0000e+00, 0.0000e+00      
# interval = decibars: 1                
# start_time = Feb 15 2022 01:31:55 [NMEA time, header]
# bad_flag = -9.990e-29
*END*
[from data line 156]
    158.000    156.306    -1.6835  26.967251    -1.6837  26.967563     6.2514     6.5320     0.4344    96.1178 1.0000e-12  -73.92136 -118.81854  46.069817      99.90 3.0117e+02    517.212      12414  1028.1395  1028.1401     4.5599     0.1436     0.1212    34.0161    34.0168    8.43425         25 0.0000e+00
    159.000    157.296    -1.6855  26.966643    -1.6855  26.967255     6.2798     6.5342     0.4582    96.4629 1.0000e-12  -73.92136 -118.81852  46.069830      99.89 3.0166e+02    518.293      12440  1028.1450  1028.1456     4.5759     0.1395     0.1193    34.0170    34.0178    8.43466         26 0.0000e+00
    160.000    158.285    -1.6862  26.966835    -1.6866  26.967116     6.2669     6.5359     0.2570    96.4410 1.0000e-12  -73.92136 -118.81854  46.069842      99.90 3.0035e+02    519.365      12466  1028.1501  1028.1507     4.5750     0.1443     0.1186    34.0174    34.0182    8.43479         26 0.0000e+00
    161.000    159.274    -1.6863  26.967337    -1.6865  26.967534     6.2258     6.5292     0.3129    96.2547 1.0000e-12  -73.92136 -118.81853  46.069855      99.89 2.9968e+02    520.467      12492  1028.1549  1028.1554     4.5662     0.1240     0.1180    34.0175    34.0181    8.43480         27 0.0000e+00
    162.000    160.263    -1.6863  26.967912    -1.6865  26.968152     6.2009     6.5321     0.4723    96.3997 1.0000e-12  -73.92136 -118.81855  46.069868      99.90 3.0193e+02    521.595      12519  1028.1597  1028.1602     4.5731     0.1447     0.1215    34.0177    34.0183    8.43478         27 0.0000e+00
    163.000    161.252    -1.6865  26.968484    -1.6869  26.968601     6.2528     6.5434     0.5389    95.9383 1.0000e-12  -73.92136 -118.81852  46.069881      99.89 3.0186e+02    522.697      12546  1028.1648  1028.1654     4.5512     0.1010     0.1152    34.0181    34.0188    8.43480         26 0.0000e+00
    164.000    162.240    -1.6867  26.968937    -1.6871  26.969120     6.2417     6.5363     0.5301    96.3600 1.0000e-12  -73.92136 -118.81852  46.069893      99.89 3.0070e+02    523.781      12572  1028.1697  1028.1703     4.5712     0.1562     0.1192    34.0183    34.0190    8.43484         26 0.0000e+00
    165.000    163.230    -1.6868  26.969311    -1.6871  26.969669     6.3468     6.5305     0.4697    96.3351 1.0000e-12  -73.92136 -118.81853  46.069906      99.88 3.0152e+02    524.857      12598  1028.1746  1028.1752     4.5700     0.2496     0.1177    34.0184    34.0191    8.43487         26 0.0000e+00
    166.000    164.217    -1.6833  26.971875    -1.6829  26.972320     6.3185     6.5336     0.4300    96.2720 1.0000e-12  -73.92136 -118.81854  46.069918      99.88 3.0117e+02    525.919      12623  1028.1782  1028.1783     4.5670     0.1870     0.1164    34.0172    34.0174    8.43413         25 0.0000e+00
    167.000    165.208    -1.6780  26.975007    -1.6770  26.975819     6.2827     6.5357     0.3011    95.9847 1.0000e-12  -73.92136 -118.81854  46.069930      99.89 3.0080e+02    526.995      12649  1028.1808  1028.1807     4.5535     0.1366     0.1206    34.0149    34.0150    8.43306         27 0.0000e+00
    168.000    166.196    -1.6804  26.974124    -1.6808  26.974194     6.3005     6.5319     0.3841    96.4064 1.0000e-12  -73.92136 -118.81854  46.069943      98.92 3.0073e+02    528.114      12676  1028.1865  1028.1869     4.5735     0.2096     0.1203    34.0158    34.0164    8.43356         27 0.0000e+00
    169.000    167.184    -1.6789  26.975361    -1.6803  26.974977     6.2921     6.5253     0.5352    96.5396 1.0000e-12  -73.92136 -118.81854  46.069956      98.24 3.0125e+02    529.223      12702  1028.1906  1028.1916     4.5796     0.1852     0.1182    34.0152    34.0162    8.43325         25 0.0000e+00
    170.000    168.173    -1.6820  26.974338    -1.6825  26.974400     6.2943     6.5243     0.5475    96.2993 1.0000e-12  -73.92136 -118.81854  46.069969      99.92 2.9944e+02    530.299      12728  1028.1969  1028.1974     4.5683     0.2502     0.1229    34.0167    34.0173    8.43387         26 0.0000e+00
    171.000    169.162    -1.6850  26.973497    -1.6855  26.973520     6.2894     6.5260     0.4506    96.2051 1.0000e-12  -73.92136 -118.81854  46.069981      99.88 3.0100e+02    531.381      12754  1028.2032  1028.2036     4.5638     0.2284     0.1180    34.0183    34.0189    8.43446         27 0.0000e+00
    172.000    170.152    -1.6853  26.973807    -1.6856  26.973957     6.2746     6.5281     0.5531    96.4417 1.0000e-12  -73.92136 -118.81854  46.069994      99.89 3.0064e+02    532.468      12780  1028.2081  1028.2085     4.5751     0.1333     0.1217    34.0185    34.0190    8.43452         26 0.0000e+00
    173.000    171.140    -1.6859  26.973981    -1.6863  26.973845     6.2847     6.5253     0.6889    96.5120 1.0000e-12  -73.92136 -118.81854  46.070006      99.90 2.9922e+02    533.556      12806  1028.2131  1028.2133     4.5784     0.1219     0.1219    34.0188    34.0190    8.43464         26 0.0000e+00
    174.000    172.128    -1.6864  26.973943    -1.6866  26.974149     6.2834     6.5253     0.5582    96.3875 1.0000e-12  -73.92136 -118.81854  46.070019      99.90 2.9955e+02    534.647      12833  1028.2179  1028.2183     4.5725     0.1462     0.1188    34.0187    34.0192    8.43476         26 0.0000e+00
    175.000    173.118    -1.6874  26.973883    -1.6872  26.974157     6.2773     6.5242     0.5260    96.3878 1.0000e-12  -73.92136 -118.81854  46.070032      99.89 3.0074e+02    535.759      12859  1028.2230  1028.2232     4.5724     0.1044     0.1176    34.0191    34.0193    8.43495         27 0.0000e+00
    176.000    174.105    -1.6906  26.972637    -1.6904  26.972937     6.3089     6.5287     0.4443    96.1752 1.0000e-12  -73.92136 -118.81854  46.070045      99.89 2.9916e+02    536.880      12886  1028.2291  1028.2292     4.5625     0.1510     0.1198    34.0203    34.0205    8.43560         27 0.0000e+00
    177.000    175.097    -1.6915  26.972934    -1.6916  26.973024     6.3051     6.5333     0.5670    96.3772 1.0000e-12  -73.92136 -118.81854  46.070058      99.88 2.9881e+02    537.971      12912  1028.2346  1028.2348     4.5720     0.1504     0.1180    34.0212    34.0214    8.43577         26 0.0000e+00
    178.000    176.082    -1.6915  26.973440    -1.6916  26.973561     6.2790     6.5318     0.5908    96.2620 1.0000e-12  -73.92136 -118.81854  46.070070      99.89 2.9954e+02    539.031      12938  1028.2394  1028.2396     4.5665     0.1131     0.1213    34.0213    34.0215    8.43576         25 0.0000e+00
    179.000    177.075    -1.6914  26.974002    -1.6916  26.974216     6.0177     6.5382     0.4877    96.3297 1.0000e-12  -73.92136 -118.81854  46.070082      99.89 2.9793e+02    540.082      12963  1028.2442  1028.2446     4.5697     0.1853     0.1180    34.0213    34.0218    8.43573         25 0.0000e+00
    180.000    178.061    -1.6919  26.974205    -1.6922  26.974251     6.3350     6.5395     0.5582    96.1365 1.0000e-12  -73.92136 -118.81854  46.070095      90.57 2.9806e+02    541.175      12989  1028.2492  1028.2495     4.5606     0.1795     0.1191    34.0216    34.0219    8.43584         27 0.0000e+00
    181.000    179.051    -1.6919  26.974784    -1.6923  26.974782     6.3253     6.5319     0.6780    96.0709 1.0000e-12  -73.92136 -118.81854  46.070108      96.62 2.9963e+02    542.295      13016  1028.2541  1028.2545     4.5575     0.1380     0.1214    34.0217    34.0222    8.43582         27 0.0000e+00
    182.000    180.039    -1.6912  26.975510    -1.6915  26.975376     6.2982     6.5293     0.5013    96.3442 1.0000e-12  -73.92136 -118.81854  46.070120      99.90 2.9976e+02    543.400      13043  1028.2585  1028.2587     4.5704     0.1339     0.1235    34.0213    34.0215    8.43569         26 0.0000e+00
    183.000    181.028    -1.6908  26.976200    -1.6912  26.976090     6.2761     6.5344     0.6903    96.5198 1.0000e-12  -73.92136 -118.81854  46.070133      99.89 2.9819e+02    544.502      13069  1028.2631  1028.2634     4.5788     0.1356     0.1241    34.0211    34.0214    8.43560         27 0.0000e+00
    184.000    182.017    -1.6907  26.976714    -1.6911  26.976607     6.2697     6.5288     0.7870    96.4348 1.0000e-12  -73.92136 -118.81854  46.070146      99.88 2.9941e+02    545.596      13095  1028.2680  1028.2682     4.5748     0.2173     0.1224    34.0212    34.0214    8.43559         26 0.0000e+00
    185.000    183.006    -1.6904  26.977305    -1.6907  26.977360     6.2911     6.5219     0.5353    96.2713 1.0000e-12  -73.92136 -118.81854  46.070158      99.89 2.9969e+02    546.659      13121  1028.2726  1028.2729     4.5670     0.1610     0.1161    34.0210    34.0214    8.43553         25 0.0000e+00
    186.000    183.994    -1.6904  26.977852    -1.6908  26.977684     6.3181     6.5295     0.6658    96.2489 1.0000e-12  -73.92136 -118.81854  46.070171      99.89 2.9921e+02    547.732      13147  1028.2775  1028.2777     4.5659     0.1298     0.1209    34.0211    34.0213    8.43552         26 0.0000e+00
    187.000    184.983    -1.6906  26.978162    -1.6911  26.977997     6.4568     6.5294     0.4595    96.1601 1.0000e-12  -73.92136 -118.81854  46.070183      99.89 3.0055e+02    548.842      13173  1028.2824  1028.2826     4.5617     0.1409     0.1211    34.0212    34.0214    8.43557         27 0.0000e+00
    188.000    185.972    -1.6908  26.978546    -1.6910  26.978524     6.2341     6.5222     0.4843    96.3242 1.0000e-12  -73.92136 -118.81854  46.070196      99.88 2.9995e+02    549.961      13200  1028.2872  1028.2874     4.5695     0.1584     0.1179    34.0212    34.0214    8.43560         27 0.0000e+00
    189.000    186.960    -1.6911  26.978655    -1.6910  26.978890     6.2365     6.5273     0.7119    96.3562 1.0000e-12  -73.92136 -118.81854  46.070209      99.88 2.9846e+02    551.072      13227  1028.2920  1028.2921     4.5710     0.2474     0.1193    34.0211    34.0213    8.43568         26 0.0000e+00
    190.000    187.950    -1.6910  26.979250    -1.6911  26.979272     6.2648     6.5267     1.0288    96.2018 1.0000e-12  -73.92136 -118.81854  46.070222      99.90 3.0023e+02    552.144      13252  1028.2969  1028.2969     4.5637     0.1412     0.1204    34.0212    34.0214    8.43566         26 0.0000e+00
    191.000    188.939    -1.6909  26.979777    -1.6909  26.979916     6.3089     6.5299     0.4653    96.2974 1.0000e-12  -73.92136 -118.81854  46.070234      99.89 3.0129e+02    553.191      13278  1028.3016  1028.3018     4.5683     0.1581     0.1197    34.0212    34.0214    8.43563         25 0.0000e+00
    192.000    189.927    -1.6907  26.980318    -1.6909  26.980329     6.3336     6.5295     0.4008    96.3746 1.0000e-12  -73.92136 -118.81854  46.070246      99.89 2.9925e+02    554.255      13303  1028.3063  1028.3065     4.5719     0.1553     0.1174    34.0211    34.0213    8.43559         26 0.0000e+00
    193.000    190.916    -1.6905  26.980860    -1.6907  26.980901     6.2693     6.5186     0.7215    96.3842 1.0000e-12  -73.92136 -118.81854  46.070259      99.39 2.9944e+02    555.394      13330  1028.3110  1028.3112     4.5724     0.1192     0.1217    34.0210    34.0213    8.43555         28 0.0000e+00
    194.000    191.904    -1.6906  26.981433    -1.6908  26.981359     6.3121     6.5227     0.6970    95.7147 1.0000e-12  -73.92136 -118.81854  46.070272      99.84 3.0066e+02    556.536      13358  1028.3160  1028.3161     4.5406     0.1664     0.1192    34.0212    34.0213    8.43555         27 0.0000e+00
    195.000    192.893    -1.6910  26.981696    -1.6910  26.981650     6.2624     6.5273     0.3901    96.2156 1.0000e-12  -73.92136 -118.81854  46.070285      99.89 2.9869e+02    557.632      13384  1028.3210  1028.3210     4.5637     0.1712     0.1231    34.0214    34.0214    8.43563         25 0.0000e+00
    196.000    193.883    -1.6911  26.981955    -1.6911  26.982013     6.2802     6.5185     0.3657    95.3738 1.0000e-12  -73.92136 -118.81854  46.070297      99.89 2.9881e+02    558.693      13410  1028.3256  1028.3258     4.5251     0.1167     0.1203    34.0212    34.0214    8.43566         26 0.0000e+00
    197.000    194.870    -1.6909  26.982404    -1.6913  26.982261     6.2984     6.5219     0.4881    96.4415 1.0000e-12  -73.92136 -118.81854  46.070309      99.90 2.9955e+02    559.733      13435  1028.3303  1028.3305     4.5750     0.1141     0.1184    34.0211    34.0213    8.43564         24 0.0000e+00
    198.000    195.858    -1.6906  26.983135    -1.6907  26.983076     6.2887     6.5312     0.3960    96.3809 1.0000e-12  -73.92136 -118.81854  46.070321      99.88 2.9881e+02    560.768      13459  1028.3351  1028.3351     4.5722     0.1583     0.1183    34.0211    34.0211    8.43556         26 0.0000e+00
    199.000    196.848    -1.6928  26.982369    -1.6928  26.982401     6.2954     6.5369     0.4029    96.2012 1.0000e-12  -73.92136 -118.81853  46.070334      99.89 2.9758e+02    561.873      13486  1028.3407  1028.3407     4.5637     0.1278     0.1172    34.0219    34.0220    8.43601         28 0.0000e+00
    200.000    197.837    -1.6964  26.980919    -1.6966  26.980887     6.2904     6.5390     0.8302    96.2011 1.0000e-12  -73.92136 -118.81853  46.070348      99.89 2.9978e+02    563.046      13514  1028.3469  1028.3470     4.5637     0.1502     0.1210    34.0234    34.0235    8.43674         28 0.0000e+00
    201.000    198.827    -1.6976  26.981221    -1.6975  26.981216     6.2883     6.5346     0.8454    96.2982 1.0000e-12  -73.92136 -118.81852  46.070361      99.89 2.9854e+02    564.184      13541  1028.3527  1028.3526     4.5683     0.1378     0.1227    34.0245    34.0245    8.43695         26 0.0000e+00
    202.000    199.814    -1.6978  26.981833    -1.6978  26.981750     6.3013     6.5256     0.6827    96.2835 1.0000e-12  -73.92136 -118.81854  46.070373      99.90 2.9701e+02    565.248      13567  1028.3579  1028.3577     4.5676     0.1142     0.1185    34.0250    34.0249    8.43697         25 0.0000e+00
    203.000    200.803    -1.6982  26.982090    -1.6980  26.982155     6.3046     6.5276     0.2548    96.4738 1.0000e-12  -73.92136 -118.81852  46.070385      99.89 2.9896e+02    566.274      13592  1028.3629  1028.3627     4.5765     0.1070     0.1219    34.0252    34.0250    8.43705         24 0.0000e+00
    204.000    201.791    -1.6999  26.981738    -1.6994  26.981954     6.2926     6.5458     0.2026    96.2614 1.0000e-12  -73.92136 -118.81854  46.070397      99.89 2.9955e+02    567.310      13616  1028.3684  1028.3681     4.5665     0.1240     0.1176    34.0260    34.0257    8.43738         26 0.0000e+00
    205.000    202.782    -1.7057  26.978902    -1.7063  26.978864     6.3294     6.5476     0.2282    96.0950 1.0000e-12  -73.92136 -118.81852  46.070410      92.54 2.9739e+02    568.422      13643  1028.3752  1028.3757     4.5586     0.1485     0.1189    34.0281    34.0287    8.43858         28 0.0000e+00
    206.000    203.768    -1.7120  26.976153    -1.7127  26.975716     6.2782     6.5507     0.4276    96.2415 1.0000e-12  -73.92136 -118.81853  46.070425      98.43 2.9933e+02    569.679      13673  1028.3826  1028.3828     4.5656     0.1411     0.1177    34.0309    34.0310    8.43986         30 0.0000e+00
    207.000    204.758    -1.7120  26.976657    -1.7120  26.976754     6.3581     6.5570     0.3790    96.5228 1.0000e-12  -73.92136 -118.81853  46.070439      99.89 2.9890e+02    570.966      13704  1028.3873  1028.3874     4.5789     0.1280     0.1200    34.0309    34.0310    8.43984         29 0.0000e+00
    208.000    205.747    -1.7101  26.978496    -1.7100  26.978528     6.3135     6.5545     0.4176    96.3960 1.0000e-12  -73.92136 -118.81852  46.070454      99.89 2.9538e+02    572.194      13734  1028.3918  1028.3917     4.5729     0.1602     0.1175    34.0307    34.0306    8.43943         30 0.0000e+00
