ocean_section_plots/required_files/ctd/dnbp2202_ctd058.cnv
* Sea-Bird SBE 9 Data File:
* FileName = D:\Data\raw\NBP2202_CTD058.hex
* Software Version Seasave V 7.26.7.121
* Temperature SN = 1649
* Conductivity SN = 2513
* Number of Bytes Per Scan = 40
* Number of Voltage Words = 5
* Number of Scans Averaged by the Deck Unit = 1
* NMEA Latitude = 74 10.82 S
* NMEA Longitude = 111 42.87 W
* NMEA UTC (Time) = Jan 25 2022  07:45:47
* NMEA baud rate = 9600
** Ship: RVIB N.B. Palmer
** Cruise: NBP2202 Thwaites
** Station: Section Dotson C
** Operator: B.Bjork
# nquan = 25
# nvalues = 262                         
# units = specified
# name 0 = prDM: Pressure, Digiquartz [db]
# name 1 = depSM: Depth [salt water, m]
# name 2 = t090C: Temperature [ITS-90, deg C]
# name 3 = c0mS/cm: Conductivity [mS/cm]
# name 4 = t190C: Temperature, 2 [ITS-90, deg C]
# name 5 = c1mS/cm: Conductivity, 2 [mS/cm]
# name 6 = sbeox0ML/L: Oxygen, SBE 43 [ml/l]
# name 7 = sbeox1ML/L: Oxygen, SBE 43, 2 [ml/l]
# name 8 = flECO-AFL: Fluorescence, WET Labs ECO-AFL/FL [mg/m^3]
# name 9 = CStarTr0: Beam Transmission, WET Labs C-Star [%]
# name 10 = par: PAR/Irradiance, Biospherical/Licor
# name 11 = latitude: Latitude [deg]
# name 12 = longitude: Longitude [deg]
# name 13 = timeJ: Julian Days
# name 14 = altM: Altimeter [m]
# name 15 = spar: SPAR, Biospherical/Licor
# name 16 = timeS: Time, Elapsed [seconds]
# name 17 = scan: Scan Count
# name 18 = density00: Density [density, kg/m^3]
# name 19 = density11: Density, 2 [density, kg/m^3]
# name 20 = sal00: Salinity, Practical [PSU]
# name 21 = sal11: Salinity, Practical, 2 [PSU]
# name 22 = oxsolML/L: Oxygen Saturation, Garcia & Gordon [ml/l]
# name 23 = nbin: number of scans per bin
# name 24 = flag: flag
# span 0 =      2.000,    263.000       
# span 1 =      1.980,    260.109       
# span 2 =    -1.3892,    -1.0328       
# span 3 =  27.135526,  27.297944       
# span 4 =    -1.3896,    -0.9788       
# span 5 =  27.135705,  27.309074       
# span 6 =     6.1092,     7.9146       
# span 7 =     6.4206,     8.3157       
# span 8 =     0.0395,    16.2836       
# span 9 =    76.3762,    96.6652       
# span 10 = 1.0000e-12, 2.6117e+01      
# span 11 =  -74.18042,  -74.18042      
# span 12 = -111.71452, -111.71448      
# span 13 =  25.325914,  25.331324      
# span 14 =       7.52,      99.81      
# span 15 = 5.6318e+01, 6.5227e+01      
# span 16 =    211.938,    679.439      
# span 17 =       5088,      16308      
# span 18 =  1027.1752,  1028.6571      
# span 19 =  1027.1797,  1028.6562      
# span 20 =    33.7713,    34.0508      
# span 21 =    33.7774,    34.0492      
# span 22 =    8.30245,    8.37159      
# span 23 =         13,         52      
# span 24 = 0.0000e+00, 0.0000e+00      
# interval = decibars: 1                
# start_time = Jan 25 2022 07:45:47 [NMEA time, header]
# bad_flag = -9.990e-29
*END*
[from data line 232]
    234.000    231.447    -1.3778  27.274244    -1.3776  27.273719     6.1618     6.4754     0.0672    96.5587 1.0000e-12  -74.18042 -111.71452  25.330099      37.92 5.8175e+01    573.567      13767  1028.5149  1028.5142    34.0440    34.0430    8.36352         36 0.0000e+00
    235.000    232.436    -1.3775  27.275098    -1.3772  27.274605     6.1632     6.4735     0.0529    96.5551 1.0000e-12  -74.18042 -111.71452  25.330124      36.87 5.8175e+01    575.703      13818  1028.5199  1028.5191    34.0442    34.0432    8.36344         42 0.0000e+00
    236.000    233.423    -1.3770  27.276271    -1.3766  27.275659     6.1653     6.4677     0.0603    96.5700 1.0000e-12  -74.18042 -111.71452  25.330148      35.80 5.8175e+01    577.785      13868  1028.5250  1028.5240    34.0446    34.0434    8.36330         40 0.0000e+00
    237.000    234.413    -1.3754  27.278433    -1.3750  27.277968     6.1612     6.4721     0.0403    96.5006 1.0000e-12  -74.18042 -111.71452  25.330172      34.66 5.8175e+01    579.859      13918  1028.5301  1028.5292    34.0452    34.0441    8.36292         42 0.0000e+00
    238.000    235.401    -1.3749  27.279411    -1.3752  27.278236     6.1571     6.4727     0.0604    96.5865 1.0000e-12  -74.18042 -111.71452  25.330197      33.55 5.8175e+01    582.010      13969  1028.5350  1028.5340    34.0453    34.0441    8.36279         43 0.0000e+00
    239.000    236.390    -1.3745  27.280547    -1.3741  27.280003     6.1492     6.4690     0.0619    96.5809 1.0000e-12  -74.18042 -111.71452  25.330222      32.55 5.7506e+01    584.186      14021  1028.5401  1028.5392    34.0458    34.0446    8.36267         39 0.0000e+00
    240.000    237.377    -1.3743  27.281214    -1.3739  27.280658     6.1549     6.4675     0.0842    96.5948 1.0000e-12  -74.18042 -111.71452  25.330247      31.52 5.8178e+01    586.334      14073  1028.5450  1028.5441    34.0458    34.0447    8.36262         40 0.0000e+00
    241.000    238.366    -1.3741  27.281872    -1.3737  27.281278     6.1626     6.4691     0.0484    96.5620 1.0000e-12  -74.18042 -111.71452  25.330272      30.58 5.7842e+01    588.467      14124  1028.5498  1028.5489    34.0459    34.0447    8.36257         44 0.0000e+00
    242.000    239.353    -1.3737  27.282601    -1.3734  27.282006     6.1559     6.4692     0.0808    96.6203 1.0000e-12  -74.18042 -111.71452  25.330297      29.42 5.7300e+01    590.618      14176  1028.5545  1028.5537    34.0458    34.0447    8.36248         37 0.0000e+00
    243.000    240.345    -1.3736  27.283182    -1.3733  27.282703     6.1596     6.4622     0.0587    96.6573 1.0000e-12  -74.18042 -111.71452  25.330321      28.37 5.8155e+01    592.752      14227  1028.5595  1028.5586    34.0460    34.0449    8.36247         41 0.0000e+00
    244.000    241.332    -1.3732  27.284298    -1.3729  27.283770     6.1582     6.4644     0.0696    96.5784 1.0000e-12  -74.18042 -111.71452  25.330346      27.29 5.8120e+01    594.879      14278  1028.5646  1028.5637    34.0464    34.0453    8.36235         41 0.0000e+00
    245.000    242.321    -1.3734  27.284714    -1.3729  27.284180     6.1587     6.4674     0.1167    96.6127 1.0000e-12  -74.18042 -111.71452  25.330371      26.34 5.6949e+01    597.011      14329  1028.5695  1028.5685    34.0465    34.0452    8.36238         43 0.0000e+00
    246.000    243.309    -1.3735  27.284914    -1.3731  27.284428     6.1580     6.4683     0.0566    96.5994 1.0000e-12  -74.18042 -111.71452  25.330417      25.22 5.7133e+01    600.995      14425  1028.5742  1028.5733    34.0463    34.0452    8.36242         39 0.0000e+00
    247.000    244.297    -1.3737  27.285463    -1.3734  27.284935     6.1604     6.4691     0.0789    96.5532 1.0000e-12  -74.18042 -111.71452  25.330454      24.20 5.6954e+01    604.249      14503  1028.5792  1028.5783    34.0467    34.0456    8.36244         36 0.0000e+00
    248.000    245.287    -1.3740  27.285717    -1.3736  27.285141     6.1591     6.4698     0.1887    96.5916 1.0000e-12  -74.18042 -111.71452  25.330488      23.10 5.6675e+01    607.151      14573  1028.5841  1028.5831    34.0467    34.0455    8.36251         40 0.0000e+00
    249.000    246.273    -1.3737  27.286236    -1.3733  27.285711     6.1561     6.4705     0.0953    96.5006 1.0000e-12  -74.18042 -111.71452  25.330523      21.99 5.7008e+01    610.163      14645  1028.5887  1028.5877    34.0465    34.0453    8.36246         36 0.0000e+00
    250.000    247.263    -1.3737  27.286699    -1.3734  27.286164     6.1558     6.4630     0.0675    96.5739 1.0000e-12  -74.18042 -111.71451  25.330558      20.99 5.6830e+01    613.213      14718  1028.5935  1028.5926    34.0465    34.0454    8.36246         34 0.0000e+00
    251.000    248.254    -1.3739  27.287187    -1.3735  27.286681     6.1583     6.4716     0.0762    96.6336 1.0000e-12  -74.18042 -111.71451  25.330592      19.97 5.6679e+01    616.136      14788  1028.5985  1028.5976    34.0468    34.0457    8.36248         40 0.0000e+00
    252.000    249.239    -1.3740  27.287700    -1.3736  27.287092     6.1634     6.4685     0.0772    96.5291 1.0000e-12  -74.18042 -111.71451  25.330625      18.95 5.6414e+01    618.987      14857  1028.6034  1028.6023    34.0470    34.0457    8.36249         34 0.0000e+00
    253.000    250.230    -1.3742  27.287991    -1.3737  27.287527     6.1583     6.4665     0.0640    96.5869 1.0000e-12  -74.18042 -111.71450  25.330659      17.92 5.6412e+01    621.928      14927  1028.6082  1028.6072    34.0470    34.0458    8.36254         42 0.0000e+00
    254.000    251.215    -1.3741  27.288629    -1.3736  27.288089     6.1567     6.4689     0.0636    96.5729 1.0000e-12  -74.18042 -111.71450  25.330693      16.95 5.6412e+01    624.872      14998  1028.6131  1028.6121    34.0471    34.0458    8.36250         31 0.0000e+00
    255.000    252.205    -1.3741  27.289126    -1.3736  27.288601     6.1548     6.4690     0.1456    96.5222 1.0000e-12  -74.18042 -111.71450  25.330726      15.88 5.6412e+01    627.731      15067  1028.6180  1028.6169    34.0472    34.0459    8.36251         39 0.0000e+00
    256.000    253.192    -1.3741  27.289613    -1.3736  27.289105     6.1551     6.4656     0.0856    96.6411 1.0000e-12  -74.18042 -111.71450  25.330759      14.83 5.7012e+01    630.559      15134  1028.6228  1028.6217    34.0472    34.0460    8.36250         33 0.0000e+00
    257.000    254.183    -1.3738  27.290490    -1.3734  27.289837     6.1576     6.4681     0.0488    96.5635 1.0000e-12  -74.18042 -111.71450  25.330792      13.78 5.7081e+01    633.471      15204  1028.6278  1028.6267    34.0475    34.0461    8.36242         37 0.0000e+00
    258.000    255.170    -1.3736  27.291259    -1.3730  27.290769     6.1613     6.4647     0.1025    96.6523 1.0000e-12  -74.18042 -111.71450  25.330826      12.76 5.6555e+01    636.357      15274  1028.6327  1028.6316    34.0477    34.0464    8.36236         37 0.0000e+00
    259.000    256.159    -1.3732  27.292174    -1.3728  27.291511     6.1566     6.4665     0.1078    96.6224 1.0000e-12  -74.18042 -111.71449  25.330859      11.76 5.6409e+01    639.224      15342  1028.6377  1028.6365    34.0479    34.0466    8.36226         41 0.0000e+00
    260.000    257.147    -1.3733  27.292628    -1.3728  27.291970     6.1577     6.4680     0.1308    96.5673 1.0000e-12  -74.18042 -111.71449  25.330893      10.73 5.6412e+01    642.111      15412  1028.6426  1028.6413    34.0481    34.0466    8.36228         42 0.0000e+00
    261.000    258.135    -1.3727  27.293844    -1.3722  27.293232     6.1568     6.4650     0.0643    96.6297 1.0000e-12  -74.18042 -111.71449  25.330926       9.68 5.6605e+01    645.041      15482  1028.6476  1028.6464    34.0484    34.0470    8.36212         47 0.0000e+00
    262.000    259.125    -1.3704  27.297944    -1.3701  27.297064     6.1618     6.4708     0.0733    96.6652 1.0000e-12  -74.18042 -111.71448  25.330962       8.66 5.6866e+01    648.093      15555  1028.6542  1028.6529    34.0508    34.0492    8.36146         35 0.0000e+00
    263.000    260.109    -1.3724  27.294995    -1.3714  27.294998     6.1542     6.4687     0.0937    96.5393 1.0000e-12  -74.18042 -111.71449  25.331324       7.52 5.6318e+01    679.439      16308  1028.6571  1028.6562    34.0484    34.0473    8.36206         13 0.0000e+00
