ocean_section_plots/required_files/ctd/dnbp2202_ctd082.cnv
* Sea-Bird SBE 9 Data File:
* FileName = D:\Data\raw\NBP2202_CTD082.hex
* Software Version Seasave V 7.26.7.121
* Temperature SN = 1649
* Conductivity SN = 2513
* Number of Bytes Per Scan = 40
* Number of Voltage Words = 5
* Number of Scans Averaged by the Deck Unit = 1
* NMEA Latitude = 74 10.51 S
* NMEA Longitude = 113 20.67 W
* NMEA UTC (Time) = Jan 26 2022  18:05:57
* NMEA baud rate = 9600
** Ship: RVIB N.B. Palmer
** Cruise: NBP2202 Thwaites
** Station: YoYo001
** Operator: A. Robinson
# nquan = 25
# nvalues = 607                         
# units = specified
# name 0 = prDM: Pressure, Digiquartz [db]
# name 1 = depSM: Depth [salt water, m]
# name 2 = t090C: Temperature [ITS-90, deg C]
# name 3 = c0mS/cm: Conductivity [mS/cm]
# name 4 = t190C: Temperature, 2 [ITS-90, deg C]
# name 5 = c1mS/cm: Conductivity, 2 [mS/cm]
# name 6 = sbeox0ML/L: Oxygen, SBE 43 [ml/l]
# name 7 = sbeox1ML/L: Oxygen, SBE 43, 2 [ml/l]
# name 8 = flECO-AFL: Fluorescence, WET Labs ECO-AFL/FL [mg/m^3]
# name 9 = CStarTr0: Beam Transmission, WET Labs C-Star [%]
# name 10 = par: PAR/Irradiance, Biospherical/Licor
# name 11 = latitude: Latitude [deg]
# name 12 = longitude: Longitude [deg]
# name 13 = timeJ: Julian Days
# name 14 = altM: Altimeter [m]
# name 15 = spar: SPAR, Biospherical/Licor
# name 16 = timeS: Time, Elapsed [seconds]
# name 17 = scan: Scan Count
# name 18 = density00: Density [density, kg/m^3]
# name 19 = density11: Density, 2 [density, kg/m^3]
# name 20 = sal00: Salinity, Practical [PSU]
# name 21 = sal11: Salinity, Practical, 2 [PSU]
# name 22 = oxsolML/L: Oxygen Saturation, Garcia & Gordon [ml/l]
# name 23 = nbin: number of scans per bin
# name 24 = flag: flag
# span 0 =     10.000,    616.000       
# span 1 =      9.893,    608.728       
# span 2 =    -1.5755,     0.0813       
# span 3 =  26.951669,  28.914476       
# span 4 =    -1.5750,     0.0839       
# span 5 =  26.951507,  28.915005       
# span 6 =     4.6993,     8.6288       
# span 7 =     4.7820,     8.5272       
# span 8 =    -0.0225,    26.3556       
# span 9 =    70.0690,    95.7542       
# span 10 = -1.276e-05, 5.0333e+01      
# span 11 =  -74.17530,  -74.17528      
# span 12 = -113.34460, -113.34456      
# span 13 =  26.754552,  26.764194      
# span 14 =       4.54,      99.99      
# span 15 = 1.2851e+03, 1.5299e+03      
# span 16 =     36.288,    869.344      
# span 17 =        872,      20865      
# span 18 =  1027.2249,  1030.5160      
# span 19 =  1027.2234,  1030.5138      
# span 20 =    33.7930,    34.3775      
# span 21 =    33.7911,    34.3750      
# span 22 =    8.02812,    8.41302      
# span 23 =         15,         44      
# span 24 = 0.0000e+00, 0.0000e+00      
# interval = decibars: 1                
# start_time = Jan 26 2022 18:05:57 [NMEA time, header]
# bad_flag = -9.990e-29
*END*
     10.000      9.893    -1.0147  27.289306    -1.0134  27.288906     8.6066     8.4421    19.9759    71.5461 5.0333e+01  -74.17528 -113.34460  26.754552      99.41 1.5286e+03     36.288        872  1027.2249  1027.2234    33.7930    33.7911    8.29747         20 0.0000e+00
     11.000     10.886    -1.0157  27.289560    -1.0138  27.289600     8.6281     8.4804    18.1540    70.6783 3.6888e+01  -74.17528 -113.34460  26.754571      99.91 1.5299e+03     37.973        912  1027.2302  1027.2285    33.7938    33.7918    8.29764         37 0.0000e+00
     12.000     11.875    -1.0143  27.291060    -1.0125  27.290919     8.6288     8.5165    18.1032    70.2730 2.6694e+01  -74.17528 -113.34460  26.754591      99.97 1.5286e+03     39.681        953  1027.2345  1027.2328    33.7937    33.7915    8.29734         41 0.0000e+00
     13.000     12.865    -1.0151  27.290984    -1.0137  27.290707     8.5935     8.5272    20.9019    71.3771 1.9575e+01  -74.17528 -113.34460  26.754612      94.16 1.5271e+03     41.470        996  1027.2394  1027.2378    33.7939    33.7919    8.29751         43 0.0000e+00
     14.000     13.855    -1.0193  27.288799    -1.0195  27.287672     8.4934     8.4852    22.4971    70.0690 1.4584e+01  -74.17528 -113.34460  26.754632      98.52 1.5251e+03     43.224       1038  1027.2452  1027.2443    33.7950    33.7937    8.29837         38 0.0000e+00
     15.000     14.844    -1.0275  27.283286    -1.0206  27.287492     8.2945     8.3528    23.4253    70.1960 1.0887e+01  -74.17528 -113.34460  26.754652      99.84 1.5233e+03     44.912       1079  1027.2513  1027.2494    33.7961    33.7941    8.30012         36 0.0000e+00
     16.000     15.833    -1.0664  27.254521    -1.0654  27.255461     8.2014     8.2725    26.3556    70.8021 8.1531e+00  -74.17528 -113.34460  26.754672      99.90 1.5218e+03     46.626       1120  1027.2616  1027.2617    33.8001    33.8002    8.30851         39 0.0000e+00
     17.000     16.823    -1.0725  27.250296    -1.0703  27.250662     8.1932     8.2609    23.1651    70.5566 6.1519e+00  -74.17528 -113.34460  26.754692      99.98 1.5212e+03     48.390       1162  1027.2668  1027.2652    33.8005    33.7986    8.30983         41 0.0000e+00
     18.000     17.812    -1.0778  27.246517    -1.0741  27.248240     8.1912     8.2576    22.9458    70.4473 4.7304e+00  -74.17528 -113.34460  26.754712      99.98 1.5197e+03     50.128       1204  1027.2718  1027.2702    33.8008    33.7989    8.31100         41 0.0000e+00
     19.000     18.802    -1.0734  27.250578    -1.0735  27.249458     8.1495     8.2277    21.6582    70.9715 3.6797e+00  -74.17528 -113.34460  26.754732      99.98 1.5199e+03     51.819       1245  1027.2761  1027.2750    33.8007    33.7992    8.31003         38 0.0000e+00
     20.000     19.793    -1.0937  27.235119    -1.0932  27.234120     8.2049     8.2595    20.3609    71.6684 2.8619e+00  -74.17528 -113.34460  26.754751      99.96 1.5209e+03     53.517       1285  1027.2828  1027.2814    33.8018    33.7999    8.31445         33 0.0000e+00
     21.000     20.782    -1.0754  27.250199    -1.0761  27.247604     8.1779     8.2657    20.4225    73.1439 2.2327e+00  -74.17528 -113.34460  26.754771      98.40 1.5216e+03     55.254       1327  1027.2858  1027.2836    33.8012    33.7984    8.31044         39 0.0000e+00
     22.000     21.771    -1.0867  27.241220    -1.0834  27.243871     7.9773     8.1148    22.1014    71.6923 1.7469e+00  -74.17528 -113.34459  26.754792      99.85 1.5222e+03     57.017       1369  1027.2911  1027.2908    33.8010    33.8009    8.31295         42 0.0000e+00
     23.000     22.761    -1.1225  27.213555    -1.1211  27.213740     7.6807     7.9153    21.9231    71.0659 1.3698e+00  -74.17528 -113.34459  26.754812      99.96 1.5231e+03     58.769       1411  1027.2995  1027.2984    33.8030    33.8016    8.32079         39 0.0000e+00
     24.000     23.751    -1.1846  27.163357    -1.1727  27.173219     7.5179     7.7886    22.1126    71.8744 1.0796e+00  -74.17528 -113.34458  26.754832      99.97 1.5231e+03     60.494       1453  1027.3083  1027.3078    33.8037    33.8037    8.33457         40 0.0000e+00
     25.000     24.739    -1.2070  27.146591    -1.1772  27.168667     7.6240     7.7640    17.1290    71.9989 8.5582e-01  -74.17528 -113.34458  26.754852      99.95 1.5226e+03     62.216       1494  1027.3153  1027.3108    33.8054    33.8020    8.33946         39 0.0000e+00
     26.000     25.730    -1.1805  27.168137    -1.1925  27.157900     7.6270     7.7256    16.8605    74.3366 6.7577e-01  -74.17528 -113.34458  26.754872      99.95 1.5203e+03     63.947       1536  1027.3170  1027.3176    33.8044    33.8038    8.33361         42 0.0000e+00
     27.000     26.719    -1.1975  27.155052    -1.2002  27.152200     7.5313     7.6309    15.4681    74.3387 5.3052e-01  -74.17528 -113.34459  26.754892      99.95 1.5165e+03     65.711       1578  1027.3231  1027.3227    33.8050    33.8041    8.33736         43 0.0000e+00
     28.000     27.708    -1.2119  27.144475    -1.2235  27.134783     7.4017     7.5332    14.8571    75.5975 4.1972e-01  -74.17528 -113.34459  26.754913      99.80 1.5128e+03     67.488       1621  1027.3293  1027.3300    33.8061    33.8060    8.34050         40 0.0000e+00
     29.000     28.697    -1.2428  27.120053    -1.2453  27.117687     7.3308     7.4931    15.8017    75.8427 3.3344e-01  -74.17528 -113.34459  26.754933      99.90 1.5084e+03     69.200       1662  1027.3363  1027.3362    33.8069    33.8066    8.34735         38 0.0000e+00
     30.000     29.687    -1.2499  27.115408    -1.2475  27.116208     7.3137     7.4878    17.7917    74.7772 2.6428e-01  -74.17528 -113.34460  26.754952      99.79 1.5052e+03     70.864       1702  1027.3420  1027.3405    33.8080    33.8063    8.34888         41 0.0000e+00
     31.000     30.677    -1.2559  27.110836    -1.2531  27.111965     7.3135     7.4718    14.7821    77.5404 2.0790e-01  -74.17528 -113.34460  26.754972      99.50 1.5022e+03     72.603       1743  1027.3467  1027.3451    33.8078    33.8062    8.35023         37 0.0000e+00
     32.000     31.667    -1.2588  27.109018    -1.2572  27.109218     7.2762     7.3651    15.8698    78.4871 1.6092e-01  -74.17528 -113.34460  26.754994      99.68 1.5004e+03     74.448       1788  1027.3514  1027.3501    33.8080    33.8065    8.35087         40 0.0000e+00
     33.000     32.656    -1.2658  27.104207    -1.2733  27.097923     7.1595     7.2189    14.3497    77.5798 1.2257e-01  -74.17528 -113.34460  26.755014      99.72 1.4987e+03     76.207       1830  1027.3569  1027.3572    33.8087    33.8085    8.35240         39 0.0000e+00
     34.000     33.645    -1.2877  27.087566    -1.3087  27.070484     7.0609     7.1733    14.2684    79.7051 9.1735e-02  -74.17528 -113.34460  26.755034      99.51 1.4970e+03     77.901       1871  1027.3638  1027.3652    33.8099    33.8103    8.35721         39 0.0000e+00
     35.000     34.635    -1.3055  27.074292    -1.3034  27.074784     7.0255     7.1891    11.8858    78.5138 6.8614e-02  -74.17528 -113.34460  26.755054      72.79 1.4942e+03     79.673       1913  1027.3703  1027.3687    33.8112    33.8095    8.36113         42 0.0000e+00
     36.000     35.624    -1.3054  27.074539    -1.3028  27.075730     6.9767     7.1579    10.8874    78.5641 4.6984e-02  -74.17528 -113.34459  26.755075      99.35 1.4920e+03     81.454       1956  1027.3745  1027.3731    33.8108    33.8095    8.36113         41 0.0000e+00
     37.000     36.613    -1.3177  27.065022    -1.3126  27.068374     6.9575     7.1281    12.0726    80.1302 2.9772e-02  -74.17528 -113.34459  26.755095      99.52 1.4879e+03     83.179       1997  1027.3799  1027.3786    33.8111    33.8099    8.36388         36 0.0000e+00
     38.000     37.602    -1.3219  27.062866    -1.3142  27.067816     6.9667     7.1201    11.5300    80.6125 1.5837e-02  -74.17528 -113.34459  26.755115      99.44 1.4834e+03     84.899       2039  1027.3856  1027.3836    33.8122    33.8103    8.36475         32 0.0000e+00
     39.000     38.592    -1.3193  27.065164    -1.3180  27.065073     6.9594     7.0932    11.7791    80.9924 4.7159e-03  -74.17528 -113.34459  26.755134      99.41 1.4791e+03     86.619       2080  1027.3898  1027.3883    33.8118    33.8102    8.36420         40 0.0000e+00
     40.000     39.582    -1.3209  27.064573    -1.3217  27.063118     6.8705     7.0413    11.3978    81.5087 -1.276e-05  -74.17528 -113.34459  26.755154      99.41 1.4747e+03     88.317       2121  1027.3947  1027.3939    33.8122    33.8111    8.36453         40 0.0000e+00
     41.000     40.572    -1.3375  27.051984    -1.3315  27.055902     6.7499     6.9267    10.4793    82.1147 1.0000e-12  -74.17528 -113.34459  26.755174      99.39 1.4719e+03     90.006       2161  1027.4011  1027.3995    33.8131    33.8116    8.36820         40 0.0000e+00
     42.000     41.560    -1.3560  27.038986    -1.3506  27.041995     6.6193     6.7661    10.4741    82.3846 1.0000e-12  -74.17528 -113.34459  26.755194      99.39 1.4686e+03     91.751       2203  1027.4087  1027.4068    33.8155    33.8135    8.37221         42 0.0000e+00
     43.000     42.552    -1.3791  27.022335    -1.3844  27.018419     6.4900     6.6543    11.7761    81.1604 1.0000e-12  -74.17528 -113.34459  26.755214      99.27 1.4655e+03     93.505       2245  1027.4167  1027.4176    33.8180    33.8187    8.37724         37 0.0000e+00
     44.000     43.539    -1.3939  27.012846    -1.3943  27.011539     6.4794     6.6423     9.7471    82.8672 1.0000e-12  -74.17528 -113.34459  26.755234      96.61 1.4641e+03     95.202       2286  1027.4246  1027.4235    33.8212    33.8198    8.38039         39 0.0000e+00
     45.000     44.530    -1.3947  27.012613    -1.3908  27.014459     6.4685     6.6210     9.4928    83.3871 1.0000e-12  -74.17528 -113.34459  26.755254      99.42 1.4632e+03     96.921       2327  1027.4290  1027.4273    33.8211    33.8192    8.38057         42 0.0000e+00
     46.000     45.518    -1.3975  27.011325    -1.3960  27.011469     6.4264     6.5669     7.3132    84.1764 1.0000e-12  -74.17528 -113.34459  26.755274      99.43 1.4632e+03     98.694       2370  1027.4343  1027.4330    33.8219    33.8203    8.38115         42 0.0000e+00
     47.000     46.508    -1.4048  27.007438    -1.4047  27.006721     6.3959     6.5312     9.6546    85.2192 1.0000e-12  -74.17528 -113.34458  26.755294      99.56 1.4634e+03    100.429       2411  1027.4412  1027.4404    33.8241    33.8231    8.38266         39 0.0000e+00
     48.000     47.498    -1.4089  27.005391    -1.4079  27.005323     6.3610     6.4953     6.5547    86.0230 1.0000e-12  -74.17528 -113.34458  26.755314      99.58 1.4643e+03    102.123       2452  1027.4470  1027.4460    33.8254    33.8242    8.38352         41 0.0000e+00
     49.000     48.487    -1.4139  27.002710    -1.4129  27.002357     6.3524     6.4846     6.4734    86.2352 1.0000e-12  -74.17528 -113.34458  26.755334      99.53 1.4650e+03    103.883       2494  1027.4530  1027.4517    33.8267    33.8251    8.38455         37 0.0000e+00
     50.000     49.477    -1.4139  27.003252    -1.4135  27.002479     6.3376     6.4808     7.1770    84.8676 1.0000e-12  -74.17528 -113.34458  26.755355      99.52 1.4663e+03    105.649       2537  1027.4577  1027.4565    33.8268    33.8253    8.38455         41 0.0000e+00
     51.000     50.466    -1.4153  27.003116    -1.4137  27.003280     6.3321     6.4636     7.8717    86.7296 1.0000e-12  -74.17528 -113.34458  26.755374      98.40 1.4669e+03    107.356       2578  1027.4631  1027.4617    33.8276    33.8259    8.38481         38 0.0000e+00
     52.000     51.456    -1.4175  27.002050    -1.4168  27.001562     6.3241     6.4544     7.2535    86.1603 1.0000e-12  -74.17528 -113.34458  26.755394      99.26 1.4665e+03    109.056       2618  1027.4682  1027.4671    33.8279    33.8266    8.38528         39 0.0000e+00
     53.000     52.445    -1.4190  27.001281    -1.4168  27.001743     6.3074     6.4419     4.7988    88.0234 1.0000e-12  -74.17528 -113.34459  26.755414      99.68 1.4652e+03    110.781       2660  1027.4730  1027.4715    33.8280    33.8262    8.38562         33 0.0000e+00
     54.000     53.434    -1.4206  27.000687    -1.4201  26.999943     6.3004     6.4346     5.5172    87.2632 1.0000e-12  -74.17528 -113.34460  26.755435      99.71 1.4634e+03    112.542       2702  1027.4781  1027.4768    33.8283    33.8268    8.38596         39 0.0000e+00
     55.000     54.424    -1.4215  27.000270    -1.4202  27.000485     6.2699     6.4006     6.8563    87.3748 1.0000e-12  -74.17528 -113.34460  26.755455      99.66 1.4596e+03    114.297       2744  1027.4828  1027.4817    33.8282    33.8270    8.38619         28 0.0000e+00
     56.000     55.413    -1.4241  26.999534    -1.4244  26.998138     6.1883     6.3185     5.1138    88.5088 1.0000e-12  -74.17528 -113.34460  26.755475      99.64 1.4565e+03    116.001       2785  1027.4887  1027.4875    33.8294    33.8279    8.38668         38 0.0000e+00
     57.000     56.402    -1.4381  26.989755    -1.4372  26.989810     6.0600     6.2207     6.1302    88.3413 1.0000e-12  -74.17528 -113.34460  26.755494      99.73 1.4528e+03    117.685       2825  1027.4958  1027.4949    33.8313    33.8303    8.38974         34 0.0000e+00
     58.000     57.392    -1.4562  26.977370    -1.4535  26.978859     5.9263     6.0739     4.4603    88.4105 1.0000e-12  -74.17528 -113.34460  26.755514      99.68 1.4493e+03    119.422       2867  1027.5038  1027.5028    33.8341    33.8330    8.39365         39 0.0000e+00
     59.000     58.380    -1.4733  26.966375    -1.4737  26.965089     5.8361     5.9837     4.0506    89.0941 1.0000e-12  -74.17528 -113.34460  26.755535      95.13 1.4458e+03    121.206       2910  1027.5122  1027.5113    33.8377    33.8364    8.39730         41 0.0000e+00
     60.000     59.371    -1.4851  26.958340    -1.4850  26.957523     5.8111     5.9478     3.3153    89.3639 1.0000e-12  -74.17528 -113.34460  26.755555      99.64 1.4417e+03    122.980       2953  1027.5189  1027.5178    33.8394    33.8381    8.39987         40 0.0000e+00
     61.000     60.360    -1.4874  26.957303    -1.4861  26.957353     5.7920     5.9246     2.3421    89.2355 1.0000e-12  -74.17528 -113.34460  26.755575      99.80 1.4389e+03    124.697       2994  1027.5239  1027.5227    33.8399    33.8384    8.40034         37 0.0000e+00
     62.000     61.349    -1.4928  26.953857    -1.4916  26.953790     5.7718     5.8958     2.5534    90.0040 1.0000e-12  -74.17528 -113.34460  26.755595      99.80 1.4371e+03    126.389       3034  1027.5295  1027.5282    33.8407    33.8392    8.40152         39 0.0000e+00
     63.000     62.339    -1.4960  26.952399    -1.4959  26.951507     5.7617     5.8831     2.2197    90.0333 1.0000e-12  -74.17528 -113.34460  26.755615      99.81 1.4358e+03    128.159       3077  1027.5350  1027.5339    33.8416    33.8402    8.40219         43 0.0000e+00
     64.000     63.328    -1.4976  26.951669    -1.4964  26.951550     5.7595     5.8770     1.9534    90.3804 1.0000e-12  -74.17528 -113.34460  26.755636      99.79 1.4353e+03    129.972       3120  1027.5400  1027.5387    33.8419    33.8403    8.40254         39 0.0000e+00
     65.000     64.318    -1.4983  26.951891    -1.4969  26.951697     5.7614     5.8717     1.5080    91.2834 1.0000e-12  -74.17528 -113.34459  26.755656      99.77 1.4355e+03    131.717       3162  1027.5450  1027.5435    33.8422    33.8405    8.40266         36 0.0000e+00
     66.000     65.305    -1.4988  26.952009    -1.4977  26.951850     5.7487     5.8655     2.1290    91.9172 1.0000e-12  -74.17528 -113.34459  26.755676      98.54 1.4366e+03    133.384       3202  1027.5498  1027.5485    33.8424    33.8409    8.40277         33 0.0000e+00
