ocean_section_plots/required_files/ctd/dnbp2202_ctd084.cnv
* Sea-Bird SBE 9 Data File:
* FileName = D:\Data\raw\NBP2202_CTD084.hex
* Software Version Seasave V 7.26.7.121
* Temperature SN = 1649
* Conductivity SN = 2513
* Number of Bytes Per Scan = 40
* Number of Voltage Words = 5
* Number of Scans Averaged by the Deck Unit = 1
* NMEA Latitude = 74 10.51 S
* NMEA Longitude = 113 20.67 W
* NMEA UTC (Time) = Jan 26 2022  19:01:51
* NMEA baud rate = 9600
** Ship: RVIB N.B. Palmer
** Cruise: NBP2202 Thwaites
** Station: YoYo001
** Operator: A. Robinson
# nquan = 25
# nvalues = 607                         
# units = specified
# name 0 = prDM: Pressure, Digiquartz [db]
# name 1 = depSM: Depth [salt water, m]
# name 2 = t090C: Temperature [ITS-90, deg C]
# name 3 = c0mS/cm: Conductivity [mS/cm]
# name 4 = t190C: Temperature, 2 [ITS-90, deg C]
# name 5 = c1mS/cm: Conductivity, 2 [mS/cm]
# name 6 = sbeox0ML/L: Oxygen, SBE 43 [ml/l]
# name 7 = sbeox1ML/L: Oxygen, SBE 43, 2 [ml/l]
# name 8 = flECO-AFL: Fluorescence, WET Labs ECO-AFL/FL [mg/m^3]
# name 9 = CStarTr0: Beam Transmission, WET Labs C-Star [%]
# name 10 = par: PAR/Irradiance, Biospherical/Licor
# name 11 = latitude: Latitude [deg]
# name 12 = longitude: Longitude [deg]
# name 13 = timeJ: Julian Days
# name 14 = altM: Altimeter [m]
# name 15 = spar: SPAR, Biospherical/Licor
# name 16 = timeS: Time, Elapsed [seconds]
# name 17 = scan: Scan Count
# name 18 = density00: Density [density, kg/m^3]
# name 19 = density11: Density, 2 [density, kg/m^3]
# name 20 = sal00: Salinity, Practical [PSU]
# name 21 = sal11: Salinity, Practical, 2 [PSU]
# name 22 = oxsolML/L: Oxygen Saturation, Garcia & Gordon [ml/l]
# name 23 = nbin: number of scans per bin
# name 24 = flag: flag
# span 0 =     10.000,    616.000       
# span 1 =      9.897,    608.722       
# span 2 =    -1.5778,     0.0985       
# span 3 =  26.952279,  28.928054       
# span 4 =    -1.5771,     0.1007       
# span 5 =  26.952339,  28.927795       
# span 6 =     4.6894,     8.7456       
# span 7 =     4.7711,     8.6374       
# span 8 =    -0.0224,    23.8710       
# span 9 =    68.2823,    95.7486       
# span 10 = 1.0000e-12, 8.1045e+01      
# span 11 =  -74.17530,  -74.17528      
# span 12 = -113.34462, -113.34458      
# span 13 =  26.793245,  26.802171      
# span 14 =       4.44,     100.19      
# span 15 = 1.6275e+03, 2.1035e+03      
# span 16 =     25.373,    796.562      
# span 17 =        610,      19118      
# span 18 =  1027.2228,  1030.5175      
# span 19 =  1027.2212,  1030.5152      
# span 20 =    33.7914,    34.3827      
# span 21 =    33.7891,    34.3799      
# span 22 =    8.02421,    8.41417      
# span 23 =         16,         55      
# span 24 = 0.0000e+00, 0.0000e+00      
# interval = decibars: 1                
# start_time = Jan 26 2022 19:01:51 [NMEA time, header]
# bad_flag = -9.990e-29
*END*
[from data line 522]
    532.000    525.818     0.0113  28.802730     0.0134  28.802577     4.7233     4.8024    -0.0039    94.9697 1.0000e-12  -74.17528 -113.34460  26.800413      89.32 1.7227e+03    644.670      15473  1030.1080  1030.1058    34.3566    34.3540    8.04396         27 0.0000e+00
    533.000    526.805     0.0127  28.804732     0.0149  28.804617     4.7207     4.8080    -0.0138    94.9495 1.0000e-12  -74.17528 -113.34460  26.800426      88.76 1.7199e+03    645.833      15501  1030.1131  1030.1108    34.3570    34.3544    8.04364         29 0.0000e+00
    534.000    527.792     0.0129  28.805371     0.0147  28.804851     4.7275     4.8069    -0.0094    94.9721 1.0000e-12  -74.17528 -113.34460  26.800440      88.00 1.7189e+03    646.998      15529  1030.1179  1030.1156    34.3571    34.3544    8.04360         28 0.0000e+00
    535.000    528.780     0.0127  28.805591     0.0146  28.805337     4.7246     4.8017    -0.0015    94.9588 1.0000e-12  -74.17528 -113.34460  26.800453      87.38 1.7162e+03    648.182      15557  1030.1226  1030.1204    34.3570    34.3545    8.04364         28 0.0000e+00
    536.000    529.767     0.0122  28.806139     0.0142  28.805951     4.7312     4.8104    -0.0157    94.9521 1.0000e-12  -74.17528 -113.34460  26.800467      85.64 1.7046e+03    649.387      15586  1030.1279  1030.1258    34.3577    34.3552    8.04371         29 0.0000e+00
    537.000    530.754     0.0108  28.806287     0.0128  28.805928     4.7333     4.8167    -0.0077    94.9522 1.0000e-12  -74.17528 -113.34460  26.800481      84.71 1.6828e+03    650.576      15615  1030.1338  1030.1315    34.3589    34.3562    8.04394         29 0.0000e+00
    538.000    531.741     0.0117  28.807948     0.0137  28.807569     4.7302     4.8140    -0.0026    94.9784 1.0000e-12  -74.17528 -113.34460  26.800495      83.92 1.6848e+03    651.745      15643  1030.1389  1030.1366    34.3594    34.3567    8.04370         28 0.0000e+00
    539.000    532.728     0.0130  28.809785     0.0151  28.809550     4.7345     4.8119    -0.0063    94.9376 1.0000e-12  -74.17528 -113.34460  26.800508      82.96 1.6982e+03    652.913      15671  1030.1438  1030.1415    34.3598    34.3572    8.04341         28 0.0000e+00
    540.000    533.715     0.0141  28.811416     0.0162  28.811115     4.7297     4.8117    -0.0066    94.9716 1.0000e-12  -74.17528 -113.34460  26.800522      81.83 1.6967e+03    654.085      15699  1030.1487  1030.1464    34.3602    34.3575    8.04316         27 0.0000e+00
    541.000    534.702     0.0150  28.812860     0.0172  28.812668     4.7273     4.8043    -0.0095    94.9869 1.0000e-12  -74.17528 -113.34460  26.800535      80.57 1.6907e+03    655.260      15727  1030.1537  1030.1513    34.3605    34.3578    8.04296         29 0.0000e+00
    542.000    535.689     0.0154  28.813641     0.0175  28.813435     4.7301     4.8039    -0.0061    94.9585 1.0000e-12  -74.17528 -113.34460  26.800549      79.30 1.6841e+03    656.447      15756  1030.1583  1030.1561    34.3605    34.3579    8.04287         28 0.0000e+00
    543.000    536.677     0.0155  28.814069     0.0175  28.813936     4.7264     4.8093    -0.0128    94.9539 1.0000e-12  -74.17528 -113.34460  26.800563      78.08 1.6782e+03    657.632      15784  1030.1630  1030.1609    34.3604    34.3579    8.04286         29 0.0000e+00
    544.000    537.663     0.0146  28.813610     0.0172  28.814002     4.7285     4.8116    -0.0108    95.0037 1.0000e-12  -74.17528 -113.34460  26.800576      77.36 1.6729e+03    658.809      15812  1030.1676  1030.1655    34.3602    34.3578    8.04306         28 0.0000e+00
    545.000    538.650     0.0152  28.814878     0.0174  28.814697     4.7283     4.8116    -0.0090    94.9771 1.0000e-12  -74.17528 -113.34460  26.800590      76.42 1.6704e+03    659.983      15841  1030.1726  1030.1703    34.3605    34.3578    8.04290         28 0.0000e+00
    546.000    539.638     0.0169  28.817168     0.0191  28.817110     4.7278     4.8109    -0.0085    94.9652 1.0000e-12  -74.17528 -113.34462  26.800604      75.58 1.6674e+03    661.147      15869  1030.1776  1030.1754    34.3611    34.3585    8.04252         28 0.0000e+00
    547.000    540.625     0.0177  28.818592     0.0198  28.818536     4.7278     4.8129    -0.0087    94.9680 1.0000e-12  -74.17528 -113.34462  26.800617      74.83 1.6656e+03    662.320      15897  1030.1826  1030.1805    34.3615    34.3590    8.04233         28 0.0000e+00
    548.000    541.610     0.0179  28.819286     0.0199  28.819126     4.7288     4.8133    -0.0165    94.9877 1.0000e-12  -74.17528 -113.34461  26.800631      73.34 1.6660e+03    663.499      15925  1030.1875  1030.1853    34.3616    34.3591    8.04229         29 0.0000e+00
    549.000    542.600     0.0180  28.819801     0.0199  28.819519     4.7277     4.8120    -0.0171    94.9736 1.0000e-12  -74.17528 -113.34460  26.800644      72.84 1.6676e+03    664.674      15953  1030.1921  1030.1900    34.3616    34.3591    8.04227         28 0.0000e+00
    550.000    543.585     0.0180  28.820255     0.0200  28.820033     4.7334     4.8110    -0.0158    95.0108 1.0000e-12  -74.17528 -113.34460  26.800658      71.51 1.6652e+03    665.843      15981  1030.1968  1030.1946    34.3616    34.3590    8.04226         28 0.0000e+00
    551.000    544.573     0.0177  28.820462     0.0198  28.820139     4.7332     4.8021    -0.0155    95.0121 1.0000e-12  -74.17528 -113.34460  26.800672      70.74 1.6596e+03    667.019      16009  1030.2016  1030.1992    34.3616    34.3588    8.04232         28 0.0000e+00
    552.000    545.560     0.0176  28.820552     0.0196  28.820382     4.7311     4.8080    -0.0169    95.0019 1.0000e-12  -74.17528 -113.34460  26.800685      70.06 1.6501e+03    668.198      16038  1030.2061  1030.2040    34.3613    34.3588    8.04237         28 0.0000e+00
    553.000    546.546     0.0175  28.820990     0.0195  28.820634     4.7320     4.8091    -0.0145    95.0072 1.0000e-12  -74.17528 -113.34460  26.800699      68.43 1.6325e+03    669.381      16066  1030.2108  1030.2086    34.3613    34.3587    8.04238         29 0.0000e+00
    554.000    547.534     0.0176  28.821551     0.0197  28.821383     4.7304     4.8116    -0.0090    95.0125 1.0000e-12  -74.17528 -113.34460  26.800712      67.43 1.6275e+03    670.546      16094  1030.2156  1030.2134    34.3614    34.3589    8.04236         27 0.0000e+00
    555.000    548.522     0.0180  28.822578     0.0196  28.821656     4.7288     4.8114    -0.0087    95.0149 1.0000e-12  -74.17528 -113.34460  26.800726      66.58 1.6287e+03    671.700      16122  1030.2205  1030.2180    34.3617    34.3587    8.04225         28 0.0000e+00
    556.000    549.507     0.0185  28.823454     0.0202  28.822793     4.7343     4.8125    -0.0059    95.0296 1.0000e-12  -74.17528 -113.34460  26.800739      65.98 1.6278e+03    672.858      16150  1030.2252  1030.2229    34.3617    34.3590    8.04215         28 0.0000e+00
    557.000    550.495     0.0191  28.824390     0.0208  28.823997     4.7279     4.8124    -0.0011    95.0277 1.0000e-12  -74.17528 -113.34460  26.800753      64.95 1.6307e+03    674.046      16178  1030.2299  1030.2278    34.3618    34.3593    8.04203         29 0.0000e+00
    558.000    551.482     0.0188  28.824681     0.0208  28.824376     4.7319     4.8122    -0.0059    95.0205 1.0000e-12  -74.17528 -113.34460  26.800767      63.61 1.6333e+03    675.251      16207  1030.2347  1030.2325    34.3619    34.3592    8.04208         29 0.0000e+00
    559.000    552.468     0.0185  28.824700     0.0206  28.824536     4.7292     4.8118    -0.0150    95.0185 1.0000e-12  -74.17528 -113.34460  26.800781      62.73 1.6358e+03    676.439      16236  1030.2393  1030.2371    34.3616    34.3590    8.04216         28 0.0000e+00
    560.000    553.455     0.0184  28.825092     0.0205  28.824850     4.7297     4.8062    -0.0163    95.0232 1.0000e-12  -74.17528 -113.34460  26.800794      61.65 1.6409e+03    677.621      16264  1030.2440  1030.2418    34.3616    34.3590    8.04217         29 0.0000e+00
    561.000    554.444     0.0216  28.829035     0.0231  28.828076     4.7304     4.8104    -0.0093    95.0222 1.0000e-12  -74.17528 -113.34460  26.800808      60.67 1.6461e+03    678.800      16292  1030.2493  1030.2469    34.3627    34.3598    8.04145         28 0.0000e+00
    562.000    555.430     0.0217  28.829465     0.0243  28.829727     4.7272     4.8077    -0.0077    95.0065 1.0000e-12  -74.17528 -113.34460  26.800822      59.61 1.6518e+03    679.981      16321  1030.2539  1030.2517    34.3625    34.3601    8.04143         28 0.0000e+00
    563.000    556.416     0.0215  28.829716     0.0240  28.829981     4.7261     4.8076    -0.0077    95.0001 1.0000e-12  -74.17528 -113.34460  26.800835      58.77 1.6602e+03    681.149      16349  1030.2586  1030.2565    34.3626    34.3601    8.04148         28 0.0000e+00
    564.000    557.404     0.0217  28.830499     0.0239  28.830276     4.7258     4.8106    -0.0077    95.0139 1.0000e-12  -74.17528 -113.34460  26.800848      57.38 1.6688e+03    682.308      16376  1030.2635  1030.2612    34.3627    34.3601    8.04142         28 0.0000e+00
    565.000    558.390     0.0212  28.830175     0.0232  28.829937     4.7230     4.8078    -0.0060    95.0295 1.0000e-12  -74.17528 -113.34460  26.800862      56.94 1.6749e+03    683.473      16404  1030.2679  1030.2658    34.3623    34.3598    8.04156         28 0.0000e+00
    566.000    559.377     0.0220  28.831561     0.0243  28.831666     4.7265     4.8094    -0.0057    95.0241 1.0000e-12  -74.17528 -113.34460  26.800876      55.88 1.6783e+03    684.671      16433  1030.2728  1030.2707    34.3626    34.3602    8.04136         29 0.0000e+00
    567.000    560.365     0.0229  28.833027     0.0249  28.832920     4.7237     4.8115    -0.0135    95.0143 1.0000e-12  -74.17528 -113.34460  26.800890      54.81 1.6872e+03    685.878      16462  1030.2778  1030.2757    34.3631    34.3606    8.04116         29 0.0000e+00
    568.000    561.351     0.0225  28.833156     0.0248  28.833203     4.7203     4.8031    -0.0124    95.0377 1.0000e-12  -74.17528 -113.34460  26.800903      53.50 1.6933e+03    687.054      16490  1030.2825  1030.2804    34.3630    34.3606    8.04124         28 0.0000e+00
    569.000    562.338     0.0263  28.838078     0.0283  28.837277     4.7108     4.7947    -0.0123    95.0421 1.0000e-12  -74.17528 -113.34460  26.800917      52.64 1.6995e+03    688.215      16518  1030.2882  1030.2855    34.3647    34.3614    8.04035         27 0.0000e+00
    570.000    563.325     0.0382  28.850462     0.0399  28.849521     4.7102     4.8006    -0.0084    95.0173 1.0000e-12  -74.17528 -113.34460  26.800930      51.39 1.7050e+03    689.367      16546  1030.2938  1030.2912    34.3671    34.3640    8.03771         28 0.0000e+00
    571.000    564.313     0.0444  28.858334     0.0447  28.855917     4.7159     4.7941    -0.0090    95.0075 1.0000e-12  -74.17528 -113.34460  26.800943      50.68 1.7112e+03    690.517      16573  1030.3003  1030.2975    34.3701    34.3665    8.03626         28 0.0000e+00
    572.000    565.300     0.0447  28.859009     0.0451  28.856987     4.7125     4.7949    -0.0135    95.0090 1.0000e-12  -74.17528 -113.34460  26.800957      49.55 1.7176e+03    691.699      16602  1030.3050  1030.3025    34.3700    34.3669    8.03619         29 0.0000e+00
    573.000    566.286     0.0446  28.859336     0.0464  28.859034     4.7156     4.7952    -0.0036    95.0188 1.0000e-12  -74.17528 -113.34460  26.800971      48.81 1.7220e+03    692.920      16631  1030.3098  1030.3077    34.3700    34.3675    8.03622         29 0.0000e+00
    574.000    567.273     0.0441  28.859494     0.0462  28.859262     4.7203     4.7940    -0.0148    95.0000 1.0000e-12  -74.17528 -113.34460  26.800985      47.74 1.7249e+03    694.134      16660  1030.3147  1030.3125    34.3701    34.3675    8.03631         29 0.0000e+00
    575.000    568.260     0.0431  28.858965     0.0443  28.857961     4.7126     4.7937    -0.0095    95.0010 1.0000e-12  -74.17528 -113.34460  26.800999      46.36 1.7288e+03    695.312      16688  1030.3194  1030.3172    34.3699    34.3673    8.03652         28 0.0000e+00
    576.000    569.246     0.0445  28.861052     0.0465  28.860616     4.7169     4.7939    -0.0158    95.0039 1.0000e-12  -74.17528 -113.34460  26.801012      45.51 1.7322e+03    696.454      16716  1030.3245  1030.3222    34.3705    34.3678    8.03620         27 0.0000e+00
    577.000    570.234     0.0463  28.863008     0.0479  28.862371     4.7132     4.7959    -0.0096    95.0211 1.0000e-12  -74.17528 -113.34460  26.801025      44.70 1.7344e+03    697.582      16743  1030.3292  1030.3269    34.3706    34.3679    8.03583         27 0.0000e+00
    578.000    571.220     0.0462  28.863499     0.0480  28.862965     4.7077     4.7971    -0.0090    94.9889 1.0000e-12  -74.17528 -113.34460  26.801039      43.72 1.7392e+03    698.737      16771  1030.3340  1030.3317    34.3707    34.3680    8.03583         29 0.0000e+00
    579.000    572.208     0.0485  28.866145     0.0511  28.866256     4.7095     4.7936    -0.0090    94.9668 1.0000e-12  -74.17528 -113.34460  26.801053      42.60 1.7411e+03    699.938      16800  1030.3388  1030.3363    34.3711    34.3683    8.03534         29 0.0000e+00
    580.000    573.194     0.0483  28.866232     0.0501  28.865715     4.7102     4.7879    -0.0062    94.9997 1.0000e-12  -74.17528 -113.34460  26.801067      42.06 1.7458e+03    701.152      16829  1030.3433  1030.3411    34.3708    34.3681    8.03539         29 0.0000e+00
    581.000    574.181     0.0495  28.867944     0.0525  28.868579     4.7085     4.7870    -0.0046    94.9983 1.0000e-12  -74.17528 -113.34460  26.801080      40.88 1.7490e+03    702.336      16857  1030.3482  1030.3460    34.3711    34.3686    8.03512         28 0.0000e+00
    582.000    575.169     0.0518  28.870605     0.0553  28.871919     4.7063     4.7907    -0.0090    94.9811 1.0000e-12  -74.17528 -113.34460  26.801094      39.58 1.7554e+03    703.495      16885  1030.3531  1030.3510    34.3715    34.3693    8.03462         27 0.0000e+00
    583.000    576.155     0.0509  28.870206     0.0541  28.871137     4.7076     4.7907    -0.0048    94.9836 1.0000e-12  -74.17528 -113.34460  26.801107      38.72 1.7603e+03    704.648      16913  1030.3578  1030.3557    34.3714    34.3691    8.03482         28 0.0000e+00
    584.000    577.141     0.0550  28.874826     0.0572  28.874495     4.7080     4.7794    -0.0056    95.0038 1.0000e-12  -74.17528 -113.34460  26.801120      37.48 1.7677e+03    705.810      16940  1030.3629  1030.3604    34.3724    34.3694    8.03391         28 0.0000e+00
    585.000    578.131     0.0614  28.881504     0.0640  28.881801     4.7075     4.7825    -0.0140    95.0191 1.0000e-12  -74.17528 -113.34460  26.801134      36.48 1.7761e+03    706.988      16969  1030.3678  1030.3656    34.3734    34.3709    8.03250         26 0.0000e+00
    586.000    579.115     0.0630  28.883652     0.0661  28.884389     4.7058     4.7867    -0.0046    94.9703 1.0000e-12  -74.17528 -113.34460  26.801148      35.30 1.7811e+03    708.180      16997  1030.3728  1030.3706    34.3738    34.3714    8.03213         29 0.0000e+00
    587.000    580.103     0.0639  28.884836     0.0655  28.884351     4.7005     4.7813    -0.0069    94.9827 1.0000e-12  -74.17528 -113.34460  26.801162      34.37 1.7840e+03    709.363      17026  1030.3775  1030.3754    34.3739    34.3714    8.03196         28 0.0000e+00
    588.000    581.089     0.0644  28.886066     0.0662  28.885435     4.7043     4.7802    -0.0093    94.9743 1.0000e-12  -74.17528 -113.34460  26.801175      33.32 1.7837e+03    710.534      17054  1030.3826  1030.3801    34.3743    34.3714    8.03182         28 0.0000e+00
