ocean_section_plots/required_files/ctd/dnbp2202_ctd108.cnv
* Sea-Bird SBE 9 Data File:
* FileName = D:\Data\raw\NBP2202_CTD108.hex
* Software Version Seasave V 7.26.7.121
* Temperature SN = 1649
* Conductivity SN = 2513
* Number of Bytes Per Scan = 40
* Number of Voltage Words = 5
* Number of Scans Averaged by the Deck Unit = 1
* NMEA Latitude = 74 10.52 S
* NMEA Longitude = 113 20.65 W
* NMEA UTC (Time) = Jan 27 2022  06:03:35
* NMEA baud rate = 9600
** Ship: RVIB N.B. Palmer
** Cruise: NBP2202 Thwaites
** Station: YoYo001
** Operator: B. Bjork
# nquan = 25
# nvalues = 608                         
# units = specified
# name 0 = prDM: Pressure, Digiquartz [db]
# name 1 = depSM: Depth [salt water, m]
# name 2 = t090C: Temperature [ITS-90, deg C]
# name 3 = c0mS/cm: Conductivity [mS/cm]
# name 4 = t190C: Temperature, 2 [ITS-90, deg C]
# name 5 = c1mS/cm: Conductivity, 2 [mS/cm]
# name 6 = sbeox0ML/L: Oxygen, SBE 43 [ml/l]
# name 7 = sbeox1ML/L: Oxygen, SBE 43, 2 [ml/l]
# name 8 = flECO-AFL: Fluorescence, WET Labs ECO-AFL/FL [mg/m^3]
# name 9 = CStarTr0: Beam Transmission, WET Labs C-Star [%]
# name 10 = par: PAR/Irradiance, Biospherical/Licor
# name 11 = latitude: Latitude [deg]
# name 12 = longitude: Longitude [deg]
# name 13 = timeJ: Julian Days
# name 14 = altM: Altimeter [m]
# name 15 = spar: SPAR, Biospherical/Licor
# name 16 = timeS: Time, Elapsed [seconds]
# name 17 = scan: Scan Count
# name 18 = density00: Density [density, kg/m^3]
# name 19 = density11: Density, 2 [density, kg/m^3]
# name 20 = sal00: Salinity, Practical [PSU]
# name 21 = sal11: Salinity, Practical, 2 [PSU]
# name 22 = oxsolML/L: Oxygen Saturation, Garcia & Gordon [ml/l]
# name 23 = nbin: number of scans per bin
# name 24 = flag: flag
# span 0 =     10.000,    617.000       
# span 1 =      9.898,    609.708       
# span 2 =    -1.4693,     0.1194       
# span 3 =  26.967623,  28.955683       
# span 4 =    -1.4677,     0.1225       
# span 5 =  26.967400,  28.956798       
# span 6 =     4.6878,     8.4632       
# span 7 =     4.7498,     8.3870       
# span 8 =    -0.0224,    27.7085       
# span 9 =    70.5113,    95.6192       
# span 10 = 1.0000e-12, 1.6605e+00      
# span 11 =  -74.17536,  -74.17536      
# span 12 = -113.34424, -113.34422      
# span 13 =  27.252948,  27.261110      
# span 14 =       7.67,     100.20      
# span 15 = 8.2855e+01, 9.2813e+01      
# span 16 =     39.700,    744.924      
# span 17 =        954,      17879      
# span 18 =  1027.2279,  1030.5264      
# span 19 =  1027.2265,  1030.5242      
# span 20 =    33.7953,    34.3881      
# span 21 =    33.7936,    34.3859      
# span 22 =    8.01954,    8.39762      
# span 23 =         21,         47      
# span 24 = 0.0000e+00, 0.0000e+00      
# interval = decibars: 1                
# start_time = Jan 27 2022 06:03:35 [NMEA time, header]
# bad_flag = -9.990e-29
*END*
     10.000      9.898    -1.0648  27.249616    -1.0634  27.249481     8.4606     8.3230    26.0295    72.6312 1.6605e+00  -74.17536 -113.34424  27.252948      99.94 8.9907e+01     39.700        954  1027.2279  1027.2265    33.7953    33.7936    8.30844         21 0.0000e+00
     11.000     10.886    -1.0663  27.249085    -1.0650  27.248616     8.4632     8.3509    23.2740    70.5542 1.2161e+00  -74.17536 -113.34424  27.252967      99.94 8.9907e+01     41.368        994  1027.2329  1027.2312    33.7956    33.7936    8.30874         36 0.0000e+00
     12.000     11.875    -1.0653  27.250493    -1.0629  27.250833     8.4552     8.3740    27.0780    71.7435 8.8648e-01  -74.17536 -113.34424  27.252987      99.98 8.9907e+01     43.066       1035  1027.2377  1027.2359    33.7958    33.7936    8.30851         41 0.0000e+00
     13.000     12.865    -1.0666  27.249975    -1.0651  27.249875     8.4215     8.3840    21.3103    71.3600 6.4733e-01  -74.17536 -113.34424  27.253007      99.98 8.9907e+01     44.768       1075  1027.2426  1027.2412    33.7959    33.7941    8.30879         41 0.0000e+00
     14.000     13.854    -1.0703  27.247599    -1.0673  27.248432     8.4055     8.3870    26.2571    71.6294 4.7367e-01  -74.17536 -113.34424  27.253026      99.98 8.9907e+01     46.462       1116  1027.2479  1027.2459    33.7963    33.7940    8.30960         38 0.0000e+00
     15.000     14.844    -1.0713  27.247383    -1.0698  27.247210     8.3514     8.3704    25.3253    71.3818 3.4403e-01  -74.17536 -113.34424  27.253046      99.98 8.9907e+01     48.158       1157  1027.2528  1027.2513    33.7964    33.7946    8.30980         36 0.0000e+00
     16.000     15.833    -1.0815  27.239775    -1.0789  27.240699     8.3347     8.3711    27.7085    71.8191 2.4763e-01  -74.17536 -113.34424  27.253065      99.98 8.9907e+01     49.839       1197  1027.2586  1027.2571    33.7970    33.7953    8.31205         37 0.0000e+00
     17.000     16.825    -1.0764  27.244268    -1.0742  27.244485     8.3413     8.3837    23.0342    71.2847 1.7623e-01  -74.17536 -113.34424  27.253085      99.97 8.9907e+01     51.538       1238  1027.2628  1027.2609    33.7967    33.7945    8.31092         37 0.0000e+00
     18.000     17.813    -1.0792  27.242469    -1.0794  27.241064     8.2901     8.3496    25.1235    71.7198 1.2259e-01  -74.17536 -113.34424  27.253105      99.96 8.9907e+01     53.266       1279  1027.2677  1027.2665    33.7967    33.7951    8.31153         39 0.0000e+00
     19.000     18.803    -1.0813  27.241018    -1.0802  27.241165     8.1109     8.2103    26.1439    70.5113 8.2611e-02  -74.17536 -113.34424  27.253125      98.57 8.9907e+01     54.965       1320  1027.2724  1027.2715    33.7965    33.7955    8.31202         38 0.0000e+00
     20.000     19.792    -1.1203  27.210583    -1.1239  27.207684     7.9751     8.1066    23.2941    71.2703 5.1995e-02  -74.17536 -113.34424  27.253144      98.11 8.9907e+01     56.643       1360  1027.2810  1027.2814    33.7982    33.7984    8.32057         40 0.0000e+00
     21.000     20.781    -1.1315  27.202307    -1.1298  27.202747     7.8736     8.0181    24.8224    71.3835 2.7288e-02  -74.17536 -113.34424  27.253164      99.98 8.9907e+01     58.336       1401  1027.2868  1027.2857    33.7990    33.7977    8.32302         41 0.0000e+00
     22.000     21.772    -1.1540  27.185670    -1.1515  27.186612     7.8296     7.9715    21.7406    71.8353 8.9132e-03  -74.17536 -113.34424  27.253183      99.96 8.9907e+01     60.029       1442  1027.2943  1027.2929    33.8009    33.7994    8.32790         38 0.0000e+00
     23.000     22.761    -1.1576  27.183416    -1.1560  27.183453     7.8414     7.9707    21.1417    72.8887 7.6238e-05  -74.17536 -113.34424  27.253203      99.98 8.9907e+01     61.717       1482  1027.2993  1027.2978    33.8013    33.7995    8.32869         41 0.0000e+00
     24.000     23.750    -1.1587  27.182985    -1.1572  27.182957     7.8522     7.9777    22.7879    73.8012 4.2593e-07  -74.17536 -113.34424  27.253222      99.99 8.9907e+01     63.411       1523  1027.3039  1027.3024    33.8013    33.7996    8.32893         41 0.0000e+00
     25.000     24.740    -1.1590  27.183297    -1.1576  27.183157     7.8672     7.9852    22.3577    72.9026 1.0000e-12  -74.17536 -113.34424  27.253242      99.94 8.9907e+01     65.099       1563  1027.3086  1027.3071    33.8015    33.7997    8.32899         35 0.0000e+00
     26.000     25.729    -1.1598  27.183286    -1.1587  27.182915     7.8488     7.9553    20.0915    74.0596 1.0000e-12  -74.17536 -113.34424  27.253262      99.96 8.9907e+01     66.796       1604  1027.3135  1027.3120    33.8017    33.8000    8.32915         41 0.0000e+00
     27.000     26.719    -1.1614  27.182581    -1.1616  27.181271     7.7558     7.8872    20.4013    73.8606 1.0000e-12  -74.17536 -113.34424  27.253281      90.61 8.9907e+01     68.481       1645  1027.3184  1027.3172    33.8020    33.8004    8.32950         38 0.0000e+00
     28.000     27.708    -1.1872  27.162530    -1.1869  27.161929     7.6972     7.8393    19.3906    74.7367 1.0000e-12  -74.17536 -113.34424  27.253300      98.59 8.9907e+01     70.146       1685  1027.3255  1027.3246    33.8030    33.8018    8.33518         40 0.0000e+00
     29.000     28.698    -1.1916  27.159552    -1.1899  27.159029     7.7347     7.8546    17.8777    72.9419 1.0000e-12  -74.17536 -113.34424  27.253320      99.81 8.9907e+01     71.845       1725  1027.3306  1027.3283    33.8033    33.8006    8.33615         42 0.0000e+00
     30.000     29.687    -1.1877  27.162864    -1.1892  27.160604     7.7490     7.8674    21.9288    74.6512 1.0000e-12  -74.17536 -113.34424  27.253340      99.91 8.9907e+01     73.565       1767  1027.3345  1027.3335    33.8028    33.8014    8.33531         39 0.0000e+00
     31.000     30.678    -1.1753  27.173464    -1.1749  27.172037     7.6247     7.8023    19.7514    74.5200 1.0000e-12  -74.17536 -113.34424  27.253359      99.73 8.9907e+01     75.249       1807  1027.3384  1027.3363    33.8027    33.8002    8.33255         39 0.0000e+00
     32.000     31.667    -1.2220  27.135747    -1.2125  27.143660     7.5709     7.7357    19.1452    75.0744 1.0000e-12  -74.17536 -113.34424  27.253379      99.91 8.9907e+01     76.920       1847  1027.3463  1027.3459    33.8031    33.8032    8.34294         38 0.0000e+00
     33.000     32.656    -1.2154  27.142502    -1.2108  27.144177     7.5935     7.7377    19.4633    75.3986 1.0000e-12  -74.17536 -113.34424  27.253398      99.74 8.9907e+01     78.625       1888  1027.3513  1027.3487    33.8043    33.8013    8.34140         43 0.0000e+00
     34.000     33.645    -1.2168  27.141417    -1.2155  27.141549     7.6012     7.7430    19.9470    75.0639 1.0000e-12  -74.17536 -113.34424  27.253418      99.59 8.9907e+01     80.348       1929  1027.3556  1027.3545    33.8037    33.8024    8.34174         40 0.0000e+00
     35.000     34.635    -1.2172  27.141852    -1.2152  27.141827     7.6220     7.7428    19.9591    75.7683 1.0000e-12  -74.17536 -113.34424  27.253438      94.20 8.9907e+01     82.018       1969  1027.3606  1027.3587    33.8041    33.8019    8.34180         39 0.0000e+00
     36.000     35.624    -1.2100  27.148103    -1.2077  27.148401     7.5695     7.6914    16.1254    75.6781 1.0000e-12  -74.17536 -113.34424  27.253457      99.60 8.9907e+01     83.660       2009  1027.3647  1027.3629    33.8040    33.8018    8.34021         41 0.0000e+00
     37.000     36.614    -1.2305  27.131267    -1.2359  27.126797     7.5145     7.6144    14.9537    77.1532 1.0000e-12  -74.17536 -113.34424  27.253476      99.65 8.9907e+01     85.365       2050  1027.3703  1027.3706    33.8034    33.8033    8.34482         37 0.0000e+00
     38.000     37.601    -1.2283  27.133752    -1.2403  27.122664     7.4283     7.5291    18.0585    76.2919 1.0000e-12  -74.17536 -113.34424  27.253497      99.69 8.9907e+01     87.099       2091  1027.3750  1027.3745    33.8038    33.8021    8.34432         39 0.0000e+00
     39.000     38.593    -1.2646  27.104213    -1.2701  27.098425     7.3548     7.5161    16.7762    76.2816 1.0000e-12  -74.17536 -113.34424  27.253516      99.67 8.9907e+01     88.812       2132  1027.3818  1027.3806    33.8036    33.8019    8.35243         39 0.0000e+00
     40.000     39.582    -1.2708  27.099446    -1.2690  27.099606     7.3813     7.5481    15.0493    76.9828 1.0000e-12  -74.17536 -113.34424  27.253536      99.68 8.9907e+01     90.510       2173  1027.3865  1027.3848    33.8034    33.8016    8.35382         39 0.0000e+00
     41.000     40.572    -1.2639  27.106120    -1.2550  27.111388     7.4421     7.5670    14.4505    77.8400 1.0000e-12  -74.17536 -113.34424  27.253556      99.63 8.9907e+01     92.206       2214  1027.3912  1027.3884    33.8041    33.8013    8.35223         39 0.0000e+00
     42.000     41.560    -1.2517  27.116350    -1.2508  27.115692     7.4447     7.5614    16.2267    77.7528 1.0000e-12  -74.17536 -113.34424  27.253575      92.70 8.9907e+01     93.909       2255  1027.3949  1027.3932    33.8038    33.8018    8.34953         40 0.0000e+00
     43.000     42.552    -1.2558  27.113797    -1.2574  27.111142     7.4007     7.5417    16.1168    77.1786 1.0000e-12  -74.17536 -113.34424  27.253595      99.49 8.9907e+01     95.600       2295  1027.4002  1027.3989    33.8043    33.8025    8.35042         39 0.0000e+00
     44.000     43.540    -1.2665  27.104946    -1.2622  27.107836     7.3556     7.5069    15.5426    78.9094 1.0000e-12  -74.17536 -113.34424  27.253614      99.36 8.9907e+01     97.270       2335  1027.4051  1027.4041    33.8036    33.8027    8.35286         40 0.0000e+00
     45.000     44.528    -1.2732  27.099953    -1.2711  27.100319     7.3365     7.4813    13.6862    78.9431 1.0000e-12  -74.17536 -113.34424  27.253634      99.68 8.9907e+01     98.940       2376  1027.4102  1027.4086    33.8036    33.8018    8.35434         37 0.0000e+00
     46.000     45.521    -1.2742  27.099738    -1.2719  27.100120     7.3111     7.4508    12.4876    77.6292 1.0000e-12  -74.17536 -113.34424  27.253653      99.46 8.9907e+01    100.618       2416  1027.4151  1027.4134    33.8039    33.8019    8.35455         38 0.0000e+00
     47.000     46.508    -1.2866  27.089997    -1.2837  27.091639     7.3111     7.4420    15.5000    78.2286 1.0000e-12  -74.17536 -113.34424  27.253673      99.47 8.9907e+01    102.315       2457  1027.4206  1027.4196    33.8039    33.8029    8.35733         34 0.0000e+00
     48.000     47.497    -1.2797  27.096320    -1.2777  27.096109     7.2926     7.4101    15.9231    78.9388 1.0000e-12  -74.17536 -113.34424  27.253692      99.44 8.9967e+01    104.034       2498  1027.4250  1027.4229    33.8042    33.8016    8.35577         37 0.0000e+00
     49.000     48.487    -1.2881  27.089831    -1.2895  27.088023     7.2314     7.3646    15.6622    79.6141 1.0000e-12  -74.17536 -113.34424  27.253712      99.48 9.0518e+01    105.738       2539  1027.4303  1027.4297    33.8041    33.8033    8.35766         36 0.0000e+00
     50.000     49.476    -1.2988  27.081683    -1.2991  27.080297     7.1801     7.3255    15.0408    79.1327 1.0000e-12  -74.17536 -113.34424  27.253732      92.57 9.0630e+01    107.408       2579  1027.4358  1027.4345    33.8044    33.8028    8.36003         39 0.0000e+00
     51.000     50.466    -1.3062  27.076586    -1.3033  27.077792     7.1410     7.2836    17.9231    79.8967 1.0000e-12  -74.17536 -113.34424  27.253751      99.30 9.0410e+01    109.071       2619  1027.4414  1027.4400    33.8051    33.8035    8.36164         39 0.0000e+00
     52.000     51.456    -1.3133  27.071672    -1.3120  27.071468     7.1279     7.2666    12.9352    79.1597 1.0000e-12  -74.17536 -113.34424  27.253770      99.40 9.0417e+01    110.759       2659  1027.4471  1027.4456    33.8058    33.8040    8.36319         38 0.0000e+00
     53.000     52.444    -1.3160  27.070019    -1.3152  27.069489     7.0572     7.1927    14.0321    78.5314 1.0000e-12  -74.17536 -113.34424  27.253790      99.41 9.0384e+01    112.447       2700  1027.4520  1027.4507    33.8059    33.8043    8.36379         38 0.0000e+00
     54.000     53.434    -1.3287  27.059840    -1.3239  27.063112     6.8515     7.0130    13.1622    80.3307 1.0000e-12  -74.17536 -113.34424  27.253809      99.37 8.9904e+01    114.119       2740  1027.4573  1027.4563    33.8057    33.8048    8.36666         36 0.0000e+00
     55.000     54.424    -1.3803  27.019408    -1.3828  27.018209     6.7395     6.9098    12.9364    79.9468 1.0000e-12  -74.17536 -113.34424  27.253829      99.35 8.9907e+01    115.807       2780  1027.4666  1027.4677    33.8078    33.8090    8.37812         38 0.0000e+00
     56.000     55.414    -1.3971  27.007151    -1.3934  27.007763     6.8244     6.9523    11.4343    80.0726 1.0000e-12  -74.17536 -113.34424  27.253849      99.39 8.9907e+01    117.521       2821  1027.4732  1027.4703    33.8094    33.8060    8.38181         41 0.0000e+00
     57.000     56.402    -1.3696  27.028745    -1.3642  27.032065     6.8643     6.9712    12.2479    81.0068 1.0000e-12  -74.17536 -113.34424  27.253868      99.46 8.9907e+01    119.218       2862  1027.4744  1027.4728    33.8074    33.8058    8.37575         39 0.0000e+00
     58.000     57.392    -1.3774  27.023463    -1.3828  27.018007     6.9433     7.0238     9.5764    82.4581 1.0000e-12  -74.17536 -113.34424  27.253888      96.98 9.0350e+01    120.881       2902  1027.4802  1027.4794    33.8083    33.8069    8.37745         33 0.0000e+00
     59.000     58.381    -1.3533  27.042902    -1.3548  27.039643     6.9485     7.0447    11.7395    81.8544 1.0000e-12  -74.17536 -113.34424  27.253907      99.30 9.0537e+01    122.557       2942  1027.4825  1027.4803    33.8072    33.8043    8.37210         39 0.0000e+00
     60.000     59.371    -1.3618  27.036822    -1.3615  27.036151     6.8996     7.0148    10.8958    81.8852 1.0000e-12  -74.17536 -113.34424  27.253927      99.38 9.0465e+01    124.268       2983  1027.4882  1027.4872    33.8077    33.8065    8.37396         41 0.0000e+00
     61.000     60.360    -1.3712  27.030029    -1.3699  27.029870     6.8719     6.9967    11.2649    83.3611 1.0000e-12  -74.17536 -113.34424  27.253947      99.43 9.0175e+01    125.979       3024  1027.4941  1027.4926    33.8085    33.8067    8.37605         39 0.0000e+00
     62.000     61.349    -1.3727  27.029319    -1.3712  27.029321     6.8573     6.9764    10.8287    83.7090 1.0000e-12  -74.17536 -113.34424  27.253966      99.47 9.0609e+01    127.634       3064  1027.4990  1027.4976    33.8085    33.8069    8.37637         40 0.0000e+00
     63.000     62.339    -1.3779  27.025835    -1.3762  27.026003     6.8522     6.9643    11.1344    82.7474 1.0000e-12  -74.17536 -113.34424  27.253985      99.38 9.0003e+01    129.276       3104  1027.5044  1027.5029    33.8090    33.8072    8.37752         39 0.0000e+00
     64.000     63.328    -1.3752  27.028353    -1.3745  27.027689     6.8322     6.9536    11.1215    83.8887 1.0000e-12  -74.17536 -113.34424  27.254004      99.47 9.0246e+01    130.978       3144  1027.5088  1027.5074    33.8088    33.8071    8.37693         36 0.0000e+00
     65.000     64.317    -1.3825  27.023303    -1.3811  27.023443     6.8311     6.9490    11.5562    85.1675 1.0000e-12  -74.17536 -113.34424  27.254024      99.43 9.0325e+01    132.697       3186  1027.5146  1027.5133    33.8095    33.8081    8.37853         38 0.0000e+00
     66.000     65.307    -1.3809  27.025103    -1.3792  27.025318     6.8266     6.9401    10.5005    83.5823 1.0000e-12  -74.17536 -113.34424  27.254044      98.52 8.9903e+01    134.372       3226  1027.5192  1027.5177    33.8095    33.8078    8.37816         40 0.0000e+00
