ocean_section_plots/required_files/ctd/dnbp2202_ctd061.cnv
* Sea-Bird SBE 9 Data File:
* FileName = D:\Data\raw\NBP2202_CTD061.hex
* Software Version Seasave V 7.26.7.121
* Temperature SN = 1649
* Conductivity SN = 2513
* Number of Bytes Per Scan = 40
* Number of Voltage Words = 5
* Number of Scans Averaged by the Deck Unit = 1
* NMEA Latitude = 74 02.51 S
* NMEA Longitude = 111 42.19 W
* NMEA UTC (Time) = Jan 25 2022  11:09:37
* NMEA baud rate = 9600
** Ship: RVIB N.B. Palmer
** Cruise: NBP2202 Thwaites
** Station: 42
** Operator: B.Bjork
# nquan = 25
# nvalues = 364                         
# units = specified
# name 0 = prDM: Pressure, Digiquartz [db]
# name 1 = depSM: Depth [salt water, m]
# name 2 = t090C: Temperature [ITS-90, deg C]
# name 3 = c0mS/cm: Conductivity [mS/cm]
# name 4 = t190C: Temperature, 2 [ITS-90, deg C]
# name 5 = c1mS/cm: Conductivity, 2 [mS/cm]
# name 6 = sbeox0ML/L: Oxygen, SBE 43 [ml/l]
# name 7 = sbeox1ML/L: Oxygen, SBE 43, 2 [ml/l]
# name 8 = flECO-AFL: Fluorescence, WET Labs ECO-AFL/FL [mg/m^3]
# name 9 = CStarTr0: Beam Transmission, WET Labs C-Star [%]
# name 10 = par: PAR/Irradiance, Biospherical/Licor
# name 11 = latitude: Latitude [deg]
# name 12 = longitude: Longitude [deg]
# name 13 = timeJ: Julian Days
# name 14 = altM: Altimeter [m]
# name 15 = spar: SPAR, Biospherical/Licor
# name 16 = timeS: Time, Elapsed [seconds]
# name 17 = scan: Scan Count
# name 18 = density00: Density [density, kg/m^3]
# name 19 = density11: Density, 2 [density, kg/m^3]
# name 20 = sal00: Salinity, Practical [PSU]
# name 21 = sal11: Salinity, Practical, 2 [PSU]
# name 22 = oxsolML/L: Oxygen Saturation, Garcia & Gordon [ml/l]
# name 23 = nbin: number of scans per bin
# name 24 = flag: flag
# span 0 =      3.000,    366.000       
# span 1 =      2.967,    361.883       
# span 2 =    -1.6554,    -0.5800       
# span 3 =  26.913700,  28.084981       
# span 4 =    -1.6557,    -0.5807       
# span 5 =  26.913216,  28.083232       
# span 6 =     5.5566,     9.1816       
# span 7 =     5.8014,     9.6560       
# span 8 =    -0.0167,    29.4208       
# span 9 =    60.2674,    96.7386       
# span 10 = -2.240e-05, 1.1830e+01      
# span 11 =  -74.04190,  -74.04190      
# span 12 = -111.70306, -111.70300      
# span 13 =  25.468172,  25.474771      
# span 14 =      -0.77,     100.33      
# span 15 = 5.6400e+01, 7.4193e+01      
# span 16 =    273.026,    843.182      
# span 17 =       6554,      20237      
# span 18 =  1027.2069,  1029.2857      
# span 19 =  1027.2064,  1029.2804      
# span 20 =    33.8344,    34.2608      
# span 21 =    33.8343,    34.2581      
# span 22 =    8.19401,    8.43236      
# span 23 =         19,         48      
# span 24 = 0.0000e+00, 0.0000e+00      
# interval = decibars: 1                
# start_time = Jan 25 2022 11:09:37 [NMEA time, header]
# bad_flag = -9.990e-29
*END*
      3.000      2.967    -0.5890  27.669120    -0.5833  27.673773     9.1755     8.8646    29.4208    62.0460 1.1830e+01  -74.04190 -111.70302  25.468172      71.74 5.6400e+01    273.026       6554  1027.2069  1027.2064    33.8344    33.8343    8.20184         27 0.0000e+00
      4.000      3.959    -0.5800  27.677568    -0.5807  27.676606     9.1641     8.8577    29.4208    62.2369 7.1014e+00  -74.04190 -111.70302  25.468276      -0.77 5.6461e+01    282.036       6770  1027.2116  1027.2113    33.8351    33.8346    8.19985         43 0.0000e+00
      5.000      4.949    -0.5856  27.672863    -0.5866  27.672221     9.1795     8.8960    29.4208    62.3387 4.8996e+00  -74.04190 -111.70302  25.468311       2.31 5.6778e+01    285.047       6842  1027.2164  1027.2166    33.8344    33.8346    8.20110         33 0.0000e+00
      6.000      5.939    -0.5898  27.669796    -0.5901  27.669494     9.1773     8.9606    29.4208    62.5334 3.3484e+00  -74.04190 -111.70302  25.468343      10.17 5.7385e+01    287.840       6909  1027.2214  1027.2214    33.8344    33.8344    8.20202         45 0.0000e+00
      7.000      6.926    -0.5990  27.662759    -0.5990  27.662614     9.1738     9.0618    29.4208    62.2895 2.3347e+00  -74.04190 -111.70302  25.468371      70.94 5.7759e+01    290.254       6967  1027.2270  1027.2268    33.8346    33.8344    8.20401         39 0.0000e+00
      8.000      7.918    -0.6100  27.654087    -0.6102  27.653760     9.1662     9.1626    29.4208    62.0711 1.7148e+00  -74.04190 -111.70302  25.468399      69.96 5.8177e+01    292.644       7024  1027.2324  1027.2322    33.8346    33.8344    8.20639         42 0.0000e+00
      9.000      8.906    -0.6126  27.652375    -0.6127  27.652068     9.1714     9.3104    29.4208    62.0279 1.1740e+00  -74.04190 -111.70302  25.468424      89.88 5.8175e+01    294.807       7076  1027.2372  1027.2370    33.8346    33.8343    8.20695         39 0.0000e+00
     10.000      9.896    -0.6145  27.651275    -0.6146  27.650941     9.1714     9.3783    29.4208    62.0836 9.1839e-01  -74.04190 -111.70302  25.468452     100.33 5.8175e+01    297.248       7135  1027.2420  1027.2418    33.8346    33.8343    8.20737         41 0.0000e+00
     11.000     10.885    -0.6148  27.651508    -0.6147  27.651434     9.1752     9.4599    29.4208    62.7423 6.1980e-01  -74.04190 -111.70302  25.468472      99.99 5.8175e+01    298.952       7176  1027.2467  1027.2466    33.8346    33.8344    8.20743         39 0.0000e+00
     12.000     11.875    -0.6152  27.651823    -0.6150  27.651626     9.1772     9.5226    29.4208    62.2619 4.7632e-01  -74.04190 -111.70302  25.468495      86.73 5.8175e+01    300.982       7225  1027.2517  1027.2513    33.8349    33.8345    8.20750         42 0.0000e+00
     13.000     12.866    -0.6153  27.652088    -0.6154  27.651933     9.1770     9.5393    29.4208    62.7304 3.3969e-01  -74.04190 -111.70301  25.468517      90.04 5.8175e+01    302.859       7270  1027.2564  1027.2562    33.8348    33.8346    8.20754         39 0.0000e+00
     14.000     13.857    -0.6163  27.651786    -0.6164  27.651538     9.1732     9.5432    29.4208    62.4520 2.3743e-01  -74.04190 -111.70301  25.468541      99.56 5.8175e+01    304.906       7319  1027.2613  1027.2611    33.8349    33.8347    8.20775         34 0.0000e+00
     15.000     14.844    -0.6180  27.651135    -0.6179  27.650976     9.1707     9.5400    29.4208    62.2125 1.7092e-01  -74.04190 -111.70301  25.468566      99.98 5.8175e+01    307.079       7371  1027.2664  1027.2661    33.8352    33.8349    8.20808         38 0.0000e+00
     16.000     15.834    -0.6183  27.651377    -0.6179  27.651409     9.1816     9.5507    29.4208    62.3700 1.1316e-01  -74.04190 -111.70301  25.468587      99.99 5.8854e+01    308.895       7414  1027.2712  1027.2709    33.8353    33.8349    8.20815         39 0.0000e+00
     17.000     16.824    -0.6161  27.653513    -0.6150  27.654240     9.1775     9.5625    29.4208    62.0876 7.5522e-02  -74.04190 -111.70301  25.468608      99.99 5.8716e+01    310.720       7458  1027.2757  1027.2754    33.8351    33.8349    8.20769         42 0.0000e+00
     18.000     17.812    -0.6140  27.655757    -0.6130  27.656493     9.1680     9.5831    29.4208    61.7646 4.3424e-02  -74.04190 -111.70301  25.468627      99.99 5.9364e+01    312.415       7499  1027.2804  1027.2802    33.8352    33.8350    8.20723         37 0.0000e+00
     19.000     18.801    -0.6145  27.655830    -0.6147  27.655496     9.1766     9.6121    29.4208    61.9404 1.9557e-02  -74.04190 -111.70300  25.468647      99.99 5.9186e+01    314.090       7539  1027.2853  1027.2851    33.8352    33.8349    8.20734         40 0.0000e+00
     20.000     19.793    -0.6163  27.654937    -0.6162  27.654800     9.1698     9.6239    29.4208    63.1827 4.5737e-03  -74.04190 -111.70301  25.468667      96.63 5.9903e+01    315.850       7581  1027.2903  1027.2900    33.8354    33.8351    8.20771         39 0.0000e+00
     21.000     20.782    -0.6153  27.656220    -0.6156  27.655814     9.1707     9.6365    29.4208    62.6083 -2.240e-05  -74.04190 -111.70302  25.468687     100.01 5.9938e+01    317.529       7622  1027.2950  1027.2949    33.8354    33.8352    8.20750         40 0.0000e+00
     22.000     21.771    -0.6159  27.656200    -0.6156  27.656205     9.1742     9.6427    29.4208    62.5542 1.0000e-12  -74.04190 -111.70302  25.468706      99.99 5.9938e+01    319.213       7662  1027.2999  1027.2996    33.8355    33.8351    8.20763         42 0.0000e+00
     23.000     22.761    -0.6153  27.657191    -0.6151  27.657013     9.1707     9.6387    29.4208    61.0300 1.0000e-12  -74.04190 -111.70302  25.468727      99.99 5.9938e+01    321.039       7706  1027.3046  1027.3043    33.8354    33.8350    8.20749         46 0.0000e+00
     24.000     23.750    -0.6147  27.658016    -0.6147  27.657795     9.1733     9.6422    29.4208    63.0797 1.0000e-12  -74.04190 -111.70302  25.468750      99.99 5.9938e+01    322.988       7753  1027.3093  1027.3090    33.8353    33.8350    8.20737         41 0.0000e+00
     25.000     24.740    -0.6148  27.658466    -0.6146  27.658339     9.1802     9.6492    29.4208    62.4884 1.0000e-12  -74.04190 -111.70302  25.468773      99.99 5.9938e+01    325.030       7802  1027.3141  1027.3139    33.8354    33.8351    8.20739         42 0.0000e+00
     26.000     25.729    -0.6135  27.660034    -0.6134  27.659795     9.1685     9.6462    29.4208    62.7628 1.0000e-12  -74.04190 -111.70302  25.468797      99.99 5.9938e+01    327.089       7851  1027.3189  1027.3186    33.8355    33.8351    8.20710         40 0.0000e+00
     27.000     26.719    -0.6140  27.660020    -0.6134  27.660261     9.1773     9.6560    29.4208    63.0814 1.0000e-12  -74.04190 -111.70303  25.468821      91.39 6.0181e+01    329.158       7901  1027.3237  1027.3233    33.8354    33.8350    8.20721         44 0.0000e+00
     28.000     27.709    -0.6142  27.660354    -0.6138  27.660361     9.1773     9.6438    29.4208    63.0844 1.0000e-12  -74.04190 -111.70304  25.468847      99.57 6.0034e+01    331.362       7954  1027.3286  1027.3281    33.8355    33.8350    8.20726         40 0.0000e+00
     29.000     28.698    -0.6142  27.660815    -0.6139  27.660700     9.1782     9.6550    29.4208    63.1995 1.0000e-12  -74.04190 -111.70304  25.468870      99.99 6.0730e+01    333.397       8003  1027.3334  1027.3330    33.8355    33.8350    8.20726         45 0.0000e+00
     30.000     29.689    -0.6143  27.661429    -0.6138  27.661241     9.1711     9.6514    29.4208    62.7279 1.0000e-12  -74.04190 -111.70304  25.468894      99.99 6.0273e+01    335.405       8051  1027.3384  1027.3378    33.8357    33.8350    8.20725         36 0.0000e+00
     31.000     30.676    -0.6141  27.662074    -0.6135  27.662153     9.1659     9.6436    29.4208    62.3006 1.0000e-12  -74.04190 -111.70304  25.468918      99.99 6.0517e+01    337.533       8102  1027.3432  1027.3427    33.8358    33.8352    8.20722         43 0.0000e+00
     32.000     31.668    -0.6142  27.662460    -0.6139  27.662342     9.1779     9.6393    29.4208    61.8177 1.0000e-12  -74.04190 -111.70305  25.468942      99.99 6.0879e+01    339.544       8150  1027.3480  1027.3475    33.8358    33.8353    8.20723         38 0.0000e+00
     33.000     32.656    -0.6138  27.663080    -0.6135  27.662867     9.1746     9.6500    29.4208    62.8509 1.0000e-12  -74.04190 -111.70305  25.468966      96.32 6.1503e+01    341.653       8201  1027.3526  1027.3521    33.8356    33.8350    8.20716         47 0.0000e+00
     34.000     33.645    -0.6133  27.664007    -0.6131  27.663806     9.1638     9.6458    29.4208    62.7226 1.0000e-12  -74.04190 -111.70305  25.468991      99.95 6.1263e+01    343.785       8252  1027.3574  1027.3569    33.8357    33.8351    8.20705         48 0.0000e+00
     35.000     34.636    -0.6134  27.664502    -0.6127  27.664697     9.1708     9.6481    29.4208    62.9632 1.0000e-12  -74.04190 -111.70305  25.469015      99.99 6.1348e+01    345.915       8303  1027.3623  1027.3618    33.8358    33.8353    8.20705         48 0.0000e+00
     36.000     35.625    -0.6135  27.664906    -0.6130  27.664918     9.1745     9.6485    29.4208    62.3562 1.0000e-12  -74.04190 -111.70305  25.469040      99.99 6.1690e+01    348.039       8354  1027.3671  1027.3667    33.8358    33.8353    8.20707         34 0.0000e+00
     37.000     36.613    -0.6133  27.665455    -0.6130  27.665273     9.1754     9.6417    29.4208    62.1001 1.0000e-12  -74.04190 -111.70305  25.469065      99.99 6.1701e+01    350.202       8406  1027.3719  1027.3713    33.8358    33.8352    8.20704         45 0.0000e+00
     38.000     37.603    -0.6134  27.665914    -0.6131  27.665587     9.1681     9.6507    29.4208    62.3990 1.0000e-12  -74.04190 -111.70305  25.469090      99.99 6.1701e+01    352.390       8458  1027.3767  1027.3761    33.8358    33.8351    8.20705         45 0.0000e+00
     39.000     38.593    -0.6133  27.666431    -0.6130  27.666060     9.1745     9.6484    29.4208    62.2533 1.0000e-12  -74.04190 -111.70305  25.469114      99.99 6.1701e+01    354.412       8507  1027.3815  1027.3808    33.8358    33.8350    8.20703         46 0.0000e+00
     40.000     39.582    -0.6135  27.666597    -0.6128  27.666627     9.1799     9.6435    29.4208    62.6273 1.0000e-12  -74.04190 -111.70305  25.469139      99.99 6.1701e+01    356.578       8559  1027.3862  1027.3855    33.8357    33.8349    8.20709         37 0.0000e+00
     41.000     40.571    -0.6134  27.667221    -0.6128  27.667200     9.1741     9.6325    29.4208    61.9868 1.0000e-12  -74.04190 -111.70305  25.469162      99.99 6.1701e+01    358.632       8608  1027.3911  1027.3904    33.8358    33.8351    8.20706         38 0.0000e+00
     42.000     41.561    -0.6117  27.669103    -0.6110  27.669199     9.1666     9.6438    29.4208    63.1369 1.0000e-12  -74.04190 -111.70304  25.469186      99.99 6.1701e+01    360.708       8658  1027.3957  1027.3952    33.8358    33.8352    8.20669         45 0.0000e+00
     43.000     42.551    -0.6118  27.669725    -0.6112  27.669544     9.1667     9.6443    29.4208    62.2454 1.0000e-12  -74.04190 -111.70304  25.469210      99.99 6.1511e+01    362.752       8707  1027.4008  1027.4000    33.8362    33.8352    8.20670         41 0.0000e+00
     44.000     43.540    -0.6119  27.669954    -0.6115  27.669573     9.1694     9.6414    29.4208    63.6274 1.0000e-12  -74.04190 -111.70303  25.469234      99.99 6.0307e+01    364.808       8756  1027.4054  1027.4047    33.8360    33.8350    8.20673         38 0.0000e+00
     45.000     44.526    -0.6114  27.670748    -0.6110  27.670528     9.1649     9.6336    29.4208    62.2392 1.0000e-12  -74.04190 -111.70302  25.469258      99.99 6.0420e+01    366.909       8807  1027.4102  1027.4095    33.8359    33.8351    8.20663         33 0.0000e+00
     46.000     45.521    -0.6115  27.671292    -0.6128  27.669986     9.1355     9.6199    29.4208    62.5193 1.0000e-12  -74.04190 -111.70302  25.469282      97.32 6.0757e+01    368.959       8856  1027.4151  1027.4150    33.8361    33.8358    8.20663         34 0.0000e+00
     47.000     46.508    -0.6254  27.663392    -0.6251  27.663223     9.1470     9.6277    29.4208    62.1678 1.0000e-12  -74.04190 -111.70302  25.469301      99.97 6.0037e+01    370.611       8896  1027.4243  1027.4239    33.8403    33.8398    8.20939         39 0.0000e+00
     48.000     47.498    -0.6211  27.666223    -0.6212  27.665742     9.1633     9.6327    29.4208    61.7230 1.0000e-12  -74.04190 -111.70302  25.469320      99.99 5.9937e+01    372.221       8934  1027.4275  1027.4270    33.8388    33.8382    8.20856         37 0.0000e+00
     49.000     48.488    -0.6150  27.670197    -0.6160  27.669154     9.1695     9.6381    29.4208    61.6869 1.0000e-12  -74.04190 -111.70302  25.469337      99.99 5.9938e+01    373.740       8971  1027.4301  1027.4300    33.8367    33.8364    8.20736         36 0.0000e+00
     50.000     49.477    -0.6147  27.670722    -0.6151  27.670045     9.1617     9.6263    29.4208    62.2033 1.0000e-12  -74.04190 -111.70302  25.469355      99.99 5.9938e+01    375.284       9008  1027.4347  1027.4343    33.8365    33.8360    8.20731         38 0.0000e+00
     51.000     50.466    -0.6203  27.667932    -0.6197  27.667794     9.1543     9.6330    29.4208    62.0107 1.0000e-12  -74.04190 -111.70302  25.469373      99.99 5.9938e+01    376.793       9044  1027.4414  1027.4407    33.8383    33.8375    8.20841         36 0.0000e+00
     52.000     51.456    -0.6210  27.668129    -0.6201  27.668017     9.1482     9.6224    29.4208    62.0968 1.0000e-12  -74.04190 -111.70302  25.469390      99.99 5.9938e+01    378.285       9080  1027.4465  1027.4455    33.8387    33.8376    8.20853         36 0.0000e+00
     53.000     52.445    -0.6212  27.668442    -0.6211  27.667993     9.1245     9.5837    29.4208    62.9896 1.0000e-12  -74.04190 -111.70302  25.469408      99.99 5.9938e+01    379.821       9117  1027.4514  1027.4508    33.8388    33.8381    8.20858         37 0.0000e+00
     54.000     53.435    -0.6294  27.664077    -0.6299  27.663502     9.0448     9.5111    29.4208    62.2180 1.0000e-12  -74.04190 -111.70302  25.469425      99.99 5.9938e+01    381.344       9153  1027.4589  1027.4587    33.8415    33.8412    8.21021         36 0.0000e+00
     55.000     54.422    -0.6597  27.648037    -0.6601  27.647415     8.9769     9.4478    29.4208    61.3921 1.0000e-12  -74.04190 -111.70302  25.469443      99.99 5.9938e+01    382.875       9190  1027.4751  1027.4748    33.8532    33.8528    8.21611         32 0.0000e+00
     56.000     55.416    -0.6689  27.643753    -0.6699  27.642878     8.9469     9.4204    29.4208    61.4067 1.0000e-12  -74.04190 -111.70302  25.469460      99.99 5.9938e+01    384.362       9226  1027.4835  1027.4836    33.8571    33.8570    8.21789         36 0.0000e+00
     57.000     56.401    -0.6751  27.641219    -0.6749  27.640944     8.9466     9.4090    29.4208    60.2674 1.0000e-12  -74.04190 -111.70302  25.469478      99.99 5.9938e+01    385.873       9262  1027.4909  1027.4904    33.8600    33.8594    8.21907         36 0.0000e+00
     58.000     57.392    -0.6761  27.641474    -0.6749  27.641359     8.9487     9.4095    29.4208    61.3365 1.0000e-12  -74.04190 -111.70303  25.469495      99.99 5.9938e+01    387.374       9298  1027.4962  1027.4950    33.8608    33.8594    8.21924         32 0.0000e+00
     59.000     58.382    -0.6755  27.642054    -0.6751  27.641900     8.9515     9.4090    29.4208    62.1598 1.0000e-12  -74.04190 -111.70303  25.469512      99.99 5.9938e+01    388.819       9333  1027.5004  1027.4998    33.8604    33.8597    8.21914         35 0.0000e+00
