ocean_section_plots/required_files/ctd/dnbp2202_ctd232.cnv
* Sea-Bird SBE 9 Data File:
* FileName = D:\Data\raw\NBP2202_CTD232.hex
* Software Version Seasave V 7.26.7.121
* Temperature SN = 1649
* Conductivity SN = 2513
* Number of Bytes Per Scan = 40
* Number of Voltage Words = 5
* Number of Scans Averaged by the Deck Unit = 1
* NMEA Latitude = 73 45.74 S
* NMEA Longitude = 113 49.36 W
* NMEA UTC (Time) = Feb 13 2022  09:14:08
* NMEA baud rate = 9600
** Ship: RVIB N.B. Palmer
** Cruise: NBP2202 Thwaites
** Station: 144
** Operator: B. Bjork
# nquan = 28
# nvalues = 510                         
# units = specified
# name 0 = prDM: Pressure, Digiquartz [db]
# name 1 = depSM: Depth [salt water, m]
# name 2 = t090C: Temperature [ITS-90, deg C]
# name 3 = c0mS/cm: Conductivity [mS/cm]
# name 4 = t190C: Temperature, 2 [ITS-90, deg C]
# name 5 = c1mS/cm: Conductivity, 2 [mS/cm]
# name 6 = sbeox0ML/L: Oxygen, SBE 43 [ml/l]
# name 7 = sbeox1ML/L: Oxygen, SBE 43, 2 [ml/l]
# name 8 = flECO-AFL: Fluorescence, WET Labs ECO-AFL/FL [mg/m^3]
# name 9 = CStarTr0: Beam Transmission, WET Labs C-Star [%]
# name 10 = par: PAR/Irradiance, Biospherical/Licor
# name 11 = latitude: Latitude [deg]
# name 12 = longitude: Longitude [deg]
# name 13 = timeJ: Julian Days
# name 14 = altM: Altimeter [m]
# name 15 = spar: SPAR, Biospherical/Licor
# name 16 = timeS: Time, Elapsed [seconds]
# name 17 = scan: Scan Count
# name 18 = density00: Density [density, kg/m^3]
# name 19 = density11: Density, 2 [density, kg/m^3]
# name 20 = v3: Voltage 3
# name 21 = v4: Voltage 4
# name 22 = v5: Voltage 5
# name 23 = sal00: Salinity, Practical [PSU]
# name 24 = sal11: Salinity, Practical, 2 [PSU]
# name 25 = oxsolML/L: Oxygen Saturation, Garcia & Gordon [ml/l]
# name 26 = nbin: number of scans per bin
# name 27 = flag: flag
# span 0 =      2.000,    511.000       
# span 1 =      1.974,    505.089       
# span 2 =    -1.4740,    -0.0715       
# span 3 =  27.100074,  28.706924       
# span 4 =    -1.4736,    -0.0696       
# span 5 =  27.100079,  28.706696       
# span 6 =     4.8044,     8.9771       
# span 7 =     4.9532,     9.3168       
# span 8 =     0.0033,    24.6881       
# span 9 =    77.3010,    97.3241       
# span 10 = 1.0000e-12, 4.5197e+00      
# span 11 =  -73.76236,  -73.76236      
# span 12 = -113.82280, -113.82274      
# span 13 =  44.387422,  44.395284      
# span 14 =       1.32,     100.07      
# span 15 = 3.1719e+01, 4.0295e+01      
# span 16 =    225.323,    904.505      
# span 17 =       5409,      21709      
# span 18 =  1027.1625,  1029.9975      
# span 19 =  1027.1624,  1029.9954      
# span 20 =     3.6668,     4.6169      
# span 21 =     0.0675,     3.7148      
# span 22 =     0.1179,     0.2764      
# span 23 =    33.7867,    34.3349      
# span 24 =    33.7865,    34.3324      
# span 25 =    8.06260,    8.38891      
# span 26 =         10,         48      
# span 27 = 0.0000e+00, 0.0000e+00      
# interval = decibars: 1                
# start_time = Feb 13 2022 09:14:08 [NMEA time, header]
# bad_flag = -9.990e-29
*END*
[from data line 467]
    469.000    463.631    -0.2512  28.505606    -0.2462  28.508682     4.9415     5.0989     0.0213    96.9394 1.0000e-12  -73.76236 -113.82278  44.393861      46.50 3.5601e+01    781.601      18759  1029.7769  1029.7753     4.5987     0.0703     0.1311    34.2939    34.2924    8.10296         26 0.0000e+00
    470.000    464.617    -0.2510  28.506595    -0.2491  28.506378     4.9418     5.0956     0.0213    96.9534 1.0000e-12  -73.76236 -113.82278  44.393874      44.93 3.4135e+01    782.718      18786  1029.7822  1029.7801     4.5993     0.0681     0.1301    34.2945    34.2921    8.10290         27 0.0000e+00
    471.000    465.605    -0.2488  28.509500    -0.2468  28.508902     4.9468     5.0929     0.0229    96.8851 1.0000e-12  -73.76236 -113.82278  44.393887      44.11 3.7514e+01    783.877      18814  1029.7874  1029.7849     4.5961     0.0690     0.1299    34.2952    34.2922    8.10237         29 0.0000e+00
    472.000    466.592    -0.2445  28.514714    -0.2431  28.513777     4.9415     5.0915     0.0373    96.9362 1.0000e-12  -73.76236 -113.82278  44.393901      42.90 3.6629e+01    785.042      18842  1029.7931  1029.7908     4.5985     0.0677     0.1296    34.2968    34.2940    8.10138         27 0.0000e+00
    473.000    467.580    -0.2441  28.515836    -0.2424  28.515427     4.9226     5.0826     0.0465    96.9437 1.0000e-12  -73.76236 -113.82278  44.393914      41.84 3.4552e+01    786.160      18869  1029.7983  1029.7962     4.5989     0.0684     0.1292    34.2972    34.2948    8.10127         27 0.0000e+00
    474.000    468.568    -0.2331  28.527851    -0.2318  28.526794     4.8988     5.0588     0.0476    96.9482 1.0000e-12  -73.76236 -113.82278  44.393927      40.93 3.7136e+01    787.330      18897  1029.8046  1029.8022     4.5991     0.0689     0.1321    34.3002    34.2974    8.09875         29 0.0000e+00
    475.000    469.552    -0.2048  28.555999    -0.2027  28.555117     4.8835     5.0409     0.0208    96.9811 1.0000e-12  -73.76236 -113.82278  44.393941      40.06 3.5454e+01    788.523      18926  1029.8110  1029.8080     4.6006     0.0714     0.1578    34.3054    34.3018    8.09246         25 0.0000e+00
    476.000    470.542    -0.1888  28.571156    -0.1878  28.570020     4.8731     5.0368     0.0318    96.9712 1.0000e-12  -73.76236 -113.82278  44.393954      38.95 3.4051e+01    789.651      18953  1029.8158  1029.8136     4.6002     0.0692     0.1324    34.3069    34.3043    8.08897         27 0.0000e+00
    477.000    471.530    -0.1861  28.574228    -0.1839  28.574455     4.8775     5.0382     0.0186    96.8640 1.0000e-12  -73.76236 -113.82278  44.393967      37.80 3.7052e+01    790.783      18980  1029.8209  1029.8190     4.5951     0.0848     0.1365    34.3074    34.3052    8.08837         28 0.0000e+00
    478.000    472.517    -0.1852  28.575588    -0.1834  28.575477     4.8817     5.0384     0.0200    96.8830 1.0000e-12  -73.76236 -113.82278  44.393981      36.70 3.6358e+01    791.935      19007  1029.8260  1029.8241     4.5959     0.0719     0.1374    34.3077    34.3055    8.08818         27 0.0000e+00
    479.000    473.504    -0.1853  28.575971    -0.1833  28.575969     4.8860     5.0350     0.0323    96.8743 1.0000e-12  -73.76236 -113.82278  44.393994      36.08 3.4307e+01    793.066      19035  1029.8309  1029.8289     4.5956     0.0683     0.1373    34.3077    34.3054    8.08819         28 0.0000e+00
    480.000    474.492    -0.1846  28.577040    -0.1827  28.576979     4.8797     5.0372     0.0287    96.8544 1.0000e-12  -73.76236 -113.82278  44.394007      34.75 3.6980e+01    794.191      19062  1029.8358  1029.8338     4.5946     0.0712     0.1382    34.3077    34.3055    8.08805         27 0.0000e+00
    481.000    475.479    -0.1843  28.577992    -0.1827  28.577391     4.8801     5.0308     0.0254    96.7854 1.0000e-12  -73.76236 -113.82278  44.394020      33.67 3.7085e+01    795.320      19089  1029.8408  1029.8387     4.5914     0.0698     0.1385    34.3080    34.3055    8.08796         27 0.0000e+00
    482.000    476.465    -0.1826  28.580273    -0.1803  28.580365     4.8796     5.0352     0.0288    96.7362 1.0000e-12  -73.76236 -113.82278  44.394033      32.75 3.5558e+01    796.417      19115  1029.8459  1029.8438     4.5890     0.0710     0.1376    34.3085    34.3061    8.08756         26 0.0000e+00
    483.000    477.455    -0.1814  28.581902    -0.1784  28.582734     4.8779     5.0266     0.0289    96.7045 1.0000e-12  -73.76236 -113.82277  44.394046      31.68 3.6236e+01    797.539      19142  1029.8508  1029.8488     4.5875     0.0693     0.1358    34.3087    34.3065    8.08730         27 0.0000e+00
    484.000    478.441    -0.1766  28.587282    -0.1738  28.587651     4.8655     5.0202     0.0248    96.7381 1.0000e-12  -73.76236 -113.82276  44.394059      30.70 3.6764e+01    798.676      19169  1029.8562  1029.8539     4.5891     0.0849     0.1394    34.3100    34.3073    8.08622         27 0.0000e+00
    485.000    479.428    -0.1670  28.596907    -0.1650  28.596795     4.8718     5.0161     0.0170    96.7302 1.0000e-12  -73.76236 -113.82276  44.394072      29.62 3.4025e+01    799.788      19196  1029.8613  1029.8593     4.5887     0.0718     0.1411    34.3114    34.3090    8.08411         27 0.0000e+00
    486.000    480.416    -0.1659  28.598663    -0.1641  28.598315     4.8683     5.0122     0.0286    96.7557 1.0000e-12  -73.76236 -113.82276  44.394085      28.68 3.5948e+01    800.936      19223  1029.8664  1029.8643     4.5900     0.0710     0.1392    34.3119    34.3094    8.08384         28 0.0000e+00
    487.000    481.403    -0.1666  28.598224    -0.1644  28.598347     4.8669     5.0208     0.0365    96.7171 1.0000e-12  -73.76236 -113.82276  44.394099      27.76 3.6662e+01    802.135      19252  1029.8710  1029.8691     4.5881     0.0714     0.1407    34.3114    34.3092    8.08401         29 0.0000e+00
    488.000    482.390    -0.1636  28.601636    -0.1630  28.600170     4.8685     5.0174     0.0247    96.7376 1.0000e-12  -73.76236 -113.82276  44.394112      26.67 3.6046e+01    803.283      19280  1029.8761  1029.8739     4.5891     0.0734     0.1355    34.3121    34.3094    8.08335         27 0.0000e+00
    489.000    483.379    -0.1613  28.604750    -0.1600  28.603674     4.8613     5.0166     0.0216    96.7281 1.0000e-12  -73.76236 -113.82276  44.394126      25.67 3.5867e+01    804.483      19309  1029.8815  1029.8790     4.5886     0.0721     0.1398    34.3131    34.3101    8.08281         29 0.0000e+00
    490.000    484.365    -0.1552  28.611445    -0.1531  28.611522     4.8626     5.0176     0.0181    96.7462 1.0000e-12  -73.76236 -113.82276  44.394142      24.56 3.6889e+01    805.886      19342  1029.8869  1029.8849     4.5895     0.0723     0.1396    34.3145    34.3122    8.08143         34 0.0000e+00
    491.000    485.353    -0.1540  28.613102    -0.1521  28.613040     4.8648     5.0168     0.0101    96.7431 1.0000e-12  -73.76236 -113.82276  44.394158      23.48 3.4260e+01    807.286      19376  1029.8918  1029.8899     4.5894     0.0712     0.1385    34.3147    34.3125    8.08116         35 0.0000e+00
    492.000    486.339    -0.1514  28.616574    -0.1485  28.617310     4.8604     5.0188     0.0179    96.7587 1.0000e-12  -73.76236 -113.82275  44.394177      22.22 3.4613e+01    808.911      19415  1029.8973  1029.8953     4.5901     0.0779     0.1394    34.3159    34.3136    8.08055         41 0.0000e+00
    493.000    487.328    -0.1467  28.621815    -0.1457  28.620675     4.8571     5.0164     0.0256    96.7626 1.0000e-12  -73.76236 -113.82274  44.394197      21.29 3.6356e+01    810.589      19455  1029.9026  1029.9005     4.5903     0.0720     0.1382    34.3169    34.3144    8.07949         38 0.0000e+00
    494.000    488.315    -0.1464  28.622723    -0.1445  28.622442     4.8567     5.0076     0.0199    96.7879 1.0000e-12  -73.76236 -113.82275  44.394217      20.19 3.4124e+01    812.365      19498  1029.9076  1029.9055     4.5915     0.0705     0.1353    34.3172    34.3147    8.07941         42 0.0000e+00
    495.000    489.302    -0.1433  28.626248    -0.1410  28.626666     4.8552     5.0092     0.0168    96.7880 1.0000e-12  -73.76236 -113.82276  44.394240      19.10 3.4407e+01    814.329      19545  1029.9127  1029.9109     4.5915     0.0711     0.1363    34.3179    34.3158    8.07873         37 0.0000e+00
    496.000    490.288    -0.1322  28.638528    -0.1286  28.639977     4.8468     4.9965     0.0212    96.7897 1.0000e-12  -73.76236 -113.82276  44.394262      18.06 3.5071e+01    816.255      19591  1029.9191  1029.9171     4.5916     0.0703     0.1345    34.3211    34.3189    8.07619         32 0.0000e+00
    497.000    491.276    -0.1240  28.647476    -0.1214  28.647937     4.8459     4.9896     0.0524    96.8430 1.0000e-12  -73.76236 -113.82276  44.394288      17.09 3.4048e+01    818.496      19645  1029.9250  1029.9229     4.5941     0.0712     0.1357    34.3232    34.3208    8.07434         45 0.0000e+00
    498.000    492.263    -0.1223  28.649829    -0.1206  28.649181     4.8447     4.9969     0.0168    96.8262 1.0000e-12  -73.76236 -113.82276  44.394313      15.96 3.3640e+01    820.618      19696  1029.9301  1029.9279     4.5933     0.0695     0.1379    34.3238    34.3210    8.07394         45 0.0000e+00
    499.000    493.251    -0.1247  28.647326    -0.1234  28.646677     4.8482     4.9995     0.0204    96.8088 1.0000e-12  -73.76236 -113.82277  44.394341      14.89 3.6089e+01    823.022      19754  1029.9343  1029.9323     4.5926     0.0707     0.1360    34.3226    34.3203    8.07453         43 0.0000e+00
    500.000    494.239    -0.1195  28.653458    -0.1170  28.653796     4.8457     4.9920     0.0183    96.7905 1.0000e-12  -73.76236 -113.82278  44.394370      13.82 3.3790e+01    825.569      19815  1029.9400  1029.9379     4.5916     0.0739     0.1377    34.3243    34.3219    8.07333         38 0.0000e+00
    501.000    495.226    -0.1160  28.657265    -0.1120  28.659268     4.8433     4.9920     0.0384    96.8106 1.0000e-12  -73.76236 -113.82278  44.394411      12.81 3.3810e+01    829.115      19900  1029.9450  1029.9432     4.5925     0.0744     0.1374    34.3249    34.3230    8.07256         41 0.0000e+00
    502.000    496.213    -0.1128  28.661130    -0.1103  28.661401     4.8373     4.9871     0.0257    96.8106 1.0000e-12  -73.76236 -113.82278  44.394437      11.74 3.6251e+01    831.342      19953  1029.9502  1029.9481     4.5926     0.0715     0.1339    34.3258    34.3233    8.07183         42 0.0000e+00
    503.000    497.200    -0.1106  28.663743    -0.1072  28.664880     4.8337     4.9831     0.0181    96.8307 1.0000e-12  -73.76236 -113.82278  44.394463      10.60 3.5259e+01    833.617      20008  1029.9551  1029.9531     4.5935     0.0711     0.1345    34.3262    34.3239    8.07134         44 0.0000e+00
    504.000    498.187    -0.1090  28.665808    -0.1055  28.666997     4.8384     4.9847     0.0119    96.8323 1.0000e-12  -73.76236 -113.82279  44.394487       9.52 3.4045e+01    835.716      20058  1029.9601  1029.9579     4.5936     0.0734     0.1358    34.3266    34.3242    8.07099         45 0.0000e+00
    505.000    499.174    -0.1097  28.665549    -0.1054  28.667654     4.8234     4.9777     0.0143    96.7901 1.0000e-12  -73.76236 -113.82280  44.394513       8.48 3.6111e+01    837.904      20111  1029.9648  1029.9629     4.5916     0.0695     0.1355    34.3264    34.3244    8.07114         48 0.0000e+00
    506.000    500.162    -0.0989  28.676199    -0.0970  28.676075     4.8214     4.9735     0.0210    96.8270 1.0000e-12  -73.76236 -113.82280  44.394538       7.44 3.5258e+01    840.091      20163  1029.9698  1029.9678     4.5933     0.0731     0.1350    34.3279    34.3255    8.06878         38 0.0000e+00
    507.000    501.150    -0.0976  28.678063    -0.0952  28.678204     4.8247     4.9682     0.0144    96.8136 1.0000e-12  -73.76236 -113.82280  44.394569       6.33 3.3824e+01    842.787      20228  1029.9748  1029.9727     4.5927     0.0704     0.1355    34.3282    34.3258    8.06848         37 0.0000e+00
    508.000    502.137    -0.0922  28.684090    -0.0913  28.682699     4.8184     4.9674     0.0898    96.7671 1.0000e-12  -73.76236 -113.82280  44.394629       5.24 3.5109e+01    847.958      20352  1029.9802  1029.9779     4.5905     0.0714     0.1411    34.3296    34.3267    8.06726         39 0.0000e+00
    509.000    503.125    -0.0876  28.689222    -0.0864  28.688048     4.8100     4.9641     0.0237    96.7503 1.0000e-12  -73.76236 -113.82278  44.394828       3.95 3.5389e+01    865.184      20765  1029.9856  1029.9832     4.5897     0.0703     0.1416    34.3307    34.3278    8.06624         38 0.0000e+00
    510.000    504.109    -0.0771  28.700678    -0.0761  28.699286     4.8044     4.9548     0.0260    96.7166 1.0000e-12  -73.76236 -113.82276  44.394968       2.78 3.4023e+01    877.205      21054  1029.9918  1029.9894     4.5882     0.0721     0.1422    34.3335    34.3305    8.06386         33 0.0000e+00
    511.000    505.089    -0.0715  28.706924    -0.0696  28.706696     4.8131     4.9532     0.0199    96.7588 1.0000e-12  -73.76236 -113.82277  44.395284       1.32 3.3180e+01    904.505      21709  1029.9975  1029.9954     4.5901     0.0703     0.1355    34.3349    34.3324    8.06260         13 0.0000e+00
