ocean_section_plots/required_files/ctd/dnbp2202_ctd059.cnv
* Sea-Bird SBE 9 Data File:
* FileName = D:\Data\raw\NBP2202_CTD059.hex
* Software Version Seasave V 7.26.7.121
* Temperature SN = 1649
* Conductivity SN = 2513
* Number of Bytes Per Scan = 40
* Number of Voltage Words = 5
* Number of Scans Averaged by the Deck Unit = 1
* NMEA Latitude = 74 07.53 S
* NMEA Longitude = 111 43.37 W
* NMEA UTC (Time) = Jan 25 2022  08:59:56
* NMEA baud rate = 9600
** Ship: RVIB N.B. Palmer
** Cruise: NBP2202 Thwaites
** Station: 40
** Operator: B.Bjork
# nquan = 25
# nvalues = 285                         
# units = specified
# name 0 = prDM: Pressure, Digiquartz [db]
# name 1 = depSM: Depth [salt water, m]
# name 2 = t090C: Temperature [ITS-90, deg C]
# name 3 = c0mS/cm: Conductivity [mS/cm]
# name 4 = t190C: Temperature, 2 [ITS-90, deg C]
# name 5 = c1mS/cm: Conductivity, 2 [mS/cm]
# name 6 = sbeox0ML/L: Oxygen, SBE 43 [ml/l]
# name 7 = sbeox1ML/L: Oxygen, SBE 43, 2 [ml/l]
# name 8 = flECO-AFL: Fluorescence, WET Labs ECO-AFL/FL [mg/m^3]
# name 9 = CStarTr0: Beam Transmission, WET Labs C-Star [%]
# name 10 = par: PAR/Irradiance, Biospherical/Licor
# name 11 = latitude: Latitude [deg]
# name 12 = longitude: Longitude [deg]
# name 13 = timeJ: Julian Days
# name 14 = altM: Altimeter [m]
# name 15 = spar: SPAR, Biospherical/Licor
# name 16 = timeS: Time, Elapsed [seconds]
# name 17 = scan: Scan Count
# name 18 = density00: Density [density, kg/m^3]
# name 19 = density11: Density, 2 [density, kg/m^3]
# name 20 = sal00: Salinity, Practical [PSU]
# name 21 = sal11: Salinity, Practical, 2 [PSU]
# name 22 = oxsolML/L: Oxygen Saturation, Garcia & Gordon [ml/l]
# name 23 = nbin: number of scans per bin
# name 24 = flag: flag
# span 0 =      2.000,    286.000       
# span 1 =      1.979,    282.849       
# span 2 =    -1.6734,    -1.1828       
# span 3 =  26.911170,  27.275086       
# span 4 =    -1.6731,    -1.1844       
# span 5 =  26.910937,  27.274768       
# span 6 =     6.1925,     7.8054       
# span 7 =     6.4830,     8.1742       
# span 8 =     0.0360,    19.5427       
# span 9 =    75.4384,    96.7604       
# span 10 = -1.079e-06, 1.0045e+01      
# span 11 =  -74.12550,  -74.12550      
# span 12 = -111.72290, -111.72286      
# span 13 =  25.377552,  25.383218      
# span 14 =     -27.75,     101.76      
# span 15 = 3.6964e+01, 4.3112e+01      
# span 16 =    224.520,    714.032      
# span 17 =       5389,      17138      
# span 18 =  1027.2054,  1028.7687      
# span 19 =  1027.2071,  1028.7672      
# span 20 =    33.8105,    34.0484      
# span 21 =    33.8120,    34.0467      
# span 22 =    8.33364,    8.43675      
# span 23 =         18,         48      
# span 24 = 0.0000e+00, 0.0000e+00      
# interval = decibars: 1                
# start_time = Jan 25 2022 08:59:56 [NMEA time, header]
# bad_flag = -9.990e-29
*END*
[from data line 58]
     60.000     59.370    -1.1974  27.176001    -1.1968  27.176345     7.6715     8.0779    13.2583    77.6093 1.0000e-12  -74.12550 -111.72289  25.379036      97.30 3.7322e+01    352.745       8467  1027.4865  1027.4863    33.8130    33.8127    8.33686         41 0.0000e+00
     61.000     60.360    -1.1957  27.177910    -1.1950  27.178307     7.6873     8.0946    13.6377    77.1891 1.0000e-12  -74.12550 -111.72289  25.379059      99.23 3.7315e+01    354.699       8514  1027.4913  1027.4910    33.8131    33.8128    8.33648         43 0.0000e+00
     62.000     61.350    -1.1947  27.179830    -1.1934  27.180414     7.7042     8.0908    14.3515    77.1739 1.0000e-12  -74.12550 -111.72289  25.379082      99.61 3.7032e+01    356.660       8561  1027.4967  1027.4962    33.8139    33.8132    8.33620         41 0.0000e+00
     63.000     62.338    -1.1922  27.181653    -1.1926  27.181302     7.6314     8.0272    14.0464    77.5567 1.0000e-12  -74.12550 -111.72289  25.379104      99.50 3.7021e+01    358.599       8607  1027.5007  1027.5007    33.8130    33.8129    8.33571         44 0.0000e+00
     64.000     63.328    -1.1998  27.177099    -1.1997  27.176890     7.5279     7.9234    14.3702    77.9617 1.0000e-12  -74.12550 -111.72289  25.379127      99.73 3.7712e+01    360.531       8654  1027.5074  1027.5070    33.8147    33.8142    8.33730         40 0.0000e+00
     65.000     64.317    -1.2026  27.177965    -1.2026  27.177977     7.4810     7.8823    13.5518    77.8104 1.0000e-12  -74.12550 -111.72288  25.379149      99.59 3.7170e+01    362.479       8701  1027.5154  1027.5153    33.8184    33.8184    8.33770         39 0.0000e+00
     66.000     65.307    -1.2031  27.178955    -1.2032  27.178740     7.4822     7.8832    12.6521    77.9807 1.0000e-12  -74.12550 -111.72288  25.379172      99.59 3.7019e+01    364.439       8748  1027.5212  1027.5210    33.8197    33.8195    8.33773         43 0.0000e+00
     67.000     66.296    -1.2032  27.179494    -1.2031  27.179276     7.4896     7.8825    11.1188    77.7825 1.0000e-12  -74.12550 -111.72288  25.379194      95.03 3.7021e+01    366.372       8794  1027.5262  1027.5258    33.8199    33.8195    8.33774         38 0.0000e+00
     68.000     67.285    -1.2029  27.180309    -1.2029  27.180092     7.4896     7.8736    11.9598    78.5696 1.0000e-12  -74.12550 -111.72288  25.379216      99.51 3.7021e+01    368.271       8840  1027.5311  1027.5308    33.8201    33.8198    8.33767         44 0.0000e+00
     69.000     68.275    -1.2018  27.183172    -1.2017  27.182803     7.4771     7.8515    11.9029    77.8549 1.0000e-12  -74.12550 -111.72288  25.379238      99.56 3.7064e+01    370.201       8886  1027.5374  1027.5370    33.8221    33.8216    8.33730         41 0.0000e+00
     70.000     69.264    -1.2039  27.183838    -1.2029  27.183890     7.4630     7.8411    12.2275    78.4806 1.0000e-12  -74.12550 -111.72288  25.379261      99.43 3.7599e+01    372.160       8933  1027.5445  1027.5437    33.8248    33.8238    8.33761         46 0.0000e+00
     71.000     70.254    -1.2041  27.184380    -1.2052  27.183362     7.4530     7.8353    12.0167    79.6643 1.0000e-12  -74.12550 -111.72288  25.379283      99.45 3.7190e+01    374.078       8979  1027.5496  1027.5496    33.8251    33.8250    8.33763         42 0.0000e+00
     72.000     71.242    -1.2056  27.184160    -1.2052  27.183975     7.4305     7.8144    12.3599    79.3302 1.0000e-12  -74.12550 -111.72288  25.379306      99.51 3.7021e+01    376.034       9026  1027.5551  1027.5545    33.8259    33.8252    8.33792         43 0.0000e+00
     73.000     72.232    -1.2079  27.183876    -1.2080  27.183578     7.3759     7.7588    11.6771    79.1178 1.0000e-12  -74.12550 -111.72288  25.379328      99.37 3.7746e+01    377.912       9071  1027.5614  1027.5611    33.8276    33.8272    8.33835         39 0.0000e+00
     74.000     73.222    -1.2138  27.183638    -1.2142  27.183290     7.3080     7.6885    11.1772    78.5524 1.0000e-12  -74.12550 -111.72287  25.379349      97.27 3.7574e+01    379.728       9114  1027.5711  1027.5711    33.8332    33.8332    8.33933         38 0.0000e+00
     75.000     74.210    -1.2235  27.180342    -1.2247  27.179546     7.2760     7.6553    12.3147    79.8773 1.0000e-12  -74.12550 -111.72286  25.379367      99.41 3.7014e+01    381.275       9152  1027.5812  1027.5814    33.8391    33.8393    8.34115         32 0.0000e+00
     76.000     75.199    -1.2272  27.179212    -1.2271  27.178899     7.2582     7.6419    10.9368    79.4405 1.0000e-12  -74.12550 -111.72286  25.379384      99.38 3.8194e+01    382.761       9187  1027.5877  1027.5873    33.8411    33.8405    8.34185         35 0.0000e+00
     77.000     76.190    -1.2288  27.178903    -1.2286  27.178757     7.2381     7.6089    11.4454    78.5014 1.0000e-12  -74.12550 -111.72286  25.379401      99.35 3.7727e+01    384.245       9223  1027.5932  1027.5928    33.8419    33.8414    8.34217         35 0.0000e+00
     78.000     77.178    -1.2322  27.177796    -1.2331  27.177163     7.2065     7.5827    11.5969    80.3317 1.0000e-12  -74.12550 -111.72286  25.379418      99.34 3.7275e+01    385.700       9258  1027.5995  1027.5997    33.8435    33.8437    8.34282         35 0.0000e+00
     79.000     78.168    -1.2391  27.174966    -1.2393  27.174648     7.1897     7.5694    11.0763    79.4551 1.0000e-12  -74.12550 -111.72286  25.379435      99.35 3.8140e+01    387.149       9293  1027.6074  1027.6072    33.8469    33.8467    8.34417         33 0.0000e+00
     80.000     79.157    -1.2402  27.174988    -1.2403  27.174632     7.1873     7.5614    11.6630    79.9088 1.0000e-12  -74.12550 -111.72286  25.379451      99.38 3.7958e+01    388.572       9327  1027.6126  1027.6123    33.8475    33.8471    8.34437         34 0.0000e+00
     81.000     80.146    -1.2414  27.174866    -1.2419  27.174271     7.1925     7.5530    10.4315    80.9866 1.0000e-12  -74.12550 -111.72286  25.379468      99.33 3.7442e+01    390.018       9361  1027.6179  1027.6177    33.8481    33.8478    8.34462         33 0.0000e+00
     82.000     81.136    -1.2415  27.175328    -1.2415  27.175024     7.1858     7.5507    11.1387    81.3336 1.0000e-12  -74.12550 -111.72286  25.379484      98.51 3.7629e+01    391.446       9396  1027.6227  1027.6223    33.8482    33.8477    8.34462         35 0.0000e+00
     83.000     82.125    -1.2420  27.175658    -1.2420  27.175280     7.1791     7.5425    10.8749    80.9536 1.0000e-12  -74.12550 -111.72286  25.379501      97.74 3.8082e+01    392.891       9430  1027.6277  1027.6273    33.8485    33.8480    8.34471         33 0.0000e+00
     84.000     83.114    -1.2436  27.175290    -1.2435  27.174985     7.1638     7.5311    10.5717    81.0557 1.0000e-12  -74.12550 -111.72286  25.379518      99.40 3.7651e+01    394.325       9465  1027.6332  1027.6327    33.8492    33.8487    8.34502         33 0.0000e+00
     85.000     84.101    -1.2468  27.174259    -1.2474  27.173590     7.1536     7.5317    10.7799    80.8555 1.0000e-12  -74.12550 -111.72286  25.379534      99.33 3.7517e+01    395.753       9499  1027.6394  1027.6393    33.8508    33.8506    8.34565         32 0.0000e+00
     86.000     85.093    -1.2469  27.174657    -1.2471  27.174069     7.1614     7.5231     9.3516    81.9666 1.0000e-12  -74.12550 -111.72286  25.379551      99.38 3.8211e+01    397.184       9533  1027.6442  1027.6438    33.8508    33.8503    8.34567         34 0.0000e+00
     87.000     86.082    -1.2466  27.175256    -1.2470  27.174653     7.1673     7.5243     9.6493    81.0348 1.0000e-12  -74.12550 -111.72286  25.379567      99.35 3.7778e+01    398.617       9568  1027.6488  1027.6486    33.8507    33.8504    8.34561         35 0.0000e+00
     88.000     87.072    -1.2462  27.175873    -1.2461  27.175565     7.1730     7.5218    10.0268    81.6180 1.0000e-12  -74.12550 -111.72287  25.379584      99.38 3.7225e+01    400.070       9603  1027.6534  1027.6529    33.8505    33.8499    8.34554         34 0.0000e+00
     89.000     88.060    -1.2462  27.176451    -1.2466  27.175773     7.1699     7.5182     9.6400    81.4014 1.0000e-12  -74.12550 -111.72287  25.379601      99.34 3.8489e+01    401.498       9637  1027.6582  1027.6579    33.8506    33.8502    8.34553         34 0.0000e+00
     90.000     89.049    -1.2469  27.176662    -1.2466  27.176327     7.1738     7.5337    10.7635    81.5134 1.0000e-12  -74.12550 -111.72287  25.379617      99.37 3.7562e+01    402.933       9671  1027.6635  1027.6628    33.8512    33.8503    8.34566         36 0.0000e+00
     91.000     90.038    -1.2468  27.178647    -1.2466  27.178284     7.1876     7.5409     9.7791    81.1949 1.0000e-12  -74.12550 -111.72288  25.379634      99.37 3.7023e+01    404.391       9706  1027.6698  1027.6693    33.8531    33.8524    8.34551         34 0.0000e+00
     92.000     91.028    -1.2456  27.181067    -1.2456  27.180546     7.1956     7.5458    10.3612    81.5648 1.0000e-12  -74.12550 -111.72288  25.379651      96.21 3.8194e+01    405.853       9741  1027.6757  1027.6750    33.8545    33.8537    8.34517         36 0.0000e+00
     93.000     92.018    -1.2458  27.181177    -1.2455  27.181157     7.2175     7.5823    10.3149    81.8577 1.0000e-12  -74.12550 -111.72288  25.379668      99.45 3.7331e+01    407.321       9777  1027.6803  1027.6799    33.8543    33.8538    8.34524         32 0.0000e+00
     94.000     93.004    -1.2438  27.184211    -1.2419  27.185468     7.2916     7.6421    10.6183    81.8702 1.0000e-12  -74.12550 -111.72288  25.379684      99.35 3.7021e+01    408.733       9811  1027.6860  1027.6855    33.8555    33.8551    8.34471         32 0.0000e+00
     95.000     93.996    -1.2376  27.191533    -1.2377  27.190452     7.4124     7.7418    10.9729    82.3042 1.0000e-12  -74.12550 -111.72288  25.379701      99.34 3.8031e+01    410.172       9845  1027.6923  1027.6912    33.8579    33.8565    8.34318         35 0.0000e+00
     96.000     94.985    -1.2194  27.209201    -1.2217  27.206062     7.5094     7.8330    11.6017    81.9797 1.0000e-12  -74.12550 -111.72288  25.379718      99.35 3.7543e+01    411.592       9879  1027.6985  1027.6972    33.8609    33.8592    8.33894         34 0.0000e+00
     97.000     95.974    -1.2122  27.217159    -1.2123  27.215853     7.5629     7.8913    13.3898    81.8155 1.0000e-12  -74.12550 -111.72288  25.379734      99.34 3.7016e+01    413.034       9914  1027.7047  1027.7033    33.8630    33.8614    8.33720         34 0.0000e+00
     98.000     96.963    -1.2099  27.226301    -1.2104  27.225999     7.3567     7.7194    14.3045    80.9314 1.0000e-12  -74.12550 -111.72288  25.379751      99.37 3.7830e+01    414.464       9948  1027.7170  1027.7172    33.8724    33.8725    8.33615         35 0.0000e+00
     99.000     97.952    -1.2550  27.196244    -1.2587  27.194111     7.0072     7.3940    14.3907    81.0332 1.0000e-12  -74.12550 -111.72288  25.379767      99.49 3.7381e+01    415.891       9982  1027.7322  1027.7335    33.8816    33.8828    8.34567         35 0.0000e+00
    100.000     98.941    -1.2939  27.164676    -1.2949  27.164152     6.6747     7.1051    15.0122    80.8675 1.0000e-12  -74.12550 -111.72288  25.379784      99.14 3.7296e+01    417.346      10017  1027.7393  1027.7398    33.8816    33.8821    8.35435         32 0.0000e+00
    101.000     99.931    -1.3304  27.134382    -1.3306  27.134621     6.5812     7.0067    13.1290    80.1658 1.0000e-12  -74.12550 -111.72288  25.379801      95.15 3.8116e+01    418.782      10052  1027.7454  1027.7458    33.8808    33.8813    8.36259         34 0.0000e+00
    102.000    100.919    -1.3340  27.132288    -1.3335  27.131917     6.5901     6.9936    10.4930    80.3678 1.0000e-12  -74.12550 -111.72288  25.379817      99.34 3.7627e+01    420.204      10086  1027.7504  1027.7495    33.8813    33.8802    8.36335         35 0.0000e+00
    103.000    101.909    -1.3339  27.132791    -1.3319  27.134220     6.6926     7.0571     8.7172    80.3517 1.0000e-12  -74.12550 -111.72288  25.379834      99.37 3.7376e+01    421.650      10121  1027.7549  1027.7545    33.8813    33.8810    8.36334         35 0.0000e+00
    104.000    102.898    -1.3371  27.130885    -1.3368  27.130663     6.9972     7.3172     9.7273    81.0789 1.0000e-12  -74.12550 -111.72288  25.379851      99.38 3.7572e+01    423.101      10155  1027.7599  1027.7593    33.8817    33.8810    8.36404         35 0.0000e+00
    105.000    103.888    -1.3054  27.160442    -1.3039  27.159772     7.1763     7.4856     8.8017    82.0308 1.0000e-12  -74.12550 -111.72288  25.379868      99.38 3.7575e+01    424.564      10191  1027.7657  1027.7636    33.8857    33.8831    8.35669         35 0.0000e+00
    106.000    104.876    -1.3116  27.156627    -1.3124  27.155952     7.3718     7.6705     8.8740    81.8710 1.0000e-12  -74.12550 -111.72288  25.379884      99.39 3.7278e+01    426.015      10225  1027.7719  1027.7719    33.8869    33.8869    8.35801         35 0.0000e+00
    107.000    105.865    -1.2919  27.177533    -1.2905  27.176987     7.4710     7.7782    10.8157    82.7220 1.0000e-12  -74.12550 -111.72288  25.379901      99.37 3.7322e+01    427.469      10260  1027.7800  1027.7780    33.8927    33.8903    8.35326         35 0.0000e+00
    108.000    106.855    -1.2873  27.181989    -1.2871  27.181488     7.4403     7.7743    10.8799    82.7079 1.0000e-12  -74.12550 -111.72288  25.379918      99.42 3.8361e+01    428.927      10295  1027.7848  1027.7841    33.8930    33.8921    8.35221         34 0.0000e+00
    109.000    107.843    -1.2928  27.178318    -1.2924  27.178112     7.3879     7.7334    12.6554    82.7704 1.0000e-12  -74.12550 -111.72288  25.379935      99.52 3.7489e+01    430.351      10329  1027.7904  1027.7899    33.8935    33.8928    8.35340         34 0.0000e+00
    110.000    108.834    -1.3002  27.173254    -1.2998  27.173031     7.3383     7.6949    13.2447    81.7654 1.0000e-12  -74.12550 -111.72288  25.379951      96.38 3.7020e+01    431.796      10364  1027.7965  1027.7958    33.8944    33.8936    8.35502         35 0.0000e+00
    111.000    109.822    -1.3056  27.169663    -1.3054  27.169354     7.2892     7.6407    13.0405    82.4887 1.0000e-12  -74.12550 -111.72288  25.379968      99.33 3.7922e+01    433.241      10399  1027.8019  1027.8015    33.8948    33.8942    8.35619         35 0.0000e+00
    112.000    110.811    -1.3130  27.164595    -1.3130  27.164231     7.2345     7.5981    12.4189    81.6950 1.0000e-12  -74.12550 -111.72288  25.379985      99.34 3.7281e+01    434.685      10433  1027.8078  1027.8074    33.8957    33.8951    8.35780         34 0.0000e+00
    113.000    111.800    -1.3230  27.157952    -1.3230  27.157662     7.2508     7.6206    12.7469    79.9375 1.0000e-12  -74.12550 -111.72288  25.380002      99.40 3.7021e+01    436.132      10468  1027.8145  1027.8142    33.8973    33.8969    8.35995         32 0.0000e+00
    114.000    112.790    -1.3410  27.145939    -1.3427  27.144702     7.2761     7.6324    11.6852    80.8043 1.0000e-12  -74.12550 -111.72288  25.380018      99.41 3.8045e+01    437.557      10502  1027.8229  1027.8233    33.9005    33.9008    8.36378         34 0.0000e+00
    115.000    113.778    -1.3537  27.137466    -1.3543  27.136670     7.2696     7.6145    10.6977    80.7431 1.0000e-12  -74.12550 -111.72287  25.380035      99.38 3.7036e+01    439.014      10537  1027.8300  1027.8298    33.9026    33.9022    8.36651         35 0.0000e+00
    116.000    114.767    -1.3701  27.124833    -1.3751  27.122284     7.2205     7.5780    11.0882    81.2656 1.0000e-12  -74.12550 -111.72286  25.380053      99.35 3.7021e+01    440.623      10576  1027.8362  1027.8382    33.9033    33.9054    8.37016         37 0.0000e+00
