ocean_section_plots/required_files/ctd/dnbp2202_ctd154.cnv
* Sea-Bird SBE 9 Data File:
* FileName = D:\Data\raw\NBP2202_CTD154.hex
* Software Version Seasave V 7.26.7.121
* Temperature SN = 1649
* Conductivity SN = 2513
* Number of Bytes Per Scan = 40
* Number of Voltage Words = 5
* Number of Scans Averaged by the Deck Unit = 1
* NMEA Latitude = 74 06.59 S
* NMEA Longitude = 113 19.34 W
* NMEA UTC (Time) = Jan 31 2022  12:51:40
* NMEA baud rate = 9600
** Ship: RVIB N.B. Palmer
** Cruise: NBP2202 Thwaites
** Station: Yo-Yo 002
** Operator: B. Bjork
# nquan = 28
# nvalues = 413                         
# units = specified
# name 0 = prDM: Pressure, Digiquartz [db]
# name 1 = depSM: Depth [salt water, m]
# name 2 = t090C: Temperature [ITS-90, deg C]
# name 3 = c0mS/cm: Conductivity [mS/cm]
# name 4 = t190C: Temperature, 2 [ITS-90, deg C]
# name 5 = c1mS/cm: Conductivity, 2 [mS/cm]
# name 6 = sbeox0ML/L: Oxygen, SBE 43 [ml/l]
# name 7 = sbeox1ML/L: Oxygen, SBE 43, 2 [ml/l]
# name 8 = flECO-AFL: Fluorescence, WET Labs ECO-AFL/FL [mg/m^3]
# name 9 = CStarTr0: Beam Transmission, WET Labs C-Star [%]
# name 10 = par: PAR/Irradiance, Biospherical/Licor
# name 11 = latitude: Latitude [deg]
# name 12 = longitude: Longitude [deg]
# name 13 = timeJ: Julian Days
# name 14 = altM: Altimeter [m]
# name 15 = spar: SPAR, Biospherical/Licor
# name 16 = timeS: Time, Elapsed [seconds]
# name 17 = scan: Scan Count
# name 18 = density00: Density [density, kg/m^3]
# name 19 = density11: Density, 2 [density, kg/m^3]
# name 20 = v3: Voltage 3
# name 21 = v4: Voltage 4
# name 22 = v5: Voltage 5
# name 23 = sal00: Salinity, Practical [PSU]
# name 24 = sal11: Salinity, Practical, 2 [PSU]
# name 25 = oxsolML/L: Oxygen Saturation, Garcia & Gordon [ml/l]
# name 26 = nbin: number of scans per bin
# name 27 = flag: flag
# span 0 =     10.000,    422.000       
# span 1 =      9.896,    417.210       
# span 2 =    -1.4341,    -0.1746       
# span 3 =  27.005065,  28.544085       
# span 4 =    -1.4326,    -0.1719       
# span 5 =  27.005250,  28.544278       
# span 6 =     4.7645,     7.9653       
# span 7 =     4.8536,     8.1260       
# span 8 =    -0.0219,    20.0983       
# span 9 =    71.4507,    93.6487       
# span 10 = 1.0000e-12, 6.4065e+00      
# span 11 =  -74.10992,  -74.10990      
# span 12 = -113.32236, -113.32232      
# span 13 =  31.536257,  31.543225      
# span 14 =       6.68,     100.77      
# span 15 = 1.2675e+03, 1.3167e+03      
# span 16 =     32.612,    634.677      
# span 17 =        784,      15233      
# span 18 =  1027.2377,  1029.5449      
# span 19 =  1027.2361,  1029.5426      
# span 20 =     3.3904,     4.4426      
# span 21 =     0.0639,     3.2557      
# span 22 =     0.1218,     0.2379      
# span 23 =    33.8036,    34.2877      
# span 24 =    33.8018,    34.2849      
# span 25 =    8.08705,    8.38782      
# span 26 =         21,         75      
# span 27 = 0.0000e+00, 0.0000e+00      
# interval = decibars: 1                
# start_time = Jan 31 2022 12:51:40 [NMEA time, header]
# bad_flag = -9.990e-29
*END*
     10.000      9.896    -1.1312  27.200934    -1.1297  27.200870     7.9653     7.8425    17.5358    73.4172 6.4065e+00  -74.10992 -113.32234  31.536257      99.88 1.2675e+03     32.612        784  1027.2377  1027.2361     3.4831     2.5792     0.1842    33.8037    33.8019    8.32268         21 0.0000e+00
     11.000     10.886    -1.1306  27.201917    -1.1290  27.201902     7.9647     7.8680    19.4468    71.9868 4.8939e+00  -74.10992 -113.32233  31.536277      99.90 1.2695e+03     34.345        825  1027.2421  1027.2406     3.4155     2.7769     0.2372    33.8036    33.8018    8.32254         40 0.0000e+00
     12.000     11.876    -1.1307  27.202278    -1.1288  27.202572     7.9612     7.9133    18.4290    72.4643 3.7155e+00  -74.10990 -113.32233  31.536302      97.31 1.2680e+03     36.520        877  1027.2467  1027.2452     3.4380     2.8824     0.2058    33.8036    33.8018    8.32256         35 0.0000e+00
     13.000     12.866    -1.1304  27.203138    -1.1287  27.203157     7.9556     7.9616    17.7902    72.6968 2.9894e+00  -74.10990 -113.32233  31.536329      99.90 1.2687e+03     38.845        933  1027.2514  1027.2499     3.4491     2.6207     0.2015    33.8038    33.8019    8.32248         44 0.0000e+00
     14.000     13.855    -1.1305  27.203552    -1.1289  27.203448     7.9594     7.9726    17.5669    72.9766 2.3329e+00  -74.10991 -113.32233  31.536351      99.84 1.2688e+03     40.731        979  1027.2562  1027.2546     3.4625     2.6966     0.2104    33.8039    33.8020    8.32250         41 0.0000e+00
     15.000     14.845    -1.1304  27.203985    -1.1289  27.203899     7.9608     7.9989    19.2301    73.3481 1.7856e+00  -74.10991 -113.32233  31.536375      99.98 1.2696e+03     42.793       1028  1027.2609  1027.2593     3.4799     2.8856     0.2159    33.8038    33.8020    8.32250         45 0.0000e+00
     16.000     15.834    -1.1302  27.204810    -1.1285  27.204711     7.9612     8.0329    19.6858    73.1020 1.4192e+00  -74.10990 -113.32233  31.536403      99.98 1.2708e+03     45.185       1085  1027.2657  1027.2641     3.4683     3.2557     0.2152    33.8040    33.8020    8.32242         40 0.0000e+00
     17.000     16.823    -1.1301  27.205350    -1.1284  27.205444     7.9589     8.0421    18.3651    73.0675 1.1301e+00  -74.10992 -113.32233  31.536425      99.17 1.2711e+03     47.138       1132  1027.2705  1027.2690     3.4667     3.1744     0.2270    33.8041    33.8022    8.32241         42 0.0000e+00
     18.000     17.813    -1.1293  27.206481    -1.1279  27.206236     7.9498     8.0521    17.5029    72.2110 8.6704e-01  -74.10992 -113.32233  31.536449      93.89 1.2726e+03     49.225       1182  1027.2753  1027.2737     3.4262     2.4349     0.2133    33.8041    33.8022    8.32223         40 0.0000e+00
     19.000     18.801    -1.1287  27.207545    -1.1277  27.206931     7.9385     8.0635    17.6763    72.9837 7.0516e-01  -74.10992 -113.32234  31.536474      99.68 1.2717e+03     51.363       1234  1027.2802  1027.2785     3.4628     2.6179     0.2072    33.8043    33.8023    8.32209         41 0.0000e+00
     20.000     19.793    -1.1280  27.208676    -1.1267  27.208305     7.9473     8.0712    18.2713    74.3024 5.6545e-01  -74.10992 -113.32234  31.536497      99.83 1.2731e+03     53.363       1282  1027.2850  1027.2833     3.5247     2.6946     0.1948    33.8043    33.8023    8.32192         41 0.0000e+00
     21.000     20.781    -1.1259  27.210867    -1.1240  27.210909     7.9334     8.0782    18.5571    72.5741 4.4701e-01  -74.10992 -113.32234  31.536522      99.77 1.2713e+03     55.494       1333  1027.2897  1027.2879     3.4439     2.6035     0.2261    33.8044    33.8023    8.32146         43 0.0000e+00
     22.000     21.772    -1.1256  27.211771    -1.1257  27.210212     7.9454     8.0900    17.3866    71.4507 3.5475e-01  -74.10992 -113.32234  31.536545      99.91 1.2730e+03     57.502       1381  1027.2947  1027.2931     3.3904     3.2272     0.2067    33.8046    33.8026    8.32137         39 0.0000e+00
     23.000     22.762    -1.1289  27.209225    -1.1271  27.209247     7.9537     8.0993    17.0837    71.9811 2.7903e-01  -74.10992 -113.32234  31.536568      99.94 1.2723e+03     59.491       1429  1027.2994  1027.2977     3.4153     2.9909     0.2152    33.8042    33.8023    8.32213         41 0.0000e+00
     24.000     23.749    -1.1284  27.210114    -1.1262  27.210382     7.9487     8.0988    20.0983    71.5151 2.1816e-01  -74.10992 -113.32234  31.536594      99.12 1.2719e+03     61.702       1482  1027.3042  1027.3024     3.3930     2.8860     0.1894    33.8042    33.8022    8.32201         38 0.0000e+00
     25.000     24.741    -1.1289  27.210084    -1.1273  27.210126     7.9473     8.1030    18.4020    72.5187 1.6836e-01  -74.10992 -113.32234  31.536617      99.50 1.2708e+03     63.707       1530  1027.3090  1027.3074     3.4405     3.1511     0.2143    33.8042    33.8024    8.32214         41 0.0000e+00
     26.000     25.729    -1.1269  27.212327    -1.1249  27.212512     7.9409     8.1054    17.7104    72.8503 1.2508e-01  -74.10992 -113.32234  31.536638      99.94 1.2710e+03     65.512       1573  1027.3138  1027.3121     3.4564     3.0072     0.1881    33.8044    33.8024    8.32168         42 0.0000e+00
     27.000     26.717    -1.1244  27.215081    -1.1232  27.214516     7.9404     8.1086    17.6402    73.8703 9.2158e-02  -74.10992 -113.32234  31.536663      99.98 1.2728e+03     67.647       1625  1027.3187  1027.3169     3.5045     3.2259     0.2251    33.8047    33.8025    8.32111         32 0.0000e+00
     28.000     27.709    -1.1249  27.214893    -1.1235  27.214782     7.9290     8.1018    18.4745    72.6525 6.5281e-02  -74.10992 -113.32234  31.536688      99.99 1.2739e+03     69.814       1677  1027.3233  1027.3218     3.4468     3.1983     0.2162    33.8044    33.8026    8.32124         41 0.0000e+00
     29.000     28.697    -1.1232  27.217177    -1.1216  27.216981     7.9179     8.0909    16.2263    73.6024 4.2940e-02  -74.10992 -113.32234  31.536708      99.96 1.2734e+03     71.619       1720  1027.3284  1027.3268     3.4921     2.9764     0.2227    33.8049    33.8029    8.32082         39 0.0000e+00
     30.000     29.687    -1.1230  27.217943    -1.1212  27.218136     7.9196     8.0870    17.6165    73.2528 2.5366e-02  -74.10992 -113.32234  31.536731      99.97 1.2746e+03     73.531       1766  1027.3335  1027.3320     3.4754     3.0067     0.2092    33.8052    33.8034    8.32077         45 0.0000e+00
     31.000     30.678    -1.1233  27.217979    -1.1217  27.217897     7.9267     8.1014    18.0355    73.4433 1.1970e-02  -74.10992 -113.32234  31.536755      97.14 1.2746e+03     75.604       1815  1027.3381  1027.3365     3.4848     2.8407     0.2015    33.8049    33.8030    8.32084         40 0.0000e+00
     32.000     31.667    -1.1235  27.218161    -1.1218  27.218147     7.9301     8.1105    16.5325    73.4887 8.0643e-04  -74.10992 -113.32234  31.536778      99.85 1.2746e+03     77.593       1863  1027.3427  1027.3412     3.4868     2.8278     0.1871    33.8047    33.8028    8.32089         43 0.0000e+00
     33.000     32.656    -1.1243  27.217875    -1.1228  27.217769     7.9361     8.1206    17.6603    73.4106 1.4727e-05  -74.10992 -113.32234  31.536799      99.82 1.2749e+03     79.410       1907  1027.3476  1027.3460     3.4830     2.5750     0.2111    33.8047    33.8028    8.32109         38 0.0000e+00
     34.000     33.645    -1.1245  27.218036    -1.1228  27.218036     7.9447     8.1260    18.1178    72.7386 1.0000e-12  -74.10992 -113.32234  31.536821      99.80 1.2769e+03     81.356       1954  1027.3522  1027.3506     3.4516     2.6208     0.1831    33.8045    33.8026    8.32114         34 0.0000e+00
     35.000     34.635    -1.1243  27.218758    -1.1228  27.218611     7.9253     8.0974    17.8560    73.1944 1.0000e-12  -74.10992 -113.32234  31.536846      99.86 1.2772e+03     83.514       2005  1027.3571  1027.3555     3.4727     2.8159     0.1932    33.8046    33.8027    8.32108         44 0.0000e+00
     36.000     35.625    -1.1247  27.219027    -1.1239  27.218606     7.8789     8.0651    18.7852    73.0320 1.0000e-12  -74.10992 -113.32234  31.536868      99.87 1.2776e+03     85.433       2051  1027.3621  1027.3609     3.4651     2.6022     0.2021    33.8048    33.8033    8.32117         38 0.0000e+00
     37.000     36.614    -1.1292  27.217014    -1.1276  27.217034     7.8241     8.0184    17.7747    73.6454 1.0000e-12  -74.10992 -113.32234  31.536889      99.85 1.2792e+03     87.234       2095  1027.3686  1027.3671     3.4936     2.7663     0.1970    33.8065    33.8047    8.32207         39 0.0000e+00
     38.000     37.603    -1.1336  27.214941    -1.1318  27.215034     7.8097     8.0040    17.1857    73.2357 1.0000e-12  -74.10992 -113.32234  31.536912      99.85 1.2798e+03     89.219       2142  1027.3749  1027.3732     3.4747     2.7523     0.2301    33.8080    33.8061    8.32296         42 0.0000e+00
     39.000     38.592    -1.1345  27.214829    -1.1339  27.214241     7.8186     8.0094    16.9076    73.5093 1.0000e-12  -74.10992 -113.32234  31.536936      99.90 1.2771e+03     91.311       2192  1027.3798  1027.3786     3.4878     2.8526     0.2271    33.8082    33.8067    8.32314         39 0.0000e+00
     40.000     39.582    -1.1310  27.217826    -1.1288  27.218277     7.8321     8.0341    18.0455    72.9985 1.0000e-12  -74.10992 -113.32234  31.536959      99.84 1.2797e+03     93.258       2239  1027.3839  1027.3824     3.4633     2.7883     0.2379    33.8077    33.8060    8.32239         42 0.0000e+00
     41.000     40.571    -1.1308  27.218464    -1.1291  27.218242     7.8431     8.0200    18.4181    72.3656 1.0000e-12  -74.10992 -113.32234  31.536980      99.79 1.2791e+03     95.054       2282  1027.3888  1027.3869     3.4334     2.5182     0.1906    33.8078    33.8056    8.32234         44 0.0000e+00
     42.000     41.562    -1.1304  27.219320    -1.1284  27.219414     7.8592     8.0400    19.2328    72.7918 1.0000e-12  -74.10992 -113.32234  31.537003      99.94 1.2799e+03     97.053       2330  1027.3937  1027.3918     3.4533     2.9162     0.2289    33.8079    33.8058    8.32226         40 0.0000e+00
     43.000     42.551    -1.1248  27.223657    -1.1237  27.223161     7.8704     8.0383    18.6324    72.6059 1.0000e-12  -74.10992 -113.32234  31.537028      99.67 1.2796e+03     99.212       2382  1027.3973  1027.3957     3.4448     2.4192     0.1856    33.8069    33.8050    8.32107         38 0.0000e+00
     44.000     43.540    -1.1231  27.225798    -1.1265  27.222308     7.7549     7.9431    16.6822    73.3380 1.0000e-12  -74.10992 -113.32234  31.537049      99.75 1.2792e+03    101.010       2425  1027.4023  1027.4019     3.4795     2.6025     0.2175    33.8073    33.8064    8.32067         39 0.0000e+00
     45.000     44.530    -1.1448  27.210306    -1.1376  27.214688     7.5834     7.7984    17.3889    72.8813 1.0000e-12  -74.10992 -113.32234  31.537068      99.91 1.2795e+03    102.688       2466  1027.4107  1027.4085     3.4583     2.8524     0.2119    33.8099    33.8078    8.32533         37 0.0000e+00
     46.000     45.519    -1.1808  27.183831    -1.1820  27.181915     7.5197     7.7206    16.4694    73.5037 1.0000e-12  -74.10992 -113.32234  31.537092      99.75 1.2799e+03    104.740       2515  1027.4206  1027.4197     3.4876     2.5126     0.1986    33.8137    33.8124    8.33313         44 0.0000e+00
     47.000     46.507    -1.1829  27.183003    -1.1824  27.182321     7.4886     7.6798    15.7175    73.7425 1.0000e-12  -74.10992 -113.32234  31.537116      99.79 1.2795e+03    106.789       2564  1027.4257  1027.4245     3.4987     2.7274     0.2328    33.8143    33.8128    8.33356         36 0.0000e+00
     48.000     47.498    -1.1870  27.180273    -1.1857  27.180475     7.3847     7.6089    16.5907    72.8098 1.0000e-12  -74.10992 -113.32234  31.537135      99.88 1.2795e+03    108.463       2604  1027.4308  1027.4298     3.4545     2.7202     0.2103    33.8146    33.8134    8.33445         40 0.0000e+00
     49.000     48.487    -1.2193  27.157379    -1.2138  27.160741     7.3859     7.5690    17.8581    74.3488 1.0000e-12  -74.10992 -113.32234  31.537157      99.65 1.2800e+03    110.399       2651  1027.4410  1027.4393     3.5272     2.3674     0.1992    33.8190    33.8175    8.34139         35 0.0000e+00
     50.000     49.476    -1.2069  27.166090    -1.2044  27.167840     7.2399     7.4359    16.5134    74.8503 1.0000e-12  -74.10992 -113.32234  31.537181      99.84 1.2790e+03    112.467       2700  1027.4425  1027.4421     3.5512     2.6804     0.1878    33.8164    33.8160    8.33878         33 0.0000e+00
     51.000     50.468    -1.2498  27.135648    -1.2507  27.134431     7.1377     7.3474    13.8637    75.3497 1.0000e-12  -74.10992 -113.32234  31.537201      99.77 1.2790e+03    114.196       2742  1027.4546  1027.4542     3.5751     2.5690     0.2127    33.8225    33.8218    8.34800         35 0.0000e+00
     52.000     51.455    -1.2640  27.125380    -1.2568  27.130214     7.0475     7.2321    15.9071    76.0648 1.0000e-12  -74.10992 -113.32234  31.537223      99.74 1.2776e+03    116.046       2786  1027.4610  1027.4593     3.6086     2.4467     0.2165    33.8238    33.8223    8.35109         44 0.0000e+00
     53.000     52.446    -1.2811  27.112626    -1.2849  27.110579     6.6637     6.8554    15.3484    76.4203 1.0000e-12  -74.10992 -113.32234  31.537246      99.87 1.2786e+03    118.064       2835  1027.4674  1027.4690     3.6256     2.7387     0.1969    33.8251    33.8266    8.35485         36 0.0000e+00
     54.000     53.435    -1.3695  27.049171    -1.3736  27.046586     6.3142     6.5347    12.0947    76.9831 1.0000e-12  -74.10992 -113.32234  31.537267      99.41 1.2789e+03    119.833       2877  1027.4869  1027.4881     3.6524     1.8965     0.1716    33.8373    33.8383    8.37395         38 0.0000e+00
     55.000     54.423    -1.4210  27.012681    -1.4268  27.008942     6.1590     6.3800    10.7115    78.0477 1.0000e-12  -74.10992 -113.32234  31.537288      99.50 1.2798e+03    121.698       2922  1027.4999  1027.5014     3.7029     2.1589     0.1748    33.8447    33.8461    8.38507         36 0.0000e+00
     56.000     55.413    -1.4341  27.005065    -1.4326  27.005250     6.1776     6.3581     9.4479    78.9112 1.0000e-12  -74.10992 -113.32234  31.537312      99.48 1.2790e+03    123.719       2970  1027.5076  1027.5062     3.7438     2.0253     0.1907    33.8485    33.8470    8.38782         36 0.0000e+00
     57.000     56.403    -1.4337  27.006483    -1.4322  27.006690     6.2077     6.3695     7.7675    78.8843 1.0000e-12  -74.10992 -113.32234  31.537332      99.47 1.2811e+03    125.482       3013  1027.5123  1027.5110     3.7425     1.7958     0.1894    33.8493    33.8479    8.38767         39 0.0000e+00
     58.000     57.391    -1.4315  27.009519    -1.4295  27.009827     6.2161     6.3630     6.9689    80.5956 1.0000e-12  -74.10992 -113.32234  31.537352      99.31 1.2808e+03    127.188       3054  1027.5172  1027.5157     3.8236     1.6788     0.1721    33.8504    33.8486    8.38711         38 0.0000e+00
     59.000     58.381    -1.4291  27.012806    -1.4278  27.012687     6.2140     6.3504     8.3574    82.5134 1.0000e-12  -74.10992 -113.32234  31.537376      99.35 1.2794e+03    129.252       3103  1027.5224  1027.5210     3.9147     1.6076     0.1752    33.8516    33.8500    8.38650         43 0.0000e+00
     60.000     59.371    -1.4290  27.013891    -1.4274  27.014083     6.2146     6.3437     7.4778    83.5038 1.0000e-12  -74.10992 -113.32234  31.537397      99.52 1.2805e+03    131.129       3148  1027.5274  1027.5261     3.9616     1.2829     0.1663    33.8523    33.8508    8.38642         38 0.0000e+00
