ocean_section_plots/required_files/ctd/dnbp2202_ctd113.cnv
* Sea-Bird SBE 9 Data File:
* FileName = D:\Data\raw\NBP2202_CTD113.hex
* Software Version Seasave V 7.26.7.121
* Temperature SN = 1649
* Conductivity SN = 2513
* Number of Bytes Per Scan = 40
* Number of Voltage Words = 5
* Number of Scans Averaged by the Deck Unit = 1
* NMEA Latitude = 74 10.52 S
* NMEA Longitude = 113 20.65 W
* NMEA UTC (Time) = Jan 27 2022  08:01:34
* NMEA baud rate = 9600
** Ship: RVIB N.B. Palmer
** Cruise: NBP2202 Thwaites
** Station: YoYo001
** Operator: B. Bjork
# nquan = 25
# nvalues = 608                         
# units = specified
# name 0 = prDM: Pressure, Digiquartz [db]
# name 1 = depSM: Depth [salt water, m]
# name 2 = t090C: Temperature [ITS-90, deg C]
# name 3 = c0mS/cm: Conductivity [mS/cm]
# name 4 = t190C: Temperature, 2 [ITS-90, deg C]
# name 5 = c1mS/cm: Conductivity, 2 [mS/cm]
# name 6 = sbeox0ML/L: Oxygen, SBE 43 [ml/l]
# name 7 = sbeox1ML/L: Oxygen, SBE 43, 2 [ml/l]
# name 8 = flECO-AFL: Fluorescence, WET Labs ECO-AFL/FL [mg/m^3]
# name 9 = CStarTr0: Beam Transmission, WET Labs C-Star [%]
# name 10 = par: PAR/Irradiance, Biospherical/Licor
# name 11 = latitude: Latitude [deg]
# name 12 = longitude: Longitude [deg]
# name 13 = timeJ: Julian Days
# name 14 = altM: Altimeter [m]
# name 15 = spar: SPAR, Biospherical/Licor
# name 16 = timeS: Time, Elapsed [seconds]
# name 17 = scan: Scan Count
# name 18 = density00: Density [density, kg/m^3]
# name 19 = density11: Density, 2 [density, kg/m^3]
# name 20 = sal00: Salinity, Practical [PSU]
# name 21 = sal11: Salinity, Practical, 2 [PSU]
# name 22 = oxsolML/L: Oxygen Saturation, Garcia & Gordon [ml/l]
# name 23 = nbin: number of scans per bin
# name 24 = flag: flag
# span 0 =     10.000,    617.000       
# span 1 =      9.895,    609.715       
# span 2 =    -1.4674,     0.1218       
# span 3 =  26.969937,  28.958187       
# span 4 =    -1.4667,     0.1239       
# span 5 =  26.969689,  28.958000       
# span 6 =     4.6760,     8.7451       
# span 7 =     4.7309,     8.8518       
# span 8 =    -0.0224,    26.8223       
# span 9 =    68.9317,    95.5867       
# span 10 = 1.0000e-12, 1.1816e+00      
# span 11 =  -74.17536,  -74.17536      
# span 12 = -113.34426, -113.34424      
# span 13 =  27.334716,  27.342261      
# span 14 =       7.19,      99.99      
# span 15 = 6.1685e+01, 6.3483e+01      
# span 16 =     25.469,    677.367      
# span 17 =        612,      16258      
# span 18 =  1027.2267,  1030.5268      
# span 19 =  1027.2246,  1030.5247      
# span 20 =    33.7902,    34.3895      
# span 21 =    33.7888,    34.3870      
# span 22 =    8.01897,    8.39697      
# span 23 =         12,         47      
# span 24 = 0.0000e+00, 0.0000e+00      
# interval = decibars: 1                
# start_time = Jan 27 2022 08:01:34 [NMEA time, header]
# bad_flag = -9.990e-29
*END*
     10.000      9.895    -1.0594  27.252405    -1.0557  27.253873     8.6558     8.5137    22.9212    68.9667 1.1816e+00  -74.17536 -113.34424  27.334716      99.97 6.1701e+01     25.469        612  1027.2267  1027.2246    33.7931    33.7908    8.30737         15 0.0000e+00
     11.000     10.887    -1.0242  27.281071    -1.0248  27.278740     8.5959     8.5169    21.5847    70.5347 8.6575e-01  -74.17536 -113.34424  27.334730      99.97 6.1701e+01     26.694        642  1027.2282  1027.2261    33.7919    33.7893    8.29964         30 0.0000e+00
     12.000     11.875    -1.0388  27.269104    -1.0386  27.268610     8.5470     8.5187    21.2300    70.6897 6.2574e-01  -74.17536 -113.34424  27.334745      99.98 6.1701e+01     27.943        672  1027.2335  1027.2326    33.7914    33.7904    8.30290         30 0.0000e+00
     13.000     12.865    -1.0491  27.261817    -1.0494  27.260492     8.5442     8.5404    22.6592    70.0384 4.5474e-01  -74.17536 -113.34424  27.334759      94.21 6.1701e+01     29.174        701  1027.2396  1027.2384    33.7924    33.7909    8.30512         28 0.0000e+00
     14.000     13.855    -1.0490  27.262306    -1.0459  27.263351     8.5671     8.5866    26.8223    71.4783 3.2590e-01  -74.17536 -113.34424  27.334772      99.90 6.1701e+01     30.338        729  1027.2443  1027.2424    33.7924    33.7903    8.30511         28 0.0000e+00
     15.000     14.844    -1.0408  27.269404    -1.0417  27.267131     8.6023     8.6314    23.3382    70.2530 2.3058e-01  -74.17536 -113.34424  27.334786      99.99 6.1701e+01     31.508        757  1027.2483  1027.2466    33.7921    33.7900    8.30330         29 0.0000e+00
     16.000     15.835    -1.0372  27.272433    -1.0371  27.271201     8.6230     8.6776    25.6192    69.3195 1.6119e-01  -74.17536 -113.34424  27.334800      99.99 6.1701e+01     32.699        786  1027.2524  1027.2509    33.7916    33.7898    8.30253         28 0.0000e+00
     17.000     16.822    -1.0291  27.279070    -1.0288  27.278030     8.6386     8.7087    23.3246    71.6222 1.0986e-01  -74.17536 -113.34424  27.334813      99.98 6.1701e+01     33.847        813  1027.2560  1027.2547    33.7909    33.7892    8.30078         28 0.0000e+00
     18.000     17.814    -1.0252  27.282928    -1.0236  27.282899     8.6244     8.7073    22.7467    70.1145 7.0911e-02  -74.17536 -113.34424  27.334826      99.97 6.1701e+01     34.985        841  1027.2608  1027.2592    33.7911    33.7893    8.29990         27 0.0000e+00
     19.000     18.802    -1.0271  27.281509    -1.0265  27.281043     8.6052     8.7094    23.5488    71.0455 4.1396e-02  -74.17536 -113.34424  27.334840      99.98 6.1701e+01     36.137        868  1027.2655  1027.2644    33.7907    33.7894    8.30035         27 0.0000e+00
     20.000     19.792    -1.0329  27.277888    -1.0284  27.280020     8.5949     8.7175    22.8313    70.0635 1.8308e-02  -74.17536 -113.34424  27.334853      99.97 6.1701e+01     37.257        895  1027.2714  1027.2694    33.7917    33.7896    8.30157         27 0.0000e+00
     21.000     20.781    -1.0346  27.276601    -1.0304  27.278719     8.6161     8.7485    22.0898    70.4412 1.9156e-03  -74.17536 -113.34424  27.334865      99.97 6.1701e+01     38.355        922  1027.2759  1027.2742    33.7912    33.7894    8.30198         25 0.0000e+00
     22.000     21.771    -1.0328  27.278729    -1.0306  27.279011     8.6656     8.7871    22.7868    69.5422 2.6941e-05  -74.17536 -113.34424  27.334876      99.97 6.1701e+01     39.301        944  1027.2808  1027.2790    33.7915    33.7894    8.30156         22 0.0000e+00
     23.000     22.763    -1.0264  27.284501    -1.0227  27.286001     8.7166     8.8327    21.2512    69.8079 1.0000e-12  -74.17536 -113.34424  27.334887      99.98 6.1701e+01     40.242        967  1027.2853  1027.2833    33.7915    33.7894    8.30015         23 0.0000e+00
     24.000     23.751    -1.0150  27.294252    -1.0096  27.296841     8.7451     8.8518    21.4183    71.4342 1.0000e-12  -74.17536 -113.34424  27.334899      98.55 6.1701e+01     41.279        992  1027.2891  1027.2869    33.7913    33.7889    8.29763         26 0.0000e+00
     25.000     24.738    -1.0092  27.298849    -1.0060  27.300276     8.6822     8.7806    21.1316    69.5498 1.0000e-12  -74.17536 -113.34424  27.334912      89.94 6.1701e+01     42.362       1018  1027.2930  1027.2915    33.7906    33.7888    8.29641         26 0.0000e+00
     26.000     25.730    -1.0119  27.296868    -1.0233  27.287643     8.4896     8.6197    19.5827    68.9317 1.0000e-12  -74.17536 -113.34424  27.334924      99.17 6.1701e+01     43.426       1043  1027.2978  1027.2988    33.7902    33.7905    8.29701         25 0.0000e+00
     27.000     26.719    -1.0197  27.291892    -1.0165  27.292984     8.1220     8.3365    22.8432    69.4481 1.0000e-12  -74.17536 -113.34424  27.334936      99.98 6.1701e+01     44.487       1069  1027.3043  1027.3023    33.7916    33.7895    8.29866         26 0.0000e+00
     28.000     27.709    -1.0698  27.250285    -1.0676  27.253027     7.8902     8.1399    19.7161    70.2779 1.0000e-12  -74.17536 -113.34424  27.334947      99.98 6.1701e+01     45.460       1092  1027.3115  1027.3124    33.7906    33.7919    8.30982         21 0.0000e+00
     29.000     28.698    -1.1405  27.197679    -1.1383  27.198949     7.8391     8.0759    19.8966    70.3858 1.0000e-12  -74.17536 -113.34424  27.334958      99.98 6.1701e+01     46.366       1114  1027.3263  1027.3257    33.7977    33.7971    8.32509         23 0.0000e+00
     30.000     29.687    -1.1473  27.193284    -1.1462  27.193206     7.8690     8.0758    19.4944    70.6733 1.0000e-12  -74.17536 -113.34424  27.334970      99.80 6.1701e+01     47.369       1138  1027.3321  1027.3309    33.7989    33.7975    8.32655         25 0.0000e+00
     31.000     30.678    -1.1406  27.200618    -1.1411  27.198455     7.9399     8.1155    18.2937    71.3239 1.0000e-12  -74.17536 -113.34424  27.334982      52.21 6.1701e+01     48.430       1163  1027.3376  1027.3357    33.8007    33.7983    8.32495         25 0.0000e+00
     32.000     31.666    -1.1291  27.211364    -1.1313  27.207929     7.9878     8.1461    17.0605    70.8090 1.0000e-12  -74.17536 -113.34424  27.334993      99.76 6.1701e+01     49.373       1186  1027.3422  1027.3406    33.8017    33.7996    8.32232         21 0.0000e+00
     33.000     32.655    -1.1198  27.219158    -1.1180  27.219657     8.0250     8.1642    16.9628    72.2131 1.0000e-12  -74.17536 -113.34424  27.335003      99.87 6.1701e+01     50.299       1208  1027.3459  1027.3448    33.8014    33.8000    8.32029         24 0.0000e+00
     34.000     33.645    -1.1173  27.221988    -1.1185  27.219772     8.0576     8.1892    18.6399    72.2219 1.0000e-12  -74.17536 -113.34424  27.335015      99.90 6.1701e+01     51.333       1233  1027.3508  1027.3495    33.8018    33.8001    8.31971         25 0.0000e+00
     35.000     34.635    -1.1139  27.225718    -1.1140  27.224362     8.0694     8.2050    19.9683    72.9401 1.0000e-12  -74.17536 -113.34424  27.335028      99.91 6.1701e+01     52.406       1259  1027.3557  1027.3543    33.8024    33.8007    8.31891         26 0.0000e+00
     36.000     35.625    -1.1117  27.227896    -1.1118  27.226593     8.0773     8.2086    19.4580    73.0811 1.0000e-12  -74.17536 -113.34424  27.335040      99.86 6.1701e+01     53.479       1284  1027.3601  1027.3589    33.8023    33.8006    8.31842         26 0.0000e+00
     37.000     36.613    -1.1104  27.229694    -1.1069  27.231820     8.0566     8.1977    17.8213    73.7562 1.0000e-12  -74.17536 -113.34424  27.335052      99.97 6.1701e+01     54.534       1310  1027.3651  1027.3640    33.8027    33.8016    8.31812         23 0.0000e+00
     38.000     37.603    -1.1016  27.237908    -1.1029  27.235176     8.0174     8.1724    18.3594    72.6750 1.0000e-12  -74.17536 -113.34424  27.335063      92.00 6.1701e+01     55.440       1332  1027.3698  1027.3682    33.8033    33.8011    8.31612         22 0.0000e+00
     39.000     38.593    -1.1178  27.223925    -1.1156  27.225492     8.0098     8.1547    18.1892    73.5884 1.0000e-12  -74.17536 -113.34424  27.335074      99.97 6.1701e+01     56.397       1355  1027.3744  1027.3741    33.8018    33.8016    8.31980         24 0.0000e+00
     40.000     39.582    -1.1264  27.218409    -1.1224  27.219974     7.9719     8.1199    19.1704    72.7205 1.0000e-12  -74.17536 -113.34424  27.335086      99.98 6.1701e+01     57.434       1379  1027.3809  1027.3788    33.8034    33.8011    8.32163         25 0.0000e+00
     41.000     40.572    -1.1204  27.223138    -1.1201  27.222504     7.9233     8.0685    18.5145    73.6492 1.0000e-12  -74.17536 -113.34424  27.335098      99.85 6.1701e+01     58.448       1404  1027.3846  1027.3835    33.8025    33.8012    8.32035         23 0.0000e+00
     42.000     41.560    -1.1357  27.211120    -1.1351  27.210531     7.8814     8.0314    18.4848    73.6220 1.0000e-12  -74.17536 -113.34424  27.335108      99.88 6.1701e+01     59.348       1425  1027.3904  1027.3892    33.8026    33.8012    8.32374         22 0.0000e+00
     43.000     42.550    -1.1448  27.203841    -1.1452  27.202185     7.8598     8.0031    18.7390    73.3545 1.0000e-12  -74.17536 -113.34424  27.335120      99.78 6.1701e+01     60.343       1449  1027.3954  1027.3940    33.8023    33.8005    8.32578         26 0.0000e+00
     44.000     43.540    -1.1533  27.197229    -1.1531  27.196161     7.8644     8.0000    18.8664    74.3371 1.0000e-12  -74.17536 -113.34424  27.335132      99.83 6.1701e+01     61.414       1475  1027.4006  1027.3992    33.8023    33.8005    8.32768         25 0.0000e+00
     45.000     44.531    -1.1487  27.201833    -1.1499  27.199407     7.8617     8.0074    18.6085    73.9263 1.0000e-12  -74.17536 -113.34424  27.335145      99.86 6.1701e+01     62.488       1501  1027.4053  1027.4037    33.8028    33.8007    8.32663         26 0.0000e+00
     46.000     45.517    -1.1502  27.200705    -1.1484  27.201075     7.9131     8.0416    18.6005    73.0902 1.0000e-12  -74.17536 -113.34424  27.335157      99.87 6.1701e+01     63.562       1526  1027.4097  1027.4083    33.8022    33.8007    8.32698         25 0.0000e+00
     47.000     46.509    -1.1565  27.196486    -1.1547  27.196693     7.9872     8.0916    18.2714    74.1559 1.0000e-12  -74.17536 -113.34424  27.335168      99.80 6.1701e+01     64.513       1549  1027.4154  1027.4139    33.8029    33.8013    8.32834         21 0.0000e+00
     48.000     47.498    -1.1438  27.208142    -1.1456  27.204783     8.0281     8.1268    14.7159    73.5389 1.0000e-12  -74.17536 -113.34424  27.335178      99.69 6.1701e+01     65.419       1571  1027.4200  1027.4181    33.8040    33.8013    8.32546         23 0.0000e+00
     49.000     48.487    -1.1137  27.233890    -1.1146  27.231243     7.9716     8.0855    15.4023    73.6590 1.0000e-12  -74.17536 -113.34424  27.335190      99.85 6.1701e+01     66.419       1595  1027.4235  1027.4215    33.8046    33.8020    8.31873         25 0.0000e+00
     50.000     49.477    -1.1118  27.235378    -1.1140  27.232630     7.8637     8.0047    16.9623    74.5625 1.0000e-12  -74.17536 -113.34424  27.335202      99.99 6.1701e+01     67.487       1621  1027.4276  1027.4268    33.8038    33.8026    8.31835         26 0.0000e+00
     51.000     50.466    -1.1462  27.208138    -1.1446  27.208348     7.7535     7.9096    18.0632    75.2700 1.0000e-12  -74.17536 -113.34424  27.335215      99.26 6.1701e+01     68.567       1647  1027.4355  1027.4341    33.8048    33.8033    8.32595         26 0.0000e+00
     52.000     51.455    -1.1684  27.190334    -1.1644  27.192399     7.6822     7.8408    20.6259    73.6567 1.0000e-12  -74.17536 -113.34424  27.335227      99.35 6.1701e+01     69.640       1672  1027.4416  1027.4400    33.8049    33.8031    8.33088         26 0.0000e+00
     53.000     52.444    -1.1748  27.185749    -1.1727  27.186359     7.5821     7.7613    18.6778    74.3182 1.0000e-12  -74.17536 -113.34424  27.335240      99.78 6.1701e+01     70.705       1698  1027.4469  1027.4456    33.8052    33.8037    8.33230         24 0.0000e+00
     54.000     53.434    -1.1849  27.177550    -1.1841  27.177269     7.5087     7.6891    16.4149    74.8754 1.0000e-12  -74.17536 -113.34424  27.335250      99.79 6.1701e+01     71.614       1720  1027.4519  1027.4508    33.8048    33.8034    8.33457         21 0.0000e+00
     55.000     54.423    -1.2159  27.153148    -1.2094  27.157379     7.4445     7.6109    17.0674    76.2527 1.0000e-12  -74.17536 -113.34424  27.335261      99.68 6.1701e+01     72.562       1742  1027.4592  1027.4576    33.8057    33.8041    8.34142         24 0.0000e+00
     56.000     55.413    -1.2192  27.150833    -1.2164  27.152296     7.3650     7.5274    18.4968    75.5931 1.0000e-12  -74.17536 -113.34424  27.335273      99.73 6.1701e+01     73.596       1767  1027.4639  1027.4629    33.8056    33.8045    8.34216         26 0.0000e+00
     57.000     56.402    -1.2375  27.135827    -1.2420  27.131340     7.2700     7.4405    18.5320    75.6208 1.0000e-12  -74.17536 -113.34424  27.335285      99.56 6.1701e+01     74.664       1793  1027.4692  1027.4686    33.8051    33.8040    8.34628         25 0.0000e+00
     58.000     57.390    -1.2655  27.112502    -1.2630  27.114493     7.2092     7.3773    16.5100    75.3592 1.0000e-12  -74.17536 -113.34424  27.335298      99.51 6.1701e+01     75.725       1818  1027.4747  1027.4745    33.8041    33.8040    8.35260         25 0.0000e+00
     59.000     58.382    -1.2807  27.101839    -1.2795  27.101708     7.1488     7.3065    14.9680    75.8866 1.0000e-12  -74.17536 -113.34424  27.335310      99.41 6.1701e+01     76.788       1844  1027.4816  1027.4803    33.8060    33.8045    8.35589         26 0.0000e+00
     60.000     59.370    -1.2797  27.102593    -1.2795  27.102104     7.0749     7.2205    14.6490    77.6947 1.0000e-12  -74.17536 -113.34424  27.335322      99.39 6.1701e+01     77.858       1870  1027.4854  1027.4846    33.8053    33.8043    8.35571         26 0.0000e+00
     61.000     60.361    -1.3100  27.078322    -1.3130  27.075541     7.0214     7.1763    14.6984    76.7055 1.0000e-12  -74.17536 -113.34424  27.335335      99.35 6.1701e+01     78.916       1895  1027.4920  1027.4918    33.8056    33.8051    8.36247         25 0.0000e+00
     62.000     61.348    -1.3219  27.069949    -1.3215  27.069295     7.0028     7.1469    15.1703    77.3870 1.0000e-12  -74.17536 -113.34424  27.335347      99.40 6.1701e+01     79.974       1920  1027.4982  1027.4971    33.8069    33.8056    8.36506         26 0.0000e+00
     63.000     62.339    -1.3252  27.067719    -1.3250  27.067049     6.9655     7.1283    12.6758    79.3158 1.0000e-12  -74.17536 -113.34424  27.335359      93.07 6.1701e+01     81.054       1946  1027.5029  1027.5019    33.8069    33.8058    8.36580         26 0.0000e+00
     64.000     63.326    -1.3289  27.065383    -1.3288  27.064560     6.9159     7.0883    11.1149    78.0505 1.0000e-12  -74.17536 -113.34424  27.335372      95.02 6.1701e+01     82.116       1972  1027.5078  1027.5069    33.8073    33.8060    8.36661         25 0.0000e+00
     65.000     64.317    -1.3446  27.052665    -1.3328  27.061809     6.8927     7.0336    11.2661    78.6062 1.0000e-12  -74.17536 -113.34424  27.335384      98.92 6.1701e+01     83.178       1997  1027.5131  1027.5116    33.8070    33.8061    8.37016         26 0.0000e+00
     66.000     65.308    -1.3513  27.048870    -1.3500  27.048900     6.8622     6.9951    11.2595    79.8441 1.0000e-12  -74.17536 -113.34424  27.335396      99.34 6.1701e+01     84.242       2023  1027.5193  1027.5181    33.8086    33.8072    8.37155         25 0.0000e+00
