ocean_section_plots/required_files/ctd/dnbp2202_ctd124.cnv
* Sea-Bird SBE 9 Data File:
* FileName = D:\Data\raw\NBP2202_CTD124.hex
* Software Version Seasave V 7.26.7.121
* Temperature SN = 1649
* Conductivity SN = 2513
* Number of Bytes Per Scan = 40
* Number of Voltage Words = 5
* Number of Scans Averaged by the Deck Unit = 1
* NMEA Latitude = 74 10.52 S
* NMEA Longitude = 113 20.65 W
* NMEA UTC (Time) = Jan 27 2022  12:17:19
* NMEA baud rate = 9600
** Ship: RVIB N.B. Palmer
** Cruise: NBP2202 Thwaites
** Station: YoYo001
** Operator: B. Bjork
# nquan = 25
# nvalues = 608                         
# units = specified
# name 0 = prDM: Pressure, Digiquartz [db]
# name 1 = depSM: Depth [salt water, m]
# name 2 = t090C: Temperature [ITS-90, deg C]
# name 3 = c0mS/cm: Conductivity [mS/cm]
# name 4 = t190C: Temperature, 2 [ITS-90, deg C]
# name 5 = c1mS/cm: Conductivity, 2 [mS/cm]
# name 6 = sbeox0ML/L: Oxygen, SBE 43 [ml/l]
# name 7 = sbeox1ML/L: Oxygen, SBE 43, 2 [ml/l]
# name 8 = flECO-AFL: Fluorescence, WET Labs ECO-AFL/FL [mg/m^3]
# name 9 = CStarTr0: Beam Transmission, WET Labs C-Star [%]
# name 10 = par: PAR/Irradiance, Biospherical/Licor
# name 11 = latitude: Latitude [deg]
# name 12 = longitude: Longitude [deg]
# name 13 = timeJ: Julian Days
# name 14 = altM: Altimeter [m]
# name 15 = spar: SPAR, Biospherical/Licor
# name 16 = timeS: Time, Elapsed [seconds]
# name 17 = scan: Scan Count
# name 18 = density00: Density [density, kg/m^3]
# name 19 = density11: Density, 2 [density, kg/m^3]
# name 20 = sal00: Salinity, Practical [PSU]
# name 21 = sal11: Salinity, Practical, 2 [PSU]
# name 22 = oxsolML/L: Oxygen Saturation, Garcia & Gordon [ml/l]
# name 23 = nbin: number of scans per bin
# name 24 = flag: flag
# span 0 =     10.000,    617.000       
# span 1 =      9.896,    609.707       
# span 2 =    -1.4573,     0.0822       
# span 3 =  27.038268,  28.902981       
# span 4 =    -1.4561,     0.0846       
# span 5 =  27.037359,  28.902912       
# span 6 =     4.6819,     8.2755       
# span 7 =     4.7304,     8.3424       
# span 8 =    -0.0224,    24.0178       
# span 9 =    70.5113,    95.6281       
# span 10 = 1.0000e-12, 5.0373e+00      
# span 11 =  -74.17536,  -74.17536      
# span 12 = -113.34426, -113.34422      
# span 13 =  27.512453,  27.520274      
# span 14 =       7.00,     100.40      
# span 15 = 2.0273e+02, 2.3224e+02      
# span 16 =     36.933,    712.658      
# span 17 =        887,      17105      
# span 18 =  1027.2273,  1030.5176      
# span 19 =  1027.2258,  1030.5155      
# span 20 =    33.7949,    34.3790      
# span 21 =    33.7930,    34.3763      
# span 22 =    8.02782,    8.38973      
# span 23 =         18,         46      
# span 24 = 0.0000e+00, 0.0000e+00      
# interval = decibars: 1                
# start_time = Jan 27 2022 12:17:19 [NMEA time, header]
# bad_flag = -9.990e-29
*END*
[from data line 116]
    126.000    124.659    -1.4567  27.058102    -1.4557  27.057901     5.6175     5.6754    -0.0076    95.5948 1.0000e-12  -74.17536 -113.34424  27.514148      99.87 2.1876e+02    183.413       4403  1027.8864  1027.8852    33.9034    33.9019    8.38963         24 0.0000e+00
    127.000    125.646    -1.4573  27.058550    -1.4561  27.058192     5.6145     5.6719    -0.0077    95.5879 1.0000e-12  -74.17536 -113.34424  27.514160      99.86 2.1860e+02    184.381       4426  1027.8917  1027.8902    33.9040    33.9022    8.38972         23 0.0000e+00
    128.000    126.636    -1.4573  27.058936    -1.4560  27.058766     5.6126     5.6756    -0.0090    95.5993 1.0000e-12  -74.17536 -113.34424  27.514171      99.87 2.1860e+02    185.349       4449  1027.8964  1027.8950    33.9039    33.9023    8.38973         23 0.0000e+00
    129.000    127.626    -1.4571  27.059662    -1.4558  27.059437     5.6111     5.6730    -0.0151    95.5991 1.0000e-12  -74.17536 -113.34424  27.514182      99.87 2.1860e+02    186.309       4472  1027.9012  1027.8998    33.9041    33.9023    8.38967         23 0.0000e+00
    130.000    128.614    -1.4567  27.060885    -1.4555  27.060315     5.6137     5.6835    -0.0076    95.6104 1.0000e-12  -74.17536 -113.34424  27.514193      93.45 2.1860e+02    187.258       4495  1027.9064  1027.9047    33.9047    33.9026    8.38954         23 0.0000e+00
    131.000    129.603    -1.4559  27.061982    -1.4543  27.062179     5.6156     5.6834    -0.0077    95.6024 1.0000e-12  -74.17536 -113.34424  27.514204      99.90 2.1860e+02    188.214       4518  1027.9111  1027.9099    33.9046    33.9032    8.38937         23 0.0000e+00
    132.000    130.592    -1.4538  27.065540    -1.4532  27.064622     5.6093     5.6808    -0.0077    95.6063 1.0000e-12  -74.17536 -113.34424  27.514215      99.86 2.1860e+02    189.178       4541  1027.9173  1027.9158    33.9065    33.9046    8.38878         24 0.0000e+00
    133.000    131.581    -1.4525  27.067111    -1.4510  27.066944     5.6040     5.6768    -0.0077    95.6026 1.0000e-12  -74.17536 -113.34424  27.514226      99.86 2.1860e+02    190.139       4564  1027.9221  1027.9205    33.9066    33.9047    8.38848         23 0.0000e+00
    134.000    132.571    -1.4490  27.070611    -1.4478  27.070209     5.6044     5.6773    -0.0077    95.6080 1.0000e-12  -74.17536 -113.34424  27.514238      99.86 2.1860e+02    191.120       4588  1027.9269  1027.9253    33.9069    33.9049    8.38769         23 0.0000e+00
    135.000    133.559    -1.4471  27.073357    -1.4461  27.072808     5.6045     5.6786    -0.0122    95.5988 1.0000e-12  -74.17536 -113.34424  27.514249      99.87 2.1860e+02    192.108       4612  1027.9324  1027.9308    33.9079    33.9059    8.38720         24 0.0000e+00
    136.000    134.548    -1.4448  27.076688    -1.4435  27.076550     5.5981     5.6667    -0.0077    95.5902 1.0000e-12  -74.17536 -113.34424  27.514260      99.86 2.1860e+02    193.080       4635  1027.9382  1027.9367    33.9092    33.9075    8.38660         23 0.0000e+00
    137.000    135.537    -1.4438  27.078139    -1.4427  27.077744     5.5953     5.6685    -0.0087    95.6014 1.0000e-12  -74.17536 -113.34424  27.514271      99.87 2.1860e+02    194.048       4658  1027.9431  1027.9417    33.9095    33.9077    8.38636         23 0.0000e+00
    138.000    136.525    -1.4310  27.092568    -1.4282  27.093217     5.5946     5.6677    -0.0148    95.6059 1.0000e-12  -74.17536 -113.34424  27.514283      99.87 2.1860e+02    195.014       4681  1027.9510  1027.9490    33.9142    33.9119    8.38320         23 0.0000e+00
    139.000    137.516    -1.4198  27.104509    -1.4185  27.104070     5.6024     5.6585    -0.0013    95.5789 1.0000e-12  -74.17536 -113.34424  27.514294      99.87 2.1860e+02    195.961       4704  1027.9576  1027.9559    33.9173    33.9152    8.38049         23 0.0000e+00
    140.000    138.504    -1.4180  27.107593    -1.4170  27.106888     5.6056     5.6681    -0.0004    95.5988 1.0000e-12  -74.17536 -113.34424  27.514304      99.87 2.1860e+02    196.904       4727  1027.9637  1027.9620    33.9188    33.9168    8.37998         23 0.0000e+00
    141.000    139.493    -1.4200  27.106838    -1.4189  27.106516     5.6133     5.6734    -0.0048    95.6024 1.0000e-12  -74.17536 -113.34424  27.514316      99.86 2.1860e+02    197.865       4750  1027.9692  1027.9678    33.9195    33.9178    8.38041         23 0.0000e+00
    142.000    140.481    -1.4220  27.106082    -1.4209  27.105900     5.6181     5.6828    -0.0115    95.6080 1.0000e-12  -74.17536 -113.34424  27.514327      99.87 2.1860e+02    198.826       4773  1027.9748  1027.9734    33.9201    33.9185    8.38082         23 0.0000e+00
    143.000    141.471    -1.4222  27.106983    -1.4209  27.106709     5.6260     5.6862    -0.0150    95.6047 1.0000e-12  -74.17536 -113.34424  27.514338      99.86 2.1860e+02    199.793       4796  1027.9802  1027.9787    33.9209    33.9190    8.38081         23 0.0000e+00
    144.000    142.460    -1.4213  27.109647    -1.4200  27.109406     5.6283     5.6939    -0.0110    95.6020 1.0000e-12  -74.17536 -113.34424  27.514349      95.53 2.1860e+02    200.773       4820  1027.9867  1027.9852    33.9229    33.9211    8.38049         24 0.0000e+00
    145.000    143.451    -1.4199  27.112109    -1.4185  27.111939     5.6338     5.6976    -0.0023    95.6002 1.0000e-12  -74.17536 -113.34424  27.514360      99.85 2.1860e+02    201.747       4843  1027.9924  1027.9909    33.9242    33.9223    8.38011         23 0.0000e+00
    146.000    144.436    -1.4186  27.114745    -1.4171  27.114813     5.6322     5.6994    -0.0150    95.6136 1.0000e-12  -74.17536 -113.34424  27.514372      99.86 2.1860e+02    202.709       4866  1027.9984  1027.9971    33.9256    33.9241    8.37972         23 0.0000e+00
    147.000    145.427    -1.4172  27.118363    -1.4158  27.118043     5.6361     5.7058    -0.0150    95.6181 1.0000e-12  -74.17536 -113.34424  27.514383      99.86 2.1860e+02    203.672       4889  1028.0054  1028.0037    33.9284    33.9264    8.37924         23 0.0000e+00
    148.000    146.415    -1.4167  27.119313    -1.4153  27.118990     5.6388     5.7052    -0.0150    95.6122 1.0000e-12  -74.17536 -113.34424  27.514394      99.86 2.1762e+02    204.622       4912  1028.0103  1028.0087    33.9285    33.9265    8.37912         22 0.0000e+00
    149.000    147.406    -1.4154  27.121887    -1.4137  27.121894     5.6288     5.6957    -0.0150    95.6149 1.0000e-12  -74.17536 -113.34424  27.514405      99.86 2.1749e+02    205.561       4934  1028.0162  1028.0146    33.9300    33.9281    8.37874         24 0.0000e+00
    150.000    148.394    -1.4116  27.126707    -1.4102  27.126461     5.6235     5.6975    -0.0150    95.6126 1.0000e-12  -74.17536 -113.34424  27.514416      99.87 2.1730e+02    206.520       4957  1028.0222  1028.0206    33.9317    33.9297    8.37779         23 0.0000e+00
    151.000    149.382    -1.3989  27.140617    -1.3965  27.140559     5.6081     5.6822    -0.0150    95.6217 1.0000e-12  -74.17536 -113.34424  27.514427      99.87 2.1731e+02    207.487       4981  1028.0296  1028.0272    33.9358    33.9330    8.37469         22 0.0000e+00
    152.000    150.372    -1.3834  27.155732    -1.3844  27.152937     5.5866     5.6605    -0.0131    95.6006 1.0000e-12  -74.17536 -113.34424  27.514438      99.86 2.1727e+02    208.455       5004  1028.0356  1028.0335    33.9384    33.9357    8.37105         24 0.0000e+00
    153.000    151.361    -1.3798  27.159822    -1.3806  27.157118     5.5630     5.6505    -0.0089    95.6268 1.0000e-12  -74.17536 -113.34424  27.514450      99.86 2.1735e+02    209.442       5028  1028.0410  1028.0388    33.9392    33.9365    8.37018         24 0.0000e+00
    154.000    152.350    -1.3474  27.191123    -1.3422  27.193463     5.5457     5.6277    -0.0148    95.6271 1.0000e-12  -74.17536 -113.34424  27.514461      99.86 2.1706e+02    210.428       5051  1028.0485  1028.0460    33.9450    33.9423    8.36259         23 0.0000e+00
    155.000    153.337    -1.3428  27.195640    -1.3460  27.191641     5.5297     5.6138    -0.0075    95.6202 1.0000e-12  -74.17536 -113.34424  27.514472      99.86 2.1761e+02    211.398       5075  1028.0534  1028.0522    33.9453    33.9434    8.36152         23 0.0000e+00
    156.000    154.328    -1.3310  27.207987    -1.3276  27.207970     5.5229     5.5985    -0.0144    95.6127 1.0000e-12  -74.17536 -113.34424  27.514483      99.87 2.1690e+02    212.356       5098  1028.0601  1028.0568    33.9482    33.9444    8.35871         24 0.0000e+00
    157.000    155.315    -1.3221  27.215362    -1.3208  27.215294     5.5169     5.5938    -0.0150    95.6204 1.0000e-12  -74.17536 -113.34424  27.514494      92.86 2.1683e+02    213.302       5120  1028.0641  1028.0628    33.9477    33.9461    8.35675         22 0.0000e+00
    158.000    156.304    -1.3216  27.217329    -1.3189  27.217487     5.5149     5.5882    -0.0103    95.6281 1.0000e-12  -74.17536 -113.34424  27.514505      99.76 2.1683e+02    214.237       5143  1028.0703  1028.0679    33.9492    33.9464    8.35655         23 0.0000e+00
    159.000    157.296    -1.3065  27.231742    -1.3041  27.231841     5.5165     5.5793    -0.0077    95.6137 1.0000e-12  -74.17536 -113.34424  27.514516      99.86 2.1683e+02    215.169       5165  1028.0760  1028.0737    33.9512    33.9486    8.35305         22 0.0000e+00
    160.000    158.282    -1.3031  27.235679    -1.3013  27.235699     5.5161     5.5868    -0.0122    95.6075 1.0000e-12  -74.17536 -113.34424  27.514527      99.87 2.1683e+02    216.129       5188  1028.0816  1028.0799    33.9522    33.9502    8.35224         24 0.0000e+00
    161.000    159.274    -1.3025  27.237320    -1.3011  27.236769     5.5097     5.5921    -0.0214    95.6181 1.0000e-12  -74.17536 -113.34424  27.514538      99.86 2.1659e+02    217.103       5211  1028.0873  1028.0853    33.9531    33.9507    8.35204         22 0.0000e+00
    162.000    160.259    -1.3004  27.240881    -1.2987  27.240728     5.5186     5.5826    -0.0149    95.5301 1.0000e-12  -74.17536 -113.34424  27.514550      99.87 2.1646e+02    218.075       5235  1028.0936  1028.0918    33.9550    33.9528    8.35146         24 0.0000e+00
    163.000    161.249    -1.3003  27.241400    -1.2989  27.241055     5.5269     5.5835    -0.0150    95.5099 1.0000e-12  -74.17536 -113.34424  27.514561      99.86 2.1661e+02    219.056       5258  1028.0986  1028.0968    33.9550    33.9529    8.35145         24 0.0000e+00
    164.000    162.239    -1.2996  27.242954    -1.2982  27.242423     5.5339     5.5947    -0.0081    95.5942 1.0000e-12  -74.17536 -113.34424  27.514572      99.87 2.1587e+02    220.015       5281  1028.1040  1028.1022    33.9556    33.9534    8.35124         22 0.0000e+00
    165.000    163.227    -1.2999  27.243353    -1.2985  27.242915     5.5435     5.6076    -0.0187    95.6046 1.0000e-12  -74.17536 -113.34424  27.514583      99.86 2.1508e+02    220.947       5304  1028.1091  1028.1074    33.9559    33.9538    8.35129         23 0.0000e+00
    166.000    164.217    -1.2997  27.244264    -1.2998  27.243058     5.5515     5.6158    -0.0180    95.6018 1.0000e-12  -74.17536 -113.34424  27.514594      99.86 2.1507e+02    221.883       5326  1028.1144  1028.1133    33.9563    33.9548    8.35122         22 0.0000e+00
    167.000    165.204    -1.3081  27.240179    -1.3064  27.239841     5.5520     5.6207    -0.0180    95.5946 1.0000e-12  -74.17536 -113.34424  27.514604      99.87 2.1507e+02    222.822       5349  1028.1225  1028.1205    33.9596    33.9573    8.35290         22 0.0000e+00
    168.000    166.196    -1.3035  27.244790    -1.3026  27.243639     5.5483     5.6225    -0.0224    95.5935 1.0000e-12  -74.17536 -113.34424  27.514615      99.86 2.1507e+02    223.774       5372  1028.1275  1028.1254    33.9602    33.9575    8.35186         24 0.0000e+00
    169.000    167.182    -1.2989  27.249736    -1.2980  27.248818     5.5457     5.6117    -0.0200    95.5998 1.0000e-12  -74.17536 -113.34424  27.514627      99.86 2.1507e+02    224.751       5395  1028.1328  1028.1309    33.9610    33.9588    8.35076         24 0.0000e+00
    170.000    168.172    -1.2936  27.256412    -1.2937  27.254410     5.5478     5.6136    -0.0077    95.5980 1.0000e-12  -74.17536 -113.34424  27.514638      99.86 2.1507e+02    225.726       5418  1028.1394  1028.1372    33.9637    33.9609    8.34944         23 0.0000e+00
    171.000    169.161    -1.2893  27.261971    -1.2890  27.260191     5.5462     5.6148    -0.0149    95.6029 1.0000e-12  -74.17536 -113.34424  27.514649      92.63 2.1507e+02    226.681       5441  1028.1457  1028.1434    33.9657    33.9629    8.34834         22 0.0000e+00
    172.000    170.149    -1.2869  27.265182    -1.2859  27.264496     5.5471     5.6096    -0.0087    95.6047 1.0000e-12  -74.17536 -113.34424  27.514660      99.86 2.1507e+02    227.624       5464  1028.1513  1028.1495    33.9669    33.9647    8.34775         23 0.0000e+00
    173.000    171.138    -1.2874  27.265256    -1.2861  27.264902     5.5520     5.6160    -0.0077    95.6064 1.0000e-12  -74.17536 -113.34424  27.514671      99.87 2.1507e+02    228.565       5487  1028.1563  1028.1546    33.9669    33.9649    8.34786         22 0.0000e+00
    174.000    172.126    -1.2866  27.267214    -1.2839  27.267700     5.5528     5.6232    -0.0074    95.6125 1.0000e-12  -74.17536 -113.34424  27.514682      99.87 2.1507e+02    229.500       5509  1028.1620  1028.1599    33.9680    33.9656    8.34761         23 0.0000e+00
    175.000    173.116    -1.2803  27.274562    -1.2776  27.275241     5.5453     5.6106    -0.0105    95.6037 1.0000e-12  -74.17536 -113.34424  27.514693      99.87 2.1507e+02    230.448       5532  1028.1683  1028.1665    33.9703    33.9683    8.34605         23 0.0000e+00
    176.000    174.105    -1.2775  27.278511    -1.2759  27.277999     5.5356     5.5996    -0.0169    95.5958 1.0000e-12  -74.17536 -113.34424  27.514704      99.87 2.1507e+02    231.406       5555  1028.1743  1028.1722    33.9720    33.9695    8.34534         23 0.0000e+00
    177.000    175.092    -1.2637  27.293716    -1.2626  27.292283     5.5267     5.5956    -0.0214    95.5901 1.0000e-12  -74.17536 -113.34424  27.514715      99.87 2.1507e+02    232.349       5577  1028.1819  1028.1794    33.9765    33.9734    8.34198         22 0.0000e+00
    178.000    176.083    -1.2495  27.307040    -1.2486  27.305946     5.5218     5.5870    -0.0076    95.6003 1.0000e-12  -74.17536 -113.34424  27.514726      99.86 2.1507e+02    233.296       5600  1028.1872  1028.1852    33.9781    33.9756    8.33872         23 0.0000e+00
    179.000    177.070    -1.2469  27.310314    -1.2457  27.309362     5.5166     5.5834    -0.0144    95.6006 1.0000e-12  -74.17536 -113.34424  27.514737      99.86 2.1507e+02    234.237       5623  1028.1927  1028.1905    33.9790    33.9763    8.33809         22 0.0000e+00
    180.000    178.060    -1.2428  27.314962    -1.2423  27.313386     5.5155     5.5847    -0.0147    95.5969 1.0000e-12  -74.17536 -113.34424  27.514747      99.86 2.1507e+02    235.165       5645  1028.1983  1028.1961    33.9801    33.9774    8.33711         23 0.0000e+00
    181.000    179.047    -1.2397  27.318916    -1.2385  27.318107     5.5127     5.5854    -0.0150    95.5982 1.0000e-12  -74.17536 -113.34424  27.514758      99.86 2.1507e+02    236.097       5667  1028.2041  1028.2020    33.9815    33.9789    8.33635         22 0.0000e+00
    182.000    180.038    -1.2338  27.325405    -1.2328  27.324497     5.5102     5.5835    -0.0121    95.6069 1.0000e-12  -74.17536 -113.34424  27.514769      99.87 2.1507e+02    237.044       5690  1028.2099  1028.2079    33.9830    33.9806    8.33494         23 0.0000e+00
