ocean_section_plots/required_files/ctd/dnbp2202_ctd202.cnv
* Sea-Bird SBE 9 Data File:
* FileName = D:\Data\raw\NBP2202_CTD202.hex
* Software Version Seasave V 7.26.7.121
* Temperature SN = 1649
* Conductivity SN = 2513
* Number of Bytes Per Scan = 40
* Number of Voltage Words = 5
* Number of Scans Averaged by the Deck Unit = 1
* NMEA Latitude = 73 50.20 S
* NMEA Longitude = 112 59.69 W
* NMEA UTC (Time) = Feb 08 2022  19:18:46
* NMEA baud rate = 9600
** Ship: RVIB N.B. Palmer
** Cruise: NBP2202 Thwaites
** Station: 121
** Operator: A. Robinson
# nquan = 28
# nvalues = 803                         
# units = specified
# name 0 = prDM: Pressure, Digiquartz [db]
# name 1 = depSM: Depth [salt water, m]
# name 2 = t090C: Temperature [ITS-90, deg C]
# name 3 = c0mS/cm: Conductivity [mS/cm]
# name 4 = t190C: Temperature, 2 [ITS-90, deg C]
# name 5 = c1mS/cm: Conductivity, 2 [mS/cm]
# name 6 = sbeox0ML/L: Oxygen, SBE 43 [ml/l]
# name 7 = sbeox1ML/L: Oxygen, SBE 43, 2 [ml/l]
# name 8 = flECO-AFL: Fluorescence, WET Labs ECO-AFL/FL [mg/m^3]
# name 9 = CStarTr0: Beam Transmission, WET Labs C-Star [%]
# name 10 = par: PAR/Irradiance, Biospherical/Licor
# name 11 = latitude: Latitude [deg]
# name 12 = longitude: Longitude [deg]
# name 13 = timeJ: Julian Days
# name 14 = altM: Altimeter [m]
# name 15 = spar: SPAR, Biospherical/Licor
# name 16 = timeS: Time, Elapsed [seconds]
# name 17 = scan: Scan Count
# name 18 = density00: Density [density, kg/m^3]
# name 19 = density11: Density, 2 [density, kg/m^3]
# name 20 = v3: Voltage 3
# name 21 = v4: Voltage 4
# name 22 = v5: Voltage 5
# name 23 = sal00: Salinity, Practical [PSU]
# name 24 = sal11: Salinity, Practical, 2 [PSU]
# name 25 = oxsolML/L: Oxygen Saturation, Garcia & Gordon [ml/l]
# name 26 = nbin: number of scans per bin
# name 27 = flag: flag
# span 0 =      1.000,    803.000       
# span 1 =      1.025,    793.169       
# span 2 =    -1.5289,     0.5381       
# span 3 =  27.034097,  29.526635       
# span 4 =    -1.5287,     0.5396       
# span 5 =  27.033586,  29.525549       
# span 6 =     4.5606,     9.1161       
# span 7 =     4.6692,     9.3496       
# span 8 =    -0.0156,    27.2161       
# span 9 =    76.0162,    98.5777       
# span 10 = -1.155e-04, 1.8036e+02      
# span 11 =  -73.83678,  -73.83674      
# span 12 = -112.99500, -112.99492      
# span 13 =  39.807555,  39.819807      
# span 14 =     -13.94,     134.59      
# span 15 = 2.6599e+02, 2.8298e+02      
# span 16 =    246.680,   1305.326      
# span 17 =       5921,      31329      
# span 18 =  1027.1527,  1031.5034      
# span 19 =  1027.1534,  1031.5008      
# span 20 =     3.6065,     4.6763      
# span 21 =     0.0651,     4.0412      
# span 22 =     0.1145,     0.2618      
# span 23 =    33.7779,    34.5603      
# span 24 =    33.7787,    34.5572      
# span 25 =    7.92339,    8.40234      
# span 26 =          1,         51      
# span 27 = 0.0000e+00, 0.0000e+00      
# interval = decibars: 1                
# start_time = Feb 08 2022 19:18:46 [NMEA time, header]
# bad_flag = -9.990e-29
*END*
[from data line 311]
    312.000    308.543    -1.1383  27.606238    -1.1300  27.611534     5.7667     5.9568     0.1092    98.3219 1.0000e-12  -73.83676 -112.99496  39.812878      99.90 2.7877e+02    706.702      16962  1028.9856  1028.9832     4.6642     0.0923     0.1184    34.1784    34.1761    8.30219         29 0.0000e+00
    313.000    309.532    -1.0771  27.660545    -1.0839  27.652504     5.6851     5.8713     0.1112    98.2643 1.0000e-12  -73.83676 -112.99496  39.812893      99.89 2.7666e+02    707.937      16991  1028.9893  1028.9873     4.6615     0.0990     0.1152    34.1823    34.1791    8.28841         30 0.0000e+00
    314.000    310.519    -0.9896  27.740178    -0.9863  27.739870     5.6632     5.8481     0.1403    98.2124 1.0000e-12  -73.83676 -112.99496  39.812908      99.90 2.7259e+02    709.236      17023  1028.9949  1028.9914     4.6590     0.1427     0.1196    34.1908    34.1866    8.26863         33 0.0000e+00
    315.000    311.509    -0.9864  27.743599    -0.9852  27.743340     5.6629     5.8353     0.2636    98.2871 1.0000e-12  -73.83676 -112.99496  39.812923      99.90 2.7623e+02    710.588      17055  1029.0006  1028.9991     4.6626     0.1056     0.1162    34.1912    34.1895    8.26790         32 0.0000e+00
    316.000    312.496    -0.9847  27.746329    -0.9822  27.746353     5.6598     5.8223     0.1654    98.3420 1.0000e-12  -73.83676 -112.99496  39.812939      99.90 2.7537e+02    711.955      17088  1029.0068  1029.0044     4.6651     0.0861     0.1168    34.1924    34.1896    8.26745         30 0.0000e+00
    317.000    313.484    -0.9530  27.774973    -0.9515  27.774332     5.6575     5.8177     0.1249    98.3504 1.0000e-12  -73.83676 -112.99496  39.812953      99.91 2.7095e+02    713.169      17117  1029.0116  1029.0094     4.6656     0.0865     0.1190    34.1947    34.1922    8.26034         27 0.0000e+00
    318.000    314.472    -0.9571  27.771683    -0.9557  27.771343     5.6604     5.8221     0.1093    98.3172 1.0000e-12  -73.83676 -112.99496  39.812966      99.90 2.7050e+02    714.286      17144  1029.0168  1029.0151     4.6640     0.0871     0.1182    34.1943    34.1923    8.26127         27 0.0000e+00
    319.000    315.461    -0.9649  27.765155    -0.9661  27.763219     5.6891     5.8502     0.0896    98.3080 1.0000e-12  -73.83676 -112.99497  39.812981      99.90 2.7183e+02    715.518      17173  1029.0221  1029.0212     4.6636     0.0858     0.1177    34.1937    34.1924    8.26303         33 0.0000e+00
    320.000    316.447    -0.9926  27.741746    -0.9916  27.741432     5.6877     5.8461     0.1370    98.3013 1.0000e-12  -73.83676 -112.99496  39.812997      96.72 2.7105e+02    716.962      17208  1029.0285  1029.0272     4.6632     0.0878     0.1194    34.1927    34.1911    8.26918         34 0.0000e+00
    321.000    317.437    -0.9986  27.738200    -0.9966  27.737746     5.6712     5.8301     0.1609    98.3356 1.0000e-12  -73.83676 -112.99496  39.813013      99.99 2.7264e+02    718.308      17240  1029.0350  1029.0324     4.6648     0.0971     0.1246    34.1941    34.1911    8.27042         30 0.0000e+00
    322.000    318.426    -0.9594  27.773190    -0.9579  27.772778     5.6718     5.8341     0.1340    98.3287 1.0000e-12  -73.83676 -112.99496  39.813026      99.90 2.7483e+02    719.452      17268  1029.0389  1029.0370     4.6646     0.0870     0.1181    34.1965    34.1943    8.26165         26 0.0000e+00
    323.000    319.412    -0.9690  27.765207    -0.9691  27.763772     5.6654     5.8176     0.1699    98.2884 1.0000e-12  -73.83676 -112.99496  39.813038      99.90 2.7325e+02    720.515      17293  1029.0441  1029.0427     4.6626     0.0896     0.1176    34.1959    34.1941    8.26378         26 0.0000e+00
    324.000    320.401    -0.9634  27.771089    -0.9620  27.770294     5.6451     5.8027     0.1241    98.2966 1.0000e-12  -73.83676 -112.99496  39.813052      99.91 2.7040e+02    721.711      17322  1029.0495  1029.0473     4.6630     0.0891     0.1191    34.1970    34.1943    8.26249         33 0.0000e+00
    325.000    321.389    -0.9400  27.792154    -0.9374  27.792371     5.6362     5.7956     0.1026    98.2423 1.0000e-12  -73.83676 -112.99496  39.813070      99.90 2.7237e+02    723.233      17359  1029.0539  1029.0517     4.6605     0.0938     0.1174    34.1985    34.1958    8.25727         37 0.0000e+00
    326.000    322.377    -0.9419  27.791234    -0.9436  27.788376     5.6281     5.7896     0.1053    98.2501 1.0000e-12  -73.83676 -112.99496  39.813086      99.90 2.7019e+02    724.634      17392  1029.0594  1029.0580     4.6608     0.0874     0.1181    34.1988    34.1968    8.25767         29 0.0000e+00
    327.000    323.365    -0.9427  27.792085    -0.9402  27.792488     5.6199     5.7745     0.0990    98.2846 1.0000e-12  -73.83676 -112.99496  39.813098      99.91 2.7239e+02    725.703      17418  1029.0655  1029.0635     4.6625     0.0907     0.1219    34.2002    34.1979    8.25777         25 0.0000e+00
    328.000    324.353    -0.9339  27.800714    -0.9317  27.800776     5.6114     5.7696     0.0908    98.2417 1.0000e-12  -73.83676 -112.99496  39.813110      99.90 2.7422e+02    726.744      17443  1029.0707  1029.0686     4.6604     0.0918     0.1183    34.2013    34.1989    8.25576         26 0.0000e+00
    329.000    325.341    -0.9215  27.812287    -0.9197  27.811904     5.5972     5.7594     0.1206    98.2782 1.0000e-12  -73.83676 -112.99496  39.813126      99.90 2.7213e+02    728.066      17475  1029.0756  1029.0734     4.6621     0.0858     0.1195    34.2024    34.1998    8.25299         37 0.0000e+00
    330.000    326.330    -0.9117  27.822457    -0.9092  27.822175     5.5524     5.7183     0.1548    98.1979 1.0000e-12  -73.83676 -112.99496  39.813143      82.65 2.7305e+02    729.585      17511  1029.0815  1029.0787     4.6584     0.0868     0.1221    34.2044    34.2012    8.25071         34 0.0000e+00
    331.000    327.317    -0.8734  27.859173    -0.8717  27.858263     5.5250     5.6916     0.1649    98.1536 1.0000e-12  -73.83676 -112.99496  39.813158      97.84 2.7454e+02    730.888      17542  1029.0882  1029.0856     4.6562     0.0882     0.1193    34.2102    34.2071    8.24198         29 0.0000e+00
    332.000    328.305    -0.8515  27.880202    -0.8494  27.879929     5.5130     5.6734     0.1500    98.1174 1.0000e-12  -73.83676 -112.99496  39.813171      99.86 2.7266e+02    732.004      17569  1029.0941  1029.0918     4.6546     0.0878     0.1158    34.2134    34.2106    8.23702         26 0.0000e+00
    333.000    329.295    -0.8439  27.887664    -0.8420  27.887398     5.5016     5.6633     0.1151    98.3024 1.0000e-12  -73.83676 -112.99496  39.813184      99.90 2.7108e+02    733.118      17596  1029.0994  1029.0972     4.6633     0.1041     0.1182    34.2142    34.2117    8.23530         28 0.0000e+00
    334.000    330.281    -0.8266  27.904495    -0.8240  27.904297     5.4777     5.6438     0.1131    98.3180 1.0000e-12  -73.83676 -112.99496  39.813199      99.90 2.7406e+02    734.431      17627  1029.1053  1029.1025     4.6640     0.0862     0.1175    34.2168    34.2136    8.23137         34 0.0000e+00
    335.000    331.270    -0.8038  27.926373    -0.8020  27.925225     5.4393     5.5988     0.1014    98.2071 1.0000e-12  -73.83676 -112.99496  39.813216      99.89 2.7287e+02    735.851      17661  1029.1113  1029.1083     4.6588     0.1055     0.1202    34.2200    34.2165    8.22621         31 0.0000e+00
    336.000    332.258    -0.7741  27.954584    -0.7717  27.954308     5.4180     5.5797     0.1022    98.3075 1.0000e-12  -73.83676 -112.99496  39.813230      99.90 2.7277e+02    737.069      17691  1029.1174  1029.1147     4.6635     0.0856     0.1172    34.2240    34.2208    8.21951         26 0.0000e+00
    337.000    333.247    -0.7550  27.971838    -0.7529  27.972001     5.4070     5.5663     0.0992    98.2999 1.0000e-12  -73.83676 -112.99496  39.813243      99.90 2.7325e+02    738.168      17717  1029.1220  1029.1200     4.6631     0.0843     0.1174    34.2251    34.2229    8.21528         27 0.0000e+00
    338.000    334.234    -0.7506  27.976304    -0.7490  27.975796     5.4007     5.5588     0.3066    98.2656 1.0000e-12  -73.83676 -112.99496  39.813256      99.90 2.7499e+02    739.339      17745  1029.1272  1029.1251     4.6616     0.0875     0.1210    34.2256    34.2231    8.21431         30 0.0000e+00
    339.000    335.222    -0.7430  27.983661    -0.7411  27.983153     5.3731     5.5449     0.2713    98.2679 1.0000e-12  -73.83676 -112.99496  39.813271      99.90 2.7207e+02    740.632      17776  1029.1323  1029.1300     4.6617     0.0861     0.1210    34.2263    34.2235    8.21260         32 0.0000e+00
    340.000    336.210    -0.7234  28.002966    -0.7209  28.002210     5.3293     5.4995     0.0894    98.1550 1.0000e-12  -73.83676 -112.99496  39.813287      77.92 2.7577e+02    741.966      17808  1029.1387  1029.1354     4.6563     0.0864     0.1170    34.2296    34.2257    8.20816         31 0.0000e+00
    341.000    337.198    -0.6833  28.041997    -0.6809  28.040781     5.2695     5.4445     0.0927    98.2958 1.0000e-12  -73.83676 -112.99496  39.813301      61.97 2.7489e+02    743.177      17837  1029.1461  1029.1425     4.6630     0.0864     0.1185    34.2363    34.2320    8.19906         28 0.0000e+00
    342.000    338.187    -0.6266  28.094438    -0.6234  28.093972     5.2141     5.3846     0.0810    98.3114 1.0000e-12  -73.83676 -112.99496  39.813314      97.15 2.7113e+02    744.326      17865  1029.1518  1029.1481     4.6637     0.0916     0.1198    34.2424    34.2381    8.18643         28 0.0000e+00
    343.000    339.173    -0.5679  28.148741    -0.5669  28.145528     5.1634     5.3355     0.0852    98.3109 1.0000e-12  -73.83676 -112.99496  39.813329      99.88 2.7343e+02    745.610      17896  1029.1574  1029.1531     4.6637     0.0853     0.1207    34.2485    34.2431    8.17338         33 0.0000e+00
    344.000    340.163    -0.5233  28.190829    -0.5199  28.190610     5.1343     5.2976     0.0835    98.2836 1.0000e-12  -73.83676 -112.99496  39.813344      99.90 2.7490e+02    746.959      17928  1029.1641  1029.1605     4.6624     0.0879     0.1189    34.2541    34.2500    8.16345         31 0.0000e+00
    345.000    341.150    -0.4966  28.216253    -0.4942  28.215518     5.1273     5.2768     0.0802    98.3135 1.0000e-12  -73.83676 -112.99496  39.813358      99.90 2.7086e+02    748.131      17956  1029.1702  1029.1671     4.6638     0.0839     0.1232    34.2575    34.2539    8.15750         26 0.0000e+00
    346.000    342.140    -0.4856  28.226508    -0.4833  28.226177     5.1257     5.2769     0.0766    98.2915 1.0000e-12  -73.83676 -112.99496  39.813370      99.91 2.7433e+02    749.209      17982  1029.1754  1029.1728     4.6628     0.0833     0.1230    34.2583    34.2553    8.15510         26 0.0000e+00
    347.000    343.125    -0.4794  28.232634    -0.4778  28.231733     5.1285     5.2766     0.0842    98.2853 1.0000e-12  -73.83676 -112.99497  39.813385      99.89 2.7535e+02    750.437      18011  1029.1809  1029.1784     4.6625     0.0869     0.1186    34.2590    34.2559    8.15373         31 0.0000e+00
    348.000    344.114    -0.4812  28.231501    -0.4791  28.231026     5.1294     5.2724     0.1001    98.2090 1.0000e-12  -73.83676 -112.99497  39.813402      99.90 2.7194e+02    751.894      18046  1029.1866  1029.1840     4.6589     0.0877     0.1214    34.2589    34.2559    8.15413         35 0.0000e+00
    349.000    345.102    -0.4717  28.241317    -0.4695  28.240525     5.1188     5.2616     0.0854    98.3063 1.0000e-12  -73.83678 -112.99498  39.813417      99.91 2.7427e+02    753.189      18078  1029.1925  1029.1895     4.6634     0.0814     0.1184    34.2607    34.2572    8.15197         27 0.0000e+00
    350.000    346.092    -0.4599  28.252312    -0.4578  28.251938     5.1123     5.2525     0.0678    98.2950 1.0000e-12  -73.83676 -112.99496  39.813429      99.90 2.7466e+02    754.254      18103  1029.1974  1029.1949     4.6630     0.0843     0.1203    34.2616    34.2587    8.14940         25 0.0000e+00
    351.000    347.078    -0.4529  28.259215    -0.4504  28.259093     5.1087     5.2438     0.1160    98.2748 1.0000e-12  -73.83678 -112.99498  39.813441      74.17 2.7313e+02    755.274      18128  1029.2026  1029.2000     4.6620     0.0835     0.1214    34.2624    34.2593    8.14785         25 0.0000e+00
    352.000    348.066    -0.4462  28.265618    -0.4441  28.265226     5.1050     5.2453     0.0819    98.2163 1.0000e-12  -73.83676 -112.99497  39.813455      92.23 2.7250e+02    756.491      18157  1029.2075  1029.2050     4.6592     0.0835     0.1208    34.2627    34.2598    8.14638         32 0.0000e+00
    353.000    349.055    -0.4445  28.267571    -0.4424  28.267106     5.0932     5.2333     0.1063    98.2467 1.0000e-12  -73.83676 -112.99497  39.813473     100.06 2.7526e+02    758.033      18194  1029.2127  1029.2101     4.6606     0.0841     0.1205    34.2629    34.2598    8.14602         37 0.0000e+00
    354.000    350.041    -0.4359  28.277046    -0.4332  28.276719     5.0770     5.2159     0.1254    98.1403 1.0000e-12  -73.83678 -112.99498  39.813488      99.90 2.7188e+02    759.370      18226  1029.2190  1029.2160     4.6556     0.0840     0.1211    34.2652    34.2618    8.14403         28 0.0000e+00
    355.000    351.031    -0.4146  28.297660    -0.4123  28.297014     5.0610     5.2025     0.1208    98.1997 1.0000e-12  -73.83676 -112.99496  39.813500      99.90 2.7547e+02    760.421      18251  1029.2246  1029.2218     4.6584     0.0849     0.1197    34.2682    34.2648    8.13929         24 0.0000e+00
    356.000    352.018    -0.4018  28.310095    -0.3994  28.309762     5.0507     5.1925     0.0885    98.2583 1.0000e-12  -73.83676 -112.99496  39.813512      99.89 2.7621e+02    761.458      18276  1029.2300  1029.2273     4.6612     0.0834     0.1207    34.2699    34.2668    8.13646         26 0.0000e+00
    357.000    353.007    -0.3851  28.326874    -0.3824  28.326373     5.0411     5.1790     0.1367    98.2329 1.0000e-12  -73.83676 -112.99496  39.813527      99.90 2.7485e+02    762.705      18306  1029.2362  1029.2330     4.6600     0.0831     0.1185    34.2730    34.2692    8.13272         33 0.0000e+00
    358.000    353.995    -0.3766  28.335469    -0.3743  28.334984     5.0365     5.1691     0.0858    98.1914 1.0000e-12  -73.83676 -112.99496  39.813543      99.90 2.7414e+02    764.099      18339  1029.2417  1029.2390     4.6580     0.0819     0.1203    34.2743    34.2711    8.13082         31 0.0000e+00
    359.000    354.983    -0.3680  28.344534    -0.3657  28.343985     5.0269     5.1618     0.0821    98.2634 1.0000e-12  -73.83676 -112.99496  39.813558      99.89 2.7612e+02    765.395      18370  1029.2476  1029.2447     4.6615     0.1017     0.1225    34.2762    34.2728    8.12889         30 0.0000e+00
    360.000    355.970    -0.3584  28.354157    -0.3563  28.353470     5.0191     5.1487     0.1322    98.2168 1.0000e-12  -73.83676 -112.99496  39.813572      99.90 2.7437e+02    766.609      18400  1029.2530  1029.2502     4.6593     0.0952     0.1210    34.2776    34.2743    8.12674         28 0.0000e+00
    361.000    356.957    -0.3419  28.370980    -0.3390  28.370654     5.0128     5.1416     0.1726    98.2557 1.0000e-12  -73.83676 -112.99496  39.813585      99.90 2.7306e+02    767.772      18428  1029.2593  1029.2561     4.6611     0.0824     0.1237    34.2809    34.2772    8.12303         28 0.0000e+00
    362.000    357.946    -0.3305  28.382403    -0.3284  28.382003     5.0149     5.1383     0.1100    98.2419 1.0000e-12  -73.83676 -112.99496  39.813599      78.90 2.7387e+02    768.928      18455  1029.2649  1029.2624     4.6605     0.0813     0.1248    34.2827    34.2798    8.12049         28 0.0000e+00
