ocean_section_plots/required_files/ctd/dnbp2202_ctd169.cnv
* Sea-Bird SBE 9 Data File:
* FileName = D:\Data\raw\NBP2202_CTD169.hex
* Software Version Seasave V 7.26.7.121
* Temperature SN = 1649
* Conductivity SN = 2513
* Number of Bytes Per Scan = 40
* Number of Voltage Words = 5
* Number of Scans Averaged by the Deck Unit = 1
* NMEA Latitude = 74 23.16 S
* NMEA Longitude = 110 05.45 W
* NMEA UTC (Time) = Feb 03 2022  08:44:59
* NMEA baud rate = 9600
** Ship: RVIB N.B. Palmer
** Cruise: NBP2202 Thwaites
** Station: 91
** Operator: B Bjork
# nquan = 28
# nvalues = 892                         
# units = specified
# name 0 = prDM: Pressure, Digiquartz [db]
# name 1 = depSM: Depth [salt water, m]
# name 2 = t090C: Temperature [ITS-90, deg C]
# name 3 = c0mS/cm: Conductivity [mS/cm]
# name 4 = t190C: Temperature, 2 [ITS-90, deg C]
# name 5 = c1mS/cm: Conductivity, 2 [mS/cm]
# name 6 = sbeox0ML/L: Oxygen, SBE 43 [ml/l]
# name 7 = sbeox1ML/L: Oxygen, SBE 43, 2 [ml/l]
# name 8 = flECO-AFL: Fluorescence, WET Labs ECO-AFL/FL [mg/m^3]
# name 9 = CStarTr0: Beam Transmission, WET Labs C-Star [%]
# name 10 = par: PAR/Irradiance, Biospherical/Licor
# name 11 = latitude: Latitude [deg]
# name 12 = longitude: Longitude [deg]
# name 13 = timeJ: Julian Days
# name 14 = altM: Altimeter [m]
# name 15 = spar: SPAR, Biospherical/Licor
# name 16 = timeS: Time, Elapsed [seconds]
# name 17 = scan: Scan Count
# name 18 = density00: Density [density, kg/m^3]
# name 19 = density11: Density, 2 [density, kg/m^3]
# name 20 = v3: Voltage 3
# name 21 = v4: Voltage 4
# name 22 = v5: Voltage 5
# name 23 = sal00: Salinity, Practical [PSU]
# name 24 = sal11: Salinity, Practical, 2 [PSU]
# name 25 = oxsolML/L: Oxygen Saturation, Garcia & Gordon [ml/l]
# name 26 = nbin: number of scans per bin
# name 27 = flag: flag
# span 0 =      2.000,    893.000       
# span 1 =      1.982,    881.838       
# span 2 =    -1.5796,     1.0871       
# span 3 =  26.808145,  30.146958       
# span 4 =    -1.5810,     1.0894       
# span 5 =  26.808530,  30.146745       
# span 6 =     4.3354,     5.6421       
# span 7 =     4.4115,     5.7563       
# span 8 =    -0.0249,     0.0853       
# span 9 =    98.3019,    99.5919       
# span 10 = 1.0000e-12, 3.0927e+01      
# span 11 =  -74.38600,  -74.38574      
# span 12 = -110.09058, -110.08922      
# span 13 =  34.367335,  34.380362      
# span 14 =      -3.82,     100.02      
# span 15 = 1.1282e+02, 1.3750e+02      
# span 16 =    238.713,   1364.286      
# span 17 =       5730,      32744      
# span 18 =  1027.1885,  1031.9864      
# span 19 =  1027.1902,  1031.9842      
# span 20 =     4.6633,     4.7245      
# span 21 =     0.0639,     0.0825      
# span 22 =     0.1088,     0.1451      
# span 23 =    33.7726,    34.7004      
# span 24 =    33.7743,    34.6977      
# span 25 =    7.80479,    8.42522      
# span 26 =          4,         48      
# span 27 = 0.0000e+00, 0.0000e+00      
# interval = decibars: 1                
# start_time = Feb 03 2022 08:44:59 [NMEA time, header]
# bad_flag = -9.990e-29
*END*
[from data line 570]
    572.000    565.295     0.1599  29.000651     0.1621  29.000383     4.8437     4.9416    -0.0074    99.4044 1.0000e-12  -74.38584 -110.08974  34.374917      99.87 1.2340e+02    893.870      21454  1030.3428  1030.3404     4.7155     0.0693     0.1171    34.4277    34.4250    8.00887         23 0.0000e+00
    573.000    566.280     0.1629  29.004275     0.1648  29.003762     4.8531     4.9470    -0.0166    99.4154 1.0000e-12  -74.38584 -110.08974  34.374930      99.87 1.2340e+02    894.912      21479  1030.3480  1030.3456     4.7161     0.0691     0.1145    34.4286    34.4257    8.00820         26 0.0000e+00
    574.000    567.267     0.1637  29.005880     0.1657  29.005384     4.8511     4.9483    -0.0126    99.4210 1.0000e-12  -74.38584 -110.08974  34.374942      99.87 1.2340e+02    895.991      21505  1030.3532  1030.3508     4.7163     0.0699     0.1171    34.4291    34.4263    8.00799         25 0.0000e+00
    575.000    568.255     0.1654  29.008248     0.1677  29.007993     4.8470     4.9472    -0.0093    99.4201 1.0000e-12  -74.38584 -110.08974  34.374953      99.87 1.2340e+02    896.954      21528  1030.3584  1030.3559     4.7163     0.0687     0.1180    34.4298    34.4269    8.00761         23 0.0000e+00
    576.000    569.241     0.1711  29.014726     0.1732  29.014075     4.8438     4.9438    -0.0136    99.4311 1.0000e-12  -74.38584 -110.08974  34.374965      99.87 1.2340e+02    897.979      21553  1030.3639  1030.3612     4.7168     0.0690     0.1163    34.4314    34.4281    8.00633         26 0.0000e+00
    577.000    570.227     0.1771  29.021390     0.1793  29.021118     4.8411     4.9401    -0.0157    99.4269 1.0000e-12  -74.38584 -110.08974  34.374978      99.87 1.2340e+02    899.067      21579  1030.3694  1030.3668     4.7166     0.0692     0.1152    34.4329    34.4300    8.00501         25 0.0000e+00
    578.000    571.215     0.1782  29.023023     0.1801  29.022585     4.8399     4.9432    -0.0137    99.4302 1.0000e-12  -74.38584 -110.08974  34.374989      99.87 1.2340e+02    900.046      21602  1030.3743  1030.3720     4.7168     0.0699     0.1161    34.4332    34.4305    8.00476         23 0.0000e+00
    579.000    572.202     0.1830  29.028542     0.1855  29.028788     4.8371     4.9444    -0.0170    99.4429 1.0000e-12  -74.38584 -110.08974  34.375001      80.61 1.2340e+02    901.058      21626  1030.3797  1030.3774     4.7173     0.0680     0.1205    34.4345    34.4320    8.00369         26 0.0000e+00
    580.000    573.188     0.1865  29.032912     0.1891  29.032953     4.8346     4.9416    -0.0107    99.4550 1.0000e-12  -74.38584 -110.08974  34.375013      89.33 1.2340e+02    902.159      21653  1030.3852  1030.3827     4.7179     0.0677     0.1144    34.4358    34.4329    8.00288         26 0.0000e+00
    581.000    574.174     0.1934  29.040706     0.1966  29.041385     4.8335     4.9322    -0.0120    99.4642 1.0000e-12  -74.38584 -110.08974  34.375025      99.93 1.2340e+02    903.153      21677  1030.3908  1030.3884     4.7184     0.0695     0.1157    34.4376    34.4350    8.00133         22 0.0000e+00
    582.000    575.164     0.1984  29.046171     0.2005  29.045862     4.8236     4.9255    -0.0170    99.4637 1.0000e-12  -74.38584 -110.08974  34.375036      99.87 1.2340e+02    904.149      21701  1030.3959  1030.3936     4.7183     0.0709     0.1141    34.4387    34.4359    8.00024         26 0.0000e+00
    583.000    576.149     0.2026  29.051197     0.2049  29.050955     4.8179     4.9179    -0.0025    99.4677 1.0000e-12  -74.38584 -110.08974  34.375049      99.87 1.2340e+02    905.240      21727  1030.4015  1030.3990     4.7186     0.0692     0.1147    34.4400    34.4371    7.99929         26 0.0000e+00
    584.000    577.136     0.2145  29.064142     0.2172  29.063931     4.8085     4.9128    -0.0112    99.4660 1.0000e-12  -74.38584 -110.08974  34.375061      99.86 1.2340e+02    906.248      21751  1030.4075  1030.4047     4.7184     0.0691     0.1152    34.4431    34.4399    7.99663         23 0.0000e+00
    585.000    578.123     0.2195  29.069341     0.2215  29.068906     4.8107     4.9178    -0.0178    99.4641 1.0000e-12  -74.38584 -110.08974  34.375072      99.87 1.2340e+02    907.229      21774  1030.4125  1030.4101     4.7184     0.0702     0.1175    34.4438    34.4410    7.99557         25 0.0000e+00
    586.000    579.110     0.2226  29.073067     0.2248  29.072730     4.8079     4.9114    -0.0173    99.4677 1.0000e-12  -74.38584 -110.08974  34.375085      99.87 1.2374e+02    908.303      21800  1030.4177  1030.4152     4.7185     0.0699     0.1175    34.4447    34.4418    7.99488         26 0.0000e+00
    587.000    580.096     0.2258  29.076796     0.2280  29.076448     4.7988     4.8941    -0.0176    99.4729 1.0000e-12  -74.38584 -110.08974  34.375097      99.87 1.2410e+02    909.356      21826  1030.4228  1030.4203     4.7188     0.0683     0.1169    34.4454    34.4425    7.99417         23 0.0000e+00
    588.000    581.084     0.2322  29.084170     0.2340  29.083250     4.7940     4.8931    -0.0129    99.4720 1.0000e-12  -74.38584 -110.08974  34.375108      99.86 1.2340e+02    910.306      21848  1030.4285  1030.4258     4.7188     0.0706     0.1177    34.4473    34.4441    7.99273         24 0.0000e+00
    589.000    582.070     0.2462  29.099472     0.2484  29.098722     4.7929     4.8911    -0.0164    99.4598 1.0000e-12  -74.38584 -110.08974  34.375120      99.86 1.2354e+02    911.353      21873  1030.4351  1030.4322     4.7182     0.0692     0.1123    34.4512    34.4478    7.98960         26 0.0000e+00
    590.000    583.058     0.2568  29.111057     0.2589  29.110639     4.7936     4.8929    -0.0171    99.4673 1.0000e-12  -74.38584 -110.08974  34.375132      99.86 1.2419e+02    912.435      21899  1030.4412  1030.4387     4.7185     0.0690     0.1173    34.4540    34.4510    7.98726         25 0.0000e+00
    591.000    584.043     0.2603  29.115716     0.2626  29.115256     4.7969     4.8921    -0.0179    99.4738 1.0000e-12  -74.38584 -110.08974  34.375144      99.87 1.2341e+02    913.403      21923  1030.4469  1030.4443     4.7189     0.0688     0.1162    34.4555    34.4524    7.98643         23 0.0000e+00
    592.000    585.031     0.2665  29.122643     0.2687  29.122235     4.7923     4.8962    -0.0140    99.4795 1.0000e-12  -74.38584 -110.08974  34.375155      84.79 1.2340e+02    914.420      21947  1030.4525  1030.4499     4.7191     0.0667     0.1152    34.4572    34.4541    7.98506         26 0.0000e+00
    593.000    586.017     0.2693  29.125898     0.2722  29.126374     4.7901     4.8877    -0.0108    99.4617 1.0000e-12  -74.38584 -110.08974  34.375168      90.64 1.2340e+02    915.523      21974  1030.4575  1030.4552     4.7183     0.0672     0.1137    34.4577    34.4551    7.98445         26 0.0000e+00
    594.000    587.005     0.2732  29.130394     0.2754  29.130152     4.7848     4.8828    -0.0097    99.4608 1.0000e-12  -74.38584 -110.08974  34.375181      52.01 1.2340e+02    916.602      21999  1030.4628  1030.4604     4.7182     0.0681     0.1122    34.4587    34.4559    7.98359         26 0.0000e+00
    595.000    587.991     0.2781  29.136101     0.2802  29.135484     4.7867     4.8797    -0.0094    99.4892 1.0000e-12  -74.38584 -110.08974  34.375193      99.32 1.2380e+02    917.675      22025  1030.4683  1030.4656     4.7196     0.0696     0.1133    34.4601    34.4570    7.98249         26 0.0000e+00
    596.000    588.978     0.2844  29.143167     0.2865  29.142647     4.7865     4.8777    -0.0102    99.4696 1.0000e-12  -74.38584 -110.08974  34.375205      99.87 1.2447e+02    918.699      22050  1030.4738  1030.4712     4.7187     0.0698     0.1142    34.4617    34.4587    7.98109         23 0.0000e+00
    597.000    589.967     0.2919  29.151644     0.2943  29.151429     4.7792     4.8751    -0.0125    99.4719 1.0000e-12  -74.38584 -110.08974  34.375216      99.87 1.2379e+02    919.658      22073  1030.4797  1030.4771     4.7188     0.0695     0.1150    34.4639    34.4609    7.97942         24 0.0000e+00
    598.000    590.951     0.2961  29.156238     0.2981  29.155601     4.7733     4.8726    -0.0166    99.4726 1.0000e-12  -74.38584 -110.08974  34.375228      99.87 1.2374e+02    920.712      22098  1030.4847  1030.4821     4.7188     0.0696     0.1161    34.4647    34.4616    7.97852         26 0.0000e+00
    599.000    591.939     0.2980  29.158630     0.3002  29.158330     4.7696     4.8717    -0.0162    99.4840 1.0000e-12  -74.38584 -110.08974  34.375241      99.87 1.2451e+02    921.787      22124  1030.4897  1030.4872     4.7193     0.0692     0.1132    34.4651    34.4623    7.97810         24 0.0000e+00
    600.000    592.925     0.3008  29.161988     0.3028  29.161549     4.7678     4.8661    -0.0096    99.4722 1.0000e-12  -74.38584 -110.08974  34.375252      99.86 1.2387e+02    922.749      22147  1030.4948  1030.4923     4.7188     0.0692     0.1160    34.4658    34.4629    7.97748         22 0.0000e+00
    601.000    593.912     0.3051  29.167108     0.3075  29.166903     4.7666     4.8660    -0.0104    99.4759 1.0000e-12  -74.38584 -110.08974  34.375263      99.87 1.2465e+02    923.761      22171  1030.5002  1030.4977     4.7190     0.0696     0.1156    34.4671    34.4642    7.97650         27 0.0000e+00
    602.000    594.899     0.3123  29.175181     0.3147  29.174894     4.7603     4.8666    -0.0102    99.4697 1.0000e-12  -74.38584 -110.08974  34.375276      99.86 1.2469e+02    924.857      22198  1030.5059  1030.5033     4.7186     0.0694     0.1152    34.4690    34.4660    7.97491         26 0.0000e+00
    603.000    595.886     0.3178  29.181279     0.3204  29.181345     4.7541     4.8560    -0.0159    99.4737 1.0000e-12  -74.38584 -110.08974  34.375289      99.87 1.2387e+02    925.944      22224  1030.5112  1030.5088     4.7188     0.0694     0.1170    34.4703    34.4676    7.97370         26 0.0000e+00
    604.000    596.873     0.3341  29.199367     0.3370  29.199310     4.7521     4.8417    -0.0097    99.4756 1.0000e-12  -74.38584 -110.08974  34.375301      72.31 1.2407e+02    927.009      22249  1030.5184  1030.5154     4.7190     0.0675     0.1152    34.4753    34.4719    7.97006         26 0.0000e+00
    605.000    597.858     0.3499  29.216135     0.3527  29.216307     4.7453     4.8421    -0.0175    99.4741 1.0000e-12  -74.38584 -110.08974  34.375313      86.39 1.2487e+02    928.065      22275  1030.5247  1030.5221     4.7188     0.0672     0.1180    34.4790    34.4761    7.96659         24 0.0000e+00
    606.000    598.847     0.3605  29.227566     0.3633  29.227609     4.7471     4.8391    -0.0176    99.4618 1.0000e-12  -74.38584 -110.08974  34.375324      92.34 1.2493e+02    929.020      22297  1030.5305  1030.5278     4.7183     0.0678     0.1163    34.4815    34.4785    7.96425         23 0.0000e+00
    607.000    599.833     0.3653  29.232992     0.3672  29.232338     4.7390     4.8384    -0.0128    99.4580 1.0000e-12  -74.38584 -110.08975  34.375336      99.74 1.2516e+02    930.025      22322  1030.5358  1030.5334     4.7181     0.0689     0.1109    34.4827    34.4797    7.96320         25 0.0000e+00
    608.000    600.819     0.3684  29.236632     0.3709  29.236632     4.7345     4.8327    -0.0096    99.4906 1.0000e-12  -74.38584 -110.08976  34.375348      99.87 1.2516e+02    931.110      22348  1030.5410  1030.5386     4.7196     0.0696     0.1119    34.4834    34.4806    7.96252         26 0.0000e+00
    609.000    601.807     0.3725  29.241558     0.3751  29.241517     4.7326     4.8281    -0.0159    99.4895 1.0000e-12  -74.38584 -110.08976  34.375361      99.87 1.2516e+02    932.190      22374  1030.5465  1030.5439     4.7196     0.0694     0.1152    34.4847    34.4817    7.96160         26 0.0000e+00
    610.000    602.794     0.3819  29.251881     0.3857  29.253110     4.7252     4.8254    -0.0120    99.5081 1.0000e-12  -74.38584 -110.08976  34.375373      99.87 1.2516e+02    933.256      22399  1030.5524  1030.5500     4.7205     0.0701     0.1114    34.4871    34.4845    7.95953         26 0.0000e+00
    611.000    603.779     0.3899  29.260589     0.3921  29.260216     4.7268     4.8230    -0.0092    99.5318 1.0000e-12  -74.38584 -110.08976  34.375386      99.86 1.2516e+02    934.319      22425  1030.5580  1030.5554     4.7216     0.0699     0.1226    34.4890    34.4860    7.95777         25 0.0000e+00
    612.000    604.766     0.3936  29.264921     0.3961  29.264797     4.7185     4.8218    -0.0054    99.5482 1.0000e-12  -74.38584 -110.08976  34.375397      99.87 1.2516e+02    935.300      22448  1030.5632  1030.5607     4.7223     0.0702     0.1104    34.4899    34.4870    7.95695         22 0.0000e+00
    613.000    605.754     0.3961  29.267982     0.3984  29.267655     4.7186     4.8173    -0.0057    99.5496 1.0000e-12  -74.38584 -110.08976  34.375408      99.87 1.2516e+02    936.283      22472  1030.5684  1030.5658     4.7224     0.0703     0.1094    34.4906    34.4876    7.95640         25 0.0000e+00
    614.000    606.739     0.3984  29.270741     0.4009  29.270559     4.7200     4.8198    -0.0087    99.5511 1.0000e-12  -74.38584 -110.08976  34.375421      99.86 1.2516e+02    937.359      22498  1030.5733  1030.5708     4.7225     0.0700     0.1108    34.4910    34.4881    7.95590         27 0.0000e+00
    615.000    607.727     0.4000  29.272777     0.4022  29.272348     4.7134     4.8141    -0.0083    99.5606 1.0000e-12  -74.38584 -110.08976  34.375434      99.87 1.2516e+02    938.456      22524  1030.5783  1030.5757     4.7230     0.0699     0.1113    34.4914    34.4884    7.95556         26 0.0000e+00
    616.000    608.713     0.4040  29.277448     0.4063  29.277178     4.7049     4.8102    -0.0106    99.5743 1.0000e-12  -74.38584 -110.08976  34.375446      99.86 1.2516e+02    939.538      22550  1030.5835  1030.5811     4.7236     0.0695     0.1094    34.4924    34.4895    7.95467         25 0.0000e+00
    617.000    609.699     0.4101  29.284656     0.4130  29.284798     4.7001     4.8034    -0.0097    99.5757 1.0000e-12  -74.38584 -110.08976  34.375458      80.57 1.2516e+02    940.604      22575  1030.5894  1030.5867     4.7237     0.0667     0.1114    34.4945    34.4914    7.95331         26 0.0000e+00
    618.000    610.687     0.4293  29.306002     0.4311  29.304521     4.6924     4.7934    -0.0064    99.5813 1.0000e-12  -74.38584 -110.08976  34.375470      93.73 1.2516e+02    941.623      22600  1030.5969  1030.5937     4.7240     0.0671     0.1137    34.5003    34.4964    7.94902         23 0.0000e+00
    619.000    611.673     0.4509  29.328650     0.4517  29.326594     4.6905     4.7867    -0.0032    99.5762 1.0000e-12  -74.38584 -110.08976  34.375481      98.14 1.2516e+02    942.585      22623  1030.6036  1030.6007     4.7237     0.0699     0.1111    34.5052    34.5017    7.94432         24 0.0000e+00
    620.000    612.660     0.4546  29.332732     0.4562  29.331498     4.6866     4.7787    -0.0094    99.5806 1.0000e-12  -74.38584 -110.08976  34.375494      99.86 1.2516e+02    943.642      22648  1030.6087  1030.6058     4.7240     0.0686     0.1118    34.5059    34.5025    7.94352         26 0.0000e+00
    621.000    613.648     0.4693  29.349096     0.4721  29.348884     4.6714     4.7765    -0.0108    99.5776 1.0000e-12  -74.38584 -110.08976  34.375506      99.87 1.2516e+02    944.728      22674  1030.6155  1030.6126     4.7238     0.0686     0.1095    34.5102    34.5069    7.94025         26 0.0000e+00
    622.000    614.633     0.4782  29.358619     0.4806  29.358160     4.6630     4.7670    -0.0168    99.5919 1.0000e-12  -74.38584 -110.08976  34.375518      99.87 1.2523e+02    945.800      22700  1030.6211  1030.6183     4.7245     0.0692     0.1105    34.5122    34.5089    7.93833         25 0.0000e+00
