ocean_section_plots/required_files/ctd/dnbp2202_ctd073.cnv
* Sea-Bird SBE 9 Data File:
* FileName = D:\Data\raw\NBP2202_CTD073.hex
* Software Version Seasave V 7.26.7.121
* Temperature SN = 1649
* Conductivity SN = 2513
* Number of Bytes Per Scan = 40
* Number of Voltage Words = 5
* Number of Scans Averaged by the Deck Unit = 1
* NMEA Latitude = 74 00.37 S
* NMEA Longitude = 112 40.94 W
* NMEA UTC (Time) = Jan 26 2022  08:13:33
* NMEA baud rate = 9600
** Ship: RVIB N.B. Palmer
** Cruise: NBP2202 Thwaites
** Station: 54
** Operator: B Bjork
# nquan = 25
# nvalues = 913                         
# units = specified
# name 0 = prDM: Pressure, Digiquartz [db]
# name 1 = depSM: Depth [salt water, m]
# name 2 = t090C: Temperature [ITS-90, deg C]
# name 3 = c0mS/cm: Conductivity [mS/cm]
# name 4 = t190C: Temperature, 2 [ITS-90, deg C]
# name 5 = c1mS/cm: Conductivity, 2 [mS/cm]
# name 6 = sbeox0ML/L: Oxygen, SBE 43 [ml/l]
# name 7 = sbeox1ML/L: Oxygen, SBE 43, 2 [ml/l]
# name 8 = flECO-AFL: Fluorescence, WET Labs ECO-AFL/FL [mg/m^3]
# name 9 = CStarTr0: Beam Transmission, WET Labs C-Star [%]
# name 10 = par: PAR/Irradiance, Biospherical/Licor
# name 11 = latitude: Latitude [deg]
# name 12 = longitude: Longitude [deg]
# name 13 = timeJ: Julian Days
# name 14 = altM: Altimeter [m]
# name 15 = spar: SPAR, Biospherical/Licor
# name 16 = timeS: Time, Elapsed [seconds]
# name 17 = scan: Scan Count
# name 18 = density00: Density [density, kg/m^3]
# name 19 = density11: Density, 2 [density, kg/m^3]
# name 20 = sal00: Salinity, Practical [PSU]
# name 21 = sal11: Salinity, Practical, 2 [PSU]
# name 22 = oxsolML/L: Oxygen Saturation, Garcia & Gordon [ml/l]
# name 23 = nbin: number of scans per bin
# name 24 = flag: flag
# span 0 =      2.000,    914.000       
# span 1 =      1.979,    902.562       
# span 2 =    -1.4876,     0.4537       
# span 3 =  27.077142,  29.481087       
# span 4 =    -1.4885,     0.4560       
# span 5 =  27.077028,  29.481031       
# span 6 =     4.6240,     8.8264       
# span 7 =     4.7219,     9.1228       
# span 8 =    -0.0156,    28.0025       
# span 9 =    66.6195,    95.8318       
# span 10 = -8.695e-06, 2.6488e+01      
# span 11 =  -74.00628,  -74.00626      
# span 12 = -112.68250, -112.68246      
# span 13 =  26.344907,  26.357388      
# span 14 =       4.83,     100.04      
# span 15 = 8.9899e+01, 9.3797e+01      
# span 16 =    186.993,   1265.280      
# span 17 =       4489,      30368      
# span 18 =  1027.1925,  1032.0058      
# span 19 =  1027.1954,  1032.0036      
# span 20 =    33.8094,    34.5320      
# span 21 =    33.8117,    34.5294      
# span 22 =    7.94226,    8.39149      
# span 23 =         20,         66      
# span 24 = 0.0000e+00, 0.0000e+00      
# interval = decibars: 1                
# start_time = Jan 26 2022 08:13:33 [NMEA time, header]
# bad_flag = -9.990e-29
*END*
[from data line 696]
    698.000    689.620     0.3619  29.273941     0.3640  29.273673     4.6634     4.7700    -0.0007    95.7132 1.0000e-12  -74.00626 -112.68248  26.354098      99.79 9.1900e+01    981.085      23547  1030.9680  1030.9657    34.4874    34.4847    7.96363         23 0.0000e+00
    699.000    690.607     0.3620  29.274641     0.3641  29.274331     4.6603     4.7716    -0.0072    95.7255 1.0000e-12  -74.00626 -112.68250  26.354110      99.79 9.2097e+01    982.102      23571  1030.9729  1030.9706    34.4876    34.4849    7.96360         25 0.0000e+00
    700.000    691.593     0.3621  29.275254     0.3642  29.274952     4.6568     4.7716    -0.0080    95.7418 1.0000e-12  -74.00626 -112.68248  26.354122      99.79 9.2942e+01    983.129      23596  1030.9776  1030.9753    34.4877    34.4850    7.96357         25 0.0000e+00
    701.000    692.580     0.3623  29.275795     0.3644  29.275539     4.6595     4.7704    -0.0034    95.7297 1.0000e-12  -74.00626 -112.68248  26.354134      99.79 9.2034e+01    984.150      23621  1030.9823  1030.9801    34.4876    34.4850    7.96354         24 0.0000e+00
    702.000    693.566     0.3624  29.276435     0.3645  29.276181     4.6574     4.7686    -0.0004    95.7232 1.0000e-12  -74.00626 -112.68248  26.354145      99.79 9.1963e+01    985.151      23645  1030.9871  1030.9848    34.4877    34.4851    7.96351         24 0.0000e+00
    703.000    694.551     0.3626  29.277016     0.3647  29.276901     4.6563     4.7722     0.0029    95.7211 1.0000e-12  -74.00626 -112.68248  26.354157      99.79 9.1891e+01    986.143      23668  1030.9918  1030.9896    34.4878    34.4853    7.96348         24 0.0000e+00
    704.000    695.538     0.3628  29.277589     0.3648  29.277382     4.6552     4.7699     0.0002    95.7317 1.0000e-12  -74.00626 -112.68248  26.354168      89.83 9.2109e+01    987.136      23692  1030.9964  1030.9942    34.4877    34.4852    7.96344         24 0.0000e+00
    705.000    696.525     0.3628  29.278120     0.3648  29.277889     4.6573     4.7746    -0.0116    95.7489 1.0000e-12  -74.00628 -112.68248  26.354180      89.37 9.2184e+01    988.139      23716  1031.0012  1030.9990    34.4878    34.4853    7.96342         24 0.0000e+00
    706.000    697.511     0.3630  29.278704     0.3649  29.278526     4.6589     4.7724    -0.0144    95.7349 1.0000e-12  -74.00626 -112.68248  26.354192      98.57 9.2184e+01    989.159      23741  1031.0059  1031.0038    34.4878    34.4854    7.96339         24 0.0000e+00
    707.000    698.497     0.3631  29.279364     0.3651  29.279058     4.6607     4.7677    -0.0068    95.7387 1.0000e-12  -74.00626 -112.68248  26.354203      99.80 9.1950e+01    990.175      23765  1031.0107  1031.0084    34.4880    34.4854    7.96336         25 0.0000e+00
    708.000    699.482     0.3633  29.280234     0.3653  29.279840     4.6629     4.7692    -0.0008    95.7458 1.0000e-12  -74.00626 -112.68248  26.354215      99.79 9.2161e+01    991.197      23790  1031.0156  1031.0132    34.4882    34.4856    7.96329         25 0.0000e+00
    709.000    700.472     0.3634  29.280801     0.3653  29.280508     4.6623     4.7698    -0.0004    95.7499 1.0000e-12  -74.00628 -112.68248  26.354227      99.79 9.1888e+01    992.225      23814  1031.0203  1031.0182    34.4884    34.4859    7.96328         25 0.0000e+00
    710.000    701.457     0.3629  29.280869     0.3648  29.280577     4.6642     4.7748    -0.0010    95.7533 1.0000e-12  -74.00628 -112.68248  26.354239      99.79 9.2545e+01    993.262      23839  1031.0251  1031.0230    34.4884    34.4860    7.96337         24 0.0000e+00
    711.000    702.442     0.3602  29.279409     0.3622  29.279250     4.6633     4.7737     0.0070    95.7513 1.0000e-12  -74.00628 -112.68248  26.354251      99.79 9.2046e+01    994.265      23863  1031.0305  1031.0284    34.4890    34.4865    7.96390         23 0.0000e+00
    712.000    703.427     0.3596  29.279610     0.3616  29.279473     4.6631     4.7726    -0.0068    95.7082 1.0000e-12  -74.00628 -112.68248  26.354262      99.79 9.2258e+01    995.230      23887  1031.0356  1031.0335    34.4893    34.4869    7.96401         24 0.0000e+00
    713.000    704.416     0.3597  29.280404     0.3617  29.280160     4.6614     4.7711    -0.0027    95.7066 1.0000e-12  -74.00628 -112.68248  26.354273      99.79 9.2207e+01    996.201      23910  1031.0405  1031.0383    34.4897    34.4872    7.96397         23 0.0000e+00
    714.000    705.401     0.3604  29.281734     0.3623  29.281491     4.6617     4.7708     0.0043    95.7345 1.0000e-12  -74.00628 -112.68248  26.354285      99.79 9.2516e+01    997.207      23934  1031.0454  1031.0433    34.4901    34.4876    7.96381         25 0.0000e+00
    715.000    706.387     0.3612  29.283320     0.3631  29.283076     4.6665     4.7721     0.0069    95.7245 1.0000e-12  -74.00628 -112.68248  26.354296      99.79 9.2696e+01    998.217      23958  1031.0505  1031.0483    34.4907    34.4882    7.96360         24 0.0000e+00
    716.000    707.375     0.3623  29.285295     0.3643  29.284953     4.6613     4.7698     0.0033    95.7350 1.0000e-12  -74.00628 -112.68248  26.354308      99.79 9.2116e+01    999.220      23982  1031.0556  1031.0533    34.4914    34.4887    7.96332         24 0.0000e+00
    717.000    708.359     0.3648  29.288577     0.3669  29.288261     4.6588     4.7706    -0.0042    95.7530 1.0000e-12  -74.00628 -112.68248  26.354320      98.62 9.2164e+01   1000.248      24007  1031.0608  1031.0585    34.4923    34.4896    7.96276         25 0.0000e+00
    718.000    709.346     0.3682  29.292622     0.3703  29.292424     4.6590     4.7693    -0.0054    95.7458 1.0000e-12  -74.00628 -112.68248  26.354332      81.14 9.2806e+01   1001.305      24032  1031.0659  1031.0637    34.4932    34.4907    7.96200         25 0.0000e+00
    719.000    710.333     0.3700  29.295013     0.3723  29.294890     4.6554     4.7676     0.0038    95.7381 1.0000e-12  -74.00628 -112.68248  26.354344      95.60 9.2319e+01   1002.338      24057  1031.0709  1031.0686    34.4938    34.4911    7.96161         24 0.0000e+00
    720.000    711.318     0.3725  29.298446     0.3745  29.297966     4.6618     4.7724     0.0116    95.7534 1.0000e-12  -74.00628 -112.68248  26.354356      99.81 9.2183e+01   1003.318      24081  1031.0762  1031.0738    34.4949    34.4921    7.96102         24 0.0000e+00
    721.000    712.305     0.3743  29.301070     0.3763  29.300832     4.6569     4.7697    -0.0004    95.7429 1.0000e-12  -74.00628 -112.68248  26.354367      99.79 9.2113e+01   1004.288      24104  1031.0815  1031.0793    34.4958    34.4933    7.96062         24 0.0000e+00
    722.000    713.291     0.3755  29.303245     0.3776  29.303063     4.6577     4.7656    -0.0007    95.7405 1.0000e-12  -74.00628 -112.68248  26.354379      99.79 9.2330e+01   1005.307      24128  1031.0868  1031.0845    34.4967    34.4942    7.96032         24 0.0000e+00
    723.000    714.278     0.3759  29.304118     0.3779  29.303882     4.6575     4.7709     0.0067    95.7554 1.0000e-12  -74.00628 -112.68248  26.354391      99.79 9.2448e+01   1006.352      24153  1031.0916  1031.0893    34.4969    34.4943    7.96023         25 0.0000e+00
    724.000    715.264     0.3760  29.304835     0.3780  29.304588     4.6556     4.7722    -0.0005    95.7424 1.0000e-12  -74.00628 -112.68248  26.354402      99.79 9.2105e+01   1007.373      24178  1031.0964  1031.0942    34.4970    34.4945    7.96018         24 0.0000e+00
    725.000    716.248     0.3764  29.305984     0.3784  29.305668     4.6548     4.7710    -0.0007    95.7415 1.0000e-12  -74.00628 -112.68248  26.354414      99.79 9.2483e+01   1008.368      24202  1031.1014  1031.0992    34.4975    34.4949    7.96008         24 0.0000e+00
    726.000    717.236     0.3768  29.306991     0.3788  29.306809     4.6589     4.7711    -0.0007    95.7704 1.0000e-12  -74.00628 -112.68248  26.354425      99.79 9.2405e+01   1009.352      24225  1031.1064  1031.1042    34.4979    34.4954    7.95998         24 0.0000e+00
    727.000    718.223     0.3769  29.307639     0.3790  29.307354     4.6546     4.7739    -0.0004    95.7619 1.0000e-12  -74.00628 -112.68248  26.354437      99.79 9.2331e+01   1010.355      24250  1031.1112  1031.1089    34.4980    34.4953    7.95995         24 0.0000e+00
    728.000    719.210     0.3775  29.308854     0.3796  29.308600     4.6546     4.7713    -0.0048    95.7665 1.0000e-12  -74.00628 -112.68248  26.354449      99.79 9.2234e+01   1011.381      24274  1031.1161  1031.1138    34.4983    34.4957    7.95980         25 0.0000e+00
    729.000    720.194     0.3782  29.310154     0.3803  29.309942     4.6603     4.7633    -0.0080    95.7623 1.0000e-12  -74.00628 -112.68248  26.354461      99.79 9.2799e+01   1012.418      24299  1031.1210  1031.1188    34.4987    34.4961    7.95964         25 0.0000e+00
    730.000    721.181     0.3784  29.310755     0.3806  29.310685     4.6598     4.7632    -0.0050    95.7371 1.0000e-12  -74.00628 -112.68248  26.354473      80.27 9.2698e+01   1013.441      24324  1031.1257  1031.1235    34.4987    34.4962    7.95961         24 0.0000e+00
    731.000    722.167     0.3793  29.312365     0.3811  29.311803     4.6557     4.7674     0.0021    95.7491 1.0000e-12  -74.00628 -112.68248  26.354484      88.46 9.2847e+01   1014.448      24348  1031.1307  1031.1284    34.4992    34.4965    7.95939         24 0.0000e+00
    732.000    723.153     0.3804  29.314209     0.3824  29.313891     4.6622     4.7702     0.0048    95.7469 1.0000e-12  -74.00628 -112.68248  26.354496      99.85 9.2328e+01   1015.443      24372  1031.1358  1031.1335    34.4998    34.4972    7.95912         24 0.0000e+00
    733.000    724.140     0.3806  29.314879     0.3826  29.314674     4.6572     4.7699     0.0018    95.7736 1.0000e-12  -74.00628 -112.68248  26.354507      99.79 9.2551e+01   1016.435      24395  1031.1405  1031.1383    34.4999    34.4973    7.95908         24 0.0000e+00
    734.000    725.125     0.3813  29.316498     0.3833  29.316194     4.6548     4.7716     0.0127    95.7737 1.0000e-12  -74.00628 -112.68248  26.354519      99.79 9.2698e+01   1017.432      24419  1031.1458  1031.1435    34.5006    34.4981    7.95890         24 0.0000e+00
    735.000    726.112     0.3819  29.317862     0.3838  29.317472     4.6539     4.7707    -0.0083    95.7737 1.0000e-12  -74.00628 -112.68248  26.354530      99.79 9.2992e+01   1018.436      24443  1031.1508  1031.1486    34.5012    34.4985    7.95874         24 0.0000e+00
    736.000    727.098     0.3825  29.319363     0.3845  29.319115     4.6518     4.7686    -0.0086    95.7644 1.0000e-12  -74.00628 -112.68248  26.354542      99.79 9.2870e+01   1019.452      24468  1031.1560  1031.1538    34.5019    34.4993    7.95858         25 0.0000e+00
    737.000    728.084     0.3823  29.319850     0.3843  29.319677     4.6570     4.7721    -0.0084    95.7672 1.0000e-12  -74.00628 -112.68248  26.354554      99.79 9.2480e+01   1020.475      24492  1031.1610  1031.1588    34.5022    34.4997    7.95861         24 0.0000e+00
    738.000    729.071     0.3816  29.319722     0.3836  29.319558     4.6628     4.7744    -0.0003    95.7625 1.0000e-12  -74.00628 -112.68248  26.354566      99.79 9.3055e+01   1021.467      24516  1031.1658  1031.1636    34.5022    34.4998    7.95875         23 0.0000e+00
    739.000    730.056     0.3815  29.320141     0.3834  29.319742     4.6619     4.7671    -0.0004    95.7695 1.0000e-12  -74.00628 -112.68248  26.354577      99.79 9.3066e+01   1022.447      24540  1031.1705  1031.1683    34.5023    34.4997    7.95876         24 0.0000e+00
    740.000    731.044     0.3816  29.320734     0.3836  29.320381     4.6592     4.7720    -0.0004    95.7736 1.0000e-12  -74.00628 -112.68248  26.354589      99.79 9.3150e+01   1023.448      24564  1031.1752  1031.1730    34.5024    34.4997    7.95874         25 0.0000e+00
    741.000    732.029     0.3818  29.321231     0.3836  29.320820     4.6621     4.7657     0.0002    95.7777 1.0000e-12  -74.00628 -112.68248  26.354601      99.79 9.2942e+01   1024.489      24589  1031.1799  1031.1777    34.5023    34.4997    7.95871         25 0.0000e+00
    742.000    733.015     0.3812  29.321132     0.3831  29.320979     4.6581     4.7669     0.0108    95.7778 1.0000e-12  -74.00628 -112.68248  26.354613      99.79 9.3010e+01   1025.551      24614  1031.1846  1031.1825    34.5023    34.4999    7.95884         25 0.0000e+00
    743.000    734.000     0.3801  29.320915     0.3820  29.320701     4.6590     4.7710     0.0075    95.7623 1.0000e-12  -74.00628 -112.68247  26.354625      87.97 9.2939e+01   1026.583      24639  1031.1897  1031.1875    34.5026    34.5002    7.95904         25 0.0000e+00
    744.000    734.987     0.3804  29.322206     0.3825  29.321949     4.6597     4.7708     0.0024    95.7630 1.0000e-12  -74.00628 -112.68247  26.354636      91.24 9.2991e+01   1027.587      24663  1031.1949  1031.1926    34.5034    34.5007    7.95893         24 0.0000e+00
    745.000    735.975     0.3812  29.323687     0.3831  29.323387     4.6601     4.7688     0.0045    95.7857 1.0000e-12  -74.00628 -112.68247  26.354648      98.23 9.3357e+01   1028.610      24688  1031.1999  1031.1977    34.5038    34.5013    7.95874         25 0.0000e+00
    746.000    736.958     0.3818  29.325278     0.3838  29.325026     4.6630     4.7616    -0.0021    95.7908 1.0000e-12  -74.00628 -112.68247  26.354660      99.75 9.3069e+01   1029.634      24712  1031.2052  1031.2029    34.5047    34.5021    7.95857         24 0.0000e+00
    747.000    737.947     0.3822  29.326284     0.3841  29.326035     4.6629     4.7591    -0.0096    95.7872 1.0000e-12  -74.00628 -112.68247  26.354672      99.79 9.2820e+01   1030.625      24736  1031.2101  1031.2080    34.5050    34.5025    7.95848         23 0.0000e+00
    748.000    738.931     0.3824  29.327158     0.3844  29.326925     4.6602     4.7673    -0.0156    95.7849 1.0000e-12  -74.00628 -112.68247  26.354683      99.79 9.2820e+01   1031.581      24759  1031.2150  1031.2129    34.5053    34.5028    7.95842         23 0.0000e+00
    749.000    739.918     0.3824  29.327618     0.3844  29.327441     4.6614     4.7692    -0.0016    95.7960 1.0000e-12  -74.00628 -112.68247  26.354694      99.79 9.3206e+01   1032.545      24782  1031.2196  1031.2176    34.5053    34.5029    7.95841         24 0.0000e+00
    750.000    740.904     0.3824  29.328140     0.3845  29.327917     4.6565     4.7700    -0.0007    95.7994 1.0000e-12  -74.00628 -112.68247  26.354706      99.79 9.3357e+01   1033.564      24807  1031.2244  1031.2222    34.5054    34.5028    7.95840         25 0.0000e+00
    751.000    741.891     0.3826  29.328708     0.3846  29.328487     4.6571     4.7697    -0.0004    95.7717 1.0000e-12  -74.00628 -112.68247  26.354718      99.79 9.3433e+01   1034.643      24832  1031.2291  1031.2269    34.5054    34.5028    7.95837         26 0.0000e+00
    752.000    742.875     0.3828  29.329313     0.3848  29.329219     4.6625     4.7702    -0.0063    95.7674 1.0000e-12  -74.00628 -112.68247  26.354730      99.79 9.3433e+01   1035.716      24858  1031.2337  1031.2317    34.5053    34.5030    7.95832         25 0.0000e+00
    753.000    743.862     0.3829  29.329961     0.3849  29.329799     4.6652     4.7710    -0.0031    95.7651 1.0000e-12  -74.00628 -112.68247  26.354742      99.79 9.3433e+01   1036.737      24883  1031.2385  1031.2364    34.5055    34.5031    7.95829         24 0.0000e+00
    754.000    744.848     0.3830  29.330445     0.3850  29.330264     4.6612     4.7708    -0.0106    95.7670 1.0000e-12  -74.00628 -112.68247  26.354754      99.80 9.3433e+01   1037.714      24906  1031.2431  1031.2411    34.5054    34.5030    7.95827         23 0.0000e+00
