ocean_section_plots/required_files/ctd/dnbp2202_ctd237.cnv
* Sea-Bird SBE 9 Data File:
* FileName = D:\Data\raw\NBP2202_CTD237.hex
* Software Version Seasave V 7.26.7.121
* Temperature SN = 1649
* Conductivity SN = 2513
* Number of Bytes Per Scan = 40
* Number of Voltage Words = 5
* Number of Scans Averaged by the Deck Unit = 1
* NMEA Latitude = 73 46.95 S
* NMEA Longitude = 118 29.97 W
* NMEA UTC (Time) = Feb 13 2022  22:43:28
* NMEA baud rate = 9600
** Ship: RVIB N.B. Palmer
** Cruise: NBP2202 Thwaites
** Station: 147
** Operator: A. Robinson
# nquan = 28
# nvalues = 1078                        
# units = specified
# name 0 = prDM: Pressure, Digiquartz [db]
# name 1 = depSM: Depth [salt water, m]
# name 2 = t090C: Temperature [ITS-90, deg C]
# name 3 = c0mS/cm: Conductivity [mS/cm]
# name 4 = t190C: Temperature, 2 [ITS-90, deg C]
# name 5 = c1mS/cm: Conductivity, 2 [mS/cm]
# name 6 = sbeox0ML/L: Oxygen, SBE 43 [ml/l]
# name 7 = sbeox1ML/L: Oxygen, SBE 43, 2 [ml/l]
# name 8 = flECO-AFL: Fluorescence, WET Labs ECO-AFL/FL [mg/m^3]
# name 9 = CStarTr0: Beam Transmission, WET Labs C-Star [%]
# name 10 = par: PAR/Irradiance, Biospherical/Licor
# name 11 = latitude: Latitude [deg]
# name 12 = longitude: Longitude [deg]
# name 13 = timeJ: Julian Days
# name 14 = altM: Altimeter [m]
# name 15 = spar: SPAR, Biospherical/Licor
# name 16 = timeS: Time, Elapsed [seconds]
# name 17 = scan: Scan Count
# name 18 = density00: Density [density, kg/m^3]
# name 19 = density11: Density, 2 [density, kg/m^3]
# name 20 = v3: Voltage 3
# name 21 = v4: Voltage 4
# name 22 = v5: Voltage 5
# name 23 = sal00: Salinity, Practical [PSU]
# name 24 = sal11: Salinity, Practical, 2 [PSU]
# name 25 = oxsolML/L: Oxygen Saturation, Garcia & Gordon [ml/l]
# name 26 = nbin: number of scans per bin
# name 27 = flag: flag
# span 0 =      3.000,   1080.000       
# span 1 =      2.958,   1066.073       
# span 2 =    -1.7414,     0.4993       
# span 3 =  27.022478,  29.583360       
# span 4 =    -1.7411,     0.5013       
# span 5 =  27.022377,  29.583682       
# span 6 =     4.6508,     9.0783       
# span 7 =     4.7911,     9.3552       
# span 8 =     0.0286,    13.2622       
# span 9 =    84.0291,    97.3253       
# span 10 = 1.0000e-12, 6.0254e+02      
# span 11 =  -73.78254,  -73.78252      
# span 12 = -118.49953, -118.49944      
# span 13 =  44.948482,  44.963191      
# span 14 =       6.65,     100.49      
# span 15 = 1.6192e+03, 1.7160e+03      
# span 16 =    140.805,   1411.696      
# span 17 =       3380,      33882      
# span 18 =  1027.1818,  1032.7693      
# span 19 =  1027.1896,  1032.7676      
# span 20 =     3.9867,     4.6170      
# span 21 =     0.0710,     2.2535      
# span 22 =     0.1058,     0.2039      
# span 23 =    33.8424,    34.5260      
# span 24 =    33.8507,    34.5240      
# span 25 =    7.93324,    8.44190      
# span 26 =          2,         65      
# span 27 = 0.0000e+00, 0.0000e+00      
# interval = decibars: 1                
# start_time = Feb 13 2022 22:43:28 [NMEA time, header]
# bad_flag = -9.990e-29
*END*
[from data line 208]
    211.000    208.713    -1.6660  27.024067    -1.6663  27.024001     6.3830     6.6058     0.6814    95.6503 1.0000e-12  -73.78252 -118.49948  44.952170      99.66 1.6757e+03    459.474      11028  1028.4138  1028.4139     4.5376     0.2814     0.1213    34.0416    34.0418    8.42874         24 0.0000e+00
    212.000    209.703    -1.6653  27.025235    -1.6657  27.025291     6.3872     6.6081     0.5351    95.7256 1.0000e-12  -73.78254 -118.49948  44.952180      99.66 1.6759e+03    460.375      11050  1028.4186  1028.4191     4.5411     0.2071     0.1282    34.0418    34.0423    8.42857         20 0.0000e+00
    213.000    210.691    -1.6673  27.024569    -1.6678  27.024389     6.3929     6.6166     0.5410    95.5405 1.0000e-12  -73.78254 -118.49950  44.952189      99.67 1.6783e+03    461.160      11069  1028.4241  1028.4244     4.5323     0.2527     0.1337    34.0425    34.0428    8.42898         18 0.0000e+00
    214.000    211.680    -1.6698  27.023456    -1.6700  27.023415     6.4067     6.6265     1.1216    95.3569 1.0000e-12  -73.78254 -118.49949  44.952198      99.66 1.6783e+03    461.937      11087  1028.4296  1028.4297     4.5237     0.2209     0.1273    34.0432    34.0434    8.42951         20 0.0000e+00
    215.000    212.668    -1.6694  27.024652    -1.6697  27.024608     6.4204     6.6382     0.9680    95.3897 1.0000e-12  -73.78254 -118.49949  44.952209      99.66 1.6795e+03    462.827      11109  1028.4348  1028.4349     4.5252     0.3243     0.1273    34.0438    34.0440    8.42938         24 0.0000e+00
    216.000    213.657    -1.6694  27.025609    -1.6697  27.025460     6.4273     6.6401     1.8350    95.6212 1.0000e-12  -73.78254 -118.49949  44.952222      99.66 1.6759e+03    463.981      11137  1028.4401  1028.4401     4.5362     0.2599     0.1270    34.0445    34.0446    8.42934         30 0.0000e+00
    217.000    214.645    -1.6733  27.023573    -1.6737  27.023540     6.4312     6.6445     1.2959    95.6319 1.0000e-12  -73.78254 -118.49950  44.952236      99.65 1.6744e+03    465.186      11165  1028.4459  1028.4462     4.5367     0.2963     0.1307    34.0455    34.0459    8.43017         28 0.0000e+00
    218.000    215.635    -1.6734  27.025410    -1.6737  27.025357     6.4397     6.6525     2.6564    95.8055 1.0000e-12  -73.78254 -118.49948  44.952248      99.67 1.6770e+03    466.239      11191  1028.4523  1028.4525     4.5449     0.1841     0.1220    34.0476    34.0478    8.43007         23 0.0000e+00
    219.000    216.624    -1.6715  27.027991    -1.6717  27.028010     6.4470     6.6612     1.3682    95.9124 1.0000e-12  -73.78254 -118.49950  44.952259      99.66 1.6780e+03    467.167      11213  1028.4576  1028.4578     4.5500     0.2961     0.1246    34.0483    34.0486    8.42959         21 0.0000e+00
    220.000    217.609    -1.6700  27.030544    -1.6701  27.030490     6.4519     6.6735     0.9886    95.3723 1.0000e-12  -73.78254 -118.49950  44.952269      99.66 1.6768e+03    468.027      11234  1028.4632  1028.4632     4.5244     0.3463     0.1258    34.0495    34.0495    8.42917         20 0.0000e+00
    221.000    218.601    -1.6689  27.032278    -1.6692  27.032147     6.4704     6.6899     0.9496    95.6261 1.0000e-12  -73.78254 -118.49950  44.952279      99.66 1.6758e+03    468.883      11254  1028.4684  1028.4685     4.5364     0.2671     0.1318    34.0501    34.0501    8.42890         22 0.0000e+00
    222.000    219.588    -1.6679  27.033968    -1.6681  27.033973     6.4996     6.7163     0.7461    95.2548 1.0000e-12  -73.78254 -118.49950  44.952290      99.22 1.6765e+03    469.843      11277  1028.4735  1028.4737     4.5190     0.2045     0.1250    34.0506    34.0508    8.42863         25 0.0000e+00
    223.000    220.578    -1.6664  27.037133    -1.6665  27.037137     6.5503     6.7632     0.5598    95.9682 1.0000e-12  -73.78254 -118.49950  44.952302      99.57 1.6767e+03    470.933      11303  1028.4799  1028.4800     4.5524     0.2938     0.1232    34.0526    34.0528    8.42817         27 0.0000e+00
    224.000    221.565    -1.6644  27.040058    -1.6646  27.040002     6.6230     6.8250     0.9781    95.7298 1.0000e-12  -73.78254 -118.49950  44.952316      99.67 1.6777e+03    472.068      11331  1028.4855  1028.4856     4.5413     0.2691     0.1266    34.0538    34.0539    8.42765         26 0.0000e+00
    225.000    222.555    -1.6626  27.043278    -1.6628  27.043293     6.6778     6.8782     0.6570    95.6427 1.0000e-12  -73.78254 -118.49950  44.952328      99.67 1.6779e+03    473.140      11356  1028.4916  1028.4918     4.5372     0.1984     0.1262    34.0555    34.0558    8.42712         25 0.0000e+00
    226.000    223.543    -1.6647  27.043779    -1.6650  27.043601     6.6859     6.8965     0.8098    95.8901 1.0000e-12  -73.78252 -118.49950  44.952340      99.67 1.6731e+03    474.153      11381  1028.4986  1028.4986     4.5489     0.2705     0.1283    34.0581    34.0581    8.42746         24 0.0000e+00
    227.000    224.531    -1.6744  27.037791    -1.6748  27.037804     6.6744     6.8870     0.7759    95.3956 1.0000e-12  -73.78252 -118.49950  44.952351      99.66 1.6690e+03    475.104      11404  1028.5057  1028.5062     4.5255     0.2589     0.1340    34.0602    34.0607    8.42953         22 0.0000e+00
    228.000    225.520    -1.6780  27.036698    -1.6782  27.036642     6.6545     6.8741     0.8054    95.6139 1.0000e-12  -73.78252 -118.49950  44.952361      99.67 1.6730e+03    475.998      11425  1028.5123  1028.5124     4.5358     0.1851     0.1278    34.0621    34.0623    8.43023         21 0.0000e+00
    229.000    226.509    -1.6795  27.036354    -1.6799  27.036211     6.6450     6.8671     0.9162    95.5993 1.0000e-12  -73.78252 -118.49950  44.952372      99.66 1.6751e+03    476.905      11447  1028.5177  1028.5179     4.5351     0.2786     0.1320    34.0628    34.0630    8.43054         23 0.0000e+00
    230.000    227.498    -1.6793  27.037082    -1.6796  27.036884     6.6283     6.8523     0.8343    95.5954 1.0000e-12  -73.78252 -118.49950  44.952383      99.67 1.6785e+03    477.913      11471  1028.5225  1028.5226     4.5349     0.2942     0.1270    34.0629    34.0630    8.43048         26 0.0000e+00
    231.000    228.485    -1.6790  27.037759    -1.6792  27.037688     6.6135     6.8431     0.9143    95.5651 1.0000e-12  -73.78252 -118.49950  44.952397      99.66 1.6743e+03    479.084      11499  1028.5273  1028.5274     4.5335     0.2124     0.1277    34.0629    34.0631    8.43042         28 0.0000e+00
    232.000    229.475    -1.6800  27.037852    -1.6801  27.037835     6.6037     6.8259     0.9126    95.3703 1.0000e-12  -73.78252 -118.49950  44.952409      86.55 1.6636e+03    480.170      11525  1028.5326  1028.5327     4.5243     0.3744     0.1358    34.0636    34.0637    8.43060         24 0.0000e+00
    233.000    230.463    -1.6807  27.038311    -1.6808  27.038302     6.5801     6.8120     0.8051    95.3212 1.0000e-12  -73.78252 -118.49950  44.952420      96.27 1.6629e+03    481.086      11547  1028.5381  1028.5382     4.5219     0.2910     0.1339    34.0643    34.0645    8.43071         21 0.0000e+00
    234.000    231.452    -1.6822  27.038156    -1.6823  27.038116     6.5656     6.7944     0.8047    95.0306 1.0000e-12  -73.78252 -118.49950  44.952430      99.62 1.6736e+03    481.927      11567  1028.5437  1028.5437     4.5082     0.1731     0.1270    34.0652    34.0653    8.43100         20 0.0000e+00
    235.000    232.440    -1.6825  27.039680    -1.6827  27.039543     6.5582     6.7848     0.7281    94.9628 1.0000e-12  -73.78252 -118.49950  44.952440      90.10 1.6785e+03    482.796      11588  1028.5499  1028.5499     4.5049     0.2059     0.1293    34.0671    34.0671    8.43096         22 0.0000e+00
    236.000    233.429    -1.6835  27.039774    -1.6837  27.039693     6.5547     6.7827     0.9101    95.3136 1.0000e-12  -73.78252 -118.49950  44.952452      99.51 1.6769e+03    483.813      11613  1028.5553  1028.5554     4.5216     0.2162     0.1299    34.0677    34.0678    8.43115         27 0.0000e+00
    237.000    234.417    -1.6844  27.039614    -1.6845  27.039480     6.5531     6.7876     0.6776    95.2695 1.0000e-12  -73.78252 -118.49951  44.952466      99.66 1.6734e+03    485.024      11642  1028.5603  1028.5602     4.5195     0.2749     0.1285    34.0679    34.0678    8.43135         30 0.0000e+00
    238.000    235.405    -1.6847  27.039921    -1.6848  27.039915     6.5618     6.7911     0.8466    94.3916 1.0000e-12  -73.78252 -118.49950  44.952478      99.66 1.6645e+03    486.136      11668  1028.5651  1028.5653     4.4779     0.3278     0.1336    34.0680    34.0682    8.43140         23 0.0000e+00
    239.000    236.395    -1.6849  27.040309    -1.6850  27.040273     6.5569     6.7901     1.0384    94.9683 1.0000e-12  -73.78252 -118.49952  44.952489      99.67 1.6670e+03    487.038      11690  1028.5700  1028.5701     4.5052     0.2402     0.1325    34.0681    34.0683    8.43144         20 0.0000e+00
    240.000    237.382    -1.6852  27.040618    -1.6853  27.040537     6.5594     6.7921     0.7862    94.9397 1.0000e-12  -73.78252 -118.49951  44.952498      99.66 1.6738e+03    487.850      11709  1028.5749  1028.5750     4.5039     0.2133     0.1289    34.0683    34.0683    8.43150         20 0.0000e+00
    241.000    238.371    -1.6854  27.040977    -1.6855  27.040856     6.5584     6.7880     1.0218    94.5736 1.0000e-12  -73.78252 -118.49951  44.952508      99.67 1.6770e+03    488.698      11730  1028.5798  1028.5798     4.4865     0.2254     0.1308    34.0684    34.0683    8.43154         22 0.0000e+00
    242.000    239.360    -1.6857  27.041119    -1.6858  27.040891     6.5587     6.7816     1.8353    94.7930 1.0000e-12  -73.78252 -118.49952  44.952520      99.67 1.6754e+03    489.748      11755  1028.5846  1028.5844     4.4969     0.2489     0.1267    34.0683    34.0682    8.43161         29 0.0000e+00
    243.000    240.349    -1.6875  27.040455    -1.6876  27.040368     6.5436     6.7759     1.5669    94.9223 1.0000e-12  -73.78252 -118.49952  44.952535      99.67 1.6749e+03    490.995      11785  1028.5899  1028.5899     4.5031     0.2278     0.1275    34.0689    34.0688    8.43200         29 0.0000e+00
    244.000    241.336    -1.6897  27.039718    -1.6897  27.039783     6.5414     6.7736     0.8775    95.1477 1.0000e-12  -73.78252 -118.49952  44.952547      99.67 1.6729e+03    492.080      11811  1028.5954  1028.5955     4.5137     0.2272     0.1314    34.0697    34.0698    8.43244         22 0.0000e+00
    245.000    242.326    -1.6906  27.039596    -1.6908  27.039532     6.5360     6.7770     0.8976    95.2270 1.0000e-12  -73.78252 -118.49952  44.952557      99.67 1.6722e+03    492.959      11832  1028.6006  1028.6007     4.5175     0.1846     0.1298    34.0700    34.0701    8.43264         21 0.0000e+00
    246.000    243.313    -1.6933  27.038722    -1.6933  27.038723     6.5294     6.7658     1.0310    95.3186 1.0000e-12  -73.78252 -118.49952  44.952567      99.67 1.6743e+03    493.804      11852  1028.6065  1028.6064     4.5218     0.1996     0.1289    34.0712    34.0712    8.43317         20 0.0000e+00
    247.000    244.302    -1.6949  27.038438    -1.6950  27.038350     6.5308     6.7531     1.2415    94.9958 1.0000e-12  -73.78252 -118.49952  44.952578      99.67 1.6742e+03    494.720      11874  1028.6120  1028.6119     4.5065     0.2130     0.1360    34.0720    34.0720    8.43349         24 0.0000e+00
    248.000    245.292    -1.6954  27.038746    -1.6953  27.038678     6.5192     6.7487     0.9499    95.2436 1.0000e-12  -73.78252 -118.49952  44.952590      98.96 1.6703e+03    495.770      11899  1028.6170  1028.6169     4.5182     0.2007     0.1249    34.0723    34.0722    8.43357         26 0.0000e+00
    249.000    246.280    -1.6964  27.038714    -1.6964  27.038687     6.5137     6.7436     0.9403    95.0604 1.0000e-12  -73.78252 -118.49952  44.952603      93.93 1.6707e+03    496.867      11926  1028.6223  1028.6222     4.5096     0.2461     0.1277    34.0728    34.0729    8.43378         26 0.0000e+00
    250.000    247.268    -1.7004  27.036784    -1.7005  27.036753     6.5115     6.7384     1.0451    95.3957 1.0000e-12  -73.78252 -118.49952  44.952615      99.76 1.6728e+03    497.912      11951  1028.6283  1028.6284     4.5255     0.2565     0.1308    34.0741    34.0742    8.43460         24 0.0000e+00
    251.000    248.257    -1.7041  27.035335    -1.7042  27.035111     6.5166     6.7405     1.0225    95.5941 1.0000e-12  -73.78252 -118.49952  44.952625      99.67 1.6750e+03    498.847      11973  1028.6346  1028.6345     4.5349     0.2863     0.1262    34.0758    34.0755    8.43536         21 0.0000e+00
    252.000    249.243    -1.7059  27.034716    -1.7059  27.034603     6.5041     6.7248     0.9580    95.4139 1.0000e-12  -73.78252 -118.49952  44.952636      99.68 1.6732e+03    499.738      11995  1028.6399  1028.6398     4.5263     0.2336     0.1258    34.0763    34.0762    8.43573         22 0.0000e+00
    253.000    250.234    -1.7080  27.034166    -1.7081  27.034056     6.5032     6.7225     0.9883    95.0581 1.0000e-12  -73.78252 -118.49952  44.952647      99.66 1.6708e+03    500.719      12018  1028.6456  1028.6456     4.5095     0.2062     0.1261    34.0773    34.0773    8.43615         26 0.0000e+00
    254.000    251.222    -1.7095  27.034002    -1.7094  27.033996     6.4934     6.7159     1.2170    94.9551 1.0000e-12  -73.78252 -118.49952  44.952660      99.68 1.6702e+03    501.825      12045  1028.6511  1028.6511     4.5045     0.2245     0.1236    34.0781    34.0780    8.43643         27 0.0000e+00
    255.000    252.210    -1.7083  27.036106    -1.7082  27.035925     6.4826     6.7128     1.2239    94.6106 1.0000e-12  -73.78252 -118.49952  44.952673      99.68 1.6719e+03    502.920      12071  1028.6566  1028.6563     4.4883     0.2520     0.1258    34.0791    34.0787    8.43611         25 0.0000e+00
    256.000    253.199    -1.7057  27.039779    -1.7057  27.039671     6.4721     6.6954     0.9790    94.7412 1.0000e-12  -73.78252 -118.49952  44.952684      99.67 1.6747e+03    503.883      12094  1028.6624  1028.6623     4.4945     0.1977     0.1221    34.0806    34.0805    8.43543         21 0.0000e+00
    257.000    254.187    -1.7044  27.041999    -1.7045  27.041857     6.4613     6.6855     0.8619    95.0133 1.0000e-12  -73.78252 -118.49952  44.952694      99.67 1.6763e+03    504.753      12115  1028.6679  1028.6678     4.5073     0.1879     0.1284    34.0816    34.0815    8.43508         21 0.0000e+00
    258.000    255.176    -1.7022  27.045472    -1.7021  27.045355     6.4510     6.6827     1.2110    94.8257 1.0000e-12  -73.78252 -118.49952  44.952704      99.65 1.6729e+03    505.589      12135  1028.6739  1028.6737     4.4985     0.3599     0.1310    34.0832    34.0830    8.43447         20 0.0000e+00
    259.000    256.164    -1.7008  27.047917    -1.7003  27.048086     6.4494     6.6782     1.0130    95.1421 1.0000e-12  -73.78252 -118.49952  44.952714      99.65 1.6726e+03    506.520      12157  1028.6795  1028.6792     4.5134     0.4373     0.1268    34.0844    34.0840    8.43408         25 0.0000e+00
    260.000    257.152    -1.6996  27.049281    -1.6996  27.049231     6.4496     6.6763     0.6814    95.4549 1.0000e-12  -73.78252 -118.49952  44.952728      99.67 1.6716e+03    507.694      12186  1028.6842  1028.6841     4.5283     0.1936     0.1271    34.0843    34.0842    8.43382         31 0.0000e+00
