ocean_section_plots/required_files/ctd/dnbp2202_ctd059.cnv
* Sea-Bird SBE 9 Data File:
* FileName = D:\Data\raw\NBP2202_CTD059.hex
* Software Version Seasave V 7.26.7.121
* Temperature SN = 1649
* Conductivity SN = 2513
* Number of Bytes Per Scan = 40
* Number of Voltage Words = 5
* Number of Scans Averaged by the Deck Unit = 1
* NMEA Latitude = 74 07.53 S
* NMEA Longitude = 111 43.37 W
* NMEA UTC (Time) = Jan 25 2022  08:59:56
* NMEA baud rate = 9600
** Ship: RVIB N.B. Palmer
** Cruise: NBP2202 Thwaites
** Station: 40
** Operator: B.Bjork
# nquan = 25
# nvalues = 285                         
# units = specified
# name 0 = prDM: Pressure, Digiquartz [db]
# name 1 = depSM: Depth [salt water, m]
# name 2 = t090C: Temperature [ITS-90, deg C]
# name 3 = c0mS/cm: Conductivity [mS/cm]
# name 4 = t190C: Temperature, 2 [ITS-90, deg C]
# name 5 = c1mS/cm: Conductivity, 2 [mS/cm]
# name 6 = sbeox0ML/L: Oxygen, SBE 43 [ml/l]
# name 7 = sbeox1ML/L: Oxygen, SBE 43, 2 [ml/l]
# name 8 = flECO-AFL: Fluorescence, WET Labs ECO-AFL/FL [mg/m^3]
# name 9 = CStarTr0: Beam Transmission, WET Labs C-Star [%]
# name 10 = par: PAR/Irradiance, Biospherical/Licor
# name 11 = latitude: Latitude [deg]
# name 12 = longitude: Longitude [deg]
# name 13 = timeJ: Julian Days
# name 14 = altM: Altimeter [m]
# name 15 = spar: SPAR, Biospherical/Licor
# name 16 = timeS: Time, Elapsed [seconds]
# name 17 = scan: Scan Count
# name 18 = density00: Density [density, kg/m^3]
# name 19 = density11: Density, 2 [density, kg/m^3]
# name 20 = sal00: Salinity, Practical [PSU]
# name 21 = sal11: Salinity, Practical, 2 [PSU]
# name 22 = oxsolML/L: Oxygen Saturation, Garcia & Gordon [ml/l]
# name 23 = nbin: number of scans per bin
# name 24 = flag: flag
# span 0 =      2.000,    286.000       
# span 1 =      1.979,    282.849       
# span 2 =    -1.6734,    -1.1828       
# span 3 =  26.911170,  27.275086       
# span 4 =    -1.6731,    -1.1844       
# span 5 =  26.910937,  27.274768       
# span 6 =     6.1925,     7.8054       
# span 7 =     6.4830,     8.1742       
# span 8 =     0.0360,    19.5427       
# span 9 =    75.4384,    96.7604       
# span 10 = -1.079e-06, 1.0045e+01      
# span 11 =  -74.12550,  -74.12550      
# span 12 = -111.72290, -111.72286      
# span 13 =  25.377552,  25.383218      
# span 14 =     -27.75,     101.76      
# span 15 = 3.6964e+01, 4.3112e+01      
# span 16 =    224.520,    714.032      
# span 17 =       5389,      17138      
# span 18 =  1027.2054,  1028.7687      
# span 19 =  1027.2071,  1028.7672      
# span 20 =    33.8105,    34.0484      
# span 21 =    33.8120,    34.0467      
# span 22 =    8.33364,    8.43675      
# span 23 =         18,         48      
# span 24 = 0.0000e+00, 0.0000e+00      
# interval = decibars: 1                
# start_time = Jan 25 2022 08:59:56 [NMEA time, header]
# bad_flag = -9.990e-29
*END*
[from data line 174]
    176.000    174.105    -1.5577  27.056601    -1.5574  27.056047     6.4678     6.7745     0.5855    96.0943 1.0000e-12  -74.12550 -111.72288  25.381061      99.89 3.7723e+01    527.674      12665  1028.1953  1028.1943    33.9849    33.9838    8.40757         26 0.0000e+00
    177.000    175.093    -1.5574  27.057347    -1.5572  27.056645     6.4732     6.7794     0.4831    95.9979 1.0000e-12  -74.12550 -111.72288  25.381074      99.88 4.0736e+01    528.790      12692  1028.2002  1028.1991    33.9850    33.9838    8.40751         27 0.0000e+00
    178.000    176.083    -1.5572  27.057930    -1.5569  27.057391     6.4758     6.7829     0.3520    96.1605 1.0000e-12  -74.12550 -111.72288  25.381087      99.88 3.9569e+01    529.915      12719  1028.2049  1028.2040    33.9850    33.9838    8.40746         27 0.0000e+00
    179.000    177.071    -1.5570  27.058503    -1.5567  27.057968     6.4748     6.7819     0.3537    96.2666 1.0000e-12  -74.12550 -111.72288  25.381100      99.89 3.7130e+01    531.052      12746  1028.2097  1028.2089    33.9849    33.9838    8.40742         27 0.0000e+00
    180.000    178.061    -1.5568  27.059155    -1.5566  27.058597     6.4744     6.7795     0.3172    96.1869 1.0000e-12  -74.12550 -111.72288  25.381113      99.89 4.1151e+01    532.181      12773  1028.2146  1028.2138    33.9850    33.9839    8.40737         28 0.0000e+00
    181.000    179.047    -1.5566  27.059922    -1.5565  27.059225     6.4673     6.7796     0.3531    96.1025 1.0000e-12  -74.12550 -111.72288  25.381126      99.89 4.0423e+01    533.323      12801  1028.2196  1028.2187    33.9852    33.9841    8.40732         27 0.0000e+00
    182.000    180.039    -1.5555  27.061592    -1.5551  27.060935     6.4667     6.7762     0.3848    96.2453 1.0000e-12  -74.12550 -111.72288  25.381140      99.88 3.7169e+01    534.471      12828  1028.2246  1028.2236    33.9855    33.9843    8.40703         28 0.0000e+00
    183.000    181.026    -1.5552  27.062423    -1.5548  27.061932     6.4563     6.7651     0.3325    96.2152 1.0000e-12  -74.12550 -111.72288  25.381153      99.89 4.0805e+01    535.624      12856  1028.2296  1028.2287    33.9857    33.9846    8.40695         27 0.0000e+00
    184.000    182.015    -1.5548  27.063497    -1.5545  27.063062     6.4496     6.7611     0.3353    96.1025 1.0000e-12  -74.12550 -111.72288  25.381166      93.46 4.0989e+01    536.784      12884  1028.2348  1028.2340    33.9861    33.9852    8.40684         28 0.0000e+00
    185.000    183.004    -1.5526  27.067025    -1.5522  27.066387     6.4489     6.7594     0.3642    96.2561 1.0000e-12  -74.12550 -111.72288  25.381180      99.91 3.7636e+01    537.942      12912  1028.2409  1028.2398    33.9879    33.9866    8.40624         28 0.0000e+00
    186.000    183.992    -1.5508  27.070191    -1.5505  27.069726     6.4457     6.7560     0.3714    96.2398 1.0000e-12  -74.12550 -111.72288  25.381193      99.89 4.0175e+01    539.093      12939  1028.2469  1028.2461    33.9895    33.9886    8.40573         27 0.0000e+00
    187.000    184.981    -1.5505  27.071343    -1.5501  27.070803     6.4418     6.7623     0.2539    96.2121 1.0000e-12  -74.12550 -111.72288  25.381207      99.89 3.9267e+01    540.254      12967  1028.2523  1028.2513    33.9902    33.9890    8.40563         29 0.0000e+00
    188.000    185.970    -1.5504  27.072123    -1.5499  27.071580     6.4482     6.7550     0.3066    96.2487 1.0000e-12  -74.12550 -111.72288  25.381222      99.88 3.8016e+01    541.552      12998  1028.2574  1028.2563    33.9905    33.9892    8.40558         34 0.0000e+00
    189.000    186.957    -1.5504  27.072507    -1.5500  27.072090     6.4493     6.7511     0.2789    95.8866 1.0000e-12  -74.12550 -111.72288  25.381238      99.89 3.8982e+01    542.937      13031  1028.2622  1028.2613    33.9905    33.9894    8.40559         33 0.0000e+00
    190.000    187.949    -1.5505  27.073456    -1.5501  27.072735     6.4419     6.7502     0.2703    96.1942 1.0000e-12  -74.12550 -111.72288  25.381253      99.73 3.8949e+01    544.299      13064  1028.2677  1028.2665    33.9913    33.9898    8.40557         32 0.0000e+00
    191.000    188.936    -1.5508  27.074373    -1.5504  27.073775     6.4487     6.7499     0.2204    96.3318 1.0000e-12  -74.12550 -111.72288  25.381270      64.54 3.8056e+01    545.690      13098  1028.2733  1028.2722    33.9923    33.9910    8.40558         34 0.0000e+00
    192.000    189.925    -1.5507  27.074935    -1.5502  27.074426     6.4403     6.7464     0.2102    96.3369 1.0000e-12  -74.12550 -111.72288  25.381286     101.50 3.8341e+01    547.109      13132  1028.2781  1028.2770    33.9923    33.9910    8.40555         31 0.0000e+00
    193.000    190.914    -1.5509  27.075537    -1.5503  27.075059     6.4400     6.7506     0.3098    96.4211 1.0000e-12  -74.12550 -111.72288  25.381302      97.46 3.9820e+01    548.488      13165  1028.2832  1028.2822    33.9927    33.9914    8.40556         30 0.0000e+00
    194.000    191.901    -1.5507  27.076202    -1.5503  27.075674     6.4467     6.7411     0.2743    96.4326 1.0000e-12  -74.12550 -111.72288  25.381318      93.82 3.8497e+01    549.882      13198  1028.2881  1028.2872    33.9927    33.9916    8.40551         32 0.0000e+00
    195.000    192.892    -1.5505  27.077003    -1.5501  27.076425     6.4378     6.7474     0.2572    96.3474 1.0000e-12  -74.12550 -111.72288  25.381334      99.03 3.7507e+01    551.283      13232  1028.2931  1028.2921    33.9931    33.9918    8.40546         33 0.0000e+00
    196.000    193.880    -1.5499  27.078459    -1.5494  27.077948     6.4389     6.7391     0.2680    96.3361 1.0000e-12  -74.12550 -111.72288  25.381350      98.40 4.0214e+01    552.661      13265  1028.2984  1028.2974    33.9938    33.9925    8.40529         33 0.0000e+00
    197.000    194.869    -1.5498  27.079465    -1.5493  27.078895     6.4314     6.7405     0.1988    96.4441 1.0000e-12  -74.12550 -111.72288  25.381366      97.34 3.9169e+01    554.027      13298  1028.3038  1028.3026    33.9944    33.9930    8.40522         33 0.0000e+00
    198.000    195.857    -1.5492  27.080454    -1.5488  27.079978     6.4345     6.7439     0.1929    96.3665 1.0000e-12  -74.12550 -111.72288  25.381382      96.35 3.7533e+01    555.375      13330  1028.3086  1028.3077    33.9945    33.9933    8.40509         31 0.0000e+00
    199.000    196.846    -1.5490  27.081089    -1.5485  27.080557     6.4332     6.7336     0.2372    96.2886 1.0000e-12  -74.12550 -111.72288  25.381397      95.26 4.1182e+01    556.698      13362  1028.3134  1028.3124    33.9945    33.9932    8.40504         32 0.0000e+00
    200.000    197.835    -1.5487  27.081928    -1.5482  27.081263     6.4247     6.7370     0.3317    96.4576 1.0000e-12  -74.12550 -111.72289  25.381412      94.26 3.8924e+01    558.035      13394  1028.3183  1028.3171    33.9946    33.9931    8.40495         32 0.0000e+00
    201.000    198.824    -1.5479  27.083666    -1.5473  27.083132     6.4153     6.7311     0.2380    96.4063 1.0000e-12  -74.12550 -111.72289  25.381428      93.28 3.7100e+01    559.396      13427  1028.3238  1028.3226    33.9955    33.9941    8.40472         33 0.0000e+00
    202.000    199.812    -1.5459  27.086503    -1.5455  27.086065     6.4169     6.7288     0.3188    96.3810 1.0000e-12  -74.12550 -111.72289  25.381444      92.19 4.1089e+01    560.726      13458  1028.3293  1028.3284    33.9965    33.9955    8.40421         32 0.0000e+00
    203.000    200.802    -1.5435  27.089577    -1.5433  27.088588     6.4124     6.7181     0.2894    96.3856 1.0000e-12  -74.12550 -111.72289  25.381459      91.18 4.0038e+01    562.037      13490  1028.3347  1028.3335    33.9974    33.9959    8.40361         31 0.0000e+00
    204.000    201.790    -1.5415  27.091809    -1.5405  27.091608     6.4157     6.7119     0.3199    96.3688 1.0000e-12  -74.12550 -111.72289  25.381474      90.19 3.7082e+01    563.371      13522  1028.3396  1028.3384    33.9977    33.9962    8.40316         33 0.0000e+00
    205.000    202.778    -1.5351  27.098082    -1.5352  27.096954     6.4013     6.7064     0.2494    96.2682 1.0000e-12  -74.12550 -111.72289  25.381489      89.06 4.1474e+01    564.684      13553  1028.3446  1028.3434    33.9984    33.9969    8.40166         30 0.0000e+00
    206.000    203.767    -1.5319  27.101513    -1.5317  27.100612     6.4013     6.7015     0.4199    96.3287 1.0000e-12  -74.12550 -111.72289  25.381504      88.03 4.0475e+01    565.953      13584  1028.3496  1028.3484    33.9988    33.9973    8.40091         30 0.0000e+00
    207.000    204.754    -1.5304  27.103274    -1.5295  27.103310     6.3961     6.6954     0.4028    96.3911 1.0000e-12  -74.12550 -111.72288  25.381518      87.12 3.7514e+01    567.111      13612  1028.3544  1028.3536    33.9989    33.9980    8.40056         25 0.0000e+00
    208.000    205.745    -1.5285  27.105504    -1.5274  27.105579     6.3887     6.6938     0.3176    96.1036 1.0000e-12  -74.12550 -111.72290  25.381529      86.06 4.1629e+01    568.131      13636  1028.3594  1028.3584    33.9992    33.9981    8.40012         25 0.0000e+00
    209.000    206.733    -1.5265  27.108168    -1.5262  27.107452     6.3830     6.6932     0.3044    96.1968 1.0000e-12  -74.12550 -111.72290  25.381542      85.00 4.0809e+01    569.206      13662  1028.3647  1028.3636    34.0000    33.9986    8.39962         27 0.0000e+00
    210.000    207.721    -1.5259  27.109425    -1.5253  27.108992     6.3826     6.6882     0.3240    96.3300 1.0000e-12  -74.12550 -111.72290  25.381554      84.02 3.8399e+01    570.302      13688  1028.3699  1028.3688    34.0004    33.9991    8.39946         26 0.0000e+00
    211.000    208.709    -1.5267  27.109090    -1.5258  27.109036     6.3902     6.6918     0.3495    96.1496 1.0000e-12  -74.12550 -111.72290  25.381567      82.94 4.1000e+01    571.387      13714  1028.3746  1028.3737    34.0002    33.9992    8.39964         25 0.0000e+00
    212.000    209.700    -1.5275  27.109116    -1.5268  27.108902     6.3852     6.6922     0.4172    96.2305 1.0000e-12  -74.12550 -111.72290  25.381579      81.89 4.2056e+01    572.456      13740  1028.3798  1028.3789    34.0005    33.9995    8.39980         26 0.0000e+00
    213.000    210.687    -1.5264  27.110718    -1.5262  27.109931     6.3844     6.6865     0.4200    96.1477 1.0000e-12  -74.12550 -111.72290  25.381592      80.93 3.8977e+01    573.525      13766  1028.3848  1028.3837    34.0009    33.9996    8.39954         26 0.0000e+00
    214.000    211.677    -1.5248  27.112612    -1.5244  27.112140     6.3811     6.6771     0.3010    96.1735 1.0000e-12  -74.12550 -111.72290  25.381604      79.94 4.0603e+01    574.597      13791  1028.3896  1028.3887    34.0010    33.9999    8.39917         26 0.0000e+00
    215.000    212.665    -1.5242  27.113915    -1.5234  27.113648     6.3776     6.6834     0.3373    96.2359 1.0000e-12  -74.12550 -111.72290  25.381617      78.89 4.1425e+01    575.684      13817  1028.3948  1028.3937    34.0015    34.0002    8.39900         26 0.0000e+00
    216.000    213.652    -1.5224  27.116438    -1.5220  27.115693     6.3746     6.6837     0.3782    96.2675 1.0000e-12  -74.12550 -111.72290  25.381629      77.83 4.0034e+01    576.765      13843  1028.4002  1028.3991    34.0023    34.0009    8.39855         25 0.0000e+00
    217.000    214.643    -1.5223  27.117093    -1.5218  27.116348     6.3613     6.6743     0.3351    96.2848 1.0000e-12  -74.12550 -111.72290  25.381641      76.78 3.9551e+01    577.808      13868  1028.4052  1028.4039    34.0025    34.0010    8.39851         25 0.0000e+00
    218.000    215.631    -1.5215  27.118816    -1.5209  27.118450     6.3617     6.6677     0.2460    96.2797 1.0000e-12  -74.12550 -111.72290  25.381653      75.79 4.2085e+01    578.846      13893  1028.4106  1028.4097    34.0033    34.0022    8.39828         26 0.0000e+00
    219.000    216.618    -1.5184  27.123766    -1.5179  27.123232     6.3583     6.6626     0.2651    96.1911 1.0000e-12  -74.12550 -111.72290  25.381666      74.80 4.0430e+01    579.901      13919  1028.4174  1028.4163    34.0061    34.0047    8.39743         25 0.0000e+00
    220.000    217.609    -1.5179  27.125264    -1.5174  27.124664     6.3633     6.6664     0.2928    96.1742 1.0000e-12  -74.12550 -111.72290  25.381678      73.80 3.9050e+01    580.996      13945  1028.4229  1028.4218    34.0069    34.0055    8.39726         27 0.0000e+00
    221.000    218.596    -1.5174  27.126757    -1.5168  27.126348     6.3594     6.6634     0.2381    96.3143 1.0000e-12  -74.12550 -111.72290  25.381691      72.80 4.3112e+01    582.091      13971  1028.4284  1028.4274    34.0078    34.0066    8.39710         25 0.0000e+00
    222.000    219.585    -1.5170  27.127818    -1.5164  27.127227     6.3597     6.6620     0.2394    95.9091 1.0000e-12  -74.12550 -111.72288  25.381703      71.66 4.0089e+01    583.167      13997  1028.4335  1028.4323    34.0081    34.0067    8.39698         27 0.0000e+00
    223.000    220.573    -1.5167  27.128713    -1.5163  27.128213     6.3612     6.6538     0.3182    96.2651 1.0000e-12  -74.12550 -111.72288  25.381716      70.64 3.8642e+01    584.250      14023  1028.4386  1028.4376    34.0085    34.0073    8.39690         25 0.0000e+00
    224.000    221.562    -1.5167  27.129236    -1.5162  27.128772     6.3605     6.6594     0.2435    96.3653 1.0000e-12  -74.12550 -111.72288  25.381728      69.73 4.3110e+01    585.338      14049  1028.4435  1028.4425    34.0086    34.0074    8.39690         27 0.0000e+00
    225.000    222.550    -1.5162  27.130581    -1.5157  27.130143     6.3552     6.6554     0.2308    96.3566 1.0000e-12  -74.12550 -111.72288  25.381741      68.65 4.2024e+01    586.420      14075  1028.4488  1028.4478    34.0092    34.0080    8.39674         25 0.0000e+00
    226.000    223.539    -1.5149  27.132912    -1.5144  27.132337     6.3508     6.6516     0.2609    96.2834 1.0000e-12  -74.12550 -111.72288  25.381753      67.55 3.8294e+01    587.483      14101  1028.4544  1028.4533    34.0103    34.0089    8.39638         26 0.0000e+00
    227.000    224.528    -1.5129  27.135991    -1.5122  27.135500     6.3467     6.6461     0.1972    96.3376 1.0000e-12  -74.12550 -111.72288  25.381766      66.56 4.2803e+01    588.551      14126  1028.4602  1028.4590    34.0117    34.0102    8.39585         26 0.0000e+00
    228.000    225.516    -1.5095  27.140157    -1.5093  27.139310     6.3376     6.6409     0.1719    96.4417 1.0000e-12  -74.12550 -111.72288  25.381778      65.51 4.2640e+01    589.642      14152  1028.4658  1028.4646    34.0129    34.0115    8.39500         27 0.0000e+00
    229.000    226.506    -1.5070  27.143314    -1.5065  27.142610     6.3350     6.6360     0.2084    96.4796 1.0000e-12  -74.12550 -111.72288  25.381792      64.43 3.8928e+01    590.846      14181  1028.4712  1028.4699    34.0138    34.0122    8.39439         30 0.0000e+00
    230.000    227.493    -1.5049  27.145799    -1.5044  27.145185     6.3228     6.6292     0.1442    96.5165 1.0000e-12  -74.12550 -111.72288  25.381807      63.44 4.1768e+01    592.112      14212  1028.4763  1028.4751    34.0143    34.0128    8.39390         31 0.0000e+00
    231.000    228.482    -1.5025  27.148572    -1.5013  27.148537     6.3227     6.6208     0.1296    96.5397 1.0000e-12  -74.12550 -111.72288  25.381822      62.55 4.1853e+01    593.394      14242  1028.4813  1028.4801    34.0146    34.0133    8.39331         31 0.0000e+00
    232.000    229.472    -1.4958  27.155525    -1.4945  27.155371     6.3051     6.6091     0.0969    96.5542 1.0000e-12  -74.12550 -111.72288  25.381837      61.41 3.9646e+01    594.703      14274  1028.4868  1028.4853    34.0160    34.0143    8.39173         31 0.0000e+00
