ocean_section_plots/required_files/ctd/dnbp2202_ctd077.cnv
* Sea-Bird SBE 9 Data File:
* FileName = D:\Data\raw\NBP2202_CTD077.hex
* Software Version Seasave V 7.26.7.121
* Temperature SN = 1649
* Conductivity SN = 2513
* Number of Bytes Per Scan = 40
* Number of Voltage Words = 5
* Number of Scans Averaged by the Deck Unit = 1
* NMEA Latitude = 74 10.51 S
* NMEA Longitude = 113 20.67 W
* NMEA UTC (Time) = Jan 26 2022  15:43:13
* NMEA baud rate = 9600
** Ship: RVIB N.B. Palmer
** Cruise: NBP2202 Thwaites
** Station: YoYo001
** Operator: A. Robinson
# nquan = 25
# nvalues = 616                         
# units = specified
# name 0 = prDM: Pressure, Digiquartz [db]
# name 1 = depSM: Depth [salt water, m]
# name 2 = t090C: Temperature [ITS-90, deg C]
# name 3 = c0mS/cm: Conductivity [mS/cm]
# name 4 = t190C: Temperature, 2 [ITS-90, deg C]
# name 5 = c1mS/cm: Conductivity, 2 [mS/cm]
# name 6 = sbeox0ML/L: Oxygen, SBE 43 [ml/l]
# name 7 = sbeox1ML/L: Oxygen, SBE 43, 2 [ml/l]
# name 8 = flECO-AFL: Fluorescence, WET Labs ECO-AFL/FL [mg/m^3]
# name 9 = CStarTr0: Beam Transmission, WET Labs C-Star [%]
# name 10 = par: PAR/Irradiance, Biospherical/Licor
# name 11 = latitude: Latitude [deg]
# name 12 = longitude: Longitude [deg]
# name 13 = timeJ: Julian Days
# name 14 = altM: Altimeter [m]
# name 15 = spar: SPAR, Biospherical/Licor
# name 16 = timeS: Time, Elapsed [seconds]
# name 17 = scan: Scan Count
# name 18 = density00: Density [density, kg/m^3]
# name 19 = density11: Density, 2 [density, kg/m^3]
# name 20 = sal00: Salinity, Practical [PSU]
# name 21 = sal11: Salinity, Practical, 2 [PSU]
# name 22 = oxsolML/L: Oxygen Saturation, Garcia & Gordon [ml/l]
# name 23 = nbin: number of scans per bin
# name 24 = flag: flag
# span 0 =      2.000,    617.000       
# span 1 =      1.988,    609.706       
# span 2 =    -1.5063,     0.0730       
# span 3 =  26.978963,  28.899351       
# span 4 =    -1.5054,     0.0745       
# span 5 =  26.979322,  28.898692       
# span 6 =     4.7312,     8.6455       
# span 7 =     4.8359,     8.8863       
# span 8 =    -0.0214,    28.3229       
# span 9 =    68.2451,    95.6587       
# span 10 = 1.0000e-12, 5.9890e+02      
# span 11 =  -74.17528,  -74.17528      
# span 12 = -113.34464, -113.34460      
# span 13 =  26.657714,  26.668043      
# span 14 =       3.02,     100.01      
# span 15 = 1.4808e+03, 1.8208e+03      
# span 16 =    233.525,   1125.923      
# span 17 =       5606,      27023      
# span 18 =  1027.1844,  1030.5186      
# span 19 =  1027.1842,  1030.5161      
# span 20 =    33.7920,    34.3763      
# span 21 =    33.7926,    34.3738      
# span 22 =    8.02990,    8.40346      
# span 23 =         21,         50      
# span 24 = 0.0000e+00, 0.0000e+00      
# interval = decibars: 1                
# start_time = Jan 26 2022 15:43:13 [NMEA time, header]
# bad_flag = -9.990e-29
*END*
[from data line 290]
    292.000    288.774    -0.6185  27.989464    -0.6166  27.989302     4.9863     5.1079    -0.0039    95.2653 1.0000e-12  -74.17528 -113.34462  26.662758      99.87 1.7425e+03    669.289      16064  1028.8205  1028.8186    34.1223    34.1199    8.19161         27 0.0000e+00
    293.000    289.762    -0.6185  27.989975    -0.6169  27.989715     4.9809     5.1052    -0.0029    95.2696 1.0000e-12  -74.17528 -113.34460  26.662771      99.86 1.7384e+03    670.408      16091  1028.8254  1028.8236    34.1223    34.1202    8.19160         26 0.0000e+00
    294.000    290.751    -0.6173  27.991588    -0.6159  27.991077     4.9871     5.1104    -0.0121    95.2681 1.0000e-12  -74.17528 -113.34461  26.662784      99.87 1.7351e+03    671.506      16117  1028.8302  1028.8283    34.1225    34.1202    8.19133         27 0.0000e+00
    295.000    291.739    -0.6151  27.994212    -0.6140  27.993371     5.0066     5.1290    -0.0118    95.2648 1.0000e-12  -74.17528 -113.34461  26.662796      99.86 1.7315e+03    672.576      16143  1028.8352  1028.8333    34.1230    34.1207    8.19083         25 0.0000e+00
    296.000    292.727    -0.6189  27.991398    -0.6194  27.989807     5.0251     5.1405    -0.0027    95.2734 1.0000e-12  -74.17528 -113.34461  26.662808      99.86 1.7283e+03    673.642      16168  1028.8402  1028.8390    34.1228    34.1213    8.19165         26 0.0000e+00
    297.000    293.715    -0.6310  27.984459    -0.6295  27.984317     5.0311     5.1432    -0.0189    95.2597 1.0000e-12  -74.17528 -113.34461  26.662821      91.66 1.7249e+03    674.735      16195  1028.8489  1028.8473    34.1266    34.1247    8.19407         27 0.0000e+00
    298.000    294.704    -0.6246  27.992204    -0.6228  27.992053     5.0286     5.1401    -0.0126    95.2614 1.0000e-12  -74.17528 -113.34461  26.662834      77.66 1.7209e+03    675.864      16222  1028.8552  1028.8533    34.1292    34.1269    8.19253         27 0.0000e+00
    299.000    295.692    -0.6175  28.000356    -0.6161  27.999694     5.0215     5.1318    -0.0194    95.2730 1.0000e-12  -74.17528 -113.34461  26.662847      92.29 1.7184e+03    677.006      16249  1028.8613  1028.8593    34.1315    34.1291    8.19085         27 0.0000e+00
    300.000    296.679    -0.6074  28.011660    -0.6052  28.011831     5.0128     5.1370    -0.0123    95.2805 1.0000e-12  -74.17528 -113.34460  26.662860      99.52 1.7157e+03    678.126      16276  1028.8680  1028.8660    34.1348    34.1326    8.18848         27 0.0000e+00
    301.000    297.668    -0.6054  28.014149    -0.6045  28.013345     5.0121     5.1444     0.0036    95.2762 1.0000e-12  -74.17528 -113.34460  26.662873      99.86 1.7135e+03    679.204      16302  1028.8731  1028.8713    34.1353    34.1332    8.18803         25 0.0000e+00
    302.000    298.656    -0.6066  28.013882    -0.6050  28.013398     5.0179     5.1451    -0.0041    95.2834 1.0000e-12  -74.17528 -113.34460  26.662885      99.87 1.7117e+03    680.279      16328  1028.8782  1028.8762    34.1356    34.1333    8.18825         26 0.0000e+00
    303.000    299.645    -0.6080  28.013020    -0.6070  28.012379     5.0185     5.1374    -0.0120    95.2872 1.0000e-12  -74.17528 -113.34460  26.662898      99.86 1.7093e+03    681.373      16354  1028.8830  1028.8813    34.1355    34.1335    8.18858         27 0.0000e+00
    304.000    300.633    -0.6066  28.015439    -0.6045  28.015487     5.0081     5.1272    -0.0203    95.2873 1.0000e-12  -74.17528 -113.34460  26.662911      99.86 1.7079e+03    682.470      16380  1028.8886  1028.8866    34.1366    34.1343    8.18821         26 0.0000e+00
    305.000    301.620    -0.5926  28.029549    -0.5906  28.029432     5.0018     5.1291    -0.0140    95.3004 1.0000e-12  -74.17528 -113.34460  26.662923      99.86 1.7069e+03    683.575      16407  1028.8943  1028.8923    34.1392    34.1368    8.18503         27 0.0000e+00
    306.000    302.609    -0.5864  28.036221    -0.5848  28.035805     4.9953     5.1152    -0.0126    95.3053 1.0000e-12  -74.17528 -113.34460  26.662936      99.86 1.7064e+03    684.695      16434  1028.8998  1028.8979    34.1405    34.1382    8.18360         27 0.0000e+00
    307.000    303.598    -0.5816  28.041488    -0.5797  28.041215     4.9806     5.1090    -0.0128    95.2950 1.0000e-12  -74.17528 -113.34460  26.662949      99.86 1.7055e+03    685.817      16461  1028.9051  1028.9030    34.1416    34.1391    8.18250         27 0.0000e+00
    308.000    304.585    -0.5756  28.047783    -0.5742  28.047222     4.9746     5.1002    -0.0114    95.2962 1.0000e-12  -74.17528 -113.34460  26.662962      99.86 1.7054e+03    686.933      16487  1028.9105  1028.9084    34.1428    34.1404    8.18115         26 0.0000e+00
    309.000    305.574    -0.5669  28.057251    -0.5655  28.056496     4.9749     5.0971     0.0041    95.2986 1.0000e-12  -74.17528 -113.34460  26.662975      99.86 1.7065e+03    688.037      16514  1028.9165  1028.9144    34.1451    34.1425    8.17914         27 0.0000e+00
    310.000    306.561    -0.5572  28.068042    -0.5558  28.067399     4.9715     5.1009     0.0030    95.2992 1.0000e-12  -74.17528 -113.34462  26.662988      75.70 1.7065e+03    689.140      16540  1028.9230  1028.9210    34.1481    34.1456    8.17687         26 0.0000e+00
    311.000    307.550    -0.5570  28.068865    -0.5556  28.068418     4.9724     5.1012    -0.0117    95.2913 1.0000e-12  -74.17528 -113.34460  26.663000      92.00 1.7065e+03    690.236      16567  1028.9281  1028.9263    34.1483    34.1462    8.17681         26 0.0000e+00
    312.000    308.538    -0.5572  28.069230    -0.5556  28.069077     4.9764     5.0978    -0.0122    95.2922 1.0000e-12  -74.17528 -113.34462  26.663013      99.72 1.7065e+03    691.355      16594  1028.9331  1028.9314    34.1485    34.1464    8.17685         29 0.0000e+00
    313.000    309.526    -0.5564  28.070651    -0.5552  28.069947     4.9772     5.1000    -0.0118    95.2778 1.0000e-12  -74.17528 -113.34461  26.663028      99.86 1.7062e+03    692.638      16624  1028.9383  1028.9363    34.1489    34.1465    8.17665         32 0.0000e+00
    314.000    310.514    -0.5544  28.072918    -0.5530  28.072516     4.9708     5.0913    -0.0123    95.2897 1.0000e-12  -74.17528 -113.34461  26.663044      99.86 1.7049e+03    693.969      16656  1028.9431  1028.9413    34.1491    34.1469    8.17621         32 0.0000e+00
    315.000    311.503    -0.5509  28.076990    -0.5500  28.076065     4.9689     5.0911    -0.0055    95.2580 1.0000e-12  -74.17528 -113.34461  26.663059      99.87 1.7047e+03    695.298      16688  1028.9484  1028.9466    34.1500    34.1477    8.17540         32 0.0000e+00
    316.000    312.490    -0.5466  28.082251    -0.5453  28.081759     4.9680     5.0857    -0.0162    95.2834 1.0000e-12  -74.17528 -113.34461  26.663074      99.86 1.7038e+03    696.623      16720  1028.9543  1028.9525    34.1516    34.1495    8.17438         31 0.0000e+00
    317.000    313.479    -0.5425  28.087425    -0.5412  28.086859     4.9691     5.0901    -0.0099    95.2718 1.0000e-12  -74.17528 -113.34461  26.663089      99.87 1.7006e+03    697.910      16751  1028.9601  1028.9583    34.1533    34.1511    8.17339         31 0.0000e+00
    318.000    314.467    -0.5389  28.091827    -0.5376  28.091302     4.9682     5.0902    -0.0046    95.2793 1.0000e-12  -74.17528 -113.34461  26.663104      99.86 1.6986e+03    699.213      16782  1028.9657  1028.9639    34.1546    34.1524    8.17254         32 0.0000e+00
    319.000    315.455    -0.5325  28.099324    -0.5309  28.099066     4.9554     5.0835     0.0015    95.2718 1.0000e-12  -74.17528 -113.34460  26.663120      99.86 1.6958e+03    700.567      16815  1028.9719  1028.9701    34.1569    34.1547    8.17104         33 0.0000e+00
    320.000    316.444    -0.5241  28.108964    -0.5226  28.108549     4.9594     5.0770    -0.0006    95.2657 1.0000e-12  -74.17528 -113.34460  26.663136      84.70 1.6917e+03    701.930      16847  1028.9784  1028.9766    34.1597    34.1575    8.16905         32 0.0000e+00
    321.000    317.430    -0.5199  28.113866    -0.5184  28.113269     4.9459     5.0743    -0.0092    95.2710 1.0000e-12  -74.17528 -113.34462  26.663151      90.41 1.6880e+03    703.267      16879  1028.9840  1028.9819    34.1609    34.1585    8.16807         31 0.0000e+00
    322.000    318.419    -0.5100  28.124883    -0.5095  28.123322     4.9440     5.0674    -0.0027    95.2665 1.0000e-12  -74.17528 -113.34461  26.663166      99.88 1.6856e+03    704.565      16911  1028.9905  1028.9884    34.1640    34.1613    8.16576         32 0.0000e+00
    323.000    319.408    -0.4962  28.140032    -0.4949  28.139477     4.9435     5.0663    -0.0071    95.2570 1.0000e-12  -74.17528 -113.34461  26.663181      99.86 1.6840e+03    705.843      16941  1028.9977  1028.9959    34.1683    34.1660    8.16256         31 0.0000e+00
    324.000    320.395    -0.4906  28.146870    -0.4890  28.146618     4.9442     5.0646    -0.0116    95.2740 1.0000e-12  -74.17528 -113.34462  26.663196      99.86 1.6818e+03    707.149      16973  1029.0040  1029.0022    34.1705    34.1683    8.16122         31 0.0000e+00
    325.000    321.385    -0.4853  28.153175    -0.4840  28.152667     4.9438     5.0597    -0.0178    95.2600 1.0000e-12  -74.17528 -113.34461  26.663212      99.86 1.6800e+03    708.514      17005  1029.0101  1029.0082    34.1724    34.1702    8.15998         34 0.0000e+00
    326.000    322.371    -0.4821  28.157165    -0.4807  28.156592     4.9359     5.0586    -0.0044    95.2526 1.0000e-12  -74.17528 -113.34461  26.663228      99.86 1.6781e+03    709.876      17038  1029.0157  1029.0137    34.1736    34.1712    8.15922         31 0.0000e+00
    327.000    323.360    -0.4803  28.159487    -0.4791  28.158827     4.9320     5.0572    -0.0073    95.2512 1.0000e-12  -74.17528 -113.34461  26.663243      99.86 1.6759e+03    711.187      17069  1029.0208  1029.0189    34.1740    34.1718    8.15881         32 0.0000e+00
    328.000    324.347    -0.4785  28.161969    -0.4769  28.161640     4.9301     5.0566    -0.0114    95.2636 1.0000e-12  -74.17528 -113.34461  26.663258      99.86 1.6720e+03    712.478      17100  1029.0261  1029.0242    34.1747    34.1724    8.15838         30 0.0000e+00
    329.000    325.336    -0.4750  28.165861    -0.4734  28.165588     4.9224     5.0523    -0.0072    95.2399 1.0000e-12  -74.17528 -113.34461  26.663273      99.86 1.6670e+03    713.772      17132  1029.0313  1029.0294    34.1755    34.1733    8.15759         32 0.0000e+00
    330.000    326.324    -0.4651  28.177295    -0.4634  28.176973     4.9231     5.0487    -0.0049    95.2661 1.0000e-12  -74.17528 -113.34461  26.663288      99.73 1.6617e+03    715.090      17163  1029.0382  1029.0363    34.1790    34.1767    8.15525         31 0.0000e+00
    331.000    327.312    -0.4450  28.199630    -0.4430  28.199784     4.9182     5.0379    -0.0167    95.2427 1.0000e-12  -74.17528 -113.34461  26.663304      96.68 1.6557e+03    716.425      17195  1029.0469  1029.0451    34.1858    34.1837    8.15055         33 0.0000e+00
    332.000    328.301    -0.4407  28.204763    -0.4395  28.204067     4.9120     5.0381    -0.0127    95.2625 1.0000e-12  -74.17528 -113.34461  26.663319      99.70 1.6495e+03    717.744      17227  1029.0527  1029.0508    34.1872    34.1848    8.14955         31 0.0000e+00
    333.000    329.288    -0.4402  28.205717    -0.4389  28.205233     4.9145     5.0368    -0.0150    95.2422 1.0000e-12  -74.17528 -113.34460  26.663334      99.86 1.6435e+03    719.018      17257  1029.0576  1029.0559    34.1872    34.1852    8.14942         30 0.0000e+00
    334.000    330.277    -0.4404  28.206205    -0.4388  28.205852     4.9171     5.0352    -0.0096    95.2451 1.0000e-12  -74.17528 -113.34460  26.663348      99.86 1.6375e+03    720.284      17288  1029.0628  1029.0608    34.1875    34.1853    8.14945         31 0.0000e+00
    335.000    331.264    -0.4404  28.206611    -0.4389  28.206242     4.9244     5.0419    -0.0079    95.2447 1.0000e-12  -74.17528 -113.34460  26.663363      99.86 1.6317e+03    721.574      17319  1029.0676  1029.0658    34.1875    34.1853    8.14946         30 0.0000e+00
    336.000    332.253    -0.4407  28.206992    -0.4392  28.206521     4.9276     5.0431    -0.0045    95.2374 1.0000e-12  -74.17528 -113.34460  26.663378      99.86 1.6236e+03    722.871      17350  1029.0727  1029.0708    34.1877    34.1854    8.14951         32 0.0000e+00
    337.000    333.240    -0.4417  28.206763    -0.4401  28.206404     4.9312     5.0465    -0.0110    95.2435 1.0000e-12  -74.17528 -113.34460  26.663393      99.86 1.6138e+03    724.165      17381  1029.0778  1029.0759    34.1880    34.1857    8.14972         31 0.0000e+00
    338.000    334.228    -0.4424  28.206923    -0.4408  28.206702     4.9415     5.0692    -0.0110    95.2221 1.0000e-12  -74.17528 -113.34460  26.663408      99.86 1.6045e+03    725.445      17412  1029.0830  1029.0812    34.1883    34.1862    8.14983         31 0.0000e+00
    339.000    335.218    -0.4526  28.199750    -0.4517  28.199245     4.9575     5.0822    -0.0113    95.2368 1.0000e-12  -74.17528 -113.34460  26.663423      99.87 1.5963e+03    726.708      17442  1029.0896  1029.0882    34.1896    34.1879    8.15195         30 0.0000e+00
    340.000    336.204    -0.4564  28.198621    -0.4551  28.198119     4.9485     5.0698    -0.0108    95.2410 1.0000e-12  -74.17528 -113.34460  26.663437      83.57 1.5881e+03    727.981      17473  1029.0964  1029.0947    34.1917    34.1897    8.15264         31 0.0000e+00
    341.000    337.193    -0.4450  28.210385    -0.4446  28.208611     4.9269     5.0566    -0.0111    95.2430 1.0000e-12  -74.17528 -113.34460  26.663452      95.84 1.5812e+03    729.260      17503  1029.1021  1029.0999    34.1941    34.1913    8.15006         30 0.0000e+00
    342.000    338.180    -0.4279  28.226438    -0.4272  28.225106     4.9262     5.0474    -0.0112    95.2517 1.0000e-12  -74.17528 -113.34460  26.663467      99.82 1.5778e+03    730.529      17534  1029.1068  1029.1048    34.1958    34.1933    8.14630         31 0.0000e+00
    343.000    339.170    -0.4280  28.227139    -0.4270  28.226409     4.9285     5.0443    -0.0119    95.2549 1.0000e-12  -74.17528 -113.34460  26.663481      99.87 1.5779e+03    731.794      17564  1029.1121  1029.1103    34.1963    34.1941    8.14630         28 0.0000e+00
    344.000    340.157    -0.4274  28.228828    -0.4262  28.228109     4.9367     5.0547    -0.0120    95.2727 1.0000e-12  -74.17528 -113.34460  26.663496      99.86 1.5813e+03    733.040      17594  1029.1177  1029.1157    34.1972    34.1949    8.14611         29 0.0000e+00
    345.000    341.144    -0.4292  28.228264    -0.4261  28.229233     4.9518     5.0624    -0.0166    95.2772 1.0000e-12  -74.17528 -113.34460  26.663510      99.87 1.5870e+03    734.253      17623  1029.1231  1029.1212    34.1979    34.1957    8.14646         29 0.0000e+00
    346.000    342.132    -0.4358  28.222744    -0.4358  28.221169     4.9756     5.0915    -0.0075    95.2825 1.0000e-12  -74.17528 -113.34460  26.663524      99.86 1.5936e+03    735.451      17652  1029.1281  1029.1264    34.1973    34.1952    8.14792         29 0.0000e+00
    347.000    343.121    -0.4485  28.212099    -0.4460  28.212677     4.9885     5.1007    -0.0062    95.2852 1.0000e-12  -74.17528 -113.34460  26.663538      99.86 1.6020e+03    736.667      17681  1029.1333  1029.1316    34.1967    34.1947    8.15067         29 0.0000e+00
    348.000    344.109    -0.4589  28.203579    -0.4570  28.203629     4.9807     5.0996    -0.0111    95.2791 1.0000e-12  -74.17528 -113.34460  26.663552      99.86 1.6098e+03    737.901      17711  1029.1387  1029.1369    34.1964    34.1943    8.15293         30 0.0000e+00
