ocean_section_plots/required_files/ctd/dnbp2202_ctd175.cnv
* Sea-Bird SBE 9 Data File:
* FileName = D:\Data\raw\NBP2202_CTD175.hex
* Software Version Seasave V 7.26.7.121
* Temperature SN = 1649
* Conductivity SN = 2513
* Number of Bytes Per Scan = 40
* Number of Voltage Words = 5
* Number of Scans Averaged by the Deck Unit = 1
* NMEA Latitude = 74 02.96 S
* NMEA Longitude = 110 58.93 W
* NMEA UTC (Time) = Feb 03 2022  19:27:58
* NMEA baud rate = 9600
** Ship: RVIB N.B. Palmer
** Cruise: NBP2202 Thwaites
** Station: 97
** Operator: A. Robinson
# nquan = 28
# nvalues = 630                         
# units = specified
# name 0 = prDM: Pressure, Digiquartz [db]
# name 1 = depSM: Depth [salt water, m]
# name 2 = t090C: Temperature [ITS-90, deg C]
# name 3 = c0mS/cm: Conductivity [mS/cm]
# name 4 = t190C: Temperature, 2 [ITS-90, deg C]
# name 5 = c1mS/cm: Conductivity, 2 [mS/cm]
# name 6 = sbeox0ML/L: Oxygen, SBE 43 [ml/l]
# name 7 = sbeox1ML/L: Oxygen, SBE 43, 2 [ml/l]
# name 8 = flECO-AFL: Fluorescence, WET Labs ECO-AFL/FL [mg/m^3]
# name 9 = CStarTr0: Beam Transmission, WET Labs C-Star [%]
# name 10 = par: PAR/Irradiance, Biospherical/Licor
# name 11 = latitude: Latitude [deg]
# name 12 = longitude: Longitude [deg]
# name 13 = timeJ: Julian Days
# name 14 = altM: Altimeter [m]
# name 15 = spar: SPAR, Biospherical/Licor
# name 16 = timeS: Time, Elapsed [seconds]
# name 17 = scan: Scan Count
# name 18 = density00: Density [density, kg/m^3]
# name 19 = density11: Density, 2 [density, kg/m^3]
# name 20 = v3: Voltage 3
# name 21 = v4: Voltage 4
# name 22 = v5: Voltage 5
# name 23 = sal00: Salinity, Practical [PSU]
# name 24 = sal11: Salinity, Practical, 2 [PSU]
# name 25 = oxsolML/L: Oxygen Saturation, Garcia & Gordon [ml/l]
# name 26 = nbin: number of scans per bin
# name 27 = flag: flag
# span 0 =      2.000,    631.000       
# span 1 =      1.974,    623.524       
# span 2 =    -1.5330,     0.2512       
# span 3 =  27.004508,  29.143431       
# span 4 =    -1.5340,     0.2536       
# span 5 =  27.005062,  29.143464       
# span 6 =     4.7038,     7.0322       
# span 7 =     4.8322,     6.9457       
# span 8 =    -0.0150,     6.3381       
# span 9 =    85.3731,    98.9551       
# span 10 = 1.0000e-12, 1.2805e+02      
# span 11 =  -74.04936,  -74.04934      
# span 12 = -110.98226, -110.98219      
# span 13 =  34.813993,  34.822389      
# span 14 =       5.26,     106.56      
# span 15 = 1.8197e+03, 1.8313e+03      
# span 16 =    250.955,    976.370      
# span 17 =       6024,      23434      
# span 18 =  1027.1944,  1030.6553      
# span 19 =  1027.1966,  1030.6531      
# span 20 =     4.0505,     4.6942      
# span 21 =     0.0650,     0.9927      
# span 22 =     0.1147,     0.1535      
# span 23 =    33.7895,    34.4789      
# span 24 =    33.7936,    34.4762      
# span 25 =    7.98702,    8.40231      
# span 26 =         16,         60      
# span 27 = 0.0000e+00, 0.0000e+00      
# interval = decibars: 1                
# start_time = Feb 03 2022 19:27:58 [NMEA time, header]
# bad_flag = -9.990e-29
*END*
[from data line 104]
    106.000    104.876    -1.5143  27.042214    -1.5158  27.041906     6.4553     6.6690     1.0499    96.7779 1.0000e-12  -74.04934 -110.98222  34.815753      99.73 1.8305e+03    403.078       9675  1027.8373  1027.8385     4.5911     0.2154     0.1171    33.9596    33.9609    8.39927         29 0.0000e+00
    107.000    105.864    -1.5150  27.042362    -1.5162  27.042193     6.4557     6.6713     0.9437    97.0084 1.0000e-12  -74.04934 -110.98222  34.815767      99.72 1.8297e+03    404.233       9703  1027.8425  1027.8434     4.6020     0.2265     0.1218    33.9599    33.9611    8.39941         26 0.0000e+00
    108.000    106.857    -1.5158  27.042487    -1.5169  27.042396     6.4532     6.6641     0.9498    97.1402 1.0000e-12  -74.04934 -110.98222  34.815780      99.73 1.8295e+03    405.393       9730  1027.8477  1027.8486     4.6082     0.2708     0.1263    33.9604    33.9615    8.39957         29 0.0000e+00
    109.000    107.843    -1.5194  27.041247    -1.5206  27.041161     6.4563     6.6682     1.0769    97.3175 1.0000e-12  -74.04934 -110.98222  34.815793      95.36 1.8277e+03    406.535       9758  1027.8541  1027.8552     4.6166     0.2423     0.1236    33.9622    33.9634    8.40028         27 0.0000e+00
    110.000    108.835    -1.5202  27.041660    -1.5212  27.041584     6.4640     6.6743     1.1373    96.9871 1.0000e-12  -74.04934 -110.98222  34.815806      98.29 1.8267e+03    407.638       9784  1027.8597  1027.8605     4.6010     0.1794     0.1197    33.9630    33.9640    8.40041         26 0.0000e+00
    111.000    109.822    -1.5209  27.042060    -1.5218  27.042004     6.4677     6.6747     0.9825    97.1298 1.0000e-12  -74.04935 -110.98222  34.815819      99.73 1.8263e+03    408.732       9811  1027.8651  1027.8660     4.6077     0.2312     0.1193    33.9638    33.9647    8.40052         26 0.0000e+00
    112.000    110.811    -1.5212  27.042319    -1.5222  27.042311     6.4685     6.6763     0.9111    97.2239 1.0000e-12  -74.04936 -110.98222  34.815831      99.72 1.8263e+03    409.818       9837  1027.8700  1027.8710     4.6122     0.2476     0.1169    33.9638    33.9650    8.40058         26 0.0000e+00
    113.000    111.801    -1.5242  27.041335    -1.5250  27.041386     6.4689     6.6753     0.8518    97.0726 1.0000e-12  -74.04936 -110.98223  34.815843      99.72 1.8263e+03    410.874       9862  1027.8761  1027.8769     4.6050     0.2639     0.1195    33.9652    33.9663    8.40117         25 0.0000e+00
    114.000    112.790    -1.5250  27.041597    -1.5260  27.041502     6.4693     6.6771     0.8136    97.0630 1.0000e-12  -74.04936 -110.98224  34.815856      99.73 1.8263e+03    411.938       9888  1027.8815  1027.8823     4.6045     0.2461     0.1195    33.9659    33.9669    8.40132         26 0.0000e+00
    115.000    113.778    -1.5272  27.041264    -1.5280  27.041297     6.4719     6.6769     0.8262    97.0572 1.0000e-12  -74.04936 -110.98224  34.815868      99.73 1.8247e+03    413.013       9913  1027.8875  1027.8883     4.6043     0.2036     0.1195    33.9673    33.9683    8.40172         26 0.0000e+00
    116.000    114.768    -1.5278  27.041446    -1.5287  27.041437     6.4611     6.6713     0.7799    97.4003 1.0000e-12  -74.04936 -110.98224  34.815881      99.73 1.8262e+03    414.078       9939  1027.8926  1027.8934     4.6205     0.1767     0.1194    33.9676    33.9686    8.40185         25 0.0000e+00
    117.000    115.758    -1.5291  27.041946    -1.5302  27.041823     6.4464     6.6643     0.7401    96.9521 1.0000e-12  -74.04936 -110.98224  34.815893      99.73 1.8263e+03    415.153       9965  1027.8987  1027.8996     4.5997     0.1907     0.1173    33.9691    33.9703    8.40204         26 0.0000e+00
    118.000    116.746    -1.5309  27.042689    -1.5317  27.042801     6.4376     6.6570     0.8497    97.5165 1.0000e-12  -74.04936 -110.98224  34.815906      99.73 1.8249e+03    416.240       9991  1027.9056  1027.9065     4.6257     0.2207     0.1190    33.9716    33.9727    8.40231         26 0.0000e+00
    119.000    117.735    -1.5309  27.045038    -1.5317  27.044907     6.4382     6.6534     0.8330    97.5995 1.0000e-12  -74.04936 -110.98224  34.815918      99.73 1.8258e+03    417.321      10017  1027.9124  1027.9131     4.6300     0.2112     0.1192    33.9742    33.9749    8.40216         26 0.0000e+00
    120.000    118.725    -1.5310  27.047152    -1.5318  27.047236     6.4379     6.6453     0.6587    97.3652 1.0000e-12  -74.04936 -110.98224  34.815930      99.73 1.8263e+03    418.391      10042  1027.9192  1027.9201     4.6188     0.1837     0.1198    33.9767    33.9777    8.40204         26 0.0000e+00
    121.000    119.713    -1.5315  27.048432    -1.5324  27.048401     6.4310     6.6425     0.5709    96.6894 1.0000e-12  -74.04936 -110.98224  34.815943      92.45 1.8258e+03    419.467      10068  1027.9254  1027.9262     4.5868     0.2229     0.1178    33.9783    33.9793    8.40204         26 0.0000e+00
    122.000    120.703    -1.5319  27.049109    -1.5329  27.049020     6.4279     6.6384     0.5300    97.4700 1.0000e-12  -74.04936 -110.98224  34.815955      96.48 1.8252e+03    420.528      10094  1027.9308  1027.9316     4.6239     0.2355     0.1188    33.9791    33.9801    8.40209         25 0.0000e+00
    123.000    121.692    -1.5324  27.049666    -1.5332  27.049576     6.4261     6.6357     0.5355    97.4915 1.0000e-12  -74.04936 -110.98224  34.815967      99.69 1.8251e+03    421.570      10119  1027.9362  1027.9368     4.6249     0.2006     0.1158    33.9798    33.9806    8.40216         25 0.0000e+00
    124.000    122.680    -1.5330  27.051347    -1.5340  27.051287     6.4224     6.6355     0.5259    97.7797 1.0000e-12  -74.04936 -110.98224  34.815979      99.73 1.8246e+03    422.624      10144  1027.9430  1027.9438     4.6385     0.1544     0.1186    33.9822    33.9832    8.40215         25 0.0000e+00
    125.000    123.670    -1.5329  27.053439    -1.5337  27.053214     6.4217     6.6337     0.4192    97.7326 1.0000e-12  -74.04936 -110.98224  34.815992      99.72 1.8225e+03    423.668      10169  1027.9495  1027.9500     4.6362     0.2069     0.1176    33.9843    33.9849    8.40199         25 0.0000e+00
    126.000    124.659    -1.5319  27.055430    -1.5328  27.055263     6.4225     6.6370     0.4454    97.5802 1.0000e-12  -74.04936 -110.98224  34.816004      99.73 1.8232e+03    424.709      10194  1027.9550  1027.9557     4.6291     0.1705     0.1210    33.9854    33.9861    8.40172         25 0.0000e+00
    127.000    125.647    -1.5312  27.057020    -1.5320  27.056891     6.4247     6.6311     0.4685    97.7078 1.0000e-12  -74.04936 -110.98224  34.816016      99.73 1.8246e+03    425.766      10219  1027.9604  1027.9611     4.6351     0.2061     0.1179    33.9861    33.9869    8.40151         25 0.0000e+00
    128.000    126.638    -1.5307  27.058284    -1.5313  27.058309     6.4214     6.6272     0.4888    97.8624 1.0000e-12  -74.04936 -110.98224  34.816028      99.74 1.8232e+03    426.827      10245  1027.9656  1027.9662     4.6424     0.1460     0.1189    33.9866    33.9874    8.40136         26 0.0000e+00
    129.000    127.625    -1.5299  27.060454    -1.5304  27.060425     6.4173     6.6235     0.4367    97.8482 1.0000e-12  -74.04936 -110.98224  34.816040      99.73 1.8228e+03    427.861      10270  1027.9715  1027.9720     4.6417     0.1956     0.1168    33.9881    33.9887    8.40109         25 0.0000e+00
    130.000    128.615    -1.5298  27.061350    -1.5305  27.061256     6.4152     6.6201     0.4038    97.9835 1.0000e-12  -74.04936 -110.98224  34.816052      99.73 1.8241e+03    428.893      10294  1027.9767  1027.9773     4.6482     0.2208     0.1201    33.9886    33.9892    8.40104         24 0.0000e+00
    131.000    129.604    -1.5305  27.061676    -1.5311  27.061648     6.4158     6.6254     0.3641    97.9549 1.0000e-12  -74.04936 -110.98224  34.816064      99.73 1.8224e+03    429.925      10319  1027.9821  1027.9827     4.6468     0.1914     0.1171    33.9892    33.9899    8.40116         25 0.0000e+00
    132.000    130.593    -1.5304  27.062217    -1.5313  27.062143     6.4175     6.6226     0.4301    97.9713 1.0000e-12  -74.04936 -110.98224  34.816076      99.73 1.8217e+03    430.940      10344  1027.9869  1027.9876     4.6476     0.1464     0.1171    33.9893    33.9901    8.40114         25 0.0000e+00
    133.000    131.581    -1.5310  27.062167    -1.5317  27.062285     6.4115     6.6230     0.4786    97.9911 1.0000e-12  -74.04936 -110.98224  34.816088      99.73 1.8229e+03    431.967      10368  1027.9918  1027.9926     4.6485     0.1645     0.1208    33.9892    33.9902    8.40128         24 0.0000e+00
    134.000    132.571    -1.5306  27.063382    -1.5314  27.063217     6.4099     6.6227     0.3527    98.1032 1.0000e-12  -74.04936 -110.98224  34.816100      89.53 1.8225e+03    433.007      10393  1027.9970  1027.9976     4.6539     0.1259     0.1199    33.9898    33.9906    8.40115         25 0.0000e+00
    135.000    133.561    -1.5311  27.064012    -1.5319  27.063716     6.4179     6.6246     0.3250    97.8894 1.0000e-12  -74.04936 -110.98224  34.816112      99.77 1.8216e+03    434.046      10418  1028.0025  1028.0029     4.6437     0.1749     0.1163    33.9907    33.9911    8.40122         25 0.0000e+00
    136.000    134.549    -1.5304  27.065983    -1.5310  27.065832     6.4009     6.6130     0.3675    97.9548 1.0000e-12  -74.04936 -110.98224  34.816124      99.73 1.8227e+03    435.094      10443  1028.0083  1028.0087     4.6468     0.1274     0.1167    33.9920    33.9924    8.40098         26 0.0000e+00
    137.000    135.537    -1.5298  27.067712    -1.5305  27.067623     6.3978     6.6156     0.3887    97.9673 1.0000e-12  -74.04936 -110.98224  34.816136      99.73 1.8225e+03    436.148      10469  1028.0139  1028.0145     4.6474     0.1144     0.1174    33.9930    33.9936    8.40078         25 0.0000e+00
    138.000    136.527    -1.5291  27.069794    -1.5292  27.070299     6.3944     6.6074     0.3566    97.7014 1.0000e-12  -74.04936 -110.98224  34.816148      99.73 1.8227e+03    437.198      10494  1028.0198  1028.0205     4.6348     0.1349     0.1229    33.9944    33.9952    8.40053         25 0.0000e+00
    139.000    137.516    -1.5246  27.077349    -1.5251  27.077333     6.3918     6.5997     0.3302    98.1022 1.0000e-12  -74.04936 -110.98224  34.816160      99.73 1.8239e+03    438.247      10519  1028.0282  1028.0287     4.6538     0.1181     0.1181    33.9992    33.9997    8.39924         25 0.0000e+00
    140.000    138.504    -1.5246  27.077721    -1.5254  27.077318     6.3930     6.5987     0.2835    98.0215 1.0000e-12  -74.04936 -110.98224  34.816172      99.73 1.8241e+03    439.304      10544  1028.0330  1028.0333     4.6500     0.1215     0.1181    33.9990    33.9994    8.39925         26 0.0000e+00
    141.000    139.496    -1.5247  27.078113    -1.5254  27.077866     6.3868     6.5969     0.2505    98.0672 1.0000e-12  -74.04936 -110.98224  34.816185      99.73 1.8234e+03    440.346      10569  1028.0378  1028.0381     4.6522     0.1484     0.1179    33.9991    33.9995    8.39927         24 0.0000e+00
    142.000    140.482    -1.5246  27.078692    -1.5253  27.078511     6.3907     6.5917     0.2651    98.2368 1.0000e-12  -74.04936 -110.98224  34.816197      99.74 1.8246e+03    441.377      10594  1028.0427  1028.0431     4.6602     0.1242     0.1196    33.9992    33.9997    8.39925         25 0.0000e+00
    143.000    141.472    -1.5249  27.078880    -1.5256  27.078711     6.3953     6.5999     0.3363    98.3442 1.0000e-12  -74.04936 -110.98224  34.816208      99.73 1.8250e+03    442.405      10619  1028.0475  1028.0479     4.6653     0.1155     0.1200    33.9991    33.9996    8.39931         24 0.0000e+00
    144.000    142.460    -1.5249  27.079302    -1.5256  27.079115     6.4003     6.5956     0.3940    98.4107 1.0000e-12  -74.04936 -110.98224  34.816220      99.73 1.8254e+03    443.421      10643  1028.0522  1028.0527     4.6684     0.1012     0.1176    33.9991    33.9996    8.39932         25 0.0000e+00
    145.000    143.451    -1.5252  27.079326    -1.5260  27.079040     6.3939     6.5915     0.3143    98.3385 1.0000e-12  -74.04936 -110.98224  34.816232      99.74 1.8257e+03    444.430      10667  1028.0568  1028.0573     4.6650     0.1138     0.1223    33.9987    33.9993    8.39939         24 0.0000e+00
    146.000    144.438    -1.5252  27.079909    -1.5258  27.079644     6.3904     6.5977     0.2868    98.3476 1.0000e-12  -74.04936 -110.98224  34.816244      87.92 1.8260e+03    445.440      10692  1028.0618  1028.0621     4.6654     0.1076     0.1200    33.9989    33.9993    8.39938         24 0.0000e+00
    147.000    145.427    -1.5250  27.080592    -1.5256  27.080389     6.3867     6.5941     0.2282    98.1739 1.0000e-12  -74.04936 -110.98222  34.816255      98.01 1.8256e+03    446.443      10716  1028.0667  1028.0670     4.6572     0.1139     0.1205    33.9991    33.9994    8.39934         24 0.0000e+00
    148.000    146.417    -1.5249  27.081073    -1.5256  27.080798     6.3934     6.5915     0.4500    98.3293 1.0000e-12  -74.04936 -110.98224  34.816267      99.74 1.8263e+03    447.437      10739  1028.0714  1028.0717     4.6646     0.1414     0.1239    33.9990    33.9993    8.39932         24 0.0000e+00
    149.000    147.406    -1.5243  27.082256    -1.5249  27.082041     6.3880     6.5946     0.2992    98.2629 1.0000e-12  -74.04936 -110.98222  34.816278      99.74 1.8263e+03    448.436      10763  1028.0764  1028.0768     4.6614     0.1059     0.1189    33.9993    33.9997    8.39916         24 0.0000e+00
    150.000    148.394    -1.5234  27.083571    -1.5238  27.083522     6.3891     6.5962     0.2386    98.4202 1.0000e-12  -74.04936 -110.98224  34.816290      99.73 1.8262e+03    449.430      10787  1028.0814  1028.0816     4.6689     0.1181     0.1176    33.9995    33.9998    8.39895         23 0.0000e+00
    151.000    149.384    -1.5221  27.085398    -1.5224  27.085413     6.3869     6.5918     0.2677    98.1845 1.0000e-12  -74.04936 -110.98222  34.816301      99.74 1.8260e+03    450.401      10811  1028.0864  1028.0867     4.6577     0.1180     0.1175    33.9999    34.0002    8.39863         24 0.0000e+00
    152.000    150.372    -1.5212  27.086853    -1.5218  27.086494     6.3894     6.5921     0.3085    97.9962 1.0000e-12  -74.04936 -110.98224  34.816312      99.73 1.8263e+03    451.387      10834  1028.0914  1028.0917     4.6490     0.1178     0.1179    34.0002    34.0004    8.39841         24 0.0000e+00
    153.000    151.362    -1.5206  27.088075    -1.5215  27.087246     6.3916     6.5905     0.3108    98.4269 1.0000e-12  -74.04934 -110.98222  34.816324      99.74 1.8263e+03    452.375      10858  1028.0965  1028.0965     4.6689     0.1051     0.1186    34.0006    34.0005    8.39825         23 0.0000e+00
    154.000    152.350    -1.5206  27.088436    -1.5206  27.088729     6.3830     6.5933     0.2618    98.2929 1.0000e-12  -74.04934 -110.98224  34.816335      99.74 1.8263e+03    453.354      10881  1028.1012  1028.1016     4.6629     0.1184     0.1208    34.0004    34.0009    8.39825         24 0.0000e+00
    155.000    153.340    -1.5203  27.089545    -1.5199  27.090048     6.3840     6.5908     0.2376    98.1536 1.0000e-12  -74.04934 -110.98222  34.816347      99.74 1.8263e+03    454.345      10905  1028.1065  1028.1067     4.6563     0.1241     0.1168    34.0010    34.0013    8.39815         24 0.0000e+00
    156.000    154.326    -1.5184  27.091708    -1.5185  27.091944     6.3903     6.5933     0.4036    98.4237 1.0000e-12  -74.04934 -110.98224  34.816358      99.74 1.8263e+03    455.342      10929  1028.1114  1028.1116     4.6691     0.1105     0.1148    34.0013    34.0016    8.39772         24 0.0000e+00
