ocean_section_plots/required_files/ctd/dnbp2202_ctd252.cnv
* Sea-Bird SBE 9 Data File:
* FileName = D:\Data\raw\NBP2202_CTD252.hex
* Software Version Seasave V 7.26.7.121
* Temperature SN = 1649
* Conductivity SN = 2513
* Number of Bytes Per Scan = 40
* Number of Voltage Words = 5
* Number of Scans Averaged by the Deck Unit = 1
* NMEA Latitude = 74 01.28 S
* NMEA Longitude = 118 06.34 W
* NMEA UTC (Time) = Feb 15 2022  15:37:21
* NMEA baud rate = 9600
** Ship: RVIB N.B. Palmer
** Cruise: NBP2202 Thwaites
** Station: 160
** Operator: A. Robinson
# nquan = 28
# nvalues = 942                         
# units = specified
# name 0 = prDM: Pressure, Digiquartz [db]
# name 1 = depSM: Depth [salt water, m]
# name 2 = t090C: Temperature [ITS-90, deg C]
# name 3 = c0mS/cm: Conductivity [mS/cm]
# name 4 = t190C: Temperature, 2 [ITS-90, deg C]
# name 5 = c1mS/cm: Conductivity, 2 [mS/cm]
# name 6 = sbeox0ML/L: Oxygen, SBE 43 [ml/l]
# name 7 = sbeox1ML/L: Oxygen, SBE 43, 2 [ml/l]
# name 8 = flECO-AFL: Fluorescence, WET Labs ECO-AFL/FL [mg/m^3]
# name 9 = CStarTr0: Beam Transmission, WET Labs C-Star [%]
# name 10 = par: PAR/Irradiance, Biospherical/Licor
# name 11 = latitude: Latitude [deg]
# name 12 = longitude: Longitude [deg]
# name 13 = timeJ: Julian Days
# name 14 = altM: Altimeter [m]
# name 15 = spar: SPAR, Biospherical/Licor
# name 16 = timeS: Time, Elapsed [seconds]
# name 17 = scan: Scan Count
# name 18 = density00: Density [density, kg/m^3]
# name 19 = density11: Density, 2 [density, kg/m^3]
# name 20 = v3: Voltage 3
# name 21 = v4: Voltage 4
# name 22 = v5: Voltage 5
# name 23 = sal00: Salinity, Practical [PSU]
# name 24 = sal11: Salinity, Practical, 2 [PSU]
# name 25 = oxsolML/L: Oxygen Saturation, Garcia & Gordon [ml/l]
# name 26 = nbin: number of scans per bin
# name 27 = flag: flag
# span 0 =      2.000,    943.000       
# span 1 =      2.033,    931.124       
# span 2 =    -1.7425,     0.6536       
# span 3 =  26.928522,  29.687633       
# span 4 =    -1.7428,     0.6567       
# span 5 =  26.928410,  29.687924       
# span 6 =     4.6260,     9.0789       
# span 7 =     4.7621,     9.4409       
# span 8 =    -0.0148,    13.2695       
# span 9 =    84.7901,    97.2294       
# span 10 = -3.373e-06, 2.2849e+02      
# span 11 =  -74.02146,  -74.02097      
# span 12 = -118.10576, -118.09998      
# span 13 =  46.653259,  46.668039      
# span 14 =       1.68,      99.73      
# span 15 = 4.5478e+02, 5.4892e+02      
# span 16 =    200.553,   1477.602      
# span 17 =       4814,      35463      
# span 18 =  1027.1831,  1032.1475      
# span 19 =  1027.1864,  1032.1449      
# span 20 =     4.0226,     4.6124      
# span 21 =     0.0672,     2.0630      
# span 22 =     0.1038,     0.1845      
# span 23 =    33.8240,    34.5625      
# span 24 =    33.8300,    34.5598      
# span 25 =    7.89969,    8.44845      
# span 26 =          2,         49      
# span 27 = 0.0000e+00, 0.0000e+00      
# interval = decibars: 1                
# start_time = Feb 15 2022 15:37:21 [NMEA time, header]
# bad_flag = -9.990e-29
*END*
[from data line 518]
    520.000    513.976    -0.1037  28.732172    -0.1014  28.731781     5.0349     5.1794     0.0905    96.3325 1.0000e-12  -74.02114 -118.10394  46.661628      94.36 5.1732e+02    923.640      22168  1030.0906  1030.0879     4.5699     0.0836     0.1126    34.3991    34.3959    8.06577         26 0.0000e+00
    521.000    514.963    -0.1000  28.736140    -0.0973  28.736240     5.0318     5.1770     0.1189    96.4633 1.0000e-12  -74.02114 -118.10394  46.661640      99.47 5.1370e+02    924.688      22194  1030.0957  1030.0933     4.5762     0.0842     0.1122    34.3995    34.3966    8.06494         25 0.0000e+00
    522.000    515.952    -0.1006  28.735732    -0.0989  28.735108     5.0222     5.1733     0.0952    96.5824 1.0000e-12  -74.02114 -118.10394  46.661652      99.56 5.1369e+02    925.692      22218  1030.1006  1030.0983     4.5817     0.0858     0.1105    34.3991    34.3963    8.06510         23 0.0000e+00
    523.000    516.938    -0.1005  28.736188    -0.0988  28.735588     5.0149     5.1752     0.1295    96.6009 1.0000e-12  -74.02114 -118.10394  46.661663      99.57 5.1812e+02    926.718      22242  1030.1056  1030.1033     4.5826     0.0855     0.1109    34.3990    34.3963    8.06509         25 0.0000e+00
    524.000    517.925    -0.1014  28.736180    -0.0994  28.735701     5.0364     5.1779     0.1222    96.5871 1.0000e-12  -74.02114 -118.10394  46.661676      99.56 5.1392e+02    927.791      22268  1030.1109  1030.1085     4.5819     0.0839     0.1122    34.3994    34.3965    8.06525         27 0.0000e+00
    525.000    518.912    -0.1002  28.737777    -0.0973  28.738076     5.0211     5.1833     0.1241    96.6024 1.0000e-12  -74.02114 -118.10394  46.661688      99.56 5.1455e+02    928.882      22294  1030.1159  1030.1134     4.5827     0.0841     0.1121    34.3995    34.3967    8.06499         26 0.0000e+00
    526.000    519.900    -0.1017  28.736393    -0.0990  28.736853     5.0247     5.1760     0.1129    96.6140 1.0000e-12  -74.02114 -118.10394  46.661701      99.56 5.1825e+02    929.946      22320  1030.1205  1030.1183     4.5832     0.0876     0.1123    34.3988    34.3964    8.06535         25 0.0000e+00
    527.000    520.887    -0.1033  28.735339    -0.1014  28.734836     5.0332     5.1727     0.1022    96.6078 1.0000e-12  -74.02114 -118.10394  46.661713      99.57 5.1529e+02    930.960      22344  1030.1253  1030.1229     4.5829     0.0864     0.1110    34.3986    34.3958    8.06570         23 0.0000e+00
    528.000    521.874    -0.1075  28.731622    -0.1040  28.732607     5.0320     5.1804     0.1150    96.6052 1.0000e-12  -74.02114 -118.10394  46.661724      99.56 5.1520e+02    931.940      22368  1030.1299  1030.1276     4.5828     0.0860     0.1138    34.3978    34.3952    8.06663         24 0.0000e+00
    529.000    522.860    -0.1038  28.735596    -0.1019  28.735183     5.0260     5.1812     0.1232    96.6059 1.0000e-12  -74.02114 -118.10394  46.661736      99.56 5.1672e+02    932.947      22392  1030.1348  1030.1326     4.5829     0.0891     0.1154    34.3984    34.3957    8.06582         25 0.0000e+00
    530.000    523.849    -0.1029  28.736877    -0.1014  28.736033     5.0253     5.1821     0.1168    96.5897 1.0000e-12  -74.02114 -118.10394  46.661748      99.57 5.1747e+02    934.019      22417  1030.1396  1030.1373     4.5820     0.0861     0.1136    34.3984    34.3956    8.06562         26 0.0000e+00
    531.000    524.836    -0.0967  28.743779    -0.0952  28.742671     5.0259     5.1737     0.1185    96.5900 1.0000e-12  -74.02114 -118.10394  46.661761      93.90 5.1545e+02    935.139      22444  1030.1451  1030.1425     4.5821     0.0867     0.1110    34.4000    34.3969    8.06422         27 0.0000e+00
    532.000    525.822    -0.0947  28.746029    -0.0933  28.745038     5.0148     5.1684     0.1030    96.5649 1.0000e-12  -74.02114 -118.10394  46.661774      87.95 5.1660e+02    936.263      22471  1030.1500  1030.1476     4.5809     0.0838     0.1116    34.4002    34.3973    8.06379         27 0.0000e+00
    533.000    526.811    -0.0912  28.750017    -0.0896  28.749245     5.0151     5.1716     0.1141    96.5520 1.0000e-12  -74.02114 -118.10394  46.661787      98.05 5.1768e+02    937.361      22498  1030.1551  1030.1527     4.5804     0.0857     0.1141    34.4010    34.3981    8.06302         26 0.0000e+00
    534.000    527.796    -0.0916  28.750033    -0.0893  28.750032     5.0169     5.1691     0.1397    96.5895 1.0000e-12  -74.02114 -118.10394  46.661799      99.57 5.1546e+02    938.419      22523  1030.1598  1030.1575     4.5821     0.0855     0.1128    34.4008    34.3982    8.06310         25 0.0000e+00
    535.000    528.784    -0.0892  28.752865    -0.0869  28.752803     5.0171     5.1661     0.1873    96.5748 1.0000e-12  -74.02114 -118.10394  46.661811      99.56 5.1605e+02    939.480      22549  1030.1647  1030.1624     4.5814     0.0860     0.1123    34.4013    34.3986    8.06257         26 0.0000e+00
    536.000    529.770    -0.0838  28.758678    -0.0802  28.759888     5.0138     5.1631     0.1498    96.5491 1.0000e-12  -74.02114 -118.10394  46.661824      99.57 5.1883e+02    940.564      22575  1030.1699  1030.1677     4.5802     0.0864     0.1113    34.4024    34.4000    8.06138         26 0.0000e+00
    537.000    530.758    -0.0791  28.764028    -0.0763  28.764077     5.0002     5.1614     0.1017    96.5971 1.0000e-12  -74.02114 -118.10394  46.661836      99.57 5.1586e+02    941.637      22600  1030.1752  1030.1726     4.5824     0.0866     0.1127    34.4035    34.4006    8.06031         25 0.0000e+00
    538.000    531.746    -0.0661  28.777737    -0.0657  28.774960     5.0005     5.1478     0.1022    96.5115 1.0000e-12  -74.02114 -118.10394  46.661848      99.57 5.1639e+02    942.700      22626  1030.1812  1030.1780     4.5784     0.0858     0.1154    34.4066    34.4025    8.05741         26 0.0000e+00
    539.000    532.731    -0.0622  28.781626    -0.0573  28.784084     4.9940     5.1550     0.1058    96.5507 1.0000e-12  -74.02114 -118.10394  46.661861      99.57 5.1955e+02    943.761      22651  1030.1859  1030.1836     4.5803     0.0857     0.1127    34.4068    34.4045    8.05658         26 0.0000e+00
    540.000    533.720    -0.0581  28.786095    -0.0550  28.786819     4.9973     5.1501     0.1210    96.5826 1.0000e-12  -74.02114 -118.10394  46.661873      99.57 5.1558e+02    944.809      22676  1030.1909  1030.1887     4.5817     0.0851     0.1114    34.4075    34.4049    8.05568         24 0.0000e+00
    541.000    534.705    -0.0509  28.793831    -0.0482  28.793827     4.9917     5.1384     0.1355    96.6031 1.0000e-12  -74.02114 -118.10394  46.661885      99.57 5.1618e+02    945.847      22701  1030.1963  1030.1938     4.5827     0.0886     0.1139    34.4090    34.4061    8.05406         25 0.0000e+00
    542.000    535.693    -0.0408  28.804236    -0.0395  28.802921     4.9830     5.1286     0.0942    96.5740 1.0000e-12  -74.02114 -118.10394  46.661897      99.57 5.1969e+02    946.874      22726  1030.2017  1030.1991     4.5813     0.0849     0.1129    34.4109    34.4076    8.05183         25 0.0000e+00
    543.000    536.681    -0.0303  28.815117    -0.0284  28.814270     4.9875     5.1269     0.0876    96.5821 1.0000e-12  -74.02114 -118.10394  46.661909      83.24 5.1662e+02    947.907      22751  1030.2073  1030.2045     4.5817     0.0828     0.1121    34.4129    34.4097    8.04952         25 0.0000e+00
    544.000    537.667    -0.0258  28.820083    -0.0238  28.819429     4.9775     5.1290     0.0947    96.6138 1.0000e-12  -74.02114 -118.10394  46.661921      88.10 5.1673e+02    948.948      22776  1030.2124  1030.2098     4.5832     0.1268     0.1151    34.4138    34.4107    8.04851         25 0.0000e+00
    545.000    538.654    -0.0273  28.818941    -0.0252  28.818542     4.8663     5.1194     0.1089    96.5673 1.0000e-12  -74.02114 -118.10394  46.661933      99.28 5.1860e+02    950.035      22802  1030.2171  1030.2147     4.5810     0.1001     0.1131    34.4134    34.4105    8.04885         27 0.0000e+00
    546.000    539.642    -0.0233  28.823603    -0.0203  28.823923     5.0132     5.1117     0.1024    96.6117 1.0000e-12  -74.02114 -118.10394  46.661946      99.58 5.1713e+02    951.152      22829  1030.2224  1030.2199     4.5831     0.0886     0.1118    34.4145    34.4116    8.04795         26 0.0000e+00
    547.000    540.629    -0.0148  28.832369    -0.0110  28.833377     4.9989     5.1114     0.0877    96.4410 1.0000e-12  -74.02114 -118.10394  46.661959      99.57 5.1604e+02    952.236      22855  1030.2276  1030.2251     4.5750     0.0933     0.1207    34.4160    34.4131    8.04608         26 0.0000e+00
    548.000    541.616    -0.0084  28.839443    -0.0053  28.839597     4.9681     5.1153     0.1016    96.5551 1.0000e-12  -74.02114 -118.10394  46.661971      99.57 5.1837e+02    953.274      22880  1030.2332  1030.2303     4.5805     0.0867     0.1141    34.4175    34.4143    8.04465         24 0.0000e+00
    549.000    542.600     0.0026  28.850386     0.0045  28.849779     4.9643     5.1144     0.0836    96.6265 1.0000e-12  -74.02114 -118.10394  46.661983      99.57 5.1872e+02    954.319      22905  1030.2383  1030.2358     4.5838     0.0850     0.1121    34.4191    34.4162    8.04225         24 0.0000e+00
    550.000    543.591     0.0070  28.855440     0.0101  28.855952     4.9525     5.1050     0.0995    96.6114 1.0000e-12  -74.02114 -118.10394  46.661996      99.57 5.1722e+02    955.435      22931  1030.2437  1030.2412     4.5831     0.0861     0.1114    34.4203    34.4175    8.04126         28 0.0000e+00
    551.000    544.576     0.0222  28.871466     0.0262  28.872530     4.9520     5.1017     0.1028    96.6113 1.0000e-12  -74.02114 -118.10394  46.662009      99.57 5.1830e+02    956.618      22960  1030.2499  1030.2472     4.5831     0.0880     0.1126    34.4238    34.4208    8.03787         28 0.0000e+00
    552.000    545.563     0.0275  28.876830     0.0297  28.876560     4.9565     5.1010     0.2747    96.5911 1.0000e-12  -74.02114 -118.10394  46.662023      99.57 5.1780e+02    957.764      22987  1030.2548  1030.2524     4.5822     0.1399     0.1179    34.4244    34.4215    8.03673         26 0.0000e+00
    553.000    546.552     0.0319  28.881475     0.0339  28.880990     4.9455     5.0975     0.1001    96.5946 1.0000e-12  -74.02114 -118.10394  46.662035      99.57 5.1656e+02    958.824      23013  1030.2598  1030.2574     4.5823     0.0815     0.1130    34.4250    34.4222    8.03577         25 0.0000e+00
    554.000    547.538     0.0317  28.881761     0.0343  28.881831     4.9385     5.0908     0.1556    96.5863 1.0000e-12  -74.02114 -118.10394  46.662047      99.57 5.1766e+02    959.840      23037  1030.2647  1030.2623     4.5819     0.0856     0.1110    34.4250    34.4222    8.03581         25 0.0000e+00
    555.000    548.525     0.0332  28.883632     0.0360  28.883799     4.9461     5.0958     0.1027    96.6069 1.0000e-12  -74.02114 -118.10394  46.662059      99.57 5.1970e+02    960.875      23062  1030.2696  1030.2671     4.5829     0.0850     0.1114    34.4252    34.4224    8.03549         25 0.0000e+00
    556.000    549.512     0.0398  28.890602     0.0449  28.893035     4.9373     5.0841     0.2304    96.6386 1.0000e-12  -74.02114 -118.10394  46.662071      84.50 5.1711e+02    961.957      23088  1030.2749  1030.2723     4.5844     0.0870     0.1130    34.4265    34.4239    8.03405         27 0.0000e+00
    557.000    550.499     0.0488  28.900254     0.0515  28.900293     4.9250     5.0767     0.1219    96.6176 1.0000e-12  -74.02114 -118.10394  46.662084      95.39 5.1711e+02    963.084      23115  1030.2804  1030.2779     4.5834     0.1044     0.1124    34.4285    34.4256    8.03204         27 0.0000e+00
    558.000    551.486     0.0637  28.916562     0.0664  28.916092     4.9226     5.0696     0.1363    96.6485 1.0000e-12  -74.02114 -118.10394  46.662097      99.63 5.1980e+02    964.181      23141  1030.2873  1030.2842     4.5849     0.0860     0.1118    34.4327    34.4291    8.02868         25 0.0000e+00
    559.000    552.473     0.0767  28.929833     0.0790  28.929424     4.9206     5.0673     0.1023    96.6367 1.0000e-12  -74.02114 -118.10392  46.662109      99.57 5.1734e+02    965.220      23166  1030.2929  1030.2902     4.5843     0.0843     0.1114    34.4351    34.4320    8.02583         25 0.0000e+00
    560.000    553.460     0.0864  28.940382     0.0893  28.940116     4.9128     5.0536     0.1187    96.6471 1.0000e-12  -74.02114 -118.10394  46.662121      99.57 5.1726e+02    966.236      23191  1030.2987  1030.2957     4.5849     0.0856     0.1131    34.4375    34.4339    8.02366         24 0.0000e+00
    561.000    554.448     0.1034  28.957632     0.1066  28.957640     4.8870     5.0444     0.1256    96.6241 1.0000e-12  -74.02114 -118.10392  46.662133      99.57 5.2042e+02    967.280      23216  1030.3046  1030.3014     4.5837     0.0849     0.1139    34.4407    34.4371    8.01993         26 0.0000e+00
    562.000    555.434     0.1209  28.975305     0.1235  28.975159     4.9013     5.0454     0.1361    96.5934 1.0000e-12  -74.02114 -118.10394  46.662145      99.57 5.1724e+02    968.364      23242  1030.3103  1030.3077     4.5822     0.0840     0.1120    34.4437    34.4407    8.01610         26 0.0000e+00
    563.000    556.421     0.1223  28.977375     0.1240  28.976734     4.9001     5.0487     0.1148    96.6339 1.0000e-12  -74.02114 -118.10392  46.662158      99.56 5.1713e+02    969.455      23268  1030.3156  1030.3134     4.5842     0.0853     0.1132    34.4443    34.4416    8.01577         26 0.0000e+00
    564.000    557.407     0.1212  28.977011     0.1234  28.976841     4.8988     5.0455     0.1022    96.5935 1.0000e-12  -74.02114 -118.10393  46.662170      99.57 5.2047e+02    970.525      23294  1030.3209  1030.3185     4.5823     0.0839     0.1132    34.4445    34.4418    8.01600         26 0.0000e+00
    565.000    558.395     0.1204  28.977126     0.1231  28.977272     4.8967     5.0492     0.0978    96.6407 1.0000e-12  -74.02114 -118.10393  46.662183      99.57 5.1711e+02    971.569      23319  1030.3262  1030.3237     4.5845     0.0863     0.1137    34.4450    34.4422    8.01613         23 0.0000e+00
    566.000    559.382     0.1209  28.978326     0.1234  28.978338     4.8985     5.0413     0.0948    96.6812 1.0000e-12  -74.02114 -118.10393  46.662195      99.58 5.1787e+02    972.629      23344  1030.3313  1030.3290     4.5864     0.0861     0.1133    34.4454    34.4426    8.01600         26 0.0000e+00
    567.000    560.368     0.1208  28.978690     0.1234  28.978736     4.8879     5.0402     0.0948    96.6262 1.0000e-12  -74.02114 -118.10393  46.662208      99.57 5.2031e+02    973.750      23371  1030.3362  1030.3338     4.5838     0.0845     0.1122    34.4454    34.4426    8.01602         27 0.0000e+00
    568.000    561.356     0.1205  28.979335     0.1231  28.979568     4.8964     5.0379     0.0900    96.5308 1.0000e-12  -74.02114 -118.10393  46.662221      89.82 5.1784e+02    974.871      23398  1030.3416  1030.3392     4.5793     0.0813     0.1111    34.4460    34.4434    8.01606         26 0.0000e+00
    569.000    562.343     0.1201  28.979628     0.1225  28.979665     4.8958     5.0410     0.0875    96.5500 1.0000e-12  -74.02114 -118.10393  46.662233      93.56 5.1741e+02    975.935      23423  1030.3467  1030.3444     4.5802     0.1015     0.1141    34.4463    34.4437    8.01614         26 0.0000e+00
    570.000    563.329     0.1193  28.980002     0.1219  28.980072     4.8811     5.0403     0.0917    96.6014 1.0000e-12  -74.02114 -118.10393  46.662245      99.44 5.1922e+02    976.967      23448  1030.3522  1030.3497     4.5826     0.0855     0.1121    34.4471    34.4442    8.01625         24 0.0000e+00
