ocean_section_plots/required_files/ctd/dnbp2202_ctd102.cnv
* Sea-Bird SBE 9 Data File:
* FileName = D:\Data\raw\NBP2202_CTD102.hex
* Software Version Seasave V 7.26.7.121
* Temperature SN = 1649
* Conductivity SN = 2513
* Number of Bytes Per Scan = 40
* Number of Voltage Words = 5
* Number of Scans Averaged by the Deck Unit = 1
* NMEA Latitude = 74 10.52 S
* NMEA Longitude = 113 20.65 W
* NMEA UTC (Time) = Jan 27 2022  03:21:59
* NMEA baud rate = 9600
** Ship: RVIB N.B. Palmer
** Cruise: NBP2202 Thwaites
** Station: YoYo001
** Operator: B. Bjork
# nquan = 25
# nvalues = 608                         
# units = specified
# name 0 = prDM: Pressure, Digiquartz [db]
# name 1 = depSM: Depth [salt water, m]
# name 2 = t090C: Temperature [ITS-90, deg C]
# name 3 = c0mS/cm: Conductivity [mS/cm]
# name 4 = t190C: Temperature, 2 [ITS-90, deg C]
# name 5 = c1mS/cm: Conductivity, 2 [mS/cm]
# name 6 = sbeox0ML/L: Oxygen, SBE 43 [ml/l]
# name 7 = sbeox1ML/L: Oxygen, SBE 43, 2 [ml/l]
# name 8 = flECO-AFL: Fluorescence, WET Labs ECO-AFL/FL [mg/m^3]
# name 9 = CStarTr0: Beam Transmission, WET Labs C-Star [%]
# name 10 = par: PAR/Irradiance, Biospherical/Licor
# name 11 = latitude: Latitude [deg]
# name 12 = longitude: Longitude [deg]
# name 13 = timeJ: Julian Days
# name 14 = altM: Altimeter [m]
# name 15 = spar: SPAR, Biospherical/Licor
# name 16 = timeS: Time, Elapsed [seconds]
# name 17 = scan: Scan Count
# name 18 = density00: Density [density, kg/m^3]
# name 19 = density11: Density, 2 [density, kg/m^3]
# name 20 = sal00: Salinity, Practical [PSU]
# name 21 = sal11: Salinity, Practical, 2 [PSU]
# name 22 = oxsolML/L: Oxygen Saturation, Garcia & Gordon [ml/l]
# name 23 = nbin: number of scans per bin
# name 24 = flag: flag
# span 0 =     10.000,    617.000       
# span 1 =      9.897,    609.705       
# span 2 =    -1.5052,     0.0769       
# span 3 =  26.941235,  28.910814       
# span 4 =    -1.5033,     0.0785       
# span 5 =  26.818167,  28.787743       
# span 6 =     4.6794,     8.5678       
# span 7 =     4.7218,     8.4428       
# span 8 =    -0.0226,    24.8507       
# span 9 =    69.5345,    95.5258       
# span 10 = -5.461e-05, 1.4250e+01      
# span 11 =  -74.17536,  -74.17536      
# span 12 = -113.34428, -113.34424      
# span 13 =  27.140902,  27.149546      
# span 14 =       7.66,     100.07      
# span 15 = 4.7422e+02, 5.6236e+02      
# span 16 =     54.935,    801.788      
# span 17 =       1319,      19244      
# span 18 =  1027.2207,  1030.5206      
# span 19 =  1027.0851,  1030.3893      
# span 20 =    33.7865,    34.3772      
# span 21 =    33.6171,    34.2136      
# span 22 =    8.02904,    8.40550      
# span 23 =         18,         46      
# span 24 = 0.0000e+00, 0.0000e+00      
# interval = decibars: 1                
# start_time = Jan 27 2022 03:21:59 [NMEA time, header]
# bad_flag = -9.990e-29
*END*
[from data line 464]
    474.000    468.557    -0.1052  28.647054    -0.1032  28.520435     4.7493     4.7915    -0.0016    95.1237 1.0000e-12  -74.17536 -113.34426  27.147217      99.80 4.8409e+02    600.579      14415  1029.8092  1029.6727    34.3151    34.1454    8.07082         25 0.0000e+00
    475.000    469.545    -0.1005  28.653173    -0.0985  28.526287     4.7515     4.7917    -0.0077    95.1085 1.0000e-12  -74.17536 -113.34426  27.147229      99.87 4.8369e+02    601.602      14439  1029.8153  1029.6785    34.3174    34.1473    8.06970         24 0.0000e+00
    476.000    470.532    -0.0958  28.658226    -0.0948  28.530767     4.7497     4.7907    -0.0086    95.1279 1.0000e-12  -74.17536 -113.34426  27.147241      99.87 4.8325e+02    602.610      14464  1029.8203  1029.6839    34.3182    34.1486    8.06866         24 0.0000e+00
    477.000    471.521    -0.0961  28.658168    -0.0945  28.531599     4.7471     4.7901    -0.0040    95.0735 1.0000e-12  -74.17536 -113.34426  27.147253      99.86 4.8340e+02    603.616      14488  1029.8249  1029.6888    34.3180    34.1487    8.06875         24 0.0000e+00
    478.000    472.507    -0.0965  28.658777    -0.0947  28.532151     4.7494     4.7895    -0.0100    95.0650 1.0000e-12  -74.17536 -113.34426  27.147264      99.87 4.8310e+02    604.621      14512  1029.8302  1029.6938    34.3186    34.1491    8.06879         25 0.0000e+00
    479.000    473.493    -0.0957  28.659945    -0.0941  28.533243     4.7480     4.7888    -0.0129    95.0464 1.0000e-12  -74.17536 -113.34426  27.147276      99.87 4.8303e+02    605.636      14536  1029.8349  1029.6986    34.3186    34.1492    8.06862         24 0.0000e+00
    480.000    474.483    -0.0957  28.660610    -0.0944  28.533688     4.7497     4.7911    -0.0054    95.0424 1.0000e-12  -74.17536 -113.34425  27.147288      99.87 4.8303e+02    606.662      14561  1029.8399  1029.7037    34.3190    34.1496    8.06860         25 0.0000e+00
    481.000    475.469    -0.0957  28.661234    -0.0936  28.534826     4.7405     4.7818    -0.0013    95.0193 1.0000e-12  -74.17536 -113.34425  27.147300      99.86 4.8303e+02    607.693      14586  1029.8448  1029.7084    34.3192    34.1496    8.06859         24 0.0000e+00
    482.000    476.457    -0.0848  28.672779    -0.0805  28.547615     4.7360     4.7740    -0.0033    95.0384 1.0000e-12  -74.17536 -113.34425  27.147312      99.87 4.8303e+02    608.716      14610  1029.8506  1029.7133    34.3217    34.1513    8.06615         25 0.0000e+00
    483.000    477.444    -0.0751  28.683918    -0.0731  28.556798     4.7367     4.7788    -0.0068    95.0345 1.0000e-12  -74.17536 -113.34425  27.147323      99.87 4.8303e+02    609.733      14635  1029.8571  1029.7201    34.3249    34.1546    8.06391         24 0.0000e+00
    484.000    478.431    -0.0721  28.689349    -0.0707  28.562649     4.7347     4.7784    -0.0036    95.0546 1.0000e-12  -74.17536 -113.34426  27.147335      90.12 4.8303e+02    610.743      14659  1029.8643  1029.7283    34.3283    34.1591    8.06311         25 0.0000e+00
    485.000    479.419    -0.0724  28.690070    -0.0708  28.563365     4.7365     4.7779    -0.0146    95.0601 1.0000e-12  -74.17536 -113.34426  27.147347      76.21 4.8303e+02    611.759      14683  1029.8696  1029.7335    34.3289    34.1596    8.06312         24 0.0000e+00
    486.000    480.406    -0.0723  28.690868    -0.0707  28.564101     4.7398     4.7773    -0.0086    95.0742 1.0000e-12  -74.17536 -113.34426  27.147359      90.86 4.8289e+02    612.785      14708  1029.8747  1029.7385    34.3293    34.1599    8.06308         25 0.0000e+00
    487.000    481.393    -0.0721  28.691435    -0.0706  28.564596     4.7356     4.7801    -0.0089    95.0795 1.0000e-12  -74.17536 -113.34426  27.147370      97.88 4.8303e+02    613.811      14732  1029.8795  1029.7433    34.3293    34.1599    8.06305         24 0.0000e+00
    488.000    482.382    -0.0725  28.691586    -0.0705  28.565315     4.7376     4.7779    -0.0016    95.0784 1.0000e-12  -74.17536 -113.34426  27.147382      99.86 4.8226e+02    614.830      14757  1029.8842  1029.7482    34.3292    34.1600    8.06312         25 0.0000e+00
    489.000    483.368    -0.0704  28.694646    -0.0678  28.568835     4.7299     4.7816    -0.0083    95.0528 1.0000e-12  -74.17536 -113.34426  27.147394      99.87 4.8171e+02    615.851      14781  1029.8897  1029.7536    34.3303    34.1612    8.06261         24 0.0000e+00
    490.000    484.355    -0.0681  28.698054    -0.0668  28.570570     4.7326     4.7778    -0.0022    95.0473 1.0000e-12  -74.17536 -113.34426  27.147406      99.87 4.8158e+02    616.862      14806  1029.8953  1029.7587    34.3317    34.1617    8.06205         24 0.0000e+00
    491.000    485.342    -0.0650  28.702068    -0.0630  28.575345     4.7285     4.7700    -0.0075    94.9970 1.0000e-12  -74.17536 -113.34426  27.147418      99.87 4.8126e+02    617.873      14830  1029.9009  1029.7644    34.3330    34.1633    8.06134         24 0.0000e+00
    492.000    486.331    -0.0625  28.705501    -0.0608  28.578608     4.7309     4.7747    -0.0154    94.9918 1.0000e-12  -74.17536 -113.34426  27.147429      99.86 4.8127e+02    618.885      14854  1029.9063  1029.7699    34.3341    34.1645    8.06074         25 0.0000e+00
    493.000    487.317    -0.0623  28.706025    -0.0605  28.579432     4.7360     4.7763    -0.0129    94.9872 1.0000e-12  -74.17536 -113.34426  27.147441      99.87 4.8127e+02    619.908      14879  1029.9110  1029.7749    34.3340    34.1647    8.06071         24 0.0000e+00
    494.000    488.303    -0.0617  28.707248    -0.0600  28.580417     4.7371     4.7747    -0.0136    94.9722 1.0000e-12  -74.17536 -113.34425  27.147453      99.87 4.8127e+02    620.922      14903  1029.9160  1029.7798    34.3343    34.1649    8.06056         25 0.0000e+00
    495.000    489.292    -0.0607  28.708888    -0.0591  28.582019     4.7311     4.7755    -0.0167    94.9378 1.0000e-12  -74.17536 -113.34425  27.147465      99.87 4.8141e+02    621.945      14928  1029.9210  1029.7848    34.3348    34.1653    8.06032         25 0.0000e+00
    496.000    490.280    -0.0606  28.709507    -0.0588  28.582719     4.7335     4.7764    -0.0162    94.9421 1.0000e-12  -74.17536 -113.34425  27.147476      99.87 4.8084e+02    622.962      14952  1029.9259  1029.7896    34.3350    34.1654    8.06030         24 0.0000e+00
    497.000    491.266    -0.0604  28.710034    -0.0588  28.583335     4.7301     4.7766    -0.0184    94.9358 1.0000e-12  -74.17536 -113.34424  27.147488      99.87 4.8017e+02    623.977      14976  1029.9305  1029.7945    34.3349    34.1656    8.06027         24 0.0000e+00
    498.000    492.253    -0.0599  28.711075    -0.0582  28.584289     4.7296     4.7770    -0.0144    94.9260 1.0000e-12  -74.17536 -113.34424  27.147500      88.58 4.7949e+02    624.995      15001  1029.9354  1029.7992    34.3350    34.1656    8.06014         24 0.0000e+00
    499.000    493.241    -0.0588  28.712769    -0.0571  28.586084     4.7373     4.7771    -0.0016    94.9344 1.0000e-12  -74.17536 -113.34424  27.147512      89.01 4.7950e+02    626.020      15025  1029.9404  1029.8043    34.3354    34.1662    8.05988         25 0.0000e+00
    500.000    494.228    -0.0580  28.713949    -0.0563  28.587354     4.7348     4.7813    -0.0094    94.9239 1.0000e-12  -74.17536 -113.34424  27.147524      99.41 4.7950e+02    627.040      15050  1029.9451  1029.8091    34.3355    34.1664    8.05971         25 0.0000e+00
    501.000    495.216    -0.0572  28.715348    -0.0555  28.588684     4.7298     4.7732    -0.0092    94.9218 1.0000e-12  -74.17536 -113.34424  27.147535      99.86 4.7950e+02    628.050      15074  1029.9501  1029.8141    34.3359    34.1667    8.05952         24 0.0000e+00
    502.000    496.202    -0.0537  28.720007    -0.0522  28.592597     4.7289     4.7705    -0.0089    94.9239 1.0000e-12  -74.17536 -113.34424  27.147547      99.87 4.7950e+02    629.062      15098  1029.9559  1029.8192    34.3376    34.1676    8.05870         24 0.0000e+00
    503.000    497.190    -0.0404  28.735453    -0.0383  28.608350     4.7305     4.7702    -0.0157    94.9326 1.0000e-12  -74.17536 -113.34424  27.147559      99.86 4.7950e+02    630.067      15123  1029.9633  1029.8265    34.3425    34.1724    8.05561         24 0.0000e+00
    504.000    498.177    -0.0370  28.739434    -0.0361  28.611678     4.7320     4.7672    -0.0121    94.9507 1.0000e-12  -74.17536 -113.34424  27.147570      99.86 4.7950e+02    631.085      15147  1029.9685  1029.8322    34.3434    34.1737    8.05485         25 0.0000e+00
    505.000    499.164    -0.0376  28.739380    -0.0359  28.612513     4.7236     4.7626    -0.0046    94.9324 1.0000e-12  -74.17536 -113.34424  27.147582      99.87 4.7950e+02    632.114      15172  1029.9734  1029.8372    34.3433    34.1740    8.05497         24 0.0000e+00
    506.000    500.153    -0.0377  28.739545    -0.0346  28.614221     4.7198     4.7665    -0.0060    94.9280 1.0000e-12  -74.17536 -113.34424  27.147594      99.87 4.7950e+02    633.136      15196  1029.9780  1029.8421    34.3431    34.1742    8.05501         25 0.0000e+00
    507.000    501.138    -0.0355  28.742446    -0.0329  28.616553     4.7220     4.7707    -0.0147    94.9058 1.0000e-12  -74.17536 -113.34426  27.147606      99.87 4.7943e+02    634.143      15220  1029.9832  1029.8472    34.3440    34.1749    8.05451         24 0.0000e+00
    508.000    502.126    -0.0335  28.744833    -0.0309  28.619345     4.7266     4.7689    -0.0132    94.9100 1.0000e-12  -74.17536 -113.34424  27.147617      99.87 4.7892e+02    635.141      15244  1029.9881  1029.8524    34.3443    34.1756    8.05407         24 0.0000e+00
    509.000    503.114    -0.0352  28.743594    -0.0331  28.617503     4.7276     4.7584    -0.0092    94.9111 1.0000e-12  -74.17536 -113.34424  27.147629      99.87 4.7811e+02    636.144      15268  1029.9927  1029.8570    34.3439    34.1752    8.05444         24 0.0000e+00
    510.000    504.100    -0.0354  28.743872    -0.0340  28.616920     4.7252     4.7601    -0.0106    94.8953 1.0000e-12  -74.17536 -113.34424  27.147641      99.86 4.7844e+02    637.154      15293  1029.9975  1029.8615    34.3439    34.1747    8.05448         25 0.0000e+00
    511.000    505.088    -0.0354  28.744277    -0.0336  28.617747     4.7257     4.7661    -0.0109    94.8961 1.0000e-12  -74.17536 -113.34424  27.147653      82.10 4.7838e+02    638.184      15317  1030.0022  1029.8663    34.3438    34.1748    8.05448         25 0.0000e+00
    512.000    506.074    -0.0344  28.745779    -0.0326  28.619240     4.7267     4.7680    -0.0156    94.8908 1.0000e-12  -74.17536 -113.34424  27.147664      95.58 4.7818e+02    639.213      15342  1030.0071  1029.8711    34.3442    34.1750    8.05426         24 0.0000e+00
    513.000    507.062    -0.0323  28.748395    -0.0303  28.621986     4.7218     4.7650    -0.0085    94.8874 1.0000e-12  -74.17536 -113.34424  27.147676      99.92 4.7781e+02    640.242      15367  1030.0121  1029.8761    34.3447    34.1756    8.05379         24 0.0000e+00
    514.000    508.049    -0.0271  28.754296    -0.0250  28.627888     4.7162     4.7656    -0.0015    94.9003 1.0000e-12  -74.17536 -113.34424  27.147688      99.87 4.7805e+02    641.259      15391  1030.0174  1029.8814    34.3461    34.1769    8.05262         25 0.0000e+00
    515.000    509.036    -0.0234  28.759046    -0.0216  28.632302     4.7199     4.7669    -0.0092    94.8897 1.0000e-12  -74.17536 -113.34424  27.147700      99.86 4.7774e+02    642.265      15415  1030.0231  1029.8870    34.3476    34.1783    8.05174         24 0.0000e+00
    516.000    510.025    -0.0205  28.762281    -0.0191  28.635155     4.7164     4.7634    -0.0165    94.8885 1.0000e-12  -74.17536 -113.34424  27.147711      99.87 4.7774e+02    643.266      15439  1030.0280  1029.8919    34.3481    34.1788    8.05112         24 0.0000e+00
    517.000    511.011    -0.0195  28.763905    -0.0176  28.637214     4.7084     4.7524    -0.0037    94.8919 1.0000e-12  -74.17536 -113.34424  27.147723      99.87 4.7774e+02    644.284      15464  1030.0330  1029.8969    34.3485    34.1792    8.05088         25 0.0000e+00
    518.000    511.997    -0.0172  28.766954    -0.0155  28.639896     4.7109     4.7592    -0.0140    94.7507 1.0000e-12  -74.17536 -113.34424  27.147735      99.87 4.7774e+02    645.320      15489  1030.0382  1029.9020    34.3493    34.1799    8.05034         25 0.0000e+00
    519.000    512.986    -0.0148  28.769357    -0.0132  28.642469     4.7152     4.7576    -0.0174    94.8928 1.0000e-12  -74.17536 -113.34424  27.147747      99.87 4.7774e+02    646.346      15513  1030.0427  1029.9068    34.3493    34.1801    8.04985         24 0.0000e+00
    520.000    513.973    -0.0145  28.770174    -0.0126  28.643786     4.7151     4.7535    -0.0171    94.9063 1.0000e-12  -74.17536 -113.34424  27.147759      99.86 4.7774e+02    647.364      15538  1030.0476  1029.9118    34.3494    34.1805    8.04977         25 0.0000e+00
    521.000    514.960    -0.0142  28.770814    -0.0124  28.644287     4.7166     4.7516    -0.0078    94.9039 1.0000e-12  -74.17536 -113.34424  27.147770      99.87 4.7774e+02    648.363      15562  1030.0523  1029.9165    34.3493    34.1804    8.04971         23 0.0000e+00
    522.000    515.948    -0.0138  28.771507    -0.0122  28.644827     4.7146     4.7568    -0.0047    94.9068 1.0000e-12  -74.17536 -113.34424  27.147782      53.46 4.7774e+02    649.355      15586  1030.0569  1029.9212    34.3493    34.1803    8.04965         24 0.0000e+00
    523.000    516.934    -0.0125  28.773454    -0.0108  28.646624     4.7161     4.7541    -0.0132    94.8778 1.0000e-12  -74.17536 -113.34424  27.147794      89.33 4.7774e+02    650.356      15610  1030.0619  1029.9260    34.3498    34.1806    8.04934         24 0.0000e+00
    524.000    517.921    -0.0118  28.774921    -0.0103  28.647995     4.7094     4.7449    -0.0138    94.8776 1.0000e-12  -74.17536 -113.34424  27.147805      86.08 4.7753e+02    651.375      15634  1030.0671  1029.9312    34.3503    34.1812    8.04916         25 0.0000e+00
    525.000    518.907    -0.0075  28.780204    -0.0058  28.653248     4.7124     4.7491    -0.0093    94.8776 1.0000e-12  -74.17536 -113.34424  27.147817      96.88 4.7718e+02    652.395      15658  1030.0727  1029.9366    34.3520    34.1826    8.04817         25 0.0000e+00
    526.000    519.896    -0.0058  28.782580    -0.0041  28.655852     4.7113     4.7518    -0.0107    94.8789 1.0000e-12  -74.17536 -113.34424  27.147829      99.37 4.7679e+02    653.417      15683  1030.0778  1029.9419    34.3526    34.1835    8.04777         24 0.0000e+00
    527.000    520.884    -0.0048  28.784107    -0.0031  28.657504     4.7071     4.7512    -0.0165    94.8650 1.0000e-12  -74.17536 -113.34424  27.147841      99.12 4.7686e+02    654.433      15707  1030.0828  1029.9470    34.3529    34.1840    8.04755         24 0.0000e+00
    528.000    521.868    -0.0035  28.786131    -0.0019  28.659125     4.7060     4.7530    -0.0006    94.8584 1.0000e-12  -74.17536 -113.34424  27.147852      98.82 4.7649e+02    655.447      15732  1030.0879  1029.9518    34.3535    34.1842    8.04723         24 0.0000e+00
    529.000    522.858     0.0046  28.795369     0.0074  28.669412     4.7039     4.7529    -0.0007    94.8806 1.0000e-12  -74.17536 -113.34424  27.147864      98.08 4.7619e+02    656.455      15756  1030.0940  1029.9578    34.3561    34.1868    8.04539         25 0.0000e+00
    530.000    523.844     0.0066  28.797894     0.0080  28.671034     4.7071     4.7459    -0.0153    94.8693 1.0000e-12  -74.17536 -113.34424  27.147876      97.24 4.7664e+02    657.476      15780  1030.0989  1029.9633    34.3566    34.1877    8.04494         24 0.0000e+00
