ocean_section_plots/required_files/ctd/dnbp2202_ctd136.cnv
* Sea-Bird SBE 9 Data File:
* FileName = D:\Data\raw\NBP2202_CTD136.hex
* Software Version Seasave V 7.26.7.121
* Temperature SN = 1649
* Conductivity SN = 2513
* Number of Bytes Per Scan = 40
* Number of Voltage Words = 5
* Number of Scans Averaged by the Deck Unit = 1
* NMEA Latitude = 74 01.39 S
* NMEA Longitude = 113 07.37 W
* NMEA UTC (Time) = Jan 28 2022  09:21:21
* NMEA baud rate = 9600
** Ship: RVIB N.B. Palmer
** Cruise: NBP2202 Thwaites
** Station: 65
** Operator: B. Bjork
# nquan = 25
# nvalues = 484                         
# units = specified
# name 0 = prDM: Pressure, Digiquartz [db]
# name 1 = depSM: Depth [salt water, m]
# name 2 = t090C: Temperature [ITS-90, deg C]
# name 3 = c0mS/cm: Conductivity [mS/cm]
# name 4 = t190C: Temperature, 2 [ITS-90, deg C]
# name 5 = c1mS/cm: Conductivity, 2 [mS/cm]
# name 6 = sbeox0ML/L: Oxygen, SBE 43 [ml/l]
# name 7 = sbeox1ML/L: Oxygen, SBE 43, 2 [ml/l]
# name 8 = flECO-AFL: Fluorescence, WET Labs ECO-AFL/FL [mg/m^3]
# name 9 = CStarTr0: Beam Transmission, WET Labs C-Star [%]
# name 10 = par: PAR/Irradiance, Biospherical/Licor
# name 11 = latitude: Latitude [deg]
# name 12 = longitude: Longitude [deg]
# name 13 = timeJ: Julian Days
# name 14 = altM: Altimeter [m]
# name 15 = spar: SPAR, Biospherical/Licor
# name 16 = timeS: Time, Elapsed [seconds]
# name 17 = scan: Scan Count
# name 18 = density00: Density [density, kg/m^3]
# name 19 = density11: Density, 2 [density, kg/m^3]
# name 20 = sal00: Salinity, Practical [PSU]
# name 21 = sal11: Salinity, Practical, 2 [PSU]
# name 22 = oxsolML/L: Oxygen Saturation, Garcia & Gordon [ml/l]
# name 23 = nbin: number of scans per bin
# name 24 = flag: flag
# span 0 =      2.000,    485.000       
# span 1 =      1.978,    479.419       
# span 2 =    -1.6267,    -0.0340       
# span 3 =  26.933067,  28.730713       
# span 4 =    -1.6267,    -0.0318       
# span 5 =  26.933855,  28.730505       
# span 6 =     4.7647,     9.3770       
# span 7 =     4.8578,     9.6467       
# span 8 =    -0.0177,    29.5314       
# span 9 =    58.4500,    93.7279       
# span 10 = -6.989e-05, 1.1491e+01      
# span 11 =  -74.02324,  -74.02324      
# span 12 = -113.12289, -113.12284      
# span 13 =  28.392325,  28.400468      
# span 14 =       3.32,     115.27      
# span 15 = 3.3495e+01, 4.5856e+01      
# span 16 =    215.912,    919.415      
# span 17 =       5183,      22067      
# span 18 =  1027.1811,  1029.8771      
# span 19 =  1027.1847,  1029.8748      
# span 20 =    33.8064,    34.3412      
# span 21 =    33.8100,    34.3384      
# span 22 =    8.05436,    8.42660      
# span 23 =          8,         52      
# span 24 = 0.0000e+00, 0.0000e+00      
# interval = decibars: 1                
# start_time = Jan 28 2022 09:21:21 [NMEA time, header]
# bad_flag = -9.990e-29
*END*
[from data line 116]
    118.000    116.746    -1.5998  26.954529    -1.6027  26.954098     6.8056     6.9579     2.8339    89.3457 1.0000e-12  -74.02324 -113.12284  28.394979      99.76 4.2309e+01    445.222      10686  1027.8755  1027.8778    33.9281    33.9307    8.42052         30 0.0000e+00
    119.000    117.736    -1.6267  26.933067    -1.6267  26.933855     6.7788     6.9277     2.9118    89.4671 1.0000e-12  -74.02324 -113.12284  28.394994      99.74 4.1246e+01    446.485      10717  1027.8816  1027.8825    33.9284    33.9295    8.42660         30 0.0000e+00
    120.000    118.725    -1.5919  26.964436    -1.5901  26.965573     6.7270     6.8769     2.9672    89.1098 1.0000e-12  -74.02324 -113.12284  28.395008      99.77 4.2205e+01    447.716      10746  1027.8863  1027.8858    33.9315    33.9311    8.41851         28 0.0000e+00
    121.000    119.713    -1.5432  27.007974    -1.5397  27.009596     6.7105     6.8735     2.3061    89.5701 1.0000e-12  -74.02324 -113.12284  28.395021      99.75 4.2309e+01    448.832      10773  1027.8913  1027.8897    33.9357    33.9339    8.40724         27 0.0000e+00
    122.000    120.702    -1.5105  27.035446    -1.5117  27.035820     6.6902     6.8486     2.1921    89.8859 1.0000e-12  -74.02324 -113.12284  28.395034      99.76 4.1768e+01    449.934      10799  1027.8943  1027.8958    33.9358    33.9377    8.39984         26 0.0000e+00
    123.000    121.692    -1.5168  27.032751    -1.5174  27.032552     6.6521     6.8124     2.4114    89.5140 1.0000e-12  -74.02324 -113.12284  28.395048      99.77 4.1839e+01    451.106      10828  1027.9018  1027.9021    33.9386    33.9390    8.40109         30 0.0000e+00
    124.000    122.681    -1.4957  27.053536    -1.4964  27.052688     6.6235     6.7825     3.6696    90.0298 1.0000e-12  -74.02324 -113.12284  28.395062      99.76 4.1883e+01    452.330      10857  1027.9087  1027.9084    33.9427    33.9423    8.39609         29 0.0000e+00
    125.000    123.667    -1.4828  27.065891    -1.4836  27.065741     6.6044     6.7653     2.7650    89.8203 1.0000e-12  -74.02324 -113.12284  28.395075      99.78 4.1743e+01    453.475      10884  1027.9143  1027.9149    33.9445    33.9452    8.39307         25 0.0000e+00
    126.000    124.660    -1.4909  27.061870    -1.4918  27.061725     6.6001     6.7552     2.0387    89.8693 1.0000e-12  -74.02324 -113.12285  28.395087      99.76 4.1787e+01    454.543      10910  1027.9222  1027.9228    33.9475    33.9483    8.39471         27 0.0000e+00
    127.000    125.648    -1.4948  27.059874    -1.4953  27.059716     6.5899     6.7510     1.8832    90.1287 1.0000e-12  -74.02324 -113.12285  28.395101      99.77 4.2300e+01    455.688      10937  1027.9281  1027.9285    33.9485    33.9489    8.39552         29 0.0000e+00
    128.000    126.637    -1.4961  27.059540    -1.4971  27.059338     6.5475     6.7117     2.0968    90.0872 1.0000e-12  -74.02324 -113.12285  28.395115      99.76 4.1993e+01    456.902      10967  1027.9334  1027.9342    33.9489    33.9498    8.39579         28 0.0000e+00
    129.000    127.627    -1.4959  27.061344    -1.4967  27.061059     6.4565     6.6238     1.8067    90.0446 1.0000e-12  -74.02324 -113.12285  28.395128      99.78 4.1065e+01    458.046      10994  1027.9396  1027.9401    33.9505    33.9511    8.39565         27 0.0000e+00
    130.000    128.616    -1.4835  27.074722    -1.4836  27.074683     6.3708     6.5458     1.8653    90.3019 1.0000e-12  -74.02324 -113.12286  28.395141      99.78 4.2305e+01    459.142      11020  1027.9468  1027.9467    33.9543    33.9543    8.39264         26 0.0000e+00
    131.000    129.603    -1.4543  27.102027    -1.4539  27.102093     6.3201     6.4845     2.2316    90.4551 1.0000e-12  -74.02324 -113.12286  28.395153      99.78 4.1322e+01    460.259      11047  1027.9530  1027.9526    33.9582    33.9578    8.38583         27 0.0000e+00
    132.000    130.593    -1.4472  27.109577    -1.4481  27.109297     6.3717     6.5191     1.8911    90.2846 1.0000e-12  -74.02324 -113.12286  28.395167      99.77 4.1601e+01    461.425      11075  1027.9590  1027.9595    33.9599    33.9605    8.38413         30 0.0000e+00
    133.000    131.583    -1.4603  27.099579    -1.4614  27.099483     6.4956     6.6429     2.4831    90.3046 1.0000e-12  -74.02324 -113.12286  28.395181      99.79 4.2182e+01    462.656      11105  1027.9651  1027.9661    33.9603    33.9614    8.38704         29 0.0000e+00
    134.000    132.571    -1.5395  27.030710    -1.5374  27.035318     6.5814     6.7155     1.7142    90.4602 1.0000e-12  -74.02324 -113.12286  28.395195      99.78 4.1588e+01    463.838      11133  1027.9704  1027.9735    33.9547    33.9588    8.40526         27 0.0000e+00
    135.000    133.560    -1.5916  26.988929    -1.5941  26.987551     6.6000     6.7326     1.5045    90.5101 1.0000e-12  -74.02324 -113.12286  28.395208      99.79 4.1463e+01    464.937      11159  1027.9788  1027.9797    33.9557    33.9566    8.41700         27 0.0000e+00
    136.000    134.549    -1.5851  26.995552    -1.5851  26.995745     6.6137     6.7506     0.8715    90.9497 1.0000e-12  -74.02324 -113.12286  28.395221      99.78 4.1988e+01    466.091      11187  1027.9837  1027.9839    33.9568    33.9571    8.41545         28 0.0000e+00
    137.000    135.537    -1.5925  26.989814    -1.5929  26.990084     6.6274     6.7711     0.6934    91.5982 1.0000e-12  -74.02324 -113.12286  28.395235      95.93 4.0889e+01    467.316      11217  1027.9885  1027.9893    33.9567    33.9576    8.41714         29 0.0000e+00
    138.000    136.529    -1.5904  26.992389    -1.5910  26.992282     6.6132     6.7431     0.8028    91.7357 1.0000e-12  -74.02324 -113.12286  28.395249      95.78 4.1305e+01    468.488      11245  1027.9933  1027.9938    33.9572    33.9577    8.41663         28 0.0000e+00
    139.000    137.516    -1.5483  27.031498    -1.5476  27.030756     6.5814     6.7141     0.7035    91.7968 1.0000e-12  -74.02324 -113.12286  28.395262      99.78 4.2305e+01    469.642      11272  1027.9998  1027.9983    33.9627    33.9609    8.40678         28 0.0000e+00
    140.000    138.505    -1.5022  27.072034    -1.5029  27.070585     6.5600     6.7046     0.7983    92.2364 1.0000e-12  -74.02324 -113.12286  28.395276      99.80 4.1806e+01    470.812      11300  1028.0042  1028.0032    33.9657    33.9644    8.39619         28 0.0000e+00
    141.000    139.493    -1.4935  27.080372    -1.4937  27.080886     6.5148     6.6693     0.7468    91.9386 1.0000e-12  -74.02324 -113.12286  28.395289      99.80 4.2050e+01    471.966      11328  1028.0094  1028.0102    33.9666    33.9676    8.39416         27 0.0000e+00
    142.000    140.484    -1.5084  27.069702    -1.5118  27.067667     6.4400     6.6025     0.7276    91.5941 1.0000e-12  -74.02324 -113.12286  28.395302      99.79 4.2311e+01    473.069      11355  1028.0166  1028.0176    33.9682    33.9692    8.39744         26 0.0000e+00
    143.000    141.472    -1.5076  27.073501    -1.5080  27.072809     6.3916     6.5546     0.7834    92.3099 1.0000e-12  -74.02324 -113.12286  28.395314      99.80 4.2309e+01    474.165      11381  1028.0244  1028.0240    33.9719    33.9714    8.39703         27 0.0000e+00
    144.000    142.460    -1.4866  27.092677    -1.4873  27.092213     6.3973     6.5528     0.7373    91.8948 1.0000e-12  -74.02324 -113.12286  28.395328      99.80 4.2309e+01    475.309      11408  1028.0296  1028.0298    33.9739    33.9740    8.39218         28 0.0000e+00
    145.000    143.450    -1.4917  27.089219    -1.4924  27.089027     6.4394     6.5904     1.7027    92.0286 1.0000e-12  -74.02324 -113.12286  28.395342      99.80 4.2309e+01    476.535      11438  1028.0352  1028.0356    33.9743    33.9748    8.39330         29 0.0000e+00
    146.000    144.439    -1.4998  27.083079    -1.5008  27.082613     6.4969     6.6398     1.0380    92.4001 1.0000e-12  -74.02324 -113.12286  28.395356      99.79 4.2309e+01    477.723      11466  1028.0407  1028.0412    33.9743    33.9749    8.39511         28 0.0000e+00
    147.000    145.428    -1.5124  27.073472    -1.5133  27.073313     6.5459     6.6820     0.5005    92.4369 1.0000e-12  -74.02324 -113.12286  28.395368      99.80 4.2077e+01    478.801      11492  1028.0467  1028.0474    33.9748    33.9757    8.39793         25 0.0000e+00
    148.000    146.417    -1.5185  27.069809    -1.5185  27.070298     6.5811     6.7130     0.8594    92.0321 1.0000e-12  -74.02324 -113.12286  28.395380      99.79 4.2016e+01    479.797      11516  1028.0529  1028.0534    33.9761    33.9768    8.39924         24 0.0000e+00
    149.000    147.406    -1.5260  27.064731    -1.5266  27.064505     6.5828     6.7156     0.7437    92.3766 1.0000e-12  -74.02324 -113.12286  28.395392      91.75 4.2311e+01    480.860      11542  1028.0588  1028.0591    33.9769    33.9773    8.40087         26 0.0000e+00
    150.000    148.396    -1.5258  27.065919    -1.5262  27.065908     6.5597     6.7032     0.6027    92.3872 1.0000e-12  -74.02324 -113.12286  28.395405      99.93 4.2176e+01    481.976      11568  1028.0642  1028.0646    33.9777    33.9782    8.40078         27 0.0000e+00
    151.000    149.383    -1.5243  27.068304    -1.5249  27.068086     6.5175     6.6649     0.5414    92.3366 1.0000e-12  -74.02324 -113.12286  28.395417      99.79 4.1886e+01    483.042      11594  1028.0697  1028.0700    33.9788    33.9791    8.40039         25 0.0000e+00
    152.000    150.373    -1.5235  27.069840    -1.5240  27.069599     6.4890     6.6340     0.5248    92.2469 1.0000e-12  -74.02324 -113.12286  28.395429      99.80 4.2464e+01    484.045      11618  1028.0748  1028.0750    33.9793    33.9795    8.40017         23 0.0000e+00
    153.000    151.362    -1.5208  27.073643    -1.5213  27.073148     6.4723     6.6175     0.5157    92.2201 1.0000e-12  -74.02324 -113.12286  28.395440      99.80 4.2456e+01    485.025      11642  1028.0808  1028.0807    33.9809    33.9808    8.39947         24 0.0000e+00
    154.000    152.351    -1.5198  27.075865    -1.5202  27.075504     6.4749     6.6222     0.4415    92.1093 1.0000e-12  -74.02324 -113.12286  28.395451      99.78 4.1226e+01    486.005      11665  1028.0865  1028.0865    33.9821    33.9822    8.39916         24 0.0000e+00
    155.000    153.336    -1.5194  27.076794    -1.5199  27.076542     6.4886     6.6292     0.4126    92.6307 1.0000e-12  -74.02324 -113.12286  28.395464      99.79 4.2328e+01    487.059      11690  1028.0914  1028.0917    33.9824    33.9826    8.39906         25 0.0000e+00
    156.000    154.331    -1.5157  27.082112    -1.5161  27.081918     6.4782     6.6272     0.4474    92.2574 1.0000e-12  -74.02324 -113.12286  28.395476      99.80 4.2309e+01    488.154      11717  1028.0980  1028.0982    33.9849    33.9851    8.39809         26 0.0000e+00
    157.000    155.317    -1.5145  27.084161    -1.5146  27.084230     6.4617     6.6201     0.4191    92.1250 1.0000e-12  -74.02324 -113.12286  28.395488      99.80 4.2309e+01    489.185      11741  1028.1035  1028.1037    33.9857    33.9859    8.39776         25 0.0000e+00
    158.000    156.306    -1.5129  27.086414    -1.5135  27.085946     6.4497     6.6037     0.5235    92.7112 1.0000e-12  -74.02324 -113.12286  28.395499      99.80 4.2309e+01    490.137      11764  1028.1087  1028.1087    33.9863    33.9864    8.39735         22 0.0000e+00
    159.000    157.295    -1.5102  27.090277    -1.5107  27.089959     6.4451     6.5948     0.7160    92.7970 1.0000e-12  -74.02324 -113.12286  28.395510      99.80 4.2309e+01    491.072      11787  1028.1148  1028.1148    33.9881    33.9881    8.39666         23 0.0000e+00
    160.000    158.284    -1.5099  27.091250    -1.5104  27.090960     6.4433     6.5914     0.4651    92.7795 1.0000e-12  -74.02324 -113.12286  28.395522      99.79 4.1465e+01    492.080      11811  1028.1199  1028.1200    33.9884    33.9886    8.39657         25 0.0000e+00
    161.000    159.273    -1.5084  27.093594    -1.5088  27.093149     6.4473     6.5904     0.5010    92.7736 1.0000e-12  -74.02324 -113.12286  28.395535      99.80 4.2067e+01    493.206      11838  1028.1253  1028.1251    33.9893    33.9891    8.39617         28 0.0000e+00
    162.000    160.262    -1.5068  27.095928    -1.5072  27.095582     6.4564     6.5970     0.8707    92.5708 1.0000e-12  -74.02324 -113.12286  28.395547      99.80 4.2385e+01    494.278      11864  1028.1306  1028.1306    33.9900    33.9900    8.39576         24 0.0000e+00
    163.000    161.251    -1.5070  27.096731    -1.5074  27.096408     6.4634     6.6064     0.4637    92.8532 1.0000e-12  -74.02324 -113.12286  28.395558      99.79 4.2056e+01    495.213      11886  1028.1360  1028.1360    33.9908    33.9908    8.39576         21 0.0000e+00
    164.000    162.240    -1.5070  27.097331    -1.5076  27.097011     6.4635     6.6111     0.4426    92.7663 1.0000e-12  -74.02324 -113.12286  28.395568      99.80 4.2131e+01    496.087      11907  1028.1411  1028.1413    33.9910    33.9912    8.39576         22 0.0000e+00
    165.000    163.229    -1.5076  27.098367    -1.5080  27.098098     6.4633     6.6113     0.6110    92.9476 1.0000e-12  -74.02324 -113.12286  28.395579      99.80 4.2307e+01    497.029      11930  1028.1471  1028.1471    33.9924    33.9925    8.39579         23 0.0000e+00
    166.000    164.217    -1.5075  27.099064    -1.5080  27.098581     6.4640     6.6082     0.6843    92.6514 1.0000e-12  -74.02324 -113.12286  28.395591      99.79 4.2309e+01    498.057      11954  1028.1521  1028.1520    33.9927    33.9925    8.39576         25 0.0000e+00
    167.000    165.206    -1.5076  27.099512    -1.5079  27.099205     6.4663     6.6074     0.5381    92.4638 1.0000e-12  -74.02324 -113.12286  28.395603      99.79 4.2309e+01    499.086      11979  1028.1569  1028.1569    33.9928    33.9927    8.39577         25 0.0000e+00
    168.000    166.194    -1.5086  27.099425    -1.5085  27.099430     6.4522     6.6001     0.6162    92.7875 1.0000e-12  -74.02324 -113.12286  28.395614      99.80 4.2309e+01    500.079      12003  1028.1622  1028.1621    33.9932    33.9931    8.39598         23 0.0000e+00
    169.000    167.185    -1.5057  27.103687    -1.5056  27.103589     6.4425     6.5933     0.6042    92.9458 1.0000e-12  -74.02324 -113.12286  28.395625      99.80 4.2309e+01    501.034      12026  1028.1684  1028.1682    33.9952    33.9949    8.39522         22 0.0000e+00
    170.000    168.172    -1.4973  27.113195    -1.4974  27.113003     6.4322     6.5845     0.8001    92.7761 1.0000e-12  -74.02324 -113.12286  28.395636      99.79 4.2309e+01    501.962      12048  1028.1750  1028.1749    33.9981    33.9979    8.39314         23 0.0000e+00
    171.000    169.161    -1.4954  27.115911    -1.4958  27.115551     6.4311     6.5853     0.5303    92.6698 1.0000e-12  -74.02324 -113.12286  28.395648      99.79 4.2309e+01    502.948      12072  1028.1806  1028.1806    33.9990    33.9990    8.39266         24 0.0000e+00
    172.000    170.150    -1.4954  27.117225    -1.4957  27.116937     6.4319     6.5799     0.6218    92.6665 1.0000e-12  -74.02324 -113.12286  28.395659      99.80 4.2309e+01    503.946      12096  1028.1864  1028.1864    34.0002    34.0002    8.39258         24 0.0000e+00
    173.000    171.140    -1.4952  27.118329    -1.4956  27.117978     6.4341     6.5742     0.6134    92.5781 1.0000e-12  -74.02324 -113.12286  28.395670      99.80 4.2309e+01    504.909      12119  1028.1918  1028.1917    34.0009    34.0009    8.39250         23 0.0000e+00
    174.000    172.127    -1.4964  27.118088    -1.4965  27.117918     6.4388     6.5858     0.6486    92.6892 1.0000e-12  -74.02324 -113.12286  28.395682      99.80 4.2309e+01    505.897      12143  1028.1970  1028.1969    34.0013    34.0012    8.39275         24 0.0000e+00
