ocean_section_plots/required_files/ctd/dnbp2202_ctd084.cnv
* Sea-Bird SBE 9 Data File:
* FileName = D:\Data\raw\NBP2202_CTD084.hex
* Software Version Seasave V 7.26.7.121
* Temperature SN = 1649
* Conductivity SN = 2513
* Number of Bytes Per Scan = 40
* Number of Voltage Words = 5
* Number of Scans Averaged by the Deck Unit = 1
* NMEA Latitude = 74 10.51 S
* NMEA Longitude = 113 20.67 W
* NMEA UTC (Time) = Jan 26 2022  19:01:51
* NMEA baud rate = 9600
** Ship: RVIB N.B. Palmer
** Cruise: NBP2202 Thwaites
** Station: YoYo001
** Operator: A. Robinson
# nquan = 25
# nvalues = 607                         
# units = specified
# name 0 = prDM: Pressure, Digiquartz [db]
# name 1 = depSM: Depth [salt water, m]
# name 2 = t090C: Temperature [ITS-90, deg C]
# name 3 = c0mS/cm: Conductivity [mS/cm]
# name 4 = t190C: Temperature, 2 [ITS-90, deg C]
# name 5 = c1mS/cm: Conductivity, 2 [mS/cm]
# name 6 = sbeox0ML/L: Oxygen, SBE 43 [ml/l]
# name 7 = sbeox1ML/L: Oxygen, SBE 43, 2 [ml/l]
# name 8 = flECO-AFL: Fluorescence, WET Labs ECO-AFL/FL [mg/m^3]
# name 9 = CStarTr0: Beam Transmission, WET Labs C-Star [%]
# name 10 = par: PAR/Irradiance, Biospherical/Licor
# name 11 = latitude: Latitude [deg]
# name 12 = longitude: Longitude [deg]
# name 13 = timeJ: Julian Days
# name 14 = altM: Altimeter [m]
# name 15 = spar: SPAR, Biospherical/Licor
# name 16 = timeS: Time, Elapsed [seconds]
# name 17 = scan: Scan Count
# name 18 = density00: Density [density, kg/m^3]
# name 19 = density11: Density, 2 [density, kg/m^3]
# name 20 = sal00: Salinity, Practical [PSU]
# name 21 = sal11: Salinity, Practical, 2 [PSU]
# name 22 = oxsolML/L: Oxygen Saturation, Garcia & Gordon [ml/l]
# name 23 = nbin: number of scans per bin
# name 24 = flag: flag
# span 0 =     10.000,    616.000       
# span 1 =      9.897,    608.722       
# span 2 =    -1.5778,     0.0985       
# span 3 =  26.952279,  28.928054       
# span 4 =    -1.5771,     0.1007       
# span 5 =  26.952339,  28.927795       
# span 6 =     4.6894,     8.7456       
# span 7 =     4.7711,     8.6374       
# span 8 =    -0.0224,    23.8710       
# span 9 =    68.2823,    95.7486       
# span 10 = 1.0000e-12, 8.1045e+01      
# span 11 =  -74.17530,  -74.17528      
# span 12 = -113.34462, -113.34458      
# span 13 =  26.793245,  26.802171      
# span 14 =       4.44,     100.19      
# span 15 = 1.6275e+03, 2.1035e+03      
# span 16 =     25.373,    796.562      
# span 17 =        610,      19118      
# span 18 =  1027.2228,  1030.5175      
# span 19 =  1027.2212,  1030.5152      
# span 20 =    33.7914,    34.3827      
# span 21 =    33.7891,    34.3799      
# span 22 =    8.02421,    8.41417      
# span 23 =         16,         55      
# span 24 = 0.0000e+00, 0.0000e+00      
# interval = decibars: 1                
# start_time = Jan 26 2022 19:01:51 [NMEA time, header]
# bad_flag = -9.990e-29
*END*
[from data line 464]
    474.000    468.557    -0.1015  28.651835    -0.0996  28.651582     4.7708     4.8546    -0.0151    95.0909 1.0000e-12  -74.17528 -113.34460  26.799621      99.87 1.7442e+03    576.291      13832  1029.8108  1029.8087    34.3174    34.3149    8.06992         28 0.0000e+00
    475.000    469.545    -0.0998  28.654353    -0.0976  28.654156     4.7770     4.8550    -0.0096    95.0934 1.0000e-12  -74.17528 -113.34460  26.799635      99.87 1.7399e+03    577.475      13860  1029.8160  1029.8136    34.3182    34.3155    8.06951         29 0.0000e+00
    476.000    470.532    -0.0982  28.656509    -0.0959  28.656533     4.7722     4.8556    -0.0099    95.0971 1.0000e-12  -74.17528 -113.34460  26.799649      99.86 1.7368e+03    578.676      13889  1029.8210  1029.8187    34.3187    34.3161    8.06915         30 0.0000e+00
    477.000    471.520    -0.0970  28.658332    -0.0952  28.657792     4.7682     4.8556    -0.0049    95.0740 1.0000e-12  -74.17528 -113.34460  26.799663      99.87 1.7335e+03    579.881      13918  1029.8260  1029.8237    34.3192    34.3165    8.06887         28 0.0000e+00
    478.000    472.507    -0.0943  28.662064    -0.0924  28.661672     4.7786     4.8649    -0.0074    95.0489 1.0000e-12  -74.17528 -113.34460  26.799677      77.05 1.7317e+03    581.060      13946  1029.8316  1029.8293    34.3205    34.3178    8.06823         28 0.0000e+00
    479.000    473.493    -0.0928  28.665331    -0.0909  28.664970     4.7843     4.8683    -0.0098    95.0470 1.0000e-12  -74.17528 -113.34460  26.799690      86.06 1.7291e+03    582.212      13974  1029.8379  1029.8357    34.3226    34.3200    8.06779         28 0.0000e+00
    480.000    474.482    -0.0901  28.669800    -0.0881  28.669462     4.7783     4.8623    -0.0029    95.0848 1.0000e-12  -74.17528 -113.34462  26.799703      99.47 1.7272e+03    583.367      14002  1029.8442  1029.8419    34.3249    34.3222    8.06709         27 0.0000e+00
    481.000    475.470    -0.0868  28.674056    -0.0844  28.673996     4.7695     4.8553    -0.0080    95.0694 1.0000e-12  -74.17528 -113.34461  26.799717      99.86 1.7212e+03    584.542      14030  1029.8498  1029.8473    34.3262    34.3234    8.06632         29 0.0000e+00
    482.000    476.457    -0.0810  28.680209    -0.0795  28.679184     4.7628     4.8426    -0.0172    95.0799 1.0000e-12  -74.17528 -113.34461  26.799731      99.87 1.7125e+03    585.735      14059  1029.8548  1029.8523    34.3272    34.3243    8.06502         29 0.0000e+00
    483.000    477.443    -0.0751  28.686636    -0.0736  28.685879     4.7598     4.8401    -0.0156    95.0737 1.0000e-12  -74.17528 -113.34461  26.799745      99.87 1.7128e+03    586.929      14087  1029.8601  1029.8578    34.3286    34.3258    8.06371         28 0.0000e+00
    484.000    478.432    -0.0743  28.687766    -0.0721  28.687717     4.7590     4.8437    -0.0034    95.0663 1.0000e-12  -74.17528 -113.34460  26.799758      99.86 1.7167e+03    588.113      14116  1029.8649  1029.8627    34.3286    34.3261    8.06355         28 0.0000e+00
    485.000    479.419    -0.0734  28.689148    -0.0715  28.688797     4.7557     4.8358    -0.0120    95.0863 1.0000e-12  -74.17528 -113.34462  26.799772      99.87 1.7186e+03    589.296      14144  1029.8697  1029.8675    34.3288    34.3262    8.06334         29 0.0000e+00
    486.000    480.404    -0.0736  28.689445    -0.0711  28.689565     4.7508     4.8388    -0.0150    95.0691 1.0000e-12  -74.17528 -113.34460  26.799786      99.87 1.7191e+03    590.479      14173  1029.8746  1029.8723    34.3289    34.3263    8.06338         28 0.0000e+00
    487.000    481.394    -0.0727  28.690855    -0.0706  28.690542     4.7507     4.8339    -0.0111    95.0488 1.0000e-12  -74.17528 -113.34461  26.799799      99.86 1.7197e+03    591.649      14201  1029.8794  1029.8771    34.3291    34.3263    8.06318         28 0.0000e+00
    488.000    482.381    -0.0711  28.693143    -0.0688  28.693246     4.7510     4.8357    -0.0062    95.0410 1.0000e-12  -74.17528 -113.34461  26.799813      99.87 1.7246e+03    592.824      14229  1029.8846  1029.8825    34.3297    34.3273    8.06280         29 0.0000e+00
    489.000    483.368    -0.0677  28.697491    -0.0656  28.697408     4.7542     4.8327    -0.0057    95.0227 1.0000e-12  -74.17528 -113.34461  26.799827      75.72 1.7269e+03    594.019      14257  1029.8902  1029.8880    34.3311    34.3286    8.06201         29 0.0000e+00
    490.000    484.356    -0.0665  28.699454    -0.0644  28.699130     4.7501     4.8280    -0.0093    95.0461 1.0000e-12  -74.17528 -113.34462  26.799841      86.67 1.7295e+03    595.230      14287  1029.8953  1029.8930    34.3318    34.3291    8.06172         28 0.0000e+00
    491.000    485.343    -0.0654  28.701250    -0.0635  28.700906     4.7503     4.8344    -0.0159    95.0163 1.0000e-12  -74.17528 -113.34460  26.799854      99.97 1.7327e+03    596.412      14315  1029.9005  1029.8983    34.3323    34.3297    8.06146         28 0.0000e+00
    492.000    486.329    -0.0646  28.702874    -0.0625  28.702550     4.7464     4.8335    -0.0121    95.0084 1.0000e-12  -74.17528 -113.34461  26.799868      99.87 1.7329e+03    597.569      14343  1029.9057  1029.9034    34.3330    34.3302    8.06124         28 0.0000e+00
    493.000    487.317    -0.0630  28.705100    -0.0610  28.704811     4.7439     4.8324    -0.0150    94.9838 1.0000e-12  -74.17528 -113.34461  26.799881      99.87 1.7297e+03    598.712      14370  1029.9108  1029.9085    34.3336    34.3310    8.06088         27 0.0000e+00
    494.000    488.305    -0.0615  28.707250    -0.0594  28.707057     4.7531     4.8336    -0.0112    94.9877 1.0000e-12  -74.17528 -113.34461  26.799894      99.87 1.7253e+03    599.870      14398  1029.9159  1029.9137    34.3342    34.3316    8.06054         29 0.0000e+00
    495.000    489.292    -0.0603  28.709050    -0.0583  28.708678     4.7496     4.8381    -0.0090    94.9868 1.0000e-12  -74.17528 -113.34462  26.799908      99.86 1.7182e+03    601.065      14427  1029.9208  1029.9186    34.3345    34.3319    8.06025         29 0.0000e+00
    496.000    490.279    -0.0596  28.710217    -0.0577  28.709895     4.7463     4.8295    -0.0161    94.9504 1.0000e-12  -74.17528 -113.34460  26.799922      99.87 1.7121e+03    602.274      14456  1029.9257  1029.9235    34.3348    34.3322    8.06010         28 0.0000e+00
    497.000    491.267    -0.0589  28.711395    -0.0571  28.711064     4.7460     4.8296    -0.0168    94.9450 1.0000e-12  -74.17528 -113.34462  26.799936      99.87 1.7068e+03    603.467      14484  1029.9306  1029.9284    34.3350    34.3324    8.05994         29 0.0000e+00
    498.000    492.253    -0.0588  28.712042    -0.0568  28.711735     4.7502     4.8312    -0.0080    94.9468 1.0000e-12  -74.17528 -113.34461  26.799950      99.86 1.7061e+03    604.640      14512  1029.9354  1029.9332    34.3351    34.3325    8.05991         28 0.0000e+00
    499.000    493.241    -0.0584  28.712847    -0.0564  28.712737     4.7439     4.8271    -0.0037    94.9344 1.0000e-12  -74.17528 -113.34461  26.799963      99.87 1.7049e+03    605.782      14540  1029.9401  1029.9381    34.3351    34.3327    8.05982         27 0.0000e+00
    500.000    494.227    -0.0575  28.714351    -0.0556  28.714045     4.7422     4.8226    -0.0110    94.9129 1.0000e-12  -74.17528 -113.34461  26.799976      80.94 1.7078e+03    606.929      14567  1029.9451  1029.9429    34.3355    34.3330    8.05960         28 0.0000e+00
    501.000    495.215    -0.0560  28.716455    -0.0541  28.716198     4.7475     4.8282    -0.0090    94.9146 1.0000e-12  -74.17528 -113.34460  26.799990      83.66 1.7128e+03    608.105      14596  1029.9502  1029.9480    34.3361    34.3336    8.05927         28 0.0000e+00
    502.000    496.203    -0.0543  28.718930    -0.0523  28.718635     4.7477     4.8292    -0.0107    94.9140 1.0000e-12  -74.17528 -113.34462  26.800003      99.89 1.7185e+03    609.301      14624  1029.9554  1029.9531    34.3368    34.3342    8.05886         29 0.0000e+00
    503.000    497.190    -0.0518  28.722174    -0.0497  28.721991     4.7463     4.8295    -0.0087    94.9219 1.0000e-12  -74.17528 -113.34461  26.800017      99.86 1.7249e+03    610.486      14653  1029.9606  1029.9583    34.3377    34.3351    8.05828         29 0.0000e+00
    504.000    498.178    -0.0516  28.722800    -0.0493  28.722831     4.7439     4.8297    -0.0093    94.8994 1.0000e-12  -74.17528 -113.34461  26.800031      99.86 1.7321e+03    611.666      14681  1029.9654  1029.9632    34.3378    34.3352    8.05825         28 0.0000e+00
    505.000    499.164    -0.0501  28.724947    -0.0482  28.724664     4.7419     4.8285    -0.0095    94.8853 1.0000e-12  -74.17528 -113.34461  26.800044      99.87 1.7400e+03    612.842      14709  1029.9704  1029.9682    34.3383    34.3358    8.05790         28 0.0000e+00
    506.000    500.151    -0.0482  28.727565    -0.0460  28.727487     4.7403     4.8221    -0.0095    94.8806 1.0000e-12  -74.17528 -113.34461  26.800058      99.87 1.7461e+03    614.003      14737  1029.9756  1029.9733    34.3391    34.3365    8.05745         28 0.0000e+00
    507.000    501.138    -0.0468  28.729361    -0.0449  28.728995     4.7461     4.8206    -0.0028    94.8988 1.0000e-12  -74.17528 -113.34462  26.800072      99.86 1.7509e+03    615.179      14765  1029.9805  1029.9782    34.3393    34.3367    8.05715         28 0.0000e+00
    508.000    502.127    -0.0467  28.730070    -0.0447  28.729590     4.7459     4.8286    -0.0162    94.8934 1.0000e-12  -74.17528 -113.34460  26.800085      99.87 1.7524e+03    616.366      14794  1029.9853  1029.9829    34.3395    34.3367    8.05710         28 0.0000e+00
    509.000    503.114    -0.0468  28.730208    -0.0452  28.729563     4.7457     4.8269    -0.0101    94.9314 1.0000e-12  -74.17528 -113.34461  26.800099      99.87 1.7514e+03    617.558      14822  1029.9899  1029.9876    34.3392    34.3366    8.05715         29 0.0000e+00
    510.000    504.100    -0.0466  28.730927    -0.0447  28.730481     4.7425     4.8281    -0.0175    94.9077 1.0000e-12  -74.17528 -113.34461  26.800113      99.87 1.7496e+03    618.754      14851  1029.9947  1029.9924    34.3394    34.3367    8.05710         28 0.0000e+00
    511.000    505.088    -0.0460  28.732035    -0.0437  28.732065     4.7404     4.8282    -0.0163    94.9087 1.0000e-12  -74.17528 -113.34461  26.800127      99.87 1.7471e+03    619.931      14879  1029.9996  1029.9973    34.3396    34.3370    8.05696         29 0.0000e+00
    512.000    506.073    -0.0446  28.734003    -0.0426  28.733681     4.7450     4.8287    -0.0091    94.8990 1.0000e-12  -74.17528 -113.34460  26.800140      83.78 1.7450e+03    621.094      14907  1030.0045  1030.0023    34.3400    34.3374    8.05664         28 0.0000e+00
    513.000    507.063    -0.0435  28.735862    -0.0414  28.735572     4.7423     4.8266    -0.0123    94.9134 1.0000e-12  -74.17528 -113.34460  26.800153      95.38 1.7424e+03    622.248      14935  1030.0096  1030.0074    34.3406    34.3380    8.05637         28 0.0000e+00
    514.000    508.050    -0.0432  28.736587    -0.0412  28.736389     4.7423     4.8290    -0.0142    94.9067 1.0000e-12  -74.17528 -113.34460  26.800167      99.85 1.7399e+03    623.412      14963  1030.0144  1030.0123    34.3407    34.3382    8.05631         27 0.0000e+00
    515.000    509.037    -0.0417  28.738776    -0.0395  28.738698     4.7463     4.8259    -0.0059    94.9149 1.0000e-12  -74.17528 -113.34460  26.800180      99.86 1.7370e+03    624.591      14991  1030.0195  1030.0173    34.3413    34.3387    8.05596         29 0.0000e+00
    516.000    510.024    -0.0404  28.740695    -0.0380  28.740793     4.7406     4.8238    -0.0054    94.9104 1.0000e-12  -74.17528 -113.34460  26.800194      99.88 1.7360e+03    625.795      15020  1030.0245  1030.0224    34.3418    34.3393    8.05566         29 0.0000e+00
    517.000    511.011    -0.0362  28.745786    -0.0342  28.745480     4.7377     4.8193    -0.0102    94.9256 1.0000e-12  -74.17528 -113.34460  26.800208      63.73 1.7380e+03    627.006      15049  1030.0300  1030.0278    34.3433    34.3406    8.05469         29 0.0000e+00
    518.000    511.998    -0.0351  28.747558    -0.0332  28.747139     4.7399     4.8219    -0.0150    94.8955 1.0000e-12  -74.17528 -113.34460  26.800222      94.72 1.7393e+03    628.180      15077  1030.0351  1030.0328    34.3437    34.3411    8.05443         28 0.0000e+00
    519.000    512.986    -0.0346  28.748457    -0.0327  28.748081     4.7419     4.8255    -0.0050    94.8943 1.0000e-12  -74.17528 -113.34460  26.800235      99.86 1.7386e+03    629.330      15105  1030.0398  1030.0376    34.3438    34.3412    8.05432         27 0.0000e+00
    520.000    513.972    -0.0342  28.749385    -0.0322  28.749061     4.7377     4.8224    -0.0082    94.9099 1.0000e-12  -74.17528 -113.34460  26.800249      99.23 1.7394e+03    630.474      15132  1030.0447  1030.0424    34.3440    34.3413    8.05423         28 0.0000e+00
    521.000    514.959    -0.0275  28.756798    -0.0248  28.757123     4.7377     4.8216    -0.0155    94.9000 1.0000e-12  -74.17528 -113.34460  26.800262      99.10 1.7399e+03    631.637      15160  1030.0503  1030.0479    34.3458    34.3431    8.05273         28 0.0000e+00
    522.000    515.947    -0.0216  28.763685    -0.0196  28.763406     4.7350     4.8224    -0.0097    94.9185 1.0000e-12  -74.17528 -113.34460  26.800276      98.82 1.7417e+03    632.836      15189  1030.0560  1030.0538    34.3477    34.3450    8.05138         29 0.0000e+00
    523.000    516.934    -0.0198  28.766182    -0.0180  28.765403     4.7358     4.8228    -0.0023    94.8885 1.0000e-12  -74.17528 -113.34460  26.800290      98.67 1.7448e+03    634.063      15219  1030.0612  1030.0586    34.3483    34.3452    8.05095         30 0.0000e+00
    524.000    517.922    -0.0135  28.773509    -0.0118  28.772573     4.7367     4.8199    -0.0098    94.9267 1.0000e-12  -74.17528 -113.34460  26.800304      97.13 1.7468e+03    635.274      15248  1030.0670  1030.0644    34.3504    34.3472    8.04952         28 0.0000e+00
    525.000    518.908    -0.0094  28.778336    -0.0076  28.777887     4.7343     4.8135    -0.0064    94.9414 1.0000e-12  -74.17528 -113.34460  26.800318      96.30 1.7440e+03    636.446      15276  1030.0724  1030.0702    34.3516    34.3490    8.04859         28 0.0000e+00
    526.000    519.896    -0.0050  28.783750    -0.0033  28.782852     4.7312     4.8161    -0.0033    94.9339 1.0000e-12  -74.17528 -113.34460  26.800331      95.87 1.7448e+03    637.608      15304  1030.0780  1030.0755    34.3532    34.3501    8.04756         28 0.0000e+00
    527.000    520.882    -0.0030  28.786202    -0.0006  28.786199     4.7350     4.8195    -0.0124    94.9561 1.0000e-12  -74.17528 -113.34460  26.800345      94.89 1.7447e+03    638.776      15332  1030.0830  1030.0807    34.3537    34.3510    8.04713         28 0.0000e+00
    528.000    521.870    -0.0023  28.787325    -0.0002  28.787052     4.7267     4.8155    -0.0127    94.9619 1.0000e-12  -74.17528 -113.34460  26.800358      93.54 1.7417e+03    639.951      15360  1030.0879  1030.0855    34.3538    34.3511    8.04698         29 0.0000e+00
    529.000    522.858     0.0001  28.790259     0.0021  28.789901     4.7250     4.8052    -0.0090    94.9584 1.0000e-12  -74.17528 -113.34460  26.800372      92.65 1.7281e+03    641.153      15389  1030.0929  1030.0905    34.3543    34.3516    8.04642         29 0.0000e+00
    530.000    523.844     0.0089  28.799664     0.0114  28.799539     4.7223     4.8076    -0.0049    94.9460 1.0000e-12  -74.17528 -113.34460  26.800386      91.83 1.7294e+03    642.344      15417  1030.0984  1030.0959    34.3563    34.3534    8.04446         28 0.0000e+00
