ocean_section_plots/required_files/ctd/dnbp2202_ctd222.cnv
* Sea-Bird SBE 9 Data File:
* FileName = D:\Data\raw\NBP2202_CTD222.hex
* Software Version Seasave V 7.26.7.121
* Temperature SN = 1649
* Conductivity SN = 2513
* Number of Bytes Per Scan = 40
* Number of Voltage Words = 5
* Number of Scans Averaged by the Deck Unit = 1
* NMEA Latitude = 74 10.77 S
* NMEA Longitude = 110 50.68 W
* NMEA UTC (Time) = Feb 11 2022  15:09:01
* NMEA baud rate = 9600
** Ship: RVIB N.B. Palmer
** Cruise: NBP2202 Thwaites
** Station: 133
** Operator: A. Robinson
# nquan = 28
# nvalues = 348                         
# units = specified
# name 0 = prDM: Pressure, Digiquartz [db]
# name 1 = depSM: Depth [salt water, m]
# name 2 = t090C: Temperature [ITS-90, deg C]
# name 3 = c0mS/cm: Conductivity [mS/cm]
# name 4 = t190C: Temperature, 2 [ITS-90, deg C]
# name 5 = c1mS/cm: Conductivity, 2 [mS/cm]
# name 6 = sbeox0ML/L: Oxygen, SBE 43 [ml/l]
# name 7 = sbeox1ML/L: Oxygen, SBE 43, 2 [ml/l]
# name 8 = flECO-AFL: Fluorescence, WET Labs ECO-AFL/FL [mg/m^3]
# name 9 = CStarTr0: Beam Transmission, WET Labs C-Star [%]
# name 10 = par: PAR/Irradiance, Biospherical/Licor
# name 11 = latitude: Latitude [deg]
# name 12 = longitude: Longitude [deg]
# name 13 = timeJ: Julian Days
# name 14 = altM: Altimeter [m]
# name 15 = spar: SPAR, Biospherical/Licor
# name 16 = timeS: Time, Elapsed [seconds]
# name 17 = scan: Scan Count
# name 18 = density00: Density [density, kg/m^3]
# name 19 = density11: Density, 2 [density, kg/m^3]
# name 20 = v3: Voltage 3
# name 21 = v4: Voltage 4
# name 22 = v5: Voltage 5
# name 23 = sal00: Salinity, Practical [PSU]
# name 24 = sal11: Salinity, Practical, 2 [PSU]
# name 25 = oxsolML/L: Oxygen Saturation, Garcia & Gordon [ml/l]
# name 26 = nbin: number of scans per bin
# name 27 = flag: flag
# span 0 =      2.000,    349.000       
# span 1 =      1.979,    345.098       
# span 2 =    -1.5007,    -1.1339       
# span 3 =  26.856083,  27.446224       
# span 4 =    -1.5002,    -1.1323       
# span 5 =  26.856773,  27.446031       
# span 6 =     5.5396,     6.5262       
# span 7 =     5.7137,     6.6242       
# span 8 =    -0.0224,     2.0249       
# span 9 =    93.3363,    97.3629       
# span 10 = 1.0000e-12, 7.4863e+01      
# span 11 =  -74.17960,  -74.17958      
# span 12 = -110.84476, -110.84470      
# span 13 =  42.633357,  42.639289      
# span 14 =       5.24,     100.42      
# span 15 = 1.9392e+02, 2.6774e+02      
# span 16 =    181.018,    693.562      
# span 17 =       4345,      16646      
# span 18 =  1027.1679,  1029.0970      
# span 19 =  1027.1684,  1029.0955      
# span 20 =     4.4278,     4.6187      
# span 21 =     0.0639,     0.4081      
# span 22 =     0.1196,     0.1441      
# span 23 =    33.7519,    34.0881      
# span 24 =    33.7527,    34.0864      
# span 25 =    8.31011,    8.40854      
# span 26 =         25,         57      
# span 27 = 0.0000e+00, 0.0000e+00      
# interval = decibars: 1                
# start_time = Feb 11 2022 15:09:01 [NMEA time, header]
# bad_flag = -9.990e-29
*END*
[from data line 156]
    158.000    156.304    -1.2581  27.299626    -1.2571  27.299184     5.6793     5.8514    -0.0077    97.2366 1.0000e-12  -74.17960 -110.84472  42.636034      99.93 2.1507e+02    412.354       9897  1028.1016  1028.1002     4.6127     0.0727     0.1298    33.9901    33.9884    8.33993         28 0.0000e+00
    159.000    157.293    -1.2651  27.294459    -1.2632  27.295197     5.6990     5.8583     0.0376    97.2247 1.0000e-12  -74.17960 -110.84472  42.636048      99.93 2.1507e+02    413.522       9926  1028.1072  1028.1062     4.6122     0.0730     0.1264    33.9904    33.9892    8.34148         28 0.0000e+00
    160.000    158.285    -1.2706  27.290764    -1.2693  27.290745     5.7035     5.8685     0.0005    97.2260 1.0000e-12  -74.17960 -110.84472  42.636061      99.93 2.1507e+02    414.664       9953  1028.1129  1028.1117     4.6122     0.0703     0.1249    33.9909    33.9895    8.34268         27 0.0000e+00
    161.000    159.271    -1.2724  27.290227    -1.2709  27.290135     5.7110     5.8770     0.0142    97.1894 1.0000e-12  -74.17960 -110.84472  42.636074      99.93 2.1507e+02    415.804       9980  1028.1184  1028.1170     4.6105     0.0714     0.1293    33.9915    33.9898    8.34303         27 0.0000e+00
    162.000    160.260    -1.2729  27.290560    -1.2717  27.290493     5.7080     5.8817    -0.0067    97.2032 1.0000e-12  -74.17960 -110.84472  42.636088      99.93 2.1507e+02    416.971      10008  1028.1237  1028.1224     4.6112     0.0712     0.1279    33.9920    33.9905    8.34313         29 0.0000e+00
    163.000    161.249    -1.2732  27.290823    -1.2719  27.290744     5.7048     5.8781     0.0016    97.2126 1.0000e-12  -74.17960 -110.84472  42.636101      99.92 2.1507e+02    418.135      10036  1028.1285  1028.1272     4.6116     0.0715     0.1289    33.9921    33.9905    8.34318         28 0.0000e+00
    164.000    162.238    -1.2731  27.291569    -1.2716  27.291496     5.7067     5.8830     0.0083    97.2127 1.0000e-12  -74.17960 -110.84472  42.636114      99.93 2.1507e+02    419.290      10064  1028.1336  1028.1321     4.6116     0.0720     0.1293    33.9924    33.9906    8.34315         27 0.0000e+00
    165.000    163.227    -1.2731  27.291835    -1.2718  27.291817     5.7056     5.8768     0.0048    97.2109 1.0000e-12  -74.17960 -110.84472  42.636128      99.92 2.1507e+02    420.442      10092  1028.1383  1028.1370     4.6115     0.0707     0.1304    33.9921    33.9906    8.34317         28 0.0000e+00
    166.000    164.216    -1.2722  27.293558    -1.2707  27.293501     5.7006     5.8768     0.0048    97.2232 1.0000e-12  -74.17960 -110.84472  42.636141      99.62 2.1507e+02    421.584      10119  1028.1435  1028.1421     4.6121     0.0697     0.1266    33.9928    33.9910    8.34292         27 0.0000e+00
    167.000    165.204    -1.2719  27.294228    -1.2705  27.294121     5.6996     5.8790     0.0082    97.1986 1.0000e-12  -74.17960 -110.84472  42.636155      99.93 2.1507e+02    422.749      10147  1028.1483  1028.1469     4.6109     0.0711     0.1279    33.9928    33.9911    8.34286         29 0.0000e+00
    168.000    166.193    -1.2716  27.295070    -1.2702  27.295025     5.6961     5.8762    -0.0004    97.2268 1.0000e-12  -74.17960 -110.84472  42.636168      99.93 2.1507e+02    423.922      10175  1028.1533  1028.1519     4.6123     0.0717     0.1283    33.9930    33.9913    8.34278         25 0.0000e+00
    169.000    167.182    -1.2703  27.296966    -1.2686  27.297213     5.6925     5.8716     0.0046    97.2228 1.0000e-12  -74.17960 -110.84472  42.636181      99.93 2.1562e+02    425.075      10203  1028.1584  1028.1570     4.6121     0.0716     0.1263    33.9935    33.9919    8.34245         28 0.0000e+00
    170.000    168.172    -1.2666  27.300988    -1.2651  27.301025     5.6864     5.8620     0.0038    97.2024 1.0000e-12  -74.17960 -110.84472  42.636195      99.93 2.1513e+02    426.240      10231  1028.1636  1028.1621     4.6111     0.0731     0.1252    33.9942    33.9925    8.34159         28 0.0000e+00
    171.000    169.160    -1.2622  27.305666    -1.2611  27.305233     5.6852     5.8627     0.0046    97.2013 1.0000e-12  -74.17960 -110.84472  42.636208      99.93 2.1580e+02    427.414      10259  1028.1687  1028.1672     4.6111     0.0818     0.1273    33.9950    33.9931    8.34056         29 0.0000e+00
    172.000    170.149    -1.2570  27.311293    -1.2563  27.310450     5.6824     5.8561    -0.0036    97.2154 1.0000e-12  -74.17959 -110.84472  42.636222      99.93 2.1663e+02    428.574      10287  1028.1742  1028.1726     4.6117     0.0723     0.1270    33.9962    33.9943    8.33933         27 0.0000e+00
    173.000    171.138    -1.2555  27.313373    -1.2542  27.313125     5.6843     5.8607     0.0046    97.2146 1.0000e-12  -74.17959 -110.84472  42.636235      99.93 2.1614e+02    429.738      10315  1028.1794  1028.1779     4.6117     0.0705     0.1261    33.9967    33.9949    8.33897         28 0.0000e+00
    174.000    172.127    -1.2572  27.312648    -1.2561  27.312221     5.6845     5.8510     0.0085    97.2174 1.0000e-12  -74.17959 -110.84472  42.636249      99.93 2.1702e+02    430.902      10343  1028.1846  1028.1831     4.6118     0.0711     0.1315    33.9970    33.9952    8.33933         28 0.0000e+00
    175.000    173.115    -1.2564  27.314077    -1.2552  27.313730     5.6853     5.8539     0.0006    97.2107 1.0000e-12  -74.17958 -110.84472  42.636262      99.93 2.1729e+02    432.048      10370  1028.1897  1028.1881     4.6115     0.0715     0.1302    33.9974    33.9956    8.33912         27 0.0000e+00
    176.000    174.104    -1.2529  27.317665    -1.2521  27.316953     5.6758     5.8489    -0.0072    97.2069 1.0000e-12  -74.17958 -110.84472  42.636275      99.92 2.1733e+02    433.173      10397  1028.1946  1028.1931     4.6113     0.0715     0.1263    33.9978    33.9959    8.33832         27 0.0000e+00
    177.000    175.093    -1.2524  27.318429    -1.2514  27.318068     5.6643     5.8448     0.0079    97.1540 1.0000e-12  -74.17958 -110.84472  42.636289      99.93 2.1862e+02    434.331      10425  1028.1993  1028.1979     4.6088     0.0704     0.1267    33.9976    33.9959    8.33822         28 0.0000e+00
    178.000    176.082    -1.2457  27.325349    -1.2460  27.323424     5.6598     5.8345     0.0080    97.2249 1.0000e-12  -74.17958 -110.84472  42.636302      99.93 2.1860e+02    435.498      10453  1028.2046  1028.2029     4.6122     0.0717     0.1278    33.9989    33.9965    8.33664         28 0.0000e+00
    179.000    177.071    -1.2420  27.329287    -1.2405  27.329089     5.6589     5.8341    -0.0010    97.2069 1.0000e-12  -74.17958 -110.84472  42.636315      99.93 2.1860e+02    436.626      10480  1028.2097  1028.2081     4.6113     0.0734     0.1285    33.9994    33.9975    8.33578         27 0.0000e+00
    180.000    178.058    -1.2405  27.331510    -1.2388  27.331737     5.6642     5.8391    -0.0075    97.1970 1.0000e-12  -74.17958 -110.84472  42.636328      99.93 2.1866e+02    437.765      10507  1028.2151  1028.2137     4.6109     0.0719     0.1279    34.0002    33.9985    8.33541         29 0.0000e+00
    181.000    179.050    -1.2396  27.333918    -1.2384  27.333772     5.6577     5.8378    -0.0096    97.1941 1.0000e-12  -74.17958 -110.84472  42.636342      99.93 2.1907e+02    438.941      10536  1028.2213  1028.2199     4.6107     0.0729     0.1289    34.0019    34.0003    8.33512         25 0.0000e+00
    182.000    180.037    -1.2312  27.342992    -1.2289  27.343287     5.6532     5.8258    -0.0132    97.2036 1.0000e-12  -74.17958 -110.84472  42.636355      99.93 2.1860e+02    440.106      10564  1028.2274  1028.2255     4.6112     0.0733     0.1278    34.0042    34.0020    8.33311         28 0.0000e+00
    183.000    181.025    -1.2259  27.348971    -1.2245  27.348844     5.6509     5.8301    -0.0021    97.2012 1.0000e-12  -74.17958 -110.84474  42.636369      99.93 2.1944e+02    441.242      10591  1028.2332  1028.2317     4.6111     0.0721     0.1276    34.0057    34.0039    8.33183         27 0.0000e+00
    184.000    182.015    -1.2252  27.351029    -1.2237  27.350850     5.6451     5.8325     0.0019    97.1971 1.0000e-12  -74.17958 -110.84472  42.636382      99.93 2.1998e+02    442.390      10618  1028.2391  1028.2375     4.6109     0.0727     0.1288    34.0071    34.0051    8.33159         28 0.0000e+00
    185.000    183.003    -1.2223  27.354588    -1.2208  27.354308     5.6421     5.8115    -0.0107    97.1373 1.0000e-12  -74.17958 -110.84473  42.636395      99.93 2.1932e+02    443.542      10646  1028.2446  1028.2429     4.6080     0.0716     0.1273    34.0081    34.0060    8.33089         27 0.0000e+00
    186.000    183.993    -1.2123  27.365193    -1.2111  27.364608     5.6160     5.7912    -0.0088    97.1954 1.0000e-12  -74.17958 -110.84473  42.636408      99.92 2.2036e+02    444.665      10673  1028.2509  1028.2491     4.6108     0.0762     0.1288    34.0106    34.0085    8.32851         27 0.0000e+00
    187.000    184.980    -1.1981  27.379807    -1.1953  27.380157     5.6024     5.7776     0.0106    97.1512 1.0000e-12  -74.17958 -110.84473  42.636421      99.93 2.2036e+02    445.802      10700  1028.2574  1028.2552     4.6087     0.0714     0.1302    34.0139    34.0113    8.32515         27 0.0000e+00
    188.000    185.970    -1.1887  27.388713    -1.1871  27.388539     5.5923     5.7725     0.0035    97.1797 1.0000e-12  -74.17958 -110.84473  42.636435      99.93 2.2036e+02    446.941      10728  1028.2625  1028.2608     4.6101     0.0718     0.1304    34.0148    34.0128    8.32301         28 0.0000e+00
    189.000    186.958    -1.1832  27.394467    -1.1815  27.394181     5.5742     5.7525    -0.0072    97.1631 1.0000e-12  -74.17958 -110.84472  42.636448      99.90 2.2036e+02    448.085      10755  1028.2680  1028.2660     4.6093     0.0702     0.1283    34.0159    34.0136    8.32173         27 0.0000e+00
    190.000    187.948    -1.1705  27.406831    -1.1680  27.407077     5.5447     5.7180    -0.0046    97.1797 1.0000e-12  -74.17958 -110.84474  42.636461      99.93 2.2036e+02    449.235      10783  1028.2736  1028.2714     4.6101     0.0718     0.1293    34.0177    34.0152    8.31879         28 0.0000e+00
    191.000    188.935    -1.1450  27.431314    -1.1425  27.431043     5.5396     5.7137    -0.0124    97.1769 1.0000e-12  -74.17958 -110.84472  42.636474      99.93 2.2078e+02    450.389      10810  1028.2800  1028.2774     4.6100     0.0717     0.1334    34.0217    34.0185    8.31289         28 0.0000e+00
    192.000    189.925    -1.1347  27.442498    -1.1329  27.442416     5.5453     5.7172    -0.0099    97.1850 1.0000e-12  -74.17958 -110.84474  42.636488      99.93 2.2101e+02    451.538      10838  1028.2869  1028.2850     4.6103     0.0708     0.1304    34.0247    34.0226    8.31044         27 0.0000e+00
    193.000    190.913    -1.1356  27.443208    -1.1340  27.442995     5.5482     5.7220    -0.0077    97.1657 1.0000e-12  -74.17958 -110.84474  42.636501      99.92 2.2200e+02    452.693      10866  1028.2930  1028.2913     4.6094     0.0713     0.1309    34.0260    34.0240    8.31055         28 0.0000e+00
    194.000    191.902    -1.1340  27.445339    -1.1323  27.445198     5.5522     5.7142    -0.0134    97.1457 1.0000e-12  -74.17958 -110.84474  42.636514      99.93 2.2218e+02    453.848      10893  1028.2983  1028.2966     4.6085     0.0708     0.1306    34.0266    34.0245    8.31017         28 0.0000e+00
    195.000    192.891    -1.1339  27.446224    -1.1323  27.446031     5.5694     5.7272    -0.0088    97.1459 1.0000e-12  -74.17958 -110.84474  42.636528      99.93 2.2212e+02    454.992      10921  1028.3036  1028.3019     4.6085     0.0695     0.1329    34.0270    34.0249    8.31011         27 0.0000e+00
    196.000    193.880    -1.1355  27.445254    -1.1337  27.445375     5.5747     5.7408    -0.0074    97.1337 1.0000e-12  -74.17958 -110.84474  42.636541      99.92 2.2212e+02    456.141      10948  1028.3087  1028.3070     4.6079     0.0707     0.1301    34.0269    34.0250    8.31048         28 0.0000e+00
    197.000    194.869    -1.1427  27.439614    -1.1443  27.437172     5.5798     5.7602    -0.0074    97.0939 1.0000e-12  -74.17958 -110.84474  42.636554      99.93 2.2212e+02    457.280      10976  1028.3139  1028.3129     4.6060     0.0713     0.1340    34.0268    34.0252    8.31209         27 0.0000e+00
    198.000    195.857    -1.1445  27.438787    -1.1444  27.437591     5.5802     5.7619    -0.0147    97.1182 1.0000e-12  -74.17958 -110.84474  42.636567      99.93 2.2205e+02    458.415      11003  1028.3191  1028.3177     4.6072     0.0698     0.1307    34.0270    34.0253    8.31247         27 0.0000e+00
    199.000    196.845    -1.1491  27.435416    -1.1476  27.435465     5.5886     5.7519    -0.0084    97.0863 1.0000e-12  -74.17959 -110.84474  42.636581      99.93 2.2283e+02    459.580      11031  1028.3243  1028.3229     4.6056     0.0696     0.1314    34.0270    34.0254    8.31349         28 0.0000e+00
    200.000    197.834    -1.1484  27.436752    -1.1470  27.436478     5.5849     5.7561    -0.0217    97.0932 1.0000e-12  -74.17960 -110.84474  42.636594      93.07 2.2243e+02    460.738      11059  1028.3294  1028.3278     4.6060     0.0711     0.1330    34.0274    34.0255    8.31332         28 0.0000e+00
    201.000    198.823    -1.1464  27.439450    -1.1445  27.439555     5.5915     5.7510    -0.0163    97.1184 1.0000e-12  -74.17960 -110.84474  42.636607      99.52 2.2192e+02    461.881      11086  1028.3347  1028.3331     4.6071     0.0707     0.1346    34.0282    34.0262    8.31281         27 0.0000e+00
    202.000    199.812    -1.1464  27.439845    -1.1449  27.439740     5.5925     5.7602    -0.0195    97.1134 1.0000e-12  -74.17960 -110.84474  42.636621      99.93 2.2250e+02    463.026      11114  1028.3395  1028.3379     4.6069     0.0702     0.1321    34.0281    34.0263    8.31283         28 0.0000e+00
    203.000    200.801    -1.1445  27.442450    -1.1431  27.442146     5.5906     5.7616    -0.0097    97.0931 1.0000e-12  -74.17960 -110.84474  42.636634      99.92 2.2250e+02    464.194      11142  1028.3448  1028.3431     4.6059     0.0722     0.1320    34.0289    34.0269    8.31235         28 0.0000e+00
    204.000    201.788    -1.1466  27.441481    -1.1457  27.440899     5.5938     5.7614    -0.0129    97.1050 1.0000e-12  -74.17960 -110.84474  42.636648      99.93 2.2245e+02    465.348      11169  1028.3502  1028.3487     4.6065     0.0699     0.1298    34.0294    34.0276    8.31280         27 0.0000e+00
    205.000    202.778    -1.1458  27.443018    -1.1452  27.442077     5.5922     5.7620    -0.0103    97.1347 1.0000e-12  -74.17960 -110.84472  42.636661      99.93 2.2288e+02    466.484      11197  1028.3553  1028.3537     4.6079     0.0720     0.1300    34.0299    34.0280    8.31258         28 0.0000e+00
    206.000    203.766    -1.1456  27.443714    -1.1442  27.443552     5.5972     5.7647    -0.0116    97.1364 1.0000e-12  -74.17960 -110.84473  42.636674      99.92 2.2275e+02    467.635      11224  1028.3602  1028.3587     4.6080     0.0711     0.1352    34.0300    34.0282    8.31253         28 0.0000e+00
    207.000    204.756    -1.1453  27.444673    -1.1434  27.444960     5.6082     5.7719    -0.0042    97.1373 1.0000e-12  -74.17960 -110.84473  42.636687      99.93 2.2212e+02    468.788      11252  1028.3652  1028.3638     4.6081     0.0695     0.1310    34.0304    34.0286    8.31245         27 0.0000e+00
    208.000    205.744    -1.1491  27.442123    -1.1492  27.440855     5.6287     5.7909    -0.0109    97.1383 1.0000e-12  -74.17960 -110.84473  42.636700      99.93 2.2277e+02    469.909      11279  1028.3705  1028.3692     4.6081     0.0720     0.1317    34.0306    34.0289    8.31328         27 0.0000e+00
