ocean_section_plots/required_files/ctd/dnbp2202_ctd211.cnv
* Sea-Bird SBE 9 Data File:
* FileName = D:\Data\raw\NBP2202_CTD211.hex
* Software Version Seasave V 7.26.7.121
* Temperature SN = 1649
* Conductivity SN = 2513
* Number of Bytes Per Scan = 40
* Number of Voltage Words = 5
* Number of Scans Averaged by the Deck Unit = 1
* NMEA Latitude = 74 08.42 S
* NMEA Longitude = 113 22.28 W
* NMEA UTC (Time) = Feb 10 2022  09:49:11
* NMEA baud rate = 9600
** Ship: RVIB N.B. Palmer
** Cruise: NBP2202 Thwaites
** Station: Tow-Yo #3
** Operator: B. Bjork
# nquan = 28
# nvalues = 466                         
# units = specified
# name 0 = prDM: Pressure, Digiquartz [db]
# name 1 = depSM: Depth [salt water, m]
# name 2 = t090C: Temperature [ITS-90, deg C]
# name 3 = c0mS/cm: Conductivity [mS/cm]
# name 4 = t190C: Temperature, 2 [ITS-90, deg C]
# name 5 = c1mS/cm: Conductivity, 2 [mS/cm]
# name 6 = sbeox0ML/L: Oxygen, SBE 43 [ml/l]
# name 7 = sbeox1ML/L: Oxygen, SBE 43, 2 [ml/l]
# name 8 = flECO-AFL: Fluorescence, WET Labs ECO-AFL/FL [mg/m^3]
# name 9 = CStarTr0: Beam Transmission, WET Labs C-Star [%]
# name 10 = par: PAR/Irradiance, Biospherical/Licor
# name 11 = latitude: Latitude [deg]
# name 12 = longitude: Longitude [deg]
# name 13 = timeJ: Julian Days
# name 14 = altM: Altimeter [m]
# name 15 = spar: SPAR, Biospherical/Licor
# name 16 = timeS: Time, Elapsed [seconds]
# name 17 = scan: Scan Count
# name 18 = density00: Density [density, kg/m^3]
# name 19 = density11: Density, 2 [density, kg/m^3]
# name 20 = v3: Voltage 3
# name 21 = v4: Voltage 4
# name 22 = v5: Voltage 5
# name 23 = sal00: Salinity, Practical [PSU]
# name 24 = sal11: Salinity, Practical, 2 [PSU]
# name 25 = oxsolML/L: Oxygen Saturation, Garcia & Gordon [ml/l]
# name 26 = nbin: number of scans per bin
# name 27 = flag: flag
# span 0 =     10.000,    475.000       
# span 1 =      9.896,    469.547       
# span 2 =    -1.5172,    -0.0844       
# span 3 =  26.973436,  28.669812       
# span 4 =    -1.5156,    -0.0818       
# span 5 =  26.973524,  28.670032       
# span 6 =     4.7720,     8.6086       
# span 7 =     4.9043,     8.8370       
# span 8 =    -0.0223,    22.1841       
# span 9 =    77.3758,    97.9216       
# span 10 = 1.0000e-12, 3.4967e-01      
# span 11 =  -74.14179,  -74.14044      
# span 12 = -113.37082, -113.36224      
# span 13 =  41.409573,  41.416454      
# span 14 =       9.17,      99.99      
# span 15 = 2.4402e+01, 2.9274e+01      
# span 16 =     36.097,    630.625      
# span 17 =        867,      15136      
# span 18 =  1027.1918,  1029.8175      
# span 19 =  1027.1897,  1029.8153      
# span 20 =     3.6707,     4.6452      
# span 21 =     0.0634,     3.1840      
# span 22 =     0.1245,     0.2588      
# span 23 =    33.7488,    34.3214      
# span 24 =    33.7472,    34.3188      
# span 25 =    8.06607,    8.40507      
# span 26 =         17,         64      
# span 27 = 0.0000e+00, 0.0000e+00      
# interval = decibars: 1                
# start_time = Feb 10 2022 09:49:11 [NMEA time, header]
# bad_flag = -9.990e-29
*END*
[from data line 415]
    425.000    420.171    -0.2181  28.498386    -0.2157  28.498693     4.8226     4.9618    -0.0203    97.5552 1.0000e-12  -74.14160 -113.36336  41.415545      58.09 2.5201e+01    552.129      13252  1029.5510  1029.5490     4.6279     0.0652     0.1374    34.2735    34.2711    8.09710         26 0.0000e+00
    426.000    421.159    -0.2172  28.500027    -0.2152  28.499913     4.8234     4.9616    -0.0159    97.5550 1.0000e-12  -74.14162 -113.36336  41.415558      56.80 2.5526e+01    553.243      13279  1029.5561  1029.5541     4.6279     0.0639     0.1379    34.2740    34.2716    8.09688         27 0.0000e+00
    427.000    422.144    -0.2178  28.500227    -0.2154  28.500277     4.8270     4.9590    -0.0115    97.5656 1.0000e-12  -74.14162 -113.36334  41.415572      55.88 2.8883e+01    554.383      13306  1029.5612  1029.5589     4.6284     0.0643     0.1384    34.2743    34.2717    8.09698         27 0.0000e+00
    428.000    423.133    -0.2176  28.500787    -0.2154  28.500685     4.8244     4.9601    -0.0150    97.5741 1.0000e-12  -74.14162 -113.36331  41.415584      54.71 2.5008e+01    555.500      13333  1029.5659  1029.5637     4.6288     0.0650     0.1392    34.2742    34.2717    8.09694         27 0.0000e+00
    429.000    424.121    -0.2175  28.501191    -0.2154  28.501135     4.8230     4.9628    -0.0153    97.5883 1.0000e-12  -74.14162 -113.36330  41.415597      53.90 2.5912e+01    556.615      13360  1029.5705  1029.5684     4.6294     0.0646     0.1377    34.2741    34.2717    8.09693         27 0.0000e+00
    430.000    425.109    -0.2178  28.501525    -0.2156  28.501519     4.8278     4.9650    -0.0071    97.5846 1.0000e-12  -74.14162 -113.36329  41.415611      52.78 2.8944e+01    557.757      13387  1029.5754  1029.5732     4.6293     0.0647     0.1406    34.2743    34.2718    8.09699         27 0.0000e+00
    431.000    426.096    -0.2182  28.501450    -0.2164  28.501330     4.8260     4.9656    -0.0088    97.5884 1.0000e-12  -74.14162 -113.36327  41.415623      51.78 2.4973e+01    558.866      13414  1029.5800  1029.5781     4.6294     0.0656     0.1370    34.2741    34.2719    8.09709         27 0.0000e+00
    432.000    427.084    -0.2200  28.500647    -0.2179  28.500531     4.8254     4.9649    -0.0067    97.6025 1.0000e-12  -74.14163 -113.36325  41.415636      50.82 2.6096e+01    559.980      13441  1029.5851  1029.5830     4.6301     0.0651     0.1381    34.2743    34.2719    8.09744         27 0.0000e+00
    433.000    428.071    -0.2196  28.501522    -0.2176  28.501284     4.8286     4.9679     0.0010    97.5969 1.0000e-12  -74.14164 -113.36322  41.415649      49.52 2.8412e+01    561.105      13468  1029.5900  1029.5878     4.6298     0.0645     0.1381    34.2745    34.2720    8.09736         26 0.0000e+00
    434.000    429.059    -0.2194  28.502113    -0.2173  28.502080     4.8306     4.9712    -0.0035    97.6039 1.0000e-12  -74.14164 -113.36320  41.415662      48.42 2.4973e+01    562.202      13494  1029.5946  1029.5926     4.6301     0.0643     0.1383    34.2745    34.2721    8.09732         26 0.0000e+00
    435.000    430.047    -0.2195  28.502781    -0.2172  28.502905     4.8307     4.9733    -0.0098    97.6137 1.0000e-12  -74.14164 -113.36320  41.415675      47.38 2.6499e+01    563.307      13520  1029.5997  1029.5976     4.6306     0.0656     0.1378    34.2748    34.2725    8.09731         28 0.0000e+00
    436.000    431.033    -0.2192  28.503495    -0.2171  28.503498     4.8334     4.9743    -0.0115    97.6142 1.0000e-12  -74.14164 -113.36318  41.415688      46.48 2.8500e+01    564.423      13547  1029.6044  1029.6024     4.6307     0.0651     0.1408    34.2749    34.2725    8.09725         25 0.0000e+00
    437.000    432.023    -0.2187  28.504662    -0.2163  28.504838     4.8353     4.9724    -0.0112    97.6026 1.0000e-12  -74.14164 -113.36315  41.415700      45.39 2.5028e+01    565.514      13573  1029.6094  1029.6073     4.6301     0.0653     0.1390    34.2753    34.2729    8.09711         27 0.0000e+00
    438.000    433.008    -0.2177  28.506411    -0.2155  28.506355     4.8352     4.9730    -0.0055    97.6107 1.0000e-12  -74.14164 -113.36314  41.415713      44.45 2.6575e+01    566.602      13599  1029.6145  1029.6124     4.6305     0.0650     0.1369    34.2759    34.2733    8.09687         26 0.0000e+00
    439.000    433.997    -0.2175  28.507185    -0.2152  28.507200     4.8303     4.9731    -0.0080    97.6104 1.0000e-12  -74.14164 -113.36313  41.415726      43.37 2.8346e+01    567.714      13626  1029.6194  1029.6172     4.6304     0.0648     0.1357    34.2761    34.2735    8.09682         27 0.0000e+00
    440.000    434.986    -0.2165  28.508771    -0.2142  28.508907     4.8332     4.9700    -0.0127    97.6127 1.0000e-12  -74.14165 -113.36311  41.415738      42.21 2.5137e+01    568.795      13652  1029.6244  1029.6223     4.6306     0.0656     0.1383    34.2765    34.2741    8.09658         26 0.0000e+00
    441.000    435.971    -0.2153  28.510775    -0.2127  28.511140     4.8356     4.9718    -0.0067    97.6104 1.0000e-12  -74.14166 -113.36309  41.415751      41.31 2.6169e+01    569.903      13679  1029.6296  1029.6275     4.6305     0.0646     0.1361    34.2772    34.2748    8.09628         27 0.0000e+00
    442.000    436.960    -0.2121  28.514903    -0.2096  28.515107     4.8306     4.9718    -0.0140    97.5968 1.0000e-12  -74.14166 -113.36308  41.415765      40.50 2.8627e+01    571.055      13706  1029.6351  1029.6330     4.6298     0.0643     0.1370    34.2785    34.2760    8.09553         27 0.0000e+00
    443.000    437.947    -0.2105  28.517178    -0.2080  28.517268     4.8270     4.9692    -0.0085    97.6286 1.0000e-12  -74.14166 -113.36306  41.415778      39.37 2.4973e+01    572.194      13734  1029.6403  1029.6380     4.6314     0.0647     0.1357    34.2792    34.2765    8.09516         28 0.0000e+00
    444.000    438.934    -0.2072  28.521303    -0.2052  28.520922     4.8247     4.9669    -0.0150    97.6449 1.0000e-12  -74.14166 -113.36304  41.415791      38.26 2.6433e+01    573.346      13761  1029.6457  1029.6433     4.6321     0.0662     0.1406    34.2804    34.2776    8.09439         28 0.0000e+00
    445.000    439.923    -0.2053  28.523687    -0.2033  28.523398     4.8258     4.9678     0.0006    97.6376 1.0000e-12  -74.14166 -113.36303  41.415805      37.39 2.8448e+01    574.515      13789  1029.6507  1029.6484     4.6318     0.0690     0.1381    34.2808    34.2782    8.09396         28 0.0000e+00
    446.000    440.910    -0.2046  28.525074    -0.2024  28.524981     4.8278     4.9684    -0.0144    97.6598 1.0000e-12  -74.14167 -113.36300  41.415818      36.33 2.5418e+01    575.659      13817  1029.6557  1029.6535     4.6328     0.0651     0.1364    34.2812    34.2787    8.09378         27 0.0000e+00
    447.000    441.896    -0.2001  28.530583    -0.1976  28.530660     4.8242     4.9569    -0.0195    97.6634 1.0000e-12  -74.14168 -113.36299  41.415831      35.40 2.6066e+01    576.814      13845  1029.6615  1029.6591     4.6330     0.0676     0.1379    34.2830    34.2803    8.09274         28 0.0000e+00
    448.000    442.884    -0.1942  28.537481    -0.1917  28.537571     4.8215     4.9571    -0.0193    97.6533 1.0000e-12  -74.14168 -113.36298  41.415845      34.37 2.8360e+01    577.986      13873  1029.6672  1029.6650     4.6325     0.0650     0.1355    34.2849    34.2823    8.09137         29 0.0000e+00
    449.000    443.873    -0.1923  28.539881    -0.1898  28.540191     4.8238     4.9641    -0.0113    97.6585 1.0000e-12  -74.14168 -113.36296  41.415859      33.41 2.4976e+01    579.190      13902  1029.6722  1029.6702     4.6328     0.0654     0.1357    34.2853    34.2830    8.09094         29 0.0000e+00
    450.000    444.859    -0.1917  28.540945    -0.1894  28.541011     4.8196     4.9638    -0.0126    97.6557 1.0000e-12  -74.14168 -113.36294  41.415873      32.44 2.5973e+01    580.441      13932  1029.6772  1029.6750     4.6327     0.0649     0.1379    34.2855    34.2831    8.09081         31 0.0000e+00
    451.000    445.847    -0.1915  28.541601    -0.1893  28.541535     4.8180     4.9640    -0.0118    97.6508 1.0000e-12  -74.14168 -113.36292  41.415888      31.47 2.8226e+01    581.751      13963  1029.6820  1029.6798     4.6324     0.0647     0.1392    34.2856    34.2831    8.09076         32 0.0000e+00
    452.000    446.834    -0.1876  28.546490    -0.1844  28.547334     4.8177     4.9620    -0.0112    97.6548 1.0000e-12  -74.14168 -113.36291  41.415904      30.47 2.5021e+01    583.084      13995  1029.6876  1029.6854     4.6326     0.0658     0.1384    34.2871    34.2846    8.08985         31 0.0000e+00
    453.000    447.822    -0.1830  28.551873    -0.1805  28.551955     4.8146     4.9527    -0.0123    97.6753 1.0000e-12  -74.14168 -113.36288  41.415919      29.50 2.5856e+01    584.426      14027  1029.6931  1029.6908     4.6336     0.0658     0.1355    34.2885    34.2859    8.08879         32 0.0000e+00
    454.000    448.809    -0.1789  28.557346    -0.1763  28.557620     4.8148     4.9571    -0.0113    97.6750 1.0000e-12  -74.14170 -113.36286  41.415935      28.57 2.8540e+01    585.783      14060  1029.6992  1029.6970     4.6335     0.0668     0.1382    34.2906    34.2880    8.08781         34 0.0000e+00
    455.000    449.799    -0.1759  28.561166    -0.1735  28.561274     4.8208     4.9597    -0.0126    97.6703 1.0000e-12  -74.14170 -113.36284  41.415951      27.59 2.5010e+01    587.163      14093  1029.7047  1029.7025     4.6334     0.0671     0.1375    34.2917    34.2891    8.08711         33 0.0000e+00
    456.000    450.783    -0.1731  28.564964    -0.1703  28.565322     4.8152     4.9499    -0.0121    97.6663 1.0000e-12  -74.14170 -113.36281  41.415967      26.74 2.5544e+01    588.566      14127  1029.7102  1029.7079     4.6332     0.0663     0.1365    34.2930    34.2903    8.08643         33 0.0000e+00
    457.000    451.772    -0.1615  28.578521    -0.1582  28.579140     4.8094     4.9441    -0.0034    97.6711 1.0000e-12  -74.14170 -113.36280  41.415984      25.84 2.8234e+01    589.978      14160  1029.7176  1029.7150     4.6334     0.0666     0.1356    34.2974    34.2945    8.08373         34 0.0000e+00
    458.000    452.758    -0.1507  28.590716    -0.1475  28.591238     4.8070     4.9449    -0.0057    97.6503 1.0000e-12  -74.14170 -113.36277  41.416001      24.92 2.5454e+01    591.509      14197  1029.7243  1029.7218     4.6324     0.0656     0.1387    34.3009    34.2981    8.08125         32 0.0000e+00
    459.000    453.747    -0.1454  28.596774    -0.1429  28.596752     4.8069     4.9384    -0.0148    97.6460 1.0000e-12  -74.14170 -113.36275  41.416021      24.00 2.5656e+01    593.175      14237  1029.7300  1029.7275     4.6322     0.0660     0.1389    34.3025    34.2996    8.08005         36 0.0000e+00
    460.000    454.735    -0.1436  28.598912    -0.1414  28.598776     4.8032     4.9387    -0.0067    97.6479 1.0000e-12  -74.14171 -113.36273  41.416040      23.16 2.7286e+01    594.899      14279  1029.7349  1029.7326     4.6323     0.0660     0.1383    34.3026    34.3000    8.07965         41 0.0000e+00
    461.000    455.722    -0.1388  28.604955    -0.1360  28.605069     4.7967     4.9366    -0.0105    97.6191 1.0000e-12  -74.14172 -113.36270  41.416061      22.25 2.5585e+01    596.660      14321  1029.7409  1029.7384     4.6309     0.0660     0.1394    34.3047    34.3017    8.07852         42 0.0000e+00
    462.000    456.709    -0.1255  28.619924    -0.1226  28.620103     4.7913     4.9299    -0.0111    97.6390 1.0000e-12  -74.14172 -113.36267  41.416083      21.34 2.5437e+01    598.558      14366  1029.7482  1029.7455     4.6318     0.0678     0.1415    34.3091    34.3060    8.07546         37 0.0000e+00
    463.000    457.696    -0.1179  28.628487    -0.1155  28.628295     4.7919     4.9245    -0.0017    97.6445 1.0000e-12  -74.14173 -113.36265  41.416105      20.45 2.7716e+01    600.493      14413  1029.7542  1029.7517     4.6321     0.0664     0.1391    34.3113    34.3084    8.07372         38 0.0000e+00
    464.000    458.685    -0.1132  28.633938    -0.1113  28.633420     4.7895     4.9278    -0.0111    97.6178 1.0000e-12  -74.14174 -113.36261  41.416128      19.51 2.5496e+01    602.420      14459  1029.7599  1029.7575     4.6309     0.0665     0.1395    34.3127    34.3099    8.07266         45 0.0000e+00
    465.000    459.671    -0.1113  28.636381    -0.1088  28.636485     4.7859     4.9275    -0.0159    97.5902 1.0000e-12  -74.14174 -113.36259  41.416150      18.60 2.5288e+01    604.399      14507  1029.7650  1029.7627     4.6295     0.0664     0.1433    34.3132    34.3106    8.07223         43 0.0000e+00
    466.000    460.660    -0.1098  28.638505    -0.1076  28.638293     4.7899     4.9245    -0.0042    97.5832 1.0000e-12  -74.14174 -113.36255  41.416173      17.67 2.6490e+01    606.385      14554  1029.7701  1029.7678     4.6292     0.0663     0.1419    34.3137    34.3110    8.07187         35 0.0000e+00
    467.000    461.645    -0.1083  28.640584    -0.1055  28.641007     4.7843     4.9242    -0.0120    97.5764 1.0000e-12  -74.14174 -113.36253  41.416197      16.77 2.5370e+01    608.384      14602  1029.7752  1029.7730     4.6288     0.0667     0.1395    34.3142    34.3116    8.07153         38 0.0000e+00
    468.000    462.634    -0.1063  28.643163    -0.1039  28.643093     4.7804     4.9254    -0.0144    97.5673 1.0000e-12  -74.14175 -113.36251  41.416220      15.80 2.5781e+01    610.394      14650  1029.7804  1029.7780     4.6284     0.0665     0.1395    34.3148    34.3121    8.07108         41 0.0000e+00
    469.000    463.622    -0.1026  28.647605    -0.1005  28.647290     4.7821     4.9251    -0.0144    97.5628 1.0000e-12  -74.14176 -113.36248  41.416243      14.87 2.6360e+01    612.407      14699  1029.7858  1029.7834     4.6282     0.0674     0.1397    34.3160    34.3132    8.07023         38 0.0000e+00
    470.000    464.610    -0.0967  28.654624    -0.0941  28.654649     4.7763     4.9123    -0.0090    97.5450 1.0000e-12  -74.14176 -113.36245  41.416267      13.92 2.5742e+01    614.444      14748  1029.7917  1029.7892     4.6274     0.0681     0.1549    34.3180    34.3152    8.06886         43 0.0000e+00
    471.000    465.596    -0.0899  28.662081    -0.0871  28.662510     4.7762     4.9088    -0.0141    97.5619 1.0000e-12  -74.14176 -113.36242  41.416292      12.95 2.5671e+01    616.653      14801  1029.7974  1029.7951     4.6281     0.0668     0.1387    34.3198    34.3172    8.06734         39 0.0000e+00
    472.000    466.583    -0.0870  28.665608    -0.0843  28.665982     4.7752     4.9043    -0.0025    97.5314 1.0000e-12  -74.14176 -113.36239  41.416319      11.99 2.6080e+01    619.001      14857  1029.8026  1029.8004     4.6268     0.0672     0.1418    34.3206    34.3181    8.06668         40 0.0000e+00
    473.000    467.572    -0.0847  28.668502    -0.0825  28.668495     4.7738     4.9080    -0.0117    97.5126 1.0000e-12  -74.14176 -113.36237  41.416346      11.06 2.6027e+01    621.337      14913  1029.8078  1029.8056     4.6259     0.0671     0.1411    34.3213    34.3187    8.06616         38 0.0000e+00
    474.000    468.559    -0.0848  28.668857    -0.0823  28.668937     4.7720     4.9084    -0.0114    97.5036 1.0000e-12  -74.14177 -113.36233  41.416374      10.11 2.5759e+01    623.682      14969  1029.8126  1029.8103     4.6255     0.0675     0.1404    34.3212    34.3186    8.06617         39 0.0000e+00
    475.000    469.547    -0.0844  28.669812    -0.0818  28.670032     4.7735     4.9101    -0.0131    97.4916 1.0000e-12  -74.14179 -113.36224  41.416454       9.17 2.5660e+01    630.625      15136  1029.8175  1029.8153     4.6248     0.0683     0.1414    34.3214    34.3188    8.06607         64 0.0000e+00
