ocean_section_plots/required_files/ctd/dnbp2202_ctd213.cnv
* Sea-Bird SBE 9 Data File:
* FileName = D:\Data\raw\NBP2202_CTD213.hex
* Software Version Seasave V 7.26.7.121
* Temperature SN = 1649
* Conductivity SN = 2513
* Number of Bytes Per Scan = 40
* Number of Voltage Words = 5
* Number of Scans Averaged by the Deck Unit = 1
* NMEA Latitude = 74 08.77 S
* NMEA Longitude = 113 20.17 W
* NMEA UTC (Time) = Feb 10 2022  10:31:20
* NMEA baud rate = 9600
** Ship: RVIB N.B. Palmer
** Cruise: NBP2202 Thwaites
** Station: Tow-Yo #3
** Operator: B. Bjork
# nquan = 28
# nvalues = 468                         
# units = specified
# name 0 = prDM: Pressure, Digiquartz [db]
# name 1 = depSM: Depth [salt water, m]
# name 2 = t090C: Temperature [ITS-90, deg C]
# name 3 = c0mS/cm: Conductivity [mS/cm]
# name 4 = t190C: Temperature, 2 [ITS-90, deg C]
# name 5 = c1mS/cm: Conductivity, 2 [mS/cm]
# name 6 = sbeox0ML/L: Oxygen, SBE 43 [ml/l]
# name 7 = sbeox1ML/L: Oxygen, SBE 43, 2 [ml/l]
# name 8 = flECO-AFL: Fluorescence, WET Labs ECO-AFL/FL [mg/m^3]
# name 9 = CStarTr0: Beam Transmission, WET Labs C-Star [%]
# name 10 = par: PAR/Irradiance, Biospherical/Licor
# name 11 = latitude: Latitude [deg]
# name 12 = longitude: Longitude [deg]
# name 13 = timeJ: Julian Days
# name 14 = altM: Altimeter [m]
# name 15 = spar: SPAR, Biospherical/Licor
# name 16 = timeS: Time, Elapsed [seconds]
# name 17 = scan: Scan Count
# name 18 = density00: Density [density, kg/m^3]
# name 19 = density11: Density, 2 [density, kg/m^3]
# name 20 = v3: Voltage 3
# name 21 = v4: Voltage 4
# name 22 = v5: Voltage 5
# name 23 = sal00: Salinity, Practical [PSU]
# name 24 = sal11: Salinity, Practical, 2 [PSU]
# name 25 = oxsolML/L: Oxygen Saturation, Garcia & Gordon [ml/l]
# name 26 = nbin: number of scans per bin
# name 27 = flag: flag
# span 0 =     10.000,    477.000       
# span 1 =      9.901,    471.525       
# span 2 =    -1.5487,    -0.1653       
# span 3 =  26.902073,  28.580385       
# span 4 =    -1.5478,    -0.1629       
# span 5 =  26.902633,  28.580529       
# span 6 =     4.7861,     8.4184       
# span 7 =     4.9165,     8.6679       
# span 8 =    -0.0225,    19.1262       
# span 9 =    77.3902,    98.0068       
# span 10 = -1.236e-05, 4.4091e-01      
# span 11 =  -74.14749,  -74.14628      
# span 12 = -113.33564, -113.32689      
# span 13 =  41.438836,  41.445619      
# span 14 =       8.31,     100.90      
# span 15 = 2.6769e+01, 3.4762e+01      
# span 16 =     35.434,    621.444      
# span 17 =        851,      14916      
# span 18 =  1027.2016,  1029.8101      
# span 19 =  1027.1999,  1029.8077      
# span 20 =     3.6716,     4.6493      
# span 21 =     0.0636,     2.7052      
# span 22 =     0.1250,     0.2424      
# span 23 =    33.7607,    34.2940      
# span 24 =    33.7588,    34.2916      
# span 25 =    8.08472,    8.41529      
# span 26 =         16,         47      
# span 27 = 0.0000e+00, 0.0000e+00      
# interval = decibars: 1                
# start_time = Feb 10 2022 10:31:20 [NMEA time, header]
# bad_flag = -9.990e-29
*END*
[from data line 363]
    373.000    368.807    -0.2878  28.398554    -0.2840  28.399593     4.8349     4.9653    -0.0122    97.6305 1.0000e-12  -74.14720 -113.32908  41.443947      99.87 3.0042e+01    477.060      11450  1029.2893  1029.2867     4.6315     0.0698     0.1412    34.2497    34.2469    8.11327         26 0.0000e+00
    374.000    369.796    -0.2814  28.405288    -0.2786  28.405877     4.8306     4.9659    -0.0184    97.6050 1.0000e-12  -74.14720 -113.32906  41.443960      99.88 3.2997e+01    478.137      11476  1029.2945  1029.2924     4.6302     0.0678     0.1385    34.2509    34.2485    8.11184         26 0.0000e+00
    375.000    370.783    -0.2770  28.410445    -0.2747  28.410288     4.8329     4.9674    -0.0074    97.5929 1.0000e-12  -74.14720 -113.32904  41.443973      99.87 3.1462e+01    479.228      11502  1029.3001  1029.2978     4.6296     0.0707     0.1373    34.2522    34.2495    8.11082         26 0.0000e+00
    376.000    371.770    -0.2750  28.412640    -0.2731  28.412424     4.8347     4.9658    -0.0096    97.5843 1.0000e-12  -74.14720 -113.32904  41.443985      99.87 3.0013e+01    480.281      11528  1029.3048  1029.3028     4.6292     0.0696     0.1393    34.2523    34.2499    8.11039         26 0.0000e+00
    377.000    372.759    -0.2736  28.414990    -0.2710  28.415084     4.8336     4.9661    -0.0112    97.5843 1.0000e-12  -74.14720 -113.32902  41.443997      99.88 3.3428e+01    481.355      11554  1029.3103  1029.3080     4.6292     0.0696     0.1396    34.2532    34.2505    8.11003         25 0.0000e+00
    378.000    373.747    -0.2732  28.415567    -0.2711  28.415560     4.8337     4.9583    -0.0058    97.5875 1.0000e-12  -74.14720 -113.32900  41.444010      51.61 3.1338e+01    482.437      11579  1029.3149  1029.3129     4.6294     0.0671     0.1388    34.2530    34.2507    8.10997         25 0.0000e+00
    379.000    374.735    -0.2738  28.415515    -0.2713  28.415760     4.8330     4.9637    -0.0149    97.5719 1.0000e-12  -74.14720 -113.32898  41.444022     100.62 3.0153e+01    483.496      11605  1029.3198  1029.3176     4.6287     0.0699     0.1396    34.2531    34.2505    8.11010         26 0.0000e+00
    380.000    375.723    -0.2735  28.416196    -0.2712  28.416429     4.8342     4.9694    -0.0089    97.5732 1.0000e-12  -74.14720 -113.32897  41.444034      99.87 3.3337e+01    484.574      11631  1029.3245  1029.3225     4.6287     0.0699     0.1410    34.2530    34.2507    8.11004         27 0.0000e+00
    381.000    376.710    -0.2730  28.417248    -0.2702  28.417713     4.8300     4.9703    -0.0088    97.5867 1.0000e-12  -74.14720 -113.32894  41.444047      80.59 3.1165e+01    485.666      11657  1029.3295  1029.3273     4.6293     0.0678     0.1405    34.2532    34.2507    8.10991         26 0.0000e+00
    382.000    377.698    -0.2723  28.418376    -0.2697  28.418725     4.8315     4.9704    -0.0178    97.5683 1.0000e-12  -74.14721 -113.32893  41.444059      44.48 3.0131e+01    486.728      11682  1029.3343  1029.3322     4.6285     0.0669     0.1371    34.2534    34.2509    8.10977         25 0.0000e+00
    383.000    378.686    -0.2713  28.419951    -0.2686  28.420375     4.8322     4.9637    -0.0150    97.5721 1.0000e-12  -74.14722 -113.32891  41.444072      99.88 3.3978e+01    487.815      11709  1029.3393  1029.3372     4.6287     0.0698     0.1385    34.2537    34.2513    8.10952         26 0.0000e+00
    384.000    379.673    -0.2735  28.417791    -0.2712  28.417972     4.8328     4.9596    -0.0113    97.5781 1.0000e-12  -74.14722 -113.32890  41.444084      99.12 3.1046e+01    488.899      11735  1029.3435  1029.3414     4.6289     0.0695     0.1391    34.2528    34.2504    8.11006         26 0.0000e+00
    385.000    380.661    -0.2742  28.417581    -0.2722  28.417416     4.8411     4.9614    -0.0158    97.5596 1.0000e-12  -74.14722 -113.32889  41.444097      98.79 3.0189e+01    489.958      11760  1029.3482  1029.3461     4.6281     0.0699     0.1398    34.2526    34.2502    8.11021         26 0.0000e+00
    386.000    381.650    -0.2745  28.417582    -0.2727  28.417359     4.8345     4.9611    -0.0150    97.5669 1.0000e-12  -74.14722 -113.32887  41.444109      98.04 3.3408e+01    491.034      11786  1029.3528  1029.3508     4.6285     0.0702     0.1387    34.2524    34.2500    8.11028         26 0.0000e+00
    387.000    382.638    -0.2751  28.417500    -0.2729  28.417427     4.8333     4.9649    -0.0139    97.5790 1.0000e-12  -74.14722 -113.32884  41.444122      97.13 3.0798e+01    492.104      11812  1029.3576  1029.3554     4.6290     0.0692     0.1372    34.2524    34.2498    8.11042         25 0.0000e+00
    388.000    383.625    -0.2742  28.418921    -0.2722  28.418625     4.8357     4.9704    -0.0118    97.5599 1.0000e-12  -74.14724 -113.32882  41.444134      96.12 3.0190e+01    493.150      11837  1029.3625  1029.3602     4.6281     0.0693     0.1395    34.2527    34.2500    8.11021         25 0.0000e+00
    389.000    384.612    -0.2742  28.419033    -0.2726  28.418401     4.8300     4.9599    -0.0127    97.5778 1.0000e-12  -74.14724 -113.32880  41.444146      95.28 3.3512e+01    494.213      11862  1029.3669  1029.3647     4.6290     0.0690     0.1374    34.2522    34.2496    8.11024         26 0.0000e+00
    390.000    385.600    -0.2738  28.420188    -0.2715  28.420291     4.8375     4.9565    -0.0133    97.5716 1.0000e-12  -74.14724 -113.32880  41.444158      94.65 3.1105e+01    495.269      11887  1029.3720  1029.3699     4.6287     0.0696     0.1390    34.2527    34.2503    8.11012         22 0.0000e+00
    391.000    386.588    -0.2693  28.425866    -0.2681  28.424548     4.8342     4.9630    -0.0154    97.5710 1.0000e-12  -74.14724 -113.32878  41.444170      93.23 3.0233e+01    496.313      11913  1029.3779  1029.3754     4.6286     0.0689     0.1401    34.2546    34.2515    8.10906         25 0.0000e+00
    392.000    387.577    -0.2696  28.425311    -0.2680  28.425002     4.8286     4.9621    -0.0167    97.5924 1.0000e-12  -74.14724 -113.32876  41.444183      92.87 3.3218e+01    497.377      11938  1029.3819  1029.3800     4.6296     0.0686     0.1390    34.2536    34.2514    8.10918         26 0.0000e+00
    393.000    388.564    -0.2729  28.422961    -0.2706  28.422821     4.8294     4.9644    -0.0113    97.5750 1.0000e-12  -74.14724 -113.32874  41.444195      91.98 3.0903e+01    498.445      11964  1029.3869  1029.3845     4.6288     0.0684     0.1378    34.2536    34.2508    8.10988         26 0.0000e+00
    394.000    389.552    -0.2677  28.428951    -0.2638  28.430727     4.8259     4.9629    -0.0138    97.5842 1.0000e-12  -74.14724 -113.32874  41.444207      90.72 3.0190e+01    499.486      11989  1029.3925  1029.3905     4.6292     0.0687     0.1383    34.2552    34.2531    8.10869         25 0.0000e+00
    395.000    390.540    -0.2626  28.434919    -0.2615  28.433479     4.8254     4.9639    -0.0148    97.5615 1.0000e-12  -74.14724 -113.32871  41.444219      89.99 3.3378e+01    500.550      12014  1029.3981  1029.3956     4.6282     0.0706     0.1374    34.2568    34.2536    8.10751         25 0.0000e+00
    396.000    391.528    -0.2578  28.440666    -0.2553  28.440923     4.8272     4.9613    -0.0049    97.5791 1.0000e-12  -74.14724 -113.32869  41.444232      88.99 3.1455e+01    501.607      12040  1029.4038  1029.4016     4.6290     0.0687     0.1412    34.2584    34.2559    8.10639         26 0.0000e+00
    397.000    392.515    -0.2559  28.443230    -0.2536  28.443271     4.8243     4.9569    -0.0123    97.5719 1.0000e-12  -74.14724 -113.32867  41.444244      88.06 3.0189e+01    502.646      12065  1029.4090  1029.4068     4.6287     0.0686     0.1396    34.2591    34.2566    8.10595         24 0.0000e+00
    398.000    393.502    -0.2551  28.444459    -0.2529  28.444518     4.8254     4.9615    -0.0194    97.5631 1.0000e-12  -74.14725 -113.32866  41.444256      87.16 3.2918e+01    503.700      12090  1029.4138  1029.4117     4.6282     0.0672     0.1382    34.2593    34.2568    8.10577         26 0.0000e+00
    399.000    394.491    -0.2542  28.445814    -0.2521  28.445773     4.8215     4.9562    -0.0188    97.5700 1.0000e-12  -74.14726 -113.32865  41.444268      86.22 3.1790e+01    504.763      12115  1029.4187  1029.4166     4.6286     0.0699     0.1390    34.2595    34.2571    8.10557         25 0.0000e+00
    400.000    395.478    -0.2524  28.448473    -0.2497  28.448930     4.8206     4.9540    -0.0188    97.5647 1.0000e-12  -74.14726 -113.32864  41.444280      85.34 3.0455e+01    505.797      12140  1029.4240  1029.4219     4.6283     0.0680     0.1397    34.2604    34.2580    8.10512         25 0.0000e+00
    401.000    396.466    -0.2477  28.454491    -0.2428  28.457142     4.8194     4.9490    -0.0185    97.5690 1.0000e-12  -74.14726 -113.32862  41.444292      84.28 3.2539e+01    506.849      12165  1029.4301  1029.4281     4.6285     0.0687     0.1411    34.2624    34.2605    8.10400         25 0.0000e+00
    402.000    397.453    -0.2433  28.459499    -0.2408  28.459634     4.8196     4.9470    -0.0104    97.5582 1.0000e-12  -74.14726 -113.32860  41.444304      83.54 3.2409e+01    507.904      12191  1029.4354  1029.4332     4.6280     0.0684     0.1418    34.2636    34.2610    8.10300         26 0.0000e+00
    403.000    398.442    -0.2421  28.461016    -0.2405  28.460507     4.8157     4.9476    -0.0120    97.5504 1.0000e-12  -74.14726 -113.32859  41.444317      82.54 3.0177e+01    508.943      12216  1029.4403  1029.4382     4.6277     0.0679     0.1393    34.2638    34.2613    8.10275         24 0.0000e+00
    404.000    399.429    -0.2395  28.464585    -0.2377  28.464137     4.8181     4.9481    -0.0191    97.5583 1.0000e-12  -74.14726 -113.32858  41.444329      81.39 3.2918e+01    509.992      12241  1029.4458  1029.4436     4.6280     0.0690     0.1383    34.2650    34.2623    8.10213         26 0.0000e+00
    405.000    400.417    -0.2410  28.463277    -0.2392  28.462799     4.8153     4.9490    -0.0126    97.5503 1.0000e-12  -74.14726 -113.32856  41.444341      80.56 3.2293e+01    511.047      12266  1029.4502  1029.4480     4.6277     0.0680     0.1380    34.2644    34.2617    8.10249         25 0.0000e+00
    406.000    401.405    -0.2368  28.468792    -0.2356  28.467426     4.8164     4.9472    -0.0124    97.5709 1.0000e-12  -74.14728 -113.32854  41.444353      79.69 3.0182e+01    512.083      12291  1029.4562  1029.4536     4.6286     0.0680     0.1400    34.2663    34.2631    8.10147         25 0.0000e+00
    407.000    402.392    -0.2269  28.480761    -0.2232  28.481818     4.8154     4.9462    -0.0177    97.5782 1.0000e-12  -74.14728 -113.32852  41.444365      78.76 3.2364e+01    513.124      12316  1029.4635  1029.4610     4.6289     0.0672     0.1386    34.2705    34.2678    8.09912         25 0.0000e+00
    408.000    403.381    -0.2159  28.493589    -0.2145  28.492166     4.8109     4.9467    -0.0207    97.5478 1.0000e-12  -74.14728 -113.32852  41.444377      77.63 3.3155e+01    514.184      12341  1029.4708  1029.4679     4.6275     0.0670     0.1401    34.2747    34.2713    8.09656         25 0.0000e+00
    409.000    404.367    -0.2095  28.501312    -0.2066  28.501715     4.8105     4.9437    -0.0138    97.5566 1.0000e-12  -74.14728 -113.32850  41.444389      76.69 3.0309e+01    515.213      12366  1029.4770  1029.4747     4.6279     0.0669     0.1408    34.2772    34.2745    8.09505         25 0.0000e+00
    410.000    405.355    -0.2050  28.506514    -0.2030  28.506171     4.8111     4.9394    -0.0062    97.5607 1.0000e-12  -74.14728 -113.32848  41.444401      75.85 3.2160e+01    516.252      12391  1029.4826  1029.4803     4.6281     0.0669     0.1387    34.2785    34.2758    8.09404         25 0.0000e+00
    411.000    406.343    -0.2029  28.509590    -0.2014  28.508632     4.8058     4.9349    -0.0083    97.5493 1.0000e-12  -74.14728 -113.32848  41.444413      74.71 3.3565e+01    517.314      12417  1029.4882  1029.4857     4.6276     0.0653     0.1408    34.2796    34.2767    8.09353         26 0.0000e+00
    412.000    407.330    -0.1979  28.515672    -0.1970  28.513986     4.8044     4.9373    -0.0160    97.5493 1.0000e-12  -74.14728 -113.32846  41.444425      73.70 3.0331e+01    518.349      12441  1029.4940  1029.4914     4.6276     0.0663     0.1390    34.2815    34.2783    8.09235         25 0.0000e+00
    413.000    408.319    -0.1973  28.516709    -0.1952  28.516484     4.8081     4.9397    -0.0153    97.5423 1.0000e-12  -74.14728 -113.32844  41.444437      72.37 3.2311e+01    519.389      12466  1029.4989  1029.4966     4.6273     0.0653     0.1407    34.2816    34.2789    8.09221         25 0.0000e+00
    414.000    409.307    -0.1973  28.517063    -0.1953  28.516773     4.8061     4.9381    -0.0109    97.5329 1.0000e-12  -74.14728 -113.32843  41.444450      71.11 3.3493e+01    520.457      12492  1029.5037  1029.5014     4.6268     0.0662     0.1411    34.2815    34.2789    8.09223         25 0.0000e+00
    415.000    410.293    -0.1952  28.520057    -0.1930  28.519884     4.8060     4.9343    -0.0120    97.5300 1.0000e-12  -74.14728 -113.32840  41.444462      69.91 3.0367e+01    521.493      12517  1029.5091  1029.5068     4.6267     0.0646     0.1436    34.2825    34.2798    8.09172         24 0.0000e+00
    416.000    411.283    -0.1940  28.521655    -0.1922  28.521206     4.8024     4.9359    -0.0096    97.5175 1.0000e-12  -74.14728 -113.32839  41.444474      69.22 3.1955e+01    522.534      12542  1029.5140  1029.5117     4.6261     0.0660     0.1403    34.2827    34.2801    8.09146         26 0.0000e+00
    417.000    412.269    -0.1935  28.522736    -0.1914  28.522564     4.8041     4.9368    -0.0027    97.5167 1.0000e-12  -74.14729 -113.32838  41.444486      68.46 3.3493e+01    523.603      12567  1029.5189  1029.5168     4.6261     0.0664     0.1414    34.2829    34.2804    8.09133         26 0.0000e+00
    418.000    413.256    -0.1936  28.522960    -0.1915  28.522932     4.8023     4.9362    -0.0047    97.5150 1.0000e-12  -74.14730 -113.32837  41.444498      67.23 3.0564e+01    524.643      12592  1029.5236  1029.5215     4.6260     0.0663     0.1390    34.2828    34.2804    8.09137         24 0.0000e+00
    419.000    414.244    -0.1934  28.523730    -0.1912  28.523705     4.8033     4.9362    -0.0133    97.5107 1.0000e-12  -74.14730 -113.32834  41.444510      66.10 3.2203e+01    525.685      12617  1029.5286  1029.5264     4.6258     0.0655     0.1421    34.2830    34.2805    8.09132         26 0.0000e+00
    420.000    415.232    -0.1930  28.524539    -0.1908  28.524528     4.8034     4.9342    -0.0192    97.5030 1.0000e-12  -74.14730 -113.32833  41.444523      64.77 3.3849e+01    526.751      12643  1029.5333  1029.5312     4.6254     0.0649     0.1435    34.2830    34.2806    8.09123         25 0.0000e+00
    421.000    416.221    -0.1919  28.526410    -0.1897  28.526154     4.8042     4.9360    -0.0180    97.5164 1.0000e-12  -74.14730 -113.32832  41.444535      63.68 3.0389e+01    527.793      12668  1029.5385  1029.5362     4.6261     0.0647     0.1403    34.2836    34.2809    8.09095         25 0.0000e+00
    422.000    417.207    -0.1913  28.527354    -0.1893  28.527188     4.8012     4.9317    -0.0115    97.5257 1.0000e-12  -74.14730 -113.32830  41.444547      62.61 3.1950e+01    528.838      12693  1029.5433  1029.5412     4.6265     0.0644     0.1388    34.2837    34.2812    8.09083         25 0.0000e+00
    423.000    418.195    -0.1909  28.528339    -0.1889  28.528065     4.8075     4.9347    -0.0023    97.5126 1.0000e-12  -74.14730 -113.32828  41.444559      61.53 3.2894e+01    529.907      12719  1029.5482  1029.5459     4.6259     0.0658     0.1402    34.2839    34.2813    8.09073         26 0.0000e+00
