ocean_section_plots/required_files/ctd/dnbp2202_ctd044.cnv
* Sea-Bird SBE 9 Data File:
* FileName = D:\Data\raw\NBP2202_CTD044.hex
* Software Version Seasave V 7.26.7.121
* Temperature SN = 1649
* Conductivity SN = 2513
* Number of Bytes Per Scan = 40
* Number of Voltage Words = 5
* Number of Scans Averaged by the Deck Unit = 1
* NMEA Latitude = 74 10.00 S
* NMEA Longitude = 113 18.01 W
* NMEA UTC (Time) = Jan 23 2022  22:11:25
* NMEA baud rate = 9600
** Ship: RVIB N.B. Palmer
** Cruise: NBP2202 Thwaites
** Station: 25
** Operator: A. Robinson
# nquan = 25
# nvalues = 658                         
# units = specified
# name 0 = prDM: Pressure, Digiquartz [db]
# name 1 = depSM: Depth [salt water, m]
# name 2 = t090C: Temperature [ITS-90, deg C]
# name 3 = c0mS/cm: Conductivity [mS/cm]
# name 4 = t190C: Temperature, 2 [ITS-90, deg C]
# name 5 = c1mS/cm: Conductivity, 2 [mS/cm]
# name 6 = sbeox0ML/L: Oxygen, SBE 43 [ml/l]
# name 7 = sbeox1ML/L: Oxygen, SBE 43, 2 [ml/l]
# name 8 = flECO-AFL: Fluorescence, WET Labs ECO-AFL/FL [mg/m^3]
# name 9 = CStarTr0: Beam Transmission, WET Labs C-Star [%]
# name 10 = par: PAR/Irradiance, Biospherical/Licor
# name 11 = latitude: Latitude [deg]
# name 12 = longitude: Longitude [deg]
# name 13 = timeJ: Julian Days
# name 14 = altM: Altimeter [m]
# name 15 = spar: SPAR, Biospherical/Licor
# name 16 = timeS: Time, Elapsed [seconds]
# name 17 = scan: Scan Count
# name 18 = density00: Density [density, kg/m^3]
# name 19 = density11: Density, 2 [density, kg/m^3]
# name 20 = sal00: Salinity, Practical [PSU]
# name 21 = sal11: Salinity, Practical, 2 [PSU]
# name 22 = oxsolML/L: Oxygen Saturation, Garcia & Gordon [ml/l]
# name 23 = nbin: number of scans per bin
# name 24 = flag: flag
# span 0 =      2.000,    659.000       
# span 1 =      1.975,    651.100       
# span 2 =    -1.5745,     0.1737       
# span 3 =  26.888112,  29.039061       
# span 4 =    -1.5742,     0.1744       
# span 5 =  26.887854,  29.037180       
# span 6 =     4.6890,     7.8400       
# span 7 =     4.9251,     8.2856       
# span 8 =    -0.0219,    17.3653       
# span 9 =    77.1220,    96.3374       
# span 10 = -1.108e-04, 2.4552e+02      
# span 11 =  -74.16672,  -74.16672      
# span 12 = -113.30030, -113.30028      
# span 13 =  23.926489,  23.938431      
# span 14 =      -3.81,     100.23      
# span 15 = 5.7957e+02, 6.0037e+02      
# span 16 =    163.665,   1195.387      
# span 17 =       3929,      28690      
# span 18 =  1027.1927,  1030.7391      
# span 19 =  1027.1930,  1030.7364      
# span 20 =    33.7942,    34.4122      
# span 21 =    33.7946,    34.4088      
# span 22 =    8.00686,    8.42101      
# span 23 =          2,         48      
# span 24 = 0.0000e+00, 0.0000e+00      
# interval = decibars: 1                
# start_time = Jan 23 2022 22:11:25 [NMEA time, header]
# bad_flag = -9.990e-29
*END*
[from data line 638]
    640.000    632.400     0.1441  28.997390     0.1460  28.996895     4.6965     4.9398    -0.0051    95.8984 1.0000e-12  -74.16672 -113.30028  23.936582      22.18 5.8987e+02   1035.713      24858  1030.6434  1030.6410    34.4015    34.3987    8.01364         28 0.0000e+00
    641.000    633.386     0.1484  29.002828     0.1503  29.002129     4.6932     4.9390    -0.0015    95.9004 1.0000e-12  -74.16672 -113.30028  23.936596      21.15 5.8987e+02   1036.872      24886  1030.6492  1030.6466    34.4033    34.4003    8.01264         28 0.0000e+00
    642.000    634.373     0.1531  29.008623     0.1552  29.008289     4.6977     4.9384    -0.0059    95.9075 1.0000e-12  -74.16672 -113.30028  23.936610      20.14 5.8990e+02   1038.062      24914  1030.6548  1030.6525    34.4050    34.4023    8.01155         29 0.0000e+00
    643.000    635.360     0.1534  29.009338     0.1554  29.008848     4.6949     4.9343    -0.0099    95.8954 1.0000e-12  -74.16672 -113.30028  23.936624      19.11 5.9010e+02   1039.312      24944  1030.6595  1030.6571    34.4051    34.4022    8.01149         30 0.0000e+00
    644.000    636.346     0.1541  29.010459     0.1562  29.010226     4.6964     4.9373    -0.0086    95.9160 1.0000e-12  -74.16672 -113.30028  23.936639      18.10 5.9003e+02   1040.615      24976  1030.6644  1030.6620    34.4052    34.4026    8.01134         33 0.0000e+00
    645.000    637.332     0.1550  29.011932     0.1568  29.011273     4.6933     4.9387    -0.0092    95.9185 1.0000e-12  -74.16672 -113.30028  23.936655      17.06 5.9039e+02   1041.993      25009  1030.6693  1030.6668    34.4055    34.4027    8.01113         33 0.0000e+00
    646.000    638.321     0.1545  29.011678     0.1561  29.010982     4.6939     4.9353    -0.0056    95.9150 1.0000e-12  -74.16672 -113.30028  23.936671      16.04 5.9057e+02   1043.391      25042  1030.6738  1030.6715    34.4052    34.4025    8.01126         32 0.0000e+00
    647.000    639.306     0.1554  29.013387     0.1575  29.012987     4.6919     4.9363    -0.0057    95.9388 1.0000e-12  -74.16672 -113.30028  23.936687      15.04 5.9057e+02   1044.789      25076  1030.6789  1030.6765    34.4059    34.4030    8.01103         33 0.0000e+00
    648.000    640.293     0.1588  29.017628     0.1608  29.017112     4.6959     4.9356    -0.0149    95.9412 1.0000e-12  -74.16672 -113.30028  23.936704      13.99 5.9057e+02   1046.219      25110  1030.6843  1030.6818    34.4070    34.4041    8.01026         33 0.0000e+00
    649.000    641.279     0.1591  29.018227     0.1608  29.017624     4.6990     4.9355    -0.0090    95.9459 1.0000e-12  -74.16672 -113.30028  23.936721      12.97 5.9057e+02   1047.682      25145  1030.6889  1030.6866    34.4069    34.4042    8.01021         33 0.0000e+00
    650.000    642.265     0.1593  29.018871     0.1612  29.018405     4.7009     4.9298    -0.0134    95.9694 1.0000e-12  -74.16672 -113.30028  23.936738      11.99 5.9057e+02   1049.143      25180  1030.6937  1030.6913    34.4070    34.4043    8.01016         35 0.0000e+00
    651.000    643.252     0.1596  29.019689     0.1612  29.018907     4.6958     4.9326    -0.0035    95.9757 1.0000e-12  -74.16672 -113.30028  23.936755      11.01 5.9057e+02   1050.595      25215  1030.6985  1030.6961    34.4071    34.4043    8.01009         35 0.0000e+00
    652.000    644.238     0.1585  29.018847     0.1603  29.018296     4.6945     4.9386    -0.0091    95.9437 1.0000e-12  -74.16672 -113.30028  23.936772      10.00 5.9057e+02   1052.064      25251  1030.7030  1030.7006    34.4067    34.4039    8.01035         32 0.0000e+00
    653.000    645.226     0.1582  29.018833     0.1599  29.018250     4.6926     4.9354    -0.0085    95.9389 1.0000e-12  -74.16672 -113.30028  23.936789       8.97 5.9057e+02   1053.532      25286  1030.7075  1030.7051    34.4064    34.4037    8.01042         35 0.0000e+00
    654.000    646.211     0.1580  29.019081     0.1599  29.018696     4.6949     4.9379    -0.0100    95.9627 1.0000e-12  -74.16672 -113.30028  23.936806       7.96 5.9057e+02   1055.038      25322  1030.7121  1030.7099    34.4064    34.4037    8.01046         38 0.0000e+00
    655.000    647.198     0.1583  29.019965     0.1603  29.019481     4.6980     4.9359    -0.0162    95.9535 1.0000e-12  -74.16672 -113.30028  23.936826       6.93 5.9057e+02   1056.737      25363  1030.7170  1030.7146    34.4067    34.4037    8.01039         38 0.0000e+00
    656.000    648.185     0.1586  29.020794     0.1606  29.020399     4.6890     4.9374    -0.0085    95.9596 1.0000e-12  -74.16672 -113.30028  23.936848       5.85 5.9057e+02   1058.704      25410  1030.7218  1030.7195    34.4067    34.4040    8.01031         38 0.0000e+00
    657.000    649.171     0.1588  29.021491     0.1608  29.021045     4.6948     4.9376    -0.0131    95.9494 1.0000e-12  -74.16672 -113.30028  23.936874       4.81 5.9057e+02   1060.920      25463  1030.7266  1030.7242    34.4068    34.4041    8.01026         41 0.0000e+00
    658.000    650.156     0.1604  29.023800     0.1626  29.023678     4.6939     4.9382    -0.0075    95.9719 1.0000e-12  -74.16672 -113.30028  23.936998       9.91 5.9124e+02   1071.655      25721  1030.7317  1030.7294    34.4076    34.4049    8.00990         36 0.0000e+00
    659.000    651.100     0.1737  29.039061     0.1744  29.037180     4.6951     4.9251    -0.0007    96.0616 1.0000e-12  -74.16672 -113.30028  23.938431      -3.81 6.0037e+02   1195.387      28690  1030.7391  1030.7364    34.4122    34.4088    8.00686          2 0.0000e+00
