ocean_section_plots/required_files/ctd/dnbp2202_ctd286.cnv
* Sea-Bird SBE 9 Data File:
* FileName = D:\Data\raw\NBP2202_CTD286.hex
* Software Version Seasave V 7.26.7.121
* Temperature SN = 1649
* Conductivity SN = 2513
* Number of Bytes Per Scan = 40
* Number of Voltage Words = 5
* Number of Scans Averaged by the Deck Unit = 1
* NMEA Latitude = 74 08.17 S
* NMEA Longitude = 115 13.25 W
* NMEA UTC (Time) = Feb 22 2022  12:47:56
* NMEA baud rate = 9600
** Ship: RVIB N.B. Palmer
** Cruise: NBP2202 Thwaites
** Station: 188
** Operator: B. Bjork
# nquan = 28
# nvalues = 787                         
# units = specified
# name 0 = prDM: Pressure, Digiquartz [db]
# name 1 = depSM: Depth [salt water, m]
# name 2 = t090C: Temperature [ITS-90, deg C]
# name 3 = c0mS/cm: Conductivity [mS/cm]
# name 4 = t190C: Temperature, 2 [ITS-90, deg C]
# name 5 = c1mS/cm: Conductivity, 2 [mS/cm]
# name 6 = sbeox0ML/L: Oxygen, SBE 43 [ml/l]
# name 7 = sbeox1ML/L: Oxygen, SBE 43, 2 [ml/l]
# name 8 = flECO-AFL: Fluorescence, WET Labs ECO-AFL/FL [mg/m^3]
# name 9 = CStarTr0: Beam Transmission, WET Labs C-Star [%]
# name 10 = par: PAR/Irradiance, Biospherical/Licor
# name 11 = latitude: Latitude [deg]
# name 12 = longitude: Longitude [deg]
# name 13 = timeJ: Julian Days
# name 14 = altM: Altimeter [m]
# name 15 = spar: SPAR, Biospherical/Licor
# name 16 = timeS: Time, Elapsed [seconds]
# name 17 = scan: Scan Count
# name 18 = density00: Density [density, kg/m^3]
# name 19 = density11: Density, 2 [density, kg/m^3]
# name 20 = v3: Voltage 3
# name 21 = v4: Voltage 4
# name 22 = v5: Voltage 5
# name 23 = sal00: Salinity, Practical [PSU]
# name 24 = sal11: Salinity, Practical, 2 [PSU]
# name 25 = oxsolML/L: Oxygen Saturation, Garcia & Gordon [ml/l]
# name 26 = nbin: number of scans per bin
# name 27 = flag: flag
# span 0 =      3.000,    789.000       
# span 1 =      2.969,    779.353       
# span 2 =    -1.8259,     0.4839       
# span 3 =  26.958881,  29.464131       
# span 4 =    -1.8252,     0.4865       
# span 5 =  26.959307,  29.464826       
# span 6 =     4.5425,     8.9460       
# span 7 =     4.6469,     9.2359       
# span 8 =     0.1818,     8.6037       
# span 9 =    88.5045,    97.7160       
# span 10 = -4.112e-06, 2.9562e+01      
# span 11 =  -74.13632,  -74.13630      
# span 12 = -115.22094, -115.22086      
# span 13 =  53.535841,  53.546331      
# span 14 =       2.42,     100.08      
# span 15 = 8.1054e+01, 9.7393e+01      
# span 16 =    220.640,   1126.986      
# span 17 =       5296,      27049      
# span 18 =  1027.1840,  1031.4326      
# span 19 =  1027.1847,  1031.4307      
# span 20 =     4.1987,     4.6354      
# span 21 =     0.0971,     1.6080      
# span 22 =     0.1090,     0.1916      
# span 23 =    33.8101,    34.5480      
# span 24 =    33.8105,    34.5457      
# span 25 =    7.93518,    8.46247      
# span 26 =         21,         60      
# span 27 = 0.0000e+00, 0.0000e+00      
# interval = decibars: 1                
# start_time = Feb 22 2022 12:47:56 [NMEA time, header]
# bad_flag = -9.990e-29
*END*
[from data line 777]
    780.000    770.477     0.4818  29.458660     0.4846  29.459281     4.5620     4.6639     0.5536    97.1073 1.0000e-12  -74.13632 -115.22086  53.545721      11.62 9.5196e+01   1074.327      25785  1031.3906  1031.3885     4.6066     0.1508     0.1167    34.5477    34.5453    7.93562         37 0.0000e+00
    781.000    771.465     0.4819  29.459218     0.4847  29.459729     4.5667     4.6655     0.6913    97.0666 1.0000e-12  -74.13632 -115.22086  53.545758      10.62 9.5196e+01   1077.483      25861  1031.3953  1031.3931     4.6048     0.1518     0.1172    34.5477    34.5452    7.93559         34 0.0000e+00
    782.000    772.453     0.4822  29.459881     0.4850  29.460444     4.5522     4.6587     0.6213    97.0447 1.0000e-12  -74.13632 -115.22086  53.545793       9.60 9.5196e+01   1080.527      25934  1031.3999  1031.3978     4.6037     0.1571     0.1157    34.5476    34.5453    7.93553         38 0.0000e+00
    783.000    773.439     0.4826  29.460843     0.4853  29.461323     4.5573     4.6595     0.5891    97.0587 1.0000e-12  -74.13632 -115.22086  53.545829       8.60 9.5196e+01   1083.668      26009  1031.4047  1031.4026     4.6043     0.1633     0.1165    34.5478    34.5455    7.93544         38 0.0000e+00
    784.000    774.424     0.4832  29.461784     0.4859  29.462332     4.5488     4.6601     0.6464    96.8684 1.0000e-12  -74.13632 -115.22087  53.545867       7.58 9.5196e+01   1086.919      26087  1031.4094  1031.4073     4.5952     0.1571     0.1238    34.5479    34.5456    7.93532         43 0.0000e+00
    785.000    775.410     0.4834  29.462386     0.4862  29.462971     4.5517     4.6489     0.6875    96.7423 1.0000e-12  -74.13632 -115.22088  53.545903       6.63 9.5196e+01   1089.986      26161  1031.4140  1031.4120     4.5894     0.1665     0.1191    34.5479    34.5455    7.93528         40 0.0000e+00
    786.000    776.394     0.4834  29.462850     0.4861  29.463362     4.5492     4.6532     0.8912    96.8883 1.0000e-12  -74.13632 -115.22088  53.545939       5.61 9.5196e+01   1093.139      26236  1031.4187  1031.4166     4.5963     0.1732     0.1173    34.5479    34.5455    7.93528         35 0.0000e+00
    787.000    777.382     0.4835  29.463394     0.4863  29.464044     4.5490     4.6476     0.8452    96.2060 1.0000e-12  -74.13632 -115.22088  53.545975       4.59 9.5196e+01   1096.248      26311  1031.4234  1031.4213     4.5628     0.1781     0.1178    34.5480    34.5456    7.93526         38 0.0000e+00
    788.000    778.368     0.4839  29.464131     0.4865  29.464709     4.5425     4.6469     0.7931    96.7527 1.0000e-12  -74.13632 -115.22088  53.546011       3.58 9.5196e+01   1099.379      26386  1031.4281  1031.4261     4.5898     0.1892     0.1178    34.5479    34.5457    7.93518         36 0.0000e+00
    789.000    779.353     0.4834  29.464086     0.4863  29.464826     4.5496     4.6514     0.7638    96.5649 1.0000e-12  -74.13632 -115.22088  53.546331       2.42 9.6652e+01   1126.986      27049  1031.4326  1031.4307     4.5810     0.1814     0.1220    34.5478    34.5456    7.93528         60 0.0000e+00
