ocean_section_plots/required_files/ctd/dnbp2202_ctd037.cnv
* Sea-Bird SBE 9 Data File:
* FileName = D:\Data\raw\NBP2202_CTD037.hex
* Software Version Seasave V 7.26.7.121
* Temperature SN = 1649
* Conductivity SN = 2513
* Number of Bytes Per Scan = 40
* Number of Voltage Words = 5
* Number of Scans Averaged by the Deck Unit = 1
* NMEA Latitude = 74 08.81 S
* NMEA Longitude = 113 24.85 W
* NMEA UTC (Time) = Jan 22 2022  15:04:28
* NMEA baud rate = 9600
** Ship: RVIB N.B. Palmer
** Cruise: NBP2202 Thwaites
** Station: Tow-Yo #2
** Operator: A. Robinson
# nquan = 25
# nvalues = 409                         
# units = specified
# name 0 = prDM: Pressure, Digiquartz [db]
# name 1 = depSM: Depth [salt water, m]
# name 2 = t090C: Temperature [ITS-90, deg C]
# name 3 = c0mS/cm: Conductivity [mS/cm]
# name 4 = t190C: Temperature, 2 [ITS-90, deg C]
# name 5 = c1mS/cm: Conductivity, 2 [mS/cm]
# name 6 = sbeox0ML/L: Oxygen, SBE 43 [ml/l]
# name 7 = sbeox1ML/L: Oxygen, SBE 43, 2 [ml/l]
# name 8 = flECO-AFL: Fluorescence, WET Labs ECO-AFL/FL [mg/m^3]
# name 9 = CStarTr0: Beam Transmission, WET Labs C-Star [%]
# name 10 = par: PAR/Irradiance, Biospherical/Licor
# name 11 = latitude: Latitude [deg]
# name 12 = longitude: Longitude [deg]
# name 13 = timeJ: Julian Days
# name 14 = altM: Altimeter [m]
# name 15 = spar: SPAR, Biospherical/Licor
# name 16 = timeS: Time, Elapsed [seconds]
# name 17 = scan: Scan Count
# name 18 = density00: Density [density, kg/m^3]
# name 19 = density11: Density, 2 [density, kg/m^3]
# name 20 = sal00: Salinity, Practical [PSU]
# name 21 = sal11: Salinity, Practical, 2 [PSU]
# name 22 = oxsolML/L: Oxygen Saturation, Garcia & Gordon [ml/l]
# name 23 = nbin: number of scans per bin
# name 24 = flag: flag
# span 0 =     10.000,    418.000       
# span 1 =      9.897,    413.257       
# span 2 =    -1.4205,    -0.1822       
# span 3 =  27.026036,  28.532179       
# span 4 =    -1.4196,    -0.1792       
# span 5 =  27.025673,  28.532723       
# span 6 =     4.7991,     8.6747       
# span 7 =     5.0760,     9.0476       
# span 8 =    -0.0198,    21.3227       
# span 9 =    71.6352,    97.1190       
# span 10 = 1.0000e-12, 2.9062e+01      
# span 11 =  -74.14698,  -74.14698      
# span 12 = -113.41331, -113.39826      
# span 13 =  22.628576,  22.636612      
# span 14 =       8.53,     100.22      
# span 15 = 1.0983e+03, 1.2343e+03      
# span 16 =     40.988,    735.320      
# span 17 =        985,      17649      
# span 18 =  1027.2112,  1029.5229      
# span 19 =  1027.2095,  1029.5205      
# span 20 =    33.7773,    34.2823      
# span 21 =    33.7753,    34.2796      
# span 22 =    8.08899,    8.38429      
# span 23 =         18,         46      
# span 24 = 0.0000e+00, 0.0000e+00      
# interval = decibars: 1                
# start_time = Jan 22 2022 15:04:28 [NMEA time, header]
# bad_flag = -9.990e-29
*END*
[from data line 290]
    300.000    296.680    -0.4518  28.179474    -0.4495  28.178948     4.9175     5.1940    -0.0094    96.9673 1.0000e-12  -74.14698 -113.40379  22.633720      98.18 1.2098e+03    485.438      11652  1028.8999  1028.8971    34.1851    34.1818    8.15205         33 0.0000e+00
    301.000    297.669    -0.4503  28.181401    -0.4482  28.180894     4.9155     5.1914    -0.0071    96.9741 1.0000e-12  -74.14698 -113.40377  22.633737      99.82 1.2066e+03    486.893      11686  1028.9050  1028.9024    34.1854    34.1823    8.15171         33 0.0000e+00
    302.000    298.656    -0.4487  28.183736    -0.4465  28.183205     4.9157     5.1932    -0.0162    96.9675 1.0000e-12  -74.14698 -113.40372  22.633754      99.85 1.2041e+03    488.359      11722  1028.9102  1028.9076    34.1861    34.1829    8.15132         35 0.0000e+00
    303.000    299.643    -0.4468  28.186284    -0.4449  28.185427     4.9130     5.1961    -0.0122    96.9627 1.0000e-12  -74.14698 -113.40370  22.633771      99.85 1.2013e+03    489.831      11757  1028.9155  1028.9128    34.1868    34.1835    8.15087         33 0.0000e+00
    304.000    300.635    -0.4440  28.189816    -0.4419  28.189303     4.9132     5.1952    -0.0066    96.9731 1.0000e-12  -74.14698 -113.40366  22.633787      63.16 1.1977e+03    491.225      11790  1028.9209  1028.9184    34.1878    34.1847    8.15022         32 0.0000e+00
    305.000    301.620    -0.4406  28.194388    -0.4382  28.193900     4.9092     5.1881    -0.0063    96.9672 1.0000e-12  -74.14698 -113.40363  22.633804      65.44 1.1956e+03    492.631      11824  1028.9269  1028.9240    34.1894    34.1861    8.14939         36 0.0000e+00
    306.000    302.610    -0.4340  28.201937    -0.4325  28.200606     4.9073     5.1837    -0.0092    96.9711 1.0000e-12  -74.14698 -113.40360  22.633821      99.87 1.1935e+03    494.126      11860  1028.9328  1028.9300    34.1915    34.1881    8.14785         35 0.0000e+00
    307.000    303.598    -0.4326  28.204001    -0.4303  28.203581     4.9090     5.1849    -0.0027    96.9650 1.0000e-12  -74.14698 -113.40357  22.633838      88.66 1.1902e+03    495.579      11895  1028.9381  1028.9354    34.1921    34.1889    8.14752         32 0.0000e+00
    308.000    304.587    -0.4293  28.208119    -0.4272  28.207511     4.9071     5.1911    -0.0079    96.9652 1.0000e-12  -74.14698 -113.40353  22.633854      50.75 1.1882e+03    497.003      11929  1028.9436  1028.9409    34.1933    34.1901    8.14674         35 0.0000e+00
    309.000    305.574    -0.4270  28.211078    -0.4248  28.210601     4.9066     5.1832    -0.0044    96.9685 1.0000e-12  -74.14698 -113.40349  22.633871      98.41 1.1857e+03    498.470      11964  1028.9489  1028.9462    34.1941    34.1910    8.14621         34 0.0000e+00
    310.000    306.562    -0.4253  28.213493    -0.4231  28.212977     4.9026     5.1823    -0.0122    96.9557 1.0000e-12  -74.14698 -113.40347  22.633889      99.85 1.1827e+03    499.978      12000  1028.9542  1028.9515    34.1948    34.1917    8.14580         36 0.0000e+00
    311.000    307.550    -0.4242  28.215002    -0.4220  28.214494     4.9023     5.1849    -0.0134    96.9539 1.0000e-12  -74.14698 -113.40343  22.633906      99.85 1.1810e+03    501.440      12036  1028.9591  1028.9564    34.1950    34.1919    8.14555         32 0.0000e+00
    312.000    308.540    -0.4236  28.216139    -0.4213  28.215812     4.9032     5.1863    -0.0184    96.9600 1.0000e-12  -74.14698 -113.40340  22.633922      99.85 1.1783e+03    502.891      12070  1028.9640  1028.9615    34.1953    34.1922    8.14541         34 0.0000e+00
    313.000    309.526    -0.4210  28.219415    -0.4189  28.218877     4.9028     5.1750    -0.0150    96.9669 1.0000e-12  -74.14698 -113.40336  22.633940      99.85 1.1759e+03    504.400      12107  1028.9694  1028.9667    34.1961    34.1930    8.14481         34 0.0000e+00
    314.000    310.516    -0.4171  28.224410    -0.4149  28.223851     4.9015     5.1808    -0.0198    96.9585 1.0000e-12  -74.14698 -113.40333  22.633957      99.85 1.1740e+03    505.872      12142  1028.9751  1028.9724    34.1977    34.1945    8.14386         34 0.0000e+00
    315.000    311.503    -0.4155  28.226695    -0.4133  28.226031     4.9014     5.1802    -0.0044    96.9621 1.0000e-12  -74.14698 -113.40330  22.633973      68.21 1.1714e+03    507.304      12176  1028.9804  1028.9776    34.1984    34.1951    8.14348         36 0.0000e+00
    316.000    312.492    -0.4126  28.230276    -0.4099  28.230396     4.8952     5.1804    -0.0019    96.9673 1.0000e-12  -74.14698 -113.40326  22.633990      99.10 1.1695e+03    508.778      12212  1028.9858  1028.9832    34.1994    34.1965    8.14282         35 0.0000e+00
    317.000    313.479    -0.4082  28.235790    -0.4051  28.236066     4.8911     5.1734    -0.0113    96.9500 1.0000e-12  -74.14698 -113.40323  22.634008      98.86 1.1677e+03    510.265      12247  1028.9916  1028.9889    34.2012    34.1981    8.14176         36 0.0000e+00
    318.000    314.466    -0.4029  28.242047    -0.4011  28.241049     4.8920     5.1712    -0.0105    96.9609 1.0000e-12  -74.14698 -113.40320  22.634025      98.62 1.1667e+03    511.728      12282  1028.9975  1028.9947    34.2031    34.1997    8.14053         34 0.0000e+00
    319.000    315.456    -0.4020  28.243448    -0.3998  28.242931     4.8927     5.1781    -0.0063    96.9641 1.0000e-12  -74.14698 -113.40316  22.634041      97.35 1.1656e+03    513.142      12316  1029.0025  1028.9998    34.2033    34.2001    8.14032         33 0.0000e+00
    320.000    316.443    -0.4013  28.244633    -0.3994  28.243844     4.8928     5.1767    -0.0064    96.9565 1.0000e-12  -74.14698 -113.40311  22.634058      96.48 1.1660e+03    514.603      12351  1029.0074  1029.0048    34.2035    34.2003    8.14016         35 0.0000e+00
    321.000    317.433    -0.3986  28.248203    -0.3966  28.247393     4.8913     5.1769    -0.0108    96.9454 1.0000e-12  -74.14698 -113.40309  22.634075      95.40 1.1652e+03    516.093      12387  1029.0129  1029.0101    34.2046    34.2013    8.13951         33 0.0000e+00
    322.000    318.420    -0.3966  28.250803    -0.3945  28.250198     4.8949     5.1748    -0.0144    96.9548 1.0000e-12  -74.14698 -113.40305  22.634092      94.25 1.1667e+03    517.515      12421  1029.0181  1029.0154    34.2053    34.2021    8.13906         34 0.0000e+00
    323.000    319.408    -0.3955  28.252574    -0.3931  28.252281     4.8947     5.1713    -0.0144    96.9456 1.0000e-12  -74.14698 -113.40303  22.634109      93.61 1.1682e+03    518.984      12457  1029.0232  1029.0206    34.2057    34.2027    8.13878         36 0.0000e+00
    324.000    320.396    -0.3942  28.254416    -0.3922  28.253714     4.8878     5.1822    -0.0113    96.9650 1.0000e-12  -74.14698 -113.40299  22.634126      92.80 1.1700e+03    520.464      12492  1029.0282  1029.0256    34.2061    34.2030    8.13848         34 0.0000e+00
    325.000    321.384    -0.3913  28.257997    -0.3890  28.257680     4.8896     5.1650    -0.0090    96.9545 1.0000e-12  -74.14698 -113.40297  22.634142      91.74 1.1712e+03    521.871      12526  1029.0336  1029.0311    34.2071    34.2041    8.13782         32 0.0000e+00
    326.000    322.373    -0.3887  28.261466    -0.3864  28.261060     4.8845     5.1645    -0.0081    96.9519 1.0000e-12  -74.14698 -113.40294  22.634159      90.80 1.1723e+03    523.341      12561  1029.0391  1029.0364    34.2082    34.2051    8.13719         35 0.0000e+00
    327.000    323.360    -0.3831  28.268422    -0.3808  28.267735     4.8816     5.1624     0.0008    96.9457 1.0000e-12  -74.14698 -113.40291  22.634176      89.69 1.1725e+03    524.791      12596  1029.0453  1029.0424    34.2106    34.2071    8.13585         34 0.0000e+00
    328.000    324.347    -0.3740  28.278957    -0.3714  28.278635     4.8785     5.1608    -0.0141    96.9477 1.0000e-12  -74.14698 -113.40288  22.634192      88.69 1.1739e+03    526.158      12629  1029.0520  1029.0492    34.2139    34.2106    8.13371         33 0.0000e+00
    329.000    325.338    -0.3646  28.289361    -0.3630  28.288324     4.8816     5.1637     0.0020    96.9522 1.0000e-12  -74.14698 -113.40283  22.634208      87.58 1.1751e+03    527.571      12663  1029.0584  1029.0556    34.2167    34.2134    8.13155         31 0.0000e+00
    330.000    326.324    -0.3645  28.290030    -0.3618  28.290018     4.8777     5.1519    -0.0131    96.9348 1.0000e-12  -74.14698 -113.40282  22.634225      86.49 1.1754e+03    529.062      12698  1029.0634  1029.0607    34.2168    34.2137    8.13152         35 0.0000e+00
    331.000    327.313    -0.3612  28.294107    -0.3589  28.293582     4.8786     5.1566    -0.0027    96.9389 1.0000e-12  -74.14698 -113.40277  22.634241      85.82 1.1758e+03    530.463      12732  1029.0688  1029.0661    34.2179    34.2147    8.13074         34 0.0000e+00
    332.000    328.301    -0.3609  28.294725    -0.3586  28.294237     4.8739     5.1608    -0.0112    96.9219 1.0000e-12  -74.14698 -113.40275  22.634258      84.81 1.1758e+03    531.870      12766  1029.0736  1029.0709    34.2179    34.2146    8.13070         34 0.0000e+00
    333.000    329.289    -0.3606  28.295319    -0.3585  28.294793     4.8767     5.1576    -0.0188    96.9251 1.0000e-12  -74.14698 -113.40272  22.634274      83.91 1.1760e+03    533.292      12800  1029.0783  1029.0757    34.2177    34.2146    8.13063         33 0.0000e+00
    334.000    330.278    -0.3603  28.296258    -0.3581  28.295800     4.8802     5.1491    -0.0108    96.9259 1.0000e-12  -74.14698 -113.40269  22.634290      82.96 1.1791e+03    534.670      12833  1029.0832  1029.0807    34.2180    34.2149    8.13054         33 0.0000e+00
    335.000    331.263    -0.3598  28.297140    -0.3580  28.296259     4.8761     5.1521     0.0001    96.9395 1.0000e-12  -74.14698 -113.40266  22.634306      81.40 1.1799e+03    536.079      12867  1029.0881  1029.0854    34.2181    34.2148    8.13045         33 0.0000e+00
    336.000    332.253    -0.3590  28.298395    -0.3568  28.297968     4.8753     5.1502     0.0007    96.9202 1.0000e-12  -74.14698 -113.40263  22.634323      80.83 1.1816e+03    537.523      12902  1029.0930  1029.0904    34.2182    34.2151    8.13026         33 0.0000e+00
    337.000    333.242    -0.3588  28.299092    -0.3562  28.299051     4.8774     5.1562    -0.0096    96.9284 1.0000e-12  -74.14698 -113.40261  22.634339      80.07 1.1841e+03    538.915      12935  1029.0978  1029.0952    34.2184    34.2153    8.13022         31 0.0000e+00
    338.000    334.228    -0.3551  28.303582    -0.3530  28.303008     4.8714     5.1521    -0.0110    96.9252 1.0000e-12  -74.14698 -113.40258  22.634356      78.67 1.1880e+03    540.364      12970  1029.1033  1029.1006    34.2196    34.2164    8.12936         33 0.0000e+00
    339.000    335.216    -0.3545  28.304659    -0.3524  28.304132     4.8747     5.1513    -0.0072    96.9222 1.0000e-12  -74.14698 -113.40254  22.634373      77.89 1.1918e+03    541.815      13005  1029.1082  1029.1056    34.2198    34.2166    8.12922         31 0.0000e+00
    340.000    336.206    -0.3532  28.306639    -0.3510  28.306173     4.8719     5.1506    -0.0092    96.9193 1.0000e-12  -74.14698 -113.40250  22.634389      76.91 1.1968e+03    543.178      13037  1029.1133  1029.1107    34.2203    34.2172    8.12890         34 0.0000e+00
    341.000    337.193    -0.3503  28.310420    -0.3484  28.309549     4.8694     5.1436    -0.0106    96.9099 1.0000e-12  -74.14698 -113.40247  22.634406      75.99 1.2019e+03    544.653      13073  1029.1188  1029.1161    34.2215    34.2182    8.12821         35 0.0000e+00
    342.000    338.181    -0.3440  28.317934    -0.3416  28.317409     4.8657     5.1384    -0.0075    96.9120 1.0000e-12  -74.14698 -113.40244  22.634423      75.08 1.2070e+03    546.164      13109  1029.1250  1029.1221    34.2238    34.2205    8.12673         32 0.0000e+00
    343.000    339.170    -0.3414  28.320978    -0.3387  28.321001     4.8638     5.1435    -0.0105    96.9238 1.0000e-12  -74.14698 -113.40241  22.634440      74.23 1.2129e+03    547.581      13143  1029.1300  1029.1275    34.2244    34.2215    8.12614         31 0.0000e+00
    344.000    340.157    -0.3378  28.325568    -0.3353  28.325215     4.8587     5.1391    -0.0127    96.9235 1.0000e-12  -74.14698 -113.40239  22.634456      73.52 1.2185e+03    549.033      13178  1029.1358  1029.1330    34.2259    34.2226    8.12530         36 0.0000e+00
    345.000    341.145    -0.3296  28.335573    -0.3258  28.336421     4.8546     5.1327    -0.0105    96.9138 1.0000e-12  -74.14698 -113.40234  22.634474      72.56 1.2237e+03    550.519      13213  1029.1427  1029.1399    34.2294    34.2263    8.12334         32 0.0000e+00
    346.000    342.132    -0.3182  28.348400    -0.3157  28.347961     4.8510     5.1344    -0.0018    96.9235 1.0000e-12  -74.14698 -113.40231  22.634490      71.68 1.2276e+03    551.977      13248  1029.1497  1029.1468    34.2332    34.2298    8.12070         36 0.0000e+00
    347.000    343.122    -0.3159  28.351156    -0.3138  28.350604     4.8493     5.1281    -0.0107    96.8936 1.0000e-12  -74.14698 -113.40227  22.634508      70.96 1.2282e+03    553.515      13285  1029.1548  1029.1521    34.2337    34.2305    8.12018         36 0.0000e+00
    348.000    344.110    -0.3127  28.355294    -0.3102  28.354931     4.8530     5.1262    -0.0117    96.8961 1.0000e-12  -74.14698 -113.40225  22.634526      70.00 1.2273e+03    555.047      13322  1029.1603  1029.1576    34.2349    34.2317    8.11941         35 0.0000e+00
    349.000    345.096    -0.3084  28.360303    -0.3060  28.360000     4.8515     5.1214    -0.0034    96.8889 1.0000e-12  -74.14698 -113.40220  22.634543      69.26 1.2243e+03    556.514      13357  1029.1659  1029.1633    34.2363    34.2332    8.11843         32 0.0000e+00
    350.000    346.085    -0.3043  28.365227    -0.3020  28.364896     4.8503     5.1272    -0.0050    96.9025 1.0000e-12  -74.14698 -113.40217  22.634561      68.44 1.2193e+03    558.039      13394  1029.1715  1029.1689    34.2376    34.2345    8.11748         36 0.0000e+00
    351.000    347.073    -0.3033  28.366773    -0.3011  28.366185     4.8475     5.1269    -0.0156    96.8838 1.0000e-12  -74.14698 -113.40213  22.634579      67.42 1.2138e+03    559.590      13431  1029.1766  1029.1739    34.2379    34.2347    8.11724         34 0.0000e+00
    352.000    348.060    -0.3022  28.368333    -0.3000  28.367837     4.8484     5.1243    -0.0021    96.8959 1.0000e-12  -74.14698 -113.40210  22.634596      66.70 1.2056e+03    561.102      13467  1029.1815  1029.1789    34.2382    34.2351    8.11700         33 0.0000e+00
    353.000    349.050    -0.3007  28.370646    -0.2983  28.370118     4.8477     5.1227    -0.0080    96.8736 1.0000e-12  -74.14698 -113.40207  22.634613      65.74 1.1968e+03    562.571      13503  1029.1869  1029.1840    34.2390    34.2356    8.11664         35 0.0000e+00
    354.000    350.039    -0.2968  28.375260    -0.2948  28.374576     4.8371     5.1145    -0.0068    96.8839 1.0000e-12  -74.14698 -113.40203  22.634631      64.81 1.1900e+03    564.119      13540  1029.1923  1029.1896    34.2401    34.2370    8.11573         33 0.0000e+00
    355.000    351.024    -0.2840  28.390529    -0.2799  28.391446     4.8340     5.1168    -0.0163    96.8892 1.0000e-12  -74.14698 -113.40200  22.634649      63.80 1.1827e+03    565.652      13577  1029.2004  1029.1974    34.2456    34.2422    8.11270         36 0.0000e+00
    356.000    352.013    -0.2730  28.402804    -0.2709  28.402056     4.8364     5.1076    -0.0150    96.8787 1.0000e-12  -74.14698 -113.40196  22.634666      63.12 1.1758e+03    567.136      13612  1029.2071  1029.2042    34.2489    34.2456    8.11016         32 0.0000e+00
