ocean_section_plots/required_files/ctd/dnbp2202_ctd047.cnv
* Sea-Bird SBE 9 Data File:
* FileName = D:\Data\raw\NBP2202_CTD047.hex
* Software Version Seasave V 7.26.7.121
* Temperature SN = 1649
* Conductivity SN = 2513
* Number of Bytes Per Scan = 40
* Number of Voltage Words = 5
* Number of Scans Averaged by the Deck Unit = 1
* NMEA Latitude = 74 11.27 S
* NMEA Longitude = 113 07.86 W
* NMEA UTC (Time) = Jan 24 2022  01:33:18
* NMEA baud rate = 9600
** Ship: RVIB N.B. Palmer
** Cruise: NBP2202 Thwaites
** Station: Section Dotson C
** Operator: A. Robinson
# nquan = 25
# nvalues = 871                         
# units = specified
# name 0 = prDM: Pressure, Digiquartz [db]
# name 1 = depSM: Depth [salt water, m]
# name 2 = t090C: Temperature [ITS-90, deg C]
# name 3 = c0mS/cm: Conductivity [mS/cm]
# name 4 = t190C: Temperature, 2 [ITS-90, deg C]
# name 5 = c1mS/cm: Conductivity, 2 [mS/cm]
# name 6 = sbeox0ML/L: Oxygen, SBE 43 [ml/l]
# name 7 = sbeox1ML/L: Oxygen, SBE 43, 2 [ml/l]
# name 8 = flECO-AFL: Fluorescence, WET Labs ECO-AFL/FL [mg/m^3]
# name 9 = CStarTr0: Beam Transmission, WET Labs C-Star [%]
# name 10 = par: PAR/Irradiance, Biospherical/Licor
# name 11 = latitude: Latitude [deg]
# name 12 = longitude: Longitude [deg]
# name 13 = timeJ: Julian Days
# name 14 = altM: Altimeter [m]
# name 15 = spar: SPAR, Biospherical/Licor
# name 16 = timeS: Time, Elapsed [seconds]
# name 17 = scan: Scan Count
# name 18 = density00: Density [density, kg/m^3]
# name 19 = density11: Density, 2 [density, kg/m^3]
# name 20 = sal00: Salinity, Practical [PSU]
# name 21 = sal11: Salinity, Practical, 2 [PSU]
# name 22 = oxsolML/L: Oxygen Saturation, Garcia & Gordon [ml/l]
# name 23 = nbin: number of scans per bin
# name 24 = flag: flag
# span 0 =      2.000,    872.000       
# span 1 =      1.981,    861.167       
# span 2 =    -1.4893,     0.3493       
# span 3 =  27.121415,  29.332757       
# span 4 =    -1.4883,     0.3514       
# span 5 =  27.121052,  29.332363       
# span 6 =     4.6043,     8.9595       
# span 7 =     4.8515,     9.4435       
# span 8 =    -0.0171,    29.3312       
# span 9 =    65.2931,    96.2144       
# span 10 = -2.090e-05, 1.1005e+02      
# span 11 =  -74.18784,  -74.18782      
# span 12 = -113.13104, -113.13100      
# span 13 =  24.067250,  24.080402      
# span 14 =       3.59,     100.23      
# span 15 = 1.9567e+02, 2.6614e+02      
# span 16 =    212.386,   1348.704      
# span 17 =       5098,      32370      
# span 18 =  1027.1939,  1031.7766      
# span 19 =  1027.1931,  1031.7741      
# span 20 =    33.8129,    34.4798      
# span 21 =    33.8131,    34.4770      
# span 22 =    7.96667,    8.39037      
# span 23 =         23,         50      
# span 24 = 0.0000e+00, 0.0000e+00      
# interval = decibars: 1                
# start_time = Jan 24 2022 01:33:18 [NMEA time, header]
# bad_flag = -9.990e-29
*END*
[from data line 696]
    698.000    689.613     0.2732  29.169594     0.2753  29.169176     4.6646     4.8958    -0.0009    96.0254 1.0000e-12  -74.18782 -113.13102  24.077610      99.87 2.1259e+02   1107.542      26582  1030.9448  1030.9423    34.4498    34.4469    7.98408         27 0.0000e+00
    699.000    690.602     0.2744  29.171373     0.2764  29.170921     4.6688     4.8937    -0.0161    96.0431 1.0000e-12  -74.18782 -113.13102  24.077624      99.88 2.1188e+02   1108.692      26610  1030.9497  1030.9473    34.4502    34.4474    7.98381         28 0.0000e+00
    700.000    691.587     0.2755  29.173088     0.2775  29.172730     4.6634     4.8915    -0.0016    96.0320 1.0000e-12  -74.18782 -113.13102  24.077637      99.87 2.1155e+02   1109.863      26638  1030.9547  1030.9523    34.4507    34.4479    7.98355         29 0.0000e+00
    701.000    692.573     0.2759  29.173856     0.2779  29.173503     4.6646     4.8888    -0.0091    96.0329 1.0000e-12  -74.18782 -113.13102  24.077651      99.87 2.1155e+02   1111.042      26666  1030.9593  1030.9570    34.4507    34.4480    7.98348         28 0.0000e+00
    702.000    693.560     0.2762  29.174665     0.2781  29.174248     4.6638     4.8904    -0.0137    96.0387 1.0000e-12  -74.18782 -113.13102  24.077664      99.88 2.1155e+02   1112.207      26694  1030.9641  1030.9618    34.4508    34.4481    7.98341         27 0.0000e+00
    703.000    694.545     0.2762  29.175199     0.2782  29.174742     4.6628     4.8936    -0.0027    96.0329 1.0000e-12  -74.18782 -113.13102  24.077678      99.88 2.1155e+02   1113.354      26721  1030.9688  1030.9665    34.4509    34.4481    7.98339         28 0.0000e+00
    704.000    695.531     0.2765  29.175957     0.2785  29.175476     4.6687     4.8942    -0.0059    96.0421 1.0000e-12  -74.18782 -113.13102  24.077691      99.87 2.1155e+02   1114.521      26750  1030.9737  1030.9712    34.4511    34.4482    7.98334         28 0.0000e+00
    705.000    696.519     0.2766  29.176547     0.2787  29.176107     4.6613     4.8892    -0.0038    96.0494 1.0000e-12  -74.18782 -113.13102  24.077705      99.88 2.1155e+02   1115.687      26777  1030.9783  1030.9759    34.4511    34.4481    7.98330         28 0.0000e+00
    706.000    697.504     0.2770  29.177137     0.2789  29.176751     4.6515     4.8860    -0.0046    96.0439 1.0000e-12  -74.18782 -113.13102  24.077718      91.17 2.1194e+02   1116.851      26805  1030.9829  1030.9806    34.4509    34.4483    7.98324         28 0.0000e+00
    707.000    698.492     0.2774  29.178034     0.2791  29.177450     4.6672     4.8869    -0.0048    96.0026 1.0000e-12  -74.18782 -113.13102  24.077732      96.05 2.1218e+02   1118.020      26833  1030.9876  1030.9854    34.4510    34.4483    7.98315         28 0.0000e+00
    708.000    699.477     0.2789  29.180297     0.2809  29.179952     4.6718     4.8885    -0.0127    95.9970 1.0000e-12  -74.18782 -113.13102  24.077745      99.87 2.1199e+02   1119.186      26861  1030.9928  1030.9904    34.4517    34.4490    7.98280         28 0.0000e+00
    709.000    700.464     0.2803  29.182495     0.2822  29.181999     4.6573     4.8896    -0.0158    96.0289 1.0000e-12  -74.18782 -113.13102  24.077759      99.88 2.1218e+02   1120.344      26889  1030.9979  1030.9955    34.4525    34.4497    7.98246         28 0.0000e+00
    710.000    701.451     0.2805  29.183161     0.2826  29.182892     4.6438     4.8884    -0.0104    96.0137 1.0000e-12  -74.18782 -113.13102  24.077772      99.87 2.1156e+02   1121.510      26917  1031.0026  1031.0003    34.4525    34.4498    7.98242         28 0.0000e+00
    711.000    702.435     0.2806  29.183818     0.2827  29.183434     4.6686     4.8900    -0.0085    96.0154 1.0000e-12  -74.18782 -113.13102  24.077786      99.88 2.1155e+02   1122.688      26946  1031.0074  1031.0050    34.4526    34.4498    7.98238         28 0.0000e+00
    712.000    703.422     0.2812  29.184889     0.2831  29.184358     4.6619     4.8909    -0.0140    96.0330 1.0000e-12  -74.18782 -113.13102  24.077799      99.87 2.1155e+02   1123.859      26974  1031.0122  1031.0099    34.4528    34.4501    7.98225         28 0.0000e+00
    713.000    704.410     0.2826  29.186943     0.2848  29.186677     4.6644     4.8816    -0.0090    96.0384 1.0000e-12  -74.18782 -113.13102  24.077813      99.87 2.1155e+02   1125.021      27001  1031.0172  1031.0149    34.4534    34.4507    7.98193         28 0.0000e+00
    714.000    705.394     0.2833  29.188176     0.2851  29.187623     4.6595     4.8843    -0.0013    96.0439 1.0000e-12  -74.18782 -113.13102  24.077826      99.89 2.1155e+02   1126.174      27029  1031.0221  1031.0197    34.4536    34.4509    7.98177         28 0.0000e+00
    715.000    706.382     0.2842  29.189785     0.2865  29.189610     4.6582     4.8884    -0.0009    96.0276 1.0000e-12  -74.18782 -113.13102  24.077840      99.87 2.1155e+02   1127.339      27057  1031.0271  1031.0247    34.4541    34.4514    7.98155         28 0.0000e+00
    716.000    707.367     0.2859  29.192165     0.2879  29.191768     4.6623     4.8883    -0.0094    96.0192 1.0000e-12  -74.18782 -113.13102  24.077853      99.87 2.1155e+02   1128.510      27085  1031.0322  1031.0298    34.4549    34.4521    7.98118         28 0.0000e+00
    717.000    708.354     0.2869  29.193784     0.2888  29.193229     4.6602     4.8898    -0.0069    96.0392 1.0000e-12  -74.18782 -113.13102  24.077867      78.82 2.1155e+02   1129.682      27113  1031.0371  1031.0347    34.4552    34.4524    7.98093         28 0.0000e+00
    718.000    709.339     0.2877  29.195206     0.2896  29.194839     4.6572     4.8874    -0.0020    96.0262 1.0000e-12  -74.18782 -113.13102  24.077880      95.97 2.1155e+02   1130.844      27141  1031.0421  1031.0398    34.4557    34.4530    7.98075         27 0.0000e+00
    719.000    710.326     0.2897  29.198256     0.2917  29.197670     4.6589     4.8889    -0.0083    96.0386 1.0000e-12  -74.18782 -113.13102  24.077894      99.94 2.1155e+02   1131.998      27169  1031.0475  1031.0450    34.4568    34.4539    7.98027         28 0.0000e+00
    720.000    711.313     0.2908  29.199909     0.2927  29.199546     4.6567     4.8863    -0.0105    96.0212 1.0000e-12  -74.18782 -113.13102  24.077907      99.87 2.1155e+02   1133.148      27197  1031.0523  1031.0501    34.4572    34.4546    7.98002         27 0.0000e+00
    721.000    712.298     0.2914  29.201217     0.2936  29.200905     4.6567     4.8872    -0.0127    96.0500 1.0000e-12  -74.18782 -113.13102  24.077920      99.87 2.1155e+02   1134.294      27224  1031.0574  1031.0549    34.4577    34.4548    7.97987         28 0.0000e+00
    722.000    713.285     0.2923  29.202610     0.2944  29.202222     4.6593     4.8842    -0.0052    96.0372 1.0000e-12  -74.18782 -113.13102  24.077934      99.87 2.1130e+02   1135.456      27252  1031.0623  1031.0598    34.4579    34.4551    7.97968         29 0.0000e+00
    723.000    714.272     0.2926  29.203362     0.2947  29.203010     4.6557     4.8889    -0.0085    96.0238 1.0000e-12  -74.18784 -113.13102  24.077947      99.88 2.1061e+02   1136.639      27280  1031.0669  1031.0646    34.4580    34.4552    7.97960         28 0.0000e+00
    724.000    715.257     0.2927  29.203869     0.2948  29.203562     4.6547     4.8879    -0.0072    96.0569 1.0000e-12  -74.18784 -113.13102  24.077961      99.87 2.1041e+02   1137.815      27309  1031.0716  1031.0693    34.4579    34.4552    7.97958         28 0.0000e+00
    725.000    716.244     0.2932  29.204802     0.2951  29.204416     4.6551     4.8851    -0.0056    96.0394 1.0000e-12  -74.18784 -113.13102  24.077974      99.87 2.1035e+02   1138.976      27336  1031.0764  1031.0741    34.4581    34.4554    7.97948         28 0.0000e+00
    726.000    717.229     0.2940  29.206127     0.2958  29.205544     4.6542     4.8845    -0.0085    96.0366 1.0000e-12  -74.18784 -113.13102  24.077988      99.87 2.0985e+02   1140.140      27364  1031.0812  1031.0788    34.4584    34.4555    7.97930         28 0.0000e+00
    727.000    718.216     0.2944  29.207144     0.2965  29.206916     4.6529     4.8849    -0.0025    96.0706 1.0000e-12  -74.18784 -113.13102  24.078001      99.87 2.0985e+02   1141.312      27392  1031.0861  1031.0838    34.4586    34.4560    7.97919         28 0.0000e+00
    728.000    719.203     0.2949  29.208102     0.2969  29.207784     4.6598     4.8836    -0.0072    96.0632 1.0000e-12  -74.18784 -113.13102  24.078015      86.87 2.0978e+02   1142.483      27421  1031.0908  1031.0886    34.4587    34.4561    7.97908         28 0.0000e+00
    729.000    720.188     0.2952  29.208842     0.2973  29.208538     4.6567     4.8835    -0.0087    96.0459 1.0000e-12  -74.18784 -113.13102  24.078028      99.21 2.0978e+02   1143.634      27448  1031.0956  1031.0933    34.4588    34.4561    7.97902         28 0.0000e+00
    730.000    721.175     0.2962  29.210549     0.2982  29.210072     4.6489     4.8766    -0.0165    96.0412 1.0000e-12  -74.18784 -113.13102  24.078042      99.86 2.0978e+02   1144.793      27476  1031.1006  1031.0982    34.4594    34.4565    7.97879         28 0.0000e+00
    731.000    722.161     0.3022  29.218240     0.3043  29.217664     4.6528     4.8809    -0.0009    96.0366 1.0000e-12  -74.18784 -113.13102  24.078055      99.87 2.0978e+02   1145.965      27504  1031.1069  1031.1043    34.4621    34.4590    7.97738         28 0.0000e+00
    732.000    723.147     0.3067  29.223811     0.3089  29.223642     4.6522     4.8844    -0.0022    96.0502 1.0000e-12  -74.18784 -113.13102  24.078069      99.88 2.0978e+02   1147.132      27532  1031.1125  1031.1103    34.4638    34.4612    7.97635         28 0.0000e+00
    733.000    724.134     0.3075  29.225140     0.3093  29.224603     4.6436     4.8821    -0.0101    96.0644 1.0000e-12  -74.18784 -113.13102  24.078082      99.87 2.0978e+02   1148.290      27560  1031.1174  1031.1151    34.4642    34.4614    7.97618         27 0.0000e+00
    734.000    725.119     0.3078  29.225992     0.3098  29.225604     4.6548     4.8850    -0.0137    96.0586 1.0000e-12  -74.18784 -113.13102  24.078095      99.87 2.0978e+02   1149.443      27588  1031.1223  1031.1199    34.4644    34.4616    7.97611         28 0.0000e+00
    735.000    726.105     0.3078  29.226400     0.3097  29.225982     4.6525     4.8844    -0.0082    96.0642 1.0000e-12  -74.18784 -113.13102  24.078109      99.87 2.0978e+02   1150.605      27616  1031.1269  1031.1247    34.4642    34.4616    7.97610         28 0.0000e+00
    736.000    727.092     0.3077  29.226678     0.3098  29.226454     4.6519     4.8728    -0.0056    96.0743 1.0000e-12  -74.18784 -113.13102  24.078122      99.87 2.0978e+02   1151.779      27644  1031.1316  1031.1294    34.4642    34.4616    7.97614         28 0.0000e+00
    737.000    728.077     0.3071  29.226336     0.3092  29.226084     4.6507     4.8766    -0.0039    96.0736 1.0000e-12  -74.18784 -113.13102  24.078136      99.86 2.0978e+02   1152.967      27672  1031.1361  1031.1338    34.4638    34.4612    7.97627         29 0.0000e+00
    738.000    729.064     0.3073  29.226945     0.3092  29.226457     4.6439     4.8808    -0.0082    96.0587 1.0000e-12  -74.18784 -113.13102  24.078150      99.88 2.0978e+02   1154.138      27700  1031.1408  1031.1385    34.4638    34.4611    7.97623         28 0.0000e+00
    739.000    730.051     0.3072  29.227255     0.3091  29.226832     4.6486     4.8794    -0.0082    96.0844 1.0000e-12  -74.18784 -113.13102  24.078163      74.39 2.0978e+02   1155.286      27728  1031.1455  1031.1431    34.4638    34.4611    7.97626         27 0.0000e+00
    740.000    731.036     0.3070  29.227506     0.3092  29.227269     4.6464     4.8787    -0.0082    96.0715 1.0000e-12  -74.18784 -113.13102  24.078176      88.80 2.0978e+02   1156.439      27756  1031.1501  1031.1478    34.4637    34.4610    7.97630         28 0.0000e+00
    741.000    732.022     0.3072  29.227951     0.3090  29.227450     4.6528     4.8772    -0.0033    96.0880 1.0000e-12  -74.18784 -113.13102  24.078190      99.15 2.0978e+02   1157.599      27783  1031.1547  1031.1524    34.4636    34.4609    7.97628         28 0.0000e+00
    742.000    733.008     0.3070  29.228211     0.3089  29.227806     4.6513     4.8778    -0.0066    96.0881 1.0000e-12  -74.18784 -113.13102  24.078203      99.86 2.0978e+02   1158.762      27811  1031.1594  1031.1571    34.4635    34.4608    7.97631         28 0.0000e+00
    743.000    733.995     0.3069  29.228575     0.3089  29.228129     4.6482     4.8759    -0.0077    96.0780 1.0000e-12  -74.18784 -113.13102  24.078217      99.87 2.0978e+02   1159.936      27839  1031.1641  1031.1617    34.4636    34.4607    7.97634         28 0.0000e+00
    744.000    734.980     0.3071  29.229169     0.3092  29.228951     4.6502     4.8794    -0.0077    96.0761 1.0000e-12  -74.18784 -113.13102  24.078230      99.87 2.0978e+02   1161.106      27868  1031.1687  1031.1665    34.4635    34.4609    7.97629         28 0.0000e+00
    745.000    735.967     0.3071  29.229552     0.3092  29.229449     4.6532     4.8799    -0.0077    96.0680 1.0000e-12  -74.18784 -113.13102  24.078244      99.87 2.0896e+02   1162.253      27895  1031.1734  1031.1712    34.4635    34.4610    7.97630         28 0.0000e+00
    746.000    736.953     0.3075  29.230607     0.3095  29.230248     4.6528     4.8814    -0.0008    96.0570 1.0000e-12  -74.18784 -113.13102  24.078257      99.87 2.0803e+02   1163.400      27923  1031.1783  1031.1760    34.4638    34.4611    7.97620         27 0.0000e+00
    747.000    737.938     0.3079  29.231391     0.3097  29.230936     4.6559     4.8810    -0.0084    96.0796 1.0000e-12  -74.18784 -113.13102  24.078270      99.87 2.0802e+02   1164.555      27950  1031.1830  1031.1807    34.4638    34.4612    7.97611         28 0.0000e+00
    748.000    738.925     0.3082  29.232261     0.3100  29.231675     4.6546     4.8821    -0.0077    96.0899 1.0000e-12  -74.18784 -113.13102  24.078284      99.87 2.0802e+02   1165.727      27978  1031.1878  1031.1854    34.4640    34.4612    7.97603         28 0.0000e+00
    749.000    739.912     0.3080  29.232273     0.3098  29.231857     4.6487     4.8822    -0.0106    96.0918 1.0000e-12  -74.18784 -113.13102  24.078298      99.87 2.0802e+02   1166.908      28007  1031.1922  1031.1901    34.4637    34.4612    7.97610         28 0.0000e+00
    750.000    740.897     0.3078  29.232637     0.3098  29.232259     4.6511     4.8807    -0.0132    96.0941 1.0000e-12  -74.18784 -113.13102  24.078311      95.07 2.0802e+02   1168.081      28035  1031.1970  1031.1947    34.4638    34.4611    7.97613         29 0.0000e+00
    751.000    741.884     0.3076  29.232759     0.3096  29.232431     4.6530     4.8804    -0.0060    96.0991 1.0000e-12  -74.18784 -113.13102  24.078325      81.95 2.0802e+02   1169.239      28063  1031.2016  1031.1993    34.4636    34.4609    7.97618         25 0.0000e+00
    752.000    742.869     0.3081  29.233638     0.3100  29.233318     4.6509     4.8776    -0.0004    96.0816 1.0000e-12  -74.18784 -113.13102  24.078338      97.37 2.0802e+02   1170.395      28090  1031.2062  1031.2041    34.4636    34.4611    7.97608         28 0.0000e+00
    753.000    743.855     0.3084  29.234425     0.3102  29.234055     4.6558     4.8754    -0.0035    96.0807 1.0000e-12  -74.18784 -113.13102  24.078351      99.84 2.0802e+02   1171.550      28118  1031.2110  1031.2088    34.4638    34.4612    7.97601         28 0.0000e+00
    754.000    744.843     0.3090  29.235675     0.3110  29.235344     4.6495     4.8796    -0.0082    96.0711 1.0000e-12  -74.18784 -113.13102  24.078365      99.87 2.0802e+02   1172.709      28146  1031.2160  1031.2137    34.4642    34.4616    7.97587         27 0.0000e+00
