ocean_section_plots/required_files/ctd/dnbp2202_ctd115.cnv
* Sea-Bird SBE 9 Data File:
* FileName = D:\Data\raw\NBP2202_CTD115.hex
* Software Version Seasave V 7.26.7.121
* Temperature SN = 1649
* Conductivity SN = 2513
* Number of Bytes Per Scan = 40
* Number of Voltage Words = 5
* Number of Scans Averaged by the Deck Unit = 1
* NMEA Latitude = 74 10.52 S
* NMEA Longitude = 113 20.65 W
* NMEA UTC (Time) = Jan 27 2022  08:48:00
* NMEA baud rate = 9600
** Ship: RVIB N.B. Palmer
** Cruise: NBP2202 Thwaites
** Station: YoYo001
** Operator: B. Bjork
# nquan = 25
# nvalues = 607                         
# units = specified
# name 0 = prDM: Pressure, Digiquartz [db]
# name 1 = depSM: Depth [salt water, m]
# name 2 = t090C: Temperature [ITS-90, deg C]
# name 3 = c0mS/cm: Conductivity [mS/cm]
# name 4 = t190C: Temperature, 2 [ITS-90, deg C]
# name 5 = c1mS/cm: Conductivity, 2 [mS/cm]
# name 6 = sbeox0ML/L: Oxygen, SBE 43 [ml/l]
# name 7 = sbeox1ML/L: Oxygen, SBE 43, 2 [ml/l]
# name 8 = flECO-AFL: Fluorescence, WET Labs ECO-AFL/FL [mg/m^3]
# name 9 = CStarTr0: Beam Transmission, WET Labs C-Star [%]
# name 10 = par: PAR/Irradiance, Biospherical/Licor
# name 11 = latitude: Latitude [deg]
# name 12 = longitude: Longitude [deg]
# name 13 = timeJ: Julian Days
# name 14 = altM: Altimeter [m]
# name 15 = spar: SPAR, Biospherical/Licor
# name 16 = timeS: Time, Elapsed [seconds]
# name 17 = scan: Scan Count
# name 18 = density00: Density [density, kg/m^3]
# name 19 = density11: Density, 2 [density, kg/m^3]
# name 20 = sal00: Salinity, Practical [PSU]
# name 21 = sal11: Salinity, Practical, 2 [PSU]
# name 22 = oxsolML/L: Oxygen Saturation, Garcia & Gordon [ml/l]
# name 23 = nbin: number of scans per bin
# name 24 = flag: flag
# span 0 =     10.000,    616.000       
# span 1 =      9.897,    608.718       
# span 2 =    -1.4423,     0.1195       
# span 3 =  26.987078,  28.954705       
# span 4 =    -1.4401,     0.1219       
# span 5 =  26.987816,  28.954644       
# span 6 =     4.6753,     8.5677       
# span 7 =     4.7271,     8.5843       
# span 8 =    -0.0224,    23.8173       
# span 9 =    69.8013,    95.5711       
# span 10 = 1.0000e-12, 1.6099e+00      
# span 11 =  -74.17538,  -74.17536      
# span 12 = -113.34426, -113.34422      
# span 13 =  27.367015,  27.374260      
# span 14 =       8.13,     100.05      
# span 15 = 7.7566e+01, 8.4618e+01      
# span 16 =     30.079,    656.081      
# span 17 =        723,      15747      
# span 18 =  1027.2220,  1030.5204      
# span 19 =  1027.2205,  1030.5183      
# span 20 =    33.7899,    34.3885      
# span 21 =    33.7882,    34.3858      
# span 22 =    8.01949,    8.39155      
# span 23 =         12,         58      
# span 24 = 0.0000e+00, 0.0000e+00      
# interval = decibars: 1                
# start_time = Jan 27 2022 08:48:00 [NMEA time, header]
# bad_flag = -9.990e-29
*END*
[from data line 174]
    184.000    182.014    -1.0616  27.478646    -1.0596  27.478606     5.3394     5.3799    -0.0150    95.5319 1.0000e-12  -74.17536 -113.34424  27.369040      99.69 7.9330e+01    205.031       4922  1028.2220  1028.2201    33.9962    33.9939    8.29590         23 0.0000e+00
    185.000    183.004    -1.0731  27.468216    -1.0703  27.470032     5.4052     5.4539    -0.0150    95.5230 1.0000e-12  -74.17536 -113.34425  27.369051      99.80 7.9330e+01    205.997       4945  1028.2265  1028.2257    33.9944    33.9937    8.29857         23 0.0000e+00
    186.000    183.991    -1.1361  27.414346    -1.1320  27.417821     5.4636     5.5123    -0.0150    95.5297 1.0000e-12  -74.17536 -113.34425  27.369062      99.86 7.9330e+01    206.964       4968  1028.2333  1028.2333    33.9915    33.9916    8.31270         23 0.0000e+00
    187.000    184.982    -1.1697  27.387101    -1.1692  27.386123     5.5040     5.5553    -0.0163    95.5115 1.0000e-12  -74.17536 -113.34424  27.369073      99.86 7.9330e+01    207.930       4991  1028.2405  1028.2390    33.9917    33.9898    8.32015         23 0.0000e+00
    188.000    185.968    -1.1762  27.381932    -1.1759  27.380827     5.5176     5.5745    -0.0110    95.5141 1.0000e-12  -74.17536 -113.34424  27.369085      99.86 7.9330e+01    208.911       5015  1028.2453  1028.2439    33.9913    33.9896    8.32161         24 0.0000e+00
    189.000    186.959    -1.2016  27.362522    -1.2001  27.362600     5.5181     5.5785    -0.0118    95.5083 1.0000e-12  -74.17536 -113.34424  27.369096      99.86 7.9330e+01    209.888       5038  1028.2530  1028.2517    33.9930    33.9914    8.32717         23 0.0000e+00
    190.000    187.947    -1.1917  27.373735    -1.1878  27.375464     5.5066     5.5746    -0.0108    95.5066 1.0000e-12  -74.17536 -113.34424  27.369107      99.87 7.9330e+01    210.846       5061  1028.2597  1028.2578    33.9965    33.9944    8.32476         24 0.0000e+00
    191.000    188.936    -1.1853  27.380275    -1.1836  27.380114     5.4774     5.5524    -0.0096    95.5327 1.0000e-12  -74.17536 -113.34424  27.369118      99.87 7.9330e+01    211.820       5085  1028.2648  1028.2630    33.9976    33.9954    8.32327         23 0.0000e+00
    192.000    189.924    -1.1789  27.387033    -1.1761  27.387690     5.4477     5.5261    -0.0150    95.5521 1.0000e-12  -74.17536 -113.34424  27.369130      99.87 7.9330e+01    212.794       5108  1028.2701  1028.2681    33.9989    33.9966    8.32176         23 0.0000e+00
    193.000    190.913    -1.1537  27.412553    -1.1506  27.412557     5.4337     5.5129    -0.0150    95.5588 1.0000e-12  -74.17536 -113.34424  27.369141      99.86 7.9330e+01    213.753       5131  1028.2778  1028.2747    34.0047    34.0011    8.31583         23 0.0000e+00
    194.000    191.902    -1.1297  27.436625    -1.1280  27.436217     5.4314     5.5066    -0.0150    95.5655 1.0000e-12  -74.17536 -113.34424  27.369152      99.87 7.9330e+01    214.722       5154  1028.2850  1028.2830    34.0097    34.0072    8.31019         24 0.0000e+00
    195.000    192.890    -1.1260  27.441634    -1.1246  27.441145     5.4253     5.5024    -0.0071    95.5711 1.0000e-12  -74.17536 -113.34424  27.369163      99.86 7.9330e+01    215.700       5178  1028.2914  1028.2895    34.0118    34.0096    8.30926         23 0.0000e+00
    196.000    193.881    -1.1216  27.447387    -1.1205  27.446466     5.4009     5.4828    -0.0014    95.5611 1.0000e-12  -74.17536 -113.34424  27.369174      99.87 7.9330e+01    216.661       5201  1028.2978  1028.2957    34.0141    34.0115    8.30816         23 0.0000e+00
    197.000    194.867    -1.1118  27.457811    -1.1096  27.457369     5.3407     5.4258    -0.0109    95.5521 1.0000e-12  -74.17536 -113.34424  27.369185      76.17 7.9330e+01    217.626       5224  1028.3040  1028.3014    34.0165    34.0134    8.30583         23 0.0000e+00
    198.000    195.858    -1.0796  27.488356    -1.0779  27.486858     5.2890     5.3893    -0.0150    95.5581 1.0000e-12  -74.17536 -113.34424  27.369197      97.17 7.9330e+01    218.609       5248  1028.3104  1028.3072    34.0212    34.0173    8.29843         24 0.0000e+00
    199.000    196.846    -1.0363  27.528147    -1.0345  27.526422     5.2286     5.3384    -0.0150    95.5554 1.0000e-12  -74.17536 -113.34424  27.369208      99.87 7.9330e+01    219.581       5271  1028.3162  1028.3126    34.0258    34.0214    8.28858         23 0.0000e+00
    200.000    197.833    -1.0039  27.556632    -1.0018  27.556153     5.1370     5.2449    -0.0150    95.5538 1.0000e-12  -74.17536 -113.34424  27.369219      99.86 7.9330e+01    220.554       5294  1028.3204  1028.3178    34.0274    34.0244    8.28135         24 0.0000e+00
    201.000    198.823    -0.9808  27.578891    -0.9764  27.579322     5.0426     5.1528    -0.0150    95.5543 1.0000e-12  -74.17536 -113.34424  27.369231      99.87 7.9330e+01    221.544       5318  1028.3268  1028.3230    34.0310    34.0265    8.27605         23 0.0000e+00
    202.000    199.811    -0.8890  27.661353    -0.8823  27.663321     4.9929     5.0998    -0.0141    95.5441 1.0000e-12  -74.17536 -113.34424  27.369242      99.87 7.9330e+01    222.521       5341  1028.3318  1028.3274    34.0387    34.0338    8.25542         24 0.0000e+00
    203.000    200.800    -0.8550  27.692049    -0.8522  27.691786     4.9848     5.0846    -0.0071    95.5487 1.0000e-12  -74.17536 -113.34424  27.369253      99.87 7.9330e+01    223.491       5365  1028.3370  1028.3340    34.0413    34.0379    8.24780         23 0.0000e+00
    204.000    201.790    -0.8481  27.698454    -0.8464  27.697843     4.9866     5.0791    -0.0223    95.5317 1.0000e-12  -74.17536 -113.34424  27.369265      99.86 7.9330e+01    224.469       5388  1028.3422  1028.3399    34.0417    34.0388    8.24628         23 0.0000e+00
    205.000    202.778    -0.8473  27.699733    -0.8464  27.698184     4.9955     5.0776    -0.0224    95.5376 1.0000e-12  -74.17536 -113.34424  27.369276      99.87 7.9330e+01    225.432       5411  1028.3478  1028.3452    34.0419    34.0387    8.24609         24 0.0000e+00
    206.000    203.766    -0.8473  27.700011    -0.8458  27.699110     5.0006     5.0790    -0.0167    95.5265 1.0000e-12  -74.17536 -113.34424  27.369287      99.86 7.9330e+01    226.402       5435  1028.3529  1028.3505    34.0416    34.0387    8.24611         23 0.0000e+00
    207.000    204.754    -0.8469  27.700692    -0.8445  27.700757     5.0100     5.0820    -0.0196    95.5216 1.0000e-12  -74.17536 -113.34424  27.369298      99.86 7.9330e+01    227.389       5458  1028.3580  1028.3558    34.0415    34.0388    8.24603         24 0.0000e+00
    208.000    205.745    -0.8413  27.706779    -0.8384  27.707287     5.0177     5.0875    -0.0179    95.5017 1.0000e-12  -74.17536 -113.34424  27.369310      99.87 7.9330e+01    228.375       5482  1028.3639  1028.3616    34.0428    34.0401    8.24472         23 0.0000e+00
    209.000    206.730    -0.8370  27.712351    -0.8358  27.710813     5.0228     5.0941    -0.0137    95.4784 1.0000e-12  -74.17536 -113.34424  27.369321      99.87 7.9330e+01    229.366       5506  1028.3704  1028.3676    34.0448    34.0414    8.24365         24 0.0000e+00
    210.000    207.721    -0.8330  27.718771    -0.8316  27.717524     5.0328     5.0964    -0.0170    95.4586 1.0000e-12  -74.17536 -113.34424  27.369333      74.51 7.9330e+01    230.366       5530  1028.3782  1028.3755    34.0484    34.0451    8.24257         25 0.0000e+00
    211.000    208.710    -0.8325  27.719676    -0.8310  27.718965     5.0365     5.0981    -0.0184    95.4589 1.0000e-12  -74.17536 -113.34424  27.369344      87.52 7.9330e+01    231.346       5553  1028.3833  1028.3811    34.0485    34.0458    8.24246         22 0.0000e+00
    212.000    209.699    -0.8333  27.719427    -0.8315  27.718913     5.0399     5.0994    -0.0048    95.4626 1.0000e-12  -74.17536 -113.34424  27.369356     100.00 7.9330e+01    232.323       5577  1028.3884  1028.3861    34.0484    34.0457    8.24263         24 0.0000e+00
    213.000    210.687    -0.8331  27.719843    -0.8318  27.718974     5.0402     5.1002    -0.0144    95.4475 1.0000e-12  -74.17536 -113.34424  27.369367      99.86 7.9330e+01    233.315       5601  1028.3932  1028.3910    34.0482    34.0455    8.24261         24 0.0000e+00
    214.000    211.674    -0.8345  27.719037    -0.8324  27.718861     5.0456     5.1005    -0.0137    95.4355 1.0000e-12  -74.17536 -113.34424  27.369378      99.87 7.9330e+01    234.303       5624  1028.3982  1028.3960    34.0481    34.0454    8.24293         23 0.0000e+00
    215.000    212.665    -0.8353  27.718779    -0.8338  27.718243     5.0429     5.1031    -0.0063    95.4280 1.0000e-12  -74.17536 -113.34424  27.369390      99.86 7.9330e+01    235.296       5648  1028.4032  1028.4011    34.0480    34.0455    8.24311         24 0.0000e+00
    216.000    213.653    -0.8351  27.719399    -0.8341  27.718276     5.0411     5.1074    -0.0122    95.4412 1.0000e-12  -74.17536 -113.34424  27.369402      99.87 7.9330e+01    236.313       5673  1028.4081  1028.4059    34.0480    34.0453    8.24306         25 0.0000e+00
    217.000    214.640    -0.8354  27.719385    -0.8334  27.719260     5.0420     5.1046    -0.0150    95.4292 1.0000e-12  -74.17536 -113.34424  27.369413      99.87 7.9330e+01    237.320       5697  1028.4128  1028.4107    34.0477    34.0452    8.24315         24 0.0000e+00
    218.000    215.630    -0.8370  27.718487    -0.8338  27.719285     5.0488     5.1049    -0.0150    95.4235 1.0000e-12  -74.17536 -113.34424  27.369425      99.86 7.9330e+01    238.329       5721  1028.4178  1028.4155    34.0477    34.0451    8.24350         25 0.0000e+00
    219.000    216.620    -0.8385  27.718913    -0.8364  27.718618     5.0462     5.1084    -0.0150    95.4239 1.0000e-12  -74.17536 -113.34424  27.369437      99.86 7.9330e+01    239.352       5745  1028.4241  1028.4217    34.0493    34.0465    8.24372         24 0.0000e+00
    220.000    217.608    -0.8349  27.723068    -0.8330  27.722753     5.0305     5.1021    -0.0150    95.4228 1.0000e-12  -74.17536 -113.34424  27.369449      99.87 7.9330e+01    240.372       5770  1028.4295  1028.4272    34.0503    34.0477    8.24289         24 0.0000e+00
    221.000    218.595    -0.8323  27.726199    -0.8306  27.725429     5.0199     5.0854    -0.0171    95.4193 1.0000e-12  -74.17536 -113.34424  27.369461      99.87 7.9330e+01    241.389       5794  1028.4346  1028.4322    34.0509    34.0480    8.24227         25 0.0000e+00
    222.000    219.585    -0.8138  27.743802    -0.8125  27.742628     5.0127     5.0746    -0.0142    95.4234 1.0000e-12  -74.17536 -113.34426  27.369472      99.86 7.9330e+01    242.415       5819  1028.4401  1028.4375    34.0534    34.0502    8.23809         25 0.0000e+00
    223.000    220.572    -0.8052  27.752390    -0.8041  27.751136     5.0044     5.0709    -0.0080    95.4132 1.0000e-12  -74.17538 -113.34424  27.369484      84.79 7.9330e+01    243.438       5844  1028.4455  1028.4429    34.0547    34.0516    8.23614         24 0.0000e+00
    224.000    221.562    -0.8034  27.754631    -0.8018  27.753881     4.9993     5.0668    -0.0220    95.4091 1.0000e-12  -74.17538 -113.34426  27.369496      91.52 7.9330e+01    244.451       5868  1028.4505  1028.4481    34.0550    34.0522    8.23572         25 0.0000e+00
    225.000    222.550    -0.8018  27.756572    -0.8008  27.755056     5.0003     5.0663    -0.0194    95.4004 1.0000e-12  -74.17538 -113.34424  27.369508      99.12 7.9330e+01    245.467       5892  1028.4555  1028.4529    34.0552    34.0521    8.23536         24 0.0000e+00
    226.000    223.540    -0.8024  27.756290    -0.8005  27.755846     5.0044     5.0678    -0.0053    95.3971 1.0000e-12  -74.17538 -113.34426  27.369519      99.86 7.9330e+01    246.476       5916  1028.4601  1028.4578    34.0549    34.0522    8.23550         24 0.0000e+00
    227.000    224.527    -0.8031  27.755817    -0.8015  27.755234     5.0025     5.0676    -0.0213    95.4100 1.0000e-12  -74.17538 -113.34424  27.369531      99.87 7.9330e+01    247.485       5941  1028.4647  1028.4625    34.0545    34.0519    8.23569         24 0.0000e+00
    228.000    225.516    -0.8055  27.754329    -0.8036  27.753986     5.0046     5.0697    -0.0147    95.4029 1.0000e-12  -74.17538 -113.34426  27.369543      99.86 7.9330e+01    248.499       5965  1028.4698  1028.4676    34.0545    34.0520    8.23620         25 0.0000e+00
    229.000    226.504    -0.8056  27.754847    -0.8038  27.754519     5.0017     5.0635    -0.0199    95.4089 1.0000e-12  -74.17538 -113.34424  27.369555      99.86 7.9330e+01    249.522       5990  1028.4748  1028.4727    34.0548    34.0522    8.23621         24 0.0000e+00
    230.000    227.494    -0.8057  27.755198    -0.8037  27.754986     5.0010     5.0625    -0.0156    95.3838 1.0000e-12  -74.17538 -113.34426  27.369566      99.86 7.9330e+01    250.540       6014  1028.4796  1028.4775    34.0547    34.0522    8.23623         24 0.0000e+00
    231.000    228.481    -0.8062  27.755065    -0.8041  27.754967     5.0034     5.0612    -0.0174    95.4042 1.0000e-12  -74.17538 -113.34425  27.369578      99.86 7.9330e+01    251.561       6038  1028.4843  1028.4822    34.0545    34.0520    8.23636         25 0.0000e+00
    232.000    229.470    -0.8059  27.755906    -0.8041  27.755453     5.0001     5.0570    -0.0107    95.4090 1.0000e-12  -74.17538 -113.34425  27.369590      99.87 7.9330e+01    252.580       6063  1028.4892  1028.4871    34.0547    34.0521    8.23628         25 0.0000e+00
    233.000    230.459    -0.8063  27.755944    -0.8043  27.755744     5.0000     5.0643    -0.0045    95.4110 1.0000e-12  -74.17538 -113.34425  27.369602      99.86 7.9330e+01    253.591       6087  1028.4940  1028.4919    34.0545    34.0521    8.23637         23 0.0000e+00
    234.000    231.448    -0.8063  27.756309    -0.8045  27.756017     4.9989     5.0661    -0.0075    95.4321 1.0000e-12  -74.17538 -113.34425  27.369613      99.87 7.9330e+01    254.604       6111  1028.4986  1028.4966    34.0544    34.0520    8.23638         25 0.0000e+00
    235.000    232.436    -0.8062  27.756937    -0.8046  27.756362     5.0016     5.0589    -0.0167    95.4139 1.0000e-12  -74.17538 -113.34425  27.369625      99.87 7.9330e+01    255.625       6136  1028.5036  1028.5014    34.0546    34.0520    8.23636         24 0.0000e+00
    236.000    233.423    -0.8064  27.757339    -0.8046  27.757042     5.0005     5.0544    -0.0192    95.4204 1.0000e-12  -74.17538 -113.34425  27.369637      98.53 7.9330e+01    256.638       6160  1028.5085  1028.5064    34.0547    34.0523    8.23638         25 0.0000e+00
    237.000    234.413    -0.8035  27.761146    -0.8017  27.760611     5.0006     5.0597    -0.0144    95.4272 1.0000e-12  -74.17538 -113.34425  27.369649      90.83 7.9330e+01    257.652       6185  1028.5141  1028.5118    34.0560    34.0532    8.23568         24 0.0000e+00
    238.000    235.401    -0.8012  27.763903    -0.7995  27.763535     5.0017     5.0626    -0.0197    95.4255 1.0000e-12  -74.17538 -113.34426  27.369660      98.20 7.9330e+01    258.665       6209  1028.5192  1028.5172    34.0565    34.0541    8.23515         25 0.0000e+00
    239.000    236.391    -0.8002  27.765700    -0.7981  27.765462     5.0001     5.0636    -0.0208    95.4208 1.0000e-12  -74.17538 -113.34426  27.369672      99.84 7.9330e+01    259.670       6233  1028.5244  1028.5222    34.0572    34.0546    8.23489         24 0.0000e+00
    240.000    237.378    -0.7981  27.768418    -0.7962  27.768139     5.0018     5.0648    -0.0138    95.4473 1.0000e-12  -74.17538 -113.34426  27.369684      99.86 7.9330e+01    260.680       6257  1028.5297  1028.5276    34.0579    34.0554    8.23439         24 0.0000e+00
