ocean_section_plots/required_files/ctd/dnbp2202_ctd254.cnv
* Sea-Bird SBE 9 Data File:
* FileName = D:\Data\raw\NBP2202_CTD254.hex
* Software Version Seasave V 7.26.7.121
* Temperature SN = 1649
* Conductivity SN = 2513
* Number of Bytes Per Scan = 40
* Number of Voltage Words = 5
* Number of Scans Averaged by the Deck Unit = 1
* NMEA Latitude = 74 01.37 S
* NMEA Longitude = 117 44.63 W
* NMEA UTC (Time) = Feb 15 2022  18:28:09
* NMEA baud rate = 9600
** Ship: RVIB N.B. Palmer
** Cruise: NBP2202 Thwaites
** Station: 162
** Operator: A. Robinson
# nquan = 28
# nvalues = 874                         
# units = specified
# name 0 = prDM: Pressure, Digiquartz [db]
# name 1 = depSM: Depth [salt water, m]
# name 2 = t090C: Temperature [ITS-90, deg C]
# name 3 = c0mS/cm: Conductivity [mS/cm]
# name 4 = t190C: Temperature, 2 [ITS-90, deg C]
# name 5 = c1mS/cm: Conductivity, 2 [mS/cm]
# name 6 = sbeox0ML/L: Oxygen, SBE 43 [ml/l]
# name 7 = sbeox1ML/L: Oxygen, SBE 43, 2 [ml/l]
# name 8 = flECO-AFL: Fluorescence, WET Labs ECO-AFL/FL [mg/m^3]
# name 9 = CStarTr0: Beam Transmission, WET Labs C-Star [%]
# name 10 = par: PAR/Irradiance, Biospherical/Licor
# name 11 = latitude: Latitude [deg]
# name 12 = longitude: Longitude [deg]
# name 13 = timeJ: Julian Days
# name 14 = altM: Altimeter [m]
# name 15 = spar: SPAR, Biospherical/Licor
# name 16 = timeS: Time, Elapsed [seconds]
# name 17 = scan: Scan Count
# name 18 = density00: Density [density, kg/m^3]
# name 19 = density11: Density, 2 [density, kg/m^3]
# name 20 = v3: Voltage 3
# name 21 = v4: Voltage 4
# name 22 = v5: Voltage 5
# name 23 = sal00: Salinity, Practical [PSU]
# name 24 = sal11: Salinity, Practical, 2 [PSU]
# name 25 = oxsolML/L: Oxygen Saturation, Garcia & Gordon [ml/l]
# name 26 = nbin: number of scans per bin
# name 27 = flag: flag
# span 0 =      2.000,    875.000       
# span 1 =      2.028,    864.129       
# span 2 =    -1.7841,     0.6345       
# span 3 =  26.972753,  29.639510       
# span 4 =    -1.7837,     0.6371       
# span 5 =  26.972544,  29.639565       
# span 6 =     4.6362,     9.0216       
# span 7 =     4.7443,     9.3248       
# span 8 =     0.0066,    10.9157       
# span 9 =    84.3357,    96.3563       
# span 10 = 1.0000e-12, 3.5342e+02      
# span 11 =  -74.02288,  -74.02286      
# span 12 = -117.74392, -117.74388      
# span 13 =  46.771979,  46.784277      
# span 14 =       2.71,     100.83      
# span 15 = 8.1974e+02, 8.4274e+02      
# span 16 =    209.966,   1272.514      
# span 17 =       5040,      30541      
# span 18 =  1027.1828,  1031.8301      
# span 19 =  1027.1813,  1031.8277      
# span 20 =     4.0010,     4.5710      
# span 21 =     0.0686,     1.8602      
# span 22 =     0.1124,     0.2031      
# span 23 =    33.8300,    34.5589      
# span 24 =    33.8282,    34.5563      
# span 25 =    7.90377,    8.45426      
# span 26 =          3,         51      
# span 27 = 0.0000e+00, 0.0000e+00      
# interval = decibars: 1                
# start_time = Feb 15 2022 18:28:09 [NMEA time, header]
# bad_flag = -9.990e-29
*END*
[from data line 52]
     54.000     53.435    -0.2369  27.986625    -0.2355  27.986901     8.7812     9.0920     7.5859    86.3395 6.7385e-07  -74.02286 -117.74392  46.773156      99.54 8.4084e+02    311.686       7481  1027.4365  1027.4355     4.0960     1.4466     0.1785    33.8361    33.8350    8.12601         39 0.0000e+00
     55.000     54.424    -0.2428  27.983390    -0.2413  27.982847     8.7650     9.0855     6.1979    87.0981 1.0000e-12  -74.02286 -117.74392  46.773174      99.53 8.4089e+02    313.266       7519  1027.4430  1027.4403     4.1320     1.3252     0.1732    33.8378    33.8354    8.12718         35 0.0000e+00
     56.000     55.414    -0.2454  27.982532    -0.2440  27.982155     8.7682     9.0838     6.9485    87.0091 1.0000e-12  -74.02286 -117.74392  46.773192      99.64 8.4089e+02    314.748       7555  1027.4488  1027.4471     4.1279     1.1114     0.1682    33.8389    33.8369    8.12767         35 0.0000e+00
     57.000     56.403    -0.2455  27.983063    -0.2440  27.983011     8.7717     9.0828     6.6596    86.5362 1.0000e-12  -74.02286 -117.74392  46.773210      99.57 8.4089e+02    316.337       7593  1027.4536  1027.4521     4.1054     1.2774     0.1871    33.8391    33.8374    8.12767         40 0.0000e+00
     58.000     57.391    -0.2461  27.983327    -0.2441  27.983382     8.7634     9.0736     6.6363    87.9254 1.0000e-12  -74.02286 -117.74392  46.773229      80.62 8.4089e+02    318.018       7633  1027.4587  1027.4569     4.1712     1.2591     0.1765    33.8395    33.8374    8.12778         36 0.0000e+00
     59.000     58.382    -0.2467  27.983204    -0.2452  27.983185     8.7488     9.0573     7.4443    86.7620 1.0000e-12  -74.02286 -117.74392  46.773248      98.66 8.4089e+02    319.655       7673  1027.4635  1027.4619     4.1161     0.8991     0.1426    33.8395    33.8377    8.12792         38 0.0000e+00
     60.000     59.371    -0.2499  27.981683    -0.2477  27.981940     8.7415     9.0486     6.9632    87.9644 1.0000e-12  -74.02286 -117.74392  46.773266      99.54 8.4089e+02    321.215       7710  1027.4691  1027.4673     4.1731     1.3252     0.1746    33.8403    33.8382    8.12854         37 0.0000e+00
     61.000     60.361    -0.2517  27.980894    -0.2501  27.980735     8.7233     9.0301     6.6195    88.1965 1.0000e-12  -74.02286 -117.74392  46.773284      99.65 8.4089e+02    322.771       7748  1027.4742  1027.4725     4.1842     1.0698     0.1681    33.8406    33.8387    8.12890         39 0.0000e+00
     62.000     61.349    -0.2566  27.977999    -0.2544  27.978470     8.7134     9.0186     6.8643    87.9915 1.0000e-12  -74.02286 -117.74392  46.773304      99.70 8.4089e+02    324.420       7787  1027.4802  1027.4785     4.1749     1.1307     0.1750    33.8417    33.8399    8.12990         34 0.0000e+00
     63.000     62.339    -0.2581  27.977696    -0.2561  27.977859     8.7186     9.0186     7.1783    87.5593 1.0000e-12  -74.02286 -117.74392  46.773323      99.57 8.4089e+02    326.088       7827  1027.4855  1027.4838     4.1535     1.2502     0.1664    33.8423    33.8404    8.13018         39 0.0000e+00
     64.000     63.328    -0.2557  27.980337    -0.2543  27.979952     8.7235     9.0177     6.4308    86.2704 1.0000e-12  -74.02286 -117.74392  46.773341      99.48 8.4089e+02    327.642       7864  1027.4902  1027.4885     4.0929     1.4390     0.1894    33.8426    33.8405    8.12965         36 0.0000e+00
     65.000     64.320    -0.2527  27.982843    -0.2514  27.982603     8.7209     9.0128     6.6498    87.0833 1.0000e-12  -74.02286 -117.74392  46.773358      99.52 8.4089e+02    329.158       7901  1027.4943  1027.4928     4.1313     1.3429     0.1780    33.8420    33.8402    8.12906         36 0.0000e+00
     66.000     65.306    -0.2517  27.984485    -0.2492  27.985102     8.7125     9.0194     7.3314    88.7641 1.0000e-12  -74.02286 -117.74391  46.773377      94.07 8.4089e+02    330.779       7940  1027.4993  1027.4976     4.2110     1.6935     0.1736    33.8424    33.8405    8.12881         40 0.0000e+00
     67.000     66.297    -0.2521  27.984707    -0.2504  27.984652     8.7161     9.0243     6.9931    88.0257 1.0000e-12  -74.02286 -117.74391  46.773397      98.73 8.4089e+02    332.462       7980  1027.5042  1027.5026     4.1759     0.9466     0.1798    33.8426    33.8406    8.12889         34 0.0000e+00
     68.000     67.286    -0.2530  27.984560    -0.2524  27.983037     8.7136     9.0185     7.3695    87.5763 1.0000e-12  -74.02286 -117.74391  46.773415      99.59 8.4089e+02    334.077       8019  1027.5092  1027.5071     4.1547     1.2132     0.1592    33.8428    33.8401    8.12907         36 0.0000e+00
     69.000     68.275    -0.2478  27.989655    -0.2481  27.988088     8.7030     8.9995     6.7543    87.4633 1.0000e-12  -74.02286 -117.74391  46.773433      99.61 8.4089e+02    335.634       8056  1027.5140  1027.5124     4.1493     1.1755     0.1657    33.8432    33.8414    8.12794         33 0.0000e+00
     70.000     69.264    -0.2505  27.988378    -0.2486  27.988488     8.6872     8.9721     6.7140    87.4248 1.0000e-12  -74.02286 -117.74391  46.773452      99.59 8.4089e+02    337.258       8095  1027.5195  1027.5178     4.1479     1.4665     0.1691    33.8439    33.8419    8.12848         40 0.0000e+00
     71.000     70.253    -0.2546  27.985711    -0.2533  27.985524     8.6482     8.9527     7.8779    86.5316 1.0000e-12  -74.02286 -117.74391  46.773473      99.55 8.4089e+02    339.106       8140  1027.5249  1027.5235     4.1052     1.3678     0.1865    33.8443    33.8426    8.12933         44 0.0000e+00
     72.000     71.243    -0.2726  27.972644    -0.2720  27.972041     8.6137     8.9376     7.4403    87.3535 1.0000e-12  -74.02286 -117.74391  46.773494      99.59 8.4089e+02    340.910       8183  1027.5326  1027.5314     4.1441     1.2037     0.1709    33.8463    33.8448    8.13306         34 0.0000e+00
     73.000     72.233    -0.2788  27.968932    -0.2763  27.969624     8.6115     8.9219     7.1618    88.1303 1.0000e-12  -74.02286 -117.74391  46.773512      99.65 8.4089e+02    342.428       8219  1027.5388  1027.5371     4.1810     1.0861     0.1565    33.8476    33.8457    8.13431         35 0.0000e+00
     74.000     73.221    -0.2828  27.966101    -0.2811  27.966158     8.6201     8.9163     6.7180    87.2271 1.0000e-12  -74.02286 -117.74391  46.773532      99.69 8.4089e+02    344.201       8262  1027.5438  1027.5422     4.1383     1.0007     0.1688    33.8476    33.8458    8.13515         39 0.0000e+00
     75.000     74.211    -0.2851  27.965118    -0.2833  27.965058     8.6175     8.9039     6.6521    87.4231 1.0000e-12  -74.02286 -117.74391  46.773555      99.63 8.4089e+02    346.136       8308  1027.5491  1027.5474     4.1476     1.0948     0.1727    33.8483    33.8463    8.13561         39 0.0000e+00
     76.000     75.200    -0.2879  27.963793    -0.2864  27.963622     8.5777     8.8775     5.6623    87.8294 1.0000e-12  -74.02286 -117.74392  46.773578      99.67 8.4089e+02    348.126       8356  1027.5546  1027.5529     4.1666     1.0390     0.1941    33.8490    33.8471    8.13617         42 0.0000e+00
     77.000     76.189    -0.2941  27.961088    -0.2925  27.960834     8.5468     8.8459     6.2640    87.8335 1.0000e-12  -74.02286 -117.74392  46.773599      99.64 8.4089e+02    349.997       8401  1027.5619  1027.5601     4.1669     1.1105     0.1705    33.8517    33.8497    8.13734         39 0.0000e+00
     78.000     77.178    -0.2999  27.958687    -0.2975  27.959054     8.5377     8.8398     6.1117    86.4285 1.0000e-12  -74.02286 -117.74392  46.773622      99.67 8.4089e+02    351.932       8447  1027.5691  1027.5672     4.1003     1.0196     0.1689    33.8544    33.8522    8.13844         46 0.0000e+00
     79.000     78.168    -0.3021  27.957744    -0.3004  27.957591     8.5033     8.8022     6.5954    87.4977 1.0000e-12  -74.02286 -117.74392  46.773645      99.52 8.4112e+02    353.936       8495  1027.5744  1027.5726     4.1514     1.5861     0.1739    33.8549    33.8529    8.13887         39 0.0000e+00
     80.000     79.157    -0.3184  27.946336    -0.3149  27.947954     8.4270     8.7200     5.9541    87.9915 1.0000e-12  -74.02286 -117.74392  46.773667      99.65 8.4127e+02    355.820       8541  1027.5821  1027.5805     4.1744     1.1217     0.1712    33.8572    33.8555    8.14222         42 0.0000e+00
     81.000     80.147    -0.3468  27.926804    -0.3460  27.926274     8.3460     8.6465     4.7352    88.3799 1.0000e-12  -74.02286 -117.74392  46.773688      95.41 8.4048e+02    357.681       8585  1027.5928  1027.5915     4.1928     0.9146     0.1715    33.8622    33.8606    8.14803         42 0.0000e+00
     82.000     81.135    -0.3738  27.908622    -0.3693  27.910634     8.3197     8.6198     4.7815    88.3059 1.0000e-12  -74.02286 -117.74392  46.773712      98.77 8.4084e+02    359.692       8634  1027.6032  1027.6011     4.1887     0.9645     0.1694    33.8673    33.8650    8.15352         39 0.0000e+00
     83.000     82.125    -0.3812  27.904121    -0.3802  27.903771     8.3105     8.6108     3.3501    88.0705 1.0000e-12  -74.02286 -117.74392  46.773730      99.69 8.4155e+02    361.269       8671  1027.6096  1027.6083     4.1783     1.0645     0.1768    33.8689    33.8674    8.15502         32 0.0000e+00
     84.000     83.114    -0.3826  27.903710    -0.3814  27.903364     8.3091     8.5968     3.2256    88.9352 1.0000e-12  -74.02286 -117.74392  46.773745      99.81 8.4163e+02    362.592       8703  1027.6146  1027.6131     4.2193     0.7250     0.1678    33.8694    33.8676    8.15531         31 0.0000e+00
     85.000     84.103    -0.3874  27.900815    -0.3849  27.901536     8.2974     8.5829     3.9791    89.9123 1.0000e-12  -74.02286 -117.74392  46.773760      99.75 8.4089e+02    363.894       8734  1027.6202  1027.6186     4.2652     1.1873     0.1598    33.8702    33.8684    8.15628         32 0.0000e+00
     86.000     85.093    -0.3957  27.895502    -0.3927  27.896617     8.2823     8.5646     3.9402    90.5006 1.0000e-12  -74.02286 -117.74392  46.773776      99.83 8.4089e+02    365.246       8767  1027.6266  1027.6249     4.2934     0.6489     0.1605    33.8717    33.8699    8.15797         33 0.0000e+00
     87.000     86.082    -0.4008  27.892453    -0.3986  27.893027     8.2756     8.5471     3.8735    90.9089 1.0000e-12  -74.02286 -117.74392  46.773792      99.79 8.4135e+02    366.646       8800  1027.6324  1027.6309     4.3127     0.7711     0.1583    33.8728    33.8711    8.15902         34 0.0000e+00
     88.000     87.071    -0.4068  27.888788    -0.4049  27.888893     8.2612     8.5291     3.1663    90.7304 1.0000e-12  -74.02286 -117.74392  46.773808      99.88 8.4150e+02    368.034       8834  1027.6383  1027.6366     4.3042     0.4716     0.1559    33.8739    33.8719    8.16023         32 0.0000e+00
     89.000     88.061    -0.4134  27.884331    -0.4142  27.882764     8.2341     8.5257     3.7978    90.6228 1.0000e-12  -74.02286 -117.74392  46.773823      99.83 8.4125e+02    369.301       8864  1027.6440  1027.6432     4.2990     0.6399     0.1730    33.8747    33.8735    8.16161         29 0.0000e+00
     90.000     89.049    -0.4135  27.884630    -0.4108  27.885654     8.2243     8.5112     3.1601    89.1951 1.0000e-12  -74.02286 -117.74392  46.773837      99.72 8.4191e+02    370.493       8893  1027.6486  1027.6471     4.2317     0.8522     0.1797    33.8747    33.8730    8.16164         28 0.0000e+00
     91.000     90.039    -0.4290  27.874091    -0.4279  27.873747     8.2306     8.5120     3.9765    88.4400 1.0000e-12  -74.02286 -117.74392  46.773850      96.31 8.4168e+02    371.675       8921  1027.6564  1027.6550     4.1956     0.6911     0.1658    33.8772    33.8755    8.16482         29 0.0000e+00
     92.000     91.028    -0.4226  27.879368    -0.4199  27.880083     8.2436     8.5081     3.0217    91.1652 1.0000e-12  -74.02286 -117.74392  46.773864      99.76 8.4114e+02    372.865       8950  1027.6600  1027.6582     4.3249     0.7687     0.1619    33.8765    33.8745    8.16349         29 0.0000e+00
     93.000     92.018    -0.4238  27.879342    -0.4241  27.877842     8.2290     8.4928     2.8533    90.1399 1.0000e-12  -74.02286 -117.74392  46.773878      99.82 8.4222e+02    374.069       8979  1027.6653  1027.6640     4.2762     0.7001     0.1616    33.8772    33.8755    8.16371         28 0.0000e+00
     94.000     93.006    -0.4223  27.880713    -0.4209  27.880509     8.1946     8.4637     3.4208    90.3044 1.0000e-12  -74.02286 -117.74392  46.773892      99.87 8.4266e+02    375.242       9007  1027.6695  1027.6680     4.2838     0.5054     0.1572    33.8768    33.8750    8.16341         28 0.0000e+00
     95.000     93.994    -0.4331  27.873342    -0.4268  27.876925     8.1262     8.4127     3.7783    90.0601 1.0000e-12  -74.02286 -117.74392  46.773905      99.83 8.4156e+02    376.357       9034  1027.6762  1027.6740     4.2727     0.6463     0.1557    33.8783    33.8760    8.16564         27 0.0000e+00
     96.000     94.987    -0.4578  27.854421    -0.4558  27.855812     8.0966     8.3835     3.9215    91.1531 1.0000e-12  -74.02286 -117.74392  46.773918      99.83 8.4219e+02    377.485       9061  1027.6840  1027.6837     4.3243     0.6508     0.1533    33.8799    33.8796    8.17087         27 0.0000e+00
     97.000     95.974    -0.4862  27.833645    -0.4843  27.834006     8.0940     8.3741     3.5254    90.2211 1.0000e-12  -74.02286 -117.74392  46.773931      99.84 8.4260e+02    378.665       9089  1027.6932  1027.6918     4.2801     0.6074     0.1465    33.8831    33.8814    8.17680         29 0.0000e+00
     98.000     96.964    -0.4839  27.835847    -0.4836  27.834863     8.0952     8.3680     3.1204    90.2231 1.0000e-12  -74.02286 -117.74392  46.773945      99.82 8.4187e+02    379.838       9117  1027.6975  1027.6961     4.2802     0.6469     0.1576    33.8830    33.8813    8.17633         27 0.0000e+00
     99.000     97.952    -0.4873  27.833737    -0.4852  27.834038     8.1039     8.3770     3.1107    90.2508 1.0000e-12  -74.02286 -117.74392  46.773958      99.73 8.4233e+02    380.960       9144  1027.7025  1027.7008     4.2815     0.8888     0.1770    33.8833    33.8813    8.17703         27 0.0000e+00
    100.000     98.942    -0.4870  27.834430    -0.4846  27.835122     8.0967     8.3731     3.2042    90.8739 1.0000e-12  -74.02286 -117.74392  46.773971      99.88 8.4272e+02    382.053       9170  1027.7071  1027.7055     4.3109     0.4742     0.1627    33.8833    33.8815    8.17698         26 0.0000e+00
    101.000     99.930    -0.4861  27.835668    -0.4846  27.835618     8.0993     8.3620     3.1085    90.3353 1.0000e-12  -74.02286 -117.74392  46.773983      99.90 8.4211e+02    383.154       9197  1027.7116  1027.7102     4.2857     0.4019     0.1640    33.8833    33.8816    8.17678         26 0.0000e+00
    102.000    100.921    -0.4877  27.834912    -0.4854  27.835435     8.0662     8.3217     2.7174    90.5577 1.0000e-12  -74.02286 -117.74392  46.773996      99.88 8.4260e+02    384.254       9223  1027.7165  1027.7149     4.2960     0.4798     0.1742    33.8834    33.8817    8.17710         27 0.0000e+00
    103.000    101.909    -0.4945  27.829716    -0.4933  27.829836     8.0245     8.2875     2.8975    89.8827 1.0000e-12  -74.02286 -117.74392  46.774009      99.70 8.4266e+02    385.343       9249  1027.7217  1027.7207     4.2648     0.9191     0.1558    33.8835    33.8824    8.17857         26 0.0000e+00
    104.000    102.898    -0.5202  27.811089    -0.5179  27.811911     7.9740     8.2501     3.4731    91.3920 1.0000e-12  -74.02286 -117.74392  46.774021      99.83 8.4196e+02    386.402       9275  1027.7307  1027.7295     4.3349     0.6358     0.1553    33.8866    33.8852    8.18395         25 0.0000e+00
