ocean_section_plots/required_files/ctd/dnbp2202_ctd158.cnv
* Sea-Bird SBE 9 Data File:
* FileName = D:\Data\raw\NBP2202_CTD158.hex
* Software Version Seasave V 7.26.7.121
* Temperature SN = 1649
* Conductivity SN = 2513
* Number of Bytes Per Scan = 40
* Number of Voltage Words = 5
* Number of Scans Averaged by the Deck Unit = 1
* NMEA Latitude = 74 13.78 S
* NMEA Longitude = 112 05.99 W
* NMEA UTC (Time) = Jan 31 2022  22:02:30
* NMEA baud rate = 9600
** Ship: RVIB N.B. Palmer
** Cruise: NBP2202 Thwaites
** Station: 80
** Operator: A. Robinson/K. Block
# nquan = 28
# nvalues = 504                         
# units = specified
# name 0 = prDM: Pressure, Digiquartz [db]
# name 1 = depSM: Depth [salt water, m]
# name 2 = t090C: Temperature [ITS-90, deg C]
# name 3 = c0mS/cm: Conductivity [mS/cm]
# name 4 = t190C: Temperature, 2 [ITS-90, deg C]
# name 5 = c1mS/cm: Conductivity, 2 [mS/cm]
# name 6 = sbeox0ML/L: Oxygen, SBE 43 [ml/l]
# name 7 = sbeox1ML/L: Oxygen, SBE 43, 2 [ml/l]
# name 8 = flECO-AFL: Fluorescence, WET Labs ECO-AFL/FL [mg/m^3]
# name 9 = CStarTr0: Beam Transmission, WET Labs C-Star [%]
# name 10 = par: PAR/Irradiance, Biospherical/Licor
# name 11 = latitude: Latitude [deg]
# name 12 = longitude: Longitude [deg]
# name 13 = timeJ: Julian Days
# name 14 = altM: Altimeter [m]
# name 15 = spar: SPAR, Biospherical/Licor
# name 16 = timeS: Time, Elapsed [seconds]
# name 17 = scan: Scan Count
# name 18 = density00: Density [density, kg/m^3]
# name 19 = density11: Density, 2 [density, kg/m^3]
# name 20 = v3: Voltage 3
# name 21 = v4: Voltage 4
# name 22 = v5: Voltage 5
# name 23 = sal00: Salinity, Practical [PSU]
# name 24 = sal11: Salinity, Practical, 2 [PSU]
# name 25 = oxsolML/L: Oxygen Saturation, Garcia & Gordon [ml/l]
# name 26 = nbin: number of scans per bin
# name 27 = flag: flag
# span 0 =      3.000,    506.000       
# span 1 =      2.979,    500.152       
# span 2 =    -1.4681,    -0.1123       
# span 3 =  27.000174,  28.668528       
# span 4 =    -1.4683,    -0.1098       
# span 5 =  27.000797,  28.668557       
# span 6 =     4.8720,     8.6588       
# span 7 =     4.9799,     8.5794       
# span 8 =     0.0012,    19.0350       
# span 9 =    70.6519,    93.6960       
# span 10 = 1.0000e-12, 7.4795e+02      
# span 11 =  -74.22984,  -74.22956      
# span 12 = -112.10006, -112.09977      
# span 13 =  31.921188,  31.928209      
# span 14 =      55.49,     100.03      
# span 15 = 1.9164e+03, 1.9480e+03      
# span 16 =    240.606,    847.290      
# span 17 =       5776,      20336      
# span 18 =  1027.1958,  1029.9740      
# span 19 =  1027.1971,  1029.9719      
# span 20 =     3.3524,     4.4449      
# span 21 =     0.0698,     2.5954      
# span 22 =     0.1167,     0.2394      
# span 23 =    33.7918,    34.3332      
# span 24 =    33.7973,    34.3305      
# span 25 =    8.07130,    8.38747      
# span 26 =         11,         60      
# span 27 = 0.0000e+00, 0.0000e+00      
# interval = decibars: 1                
# start_time = Jan 31 2022 22:02:30 [NMEA time, header]
# bad_flag = -9.990e-29
*END*
      3.000      2.979    -0.7640  27.507465    -0.7637  27.508851     8.6588     8.5794    13.7777    70.6519 7.4795e+02  -74.22968 -112.09991  31.921188      99.95 1.9339e+03    240.606       5776  1027.1958  1027.1971     3.3524     2.2027     0.2394    33.8121    33.8137    8.24124         11 0.0000e+00
      4.000      3.959    -0.7754  27.497753    -0.7805  27.495237     8.6241     8.5268     9.6554    72.1814 5.6126e+02  -74.22960 -112.09980  31.921493      98.16 1.9275e+03    267.023       6410  1027.2007  1027.2027     3.4247     1.5635     0.1988    33.8112    33.8134    8.24379         36 0.0000e+00
      5.000      4.949    -0.7834  27.492050    -0.7867  27.490759     8.6312     8.5330     8.5539    72.5389 3.5705e+02  -74.22960 -112.09980  31.921527      99.35 1.9295e+03    269.907       6479  1027.2064  1027.2081     3.4416     1.5339     0.2118    33.8117    33.8137    8.24549         29 0.0000e+00
      6.000      5.937    -0.7850  27.491027    -0.7889  27.489410     8.5763     8.5074     7.8275    71.5704 2.5077e+02  -74.22959 -112.09978  31.921562      99.46 1.9282e+03    272.924       6551  1027.2111  1027.2129     3.3959     1.4031     0.2009    33.8115    33.8137    8.24586         38 0.0000e+00
      7.000      6.928    -0.8142  27.466020    -0.8152  27.467392     8.5360     8.4833     8.3576    71.5344 1.8388e+02  -74.22958 -112.09978  31.921586      99.44 1.9295e+03    275.044       6602  1027.2163  1027.2187     3.3940     1.4159     0.2197    33.8098    33.8127    8.25236         27 0.0000e+00
      8.000      7.918    -0.8215  27.460359    -0.8243  27.459572     8.5529     8.5079     9.1019    71.5611 1.2435e+02  -74.22958 -112.09978  31.921603      97.02 1.9293e+03    276.516       6637  1027.2213  1027.2231     3.3953     1.7907     0.2078    33.8098    33.8118    8.25397         35 0.0000e+00
      9.000      8.907    -0.8118  27.470020    -0.8128  27.469984     8.5896     8.5726    11.2262    71.9057 9.1188e+01  -74.22958 -112.09978  31.921637      99.41 1.9267e+03    279.473       6708  1027.2264  1027.2273     3.4117     1.8561     0.1988    33.8113    33.8123    8.25175         35 0.0000e+00
     10.000      9.896    -0.8071  27.474197    -0.8156  27.468246     8.3770     8.4335    15.1057    72.8350 7.2638e+01  -74.22958 -112.09978  31.921663      99.51 1.9268e+03    281.705       6762  1027.2307  1027.2323     3.4561     2.1076     0.1922    33.8111    33.8125    8.25073         47 0.0000e+00
     11.000     10.886    -0.9219  27.377715    -0.9141  27.386618     8.1256     8.2634    16.9483    71.6497 4.8547e+01  -74.22958 -112.09977  31.921688      99.65 1.9264e+03    283.878       6814  1027.2405  1027.2428     3.3996     2.3264     0.2123    33.8083    33.8118    8.27611         41 0.0000e+00
     12.000     11.876    -0.9497  27.353198    -0.9509  27.353141     8.2718     8.4040    15.4500    72.5013 4.0567e+01  -74.22956 -112.09977  31.921718      99.59 1.9253e+03    286.410       6875  1027.2439  1027.2449     3.4395     2.2627     0.2164    33.8057    33.8069    8.28238         36 0.0000e+00
     13.000     12.865    -0.8919  27.403377    -0.8928  27.403009     8.4290     8.5412    14.8861    73.6719 2.8502e+01  -74.22956 -112.09977  31.921744      99.47 1.9254e+03    288.653       6929  1027.2464  1027.2469     3.4953     2.1065     0.2113    33.8083    33.8089    8.26950         41 0.0000e+00
     14.000     13.854    -0.8725  27.420581    -0.8752  27.418885     8.4093     8.5678    17.4551    73.8459 2.2274e+01  -74.22956 -112.09977  31.921766      96.68 1.9265e+03    290.557       6974  1027.2506  1027.2514     3.5036     2.2766     0.2111    33.8092    33.8100    8.26517         45 0.0000e+00
     15.000     14.843    -0.8814  27.413197    -0.8856  27.410963     8.3509     8.5599    16.9865    74.1399 1.8437e+01  -74.22956 -112.09977  31.921787      99.69 1.9256e+03    292.433       7019  1027.2555  1027.2572     3.5183     2.4196     0.2043    33.8086    33.8104    8.26717         38 0.0000e+00
     16.000     15.834    -0.8995  27.398683    -0.8979  27.401086     8.3429     8.5703    19.0350    73.2039 1.3109e+01  -74.22956 -112.09977  31.921806      99.77 1.9242e+03    294.052       7058  1027.2614  1027.2625     3.4732     2.5370     0.1869    33.8086    33.8101    8.27115         41 0.0000e+00
     17.000     16.824    -0.8940  27.403276    -0.8951  27.403390     8.2767     8.5206    17.4860    73.4011 1.0096e+01  -74.22956 -112.09977  31.921829      99.64 1.9254e+03    296.024       7106  1027.2654  1027.2665     3.4827     2.3804     0.2000    33.8081    33.8095    8.26998         41 0.0000e+00
     18.000     17.813    -0.9274  27.375094    -0.9178  27.385214     8.1392     8.3691    18.8025    74.3044 8.7010e+00  -74.22956 -112.09977  31.921851      99.75 1.9254e+03    297.956       7152  1027.2710  1027.2728     3.5259     2.4437     0.2165    33.8066    33.8097    8.27740         38 0.0000e+00
     19.000     18.802    -0.9507  27.354881    -0.9704  27.341992     8.1237     8.3536    14.8545    73.8577 6.4715e+00  -74.22956 -112.09977  31.921869      99.66 1.9247e+03    299.473       7188  1027.2757  1027.2807     3.5041     2.4061     0.2249    33.8047    33.8094    8.28266         33 0.0000e+00
     20.000     19.792    -0.9713  27.339602    -0.9917  27.326635     8.0575     8.3694    17.3989    73.4211 4.8271e+00  -74.22956 -112.09977  31.921891      99.72 1.9257e+03    301.388       7234  1027.2825  1027.2879     3.4834     2.4540     0.2048    33.8065    33.8117    8.28710         35 0.0000e+00
     21.000     20.782    -0.9661  27.341113    -0.9127  27.390614     7.8299     8.2530    15.6848    73.9837 4.2399e+00  -74.22956 -112.09977  31.921914      92.59 1.9261e+03    303.356       7282  1027.2833  1027.2854     3.5102     2.5954     0.2114    33.8021    33.8093    8.28623         36 0.0000e+00
     22.000     21.771    -1.0529  27.274248    -1.0080  27.309562     7.7564     8.1156    14.0390    74.6903 3.3768e+00  -74.22956 -112.09977  31.921930      99.38 1.9263e+03    304.788       7316  1027.2976  1027.2933     3.5437     2.5784     0.1979    33.8080    33.8056    8.30511         37 0.0000e+00
     23.000     22.764    -1.0793  27.244889    -1.0711  27.255577     7.7095     7.9701    13.4969    74.7151 2.5141e+00  -74.22956 -112.09977  31.921954      99.69 1.9275e+03    306.801       7364  1027.2948  1027.2989     3.5453     2.4265     0.2087    33.7970    33.8024    8.31155         31 0.0000e+00
     24.000     23.750    -1.1201  27.215213    -1.1160  27.219738     7.7626     7.9270    12.2995    75.9703 2.0021e+00  -74.22956 -112.09978  31.921975      99.74 1.9278e+03    308.622       7408  1027.3052  1027.3066     3.6044     2.4736     0.2101    33.8019    33.8034    8.32032         33 0.0000e+00
     25.000     24.741    -1.0955  27.236473    -1.1086  27.226916     7.5632     7.7127    11.8838    77.3445 1.7036e+00  -74.22956 -112.09978  31.921992      99.45 1.9282e+03    310.099       7443  1027.3084  1027.3110     3.6695     1.9909     0.2000    33.8025    33.8043    8.31481         39 0.0000e+00
     26.000     25.729    -1.2286  27.119437    -1.2408  27.113995     6.8529     7.1622    14.5549    77.3092 1.3649e+00  -74.22956 -112.09978  31.922017      99.45 1.9280e+03    312.290       7496  1027.3122  1027.3182     3.6673     1.9079     0.1990    33.7918    33.7982    8.34516         28 0.0000e+00
     27.000     26.719    -1.3651  27.009872    -1.3667  27.010205     6.7135     7.0114     8.9413    77.4653 1.0625e+00  -74.22956 -112.09979  31.922038      99.46 1.9303e+03    314.088       7539  1027.3265  1027.3284     3.6753     1.3910     0.1669    33.7951    33.7973    8.37547         34 0.0000e+00
     28.000     27.710    -1.3689  27.007748    -1.3699  27.008329     6.7495     7.0097     5.6372    80.0810 9.0303e-01  -74.22956 -112.09979  31.922055      99.50 1.9297e+03    315.538       7574  1027.3307  1027.3323     3.7993     1.3193     0.1617    33.7958    33.7978    8.37627         34 0.0000e+00
     29.000     28.699    -1.3691  27.008659    -1.3701  27.009256     6.7908     7.0159     6.5368    82.9407 7.9551e-01  -74.22956 -112.09979  31.922080      98.20 1.9273e+03    317.707       7626  1027.3346  1027.3362     3.9346     0.9589     0.1473    33.7967    33.7986    8.37626         39 0.0000e+00
     30.000     29.687    -1.3687  27.010192    -1.3696  27.010869     6.8206     7.0224     4.9713    83.5174 6.7497e-01  -74.22956 -112.09978  31.922101      99.71 1.9293e+03    319.568       7671  1027.3392  1027.3408     3.9622     0.8228     0.1540    33.7977    33.7997    8.37611         34 0.0000e+00
     31.000     30.677    -1.3653  27.014743    -1.3664  27.015087     6.8318     7.0260     4.8316    83.7815 5.4390e-01  -74.22956 -112.09978  31.922119      99.62 1.9305e+03    321.070       7707  1027.3446  1027.3461     3.9743     1.0253     0.1454    33.7995    33.8012    8.37524         35 0.0000e+00
     32.000     31.666    -1.3647  27.016276    -1.3651  27.017117     6.8514     7.0405     5.0729    84.8788 4.5883e-01  -74.22956 -112.09980  31.922140      99.68 1.9264e+03    322.863       7750  1027.3494  1027.3508     4.0269     0.8549     0.1430    33.8003    33.8020    8.37506         44 0.0000e+00
     33.000     32.656    -1.3614  27.020502    -1.3618  27.021141     6.8950     7.0654     5.0356    85.0847 4.2968e-01  -74.22956 -112.09980  31.922163      99.66 1.9277e+03    324.846       7797  1027.3547  1027.3558     4.0367     0.9119     0.1610    33.8017    33.8031    8.37423         41 0.0000e+00
     34.000     33.645    -1.3527  27.028679    -1.3544  27.028418     6.9210     7.0968     4.8913    84.3918 3.4207e-01  -74.22956 -112.09981  31.922184      99.71 1.9301e+03    326.716       7842  1027.3593  1027.3607     4.0037     0.7912     0.1568    33.8025    33.8041    8.37223         34 0.0000e+00
     35.000     34.635    -1.3488  27.033269    -1.3503  27.033079     6.9421     7.1204     5.2443    84.8008 2.8339e-01  -74.22956 -112.09982  31.922201      99.58 1.9268e+03    328.160       7877  1027.3648  1027.3660     4.0230     1.0942     0.1674    33.8038    33.8053    8.37128         32 0.0000e+00
     36.000     35.624    -1.3446  27.038094    -1.3462  27.037790     6.9529     7.1276     5.6994    84.9260 2.5486e-01  -74.22956 -112.09982  31.922218      83.69 1.9285e+03    329.606       7912  1027.3702  1027.3714     4.0289     1.1154     0.1654    33.8051    33.8064    8.37026         37 0.0000e+00
     37.000     36.614    -1.3392  27.043715    -1.3396  27.044258     6.8181     7.0145     6.6077    84.8005 2.1203e-01  -74.22956 -112.09982  31.922242      96.98 1.9302e+03    331.668       7961  1027.3754  1027.3764     4.0226     1.0039     0.1603    33.8061    33.8073    8.36900         34 0.0000e+00
     38.000     37.601    -1.3573  27.029399    -1.3579  27.030532     6.6217     6.8530     5.7222    84.0407 1.7394e-01  -74.22958 -112.09982  31.922260      99.65 1.9286e+03    333.230       7999  1027.3814  1027.3833     3.9871     0.9485     0.1549    33.8062    33.8085    8.37305         27 0.0000e+00
     39.000     38.595    -1.3787  27.013314    -1.3793  27.014077     6.5805     6.8017     5.1318    84.2463 1.4573e-01  -74.22958 -112.09982  31.922272      99.64 1.9302e+03    334.295       8024  1027.3886  1027.3900     3.9967     0.9687     0.1609    33.8077    33.8094    8.37777         24 0.0000e+00
     40.000     39.582    -1.3828  27.010950    -1.3838  27.011193     6.5934     6.7952     4.1790    83.5653 1.1832e-01  -74.22958 -112.09982  31.922285      99.66 1.9291e+03    335.452       8052  1027.3941  1027.3953     3.9645     0.9125     0.1592    33.8084    33.8099    8.37864         34 0.0000e+00
     41.000     40.572    -1.3814  27.013624    -1.3823  27.013743     6.6506     6.8253     4.4237    85.1072 9.1894e-02  -74.22958 -112.09982  31.922308      99.74 1.9288e+03    337.385       8098  1027.3998  1027.4008     4.0378     0.6761     0.1452    33.8100    33.8112    8.37825         39 0.0000e+00
     42.000     41.560    -1.3660  27.028767    -1.3688  27.027360     6.6105     6.7939     3.3594    86.2742 7.7653e-02  -74.22958 -112.09983  31.922327      99.75 1.9313e+03    339.049       8138  1027.4058  1027.4069     4.0930     0.6089     0.1509    33.8127    33.8139    8.37462         30 0.0000e+00
     43.000     42.550    -1.3804  27.018664    -1.3818  27.018635     6.5848     6.7799     3.9099    85.7548 6.3079e-02  -74.22958 -112.09984  31.922340      99.71 1.9294e+03    340.146       8165  1027.4128  1027.4142     4.0684     0.7632     0.1485    33.8144    33.8161    8.37774         25 0.0000e+00
     44.000     43.542    -1.3820  27.018045    -1.3835  27.017780     6.5731     6.7595     4.5976    86.0474 4.5635e-02  -74.22958 -112.09984  31.922353      99.70 1.9292e+03    341.292       8192  1027.4180  1027.4191     4.0822     0.8049     0.1462    33.8149    33.8161    8.37809         29 0.0000e+00
     45.000     44.529    -1.3817  27.018702    -1.3825  27.019006     6.4634     6.6650     4.9422    86.1980 3.1494e-02  -74.22958 -112.09984  31.922373      97.13 1.9317e+03    343.007       8233  1027.4226  1027.4237     4.0892     0.7805     0.1578    33.8148    33.8161    8.37803         40 0.0000e+00
     46.000     45.519    -1.3967  27.006897    -1.3975  27.007570     6.3652     6.5747     4.3081    85.6934 2.3072e-02  -74.22960 -112.09984  31.922391      99.75 1.9319e+03    344.622       8272  1027.4283  1027.4298     4.0655     0.7231     0.1588    33.8148    33.8167    8.38138         32 0.0000e+00
     47.000     46.506    -1.4082  27.000174    -1.4088  27.000797     6.3604     6.5597     3.6730    85.7267 1.4194e-02  -74.22960 -112.09984  31.922406      99.71 1.9303e+03    345.848       8301  1027.4362  1027.4374     4.0670     0.7660     0.1521    33.8180    33.8195    8.38380         27 0.0000e+00
     48.000     47.498    -1.4067  27.002619    -1.4076  27.002842     6.3685     6.5542     3.0396    86.3523 4.5139e-03  -74.22960 -112.09984  31.922419      99.75 1.9308e+03    346.993       8329  1027.4417  1027.4427     4.0966     0.6388     0.1454    33.8191    33.8203    8.38340         30 0.0000e+00
     49.000     48.488    -1.4068  27.003122    -1.4076  27.003355     6.3719     6.5510     2.7796    86.4251 1.2954e-04  -74.22960 -112.09984  31.922435      99.75 1.9331e+03    348.354       8362  1027.4465  1027.4475     4.1001     0.6410     0.1417    33.8192    33.8204    8.38340         36 0.0000e+00
     50.000     49.477    -1.4068  27.003655    -1.4075  27.003917     6.3521     6.5356     2.8426    86.7565 1.0000e-12  -74.22960 -112.09984  31.922453      99.78 1.9333e+03    349.902       8399  1027.4512  1027.4522     4.1158     0.4952     0.1475    33.8193    33.8205    8.38340         36 0.0000e+00
     51.000     50.466    -1.4080  27.004437    -1.4088  27.004657     6.3257     6.5099     2.7437    87.6783 1.0000e-12  -74.22960 -112.09984  31.922469      99.78 1.9321e+03    351.321       8433  1027.4575  1027.4585     4.1595     0.4819     0.1429    33.8211    33.8223    8.38356         32 0.0000e+00
     52.000     51.455    -1.4102  27.003771    -1.4112  27.003794     6.3154     6.5012     2.5262    88.6344 1.0000e-12  -74.22960 -112.09986  31.922484      99.76 1.9326e+03    352.615       8464  1027.4632  1027.4642     4.2045     0.5664     0.1396    33.8221    33.8233    8.38400         30 0.0000e+00
     53.000     52.444    -1.4110  27.003779    -1.4119  27.003952     6.3421     6.5216     2.3030    88.1600 1.0000e-12  -74.22960 -112.09986  31.922498      99.78 1.9330e+03    353.859       8494  1027.4681  1027.4692     4.1827     0.5331     0.1417    33.8223    33.8236    8.38416         30 0.0000e+00
