ocean_section_plots/required_files/ctd/dnbp2202_ctd066.cnv
* Sea-Bird SBE 9 Data File:
* FileName = D:\Data\raw\NBP2202_CTD066.hex
* Software Version Seasave V 7.26.7.121
* Temperature SN = 1649
* Conductivity SN = 2513
* Number of Bytes Per Scan = 40
* Number of Voltage Words = 5
* Number of Scans Averaged by the Deck Unit = 1
* NMEA Latitude = 74 09.18 S
* NMEA Longitude = 112 12.70 W
* NMEA UTC (Time) = Jan 25 2022  21:43:09
* NMEA baud rate = 9600
** Ship: RVIB N.B. Palmer
** Cruise: NBP2202 Thwaites
** Station: 47
** Operator: A. Robinson
** N-S Transect Line
# nquan = 25
# nvalues = 921                         
# units = specified
# name 0 = prDM: Pressure, Digiquartz [db]
# name 1 = depSM: Depth [salt water, m]
# name 2 = t090C: Temperature [ITS-90, deg C]
# name 3 = c0mS/cm: Conductivity [mS/cm]
# name 4 = t190C: Temperature, 2 [ITS-90, deg C]
# name 5 = c1mS/cm: Conductivity, 2 [mS/cm]
# name 6 = sbeox0ML/L: Oxygen, SBE 43 [ml/l]
# name 7 = sbeox1ML/L: Oxygen, SBE 43, 2 [ml/l]
# name 8 = flECO-AFL: Fluorescence, WET Labs ECO-AFL/FL [mg/m^3]
# name 9 = CStarTr0: Beam Transmission, WET Labs C-Star [%]
# name 10 = par: PAR/Irradiance, Biospherical/Licor
# name 11 = latitude: Latitude [deg]
# name 12 = longitude: Longitude [deg]
# name 13 = timeJ: Julian Days
# name 14 = altM: Altimeter [m]
# name 15 = spar: SPAR, Biospherical/Licor
# name 16 = timeS: Time, Elapsed [seconds]
# name 17 = scan: Scan Count
# name 18 = density00: Density [density, kg/m^3]
# name 19 = density11: Density, 2 [density, kg/m^3]
# name 20 = sal00: Salinity, Practical [PSU]
# name 21 = sal11: Salinity, Practical, 2 [PSU]
# name 22 = oxsolML/L: Oxygen Saturation, Garcia & Gordon [ml/l]
# name 23 = nbin: number of scans per bin
# name 24 = flag: flag
# span 0 =      2.000,    922.000       
# span 1 =      1.978,    910.430       
# span 2 =    -1.5381,     0.5477       
# span 3 =  27.050783,  29.585898       
# span 4 =    -1.5387,     0.5498       
# span 5 =  27.050544,  29.586380       
# span 6 =     4.5763,     9.1505       
# span 7 =     4.7342,     9.6308       
# span 8 =    -0.0119,    29.4371       
# span 9 =    58.4610,    96.2763       
# span 10 = 1.0000e-12, 2.3001e+02      
# span 11 =  -74.15308,  -74.15306      
# span 12 = -112.21198, -112.21184      
# span 13 =  25.908251,  25.922617      
# span 14 =       4.53,     107.34      
# span 15 = 4.2519e+02, 5.4178e+02      
# span 16 =    283.910,   1525.089      
# span 17 =       6815,      36603      
# span 18 =  1027.1935,  1032.0570      
# span 19 =  1027.1971,  1032.0552      
# span 20 =    33.8242,    34.5596      
# span 21 =    33.8270,    34.5574      
# span 22 =    7.92145,    8.40390      
# span 23 =         24,         50      
# span 24 = 0.0000e+00, 0.0000e+00      
# interval = decibars: 1                
# start_time = Jan 25 2022 21:43:09 [NMEA time, header]
# bad_flag = -9.990e-29
*END*
[from data line 290]
    292.000    288.774    -1.0479  27.629542    -1.0461  27.629842     5.7601     6.0192     0.1016    95.6947 1.0000e-12  -74.15306 -112.21194  25.913341      99.75 4.8426e+02    723.656      17369  1028.8388  1028.8374    34.1198    34.1182    8.28563         31 0.0000e+00
    293.000    289.763    -1.0457  27.632019    -1.0440  27.632283     5.7493     6.0072     0.2913    95.8431 1.0000e-12  -74.15306 -112.21194  25.913356      86.15 4.8647e+02    724.953      17400  1028.8438  1028.8424    34.1201    34.1185    8.28512         30 0.0000e+00
    294.000    290.751    -1.0421  27.635878    -1.0418  27.634761     5.7473     6.0109     0.1417    95.9059 1.0000e-12  -74.15306 -112.21194  25.913370      85.05 4.8876e+02    726.144      17428  1028.8489  1028.8474    34.1207    34.1188    8.28430         28 0.0000e+00
    295.000    291.739    -1.0395  27.638764    -1.0395  27.637359     5.7347     6.0015     0.1877    95.8951 1.0000e-12  -74.15306 -112.21194  25.913383      99.56 4.8590e+02    727.299      17456  1028.8539  1028.8523    34.1210    34.1191    8.28370         28 0.0000e+00
    296.000    292.727    -1.0366  27.641893    -1.0369  27.640063     5.7093     5.9744     0.1114    95.7123 1.0000e-12  -74.15306 -112.21193  25.913397      99.75 4.8707e+02    728.506      17485  1028.8588  1028.8571    34.1214    34.1192    8.28304         30 0.0000e+00
    297.000    293.716    -1.0129  27.666447    -1.0099  27.666572     5.6864     5.9458     0.2408    95.8845 1.0000e-12  -74.15306 -112.21193  25.913412      99.75 4.8986e+02    729.780      17516  1028.8668  1028.8640    34.1273    34.1241    8.27747         30 0.0000e+00
    298.000    294.703    -0.9881  27.691049    -0.9870  27.690487     5.6808     5.9411     0.1030    95.9404 1.0000e-12  -74.15306 -112.21192  25.913427      99.74 4.8708e+02    731.060      17546  1028.8738  1028.8722    34.1321    34.1302    8.27173         31 0.0000e+00
    299.000    295.692    -0.9852  27.694702    -0.9843  27.694090     5.6796     5.9395     0.1045    95.9143 1.0000e-12  -74.15306 -112.21192  25.913441      99.75 4.8662e+02    732.271      17575  1028.8795  1028.8779    34.1331    34.1313    8.27102         28 0.0000e+00
    300.000    296.680    -0.9841  27.696438    -0.9834  27.695723     5.6825     5.9351     0.1262    95.8926 1.0000e-12  -74.15306 -112.21192  25.913454      99.75 4.8899e+02    733.426      17603  1028.8848  1028.8833    34.1337    34.1319    8.27075         27 0.0000e+00
    301.000    297.668    -0.9823  27.699169    -0.9813  27.698693     5.6758     5.9335     0.1286    95.9113 1.0000e-12  -74.15306 -112.21192  25.913468      99.74 4.8940e+02    734.621      17632  1028.8905  1028.8890    34.1347    34.1329    8.27029         31 0.0000e+00
    302.000    298.657    -0.9817  27.700476    -0.9806  27.700036     5.6727     5.9364     0.0872    95.8843 1.0000e-12  -74.15306 -112.21192  25.913483      99.75 4.8984e+02    735.892      17662  1028.8958  1028.8943    34.1352    34.1334    8.27013         30 0.0000e+00
    303.000    299.644    -0.9809  27.701878    -0.9800  27.701342     5.6720     5.9416     0.1102    95.9448 1.0000e-12  -74.15306 -112.21192  25.913497      99.74 4.9109e+02    737.156      17693  1028.9010  1028.8995    34.1357    34.1339    8.26994         30 0.0000e+00
    304.000    300.632    -0.9801  27.702995    -0.9797  27.702029     5.6573     5.9192     0.0949    95.9025 1.0000e-12  -74.15306 -112.21192  25.913511      89.76 4.9057e+02    738.368      17722  1028.9059  1028.9043    34.1357    34.1338    8.26977         29 0.0000e+00
    305.000    301.621    -0.9696  27.714142    -0.9680  27.713724     5.6379     5.8978     0.1271    95.9109 1.0000e-12  -74.15306 -112.21192  25.913525      86.84 4.8976e+02    739.541      17750  1028.9120  1028.9101    34.1383    34.1359    8.26730         27 0.0000e+00
    306.000    302.610    -0.9485  27.734673    -0.9471  27.734050     5.6254     5.8833     0.0926    95.8280 1.0000e-12  -74.15306 -112.21192  25.913538      98.81 4.9334e+02    740.684      17777  1028.9181  1028.9161    34.1417    34.1392    8.26246         28 0.0000e+00
    307.000    303.597    -0.9410  27.741987    -0.9395  27.741724     5.6253     5.8782     0.0979    95.8596 1.0000e-12  -74.15306 -112.21192  25.913552      99.74 4.9366e+02    741.876      17806  1028.9232  1028.9215    34.1425    34.1405    8.26075         30 0.0000e+00
    308.000    304.587    -0.9381  27.745261    -0.9371  27.744646     5.6182     5.8795     0.1053    95.8687 1.0000e-12  -74.15306 -112.21192  25.913566      99.75 4.9068e+02    743.142      17836  1028.9284  1028.9268    34.1430    34.1411    8.26009         30 0.0000e+00
    309.000    305.573    -0.9380  27.745919    -0.9370  27.745352     5.6157     5.8724     0.1623    95.9102 1.0000e-12  -74.15306 -112.21192  25.913581      99.74 4.9522e+02    744.403      17867  1028.9335  1028.9319    34.1432    34.1413    8.26005         30 0.0000e+00
    310.000    306.562    -0.9365  27.747946    -0.9354  27.747544     5.6165     5.8682     0.1283    95.9090 1.0000e-12  -74.15306 -112.21192  25.913595      99.75 4.9629e+02    745.590      17895  1028.9386  1028.9372    34.1436    34.1419    8.25970         27 0.0000e+00
    311.000    307.550    -0.9320  27.752901    -0.9310  27.752497     5.6117     5.8653     0.0835    95.6502 1.0000e-12  -74.15306 -112.21192  25.913609      99.75 4.9287e+02    746.781      17924  1028.9441  1028.9427    34.1447    34.1430    8.25866         30 0.0000e+00
    312.000    308.538    -0.9294  27.756300    -0.9285  27.755792     5.6114     5.8749     0.1012    95.5464 1.0000e-12  -74.15306 -112.21192  25.913623      99.75 4.9511e+02    748.007      17953  1028.9497  1028.9482    34.1458    34.1441    8.25803         30 0.0000e+00
    313.000    309.527    -0.9275  27.759281    -0.9267  27.758627     5.6015     5.8539     0.0824    95.8775 1.0000e-12  -74.15306 -112.21192  25.913637      99.74 4.9662e+02    749.223      17982  1028.9554  1028.9540    34.1470    34.1452    8.25753         28 0.0000e+00
    314.000    310.515    -0.9220  27.766045    -0.9203  27.766019     5.5865     5.8407     0.1071    95.7883 1.0000e-12  -74.15306 -112.21192  25.913651      99.75 4.9476e+02    750.421      18011  1028.9618  1028.9601    34.1494    34.1474    8.25619         29 0.0000e+00
    315.000    311.504    -0.9073  27.781372    -0.9054  27.781646     5.5774     5.8323     0.0916    95.8867 1.0000e-12  -74.15306 -112.21192  25.913665      96.06 4.9752e+02    751.660      18041  1028.9684  1028.9669    34.1529    34.1511    8.25275         31 0.0000e+00
    316.000    312.491    -0.9026  27.786382    -0.9013  27.786170     5.5762     5.8282     0.0981    95.8213 1.0000e-12  -74.15306 -112.21192  25.913680      81.99 4.9813e+02    752.987      18073  1028.9738  1028.9723    34.1538    34.1520    8.25168         32 0.0000e+00
    317.000    313.478    -0.8988  27.790636    -0.8967  27.791179     5.5697     5.8265     0.0907    95.7034 1.0000e-12  -74.15306 -112.21192  25.913695      99.44 4.9454e+02    754.224      18102  1028.9791  1028.9776    34.1547    34.1530    8.25080         27 0.0000e+00
    318.000    314.467    -0.8946  27.795119    -0.8935  27.794931     5.5637     5.8174     0.0730    95.8859 1.0000e-12  -74.15306 -112.21192  25.913707      99.75 4.9770e+02    755.326      18129  1028.9842  1028.9829    34.1554    34.1538    8.24983         27 0.0000e+00
    319.000    315.456    -0.8923  27.797744    -0.8910  27.797473     5.5540     5.8031     0.0927    95.8254 1.0000e-12  -74.15306 -112.21192  25.913721      99.75 4.9977e+02    756.476      18156  1028.9892  1028.9877    34.1557    34.1539    8.24930         29 0.0000e+00
    320.000    316.443    -0.8810  27.808641    -0.8814  27.806356     5.5352     5.7873     0.0939    95.7272 1.0000e-12  -74.15306 -112.21192  25.913736      99.75 4.9603e+02    757.758      18187  1028.9943  1028.9924    34.1571    34.1545    8.24674         31 0.0000e+00
    321.000    317.432    -0.8772  27.812305    -0.8766  27.811519     5.5259     5.7860     0.0805    95.8852 1.0000e-12  -74.15306 -112.21192  25.913750      99.75 4.9920e+02    758.975      18216  1028.9991  1028.9976    34.1572    34.1554    8.24591         28 0.0000e+00
    322.000    318.419    -0.8681  27.821497    -0.8663  27.821420     5.5022     5.7580     0.0991    95.8984 1.0000e-12  -74.15306 -112.21192  25.913763      99.75 5.0039e+02    760.130      18244  1029.0045  1029.0027    34.1587    34.1566    8.24383         28 0.0000e+00
    323.000    319.407    -0.8584  27.831175    -0.8556  27.831342     5.4632     5.7146     0.1072    95.8700 1.0000e-12  -74.15306 -112.21192  25.913777      99.75 4.9625e+02    761.336      18273  1029.0099  1029.0074    34.1602    34.1574    8.24161         30 0.0000e+00
    324.000    320.396    -0.8136  27.873529    -0.8109  27.873606     5.4531     5.7002     0.1167    95.8960 1.0000e-12  -74.15306 -112.21192  25.913792      99.75 4.9910e+02    762.592      18303  1029.0165  1029.0139    34.1664    34.1634    8.23148         30 0.0000e+00
    325.000    321.384    -0.8031  27.884275    -0.8020  27.883698     5.4499     5.7037     0.2054    95.8178 1.0000e-12  -74.15306 -112.21192  25.913806      99.75 5.0254e+02    763.811      18332  1029.0224  1029.0207    34.1685    34.1664    8.22906         28 0.0000e+00
    326.000    322.372    -0.8053  27.883660    -0.8042  27.883370     5.4483     5.6947     0.0823    95.8251 1.0000e-12  -74.15306 -112.21192  25.913820      76.41 4.9960e+02    765.011      18361  1029.0285  1029.0272    34.1695    34.1678    8.22948         29 0.0000e+00
    327.000    323.361    -0.7999  27.890088    -0.7988  27.889276     5.4388     5.6825     0.0990    95.8637 1.0000e-12  -74.15306 -112.21192  25.913833      94.28 4.9896e+02    766.198      18390  1029.0347  1029.0328    34.1714    34.1691    8.22818         29 0.0000e+00
    328.000    324.349    -0.7883  27.902166    -0.7875  27.901173     5.4272     5.6761     0.1042    95.8144 1.0000e-12  -74.15306 -112.21192  25.913847      99.70 5.0239e+02    767.386      18418  1029.0410  1029.0391    34.1741    34.1718    8.22551         28 0.0000e+00
    329.000    325.336    -0.7798  27.910464    -0.7793  27.909546     5.4220     5.6674     0.4797    95.8426 1.0000e-12  -74.15306 -112.21192  25.913861      99.75 5.0198e+02    768.566      18447  1029.0462  1029.0446    34.1751    34.1732    8.22360         28 0.0000e+00
    330.000    326.324    -0.7769  27.914504    -0.7759  27.913874     5.4279     5.6651     0.3206    95.8586 1.0000e-12  -74.15306 -112.21192  25.913874      99.75 5.0019e+02    769.741      18475  1029.0522  1029.0505    34.1767    34.1747    8.22287         29 0.0000e+00
    331.000    327.313    -0.7726  27.919684    -0.7711  27.919505     5.4208     5.6584     0.0884    95.8790 1.0000e-12  -74.15306 -112.21192  25.913888      99.75 5.0247e+02    770.951      18504  1029.0580  1029.0564    34.1782    34.1762    8.22184         29 0.0000e+00
    332.000    328.300    -0.7687  27.924111    -0.7677  27.923424     5.4264     5.6722     0.0922    95.8564 1.0000e-12  -74.15306 -112.21190  25.913903      99.75 5.0265e+02    772.217      18534  1029.0635  1029.0618    34.1792    34.1771    8.22094         31 0.0000e+00
    333.000    329.290    -0.7581  27.935404    -0.7573  27.934518     5.4456     5.6822     0.0859    95.6733 1.0000e-12  -74.15306 -112.21192  25.913917      99.75 5.0210e+02    773.450      18564  1029.0698  1029.0681    34.1818    34.1798    8.21847         28 0.0000e+00
    334.000    330.276    -0.7796  27.920994    -0.7789  27.920673     5.4520     5.6882     0.0720    95.6733 1.0000e-12  -74.15306 -112.21191  25.913931      99.75 5.0312e+02    774.616      18592  1029.0798  1029.0787    34.1860    34.1848    8.22291         28 0.0000e+00
    335.000    331.266    -0.7822  27.919647    -0.7811  27.919240     5.4545     5.6954     0.0706    95.6548 1.0000e-12  -74.15306 -112.21192  25.913945      99.76 5.0324e+02    775.825      18621  1029.0853  1029.0837    34.1865    34.1847    8.22345         30 0.0000e+00
    336.000    332.252    -0.7824  27.920027    -0.7815  27.919519     5.4596     5.6969     0.0823    95.7912 1.0000e-12  -74.15306 -112.21192  25.913959      99.75 5.0168e+02    777.049      18650  1029.0902  1029.0887    34.1867    34.1849    8.22349         29 0.0000e+00
    337.000    333.240    -0.7826  27.920362    -0.7818  27.919824     5.4470     5.6927     0.0816    95.9161 1.0000e-12  -74.15306 -112.21192  25.913972      78.46 5.0404e+02    778.203      18678  1029.0951  1029.0937    34.1867    34.1851    8.22352         27 0.0000e+00
    338.000    334.229    -0.7798  27.924355    -0.7782  27.924309     5.4423     5.6849     0.0867    95.8726 1.0000e-12  -74.15306 -112.21192  25.913986      89.48 5.0307e+02    779.385      18706  1029.1009  1029.0993    34.1883    34.1865    8.22281         30 0.0000e+00
    339.000    335.217    -0.7713  27.933872    -0.7702  27.933258     5.4225     5.6814     0.0983    95.8320 1.0000e-12  -74.15306 -112.21192  25.914001      99.85 5.0144e+02    780.679      18737  1029.1073  1029.1055    34.1911    34.1889    8.22082         31 0.0000e+00
    340.000    336.204    -0.7684  27.937387    -0.7677  27.936595     5.4072     5.6642     0.0874    95.8929 1.0000e-12  -74.15306 -112.21192  25.914015      99.75 5.0517e+02    781.911      18767  1029.1126  1029.1110    34.1919    34.1901    8.22013         28 0.0000e+00
    341.000    337.195    -0.7577  27.949421    -0.7567  27.948234     5.3915     5.6393     0.0745    95.7383 1.0000e-12  -74.15306 -112.21192  25.914028      99.76 5.0510e+02    783.021      18793  1029.1194  1029.1172    34.1954    34.1927    8.21759         27 0.0000e+00
    342.000    338.179    -0.7350  27.972073    -0.7334  27.971555     5.3835     5.6215     0.0788    95.9321 1.0000e-12  -74.15306 -112.21192  25.914041      99.74 4.9912e+02    784.169      18821  1029.1260  1029.1239    34.1998    34.1973    8.21241         28 0.0000e+00
    343.000    339.170    -0.7220  27.984926    -0.7212  27.983936     5.3760     5.6150     0.0736    95.9236 1.0000e-12  -74.15306 -112.21192  25.914056      99.75 5.0423e+02    785.408      18851  1029.1316  1029.1298    34.2018    34.1996    8.20945         30 0.0000e+00
    344.000    340.156    -0.7185  27.989090    -0.7176  27.988420     5.3812     5.6179     0.0661    95.9092 1.0000e-12  -74.15306 -112.21192  25.914070      99.75 5.0820e+02    786.644      18880  1029.1372  1029.1356    34.2029    34.2010    8.20864         29 0.0000e+00
    345.000    341.147    -0.7190  27.989614    -0.7180  27.989014     5.3977     5.6280     0.0711    95.7886 1.0000e-12  -74.15306 -112.21191  25.914084      99.75 5.0292e+02    787.845      18909  1029.1427  1029.1411    34.2036    34.2016    8.20870         27 0.0000e+00
    346.000    342.134    -0.7190  27.990525    -0.7180  27.989950     5.3905     5.6248     0.0678    95.8879 1.0000e-12  -74.15306 -112.21190  25.914098      99.75 5.0382e+02    789.040      18938  1029.1481  1029.1465    34.2042    34.2023    8.20867         29 0.0000e+00
    347.000    343.119    -0.7198  27.990449    -0.7189  27.989799     5.4244     5.6558     0.0671    95.9103 1.0000e-12  -74.15306 -112.21190  25.914112      99.75 5.0693e+02    790.253      18967  1029.1532  1029.1516    34.2044    34.2025    8.20883         29 0.0000e+00
    348.000    344.110    -0.7203  27.991554    -0.7194  27.991141     5.4706     5.6986     0.0715    95.8416 1.0000e-12  -74.15306 -112.21192  25.914125      91.59 5.0399e+02    791.437      18995  1029.1593  1029.1580    34.2059    34.2043    8.20886         28 0.0000e+00
