ocean_section_plots/required_files/ctd/dnbp2202_ctd191.cnv
* Sea-Bird SBE 9 Data File:
* FileName = D:\Data\raw\NBP2202_CTD191.hex
* Software Version Seasave V 7.26.7.121
* Temperature SN = 1649
* Conductivity SN = 2513
* Number of Bytes Per Scan = 40
* Number of Voltage Words = 5
* Number of Scans Averaged by the Deck Unit = 1
* NMEA Latitude = 74 10.34 S
* NMEA Longitude = 113 16.18 W
* NMEA UTC (Time) = Feb 07 2022  10:35:03
* NMEA baud rate = 9600
** Ship: RVIB N.B. Palmer
** Cruise: NBP2202 Thwaites
** Station: 112
** Operator: B Bjork
# nquan = 28
# nvalues = 731                         
# units = specified
# name 0 = prDM: Pressure, Digiquartz [db]
# name 1 = depSM: Depth [salt water, m]
# name 2 = t090C: Temperature [ITS-90, deg C]
# name 3 = c0mS/cm: Conductivity [mS/cm]
# name 4 = t190C: Temperature, 2 [ITS-90, deg C]
# name 5 = c1mS/cm: Conductivity, 2 [mS/cm]
# name 6 = sbeox0ML/L: Oxygen, SBE 43 [ml/l]
# name 7 = sbeox1ML/L: Oxygen, SBE 43, 2 [ml/l]
# name 8 = flECO-AFL: Fluorescence, WET Labs ECO-AFL/FL [mg/m^3]
# name 9 = CStarTr0: Beam Transmission, WET Labs C-Star [%]
# name 10 = par: PAR/Irradiance, Biospherical/Licor
# name 11 = latitude: Latitude [deg]
# name 12 = longitude: Longitude [deg]
# name 13 = timeJ: Julian Days
# name 14 = altM: Altimeter [m]
# name 15 = spar: SPAR, Biospherical/Licor
# name 16 = timeS: Time, Elapsed [seconds]
# name 17 = scan: Scan Count
# name 18 = density00: Density [density, kg/m^3]
# name 19 = density11: Density, 2 [density, kg/m^3]
# name 20 = v3: Voltage 3
# name 21 = v4: Voltage 4
# name 22 = v5: Voltage 5
# name 23 = sal00: Salinity, Practical [PSU]
# name 24 = sal11: Salinity, Practical, 2 [PSU]
# name 25 = oxsolML/L: Oxygen Saturation, Garcia & Gordon [ml/l]
# name 26 = nbin: number of scans per bin
# name 27 = flag: flag
# span 0 =      2.000,    732.000       
# span 1 =      1.982,    723.147       
# span 2 =    -1.5830,     0.2250       
# span 3 =  26.901485,  29.131445       
# span 4 =    -1.5820,     0.2274       
# span 5 =  26.902890,  29.131511       
# span 6 =     4.6633,     8.7449       
# span 7 =     4.7440,     8.9835       
# span 8 =    -0.0217,    21.5586       
# span 9 =    75.2768,    98.3445       
# span 10 = 1.0000e-12, 1.5842e+01      
# span 11 =  -74.17250,  -74.17249      
# span 12 = -113.26982, -113.26972      
# span 13 =  38.442897,  38.452559      
# span 14 =       7.38,     100.60      
# span 15 = 3.8655e+01, 4.5893e+01      
# span 16 =    163.255,    998.078      
# span 17 =       3919,      23955      
# span 18 =  1027.1746,  1031.0956      
# span 19 =  1027.1731,  1031.0933      
# span 20 =     3.5715,     4.6652      
# span 21 =     0.0636,     3.6236      
# span 22 =     0.1174,     0.2522      
# span 23 =    33.7813,    34.4346      
# span 24 =    33.7799,    34.4320      
# span 25 =    7.99494,    8.41860      
# span 26 =         15,         46      
# span 27 = 0.0000e+00, 0.0000e+00      
# interval = decibars: 1                
# start_time = Feb 07 2022 10:35:03 [NMEA time, header]
# bad_flag = -9.990e-29
*END*
[from data line 363]
    365.000    360.904    -0.3323  28.340433    -0.3296  28.340914     4.8434     4.9486    -0.0139    98.0367 1.0000e-12  -74.17250 -113.26976  38.447767      99.94 3.9302e+01    584.035      14018  1029.2351  1029.2330     4.6507     0.0691     0.1362    34.2269    34.2245    8.12405         27 0.0000e+00
    366.000    361.891    -0.3326  28.340601    -0.3302  28.340568     4.8418     4.9439    -0.0124    98.0303 1.0000e-12  -74.17250 -113.26976  38.447779      99.94 4.0347e+01    585.138      14044  1029.2400  1029.2376     4.6504     0.0691     0.1362    34.2269    34.2241    8.12413         25 0.0000e+00
    367.000    362.880    -0.3309  28.342812    -0.3283  28.342935     4.8390     4.9491    -0.0171    98.0276 1.0000e-12  -74.17250 -113.26976  38.447792      99.93 3.8760e+01    586.203      14070  1029.2451  1029.2427     4.6503     0.0718     0.1334    34.2273    34.2246    8.12374         26 0.0000e+00
    368.000    363.867    -0.3291  28.345117    -0.3271  28.344573     4.8344     4.9503    -0.0156    98.0130 1.0000e-12  -74.17250 -113.26976  38.447804      99.93 3.8917e+01    587.260      14095  1029.2502  1029.2477     4.6496     0.0697     0.1329    34.2278    34.2249    8.12333         26 0.0000e+00
    369.000    364.856    -0.3270  28.347918    -0.3270  28.345184     4.8352     4.9454    -0.0059    98.0190 1.0000e-12  -74.17250 -113.26976  38.447816      99.94 4.0131e+01    588.340      14121  1029.2555  1029.2527     4.6499     0.0699     0.1320    34.2286    34.2250    8.12283         25 0.0000e+00
    370.000    365.843    -0.3204  28.355525    -0.3185  28.354789     4.8279     4.9370    -0.0029    98.0097 1.0000e-12  -74.17250 -113.26976  38.447829      78.11 3.8769e+01    589.407      14147  1029.2615  1029.2589     4.6495     0.0671     0.1348    34.2307    34.2276    8.12130         26 0.0000e+00
    371.000    366.831    -0.3109  28.366534    -0.3092  28.365578     4.8288     4.9340    -0.0116    98.0108 1.0000e-12  -74.17250 -113.26976  38.447841      94.26 3.8986e+01    590.475      14172  1029.2683  1029.2657     4.6495     0.0695     0.1333    34.2341    34.2310    8.11908         26 0.0000e+00
    372.000    367.819    -0.3044  28.373998    -0.3030  28.372761     4.8165     4.9360    -0.0147    98.0040 1.0000e-12  -74.17250 -113.26976  38.447854      99.90 4.0265e+01    591.554      14198  1029.2743  1029.2717     4.6492     0.0696     0.1354    34.2362    34.2330    8.11758         26 0.0000e+00
    373.000    368.808    -0.3035  28.375219    -0.3023  28.374041     4.8287     4.9384    -0.0121    98.0056 1.0000e-12  -74.17250 -113.26976  38.447866      99.94 3.8793e+01    592.618      14224  1029.2792  1029.2767     4.6493     0.0689     0.1367    34.2363    34.2333    8.11739         25 0.0000e+00
    374.000    369.795    -0.3043  28.374958    -0.3026  28.374090     4.8300     4.9374    -0.0027    97.9764 1.0000e-12  -74.17250 -113.26976  38.447878      99.93 3.8716e+01    593.678      14249  1029.2840  1029.2815     4.6479     0.0697     0.1353    34.2361    34.2332    8.11755         26 0.0000e+00
    375.000    370.784    -0.3019  28.377943    -0.2989  28.378508     4.8264     4.9322    -0.0055    97.9920 1.0000e-12  -74.17250 -113.26976  38.447891      99.93 3.9931e+01    594.767      14275  1029.2893  1029.2870     4.6486     0.0704     0.1367    34.2369    34.2343    8.11701         26 0.0000e+00
    376.000    371.769    -0.3000  28.380470    -0.2977  28.380368     4.8247     4.9376    -0.0138    97.9813 1.0000e-12  -74.17250 -113.26976  38.447903      99.94 3.8998e+01    595.842      14301  1029.2944  1029.2922     4.6481     0.0718     0.1348    34.2375    34.2349    8.11656         26 0.0000e+00
    377.000    372.759    -0.2991  28.381801    -0.2967  28.381828     4.8299     4.9308    -0.0120    97.9647 1.0000e-12  -74.17250 -113.26976  38.447916      99.93 3.8722e+01    596.910      14327  1029.2993  1029.2971     4.6473     0.0698     0.1343    34.2377    34.2350    8.11637         26 0.0000e+00
    378.000    373.747    -0.2966  28.385000    -0.2943  28.384912     4.8238     4.9357    -0.0150    97.9783 1.0000e-12  -74.17250 -113.26976  38.447929      99.94 4.0067e+01    598.024      14354  1029.3047  1029.3023     4.6479     0.0703     0.1325    34.2386    34.2358    8.11579         27 0.0000e+00
    379.000    374.734    -0.2928  28.389696    -0.2907  28.389333     4.8211     4.9384    -0.0145    97.9792 1.0000e-12  -74.17250 -113.26976  38.447941      99.94 3.9059e+01    599.141      14380  1029.3102  1029.3078     4.6480     0.0701     0.1365    34.2399    34.2371    8.11489         26 0.0000e+00
    380.000    375.722    -0.2921  28.390864    -0.2899  28.390668     4.8119     4.9248    -0.0074    97.9819 1.0000e-12  -74.17250 -113.26976  38.447954      99.93 3.8783e+01    600.209      14406  1029.3151  1029.3128     4.6481     0.0693     0.1356    34.2401    34.2374    8.11473         25 0.0000e+00
    381.000    376.710    -0.2857  28.399266    -0.2834  28.398416     4.8082     4.9136    -0.0100    97.9781 1.0000e-12  -74.17250 -113.26976  38.447966      99.93 3.9808e+01    601.279      14432  1029.3221  1029.3190     4.6479     0.0681     0.1354    34.2435    34.2398    8.11317         26 0.0000e+00
    382.000    377.698    -0.2553  28.432675    -0.2530  28.432419     4.8109     4.9133    -0.0162    97.9682 1.0000e-12  -74.17250 -113.26978  38.447979      99.93 3.9528e+01    602.357      14458  1029.3323  1029.3298     4.6474     0.0699     0.1338    34.2533    34.2504    8.10614         26 0.0000e+00
    383.000    378.685    -0.2528  28.435906    -0.2506  28.435616     4.8062     4.9162    -0.0103    97.9741 1.0000e-12  -74.17250 -113.26976  38.447991      91.98 3.8655e+01    603.429      14483  1029.3377  1029.3353     4.6478     0.0686     0.1365    34.2542    34.2514    8.10556         26 0.0000e+00
    384.000    379.674    -0.2492  28.440187    -0.2472  28.439876     4.8034     4.9143    -0.0133    97.9975 1.0000e-12  -74.17250 -113.26977  38.448004      99.80 3.9513e+01    604.502      14509  1029.3432  1029.3409     4.6489     0.0704     0.1354    34.2553    34.2526    8.10474         26 0.0000e+00
    385.000    380.662    -0.2435  28.447188    -0.2412  28.446909     4.7990     4.9090    -0.0168    97.9798 1.0000e-12  -74.17250 -113.26977  38.448016      99.94 3.9700e+01    605.586      14535  1029.3495  1029.3470     4.6480     0.0694     0.1349    34.2576    34.2547    8.10339         25 0.0000e+00
    386.000    381.649    -0.2385  28.453062    -0.2365  28.452505     4.8060     4.9128    -0.0136    97.9733 1.0000e-12  -74.17250 -113.26978  38.448028      99.94 3.8790e+01    606.637      14560  1029.3552  1029.3528     4.6477     0.0703     0.1362    34.2592    34.2563    8.10223         26 0.0000e+00
    387.000    382.636    -0.2322  28.460485    -0.2305  28.459581     4.8038     4.9114    -0.0171    97.9839 1.0000e-12  -74.17250 -113.26978  38.448040      99.93 3.9411e+01    607.696      14586  1029.3614  1029.3587     4.6482     0.0707     0.1343    34.2615    34.2584    8.10077         25 0.0000e+00
    388.000    383.625    -0.2260  28.467708    -0.2238  28.467496     4.8030     4.9076    -0.0101    97.9814 1.0000e-12  -74.17250 -113.26978  38.448053      99.94 4.0089e+01    608.792      14612  1029.3674  1029.3650     4.6481     0.0698     0.1375    34.2635    34.2607    8.09934         27 0.0000e+00
    389.000    384.611    -0.2252  28.468944    -0.2229  28.468966     4.8005     4.9091    -0.0124    97.9850 1.0000e-12  -74.17250 -113.26978  38.448066      99.94 3.8724e+01    609.866      14638  1029.3724  1029.3701     4.6483     0.0678     0.1360    34.2637    34.2611    8.09916         25 0.0000e+00
    390.000    385.602    -0.2246  28.470008    -0.2225  28.469750     4.7957     4.9101    -0.0136    97.9746 1.0000e-12  -74.17250 -113.26978  38.448078      99.93 3.9211e+01    610.926      14663  1029.3773  1029.3749     4.6478     0.0696     0.1359    34.2638    34.2611    8.09903         25 0.0000e+00
    391.000    386.586    -0.2252  28.469888    -0.2229  28.469803     4.8009     4.9100    -0.0156    97.9699 1.0000e-12  -74.17250 -113.26978  38.448090      99.93 3.9828e+01    612.000      14689  1029.3821  1029.3798     4.6476     0.0714     0.1346    34.2637    34.2610    8.09915         27 0.0000e+00
    392.000    387.578    -0.2252  28.470142    -0.2231  28.469982     4.8009     4.9076    -0.0043    97.9563 1.0000e-12  -74.17250 -113.26978  38.448103      99.93 3.8797e+01    613.069      14715  1029.3867  1029.3845     4.6469     0.0704     0.1349    34.2635    34.2609    8.09917         25 0.0000e+00
    393.000    388.563    -0.2230  28.473049    -0.2207  28.472960     4.8029     4.9013    -0.0094    97.9593 1.0000e-12  -74.17250 -113.26978  38.448115      99.94 3.8987e+01    614.147      14741  1029.3920  1029.3897     4.6470     0.0710     0.1338    34.2643    34.2616    8.09866         26 0.0000e+00
    394.000    389.551    -0.2182  28.479331    -0.2164  28.478352     4.7921     4.9031    -0.0118    97.9769 1.0000e-12  -74.17250 -113.26978  38.448128      99.93 4.0562e+01    615.219      14766  1029.3983  1029.3956     4.6479     0.0707     0.1351    34.2666    34.2633    8.09750         25 0.0000e+00
    395.000    390.538    -0.2059  28.493223    -0.2037  28.492927     4.7896     4.9024    -0.0105    97.9910 1.0000e-12  -74.17250 -113.26978  38.448140      98.28 3.8790e+01    616.266      14791  1029.4053  1029.4029     4.6486     0.0689     0.1364    34.2707    34.2679    8.09466         26 0.0000e+00
    396.000    391.528    -0.1987  28.501674    -0.1964  28.501559     4.7977     4.9030    -0.0105    97.9785 1.0000e-12  -74.17250 -113.26978  38.448152      98.66 3.9114e+01    617.328      14817  1029.4117  1029.4094     4.6480     0.0694     0.1344    34.2733    34.2706    8.09299         26 0.0000e+00
    397.000    392.514    -0.1965  28.504510    -0.1947  28.503939     4.7911     4.9010    -0.0105    97.9752 1.0000e-12  -74.17250 -113.26978  38.448165      99.93 4.0073e+01    618.440      14844  1029.4169  1029.4145     4.6478     0.0689     0.1350    34.2740    34.2712    8.09247         26 0.0000e+00
    398.000    393.502    -0.1920  28.510581    -0.1902  28.509619     4.7846     4.8943    -0.0108    97.9782 1.0000e-12  -74.17250 -113.26978  38.448177      99.94 3.8716e+01    619.521      14869  1029.4234  1029.4206     4.6479     0.0697     0.1344    34.2764    34.2732    8.09138         26 0.0000e+00
    399.000    394.490    -0.1752  28.529785    -0.1731  28.529240     4.7822     4.8920    -0.0194    97.9727 1.0000e-12  -74.17250 -113.26978  38.448190      99.94 3.8852e+01    620.572      14895  1029.4316  1029.4290     4.6477     0.0700     0.1364    34.2826    34.2795    8.08748         25 0.0000e+00
    400.000    395.478    -0.1735  28.531721    -0.1713  28.531466     4.7902     4.8938    -0.0101    97.9622 1.0000e-12  -74.17250 -113.26978  38.448202      99.93 4.0977e+01    621.658      14921  1029.4365  1029.4341     4.6471     0.0693     0.1348    34.2826    34.2798    8.08712         26 0.0000e+00
    401.000    396.465    -0.1731  28.532537    -0.1709  28.532409     4.7837     4.8872    -0.0105    97.9613 1.0000e-12  -74.17250 -113.26978  38.448214      99.92 3.8846e+01    622.732      14947  1029.4413  1029.4391     4.6471     0.0702     0.1361    34.2827    34.2800    8.08703         26 0.0000e+00
    402.000    397.455    -0.1718  28.534467    -0.1695  28.534337     4.7782     4.8892    -0.0107    97.9581 1.0000e-12  -74.17250 -113.26978  38.448227      99.94 3.8856e+01    623.773      14972  1029.4465  1029.4441     4.6470     0.0702     0.1349    34.2832    34.2804    8.08673         24 0.0000e+00
    403.000    398.441    -0.1709  28.535917    -0.1688  28.535570     4.7853     4.8932    -0.0024    97.9941 1.0000e-12  -74.17250 -113.26978  38.448239      99.94 4.0413e+01    624.814      14997  1029.4514  1029.4491     4.6487     0.0701     0.1362    34.2834    34.2806    8.08651         26 0.0000e+00
    404.000    399.429    -0.1707  28.536389    -0.1684  28.536398     4.7802     4.8919    -0.0027    97.9892 1.0000e-12  -74.17250 -113.26978  38.448251      99.93 3.9073e+01    625.869      15022  1029.4561  1029.4540     4.6485     0.0693     0.1360    34.2832    34.2807    8.08648         25 0.0000e+00
    405.000    400.416    -0.1700  28.537661    -0.1679  28.537420     4.7804     4.8848    -0.0024    97.9721 1.0000e-12  -74.17250 -113.26978  38.448263      99.93 3.8713e+01    626.946      15048  1029.4612  1029.4589     4.6476     0.0708     0.1390    34.2837    34.2809    8.08632         26 0.0000e+00
    406.000    401.405    -0.1687  28.539445    -0.1666  28.539226     4.7760     4.8840    -0.0164    97.9692 1.0000e-12  -74.17250 -113.26978  38.448276      74.21 3.9684e+01    628.043      15074  1029.4661  1029.4639     4.6475     0.0671     0.1348    34.2839    34.2813    8.08603         26 0.0000e+00
    407.000    402.391    -0.1669  28.542136    -0.1647  28.541932     4.7815     4.8897    -0.0202    97.9702 1.0000e-12  -74.17250 -113.26978  38.448288      95.06 3.9253e+01    629.116      15100  1029.4715  1029.4692     4.6475     0.0689     0.1359    34.2848    34.2821    8.08558         26 0.0000e+00
    408.000    403.380    -0.1642  28.545677    -0.1618  28.545605     4.7827     4.8896    -0.0115    97.9675 1.0000e-12  -74.17250 -113.26978  38.448301      99.95 3.8710e+01    630.172      15125  1029.4770  1029.4746     4.6474     0.0704     0.1358    34.2860    34.2832    8.08496         25 0.0000e+00
    409.000    404.368    -0.1617  28.549059    -0.1594  28.548874     4.7751     4.8828    -0.0158    97.9484 1.0000e-12  -74.17250 -113.26978  38.448313      99.93 4.0357e+01    631.271      15151  1029.4825  1029.4800     4.6465     0.0697     0.1350    34.2871    34.2842    8.08437         28 0.0000e+00
    410.000    405.354    -0.1589  28.552771    -0.1568  28.552312     4.7813     4.8804    -0.0117    97.9387 1.0000e-12  -74.17250 -113.26978  38.448326      99.93 3.9942e+01    632.378      15178  1029.4880  1029.4855     4.6460     0.0695     0.1352    34.2883    34.2853    8.08371         26 0.0000e+00
    411.000    406.343    -0.1588  28.553168    -0.1556  28.554036     4.7787     4.8802    -0.0098    97.9468 1.0000e-12  -74.17250 -113.26978  38.448338      99.93 3.9149e+01    633.440      15204  1029.4927  1029.4904     4.6464     0.0695     0.1352    34.2881    34.2856    8.08370         25 0.0000e+00
    412.000    407.330    -0.1542  28.559294    -0.1510  28.559997     4.7722     4.8814    -0.0033    97.9336 1.0000e-12  -74.17250 -113.26978  38.448351      99.93 4.0329e+01    634.496      15229  1029.4989  1029.4966     4.6458     0.0717     0.1387    34.2904    34.2878    8.08258         25 0.0000e+00
    413.000    408.318    -0.1504  28.563808    -0.1490  28.562589     4.7730     4.8730    -0.0086    97.9406 1.0000e-12  -74.17250 -113.26978  38.448363      99.94 4.0003e+01    635.565      15255  1029.5043  1029.5017     4.6461     0.0695     0.1368    34.2916    34.2884    8.08172         26 0.0000e+00
    414.000    409.306    -0.1458  28.569425    -0.1436  28.569165     4.7703     4.8738    -0.0039    97.9397 1.0000e-12  -74.17250 -113.26977  38.448375      99.93 3.8775e+01    636.632      15280  1029.5101  1029.5077     4.6461     0.0698     0.1379    34.2933    34.2905    8.08064         25 0.0000e+00
    415.000    410.293    -0.1440  28.572158    -0.1418  28.571985     4.7677     4.8768    -0.0088    97.9318 1.0000e-12  -74.17250 -113.26977  38.448388      99.93 3.9765e+01    637.711      15306  1029.5156  1029.5132     4.6457     0.0690     0.1362    34.2944    34.2916    8.08021         27 0.0000e+00
