ocean_section_plots/required_files/ctd/dnbp2202_ctd134.cnv
* Sea-Bird SBE 9 Data File:
* FileName = D:\Data\raw\NBP2202_CTD134.hex
* Software Version Seasave V 7.26.7.121
* Temperature SN = 1649
* Conductivity SN = 2513
* Number of Bytes Per Scan = 40
* Number of Voltage Words = 5
* Number of Scans Averaged by the Deck Unit = 1
* NMEA Latitude = 74 00.16 S
* NMEA Longitude = 112 31.41 W
* NMEA UTC (Time) = Jan 28 2022  06:35:26
* NMEA baud rate = 9600
** Ship: RVIB N.B. Palmer
** Cruise: NBP2202 Thwaites
** Station: 63
** Operator: B. Bjork
# nquan = 25
# nvalues = 781                         
# units = specified
# name 0 = prDM: Pressure, Digiquartz [db]
# name 1 = depSM: Depth [salt water, m]
# name 2 = t090C: Temperature [ITS-90, deg C]
# name 3 = c0mS/cm: Conductivity [mS/cm]
# name 4 = t190C: Temperature, 2 [ITS-90, deg C]
# name 5 = c1mS/cm: Conductivity, 2 [mS/cm]
# name 6 = sbeox0ML/L: Oxygen, SBE 43 [ml/l]
# name 7 = sbeox1ML/L: Oxygen, SBE 43, 2 [ml/l]
# name 8 = flECO-AFL: Fluorescence, WET Labs ECO-AFL/FL [mg/m^3]
# name 9 = CStarTr0: Beam Transmission, WET Labs C-Star [%]
# name 10 = par: PAR/Irradiance, Biospherical/Licor
# name 11 = latitude: Latitude [deg]
# name 12 = longitude: Longitude [deg]
# name 13 = timeJ: Julian Days
# name 14 = altM: Altimeter [m]
# name 15 = spar: SPAR, Biospherical/Licor
# name 16 = timeS: Time, Elapsed [seconds]
# name 17 = scan: Scan Count
# name 18 = density00: Density [density, kg/m^3]
# name 19 = density11: Density, 2 [density, kg/m^3]
# name 20 = sal00: Salinity, Practical [PSU]
# name 21 = sal11: Salinity, Practical, 2 [PSU]
# name 22 = oxsolML/L: Oxygen Saturation, Garcia & Gordon [ml/l]
# name 23 = nbin: number of scans per bin
# name 24 = flag: flag
# span 0 =      2.000,    782.000       
# span 1 =      1.997,    772.462       
# span 2 =    -1.4723,     0.4093       
# span 3 =  27.091396,  29.368555       
# span 4 =    -1.4732,     0.4114       
# span 5 =  27.091256,  29.368479       
# span 6 =     4.6397,     9.2362       
# span 7 =     4.7191,     9.4709       
# span 8 =    -0.0157,    29.4355       
# span 9 =    64.8143,    94.2635       
# span 10 = -7.814e-05, 8.9457e+00      
# span 11 =  -74.00282,  -74.00282      
# span 12 = -112.52360, -112.52356      
# span 13 =  28.275748,  28.286604      
# span 14 =       5.43,     104.11      
# span 15 = 3.1173e+01, 3.8854e+01      
# span 16 =     98.610,   1036.605      
# span 17 =       2368,      24880      
# span 18 =  1027.1903,  1031.3749      
# span 19 =  1027.1931,  1031.3726      
# span 20 =    33.8167,    34.5106      
# span 21 =    33.8200,    34.5080      
# span 22 =    7.95258,    8.38763      
# span 23 =          1,         47      
# span 24 = 0.0000e+00, 0.0000e+00      
# interval = decibars: 1                
# start_time = Jan 28 2022 06:35:26 [NMEA time, header]
# bad_flag = -9.990e-29
*END*
[from data line 290]
    292.000    288.776    -0.9463  27.743139    -0.9463  27.743321     5.6757     5.7947     0.1313    93.9444 1.0000e-12  -74.00282 -112.52356  28.280111      99.78 3.8713e+01    475.573      11415  1028.8679  1028.8681    34.1593    34.1595    8.26095         25 0.0000e+00
    293.000    289.764    -0.9599  27.734158    -0.9614  27.730917     5.6612     5.7773     0.1169    93.8667 1.0000e-12  -74.00282 -112.52356  28.280123      99.79 3.6965e+01    476.617      11440  1028.8756  1028.8735    34.1619    34.1592    8.26379         25 0.0000e+00
    294.000    290.753    -0.9262  27.764713    -0.9236  27.764759     5.6446     5.7509     0.1373    93.9188 1.0000e-12  -74.00282 -112.52356  28.280135      99.78 3.8789e+01    477.649      11465  1028.8798  1028.8774    34.1645    34.1617    8.25622         24 0.0000e+00
    295.000    291.742    -0.9046  27.784588    -0.9037  27.784025     5.6526     5.7576     0.1257    93.9218 1.0000e-12  -74.00282 -112.52356  28.280147      99.78 3.8712e+01    478.680      11489  1028.8846  1028.8830    34.1665    34.1647    8.25137         25 0.0000e+00
    296.000    292.729    -0.9145  27.777745    -0.9137  27.777432     5.7035     5.8090     0.1064    93.9476 1.0000e-12  -74.00282 -112.52356  28.280158      99.78 3.7240e+01    479.688      11514  1028.8912  1028.8901    34.1678    34.1665    8.25347         24 0.0000e+00
    297.000    293.717    -0.9303  27.763624    -0.9324  27.761983     5.7609     5.8671     0.1176    93.9178 1.0000e-12  -74.00282 -112.52356  28.280170      99.79 3.7862e+01    480.701      11538  1028.8956  1028.8959    34.1659    34.1660    8.25705         25 0.0000e+00
    298.000    294.706    -1.0009  27.703294    -1.0007  27.704135     5.7903     5.8976     0.1287    93.9176 1.0000e-12  -74.00282 -112.52356  28.280182      99.78 3.8075e+01    481.734      11563  1028.9034  1028.9042    34.1633    34.1642    8.27272         25 0.0000e+00
    299.000    295.694    -1.0196  27.689362    -1.0187  27.689031     5.7882     5.8936     0.1315    93.9324 1.0000e-12  -74.00282 -112.52356  28.280194      99.78 3.6885e+01    482.761      11587  1028.9105  1028.9093    34.1649    34.1634    8.27674         24 0.0000e+00
    300.000    296.682    -1.0147  27.694435    -1.0137  27.694168     5.7974     5.8957     0.1315    93.9476 1.0000e-12  -74.00282 -112.52356  28.280206      78.38 3.7754e+01    483.769      11611  1028.9152  1028.9140    34.1657    34.1642    8.27562         24 0.0000e+00
    301.000    297.670    -1.0093  27.700029    -1.0086  27.699464     5.8122     5.9150     0.1424    93.9364 1.0000e-12  -74.00282 -112.52356  28.280217      93.92 3.8639e+01    484.761      11635  1028.9200  1028.9187    34.1665    34.1649    8.27438         23 0.0000e+00
    302.000    298.659    -1.0250  27.686412    -1.0256  27.685736     5.8283     5.9318     0.1763    93.8266 1.0000e-12  -74.00282 -112.52356  28.280228      99.04 3.7749e+01    485.737      11659  1028.9247  1028.9245    34.1652    34.1649    8.27792         24 0.0000e+00
    303.000    299.647    -1.0500  27.666468    -1.0500  27.665797     5.8422     5.9465     0.1981    93.9469 1.0000e-12  -74.00282 -112.52356  28.280240      99.79 3.8363e+01    486.754      11683  1028.9316  1028.9308    34.1658    34.1649    8.28341         25 0.0000e+00
    304.000    300.635    -1.0599  27.658258    -1.0598  27.657822     5.8431     5.9543     0.1202    93.8912 1.0000e-12  -74.00282 -112.52356  28.280253      99.78 3.8524e+01    487.847      11709  1028.9362  1028.9356    34.1652    34.1645    8.28562         27 0.0000e+00
    305.000    301.623    -1.0678  27.652435    -1.0668  27.652519     5.8220     5.9409     0.1422    93.8994 1.0000e-12  -74.00282 -112.52356  28.280265      99.78 3.7891e+01    488.915      11735  1028.9416  1028.9407    34.1656    34.1645    8.28734         24 0.0000e+00
    306.000    302.613    -1.0644  27.657514    -1.0642  27.656392     5.8084     5.9359     0.1607    93.9608 1.0000e-12  -74.00282 -112.52356  28.280276      99.79 3.7863e+01    489.887      11758  1028.9478  1028.9464    34.1681    34.1663    8.28644         23 0.0000e+00
    307.000    303.598    -1.0463  27.674729    -1.0454  27.674308     5.8023     5.9277     0.1377    93.9549 1.0000e-12  -74.00282 -112.52356  28.280287      99.78 3.8545e+01    490.816      11781  1028.9530  1028.9516    34.1704    34.1688    8.28232         22 0.0000e+00
    308.000    304.589    -1.0432  27.678078    -1.0423  27.677807     5.7902     5.9207     0.1382    93.9641 1.0000e-12  -74.00282 -112.52356  28.280299      99.78 3.8378e+01    491.805      11804  1028.9577  1028.9565    34.1708    34.1694    8.28161         26 0.0000e+00
    309.000    305.575    -1.0421  27.680392    -1.0411  27.680039     5.7873     5.9117     0.1258    93.9454 1.0000e-12  -74.00282 -112.52357  28.280312      99.79 3.7676e+01    492.914      11831  1028.9633  1028.9620    34.1721    34.1704    8.28128         27 0.0000e+00
    310.000    306.566    -1.0290  27.694009    -1.0276  27.693447     5.7733     5.8984     0.1304    93.9544 1.0000e-12  -74.00282 -112.52357  28.280324      99.78 3.8591e+01    494.034      11858  1028.9695  1028.9675    34.1752    34.1728    8.27822         26 0.0000e+00
    311.000    307.553    -1.0277  27.695248    -1.0295  27.693103     5.7782     5.8959     0.1109    93.9624 1.0000e-12  -74.00282 -112.52358  28.280336      99.79 3.8243e+01    495.052      11882  1028.9738  1028.9733    34.1747    34.1739    8.27795         23 0.0000e+00
    312.000    308.540    -1.0277  27.697111    -1.0264  27.696625     5.8179     5.9338     0.1429    93.9778 1.0000e-12  -74.00282 -112.52357  28.280347      99.78 3.7565e+01    495.989      11905  1028.9801  1028.9784    34.1767    34.1746    8.27784         23 0.0000e+00
    313.000    309.528    -1.0511  27.675831    -1.0493  27.677353     5.8321     5.9546     0.1309    93.8876 1.0000e-12  -74.00282 -112.52357  28.280358      95.22 3.8538e+01    496.955      11928  1028.9841  1028.9841    34.1736    34.1736    8.28318         24 0.0000e+00
    314.000    310.518    -1.0865  27.645978    -1.0867  27.645674     5.8090     5.9366     0.1257    93.8988 1.0000e-12  -74.00282 -112.52358  28.280370      91.18 3.8571e+01    497.981      11953  1028.9905  1028.9904    34.1725    34.1723    8.29107         25 0.0000e+00
    315.000    311.505    -1.0873  27.648092    -1.0861  27.647007     5.7809     5.9090     0.1256    93.9617 1.0000e-12  -74.00282 -112.52358  28.280382      98.70 3.7396e+01    499.021      11978  1028.9977  1028.9953    34.1757    34.1729    8.29106         25 0.0000e+00
    316.000    312.494    -1.0284  27.702003    -1.0275  27.700484     5.7647     5.8872     0.1175    94.0169 1.0000e-12  -74.00282 -112.52358  28.280394      99.77 3.8768e+01    500.072      12003  1029.0027  1029.0002    34.1816    34.1785    8.27770         25 0.0000e+00
    317.000    313.481    -1.0205  27.709346    -1.0192  27.709189     5.7410     5.8709     0.1311    93.9912 1.0000e-12  -74.00282 -112.52358  28.280407      99.79 3.8313e+01    501.136      12028  1029.0074  1029.0060    34.1821    34.1804    8.27594         26 0.0000e+00
    318.000    314.469    -1.0155  27.714943    -1.0097  27.718716     5.7363     5.8646     0.1061    94.0139 1.0000e-12  -74.00282 -112.52358  28.280419      99.78 3.7397e+01    502.177      12053  1029.0129  1029.0113    34.1834    34.1820    8.27476         24 0.0000e+00
    319.000    315.457    -1.0045  27.725736    -1.0040  27.724700     5.7247     5.8566     0.1025    94.0262 1.0000e-12  -74.00282 -112.52358  28.280430      99.78 3.8329e+01    503.173      12077  1029.0183  1029.0166    34.1850    34.1830    8.27225         23 0.0000e+00
    320.000    316.445    -0.9939  27.736465    -0.9928  27.736203     5.7247     5.8571     0.1238    93.8918 1.0000e-12  -74.00282 -112.52358  28.280441      99.78 3.8713e+01    504.141      12100  1029.0239  1029.0225    34.1870    34.1853    8.26980         23 0.0000e+00
    321.000    317.434    -0.9972  27.734762    -0.9960  27.734430     5.7173     5.8426     0.1605    93.9971 1.0000e-12  -74.00282 -112.52358  28.280453      99.79 3.7175e+01    505.117      12124  1029.0297  1029.0281    34.1877    34.1859    8.27047         25 0.0000e+00
    322.000    318.423    -0.9842  27.747302    -0.9826  27.747086     5.6925     5.8269     0.1322    93.9559 1.0000e-12  -74.00282 -112.52358  28.280465      99.78 3.8426e+01    506.163      12149  1029.0350  1029.0332    34.1895    34.1874    8.26751         25 0.0000e+00
    323.000    319.411    -0.9636  27.767997    -0.9617  27.767556     5.6687     5.8021     0.1246    93.9402 1.0000e-12  -74.00282 -112.52358  28.280477      99.78 3.8787e+01    507.242      12175  1029.0417  1029.0394    34.1936    34.1909    8.26274         26 0.0000e+00
    324.000    320.397    -0.9387  27.792121    -0.9374  27.791453     5.6494     5.7836     0.1032    93.9401 1.0000e-12  -74.00282 -112.52358  28.280489      99.78 3.7099e+01    508.268      12199  1029.0479  1029.0460    34.1976    34.1952    8.25704         24 0.0000e+00
    325.000    321.387    -0.9253  27.805164    -0.9241  27.804615     5.6400     5.7730     0.1195    93.9786 1.0000e-12  -74.00282 -112.52358  28.280501      99.78 3.7534e+01    509.269      12223  1029.0535  1029.0518    34.1995    34.1974    8.25398         24 0.0000e+00
    326.000    322.374    -0.9108  27.819115    -0.9103  27.817947     5.6240     5.7531     0.1119    94.0018 1.0000e-12  -74.00282 -112.52358  28.280513      77.55 3.8492e+01    510.282      12248  1029.0591  1029.0572    34.2014    34.1992    8.25070         25 0.0000e+00
    327.000    323.364    -0.9051  27.824883    -0.9022  27.825875     5.6074     5.7366     0.1325    94.0034 1.0000e-12  -74.00282 -112.52358  28.280524      93.84 3.7253e+01    511.303      12272  1029.0643  1029.0624    34.2021    34.2001    8.24940         24 0.0000e+00
    328.000    324.351    -0.8858  27.843365    -0.8836  27.843466     5.6078     5.7407     0.1379    94.0066 1.0000e-12  -74.00282 -112.52358  28.280536      99.78 3.8416e+01    512.312      12296  1029.0699  1029.0678    34.2047    34.2023    8.24503         24 0.0000e+00
    329.000    325.338    -0.8774  27.851948    -0.8767  27.851390     5.6197     5.7476     0.1348    94.0012 1.0000e-12  -74.00282 -112.52358  28.280548      99.79 3.8638e+01    513.322      12321  1029.0755  1029.0743    34.2062    34.2047    8.24309         24 0.0000e+00
    330.000    326.327    -0.8839  27.847867    -0.8830  27.847175     5.6219     5.7444     0.1446    93.9832 1.0000e-12  -74.00282 -112.52358  28.280560      99.79 3.7780e+01    514.354      12345  1029.0821  1029.0805    34.2074    34.2055    8.24445         25 0.0000e+00
    331.000    327.316    -0.8832  27.849625    -0.8819  27.849219     5.6162     5.7406     0.1359    94.0021 1.0000e-12  -74.00282 -112.52358  28.280572      99.79 3.8384e+01    515.410      12371  1029.0878  1029.0861    34.2084    34.2064    8.24423         26 0.0000e+00
    332.000    328.302    -0.8763  27.856374    -0.8751  27.855886     5.6105     5.7357     0.1086    93.9989 1.0000e-12  -74.00282 -112.52358  28.280584      99.79 3.8645e+01    516.470      12396  1029.0929  1029.0912    34.2092    34.2071    8.24269         25 0.0000e+00
    333.000    329.292    -0.8722  27.861073    -0.8711  27.860565     5.6110     5.7290     0.1089    93.9789 1.0000e-12  -74.00282 -112.52358  28.280596      99.78 3.7700e+01    517.469      12420  1029.0984  1029.0967    34.2103    34.2083    8.24172         23 0.0000e+00
    334.000    330.280    -0.8662  27.867531    -0.8651  27.866961     5.6079     5.7270     0.1095    93.9766 1.0000e-12  -74.00282 -112.52356  28.280607      99.78 3.8415e+01    518.436      12443  1029.1039  1029.1023    34.2116    34.2096    8.24033         24 0.0000e+00
    335.000    331.268    -0.8612  27.872996    -0.8600  27.872520     5.6059     5.7319     0.1165    93.9176 1.0000e-12  -74.00282 -112.52358  28.280618      99.78 3.8783e+01    519.436      12467  1029.1094  1029.1078    34.2128    34.2108    8.23918         24 0.0000e+00
    336.000    332.254    -0.8569  27.877524    -0.8559  27.876983     5.6081     5.7264     0.1165    93.8800 1.0000e-12  -74.00282 -112.52356  28.280630      99.79 3.8140e+01    520.472      12492  1029.1146  1029.1130    34.2134    34.2115    8.23819         25 0.0000e+00
    337.000    333.243    -0.8566  27.878206    -0.8556  27.877735     5.6089     5.7350     0.1784    93.9491 1.0000e-12  -74.00282 -112.52357  28.280643      99.78 3.7470e+01    521.549      12518  1029.1195  1029.1180    34.2134    34.2117    8.23813         28 0.0000e+00
    338.000    334.232    -0.8571  27.878111    -0.8558  27.877861     5.6200     5.7333     0.1074    93.8091 1.0000e-12  -74.00282 -112.52357  28.280657      99.78 3.8602e+01    522.737      12547  1029.1243  1029.1228    34.2132    34.2114    8.23825         28 0.0000e+00
    339.000    335.219    -0.8577  27.878184    -0.8564  27.877821     5.6104     5.7215     0.1018    93.9508 1.0000e-12  -74.00282 -112.52357  28.280669      92.43 3.8060e+01    523.775      12572  1029.1293  1029.1278    34.2134    34.2114    8.23837         22 0.0000e+00
    340.000    336.208    -0.8571  27.879329    -0.8558  27.878894     5.6076     5.7230     0.1019    93.9990 1.0000e-12  -74.00282 -112.52357  28.280680      98.49 3.7905e+01    524.753      12595  1029.1343  1029.1327    34.2136    34.2116    8.23822         26 0.0000e+00
    341.000    337.195    -0.8482  27.888479    -0.8463  27.888379     5.6140     5.7294     0.3756    93.9892 1.0000e-12  -74.00282 -112.52357  28.280693      99.79 3.8328e+01    525.879      12622  1029.1399  1029.1380    34.2154    34.2130    8.23618         27 0.0000e+00
    342.000    338.185    -0.8454  27.891119    -0.8447  27.890382     5.6084     5.7273     0.1210    94.0368 1.0000e-12  -74.00282 -112.52356  28.280706      99.78 3.8361e+01    526.976      12648  1029.1445  1029.1430    34.2152    34.2134    8.23558         25 0.0000e+00
    343.000    339.171    -0.8467  27.890835    -0.8470  27.888712     5.5727     5.7196     0.1023    94.0145 1.0000e-12  -74.00282 -112.52356  28.280718      99.79 3.7447e+01    527.997      12673  1029.1498  1029.1478    34.2156    34.2131    8.23583         25 0.0000e+00
    344.000    340.160    -0.8246  27.912711    -0.8238  27.911341     5.6186     5.7184     0.1019    94.0004 1.0000e-12  -74.00282 -112.52356  28.280730      99.78 3.8788e+01    529.108      12700  1029.1562  1029.1539    34.2196    34.2168    8.23077         28 0.0000e+00
    345.000    341.147    -0.8189  27.918442    -0.8176  27.918044     5.6047     5.7228     0.0873    94.0192 1.0000e-12  -74.00282 -112.52356  28.280744      99.78 3.8417e+01    530.250      12727  1029.1612  1029.1595    34.2203    34.2183    8.22949         25 0.0000e+00
    346.000    342.136    -0.8170  27.920487    -0.8154  27.920300     5.5733     5.7010     0.1308    94.0073 1.0000e-12  -74.00282 -112.52356  28.280755      99.78 3.6892e+01    531.242      12751  1029.1660  1029.1642    34.2203    34.2183    8.22907         25 0.0000e+00
    347.000    343.124    -0.8039  27.934826    -0.8015  27.933701     5.5416     5.6683     0.0934    94.0119 1.0000e-12  -74.00282 -112.52356  28.280768      99.79 3.8733e+01    532.381      12778  1029.1730  1029.1695    34.2242    34.2200    8.22598         29 0.0000e+00
    348.000    344.112    -0.7394  27.997742    -0.7374  27.996588     5.5071     5.6390     0.0849    94.0113 1.0000e-12  -74.00282 -112.52356  28.280782      99.79 3.8422e+01    533.532      12806  1029.1822  1029.1790    34.2358    34.2319    8.21127         25 0.0000e+00
