ocean_section_plots/required_files/ctd/dnbp2202_ctd148.cnv
* Sea-Bird SBE 9 Data File:
* FileName = D:\Data\raw\NBP2202_CTD148.hex
* Software Version Seasave V 7.26.7.121
* Temperature SN = 1649
* Conductivity SN = 2513
* Number of Bytes Per Scan = 40
* Number of Voltage Words = 5
* Number of Scans Averaged by the Deck Unit = 1
* NMEA Latitude = 74 04.55 S
* NMEA Longitude = 113 05.01 W
* NMEA UTC (Time) = Jan 30 2022  23:04:06
* NMEA baud rate = 9600
** Ship: RVIB N.B. Palmer
** Cruise: NBP2202 Thwaites
** Station: 76
** Operator: A. Robinson
# nquan = 28
# nvalues = 525                         
# units = specified
# name 0 = prDM: Pressure, Digiquartz [db]
# name 1 = depSM: Depth [salt water, m]
# name 2 = t090C: Temperature [ITS-90, deg C]
# name 3 = c0mS/cm: Conductivity [mS/cm]
# name 4 = t190C: Temperature, 2 [ITS-90, deg C]
# name 5 = c1mS/cm: Conductivity, 2 [mS/cm]
# name 6 = sbeox0ML/L: Oxygen, SBE 43 [ml/l]
# name 7 = sbeox1ML/L: Oxygen, SBE 43, 2 [ml/l]
# name 8 = flECO-AFL: Fluorescence, WET Labs ECO-AFL/FL [mg/m^3]
# name 9 = CStarTr0: Beam Transmission, WET Labs C-Star [%]
# name 10 = par: PAR/Irradiance, Biospherical/Licor
# name 11 = latitude: Latitude [deg]
# name 12 = longitude: Longitude [deg]
# name 13 = timeJ: Julian Days
# name 14 = altM: Altimeter [m]
# name 15 = spar: SPAR, Biospherical/Licor
# name 16 = timeS: Time, Elapsed [seconds]
# name 17 = scan: Scan Count
# name 18 = density00: Density [density, kg/m^3]
# name 19 = density11: Density, 2 [density, kg/m^3]
# name 20 = v3: Voltage 3
# name 21 = v4: Voltage 4
# name 22 = v5: Voltage 5
# name 23 = sal00: Salinity, Practical [PSU]
# name 24 = sal11: Salinity, Practical, 2 [PSU]
# name 25 = oxsolML/L: Oxygen Saturation, Garcia & Gordon [ml/l]
# name 26 = nbin: number of scans per bin
# name 27 = flag: flag
# span 0 =      2.000,    526.000       
# span 1 =      1.983,    519.898       
# span 2 =    -1.5243,     0.0822       
# span 3 =  27.054491,  28.879954       
# span 4 =    -1.5239,     0.0842       
# span 5 =  27.054479,  28.879608       
# span 6 =     4.7127,     9.6726       
# span 7 =     4.8071,     9.6452       
# span 8 =    -0.0212,    27.0165       
# span 9 =    67.0041,    93.4706       
# span 10 = 1.0000e-12, 3.3627e+02      
# span 11 =  -74.07596,  -74.07594      
# span 12 = -113.08362, -113.08356      
# span 13 =  30.964672,  30.974367      
# span 14 =      44.02,     107.89      
# span 15 = 7.8155e+02, 1.1435e+03      
# span 16 =    301.685,   1139.340      
# span 17 =       7241,      27345      
# span 18 =  1027.1566,  1030.0963      
# span 19 =  1027.1576,  1030.0940      
# span 20 =     3.1793,     4.4342      
# span 21 =     0.0638,     4.0933      
# span 22 =     0.1146,     0.2546      
# span 23 =    33.7726,    34.3827      
# span 24 =    33.7743,    34.3799      
# span 25 =    8.02763,    8.40195      
# span 26 =         17,         69      
# span 27 = 0.0000e+00, 0.0000e+00      
# interval = decibars: 1                
# start_time = Jan 30 2022 23:04:06 [NMEA time, header]
# bad_flag = -9.990e-29
*END*
[from data line 311]
    313.000    309.527    -0.5219  28.132614    -0.5202  28.132283     5.0453     5.1498    -0.0115    93.3847 1.0000e-12  -74.07596 -113.08362  30.969607      77.35 9.8629e+02    728.072      17475  1028.9728  1028.9708     4.4301     0.0664     0.1301    34.1932    34.1908    8.16665         29 0.0000e+00
    314.000    310.517    -0.5196  28.135543    -0.5171  28.135812     5.0388     5.1457    -0.0027    93.3779 1.0000e-12  -74.07596 -113.08360  30.969621      94.47 9.8281e+02    729.281      17504  1028.9779  1028.9759     4.4298     0.0694     0.1275    34.1939    34.1915    8.16611         29 0.0000e+00
    315.000    311.504    -0.5086  28.147232    -0.5067  28.146656     5.0297     5.1412    -0.0080    93.4108 1.0000e-12  -74.07596 -113.08360  30.969635      99.81 9.8052e+02    730.504      17533  1028.9840  1028.9816     4.4313     0.0694     0.1298    34.1966    34.1938    8.16359         29 0.0000e+00
    316.000    312.492    -0.4991  28.156686    -0.4971  28.156506     5.0159     5.1203    -0.0138    93.4062 1.0000e-12  -74.07596 -113.08360  30.969650      99.83 9.7868e+02    731.723      17562  1028.9893  1028.9871     4.4311     0.0691     0.1290    34.1981    34.1956    8.16147         29 0.0000e+00
    317.000    313.480    -0.4875  28.168428    -0.4856  28.167759     5.0058     5.1170    -0.0128    93.4088 1.0000e-12  -74.07596 -113.08360  30.969664      99.83 9.7905e+02    732.943      17592  1028.9948  1028.9923     4.4312     0.0697     0.1294    34.2001    34.1971    8.15885         30 0.0000e+00
    318.000    314.469    -0.4837  28.172472    -0.4817  28.172291     4.9954     5.1089    -0.0062    93.4191 1.0000e-12  -74.07596 -113.08360  30.969678      99.83 9.8129e+02    734.190      17622  1028.9998  1028.9977     4.4317     0.0696     0.1310    34.2007    34.1982    8.15800         30 0.0000e+00
    319.000    315.456    -0.4748  28.181511    -0.4729  28.181163     4.9881     5.1000    -0.0039    93.4134 1.0000e-12  -74.07596 -113.08360  30.969692      99.82 9.8349e+02    735.407      17651  1029.0051  1029.0030     4.4315     0.0702     0.1283    34.2022    34.1996    8.15600         29 0.0000e+00
    320.000    316.445    -0.4643  28.192304    -0.4622  28.191811     4.9872     5.0922    -0.0115    93.4256 1.0000e-12  -74.07596 -113.08360  30.969706      99.83 9.8636e+02    736.591      17679  1029.0108  1029.0083     4.4320     0.0692     0.1277    34.2042    34.2012    8.15363         28 0.0000e+00
    321.000    317.432    -0.4620  28.194928    -0.4598  28.195029     4.9896     5.0977    -0.0135    93.4242 1.0000e-12  -74.07596 -113.08360  30.969720      99.82 9.8983e+02    737.802      17708  1029.0159  1029.0138     4.4320     0.0693     0.1290    34.2046    34.2022    8.15312         30 0.0000e+00
    322.000    318.421    -0.4624  28.195407    -0.4605  28.195194     4.9866     5.0896    -0.0150    93.4217 1.0000e-12  -74.07596 -113.08360  30.969734      99.83 9.9206e+02    739.046      17738  1029.0211  1029.0191     4.4318     0.0695     0.1299    34.2050    34.2026    8.15317         30 0.0000e+00
    323.000    319.410    -0.4563  28.202187    -0.4543  28.201886     4.9748     5.0804    -0.0070    93.4267 1.0000e-12  -74.07596 -113.08360  30.969749      99.82 9.9353e+02    740.284      17768  1029.0268  1029.0246     4.4320     0.0693     0.1275    34.2066    34.2040    8.15177         29 0.0000e+00
    324.000    320.397    -0.4421  28.216901    -0.4401  28.216311     4.9691     5.0792    -0.0131    93.4018 1.0000e-12  -74.07596 -113.08360  30.969763      98.61 9.9445e+02    741.523      17798  1029.0331  1029.0305     4.4309     0.0696     0.1293    34.2099    34.2067    8.14855         30 0.0000e+00
    325.000    321.385    -0.4350  28.224047    -0.4331  28.223773     4.9644     5.0709    -0.0084    93.4215 1.0000e-12  -74.07596 -113.08360  30.969777      98.02 9.9427e+02    742.754      17827  1029.0382  1029.0361     4.4319     0.0698     0.1277    34.2108    34.2083    8.14696         29 0.0000e+00
    326.000    322.372    -0.4306  28.228917    -0.4289  28.228428     4.9583     5.0676    -0.0092    93.4205 1.0000e-12  -74.07596 -113.08360  30.969791      99.84 9.9193e+02    743.968      17856  1029.0436  1029.0414     4.4318     0.0692     0.1280    34.2118    34.2092    8.14597         29 0.0000e+00
    327.000    323.362    -0.4240  28.236021    -0.4223  28.235507     4.9538     5.0607    -0.0053    93.4122 1.0000e-12  -74.07596 -113.08360  30.969805      99.83 9.8844e+02    745.191      17886  1029.0491  1029.0469     4.4314     0.0687     0.1269    34.2132    34.2106    8.14446         30 0.0000e+00
    328.000    324.350    -0.4204  28.240094    -0.4185  28.239710     4.9480     5.0544    -0.0126    93.3888 1.0000e-12  -74.07596 -113.08360  30.969820      99.83 9.8417e+02    746.450      17916  1029.0544  1029.0522     4.4303     0.0698     0.1289    34.2141    34.2114    8.14365         31 0.0000e+00
    329.000    325.338    -0.4145  28.246407    -0.4128  28.245863     4.9388     5.0453    -0.0178    93.3707 1.0000e-12  -74.07596 -113.08360  30.969835      99.82 9.7955e+02    747.711      17946  1029.0597  1029.0576     4.4295     0.0692     0.1292    34.2152    34.2126    8.14231         29 0.0000e+00
    330.000    326.325    -0.4071  28.254013    -0.4054  28.253531     4.9322     5.0462    -0.0115    93.3727 1.0000e-12  -74.07596 -113.08360  30.969849      99.82 9.7537e+02    748.948      17976  1029.0651  1029.0629     4.4296     0.0686     0.1310    34.2165    34.2139    8.14066         30 0.0000e+00
    331.000    327.313    -0.3989  28.262903    -0.3973  28.261929     4.9097     5.0215    -0.0150    93.3868 1.0000e-12  -74.07596 -113.08360  30.969863      99.82 9.7004e+02    750.174      18005  1029.0710  1029.0684     4.4302     0.0688     0.1284    34.2185    34.2155    8.13877         29 0.0000e+00
    332.000    328.302    -0.3772  28.285951    -0.3751  28.285092     4.8871     4.9953    -0.0150    93.3692 1.0000e-12  -74.07596 -113.08360  30.969877      99.83 9.6367e+02    751.403      18035  1029.0788  1029.0758     4.4294     0.0695     0.1298    34.2244    34.2209    8.13380         30 0.0000e+00
    333.000    329.291    -0.3469  28.316770    -0.3445  28.316764     4.8806     4.9861    -0.0069    93.3699 1.0000e-12  -74.07596 -113.08360  30.969892      99.83 9.5820e+02    752.628      18064  1029.0866  1029.0842     4.4294     0.0691     0.1330    34.2310    34.2283    8.12695         29 0.0000e+00
    334.000    330.278    -0.3438  28.320248    -0.3420  28.319817     4.8793     4.9867    -0.0042    93.3619 1.0000e-12  -74.07596 -113.08360  30.969905      82.00 9.5244e+02    753.834      18093  1029.0919  1029.0896     4.4291     0.0674     0.1304    34.2316    34.2289    8.12626         29 0.0000e+00
    335.000    331.265    -0.3434  28.321028    -0.3415  28.320745     4.8784     4.9833    -0.0096    93.3514 1.0000e-12  -74.07596 -113.08360  30.969919      88.69 9.4663e+02    755.024      18122  1029.0968  1029.0947     4.4286     0.0672     0.1322    34.2316    34.2291    8.12618         29 0.0000e+00
    336.000    332.255    -0.3424  28.322401    -0.3405  28.322048     4.8765     4.9881    -0.0124    93.3539 1.0000e-12  -74.07596 -113.08360  30.969933      99.29 9.4199e+02    756.217      18150  1029.1018  1029.0996     4.4287     0.0699     0.1316    34.2316    34.2290    8.12594         28 0.0000e+00
    337.000    333.242    -0.3409  28.324270    -0.3388  28.324111     4.8760     4.9818    -0.0118    93.3130 1.0000e-12  -74.07596 -113.08360  30.969947      99.82 9.3760e+02    757.427      18179  1029.1068  1029.1046     4.4267     0.0703     0.1315    34.2319    34.2293    8.12562         30 0.0000e+00
    338.000    334.231    -0.3372  28.328371    -0.3339  28.329389     4.8699     4.9793    -0.0121    93.3126 1.0000e-12  -74.07595 -113.08360  30.969961      99.82 9.3319e+02    758.630      18208  1029.1120  1029.1098     4.4267     0.0688     0.1316    34.2325    34.2302    8.12479         28 0.0000e+00
    339.000    335.218    -0.3310  28.335021    -0.3289  28.334729     4.8678     4.9706    -0.0108    93.2985 1.0000e-12  -74.07594 -113.08360  30.969975      99.83 9.2949e+02    759.828      18237  1029.1174  1029.1152     4.4260     0.0694     0.1323    34.2339    34.2311    8.12339         26 0.0000e+00
    340.000    336.207    -0.3290  28.337528    -0.3271  28.337242     4.8681     4.9773    -0.0023    93.2970 1.0000e-12  -74.07594 -113.08360  30.969989      99.83 9.2668e+02    761.020      18265  1029.1226  1029.1205     4.4259     0.0697     0.1323    34.2344    34.2319    8.12293         29 0.0000e+00
    341.000    337.194    -0.3271  28.340366    -0.3251  28.340059     4.8654     4.9692    -0.0072    93.2828 1.0000e-12  -74.07594 -113.08360  30.970002      99.83 9.2349e+02    762.215      18294  1029.1282  1029.1259     4.4253     0.0699     0.1322    34.2354    34.2328    8.12247         29 0.0000e+00
    342.000    338.182    -0.3223  28.345585    -0.3205  28.345144     4.8681     4.9681    -0.0119    93.2846 1.0000e-12  -74.07594 -113.08360  30.970016      99.83 9.2170e+02    763.409      18323  1029.1334  1029.1312     4.4253     0.0694     0.1313    34.2364    34.2338    8.12139         29 0.0000e+00
    343.000    339.171    -0.3187  28.349880    -0.3164  28.349833     4.8690     4.9650    -0.0127    93.2758 1.0000e-12  -74.07594 -113.08360  30.970030      99.82 9.2132e+02    764.624      18352  1029.1389  1029.1366     4.4250     0.0695     0.1332    34.2375    34.2349    8.12055         29 0.0000e+00
    344.000    340.158    -0.3197  28.350736    -0.3176  28.350564     4.8644     4.9706    -0.0076    93.2656 1.0000e-12  -74.07594 -113.08360  30.970044      99.83 9.1995e+02    765.826      18381  1029.1452  1029.1429     4.4245     0.0696     0.1341    34.2392    34.2365    8.12068         28 0.0000e+00
    345.000    341.146    -0.3153  28.355626    -0.3132  28.355329     4.8677     4.9695    -0.0149    93.2561 1.0000e-12  -74.07594 -113.08360  30.970058      82.43 9.1936e+02    767.011      18409  1029.1504  1029.1481     4.4240     0.0670     0.1331    34.2401    34.2374    8.11967         29 0.0000e+00
    346.000    342.134    -0.3116  28.359684    -0.3098  28.359279     4.8727     4.9706    -0.0131    93.2722 1.0000e-12  -74.07594 -113.08360  30.970072      95.61 9.1882e+02    768.217      18438  1029.1555  1029.1533     4.4248     0.0692     0.1344    34.2408    34.2382    8.11885         30 0.0000e+00
    347.000    343.124    -0.3140  28.358523    -0.3121  28.358308     4.8643     4.9704    -0.0201    93.2544 1.0000e-12  -74.07594 -113.08360  30.970086      99.83 9.1931e+02    769.459      18468  1029.1610  1029.1589     4.4240     0.0695     0.1339    34.2413    34.2389    8.11933         29 0.0000e+00
    348.000    344.110    -0.3107  28.363450    -0.3091  28.362556     4.8547     4.9620    -0.0030    93.2551 1.0000e-12  -74.07594 -113.08362  30.970101      99.83 9.2058e+02    770.691      18498  1029.1673  1029.1648     4.4240     0.0695     0.1323    34.2436    34.2406    8.11850         30 0.0000e+00
    349.000    345.098    -0.2971  28.377774    -0.2960  28.376318     4.8393     4.9500    -0.0014    93.2553 1.0000e-12  -74.07594 -113.08362  30.970115      99.83 9.2271e+02    771.911      18527  1029.1736  1029.1710     4.4240     0.0693     0.1324    34.2468    34.2437    8.11541         29 0.0000e+00
    350.000    346.087    -0.2833  28.392313    -0.2810  28.392138     4.8343     4.9411    -0.0060    93.2366 1.0000e-12  -74.07594 -113.08362  30.970129      99.83 9.2571e+02    773.132      18556  1029.1800  1029.1776     4.4231     0.0680     0.1323    34.2502    34.2474    8.11229         29 0.0000e+00
    351.000    347.075    -0.2754  28.401123    -0.2733  28.400624     4.8315     4.9360    -0.0110    93.2447 1.0000e-12  -74.07594 -113.08362  30.970143      99.82 9.2900e+02    774.342      18585  1029.1860  1029.1835     4.4235     0.0702     0.1328    34.2524    34.2494    8.11047         29 0.0000e+00
    352.000    348.062    -0.2708  28.406329    -0.2688  28.405983     4.8303     4.9360     0.0015    93.2406 1.0000e-12  -74.07594 -113.08362  30.970157      99.83 9.3307e+02    775.556      18614  1029.1916  1029.1892     4.4233     0.0691     0.1341    34.2536    34.2509    8.10943         30 0.0000e+00
    353.000    349.050    -0.2690  28.408554    -0.2671  28.408245     4.8270     4.9371    -0.0024    93.2289 1.0000e-12  -74.07594 -113.08362  30.970171      99.83 9.3715e+02    776.769      18643  1029.1966  1029.1944     4.4228     0.0695     0.1354    34.2539    34.2514    8.10902         28 0.0000e+00
    354.000    350.039    -0.2683  28.409792    -0.2663  28.409509     4.8271     4.9321     0.0010    93.2234 1.0000e-12  -74.07594 -113.08362  30.970185      99.82 9.4146e+02    777.970      18672  1029.2016  1029.1994     4.4225     0.0695     0.1359    34.2542    34.2516    8.10886         30 0.0000e+00
    355.000    351.026    -0.2674  28.411495    -0.2653  28.411461     4.8264     4.9261    -0.0084    93.2115 1.0000e-12  -74.07594 -113.08362  30.970199      99.82 9.4675e+02    779.177      18701  1029.2069  1029.2048     4.4219     0.0697     0.1375    34.2549    34.2524    8.10863         28 0.0000e+00
    356.000    352.014    -0.2620  28.417607    -0.2601  28.417161     4.8232     4.9222     0.0044    93.2092 1.0000e-12  -74.07594 -113.08362  30.970213      84.98 9.5235e+02    780.381      18730  1029.2125  1029.2102     4.4218     0.0664     0.1342    34.2563    34.2536    8.10740         29 0.0000e+00
    357.000    353.002    -0.2571  28.423082    -0.2551  28.422716     4.8194     4.9124    -0.0034    93.1907 1.0000e-12  -74.07594 -113.08362  30.970227      99.30 9.5691e+02    781.574      18759  1029.2179  1029.2156     4.4209     0.0705     0.1360    34.2576    34.2549    8.10629         29 0.0000e+00
    358.000    353.990    -0.2529  28.427918    -0.2507  28.427792     4.8197     4.9183    -0.0179    93.2019 1.0000e-12  -74.07594 -113.08362  30.970241      99.82 9.6386e+02    782.779      18788  1029.2233  1029.2211     4.4214     0.0698     0.1367    34.2587    34.2561    8.10533         29 0.0000e+00
    359.000    354.978    -0.2485  28.433296    -0.2466  28.432956     4.8202     4.9221    -0.0161    93.1811 1.0000e-12  -74.07594 -113.08362  30.970254      99.83 9.6996e+02    783.980      18817  1029.2291  1029.2269     4.4204     0.0702     0.1378    34.2603    34.2577    8.10430         28 0.0000e+00
    360.000    355.966    -0.2479  28.434393    -0.2459  28.434199     4.8152     4.9203    -0.0125    93.1458 1.0000e-12  -74.07594 -113.08362  30.970268      99.82 9.7681e+02    785.176      18845  1029.2341  1029.2319     4.4188     0.0692     0.1374    34.2605    34.2580    8.10417         29 0.0000e+00
    361.000    356.954    -0.2463  28.436526    -0.2444  28.436158     4.8156     4.9136    -0.0183    93.1754 1.0000e-12  -74.07594 -113.08362  30.970282      99.82 9.8341e+02    786.400      18875  1029.2391  1029.2369     4.4202     0.0690     0.1370    34.2609    34.2583    8.10379         28 0.0000e+00
    362.000    357.942    -0.2447  28.438649    -0.2428  28.438386     4.8157     4.9200    -0.0186    93.1621 1.0000e-12  -74.07594 -113.08362  30.970297      99.82 9.8927e+02    787.622      18904  1029.2441  1029.2420     4.4196     0.0695     0.1365    34.2614    34.2589    8.10343         29 0.0000e+00
    363.000    358.931    -0.2438  28.440043    -0.2421  28.439432     4.8169     4.9212    -0.0079    93.1532 1.0000e-12  -74.07594 -113.08362  30.970310      99.83 9.9498e+02    788.811      18932  1029.2491  1029.2468     4.4191     0.0699     0.1354    34.2616    34.2589    8.10322         26 0.0000e+00
