ocean_section_plots/required_files/ctd/dnbp2202_ctd121.cnv
* Sea-Bird SBE 9 Data File:
* FileName = D:\Data\raw\NBP2202_CTD121.hex
* Software Version Seasave V 7.26.7.121
* Temperature SN = 1649
* Conductivity SN = 2513
* Number of Bytes Per Scan = 40
* Number of Voltage Words = 5
* Number of Scans Averaged by the Deck Unit = 1
* NMEA Latitude = 74 10.52 S
* NMEA Longitude = 113 20.65 W
* NMEA UTC (Time) = Jan 27 2022  11:04:23
* NMEA baud rate = 9600
** Ship: RVIB N.B. Palmer
** Cruise: NBP2202 Thwaites
** Station: YoYo001
** Operator: B. Bjork
# nquan = 25
# nvalues = 608                         
# units = specified
# name 0 = prDM: Pressure, Digiquartz [db]
# name 1 = depSM: Depth [salt water, m]
# name 2 = t090C: Temperature [ITS-90, deg C]
# name 3 = c0mS/cm: Conductivity [mS/cm]
# name 4 = t190C: Temperature, 2 [ITS-90, deg C]
# name 5 = c1mS/cm: Conductivity, 2 [mS/cm]
# name 6 = sbeox0ML/L: Oxygen, SBE 43 [ml/l]
# name 7 = sbeox1ML/L: Oxygen, SBE 43, 2 [ml/l]
# name 8 = flECO-AFL: Fluorescence, WET Labs ECO-AFL/FL [mg/m^3]
# name 9 = CStarTr0: Beam Transmission, WET Labs C-Star [%]
# name 10 = par: PAR/Irradiance, Biospherical/Licor
# name 11 = latitude: Latitude [deg]
# name 12 = longitude: Longitude [deg]
# name 13 = timeJ: Julian Days
# name 14 = altM: Altimeter [m]
# name 15 = spar: SPAR, Biospherical/Licor
# name 16 = timeS: Time, Elapsed [seconds]
# name 17 = scan: Scan Count
# name 18 = density00: Density [density, kg/m^3]
# name 19 = density11: Density, 2 [density, kg/m^3]
# name 20 = sal00: Salinity, Practical [PSU]
# name 21 = sal11: Salinity, Practical, 2 [PSU]
# name 22 = oxsolML/L: Oxygen Saturation, Garcia & Gordon [ml/l]
# name 23 = nbin: number of scans per bin
# name 24 = flag: flag
# span 0 =     10.000,    617.000       
# span 1 =      9.894,    609.704       
# span 2 =    -1.4226,     0.0888       
# span 3 =  27.006500,  28.923510       
# span 4 =    -1.4158,     0.0890       
# span 5 =  27.012240,  28.921986       
# span 6 =     4.6850,     8.4761       
# span 7 =     4.7332,     8.5027       
# span 8 =    -0.0225,    24.4168       
# span 9 =    69.0820,    95.6056       
# span 10 = -4.987e-06, 5.2413e+00      
# span 11 =  -74.17538,  -74.17536      
# span 12 = -113.34426, -113.34422      
# span 13 =  27.461868,  27.469729      
# span 14 =       6.98,     100.35      
# span 15 = 2.4060e+02, 2.6267e+02      
# span 16 =     42.354,    721.571      
# span 17 =       1018,      17319      
# span 18 =  1027.2266,  1030.5221      
# span 19 =  1027.2249,  1030.5199      
# span 20 =    33.7943,    34.3806      
# span 21 =    33.7922,    34.3780      
# span 22 =    8.02639,    8.38637      
# span 23 =         20,         46      
# span 24 = 0.0000e+00, 0.0000e+00      
# interval = decibars: 1                
# start_time = Jan 27 2022 11:04:23 [NMEA time, header]
# bad_flag = -9.990e-29
*END*
     10.000      9.894    -1.0557  27.256650    -1.0539  27.256688     8.4662     8.2892    22.1299    71.8286 5.2413e+00  -74.17536 -113.34426  27.461868      99.97 2.5914e+02     42.354       1018  1027.2266  1027.2249    33.7946    33.7926    8.30645         20 0.0000e+00
     11.000     10.886    -1.0556  27.257052    -1.0539  27.257201     8.4727     8.3162    22.5137    69.0820 3.8914e+00  -74.17536 -113.34426  27.461889      99.98 2.5914e+02     44.177       1061  1027.2312  1027.2297    33.7944    33.7927    8.30644         44 0.0000e+00
     12.000     11.875    -1.0554  27.257660    -1.0537  27.257673     8.4706     8.3496    22.9176    69.7176 2.8663e+00  -74.17536 -113.34426  27.461910      99.98 2.5914e+02     45.983       1105  1027.2360  1027.2344    33.7944    33.7925    8.30639         32 0.0000e+00
     13.000     12.865    -1.0564  27.257227    -1.0546  27.257155     8.4658     8.3787    23.6189    70.0186 2.1130e+00  -74.17536 -113.34426  27.461930      99.97 2.5914e+02     47.753       1147  1027.2408  1027.2389    33.7943    33.7922    8.30662         43 0.0000e+00
     14.000     13.854    -1.0556  27.258871    -1.0539  27.258722     8.4483     8.3989    24.1469    70.6842 1.5716e+00  -74.17536 -113.34426  27.461951      99.97 2.5914e+02     49.546       1190  1027.2461  1027.2443    33.7951    33.7929    8.30641         42 0.0000e+00
     15.000     14.845    -1.0559  27.259201    -1.0535  27.259696     8.4385     8.4214    23.2988    70.3969 1.1723e+00  -74.17536 -113.34426  27.461972      98.83 2.5914e+02     51.377       1234  1027.2510  1027.2492    33.7952    33.7932    8.30646         43 0.0000e+00
     16.000     15.834    -1.0567  27.259367    -1.0547  27.259486     8.4625     8.4617    23.6254    70.2840 8.7046e-01  -74.17536 -113.34426  27.461993     100.01 2.5914e+02     53.186       1277  1027.2563  1027.2545    33.7957    33.7937    8.30660         36 0.0000e+00
     17.000     16.823    -1.0525  27.262952    -1.0503  27.263026     8.4761     8.4956    22.7225    70.7739 6.5137e-01  -74.17536 -113.34426  27.462014      99.98 2.5914e+02     54.975       1320  1027.2604  1027.2584    33.7952    33.7929    8.30570         37 0.0000e+00
     18.000     17.813    -1.0526  27.262968    -1.0513  27.262655     8.4699     8.4927    24.1449    71.7410 4.8293e-01  -74.17536 -113.34426  27.462034      99.98 2.5914e+02     56.772       1364  1027.2649  1027.2633    33.7948    33.7928    8.30575         41 0.0000e+00
     19.000     18.802    -1.0548  27.261507    -1.0536  27.261082     8.4537     8.5027    22.3333    70.7743 3.5810e-01  -74.17536 -113.34426  27.462055      99.97 2.5946e+02     58.578       1407  1027.2697  1027.2681    33.7946    33.7927    8.30625         41 0.0000e+00
     20.000     19.792    -1.0561  27.261275    -1.0542  27.261131     8.4042     8.4837    23.1283    70.1827 2.6325e-01  -74.17536 -113.34426  27.462076      99.98 2.5946e+02     60.375       1450  1027.2750  1027.2731    33.7951    33.7928    8.30650         39 0.0000e+00
     21.000     20.783    -1.0603  27.259155    -1.0579  27.259646     8.2921     8.4149    22.9949    71.2024 1.9131e-01  -74.17536 -113.34426  27.462097      99.98 2.5954e+02     62.166       1493  1027.2811  1027.2793    33.7964    33.7943    8.30737         36 0.0000e+00
     22.000     21.771    -1.0708  27.253049    -1.0665  27.254681     8.2506     8.3635    21.4913    70.6261 1.3539e-01  -74.17536 -113.34426  27.462118      99.97 2.6041e+02     63.970       1536  1027.2888  1027.2865    33.7992    33.7967    8.30953         41 0.0000e+00
     23.000     22.761    -1.0760  27.249428    -1.0744  27.249355     8.3048     8.3784    23.4656    71.0808 9.3493e-02  -74.17536 -113.34426  27.462138      99.80 2.6025e+02     65.761       1579  1027.2941  1027.2925    33.7996    33.7976    8.31067         43 0.0000e+00
     24.000     23.750    -1.0691  27.254575    -1.0713  27.251617     8.2275     8.3610    19.6020    69.6349 6.0231e-02  -74.17536 -113.34426  27.462159      99.96 2.5980e+02     67.526       1622  1027.2973  1027.2962    33.7982    33.7966    8.30922         38 0.0000e+00
     25.000     24.739    -1.0892  27.238923    -1.0786  27.246592     8.0723     8.2293    20.6222    70.7492 3.5067e-02  -74.17536 -113.34426  27.462179      99.98 2.5966e+02     69.286       1664  1027.3038  1027.3021    33.7988    33.7974    8.31364         34 0.0000e+00
     26.000     25.729    -1.1104  27.223590    -1.1085  27.223920     8.0645     8.1842    21.2688    69.6840 1.5657e-02  -74.17536 -113.34426  27.462200      99.98 2.5950e+02     71.058       1706  1027.3116  1027.3102    33.8011    33.7994    8.31820         40 0.0000e+00
     27.000     26.718    -1.1079  27.225822    -1.1076  27.224637     8.0800     8.1751    20.4453    70.6856 1.8689e-03  -74.17536 -113.34426  27.462221      99.99 2.5984e+02     72.860       1750  1027.3157  1027.3142    33.8007    33.7988    8.31767         43 0.0000e+00
     28.000     27.709    -1.1095  27.225216    -1.1118  27.222335     8.1013     8.1864    19.9280    71.7272 -4.987e-06  -74.17536 -113.34425  27.462242      99.93 2.6067e+02     74.707       1794  1027.3208  1027.3198    33.8011    33.7997    8.31801         42 0.0000e+00
     29.000     28.697    -1.1054  27.228752    -1.1070  27.226246     8.1078     8.2127    19.5281    72.0919 1.0000e-12  -74.17536 -113.34425  27.462264      99.90 2.6091e+02     76.572       1839  1027.3248  1027.3236    33.8007    33.7990    8.31711         34 0.0000e+00
     30.000     29.687    -1.1075  27.228045    -1.1047  27.228539     8.1588     8.2508    20.2867    72.1288 1.0000e-12  -74.17536 -113.34424  27.462285      99.83 2.6091e+02     78.432       1883  1027.3303  1027.3282    33.8015    33.7990    8.31754         41 0.0000e+00
     31.000     30.677    -1.0975  27.235767    -1.0984  27.233620     8.1823     8.2719    18.2367    72.6193 1.0000e-12  -74.17536 -113.34424  27.462307      99.98 2.6146e+02     80.288       1928  1027.3334  1027.3318    33.8002    33.7982    8.31541         45 0.0000e+00
     32.000     31.667    -1.0954  27.237748    -1.0969  27.235239     8.1774     8.2899    19.8225    73.3844 1.0000e-12  -74.17536 -113.34424  27.462328      99.98 2.6177e+02     82.134       1972  1027.3378  1027.3365    33.7999    33.7982    8.31495         43 0.0000e+00
     33.000     32.655    -1.0961  27.237699    -1.0937  27.238144     8.1642     8.2838    20.3181    72.4379 1.0000e-12  -74.17536 -113.34424  27.462349      99.95 2.6153e+02     83.932       2015  1027.3427  1027.3408    33.8000    33.7978    8.31510         42 0.0000e+00
     34.000     33.645    -1.0982  27.236351    -1.0958  27.236932     8.1910     8.3036    19.0476    73.0002 1.0000e-12  -74.17536 -113.34424  27.462367      99.99 2.6201e+02     85.548       2054  1027.3475  1027.3459    33.7998    33.7979    8.31557         37 0.0000e+00
     35.000     34.635    -1.0942  27.239951    -1.0930  27.239073     8.1832     8.3091    19.8720    72.0320 1.0000e-12  -74.17536 -113.34424  27.462385      99.97 2.6164e+02     87.070       2091  1027.3519  1027.3499    33.7996    33.7971    8.31470         36 0.0000e+00
     36.000     35.624    -1.0955  27.239096    -1.0935  27.239506     8.1385     8.2637    20.7327    74.0827 1.0000e-12  -74.17536 -113.34424  27.462403      99.95 2.6153e+02     88.583       2127  1027.3566  1027.3551    33.7993    33.7976    8.31500         37 0.0000e+00
     37.000     36.613    -1.1022  27.234226    -1.1016  27.233831     8.0952     8.2283    21.4290    72.4369 1.0000e-12  -74.17536 -113.34424  27.462420      99.97 2.6138e+02     90.110       2164  1027.3620  1027.3610    33.7996    33.7984    8.31648         34 0.0000e+00
     38.000     37.603    -1.1104  27.228715    -1.1091  27.228262     8.1256     8.2492    21.6161    72.6326 1.0000e-12  -74.17536 -113.34424  27.462438      99.14 2.6174e+02     91.615       2200  1027.3682  1027.3665    33.8007    33.7986    8.31823         36 0.0000e+00
     39.000     38.592    -1.1046  27.233490    -1.1036  27.232953     8.1858     8.2908    20.2723    73.2298 1.0000e-12  -74.17536 -113.34424  27.462455      99.97 2.6189e+02     93.110       2236  1027.3721  1027.3705    33.8001    33.7982    8.31699         36 0.0000e+00
     40.000     39.583    -1.0967  27.240419    -1.0949  27.239851     8.1792     8.2608    19.4574    73.6508 1.0000e-12  -74.17536 -113.34424  27.462472      99.98 2.6208e+02     94.614       2272  1027.3763  1027.3740    33.7999    33.7972    8.31523         36 0.0000e+00
     41.000     40.572    -1.0922  27.243717    -1.0956  27.239831     8.0651     8.1831    20.3925    72.2341 1.0000e-12  -74.17536 -113.34424  27.462490      99.96 2.6208e+02     96.115       2308  1027.3799  1027.3790    33.7987    33.7973    8.31430         36 0.0000e+00
     42.000     41.560    -1.1193  27.223471    -1.1204  27.221730     8.0653     8.1969    18.4675    73.8820 1.0000e-12  -74.17536 -113.34424  27.462507      99.97 2.6228e+02     97.604       2344  1027.3883  1027.3874    33.8011    33.7999    8.32019         36 0.0000e+00
     43.000     42.551    -1.1158  27.227510    -1.1119  27.228255     8.1186     8.2428    19.7565    73.1422 1.0000e-12  -74.17536 -113.34424  27.462524      99.97 2.6233e+02     99.088       2379  1027.3935  1027.3904    33.8020    33.7986    8.31935         31 0.0000e+00
     44.000     43.540    -1.0973  27.241156    -1.0951  27.241914     8.0649     8.2040    20.6094    72.5610 1.0000e-12  -74.17536 -113.34424  27.462541      99.98 2.6257e+02    100.558       2414  1027.3947  1027.3936    33.7991    33.7978    8.31541         36 0.0000e+00
     45.000     44.530    -1.1181  27.225920    -1.1152  27.226789     8.0207     8.1724    24.4168    73.3582 1.0000e-12  -74.17536 -113.34424  27.462558      99.98 2.6267e+02    102.025       2450  1027.4025  1027.4007    33.8012    33.7991    8.31991         35 0.0000e+00
     46.000     45.518    -1.1209  27.224247    -1.1183  27.224809     7.9752     8.1288    21.2622    73.7241 1.0000e-12  -74.17536 -113.34424  27.462575      99.98 2.6267e+02    103.493       2485  1027.4076  1027.4057    33.8014    33.7992    8.32052         35 0.0000e+00
     47.000     46.509    -1.1263  27.220036    -1.1218  27.222996     7.9309     8.0679    20.6334    72.8534 1.0000e-12  -74.17536 -113.34424  27.462592      99.82 2.6267e+02    104.954       2520  1027.4125  1027.4114    33.8012    33.8001    8.32174         35 0.0000e+00
     48.000     47.497    -1.1378  27.212440    -1.1381  27.210543     7.9112     8.0381    18.8917    72.0756 1.0000e-12  -74.17536 -113.34424  27.462609      99.98 2.6267e+02    106.426       2555  1027.4195  1027.4177    33.8031    33.8009    8.32419         36 0.0000e+00
     49.000     48.487    -1.1382  27.211994    -1.1377  27.211192     7.8638     7.9886    19.2784    73.3696 1.0000e-12  -74.17536 -113.34424  27.462626      99.98 2.6267e+02    107.919       2591  1027.4235  1027.4222    33.8022    33.8006    8.32431         36 0.0000e+00
     50.000     49.477    -1.1466  27.206112    -1.1470  27.204596     7.8177     7.9379    18.3440    73.5713 1.0000e-12  -74.17536 -113.34424  27.462644      99.98 2.6267e+02    109.413       2627  1027.4294  1027.4281    33.8031    33.8014    8.32613         33 0.0000e+00
     51.000     50.466    -1.1551  27.199986    -1.1569  27.197407     7.7660     7.8760    18.2580    73.1441 1.0000e-12  -74.17536 -113.34424  27.462661      99.87 2.6267e+02    110.884       2662  1027.4351  1027.4341    33.8037    33.8022    8.32799         35 0.0000e+00
     52.000     51.455    -1.1645  27.193098    -1.1647  27.191805     7.7068     7.8018    19.8532    72.9760 1.0000e-12  -74.17536 -113.34424  27.462678      99.90 2.6267e+02    112.353       2697  1027.4408  1027.4395    33.8042    33.8027    8.33005         35 0.0000e+00
     53.000     52.445    -1.1711  27.187893    -1.1809  27.179096     7.5735     7.7060    18.8147    73.1604 1.0000e-12  -74.17536 -113.34424  27.462695      99.95 2.6267e+02    113.832       2733  1027.4456  1027.4454    33.8040    33.8030    8.33154         36 0.0000e+00
     54.000     53.434    -1.1968  27.168141    -1.1998  27.164303     7.3956     7.5981    17.5612    74.2771 1.0000e-12  -74.17536 -113.34424  27.462712      99.90 2.6267e+02    115.314       2769  1027.4529  1027.4515    33.8053    33.8034    8.33719         36 0.0000e+00
     55.000     54.424    -1.2317  27.140890    -1.2169  27.152155     7.2888     7.4976    16.2062    73.0718 1.0000e-12  -74.17536 -113.34424  27.462729      96.93 2.6267e+02    116.795       2804  1027.4607  1027.4587    33.8067    33.8054    8.34488         33 0.0000e+00
     56.000     55.413    -1.2551  27.122650    -1.2503  27.125819     7.3340     7.5129    17.0872    74.3020 1.0000e-12  -74.17536 -113.34424  27.462746      99.76 2.6267e+02    118.253       2839  1027.4673  1027.4662    33.8076    33.8065    8.35008         35 0.0000e+00
     57.000     56.402    -1.2423  27.134663    -1.2312  27.141546     7.3571     7.5108    15.6855    75.7406 1.0000e-12  -74.17536 -113.34424  27.462763      99.56 2.6267e+02    119.705       2874  1027.4719  1027.4688    33.8089    33.8058    8.34713         35 0.0000e+00
     58.000     57.392    -1.2335  27.140374    -1.2296  27.144004     7.2446     7.4072    13.6656    75.8171 1.0000e-12  -74.17536 -113.34424  27.462780      99.60 2.6267e+02    121.177       2909  1027.4738  1027.4740    33.8062    33.8067    8.34533         35 0.0000e+00
     59.000     58.381    -1.2584  27.122950    -1.2525  27.126279     7.1033     7.2651    13.7289    76.4696 1.0000e-12  -74.17536 -113.34424  27.462797      99.65 2.6267e+02    122.662       2945  1027.4828  1027.4808    33.8097    33.8076    8.35067         36 0.0000e+00
     60.000     59.370    -1.2865  27.102084    -1.2802  27.106691     7.0307     7.1746    13.3273    77.5643 1.0000e-12  -74.17536 -113.34424  27.462814      99.75 2.6267e+02    124.126       2980  1027.4910  1027.4901    33.8123    33.8114    8.35682         35 0.0000e+00
     61.000     60.361    -1.2915  27.099077    -1.2908  27.098703     7.0324     7.1615    14.0124    76.6182 1.0000e-12  -74.17536 -113.34424  27.462831      99.47 2.6267e+02    125.560       3014  1027.4966  1027.4955    33.8132    33.8118    8.35789         33 0.0000e+00
     62.000     61.348    -1.2936  27.097598    -1.2919  27.097681     7.0616     7.1780    14.2698    76.8376 1.0000e-12  -74.17536 -113.34424  27.462847      99.61 2.6267e+02    126.943       3048  1027.5009  1027.4994    33.8129    33.8111    8.35837         34 0.0000e+00
     63.000     62.338    -1.2914  27.100000    -1.2901  27.099447     7.0730     7.1747    12.1353    77.6170 1.0000e-12  -74.17536 -113.34424  27.462862      99.44 2.6267e+02    128.298       3080  1027.5055  1027.5037    33.8131    33.8109    8.35786         32 0.0000e+00
     64.000     63.328    -1.2886  27.102516    -1.2857  27.103493     6.9690     7.0849    11.3524    78.5532 1.0000e-12  -74.17536 -113.34424  27.462877      99.39 2.6267e+02    129.591       3111  1027.5096  1027.5080    33.8127    33.8108    8.35725         30 0.0000e+00
     65.000     64.317    -1.2960  27.097030    -1.2949  27.097285     6.7815     6.9073    12.0404    79.7372 1.0000e-12  -74.17536 -113.34424  27.462892      99.54 2.6267e+02    130.838       3141  1027.5150  1027.5143    33.8129    33.8121    8.35890         30 0.0000e+00
     66.000     65.306    -1.3391  27.064757    -1.3375  27.065062     6.5508     6.7155    12.2765    81.0506 1.0000e-12  -74.17536 -113.34424  27.462906      99.45 2.6267e+02    132.071       3171  1027.5252  1027.5242    33.8167    33.8153    8.36833         29 0.0000e+00
