ocean_section_plots/required_files/ctd/dnbp2202_ctd172.cnv
* Sea-Bird SBE 9 Data File:
* FileName = D:\Data\raw\NBP2202_CTD172.hex
* Software Version Seasave V 7.26.7.121
* Temperature SN = 1649
* Conductivity SN = 2513
* Number of Bytes Per Scan = 40
* Number of Voltage Words = 5
* Number of Scans Averaged by the Deck Unit = 1
* NMEA Latitude = 74 08.12 S
* NMEA Longitude = 110 39.27 W
* NMEA UTC (Time) = Feb 03 2022  15:35:41
* NMEA baud rate = 9600
** Ship: RVIB N.B. Palmer
** Cruise: NBP2202 Thwaites
** Station: 94
** Operator: A. Robinson
# nquan = 28
# nvalues = 416                         
# units = specified
# name 0 = prDM: Pressure, Digiquartz [db]
# name 1 = depSM: Depth [salt water, m]
# name 2 = t090C: Temperature [ITS-90, deg C]
# name 3 = c0mS/cm: Conductivity [mS/cm]
# name 4 = t190C: Temperature, 2 [ITS-90, deg C]
# name 5 = c1mS/cm: Conductivity, 2 [mS/cm]
# name 6 = sbeox0ML/L: Oxygen, SBE 43 [ml/l]
# name 7 = sbeox1ML/L: Oxygen, SBE 43, 2 [ml/l]
# name 8 = flECO-AFL: Fluorescence, WET Labs ECO-AFL/FL [mg/m^3]
# name 9 = CStarTr0: Beam Transmission, WET Labs C-Star [%]
# name 10 = par: PAR/Irradiance, Biospherical/Licor
# name 11 = latitude: Latitude [deg]
# name 12 = longitude: Longitude [deg]
# name 13 = timeJ: Julian Days
# name 14 = altM: Altimeter [m]
# name 15 = spar: SPAR, Biospherical/Licor
# name 16 = timeS: Time, Elapsed [seconds]
# name 17 = scan: Scan Count
# name 18 = density00: Density [density, kg/m^3]
# name 19 = density11: Density, 2 [density, kg/m^3]
# name 20 = v3: Voltage 3
# name 21 = v4: Voltage 4
# name 22 = v5: Voltage 5
# name 23 = sal00: Salinity, Practical [PSU]
# name 24 = sal11: Salinity, Practical, 2 [PSU]
# name 25 = oxsolML/L: Oxygen Saturation, Garcia & Gordon [ml/l]
# name 26 = nbin: number of scans per bin
# name 27 = flag: flag
# span 0 =      2.000,    417.000       
# span 1 =      1.987,    412.269       
# span 2 =    -1.4382,    -0.9347       
# span 3 =  26.987128,  27.817351       
# span 4 =    -1.4366,    -0.9330       
# span 5 =  26.987679,  27.816640       
# span 6 =     5.6979,     6.9969       
# span 7 =     5.8129,     6.8890       
# span 8 =    -0.0230,     8.1145       
# span 9 =    85.1194,    98.8694       
# span 10 = 1.0000e-12, 1.0681e+02      
# span 11 =  -74.13544,  -74.13498      
# span 12 = -110.65456, -110.65195      
# span 13 =  34.652648,  34.659786      
# span 14 =       5.10,     100.04      
# span 15 = 1.7626e+03, 1.7868e+03      
# span 16 =    247.772,    864.500      
# span 17 =       5948,      20749      
# span 18 =  1027.1801,  1029.4705      
# span 19 =  1027.1784,  1029.4681      
# span 20 =     4.0384,     4.6902      
# span 21 =     0.0636,     1.1724      
# span 22 =     0.1201,     0.1652      
# span 23 =    33.7694,    34.1706      
# span 24 =    33.7680,    34.1677      
# span 25 =    8.25773,    8.38746      
# span 26 =         17,         48      
# span 27 = 0.0000e+00, 0.0000e+00      
# interval = decibars: 1                
# start_time = Feb 03 2022 15:35:41 [NMEA time, header]
# bad_flag = -9.990e-29
*END*
[from data line 208]
    210.000    207.721    -1.2866  27.328127    -1.2846  27.327959     5.8299     5.9620    -0.0004    98.6915 1.0000e-12  -74.13544 -110.65454  34.656134      99.97 1.7727e+03    548.979      13177  1028.3845  1028.3824     4.6818     0.0747     0.1260    34.0292    34.0268    8.34398         28 0.0000e+00
    211.000    208.711    -1.2858  27.329268    -1.2841  27.328996     5.8282     5.9657    -0.0004    98.6888 1.0000e-12  -74.13544 -110.65454  34.656147      99.97 1.7725e+03    550.139      13204  1028.3892  1028.3874     4.6816     0.0725     0.1266    34.0293    34.0270    8.34380         28 0.0000e+00
    212.000    209.698    -1.2859  27.329771    -1.2843  27.329258     5.8369     5.9630    -0.0007    98.6871 1.0000e-12  -74.13544 -110.65454  34.656161      99.98 1.7735e+03    551.292      13232  1028.3942  1028.3921     4.6815     0.0717     0.1260    34.0295    34.0270    8.34381         27 0.0000e+00
    213.000    210.688    -1.2836  27.332308    -1.2814  27.332421     5.8368     5.9530     0.0028    98.6767 1.0000e-12  -74.13544 -110.65454  34.656174      99.97 1.7735e+03    552.455      13260  1028.3990  1028.3970     4.6811     0.0714     0.1237    34.0297    34.0274    8.34328         28 0.0000e+00
    214.000    211.677    -1.2826  27.333689    -1.2807  27.333646     5.8326     5.9552     0.0123    98.6722 1.0000e-12  -74.13544 -110.65454  34.656188      99.97 1.7734e+03    553.616      13288  1028.4039  1028.4021     4.6808     0.0719     0.1255    34.0298    34.0277    8.34304         28 0.0000e+00
    215.000    212.664    -1.2818  27.335043    -1.2801  27.334606     5.8340     5.9573     0.0122    98.6944 1.0000e-12  -74.13544 -110.65454  34.656201      99.98 1.7737e+03    554.777      13316  1028.4089  1028.4068     4.6819     0.0717     0.1254    34.0302    34.0277    8.34286         28 0.0000e+00
    216.000    213.654    -1.2816  27.335830    -1.2798  27.335462     5.8337     5.9570     0.0155    98.6657 1.0000e-12  -74.13544 -110.65454  34.656215      99.97 1.7735e+03    555.950      13344  1028.4139  1028.4117     4.6805     0.0732     0.1257    34.0304    34.0278    8.34279         29 0.0000e+00
    217.000    214.642    -1.2811  27.336572    -1.2790  27.336681     5.8313     5.9520     0.0070    98.6486 1.0000e-12  -74.13544 -110.65454  34.656228      99.97 1.7737e+03    557.127      13372  1028.4185  1028.4166     4.6797     0.0726     0.1256    34.0303    34.0280    8.34270         28 0.0000e+00
    218.000    215.629    -1.2773  27.341244    -1.2755  27.340996     5.8325     5.9555     0.0072    98.6700 1.0000e-12  -74.13544 -110.65454  34.656242      97.22 1.7736e+03    558.293      13400  1028.4243  1028.4222     4.6807     0.0742     0.1244    34.0318    34.0293    8.34176         28 0.0000e+00
    219.000    216.620    -1.2732  27.346203    -1.2723  27.344936     5.8307     5.9601     0.0069    98.6631 1.0000e-12  -74.13544 -110.65454  34.656255      96.51 1.7731e+03    559.463      13428  1028.4301  1028.4278     4.6804     0.0750     0.1257    34.0333    34.0305    8.34076         28 0.0000e+00
    220.000    217.607    -1.2708  27.349586    -1.2698  27.348645     5.8334     5.9600     0.0069    98.6804 1.0000e-12  -74.13544 -110.65454  34.656269      99.97 1.7733e+03    560.627      13456  1028.4358  1028.4337     4.6812     0.0715     0.1248    34.0346    34.0321    8.34014         27 0.0000e+00
    221.000    218.597    -1.2731  27.348425    -1.2715  27.348065     5.8416     5.9641     0.0017    98.6850 1.0000e-12  -74.13544 -110.65454  34.656282      99.98 1.7721e+03    561.764      13483  1028.4411  1028.4391     4.6815     0.0743     0.1270    34.0350    34.0326    8.34063         28 0.0000e+00
    222.000    219.584    -1.2735  27.348553    -1.2717  27.348451     5.8377     5.9623     0.0106    98.6823 1.0000e-12  -74.13544 -110.65454  34.656295      99.97 1.7715e+03    562.890      13510  1028.4459  1028.4441     4.6813     0.0728     0.1302    34.0349    34.0327    8.34071         26 0.0000e+00
    223.000    220.573    -1.2773  27.346114    -1.2755  27.345754     5.8387     5.9665     0.0031    98.6929 1.0000e-12  -74.13544 -110.65454  34.656308      99.97 1.7704e+03    564.006      13537  1028.4512  1028.4492     4.6818     0.0712     0.1258    34.0352    34.0327    8.34154         27 0.0000e+00
    224.000    221.564    -1.2748  27.348755    -1.2728  27.348490     5.8502     5.9783     0.0052    98.6685 1.0000e-12  -74.13544 -110.65454  34.656321      99.97 1.7692e+03    565.102      13563  1028.4560  1028.4538     4.6806     0.0714     0.1241    34.0354    34.0329    8.34097         26 0.0000e+00
    225.000    222.551    -1.2807  27.343926    -1.2797  27.343234     5.8559     5.9794     0.0012    98.6766 1.0000e-12  -74.13544 -110.65452  34.656333      99.97 1.7685e+03    566.210      13590  1028.4608  1028.4591     4.6810     0.0724     0.1259    34.0349    34.0328    8.34232         27 0.0000e+00
    226.000    223.540    -1.2808  27.347363    -1.2789  27.346905     5.8590     5.9838     0.0055    98.6938 1.0000e-12  -74.13542 -110.65454  34.656346      99.98 1.7681e+03    567.333      13617  1028.4689  1028.4666     4.6819     0.0740     0.1256    34.0391    34.0363    8.34210         27 0.0000e+00
    227.000    224.527    -1.2664  27.364826    -1.2638  27.364934     5.8572     5.9769     0.0069    98.6631 1.0000e-12  -74.13542 -110.65452  34.656360      99.97 1.7669e+03    568.475      13644  1028.4785  1028.4760     4.6804     0.0723     0.1259    34.0461    34.0433    8.33848         28 0.0000e+00
    228.000    225.516    -1.2595  27.373001    -1.2574  27.372783     5.8543     5.9799     0.0134    98.6528 1.0000e-12  -74.13542 -110.65452  34.656373      99.97 1.7665e+03    569.645      13672  1028.4850  1028.4828     4.6799     0.0714     0.1262    34.0488    34.0462    8.33677         26 0.0000e+00
    229.000    226.506    -1.2568  27.376732    -1.2552  27.376132     5.8556     5.9802     0.0171    98.7010 1.0000e-12  -74.13542 -110.65452  34.656387      94.29 1.7663e+03    570.848      13701  1028.4909  1028.4887     4.6822     0.0722     0.1253    34.0503    34.0477    8.33609         30 0.0000e+00
    230.000    227.494    -1.2555  27.378857    -1.2538  27.378395     5.8514     5.9819     0.1046    98.6843 1.0000e-12  -74.13542 -110.65452  34.656401      93.78 1.7676e+03    572.072      13731  1028.4963  1028.4942     4.6814     0.0715     0.1259    34.0511    34.0486    8.33575         29 0.0000e+00
    231.000    228.481    -1.2539  27.381126    -1.2523  27.380472     5.8526     5.9842     0.0029    98.6925 1.0000e-12  -74.13542 -110.65452  34.656416      99.87 1.7688e+03    573.300      13760  1028.5016  1028.4994     4.6818     0.0703     0.1272    34.0518    34.0491    8.33535         30 0.0000e+00
    232.000    229.471    -1.2540  27.381454    -1.2520  27.381535     5.8526     5.9796     0.0039    98.6842 1.0000e-12  -74.13542 -110.65451  34.656430      99.97 1.7689e+03    574.531      13790  1028.5063  1028.5045     4.6814     0.0719     0.1252    34.0517    34.0495    8.33537         29 0.0000e+00
    233.000    230.459    -1.2537  27.382473    -1.2520  27.382037     5.8598     5.9845    -0.0038    98.6795 1.0000e-12  -74.13542 -110.65451  34.656444      99.97 1.7691e+03    575.732      13819  1028.5115  1028.5094     4.6812     0.0711     0.1274    34.0521    34.0496    8.33528         28 0.0000e+00
    234.000    231.447    -1.2538  27.383285    -1.2523  27.383222     5.8614     5.9864    -0.0038    98.6944 1.0000e-12  -74.13542 -110.65450  34.656457      99.97 1.7694e+03    576.903      13847  1028.5169  1028.5154     4.6819     0.0739     0.1283    34.0528    34.0509    8.33527         28 0.0000e+00
    235.000    232.436    -1.2570  27.381890    -1.2549  27.381793     5.8645     5.9918    -0.0051    98.6924 1.0000e-12  -74.13542 -110.65450  34.656471      99.97 1.7699e+03    578.062      13874  1028.5228  1028.5207     4.6817     0.0716     0.1264    34.0538    34.0514    8.33592         28 0.0000e+00
    236.000    233.425    -1.2545  27.384217    -1.2529  27.383932     5.8726     6.0066    -0.0077    98.6709 1.0000e-12  -74.13542 -110.65450  34.656484      99.97 1.7697e+03    579.205      13902  1028.5272  1028.5254     4.6808     0.0717     0.1272    34.0535    34.0513    8.33537         27 0.0000e+00
    237.000    234.414    -1.2599  27.380277    -1.2582  27.380196     5.8851     6.0088    -0.0029    98.6907 1.0000e-12  -74.13542 -110.65448  34.656497      99.97 1.7699e+03    580.323      13929  1028.5325  1028.5307     4.6817     0.0710     0.1263    34.0536    34.0516    8.33657         27 0.0000e+00
    238.000    235.402    -1.2642  27.377208    -1.2626  27.376982     5.8839     6.0130    -0.0004    98.6567 1.0000e-12  -74.13542 -110.65448  34.656510      99.97 1.7699e+03    581.453      13956  1028.5376  1028.5358     4.6801     0.0705     0.1259    34.0538    34.0516    8.33753         27 0.0000e+00
    239.000    236.389    -1.2636  27.378319    -1.2616  27.378208     5.8926     6.0205    -0.0061    98.6632 1.0000e-12  -74.13542 -110.65448  34.656523      99.97 1.7699e+03    582.582      13983  1028.5426  1028.5405     4.6804     0.0716     0.1278    34.0540    34.0516    8.33739         27 0.0000e+00
    240.000    237.378    -1.2682  27.374789    -1.2680  27.373477     5.9276     6.0453    -0.0023    98.6739 1.0000e-12  -74.13542 -110.65447  34.656536      99.97 1.7699e+03    583.718      14010  1028.5474  1028.5458     4.6809     0.0703     0.1267    34.0538    34.0517    8.33843         28 0.0000e+00
    241.000    238.368    -1.2808  27.364351    -1.2794  27.364549     5.9429     6.0601    -0.0063    98.6871 1.0000e-12  -74.13542 -110.65446  34.656549      93.53 1.7699e+03    584.872      14038  1028.5526  1028.5514     4.6815     0.0702     0.1243    34.0532    34.0518    8.34128         27 0.0000e+00
    242.000    239.356    -1.2992  27.349643    -1.2961  27.350900     5.9496     6.0654     0.0048    98.7038 1.0000e-12  -74.13542 -110.65446  34.656563     100.04 1.7699e+03    586.056      14066  1028.5586  1028.5569     4.6823     0.0715     0.1240    34.0533    34.0514    8.34538         29 0.0000e+00
    243.000    240.345    -1.2969  27.352599    -1.2934  27.353708     5.9501     6.0700     0.0069    98.7001 1.0000e-12  -74.13540 -110.65446  34.656577      99.97 1.7699e+03    587.247      14095  1028.5637  1028.5615     4.6821     0.0743     0.1258    34.0541    34.0516    8.34482         29 0.0000e+00
    244.000    241.332    -1.2939  27.355770    -1.2922  27.355729     5.9555     6.0701     0.0049    98.7054 1.0000e-12  -74.13540 -110.65444  34.656591      99.97 1.7711e+03    588.459      14124  1028.5684  1028.5668     4.6824     0.0721     0.1270    34.0543    34.0524    8.34412         29 0.0000e+00
    245.000    242.321    -1.2964  27.354317    -1.2947  27.354255     5.9777     6.1003    -0.0078    98.6911 1.0000e-12  -74.13540 -110.65444  34.656605      99.97 1.7721e+03    589.672      14153  1028.5735  1028.5718     4.6817     0.0718     0.1281    34.0546    34.0526    8.34467         30 0.0000e+00
    246.000    243.310    -1.3066  27.346736    -1.3057  27.346420     5.9979     6.1303    -0.0031    98.6987 1.0000e-12  -74.13540 -110.65443  34.656619      99.97 1.7732e+03    590.876      14182  1028.5793  1028.5781     4.6821     0.0730     0.1239    34.0551    34.0537    8.34691         28 0.0000e+00
    247.000    244.298    -1.3288  27.330081    -1.3277  27.329496     5.9938     6.1283     0.0039    98.7324 1.0000e-12  -74.13540 -110.65442  34.656633      99.97 1.7735e+03    592.079      14211  1028.5869  1028.5852     4.6837     0.0730     0.1291    34.0569    34.0548    8.35178         28 0.0000e+00
    248.000    245.287    -1.3159  27.343260    -1.3144  27.342353     5.9740     6.1050    -0.0044    98.7357 1.0000e-12  -74.13540 -110.65442  34.656647      99.97 1.7749e+03    593.281      14240  1028.5929  1028.5905     4.6839     0.0722     0.1240    34.0597    34.0568    8.34873         29 0.0000e+00
    249.000    246.275    -1.2962  27.361588    -1.2947  27.360790     5.9535     6.0934     0.0006    98.7364 1.0000e-12  -74.13540 -110.65441  34.656661      99.97 1.7747e+03    594.476      14268  1028.5980  1028.5957     4.6839     0.0726     0.1221    34.0618    34.0591    8.34419         30 0.0000e+00
    250.000    247.264    -1.2892  27.368795    -1.2863  27.369368     5.9468     6.0827    -0.0032    98.7256 1.0000e-12  -74.13540 -110.65440  34.656674      99.97 1.7752e+03    595.678      14297  1028.6033  1028.6012     4.6834     0.0725     0.1263    34.0631    34.0607    8.34255         28 0.0000e+00
    251.000    248.252    -1.2787  27.378950    -1.2767  27.378715     5.9387     6.0679    -0.0024    98.7384 1.0000e-12  -74.13539 -110.65440  34.656689      99.97 1.7752e+03    596.888      14326  1028.6086  1028.6064     4.6840     0.0728     0.1221    34.0645    34.0619    8.34013         29 0.0000e+00
    252.000    249.241    -1.2779  27.380277    -1.2753  27.380883     5.9266     6.0642    -0.0004    98.7711 1.0000e-12  -74.13538 -110.65438  34.656702      98.13 1.7752e+03    598.083      14355  1028.6137  1028.6118     4.6855     0.0723     0.1233    34.0649    34.0627    8.33993         29 0.0000e+00
    253.000    250.228    -1.2730  27.385582    -1.2710  27.385229     5.9263     6.0546     0.0063    98.7852 1.0000e-12  -74.13538 -110.65438  34.656716      99.93 1.7752e+03    599.279      14384  1028.6190  1028.6167     4.6862     0.0719     0.1246    34.0659    34.0632    8.33877         29 0.0000e+00
    254.000    251.218    -1.2641  27.394042    -1.2622  27.393776     5.9182     6.0541     0.0054    98.8062 1.0000e-12  -74.13538 -110.65438  34.656730      99.97 1.7755e+03    600.463      14412  1028.6239  1028.6219     4.6872     0.0715     0.1227    34.0668    34.0643    8.33673         28 0.0000e+00
    255.000    252.206    -1.2633  27.395299    -1.2617  27.394861     5.9229     6.0499    -0.0032    98.8053 1.0000e-12  -74.13538 -110.65436  34.656743      99.97 1.7756e+03    601.638      14440  1028.6289  1028.6269     4.6871     0.0686     0.1258    34.0670    34.0645    8.33654         27 0.0000e+00
    256.000    253.195    -1.2634  27.395602    -1.2623  27.394806     5.9234     6.0541     0.0231    98.7824 1.0000e-12  -74.13538 -110.65436  34.656757      99.97 1.7771e+03    602.804      14468  1028.6338  1028.6318     4.6861     0.0717     0.1221    34.0669    34.0645    8.33658         29 0.0000e+00
    257.000    254.183    -1.2655  27.394344    -1.2637  27.394206     5.9267     6.0601    -0.0048    98.7908 1.0000e-12  -74.13538 -110.65436  34.656771      99.97 1.7760e+03    603.976      14496  1028.6387  1028.6369     4.6865     0.0711     0.1263    34.0669    34.0647    8.33704         28 0.0000e+00
    258.000    255.171    -1.2665  27.394004    -1.2657  27.392948     5.9322     6.0590    -0.0105    98.8037 1.0000e-12  -74.13536 -110.65436  34.656784      99.96 1.7763e+03    605.146      14525  1028.6437  1028.6418     4.6871     0.0717     0.1230    34.0670    34.0646    8.33725         27 0.0000e+00
    259.000    256.159    -1.2669  27.394079    -1.2651  27.393947     5.9340     6.0539    -0.0035    98.7819 1.0000e-12  -74.13536 -110.65434  34.656798      99.97 1.7766e+03    606.315      14553  1028.6485  1028.6467     4.6860     0.0710     0.1241    34.0669    34.0647    8.33735         30 0.0000e+00
