ocean_section_plots/required_files/ctd/dnbp2202_ctd075.cnv
* Sea-Bird SBE 9 Data File:
* FileName = D:\Data\raw\NBP2202_CTD075.hex
* Software Version Seasave V 7.26.7.121
* Temperature SN = 1649
* Conductivity SN = 2513
* Number of Bytes Per Scan = 40
* Number of Voltage Words = 5
* Number of Scans Averaged by the Deck Unit = 1
* NMEA Latitude = 74 10.51 S
* NMEA Longitude = 113 20.67 W
* NMEA UTC (Time) = Jan 26 2022  12:19:43
* NMEA baud rate = 9600
** Ship: RVIB N.B. Palmer
** Cruise: NBP2202 Thwaites
** Station: 56
** Operator: B Bjork
# nquan = 25
# nvalues = 615                         
# units = specified
# name 0 = prDM: Pressure, Digiquartz [db]
# name 1 = depSM: Depth [salt water, m]
# name 2 = t090C: Temperature [ITS-90, deg C]
# name 3 = c0mS/cm: Conductivity [mS/cm]
# name 4 = t190C: Temperature, 2 [ITS-90, deg C]
# name 5 = c1mS/cm: Conductivity, 2 [mS/cm]
# name 6 = sbeox0ML/L: Oxygen, SBE 43 [ml/l]
# name 7 = sbeox1ML/L: Oxygen, SBE 43, 2 [ml/l]
# name 8 = flECO-AFL: Fluorescence, WET Labs ECO-AFL/FL [mg/m^3]
# name 9 = CStarTr0: Beam Transmission, WET Labs C-Star [%]
# name 10 = par: PAR/Irradiance, Biospherical/Licor
# name 11 = latitude: Latitude [deg]
# name 12 = longitude: Longitude [deg]
# name 13 = timeJ: Julian Days
# name 14 = altM: Altimeter [m]
# name 15 = spar: SPAR, Biospherical/Licor
# name 16 = timeS: Time, Elapsed [seconds]
# name 17 = scan: Scan Count
# name 18 = density00: Density [density, kg/m^3]
# name 19 = density11: Density, 2 [density, kg/m^3]
# name 20 = sal00: Salinity, Practical [PSU]
# name 21 = sal11: Salinity, Practical, 2 [PSU]
# name 22 = oxsolML/L: Oxygen Saturation, Garcia & Gordon [ml/l]
# name 23 = nbin: number of scans per bin
# name 24 = flag: flag
# span 0 =      2.000,    616.000       
# span 1 =      1.981,    608.722       
# span 2 =    -1.5025,     0.1141       
# span 3 =  26.944614,  28.948327       
# span 4 =    -1.5036,     0.1156       
# span 5 =  26.945261,  28.947520       
# span 6 =     4.7235,     8.7225       
# span 7 =     4.8397,     8.9750       
# span 8 =    -0.0224,    27.6345       
# span 9 =    67.8339,    95.7519       
# span 10 = 1.0000e-12, 7.3059e+01      
# span 11 =  -74.17528,  -74.17526      
# span 12 = -113.34460, -113.34456      
# span 13 =  26.516643,  26.526819      
# span 14 =       3.88,     100.62      
# span 15 = 3.9665e+02, 9.8580e+02      
# span 16 =    254.969,   1134.146      
# span 17 =       6120,      27221      
# span 18 =  1027.1828,  1030.5203      
# span 19 =  1027.1862,  1030.5179      
# span 20 =    33.7897,    34.3861      
# span 21 =    33.7938,    34.3835      
# span 22 =    8.02076,    8.40450      
# span 23 =         24,         48      
# span 24 = 0.0000e+00, 0.0000e+00      
# interval = decibars: 1                
# start_time = Jan 26 2022 12:19:43 [NMEA time, header]
# bad_flag = -9.990e-29
*END*
[from data line 464]
    466.000    460.657    -0.0930  28.653753    -0.0914  28.653303     4.7937     4.9175    -0.0094    95.4419 1.0000e-12  -74.17526 -113.34459  26.523862      99.74 9.0954e+02    878.642      21088  1029.7704  1029.7684    34.3152    34.3127    8.06825         26 0.0000e+00
    467.000    461.646    -0.0911  28.656222    -0.0894  28.655884     4.7879     4.9106    -0.0052    95.4478 1.0000e-12  -74.17526 -113.34459  26.523874      99.73 8.7352e+02    879.731      21115  1029.7755  1029.7735    34.3157    34.3134    8.06782         26 0.0000e+00
    468.000    462.633    -0.0910  28.656682    -0.0895  28.656057     4.7886     4.9112    -0.0057    95.4528 1.0000e-12  -74.17526 -113.34459  26.523887      99.74 8.3320e+02    880.821      21141  1029.7802  1029.7781    34.3156    34.3131    8.06781         26 0.0000e+00
    469.000    463.620    -0.0918  28.656228    -0.0902  28.655809     4.7905     4.9132    -0.0142    95.4517 1.0000e-12  -74.17526 -113.34459  26.523899      99.74 7.9196e+02    881.899      21167  1029.7847  1029.7827    34.3153    34.3129    8.06799         26 0.0000e+00
    470.000    464.609    -0.0913  28.657311    -0.0896  28.656982     4.7868     4.9161    -0.0101    95.4636 1.0000e-12  -74.17526 -113.34459  26.523912      99.74 7.5217e+02    882.957      21192  1029.7896  1029.7876    34.3155    34.3132    8.06786         25 0.0000e+00
    471.000    465.596    -0.0903  28.658880    -0.0890  28.658007     4.7921     4.9170    -0.0049    95.4586 1.0000e-12  -74.17526 -113.34459  26.523924      99.74 7.1205e+02    884.027      21218  1029.7945  1029.7924    34.3159    34.3133    8.06763         26 0.0000e+00
    472.000    466.583    -0.0912  28.658254    -0.0888  28.658656     4.7898     4.9125    -0.0029    95.4487 1.0000e-12  -74.17526 -113.34460  26.523936      99.74 6.7336e+02    885.108      21244  1029.7991  1029.7972    34.3156    34.3134    8.06785         26 0.0000e+00
    473.000    467.570    -0.0883  28.661918    -0.0862  28.661990     4.7872     4.9135    -0.0032    95.4349 1.0000e-12  -74.17526 -113.34460  26.523949      99.74 6.3687e+02    886.184      21269  1029.8043  1029.8025    34.3165    34.3143    8.06717         26 0.0000e+00
    474.000    468.557    -0.0876  28.663259    -0.0861  28.662630     4.7870     4.9064    -0.0102    95.4478 1.0000e-12  -74.17526 -113.34460  26.523961      99.73 6.0349e+02    887.272      21296  1029.8094  1029.8073    34.3170    34.3145    8.06701         26 0.0000e+00
    475.000    469.545    -0.0879  28.663330    -0.0861  28.663072     4.7821     4.9085    -0.0083    95.4488 1.0000e-12  -74.17526 -113.34460  26.523974      83.88 5.7433e+02    888.353      21321  1029.8140  1029.8120    34.3168    34.3144    8.06708         26 0.0000e+00
    476.000    470.531    -0.0877  28.664167    -0.0855  28.664115     4.7869     4.9130    -0.0144    95.4318 1.0000e-12  -74.17526 -113.34460  26.523986      92.32 5.5038e+02    889.413      21347  1029.8189  1029.8169    34.3170    34.3146    8.06701         25 0.0000e+00
    477.000    471.520    -0.0864  28.665974    -0.0846  28.665648     4.7907     4.9143    -0.0106    95.4296 1.0000e-12  -74.17526 -113.34460  26.523998      99.51 5.3082e+02    890.463      21372  1029.8239  1029.8218    34.3174    34.3150    8.06673         25 0.0000e+00
    478.000    472.507    -0.0861  28.666737    -0.0842  28.666598     4.7858     4.9089    -0.0080    95.4339 1.0000e-12  -74.17526 -113.34460  26.524011      99.74 5.1459e+02    891.523      21398  1029.8287  1029.8267    34.3175    34.3152    8.06666         26 0.0000e+00
    479.000    473.494    -0.0854  28.667754    -0.0839  28.667398     4.7859     4.9063    -0.0033    95.4338 1.0000e-12  -74.17526 -113.34460  26.524023      99.74 5.0212e+02    892.585      21423  1029.8334  1029.8315    34.3175    34.3153    8.06652         25 0.0000e+00
    480.000    474.483    -0.0844  28.669509    -0.0829  28.668911     4.7857     4.9041    -0.0108    95.4449 1.0000e-12  -74.17526 -113.34459  26.524035      99.74 4.9185e+02    893.652      21449  1029.8385  1029.8364    34.3181    34.3156    8.06627         26 0.0000e+00
    481.000    475.470    -0.0834  28.670972    -0.0820  28.670385     4.7876     4.9072    -0.0145    95.4428 1.0000e-12  -74.17526 -113.34458  26.524048      99.74 4.8371e+02    894.738      21475  1029.8433  1029.8413    34.3183    34.3160    8.06604         26 0.0000e+00
    482.000    476.457    -0.0828  28.671987    -0.0819  28.670776     4.7893     4.9109    -0.0088    95.4518 1.0000e-12  -74.17526 -113.34458  26.524060      99.74 4.7804e+02    895.821      21501  1029.8481  1029.8460    34.3184    34.3158    8.06592         26 0.0000e+00
    483.000    477.443    -0.0800  28.675698    -0.0784  28.675227     4.7933     4.9111    -0.0100    95.4378 1.0000e-12  -74.17526 -113.34458  26.524073      99.73 4.7495e+02    896.902      21527  1029.8535  1029.8514    34.3196    34.3171    8.06526         26 0.0000e+00
    484.000    478.431    -0.0803  28.675810    -0.0785  28.675596     4.7890     4.9109    -0.0082    95.4519 1.0000e-12  -74.17526 -113.34458  26.524086      99.74 4.7264e+02    897.988      21553  1029.8582  1029.8562    34.3195    34.3172    8.06533         26 0.0000e+00
    485.000    479.419    -0.0802  28.676485    -0.0782  28.676340     4.7846     4.9135    -0.0024    95.4533 1.0000e-12  -74.17526 -113.34458  26.524098      99.74 4.7088e+02    899.053      21578  1029.8630  1029.8610    34.3196    34.3172    8.06529         25 0.0000e+00
    486.000    480.406    -0.0794  28.677652    -0.0776  28.677527     4.7874     4.9132    -0.0111    95.4716 1.0000e-12  -74.17526 -113.34458  26.524110      99.75 4.7069e+02    900.110      21604  1029.8678  1029.8659    34.3197    34.3176    8.06511         26 0.0000e+00
    487.000    481.393    -0.0794  28.677942    -0.0779  28.677646     4.7907     4.9107    -0.0171    95.4284 1.0000e-12  -74.17526 -113.34458  26.524122      99.74 4.7069e+02    901.171      21629  1029.8724  1029.8706    34.3196    34.3174    8.06514         25 0.0000e+00
    488.000    482.381    -0.0796  28.678405    -0.0781  28.677919     4.7895     4.9150    -0.0015    95.4452 1.0000e-12  -74.17526 -113.34458  26.524134      86.29 4.7069e+02    902.216      21654  1029.8773  1029.8753    34.3198    34.3174    8.06516         25 0.0000e+00
    489.000    483.368    -0.0798  28.678763    -0.0780  28.678577     4.7967     4.9167     0.0064    95.4524 1.0000e-12  -74.17526 -113.34458  26.524147      99.73 4.7069e+02    903.261      21679  1029.8822  1029.8802    34.3199    34.3176    8.06520         25 0.0000e+00
    490.000    484.356    -0.0804  28.678926    -0.0786  28.678735     4.7981     4.9166    -0.0094    95.4458 1.0000e-12  -74.17526 -113.34458  26.524159      99.74 4.7083e+02    904.313      21705  1029.8872  1029.8853    34.3201    34.3180    8.06530         26 0.0000e+00
    491.000    485.343    -0.0791  28.681987    -0.0773  28.681551     4.7996     4.9260    -0.0103    95.4348 1.0000e-12  -74.17526 -113.34458  26.524171      99.74 4.7097e+02    905.373      21730  1029.8934  1029.8912    34.3221    34.3196    8.06492         25 0.0000e+00
    492.000    486.330    -0.0773  28.685709    -0.0756  28.685233     4.7962     4.9176    -0.0020    95.4479 1.0000e-12  -74.17526 -113.34458  26.524183      99.73 4.7151e+02    906.445      21756  1029.8998  1029.8977    34.3245    34.3220    8.06441         26 0.0000e+00
    493.000    487.316    -0.0762  28.687638    -0.0743  28.687378     4.7953     4.9102     0.0053    95.4378 1.0000e-12  -74.17526 -113.34457  26.524196      99.74 4.7225e+02    907.530      21782  1029.9051  1029.9030    34.3252    34.3228    8.06413         26 0.0000e+00
    494.000    488.304    -0.0732  28.691273    -0.0709  28.691369     4.7962     4.9109    -0.0009    95.4082 1.0000e-12  -74.17526 -113.34457  26.524208      99.75 4.7326e+02    908.601      21807  1029.9103  1029.9080    34.3261    34.3236    8.06346         26 0.0000e+00
    495.000    489.292    -0.0599  28.704916    -0.0579  28.704655     4.7916     4.9151    -0.0013    95.3742 1.0000e-12  -74.17526 -113.34458  26.524221      99.74 4.7316e+02    909.660      21833  1029.9159  1029.9137    34.3287    34.3261    8.06051         25 0.0000e+00
    496.000    490.279    -0.0639  28.701035    -0.0628  28.700454     4.7924     4.9165    -0.0080    95.3607 1.0000e-12  -74.17526 -113.34458  26.524233      99.74 4.7288e+02    910.704      21858  1029.9200  1029.9183    34.3274    34.3254    8.06142         25 0.0000e+00
    497.000    491.266    -0.0660  28.699809    -0.0638  28.699882     4.7856     4.9117    -0.0145    95.3260 1.0000e-12  -74.17526 -113.34457  26.524245      99.74 4.7245e+02    911.737      21883  1029.9251  1029.9230    34.3276    34.3252    8.06186         24 0.0000e+00
    498.000    492.254    -0.0562  28.710201    -0.0541  28.709887     4.7846     4.8991    -0.0177    95.3057 1.0000e-12  -74.17526 -113.34457  26.524257      99.74 4.7173e+02    912.768      21907  1029.9306  1029.9283    34.3298    34.3270    8.05966         25 0.0000e+00
    499.000    493.241    -0.0533  28.713274    -0.0519  28.712597     4.7890     4.9092    -0.0076    95.2663 1.0000e-12  -74.17526 -113.34457  26.524269      99.74 4.7082e+02    913.819      21933  1029.9354  1029.9333    34.3300    34.3275    8.05904         26 0.0000e+00
    500.000    494.229    -0.0556  28.712496    -0.0538  28.712108     4.7855     4.9094    -0.0124    95.2675 1.0000e-12  -74.17526 -113.34457  26.524281      80.85 4.7016e+02    914.882      21958  1029.9412  1029.9390    34.3310    34.3285    8.05948         26 0.0000e+00
    501.000    495.214    -0.0569  28.712036    -0.0551  28.711603     4.7855     4.9086    -0.0138    95.2864 1.0000e-12  -74.17526 -113.34457  26.524293      96.27 4.6830e+02    915.954      21984  1029.9463  1029.9440    34.3313    34.3286    8.05974         25 0.0000e+00
    502.000    496.204    -0.0557  28.713581    -0.0540  28.713316     4.7794     4.9093    -0.0093    95.2813 1.0000e-12  -74.17526 -113.34457  26.524306      99.78 4.6660e+02    917.032      22010  1029.9510  1029.9491    34.3313    34.3291    8.05947         26 0.0000e+00
    503.000    497.191    -0.0552  28.715509    -0.0533  28.715092     4.7767     4.9032    -0.0052    95.2854 1.0000e-12  -74.17526 -113.34456  26.524318      99.74 4.6499e+02    918.108      22036  1029.9568  1029.9545    34.3327    34.3301    8.05928         26 0.0000e+00
    504.000    498.177    -0.0501  28.722542    -0.0489  28.721231     4.7711     4.8954    -0.0059    95.2671 1.0000e-12  -74.17526 -113.34458  26.524330      99.74 4.6380e+02    919.154      22061  1029.9635  1029.9610    34.3357    34.3326    8.05805         25 0.0000e+00
    505.000    499.165    -0.0391  28.735881    -0.0370  28.735417     4.7680     4.8975    -0.0088    95.2567 1.0000e-12  -74.17526 -113.34456  26.524343      99.74 4.6188e+02    920.201      22086  1029.9710  1029.9685    34.3404    34.3375    8.05545         25 0.0000e+00
    506.000    500.152    -0.0328  28.743189    -0.0307  28.743163     4.7740     4.8914    -0.0057    95.2341 1.0000e-12  -74.17526 -113.34458  26.524355      99.73 4.6082e+02    921.241      22111  1029.9769  1029.9749    34.3425    34.3402    8.05402         25 0.0000e+00
    507.000    501.139    -0.0311  28.745723    -0.0293  28.745371     4.7715     4.8951    -0.0050    95.1759 1.0000e-12  -74.17526 -113.34456  26.524367      99.74 4.5908e+02    922.275      22136  1029.9822  1029.9801    34.3433    34.3408    8.05361         24 0.0000e+00
    508.000    502.126    -0.0305  28.746659    -0.0285  28.746670     4.7699     4.8991    -0.0091    95.1317 1.0000e-12  -74.17526 -113.34458  26.524379      99.74 4.5750e+02    923.333      22161  1029.9870  1029.9850    34.3433    34.3410    8.05349         27 0.0000e+00
    509.000    503.114    -0.0288  28.749179    -0.0266  28.749124     4.7678     4.8979    -0.0100    95.0982 1.0000e-12  -74.17526 -113.34456  26.524391      99.74 4.5666e+02    924.411      22187  1029.9922  1029.9901    34.3441    34.3416    8.05307         25 0.0000e+00
    510.000    504.100    -0.0277  28.750767    -0.0259  28.750440     4.7696     4.8902    -0.0074    95.0669 1.0000e-12  -74.17526 -113.34458  26.524404      99.74 4.5583e+02    925.498      22213  1029.9972  1029.9950    34.3444    34.3420    8.05283         26 0.0000e+00
    511.000    505.088    -0.0256  28.753612    -0.0236  28.753477     4.7665     4.8945    -0.0034    95.0444 1.0000e-12  -74.17526 -113.34458  26.524416      93.26 4.5515e+02    926.577      22239  1030.0025  1030.0004    34.3453    34.3428    8.05235         26 0.0000e+00
    512.000    506.075    -0.0243  28.755711    -0.0224  28.755341     4.7699     4.8947    -0.0100    95.0454 1.0000e-12  -74.17526 -113.34458  26.524429      76.99 4.5503e+02    927.624      22264  1030.0077  1030.0055    34.3460    34.3434    8.05203         25 0.0000e+00
    513.000    507.063    -0.0189  28.762308    -0.0169  28.761746     4.7728     4.8910    -0.0104    95.0302 1.0000e-12  -74.17526 -113.34458  26.524440      90.53 4.5482e+02    928.643      22288  1030.0137  1030.0111    34.3481    34.3451    8.05078         24 0.0000e+00
    514.000    508.048    -0.0140  28.768053    -0.0121  28.767792     4.7668     4.8915    -0.0135    95.0135 1.0000e-12  -74.17526 -113.34458  26.524452      99.53 4.5496e+02    929.669      22313  1030.0192  1030.0170    34.3497    34.3471    8.04967         25 0.0000e+00
    515.000    509.037    -0.0122  28.770299    -0.0105  28.769916     4.7602     4.8837     0.0042    95.0130 1.0000e-12  -74.17526 -113.34458  26.524464      99.74 4.5516e+02    930.717      22338  1030.0241  1030.0221    34.3500    34.3476    8.04927         26 0.0000e+00
    516.000    510.025    -0.0104  28.772709    -0.0086  28.772259     4.7603     4.8881    -0.0089    95.0064 1.0000e-12  -74.17526 -113.34458  26.524477      99.74 4.5594e+02    931.775      22364  1030.0292  1030.0270    34.3505    34.3480    8.04885         25 0.0000e+00
    517.000    511.010    -0.0099  28.773607    -0.0081  28.773109     4.7612     4.8912    -0.0015    95.0021 1.0000e-12  -74.17526 -113.34458  26.524489      53.52 4.5667e+02    932.842      22389  1030.0339  1030.0317    34.3506    34.3479    8.04874         25 0.0000e+00
    518.000    512.000    -0.0096  28.774361    -0.0078  28.773948     4.7664     4.8885    -0.0104    95.0084 1.0000e-12  -74.17526 -113.34458  26.524501     100.31 4.5673e+02    933.888      22414  1030.0388  1030.0367    34.3506    34.3482    8.04868         25 0.0000e+00
    519.000    512.985    -0.0092  28.775193    -0.0075  28.774933     4.7650     4.8885    -0.0015    94.9886 1.0000e-12  -74.17526 -113.34458  26.524513      99.74 4.5687e+02    934.927      22439  1030.0436  1030.0417    34.3508    34.3484    8.04860         25 0.0000e+00
    520.000    513.973    -0.0031  28.782459    -0.0010  28.782092     4.7618     4.8830    -0.0151    94.9940 1.0000e-12  -74.17526 -113.34458  26.524525      99.74 4.5801e+02    935.965      22464  1030.0495  1030.0470    34.3529    34.3500    8.04718         25 0.0000e+00
    521.000    514.959     0.0030  28.789085     0.0049  28.788904     4.7645     4.8765    -0.0162    94.9856 1.0000e-12  -74.17526 -113.34458  26.524537      99.71 4.5835e+02    937.009      22489  1030.0548  1030.0528    34.3542    34.3519    8.04582         25 0.0000e+00
    522.000    515.947     0.0038  28.790475     0.0061  28.790579     4.7615     4.8796    -0.0044    94.9804 1.0000e-12  -74.17526 -113.34458  26.524549      99.22 4.5835e+02    938.053      22514  1030.0598  1030.0577    34.3546    34.3522    8.04564         26 0.0000e+00
