ocean_section_plots/required_files/ctd/dnbp2202_ctd213.cnv
* Sea-Bird SBE 9 Data File:
* FileName = D:\Data\raw\NBP2202_CTD213.hex
* Software Version Seasave V 7.26.7.121
* Temperature SN = 1649
* Conductivity SN = 2513
* Number of Bytes Per Scan = 40
* Number of Voltage Words = 5
* Number of Scans Averaged by the Deck Unit = 1
* NMEA Latitude = 74 08.77 S
* NMEA Longitude = 113 20.17 W
* NMEA UTC (Time) = Feb 10 2022  10:31:20
* NMEA baud rate = 9600
** Ship: RVIB N.B. Palmer
** Cruise: NBP2202 Thwaites
** Station: Tow-Yo #3
** Operator: B. Bjork
# nquan = 28
# nvalues = 468                         
# units = specified
# name 0 = prDM: Pressure, Digiquartz [db]
# name 1 = depSM: Depth [salt water, m]
# name 2 = t090C: Temperature [ITS-90, deg C]
# name 3 = c0mS/cm: Conductivity [mS/cm]
# name 4 = t190C: Temperature, 2 [ITS-90, deg C]
# name 5 = c1mS/cm: Conductivity, 2 [mS/cm]
# name 6 = sbeox0ML/L: Oxygen, SBE 43 [ml/l]
# name 7 = sbeox1ML/L: Oxygen, SBE 43, 2 [ml/l]
# name 8 = flECO-AFL: Fluorescence, WET Labs ECO-AFL/FL [mg/m^3]
# name 9 = CStarTr0: Beam Transmission, WET Labs C-Star [%]
# name 10 = par: PAR/Irradiance, Biospherical/Licor
# name 11 = latitude: Latitude [deg]
# name 12 = longitude: Longitude [deg]
# name 13 = timeJ: Julian Days
# name 14 = altM: Altimeter [m]
# name 15 = spar: SPAR, Biospherical/Licor
# name 16 = timeS: Time, Elapsed [seconds]
# name 17 = scan: Scan Count
# name 18 = density00: Density [density, kg/m^3]
# name 19 = density11: Density, 2 [density, kg/m^3]
# name 20 = v3: Voltage 3
# name 21 = v4: Voltage 4
# name 22 = v5: Voltage 5
# name 23 = sal00: Salinity, Practical [PSU]
# name 24 = sal11: Salinity, Practical, 2 [PSU]
# name 25 = oxsolML/L: Oxygen Saturation, Garcia & Gordon [ml/l]
# name 26 = nbin: number of scans per bin
# name 27 = flag: flag
# span 0 =     10.000,    477.000       
# span 1 =      9.901,    471.525       
# span 2 =    -1.5487,    -0.1653       
# span 3 =  26.902073,  28.580385       
# span 4 =    -1.5478,    -0.1629       
# span 5 =  26.902633,  28.580529       
# span 6 =     4.7861,     8.4184       
# span 7 =     4.9165,     8.6679       
# span 8 =    -0.0225,    19.1262       
# span 9 =    77.3902,    98.0068       
# span 10 = -1.236e-05, 4.4091e-01      
# span 11 =  -74.14749,  -74.14628      
# span 12 = -113.33564, -113.32689      
# span 13 =  41.438836,  41.445619      
# span 14 =       8.31,     100.90      
# span 15 = 2.6769e+01, 3.4762e+01      
# span 16 =     35.434,    621.444      
# span 17 =        851,      14916      
# span 18 =  1027.2016,  1029.8101      
# span 19 =  1027.1999,  1029.8077      
# span 20 =     3.6716,     4.6493      
# span 21 =     0.0636,     2.7052      
# span 22 =     0.1250,     0.2424      
# span 23 =    33.7607,    34.2940      
# span 24 =    33.7588,    34.2916      
# span 25 =    8.08472,    8.41529      
# span 26 =         16,         47      
# span 27 = 0.0000e+00, 0.0000e+00      
# interval = decibars: 1                
# start_time = Feb 10 2022 10:31:20 [NMEA time, header]
# bad_flag = -9.990e-29
*END*
[from data line 156]
    166.000    164.216    -1.3114  27.234895    -1.3094  27.235014     5.5618     5.7161    -0.0114    97.9581 1.0000e-12  -74.14674 -113.33240  41.441358      99.88 2.9626e+01    253.324       6081  1028.1158  1028.1140     4.6470     0.0708     0.1272    33.9568    33.9547    8.35383         26 0.0000e+00
    167.000    165.205    -1.2969  27.249306    -1.2941  27.249755     5.5477     5.7084    -0.0186    97.9978 1.0000e-12  -74.14674 -113.33240  41.441371      99.88 2.8779e+01    254.430       6107  1028.1218  1028.1196     4.6489     0.0706     0.1250    33.9595    33.9569    8.35041         28 0.0000e+00
    168.000    166.194    -1.2842  27.261188    -1.2824  27.261213     5.5309     5.6888    -0.0134    98.0068 1.0000e-12  -74.14674 -113.33238  41.441385      99.87 2.9904e+01    255.639       6136  1028.1270  1028.1252     4.6493     0.0692     0.1261    33.9608    33.9587    8.34750         30 0.0000e+00
    169.000    167.182    -1.2775  27.267843    -1.2761  27.267453     5.5139     5.6807    -0.0182    97.9999 1.0000e-12  -74.14674 -113.33236  41.441399      99.88 3.0028e+01    256.896       6167  1028.1321  1028.1304     4.6490     0.0704     0.1267    33.9616    33.9595    8.34594         30 0.0000e+00
    170.000    168.171    -1.2700  27.275750    -1.2674  27.276197     5.5001     5.6743    -0.0162    97.9991 1.0000e-12  -74.14674 -113.33234  41.441414      99.87 2.8626e+01    258.138       6196  1028.1381  1028.1360     4.6490     0.0702     0.1255    33.9634    33.9611    8.34417         30 0.0000e+00
    171.000    169.161    -1.2585  27.287792    -1.2563  27.287710     5.4862     5.6497    -0.0080    97.9905 1.0000e-12  -74.14676 -113.33232  41.441428      99.88 2.9791e+01    259.409       6227  1028.1445  1028.1423     4.6485     0.0695     0.1277    33.9662    33.9636    8.34143         31 0.0000e+00
    172.000    170.148    -1.2379  27.309796    -1.2328  27.311662     5.4617     5.6243    -0.0096    97.9819 1.0000e-12  -74.14676 -113.33231  41.441443      99.87 3.0322e+01    260.689       6258  1028.1532  1028.1502     4.6481     0.0699     0.1279    33.9725    33.9692    8.33647         30 0.0000e+00
    173.000    171.138    -1.2192  27.327086    -1.2172  27.327113     5.4538     5.6125    -0.0149    97.9706 1.0000e-12  -74.14676 -113.33229  41.441458      99.88 2.9017e+01    261.944       6288  1028.1585  1028.1566     4.6475     0.0701     0.1291    33.9743    33.9720    8.33218         31 0.0000e+00
    174.000    172.127    -1.2149  27.331918    -1.2122  27.332524     5.4329     5.6005    -0.0150    97.9708 1.0000e-12  -74.14676 -113.33228  41.441472      99.88 2.9144e+01    263.214       6318  1028.1642  1028.1623     4.6476     0.0694     0.1284    33.9754    33.9732    8.33116         30 0.0000e+00
    175.000    173.116    -1.2037  27.343381    -1.2005  27.343926     5.3616     5.5290    -0.0200    97.9647 1.0000e-12  -74.14676 -113.33225  41.441487      99.16 3.0584e+01    264.491       6349  1028.1704  1028.1680     4.6473     0.0703     0.1278    33.9778    33.9750    8.32853         31 0.0000e+00
    176.000    174.105    -1.1571  27.389223    -1.1487  27.393456     5.3098     5.4733    -0.0105    97.9613 1.0000e-12  -74.14676 -113.33224  41.441502      99.87 2.9245e+01    265.745       6379  1028.1799  1028.1764     4.6471     0.0682     0.1300    33.9872    33.9834    8.31763         29 0.0000e+00
    177.000    175.093    -1.0988  27.442405    -1.0957  27.442558     5.2841     5.4511    -0.0077    97.9530 1.0000e-12  -74.14676 -113.33223  41.441516      99.88 2.9287e+01    267.000       6409  1028.1861  1028.1833     4.6467     0.0702     0.1297    33.9931    33.9899    8.30432         31 0.0000e+00
    178.000    176.083    -1.0890  27.451791    -1.0872  27.451245     5.2779     5.4408    -0.0092    97.9330 1.0000e-12  -74.14676 -113.33220  41.441531      99.88 3.0087e+01    268.271       6440  1028.1918  1028.1895     4.6458     0.0701     0.1293    33.9943    33.9915    8.30209         30 0.0000e+00
    179.000    177.071    -1.0824  27.458253    -1.0830  27.455495     5.2830     5.4349    -0.0150    97.9330 1.0000e-12  -74.14677 -113.33218  41.441545      99.88 2.9270e+01    269.511       6469  1028.1973  1028.1949     4.6458     0.0695     0.1316    33.9950    33.9919    8.30058         30 0.0000e+00
    180.000    178.059    -1.0802  27.460352    -1.0783  27.460026     5.2823     5.4323    -0.0182    97.9220 1.0000e-12  -74.14678 -113.33217  41.441560      99.88 2.9264e+01    270.758       6499  1028.2022  1028.2000     4.6453     0.0699     0.1294    33.9948    33.9922    8.30012         30 0.0000e+00
    181.000    179.049    -1.0792  27.461345    -1.0781  27.460541     5.2815     5.4339    -0.0182    97.9073 1.0000e-12  -74.14678 -113.33215  41.441574      99.88 3.0434e+01    272.016       6529  1028.2070  1028.2051     4.6446     0.0709     0.1293    33.9944    33.9921    8.29991         30 0.0000e+00
    182.000    180.037    -1.0792  27.461753    -1.0779  27.460993     5.2753     5.4352    -0.0201    97.9001 1.0000e-12  -74.14678 -113.33214  41.441588      99.87 2.8648e+01    273.239       6559  1028.2120  1028.2100     4.6442     0.0707     0.1293    33.9943    33.9918    8.29991         29 0.0000e+00
    183.000    181.026    -1.0772  27.464268    -1.0757  27.463508     5.2594     5.4188    -0.0225    97.9130 1.0000e-12  -74.14678 -113.33212  41.441602      99.89 2.9399e+01    274.444       6588  1028.2174  1028.2152     4.6448     0.0706     0.1285    33.9948    33.9922    8.29944         27 0.0000e+00
    184.000    182.015    -1.0675  27.474111    -1.0656  27.473857     5.2618     5.4207    -0.0168    97.8938 1.0000e-12  -74.14678 -113.33210  41.441614      99.88 3.1312e+01    275.480       6613  1028.2232  1028.2211     4.6440     0.0699     0.1311    33.9967    33.9942    8.29719         23 0.0000e+00
    185.000    183.004    -1.0615  27.480440    -1.0564  27.483160     5.2590     5.4163    -0.0150    97.8970 1.0000e-12  -74.14678 -113.33208  41.441626      98.60 2.9294e+01    276.444       6636  1028.2288  1028.2268     4.6441     0.0690     0.1299    33.9979    33.9959    8.29579         24 0.0000e+00
    186.000    183.992    -1.0538  27.488936    -1.0522  27.488794     5.2404     5.4037    -0.0188    97.8923 1.0000e-12  -74.14678 -113.33208  41.441637      97.68 2.9616e+01    277.458       6660  1028.2351  1028.2335     4.6439     0.0691     0.1300    34.0002    33.9982    8.29395         25 0.0000e+00
    187.000    184.982    -1.0428  27.506734    -1.0357  27.509979     5.1919     5.3511    -0.0157    97.8863 1.0000e-12  -74.14678 -113.33206  41.441649      99.11 3.0695e+01    278.471       6684  1028.2484  1028.2450     4.6436     0.0696     0.1292    34.0114    34.0078    8.29087         24 0.0000e+00
    188.000    185.970    -0.9918  27.553776    -0.9906  27.552410     5.1344     5.2958    -0.0104    97.8734 1.0000e-12  -74.14678 -113.33204  41.441661      99.88 2.9383e+01    279.478       6708  1028.2546  1028.2520     4.6430     0.0688     0.1302    34.0172    34.0140    8.27926         24 0.0000e+00
    189.000    186.959    -0.9581  27.586600    -0.9514  27.589497     5.0986     5.2578    -0.0170    97.8870 1.0000e-12  -74.14678 -113.33204  41.441672      99.88 2.9890e+01    280.484       6733  1028.2621  1028.2589     4.6436     0.0707     0.1283    34.0231    34.0196    8.27149         25 0.0000e+00
    190.000    187.948    -0.9172  27.623214    -0.9155  27.622625     5.0848     5.2351    -0.0195    97.8830 1.0000e-12  -74.14678 -113.33202  41.441684      99.88 3.1414e+01    281.492       6757  1028.2670  1028.2647     4.6434     0.0702     0.1299    34.0261    34.0234    8.26233         23 0.0000e+00
    191.000    188.937    -0.9169  27.623791    -0.9151  27.623449     5.0775     5.2270    -0.0072    97.8983 1.0000e-12  -74.14678 -113.33200  41.441696      99.88 2.9200e+01    282.494       6781  1028.2721  1028.2700     4.6441     0.0696     0.1277    34.0260    34.0234    8.26228         24 0.0000e+00
    192.000    189.924    -0.9084  27.632417    -0.9069  27.631714     5.0818     5.2312    -0.0077    97.8944 1.0000e-12  -74.14680 -113.33198  41.441707      99.88 3.0112e+01    283.503       6805  1028.2780  1028.2758     4.6440     0.0695     0.1289    34.0275    34.0248    8.26033         25 0.0000e+00
    193.000    190.914    -0.9080  27.633103    -0.9060  27.632879     5.0862     5.2316    -0.0149    97.8937 1.0000e-12  -74.14680 -113.33197  41.441719      99.88 3.1719e+01    284.513       6829  1028.2830  1028.2809     4.6440     0.0701     0.1292    34.0273    34.0248    8.26024         24 0.0000e+00
    194.000    191.902    -0.9069  27.634955    -0.9047  27.634974     5.0903     5.2315    -0.0080    97.8937 1.0000e-12  -74.14680 -113.33194  41.441731      99.87 2.9532e+01    285.519       6853  1028.2886  1028.2866     4.6440     0.0692     0.1321    34.0280    34.0255    8.25996         24 0.0000e+00
    195.000    192.891    -0.9053  27.637159    -0.9035  27.636930     5.0893     5.2312    -0.0071    97.8985 1.0000e-12  -74.14680 -113.33193  41.441742      99.88 3.0105e+01    286.533       6878  1028.2941  1028.2921     4.6442     0.0703     0.1298    34.0285    34.0262    8.25958         25 0.0000e+00
    196.000    193.880    -0.9004  27.643654    -0.8986  27.643237     5.0906     5.2323    -0.0185    97.9065 1.0000e-12  -74.14680 -113.33192  41.441754      99.88 3.1198e+01    287.544       6902  1028.3009  1028.2988     4.6445     0.0701     0.1295    34.0312    34.0286    8.25834         24 0.0000e+00
    197.000    194.868    -0.8979  27.646971    -0.8956  27.646949     5.0906     5.2333    -0.0169    97.9140 1.0000e-12  -74.14680 -113.33191  41.441766      99.88 2.9399e+01    288.553       6926  1028.3067  1028.3045     4.6449     0.0704     0.1302    34.0323    34.0297    8.25773         24 0.0000e+00
    198.000    195.857    -0.8936  27.651305    -0.8916  27.651050     5.0888     5.2301    -0.0147    97.9011 1.0000e-12  -74.14681 -113.33188  41.441777      99.88 2.9751e+01    289.569       6951  1028.3117  1028.3096     4.6443     0.0704     0.1299    34.0327    34.0301    8.25676         24 0.0000e+00
    199.000    196.846    -0.8955  27.650093    -0.8935  27.649997     5.0952     5.2364    -0.0147    97.9047 1.0000e-12  -74.14682 -113.33187  41.441789      96.14 3.1097e+01    290.583       6975  1028.3168  1028.3148     4.6445     0.0692     0.1285    34.0326    34.0302    8.25719         25 0.0000e+00
    200.000    197.835    -0.8938  27.652260    -0.8923  27.651584     5.0881     5.2272    -0.0147    97.8971 1.0000e-12  -74.14682 -113.33186  41.441801      99.81 2.9699e+01    291.587       6999  1028.3219  1028.3198     4.6441     0.0698     0.1291    34.0330    34.0303    8.25679         24 0.0000e+00
    201.000    198.823    -0.8912  27.655102    -0.8894  27.654766     5.0769     5.2219    -0.0123    97.9012 1.0000e-12  -74.14682 -113.33185  41.441812      99.88 2.9894e+01    292.598       7023  1028.3269  1028.3249     4.6443     0.0698     0.1294    34.0332    34.0308    8.25620         24 0.0000e+00
    202.000    199.813    -0.8845  27.663108    -0.8835  27.660998     5.0783     5.2182    -0.0092    97.8905 1.0000e-12  -74.14682 -113.33182  41.441824      99.87 3.1225e+01    293.610       7048  1028.3335  1028.3303     4.6438     0.0694     0.1277    34.0359    34.0320    8.25457         24 0.0000e+00
    203.000    200.800    -0.8664  27.683071    -0.8656  27.681413     5.0801     5.2196    -0.0150    97.8948 1.0000e-12  -74.14682 -113.33181  41.441836      99.88 2.9367e+01    294.612       7072  1028.3422  1028.3396     4.6440     0.0702     0.1295    34.0421    34.0389    8.25027         24 0.0000e+00
    204.000    201.788    -0.8652  27.684901    -0.8631  27.684824     5.0792     5.2203    -0.0153    97.9078 1.0000e-12  -74.14682 -113.33179  41.441847      99.88 3.0199e+01    295.616       7096  1028.3474  1028.3453     4.6446     0.0695     0.1296    34.0425    34.0401    8.24996         24 0.0000e+00
    205.000    202.779    -0.8654  27.684825    -0.8633  27.685003     5.0810     5.2148    -0.0216    97.9066 1.0000e-12  -74.14682 -113.33177  41.441859      99.87 3.1384e+01    296.621       7120  1028.3520  1028.3502     4.6445     0.0692     0.1303    34.0420    34.0399    8.25004         24 0.0000e+00
    206.000    203.766    -0.8647  27.686467    -0.8625  27.686472     5.0813     5.2134    -0.0152    97.8968 1.0000e-12  -74.14682 -113.33176  41.441871      99.88 2.9577e+01    297.618       7144  1028.3575  1028.3554     4.6441     0.0710     0.1305    34.0428    34.0404    8.24983         24 0.0000e+00
    207.000    204.756    -0.8643  27.687195    -0.8628  27.686841     5.0811     5.2169    -0.0147    97.8975 1.0000e-12  -74.14682 -113.33175  41.441882      99.88 3.0182e+01    298.627       7168  1028.3624  1028.3605     4.6441     0.0684     0.1286    34.0428    34.0406    8.24975         25 0.0000e+00
    208.000    205.745    -0.8643  27.688014    -0.8624  27.687957     5.0836     5.2202    -0.0150    97.9012 1.0000e-12  -74.14683 -113.33172  41.441894      99.88 3.1057e+01    299.630       7192  1028.3677  1028.3658     4.6443     0.0692     0.1305    34.0433    34.0411    8.24972         24 0.0000e+00
    209.000    206.732    -0.8636  27.689937    -0.8618  27.689586     5.0875     5.2284    -0.0196    97.8949 1.0000e-12  -74.14684 -113.33171  41.441905      99.88 2.9622e+01    300.632       7216  1028.3734  1028.3713     4.6440     0.0698     0.1308    34.0445    34.0420    8.24950         24 0.0000e+00
    210.000    207.722    -0.8636  27.690675    -0.8606  27.691988     5.0925     5.2291    -0.0224    97.8916 1.0000e-12  -74.14684 -113.33170  41.441917      99.87 2.9966e+01    301.638       7240  1028.3786  1028.3772     4.6439     0.0698     0.1293    34.0448    34.0433    8.24948         24 0.0000e+00
    211.000    208.709    -0.8615  27.694531    -0.8597  27.694197     5.0953     5.2357    -0.0221    97.8873 1.0000e-12  -74.14684 -113.33168  41.441929      99.88 3.0927e+01    302.649       7265  1028.3851  1028.3831     4.6436     0.0696     0.1288    34.0471    34.0446    8.24888         24 0.0000e+00
    212.000    209.699    -0.8612  27.695532    -0.8594  27.695374     5.0971     5.2427    -0.0212    97.8862 1.0000e-12  -74.14684 -113.33166  41.441940      99.88 2.9740e+01    303.653       7289  1028.3903  1028.3884     4.6436     0.0690     0.1316    34.0475    34.0453    8.24880         24 0.0000e+00
    213.000    210.686    -0.8612  27.696972    -0.8593  27.696852     5.0981     5.2359    -0.0190    97.8797 1.0000e-12  -74.14684 -113.33165  41.441952      99.88 2.9972e+01    304.660       7313  1028.3962  1028.3943     4.6433     0.0698     0.1305    34.0488    34.0466    8.24872         24 0.0000e+00
    214.000    211.676    -0.8608  27.697576    -0.8591  27.697286     5.0891     5.2260    -0.0168    97.8975 1.0000e-12  -74.14684 -113.33163  41.441964      99.88 3.1239e+01    305.667       7337  1028.4009  1028.3989     4.6441     0.0702     0.1291    34.0486    34.0462    8.24865         25 0.0000e+00
    215.000    212.665    -0.8609  27.697708    -0.8588  27.697802     5.0863     5.2346    -0.0192    97.8942 1.0000e-12  -74.14684 -113.33161  41.441975      99.88 3.0052e+01    306.661       7361  1028.4054  1028.4035     4.6440     0.0683     0.1273    34.0483    34.0461    8.24868         23 0.0000e+00
    216.000    213.653    -0.8606  27.698011    -0.8591  27.696975     5.0923     5.2371    -0.0069    97.8872 1.0000e-12  -74.14685 -113.33160  41.441987      99.88 3.0040e+01    307.661       7385  1028.4098  1028.4072     4.6436     0.0687     0.1274    34.0478    34.0447    8.24866         25 0.0000e+00
