ocean_section_plots/required_files/ctd/dnbp2202_ctd123.cnv
* Sea-Bird SBE 9 Data File:
* FileName = D:\Data\raw\NBP2202_CTD123.hex
* Software Version Seasave V 7.26.7.121
* Temperature SN = 1649
* Conductivity SN = 2513
* Number of Bytes Per Scan = 40
* Number of Voltage Words = 5
* Number of Scans Averaged by the Deck Unit = 1
* NMEA Latitude = 74 10.52 S
* NMEA Longitude = 113 20.65 W
* NMEA UTC (Time) = Jan 27 2022  11:53:11
* NMEA baud rate = 9600
** Ship: RVIB N.B. Palmer
** Cruise: NBP2202 Thwaites
** Station: YoYo001
** Operator: B. Bjork
# nquan = 25
# nvalues = 607                         
# units = specified
# name 0 = prDM: Pressure, Digiquartz [db]
# name 1 = depSM: Depth [salt water, m]
# name 2 = t090C: Temperature [ITS-90, deg C]
# name 3 = c0mS/cm: Conductivity [mS/cm]
# name 4 = t190C: Temperature, 2 [ITS-90, deg C]
# name 5 = c1mS/cm: Conductivity, 2 [mS/cm]
# name 6 = sbeox0ML/L: Oxygen, SBE 43 [ml/l]
# name 7 = sbeox1ML/L: Oxygen, SBE 43, 2 [ml/l]
# name 8 = flECO-AFL: Fluorescence, WET Labs ECO-AFL/FL [mg/m^3]
# name 9 = CStarTr0: Beam Transmission, WET Labs C-Star [%]
# name 10 = par: PAR/Irradiance, Biospherical/Licor
# name 11 = latitude: Latitude [deg]
# name 12 = longitude: Longitude [deg]
# name 13 = timeJ: Julian Days
# name 14 = altM: Altimeter [m]
# name 15 = spar: SPAR, Biospherical/Licor
# name 16 = timeS: Time, Elapsed [seconds]
# name 17 = scan: Scan Count
# name 18 = density00: Density [density, kg/m^3]
# name 19 = density11: Density, 2 [density, kg/m^3]
# name 20 = sal00: Salinity, Practical [PSU]
# name 21 = sal11: Salinity, Practical, 2 [PSU]
# name 22 = oxsolML/L: Oxygen Saturation, Garcia & Gordon [ml/l]
# name 23 = nbin: number of scans per bin
# name 24 = flag: flag
# span 0 =     10.000,    616.000       
# span 1 =      9.897,    608.718       
# span 2 =    -1.4447,     0.0736       
# span 3 =  27.033421,  28.905958       
# span 4 =    -1.4434,     0.0766       
# span 5 =  27.033079,  28.905151       
# span 6 =     4.6845,     8.3982       
# span 7 =     4.7372,     8.3471       
# span 8 =    -0.0224,    24.1329       
# span 9 =    69.1916,    95.6439       
# span 10 = 1.0000e-12, 4.4275e+00      
# span 11 =  -74.17536,  -74.17536      
# span 12 = -113.34424, -113.34422      
# span 13 =  27.495644,  27.503387      
# span 14 =       7.87,     101.24      
# span 15 = 1.9392e+02, 2.2549e+02      
# span 16 =     32.649,    701.659      
# span 17 =        785,      16841      
# span 18 =  1027.2259,  1030.5154      
# span 19 =  1027.2243,  1030.5133      
# span 20 =    33.7929,    34.3785      
# span 21 =    33.7910,    34.3759      
# span 22 =    8.02965,    8.38707      
# span 23 =         21,         62      
# span 24 = 0.0000e+00, 0.0000e+00      
# interval = decibars: 1                
# start_time = Jan 27 2022 11:53:11 [NMEA time, header]
# bad_flag = -9.990e-29
*END*
[from data line 174]
    184.000    182.015    -1.2224  27.334220    -1.2193  27.335301     5.4564     5.5321    -0.0150    95.5923 1.0000e-12  -74.17536 -113.34422  27.498009      99.84 2.2443e+02    236.953       5688  1028.2175  1028.2157    33.9809    33.9789    8.33252         23 0.0000e+00
    185.000    183.002    -1.2067  27.350574    -1.2039  27.351038     5.4429     5.5120    -0.0150    95.5853 1.0000e-12  -74.17536 -113.34422  27.498020      99.86 2.2413e+02    237.910       5711  1028.2245  1028.2224    33.9848    33.9824    8.32878         22 0.0000e+00
    186.000    183.993    -1.2033  27.354081    -1.2000  27.355300     5.4272     5.4992    -0.0150    95.5834 1.0000e-12  -74.17536 -113.34422  27.498031      99.86 2.2528e+02    238.846       5733  1028.2295  1028.2277    33.9852    33.9832    8.32801         23 0.0000e+00
    187.000    184.980    -1.1816  27.376273    -1.1787  27.376267     5.4110     5.4907    -0.0106    95.5842 1.0000e-12  -74.17536 -113.34422  27.498041      99.87 2.2436e+02    239.786       5756  1028.2372  1028.2343    33.9904    33.9870    8.32288         22 0.0000e+00
    188.000    185.969    -1.1663  27.390720    -1.1650  27.389924     5.4055     5.4767    -0.0110    95.5827 1.0000e-12  -74.17536 -113.34422  27.498053      99.86 2.2426e+02    240.736       5779  1028.2426  1028.2405    33.9922    33.9897    8.31937         24 0.0000e+00
    189.000    186.959    -1.1611  27.396433    -1.1598  27.395598     5.3939     5.4704    -0.0150    95.5645 1.0000e-12  -74.17536 -113.34422  27.498063      99.86 2.2389e+02    241.677       5801  1028.2483  1028.2461    33.9935    33.9908    8.31813         22 0.0000e+00
    190.000    187.947    -1.1524  27.405222    -1.1523  27.402978     5.3820     5.4580    -0.0150    95.5700 1.0000e-12  -74.17536 -113.34422  27.498074      99.87 2.2389e+02    242.623       5824  1028.2539  1028.2514    33.9950    33.9918    8.31610         23 0.0000e+00
    191.000    188.937    -1.1475  27.409857    -1.1462  27.409169     5.3754     5.4480    -0.0144    95.5711 1.0000e-12  -74.17536 -113.34422  27.498085      99.86 2.2389e+02    243.576       5847  1028.2588  1028.2568    33.9952    33.9928    8.31502         23 0.0000e+00
    192.000    189.922    -1.1344  27.423374    -1.1331  27.422012     5.3721     5.4452    -0.0223    95.5601 1.0000e-12  -74.17536 -113.34422  27.498096      99.86 2.2389e+02    244.528       5870  1028.2653  1028.2626    33.9982    33.9949    8.31193         23 0.0000e+00
    193.000    190.914    -1.1279  27.429755    -1.1277  27.427989     5.3680     5.4428    -0.0221    95.5413 1.0000e-12  -74.17536 -113.34422  27.498107      99.86 2.2389e+02    245.480       5893  1028.2706  1028.2684    33.9990    33.9964    8.31045         23 0.0000e+00
    194.000    191.902    -1.1267  27.431354    -1.1249  27.431158     5.3689     5.4341    -0.0174    95.5490 1.0000e-12  -74.17536 -113.34424  27.498118      96.52 2.2389e+02    246.433       5915  1028.2756  1028.2737    33.9992    33.9969    8.31017         22 0.0000e+00
    195.000    192.891    -1.1259  27.432612    -1.1242  27.432299     5.3771     5.4443    -0.0108    95.5385 1.0000e-12  -74.17536 -113.34422  27.498129      75.50 2.2389e+02    247.385       5938  1028.2807  1028.2787    33.9993    33.9969    8.30997         23 0.0000e+00
    196.000    193.881    -1.1260  27.432906    -1.1242  27.432722     5.3837     5.4459    -0.0106    95.5487 1.0000e-12  -74.17536 -113.34424  27.498140      85.72 2.2389e+02    248.333       5961  1028.2856  1028.2836    33.9992    33.9969    8.31000         23 0.0000e+00
    197.000    194.868    -1.1261  27.433163    -1.1248  27.432598     5.3767     5.4426    -0.0131    95.5509 1.0000e-12  -74.17536 -113.34422  27.498151      98.23 2.2389e+02    249.285       5984  1028.2904  1028.2885    33.9991    33.9968    8.31004         23 0.0000e+00
    198.000    195.858    -1.1265  27.433518    -1.1259  27.432081     5.3764     5.4424    -0.0070    95.5467 1.0000e-12  -74.17536 -113.34424  27.498162      99.87 2.2389e+02    250.234       6007  1028.2956  1028.2935    33.9995    33.9968    8.31011         22 0.0000e+00
    199.000    196.845    -1.1206  27.440619    -1.1190  27.440089     5.3913     5.4573    -0.0150    95.5330 1.0000e-12  -74.17536 -113.34422  27.498173      99.86 2.2389e+02    251.171       6029  1028.3021  1028.2999    34.0019    33.9993    8.30866         23 0.0000e+00
    200.000    197.834    -1.1140  27.449198    -1.1118  27.448850     5.4039     5.4654    -0.0150    95.5220 1.0000e-12  -74.17536 -113.34422  27.498184      99.87 2.2389e+02    252.108       6052  1028.3094  1028.3070    34.0055    34.0025    8.30698         23 0.0000e+00
    201.000    198.823    -1.1187  27.447425    -1.1169  27.447438     5.4160     5.4713    -0.0088    95.5038 1.0000e-12  -74.17536 -113.34422  27.498195      99.87 2.2389e+02    253.043       6074  1028.3165  1028.3148    34.0078    34.0057    8.30789         22 0.0000e+00
    202.000    199.811    -1.1213  27.446682    -1.1182  27.447953     5.4169     5.4736    -0.0074    95.4780 1.0000e-12  -74.17536 -113.34422  27.498206      99.86 2.2389e+02    253.968       6096  1028.3226  1028.3210    34.0091    34.0073    8.30838         22 0.0000e+00
    203.000    200.800    -1.1197  27.448882    -1.1181  27.448624     5.4043     5.4624    -0.0100    95.5291 1.0000e-12  -74.17536 -113.34422  27.498216      99.86 2.2389e+02    254.894       6118  1028.3279  1028.3260    34.0097    34.0074    8.30800         22 0.0000e+00
    204.000    201.790    -1.1214  27.447502    -1.1202  27.446650     5.3898     5.4508    -0.0134    95.5196 1.0000e-12  -74.17536 -113.34422  27.498227      99.87 2.2389e+02    255.829       6141  1028.3323  1028.3303    34.0090    34.0066    8.30840         22 0.0000e+00
    205.000    202.778    -1.1051  27.464365    -1.1031  27.463485     5.3857     5.4527    -0.0080    95.5173 1.0000e-12  -74.17536 -113.34422  27.498238      99.87 2.2389e+02    256.761       6163  1028.3392  1028.3363    34.0130    34.0095    8.30456         23 0.0000e+00
    206.000    203.765    -1.0982  27.470135    -1.0956  27.470834     5.3821     5.4507    -0.0220    95.5329 1.0000e-12  -74.17536 -113.34422  27.498249      99.86 2.2389e+02    257.700       6186  1028.3433  1028.3415    34.0125    34.0104    8.30307         23 0.0000e+00
    207.000    204.755    -1.1003  27.469188    -1.0994  27.468056     5.3651     5.4265    -0.0160    95.5210 1.0000e-12  -74.17536 -113.34422  27.498260      99.86 2.2317e+02    258.646       6209  1028.3487  1028.3465    34.0129    34.0103    8.30351         22 0.0000e+00
    208.000    205.745    -1.1009  27.468879    -1.0948  27.472840     5.3313     5.3949    -0.0202    95.5342 1.0000e-12  -74.17536 -113.34422  27.498271      99.87 2.2335e+02    259.585       6231  1028.3533  1028.3516    34.0126    34.0110    8.30366         23 0.0000e+00
    209.000    206.733    -1.0757  27.492743    -1.0634  27.500729     5.3040     5.3749    -0.0104    95.5164 1.0000e-12  -74.17536 -113.34422  27.498281      99.86 2.2317e+02    260.517       6253  1028.3591  1028.3560    34.0160    34.0130    8.29788         22 0.0000e+00
    210.000    207.720    -1.0566  27.509351    -1.0512  27.512256     5.3029     5.3726    -0.0058    95.5118 1.0000e-12  -74.17536 -113.34422  27.498292      98.67 2.2297e+02    261.456       6276  1028.3631  1028.3611    34.0164    34.0142    8.29362         23 0.0000e+00
    211.000    208.710    -1.0476  27.517864    -1.0422  27.520530     5.3031     5.3728    -0.0149    95.5151 1.0000e-12  -74.17536 -113.34422  27.498303      99.85 2.2250e+02    262.387       6298  1028.3681  1028.3659    34.0172    34.0147    8.29158         22 0.0000e+00
    212.000    209.699    -1.0562  27.510548    -1.0556  27.509373     5.3088     5.3794    -0.0150    95.5163 1.0000e-12  -74.17536 -113.34422  27.498314      99.87 2.2212e+02    263.308       6320  1028.3730  1028.3712    34.0163    34.0141    8.29354         22 0.0000e+00
    213.000    210.686    -1.0588  27.508737    -1.0559  27.509487     5.2964     5.3710    -0.0217    95.5096 1.0000e-12  -74.17536 -113.34422  27.498325      99.86 2.2212e+02    264.245       6343  1028.3780  1028.3760    34.0162    34.0139    8.29412         23 0.0000e+00
    214.000    211.676    -1.0509  27.516763    -1.0497  27.515568     5.2722     5.3454    -0.0224    95.5090 1.0000e-12  -74.17536 -113.34422  27.498335      99.86 2.2212e+02    265.173       6365  1028.3835  1028.3811    34.0176    34.0146    8.29230         21 0.0000e+00
    215.000    212.665    -1.0422  27.525118    -1.0405  27.524462     5.2546     5.3223    -0.0127    95.4982 1.0000e-12  -74.17536 -113.34422  27.498346      99.87 2.2212e+02    266.092       6387  1028.3886  1028.3862    34.0186    34.0157    8.29032         23 0.0000e+00
    216.000    213.653    -1.0075  27.558709    -1.0037  27.559152     5.2426     5.3104    -0.0044    95.5069 1.0000e-12  -74.17536 -113.34422  27.498357      99.86 2.2212e+02    267.020       6409  1028.3957  1028.3926    34.0244    34.0207    8.28231         22 0.0000e+00
    217.000    214.641    -0.9992  27.566245    -0.9976  27.565770     5.2389     5.3075    -0.0030    95.5057 1.0000e-12  -74.17536 -113.34422  27.498367      99.86 2.2212e+02    267.945       6432  1028.4004  1028.3985    34.0246    34.0222    8.28046         22 0.0000e+00
    218.000    215.630    -1.0021  27.565982    -0.9989  27.566292     5.2324     5.3053    -0.0147    95.4859 1.0000e-12  -74.17536 -113.34422  27.498378      99.86 2.2212e+02    268.855       6454  1028.4075  1028.4047    34.0270    34.0237    8.28097         22 0.0000e+00
    219.000    216.618    -0.9912  27.576370    -0.9881  27.577253     5.2336     5.2961    -0.0150    95.4849 1.0000e-12  -74.17536 -113.34422  27.498389      99.87 2.2212e+02    269.778       6476  1028.4127  1028.4107    34.0282    34.0259    8.27850         23 0.0000e+00
    220.000    217.607    -0.9908  27.577630    -0.9888  27.577402     5.2330     5.3029    -0.0209    95.4802 1.0000e-12  -74.17536 -113.34422  27.498399      99.86 2.2212e+02    270.701       6498  1028.4182  1028.4160    34.0288    34.0262    8.27837         22 0.0000e+00
    221.000    218.597    -0.9876  27.581074    -0.9858  27.580706     5.2236     5.2971    -0.0217    95.4857 1.0000e-12  -74.17536 -113.34422  27.498410      99.86 2.2142e+02    271.620       6520  1028.4233  1028.4212    34.0293    34.0267    8.27764         22 0.0000e+00
    222.000    219.584    -0.9857  27.583214    -0.9840  27.582765     5.2109     5.2822    -0.0145    95.4905 1.0000e-12  -74.17536 -113.34422  27.498421      99.87 2.2132e+02    272.543       6542  1028.4283  1028.4261    34.0295    34.0269    8.27722         22 0.0000e+00
    223.000    220.574    -0.9842  27.585560    -0.9832  27.584083     5.1823     5.2539    -0.0114    95.4871 1.0000e-12  -74.17536 -113.34422  27.498431      96.78 2.2053e+02    273.465       6564  1028.4337  1028.4312    34.0302    34.0272    8.27682         22 0.0000e+00
    224.000    221.562    -0.9543  27.613575    -0.9527  27.612281     5.1585     5.2285    -0.0207    95.4721 1.0000e-12  -74.17536 -113.34422  27.498442      86.34 2.2078e+02    274.382       6586  1028.4396  1028.4366    34.0340    34.0305    8.27003         21 0.0000e+00
    225.000    222.549    -0.9419  27.626501    -0.9412  27.624530     5.1499     5.2252    -0.0143    95.4737 1.0000e-12  -74.17536 -113.34422  27.498453      99.65 2.2036e+02    275.298       6608  1028.4460  1028.4432    34.0370    34.0335    8.26713         23 0.0000e+00
    226.000    223.538    -0.9203  27.648652    -0.9193  27.646810     5.1369     5.2177    -0.0067    95.4671 1.0000e-12  -74.17536 -113.34422  27.498463      99.86 2.2036e+02    276.229       6630  1028.4536  1028.4507    34.0420    34.0384    8.26208         22 0.0000e+00
    227.000    224.528    -0.9172  27.652304    -0.9164  27.650668     5.1201     5.1916    -0.0124    95.4707 1.0000e-12  -74.17536 -113.34422  27.498474      99.87 2.2036e+02    277.148       6653  1028.4591  1028.4566    34.0429    34.0398    8.26136         22 0.0000e+00
    228.000    225.518    -0.9092  27.661217    -0.9086  27.659263     5.0991     5.1608    -0.0143    95.4624 1.0000e-12  -74.17536 -113.34422  27.498485      99.86 2.2036e+02    278.067       6675  1028.4656  1028.4629    34.0453    34.0420    8.25945         22 0.0000e+00
    229.000    226.504    -0.8700  27.700160    -0.8689  27.697733     5.0811     5.1436    -0.0176    95.4335 1.0000e-12  -74.17536 -113.34422  27.498495      99.86 2.2036e+02    278.998       6697  1028.4741  1028.4705    34.0533    34.0488    8.25038         23 0.0000e+00
    230.000    227.493    -0.8586  27.710871    -0.8561  27.710754     5.0789     5.1488    -0.0220    95.4367 1.0000e-12  -74.17536 -113.34422  27.498506      99.86 2.2036e+02    279.922       6719  1028.4793  1028.4768    34.0543    34.0514    8.24783         22 0.0000e+00
    231.000    228.480    -0.8561  27.713708    -0.8538  27.713494     5.0797     5.1513    -0.0214    95.4344 1.0000e-12  -74.17536 -113.34422  27.498517      99.86 2.2036e+02    280.853       6741  1028.4846  1028.4822    34.0547    34.0519    8.24726         22 0.0000e+00
    232.000    229.472    -0.8587  27.711012    -0.8590  27.708669     5.0713     5.1428    -0.0134    95.4312 1.0000e-12  -74.17536 -113.34422  27.498528      99.87 2.2036e+02    281.793       6764  1028.4888  1028.4866    34.0534    34.0506    8.24791         23 0.0000e+00
    233.000    230.459    -0.8672  27.703219    -0.8653  27.702870     5.0509     5.1265    -0.0207    95.4169 1.0000e-12  -74.17536 -113.34422  27.498538      99.86 2.2036e+02    282.726       6786  1028.4932  1028.4910    34.0518    34.0493    8.24986         22 0.0000e+00
    234.000    231.446    -0.8443  27.726665    -0.8387  27.728647     5.0323     5.1060    -0.0202    95.4122 1.0000e-12  -74.17536 -113.34422  27.498549      99.86 2.2036e+02    283.658       6809  1028.5008  1028.4975    34.0572    34.0535    8.24454         23 0.0000e+00
    235.000    232.436    -0.8151  27.757002    -0.8125  27.756441     5.0179     5.0860    -0.0210    95.4098 1.0000e-12  -74.17536 -113.34422  27.498560      99.87 2.2036e+02    284.594       6831  1028.5098  1028.5066    34.0647    34.0610    8.23771         22 0.0000e+00
    236.000    233.425    -0.7832  27.791142    -0.7803  27.790560     5.0081     5.0742    -0.0174    95.3970 1.0000e-12  -74.17536 -113.34422  27.498571      99.86 2.2036e+02    285.515       6853  1028.5203  1028.5168    34.0743    34.0703    8.23019         22 0.0000e+00
    237.000    234.412    -0.7654  27.809216    -0.7634  27.808520     5.0093     5.0704    -0.0147    95.4156 1.0000e-12  -74.17536 -113.34422  27.498581      99.86 2.2036e+02    286.433       6875  1028.5272  1028.5245    34.0781    34.0749    8.22609         22 0.0000e+00
    238.000    235.402    -0.7574  27.817853    -0.7544  27.818267     5.0054     5.0674    -0.0214    95.3966 1.0000e-12  -74.17536 -113.34422  27.498592      94.38 2.2036e+02    287.368       6898  1028.5334  1028.5309    34.0802    34.0773    8.22423         23 0.0000e+00
    239.000    236.390    -0.7530  27.823660    -0.7511  27.822999     5.0177     5.0750    -0.0051    95.4097 1.0000e-12  -74.17536 -113.34422  27.498603      99.79 2.2036e+02    288.307       6920  1028.5400  1028.5375    34.0823    34.0794    8.22312         22 0.0000e+00
    240.000    237.378    -0.7550  27.823037    -0.7521  27.823318     5.0309     5.0795    -0.0045    95.3998 1.0000e-12  -74.17536 -113.34422  27.498614      99.86 2.2036e+02    289.253       6943  1028.5459  1028.5435    34.0832    34.0803    8.22351         23 0.0000e+00
