ocean_section_plots/required_files/ctd/dnbp2202_ctd179.cnv
* Sea-Bird SBE 9 Data File:
* FileName = D:\Data\raw\NBP2202_CTD179.hex
* Software Version Seasave V 7.26.7.121
* Temperature SN = 1649
* Conductivity SN = 2513
* Number of Bytes Per Scan = 40
* Number of Voltage Words = 5
* Number of Scans Averaged by the Deck Unit = 1
* NMEA Latitude = 74 03.47 S
* NMEA Longitude = 111 19.75 W
* NMEA UTC (Time) = Feb 03 2022  23:36:56
* NMEA baud rate = 9600
** Ship: RVIB N.B. Palmer
** Cruise: NBP2202 Thwaites
** Station: 101
** Operator: A. Robinson
# nquan = 28
# nvalues = 579                         
# units = specified
# name 0 = prDM: Pressure, Digiquartz [db]
# name 1 = depSM: Depth [salt water, m]
# name 2 = t090C: Temperature [ITS-90, deg C]
# name 3 = c0mS/cm: Conductivity [mS/cm]
# name 4 = t190C: Temperature, 2 [ITS-90, deg C]
# name 5 = c1mS/cm: Conductivity, 2 [mS/cm]
# name 6 = sbeox0ML/L: Oxygen, SBE 43 [ml/l]
# name 7 = sbeox1ML/L: Oxygen, SBE 43, 2 [ml/l]
# name 8 = flECO-AFL: Fluorescence, WET Labs ECO-AFL/FL [mg/m^3]
# name 9 = CStarTr0: Beam Transmission, WET Labs C-Star [%]
# name 10 = par: PAR/Irradiance, Biospherical/Licor
# name 11 = latitude: Latitude [deg]
# name 12 = longitude: Longitude [deg]
# name 13 = timeJ: Julian Days
# name 14 = altM: Altimeter [m]
# name 15 = spar: SPAR, Biospherical/Licor
# name 16 = timeS: Time, Elapsed [seconds]
# name 17 = scan: Scan Count
# name 18 = density00: Density [density, kg/m^3]
# name 19 = density11: Density, 2 [density, kg/m^3]
# name 20 = v3: Voltage 3
# name 21 = v4: Voltage 4
# name 22 = v5: Voltage 5
# name 23 = sal00: Salinity, Practical [PSU]
# name 24 = sal11: Salinity, Practical, 2 [PSU]
# name 25 = oxsolML/L: Oxygen Saturation, Garcia & Gordon [ml/l]
# name 26 = nbin: number of scans per bin
# name 27 = flag: flag
# span 0 =      2.000,    580.000       
# span 1 =      1.978,    573.199       
# span 2 =    -1.5408,     0.0690       
# span 3 =  27.017797,  28.925610       
# span 4 =    -1.5404,     0.0712       
# span 5 =  27.017921,  28.925215       
# span 6 =     4.8202,     7.8694       
# span 7 =     4.9493,     8.0600       
# span 8 =    -0.0154,    15.6627       
# span 9 =    80.1925,    98.7649       
# span 10 = -3.288e-04, 9.5300e+02      
# span 11 =  -74.05790,  -74.05790      
# span 12 = -111.32922, -111.32918      
# span 13 =  34.986465,  34.995391      
# span 14 =       5.29,     100.05      
# span 15 = 1.6159e+03, 1.6342e+03      
# span 16 =    214.614,    985.815      
# span 17 =       5152,      23661      
# span 18 =  1027.1714,  1030.3902      
# span 19 =  1027.1734,  1030.3879      
# span 20 =     3.8046,     4.6853      
# span 21 =     0.0645,     2.0424      
# span 22 =     0.1148,     0.1904      
# span 23 =    33.7687,    34.4322      
# span 24 =    33.7704,    34.4293      
# span 25 =    8.02761,    8.40550      
# span 26 =         21,         49      
# span 27 = 0.0000e+00, 0.0000e+00      
# interval = decibars: 1                
# start_time = Feb 03 2022 23:36:56 [NMEA time, header]
# bad_flag = -9.990e-29
*END*
[from data line 311]
    313.000    309.528    -1.3180  27.398805    -1.3165  27.398685     6.1587     6.3049     0.0435    98.6729 1.0000e-12  -74.05790 -111.32918  34.991299      99.89 1.6272e+03    632.254      15175  1028.9340  1028.9324     4.6809     0.0786     0.1215    34.0982    34.0963    8.34693         30 0.0000e+00
    314.000    310.517    -1.3173  27.400005    -1.3160  27.399789     6.1573     6.3011     0.0415    98.6182 1.0000e-12  -74.05790 -111.32918  34.991313      99.90 1.6281e+03    633.473      15204  1028.9389  1028.9374     4.6783     0.0766     0.1203    34.0983    34.0966    8.34675         28 0.0000e+00
    315.000    311.505    -1.3117  27.407144    -1.3113  27.405809     6.1562     6.2961     0.0337    98.6406 1.0000e-12  -74.05790 -111.32918  34.991327      99.89 1.6283e+03    634.668      15233  1028.9456  1028.9437     4.6794     0.0779     0.1189    34.1011    34.0988    8.34533         29 0.0000e+00
    316.000    312.492    -1.3071  27.413255    -1.3050  27.413860     6.1506     6.2883     0.0252    98.6489 1.0000e-12  -74.05790 -111.32918  34.991341      99.89 1.6273e+03    635.898      15263  1028.9522  1028.9508     4.6797     0.0763     0.1192    34.1037    34.1022    8.34416         30 0.0000e+00
    317.000    313.480    -1.3025  27.421338    -1.3016  27.420477     6.1482     6.2849     0.0216    98.6512 1.0000e-12  -74.05790 -111.32918  34.991356      99.89 1.6271e+03    637.120      15292  1028.9609  1028.9591     4.6799     0.0759     0.1189    34.1089    34.1067    8.34281         29 0.0000e+00
    318.000    314.469    -1.2874  27.439299    -1.2854  27.438720     6.1255     6.2756     0.0167    98.7053 1.0000e-12  -74.05790 -111.32918  34.991369      97.50 1.6283e+03    638.311      15320  1028.9703  1028.9676     4.6824     0.0786     0.1173    34.1158    34.1126    8.33904         29 0.0000e+00
    319.000    315.458    -1.2718  27.455137    -1.2695  27.455325     6.1105     6.2666     0.0256    98.6763 1.0000e-12  -74.05790 -111.32918  34.991384      99.88 1.6272e+03    639.535      15350  1028.9768  1028.9748     4.6810     0.0780     0.1159    34.1191    34.1168    8.33536         29 0.0000e+00
    320.000    316.445    -1.2572  27.469120    -1.2556  27.468711     6.1070     6.2513     0.0292    98.6976 1.0000e-12  -74.05790 -111.32918  34.991398      99.89 1.6270e+03    640.758      15379  1028.9823  1028.9804     4.6820     0.0760     0.1148    34.1211    34.1187    8.33199         29 0.0000e+00
    321.000    317.432    -1.2491  27.477255    -1.2472  27.477158     6.0995     6.2409     0.0083    98.7371 1.0000e-12  -74.05790 -111.32918  34.991411      99.90 1.6285e+03    641.949      15408  1028.9878  1028.9858     4.6840     0.0771     0.1208    34.1223    34.1201    8.33010         29 0.0000e+00
    322.000    318.422    -1.2368  27.489108    -1.2349  27.488739     6.0847     6.2271     0.0204    98.7649 1.0000e-12  -74.05790 -111.32918  34.991426      99.89 1.6288e+03    643.169      15437  1028.9932  1028.9909     4.6853     0.0763     0.1176    34.1240    34.1213    8.32727         29 0.0000e+00
    323.000    319.409    -1.2245  27.500944    -1.2228  27.500685     6.0802     6.2168     0.0160    98.7288 1.0000e-12  -74.05790 -111.32918  34.991440      99.89 1.6278e+03    644.394      15466  1028.9986  1028.9967     4.6836     0.0763     0.1193    34.1256    34.1233    8.32443         29 0.0000e+00
    324.000    320.398    -1.2177  27.508474    -1.2163  27.508087     6.0867     6.2258     0.0415    98.7267 1.0000e-12  -74.05790 -111.32918  34.991453      99.90 1.6287e+03    645.581      15495  1029.0047  1029.0030     4.6834     0.0747     0.1200    34.1275    34.1254    8.32280         29 0.0000e+00
    325.000    321.385    -1.2172  27.509418    -1.2159  27.509126     6.0796     6.2160     0.0527    98.7225 1.0000e-12  -74.05790 -111.32918  34.991467      99.89 1.6282e+03    646.791      15524  1029.0098  1029.0083     4.6832     0.0776     0.1212    34.1277    34.1258    8.32269         27 0.0000e+00
    326.000    322.374    -1.2128  27.515578    -1.2109  27.515031     6.0654     6.1986     0.0304    98.7386 1.0000e-12  -74.05790 -111.32918  34.991482      99.91 1.6279e+03    648.019      15553  1029.0167  1029.0143     4.6840     0.0757     0.1203    34.1304    34.1276    8.32154         27 0.0000e+00
    327.000    323.363    -1.1870  27.541415    -1.1845  27.541775     6.0619     6.1918     0.0317    98.7100 1.0000e-12  -74.05790 -111.32918  34.991495      81.00 1.6275e+03    649.201      15582  1029.0243  1029.0222     4.6826     0.0747     0.1212    34.1359    34.1335    8.31550         29 0.0000e+00
    328.000    324.349    -1.1836  27.545084    -1.1813  27.545572     6.0536     6.1882     0.0188    98.6968 1.0000e-12  -74.05790 -111.32918  34.991509      97.77 1.6274e+03    650.396      15610  1029.0295  1029.0278     4.6820     0.0791     0.1225    34.1364    34.1345    8.31471         29 0.0000e+00
    329.000    325.337    -1.1805  27.548455    -1.1785  27.548594     6.0460     6.1855     0.0201    98.6622 1.0000e-12  -74.05790 -111.32918  34.991523      98.55 1.6279e+03    651.614      15640  1029.0346  1029.0329     4.6804     0.0742     0.1235    34.1369    34.1349    8.31399         29 0.0000e+00
    330.000    326.326    -1.1759  27.553729    -1.1735  27.554282     6.0483     6.1821     0.0280    98.6967 1.0000e-12  -74.05790 -111.32919  34.991537      99.87 1.6277e+03    652.799      15668  1029.0404  1029.0387     4.6820     0.0746     0.1231    34.1382    34.1363    8.31288         28 0.0000e+00
    331.000    327.314    -1.1742  27.555892    -1.1729  27.555375     6.0471     6.1810     0.0214    98.6957 1.0000e-12  -74.05790 -111.32919  34.991551      99.90 1.6294e+03    653.992      15697  1029.0455  1029.0437     4.6819     0.0744     0.1253    34.1387    34.1365    8.31248         29 0.0000e+00
    332.000    328.302    -1.1738  27.556479    -1.1724  27.556315     6.0444     6.1810     0.0142    98.7162 1.0000e-12  -74.05790 -111.32920  34.991565      99.89 1.6278e+03    655.218      15726  1029.0503  1029.0487     4.6829     0.0743     0.1230    34.1384    34.1366    8.31241         29 0.0000e+00
    333.000    329.290    -1.1738  27.556846    -1.1725  27.556536     6.0423     6.1798     0.0127    98.5640 1.0000e-12  -74.05790 -111.32918  34.991579      99.89 1.6273e+03    656.408      15755  1029.0551  1029.0535     4.6757     0.0729     0.1223    34.1383    34.1364    8.31243         28 0.0000e+00
    334.000    330.278    -1.1734  27.557819    -1.1719  27.557464     6.0491     6.1812     0.0069    98.6284 1.0000e-12  -74.05790 -111.32919  34.991593      99.90 1.6278e+03    657.608      15784  1029.0601  1029.0584     4.6788     0.0795     0.1249    34.1385    34.1364    8.31231         30 0.0000e+00
    335.000    331.266    -1.1727  27.558766    -1.1713  27.558486     6.0473     6.1857     0.0069    98.6788 1.0000e-12  -74.05790 -111.32919  34.991607      99.89 1.6276e+03    658.835      15813  1029.0650  1029.0633     4.6811     0.0733     0.1251    34.1385    34.1365    8.31217         29 0.0000e+00
    336.000    332.256    -1.1721  27.559956    -1.1704  27.559999     6.0398     6.1825     0.0143    98.6740 1.0000e-12  -74.05790 -111.32919  34.991621      99.90 1.6272e+03    660.027      15842  1029.0700  1029.0684     4.6809     0.0773     0.1243    34.1388    34.1369    8.31201         28 0.0000e+00
    337.000    333.243    -1.1692  27.563620    -1.1678  27.563108     6.0307     6.1732     0.0216    98.6423 1.0000e-12  -74.05790 -111.32920  34.991634      99.89 1.6280e+03    661.210      15870  1029.0755  1029.0736     4.6794     0.0779     0.1256    34.1398    34.1375    8.31130         29 0.0000e+00
    338.000    334.229    -1.1628  27.570444    -1.1610  27.570267     6.0229     6.1598     0.0116    98.6622 1.0000e-12  -74.05790 -111.32918  34.991649      99.89 1.6271e+03    662.434      15899  1029.0811  1029.0791     4.6804     0.0749     0.1260    34.1413    34.1390    8.30980         29 0.0000e+00
    339.000    335.218    -1.1548  27.578655    -1.1535  27.578011     6.0163     6.1511     0.0066    98.6695 1.0000e-12  -74.05790 -111.32919  34.991662      99.37 1.6271e+03    663.619      15928  1029.0866  1029.0847     4.6807     0.0711     0.1226    34.1429    34.1405    8.30794         28 0.0000e+00
    340.000    336.207    -1.1474  27.585923    -1.1466  27.585082     6.0168     6.1464     0.0069    98.6513 1.0000e-12  -74.05790 -111.32919  34.991676      98.90 1.6271e+03    664.791      15956  1029.0917  1029.0900     4.6798     0.0752     0.1255    34.1437    34.1417    8.30624         29 0.0000e+00
    341.000    337.195    -1.1470  27.586805    -1.1457  27.586464     6.0217     6.1503     0.0135    98.6459 1.0000e-12  -74.05790 -111.32919  34.991690      99.90 1.6271e+03    666.000      15985  1029.0967  1029.0950     4.6796     0.0824     0.1245    34.1439    34.1419    8.30615         29 0.0000e+00
    342.000    338.183    -1.1457  27.588794    -1.1442  27.588469     6.0197     6.1464     0.0069    98.6575 1.0000e-12  -74.05790 -111.32920  34.991704      99.89 1.6269e+03    667.185      16013  1029.1019  1029.1001     4.6802     0.0750     0.1233    34.1445    34.1423    8.30581         28 0.0000e+00
    343.000    339.171    -1.1431  27.592126    -1.1415  27.591735     6.0143     6.1464     0.0059    98.6401 1.0000e-12  -74.05790 -111.32918  34.991717      99.89 1.6278e+03    668.350      16041  1029.1074  1029.1055     4.6793     0.0723     0.1225    34.1454    34.1431    8.30518         28 0.0000e+00
    344.000    340.158    -1.1394  27.596554    -1.1378  27.596279     6.0085     6.1428    -0.0005    98.6658 1.0000e-12  -74.05790 -111.32919  34.991731      99.90 1.6273e+03    669.556      16070  1029.1130  1029.1111     4.6805     0.0741     0.1234    34.1467    34.1445    8.30430         29 0.0000e+00
    345.000    341.146    -1.1359  27.600722    -1.1344  27.600304     6.0064     6.1459    -0.0007    98.6864 1.0000e-12  -74.05790 -111.32920  34.991745      99.89 1.6267e+03    670.752      16099  1029.1185  1029.1167     4.6815     0.0721     0.1239    34.1478    34.1456    8.30345         28 0.0000e+00
    346.000    342.135    -1.1330  27.604295    -1.1316  27.603916     6.0123     6.1456     0.0024    98.6620 1.0000e-12  -74.05790 -111.32920  34.991758      99.89 1.6277e+03    671.913      16127  1029.1239  1029.1221     4.6804     0.0729     0.1246    34.1487    34.1467    8.30275         29 0.0000e+00
    347.000    343.123    -1.1332  27.605145    -1.1317  27.604848     6.0155     6.1512     0.0068    98.6417 1.0000e-12  -74.05790 -111.32921  34.991772      99.89 1.6278e+03    673.110      16156  1029.1294  1029.1276     4.6794     0.0715     0.1310    34.1495    34.1474    8.30275         29 0.0000e+00
    348.000    344.111    -1.1322  27.607852    -1.1305  27.607685     6.0194     6.1523     0.0027    98.6492 1.0000e-12  -74.05790 -111.32920  34.991786      99.89 1.6270e+03    674.308      16184  1029.1358  1029.1340     4.6797     0.0721     0.1247    34.1515    34.1494    8.30241         28 0.0000e+00
    349.000    345.099    -1.1286  27.612944    -1.1276  27.612052     6.0127     6.1476    -0.0004    98.6647 1.0000e-12  -74.05790 -111.32920  34.991799      99.90 1.6278e+03    675.470      16212  1029.1422  1029.1403     4.6805     0.0721     0.1224    34.1538    34.1514    8.30149         28 0.0000e+00
    350.000    346.087    -1.1265  27.615772    -1.1251  27.615284     6.0076     6.1337     0.0044    98.6663 1.0000e-12  -74.05790 -111.32919  34.991813      85.21 1.6272e+03    676.671      16241  1029.1476  1029.1457     4.6805     0.0714     0.1228    34.1546    34.1524    8.30097         29 0.0000e+00
    351.000    347.073    -1.1135  27.630232    -1.1111  27.630408     6.0039     6.1415     0.0069    98.6876 1.0000e-12  -74.05790 -111.32920  34.991827      96.09 1.6272e+03    677.874      16270  1029.1549  1029.1528     4.6815     0.0729     0.1251    34.1590    34.1565    8.29784         29 0.0000e+00
    352.000    348.063    -1.1126  27.631339    -1.1110  27.631234     6.0007     6.1415     0.0069    98.6824 1.0000e-12  -74.05790 -111.32920  34.991841      99.85 1.6274e+03    679.027      16298  1029.1596  1029.1580     4.6813     0.0708     0.1227    34.1588    34.1568    8.29764         27 0.0000e+00
    353.000    349.051    -1.1101  27.634551    -1.1099  27.632696     5.9942     6.1293    -0.0132    98.6698 1.0000e-12  -74.05790 -111.32920  34.991854      99.89 1.6265e+03    680.218      16326  1029.1652  1029.1629     4.6807     0.0705     0.1221    34.1598    34.1571    8.29704         29 0.0000e+00
    354.000    350.037    -1.1003  27.645140    -1.0991  27.644297     5.9820     6.1192    -0.0010    98.6610 1.0000e-12  -74.05790 -111.32920  34.991868      99.89 1.6267e+03    681.419      16355  1029.1714  1029.1693     4.6803     0.0723     0.1216    34.1625    34.1600    8.29470         28 0.0000e+00
    355.000    351.028    -1.0906  27.655607    -1.0887  27.655225     5.9677     6.1016    -0.0070    98.6658 1.0000e-12  -74.05790 -111.32920  34.991882      99.89 1.6276e+03    682.574      16383  1029.1777  1029.1755     4.6805     0.0714     0.1202    34.1651    34.1625    8.29240         28 0.0000e+00
    356.000    352.015    -1.0751  27.671621    -1.0729  27.671355     5.9550     6.0818    -0.0019    98.6940 1.0000e-12  -74.05790 -111.32920  34.991895      99.89 1.6266e+03    683.755      16411  1029.1844  1029.1820     4.6818     0.0716     0.1210    34.1687    34.1659    8.28876         29 0.0000e+00
    357.000    353.002    -1.0654  27.681603    -1.0637  27.681166     5.9355     6.0692    -0.0101    98.7045 1.0000e-12  -74.05790 -111.32920  34.991909      99.89 1.6274e+03    684.952      16440  1029.1903  1029.1882     4.6824     0.0708     0.1221    34.1707    34.1682    8.28651         28 0.0000e+00
    358.000    353.990    -1.0535  27.693455    -1.0517  27.693238     5.9322     6.0775    -0.0077    98.7090 1.0000e-12  -74.05790 -111.32920  34.991923      99.89 1.6285e+03    686.110      16468  1029.1960  1029.1940     4.6825     0.0732     0.1280    34.1728    34.1704    8.28376         28 0.0000e+00
    359.000    354.977    -1.0498  27.697526    -1.0484  27.696827     5.9159     6.0547     0.0006    98.7081 1.0000e-12  -74.05790 -111.32922  34.991936      99.89 1.6274e+03    687.288      16496  1029.2013  1029.1992     4.6825     0.0718     0.1238    34.1735    34.1710    8.28291         29 0.0000e+00
    360.000    355.967    -1.0389  27.708951    -1.0368  27.708616     5.8736     6.0177    -0.0044    98.7062 1.0000e-12  -74.05790 -111.32920  34.991950      99.90 1.6279e+03    688.490      16525  1029.2075  1029.2051     4.6824     0.0702     0.1233    34.1761    34.1732    8.28035         28 0.0000e+00
    361.000    356.954    -1.0050  27.743064    -1.0011  27.743489     5.8440     5.9940    -0.0046    98.7016 1.0000e-12  -74.05790 -111.32921  34.991964      98.50 1.6269e+03    689.649      16553  1029.2159  1029.2125     4.6822     0.0702     0.1260    34.1835    34.1796    8.27245         28 0.0000e+00
    362.000    357.942    -0.9796  27.767163    -0.9783  27.766307     5.8371     5.9837     0.0059    98.7273 1.0000e-12  -74.05790 -111.32921  34.991977      99.02 1.6278e+03    690.808      16580  1029.2218  1029.2196     4.6835     0.0735     0.1281    34.1868    34.1841    8.26666         28 0.0000e+00
    363.000    358.930    -0.9703  27.777416    -0.9683  27.777000     5.8199     5.9549     0.0143    98.6786 1.0000e-12  -74.05790 -111.32921  34.991991      99.90 1.6270e+03    692.004      16609  1029.2285  1029.2261     4.6811     0.0719     0.1219    34.1896    34.1867    8.26445         29 0.0000e+00
