ocean_section_plots/required_files/ctd/dnbp2202_ctd192.cnv
* Sea-Bird SBE 9 Data File:
* FileName = D:\Data\raw\NBP2202_CTD192.hex
* Software Version Seasave V 7.26.7.121
* Temperature SN = 1649
* Conductivity SN = 2513
* Number of Bytes Per Scan = 40
* Number of Voltage Words = 5
* Number of Scans Averaged by the Deck Unit = 1
* NMEA Latitude = 74 10.65 S
* NMEA Longitude = 113 14.44 W
* NMEA UTC (Time) = Feb 07 2022  11:24:19
* NMEA baud rate = 9600
** Ship: RVIB N.B. Palmer
** Cruise: NBP2202 Thwaites
** Station: 113
** Operator: B Bjork
# nquan = 28
# nvalues = 861                         
# units = specified
# name 0 = prDM: Pressure, Digiquartz [db]
# name 1 = depSM: Depth [salt water, m]
# name 2 = t090C: Temperature [ITS-90, deg C]
# name 3 = c0mS/cm: Conductivity [mS/cm]
# name 4 = t190C: Temperature, 2 [ITS-90, deg C]
# name 5 = c1mS/cm: Conductivity, 2 [mS/cm]
# name 6 = sbeox0ML/L: Oxygen, SBE 43 [ml/l]
# name 7 = sbeox1ML/L: Oxygen, SBE 43, 2 [ml/l]
# name 8 = flECO-AFL: Fluorescence, WET Labs ECO-AFL/FL [mg/m^3]
# name 9 = CStarTr0: Beam Transmission, WET Labs C-Star [%]
# name 10 = par: PAR/Irradiance, Biospherical/Licor
# name 11 = latitude: Latitude [deg]
# name 12 = longitude: Longitude [deg]
# name 13 = timeJ: Julian Days
# name 14 = altM: Altimeter [m]
# name 15 = spar: SPAR, Biospherical/Licor
# name 16 = timeS: Time, Elapsed [seconds]
# name 17 = scan: Scan Count
# name 18 = density00: Density [density, kg/m^3]
# name 19 = density11: Density, 2 [density, kg/m^3]
# name 20 = v3: Voltage 3
# name 21 = v4: Voltage 4
# name 22 = v5: Voltage 5
# name 23 = sal00: Salinity, Practical [PSU]
# name 24 = sal11: Salinity, Practical, 2 [PSU]
# name 25 = oxsolML/L: Oxygen Saturation, Garcia & Gordon [ml/l]
# name 26 = nbin: number of scans per bin
# name 27 = flag: flag
# span 0 =      2.000,    862.000       
# span 1 =      1.979,    851.296       
# span 2 =    -1.6202,     0.3128       
# span 3 =  26.837452,  29.285484       
# span 4 =    -1.6212,     0.3147       
# span 5 =  26.840536,  29.285243       
# span 6 =     4.6286,     8.7398       
# span 7 =     4.7209,     8.9867       
# span 8 =    -0.0213,    24.3159       
# span 9 =    75.2356,    98.4954       
# span 10 = 1.0000e-12, 1.1045e+01      
# span 11 =  -74.17756,  -74.17756      
# span 12 = -113.24076, -113.24068      
# span 13 =  38.477284,  38.487999      
# span 14 =     -31.95,     101.10      
# span 15 = 3.3437e+01, 5.8633e+01      
# span 16 =    178.293,   1104.148      
# span 17 =       4280,      26501      
# span 18 =  1027.1704,  1031.7213      
# span 19 =  1027.1711,  1031.7197      
# span 20 =     3.5695,     4.6725      
# span 21 =     0.0636,     3.4300      
# span 22 =     0.1152,     0.2559      
# span 23 =    33.7759,    34.4657      
# span 24 =    33.7750,    34.4632      
# span 25 =    7.97501,    8.43285      
# span 26 =          3,         48      
# span 27 = 0.0000e+00, 0.0000e+00      
# interval = decibars: 1                
# start_time = Feb 07 2022 11:24:19 [NMEA time, header]
# bad_flag = -9.990e-29
*END*
[from data line 570]
    572.000    565.299     0.1316  28.954171     0.1337  28.954144     4.6975     4.7943    -0.0087    98.1414 1.0000e-12  -74.17756 -113.24072  38.484408      99.90 4.9388e+01    793.818      19053  1030.3220  1030.3200     4.6557     0.0697     0.1323    34.3982    34.3959    8.01643         23 0.0000e+00
    573.000    566.286     0.1317  28.954758     0.1338  28.954682     4.6987     4.7940    -0.0090    98.1312 1.0000e-12  -74.17756 -113.24072  38.484419      99.90 4.9520e+01    794.761      19075  1030.3268  1030.3247     4.6552     0.0698     0.1345    34.3983    34.3959    8.01641         22 0.0000e+00
    574.000    567.272     0.1322  28.955803     0.1343  28.955752     4.7019     4.7913    -0.0092    98.1287 1.0000e-12  -74.17756 -113.24072  38.484430      99.90 5.0896e+01    795.724      19098  1030.3316  1030.3295     4.6551     0.0705     0.1331    34.3985    34.3961    8.01628         24 0.0000e+00
    575.000    568.260     0.1341  28.958216     0.1359  28.957850     4.6974     4.7872    -0.0017    98.1345 1.0000e-12  -74.17756 -113.24072  38.484441      99.91 4.9364e+01    796.686      19121  1030.3366  1030.3344     4.6554     0.0697     0.1331    34.3990    34.3965    8.01587         22 0.0000e+00
    576.000    569.247     0.1346  28.959179     0.1364  28.958796     4.7022     4.7961    -0.0064    98.1360 1.0000e-12  -74.17756 -113.24072  38.484452      99.90 4.9361e+01    797.627      19144  1030.3413  1030.3391     4.6554     0.0707     0.1340    34.3992    34.3966    8.01575         23 0.0000e+00
    577.000    570.234     0.1351  28.960314     0.1372  28.960150     4.6991     4.7908    -0.0042    98.1136 1.0000e-12  -74.17756 -113.24072  38.484463      99.91 5.0894e+01    798.583      19167  1030.3462  1030.3441     4.6544     0.0700     0.1334    34.3995    34.3969    8.01562         23 0.0000e+00
    578.000    571.220     0.1354  28.961104     0.1375  28.961038     4.6956     4.7939    -0.0007    98.1442 1.0000e-12  -74.17756 -113.24072  38.484474      99.90 4.9342e+01    799.554      19190  1030.3510  1030.3489     4.6558     0.0706     0.1373    34.3996    34.3972    8.01556         23 0.0000e+00
    579.000    572.209     0.1358  28.962036     0.1380  28.961979     4.6993     4.7971    -0.0004    98.1287 1.0000e-12  -74.17756 -113.24072  38.484485      99.90 4.9361e+01    800.518      19213  1030.3559  1030.3537     4.6551     0.0690     0.1365    34.3998    34.3973    8.01546         24 0.0000e+00
    580.000    573.193     0.1362  28.962883     0.1383  28.962818     4.6994     4.7969    -0.0014    98.1311 1.0000e-12  -74.17756 -113.24074  38.484496      88.66 5.1209e+01    801.482      19237  1030.3607  1030.3585     4.6552     0.0671     0.1324    34.3999    34.3974    8.01538         22 0.0000e+00
    581.000    574.181     0.1365  28.963751     0.1387  28.963645     4.6990     4.7930    -0.0083    98.1094 1.0000e-12  -74.17756 -113.24072  38.484507      86.53 4.9806e+01    802.435      19259  1030.3654  1030.3633     4.6542     0.0694     0.1336    34.4001    34.3976    8.01529         24 0.0000e+00
    582.000    575.168     0.1373  28.965157     0.1395  28.965125     4.6948     4.7963    -0.0005    98.1181 1.0000e-12  -74.17756 -113.24074  38.484518      96.41 4.9286e+01    803.386      19282  1030.3704  1030.3682     4.6546     0.0697     0.1340    34.4004    34.3980    8.01510         22 0.0000e+00
    583.000    576.155     0.1375  28.965986     0.1397  28.965887     4.6992     4.7962    -0.0010    98.1030 1.0000e-12  -74.17756 -113.24072  38.484529      99.89 5.0457e+01    804.350      19305  1030.3753  1030.3730     4.6538     0.0685     0.1339    34.4008    34.3981    8.01506         24 0.0000e+00
    584.000    577.141     0.1378  28.966443     0.1397  28.966391     4.6987     4.7943    -0.0004    98.1057 1.0000e-12  -74.17756 -113.24072  38.484541      99.90 4.9524e+01    805.323      19329  1030.3798  1030.3778     4.6540     0.0701     0.1350    34.4005    34.3982    8.01501         23 0.0000e+00
    585.000    578.129     0.1378  28.967021     0.1399  28.967020     4.6995     4.7966    -0.0007    98.0914 1.0000e-12  -74.17756 -113.24072  38.484552      99.90 4.9364e+01    806.275      19352  1030.3846  1030.3826     4.6533     0.0696     0.1345    34.4006    34.3983    8.01500         23 0.0000e+00
    586.000    579.116     0.1379  28.967666     0.1401  28.967684     4.6972     4.7928    -0.0077    98.0795 1.0000e-12  -74.17756 -113.24072  38.484563      99.90 5.0483e+01    807.229      19375  1030.3894  1030.3873     4.6527     0.0707     0.1359    34.4008    34.3984    8.01497         22 0.0000e+00
    587.000    580.103     0.1384  28.968700     0.1405  28.968674     4.6999     4.7913    -0.0162    98.0777 1.0000e-12  -74.17756 -113.24072  38.484574      99.91 4.9335e+01    808.188      19398  1030.3943  1030.3922     4.6527     0.0685     0.1363    34.4010    34.3986    8.01486         23 0.0000e+00
    588.000    581.089     0.1384  28.969424     0.1407  28.969337     4.7002     4.7939    -0.0163    98.0880 1.0000e-12  -74.17756 -113.24072  38.484585      99.90 4.9361e+01    809.140      19420  1030.3993  1030.3970     4.6531     0.0707     0.1335    34.4013    34.3987    8.01483         23 0.0000e+00
    589.000    582.074     0.1390  28.970538     0.1411  28.970481     4.6951     4.7941    -0.0092    98.0912 1.0000e-12  -74.17756 -113.24072  38.484596      99.90 5.0525e+01    810.095      19443  1030.4041  1030.4020     4.6532     0.0702     0.1338    34.4016    34.3991    8.01469         23 0.0000e+00
    590.000    583.064     0.1391  28.971317     0.1413  28.971298     4.6964     4.7933    -0.0093    98.0639 1.0000e-12  -74.17756 -113.24072  38.484607      99.90 5.0744e+01    811.055      19466  1030.4091  1030.4069     4.6520     0.0696     0.1346    34.4019    34.3994    8.01466         23 0.0000e+00
    591.000    584.050     0.1394  28.972356     0.1416  28.972423     4.7003     4.7966    -0.0017    98.0576 1.0000e-12  -74.17756 -113.24072  38.484618      99.90 4.9368e+01    811.995      19489  1030.4141  1030.4121     4.6517     0.0703     0.1382    34.4024    34.4000    8.01457         23 0.0000e+00
    592.000    585.038     0.1399  28.973452     0.1422  28.973567     4.7016     4.7935    -0.0067    98.0631 1.0000e-12  -74.17756 -113.24072  38.484629      99.91 5.0392e+01    812.928      19511  1030.4190  1030.4170     4.6520     0.0697     0.1341    34.4026    34.4002    8.01444         22 0.0000e+00
    593.000    586.024     0.1403  28.974426     0.1425  28.974433     4.6999     4.7948    -0.0096    98.1050 1.0000e-12  -74.17756 -113.24072  38.484640      89.70 5.0821e+01    813.883      19534  1030.4239  1030.4218     4.6539     0.0678     0.1333    34.4029    34.4005    8.01435         23 0.0000e+00
    594.000    587.010     0.1425  28.977645     0.1446  28.977513     4.7002     4.7908    -0.0093    98.0754 1.0000e-12  -74.17756 -113.24072  38.484651      78.06 4.9354e+01    814.838      19557  1030.4294  1030.4272     4.6526     0.0678     0.1329    34.4041    34.4016    8.01382         23 0.0000e+00
    595.000    587.997     0.1438  28.979457     0.1459  28.979370     4.6962     4.7841    -0.0100    98.1079 1.0000e-12  -74.17756 -113.24072  38.484662      89.37 5.0249e+01    815.778      19580  1030.4343  1030.4321     4.6541     0.0681     0.1370    34.4044    34.4019    8.01353         22 0.0000e+00
    596.000    588.985     0.1460  28.982470     0.1481  28.982336     4.6983     4.7895    -0.0089    98.1205 1.0000e-12  -74.17756 -113.24072  38.484673      98.58 5.1532e+01    816.726      19602  1030.4395  1030.4373     4.6547     0.0701     0.1350    34.4054    34.4028    8.01302         23 0.0000e+00
    597.000    589.971     0.1484  28.985675     0.1507  28.985595     4.7012     4.7891    -0.0083    98.1304 1.0000e-12  -74.17756 -113.24072  38.484684      99.90 4.9973e+01    817.668      19625  1030.4447  1030.4424     4.6552     0.0702     0.1339    34.4063    34.4037    8.01247         23 0.0000e+00
    598.000    590.958     0.1501  28.987837     0.1523  28.987834     4.6988     4.7891    -0.0149    98.1116 1.0000e-12  -74.17756 -113.24072  38.484695      99.91 5.0050e+01    818.611      19648  1030.4496  1030.4474     4.6542     0.0693     0.1346    34.4066    34.4042    8.01209         23 0.0000e+00
    599.000    591.944     0.1527  28.990885     0.1550  28.991057     4.6924     4.7910    -0.0156    98.1203 1.0000e-12  -74.17756 -113.24072  38.484706      99.90 5.1966e+01    819.583      19671  1030.4545  1030.4525     4.6547     0.0696     0.1339    34.4072    34.4049    8.01153         23 0.0000e+00
    600.000    592.931     0.1578  28.996534     0.1602  28.996555     4.6883     4.7882    -0.0074    98.1360 1.0000e-12  -74.17756 -113.24072  38.484717      99.90 5.0048e+01    820.543      19694  1030.4596  1030.4574     4.6555     0.0694     0.1311    34.4083    34.4057    8.01039         23 0.0000e+00
    601.000    593.917     0.1583  28.997257     0.1602  28.996971     4.6899     4.7847    -0.0040    98.1545 1.0000e-12  -74.17756 -113.24072  38.484728      99.90 5.0162e+01    821.480      19717  1030.4642  1030.4621     4.6563     0.0705     0.1347    34.4082    34.4057    8.01030         22 0.0000e+00
    602.000    594.907     0.1599  28.999402     0.1621  28.999309     4.6919     4.7846    -0.0045    98.1483 1.0000e-12  -74.17756 -113.24072  38.484739      99.90 5.1667e+01    822.421      19739  1030.4691  1030.4669     4.6560     0.0694     0.1350    34.4086    34.4060    8.00994         23 0.0000e+00
    603.000    595.890     0.1600  28.999929     0.1622  28.999824     4.6854     4.7839     0.0034    98.1360 1.0000e-12  -74.17756 -113.24072  38.484750      99.90 5.0203e+01    823.375      19762  1030.4739  1030.4717     4.6555     0.0697     0.1332    34.4086    34.4061    8.00992         23 0.0000e+00
    604.000    596.879     0.1599  29.000254     0.1620  29.000045     4.6860     4.7894    -0.0165    98.1449 1.0000e-12  -74.17756 -113.24072  38.484761      99.90 5.0662e+01    824.329      19785  1030.4785  1030.4764     4.6558     0.0717     0.1344    34.4085    34.4060    8.00994         23 0.0000e+00
    605.000    597.864     0.1597  29.000339     0.1619  29.000364     4.6939     4.7900    -0.0097    98.1449 1.0000e-12  -74.17756 -113.24072  38.484772      99.90 5.1120e+01    825.283      19808  1030.4832  1030.4811     4.6559     0.0693     0.1320    34.4084    34.4059    8.01001         23 0.0000e+00
    606.000    598.853     0.1598  29.000982     0.1620  29.000977     4.6910     4.7897    -0.0021    98.1613 1.0000e-12  -74.17756 -113.24072  38.484783      99.90 5.0568e+01    826.221      19830  1030.4880  1030.4858     4.6566     0.0700     0.1367    34.4084    34.4060    8.00997         22 0.0000e+00
    607.000    599.837     0.1599  29.001554     0.1620  29.001458     4.6878     4.7839    -0.0063    98.1382 1.0000e-12  -74.17756 -113.24072  38.484793      99.91 5.0881e+01    827.140      19852  1030.4927  1030.4906     4.6556     0.0711     0.1345    34.4085    34.4061    8.00994         22 0.0000e+00
    608.000    600.825     0.1612  29.003401     0.1634  29.003450     4.6919     4.7770    -0.0044    98.1157 1.0000e-12  -74.17756 -113.24072  38.484804      78.17 5.2415e+01    828.068      19875  1030.4977  1030.4956     4.6545     0.0688     0.1342    34.4089    34.4065    8.00966         22 0.0000e+00
    609.000    601.813     0.1614  29.003974     0.1636  29.004033     4.6886     4.7826    -0.0006    98.1227 1.0000e-12  -74.17756 -113.24072  38.484815      92.62 5.0738e+01    829.019      19897  1030.5024  1030.5003     4.6548     0.0698     0.1336    34.4089    34.4065    8.00962         23 0.0000e+00
    610.000    602.799     0.1609  29.003810     0.1631  29.003795     4.6904     4.7850    -0.0007    98.1426 1.0000e-12  -74.17756 -113.24072  38.484826      99.86 5.1122e+01    829.953      19920  1030.5069  1030.5048     4.6557     0.0692     0.1355    34.4086    34.4062    8.00973         23 0.0000e+00
    611.000    603.787     0.1609  29.004226     0.1630  29.004154     4.6952     4.7814    -0.0004    98.1313 1.0000e-12  -74.17756 -113.24072  38.484837      99.90 5.1124e+01    830.877      19942  1030.5116  1030.5095     4.6552     0.0699     0.1355    34.4086    34.4062    8.00973         22 0.0000e+00
    612.000    604.772     0.1609  29.004804     0.1631  29.004709     4.6925     4.7771     0.0065    98.1299 1.0000e-12  -74.17756 -113.24072  38.484847      99.90 5.1124e+01    831.807      19964  1030.5165  1030.5142     4.6551     0.0706     0.1339    34.4088    34.4062    8.00973         22 0.0000e+00
    613.000    605.760     0.1612  29.005448     0.1634  29.005454     4.6884     4.7785     0.0006    98.1293 1.0000e-12  -74.17756 -113.24072  38.484858      99.90 5.1124e+01    832.746      19987  1030.5211  1030.5190     4.6551     0.0700     0.1332    34.4087    34.4063    8.00966         23 0.0000e+00
    614.000    606.746     0.1614  29.006058     0.1636  29.006116     4.6922     4.7827    -0.0007    98.1315 1.0000e-12  -74.17756 -113.24072  38.484869      99.90 5.1805e+01    833.696      20010  1030.5258  1030.5237     4.6552     0.0700     0.1320    34.4087    34.4063    8.00963         23 0.0000e+00
    615.000    607.733     0.1614  29.006741     0.1637  29.006725     4.6874     4.7845    -0.0011    98.1276 1.0000e-12  -74.17756 -113.24072  38.484880      99.91 5.1210e+01    834.637      20032  1030.5307  1030.5285     4.6551     0.0692     0.1352    34.4090    34.4064    8.00960         22 0.0000e+00
    616.000    608.718     0.1618  29.007492     0.1640  29.007496     4.6918     4.7828    -0.0007    98.1370 1.0000e-12  -74.17756 -113.24071  38.484891      99.89 5.1043e+01    835.567      20055  1030.5354  1030.5333     4.6555     0.0700     0.1358    34.4090    34.4066    8.00952         22 0.0000e+00
    617.000    609.707     0.1620  29.008078     0.1641  29.007965     4.6927     4.7847    -0.0032    98.1382 1.0000e-12  -74.17756 -113.24070  38.484902      99.90 5.2037e+01    836.494      20077  1030.5401  1030.5379     4.6555     0.0703     0.1350    34.4089    34.4065    8.00948         23 0.0000e+00
    618.000    610.693     0.1622  29.008709     0.1643  29.008755     4.6859     4.7818    -0.0157    98.1357 1.0000e-12  -74.17756 -113.24072  38.484913      99.90 5.1794e+01    837.442      20100  1030.5448  1030.5427     4.6554     0.0708     0.1320    34.4090    34.4067    8.00945         22 0.0000e+00
    619.000    611.679     0.1626  29.009868     0.1648  29.009741     4.6895     4.7822    -0.0083    98.1315 1.0000e-12  -74.17756 -113.24070  38.484923      99.89 5.1125e+01    838.374      20122  1030.5498  1030.5475     4.6552     0.0683     0.1345    34.4095    34.4068    8.00933         23 0.0000e+00
    620.000    612.666     0.1632  29.010979     0.1654  29.010954     4.6880     4.7862    -0.0090    98.1287 1.0000e-12  -74.17756 -113.24072  38.484934      99.90 5.1124e+01    839.301      20144  1030.5546  1030.5524     4.6551     0.0700     0.1326    34.4096    34.4071    8.00919         22 0.0000e+00
    621.000    613.653     0.1642  29.012458     0.1663  29.012437     4.6867     4.7837    -0.0090    98.1215 1.0000e-12  -74.17756 -113.24070  38.484945      99.90 5.1124e+01    840.237      20167  1030.5595  1030.5573     4.6548     0.0695     0.1364    34.4100    34.4075    8.00898         23 0.0000e+00
    622.000    614.640     0.1657  29.014533     0.1677  29.014374     4.6885     4.7809    -0.0077    98.0962 1.0000e-12  -74.17756 -113.24072  38.484956      79.79 5.1124e+01    841.189      20190  1030.5644  1030.5623     4.6535     0.0680     0.1346    34.4104    34.4080    8.00864         23 0.0000e+00
