ocean_section_plots/required_files/ctd/dnbp2202_ctd097.cnv
* Sea-Bird SBE 9 Data File:
* FileName = D:\Data\raw\NBP2202_CTD097.hex
* Software Version Seasave V 7.26.7.121
* Temperature SN = 1649
* Conductivity SN = 2513
* Number of Bytes Per Scan = 40
* Number of Voltage Words = 5
* Number of Scans Averaged by the Deck Unit = 1
* NMEA Latitude = 74 10.51 S
* NMEA Longitude = 113 20.67 W
* NMEA UTC (Time) = Jan 27 2022  00:59:28
* NMEA baud rate = 9600
** Ship: RVIB N.B. Palmer
** Cruise: NBP2202 Thwaites
** Station: YoYo001
** Operator: A. Robinson
# nquan = 25
# nvalues = 607                         
# units = specified
# name 0 = prDM: Pressure, Digiquartz [db]
# name 1 = depSM: Depth [salt water, m]
# name 2 = t090C: Temperature [ITS-90, deg C]
# name 3 = c0mS/cm: Conductivity [mS/cm]
# name 4 = t190C: Temperature, 2 [ITS-90, deg C]
# name 5 = c1mS/cm: Conductivity, 2 [mS/cm]
# name 6 = sbeox0ML/L: Oxygen, SBE 43 [ml/l]
# name 7 = sbeox1ML/L: Oxygen, SBE 43, 2 [ml/l]
# name 8 = flECO-AFL: Fluorescence, WET Labs ECO-AFL/FL [mg/m^3]
# name 9 = CStarTr0: Beam Transmission, WET Labs C-Star [%]
# name 10 = par: PAR/Irradiance, Biospherical/Licor
# name 11 = latitude: Latitude [deg]
# name 12 = longitude: Longitude [deg]
# name 13 = timeJ: Julian Days
# name 14 = altM: Altimeter [m]
# name 15 = spar: SPAR, Biospherical/Licor
# name 16 = timeS: Time, Elapsed [seconds]
# name 17 = scan: Scan Count
# name 18 = density00: Density [density, kg/m^3]
# name 19 = density11: Density, 2 [density, kg/m^3]
# name 20 = sal00: Salinity, Practical [PSU]
# name 21 = sal11: Salinity, Practical, 2 [PSU]
# name 22 = oxsolML/L: Oxygen Saturation, Garcia & Gordon [ml/l]
# name 23 = nbin: number of scans per bin
# name 24 = flag: flag
# span 0 =     10.000,    616.000       
# span 1 =      9.897,    608.720       
# span 2 =    -1.5173,     0.0922       
# span 3 =  26.922998,  28.927198       
# span 4 =    -1.5164,     0.0949       
# span 5 =  26.922979,  28.927454       
# span 6 =     4.6771,     8.0766       
# span 7 =     4.7415,     8.0097       
# span 8 =    -0.0224,    22.0003       
# span 9 =    73.5535,    95.5329       
# span 10 = 1.0000e-12, 4.5167e+01      
# span 11 =  -74.17528,  -74.17528      
# span 12 = -113.34460, -113.34455      
# span 13 =  27.041807,  27.051312      
# span 14 =       5.63,     100.56      
# span 15 = 9.0818e+02, 1.6658e+03      
# span 16 =     44.145,    865.365      
# span 17 =       1060,      20770      
# span 18 =  1027.2289,  1030.5178      
# span 19 =  1027.2266,  1030.5155      
# span 20 =    33.7974,    34.3817      
# span 21 =    33.7943,    34.3790      
# span 22 =    8.02559,    8.40804      
# span 23 =         23,         47      
# span 24 = 0.0000e+00, 0.0000e+00      
# interval = decibars: 1                
# start_time = Jan 27 2022 00:59:28 [NMEA time, header]
# bad_flag = -9.990e-29
*END*
[from data line 174]
    184.000    182.014    -1.0449  27.500691    -1.0503  27.491648     5.2527     5.3274    -0.0142    95.4296 1.0000e-12  -74.17528 -113.34457  27.044732      99.87 1.4303e+03    296.813       7125  1028.2311  1028.2266    34.0074    34.0012    8.29156         28 0.0000e+00
    185.000    183.004    -1.0408  27.504866    -1.0391  27.504268     5.2455     5.3159    -0.0082    95.4453 1.0000e-12  -74.17528 -113.34457  27.044745      99.86 1.4210e+03    297.980       7153  1028.2362  1028.2339    34.0078    34.0051    8.29063         28 0.0000e+00
    186.000    183.992    -1.0365  27.509556    -1.0347  27.508878     5.2545     5.3213    -0.0145    95.4299 1.0000e-12  -74.17528 -113.34458  27.044759      99.86 1.4150e+03    299.162       7181  1028.2417  1028.2392    34.0087    34.0058    8.28963         29 0.0000e+00
    187.000    184.980    -1.0319  27.513981    -1.0305  27.513446     5.2778     5.3560    -0.0147    95.4278 1.0000e-12  -74.17528 -113.34458  27.044773      99.87 1.4134e+03    300.350       7209  1028.2465  1028.2446    34.0090    34.0067    8.28860         28 0.0000e+00
    188.000    185.971    -1.0497  27.500522    -1.0490  27.499985     5.2966     5.3732    -0.0147    95.4434 1.0000e-12  -74.17528 -113.34458  27.044786      99.87 1.4151e+03    301.520       7237  1028.2536  1028.2523    34.0101    34.0085    8.29247         28 0.0000e+00
    189.000    186.958    -1.0550  27.499995    -1.0532  27.499512     5.3074     5.3802    -0.0181    95.4379 1.0000e-12  -74.17528 -113.34458  27.044800      79.38 1.4179e+03    302.679       7265  1028.2626  1028.2603    34.0148    34.0121    8.29336         28 0.0000e+00
    190.000    187.947    -1.0522  27.503203    -1.0504  27.502814     5.3083     5.3868    -0.0216    95.4315 1.0000e-12  -74.17528 -113.34458  27.044813      89.23 1.4238e+03    303.838       7293  1028.2677  1028.2656    34.0154    34.0129    8.29271         28 0.0000e+00
    191.000    188.935    -1.0540  27.502238    -1.0526  27.501640     5.3213     5.3977    -0.0131    95.4404 1.0000e-12  -74.17528 -113.34458  27.044827      99.75 1.4290e+03    305.029       7322  1028.2728  1028.2708    34.0155    34.0131    8.29310         29 0.0000e+00
    192.000    189.924    -1.0581  27.499015    -1.0567  27.498545     5.3231     5.4000    -0.0117    95.4283 1.0000e-12  -74.17528 -113.34458  27.044841      99.87 1.4305e+03    306.230       7351  1028.2776  1028.2757    34.0151    34.0128    8.29403         29 0.0000e+00
    193.000    190.914    -1.0612  27.496870    -1.0600  27.496112     5.3329     5.3999    -0.0139    95.3842 1.0000e-12  -74.17528 -113.34458  27.044854      99.87 1.4245e+03    307.422       7379  1028.2825  1028.2806    34.0151    34.0127    8.29472         28 0.0000e+00
    194.000    191.901    -1.0638  27.495090    -1.0619  27.495071     5.3350     5.4134    -0.0208    95.4017 1.0000e-12  -74.17528 -113.34457  27.044868      99.87 1.4135e+03    308.584       7407  1028.2874  1028.2856    34.0149    34.0128    8.29529         27 0.0000e+00
    195.000    192.892    -1.0665  27.493263    -1.0643  27.493456     5.3463     5.4260    -0.0097    95.4428 1.0000e-12  -74.17528 -113.34457  27.044881      99.86 1.3953e+03    309.738       7435  1028.2923  1028.2904    34.0149    34.0127    8.29590         28 0.0000e+00
    196.000    193.880    -1.0729  27.488364    -1.0720  27.487469     5.3505     5.4227    -0.0140    95.4467 1.0000e-12  -74.17528 -113.34457  27.044895      99.87 1.3730e+03    310.911       7463  1028.2975  1028.2956    34.0148    34.0126    8.29732         29 0.0000e+00
    197.000    194.868    -1.0748  27.487241    -1.0739  27.486296     5.3683     5.4385    -0.0214    95.4535 1.0000e-12  -74.17528 -113.34456  27.044909      99.87 1.3469e+03    312.107       7492  1028.3023  1028.3005    34.0148    34.0126    8.29774         28 0.0000e+00
    198.000    195.856    -1.0787  27.484610    -1.0772  27.484312     5.3882     5.4574    -0.0137    95.4743 1.0000e-12  -74.17528 -113.34456  27.044922      99.87 1.3197e+03    313.294       7520  1028.3075  1028.3057    34.0150    34.0129    8.29858         29 0.0000e+00
    199.000    196.846    -1.0934  27.474115    -1.0917  27.473897     5.3964     5.4650    -0.0067    95.4756 1.0000e-12  -74.17528 -113.34456  27.044936      99.87 1.2947e+03    314.479       7548  1028.3146  1028.3128    34.0168    34.0146    8.30175         28 0.0000e+00
    200.000    197.835    -1.0935  27.475404    -1.0917  27.475185     5.3765     5.4576    -0.0096    95.4533 1.0000e-12  -74.17528 -113.34456  27.044950      99.87 1.2727e+03    315.657       7577  1028.3203  1028.3184    34.0180    34.0157    8.30169         28 0.0000e+00
    201.000    198.823    -1.0838  27.485693    -1.0825  27.484502     5.3732     5.4610    -0.0119    95.4738 1.0000e-12  -74.17528 -113.34456  27.044963      94.10 1.2541e+03    316.814       7605  1028.3263  1028.3238    34.0204    34.0173    8.29940         28 0.0000e+00
    202.000    199.811    -1.0764  27.492878    -1.0745  27.492682     5.3601     5.4478    -0.0132    95.4828 1.0000e-12  -74.17528 -113.34457  27.044977      97.40 1.2423e+03    317.970       7632  1028.3313  1028.3292    34.0213    34.0188    8.29772         27 0.0000e+00
    203.000    200.802    -1.0734  27.496361    -1.0722  27.495367     5.3168     5.3997    -0.0146    95.5048 1.0000e-12  -74.17528 -113.34456  27.044990      99.90 1.2370e+03    319.140       7660  1028.3364  1028.3341    34.0220    34.0192    8.29701         29 0.0000e+00
    204.000    201.788    -1.0472  27.521607    -1.0443  27.520850     5.2896     5.3797    -0.0111    95.4967 1.0000e-12  -74.17528 -113.34458  27.045004      99.87 1.2380e+03    320.316       7689  1028.3427  1028.3391    34.0262    34.0219    8.29097         28 0.0000e+00
    205.000    202.778    -1.0186  27.547466    -1.0169  27.546971     5.2871     5.3653    -0.0193    95.4958 1.0000e-12  -74.17528 -113.34456  27.045017      99.87 1.2446e+03    321.494       7717  1028.3475  1028.3454    34.0284    34.0259    8.28452         28 0.0000e+00
    206.000    203.766    -1.0254  27.541757    -1.0200  27.544828     5.2800     5.3526    -0.0120    95.4939 1.0000e-12  -74.17528 -113.34457  27.045031      99.87 1.2554e+03    322.665       7745  1028.3524  1028.3505    34.0277    34.0258    8.28606         28 0.0000e+00
    207.000    204.755    -1.0166  27.550865    -1.0077  27.556681     5.2649     5.3499    -0.0125    95.4956 1.0000e-12  -74.17528 -113.34457  27.045044      99.87 1.2692e+03    323.832       7773  1028.3582  1028.3559    34.0296    34.0274    8.28402         29 0.0000e+00
    208.000    205.744    -1.0018  27.565421    -1.0027  27.562975     5.2744     5.3554    -0.0142    95.4976 1.0000e-12  -74.17528 -113.34458  27.045058      99.87 1.2851e+03    325.016       7801  1028.3641  1028.3624    34.0320    34.0298    8.28060         28 0.0000e+00
    209.000    206.733    -1.0083  27.560685    -1.0062  27.560513     5.2755     5.3545    -0.0145    95.4921 1.0000e-12  -74.17528 -113.34458  27.045072      99.86 1.3031e+03    326.208       7830  1028.3697  1028.3676    34.0323    34.0297    8.28202         29 0.0000e+00
    210.000    207.721    -1.0052  27.564100    -1.0030  27.564075     5.2647     5.3414    -0.0147    95.4839 1.0000e-12  -74.17528 -113.34458  27.045086      99.87 1.3218e+03    327.388       7858  1028.3750  1028.3728    34.0329    34.0304    8.28131         28 0.0000e+00
    211.000    208.709    -1.0008  27.569089    -0.9968  27.570375     5.2532     5.3346    -0.0058    95.4821 1.0000e-12  -74.17528 -113.34458  27.045099      99.86 1.3393e+03    328.539       7886  1028.3805  1028.3780    34.0340    34.0312    8.28026         28 0.0000e+00
    212.000    209.699    -0.9895  27.579757    -0.9879  27.579045     5.2328     5.3215    -0.0013    95.4903 1.0000e-12  -74.17528 -113.34458  27.045112      87.93 1.3576e+03    329.697       7914  1028.3855  1028.3832    34.0351    34.0324    8.27771         27 0.0000e+00
    213.000    210.686    -0.9880  27.581623    -0.9867  27.580717     5.2246     5.3227    -0.0149    95.4797 1.0000e-12  -74.17528 -113.34458  27.045126      97.34 1.3740e+03    330.867       7942  1028.3905  1028.3883    34.0354    34.0327    8.27736         29 0.0000e+00
    214.000    211.676    -0.9784  27.591413    -0.9762  27.590560     5.1948     5.2899    -0.0166    95.4747 1.0000e-12  -74.17528 -113.34458  27.045139      99.83 1.3875e+03    332.046       7970  1028.3962  1028.3933    34.0372    34.0336    8.27514         28 0.0000e+00
    215.000    212.664    -0.9573  27.611445    -0.9549  27.611044     5.1163     5.2143    -0.0216    95.4811 1.0000e-12  -74.17528 -113.34458  27.045153      99.86 1.4009e+03    333.224       7998  1028.4020  1028.3993    34.0400    34.0368    8.27034         28 0.0000e+00
    216.000    213.653    -0.9123  27.655520    -0.9000  27.660759     5.0491     5.1479    -0.0150    95.4779 1.0000e-12  -74.17528 -113.34458  27.045166      99.87 1.4135e+03    334.383       8026  1028.4105  1028.4042    34.0485    34.0417    8.25996         27 0.0000e+00
    217.000    214.642    -0.8375  27.723183    -0.8341  27.723546     5.0279     5.1214    -0.0098    95.4575 1.0000e-12  -74.17528 -113.34458  27.045180      99.87 1.4236e+03    335.523       8054  1028.4158  1028.4130    34.0552    34.0519    8.24317         27 0.0000e+00
    218.000    215.630    -0.8306  27.730073    -0.8287  27.729435     5.0257     5.1096    -0.0145    95.4556 1.0000e-12  -74.17528 -113.34458  27.045193      99.86 1.4337e+03    336.679       8081  1028.4214  1028.4190    34.0561    34.0532    8.24160         29 0.0000e+00
    219.000    216.619    -0.8279  27.732876    -0.8262  27.732163     5.0308     5.1096    -0.0140    95.4442 1.0000e-12  -74.17528 -113.34458  27.045207      99.87 1.4434e+03    337.868       8110  1028.4267  1028.4243    34.0563    34.0534    8.24101         29 0.0000e+00
    220.000    217.606    -0.8273  27.733848    -0.8255  27.733220     5.0316     5.1158    -0.0182    95.4177 1.0000e-12  -74.17528 -113.34458  27.045221      99.87 1.4508e+03    339.062       8138  1028.4319  1028.4295    34.0563    34.0534    8.24086         28 0.0000e+00
    221.000    218.596    -0.8273  27.733981    -0.8257  27.733356     5.0320     5.1141    -0.0103    95.3889 1.0000e-12  -74.17528 -113.34458  27.045234      99.86 1.4565e+03    340.240       8167  1028.4368  1028.4345    34.0559    34.0532    8.24090         28 0.0000e+00
    222.000    219.585    -0.8270  27.734773    -0.8250  27.734298     5.0372     5.1132    -0.0174    95.3697 1.0000e-12  -74.17528 -113.34458  27.045248      99.87 1.4608e+03    341.401       8195  1028.4419  1028.4395    34.0560    34.0531    8.24082         28 0.0000e+00
    223.000    220.574    -0.8264  27.735597    -0.8245  27.735170     5.0406     5.1138    -0.0140    95.3680 1.0000e-12  -74.17528 -113.34458  27.045261      83.68 1.4633e+03    342.563       8223  1028.4468  1028.4446    34.0558    34.0531    8.24070         28 0.0000e+00
    224.000    221.560    -0.8260  27.736252    -0.8244  27.735471     5.0386     5.1143    -0.0206    95.3500 1.0000e-12  -74.17528 -113.34458  27.045275      94.51 1.4650e+03    343.747       8251  1028.4517  1028.4493    34.0557    34.0528    8.24063         29 0.0000e+00
    225.000    222.550    -0.8257  27.736910    -0.8237  27.736522     5.0346     5.1121    -0.0128    95.3376 1.0000e-12  -74.17528 -113.34458  27.045289      99.83 1.4669e+03    344.950       8280  1028.4566  1028.4542    34.0556    34.0528    8.24056         29 0.0000e+00
    226.000    223.539    -0.8247  27.738312    -0.8228  27.737798     5.0322     5.1095    -0.0070    95.3294 1.0000e-12  -74.17528 -113.34458  27.045303      99.87 1.4705e+03    346.137       8308  1028.4616  1028.4592    34.0557    34.0529    8.24033         28 0.0000e+00
    227.000    224.527    -0.8213  27.742021    -0.8192  27.741563     5.0331     5.1023    -0.0197    95.3263 1.0000e-12  -74.17528 -113.34458  27.045316      99.87 1.4733e+03    347.294       8336  1028.4667  1028.4643    34.0563    34.0534    8.23955         27 0.0000e+00
    228.000    225.516    -0.8182  27.745424    -0.8159  27.745325     5.0226     5.0984    -0.0127    95.3202 1.0000e-12  -74.17528 -113.34458  27.045329      99.87 1.4773e+03    348.436       8363  1028.4719  1028.4695    34.0568    34.0541    8.23885         28 0.0000e+00
    229.000    226.505    -0.8142  27.749847    -0.8123  27.749390     5.0268     5.0969    -0.0107    95.3206 1.0000e-12  -74.17528 -113.34458  27.045342      99.87 1.4826e+03    349.572       8391  1028.4772  1028.4748    34.0577    34.0549    8.23793         27 0.0000e+00
    230.000    227.493    -0.8111  27.753558    -0.8093  27.752958     5.0277     5.0985    -0.0096    95.3083 1.0000e-12  -74.17528 -113.34458  27.045356      99.86 1.4896e+03    350.723       8418  1028.4825  1028.4802    34.0585    34.0557    8.23719         28 0.0000e+00
    231.000    228.482    -0.8101  27.755071    -0.8080  27.754787     5.0266     5.0989    -0.0174    95.2899 1.0000e-12  -74.17528 -113.34458  27.045369      99.87 1.4986e+03    351.900       8447  1028.4876  1028.4853    34.0589    34.0562    8.23695         29 0.0000e+00
    232.000    229.468    -0.8080  27.757771    -0.8061  27.757299     5.0262     5.0960    -0.0132    95.2935 1.0000e-12  -74.17528 -113.34458  27.045383      99.87 1.5090e+03    353.090       8475  1028.4930  1028.4906    34.0596    34.0568    8.23646         28 0.0000e+00
    233.000    230.460    -0.8072  27.759404    -0.8053  27.758983     5.0272     5.1006    -0.0125    95.2914 1.0000e-12  -74.17528 -113.34458  27.045397      99.86 1.5196e+03    354.281       8504  1028.4983  1028.4960    34.0603    34.0576    8.23624         29 0.0000e+00
    234.000    231.447    -0.8077  27.759440    -0.8059  27.759052     5.0248     5.1002    -0.0127    95.2926 1.0000e-12  -74.17528 -113.34458  27.045410      91.51 1.5298e+03    355.460       8532  1028.5032  1028.5010    34.0603    34.0577    8.23635         28 0.0000e+00
    235.000    232.437    -0.8079  27.759730    -0.8061  27.759262     5.0241     5.0982    -0.0123    95.2853 1.0000e-12  -74.17528 -113.34458  27.045424      91.18 1.5377e+03    356.621       8560  1028.5081  1028.5058    34.0603    34.0576    8.23640         27 0.0000e+00
    236.000    233.424    -0.8075  27.760591    -0.8057  27.760102     5.0248     5.0939    -0.0134    95.2769 1.0000e-12  -74.17528 -113.34458  27.045437      99.43 1.5425e+03    357.772       8588  1028.5129  1028.5107    34.0603    34.0577    8.23630         28 0.0000e+00
    237.000    234.412    -0.8075  27.760936    -0.8058  27.760464     5.0292     5.0957    -0.0190    95.2877 1.0000e-12  -74.17528 -113.34458  27.045451      99.86 1.5443e+03    358.943       8616  1028.5177  1028.5155    34.0603    34.0577    8.23632         29 0.0000e+00
    238.000    235.402    -0.8081  27.761146    -0.8063  27.760735     5.0269     5.0979    -0.0142    95.2872 1.0000e-12  -74.17528 -113.34458  27.045464      99.87 1.5441e+03    360.128       8644  1028.5228  1028.5206    34.0606    34.0580    8.23643         27 0.0000e+00
    239.000    236.390    -0.8063  27.763444    -0.8043  27.763186     5.0207     5.0983    -0.0041    95.2654 1.0000e-12  -74.17528 -113.34458  27.045478      99.87 1.5407e+03    361.299       8672  1028.5279  1028.5256    34.0611    34.0584    8.23601         28 0.0000e+00
    240.000    237.378    -0.8047  27.765689    -0.8030  27.764966     5.0182     5.0941    -0.0123    95.2843 1.0000e-12  -74.17528 -113.34458  27.045491      99.87 1.5342e+03    362.461       8700  1028.5330  1028.5306    34.0616    34.0587    8.23561         29 0.0000e+00
