ocean_section_plots/required_files/ctd/dnbp2202_ctd296.cnv
* Sea-Bird SBE 9 Data File:
* FileName = D:\Data\raw\NBP2202_CTD296.hex
* Software Version Seasave V 7.26.7.121
* Temperature SN = 1649
* Conductivity SN = 2513
* Number of Bytes Per Scan = 40
* Number of Voltage Words = 5
* Number of Scans Averaged by the Deck Unit = 1
* NMEA Latitude = 71 59.99 S
* NMEA Longitude = 119 23.94 W
* NMEA UTC (Time) = Feb 25 2022  00:29:03
* NMEA baud rate = 9600
** Ship: RVIB N.B. Palmer
** Cruise: NBP2202 Thwaites
** Station: 198
** Operator: A. Robinson
# nquan = 28
# nvalues = 1507                        
# units = specified
# name 0 = prDM: Pressure, Digiquartz [db]
# name 1 = depSM: Depth [salt water, m]
# name 2 = t090C: Temperature [ITS-90, deg C]
# name 3 = c0mS/cm: Conductivity [mS/cm]
# name 4 = t190C: Temperature, 2 [ITS-90, deg C]
# name 5 = c1mS/cm: Conductivity, 2 [mS/cm]
# name 6 = sbeox0ML/L: Oxygen, SBE 43 [ml/l]
# name 7 = sbeox1ML/L: Oxygen, SBE 43, 2 [ml/l]
# name 8 = flECO-AFL: Fluorescence, WET Labs ECO-AFL/FL [mg/m^3]
# name 9 = CStarTr0: Beam Transmission, WET Labs C-Star [%]
# name 10 = par: PAR/Irradiance, Biospherical/Licor
# name 11 = latitude: Latitude [deg]
# name 12 = longitude: Longitude [deg]
# name 13 = timeJ: Julian Days
# name 14 = altM: Altimeter [m]
# name 15 = spar: SPAR, Biospherical/Licor
# name 16 = timeS: Time, Elapsed [seconds]
# name 17 = scan: Scan Count
# name 18 = density00: Density [density, kg/m^3]
# name 19 = density11: Density, 2 [density, kg/m^3]
# name 20 = v3: Voltage 3
# name 21 = v4: Voltage 4
# name 22 = v5: Voltage 5
# name 23 = sal00: Salinity, Practical [PSU]
# name 24 = sal11: Salinity, Practical, 2 [PSU]
# name 25 = oxsolML/L: Oxygen Saturation, Garcia & Gordon [ml/l]
# name 26 = nbin: number of scans per bin
# name 27 = flag: flag
# span 0 =      2.000,   1508.000       
# span 1 =      1.976,   1487.182       
# span 2 =    -1.7086,     1.6642       
# span 3 =  26.686913,  30.439375       
# span 4 =    -1.7096,     1.6670       
# span 5 =  26.687954,  30.439965       
# span 6 =     4.1826,     8.9477       
# span 7 =     4.3233,     9.2592       
# span 8 =    -0.0154,    11.7274       
# span 9 =    83.0114,    99.8725       
# span 10 = 1.0000e-12, 6.4802e+02      
# span 11 =  -72.00000,  -71.99998      
# span 12 = -119.39900, -119.39896      
# span 13 =  56.023367,  56.043399      
# span 14 =       9.56,     125.77      
# span 15 = 1.1341e+03, 1.3099e+03      
# span 16 =    275.886,   2006.716      
# span 17 =       6622,      48162      
# span 18 =  1026.3985,  1034.8837      
# span 19 =  1026.4027,  1034.8822      
# span 20 =     3.9379,     4.7377      
# span 21 =     0.0634,     1.8552      
# span 22 =     0.1041,     0.2839      
# span 23 =    32.8146,    34.7293      
# span 24 =    32.8192,    34.7277      
# span 25 =    7.69037,    8.43554      
# span 26 =          6,         49      
# span 27 = 0.0000e+00, 0.0000e+00      
# interval = decibars: 1                
# start_time = Feb 25 2022 00:29:03 [NMEA time, header]
# bad_flag = -9.990e-29
*END*
[from data line 777]
    779.000    769.579     1.1670  30.184574     1.1689  30.185219     4.4754     4.6053    -0.0029    99.7958 1.0000e-12  -71.99998 -119.39898  56.033311      99.75 1.2605e+03   1135.083      27243  1031.4682  1031.4671     4.7341     0.0694     0.1081    34.7239    34.7227    7.78761         26 0.0000e+00
    780.000    770.564     1.1667  30.184779     1.1689  30.185754     4.4688     4.6107    -0.0065    99.7884 1.0000e-12  -71.99998 -119.39898  56.033323      99.75 1.2613e+03   1136.098      27267  1031.4730  1031.4718     4.7338     0.0692     0.1080    34.7240    34.7228    7.78768         23 0.0000e+00
    781.000    771.551     1.1672  30.185772     1.1693  30.186442     4.4748     4.6102    -0.0008    99.7791 1.0000e-12  -71.99998 -119.39898  56.033333      99.76 1.2622e+03   1137.016      27289  1031.4777  1031.4763     4.7333     0.0699     0.1063    34.7242    34.7227    7.78757         22 0.0000e+00
    782.000    772.536     1.1674  30.186324     1.1696  30.187166     4.4767     4.6044    -0.0004    99.7927 1.0000e-12  -71.99998 -119.39897  56.033344      99.75 1.2627e+03   1137.915      27311  1031.4821  1031.4809     4.7339     0.0700     0.1077    34.7240    34.7227    7.78753         22 0.0000e+00
    783.000    773.524     1.1679  30.187313     1.1700  30.188018     4.4706     4.5968    -0.0004    99.7590 1.0000e-12  -71.99998 -119.39897  56.033355      99.75 1.2624e+03   1138.906      27335  1031.4868  1031.4855     4.7324     0.0692     0.1071    34.7242    34.7228    7.78742         26 0.0000e+00
    784.000    774.506     1.1671  30.186898     1.1693  30.187738     4.4680     4.6060    -0.0004    99.7877 1.0000e-12  -71.99998 -119.39897  56.033369      99.75 1.2605e+03   1140.062      27362  1031.4915  1031.4902     4.7337     0.0695     0.1078    34.7240    34.7227    7.78759         28 0.0000e+00
    785.000    775.497     1.1659  30.186390     1.1681  30.187154     4.4732     4.6090    -0.0134    99.7787 1.0000e-12  -71.99998 -119.39898  56.033382      99.75 1.2605e+03   1141.166      27389  1031.4963  1031.4949     4.7333     0.0693     0.1062    34.7241    34.7226    7.78782         24 0.0000e+00
    786.000    776.481     1.1655  30.186446     1.1677  30.187237     4.4732     4.6099    -0.0096    99.8030 1.0000e-12  -71.99998 -119.39896  56.033393      99.74 1.2616e+03   1142.126      27412  1031.5010  1031.4997     4.7344     0.0707     0.1071    34.7241    34.7227    7.78790         22 0.0000e+00
    787.000    777.466     1.1645  30.185904     1.1666  30.186633     4.4736     4.6107     0.0004    99.7906 1.0000e-12  -71.99998 -119.39898  56.033403      99.76 1.2606e+03   1143.030      27434  1031.5057  1031.5043     4.7339     0.0691     0.1091    34.7240    34.7225    7.78812         22 0.0000e+00
    788.000    778.454     1.1639  30.185896     1.1661  30.186704     4.4790     4.6112     0.0069    99.7783 1.0000e-12  -71.99998 -119.39897  56.033414      73.43 1.2600e+03   1143.998      27457  1031.5104  1031.5090     4.7333     0.0675     0.1073    34.7241    34.7226    7.78823         25 0.0000e+00
    789.000    779.438     1.1624  30.184687     1.1645  30.185577     4.4784     4.6109     0.0036    99.7938 1.0000e-12  -71.99998 -119.39898  56.033427      92.56 1.2591e+03   1145.081      27483  1031.5149  1031.5137     4.7340     0.0693     0.1085    34.7236    34.7224    7.78855         28 0.0000e+00
    790.000    780.425     1.1593  30.182412     1.1614  30.183224     4.4743     4.6048    -0.0003    99.8028 1.0000e-12  -71.99998 -119.39896  56.033440      99.65 1.2586e+03   1146.190      27510  1031.5199  1031.5186     4.7344     0.0683     0.1078    34.7236    34.7223    7.78917         25 0.0000e+00
    791.000    781.411     1.1570  30.180821     1.1592  30.181553     4.4760     4.6052    -0.0004    99.7907 1.0000e-12  -71.99998 -119.39898  56.033451      99.75 1.2593e+03   1147.208      27534  1031.5247  1031.5233     4.7339     0.0690     0.1091    34.7235    34.7220    7.78962         23 0.0000e+00
    792.000    782.395     1.1550  30.179326     1.1570  30.180068     4.4781     4.6078     0.0009    99.7907 1.0000e-12  -71.99998 -119.39896  56.033463      99.75 1.2605e+03   1148.160      27557  1031.5293  1031.5281     4.7338     0.0699     0.1094    34.7232    34.7219    7.79004         23 0.0000e+00
    793.000    783.384     1.1527  30.177639     1.1550  30.178685     4.4821     4.6125     0.0065    99.7861 1.0000e-12  -71.99998 -119.39896  56.033473      99.75 1.2602e+03   1149.096      27579  1031.5341  1031.5329     4.7337     0.0703     0.1070    34.7231    34.7218    7.79051         22 0.0000e+00
    794.000    784.368     1.1477  30.173600     1.1505  30.175116     4.4778     4.6197    -0.0078    99.7864 1.0000e-12  -71.99998 -119.39896  56.033485      99.74 1.2592e+03   1150.068      27603  1031.5391  1031.5379     4.7336     0.0702     0.1077    34.7229    34.7216    7.79152         24 0.0000e+00
    795.000    785.355     1.1478  30.174343     1.1504  30.175471     4.4812     4.6173     0.0131    99.7907 1.0000e-12  -71.99998 -119.39896  56.033496      99.75 1.2593e+03   1151.094      27627  1031.5439  1031.5426     4.7338     0.0710     0.1063    34.7232    34.7217    7.79148         25 0.0000e+00
    796.000    786.342     1.1460  30.173090     1.1480  30.173682     4.4752     4.6158     0.0012    99.7759 1.0000e-12  -71.99998 -119.39896  56.033509      99.75 1.2592e+03   1152.142      27652  1031.5486  1031.5473     4.7332     0.0693     0.1065    34.7230    34.7216    7.79184         25 0.0000e+00
    797.000    787.325     1.1435  30.171182     1.1455  30.171921     4.4824     4.6177    -0.0065    99.7875 1.0000e-12  -71.99998 -119.39896  56.033520      99.75 1.2600e+03   1153.139      27676  1031.5533  1031.5521     4.7337     0.0698     0.1070    34.7227    34.7214    7.79235         23 0.0000e+00
    798.000    788.313     1.1430  30.171442     1.1454  30.172411     4.4825     4.6209    -0.0029    99.7964 1.0000e-12  -71.99998 -119.39896  56.033531      99.75 1.2606e+03   1154.093      27699  1031.5582  1031.5568     4.7341     0.0707     0.1042    34.7230    34.7216    7.79243         23 0.0000e+00
    799.000    789.299     1.1429  30.171746     1.1452  30.172610     4.4867     4.6115    -0.0004    99.7907 1.0000e-12  -71.99998 -119.39896  56.033542      99.75 1.2600e+03   1155.058      27722  1031.5628  1031.5614     4.7339     0.0701     0.1077    34.7230    34.7215    7.79246         24 0.0000e+00
    800.000    790.282     1.1423  30.171612     1.1443  30.172251     4.4841     4.6102    -0.0004    99.7925 1.0000e-12  -71.99998 -119.39896  56.033554      99.75 1.2600e+03   1156.097      27747  1031.5675  1031.5661     4.7340     0.0709     0.1089    34.7229    34.7215    7.79259         26 0.0000e+00
    801.000    791.273     1.1418  30.171560     1.1439  30.172263     4.4873     4.6135    -0.0042    99.8011 1.0000e-12  -71.99998 -119.39896  56.033567      87.37 1.2598e+03   1157.195      27774  1031.5720  1031.5708     4.7344     0.0688     0.1091    34.7228    34.7214    7.79268         24 0.0000e+00
    802.000    792.258     1.1416  30.171946     1.1438  30.172750     4.4852     4.6171    -0.0045    99.7988 1.0000e-12  -71.99998 -119.39896  56.033579      96.05 1.2584e+03   1158.268      27799  1031.5768  1031.5755     4.7342     0.0695     0.1062    34.7230    34.7216    7.79271         25 0.0000e+00
    803.000    793.244     1.1405  30.171392     1.1427  30.172194     4.4833     4.6179     0.0021    99.7885 1.0000e-12  -71.99998 -119.39896  56.033591      99.74 1.2577e+03   1159.249      27823  1031.5815  1031.5802     4.7338     0.0691     0.1073    34.7229    34.7215    7.79294         23 0.0000e+00
    804.000    794.227     1.1390  30.170480     1.1413  30.171428     4.4843     4.6177     0.0052    99.7861 1.0000e-12  -71.99998 -119.39896  56.033602      99.75 1.2589e+03   1160.185      27845  1031.5863  1031.5851     4.7336     0.0692     0.1069    34.7228    34.7216    7.79323         22 0.0000e+00
    805.000    795.214     1.1369  30.169018     1.1391  30.169899     4.4915     4.6195    -0.0001    99.7918 1.0000e-12  -71.99998 -119.39896  56.033613      99.75 1.2591e+03   1161.130      27868  1031.5911  1031.5898     4.7339     0.0708     0.1074    34.7228    34.7214    7.79366         23 0.0000e+00
    806.000    796.202     1.1358  30.168598     1.1379  30.169343     4.4919     4.6207     0.0143    99.8040 1.0000e-12  -71.99998 -119.39896  56.033624      99.75 1.2592e+03   1162.127      27892  1031.5959  1031.5946     4.7345     0.0729     0.1078    34.7229    34.7215    7.79387         25 0.0000e+00
    807.000    797.186     1.1345  30.167760     1.1367  30.168620     4.4894     4.6223    -0.0001    99.7965 1.0000e-12  -71.99998 -119.39896  56.033636      99.75 1.2590e+03   1163.184      27917  1031.6005  1031.5992     4.7341     0.0709     0.1087    34.7227    34.7213    7.79415         26 0.0000e+00
    808.000    798.172     1.1331  30.167076     1.1354  30.167914     4.4879     4.6237    -0.0080    99.7782 1.0000e-12  -71.99998 -119.39896  56.033649      99.76 1.2573e+03   1164.253      27943  1031.6054  1031.6040     4.7333     0.0712     0.1062    34.7228    34.7214    7.79442         25 0.0000e+00
    809.000    799.158     1.1327  30.167081     1.1349  30.168020     4.4920     4.6209    -0.0077    99.7543 1.0000e-12  -71.99998 -119.39898  56.033660      99.75 1.2582e+03   1165.264      27967  1031.6099  1031.6088     4.7321     0.0709     0.1076    34.7226    34.7215    7.79450         24 0.0000e+00
    810.000    800.143     1.1313  30.166202     1.1333  30.166935     4.4928     4.6230    -0.0080    99.7589 1.0000e-12  -71.99998 -119.39896  56.033671      99.75 1.2589e+03   1166.211      27990  1031.6146  1031.6134     4.7324     0.0696     0.1100    34.7225    34.7213    7.79479         21 0.0000e+00
    811.000    801.131     1.1292  30.164723     1.1313  30.165560     4.4906     4.6240     0.0002    99.7806 1.0000e-12  -71.99998 -119.39898  56.033682      99.75 1.2596e+03   1167.124      28012  1031.6194  1031.6182     4.7334     0.0689     0.1084    34.7224    34.7211    7.79522         23 0.0000e+00
    812.000    802.116     1.1278  30.164174     1.1300  30.164921     4.4925     4.6256    -0.0001    99.7799 1.0000e-12  -71.99998 -119.39896  56.033693      99.75 1.2582e+03   1168.081      28035  1031.6244  1031.6230     4.7333     0.0687     0.1066    34.7227    34.7212    7.79547         24 0.0000e+00
    813.000    803.102     1.1272  30.164064     1.1294  30.164836     4.4980     4.6256    -0.0042    99.7795 1.0000e-12  -71.99998 -119.39898  56.033706      89.08 1.2573e+03   1169.160      28061  1031.6290  1031.6277     4.7333     0.0692     0.1100    34.7226    34.7212    7.79559         28 0.0000e+00
    814.000    804.087     1.1259  30.163087     1.1278  30.163924     4.4917     4.6265    -0.0007    99.7876 1.0000e-12  -71.99998 -119.39896  56.033719      77.37 1.2578e+03   1170.329      28089  1031.6336  1031.6325     4.7337     0.0688     0.1066    34.7223    34.7212    7.79588         27 0.0000e+00
    815.000    805.074     1.1251  30.163103     1.1273  30.163861     4.4930     4.6266    -0.0004    99.8087 1.0000e-12  -71.99998 -119.39898  56.033731      99.53 1.2588e+03   1171.388      28114  1031.6386  1031.6372     4.7347     0.0698     0.1097    34.7227    34.7212    7.79602         24 0.0000e+00
    816.000    806.060     1.1241  30.162734     1.1263  30.163496     4.4948     4.6274    -0.0004    99.7897 1.0000e-12  -71.99998 -119.39896  56.033742      99.76 1.2598e+03   1172.327      28137  1031.6433  1031.6419     4.7337     0.0693     0.1095    34.7227    34.7212    7.79621         21 0.0000e+00
    817.000    807.045     1.1233  30.162356     1.1254  30.163150     4.5003     4.6255    -0.0004    99.7802 1.0000e-12  -71.99998 -119.39898  56.033753      99.75 1.2606e+03   1173.231      28159  1031.6479  1031.6466     4.7334     0.0697     0.1075    34.7226    34.7212    7.79638         22 0.0000e+00
    818.000    808.031     1.1225  30.162219     1.1248  30.163116     4.4991     4.6256    -0.0004    99.7320 1.0000e-12  -71.99998 -119.39896  56.033764      99.75 1.2580e+03   1174.180      28181  1031.6527  1031.6514     4.7311     0.0699     0.1064    34.7226    34.7213    7.79653         24 0.0000e+00
    819.000    809.018     1.1224  30.162536     1.1246  30.163344     4.4940     4.6310    -0.0073    99.7699 1.0000e-12  -71.99998 -119.39896  56.033776      99.76 1.2600e+03   1175.206      28206  1031.6574  1031.6560     4.7329     0.0719     0.1073    34.7227    34.7212    7.79656         25 0.0000e+00
    820.000    810.002     1.1218  30.162401     1.1241  30.163345     4.4930     4.6314    -0.0009    99.7710 1.0000e-12  -71.99998 -119.39896  56.033788      99.75 1.2621e+03   1176.259      28231  1031.6620  1031.6608     4.7329     0.0724     0.1077    34.7226    34.7213    7.79668         25 0.0000e+00
    821.000    810.990     1.1205  30.161767     1.1227  30.162615     4.4975     4.6308     0.0056    99.7918 1.0000e-12  -71.99998 -119.39896  56.033799      99.75 1.2607e+03   1177.247      28255  1031.6668  1031.6656     4.7339     0.0707     0.1063    34.7227    34.7213    7.79694         23 0.0000e+00
    822.000    811.974     1.1192  30.161153     1.1214  30.161893     4.4966     4.6321    -0.0033    99.7734 1.0000e-12  -71.99998 -119.39896  56.033810      99.75 1.2607e+03   1178.177      28277  1031.6717  1031.6703     4.7330     0.0704     0.1062    34.7228    34.7212    7.79719         22 0.0000e+00
    823.000    812.961     1.1179  30.160313     1.1202  30.161189     4.4971     4.6330    -0.0040    99.7709 1.0000e-12  -71.99998 -119.39898  56.033821      99.75 1.2628e+03   1179.099      28299  1031.6763  1031.6750     4.7329     0.0696     0.1088    34.7225    34.7211    7.79746         22 0.0000e+00
    824.000    813.947     1.1161  30.159281     1.1183  30.160091     4.4947     4.6301    -0.0035    99.7570 1.0000e-12  -71.99998 -119.39896  56.033832      99.75 1.2603e+03   1180.094      28323  1031.6812  1031.6798     4.7323     0.0704     0.1069    34.7226    34.7212    7.79781         26 0.0000e+00
    825.000    814.931     1.1157  30.159346     1.1180  30.160147     4.4972     4.6357    -0.0082    99.7505 1.0000e-12  -71.99998 -119.39898  56.033845      99.76 1.2606e+03   1181.203      28350  1031.6858  1031.6844     4.7320     0.0708     0.1087    34.7226    34.7211    7.79788         27 0.0000e+00
    826.000    815.920     1.1156  30.159552     1.1177  30.160395     4.4998     4.6336    -0.0085    99.7880 1.0000e-12  -71.99998 -119.39898  56.033858      71.73 1.2613e+03   1182.323      28377  1031.6904  1031.6891     4.7337     0.0670     0.1066    34.7225    34.7212    7.79793         26 0.0000e+00
    827.000    816.903     1.1146  30.159101     1.1168  30.159963     4.4989     4.6293    -0.0049    99.8038 1.0000e-12  -71.99998 -119.39898  56.033870      89.83 1.2589e+03   1183.372      28402  1031.6950  1031.6938     4.7345     0.0648     0.1088    34.7224    34.7211    7.79812         24 0.0000e+00
    828.000    817.891     1.1134  30.158563     1.1156  30.159392     4.4973     4.6305    -0.0047    99.7778 1.0000e-12  -71.99998 -119.39898  56.033881      99.60 1.2589e+03   1184.354      28425  1031.6999  1031.6986     4.7333     0.0700     0.1063    34.7225    34.7211    7.79836         24 0.0000e+00
    829.000    818.876     1.1133  30.159049     1.1156  30.159911     4.4916     4.6307    -0.0119    99.7990 1.0000e-12  -71.99998 -119.39898  56.033893      99.75 1.2613e+03   1185.341      28449  1031.7047  1031.7033     4.7342     0.0698     0.1098    34.7226    34.7212    7.79837         24 0.0000e+00
