ocean_section_plots/required_files/ctd/dnbp2202_ctd051.cnv
* Sea-Bird SBE 9 Data File:
* FileName = D:\Data\raw\NBP2202_CTD051.hex
* Software Version Seasave V 7.26.7.121
* Temperature SN = 1649
* Conductivity SN = 2513
* Number of Bytes Per Scan = 40
* Number of Voltage Words = 5
* Number of Scans Averaged by the Deck Unit = 1
* NMEA Latitude = 74 13.57 S
* NMEA Longitude = 112 46.78 W
* NMEA UTC (Time) = Jan 24 2022  06:04:52
* NMEA baud rate = 9600
** Ship: RVIB N.B. Palmer
** Cruise: NBP2202 Thwaites
** Station: Section Dotson C
** Operator: B Bjork
# nquan = 25
# nvalues = 827                         
# units = specified
# name 0 = prDM: Pressure, Digiquartz [db]
# name 1 = depSM: Depth [salt water, m]
# name 2 = t090C: Temperature [ITS-90, deg C]
# name 3 = c0mS/cm: Conductivity [mS/cm]
# name 4 = t190C: Temperature, 2 [ITS-90, deg C]
# name 5 = c1mS/cm: Conductivity, 2 [mS/cm]
# name 6 = sbeox0ML/L: Oxygen, SBE 43 [ml/l]
# name 7 = sbeox1ML/L: Oxygen, SBE 43, 2 [ml/l]
# name 8 = flECO-AFL: Fluorescence, WET Labs ECO-AFL/FL [mg/m^3]
# name 9 = CStarTr0: Beam Transmission, WET Labs C-Star [%]
# name 10 = par: PAR/Irradiance, Biospherical/Licor
# name 11 = latitude: Latitude [deg]
# name 12 = longitude: Longitude [deg]
# name 13 = timeJ: Julian Days
# name 14 = altM: Altimeter [m]
# name 15 = spar: SPAR, Biospherical/Licor
# name 16 = timeS: Time, Elapsed [seconds]
# name 17 = scan: Scan Count
# name 18 = density00: Density [density, kg/m^3]
# name 19 = density11: Density, 2 [density, kg/m^3]
# name 20 = sal00: Salinity, Practical [PSU]
# name 21 = sal11: Salinity, Practical, 2 [PSU]
# name 22 = oxsolML/L: Oxygen Saturation, Garcia & Gordon [ml/l]
# name 23 = nbin: number of scans per bin
# name 24 = flag: flag
# span 0 =      2.000,    828.000       
# span 1 =      1.981,    817.795       
# span 2 =    -1.4930,     0.3882       
# span 3 =  27.099236,  29.367749       
# span 4 =    -1.4924,     0.3900       
# span 5 =  27.098835,  29.367112       
# span 6 =     4.6359,     8.2628       
# span 7 =     4.8419,     8.5527       
# span 8 =    -0.0192,    22.2790       
# span 9 =    71.9629,    96.5037       
# span 10 = 1.0000e-12, 6.7030e+01      
# span 11 =  -74.22628,  -74.22587      
# span 12 = -112.77982, -112.77812      
# span 13 =  24.254915,  24.268534      
# span 14 =       5.72,     100.47      
# span 15 = 1.8334e+02, 3.5244e+02      
# span 16 =    132.653,   1309.308      
# span 17 =       3185,      31424      
# span 18 =  1027.1865,  1031.5893      
# span 19 =  1027.1849,  1031.5868      
# span 20 =    33.7854,    34.5061      
# span 21 =    33.7881,    34.5033      
# span 22 =    7.95718,    8.39435      
# span 23 =         21,         47      
# span 24 = 0.0000e+00, 0.0000e+00      
# interval = decibars: 1                
# start_time = Jan 24 2022 06:04:52 [NMEA time, header]
# bad_flag = -9.990e-29
*END*
[from data line 754]
    756.000    746.813     0.3533  29.293532     0.3555  29.293162     4.6514     4.8509    -0.0045    96.3175 1.0000e-12  -74.22592 -112.77821  24.266493      80.39 3.4740e+02   1132.970      27192  1031.2419  1031.2394    34.4893    34.4864    7.96531         32 0.0000e+00
    757.000    747.798     0.3535  29.294295     0.3557  29.293888     4.6480     4.8529     0.0084    96.3118 1.0000e-12  -74.22592 -112.77822  24.266509      79.44 3.4729e+02   1134.341      27225  1031.2467  1031.2442    34.4894    34.4865    7.96525         33 0.0000e+00
    758.000    748.783     0.3539  29.295286     0.3561  29.294912     4.6416     4.8560    -0.0003    96.3281 1.0000e-12  -74.22591 -112.77822  24.266524      78.41 3.4729e+02   1135.709      27258  1031.2515  1031.2491    34.4897    34.4868    7.96515         31 0.0000e+00
    759.000    749.770     0.3542  29.296137     0.3564  29.295696     4.6454     4.8579    -0.0073    96.3416 1.0000e-12  -74.22591 -112.77822  24.266540      77.34 3.4729e+02   1137.095      27291  1031.2564  1031.2538    34.4899    34.4869    7.96508         33 0.0000e+00
    760.000    750.757     0.3546  29.296900     0.3567  29.296521     4.6493     4.8575    -0.0019    96.3359 1.0000e-12  -74.22590 -112.77822  24.266556      76.33 3.4729e+02   1138.473      27324  1031.2611  1031.2586    34.4899    34.4871    7.96501         33 0.0000e+00
    761.000    751.742     0.3554  29.298355     0.3575  29.298084     4.6503     4.8586    -0.0088    96.3186 1.0000e-12  -74.22590 -112.77822  24.266572      75.26 3.4729e+02   1139.857      27358  1031.2660  1031.2637    34.4904    34.4877    7.96482         34 0.0000e+00
    762.000    752.729     0.3556  29.299246     0.3581  29.299470     4.6483     4.8558    -0.0083    96.3241 1.0000e-12  -74.22590 -112.77822  24.266589      74.29 3.4729e+02   1141.316      27393  1031.2710  1031.2687    34.4907    34.4882    7.96476         36 0.0000e+00
    763.000    753.715     0.3563  29.300624     0.3586  29.300392     4.6497     4.8549    -0.0032    96.3391 1.0000e-12  -74.22590 -112.77822  24.266607      73.30 3.4714e+02   1142.809      27428  1031.2759  1031.2735    34.4912    34.4883    7.96459         36 0.0000e+00
    764.000    754.700     0.3562  29.300948     0.3582  29.300422     4.6515     4.8481    -0.0117    96.3560 1.0000e-12  -74.22590 -112.77822  24.266624      72.32 3.4687e+02   1144.326      27465  1031.2806  1031.2781    34.4911    34.4882    7.96461         34 0.0000e+00
    765.000    755.686     0.3564  29.301687     0.3586  29.301363     4.6502     4.8547    -0.0047    96.3461 1.0000e-12  -74.22590 -112.77822  24.266643      71.28 3.4604e+02   1145.957      27504  1031.2854  1031.2829    34.4912    34.4884    7.96455         36 0.0000e+00
    766.000    756.672     0.3569  29.302778     0.3591  29.302316     4.6489     4.8554    -0.0085    96.3419 1.0000e-12  -74.22590 -112.77822  24.266662      70.20 3.4609e+02   1147.581      27543  1031.2902  1031.2877    34.4915    34.4885    7.96443         37 0.0000e+00
    767.000    757.659     0.3573  29.303766     0.3593  29.303093     4.6516     4.8562    -0.0077    96.3374 1.0000e-12  -74.22590 -112.77822  24.266680      68.91 3.4675e+02   1149.195      27582  1031.2951  1031.2925    34.4918    34.4888    7.96433         34 0.0000e+00
    768.000    758.645     0.3578  29.304689     0.3600  29.304275     4.6481     4.8554    -0.0009    96.3577 1.0000e-12  -74.22590 -112.77822  24.266700      68.25 3.4650e+02   1150.861      27622  1031.2998  1031.2973    34.4919    34.4890    7.96423         38 0.0000e+00
    769.000    759.630     0.3588  29.306377     0.3611  29.306019     4.6480     4.8490    -0.0070    96.3636 1.0000e-12  -74.22591 -112.77822  24.266719      67.01 3.4702e+02   1152.505      27661  1031.3048  1031.3023    34.4924    34.4895    7.96399         39 0.0000e+00
    770.000    760.617     0.3592  29.307086     0.3614  29.306865     4.6475     4.8490    -0.0042    96.3708 1.0000e-12  -74.22591 -112.77822  24.266737      66.28 3.4724e+02   1154.117      27700  1031.3094  1031.3071    34.4923    34.4896    7.96391         39 0.0000e+00
    771.000    761.603     0.3598  29.308331     0.3620  29.307999     4.6533     4.8561     0.0014    96.3713 1.0000e-12  -74.22591 -112.77822  24.266757      65.24 3.4729e+02   1155.763      27739  1031.3143  1031.3119    34.4927    34.4899    7.96378         40 0.0000e+00
    772.000    762.590     0.3600  29.309061     0.3622  29.308764     4.6499     4.8590    -0.0129    96.3636 1.0000e-12  -74.22590 -112.77822  24.266776      63.72 3.4729e+02   1157.451      27780  1031.3192  1031.3166    34.4929    34.4900    7.96373         37 0.0000e+00
    773.000    763.574     0.3605  29.310106     0.3628  29.309834     4.6487     4.8585    -0.0098    96.3837 1.0000e-12  -74.22590 -112.77822  24.266796      62.76 3.4729e+02   1159.176      27821  1031.3240  1031.3215    34.4931    34.4902    7.96361         39 0.0000e+00
    774.000    764.561     0.3610  29.311105     0.3634  29.310835     4.6498     4.8525    -0.0082    96.3880 1.0000e-12  -74.22590 -112.77822  24.266816      61.87 3.4729e+02   1160.887      27862  1031.3287  1031.3262    34.4933    34.4903    7.96349         39 0.0000e+00
    775.000    765.546     0.3616  29.312314     0.3639  29.312085     4.6484     4.8542    -0.0062    96.3808 1.0000e-12  -74.22590 -112.77822  24.266836      60.55 3.4729e+02   1162.588      27903  1031.3336  1031.3312    34.4936    34.4908    7.96335         39 0.0000e+00
    776.000    766.532     0.3621  29.313255     0.3642  29.312954     4.6444     4.8551    -0.0104    96.3868 1.0000e-12  -74.22590 -112.77822  24.266856      59.33 3.4729e+02   1164.325      27945  1031.3383  1031.3359    34.4937    34.4910    7.96324         38 0.0000e+00
    777.000    767.519     0.3621  29.313598     0.3643  29.313344     4.6469     4.8562    -0.0038    96.3730 1.0000e-12  -74.22590 -112.77822  24.266876      58.88 3.4729e+02   1166.051      27986  1031.3429  1031.3406    34.4936    34.4908    7.96325         39 0.0000e+00
    778.000    768.505     0.3621  29.314130     0.3643  29.313789     4.6468     4.8551    -0.0078    96.4002 1.0000e-12  -74.22590 -112.77822  24.266895      57.67 3.4729e+02   1167.764      28027  1031.3477  1031.3452    34.4937    34.4908    7.96324         37 0.0000e+00
    779.000    769.490     0.3625  29.314943     0.3647  29.314730     4.6445     4.8516    -0.0077    96.3903 1.0000e-12  -74.22590 -112.77822  24.266916      56.36 3.4729e+02   1169.502      28069  1031.3524  1031.3500    34.4938    34.4911    7.96317         37 0.0000e+00
    780.000    770.476     0.3627  29.315650     0.3648  29.315341     4.6466     4.8470    -0.0083    96.3997 1.0000e-12  -74.22590 -112.77822  24.266936      55.58 3.4725e+02   1171.236      28111  1031.3572  1031.3548    34.4939    34.4911    7.96311         40 0.0000e+00
    781.000    771.462     0.3629  29.316396     0.3653  29.316260     4.6482     4.8515    -0.0044    96.3886 1.0000e-12  -74.22590 -112.77822  24.266956      54.82 3.4650e+02   1172.989      28153  1031.3619  1031.3595    34.4941    34.4913    7.96306         38 0.0000e+00
    782.000    772.449     0.3635  29.317551     0.3657  29.317244     4.6462     4.8518    -0.0114    96.3947 1.0000e-12  -74.22590 -112.77822  24.266976      53.19 3.4540e+02   1174.716      28194  1031.3668  1031.3644    34.4943    34.4915    7.96292         39 0.0000e+00
    783.000    773.435     0.3639  29.318423     0.3663  29.318437     4.6438     4.8522    -0.0158    96.3748 1.0000e-12  -74.22590 -112.77823  24.266996      52.22 3.4406e+02   1176.455      28236  1031.3715  1031.3692    34.4944    34.4918    7.96283         37 0.0000e+00
    784.000    774.420     0.3644  29.319604     0.3669  29.319552     4.6390     4.8440    -0.0082    96.3835 1.0000e-12  -74.22590 -112.77824  24.267017      51.29 3.4380e+02   1178.225      28278  1031.3765  1031.3741    34.4949    34.4921    7.96270         38 0.0000e+00
    785.000    775.408     0.3649  29.320503     0.3671  29.320244     4.6455     4.8511    -0.0147    96.4076 1.0000e-12  -74.22590 -112.77824  24.267036      50.58 3.4376e+02   1179.952      28320  1031.3812  1031.3788    34.4950    34.4921    7.96260         37 0.0000e+00
    786.000    776.393     0.3653  29.321547     0.3675  29.321122     4.6534     4.8510    -0.0088    96.3727 1.0000e-12  -74.22590 -112.77824  24.267057      49.18 3.4376e+02   1181.765      28363  1031.3861  1031.3836    34.4952    34.4923    7.96249         42 0.0000e+00
    787.000    777.378     0.3655  29.322173     0.3677  29.321938     4.6473     4.8495    -0.0087    96.3866 1.0000e-12  -74.22590 -112.77824  24.267080      48.19 3.4376e+02   1183.668      28409  1031.3908  1031.3884    34.4953    34.4926    7.96246         46 0.0000e+00
    788.000    778.363     0.3657  29.322745     0.3678  29.322540     4.6492     4.8527    -0.0128    96.3764 1.0000e-12  -74.22590 -112.77824  24.267101      47.14 3.4376e+02   1185.550      28454  1031.3954  1031.3931    34.4953    34.4926    7.96242         41 0.0000e+00
    789.000    779.351     0.3660  29.323614     0.3681  29.323220     4.6455     4.8512    -0.0046    96.3839 1.0000e-12  -74.22590 -112.77824  24.267123      46.14 3.4376e+02   1187.409      28499  1031.4003  1031.3978    34.4955    34.4926    7.96234         36 0.0000e+00
    790.000    780.336     0.3661  29.324227     0.3683  29.323869     4.6500     4.8507    -0.0112    96.3754 1.0000e-12  -74.22590 -112.77824  24.267145      45.13 3.4376e+02   1189.321      28545  1031.4050  1031.4026    34.4956    34.4927    7.96231         37 0.0000e+00
    791.000    781.322     0.3666  29.325185     0.3688  29.324942     4.6459     4.8516    -0.0070    96.4007 1.0000e-12  -74.22590 -112.77824  24.267167      44.13 3.4401e+02   1191.246      28591  1031.4098  1031.4074    34.4958    34.4930    7.96221         40 0.0000e+00
    792.000    782.307     0.3672  29.326338     0.3693  29.325975     4.6434     4.8452    -0.0071    96.3997 1.0000e-12  -74.22590 -112.77824  24.267190      43.15 3.4521e+02   1193.208      28638  1031.4146  1031.4122    34.4960    34.4932    7.96207         40 0.0000e+00
    793.000    783.293     0.3673  29.326859     0.3694  29.326550     4.6464     4.8495    -0.0067    96.3907 1.0000e-12  -74.22590 -112.77824  24.267213      42.17 3.4591e+02   1195.163      28685  1031.4192  1031.4169    34.4960    34.4932    7.96205         39 0.0000e+00
    794.000    784.279     0.3675  29.327511     0.3696  29.327287     4.6448     4.8514    -0.0077    96.4162 1.0000e-12  -74.22590 -112.77824  24.267236      41.00 3.4725e+02   1197.166      28733  1031.4240  1031.4217    34.4960    34.4934    7.96200         45 0.0000e+00
    795.000    785.265     0.3685  29.329128     0.3706  29.328870     4.6437     4.8519    -0.0077    96.3983 1.0000e-12  -74.22590 -112.77824  24.267259      40.09 3.4729e+02   1199.193      28782  1031.4289  1031.4266    34.4965    34.4938    7.96178         44 0.0000e+00
    796.000    786.252     0.3689  29.330296     0.3710  29.329888     4.6460     4.8493    -0.0123    96.3863 1.0000e-12  -74.22590 -112.77824  24.267283      39.07 3.4729e+02   1201.210      28830  1031.4339  1031.4314    34.4969    34.4941    7.96165         39 0.0000e+00
    797.000    787.238     0.3700  29.332023     0.3723  29.331883     4.6439     4.8510    -0.0035    96.3488 1.0000e-12  -74.22590 -112.77824  24.267306      37.99 3.4744e+02   1203.249      28879  1031.4388  1031.4365    34.4974    34.4947    7.96141         34 0.0000e+00
    798.000    788.222     0.3711  29.333759     0.3733  29.333542     4.6434     4.8535    -0.0020    96.3980 1.0000e-12  -74.22590 -112.77824  24.267330      37.06 3.4906e+02   1205.283      28928  1031.4438  1031.4415    34.4979    34.4952    7.96115         37 0.0000e+00
    799.000    789.208     0.3720  29.335388     0.3741  29.334954     4.6445     4.8470    -0.0016    96.4072 1.0000e-12  -74.22590 -112.77824  24.267353      35.83 3.4905e+02   1207.296      28976  1031.4488  1031.4464    34.4984    34.4956    7.96093         36 0.0000e+00
    800.000    790.193     0.3723  29.336056     0.3744  29.335792     4.6399     4.8506    -0.0091    96.3703 1.0000e-12  -74.22590 -112.77824  24.267376      34.66 3.4905e+02   1209.301      29024  1031.4536  1031.4512    34.4985    34.4957    7.96088         40 0.0000e+00
    801.000    791.179     0.3731  29.337667     0.3752  29.337173     4.6475     4.8484    -0.0052    96.3715 1.0000e-12  -74.22590 -112.77824  24.267399      33.86 3.4905e+02   1211.298      29072  1031.4586  1031.4561    34.4991    34.4961    7.96068         39 0.0000e+00
    802.000    792.167     0.3735  29.338413     0.3757  29.338240     4.6487     4.8499    -0.0122    96.3592 1.0000e-12  -74.22590 -112.77826  24.267423      32.72 3.4905e+02   1213.325      29121  1031.4633  1031.4609    34.4991    34.4963    7.96060         36 0.0000e+00
    803.000    793.152     0.3738  29.339373     0.3761  29.339145     4.6463     4.8520    -0.0084    96.4053 1.0000e-12  -74.22590 -112.77826  24.267446      31.50 3.4905e+02   1215.367      29170  1031.4682  1031.4658    34.4994    34.4965    7.96052         35 0.0000e+00
    804.000    794.137     0.3741  29.340148     0.3762  29.339901     4.6420     4.8480    -0.0095    96.4001 1.0000e-12  -74.22590 -112.77826  24.267470      30.69 3.4905e+02   1217.417      29219  1031.4729  1031.4706    34.4994    34.4968    7.96044         36 0.0000e+00
    805.000    795.124     0.3743  29.340839     0.3765  29.340791     4.6471     4.8437    -0.0048    96.3920 1.0000e-12  -74.22589 -112.77826  24.267494      29.75 3.4905e+02   1219.476      29268  1031.4777  1031.4754    34.4996    34.4970    7.96040         40 0.0000e+00
    806.000    796.109     0.3750  29.342284     0.3770  29.341834     4.6466     4.8492    -0.0066    96.3913 1.0000e-12  -74.22589 -112.77826  24.267518      28.35 3.4905e+02   1221.560      29318  1031.4827  1031.4803    34.5001    34.4972    7.96023         41 0.0000e+00
    807.000    797.094     0.3753  29.343017     0.3773  29.342515     4.6423     4.8493    -0.0122    96.4224 1.0000e-12  -74.22589 -112.77826  24.267542      27.41 3.4905e+02   1223.643      29368  1031.4874  1031.4850    34.5002    34.4973    7.96017         38 0.0000e+00
    808.000    798.081     0.3756  29.343871     0.3777  29.343402     4.6435     4.8484    -0.0081    96.4143 1.0000e-12  -74.22590 -112.77826  24.267566      26.51 3.4827e+02   1225.696      29418  1031.4922  1031.4897    34.5004    34.4975    7.96009         42 0.0000e+00
    809.000    799.066     0.3759  29.344622     0.3781  29.344434     4.6426     4.8511    -0.0127    96.4184 1.0000e-12  -74.22590 -112.77826  24.267589      25.41 3.4840e+02   1227.725      29466  1031.4969  1031.4946    34.5004    34.4977    7.96002         38 0.0000e+00
    810.000    800.051     0.3760  29.345144     0.3782  29.344940     4.6428     4.8502    -0.0058    96.3894 1.0000e-12  -74.22590 -112.77826  24.267614      24.28 3.4846e+02   1229.840      29517  1031.5016  1031.4992    34.5005    34.4977    7.96001         33 0.0000e+00
    811.000    801.036     0.3766  29.346337     0.3787  29.345992     4.6432     4.8511    -0.0090    96.4074 1.0000e-12  -74.22590 -112.77826  24.267640      23.40 3.4813e+02   1232.085      29571  1031.5065  1031.5041    34.5007    34.4980    7.95986         41 0.0000e+00
    812.000    802.024     0.3768  29.347029     0.3790  29.346742     4.6453     4.8512    -0.0139    96.4122 1.0000e-12  -74.22590 -112.77826  24.267667      22.30 3.4815e+02   1234.427      29627  1031.5113  1031.5088    34.5009    34.4980    7.95982         39 0.0000e+00
