ocean_section_plots/required_files/ctd/dnbp2202_ctd267.cnv
* Sea-Bird SBE 9 Data File:
* FileName = D:\Data\raw\NBP2202_CTD267.hex
* Software Version Seasave V 7.26.7.121
* Temperature SN = 1649
* Conductivity SN = 2513
* Number of Bytes Per Scan = 40
* Number of Voltage Words = 5
* Number of Scans Averaged by the Deck Unit = 1
* NMEA Latitude = 73 52.84 S
* NMEA Longitude = 118 44.36 W
* NMEA UTC (Time) = Feb 19 2022  22:03:27
* NMEA baud rate = 9600
** Ship: RVIB N.B. Palmer
** Cruise: NBP2202 Thwaites
** Station: 151
** Operator: A. Robinson
# nquan = 28
# nvalues = 681                         
# units = specified
# name 0 = prDM: Pressure, Digiquartz [db]
# name 1 = depSM: Depth [salt water, m]
# name 2 = t090C: Temperature [ITS-90, deg C]
# name 3 = c0mS/cm: Conductivity [mS/cm]
# name 4 = t190C: Temperature, 2 [ITS-90, deg C]
# name 5 = c1mS/cm: Conductivity, 2 [mS/cm]
# name 6 = sbeox0ML/L: Oxygen, SBE 43 [ml/l]
# name 7 = sbeox1ML/L: Oxygen, SBE 43, 2 [ml/l]
# name 8 = flECO-AFL: Fluorescence, WET Labs ECO-AFL/FL [mg/m^3]
# name 9 = CStarTr0: Beam Transmission, WET Labs C-Star [%]
# name 10 = par: PAR/Irradiance, Biospherical/Licor
# name 11 = latitude: Latitude [deg]
# name 12 = longitude: Longitude [deg]
# name 13 = timeJ: Julian Days
# name 14 = altM: Altimeter [m]
# name 15 = spar: SPAR, Biospherical/Licor
# name 16 = timeS: Time, Elapsed [seconds]
# name 17 = scan: Scan Count
# name 18 = density00: Density [density, kg/m^3]
# name 19 = density11: Density, 2 [density, kg/m^3]
# name 20 = v3: Voltage 3
# name 21 = v4: Voltage 4
# name 22 = v5: Voltage 5
# name 23 = sal00: Salinity, Practical [PSU]
# name 24 = sal11: Salinity, Practical, 2 [PSU]
# name 25 = oxsolML/L: Oxygen Saturation, Garcia & Gordon [ml/l]
# name 26 = nbin: number of scans per bin
# name 27 = flag: flag
# span 0 =      2.000,    682.000       
# span 1 =      1.976,    673.833       
# span 2 =    -1.7556,     0.4078       
# span 3 =  26.930546,  29.318162       
# span 4 =    -1.7555,     0.4095       
# span 5 =  26.931233,  29.318002       
# span 6 =     4.7328,     9.0997       
# span 7 =     4.9223,     9.4835       
# span 8 =    -0.0185,    14.5592       
# span 9 =    89.0371,    99.4863       
# span 10 = -2.720e-06, 1.0051e+03      
# span 11 =  -73.88074,  -73.88072      
# span 12 = -118.73944, -118.73940      
# span 13 =  50.921843,  50.930534      
# span 14 =      -4.81,      99.88      
# span 15 = 1.6092e+03, 1.6247e+03      
# span 16 =    240.255,    991.152      
# span 17 =       5767,      23789      
# span 18 =  1027.1158,  1030.9055      
# span 19 =  1027.1189,  1030.9040      
# span 20 =     4.2241,     4.7197      
# span 21 =     0.0641,     1.7694      
# span 22 =     0.1043,     0.2006      
# span 23 =    33.7277,    34.5089      
# span 24 =    33.7272,    34.5068      
# span 25 =    7.95297,    8.44989      
# span 26 =          1,         48      
# span 27 = 0.0000e+00, 0.0000e+00      
# interval = decibars: 1                
# start_time = Feb 19 2022 22:03:27 [NMEA time, header]
# bad_flag = -9.990e-29
*END*
[from data line 518]
    520.000    513.979    -0.1018  28.710746    -0.0953  28.715619     5.0245     5.1978    -0.0107    99.3969 1.0000e-12  -73.88074 -118.73942  50.928422      99.79 1.6166e+03    808.687      19409  1030.0671  1030.0659     4.7152     0.0703     0.1182    34.3685    34.3677    8.06708         24 0.0000e+00
    521.000    514.968    -0.0855  28.728356    -0.0807  28.730528     5.0074     5.1842    -0.0113    99.3948 1.0000e-12  -73.88074 -118.73942  50.928434      77.52 1.6214e+03    809.678      19433  1030.0742  1030.0719     4.7151     0.0678     0.1172    34.3730    34.3705    8.06339         24 0.0000e+00
    522.000    515.955    -0.0546  28.763548    -0.0483  28.767026     5.0071     5.1734    -0.0044    99.4129 1.0000e-12  -73.88074 -118.73942  50.928445      82.86 1.6200e+03    810.639      19456  1030.0855  1030.0830     4.7159     0.0683     0.1178    34.3844    34.3819    8.05625         23 0.0000e+00
    523.000    516.941    -0.0243  28.793625    -0.0224  28.793448     4.9910     5.1645    -0.0030    99.3952 1.0000e-12  -73.88074 -118.73942  50.928457      99.58 1.6178e+03    811.661      19481  1030.0919  1030.0900     4.7151     0.0703     0.1179    34.3896    34.3873    8.04957         25 0.0000e+00
    524.000    517.930    -0.0215  28.797110    -0.0195  28.797172     4.9665     5.1648    -0.0049    99.4123 1.0000e-12  -73.88074 -118.73942  50.928469      99.79 1.6202e+03    812.731      19507  1030.0976  1030.0957     4.7159     0.0699     0.1159    34.3905    34.3883    8.04894         26 0.0000e+00
    525.000    518.915    -0.0148  28.804667    -0.0127  28.804688     4.9892     5.1592    -0.0028    99.4105 1.0000e-12  -73.88074 -118.73942  50.928481      99.79 1.6194e+03    813.785      19532  1030.1035  1030.1015     4.7158     0.0709     0.1181    34.3924    34.3900    8.04742         25 0.0000e+00
    526.000    519.902    -0.0120  28.807860    -0.0088  28.809228     4.9846     5.1557    -0.0071    99.4054 1.0000e-12  -73.88074 -118.73942  50.928493      99.78 1.6163e+03    814.817      19557  1030.1088  1030.1070     4.7156     0.0700     0.1167    34.3929    34.3910    8.04681         24 0.0000e+00
    527.000    520.892    -0.0016  28.819746     0.0018  28.820934     4.9846     5.1530    -0.0080    99.4013 1.0000e-12  -73.88074 -118.73942  50.928505      99.79 1.6201e+03    815.859      19582  1030.1155  1030.1135     4.7154     0.0706     0.1186    34.3963    34.3941    8.04442         26 0.0000e+00
    528.000    521.877     0.0069  28.828785     0.0090  28.828657     4.9768     5.1530    -0.0086    99.4105 1.0000e-12  -73.88074 -118.73942  50.928518      99.78 1.6200e+03    816.914      19607  1030.1212  1030.1191     4.7159     0.0699     0.1156    34.3981    34.3957    8.04253         25 0.0000e+00
    529.000    522.864     0.0090  28.831213     0.0103  28.830527     4.9622     5.1457    -0.0104    99.4183 1.0000e-12  -73.88074 -118.73942  50.928529      99.79 1.6167e+03    817.935      19631  1030.1263  1030.1243     4.7162     0.0709     0.1172    34.3984    34.3960    8.04207         24 0.0000e+00
    530.000    523.852     0.0132  28.836081     0.0153  28.836242     4.9859     5.1410    -0.0122    99.4281 1.0000e-12  -73.88074 -118.73942  50.928541      99.79 1.6200e+03    818.982      19657  1030.1317  1030.1299     4.7166     0.0697     0.1191    34.3996    34.3974    8.04113         26 0.0000e+00
    531.000    524.839     0.0160  28.839491     0.0187  28.840303     4.9706     5.1355    -0.0123    99.4253 1.0000e-12  -73.88074 -118.73942  50.928554      99.78 1.6214e+03    820.088      19683  1030.1371  1030.1354     4.7165     0.0694     0.1155    34.4003    34.3984    8.04050         27 0.0000e+00
    532.000    525.825     0.0247  28.849175     0.0274  28.849860     4.9630     5.1326    -0.0124    99.4043 1.0000e-12  -73.88074 -118.73942  50.928567      99.79 1.6149e+03    821.170      19709  1030.1432  1030.1413     4.7155     0.0680     0.1173    34.4028    34.4007    8.03854         25 0.0000e+00
    533.000    526.813     0.0269  28.851926     0.0297  28.852817     4.9718     5.1339    -0.0109    99.4210 1.0000e-12  -73.88074 -118.73942  50.928579      99.79 1.6195e+03    822.218      19734  1030.1483  1030.1466     4.7164     0.0699     0.1172    34.4033    34.4014    8.03804         25 0.0000e+00
    534.000    527.800     0.0315  28.857277     0.0342  28.857979     4.9621     5.1277    -0.0128    99.4330 1.0000e-12  -73.88074 -118.73942  50.928591      78.00 1.6203e+03    823.270      19759  1030.1539  1030.1520     4.7169     0.0677     0.1180    34.4047    34.4026    8.03700         26 0.0000e+00
    535.000    528.787     0.0336  28.859750     0.0356  28.859735     4.9467     5.1229    -0.0123    99.4334 1.0000e-12  -73.88074 -118.73942  50.928603      90.57 1.6146e+03    824.313      19785  1030.1589  1030.1570     4.7169     0.0682     0.1185    34.4051    34.4028    8.03655         24 0.0000e+00
    536.000    529.775     0.0338  28.860251     0.0355  28.860047     4.9772     5.1277    -0.0130    99.4301 1.0000e-12  -73.88074 -118.73942  50.928615      99.76 1.6170e+03    825.353      19809  1030.1636  1030.1617     4.7167     0.0706     0.1188    34.4049    34.4027    8.03652         26 0.0000e+00
    537.000    530.761     0.0335  28.860391     0.0358  28.860858     4.9452     5.1296    -0.0130    99.4240 1.0000e-12  -73.88074 -118.73942  50.928627      99.78 1.6205e+03    826.405      19835  1030.1684  1030.1666     4.7165     0.0709     0.1175    34.4048    34.4028    8.03658         25 0.0000e+00
    538.000    531.749     0.0340  28.861300     0.0364  28.861811     4.9820     5.1353    -0.0034    99.4229 1.0000e-12  -73.88074 -118.73942  50.928639      99.79 1.6171e+03    827.452      19860  1030.1733  1030.1715     4.7164     0.0707     0.1165    34.4049    34.4028    8.03647         25 0.0000e+00
    539.000    532.736     0.0353  28.863267     0.0375  28.863413     4.9741     5.1308    -0.0108    99.4409 1.0000e-12  -73.88074 -118.73942  50.928652      99.79 1.6167e+03    828.520      19885  1030.1783  1030.1764     4.7173     0.0687     0.1190    34.4054    34.4031    8.03616         26 0.0000e+00
    540.000    533.722     0.0359  28.863970     0.0379  28.864297     4.9496     5.1281    -0.0043    99.4410 1.0000e-12  -73.88074 -118.73942  50.928664      99.78 1.6192e+03    829.608      19912  1030.1829  1030.1813     4.7172     0.0696     0.1182    34.4051    34.4033    8.03606         26 0.0000e+00
    541.000    534.710     0.0360  28.864544     0.0375  28.864157     4.9611     5.1312    -0.0132    99.4234 1.0000e-12  -73.88074 -118.73942  50.928676      99.79 1.6161e+03    830.631      19936  1030.1878  1030.1859     4.7165     0.0700     0.1186    34.4052    34.4029    8.03604         23 0.0000e+00
    542.000    535.698     0.0365  28.865618     0.0386  28.865824     4.9631     5.1331    -0.0048    99.4444 1.0000e-12  -73.88074 -118.73942  50.928688      99.78 1.6155e+03    831.618      19960  1030.1927  1030.1908     4.7174     0.0692     0.1182    34.4055    34.4033    8.03592         24 0.0000e+00
    543.000    536.684     0.0363  28.865733     0.0384  28.866067     4.9747     5.1313    -0.0028    99.4201 1.0000e-12  -73.88074 -118.73942  50.928700      99.79 1.6167e+03    832.683      19985  1030.1973  1030.1956     4.7163     0.0702     0.1173    34.4052    34.4033    8.03597         27 0.0000e+00
    544.000    537.671     0.0368  28.866786     0.0391  28.867296     4.9595     5.1290     0.0049    99.4409 1.0000e-12  -73.88074 -118.73942  50.928713      99.80 1.6148e+03    833.812      20012  1030.2022  1030.2005     4.7172     0.0698     0.1189    34.4054    34.4035    8.03585         27 0.0000e+00
    545.000    538.658     0.0366  28.866963     0.0389  28.867381     4.9582     5.1284    -0.0019    99.4311 1.0000e-12  -73.88074 -118.73942  50.928725      99.78 1.6152e+03    834.879      20038  1030.2069  1030.2051     4.7168     0.0696     0.1206    34.4053    34.4033    8.03590         25 0.0000e+00
    546.000    539.644     0.0371  28.868036     0.0393  28.868266     4.9709     5.1292     0.0028    99.4403 1.0000e-12  -73.88074 -118.73942  50.928737      68.83 1.6173e+03    835.880      20062  1030.2118  1030.2099     4.7172     0.0668     0.1161    34.4056    34.4034    8.03578         23 0.0000e+00
    547.000    540.634     0.0383  28.869864     0.0403  28.869801     4.9608     5.1308     0.0014    99.4420 1.0000e-12  -73.88074 -118.73942  50.928747      82.91 1.6149e+03    836.772      20084  1030.2168  1030.2148     4.7173     0.0688     0.1176    34.4060    34.4037    8.03550         20 0.0000e+00
    548.000    541.619     0.0398  28.871598     0.0415  28.871523     4.9715     5.1267    -0.0019    99.4420 1.0000e-12  -73.88074 -118.73942  50.928758      97.48 1.6138e+03    837.681      20105  1030.2215  1030.2198     4.7173     0.0704     0.1173    34.4061    34.4041    8.03519         24 0.0000e+00
    549.000    542.606     0.0410  28.873464     0.0435  28.873917     4.9706     5.1283    -0.0101    99.4389 1.0000e-12  -73.88074 -118.73942  50.928771      99.78 1.6167e+03    838.777      20132  1030.2265  1030.2246     4.7172     0.0695     0.1155    34.4066    34.4044    8.03490         29 0.0000e+00
    550.000    543.594     0.0435  28.876475     0.0454  28.876469     4.9336     5.1278    -0.0158    99.4272 1.0000e-12  -73.88074 -118.73942  50.928784      99.79 1.6154e+03    839.930      20159  1030.2315  1030.2297     4.7166     0.0708     0.1160    34.4072    34.4051    8.03435         26 0.0000e+00
    551.000    544.580     0.0448  28.878404     0.0473  28.879000     4.9500     5.1316    -0.0150    99.4130 1.0000e-12  -73.88074 -118.73941  50.928796      99.79 1.6143e+03    840.975      20184  1030.2365  1030.2348     4.7159     0.0706     0.1172    34.4077    34.4058    8.03404         24 0.0000e+00
    552.000    545.567     0.0457  28.879871     0.0479  28.880083     4.9631     5.1269    -0.0170    99.4127 1.0000e-12  -73.88074 -118.73941  50.928807      99.79 1.6195e+03    841.948      20208  1030.2415  1030.2396     4.7159     0.0693     0.1190    34.4080    34.4059    8.03384         22 0.0000e+00
    553.000    546.555     0.0498  28.884643     0.0517  28.884577     4.9555     5.1200    -0.0112    99.4204 1.0000e-12  -73.88074 -118.73942  50.928817      99.79 1.6159e+03    842.825      20229  1030.2468  1030.2448     4.7163     0.0696     0.1187    34.4092    34.4070    8.03292         21 0.0000e+00
    554.000    547.543     0.0558  28.891656     0.0571  28.890840     4.9509     5.1048    -0.0035    99.4128 1.0000e-12  -73.88074 -118.73942  50.928828      99.78 1.6131e+03    843.720      20250  1030.2524  1030.2504     4.7159     0.0691     0.1154    34.4111    34.4086    8.03154         22 0.0000e+00
    555.000    548.528     0.0610  28.897668     0.0633  28.897936     4.9349     5.1165    -0.0100    99.4235 1.0000e-12  -73.88074 -118.73942  50.928840      99.79 1.6153e+03    844.765      20275  1030.2580  1030.2560     4.7164     0.0710     0.1181    34.4127    34.4104    8.03038         28 0.0000e+00
    556.000    549.516     0.0657  28.903496     0.0677  28.903017     4.9313     5.1015    -0.0030    99.4328 1.0000e-12  -73.88074 -118.73942  50.928854      99.79 1.6180e+03    845.944      20304  1030.2638  1030.2614     4.7169     0.0719     0.1165    34.4145    34.4116    8.02929         28 0.0000e+00
    557.000    550.503     0.0824  28.921966     0.0822  28.919263     4.8980     5.0772    -0.0107    99.4425 1.0000e-12  -73.88074 -118.73940  50.928866      99.79 1.6132e+03    847.050      20330  1030.2710  1030.2684     4.7173     0.0700     0.1191    34.4195    34.4162    8.02550         25 0.0000e+00
    558.000    551.490     0.1173  28.962094     0.1260  28.967193     4.8851     5.0550    -0.0107    99.4463 1.0000e-12  -73.88074 -118.73942  50.928878      99.79 1.6150e+03    848.068      20355  1030.2832  1030.2799     4.7175     0.0689     0.1173    34.4328    34.4298    8.01748         24 0.0000e+00
    559.000    552.474     0.1755  29.023298     0.1805  29.025756     4.8541     5.0425    -0.0062    99.4354 1.0000e-12  -73.88074 -118.73940  50.928889      89.87 1.6175e+03    848.986      20377  1030.2944  1030.2921     4.7170     0.0689     0.1175    34.4476    34.4453    8.00450         20 0.0000e+00
    560.000    553.465     0.1844  29.032889     0.1867  29.033145     4.8591     5.0477    -0.0001    99.3607 1.0000e-12  -73.88074 -118.73941  50.928898      89.20 1.6137e+03    849.830      20397  1030.3002  1030.2983     4.7135     0.0690     0.1167    34.4497    34.4474    8.00254         21 0.0000e+00
    561.000    554.452     0.1885  29.037945     0.1912  29.038545     4.8754     5.0450    -0.0007    99.4282 1.0000e-12  -73.88074 -118.73941  50.928909      94.72 1.6165e+03    850.779      20420  1030.3061  1030.3041     4.7167     0.0692     0.1180    34.4512    34.4490    8.00160         25 0.0000e+00
    562.000    555.437     0.1901  29.039984     0.1930  29.040863     4.8777     5.0447    -0.0127    99.4365 1.0000e-12  -73.88074 -118.73941  50.928923      99.82 1.6177e+03    851.902      20447  1030.3113  1030.3094     4.7170     0.0702     0.1231    34.4515    34.4494    8.00126         28 0.0000e+00
    563.000    556.425     0.1950  29.046073     0.1981  29.046939     4.8629     5.0315    -0.0111    99.4400 1.0000e-12  -73.88074 -118.73941  50.928935      99.79 1.6142e+03    853.018      20473  1030.3174  1030.3153     4.7172     0.0696     0.1184    34.4534    34.4511    8.00012         26 0.0000e+00
    564.000    557.410     0.2039  29.055933     0.2069  29.056950     4.8756     5.0261    -0.0089    99.4596 1.0000e-12  -73.88074 -118.73942  50.928948      99.78 1.6164e+03    854.063      20499  1030.3235  1030.3216     4.7181     0.0703     0.1197    34.4558    34.4538    7.99814         25 0.0000e+00
    565.000    558.399     0.2124  29.065930     0.2151  29.066195     4.8478     5.0252    -0.0020    99.4414 1.0000e-12  -73.88074 -118.73942  50.928959      99.80 1.6188e+03    855.081      20523  1030.3301  1030.3278     4.7173     0.0696     0.1165    34.4589    34.4562    7.99620         23 0.0000e+00
    566.000    559.386     0.2175  29.071377     0.2191  29.070953     4.8549     5.0267    -0.0050    99.4602 1.0000e-12  -73.88074 -118.73942  50.928971      99.79 1.6154e+03    856.065      20547  1030.3352  1030.3333     4.7182     0.0703     0.1181    34.4597    34.4574    7.99508         24 0.0000e+00
    567.000    560.373     0.2189  29.073376     0.2204  29.072599     4.8693     5.0303    -0.0177    99.4623 1.0000e-12  -73.88074 -118.73942  50.928982      99.78 1.6160e+03    857.054      20570  1030.3405  1030.3382     4.7183     0.0694     0.1163    34.4602    34.4575    7.99477         24 0.0000e+00
    568.000    561.360     0.2104  29.063767     0.2134  29.065327     4.8684     5.0317    -0.0096    99.4587 1.0000e-12  -73.88074 -118.73942  50.928994      99.78 1.6184e+03    858.118      20596  1030.3433  1030.3420     4.7181     0.0699     0.1178    34.4566    34.4553    7.99675         27 0.0000e+00
    569.000    562.345     0.2066  29.060673     0.2090  29.060992     4.8588     5.0259    -0.0116    99.4716 1.0000e-12  -73.88074 -118.73942  50.929007      99.79 1.6164e+03    859.224      20622  1030.3481  1030.3461     4.7188     0.0684     0.1159    34.4561    34.4538    7.99755         26 0.0000e+00
    570.000    563.334     0.2103  29.065002     0.2127  29.065399     4.8565     5.0281    -0.0118    99.4652 1.0000e-12  -73.88074 -118.73942  50.929020      99.79 1.6165e+03    860.285      20648  1030.3534  1030.3515     4.7184     0.0694     0.1181    34.4571    34.4549    7.99674         25 0.0000e+00
