ocean_section_plots/required_files/ctd/dnbp2202_ctd093.cnv
* Sea-Bird SBE 9 Data File:
* FileName = D:\Data\raw\NBP2202_CTD093.hex
* Software Version Seasave V 7.26.7.121
* Temperature SN = 1649
* Conductivity SN = 2513
* Number of Bytes Per Scan = 40
* Number of Voltage Words = 5
* Number of Scans Averaged by the Deck Unit = 1
* NMEA Latitude = 74 10.51 S
* NMEA Longitude = 113 20.67 W
* NMEA UTC (Time) = Jan 26 2022  23:04:50
* NMEA baud rate = 9600
** Ship: RVIB N.B. Palmer
** Cruise: NBP2202 Thwaites
** Station: YoYo001
** Operator: A. Robinson
# nquan = 25
# nvalues = 606                         
# units = specified
# name 0 = prDM: Pressure, Digiquartz [db]
# name 1 = depSM: Depth [salt water, m]
# name 2 = t090C: Temperature [ITS-90, deg C]
# name 3 = c0mS/cm: Conductivity [mS/cm]
# name 4 = t190C: Temperature, 2 [ITS-90, deg C]
# name 5 = c1mS/cm: Conductivity, 2 [mS/cm]
# name 6 = sbeox0ML/L: Oxygen, SBE 43 [ml/l]
# name 7 = sbeox1ML/L: Oxygen, SBE 43, 2 [ml/l]
# name 8 = flECO-AFL: Fluorescence, WET Labs ECO-AFL/FL [mg/m^3]
# name 9 = CStarTr0: Beam Transmission, WET Labs C-Star [%]
# name 10 = par: PAR/Irradiance, Biospherical/Licor
# name 11 = latitude: Latitude [deg]
# name 12 = longitude: Longitude [deg]
# name 13 = timeJ: Julian Days
# name 14 = altM: Altimeter [m]
# name 15 = spar: SPAR, Biospherical/Licor
# name 16 = timeS: Time, Elapsed [seconds]
# name 17 = scan: Scan Count
# name 18 = density00: Density [density, kg/m^3]
# name 19 = density11: Density, 2 [density, kg/m^3]
# name 20 = sal00: Salinity, Practical [PSU]
# name 21 = sal11: Salinity, Practical, 2 [PSU]
# name 22 = oxsolML/L: Oxygen Saturation, Garcia & Gordon [ml/l]
# name 23 = nbin: number of scans per bin
# name 24 = flag: flag
# span 0 =     10.000,    615.000       
# span 1 =      9.896,    607.732       
# span 2 =    -1.5488,     0.1023       
# span 3 =  26.891305,  28.937458       
# span 4 =    -1.5456,     0.1043       
# span 5 =  26.893045,  28.937243       
# span 6 =     4.6803,     8.5176       
# span 7 =     4.7458,     8.2780       
# span 8 =    -0.0219,    22.1523       
# span 9 =    71.8373,    95.4748       
# span 10 = -2.917e-06, 6.2130e+01      
# span 11 =  -74.17530,  -74.17528      
# span 12 = -113.34462, -113.34458      
# span 13 =  26.962391,  26.972030      
# span 14 =       5.93,      99.99      
# span 15 = 1.8200e+03, 1.8408e+03      
# span 16 =     60.598,    893.385      
# span 17 =       1455,      21442      
# span 18 =  1027.2176,  1030.5150      
# span 19 =  1027.2144,  1030.5127      
# span 20 =    33.7870,    34.3839      
# span 21 =    33.7842,    34.3814      
# span 22 =    8.02335,    8.41545      
# span 23 =         21,         45      
# span 24 = 0.0000e+00, 0.0000e+00      
# interval = decibars: 1                
# start_time = Jan 26 2022 23:04:50 [NMEA time, header]
# bad_flag = -9.990e-29
*END*
[from data line 348]
    358.000    353.989    -0.5945  28.077388    -0.5914  28.077690     5.0129     5.1140    -0.0034    95.4548 1.0000e-12  -74.17530 -113.34460  26.967617      99.87 1.8299e+03    512.133      12292  1029.1739  1029.1713    34.1735    34.1705    8.18345         29 0.0000e+00
    359.000    354.977    -0.5822  28.089440    -0.5751  28.092964     4.9008     5.0080    -0.0137    95.4486 1.0000e-12  -74.17530 -113.34460  26.967631      95.22 1.8299e+03    513.324      12321  1029.1793  1029.1760    34.1753    34.1720    8.18070         29 0.0000e+00
    360.000    355.963    -0.4767  28.189115    -0.4748  28.185076     4.8430     4.9491    -0.0088    95.4389 1.0000e-12  -74.17530 -113.34460  26.967645      76.52 1.8299e+03    514.502      12349  1029.1872  1029.1812    34.1898    34.1823    8.15713         28 0.0000e+00
    361.000    356.952    -0.4117  28.252586    -0.4084  28.252176     4.8242     4.9231    -0.0098    95.4569 1.0000e-12  -74.17530 -113.34460  26.967658      94.93 1.8299e+03    515.669      12377  1029.1964  1029.1927    34.2011    34.1968    8.14252         28 0.0000e+00
    362.000    357.941    -0.3958  28.270263    -0.3922  28.270976     4.8210     4.9126    -0.0118    95.4373 1.0000e-12  -74.17530 -113.34460  26.967672      99.79 1.8299e+03    516.836      12405  1029.2048  1029.2020    34.2064    34.2032    8.13882         28 0.0000e+00
    363.000    358.928    -0.3844  28.283227    -0.3813  28.283382     4.8288     4.9189    -0.0188    95.3972 1.0000e-12  -74.17530 -113.34460  26.967685      99.87 1.8299e+03    518.001      12433  1029.2123  1029.2096    34.2102    34.2070    8.13614         28 0.0000e+00
    364.000    359.915    -0.3828  28.285104    -0.3805  28.284885     4.8407     4.9195    -0.0135    95.3865 1.0000e-12  -74.17530 -113.34460  26.967699      99.87 1.8299e+03    519.172      12461  1029.2177  1029.2152    34.2103    34.2075    8.13580         28 0.0000e+00
    365.000    360.905    -0.3820  28.286497    -0.3798  28.286143     4.8437     4.9204    -0.0121    95.3269 1.0000e-12  -74.17530 -113.34460  26.967712      99.86 1.8299e+03    520.348      12489  1029.2232  1029.2207    34.2107    34.2078    8.13562         28 0.0000e+00
    366.000    361.891    -0.3781  28.291611    -0.3757  28.291239     4.8395     4.9290    -0.0114    95.3147 1.0000e-12  -74.17530 -113.34460  26.967726      99.87 1.8301e+03    521.518      12517  1029.2295  1029.2268    34.2125    34.2094    8.13467         28 0.0000e+00
    367.000    362.879    -0.3727  28.297996    -0.3716  28.296759     4.8563     4.9284    -0.0191    95.2929 1.0000e-12  -74.17530 -113.34460  26.967739      99.87 1.8288e+03    522.671      12545  1029.2357  1029.2333    34.2145    34.2115    8.13341         28 0.0000e+00
    368.000    363.869    -0.3777  28.293318    -0.3780  28.290985     4.8679     4.9361    -0.0183    95.2569 1.0000e-12  -74.17530 -113.34460  26.967753      99.87 1.8281e+03    523.825      12573  1029.2403  1029.2381    34.2133    34.2105    8.13456         27 0.0000e+00
    369.000    364.855    -0.3810  28.291232    -0.3776  28.291876     4.8600     4.9378    -0.0182    95.2456 1.0000e-12  -74.17530 -113.34460  26.967766      99.87 1.8281e+03    524.990      12601  1029.2458  1029.2431    34.2135    34.2106    8.13523         28 0.0000e+00
    370.000    365.842    -0.3767  28.296052    -0.3750  28.295185     4.8576     4.9310    -0.0187    95.2374 1.0000e-12  -74.17530 -113.34460  26.967780      99.86 1.8293e+03    526.152      12629  1029.2512  1029.2487    34.2145    34.2115    8.13425         28 0.0000e+00
    371.000    366.831    -0.3654  28.309984    -0.3627  28.309662     4.8534     4.9302    -0.0158    95.2222 1.0000e-12  -74.17530 -113.34460  26.967793      84.78 1.8298e+03    527.324      12657  1029.2595  1029.2566    34.2198    34.2164    8.13154         29 0.0000e+00
    372.000    367.819    -0.3603  28.315397    -0.3583  28.314834     4.8511     4.9244    -0.0140    95.2218 1.0000e-12  -74.17530 -113.34460  26.967807      95.54 1.8297e+03    528.506      12685  1029.2648  1029.2623    34.2208    34.2178    8.13040         28 0.0000e+00
    373.000    368.809    -0.3580  28.318199    -0.3561  28.317522     4.8448     4.9233    -0.0158    95.2043 1.0000e-12  -74.17530 -113.34460  26.967820      99.87 1.8287e+03    529.689      12714  1029.2699  1029.2674    34.2213    34.2183    8.12986         28 0.0000e+00
    374.000    369.794    -0.3544  28.322724    -0.3523  28.321892     4.8503     4.9274    -0.0112    95.2284 1.0000e-12  -74.17530 -113.34460  26.967834      99.86 1.8286e+03    530.877      12742  1029.2757  1029.2728    34.2227    34.2192    8.12902         29 0.0000e+00
    375.000    370.782    -0.3537  28.324096    -0.3517  28.323621     4.8436     4.9174    -0.0103    95.2383 1.0000e-12  -74.17530 -113.34460  26.967848      99.86 1.8298e+03    532.055      12770  1029.2810  1029.2786    34.2232    34.2203    8.12885         28 0.0000e+00
    376.000    371.770    -0.3500  28.328296    -0.3496  28.326020     4.8342     4.9131    -0.0108    95.2201 1.0000e-12  -74.17530 -113.34460  26.967861      99.86 1.8299e+03    533.216      12798  1029.2862  1029.2834    34.2240    34.2206    8.12801         28 0.0000e+00
    377.000    372.759    -0.3464  28.332724    -0.3419  28.334313     4.8291     4.9062    -0.0047    95.2235 1.0000e-12  -74.17530 -113.34460  26.967875      99.87 1.8299e+03    534.374      12826  1029.2918  1029.2891    34.2253    34.2224    8.12716         28 0.0000e+00
    378.000    373.747    -0.3384  28.341376    -0.3360  28.341156     4.8343     4.9016    -0.0010    95.2252 1.0000e-12  -74.17530 -113.34460  26.967888      99.86 1.8299e+03    535.531      12854  1029.2976  1029.2951    34.2272    34.2243    8.12534         27 0.0000e+00
    379.000    374.733    -0.3371  28.343531    -0.3349  28.343143     4.8392     4.9078    -0.0009    95.2274 1.0000e-12  -74.17530 -113.34460  26.967902      99.86 1.8299e+03    536.696      12882  1029.3030  1029.3005    34.2281    34.2251    8.12502         29 0.0000e+00
    380.000    375.722    -0.3358  28.345627    -0.3335  28.345333     4.8410     4.9139     0.0050    95.2045 1.0000e-12  -74.17530 -113.34460  26.967915      99.87 1.8299e+03    537.883      12910  1029.3084  1029.3059    34.2288    34.2258    8.12470         28 0.0000e+00
    381.000    376.709    -0.3336  28.349109    -0.3314  28.348617     4.8439     4.9159    -0.0188    95.2043 1.0000e-12  -74.17530 -113.34460  26.967929      99.86 1.8299e+03    539.079      12939  1029.3144  1029.3117    34.2304    34.2273    8.12414         28 0.0000e+00
    382.000    377.699    -0.3301  28.354331    -0.3279  28.353934     4.8460     4.9151    -0.0179    95.2024 1.0000e-12  -74.17530 -113.34460  26.967943      77.76 1.8290e+03    540.242      12967  1029.3209  1029.3183    34.2329    34.2299    8.12326         28 0.0000e+00
    383.000    378.685    -0.3272  28.358202    -0.3252  28.357593     4.8427     4.9146    -0.0117    95.1975 1.0000e-12  -74.17530 -113.34460  26.967956      89.98 1.8284e+03    541.382      12994  1029.3265  1029.3239    34.2342    34.2311    8.12256         27 0.0000e+00
    384.000    379.674    -0.3273  28.358708    -0.3251  28.358452     4.8445     4.9139    -0.0177    95.2062 1.0000e-12  -74.17530 -113.34460  26.967969      99.90 1.8295e+03    542.525      13022  1029.3315  1029.3291    34.2343    34.2315    8.12257         28 0.0000e+00
    385.000    380.659    -0.3268  28.359796    -0.3246  28.359470     4.8460     4.9247    -0.0145    95.1804 1.0000e-12  -74.17530 -113.34460  26.967982      99.87 1.8287e+03    543.685      13049  1029.3365  1029.3341    34.2347    34.2318    8.12245         28 0.0000e+00
    386.000    381.650    -0.3242  28.363674    -0.3219  28.363489     4.8432     4.9229    -0.0090    95.1866 1.0000e-12  -74.17530 -113.34460  26.967996      99.86 1.8292e+03    544.871      13078  1029.3424  1029.3400    34.2363    34.2334    8.12180         29 0.0000e+00
    387.000    382.636    -0.3189  28.370393    -0.3165  28.370144     4.8409     4.9169    -0.0112    95.2006 1.0000e-12  -74.17530 -113.34460  26.968010      99.87 1.8294e+03    546.071      13107  1029.3487  1029.3462    34.2387    34.2357    8.12052         29 0.0000e+00
    388.000    383.622    -0.3072  28.383713    -0.3045  28.383429     4.8316     4.9036    -0.0108    95.2041 1.0000e-12  -74.17530 -113.34460  26.968024      99.86 1.8299e+03    547.256      13135  1029.3558  1029.3529    34.2428    34.2393    8.11780         26 0.0000e+00
    389.000    384.612    -0.2985  28.393405    -0.2956  28.393455     4.8198     4.8940    -0.0150    95.1928 1.0000e-12  -74.17530 -113.34460  26.968037      99.87 1.8299e+03    548.413      13163  1029.3620  1029.3592    34.2453    34.2421    8.11580         27 0.0000e+00
    390.000    385.601    -0.2860  28.406363    -0.2843  28.405288     4.8234     4.8950    -0.0135    95.2024 1.0000e-12  -74.17530 -113.34460  26.968050      99.87 1.8299e+03    549.561      13190  1029.3679  1029.3652    34.2479    34.2446    8.11298         28 0.0000e+00
    391.000    386.588    -0.2812  28.411669    -0.2794  28.410848     4.8241     4.8945    -0.0161    95.2171 1.0000e-12  -74.17530 -113.34460  26.968064      99.86 1.8289e+03    550.726      13218  1029.3733  1029.3707    34.2490    34.2459    8.11190         28 0.0000e+00
    392.000    387.575    -0.2817  28.412040    -0.2804  28.410877     4.8243     4.9051    -0.0055    95.2017 1.0000e-12  -74.17530 -113.34460  26.968078      99.87 1.8292e+03    551.912      13247  1029.3786  1029.3761    34.2495    34.2465    8.11199         29 0.0000e+00
    393.000    388.564    -0.2836  28.411398    -0.2810  28.411294     4.8184     4.8915    -0.0087    95.1933 1.0000e-12  -74.17530 -113.34460  26.968091      87.36 1.8293e+03    553.101      13275  1029.3842  1029.3815    34.2502    34.2471    8.11235         28 0.0000e+00
    394.000    389.550    -0.2720  28.424246    -0.2701  28.423198     4.8134     4.8895    -0.0163    95.1887 1.0000e-12  -74.17530 -113.34460  26.968105      89.53 1.8299e+03    554.270      13303  1029.3908  1029.3879    34.2536    34.2501    8.10967         28 0.0000e+00
    395.000    390.540    -0.2584  28.439855    -0.2565  28.438838     4.8108     4.8833    -0.0021    95.2098 1.0000e-12  -74.17530 -113.34460  26.968118      99.77 1.8297e+03    555.410      13331  1029.3985  1029.3956    34.2586    34.2551    8.10650         27 0.0000e+00
    396.000    391.527    -0.2551  28.443885    -0.2527  28.443705     4.8123     4.8867    -0.0170    95.2025 1.0000e-12  -74.17530 -113.34460  26.968131      99.86 1.8293e+03    556.552      13358  1029.4040  1029.4015    34.2597    34.2567    8.10574         28 0.0000e+00
    397.000    392.514    -0.2553  28.444215    -0.2528  28.444235     4.8157     4.8782    -0.0107    95.2142 1.0000e-12  -74.17530 -113.34460  26.968145      99.86 1.8289e+03    557.713      13386  1029.4090  1029.4065    34.2598    34.2570    8.10578         28 0.0000e+00
    398.000    393.502    -0.2530  28.446937    -0.2508  28.446556     4.8053     4.8811    -0.0174    95.1951 1.0000e-12  -74.17530 -113.34460  26.968159      99.87 1.8284e+03    558.898      13415  1029.4140  1029.4115    34.2602    34.2572    8.10527         28 0.0000e+00
    399.000    394.490    -0.2484  28.451997    -0.2450  28.452612     4.8079     4.8767    -0.0145    95.1981 1.0000e-12  -74.17530 -113.34460  26.968172      99.87 1.8283e+03    560.087      13443  1029.4193  1029.4166    34.2612    34.2582    8.10423         29 0.0000e+00
    400.000    395.478    -0.2439  28.456832    -0.2411  28.457154     4.8116     4.8811    -0.0106    95.2152 1.0000e-12  -74.17530 -113.34460  26.968186      99.86 1.8288e+03    561.259      13471  1029.4244  1029.4220    34.2620    34.2592    8.10323         28 0.0000e+00
    401.000    396.465    -0.2441  28.457063    -0.2418  28.456790     4.8106     4.8861    -0.0057    95.2071 1.0000e-12  -74.17530 -113.34460  26.968199      99.87 1.8296e+03    562.426      13499  1029.4292  1029.4266    34.2619    34.2589    8.10328         28 0.0000e+00
    402.000    397.453    -0.2436  28.458091    -0.2414  28.457697     4.8135     4.8868    -0.0015    95.2149 1.0000e-12  -74.17530 -113.34460  26.968213      99.87 1.8299e+03    563.608      13528  1029.4341  1029.4316    34.2621    34.2591    8.10316         29 0.0000e+00
    403.000    398.442    -0.2443  28.458301    -0.2426  28.457439     4.8208     4.8874    -0.0060    95.2383 1.0000e-12  -74.17530 -113.34460  26.968227      99.86 1.8299e+03    564.777      13556  1029.4393  1029.4368    34.2625    34.2595    8.10327         27 0.0000e+00
    404.000    399.428    -0.2476  28.456120    -0.2453  28.455918     4.8255     4.8887    -0.0091    95.2328 1.0000e-12  -74.17530 -113.34460  26.968240      80.81 1.8299e+03    565.926      13583  1029.4447  1029.4422    34.2628    34.2599    8.10398         27 0.0000e+00
    405.000    400.417    -0.2510  28.453957    -0.2486  28.453880     4.8273     4.8949    -0.0045    95.2449 1.0000e-12  -74.17530 -113.34460  26.968253      86.54 1.8299e+03    567.074      13611  1029.4500  1029.4476    34.2632    34.2603    8.10468         28 0.0000e+00
    406.000    401.404    -0.2512  28.454660    -0.2491  28.454310     4.8236     4.9007    -0.0069    95.2496 1.0000e-12  -74.17530 -113.34460  26.968267      99.49 1.8299e+03    568.244      13639  1029.4552  1029.4529    34.2637    34.2608    8.10469         29 0.0000e+00
    407.000    402.392    -0.2500  28.456632    -0.2478  28.456299     4.8231     4.8954    -0.0097    95.2503 1.0000e-12  -74.17530 -113.34460  26.968280      99.87 1.8299e+03    569.419      13667  1029.4604  1029.4579    34.2644    34.2614    8.10439         28 0.0000e+00
    408.000    403.379    -0.2489  28.458184    -0.2465  28.458058     4.8041     4.8854    -0.0033    95.2384 1.0000e-12  -74.17530 -113.34460  26.968294      99.86 1.8299e+03    570.597      13695  1029.4652  1029.4628    34.2646    34.2618    8.10414         28 0.0000e+00
    409.000    404.368    -0.2413  28.465875    -0.2391  28.465035     4.7942     4.8732    -0.0018    95.2468 1.0000e-12  -74.17530 -113.34460  26.968308      99.86 1.8299e+03    571.776      13724  1029.4703  1029.4672    34.2658    34.2621    8.10247         26 0.0000e+00
    410.000    405.355    -0.2274  28.478963    -0.2259  28.477912     4.7875     4.8666    -0.0107    95.2502 1.0000e-12  -74.17530 -113.34460  26.968321      99.87 1.8299e+03    572.927      13751  1029.4749  1029.4723    34.2670    34.2639    8.09945         28 0.0000e+00
    411.000    406.343    -0.2263  28.481043    -0.2236  28.480996     4.7859     4.8572    -0.0026    95.2624 1.0000e-12  -74.17530 -113.34460  26.968334      99.86 1.8299e+03    574.083      13779  1029.4803  1029.4776    34.2679    34.2648    8.09916         27 0.0000e+00
    412.000    407.331    -0.2215  28.486209    -0.2191  28.485991     4.7848     4.8583    -0.0179    95.2549 1.0000e-12  -74.17530 -113.34460  26.968348      99.86 1.8299e+03    575.257      13807  1029.4855  1029.4829    34.2688    34.2658    8.09808         29 0.0000e+00
    413.000    408.318    -0.2210  28.486898    -0.2181  28.487404     4.7863     4.8586    -0.0142    95.2466 1.0000e-12  -74.17530 -113.34460  26.968362      99.87 1.8299e+03    576.440      13836  1029.4900  1029.4878    34.2685    34.2659    8.09799         28 0.0000e+00
    414.000    409.305    -0.2185  28.490046    -0.2163  28.489770     4.7726     4.8543    -0.0046    95.2496 1.0000e-12  -74.17530 -113.34460  26.968375      99.87 1.8299e+03    577.635      13864  1029.4953  1029.4928    34.2693    34.2665    8.09742         29 0.0000e+00
