ocean_section_plots/required_files/ctd/dnbp2202_ctd251.cnv
* Sea-Bird SBE 9 Data File:
* FileName = D:\Data\raw\NBP2202_CTD251.hex
* Software Version Seasave V 7.26.7.121
* Temperature SN = 1649
* Conductivity SN = 2513
* Number of Bytes Per Scan = 40
* Number of Voltage Words = 5
* Number of Scans Averaged by the Deck Unit = 1
* NMEA Latitude = 74 00.34 S
* NMEA Longitude = 118 17.88 W
* NMEA UTC (Time) = Feb 15 2022  10:35:00
* NMEA baud rate = 9600
** Ship: RVIB N.B. Palmer
** Cruise: NBP2202 Thwaites
** Station: 159
** Operator: B. Bjork
# nquan = 28
# nvalues = 1100                        
# units = specified
# name 0 = prDM: Pressure, Digiquartz [db]
# name 1 = depSM: Depth [salt water, m]
# name 2 = t090C: Temperature [ITS-90, deg C]
# name 3 = c0mS/cm: Conductivity [mS/cm]
# name 4 = t190C: Temperature, 2 [ITS-90, deg C]
# name 5 = c1mS/cm: Conductivity, 2 [mS/cm]
# name 6 = sbeox0ML/L: Oxygen, SBE 43 [ml/l]
# name 7 = sbeox1ML/L: Oxygen, SBE 43, 2 [ml/l]
# name 8 = flECO-AFL: Fluorescence, WET Labs ECO-AFL/FL [mg/m^3]
# name 9 = CStarTr0: Beam Transmission, WET Labs C-Star [%]
# name 10 = par: PAR/Irradiance, Biospherical/Licor
# name 11 = latitude: Latitude [deg]
# name 12 = longitude: Longitude [deg]
# name 13 = timeJ: Julian Days
# name 14 = altM: Altimeter [m]
# name 15 = spar: SPAR, Biospherical/Licor
# name 16 = timeS: Time, Elapsed [seconds]
# name 17 = scan: Scan Count
# name 18 = density00: Density [density, kg/m^3]
# name 19 = density11: Density, 2 [density, kg/m^3]
# name 20 = v3: Voltage 3
# name 21 = v4: Voltage 4
# name 22 = v5: Voltage 5
# name 23 = sal00: Salinity, Practical [PSU]
# name 24 = sal11: Salinity, Practical, 2 [PSU]
# name 25 = oxsolML/L: Oxygen Saturation, Garcia & Gordon [ml/l]
# name 26 = nbin: number of scans per bin
# name 27 = flag: flag
# span 0 =      3.000,   1102.000       
# span 1 =      2.974,   1087.720       
# span 2 =    -1.7667,     0.6629       
# span 3 =  26.899899,  29.764679       
# span 4 =    -1.7662,     0.6656       
# span 5 =  26.900309,  29.765110       
# span 6 =     4.6360,     9.1177       
# span 7 =     4.7313,     9.4333       
# span 8 =    -0.0151,    14.4943       
# span 9 =    84.1765,    97.1635       
# span 10 = 1.0000e-12, 9.5482e+00      
# span 11 =  -74.00568,  -74.00566      
# span 12 = -118.29814, -118.29808      
# span 13 =  46.442606,  46.457740      
# span 14 =       3.98,     100.14      
# span 15 = 4.1100e+01, 6.3475e+01      
# span 16 =    141.162,   1448.729      
# span 17 =       3389,      34770      
# span 18 =  1027.1702,  1032.8854      
# span 19 =  1027.1741,  1032.8834      
# span 20 =     3.9934,     4.6093      
# span 21 =     0.0664,     2.2448      
# span 22 =     0.1089,     0.2142      
# span 23 =    33.8065,    34.5624      
# span 24 =    33.8105,    34.5603      
# span 25 =    7.89779,    8.45352      
# span 26 =         21,         47      
# span 27 = 0.0000e+00, 0.0000e+00      
# interval = decibars: 1                
# start_time = Feb 15 2022 10:35:00 [NMEA time, header]
# bad_flag = -9.990e-29
*END*
      3.000      2.974    -0.2541  27.927383    -0.2581  27.927499     9.0809     9.0350     7.7723    87.0629 9.5482e+00  -74.00566 -118.29812  46.442606      99.58 4.1335e+01    141.162       3389  1027.1702  1027.1741     4.1304     1.1982     0.1669    33.8073    33.8119    8.13134         31 0.0000e+00
      4.000      3.959    -0.2563  27.926542    -0.2596  27.926675     9.0927     9.0357     6.5437    86.3802 7.2998e+00  -74.00566 -118.29812  46.442646      99.50 4.1581e+01    144.572       3471  1027.1756  1027.1788     4.0977     1.2639     0.1521    33.8079    33.8118    8.13176         34 0.0000e+00
      5.000      4.948    -0.2548  27.928272    -0.2583  27.928319     9.0896     9.0403     9.4219    85.2386 5.6460e+00  -74.00566 -118.29812  46.442678      88.29 4.1681e+01    147.382       3538  1027.1802  1027.1836     4.0444     1.4491     0.1739    33.8080    33.8120    8.13144         42 0.0000e+00
      6.000      5.938    -0.2572  27.926315    -0.2606  27.926473     9.0913     9.0609     8.9181    88.2640 4.4611e+00  -74.00566 -118.29812  46.442711      99.49 4.1540e+01    150.207       3606  1027.1847  1027.1881     4.1876     1.4435     0.1756    33.8074    33.8115    8.13198         39 0.0000e+00
      7.000      6.927    -0.2579  27.926105    -0.2605  27.926766     9.0774     9.0941     9.3266    88.0059 3.4710e+00  -74.00566 -118.29812  46.442740      99.55 4.1354e+01    152.740       3667  1027.1894  1027.1926     4.1751     1.2610     0.1875    33.8073    33.8111    8.13214         43 0.0000e+00
      8.000      7.916    -0.2590  27.925168    -0.2626  27.925155     9.0889     9.1580    10.3135    87.0586 2.8094e+00  -74.00566 -118.29812  46.442770      99.48 4.2036e+01    155.292       3728  1027.1938  1027.1972     4.1303     1.7374     0.1713    33.8067    33.8107    8.13242         42 0.0000e+00
      9.000      8.910    -0.2597  27.924889    -0.2623  27.925745     9.0971     9.2260     8.3478    86.9819 2.2648e+00  -74.00566 -118.29812  46.442795      99.44 4.1432e+01    157.501       3781  1027.1984  1027.2017     4.1265     1.4431     0.1701    33.8065    33.8105    8.13257         40 0.0000e+00
     10.000      9.896    -0.2552  27.929983    -0.2585  27.929977     9.0985     9.2914    10.4084    87.1851 1.8250e+00  -74.00566 -118.29812  46.442817      99.47 4.1778e+01    159.362       3826  1027.2038  1027.2069     4.1364     1.3444     0.1552    33.8077    33.8113    8.13155         44 0.0000e+00
     11.000     10.886    -0.2476  27.937813    -0.2538  27.935021     9.0860     9.3197     9.6471    87.5120 1.4943e+00  -74.00566 -118.29812  46.442840      98.79 4.1558e+01    161.412       3875  1027.2092  1027.2121     4.1516     1.6454     0.1714    33.8090    33.8123    8.12984         37 0.0000e+00
     12.000     11.876    -0.2527  27.933190    -0.2572  27.932401     9.0788     9.3528    10.9463    87.2491 1.2177e+00  -74.00566 -118.29812  46.442863      99.56 4.1100e+01    163.326       3921  1027.2135  1027.2169     4.1389     2.0633     0.1791    33.8079    33.8119    8.13099         38 0.0000e+00
     13.000     12.864    -0.2575  27.929452    -0.2571  27.932583     9.0742     9.3641     8.6345    87.5305 9.7994e-01  -74.00566 -118.29812  46.442884      99.55 4.1829e+01    165.159       3965  1027.2185  1027.2213     4.1525     1.3676     0.1633    33.8077    33.8115    8.13204         38 0.0000e+00
     14.000     13.855    -0.2581  27.928840    -0.2596  27.930708     9.0913     9.3863     8.7504    86.5609 8.0127e-01  -74.00566 -118.29812  46.442906      99.61 4.1798e+01    167.097       4011  1027.2226  1027.2261     4.1065     0.9927     0.1584    33.8069    33.8112    8.13221         45 0.0000e+00
     15.000     14.845    -0.2597  27.928426    -0.2632  27.927988     9.0980     9.3886     9.6025    84.1765 6.6434e-01  -74.00566 -118.29812  46.442929      99.55 4.1869e+01    169.099       4059  1027.2280  1027.2308     3.9934     1.5040     0.1801    33.8076    33.8108    8.13252         40 0.0000e+00
     16.000     15.833    -0.2367  27.951619    -0.2389  27.951997     9.0968     9.3939    10.5483    85.8238 5.3806e-01  -74.00566 -118.29812  46.442950      99.70 4.1994e+01    170.912       4103  1027.2349  1027.2374     4.0720     1.9373     0.1776    33.8123    33.8153    8.12733         41 0.0000e+00
     17.000     16.824    -0.2362  27.952415    -0.2393  27.952472     9.0970     9.3944     9.0301    88.0849 4.3617e-01  -74.00566 -118.29812  46.442972      99.56 4.2311e+01    172.816       4149  1027.2397  1027.2427     4.1786     1.7602     0.1823    33.8122    33.8158    8.12723         41 0.0000e+00
     18.000     17.813    -0.2340  27.954721    -0.2428  27.949758     9.0758     9.3918    10.0304    86.3039 3.6231e-01  -74.00566 -118.29812  46.442995      99.58 4.2309e+01    174.807       4196  1027.2444  1027.2476     4.0939     1.9125     0.1906    33.8123    33.8154    8.12676         37 0.0000e+00
     19.000     18.803    -0.2419  27.947908    -0.2466  27.946823     9.0750     9.3958    10.6450    86.6821 2.9282e-01  -74.00566 -118.29812  46.443018      99.46 4.2309e+01    176.746       4243  1027.2491  1027.2524     4.1125     1.4045     0.1891    33.8113    33.8151    8.12849         44 0.0000e+00
     20.000     19.793    -0.2435  27.947166    -0.2468  27.947208     9.0825     9.3912    10.0989    86.9176 2.3542e-01  -74.00566 -118.29813  46.443040      99.51 4.2309e+01    178.624       4288  1027.2542  1027.2573     4.1235     1.9515     0.1902    33.8115    33.8152    8.12883         42 0.0000e+00
     21.000     20.782    -0.2397  27.950889    -0.2464  27.948006     9.0938     9.3965    11.4165    87.4813 1.8920e-01  -74.00566 -118.29813  46.443062      99.47 4.2309e+01    180.552       4334  1027.2589  1027.2620     4.1501     1.7298     0.1766    33.8117    33.8152    8.12802         39 0.0000e+00
     22.000     21.770    -0.2379  27.952977    -0.2403  27.953663     9.0906     9.4111     9.5636    87.6734 1.5262e-01  -74.00566 -118.29813  46.443084      99.40 4.2309e+01    182.483       4381  1027.2636  1027.2666     4.1591     1.5970     0.1713    33.8118    33.8154    8.12761         36 0.0000e+00
     23.000     22.762    -0.2358  27.955327    -0.2388  27.955445     9.0847     9.4160     9.5491    88.3176 1.2063e-01  -74.00566 -118.29813  46.443105      99.56 4.2309e+01    184.271       4424  1027.2684  1027.2713     4.1898     2.0304     0.1848    33.8120    33.8155    8.12716         38 0.0000e+00
     24.000     23.750    -0.2351  27.956524    -0.2371  27.957587     9.0914     9.4175    11.5792    87.0697 9.3541e-02  -74.00566 -118.29813  46.443128      99.55 4.2309e+01    186.220       4470  1027.2734  1027.2764     4.1309     1.7799     0.1760    33.8122    33.8159    8.12700         37 0.0000e+00
     25.000     24.740    -0.2296  27.961691    -0.2352  27.959303     9.0852     9.4119    10.5160    87.0730 7.0728e-02  -74.00566 -118.29813  46.443151      99.46 4.2786e+01    188.244       4519  1027.2779  1027.2807     4.1308     1.5488     0.1710    33.8124    33.8154    8.12581         44 0.0000e+00
     26.000     25.730    -0.2313  27.960720    -0.2315  27.962744     9.0943     9.4225    11.5431    86.0547 5.2776e-02  -74.00566 -118.29813  46.443173      99.40 4.2851e+01    190.105       4564  1027.2829  1027.2851     4.0825     1.5949     0.1765    33.8124    33.8153    8.12617         39 0.0000e+00
     27.000     26.719    -0.2259  27.965848    -0.2272  27.967521     9.1024     9.4273     9.2487    87.4262 3.6869e-02  -74.00566 -118.29813  46.443195      99.45 4.2508e+01    192.024       4610  1027.2874  1027.2904     4.1476     1.4887     0.1592    33.8126    33.8163    8.12500         44 0.0000e+00
     28.000     27.710    -0.2164  27.974920    -0.2193  27.974903     9.0984     9.4304     9.9530    88.1276 2.3512e-02  -74.00566 -118.29813  46.443217      99.52 4.2845e+01    193.980       4657  1027.2924  1027.2951     4.1808     1.9059     0.1706    33.8135    33.8167    8.12292         36 0.0000e+00
     29.000     28.697    -0.2139  27.977641    -0.2162  27.977986     9.1059     9.4333    11.0286    87.3003 1.2936e-02  -74.00566 -118.29813  46.443239      99.48 4.3323e+01    195.807       4700  1027.2973  1027.2998     4.1416     1.8193     0.1811    33.8139    33.8168    8.12239         40 0.0000e+00
     30.000     29.688    -0.2134  27.978407    -0.2155  27.979318     9.1111     9.4297    10.6480    88.0031 3.2099e-03  -74.00566 -118.29813  46.443261      99.49 4.3024e+01    197.722       4746  1027.3020  1027.3049     4.1748     2.1812     0.1636    33.8137    33.8172    8.12229         47 0.0000e+00
     31.000     30.677    -0.2088  27.983351    -0.2119  27.982997     9.1097     9.4325     9.3558    86.4185 7.4291e-05  -74.00566 -118.29813  46.443284      99.36 4.3808e+01    199.732       4795  1027.3071  1027.3098     4.0998     1.7755     0.1654    33.8145    33.8175    8.12125         42 0.0000e+00
     32.000     31.664    -0.2050  27.987014    -0.2068  27.987977     9.1035     9.4325    11.8396    86.5122 1.0000e-12  -74.00566 -118.29813  46.443306      99.09 4.4079e+01    201.622       4840  1027.3118  1027.3145     4.1042     1.6457     0.1696    33.8145    33.8178    8.12043         41 0.0000e+00
     33.000     32.658    -0.2115  27.981563    -0.2105  27.984647     9.0903     9.4171    10.8206    85.8046 1.0000e-12  -74.00566 -118.29813  46.443327      99.49 4.4072e+01    203.473       4884  1027.3167  1027.3189     4.0707     2.0720     0.1861    33.8139    33.8170    8.12186         40 0.0000e+00
     34.000     33.646    -0.2228  27.970399    -0.2255  27.971278     9.0853     9.4123     8.8147    87.4928 1.0000e-12  -74.00566 -118.29813  46.443350      99.52 4.4072e+01    205.428       4931  1027.3199  1027.3235     4.1507     1.8901     0.1655    33.8110    33.8152    8.12445         42 0.0000e+00
     35.000     34.635    -0.2419  27.954534    -0.2413  27.957347     9.0876     9.4070     9.3376    87.2452 1.0000e-12  -74.00566 -118.29812  46.443373      99.42 4.4072e+01    207.438       4980  1027.3255  1027.3280     4.1390     1.5275     0.1638    33.8104    33.8136    8.12854         46 0.0000e+00
     36.000     35.624    -0.2353  27.960732    -0.2386  27.960262     9.0863     9.4117    11.7081    86.3146 1.0000e-12  -74.00566 -118.29813  46.443396      99.52 4.4072e+01    209.452       5028  1027.3300  1027.3327     4.0950     1.5604     0.1733    33.8108    33.8138    8.12712         42 0.0000e+00
     37.000     36.615    -0.2361  27.960578    -0.2429  27.956536     9.0902     9.4145    10.0764    87.9369 1.0000e-12  -74.00566 -118.29812  46.443422      99.54 4.4072e+01    211.628       5080  1027.3348  1027.3370     4.1719     1.2816     0.1688    33.8109    33.8130    8.12729         41 0.0000e+00
     38.000     37.603    -0.2325  27.964483    -0.2270  27.972507     9.0986     9.4206    10.2458    87.7496 1.0000e-12  -74.00566 -118.29812  46.443448      94.40 4.4072e+01    213.905       5135  1027.3397  1027.3430     4.1630     1.7898     0.1758    33.8115    33.8160    8.12649         41 0.0000e+00
     39.000     38.593    -0.2231  27.974304    -0.2213  27.978131     9.1061     9.4081    11.0638    86.1212 1.0000e-12  -74.00566 -118.29813  46.443472      99.30 4.4072e+01    215.957       5184  1027.3454  1027.3477     4.0859     1.8960     0.1869    33.8135    33.8166    8.12437         36 0.0000e+00
     40.000     39.583    -0.2134  27.983633    -0.2151  27.984002     9.1025     9.4019    10.2459    87.3241 1.0000e-12  -74.00566 -118.29813  46.443497      99.39 4.4072e+01    218.180       5237  1027.3504  1027.3525     4.1429     1.6741     0.1813    33.8145    33.8169    8.12223         37 0.0000e+00
     41.000     40.572    -0.2073  27.989505    -0.2108  27.988407     9.0974     9.4083    10.2531    87.3907 1.0000e-12  -74.00566 -118.29814  46.443525      99.52 4.4072e+01    220.538       5294  1027.3551  1027.3574     4.1462     1.5538     0.1939    33.8150    33.8174    8.12090         40 0.0000e+00
     42.000     41.561    -0.2089  27.988507    -0.2128  27.987068     9.1027     9.4284     8.5365    85.8504 1.0000e-12  -74.00566 -118.29813  46.443548      99.49 4.4072e+01    222.561       5342  1027.3600  1027.3622     4.0726     1.4445     0.1587    33.8148    33.8172    8.12125         42 0.0000e+00
     43.000     42.549    -0.1982  27.999155    -0.2008  27.998335     9.1163     9.4281     9.1714    87.6731 1.0000e-12  -74.00566 -118.29813  46.443573      99.58 4.4159e+01    224.707       5394  1027.3654  1027.3671     4.1595     1.8479     0.1890    33.8165    33.8183    8.11888         39 0.0000e+00
     44.000     43.540    -0.1899  28.006712    -0.1918  28.006948     9.1140     9.4213    14.4943    86.9143 1.0000e-12  -74.00566 -118.29813  46.443601      99.53 4.4533e+01    227.120       5452  1027.3700  1027.3721     4.1231     1.3948     0.1686    33.8168    33.8192    8.11710         42 0.0000e+00
     45.000     44.530    -0.1907  28.006364    -0.1925  28.006840     9.1106     9.4154     9.4824    87.6192 1.0000e-12  -74.00566 -118.29813  46.443624      99.57 4.4469e+01    229.114       5500  1027.3748  1027.3770     4.1571     1.6870     0.1802    33.8166    33.8192    8.11728         40 0.0000e+00
     46.000     45.521    -0.1922  28.005484    -0.1938  28.006065     9.1126     9.4312    11.8353    87.4446 1.0000e-12  -74.00566 -118.29813  46.443649      99.68 4.4554e+01    231.263       5551  1027.3797  1027.3819     4.1485     2.2448     0.1913    33.8165    33.8190    8.11761         33 0.0000e+00
     47.000     46.510    -0.1917  28.006525    -0.1929  28.007347     9.1177     9.4300    11.1529    86.7404 1.0000e-12  -74.00566 -118.29813  46.443676      99.54 4.5449e+01    233.583       5607  1027.3847  1027.3867     4.1157     1.4685     0.1683    33.8167    33.8191    8.11749         42 0.0000e+00
     48.000     47.498    -0.1879  28.010526    -0.1896  28.010899     9.1101     9.4288    10.1333    86.5852 1.0000e-12  -74.00566 -118.29813  46.443700      99.55 4.5047e+01    235.670       5657  1027.3896  1027.3916     4.1080     1.7275     0.1788    33.8172    33.8195    8.11665         40 0.0000e+00
     49.000     48.488    -0.1929  28.006360    -0.1943  28.007055     9.1099     9.4141    11.0407    86.8201 1.0000e-12  -74.00566 -118.29813  46.443725      99.48 4.5443e+01    237.848       5709  1027.3943  1027.3964     4.1189     1.4544     0.1817    33.8166    33.8191    8.11775         40 0.0000e+00
     50.000     49.477    -0.1940  28.006000    -0.1958  28.006169     9.1144     9.4193     7.4092    87.2988 1.0000e-12  -74.00566 -118.29813  46.443750      95.11 4.5834e+01    240.026       5762  1027.3993  1027.4012     4.1416     1.4080     0.1634    33.8168    33.8189    8.11798         38 0.0000e+00
     51.000     50.467    -0.1982  28.002447    -0.1974  28.005188     9.1094     9.4189     9.1110    85.8761 1.0000e-12  -74.00566 -118.29813  46.443775      99.39 4.5835e+01    242.193       5814  1027.4039  1027.4060     4.0740     1.7913     0.2142    33.8161    33.8188    8.11891         47 0.0000e+00
     52.000     51.456    -0.1927  28.008498    -0.1934  28.009438     9.1037     9.4124     8.8290    86.8495 1.0000e-12  -74.00566 -118.29813  46.443799      99.47 4.5835e+01    244.267       5863  1027.4093  1027.4109     4.1201     1.3701     0.1695    33.8174    33.8194    8.11766         37 0.0000e+00
     53.000     52.444    -0.1917  28.009769    -0.1933  28.009937     9.0951     9.4060     8.5247    87.2152 1.0000e-12  -74.00566 -118.29813  46.443825      99.54 4.5835e+01    246.481       5917  1027.4140  1027.4157     4.1372     1.8979     0.1828    33.8174    33.8194    8.11745         37 0.0000e+00
