ocean_section_plots/required_files/ctd/dnbp2202_ctd112.cnv
* Sea-Bird SBE 9 Data File:
* FileName = D:\Data\raw\NBP2202_CTD112.hex
* Software Version Seasave V 7.26.7.121
* Temperature SN = 1649
* Conductivity SN = 2513
* Number of Bytes Per Scan = 40
* Number of Voltage Words = 5
* Number of Scans Averaged by the Deck Unit = 1
* NMEA Latitude = 74 10.52 S
* NMEA Longitude = 113 20.65 W
* NMEA UTC (Time) = Jan 27 2022  07:38:23
* NMEA baud rate = 9600
** Ship: RVIB N.B. Palmer
** Cruise: NBP2202 Thwaites
** Station: YoYo001
** Operator: B. Bjork
# nquan = 25
# nvalues = 608                         
# units = specified
# name 0 = prDM: Pressure, Digiquartz [db]
# name 1 = depSM: Depth [salt water, m]
# name 2 = t090C: Temperature [ITS-90, deg C]
# name 3 = c0mS/cm: Conductivity [mS/cm]
# name 4 = t190C: Temperature, 2 [ITS-90, deg C]
# name 5 = c1mS/cm: Conductivity, 2 [mS/cm]
# name 6 = sbeox0ML/L: Oxygen, SBE 43 [ml/l]
# name 7 = sbeox1ML/L: Oxygen, SBE 43, 2 [ml/l]
# name 8 = flECO-AFL: Fluorescence, WET Labs ECO-AFL/FL [mg/m^3]
# name 9 = CStarTr0: Beam Transmission, WET Labs C-Star [%]
# name 10 = par: PAR/Irradiance, Biospherical/Licor
# name 11 = latitude: Latitude [deg]
# name 12 = longitude: Longitude [deg]
# name 13 = timeJ: Julian Days
# name 14 = altM: Altimeter [m]
# name 15 = spar: SPAR, Biospherical/Licor
# name 16 = timeS: Time, Elapsed [seconds]
# name 17 = scan: Scan Count
# name 18 = density00: Density [density, kg/m^3]
# name 19 = density11: Density, 2 [density, kg/m^3]
# name 20 = sal00: Salinity, Practical [PSU]
# name 21 = sal11: Salinity, Practical, 2 [PSU]
# name 22 = oxsolML/L: Oxygen Saturation, Garcia & Gordon [ml/l]
# name 23 = nbin: number of scans per bin
# name 24 = flag: flag
# span 0 =     10.000,    617.000       
# span 1 =      9.896,    609.688       
# span 2 =    -1.4619,     0.1253       
# span 3 =  26.972872,  28.964574       
# span 4 =    -1.4602,     0.1278       
# span 5 =  26.973886,  28.963790       
# span 6 =     4.6740,     8.4484       
# span 7 =     4.7345,     8.5451       
# span 8 =    -0.0224,    20.9790       
# span 9 =    67.7010,    95.5924       
# span 10 = -9.880e-07, 1.0194e+00      
# span 11 =  -74.17536,  -74.17536      
# span 12 = -113.34427, -113.34422      
# span 13 =  27.318705,  27.326090      
# span 14 =       7.43,     100.01      
# span 15 = 5.8098e+01, 6.0490e+01      
# span 16 =     33.141,    671.130      
# span 17 =        796,      16108      
# span 18 =  1027.2285,  1030.5295      
# span 19 =  1027.2275,  1030.5262      
# span 20 =    33.7938,    34.3926      
# span 21 =    33.7905,    34.3888      
# span 22 =    8.01804,    8.39564      
# span 23 =          1,         46      
# span 24 = 0.0000e+00, 0.0000e+00      
# interval = decibars: 1                
# start_time = Jan 27 2022 07:38:23 [NMEA time, header]
# bad_flag = -9.990e-29
*END*
[from data line 406]
    416.000    411.281    -0.1910  28.524292    -0.1882  28.524699     4.7749     4.8392    -0.0160    95.2634 1.0000e-12  -74.17536 -113.34424  27.323552      99.83 5.8175e+01    451.918      10847  1029.5137  1029.5114    34.2829    34.2802    8.09082         24 0.0000e+00
    417.000    412.270    -0.1870  28.528778    -0.1853  28.528145     4.7752     4.8345    -0.0125    95.2565 1.0000e-12  -74.17536 -113.34424  27.323564      99.87 5.8175e+01    452.911      10871  1029.5189  1029.5165    34.2837    34.2809    8.08991         23 0.0000e+00
    418.000    413.256    -0.1837  28.532529    -0.1815  28.532315     4.7709     4.8338    -0.0153    95.2319 1.0000e-12  -74.17536 -113.34424  27.323575      99.86 5.8175e+01    453.915      10895  1029.5239  1029.5216    34.2844    34.2817    8.08917         25 0.0000e+00
    419.000    414.243    -0.1807  28.536234    -0.1782  28.536236     4.7704     4.8378    -0.0076    95.2193 1.0000e-12  -74.17536 -113.34424  27.323587      99.87 5.8175e+01    454.913      10919  1029.5293  1029.5269    34.2853    34.2826    8.08848         24 0.0000e+00
    420.000    415.232    -0.1774  28.540233    -0.1752  28.539992     4.7731     4.8346    -0.0021    95.2012 1.0000e-12  -74.17536 -113.34424  27.323599      99.86 5.8175e+01    455.911      10943  1029.5347  1029.5323    34.2864    34.2836    8.08773         24 0.0000e+00
    421.000    416.219    -0.1744  28.544017    -0.1724  28.543566     4.7809     4.8355    -0.0058    95.1682 1.0000e-12  -74.17536 -113.34424  27.323610      99.87 5.8175e+01    456.915      10967  1029.5401  1029.5377    34.2875    34.2846    8.08704         24 0.0000e+00
    422.000    417.207    -0.1717  28.547561    -0.1696  28.547085     4.7775     4.8378    -0.0104    95.1379 1.0000e-12  -74.17536 -113.34424  27.323622      99.86 5.8175e+01    457.922      10991  1029.5456  1029.5431    34.2885    34.2856    8.08640         24 0.0000e+00
    423.000    418.194    -0.1682  28.551542    -0.1671  28.550105     4.7714     4.8287    -0.0095    95.1428 1.0000e-12  -74.17536 -113.34424  27.323633      99.87 5.8175e+01    458.924      11015  1029.5507  1029.5482    34.2893    34.2862    8.08562         24 0.0000e+00
    424.000    419.182    -0.1665  28.553534    -0.1646  28.553063     4.7709     4.8340    -0.0080    95.1257 1.0000e-12  -74.17536 -113.34424  27.323645      99.86 5.8175e+01    459.934      11039  1029.5555  1029.5532    34.2895    34.2867    8.08525         24 0.0000e+00
    425.000    420.169    -0.1657  28.554837    -0.1640  28.554123     4.7687     4.8382     0.0054    95.1289 1.0000e-12  -74.17536 -113.34424  27.323657      99.86 5.8175e+01    460.939      11064  1029.5604  1029.5580    34.2897    34.2869    8.08506         24 0.0000e+00
    426.000    421.157    -0.1645  28.556525    -0.1620  28.556592     4.7686     4.8370    -0.0169    95.1278 1.0000e-12  -74.17536 -113.34424  27.323668      99.79 5.8175e+01    461.938      11088  1029.5654  1029.5631    34.2900    34.2873    8.08479         24 0.0000e+00
    427.000    422.146    -0.1630  28.558437    -0.1605  28.558530     4.7694     4.8345    -0.0184    95.1439 1.0000e-12  -74.17536 -113.34424  27.323680      83.32 5.8175e+01    462.940      11112  1029.5702  1029.5679    34.2902    34.2876    8.08446         24 0.0000e+00
    428.000    423.133    -0.1593  28.562834    -0.1577  28.561823     4.7686     4.8252    -0.0120    95.1321 1.0000e-12  -74.17536 -113.34424  27.323691      94.40 5.8175e+01    463.937      11135  1029.5756  1029.5730    34.2914    34.2882    8.08362         24 0.0000e+00
    429.000    424.120    -0.1549  28.567842    -0.1528  28.567382     4.7700     4.8273    -0.0092    95.1342 1.0000e-12  -74.17536 -113.34424  27.323703      99.81 5.8175e+01    464.929      11159  1029.5809  1029.5784    34.2925    34.2896    8.08262         24 0.0000e+00
    430.000    425.108    -0.1518  28.571727    -0.1490  28.572124     4.7648     4.8314     0.0000    95.1532 1.0000e-12  -74.17536 -113.34424  27.323714      99.86 5.8175e+01    465.919      11183  1029.5863  1029.5840    34.2936    34.2909    8.08190         24 0.0000e+00
    431.000    426.096    -0.1482  28.576123    -0.1460  28.575825     4.7638     4.8289    -0.0082    95.1292 1.0000e-12  -74.17536 -113.34424  27.323726      99.86 5.8175e+01    466.923      11207  1029.5918  1029.5893    34.2948    34.2919    8.08107         24 0.0000e+00
    432.000    427.082    -0.1472  28.577672    -0.1451  28.577397     4.7698     4.8291    -0.0137    95.1702 1.0000e-12  -74.17536 -113.34424  27.323738      99.86 5.8175e+01    467.926      11231  1029.5968  1029.5945    34.2951    34.2924    8.08084         24 0.0000e+00
    433.000    428.071    -0.1469  28.578758    -0.1447  28.578484     4.7742     4.8316    -0.0102    95.1952 1.0000e-12  -74.17536 -113.34424  27.323749      99.87 5.8175e+01    468.930      11255  1029.6019  1029.5995    34.2956    34.2928    8.08074         24 0.0000e+00
    434.000    429.058    -0.1462  28.580383    -0.1436  28.580586     4.7765     4.8338    -0.0095    95.1825 1.0000e-12  -74.17536 -113.34424  27.323761      99.87 5.8175e+01    469.936      11279  1029.6073  1029.6050    34.2964    34.2938    8.08056         24 0.0000e+00
    435.000    430.047    -0.1442  28.583328    -0.1421  28.583037     4.7745     4.8343    -0.0123    95.1783 1.0000e-12  -74.17536 -113.34424  27.323772      99.86 5.8175e+01    470.933      11303  1029.6128  1029.6104    34.2975    34.2947    8.08007         24 0.0000e+00
    436.000    431.032    -0.1437  28.584279    -0.1422  28.583471     4.7708     4.8304    -0.0165    95.1814 1.0000e-12  -74.17536 -113.34424  27.323784      99.86 5.8175e+01    471.922      11327  1029.6177  1029.6153    34.2976    34.2949    8.07996         24 0.0000e+00
    437.000    432.022    -0.1448  28.583880    -0.1428  28.583300     4.7684     4.8312    -0.0105    95.1645 1.0000e-12  -74.17536 -113.34424  27.323795      99.87 5.8175e+01    472.924      11351  1029.6225  1029.6201    34.2976    34.2947    8.08018         24 0.0000e+00
    438.000    433.008    -0.1445  28.584297    -0.1424  28.584045     4.7651     4.8271    -0.0095    95.1951 1.0000e-12  -74.17536 -113.34424  27.323807      99.86 5.8175e+01    473.928      11375  1029.6270  1029.6247    34.2974    34.2947    8.08015         24 0.0000e+00
    439.000    433.996    -0.1411  28.588053    -0.1393  28.587491     4.7622     4.8291    -0.0092    95.1975 1.0000e-12  -74.17536 -113.34424  27.323819      99.87 5.8175e+01    474.939      11400  1029.6319  1029.6296    34.2979    34.2952    8.07939         24 0.0000e+00
    440.000    434.984    -0.1326  28.597216    -0.1299  28.597193     4.7587     4.8219    -0.0112    95.1886 1.0000e-12  -74.17536 -113.34424  27.323831      86.43 5.8175e+01    475.956      11424  1029.6375  1029.6349    34.2999    34.2969    8.07747         25 0.0000e+00
    441.000    435.972    -0.1301  28.599915    -0.1266  28.600857     4.7611     4.8164    -0.0170    95.1645 1.0000e-12  -74.17536 -113.34424  27.323842      98.68 5.8175e+01    476.964      11448  1029.6423  1029.6400    34.3001    34.2975    8.07693         23 0.0000e+00
    442.000    436.959    -0.1278  28.602691    -0.1257  28.602384     4.7595     4.8209    -0.0184    95.2079 1.0000e-12  -74.17536 -113.34424  27.323854      99.88 5.8175e+01    477.954      11472  1029.6473  1029.6450    34.3006    34.2979    8.07642         24 0.0000e+00
    443.000    437.945    -0.1271  28.603917    -0.1247  28.603846     4.7598     4.8166    -0.0137    95.2332 1.0000e-12  -74.17536 -113.34424  27.323865      99.87 5.8175e+01    478.947      11496  1029.6522  1029.6498    34.3009    34.2981    8.07626         24 0.0000e+00
    444.000    438.935    -0.1245  28.606847    -0.1227  28.606278     4.7598     4.8214    -0.0126    95.2653 1.0000e-12  -74.17536 -113.34424  27.323877      99.87 5.8175e+01    479.941      11520  1029.6572  1029.6548    34.3013    34.2985    8.07569         24 0.0000e+00
    445.000    439.920    -0.1235  28.608258    -0.1213  28.608198     4.7582     4.8213    -0.0175    95.2954 1.0000e-12  -74.17536 -113.34424  27.323888      99.86 5.8175e+01    480.944      11544  1029.6619  1029.6597    34.3014    34.2989    8.07546         24 0.0000e+00
    446.000    440.908    -0.1221  28.610137    -0.1203  28.609564     4.7563     4.8176    -0.0162    95.3268 1.0000e-12  -74.17536 -113.34424  27.323900      99.87 5.8175e+01    481.962      11568  1029.6669  1029.6645    34.3018    34.2989    8.07515         25 0.0000e+00
    447.000    441.898    -0.1225  28.610978    -0.1208  28.610493     4.7562     4.8207    -0.0165    95.3433 1.0000e-12  -74.17536 -113.34424  27.323912      99.86 5.8175e+01    482.967      11592  1029.6725  1029.6704    34.3028    34.3002    8.07519         24 0.0000e+00
    448.000    442.883    -0.1178  28.617290    -0.1141  28.618252     4.7554     4.8176    -0.0093    95.3719 1.0000e-12  -74.17536 -113.34424  27.323923      99.86 5.8175e+01    483.963      11616  1029.6788  1029.6762    34.3053    34.3023    8.07405         23 0.0000e+00
    449.000    443.872    -0.1102  28.625018    -0.1079  28.624865     4.7515     4.8091    -0.0172    95.3627 1.0000e-12  -74.17536 -113.34424  27.323935      99.86 5.8175e+01    484.946      11640  1029.6839  1029.6814    34.3064    34.3036    8.07238         24 0.0000e+00
    450.000    444.859    -0.1097  28.626213    -0.1076  28.625883     4.7504     4.8186    -0.0029    95.3467 1.0000e-12  -74.17536 -113.34424  27.323946      99.86 5.8175e+01    485.935      11663  1029.6890  1029.6866    34.3068    34.3041    8.07225         24 0.0000e+00
    451.000    445.847    -0.1096  28.626867    -0.1077  28.626332     4.7644     4.8246    -0.0086    95.3882 1.0000e-12  -74.17536 -113.34424  27.323958      99.86 5.8175e+01    486.930      11687  1029.6939  1029.6915    34.3070    34.3042    8.07222         24 0.0000e+00
    452.000    446.835    -0.1137  28.623852    -0.1124  28.623091     4.7672     4.8314    -0.0111    95.3939 1.0000e-12  -74.17536 -113.34424  27.323969      92.38 5.8175e+01    487.940      11712  1029.6991  1029.6970    34.3070    34.3046    8.07309         24 0.0000e+00
    453.000    447.821    -0.1179  28.620999    -0.1155  28.620901     4.7633     4.8322    -0.0101    95.4244 1.0000e-12  -74.17536 -113.34424  27.323981      73.22 5.8175e+01    488.954      11736  1029.7044  1029.7020    34.3073    34.3045    8.07395         24 0.0000e+00
    454.000    448.809    -0.1189  28.620608    -0.1168  28.620357     4.7628     4.8268    -0.0086    95.4217 1.0000e-12  -74.17536 -113.34425  27.323993      86.08 5.8175e+01    489.956      11760  1029.7092  1029.7069    34.3073    34.3046    8.07416         24 0.0000e+00
    455.000    449.796    -0.1179  28.622594    -0.1158  28.622210     4.7644     4.8257    -0.0142    95.3936 1.0000e-12  -74.17536 -113.34425  27.324004      98.70 5.8175e+01    490.948      11784  1029.7146  1029.7122    34.3082    34.3054    8.07389         24 0.0000e+00
    456.000    450.783    -0.1145  28.626694    -0.1126  28.626248     4.7601     4.8230    -0.0169    95.4123 1.0000e-12  -74.17536 -113.34425  27.324016      99.87 5.8175e+01    491.945      11808  1029.7199  1029.7176    34.3093    34.3065    8.07313         24 0.0000e+00
    457.000    451.772    -0.1129  28.629233    -0.1107  28.628877     4.7550     4.8135    -0.0135    95.3765 1.0000e-12  -74.17536 -113.34425  27.324027      99.86 5.8175e+01    492.944      11832  1029.7253  1029.7228    34.3103    34.3074    8.07273         24 0.0000e+00
    458.000    452.760    -0.1098  28.633594    -0.1070  28.633917     4.7551     4.8153    -0.0010    95.3556 1.0000e-12  -74.17536 -113.34425  27.324039      99.87 5.8175e+01    493.954      11856  1029.7311  1029.7288    34.3119    34.3093    8.07197         25 0.0000e+00
    459.000    453.746    -0.1072  28.636760    -0.1052  28.636699     4.7509     4.8172    -0.0040    95.3531 1.0000e-12  -74.17536 -113.34425  27.324051      99.86 5.8175e+01    494.966      11880  1029.7363  1029.7342    34.3127    34.3103    8.07139         24 0.0000e+00
    460.000    454.733    -0.1094  28.635066    -0.1071  28.634986     4.7542     4.8098    -0.0170    95.3013 1.0000e-12  -74.17536 -113.34424  27.324062      99.86 5.8175e+01    495.966      11904  1029.7409  1029.7386    34.3123    34.3096    8.07188         24 0.0000e+00
    461.000    455.722    -0.1081  28.637280    -0.1060  28.636823     4.7530     4.8125    -0.0175    95.2680 1.0000e-12  -74.17536 -113.34424  27.324074      99.86 5.8175e+01    496.959      11928  1029.7462  1029.7438    34.3131    34.3103    8.07155         24 0.0000e+00
    462.000    456.708    -0.1011  28.646095    -0.0993  28.645380     4.7563     4.8158    -0.0173    95.1957 1.0000e-12  -74.17536 -113.34424  27.324085      99.86 5.8175e+01    497.947      11952  1029.7530  1029.7504    34.3164    34.3134    8.06989         23 0.0000e+00
    463.000    457.697    -0.0988  28.649048    -0.0965  28.648935     4.7545     4.8165    -0.0156    95.1533 1.0000e-12  -74.17536 -113.34424  27.324097      99.86 5.8175e+01    498.943      11976  1029.7581  1029.7558    34.3171    34.3145    8.06935         24 0.0000e+00
    464.000    458.683    -0.0985  28.649661    -0.0964  28.649425     4.7528     4.8150    -0.0124    95.1322 1.0000e-12  -74.17536 -113.34424  27.324108      99.86 5.8175e+01    499.948      12000  1029.7628  1029.7605    34.3171    34.3144    8.06931         25 0.0000e+00
    465.000    459.670    -0.0968  28.652145    -0.0945  28.652022     4.7566     4.8124    -0.0099    95.1215 1.0000e-12  -74.17536 -113.34424  27.324120      99.86 5.8175e+01    500.965      12024  1029.7681  1029.7657    34.3179    34.3151    8.06891         24 0.0000e+00
    466.000    460.659    -0.0957  28.653793    -0.0936  28.653387     4.7501     4.8121    -0.0041    95.1161 1.0000e-12  -74.17536 -113.34424  27.324132      83.84 5.8175e+01    501.966      12048  1029.7730  1029.7706    34.3182    34.3153    8.06864         24 0.0000e+00
    467.000    461.645    -0.0939  28.656556    -0.0915  28.656474     4.7527     4.8086    -0.0004    95.0898 1.0000e-12  -74.17536 -113.34424  27.324143      94.24 5.8175e+01    502.954      12072  1029.7784  1029.7761    34.3193    34.3165    8.06821         23 0.0000e+00
    468.000    462.635    -0.0917  28.659838    -0.0900  28.658841     4.7445     4.8096    -0.0047    95.0677 1.0000e-12  -74.17536 -113.34424  27.324154      61.86 5.8175e+01    503.939      12096  1029.7841  1029.7814    34.3205    34.3173    8.06767         24 0.0000e+00
    469.000    463.620    -0.0880  28.664797    -0.0859  28.664369     4.7479     4.8136    -0.0080    95.0443 1.0000e-12  -74.17536 -113.34424  27.324166      99.54 5.8175e+01    504.929      12119  1029.7899  1029.7875    34.3223    34.3195    8.06678         24 0.0000e+00
    470.000    464.608    -0.0869  28.666474    -0.0849  28.665969     4.7484     4.8136    -0.0026    95.0377 1.0000e-12  -74.17536 -113.34424  27.324177      99.86 5.8175e+01    505.927      12143  1029.7950  1029.7925    34.3228    34.3199    8.06653         24 0.0000e+00
    471.000    465.596    -0.0863  28.667680    -0.0840  28.667480     4.7471     4.8152    -0.0096    95.0248 1.0000e-12  -74.17536 -113.34424  27.324189      99.87 5.8175e+01    506.941      12168  1029.7999  1029.7975    34.3231    34.3203    8.06638         24 0.0000e+00
    472.000    466.583    -0.0851  28.669416    -0.0831  28.668974     4.7478     4.8157    -0.0012    95.0053 1.0000e-12  -74.17536 -113.34424  27.324201      99.86 5.8175e+01    507.948      12192  1029.8049  1029.8025    34.3235    34.3207    8.06611         24 0.0000e+00
