ocean_section_plots/required_files/ctd/dnbp2202_ctd224.cnv
* Sea-Bird SBE 9 Data File:
* FileName = D:\Data\raw\NBP2202_CTD224.hex
* Software Version Seasave V 7.26.7.121
* Temperature SN = 1649
* Conductivity SN = 2513
* Number of Bytes Per Scan = 40
* Number of Voltage Words = 5
* Number of Scans Averaged by the Deck Unit = 1
* NMEA Latitude = 73 59.11 S
* NMEA Longitude = 111 28.39 W
* NMEA UTC (Time) = Feb 12 2022  09:55:31
* NMEA baud rate = 9600
** Ship: RVIB N.B. Palmer
** Cruise: NBP2202 Thwaites
** Station: 135
** Operator: B. Bjork
# nquan = 28
# nvalues = 482                         
# units = specified
# name 0 = prDM: Pressure, Digiquartz [db]
# name 1 = depSM: Depth [salt water, m]
# name 2 = t090C: Temperature [ITS-90, deg C]
# name 3 = c0mS/cm: Conductivity [mS/cm]
# name 4 = t190C: Temperature, 2 [ITS-90, deg C]
# name 5 = c1mS/cm: Conductivity, 2 [mS/cm]
# name 6 = sbeox0ML/L: Oxygen, SBE 43 [ml/l]
# name 7 = sbeox1ML/L: Oxygen, SBE 43, 2 [ml/l]
# name 8 = flECO-AFL: Fluorescence, WET Labs ECO-AFL/FL [mg/m^3]
# name 9 = CStarTr0: Beam Transmission, WET Labs C-Star [%]
# name 10 = par: PAR/Irradiance, Biospherical/Licor
# name 11 = latitude: Latitude [deg]
# name 12 = longitude: Longitude [deg]
# name 13 = timeJ: Julian Days
# name 14 = altM: Altimeter [m]
# name 15 = spar: SPAR, Biospherical/Licor
# name 16 = timeS: Time, Elapsed [seconds]
# name 17 = scan: Scan Count
# name 18 = density00: Density [density, kg/m^3]
# name 19 = density11: Density, 2 [density, kg/m^3]
# name 20 = v3: Voltage 3
# name 21 = v4: Voltage 4
# name 22 = v5: Voltage 5
# name 23 = sal00: Salinity, Practical [PSU]
# name 24 = sal11: Salinity, Practical, 2 [PSU]
# name 25 = oxsolML/L: Oxygen Saturation, Garcia & Gordon [ml/l]
# name 26 = nbin: number of scans per bin
# name 27 = flag: flag
# span 0 =      1.000,    482.000       
# span 1 =      0.998,    476.461       
# span 2 =    -1.5679,     0.1433       
# span 3 =  27.029152,  28.964995       
# span 4 =    -1.5669,     0.1475       
# span 5 =  27.029425,  28.967351       
# span 6 =     4.7925,     8.1470       
# span 7 =     4.9345,     8.4236       
# span 8 =    -0.0114,    19.3795       
# span 9 =    78.7845,    97.7114       
# span 10 = 1.0000e-12, 2.5984e+01      
# span 11 =  -73.98522,  -73.98522      
# span 12 = -111.47329, -111.47322      
# span 13 =  43.416141,  43.423046      
# span 14 =       5.63,     100.07      
# span 15 = 9.3034e+01, 1.3588e+02      
# span 16 =    223.581,    820.175      
# span 17 =       5367,      19685      
# span 18 =  1027.2270,  1029.9404      
# span 19 =  1027.2267,  1029.9388      
# span 20 =     3.7381,     4.6353      
# span 21 =     0.0645,     2.6768      
# span 22 =     0.1115,     0.2067      
# span 23 =    33.8373,    34.4521      
# span 24 =    33.8371,    34.4505      
# span 25 =    8.01096,    8.40947      
# span 26 =          7,         70      
# span 27 = 0.0000e+00, 0.0000e+00      
# interval = decibars: 1                
# start_time = Feb 12 2022 09:55:31 [NMEA time, header]
# bad_flag = -9.990e-29
*END*
[from data line 52]
     53.000     52.445    -1.3238  27.101691    -1.3228  27.101697     7.8895     8.1742    14.6637    80.3760 1.0000e-12  -73.98522 -111.47326  43.417439      99.57 1.0275e+02    335.758       8059  1027.4942  1027.4933     3.8133     2.2800     0.1849    33.8583    33.8572    8.36243         43 0.0000e+00
     54.000     53.436    -1.3238  27.102171    -1.3227  27.102160     7.8918     8.1767    13.0261    81.4564 1.0000e-12  -73.98522 -111.47326  43.417461      99.37 1.0277e+02    337.641       8104  1027.4990  1027.4980     3.8643     1.9495     0.1679    33.8584    33.8571    8.36243         37 0.0000e+00
     55.000     54.423    -1.3241  27.102463    -1.3228  27.102608     7.8957     8.1756    13.9014    80.7830 1.0000e-12  -73.98522 -111.47326  43.417482      99.37 1.0285e+02    339.429       8147  1027.5039  1027.5029     3.8329     1.7919     0.1720    33.8585    33.8573    8.36249         41 0.0000e+00
     56.000     55.413    -1.3243  27.102824    -1.3229  27.103016     7.8887     8.1697    14.4507    81.4561 1.0000e-12  -73.98522 -111.47326  43.417502      96.37 1.0346e+02    341.182       8189  1027.5088  1027.5078     3.8645     1.7423     0.1695    33.8586    33.8573    8.36253         38 0.0000e+00
     57.000     56.403    -1.3243  27.103213    -1.3233  27.103272     7.8870     8.1664    12.3069    81.6136 1.0000e-12  -73.98522 -111.47325  43.417522      99.33 1.0401e+02    342.875       8230  1027.5136  1027.5127     3.8719     1.8226     0.1862    33.8586    33.8575    8.36254         39 0.0000e+00
     58.000     57.393    -1.3249  27.103281    -1.3235  27.103618     7.8794     8.1586    13.0601    81.6610 1.0000e-12  -73.98522 -111.47324  43.417540      99.33 1.0401e+02    344.475       8268  1027.5185  1027.5176     3.8742     1.8530     0.1777    33.8586    33.8576    8.36266         34 0.0000e+00
     59.000     58.380    -1.3287  27.101230    -1.3276  27.101470     7.8564     8.1440    12.7995    81.9266 1.0000e-12  -73.98522 -111.47324  43.417559      99.35 1.0385e+02    346.061       8306  1027.5242  1027.5235     3.8868     1.9360     0.1857    33.8595    33.8586    8.36346         35 0.0000e+00
     60.000     59.371    -1.3354  27.097116    -1.3338  27.097501     7.8484     8.1327    13.6549    81.3433 1.0000e-12  -73.98522 -111.47324  43.417577      99.37 1.0471e+02    347.629       8344  1027.5304  1027.5293     3.8594     1.8875     0.1660    33.8608    33.8595    8.36488         32 0.0000e+00
     61.000     60.360    -1.3376  27.095862    -1.3364  27.096199     7.8318     8.1131    13.0566    80.8751 1.0000e-12  -73.98522 -111.47324  43.417594      99.42 1.0427e+02    349.159       8381  1027.5354  1027.5347     3.8369     1.9680     0.1930    33.8610    33.8601    8.36537         35 0.0000e+00
     62.000     61.350    -1.3432  27.092634    -1.3420  27.092855     7.8244     8.1070    13.6564    81.9424 1.0000e-12  -73.98522 -111.47324  43.417611      99.38 1.0395e+02    350.629       8416  1027.5415  1027.5407     3.8875     1.7642     0.1703    33.8622    33.8612    8.36655         34 0.0000e+00
     63.000     62.338    -1.3439  27.092571    -1.3429  27.092665     7.8243     8.1002    12.3204    80.5990 1.0000e-12  -73.98522 -111.47324  43.417628      99.35 1.0401e+02    352.086       8451  1027.5464  1027.5456     3.8238     1.7987     0.1824    33.8623    33.8613    8.36670         35 0.0000e+00
     64.000     63.329    -1.3456  27.091806    -1.3455  27.091305     7.8103     8.0908    10.9627    82.4000 1.0000e-12  -73.98522 -111.47324  43.417645      99.37 1.0415e+02    353.537       8486  1027.5515  1027.5509     3.9092     1.6905     0.1769    33.8626    33.8618    8.36707         35 0.0000e+00
     65.000     64.317    -1.3503  27.088911    -1.3496  27.088886     7.8000     8.0792    11.7473    82.0075 1.0000e-12  -73.98522 -111.47324  43.417662      96.36 1.0401e+02    354.965       8520  1027.5571  1027.5564     3.8906     1.7107     0.1775    33.8633    33.8625    8.36809         32 0.0000e+00
     66.000     65.308    -1.3547  27.086274    -1.3534  27.086685     7.7817     8.0710    11.4360    80.9443 1.0000e-12  -73.98522 -111.47324  43.417678      99.40 1.0508e+02    356.376       8554  1027.5626  1027.5619     3.8403     1.7778     0.1807    33.8640    33.8631    8.36902         33 0.0000e+00
     67.000     66.296    -1.3573  27.084922    -1.3559  27.085342     7.7720     8.0570    13.3992    81.8134 1.0000e-12  -73.98522 -111.47324  43.417694      99.41 1.0542e+02    357.797       8588  1027.5679  1027.5670     3.8813     1.7635     0.1736    33.8645    33.8635    8.36958         35 0.0000e+00
     68.000     67.286    -1.3595  27.083884    -1.3580  27.084286     7.7673     8.0472    13.6051    82.2035 1.0000e-12  -73.98522 -111.47324  43.417711      99.40 1.0577e+02    359.219       8622  1027.5731  1027.5722     3.8999     1.6141     0.1754    33.8649    33.8638    8.37005         34 0.0000e+00
     69.000     68.275    -1.3603  27.083677    -1.3595  27.083788     7.7630     8.0376    11.6667    82.2464 1.0000e-12  -73.98522 -111.47324  43.417727      99.36 1.0577e+02    360.633       8656  1027.5779  1027.5773     3.9019     1.6921     0.1927    33.8649    33.8641    8.37023         33 0.0000e+00
     70.000     69.265    -1.3618  27.083255    -1.3610  27.083292     7.7576     8.0349    11.4619    82.1776 1.0000e-12  -73.98522 -111.47325  43.417743      99.35 1.0577e+02    362.014       8689  1027.5831  1027.5825     3.8988     1.7450     0.1722    33.8654    33.8646    8.37054         33 0.0000e+00
     71.000     70.254    -1.3626  27.083166    -1.3616  27.083333     7.7495     8.0307    11.1035    81.2641 1.0000e-12  -73.98522 -111.47325  43.417759      99.36 1.0577e+02    363.375       8722  1027.5881  1027.5874     3.8554     1.7130     0.1646    33.8655    33.8647    8.37070         33 0.0000e+00
     72.000     71.244    -1.3644  27.082492    -1.3624  27.083326     7.7389     8.0165    13.6483    82.2101 1.0000e-12  -73.98522 -111.47325  43.417774      99.41 1.0577e+02    364.713       8754  1027.5933  1027.5923     3.9002     1.6213     0.1805    33.8660    33.8649    8.37108         30 0.0000e+00
     73.000     72.232    -1.3653  27.082353    -1.3649  27.082215     7.7264     8.0047    11.4465    82.0664 1.0000e-12  -73.98522 -111.47325  43.417790      99.39 1.0583e+02    366.049       8786  1027.5984  1027.5978     3.8934     1.8234     0.1727    33.8663    33.8656    8.37128         32 0.0000e+00
     74.000     73.221    -1.3693  27.080285    -1.3681  27.080541     7.7107     7.9906    11.8208    81.3596 1.0000e-12  -73.98522 -111.47324  43.417805      99.37 1.0589e+02    367.356       8818  1027.6041  1027.6034     3.8600     1.7032     0.1640    33.8673    33.8663    8.37210         30 0.0000e+00
     75.000     74.212    -1.3708  27.079760    -1.3691  27.080444     7.7054     7.9840    10.6277    82.4900 1.0000e-12  -73.98522 -111.47325  43.417820      99.34 1.0649e+02    368.621       8848  1027.6094  1027.6085     3.9134     1.6536     0.1572    33.8677    33.8667    8.37243         30 0.0000e+00
     76.000     75.200    -1.3719  27.079632    -1.3712  27.079571     7.6859     7.9682    10.6455    82.1085 1.0000e-12  -73.98522 -111.47325  43.417834      99.37 1.0669e+02    369.896       8879  1027.6145  1027.6138     3.8954     1.6820     0.1874    33.8681    33.8672    8.37265         31 0.0000e+00
     77.000     76.191    -1.3779  27.076133    -1.3758  27.077038     7.6696     7.9460    11.6139    82.3771 1.0000e-12  -73.98522 -111.47326  43.417849      99.37 1.0728e+02    371.171       8909  1027.6208  1027.6197     3.9081     1.6940     0.1781    33.8695    33.8684    8.37392         31 0.0000e+00
     78.000     77.178    -1.3830  27.073351    -1.3823  27.073471     7.6616     7.9349    11.5423    81.7988 1.0000e-12  -73.98522 -111.47326  43.417864      99.44 1.0754e+02    372.412       8939  1027.6268  1027.6263     3.8807     1.5128     0.1515    33.8708    33.8701    8.37498         29 0.0000e+00
     79.000     78.168    -1.3847  27.072826    -1.3838  27.072996     7.6607     7.9372    11.3081    82.4254 1.0000e-12  -73.98522 -111.47326  43.417878      99.41 1.0754e+02    373.635       8968  1027.6322  1027.6315     3.9104     1.5736     0.1668    33.8714    33.8706    8.37533         30 0.0000e+00
     80.000     79.158    -1.3847  27.073323    -1.3838  27.073431     7.6637     7.9362    12.7758    82.2153 1.0000e-12  -73.98522 -111.47326  43.417892      99.36 1.0754e+02    374.877       8998  1027.6369  1027.6363     3.9005     1.7007     0.1692    33.8714    33.8706    8.37532         30 0.0000e+00
     81.000     80.146    -1.3851  27.074430    -1.3842  27.074602     7.6310     7.8941    12.4585    82.1965 1.0000e-12  -73.98522 -111.47326  43.417906      99.46 1.0754e+02    376.109       9028  1027.6428  1027.6422     3.8996     1.4761     0.1588    33.8728    33.8720    8.37533         29 0.0000e+00
     82.000     81.136    -1.3855  27.075221    -1.3847  27.075348     7.4944     7.7781    12.2115    82.1076 1.0000e-12  -73.98522 -111.47326  43.417920      99.41 1.0754e+02    377.320       9057  1027.6484  1027.6478     3.8954     1.5538     0.1628    33.8737    33.8730    8.37538         29 0.0000e+00
     83.000     82.125    -1.3905  27.074897    -1.3900  27.074917     7.2749     7.5846    11.0420    82.7445 1.0000e-12  -73.98522 -111.47326  43.417935      99.39 1.0754e+02    378.551       9086  1027.6571  1027.6567     3.9256     1.6347     0.1703    33.8783    33.8777    8.37621         29 0.0000e+00
     84.000     83.115    -1.4324  27.052564    -1.4320  27.052905     7.1159     7.4290     9.4262    83.1023 1.0000e-12  -73.98522 -111.47326  43.417949      99.39 1.0754e+02    379.766       9115  1027.6775  1027.6775     3.9425     1.7400     0.1749    33.8944    33.8945    8.38468         29 0.0000e+00
     85.000     84.103    -1.4442  27.046377    -1.4435  27.046472     7.0067     7.3173     9.5640    83.0695 1.0000e-12  -73.98522 -111.47326  43.417962      99.32 1.0754e+02    380.944       9144  1027.6863  1027.6857     3.9412     1.5720     0.1658    33.8988    33.8981    8.38709         29 0.0000e+00
     86.000     85.093    -1.4607  27.038191    -1.4603  27.038346     6.8394     7.1646    12.2018    83.4488 1.0000e-12  -73.98522 -111.47326  43.417976      96.83 1.0754e+02    382.124       9172  1027.6973  1027.6972     3.9588     1.5828     0.1794    33.9055    33.9053    8.39040         28 0.0000e+00
     87.000     86.082    -1.4820  27.029152    -1.4808  27.029425     6.5641     6.9188    12.4007    83.5024 1.0000e-12  -73.98522 -111.47326  43.417990      99.43 1.0754e+02    383.300       9200  1027.7122  1027.7114     3.9615     1.4829     0.1534    33.9166    33.9157    8.39454         28 0.0000e+00
     88.000     87.072    -1.4797  27.035870    -1.4802  27.034308     6.3305     6.6969    10.9145    83.7293 1.0000e-12  -73.98522 -111.47326  43.418003      99.60 1.0754e+02    384.475       9228  1027.7214  1027.7202     3.9722     1.2073     0.1506    33.9227    33.9212    8.39366         28 0.0000e+00
     89.000     88.061    -1.4723  27.044246    -1.4715  27.044394     6.1959     6.5420     9.4714    84.2500 1.0000e-12  -73.98522 -111.47326  43.418017      99.67 1.0754e+02    385.654       9257  1027.7276  1027.7270     3.9970     1.0631     0.1598    33.9252    33.9245    8.39184         29 0.0000e+00
     90.000     89.049    -1.4678  27.049168    -1.4685  27.047758     6.1003     6.4108     7.2276    83.8288 1.0000e-12  -73.98522 -111.47326  43.418031      99.72 1.0754e+02    386.841       9285  1027.7328  1027.7319     3.9770     0.9410     0.1462    33.9263    33.9251    8.39077         27 0.0000e+00
     91.000     90.040    -1.4657  27.052375    -1.4649  27.052523     6.0424     6.3233     7.8614    84.4171 1.0000e-12  -73.98522 -111.47326  43.418044      99.81 1.0754e+02    388.009       9313  1027.7384  1027.7379     4.0048     0.7164     0.1343    33.9277    33.9270    8.39020         29 0.0000e+00
     92.000     91.029    -1.4624  27.058073    -1.4616  27.057971     6.0333     6.2914     9.0371    85.0306 1.0000e-12  -73.98522 -111.47326  43.418058      99.80 1.0754e+02    389.181       9341  1027.7458  1027.7449     4.0340     0.7652     0.1427    33.9311    33.9301    8.38925         28 0.0000e+00
     93.000     92.018    -1.4617  27.059812    -1.4608  27.059995     6.0462     6.2851     8.1354    87.0520 1.0000e-12  -73.98522 -111.47326  43.418071      99.86 1.0754e+02    390.370       9370  1027.7513  1027.7506     4.1298     0.5506     0.1374    33.9322    33.9314    8.38905         29 0.0000e+00
     94.000     93.006    -1.4613  27.060986    -1.4605  27.061107     6.0587     6.2812     4.2647    89.5951 1.0000e-12  -73.98522 -111.47326  43.418085      99.87 1.0765e+02    391.549       9398  1027.7564  1027.7558     4.2504     0.5167     0.1313    33.9327    33.9320    8.38891         27 0.0000e+00
     95.000     93.996    -1.4612  27.061732    -1.4604  27.061809     6.0771     6.2848     3.7554    89.9571 1.0000e-12  -73.98522 -111.47326  43.418099      99.90 1.0864e+02    392.723       9426  1027.7614  1027.7608     4.2676     0.4261     0.1326    33.9330    33.9322    8.38888         29 0.0000e+00
     96.000     94.986    -1.4611  27.062267    -1.4603  27.062402     6.0851     6.2853     5.3170    90.1259 1.0000e-12  -73.98522 -111.47326  43.418112      96.63 1.0815e+02    393.902       9455  1027.7661  1027.7655     4.2756     0.5069     0.1320    33.9329    33.9323    8.38885         29 0.0000e+00
     97.000     95.975    -1.4609  27.062835    -1.4602  27.062849     6.0779     6.2780     3.1325    92.4283 1.0000e-12  -73.98522 -111.47326  43.418126      99.75 1.0877e+02    395.074       9483  1027.7709  1027.7702     4.3847     0.3641     0.1246    33.9329    33.9322    8.38882         27 0.0000e+00
     98.000     96.964    -1.4605  27.064138    -1.4597  27.064060     6.0600     6.2652     1.4938    93.0273 1.0000e-12  -73.98522 -111.47326  43.418139      99.92 1.0930e+02    396.189       9510  1027.7762  1027.7753     4.4137     0.2816     0.1293    33.9336    33.9326    8.38868         26 0.0000e+00
     99.000     97.952    -1.4599  27.065397    -1.4592  27.065232     6.0292     6.2292     1.6807    94.2014 1.0000e-12  -73.98522 -111.47326  43.418152      99.90 1.0930e+02    397.293       9536  1027.7813  1027.7805     4.4683     0.3714     0.1264    33.9340    33.9331    8.38852         27 0.0000e+00
    100.000     98.943    -1.4581  27.068570    -1.4566  27.069304     6.0139     6.2109     1.6873    93.3950 1.0000e-12  -73.98522 -111.47326  43.418164      99.92 1.0930e+02    398.386       9562  1027.7874  1027.7868     4.4306     0.2764     0.1272    33.9357    33.9351    8.38801         26 0.0000e+00
    101.000     99.930    -1.4501  27.079796    -1.4469  27.081121     6.0102     6.1978     1.4842    94.4110 1.0000e-12  -73.98522 -111.47326  43.418177      99.92 1.0930e+02    399.479       9589  1027.7964  1027.7948     4.4788     0.2702     0.1261    33.9416    33.9398    8.38588         26 0.0000e+00
    102.000    100.921    -1.4459  27.088769    -1.4442  27.089445     6.0042     6.1942     1.3716    95.3019 1.0000e-12  -73.98522 -111.47326  43.418189      99.93 1.0930e+02    400.565       9615  1027.8066  1027.8057     4.5210     0.2227     0.1240    33.9485    33.9475    8.38451         26 0.0000e+00
    103.000    101.909    -1.4463  27.086369    -1.4458  27.085935     6.0101     6.2004     0.9987    95.7330 1.0000e-12  -73.98522 -111.47326  43.418202      99.94 1.0930e+02    401.619       9640  1027.8087  1027.8077     4.5415     0.1608     0.1252    33.9450    33.9439    8.38481         25 0.0000e+00
