ocean_section_plots/required_files/ctd/dnbp2202_ctd253.cnv
* Sea-Bird SBE 9 Data File:
* FileName = D:\Data\raw\NBP2202_CTD253.hex
* Software Version Seasave V 7.26.7.121
* Temperature SN = 1649
* Conductivity SN = 2513
* Number of Bytes Per Scan = 40
* Number of Voltage Words = 5
* Number of Scans Averaged by the Deck Unit = 1
* NMEA Latitude = 74 00.88 S
* NMEA Longitude = 117 52.23 W
* NMEA UTC (Time) = Feb 15 2022  17:08:04
* NMEA baud rate = 9600
** Ship: RVIB N.B. Palmer
** Cruise: NBP2202 Thwaites
** Station: 161
** Operator: A. Robinson
# nquan = 28
# nvalues = 979                         
# units = specified
# name 0 = prDM: Pressure, Digiquartz [db]
# name 1 = depSM: Depth [salt water, m]
# name 2 = t090C: Temperature [ITS-90, deg C]
# name 3 = c0mS/cm: Conductivity [mS/cm]
# name 4 = t190C: Temperature, 2 [ITS-90, deg C]
# name 5 = c1mS/cm: Conductivity, 2 [mS/cm]
# name 6 = sbeox0ML/L: Oxygen, SBE 43 [ml/l]
# name 7 = sbeox1ML/L: Oxygen, SBE 43, 2 [ml/l]
# name 8 = flECO-AFL: Fluorescence, WET Labs ECO-AFL/FL [mg/m^3]
# name 9 = CStarTr0: Beam Transmission, WET Labs C-Star [%]
# name 10 = par: PAR/Irradiance, Biospherical/Licor
# name 11 = latitude: Latitude [deg]
# name 12 = longitude: Longitude [deg]
# name 13 = timeJ: Julian Days
# name 14 = altM: Altimeter [m]
# name 15 = spar: SPAR, Biospherical/Licor
# name 16 = timeS: Time, Elapsed [seconds]
# name 17 = scan: Scan Count
# name 18 = density00: Density [density, kg/m^3]
# name 19 = density11: Density, 2 [density, kg/m^3]
# name 20 = v3: Voltage 3
# name 21 = v4: Voltage 4
# name 22 = v5: Voltage 5
# name 23 = sal00: Salinity, Practical [PSU]
# name 24 = sal11: Salinity, Practical, 2 [PSU]
# name 25 = oxsolML/L: Oxygen Saturation, Garcia & Gordon [ml/l]
# name 26 = nbin: number of scans per bin
# name 27 = flag: flag
# span 0 =      2.000,    980.000       
# span 1 =      1.956,    967.587       
# span 2 =    -1.7653,     0.6801       
# span 3 =  27.012256,  29.733692       
# span 4 =    -1.7645,     0.6825       
# span 5 =  27.012152,  29.733793       
# span 6 =     4.6297,     8.8481       
# span 7 =     4.7393,     9.0137       
# span 8 =     0.0138,     9.0336       
# span 9 =    85.9917,    96.5920       
# span 10 = -3.644e-05, 2.6732e+02      
# span 11 =  -74.01468,  -74.01466      
# span 12 = -117.87053, -117.87049      
# span 13 =  46.716720,  46.730871      
# span 14 =       4.08,     100.04      
# span 15 = 5.7064e+02, 6.2570e+02      
# span 16 =    240.550,   1463.291      
# span 17 =       5774,      35120      
# span 18 =  1027.1880,  1032.3249      
# span 19 =  1027.1896,  1032.3225      
# span 20 =     4.0796,     4.5822      
# span 21 =     0.0669,     1.8746      
# span 22 =     0.1112,     0.2270      
# span 23 =    33.8332,    34.5717      
# span 24 =    33.8332,    34.5691      
# span 25 =    7.89379,    8.44779      
# span 26 =          1,         45      
# span 27 = 0.0000e+00, 0.0000e+00      
# interval = decibars: 1                
# start_time = Feb 15 2022 17:08:04 [NMEA time, header]
# bad_flag = -9.990e-29
*END*
[from data line 777]
    779.000    769.498     0.5813  29.539536     0.5840  29.539521     4.6923     4.8093     0.1329    96.3909 1.0000e-12  -74.01468 -117.87052  46.727423      99.86 6.0849e+02   1165.312      27968  1031.3737  1031.3711     4.5727     0.1100     0.1259    34.5427    34.5397    7.91552         25 0.0000e+00
    780.000    770.485     0.5824  29.541131     0.5847  29.540688     4.6860     4.8045     0.1641    96.4409 1.0000e-12  -74.01468 -117.87050  46.727435      99.86 6.0922e+02   1166.371      27994  1031.3784  1031.3758     4.5750     0.0795     0.1135    34.5429    34.5399    7.91527         26 0.0000e+00
    781.000    771.471     0.5841  29.543298     0.5871  29.543667     4.6916     4.8040     0.0825    96.4535 1.0000e-12  -74.01468 -117.87052  46.727447      99.87 6.0861e+02   1167.421      28019  1031.3833  1031.3807     4.5756     0.0796     0.1132    34.5433    34.5405    7.91491         25 0.0000e+00
    782.000    772.454     0.5842  29.543648     0.5866  29.543569     4.6890     4.8095     0.1257    96.4746 1.0000e-12  -74.01468 -117.87050  46.727459      99.86 6.0863e+02   1168.453      28044  1031.3878  1031.3854     4.5766     0.0862     0.1166    34.5431    34.5403    7.91490         24 0.0000e+00
    783.000    773.443     0.5849  29.544899     0.5875  29.544876     4.6809     4.8098     0.0762    96.4512 1.0000e-12  -74.01468 -117.87052  46.727471      99.87 6.0854e+02   1169.468      28068  1031.3926  1031.3901     4.5755     0.0816     0.1135    34.5434    34.5405    7.91474         25 0.0000e+00
    784.000    774.428     0.5855  29.546005     0.5884  29.546242     4.6859     4.8055     0.0767    96.4015 1.0000e-12  -74.01468 -117.87050  46.727483      99.87 6.0861e+02   1170.489      28093  1031.3974  1031.3949     4.5732     0.0837     0.1268    34.5436    34.5407    7.91461         25 0.0000e+00
    785.000    775.415     0.5893  29.550354     0.5910  29.549434     4.6861     4.7988     0.0726    96.2379 1.0000e-12  -74.01468 -117.87051  46.727494      99.86 6.0849e+02   1171.510      28117  1031.4024  1031.3998     4.5654     0.0819     0.1144    34.5444    34.5414    7.91379         24 0.0000e+00
    786.000    776.400     0.5930  29.554738     0.5956  29.554655     4.6830     4.8029     0.0964    96.4373 1.0000e-12  -74.01468 -117.87051  46.727506      92.75 6.0861e+02   1172.533      28142  1031.4075  1031.4049     4.5749     0.0762     0.1156    34.5455    34.5425    7.91298         25 0.0000e+00
    787.000    777.386     0.5935  29.555720     0.5961  29.555705     4.6857     4.8045     0.0867    96.4580 1.0000e-12  -74.01468 -117.87051  46.727518      90.63 6.0900e+02   1173.554      28166  1031.4123  1031.4098     4.5758     0.0771     0.1156    34.5456    34.5427    7.91286         24 0.0000e+00
    788.000    778.372     0.5940  29.556575     0.5965  29.556575     4.6838     4.8064     0.0735    96.4850 1.0000e-12  -74.01468 -117.87051  46.727530      98.02 6.0878e+02   1174.562      28190  1031.4169  1031.4145     4.5771     0.0778     0.1147    34.5456    34.5428    7.91277         24 0.0000e+00
    789.000    779.357     0.5946  29.557753     0.5971  29.557687     4.6822     4.8055     0.0569    96.4253 1.0000e-12  -74.01468 -117.87051  46.727542      99.87 6.0918e+02   1175.590      28215  1031.4218  1031.4193     4.5743     0.0788     0.1142    34.5458    34.5430    7.91262         25 0.0000e+00
    790.000    780.344     0.5950  29.558600     0.5975  29.558561     4.6857     4.8042     0.0669    96.3215 1.0000e-12  -74.01468 -117.87050  46.727553      99.86 6.0918e+02   1176.616      28240  1031.4265  1031.4240     4.5693     0.0837     0.1144    34.5459    34.5431    7.91254         25 0.0000e+00
    791.000    781.330     0.5951  29.559105     0.5977  29.559090     4.6890     4.8035     0.0598    96.4676 1.0000e-12  -74.01468 -117.87050  46.727565      99.86 6.0937e+02   1177.636      28264  1031.4312  1031.4287     4.5763     0.0803     0.1143    34.5459    34.5431    7.91252         24 0.0000e+00
    792.000    782.315     0.5955  29.559883     0.5980  29.559910     4.6854     4.7961     0.0478    96.4567 1.0000e-12  -74.01468 -117.87050  46.727577      99.87 6.0932e+02   1178.656      28289  1031.4358  1031.4334     4.5758     0.0878     0.1159    34.5460    34.5432    7.91244         25 0.0000e+00
    793.000    783.301     0.5958  29.560691     0.5982  29.560600     4.6844     4.8003     0.0580    96.4636 1.0000e-12  -74.01468 -117.87050  46.727589      99.86 6.0930e+02   1179.691      28314  1031.4406  1031.4382     4.5761     0.0816     0.1150    34.5461    34.5433    7.91237         24 0.0000e+00
    794.000    784.287     0.5961  29.561456     0.5986  29.561407     4.6844     4.8042     0.0910    96.4379 1.0000e-12  -74.01468 -117.87050  46.727601      99.86 6.0962e+02   1180.742      28339  1031.4454  1031.4429     4.5749     0.0778     0.1154    34.5462    34.5433    7.91230         26 0.0000e+00
    795.000    785.274     0.5961  29.561852     0.5987  29.561901     4.6863     4.7990     0.1254    96.5021 1.0000e-12  -74.01468 -117.87050  46.727613      99.86 6.0968e+02   1181.795      28364  1031.4500  1031.4475     4.5779     0.0821     0.1139    34.5462    34.5433    7.91231         25 0.0000e+00
    796.000    786.259     0.5961  29.562293     0.5986  29.562167     4.6829     4.8034     0.1086    96.4463 1.0000e-12  -74.01468 -117.87050  46.727625      99.86 6.0996e+02   1182.832      28389  1031.4547  1031.4521     4.5753     0.0798     0.1144    34.5462    34.5432    7.91231         25 0.0000e+00
    797.000    787.244     0.5966  29.563236     0.5990  29.563190     4.6805     4.7986     0.0446    96.5072 1.0000e-12  -74.01468 -117.87050  46.727637      99.87 6.0996e+02   1183.847      28413  1031.4594  1031.4570     4.5782     0.0825     0.1144    34.5463    34.5435    7.91220         24 0.0000e+00
    798.000    788.231     0.5964  29.563763     0.5990  29.563773     4.6822     4.7951     0.0506    96.4620 1.0000e-12  -74.01468 -117.87050  46.727649      97.25 6.0996e+02   1184.869      28438  1031.4643  1031.4619     4.5761     0.0763     0.1145    34.5465    34.5438    7.91221         25 0.0000e+00
    799.000    789.217     0.5985  29.566371     0.6007  29.565986     4.6743     4.7997     0.0761    96.5201 1.0000e-12  -74.01468 -117.87050  46.727661      84.60 6.0996e+02   1185.889      28462  1031.4692  1031.4667     4.5788     0.0766     0.1160    34.5471    34.5442    7.91177         24 0.0000e+00
    800.000    790.202     0.6016  29.570145     0.6043  29.570189     4.6784     4.7924     0.0944    96.4575 1.0000e-12  -74.01468 -117.87050  46.727673      96.23 6.0996e+02   1186.907      28487  1031.4742  1031.4717     4.5759     0.0768     0.1141    34.5479    34.5450    7.91108         24 0.0000e+00
    801.000    791.188     0.6048  29.574189     0.6079  29.574795     4.6676     4.7901     0.0356    96.4680 1.0000e-12  -74.01468 -117.87050  46.727684      99.90 6.0996e+02   1187.927      28511  1031.4795  1031.4771     4.5763     0.0773     0.1128    34.5491    34.5464    7.91038         25 0.0000e+00
    802.000    792.174     0.6057  29.575483     0.6081  29.575521     4.6668     4.7983     0.0614    96.5009 1.0000e-12  -74.01468 -117.87050  46.727696      99.87 6.0996e+02   1188.959      28536  1031.4842  1031.4819     4.5779     0.0812     0.1163    34.5492    34.5466    7.91018         25 0.0000e+00
    803.000    793.161     0.6061  29.576566     0.6087  29.576487     4.6770     4.7955     0.0538    96.5266 1.0000e-12  -74.01468 -117.87050  46.727708      99.87 6.0996e+02   1190.002      28561  1031.4891  1031.4865     4.5791     0.0773     0.1158    34.5495    34.5466    7.91008         25 0.0000e+00
    804.000    794.146     0.6061  29.577034     0.6087  29.577053     4.6771     4.7918     0.0696    96.5327 1.0000e-12  -74.01468 -117.87050  46.727720      99.87 6.0996e+02   1191.038      28586  1031.4939  1031.4913     4.5794     0.0774     0.1147    34.5496    34.5468    7.91008         25 0.0000e+00
    805.000    795.132     0.6067  29.578106     0.6092  29.577979     4.6797     4.7927     0.0489    96.5163 1.0000e-12  -74.01468 -117.87050  46.727732      99.87 6.0996e+02   1192.055      28610  1031.4986  1031.4961     4.5786     0.0795     0.1137    34.5497    34.5468    7.90993         24 0.0000e+00
    806.000    796.117     0.6072  29.579041     0.6096  29.578919     4.6770     4.7952     0.0563    96.5225 1.0000e-12  -74.01468 -117.87050  46.727744      99.86 6.0996e+02   1193.052      28634  1031.5033  1031.5009     4.5790     0.0773     0.1186    34.5498    34.5470    7.90983         24 0.0000e+00
    807.000    797.103     0.6073  29.579457     0.6097  29.579392     4.6788     4.7932     0.0848    96.4669 1.0000e-12  -74.01468 -117.87050  46.727755      99.86 6.0996e+02   1194.043      28658  1031.5079  1031.5055     4.5763     0.0809     0.1131    34.5497    34.5470    7.90983         24 0.0000e+00
    808.000    798.089     0.6071  29.579773     0.6097  29.579784     4.6816     4.7897     0.0785    96.4332 1.0000e-12  -74.01468 -117.87050  46.727767      99.86 6.0996e+02   1195.073      28683  1031.5127  1031.5102     4.5747     0.0759     0.1131    34.5498    34.5469    7.90986         25 0.0000e+00
    809.000    799.075     0.6072  29.580308     0.6100  29.580571     4.6738     4.7929     0.0524    96.5224 1.0000e-12  -74.01468 -117.87050  46.727779      99.86 6.0996e+02   1196.124      28708  1031.5173  1031.5149     4.5789     0.0781     0.1140    34.5498    34.5471    7.90984         25 0.0000e+00
    810.000    800.062     0.6081  29.581694     0.6105  29.581554     4.6719     4.7938     0.0442    96.5461 1.0000e-12  -74.01468 -117.87050  46.727792      99.87 6.0996e+02   1197.188      28734  1031.5221  1031.5196     4.5800     0.0860     0.1151    34.5500    34.5472    7.90964         26 0.0000e+00
    811.000    801.046     0.6077  29.581713     0.6102  29.581749     4.6741     4.7952     0.0410    96.5002 1.0000e-12  -74.01468 -117.87050  46.727804      99.86 6.0996e+02   1198.240      28759  1031.5267  1031.5244     4.5778     0.0795     0.1157    34.5499    34.5472    7.90973         25 0.0000e+00
    812.000    802.032     0.6076  29.581968     0.6099  29.581936     4.6758     4.7915     0.0396    96.4894 1.0000e-12  -74.01468 -117.87050  46.727815      91.03 6.0996e+02   1199.260      28783  1031.5313  1031.5290     4.5773     0.0754     0.1142    34.5498    34.5471    7.90976         24 0.0000e+00
    813.000    803.018     0.6073  29.582250     0.6098  29.582277     4.6819     4.7908     0.0439    96.4999 1.0000e-12  -74.01468 -117.87050  46.727827      97.73 6.1025e+02   1200.259      28807  1031.5361  1031.5337     4.5779     0.0817     0.1147    34.5499    34.5471    7.90981         24 0.0000e+00
    814.000    804.005     0.6079  29.583197     0.6108  29.583569     4.6806     4.7866     0.0502    96.4948 1.0000e-12  -74.01468 -117.87050  46.727838      99.86 6.1042e+02   1201.244      28831  1031.5407  1031.5384     4.5776     0.0766     0.1125    34.5499    34.5472    7.90968         23 0.0000e+00
    815.000    804.989     0.6077  29.583610     0.6103  29.583565     4.6784     4.7852     0.0853    96.5263 1.0000e-12  -74.01468 -117.87050  46.727850      99.87 6.1025e+02   1202.245      28855  1031.5456  1031.5431     4.5791     0.0789     0.1134    34.5501    34.5472    7.90972         24 0.0000e+00
    816.000    805.976     0.6084  29.584787     0.6109  29.584833     4.6776     4.7914     0.0763    96.4923 1.0000e-12  -74.01468 -117.87052  46.727862      99.86 6.1031e+02   1203.257      28879  1031.5503  1031.5480     4.5774     0.0783     0.1124    34.5503    34.5476    7.90957         25 0.0000e+00
    817.000    806.961     0.6096  29.586572     0.6119  29.586314     4.6736     4.7917     0.0543    96.3406 1.0000e-12  -74.01468 -117.87050  46.727874      99.85 6.1024e+02   1204.281      28904  1031.5552  1031.5527     4.5704     0.1036     0.1162    34.5507    34.5478    7.90930         25 0.0000e+00
    818.000    807.947     0.6102  29.587428     0.6124  29.587335     4.6736     4.7844     0.0712    96.5220 1.0000e-12  -74.01468 -117.87052  46.727885      99.86 6.1069e+02   1205.303      28928  1031.5597  1031.5575     4.5789     0.0772     0.1143    34.5505    34.5480    7.90918         24 0.0000e+00
    819.000    808.933     0.6112  29.589123     0.6134  29.588783     4.6730     4.7824     0.0419    96.5258 1.0000e-12  -74.01468 -117.87050  46.727897      99.87 6.1106e+02   1206.315      28953  1031.5647  1031.5622     4.5791     0.0758     0.1143    34.5511    34.5482    7.90895         24 0.0000e+00
    820.000    809.919     0.6129  29.591370     0.6153  29.591150     4.6714     4.7841     0.0430    96.3644 1.0000e-12  -74.01468 -117.87052  46.727909      99.86 6.1121e+02   1207.322      28977  1031.5696  1031.5671     4.5714     0.0794     0.1136    34.5515    34.5487    7.90858         24 0.0000e+00
    821.000    810.904     0.6140  29.592925     0.6164  29.592876     4.6761     4.7873     0.1557    96.4848 1.0000e-12  -74.01468 -117.87052  46.727921      99.87 6.1132e+02   1208.338      29001  1031.5743  1031.5719     4.5771     0.0757     0.1132    34.5518    34.5490    7.90834         25 0.0000e+00
    822.000    811.890     0.6145  29.593818     0.6169  29.593744     4.6670     4.7851     0.1107    96.5087 1.0000e-12  -74.01468 -117.87052  46.727932      99.87 6.1171e+02   1209.360      29026  1031.5790  1031.5766     4.5783     0.0773     0.1137    34.5519    34.5491    7.90824         25 0.0000e+00
    823.000    812.875     0.6155  29.595306     0.6179  29.595231     4.6695     4.7837     0.0439    96.5194 1.0000e-12  -74.01468 -117.87052  46.727944      99.86 6.1172e+02   1210.395      29050  1031.5838  1031.5814     4.5788     0.0783     0.1133    34.5521    34.5493    7.90802         24 0.0000e+00
    824.000    813.861     0.6165  29.596819     0.6189  29.596654     4.6735     4.7845     0.0406    96.5547 1.0000e-12  -74.01468 -117.87052  46.727956      77.71 6.1172e+02   1211.425      29075  1031.5886  1031.5861     4.5804     0.0745     0.1132    34.5523    34.5495    7.90780         25 0.0000e+00
    825.000    814.849     0.6182  29.599085     0.6206  29.598978     4.6624     4.7839     0.0514    96.4951 1.0000e-12  -74.01468 -117.87050  46.727968      95.74 6.1172e+02   1212.450      29100  1031.5935  1031.5911     4.5776     0.0768     0.1141    34.5529    34.5501    7.90743         25 0.0000e+00
    826.000    815.832     0.6191  29.600402     0.6215  29.600323     4.6646     4.7867     0.0719    96.4906 1.0000e-12  -74.01468 -117.87052  46.727980      99.79 6.1172e+02   1213.482      29125  1031.5982  1031.5958     4.5774     0.0765     0.1160    34.5530    34.5502    7.90724         25 0.0000e+00
    827.000    816.819     0.6209  29.602751     0.6235  29.603030     4.6693     4.7831     0.0622    96.4142 1.0000e-12  -74.01468 -117.87050  46.727992      99.86 6.1172e+02   1214.522      29150  1031.6031  1031.6008     4.5737     0.0783     0.1136    34.5535    34.5509    7.90685         24 0.0000e+00
    828.000    817.805     0.6221  29.604619     0.6246  29.604587     4.6681     4.7839     0.0381    96.5508 1.0000e-12  -74.01468 -117.87051  46.728004      99.86 6.1172e+02   1215.562      29174  1031.6080  1031.6055     4.5803     0.0785     0.1161    34.5540    34.5511    7.90657         25 0.0000e+00
    829.000    818.791     0.6226  29.605505     0.6251  29.605615     4.6684     4.7864     0.0457    96.5367 1.0000e-12  -74.01468 -117.87051  46.728016      99.86 6.1172e+02   1216.598      29199  1031.6127  1031.6103     4.5796     0.0752     0.1159    34.5540    34.5513    7.90647         25 0.0000e+00
