ocean_section_plots/required_files/ctd/dnbp2202_ctd254.cnv
* Sea-Bird SBE 9 Data File:
* FileName = D:\Data\raw\NBP2202_CTD254.hex
* Software Version Seasave V 7.26.7.121
* Temperature SN = 1649
* Conductivity SN = 2513
* Number of Bytes Per Scan = 40
* Number of Voltage Words = 5
* Number of Scans Averaged by the Deck Unit = 1
* NMEA Latitude = 74 01.37 S
* NMEA Longitude = 117 44.63 W
* NMEA UTC (Time) = Feb 15 2022  18:28:09
* NMEA baud rate = 9600
** Ship: RVIB N.B. Palmer
** Cruise: NBP2202 Thwaites
** Station: 162
** Operator: A. Robinson
# nquan = 28
# nvalues = 874                         
# units = specified
# name 0 = prDM: Pressure, Digiquartz [db]
# name 1 = depSM: Depth [salt water, m]
# name 2 = t090C: Temperature [ITS-90, deg C]
# name 3 = c0mS/cm: Conductivity [mS/cm]
# name 4 = t190C: Temperature, 2 [ITS-90, deg C]
# name 5 = c1mS/cm: Conductivity, 2 [mS/cm]
# name 6 = sbeox0ML/L: Oxygen, SBE 43 [ml/l]
# name 7 = sbeox1ML/L: Oxygen, SBE 43, 2 [ml/l]
# name 8 = flECO-AFL: Fluorescence, WET Labs ECO-AFL/FL [mg/m^3]
# name 9 = CStarTr0: Beam Transmission, WET Labs C-Star [%]
# name 10 = par: PAR/Irradiance, Biospherical/Licor
# name 11 = latitude: Latitude [deg]
# name 12 = longitude: Longitude [deg]
# name 13 = timeJ: Julian Days
# name 14 = altM: Altimeter [m]
# name 15 = spar: SPAR, Biospherical/Licor
# name 16 = timeS: Time, Elapsed [seconds]
# name 17 = scan: Scan Count
# name 18 = density00: Density [density, kg/m^3]
# name 19 = density11: Density, 2 [density, kg/m^3]
# name 20 = v3: Voltage 3
# name 21 = v4: Voltage 4
# name 22 = v5: Voltage 5
# name 23 = sal00: Salinity, Practical [PSU]
# name 24 = sal11: Salinity, Practical, 2 [PSU]
# name 25 = oxsolML/L: Oxygen Saturation, Garcia & Gordon [ml/l]
# name 26 = nbin: number of scans per bin
# name 27 = flag: flag
# span 0 =      2.000,    875.000       
# span 1 =      2.028,    864.129       
# span 2 =    -1.7841,     0.6345       
# span 3 =  26.972753,  29.639510       
# span 4 =    -1.7837,     0.6371       
# span 5 =  26.972544,  29.639565       
# span 6 =     4.6362,     9.0216       
# span 7 =     4.7443,     9.3248       
# span 8 =     0.0066,    10.9157       
# span 9 =    84.3357,    96.3563       
# span 10 = 1.0000e-12, 3.5342e+02      
# span 11 =  -74.02288,  -74.02286      
# span 12 = -117.74392, -117.74388      
# span 13 =  46.771979,  46.784277      
# span 14 =       2.71,     100.83      
# span 15 = 8.1974e+02, 8.4274e+02      
# span 16 =    209.966,   1272.514      
# span 17 =       5040,      30541      
# span 18 =  1027.1828,  1031.8301      
# span 19 =  1027.1813,  1031.8277      
# span 20 =     4.0010,     4.5710      
# span 21 =     0.0686,     1.8602      
# span 22 =     0.1124,     0.2031      
# span 23 =    33.8300,    34.5589      
# span 24 =    33.8282,    34.5563      
# span 25 =    7.90377,    8.45426      
# span 26 =          3,         51      
# span 27 = 0.0000e+00, 0.0000e+00      
# interval = decibars: 1                
# start_time = Feb 15 2022 18:28:09 [NMEA time, header]
# bad_flag = -9.990e-29
*END*
[from data line 518]
    520.000    513.976    -0.5537  28.289975    -0.5514  28.289396     5.2599     5.3861     0.3976    95.3316 1.0000e-12  -74.02286 -117.74390  46.779531      99.92 8.2198e+02    862.513      20701  1030.0537  1030.0509     4.5224     0.1223     0.1380    34.3157    34.3123    8.16646         26 0.0000e+00
    521.000    514.964    -0.5498  28.294588    -0.5474  28.294010     5.2505     5.3840     0.4458    95.0010 1.0000e-12  -74.02286 -117.74390  46.779544      99.92 8.2179e+02    863.568      20727  1030.0592  1030.0563     4.5068     0.1152     0.1316    34.3168    34.3134    8.16555         25 0.0000e+00
    522.000    515.950    -0.5446  28.300194    -0.5424  28.299647     5.2410     5.3778     0.2838    95.1707 1.0000e-12  -74.02286 -117.74390  46.779556      99.91 8.2242e+02    864.666      20753  1030.0645  1030.0618     4.5147     0.1779     0.1232    34.3179    34.3147    8.16437         27 0.0000e+00
    523.000    516.938    -0.5385  28.306999    -0.5361  28.306510     5.2343     5.3705     0.4035    95.2641 1.0000e-12  -74.02286 -117.74390  46.779569      99.92 8.2211e+02    865.777      20780  1030.0702  1030.0674     4.5192     0.1143     0.1226    34.3196    34.3162    8.16297         26 0.0000e+00
    524.000    517.925    -0.5326  28.313272    -0.5303  28.312711     5.2327     5.3596     0.4461    95.3352 1.0000e-12  -74.02286 -117.74390  46.779582      81.18 8.2191e+02    866.845      20805  1030.0756  1030.0727     4.5225     0.1057     0.1260    34.3208    34.3174    8.16163         26 0.0000e+00
    525.000    518.913    -0.5262  28.320335    -0.5236  28.320176     5.2190     5.3431     0.4443    94.9949 1.0000e-12  -74.02286 -117.74390  46.779594      86.42 8.2189e+02    867.951      20832  1030.0812  1030.0785     4.5065     0.1144     0.1374    34.3224    34.3192    8.16015         27 0.0000e+00
    526.000    519.899    -0.5194  28.328067    -0.5176  28.326832     5.2114     5.3355     0.2802    95.1405 1.0000e-12  -74.02286 -117.74390  46.779607      99.49 8.2242e+02    869.085      20859  1030.0872  1030.0842     4.5134     0.1348     0.1278    34.3246    34.3209    8.15858         27 0.0000e+00
    527.000    520.887    -0.5051  28.342992    -0.5022  28.342893     5.2103     5.3387     0.2152    95.3755 1.0000e-12  -74.02286 -117.74390  46.779620      99.92 8.2238e+02    870.155      20885  1030.0935  1030.0905     4.5245     0.1245     0.1258    34.3277    34.3244    8.15530         24 0.0000e+00
    528.000    521.873    -0.4914  28.356717    -0.4893  28.355788     5.2031     5.3356     0.2491    95.4889 1.0000e-12  -74.02286 -117.74390  46.779632      99.91 8.2183e+02    871.202      20910  1030.0991  1030.0961     4.5299     0.1312     0.1278    34.3301    34.3265    8.15223         26 0.0000e+00
    529.000    522.861    -0.4847  28.363561    -0.4825  28.362863     5.1953     5.3334     0.3841    95.4162 1.0000e-12  -74.02286 -117.74390  46.779644      99.91 8.2211e+02    872.270      20935  1030.1042  1030.1014     4.5264     0.1365     0.1283    34.3311    34.3278    8.15072         26 0.0000e+00
    530.000    523.849    -0.4776  28.371456    -0.4756  28.370288     5.1891     5.3223     0.5453    95.3579 1.0000e-12  -74.02286 -117.74390  46.779657      99.92 8.2221e+02    873.326      20961  1030.1102  1030.1070     4.5237     0.1073     0.1239    34.3331    34.3293    8.14909         25 0.0000e+00
    531.000    524.834    -0.4560  28.393445    -0.4532  28.392889     5.1793     5.3170     0.5445    95.4259 1.0000e-12  -74.02286 -117.74390  46.779669      99.91 8.2222e+02    874.409      20987  1030.1168  1030.1135     4.5269     0.1245     0.1246    34.3376    34.3337    8.14420         27 0.0000e+00
    532.000    525.822    -0.4428  28.406728    -0.4404  28.406146     5.1736     5.3084     0.5797    95.1983 1.0000e-12  -74.02286 -117.74390  46.779682      99.92 8.2199e+02    875.513      21013  1030.1225  1030.1196     4.5162     0.1040     0.1246    34.3399    34.3364    8.14123         25 0.0000e+00
    533.000    526.810    -0.4341  28.415991    -0.4321  28.415132     5.1643     5.2950     0.5700    95.0841 1.0000e-12  -74.02286 -117.74390  46.779694      99.92 8.2172e+02    876.537      21038  1030.1283  1030.1255     4.5107     0.0993     0.1226    34.3419    34.3384    8.13925         24 0.0000e+00
    534.000    527.797    -0.4238  28.426874    -0.4218  28.425941     5.1557     5.2857     0.4281    95.3220 1.0000e-12  -74.02286 -117.74390  46.779705      99.92 8.2207e+02    877.539      21062  1030.1343  1030.1314     4.5220     0.1049     0.1246    34.3442    34.3408    8.13691         25 0.0000e+00
    535.000    528.784    -0.4156  28.436075    -0.4134  28.435264     5.1550     5.2856     0.2721    94.8472 1.0000e-12  -74.02286 -117.74390  46.779718      99.92 8.2204e+02    878.596      21087  1030.1406  1030.1376     4.4995     0.1155     0.1241    34.3467    34.3432    8.13503         26 0.0000e+00
    536.000    529.771    -0.4132  28.438738    -0.4109  28.438172     5.1496     5.2818     0.2408    95.3226 1.0000e-12  -74.02286 -117.74390  46.779730      94.11 8.2214e+02    879.667      21113  1030.1455  1030.1427     4.5220     0.1101     0.1206    34.3470    34.3436    8.13449         25 0.0000e+00
    537.000    530.757    -0.4131  28.439229    -0.4105  28.438906     5.1531     5.2756     0.3500    95.1613 1.0000e-12  -74.02286 -117.74390  46.779742      90.07 8.2232e+02    880.731      21139  1030.1504  1030.1476     4.5143     0.1114     0.1251    34.3469    34.3436    8.13447         26 0.0000e+00
    538.000    531.745    -0.4101  28.442610    -0.4074  28.442533     5.1544     5.2754     0.3521    95.1854 1.0000e-12  -74.02286 -117.74390  46.779754      98.00 8.2179e+02    881.785      21164  1030.1556  1030.1528     4.5155     0.1397     0.1251    34.3475    34.3443    8.13381         25 0.0000e+00
    539.000    532.732    -0.4027  28.450322    -0.4001  28.450055     5.1510     5.2741     0.2750    95.2378 1.0000e-12  -74.02286 -117.74390  46.779766      99.88 8.2241e+02    882.777      21188  1030.1610  1030.1581     4.5180     0.1475     0.1261    34.3489    34.3456    8.13214         23 0.0000e+00
    540.000    533.719    -0.4004  28.452913    -0.3978  28.452702     5.1420     5.2774     0.3622    94.9641 1.0000e-12  -74.02286 -117.74390  46.779777      99.91 8.2174e+02    883.751      21211  1030.1658  1030.1631     4.5053     0.1347     0.1267    34.3491    34.3459    8.13162         24 0.0000e+00
    541.000    534.706    -0.3986  28.455031    -0.3964  28.454564     5.1413     5.2716     0.2112    95.4086 1.0000e-12  -74.02286 -117.74389  46.779789      99.91 8.2227e+02    884.772      21236  1030.1707  1030.1681     4.5259     0.1296     0.1250    34.3493    34.3462    8.13123         25 0.0000e+00
    542.000    535.694    -0.3970  28.457074    -0.3949  28.456491     5.1495     5.2740     0.2305    95.3302 1.0000e-12  -74.02286 -117.74388  46.779801      99.91 8.2195e+02    885.805      21260  1030.1758  1030.1730     4.5224     0.1168     0.1249    34.3497    34.3465    8.13088         24 0.0000e+00
    543.000    536.680    -0.3957  28.458682    -0.3932  28.458430     5.1465     5.2713     0.2395    95.1365 1.0000e-12  -74.02286 -117.74388  46.779813      99.91 8.2209e+02    886.806      21284  1030.1806  1030.1778     4.5132     0.1142     0.1293    34.3497    34.3466    8.13059         24 0.0000e+00
    544.000    537.668    -0.3943  28.460562    -0.3914  28.460664     5.1426     5.2658     0.2839    95.2082 1.0000e-12  -74.02286 -117.74388  46.779824      99.92 8.2192e+02    887.834      21309  1030.1855  1030.1828     4.5166     0.1172     0.1248    34.3501    34.3470    8.13027         25 0.0000e+00
    545.000    538.654    -0.3940  28.461173    -0.3917  28.460952     5.1427     5.2607     0.3973    95.2571 1.0000e-12  -74.02286 -117.74388  46.779836      99.91 8.2202e+02    888.865      21334  1030.1902  1030.1877     4.5189     0.1568     0.1403    34.3499    34.3471    8.13021         24 0.0000e+00
    546.000    539.641    -0.3917  28.464255    -0.3891  28.463956     5.1432     5.2597     0.4084    95.3237 1.0000e-12  -74.02286 -117.74388  46.779848      99.91 8.2214e+02    889.877      21358  1030.1955  1030.1928     4.5220     0.1340     0.1274    34.3509    34.3476    8.12966         25 0.0000e+00
    547.000    540.629    -0.3848  28.471460    -0.3823  28.471093     5.1402     5.2659     0.3915    95.1485 1.0000e-12  -74.02286 -117.74388  46.779860      99.91 8.2238e+02    890.921      21383  1030.2008  1030.1980     4.5138     0.1131     0.1283    34.3521    34.3488    8.12812         26 0.0000e+00
    548.000    541.615    -0.3809  28.475730    -0.3786  28.475169     5.1346     5.2633     0.2940    95.1534 1.0000e-12  -74.02286 -117.74388  46.779872      99.91 8.2195e+02    891.965      21408  1030.2058  1030.2030     4.5140     0.1046     0.1286    34.3528    34.3496    8.12724         24 0.0000e+00
    549.000    542.603    -0.3768  28.480271    -0.3746  28.479653     5.1353     5.2562     0.2746    95.2817 1.0000e-12  -74.02286 -117.74388  46.779884      99.91 8.2234e+02    892.954      21432  1030.2110  1030.2082     4.5200     0.1388     0.1248    34.3538    34.3504    8.12633         23 0.0000e+00
    550.000    543.589    -0.3699  28.487587    -0.3674  28.487300     5.1202     5.2507     0.2885    95.0032 1.0000e-12  -74.02286 -117.74388  46.779895      83.15 8.2209e+02    893.946      21456  1030.2163  1030.2136     4.5069     0.1096     0.1284    34.3551    34.3519    8.12476         24 0.0000e+00
    551.000    544.576    -0.3611  28.496448    -0.3590  28.495777     5.1202     5.2504     0.3359    95.2247 1.0000e-12  -74.02286 -117.74388  46.779907      96.15 8.2194e+02    894.949      21480  1030.2215  1030.2187     4.5173     0.1144     0.1250    34.3565    34.3532    8.12282         24 0.0000e+00
    552.000    545.565    -0.3561  28.501759    -0.3526  28.502522     5.1217     5.2521     0.4786    95.3588 1.0000e-12  -74.02286 -117.74388  46.779918      99.92 8.2187e+02    895.940      21504  1030.2265  1030.2239     4.5237     0.1223     0.1265    34.3573    34.3544    8.12169         24 0.0000e+00
    553.000    546.550    -0.3507  28.507419    -0.3483  28.507131     5.1113     5.2467     0.3825    95.2350 1.0000e-12  -74.02286 -117.74388  46.779930      99.91 8.2221e+02    896.966      21528  1030.2316  1030.2290     4.5179     0.1289     0.1260    34.3582    34.3551    8.12048         25 0.0000e+00
    554.000    547.539    -0.3497  28.509123    -0.3477  28.508261     5.1045     5.2333     0.3139    95.2034 1.0000e-12  -74.02286 -117.74388  46.779942      99.90 8.2201e+02    897.998      21553  1030.2369  1030.2340     4.5164     0.1870     0.1283    34.3587    34.3553    8.12024         24 0.0000e+00
    555.000    548.525    -0.3261  28.534018    -0.3259  28.531163     5.0894     5.2253     0.3290    95.1601 1.0000e-12  -74.02286 -117.74388  46.779953      99.91 8.2231e+02    898.976      21576  1030.2444  1030.2412     4.5143     0.1214     0.1288    34.3648    34.3608    8.11487         24 0.0000e+00
    556.000    549.513    -0.2982  28.560809    -0.2962  28.559739     5.0765     5.2054     0.3293    95.1393 1.0000e-12  -74.02286 -117.74388  46.779965      99.92 8.2265e+02    899.943      21600  1030.2498  1030.2467     4.5133     0.1137     0.1251    34.3686    34.3649    8.10872         23 0.0000e+00
    557.000    550.499    -0.2798  28.579412    -0.2771  28.578898     5.0680     5.1927     0.3894    95.3734 1.0000e-12  -74.02286 -117.74388  46.779976      99.91 8.2216e+02    900.937      21623  1030.2560  1030.2527     4.5244     0.1144     0.1241    34.3720    34.3683    8.10460         24 0.0000e+00
    558.000    551.486    -0.2544  28.605193    -0.2530  28.602937     5.0642     5.1948     0.4389    95.3222 1.0000e-12  -74.02286 -117.74388  46.779988      99.90 8.2187e+02    901.933      21647  1030.2628  1030.2590     4.5220     0.2574     0.1341    34.3772    34.3726    8.09891         24 0.0000e+00
    559.000    552.471    -0.2359  28.622987    -0.2351  28.620622     5.0583     5.1865     0.3198    95.0927 1.0000e-12  -74.02286 -117.74388  46.779999      99.91 8.2178e+02    902.954      21672  1030.2680  1030.2646     4.5112     0.1704     0.1259    34.3795    34.3754    8.09485         25 0.0000e+00
    560.000    553.461    -0.2242  28.634868    -0.2215  28.634482     5.0393     5.1772     0.2067    95.3074 1.0000e-12  -74.02286 -117.74388  46.780011      99.91 8.2187e+02    903.986      21697  1030.2736  1030.2706     4.5212     0.1057     0.1241    34.3815    34.3780    8.09224         24 0.0000e+00
    561.000    554.448    -0.2095  28.649740    -0.2053  28.650953     5.0402     5.1711     0.3209    95.1562 1.0000e-12  -74.02286 -117.74388  46.780023      99.91 8.2180e+02    904.976      21720  1030.2796  1030.2767     4.5142     0.1425     0.1251    34.3842    34.3811    8.08898         24 0.0000e+00
    562.000    555.433    -0.1797  28.679532    -0.1752  28.680261     5.0315     5.1696     0.3936    95.3262 1.0000e-12  -74.02286 -117.74388  46.780034      73.55 8.2219e+02    905.941      21744  1030.2863  1030.2826     4.5222     0.2517     0.1309    34.3898    34.3856    8.08236         23 0.0000e+00
    563.000    556.421    -0.1685  28.690375    -0.1650  28.690776     5.0235     5.1553     0.2417    94.8027 1.0000e-12  -74.02286 -117.74388  46.780045      84.76 8.2180e+02    906.924      21767  1030.2913  1030.2883     4.4974     0.1623     0.1265    34.3910    34.3875    8.07991         24 0.0000e+00
    564.000    557.407    -0.1503  28.709282    -0.1471  28.709176     5.0118     5.1393     0.1909    94.7373 1.0000e-12  -74.02286 -117.74388  46.780057      98.53 8.2204e+02    907.913      21791  1030.2980  1030.2948     4.4942     0.1305     0.1248    34.3950    34.3913    8.07583         23 0.0000e+00
    565.000    558.394    -0.1249  28.736519    -0.1227  28.735351     5.0030     5.1348     0.1863    95.2487 1.0000e-12  -74.02286 -117.74388  46.780068      99.90 8.2150e+02    908.911      21815  1030.3064  1030.3030     4.5185     0.1120     0.1258    34.4020    34.3980    8.07007         25 0.0000e+00
    566.000    559.383    -0.1094  28.751975    -0.1075  28.750405     5.0017     5.1321     0.4395    95.4114 1.0000e-12  -74.02286 -117.74388  46.780080      99.92 8.2150e+02    909.919      21839  1030.3121  1030.3086     4.5263     0.1093     0.1229    34.4045    34.4003    8.06665         23 0.0000e+00
    567.000    560.368    -0.1066  28.754179    -0.1048  28.753368     4.9919     5.1218     0.4184    95.3735 1.0000e-12  -74.02286 -117.74388  46.780091      99.91 8.2150e+02    910.896      21862  1030.3163  1030.3137     4.5244     0.1140     0.1219    34.4037    34.4006    8.06610         24 0.0000e+00
    568.000    561.356    -0.1031  28.758496    -0.1016  28.756776     4.9942     5.1146     0.3643    95.4211 1.0000e-12  -74.02286 -117.74388  46.780102      99.91 8.2150e+02    911.854      21885  1030.3221  1030.3189     4.5267     0.1405     0.1252    34.4049    34.4010    8.06530         23 0.0000e+00
    569.000    562.342    -0.0890  28.772057    -0.0846  28.773111     4.9791     5.1119     0.2343    95.3486 1.0000e-12  -74.02286 -117.74388  46.780114      99.91 8.2150e+02    912.843      21909  1030.3270  1030.3239     4.5233     0.1512     0.1329    34.4064    34.4030    8.06224         24 0.0000e+00
    570.000    563.330    -0.0720  28.788419    -0.0682  28.789324     4.9747     5.1077     0.2315    95.3849 1.0000e-12  -74.02286 -117.74388  46.780125      99.90 8.2150e+02    913.824      21933  1030.3322  1030.3295     4.5250     0.1898     0.1323    34.4085    34.4054    8.05854         23 0.0000e+00
