ocean_section_plots/required_files/ctd/dnbp2202_ctd177.cnv
* Sea-Bird SBE 9 Data File:
* FileName = D:\Data\raw\NBP2202_CTD177.hex
* Software Version Seasave V 7.26.7.121
* Temperature SN = 1649
* Conductivity SN = 2513
* Number of Bytes Per Scan = 40
* Number of Voltage Words = 5
* Number of Scans Averaged by the Deck Unit = 1
* NMEA Latitude = 74 00.70 S
* NMEA Longitude = 111 15.75 W
* NMEA UTC (Time) = Feb 03 2022  21:49:47
* NMEA baud rate = 9600
** Ship: RVIB N.B. Palmer
** Cruise: NBP2202 Thwaites
** Station: 99
** Operator: A. Robinson
# nquan = 28
# nvalues = 610                         
# units = specified
# name 0 = prDM: Pressure, Digiquartz [db]
# name 1 = depSM: Depth [salt water, m]
# name 2 = t090C: Temperature [ITS-90, deg C]
# name 3 = c0mS/cm: Conductivity [mS/cm]
# name 4 = t190C: Temperature, 2 [ITS-90, deg C]
# name 5 = c1mS/cm: Conductivity, 2 [mS/cm]
# name 6 = sbeox0ML/L: Oxygen, SBE 43 [ml/l]
# name 7 = sbeox1ML/L: Oxygen, SBE 43, 2 [ml/l]
# name 8 = flECO-AFL: Fluorescence, WET Labs ECO-AFL/FL [mg/m^3]
# name 9 = CStarTr0: Beam Transmission, WET Labs C-Star [%]
# name 10 = par: PAR/Irradiance, Biospherical/Licor
# name 11 = latitude: Latitude [deg]
# name 12 = longitude: Longitude [deg]
# name 13 = timeJ: Julian Days
# name 14 = altM: Altimeter [m]
# name 15 = spar: SPAR, Biospherical/Licor
# name 16 = timeS: Time, Elapsed [seconds]
# name 17 = scan: Scan Count
# name 18 = density00: Density [density, kg/m^3]
# name 19 = density11: Density, 2 [density, kg/m^3]
# name 20 = v3: Voltage 3
# name 21 = v4: Voltage 4
# name 22 = v5: Voltage 5
# name 23 = sal00: Salinity, Practical [PSU]
# name 24 = sal11: Salinity, Practical, 2 [PSU]
# name 25 = oxsolML/L: Oxygen Saturation, Garcia & Gordon [ml/l]
# name 26 = nbin: number of scans per bin
# name 27 = flag: flag
# span 0 =      2.000,    611.000       
# span 1 =      1.967,    603.800       
# span 2 =    -1.5504,     0.3380       
# span 3 =  26.997590,  29.228131       
# span 4 =    -1.5509,     0.3403       
# span 5 =  26.998029,  29.227599       
# span 6 =     4.6567,     7.3735       
# span 7 =     4.7823,     7.4763       
# span 8 =    -0.0150,     5.2591       
# span 9 =    85.8260,    98.8611       
# span 10 = -7.872e-06, 1.0248e+03      
# span 11 =  -74.01176,  -74.01174      
# span 12 = -111.26256, -111.26250      
# span 13 =  34.912301,  34.920206      
# span 14 =       4.07,      99.88      
# span 15 = 1.7226e+03, 1.7376e+03      
# span 16 =    235.761,    918.753      
# span 17 =       5659,      22051      
# span 18 =  1027.1761,  1030.5762      
# span 19 =  1027.1809,  1030.5736      
# span 20 =     4.0717,     4.6898      
# span 21 =     0.0652,     0.9543      
# span 22 =     0.1134,     0.1537      
# span 23 =    33.7724,    34.5053      
# span 24 =    33.7770,    34.5026      
# span 25 =    7.96757,    8.40523      
# span 26 =          4,         44      
# span 27 = 0.0000e+00, 0.0000e+00      
# interval = decibars: 1                
# start_time = Feb 03 2022 21:49:47 [NMEA time, header]
# bad_flag = -9.990e-29
*END*
[from data line 156]
    158.000    156.307    -1.5364  27.082746    -1.5370  27.082550     6.3903     6.5896     0.2329    98.3651 1.0000e-12  -74.01176 -111.26256  34.914704      99.80 1.7340e+03    443.423      10643  1028.1273  1028.1275     4.6663     0.0955     0.1158    34.0082    34.0085    8.40138         25 0.0000e+00
    159.000    157.296    -1.5355  27.084170    -1.5359  27.084010     6.3853     6.5824     0.1463    98.3572 1.0000e-12  -74.01176 -111.26254  34.914716      99.79 1.7359e+03    444.440      10668  1028.1322  1028.1324     4.6659     0.0989     0.1172    34.0084    34.0087    8.40114         24 0.0000e+00
    160.000    158.283    -1.5352  27.084984    -1.5357  27.084700     6.3776     6.5741     0.1252    98.3044 1.0000e-12  -74.01176 -111.26256  34.914727      99.79 1.7362e+03    445.442      10692  1028.1371  1028.1374     4.6634     0.0995     0.1179    34.0086    34.0088    8.40106         24 0.0000e+00
    161.000    159.273    -1.5350  27.085769    -1.5352  27.085797     6.3705     6.5697     0.1315    98.3294 1.0000e-12  -74.01176 -111.26254  34.914739      99.79 1.7342e+03    446.439      10716  1028.1421  1028.1424     4.6646     0.0959     0.1191    34.0088    34.0091    8.40101         24 0.0000e+00
    162.000    160.262    -1.5330  27.088402    -1.5326  27.088846     6.3565     6.5606     0.1315    98.1628 1.0000e-12  -74.01176 -111.26256  34.914751      99.79 1.7357e+03    447.445      10740  1028.1473  1028.1475     4.6568     0.0957     0.1176    34.0095    34.0097    8.40051         24 0.0000e+00
    163.000    161.250    -1.5287  27.093047    -1.5290  27.092953     6.3499     6.5499     0.1678    98.3720 1.0000e-12  -74.01176 -111.26254  34.914762      99.80 1.7350e+03    448.447      10764  1028.1527  1028.1528     4.6665     0.0933     0.1298    34.0105    34.0106    8.39949         24 0.0000e+00
    164.000    162.239    -1.5270  27.095152    -1.5275  27.094955     6.3480     6.5342     0.1362    98.3604 1.0000e-12  -74.01176 -111.26256  34.914774      99.79 1.7330e+03    449.442      10788  1028.1577  1028.1580     4.6660     0.0936     0.1174    34.0108    34.0111    8.39909         24 0.0000e+00
    165.000    163.229    -1.5209  27.102135    -1.5218  27.101276     6.3383     6.5299     0.1493    98.3863 1.0000e-12  -74.01176 -111.26254  34.914785      99.79 1.7354e+03    450.443      10812  1028.1639  1028.1637     4.6673     0.0890     0.1190    34.0129    34.0126    8.39759         24 0.0000e+00
    166.000    164.218    -1.5185  27.104654    -1.5191  27.104390     6.3365     6.5319     0.1190    98.4141 1.0000e-12  -74.01176 -111.26254  34.914797      99.79 1.7358e+03    451.436      10835  1028.1686  1028.1688     4.6686     0.0913     0.1184    34.0130    34.0132    8.39704         24 0.0000e+00
    167.000    165.205    -1.5172  27.106865    -1.5176  27.106468     6.3309     6.5226     0.0981    98.3992 1.0000e-12  -74.01176 -111.26254  34.914808      99.79 1.7341e+03    452.428      10859  1028.1741  1028.1741     4.6679     0.0912     0.1159    34.0139    34.0138    8.39668         24 0.0000e+00
    168.000    166.195    -1.5160  27.108423    -1.5162  27.108415     6.3318     6.5189     0.0878    98.4451 1.0000e-12  -74.01176 -111.26254  34.914820      99.79 1.7356e+03    453.413      10883  1028.1791  1028.1792     4.6700     0.0870     0.1175    34.0141    34.0143    8.39641         24 0.0000e+00
    169.000    167.185    -1.5150  27.109804    -1.5153  27.109682     6.3193     6.5221     0.0803    98.4439 1.0000e-12  -74.01176 -111.26254  34.914831      99.79 1.7361e+03    454.401      10907  1028.1839  1028.1842     4.6700     0.0888     0.1170    34.0142    34.0144    8.39617         23 0.0000e+00
    170.000    168.171    -1.5144  27.110855    -1.5146  27.110798     6.3168     6.5163     0.0802    98.4518 1.0000e-12  -74.01176 -111.26254  34.914842      99.79 1.7347e+03    455.385      10930  1028.1888  1028.1890     4.6704     0.0879     0.1174    34.0143    34.0145    8.39602         23 0.0000e+00
    171.000    169.163    -1.5126  27.113198    -1.5127  27.113097     6.3083     6.5009     0.0989    98.4735 1.0000e-12  -74.01176 -111.26254  34.914854      99.79 1.7345e+03    456.374      10954  1028.1940  1028.1940     4.6714     0.0918     0.1202    34.0149    34.0148    8.39558         24 0.0000e+00
    172.000    170.150    -1.5067  27.119404    -1.5067  27.119260     6.2999     6.4940     0.2272    98.4866 1.0000e-12  -74.01176 -111.26254  34.914865      99.80 1.7362e+03    457.376      10978  1028.1995  1028.1993     4.6721     0.0894     0.1150    34.0161    34.0159    8.39418         25 0.0000e+00
    173.000    171.140    -1.4998  27.126436    -1.4992  27.126388     6.2879     6.4866     0.0811    98.5086 1.0000e-12  -74.01176 -111.26254  34.914877      99.79 1.7346e+03    458.367      11002  1028.2049  1028.2043     4.6731     0.0890     0.1198    34.0173    34.0166    8.39255         23 0.0000e+00
    174.000    172.127    -1.4871  27.138352    -1.4874  27.137928     6.2537     6.4475     0.0799    98.4562 1.0000e-12  -74.01176 -111.26254  34.914889      99.79 1.7346e+03    459.369      11026  1028.2101  1028.2100     4.6706     0.0929     0.1155    34.0187    34.0185    8.38961         24 0.0000e+00
    175.000    173.117    -1.4800  27.146154    -1.4791  27.146147     6.2305     6.4270     0.0863    98.3530 1.0000e-12  -74.01176 -111.26254  34.914900      99.80 1.7361e+03    460.372      11050  1028.2163  1028.2153     4.6658     0.1056     0.1170    34.0208    34.0197    8.38789         25 0.0000e+00
    176.000    174.107    -1.4486  27.174763    -1.4475  27.175026     6.2230     6.4183     0.0875    98.4147 1.0000e-12  -74.01176 -111.26254  34.914912      99.79 1.7358e+03    461.372      11074  1028.2216  1028.2208     4.6686     0.0899     0.1182    34.0238    34.0228    8.38063         24 0.0000e+00
    177.000    175.095    -1.4444  27.179013    -1.4442  27.179113     6.2105     6.4121     0.1021    98.4016 1.0000e-12  -74.01176 -111.26254  34.914923      99.80 1.7346e+03    462.373      11098  1028.2267  1028.2267     4.6680     0.0824     0.1196    34.0242    34.0242    8.37966         24 0.0000e+00
    178.000    176.083    -1.4448  27.180103    -1.4449  27.179774     6.2083     6.4125     0.0926    98.4076 1.0000e-12  -74.01176 -111.26254  34.914935      99.79 1.7362e+03    463.380      11122  1028.2328  1028.2326     4.6684     0.0845     0.1178    34.0256    34.0253    8.37967         24 0.0000e+00
    179.000    177.072    -1.4378  27.186969    -1.4384  27.186457     6.2085     6.3988     0.0626    98.5452 1.0000e-12  -74.01176 -111.26254  34.914947      90.32 1.7350e+03    464.382      11146  1028.2381  1028.2381     4.6748     0.0825     0.1189    34.0264    34.0264    8.37804         24 0.0000e+00
    180.000    178.061    -1.4361  27.189054    -1.4361  27.189048     6.2058     6.3999     0.0440    98.5073 1.0000e-12  -74.01176 -111.26254  34.914958      99.58 1.7336e+03    465.373      11170  1028.2432  1028.2432     4.6730     0.0881     0.1175    34.0267    34.0267    8.37764         24 0.0000e+00
    181.000    179.049    -1.4353  27.190465    -1.4360  27.189663     6.1999     6.3945     0.0480    98.5745 1.0000e-12  -74.01176 -111.26254  34.914970      99.79 1.7351e+03    466.369      11194  1028.2484  1028.2482     4.6762     0.0802     0.1183    34.0271    34.0268    8.37743         23 0.0000e+00
    182.000    180.039    -1.4295  27.196489    -1.4294  27.195674     6.1902     6.3789     0.0564    98.5922 1.0000e-12  -74.01176 -111.26254  34.914981      99.79 1.7347e+03    467.352      11217  1028.2538  1028.2529     4.6770     0.0789     0.1179    34.0282    34.0270    8.37606         24 0.0000e+00
    183.000    181.027    -1.4271  27.197633    -1.4319  27.194095     6.1938     6.3818     0.0443    98.5548 1.0000e-12  -74.01176 -111.26254  34.914992      99.79 1.7333e+03    468.331      11241  1028.2573  1028.2580     4.6752     0.0782     0.1207    34.0265    34.0270    8.37564         23 0.0000e+00
    184.000    182.015    -1.4181  27.206614    -1.4173  27.206666     6.2122     6.4008     0.0691    98.6022 1.0000e-12  -74.01176 -111.26254  34.915004      99.80 1.7354e+03    469.319      11265  1028.2628  1028.2621     4.6775     0.0792     0.1170    34.0280    34.0271    8.37353         24 0.0000e+00
    185.000    183.006    -1.4335  27.192785    -1.4337  27.193411     6.2188     6.4019     0.0597    98.5503 1.0000e-12  -74.01176 -111.26254  34.915015      99.79 1.7351e+03    470.314      11289  1028.2670  1028.2679     4.6751     0.0807     0.1176    34.0258    34.0269    8.37711         24 0.0000e+00
    186.000    183.992    -1.4379  27.190280    -1.4391  27.189206     6.2055     6.3835     0.0471    98.5642 1.0000e-12  -74.01176 -111.26254  34.915027      99.79 1.7331e+03    471.304      11312  1028.2729  1028.2728     4.6757     0.0781     0.1183    34.0267    34.0266    8.37805         24 0.0000e+00
    187.000    184.984    -1.4304  27.197443    -1.4295  27.197774     6.1922     6.3706     0.0545    98.5356 1.0000e-12  -74.01176 -111.26254  34.915038      99.79 1.7342e+03    472.305      11336  1028.2779  1028.2773     4.6744     0.0834     0.1175    34.0275    34.0269    8.37632         24 0.0000e+00
    188.000    185.969    -1.4161  27.210162    -1.4174  27.208720     6.1883     6.3714     0.0494    98.5258 1.0000e-12  -74.01176 -111.26254  34.915050      99.79 1.7345e+03    473.301      11360  1028.2823  1028.2819     4.6739     0.0786     0.1209    34.0281    34.0275    8.37307         24 0.0000e+00
    189.000    186.960    -1.4218  27.205721    -1.4212  27.205980     6.1842     6.3680     0.0518    98.4409 1.0000e-12  -74.01176 -111.26254  34.915061      99.80 1.7324e+03    474.287      11384  1028.2873  1028.2870     4.6699     0.0794     0.1231    34.0278    34.0274    8.37436         23 0.0000e+00
    190.000    187.949    -1.4176  27.209822    -1.4163  27.210642     6.1849     6.3696     0.0598    98.5419 1.0000e-12  -74.01176 -111.26254  34.915073      99.79 1.7336e+03    475.283      11408  1028.2922  1028.2917     4.6747     0.0799     0.1209    34.0281    34.0277    8.37341         24 0.0000e+00
    191.000    188.938    -1.4185  27.209392    -1.4178  27.209856     6.2064     6.3886     0.0569    98.6355 1.0000e-12  -74.01176 -111.26254  34.915084      99.79 1.7344e+03    476.286      11432  1028.2969  1028.2968     4.6791     0.0920     0.1175    34.0278    34.0277    8.37362         24 0.0000e+00
    192.000    189.926    -1.4187  27.209838    -1.4204  27.208608     6.2352     6.4161     0.0542    98.5779 1.0000e-12  -74.01176 -111.26254  34.915096      99.79 1.7321e+03    477.277      11456  1028.3020  1028.3023     4.6764     0.0785     0.1212    34.0281    34.0283    8.37366         24 0.0000e+00
    193.000    190.914    -1.4353  27.196635    -1.4399  27.193234     6.2579     6.4305     0.0619    98.5440 1.0000e-12  -74.01176 -111.26254  34.915107      96.40 1.7333e+03    478.269      11479  1028.3080  1028.3087     4.6748     0.0762     0.1161    34.0282    34.0287    8.37738         24 0.0000e+00
    194.000    191.903    -1.4471  27.188049    -1.4475  27.187790     6.2622     6.4380     0.0874    98.6000 1.0000e-12  -74.01176 -111.26254  34.915119      99.83 1.7341e+03    479.260      11503  1028.3142  1028.3144     4.6774     0.0808     0.1227    34.0291    34.0293    8.37997         23 0.0000e+00
    195.000    192.894    -1.4506  27.186312    -1.4506  27.186094     6.2648     6.4468     0.0591    98.5943 1.0000e-12  -74.01176 -111.26254  34.915130      99.79 1.7334e+03    480.242      11527  1028.3200  1028.3198     4.6771     0.0811     0.1278    34.0301    34.0298    8.38070         24 0.0000e+00
    196.000    193.881    -1.4511  27.186408    -1.4513  27.186192     6.2542     6.4401     0.0913    98.4908 1.0000e-12  -74.01176 -111.26254  34.915142      99.79 1.7316e+03    481.235      11551  1028.3249  1028.3248     4.6723     0.0820     0.1185    34.0302    34.0301    8.38082         24 0.0000e+00
    197.000    194.870    -1.4479  27.190439    -1.4486  27.189362     6.2467     6.4285     0.1067    98.4710 1.0000e-12  -74.01176 -111.26254  34.915153      99.79 1.7349e+03    482.229      11574  1028.3304  1028.3299     4.6713     0.0850     0.1203    34.0314    34.0308    8.38001         24 0.0000e+00
    198.000    195.857    -1.4424  27.195801    -1.4431  27.194914     6.2298     6.4187     0.0892    98.5534 1.0000e-12  -74.01176 -111.26254  34.915165      99.79 1.7343e+03    483.220      11598  1028.3353  1028.3349     4.6752     0.0894     0.1186    34.0319    34.0315    8.37874         23 0.0000e+00
    199.000    196.847    -1.4340  27.204499    -1.4337  27.204178     6.2171     6.4097     0.0801    98.5671 1.0000e-12  -74.01176 -111.26254  34.915176      99.79 1.7328e+03    484.215      11622  1028.3410  1028.3403     4.6758     0.0814     0.1192    34.0338    34.0330    8.37676         25 0.0000e+00
    200.000    197.837    -1.4244  27.213683    -1.4248  27.213087     6.2138     6.3985     0.0770    98.5872 1.0000e-12  -74.01176 -111.26254  34.915188      99.79 1.7351e+03    485.210      11646  1028.3461  1028.3457     4.6768     0.0785     0.1200    34.0349    34.0345    8.37453         23 0.0000e+00
    201.000    198.826    -1.4225  27.216169    -1.4224  27.215940     6.2085     6.3969     0.0623    98.5619 1.0000e-12  -74.01176 -111.26254  34.915199      99.79 1.7355e+03    486.200      11670  1028.3513  1028.3510     4.6756     0.0797     0.1196    34.0355    34.0351    8.37406         24 0.0000e+00
    202.000    199.813    -1.4222  27.217372    -1.4220  27.217266     6.2038     6.3903     0.0513    98.5515 1.0000e-12  -74.01176 -111.26254  34.915210      99.79 1.7333e+03    487.184      11693  1028.3567  1028.3564     4.6751     0.0820     0.1240    34.0362    34.0359    8.37396         24 0.0000e+00
    203.000    200.802    -1.4179  27.222614    -1.4177  27.222286     6.1765     6.3680     0.0718    98.5727 1.0000e-12  -74.01176 -111.26254  34.915222      99.79 1.7349e+03    488.181      11717  1028.3627  1028.3621     4.6761     0.0937     0.1231    34.0379    34.0373    8.37289         24 0.0000e+00
    204.000    201.791    -1.4020  27.238998    -1.4037  27.236379     6.1562     6.3461     0.0783    98.5750 1.0000e-12  -74.01176 -111.26254  34.915234      99.79 1.7347e+03    489.177      11741  1028.3695  1028.3683     4.6762     0.0812     0.1207    34.0417    34.0400    8.36909         24 0.0000e+00
    205.000    202.779    -1.3847  27.255635    -1.3851  27.254592     6.1527     6.3384     0.0590    98.5782 1.0000e-12  -74.01176 -111.26254  34.915245      93.63 1.7331e+03    490.157      11765  1028.3754  1028.3746     4.6764     0.0823     0.1194    34.0443    34.0433    8.36505         23 0.0000e+00
    206.000    203.769    -1.3772  27.262933    -1.3773  27.262396     6.1613     6.3472     0.0696    98.5729 1.0000e-12  -74.01176 -111.26256  34.915256      96.09 1.7332e+03    491.151      11789  1028.3807  1028.3800     4.6761     0.0785     0.1218    34.0453    34.0445    8.36332         24 0.0000e+00
    207.000    204.756    -1.3811  27.260319    -1.3822  27.259207     6.1741     6.3590     0.0411    98.5506 1.0000e-12  -74.01176 -111.26254  34.915268      99.76 1.7330e+03    492.136      11812  1028.3859  1028.3858     4.6751     0.0768     0.1226    34.0453    34.0452    8.36417         24 0.0000e+00
    208.000    205.745    -1.3865  27.256572    -1.3869  27.256127     6.1794     6.3627     0.0482    98.4739 1.0000e-12  -74.01176 -111.26256  34.915279      99.79 1.7328e+03    493.113      11836  1028.3916  1028.3914     4.6714     0.0765     0.1188    34.0458    34.0456    8.36537         23 0.0000e+00
