ocean_section_plots/required_files/ctd/dnbp2202_ctd179.cnv
* Sea-Bird SBE 9 Data File:
* FileName = D:\Data\raw\NBP2202_CTD179.hex
* Software Version Seasave V 7.26.7.121
* Temperature SN = 1649
* Conductivity SN = 2513
* Number of Bytes Per Scan = 40
* Number of Voltage Words = 5
* Number of Scans Averaged by the Deck Unit = 1
* NMEA Latitude = 74 03.47 S
* NMEA Longitude = 111 19.75 W
* NMEA UTC (Time) = Feb 03 2022  23:36:56
* NMEA baud rate = 9600
** Ship: RVIB N.B. Palmer
** Cruise: NBP2202 Thwaites
** Station: 101
** Operator: A. Robinson
# nquan = 28
# nvalues = 579                         
# units = specified
# name 0 = prDM: Pressure, Digiquartz [db]
# name 1 = depSM: Depth [salt water, m]
# name 2 = t090C: Temperature [ITS-90, deg C]
# name 3 = c0mS/cm: Conductivity [mS/cm]
# name 4 = t190C: Temperature, 2 [ITS-90, deg C]
# name 5 = c1mS/cm: Conductivity, 2 [mS/cm]
# name 6 = sbeox0ML/L: Oxygen, SBE 43 [ml/l]
# name 7 = sbeox1ML/L: Oxygen, SBE 43, 2 [ml/l]
# name 8 = flECO-AFL: Fluorescence, WET Labs ECO-AFL/FL [mg/m^3]
# name 9 = CStarTr0: Beam Transmission, WET Labs C-Star [%]
# name 10 = par: PAR/Irradiance, Biospherical/Licor
# name 11 = latitude: Latitude [deg]
# name 12 = longitude: Longitude [deg]
# name 13 = timeJ: Julian Days
# name 14 = altM: Altimeter [m]
# name 15 = spar: SPAR, Biospherical/Licor
# name 16 = timeS: Time, Elapsed [seconds]
# name 17 = scan: Scan Count
# name 18 = density00: Density [density, kg/m^3]
# name 19 = density11: Density, 2 [density, kg/m^3]
# name 20 = v3: Voltage 3
# name 21 = v4: Voltage 4
# name 22 = v5: Voltage 5
# name 23 = sal00: Salinity, Practical [PSU]
# name 24 = sal11: Salinity, Practical, 2 [PSU]
# name 25 = oxsolML/L: Oxygen Saturation, Garcia & Gordon [ml/l]
# name 26 = nbin: number of scans per bin
# name 27 = flag: flag
# span 0 =      2.000,    580.000       
# span 1 =      1.978,    573.199       
# span 2 =    -1.5408,     0.0690       
# span 3 =  27.017797,  28.925610       
# span 4 =    -1.5404,     0.0712       
# span 5 =  27.017921,  28.925215       
# span 6 =     4.8202,     7.8694       
# span 7 =     4.9493,     8.0600       
# span 8 =    -0.0154,    15.6627       
# span 9 =    80.1925,    98.7649       
# span 10 = -3.288e-04, 9.5300e+02      
# span 11 =  -74.05790,  -74.05790      
# span 12 = -111.32922, -111.32918      
# span 13 =  34.986465,  34.995391      
# span 14 =       5.29,     100.05      
# span 15 = 1.6159e+03, 1.6342e+03      
# span 16 =    214.614,    985.815      
# span 17 =       5152,      23661      
# span 18 =  1027.1714,  1030.3902      
# span 19 =  1027.1734,  1030.3879      
# span 20 =     3.8046,     4.6853      
# span 21 =     0.0645,     2.0424      
# span 22 =     0.1148,     0.1904      
# span 23 =    33.7687,    34.4322      
# span 24 =    33.7704,    34.4293      
# span 25 =    8.02761,    8.40550      
# span 26 =         21,         49      
# span 27 = 0.0000e+00, 0.0000e+00      
# interval = decibars: 1                
# start_time = Feb 03 2022 23:36:56 [NMEA time, header]
# bad_flag = -9.990e-29
*END*
[from data line 363]
    365.000    360.906    -0.9146  27.835663    -0.9120  27.835345     5.7750     5.9172     0.0069    98.6639 1.0000e-12  -74.05790 -111.32920  34.992017      99.89 1.6269e+03    694.312      16664  1029.2463  1029.2435     4.6805     0.0707     0.1251    34.2043    34.2010    8.25135         28 0.0000e+00
    366.000    361.893    -0.8958  27.855221    -0.8936  27.854477     5.7526     5.8951     0.0006    98.6342 1.0000e-12  -74.05790 -111.32920  34.992031      99.90 1.6273e+03    695.508      16693  1029.2540  1029.2510     4.6790     0.0732     0.1263    34.2090    34.2054    8.24698         29 0.0000e+00
    367.000    362.882    -0.8763  27.875299    -0.8739  27.875109     5.7351     5.8781     0.0067    98.5982 1.0000e-12  -74.05790 -111.32920  34.992045      99.89 1.6271e+03    696.673      16721  1029.2613  1029.2587     4.6773     0.0732     0.1274    34.2135    34.2105    8.24244         27 0.0000e+00
    368.000    363.868    -0.8573  27.894933    -0.8556  27.893966     5.7282     5.8669    -0.0072    98.6540 1.0000e-12  -74.05790 -111.32920  34.992058      99.89 1.6274e+03    697.836      16749  1029.2687  1029.2661     4.6800     0.0724     0.1253    34.2179    34.2147    8.23802         28 0.0000e+00
    369.000    364.858    -0.8479  27.904950    -0.8446  27.905794     5.7226     5.8628     0.0060    98.6687 1.0000e-12  -74.05790 -111.32920  34.992072      99.90 1.6266e+03    699.030      16778  1029.2751  1029.2727     4.6806     0.0727     0.1252    34.2203    34.2176    8.23583         30 0.0000e+00
    370.000    365.846    -0.8361  27.917203    -0.8337  27.917136     5.7140     5.8415    -0.0004    98.6500 1.0000e-12  -74.05790 -111.32920  34.992086      99.90 1.6262e+03    700.200      16806  1029.2815  1029.2791     4.6798     0.0719     0.1243    34.2229    34.2201    8.23310         27 0.0000e+00
    371.000    366.834    -0.8218  27.932125    -0.8198  27.931599     5.7042     5.8353    -0.0025    98.6346 1.0000e-12  -74.05790 -111.32920  34.992099      99.89 1.6267e+03    701.348      16833  1029.2883  1029.2858     4.6791     0.0734     0.1262    34.2263    34.2233    8.22978         28 0.0000e+00
    372.000    367.821    -0.8134  27.940989    -0.8115  27.940337     5.6922     5.8242    -0.0054    98.6503 1.0000e-12  -74.05790 -111.32920  34.992113      81.87 1.6262e+03    702.532      16862  1029.2943  1029.2918     4.6798     0.0690     0.1254    34.2281    34.2251    8.22783         28 0.0000e+00
    373.000    368.809    -0.8063  27.948511    -0.8042  27.948269     5.6854     5.8183    -0.0033    98.6594 1.0000e-12  -74.05790 -111.32920  34.992126      99.96 1.6256e+03    703.692      16890  1029.3001  1029.2978     4.6802     0.0719     0.1218    34.2297    34.2270    8.22620         28 0.0000e+00
    374.000    369.797    -0.7993  27.956057    -0.7971  27.955789     5.6695     5.7978    -0.0015    98.6348 1.0000e-12  -74.05790 -111.32920  34.992139      99.88 1.6260e+03    704.823      16917  1029.3061  1029.3037     4.6791     0.0745     0.1235    34.2314    34.2286    8.22458         27 0.0000e+00
    375.000    370.784    -0.7796  27.976546    -0.7774  27.975896     5.6676     5.7998     0.0152    98.6103 1.0000e-12  -74.05790 -111.32920  34.992153      99.90 1.6264e+03    705.992      16945  1029.3134  1029.3107     4.6779     0.0722     0.1267    34.2362    34.2328    8.22000         28 0.0000e+00
    376.000    371.773    -0.7770  27.979329    -0.7753  27.978635     5.6445     5.7749     0.0108    98.6226 1.0000e-12  -74.05790 -111.32920  34.992166      99.89 1.6252e+03    707.153      16973  1029.3185  1029.3162     4.6785     0.0720     0.1257    34.2364    34.2335    8.21942         28 0.0000e+00
    377.000    372.761    -0.7676  27.989521    -0.7651  27.989330     5.6113     5.7491    -0.0004    98.6602 1.0000e-12  -74.05790 -111.32920  34.992179      99.89 1.6274e+03    708.287      17000  1029.3249  1029.3222     4.6803     0.0722     0.1314    34.2389    34.2358    8.21723         27 0.0000e+00
    378.000    373.749    -0.7293  28.029183    -0.7255  28.029269     5.5971     5.7348    -0.0004    98.6460 1.0000e-12  -74.05790 -111.32920  34.992193      99.90 1.6264e+03    709.452      17028  1029.3347  1029.3311     4.6796     0.0709     0.1251    34.2486    34.2444    8.20834         29 0.0000e+00
    379.000    374.736    -0.7146  28.043741    -0.7124  28.043259     5.5830     5.7182    -0.0004    98.6165 1.0000e-12  -74.05790 -111.32920  34.992206      99.89 1.6257e+03    710.624      17056  1029.3406  1029.3380     4.6782     0.0729     0.1247    34.2509    34.2479    8.20500         27 0.0000e+00
    380.000    375.724    -0.7026  28.056567    -0.6998  28.056380     5.5685     5.6931    -0.0004    98.5952 1.0000e-12  -74.05790 -111.32920  34.992219      99.89 1.6264e+03    711.757      17083  1029.3474  1029.3445     4.6772     0.0728     0.1251    34.2541    34.2507    8.20221         28 0.0000e+00
    381.000    376.713    -0.6832  28.076512    -0.6804  28.076228     5.5565     5.6781    -0.0004    98.6085 1.0000e-12  -74.05790 -111.32920  34.992233      99.89 1.6261e+03    712.916      17111  1029.3545  1029.3514     4.6779     0.0709     0.1259    34.2585    34.2549    8.19775         28 0.0000e+00
    382.000    377.699    -0.6663  28.093832    -0.6636  28.093736     5.5506     5.6769     0.0072    98.6290 1.0000e-12  -74.05790 -111.32920  34.992246      99.89 1.6257e+03    714.090      17139  1029.3613  1029.3585     4.6788     0.0730     0.1243    34.2622    34.2589    8.19388         27 0.0000e+00
    383.000    378.687    -0.6608  28.099563    -0.6586  28.099260     5.5458     5.6725    -0.0062    98.6260 1.0000e-12  -74.05790 -111.32920  34.992259      76.54 1.6257e+03    715.221      17166  1029.3666  1029.3643     4.6787     0.0720     0.1260    34.2630    34.2602    8.19263         27 0.0000e+00
    384.000    379.676    -0.6557  28.105114    -0.6531  28.105131     5.5437     5.6707     0.0066    98.5706 1.0000e-12  -74.05790 -111.32920  34.992273      96.23 1.6255e+03    716.372      17194  1029.3723  1029.3698     4.6760     0.0715     0.1232    34.2641    34.2612    8.19147         29 0.0000e+00
    385.000    380.664    -0.6506  28.110689    -0.6489  28.109821     5.5373     5.6610    -0.0075    98.6032 1.0000e-12  -74.05790 -111.32920  34.992286      99.90 1.6250e+03    717.544      17222  1029.3779  1029.3753     4.6776     0.0716     0.1247    34.2652    34.2622    8.19029         27 0.0000e+00
    386.000    381.650    -0.6479  28.113720    -0.6461  28.113107     5.5284     5.6483    -0.0009    98.5908 1.0000e-12  -74.05790 -111.32920  34.992299      99.89 1.6257e+03    718.666      17249  1029.3831  1029.3807     4.6770     0.0722     0.1271    34.2657    34.2629    8.18969         27 0.0000e+00
    387.000    382.638    -0.6389  28.123431    -0.6372  28.122359     5.5122     5.6330    -0.0078    98.6004 1.0000e-12  -74.05790 -111.32920  34.992313      99.89 1.6253e+03    719.801      17276  1029.3892  1029.3864     4.6775     0.0715     0.1227    34.2679    34.2646    8.18760         27 0.0000e+00
    388.000    383.628    -0.6276  28.135130    -0.6251  28.134746     5.5116     5.6378    -0.0050    98.6221 1.0000e-12  -74.05790 -111.32920  34.992326      99.90 1.6263e+03    720.962      17304  1029.3952  1029.3923     4.6785     0.0724     0.1252    34.2703    34.2670    8.18502         28 0.0000e+00
    389.000    384.614    -0.6198  28.142894    -0.6182  28.142225     5.4982     5.6258     0.0089    98.6127 1.0000e-12  -74.05790 -111.32920  34.992339      99.90 1.6261e+03    722.086      17331  1029.4005  1029.3981     4.6781     0.0716     0.1246    34.2714    34.2687    8.18328         27 0.0000e+00
    390.000    385.602    -0.6174  28.145957    -0.6154  28.145377     5.4623     5.5986     0.0090    98.5906 1.0000e-12  -74.05790 -111.32920  34.992352      99.89 1.6256e+03    723.216      17358  1029.4059  1029.4034     4.6769     0.0713     0.1246    34.2723    34.2692    8.18272         28 0.0000e+00
    391.000    386.591    -0.5823  28.183578    -0.5787  28.182684     5.4379     5.5665     0.0116    98.5898 1.0000e-12  -74.05790 -111.32920  34.992365      99.89 1.6249e+03    724.374      17386  1029.4163  1029.4119     4.6769     0.0734     0.1252    34.2825    34.2773    8.17453         27 0.0000e+00
    392.000    387.577    -0.5470  28.218427    -0.5442  28.218225     5.4252     5.5531     0.0102    98.5879 1.0000e-12  -74.05790 -111.32920  34.992379      99.90 1.6251e+03    725.502      17413  1029.4237  1029.4208     4.6769     0.0712     0.1313    34.2889    34.2855    8.16655         27 0.0000e+00
    393.000    388.566    -0.5387  28.226851    -0.5361  28.226719     5.4133     5.5387     0.0051    98.5936 1.0000e-12  -74.05790 -111.32920  34.992391      99.89 1.6258e+03    726.622      17440  1029.4293  1029.4266     4.6771     0.0741     0.1274    34.2903    34.2872    8.16469         27 0.0000e+00
    394.000    389.554    -0.5330  28.232901    -0.5294  28.233593     5.4005     5.5277     0.0122    98.5922 1.0000e-12  -74.05790 -111.32920  34.992405      99.89 1.6262e+03    727.781      17468  1029.4348  1029.4320     4.6770     0.0730     0.1268    34.2914    34.2882    8.16340         28 0.0000e+00
    395.000    390.542    -0.5181  28.248132    -0.5125  28.250448     5.3859     5.5063     0.0096    98.5879 1.0000e-12  -74.05790 -111.32920  34.992418      99.14 1.6255e+03    728.915      17495  1029.4411  1029.4381     4.6768     0.0719     0.1240    34.2944    34.2912    8.16002         27 0.0000e+00
    396.000    391.529    -0.5053  28.260727    -0.5041  28.259233     5.3794     5.4962     0.0016    98.5595 1.0000e-12  -74.05790 -111.32920  34.992431      96.74 1.6263e+03    730.035      17522  1029.4467  1029.4440     4.6755     0.0716     0.1260    34.2963    34.2929    8.15716         27 0.0000e+00
    397.000    392.517    -0.4994  28.267677    -0.4952  28.269146     5.3825     5.5087     0.0009    98.5600 1.0000e-12  -74.05790 -111.32920  34.992444      99.90 1.6258e+03    731.193      17550  1029.4529  1029.4504     4.6755     0.0713     0.1234    34.2984    34.2955    8.15577         28 0.0000e+00
    398.000    393.503    -0.4984  28.268740    -0.4949  28.270052     5.3728     5.5004     0.0045    98.5527 1.0000e-12  -74.05790 -111.32920  34.992458      99.89 1.6253e+03    732.329      17577  1029.4577  1029.4557     4.6752     0.0717     0.1241    34.2980    34.2959    8.15557         27 0.0000e+00
    399.000    394.492    -0.4937  28.274866    -0.4927  28.272585     5.3490     5.4697     0.0004    98.5665 1.0000e-12  -74.05790 -111.32922  34.992470      99.89 1.6267e+03    733.444      17604  1029.4641  1029.4608     4.6758     0.0724     0.1311    34.3003    34.2962    8.15443         26 0.0000e+00
    400.000    395.479    -0.4676  28.302632    -0.4623  28.303972     5.3245     5.4415    -0.0002    98.5383 1.0000e-12  -74.05790 -111.32921  34.992484      99.89 1.6265e+03    734.589      17631  1029.4728  1029.4690     4.6745     0.0725     0.1257    34.3075    34.3033    8.14842         29 0.0000e+00
    401.000    396.468    -0.4284  28.341919    -0.4270  28.340338     5.3171     5.4289    -0.0049    98.5634 1.0000e-12  -74.05790 -111.32921  34.992497      99.89 1.6250e+03    735.724      17658  1029.4808  1029.4778     4.6756     0.0707     0.1244    34.3153    34.3116    8.13956         26 0.0000e+00
    402.000    397.456    -0.4254  28.345287    -0.4237  28.344237     5.3119     5.4290     0.0039    98.5469 1.0000e-12  -74.05790 -111.32921  34.992510      99.89 1.6268e+03    736.831      17685  1029.4861  1029.4834     4.6749     0.0725     0.1410    34.3158    34.3125    8.13888         27 0.0000e+00
    403.000    398.443    -0.4234  28.347545    -0.4207  28.347561     5.3042     5.4238    -0.0017    98.5380 1.0000e-12  -74.05790 -111.32921  34.992523      99.90 1.6261e+03    737.974      17712  1029.4913  1029.4887     4.6745     0.0706     0.1345    34.3160    34.3130    8.13844         28 0.0000e+00
    404.000    399.430    -0.4202  28.351299    -0.4178  28.350847     5.2995     5.4222    -0.0015    98.5421 1.0000e-12  -74.05790 -111.32922  34.992536      99.88 1.6255e+03    739.116      17740  1029.4968  1029.4940     4.6747     0.0738     0.1275    34.3169    34.3136    8.13772         27 0.0000e+00
    405.000    400.419    -0.4134  28.358399    -0.4113  28.357999     5.2975     5.4200    -0.0001    98.5466 1.0000e-12  -74.05790 -111.32918  34.992549      99.90 1.6270e+03    740.220      17766  1029.5021  1029.4997     4.6749     0.0722     0.1299    34.3180    34.3152    8.13618         26 0.0000e+00
    406.000    401.407    -0.4103  28.361884    -0.4084  28.361167     5.2958     5.4154    -0.0001    98.5360 1.0000e-12  -74.05790 -111.32921  34.992562      77.48 1.6262e+03    741.361      17794  1029.5074  1029.5048     4.6744     0.0690     0.1283    34.3187    34.3156    8.13550         28 0.0000e+00
    407.000    402.393    -0.4089  28.363940    -0.4055  28.364643     5.2950     5.4075    -0.0004    98.4961 1.0000e-12  -74.05790 -111.32919  34.992575      93.05 1.6237e+03    742.507      17821  1029.5127  1029.5102     4.6725     0.0708     0.1272    34.3192    34.3164    8.13516         27 0.0000e+00
    408.000    403.382    -0.4018  28.371528    -0.3988  28.371947     5.2887     5.4057    -0.0004    98.5039 1.0000e-12  -74.05790 -111.32921  34.992588      99.84 1.6261e+03    743.616      17848  1029.5183  1029.5158     4.6729     0.0711     0.1308    34.3208    34.3179    8.13355         27 0.0000e+00
    409.000    404.370    -0.3968  28.377023    -0.3954  28.375875     5.2888     5.3960    -0.0004    98.5040 1.0000e-12  -74.05790 -111.32920  34.992601      99.89 1.6265e+03    744.745      17875  1029.5237  1029.5212     4.6729     0.0723     0.1267    34.3219    34.3187    8.13242         27 0.0000e+00
    410.000    405.357    -0.3930  28.381596    -0.3911  28.380663     5.2761     5.3996     0.0014    98.5203 1.0000e-12  -74.05790 -111.32922  34.992614      99.89 1.6252e+03    745.881      17902  1029.5294  1029.5265     4.6736     0.0708     0.1344    34.3232    34.3197    8.13154         27 0.0000e+00
    411.000    406.345    -0.3806  28.394399    -0.3777  28.394723     5.2701     5.3901     0.0013    98.5011 1.0000e-12  -74.05790 -111.32922  34.992627      99.89 1.6255e+03    746.977      17928  1029.5352  1029.5328     4.6727     0.0714     0.1289    34.3256    34.3228    8.12873         26 0.0000e+00
    412.000    407.332    -0.3776  28.397876    -0.3757  28.397183     5.2668     5.3841    -0.0061    98.5011 1.0000e-12  -74.05790 -111.32920  34.992640      99.89 1.6262e+03    748.085      17955  1029.5405  1029.5380     4.6728     0.0707     0.1299    34.3263    34.3233    8.12805         27 0.0000e+00
    413.000    408.321    -0.3727  28.403399    -0.3702  28.403142     5.2638     5.3777    -0.0055    98.4876 1.0000e-12  -74.05790 -111.32920  34.992653      99.89 1.6249e+03    749.221      17982  1029.5460  1029.5433     4.6721     0.0712     0.1326    34.3276    34.3244    8.12693         27 0.0000e+00
    414.000    409.307    -0.3691  28.407323    -0.3673  28.406625     5.2550     5.3729     0.0119    98.4972 1.0000e-12  -74.05790 -111.32920  34.992666      99.88 1.6257e+03    750.323      18009  1029.5511  1029.5486     4.6726     0.0713     0.1294    34.3282    34.3252    8.12613         26 0.0000e+00
    415.000    410.297    -0.3667  28.410317    -0.3637  28.410717     5.2464     5.3719     0.0023    98.4957 1.0000e-12  -74.05790 -111.32920  34.992679      99.90 1.6268e+03    751.430      18035  1029.5564  1029.5539     4.6725     0.0709     0.1275    34.3289    34.3261    8.12558         28 0.0000e+00
