ocean_section_plots/required_files/ctd/dnbp2202_ctd119.cnv
* Sea-Bird SBE 9 Data File:
* FileName = D:\Data\raw\NBP2202_CTD119.hex
* Software Version Seasave V 7.26.7.121
* Temperature SN = 1649
* Conductivity SN = 2513
* Number of Bytes Per Scan = 40
* Number of Voltage Words = 5
* Number of Scans Averaged by the Deck Unit = 1
* NMEA Latitude = 74 10.52 S
* NMEA Longitude = 113 20.65 W
* NMEA UTC (Time) = Jan 27 2022  10:17:54
* NMEA baud rate = 9600
** Ship: RVIB N.B. Palmer
** Cruise: NBP2202 Thwaites
** Station: YoYo001
** Operator: B. Bjork
# nquan = 25
# nvalues = 608                         
# units = specified
# name 0 = prDM: Pressure, Digiquartz [db]
# name 1 = depSM: Depth [salt water, m]
# name 2 = t090C: Temperature [ITS-90, deg C]
# name 3 = c0mS/cm: Conductivity [mS/cm]
# name 4 = t190C: Temperature, 2 [ITS-90, deg C]
# name 5 = c1mS/cm: Conductivity, 2 [mS/cm]
# name 6 = sbeox0ML/L: Oxygen, SBE 43 [ml/l]
# name 7 = sbeox1ML/L: Oxygen, SBE 43, 2 [ml/l]
# name 8 = flECO-AFL: Fluorescence, WET Labs ECO-AFL/FL [mg/m^3]
# name 9 = CStarTr0: Beam Transmission, WET Labs C-Star [%]
# name 10 = par: PAR/Irradiance, Biospherical/Licor
# name 11 = latitude: Latitude [deg]
# name 12 = longitude: Longitude [deg]
# name 13 = timeJ: Julian Days
# name 14 = altM: Altimeter [m]
# name 15 = spar: SPAR, Biospherical/Licor
# name 16 = timeS: Time, Elapsed [seconds]
# name 17 = scan: Scan Count
# name 18 = density00: Density [density, kg/m^3]
# name 19 = density11: Density, 2 [density, kg/m^3]
# name 20 = sal00: Salinity, Practical [PSU]
# name 21 = sal11: Salinity, Practical, 2 [PSU]
# name 22 = oxsolML/L: Oxygen Saturation, Garcia & Gordon [ml/l]
# name 23 = nbin: number of scans per bin
# name 24 = flag: flag
# span 0 =     10.000,    617.000       
# span 1 =      9.896,    609.704       
# span 2 =    -1.3865,     0.0999       
# span 3 =  27.052582,  28.935459       
# span 4 =    -1.3850,     0.1017       
# span 5 =  27.051836,  28.934934       
# span 6 =     4.6810,     8.7679       
# span 7 =     4.7318,     8.6992       
# span 8 =    -0.0228,    24.8557       
# span 9 =    69.5520,    95.6108       
# span 10 = 1.0000e-12, 3.7285e+00      
# span 11 =  -74.17538,  -74.17536      
# span 12 = -113.34424, -113.34422      
# span 13 =  27.429536,  27.436998      
# span 14 =       6.91,     100.02      
# span 15 = 2.3269e+02, 2.6620e+02      
# span 16 =     37.954,    682.648      
# span 17 =        912,      16385      
# span 18 =  1027.2193,  1030.5237      
# span 19 =  1027.2177,  1030.5213      
# span 20 =    33.7833,    34.3833      
# span 21 =    33.7812,    34.3807      
# span 22 =    8.02388,    8.37536      
# span 23 =         17,         46      
# span 24 = 0.0000e+00, 0.0000e+00      
# interval = decibars: 1                
# start_time = Jan 27 2022 10:17:54 [NMEA time, header]
# bad_flag = -9.990e-29
*END*
[from data line 116]
    126.000    124.658    -1.3402  27.160637    -1.3370  27.162004     5.4181     5.4926    -0.0150    95.5548 1.0000e-12  -74.17536 -113.34424  27.430922      94.95 2.6091e+02    157.684       3785  1027.8882  1027.8867    33.9123    33.9106    8.36290         24 0.0000e+00
    127.000    125.647    -1.3308  27.170990    -1.3279  27.171944     5.4110     5.4833    -0.0150    95.5521 1.0000e-12  -74.17536 -113.34424  27.430934      99.84 2.6135e+02    158.663       3809  1027.8949  1027.8932    33.9152    33.9134    8.36062         23 0.0000e+00
    128.000    126.636    -1.3200  27.182848    -1.3184  27.182653     5.4130     5.4816    -0.0090    95.5580 1.0000e-12  -74.17536 -113.34424  27.430945      99.86 2.6120e+02    159.640       3832  1027.9020  1027.9002    33.9187    33.9166    8.35801         24 0.0000e+00
    129.000    127.625    -1.3121  27.191762    -1.3104  27.191808     5.4144     5.4823    -0.0180    95.5676 1.0000e-12  -74.17536 -113.34424  27.430956      99.86 2.6142e+02    160.632       3856  1027.9086  1027.9070    33.9213    33.9195    8.35607         24 0.0000e+00
    130.000    128.614    -1.3066  27.198479    -1.3060  27.197328     5.4078     5.4804    -0.0176    95.5589 1.0000e-12  -74.17536 -113.34424  27.430968      99.86 2.6129e+02    161.615       3880  1027.9151  1027.9133    33.9238    33.9215    8.35471         23 0.0000e+00
    131.000    129.603    -1.3040  27.201803    -1.3030  27.200995     5.4145     5.4760    -0.0111    95.5543 1.0000e-12  -74.17536 -113.34424  27.430979      99.87 2.6129e+02    162.590       3903  1027.9208  1027.9189    33.9248    33.9225    8.35407         23 0.0000e+00
    132.000    130.593    -1.2975  27.209019    -1.2962  27.208620     5.4102     5.4723    -0.0126    95.5570 1.0000e-12  -74.17536 -113.34424  27.430991      99.86 2.6143e+02    163.584       3927  1027.9268  1027.9251    33.9266    33.9246    8.35249         24 0.0000e+00
    133.000    131.581    -1.2908  27.216842    -1.2904  27.215586     5.4082     5.4686    -0.0206    95.5408 1.0000e-12  -74.17536 -113.34424  27.431002      99.87 2.6157e+02    164.568       3951  1027.9334  1027.9316    33.9292    33.9269    8.35085         24 0.0000e+00
    134.000    132.570    -1.2890  27.218762    -1.2880  27.218346     5.4034     5.4724    -0.0141    95.5598 1.0000e-12  -74.17536 -113.34424  27.431013      99.86 2.6213e+02    165.534       3974  1027.9382  1027.9369    33.9292    33.9275    8.35045         23 0.0000e+00
    135.000    133.559    -1.2887  27.219278    -1.2876  27.218858     5.3981     5.4671    -0.0077    95.5399 1.0000e-12  -74.17536 -113.34424  27.431024      99.86 2.6225e+02    166.515       3997  1027.9429  1027.9413    33.9289    33.9270    8.35039         24 0.0000e+00
    136.000    134.549    -1.2883  27.220131    -1.2874  27.219266     5.4005     5.4685    -0.0219    95.5497 1.0000e-12  -74.17536 -113.34424  27.431036      99.87 2.6266e+02    167.488       4021  1027.9479  1027.9461    33.9290    33.9268    8.35029         23 0.0000e+00
    137.000    135.536    -1.2850  27.223649    -1.2832  27.223555     5.3999     5.4645    -0.0157    95.5454 1.0000e-12  -74.17536 -113.34424  27.431047      99.86 2.6267e+02    168.452       4044  1027.9530  1027.9512    33.9295    33.9273    8.34954         23 0.0000e+00
    138.000    136.527    -1.2835  27.225403    -1.2817  27.225294     5.3994     5.4616    -0.0150    95.5377 1.0000e-12  -74.17536 -113.34424  27.431058      99.81 2.6267e+02    169.433       4067  1027.9578  1027.9559    33.9295    33.9273    8.34919         24 0.0000e+00
    139.000    137.515    -1.2807  27.228759    -1.2796  27.228056     5.3991     5.4707     0.0008    95.5653 1.0000e-12  -74.17536 -113.34424  27.431070      85.55 2.6267e+02    170.411       4091  1027.9632  1027.9614    33.9303    33.9281    8.34852         23 0.0000e+00
    140.000    138.504    -1.2772  27.233107    -1.2758  27.232599     5.3998     5.4709     0.0022    95.5452 1.0000e-12  -74.17536 -113.34424  27.431081      99.95 2.6267e+02    171.381       4114  1027.9690  1027.9671    33.9317    33.9295    8.34765         23 0.0000e+00
    141.000    139.493    -1.2772  27.234048    -1.2759  27.233754     5.4117     5.4647    -0.0136    95.5560 1.0000e-12  -74.17536 -113.34424  27.431092      99.87 2.6267e+02    172.360       4138  1027.9745  1027.9729    33.9324    33.9305    8.34762         24 0.0000e+00
    142.000    140.482    -1.2783  27.233861    -1.2769  27.233581     5.4120     5.4672    -0.0205    95.5464 1.0000e-12  -74.17536 -113.34424  27.431103      99.87 2.6267e+02    173.338       4161  1027.9797  1027.9780    33.9328    33.9307    8.34785         23 0.0000e+00
    143.000    141.471    -1.2803  27.232660    -1.2783  27.232983     5.4091     5.4719    -0.0149    95.5442 1.0000e-12  -74.17536 -113.34424  27.431115      99.87 2.6267e+02    174.301       4184  1027.9846  1027.9831    33.9327    33.9310    8.34828         23 0.0000e+00
    144.000    142.460    -1.2805  27.233066    -1.2792  27.232811     5.4071     5.4732    -0.0150    95.5499 1.0000e-12  -74.17536 -113.34424  27.431126      99.86 2.6267e+02    175.267       4207  1027.9896  1027.9881    33.9329    33.9310    8.34832         23 0.0000e+00
    145.000    143.449    -1.2820  27.232005    -1.2806  27.231750     5.4109     5.4836    -0.0005    95.5538 1.0000e-12  -74.17536 -113.34424  27.431137      99.86 2.6267e+02    176.240       4231  1027.9943  1027.9927    33.9325    33.9306    8.34868         24 0.0000e+00
    146.000    144.437    -1.2821  27.232536    -1.2814  27.231444     5.4232     5.4858    -0.0198    95.5565 1.0000e-12  -74.17536 -113.34424  27.431148      99.87 2.6267e+02    177.206       4254  1027.9993  1027.9974    33.9328    33.9305    8.34869         23 0.0000e+00
    147.000    145.427    -1.2859  27.229374    -1.2841  27.229556     5.4191     5.4825    -0.0169    95.5411 1.0000e-12  -74.17536 -113.34424  27.431159      99.86 2.6267e+02    178.172       4277  1028.0038  1028.0023    33.9321    33.9303    8.34958         24 0.0000e+00
    148.000    146.416    -1.2884  27.227775    -1.2870  27.227528     5.4257     5.4824    -0.0147    95.5464 1.0000e-12  -74.17536 -113.34424  27.431171      99.86 2.6267e+02    179.149       4301  1028.0088  1028.0072    33.9321    33.9302    8.35014         23 0.0000e+00
    149.000    147.405    -1.2892  27.227517    -1.2882  27.226843     5.4306     5.4857    -0.0150    95.5520 1.0000e-12  -74.17536 -113.34424  27.431182      99.86 2.6267e+02    180.115       4324  1028.0136  1028.0119    33.9320    33.9300    8.35032         23 0.0000e+00
    150.000    148.394    -1.2906  27.226659    -1.2894  27.226336     5.4361     5.4991    -0.0125    95.5543 1.0000e-12  -74.17536 -113.34424  27.431193      99.86 2.6267e+02    181.070       4347  1028.0183  1028.0168    33.9318    33.9300    8.35064         23 0.0000e+00
    151.000    149.382    -1.2931  27.225981    -1.2918  27.225596     5.4412     5.5013    -0.0093    95.5577 1.0000e-12  -74.17536 -113.34424  27.431204      99.86 2.6267e+02    182.042       4370  1028.0243  1028.0227    33.9331    33.9311    8.35113         23 0.0000e+00
    152.000    150.371    -1.2935  27.226255    -1.2926  27.225776     5.4401     5.5080    -0.0147    95.5655 1.0000e-12  -74.17536 -113.34424  27.431215      99.64 2.6267e+02    182.996       4393  1028.0293  1028.0279    33.9334    33.9316    8.35121         23 0.0000e+00
    153.000    151.360    -1.2950  27.225827    -1.2942  27.225142     5.4448     5.5043    -0.0150    95.5555 1.0000e-12  -74.17536 -113.34424  27.431226      94.35 2.6267e+02    183.949       4416  1028.0346  1028.0331    33.9339    33.9320    8.35152         23 0.0000e+00
    154.000    152.351    -1.2966  27.225502    -1.2952  27.225140     5.4468     5.5035     0.0398    95.5633 1.0000e-12  -74.17536 -113.34424  27.431237      99.87 2.6267e+02    184.917       4439  1028.0400  1028.0383    33.9345    33.9325    8.35182         23 0.0000e+00
    155.000    153.339    -1.2965  27.226028    -1.2950  27.225723     5.4447     5.5137     0.0030    95.5655 1.0000e-12  -74.17536 -113.34424  27.431249      99.87 2.6267e+02    185.878       4462  1028.0448  1028.0430    33.9345    33.9324    8.35180         23 0.0000e+00
    156.000    154.327    -1.2969  27.226160    -1.2956  27.225864     5.4471     5.5133    -0.0121    95.5666 1.0000e-12  -74.17536 -113.34424  27.431260      99.86 2.6267e+02    186.830       4485  1028.0497  1028.0481    33.9346    33.9327    8.35190         23 0.0000e+00
    157.000    155.315    -1.2974  27.226740    -1.2959  27.226391     5.4560     5.5168    -0.0112    95.5565 1.0000e-12  -74.17536 -113.34424  27.431271      99.86 2.6267e+02    187.799       4508  1028.0550  1028.0532    33.9353    33.9331    8.35196         23 0.0000e+00
    158.000    156.305    -1.2976  27.227410    -1.2962  27.226982     5.4548     5.5206    -0.0099    95.5588 1.0000e-12  -74.17536 -113.34424  27.431282      99.86 2.6267e+02    188.762       4531  1028.0603  1028.0585    33.9359    33.9337    8.35198         23 0.0000e+00
    159.000    157.294    -1.2977  27.227909    -1.2963  27.227506     5.4520     5.5156    -0.0131    95.5610 1.0000e-12  -74.17536 -113.34424  27.431293      99.87 2.6267e+02    189.710       4554  1028.0651  1028.0634    33.9359    33.9339    8.35198         23 0.0000e+00
    160.000    158.282    -1.2977  27.228250    -1.2964  27.227721     5.4519     5.5145    -0.0080    95.5520 1.0000e-12  -74.17536 -113.34424  27.431304      99.87 2.6267e+02    190.670       4577  1028.0698  1028.0680    33.9358    33.9336    8.35200         23 0.0000e+00
    161.000    159.272    -1.2977  27.228767    -1.2962  27.228522     5.4477     5.5149    -0.0147    95.5656 1.0000e-12  -74.17536 -113.34424  27.431315      99.87 2.6267e+02    191.633       4600  1028.0747  1028.0730    33.9360    33.9339    8.35199         23 0.0000e+00
    162.000    160.261    -1.2979  27.229220    -1.2968  27.228748     5.4489     5.5152    -0.0080    95.5689 1.0000e-12  -74.17536 -113.34424  27.431326      99.87 2.6267e+02    192.585       4623  1028.0797  1028.0781    33.9362    33.9342    8.35203         23 0.0000e+00
    163.000    161.249    -1.2968  27.230954    -1.2962  27.229967     5.4525     5.5160    -0.0135    95.5700 1.0000e-12  -74.17536 -113.34424  27.431337      99.86 2.6267e+02    193.552       4646  1028.0848  1028.0831    33.9367    33.9346    8.35175         23 0.0000e+00
    164.000    162.238    -1.2956  27.233199    -1.2940  27.233029     5.4579     5.5183    -0.0150    95.5666 1.0000e-12  -74.17536 -113.34424  27.431349      99.87 2.6267e+02    194.524       4670  1028.0904  1028.0887    33.9377    33.9357    8.35141         24 0.0000e+00
    165.000    163.227    -1.2944  27.235515    -1.2928  27.235238     5.4631     5.5307    -0.0150    95.5561 1.0000e-12  -74.17536 -113.34424  27.431360      99.86 2.6267e+02    195.482       4693  1028.0961  1028.0942    33.9390    33.9368    8.35108         22 0.0000e+00
    166.000    164.216    -1.2941  27.236972    -1.2925  27.236739     5.4787     5.5366    -0.0122    95.5667 1.0000e-12  -74.17536 -113.34424  27.431371      51.70 2.6267e+02    196.447       4716  1028.1017  1028.0999    33.9399    33.9379    8.35094         24 0.0000e+00
    167.000    165.205    -1.2947  27.239021    -1.2933  27.238760     5.4817     5.5451    -0.0112    95.5622 1.0000e-12  -74.17536 -113.34424  27.431382      98.97 2.6267e+02    197.409       4739  1028.1089  1028.1072    33.9429    33.9409    8.35091         23 0.0000e+00
    168.000    166.193    -1.2952  27.239882    -1.2940  27.239714     5.4913     5.5500    -0.0213    95.5698 1.0000e-12  -74.17536 -113.34424  27.431393      99.86 2.6267e+02    198.360       4762  1028.1146  1028.1132    33.9440    33.9424    8.35096         23 0.0000e+00
    169.000    167.182    -1.2959  27.240850    -1.2945  27.240517     5.5054     5.5546    -0.0150    95.5643 1.0000e-12  -74.17536 -113.34424  27.431404      99.86 2.6267e+02    199.315       4785  1028.1206  1028.1190    33.9455    33.9435    8.35102         22 0.0000e+00
    170.000    168.171    -1.2967  27.241615    -1.2952  27.241396     5.5034     5.5657    -0.0073    95.5591 1.0000e-12  -74.17536 -113.34424  27.431415      99.86 2.6297e+02    200.277       4808  1028.1265  1028.1249    33.9468    33.9448    8.35111         24 0.0000e+00
    171.000    169.161    -1.2968  27.244064    -1.2955  27.243703     5.5093     5.5750    -0.0137    95.5619 1.0000e-12  -74.17536 -113.34424  27.431426      99.87 2.6323e+02    201.229       4830  1028.1337  1028.1320    33.9496    33.9477    8.35097         22 0.0000e+00
    172.000    170.149    -1.2968  27.245446    -1.2954  27.245094     5.5113     5.5732    -0.0150    95.5698 1.0000e-12  -74.17536 -113.34424  27.431437      99.87 2.6311e+02    202.184       4853  1028.1395  1028.1378    33.9510    33.9489    8.35090         24 0.0000e+00
    173.000    171.137    -1.2967  27.246261    -1.2951  27.246116     5.5109     5.5733    -0.0150    95.5772 1.0000e-12  -74.17536 -113.34424  27.431449      99.87 2.6371e+02    203.148       4877  1028.1446  1028.1429    33.9514    33.9494    8.35085         22 0.0000e+00
    174.000    172.128    -1.2965  27.247106    -1.2951  27.246581     5.5176     5.5866    -0.0124    95.5812 1.0000e-12  -74.17536 -113.34424  27.431459      99.86 2.6359e+02    204.090       4899  1028.1496  1028.1477    33.9516    33.9493    8.35078         23 0.0000e+00
    175.000    173.115    -1.2964  27.248193    -1.2948  27.247848     5.5236     5.5844    -0.0077    95.5834 1.0000e-12  -74.17536 -113.34424  27.431470      99.86 2.6374e+02    205.033       4922  1028.1550  1028.1532    33.9524    33.9502    8.35072         23 0.0000e+00
    176.000    174.105    -1.2961  27.249711    -1.2946  27.249388     5.5165     5.5807    -0.0090    95.5889 1.0000e-12  -74.17536 -113.34424  27.431481      99.86 2.6389e+02    205.986       4945  1028.1607  1028.1590    33.9535    33.9514    8.35059         23 0.0000e+00
    177.000    175.093    -1.2955  27.250987    -1.2943  27.250521     5.5174     5.5899    -0.0222    95.5854 1.0000e-12  -74.17536 -113.34424  27.431492      99.87 2.6379e+02    206.925       4967  1028.1659  1028.1642    33.9540    33.9520    8.35043         22 0.0000e+00
    178.000    176.082    -1.2952  27.252043    -1.2938  27.251797     5.5261     5.5886    -0.0224    95.5912 1.0000e-12  -74.17536 -113.34424  27.431503      99.87 2.6412e+02    207.867       4990  1028.1710  1028.1693    33.9544    33.9525    8.35033         23 0.0000e+00
    179.000    177.070    -1.2946  27.253207    -1.2934  27.252996     5.5263     5.5930    -0.0170    95.6012 1.0000e-12  -74.17536 -113.34424  27.431514      99.86 2.6443e+02    208.826       5013  1028.1760  1028.1746    33.9548    33.9531    8.35019         23 0.0000e+00
    180.000    178.059    -1.2947  27.254077    -1.2934  27.253624     5.5202     5.5929    -0.0104    95.5926 1.0000e-12  -74.17536 -113.34424  27.431525      88.18 2.6443e+02    209.772       5036  1028.1813  1028.1796    33.9555    33.9533    8.35016         23 0.0000e+00
    181.000    179.048    -1.2945  27.254936    -1.2933  27.254488     5.5246     5.5897    -0.0110    95.5854 1.0000e-12  -74.17536 -113.34424  27.431536      46.93 2.6443e+02    210.723       5058  1028.1864  1028.1847    33.9558    33.9538    8.35010         22 0.0000e+00
    182.000    180.037    -1.2939  27.256898    -1.2926  27.256565     5.5357     5.5992    -0.0150    95.5817 1.0000e-12  -74.17536 -113.34424  27.431547      99.83 2.6443e+02    211.687       5081  1028.1923  1028.1906    33.9572    33.9552    8.34988         24 0.0000e+00
