ocean_section_plots/required_files/ctd/dnbp2202_ctd275.cnv
* Sea-Bird SBE 9 Data File:
* FileName = D:\Data\raw\NBP2202_CTD275.hex
* Software Version Seasave V 7.26.7.121
* Temperature SN = 1649
* Conductivity SN = 2513
* Number of Bytes Per Scan = 40
* Number of Voltage Words = 5
* Number of Scans Averaged by the Deck Unit = 1
* NMEA Latitude = 73 57.84 S
* NMEA Longitude = 116 14.87 W
* NMEA UTC (Time) = Feb 21 2022  03:38:42
* NMEA baud rate = 9600
** Ship: RVIB N.B. Palmer
** Cruise: NBP2202 Thwaites
** Station: 177
** Operator: B. Bjork
# nquan = 28
# nvalues = 701                         
# units = specified
# name 0 = prDM: Pressure, Digiquartz [db]
# name 1 = depSM: Depth [salt water, m]
# name 2 = t090C: Temperature [ITS-90, deg C]
# name 3 = c0mS/cm: Conductivity [mS/cm]
# name 4 = t190C: Temperature, 2 [ITS-90, deg C]
# name 5 = c1mS/cm: Conductivity, 2 [mS/cm]
# name 6 = sbeox0ML/L: Oxygen, SBE 43 [ml/l]
# name 7 = sbeox1ML/L: Oxygen, SBE 43, 2 [ml/l]
# name 8 = flECO-AFL: Fluorescence, WET Labs ECO-AFL/FL [mg/m^3]
# name 9 = CStarTr0: Beam Transmission, WET Labs C-Star [%]
# name 10 = par: PAR/Irradiance, Biospherical/Licor
# name 11 = latitude: Latitude [deg]
# name 12 = longitude: Longitude [deg]
# name 13 = timeJ: Julian Days
# name 14 = altM: Altimeter [m]
# name 15 = spar: SPAR, Biospherical/Licor
# name 16 = timeS: Time, Elapsed [seconds]
# name 17 = scan: Scan Count
# name 18 = density00: Density [density, kg/m^3]
# name 19 = density11: Density, 2 [density, kg/m^3]
# name 20 = v3: Voltage 3
# name 21 = v4: Voltage 4
# name 22 = v5: Voltage 5
# name 23 = sal00: Salinity, Practical [PSU]
# name 24 = sal11: Salinity, Practical, 2 [PSU]
# name 25 = oxsolML/L: Oxygen Saturation, Garcia & Gordon [ml/l]
# name 26 = nbin: number of scans per bin
# name 27 = flag: flag
# span 0 =      1.000,    701.000       
# span 1 =      0.989,    692.579       
# span 2 =    -1.8589,     0.3227       
# span 3 =  26.879157,  29.261755       
# span 4 =    -1.8582,     0.3278       
# span 5 =  26.879463,  29.264336       
# span 6 =     4.6483,     9.0312       
# span 7 =     4.7630,     9.3460       
# span 8 =    -0.0170,    10.4649       
# span 9 =    88.0703,    98.7564       
# span 10 = -1.645e-05, 6.8686e+01      
# span 11 =  -73.96408,  -73.96408      
# span 12 = -116.24796, -116.24792      
# span 13 =  52.154812,  52.165882      
# span 14 =       3.33,     100.05      
# span 15 = 4.5692e+01, 5.9996e+01      
# span 16 =    253.757,   1210.179      
# span 17 =       6091,      29045      
# span 18 =  1027.1658,  1031.0022      
# span 19 =  1027.1672,  1031.0022      
# span 20 =     4.1788,     4.6848      
# span 21 =     0.0645,     1.7891      
# span 22 =     0.1073,     0.2009      
# span 23 =    33.7907,    34.5140      
# span 24 =    33.7919,    34.5116      
# span 25 =    7.97026,    8.47223      
# span 26 =         20,         49      
# span 27 = 0.0000e+00, 0.0000e+00      
# interval = decibars: 1                
# start_time = Feb 21 2022 03:38:42 [NMEA time, header]
# bad_flag = -9.990e-29
*END*
[from data line 104]
    105.000    103.889    -0.5866  27.722645    -0.5850  27.723297     8.1721     8.4345     6.9371    90.4451 1.0000e-12  -73.96408 -116.24796  52.157287      99.35 5.6405e+01    467.567      11223  1027.7008  1027.7000     4.2909     1.0857     0.1728    33.8413    33.8404    8.20093         36 0.0000e+00
    106.000    104.876    -0.6012  27.710141    -0.6009  27.710507     8.1231     8.3933     6.1848    90.3886 1.0000e-12  -73.96408 -116.24796  52.157310      99.68 5.6412e+01    469.544      11270  1027.7056  1027.7058     4.2880     1.0384     0.1534    33.8401    33.8403    8.20416         37 0.0000e+00
    107.000    105.866    -0.6391  27.677943    -0.6430  27.674926     8.0827     8.3647     7.4232    90.2035 1.0000e-12  -73.96408 -116.24796  52.157327      99.60 5.6611e+01    471.022      11306  1027.7117  1027.7122     4.2793     1.1904     0.1588    33.8385    33.8389    8.21248         35 0.0000e+00
    108.000    106.857    -0.6833  27.640270    -0.6825  27.641010     8.0656     8.3339     5.5669    90.2235 1.0000e-12  -73.96408 -116.24796  52.157344      99.71 5.6409e+01    472.486      11341  1027.7177  1027.7177     4.2801     0.9489     0.1613    33.8366    33.8366    8.22221         33 0.0000e+00
    109.000    107.844    -0.6868  27.638127    -0.6862  27.638692     8.0407     8.3166     5.4519    89.1423 1.0000e-12  -73.96408 -116.24796  52.157361      99.71 5.5534e+01    473.974      11376  1027.7226  1027.7226     4.2290     0.9810     0.1739    33.8370    33.8371    8.22295         36 0.0000e+00
    110.000    108.834    -0.6867  27.639949    -0.6853  27.640342     8.0378     8.3133     6.1235    88.4887 1.0000e-12  -73.96408 -116.24796  52.157378      99.66 5.5775e+01    475.480      11413  1027.7284  1027.7275     4.1980     1.0634     0.1453    33.8388    33.8377    8.22283         36 0.0000e+00
    111.000    109.822    -0.6669  27.660025    -0.6654  27.660052     8.0391     8.3096     5.5494    89.2680 1.0000e-12  -73.96408 -116.24796  52.157396      99.64 5.5922e+01    476.972      11448  1027.7349  1027.7335     4.2349     1.1155     0.1620    33.8431    33.8414    8.21827         36 0.0000e+00
    112.000    110.813    -0.6441  27.681336    -0.6417  27.682417     8.0291     8.2874     5.1465    90.8440 1.0000e-12  -73.96408 -116.24796  52.157412      99.66 5.6150e+01    478.422      11483  1027.7400  1027.7389     4.3096     0.9816     0.1858    33.8456    33.8444    8.21315         34 0.0000e+00
    113.000    111.801    -0.6213  27.703133    -0.6198  27.703556     7.9784     8.2454     6.4139    89.5995 1.0000e-12  -73.96408 -116.24796  52.157429      99.47 5.6665e+01    479.838      11517  1027.7459  1027.7450     4.2507     1.1581     0.1688    33.8489    33.8479    8.20802         34 0.0000e+00
    114.000    112.791    -0.6233  27.705379    -0.6221  27.705753     7.9388     8.2165     6.5613    88.5295 1.0000e-12  -73.96408 -116.24796  52.157446      99.65 5.5927e+01    481.304      11552  1027.7547  1027.7540     4.1999     1.0785     0.1819    33.8535    33.8528    8.20818         36 0.0000e+00
    115.000    113.779    -0.6245  27.706901    -0.6233  27.707011     7.8795     8.1531     5.7992    89.9268 1.0000e-12  -73.96408 -116.24796  52.157463      99.71 5.6314e+01    482.823      11589  1027.7619  1027.7609     4.2662     0.9517     0.1640    33.8564    33.8552    8.20829         34 0.0000e+00
    116.000    114.768    -0.5846  27.747916    -0.5833  27.746840     7.8114     8.0758     5.1909    90.7752 1.0000e-12  -73.96408 -116.24796  52.157480      99.70 5.6664e+01    484.292      11624  1027.7719  1027.7694     4.3064     0.9739     0.1577    33.8664    33.8634    8.19905         35 0.0000e+00
    117.000    115.758    -0.5779  27.757958    -0.5764  27.758213     7.7619     8.0226     5.8718    89.4940 1.0000e-12  -73.96408 -116.24796  52.157497      99.63 5.6927e+01    485.709      11658  1027.7808  1027.7797     4.2456     1.1220     0.1730    33.8718    33.8704    8.19729         34 0.0000e+00
    118.000    116.747    -0.5818  27.757365    -0.5807  27.757948     7.7376     8.0020     5.3846    89.8587 1.0000e-12  -73.96408 -116.24796  52.157513      99.70 5.6422e+01    487.161      11693  1027.7884  1027.7880     4.2629     0.9838     0.1703    33.8746    33.8742    8.19795         36 0.0000e+00
    119.000    117.735    -0.5962  27.746287    -0.5971  27.745449     7.7238     7.9868     5.9081    91.0475 1.0000e-12  -73.96408 -116.24796  52.157531      99.66 5.6655e+01    488.674      11729  1027.7950  1027.7949     4.3193     1.0436     0.1596    33.8753    33.8751    8.20105         36 0.0000e+00
    120.000    118.724    -0.6145  27.732185    -0.6119  27.734047     7.7055     7.9646     5.8338    89.7264 1.0000e-12  -73.96408 -116.24796  52.157548      99.61 5.6306e+01    490.152      11765  1027.8018  1027.8013     4.2566     1.1769     0.1729    33.8761    33.8757    8.20496         33 0.0000e+00
    121.000    119.714    -0.6268  27.723055    -0.6250  27.723842     7.6991     7.9504     6.1805    89.0352 1.0000e-12  -73.96408 -116.24796  52.157565      99.65 5.6627e+01    491.604      11800  1027.8081  1027.8072     4.2239     1.0901     0.1878    33.8770    33.8761    8.20758         32 0.0000e+00
    122.000    120.703    -0.6379  27.713714    -0.6359  27.715790     7.6831     7.9393     4.5693    90.1066 1.0000e-12  -73.96408 -116.24796  52.157582      99.41 5.7274e+01    493.054      11834  1027.8130  1027.8134     4.2747     1.0811     0.1720    33.8762    33.8768    8.21004         35 0.0000e+00
    123.000    121.691    -0.6843  27.675957    -0.6839  27.676857     7.6701     7.9236     5.9303    90.2492 1.0000e-12  -73.96408 -116.24796  52.157599      99.77 5.6447e+01    494.540      11870  1027.8213  1027.8219     4.2814     0.7925     0.1722    33.8767    33.8775    8.22011         33 0.0000e+00
    124.000    122.681    -0.6980  27.665133    -0.6969  27.665947     7.6649     7.9178     4.6480    90.4609 1.0000e-12  -73.96408 -116.24796  52.157616      99.80 5.6926e+01    496.041      11906  1027.8267  1027.8266     4.2915     0.7205     0.1551    33.8768    33.8767    8.22307         31 0.0000e+00
    125.000    123.670    -0.7070  27.658496    -0.7058  27.659023     7.6589     7.9102     4.5530    90.0142 1.0000e-12  -73.96408 -116.24796  52.157633      99.72 5.6558e+01    497.525      11942  1027.8322  1027.8317     4.2703     0.9255     0.1626    33.8773    33.8767    8.22500         36 0.0000e+00
    126.000    124.659    -0.7087  27.657503    -0.7071  27.658464     7.6626     7.9094     3.9651    91.5239 1.0000e-12  -73.96408 -116.24796  52.157650      99.73 5.6630e+01    498.975      11976  1027.8368  1027.8363     4.3419     0.8714     0.1667    33.8773    33.8768    8.22538         32 0.0000e+00
    127.000    125.647    -0.7084  27.658510    -0.7071  27.658930     7.6585     7.9023     4.6553    91.4661 1.0000e-12  -73.96408 -116.24796  52.157667      99.78 5.6881e+01    500.410      12011  1027.8417  1027.8409     4.3389     0.8078     0.1599    33.8777    33.8768    8.22530         34 0.0000e+00
    128.000    126.637    -0.7088  27.659102    -0.7077  27.659521     7.6388     7.8846     5.2622    90.4041 1.0000e-12  -73.96408 -116.24796  52.157683      99.75 5.7668e+01    501.834      12045  1027.8468  1027.8462     4.2890     0.8593     0.1582    33.8783    33.8777    8.22534         34 0.0000e+00
    129.000    127.627    -0.7100  27.659716    -0.7087  27.660166     7.6368     7.8709     4.5842    91.0122 1.0000e-12  -73.96408 -116.24796  52.157699      99.77 5.6935e+01    503.221      12078  1027.8527  1027.8519     4.3176     0.8129     0.1616    33.8799    33.8790    8.22551         34 0.0000e+00
    130.000    128.615    -0.7105  27.660374    -0.7095  27.660726     7.6101     7.8319     4.6960    90.6126 1.0000e-12  -73.96408 -116.24794  52.157715      97.10 5.7157e+01    504.609      12112  1027.8581  1027.8575     4.2992     0.9333     0.1653    33.8807    33.8801    8.22558         33 0.0000e+00
    131.000    129.604    -0.7206  27.653037    -0.7194  27.653775     7.5699     7.8063     4.3140    92.0055 1.0000e-12  -73.96408 -116.24794  52.157732      99.42 5.7804e+01    506.006      12145  1027.8641  1027.8637     4.3642     0.6521     0.1583    33.8816    33.8811    8.22773         33 0.0000e+00
    132.000    130.595    -0.7415  27.635813    -0.7411  27.637137     7.5341     7.7752     3.3972    92.5663 1.0000e-12  -73.96408 -116.24794  52.157747      99.76 5.8656e+01    507.375      12178  1027.8699  1027.8709     4.3913     0.8331     0.1575    33.8811    33.8824    8.23232         33 0.0000e+00
    133.000    131.579    -0.7856  27.600792    -0.7843  27.601803     7.5076     7.7518     4.5289    92.0134 1.0000e-12  -73.96408 -116.24794  52.157763      99.80 5.6932e+01    508.750      12211  1027.8788  1027.8786     4.3651     0.7084     0.1585    33.8826    33.8825    8.24186         31 0.0000e+00
    134.000    132.573    -0.7886  27.598672    -0.7876  27.599068     7.4827     7.7275     4.2332    92.4310 1.0000e-12  -73.96408 -116.24794  52.157780      99.81 5.7344e+01    510.165      12245  1027.8832  1027.8827     4.3849     0.6840     0.1649    33.8824    33.8819    8.24252         32 0.0000e+00
    135.000    133.560    -0.8068  27.584181    -0.8064  27.584840     7.4615     7.7069     3.6727    92.2161 1.0000e-12  -73.96408 -116.24794  52.157796      99.82 5.6563e+01    511.584      12279  1027.8891  1027.8894     4.3747     0.6407     0.1457    33.8827    33.8831    8.24649         35 0.0000e+00
    136.000    134.550    -0.8151  27.578917    -0.8137  27.579689     7.4514     7.6925     4.3950    90.5200 1.0000e-12  -73.96408 -116.24794  52.157812      99.77 5.6252e+01    512.999      12313  1027.8953  1027.8948     4.2948     0.7706     0.1488    33.8842    33.8837    8.24821         33 0.0000e+00
    137.000    135.538    -0.8151  27.580296    -0.8136  27.580957     7.4502     7.6840     4.5374    92.4544 1.0000e-12  -73.96408 -116.24794  52.157828      99.81 5.6967e+01    514.361      12346  1027.9008  1027.9001     4.3855     0.6712     0.1606    33.8854    33.8847    8.24814         32 0.0000e+00
    138.000    136.528    -0.8126  27.583429    -0.8112  27.583919     7.4414     7.6716     3.7947    92.2690 1.0000e-12  -73.96408 -116.24794  52.157844      99.76 5.7534e+01    515.709      12378  1027.9058  1027.9051     4.3772     0.7931     0.1592    33.8863    33.8855    8.24755         33 0.0000e+00
    139.000    137.516    -0.8132  27.583663    -0.8121  27.581875     7.4345     7.6598     4.7644    92.0765 1.0000e-12  -73.96408 -116.24794  52.157860      95.09 5.7037e+01    517.096      12411  1027.9108  1027.9078     4.3681     0.7929     0.1670    33.8867    33.8831    8.24766         34 0.0000e+00
    140.000    138.506    -0.8172  27.581450    -0.8163  27.581756     7.4063     7.6435     4.0148    91.4698 1.0000e-12  -73.96408 -116.24794  52.157875      98.78 5.6407e+01    518.428      12443  1027.9163  1027.9158     4.3393     0.5409     0.1521    33.8875    33.8869    8.24848         29 0.0000e+00
    141.000    139.494    -0.8228  27.577809    -0.8217  27.578180     7.3920     7.6186     4.1308    92.5041 1.0000e-12  -73.96408 -116.24794  52.157889      99.67 5.7112e+01    519.617      12472  1027.9220  1027.9213     4.3884     1.0702     0.1628    33.8883    33.8875    8.24966         28 0.0000e+00
    142.000    140.484    -0.8303  27.572379    -0.8295  27.572734     7.3533     7.5801     4.1220    91.9443 1.0000e-12  -73.96408 -116.24794  52.157903      99.70 5.6780e+01    520.781      12500  1027.9276  1027.9271     4.3618     0.9654     0.1593    33.8888    33.8883    8.25129         29 0.0000e+00
    143.000    141.472    -0.8496  27.558596    -0.8491  27.558928     7.3256     7.5623     4.0913    92.5216 1.0000e-12  -73.96408 -116.24794  52.157916      99.82 5.5704e+01    521.947      12528  1027.9355  1027.9353     4.3892     0.7032     0.1522    33.8912    33.8910    8.25538         27 0.0000e+00
    144.000    142.461    -0.8642  27.549430    -0.8629  27.550134     7.3136     7.5574     4.7985    92.1627 1.0000e-12  -73.96408 -116.24794  52.157930      99.83 5.7879e+01    523.114      12556  1027.9438  1027.9433     4.3722     0.6215     0.1618    33.8945    33.8940    8.25837         28 0.0000e+00
    145.000    143.451    -0.8725  27.544037    -0.8715  27.544542     7.3008     7.5278     4.0495    92.8857 1.0000e-12  -73.96408 -116.24794  52.157943      99.83 5.7735e+01    524.266      12583  1027.9501  1027.9497     4.4064     0.5982     0.1516    33.8960    33.8955    8.26012         28 0.0000e+00
    146.000    144.439    -0.8865  27.533487    -0.8846  27.534754     7.2648     7.4964     3.4476    91.3216 1.0000e-12  -73.96408 -116.24796  52.157956      99.80 5.6873e+01    525.411      12611  1027.9563  1027.9558     4.3323     0.7188     0.1598    33.8968    33.8964    8.26315         27 0.0000e+00
    147.000    145.429    -0.8970  27.525991    -0.8958  27.526731     7.2277     7.4568     3.6032    91.9268 1.0000e-12  -73.96408 -116.24796  52.157970      99.81 5.7231e+01    526.563      12639  1027.9624  1027.9620     4.3611     0.7149     0.1508    33.8978    33.8975    8.26540         28 0.0000e+00
    148.000    146.418    -0.9236  27.506566    -0.9239  27.506474     7.1838     7.4297     3.7154    92.9331 1.0000e-12  -73.96408 -116.24796  52.157983      99.82 5.7916e+01    527.718      12666  1027.9710  1027.9714     4.4086     0.6651     0.1686    33.9007    33.9010    8.27107         28 0.0000e+00
    149.000    147.406    -0.9656  27.476148    -0.9671  27.475428     7.1642     7.3993     3.5600    92.7599 1.0000e-12  -73.96408 -116.24796  52.157997      99.80 5.7811e+01    528.906      12695  1027.9827  1027.9834     4.4005     0.7447     0.1587    33.9060    33.9068    8.28000         29 0.0000e+00
    150.000    148.395    -0.9806  27.465935    -0.9807  27.465738     7.1574     7.3782     3.7901    92.3000 1.0000e-12  -73.96408 -116.24796  52.158011      99.82 5.7750e+01    530.118      12724  1027.9900  1027.9898     4.3787     0.6664     0.1708    33.9085    33.9083    8.28317         29 0.0000e+00
    151.000    149.384    -0.9879  27.460727    -0.9876  27.460942     7.1215     7.3380     4.1200    91.6828 1.0000e-12  -73.96408 -116.24796  52.158025      92.28 5.7628e+01    531.328      12753  1027.9952  1027.9952     4.3494     0.6705     0.1638    33.9089    33.9089    8.28474         29 0.0000e+00
    152.000    150.374    -1.0270  27.428233    -1.0298  27.427047     7.0816     7.3084     3.6413    90.8584 1.0000e-12  -73.96408 -116.24796  52.158039      98.92 5.7628e+01    532.548      12782  1028.0017  1028.0031     4.3106     0.5501     0.1581    33.9082    33.9098    8.29344         29 0.0000e+00
    153.000    151.362    -1.0710  27.394173    -1.0716  27.394480     7.0205     7.2475     4.9949    92.2216 1.0000e-12  -73.96408 -116.24796  52.158053      99.79 5.7528e+01    533.773      12812  1028.0110  1028.0119     4.3747     0.7176     0.1505    33.9108    33.9119    8.30302         30 0.0000e+00
    154.000    152.351    -1.1338  27.347307    -1.1331  27.348842     6.9876     7.2121     4.4122    92.4045 1.0000e-12  -73.96408 -116.24796  52.158067      99.79 5.7918e+01    534.964      12840  1028.0245  1028.0255     4.3835     0.7415     0.1728    33.9171    33.9185    8.31657         28 0.0000e+00
    155.000    153.339    -1.1445  27.343765    -1.1435  27.345094     6.9596     7.1923     3.3226    91.4910 1.0000e-12  -73.96408 -116.24796  52.158080      99.88 5.8049e+01    536.147      12869  1028.0345  1028.0350     4.3405     0.4232     0.1489    33.9237    33.9244    8.31855         28 0.0000e+00
