ocean_section_plots/required_files/ctd/dnbp2202_ctd151.cnv
* Sea-Bird SBE 9 Data File:
* FileName = D:\Data\raw\NBP2202_CTD151.hex
* Software Version Seasave V 7.26.7.121
* Temperature SN = 1649
* Conductivity SN = 2513
* Number of Bytes Per Scan = 40
* Number of Voltage Words = 5
* Number of Scans Averaged by the Deck Unit = 1
* NMEA Latitude = 74 06.59 S
* NMEA Longitude = 113 19.34 W
* NMEA UTC (Time) = Jan 31 2022  11:49:46
* NMEA baud rate = 9600
** Ship: RVIB N.B. Palmer
** Cruise: NBP2202 Thwaites
** Station: Yo-Yo 002
** Operator: B. Bjork
# nquan = 28
# nvalues = 414                         
# units = specified
# name 0 = prDM: Pressure, Digiquartz [db]
# name 1 = depSM: Depth [salt water, m]
# name 2 = t090C: Temperature [ITS-90, deg C]
# name 3 = c0mS/cm: Conductivity [mS/cm]
# name 4 = t190C: Temperature, 2 [ITS-90, deg C]
# name 5 = c1mS/cm: Conductivity, 2 [mS/cm]
# name 6 = sbeox0ML/L: Oxygen, SBE 43 [ml/l]
# name 7 = sbeox1ML/L: Oxygen, SBE 43, 2 [ml/l]
# name 8 = flECO-AFL: Fluorescence, WET Labs ECO-AFL/FL [mg/m^3]
# name 9 = CStarTr0: Beam Transmission, WET Labs C-Star [%]
# name 10 = par: PAR/Irradiance, Biospherical/Licor
# name 11 = latitude: Latitude [deg]
# name 12 = longitude: Longitude [deg]
# name 13 = timeJ: Julian Days
# name 14 = altM: Altimeter [m]
# name 15 = spar: SPAR, Biospherical/Licor
# name 16 = timeS: Time, Elapsed [seconds]
# name 17 = scan: Scan Count
# name 18 = density00: Density [density, kg/m^3]
# name 19 = density11: Density, 2 [density, kg/m^3]
# name 20 = v3: Voltage 3
# name 21 = v4: Voltage 4
# name 22 = v5: Voltage 5
# name 23 = sal00: Salinity, Practical [PSU]
# name 24 = sal11: Salinity, Practical, 2 [PSU]
# name 25 = oxsolML/L: Oxygen Saturation, Garcia & Gordon [ml/l]
# name 26 = nbin: number of scans per bin
# name 27 = flag: flag
# span 0 =     10.000,    423.000       
# span 1 =      9.896,    418.210       
# span 2 =    -1.4590,    -0.1959       
# span 3 =  27.022917,  28.519725       
# span 4 =    -1.4590,    -0.1940       
# span 5 =  27.023858,  28.519374       
# span 6 =     4.7794,     7.9990       
# span 7 =     4.8666,     8.2006       
# span 8 =    -0.0220,    23.4049       
# span 9 =    70.7108,    93.6503       
# span 10 = -1.753e-04, 4.2324e+00      
# span 11 =  -74.10992,  -74.10989      
# span 12 = -113.32236, -113.32231      
# span 13 =  31.493216,  31.500275      
# span 14 =       4.74,     100.06      
# span 15 = 1.0206e+03, 1.0745e+03      
# span 16 =     27.866,    637.710      
# span 17 =        670,      15306      
# span 18 =  1027.2370,  1029.5442      
# span 19 =  1027.2354,  1029.5422      
# span 20 =     3.3551,     4.4427      
# span 21 =     0.0635,     3.6986      
# span 22 =     0.1218,     0.2409      
# span 23 =    33.8038,    34.2783      
# span 24 =    33.8020,    34.2763      
# span 25 =    8.09212,    8.39202      
# span 26 =          2,         52      
# span 27 = 0.0000e+00, 0.0000e+00      
# interval = decibars: 1                
# start_time = Jan 31 2022 11:49:46 [NMEA time, header]
# bad_flag = -9.990e-29
*END*
     10.000      9.896    -1.1181  27.211947    -1.1164  27.211948     7.9990     7.9693    14.3947    73.8486 4.2324e+00  -74.10992 -113.32234  31.493216     100.01 1.0206e+03     27.866        670  1027.2370  1027.2354     3.5038     3.3802     0.2225    33.8039    33.8020    8.31975         21 0.0000e+00
     11.000     10.886    -1.1208  27.210095    -1.1189  27.210505     7.9966     7.9974    19.5830    71.5483 3.2211e+00  -74.10991 -113.32234  31.493237      99.91 1.0209e+03     29.678        713  1027.2417  1027.2404     3.3947     2.7954     0.1847    33.8038    33.8023    8.32036         40 0.0000e+00
     12.000     11.875    -1.1208  27.210541    -1.1192  27.210738     7.9986     8.0338    20.8494    72.9118 2.3607e+00  -74.10991 -113.32235  31.493257      99.94 1.0213e+03     31.450        756  1027.2465  1027.2451     3.4592     2.8155     0.1938    33.8038    33.8023    8.32036         30 0.0000e+00
     13.000     12.866    -1.1195  27.212315    -1.1178  27.212476     7.9915     8.0626    20.6822    73.4999 1.8614e+00  -74.10991 -113.32235  31.493280      99.84 1.0209e+03     33.409        803  1027.2512  1027.2498     3.4872     2.6435     0.2271    33.8041    33.8024    8.32005         39 0.0000e+00
     14.000     13.855    -1.1186  27.213499    -1.1177  27.212997     7.9895     8.0753    21.3517    73.6428 1.4561e+00  -74.10990 -113.32234  31.493301      99.98 1.0212e+03     35.244        847  1027.2559  1027.2545     3.4939     3.2179     0.2357    33.8041    33.8024    8.31986         39 0.0000e+00
     15.000     14.845    -1.1191  27.213513    -1.1177  27.213402     7.9894     8.0892    21.0999    73.7903 1.0768e+00  -74.10990 -113.32234  31.493321      99.98 1.0221e+03     36.963        888  1027.2606  1027.2591     3.5003     3.2997     0.1981    33.8040    33.8023    8.31996         40 0.0000e+00
     16.000     15.833    -1.1195  27.213674    -1.1180  27.213639     7.9877     8.1110    21.6989    72.2611 8.3459e-01  -74.10991 -113.32234  31.493344      99.78 1.0217e+03     38.901        935  1027.2655  1027.2640     3.4287     3.0651     0.2023    33.8041    33.8023    8.32005         42 0.0000e+00
     17.000     16.823    -1.1201  27.213585    -1.1187  27.213477     7.9864     8.1261    21.1006    72.1568 6.6340e-01  -74.10992 -113.32234  31.493367      99.96 1.0227e+03     40.891        982  1027.2702  1027.2687     3.4236     3.1606     0.2185    33.8040    33.8023    8.32018         39 0.0000e+00
     18.000     17.813    -1.1212  27.213137    -1.1196  27.213171     7.9877     8.1382    19.8873    71.9547 5.0036e-01  -74.10990 -113.32234  31.493386      99.98 1.0249e+03     42.567       1023  1027.2750  1027.2735     3.4141     3.1951     0.2055    33.8040    33.8023    8.32043         35 0.0000e+00
     19.000     18.801    -1.1212  27.213711    -1.1198  27.213556     7.9830     8.1298    21.9639    72.6106 3.7862e-01  -74.10991 -113.32234  31.493408      99.98 1.0225e+03     44.445       1068  1027.2799  1027.2784     3.4449     3.4699     0.2372    33.8042    33.8024    8.32043         39 0.0000e+00
     20.000     19.792    -1.1194  27.215677    -1.1178  27.215690     7.9856     8.1453    21.9132    72.1163 3.0173e-01  -74.10992 -113.32234  31.493433      99.95 1.0220e+03     46.591       1119  1027.2846  1027.2831     3.4216     3.3316     0.2270    33.8042    33.8024    8.32001         39 0.0000e+00
     21.000     20.781    -1.1200  27.215576    -1.1175  27.216324     7.9843     8.1503    21.8412    72.6179 2.2908e-01  -74.10992 -113.32234  31.493453      99.98 1.0254e+03     48.368       1162  1027.2894  1027.2878     3.4454     3.6367     0.2344    33.8041    33.8024    8.32016         38 0.0000e+00
     22.000     21.771    -1.1190  27.216926    -1.1172  27.217132     7.9931     8.1626    21.4855    73.1245 1.6907e-01  -74.10992 -113.32234  31.493474      99.93 1.0254e+03     50.116       1204  1027.2942  1027.2928     3.4687     3.3464     0.2064    33.8042    33.8025    8.31993         42 0.0000e+00
     23.000     22.760    -1.1192  27.217260    -1.1169  27.217911     7.9959     8.1669    21.7289    72.7838 1.2706e-01  -74.10992 -113.32234  31.493497      99.95 1.0242e+03     52.109       1252  1027.2990  1027.2976     3.4532     3.4920     0.2194    33.8043    33.8026    8.31997         39 0.0000e+00
     24.000     23.750    -1.1180  27.218763    -1.1165  27.218676     7.9927     8.1728    22.2182    72.3382 9.2441e-02  -74.10992 -113.32234  31.493519      99.98 1.0252e+03     54.007       1297  1027.3039  1027.3023     3.4321     3.2740     0.1908    33.8044    33.8025    8.31971         42 0.0000e+00
     25.000     24.740    -1.1177  27.219383    -1.1161  27.219538     7.9913     8.1735    21.5344    70.7108 6.3692e-02  -74.10992 -113.32234  31.493538      99.98 1.0264e+03     55.686       1337  1027.3086  1027.3072     3.3551     3.3328     0.2049    33.8043    33.8027    8.31965         37 0.0000e+00
     26.000     25.729    -1.1180  27.219739    -1.1164  27.219711     7.9902     8.1753    21.9453    71.3661 4.0086e-02  -74.10992 -113.32235  31.493558      99.98 1.0258e+03     57.449       1380  1027.3135  1027.3120     3.3860     3.3276     0.2203    33.8044    33.8026    8.31969         40 0.0000e+00
     27.000     26.718    -1.1192  27.219035    -1.1175  27.219143     7.9882     8.1778    22.8396    71.9893 2.1723e-02  -74.10992 -113.32235  31.493581      99.95 1.0241e+03     59.437       1427  1027.3182  1027.3167     3.4156     3.0762     0.2087    33.8042    33.8024    8.31998         42 0.0000e+00
     28.000     27.709    -1.1196  27.219154    -1.1182  27.218986     7.9865     8.1855    23.4049    72.2025 7.7393e-03  -74.10992 -113.32235  31.493604      99.98 1.0246e+03     61.421       1475  1027.3230  1027.3215     3.4257     3.0817     0.1889    33.8042    33.8024    8.32006         36 0.0000e+00
     29.000     28.697    -1.1188  27.220213    -1.1171  27.220407     7.9882     8.1799    22.4700    71.5252 -1.753e-04  -74.10992 -113.32235  31.493624      99.94 1.0253e+03     63.106       1516  1027.3277  1027.3263     3.3934     3.0696     0.2185    33.8041    33.8025    8.31989         35 0.0000e+00
     30.000     29.687    -1.1198  27.219860    -1.1180  27.220103     7.9838     8.1823    23.0429    72.8947 2.3459e-06  -74.10992 -113.32235  31.493646      96.37 1.0256e+03     64.987       1561  1027.3326  1027.3312     3.4583     3.4338     0.2065    33.8042    33.8025    8.32012         42 0.0000e+00
     31.000     30.676    -1.1191  27.220973    -1.1175  27.221023     7.9831     8.1907    21.9213    72.0013 1.0000e-12  -74.10992 -113.32235  31.493671      99.92 1.0276e+03     67.153       1613  1027.3374  1027.3359     3.4165     3.4992     0.2076    33.8042    33.8025    8.31995         41 0.0000e+00
     32.000     31.666    -1.1175  27.222674    -1.1162  27.222515     7.9856     8.1934    21.5748    72.7341 1.0000e-12  -74.10992 -113.32235  31.493692      99.98 1.0294e+03     68.950       1656  1027.3421  1027.3407     3.4509     3.5743     0.2243    33.8042    33.8025    8.31961         40 0.0000e+00
     33.000     32.657    -1.1179  27.222978    -1.1164  27.222884     7.9968     8.1965    21.8462    72.9334 1.0000e-12  -74.10992 -113.32235  31.493713      99.98 1.0281e+03     70.810       1700  1027.3471  1027.3456     3.4604     3.2273     0.1998    33.8044    33.8026    8.31968         45 0.0000e+00
     34.000     33.644    -1.1179  27.223322    -1.1165  27.223271     7.9968     8.2006    20.3004    72.8603 1.0000e-12  -74.10992 -113.32235  31.493735      99.97 1.0290e+03     72.715       1746  1027.3518  1027.3504     3.4569     3.3700     0.2078    33.8043    33.8025    8.31969         35 0.0000e+00
     35.000     34.635    -1.1184  27.223339    -1.1165  27.223589     7.9949     8.1921    20.7904    72.3508 1.0000e-12  -74.10992 -113.32234  31.493755      99.97 1.0280e+03     74.389       1786  1027.3566  1027.3551     3.4326     3.3290     0.2203    33.8043    33.8024    8.31980         35 0.0000e+00
     36.000     35.624    -1.1184  27.224000    -1.1172  27.223559     7.9906     8.1991    20.2063    72.7754 1.0000e-12  -74.10992 -113.32234  31.493776      99.97 1.0274e+03     76.232       1831  1027.3616  1027.3600     3.4529     3.6986     0.1840    33.8045    33.8025    8.31978         40 0.0000e+00
     37.000     36.614    -1.1181  27.224576    -1.1167  27.224424     7.9827     8.1886    23.3426    72.4721 1.0000e-12  -74.10992 -113.32234  31.493800      96.30 1.0296e+03     78.364       1882  1027.3663  1027.3648     3.4385     3.2754     0.1808    33.8044    33.8025    8.31973         41 0.0000e+00
     38.000     37.604    -1.1183  27.224672    -1.1169  27.224676     7.9847     8.1960    21.8608    73.3632 1.0000e-12  -74.10992 -113.32234  31.493821      99.92 1.0301e+03     80.158       1925  1027.3709  1027.3696     3.4808     3.5749     0.2242    33.8041    33.8025    8.31979         39 0.0000e+00
     39.000     38.593    -1.1189  27.224735    -1.1172  27.224745     7.9870     8.1965    20.4487    72.7437 1.0000e-12  -74.10992 -113.32234  31.493841      99.97 1.0295e+03     81.841       1965  1027.3758  1027.3743     3.4514     3.4182     0.2161    33.8042    33.8023    8.31991         43 0.0000e+00
     40.000     39.581    -1.1191  27.225099    -1.1176  27.225042     7.9851     8.1940    22.6315    72.9441 1.0000e-12  -74.10992 -113.32234  31.493865      99.99 1.0319e+03     83.924       2015  1027.3808  1027.3792     3.4607     3.2778     0.2060    33.8043    33.8025    8.31996         32 0.0000e+00
     41.000     40.572    -1.1188  27.225797    -1.1173  27.225708     7.9796     8.1901    20.9166    73.0486 1.0000e-12  -74.10992 -113.32234  31.493890      99.98 1.0323e+03     86.100       2067  1027.3855  1027.3840     3.4658     3.6670     0.1813    33.8043    33.8024    8.31988         43 0.0000e+00
     42.000     41.561    -1.1191  27.225849    -1.1175  27.225801     7.9803     8.1974    21.4774    73.0989 1.0000e-12  -74.10992 -113.32234  31.493911      99.98 1.0325e+03     87.933       2111  1027.3902  1027.3886     3.4681     3.5683     0.2035    33.8041    33.8022    8.31997         42 0.0000e+00
     43.000     42.550    -1.1191  27.226385    -1.1177  27.226177     7.9841     8.1933    21.9899    72.3644 1.0000e-12  -74.10992 -113.32234  31.493939      98.12 1.0310e+03     90.312       2168  1027.3951  1027.3935     3.4335     3.2174     0.2266    33.8042    33.8023    8.31996         32 0.0000e+00
     44.000     43.540    -1.1184  27.227479    -1.1168  27.227323     7.9868     8.1863    20.7157    73.0087 1.0000e-12  -74.10992 -113.32232  31.493967     100.03 1.0314e+03     92.735       2227  1027.3998  1027.3982     3.4639     3.4783     0.1976    33.8042    33.8023    8.31979         37 0.0000e+00
     45.000     44.529    -1.1180  27.228280    -1.1165  27.228146     7.9780     8.1884    20.9824    72.9790 1.0000e-12  -74.10992 -113.32232  31.493987      99.99 1.0315e+03     94.452       2268  1027.4047  1027.4031     3.4625     3.3417     0.2059    33.8043    33.8024    8.31971         37 0.0000e+00
     46.000     45.519    -1.1180  27.228726    -1.1164  27.228684     7.9761     8.1923    21.3648    72.3178 1.0000e-12  -74.10992 -113.32232  31.494014      99.97 1.0303e+03     96.821       2325  1027.4095  1027.4079     3.4312     3.6086     0.2020    33.8043    33.8024    8.31971         36 0.0000e+00
     47.000     46.509    -1.1180  27.229126    -1.1164  27.229164     7.9803     8.1946    19.8569    72.7446 1.0000e-12  -74.10992 -113.32232  31.494043      99.98 1.0310e+03     99.291       2384  1027.4142  1027.4127     3.4514     3.4190     0.1921    33.8042    33.8024    8.31971         35 0.0000e+00
     48.000     47.496    -1.1184  27.229333    -1.1163  27.229697     7.9753     8.1868    20.1506    72.2326 1.0000e-12  -74.10992 -113.32232  31.494065      99.99 1.0322e+03    101.190       2430  1027.4191  1027.4175     3.4271     3.2075     0.2233    33.8043    33.8025    8.31979         39 0.0000e+00
     49.000     48.486    -1.1187  27.229563    -1.1165  27.229928     7.9776     8.1887    20.3080    72.8579 1.0000e-12  -74.10992 -113.32233  31.494095      99.79 1.0335e+03    103.818       2493  1027.4240  1027.4223     3.4567     3.5464     0.2046    33.8044    33.8023    8.31986         43 0.0000e+00
     50.000     49.477    -1.1181  27.230528    -1.1162  27.230734     7.9661     8.1816    19.4907    72.2138 1.0000e-12  -74.10992 -113.32233  31.494122      99.98 1.0338e+03    106.111       2548  1027.4288  1027.4272     3.4263     3.4537     0.2177    33.8044    33.8025    8.31973         38 0.0000e+00
     51.000     50.465    -1.1152  27.233446    -1.1134  27.233500     7.9688     8.1808    21.3165    72.5512 1.0000e-12  -74.10992 -113.32232  31.494144      99.98 1.0335e+03    108.008       2593  1027.4335  1027.4318     3.4424     3.5269     0.2331    33.8045    33.8025    8.31908         38 0.0000e+00
     52.000     51.455    -1.1151  27.234251    -1.1134  27.234063     7.9710     8.1765    22.9841    72.9528 1.0000e-12  -74.10991 -113.32232  31.494169      99.94 1.0338e+03    110.163       2645  1027.4385  1027.4368     3.4611     3.3094     0.2095    33.8048    33.8027    8.31903         39 0.0000e+00
     53.000     52.446    -1.1143  27.235385    -1.1125  27.235327     7.9692     8.1815    21.6951    72.7757 1.0000e-12  -74.10990 -113.32232  31.494197      99.97 1.0322e+03    112.592       2703  1027.4434  1027.4416     3.4526     3.5255     0.1798    33.8049    33.8027    8.31886         38 0.0000e+00
     54.000     53.433    -1.1160  27.234280    -1.1147  27.233936     7.9704     8.1877    21.5989    72.4816 1.0000e-12  -74.10992 -113.32232  31.494222      70.56 1.0332e+03    114.804       2756  1027.4481  1027.4465     3.4393     2.8987     0.2139    33.8046    33.8027    8.31924         40 0.0000e+00
     55.000     54.426    -1.1187  27.232329    -1.1169  27.232327     7.9737     8.1808    21.9688    72.5929 1.0000e-12  -74.10990 -113.32233  31.494246      94.78 1.0338e+03    116.838       2805  1027.4528  1027.4512     3.4442     3.3917     0.2168    33.8043    33.8024    8.31985         30 0.0000e+00
     56.000     55.413    -1.1175  27.233844    -1.1142  27.235249     7.9663     8.1738    23.3632    72.4845 1.0000e-12  -74.10990 -113.32233  31.494275      99.82 1.0324e+03    119.358       2866  1027.4577  1027.4560     3.4390     3.3156     0.2244    33.8045    33.8027    8.31959         47 0.0000e+00
     57.000     56.403    -1.1144  27.237217    -1.1131  27.236732     7.9582     8.1656    22.4336    73.5684 1.0000e-12  -74.10990 -113.32233  31.494300      99.99 1.0345e+03    121.508       2917  1027.4626  1027.4609     3.4906     3.1248     0.1944    33.8050    33.8028    8.31887         36 0.0000e+00
     58.000     57.392    -1.1153  27.236907    -1.1138  27.236786     7.9572     8.1613    21.3561    73.6145 1.0000e-12  -74.10991 -113.32233  31.494318      99.98 1.0353e+03    123.039       2954  1027.4675  1027.4660     3.4926     3.3891     0.1997    33.8049    33.8031    8.31907         35 0.0000e+00
     59.000     58.381    -1.1152  27.237630    -1.1137  27.237321     7.9510     8.1609    21.3539    72.0429 1.0000e-12  -74.10990 -113.32233  31.494336      99.98 1.0350e+03    124.657       2993  1027.4725  1027.4707     3.4181     3.4640     0.2248    33.8052    33.8030    8.31903         37 0.0000e+00
     60.000     59.370    -1.1151  27.238131    -1.1135  27.238066     7.9573     8.1658    21.2820    73.0017 1.0000e-12  -74.10990 -113.32233  31.494357      99.98 1.0343e+03    126.483       3037  1027.4773  1027.4757     3.4638     3.3771     0.2324    33.8052    33.8033    8.31902         37 0.0000e+00
