ocean_section_plots/required_files/ctd/dnbp2202_ctd128.cnv
* Sea-Bird SBE 9 Data File:
* FileName = D:\Data\raw\NBP2202_CTD128.hex
* Software Version Seasave V 7.26.7.121
* Temperature SN = 1649
* Conductivity SN = 2513
* Number of Bytes Per Scan = 40
* Number of Voltage Words = 5
* Number of Scans Averaged by the Deck Unit = 1
* NMEA Latitude = 74 05.39 S
* NMEA Longitude = 111 47.97 W
* NMEA UTC (Time) = Jan 27 2022  22:33:27
* NMEA baud rate = 9600
** Ship: RVIB N.B. Palmer
** Cruise: NBP2202 Thwaites
** Station: 57
** Operator: A. Robinson
# nquan = 25
# nvalues = 371                         
# units = specified
# name 0 = prDM: Pressure, Digiquartz [db]
# name 1 = depSM: Depth [salt water, m]
# name 2 = t090C: Temperature [ITS-90, deg C]
# name 3 = c0mS/cm: Conductivity [mS/cm]
# name 4 = t190C: Temperature, 2 [ITS-90, deg C]
# name 5 = c1mS/cm: Conductivity, 2 [mS/cm]
# name 6 = sbeox0ML/L: Oxygen, SBE 43 [ml/l]
# name 7 = sbeox1ML/L: Oxygen, SBE 43, 2 [ml/l]
# name 8 = flECO-AFL: Fluorescence, WET Labs ECO-AFL/FL [mg/m^3]
# name 9 = CStarTr0: Beam Transmission, WET Labs C-Star [%]
# name 10 = par: PAR/Irradiance, Biospherical/Licor
# name 11 = latitude: Latitude [deg]
# name 12 = longitude: Longitude [deg]
# name 13 = timeJ: Julian Days
# name 14 = altM: Altimeter [m]
# name 15 = spar: SPAR, Biospherical/Licor
# name 16 = timeS: Time, Elapsed [seconds]
# name 17 = scan: Scan Count
# name 18 = density00: Density [density, kg/m^3]
# name 19 = density11: Density, 2 [density, kg/m^3]
# name 20 = sal00: Salinity, Practical [PSU]
# name 21 = sal11: Salinity, Practical, 2 [PSU]
# name 22 = oxsolML/L: Oxygen Saturation, Garcia & Gordon [ml/l]
# name 23 = nbin: number of scans per bin
# name 24 = flag: flag
# span 0 =      4.000,    374.000       
# span 1 =      3.959,    369.795       
# span 2 =    -1.5677,    -0.6421       
# span 3 =  27.021500,  28.108139       
# span 4 =    -1.5673,    -0.6412       
# span 5 =  27.021132,  28.106978       
# span 6 =     5.4947,     8.3427       
# span 7 =     5.5841,     8.4541       
# span 8 =    -0.0114,    22.1647       
# span 9 =    71.4531,    95.7640       
# span 10 = 1.0000e-12, 1.4745e+02      
# span 11 =  -74.08992,  -74.08992      
# span 12 = -111.79948, -111.79942      
# span 13 =  27.943322,  27.949811      
# span 14 =       4.10,     100.04      
# span 15 = 5.7552e+02, 6.3821e+02      
# span 16 =    295.986,    856.634      
# span 17 =       7105,      20560      
# span 18 =  1027.2173,  1029.3217      
# span 19 =  1027.2173,  1029.3196      
# span 20 =    33.8194,    34.2588      
# span 21 =    33.8192,    34.2563      
# span 22 =    8.18882,    8.41024      
# span 23 =         25,         48      
# span 24 = 0.0000e+00, 0.0000e+00      
# interval = decibars: 1                
# start_time = Jan 27 2022 22:33:27 [NMEA time, header]
# bad_flag = -9.990e-29
*END*
[from data line 232]
    236.000    233.425    -1.4507  27.212874    -1.4497  27.212535     6.2323     6.3421     0.1280    95.3109 1.0000e-12  -74.08992 -111.79944  27.947190      99.83 5.9579e+02    630.250      15127  1028.5246  1028.5232    34.0413    34.0396    8.38007         29 0.0000e+00
    237.000    234.414    -1.4470  27.217500    -1.4460  27.216830     6.2171     6.3293     0.0737    95.3195 1.0000e-12  -74.08992 -111.79944  27.947205      99.83 5.9733e+02    631.483      15157  1028.5304  1028.5287    34.0427    34.0407    8.37913         30 0.0000e+00
    238.000    235.402    -1.4322  27.232700    -1.4309  27.232613     6.2049     6.3220     0.0841    95.3495 1.0000e-12  -74.08992 -111.79944  27.947219      99.83 5.9724e+02    632.686      15185  1028.5371  1028.5358    34.0462    34.0447    8.37560         28 0.0000e+00
    239.000    236.391    -1.4297  27.236112    -1.4290  27.235349     6.1998     6.3209     0.0762    95.3092 1.0000e-12  -74.08992 -111.79944  27.947232      99.83 5.9640e+02    633.874      15214  1028.5429  1028.5414    34.0475    34.0457    8.37497         29 0.0000e+00
    240.000    237.379    -1.4246  27.242835    -1.4237  27.242247     6.2007     6.3213     0.0602    95.3082 1.0000e-12  -74.08992 -111.79944  27.947246      98.05 5.9737e+02    635.070      15243  1028.5498  1028.5483    34.0503    34.0485    8.37365         28 0.0000e+00
    241.000    238.368    -1.4228  27.245415    -1.4218  27.245084     6.2073     6.3140     0.0595    95.3198 1.0000e-12  -74.08992 -111.79944  27.947260      92.18 5.9719e+02    636.254      15271  1028.5553  1028.5540    34.0512    34.0496    8.37319         29 0.0000e+00
    242.000    239.357    -1.4225  27.246258    -1.4206  27.247122     6.2126     6.3214     0.0538    95.3528 1.0000e-12  -74.08992 -111.79944  27.947274      99.64 5.9632e+02    637.478      15300  1028.5604  1028.5594    34.0514    34.0504    8.37312         30 0.0000e+00
    243.000    240.345    -1.4179  27.252428    -1.4166  27.252322     6.2096     6.3166     0.0729    95.3312 1.0000e-12  -74.08992 -111.79944  27.947288      99.83 5.9707e+02    638.713      15330  1028.5671  1028.5657    34.0540    34.0524    8.37193         29 0.0000e+00
    244.000    241.333    -1.4122  27.260188    -1.4112  27.259645     6.2066     6.3028     0.0813    95.3395 1.0000e-12  -74.08992 -111.79944  27.947302      99.83 5.9749e+02    639.899      15359  1028.5745  1028.5730    34.0576    34.0557    8.37044         28 0.0000e+00
    245.000    242.322    -1.3999  27.274877    -1.3991  27.274058     6.2007     6.3008     0.0435    95.3598 1.0000e-12  -74.08992 -111.79944  27.947316      99.83 5.9658e+02    641.087      15387  1028.5831  1028.5814    34.0632    34.0611    8.36734         29 0.0000e+00
    246.000    243.310    -1.3886  27.287686    -1.3881  27.286747     6.1948     6.2984     0.0601    95.3839 1.0000e-12  -74.08992 -111.79944  27.947330      99.83 5.9648e+02    642.333      15417  1028.5907  1028.5891    34.0674    34.0654    8.36456         31 0.0000e+00
    247.000    244.298    -1.3874  27.289452    -1.3867  27.288837     6.1937     6.3000     0.0477    95.3551 1.0000e-12  -74.08992 -111.79944  27.947344      99.83 5.9718e+02    643.562      15446  1028.5959  1028.5945    34.0678    34.0661    8.36426         28 0.0000e+00
    248.000    245.288    -1.3873  27.289961    -1.3864  27.289639     6.1964     6.2988     0.0651    95.3292 1.0000e-12  -74.08992 -111.79944  27.947358      99.83 5.9623e+02    644.736      15475  1028.6008  1028.5995    34.0677    34.0662    8.36424         28 0.0000e+00
    249.000    246.276    -1.3870  27.290752    -1.3861  27.290303     6.1938     6.3056     0.0435    95.3642 1.0000e-12  -74.08992 -111.79944  27.947372      99.83 5.9650e+02    645.941      15504  1028.6058  1028.6045    34.0679    34.0662    8.36417         30 0.0000e+00
    250.000    247.263    -1.3869  27.291218    -1.3861  27.290775     6.1913     6.3006     0.0589    95.3801 1.0000e-12  -74.08992 -111.79944  27.947386      99.84 5.9713e+02    647.159      15533  1028.6107  1028.6094    34.0678    34.0663    8.36416         29 0.0000e+00
    251.000    248.253    -1.3867  27.292134    -1.3857  27.291791     6.1896     6.3001     0.0419    95.3836 1.0000e-12  -74.08992 -111.79944  27.947400      77.97 5.9541e+02    648.356      15562  1028.6158  1028.6144    34.0682    34.0665    8.36409         28 0.0000e+00
    252.000    249.240    -1.3854  27.293993    -1.3839  27.294043     6.1947     6.2967     0.0769    95.3781 1.0000e-12  -74.08992 -111.79944  27.947414      94.03 5.9483e+02    649.583      15591  1028.6209  1028.6196    34.0686    34.0670    8.36376         31 0.0000e+00
    253.000    250.229    -1.3842  27.295679    -1.3830  27.295439     6.1907     6.2992     0.0424    95.3916 1.0000e-12  -74.08992 -111.79944  27.947428      99.77 5.9626e+02    650.820      15621  1028.6259  1028.6246    34.0689    34.0673    8.36347         29 0.0000e+00
    254.000    251.218    -1.3834  27.296930    -1.3822  27.296801     6.1883     6.2891     0.0304    95.3965 1.0000e-12  -74.08992 -111.79944  27.947443      99.82 5.9547e+02    652.031      15650  1028.6309  1028.6296    34.0691    34.0676    8.36328         28 0.0000e+00
    255.000    252.206    -1.3820  27.298615    -1.3808  27.298520     6.1873     6.2969     0.1601    95.3856 1.0000e-12  -74.08992 -111.79944  27.947457      99.83 5.9319e+02    653.246      15679  1028.6358  1028.6346    34.0693    34.0678    8.36297         31 0.0000e+00
    256.000    253.195    -1.3820  27.299263    -1.3814  27.298665     6.1851     6.2986     0.0928    95.4183 1.0000e-12  -74.08992 -111.79944  27.947471      99.83 5.9578e+02    654.467      15708  1028.6409  1028.6396    34.0695    34.0680    8.36295         29 0.0000e+00
    257.000    254.184    -1.3822  27.299676    -1.3814  27.299193     6.1890     6.3012     0.0364    95.3951 1.0000e-12  -74.08992 -111.79944  27.947485      99.84 5.9523e+02    655.666      15737  1028.6458  1028.6445    34.0696    34.0681    8.36298         28 0.0000e+00
    258.000    255.171    -1.3821  27.300130    -1.3812  27.299751     6.2009     6.3062     0.0373    95.3992 1.0000e-12  -74.08992 -111.79944  27.947498      99.83 5.9246e+02    656.853      15765  1028.6506  1028.6493    34.0696    34.0681    8.36297         28 0.0000e+00
    259.000    256.161    -1.3859  27.297608    -1.3853  27.297160     6.2097     6.3067     0.0517    95.3943 1.0000e-12  -74.08992 -111.79943  27.947512      99.83 5.9495e+02    658.047      15794  1028.6558  1028.6548    34.0698    34.0685    8.36381         29 0.0000e+00
    260.000    257.148    -1.3898  27.295305    -1.3885  27.295172     6.2201     6.3144     0.0445    95.4143 1.0000e-12  -74.08992 -111.79944  27.947526      99.83 5.9376e+02    659.248      15823  1028.6614  1028.6600    34.0705    34.0689    8.36464         28 0.0000e+00
    261.000    258.137    -1.3923  27.294508    -1.3915  27.294062     6.2207     6.3244     0.0356    95.4014 1.0000e-12  -74.08992 -111.79942  27.947540      99.83 5.9201e+02    660.426      15851  1028.6673  1028.6660    34.0716    34.0701    8.36514         29 0.0000e+00
    262.000    259.125    -1.3928  27.295137    -1.3919  27.294705     6.2254     6.3292     0.0304    95.3983 1.0000e-12  -74.08992 -111.79943  27.947553      91.73 5.9385e+02    661.609      15880  1028.6728  1028.6714    34.0724    34.0708    8.36521         28 0.0000e+00
    263.000    260.113    -1.3941  27.295145    -1.3931  27.294942     6.2275     6.3245     0.0366    95.3983 1.0000e-12  -74.08992 -111.79943  27.947567      98.23 5.9333e+02    662.792      15908  1028.6782  1028.6771    34.0732    34.0718    8.36543         28 0.0000e+00
    264.000    261.102    -1.3949  27.296257    -1.3938  27.295807     6.2243     6.3332     0.0289    95.3970 1.0000e-12  -74.08992 -111.79943  27.947581      99.83 5.9221e+02    663.954      15936  1028.6846  1028.6830    34.0751    34.0732    8.36551         29 0.0000e+00
    265.000    262.091    -1.3866  27.305750    -1.3856  27.305121     6.2202     6.3237     0.0177    95.4146 1.0000e-12  -74.08992 -111.79944  27.947594      99.84 5.9311e+02    665.151      15965  1028.6913  1028.6896    34.0781    34.0761    8.36348         29 0.0000e+00
    266.000    263.080    -1.3812  27.311836    -1.3803  27.311221     6.2103     6.3206     0.0216    95.4211 1.0000e-12  -74.08992 -111.79942  27.947609      99.83 5.9238e+02    666.390      15994  1028.6970  1028.6953    34.0797    34.0778    8.36217         29 0.0000e+00
    267.000    264.067    -1.3761  27.317516    -1.3752  27.317040     6.2050     6.3149     0.0821    95.4344 1.0000e-12  -74.08992 -111.79943  27.947623      99.83 5.9160e+02    667.586      16023  1028.7026  1028.7011    34.0811    34.0794    8.36094         29 0.0000e+00
    268.000    265.057    -1.3716  27.322591    -1.3700  27.322641     6.1979     6.3061     0.0596    95.4212 1.0000e-12  -74.08992 -111.79943  27.947636      99.83 5.9232e+02    668.771      16051  1028.7081  1028.7066    34.0823    34.0806    8.35986         29 0.0000e+00
    269.000    266.043    -1.3646  27.330126    -1.3633  27.329832     6.1937     6.3093     0.0365    95.4626 1.0000e-12  -74.08992 -111.79943  27.947650      99.83 5.9233e+02    669.997      16081  1028.7139  1028.7123    34.0841    34.0822    8.35818         29 0.0000e+00
    270.000    267.033    -1.3597  27.335462    -1.3585  27.335142     6.1926     6.3044     0.0378    95.4302 1.0000e-12  -74.08992 -111.79944  27.947665      99.84 5.9085e+02    671.229      16110  1028.7194  1028.7179    34.0852    34.0834    8.35701         29 0.0000e+00
    271.000    268.020    -1.3564  27.339495    -1.3550  27.339270     6.1856     6.2946     0.0365    95.4762 1.0000e-12  -74.08992 -111.79942  27.947678      99.83 5.9099e+02    672.420      16139  1028.7249  1028.7233    34.0863    34.0844    8.35620         29 0.0000e+00
    272.000    269.009    -1.3477  27.348948    -1.3464  27.348439     6.1806     6.2887     0.0386    95.4260 1.0000e-12  -74.08992 -111.79944  27.947692      99.84 5.9227e+02    673.602      16167  1028.7312  1028.7295    34.0888    34.0867    8.35412         28 0.0000e+00
    273.000    269.997    -1.3342  27.364383    -1.3329  27.363876     6.1806     6.2871     0.0423    95.3806 1.0000e-12  -74.08992 -111.79944  27.947706      89.37 5.9134e+02    674.807      16196  1028.7395  1028.7376    34.0941    34.0918    8.35079         30 0.0000e+00
    274.000    270.986    -1.3271  27.372577    -1.3261  27.372141     6.1804     6.2838     0.0370    95.4477 1.0000e-12  -74.08992 -111.79944  27.947720      93.53 5.9013e+02    676.016      16225  1028.7460  1028.7445    34.0966    34.0948    8.34905         28 0.0000e+00
    275.000    271.974    -1.3258  27.375166    -1.3257  27.374211     6.1862     6.2886     0.0334    95.4485 1.0000e-12  -74.08992 -111.79944  27.947734      99.88 5.9179e+02    677.215      16254  1028.7521  1028.7508    34.0981    34.0966    8.34867         29 0.0000e+00
    276.000    272.962    -1.3335  27.369477    -1.3324  27.369429     6.2117     6.3147     0.0291    95.4397 1.0000e-12  -74.08992 -111.79944  27.947748      99.83 5.9082e+02    678.403      16283  1028.7577  1028.7567    34.0984    34.0971    8.35036         28 0.0000e+00
    277.000    273.951    -1.3502  27.355706    -1.3498  27.355512     6.2393     6.3401     0.0289    95.4498 1.0000e-12  -74.08992 -111.79944  27.947761      99.83 5.8900e+02    679.559      16310  1028.7633  1028.7627    34.0979    34.0972    8.35415         28 0.0000e+00
    278.000    274.939    -1.3783  27.332867    -1.3779  27.332490     6.2632     6.3608     0.0201    95.4379 1.0000e-12  -74.08992 -111.79944  27.947775      99.84 5.9112e+02    680.723      16338  1028.7699  1028.7691    34.0978    34.0968    8.36043         28 0.0000e+00
    279.000    275.926    -1.3880  27.325301    -1.3864  27.325754     6.2738     6.3723     0.0250    95.4900 1.0000e-12  -74.08992 -111.79944  27.947789      99.83 5.9081e+02    681.933      16367  1028.7753  1028.7742    34.0979    34.0966    8.36261         30 0.0000e+00
    280.000    276.916    -1.3960  27.319797    -1.3953  27.319439     6.2772     6.3796     0.0229    95.5101 1.0000e-12  -74.08992 -111.79944  27.947803      99.52 5.8862e+02    683.172      16397  1028.7812  1028.7801    34.0988    34.0975    8.36435         29 0.0000e+00
    281.000    277.905    -1.3995  27.318032    -1.3984  27.317784     6.2753     6.3762     0.0201    95.4817 1.0000e-12  -74.08992 -111.79944  27.947819      99.03 5.9024e+02    684.538      16430  1028.7868  1028.7855    34.0997    34.0982    8.36507         33 0.0000e+00
    282.000    278.892    -1.3969  27.321333    -1.3959  27.320903     6.2660     6.3690     0.0118    95.5706 1.0000e-12  -74.08992 -111.79944  27.947834      98.88 5.8972e+02    685.827      16461  1028.7920  1028.7906    34.1007    34.0989    8.36444         29 0.0000e+00
    283.000    279.881    -1.3935  27.325094    -1.3924  27.324695     6.2668     6.3664     0.0101    95.6406 1.0000e-12  -74.08992 -111.79944  27.947848      98.46 5.8825e+02    687.036      16490  1028.7970  1028.7955    34.1014    34.0996    8.36363         30 0.0000e+00
    284.000    280.868    -1.3900  27.328818    -1.3891  27.328481     6.2567     6.3636     0.0054    95.6516 1.0000e-12  -74.08992 -111.79944  27.947863      97.34 5.8997e+02    688.367      16522  1028.8019  1028.8006    34.1019    34.1003    8.36282         33 0.0000e+00
    285.000    281.857    -1.3873  27.332125    -1.3861  27.331848     6.2481     6.3574     0.0051    95.6646 1.0000e-12  -74.08992 -111.79944  27.947878      95.87 5.8952e+02    689.703      16554  1028.8072  1028.8057    34.1027    34.1010    8.36216         29 0.0000e+00
    286.000    282.844    -1.3817  27.338018    -1.3807  27.337636     6.2388     6.3472     0.0132    95.6839 1.0000e-12  -74.08992 -111.79944  27.947892      95.02 5.8882e+02    690.876      16582  1028.8124  1028.8110    34.1038    34.1022    8.36084         30 0.0000e+00
    287.000    283.835    -1.3777  27.342828    -1.3764  27.342446     6.2310     6.3371     0.0075    95.7061 1.0000e-12  -74.08992 -111.79944  27.947906      93.89 5.8961e+02    692.090      16611  1028.8181  1028.8165    34.1052    34.1033    8.35985         28 0.0000e+00
    288.000    284.823    -1.3704  27.350171    -1.3694  27.349748     6.2175     6.3276     0.0133    95.7363 1.0000e-12  -74.08992 -111.79944  27.947920      93.09 5.8917e+02    693.293      16640  1028.8234  1028.8219    34.1065    34.1047    8.35816         29 0.0000e+00
    289.000    285.809    -1.3580  27.362852    -1.3567  27.362274     6.2040     6.3172     0.0069    95.7404 1.0000e-12  -74.08992 -111.79944  27.947934      92.05 5.8811e+02    694.480      16669  1028.8295  1028.8276    34.1091    34.1069    8.35522         28 0.0000e+00
    290.000    286.800    -1.3441  27.377117    -1.3417  27.377510     6.1852     6.2949     0.0069    95.7416 1.0000e-12  -74.08992 -111.79944  27.947948      90.94 5.8819e+02    695.671      16697  1028.8360  1028.8341    34.1123    34.1101    8.35192         29 0.0000e+00
    291.000    287.787    -1.3297  27.391289    -1.3279  27.390971     6.1648     6.2784     0.0006    95.7357 1.0000e-12  -74.08992 -111.79944  27.947962      90.29 5.8933e+02    696.897      16727  1028.8419  1028.8397    34.1147    34.1122    8.34855         30 0.0000e+00
    292.000    288.776    -1.3082  27.411649    -1.3067  27.411642     6.1585     6.2619     0.0038    95.7640 1.0000e-12  -74.08992 -111.79944  27.947976      89.24 5.8781e+02    698.144      16756  1028.8478  1028.8462    34.1176    34.1158    8.34358         30 0.0000e+00
