ocean_section_plots/required_files/ctd/dnbp2202_ctd189.cnv
* Sea-Bird SBE 9 Data File:
* FileName = D:\Data\raw\NBP2202_CTD189.hex
* Software Version Seasave V 7.26.7.121
* Temperature SN = 1649
* Conductivity SN = 2513
* Number of Bytes Per Scan = 40
* Number of Voltage Words = 5
* Number of Scans Averaged by the Deck Unit = 1
* NMEA Latitude = 74 10.40 S
* NMEA Longitude = 113 19.86 W
* NMEA UTC (Time) = Feb 07 2022  09:05:15
* NMEA baud rate = 9600
** Ship: RVIB N.B. Palmer
** Cruise: NBP2202 Thwaites
** Station: 110
** Operator: B Bjork
# nquan = 28
# nvalues = 651                         
# units = specified
# name 0 = prDM: Pressure, Digiquartz [db]
# name 1 = depSM: Depth [salt water, m]
# name 2 = t090C: Temperature [ITS-90, deg C]
# name 3 = c0mS/cm: Conductivity [mS/cm]
# name 4 = t190C: Temperature, 2 [ITS-90, deg C]
# name 5 = c1mS/cm: Conductivity, 2 [mS/cm]
# name 6 = sbeox0ML/L: Oxygen, SBE 43 [ml/l]
# name 7 = sbeox1ML/L: Oxygen, SBE 43, 2 [ml/l]
# name 8 = flECO-AFL: Fluorescence, WET Labs ECO-AFL/FL [mg/m^3]
# name 9 = CStarTr0: Beam Transmission, WET Labs C-Star [%]
# name 10 = par: PAR/Irradiance, Biospherical/Licor
# name 11 = latitude: Latitude [deg]
# name 12 = longitude: Longitude [deg]
# name 13 = timeJ: Julian Days
# name 14 = altM: Altimeter [m]
# name 15 = spar: SPAR, Biospherical/Licor
# name 16 = timeS: Time, Elapsed [seconds]
# name 17 = scan: Scan Count
# name 18 = density00: Density [density, kg/m^3]
# name 19 = density11: Density, 2 [density, kg/m^3]
# name 20 = v3: Voltage 3
# name 21 = v4: Voltage 4
# name 22 = v5: Voltage 5
# name 23 = sal00: Salinity, Practical [PSU]
# name 24 = sal11: Salinity, Practical, 2 [PSU]
# name 25 = oxsolML/L: Oxygen Saturation, Garcia & Gordon [ml/l]
# name 26 = nbin: number of scans per bin
# name 27 = flag: flag
# span 0 =      2.000,    652.000       
# span 1 =      1.980,    644.238       
# span 2 =    -1.5453,     0.1448       
# span 3 =  26.910416,  29.006749       
# span 4 =    -1.5439,     0.1473       
# span 5 =  26.910925,  29.006941       
# span 6 =     4.6980,     8.8101       
# span 7 =     4.8066,     9.0670       
# span 8 =    -0.0215,    24.3678       
# span 9 =    75.0043,    98.3105       
# span 10 = -1.246e-05, 9.5620e+00      
# span 11 =  -74.17334,  -74.17334      
# span 12 = -113.33116, -113.33113      
# span 13 =  38.380984,  38.389644      
# span 14 =       8.45,     100.19      
# span 15 = 3.1732e+01, 3.8624e+01      
# span 16 =    202.020,    950.255      
# span 17 =       4849,      22807      
# span 18 =  1027.1670,  1030.7036      
# span 19 =  1027.1652,  1030.7015      
# span 20 =     3.5592,     4.6637      
# span 21 =     0.0628,     3.8143      
# span 22 =     0.1207,     0.2573      
# span 23 =    33.7725,    34.4063      
# span 24 =    33.7703,    34.4041      
# span 25 =    8.01322,    8.41322      
# span 26 =         20,         85      
# span 27 = 0.0000e+00, 0.0000e+00      
# interval = decibars: 1                
# start_time = Feb 07 2022 09:05:15 [NMEA time, header]
# bad_flag = -9.990e-29
*END*
[from data line 311]
    313.000    309.527    -0.5279  28.103343    -0.5267  28.101701     4.9329     5.0544    -0.0095    98.1362 1.0000e-12  -74.17334 -113.33114  38.385316      99.94 3.3495e+01    576.312      13832  1028.9462  1028.9433     4.6554     0.0695     0.1338    34.1607    34.1572    8.16982         24 0.0000e+00
    314.000    310.515    -0.5190  28.112942    -0.5173  28.112318     4.9372     5.0484    -0.0050    98.1415 1.0000e-12  -74.17334 -113.33114  38.385328      99.94 3.3495e+01    577.306      13856  1028.9522  1028.9498     4.6557     0.0695     0.1334    34.1630    34.1602    8.16778         24 0.0000e+00
    315.000    311.502    -0.5206  28.111563    -0.5192  28.110713     4.9364     5.0511    -0.0077    98.1341 1.0000e-12  -74.17334 -113.33114  38.385339      96.81 3.3495e+01    578.306      13880  1028.9566  1028.9544     4.6554     0.0693     0.1337    34.1623    34.1596    8.16815         24 0.0000e+00
    316.000    312.490    -0.5252  28.107206    -0.5247  28.105282     4.9317     5.0467    -0.0174    98.1326 1.0000e-12  -74.17334 -113.33114  38.385351      94.12 3.3495e+01    579.307      13904  1028.9608  1028.9582     4.6553     0.0668     0.1312    34.1610    34.1579    8.16921         23 0.0000e+00
    317.000    313.480    -0.5260  28.106516    -0.5248  28.105495     4.9307     5.0394    -0.0034    98.1253 1.0000e-12  -74.17334 -113.33114  38.385362      95.84 3.3495e+01    580.296      13928  1028.9652  1028.9630     4.6549     0.0699     0.1318    34.1604    34.1577    8.16943         24 0.0000e+00
    318.000    314.466    -0.5232  28.110196    -0.5214  28.109443     4.9256     5.0454    -0.0131    98.1116 1.0000e-12  -74.17334 -113.33114  38.385374      99.99 3.3495e+01    581.303      13952  1028.9707  1028.9682     4.6543     0.0687     0.1323    34.1616    34.1585    8.16875         25 0.0000e+00
    319.000    315.455    -0.5226  28.110880    -0.5219  28.109386     4.9211     5.0925    -0.0041    98.1201 1.0000e-12  -74.17334 -113.33114  38.385385      99.94 3.3495e+01    582.312      13976  1028.9752  1028.9729     4.6547     0.0705     0.1320    34.1613    34.1585    8.16865         24 0.0000e+00
    320.000    316.443    -0.5214  28.112915    -0.5208  28.111075     4.9210     5.0678    -0.0186    98.0989 1.0000e-12  -74.17334 -113.33114  38.385397      99.94 3.3495e+01    583.303      14000  1028.9805  1028.9779     4.6537     0.0700     0.1333    34.1620    34.1588    8.16835         24 0.0000e+00
    321.000    317.432    -0.5107  28.124852    -0.5062  28.126895     4.9165     4.9875    -0.0075    98.1179 1.0000e-12  -74.17334 -113.33114  38.385409      99.94 3.3495e+01    584.309      14024  1028.9872  1028.9849     4.6546     0.0696     0.1325    34.1654    34.1630    8.16585         24 0.0000e+00
    322.000    318.420    -0.4996  28.136774    -0.4979  28.136060     4.9144     5.0292     0.0009    98.1201 1.0000e-12  -74.17334 -113.33114  38.385420      99.95 3.3495e+01    585.321      14049  1028.9935  1028.9910     4.6547     0.0692     0.1328    34.1683    34.1654    8.16328         24 0.0000e+00
    323.000    319.407    -0.4982  28.138646    -0.4964  28.138274     4.9110     5.0257    -0.0062    98.1298 1.0000e-12  -74.17334 -113.33114  38.385432      99.94 3.3495e+01    586.319      14073  1028.9985  1028.9963     4.6551     0.0695     0.1355    34.1686    34.1661    8.16297         24 0.0000e+00
    324.000    320.396    -0.4957  28.141768    -0.4946  28.140344     4.9066     5.0214    -0.0131    98.1308 1.0000e-12  -74.17334 -113.33114  38.385443      99.94 3.3495e+01    587.308      14096  1029.0038  1029.0012     4.6552     0.0704     0.1343    34.1694    34.1663    8.16238         24 0.0000e+00
    325.000    321.384    -0.4905  28.147455    -0.4884  28.147097     4.9070     5.0208    -0.0141    98.1266 1.0000e-12  -74.17334 -113.33114  38.385455      99.94 3.3495e+01    588.308      14120  1029.0091  1029.0067     4.6550     0.0696     0.1328    34.1706    34.1677    8.16120         24 0.0000e+00
    326.000    322.373    -0.4852  28.154010    -0.4834  28.153280     4.9012     5.0260    -0.0107    98.1308 1.0000e-12  -74.17334 -113.33114  38.385467      99.94 3.3495e+01    589.311      14144  1029.0154  1029.0128     4.6552     0.0696     0.1334    34.1728    34.1698    8.15993         24 0.0000e+00
    327.000    323.359    -0.4837  28.156043    -0.4817  28.155790     4.9105     5.0164    -0.0068    98.1211 1.0000e-12  -74.17334 -113.33114  38.385478      99.94 3.3495e+01    590.321      14169  1029.0204  1029.0182     4.6547     0.0696     0.1333    34.1732    34.1707    8.15958         24 0.0000e+00
    328.000    324.349    -0.4798  28.161369    -0.4782  28.160313     4.9098     5.0205    -0.0138    98.1233 1.0000e-12  -74.17334 -113.33114  38.385490      99.94 3.3495e+01    591.315      14193  1029.0267  1029.0240     4.6549     0.0696     0.1338    34.1754    34.1721    8.15862         24 0.0000e+00
    329.000    325.335    -0.4716  28.171074    -0.4695  28.170591     4.9049     5.0258    -0.0138    98.1107 1.0000e-12  -74.17334 -113.33114  38.385501      86.65 3.3495e+01    592.295      14216  1029.0334  1029.0309     4.6542     0.0686     0.1338    34.1785    34.1756    8.15667         24 0.0000e+00
    330.000    326.324    -0.4695  28.173634    -0.4680  28.172926     4.9051     5.0236    -0.0131    98.1047 1.0000e-12  -74.17334 -113.33114  38.385513      90.34 3.3495e+01    593.282      14240  1029.0385  1029.0363     4.6539     0.0691     0.1354    34.1791    34.1764    8.15620         23 0.0000e+00
    331.000    327.311    -0.4696  28.174233    -0.4678  28.173690     4.9011     5.0212    -0.0138    98.0862 1.0000e-12  -74.17334 -113.33114  38.385524      99.79 3.3495e+01    594.277      14264  1029.0436  1029.0413     4.6531     0.0696     0.1317    34.1794    34.1766    8.15620         25 0.0000e+00
    332.000    328.301    -0.4681  28.176384    -0.4662  28.175943     4.9083     5.0219    -0.0051    98.0975 1.0000e-12  -74.17334 -113.33114  38.385535      99.94 3.3495e+01    595.259      14287  1029.0488  1029.0465     4.6536     0.0696     0.1322    34.1799    34.1772    8.15584         23 0.0000e+00
    333.000    329.288    -0.4670  28.178234    -0.4645  28.178372     4.9042     5.0196    -0.0053    98.1071 1.0000e-12  -74.17334 -113.33114  38.385547      99.94 3.3495e+01    596.257      14311  1029.0541  1029.0518     4.6541     0.0702     0.1331    34.1805    34.1780    8.15556         24 0.0000e+00
    334.000    330.277    -0.4635  28.182930    -0.4615  28.182357     4.9025     5.0163    -0.0152    98.1041 1.0000e-12  -74.17334 -113.33114  38.385558      99.94 3.3495e+01    597.254      14335  1029.0601  1029.0575     4.6539     0.0700     0.1346    34.1824    34.1793    8.15472         24 0.0000e+00
    335.000    331.264    -0.4592  28.187789    -0.4574  28.187305     4.8988     5.0202    -0.0210    98.0991 1.0000e-12  -74.17334 -113.33114  38.385570      99.94 3.3495e+01    598.239      14359  1029.0654  1029.0632     4.6537     0.0708     0.1322    34.1835    34.1808    8.15374         23 0.0000e+00
    336.000    332.253    -0.4536  28.194584    -0.4516  28.194063     4.9030     5.0172    -0.0135    98.1180 1.0000e-12  -74.17334 -113.33114  38.385581      99.94 3.3495e+01    599.231      14383  1029.0715  1029.0691     4.6546     0.0687     0.1333    34.1856    34.1827    8.15240         24 0.0000e+00
    337.000    333.240    -0.4528  28.195890    -0.4508  28.195525     4.9026     5.0169    -0.0074    98.1169 1.0000e-12  -74.17334 -113.33114  38.385593      99.94 3.3495e+01    600.234      14407  1029.0765  1029.0742     4.6545     0.0702     0.1329    34.1858    34.1831    8.15221         24 0.0000e+00
    338.000    334.228    -0.4508  28.198529    -0.4488  28.198175     4.8993     5.0129    -0.0112    98.1045 1.0000e-12  -74.17334 -113.33116  38.385604      99.94 3.3495e+01    601.220      14430  1029.0818  1029.0794     4.6539     0.0701     0.1342    34.1866    34.1838    8.15175         23 0.0000e+00
    339.000    335.217    -0.4461  28.204072    -0.4441  28.203644     4.8933     5.0049    -0.0057    98.0932 1.0000e-12  -74.17334 -113.33114  38.385616      99.94 3.3495e+01    602.205      14454  1029.0875  1029.0851     4.6533     0.0687     0.1335    34.1881    34.1853    8.15065         25 0.0000e+00
    340.000    336.205    -0.4418  28.209339    -0.4391  28.209497     4.8849     5.0074    -0.0215    98.0848 1.0000e-12  -74.17334 -113.33116  38.385627      99.94 3.3495e+01    603.213      14478  1029.0932  1029.0907     4.6530     0.0699     0.1328    34.1897    34.1869    8.14963         24 0.0000e+00
    341.000    337.193    -0.4281  28.224898    -0.4261  28.224149     4.8837     5.0049    -0.0199    98.0944 1.0000e-12  -74.17334 -113.33114  38.385639      99.94 3.3495e+01    604.227      14502  1029.1008  1029.0981     4.6534     0.0699     0.1329    34.1945    34.1913    8.14641         24 0.0000e+00
    342.000    338.180    -0.4201  28.233944    -0.4182  28.233257     4.8863     4.9947    -0.0206    98.0987 1.0000e-12  -74.17334 -113.33116  38.385651      99.94 3.3495e+01    605.234      14527  1029.1070  1029.1045     4.6536     0.0697     0.1363    34.1971    34.1940    8.14456         24 0.0000e+00
    343.000    339.169    -0.4168  28.237995    -0.4146  28.237803     4.8853     4.9950    -0.0142    98.0993 1.0000e-12  -74.17334 -113.33116  38.385663      99.94 3.3495e+01    606.247      14551  1029.1126  1029.1102     4.6537     0.0698     0.1328    34.1982    34.1954    8.14379         25 0.0000e+00
    344.000    340.156    -0.4105  28.245395    -0.4084  28.245083     4.8767     4.9941    -0.0069    98.0859 1.0000e-12  -74.17334 -113.33116  38.385674      99.94 3.3495e+01    607.260      14575  1029.1187  1029.1163     4.6530     0.0703     0.1339    34.2004    34.1976    8.14230         24 0.0000e+00
    345.000    341.146    -0.4083  28.248249    -0.4061  28.247962     4.8719     4.9937    -0.0098    98.0719 1.0000e-12  -74.17334 -113.33114  38.385686      99.94 3.3495e+01    608.265      14599  1029.1240  1029.1216     4.6523     0.0701     0.1343    34.2011    34.1983    8.14180         24 0.0000e+00
    346.000    342.132    -0.4066  28.250567    -0.4046  28.250058     4.8757     4.9878    -0.0187    98.0783 1.0000e-12  -74.17334 -113.33114  38.385698      99.94 3.3495e+01    609.273      14624  1029.1292  1029.1267     4.6527     0.0688     0.1366    34.2017    34.1988    8.14139         24 0.0000e+00
    347.000    343.121    -0.4030  28.254823    -0.4008  28.254574     4.8701     4.9903    -0.0199    98.0675 1.0000e-12  -74.17334 -113.33114  38.385709      99.94 3.3495e+01    610.273      14648  1029.1346  1029.1323     4.6521     0.0704     0.1350    34.2028    34.2000    8.14056         24 0.0000e+00
    348.000    344.109    -0.3994  28.259001    -0.3971  28.259028     4.8679     4.9879    -0.0151    98.0612 1.0000e-12  -74.17334 -113.33114  38.385721      99.94 3.3495e+01    611.258      14671  1029.1399  1029.1377     4.6519     0.0692     0.1362    34.2037    34.2011    8.13974         24 0.0000e+00
    349.000    345.097    -0.3974  28.261631    -0.3948  28.261762     4.8726     4.9836    -0.0090    98.0498 1.0000e-12  -74.17334 -113.33114  38.385732      99.94 3.3495e+01    612.248      14695  1029.1451  1029.1428     4.6513     0.0684     0.1367    34.2044    34.2016    8.13927         23 0.0000e+00
    350.000    346.086    -0.3965  28.262941    -0.3943  28.262770     4.8678     4.9896    -0.0204    98.0471 1.0000e-12  -74.17334 -113.33114  38.385744      99.94 3.3495e+01    613.240      14719  1029.1500  1029.1478     4.6512     0.0711     0.1355    34.2045    34.2018    8.13907         24 0.0000e+00
    351.000    347.072    -0.3956  28.264282    -0.3935  28.264064     4.8696     4.9844    -0.0144    98.0429 1.0000e-12  -74.17334 -113.33114  38.385755      99.94 3.3495e+01    614.229      14743  1029.1549  1029.1527     4.6510     0.0706     0.1333    34.2047    34.2021    8.13886         24 0.0000e+00
    352.000    348.061    -0.3941  28.266210    -0.3923  28.265764     4.8704     4.9828    -0.0129    98.0407 1.0000e-12  -74.17334 -113.33114  38.385766      99.94 3.3495e+01    615.224      14766  1029.1599  1029.1577     4.6509     0.0696     0.1349    34.2050    34.2024    8.13853         24 0.0000e+00
    353.000    349.049    -0.3916  28.269486    -0.3900  28.268667     4.8638     4.9778    -0.0141    98.0341 1.0000e-12  -74.17334 -113.33114  38.385778      99.94 3.3495e+01    616.213      14790  1029.1653  1029.1629     4.6506     0.0687     0.1351    34.2060    34.2031    8.13794         23 0.0000e+00
    354.000    350.037    -0.3894  28.272323    -0.3880  28.271248     4.8639     4.9761    -0.0070    98.0451 1.0000e-12  -74.17334 -113.33114  38.385789      99.94 3.3495e+01    617.197      14814  1029.1705  1029.1681     4.6511     0.0687     0.1360    34.2067    34.2037    8.13742         24 0.0000e+00
    355.000    351.024    -0.3841  28.278305    -0.3817  28.278378     4.8596     4.9735    -0.0108    98.0526 1.0000e-12  -74.17334 -113.33114  38.385801      76.03 3.3495e+01    618.204      14838  1029.1761  1029.1738     4.6515     0.0681     0.1361    34.2082    34.2055    8.13621         24 0.0000e+00
    356.000    352.012    -0.3772  28.286391    -0.3744  28.286712     4.8530     4.9675    -0.0077    98.0384 1.0000e-12  -74.17334 -113.33114  38.385813      90.68 3.3495e+01    619.219      14862  1029.1823  1029.1800     4.6508     0.0670     0.1355    34.2106    34.2079    8.13460         25 0.0000e+00
    357.000    353.001    -0.3695  28.295190    -0.3671  28.295175     4.8462     4.9608    -0.0101    98.0183 1.0000e-12  -74.17334 -113.33114  38.385824      99.85 3.3495e+01    620.226      14886  1029.1885  1029.1862     4.6498     0.0699     0.1335    34.2131    34.2104    8.13280         24 0.0000e+00
    358.000    353.988    -0.3616  28.304297    -0.3592  28.304337     4.8419     4.9588    -0.0129    98.0235 1.0000e-12  -74.17334 -113.33114  38.385836      99.94 3.3495e+01    621.226      14910  1029.1948  1029.1926     4.6501     0.0699     0.1367    34.2158    34.2132    8.13095         24 0.0000e+00
    359.000    354.978    -0.3572  28.309673    -0.3548  28.309599     4.8423     4.9570    -0.0132    98.0161 1.0000e-12  -74.17334 -113.33114  38.385847      99.94 3.3495e+01    622.223      14934  1029.2006  1029.1983     4.6497     0.0712     0.1347    34.2174    34.2147    8.12992         24 0.0000e+00
    360.000    355.965    -0.3520  28.315804    -0.3496  28.315716     4.8420     4.9567    -0.0129    98.0118 1.0000e-12  -74.17334 -113.33114  38.385859      99.94 3.3495e+01    623.224      14958  1029.2066  1029.2041     4.6495     0.0802     0.1359    34.2192    34.2164    8.12871         24 0.0000e+00
    361.000    356.952    -0.3431  28.326503    -0.3406  28.326390     4.8347     4.9478    -0.0123    98.0096 1.0000e-12  -74.17334 -113.33114  38.385871      99.94 3.3495e+01    624.224      14982  1029.2136  1029.2111     4.6495     0.0688     0.1361    34.2229    34.2199    8.12660         24 0.0000e+00
    362.000    357.940    -0.3316  28.339837    -0.3292  28.339549     4.8334     4.9447    -0.0141    98.0043 1.0000e-12  -74.17334 -113.33116  38.385882      99.94 3.3495e+01    625.220      15006  1029.2210  1029.2184     4.6492     0.0703     0.1363    34.2272    34.2241    8.12390         24 0.0000e+00
    363.000    358.928    -0.3259  28.346495    -0.3237  28.346105     4.8303     4.9465    -0.0194    97.9807 1.0000e-12  -74.17334 -113.33114  38.385893      99.94 3.3495e+01    626.194      15030  1029.2269  1029.2244     4.6481     0.0699     0.1354    34.2290    34.2261    8.12257         23 0.0000e+00
