ocean_section_plots/required_files/ctd/dnbp2202_ctd197.cnv
* Sea-Bird SBE 9 Data File:
* FileName = D:\Data\raw\NBP2202_CTD197.hex
* Software Version Seasave V 7.26.7.121
* Temperature SN = 1649
* Conductivity SN = 2513
* Number of Bytes Per Scan = 40
* Number of Voltage Words = 5
* Number of Scans Averaged by the Deck Unit = 1
* NMEA Latitude = 73 57.30 S
* NMEA Longitude = 113 18.77 W
* NMEA UTC (Time) = Feb 08 2022  14:33:16
* NMEA baud rate = 9600
** Ship: RVIB N.B. Palmer
** Cruise: NBP2202 Thwaites
** Station: 116
** Operator: B. Bjork
# nquan = 28
# nvalues = 307                         
# units = specified
# name 0 = prDM: Pressure, Digiquartz [db]
# name 1 = depSM: Depth [salt water, m]
# name 2 = t090C: Temperature [ITS-90, deg C]
# name 3 = c0mS/cm: Conductivity [mS/cm]
# name 4 = t190C: Temperature, 2 [ITS-90, deg C]
# name 5 = c1mS/cm: Conductivity, 2 [mS/cm]
# name 6 = sbeox0ML/L: Oxygen, SBE 43 [ml/l]
# name 7 = sbeox1ML/L: Oxygen, SBE 43, 2 [ml/l]
# name 8 = flECO-AFL: Fluorescence, WET Labs ECO-AFL/FL [mg/m^3]
# name 9 = CStarTr0: Beam Transmission, WET Labs C-Star [%]
# name 10 = par: PAR/Irradiance, Biospherical/Licor
# name 11 = latitude: Latitude [deg]
# name 12 = longitude: Longitude [deg]
# name 13 = timeJ: Julian Days
# name 14 = altM: Altimeter [m]
# name 15 = spar: SPAR, Biospherical/Licor
# name 16 = timeS: Time, Elapsed [seconds]
# name 17 = scan: Scan Count
# name 18 = density00: Density [density, kg/m^3]
# name 19 = density11: Density, 2 [density, kg/m^3]
# name 20 = v3: Voltage 3
# name 21 = v4: Voltage 4
# name 22 = v5: Voltage 5
# name 23 = sal00: Salinity, Practical [PSU]
# name 24 = sal11: Salinity, Practical, 2 [PSU]
# name 25 = oxsolML/L: Oxygen Saturation, Garcia & Gordon [ml/l]
# name 26 = nbin: number of scans per bin
# name 27 = flag: flag
# span 0 =      2.000,    308.000       
# span 1 =      1.946,    304.589       
# span 2 =    -1.5553,    -0.4111       
# span 3 =  27.059538,  28.230161       
# span 4 =    -1.5555,    -0.4097       
# span 5 =  27.059459,  28.229727       
# span 6 =     4.9193,     8.9221       
# span 7 =     5.1015,     9.2646       
# span 8 =    -0.0055,    26.6030       
# span 9 =    74.5318,    98.2791       
# span 10 = -3.316e-05, 4.6192e+01      
# span 11 =  -73.95504,  -73.95504      
# span 12 = -113.31302, -113.31296      
# span 13 =  39.608676,  39.614102      
# span 14 =       1.82,     100.09      
# span 15 = 1.1167e+02, 1.2332e+02      
# span 16 =    193.590,    662.431      
# span 17 =       4647,      15899      
# span 18 =  1027.1482,  1028.9504      
# span 19 =  1027.1521,  1028.9486      
# span 20 =     3.5366,     4.6622      
# span 21 =     0.0670,     3.9320      
# span 22 =     0.1140,     0.2487      
# span 23 =    33.7561,    34.2025      
# span 24 =    33.7603,    34.2003      
# span 25 =    8.14233,    8.40694      
# span 26 =          1,         47      
# span 27 = 0.0000e+00, 0.0000e+00      
# interval = decibars: 1                
# start_time = Feb 08 2022 14:33:16 [NMEA time, header]
# bad_flag = -9.990e-29
*END*
[from data line 156]
    158.000    156.307    -1.4676  27.110242    -1.4676  27.110295     6.2371     6.4801     0.3533    98.0012 1.0000e-12  -73.95504 -113.31298  39.611527      99.64 1.1935e+02    439.939      10560  1028.0922  1028.0922     4.6490     0.1347     0.1209    33.9677    33.9677    8.38826         31 0.0000e+00
    159.000    157.296    -1.4673  27.110949    -1.4676  27.110850     6.2415     6.4826     0.4012    97.8290 1.0000e-12  -73.95504 -113.31298  39.611540      99.63 1.1881e+02    441.094      10587  1028.0969  1028.0970     4.6408     0.2032     0.1235    33.9677    33.9678    8.38818         25 0.0000e+00
    160.000    158.283    -1.4693  27.110135    -1.4695  27.109931     6.2482     6.4865     0.2646    97.8077 1.0000e-12  -73.95504 -113.31298  39.611552      99.63 1.1626e+02    442.133      10612  1028.1023  1028.1022     4.6399     0.2483     0.1208    33.9682    33.9681    8.38861         25 0.0000e+00
    161.000    159.276    -1.4701  27.109898    -1.4701  27.109835     6.2478     6.4877     0.3404    97.8300 1.0000e-12  -73.95504 -113.31298  39.611565      99.64 1.1938e+02    443.221      10638  1028.1071  1028.1070     4.6410     0.1921     0.1247    33.9681    33.9681    8.38878         26 0.0000e+00
    162.000    160.262    -1.4716  27.109297    -1.4717  27.109232     6.2521     6.4878     0.2849    98.0287 1.0000e-12  -73.95504 -113.31298  39.611579      99.63 1.1958e+02    444.425      10667  1028.1121  1028.1122     4.6502     0.1663     0.1222    33.9684    33.9684    8.38911         30 0.0000e+00
    163.000    161.251    -1.4717  27.109739    -1.4717  27.109608     6.2513     6.4913     0.3547    97.8817 1.0000e-12  -73.95504 -113.31298  39.611594      99.64 1.1705e+02    445.679      10697  1028.1170  1028.1169     4.6434     0.1146     0.1165    33.9685    33.9684    8.38913         29 0.0000e+00
    164.000    162.240    -1.4717  27.110296    -1.4718  27.110230     6.2588     6.4975     0.5155    97.9245 1.0000e-12  -73.95504 -113.31298  39.611607      99.64 1.2039e+02    446.881      10726  1028.1219  1028.1219     4.6454     0.1726     0.1215    33.9686    33.9687    8.38912         28 0.0000e+00
    165.000    163.228    -1.4717  27.110851    -1.4719  27.110634     6.2629     6.5057     0.5164    97.9729 1.0000e-12  -73.95504 -113.31298  39.611620      99.64 1.2008e+02    447.995      10753  1028.1268  1028.1268     4.6477     0.1567     0.1220    33.9688    33.9688    8.38911         26 0.0000e+00
    166.000    164.218    -1.4752  27.108847    -1.4748  27.109154     6.2713     6.5053     0.4842    98.0534 1.0000e-12  -73.95504 -113.31298  39.611633      99.64 1.1784e+02    449.091      10779  1028.1323  1028.1323     4.6515     0.1764     0.1185    33.9694    33.9694    8.38986         27 0.0000e+00
    167.000    165.207    -1.4775  27.107784    -1.4761  27.108707     6.2790     6.5099     0.3989    97.8400 1.0000e-12  -73.95504 -113.31298  39.611647      99.64 1.1971e+02    450.263      10807  1028.1377  1028.1373     4.6414     0.1329     0.1199    33.9699    33.9695    8.39035         29 0.0000e+00
    168.000    166.195    -1.4794  27.107016    -1.4795  27.106895     6.2917     6.5169     0.3799    98.0036 1.0000e-12  -73.95504 -113.31298  39.611661      99.64 1.2038e+02    451.483      10837  1028.1429  1028.1429     4.6492     0.1197     0.1219    33.9703    33.9703    8.39074         29 0.0000e+00
    169.000    167.185    -1.4802  27.106857    -1.4796  27.107259     6.3061     6.5309     0.4494    98.0618 1.0000e-12  -73.95504 -113.31298  39.611674      96.05 1.1943e+02    452.650      10865  1028.1478  1028.1477     4.6519     0.1216     0.1228    33.9704    33.9703    8.39092         28 0.0000e+00
    170.000    168.173    -1.4861  27.102856    -1.4858  27.103131     6.3204     6.5492     0.5195    97.9189 1.0000e-12  -73.95504 -113.31298  39.611687      99.60 1.1944e+02    453.799      10892  1028.1534  1028.1534     4.6451     0.1657     0.1182    33.9710    33.9710    8.39222         28 0.0000e+00
    171.000    169.162    -1.4919  27.099101    -1.4921  27.098897     6.3398     6.5697     0.4510    97.9833 1.0000e-12  -73.95504 -113.31298  39.611701      99.63 1.2054e+02    454.997      10921  1028.1591  1028.1591     4.6482     0.1707     0.1214    33.9718    33.9718    8.39348         29 0.0000e+00
    172.000    170.151    -1.4954  27.096864    -1.4959  27.096662     6.3681     6.5986     0.3142    97.9797 1.0000e-12  -73.95504 -113.31298  39.611715      99.64 1.1705e+02    456.184      10949  1028.1644  1028.1646     4.6480     0.1493     0.1213    33.9721    33.9723    8.39427         28 0.0000e+00
    173.000    171.140    -1.5087  27.087898    -1.5086  27.088293     6.3984     6.6271     0.4125    97.8195 1.0000e-12  -73.95504 -113.31298  39.611728      99.64 1.1785e+02    457.321      10977  1028.1716  1028.1719     4.6404     0.1181     0.1169    33.9742    33.9746    8.39713         26 0.0000e+00
    174.000    172.129    -1.5161  27.083465    -1.5159  27.083556     6.4112     6.6441     0.3700    98.0110 1.0000e-12  -73.95504 -113.31298  39.611741      99.63 1.2007e+02    458.391      11002  1028.1781  1028.1781     4.6494     0.1141     0.1195    33.9759    33.9758    8.39870         26 0.0000e+00
    175.000    173.117    -1.5232  27.079388    -1.5236  27.079150     6.4172     6.6490     0.4229    97.7981 1.0000e-12  -73.95504 -113.31298  39.611753      99.64 1.1770e+02    459.456      11028  1028.1847  1028.1848     4.6395     0.1118     0.1181    33.9777    33.9778    8.40019         25 0.0000e+00
    176.000    174.107    -1.5269  27.077155    -1.5284  27.076191     6.4138     6.6527     0.3206    97.7781 1.0000e-12  -73.95504 -113.31298  39.611765      99.64 1.1865e+02    460.520      11053  1028.1901  1028.1904     4.6384     0.1028     0.1183    33.9783    33.9786    8.40101         26 0.0000e+00
    177.000    175.094    -1.5282  27.076800    -1.5283  27.076748     6.4177     6.6516     1.0847    97.7026 1.0000e-12  -73.95504 -113.31298  39.611777      99.64 1.2226e+02    461.551      11078  1028.1951  1028.1951     4.6349     0.1570     0.1184    33.9786    33.9786    8.40128         24 0.0000e+00
    178.000    176.084    -1.5287  27.076955    -1.5288  27.076867     6.4188     6.6550     0.8874    97.6910 1.0000e-12  -73.95504 -113.31298  39.611788      99.64 1.2004e+02    462.518      11101  1028.2000  1028.1999     4.6343     0.1653     0.1182    33.9788    33.9788    8.40139         22 0.0000e+00
    179.000    177.073    -1.5281  27.077932    -1.5286  27.077506     6.4187     6.6591     0.3535    97.8225 1.0000e-12  -73.95504 -113.31296  39.611799      99.64 1.1869e+02    463.425      11123  1028.2047  1028.2046     4.6405     0.1367     0.1184    33.9788    33.9788    8.40124         22 0.0000e+00
    180.000    178.060    -1.5298  27.077155    -1.5298  27.077176     6.4184     6.6554     0.4629    98.0056 1.0000e-12  -73.95504 -113.31298  39.611809      98.30 1.2112e+02    464.328      11145  1028.2097  1028.2097     4.6492     0.1389     0.1167    33.9790    33.9791    8.40161         21 0.0000e+00
    181.000    179.051    -1.5313  27.076730    -1.5312  27.076643     6.4363     6.6749     0.3579    98.1719 1.0000e-12  -73.95504 -113.31298  39.611820      96.42 1.2054e+02    465.267      11167  1028.2149  1028.2147     4.6571     0.1052     0.1177    33.9795    33.9793    8.40192         24 0.0000e+00
    182.000    180.039    -1.5367  27.073147    -1.5372  27.073002     6.4431     6.6901     0.2697    98.1173 1.0000e-12  -73.95504 -113.31298  39.611832      99.62 1.1950e+02    466.243      11191  1028.2205  1028.2208     4.6546     0.1192     0.1192    33.9802    33.9805    8.40312         23 0.0000e+00
    183.000    181.029    -1.5502  27.065078    -1.5506  27.064926     6.4123     6.6568     0.4648    98.0943 1.0000e-12  -73.95504 -113.31298  39.611843      99.64 1.2128e+02    467.232      11215  1028.2289  1028.2291     4.6535     0.1386     0.1197    33.9837    33.9839    8.40594         24 0.0000e+00
    184.000    182.016    -1.5553  27.063303    -1.5555  27.063353     6.3752     6.6204     0.3170    97.7995 1.0000e-12  -73.95504 -113.31298  39.611854      99.64 1.2062e+02    468.221      11238  1028.2362  1028.2364     4.6394     0.1138     0.1188    33.9865    33.9867    8.40694         24 0.0000e+00
    185.000    183.006    -1.5275  27.092428    -1.5259  27.092391     6.3535     6.6011     0.2590    97.8924 1.0000e-12  -73.95504 -113.31298  39.611865      99.64 1.1758e+02    469.177      11261  1028.2454  1028.2439     4.6439     0.1292     0.1140    33.9944    33.9926    8.40018         22 0.0000e+00
    186.000    183.994    -1.5064  27.111113    -1.5067  27.110865     6.3429     6.5880     0.2273    97.8602 1.0000e-12  -73.95504 -113.31298  39.611876      99.65 1.2109e+02    470.086      11283  1028.2499  1028.2499     4.6423     0.1525     0.1195    33.9955    33.9955    8.39534         22 0.0000e+00
    187.000    184.983    -1.5065  27.114737    -1.5062  27.114456     6.3325     6.5793     0.1992    98.1113 1.0000e-12  -73.95504 -113.31298  39.611887      99.64 1.2171e+02    471.005      11305  1028.2584  1028.2578     4.6542     0.1715     0.1203    34.0000    33.9993    8.39510         22 0.0000e+00
    188.000    185.972    -1.4964  27.125096    -1.4963  27.124773     6.3268     6.5716     0.2713    97.9877 1.0000e-12  -73.95504 -113.31298  39.611898      99.64 1.1831e+02    471.946      11328  1028.2644  1028.2640     4.6485     0.1227     0.1184    34.0022    34.0017    8.39269         23 0.0000e+00
    189.000    186.959    -1.4942  27.128389    -1.4941  27.128233     6.3190     6.5625     0.2081    98.1686 1.0000e-12  -73.95504 -113.31298  39.611909      99.65 1.2045e+02    472.900      11351  1028.2703  1028.2700     4.6568     0.1175     0.1147    34.0037    34.0033    8.39211         23 0.0000e+00
    190.000    187.949    -1.4891  27.134698    -1.4889  27.134578     6.3163     6.5599     0.2581    98.0075 1.0000e-12  -73.95504 -113.31298  39.611920      99.64 1.2122e+02    473.918      11375  1028.2766  1028.2763     4.6494     0.1127     0.1169    34.0058    34.0054    8.39082         25 0.0000e+00
    191.000    188.938    -1.4862  27.138875    -1.4860  27.138695     6.3169     6.5569     0.4553    97.9597 1.0000e-12  -73.95504 -113.31298  39.611932      99.64 1.1883e+02    474.905      11399  1028.2829  1028.2825     4.6470     0.1106     0.1163    34.0077    34.0073    8.39006         23 0.0000e+00
    192.000    189.926    -1.4867  27.140264    -1.4867  27.140073     6.3208     6.5559     0.3249    98.0312 1.0000e-12  -73.95504 -113.31298  39.611943      99.64 1.2019e+02    475.850      11421  1028.2893  1028.2891     4.6505     0.1062     0.1184    34.0096    34.0093    8.39006         22 0.0000e+00
    193.000    190.916    -1.4877  27.140457    -1.4876  27.140371     6.3139     6.5544     0.1964    98.2791 1.0000e-12  -73.95504 -113.31298  39.611953      99.64 1.2162e+02    476.778      11444  1028.2949  1028.2947     4.6622     0.1287     0.1179    34.0104    34.0101    8.39024         23 0.0000e+00
    194.000    191.905    -1.4868  27.142161    -1.4867  27.141856     6.3107     6.5523     0.1744    97.9860 1.0000e-12  -73.95504 -113.31299  39.611964      99.58 1.2061e+02    477.714      11466  1028.3002  1028.2999     4.6483     0.1072     0.1144    34.0110    34.0106    8.38999         22 0.0000e+00
    195.000    192.894    -1.4850  27.144251    -1.4850  27.144038     6.3051     6.5499     0.2323    98.1848 1.0000e-12  -73.95504 -113.31299  39.611975      99.33 1.1959e+02    478.644      11488  1028.3052  1028.3049     4.6577     0.1203     0.1153    34.0113    34.0110    8.38958         23 0.0000e+00
    196.000    193.881    -1.4809  27.148834    -1.4807  27.148492     6.2981     6.5376     0.2359    98.0384 1.0000e-12  -73.95504 -113.31299  39.611986      99.64 1.2115e+02    479.605      11512  1028.3106  1028.3100     4.6509     0.1216     0.1173    34.0123    34.0116    8.38859         23 0.0000e+00
    197.000    194.871    -1.4779  27.152254    -1.4778  27.151989     6.2932     6.5317     0.2007    98.1222 1.0000e-12  -73.95504 -113.31299  39.611997      99.65 1.2065e+02    480.579      11535  1028.3158  1028.3154     4.6548     0.0985     0.1141    34.0130    34.0125    8.38788         23 0.0000e+00
    198.000    195.858    -1.4732  27.157594    -1.4729  27.157259     6.2845     6.5318     0.1642    97.9159 1.0000e-12  -73.95504 -113.31299  39.612009      99.64 1.1937e+02    481.554      11558  1028.3214  1028.3209     4.6450     0.0961     0.1141    34.0143    34.0136    8.38673         24 0.0000e+00
    199.000    196.847    -1.4702  27.161152    -1.4700  27.160779     6.2853     6.5275     0.4738    98.0908 1.0000e-12  -73.95504 -113.31299  39.612020      99.64 1.2138e+02    482.527      11582  1028.3268  1028.3263     4.6532     0.0935     0.1159    34.0152    34.0145    8.38600         23 0.0000e+00
    200.000    197.837    -1.4684  27.163452    -1.4693  27.162334     6.2878     6.5239     0.3790    98.1392 1.0000e-12  -73.95504 -113.31298  39.612031      99.64 1.2084e+02    483.478      11604  1028.3321  1028.3317     4.6556     0.1116     0.1191    34.0157    34.0152    8.38557         22 0.0000e+00
    201.000    198.825    -1.4667  27.166787    -1.4667  27.166470     6.2827     6.5186     0.3899    98.1042 1.0000e-12  -73.95504 -113.31300  39.612042      99.65 1.1972e+02    484.395      11626  1028.3384  1028.3381     4.6539     0.1558     0.1157    34.0178    34.0174    8.38507         22 0.0000e+00
    202.000    199.814    -1.4680  27.167331    -1.4679  27.167040     6.2772     6.5248     0.5244    98.2026 1.0000e-12  -73.95504 -113.31298  39.612052      99.65 1.2140e+02    485.328      11649  1028.3447  1028.3442     4.6586     0.2254     0.1219    34.0194    34.0188    8.38526         23 0.0000e+00
    203.000    200.802    -1.4670  27.169286    -1.4667  27.169165     6.2732     6.5186     0.6045    98.1930 1.0000e-12  -73.95504 -113.31300  39.612064      99.64 1.2179e+02    486.296      11672  1028.3502  1028.3498     4.6580     0.1667     0.1217    34.0203    34.0198    8.38498         23 0.0000e+00
    204.000    201.791    -1.4657  27.171233    -1.4649  27.171615     6.2752     6.5130     0.5735    97.9421 1.0000e-12  -73.95504 -113.31298  39.612075      99.64 1.1964e+02    487.279      11696  1028.3555  1028.3551     4.6463     0.1093     0.1208    34.0209    34.0205    8.38465         24 0.0000e+00
    205.000    202.780    -1.4642  27.173552    -1.4641  27.173312     6.2784     6.5150     0.3942    97.7651 1.0000e-12  -73.95504 -113.31300  39.612086      99.64 1.2172e+02    488.252      11719  1028.3609  1028.3606     4.6378     0.1877     0.1212    34.0218    34.0213    8.38427         23 0.0000e+00
    206.000    203.768    -1.4630  27.176505    -1.4629  27.176204     6.2876     6.5218     0.5932    97.4523 1.0000e-12  -73.95504 -113.31298  39.612097      99.64 1.2148e+02    489.198      11742  1028.3674  1028.3669     4.6230     0.1599     0.1208    34.0239    34.0233    8.38387         22 0.0000e+00
    207.000    204.757    -1.4625  27.178840    -1.4624  27.178598     6.2923     6.5251     0.4399    97.6964 1.0000e-12  -73.95504 -113.31300  39.612108      99.64 1.1918e+02    490.126      11764  1028.3738  1028.3735     4.6346     0.1223     0.1179    34.0259    34.0255    8.38364         23 0.0000e+00
    208.000    205.746    -1.4622  27.180781    -1.4619  27.180558     6.2941     6.5287     0.5695    97.5327 1.0000e-12  -73.95504 -113.31298  39.612119      94.89 1.2138e+02    491.069      11787  1028.3800  1028.3795     4.6268     0.1651     0.1240    34.0275    34.0270    8.38346         23 0.0000e+00
