ocean_section_plots/required_files/ctd/dnbp2202_ctd074.cnv
* Sea-Bird SBE 9 Data File:
* FileName = D:\Data\raw\NBP2202_CTD074.hex
* Software Version Seasave V 7.26.7.121
* Temperature SN = 1649
* Conductivity SN = 2513
* Number of Bytes Per Scan = 40
* Number of Voltage Words = 5
* Number of Scans Averaged by the Deck Unit = 1
* NMEA Latitude = 74 01.09 S
* NMEA Longitude = 112 59.02 W
* NMEA UTC (Time) = Jan 26 2022  09:44:02
* NMEA baud rate = 9600
** Ship: RVIB N.B. Palmer
** Cruise: NBP2202 Thwaites
** Station: 55
** Operator: B Bjork
# nquan = 25
# nvalues = 553                         
# units = specified
# name 0 = prDM: Pressure, Digiquartz [db]
# name 1 = depSM: Depth [salt water, m]
# name 2 = t090C: Temperature [ITS-90, deg C]
# name 3 = c0mS/cm: Conductivity [mS/cm]
# name 4 = t190C: Temperature, 2 [ITS-90, deg C]
# name 5 = c1mS/cm: Conductivity, 2 [mS/cm]
# name 6 = sbeox0ML/L: Oxygen, SBE 43 [ml/l]
# name 7 = sbeox1ML/L: Oxygen, SBE 43, 2 [ml/l]
# name 8 = flECO-AFL: Fluorescence, WET Labs ECO-AFL/FL [mg/m^3]
# name 9 = CStarTr0: Beam Transmission, WET Labs C-Star [%]
# name 10 = par: PAR/Irradiance, Biospherical/Licor
# name 11 = latitude: Latitude [deg]
# name 12 = longitude: Longitude [deg]
# name 13 = timeJ: Julian Days
# name 14 = altM: Altimeter [m]
# name 15 = spar: SPAR, Biospherical/Licor
# name 16 = timeS: Time, Elapsed [seconds]
# name 17 = scan: Scan Count
# name 18 = density00: Density [density, kg/m^3]
# name 19 = density11: Density, 2 [density, kg/m^3]
# name 20 = sal00: Salinity, Practical [PSU]
# name 21 = sal11: Salinity, Practical, 2 [PSU]
# name 22 = oxsolML/L: Oxygen Saturation, Garcia & Gordon [ml/l]
# name 23 = nbin: number of scans per bin
# name 24 = flag: flag
# span 0 =      2.000,    554.000       
# span 1 =      1.977,    547.540       
# span 2 =    -1.4998,     0.1617       
# span 3 =  27.082825,  28.979592       
# span 4 =    -1.5001,     0.1636       
# span 5 =  27.082735,  28.979236       
# span 6 =     4.7160,     9.0079       
# span 7 =     4.8215,     9.2815       
# span 8 =    -0.0179,    29.4361       
# span 9 =    65.4657,    95.5647       
# span 10 = 1.0000e-12, 3.5673e+01      
# span 11 =  -74.01828,  -74.01828      
# span 12 = -112.98380, -112.98376      
# span 13 =  26.407207,  26.415370      
# span 14 =       4.88,     100.87      
# span 15 = 1.3075e+02, 1.3372e+02      
# span 16 =    140.642,    846.014      
# span 17 =       3376,      20305      
# span 18 =  1027.1913,  1030.2435      
# span 19 =  1027.1948,  1030.2412      
# span 20 =    33.8146,    34.4085      
# span 21 =    33.8182,    34.4059      
# span 22 =    8.00956,    8.39292      
# span 23 =         20,         49      
# span 24 = 0.0000e+00, 0.0000e+00      
# interval = decibars: 1                
# start_time = Jan 26 2022 09:44:02 [NMEA time, header]
# bad_flag = -9.990e-29
*END*
[from data line 464]
    466.000    460.661     0.0934  28.864076     0.0950  28.863564     4.7502     4.8489    -0.0084    95.0622 1.0000e-12  -74.01828 -112.98376  26.413606      95.15 1.3134e+02    693.526      16646  1029.8138  1029.8117    34.3844    34.3820    8.02517         22 0.0000e+00
    467.000    461.650     0.0945  28.865936     0.0964  28.865482     4.7467     4.8546    -0.0094    95.0895 1.0000e-12  -74.01828 -112.98378  26.413616      94.19 1.3093e+02    694.450      16668  1029.8189  1029.8166    34.3851    34.3824    8.02491         22 0.0000e+00
    468.000    462.635     0.0960  28.867999     0.0977  28.867547     4.7392     4.8572    -0.0012    95.0809 1.0000e-12  -74.01828 -112.98376  26.413627      93.27 1.3106e+02    695.360      16690  1029.8239  1029.8218    34.3855    34.3830    8.02457         23 0.0000e+00
    469.000    463.625     0.0980  28.870878     0.0998  28.870458     4.7394     4.8564    -0.0004    95.0859 1.0000e-12  -74.01828 -112.98378  26.413638      92.25 1.3104e+02    696.283      16712  1029.8293  1029.8272    34.3865    34.3840    8.02411         21 0.0000e+00
    470.000    464.611     0.1012  28.874868     0.1030  28.874365     4.7433     4.8559    -0.0068    95.0988 1.0000e-12  -74.01828 -112.98376  26.413648      91.21 1.3107e+02    697.221      16734  1029.8347  1029.8324    34.3876    34.3850    8.02338         23 0.0000e+00
    471.000    465.600     0.1033  28.877406     0.1051  28.876998     4.7428     4.8576    -0.0086    95.1151 1.0000e-12  -74.01828 -112.98378  26.413660      90.20 1.3119e+02    698.195      16758  1029.8395  1029.8373    34.3880    34.3854    8.02291         24 0.0000e+00
    472.000    466.586     0.1046  28.879205     0.1064  28.878758     4.7414     4.8515    -0.0045    95.0985 1.0000e-12  -74.01828 -112.98378  26.413671      89.06 1.3137e+02    699.173      16781  1029.8444  1029.8422    34.3883    34.3857    8.02262         23 0.0000e+00
    473.000    467.573     0.1059  28.881013     0.1076  28.880642     4.7402     4.8469    -0.0055    95.1231 1.0000e-12  -74.01828 -112.98378  26.413682      87.96 1.3114e+02    700.119      16804  1029.8493  1029.8473    34.3886    34.3863    8.02232         23 0.0000e+00
    474.000    468.562     0.1062  28.881592     0.1078  28.881150     4.7353     4.8506    -0.0094    95.1179 1.0000e-12  -74.01828 -112.98378  26.413693      86.92 1.3104e+02    701.034      16826  1029.8540  1029.8520    34.3886    34.3862    8.02228         21 0.0000e+00
    475.000    469.548     0.1075  28.883758     0.1093  28.883338     4.7341     4.8544    -0.0090    95.1233 1.0000e-12  -74.01828 -112.98378  26.413703      86.17 1.3076e+02    701.957      16848  1029.8592  1029.8571    34.3893    34.3868    8.02196         23 0.0000e+00
    476.000    470.535     0.1106  28.887424     0.1125  28.886989     4.7377     4.8543    -0.0087    95.1288 1.0000e-12  -74.01828 -112.98378  26.413714      85.14 1.3109e+02    702.883      16870  1029.8643  1029.8620    34.3901    34.3874    8.02126         22 0.0000e+00
    477.000    471.525     0.1143  28.891461     0.1160  28.891060     4.7413     4.8484    -0.0090    95.1233 1.0000e-12  -74.01828 -112.98378  26.413725      83.86 1.3137e+02    703.827      16893  1029.8693  1029.8672    34.3907    34.3883    8.02046         23 0.0000e+00
    478.000    472.510     0.1153  28.892923     0.1170  28.892525     4.7416     4.8411    -0.0135    95.1310 1.0000e-12  -74.01828 -112.98378  26.413736      83.25 1.3126e+02    704.811      16916  1029.8741  1029.8720    34.3910    34.3885    8.02024         24 0.0000e+00
    479.000    473.498     0.1163  28.894374     0.1181  28.894081     4.7400     4.8482    -0.0062    95.1374 1.0000e-12  -74.01828 -112.98378  26.413748      82.09 1.3133e+02    705.809      16940  1029.8789  1029.8769    34.3911    34.3887    8.02002         24 0.0000e+00
    480.000    474.485     0.1173  28.895806     0.1191  28.895476     4.7358     4.8501    -0.0011    95.1400 1.0000e-12  -74.01828 -112.98378  26.413759      80.83 1.3137e+02    706.779      16964  1029.8837  1029.8817    34.3913    34.3889    8.01979         23 0.0000e+00
    481.000    475.472     0.1183  28.897326     0.1200  28.896923     4.7346     4.8494    -0.0032    95.1135 1.0000e-12  -74.01828 -112.98378  26.413770      79.77 1.3122e+02    707.739      16987  1029.8887  1029.8865    34.3916    34.3891    8.01958         23 0.0000e+00
    482.000    476.461     0.1185  28.898207     0.1203  28.897721     4.7373     4.8496    -0.0085    95.1064 1.0000e-12  -74.01828 -112.98378  26.413781      78.87 1.3148e+02    708.714      17010  1029.8936  1029.8914    34.3919    34.3893    8.01951         24 0.0000e+00
    483.000    477.448     0.1191  28.899183     0.1209  28.898751     4.7331     4.8504    -0.0083    95.1267 1.0000e-12  -74.01828 -112.98378  26.413793      78.05 1.3075e+02    709.725      17034  1029.8984  1029.8962    34.3920    34.3895    8.01939         24 0.0000e+00
    484.000    478.436     0.1199  28.900577     0.1217  28.900224     4.7359     4.8488    -0.0016    95.1054 1.0000e-12  -74.01828 -112.98378  26.413805      77.08 1.3126e+02    710.724      17058  1029.9034  1029.9013    34.3924    34.3899    8.01920         24 0.0000e+00
    485.000    479.423     0.1215  28.902748     0.1232  28.902230     4.7360     4.8432    -0.0089    95.0903 1.0000e-12  -74.01828 -112.98378  26.413816      75.93 1.3126e+02    711.725      17082  1029.9083  1029.9061    34.3928    34.3902    8.01883         24 0.0000e+00
    486.000    480.408     0.1228  28.904403     0.1243  28.903711     4.7375     4.8420    -0.0086    95.1020 1.0000e-12  -74.01828 -112.98378  26.413828      74.89 1.3123e+02    712.741      17107  1029.9130  1029.9109    34.3929    34.3904    8.01855         25 0.0000e+00
    487.000    481.398     0.1232  28.905228     0.1247  28.904504     4.7368     4.8425    -0.0014    95.0947 1.0000e-12  -74.01828 -112.98378  26.413840      73.80 1.3090e+02    713.755      17131  1029.9179  1029.9156    34.3930    34.3904    8.01847         24 0.0000e+00
    488.000    482.384     0.1244  28.906833     0.1257  28.905952     4.7349     4.8347    -0.0073    95.0914 1.0000e-12  -74.01828 -112.98378  26.413851      72.90 1.3169e+02    714.761      17155  1029.9226  1029.9204    34.3932    34.3905    8.01821         24 0.0000e+00
    489.000    483.372     0.1261  28.909152     0.1285  28.909301     4.7361     4.8407     0.0023    95.0945 1.0000e-12  -74.01828 -112.98378  26.413863      71.94 1.3111e+02    715.769      17179  1029.9276  1029.9254    34.3937    34.3912    8.01782         24 0.0000e+00
    490.000    484.358     0.1294  28.912900     0.1309  28.912141     4.7374     4.8428     0.0020    95.0891 1.0000e-12  -74.01828 -112.98378  26.413875      70.76 1.3104e+02    716.783      17204  1029.9327  1029.9304    34.3945    34.3917    8.01711         24 0.0000e+00
    491.000    485.345     0.1306  28.914533     0.1322  28.913930     4.7355     4.8343    -0.0095    95.0903 1.0000e-12  -74.01828 -112.98378  26.413886      69.63 1.3089e+02    717.772      17228  1029.9375  1029.9353    34.3947    34.3921    8.01684         24 0.0000e+00
    492.000    486.336     0.1309  28.915295     0.1326  28.914819     4.7306     4.8330    -0.0128    95.1041 1.0000e-12  -74.01828 -112.98378  26.413898      68.76 1.3111e+02    718.761      17251  1029.9423  1029.9401    34.3947    34.3922    8.01677         24 0.0000e+00
    493.000    487.321     0.1312  28.915971     0.1330  28.915692     4.7324     4.8397    -0.0095    95.0908 1.0000e-12  -74.01828 -112.98378  26.413910      67.71 1.3116e+02    719.790      17276  1029.9470  1029.9449    34.3947    34.3923    8.01672         25 0.0000e+00
    494.000    488.308     0.1314  28.916724     0.1332  28.916388     4.7292     4.8331    -0.0060    95.0980 1.0000e-12  -74.01828 -112.98378  26.413922      66.70 1.3095e+02    720.833      17301  1029.9518  1029.9497    34.3949    34.3924    8.01666         25 0.0000e+00
    495.000    489.295     0.1316  28.917320     0.1333  28.917015     4.7337     4.8282    -0.0036    95.0764 1.0000e-12  -74.01828 -112.98378  26.413934      65.79 1.3088e+02    721.870      17326  1029.9565  1029.9545    34.3948    34.3925    8.01661         25 0.0000e+00
    496.000    490.283     0.1316  28.917817     0.1333  28.917438     4.7354     4.8358    -0.0077    95.0740 1.0000e-12  -74.01828 -112.98378  26.413945      64.65 1.3145e+02    722.882      17350  1029.9613  1029.9592    34.3949    34.3925    8.01661         23 0.0000e+00
    497.000    491.272     0.1317  28.918287     0.1334  28.917963     4.7297     4.8431    -0.0009    95.0672 1.0000e-12  -74.01828 -112.98378  26.413957      63.61 1.3122e+02    723.846      17373  1029.9660  1029.9640    34.3949    34.3925    8.01660         23 0.0000e+00
    498.000    492.256     0.1316  28.918788     0.1334  28.918354     4.7322     4.8382    -0.0004    95.0752 1.0000e-12  -74.01828 -112.98378  26.413968      62.64 1.3106e+02    724.796      17396  1029.9708  1029.9687    34.3950    34.3925    8.01660         23 0.0000e+00
    499.000    493.245     0.1315  28.919026     0.1331  28.918604     4.7318     4.8389    -0.0007    95.0631 1.0000e-12  -74.01828 -112.98378  26.413979      61.56 1.3123e+02    725.780      17420  1029.9754  1029.9735    34.3948    34.3925    8.01663         25 0.0000e+00
    500.000    494.231     0.1312  28.919377     0.1330  28.918971     4.7318     4.8366    -0.0004    95.0441 1.0000e-12  -74.01828 -112.98378  26.413991      60.58 1.3127e+02    726.830      17445  1029.9803  1029.9782    34.3950    34.3925    8.01669         26 0.0000e+00
    501.000    495.220     0.1315  28.920294     0.1333  28.919945     4.7305     4.8391    -0.0065    95.0690 1.0000e-12  -74.01828 -112.98378  26.414004      59.53 1.3133e+02    727.917      17471  1029.9853  1029.9831    34.3953    34.3929    8.01660         26 0.0000e+00
    502.000    496.207     0.1317  28.921011     0.1334  28.920639     4.7280     4.8401    -0.0022    95.0623 1.0000e-12  -74.01828 -112.98378  26.414016      58.53 1.3178e+02    728.986      17497  1029.9901  1029.9880    34.3955    34.3930    8.01656         24 0.0000e+00
    503.000    497.194     0.1315  28.921907     0.1333  28.921406     4.7279     4.8282    -0.0065    95.0591 1.0000e-12  -74.01828 -112.98378  26.414028      57.53 1.3126e+02    729.983      17521  1029.9955  1029.9932    34.3963    34.3937    8.01656         24 0.0000e+00
    504.000    498.181     0.1311  28.921975     0.1328  28.921558     4.7326     4.8275    -0.0127    95.0843 1.0000e-12  -74.01828 -112.98378  26.414039      56.60 1.3149e+02    730.933      17543  1030.0002  1029.9982    34.3962    34.3938    8.01664         22 0.0000e+00
    505.000    499.168     0.1304  28.922148     0.1320  28.921608     4.7342     4.8389    -0.0099    95.0762 1.0000e-12  -74.01828 -112.98378  26.414050      55.55 1.3153e+02    731.883      17566  1030.0053  1030.0032    34.3966    34.3942    8.01676         23 0.0000e+00
    506.000    500.156     0.1301  28.922497     0.1318  28.922120     4.7256     4.8384     0.0014    95.0836 1.0000e-12  -74.01828 -112.98378  26.414061      54.46 1.3109e+02    732.875      17590  1030.0102  1030.0082    34.3968    34.3944    8.01681         25 0.0000e+00
    507.000    501.144     0.1301  28.923005     0.1318  28.922680     4.7236     4.8363     0.0042    95.0917 1.0000e-12  -74.01828 -112.98378  26.414073      53.43 1.3130e+02    733.907      17615  1030.0151  1030.0130    34.3969    34.3946    8.01681         25 0.0000e+00
    508.000    502.129     0.1305  28.924069     0.1322  28.923674     4.7279     4.8369    -0.0026    95.0834 1.0000e-12  -74.01828 -112.98378  26.414085      52.42 1.3154e+02    734.968      17640  1030.0200  1030.0179    34.3973    34.3949    8.01671         26 0.0000e+00
    509.000    503.118     0.1302  28.924618     0.1321  28.924233     4.7312     4.8366    -0.0098    95.1353 1.0000e-12  -74.01828 -112.98378  26.414098      51.31 1.3109e+02    736.046      17666  1030.0251  1030.0229    34.3978    34.3952    8.01674         25 0.0000e+00
    510.000    504.104     0.1299  28.925164     0.1317  28.924859     4.7291     4.8381    -0.0151    95.1430 1.0000e-12  -74.01828 -112.98378  26.414110      50.38 1.3104e+02    737.087      17691  1030.0302  1030.0282    34.3982    34.3959    8.01677         24 0.0000e+00
    511.000    505.092     0.1310  28.926893     0.1327  28.926539     4.7290     4.8391    -0.0076    95.1423 1.0000e-12  -74.01828 -112.98378  26.414121      49.33 1.3193e+02    738.060      17714  1030.0352  1030.0333    34.3987    34.3964    8.01653         23 0.0000e+00
    512.000    506.079     0.1333  28.930123     0.1350  28.929628     4.7260     4.8382    -0.0077    95.1379 1.0000e-12  -74.01828 -112.98378  26.414132      48.36 1.3138e+02    738.992      17737  1030.0406  1030.0384    34.3998    34.3972    8.01598         23 0.0000e+00
    513.000    507.065     0.1348  28.932075     0.1364  28.931604     4.7276     4.8313    -0.0077    95.1531 1.0000e-12  -74.01828 -112.98378  26.414143      47.27 1.3130e+02    739.933      17759  1030.0454  1030.0434    34.4001    34.3977    8.01565         23 0.0000e+00
    514.000    508.053     0.1368  28.934698     0.1385  28.934391     4.7281     4.8274    -0.0077    95.1546 1.0000e-12  -74.01828 -112.98378  26.414154      46.30 1.3123e+02    740.932      17783  1030.0504  1030.0485    34.4007    34.3984    8.01520         25 0.0000e+00
    515.000    509.041     0.1386  28.937245     0.1403  28.936815     4.7229     4.8340    -0.0135    95.1536 1.0000e-12  -74.01828 -112.98378  26.414167      45.32 1.3158e+02    741.997      17809  1030.0556  1030.0535    34.4015    34.3990    8.01479         25 0.0000e+00
    516.000    510.028     0.1390  28.938107     0.1409  28.937902     4.7250     4.8378    -0.0113    95.1667 1.0000e-12  -74.01828 -112.98378  26.414179      44.19 1.3112e+02    743.078      17835  1030.0604  1030.0584    34.4015    34.3992    8.01468         26 0.0000e+00
    517.000    511.015     0.1395  28.939099     0.1411  28.938561     4.7233     4.8356    -0.0077    95.1795 1.0000e-12  -74.01828 -112.98378  26.414191      43.14 1.3134e+02    744.118      17860  1030.0652  1030.0631    34.4017    34.3993    8.01458         24 0.0000e+00
    518.000    512.003     0.1407  28.940963     0.1424  28.940592     4.7236     4.8352    -0.0127    95.1716 1.0000e-12  -74.01828 -112.98378  26.414203      42.24 1.3111e+02    745.124      17884  1030.0702  1030.0682    34.4023    34.3999    8.01430         24 0.0000e+00
    519.000    512.989     0.1423  28.943220     0.1441  28.942844     4.7235     4.8346    -0.0131    95.1861 1.0000e-12  -74.01828 -112.98378  26.414214      41.14 1.3153e+02    746.091      17907  1030.0753  1030.0732    34.4029    34.4004    8.01393         23 0.0000e+00
    520.000    513.976     0.1427  28.944074     0.1445  28.943752     4.7237     4.8319    -0.0086    95.1883 1.0000e-12  -74.01828 -112.98378  26.414225      40.11 1.3114e+02    747.060      17930  1030.0801  1030.0780    34.4030    34.4005    8.01385         23 0.0000e+00
    521.000    514.965     0.1429  28.944767     0.1447  28.944388     4.7258     4.8248    -0.0086    95.1523 1.0000e-12  -74.01828 -112.98378  26.414237      39.12 1.3166e+02    748.050      17954  1030.0849  1030.0828    34.4031    34.4006    8.01380         25 0.0000e+00
    522.000    515.950     0.1431  28.945402     0.1448  28.944917     4.7198     4.8304    -0.0074    95.1872 1.0000e-12  -74.01828 -112.98378  26.414249      38.05 1.3165e+02    749.072      17979  1030.0896  1030.0875    34.4031    34.4006    8.01375         25 0.0000e+00
