ocean_section_plots/required_files/ctd/dnbp2202_ctd216.cnv
* Sea-Bird SBE 9 Data File:
* FileName = D:\Data\raw\NBP2202_CTD216.hex
* Software Version Seasave V 7.26.7.121
* Temperature SN = 1649
* Conductivity SN = 2513
* Number of Bytes Per Scan = 40
* Number of Voltage Words = 5
* Number of Scans Averaged by the Deck Unit = 1
* NMEA Latitude = 73 56.46 S
* NMEA Longitude = 111 25.09 W
* NMEA UTC (Time) = Feb 11 2022  07:05:06
* NMEA baud rate = 9600
** Ship: RVIB N.B. Palmer
** Cruise: NBP2202 Thwaites
** Station: 128
** Operator: B. Bjork
# nquan = 28
# nvalues = 688                         
# units = specified
# name 0 = prDM: Pressure, Digiquartz [db]
# name 1 = depSM: Depth [salt water, m]
# name 2 = t090C: Temperature [ITS-90, deg C]
# name 3 = c0mS/cm: Conductivity [mS/cm]
# name 4 = t190C: Temperature, 2 [ITS-90, deg C]
# name 5 = c1mS/cm: Conductivity, 2 [mS/cm]
# name 6 = sbeox0ML/L: Oxygen, SBE 43 [ml/l]
# name 7 = sbeox1ML/L: Oxygen, SBE 43, 2 [ml/l]
# name 8 = flECO-AFL: Fluorescence, WET Labs ECO-AFL/FL [mg/m^3]
# name 9 = CStarTr0: Beam Transmission, WET Labs C-Star [%]
# name 10 = par: PAR/Irradiance, Biospherical/Licor
# name 11 = latitude: Latitude [deg]
# name 12 = longitude: Longitude [deg]
# name 13 = timeJ: Julian Days
# name 14 = altM: Altimeter [m]
# name 15 = spar: SPAR, Biospherical/Licor
# name 16 = timeS: Time, Elapsed [seconds]
# name 17 = scan: Scan Count
# name 18 = density00: Density [density, kg/m^3]
# name 19 = density11: Density, 2 [density, kg/m^3]
# name 20 = v3: Voltage 3
# name 21 = v4: Voltage 4
# name 22 = v5: Voltage 5
# name 23 = sal00: Salinity, Practical [PSU]
# name 24 = sal11: Salinity, Practical, 2 [PSU]
# name 25 = oxsolML/L: Oxygen Saturation, Garcia & Gordon [ml/l]
# name 26 = nbin: number of scans per bin
# name 27 = flag: flag
# span 0 =      1.000,    688.000       
# span 1 =      0.995,    679.761       
# span 2 =    -1.6863,     0.3947       
# span 3 =  26.876235,  29.323470       
# span 4 =    -1.6857,     0.3972       
# span 5 =  26.876624,  29.323791       
# span 6 =     4.5809,     8.9559       
# span 7 =     4.7374,     9.2737       
# span 8 =    -0.0146,    30.4061       
# span 9 =    69.5048,    98.4602       
# span 10 = 1.0000e-12, 3.2305e+00      
# span 11 =  -73.94104,  -73.93935      
# span 12 = -111.42292, -111.41851      
# span 13 =  42.297001,  42.306297      
# span 14 =       1.35,     100.92      
# span 15 = 1.8663e+01, 3.6415e+01      
# span 16 =    154.854,    958.103      
# span 17 =       3717,      22995      
# span 18 =  1027.1836,  1030.9461      
# span 19 =  1027.1826,  1030.9441      
# span 20 =     3.2972,     4.6708      
# span 21 =     0.0652,     4.7771      
# span 22 =     0.1098,     0.2758      
# span 23 =    33.7967,    34.5218      
# span 24 =    33.7967,    34.5194      
# span 25 =    7.95496,    8.43945      
# span 26 =          9,         54      
# span 27 = 0.0000e+00, 0.0000e+00      
# interval = decibars: 1                
# start_time = Feb 11 2022 07:05:06 [NMEA time, header]
# bad_flag = -9.990e-29
*END*
[from data line 415]
    416.000    411.285    -0.0773  28.705887    -0.0748  28.705799     4.9890     5.1224    -0.0042    97.8530 1.0000e-12  -73.94020 -111.42072  42.302429      97.81 3.2561e+01    623.888      14974  1029.5975  1029.5950     4.6420     0.0723     0.1301    34.3961    34.3933    8.06034         24 0.0000e+00
    417.000    412.272    -0.0729  28.710732    -0.0706  28.710621     4.9561     5.1217     0.0038    97.8189 1.0000e-12  -73.94020 -111.42072  42.302441      88.14 3.3271e+01    624.883      14998  1029.6027  1029.6004     4.6404     0.0686     0.1282    34.3971    34.3943    8.05937         23 0.0000e+00
    418.000    413.262    -0.0722  28.711706    -0.0702  28.711538     4.9756     5.1193     0.0052    97.8089 1.0000e-12  -73.94020 -111.42072  42.302452      97.11 3.4767e+01    625.877      15022  1029.6075  1029.6053     4.6399     0.0701     0.1258    34.3970    34.3945    8.05924         25 0.0000e+00
    419.000    414.250    -0.0705  28.713974    -0.0681  28.713936     4.9630     5.1159     0.0033    97.8290 1.0000e-12  -73.94019 -111.42073  42.302464      99.89 3.2651e+01    626.878      15046  1029.6125  1029.6102     4.6408     0.0726     0.1291    34.3975    34.3948    8.05885         24 0.0000e+00
    420.000    415.235    -0.0685  28.716577    -0.0662  28.716496     4.9754     5.1146    -0.0020    97.8203 1.0000e-12  -73.94018 -111.42074  42.302475      99.94 3.3569e+01    627.872      15070  1029.6177  1029.6154     4.6404     0.0704     0.1298    34.3981    34.3954    8.05839         23 0.0000e+00
    421.000    416.226    -0.0661  28.719568    -0.0637  28.719391     4.9788     5.1087    -0.0047    97.8240 1.0000e-12  -73.94018 -111.42074  42.302487      99.94 3.2603e+01    628.865      15094  1029.6228  1029.6204     4.6406     0.0710     0.1308    34.3987    34.3959    8.05784         24 0.0000e+00
    422.000    417.211    -0.0646  28.721509    -0.0623  28.721340     4.9499     5.1069    -0.0034    97.8262 1.0000e-12  -73.94018 -111.42074  42.302498      99.93 3.2687e+01    629.861      15118  1029.6278  1029.6254     4.6407     0.0720     0.1267    34.3991    34.3963    8.05752         24 0.0000e+00
    423.000    418.197    -0.0592  28.727466    -0.0568  28.727380     4.9592     5.1053    -0.0037    97.7768 1.0000e-12  -73.94018 -111.42075  42.302510      99.94 3.3201e+01    630.855      15142  1029.6331  1029.6306     4.6384     0.0703     0.1293    34.4003    34.3975    8.05630         24 0.0000e+00
    424.000    419.189    -0.0557  28.731439    -0.0534  28.731267     4.9589     5.1056     0.0011    97.7916 1.0000e-12  -73.94018 -111.42076  42.302521      99.93 3.4218e+01    631.843      15165  1029.6382  1029.6358     4.6391     0.0711     0.1265    34.4011    34.3983    8.05553         24 0.0000e+00
    425.000    420.174    -0.0554  28.732067    -0.0530  28.732116     4.9567     5.0987     0.0102    97.8194 1.0000e-12  -73.94018 -111.42077  42.302533      99.93 3.3214e+01    632.842      15189  1029.6429  1029.6407     4.6404     0.0731     0.1287    34.4010    34.3983    8.05547         24 0.0000e+00
    426.000    421.162    -0.0550  28.732933    -0.0528  28.732797     4.9549     5.0965    -0.0042    97.7889 1.0000e-12  -73.94018 -111.42078  42.302544      99.93 3.2881e+01    633.835      15213  1029.6477  1029.6455     4.6390     0.0705     0.1295    34.4010    34.3984    8.05538         23 0.0000e+00
    427.000    422.150    -0.0547  28.733776    -0.0523  28.733721     4.9594     5.0973     0.0043    97.8505 1.0000e-12  -73.94018 -111.42079  42.302556      99.94 3.3949e+01    634.825      15237  1029.6527  1029.6503     4.6418     0.0718     0.1270    34.4012    34.3985    8.05530         24 0.0000e+00
    428.000    423.137    -0.0526  28.736227    -0.0500  28.736518     4.9523     5.0985     0.0134    97.8411 1.0000e-12  -73.94017 -111.42080  42.302567      99.93 3.3346e+01    635.816      15261  1029.6576  1029.6553     4.6414     0.0704     0.1289    34.4016    34.3990    8.05485         24 0.0000e+00
    429.000    424.126    -0.0504  28.739005    -0.0478  28.739321     4.9461     5.0944     0.0056    97.8336 1.0000e-12  -73.94016 -111.42080  42.302579      76.34 3.2387e+01    636.819      15285  1029.6626  1029.6604     4.6411     0.0692     0.1293    34.4022    34.3997    8.05435         24 0.0000e+00
    430.000    425.114    -0.0482  28.741771    -0.0458  28.741872     4.9478     5.0925     0.0026    97.8026 1.0000e-12  -73.94016 -111.42080  42.302590      98.03 3.3935e+01    637.812      15308  1029.6676  1029.6655     4.6396     0.0692     0.1292    34.4027    34.4002    8.05385         24 0.0000e+00
    431.000    426.101    -0.0467  28.743822    -0.0443  28.743810     4.9434     5.0906    -0.0025    97.7770 1.0000e-12  -73.94016 -111.42081  42.302602      99.78 3.4373e+01    638.804      15332  1029.6727  1029.6704     4.6384     0.0702     0.1303    34.4032    34.4005    8.05352         24 0.0000e+00
    432.000    427.087    -0.0455  28.745395    -0.0434  28.745262     4.9431     5.0877    -0.0028    97.8341 1.0000e-12  -73.94016 -111.42082  42.302613      99.93 3.2779e+01    639.801      15356  1029.6775  1029.6753     4.6410     0.0704     0.1321    34.4034    34.4008    8.05326         24 0.0000e+00
    433.000    428.076    -0.0450  28.746348    -0.0428  28.746342     4.9506     5.0946     0.0044    97.8284 1.0000e-12  -73.94016 -111.42083  42.302625      99.93 3.3697e+01    640.793      15380  1029.6823  1029.6802     4.6408     0.0706     0.1287    34.4035    34.4010    8.05315         24 0.0000e+00
    434.000    429.063    -0.0445  28.747287    -0.0422  28.747220     4.9399     5.0922     0.0079    97.8147 1.0000e-12  -73.94015 -111.42084  42.302636      99.94 3.4490e+01    641.790      15404  1029.6871  1029.6849     4.6401     0.0705     0.1271    34.4035    34.4009    8.05303         23 0.0000e+00
    435.000    430.050    -0.0409  28.751687    -0.0384  28.751749     4.9347     5.0844    -0.0052    97.8187 1.0000e-12  -73.94014 -111.42084  42.302648      99.93 3.2357e+01    642.788      15428  1029.6925  1029.6901     4.6403     0.0709     0.1281    34.4047    34.4020    8.05220         24 0.0000e+00
    436.000    431.038    -0.0354  28.757808    -0.0329  28.758020     4.9195     5.0785    -0.0016    97.8355 1.0000e-12  -73.94014 -111.42085  42.302660      99.93 3.2437e+01    643.783      15452  1029.6979  1029.6957     4.6411     0.0716     0.1283    34.4061    34.4036    8.05098         25 0.0000e+00
    437.000    432.026    -0.0308  28.763172    -0.0283  28.763161     4.9309     5.0750     0.0034    97.8055 1.0000e-12  -73.94014 -111.42086  42.302671      99.94 3.4757e+01    644.787      15476  1029.7033  1029.7009     4.6398     0.0723     0.1285    34.4074    34.4046    8.04994         24 0.0000e+00
    438.000    433.013    -0.0279  28.766563    -0.0255  28.766824     4.9255     5.0719     0.0143    97.8214 1.0000e-12  -73.94014 -111.42086  42.302683      99.93 3.2574e+01    645.792      15500  1029.7083  1029.7063     4.6405     0.0696     0.1299    34.4080    34.4057    8.04928         23 0.0000e+00
    439.000    434.002    -0.0249  28.770055    -0.0227  28.770205     4.9349     5.0688    -0.0034    97.8026 1.0000e-12  -73.94014 -111.42087  42.302694      99.93 3.2366e+01    646.795      15524  1029.7134  1029.7114     4.6396     0.0715     0.1270    34.4087    34.4064    8.04862         25 0.0000e+00
    440.000    434.989    -0.0227  28.772745    -0.0205  28.772907     4.9139     5.0699     0.0038    97.8078 1.0000e-12  -73.94014 -111.42088  42.302706      99.93 3.4935e+01    647.801      15548  1029.7185  1029.7165     4.6399     0.0734     0.1317    34.4093    34.4070    8.04813         24 0.0000e+00
    441.000    435.975    -0.0202  28.775853    -0.0179  28.775715     4.9083     5.0640     0.0045    97.8250 1.0000e-12  -73.94014 -111.42088  42.302718      99.93 3.2773e+01    648.807      15572  1029.7236  1029.7212     4.6407     0.0704     0.1351    34.4100    34.4071    8.04757         24 0.0000e+00
    442.000    436.964    -0.0145  28.782149    -0.0123  28.782093     4.9211     5.0546     0.0054    97.8294 1.0000e-12  -73.94013 -111.42089  42.302729      99.73 3.2026e+01    649.812      15596  1029.7289  1029.7267     4.6408     0.0712     0.1276    34.4112    34.4087    8.04628         24 0.0000e+00
    443.000    437.951    -0.0096  28.787726    -0.0072  28.787705     4.9119     5.0538     0.0039    97.8024 1.0000e-12  -73.94012 -111.42090  42.302741      89.08 3.5567e+01    650.817      15621  1029.7343  1029.7319     4.6396     0.0709     0.1271    34.4126    34.4098    8.04519         24 0.0000e+00
    444.000    438.939    -0.0054  28.792419    -0.0030  28.792442     4.9020     5.0527     0.0039    97.8385 1.0000e-12  -73.94012 -111.42090  42.302753      95.44 3.2868e+01    651.827      15645  1029.7395  1029.7372     4.6413     0.0733     0.1261    34.4135    34.4109    8.04426         24 0.0000e+00
    445.000    439.927    -0.0031  28.795113    -0.0007  28.795198     4.9105     5.0538     0.0005    97.8032 1.0000e-12  -73.94012 -111.42091  42.302764      99.98 3.3130e+01    652.824      15669  1029.7443  1029.7422     4.6396     0.0717     0.1305    34.4138    34.4113    8.04375         24 0.0000e+00
    446.000    440.913    -0.0025  28.796376    -0.0001  28.796465     4.9047     5.0488    -0.0023    97.8123 1.0000e-12  -73.94012 -111.42093  42.302776      99.93 3.5430e+01    653.824      15693  1029.7494  1029.7472     4.6401     0.0715     0.1303    34.4142    34.4116    8.04360         24 0.0000e+00
    447.000    441.901    -0.0012  28.798240     0.0011  28.798199     4.9065     5.0455     0.0024    97.8405 1.0000e-12  -73.94011 -111.42094  42.302787      99.94 3.2799e+01    654.826      15717  1029.7545  1029.7522     4.6414     0.0715     0.1263    34.4147    34.4120    8.04330         24 0.0000e+00
    448.000    442.889     0.0018  28.801647     0.0039  28.801481     4.9058     5.0422    -0.0041    97.8043 1.0000e-12  -73.94010 -111.42094  42.302799      99.93 3.3057e+01    655.823      15741  1029.7594  1029.7572     4.6397     0.0712     0.1295    34.4152    34.4127    8.04264         24 0.0000e+00
    449.000    443.877     0.0047  28.805097     0.0071  28.805304     4.8959     5.0330     0.0039    97.8496 1.0000e-12  -73.94010 -111.42095  42.302810      99.93 3.4817e+01    656.823      15765  1029.7645  1029.7624     4.6418     0.0697     0.1325    34.4160    34.4135    8.04200         25 0.0000e+00
    450.000    444.864     0.0096  28.810754     0.0119  28.810688     4.8980     5.0355    -0.0018    97.8393 1.0000e-12  -73.94010 -111.42096  42.302822      99.93 3.2098e+01    657.828      15789  1029.7699  1029.7677     4.6413     0.0719     0.1271    34.4173    34.4146    8.04088         24 0.0000e+00
    451.000    445.852     0.0107  28.812330     0.0130  28.812326     4.8979     5.0414     0.0047    97.8237 1.0000e-12  -73.94010 -111.42096  42.302834      99.93 3.3109e+01    658.831      15813  1029.7749  1029.7726     4.6406     0.0721     0.1286    34.4176    34.4150    8.04064         23 0.0000e+00
    452.000    446.839     0.0116  28.813606     0.0139  28.813555     4.8865     5.0389    -0.0088    97.7914 1.0000e-12  -73.94010 -111.42097  42.302845      99.93 3.5432e+01    659.824      15837  1029.7797  1029.7774     4.6391     0.0721     0.1285    34.4177    34.4151    8.04045         24 0.0000e+00
    453.000    447.827     0.0148  28.817626     0.0172  28.817582     4.8866     5.0285     0.0007    97.8158 1.0000e-12  -73.94010 -111.42098  42.302857      99.93 3.2642e+01    660.829      15861  1029.7850  1029.7827     4.6402     0.0724     0.1265    34.4188    34.4160    8.03970         24 0.0000e+00
    454.000    448.814     0.0177  28.821000     0.0200  28.821019     4.8731     5.0288     0.0002    97.8044 1.0000e-12  -73.94010 -111.42099  42.302868      99.93 3.3812e+01    661.833      15885  1029.7901  1029.7879     4.6397     0.0713     0.1247    34.4194    34.4169    8.03907         24 0.0000e+00
    455.000    449.801     0.0211  28.825021     0.0233  28.824958     4.8705     5.0228    -0.0039    97.8079 1.0000e-12  -73.94009 -111.42100  42.302880      76.42 3.5191e+01    662.836      15909  1029.7953  1029.7931     4.6398     0.0689     0.1291    34.4203    34.4178    8.03830         25 0.0000e+00
    456.000    450.789     0.0277  28.832577     0.0297  28.832040     4.8948     5.0245    -0.0071    97.8068 1.0000e-12  -73.94008 -111.42100  42.302892      85.73 3.1984e+01    663.844      15933  1029.8010  1029.7986     4.6398     0.0682     0.1286    34.4223    34.4194    8.03680         24 0.0000e+00
    457.000    451.776     0.0324  28.837663     0.0349  28.837791     4.8309     5.0177    -0.0086    97.7866 1.0000e-12  -73.94008 -111.42101  42.302903      99.85 3.2902e+01    664.849      15957  1029.8062  1029.8039     4.6388     0.0713     0.1300    34.4232    34.4206    8.03578         24 0.0000e+00
    458.000    452.763     0.0388  28.844926     0.0404  28.844102     4.8741     5.0207    -0.0002    97.8387 1.0000e-12  -73.94008 -111.42102  42.302915      99.93 3.4732e+01    665.848      15981  1029.8118  1029.8094     4.6413     0.0701     0.1284    34.4250    34.4221    8.03433         24 0.0000e+00
    459.000    453.751     0.0411  28.847583     0.0430  28.847203     4.8686     5.0129     0.0020    97.8294 1.0000e-12  -73.94008 -111.42102  42.302926      99.93 3.2329e+01    666.850      16005  1029.8167  1029.8145     4.6409     0.0716     0.1287    34.4254    34.4227    8.03384         24 0.0000e+00
    460.000    454.739     0.0405  28.847475     0.0427  28.847330     4.8703     5.0130    -0.0024    97.8361 1.0000e-12  -73.94008 -111.42103  42.302938      99.93 3.3516e+01    667.851      16029  1029.8215  1029.8193     4.6412     0.0716     0.1286    34.4253    34.4226    8.03395         23 0.0000e+00
    461.000    455.728     0.0460  28.853603     0.0461  28.851237     4.8640     5.0083    -0.0022    97.8222 1.0000e-12  -73.94008 -111.42104  42.302949      99.93 3.4912e+01    668.838      16053  1029.8269  1029.8243     4.6405     0.0725     0.1282    34.4266    34.4233    8.03273         25 0.0000e+00
    462.000    456.713     0.0469  28.854857     0.0491  28.854717     4.8683     5.0092     0.0137    97.8124 1.0000e-12  -73.94008 -111.42104  42.302961      99.93 3.2653e+01    669.837      16077  1029.8317  1029.8294     4.6400     0.0726     0.1285    34.4267    34.4240    8.03254         24 0.0000e+00
    463.000    457.702     0.0471  28.855461     0.0491  28.855290     4.8603     5.0033    -0.0019    97.8191 1.0000e-12  -73.94008 -111.42104  42.302973      99.93 3.3719e+01    670.828      16101  1029.8365  1029.8343     4.6404     0.0719     0.1305    34.4266    34.4241    8.03250         23 0.0000e+00
    464.000    458.689     0.0474  28.856207     0.0496  28.856118     4.8439     5.0074     0.0042    97.7809 1.0000e-12  -73.94007 -111.42104  42.302984      99.93 3.3494e+01    671.818      16125  1029.8412  1029.8390     4.6386     0.0712     0.1278    34.4267    34.4241    8.03243         24 0.0000e+00
    465.000    459.676     0.0480  28.857220     0.0505  28.857488     4.8822     4.9996     0.0060    97.8014 1.0000e-12  -73.94006 -111.42105  42.302995      99.93 3.3641e+01    672.808      16148  1029.8460  1029.8439     4.6396     0.0713     0.1297    34.4268    34.4243    8.03230         24 0.0000e+00
    466.000    460.663     0.0489  28.858610     0.0513  28.858626     4.8656     5.0004     0.0114    97.8025 1.0000e-12  -73.94006 -111.42106  42.303007      99.93 3.3139e+01    673.791      16172  1029.8509  1029.8487     4.6396     0.0724     0.1334    34.4270    34.4244    8.03210         24 0.0000e+00
