ocean_section_plots/required_files/ctd/dnbp2202_ctd200.cnv
* Sea-Bird SBE 9 Data File:
* FileName = D:\Data\raw\NBP2202_CTD200.hex
* Software Version Seasave V 7.26.7.121
* Temperature SN = 1649
* Conductivity SN = 2513
* Number of Bytes Per Scan = 40
* Number of Voltage Words = 5
* Number of Scans Averaged by the Deck Unit = 1
* NMEA Latitude = 73 52.88 S
* NMEA Longitude = 113 07.16 W
* NMEA UTC (Time) = Feb 08 2022  17:13:48
* NMEA baud rate = 9600
** Ship: RVIB N.B. Palmer
** Cruise: NBP2202 Thwaites
** Station: 119
** Operator: A. Robinson
# nquan = 28
# nvalues = 673                         
# units = specified
# name 0 = prDM: Pressure, Digiquartz [db]
# name 1 = depSM: Depth [salt water, m]
# name 2 = t090C: Temperature [ITS-90, deg C]
# name 3 = c0mS/cm: Conductivity [mS/cm]
# name 4 = t190C: Temperature, 2 [ITS-90, deg C]
# name 5 = c1mS/cm: Conductivity, 2 [mS/cm]
# name 6 = sbeox0ML/L: Oxygen, SBE 43 [ml/l]
# name 7 = sbeox1ML/L: Oxygen, SBE 43, 2 [ml/l]
# name 8 = flECO-AFL: Fluorescence, WET Labs ECO-AFL/FL [mg/m^3]
# name 9 = CStarTr0: Beam Transmission, WET Labs C-Star [%]
# name 10 = par: PAR/Irradiance, Biospherical/Licor
# name 11 = latitude: Latitude [deg]
# name 12 = longitude: Longitude [deg]
# name 13 = timeJ: Julian Days
# name 14 = altM: Altimeter [m]
# name 15 = spar: SPAR, Biospherical/Licor
# name 16 = timeS: Time, Elapsed [seconds]
# name 17 = scan: Scan Count
# name 18 = density00: Density [density, kg/m^3]
# name 19 = density11: Density, 2 [density, kg/m^3]
# name 20 = v3: Voltage 3
# name 21 = v4: Voltage 4
# name 22 = v5: Voltage 5
# name 23 = sal00: Salinity, Practical [PSU]
# name 24 = sal11: Salinity, Practical, 2 [PSU]
# name 25 = oxsolML/L: Oxygen Saturation, Garcia & Gordon [ml/l]
# name 26 = nbin: number of scans per bin
# name 27 = flag: flag
# span 0 =      1.000,    673.000       
# span 1 =      0.987,    664.968       
# span 2 =    -1.5893,     0.2047       
# span 3 =  27.073011,  29.081466       
# span 4 =    -1.5884,     0.2069       
# span 5 =  27.072799,  29.081611       
# span 6 =     4.6792,     9.0140       
# span 7 =     4.8046,     9.3149       
# span 8 =    -0.0167,    24.2786       
# span 9 =    75.9018,    98.6462       
# span 10 = -1.311e-04, 3.1687e+02      
# span 11 =  -73.88147,  -73.88144      
# span 12 = -113.11938, -113.11933      
# span 13 =  39.720726,  39.732436      
# span 14 =       2.89,     104.29      
# span 15 = 2.2917e+02, 2.9338e+02      
# span 16 =    242.728,   1254.487      
# span 17 =       5826,      30109      
# span 18 =  1027.1574,  1030.8133      
# span 19 =  1027.1565,  1030.8111      
# span 20 =     3.6011,     4.6796      
# span 21 =     0.0641,     4.2594      
# span 22 =     0.1129,     0.2644      
# span 23 =    33.7824,    34.4258      
# span 24 =    33.7810,    34.4235      
# span 25 =    7.99965,    8.40472      
# span 26 =         10,         48      
# span 27 = 0.0000e+00, 0.0000e+00      
# interval = decibars: 1                
# start_time = Feb 08 2022 17:13:48 [NMEA time, header]
# bad_flag = -9.990e-29
*END*
[from data line 52]
     53.000     52.445    -0.6263  27.631796    -0.6261  27.629830     8.8165     9.1919    23.4707    77.5037 1.0000e-12  -73.88144 -113.11936  39.722207      99.93 2.4248e+02    370.694       8898  1027.4159  1027.4135     3.6770     3.2573     0.2264    33.7951    33.7922    8.21222         40 0.0000e+00
     54.000     53.435    -0.6225  27.637955    -0.6218  27.637362     8.7701     9.1478    20.6871    77.3688 1.0000e-12  -73.88144 -113.11936  39.722224      99.99 2.4205e+02    372.132       8932  1027.4232  1027.4219     3.6707     3.1578     0.2277    33.7986    33.7970    8.21120         30 0.0000e+00
     55.000     54.424    -0.6201  27.649893    -0.6185  27.645915     8.6648     8.9010    20.1707    77.2393 1.0000e-12  -73.88144 -113.11937  39.722242      99.99 2.4215e+02    373.698       8970  1027.4382  1027.4324     3.6646     3.3239     0.2504    33.8113    33.8042    8.20993         41 0.0000e+00
     56.000     55.413    -0.6867  27.618616    -0.6986  27.616091     7.5994     7.9751    20.9343    77.7494 1.0000e-12  -73.88144 -113.11937  39.722273      96.49 2.4215e+02    376.354       9033  1027.4735  1027.4822     3.6885     3.7303     0.2549    33.8431    33.8530    8.22259         39 0.0000e+00
     57.000     56.405    -0.8515  27.507899    -0.8509  27.508120     7.3348     7.7453    17.6956    77.0008 1.0000e-12  -73.88144 -113.11936  39.722291      97.87 2.4194e+02    377.981       9073  1027.5170  1027.5166     3.6532     2.8166     0.1984    33.8776    33.8772    8.25658         29 0.0000e+00
     58.000     57.393    -0.8795  27.486062    -0.8792  27.486184     7.3246     7.6889    15.1445    76.9935 1.0000e-12  -73.88144 -113.11936  39.722305      99.87 2.4350e+02    379.194       9102  1027.5238  1027.5236     3.6529     3.0869     0.2049    33.8788    33.8787    8.26266         31 0.0000e+00
     59.000     58.380    -0.9127  27.461447    -0.9110  27.463409     7.1461     7.4553    16.7852    78.6107 1.0000e-12  -73.88144 -113.11936  39.722328      99.81 2.4340e+02    381.180       9149  1027.5321  1027.5325     3.7296     3.1191     0.2461    33.8821    33.8828    8.26976         43 0.0000e+00
     60.000     59.371    -1.0174  27.374858    -1.0208  27.374019     6.7825     7.1116    17.3228    78.2486 1.0000e-12  -73.88144 -113.11936  39.722352      99.70 2.4215e+02    383.240       9199  1027.5421  1027.5444     3.7124     2.3937     0.2235    33.8817    33.8843    8.29288         32 0.0000e+00
     61.000     60.361    -1.1291  27.285338    -1.1296  27.285832     6.6614     6.9862    15.5380    79.3153 1.0000e-12  -73.88144 -113.11936  39.722368      99.83 2.4461e+02    384.555       9230  1027.5555  1027.5565     3.7629     2.5406     0.2174    33.8849    33.8862    8.31742         31 0.0000e+00
     62.000     61.347    -1.2155  27.216059    -1.2155  27.218161     6.5744     6.8759    17.8094    78.7914 1.0000e-12  -73.88144 -113.11936  39.722384      99.76 2.4609e+02    385.962       9264  1027.5660  1027.5683     3.7382     2.4749     0.2077    33.8871    33.8900    8.33652         34 0.0000e+00
     63.000     62.341    -1.2594  27.182292    -1.2589  27.182821     6.5621     6.8290    14.8283    79.5785 1.0000e-12  -73.88144 -113.11936  39.722406      99.72 2.4402e+02    387.871       9310  1027.5736  1027.5736     3.7754     2.5626     0.2362    33.8899    33.8901    8.34616         43 0.0000e+00
     64.000     63.329    -1.2928  27.155117    -1.2958  27.154526     6.5782     6.8123    18.6701    79.5963 1.0000e-12  -73.88144 -113.11936  39.722431      96.74 2.4586e+02    390.067       9363  1027.5781  1027.5804     3.7763     2.5156     0.2644    33.8898    33.8923    8.35362         37 0.0000e+00
     65.000     64.319    -1.2999  27.150449    -1.2921  27.156883     6.5902     6.8112    13.0334    81.4907 1.0000e-12  -73.88144 -113.11936  39.722447      99.54 2.4661e+02    391.463       9396  1027.5830  1027.5824     3.8661     2.2027     0.1961    33.8908    33.8908    8.35516         27 0.0000e+00
     66.000     65.307    -1.3046  27.146303    -1.3045  27.146541     6.5931     6.8036    10.8934    79.6613 1.0000e-12  -73.88144 -113.11936  39.722460      99.42 2.4741e+02    392.560       9422  1027.5864  1027.5866     3.7794     1.8732     0.2076    33.8898    33.8900    8.35626         26 0.0000e+00
     67.000     66.298    -1.3130  27.140252    -1.3142  27.139374     6.5949     6.7919    12.9749    80.9998 1.0000e-12  -73.88144 -113.11936  39.722475      99.54 2.4544e+02    393.820       9453  1027.5914  1027.5916     3.8429     2.0979     0.2132    33.8903    33.8905    8.35811         35 0.0000e+00
     68.000     67.286    -1.3207  27.134211    -1.3270  27.129564     6.5725     6.7691    11.3618    83.7650 1.0000e-12  -73.88144 -113.11936  39.722496      99.42 2.4703e+02    395.683       9497  1027.5955  1027.5964     3.9739     1.8946     0.1847    33.8902    33.8909    8.35985         45 0.0000e+00
     69.000     68.275    -1.3401  27.118985    -1.3385  27.119953     6.5571     6.7628    10.2339    83.7972 1.0000e-12  -73.88144 -113.11934  39.722514      99.43 2.4628e+02    397.228       9534  1027.6011  1027.6006     3.9755     2.0593     0.1816    33.8906    33.8901    8.36418         28 0.0000e+00
     70.000     69.265    -1.3559  27.106110    -1.3556  27.106397     6.5496     6.7508    11.6649    83.9550 1.0000e-12  -73.88146 -113.11936  39.722526      99.41 2.4651e+02    398.274       9560  1027.6061  1027.6061     3.9830     1.9100     0.1784    33.8901    33.8903    8.36774         24 0.0000e+00
     71.000     70.255    -1.3632  27.102208    -1.3625  27.102499     6.5485     6.7528    10.7833    83.2746 1.0000e-12  -73.88144 -113.11934  39.722538      99.38 2.4846e+02    399.269       9583  1027.6127  1027.6123     3.9506     1.6487     0.2036    33.8924    33.8921    8.36924         25 0.0000e+00
     72.000     71.242    -1.3651  27.102196    -1.3644  27.102477     6.5533     6.7527    10.0611    83.1257 1.0000e-12  -73.88144 -113.11936  39.722552      99.40 2.4857e+02    400.510       9613  1027.6184  1027.6180     3.9436     1.6286     0.1637    33.8940    33.8936    8.36959         34 0.0000e+00
     73.000     72.233    -1.3646  27.105141    -1.3636  27.105315     6.5477     6.7422    12.5994    83.5351 1.0000e-12  -73.88144 -113.11936  39.722572      99.43 2.4818e+02    402.216       9654  1027.6249  1027.6241     3.9631     1.7387     0.1913    33.8968    33.8960    8.36929         37 0.0000e+00
     74.000     73.222    -1.3665  27.107051    -1.3659  27.107252     6.5398     6.7439    11.7877    84.4459 1.0000e-12  -73.88146 -113.11936  39.722588      98.58 2.4811e+02    403.616       9688  1027.6329  1027.6325     4.0063     1.5729     0.1740    33.9011    33.9006    8.36949         27 0.0000e+00
     75.000     74.211    -1.3827  27.099415    -1.3820  27.099740     6.5276     6.7280     9.5251    84.8628 1.0000e-12  -73.88146 -113.11936  39.722600      99.42 2.4817e+02    404.623       9712  1027.6442  1027.6439     4.0260     1.7066     0.2070    33.9083    33.9079    8.37269         22 0.0000e+00
     76.000     75.202    -1.3891  27.098169    -1.3883  27.098410     6.5150     6.7093     9.5184    84.2402 1.0000e-12  -73.88146 -113.11936  39.722610      99.48 2.4729e+02    405.516       9733  1027.6532  1027.6527     3.9965     1.4666     0.1751    33.9131    33.9126    8.37382         22 0.0000e+00
     77.000     76.190    -1.3920  27.098560    -1.3911  27.098745     6.4930     6.6959     7.8581    85.0619 1.0000e-12  -73.88146 -113.11936  39.722622      99.52 2.4901e+02    406.502       9757  1027.6606  1027.6599     4.0355     1.3465     0.1568    33.9164    33.9156    8.37429         26 0.0000e+00
     78.000     77.180    -1.3940  27.098252    -1.3932  27.098519     6.4714     6.6759     6.9419    85.5421 1.0000e-12  -73.88146 -113.11936  39.722637      99.60 2.4932e+02    407.855       9790  1027.6662  1027.6658     4.0582     1.1801     0.1753    33.9177    33.9171    8.37467         37 0.0000e+00
     79.000     78.169    -1.3951  27.100559    -1.3943  27.100599     6.4547     6.6584     7.5798    87.1921 1.0000e-12  -73.88146 -113.11935  39.722656      99.66 2.4778e+02    409.448       9828  1027.6739  1027.6731     4.1364     1.0770     0.1621    33.9215    33.9205    8.37470         32 0.0000e+00
     80.000     79.157    -1.3956  27.102751    -1.3946  27.103086     6.4480     6.6487     6.7451    88.9761 1.0000e-12  -73.88146 -113.11935  39.722669      99.76 2.4806e+02    410.624       9856  1027.6809  1027.6803     4.2211     0.8663     0.1649    33.9244    33.9237    8.37462         24 0.0000e+00
     81.000     80.147    -1.3970  27.102774    -1.3960  27.103016     6.4415     6.6375     5.3527    90.3168 1.0000e-12  -73.88146 -113.11934  39.722680      99.69 2.4920e+02    411.533       9878  1027.6865  1027.6858     4.2846     1.0128     0.1567    33.9254    33.9246    8.37489         20 0.0000e+00
     82.000     81.137    -1.3978  27.103313    -1.3970  27.103398     6.4297     6.6292     5.6825    90.3497 1.0000e-12  -73.88146 -113.11936  39.722690      99.70 2.4841e+02    412.391       9898  1027.6921  1027.6914     4.2862     0.9793     0.1602    33.9264    33.9256    8.37501         22 0.0000e+00
     83.000     82.125    -1.4032  27.101749    -1.4032  27.101765     6.4266     6.6206     5.2230    90.1736 1.0000e-12  -73.88146 -113.11935  39.722702      99.72 2.4910e+02    413.431       9923  1027.6998  1027.6998     4.2778     0.9484     0.1509    33.9298    33.9298    8.37602         29 0.0000e+00
     84.000     83.114    -1.4091  27.099525    -1.4084  27.099475     6.4164     6.6181     5.2234    89.4567 1.0000e-12  -73.88146 -113.11935  39.722718      99.69 2.4980e+02    414.858       9958  1027.7072  1027.7065     4.2439     1.0158     0.1452    33.9328    33.9319    8.37716         36 0.0000e+00
     85.000     84.104    -1.4118  27.098298    -1.4109  27.098539     6.4070     6.6106     6.5006    89.9670 1.0000e-12  -73.88146 -113.11936  39.722736      98.36 2.4941e+02    416.356       9994  1027.7127  1027.7120     4.2680     0.8564     0.1538    33.9336    33.9328    8.37773         31 0.0000e+00
     86.000     85.093    -1.4134  27.098048    -1.4133  27.097702     6.3906     6.6011     5.5736    90.2784 1.0000e-12  -73.88146 -113.11934  39.722749      97.67 2.5050e+02    417.487      10021  1027.7181  1027.7177     4.2828     1.0039     0.1670    33.9344    33.9338    8.37803         25 0.0000e+00
     87.000     86.083    -1.4190  27.095743    -1.4173  27.096358     6.3816     6.5938     5.2088    90.5573 1.0000e-12  -73.88146 -113.11936  39.722760      99.75 2.4969e+02    418.434      10043  1027.7253  1027.7243     4.2961     0.8521     0.1708    33.9370    33.9359    8.37914         22 0.0000e+00
     88.000     87.071    -1.4251  27.094138    -1.4244  27.094329     6.3844     6.5836     5.1318    90.2108 1.0000e-12  -73.88146 -113.11936  39.722770      99.82 2.4889e+02    419.354      10065  1027.7337  1027.7332     4.2796     0.6880     0.1560    33.9411    33.9405    8.38027         23 0.0000e+00
     89.000     88.062    -1.4273  27.093846    -1.4270  27.093838     6.3816     6.5714     4.8526    90.3723 1.0000e-12  -73.88146 -113.11936  39.722783      99.74 2.4945e+02    420.450      10092  1027.7397  1027.7394     4.2873     0.8947     0.1414    33.9426    33.9422    8.38068         31 0.0000e+00
     90.000     89.050    -1.4297  27.093741    -1.4288  27.093899     6.3699     6.5595     4.9976    90.4814 1.0000e-12  -73.88146 -113.11936  39.722801      99.75 2.4899e+02    422.010      10129  1027.7460  1027.7454     4.2924     0.8334     0.1527    33.9444    33.9436    8.38110         41 0.0000e+00
     91.000     90.040    -1.4368  27.090422    -1.4367  27.090181     6.3599     6.5577     4.7730    91.1293 1.0000e-12  -73.88146 -113.11936  39.722818      99.75 2.5005e+02    423.498      10165  1027.7535  1027.7531     4.3232     0.8589     0.1523    33.9473    33.9468    8.38252         29 0.0000e+00
     92.000     91.028    -1.4435  27.086691    -1.4431  27.086644     6.3557     6.5539     4.1259    90.5696 1.0000e-12  -73.88146 -113.11936  39.722830      99.81 2.5009e+02    424.545      10190  1027.7601  1027.7597     4.2966     0.7158     0.1432    33.9492    33.9487    8.38393         22 0.0000e+00
     93.000     92.019    -1.4485  27.083793    -1.4473  27.084304     6.3576     6.5539     3.2290    91.2973 1.0000e-12  -73.88146 -113.11936  39.722841      99.82 2.5106e+02    425.443      10212  1027.7660  1027.7654     4.3313     0.6698     0.1526    33.9503    33.9495    8.38499         22 0.0000e+00
     94.000     93.008    -1.4508  27.082866    -1.4500  27.083028     6.3549     6.5561     3.3008    91.8731 1.0000e-12  -73.88146 -113.11936  39.722852      99.84 2.5131e+02    426.385      10234  1027.7714  1027.7708     4.3583     0.6323     0.1548    33.9509    33.9503    8.38546         25 0.0000e+00
     95.000     93.997    -1.4526  27.082274    -1.4514  27.082493     6.3536     6.5478     3.4207    92.0098 1.0000e-12  -73.88146 -113.11936  39.722866      99.80 2.4944e+02    427.624      10264  1027.7766  1027.7757     4.3649     0.7353     0.1437    33.9515    33.9504    8.38583         35 0.0000e+00
     96.000     94.986    -1.4531  27.082705    -1.4524  27.082747     6.3532     6.5427     4.1525    91.8678 1.0000e-12  -73.88146 -113.11936  39.722884      96.51 2.5129e+02    429.210      10302  1027.7818  1027.7811     4.3582     0.7409     0.1543    33.9521    33.9513    8.38592         37 0.0000e+00
     97.000     95.975    -1.4529  27.083618    -1.4523  27.083558     6.3526     6.5478     3.6071    92.1769 1.0000e-12  -73.88146 -113.11936  39.722899      99.91 2.5089e+02    430.485      10333  1027.7868  1027.7861     4.3732     0.6044     0.1516    33.9525    33.9517    8.38584         25 0.0000e+00
     98.000     96.964    -1.4530  27.084113    -1.4520  27.084432     6.3457     6.5444     3.3423    92.8648 1.0000e-12  -73.88146 -113.11936  39.722910      99.80 2.4689e+02    431.455      10356  1027.7917  1027.7911     4.4050     0.7468     0.1485    33.9527    33.9520    8.38586         22 0.0000e+00
     99.000     97.953    -1.4545  27.083753    -1.4536  27.083844     6.3328     6.5361     3.3260    92.4287 1.0000e-12  -73.88146 -113.11936  39.722921      99.84 2.5077e+02    432.364      10378  1027.7970  1027.7963     4.3848     0.6113     0.1558    33.9532    33.9524    8.38616         22 0.0000e+00
    100.000     98.942    -1.4575  27.082295    -1.4569  27.082195     6.3279     6.5231     3.3411    92.9082 1.0000e-12  -73.88144 -113.11936  39.722932      99.84 2.5241e+02    433.361      10402  1027.8026  1027.8019     4.4076     0.6031     0.1481    33.9541    33.9532    8.38680         28 0.0000e+00
    101.000     99.932    -1.4601  27.081225    -1.4591  27.081302     6.3140     6.5128     3.3973    92.5290 1.0000e-12  -73.88144 -113.11936  39.722948      99.88 2.4938e+02    434.707      10434  1027.8081  1027.8072     4.3895     0.4687     0.1523    33.9549    33.9538    8.38732         35 0.0000e+00
    102.000    100.921    -1.4602  27.081656    -1.4598  27.081388     6.2980     6.5076     3.8720    93.0158 1.0000e-12  -73.88144 -113.11936  39.722966      99.80 2.5146e+02    436.226      10470  1027.8129  1027.8122     4.4126     0.7209     0.1369    33.9549    33.9541    8.38734         30 0.0000e+00
    103.000    101.910    -1.4620  27.081072    -1.4613  27.081090     6.2919     6.4960     2.6552    93.1170 1.0000e-12  -73.88144 -113.11936  39.722979      99.81 2.5283e+02    437.407      10499  1027.8183  1027.8176     4.4174     0.6848     0.1451    33.9556    33.9548    8.38772         25 0.0000e+00
