ocean_section_plots/required_files/ctd/dnbp2202_ctd089.cnv
* Sea-Bird SBE 9 Data File:
* FileName = D:\Data\raw\NBP2202_CTD089.hex
* Software Version Seasave V 7.26.7.121
* Temperature SN = 1649
* Conductivity SN = 2513
* Number of Bytes Per Scan = 40
* Number of Voltage Words = 5
* Number of Scans Averaged by the Deck Unit = 1
* NMEA Latitude = 74 10.51 S
* NMEA Longitude = 113 20.67 W
* NMEA UTC (Time) = Jan 26 2022  21:15:29
* NMEA baud rate = 9600
** Ship: RVIB N.B. Palmer
** Cruise: NBP2202 Thwaites
** Station: YoYo001
** Operator: A. Robinson
# nquan = 25
# nvalues = 606                         
# units = specified
# name 0 = prDM: Pressure, Digiquartz [db]
# name 1 = depSM: Depth [salt water, m]
# name 2 = t090C: Temperature [ITS-90, deg C]
# name 3 = c0mS/cm: Conductivity [mS/cm]
# name 4 = t190C: Temperature, 2 [ITS-90, deg C]
# name 5 = c1mS/cm: Conductivity, 2 [mS/cm]
# name 6 = sbeox0ML/L: Oxygen, SBE 43 [ml/l]
# name 7 = sbeox1ML/L: Oxygen, SBE 43, 2 [ml/l]
# name 8 = flECO-AFL: Fluorescence, WET Labs ECO-AFL/FL [mg/m^3]
# name 9 = CStarTr0: Beam Transmission, WET Labs C-Star [%]
# name 10 = par: PAR/Irradiance, Biospherical/Licor
# name 11 = latitude: Latitude [deg]
# name 12 = longitude: Longitude [deg]
# name 13 = timeJ: Julian Days
# name 14 = altM: Altimeter [m]
# name 15 = spar: SPAR, Biospherical/Licor
# name 16 = timeS: Time, Elapsed [seconds]
# name 17 = scan: Scan Count
# name 18 = density00: Density [density, kg/m^3]
# name 19 = density11: Density, 2 [density, kg/m^3]
# name 20 = sal00: Salinity, Practical [PSU]
# name 21 = sal11: Salinity, Practical, 2 [PSU]
# name 22 = oxsolML/L: Oxygen Saturation, Garcia & Gordon [ml/l]
# name 23 = nbin: number of scans per bin
# name 24 = flag: flag
# span 0 =     10.000,    615.000       
# span 1 =      9.895,    607.733       
# span 2 =    -1.5411,     0.1110       
# span 3 =  26.904297,  28.947146       
# span 4 =    -1.5401,     0.1143       
# span 5 =  26.904441,  28.947892       
# span 6 =     4.6838,     8.6834       
# span 7 =     4.7547,     8.5968       
# span 8 =    -0.0219,    23.8929       
# span 9 =    66.4878,    95.6572       
# span 10 = 1.0000e-12, 7.0918e+01      
# span 11 =  -74.17530,  -74.17530      
# span 12 = -113.34462, -113.34458      
# span 13 =  26.886167,  26.895020      
# span 14 =       5.63,     100.20      
# span 15 = 1.8514e+03, 1.9171e+03      
# span 16 =     35.793,    800.707      
# span 17 =        860,      19218      
# span 18 =  1027.2273,  1030.5165      
# span 19 =  1027.2259,  1030.5141      
# span 20 =    33.7967,    34.3869      
# span 21 =    33.7950,    34.3843      
# span 22 =    8.02136,    8.41299      
# span 23 =         16,         64      
# span 24 = 0.0000e+00, 0.0000e+00      
# interval = decibars: 1                
# start_time = Jan 26 2022 21:15:29 [NMEA time, header]
# bad_flag = -9.990e-29
*END*
[from data line 174]
    184.000    182.015    -0.9146  27.631314    -0.9129  27.630682     5.1325     5.2234    -0.0150    95.3810 1.0000e-12  -74.17530 -113.34460  26.888549      81.56 1.9092e+03    241.656       5801  1028.2509  1028.2486    34.0379    34.0351    8.26108         29 0.0000e+00
    185.000    183.003    -0.9101  27.635913    -0.9093  27.634619     5.1273     5.2156    -0.0197    95.3745 1.0000e-12  -74.17530 -113.34460  26.888563      99.06 1.9092e+03    242.848       5829  1028.2559  1028.2538    34.0384    34.0358    8.26005         28 0.0000e+00
    186.000    183.993    -0.9067  27.640165    -0.9046  27.639842     5.1207     5.2110    -0.0152    95.3864 1.0000e-12  -74.17530 -113.34460  26.888577      99.87 1.9092e+03    244.048       5858  1028.2616  1028.2592    34.0397    34.0369    8.25922         29 0.0000e+00
    187.000    184.981    -0.9004  27.646719    -0.8986  27.646215     5.1202     5.2054    -0.0219    95.3937 1.0000e-12  -74.17530 -113.34460  26.888591      99.86 1.9092e+03    245.231       5887  1028.2670  1028.2647    34.0409    34.0382    8.25778         28 0.0000e+00
    188.000    185.969    -0.8948  27.652716    -0.8929  27.652311     5.1156     5.1980    -0.0216    95.3845 1.0000e-12  -74.17530 -113.34460  26.888604      99.87 1.9092e+03    246.396       5915  1028.2725  1028.2702    34.0421    34.0394    8.25648         28 0.0000e+00
    189.000    186.959    -0.8920  27.655821    -0.8904  27.655159     5.1179     5.1965    -0.0154    95.3736 1.0000e-12  -74.17530 -113.34460  26.888617      99.87 1.9092e+03    247.551       5942  1028.2776  1028.2753    34.0426    34.0399    8.25584         28 0.0000e+00
    190.000    187.946    -0.8918  27.656298    -0.8900  27.656006     5.1216     5.2016     0.0119    95.2763 1.0000e-12  -74.17530 -113.34460  26.888631      99.86 1.9092e+03    248.726       5970  1028.2823  1028.2802    34.0424    34.0399    8.25581         28 0.0000e+00
    191.000    188.937    -0.8937  27.655048    -0.8919  27.654607     5.1198     5.1992    -0.0157    95.2692 1.0000e-12  -74.17530 -113.34460  26.888645      99.87 1.9096e+03    249.911       5999  1028.2871  1028.2849    34.0421    34.0395    8.25623         29 0.0000e+00
    192.000    189.925    -0.8954  27.653727    -0.8934  27.653681     5.1216     5.2052    -0.0219    95.3671 1.0000e-12  -74.17530 -113.34460  26.888659      99.87 1.9086e+03    251.105       6028  1028.2918  1028.2897    34.0417    34.0393    8.25664         28 0.0000e+00
    193.000    190.913    -0.8959  27.653661    -0.8942  27.653158     5.1223     5.2077    -0.0176    95.3643 1.0000e-12  -74.17530 -113.34460  26.888672      99.87 1.9077e+03    252.287       6056  1028.2965  1028.2944    34.0416    34.0390    8.25676         28 0.0000e+00
    194.000    191.902    -0.8960  27.654076    -0.8939  27.653861     5.1247     5.2082    -0.0182    95.3504 1.0000e-12  -74.17530 -113.34460  26.888686      99.87 1.9064e+03    253.449       6084  1028.3014  1028.2992    34.0416    34.0390    8.25677         28 0.0000e+00
    195.000    192.890    -0.8979  27.652492    -0.8964  27.651920     5.1230     5.2076    -0.0171    95.3588 1.0000e-12  -74.17530 -113.34460  26.888699      79.06 1.9028e+03    254.603       6111  1028.3059  1028.3038    34.0411    34.0386    8.25723         28 0.0000e+00
    196.000    193.880    -0.8986  27.652427    -0.8972  27.651694     5.1232     5.1993    -0.0080    95.3505 1.0000e-12  -74.17530 -113.34460  26.888713      91.65 1.9026e+03    255.767       6139  1028.3107  1028.3086    34.0410    34.0385    8.25737         28 0.0000e+00
    197.000    194.868    -0.8973  27.654182    -0.8954  27.653747     5.1224     5.2036    -0.0116    95.3533 1.0000e-12  -74.17530 -113.34460  26.888726      99.56 1.9039e+03    256.948       6168  1028.3156  1028.3134    34.0414    34.0386    8.25707         28 0.0000e+00
    198.000    195.858    -0.8959  27.655947    -0.8940  27.655588     5.1225     5.2027    -0.0197    95.3559 1.0000e-12  -74.17530 -113.34460  26.888740      99.88 1.9038e+03    258.133       6196  1028.3205  1028.3184    34.0415    34.0390    8.25674         27 0.0000e+00
    199.000    196.846    -0.8955  27.656733    -0.8936  27.656487     5.1229     5.2042    -0.0070    95.3535 1.0000e-12  -74.17530 -113.34460  26.888754      99.87 1.9039e+03    259.333       6225  1028.3254  1028.3232    34.0416    34.0391    8.25667         29 0.0000e+00
    200.000    197.834    -0.8930  27.659746    -0.8910  27.659511     5.1152     5.2045    -0.0204    95.3544 1.0000e-12  -74.17530 -113.34460  26.888768      99.87 1.9039e+03    260.546       6254  1028.3305  1028.3283    34.0422    34.0397    8.25607         29 0.0000e+00
    201.000    198.822    -0.8928  27.660324    -0.8911  27.659885     5.1117     5.2033    -0.0139    95.3616 1.0000e-12  -74.17530 -113.34460  26.888782      99.87 1.9039e+03    261.742       6283  1028.3352  1028.3331    34.0422    34.0397    8.25603         28 0.0000e+00
    202.000    199.812    -0.8921  27.661648    -0.8900  27.661484     5.1120     5.2032    -0.0199    95.3669 1.0000e-12  -74.17530 -113.34460  26.888795      99.87 1.9037e+03    262.924       6311  1028.3403  1028.3381    34.0425    34.0400    8.25586         29 0.0000e+00
    203.000    200.801    -0.8908  27.663389    -0.8887  27.663210     5.1098     5.2026    -0.0156    95.3469 1.0000e-12  -74.17530 -113.34460  26.888809      99.87 1.9041e+03    264.097       6339  1028.3452  1028.3431    34.0428    34.0403    8.25555         28 0.0000e+00
    204.000    201.789    -0.8889  27.665869    -0.8874  27.664949     5.1014     5.1937    -0.0216    95.3532 1.0000e-12  -74.17530 -113.34460  26.888823      99.86 1.9047e+03    265.267       6367  1028.3503  1028.3480    34.0434    34.0405    8.25510         28 0.0000e+00
    205.000    202.778    -0.8800  27.675267    -0.8776  27.675042     5.0963     5.1843    -0.0200    95.3662 1.0000e-12  -74.17530 -113.34460  26.888836      99.87 1.9047e+03    266.441       6396  1028.3562  1028.3537    34.0455    34.0426    8.25303         28 0.0000e+00
    206.000    203.767    -0.8739  27.681741    -0.8710  27.682138     5.0949     5.1810    -0.0193    95.3508 1.0000e-12  -74.17530 -113.34460  26.888850      83.93 1.9060e+03    267.630       6424  1028.3617  1028.3593    34.0468    34.0441    8.25162         29 0.0000e+00
    207.000    204.755    -0.8696  27.686448    -0.8674  27.686235     5.0952     5.1776    -0.0208    95.3496 1.0000e-12  -74.17530 -113.34460  26.888864      96.44 1.9066e+03    268.822       6453  1028.3669  1028.3647    34.0477    34.0450    8.25062         28 0.0000e+00
    208.000    205.744    -0.8689  27.687437    -0.8671  27.687126     5.0849     5.1807    -0.0162    95.3527 1.0000e-12  -74.17530 -113.34460  26.888877      99.90 1.9069e+03    270.010       6481  1028.3717  1028.3696    34.0477    34.0452    8.25047         29 0.0000e+00
    209.000    206.732    -0.8677  27.689005    -0.8649  27.689621     5.0870     5.1751    -0.0137    95.3505 1.0000e-12  -74.17530 -113.34460  26.888891      99.87 1.9074e+03    271.187       6509  1028.3766  1028.3746    34.0478    34.0456    8.25020         28 0.0000e+00
    210.000    207.722    -0.8671  27.690187    -0.8641  27.690772     5.0915     5.1764    -0.0137    95.3569 1.0000e-12  -74.17530 -113.34460  26.888905      99.87 1.9057e+03    272.356       6538  1028.3817  1028.3795    34.0482    34.0456    8.25006         28 0.0000e+00
    211.000    208.709    -0.8672  27.690370    -0.8651  27.690377     5.0877     5.1662    -0.0142    95.3441 1.0000e-12  -74.17530 -113.34460  26.888918      99.87 1.9057e+03    273.522       6566  1028.3864  1028.3843    34.0479    34.0455    8.25010         28 0.0000e+00
    212.000    209.699    -0.8658  27.692247    -0.8638  27.691929     5.0817     5.1637    -0.0051    95.3321 1.0000e-12  -74.17530 -113.34460  26.888932      99.87 1.9067e+03    274.687       6593  1028.3913  1028.3891    34.0482    34.0456    8.24976         28 0.0000e+00
    213.000    210.686    -0.8630  27.695400    -0.8610  27.695058     5.0855     5.1677    -0.0119    95.3441 1.0000e-12  -74.17530 -113.34460  26.888945      99.87 1.9048e+03    275.853       6621  1028.3963  1028.3941    34.0487    34.0461    8.24911         28 0.0000e+00
    214.000    211.675    -0.8619  27.696889    -0.8599  27.696530     5.0877     5.1671    -0.0189    95.3477 1.0000e-12  -74.17530 -113.34460  26.888959      99.87 1.9038e+03    277.017       6649  1028.4012  1028.3989    34.0490    34.0462    8.24887         28 0.0000e+00
    215.000    212.665    -0.8614  27.697700    -0.8595  27.697493     5.0844     5.1587    -0.0052    95.3478 1.0000e-12  -74.17530 -113.34460  26.888972      99.87 1.9017e+03    278.180       6677  1028.4060  1028.4039    34.0489    34.0464    8.24877         28 0.0000e+00
    216.000    213.652    -0.8606  27.698928    -0.8588  27.698617     5.0806     5.1674    -0.0141    95.3360 1.0000e-12  -74.17530 -113.34460  26.888985      99.87 1.8956e+03    279.338       6705  1028.4108  1028.4087    34.0490    34.0465    8.24858         28 0.0000e+00
    217.000    214.642    -0.8592  27.700832    -0.8574  27.700389     5.0750     5.1673    -0.0189    95.3259 1.0000e-12  -74.17530 -113.34460  26.888999      79.73 1.8987e+03    280.500       6733  1028.4158  1028.4136    34.0494    34.0467    8.24825         28 0.0000e+00
    218.000    215.630    -0.8572  27.703352    -0.8552  27.702982     5.0749     5.1658    -0.0132    95.3266 1.0000e-12  -74.17530 -113.34460  26.889013      90.27 1.9004e+03    281.682       6761  1028.4210  1028.4187    34.0499    34.0472    8.24779         28 0.0000e+00
    219.000    216.619    -0.8542  27.706874    -0.8521  27.706674     5.0706     5.1562    -0.0129    95.3369 1.0000e-12  -74.17530 -113.34460  26.889026      99.49 1.9000e+03    282.872       6790  1028.4262  1028.4240    34.0508    34.0481    8.24709         28 0.0000e+00
    220.000    217.607    -0.8470  27.714736    -0.8446  27.714606     5.0586     5.1498    -0.0140    95.3395 1.0000e-12  -74.17530 -113.34460  26.889040      99.88 1.9013e+03    284.035       6818  1028.4321  1028.4296    34.0526    34.0498    8.24539         28 0.0000e+00
    221.000    218.596    -0.8419  27.720358    -0.8397  27.720156     5.0554     5.1454    -0.0085    95.3386 1.0000e-12  -74.17530 -113.34460  26.889053      99.86 1.9040e+03    285.193       6846  1028.4376  1028.4352    34.0539    34.0512    8.24421         28 0.0000e+00
    222.000    219.585    -0.8332  27.729567    -0.8317  27.728704     5.0569     5.1398    -0.0095    95.3311 1.0000e-12  -74.17530 -113.34460  26.889067      99.87 1.9074e+03    286.366       6874  1028.4434  1028.4410    34.0559    34.0530    8.24218         28 0.0000e+00
    223.000    220.572    -0.8312  27.732034    -0.8291  27.731791     5.0558     5.1365    -0.0127    95.3198 1.0000e-12  -74.17530 -113.34460  26.889080      99.87 1.9091e+03    287.540       6902  1028.4485  1028.4462    34.0564    34.0537    8.24171         29 0.0000e+00
    224.000    221.563    -0.8296  27.734007    -0.8278  27.733634     5.0568     5.1388    -0.0134    95.3256 1.0000e-12  -74.17530 -113.34460  26.889094      99.86 1.9091e+03    288.717       6930  1028.4535  1028.4513    34.0566    34.0541    8.24135         28 0.0000e+00
    225.000    222.551    -0.8290  27.735101    -0.8272  27.734675     5.0552     5.1442    -0.0197    95.3205 1.0000e-12  -74.17530 -113.34460  26.889107      99.87 1.9073e+03    289.888       6958  1028.4584  1028.4562    34.0569    34.0542    8.24121         27 0.0000e+00
    226.000    223.537    -0.8286  27.735860    -0.8266  27.735583     5.0565     5.1388    -0.0216    95.3370 1.0000e-12  -74.17530 -113.34460  26.889121      99.87 1.9067e+03    291.043       6986  1028.4633  1028.4610    34.0568    34.0542    8.24113         28 0.0000e+00
    227.000    224.527    -0.8277  27.737189    -0.8263  27.736522     5.0533     5.1343    -0.0153    95.3251 1.0000e-12  -74.17530 -113.34460  26.889134      99.87 1.9062e+03    292.206       7014  1028.4682  1028.4660    34.0570    34.0545    8.24091         29 0.0000e+00
    228.000    225.516    -0.8274  27.737965    -0.8257  27.737503     5.0540     5.1396    -0.0150    95.3291 1.0000e-12  -74.17530 -113.34460  26.889148      95.49 1.9053e+03    293.368       7042  1028.4730  1028.4709    34.0571    34.0545    8.24084         27 0.0000e+00
    229.000    226.504    -0.8268  27.738946    -0.8252  27.738454     5.0509     5.1415    -0.0150    95.3201 1.0000e-12  -74.17530 -113.34460  26.889161      88.93 1.9052e+03    294.532       7070  1028.4779  1028.4758    34.0571    34.0546    8.24071         28 0.0000e+00
    230.000    227.493    -0.8251  27.741104    -0.8239  27.740223     5.0496     5.1310    -0.0147    95.3065 1.0000e-12  -74.17530 -113.34460  26.889175      98.72 1.9047e+03    295.708       7098  1028.4829  1028.4807    34.0575    34.0549    8.24032         29 0.0000e+00
    231.000    228.482    -0.8200  27.746756    -0.8176  27.746853     5.0478     5.1299    -0.0103    95.3082 1.0000e-12  -74.17530 -113.34460  26.889189      99.88 1.9035e+03    296.904       7127  1028.4883  1028.4861    34.0588    34.0562    8.23913         28 0.0000e+00
    232.000    229.470    -0.8160  27.751048    -0.8143  27.750589     5.0445     5.1274    -0.0057    95.3127 1.0000e-12  -74.17530 -113.34460  26.889202      99.87 1.9027e+03    298.088       7155  1028.4935  1028.4913    34.0595    34.0570    8.23821         29 0.0000e+00
    233.000    230.460    -0.8155  27.752017    -0.8139  27.751437     5.0417     5.1254    -0.0126    95.3055 1.0000e-12  -74.17530 -113.34460  26.889216      99.87 1.9021e+03    299.257       7183  1028.4983  1028.4962    34.0596    34.0571    8.23810         28 0.0000e+00
    234.000    231.446    -0.8111  27.756850    -0.8091  27.756696     5.0371     5.1256    -0.0163    95.3127 1.0000e-12  -74.17530 -113.34460  26.889230      99.87 1.9021e+03    300.430       7211  1028.5036  1028.5016    34.0606    34.0582    8.23707         28 0.0000e+00
    235.000    232.436    -0.8094  27.758983    -0.8078  27.758483     5.0385     5.1184    -0.0123    95.2859 1.0000e-12  -74.17530 -113.34460  26.889243      99.87 1.9021e+03    301.598       7239  1028.5086  1028.5066    34.0609    34.0585    8.23668         27 0.0000e+00
    236.000    233.425    -0.8089  27.759903    -0.8072  27.759536     5.0381     5.1240    -0.0128    95.3093 1.0000e-12  -74.17530 -113.34460  26.889256      99.87 1.9035e+03    302.760       7267  1028.5135  1028.5114    34.0610    34.0586    8.23656         29 0.0000e+00
    237.000    234.413    -0.8082  27.761191    -0.8064  27.760766     5.0390     5.1213    -0.0150    95.3210 1.0000e-12  -74.17530 -113.34460  26.889270      99.87 1.9039e+03    303.927       7295  1028.5185  1028.5164    34.0613    34.0588    8.23639         28 0.0000e+00
    238.000    235.401    -0.8072  27.762676    -0.8055  27.762282     5.0385     5.1147    -0.0176    95.2937 1.0000e-12  -74.17530 -113.34460  26.889284      99.87 1.9033e+03    305.097       7323  1028.5235  1028.5214    34.0616    34.0592    8.23616         28 0.0000e+00
    239.000    236.390    -0.8064  27.764161    -0.8044  27.764000     5.0409     5.1236    -0.0161    95.2862 1.0000e-12  -74.17530 -113.34460  26.889297      99.86 1.9050e+03    306.258       7351  1028.5287  1028.5265    34.0622    34.0596    8.23596         27 0.0000e+00
    240.000    237.378    -0.8056  27.765323    -0.8039  27.764948     5.0354     5.1242    -0.0137    95.3048 1.0000e-12  -74.17530 -113.34460  26.889310      96.65 1.9058e+03    307.425       7379  1028.5335  1028.5314    34.0622    34.0597    8.23578         29 0.0000e+00
