ocean_section_plots/required_files/ctd/dnbp2202_ctd007.cnv
* Sea-Bird SBE 9 Data File:
* FileName = D:\Data\raw\NBP2202_CTD007.hex
* Software Version Seasave V 7.26.7.121
* Temperature SN = 1649
* Conductivity SN = 2513
* Number of Bytes Per Scan = 40
* Number of Voltage Words = 5
* Number of Scans Averaged by the Deck Unit = 1
* NMEA Latitude = 72 15.59 S
* NMEA Longitude = 117 37.37 W
* NMEA UTC (Time) = Jan 15 2022  18:27:10
* NMEA baud rate = 9600
** Ship: RVIB N.B. Palmer
** Cruise: NBP2202 Thwaites
** Station: #3
** Operator: A. Robinson
** Sensor only, post glider deployment
# nquan = 25
# nvalues = 518                         
# units = specified
# name 0 = prDM: Pressure, Digiquartz [db]
# name 1 = depSM: Depth [salt water, m]
# name 2 = t090C: Temperature [ITS-90, deg C]
# name 3 = c0mS/cm: Conductivity [mS/cm]
# name 4 = t190C: Temperature, 2 [ITS-90, deg C]
# name 5 = c1mS/cm: Conductivity, 2 [mS/cm]
# name 6 = sbeox0ML/L: Oxygen, SBE 43 [ml/l]
# name 7 = sbeox1ML/L: Oxygen, SBE 43, 2 [ml/l]
# name 8 = flECO-AFL: Fluorescence, WET Labs ECO-AFL/FL [mg/m^3]
# name 9 = CStarTr0: Beam Transmission, WET Labs C-Star [%]
# name 10 = par: PAR/Irradiance, Biospherical/Licor
# name 11 = latitude: Latitude [deg]
# name 12 = longitude: Longitude [deg]
# name 13 = timeJ: Julian Days
# name 14 = altM: Altimeter [m]
# name 15 = spar: SPAR, Biospherical/Licor
# name 16 = timeS: Time, Elapsed [seconds]
# name 17 = scan: Scan Count
# name 18 = density00: Density [density, kg/m^3]
# name 19 = density11: Density, 2 [density, kg/m^3]
# name 20 = sal00: Salinity, Practical [PSU]
# name 21 = sal11: Salinity, Practical, 2 [PSU]
# name 22 = oxsolML/L: Oxygen Saturation, Garcia & Gordon [ml/l]
# name 23 = nbin: number of scans per bin
# name 24 = flag: flag
# span 0 =      2.000,    519.000       
# span 1 =      1.982,    513.038       
# span 2 =    -1.7973,     0.6963       
# span 3 =  26.810373,  29.571992       
# span 4 =    -1.7970,     0.6983       
# span 5 =  26.810249,  29.570714       
# span 6 =     4.5818,     9.5702       
# span 7 =     4.8281,    10.1030       
# span 8 =    -0.0108,    29.4213       
# span 9 =    69.2692,    99.5075       
# span 10 = -9.145e-05, 7.2680e+02      
# span 11 =  -72.25998,  -72.25996      
# span 12 = -117.62296, -117.62292      
# span 13 =  15.773670,  15.783066      
# span 14 =       6.80,     100.38      
# span 15 = 1.0624e+03, 1.7216e+03      
# span 16 =    415.080,   1226.947      
# span 17 =       9963,      29448      
# span 18 =  1026.8861,  1030.1982      
# span 19 =  1026.8853,  1030.1953      
# span 20 =    33.4362,    34.6064      
# span 21 =    33.4361,    34.6029      
# span 22 =    7.88858,    8.45593      
# span 23 =         11,         49      
# span 24 = 0.0000e+00, 0.0000e+00      
# interval = decibars: 1                
# start_time = Jan 15 2022 18:27:10 [NMEA time, header]
# bad_flag = -9.990e-29
*END*
[from data line 232]
    234.000    231.468    -1.5686  27.177539    -1.5675  27.176887     6.3916     6.7515     0.1749    99.0459 1.0000e-12  -72.25998 -117.62292  15.777872      86.70 1.4838e+03    778.172      18677  1028.5900  1028.5882    34.1283    34.1262    8.40146         28 0.0000e+00
    235.000    232.460    -1.5661  27.180284    -1.5651  27.179484     6.3814     6.7483     0.5567    98.8898 1.0000e-12  -72.25998 -117.62292  15.777886      93.16 1.4804e+03    779.351      18705  1028.5950  1028.5932    34.1287    34.1264    8.40088         29 0.0000e+00
    236.000    233.447    -1.5629  27.183723    -1.5616  27.183054     6.3765     6.7376     0.2595    99.1844 1.0000e-12  -72.25998 -117.62292  15.777901      99.80 1.4792e+03    780.681      18737  1028.6000  1028.5981    34.1291    34.1267    8.40012         34 0.0000e+00
    237.000    234.436    -1.5557  27.190523    -1.5545  27.189900     6.3744     6.7331     0.2421    99.3240 1.0000e-12  -72.25998 -117.62292  15.777917      99.84 1.4794e+03    782.026      18770  1028.6049  1028.6031    34.1297    34.1274    8.39847         30 0.0000e+00
    238.000    235.425    -1.5524  27.194032    -1.5511  27.193545     6.3702     6.7241     0.8965    99.1812 1.0000e-12  -72.25996 -117.62292  15.777931      99.84 1.4810e+03    783.198      18798  1028.6099  1028.6081    34.1301    34.1279    8.39769         26 0.0000e+00
    239.000    236.412    -1.5487  27.197890    -1.5477  27.197148     6.3702     6.7174     0.1310    99.2791 1.0000e-12  -72.25996 -117.62292  15.777942      99.84 1.4865e+03    784.221      18822  1028.6150  1028.6132    34.1306    34.1284    8.39683         24 0.0000e+00
    240.000    237.401    -1.5435  27.202799    -1.5428  27.201942     6.3687     6.7220     0.1316    99.1496 1.0000e-12  -72.25996 -117.62294  15.777954      99.84 1.4932e+03    785.221      18846  1028.6197  1028.6181    34.1308    34.1288    8.39564         25 0.0000e+00
    241.000    238.391    -1.5429  27.203708    -1.5420  27.202917     6.3668     6.7177     0.2315    99.1782 1.0000e-12  -72.25996 -117.62294  15.777967      99.78 1.5104e+03    786.388      18874  1028.6245  1028.6228    34.1308    34.1286    8.39551         32 0.0000e+00
    242.000    239.379    -1.5426  27.204527    -1.5416  27.203776     6.3516     6.7139     0.3593    99.3003 1.0000e-12  -72.25998 -117.62294  15.777986      99.84 1.5403e+03    787.955      18912  1028.6296  1028.6278    34.1310    34.1288    8.39544         37 0.0000e+00
    243.000    240.367    -1.5394  27.207846    -1.5389  27.206679     6.3519     6.7137     0.2026    99.3141 1.0000e-12  -72.25996 -117.62294  15.778003      99.85 1.5620e+03    789.458      18948  1028.6345  1028.6327    34.1313    34.1291    8.39470         29 0.0000e+00
    244.000    241.355    -1.5387  27.209220    -1.5378  27.208542     6.3484     6.6983     0.1463    99.3368 1.0000e-12  -72.25996 -117.62294  15.778015      99.84 1.5694e+03    790.489      18973  1028.6397  1028.6379    34.1317    34.1297    8.39451         22 0.0000e+00
    245.000    242.346    -1.5379  27.210976    -1.5366  27.210548     6.3406     6.6962     0.1439    99.1868 1.0000e-12  -72.25996 -117.62294  15.778025      99.84 1.5748e+03    791.348      18993  1028.6451  1028.6434    34.1325    34.1305    8.39427         20 0.0000e+00
    246.000    243.333    -1.5332  27.215694    -1.5314  27.215579     6.3427     6.7040     0.1628    98.7168 1.0000e-12  -72.25996 -117.62294  15.778035      85.45 1.5779e+03    792.240      19015  1028.6501  1028.6483    34.1331    34.1309    8.39318         23 0.0000e+00
    247.000    244.322    -1.5281  27.220481    -1.5275  27.219216     6.3381     6.6975     0.2165    99.0851 1.0000e-12  -72.25996 -117.62294  15.778050      98.69 1.5866e+03    793.487      19045  1028.6548  1028.6528    34.1333    34.1309    8.39202         39 0.0000e+00
    248.000    245.310    -1.5255  27.223348    -1.5240  27.222929     6.3299     6.6876     0.1647    99.2783 1.0000e-12  -72.25996 -117.62294  15.778071      99.87 1.6017e+03    795.309      19088  1028.6598  1028.6579    34.1336    34.1313    8.39142         40 0.0000e+00
    249.000    246.299    -1.5212  27.227824    -1.5200  27.227262     6.3233     6.6782     0.1645    99.3508 1.0000e-12  -72.25996 -117.62294  15.778087      99.84 1.6250e+03    796.720      19122  1028.6649  1028.6632    34.1342    34.1321    8.39040         27 0.0000e+00
    250.000    247.287    -1.5182  27.231255    -1.5171  27.230417     6.3168     6.6749     0.1692    99.3448 1.0000e-12  -72.25996 -117.62294  15.778098      99.84 1.6460e+03    797.699      19146  1028.6701  1028.6681    34.1349    34.1326    8.38968         22 0.0000e+00
    251.000    248.274    -1.5133  27.236082    -1.5123  27.235435     6.3179     6.6744     0.1353    99.3492 1.0000e-12  -72.25996 -117.62294  15.778108      99.85 1.6627e+03    798.558      19166  1028.6750  1028.6734    34.1354    34.1334    8.38855         20 0.0000e+00
    252.000    249.265    -1.5109  27.238999    -1.5099  27.238256     6.3152     6.6721     0.0808    99.2138 1.0000e-12  -72.25996 -117.62294  15.778119      99.84 1.6867e+03    799.470      19188  1028.6802  1028.6784    34.1360    34.1338    8.38797         24 0.0000e+00
    253.000    250.253    -1.5099  27.240221    -1.5090  27.239530     6.3110     6.6678     0.1277    99.3156 1.0000e-12  -72.25996 -117.62294  15.778133      99.85 1.6969e+03    800.726      19218  1028.6851  1028.6834    34.1360    34.1340    8.38776         38 0.0000e+00
    254.000    251.241    -1.5096  27.241046    -1.5085  27.240318     6.3066     6.6651     0.1278    99.3275 1.0000e-12  -72.25996 -117.62295  15.778154      99.84 1.6867e+03    802.470      19260  1028.6900  1028.6882    34.1361    34.1339    8.38767         42 0.0000e+00
    255.000    252.229    -1.5071  27.243801    -1.5061  27.243144     6.3091     6.6597     0.0877    99.3484 1.0000e-12  -72.25996 -117.62294  15.778170      94.05 1.6442e+03    803.917      19295  1028.6951  1028.6933    34.1365    34.1344    8.38710         28 0.0000e+00
    256.000    253.218    -1.5053  27.246104    -1.5041  27.245725     6.2996     6.6586     0.0952    99.3518 1.0000e-12  -72.25996 -117.62294  15.778182      81.15 1.6319e+03    804.945      19320  1028.7001  1028.6985    34.1369    34.1350    8.38665         22 0.0000e+00
    257.000    254.208    -1.5044  27.247465    -1.5032  27.246938     6.3009     6.6614     0.1213    99.3432 1.0000e-12  -72.25996 -117.62294  15.778193      93.49 1.6274e+03    805.834      19341  1028.7051  1028.7034    34.1372    34.1350    8.38644         21 0.0000e+00
    258.000    255.194    -1.5038  27.248475    -1.5027  27.247871     6.2969     6.6496     0.1099    99.3751 1.0000e-12  -72.25996 -117.62294  15.778203      99.82 1.6237e+03    806.725      19362  1028.7100  1028.7082    34.1373    34.1351    8.38631         22 0.0000e+00
    259.000    256.186    -1.5018  27.250751    -1.5002  27.250387     6.2991     6.6528     0.1065    99.2472 1.0000e-12  -72.25996 -117.62294  15.778216      99.84 1.6188e+03    807.832      19389  1028.7149  1028.7128    34.1375    34.1351    8.38584         29 0.0000e+00
    260.000    257.173    -1.5006  27.252251    -1.4995  27.251545     6.2899     6.6446     0.0922    99.3869 1.0000e-12  -72.25996 -117.62295  15.778235      99.84 1.6036e+03    809.485      19429  1028.7197  1028.7179    34.1376    34.1354    8.38556         42 0.0000e+00
    261.000    258.161    -1.4952  27.257770    -1.4948  27.256191     6.2695     6.6308     0.2227    99.3923 1.0000e-12  -72.25996 -117.62295  15.778254      99.85 1.5959e+03    811.114      19468  1028.7249  1028.7228    34.1384    34.1358    8.38430         32 0.0000e+00
    262.000    259.150    -1.4812  27.271539    -1.4803  27.270424     6.2556     6.6217     0.1665    99.2132 1.0000e-12  -72.25996 -117.62294  15.778266      99.84 1.6023e+03    812.221      19494  1028.7307  1028.7286    34.1407    34.1382    8.38100         23 0.0000e+00
    263.000    260.137    -1.4779  27.274998    -1.4767  27.274388     6.2609     6.6227     0.0895    99.3925 1.0000e-12  -72.25996 -117.62294  15.778277      99.85 1.6113e+03    813.139      19516  1028.7357  1028.7338    34.1411    34.1389    8.38024         21 0.0000e+00
    264.000    261.128    -1.4770  27.276269    -1.4759  27.275690     6.2635     6.6178     0.0985    99.3121 1.0000e-12  -72.25996 -117.62294  15.778287      99.84 1.6225e+03    814.020      19537  1028.7406  1028.7388    34.1412    34.1391    8.38003         22 0.0000e+00
    265.000    262.114    -1.4760  27.277604    -1.4747  27.277056     6.2692     6.6154     0.1231    99.3493 1.0000e-12  -72.25996 -117.62294  15.778300      99.85 1.6378e+03    815.081      19563  1028.7454  1028.7436    34.1413    34.1391    8.37979         30 0.0000e+00
    266.000    263.104    -1.4755  27.278479    -1.4741  27.277953     6.2613     6.6120     0.1258    99.3720 1.0000e-12  -72.25996 -117.62294  15.778317      99.84 1.6624e+03    816.568      19599  1028.7503  1028.7484    34.1413    34.1390    8.37968         39 0.0000e+00
    267.000    264.092    -1.4733  27.280882    -1.4720  27.280384     6.2606     6.6069     0.1536    99.2947 1.0000e-12  -72.25996 -117.62296  15.778335      85.44 1.7011e+03    818.175      19637  1028.7553  1028.7534    34.1416    34.1393    8.37919         33 0.0000e+00
    268.000    265.080    -1.4684  27.286155    -1.4672  27.285446     6.2547     6.5986     0.3317    99.2844 1.0000e-12  -72.25996 -117.62294  15.778349      95.92 1.7216e+03    819.379      19666  1028.7606  1028.7587    34.1425    34.1403    8.37801         25 0.0000e+00
    269.000    266.070    -1.4649  27.289884    -1.4639  27.289079     6.2503     6.5968     0.0845    99.4189 1.0000e-12  -72.25996 -117.62294  15.778361      99.90 1.7141e+03    820.367      19690  1028.7656  1028.7638    34.1430    34.1408    8.37719         24 0.0000e+00
    270.000    267.058    -1.4640  27.291053    -1.4630  27.290297     6.2395     6.5920     0.0947    99.4152 1.0000e-12  -72.25996 -117.62294  15.778372      99.84 1.7037e+03    821.337      19713  1028.7704  1028.7686    34.1431    34.1409    8.37700         24 0.0000e+00
    271.000    268.046    -1.4602  27.295107    -1.4591  27.294264     6.2369     6.5874     0.0879    99.4018 1.0000e-12  -72.25996 -117.62294  15.778385      99.85 1.6898e+03    822.441      19740  1028.7755  1028.7735    34.1437    34.1413    8.37611         29 0.0000e+00
    272.000    269.035    -1.4578  27.297790    -1.4559  27.297495     6.2298     6.5810     0.0890    99.4033 1.0000e-12  -72.25996 -117.62294  15.778400      99.84 1.6959e+03    823.747      19771  1028.7805  1028.7784    34.1440    34.1415    8.37554         33 0.0000e+00
    273.000    270.021    -1.4515  27.304025    -1.4507  27.302859     6.2250     6.5697     0.0851    99.4050 1.0000e-12  -72.25996 -117.62294  15.778415      99.84 1.6791e+03    825.090      19803  1028.7856  1028.7835    34.1447    34.1422    8.37407         31 0.0000e+00
    274.000    271.011    -1.4447  27.311012    -1.4438  27.309778     6.2126     6.5597     0.0749    99.4326 1.0000e-12  -72.25996 -117.62296  15.778430      99.84 1.6172e+03    826.332      19833  1028.7910  1028.7888    34.1460    34.1433    8.37248         29 0.0000e+00
    275.000    272.000    -1.4351  27.320237    -1.4331  27.319918     6.1981     6.5508     0.0762    99.4450 1.0000e-12  -72.25996 -117.62295  15.778444      99.84 1.5819e+03    827.541      19862  1028.7962  1028.7939    34.1472    34.1445    8.37026         29 0.0000e+00
    276.000    272.988    -1.4259  27.329014    -1.4246  27.328239     6.1891     6.5376     0.0834    99.4376 1.0000e-12  -72.25996 -117.62295  15.778458      99.84 1.5617e+03    828.785      19892  1028.8013  1028.7992    34.1481    34.1456    8.36813         30 0.0000e+00
    277.000    273.974    -1.4238  27.331262    -1.4225  27.330779     6.1911     6.5407     0.0812    99.3987 1.0000e-12  -72.25996 -117.62295  15.778473      99.85 1.5509e+03    830.027      19922  1028.8061  1028.8043    34.1482    34.1460    8.36765         27 0.0000e+00
    278.000    274.965    -1.4234  27.332185    -1.4221  27.331591     6.1853     6.5311     0.0610    99.3762 1.0000e-12  -72.25996 -117.62294  15.778486      89.28 1.5429e+03    831.165      19949  1028.8112  1028.8093    34.1484    34.1461    8.36755         26 0.0000e+00
    279.000    275.953    -1.4217  27.334267    -1.4205  27.333469     6.1664     6.5122     0.2438    99.4274 1.0000e-12  -72.25996 -117.62294  15.778498      94.75 1.5325e+03    832.196      19974  1028.8162  1028.8142    34.1486    34.1462    8.36715         24 0.0000e+00
    280.000    276.942    -1.4028  27.352598    -1.4015  27.351346     6.1497     6.4986     0.2373    99.4121 1.0000e-12  -72.25996 -117.62294  15.778510      99.78 1.5172e+03    833.237      19999  1028.8223  1028.8196    34.1517    34.1485    8.36274         27 0.0000e+00
    281.000    277.931    -1.3896  27.364618    -1.3885  27.363422     6.1468     6.4954     0.1255    99.4000 1.0000e-12  -72.25997 -117.62294  15.778525      99.84 1.4993e+03    834.522      20030  1028.8271  1028.8247    34.1525    34.1497    8.35972         34 0.0000e+00
    282.000    278.918    -1.3846  27.369567    -1.3836  27.368532     6.1256     6.4820     0.0837    99.3891 1.0000e-12  -72.25998 -117.62295  15.778543      99.84 1.4849e+03    836.160      20069  1028.8322  1028.8301    34.1531    34.1505    8.35858         37 0.0000e+00
    283.000    279.907    -1.3763  27.377961    -1.3741  27.377816     6.1166     6.4575     0.0713    99.3880 1.0000e-12  -72.25996 -117.62294  15.778559      99.84 1.4764e+03    837.522      20102  1028.8377  1028.8354    34.1545    34.1518    8.35663         27 0.0000e+00
    284.000    280.894    -1.3592  27.394374    -1.3576  27.393665     6.1040     6.4517     0.0914    99.3723 1.0000e-12  -72.25996 -117.62294  15.778571      99.83 1.4726e+03    838.489      20125  1028.8434  1028.8411    34.1569    34.1541    8.35264         20 0.0000e+00
    285.000    281.883    -1.3513  27.401796    -1.3505  27.400770     6.0993     6.4477     0.0997    99.3653 1.0000e-12  -72.25996 -117.62294  15.778580      99.85 1.4710e+03    839.332      20145  1028.8484  1028.8464    34.1575    34.1551    8.35085         21 0.0000e+00
    286.000    282.872    -1.3479  27.405657    -1.3466  27.404917     6.1039     6.4461     0.0910    99.2145 1.0000e-12  -72.25996 -117.62294  15.778590      99.84 1.4690e+03    840.215      20166  1028.8537  1028.8516    34.1583    34.1558    8.35004         23 0.0000e+00
    287.000    283.861    -1.3471  27.406797    -1.3461  27.405758     6.0960     6.4380     0.0833    99.3527 1.0000e-12  -72.25996 -117.62296  15.778606      99.84 1.4681e+03    841.574      20199  1028.8587  1028.8566    34.1583    34.1558    8.34986         42 0.0000e+00
    288.000    284.849    -1.3465  27.407574    -1.3453  27.406791     6.0928     6.4417     0.1004    99.3863 1.0000e-12  -72.25997 -117.62296  15.778628      72.96 1.4730e+03    843.463      20244  1028.8636  1028.8615    34.1581    34.1557    8.34974         35 0.0000e+00
    289.000    285.836    -1.3438  27.410705    -1.3426  27.409785     6.0856     6.4296     0.1079    99.4500 1.0000e-12  -72.25996 -117.62295  15.778643      90.67 1.4682e+03    844.735      20275  1028.8688  1028.8666    34.1587    34.1561    8.34910         25 0.0000e+00
    290.000    286.826    -1.3422  27.412661    -1.3410  27.411943     6.0689     6.4124     0.0432    99.4598 1.0000e-12  -72.25996 -117.62294  15.778654      98.45 1.4614e+03    845.677      20297  1028.8738  1028.8718    34.1589    34.1566    8.34872         21 0.0000e+00
