ocean_section_plots/required_files/ctd/dnbp2202_ctd175.cnv
* Sea-Bird SBE 9 Data File:
* FileName = D:\Data\raw\NBP2202_CTD175.hex
* Software Version Seasave V 7.26.7.121
* Temperature SN = 1649
* Conductivity SN = 2513
* Number of Bytes Per Scan = 40
* Number of Voltage Words = 5
* Number of Scans Averaged by the Deck Unit = 1
* NMEA Latitude = 74 02.96 S
* NMEA Longitude = 110 58.93 W
* NMEA UTC (Time) = Feb 03 2022  19:27:58
* NMEA baud rate = 9600
** Ship: RVIB N.B. Palmer
** Cruise: NBP2202 Thwaites
** Station: 97
** Operator: A. Robinson
# nquan = 28
# nvalues = 630                         
# units = specified
# name 0 = prDM: Pressure, Digiquartz [db]
# name 1 = depSM: Depth [salt water, m]
# name 2 = t090C: Temperature [ITS-90, deg C]
# name 3 = c0mS/cm: Conductivity [mS/cm]
# name 4 = t190C: Temperature, 2 [ITS-90, deg C]
# name 5 = c1mS/cm: Conductivity, 2 [mS/cm]
# name 6 = sbeox0ML/L: Oxygen, SBE 43 [ml/l]
# name 7 = sbeox1ML/L: Oxygen, SBE 43, 2 [ml/l]
# name 8 = flECO-AFL: Fluorescence, WET Labs ECO-AFL/FL [mg/m^3]
# name 9 = CStarTr0: Beam Transmission, WET Labs C-Star [%]
# name 10 = par: PAR/Irradiance, Biospherical/Licor
# name 11 = latitude: Latitude [deg]
# name 12 = longitude: Longitude [deg]
# name 13 = timeJ: Julian Days
# name 14 = altM: Altimeter [m]
# name 15 = spar: SPAR, Biospherical/Licor
# name 16 = timeS: Time, Elapsed [seconds]
# name 17 = scan: Scan Count
# name 18 = density00: Density [density, kg/m^3]
# name 19 = density11: Density, 2 [density, kg/m^3]
# name 20 = v3: Voltage 3
# name 21 = v4: Voltage 4
# name 22 = v5: Voltage 5
# name 23 = sal00: Salinity, Practical [PSU]
# name 24 = sal11: Salinity, Practical, 2 [PSU]
# name 25 = oxsolML/L: Oxygen Saturation, Garcia & Gordon [ml/l]
# name 26 = nbin: number of scans per bin
# name 27 = flag: flag
# span 0 =      2.000,    631.000       
# span 1 =      1.974,    623.524       
# span 2 =    -1.5330,     0.2512       
# span 3 =  27.004508,  29.143431       
# span 4 =    -1.5340,     0.2536       
# span 5 =  27.005062,  29.143464       
# span 6 =     4.7038,     7.0322       
# span 7 =     4.8322,     6.9457       
# span 8 =    -0.0150,     6.3381       
# span 9 =    85.3731,    98.9551       
# span 10 = 1.0000e-12, 1.2805e+02      
# span 11 =  -74.04936,  -74.04934      
# span 12 = -110.98226, -110.98219      
# span 13 =  34.813993,  34.822389      
# span 14 =       5.26,     106.56      
# span 15 = 1.8197e+03, 1.8313e+03      
# span 16 =    250.955,    976.370      
# span 17 =       6024,      23434      
# span 18 =  1027.1944,  1030.6553      
# span 19 =  1027.1966,  1030.6531      
# span 20 =     4.0505,     4.6942      
# span 21 =     0.0650,     0.9927      
# span 22 =     0.1147,     0.1535      
# span 23 =    33.7895,    34.4789      
# span 24 =    33.7936,    34.4762      
# span 25 =    7.98702,    8.40231      
# span 26 =         16,         60      
# span 27 = 0.0000e+00, 0.0000e+00      
# interval = decibars: 1                
# start_time = Feb 03 2022 19:27:58 [NMEA time, header]
# bad_flag = -9.990e-29
*END*
[from data line 156]
    158.000    156.306    -1.5202  27.091151    -1.5205  27.090843     6.3825     6.5807     0.3249    98.3454 1.0000e-12  -74.04934 -110.98222  34.816381      99.74 1.8263e+03    457.313      10977  1028.1211  1028.1211     4.6653     0.0974     0.1189    34.0012    34.0012    8.39812         24 0.0000e+00
    159.000    157.295    -1.5179  27.093782    -1.5178  27.094061     6.3779     6.5868     0.2543    98.2817 1.0000e-12  -74.04934 -110.98222  34.816392      99.74 1.8263e+03    458.302      11000  1028.1261  1028.1262     4.6623     0.1259     0.1174    34.0016    34.0019    8.39757         24 0.0000e+00
    160.000    158.284    -1.5128  27.099066    -1.5110  27.100689     6.3690     6.5813     0.3092    98.2195 1.0000e-12  -74.04934 -110.98222  34.816404      99.60 1.8263e+03    459.282      11024  1028.1312  1028.1314     4.6594     0.1412     0.1166    34.0024    34.0027    8.39637         23 0.0000e+00
    161.000    159.273    -1.5107  27.101380    -1.5100  27.101978     6.3662     6.5686     0.3019    98.3397 1.0000e-12  -74.04934 -110.98222  34.816415      98.58 1.8263e+03    460.260      11047  1028.1362  1028.1362     4.6651     0.1249     0.1191    34.0027    34.0027    8.39590         24 0.0000e+00
    162.000    160.260    -1.5026  27.109932    -1.5046  27.107828     6.3656     6.5658     0.2515    98.3694 1.0000e-12  -74.04934 -110.98222  34.816426      99.71 1.8263e+03    461.246      11071  1028.1420  1028.1417     4.6665     0.1277     0.1180    34.0046    34.0040    8.39394         24 0.0000e+00
    163.000    161.251    -1.4962  27.115798    -1.4964  27.115708     6.3575     6.5617     0.2490    98.3339 1.0000e-12  -74.04934 -110.98222  34.816438      99.74 1.8263e+03    462.228      11094  1028.1466  1028.1468     4.6648     0.1319     0.1186    34.0048    34.0049    8.39249         23 0.0000e+00
    164.000    162.240    -1.4970  27.115521    -1.4981  27.114754     6.3604     6.5621     0.2951    98.4792 1.0000e-12  -74.04934 -110.98222  34.816449      99.74 1.8263e+03    463.212      11118  1028.1516  1028.1517     4.6715     0.1346     0.1181    34.0048    34.0049    8.39268         23 0.0000e+00
    165.000    163.227    -1.4979  27.115290    -1.4977  27.115708     6.3641     6.5621     0.3213    98.2253 1.0000e-12  -74.04934 -110.98222  34.816461      99.73 1.8262e+03    464.207      11142  1028.1565  1028.1567     4.6598     0.1211     0.1148    34.0048    34.0051    8.39287         25 0.0000e+00
    166.000    164.217    -1.4966  27.116852    -1.4968  27.116684     6.3678     6.5647     0.3163    98.4206 1.0000e-12  -74.04934 -110.98222  34.816472      99.74 1.8270e+03    465.198      11166  1028.1613  1028.1613     4.6689     0.1186     0.1173    34.0049    34.0048    8.39258         23 0.0000e+00
    167.000    165.207    -1.4977  27.116032    -1.4981  27.115809     6.3676     6.5626     0.3570    98.3562 1.0000e-12  -74.04934 -110.98222  34.816484      99.74 1.8270e+03    466.187      11189  1028.1658  1028.1659     4.6659     0.1185     0.1199    34.0044    34.0044    8.39286         24 0.0000e+00
    168.000    166.194    -1.4974  27.117021    -1.4980  27.116399     6.3674     6.5603     0.2378    98.3221 1.0000e-12  -74.04934 -110.98222  34.816495      99.74 1.8275e+03    467.179      11213  1028.1709  1028.1708     4.6642     0.1086     0.1165    34.0047    34.0045    8.39276         24 0.0000e+00
    169.000    167.184    -1.4965  27.118271    -1.4971  27.117942     6.3657     6.5666     0.4292    98.3375 1.0000e-12  -74.04934 -110.98222  34.816507      99.74 1.8273e+03    468.169      11237  1028.1758  1028.1760     4.6650     0.1143     0.1164    34.0049    34.0050    8.39256         23 0.0000e+00
    170.000    168.172    -1.4955  27.119729    -1.4961  27.119193     6.3573     6.5671     0.3191    98.3100 1.0000e-12  -74.04934 -110.98222  34.816518      99.73 1.8280e+03    469.146      11261  1028.1808  1028.1808     4.6637     0.1129     0.1190    34.0050    34.0050    8.39231         24 0.0000e+00
    171.000    169.161    -1.4955  27.120287    -1.4954  27.120364     6.3604     6.5596     0.2689    98.4376 1.0000e-12  -74.04934 -110.98222  34.816529      99.74 1.8283e+03    470.128      11284  1028.1857  1028.1856     4.6697     0.1028     0.1152    34.0052    34.0051    8.39231         23 0.0000e+00
    172.000    170.150    -1.4957  27.120525    -1.4960  27.120160     6.3629     6.5621     0.4213    98.4410 1.0000e-12  -74.04934 -110.98222  34.816541      99.74 1.8272e+03    471.111      11308  1028.1905  1028.1903     4.6698     0.1256     0.1159    34.0051    34.0049    8.39236         24 0.0000e+00
    173.000    171.139    -1.4956  27.120859    -1.4954  27.121219     6.3584     6.5645     0.4448    98.3859 1.0000e-12  -74.04934 -110.98222  34.816552      95.78 1.8277e+03    472.080      11331  1028.1951  1028.1953     4.6672     0.1107     0.1167    34.0048    34.0052    8.39235         23 0.0000e+00
    174.000    172.126    -1.4945  27.122661    -1.4948  27.122145     6.3589     6.5623     0.3336    98.4435 1.0000e-12  -74.04934 -110.98222  34.816563      98.06 1.8282e+03    473.052      11354  1028.2003  1028.2001     4.6700     0.1143     0.1190    34.0054    34.0051    8.39206         24 0.0000e+00
    175.000    173.117    -1.4905  27.127433    -1.4924  27.125199     6.3573     6.5634     0.2908    98.4771 1.0000e-12  -74.04934 -110.98222  34.816574      99.72 1.8276e+03    474.032      11378  1028.2060  1028.2054     4.6716     0.1238     0.1149    34.0068    34.0059    8.39107         23 0.0000e+00
    176.000    174.103    -1.4896  27.128783    -1.4899  27.128536     6.3525     6.5668     0.3021    98.5087 1.0000e-12  -74.04934 -110.98222  34.816586      99.74 1.8263e+03    474.996      11401  1028.2109  1028.2109     4.6731     0.1196     0.1160    34.0070    34.0070    8.39086         23 0.0000e+00
    177.000    175.097    -1.4873  27.131774    -1.4873  27.131765     6.3517     6.5597     0.4244    98.4276 1.0000e-12  -74.04934 -110.98222  34.816597      99.74 1.8263e+03    475.965      11424  1028.2163  1028.2163     4.6692     0.1089     0.1188    34.0080    34.0079    8.39030         23 0.0000e+00
    178.000    176.083    -1.4873  27.132103    -1.4876  27.131935     6.3468     6.5509     0.3106    98.3369 1.0000e-12  -74.04934 -110.98222  34.816608      99.74 1.8263e+03    476.949      11448  1028.2211  1028.2211     4.6649     0.1030     0.1168    34.0078    34.0078    8.39031         24 0.0000e+00
    179.000    177.073    -1.4874  27.132523    -1.4875  27.132418     6.3503     6.5484     0.2983    98.2611 1.0000e-12  -74.04934 -110.98222  34.816619      99.74 1.8263e+03    477.921      11471  1028.2259  1028.2259     4.6614     0.1133     0.1188    34.0078    34.0078    8.39032         23 0.0000e+00
    180.000    178.060    -1.4872  27.133197    -1.4874  27.132988     6.3539     6.5508     0.3560    98.2435 1.0000e-12  -74.04934 -110.98222  34.816631      99.74 1.8263e+03    478.898      11495  1028.2309  1028.2308     4.6605     0.1120     0.1204    34.0079    34.0079    8.39028         24 0.0000e+00
    181.000    179.049    -1.4869  27.133866    -1.4873  27.133488     6.3533     6.5578     0.3236    98.4152 1.0000e-12  -74.04934 -110.98222  34.816642      99.74 1.8263e+03    479.884      11518  1028.2356  1028.2355     4.6686     0.1101     0.1200    34.0079    34.0078    8.39021         24 0.0000e+00
    182.000    180.039    -1.4870  27.134057    -1.4873  27.133775     6.3503     6.5596     0.3674    98.3565 1.0000e-12  -74.04934 -110.98222  34.816654      99.74 1.8263e+03    480.858      11542  1028.2402  1028.2402     4.6659     0.1086     0.1181    34.0076    34.0076    8.39024         23 0.0000e+00
    183.000    181.026    -1.4868  27.134747    -1.4873  27.134369     6.3447     6.5502     0.4210    98.4181 1.0000e-12  -74.04934 -110.98222  34.816665      99.74 1.8263e+03    481.833      11565  1028.2451  1028.2451     4.6687     0.1167     0.1169    34.0078    34.0077    8.39020         23 0.0000e+00
    184.000    182.016    -1.4868  27.135307    -1.4869  27.135129     6.3454     6.5457     0.3686    98.3099 1.0000e-12  -74.04934 -110.98222  34.816676      99.74 1.8263e+03    482.814      11589  1028.2500  1028.2500     4.6637     0.1651     0.1189    34.0079    34.0078    8.39019         24 0.0000e+00
    185.000    183.006    -1.4868  27.135808    -1.4869  27.135628     6.3521     6.5493     0.3172    98.2794 1.0000e-12  -74.04934 -110.98222  34.816687      99.74 1.8263e+03    483.790      11612  1028.2549  1028.2548     4.6622     0.1373     0.1176    34.0080    34.0078    8.39019         23 0.0000e+00
    186.000    183.994    -1.4872  27.135726    -1.4870  27.135811     6.3488     6.5504     0.2973    98.1709 1.0000e-12  -74.04934 -110.98222  34.816699      99.74 1.8263e+03    484.758      11635  1028.2595  1028.2594     4.6570     0.1220     0.1175    34.0077    34.0076    8.39029         23 0.0000e+00
    187.000    184.981    -1.4877  27.135686    -1.4879  27.135476     6.3479     6.5560     0.4473    98.2938 1.0000e-12  -74.04934 -110.98222  34.816710      97.86 1.8263e+03    485.737      11659  1028.2642  1028.2642     4.6629     0.1203     0.1189    34.0076    34.0075    8.39041         24 0.0000e+00
    188.000    185.970    -1.4878  27.136201    -1.4878  27.135895     6.3529     6.5637     0.3490    98.2388 1.0000e-12  -74.04934 -110.98222  34.816721      99.74 1.8263e+03    486.712      11682  1028.2692  1028.2689     4.6603     0.1103     0.1211    34.0077    34.0074    8.39042         23 0.0000e+00
    189.000    186.960    -1.4875  27.136864    -1.4879  27.136443     6.3489     6.5563     0.3071    98.3647 1.0000e-12  -74.04934 -110.98222  34.816732      99.74 1.8263e+03    487.679      11705  1028.2739  1028.2738     4.6662     0.1268     0.1210    34.0077    34.0075    8.39035         24 0.0000e+00
    190.000    187.949    -1.4876  27.137197    -1.4879  27.136852     6.3482     6.5528     0.2602    98.2629 1.0000e-12  -74.04934 -110.98222  34.816744      99.75 1.8263e+03    488.652      11729  1028.2787  1028.2786     4.6614     0.1271     0.1151    34.0076    34.0075    8.39038         23 0.0000e+00
    191.000    188.937    -1.4885  27.136713    -1.4889  27.136489     6.3514     6.5526     0.3292    98.2117 1.0000e-12  -74.04935 -110.98222  34.816755      99.74 1.8263e+03    489.632      11752  1028.2834  1028.2835     4.6590     0.1165     0.1167    34.0073    34.0075    8.39060         23 0.0000e+00
    192.000    189.925    -1.4895  27.136482    -1.4896  27.136249     6.3461     6.5573     0.4554    98.3433 1.0000e-12  -74.04936 -110.98222  34.816766      99.74 1.8263e+03    490.604      11776  1028.2884  1028.2883     4.6652     0.1218     0.1199    34.0075    34.0074    8.39081         24 0.0000e+00
    193.000    190.915    -1.4914  27.135576    -1.4913  27.135593     6.3504     6.5568     0.4573    98.3521 1.0000e-12  -74.04936 -110.98222  34.816778      99.75 1.8263e+03    491.584      11799  1028.2935  1028.2934     4.6656     0.1132     0.1165    34.0078    34.0077    8.39122         23 0.0000e+00
    194.000    191.903    -1.4902  27.136833    -1.4907  27.136430     6.3536     6.5545     0.3076    98.4135 1.0000e-12  -74.04936 -110.98222  34.816789      99.74 1.8263e+03    492.571      11823  1028.2981  1028.2981     4.6686     0.1151     0.1191    34.0076    34.0076    8.39098         24 0.0000e+00
    195.000    192.892    -1.4914  27.136386    -1.4909  27.136758     6.3542     6.5505     0.3200    98.2793 1.0000e-12  -74.04936 -110.98222  34.816800      99.74 1.8263e+03    493.541      11846  1028.3031  1028.3029     4.6623     0.1176     0.1165    34.0077    34.0077    8.39124         23 0.0000e+00
    196.000    193.880    -1.4899  27.138273    -1.4904  27.137575     6.3516     6.5483     0.3070    98.4466 1.0000e-12  -74.04936 -110.98222  34.816812      99.74 1.8263e+03    494.523      11870  1028.3079  1028.3076     4.6701     0.1345     0.1173    34.0079    34.0076    8.39087         24 0.0000e+00
    197.000    194.870    -1.4908  27.137901    -1.4914  27.137352     6.3509     6.5531     0.3332    98.4696 1.0000e-12  -74.04936 -110.98222  34.816823      99.74 1.8263e+03    495.508      11893  1028.3127  1028.3126     4.6713     0.1203     0.1203    34.0078    34.0078    8.39108         24 0.0000e+00
    198.000    195.859    -1.4900  27.139017    -1.4900  27.138790     6.3531     6.5506     0.4039    98.3676 1.0000e-12  -74.04936 -110.98222  34.816834      99.74 1.8248e+03    496.480      11917  1028.3174  1028.3172     4.6664     0.1478     0.1199    34.0078    34.0076    8.39090         23 0.0000e+00
    199.000    196.846    -1.4890  27.139987    -1.4893  27.139812     6.3515     6.5466     0.2894    98.4204 1.0000e-12  -74.04936 -110.98222  34.816846      99.74 1.8262e+03    497.459      11940  1028.3218  1028.3219     4.6689     0.1332     0.1150    34.0074    34.0076    8.39070         23 0.0000e+00
    200.000    197.836    -1.4942  27.137093    -1.4937  27.137281     6.3503     6.5491     0.2553    98.4023 1.0000e-12  -74.04936 -110.98222  34.816857      93.40 1.8257e+03    498.439      11964  1028.3280  1028.3277     4.6681     0.0990     0.1158    34.0088    34.0084    8.39180         24 0.0000e+00
    201.000    198.824    -1.4960  27.136588    -1.4950  27.137203     6.3478     6.5505     0.2878    98.4360 1.0000e-12  -74.04936 -110.98222  34.816868      99.73 1.8262e+03    499.415      11987  1028.3335  1028.3332     4.6697     0.1016     0.1181    34.0095    34.0092    8.39216         23 0.0000e+00
    202.000    199.813    -1.4921  27.140606    -1.4925  27.140014     6.3482     6.5468     0.2638    98.4942 1.0000e-12  -74.04936 -110.98222  34.816879      99.75 1.8262e+03    500.389      12010  1028.3384  1028.3381     4.6724     0.1315     0.1172    34.0100    34.0096    8.39126         24 0.0000e+00
    203.000    200.802    -1.4883  27.143868    -1.4890  27.143388     6.3552     6.5398     0.2097    98.5311 1.0000e-12  -74.04936 -110.98222  34.816891      99.73 1.8253e+03    501.372      12034  1028.3426  1028.3428     4.6741     0.1410     0.1189    34.0095    34.0097    8.39043         23 0.0000e+00
    204.000    201.790    -1.4894  27.143901    -1.4894  27.143554     6.3520     6.5444     0.3123    98.4439 1.0000e-12  -74.04936 -110.98222  34.816902      99.74 1.8254e+03    502.345      12057  1028.3480  1028.3476     4.6700     0.1031     0.1194    34.0102    34.0097    8.39064         23 0.0000e+00
    205.000    202.780    -1.4887  27.144895    -1.4885  27.145064     6.3480     6.5486     0.4426    98.3320 1.0000e-12  -74.04936 -110.98224  34.816913      99.75 1.8247e+03    503.317      12081  1028.3527  1028.3527     4.6648     0.1185     0.1182    34.0101    34.0102    8.39047         24 0.0000e+00
    206.000    203.767    -1.4884  27.146037    -1.4880  27.145991     6.3408     6.5445     0.3286    98.3421 1.0000e-12  -74.04936 -110.98222  34.816925      99.74 1.8260e+03    504.302      12104  1028.3580  1028.3575     4.6652     0.1296     0.1183    34.0107    34.0102    8.39037         24 0.0000e+00
    207.000    204.756    -1.4839  27.150460    -1.4838  27.150233     6.3430     6.5360     0.5263    98.2057 1.0000e-12  -74.04936 -110.98224  34.816936      99.74 1.8251e+03    505.282      12128  1028.3628  1028.3625     4.6588     0.1463     0.1183    34.0111    34.0107    8.38935         23 0.0000e+00
    208.000    205.745    -1.4817  27.152881    -1.4817  27.152821     6.3419     6.5389     0.3783    98.3308 1.0000e-12  -74.04936 -110.98222  34.816947      99.74 1.8226e+03    506.250      12151  1028.3676  1028.3675     4.6646     0.1166     0.1163    34.0113    34.0112    8.38883         23 0.0000e+00
