ocean_section_plots/required_files/ctd/dnbp2202_ctd211.cnv
* Sea-Bird SBE 9 Data File:
* FileName = D:\Data\raw\NBP2202_CTD211.hex
* Software Version Seasave V 7.26.7.121
* Temperature SN = 1649
* Conductivity SN = 2513
* Number of Bytes Per Scan = 40
* Number of Voltage Words = 5
* Number of Scans Averaged by the Deck Unit = 1
* NMEA Latitude = 74 08.42 S
* NMEA Longitude = 113 22.28 W
* NMEA UTC (Time) = Feb 10 2022  09:49:11
* NMEA baud rate = 9600
** Ship: RVIB N.B. Palmer
** Cruise: NBP2202 Thwaites
** Station: Tow-Yo #3
** Operator: B. Bjork
# nquan = 28
# nvalues = 466                         
# units = specified
# name 0 = prDM: Pressure, Digiquartz [db]
# name 1 = depSM: Depth [salt water, m]
# name 2 = t090C: Temperature [ITS-90, deg C]
# name 3 = c0mS/cm: Conductivity [mS/cm]
# name 4 = t190C: Temperature, 2 [ITS-90, deg C]
# name 5 = c1mS/cm: Conductivity, 2 [mS/cm]
# name 6 = sbeox0ML/L: Oxygen, SBE 43 [ml/l]
# name 7 = sbeox1ML/L: Oxygen, SBE 43, 2 [ml/l]
# name 8 = flECO-AFL: Fluorescence, WET Labs ECO-AFL/FL [mg/m^3]
# name 9 = CStarTr0: Beam Transmission, WET Labs C-Star [%]
# name 10 = par: PAR/Irradiance, Biospherical/Licor
# name 11 = latitude: Latitude [deg]
# name 12 = longitude: Longitude [deg]
# name 13 = timeJ: Julian Days
# name 14 = altM: Altimeter [m]
# name 15 = spar: SPAR, Biospherical/Licor
# name 16 = timeS: Time, Elapsed [seconds]
# name 17 = scan: Scan Count
# name 18 = density00: Density [density, kg/m^3]
# name 19 = density11: Density, 2 [density, kg/m^3]
# name 20 = v3: Voltage 3
# name 21 = v4: Voltage 4
# name 22 = v5: Voltage 5
# name 23 = sal00: Salinity, Practical [PSU]
# name 24 = sal11: Salinity, Practical, 2 [PSU]
# name 25 = oxsolML/L: Oxygen Saturation, Garcia & Gordon [ml/l]
# name 26 = nbin: number of scans per bin
# name 27 = flag: flag
# span 0 =     10.000,    475.000       
# span 1 =      9.896,    469.547       
# span 2 =    -1.5172,    -0.0844       
# span 3 =  26.973436,  28.669812       
# span 4 =    -1.5156,    -0.0818       
# span 5 =  26.973524,  28.670032       
# span 6 =     4.7720,     8.6086       
# span 7 =     4.9043,     8.8370       
# span 8 =    -0.0223,    22.1841       
# span 9 =    77.3758,    97.9216       
# span 10 = 1.0000e-12, 3.4967e-01      
# span 11 =  -74.14179,  -74.14044      
# span 12 = -113.37082, -113.36224      
# span 13 =  41.409573,  41.416454      
# span 14 =       9.17,      99.99      
# span 15 = 2.4402e+01, 2.9274e+01      
# span 16 =     36.097,    630.625      
# span 17 =        867,      15136      
# span 18 =  1027.1918,  1029.8175      
# span 19 =  1027.1897,  1029.8153      
# span 20 =     3.6707,     4.6452      
# span 21 =     0.0634,     3.1840      
# span 22 =     0.1245,     0.2588      
# span 23 =    33.7488,    34.3214      
# span 24 =    33.7472,    34.3188      
# span 25 =    8.06607,    8.40507      
# span 26 =         17,         64      
# span 27 = 0.0000e+00, 0.0000e+00      
# interval = decibars: 1                
# start_time = Feb 10 2022 09:49:11 [NMEA time, header]
# bad_flag = -9.990e-29
*END*
[from data line 104]
    114.000    112.788    -1.4621  27.033151    -1.4620  27.031359     5.5990     5.7738     0.1102    97.7656 1.0000e-12  -74.14082 -113.36848  41.411472      99.88 2.5559e+01    200.142       4804  1027.8109  1027.8088     4.6379     0.1021     0.1269    33.8826    33.8800    8.39209         30 0.0000e+00
    115.000    113.778    -1.4477  27.046696    -1.4462  27.046384     5.5923     5.7572     0.3431    97.7967 1.0000e-12  -74.14082 -113.36846  41.411486      99.87 2.4815e+01    201.367       4834  1027.8163  1027.8145     4.6393     0.1264     0.1263    33.8843    33.8821    8.38874         30 0.0000e+00
    116.000    114.768    -1.4054  27.088870    -1.4021  27.088036     5.5949     5.7518     0.2360    97.8023 1.0000e-12  -74.14082 -113.36844  41.411500      99.88 2.4861e+01    202.604       4864  1027.8264  1027.8222     4.6395     0.0941     0.1269    33.8938    33.8889    8.37865         29 0.0000e+00
    117.000    115.757    -1.3450  27.146914    -1.3456  27.144220     5.5901     5.7458     0.6537    97.6301 1.0000e-12  -74.14082 -113.36843  41.411514      99.88 2.6941e+01    203.840       4893  1027.8365  1027.8342     4.6314     0.0858     0.1245    33.9045    33.9015    8.36445         29 0.0000e+00
    118.000    116.746    -1.3371  27.157287    -1.3358  27.156405     5.5957     5.7488     1.0894    97.4610 1.0000e-12  -74.14083 -113.36841  41.411529      99.87 2.4610e+01    205.068       4923  1027.8452  1027.8428     4.6234     0.1113     0.1289    33.9093    33.9065    8.36240         30 0.0000e+00
    119.000    117.734    -1.3357  27.159024    -1.3349  27.158306     5.5962     5.7522     1.8097    96.6262 1.0000e-12  -74.14084 -113.36840  41.411543      99.87 2.4741e+01    206.295       4952  1027.8505  1027.8490     4.5838     0.1499     0.1363    33.9094    33.9075    8.36207         29 0.0000e+00
    120.000    118.724    -1.3367  27.158966    -1.3358  27.158365     5.5934     5.7479     1.4653    96.3267 1.0000e-12  -74.14084 -113.36837  41.411557      99.86 2.6340e+01    207.515       4981  1027.8561  1027.8545     4.5697     0.1788     0.1379    33.9098    33.9079    8.36227         29 0.0000e+00
    121.000    119.713    -1.3364  27.159499    -1.3351  27.159313     5.5949     5.7574     1.8174    96.3434 1.0000e-12  -74.14084 -113.36835  41.411571      99.78 2.4743e+01    208.725       5010  1027.8610  1027.8595     4.5704     0.4736     0.1374    33.9096    33.9078    8.36222         30 0.0000e+00
    122.000    120.702    -1.3383  27.158600    -1.3367  27.158534     5.5929     5.7584     1.7143    96.1766 1.0000e-12  -74.14084 -113.36834  41.411585      99.86 2.4681e+01    209.933       5039  1027.8664  1027.8648     4.5625     0.1817     0.1344    33.9099    33.9080    8.36263         29 0.0000e+00
    123.000    121.691    -1.3391  27.158658    -1.3375  27.158647     5.5962     5.7572     1.6067    95.9976 1.0000e-12  -74.14084 -113.36832  41.411599      99.85 2.5998e+01    211.142       5068  1027.8718  1027.8703     4.5540     0.3458     0.1373    33.9102    33.9084    8.36278         28 0.0000e+00
    124.000    122.681    -1.3385  27.159727    -1.3374  27.159326     5.5927     5.7547     1.1153    95.7638 1.0000e-12  -74.14084 -113.36832  41.411613      99.85 2.4731e+01    212.342       5097  1027.8769  1027.8754     4.5430     0.2715     0.1343    33.9104    33.9086    8.36264         29 0.0000e+00
    125.000    123.669    -1.3392  27.159183    -1.3377  27.159051     5.5907     5.7492     1.5325    95.6729 1.0000e-12  -74.14085 -113.36829  41.411627      99.84 2.4914e+01    213.553       5126  1027.8814  1027.8799     4.5386     0.3746     0.1345    33.9099    33.9080    8.36284         30 0.0000e+00
    126.000    124.658    -1.3388  27.159937    -1.3372  27.159985     5.5912     5.7553     1.8463    96.0451 1.0000e-12  -74.14086 -113.36827  41.411641      99.84 2.6245e+01    214.763       5155  1027.8863  1027.8848     4.5563     0.4005     0.1360    33.9098    33.9080    8.36274         28 0.0000e+00
    127.000    125.647    -1.3366  27.163206    -1.3354  27.162911     5.5847     5.7564     1.7677    96.0641 1.0000e-12  -74.14086 -113.36826  41.411655      99.84 2.4722e+01    215.973       5184  1027.8922  1027.8907     4.5572     0.3151     0.1342    33.9112    33.9094    8.36217         29 0.0000e+00
    128.000    126.637    -1.3382  27.161954    -1.3366  27.161880     5.5870     5.7517     1.6596    95.9983 1.0000e-12  -74.14086 -113.36824  41.411669      98.41 2.4679e+01    217.180       5213  1027.8968  1027.8952     4.5541     0.3618     0.1374    33.9106    33.9087    8.36256         29 0.0000e+00
    129.000    127.625    -1.3379  27.162681    -1.3367  27.162217     5.5840     5.7473     1.6120    96.1993 1.0000e-12  -74.14086 -113.36822  41.411683      97.54 2.6883e+01    218.383       5242  1027.9016  1027.9000     4.5633     0.2328     0.1354    33.9106    33.9087    8.36248         29 0.0000e+00
    130.000    128.615    -1.3373  27.163557    -1.3357  27.163708     5.5726     5.7341     1.3078    95.7174 1.0000e-12  -74.14086 -113.36821  41.411696      99.88 2.4726e+01    219.572       5271  1027.9064  1027.9050     4.5410     0.2374     0.1403    33.9105    33.9089    8.36236         28 0.0000e+00
    131.000    129.603    -1.3314  27.170967    -1.3303  27.170128     5.5660     5.7328     1.6998    95.5642 1.0000e-12  -74.14086 -113.36819  41.411710      99.79 2.4986e+01    220.762       5299  1027.9132  1027.9112     4.5335     0.5558     0.1363    33.9135    33.9110    8.36088         29 0.0000e+00
    132.000    130.592    -1.3305  27.172665    -1.3287  27.172802     5.5668     5.7312     1.2104    96.2267 1.0000e-12  -74.14086 -113.36818  41.411724      99.86 2.5824e+01    221.952       5328  1027.9186  1027.9170     4.5649     0.2523     0.1381    33.9142    33.9123    8.36063         28 0.0000e+00
    133.000    131.582    -1.3306  27.173010    -1.3288  27.173078     5.5616     5.7297     2.3977    96.1711 1.0000e-12  -74.14088 -113.36816  41.411738      99.83 2.5225e+01    223.130       5356  1027.9234  1027.9217     4.5622     0.4231     0.1482    33.9140    33.9121    8.36065         29 0.0000e+00
    134.000    132.570    -1.3290  27.174826    -1.3276  27.174586     5.5502     5.7257     1.4918    95.9687 1.0000e-12  -74.14088 -113.36816  41.411751      99.75 2.4681e+01    224.311       5384  1027.9282  1027.9266     4.5527     0.6402     0.1372    33.9141    33.9122    8.36028         28 0.0000e+00
    135.000    133.560    -1.3284  27.175819    -1.3267  27.175898     5.5544     5.7250     0.9781    96.0415 1.0000e-12  -74.14088 -113.36812  41.411765      99.86 2.5165e+01    225.497       5413  1027.9331  1027.9315     4.5561     0.2433     0.1368    33.9142    33.9123    8.36016         29 0.0000e+00
    136.000    134.548    -1.3288  27.176052    -1.3275  27.175860     5.5226     5.6987     1.2404    96.3093 1.0000e-12  -74.14088 -113.36811  41.411779      99.87 2.5370e+01    226.674       5441  1027.9381  1027.9366     4.5688     0.2586     0.1442    33.9144    33.9126    8.36024         28 0.0000e+00
    137.000    135.538    -1.3223  27.183808    -1.3208  27.183097     5.4943     5.6757     1.6144    96.2220 1.0000e-12  -74.14088 -113.36810  41.411792      99.86 2.4804e+01    227.858       5470  1027.9447  1027.9424     4.5647     0.2065     0.1358    33.9170    33.9143    8.35862         28 0.0000e+00
    138.000    136.527    -1.2980  27.210124    -1.2944  27.210763     5.4396     5.6180     2.0860    96.1664 1.0000e-12  -74.14088 -113.36809  41.411806      99.86 2.4924e+01    229.053       5498  1027.9544  1027.9517     4.5620     0.2658     0.1394    33.9250    33.9218    8.35271         29 0.0000e+00
    139.000    137.515    -1.2813  27.228040    -1.2794  27.227407     5.3832     5.5658     1.6519    95.9283 1.0000e-12  -74.14090 -113.36806  41.411820      96.13 2.5407e+01    230.244       5527  1027.9625  1027.9599     4.5508     0.2144     0.1364    33.9301    33.9270    8.34868         29 0.0000e+00
    140.000    138.504    -1.2157  27.298079    -1.2127  27.298264     5.3681     5.5468     0.8757    96.6211 1.0000e-12  -74.14090 -113.36804  41.411834      99.36 2.4688e+01    231.446       5556  1027.9803  1027.9776     4.5836     0.3040     0.1379    33.9511    33.9480    8.33278         29 0.0000e+00
    141.000    139.495    -1.2032  27.312034    -1.2020  27.311083     5.3761     5.5421     0.2827    96.6567 1.0000e-12  -74.14090 -113.36803  41.411848      99.82 2.4981e+01    232.654       5585  1027.9883  1027.9861     4.5853     0.4289     0.1358    33.9555    33.9528    8.32974         29 0.0000e+00
    142.000    140.481    -1.2006  27.316068    -1.1990  27.315822     5.3876     5.5478     0.0713    96.9583 1.0000e-12  -74.14090 -113.36802  41.411862      99.86 2.5894e+01    233.873       5614  1027.9950  1027.9931     4.5995     0.2288     0.1367    33.9575    33.9553    8.32905         29 0.0000e+00
    143.000    141.472    -1.1998  27.318830    -1.1981  27.318922     5.3986     5.5538     0.0243    97.5939 1.0000e-12  -74.14090 -113.36800  41.411876      99.86 2.4671e+01    235.092       5643  1028.0019  1028.0003     4.6297     0.2055     0.1304    33.9597    33.9578    8.32874         29 0.0000e+00
    144.000    142.461    -1.1995  27.320082    -1.1962  27.321035     5.4005     5.5571     0.0435    97.7404 1.0000e-12  -74.14090 -113.36798  41.411890      99.87 2.4858e+01    236.324       5673  1028.0075  1028.0054     4.6366     0.1038     0.1297    33.9604    33.9580    8.32862         30 0.0000e+00
    145.000    143.449    -1.2006  27.319608    -1.1988  27.319686     5.4029     5.5590     0.1059    97.6221 1.0000e-12  -74.14090 -113.36796  41.411905      99.87 2.6784e+01    237.555       5702  1028.0127  1028.0110     4.6311     0.0855     0.1303    33.9604    33.9584    8.32887         30 0.0000e+00
    146.000    144.438    -1.2003  27.320241    -1.1987  27.319908     5.3974     5.5559     0.1732    97.7733 1.0000e-12  -74.14090 -113.36795  41.411919      99.88 2.4762e+01    238.779       5732  1028.0175  1028.0157     4.6382     0.0777     0.1292    33.9603    33.9581    8.32880         29 0.0000e+00
    147.000    145.427    -1.1995  27.321024    -1.1979  27.320882     5.3990     5.5530     0.1289    97.6725 1.0000e-12  -74.14090 -113.36794  41.411933      99.87 2.4971e+01    240.006       5761  1028.0221  1028.0205     4.6334     0.1023     0.1325    33.9598    33.9578    8.32866         30 0.0000e+00
    148.000    146.416    -1.1990  27.321623    -1.1973  27.321451     5.3924     5.5546     0.0509    97.6318 1.0000e-12  -74.14090 -113.36790  41.411947      99.88 2.5818e+01    241.226       5790  1028.0268  1028.0249     4.6315     0.0900     0.1291    33.9595    33.9574    8.32857         29 0.0000e+00
    149.000    147.405    -1.1987  27.322161    -1.1971  27.321942     5.3938     5.5591     0.0654    97.7744 1.0000e-12  -74.14092 -113.36790  41.411961      99.87 2.4690e+01    242.447       5820  1028.0315  1028.0297     4.6383     0.0964     0.1289    33.9593    33.9571    8.32851         29 0.0000e+00
    150.000    148.393    -1.1995  27.322039    -1.1981  27.321822     5.3931     5.5606     0.0755    97.8525 1.0000e-12  -74.14092 -113.36787  41.411975      96.30 2.4855e+01    243.677       5849  1028.0366  1028.0349     4.6420     0.0935     0.1295    33.9594    33.9575    8.32869         30 0.0000e+00
    151.000    149.384    -1.2000  27.322171    -1.1988  27.321755     5.4061     5.5645     0.0684    97.8713 1.0000e-12  -74.14092 -113.36786  41.411990      99.80 2.6772e+01    244.894       5878  1028.0416  1028.0400     4.6429     0.1655     0.1305    33.9595    33.9576    8.32879         29 0.0000e+00
    152.000    150.371    -1.2010  27.322033    -1.1991  27.322014     5.4247     5.5702     0.0069    97.7763 1.0000e-12  -74.14092 -113.36784  41.412004      99.87 2.4593e+01    246.107       5908  1028.0467  1028.0449     4.6384     0.0940     0.1342    33.9598    33.9577    8.32899         29 0.0000e+00
    153.000    151.361    -1.2052  27.319961    -1.2046  27.319343     5.4336     5.5767     0.0324    97.8266 1.0000e-12  -74.14092 -113.36782  41.412018      99.87 2.5159e+01    247.319       5937  1028.0530  1028.0517     4.6407     0.0846     0.1279    33.9612    33.9596    8.32986         29 0.0000e+00
    154.000    152.350    -1.2069  27.320033    -1.2052  27.319818     5.4280     5.5795     0.2003    97.7604 1.0000e-12  -74.14093 -113.36780  41.412032      99.87 2.6430e+01    248.530       5966  1028.0590  1028.0572     4.6376     0.0866     0.1283    33.9625    33.9603    8.33015         29 0.0000e+00
    155.000    153.340    -1.2070  27.320364    -1.2054  27.320343     5.4278     5.5789     0.1990    97.8150 1.0000e-12  -74.14094 -113.36779  41.412046      99.88 2.4642e+01    249.735       5995  1028.0638  1028.0622     4.6402     0.0763     0.1274    33.9624    33.9606    8.33017         29 0.0000e+00
    156.000    154.327    -1.2072  27.320720    -1.2055  27.320727     5.4271     5.5759     0.1705    97.7639 1.0000e-12  -74.14094 -113.36777  41.412060      99.87 2.5280e+01    250.944       6024  1028.0687  1028.0670     4.6378     0.0878     0.1289    33.9626    33.9606    8.33021         29 0.0000e+00
    157.000    155.316    -1.2068  27.321785    -1.2050  27.321774     5.4200     5.5768     0.2190    97.7694 1.0000e-12  -74.14094 -113.36774  41.412074      99.88 2.6548e+01    252.151       6053  1028.0737  1028.0720     4.6380     0.0799     0.1309    33.9629    33.9609    8.33009         29 0.0000e+00
    158.000    156.304    -1.2057  27.323391    -1.2038  27.323589     5.4192     5.5831     0.1037    97.7327 1.0000e-12  -74.14094 -113.36774  41.412087      99.88 2.4705e+01    253.359       6082  1028.0788  1028.0772     4.6363     0.0842     0.1287    33.9633    33.9614    8.32984         29 0.0000e+00
    159.000    157.295    -1.2043  27.325157    -1.2029  27.324928     5.4246     5.5885     0.0854    97.7560 1.0000e-12  -74.14094 -113.36771  41.412102      99.88 2.4740e+01    254.571       6111  1028.0836  1028.0821     4.6374     0.0766     0.1293    33.9635    33.9616    8.32951         29 0.0000e+00
    160.000    158.283    -1.2027  27.327835    -1.2010  27.327861     5.4239     5.5854     0.0257    97.7087 1.0000e-12  -74.14094 -113.36769  41.412116      99.88 2.6608e+01    255.780       6140  1028.0894  1028.0877     4.6351     0.0734     0.1276    33.9647    33.9628    8.32908         29 0.0000e+00
    161.000    159.272    -1.2025  27.328407    -1.2011  27.328333     5.4254     5.5866     0.0497    97.7205 1.0000e-12  -74.14094 -113.36768  41.412129      99.87 2.4650e+01    256.982       6169  1028.0941  1028.0927     4.6357     0.1079     0.1290    33.9647    33.9629    8.32905         29 0.0000e+00
    162.000    160.261    -1.2026  27.329217    -1.2012  27.329050     5.4279     5.5956     0.0274    97.7242 1.0000e-12  -74.14094 -113.36766  41.412143      99.88 2.4679e+01    258.196       6198  1028.0994  1028.0979     4.6359     0.1330     0.1285    33.9653    33.9634    8.32903         29 0.0000e+00
    163.000    161.250    -1.2036  27.329407    -1.2018  27.329521     5.4293     5.5904     0.2575    97.7137 1.0000e-12  -74.14096 -113.36764  41.412157      99.87 2.6247e+01    259.406       6227  1028.1049  1028.1032     4.6354     0.0975     0.1324    33.9660    33.9641    8.32920         29 0.0000e+00
    164.000    162.238    -1.2028  27.331108    -1.2005  27.331324     5.4221     5.5844     0.1148    97.7694 1.0000e-12  -74.14096 -113.36761  41.412172      99.87 2.4681e+01    260.666       6257  1028.1103  1028.1083     4.6380     0.0760     0.1273    33.9669    33.9645    8.32898         31 0.0000e+00
