ocean_section_plots/required_files/ctd/dnbp2202_ctd071.cnv
* Sea-Bird SBE 9 Data File:
* FileName = D:\Data\raw\NBP2202_CTD071.hex
* Software Version Seasave V 7.26.7.121
* Temperature SN = 1649
* Conductivity SN = 2513
* Number of Bytes Per Scan = 40
* Number of Voltage Words = 5
* Number of Scans Averaged by the Deck Unit = 1
* NMEA Latitude = 74 14.29 S
* NMEA Longitude = 112 12.57 W
* NMEA UTC (Time) = Jan 26 2022  03:59:03
* NMEA baud rate = 9600
** Ship: RVIB N.B. Palmer
** Cruise: NBP2202 Thwaites
** Station: 52
** Operator: A. Robinson
# nquan = 25
# nvalues = 956                         
# units = specified
# name 0 = prDM: Pressure, Digiquartz [db]
# name 1 = depSM: Depth [salt water, m]
# name 2 = t090C: Temperature [ITS-90, deg C]
# name 3 = c0mS/cm: Conductivity [mS/cm]
# name 4 = t190C: Temperature, 2 [ITS-90, deg C]
# name 5 = c1mS/cm: Conductivity, 2 [mS/cm]
# name 6 = sbeox0ML/L: Oxygen, SBE 43 [ml/l]
# name 7 = sbeox1ML/L: Oxygen, SBE 43, 2 [ml/l]
# name 8 = flECO-AFL: Fluorescence, WET Labs ECO-AFL/FL [mg/m^3]
# name 9 = CStarTr0: Beam Transmission, WET Labs C-Star [%]
# name 10 = par: PAR/Irradiance, Biospherical/Licor
# name 11 = latitude: Latitude [deg]
# name 12 = longitude: Longitude [deg]
# name 13 = timeJ: Julian Days
# name 14 = altM: Altimeter [m]
# name 15 = spar: SPAR, Biospherical/Licor
# name 16 = timeS: Time, Elapsed [seconds]
# name 17 = scan: Scan Count
# name 18 = density00: Density [density, kg/m^3]
# name 19 = density11: Density, 2 [density, kg/m^3]
# name 20 = sal00: Salinity, Practical [PSU]
# name 21 = sal11: Salinity, Practical, 2 [PSU]
# name 22 = oxsolML/L: Oxygen Saturation, Garcia & Gordon [ml/l]
# name 23 = nbin: number of scans per bin
# name 24 = flag: flag
# span 0 =      2.000,    957.000       
# span 1 =      1.977,    944.913       
# span 2 =    -1.5003,     0.5695       
# span 3 =  27.120696,  29.625688       
# span 4 =    -1.4999,     0.5716       
# span 5 =  27.120736,  29.625627       
# span 6 =     4.5500,     8.5377       
# span 7 =     4.6483,     8.6710       
# span 8 =    -0.0152,    26.9877       
# span 9 =    67.5582,    95.6842       
# span 10 = -2.712e-06, 9.6231e+01      
# span 11 =  -74.23826,  -74.23824      
# span 12 = -112.20966, -112.20962      
# span 13 =  26.169041,  26.183836      
# span 14 =       7.05,     100.29      
# span 15 = 2.2589e+02, 2.4931e+02      
# span 16 =    262.076,   1540.388      
# span 17 =       6291,      36970      
# span 18 =  1027.1903,  1032.2241      
# span 19 =  1027.1952,  1032.2220      
# span 20 =    33.7930,    34.5672      
# span 21 =    33.7972,    34.5647      
# span 22 =    7.91658,    8.39458      
# span 23 =          5,         65      
# span 24 = 0.0000e+00, 0.0000e+00      
# interval = decibars: 1                
# start_time = Jan 26 2022 03:59:03 [NMEA time, header]
# bad_flag = -9.990e-29
*END*
[from data line 812]
    814.000    803.996     0.4839  29.471008     0.4857  29.470713     4.6113     4.7283    -0.0007    95.5107 1.0000e-12  -74.23826 -112.20963  26.181071      95.80 2.2741e+02   1301.537      31238  1031.5446  1031.5425    34.5420    34.5396    7.93550         29 0.0000e+00
    815.000    804.981     0.4884  29.476532     0.4906  29.476387     4.6183     4.7212     0.0101    95.5252 1.0000e-12  -74.23826 -112.20962  26.181085      99.79 2.2741e+02   1302.725      31266  1031.5500  1031.5478    34.5436    34.5410    7.93448         28 0.0000e+00
    816.000    805.967     0.4913  29.479931     0.4931  29.479509     4.6103     4.7260    -0.0033    95.5014 1.0000e-12  -74.23826 -112.20962  26.181099      99.82 2.2741e+02   1303.939      31296  1031.5550  1031.5528    34.5443    34.5417    7.93386         30 0.0000e+00
    817.000    806.952     0.4974  29.487346     0.4997  29.487132     4.6068     4.7193    -0.0009    95.4712 1.0000e-12  -74.23826 -112.20962  26.181113      99.81 2.2741e+02   1305.204      31326  1031.5608  1031.5584    34.5465    34.5436    7.93248         31 0.0000e+00
    818.000    807.940     0.5018  29.492300     0.5039  29.492191     4.5952     4.7140     0.0077    95.4829 1.0000e-12  -74.23826 -112.20962  26.181128      99.82 2.2647e+02   1306.437      31355  1031.5659  1031.5637    34.5475    34.5450    7.93153         28 0.0000e+00
    819.000    808.924     0.5078  29.499665     0.5101  29.499453     4.5963     4.7092     0.0099    95.5042 1.0000e-12  -74.23826 -112.20962  26.181141      99.81 2.2653e+02   1307.613      31384  1031.5719  1031.5694    34.5499    34.5470    7.93017         28 0.0000e+00
    820.000    809.910     0.5141  29.506760     0.5162  29.506712     4.5994     4.7103    -0.0035    95.4887 1.0000e-12  -74.23826 -112.20962  26.181155      99.81 2.2644e+02   1308.776      31412  1031.5772  1031.5751    34.5514    34.5490    7.92878         29 0.0000e+00
    821.000    810.895     0.5141  29.507143     0.5162  29.507041     4.5957     4.7040     0.0096    95.4927 1.0000e-12  -74.23826 -112.20962  26.181169      99.81 2.2653e+02   1310.000      31441  1031.5820  1031.5798    34.5514    34.5489    7.92878         30 0.0000e+00
    822.000    811.882     0.5133  29.506614     0.5154  29.506620     4.6026     4.7123     0.0065    95.4770 1.0000e-12  -74.23826 -112.20962  26.181184      99.81 2.2673e+02   1311.287      31472  1031.5865  1031.5844    34.5510    34.5487    7.92897         31 0.0000e+00
    823.000    812.867     0.5136  29.507543     0.5156  29.507177     4.6017     4.7078     0.0091    95.4579 1.0000e-12  -74.23826 -112.20962  26.181198      84.47 2.2672e+02   1312.533      31502  1031.5914  1031.5892    34.5513    34.5487    7.92889         28 0.0000e+00
    824.000    813.853     0.5143  29.508470     0.5160  29.508182     4.5975     4.7032     0.0090    95.4498 1.0000e-12  -74.23826 -112.20962  26.181212      79.15 2.2716e+02   1313.692      31530  1031.5960  1031.5940    34.5512    34.5489    7.92875         28 0.0000e+00
    825.000    814.839     0.5162  29.511284     0.5189  29.511764     4.5976     4.7051     0.0013    95.4707 1.0000e-12  -74.23826 -112.20962  26.181225      97.92 2.2703e+02   1314.840      31557  1031.6013  1031.5992    34.5522    34.5498    7.92831         28 0.0000e+00
    826.000    815.824     0.5194  29.515105     0.5214  29.514971     4.5917     4.7030    -0.0004    95.4645 1.0000e-12  -74.23826 -112.20962  26.181239      99.80 2.2665e+02   1316.055      31586  1031.6064  1031.6042    34.5530    34.5506    7.92761         30 0.0000e+00
    827.000    816.810     0.5194  29.515475     0.5216  29.515475     4.5979     4.6979    -0.0006    95.4686 1.0000e-12  -74.23826 -112.20964  26.181254      99.81 2.2593e+02   1317.332      31617  1031.6110  1031.6089    34.5530    34.5505    7.92762         31 0.0000e+00
    828.000    817.796     0.5208  29.517477     0.5229  29.517374     4.5922     4.7039    -0.0023    95.4441 1.0000e-12  -74.23826 -112.20964  26.181268      99.81 2.2705e+02   1318.595      31647  1031.6160  1031.6139    34.5534    34.5510    7.92731         30 0.0000e+00
    829.000    818.781     0.5209  29.518044     0.5230  29.518005     4.5929     4.7061    -0.0029    95.4291 1.0000e-12  -74.23826 -112.20964  26.181283      99.81 2.2753e+02   1319.824      31677  1031.6206  1031.6186    34.5534    34.5511    7.92727         29 0.0000e+00
    830.000    819.768     0.5209  29.518531     0.5231  29.518529     4.5945     4.7074     0.0004    95.4326 1.0000e-12  -74.23826 -112.20964  26.181297      99.81 2.2741e+02   1321.041      31706  1031.6254  1031.6233    34.5535    34.5510    7.92727         29 0.0000e+00
    831.000    820.752     0.5232  29.521398     0.5251  29.521150     4.5938     4.7030    -0.0077    95.4114 1.0000e-12  -74.23826 -112.20964  26.181311      99.81 2.2741e+02   1322.267      31735  1031.6304  1031.6282    34.5541    34.5517    7.92677         30 0.0000e+00
    832.000    821.739     0.5239  29.522655     0.5260  29.522525     4.5925     4.6975     0.0019    95.4323 1.0000e-12  -74.23826 -112.20964  26.181325      99.82 2.2741e+02   1323.474      31764  1031.6352  1031.6331    34.5544    34.5519    7.92661         28 0.0000e+00
    833.000    822.723     0.5234  29.522440     0.5254  29.522322     4.5950     4.6995     0.0018    95.4437 1.0000e-12  -74.23826 -112.20964  26.181338      99.81 2.2741e+02   1324.633      31792  1031.6397  1031.6377    34.5541    34.5517    7.92673         27 0.0000e+00
    834.000    823.711     0.5230  29.522512     0.5250  29.522255     4.5941     4.7007     0.0049    95.4010 1.0000e-12  -74.23826 -112.20964  26.181352      96.47 2.2741e+02   1325.781      31820  1031.6445  1031.6423    34.5541    34.5516    7.92682         29 0.0000e+00
    835.000    824.696     0.5237  29.523514     0.5254  29.523176     4.5962     4.7033     0.0069    95.4027 1.0000e-12  -74.23826 -112.20964  26.181366      81.46 2.2741e+02   1327.005      31849  1031.6491  1031.6471    34.5541    34.5518    7.92668         30 0.0000e+00
    836.000    825.681     0.5250  29.525433     0.5272  29.525452     4.5891     4.6996     0.0053    95.3992 1.0000e-12  -74.23826 -112.20964  26.181381      98.39 2.2741e+02   1328.327      31881  1031.6540  1031.6519    34.5546    34.5522    7.92638         32 0.0000e+00
    837.000    826.668     0.5252  29.526145     0.5272  29.525954     4.5907     4.6983    -0.0030    95.3490 1.0000e-12  -74.23826 -112.20964  26.181396      99.81 2.2741e+02   1329.625      31912  1031.6587  1031.6566    34.5546    34.5522    7.92633         31 0.0000e+00
    838.000    827.653     0.5250  29.526240     0.5270  29.526191     4.5930     4.6990    -0.0023    95.3964 1.0000e-12  -74.23826 -112.20964  26.181410      99.81 2.2741e+02   1330.847      31941  1031.6633  1031.6613    34.5545    34.5522    7.92639         27 0.0000e+00
    839.000    828.639     0.5254  29.527193     0.5273  29.526959     4.5943     4.6957     0.0071    95.4144 1.0000e-12  -74.23826 -112.20964  26.181424      99.82 2.2741e+02   1332.007      31969  1031.6681  1031.6660    34.5546    34.5523    7.92628         28 0.0000e+00
    840.000    829.624     0.5261  29.528325     0.5279  29.528160     4.5957     4.7023     0.0107    95.3883 1.0000e-12  -74.23826 -112.20964  26.181437      99.81 2.2680e+02   1333.161      31997  1031.6728  1031.6708    34.5548    34.5525    7.92614         29 0.0000e+00
    841.000    830.609     0.5258  29.528379     0.5276  29.528141     4.5843     4.6995     0.0142    95.3956 1.0000e-12  -74.23826 -112.20964  26.181451      99.82 2.2631e+02   1334.357      32026  1031.6774  1031.6754    34.5547    34.5524    7.92622         30 0.0000e+00
    842.000    831.596     0.5262  29.529278     0.5282  29.529164     4.5921     4.6989     0.0088    95.3950 1.0000e-12  -74.23824 -112.20964  26.181465      99.81 2.2698e+02   1335.618      32056  1031.6822  1031.6801    34.5548    34.5525    7.92613         30 0.0000e+00
    843.000    832.581     0.5260  29.529614     0.5277  29.529185     4.5926     4.6982     0.0007    95.3944 1.0000e-12  -74.23824 -112.20964  26.181480      99.82 2.2741e+02   1336.868      32086  1031.6868  1031.6848    34.5548    34.5524    7.92615         29 0.0000e+00
    844.000    833.567     0.5264  29.530470     0.5282  29.530084     4.5900     4.6980    -0.0004    95.3944 1.0000e-12  -74.23824 -112.20964  26.181494      99.81 2.2717e+02   1338.085      32115  1031.6916  1031.6895    34.5550    34.5525    7.92607         29 0.0000e+00
    845.000    834.553     0.5269  29.531152     0.5287  29.531003     4.5891     4.6919    -0.0004    95.4112 1.0000e-12  -74.23824 -112.20964  26.181508      97.50 2.2723e+02   1339.291      32144  1031.6961  1031.6941    34.5548    34.5525    7.92598         29 0.0000e+00
    846.000    835.537     0.5263  29.530979     0.5286  29.531252     4.5946     4.6950    -0.0004    95.3944 1.0000e-12  -74.23824 -112.20964  26.181522      85.78 2.2680e+02   1340.501      32173  1031.7007  1031.6987    34.5546    34.5525    7.92611         29 0.0000e+00
    847.000    836.524     0.5256  29.530664     0.5277  29.530724     4.5950     4.6980     0.0047    95.4043 1.0000e-12  -74.23824 -112.20964  26.181536      98.06 2.2630e+02   1341.723      32202  1031.7053  1031.7033    34.5545    34.5522    7.92627         30 0.0000e+00
    848.000    837.509     0.5263  29.532024     0.5281  29.531699     4.5904     4.6954     0.0143    95.3984 1.0000e-12  -74.23824 -112.20964  26.181550      99.81 2.2703e+02   1342.932      32231  1031.7102  1031.7081    34.5548    34.5524    7.92609         28 0.0000e+00
    849.000    838.494     0.5282  29.534506     0.5290  29.533072     4.5812     4.6925     0.0106    95.3835 1.0000e-12  -74.23824 -112.20964  26.181564      99.82 2.2741e+02   1344.111      32260  1031.7151  1031.7129    34.5554    34.5527    7.92567         28 0.0000e+00
    850.000    839.480     0.5301  29.536919     0.5321  29.536805     4.5868     4.6898     0.0071    95.3855 1.0000e-12  -74.23824 -112.20964  26.181578      99.81 2.2698e+02   1345.299      32288  1031.7200  1031.7179    34.5559    34.5535    7.92527         29 0.0000e+00
    851.000    840.467     0.5306  29.537872     0.5326  29.537726     4.5905     4.6914    -0.0032    95.3352 1.0000e-12  -74.23824 -112.20965  26.181592      99.81 2.2656e+02   1346.534      32318  1031.7246  1031.7226    34.5559    34.5536    7.92515         31 0.0000e+00
    852.000    841.452     0.5305  29.538037     0.5324  29.538027     4.5846     4.6954     0.0043    95.3967 1.0000e-12  -74.23824 -112.20965  26.181606      99.81 2.2632e+02   1347.786      32348  1031.7292  1031.7273    34.5557    34.5536    7.92519         29 0.0000e+00
    853.000    842.438     0.5303  29.538565     0.5323  29.538282     4.5829     4.6919     0.0003    95.3967 1.0000e-12  -74.23824 -112.20965  26.181621      99.82 2.2682e+02   1349.016      32377  1031.7341  1031.7319    34.5560    34.5535    7.92521         30 0.0000e+00
    854.000    843.422     0.5313  29.539936     0.5331  29.539672     4.5875     4.6867     0.0077    95.3956 1.0000e-12  -74.23824 -112.20964  26.181635      99.81 2.2754e+02   1350.229      32406  1031.7388  1031.7367    34.5562    34.5538    7.92500         28 0.0000e+00
    855.000    844.409     0.5315  29.540629     0.5334  29.540445     4.5911     4.6919     0.0143    95.3836 1.0000e-12  -74.23824 -112.20966  26.181648      99.82 2.2697e+02   1351.402      32435  1031.7435  1031.7415    34.5563    34.5539    7.92495         28 0.0000e+00
    856.000    845.394     0.5317  29.541162     0.5335  29.540961     4.5829     4.6907     0.0106    95.3827 1.0000e-12  -74.23824 -112.20965  26.181662      81.29 2.2703e+02   1352.566      32463  1031.7481  1031.7461    34.5562    34.5539    7.92492         28 0.0000e+00
    857.000    846.380     0.5312  29.540998     0.5331  29.540939     4.5798     4.6922     0.0020    95.3881 1.0000e-12  -74.23824 -112.20965  26.181676      88.39 2.2671e+02   1353.769      32491  1031.7527  1031.7507    34.5560    34.5537    7.92504         30 0.0000e+00
    858.000    847.365     0.5314  29.541776     0.5336  29.541763     4.5843     4.6907     0.0069    95.3889 1.0000e-12  -74.23824 -112.20965  26.181690      99.73 2.2617e+02   1355.032      32522  1031.7575  1031.7554    34.5562    34.5538    7.92498         31 0.0000e+00
    859.000    848.351     0.5316  29.542269     0.5337  29.542327     4.5877     4.6937     0.0069    95.3907 1.0000e-12  -74.23824 -112.20964  26.181705      99.81 2.2589e+02   1356.309      32552  1031.7620  1031.7601    34.5561    34.5538    7.92495         30 0.0000e+00
    860.000    849.337     0.5316  29.542866     0.5339  29.542971     4.5869     4.6916     0.0014    95.3956 1.0000e-12  -74.23824 -112.20965  26.181719      99.81 2.2653e+02   1357.528      32582  1031.7668  1031.7648    34.5562    34.5539    7.92493         28 0.0000e+00
    861.000    850.321     0.5318  29.543480     0.5336  29.543210     4.5858     4.6878    -0.0065    95.3872 1.0000e-12  -74.23824 -112.20965  26.181733      99.81 2.2647e+02   1358.705      32610  1031.7715  1031.7695    34.5562    34.5539    7.92489         28 0.0000e+00
    862.000    851.308     0.5330  29.545196     0.5349  29.545037     4.5784     4.6822     0.0466    95.3502 1.0000e-12  -74.23824 -112.20965  26.181746      99.82 2.2624e+02   1359.898      32639  1031.7763  1031.7743    34.5566    34.5542    7.92463         30 0.0000e+00
    863.000    852.293     0.5334  29.546118     0.5353  29.545888     4.5857     4.6866    -0.0068    95.3760 1.0000e-12  -74.23824 -112.20966  26.181761      99.81 2.2618e+02   1361.142      32668  1031.7811  1031.7790    34.5567    34.5543    7.92454         30 0.0000e+00
    864.000    853.278     0.5341  29.547334     0.5362  29.547284     4.5849     4.6893    -0.0003    95.4044 1.0000e-12  -74.23824 -112.20964  26.181775      59.07 2.2601e+02   1362.388      32698  1031.7858  1031.7838    34.5569    34.5546    7.92437         29 0.0000e+00
    865.000    854.264     0.5344  29.547872     0.5362  29.547804     4.5836     4.6902     0.0039    95.4175 1.0000e-12  -74.23824 -112.20965  26.181789      99.07 2.2614e+02   1363.585      32727  1031.7903  1031.7885    34.5568    34.5547    7.92433         29 0.0000e+00
    866.000    855.250     0.5357  29.549940     0.5376  29.549695     4.5817     4.6899     0.0114    95.3902 1.0000e-12  -74.23824 -112.20965  26.181803      99.61 2.2628e+02   1364.766      32755  1031.7954  1031.7933    34.5574    34.5551    7.92402         28 0.0000e+00
    867.000    856.235     0.5382  29.553054     0.5401  29.552858     4.5864     4.6885     0.0069    95.3864 1.0000e-12  -74.23824 -112.20965  26.181817      85.65 2.2675e+02   1365.968      32784  1031.8004  1031.7983    34.5582    34.5558    7.92348         29 0.0000e+00
    868.000    857.220     0.5404  29.555923     0.5423  29.555717     4.5774     4.6763     0.0069    95.3780 1.0000e-12  -74.23824 -112.20966  26.181831      92.40 2.2627e+02   1367.218      32814  1031.8053  1031.8034    34.5588    34.5565    7.92298         31 0.0000e+00
    869.000    858.207     0.5411  29.557052     0.5429  29.556953     4.5743     4.6819     0.0069    95.3899 1.0000e-12  -74.23824 -112.20964  26.181846      93.26 2.2589e+02   1368.459      32844  1031.8101  1031.8082    34.5590    34.5569    7.92283         29 0.0000e+00
    870.000    859.192     0.5426  29.559220     0.5444  29.558990     4.5732     4.6745     0.0069    95.3827 1.0000e-12  -74.23824 -112.20965  26.181859      91.62 2.2603e+02   1369.638      32872  1031.8151  1031.8131    34.5596    34.5573    7.92250         28 0.0000e+00
