ocean_section_plots/required_files/ctd/dnbp2202_ctd166.cnv
* Sea-Bird SBE 9 Data File:
* FileName = D:\Data\raw\NBP2202_CTD166.hex
* Software Version Seasave V 7.26.7.121
* Temperature SN = 1649
* Conductivity SN = 2513
* Number of Bytes Per Scan = 40
* Number of Voltage Words = 5
* Number of Scans Averaged by the Deck Unit = 1
* NMEA Latitude = 74 24.00 S
* NMEA Longitude = 110 04.79 W
* NMEA UTC (Time) = Feb 03 2022  04:09:30
* NMEA baud rate = 9600
** Ship: RVIB N.B. Palmer
** Cruise: NBP2202 Thwaites
** Station: 88
** Operator: B Bjork
# nquan = 28
# nvalues = 1127                        
# units = specified
# name 0 = prDM: Pressure, Digiquartz [db]
# name 1 = depSM: Depth [salt water, m]
# name 2 = t090C: Temperature [ITS-90, deg C]
# name 3 = c0mS/cm: Conductivity [mS/cm]
# name 4 = t190C: Temperature, 2 [ITS-90, deg C]
# name 5 = c1mS/cm: Conductivity, 2 [mS/cm]
# name 6 = sbeox0ML/L: Oxygen, SBE 43 [ml/l]
# name 7 = sbeox1ML/L: Oxygen, SBE 43, 2 [ml/l]
# name 8 = flECO-AFL: Fluorescence, WET Labs ECO-AFL/FL [mg/m^3]
# name 9 = CStarTr0: Beam Transmission, WET Labs C-Star [%]
# name 10 = par: PAR/Irradiance, Biospherical/Licor
# name 11 = latitude: Latitude [deg]
# name 12 = longitude: Longitude [deg]
# name 13 = timeJ: Julian Days
# name 14 = altM: Altimeter [m]
# name 15 = spar: SPAR, Biospherical/Licor
# name 16 = timeS: Time, Elapsed [seconds]
# name 17 = scan: Scan Count
# name 18 = density00: Density [density, kg/m^3]
# name 19 = density11: Density, 2 [density, kg/m^3]
# name 20 = v3: Voltage 3
# name 21 = v4: Voltage 4
# name 22 = v5: Voltage 5
# name 23 = sal00: Salinity, Practical [PSU]
# name 24 = sal11: Salinity, Practical, 2 [PSU]
# name 25 = oxsolML/L: Oxygen Saturation, Garcia & Gordon [ml/l]
# name 26 = nbin: number of scans per bin
# name 27 = flag: flag
# span 0 =      3.000,   1129.000       
# span 1 =      2.967,   1114.277       
# span 2 =    -1.5724,     1.1030       
# span 3 =  26.803671,  30.263874       
# span 4 =    -1.5736,     1.1054       
# span 5 =  26.804333,  30.264114       
# span 6 =     4.3163,     5.8543       
# span 7 =     4.3989,     5.9916       
# span 8 =    -0.0225,     0.0864       
# span 9 =    98.6514,    99.7381       
# span 10 = 1.0000e-12, 1.4678e+02      
# span 11 =  -74.40016,  -74.40014      
# span 12 = -110.07986, -110.07982      
# span 13 =  34.175426,  34.190226      
# span 14 =       5.71,     100.04      
# span 15 = 6.9521e+02, 8.0587e+02      
# span 16 =    186.793,   1465.532      
# span 17 =       4484,      35174      
# span 18 =  1027.1603,  1033.0795      
# span 19 =  1027.1619,  1033.0774      
# span 20 =     4.6798,     4.7314      
# span 21 =     0.0627,     0.0825      
# span 22 =     0.1077,     0.1409      
# span 23 =    33.7291,    34.7021      
# span 24 =    33.7318,    34.6998      
# span 25 =    7.80155,    8.42230      
# span 26 =         13,         48      
# span 27 = 0.0000e+00, 0.0000e+00      
# interval = decibars: 1                
# start_time = Feb 03 2022 04:09:30 [NMEA time, header]
# bad_flag = -9.990e-29
*END*
[from data line 1036]
   1039.000   1025.669     1.0970  30.219966     1.0991  30.220065     4.3317     4.4114    -0.0001    99.3901 1.0000e-12  -74.40014 -110.07982  34.188242      93.27 7.1581e+02   1294.132      31060  1032.6638  1032.6618     4.7149     0.0696     0.1176    34.7019    34.6996    7.80275         25 0.0000e+00
   1040.000   1026.656     1.0971  30.220466     1.0992  30.220596     4.3332     4.4120    -0.0078    99.3871 1.0000e-12  -74.40014 -110.07982  34.188255      92.24 7.1579e+02   1295.217      31086  1032.6683  1032.6664     4.7147     0.0696     0.1183    34.7018    34.6997    7.80271         27 0.0000e+00
   1041.000   1027.640     1.0972  30.220984     1.0993  30.221089     4.3321     4.4132    -0.0112    99.3862 1.0000e-12  -74.40014 -110.07982  34.188268      91.25 7.1451e+02   1296.319      31113  1032.6730  1032.6711     4.7147     0.0708     0.1181    34.7019    34.6997    7.80270         27 0.0000e+00
   1042.000   1028.625     1.0972  30.221461     1.0993  30.221543     4.3320     4.4116    -0.0149    99.3797 1.0000e-12  -74.40014 -110.07982  34.188280      90.57 7.1571e+02   1297.422      31139  1032.6776  1032.6757     4.7144     0.0686     0.1170    34.7019    34.6997    7.80270         26 0.0000e+00
   1043.000   1029.610     1.0973  30.221876     1.0995  30.222061     4.3307     4.4133    -0.0116    99.3895 1.0000e-12  -74.40014 -110.07983  34.188293      89.53 7.1566e+02   1298.526      31166  1032.6822  1032.6803     4.7148     0.0677     0.1223    34.7018    34.6996    7.80269         26 0.0000e+00
   1044.000   1030.595     1.0973  30.222397     1.0995  30.222535     4.3293     4.4148    -0.0042    99.3909 1.0000e-12  -74.40014 -110.07983  34.188306      88.19 7.1455e+02   1299.625      31192  1032.6869  1032.6850     4.7149     0.0690     0.1180    34.7018    34.6997    7.80267         27 0.0000e+00
   1045.000   1031.579     1.0974  30.222986     1.0996  30.223022     4.3288     4.4120    -0.0041    99.4091 1.0000e-12  -74.40014 -110.07983  34.188319      87.14 7.1599e+02   1300.722      31218  1032.6916  1032.6895     4.7158     0.0680     0.1172    34.7020    34.6996    7.80266         26 0.0000e+00
   1046.000   1032.563     1.0975  30.223421     1.0996  30.223510     4.3306     4.4128    -0.0114    99.3958 1.0000e-12  -74.40014 -110.07983  34.188331      86.37 7.1599e+02   1301.823      31245  1032.6961  1032.6942     4.7152     0.0686     0.1175    34.7019    34.6997    7.80264         27 0.0000e+00
   1047.000   1033.548     1.0975  30.223873     1.0997  30.224049     4.3310     4.4104    -0.0149    99.4003 1.0000e-12  -74.40014 -110.07983  34.188344      85.34 7.1520e+02   1302.917      31271  1032.7008  1032.6988     4.7154     0.0680     0.1167    34.7019    34.6997    7.80264         26 0.0000e+00
   1048.000   1034.534     1.0976  30.224353     1.0998  30.224555     4.3312     4.4068    -0.0080    99.4073 1.0000e-12  -74.40014 -110.07983  34.188357      84.39 7.1687e+02   1304.015      31297  1032.7054  1032.7035     4.7157     0.0682     0.1157    34.7019    34.6997    7.80263         26 0.0000e+00
   1049.000   1035.517     1.0976  30.224863     1.0998  30.224980     4.3323     4.4066    -0.0005    99.3920 1.0000e-12  -74.40014 -110.07984  34.188369      83.27 7.1619e+02   1305.115      31324  1032.7100  1032.7080     4.7150     0.0677     0.1166    34.7019    34.6997    7.80261         27 0.0000e+00
   1050.000   1036.503     1.0978  30.225334     1.0999  30.225450     4.3304     4.4109    -0.0043    99.3856 1.0000e-12  -74.40014 -110.07984  34.188382      82.15 7.1486e+02   1306.216      31350  1032.7146  1032.7126     4.7147     0.0679     0.1177    34.7018    34.6996    7.80258         26 0.0000e+00
   1051.000   1037.488     1.0978  30.225808     1.0999  30.225984     4.3293     4.4117    -0.0077    99.3993 1.0000e-12  -74.40014 -110.07984  34.188395      81.11 7.1675e+02   1307.319      31377  1032.7192  1032.7173     4.7153     0.0670     0.1180    34.7018    34.6997    7.80258         27 0.0000e+00
   1052.000   1038.472     1.0979  30.226326     1.1000  30.226418     4.3308     4.4134    -0.0077    99.3807 1.0000e-12  -74.40014 -110.07984  34.188408      80.21 7.1634e+02   1308.428      31403  1032.7239  1032.7219     4.7144     0.0681     0.1183    34.7018    34.6996    7.80256         26 0.0000e+00
   1053.000   1039.456     1.0979  30.226828     1.1001  30.227008     4.3326     4.4124    -0.0077    99.4052 1.0000e-12  -74.40014 -110.07984  34.188421      79.12 7.1501e+02   1309.542      31430  1032.7286  1032.7266     4.7156     0.0680     0.1216    34.7019    34.6998    7.80256         27 0.0000e+00
   1054.000   1040.442     1.0980  30.227246     1.1001  30.227491     4.3296     4.4109    -0.0077    99.3996 1.0000e-12  -74.40014 -110.07984  34.188433      78.27 7.1579e+02   1310.654      31457  1032.7331  1032.7312     4.7154     0.0672     0.1203    34.7018    34.6998    7.80255         27 0.0000e+00
   1055.000   1041.426     1.0981  30.227735     1.1002  30.227936     4.3292     4.4088    -0.0077    99.3836 1.0000e-12  -74.40014 -110.07984  34.188446      77.15 7.1547e+02   1311.769      31483  1032.7377  1032.7357     4.7146     0.0674     0.1191    34.7018    34.6997    7.80253         27 0.0000e+00
   1056.000   1042.410     1.0981  30.228236     1.1003  30.228455     4.3248     4.4077     0.0043    99.3806 1.0000e-12  -74.40014 -110.07984  34.188459      76.20 7.1459e+02   1312.887      31510  1032.7424  1032.7405     4.7145     0.0662     0.1174    34.7019    34.6997    7.80252         26 0.0000e+00
   1057.000   1043.394     1.0982  30.228800     1.1004  30.228872     4.3328     4.4046     0.0023    99.3852 1.0000e-12  -74.40014 -110.07984  34.188472      75.21 7.1573e+02   1313.999      31537  1032.7471  1032.7450     4.7147     0.0668     0.1172    34.7019    34.6996    7.80250         27 0.0000e+00
   1058.000   1044.381     1.0983  30.229255     1.1004  30.229360     4.3274     4.4067    -0.0097    99.3852 1.0000e-12  -74.40014 -110.07984  34.188485      74.20 7.1541e+02   1315.110      31564  1032.7515  1032.7497     4.7146     0.0651     0.1205    34.7018    34.6997    7.80248         27 0.0000e+00
   1059.000   1045.365     1.0983  30.229723     1.1005  30.229848     4.3283     4.4106    -0.0105    99.3983 1.0000e-12  -74.40014 -110.07984  34.188498      73.09 7.1411e+02   1316.223      31590  1032.7562  1032.7542     4.7153     0.0661     0.1263    34.7019    34.6996    7.80248         26 0.0000e+00
   1060.000   1046.348     1.0984  30.230287     1.1005  30.230400     4.3339     4.4080    -0.0030    99.3969 1.0000e-12  -74.40014 -110.07984  34.188511      72.06 7.1573e+02   1317.353      31617  1032.7609  1032.7589     4.7152     0.0657     0.1182    34.7020    34.6997    7.80246         28 0.0000e+00
   1061.000   1047.335     1.0984  30.230681     1.1006  30.230823     4.3306     4.4063    -0.0055    99.4033 1.0000e-12  -74.40014 -110.07984  34.188524      71.14 7.1534e+02   1318.495      31645  1032.7655  1032.7635     4.7155     0.0657     0.1183    34.7019    34.6997    7.80245         27 0.0000e+00
   1062.000   1048.318     1.0985  30.231192     1.1006  30.231353     4.3273     4.4054    -0.0077    99.4061 1.0000e-12  -74.40014 -110.07984  34.188537      70.18 7.1229e+02   1319.639      31672  1032.7701  1032.7682     4.7156     0.0658     0.1195    34.7019    34.6997    7.80244         28 0.0000e+00
   1063.000   1049.302     1.0986  30.231657     1.1008  30.231784     4.3220     4.4039    -0.0077    99.3948 1.0000e-12  -74.40014 -110.07983  34.188551      69.20 7.1531e+02   1320.783      31700  1032.7747  1032.7727     4.7151     0.0664     0.1186    34.7018    34.6996    7.80242         27 0.0000e+00
   1064.000   1050.288     1.0986  30.232195     1.1008  30.232330     4.3327     4.4085    -0.0077    99.3987 1.0000e-12  -74.40014 -110.07983  34.188564      68.25 7.1566e+02   1321.930      31727  1032.7794  1032.7774     4.7153     0.0659     0.1188    34.7020    34.6997    7.80242         28 0.0000e+00
   1065.000   1051.272     1.0987  30.232604     1.1009  30.232829     4.3259     4.4113    -0.0077    99.3928 1.0000e-12  -74.40014 -110.07982  34.188577      67.15 7.1273e+02   1323.083      31755  1032.7840  1032.7820     4.7150     0.0655     0.1198    34.7019    34.6997    7.80241         27 0.0000e+00
   1066.000   1052.257     1.0987  30.233089     1.1009  30.233204     4.3301     4.4090    -0.0077    99.3969 1.0000e-12  -74.40014 -110.07984  34.188591      66.07 7.1518e+02   1324.236      31783  1032.7886  1032.7865     4.7152     0.0658     0.1189    34.7019    34.6996    7.80240         28 0.0000e+00
   1067.000   1053.242     1.0988  30.233607     1.1010  30.233722     4.3311     4.4054    -0.0077    99.3850 1.0000e-12  -74.40014 -110.07982  34.188604      65.09 7.1523e+02   1325.390      31810  1032.7932  1032.7912     4.7146     0.0662     0.1182    34.7019    34.6996    7.80238         28 0.0000e+00
   1068.000   1054.225     1.0988  30.234138     1.1011  30.234293     4.3341     4.4087    -0.0069    99.3986 1.0000e-12  -74.40014 -110.07983  34.188617      64.08 7.1255e+02   1326.550      31838  1032.7979  1032.7959     4.7153     0.0650     0.1186    34.7020    34.6997    7.80237         28 0.0000e+00
   1069.000   1055.211     1.0989  30.234568     1.1012  30.234726     4.3292     4.4077    -0.0028    99.3933 1.0000e-12  -74.40014 -110.07983  34.188631      63.10 7.1414e+02   1327.713      31866  1032.8024  1032.8004     4.7150     0.0646     0.1182    34.7019    34.6996    7.80235         28 0.0000e+00
   1070.000   1056.195     1.0990  30.235101     1.1012  30.235233     4.3279     4.4096    -0.0131    99.3986 1.0000e-12  -74.40014 -110.07983  34.188644      62.18 7.1502e+02   1328.876      31894  1032.8071  1032.8051     4.7153     0.0645     0.1188    34.7020    34.6997    7.80234         28 0.0000e+00
   1071.000   1057.181     1.0990  30.235621     1.1013  30.235726     4.3297     4.3989    -0.0077    99.3932 1.0000e-12  -74.40014 -110.07983  34.188658      61.09 7.1151e+02   1330.062      31922  1032.8118  1032.8097     4.7150     0.0649     0.1185    34.7020    34.6997    7.80233         28 0.0000e+00
   1072.000   1058.163     1.0991  30.236066     1.1013  30.236184     4.3289     4.4009    -0.0077    99.3999 1.0000e-12  -74.40014 -110.07982  34.188672      60.06 7.1443e+02   1331.265      31951  1032.8163  1032.8143     4.7154     0.0627     0.1204    34.7019    34.6997    7.80231         29 0.0000e+00
   1073.000   1059.149     1.0992  30.236464     1.1015  30.236616     4.3312     4.4056    -0.0077    99.4093 1.0000e-12  -74.40014 -110.07983  34.188686      59.07 7.1455e+02   1332.475      31980  1032.8208  1032.8188     4.7158     0.0647     0.1182    34.7018    34.6995    7.80230         30 0.0000e+00
   1074.000   1060.133     1.0993  30.236985     1.1014  30.237182     4.3246     4.4056    -0.0119    99.3914 1.0000e-12  -74.40014 -110.07983  34.188700      58.13 7.1226e+02   1333.689      32010  1032.8254  1032.8236     4.7150     0.0652     0.1242    34.7018    34.6997    7.80228         28 0.0000e+00
   1075.000   1061.118     1.0993  30.237514     1.1016  30.237647     4.3264     4.4076    -0.0056    99.4017 1.0000e-12  -74.40014 -110.07983  34.188714      57.05 7.1406e+02   1334.896      32039  1032.8302  1032.8281     4.7154     0.0644     0.1172    34.7019    34.6996    7.80227         29 0.0000e+00
   1076.000   1062.103     1.0994  30.237935     1.1016  30.238148     4.3264     4.4084    -0.0004    99.4007 1.0000e-12  -74.40014 -110.07984  34.188728      56.09 7.1391e+02   1336.105      32068  1032.8347  1032.8328     4.7154     0.0647     0.1188    34.7018    34.6997    7.80226         30 0.0000e+00
   1077.000   1063.087     1.0994  30.238471     1.1017  30.238605     4.3317     4.4063    -0.0004    99.4050 1.0000e-12  -74.40014 -110.07982  34.188742      55.01 7.1162e+02   1337.318      32097  1032.8394  1032.8374     4.7156     0.0643     0.1180    34.7019    34.6996    7.80225         29 0.0000e+00
   1078.000   1064.071     1.0995  30.238884     1.1017  30.239122     4.3305     4.4083    -0.0004    99.4192 1.0000e-12  -74.40014 -110.07983  34.188756      54.07 7.1244e+02   1338.532      32126  1032.8440  1032.8421     4.7162     0.0655     0.1185    34.7018    34.6996    7.80224         29 0.0000e+00
   1079.000   1065.056     1.0996  30.239459     1.1018  30.239617     4.3231     4.4093    -0.0018    99.3935 1.0000e-12  -74.40014 -110.07983  34.188770      53.04 7.1290e+02   1339.746      32155  1032.8487  1032.8467     4.7150     0.0653     0.1195    34.7019    34.6997    7.80222         30 0.0000e+00
   1080.000   1066.041     1.0997  30.239863     1.1019  30.240089     4.3295     4.4072    -0.0056    99.3927 1.0000e-12  -74.40014 -110.07983  34.188784      52.07 7.1139e+02   1340.969      32184  1032.8531  1032.8513     4.7150     0.0649     0.1190    34.7017    34.6996    7.80220         29 0.0000e+00
   1081.000   1067.025     1.0997  30.240450     1.1019  30.240571     4.3368     4.4003    -0.0032    99.3415 1.0000e-12  -74.40014 -110.07984  34.188799      51.03 7.1214e+02   1342.200      32214  1032.8579  1032.8559     4.7126     0.0640     0.1182    34.7019    34.6997    7.80219         29 0.0000e+00
   1082.000   1068.011     1.0999  30.240949     1.1020  30.241086     4.3240     4.3995    -0.0077    99.3175 1.0000e-12  -74.40014 -110.07982  34.188813      50.07 7.1285e+02   1343.438      32244  1032.8625  1032.8605     4.7115     0.0649     0.1185    34.7019    34.6997    7.80217         30 0.0000e+00
   1083.000   1068.993     1.0999  30.241449     1.1021  30.241630     4.3207     4.4076    -0.0123    99.3850 1.0000e-12  -74.40014 -110.07983  34.188827      49.03 7.1074e+02   1344.683      32273  1032.8671  1032.8652     4.7146     0.0656     0.1163    34.7019    34.6997    7.80215         30 0.0000e+00
   1084.000   1069.979     1.1000  30.241903     1.1021  30.242067     4.3326     4.4064    -0.0150    99.4060 1.0000e-12  -74.40014 -110.07983  34.188842      48.10 7.1165e+02   1345.918      32303  1032.8717  1032.8698     4.7156     0.0641     0.1164    34.7019    34.6997    7.80215         29 0.0000e+00
   1085.000   1070.963     1.1001  30.242385     1.1022  30.242509     4.3325     4.4065    -0.0028    99.3992 1.0000e-12  -74.40014 -110.07982  34.188856      47.09 7.1231e+02   1347.158      32333  1032.8763  1032.8744     4.7153     0.0647     0.1172    34.7018    34.6996    7.80213         31 0.0000e+00
   1086.000   1071.949     1.1001  30.242874     1.1023  30.243044     4.3259     4.4078    -0.0086    99.3787 1.0000e-12  -74.40014 -110.07984  34.188871      46.05 7.1081e+02   1348.422      32363  1032.8809  1032.8790     4.7144     0.0651     0.1186    34.7018    34.6997    7.80212         30 0.0000e+00
   1087.000   1072.931     1.1001  30.243326     1.1023  30.243514     4.3267     4.4077    -0.0112    99.3958 1.0000e-12  -74.40014 -110.07983  34.188885      45.07 7.1146e+02   1349.702      32394  1032.8856  1032.8836     4.7151     0.0642     0.1228    34.7019    34.6997    7.80212         31 0.0000e+00
   1088.000   1073.917     1.1002  30.243884     1.1024  30.243977     4.3240     4.4094    -0.0037    99.4041 1.0000e-12  -74.40014 -110.07983  34.188901      44.07 7.1263e+02   1351.011      32425  1032.8903  1032.8882     4.7155     0.0640     0.1176    34.7019    34.6996    7.80210         32 0.0000e+00
   1089.000   1074.901     1.1002  30.244329     1.1025  30.244511     4.3253     4.4095    -0.0123    99.3883 1.0000e-12  -74.40014 -110.07983  34.188916      42.99 7.1021e+02   1352.335      32457  1032.8948  1032.8928     4.7148     0.0647     0.1175    34.7019    34.6996    7.80209         30 0.0000e+00
