ocean_section_plots/required_files/ctd/dnbp2202_ctd029.cnv
* Sea-Bird SBE 9 Data File:
* FileName = D:\Data\raw\NBP2202_CTD029.hex
* Software Version Seasave V 7.26.7.121
* Temperature SN = 1649
* Conductivity SN = 2513
* Number of Bytes Per Scan = 40
* Number of Voltage Words = 5
* Number of Scans Averaged by the Deck Unit = 1
* NMEA Latitude = 74 13.69 S
* NMEA Longitude = 112 08.97 W
* NMEA UTC (Time) = Jan 21 2022  10:22:55
* NMEA baud rate = 9600
** Ship: RVIB N.B. Palmer
** Cruise: NBP2202 Thwaites
** Station: 16
** Operator: B. Bjork
# nquan = 25
# nvalues = 932                         
# units = specified
# name 0 = prDM: Pressure, Digiquartz [db]
# name 1 = depSM: Depth [salt water, m]
# name 2 = t090C: Temperature [ITS-90, deg C]
# name 3 = c0mS/cm: Conductivity [mS/cm]
# name 4 = t190C: Temperature, 2 [ITS-90, deg C]
# name 5 = c1mS/cm: Conductivity, 2 [mS/cm]
# name 6 = sbeox0ML/L: Oxygen, SBE 43 [ml/l]
# name 7 = sbeox1ML/L: Oxygen, SBE 43, 2 [ml/l]
# name 8 = flECO-AFL: Fluorescence, WET Labs ECO-AFL/FL [mg/m^3]
# name 9 = CStarTr0: Beam Transmission, WET Labs C-Star [%]
# name 10 = par: PAR/Irradiance, Biospherical/Licor
# name 11 = latitude: Latitude [deg]
# name 12 = longitude: Longitude [deg]
# name 13 = timeJ: Julian Days
# name 14 = altM: Altimeter [m]
# name 15 = spar: SPAR, Biospherical/Licor
# name 16 = timeS: Time, Elapsed [seconds]
# name 17 = scan: Scan Count
# name 18 = density00: Density [density, kg/m^3]
# name 19 = density11: Density, 2 [density, kg/m^3]
# name 20 = sal00: Salinity, Practical [PSU]
# name 21 = sal11: Salinity, Practical, 2 [PSU]
# name 22 = oxsolML/L: Oxygen Saturation, Garcia & Gordon [ml/l]
# name 23 = nbin: number of scans per bin
# name 24 = flag: flag
# span 0 =      2.000,    933.000       
# span 1 =      1.978,    921.270       
# span 2 =    -1.4653,     0.5028       
# span 3 =  27.085967,  29.543446       
# span 4 =    -1.4644,     0.5052       
# span 5 =  27.086034,  29.543500       
# span 6 =     4.5836,     8.1340       
# span 7 =     4.8063,     8.1026       
# span 8 =    -0.0116,    17.2438       
# span 9 =    74.4998,    97.5842       
# span 10 = -5.156e-05, 5.8189e+01      
# span 11 =  -74.22820,  -74.22818      
# span 12 = -112.14969, -112.14958      
# span 13 =  21.435257,  21.450213      
# span 14 =       8.58,     100.55      
# span 15 = 8.8703e+02, 9.7141e+02      
# span 16 =    231.185,   1523.379      
# span 17 =       5549,      36562      
# span 18 =  1027.1933,  1032.1028      
# span 19 =  1027.1951,  1032.1005      
# span 20 =    33.8030,    34.5482      
# span 21 =    33.8051,    34.5454      
# span 22 =    7.93130,    8.38917      
# span 23 =         21,         55      
# span 24 = 0.0000e+00, 0.0000e+00      
# interval = decibars: 1                
# start_time = Jan 21 2022 10:22:55 [NMEA time, header]
# bad_flag = -9.990e-29
*END*
[from data line 870]
    872.000    861.164     0.4999  29.514692     0.5024  29.514609     4.5908     4.8147    -0.0004    97.1954 1.0000e-12  -74.22820 -112.14960  21.448763      70.82 9.6562e+02   1398.098      33555  1031.8189  1031.8165    34.5480    34.5452    7.93187         32 0.0000e+00
    873.000    862.149     0.5003  29.515379     0.5026  29.515220     4.5912     4.8158     0.0005    97.2067 1.0000e-12  -74.22820 -112.14960  21.448779      69.57 9.6445e+02   1399.481      33589  1031.8236  1031.8211    34.5480    34.5452    7.93181         32 0.0000e+00
    874.000    863.135     0.5002  29.515704     0.5024  29.515478     4.5891     4.8082     0.0076    97.1689 1.0000e-12  -74.22820 -112.14960  21.448795      68.61 9.6263e+02   1400.918      33623  1031.8282  1031.8258    34.5479    34.5452    7.93182         35 0.0000e+00
    875.000    864.121     0.4998  29.515682     0.5020  29.515576     4.5927     4.8129    -0.0038    97.1431 1.0000e-12  -74.22820 -112.14960  21.448812      67.34 9.6400e+02   1402.381      33658  1031.8327  1031.8305    34.5477    34.5452    7.93191         35 0.0000e+00
    876.000    865.105     0.4998  29.516211     0.5021  29.516081     4.5894     4.8144     0.0096    97.2027 1.0000e-12  -74.22820 -112.14960  21.448830      66.21 9.6444e+02   1403.887      33694  1031.8375  1031.8351    34.5479    34.5452    7.93191         38 0.0000e+00
    877.000    866.091     0.5001  29.516966     0.5024  29.516857     4.5911     4.8125    -0.0003    97.2010 1.0000e-12  -74.22820 -112.14960  21.448848      65.44 9.6411e+02   1405.426      33731  1031.8422  1031.8398    34.5480    34.5453    7.93185         36 0.0000e+00
    878.000    867.077     0.5002  29.517495     0.5025  29.517349     4.5869     4.8153    -0.0004    97.1732 1.0000e-12  -74.22820 -112.14960  21.448866      64.47 9.6281e+02   1406.983      33769  1031.8468  1031.8444    34.5479    34.5452    7.93182         38 0.0000e+00
    879.000    868.062     0.5004  29.517962     0.5027  29.517972     4.5914     4.8148     0.0071    97.2056 1.0000e-12  -74.22820 -112.14960  21.448884      63.04 9.6287e+02   1408.547      33806  1031.8514  1031.8491    34.5478    34.5452    7.93179         37 0.0000e+00
    880.000    869.047     0.5004  29.518542     0.5028  29.518407     4.5857     4.8144     0.0112    97.1214 1.0000e-12  -74.22820 -112.14960  21.448902      62.60 9.6375e+02   1410.122      33844  1031.8561  1031.8537    34.5480    34.5452    7.93178         38 0.0000e+00
    881.000    870.032     0.5002  29.518704     0.5023  29.518467     4.5896     4.8163     0.0092    97.1785 1.0000e-12  -74.22820 -112.14960  21.448920      61.36 9.6398e+02   1411.702      33882  1031.8608  1031.8585    34.5479    34.5452    7.93183         38 0.0000e+00
    882.000    871.020     0.5002  29.519097     0.5024  29.518908     4.5937     4.8139     0.0065    97.1888 1.0000e-12  -74.22820 -112.14960  21.448938      60.55 9.6420e+02   1413.272      33920  1031.8654  1031.8631    34.5478    34.5452    7.93183         35 0.0000e+00
    883.000    872.004     0.5001  29.519487     0.5024  29.519335     4.5921     4.8119     0.0097    97.2012 1.0000e-12  -74.22820 -112.14960  21.448957      59.31 9.6283e+02   1414.856      33958  1031.8700  1031.8677    34.5478    34.5451    7.93184         37 0.0000e+00
    884.000    872.990     0.5001  29.519873     0.5023  29.519734     4.5923     4.8080    -0.0006    97.2193 1.0000e-12  -74.22820 -112.14960  21.448975      58.37 9.6417e+02   1416.425      33995  1031.8747  1031.8724    34.5478    34.5451    7.93186         35 0.0000e+00
    885.000    873.974     0.5002  29.520364     0.5024  29.520229     4.5920     4.8148    -0.0004    97.2070 1.0000e-12  -74.22820 -112.14960  21.448992      57.38 9.6363e+02   1417.949      34032  1031.8793  1031.8770    34.5477    34.5451    7.93183         37 0.0000e+00
    886.000    874.960     0.5003  29.520826     0.5025  29.520769     4.5914     4.8150    -0.0004    97.2004 1.0000e-12  -74.22820 -112.14960  21.449011      56.50 9.6347e+02   1419.518      34069  1031.8839  1031.8818    34.5477    34.5452    7.93182         36 0.0000e+00
    887.000    875.946     0.5003  29.521312     0.5025  29.521184     4.5885     4.8128    -0.0004    97.1755 1.0000e-12  -74.22820 -112.14960  21.449029      55.50 9.6430e+02   1421.134      34108  1031.8887  1031.8864    34.5478    34.5451    7.93182         39 0.0000e+00
    888.000    876.931     0.5004  29.521844     0.5026  29.521696     4.5867     4.8146     0.0012    97.1847 1.0000e-12  -74.22820 -112.14960  21.449048      54.27 9.6430e+02   1422.714      34146  1031.8933  1031.8910    34.5477    34.5452    7.93179         36 0.0000e+00
    889.000    877.916     0.5005  29.522461     0.5027  29.522324     4.5868     4.8153     0.0070    97.2048 1.0000e-12  -74.22820 -112.14960  21.449066      53.37 9.6438e+02   1424.289      34184  1031.8981  1031.8957    34.5479    34.5452    7.93177         38 0.0000e+00
    890.000    878.902     0.5008  29.523055     0.5029  29.522943     4.5924     4.8163     0.0084    97.2100 1.0000e-12  -74.22820 -112.14960  21.449085      52.24 9.6532e+02   1425.903      34223  1031.9026  1031.9004    34.5477    34.5453    7.93171         34 0.0000e+00
    891.000    879.888     0.5017  29.524432     0.5039  29.524241     4.5906     4.8154     0.0143    97.1860 1.0000e-12  -74.22820 -112.14960  21.449103      51.19 9.6597e+02   1427.486      34261  1031.9073  1031.9049    34.5480    34.5453    7.93152         38 0.0000e+00
    892.000    880.872     0.5019  29.525066     0.5041  29.524916     4.5900     4.8124     0.0085    97.2146 1.0000e-12  -74.22820 -112.14960  21.449121      50.11 9.6504e+02   1429.062      34298  1031.9120  1031.9097    34.5480    34.5454    7.93147         38 0.0000e+00
    893.000    881.859     0.5019  29.525421     0.5040  29.525194     4.5842     4.8078     0.0070    97.2231 1.0000e-12  -74.22820 -112.14961  21.449139      49.05 9.6438e+02   1430.654      34337  1031.9166  1031.9143    34.5480    34.5452    7.93148         32 0.0000e+00
    894.000    882.843     0.5020  29.525987     0.5043  29.525876     4.5862     4.8114     0.0069    97.1951 1.0000e-12  -74.22820 -112.14960  21.449158      48.15 9.6544e+02   1432.208      34374  1031.9213  1031.9189    34.5479    34.5453    7.93145         37 0.0000e+00
    895.000    883.828     0.5020  29.526390     0.5042  29.526268     4.5843     4.8125    -0.0058    97.1700 1.0000e-12  -74.22820 -112.14960  21.449175      47.32 9.6562e+02   1433.757      34411  1031.9259  1031.9236    34.5479    34.5453    7.93145         36 0.0000e+00
    896.000    884.815     0.5020  29.526902     0.5042  29.526715     4.5892     4.8132    -0.0052    97.2223 1.0000e-12  -74.22820 -112.14960  21.449194      46.46 9.6560e+02   1435.361      34450  1031.9306  1031.9283    34.5480    34.5453    7.93145         38 0.0000e+00
    897.000    885.800     0.5022  29.527373     0.5044  29.527247     4.5886     4.8147     0.0082    97.2124 1.0000e-12  -74.22820 -112.14960  21.449212      45.38 9.6635e+02   1436.956      34488  1031.9352  1031.9329    34.5478    34.5453    7.93142         38 0.0000e+00
    898.000    886.786     0.5021  29.527850     0.5044  29.527722     4.5908     4.8094     0.0056    97.2223 1.0000e-12  -74.22820 -112.14960  21.449231      44.28 9.6607e+02   1438.519      34525  1031.9399  1031.9376    34.5480    34.5453    7.93143         36 0.0000e+00
    899.000    887.770     0.5022  29.528327     0.5044  29.528164     4.5863     4.8065    -0.0005    97.2290 1.0000e-12  -74.22820 -112.14960  21.449249      43.30 9.6606e+02   1440.100      34563  1031.9446  1031.9423    34.5480    34.5453    7.93141         36 0.0000e+00
    900.000    888.757     0.5023  29.528802     0.5045  29.528681     4.5898     4.8107     0.0066    97.2376 1.0000e-12  -74.22820 -112.14960  21.449267      42.27 9.6601e+02   1441.685      34601  1031.9492  1031.9469    34.5480    34.5453    7.93140         38 0.0000e+00
    901.000    889.741     0.5022  29.529109     0.5043  29.528967     4.5858     4.8120     0.0028    97.2230 1.0000e-12  -74.22820 -112.14960  21.449285      41.22 9.6571e+02   1443.246      34639  1031.9538  1031.9516    34.5479    34.5453    7.93142         35 0.0000e+00
    902.000    890.727     0.5019  29.529432     0.5042  29.529269     4.5875     4.8166     0.0069    97.2173 1.0000e-12  -74.22820 -112.14960  21.449303      40.11 9.6495e+02   1444.803      34676  1031.9586  1031.9563    34.5480    34.5453    7.93147         38 0.0000e+00
    903.000    891.711     0.5020  29.529874     0.5043  29.529798     4.5859     4.8129     0.0069    97.2228 1.0000e-12  -74.22820 -112.14960  21.449322      39.12 9.6586e+02   1446.377      34714  1031.9632  1031.9609    34.5479    34.5453    7.93145         35 0.0000e+00
    904.000    892.697     0.5023  29.530534     0.5045  29.530431     4.5885     4.8117     0.0172    97.1872 1.0000e-12  -74.22820 -112.14960  21.449340      38.11 9.6606e+02   1447.956      34752  1031.9678  1031.9656    34.5479    34.5453    7.93139         36 0.0000e+00
    905.000    893.683     0.5022  29.530927     0.5044  29.530735     4.5861     4.8146     0.0112    97.2178 1.0000e-12  -74.22820 -112.14960  21.449358      36.97 9.6654e+02   1449.527      34790  1031.9725  1031.9702    34.5479    34.5453    7.93141         37 0.0000e+00
    906.000    894.668     0.5023  29.531479     0.5045  29.531298     4.5878     4.8140     0.0043    97.2121 1.0000e-12  -74.22820 -112.14960  21.449376      36.32 9.6780e+02   1451.098      34827  1031.9772  1031.9749    34.5480    34.5453    7.93139         30 0.0000e+00
    907.000    895.654     0.5023  29.531831     0.5046  29.531802     4.5863     4.8138    -0.0050    97.1987 1.0000e-12  -74.22820 -112.14960  21.449394      35.34 9.6663e+02   1452.634      34864  1031.9818  1031.9796    34.5479    34.5453    7.93140         35 0.0000e+00
    908.000    896.638     0.5026  29.532572     0.5047  29.532310     4.5897     4.8087     0.0005    97.1984 1.0000e-12  -74.22820 -112.14960  21.449412      34.17 9.6601e+02   1454.167      34901  1031.9865  1031.9842    34.5480    34.5453    7.93134         35 0.0000e+00
    909.000    897.625     0.5022  29.532684     0.5045  29.532622     4.5891     4.8063     0.0130    97.1983 1.0000e-12  -74.22820 -112.14961  21.449431      32.88 9.6606e+02   1455.872      34942  1031.9913  1031.9890    34.5480    34.5454    7.93142         38 0.0000e+00
    910.000    898.609     0.5019  29.532855     0.5041  29.532699     4.5901     4.8134     0.0035    97.2280 1.0000e-12  -74.22820 -112.14961  21.449455      31.95 9.6606e+02   1457.948      34992  1031.9959  1031.9936    34.5480    34.5453    7.93148         38 0.0000e+00
    911.000    899.595     0.5020  29.533380     0.5042  29.533289     4.5898     4.8098     0.0099    97.1978 1.0000e-12  -74.22820 -112.14961  21.449481      30.89 9.6606e+02   1460.115      35044  1032.0005  1031.9983    34.5480    34.5454    7.93146         40 0.0000e+00
    912.000    900.581     0.5020  29.533832     0.5043  29.533741     4.5895     4.8105     0.0075    97.2257 1.0000e-12  -74.22820 -112.14961  21.449506      29.78 9.6606e+02   1462.314      35097  1032.0052  1032.0029    34.5480    34.5453    7.93146         40 0.0000e+00
    913.000    901.566     0.5024  29.534634     0.5047  29.534598     4.5909     4.8121     0.0087    97.1953 1.0000e-12  -74.22820 -112.14960  21.449531      28.73 9.6652e+02   1464.486      35149  1032.0098  1032.0075    34.5480    34.5454    7.93137         44 0.0000e+00
    914.000    902.553     0.5023  29.534998     0.5047  29.534919     4.5899     4.8076     0.0127    97.1936 1.0000e-12  -74.22820 -112.14960  21.449556      27.82 9.6655e+02   1466.674      35201  1032.0145  1032.0122    34.5480    34.5453    7.93139         43 0.0000e+00
    915.000    903.536     0.5023  29.535359     0.5046  29.535293     4.5884     4.8111     0.0126    97.2055 1.0000e-12  -74.22820 -112.14960  21.449581      26.69 9.6508e+02   1468.809      35252  1032.0191  1032.0168    34.5480    34.5453    7.93140         34 0.0000e+00
    916.000    904.519     0.5024  29.535880     0.5046  29.535682     4.5857     4.8128     0.0103    97.2129 1.0000e-12  -74.22820 -112.14960  21.449607      25.73 9.6535e+02   1471.078      35307  1032.0238  1032.0214    34.5480    34.5453    7.93138         35 0.0000e+00
    917.000    905.508     0.5026  29.536528     0.5049  29.536445     4.5898     4.8072    -0.0003    97.1894 1.0000e-12  -74.22820 -112.14960  21.449632      24.72 9.6600e+02   1473.239      35359  1032.0285  1032.0261    34.5480    34.5454    7.93133         38 0.0000e+00
    918.000    906.491     0.5025  29.536864     0.5048  29.536747     4.5888     4.8083     0.0084    97.2309 1.0000e-12  -74.22820 -112.14960  21.449658      23.68 9.6636e+02   1475.424      35411  1032.0332  1032.0308    34.5480    34.5453    7.93136         42 0.0000e+00
    919.000    907.477     0.5021  29.536910     0.5047  29.537044     4.5889     4.8109    -0.0003    97.2166 1.0000e-12  -74.22820 -112.14960  21.449683      22.69 9.6639e+02   1477.605      35464  1032.0378  1032.0354    34.5479    34.5453    7.93144         42 0.0000e+00
    920.000    908.462     0.5016  29.536868     0.5042  29.537075     4.5885     4.8126     0.0030    97.2365 1.0000e-12  -74.22820 -112.14960  21.449709      21.62 9.6912e+02   1479.871      35518  1032.0424  1032.0401    34.5478    34.5453    7.93154         44 0.0000e+00
    921.000    909.448     0.5007  29.536394     0.5031  29.536302     4.5900     4.8130    -0.0043    97.2214 1.0000e-12  -74.22820 -112.14960  21.449736      20.70 9.6956e+02   1482.161      35573  1032.0470  1032.0446    34.5477    34.5449    7.93174         38 0.0000e+00
    922.000    910.433     0.5013  29.537397     0.5036  29.537209     4.5890     4.8124     0.0095    97.2161 1.0000e-12  -74.22820 -112.14960  21.449778      19.76 9.6958e+02   1485.802      35660  1032.0517  1032.0493    34.5478    34.5450    7.93161         38 0.0000e+00
    923.000    911.419     0.5009  29.537436     0.5034  29.537409     4.5836     4.8113     0.0068    97.1861 1.0000e-12  -74.22820 -112.14960  21.449817      18.67 9.6958e+02   1489.188      35742  1032.0563  1032.0539    34.5477    34.5449    7.93169         40 0.0000e+00
    924.000    912.403     0.5018  29.538770     0.5042  29.538680     4.5882     4.8138     0.0069    97.2005 1.0000e-12  -74.22820 -112.14960  21.449847      17.72 9.6958e+02   1491.814      35805  1032.0610  1032.0587    34.5479    34.5451    7.93150         38 0.0000e+00
    925.000    913.388     0.5021  29.539299     0.5042  29.539174     4.5902     4.8130    -0.0014    97.1853 1.0000e-12  -74.22820 -112.14960  21.449877      16.69 9.6958e+02   1494.367      35866  1032.0655  1032.0633    34.5477    34.5451    7.93146         37 0.0000e+00
    926.000    914.375     0.5017  29.539483     0.5039  29.539337     4.5886     4.8099     0.0058    97.2081 1.0000e-12  -74.22820 -112.14960  21.449907      15.74 9.6967e+02   1497.008      35929  1032.0703  1032.0679    34.5477    34.5451    7.93152         38 0.0000e+00
    927.000    915.360     0.5015  29.539757     0.5037  29.539475     4.5899     4.8085     0.0069    97.2151 1.0000e-12  -74.22820 -112.14960  21.449951      14.70 9.7111e+02   1500.791      36020  1032.0749  1032.0725    34.5477    34.5450    7.93156         39 0.0000e+00
    928.000    916.345     0.5019  29.540497     0.5043  29.540515     4.5877     4.8100     0.0107    97.1833 1.0000e-12  -74.22820 -112.14960  21.449994      13.75 9.7141e+02   1504.445      36108  1032.0795  1032.0772    34.5477    34.5451    7.93148         33 0.0000e+00
