ocean_section_plots/required_files/ctd/dnbp2202_ctd133.cnv
* Sea-Bird SBE 9 Data File:
* FileName = D:\Data\raw\NBP2202_CTD133.hex
* Software Version Seasave V 7.26.7.121
* Temperature SN = 1649
* Conductivity SN = 2513
* Number of Bytes Per Scan = 40
* Number of Voltage Words = 5
* Number of Scans Averaged by the Deck Unit = 1
* NMEA Latitude = 74 06.85 S
* NMEA Longitude = 112 29.01 W
* NMEA UTC (Time) = Jan 28 2022  04:49:56
* NMEA baud rate = 9600
** Ship: RVIB N.B. Palmer
** Cruise: NBP2202 Thwaites
** Station: 62
** Operator: B. Bjork
# nquan = 25
# nvalues = 913                         
# units = specified
# name 0 = prDM: Pressure, Digiquartz [db]
# name 1 = depSM: Depth [salt water, m]
# name 2 = t090C: Temperature [ITS-90, deg C]
# name 3 = c0mS/cm: Conductivity [mS/cm]
# name 4 = t190C: Temperature, 2 [ITS-90, deg C]
# name 5 = c1mS/cm: Conductivity, 2 [mS/cm]
# name 6 = sbeox0ML/L: Oxygen, SBE 43 [ml/l]
# name 7 = sbeox1ML/L: Oxygen, SBE 43, 2 [ml/l]
# name 8 = flECO-AFL: Fluorescence, WET Labs ECO-AFL/FL [mg/m^3]
# name 9 = CStarTr0: Beam Transmission, WET Labs C-Star [%]
# name 10 = par: PAR/Irradiance, Biospherical/Licor
# name 11 = latitude: Latitude [deg]
# name 12 = longitude: Longitude [deg]
# name 13 = timeJ: Julian Days
# name 14 = altM: Altimeter [m]
# name 15 = spar: SPAR, Biospherical/Licor
# name 16 = timeS: Time, Elapsed [seconds]
# name 17 = scan: Scan Count
# name 18 = density00: Density [density, kg/m^3]
# name 19 = density11: Density, 2 [density, kg/m^3]
# name 20 = sal00: Salinity, Practical [PSU]
# name 21 = sal11: Salinity, Practical, 2 [PSU]
# name 22 = oxsolML/L: Oxygen Saturation, Garcia & Gordon [ml/l]
# name 23 = nbin: number of scans per bin
# name 24 = flag: flag
# span 0 =      3.000,    915.000       
# span 1 =      2.967,    903.543       
# span 2 =    -1.5724,     0.5162       
# span 3 =  26.982683,  29.549546       
# span 4 =    -1.5725,     0.5187       
# span 5 =  26.983042,  29.549536       
# span 6 =     4.5874,     9.0602       
# span 7 =     4.6596,     9.2755       
# span 8 =    -0.0152,    29.4420       
# span 9 =    63.3968,    94.6482       
# span 10 = 1.0000e-12, 1.4215e+01      
# span 11 =  -74.11422,  -74.11420      
# span 12 = -112.48360, -112.48354      
# span 13 =  28.204136,  28.216962      
# span 14 =       3.35,     100.21      
# span 15 = 4.3945e+01, 5.9961e+01      
# span 16 =    241.383,   1349.532      
# span 17 =       5794,      32390      
# span 18 =  1027.1985,  1032.0204      
# span 19 =  1027.2011,  1032.0179      
# span 20 =    33.8096,    34.5510      
# span 21 =    33.8120,    34.5483      
# span 22 =    7.92838,    8.41129      
# span 23 =         21,         61      
# span 24 = 0.0000e+00, 0.0000e+00      
# interval = decibars: 1                
# start_time = Jan 28 2022 04:49:56 [NMEA time, header]
# bad_flag = -9.990e-29
*END*
[from data line 174]
    177.000    175.093    -1.4774  27.138249    -1.4789  27.137213     6.3406     6.4839     0.2476    93.8730 1.0000e-12  -74.11420 -112.48356  28.207461      99.82 5.9702e+01    528.664      12689  1028.2133  1028.2136    34.0056    34.0059    8.38820         24 0.0000e+00
    178.000    176.083    -1.4976  27.123097    -1.4974  27.122691     6.3080     6.4531     0.2696    94.0956 1.0000e-12  -74.11420 -112.48357  28.207473      99.82 5.9937e+01    529.662      12713  1028.2207  1028.2200    34.0071    34.0063    8.39268         23 0.0000e+00
    179.000    177.071    -1.4635  27.154522    -1.4627  27.153584     6.2667     6.4242     0.2747    94.1436 1.0000e-12  -74.11420 -112.48357  28.207485      99.81 5.9938e+01    530.660      12737  1028.2265  1028.2247    34.0110    34.0088    8.38475         24 0.0000e+00
    180.000    178.060    -1.4441  27.171135    -1.4443  27.169956     6.2622     6.4126     0.3359    94.1660 1.0000e-12  -74.11420 -112.48357  28.207496      99.81 5.9938e+01    531.619      12760  1028.2304  1028.2293    34.0112    34.0097    8.38037         22 0.0000e+00
    181.000    179.051    -1.4186  27.194061    -1.4175  27.193863     6.2318     6.3766     0.6579    94.1436 1.0000e-12  -74.11420 -112.48358  28.207507      99.82 5.9938e+01    532.580      12783  1028.2354  1028.2341    34.0131    34.0115    8.37452         24 0.0000e+00
    182.000    180.037    -1.4124  27.200032    -1.4132  27.198677     6.1745     6.3202     0.2450    93.9418 1.0000e-12  -74.11420 -112.48358  28.207518      99.82 5.9157e+01    533.560      12806  1028.2405  1028.2397    34.0136    34.0126    8.37309         23 0.0000e+00
    183.000    181.026    -1.3902  27.222058    -1.3872  27.222509     6.1434     6.2957     0.2371    94.0905 1.0000e-12  -74.11420 -112.48358  28.207530      98.87 5.8074e+01    534.570      12831  1028.2477  1028.2453    34.0180    34.0153    8.36784         25 0.0000e+00
    184.000    182.016    -1.3505  27.256893    -1.3499  27.256462     6.1231     6.2830     0.2367    93.8435 1.0000e-12  -74.11420 -112.48358  28.207542      99.83 5.9961e+01    535.596      12855  1028.2520  1028.2510    34.0203    34.0190    8.35882         25 0.0000e+00
    185.000    183.004    -1.3513  27.257467    -1.3512  27.257015     6.1300     6.2794     0.3801    93.8763 1.0000e-12  -74.11420 -112.48358  28.207553      99.81 5.9165e+01    536.592      12879  1028.2582  1028.2576    34.0213    34.0205    8.35893         23 0.0000e+00
    186.000    183.991    -1.3506  27.261502    -1.3483  27.262311     6.1343     6.2690     0.4052    93.9537 1.0000e-12  -74.11420 -112.48358  28.207564      99.81 5.9931e+01    537.533      12902  1028.2666  1028.2652    34.0254    34.0239    8.35853         23 0.0000e+00
    187.000    184.983    -1.3304  27.279752    -1.3297  27.279430     6.1317     6.2654     0.3123    94.0130 1.0000e-12  -74.11420 -112.48358  28.207575      99.82 5.9938e+01    538.488      12925  1028.2715  1028.2706    34.0269    34.0257    8.35391         23 0.0000e+00
    188.000    185.970    -1.3283  27.281999    -1.3284  27.281143     6.1356     6.2577     0.2674    94.0712 1.0000e-12  -74.11420 -112.48358  28.207587      99.82 5.9421e+01    539.484      12949  1028.2767  1028.2758    34.0270    34.0259    8.35344         24 0.0000e+00
    189.000    186.958    -1.3280  27.283031    -1.3278  27.282545     6.1918     6.2971     0.3621    93.2228 1.0000e-12  -74.11420 -112.48358  28.207598      99.82 5.8675e+01    540.491      12973  1028.2821  1028.2814    34.0275    34.0266    8.35335         25 0.0000e+00
    190.000    187.948    -1.3496  27.264584    -1.3509  27.263519     6.2711     6.3795     0.3252    93.8519 1.0000e-12  -74.11420 -112.48358  28.207610      99.82 5.9921e+01    541.507      12997  1028.2875  1028.2875    34.0261    34.0260    8.35827         24 0.0000e+00
    191.000    188.937    -1.3995  27.221202    -1.3999  27.222209     6.3374     6.4460     0.2318    93.9291 1.0000e-12  -74.11420 -112.48358  28.207622      99.82 5.9938e+01    542.506      13021  1028.2928  1028.2943    34.0225    34.0244    8.36967         23 0.0000e+00
    192.000    189.925    -1.4848  27.150884    -1.4864  27.150214     6.3596     6.4754     0.6868    93.9921 1.0000e-12  -74.11420 -112.48358  28.207633      99.82 5.9938e+01    543.453      13044  1028.3027  1028.3034    34.0221    34.0229    8.38889         23 0.0000e+00
    193.000    190.914    -1.4957  27.143649    -1.4957  27.143505     6.3716     6.4855     0.6085    93.7501 1.0000e-12  -74.11420 -112.48358  28.207643      99.82 5.9938e+01    544.383      13066  1028.3093  1028.3091    34.0239    34.0237    8.39124         22 0.0000e+00
    194.000    191.903    -1.5027  27.138732    -1.5026  27.138600     6.3715     6.4925     0.3917    93.9241 1.0000e-12  -74.11420 -112.48356  28.207655      99.82 5.9861e+01    545.354      13090  1028.3146  1028.3143    34.0245    34.0241    8.39279         24 0.0000e+00
    195.000    192.891    -1.5032  27.139663    -1.5030  27.139337     6.3692     6.4932     0.2368    93.8742 1.0000e-12  -74.11420 -112.48358  28.207666      99.82 5.8752e+01    546.364      13114  1028.3201  1028.3195    34.0257    34.0250    8.39282         24 0.0000e+00
    196.000    193.880    -1.5020  27.141992    -1.5016  27.141784     6.3655     6.4860     0.2071    94.0435 1.0000e-12  -74.11420 -112.48356  28.207678      99.81 5.9445e+01    547.376      13138  1028.3255  1028.3249    34.0269    34.0262    8.39247         25 0.0000e+00
    197.000    194.870    -1.5009  27.143390    -1.5008  27.143148     6.3557     6.4823     0.2124    94.1007 1.0000e-12  -74.11420 -112.48356  28.207689      95.83 5.9934e+01    548.367      13162  1028.3301  1028.3296    34.0270    34.0265    8.39223         23 0.0000e+00
    198.000    195.857    -1.4972  27.147580    -1.4970  27.147084     6.3557     6.4776     0.1954    94.1320 1.0000e-12  -74.11420 -112.48356  28.207701      99.76 5.8880e+01    549.320      13185  1028.3352  1028.3345    34.0279    34.0270    8.39133         23 0.0000e+00
    199.000    196.847    -1.4963  27.148724    -1.4961  27.148374     6.3483     6.4796     0.2648    94.0984 1.0000e-12  -74.11420 -112.48356  28.207712      99.82 5.9767e+01    550.273      13208  1028.3397  1028.3392    34.0279    34.0272    8.39114         23 0.0000e+00
    200.000    197.833    -1.4969  27.148765    -1.4966  27.148462     6.3552     6.4902     0.6354    94.0298 1.0000e-12  -74.11420 -112.48356  28.207723      99.82 5.9791e+01    551.262      13231  1028.3445  1028.3438    34.0279    34.0272    8.39126         24 0.0000e+00
    201.000    198.825    -1.4975  27.148738    -1.4973  27.148472     6.3458     6.4987     0.3753    94.0935 1.0000e-12  -74.11420 -112.48356  28.207734      99.82 5.8862e+01    552.253      13255  1028.3492  1028.3487    34.0280    34.0274    8.39140         23 0.0000e+00
    202.000    199.812    -1.4972  27.149708    -1.4970  27.149373     6.3389     6.4871     0.2315    94.1148 1.0000e-12  -74.11420 -112.48356  28.207746      99.82 5.8473e+01    553.220      13278  1028.3542  1028.3536    34.0283    34.0276    8.39131         24 0.0000e+00
    203.000    200.800    -1.4963  27.151375    -1.4959  27.151129     6.3417     6.4816     0.1473    94.1858 1.0000e-12  -74.11420 -112.48356  28.207757      99.82 5.9907e+01    554.188      13302  1028.3594  1028.3587    34.0290    34.0282    8.39107         23 0.0000e+00
    204.000    201.790    -1.4902  27.157940    -1.4897  27.157728     6.3486     6.4768     0.3222    94.2620 1.0000e-12  -74.11420 -112.48356  28.207768      99.82 5.9241e+01    555.177      13325  1028.3648  1028.3641    34.0304    34.0296    8.38960         23 0.0000e+00
    205.000    202.780    -1.4883  27.160320    -1.4880  27.159954     6.3487     6.4756     0.2959    94.1687 1.0000e-12  -74.11420 -112.48356  28.207780      99.81 5.9192e+01    556.193      13350  1028.3699  1028.3692    34.0310    34.0301    8.38915         26 0.0000e+00
    206.000    203.766    -1.4868  27.162650    -1.4864  27.162348     6.3468     6.4850     0.1622    94.2329 1.0000e-12  -74.11420 -112.48356  28.207792      99.82 5.9937e+01    557.228      13374  1028.3753  1028.3746    34.0318    34.0310    8.38875         24 0.0000e+00
    207.000    204.755    -1.4884  27.162133    -1.4880  27.161964     6.3505     6.4835     0.1190    94.1790 1.0000e-12  -74.11420 -112.48356  28.207803      99.82 5.8779e+01    558.216      13398  1028.3805  1028.3800    34.0323    34.0317    8.38908         23 0.0000e+00
    208.000    205.745    -1.4910  27.160578    -1.4908  27.160288     6.3465     6.4825     0.1295    94.2886 1.0000e-12  -74.11420 -112.48356  28.207814      88.96 5.8656e+01    559.147      13421  1028.3857  1028.3851    34.0326    34.0319    8.38967         22 0.0000e+00
    209.000    206.733    -1.4875  27.165117    -1.4873  27.164449     6.3384     6.4824     0.1372    94.3073 1.0000e-12  -74.11420 -112.48356  28.207825      81.64 5.9950e+01    560.092      13443  1028.3915  1028.3906    34.0342    34.0330    8.38877         23 0.0000e+00
    210.000    207.721    -1.4817  27.171410    -1.4815  27.170819     6.3212     6.4674     0.2218    94.3080 1.0000e-12  -74.11420 -112.48356  28.207837      93.34 5.9302e+01    561.085      13467  1028.3971  1028.3962    34.0356    34.0346    8.38738         25 0.0000e+00
    211.000    208.710    -1.4726  27.180351    -1.4727  27.179359     6.3239     6.4688     0.1321    94.2761 1.0000e-12  -74.11420 -112.48356  28.207848      99.77 5.7454e+01    562.097      13491  1028.4024  1028.4014    34.0370    34.0357    8.38525         24 0.0000e+00
    212.000    209.699    -1.4650  27.187580    -1.4671  27.185087     6.3241     6.4683     0.1603    94.3319 1.0000e-12  -74.11420 -112.48356  28.207860      99.82 5.9654e+01    563.108      13516  1028.4073  1028.4066    34.0377    34.0366    8.38350         24 0.0000e+00
    213.000    210.688    -1.4722  27.181728    -1.4711  27.182631     6.3182     6.4638     0.1025    94.3176 1.0000e-12  -74.11420 -112.48356  28.207872      99.82 5.9273e+01    564.114      13540  1028.4122  1028.4121    34.0371    34.0372    8.38514         24 0.0000e+00
    214.000    211.677    -1.4778  27.178452    -1.4770  27.178521     6.3127     6.4597     0.0745    94.4101 1.0000e-12  -74.11420 -112.48356  28.207883      99.82 5.8256e+01    565.062      13562  1028.4184  1028.4177    34.0384    34.0376    8.38634         22 0.0000e+00
    215.000    212.664    -1.4646  27.191680    -1.4642  27.191042     6.3036     6.4485     0.0716    94.3084 1.0000e-12  -74.11420 -112.48356  28.207893      99.82 5.9312e+01    565.988      13585  1028.4245  1028.4233    34.0410    34.0396    8.38321         23 0.0000e+00
    216.000    213.654    -1.4605  27.196413    -1.4609  27.195234     6.2594     6.4066     0.0716    94.3115 1.0000e-12  -74.11420 -112.48356  28.207904      99.82 5.9703e+01    566.945      13608  1028.4300  1028.4291    34.0422    34.0411    8.38221         23 0.0000e+00
    217.000    214.641    -1.4394  27.217347    -1.4389  27.216591     6.2137     6.3528     0.0744    94.3380 1.0000e-12  -74.11420 -112.48356  28.207916      99.82 5.8477e+01    567.931      13631  1028.4369  1028.4355    34.0464    34.0447    8.37721         24 0.0000e+00
    218.000    215.632    -1.4059  27.248535    -1.4039  27.248101     6.2041     6.3444     0.1610    94.4372 1.0000e-12  -74.11420 -112.48356  28.207927      99.82 5.9417e+01    568.930      13655  1028.4430  1028.4405    34.0506    34.0477    8.36944         24 0.0000e+00
    219.000    216.619    -1.3800  27.270610    -1.3799  27.270175     6.2298     6.3657     0.3657    94.4241 1.0000e-12  -74.11420 -112.48356  28.207939      99.82 5.9642e+01    569.926      13679  1028.4466  1028.4460    34.0508    34.0501    8.36361         24 0.0000e+00
    220.000    217.608    -1.4025  27.252058    -1.4015  27.252724     6.2608     6.3897     0.0803    94.3854 1.0000e-12  -74.11420 -112.48356  28.207950      99.82 5.7614e+01    570.892      13702  1028.4527  1028.4524    34.0503    34.0501    8.36869         23 0.0000e+00
    221.000    218.596    -1.4162  27.243365    -1.4180  27.241025     6.2980     6.4207     0.1012    94.1118 1.0000e-12  -74.11420 -112.48356  28.207961      99.82 5.8476e+01    571.834      13725  1028.4610  1028.4602    34.0533    34.0522    8.37158         22 0.0000e+00
    222.000    219.584    -1.4287  27.233090    -1.4295  27.232304     6.3196     6.4445     0.1022    94.4505 1.0000e-12  -74.11420 -112.48356  28.207972      80.46 5.9915e+01    572.797      13748  1028.4663  1028.4661    34.0528    34.0526    8.37443         24 0.0000e+00
    223.000    220.575    -1.4487  27.217653    -1.4485  27.217436     6.3354     6.4602     0.0790    94.4371 1.0000e-12  -74.11420 -112.48356  28.207984      89.51 5.8777e+01    573.800      13772  1028.4731  1028.4727    34.0536    34.0531    8.37887         24 0.0000e+00
    224.000    221.562    -1.4531  27.214955    -1.4528  27.214521     6.3337     6.4668     0.0630    94.4206 1.0000e-12  -74.11420 -112.48356  28.207996      98.34 5.8244e+01    574.820      13797  1028.4787  1028.4779    34.0543    34.0534    8.37982         24 0.0000e+00
    225.000    222.551    -1.4536  27.215209    -1.4532  27.214902     6.3343     6.4719     0.0656    94.4662 1.0000e-12  -74.11420 -112.48356  28.208007      99.83 5.9952e+01    575.821      13821  1028.4837  1028.4829    34.0546    34.0537    8.37991         24 0.0000e+00
    226.000    223.540    -1.4525  27.217077    -1.4523  27.216728     6.3414     6.4669     0.0732    94.4500 1.0000e-12  -74.11420 -112.48356  28.208018      99.82 5.8660e+01    576.768      13843  1028.4890  1028.4883    34.0554    34.0546    8.37963         22 0.0000e+00
    227.000    224.529    -1.4491  27.222931    -1.4485  27.222495     6.3371     6.4669     0.0693    94.4084 1.0000e-12  -74.11420 -112.48357  28.208029      99.82 5.8418e+01    577.677      13865  1028.4963  1028.4953    34.0589    34.0576    8.37865         22 0.0000e+00
    228.000    225.516    -1.4438  27.229670    -1.4433  27.229240     6.3377     6.4670     0.0665    94.3803 1.0000e-12  -74.11420 -112.48357  28.208040      99.82 5.9922e+01    578.636      13888  1028.5029  1028.5019    34.0615    34.0604    8.37731         24 0.0000e+00
    229.000    226.505    -1.4397  27.234741    -1.4389  27.234764     6.3317     6.4664     0.2394    94.4772 1.0000e-12  -74.11420 -112.48357  28.208052      99.82 5.8607e+01    579.652      13913  1028.5089  1028.5080    34.0632    34.0623    8.37628         24 0.0000e+00
    230.000    227.493    -1.4368  27.238632    -1.4364  27.238313     6.3169     6.4643     0.0700    94.4612 1.0000e-12  -74.11420 -112.48357  28.208063      99.82 5.7340e+01    580.667      13937  1028.5146  1028.5139    34.0647    34.0637    8.37555         24 0.0000e+00
    231.000    228.483    -1.4360  27.240507    -1.4354  27.240145     6.3208     6.4629     0.1317    94.4808 1.0000e-12  -74.11420 -112.48357  28.208075      99.82 5.9790e+01    581.645      13960  1028.5202  1028.5193    34.0656    34.0646    8.37529         24 0.0000e+00
    232.000    229.471    -1.4346  27.242517    -1.4342  27.242055     6.3258     6.4545     0.0941    94.4701 1.0000e-12  -74.11420 -112.48357  28.208086      99.81 5.9225e+01    582.590      13983  1028.5254  1028.5245    34.0663    34.0652    8.37495         22 0.0000e+00
    233.000    230.460    -1.4332  27.244782    -1.4328  27.244183     6.3196     6.4585     0.0805    94.4817 1.0000e-12  -74.11420 -112.48357  28.208097      99.82 5.7476e+01    583.543      14006  1028.5308  1028.5298    34.0671    34.0659    8.37458         24 0.0000e+00
