ocean_section_plots/required_files/ctd/dnbp2202_ctd119.cnv
* Sea-Bird SBE 9 Data File:
* FileName = D:\Data\raw\NBP2202_CTD119.hex
* Software Version Seasave V 7.26.7.121
* Temperature SN = 1649
* Conductivity SN = 2513
* Number of Bytes Per Scan = 40
* Number of Voltage Words = 5
* Number of Scans Averaged by the Deck Unit = 1
* NMEA Latitude = 74 10.52 S
* NMEA Longitude = 113 20.65 W
* NMEA UTC (Time) = Jan 27 2022  10:17:54
* NMEA baud rate = 9600
** Ship: RVIB N.B. Palmer
** Cruise: NBP2202 Thwaites
** Station: YoYo001
** Operator: B. Bjork
# nquan = 25
# nvalues = 608                         
# units = specified
# name 0 = prDM: Pressure, Digiquartz [db]
# name 1 = depSM: Depth [salt water, m]
# name 2 = t090C: Temperature [ITS-90, deg C]
# name 3 = c0mS/cm: Conductivity [mS/cm]
# name 4 = t190C: Temperature, 2 [ITS-90, deg C]
# name 5 = c1mS/cm: Conductivity, 2 [mS/cm]
# name 6 = sbeox0ML/L: Oxygen, SBE 43 [ml/l]
# name 7 = sbeox1ML/L: Oxygen, SBE 43, 2 [ml/l]
# name 8 = flECO-AFL: Fluorescence, WET Labs ECO-AFL/FL [mg/m^3]
# name 9 = CStarTr0: Beam Transmission, WET Labs C-Star [%]
# name 10 = par: PAR/Irradiance, Biospherical/Licor
# name 11 = latitude: Latitude [deg]
# name 12 = longitude: Longitude [deg]
# name 13 = timeJ: Julian Days
# name 14 = altM: Altimeter [m]
# name 15 = spar: SPAR, Biospherical/Licor
# name 16 = timeS: Time, Elapsed [seconds]
# name 17 = scan: Scan Count
# name 18 = density00: Density [density, kg/m^3]
# name 19 = density11: Density, 2 [density, kg/m^3]
# name 20 = sal00: Salinity, Practical [PSU]
# name 21 = sal11: Salinity, Practical, 2 [PSU]
# name 22 = oxsolML/L: Oxygen Saturation, Garcia & Gordon [ml/l]
# name 23 = nbin: number of scans per bin
# name 24 = flag: flag
# span 0 =     10.000,    617.000       
# span 1 =      9.896,    609.704       
# span 2 =    -1.3865,     0.0999       
# span 3 =  27.052582,  28.935459       
# span 4 =    -1.3850,     0.1017       
# span 5 =  27.051836,  28.934934       
# span 6 =     4.6810,     8.7679       
# span 7 =     4.7318,     8.6992       
# span 8 =    -0.0228,    24.8557       
# span 9 =    69.5520,    95.6108       
# span 10 = 1.0000e-12, 3.7285e+00      
# span 11 =  -74.17538,  -74.17536      
# span 12 = -113.34424, -113.34422      
# span 13 =  27.429536,  27.436998      
# span 14 =       6.91,     100.02      
# span 15 = 2.3269e+02, 2.6620e+02      
# span 16 =     37.954,    682.648      
# span 17 =        912,      16385      
# span 18 =  1027.2193,  1030.5237      
# span 19 =  1027.2177,  1030.5213      
# span 20 =    33.7833,    34.3833      
# span 21 =    33.7812,    34.3807      
# span 22 =    8.02388,    8.37536      
# span 23 =         17,         46      
# span 24 = 0.0000e+00, 0.0000e+00      
# interval = decibars: 1                
# start_time = Jan 27 2022 10:17:54 [NMEA time, header]
# bad_flag = -9.990e-29
*END*
[from data line 174]
    184.000    182.013    -1.2911  27.262755    -1.2900  27.262106     5.5446     5.6054    -0.0080    95.5823 1.0000e-12  -74.17536 -113.34424  27.431570      99.86 2.6443e+02    213.621       5128  1028.2047  1028.2029    33.9608    33.9587    8.34904         23 0.0000e+00
    185.000    183.004    -1.2892  27.266233    -1.2878  27.265952     5.5424     5.6103    -0.0224    95.5859 1.0000e-12  -74.17536 -113.34424  27.431581      99.87 2.6443e+02    214.605       5152  1028.2110  1028.2093    33.9628    33.9608    8.34850         24 0.0000e+00
    186.000    183.993    -1.2882  27.268276    -1.2868  27.267958     5.5480     5.6144    -0.0154    95.5957 1.0000e-12  -74.17536 -113.34424  27.431592      99.86 2.6443e+02    215.577       5175  1028.2165  1028.2148    33.9638    33.9618    8.34821         23 0.0000e+00
    187.000    184.981    -1.2869  27.270462    -1.2855  27.270184     5.5512     5.6149    -0.0150    95.5913 1.0000e-12  -74.17536 -113.34424  27.431604      99.86 2.6443e+02    216.555       5198  1028.2220  1028.2203    33.9648    33.9627    8.34787         24 0.0000e+00
    188.000    185.969    -1.2872  27.270958    -1.2861  27.270385     5.5515     5.6172    -0.0042    95.5573 1.0000e-12  -74.17536 -113.34424  27.431616      99.87 2.6443e+02    217.586       5223  1028.2271  1028.2254    33.9652    33.9631    8.34791         25 0.0000e+00
    189.000    186.958    -1.2877  27.271649    -1.2864  27.271171     5.5548     5.6234    -0.0101    95.5895 1.0000e-12  -74.17536 -113.34423  27.431628      99.86 2.6507e+02    218.631       5248  1028.2327  1028.2309    33.9660    33.9638    8.34797         25 0.0000e+00
    190.000    187.948    -1.2864  27.273982    -1.2848  27.273842     5.5622     5.6333    -0.0102    95.5963 1.0000e-12  -74.17536 -113.34423  27.431640      99.87 2.6538e+02    219.684       5273  1028.2383  1028.2366    33.9671    33.9651    8.34761         26 0.0000e+00
    191.000    188.936    -1.2853  27.276235    -1.2828  27.277235     5.5635     5.6400    -0.0120    95.5999 1.0000e-12  -74.17536 -113.34423  27.431652      99.86 2.6458e+02    220.743       5299  1028.2441  1028.2428    33.9684    33.9669    8.34730         24 0.0000e+00
    192.000    189.924    -1.2770  27.288492    -1.2757  27.287724     5.5608     5.6338    -0.0111    95.5883 1.0000e-12  -74.17536 -113.34423  27.431664      82.16 2.6443e+02    221.784       5324  1028.2537  1028.2517    33.9751    33.9726    8.34503         26 0.0000e+00
    193.000    190.914    -1.2719  27.294367    -1.2703  27.294277     5.5660     5.6369    -0.0109    95.6108 1.0000e-12  -74.17536 -113.34423  27.431676      86.30 2.6443e+02    222.830       5349  1028.2596  1028.2580    33.9768    33.9748    8.34380         25 0.0000e+00
    194.000    191.902    -1.2686  27.298256    -1.2668  27.298214     5.5636     5.6338    -0.0150    95.6027 1.0000e-12  -74.17536 -113.34423  27.431688      98.24 2.6443e+02    223.875       5374  1028.2651  1028.2633    33.9778    33.9757    8.34301         25 0.0000e+00
    195.000    192.891    -1.2668  27.300415    -1.2648  27.300594     5.5568     5.6276    -0.0180    95.5965 1.0000e-12  -74.17536 -113.34423  27.431700      99.85 2.6443e+02    224.913       5399  1028.2700  1028.2683    33.9781    33.9761    8.34259         25 0.0000e+00
    196.000    193.879    -1.2639  27.303948    -1.2618  27.304243     5.5635     5.6206    -0.0197    95.1796 1.0000e-12  -74.17536 -113.34423  27.431713      99.87 2.6443e+02    225.963       5424  1028.2754  1028.2737    33.9790    33.9770    8.34188         25 0.0000e+00
    197.000    194.867    -1.2591  27.309703    -1.2577  27.306290     5.5514     5.6163    -0.0150    95.5883 1.0000e-12  -74.17536 -113.34424  27.431725      99.87 2.6443e+02    227.020       5449  1028.2815  1028.2764    33.9808    33.9746    8.34071         26 0.0000e+00
    198.000    195.858    -1.2558  27.313811    -1.2545  27.313286     5.5553     5.6257    -0.0169    95.6065 1.0000e-12  -74.17536 -113.34424  27.431737      99.86 2.6443e+02    228.071       5475  1028.2871  1028.2853    33.9821    33.9799    8.33989         24 0.0000e+00
    199.000    196.847    -1.2511  27.319893    -1.2495  27.319500     5.5415     5.6186    -0.0190    95.6083 1.0000e-12  -74.17536 -113.34424  27.431749      99.86 2.6451e+02    229.119       5500  1028.2936  1028.2916    33.9845    33.9821    8.33870         26 0.0000e+00
    200.000    197.832    -1.2421  27.330298    -1.2403  27.330071     5.5245     5.6003    -0.0045    95.5975 1.0000e-12  -74.17536 -113.34424  27.431761      99.87 2.6556e+02    230.168       5525  1028.3007  1028.2987    33.9879    33.9856    8.33649         25 0.0000e+00
    201.000    198.822    -1.2165  27.358221    -1.2136  27.357962     5.5115     5.5799     0.0052    95.5146 1.0000e-12  -74.17536 -113.34424  27.431773      99.86 2.6585e+02    231.215       5550  1028.3108  1028.3077    33.9965    33.9929    8.33028         25 0.0000e+00
    202.000    199.814    -1.1795  27.395413    -1.1782  27.394720     5.4968     5.5753    -0.0146    95.5867 1.0000e-12  -74.17536 -113.34424  27.431785      99.86 2.6556e+02    232.258       5575  1028.3201  1028.3181    34.0049    34.0024    8.32155         25 0.0000e+00
    203.000    200.800    -1.1705  27.405841    -1.1691  27.405085     5.4988     5.5700    -0.0082    95.5974 1.0000e-12  -74.17536 -113.34424  27.431798      99.87 2.6531e+02    233.315       5601  1028.3274  1028.3252    34.0084    34.0057    8.31935         26 0.0000e+00
    204.000    201.789    -1.1647  27.413158    -1.1632  27.412592     5.4938     5.5687    -0.0153    95.5986 1.0000e-12  -74.17536 -113.34424  27.431810      99.86 2.6556e+02    234.369       5626  1028.3343  1028.3322    34.0111    34.0087    8.31788         25 0.0000e+00
    205.000    202.778    -1.1618  27.416579    -1.1602  27.416279     5.4966     5.5646    -0.0224    95.5831 1.0000e-12  -74.17536 -113.34424  27.431822      83.18 2.6599e+02    235.415       5651  1028.3398  1028.3379    34.0119    34.0096    8.31720         25 0.0000e+00
    206.000    203.766    -1.1621  27.416994    -1.1600  27.417161     5.4780     5.5509    -0.0153    95.5841 1.0000e-12  -74.17536 -113.34424  27.431834      96.23 2.6620e+02    236.463       5676  1028.3451  1028.3432    34.0122    34.0100    8.31725         25 0.0000e+00
    207.000    204.755    -1.1573  27.422593    -1.1553  27.422352     5.4551     5.5379    -0.0150    95.5831 1.0000e-12  -74.17536 -113.34424  27.431846      99.90 2.6606e+02    237.507       5701  1028.3510  1028.3488    34.0138    34.0112    8.31609         25 0.0000e+00
    208.000    205.744    -1.1363  27.442775    -1.1370  27.439820     5.4147     5.5103    -0.0216    95.5966 1.0000e-12  -74.17536 -113.34424  27.431858      99.86 2.6620e+02    238.550       5726  1028.3571  1028.3546    34.0169    34.0137    8.31124         25 0.0000e+00
    209.000    206.732    -1.1196  27.458817    -1.1181  27.457875     5.3738     5.4662    -0.0224    95.5973 1.0000e-12  -74.17536 -113.34424  27.431870      99.87 2.6620e+02    239.601       5751  1028.3630  1028.3605    34.0193    34.0164    8.30739         26 0.0000e+00
    210.000    207.721    -1.0808  27.495894    -1.0833  27.490703     5.3435     5.4341    -0.0098    95.5837 1.0000e-12  -74.17536 -113.34424  27.431883      99.87 2.6620e+02    240.650       5777  1028.3703  1028.3671    34.0255    34.0212    8.29845         24 0.0000e+00
    211.000    208.711    -1.0542  27.520701    -1.0526  27.520107     5.3375     5.4096    -0.0182    95.5825 1.0000e-12  -74.17536 -113.34424  27.431895      99.86 2.6620e+02    241.691       5802  1028.3761  1028.3739    34.0285    34.0259    8.29238         26 0.0000e+00
    212.000    209.698    -1.0459  27.529321    -1.0441  27.528899     5.3128     5.3955    -0.0174    95.5790 1.0000e-12  -74.17536 -113.34424  27.431907      99.86 2.6620e+02    242.733       5827  1028.3822  1028.3799    34.0303    34.0276    8.29045         25 0.0000e+00
    213.000    210.687    -1.0311  27.544318    -1.0291  27.543902     5.3084     5.3902    -0.0147    95.5749 1.0000e-12  -74.17536 -113.34424  27.431919      99.87 2.6620e+02    243.781       5852  1028.3887  1028.3863    34.0333    34.0305    8.28699         25 0.0000e+00
    214.000    211.675    -1.0202  27.555330    -1.0190  27.554529     5.3161     5.3825    -0.0101    95.5718 1.0000e-12  -74.17536 -113.34424  27.431931      99.87 2.6620e+02    244.826       5877  1028.3949  1028.3928    34.0354    34.0329    8.28447         25 0.0000e+00
    215.000    212.664    -1.0169  27.559235    -1.0145  27.559439     5.3096     5.3739    -0.0118    95.5605 1.0000e-12  -74.17536 -113.34424  27.431943      99.86 2.6620e+02    245.871       5902  1028.4005  1028.3985    34.0363    34.0339    8.28368         25 0.0000e+00
    216.000    213.653    -1.0118  27.564436    -1.0102  27.564084     5.2942     5.3610    -0.0112    95.5604 1.0000e-12  -74.17536 -113.34424  27.431955      99.86 2.6620e+02    246.921       5927  1028.4059  1028.4040    34.0370    34.0348    8.28251         25 0.0000e+00
    217.000    214.640    -1.0034  27.573314    -1.0013  27.573358     5.2884     5.3613    -0.0103    95.5502 1.0000e-12  -74.17536 -113.34424  27.431967      52.54 2.6620e+02    247.956       5952  1028.4120  1028.4100    34.0391    34.0367    8.28056         25 0.0000e+00
    218.000    215.631    -0.9930  27.583837    -0.9914  27.583318     5.2710     5.3502    -0.0179    95.5389 1.0000e-12  -74.17536 -113.34424  27.431979      89.24 2.6620e+02    248.995       5977  1028.4179  1028.4158    34.0410    34.0384    8.27814         25 0.0000e+00
    219.000    216.617    -0.9876  27.589503    -0.9861  27.588850     5.2637     5.3393    -0.0193    95.5333 1.0000e-12  -74.17536 -113.34424  27.431991      99.93 2.6620e+02    250.028       6002  1028.4234  1028.4212    34.0420    34.0394    8.27690         24 0.0000e+00
    220.000    217.609    -0.9790  27.598402    -0.9779  27.597296     5.2540     5.3252    -0.0149    95.5200 1.0000e-12  -74.17536 -113.34424  27.432003      99.86 2.6620e+02    251.062       6026  1028.4293  1028.4270    34.0438    34.0410    8.27490         25 0.0000e+00
    221.000    218.596    -0.9614  27.615940    -0.9602  27.614805     5.2422     5.3106    -0.0150    95.5307 1.0000e-12  -74.17536 -113.34424  27.432015      99.87 2.6620e+02    252.098       6051  1028.4358  1028.4333    34.0471    34.0441    8.27083         25 0.0000e+00
    222.000    219.584    -0.9575  27.620059    -0.9557  27.619652     5.2327     5.2959    -0.0150    95.4992 1.0000e-12  -74.17536 -113.34424  27.432027      99.87 2.6620e+02    253.142       6076  1028.4411  1028.4388    34.0477    34.0450    8.26993         25 0.0000e+00
    223.000    220.573    -0.9402  27.637435    -0.9381  27.637026     5.2270     5.2912    -0.0150    95.5080 1.0000e-12  -74.17536 -113.34424  27.432039      99.87 2.6620e+02    254.180       6101  1028.4477  1028.4452    34.0511    34.0481    8.26593         25 0.0000e+00
    224.000    221.562    -0.9368  27.640939    -0.9346  27.640878     5.2256     5.2889    -0.0150    95.5092 1.0000e-12  -74.17536 -113.34424  27.432051      99.86 2.6620e+02    255.224       6126  1028.4528  1028.4505    34.0514    34.0488    8.26516         26 0.0000e+00
    225.000    222.550    -0.9354  27.642587    -0.9333  27.642645     5.2183     5.2854    -0.0150    95.4958 1.0000e-12  -74.17536 -113.34424  27.432063      99.86 2.6620e+02    256.277       6152  1028.4577  1028.4557    34.0514    34.0491    8.26484         25 0.0000e+00
    226.000    223.540    -0.9318  27.646634    -0.9298  27.646376     5.2140     5.2881    -0.0150    95.4956 1.0000e-12  -74.17536 -113.34424  27.432076      62.15 2.6620e+02    257.326       6177  1028.4631  1028.4609    34.0523    34.0496    8.26401         25 0.0000e+00
    227.000    224.526    -0.9294  27.649341    -0.9276  27.648837     5.2083     5.2825    -0.0219    95.4905 1.0000e-12  -74.17536 -113.34424  27.432088      90.56 2.6620e+02    258.367       6202  1028.4682  1028.4660    34.0526    34.0499    8.26346         25 0.0000e+00
    228.000    225.516    -0.9271  27.651939    -0.9256  27.651369     5.1945     5.2675    -0.0153    95.4708 1.0000e-12  -74.17536 -113.34424  27.432100      99.86 2.6620e+02    259.417       6227  1028.4733  1028.4712    34.0530    34.0504    8.26294         25 0.0000e+00
    229.000    226.505    -0.9207  27.658544    -0.9180  27.658867     5.1867     5.2544    -0.0209    95.4801 1.0000e-12  -74.17536 -113.34424  27.432112      99.86 2.6620e+02    260.461       6252  1028.4787  1028.4765    34.0541    34.0515    8.26147         25 0.0000e+00
    230.000    227.493    -0.9074  27.671936    -0.9054  27.671393     5.1724     5.2449    -0.0156    95.4503 1.0000e-12  -74.17536 -113.34424  27.432124      82.98 2.6620e+02    261.499       6277  1028.4847  1028.4823    34.0566    34.0536    8.25839         25 0.0000e+00
    231.000    228.482    -0.8928  27.686296    -0.8908  27.686134     5.1576     5.2261    -0.0086    95.4704 1.0000e-12  -74.17536 -113.34424  27.432136      99.33 2.6620e+02    262.555       6302  1028.4906  1028.4885    34.0590    34.0565    8.25506         26 0.0000e+00
    232.000    229.469    -0.8820  27.697272    -0.8818  27.695329     5.1358     5.2078    -0.0176    95.4607 1.0000e-12  -74.17536 -113.34424  27.432148      99.86 2.6620e+02    263.610       6328  1028.4966  1028.4942    34.0611    34.0582    8.25257         25 0.0000e+00
    233.000    230.460    -0.8694  27.710247    -0.8658  27.710945     5.1199     5.1875    -0.0162    95.4575 1.0000e-12  -74.17536 -113.34424  27.432160      99.86 2.6620e+02    264.660       6353  1028.5028  1028.5001    34.0639    34.0607    8.24965         25 0.0000e+00
    234.000    231.446    -0.8484  27.729911    -0.8467  27.729329     5.1045     5.1734    -0.0197    95.4728 1.0000e-12  -74.17536 -113.34424  27.432173      99.86 2.6620e+02    265.704       6378  1028.5082  1028.5060    34.0662    34.0634    8.24491         25 0.0000e+00
    235.000    232.436    -0.8393  27.739803    -0.8365  27.739850     5.0889     5.1660    -0.0221    95.4690 1.0000e-12  -74.17536 -113.34424  27.432184      99.86 2.6620e+02    266.736       6403  1028.5147  1028.5120    34.0687    34.0657    8.24277         24 0.0000e+00
    236.000    233.423    -0.8254  27.753416    -0.8234  27.752953     5.0901     5.1568    -0.0141    95.4574 1.0000e-12  -74.17536 -113.34424  27.432196      99.87 2.6620e+02    267.757       6427  1028.5204  1028.5180    34.0708    34.0680    8.23960         25 0.0000e+00
    237.000    234.413    -0.8181  27.761884    -0.8166  27.760958     5.0864     5.1587    -0.0142    95.4554 1.0000e-12  -74.17536 -113.34424  27.432208      99.87 2.6620e+02    268.785       6452  1028.5271  1028.5246    34.0735    34.0705    8.23786         25 0.0000e+00
    238.000    235.402    -0.8140  27.767110    -0.8123  27.766524     5.0757     5.1539    -0.0162    95.4544 1.0000e-12  -74.17536 -113.34424  27.432220      99.87 2.6620e+02    269.830       6477  1028.5333  1028.5311    34.0753    34.0726    8.23686         25 0.0000e+00
    239.000    236.390    -0.8115  27.769920    -0.8110  27.768077     5.0428     5.1212    -0.0121    95.4347 1.0000e-12  -74.17536 -113.34424  27.432232      99.86 2.6589e+02    270.883       6502  1028.5384  1028.5360    34.0756    34.0726    8.23628         25 0.0000e+00
    240.000    237.378    -0.7945  27.785883    -0.7918  27.785692     5.0029     5.0814    -0.0196    95.4270 1.0000e-12  -74.17536 -113.34424  27.432245      99.86 2.6600e+02    271.939       6528  1028.5437  1028.5408    34.0774    34.0742    8.23246         26 0.0000e+00
