ocean_section_plots/required_files/ctd/dnbp2202_ctd036.cnv
* Sea-Bird SBE 9 Data File:
* FileName = D:\Data\raw\NBP2202_CTD036.hex
* Software Version Seasave V 7.26.7.121
* Temperature SN = 1649
* Conductivity SN = 2513
* Number of Bytes Per Scan = 40
* Number of Voltage Words = 5
* Number of Scans Averaged by the Deck Unit = 1
* NMEA Latitude = 74 08.81 S
* NMEA Longitude = 113 26.40 W
* NMEA UTC (Time) = Jan 22 2022  14:44:46
* NMEA baud rate = 9600
** Ship: RVIB N.B. Palmer
** Cruise: NBP2202 Thwaites
** Station: Tow-Yo #2
** Operator: B Bjork
# nquan = 25
# nvalues = 310                         
# units = specified
# name 0 = prDM: Pressure, Digiquartz [db]
# name 1 = depSM: Depth [salt water, m]
# name 2 = t090C: Temperature [ITS-90, deg C]
# name 3 = c0mS/cm: Conductivity [mS/cm]
# name 4 = t190C: Temperature, 2 [ITS-90, deg C]
# name 5 = c1mS/cm: Conductivity, 2 [mS/cm]
# name 6 = sbeox0ML/L: Oxygen, SBE 43 [ml/l]
# name 7 = sbeox1ML/L: Oxygen, SBE 43, 2 [ml/l]
# name 8 = flECO-AFL: Fluorescence, WET Labs ECO-AFL/FL [mg/m^3]
# name 9 = CStarTr0: Beam Transmission, WET Labs C-Star [%]
# name 10 = par: PAR/Irradiance, Biospherical/Licor
# name 11 = latitude: Latitude [deg]
# name 12 = longitude: Longitude [deg]
# name 13 = timeJ: Julian Days
# name 14 = altM: Altimeter [m]
# name 15 = spar: SPAR, Biospherical/Licor
# name 16 = timeS: Time, Elapsed [seconds]
# name 17 = scan: Scan Count
# name 18 = density00: Density [density, kg/m^3]
# name 19 = density11: Density, 2 [density, kg/m^3]
# name 20 = sal00: Salinity, Practical [PSU]
# name 21 = sal11: Salinity, Practical, 2 [PSU]
# name 22 = oxsolML/L: Oxygen Saturation, Garcia & Gordon [ml/l]
# name 23 = nbin: number of scans per bin
# name 24 = flag: flag
# span 0 =     10.000,    319.000       
# span 1 =      9.897,    315.451       
# span 2 =    -1.4288,    -0.4181       
# span 3 =  27.041888,  28.224249       
# span 4 =    -1.4271,    -0.4166       
# span 5 =  27.042201,  28.223436       
# span 6 =     4.9028,     8.7260       
# span 7 =     5.1882,     9.2330       
# span 8 =    -0.0171,    20.9053       
# span 9 =    71.2381,    97.1210       
# span 10 = 1.0000e-12, 2.2207e+01      
# span 11 =  -74.14700,  -74.14698      
# span 12 = -113.43933, -113.42617      
# span 13 =  22.614837,  22.621745      
# span 14 =      11.15,     100.01      
# span 15 = 9.4138e+02, 9.8815e+02      
# span 16 =     35.930,    632.766      
# span 17 =        863,      15187      
# span 18 =  1027.2100,  1028.9980      
# span 19 =  1027.2083,  1028.9958      
# span 20 =    33.7771,    34.1963      
# span 21 =    33.7750,    34.1935      
# span 22 =    8.14418,    8.38522      
# span 23 =         20,         48      
# span 24 = 0.0000e+00, 0.0000e+00      
# interval = decibars: 1                
# start_time = Jan 22 2022 14:44:46 [NMEA time, header]
# bad_flag = -9.990e-29
*END*
     10.000      9.897    -0.9940  27.294708    -0.9927  27.294340     8.7054     8.9070    20.1563    72.7559 2.2207e+01  -74.14698 -113.43933  22.614837      99.98 9.4138e+02     35.930        863  1027.2100  1027.2083    33.7771    33.7751    8.29384         20 0.0000e+00
     11.000     10.885    -0.9935  27.295959    -0.9920  27.295440     8.7156     8.9569    20.0375    72.7270 1.6703e+01  -74.14698 -113.43929  22.614860      99.98 9.4138e+02     37.908        911  1027.2151  1027.2132    33.7775    33.7753    8.29368         32 0.0000e+00
     12.000     11.876    -0.9931  27.296697    -0.9919  27.296097     8.7160     9.0060    19.6078    72.4470 1.2806e+01  -74.14698 -113.43925  22.614884      99.99 9.4138e+02     40.007        961  1027.2199  1027.2181    33.7776    33.7753    8.29361         44 0.0000e+00
     13.000     12.866    -0.9933  27.296802    -0.9921  27.296239     8.7223     9.0465    19.6482    72.3781 9.8435e+00  -74.14698 -113.43919  22.614909      99.98 9.4138e+02     42.124       1012  1027.2246  1027.2228    33.7773    33.7752    8.29367         38 0.0000e+00
     14.000     13.855    -0.9938  27.296719    -0.9929  27.295878     8.7260     9.0805    20.5752    71.2381 7.5178e+00  -74.14698 -113.43914  22.614933      98.52 9.4138e+02     44.202       1062  1027.2293  1027.2275    33.7771    33.7750    8.29379         41 0.0000e+00
     15.000     14.844    -0.9948  27.296463    -0.9935  27.295934     8.6974     9.0935    20.9053    71.7426 5.7633e+00  -74.14698 -113.43910  22.614957     100.01 9.4138e+02     46.313       1113  1027.2342  1027.2324    33.7773    33.7751    8.29400         45 0.0000e+00
     16.000     15.833    -0.9945  27.297912    -0.9933  27.297235     8.6520     9.0887    20.4044    72.2112 4.4850e+00  -74.14698 -113.43906  22.614981      99.98 9.4138e+02     48.370       1162  1027.2399  1027.2380    33.7783    33.7761    8.29388         39 0.0000e+00
     17.000     16.823    -0.9948  27.298513    -0.9934  27.297959     8.6622     9.1069    19.4113    72.5206 3.5264e+00  -74.14698 -113.43901  22.615005      99.98 9.4138e+02     50.427       1211  1027.2451  1027.2432    33.7788    33.7765    8.29391         36 0.0000e+00
     18.000     17.814    -0.9947  27.299076    -0.9934  27.298435     8.6729     9.1464    18.6766    71.8115 2.7712e+00  -74.14698 -113.43896  22.615028      99.98 9.4193e+02     52.408       1259  1027.2499  1027.2480    33.7788    33.7765    8.29388         37 0.0000e+00
     19.000     18.803    -0.9945  27.299438    -0.9931  27.298923     8.7108     9.2058    20.1584    72.3567 2.1590e+00  -74.14698 -113.43892  22.615051      99.99 9.4200e+02     54.442       1308  1027.2544  1027.2525    33.7784    33.7762    8.29385         38 0.0000e+00
     20.000     19.792    -0.9934  27.299998    -0.9920  27.299536     8.7173     9.2330    19.6470    72.1450 1.7290e+00  -74.14698 -113.43887  22.615076      93.93 9.4140e+02     56.563       1359  1027.2583  1027.2564    33.7774    33.7752    8.29368         34 0.0000e+00
     21.000     20.783    -0.9936  27.300386    -0.9922  27.299937     8.6821     9.2095    20.5411    72.2424 1.3507e+00  -74.14698 -113.43883  22.615099      99.07 9.4138e+02     58.561       1406  1027.2632  1027.2614    33.7776    33.7754    8.29372         36 0.0000e+00
     22.000     21.774    -0.9946  27.300898    -0.9933  27.300332     8.6658     9.2043    19.9031    72.6439 1.0532e+00  -74.14698 -113.43877  22.615123     100.00 9.4138e+02     60.614       1456  1027.2690  1027.2672    33.7787    33.7765    8.29386         32 0.0000e+00
     23.000     22.760    -0.9949  27.300976    -0.9935  27.300522     8.6639     9.2047    19.4405    72.6586 8.3296e-01  -74.14698 -113.43873  22.615147      99.98 9.4147e+02     62.687       1505  1027.2737  1027.2719    33.7786    33.7764    8.29394         41 0.0000e+00
     24.000     23.750    -0.9952  27.301248    -0.9940  27.300694     8.6524     9.1967    18.7716    71.8806 6.5323e-01  -74.14698 -113.43869  22.615169      99.97 9.4155e+02     64.589       1551  1027.2786  1027.2769    33.7787    33.7766    8.29401         41 0.0000e+00
     25.000     24.739    -0.9955  27.301782    -0.9941  27.301344     8.6522     9.1995    17.9864    71.9622 5.0974e-01  -74.14698 -113.43865  22.615192      99.97 9.4179e+02     66.594       1599  1027.2838  1027.2820    33.7791    33.7769    8.29405         42 0.0000e+00
     26.000     25.728    -0.9954  27.302288    -0.9941  27.301791     8.6460     9.1924    18.1314    72.8353 3.9622e-01  -74.14698 -113.43861  22.615215      99.98 9.4169e+02     68.555       1646  1027.2885  1027.2867    33.7790    33.7769    8.29402         45 0.0000e+00
     27.000     26.719    -0.9963  27.302268    -0.9951  27.301735     8.6274     9.1774    18.1087    72.6721 3.0803e-01  -74.14698 -113.43857  22.615239      98.67 9.4285e+02     70.635       1696  1027.2937  1027.2919    33.7794    33.7773    8.29421         39 0.0000e+00
     28.000     27.709    -0.9971  27.302378    -0.9957  27.301912     8.6413     9.1885    17.8871    73.3083 2.3530e-01  -74.14698 -113.43854  22.615261      99.89 9.4321e+02     72.505       1741  1027.2989  1027.2970    33.7798    33.7777    8.29436         37 0.0000e+00
     29.000     28.698    -0.9958  27.303473    -0.9945  27.302976     8.6534     9.2093    18.2055    72.6827 1.7625e-01  -74.14698 -113.43849  22.615284      99.88 9.4449e+02     74.568       1791  1027.3031  1027.3013    33.7792    33.7771    8.29410         42 0.0000e+00
     30.000     29.687    -0.9955  27.304179    -0.9941  27.303619     8.6519     9.2039    18.2266    73.1912 1.3069e-01  -74.14698 -113.43844  22.615307      99.93 9.4497e+02     76.487       1837  1027.3078  1027.3059    33.7792    33.7769    8.29403         38 0.0000e+00
     31.000     30.678    -0.9956  27.304556    -0.9945  27.303966     8.6420     9.1977    18.5058    73.1987 9.4173e-02  -74.14698 -113.43839  22.615332      99.96 9.4663e+02     78.708       1890  1027.3126  1027.3109    33.7792    33.7772    8.29405         36 0.0000e+00
     32.000     31.667    -0.9959  27.304830    -0.9948  27.304280     8.6417     9.1970    18.0279    73.1201 6.4207e-02  -74.14698 -113.43834  22.615359      99.93 9.4680e+02     81.017       1945  1027.3176  1027.3159    33.7794    33.7774    8.29413         43 0.0000e+00
     33.000     32.658    -0.9958  27.305385    -0.9943  27.304915     8.6533     9.2188    17.7373    72.4412 4.1035e-02  -74.14698 -113.43829  22.615389      99.96 9.4804e+02     83.594       2007  1027.3224  1027.3205    33.7794    33.7771    8.29410         29 0.0000e+00
     34.000     33.649    -0.9953  27.306166    -0.9940  27.305629     8.6581     9.2152    17.9062    72.5964 2.2205e-02  -74.14698 -113.43823  22.615416      99.94 9.4842e+02     85.955       2064  1027.3270  1027.3251    33.7793    33.7770    8.29399         25 0.0000e+00
     35.000     34.637    -0.9949  27.306714    -0.9936  27.306239     8.6509     9.2120    17.6658    72.7457 6.9998e-03  -74.14698 -113.43817  22.615445      99.93 9.4843e+02     88.475       2124  1027.3316  1027.3298    33.7790    33.7768    8.29393         35 0.0000e+00
     36.000     35.623    -0.9950  27.307102    -0.9940  27.306561     8.6493     9.2033    17.5190    72.8587 2.8028e-04  -74.14698 -113.43812  22.615474      99.93 9.4860e+02     90.957       2184  1027.3365  1027.3348    33.7790    33.7770    8.29395         35 0.0000e+00
     37.000     36.614    -0.9954  27.307475    -0.9942  27.306865     8.6415     9.2047    17.8428    72.5652 1.0000e-12  -74.14698 -113.43806  22.615501      99.95 9.5009e+02     93.323       2241  1027.3415  1027.3397    33.7793    33.7771    8.29402         40 0.0000e+00
     38.000     37.603    -0.9960  27.307660    -0.9947  27.307181     8.6378     9.2039    17.3401    72.5278 1.0000e-12  -74.14698 -113.43801  22.615529      99.26 9.5019e+02     95.728       2298  1027.3466  1027.3448    33.7796    33.7774    8.29412         48 0.0000e+00
     39.000     38.591    -0.9958  27.308220    -0.9945  27.307674     8.6333     9.1956    17.1684    73.3352 1.0000e-12  -74.14698 -113.43796  22.615557      99.56 9.5084e+02     98.100       2355  1027.3513  1027.3495    33.7795    33.7773    8.29408         42 0.0000e+00
     40.000     39.583    -0.9958  27.308630    -0.9946  27.308105     8.6350     9.1983    16.9855    72.7414 1.0000e-12  -74.14698 -113.43790  22.615584      99.92 9.5162e+02    100.498       2413  1027.3561  1027.3544    33.7795    33.7774    8.29410         34 0.0000e+00
     41.000     40.566    -0.9961  27.308999    -0.9949  27.308412     8.6270     9.1932    16.9920    73.1822 1.0000e-12  -74.14698 -113.43784  22.615612      99.92 9.5360e+02    102.917       2471  1027.3611  1027.3592    33.7797    33.7775    8.29415         24 0.0000e+00
     42.000     41.562    -0.9962  27.309409    -0.9949  27.308901     8.6310     9.1957    17.5162    73.1935 1.0000e-12  -74.14698 -113.43779  22.615642      99.99 9.5372e+02    105.509       2533  1027.3658  1027.3641    33.7797    33.7776    8.29416         33 0.0000e+00
     43.000     42.552    -0.9961  27.309930    -0.9949  27.309305     8.6345     9.1867    18.1939    72.8102 1.0000e-12  -74.14698 -113.43773  22.615670      99.90 9.5372e+02    107.861       2590  1027.3706  1027.3688    33.7797    33.7775    8.29415         27 0.0000e+00
     44.000     43.545    -0.9962  27.310280    -0.9949  27.309828     8.6333     9.1947    17.6133    73.3682 1.0000e-12  -74.14698 -113.43768  22.615699      96.61 9.5372e+02    110.386       2650  1027.3755  1027.3737    33.7797    33.7776    8.29417         30 0.0000e+00
     45.000     44.531    -0.9963  27.310756    -0.9949  27.310318     8.6267     9.1891    17.5127    72.9581 1.0000e-12  -74.14698 -113.43761  22.615728      99.93 9.5372e+02    112.932       2711  1027.3803  1027.3785    33.7797    33.7776    8.29418         29 0.0000e+00
     46.000     45.519    -0.9970  27.310886    -0.9957  27.310389     8.6044     9.1638    17.4030    72.4242 1.0000e-12  -74.14698 -113.43756  22.615758      99.97 9.5361e+02    115.529       2774  1027.3855  1027.3836    33.7802    33.7779    8.29432         38 0.0000e+00
     47.000     46.510    -0.9996  27.310020    -0.9980  27.309684     8.5754     9.1387    18.3486    73.1540 1.0000e-12  -74.14698 -113.43751  22.615787      99.97 9.5101e+02    117.964       2832  1027.3913  1027.3895    33.7812    33.7790    8.29482         27 0.0000e+00
     48.000     47.495    -1.0006  27.309972    -0.9994  27.309489     8.5353     9.0933    16.9986    72.4890 1.0000e-12  -74.14698 -113.43744  22.615817      99.97 9.5040e+02    120.554       2894  1027.3966  1027.3948    33.7817    33.7797    8.29502         33 0.0000e+00
     49.000     48.490    -1.0074  27.306119    -1.0066  27.305447     8.3732     8.9232    17.7316    73.3580 1.0000e-12  -74.14698 -113.43739  22.615842      96.78 9.5025e+02    122.757       2947  1027.4032  1027.4017    33.7834    33.7817    8.29642         32 0.0000e+00
     50.000     49.481    -1.0305  27.291858    -1.0312  27.290533     8.0251     8.5897    17.6310    73.4820 1.0000e-12  -74.14698 -113.43735  22.615868      99.70 9.5074e+02    124.981       3001  1027.4141  1027.4135    33.7894    33.7884    8.30118         31 0.0000e+00
     51.000     50.466    -1.0602  27.274057    -1.0593  27.273598     7.8500     8.4028    15.7499    73.9808 1.0000e-12  -74.14698 -113.43730  22.615895      99.76 9.5069e+02    127.306       3056  1027.4275  1027.4261    33.7979    33.7964    8.30726         39 0.0000e+00
     52.000     51.456    -1.0744  27.265552    -1.0739  27.264777     7.7679     8.3133    14.7221    75.1783 1.0000e-12  -74.14698 -113.43724  22.615922      99.57 9.5108e+02    129.669       3113  1027.4359  1027.4345    33.8017    33.8000    8.31018         38 0.0000e+00
     53.000     52.450    -1.0816  27.261286    -1.0789  27.262096     7.6891     8.2226    14.2831    76.2931 1.0000e-12  -74.14698 -113.43720  22.615949      99.66 9.5226e+02    131.984       3169  1027.4421  1027.4404    33.8034    33.8014    8.31168         36 0.0000e+00
     54.000     53.434    -1.1020  27.247697    -1.0995  27.248312     7.5641     8.0786    13.6002    76.6989 1.0000e-12  -74.14698 -113.43714  22.615977      99.53 9.5164e+02    134.456       3228  1027.4509  1027.4492    33.8072    33.8052    8.31598         37 0.0000e+00
     55.000     54.425    -1.1201  27.234525    -1.1186  27.234535     7.4768     7.9686    13.3595    77.0019 1.0000e-12  -74.14698 -113.43710  22.616006      99.52 9.5054e+02    136.897       3287  1027.4580  1027.4564    33.8090    33.8072    8.31990         32 0.0000e+00
     56.000     55.417    -1.1425  27.217183    -1.1416  27.216662     7.4554     7.9363    12.5797    77.4922 1.0000e-12  -74.14698 -113.43704  22.616032      99.33 9.5220e+02    139.147       3341  1027.4644  1027.4630    33.8098    33.8081    8.32482         39 0.0000e+00
     57.000     56.406    -1.1431  27.216978    -1.1432  27.215757     7.4493     7.9311    12.0858    78.8685 1.0000e-12  -74.14698 -113.43698  22.616059      99.37 9.5328e+02    141.502       3397  1027.4687  1027.4675    33.8097    33.8081    8.32497         34 0.0000e+00
     58.000     57.393    -1.1458  27.215596    -1.1422  27.217027     7.4429     7.9208    11.7159    78.5349 1.0000e-12  -74.14698 -113.43693  22.616086      99.37 9.5374e+02    143.789       3452  1027.4738  1027.4719    33.8102    33.8081    8.32554         42 0.0000e+00
     59.000     58.379    -1.1487  27.213764    -1.1474  27.213520     7.4308     7.9032    12.1378    79.4858 1.0000e-12  -74.14698 -113.43688  22.616112      99.37 9.5490e+02    146.082       3507  1027.4787  1027.4771    33.8104    33.8085    8.32618         33 0.0000e+00
     60.000     59.371    -1.1498  27.213517    -1.1487  27.213002     7.4208     7.8958    11.5879    80.2404 1.0000e-12  -74.14698 -113.43683  22.616138      95.30 9.5549e+02    148.352       3561  1027.4835  1027.4819    33.8106    33.8087    8.32641         37 0.0000e+00
     61.000     60.358    -1.1532  27.211141    -1.1534  27.209866     7.3581     7.8325    12.2404    79.5946 1.0000e-12  -74.14698 -113.43677  22.616168      99.24 9.5548e+02    150.901       3623  1027.4884  1027.4872    33.8106    33.8091    8.32717         31 0.0000e+00
     62.000     61.352    -1.1649  27.203003    -1.1636  27.202837     7.2320     7.6970    11.6448    79.1997 1.0000e-12  -74.14698 -113.43672  22.616195      99.33 9.5548e+02    153.251       3679  1027.4950  1027.4935    33.8121    33.8103    8.32969         26 0.0000e+00
     63.000     62.343    -1.1952  27.181764    -1.1949  27.181066     7.0922     7.5698    11.5466    80.1830 1.0000e-12  -74.14698 -113.43666  22.616222      99.36 9.5651e+02    155.615       3736  1027.5049  1027.5040    33.8165    33.8152    8.33616         36 0.0000e+00
     64.000     63.329    -1.2058  27.174751    -1.2043  27.174622     7.0688     7.5362     9.6214    80.0877 1.0000e-12  -74.14698 -113.43662  22.616244      99.43 9.5549e+02    157.503       3781  1027.5115  1027.5100    33.8182    33.8164    8.33842         37 0.0000e+00
     65.000     64.317    -1.2093  27.172951    -1.2074  27.173115     7.0585     7.5114     9.8365    82.0185 1.0000e-12  -74.14698 -113.43658  22.616265      99.37 9.5548e+02    159.279       3824  1027.5170  1027.5154    33.8191    33.8172    8.33916         38 0.0000e+00
     66.000     65.307    -1.2115  27.172015    -1.2105  27.171536     7.0052     7.4473    10.3494    82.7354 1.0000e-12  -74.14698 -113.43652  22.616286      92.21 9.5723e+02    161.106       3868  1027.5222  1027.5208    33.8197    33.8180    8.33961         44 0.0000e+00
