ocean_section_plots/required_files/ctd/dnbp2202_ctd130.cnv
* Sea-Bird SBE 9 Data File:
* FileName = D:\Data\raw\NBP2202_CTD130.hex
* Software Version Seasave V 7.26.7.121
* Temperature SN = 1649
* Conductivity SN = 2513
* Number of Bytes Per Scan = 40
* Number of Voltage Words = 5
* Number of Scans Averaged by the Deck Unit = 1
* NMEA Latitude = 74 06.03 S
* NMEA Longitude = 112 01.87 W
* NMEA UTC (Time) = Jan 28 2022  00:59:49
* NMEA baud rate = 9600
** Ship: RVIB N.B. Palmer
** Cruise: NBP2202 Thwaites
** Station: 59
** Operator: A. Robinson
# nquan = 25
# nvalues = 651                         
# units = specified
# name 0 = prDM: Pressure, Digiquartz [db]
# name 1 = depSM: Depth [salt water, m]
# name 2 = t090C: Temperature [ITS-90, deg C]
# name 3 = c0mS/cm: Conductivity [mS/cm]
# name 4 = t190C: Temperature, 2 [ITS-90, deg C]
# name 5 = c1mS/cm: Conductivity, 2 [mS/cm]
# name 6 = sbeox0ML/L: Oxygen, SBE 43 [ml/l]
# name 7 = sbeox1ML/L: Oxygen, SBE 43, 2 [ml/l]
# name 8 = flECO-AFL: Fluorescence, WET Labs ECO-AFL/FL [mg/m^3]
# name 9 = CStarTr0: Beam Transmission, WET Labs C-Star [%]
# name 10 = par: PAR/Irradiance, Biospherical/Licor
# name 11 = latitude: Latitude [deg]
# name 12 = longitude: Longitude [deg]
# name 13 = timeJ: Julian Days
# name 14 = altM: Altimeter [m]
# name 15 = spar: SPAR, Biospherical/Licor
# name 16 = timeS: Time, Elapsed [seconds]
# name 17 = scan: Scan Count
# name 18 = density00: Density [density, kg/m^3]
# name 19 = density11: Density, 2 [density, kg/m^3]
# name 20 = sal00: Salinity, Practical [PSU]
# name 21 = sal11: Salinity, Practical, 2 [PSU]
# name 22 = oxsolML/L: Oxygen Saturation, Garcia & Gordon [ml/l]
# name 23 = nbin: number of scans per bin
# name 24 = flag: flag
# span 0 =      2.000,    652.000       
# span 1 =      1.982,    644.242       
# span 2 =    -1.5197,     0.3865       
# span 3 =  27.052920,  29.298052       
# span 4 =    -1.5193,     0.3889       
# span 5 =  27.052817,  29.298021       
# span 6 =     4.6471,     8.8098       
# span 7 =     4.7394,     9.0415       
# span 8 =    -0.0022,    26.8782       
# span 9 =    68.3410,    94.7702       
# span 10 = -1.769e-04, 2.4642e+02      
# span 11 =  -74.10066,  -74.10064      
# span 12 = -112.03128, -112.03124      
# span 13 =  28.046312,  28.057395      
# span 14 =       3.46,     100.62      
# span 15 = 3.9918e+02, 4.7605e+02      
# span 16 =    412.313,   1369.971      
# span 17 =       9897,      32880      
# span 18 =  1027.1953,  1030.7748      
# span 19 =  1027.1945,  1030.7726      
# span 20 =    33.8165,    34.5189      
# span 21 =    33.8162,    34.5162      
# span 22 =    7.95681,    8.40004      
# span 23 =         20,         50      
# span 24 = 0.0000e+00, 0.0000e+00      
# interval = decibars: 1                
# start_time = Jan 28 2022 00:59:49 [NMEA time, header]
# bad_flag = -9.990e-29
*END*
[from data line 406]
    408.000    403.381    -0.3282  28.414450    -0.3257  28.414309     5.0699     5.1723     0.0173    94.6442 1.0000e-12  -74.10064 -112.03124  28.052449      99.86 4.1069e+02    942.549      22622  1029.4939  1029.4914    34.2953    34.2923    8.11928         32 0.0000e+00
    409.000    404.368    -0.3290  28.414314    -0.3268  28.414005     5.0730     5.1757     0.0141    94.6245 1.0000e-12  -74.10064 -112.03124  28.052464      99.86 4.1064e+02    943.885      22654  1029.4990  1029.4966    34.2954    34.2926    8.11944         32 0.0000e+00
    410.000    405.357    -0.3295  28.414411    -0.3276  28.413913     5.0755     5.1817     0.0192    94.6418 1.0000e-12  -74.10064 -112.03124  28.052480      83.91 4.0946e+02    945.237      22687  1029.5040  1029.5016    34.2955    34.2927    8.11954         31 0.0000e+00
    411.000    406.345    -0.3331  28.412485    -0.3312  28.412127     5.0772     5.1888     0.0209    94.6412 1.0000e-12  -74.10064 -112.03124  28.052495      94.03 4.0984e+02    946.603      22719  1029.5098  1029.5076    34.2964    34.2938    8.12026         33 0.0000e+00
    412.000    407.331    -0.3355  28.411628    -0.3336  28.411243     5.0773     5.1883     0.0075    94.6425 1.0000e-12  -74.10064 -112.03124  28.052510      99.98 4.0977e+02    947.901      22751  1029.5156  1029.5134    34.2973    34.2947    8.12071         27 0.0000e+00
    413.000    408.320    -0.3350  28.412575    -0.3331  28.412110     5.0779     5.1828     0.0041    94.6217 1.0000e-12  -74.10064 -112.03124  28.052523      99.86 4.0882e+02    948.996      22777  1029.5204  1029.5181    34.2974    34.2947    8.12061         28 0.0000e+00
    414.000    409.308    -0.3346  28.413482    -0.3323  28.413213     5.0699     5.1804     0.0185    94.6038 1.0000e-12  -74.10064 -112.03124  28.052537      99.86 4.0857e+02    950.237      22807  1029.5253  1029.5228    34.2976    34.2947    8.12051         29 0.0000e+00
    415.000    410.294    -0.3257  28.423114    -0.3241  28.422259     5.0644     5.1659     0.0152    94.6304 1.0000e-12  -74.10064 -112.03124  28.052553      99.86 4.0813e+02    951.591      22839  1029.5312  1029.5286    34.2999    34.2969    8.11849         33 0.0000e+00
    416.000    411.282    -0.3102  28.438578    -0.3071  28.439006     5.0542     5.1576     0.0187    94.6045 1.0000e-12  -74.10064 -112.03124  28.052569      99.86 4.0738e+02    952.966      22872  1029.5367  1029.5341    34.3025    34.2995    8.11504         32 0.0000e+00
    417.000    412.270    -0.3035  28.445360    -0.3009  28.445474     5.0464     5.1469     0.0138    94.6423 1.0000e-12  -74.10064 -112.03124  28.052584      99.86 4.0723e+02    954.255      22903  1029.5418  1029.5393    34.3034    34.3006    8.11356         31 0.0000e+00
    418.000    413.258    -0.2992  28.449918    -0.2970  28.449603     5.0411     5.1471     0.0141    94.5975 1.0000e-12  -74.10064 -112.03124  28.052599      99.86 4.0805e+02    955.523      22934  1029.5467  1029.5443    34.3040    34.3011    8.11260         30 0.0000e+00
    419.000    414.245    -0.2993  28.450204    -0.2970  28.450108     5.0480     5.1542     0.0188    94.6425 1.0000e-12  -74.10064 -112.03125  28.052613      99.86 4.0734e+02    956.758      22963  1029.5516  1029.5492    34.3040    34.3012    8.11263         28 0.0000e+00
    420.000    415.234    -0.2992  28.450729    -0.2970  28.450589     5.0448     5.1461     0.0208    94.6445 1.0000e-12  -74.10064 -112.03125  28.052626      99.86 4.0718e+02    957.926      22991  1029.5564  1029.5541    34.3040    34.3012    8.11261         31 0.0000e+00
    421.000    416.220    -0.2937  28.456722    -0.2924  28.455440     5.0359     5.1426     0.0036    94.6250 1.0000e-12  -74.10064 -112.03126  28.052642      90.29 4.0723e+02    959.280      23024  1029.5616  1029.5591    34.3051    34.3019    8.11136         32 0.0000e+00
    422.000    417.208    -0.2904  28.460473    -0.2884  28.459780     5.0306     5.1344     0.0100    94.6247 1.0000e-12  -74.10064 -112.03125  28.052657      94.03 4.0683e+02    960.591      23055  1029.5669  1029.5642    34.3059    34.3027    8.11063         31 0.0000e+00
    423.000    418.196    -0.2836  28.467554    -0.2809  28.467746     5.0229     5.1268     0.0208    94.6461 1.0000e-12  -74.10064 -112.03125  28.052672      99.81 4.0643e+02    961.865      23086  1029.5720  1029.5696    34.3070    34.3043    8.10910         31 0.0000e+00
    424.000    419.184    -0.2752  28.476137    -0.2731  28.475767     5.0182     5.1247     0.0259    94.6168 1.0000e-12  -74.10064 -112.03125  28.052688      99.86 4.0702e+02    963.235      23119  1029.5772  1029.5749    34.3084    34.3056    8.10723         34 0.0000e+00
    425.000    420.172    -0.2701  28.481430    -0.2678  28.481308     5.0033     5.1096     0.0213    94.6035 1.0000e-12  -74.10066 -112.03125  28.052704      98.67 4.0603e+02    964.653      23153  1029.5823  1029.5800    34.3092    34.3065    8.10611         33 0.0000e+00
    426.000    421.159    -0.2574  28.494500    -0.2551  28.493867     4.9802     5.0892     0.0140    94.5993 1.0000e-12  -74.10066 -112.03125  28.052719      61.54 4.0540e+02    965.946      23184  1029.5881  1029.5852    34.3117    34.3083    8.10327         30 0.0000e+00
    427.000    422.146    -0.2331  28.518137    -0.2304  28.517863     4.9619     5.0723     0.0214    94.6268 1.0000e-12  -74.10066 -112.03126  28.052734      99.97 4.0552e+02    967.191      23214  1029.5937  1029.5909    34.3153    34.3119    8.09790         30 0.0000e+00
    428.000    423.134    -0.2184  28.532940    -0.2146  28.533794     4.9492     5.0593     0.0270    94.6149 1.0000e-12  -74.10066 -112.03124  28.052747      99.86 4.0546e+02    968.368      23242  1029.5995  1029.5967    34.3179    34.3147    8.09464         27 0.0000e+00
    429.000    424.122    -0.2011  28.550155    -0.1998  28.548554     4.9421     5.0524     0.0140    94.6414 1.0000e-12  -74.10066 -112.03125  28.052761      99.86 4.0546e+02    969.590      23271  1029.6053  1029.6024    34.3208    34.3172    8.09081         31 0.0000e+00
    430.000    425.109    -0.1929  28.558234    -0.1894  28.559197     4.9470     5.0504     0.0141    94.6267 1.0000e-12  -74.10066 -112.03125  28.052776      92.86 4.0546e+02    970.863      23302  1029.6103  1029.6080    34.3217    34.3191    8.08900         30 0.0000e+00
    431.000    426.097    -0.1969  28.554973    -0.1887  28.560418     4.9442     5.0451     0.0199    94.6271 1.0000e-12  -74.10066 -112.03125  28.052791      81.08 4.0519e+02    972.179      23333  1029.6154  1029.6132    34.3212    34.3193    8.08988         33 0.0000e+00
    432.000    427.085    -0.1947  28.557523    -0.1876  28.561707     4.9377     5.0450     0.0126    94.6121 1.0000e-12  -74.10066 -112.03125  28.052807      99.96 4.0409e+02    973.507      23365  1029.6204  1029.6179    34.3216    34.3192    8.08939         31 0.0000e+00
    433.000    428.072    -0.1874  28.564776    -0.1850  28.564573     4.9358     5.0420     0.0124    94.6058 1.0000e-12  -74.10066 -112.03125  28.052822      99.86 4.0414e+02    974.826      23397  1029.6254  1029.6229    34.3224    34.3195    8.08780         32 0.0000e+00
    434.000    429.060    -0.1817  28.570612    -0.1801  28.569670     4.9377     5.0384     0.0251    94.5921 1.0000e-12  -74.10066 -112.03124  28.052837      99.85 4.0370e+02    976.154      23429  1029.6305  1029.6280    34.3232    34.3202    8.08655         32 0.0000e+00
    435.000    430.047    -0.1798  28.572776    -0.1775  28.572684     4.9325     5.0319     0.0214    94.5897 1.0000e-12  -74.10066 -112.03125  28.052853      99.86 4.0370e+02    977.483      23461  1029.6353  1029.6330    34.3234    34.3206    8.08614         32 0.0000e+00
    436.000    431.036    -0.1772  28.575794    -0.1739  28.576464     4.9279     5.0327     0.0153    94.5865 1.0000e-12  -74.10066 -112.03125  28.052868      99.85 4.0370e+02    978.787      23492  1029.6404  1029.6379    34.3239    34.3211    8.08556         31 0.0000e+00
    437.000    432.022    -0.1756  28.577738    -0.1719  28.578852     4.9249     5.0303     0.0212    94.5776 1.0000e-12  -74.10066 -112.03124  28.052883      99.86 4.0370e+02    980.115      23524  1029.6453  1029.6429    34.3241    34.3214    8.08521         32 0.0000e+00
    438.000    433.010    -0.1743  28.579330    -0.1728  28.578476     4.9194     5.0240     0.0190    94.5992 1.0000e-12  -74.10066 -112.03126  28.052899      99.86 4.0370e+02    981.434      23555  1029.6501  1029.6477    34.3241    34.3213    8.08493         31 0.0000e+00
    439.000    433.998    -0.1672  28.586785    -0.1645  28.586741     4.9179     5.0230     0.0048    94.5953 1.0000e-12  -74.10066 -112.03126  28.052913      99.85 4.0370e+02    982.698      23586  1029.6553  1029.6527    34.3255    34.3224    8.08335         29 0.0000e+00
    440.000    434.986    -0.1636  28.590645    -0.1611  28.590666     4.9040     5.0117     0.0075    94.6094 1.0000e-12  -74.10066 -112.03126  28.052928      99.86 4.0370e+02    983.943      23616  1029.6602  1029.6579    34.3259    34.3232    8.08256         28 0.0000e+00
    441.000    435.972    -0.1541  28.600763    -0.1507  28.601126     4.8960     4.9994     0.0087    94.5956 1.0000e-12  -74.10066 -112.03126  28.052941      86.01 4.0370e+02    985.095      23643  1029.6660  1029.6631    34.3281    34.3248    8.08043         28 0.0000e+00
    442.000    436.961    -0.1395  28.615248    -0.1363  28.615625     4.8941     4.9983     0.0174    94.5645 1.0000e-12  -74.10066 -112.03126  28.052955      96.53 4.0370e+02    986.348      23673  1029.6713  1029.6687    34.3303    34.3273    8.07720         31 0.0000e+00
    443.000    437.948    -0.1349  28.620112    -0.1317  28.620665     4.8845     4.9965     0.0228    94.5707 1.0000e-12  -74.10066 -112.03126  28.052970      99.88 4.0370e+02    987.636      23704  1029.6764  1029.6740    34.3311    34.3283    8.07619         31 0.0000e+00
    444.000    438.935    -0.1345  28.620900    -0.1323  28.620504     4.8889     4.9937     0.0379    94.5545 1.0000e-12  -74.10066 -112.03126  28.052986      99.86 4.0370e+02    988.965      23736  1029.6813  1029.6788    34.3311    34.3282    8.07611         33 0.0000e+00
    445.000    439.923    -0.1305  28.625275    -0.1265  28.626496     4.8914     4.9867     0.0186    94.5785 1.0000e-12  -74.10066 -112.03126  28.053001      99.86 4.0370e+02    990.261      23767  1029.6864  1029.6838    34.3318    34.3290    8.07522         30 0.0000e+00
    446.000    440.910    -0.1296  28.626498    -0.1256  28.628001     4.8906     4.9915     0.0183    94.5780 1.0000e-12  -74.10066 -112.03126  28.053016      99.86 4.0370e+02    991.581      23799  1029.6912  1029.6889    34.3318    34.3294    8.07503         33 0.0000e+00
    447.000    441.898    -0.1294  28.626939    -0.1276  28.626361     4.8946     4.9924     0.0216    94.5391 1.0000e-12  -74.10066 -112.03126  28.053032      99.86 4.0354e+02    992.934      23831  1029.6959  1029.6936    34.3316    34.3289    8.07501         32 0.0000e+00
    448.000    442.886    -0.1292  28.627598    -0.1267  28.627756     4.8894     4.9806     0.0141    94.5675 1.0000e-12  -74.10066 -112.03126  28.053047      99.86 4.0317e+02    994.227      23862  1029.7007  1029.6985    34.3316    34.3291    8.07496         30 0.0000e+00
    449.000    443.873    -0.1273  28.629989    -0.1244  28.630300     4.8833     4.9865     0.0082    94.5529 1.0000e-12  -74.10066 -112.03126  28.053062      99.86 4.0263e+02    995.550      23894  1029.7057  1029.7033    34.3321    34.3293    8.07453         33 0.0000e+00
    450.000    444.860    -0.1219  28.635852    -0.1198  28.635463     4.8829     4.9830     0.0144    94.5465 1.0000e-12  -74.10066 -112.03126  28.053077      91.41 4.0130e+02    996.892      23926  1029.7109  1029.7085    34.3332    34.3303    8.07332         31 0.0000e+00
    451.000    445.848    -0.1219  28.636195    -0.1172  28.638658     4.8789     4.9767     0.0221    94.5547 1.0000e-12  -74.10066 -112.03126  28.053092      80.55 4.0029e+02    998.149      23957  1029.7157  1029.7137    34.3331    34.3311    8.07334         30 0.0000e+00
    452.000    446.835    -0.1127  28.647160    -0.1057  28.650848     4.8672     4.9692     0.0184    94.5616 1.0000e-12  -74.10066 -112.03126  28.053107      62.85 4.0028e+02    999.438      23988  1029.7225  1029.7197    34.3367    34.3338    8.07118         32 0.0000e+00
    453.000    447.823    -0.0959  28.664975    -0.0935  28.664607     4.8657     4.9628     0.0330    94.5582 1.0000e-12  -74.10066 -112.03126  28.053122     100.62 4.0017e+02   1000.777      24020  1029.7292  1029.7266    34.3409    34.3378    8.06739         31 0.0000e+00
    454.000    448.811    -0.0941  28.667445    -0.0923  28.667142     4.8690     4.9699     0.0156    94.5373 1.0000e-12  -74.10066 -112.03126  28.053137      99.86 4.0017e+02   1002.053      24050  1029.7345  1029.7324    34.3416    34.3391    8.06699         31 0.0000e+00
    455.000    449.798    -0.0953  28.667246    -0.0929  28.667135     4.8742     4.9749     0.0152    94.5631 1.0000e-12  -74.10066 -112.03126  28.053152      99.86 4.0017e+02   1003.352      24081  1029.7398  1029.7375    34.3420    34.3393    8.06720         32 0.0000e+00
    456.000    450.785    -0.0993  28.664242    -0.0973  28.664067     4.8776     4.9723     0.0103    94.5761 1.0000e-12  -74.10066 -112.03126  28.053168      99.85 4.0017e+02   1004.697      24114  1029.7450  1029.7429    34.3420    34.3396    8.06807         32 0.0000e+00
    457.000    451.773    -0.1019  28.662785    -0.0998  28.662521     4.8783     4.9696     0.0077    94.5658 1.0000e-12  -74.10066 -112.03126  28.053183      99.86 4.0017e+02   1005.992      24145  1029.7504  1029.7480    34.3424    34.3397    8.06859         31 0.0000e+00
    458.000    452.760    -0.0984  28.667168    -0.0966  28.666574     4.8733     4.9752     0.0129    94.5558 1.0000e-12  -74.10066 -112.03126  28.053198      99.86 4.0017e+02   1007.289      24176  1029.7558  1029.7534    34.3437    34.3408    8.06778         31 0.0000e+00
    459.000    453.748    -0.0947  28.672117    -0.0929  28.671193     4.8655     4.9605     0.0043    94.5495 1.0000e-12  -74.10066 -112.03126  28.053213      99.86 4.0017e+02   1008.612      24208  1029.7617  1029.7591    34.3455    34.3423    8.06689         32 0.0000e+00
    460.000    454.736    -0.0824  28.684852    -0.0806  28.683805     4.8526     4.9510     0.0011    94.5692 1.0000e-12  -74.10066 -112.03126  28.053228      99.86 3.9918e+02   1009.892      24238  1029.7674  1029.7646    34.3480    34.3446    8.06416         30 0.0000e+00
    461.000    455.722    -0.0728  28.694608    -0.0698  28.694875     4.8463     4.9480     0.0093    94.5740 1.0000e-12  -74.10066 -112.03126  28.053243      87.62 4.0023e+02   1011.165      24269  1029.7727  1029.7700    34.3496    34.3465    8.06205         31 0.0000e+00
    462.000    456.711    -0.0640  28.703462    -0.0605  28.704102     4.8461     4.9442     0.0144    94.5696 1.0000e-12  -74.10066 -112.03126  28.053258      95.70 4.0023e+02   1012.493      24301  1029.7777  1029.7750    34.3508    34.3477    8.06011         32 0.0000e+00
    463.000    457.697    -0.0622  28.705849    -0.0587  28.706341     4.8443     4.9391     0.0201    94.5786 1.0000e-12  -74.10066 -112.03126  28.053273      99.89 4.0017e+02   1013.824      24333  1029.7828  1029.7800    34.3513    34.3481    8.05970         32 0.0000e+00
    464.000    458.685    -0.0573  28.710753    -0.0555  28.710020     4.8399     4.9427    -0.0003    94.5649 1.0000e-12  -74.10066 -112.03126  28.053288      99.85 4.0017e+02   1015.122      24364  1029.7876  1029.7851    34.3517    34.3488    8.05864         31 0.0000e+00
