ocean_section_plots/required_files/ctd/dnbp2202_ctd244.cnv
* Sea-Bird SBE 9 Data File:
* FileName = D:\Data\raw\NBP2202_CTD244.hex
* Software Version Seasave V 7.26.7.121
* Temperature SN = 1649
* Conductivity SN = 2513
* Number of Bytes Per Scan = 40
* Number of Voltage Words = 5
* Number of Scans Averaged by the Deck Unit = 1
* NMEA Latitude = 73 55.28 S
* NMEA Longitude = 118 49.11 W
* NMEA UTC (Time) = Feb 15 2022  01:31:55
* NMEA baud rate = 9600
** Ship: RVIB N.B. Palmer
** Cruise: NBP2202 Thwaites
** Station: 154
** Operator: A. Robinson
# nquan = 28
# nvalues = 824                         
# units = specified
# name 0 = prDM: Pressure, Digiquartz [db]
# name 1 = depSM: Depth [salt water, m]
# name 2 = t090C: Temperature [ITS-90, deg C]
# name 3 = c0mS/cm: Conductivity [mS/cm]
# name 4 = t190C: Temperature, 2 [ITS-90, deg C]
# name 5 = c1mS/cm: Conductivity, 2 [mS/cm]
# name 6 = sbeox0ML/L: Oxygen, SBE 43 [ml/l]
# name 7 = sbeox1ML/L: Oxygen, SBE 43, 2 [ml/l]
# name 8 = flECO-AFL: Fluorescence, WET Labs ECO-AFL/FL [mg/m^3]
# name 9 = CStarTr0: Beam Transmission, WET Labs C-Star [%]
# name 10 = par: PAR/Irradiance, Biospherical/Licor
# name 11 = latitude: Latitude [deg]
# name 12 = longitude: Longitude [deg]
# name 13 = timeJ: Julian Days
# name 14 = altM: Altimeter [m]
# name 15 = spar: SPAR, Biospherical/Licor
# name 16 = timeS: Time, Elapsed [seconds]
# name 17 = scan: Scan Count
# name 18 = density00: Density [density, kg/m^3]
# name 19 = density11: Density, 2 [density, kg/m^3]
# name 20 = v3: Voltage 3
# name 21 = v4: Voltage 4
# name 22 = v5: Voltage 5
# name 23 = sal00: Salinity, Practical [PSU]
# name 24 = sal11: Salinity, Practical, 2 [PSU]
# name 25 = oxsolML/L: Oxygen Saturation, Garcia & Gordon [ml/l]
# name 26 = nbin: number of scans per bin
# name 27 = flag: flag
# span 0 =      2.000,    825.000       
# span 1 =      1.982,    814.853       
# span 2 =    -1.7282,     0.5068       
# span 3 =  26.966350,  29.480279       
# span 4 =    -1.7288,     0.5091       
# span 5 =  26.966682,  29.480564       
# span 6 =     4.6381,     9.3132       
# span 7 =     4.8731,     9.5858       
# span 8 =    -0.0224,    12.4223       
# span 9 =    84.9390,    97.2126       
# span 10 = -3.988e-07, 1.6251e+02      
# span 11 =  -73.92136,  -73.92134      
# span 12 = -118.81856, -118.81852      
# span 13 =  46.067292,  46.079234      
# span 14 =       4.26,     100.22      
# span 15 = 2.6707e+02, 3.0310e+02      
# span 16 =    299.008,   1330.853      
# span 17 =       7177,      31941      
# span 18 =  1027.1236,  1031.5815      
# span 19 =  1027.1229,  1031.5795      
# span 20 =     4.0300,     4.6116      
# span 21 =     0.0622,     1.9522      
# span 22 =     0.1107,     0.2145      
# span 23 =    33.7484,    34.5263      
# span 24 =    33.7509,    34.5242      
# span 25 =    7.93167,    8.44322      
# span 26 =         19,         55      
# span 27 = 0.0000e+00, 0.0000e+00      
# interval = decibars: 1                
# start_time = Feb 15 2022 01:31:55 [NMEA time, header]
# bad_flag = -9.990e-29
*END*
[from data line 467]
    469.000    463.628    -0.4539  28.337832    -0.4525  28.336961     5.2588     5.4933    -0.0031    97.1317 1.0000e-12  -73.92136 -118.81854  46.073863      99.89 2.7542e+02    866.743      20803  1029.7922  1029.7900     4.6078     0.0702     0.1159    34.2978    34.2951    8.14602         27 0.0000e+00
    470.000    464.613    -0.4461  28.345367    -0.4444  28.344965     5.2385     5.4552    -0.0039    97.1592 1.0000e-12  -73.92136 -118.81854  46.073876      79.01 2.7598e+02    867.902      20831  1029.7970  1029.7949     4.6091     0.0679     0.1147    34.2986    34.2960    8.14432         29 0.0000e+00
    471.000    465.601    -0.4354  28.357002    -0.4316  28.357829     5.1440     5.3745    -0.0063    97.1516 1.0000e-12  -73.92136 -118.81856  46.073890      89.96 2.7866e+02    869.081      20859  1029.8034  1029.8005     4.6087     0.0690     0.1160    34.3015    34.2983    8.14186         27 0.0000e+00
    472.000    466.590    -0.3233  28.466015    -0.3158  28.466791     5.1082     5.3200    -0.0071    97.1670 1.0000e-12  -73.92136 -118.81854  46.073903      97.27 2.7530e+02    870.183      20885  1029.8136  1029.8072     4.6095     0.0690     0.1144    34.3203    34.3130    8.11682         26 0.0000e+00
    473.000    467.574    -0.2662  28.518402    -0.2629  28.518324     5.0691     5.2974    -0.0165    97.1535 1.0000e-12  -73.92136 -118.81856  46.073915      99.87 2.7545e+02    871.221      20910  1029.8181  1029.8148     4.6089     0.0699     0.1153    34.3254    34.3216    8.10436         24 0.0000e+00
    474.000    468.563    -0.2460  28.538379    -0.2426  28.538862     5.0675     5.2769    -0.0125    97.1611 1.0000e-12  -73.92136 -118.81854  46.073927      99.89 2.7846e+02    872.269      20935  1029.8244  1029.8216     4.6092     0.0694     0.1161    34.3288    34.3255    8.09988         26 0.0000e+00
    475.000    469.552    -0.2211  28.563954    -0.2188  28.563003     5.0512     5.2606    -0.0067    97.1612 1.0000e-12  -73.92136 -118.81856  46.073939      99.89 2.7537e+02    873.362      20962  1029.8319  1029.8288     4.6092     0.0704     0.1151    34.3342    34.3304    8.09428         27 0.0000e+00
    476.000    470.538    -0.1931  28.593356    -0.1895  28.593102     5.0269     5.2449    -0.0111    97.1465 1.0000e-12  -73.92136 -118.81855  46.073953      99.89 2.7514e+02    874.524      20990  1029.8405  1029.8368     4.6085     0.0695     0.1149    34.3412    34.3369    8.08794         28 0.0000e+00
    477.000    471.525    -0.1702  28.616225    -0.1683  28.615277     5.0067     5.2347    -0.0096    97.1277 1.0000e-12  -73.92136 -118.81855  46.073966      99.90 2.7855e+02    875.670      21017  1029.8473  1029.8445     4.6076     0.0700     0.1159    34.3453    34.3420    8.08286         27 0.0000e+00
    478.000    472.513    -0.1629  28.624291    -0.1606  28.623983     5.0779     5.2297    -0.0069    97.1494 1.0000e-12  -73.92136 -118.81855  46.073978      99.88 2.7505e+02    876.736      21043  1029.8535  1029.8510     4.6086     0.0685     0.1157    34.3473    34.3443    8.08120         25 0.0000e+00
    479.000    473.500    -0.1609  28.626794    -0.1587  28.626505     5.0415     5.2326    -0.0109    97.1159 1.0000e-12  -73.92136 -118.81855  46.073991      99.89 2.7522e+02    877.787      21068  1029.8590  1029.8566     4.6070     0.0700     0.1162    34.3477    34.3449    8.08074         25 0.0000e+00
    480.000    474.489    -0.1602  28.627752    -0.1582  28.627483     5.0750     5.2338    -0.0127    97.1051 1.0000e-12  -73.92136 -118.81855  46.074004      99.88 2.7843e+02    878.904      21095  1029.8642  1029.8619     4.6065     0.0699     0.1163    34.3477    34.3450    8.08061         28 0.0000e+00
    481.000    475.474    -0.1603  28.628227    -0.1584  28.627844     5.0411     5.2289    -0.0142    97.0923 1.0000e-12  -73.92136 -118.81855  46.074017      99.90 2.7536e+02    880.059      21122  1029.8695  1029.8672     4.6059     0.0706     0.1191    34.3478    34.3451    8.08062         27 0.0000e+00
    482.000    476.463    -0.1557  28.633808    -0.1519  28.635059     4.9904     5.2331    -0.0139    97.1008 1.0000e-12  -73.92136 -118.81856  46.074030      73.64 2.7500e+02    881.165      21149  1029.8755  1029.8732     4.6063     0.0672     0.1154    34.3494    34.3469    8.07955         26 0.0000e+00
    483.000    477.450    -0.1503  28.639820    -0.1475  28.640316     5.0123     5.2346    -0.0091    97.1095 1.0000e-12  -73.92136 -118.81854  46.074042      88.26 2.7710e+02    882.222      21174  1029.8811  1029.8789     4.6067     0.0691     0.1174    34.3508    34.3483    8.07834         26 0.0000e+00
    484.000    478.437    -0.1495  28.640983    -0.1486  28.639466     5.0815     5.2293    -0.0002    97.0963 1.0000e-12  -73.92136 -118.81856  46.074054      99.42 2.7552e+02    883.277      21200  1029.8861  1029.8837     4.6061     0.0706     0.1152    34.3508    34.3478    8.07817         25 0.0000e+00
    485.000    479.425    -0.1508  28.639872    -0.1507  28.637586     5.0751     5.2282    -0.0082    97.0935 1.0000e-12  -73.92136 -118.81854  46.074067      99.88 2.7482e+02    884.370      21226  1029.8907  1029.8882     4.6059     0.0701     0.1171    34.3502    34.3470    8.07847         27 0.0000e+00
    486.000    480.410    -0.1496  28.641534    -0.1476  28.641139     5.0121     5.2264    -0.0080    97.0904 1.0000e-12  -73.92136 -118.81855  46.074080      99.88 2.7741e+02    885.523      21254  1029.8958  1029.8935     4.6058     0.0695     0.1173    34.3505    34.3478    8.07821         28 0.0000e+00
    487.000    481.401    -0.1505  28.641002    -0.1483  28.640918     5.0400     5.2271    -0.0044    97.0877 1.0000e-12  -73.92136 -118.81855  46.074093      99.89 2.7578e+02    886.677      21281  1029.9005  1029.8984     4.6057     0.0690     0.1180    34.3501    34.3476    8.07841         27 0.0000e+00
    488.000    482.386    -0.1521  28.639722    -0.1501  28.639425     5.0513     5.2273    -0.0116    97.0838 1.0000e-12  -73.92136 -118.81855  46.074106      99.89 2.7488e+02    887.770      21307  1029.9052  1029.9030     4.6055     0.0691     0.1189    34.3497    34.3471    8.07878         26 0.0000e+00
    489.000    483.374    -0.1514  28.640889    -0.1493  28.640591     5.0359     5.2228    -0.0127    97.0919 1.0000e-12  -73.92136 -118.81855  46.074118      99.89 2.7613e+02    888.822      21333  1029.9101  1029.9078     4.6059     0.0690     0.1173    34.3499    34.3471    8.07862         25 0.0000e+00
    490.000    484.361    -0.1503  28.642336    -0.1483  28.642081     5.0396     5.2263    -0.0128    97.0752 1.0000e-12  -73.92136 -118.81855  46.074131      99.89 2.7650e+02    889.880      21358  1029.9149  1029.9128     4.6051     0.0692     0.1169    34.3500    34.3474    8.07838         26 0.0000e+00
    491.000    485.347    -0.1490  28.644039    -0.1469  28.643836     5.0337     5.2289    -0.0074    97.0887 1.0000e-12  -73.92136 -118.81855  46.074143      99.88 2.7441e+02    890.977      21384  1029.9198  1029.9176     4.6057     0.0699     0.1183    34.3502    34.3475    8.07810         26 0.0000e+00
    492.000    486.337    -0.1489  28.644359    -0.1467  28.644435     5.0362     5.2207    -0.0039    97.0760 1.0000e-12  -73.92136 -118.81854  46.074157      99.90 2.7599e+02    892.133      21412  1029.9244  1029.9224     4.6052     0.0709     0.1161    34.3499    34.3476    8.07809         29 0.0000e+00
    493.000    487.321    -0.1510  28.642777    -0.1489  28.642686     5.0090     5.2261    -0.0111    97.0904 1.0000e-12  -73.92136 -118.81856  46.074170      99.88 2.7664e+02    893.279      21440  1029.9291  1029.9270     4.6058     0.0702     0.1155    34.3495    34.3470    8.07855         27 0.0000e+00
    494.000    488.312    -0.1500  28.644249    -0.1486  28.643461     5.0802     5.2318    -0.0006    97.0817 1.0000e-12  -73.92136 -118.81854  46.074182      86.36 2.7388e+02    894.338      21465  1029.9340  1029.9318     4.6054     0.0675     0.1155    34.3497    34.3472    8.07832         24 0.0000e+00
    495.000    489.297    -0.1521  28.642282    -0.1509  28.641417     5.0183     5.2292    -0.0016    97.0726 1.0000e-12  -73.92136 -118.81856  46.074194      91.00 2.7513e+02    895.361      21490  1029.9383  1029.9363     4.6050     0.0688     0.1147    34.3490    34.3465    8.07882         25 0.0000e+00
    496.000    490.288    -0.1521  28.642899    -0.1486  28.644367     4.9916     5.2252    -0.0140    97.0749 1.0000e-12  -73.92136 -118.81856  46.074206      99.72 2.7796e+02    896.423      21515  1029.9432  1029.9413     4.6051     0.0701     0.1159    34.3491    34.3471    8.07880         26 0.0000e+00
    497.000    491.272    -0.1516  28.643940    -0.1494  28.643938     5.1142     5.2250    -0.0163    97.0725 1.0000e-12  -73.92136 -118.81856  46.074220      99.89 2.7499e+02    897.568      21543  1029.9481  1029.9460     4.6050     0.0704     0.1165    34.3494    34.3469    8.07869         29 0.0000e+00
    498.000    492.259    -0.1499  28.646082    -0.1476  28.646296     5.0191     5.2271    -0.0183    97.0839 1.0000e-12  -73.92136 -118.81856  46.074233      99.88 2.7546e+02    898.745      21571  1029.9531  1029.9511     4.6055     0.0698     0.1166    34.3498    34.3474    8.07831         27 0.0000e+00
    499.000    493.248    -0.1495  28.647012    -0.1472  28.647182     5.0397     5.2250    -0.0153    97.0878 1.0000e-12  -73.92136 -118.81856  46.074246      99.89 2.7712e+02    899.860      21598  1029.9579  1029.9558     4.6057     0.0707     0.1160    34.3499    34.3476    8.07822         26 0.0000e+00
    500.000    494.235    -0.1504  28.646439    -0.1486  28.646147     5.0246     5.2346    -0.0061    97.0901 1.0000e-12  -73.92136 -118.81856  46.074258      99.89 2.7360e+02    900.901      21623  1029.9624  1029.9605     4.6058     0.0704     0.1180    34.3496    34.3472    8.07842         24 0.0000e+00
    501.000    495.222    -0.1501  28.647431    -0.1475  28.647775     5.0421     5.2351    -0.0043    97.0848 1.0000e-12  -73.92136 -118.81856  46.074270      99.88 2.7496e+02    901.948      21648  1029.9675  1029.9653     4.6056     0.0706     0.1164    34.3500    34.3475    8.07834         26 0.0000e+00
    502.000    496.208    -0.1495  28.648197    -0.1482  28.647536     5.0320     5.2255    -0.0102    97.0753 1.0000e-12  -73.92136 -118.81856  46.074283      99.89 2.7699e+02    903.051      21674  1029.9720  1029.9700     4.6051     0.0697     0.1173    34.3497    34.3474    8.07823         27 0.0000e+00
    503.000    497.197    -0.1581  28.639640    -0.1532  28.642689     5.0312     5.2232    -0.0061    97.0812 1.0000e-12  -73.92136 -118.81856  46.074296      99.89 2.7387e+02    904.190      21702  1029.9757  1029.9741     4.6054     0.0710     0.1157    34.3475    34.3460    8.08018         28 0.0000e+00
    504.000    498.184    -0.1500  28.648889    -0.1469  28.649678     5.0091     5.2228    -0.0116    97.0769 1.0000e-12  -73.92136 -118.81856  46.074309      99.88 2.7386e+02    905.315      21729  1029.9817  1029.9796     4.6052     0.0714     0.1181    34.3500    34.3476    8.07831         26 0.0000e+00
    505.000    499.170    -0.1487  28.650511    -0.1464  28.650693     5.0595     5.2269    -0.0133    97.0776 1.0000e-12  -73.92136 -118.81854  46.074322      99.89 2.7582e+02    906.393      21754  1029.9864  1029.9844     4.6052     0.0709     0.1166    34.3501    34.3478    8.07804         25 0.0000e+00
    506.000    500.157    -0.1502  28.649173    -0.1465  28.651097     5.1216     5.2251    -0.0063    97.0789 1.0000e-12  -73.92136 -118.81854  46.074334      99.88 2.7371e+02    907.444      21780  1029.9908  1029.9891     4.6053     0.0691     0.1160    34.3495    34.3478    8.07840         26 0.0000e+00
    507.000    501.145    -0.1612  28.638219    -0.1587  28.638935     4.9617     5.2211    -0.0142    97.0807 1.0000e-12  -73.92136 -118.81854  46.074346      91.77 2.7310e+02    908.510      21805  1029.9943  1029.9926     4.6054     0.0677     0.1179    34.3467    34.3448    8.08088         25 0.0000e+00
    508.000    502.133    -0.1610  28.638948    -0.1589  28.639051     5.0519     5.2259    -0.0156    97.0782 1.0000e-12  -73.92136 -118.81854  46.074359      96.40 2.7622e+02    909.597      21831  1029.9991  1029.9971     4.6052     0.0704     0.1160    34.3469    34.3446    8.08083         27 0.0000e+00
    509.000    503.119    -0.1606  28.639708    -0.1582  28.640078     5.0661     5.2276    -0.0064    97.0574 1.0000e-12  -73.92136 -118.81854  46.074372      99.85 2.7386e+02    910.698      21858  1030.0037  1030.0017     4.6043     0.0701     0.1168    34.3468    34.3445    8.08075         27 0.0000e+00
    510.000    504.107    -0.1580  28.643180    -0.1553  28.643640     4.9908     5.2294    -0.0037    97.0809 1.0000e-12  -73.92136 -118.81854  46.074385      99.89 2.7371e+02    911.826      21885  1030.0090  1030.0068     4.6054     0.0707     0.1168    34.3479    34.3454    8.08013         27 0.0000e+00
    511.000    505.094    -0.1532  28.648551    -0.1487  28.650996     5.0399     5.2301    -0.0036    97.0743 1.0000e-12  -73.92136 -118.81854  46.074398      99.88 2.7687e+02    912.968      21912  1030.0142  1030.0124     4.6051     0.0706     0.1174    34.3490    34.3472    8.07904         27 0.0000e+00
    512.000    506.082    -0.1599  28.641618    -0.1590  28.640762     5.0793     5.2295    -0.0092    97.0809 1.0000e-12  -73.92136 -118.81854  46.074411      99.89 2.7410e+02    914.075      21939  1030.0177  1030.0160     4.6053     0.0701     0.1172    34.3468    34.3446    8.08060         26 0.0000e+00
    513.000    507.068    -0.1582  28.644085    -0.1569  28.643365     5.0324     5.2286    -0.0133    97.0734 1.0000e-12  -73.92136 -118.81854  46.074423      99.89 2.7331e+02    915.138      21964  1030.0229  1030.0209     4.6050     0.0692     0.1167    34.3475    34.3451    8.08019         25 0.0000e+00
    514.000    508.056    -0.1624  28.640150    -0.1603  28.640280     5.0076     5.2295    -0.0118    97.0800 1.0000e-12  -73.92136 -118.81854  46.074435      99.89 2.7576e+02    916.194      21990  1030.0271  1030.0252     4.6053     0.0692     0.1174    34.3464    34.3442    8.08114         27 0.0000e+00
    515.000    509.043    -0.1596  28.643774    -0.1572  28.643866     5.0601     5.2190    -0.0176    97.0736 1.0000e-12  -73.92136 -118.81854  46.074448      99.89 2.7451e+02    917.312      22016  1030.0324  1030.0302     4.6050     0.0691     0.1180    34.3475    34.3450    8.08048         27 0.0000e+00
    516.000    510.029    -0.1624  28.641042    -0.1605  28.641009     5.0184     5.2257    -0.0012    97.0757 1.0000e-12  -73.92136 -118.81854  46.074462      99.88 2.7224e+02    918.477      22044  1030.0365  1030.0346     4.6051     0.0707     0.1182    34.3464    34.3442    8.08114         28 0.0000e+00
    517.000    511.018    -0.1612  28.643028    -0.1585  28.643494     5.0032     5.2260    -0.0021    97.0829 1.0000e-12  -73.92136 -118.81854  46.074475      99.89 2.7483e+02    919.615      22072  1030.0418  1030.0396     4.6055     0.0699     0.1164    34.3471    34.3448    8.08085         26 0.0000e+00
    518.000    512.004    -0.1545  28.649939    -0.1549  28.647996     5.0221     5.2339    -0.0112    97.0951 1.0000e-12  -73.92136 -118.81854  46.074487      82.97 2.7417e+02    920.665      22097  1030.0466  1030.0451     4.6061     0.0682     0.1156    34.3482    34.3461    8.07937         25 0.0000e+00
