ocean_section_plots/required_files/ctd/dnbp2202_ctd265.cnv
* Sea-Bird SBE 9 Data File:
* FileName = D:\Data\raw\NBP2202_CTD265.hex
* Software Version Seasave V 7.26.7.121
* Temperature SN = 1649
* Conductivity SN = 2513
* Number of Bytes Per Scan = 40
* Number of Voltage Words = 5
* Number of Scans Averaged by the Deck Unit = 1
* NMEA Latitude = 73 52.82 S
* NMEA Longitude = 118 43.32 W
* NMEA UTC (Time) = Feb 19 2022  19:07:30
* NMEA baud rate = 9600
** Ship: RVIB N.B. Palmer
** Cruise: NBP2202 Thwaites
** Station: 170
** Operator: A. Robinson
# nquan = 28
# nvalues = 674                         
# units = specified
# name 0 = prDM: Pressure, Digiquartz [db]
# name 1 = depSM: Depth [salt water, m]
# name 2 = t090C: Temperature [ITS-90, deg C]
# name 3 = c0mS/cm: Conductivity [mS/cm]
# name 4 = t190C: Temperature, 2 [ITS-90, deg C]
# name 5 = c1mS/cm: Conductivity, 2 [mS/cm]
# name 6 = sbeox0ML/L: Oxygen, SBE 43 [ml/l]
# name 7 = sbeox1ML/L: Oxygen, SBE 43, 2 [ml/l]
# name 8 = flECO-AFL: Fluorescence, WET Labs ECO-AFL/FL [mg/m^3]
# name 9 = CStarTr0: Beam Transmission, WET Labs C-Star [%]
# name 10 = par: PAR/Irradiance, Biospherical/Licor
# name 11 = latitude: Latitude [deg]
# name 12 = longitude: Longitude [deg]
# name 13 = timeJ: Julian Days
# name 14 = altM: Altimeter [m]
# name 15 = spar: SPAR, Biospherical/Licor
# name 16 = timeS: Time, Elapsed [seconds]
# name 17 = scan: Scan Count
# name 18 = density00: Density [density, kg/m^3]
# name 19 = density11: Density, 2 [density, kg/m^3]
# name 20 = v3: Voltage 3
# name 21 = v4: Voltage 4
# name 22 = v5: Voltage 5
# name 23 = sal00: Salinity, Practical [PSU]
# name 24 = sal11: Salinity, Practical, 2 [PSU]
# name 25 = oxsolML/L: Oxygen Saturation, Garcia & Gordon [ml/l]
# name 26 = nbin: number of scans per bin
# name 27 = flag: flag
# span 0 =      3.000,    676.000       
# span 1 =      2.970,    667.919       
# span 2 =    -1.6937,     0.4752       
# span 3 =  27.009725,  29.389292       
# span 4 =    -1.6941,     0.4798       
# span 5 =  27.006810,  29.391271       
# span 6 =     4.7174,     8.9749       
# span 7 =     4.8460,     9.2467       
# span 8 =    -0.0225,    11.5566       
# span 9 =    87.4238,    98.5241       
# span 10 = -2.386e-06, 1.3580e+02      
# span 11 =  -73.88042,  -73.88040      
# span 12 = -118.72202, -118.72196      
# span 13 =  50.798983,  50.809476      
# span 14 =       0.42,     100.08      
# span 15 = 1.6394e+03, 1.6589e+03      
# span 16 =    182.130,   1088.685      
# span 17 =       4372,      26129      
# span 18 =  1027.1264,  1030.8857      
# span 19 =  1027.1266,  1030.8835      
# span 20 =     4.1481,     4.6738      
# span 21 =     0.0628,     1.8269      
# span 22 =     0.1130,     0.1942      
# span 23 =    33.7546,    34.5243      
# span 24 =    33.7553,    34.5218      
# span 25 =    7.93825,    8.43490      
# span 26 =          2,         48      
# span 27 = 0.0000e+00, 0.0000e+00      
# interval = decibars: 1                
# start_time = Feb 19 2022 19:07:30 [NMEA time, header]
# bad_flag = -9.990e-29
*END*
[from data line 622]
    625.000    617.608     0.3903  29.280352     0.3919  29.280183     4.7565     4.8821    -0.0169    98.5004 1.0000e-12  -73.88040 -118.72198  50.807574      55.06 1.6541e+03    924.357      22186  1030.6388  1030.6372     4.6727     0.0628     0.1164    34.5062    34.5043    7.95673         27 0.0000e+00
    626.000    618.596     0.3886  29.278964     0.3908  29.279249     4.7527     4.8815    -0.0097    98.4965 1.0000e-12  -73.88040 -118.72198  50.807587      54.00 1.6556e+03    925.499      22213  1030.6434  1030.6415     4.6725     0.0658     0.1175    34.5058    34.5037    7.95712         28 0.0000e+00
    627.000    619.582     0.3881  29.278936     0.3906  29.279541     4.7488     4.8769    -0.0167    98.4925 1.0000e-12  -73.88040 -118.72198  50.807600      52.93 1.6559e+03    926.628      22240  1030.6480  1030.6462     4.6724     0.0642     0.1169    34.5057    34.5037    7.95722         27 0.0000e+00
    628.000    620.569     0.3926  29.284581     0.3942  29.283979     4.7506     4.8718    -0.0159    98.4715 1.0000e-12  -73.88040 -118.72198  50.807612      51.99 1.6510e+03    927.691      22266  1030.6536  1030.6515     4.6714     0.0644     0.1152    34.5075    34.5049    7.95619         25 0.0000e+00
    629.000    621.555     0.3962  29.288400     0.3988  29.288955     4.7554     4.8717    -0.0093    98.4879 1.0000e-12  -73.88040 -118.72198  50.807624      51.15 1.6545e+03    928.719      22290  1030.6583  1030.6564     4.6722     0.0649     0.1159    34.5079    34.5057    7.95543         24 0.0000e+00
    630.000    622.542     0.3994  29.291960     0.4020  29.292544     4.7456     4.8770    -0.0020    98.5002 1.0000e-12  -73.88040 -118.72198  50.807636      49.93 1.6554e+03    929.791      22316  1030.6631  1030.6612     4.6727     0.0644     0.1181    34.5084    34.5062    7.95474         27 0.0000e+00
    631.000    623.530     0.3997  29.292810     0.4021  29.293272     4.7586     4.8779    -0.0080    98.4636 1.0000e-12  -73.88040 -118.72198  50.807650      49.02 1.6532e+03    930.927      22343  1030.6679  1030.6660     4.6709     0.0650     0.1183    34.5085    34.5064    7.95466         27 0.0000e+00
    632.000    624.514     0.4018  29.295274     0.4048  29.296164     4.7464     4.8780    -0.0162    98.4716 1.0000e-12  -73.88040 -118.72198  50.807663      47.97 1.6547e+03    932.053      22370  1030.6726  1030.6707     4.6714     0.0647     0.1196    34.5088    34.5067    7.95422         27 0.0000e+00
    633.000    625.502     0.4025  29.296304     0.4051  29.296956     4.7485     4.8746    -0.0019    98.4924 1.0000e-12  -73.88040 -118.72198  50.807676      47.06 1.6539e+03    933.211      22398  1030.6773  1030.6755     4.6724     0.0638     0.1167    34.5089    34.5068    7.95408         28 0.0000e+00
    634.000    626.489     0.4033  29.297535     0.4056  29.297854     4.7445     4.8739    -0.0109    98.5012 1.0000e-12  -73.88040 -118.72198  50.807689      46.23 1.6503e+03    934.359      22426  1030.6821  1030.6801     4.6727     0.0640     0.1186    34.5090    34.5068    7.95391         28 0.0000e+00
    635.000    627.474     0.4026  29.297134     0.4055  29.298224     4.7576     4.8747    -0.0162    98.4671 1.0000e-12  -73.88040 -118.72198  50.807702      45.08 1.6538e+03    935.424      22451  1030.6866  1030.6849     4.6711     0.0648     0.1174    34.5087    34.5069    7.95407         24 0.0000e+00
    636.000    628.463     0.4025  29.297795     0.4055  29.298700     4.7518     4.8741    -0.0168    98.4847 1.0000e-12  -73.88040 -118.72198  50.807714      43.72 1.6536e+03    936.466      22476  1030.6916  1030.6896     4.6720     0.0650     0.1167    34.5090    34.5069    7.95406         25 0.0000e+00
    637.000    629.449     0.4027  29.298214     0.4057  29.299281     4.7603     4.8751    -0.0018    98.5049 1.0000e-12  -73.88040 -118.72198  50.807726      42.75 1.6537e+03    937.537      22502  1030.6961  1030.6943     4.6729     0.0653     0.1178    34.5088    34.5069    7.95404         27 0.0000e+00
    638.000    630.434     0.4024  29.298447     0.4049  29.299039     4.7551     4.8686    -0.0159    98.5115 1.0000e-12  -73.88040 -118.72198  50.807739      41.75 1.6520e+03    938.649      22529  1030.7009  1030.6991     4.6733     0.0632     0.1168    34.5089    34.5068    7.95410         27 0.0000e+00
    639.000    631.423     0.4031  29.299483     0.4057  29.300184     4.7500     4.8653    -0.0090    98.5029 1.0000e-12  -73.88040 -118.72198  50.807752      40.82 1.6540e+03    939.807      22556  1030.7055  1030.7037     4.6728     0.0652     0.1175    34.5089    34.5069    7.95395         27 0.0000e+00
    640.000    632.409     0.4000  29.297056     0.4027  29.297888     4.7293     4.8705    -0.0162    98.4896 1.0000e-12  -73.88040 -118.72198  50.807765      39.50 1.6505e+03    940.925      22583  1030.7103  1030.7086     4.6722     0.0642     0.1166    34.5085    34.5067    7.95460         27 0.0000e+00
    641.000    633.395     0.3995  29.297079     0.4017  29.297530     4.7366     4.8698    -0.0084    98.4831 1.0000e-12  -73.88040 -118.72198  50.807777      38.50 1.6535e+03    941.943      22608  1030.7151  1030.7134     4.6719     0.0640     0.1143    34.5086    34.5067    7.95471         23 0.0000e+00
    642.000    634.381     0.4014  29.299314     0.4040  29.300055     4.7754     4.8692    -0.0171    98.4881 1.0000e-12  -73.88040 -118.72198  50.807789      37.41 1.6551e+03    942.936      22631  1030.7197  1030.7180     4.6721     0.0640     0.1179    34.5088    34.5069    7.95431         24 0.0000e+00
    643.000    635.368     0.4025  29.300540     0.4049  29.301303     4.7454     4.8636    -0.0097    98.4906 1.0000e-12  -73.88040 -118.72198  50.807801      36.53 1.6536e+03    943.984      22657  1030.7242  1030.7226     4.6723     0.0657     0.1171    34.5086    34.5069    7.95409         27 0.0000e+00
    644.000    636.356     0.4021  29.300949     0.4047  29.301704     4.7514     4.8668    -0.0019    98.4959 1.0000e-12  -73.88040 -118.72198  50.807813      35.42 1.6522e+03    945.077      22683  1030.7292  1030.7274     4.6725     0.0640     0.1157    34.5090    34.5070    7.95415         25 0.0000e+00
    645.000    637.342     0.4014  29.300818     0.4040  29.301563     4.7460     4.8754    -0.0007    98.5117 1.0000e-12  -73.88040 -118.72198  50.807826      34.38 1.6510e+03    946.173      22709  1030.7340  1030.7322     4.6732     0.0652     0.1169    34.5090    34.5070    7.95429         27 0.0000e+00
    646.000    638.328     0.4037  29.303336     0.4063  29.304114     4.7471     4.8742    -0.0010    98.5000 1.0000e-12  -73.88040 -118.72200  50.807839      33.35 1.6510e+03    947.281      22736  1030.7386  1030.7368     4.6727     0.0647     0.1172    34.5092    34.5072    7.95381         26 0.0000e+00
    647.000    639.315     0.4033  29.303496     0.4056  29.303861     4.7490     4.8699    -0.0145    98.5107 1.0000e-12  -73.88040 -118.72198  50.807852      32.42 1.6511e+03    948.380      22762  1030.7434  1030.7415     4.6732     0.0671     0.1158    34.5092    34.5071    7.95389         27 0.0000e+00
    648.000    640.301     0.4046  29.305211     0.4069  29.305678     4.7447     4.8763    -0.0099    98.5078 1.0000e-12  -73.88040 -118.72198  50.807864      31.45 1.6544e+03    949.487      22789  1030.7481  1030.7463     4.6731     0.0652     0.1167    34.5094    34.5075    7.95361         27 0.0000e+00
    649.000    641.288     0.4048  29.305885     0.4072  29.306367     4.7377     4.8778    -0.0163    98.4955 1.0000e-12  -73.88040 -118.72198  50.807877      30.46 1.6538e+03    950.616      22816  1030.7528  1030.7510     4.6725     0.0649     0.1229    34.5095    34.5075    7.95356         27 0.0000e+00
    650.000    642.275     0.4052  29.306693     0.4077  29.307372     4.7528     4.8678    -0.0091    98.5059 1.0000e-12  -73.88040 -118.72198  50.807891      29.32 1.6516e+03    951.748      22843  1030.7575  1030.7558     4.6729     0.0666     0.1188    34.5095    34.5077    7.95347         27 0.0000e+00
    651.000    643.261     0.4149  29.317708     0.4160  29.315997     4.7381     4.8586    -0.0092    98.4910 1.0000e-12  -73.88041 -118.72199  50.807904      28.29 1.6520e+03    952.928      22871  1030.7636  1030.7608     4.6723     0.0665     0.1174    34.5125    34.5091    7.95131         30 0.0000e+00
    652.000    644.249     0.4331  29.335756     0.4347  29.335632     4.7400     4.8609    -0.0075    98.4897 1.0000e-12  -73.88040 -118.72200  50.807919      27.39 1.6522e+03    954.159      22901  1030.7687  1030.7670     4.6722     0.0673     0.1190    34.5152    34.5133    7.94742         29 0.0000e+00
    653.000    645.234     0.4331  29.336969     0.4344  29.335866     4.7296     4.8535    -0.0055    98.4984 1.0000e-12  -73.88040 -118.72200  50.807932      26.28 1.6503e+03    955.359      22930  1030.7743  1030.7718     4.6726     0.0655     0.1172    34.5162    34.5133    7.94736         29 0.0000e+00
    654.000    646.221     0.4491  29.353754     0.4475  29.349621     4.7272     4.8560    -0.0171    98.5081 1.0000e-12  -73.88040 -118.72200  50.807946      25.36 1.6520e+03    956.558      22958  1030.7802  1030.7775     4.6731     0.0662     0.1163    34.5197    34.5161    7.94388         29 0.0000e+00
    655.000    647.207     0.4598  29.364845     0.4630  29.365705     4.7314     4.8556    -0.0160    98.5124 1.0000e-12  -73.88040 -118.72200  50.807961      24.10 1.6514e+03    957.814      22989  1030.7855  1030.7833     4.6733     0.0657     0.1169    34.5217    34.5193    7.94157         30 0.0000e+00
    656.000    648.194     0.4616  29.367066     0.4642  29.367571     4.7313     4.8460    -0.0165    98.5021 1.0000e-12  -73.88040 -118.72200  50.807975      22.98 1.6497e+03    959.036      23018  1030.7904  1030.7885     4.6728     0.0661     0.1159    34.5220    34.5198    7.94118         29 0.0000e+00
    657.000    649.180     0.4627  29.368514     0.4653  29.369108     4.7306     4.8575    -0.0164    98.5144 1.0000e-12  -73.88040 -118.72200  50.807988      22.14 1.6508e+03    960.197      23046  1030.7953  1030.7933     4.6734     0.0653     0.1142    34.5221    34.5200    7.94095         27 0.0000e+00
    658.000    650.167     0.4621  29.368416     0.4648  29.368994     4.7301     4.8576    -0.0116    98.5090 1.0000e-12  -73.88040 -118.72200  50.808003      21.06 1.6512e+03    961.437      23075  1030.8001  1030.7981     4.6731     0.0656     0.1177    34.5220    34.5199    7.94108         30 0.0000e+00
    659.000    651.153     0.4620  29.368606     0.4644  29.369033     4.7316     4.8557    -0.0095    98.5040 1.0000e-12  -73.88040 -118.72200  50.808020      20.06 1.6493e+03    962.935      23111  1030.8047  1030.8029     4.6729     0.0658     0.1178    34.5219    34.5198    7.94111         40 0.0000e+00
    660.000    652.141     0.4619  29.368929     0.4645  29.369528     4.7298     4.8494    -0.0089    98.5036 1.0000e-12  -73.88040 -118.72200  50.808040      18.87 1.6508e+03    964.638      23152  1030.8095  1030.8076     4.6729     0.0668     0.1179    34.5218    34.5197    7.94113         35 0.0000e+00
    661.000    653.127     0.4625  29.369798     0.4648  29.370185     4.7314     4.8465    -0.0142    98.5120 1.0000e-12  -73.88040 -118.72200  50.808058      17.97 1.6499e+03    966.202      23190  1030.8141  1030.8123     4.6732     0.0662     0.1167    34.5216    34.5196    7.94101         34 0.0000e+00
    662.000    654.112     0.4634  29.371221     0.4660  29.371783     4.7336     4.8550    -0.0088    98.5095 1.0000e-12  -73.88040 -118.72200  50.808075      16.86 1.6493e+03    967.650      23225  1030.8190  1030.8171     4.6732     0.0668     0.1160    34.5220    34.5198    7.94082         35 0.0000e+00
    663.000    655.100     0.4641  29.372398     0.4668  29.373173     4.7286     4.8536    -0.0123    98.5008 1.0000e-12  -73.88040 -118.72200  50.808096      15.67 1.6490e+03    969.467      23268  1030.8238  1030.8220     4.6728     0.0678     0.1159    34.5221    34.5201    7.94067         36 0.0000e+00
    664.000    656.087     0.4647  29.373063     0.4665  29.373069     4.7367     4.8535    -0.0098    98.4830 1.0000e-12  -73.88040 -118.72200  50.808120      14.67 1.6499e+03    971.557      23318  1030.8282  1030.8265     4.6719     0.0666     0.1167    34.5218    34.5198    7.94057         44 0.0000e+00
    665.000    657.071     0.4562  29.365014     0.4593  29.366266     4.7285     4.8553    -0.0114    98.4882 1.0000e-12  -73.88040 -118.72200  50.808140      13.70 1.6496e+03    973.273      23360  1030.8325  1030.8308     4.6722     0.0680     0.1190    34.5201    34.5184    7.94239         41 0.0000e+00
    666.000    658.060     0.4576  29.366890     0.4603  29.367675     4.7273     4.8516    -0.0054    98.5009 1.0000e-12  -73.88040 -118.72200  50.808162      12.41 1.6493e+03    975.185      23405  1030.8373  1030.8355     4.6727     0.0671     0.1150    34.5205    34.5185    7.94209         40 0.0000e+00
    667.000    659.045     0.4564  29.366142     0.4588  29.366762     4.7346     4.8505    -0.0118    98.5148 1.0000e-12  -73.88040 -118.72199  50.808189      11.29 1.6510e+03    977.491      23461  1030.8419  1030.8403     4.6734     0.0672     0.1167    34.5202    34.5184    7.94234         38 0.0000e+00
    668.000    660.032     0.4576  29.367922     0.4597  29.368055     4.7304     4.8490    -0.0127    98.5241 1.0000e-12  -73.88041 -118.72199  50.808213      10.27 1.6496e+03    979.573      23511  1030.8468  1030.8449     4.6738     0.0677     0.1163    34.5207    34.5185    7.94208         41 0.0000e+00
    669.000    661.019     0.4580  29.368789     0.4600  29.368800     4.7380     4.8512    -0.0061    98.5099 1.0000e-12  -73.88041 -118.72200  50.808234       9.24 1.6503e+03    981.445      23556  1030.8515  1030.8496     4.6731     0.0670     0.1180    34.5207    34.5186    7.94199         41 0.0000e+00
    670.000    662.005     0.4619  29.373351     0.4626  29.372029     4.7366     4.8513    -0.0105    98.5007 1.0000e-12  -73.88040 -118.72200  50.808259       8.14 1.6506e+03    983.561      23606  1030.8567  1030.8546     4.6727     0.0676     0.1156    34.5218    34.5193    7.94114         40 0.0000e+00
    671.000    662.992     0.4680  29.379580     0.4699  29.379715     4.7174     4.8534    -0.0070    98.4895 1.0000e-12  -73.88040 -118.72200  50.808288       7.03 1.6505e+03    986.046      23666  1030.8614  1030.8596     4.6722     0.0680     0.1146    34.5226    34.5205    7.93985         30 0.0000e+00
    672.000    663.978     0.4686  29.380641     0.4712  29.381386     4.7259     4.8513    -0.0132    98.5012 1.0000e-12  -73.88040 -118.72200  50.808312       6.02 1.6502e+03    988.201      23718  1030.8661  1030.8644     4.6727     0.0673     0.1156    34.5226    34.5207    7.93970         39 0.0000e+00
    673.000    664.964     0.4699  29.382417     0.4722  29.382793     4.7278     4.8523    -0.0058    98.5089 1.0000e-12  -73.88040 -118.72198  50.808341       4.93 1.6505e+03    990.694      23778  1030.8710  1030.8692     4.6731     0.0679     0.1159    34.5230    34.5209    7.93942         35 0.0000e+00
    674.000    665.952     0.4708  29.383708     0.4735  29.384625     4.7266     4.8495    -0.0084    98.4955 1.0000e-12  -73.88040 -118.72198  50.808372       3.86 1.6513e+03    993.320      23841  1030.8757  1030.8740     4.6725     0.0685     0.1172    34.5230    34.5212    7.93923         36 0.0000e+00
    675.000    666.936     0.4711  29.384465     0.4737  29.385235     4.7251     4.8484    -0.0130    98.5094 1.0000e-12  -73.88040 -118.72198  50.808410       2.79 1.6497e+03    996.603      23919  1030.8805  1030.8787     4.6731     0.0666     0.1177    34.5231    34.5213    7.93917         41 0.0000e+00
