ocean_section_plots/required_files/ctd/dnbp2202_ctd031.cnv
* Sea-Bird SBE 9 Data File:
* FileName = D:\Data\raw\NBP2202_CTD031.hex
* Software Version Seasave V 7.26.7.121
* Temperature SN = 1649
* Conductivity SN = 2513
* Number of Bytes Per Scan = 40
* Number of Voltage Words = 5
* Number of Scans Averaged by the Deck Unit = 1
* NMEA Latitude = 74 13.30 S
* NMEA Longitude = 112 00.06 W
* NMEA UTC (Time) = Jan 21 2022  12:49:24
* NMEA baud rate = 9600
** Ship: RVIB N.B. Palmer
** Cruise: NBP2202 Thwaites
** Station: 18
** Operator: B. Bjork
# nquan = 25
# nvalues = 767                         
# units = specified
# name 0 = prDM: Pressure, Digiquartz [db]
# name 1 = depSM: Depth [salt water, m]
# name 2 = t090C: Temperature [ITS-90, deg C]
# name 3 = c0mS/cm: Conductivity [mS/cm]
# name 4 = t190C: Temperature, 2 [ITS-90, deg C]
# name 5 = c1mS/cm: Conductivity, 2 [mS/cm]
# name 6 = sbeox0ML/L: Oxygen, SBE 43 [ml/l]
# name 7 = sbeox1ML/L: Oxygen, SBE 43, 2 [ml/l]
# name 8 = flECO-AFL: Fluorescence, WET Labs ECO-AFL/FL [mg/m^3]
# name 9 = CStarTr0: Beam Transmission, WET Labs C-Star [%]
# name 10 = par: PAR/Irradiance, Biospherical/Licor
# name 11 = latitude: Latitude [deg]
# name 12 = longitude: Longitude [deg]
# name 13 = timeJ: Julian Days
# name 14 = altM: Altimeter [m]
# name 15 = spar: SPAR, Biospherical/Licor
# name 16 = timeS: Time, Elapsed [seconds]
# name 17 = scan: Scan Count
# name 18 = density00: Density [density, kg/m^3]
# name 19 = density11: Density, 2 [density, kg/m^3]
# name 20 = sal00: Salinity, Practical [PSU]
# name 21 = sal11: Salinity, Practical, 2 [PSU]
# name 22 = oxsolML/L: Oxygen Saturation, Garcia & Gordon [ml/l]
# name 23 = nbin: number of scans per bin
# name 24 = flag: flag
# span 0 =      2.000,    768.000       
# span 1 =      1.983,    758.645       
# span 2 =    -1.5209,     0.3441       
# span 3 =  27.088564,  29.300054       
# span 4 =    -1.5201,     0.3463       
# span 5 =  27.088201,  29.299807       
# span 6 =     4.6594,     7.8993       
# span 7 =     4.8899,     8.2569       
# span 8 =    -0.0216,    16.2521       
# span 9 =    77.9180,    97.2916       
# span 10 = -2.027e-05, 9.4072e+01      
# span 11 =  -74.22174,  -74.22172      
# span 12 = -112.00104, -112.00102      
# span 13 =  21.536644,  21.549319      
# span 14 =       7.81,      99.97      
# span 15 = 1.4639e+03, 1.5220e+03      
# span 16 =    202.059,   1297.194      
# span 17 =       4850,      31134      
# span 18 =  1027.1892,  1031.3089      
# span 19 =  1027.1925,  1031.3063      
# span 20 =    33.7900,    34.5020      
# span 21 =    33.7932,    34.4993      
# span 22 =    7.96650,    8.39965      
# span 23 =         26,         57      
# span 24 = 0.0000e+00, 0.0000e+00      
# interval = decibars: 1                
# start_time = Jan 21 2022 12:49:24 [NMEA time, header]
# bad_flag = -9.990e-29
*END*
[from data line 116]
    118.000    116.744    -1.3621  27.119716    -1.3621  27.119367     6.4862     6.8355     2.1887    92.9263 1.0000e-12  -74.22174 -112.00103  21.539339      99.82 1.4763e+03    434.846      10437  1027.8300  1027.8296    33.8859    33.8854    8.36939         36 0.0000e+00
    119.000    117.736    -1.3623  27.119957    -1.3619  27.119911     6.4838     6.8340     2.3263    92.3961 1.0000e-12  -74.22174 -112.00103  21.539361      99.80 1.4776e+03    436.788      10484  1027.8348  1027.8343    33.8858    33.8853    8.36944         41 0.0000e+00
    120.000    118.723    -1.3638  27.119638    -1.3637  27.119298     6.4749     6.8327     2.3124    93.3781 1.0000e-12  -74.22174 -112.00103  21.539383      99.81 1.4783e+03    438.665      10529  1027.8402  1027.8397    33.8864    33.8858    8.36973         41 0.0000e+00
    121.000    119.712    -1.3647  27.119759    -1.3645  27.119521     6.4643     6.8252     2.3750    93.0031 1.0000e-12  -74.22174 -112.00103  21.539405      95.14 1.4780e+03    440.579      10575  1027.8455  1027.8450    33.8870    33.8864    8.36991         41 0.0000e+00
    122.000    120.702    -1.3654  27.119943    -1.3651  27.119708     6.4513     6.8080     2.3048    93.2251 1.0000e-12  -74.22174 -112.00103  21.539427      99.57 1.4785e+03    442.497      10621  1027.8507  1027.8502    33.8874    33.8868    8.37004         39 0.0000e+00
    123.000    121.691    -1.3678  27.118811    -1.3678  27.118646     6.4386     6.7981     2.1626    92.0324 1.0000e-12  -74.22174 -112.00104  21.539449      99.82 1.4778e+03    444.362      10666  1027.8561  1027.8559    33.8880    33.8877    8.37055         35 0.0000e+00
    124.000    122.679    -1.3694  27.118478    -1.3692  27.118171     6.4276     6.7915     2.1855    92.9495 1.0000e-12  -74.22174 -112.00104  21.539471      99.80 1.4766e+03    446.253      10711  1027.8615  1027.8610    33.8887    33.8881    8.37086         44 0.0000e+00
    125.000    123.669    -1.3699  27.118642    -1.3697  27.118421     6.4231     6.7900     2.4084    92.1803 1.0000e-12  -74.22174 -112.00104  21.539493      99.80 1.4773e+03    448.164      10757  1027.8665  1027.8660    33.8889    33.8884    8.37097         37 0.0000e+00
    126.000    124.658    -1.3704  27.119032    -1.3703  27.118801     6.4310     6.7847     2.3860    92.7246 1.0000e-12  -74.22174 -112.00104  21.539514      99.83 1.4778e+03    450.028      10802  1027.8717  1027.8713    33.8894    33.8889    8.37105         35 0.0000e+00
    127.000    125.647    -1.3711  27.119456    -1.3710  27.119161     6.4265     6.7779     2.2157    92.8825 1.0000e-12  -74.22174 -112.00104  21.539536      99.81 1.4783e+03    451.931      10847  1027.8771  1027.8766    33.8901    33.8895    8.37116         38 0.0000e+00
    128.000    126.635    -1.3713  27.120638    -1.3711  27.120354     6.4299     6.7783     1.9085    93.2198 1.0000e-12  -74.22174 -112.00103  21.539559      93.52 1.4782e+03    453.862      10894  1027.8829  1027.8823    33.8913    33.8907    8.37113         41 0.0000e+00
    129.000    127.625    -1.3739  27.121086    -1.3737  27.120853     6.4229     6.7752     1.9012    92.9734 1.0000e-12  -74.22174 -112.00103  21.539580      99.79 1.4784e+03    455.711      10938  1027.8902  1027.8897    33.8943    33.8937    8.37155         41 0.0000e+00
    130.000    128.614    -1.3752  27.121310    -1.3750  27.121045     6.4227     6.7750     1.8661    92.8407 1.0000e-12  -74.22174 -112.00103  21.539602      99.82 1.4790e+03    457.591      10983  1027.8960  1027.8955    33.8954    33.8948    8.37176         40 0.0000e+00
    131.000    129.603    -1.3777  27.121501    -1.3773  27.121227     6.4271     6.7748     1.7676    93.4777 1.0000e-12  -74.22174 -112.00102  21.539624      99.79 1.4791e+03    459.520      11029  1027.9029  1027.9023    33.8979    33.8971    8.37217         40 0.0000e+00
    132.000    130.592    -1.3792  27.122937    -1.3789  27.122684     6.4282     6.7749     1.8647    93.8653 1.0000e-12  -74.22174 -112.00102  21.539646      99.82 1.4791e+03    461.385      11074  1027.9103  1027.9097    33.9010    33.9003    8.37234         33 0.0000e+00
    133.000    131.581    -1.3803  27.125200    -1.3801  27.124894     6.4157     6.7651     2.0608    93.5046 1.0000e-12  -74.22174 -112.00102  21.539667      99.82 1.4791e+03    463.243      11119  1027.9182  1027.9176    33.9047    33.9040    8.37237         43 0.0000e+00
    134.000    132.569    -1.3811  27.128343    -1.3806  27.128202     6.3793     6.7338     2.2066    93.5203 1.0000e-12  -74.22174 -112.00103  21.539689      99.82 1.4791e+03    465.138      11164  1027.9266  1027.9260    33.9093    33.9086    8.37226         38 0.0000e+00
    135.000    133.559    -1.3796  27.132207    -1.3791  27.131774     6.1423     6.5108     1.8714    93.4645 1.0000e-12  -74.22174 -112.00103  21.539711      97.44 1.4790e+03    467.016      11209  1027.9337  1027.9329    33.9123    33.9112    8.37174         37 0.0000e+00
    136.000    134.548    -1.3772  27.139570    -1.3768  27.139196     5.8903     6.2683     1.9004    94.0253 1.0000e-12  -74.22174 -112.00103  21.539732      99.73 1.4792e+03    468.875      11254  1027.9439  1027.9431    33.9191    33.9181    8.37081         42 0.0000e+00
    137.000    135.537    -1.3740  27.147724    -1.3736  27.147311     5.8737     6.2312     1.4712    93.6302 1.0000e-12  -74.22174 -112.00103  21.539754      99.83 1.4806e+03    470.788      11300  1027.9542  1027.9533    33.9260    33.9250    8.36967         40 0.0000e+00
    138.000    136.526    -1.3726  27.153692    -1.3720  27.153350     5.8334     6.1767     0.5331    93.3410 1.0000e-12  -74.22174 -112.00103  21.539776      99.84 1.4808e+03    472.678      11345  1027.9637  1027.9628    33.9320    33.9309    8.36900         43 0.0000e+00
    139.000    137.515    -1.3703  27.157170    -1.3698  27.156862     5.8522     6.1813     0.4763    93.8659 1.0000e-12  -74.22174 -112.00103  21.539798      99.84 1.4807e+03    474.504      11389  1027.9697  1027.9689    33.9336    33.9327    8.36839         37 0.0000e+00
    140.000    138.504    -1.3711  27.156965    -1.3708  27.156651     5.8743     6.1973     0.4234    93.8044 1.0000e-12  -74.22174 -112.00103  21.539819      99.84 1.4796e+03    476.357      11434  1027.9746  1027.9739    33.9336    33.9328    8.36858         41 0.0000e+00
    141.000    139.493    -1.3712  27.157896    -1.3709  27.157600     5.8727     6.1929     0.4562    94.5097 1.0000e-12  -74.22174 -112.00103  21.539840      99.75 1.4802e+03    478.200      11478  1027.9800  1027.9794    33.9343    33.9336    8.36855         41 0.0000e+00
    142.000    140.482    -1.3709  27.159465    -1.3705  27.159084     5.8626     6.1862     0.3983    94.8358 1.0000e-12  -74.22174 -112.00103  21.539861      94.39 1.4804e+03    479.990      11521  1027.9858  1027.9850    33.9356    33.9346    8.36842         42 0.0000e+00
    143.000    141.471    -1.3719  27.160947    -1.3715  27.160598     5.8624     6.1822     0.3387    95.2236 1.0000e-12  -74.22174 -112.00103  21.539882      99.75 1.4799e+03    481.820      11565  1027.9927  1027.9919    33.9381    33.9372    8.36849         41 0.0000e+00
    144.000    142.460    -1.3731  27.161369    -1.3726  27.161104     5.8645     6.1850     0.7811    95.2048 1.0000e-12  -74.22174 -112.00103  21.539904      99.83 1.4804e+03    483.678      11609  1027.9987  1027.9979    33.9394    33.9385    8.36867         39 0.0000e+00
    145.000    143.448    -1.3725  27.162733    -1.3721  27.162431     5.8628     6.1800     0.3912    95.8960 1.0000e-12  -74.22174 -112.00103  21.539925      99.84 1.4800e+03    485.491      11653  1028.0039  1028.0032    33.9400    33.9391    8.36851         34 0.0000e+00
    146.000    144.437    -1.3717  27.164444    -1.3713  27.164036     5.8654     6.1788     0.1384    96.0531 1.0000e-12  -74.22174 -112.00103  21.539946      99.84 1.4803e+03    487.308      11696  1028.0093  1028.0084    33.9408    33.9398    8.36828         39 0.0000e+00
    147.000    145.428    -1.3712  27.166157    -1.3708  27.165819     5.8654     6.1772     0.1230    95.9639 1.0000e-12  -74.22174 -112.00103  21.539967      99.84 1.4795e+03    489.130      11740  1028.0151  1028.0142    33.9421    33.9410    8.36811         32 0.0000e+00
    148.000    146.417    -1.3710  27.167298    -1.3704  27.166977     5.8629     6.1797     0.2016    95.9495 1.0000e-12  -74.22174 -112.00103  21.539987      99.85 1.4802e+03    490.912      11783  1028.0204  1028.0195    33.9427    33.9416    8.36801         41 0.0000e+00
    149.000    147.404    -1.3704  27.168595    -1.3700  27.168062     5.8633     6.1790     0.3292    95.9747 1.0000e-12  -74.22174 -112.00103  21.540009      97.09 1.4810e+03    492.768      11827  1028.0256  1028.0246    33.9432    33.9420    8.36785         46 0.0000e+00
    150.000    148.393    -1.3692  27.170531    -1.3688  27.170084     5.8633     6.1729     0.2250    96.5095 1.0000e-12  -74.22174 -112.00103  21.540031      99.88 1.4811e+03    494.651      11873  1028.0308  1028.0299    33.9439    33.9428    8.36754         41 0.0000e+00
    151.000    149.382    -1.3688  27.171718    -1.3682  27.171367     5.8614     6.1839     0.2933    96.5176 1.0000e-12  -74.22174 -112.00102  21.540051      99.85 1.4803e+03    496.419      11915  1028.0361  1028.0351    33.9444    33.9433    8.36741         33 0.0000e+00
    152.000    150.373    -1.3710  27.170827    -1.3695  27.171350     5.8738     6.1909     0.2497    96.3053 1.0000e-12  -74.22174 -112.00102  21.540072      99.84 1.4804e+03    498.175      11957  1028.0415  1028.0407    33.9451    33.9441    8.36787         39 0.0000e+00
    153.000    151.359    -1.3740  27.169283    -1.3736  27.168806     5.8863     6.1906     0.1299    96.4956 1.0000e-12  -74.22174 -112.00104  21.540092      99.85 1.4799e+03    499.967      12000  1028.0471  1028.0462    33.9458    33.9447    8.36851         37 0.0000e+00
    154.000    152.349    -1.3742  27.169740    -1.3735  27.169372     5.8826     6.1974     0.1422    96.5465 1.0000e-12  -74.22174 -112.00104  21.540113      99.84 1.4800e+03    501.728      12042  1028.0520  1028.0510    33.9459    33.9447    8.36853         36 0.0000e+00
    155.000    153.338    -1.3743  27.170135    -1.3736  27.169843     5.8797     6.1993     0.1208    96.6504 1.0000e-12  -74.22174 -112.00104  21.540133      99.85 1.4806e+03    503.492      12085  1028.0568  1028.0559    33.9460    33.9449    8.36855         41 0.0000e+00
    156.000    154.327    -1.3739  27.170735    -1.3732  27.170349     5.8778     6.1960     0.2777    96.5622 1.0000e-12  -74.22174 -112.00104  21.540154      99.84 1.4810e+03    505.274      12128  1028.0614  1028.0603    33.9457    33.9444    8.36848         40 0.0000e+00
    157.000    155.316    -1.3738  27.171375    -1.3731  27.171105     5.8758     6.1970     0.6103    96.6350 1.0000e-12  -74.22174 -112.00104  21.540173      99.84 1.4813e+03    506.989      12169  1028.0663  1028.0653    33.9459    33.9447    8.36845         38 0.0000e+00
    158.000    156.305    -1.3735  27.171971    -1.3727  27.171797     5.8784     6.1957     0.2861    96.7133 1.0000e-12  -74.22174 -112.00104  21.540193      99.84 1.4809e+03    508.665      12209  1028.0710  1028.0700    33.9458    33.9445    8.36840         41 0.0000e+00
    159.000    157.293    -1.3734  27.172626    -1.3726  27.172394     5.8772     6.1922     0.2195    96.6988 1.0000e-12  -74.22174 -112.00104  21.540213      99.85 1.4822e+03    510.386      12250  1028.0760  1028.0749    33.9459    33.9447    8.36837         39 0.0000e+00
    160.000    158.283    -1.3733  27.173213    -1.3727  27.172834     5.8797     6.1895     0.6415    96.6815 1.0000e-12  -74.22174 -112.00104  21.540233      99.84 1.4827e+03    512.087      12291  1028.0808  1028.0797    33.9460    33.9447    8.36834         39 0.0000e+00
    161.000    159.273    -1.3735  27.173544    -1.3728  27.173136     5.8765     6.1934     0.3894    96.6523 1.0000e-12  -74.22174 -112.00104  21.540252      99.84 1.4820e+03    513.751      12331  1028.0856  1028.0845    33.9461    33.9447    8.36838         36 0.0000e+00
    162.000    160.260    -1.3735  27.174210    -1.3729  27.173721     5.8950     6.2084     0.1701    96.6805 1.0000e-12  -74.22174 -112.00104  21.540271      99.85 1.4810e+03    515.416      12371  1028.0907  1028.0895    33.9464    33.9450    8.36836         37 0.0000e+00
    163.000    161.249    -1.3735  27.175270    -1.3729  27.174673     5.9221     6.2438     0.0975    96.6502 1.0000e-12  -74.22174 -112.00104  21.540290      99.85 1.4802e+03    517.081      12411  1028.0961  1028.0949    33.9472    33.9457    8.36831         34 0.0000e+00
    164.000    162.238    -1.3742  27.176208    -1.3743  27.175412     5.9333     6.2489     0.1574    96.7552 1.0000e-12  -74.22174 -112.00104  21.540309      97.43 1.4812e+03    518.725      12450  1028.1021  1028.1013    33.9486    33.9476    8.36837         35 0.0000e+00
    165.000    163.228    -1.3753  27.176324    -1.3749  27.175692     5.9180     6.2338     0.1786    96.6368 1.0000e-12  -74.22174 -112.00104  21.540325      99.80 1.4819e+03    520.101      12483  1028.1076  1028.1065    33.9494    33.9481    8.36858         31 0.0000e+00
    166.000    164.215    -1.3756  27.177286    -1.3751  27.176884     5.9257     6.2388     0.2217    96.5891 1.0000e-12  -74.22174 -112.00104  21.540340      99.84 1.4826e+03    521.363      12514  1028.1133  1028.1124    33.9505    33.9493    8.36859         29 0.0000e+00
    167.000    165.203    -1.3761  27.178086    -1.3755  27.177736     5.9281     6.2559     0.2094    96.5323 1.0000e-12  -74.22174 -112.00104  21.540354      99.84 1.4826e+03    522.603      12543  1028.1189  1028.1180    33.9515    33.9504    8.36863         30 0.0000e+00
    168.000    166.195    -1.3774  27.178157    -1.3773  27.177642     5.9441     6.2588     0.1632    96.5758 1.0000e-12  -74.22174 -112.00104  21.540368      99.84 1.4826e+03    523.823      12573  1028.1246  1028.1240    33.9525    33.9516    8.36888         27 0.0000e+00
    169.000    167.183    -1.3811  27.176515    -1.3806  27.176097     5.9515     6.2635     0.1574    96.5062 1.0000e-12  -74.22174 -112.00104  21.540382      99.84 1.4828e+03    525.025      12602  1028.1307  1028.1297    33.9537    33.9526    8.36962         28 0.0000e+00
    170.000    168.171    -1.3815  27.176962    -1.3809  27.176595     5.9739     6.2765     0.2173    96.5977 1.0000e-12  -74.22174 -112.00104  21.540396      99.85 1.4826e+03    526.223      12630  1028.1359  1028.1349    33.9542    33.9530    8.36969         29 0.0000e+00
    171.000    169.160    -1.3828  27.176918    -1.3824  27.176448     6.0158     6.3237     0.2187    96.5923 1.0000e-12  -74.22174 -112.00104  21.540410      99.84 1.4818e+03    527.434      12659  1028.1413  1028.1404    33.9550    33.9539    8.36993         30 0.0000e+00
    172.000    170.149    -1.3915  27.171254    -1.3899  27.171857     6.0796     6.4052     0.2884    96.6036 1.0000e-12  -74.22174 -112.00104  21.540424      99.85 1.4814e+03    528.654      12689  1028.1479  1028.1469    33.9564    33.9554    8.37180         29 0.0000e+00
    173.000    171.137    -1.3970  27.168084    -1.3985  27.166145     6.1721     6.4967     0.2220    96.4057 1.0000e-12  -74.22174 -112.00104  21.540438      99.84 1.4821e+03    529.859      12718  1028.1540  1028.1533    33.9577    33.9568    8.37296         29 0.0000e+00
    174.000    172.127    -1.4166  27.152599    -1.4181  27.151210     6.2466     6.5523     0.2557    96.5841 1.0000e-12  -74.22174 -112.00104  21.540452      90.92 1.4819e+03    531.053      12746  1028.1602  1028.1601    33.9580    33.9579    8.37734         28 0.0000e+00
