ocean_section_plots/required_files/ctd/dnbp2202_ctd209.cnv
* Sea-Bird SBE 9 Data File:
* FileName = D:\Data\raw\NBP2202_CTD209.hex
* Software Version Seasave V 7.26.7.121
* Temperature SN = 1649
* Conductivity SN = 2513
* Number of Bytes Per Scan = 40
* Number of Voltage Words = 5
* Number of Scans Averaged by the Deck Unit = 1
* NMEA Latitude = 74 08.15 S
* NMEA Longitude = 113 24.25 W
* NMEA UTC (Time) = Feb 10 2022  09:12:07
* NMEA baud rate = 9600
** Ship: RVIB N.B. Palmer
** Cruise: NBP2202 Thwaites
** Station: Tow-Yo #3
** Operator: B. Bjork
# nquan = 28
# nvalues = 404                         
# units = specified
# name 0 = prDM: Pressure, Digiquartz [db]
# name 1 = depSM: Depth [salt water, m]
# name 2 = t090C: Temperature [ITS-90, deg C]
# name 3 = c0mS/cm: Conductivity [mS/cm]
# name 4 = t190C: Temperature, 2 [ITS-90, deg C]
# name 5 = c1mS/cm: Conductivity, 2 [mS/cm]
# name 6 = sbeox0ML/L: Oxygen, SBE 43 [ml/l]
# name 7 = sbeox1ML/L: Oxygen, SBE 43, 2 [ml/l]
# name 8 = flECO-AFL: Fluorescence, WET Labs ECO-AFL/FL [mg/m^3]
# name 9 = CStarTr0: Beam Transmission, WET Labs C-Star [%]
# name 10 = par: PAR/Irradiance, Biospherical/Licor
# name 11 = latitude: Latitude [deg]
# name 12 = longitude: Longitude [deg]
# name 13 = timeJ: Julian Days
# name 14 = altM: Altimeter [m]
# name 15 = spar: SPAR, Biospherical/Licor
# name 16 = timeS: Time, Elapsed [seconds]
# name 17 = scan: Scan Count
# name 18 = density00: Density [density, kg/m^3]
# name 19 = density11: Density, 2 [density, kg/m^3]
# name 20 = v3: Voltage 3
# name 21 = v4: Voltage 4
# name 22 = v5: Voltage 5
# name 23 = sal00: Salinity, Practical [PSU]
# name 24 = sal11: Salinity, Practical, 2 [PSU]
# name 25 = oxsolML/L: Oxygen Saturation, Garcia & Gordon [ml/l]
# name 26 = nbin: number of scans per bin
# name 27 = flag: flag
# span 0 =     10.000,    413.000       
# span 1 =      9.896,    408.322       
# span 2 =    -1.4677,    -0.2114       
# span 3 =  27.026032,  28.498431       
# span 4 =    -1.4665,    -0.2091       
# span 5 =  27.026236,  28.498394       
# span 6 =     4.8109,     8.5900       
# span 7 =     4.9594,     8.8590       
# span 8 =    -0.0205,    20.8497       
# span 9 =    77.0162,    97.8916       
# span 10 = 1.0000e-12, 5.0482e-01      
# span 11 =  -74.13703,  -74.13594      
# span 12 = -113.40377, -113.39620      
# span 13 =  41.383713,  41.389625      
# span 14 =       9.12,     100.18      
# span 15 = 2.8939e+01, 3.5956e+01      
# span 16 =     25.783,    536.600      
# span 17 =        620,      12879      
# span 18 =  1027.1944,  1029.4936      
# span 19 =  1027.1931,  1029.4914      
# span 20 =     3.6529,     4.6438      
# span 21 =     0.0634,     3.3861      
# span 22 =     0.1241,     0.2403      
# span 23 =    33.7517,    34.2731      
# span 24 =    33.7503,    34.2705      
# span 25 =    8.09569,    8.39309      
# span 26 =         19,         46      
# span 27 = 0.0000e+00, 0.0000e+00      
# interval = decibars: 1                
# start_time = Feb 10 2022 09:12:07 [NMEA time, header]
# bad_flag = -9.990e-29
*END*
[from data line 363]
    373.000    368.808    -0.2701  28.414827    -0.2679  28.414684     4.8414     4.9860    -0.0127    97.6863 1.0000e-12  -74.13690 -113.39722  41.388778      49.00 3.1101e+01    463.398      11123  1029.2900  1029.2878     4.6341     0.0650     0.1365    34.2515    34.2489    8.10939         25 0.0000e+00
    374.000    369.795    -0.2679  28.417534    -0.2658  28.417401     4.8398     4.9862    -0.0179    97.6945 1.0000e-12  -74.13690 -113.39722  41.388790      47.97 2.9978e+01    464.450      11148  1029.2951  1029.2929     4.6344     0.0646     0.1374    34.2521    34.2496    8.10890         25 0.0000e+00
    375.000    370.784    -0.2650  28.421182    -0.2629  28.421223     4.8362     4.9867    -0.0118    97.6729 1.0000e-12  -74.13690 -113.39720  41.388802      46.80 3.1169e+01    465.501      11173  1029.3005  1029.2984     4.6335     0.0644     0.1380    34.2531    34.2507    8.10823         25 0.0000e+00
    376.000    371.771    -0.2636  28.423524    -0.2608  28.423884     4.8347     4.9854    -0.0121    97.6625 1.0000e-12  -74.13690 -113.39719  41.388814      45.78 3.1097e+01    466.552      11198  1029.3058  1029.3036     4.6330     0.0664     0.1376    34.2540    34.2514    8.10786         25 0.0000e+00
    377.000    372.759    -0.2621  28.425473    -0.2598  28.425416     4.8359     4.9728    -0.0201    97.6455 1.0000e-12  -74.13690 -113.39717  41.388826      44.81 3.0043e+01    467.598      11223  1029.3108  1029.3085     4.6322     0.0664     0.1378    34.2544    34.2517    8.10753         26 0.0000e+00
    378.000    373.746    -0.2617  28.426332    -0.2596  28.426143     4.8342     4.9776    -0.0113    97.6546 1.0000e-12  -74.13690 -113.39715  41.388839      43.87 3.1203e+01    468.710      11250  1029.3156  1029.3133     4.6326     0.0662     0.1363    34.2544    34.2518    8.10744         29 0.0000e+00
    379.000    374.736    -0.2616  28.426672    -0.2599  28.426322     4.8334     4.9827    -0.0060    97.6549 1.0000e-12  -74.13690 -113.39714  41.388854      42.69 3.0911e+01    469.972      11280  1029.3202  1029.3182     4.6326     0.0643     0.1392    34.2542    34.2519    8.10744         30 0.0000e+00
    380.000    375.722    -0.2619  28.426967    -0.2596  28.427014     4.8270     4.9809    -0.0118    97.6611 1.0000e-12  -74.13690 -113.39712  41.388869      41.78 2.9978e+01    471.259      11311  1029.3251  1029.3229     4.6329     0.0664     0.1383    34.2543    34.2518    8.10749         32 0.0000e+00
    381.000    376.710    -0.2612  28.428108    -0.2591  28.427936     4.8374     4.9796    -0.0123    97.6524 1.0000e-12  -74.13690 -113.39709  41.388884      40.79 3.0405e+01    472.589      11343  1029.3299  1029.3278     4.6325     0.0661     0.1361    34.2545    34.2519    8.10733         32 0.0000e+00
    382.000    377.699    -0.2594  28.430788    -0.2569  28.430908     4.8340     4.9743    -0.0047    97.6628 1.0000e-12  -74.13690 -113.39708  41.388900      39.73 3.1129e+01    473.942      11376  1029.3353  1029.3330     4.6330     0.0654     0.1373    34.2554    34.2528    8.10690         32 0.0000e+00
    383.000    378.686    -0.2575  28.433243    -0.2553  28.433186     4.8350     4.9750    -0.0114    97.6644 1.0000e-12  -74.13692 -113.39706  41.388915      38.87 2.9966e+01    475.274      11408  1029.3404  1029.3381     4.6331     0.0634     0.1377    34.2560    34.2534    8.10647         32 0.0000e+00
    384.000    379.674    -0.2575  28.433603    -0.2553  28.433574     4.8319     4.9798    -0.0150    97.6828 1.0000e-12  -74.13692 -113.39703  41.388931      37.82 3.0291e+01    476.630      11440  1029.3451  1029.3429     4.6339     0.0642     0.1367    34.2559    34.2534    8.10647         33 0.0000e+00
    385.000    380.662    -0.2564  28.435543    -0.2535  28.436032     4.8283     4.9828    -0.0113    97.5864 1.0000e-12  -74.13692 -113.39702  41.388947      36.77 3.1470e+01    478.006      11473  1029.3504  1029.3481     4.6294     0.0655     0.1367    34.2566    34.2540    8.10620         33 0.0000e+00
    386.000    381.647    -0.2493  28.444198    -0.2462  28.444855     4.8244     4.9781    -0.0023    97.5685 1.0000e-12  -74.13692 -113.39700  41.388962      35.81 3.0161e+01    479.360      11506  1029.3568  1029.3545     4.6285     0.0662     0.1375    34.2595    34.2569    8.10451         30 0.0000e+00
    387.000    382.639    -0.2453  28.448891    -0.2429  28.448906     4.8262     4.9791    -0.0056    97.6385 1.0000e-12  -74.13692 -113.39697  41.388978      34.79 3.0820e+01    480.738      11539  1029.3623  1029.3600     4.6318     0.0673     0.1406    34.2607    34.2580    8.10360         35 0.0000e+00
    388.000    383.625    -0.2448  28.449829    -0.2425  28.449763     4.8284     4.9792    -0.0117    97.6632 1.0000e-12  -74.13692 -113.39694  41.388995      33.82 3.1121e+01    482.124      11572  1029.3670  1029.3648     4.6330     0.0654     0.1393    34.2608    34.2582    8.10348         32 0.0000e+00
    389.000    384.613    -0.2446  28.450540    -0.2422  28.450539     4.8257     4.9680    -0.0123    97.6604 1.0000e-12  -74.13694 -113.39692  41.389010      32.80 2.9968e+01    483.480      11605  1029.3720  1029.3697     4.6329     0.0652     0.1383    34.2610    34.2583    8.10344         32 0.0000e+00
    390.000    385.600    -0.2439  28.451627    -0.2414  28.451725     4.8263     4.9717    -0.0053    97.6614 1.0000e-12  -74.13694 -113.39691  41.389026      31.74 3.0488e+01    484.854      11638  1029.3768  1029.3745     4.6329     0.0653     0.1375    34.2610    34.2584    8.10328         34 0.0000e+00
    391.000    386.589    -0.2435  28.452541    -0.2412  28.452596     4.8276     4.9741    -0.0118    97.6604 1.0000e-12  -74.13694 -113.39688  41.389042      30.68 3.1130e+01    486.237      11671  1029.3816  1029.3795     4.6328     0.0650     0.1363    34.2611    34.2587    8.10318         32 0.0000e+00
    392.000    387.576    -0.2428  28.453775    -0.2406  28.453589     4.8216     4.9734    -0.0155    97.6508 1.0000e-12  -74.13694 -113.39686  41.389058      29.71 2.9971e+01    487.581      11703  1029.3865  1029.3842     4.6325     0.0660     0.1408    34.2614    34.2587    8.10302         33 0.0000e+00
    393.000    388.565    -0.2402  28.457271    -0.2382  28.456749     4.8193     4.9747    -0.0155    97.6515 1.0000e-12  -74.13694 -113.39685  41.389073      28.71 3.0420e+01    488.936      11735  1029.3920  1029.3895     4.6324     0.0658     0.1369    34.2626    34.2597    8.10241         31 0.0000e+00
    394.000    389.552    -0.2356  28.462983    -0.2331  28.463008     4.8185     4.9745    -0.0123    97.6603 1.0000e-12  -74.13694 -113.39682  41.389089      27.73 3.0846e+01    490.297      11768  1029.3979  1029.3955     4.6329     0.0672     0.1364    34.2644    34.2616    8.10132         32 0.0000e+00
    395.000    390.539    -0.2306  28.469240    -0.2274  28.469995     4.8136     4.9691    -0.0120    97.6590 1.0000e-12  -74.13694 -113.39680  41.389105      26.74 3.0005e+01    491.638      11800  1029.4039  1029.4017     4.6328     0.0659     0.1383    34.2665    34.2640    8.10014         31 0.0000e+00
    396.000    391.528    -0.2256  28.475043    -0.2235  28.474736     4.8182     4.9629    -0.0120    97.6400 1.0000e-12  -74.13694 -113.39678  41.389121      25.67 3.0388e+01    493.082      11835  1029.4096  1029.4072     4.6319     0.0666     0.1369    34.2681    34.2652    8.09900         34 0.0000e+00
    397.000    392.515    -0.2248  28.476341    -0.2225  28.476231     4.8223     4.9689    -0.0168    97.6586 1.0000e-12  -74.13696 -113.39675  41.389139      24.70 3.0866e+01    494.642      11872  1029.4145  1029.4122     4.6328     0.0668     0.1381    34.2683    34.2656    8.09881         39 0.0000e+00
    398.000    393.503    -0.2239  28.477661    -0.2216  28.477654     4.8205     4.9655    -0.0119    97.6401 1.0000e-12  -74.13696 -113.39673  41.389159      23.75 3.0064e+01    496.372      11914  1029.4194  1029.4172     4.6319     0.0654     0.1418    34.2684    34.2659    8.09861         35 0.0000e+00
    399.000    394.489    -0.2230  28.479092    -0.2207  28.479042     4.8189     4.9612    -0.0045    97.6359 1.0000e-12  -74.13696 -113.39670  41.389181      22.75 3.0213e+01    498.223      11958  1029.4243  1029.4221     4.6318     0.0667     0.1393    34.2688    34.2661    8.09841         36 0.0000e+00
    400.000    395.479    -0.2229  28.479592    -0.2206  28.479522     4.8160     4.9678    -0.0106    97.6185 1.0000e-12  -74.13696 -113.39667  41.389203      21.74 3.0547e+01    500.125      12004  1029.4290  1029.4268     4.6309     0.0655     0.1446    34.2687    34.2660    8.09838         45 0.0000e+00
    401.000    396.464    -0.2225  28.480500    -0.2199  28.480787     4.8160     4.9668    -0.0059    97.6205 1.0000e-12  -74.13698 -113.39664  41.389226      20.77 2.9932e+01    502.165      12053  1029.4339  1029.4317     4.6309     0.0667     0.1382    34.2689    34.2663    8.09829         29 0.0000e+00
    402.000    397.454    -0.2229  28.480436    -0.2206  28.480335     4.8218     4.9645    -0.0147    97.6314 1.0000e-12  -74.13698 -113.39660  41.389250      19.77 3.0258e+01    504.227      12102  1029.4386  1029.4363     4.6315     0.0664     0.1374    34.2686    34.2660    8.09839         36 0.0000e+00
    403.000    398.441    -0.2230  28.480558    -0.2207  28.480769     4.8139     4.9636    -0.0120    97.6256 1.0000e-12  -74.13698 -113.39658  41.389274      18.82 3.0901e+01    506.273      12152  1029.4431  1029.4411     4.6313     0.0668     0.1387    34.2683    34.2661    8.09843         35 0.0000e+00
    404.000    399.431    -0.2219  28.482443    -0.2195  28.482500     4.8167     4.9683    -0.0048    97.6307 1.0000e-12  -74.13698 -113.39655  41.389298      17.83 2.9600e+01    508.310      12200  1029.4483  1029.4461     4.6315     0.0667     0.1386    34.2690    34.2664    8.09815         44 0.0000e+00
    405.000    400.418    -0.2198  28.485492    -0.2171  28.485837     4.8173     4.9676    -0.0179    97.6234 1.0000e-12  -74.13698 -113.39651  41.389322      16.81 2.9970e+01    510.396      12251  1029.4537  1029.4515     4.6312     0.0660     0.1374    34.2701    34.2675    8.09765         41 0.0000e+00
    406.000    401.404    -0.2168  28.489169    -0.2147  28.488937     4.8182     4.9596    -0.0150    97.6206 1.0000e-12  -74.13700 -113.39649  41.389346      15.83 3.0731e+01    512.539      12302  1029.4590  1029.4568     4.6310     0.0674     0.1369    34.2710    34.2684    8.09695         43 0.0000e+00
    407.000    402.393    -0.2169  28.489460    -0.2147  28.489438     4.8136     4.9632    -0.0116    97.6360 1.0000e-12  -74.13700 -113.39647  41.389373      14.85 2.9981e+01    514.871      12358  1029.4638  1029.4616     4.6317     0.0672     0.1400    34.2709    34.2685    8.09698         40 0.0000e+00
    408.000    403.379    -0.2158  28.491086    -0.2137  28.491005     4.8186     4.9632    -0.0031    97.6397 1.0000e-12  -74.13700 -113.39643  41.389402      13.80 2.9969e+01    517.318      12417  1029.4687  1029.4666     4.6319     0.0667     0.1374    34.2713    34.2688    8.09674         37 0.0000e+00
    409.000    404.368    -0.2148  28.492779    -0.2125  28.492804     4.8145     4.9619    -0.0122    97.6102 1.0000e-12  -74.13700 -113.39640  41.389429      12.83 2.9969e+01    519.710      12474  1029.4738  1029.4716     4.6304     0.0678     0.1382    34.2718    34.2693    8.09648         42 0.0000e+00
    410.000    405.357    -0.2133  28.494855    -0.2111  28.494836     4.8143     4.9594    -0.0093    97.6149 1.0000e-12  -74.13700 -113.39638  41.389457      11.78 2.9519e+01    522.109      12532  1029.4788  1029.4767     4.6307     0.0661     0.1385    34.2723    34.2698    8.09614         38 0.0000e+00
    411.000    406.342    -0.2127  28.495950    -0.2105  28.495979     4.8109     4.9595    -0.0072    97.6216 1.0000e-12  -74.13702 -113.39633  41.389503      10.79 2.9419e+01    526.059      12626  1029.4837  1029.4816     4.6310     0.0680     0.1390    34.2724    34.2700    8.09600         45 0.0000e+00
    412.000    407.331    -0.2121  28.497068    -0.2100  28.496997     4.8124     4.9600    -0.0112    97.6114 1.0000e-12  -74.13702 -113.39629  41.389538       9.89 3.0130e+01    529.119      12700  1029.4885  1029.4865     4.6305     0.0682     0.1377    34.2726    34.2702    8.09586         36 0.0000e+00
    413.000    408.322    -0.2114  28.498431    -0.2091  28.498394     4.8151     4.9620    -0.0149    97.6099 1.0000e-12  -74.13703 -113.39620  41.389625       9.12 2.8939e+01    536.600      12879  1029.4936  1029.4914     4.6305     0.0671     0.1391    34.2731    34.2705    8.09569         44 0.0000e+00
