ocean_section_plots/required_files/ctd/dnbp2202_ctd227.cnv
* Sea-Bird SBE 9 Data File:
* FileName = D:\Data\raw\NBP2202_CTD227.hex
* Software Version Seasave V 7.26.7.121
* Temperature SN = 1649
* Conductivity SN = 2513
* Number of Bytes Per Scan = 40
* Number of Voltage Words = 5
* Number of Scans Averaged by the Deck Unit = 1
* NMEA Latitude = 74 01.78 S
* NMEA Longitude = 111 33.55 W
* NMEA UTC (Time) = Feb 12 2022  14:57:34
* NMEA baud rate = 9600
** Ship: RVIB N.B. Palmer
** Cruise: NBP2202 Thwaites
** Station: 138
** Operator: A. Robinson
# nquan = 28
# nvalues = 397                         
# units = specified
# name 0 = prDM: Pressure, Digiquartz [db]
# name 1 = depSM: Depth [salt water, m]
# name 2 = t090C: Temperature [ITS-90, deg C]
# name 3 = c0mS/cm: Conductivity [mS/cm]
# name 4 = t190C: Temperature, 2 [ITS-90, deg C]
# name 5 = c1mS/cm: Conductivity, 2 [mS/cm]
# name 6 = sbeox0ML/L: Oxygen, SBE 43 [ml/l]
# name 7 = sbeox1ML/L: Oxygen, SBE 43, 2 [ml/l]
# name 8 = flECO-AFL: Fluorescence, WET Labs ECO-AFL/FL [mg/m^3]
# name 9 = CStarTr0: Beam Transmission, WET Labs C-Star [%]
# name 10 = par: PAR/Irradiance, Biospherical/Licor
# name 11 = latitude: Latitude [deg]
# name 12 = longitude: Longitude [deg]
# name 13 = timeJ: Julian Days
# name 14 = altM: Altimeter [m]
# name 15 = spar: SPAR, Biospherical/Licor
# name 16 = timeS: Time, Elapsed [seconds]
# name 17 = scan: Scan Count
# name 18 = density00: Density [density, kg/m^3]
# name 19 = density11: Density, 2 [density, kg/m^3]
# name 20 = v3: Voltage 3
# name 21 = v4: Voltage 4
# name 22 = v5: Voltage 5
# name 23 = sal00: Salinity, Practical [PSU]
# name 24 = sal11: Salinity, Practical, 2 [PSU]
# name 25 = oxsolML/L: Oxygen Saturation, Garcia & Gordon [ml/l]
# name 26 = nbin: number of scans per bin
# name 27 = flag: flag
# span 0 =      2.000,    398.000       
# span 1 =      1.980,    393.507       
# span 2 =    -1.5719,    -0.5188       
# span 3 =  26.933253,  28.245868       
# span 4 =    -1.5709,    -0.5165       
# span 5 =  26.933566,  28.246004       
# span 6 =     5.3816,     6.4757       
# span 7 =     5.5368,     6.6732       
# span 8 =    -0.0068,     3.0077       
# span 9 =    93.1984,    97.3522       
# span 10 = 1.0000e-12, 1.5353e+02      
# span 11 =  -74.02970,  -74.02935      
# span 12 = -111.55928, -111.55844      
# span 13 =  43.625849,  43.632134      
# span 14 =       2.14,      99.99      
# span 15 = 1.1824e+03, 1.8409e+03      
# span 16 =    219.377,    762.356      
# span 17 =       5266,      18298      
# span 18 =  1027.2024,  1029.4499      
# span 19 =  1027.2026,  1029.4479      
# span 20 =     4.4212,     4.6182      
# span 21 =     0.0671,     0.4521      
# span 22 =     0.1198,     0.1528      
# span 23 =    33.7970,    34.2909      
# span 24 =    33.7961,    34.2886      
# span 25 =    8.16036,    8.41093      
# span 26 =         22,         45      
# span 27 = 0.0000e+00, 0.0000e+00      
# interval = decibars: 1                
# start_time = Feb 12 2022 14:57:34 [NMEA time, header]
# bad_flag = -9.990e-29
*END*
[from data line 259]
    261.000    258.137    -1.4422  27.237875    -1.4411  27.237779     6.2361     6.4373     0.1164    97.0937 1.0000e-12  -74.02970 -111.55926  43.629688      99.95 1.7209e+03    551.018      13225  1028.6515  1028.6503     4.6060     0.0894     0.1276    34.0504    34.0490    8.37760         24 0.0000e+00
    262.000    259.126    -1.4418  27.238834    -1.4406  27.238851     6.2374     6.4342     0.1437    97.1871 1.0000e-12  -74.02970 -111.55926  43.629699      99.95 1.7236e+03    552.006      13249  1028.6565  1028.6554     4.6105     0.0935     0.1282    34.0507    34.0494    8.37750         23 0.0000e+00
    263.000    260.115    -1.4413  27.240058    -1.4403  27.239858     6.2325     6.4315     0.1116    97.1535 1.0000e-12  -74.02970 -111.55926  43.629711      99.95 1.7377e+03    553.008      13273  1028.6618  1028.6606     4.6088     0.0860     0.1247    34.0512    34.0497    8.37736         25 0.0000e+00
    264.000    261.102    -1.4411  27.241153    -1.4400  27.241024     6.2173     6.4173     0.1127    97.1183 1.0000e-12  -74.02970 -111.55926  43.629722      99.95 1.7506e+03    554.001      13297  1028.6671  1028.6659     4.6072     0.0881     0.1262    34.0518    34.0504    8.37727         23 0.0000e+00
    265.000    262.091    -1.4288  27.254946    -1.4275  27.254501     6.1930     6.3948     0.1431    97.1126 1.0000e-12  -74.02970 -111.55926  43.629734      99.95 1.7553e+03    554.991      13321  1028.6747  1028.6729     4.6069     0.0909     0.1257    34.0562    34.0542    8.37425         24 0.0000e+00
    266.000    263.081    -1.4086  27.275356    -1.4069  27.275132     6.1716     6.3711     0.1397    97.1007 1.0000e-12  -74.02970 -111.55926  43.629745      99.86 1.7569e+03    555.990      13345  1028.6818  1028.6799     4.6063     0.0877     0.1218    34.0607    34.0584    8.36944         24 0.0000e+00
    267.000    264.068    -1.3887  27.295228    -1.3875  27.294811     6.1617     6.3591     0.1109    97.0653 1.0000e-12  -74.02970 -111.55926  43.629757      95.34 1.7556e+03    556.982      13369  1028.6887  1028.6871     4.6047     0.0904     0.1267    34.0648    34.0628    8.36474         24 0.0000e+00
    268.000    265.056    -1.3782  27.305893    -1.3772  27.305825     6.1651     6.3562     0.1486    97.0484 1.0000e-12  -74.02970 -111.55926  43.629768      99.91 1.7544e+03    557.971      13392  1028.6947  1028.6936     4.6038     0.0851     0.1234    34.0668    34.0656    8.36225         24 0.0000e+00
    269.000    266.045    -1.3790  27.305939    -1.3775  27.306201     6.1643     6.3590     0.2230    97.0983 1.0000e-12  -74.02970 -111.55926  43.629780      99.94 1.7540e+03    558.971      13416  1028.7000  1028.6989     4.6062     0.0859     0.1257    34.0672    34.0659    8.36241         24 0.0000e+00
    270.000    267.034    -1.3832  27.303222    -1.3820  27.303256     6.1735     6.3625     0.0864    97.1263 1.0000e-12  -74.02970 -111.55926  43.629791      99.95 1.7403e+03    559.969      13440  1028.7056  1028.7045     4.6075     0.0861     0.1264    34.0676    34.0663    8.36333         24 0.0000e+00
    271.000    268.022    -1.3847  27.302740    -1.3835  27.302639     6.1803     6.3642     0.1234    97.1234 1.0000e-12  -74.02970 -111.55926  43.629803      99.95 1.7210e+03    560.969      13464  1028.7110  1028.7098     4.6074     0.0933     0.1229    34.0681    34.0666    8.36364         24 0.0000e+00
    272.000    269.010    -1.3835  27.304908    -1.3822  27.304831     6.1782     6.3628     0.0707    97.0892 1.0000e-12  -74.02970 -111.55926  43.629814      99.95 1.7125e+03    561.974      13488  1028.7166  1028.7153     4.6057     0.0851     0.1242    34.0690    34.0675    8.36331         24 0.0000e+00
    273.000    269.997    -1.3819  27.307212    -1.3808  27.307033     6.1732     6.3678     0.0857    97.0987 1.0000e-12  -74.02970 -111.55926  43.629826      99.95 1.7180e+03    562.980      13513  1028.7219  1028.7207     4.6062     0.0838     0.1261    34.0697    34.0682    8.36290         24 0.0000e+00
    274.000    270.988    -1.3775  27.312061    -1.3763  27.311925     6.1752     6.3624     0.0994    97.1026 1.0000e-12  -74.02970 -111.55926  43.629838      99.95 1.7369e+03    563.964      13536  1028.7273  1028.7261     4.6064     0.0843     0.1287    34.0708    34.0692    8.36185         23 0.0000e+00
    275.000    271.974    -1.3753  27.315310    -1.3740  27.315279     6.1960     6.3579     0.1078    97.0950 1.0000e-12  -74.02970 -111.55926  43.629849      99.95 1.7553e+03    564.969      13560  1028.7332  1028.7319     4.6060     0.0873     0.1264    34.0721    34.0707    8.36128         25 0.0000e+00
    276.000    272.963    -1.3737  27.317818    -1.3723  27.318004     6.1746     6.3682     0.1525    97.0593 1.0000e-12  -74.02970 -111.55926  43.629861      99.95 1.7619e+03    565.972      13584  1028.7388  1028.7377     4.6044     0.0875     0.1286    34.0731    34.0719    8.36087         24 0.0000e+00
    277.000    273.951    -1.3730  27.319664    -1.3717  27.319605     6.1762     6.3667     0.1339    97.1043 1.0000e-12  -74.02970 -111.55926  43.629872      99.95 1.7632e+03    566.961      13608  1028.7445  1028.7433     4.6065     0.0861     0.1245    34.0743    34.0727    8.36065         24 0.0000e+00
    278.000    274.940    -1.3729  27.320229    -1.3718  27.320118     6.1830     6.3692     0.0868    97.0904 1.0000e-12  -74.02970 -111.55926  43.629884      99.95 1.7669e+03    567.962      13632  1028.7494  1028.7482     4.6058     0.0850     0.1270    34.0744    34.0729    8.36063         24 0.0000e+00
    279.000    275.929    -1.3722  27.321878    -1.3710  27.321717     6.1689     6.3706     0.0772    97.1556 1.0000e-12  -74.02970 -111.55926  43.629896      89.20 1.7601e+03    568.980      13657  1028.7549  1028.7536     4.6089     0.0844     0.1244    34.0751    34.0736    8.36041         24 0.0000e+00
    280.000    276.916    -1.3715  27.323079    -1.3703  27.322910     6.1689     6.3690     0.0778    97.1749 1.0000e-12  -74.02970 -111.55926  43.629907      95.95 1.7541e+03    569.981      13681  1028.7599  1028.7586     4.6098     0.0814     0.1243    34.0754    34.0738    8.36024         24 0.0000e+00
    281.000    277.904    -1.3701  27.324987    -1.3689  27.324880     6.1679     6.3655     0.0716    97.1339 1.0000e-12  -74.02970 -111.55926  43.629919      99.90 1.7263e+03    570.960      13704  1028.7650  1028.7637     4.6079     0.0858     0.1244    34.0758    34.0743    8.35990         23 0.0000e+00
    282.000    278.893    -1.3681  27.327537    -1.3670  27.327414     6.1769     6.3682     0.0751    97.0591 1.0000e-12  -74.02970 -111.55926  43.629930      99.94 1.6787e+03    571.950      13728  1028.7702  1028.7690     4.6044     0.1065     0.1223    34.0764    34.0750    8.35942         24 0.0000e+00
    283.000    279.882    -1.3672  27.329103    -1.3660  27.329015     6.1765     6.3609     0.0805    97.0892 1.0000e-12  -74.02970 -111.55926  43.629942      99.95 1.6483e+03    572.944      13752  1028.7753  1028.7742     4.6058     0.0855     0.1260    34.0769    34.0755    8.35918         24 0.0000e+00
    284.000    280.869    -1.3641  27.333216    -1.3629  27.333093     6.1656     6.3569     0.0938    97.1275 1.0000e-12  -74.02970 -111.55926  43.629953      99.94 1.6326e+03    573.934      13775  1028.7812  1028.7799     4.6076     0.0884     0.1241    34.0784    34.0769    8.35840         24 0.0000e+00
    285.000    281.858    -1.3591  27.339205    -1.3577  27.339094     6.1613     6.3487     0.0774    97.1255 1.0000e-12  -74.02970 -111.55926  43.629964      99.95 1.5972e+03    574.926      13799  1028.7872  1028.7858     4.6075     0.0883     0.1333    34.0803    34.0786    8.35717         24 0.0000e+00
    286.000    282.846    -1.3540  27.344690    -1.3527  27.344616     6.1605     6.3460     0.0837    97.1592 1.0000e-12  -74.02970 -111.55926  43.629976      99.95 1.5335e+03    575.918      13823  1028.7926  1028.7913     4.6091     0.0873     0.1269    34.0814    34.0799    8.35596         24 0.0000e+00
    287.000    283.835    -1.3535  27.345577    -1.3524  27.345523     6.1593     6.3432     0.0919    97.1070 1.0000e-12  -74.02970 -111.55926  43.629988      99.95 1.5304e+03    576.923      13847  1028.7975  1028.7964     4.6066     0.0839     0.1233    34.0815    34.0802    8.35584         24 0.0000e+00
    288.000    284.822    -1.3519  27.347722    -1.3507  27.347679     6.1608     6.3422     0.0872    97.1148 1.0000e-12  -74.02970 -111.55926  43.629999      99.95 1.5827e+03    577.931      13871  1028.8026  1028.8014     4.6070     0.0827     0.1243    34.0820    34.0805    8.35546         24 0.0000e+00
    289.000    285.811    -1.3518  27.348337    -1.3505  27.348272     6.1528     6.3328     0.0760    97.1509 1.0000e-12  -74.02970 -111.55926  43.630011      99.95 1.6272e+03    578.928      13895  1028.8076  1028.8063     4.6087     0.0840     0.1297    34.0822    34.0806    8.35544         24 0.0000e+00
    290.000    286.799    -1.3455  27.355488    -1.3440  27.355570     6.1323     6.3307     0.0735    97.1406 1.0000e-12  -74.02970 -111.55926  43.630022      99.95 1.6850e+03    579.931      13919  1028.8136  1028.8123     4.6082     0.0839     0.1228    34.0841    34.0826    8.35389         24 0.0000e+00
    291.000    287.788    -1.3426  27.358736    -1.3414  27.358652     6.1402     6.3272     0.0802    97.1653 1.0000e-12  -74.02970 -111.55926  43.630034      99.95 1.7323e+03    580.940      13944  1028.8187  1028.8175     4.6094     0.0807     0.1211    34.0847    34.0833    8.35322         24 0.0000e+00
    292.000    288.774    -1.3414  27.360555    -1.3398  27.360822     6.1513     6.3259     0.0824    97.1292 1.0000e-12  -74.02970 -111.55926  43.630046      99.89 1.7407e+03    581.955      13968  1028.8238  1028.8226     4.6077     0.0821     0.1213    34.0852    34.0837    8.35291         24 0.0000e+00
    293.000    289.766    -1.3405  27.361772    -1.3393  27.361626     6.1349     6.3261     0.0920    97.1572 1.0000e-12  -74.02970 -111.55926  43.630058      86.32 1.7251e+03    582.972      13992  1028.8287  1028.8275     4.6090     0.0805     0.1273    34.0852    34.0837    8.35271         25 0.0000e+00
    294.000    290.753    -1.3396  27.363148    -1.3383  27.363232     6.1384     6.3277     0.0600    97.1981 1.0000e-12  -74.02970 -111.55926  43.630069      99.93 1.7279e+03    584.000      14017  1028.8337  1028.8325     4.6109     0.0816     0.1295    34.0855    34.0841    8.35250         25 0.0000e+00
    295.000    291.740    -1.3388  27.364592    -1.3373  27.364753     6.1316     6.3206     0.0707    97.1995 1.0000e-12  -74.02970 -111.55926  43.630081      99.94 1.7453e+03    585.016      14041  1028.8388  1028.8376     4.6110     0.0884     0.1244    34.0859    34.0845    8.35229         24 0.0000e+00
    296.000    292.730    -1.3325  27.372244    -1.3310  27.372377     6.1090     6.3079     0.0608    97.1604 1.0000e-12  -74.02970 -111.55926  43.630093      99.95 1.7621e+03    586.006      14065  1028.8455  1028.8442     4.6092     0.0795     0.1240    34.0886    34.0872    8.35072         24 0.0000e+00
    297.000    293.717    -1.3197  27.386229    -1.3195  27.384827     6.0649     6.2743     0.0719    97.1230 1.0000e-12  -74.02970 -111.55926  43.630104      99.95 1.7681e+03    586.994      14089  1028.8526  1028.8509     4.6074     0.0802     0.1269    34.0927    34.0905    8.34763         23 0.0000e+00
    298.000    294.706    -1.2946  27.410608    -1.2943  27.409262     6.0547     6.2507     0.0528    97.2540 1.0000e-12  -74.02970 -111.55926  43.630115      99.95 1.7656e+03    587.977      14112  1028.8592  1028.8575     4.6135     0.0798     0.1245    34.0969    34.0948    8.34176         24 0.0000e+00
    299.000    295.693    -1.2735  27.430431    -1.2725  27.429687     6.0365     6.2417     0.0393    97.2218 1.0000e-12  -74.02970 -111.55926  43.630127      99.94 1.7543e+03    588.944      14136  1028.8648  1028.8631     4.6120     0.0765     0.1225    34.0995    34.0974    8.33690         23 0.0000e+00
    300.000    296.682    -1.2604  27.443038    -1.2594  27.442399     6.0191     6.2202     0.0332    97.2392 1.0000e-12  -74.02970 -111.55926  43.630138      99.95 1.7476e+03    589.897      14159  1028.8703  1028.8686     4.6129     0.0759     0.1213    34.1013    34.0992    8.33387         22 0.0000e+00
    301.000    297.669    -1.2536  27.451141    -1.2525  27.450414     6.0203     6.2001     0.0289    97.2220 1.0000e-12  -74.02970 -111.55926  43.630149      99.94 1.7504e+03    590.858      14182  1028.8771  1028.8752     4.6121     0.0743     0.1236    34.1040    34.1018    8.33219         24 0.0000e+00
    302.000    298.660    -1.2292  27.476961    -1.2274  27.476344     6.0026     6.1891     0.0302    97.2258 1.0000e-12  -74.02970 -111.55926  43.630160      99.95 1.7497e+03    591.831      14205  1028.8860  1028.8837     4.6122     0.0733     0.1222    34.1110    34.1082    8.32634         23 0.0000e+00
    303.000    299.646    -1.2137  27.492916    -1.2120  27.492950     6.0038     6.1834     0.0368    97.2587 1.0000e-12  -74.02970 -111.55926  43.630172      99.95 1.7477e+03    592.827      14229  1028.8930  1028.8914     4.6138     0.0741     0.1255    34.1147    34.1128    8.32269         25 0.0000e+00
    304.000    300.636    -1.2112  27.496117    -1.2099  27.495844     6.0071     6.1851     0.0365    97.3086 1.0000e-12  -74.02970 -111.55926  43.630183      99.94 1.7510e+03    593.847      14253  1028.8986  1028.8971     4.6162     0.0737     0.1213    34.1155    34.1138    8.32206         24 0.0000e+00
    305.000    301.623    -1.2103  27.497702    -1.2089  27.497375     6.0029     6.1844     0.0290    97.3165 1.0000e-12  -74.02970 -111.55926  43.630195      99.81 1.7512e+03    594.866      14278  1028.9041  1028.9025     4.6166     0.0749     0.1211    34.1162    34.1142    8.32184         25 0.0000e+00
    306.000    302.611    -1.2097  27.498687    -1.2086  27.498178     6.0051     6.1828     0.0289    97.2995 1.0000e-12  -74.02970 -111.55926  43.630207      95.03 1.7352e+03    595.885      14302  1028.9091  1028.9075     4.6158     0.0769     0.1213    34.1161    34.1142    8.32169         24 0.0000e+00
    307.000    303.600    -1.2101  27.498602    -1.2088  27.498368     6.0025     6.1853     0.0225    97.3434 1.0000e-12  -74.02970 -111.55926  43.630219      98.32 1.7127e+03    596.919      14327  1028.9140  1028.9124     4.6178     0.0770     0.1229    34.1159    34.1141    8.32181         25 0.0000e+00
    308.000    304.587    -1.2101  27.498985    -1.2087  27.498852     5.9983     6.1890     0.2363    97.3318 1.0000e-12  -74.02970 -111.55925  43.630231      97.34 1.7109e+03    597.973      14352  1028.9188  1028.9173     4.6173     0.0764     0.1365    34.1158    34.1140    8.32182         25 0.0000e+00
    309.000    305.575    -1.2095  27.500158    -1.2073  27.500989     6.0082     6.1907     0.0790    97.3224 1.0000e-12  -74.02970 -111.55924  43.630244      96.60 1.7403e+03    599.039      14378  1028.9240  1028.9228     4.6168     0.0763     0.1233    34.1162    34.1148    8.32167         26 0.0000e+00
    310.000    306.564    -1.2028  27.509501    -1.2010  27.509568     6.0006     6.1817     0.0224    97.3363 1.0000e-12  -74.02970 -111.55924  43.630256      95.67 1.7638e+03    600.101      14403  1028.9321  1028.9305     4.6175     0.0747     0.1198    34.1207    34.1188    8.31991         25 0.0000e+00
    311.000    307.552    -1.1968  27.515733    -1.1948  27.515886     5.9964     6.1734     0.0343    97.3522 1.0000e-12  -74.02970 -111.55924  43.630268      94.79 1.7667e+03    601.120      14428  1028.9374  1028.9357     4.6182     0.0754     0.1249    34.1218    34.1197    8.31850         24 0.0000e+00
