ocean_section_plots/required_files/ctd/dnbp2202_CTD001.cnv
* Sea-Bird SBE 9 Data File:
* FileName = D:\Data\raw\NBP2202_001.hex
* Software Version Seasave V 7.26.7.121
* Temperature SN = 1649
* Conductivity SN = 2513
* Number of Bytes Per Scan = 40
* Number of Voltage Words = 5
* Number of Scans Averaged by the Deck Unit = 1
* NMEA Latitude = 69 26.97 S
* NMEA Longitude = 102 20.59 W
* NMEA UTC (Time) = Jan 12 2022  14:23:23
* NMEA baud rate = 9600
** Ship: RVIB N.B. Palmer
** Cruise: NBP2202 Thwaites
** Station: Test
** Operator: B.Bjork A.Robinson
# nquan = 25
# nvalues = 507                         
# units = specified
# name 0 = prDM: Pressure, Digiquartz [db]
# name 1 = depSM: Depth [salt water, m]
# name 2 = t090C: Temperature [ITS-90, deg C]
# name 3 = c0mS/cm: Conductivity [mS/cm]
# name 4 = t190C: Temperature, 2 [ITS-90, deg C]
# name 5 = c1mS/cm: Conductivity, 2 [mS/cm]
# name 6 = sbeox0ML/L: Oxygen, SBE 43 [ml/l]
# name 7 = sbeox1ML/L: Oxygen, SBE 43, 2 [ml/l]
# name 8 = flECO-AFL: Fluorescence, WET Labs ECO-AFL/FL [mg/m^3]
# name 9 = CStarTr0: Beam Transmission, WET Labs C-Star [%]
# name 10 = par: PAR/Irradiance, Biospherical/Licor
# name 11 = latitude: Latitude [deg]
# name 12 = longitude: Longitude [deg]
# name 13 = timeJ: Julian Days
# name 14 = altM: Altimeter [m]
# name 15 = spar: SPAR, Biospherical/Licor
# name 16 = timeS: Time, Elapsed [seconds]
# name 17 = scan: Scan Count
# name 18 = density00: Density [density, kg/m^3]
# name 19 = density11: Density, 2 [density, kg/m^3]
# name 20 = sal00: Salinity, Practical [PSU]
# name 21 = sal11: Salinity, Practical, 2 [PSU]
# name 22 = oxsolML/L: Oxygen Saturation, Garcia & Gordon [ml/l]
# name 23 = nbin: number of scans per bin
# name 24 = flag: flag
# span 0 =      1.000,    507.000       
# span 1 =      0.995,    501.265       
# span 2 =    -1.6051,     1.9706       
# span 3 =  26.838001,  30.697194       
# span 4 =    -1.6058,     1.9726       
# span 5 =  26.837369,  30.696284       
# span 6 =     4.0488,     8.8308       
# span 7 =     4.2575,     9.2781       
# span 8 =    -0.0159,    13.9448       
# span 9 =    88.3418,    99.9417       
# span 10 = 1.0000e-12, 4.8963e+02      
# span 11 =  -69.44956,  -69.44956      
# span 12 = -102.34328, -102.34326      
# span 13 =  12.602834,  12.609926      
# span 14 =       9.38,     100.46      
# span 15 = 2.7331e+02, 3.3847e+02      
# span 16 =    281.851,    894.652      
# span 17 =       6765,      21473      
# span 18 =  1026.6771,  1030.1221      
# span 19 =  1026.6771,  1030.1189      
# span 20 =    33.1764,    34.7092      
# span 21 =    33.1760,    34.7054      
# span 22 =    7.63316,    8.42855      
# span 23 =          9,         49      
# span 24 = 0.0000e+00, 0.0000e+00      
# interval = decibars: 1                
# start_time = Jan 12 2022 14:23:23 [NMEA time, header]
# bad_flag = -9.990e-29
*END*
[from data line 58]
     59.000     58.396    -1.5894  26.841785    -1.5898  26.841711     7.8987     8.3163     7.6846    93.3725 9.8301e-02  -69.44956 -102.34326  12.604296      99.48 2.7510e+02    408.204       9798  1027.4827  1027.4831    33.7971    33.7976    8.42599         40 0.0000e+00
     60.000     59.386    -1.5924  26.840795    -1.5939  26.840102     7.8119     8.2331     9.7737    92.2818 8.2726e-02  -69.44956 -102.34326  12.604320      99.43 2.7501e+02    410.257       9847  1027.4887  1027.4893    33.7986    33.7994    8.42660         41 0.0000e+00
     61.000     60.375    -1.6030  26.838001    -1.6047  26.837369     7.6756     8.1095    13.6982    90.5545 6.8051e-02  -69.44956 -102.34326  12.604340      99.41 2.7501e+02    411.943       9888  1027.5000  1027.5009    33.8061    33.8072    8.42855         32 0.0000e+00
     62.000     61.365    -1.6051  26.844721    -1.6058  26.844021     7.5338     7.9761    13.3834    90.8739 5.4284e-02  -69.44956 -102.34326  12.604359      96.21 2.7501e+02    413.620       9928  1027.5137  1027.5135    33.8172    33.8170    8.42836         40 0.0000e+00
     63.000     62.354    -1.5842  26.879076    -1.5848  26.878347     7.4534     7.8887    11.5331    90.8200 4.1913e-02  -69.44956 -102.34326  12.604381      94.16 2.7501e+02    415.499       9973  1027.5361  1027.5358    33.8405    33.8401    8.42223         40 0.0000e+00
     64.000     63.345    -1.5762  26.895427    -1.5767  26.894804     7.4273     7.8522    11.2552    90.9277 2.8805e-02  -69.44956 -102.34326  12.604405      99.47 2.7466e+02    417.561      10022  1027.5509  1027.5507    33.8533    33.8531    8.41963         41 0.0000e+00
     65.000     64.334    -1.5701  26.907484    -1.5707  26.907016     7.4164     7.8303     9.2668    92.0995 1.9292e-02  -69.44956 -102.34326  12.604428      99.54 2.7436e+02    419.611      10072  1027.5628  1027.5628    33.8625    33.8625    8.41771         39 0.0000e+00
     66.000     65.324    -1.5676  26.912902    -1.5684  26.912244     7.4109     7.8070     7.2254    92.9337 1.2197e-02  -69.44956 -102.34326  12.604451      99.65 2.7362e+02    421.570      10119  1027.5709  1027.5708    33.8666    33.8665    8.41691         34 0.0000e+00
     67.000     66.312    -1.5666  26.919882    -1.5674  26.919201     7.3983     7.7887     6.1101    93.3748 6.8216e-03  -69.44956 -102.34326  12.604474      99.63 2.7402e+02    423.520      10165  1027.5820  1027.5821    33.8744    33.8744    8.41620         38 0.0000e+00
     68.000     67.303    -1.5698  26.921391    -1.5709  26.920586     7.3766     7.7707     4.3293    93.2077 2.1946e-03  -69.44956 -102.34328  12.604495      99.66 2.7473e+02    425.409      10211  1027.5913  1027.5914    33.8796    33.8796    8.41662         39 0.0000e+00
     69.000     68.292    -1.5737  26.922244    -1.5747  26.921650     7.3505     7.7461     3.6086    93.2537 1.7982e-05  -69.44956 -102.34328  12.604516      99.52 2.7331e+02    427.152      10253  1027.6004  1027.6007    33.8845    33.8849    8.41721         41 0.0000e+00
     70.000     69.284    -1.5831  26.925799    -1.5837  26.925234     7.3157     7.7128     3.9062    94.2532 1.0000e-12  -69.44956 -102.34326  12.604537      99.54 2.7380e+02    428.987      10297  1027.6179  1027.6178    33.8995    33.8995    8.41844         36 0.0000e+00
     71.000     70.270    -1.5785  26.935570    -1.5791  26.934861     7.2856     7.6841     7.1583    94.8281 1.0000e-12  -69.44956 -102.34326  12.604561      99.66 2.7405e+02    431.099      10347  1027.6286  1027.6284    33.9072    33.9069    8.41693         33 0.0000e+00
     72.000     71.259    -1.5728  26.946334    -1.5734  26.945302     7.2572     7.6544     4.6228    94.7925 1.0000e-12  -69.44956 -102.34326  12.604585      99.68 2.7494e+02    433.159      10397  1027.6394  1027.6389    33.9150    33.9143    8.41517         36 0.0000e+00
     73.000     72.252    -1.5696  26.957332    -1.5702  26.956566     7.2305     7.6296     4.8212    94.9555 1.0000e-12  -69.44956 -102.34326  12.604608      99.70 2.7501e+02    435.123      10444  1027.6530  1027.6526    33.9260    33.9255    8.41380         36 0.0000e+00
     74.000     73.240    -1.5636  26.967290    -1.5639  26.966612     7.2156     7.6098     4.4183    95.5258 1.0000e-12  -69.44956 -102.34326  12.604629      99.69 2.7501e+02    436.921      10487  1027.6626  1027.6621    33.9323    33.9316    8.41205         38 0.0000e+00
     75.000     74.229    -1.5593  26.976263    -1.5599  26.975580     7.1957     7.5855     3.6958    95.8241 1.0000e-12  -69.44956 -102.34326  12.604648      99.68 2.7501e+02    438.611      10528  1027.6728  1027.6726    33.9392    33.9389    8.41067         39 0.0000e+00
     76.000     75.220    -1.5537  26.987470    -1.5541  26.986783     7.1776     7.5647     4.6090    95.9741 1.0000e-12  -69.44956 -102.34326  12.604669      99.67 2.7501e+02    440.422      10571  1027.6843  1027.6839    33.9477    33.9472    8.40890         31 0.0000e+00
     77.000     76.209    -1.5543  26.995516    -1.5549  26.994720     7.1510     7.5363     2.9876    95.8729 1.0000e-12  -69.44956 -102.34326  12.604694      99.62 2.7650e+02    442.561      10622  1027.6983  1027.6980    33.9589    33.9585    8.40836         41 0.0000e+00
     78.000     77.199    -1.5388  27.015936    -1.5389  27.015201     7.1208     7.5072     3.0963    95.9682 1.0000e-12  -69.44956 -102.34326  12.604719      99.72 2.7677e+02    444.722      10674  1027.7104  1027.7097    33.9689    33.9679    8.40427         43 0.0000e+00
     79.000     78.187    -1.5207  27.034777    -1.5203  27.034099     7.0976     7.4779     2.4242    96.2795 1.0000e-12  -69.44956 -102.34326  12.604742      99.72 2.7677e+02    446.688      10722  1027.7182  1027.7171    33.9736    33.9723    8.39988         43 0.0000e+00
     80.000     79.176    -1.5017  27.057136    -1.5019  27.056502     7.0767     7.4633     2.0964    96.3931 1.0000e-12  -69.44956 -102.34326  12.604763      99.73 2.7785e+02    448.494      10765  1027.7292  1027.7286    33.9823    33.9816    8.39508         36 0.0000e+00
     81.000     80.167    -1.4835  27.084911    -1.4814  27.084070     7.0286     7.4171     2.0265    97.1174 1.0000e-12  -69.44956 -102.34326  12.604783      99.72 2.7850e+02    450.237      10807  1027.7469  1027.7439    33.9992    33.9957    8.38995         39 0.0000e+00
     82.000     81.155    -1.4042  27.160812    -1.4024  27.159755     6.9879     7.3650     1.8401    97.0244 1.0000e-12  -69.44956 -102.34326  12.604804      99.72 2.7990e+02    452.086      10851  1027.7585  1027.7556    34.0130    34.0094    8.37129         34 0.0000e+00
     83.000     82.146    -1.3285  27.229112    -1.3257  27.229199     6.9388     7.3141     1.5803    97.0982 1.0000e-12  -69.44956 -102.34326  12.604826      99.75 2.8127e+02    453.991      10897  1027.7654  1027.7628    34.0202    34.0171    8.35388         35 0.0000e+00
     84.000     83.135    -1.2786  27.276882    -1.2775  27.275896     6.9282     7.3044     1.3643    97.4334 1.0000e-12  -69.44956 -102.34326  12.604846      99.76 2.8246e+02    455.656      10937  1027.7748  1027.7725    34.0285    34.0258    8.34224         36 0.0000e+00
     85.000     84.124    -1.2673  27.288774    -1.2678  27.287805     6.9164     7.2907     0.9396    97.7621 1.0000e-12  -69.44956 -102.34326  12.604862      99.75 2.8383e+02    457.089      10971  1027.7820  1027.7815    34.0313    34.0305    8.33954         33 0.0000e+00
     86.000     85.115    -1.2715  27.288934    -1.2714  27.287746     6.8861     7.2622     1.1112    97.5771 1.0000e-12  -69.44956 -102.34326  12.604878      99.75 2.8388e+02    458.420      11003  1027.7914  1027.7900    34.0358    34.0339    8.34023         31 0.0000e+00
     87.000     86.103    -1.2241  27.333176    -1.2239  27.331985     6.8801     7.2664     0.8706    97.9881 1.0000e-12  -69.44956 -102.34326  12.604893      99.76 2.8559e+02    459.727      11034  1027.7988  1027.7973    34.0419    34.0401    8.32929         32 0.0000e+00
     88.000     87.094    -1.2323  27.328275    -1.2321  27.327405     6.8559     7.2392     0.6996    98.4462 1.0000e-12  -69.44956 -102.34326  12.604908      99.76 2.8559e+02    461.036      11066  1027.8064  1027.8052    34.0439    34.0425    8.33100         31 0.0000e+00
     89.000     88.082    -1.2125  27.348726    -1.2114  27.347869     6.8216     7.1937     0.5613    98.5150 1.0000e-12  -69.44956 -102.34326  12.604922      99.76 2.8669e+02    462.297      11096  1027.8144  1027.8124    34.0487    34.0464    8.32629         30 0.0000e+00
     90.000     89.073    -1.1580  27.400435    -1.1571  27.399298     6.7863     7.1553     0.3739    98.7691 1.0000e-12  -69.44956 -102.34326  12.604936      99.76 2.8734e+02    463.505      11125  1027.8230  1027.8208    34.0571    34.0545    8.31370         28 0.0000e+00
     91.000     90.061    -1.1290  27.426922    -1.1307  27.423867     6.7602     7.1294     0.4660    99.1260 1.0000e-12  -69.44956 -102.34326  12.604951      99.75 2.8805e+02    464.726      11154  1027.8287  1027.8270    34.0597    34.0575    8.30710         30 0.0000e+00
     92.000     91.052    -1.1159  27.439658    -1.1156  27.438539     6.7409     7.1119     0.4906    99.0171 1.0000e-12  -69.44956 -102.34326  12.604966      99.77 2.8923e+02    466.029      11186  1027.8349  1027.8334    34.0617    34.0598    8.30408         32 0.0000e+00
     93.000     92.041    -1.0994  27.457128    -1.0976  27.456635     6.6850     7.0615     0.9040    98.8578 1.0000e-12  -69.44956 -102.34326  12.604981      99.76 2.9089e+02    467.324      11217  1027.8429  1027.8406    34.0662    34.0635    8.30017         30 0.0000e+00
     94.000     93.028    -1.0437  27.509410    -1.0420  27.508326     6.6266     6.9991     0.3187    99.2677 1.0000e-12  -69.44956 -102.34326  12.604995      95.84 2.9088e+02    468.545      11246  1027.8509  1027.8480    34.0739    34.0705    8.28741         29 0.0000e+00
     95.000     94.020    -0.9545  27.594622    -0.9527  27.592821     6.5892     6.9471     0.3503    99.2679 1.0000e-12  -69.44956 -102.34326  12.605009      99.19 2.9088e+02    469.771      11276  1027.8620  1027.8583    34.0882    34.0837    8.26690         31 0.0000e+00
     96.000     95.009    -0.9151  27.633086    -0.9144  27.631634     6.5743     6.9284     0.3845    99.2347 1.0000e-12  -69.44956 -102.34326  12.605024      99.75 2.9262e+02    471.089      11307  1027.8710  1027.8687    34.0953    34.0925    8.25783         32 0.0000e+00
     97.000     95.998    -0.8969  27.651092    -0.8960  27.649843     6.5629     6.9288     0.2847    99.3752 1.0000e-12  -69.44956 -102.34327  12.605040      99.77 2.9301e+02    472.458      11340  1027.8783  1027.8761    34.0986    34.0959    8.25365         33 0.0000e+00
     98.000     96.988    -0.8949  27.653804    -0.8944  27.653108     6.5142     6.8741     0.3369    99.3768 1.0000e-12  -69.44956 -102.34328  12.605056      99.76 2.9430e+02    473.801      11372  1027.8846  1027.8833    34.0993    34.0978    8.25316         31 0.0000e+00
     99.000     97.977    -0.8309  27.717608    -0.8277  27.715651     6.4999     6.8512     0.3326    99.3693 1.0000e-12  -69.44956 -102.34328  12.605070      99.76 2.9468e+02    475.086      11403  1027.8966  1027.8914    34.1129    34.1066    8.23836         31 0.0000e+00
    100.000     98.968    -0.7910  27.754948    -0.7899  27.753812     6.4792     6.8305     0.2020    99.4492 1.0000e-12  -69.44956 -102.34328  12.605085      99.76 2.9615e+02    476.365      11434  1027.9036  1027.9013    34.1178    34.1150    8.22936         31 0.0000e+00
    101.000     99.955    -0.7751  27.771953    -0.7737  27.770582     6.4733     6.8307     0.2044    99.4539 1.0000e-12  -69.44956 -102.34326  12.605101      99.77 2.9724e+02    477.722      11466  1027.9119  1027.9090    34.1222    34.1188    8.22563         32 0.0000e+00
    102.000    100.946    -0.7502  27.795974    -0.7493  27.794765     6.3891     6.7489     0.2016    99.5425 1.0000e-12  -69.44956 -102.34326  12.605117      99.76 2.9793e+02    479.118      11500  1027.9189  1027.9166    34.1260    34.1233    8.21999         33 0.0000e+00
    103.000    101.935    -0.6935  27.853375    -0.6888  27.852929     6.3106     6.6631     0.1828    99.5604 1.0000e-12  -69.44956 -102.34326  12.605132      99.76 2.9944e+02    480.412      11531  1027.9308  1027.9258    34.1389    34.1330    8.20691         29 0.0000e+00
    104.000    102.924    -0.5969  27.945290    -0.5970  27.942215     6.2946     6.6375     0.1865    99.5964 1.0000e-12  -69.44956 -102.34327  12.605145      99.62 2.9969e+02    481.567      11559  1027.9412  1027.9380    34.1534    34.1493    8.18515         27 0.0000e+00
    105.000    103.913    -0.5707  27.970626    -0.5710  27.968434     6.2843     6.6357     0.1184    99.5847 1.0000e-12  -69.44956 -102.34327  12.605158      99.59 2.9976e+02    482.645      11584  1027.9483  1027.9463    34.1573    34.1547    8.17925         24 0.0000e+00
    106.000    104.904    -0.5664  27.975755    -0.5656  27.974032     6.2717     6.6154     0.1590    99.5998 1.0000e-12  -69.44956 -102.34327  12.605170      99.77 2.9998e+02    483.653      11609  1027.9548  1027.9523    34.1587    34.1556    8.17823         24 0.0000e+00
    107.000    105.892    -0.5482  27.994124    -0.5533  27.986804     6.2516     6.5893     0.1387    99.6353 1.0000e-12  -69.44956 -102.34328  12.605181      99.76 3.0138e+02    484.632      11632  1027.9620  1027.9590    34.1624    34.1582    8.17411         23 0.0000e+00
    108.000    106.883    -0.5180  28.024577    -0.5184  28.021279     6.2472     6.5863     0.1168    99.6339 1.0000e-12  -69.44956 -102.34328  12.605192      99.76 3.0192e+02    485.599      11655  1027.9703  1027.9672    34.1686    34.1647    8.16722         23 0.0000e+00
    109.000    107.872    -0.5081  28.034353    -0.5065  28.034190     6.2439     6.5937     0.1168    99.5983 1.0000e-12  -69.44956 -102.34328  12.605203      99.76 3.0306e+02    486.538      11678  1027.9762  1027.9745    34.1700    34.1680    8.16502         23 0.0000e+00
    110.000    108.862    -0.5059  28.037115    -0.5048  28.036247     6.2185     6.5671     0.1119    99.6091 1.0000e-12  -69.44956 -102.34328  12.605214      99.76 3.0322e+02    487.457      11700  1027.9820  1027.9800    34.1706    34.1683    8.16451         22 0.0000e+00
    111.000    109.849    -0.5064  28.037344    -0.5055  28.036231     6.1763     6.5195     0.1125    99.6151 1.0000e-12  -69.44956 -102.34328  12.605224      99.76 3.0346e+02    488.380      11722  1027.9876  1027.9856    34.1709    34.1684    8.16460         22 0.0000e+00
    112.000    110.839    -0.4679  28.078157    -0.4650  28.077438     6.1465     6.4837     0.1203    99.6152 1.0000e-12  -69.44956 -102.34328  12.605235      99.76 3.0480e+02    489.297      11744  1027.9988  1027.9951    34.1818    34.1775    8.15570         22 0.0000e+00
    113.000    111.829    -0.4178  28.125800    -0.4163  28.124023     6.1297     6.4633     0.1317    99.6025 1.0000e-12  -69.44956 -102.34328  12.605246      99.77 3.0498e+02    490.218      11766  1028.0059  1028.0026    34.1886    34.1846    8.14454         22 0.0000e+00
    114.000    112.819    -0.3870  28.154204    -0.3860  28.152767     6.1159     6.4523     0.1389    99.5323 1.0000e-12  -69.44956 -102.34328  12.605256      99.76 3.0498e+02    491.158      11789  1028.0113  1028.0087    34.1915    34.1884    8.13779         22 0.0000e+00
    115.000    113.808    -0.3689  28.172215    -0.3687  28.169896     6.0966     6.4256     0.1453    99.6379 1.0000e-12  -69.44956 -102.34328  12.605267      99.76 3.0651e+02    492.099      11811  1028.0179  1028.0153    34.1946    34.1913    8.13373         23 0.0000e+00
