ocean_section_plots/required_files/ctd/dnbp2202_ctd109.cnv
* Sea-Bird SBE 9 Data File:
* FileName = D:\Data\raw\NBP2202_CTD109.hex
* Software Version Seasave V 7.26.7.121
* Temperature SN = 1649
* Conductivity SN = 2513
* Number of Bytes Per Scan = 40
* Number of Voltage Words = 5
* Number of Scans Averaged by the Deck Unit = 1
* NMEA Latitude = 74 10.52 S
* NMEA Longitude = 113 20.65 W
* NMEA UTC (Time) = Jan 27 2022  06:27:41
* NMEA baud rate = 9600
** Ship: RVIB N.B. Palmer
** Cruise: NBP2202 Thwaites
** Station: YoYo001
** Operator: B. Bjork
# nquan = 25
# nvalues = 607                         
# units = specified
# name 0 = prDM: Pressure, Digiquartz [db]
# name 1 = depSM: Depth [salt water, m]
# name 2 = t090C: Temperature [ITS-90, deg C]
# name 3 = c0mS/cm: Conductivity [mS/cm]
# name 4 = t190C: Temperature, 2 [ITS-90, deg C]
# name 5 = c1mS/cm: Conductivity, 2 [mS/cm]
# name 6 = sbeox0ML/L: Oxygen, SBE 43 [ml/l]
# name 7 = sbeox1ML/L: Oxygen, SBE 43, 2 [ml/l]
# name 8 = flECO-AFL: Fluorescence, WET Labs ECO-AFL/FL [mg/m^3]
# name 9 = CStarTr0: Beam Transmission, WET Labs C-Star [%]
# name 10 = par: PAR/Irradiance, Biospherical/Licor
# name 11 = latitude: Latitude [deg]
# name 12 = longitude: Longitude [deg]
# name 13 = timeJ: Julian Days
# name 14 = altM: Altimeter [m]
# name 15 = spar: SPAR, Biospherical/Licor
# name 16 = timeS: Time, Elapsed [seconds]
# name 17 = scan: Scan Count
# name 18 = density00: Density [density, kg/m^3]
# name 19 = density11: Density, 2 [density, kg/m^3]
# name 20 = sal00: Salinity, Practical [PSU]
# name 21 = sal11: Salinity, Practical, 2 [PSU]
# name 22 = oxsolML/L: Oxygen Saturation, Garcia & Gordon [ml/l]
# name 23 = nbin: number of scans per bin
# name 24 = flag: flag
# span 0 =     10.000,    616.000       
# span 1 =      9.896,    608.719       
# span 2 =    -1.4676,     0.1260       
# span 3 =  26.969472,  28.962778       
# span 4 =    -1.4665,     0.1283       
# span 5 =  26.969251,  28.962835       
# span 6 =     4.6818,     8.6176       
# span 7 =     4.7444,     8.4550       
# span 8 =    -0.0224,    27.2310       
# span 9 =    69.7247,    95.6317       
# span 10 = 1.0000e-12, 1.2924e+00      
# span 11 =  -74.17536,  -74.17536      
# span 12 = -113.34426, -113.34422      
# span 13 =  27.269658,  27.277900      
# span 14 =       8.46,     100.88      
# span 15 = 6.8749e+01, 7.4041e+01      
# span 16 =     37.447,    749.536      
# span 17 =        900,      17990      
# span 18 =  1027.2190,  1030.5233      
# span 19 =  1027.2149,  1030.5211      
# span 20 =    33.7916,    34.3908      
# span 21 =    33.7861,    34.3883      
# span 22 =    8.01802,    8.39695      
# span 23 =         16,         56      
# span 24 = 0.0000e+00, 0.0000e+00      
# interval = decibars: 1                
# start_time = Jan 27 2022 06:27:41 [NMEA time, header]
# bad_flag = -9.990e-29
*END*
[from data line 174]
    184.000    182.015    -1.0254  27.503339    -1.0233  27.502987     5.1276     5.2033    -0.0144    95.4711 1.0000e-12  -74.17536 -113.34424  27.272467      99.87 7.2278e+01    280.131       6724  1028.2151  1028.2127    33.9889    33.9861    8.28833         24 0.0000e+00
    185.000    183.005    -1.0172  27.511470    -1.0149  27.511338     5.1151     5.1979    -0.0150    95.4793 1.0000e-12  -74.17536 -113.34424  27.272478      99.87 7.2278e+01    281.129       6748  1028.2205  1028.2182    33.9901    33.9874    8.28645         23 0.0000e+00
    186.000    183.992    -1.0109  27.517891    -1.0086  27.517833     5.1122     5.1921    -0.0156    95.4739 1.0000e-12  -74.17536 -113.34424  27.272490      99.81 7.2278e+01    282.135       6772  1028.2259  1028.2237    33.9911    33.9885    8.28501         25 0.0000e+00
    187.000    184.981    -0.9996  27.530370    -0.9972  27.530065     5.1197     5.2012    -0.0220    95.4592 1.0000e-12  -74.17536 -113.34424  27.272501      99.66 7.2508e+01    283.124       6796  1028.2330  1028.2304    33.9947    33.9917    8.28230         23 0.0000e+00
    188.000    185.969    -0.9916  27.539352    -0.9896  27.538896     5.1145     5.1904    -0.0148    95.4549 1.0000e-12  -74.17536 -113.34424  27.272513      99.87 7.3174e+01    284.125       6820  1028.2395  1028.2371    33.9973    33.9944    8.28038         24 0.0000e+00
    189.000    186.958    -0.9841  27.547683    -0.9823  27.546930     5.1097     5.1790    -0.0150    95.4583 1.0000e-12  -74.17536 -113.34424  27.272525      99.87 7.2183e+01    285.127       6844  1028.2459  1028.2434    33.9996    33.9965    8.27860         24 0.0000e+00
    190.000    187.948    -0.9760  27.556836    -0.9742  27.556290     5.1879     5.2529    -0.0150    95.4712 1.0000e-12  -74.17536 -113.34424  27.272536      99.87 7.2278e+01    286.109       6868  1028.2525  1028.2502    34.0023    33.9995    8.27666         24 0.0000e+00
    191.000    188.936    -0.9763  27.558108    -0.9764  27.556398     5.2644     5.3233    -0.0150    95.4722 1.0000e-12  -74.17536 -113.34424  27.272547      99.87 7.3302e+01    287.100       6891  1028.2586  1028.2570    34.0037    34.0015    8.27664         24 0.0000e+00
    192.000    189.926    -1.0375  27.505614    -1.0370  27.506490     5.2573     5.3158    -0.0144    95.4743 1.0000e-12  -74.17536 -113.34424  27.272559      99.87 7.2282e+01    288.100       6915  1028.2656  1028.2661    34.0008    34.0014    8.29033         24 0.0000e+00
    193.000    190.913    -1.0637  27.488472    -1.0586  27.490342     5.2046     5.2765    -0.0179    95.4872 1.0000e-12  -74.17536 -113.34424  27.272570      99.87 7.2278e+01    289.090       6939  1028.2766  1028.2737    34.0064    34.0032    8.29577         23 0.0000e+00
    194.000    191.901    -0.9980  27.548462    -0.9943  27.548114     5.1657     5.2456    -0.0154    95.4842 1.0000e-12  -74.17536 -113.34424  27.272582      99.86 7.2278e+01    290.079       6963  1028.2823  1028.2783    34.0133    34.0087    8.28087         25 0.0000e+00
    195.000    192.891    -0.9651  27.578300    -0.9630  27.577651     5.1554     5.2353    -0.0119    95.4794 1.0000e-12  -74.17536 -113.34424  27.272593      99.87 7.2278e+01    291.073       6987  1028.2872  1028.2844    34.0161    34.0128    8.27345         23 0.0000e+00
    196.000    193.879    -0.9537  27.591181    -0.9518  27.590697     5.1472     5.2240    -0.0186    95.4793 1.0000e-12  -74.17536 -113.34424  27.272605      99.87 7.2278e+01    292.042       7010  1028.2946  1028.2923    34.0201    34.0174    8.27070         23 0.0000e+00
    197.000    194.868    -0.9488  27.598119    -0.9474  27.597006     5.1335     5.2098    -0.0080    95.4851 1.0000e-12  -74.17536 -113.34424  27.272616      99.86 7.2278e+01    293.017       7033  1028.3020  1028.2994    34.0234    34.0203    8.26944         24 0.0000e+00
    198.000    195.858    -0.9388  27.607560    -0.9375  27.606628     5.1229     5.1992    -0.0135    95.4936 1.0000e-12  -74.17536 -113.34424  27.272627      80.85 7.2278e+01    294.016       7057  1028.3069  1028.3047    34.0243    34.0216    8.26718         24 0.0000e+00
    199.000    196.845    -0.9294  27.616947    -0.9281  27.615658     5.1226     5.1943    -0.0147    95.4838 1.0000e-12  -74.17536 -113.34424  27.272639      82.45 7.2278e+01    295.002       7081  1028.3125  1028.3099    34.0258    34.0226    8.26503         23 0.0000e+00
    200.000    197.835    -0.9252  27.620713    -0.9236  27.620333     5.1168     5.1979    -0.0077    95.4765 1.0000e-12  -74.17536 -113.34424  27.272650      91.97 7.3162e+01    295.982       7105  1028.3170  1028.3151    34.0256    34.0232    8.26412         24 0.0000e+00
    201.000    198.822    -0.9265  27.620336    -0.9249  27.619788     5.1142     5.1932    -0.0128    95.4562 1.0000e-12  -74.17536 -113.34424  27.272662      99.83 7.2430e+01    296.973       7128  1028.3224  1028.3202    34.0260    34.0234    8.26439         24 0.0000e+00
    202.000    199.813    -0.9243  27.623014    -0.9222  27.622729     5.1138     5.1848    -0.0140    95.4680 1.0000e-12  -74.17536 -113.34424  27.272673      99.87 7.2355e+01    297.951       7152  1028.3276  1028.3253    34.0265    34.0238    8.26387         23 0.0000e+00
    203.000    200.801    -0.9203  27.627046    -0.9184  27.626606     5.1158     5.1867    -0.0147    95.4692 1.0000e-12  -74.17536 -113.34424  27.272684      99.87 7.2892e+01    298.919       7175  1028.3326  1028.3302    34.0269    34.0241    8.26298         23 0.0000e+00
    204.000    201.789    -0.9175  27.630384    -0.9142  27.631100     5.1228     5.1934    -0.0141    95.4570 1.0000e-12  -74.17536 -113.34424  27.272696      99.87 7.2642e+01    299.908       7199  1028.3379  1028.3355    34.0276    34.0248    8.26232         24 0.0000e+00
    205.000    202.777    -0.9172  27.632396    -0.9148  27.632173     5.1319     5.1971    -0.0134    95.4660 1.0000e-12  -74.17536 -113.34424  27.272707      99.87 7.2272e+01    300.890       7222  1028.3442  1028.3416    34.0293    34.0263    8.26214         23 0.0000e+00
    206.000    203.766    -0.9177  27.633636    -0.9150  27.633887     5.1269     5.1985    -0.0153    95.4518 1.0000e-12  -74.17536 -113.34424  27.272718      99.86 7.2278e+01    301.857       7246  1028.3506  1028.3482    34.0310    34.0283    8.26216         24 0.0000e+00
    207.000    204.756    -0.9133  27.639753    -0.9099  27.641145     5.1255     5.2000    -0.0208    95.4582 1.0000e-12  -74.17536 -113.34424  27.272730      99.87 7.2278e+01    302.842       7269  1028.3572  1028.3555    34.0337    34.0318    8.26102         24 0.0000e+00
    208.000    205.745    -0.9083  27.646036    -0.9033  27.648232     5.1270     5.2004    -0.0052    95.4591 1.0000e-12  -74.17536 -113.34424  27.272741      99.86 7.2278e+01    303.829       7293  1028.3636  1028.3613    34.0360    34.0334    8.25981         23 0.0000e+00
    209.000    206.731    -0.8970  27.657410    -0.9120  27.640171     5.1160     5.1923    -0.0135    95.4682 1.0000e-12  -74.17536 -113.34424  27.272752      99.86 7.2278e+01    304.800       7316  1028.3693  1028.3653    34.0380    34.0316    8.25719         23 0.0000e+00
    210.000    207.720    -0.8942  27.660554    -0.8981  27.654486     5.1053     5.1866    -0.0141    95.4593 1.0000e-12  -74.17536 -113.34424  27.272764      99.87 7.2278e+01    305.777       7340  1028.3746  1028.3717    34.0386    34.0347    8.25656         24 0.0000e+00
    211.000    208.711    -0.8930  27.663625    -0.8857  27.667880     5.0999     5.1728    -0.0189    95.4468 1.0000e-12  -74.17536 -113.34424  27.272775      99.87 7.2278e+01    306.753       7363  1028.3810  1028.3786    34.0407    34.0383    8.25616         23 0.0000e+00
    212.000    209.699    -0.8703  27.686797    -0.8680  27.686523     5.0894     5.1673    -0.0137    95.4446 1.0000e-12  -74.17536 -113.34424  27.272786      72.73 7.2278e+01    307.716       7386  1028.3886  1028.3861    34.0460    34.0430    8.25089         23 0.0000e+00
    213.000    210.686    -0.8705  27.687326    -0.8689  27.686501     5.0930     5.1628    -0.0090    95.4550 1.0000e-12  -74.17536 -113.34424  27.272797      98.71 7.2278e+01    308.680       7409  1028.3938  1028.3913    34.0463    34.0434    8.25091         24 0.0000e+00
    214.000    211.675    -0.8661  27.691802    -0.8627  27.692985     5.0925     5.1654    -0.0143    95.4536 1.0000e-12  -74.17536 -113.34424  27.272809      99.87 7.2278e+01    309.660       7433  1028.3989  1028.3968    34.0468    34.0445    8.24992         23 0.0000e+00
    215.000    212.664    -0.8658  27.692502    -0.8656  27.690499     5.0902     5.1625    -0.0144    95.4502 1.0000e-12  -74.17536 -113.34424  27.272820      99.87 7.2278e+01    310.621       7456  1028.4037  1028.4014    34.0468    34.0439    8.24985         23 0.0000e+00
    216.000    213.653    -0.8697  27.689180    -0.8669  27.689960     5.0872     5.1570    -0.0134    95.4613 1.0000e-12  -74.17536 -113.34424  27.272831      99.87 7.2278e+01    311.581       7479  1028.4084  1028.4064    34.0461    34.0440    8.25075         23 0.0000e+00
    217.000    214.641    -0.8655  27.694578    -0.8624  27.694893     5.0751     5.1496    -0.0134    95.4511 1.0000e-12  -74.17536 -113.34424  27.272842      99.87 7.2278e+01    312.557       7502  1028.4144  1028.4118    34.0480    34.0450    8.24971         23 0.0000e+00
    218.000    215.629    -0.8547  27.705297    -0.8514  27.706155     5.0665     5.1375    -0.0147    95.4571 1.0000e-12  -74.17536 -113.34424  27.272853      99.87 7.2278e+01    313.515       7525  1028.4199  1028.4177    34.0497    34.0471    8.24724         24 0.0000e+00
    219.000    216.620    -0.8464  27.713479    -0.8446  27.712927     5.0640     5.1321    -0.0185    95.4503 1.0000e-12  -74.17536 -113.34424  27.272864      99.86 7.2278e+01    314.478       7548  1028.4252  1028.4228    34.0508    34.0480    8.24536         23 0.0000e+00
    220.000    217.606    -0.8442  27.716103    -0.8421  27.715938     5.0659     5.1343    -0.0173    95.4446 1.0000e-12  -74.17536 -113.34424  27.272876      99.87 7.2278e+01    315.456       7572  1028.4303  1028.4281    34.0513    34.0487    8.24485         23 0.0000e+00
    221.000    218.596    -0.8439  27.716960    -0.8420  27.716539     5.0651     5.1382    -0.0144    95.4300 1.0000e-12  -74.17536 -113.34424  27.272887      99.86 7.2278e+01    316.418       7595  1028.4353  1028.4331    34.0515    34.0488    8.24477         23 0.0000e+00
    222.000    219.584    -0.8449  27.715931    -0.8432  27.715463     5.0720     5.1426    -0.0131    95.4078 1.0000e-12  -74.17536 -113.34424  27.272898      99.87 7.2278e+01    317.367       7618  1028.4396  1028.4374    34.0507    34.0480    8.24505         23 0.0000e+00
    223.000    220.574    -0.8466  27.714900    -0.8448  27.714418     5.0713     5.1386    -0.0153    95.4452 1.0000e-12  -74.17536 -113.34424  27.272909      99.86 7.2278e+01    318.321       7641  1028.4446  1028.4423    34.0506    34.0479    8.24543         23 0.0000e+00
    224.000    221.562    -0.8491  27.713891    -0.8473  27.713475     5.0706     5.1409    -0.0210    95.4461 1.0000e-12  -74.17536 -113.34424  27.272920      99.86 7.2278e+01    319.264       7663  1028.4502  1028.4480    34.0514    34.0488    8.24592         22 0.0000e+00
    225.000    222.550    -0.8495  27.713865    -0.8474  27.713632     5.0734     5.1442    -0.0147    95.4457 1.0000e-12  -74.17536 -113.34424  27.272931      99.87 7.2278e+01    320.205       7686  1028.4550  1028.4527    34.0512    34.0486    8.24602         23 0.0000e+00
    226.000    223.539    -0.8488  27.714802    -0.8471  27.714284     5.0735     5.1458    -0.0144    93.0138 1.0000e-12  -74.17536 -113.34424  27.272942      84.52 7.2278e+01    321.159       7709  1028.4596  1028.4574    34.0511    34.0484    8.24588         23 0.0000e+00
    227.000    224.526    -0.8479  27.715974    -0.8464  27.715232     5.0748     5.1452    -0.0134    95.3513 1.0000e-12  -74.17536 -113.34424  27.272953      95.87 7.2278e+01    322.116       7732  1028.4643  1028.4621    34.0510    34.0484    8.24568         23 0.0000e+00
    228.000    225.517    -0.8483  27.716285    -0.8453  27.716935     5.0666     5.1388    -0.0097    95.4388 1.0000e-12  -74.17536 -113.34424  27.272964      99.70 7.2278e+01    323.065       7755  1028.4693  1028.4672    34.0512    34.0488    8.24575         23 0.0000e+00
    229.000    226.503    -0.8456  27.719343    -0.8435  27.719187     5.0638     5.1361    -0.0107    95.4484 1.0000e-12  -74.17536 -113.34424  27.272975      99.87 7.2278e+01    324.020       7777  1028.4743  1028.4722    34.0518    34.0492    8.24514         22 0.0000e+00
    230.000    227.492    -0.8427  27.722426    -0.8401  27.722693     5.0658     5.1338    -0.0215    95.4479 1.0000e-12  -74.17536 -113.34424  27.272986      99.87 7.2278e+01    324.965       7800  1028.4792  1028.4769    34.0521    34.0494    8.24448         23 0.0000e+00
    231.000    228.484    -0.8438  27.721613    -0.8420  27.721435     5.0668     5.1358    -0.0200    95.4484 1.0000e-12  -74.17536 -113.34424  27.272997      99.87 7.2278e+01    325.898       7823  1028.4837  1028.4818    34.0516    34.0493    8.24475         22 0.0000e+00
    232.000    229.469    -0.8463  27.719915    -0.8414  27.722295     5.0647     5.1343    -0.0043    95.3868 1.0000e-12  -74.17536 -113.34424  27.273007      99.86 7.2278e+01    326.844       7845  1028.4886  1028.4865    34.0514    34.0492    8.24530         23 0.0000e+00
    233.000    230.460    -0.8384  27.728279    -0.8368  27.727477     5.0616     5.1324    -0.0061    95.4326 1.0000e-12  -74.17536 -113.34424  27.273018      99.86 7.2278e+01    327.799       7868  1028.4943  1028.4919    34.0533    34.0504    8.24348         23 0.0000e+00
    234.000    231.447    -0.8381  27.729065    -0.8356  27.729487     5.0645     5.1378    -0.0111    95.4489 1.0000e-12  -74.17536 -113.34424  27.273029      99.86 7.2278e+01    328.740       7891  1028.4992  1028.4973    34.0534    34.0512    8.24339         23 0.0000e+00
    235.000    232.436    -0.8370  27.730762    -0.8350  27.730487     5.0715     5.1407    -0.0177    95.4436 1.0000e-12  -74.17536 -113.34424  27.273040      99.86 7.2278e+01    329.684       7913  1028.5043  1028.5020    34.0539    34.0512    8.24313         23 0.0000e+00
    236.000    233.424    -0.8369  27.731127    -0.8347  27.731119     5.0810     5.1451    -0.0184    95.4507 1.0000e-12  -74.17536 -113.34424  27.273051      99.86 7.2278e+01    330.634       7936  1028.5089  1028.5068    34.0536    34.0511    8.24312         22 0.0000e+00
    237.000    234.412    -0.8446  27.724376    -0.8454  27.722243     5.0870     5.1555    -0.0160    95.4472 1.0000e-12  -74.17536 -113.34424  27.273062      99.88 7.2278e+01    331.568       7959  1028.5135  1028.5119    34.0526    34.0506    8.24488         22 0.0000e+00
    238.000    235.401    -0.8503  27.720431    -0.8482  27.720182     5.0900     5.1683    -0.0195    95.4525 1.0000e-12  -74.17536 -113.34424  27.273073      99.86 7.2278e+01    332.505       7981  1028.5190  1028.5167    34.0530    34.0503    8.24609         23 0.0000e+00
    239.000    236.391    -0.8538  27.717778    -0.8541  27.715790     5.0831     5.1620    -0.0131    95.4469 1.0000e-12  -74.17536 -113.34424  27.273084      83.89 7.2278e+01    333.456       8004  1028.5238  1028.5220    34.0527    34.0504    8.24687         23 0.0000e+00
    240.000    237.377    -0.8523  27.719614    -0.8545  27.715846     5.0692     5.1401    -0.0210    95.4424 1.0000e-12  -74.17536 -113.34424  27.273095      87.17 7.2278e+01    334.403       8027  1028.5286  1028.5266    34.0530    34.0503    8.24654         23 0.0000e+00
