ocean_section_plots/required_files/ctd/dnbp2202_ctd220.cnv
* Sea-Bird SBE 9 Data File:
* FileName = D:\Data\raw\NBP2202_CTD220.hex
* Software Version Seasave V 7.26.7.121
* Temperature SN = 1649
* Conductivity SN = 2513
* Number of Bytes Per Scan = 40
* Number of Voltage Words = 5
* Number of Scans Averaged by the Deck Unit = 1
* NMEA Latitude = 74 12.02 S
* NMEA Longitude = 110 54.02 W
* NMEA UTC (Time) = Feb 11 2022  12:49:20
* NMEA baud rate = 9600
** Ship: RVIB N.B. Palmer
** Cruise: NBP2202 Thwaites
** Station: 132
** Operator: B. Bjork
# nquan = 28
# nvalues = 509                         
# units = specified
# name 0 = prDM: Pressure, Digiquartz [db]
# name 1 = depSM: Depth [salt water, m]
# name 2 = t090C: Temperature [ITS-90, deg C]
# name 3 = c0mS/cm: Conductivity [mS/cm]
# name 4 = t190C: Temperature, 2 [ITS-90, deg C]
# name 5 = c1mS/cm: Conductivity, 2 [mS/cm]
# name 6 = sbeox0ML/L: Oxygen, SBE 43 [ml/l]
# name 7 = sbeox1ML/L: Oxygen, SBE 43, 2 [ml/l]
# name 8 = flECO-AFL: Fluorescence, WET Labs ECO-AFL/FL [mg/m^3]
# name 9 = CStarTr0: Beam Transmission, WET Labs C-Star [%]
# name 10 = par: PAR/Irradiance, Biospherical/Licor
# name 11 = latitude: Latitude [deg]
# name 12 = longitude: Longitude [deg]
# name 13 = timeJ: Julian Days
# name 14 = altM: Altimeter [m]
# name 15 = spar: SPAR, Biospherical/Licor
# name 16 = timeS: Time, Elapsed [seconds]
# name 17 = scan: Scan Count
# name 18 = density00: Density [density, kg/m^3]
# name 19 = density11: Density, 2 [density, kg/m^3]
# name 20 = v3: Voltage 3
# name 21 = v4: Voltage 4
# name 22 = v5: Voltage 5
# name 23 = sal00: Salinity, Practical [PSU]
# name 24 = sal11: Salinity, Practical, 2 [PSU]
# name 25 = oxsolML/L: Oxygen Saturation, Garcia & Gordon [ml/l]
# name 26 = nbin: number of scans per bin
# name 27 = flag: flag
# span 0 =      3.000,    511.000       
# span 1 =      2.968,    505.088       
# span 2 =    -1.4238,    -1.1892       
# span 3 =  26.966032,  27.527527       
# span 4 =    -1.4239,    -1.1881       
# span 5 =  26.966008,  27.527633       
# span 6 =     5.4757,     6.2712       
# span 7 =     5.6656,     6.4251       
# span 8 =    -0.0230,     1.0421       
# span 9 =    95.6496,    97.8113       
# span 10 = -2.524e-06, 2.9022e+01      
# span 11 =  -74.20042,  -74.20040      
# span 12 = -110.90038, -110.90034      
# span 13 =  42.536941,  42.544112      
# span 14 =       6.88,     100.32      
# span 15 = 7.5984e+01, 8.8096e+01      
# span 16 =    231.685,    851.285      
# span 17 =       5561,      20432      
# span 18 =  1027.2208,  1029.8712      
# span 19 =  1027.2215,  1029.8697      
# span 20 =     4.5376,     4.6400      
# span 21 =     0.0634,     0.2777      
# span 22 =     0.1235,     0.1378      
# span 23 =    33.8134,    34.0923      
# span 24 =    33.8139,    34.0906      
# span 25 =    8.32439,    8.38755      
# span 26 =         22,         68      
# span 27 = 0.0000e+00, 0.0000e+00      
# interval = decibars: 1                
# start_time = Feb 11 2022 12:49:20 [NMEA time, header]
# bad_flag = -9.990e-29
*END*
[from data line 259]
    262.000    259.124    -1.2649  27.373856    -1.2637  27.373647     5.7873     5.9995     0.0040    97.7990 1.0000e-12  -74.20042 -110.90034  42.540372      99.92 8.6880e+01    528.181      12677  1028.6373  1028.6359     4.6394     0.0716     0.1259    34.0351    34.0334    8.33879         24 0.0000e+00
    263.000    260.112    -1.2564  27.382719    -1.2552  27.382530     5.8329     5.9949    -0.0029    97.8113 1.0000e-12  -74.20042 -110.90036  42.540384      99.93 8.6612e+01    529.163      12701  1028.6430  1028.6417     4.6400     0.0705     0.1261    34.0370    34.0354    8.33678         23 0.0000e+00
    264.000    261.100    -1.2520  27.387479    -1.2507  27.387389     5.8246     5.9930    -0.0049    97.7908 1.0000e-12  -74.20042 -110.90034  42.540395      99.92 8.2868e+01    530.142      12724  1028.6482  1028.6468     4.6390     0.0696     0.1235    34.0379    34.0362    8.33575         23 0.0000e+00
    265.000    262.089    -1.2526  27.387453    -1.2515  27.387334     5.8288     5.9980     0.0072    97.7830 1.0000e-12  -74.20042 -110.90036  42.540407      99.92 8.7210e+01    531.126      12748  1028.6532  1028.6519     4.6387     0.0706     0.1248    34.0379    34.0365    8.33589         24 0.0000e+00
    266.000    263.076    -1.2562  27.385039    -1.2548  27.385063     5.8255     5.9986    -0.0005    97.7951 1.0000e-12  -74.20042 -110.90034  42.540418      99.93 8.6672e+01    532.111      12772  1028.6583  1028.6570     4.6392     0.0721     0.1245    34.0380    34.0365    8.33667         24 0.0000e+00
    267.000    264.067    -1.2558  27.385859    -1.2545  27.385963     5.8537     6.0015    -0.0004    97.7901 1.0000e-12  -74.20042 -110.90036  42.540429      99.92 8.2806e+01    533.076      12795  1028.6632  1028.6620     4.6390     0.0700     0.1254    34.0381    34.0368    8.33658         23 0.0000e+00
    268.000    265.055    -1.2564  27.386370    -1.2550  27.386466     5.8209     6.0084    -0.0004    97.7843 1.0000e-12  -74.20042 -110.90034  42.540440      99.92 8.6949e+01    534.058      12818  1028.6685  1028.6673     4.6388     0.0703     0.1272    34.0388    34.0374    8.33666         24 0.0000e+00
    269.000    266.041    -1.2527  27.390435    -1.2512  27.390453     5.8370     6.0145    -0.0004    97.7854 1.0000e-12  -74.20042 -110.90036  42.540452      99.92 8.6603e+01    535.058      12842  1028.6737  1028.6723     4.6388     0.0709     0.1279    34.0397    34.0380    8.33581         24 0.0000e+00
    270.000    267.031    -1.2596  27.385368    -1.2583  27.385535     5.7999     6.0155    -0.0099    97.7878 1.0000e-12  -74.20042 -110.90036  42.540463      99.92 8.3333e+01    536.036      12866  1028.6793  1028.6782     4.6389     0.0705     0.1266    34.0400    34.0387    8.33733         23 0.0000e+00
    271.000    268.019    -1.2567  27.388745    -1.2553  27.388775     5.8607     6.0187    -0.0150    97.7779 1.0000e-12  -74.20042 -110.90036  42.540475      99.92 8.7014e+01    537.013      12889  1028.6843  1028.6831     4.6385     0.0711     0.1256    34.0406    34.0391    8.33663         24 0.0000e+00
    272.000    269.008    -1.2574  27.388670    -1.2556  27.389102     5.8534     6.0187    -0.0090    97.7353 1.0000e-12  -74.20042 -110.90036  42.540486      99.92 8.6678e+01    538.011      12913  1028.6892  1028.6880     4.6364     0.0703     0.1267    34.0407    34.0392    8.33678         24 0.0000e+00
    273.000    269.995    -1.2608  27.386258    -1.2598  27.386104     5.8274     6.0206    -0.0026    97.7620 1.0000e-12  -74.20042 -110.90036  42.540498      93.83 8.1859e+01    539.000      12937  1028.6942  1028.6931     4.6377     0.0690     0.1277    34.0406    34.0393    8.33755         23 0.0000e+00
    274.000    270.985    -1.2582  27.389893    -1.2568  27.389902     5.8707     6.0244    -0.0064    97.7688 1.0000e-12  -74.20042 -110.90036  42.540509      99.94 8.5471e+01    539.961      12960  1028.7000  1028.6986     4.6380     0.0715     0.1257    34.0421    34.0404    8.33689         23 0.0000e+00
    275.000    271.973    -1.2532  27.395841    -1.2520  27.395809     5.8521     6.0322    -0.0010    97.7693 1.0000e-12  -74.20042 -110.90036  42.540520      99.93 8.7114e+01    540.937      12983  1028.7059  1028.7047     4.6381     0.0703     0.1250    34.0439    34.0425    8.33566         24 0.0000e+00
    276.000    272.960    -1.2596  27.391784    -1.2589  27.391565     5.8385     6.0385    -0.0077    97.7671 1.0000e-12  -74.20042 -110.90036  42.540532      99.93 8.4039e+01    541.935      13007  1028.7120  1028.7111     4.6379     0.0725     0.1273    34.0450    34.0439    8.33702         24 0.0000e+00
    277.000    273.949    -1.2640  27.389398    -1.2629  27.389364     5.8772     6.0425    -0.0008    97.7682 1.0000e-12  -74.20042 -110.90036  42.540543      99.92 8.5336e+01    542.925      13031  1028.7180  1028.7168     4.6380     0.0701     0.1287    34.0461    34.0447    8.33793         24 0.0000e+00
    278.000    274.939    -1.2651  27.389109    -1.2639  27.389143     5.9168     6.0455    -0.0127    97.7566 1.0000e-12  -74.20042 -110.90036  42.540554      99.92 8.7054e+01    543.907      13055  1028.7230  1028.7218     4.6374     0.0698     0.1250    34.0463    34.0450    8.33816         23 0.0000e+00
    279.000    275.926    -1.2663  27.388701    -1.2651  27.388651     5.8635     6.0490    -0.0099    97.7666 1.0000e-12  -74.20042 -110.90036  42.540566      99.93 8.4754e+01    544.882      13078  1028.7280  1028.7268     4.6379     0.0717     0.1274    34.0465    34.0451    8.33843         23 0.0000e+00
    280.000    276.913    -1.2663  27.389054    -1.2654  27.388901     5.8577     6.0527    -0.0077    97.7925 1.0000e-12  -74.20042 -110.90036  42.540577      99.93 8.5313e+01    545.842      13101  1028.7327  1028.7316     4.6391     0.0708     0.1287    34.0464    34.0451    8.33844         23 0.0000e+00
    281.000    277.903    -1.2671  27.388948    -1.2657  27.389055     5.9042     6.0602    -0.0080    97.7587 1.0000e-12  -74.20042 -110.90036  42.540588      99.93 8.7543e+01    546.807      13124  1028.7375  1028.7364     4.6376     0.0698     0.1271    34.0465    34.0451    8.33860         24 0.0000e+00
    282.000    278.891    -1.2700  27.387112    -1.2684  27.387459     5.8842     6.0697    -0.0050    97.7818 1.0000e-12  -74.20042 -110.90035  42.540600      99.92 8.4876e+01    547.799      13148  1028.7427  1028.7415     4.6386     0.0717     0.1240    34.0467    34.0453    8.33924         24 0.0000e+00
    283.000    279.879    -1.2751  27.384034    -1.2739  27.384015     5.8875     6.0727    -0.0039    97.7856 1.0000e-12  -74.20042 -110.90035  42.540611      99.92 8.5690e+01    548.791      13172  1028.7486  1028.7474     4.6388     0.0705     0.1259    34.0476    34.0463    8.34033         23 0.0000e+00
    284.000    280.868    -1.2791  27.381540    -1.2778  27.381565     5.9174     6.0795    -0.0150    97.7950 1.0000e-12  -74.20042 -110.90036  42.540622      99.92 8.7847e+01    549.769      13195  1028.7539  1028.7528     4.6392     0.0703     0.1274    34.0481    34.0467    8.34118         24 0.0000e+00
    285.000    281.855    -1.2827  27.379228    -1.2814  27.379313     5.9137     6.0818    -0.0150    97.7800 1.0000e-12  -74.20042 -110.90036  42.540634      99.92 8.6534e+01    550.750      13219  1028.7592  1028.7580     4.6385     0.0697     0.1269    34.0485    34.0471    8.34198         23 0.0000e+00
    286.000    282.844    -1.2871  27.376420    -1.2857  27.376572     5.9192     6.0835    -0.0077    97.8015 1.0000e-12  -74.20042 -110.90036  42.540645      86.68 8.4324e+01    551.729      13243  1028.7646  1028.7634     4.6396     0.0681     0.1258    34.0490    34.0476    8.34292         24 0.0000e+00
    287.000    283.833    -1.2889  27.375440    -1.2879  27.375290     5.9141     6.0930    -0.0011    97.7983 1.0000e-12  -74.20042 -110.90036  42.540656      99.75 8.7729e+01    552.715      13266  1028.7696  1028.7684     4.6394     0.0699     0.1257    34.0491    34.0477    8.34333         24 0.0000e+00
    288.000    284.821    -1.2905  27.374762    -1.2890  27.374982     5.9204     6.0982    -0.0064    97.7990 1.0000e-12  -74.20042 -110.90036  42.540668      99.92 8.7307e+01    553.696      13290  1028.7745  1028.7734     4.6394     0.0708     0.1259    34.0493    34.0479    8.34366         23 0.0000e+00
    289.000    285.808    -1.2910  27.374868    -1.2898  27.374886     5.9165     6.0908    -0.0128    97.7961 1.0000e-12  -74.20042 -110.90036  42.540679      99.92 8.4412e+01    554.683      13313  1028.7794  1028.7783     4.6393     0.0704     0.1278    34.0494    34.0481    8.34376         24 0.0000e+00
    290.000    286.797    -1.2911  27.375410    -1.2897  27.375481     5.9198     6.0893    -0.0069    97.8056 1.0000e-12  -74.20042 -110.90036  42.540691      99.93 8.8096e+01    555.675      13337  1028.7843  1028.7831     4.6398     0.0713     0.1298    34.0496    34.0482    8.34377         24 0.0000e+00
    291.000    287.785    -1.2919  27.375490    -1.2906  27.375416     5.9143     6.0967    -0.0038    97.7255 1.0000e-12  -74.20042 -110.90036  42.540702      99.92 8.6899e+01    556.685      13361  1028.7895  1028.7881     4.6359     0.0711     0.1318    34.0501    34.0484    8.34393         24 0.0000e+00
    292.000    288.774    -1.2922  27.375507    -1.2909  27.375684     5.9190     6.1003    -0.0104    97.7672 1.0000e-12  -74.20042 -110.90036  42.540714      99.92 8.4248e+01    557.689      13386  1028.7940  1028.7930     4.6379     0.0721     0.1288    34.0498    34.0486    8.34401         24 0.0000e+00
    293.000    289.762    -1.2927  27.375872    -1.2915  27.375767     5.9382     6.0978    -0.0129    97.7553 1.0000e-12  -74.20042 -110.90036  42.540726      99.92 8.7051e+01    558.691      13410  1028.7991  1028.7979     4.6374     0.0691     0.1320    34.0502    34.0487    8.34409         24 0.0000e+00
    294.000    290.751    -1.2939  27.375493    -1.2929  27.375264     5.9358     6.0971    -0.0077    97.7532 1.0000e-12  -74.20042 -110.90035  42.540737      99.92 8.6749e+01    559.686      13433  1028.8041  1028.8029     4.6373     0.0702     0.1287    34.0505    34.0491    8.34435         24 0.0000e+00
    295.000    291.737    -1.2947  27.375737    -1.2936  27.375572     5.9337     6.1048    -0.0077    97.7053 1.0000e-12  -74.20042 -110.90035  42.540748      99.92 8.4253e+01    560.660      13457  1028.8095  1028.8081     4.6350     0.0698     0.1316    34.0511    34.0496    8.34450         23 0.0000e+00
    296.000    292.727    -1.2946  27.376985    -1.2933  27.376993     5.9166     6.1083    -0.0077    97.7145 1.0000e-12  -74.20042 -110.90035  42.540760      99.92 8.6145e+01    561.638      13480  1028.8150  1028.8137     4.6354     0.0701     0.1290    34.0520    34.0506    8.34441         24 0.0000e+00
    297.000    293.716    -1.2952  27.377493    -1.2941  27.377316     5.9442     6.1110    -0.0146    97.7210 1.0000e-12  -74.20042 -110.90035  42.540771      99.92 8.6088e+01    562.639      13504  1028.8204  1028.8192     4.6357     0.0689     0.1281    34.0529    34.0514    8.34451         24 0.0000e+00
    298.000    294.703    -1.2957  27.377582    -1.2940  27.377942     5.9543     6.1090    -0.0215    97.7360 1.0000e-12  -74.20042 -110.90035  42.540783      99.92 8.3376e+01    563.644      13528  1028.8252  1028.8240     4.6364     0.0704     0.1270    34.0529    34.0515    8.34461         24 0.0000e+00
    299.000    295.691    -1.2957  27.378116    -1.2945  27.378091     5.9233     6.1144    -0.0169    97.7284 1.0000e-12  -74.20042 -110.90035  42.540794      99.92 8.5859e+01    564.631      13552  1028.8301  1028.8289     4.6361     0.0706     0.1269    34.0530    34.0516    8.34460         23 0.0000e+00
    300.000    296.678    -1.2984  27.376724    -1.2970  27.376786     5.9507     6.1185    -0.0103    97.7142 1.0000e-12  -74.20042 -110.90035  42.540806      99.92 8.6318e+01    565.626      13576  1028.8355  1028.8342     4.6354     0.0705     0.1279    34.0536    34.0520    8.34518         24 0.0000e+00
    301.000    297.670    -1.2977  27.377743    -1.2962  27.377883     5.9378     6.1201    -0.0158    97.7375 1.0000e-12  -74.20042 -110.90035  42.540817      99.92 8.4508e+01    566.625      13600  1028.8401  1028.8389     4.6365     0.0702     0.1280    34.0535    34.0521    8.34501         24 0.0000e+00
    302.000    298.654    -1.2990  27.377128    -1.2966  27.377997     5.9484     6.1184    -0.0197    97.7262 1.0000e-12  -74.20042 -110.90035  42.540829      99.92 8.6253e+01    567.615      13624  1028.8451  1028.8436     4.6359     0.0706     0.1256    34.0536    34.0520    8.34532         24 0.0000e+00
    303.000    299.645    -1.2985  27.377914    -1.2973  27.377987     5.9453     6.1196    -0.0150    97.7214 1.0000e-12  -74.20042 -110.90035  42.540840      99.92 8.6450e+01    568.618      13648  1028.8497  1028.8486     4.6357     0.0700     0.1289    34.0535    34.0522    8.34521         25 0.0000e+00
    304.000    300.632    -1.3010  27.376398    -1.3002  27.376262     5.9703     6.1293    -0.0131    97.7340 1.0000e-12  -74.20042 -110.90035  42.540852      99.92 8.5006e+01    569.622      13672  1028.8547  1028.8537     4.6363     0.0702     0.1306    34.0536    34.0525    8.34576         23 0.0000e+00
    305.000    301.621    -1.3057  27.372942    -1.3043  27.373184     5.9441     6.1352    -0.0098    97.7048 1.0000e-12  -74.20042 -110.90035  42.540864      99.92 8.6018e+01    570.608      13696  1028.8598  1028.8587     4.6349     0.0708     0.1312    34.0536    34.0524    8.34681         24 0.0000e+00
    306.000    302.609    -1.3074  27.372183    -1.3053  27.372732     5.9559     6.1390    -0.0220    97.7049 1.0000e-12  -74.20042 -110.90036  42.540875      99.92 8.6672e+01    571.599      13719  1028.8648  1028.8634     4.6350     0.0697     0.1313    34.0538    34.0523    8.34717         24 0.0000e+00
    307.000    303.597    -1.3081  27.371747    -1.3107  27.368624     5.9781     6.1459    -0.0075    97.7342 1.0000e-12  -74.20042 -110.90036  42.540887      99.92 8.5411e+01    572.616      13744  1028.8693  1028.8684     4.6363     0.0687     0.1273    34.0534    34.0521    8.34735         24 0.0000e+00
    308.000    304.585    -1.3125  27.369110    -1.3108  27.369606     5.9558     6.1466    -0.0148    97.6906 1.0000e-12  -74.20042 -110.90036  42.540898      99.92 8.6389e+01    573.613      13768  1028.8750  1028.8738     4.6343     0.0695     0.1309    34.0542    34.0530    8.34830         24 0.0000e+00
    309.000    305.573    -1.3098  27.372386    -1.3092  27.371604     6.0019     6.1540    -0.0087    97.6915 1.0000e-12  -74.20042 -110.90036  42.540910      99.92 8.6534e+01    574.582      13791  1028.8802  1028.8787     4.6344     0.0702     0.1313    34.0550    34.0533    8.34764         23 0.0000e+00
    310.000    306.562    -1.3120  27.370623    -1.3103  27.371191     5.9693     6.1596    -0.0132    97.7155 1.0000e-12  -74.20042 -110.90036  42.540921      99.92 8.4773e+01    575.558      13814  1028.8847  1028.8836     4.6354     0.0711     0.1293    34.0545    34.0533    8.34817         24 0.0000e+00
    311.000    307.550    -1.3181  27.366427    -1.3168  27.366527     5.9910     6.1699    -0.0201    97.7209 1.0000e-12  -74.20042 -110.90036  42.540932      99.92 8.5490e+01    576.550      13838  1028.8902  1028.8890     4.6357     0.0697     0.1292    34.0550    34.0536    8.34949         24 0.0000e+00
    312.000    308.536    -1.3223  27.363636    -1.3210  27.363681     5.9679     6.1675    -0.0185    97.7003 1.0000e-12  -74.20042 -110.90036  42.540944      92.89 8.6618e+01    577.548      13862  1028.8955  1028.8943     4.6348     0.0695     0.1334    34.0554    34.0540    8.35042         23 0.0000e+00
