ocean_section_plots/required_files/ctd/dnbp2202_ctd194.cnv
* Sea-Bird SBE 9 Data File:
* FileName = D:\Data\raw\NBP2202_CTD194.hex
* Software Version Seasave V 7.26.7.121
* Temperature SN = 1649
* Conductivity SN = 2513
* Number of Bytes Per Scan = 40
* Number of Voltage Words = 5
* Number of Scans Averaged by the Deck Unit = 1
* NMEA Latitude = 73 47.99 S
* NMEA Longitude = 112 40.04 W
* NMEA UTC (Time) = Feb 07 2022  20:50:37
* NMEA baud rate = 9600
** Ship: RVIB N.B. Palmer
** Cruise: NBP2202 Thwaites
** Station: 115
** Operator: A. Robinson
# nquan = 28
# nvalues = 739                         
# units = specified
# name 0 = prDM: Pressure, Digiquartz [db]
# name 1 = depSM: Depth [salt water, m]
# name 2 = t090C: Temperature [ITS-90, deg C]
# name 3 = c0mS/cm: Conductivity [mS/cm]
# name 4 = t190C: Temperature, 2 [ITS-90, deg C]
# name 5 = c1mS/cm: Conductivity, 2 [mS/cm]
# name 6 = sbeox0ML/L: Oxygen, SBE 43 [ml/l]
# name 7 = sbeox1ML/L: Oxygen, SBE 43, 2 [ml/l]
# name 8 = flECO-AFL: Fluorescence, WET Labs ECO-AFL/FL [mg/m^3]
# name 9 = CStarTr0: Beam Transmission, WET Labs C-Star [%]
# name 10 = par: PAR/Irradiance, Biospherical/Licor
# name 11 = latitude: Latitude [deg]
# name 12 = longitude: Longitude [deg]
# name 13 = timeJ: Julian Days
# name 14 = altM: Altimeter [m]
# name 15 = spar: SPAR, Biospherical/Licor
# name 16 = timeS: Time, Elapsed [seconds]
# name 17 = scan: Scan Count
# name 18 = density00: Density [density, kg/m^3]
# name 19 = density11: Density, 2 [density, kg/m^3]
# name 20 = v3: Voltage 3
# name 21 = v4: Voltage 4
# name 22 = v5: Voltage 5
# name 23 = sal00: Salinity, Practical [PSU]
# name 24 = sal11: Salinity, Practical, 2 [PSU]
# name 25 = oxsolML/L: Oxygen Saturation, Garcia & Gordon [ml/l]
# name 26 = nbin: number of scans per bin
# name 27 = flag: flag
# span 0 =      1.000,    739.000       
# span 1 =      0.991,    730.062       
# span 2 =    -1.4777,     0.5772       
# span 3 =  27.085102,  29.544286       
# span 4 =    -1.4776,     0.5796       
# span 5 =  27.085077,  29.544327       
# span 6 =     4.5712,     8.9483       
# span 7 =     4.6760,     9.1672       
# span 8 =    -0.0090,    26.2042       
# span 9 =    74.9496,    98.7477       
# span 10 = 1.0000e-12, 2.8451e+02      
# span 11 =  -73.79998,  -73.79998      
# span 12 = -112.66744, -112.66742      
# span 13 =  38.870707,  38.881206      
# span 14 =       3.79,     109.39      
# span 15 = 4.8396e+02, 6.3238e+02      
# span 16 =    192.092,   1099.171      
# span 17 =       4611,      26381      
# span 18 =  1027.1674,  1031.2143      
# span 19 =  1027.1704,  1031.2119      
# span 20 =     3.5567,     4.6845      
# span 21 =     0.0647,     3.8189      
# span 22 =     0.1128,     0.2531      
# span 23 =    33.7956,    34.5766      
# span 24 =    33.7979,    34.5738      
# span 25 =    7.91449,    8.38973      
# span 26 =          2,         48      
# span 27 = 0.0000e+00, 0.0000e+00      
# interval = decibars: 1                
# start_time = Feb 07 2022 20:50:37 [NMEA time, header]
# bad_flag = -9.990e-29
*END*
[from data line 674]
    675.000    666.941     0.3399  29.254462     0.3424  29.254771     4.6941     4.8133    -0.0004    98.7113 1.0000e-12  -73.79998 -112.66743  38.879914      69.37 6.0952e+02    987.563      23703  1030.8708  1030.8687     4.6827     0.0678     0.1231    34.4997    34.4973    7.96750         24 0.0000e+00
    676.000    667.925     0.3451  29.260040     0.3476  29.260214     4.6966     4.8178     0.0127    98.7382 1.0000e-12  -73.79998 -112.66743  38.879926      68.32 6.0512e+02    988.593      23727  1030.8758  1030.8736     4.6840     0.0671     0.1205    34.5006    34.4981    7.96638         25 0.0000e+00
    677.000    668.913     0.3500  29.265498     0.3529  29.265973     4.6866     4.8081     0.0020    98.7316 1.0000e-12  -73.79998 -112.66743  38.879938      67.41 6.0541e+02    989.613      23752  1030.8811  1030.8787     4.6837     0.0667     0.1181    34.5017    34.4991    7.96530         24 0.0000e+00
    678.000    669.900     0.3538  29.270000     0.3560  29.269752     4.6767     4.7959     0.0044    98.6510 1.0000e-12  -73.79998 -112.66742  38.879949      66.40 6.0730e+02    990.596      23775  1030.8863  1030.8840     4.6799     0.0686     0.1186    34.5028    34.5000    7.96445         23 0.0000e+00
    679.000    670.886     0.3694  29.287425     0.3730  29.288143     4.6730     4.7922    -0.0084    98.6954 1.0000e-12  -73.79998 -112.66742  38.879960      65.28 6.0842e+02    991.566      23799  1030.8934  1030.8907     4.6819     0.0666     0.1173    34.5076    34.5045    7.96097         24 0.0000e+00
    680.000    671.872     0.3809  29.299179     0.3833  29.299209     4.6639     4.7888    -0.0055    98.7035 1.0000e-12  -73.79998 -112.66742  38.879971      64.35 6.0652e+02    992.534      23822  1030.8987  1030.8963     4.6823     0.0663     0.1189    34.5096    34.5069    7.95849         23 0.0000e+00
    681.000    672.859     0.3854  29.304858     0.3878  29.304805     4.6655     4.7802     0.0065    98.6846 1.0000e-12  -73.79998 -112.66742  38.879983      63.32 6.0468e+02    993.515      23845  1030.9045  1030.9021     4.6814     0.0656     0.1195    34.5113    34.5086    7.95745         24 0.0000e+00
    682.000    673.845     0.3895  29.309716     0.3918  29.309618     4.6699     4.7806     0.0088    98.6758 1.0000e-12  -73.79998 -112.66742  38.879995      62.27 6.0289e+02    994.534      23870  1030.9099  1030.9076     4.6810     0.0650     0.1183    34.5125    34.5098    7.95655         24 0.0000e+00
    683.000    674.832     0.3917  29.312415     0.3939  29.312163     4.6646     4.7802     0.0144    98.6934 1.0000e-12  -73.79998 -112.66742  38.880006      61.32 6.0313e+02    995.542      23894  1030.9150  1030.9126     4.6818     0.0647     0.1190    34.5131    34.5103    7.95607         24 0.0000e+00
    684.000    675.818     0.3941  29.315671     0.3965  29.315684     4.6752     4.7805     0.0137    98.6877 1.0000e-12  -73.79998 -112.66742  38.880018      60.33 6.0482e+02    996.523      23918  1030.9203  1030.9180     4.6815     0.0661     0.1203    34.5140    34.5113    7.95551         24 0.0000e+00
    685.000    676.804     0.3978  29.320101     0.4000  29.319992     4.6752     4.7886     0.0070    98.6659 1.0000e-12  -73.79998 -112.66742  38.880029      59.26 6.0430e+02    997.485      23941  1030.9256  1030.9234     4.6805     0.0658     0.1192    34.5151    34.5126    7.95469         23 0.0000e+00
    686.000    677.792     0.4000  29.323810     0.4021  29.323685     4.6831     4.7910     0.0137    98.6949 1.0000e-12  -73.79998 -112.66742  38.880040      58.24 6.0205e+02    998.466      23964  1030.9317  1030.9296     4.6818     0.0661     0.1188    34.5170    34.5144    7.95415         23 0.0000e+00
    687.000    678.776     0.3971  29.322554     0.3990  29.322403     4.6841     4.7962     0.0071    98.6482 1.0000e-12  -73.79998 -112.66742  38.880052      57.26 6.0323e+02    999.457      23988  1030.9376  1030.9356     4.6797     0.0686     0.1179    34.5179    34.5156    7.95467         24 0.0000e+00
    688.000    679.763     0.3920  29.319001     0.3939  29.318699     4.6796     4.7977     0.0069    98.6621 1.0000e-12  -73.79998 -112.66742  38.880063      56.27 6.0031e+02   1000.446      24012  1030.9433  1030.9411     4.6803     0.0676     0.1188    34.5185    34.5158    7.95571         24 0.0000e+00
    689.000    680.750     0.3894  29.317373     0.3912  29.317114     4.6712     4.7897     0.0116    98.6155 1.0000e-12  -73.79998 -112.66742  38.880075      55.22 5.9937e+02   1001.445      24036  1030.9485  1030.9464     4.6781     0.0690     0.1187    34.5186    34.5162    7.95623         24 0.0000e+00
    690.000    681.737     0.3875  29.317957     0.3896  29.317336     4.6739     4.7889     0.0143    98.6356 1.0000e-12  -73.79998 -112.66742  38.880086      54.15 5.9985e+02   1002.432      24059  1030.9552  1030.9525     4.6791     0.0666     0.1164    34.5209    34.5177    7.95649         23 0.0000e+00
    691.000    682.723     0.4160  29.347939     0.4183  29.347445     4.6858     4.7937     0.0172    98.6616 1.0000e-12  -73.79998 -112.66742  38.880097      53.14 5.9924e+02   1003.411      24083  1030.9625  1030.9598     4.6803     0.0656     0.1176    34.5277    34.5245    7.95025         25 0.0000e+00
    692.000    683.709     0.4325  29.365166     0.4356  29.365164     4.6876     4.8008     0.0193    98.6567 1.0000e-12  -73.79998 -112.66742  38.880109      52.13 5.9878e+02   1004.401      24107  1030.9683  1030.9653     4.6801     0.0684     0.1165    34.5311    34.5278    7.94665         23 0.0000e+00
    693.000    684.695     0.4569  29.389187     0.4595  29.389139     4.6866     4.7913     0.0130    98.6744 1.0000e-12  -73.79998 -112.66742  38.880120      51.16 6.0083e+02   1005.371      24130  1030.9735  1030.9709     4.6809     0.0682     0.1162    34.5348    34.5318    7.94144         23 0.0000e+00
    694.000    685.681     0.4630  29.396454     0.4655  29.396183     4.6720     4.7837     0.0070    98.7032 1.0000e-12  -73.79998 -112.66742  38.880131      50.16 5.9857e+02   1006.322      24153  1030.9795  1030.9768     4.6823     0.0649     0.1143    34.5368    34.5337    7.94008         23 0.0000e+00
    695.000    686.669     0.4795  29.413984     0.4819  29.413907     4.6620     4.7742     0.0142    98.7234 1.0000e-12  -73.79998 -112.66742  38.880142      49.14 5.9642e+02   1007.275      24176  1030.9858  1030.9833     4.6833     0.0680     0.1160    34.5408    34.5379    7.93648         23 0.0000e+00
    696.000    687.654     0.4816  29.416520     0.4837  29.416139     4.6587     4.7639     0.0143    98.7029 1.0000e-12  -73.79998 -112.66742  38.880153      48.17 5.9688e+02   1008.260      24199  1030.9908  1030.9884     4.6822     0.0677     0.1150    34.5411    34.5383    7.93602         24 0.0000e+00
    697.000    688.641     0.4778  29.413705     0.4799  29.413490     4.6452     4.7581     0.0026    98.7316 1.0000e-12  -73.79998 -112.66742  38.880165      47.06 5.9614e+02   1009.286      24224  1030.9961  1030.9938     4.6837     0.0647     0.1178    34.5411    34.5385    7.93679         25 0.0000e+00
    698.000    689.627     0.4710  29.408602     0.4729  29.408236     4.6350     4.7524     0.0047    98.7463 1.0000e-12  -73.79998 -112.66742  38.880177      46.12 5.9477e+02   1010.301      24248  1031.0019  1030.9998     4.6844     0.0685     0.1163    34.5414    34.5389    7.93818         23 0.0000e+00
    699.000    690.614     0.4672  29.406504     0.4695  29.406521     4.6223     4.7444     0.0111    98.7360 1.0000e-12  -73.79998 -112.66742  38.880188      45.04 5.9710e+02   1011.258      24271  1031.0079  1031.0057     4.6839     0.0675     0.1161    34.5424    34.5398    7.93891         23 0.0000e+00
    700.000    691.600     0.4747  29.415361     0.4772  29.415087     4.6228     4.7412     0.0142    98.7316 1.0000e-12  -73.79998 -112.66742  38.880199      44.11 5.9603e+02   1012.170      24293  1031.0140  1031.0112     4.6837     0.0667     0.1185    34.5450    34.5419    7.93722         22 0.0000e+00
    701.000    692.586     0.4987  29.440840     0.5014  29.440293     4.6256     4.7331     0.0143    98.7414 1.0000e-12  -73.79998 -112.66742  38.880209      43.05 5.9324e+02   1013.103      24315  1031.0209  1031.0177     4.6842     0.0660     0.1168    34.5508    34.5471    7.93197         23 0.0000e+00
    702.000    693.573     0.5158  29.457716     0.5182  29.457562     4.6248     4.7271     0.0122    98.7477 1.0000e-12  -73.79998 -112.66742  38.880221      42.08 5.9270e+02   1014.092      24339  1031.0259  1031.0233     4.6845     0.0670     0.1167    34.5532    34.5503    7.92834         24 0.0000e+00
    703.000    694.559     0.5182  29.460806     0.5203  29.460423     4.6178     4.7242    -0.0004    98.7328 1.0000e-12  -73.79998 -112.66742  38.880233      40.94 5.9092e+02   1015.127      24364  1031.0312  1031.0287     4.6837     0.0698     0.1175    34.5540    34.5511    7.92781         25 0.0000e+00
    704.000    695.546     0.5185  29.461843     0.5207  29.461597     4.6125     4.7308     0.0067    98.7034 1.0000e-12  -73.79998 -112.66742  38.880245      39.97 5.9071e+02   1016.161      24389  1031.0364  1031.0340     4.6823     0.0669     0.1162    34.5544    34.5516    7.92772         24 0.0000e+00
    705.000    696.531     0.5221  29.466483     0.5244  29.466231     4.6092     4.7213     0.0143    98.7157 1.0000e-12  -73.79998 -112.66742  38.880256      38.94 5.9278e+02   1017.152      24413  1031.0420  1031.0395     4.6829     0.0674     0.1181    34.5558    34.5530    7.92690         24 0.0000e+00
    706.000    697.517     0.5259  29.471133     0.5284  29.471030     4.6061     4.7137     0.0143    98.7248 1.0000e-12  -73.79998 -112.66742  38.880268      37.92 5.9165e+02   1018.116      24436  1031.0475  1031.0449     4.6833     0.0686     0.1215    34.5571    34.5542    7.92606         23 0.0000e+00
    707.000    698.504     0.5343  29.482056     0.5369  29.482260     4.6029     4.7096     0.0198    98.7026 1.0000e-12  -73.79998 -112.66742  38.880279      36.91 5.9034e+02   1019.109      24460  1031.0548  1031.0525     4.6822     0.0673     0.1164    34.5614    34.5588    7.92409         24 0.0000e+00
    708.000    699.491     0.5364  29.484957     0.5384  29.484579     4.5896     4.7031     0.0162    98.6957 1.0000e-12  -73.79998 -112.66742  38.880291      35.83 5.8874e+02   1020.164      24485  1031.0601  1031.0578     4.6819     0.0676     0.1202    34.5623    34.5595    7.92362         27 0.0000e+00
    709.000    700.477     0.5379  29.487599     0.5408  29.487769     4.5836     4.6969     0.0143    98.6852 1.0000e-12  -73.79998 -112.66742  38.880304      34.77 5.8815e+02   1021.286      24512  1031.0657  1031.0631     4.6814     0.0675     0.1186    34.5634    34.5605    7.92324         27 0.0000e+00
    710.000    701.463     0.5564  29.509107     0.5597  29.509672     4.5840     4.6895     0.0086    98.6700 1.0000e-12  -73.79998 -112.66742  38.880317      33.80 5.8795e+02   1022.408      24539  1031.0740  1031.0714     4.6807     0.0678     0.1168    34.5702    34.5672    7.91908         27 0.0000e+00
    711.000    702.449     0.5671  29.521644     0.5687  29.520309     4.5776     4.6849     0.0067    98.6666 1.0000e-12  -73.79998 -112.66742  38.880330      32.81 5.8759e+02   1023.496      24565  1031.0808  1031.0779     4.6805     0.0682     0.1205    34.5740    34.5705    7.91668         26 0.0000e+00
    712.000    703.436     0.5709  29.526239     0.5732  29.526063     4.5751     4.6852     0.0178    98.6430 1.0000e-12  -73.79998 -112.66742  38.880343      31.79 5.8718e+02   1024.591      24591  1031.0863  1031.0838     4.6795     0.0711     0.1220    34.5752    34.5723    7.91585         26 0.0000e+00
    713.000    704.423     0.5746  29.530763     0.5770  29.530644     4.5777     4.6869     0.0158    98.6354 1.0000e-12  -73.79998 -112.66742  38.880356      30.78 5.8596e+02   1025.735      24619  1031.0917  1031.0892     4.6791     0.0695     0.1221    34.5764    34.5736    7.91503         29 0.0000e+00
    714.000    705.409     0.5755  29.532132     0.5779  29.531977     4.5731     4.6812     0.0204    98.6243 1.0000e-12  -73.79998 -112.66742  38.880370      29.72 5.8557e+02   1026.983      24649  1031.0966  1031.0941     4.6786     0.0688     0.1230    34.5766    34.5737    7.91483         31 0.0000e+00
    715.000    706.395     0.5757  29.532685     0.5780  29.532533     4.5712     4.6882     0.0143    98.5540 1.0000e-12  -73.79998 -112.66742  38.880386      28.67 5.8544e+02   1028.320      24681  1031.1014  1031.0989     4.6752     0.0680     0.1229    34.5765    34.5737    7.91480         32 0.0000e+00
    716.000    707.381     0.5760  29.533371     0.5782  29.533155     4.5751     4.6917     0.0167    98.5389 1.0000e-12  -73.79998 -112.66742  38.880401      27.68 5.8516e+02   1029.609      24712  1031.1062  1031.1037     4.6746     0.0689     0.1212    34.5765    34.5737    7.91474         30 0.0000e+00
    717.000    708.367     0.5760  29.533689     0.5782  29.533541     4.5766     4.6868     0.0215    98.5112 1.0000e-12  -73.79998 -112.66742  38.880415      26.63 5.8406e+02   1030.833      24741  1031.1108  1031.1085     4.6732     0.0684     0.1242    34.5764    34.5737    7.91475         30 0.0000e+00
    718.000    709.353     0.5762  29.534466     0.5786  29.534290     4.5720     4.6801     0.0355    98.5125 1.0000e-12  -73.79998 -112.66742  38.880430      25.62 5.8423e+02   1032.137      24772  1031.1157  1031.1132     4.6733     0.0695     0.1220    34.5765    34.5737    7.91469         32 0.0000e+00
    719.000    710.340     0.5764  29.534993     0.5787  29.534865     4.5782     4.6873     0.0319    98.5013 1.0000e-12  -73.79998 -112.66742  38.880446      24.55 5.8351e+02   1033.521      24806  1031.1204  1031.1181     4.6727     0.0703     0.1238    34.5765    34.5737    7.91466         34 0.0000e+00
    720.000    711.326     0.5764  29.535523     0.5788  29.535435     4.5792     4.6852     0.0216    98.4412 1.0000e-12  -73.79998 -112.66742  38.880462      23.51 5.8351e+02   1034.953      24840  1031.1252  1031.1228     4.6699     0.0720     0.1247    34.5765    34.5737    7.91464         35 0.0000e+00
    721.000    712.312     0.5765  29.535997     0.5789  29.535862     4.5769     4.6800     0.0176    98.4370 1.0000e-12  -73.79998 -112.66743  38.880480      22.50 5.8351e+02   1036.430      24875  1031.1299  1031.1275     4.6697     0.0712     0.1207    34.5764    34.5737    7.91463         36 0.0000e+00
    722.000    713.299     0.5765  29.536470     0.5789  29.536241     4.5794     4.6849     0.0202    98.3787 1.0000e-12  -73.79998 -112.66743  38.880498      21.45 5.8202e+02   1038.042      24914  1031.1347  1031.1321     4.6669     0.0705     0.1298    34.5766    34.5736    7.91464         38 0.0000e+00
    723.000    714.283     0.5765  29.536964     0.5790  29.536752     4.5758     4.6820     0.0263    98.3971 1.0000e-12  -73.79998 -112.66744  38.880520      20.37 5.8054e+02   1039.946      24960  1031.1395  1031.1368     4.6678     0.0693     0.1276    34.5766    34.5735    7.91463         43 0.0000e+00
    724.000    715.271     0.5766  29.537410     0.5790  29.537263     4.5782     4.6849     0.0247    98.4081 1.0000e-12  -73.79998 -112.66744  38.880543      19.37 5.8042e+02   1041.949      25008  1031.1441  1031.1416     4.6683     0.0718     0.1256    34.5765    34.5736    7.91461         45 0.0000e+00
