ocean_section_plots/required_files/ctd/dnbp2202_ctd198.cnv
* Sea-Bird SBE 9 Data File:
* FileName = D:\Data\raw\NBP2202_CTD198.hex
* Software Version Seasave V 7.26.7.121
* Temperature SN = 1649
* Conductivity SN = 2513
* Number of Bytes Per Scan = 40
* Number of Voltage Words = 5
* Number of Scans Averaged by the Deck Unit = 1
* NMEA Latitude = 73 55.66 S
* NMEA Longitude = 113 14.60 W
* NMEA UTC (Time) = Feb 08 2022  15:22:25
* NMEA baud rate = 9600
** Ship: RVIB N.B. Palmer
** Cruise: NBP2202 Thwaites
** Station: 117
** Operator: A. Robinson
# nquan = 28
# nvalues = 391                         
# units = specified
# name 0 = prDM: Pressure, Digiquartz [db]
# name 1 = depSM: Depth [salt water, m]
# name 2 = t090C: Temperature [ITS-90, deg C]
# name 3 = c0mS/cm: Conductivity [mS/cm]
# name 4 = t190C: Temperature, 2 [ITS-90, deg C]
# name 5 = c1mS/cm: Conductivity, 2 [mS/cm]
# name 6 = sbeox0ML/L: Oxygen, SBE 43 [ml/l]
# name 7 = sbeox1ML/L: Oxygen, SBE 43, 2 [ml/l]
# name 8 = flECO-AFL: Fluorescence, WET Labs ECO-AFL/FL [mg/m^3]
# name 9 = CStarTr0: Beam Transmission, WET Labs C-Star [%]
# name 10 = par: PAR/Irradiance, Biospherical/Licor
# name 11 = latitude: Latitude [deg]
# name 12 = longitude: Longitude [deg]
# name 13 = timeJ: Julian Days
# name 14 = altM: Altimeter [m]
# name 15 = spar: SPAR, Biospherical/Licor
# name 16 = timeS: Time, Elapsed [seconds]
# name 17 = scan: Scan Count
# name 18 = density00: Density [density, kg/m^3]
# name 19 = density11: Density, 2 [density, kg/m^3]
# name 20 = v3: Voltage 3
# name 21 = v4: Voltage 4
# name 22 = v5: Voltage 5
# name 23 = sal00: Salinity, Practical [PSU]
# name 24 = sal11: Salinity, Practical, 2 [PSU]
# name 25 = oxsolML/L: Oxygen Saturation, Garcia & Gordon [ml/l]
# name 26 = nbin: number of scans per bin
# name 27 = flag: flag
# span 0 =      3.000,    393.000       
# span 1 =      2.969,    388.546       
# span 2 =    -1.5757,    -0.1169       
# span 3 =  26.976476,  28.599083       
# span 4 =    -1.5746,    -0.1136       
# span 5 =  26.976666,  28.599912       
# span 6 =     4.8109,     8.9369       
# span 7 =     4.9617,     9.2723       
# span 8 =    -0.0179,    25.6861       
# span 9 =    75.8252,    98.6460       
# span 10 = 1.0000e-12, 5.3254e+01      
# span 11 =  -73.92774,  -73.92766      
# span 12 = -113.24321, -113.24036      
# span 13 =  39.643262,  39.650137      
# span 14 =       3.37,     100.24      
# span 15 = 1.6871e+02, 1.9964e+02      
# span 16 =    232.832,    826.816      
# span 17 =       5589,      19845      
# span 18 =  1027.1590,  1029.4250      
# span 19 =  1027.1583,  1029.4228      
# span 20 =     3.5975,     4.6796      
# span 21 =     0.0636,     3.8542      
# span 22 =     0.1122,     0.2491      
# span 23 =    33.7584,    34.3128      
# span 24 =    33.7570,    34.3101      
# span 25 =    8.07343,    8.41469      
# span 26 =          7,         48      
# span 27 = 0.0000e+00, 0.0000e+00      
# interval = decibars: 1                
# start_time = Feb 08 2022 15:22:25 [NMEA time, header]
# bad_flag = -9.990e-29
*END*
      3.000      2.969    -0.7281  27.504687    -0.7275  27.504574     8.9237     8.7699    18.3935    78.1181 5.3254e+01  -73.92771 -113.24321  39.643262      87.77 1.7333e+02    232.832       5589  1027.1590  1027.1583     3.7062     3.2930     0.2080    33.7681    33.7673    8.23596         36 0.0000e+00
      4.000      3.959    -0.7286  27.504912    -0.7279  27.504854     8.9199     8.7897    18.8894    76.3849 3.8586e+01  -73.92770 -113.24321  39.643308      96.97 1.7405e+02    236.823       5685  1027.1640  1027.1633     3.6241     3.5108     0.2246    33.7684    33.7675    8.23605         34 0.0000e+00
      5.000      4.949    -0.7283  27.505620    -0.7271  27.505983     8.9272     8.8512    18.5485    77.2167 2.7700e+01  -73.92770 -113.24319  39.643334      99.77 1.7451e+02    239.063       5739  1027.1688  1027.1681     3.6640     2.9946     0.2181    33.7684    33.7675    8.23598         45 0.0000e+00
      6.000      5.938    -0.7304  27.503784    -0.7281  27.505312     8.9220     8.9196    17.8387    76.7910 2.0296e+01  -73.92770 -113.24319  39.643360      99.99 1.7453e+02    241.297       5792  1027.1731  1027.1726     3.6432     3.0962     0.2174    33.7676    33.7672    8.23648         43 0.0000e+00
      7.000      6.927    -0.7325  27.501784    -0.7299  27.503968     8.9265     8.9963    18.6255    76.7494 1.4897e+01  -73.92770 -113.24320  39.643382      99.96 1.7453e+02    243.206       5838  1027.1772  1027.1771     3.6413     3.0603     0.2205    33.7666    33.7666    8.23700         42 0.0000e+00
      8.000      7.918    -0.7374  27.496816    -0.7370  27.496506     8.9322     9.0764    19.4711    77.3667 1.0996e+01  -73.92770 -113.24319  39.643405      99.98 1.7469e+02    245.157       5885  1027.1809  1027.1801     3.6711     3.2181     0.2417    33.7648    33.7639    8.23818         47 0.0000e+00
      9.000      8.907    -0.7429  27.490710    -0.7421  27.491084     8.9325     9.1575    20.8265    77.2816 8.3169e+00  -73.92771 -113.24318  39.643429      99.96 1.7482e+02    247.306       5936  1027.1837  1027.1833     3.6660     3.0367     0.2261    33.7620    33.7616    8.23953         42 0.0000e+00
     10.000      9.896    -0.7468  27.486872    -0.7488  27.483504     8.9369     9.2041    19.7950    75.8843 6.1087e+00  -73.92772 -113.24318  39.643453      93.07 1.7515e+02    249.324       5985  1027.1875  1027.1858     3.6001     3.3274     0.2256    33.7606    33.7583    8.24047         43 0.0000e+00
     11.000     10.886    -0.7524  27.481061    -0.7519  27.480417     8.9343     9.2470    20.2328    76.9728 4.5546e+00  -73.92772 -113.24318  39.643477      99.67 1.7488e+02    251.396       6034  1027.1908  1027.1896     3.6515     2.7501     0.2164    33.7584    33.7570    8.24182         46 0.0000e+00
     12.000     11.875    -0.7435  27.491504    -0.7426  27.491617     8.9293     9.2642    20.0655    77.4486 3.4197e+00  -73.92772 -113.24318  39.643500      99.89 1.7474e+02    253.438       6084  1027.1979  1027.1971     3.6747     3.1922     0.2209    33.7620    33.7611    8.23968         35 0.0000e+00
     13.000     12.865    -0.7424  27.493099    -0.7412  27.493520     8.9216     9.2646    20.2324    77.4653 2.5762e+00  -73.92772 -113.24316  39.643523      99.95 1.7496e+02    255.347       6129  1027.2028  1027.2021     3.6751     3.1776     0.2284    33.7623    33.7616    8.23942         37 0.0000e+00
     14.000     13.854    -0.7417  27.494410    -0.7417  27.493451     8.9197     9.2664    20.2430    76.1656 1.9185e+00  -73.92772 -113.24316  39.643543      99.93 1.7531e+02    257.122       6172  1027.2079  1027.2067     3.6135     3.2521     0.2427    33.7627    33.7613    8.23925         39 0.0000e+00
     15.000     14.845    -0.7389  27.498430    -0.7390  27.497192     8.9098     9.2554    19.5200    76.5306 1.4385e+00  -73.92772 -113.24316  39.643565      99.97 1.7630e+02    258.988       6217  1027.2139  1027.2126     3.6312     3.3230     0.2179    33.7644    33.7628    8.23853         41 0.0000e+00
     16.000     15.834    -0.7316  27.507794    -0.7317  27.506587     8.9120     9.2484    23.8654    77.0816 1.1050e+00  -73.92773 -113.24315  39.643588      99.30 1.7629e+02    260.982       6265  1027.2213  1027.2201     3.6571     3.1171     0.2120    33.7682    33.7667    8.23671         44 0.0000e+00
     17.000     16.824    -0.7305  27.509390    -0.7302  27.508901     8.9156     9.2540    23.2409    77.5662 8.2678e-01  -73.92774 -113.24314  39.643610      96.75 1.7643e+02    262.945       6312  1027.2263  1027.2255     3.6805     3.3411     0.2371    33.7685    33.7675    8.23645         39 0.0000e+00
     18.000     17.813    -0.7169  27.525234    -0.7158  27.525136     8.9120     9.2557    22.1121    77.5187 6.2939e-01  -73.92774 -113.24313  39.643631      99.93 1.7716e+02    264.740       6355  1027.2348  1027.2336     3.6776     3.6725     0.2227    33.7741    33.7727    8.23316         38 0.0000e+00
     19.000     18.803    -0.7127  27.530068    -0.7118  27.530069     8.9120     9.2570    20.0146    75.8742 4.8310e-01  -73.92774 -113.24311  39.643654      99.97 1.7708e+02    266.733       6403  1027.2404  1027.2396     3.6004     3.3439     0.2149    33.7754    33.7744    8.23218         40 0.0000e+00
     20.000     19.792    -0.7108  27.532132    -0.7097  27.532597     8.9161     9.2647    20.8631    77.5116 3.6637e-01  -73.92774 -113.24310  39.643677      99.98 1.7766e+02    268.738       6451  1027.2452  1027.2446     3.6775     3.2703     0.2391    33.7754    33.7747    8.23175         38 0.0000e+00
     21.000     20.783    -0.7110  27.532497    -0.7107  27.532320     8.9225     9.2723    23.8231    77.1590 2.7784e-01  -73.92774 -113.24309  39.643697      99.99 1.7804e+02    270.435       6491  1027.2502  1027.2497     3.6607     3.3368     0.2370    33.7754    33.7749    8.23179         38 0.0000e+00
     22.000     21.770    -0.7110  27.532914    -0.7097  27.533183     8.9132     9.2687    24.6343    77.8018 2.0820e-01  -73.92774 -113.24307  39.643719      99.97 1.7805e+02    272.321       6537  1027.2550  1027.2541     3.6913     3.5246     0.2371    33.7754    33.7743    8.23179         36 0.0000e+00
     23.000     22.760    -0.7134  27.531259    -0.7141  27.530230     8.8806     9.2589    21.2055    77.6544 1.5418e-01  -73.92774 -113.24305  39.643745      99.50 1.7805e+02    274.558       6590  1027.2599  1027.2595     3.6842     3.1268     0.2309    33.7753    33.7746    8.23233         42 0.0000e+00
     24.000     23.752    -0.7161  27.529523    -0.7152  27.529910     8.8959     9.2570    21.6763    76.7349 1.1121e-01  -73.92774 -113.24302  39.643766      97.84 1.7805e+02    276.406       6635  1027.2650  1027.2645     3.6408     3.1250     0.2336    33.7754    33.7748    8.23292         39 0.0000e+00
     25.000     24.740    -0.7161  27.530323    -0.7148  27.530821     8.8992     9.2609    19.2275    77.5306 7.6866e-02  -73.92774 -113.24300  39.643789      99.99 1.7805e+02    278.390       6682  1027.2701  1027.2694     3.6781     3.5456     0.2405    33.7757    33.7750    8.23288         39 0.0000e+00
     26.000     25.729    -0.7173  27.529792    -0.7174  27.529275     8.8420     9.2105    20.1121    76.8104 5.0567e-02  -73.92773 -113.24297  39.643816      99.97 1.7805e+02    280.721       6738  1027.2751  1027.2746     3.6444     3.3370     0.2205    33.7758    33.7752    8.23315         39 0.0000e+00
     27.000     26.720    -0.7323  27.517732    -0.7276  27.521707     8.7315     9.1182    19.3514    77.2699 2.7384e-02  -73.92772 -113.24295  39.643838      99.98 1.7805e+02    282.631       6784  1027.2807  1027.2805     3.6660     3.8542     0.2186    33.7756    33.7757    8.23642         43 0.0000e+00
     28.000     27.710    -0.7732  27.486424    -0.7708  27.488391     8.6837     9.0713    23.3049    77.5083 1.0311e-02  -73.92772 -113.24291  39.643860      99.99 1.7805e+02    284.467       6828  1027.2904  1027.2903     3.6773     3.2004     0.2491    33.7785    33.7785    8.24521         39 0.0000e+00
     29.000     28.701    -0.7825  27.479764    -0.7804  27.481069     8.7047     9.0609    22.0882    77.3318 4.6773e-05  -73.92772 -113.24289  39.643884      99.98 1.7805e+02    286.554       6878  1027.2961  1027.2955     3.6687     3.2085     0.2081    33.7793    33.7787    8.24720         38 0.0000e+00
     30.000     29.687    -0.7839  27.479264    -0.7810  27.480899     8.6582     9.0167    25.6861    76.9848 4.6358e-06  -73.92772 -113.24286  39.643908      93.01 1.7867e+02    288.639       6928  1027.3009  1027.2999     3.6523     3.1837     0.2167    33.7796    33.7786    8.24749         42 0.0000e+00
     31.000     30.678    -0.8011  27.467506    -0.7979  27.469104     8.5387     8.9151    23.6944    75.8252 1.0000e-12  -73.92772 -113.24284  39.643929      99.75 1.7938e+02    290.439       6972  1027.3088  1027.3075     3.5975     3.2822     0.2143    33.7823    33.7808    8.25110         39 0.0000e+00
     32.000     31.667    -0.8452  27.436166    -0.8411  27.438857     8.4352     8.8066    23.5693    76.3113 1.0000e-12  -73.92772 -113.24281  39.643951      99.99 1.7946e+02    292.373       7018  1027.3213  1027.3203     3.6203     3.3837     0.2260    33.7886    33.7877    8.26039         42 0.0000e+00
     33.000     32.655    -0.8810  27.408873    -0.8768  27.412750     8.1852     8.5702    20.2581    76.5423 1.0000e-12  -73.92771 -113.24277  39.643978      99.98 1.7981e+02    294.678       7073  1027.3298  1027.3301     3.6313     3.4426     0.2192    33.7911    33.7916    8.26810         32 0.0000e+00
     34.000     33.646    -0.9550  27.356787    -0.9481  27.360354     7.9402     8.3573    17.5359    76.7957 1.0000e-12  -73.92770 -113.24275  39.644000      99.96 1.7981e+02    296.627       7120  1027.3483  1027.3456     3.6436     3.2526     0.1854    33.8028    33.7999    8.28371         40 0.0000e+00
     35.000     34.635    -0.9975  27.327969    -0.9871  27.334389     7.8168     8.2137    23.9667    77.6682 1.0000e-12  -73.92770 -113.24273  39.644023      99.96 1.7981e+02    298.573       7167  1027.3614  1027.3582     3.6848     3.4961     0.2424    33.8108    33.8079    8.29263         38 0.0000e+00
     36.000     35.624    -1.0177  27.313687    -1.0123  27.316799     7.6596     8.0170    18.2387    79.2133 1.0000e-12  -73.92770 -113.24271  39.644049      98.90 1.8017e+02    300.818       7221  1027.3685  1027.3670     3.7582     2.8364     0.2334    33.8135    33.8117    8.29694         41 0.0000e+00
     37.000     36.614    -1.0535  27.290139    -1.0503  27.291635     7.5049     7.8530    17.1814    79.7924 1.0000e-12  -73.92770 -113.24269  39.644070      99.65 1.8031e+02    302.672       7265  1027.3809  1027.3797     3.7855     2.8566     0.2215    33.8210    33.8195    8.30441         39 0.0000e+00
     38.000     37.604    -1.0839  27.270318    -1.0819  27.270947     7.4264     7.7634    19.6587    79.5115 1.0000e-12  -73.92770 -113.24268  39.644090      99.98 1.8017e+02    304.373       7306  1027.3923  1027.3911     3.7724     3.0247     0.2285    33.8277    33.8262    8.31077         34 0.0000e+00
     39.000     38.593    -1.0761  27.280594    -1.0802  27.276614     7.4508     7.7633    16.0065    79.9379 1.0000e-12  -73.92770 -113.24265  39.644112      99.80 1.8082e+02    306.317       7353  1027.3994  1027.3992     3.7928     2.6789     0.2358    33.8323    33.8315    8.30876         36 0.0000e+00
     40.000     39.584    -1.0566  27.300050    -1.0561  27.299928     7.4474     7.7582    15.8589    79.9776 1.0000e-12  -73.92770 -113.24263  39.644135      99.56 1.8160e+02    308.299       7400  1027.4056  1027.4050     3.7945     2.1031     0.2136    33.8362    33.8355    8.30420         36 0.0000e+00
     41.000     40.571    -1.0370  27.319050    -1.0426  27.313601     7.4408     7.7340    19.7529    80.6001 1.0000e-12  -73.92770 -113.24262  39.644156      99.61 1.8122e+02    310.093       7443  1027.4115  1027.4109     3.8239     2.3258     0.2080    33.8395    33.8383    8.29968         39 0.0000e+00
     42.000     41.560    -1.0348  27.323260    -1.0311  27.325733     7.4170     7.7269    15.9209    80.4239 1.0000e-12  -73.92770 -113.24260  39.644179      99.68 1.8188e+02    312.052       7490  1027.4182  1027.4173     3.8151     2.4335     0.2014    33.8421    33.8412    8.29904         39 0.0000e+00
     43.000     42.551    -1.0369  27.321921    -1.0350  27.322481     7.4354     7.7239    14.0929    81.4707 1.0000e-12  -73.92770 -113.24258  39.644204      95.42 1.8174e+02    314.198       7542  1027.4230  1027.4217     3.8652     2.0099     0.1690    33.8420    33.8406    8.29952         44 0.0000e+00
     44.000     43.541    -1.0325  27.326279    -1.0303  27.327248     7.4050     7.6845    13.8346    81.4833 1.0000e-12  -73.92770 -113.24256  39.644225      99.90 1.8073e+02    316.055       7586  1027.4277  1027.4267     3.8658     2.4924     0.2009    33.8423    33.8412    8.29851         39 0.0000e+00
     45.000     44.529    -1.0447  27.317060    -1.0456  27.315912     7.3322     7.6199    13.8868    82.1063 1.0000e-12  -73.92770 -113.24253  39.644246      99.93 1.8231e+02    317.814       7629  1027.4337  1027.4334     3.8953     3.2445     0.2149    33.8429    33.8424    8.30118         43 0.0000e+00
     46.000     45.519    -1.0821  27.287096    -1.0765  27.290536     7.2694     7.5637    13.6789    81.6002 1.0000e-12  -73.92770 -113.24251  39.644267      99.85 1.8282e+02    319.695       7674  1027.4413  1027.4397     3.8711     2.6656     0.1997    33.8435    33.8420    8.30943         37 0.0000e+00
     47.000     46.509    -1.1078  27.264881    -1.1052  27.266189     7.2471     7.5292    13.5267    80.8210 1.0000e-12  -73.92770 -113.24248  39.644289      99.86 1.8222e+02    321.565       7719  1027.4458  1027.4447     3.8344     3.1402     0.1891    33.8416    33.8404    8.31525         44 0.0000e+00
     48.000     47.498    -1.1266  27.249067    -1.1233  27.251052     7.1824     7.4568    16.0475    80.7586 1.0000e-12  -73.92770 -113.24246  39.644310      99.61 1.8372e+02    323.417       7763  1027.4505  1027.4495     3.8314     2.3380     0.1961    33.8405    33.8395    8.31948         42 0.0000e+00
     49.000     48.487    -1.1522  27.227551    -1.1499  27.229418     7.0309     7.3242    16.2581    81.2700 1.0000e-12  -73.92770 -113.24242  39.644332      99.75 1.8371e+02    325.300       7808  1027.4556  1027.4555     3.8557     2.5197     0.2250    33.8394    33.8393    8.32524         38 0.0000e+00
     50.000     49.477    -1.2316  27.162847    -1.2322  27.161592     6.8753     7.1759    16.3414    81.0696 1.0000e-12  -73.92770 -113.24241  39.644352      96.61 1.8387e+02    326.975       7848  1027.4652  1027.4644     3.8461     2.5982     0.2410    33.8398    33.8388    8.34291         37 0.0000e+00
     51.000     50.463    -1.2678  27.133234    -1.2673  27.133274     6.7956     7.0942    15.6658    82.1832 1.0000e-12  -73.92769 -113.24238  39.644371      99.61 1.8469e+02    328.697       7890  1027.4711  1027.4706     3.8990     2.5917     0.2096    33.8395    33.8390    8.35101         34 0.0000e+00
     52.000     51.456    -1.2886  27.118505    -1.2879  27.118783     6.7821     7.0618    12.0970    82.2480 1.0000e-12  -73.92768 -113.24236  39.644391      99.60 1.8511e+02    330.355       7930  1027.4785  1027.4782     3.9021     2.3102     0.2012    33.8422    33.8418    8.35550         37 0.0000e+00
     53.000     52.445    -1.2899  27.118295    -1.2892  27.118507     6.7828     7.0522    10.4869    84.7121 1.0000e-12  -73.92768 -113.24235  39.644408      99.45 1.8510e+02    331.837       7965  1027.4832  1027.4828     4.0189     1.6845     0.2003    33.8428    33.8423    8.35576         36 0.0000e+00
