ocean_section_plots/required_files/ctd/dnbp2202_ctd057.cnv
* Sea-Bird SBE 9 Data File:
* FileName = D:\Data\raw\NBP2202_CTD057.hex
* Software Version Seasave V 7.26.7.121
* Temperature SN = 1649
* Conductivity SN = 2513
* Number of Bytes Per Scan = 40
* Number of Voltage Words = 5
* Number of Scans Averaged by the Deck Unit = 1
* NMEA Latitude = 74 13.90 S
* NMEA Longitude = 112 15.37 W
* NMEA UTC (Time) = Jan 24 2022  16:10:30
* NMEA baud rate = 9600
** Ship: RVIB N.B. Palmer
** Cruise: NBP2202 Thwaites
** Station: Section Dotson C
** Operator: A. Robinson
# nquan = 25
# nvalues = 1023                        
# units = specified
# name 0 = prDM: Pressure, Digiquartz [db]
# name 1 = depSM: Depth [salt water, m]
# name 2 = t090C: Temperature [ITS-90, deg C]
# name 3 = c0mS/cm: Conductivity [mS/cm]
# name 4 = t190C: Temperature, 2 [ITS-90, deg C]
# name 5 = c1mS/cm: Conductivity, 2 [mS/cm]
# name 6 = sbeox0ML/L: Oxygen, SBE 43 [ml/l]
# name 7 = sbeox1ML/L: Oxygen, SBE 43, 2 [ml/l]
# name 8 = flECO-AFL: Fluorescence, WET Labs ECO-AFL/FL [mg/m^3]
# name 9 = CStarTr0: Beam Transmission, WET Labs C-Star [%]
# name 10 = par: PAR/Irradiance, Biospherical/Licor
# name 11 = latitude: Latitude [deg]
# name 12 = longitude: Longitude [deg]
# name 13 = timeJ: Julian Days
# name 14 = altM: Altimeter [m]
# name 15 = spar: SPAR, Biospherical/Licor
# name 16 = timeS: Time, Elapsed [seconds]
# name 17 = scan: Scan Count
# name 18 = density00: Density [density, kg/m^3]
# name 19 = density11: Density, 2 [density, kg/m^3]
# name 20 = sal00: Salinity, Practical [PSU]
# name 21 = sal11: Salinity, Practical, 2 [PSU]
# name 22 = oxsolML/L: Oxygen Saturation, Garcia & Gordon [ml/l]
# name 23 = nbin: number of scans per bin
# name 24 = flag: flag
# span 0 =      2.000,   1024.000       
# span 1 =      1.982,   1010.904       
# span 2 =    -1.5218,     0.5381       
# span 3 =  27.075295,  29.619156       
# span 4 =    -1.5216,     0.5402       
# span 5 =  27.075113,  29.618992       
# span 6 =     4.5757,     8.4515       
# span 7 =     4.7632,     8.7980       
# span 8 =    -0.0139,    18.7503       
# span 9 =    72.6230,    97.0776       
# span 10 = 1.0000e-12, 3.2054e+02      
# span 11 =  -74.23168,  -74.23166      
# span 12 = -112.25628, -112.25624      
# span 13 =  24.676199,  24.691883      
# span 14 =       3.41,     102.06      
# span 15 = 7.6637e+02, 8.4392e+02      
# span 16 =    193.614,   1548.715      
# span 17 =       4648,      37170      
# span 18 =  1027.1943,  1032.5294      
# span 19 =  1027.1966,  1032.5272      
# span 20 =    33.7983,    34.5558      
# span 21 =    33.7997,    34.5533      
# span 22 =    7.92363,    8.40041      
# span 23 =         13,         48      
# span 24 = 0.0000e+00, 0.0000e+00      
# interval = decibars: 1                
# start_time = Jan 24 2022 16:10:30 [NMEA time, header]
# bad_flag = -9.990e-29
*END*
[from data line 696]
    698.000    689.612     0.2436  29.149287     0.2456  29.149010     4.7070     4.9144     0.0019    96.8579 1.0000e-12  -74.23168 -112.25625  24.686355      99.87 8.2503e+02   1071.053      25706  1030.9524  1030.9502    34.4562    34.4536    7.98986         29 0.0000e+00
    699.000    690.600     0.2449  29.150992     0.2465  29.150410     4.7107     4.9112     0.0069    96.8151 1.0000e-12  -74.23168 -112.25624  24.686369      99.86 8.2503e+02   1072.241      25735  1030.9571  1030.9550    34.4564    34.4538    7.98959         28 0.0000e+00
    700.000    691.585     0.2471  29.153773     0.2490  29.153372     4.7112     4.9148     0.0128    96.8773 1.0000e-12  -74.23168 -112.25624  24.686382      99.86 8.2503e+02   1073.418      25763  1030.9621  1030.9598    34.4571    34.4544    7.98910         29 0.0000e+00
    701.000    692.571     0.2493  29.156519     0.2514  29.156330     4.7107     4.9132     0.0009    96.8634 1.0000e-12  -74.23168 -112.25626  24.686396      99.86 8.2503e+02   1074.600      25791  1030.9670  1030.9647    34.4576    34.4550    7.98861         28 0.0000e+00
    702.000    693.559     0.2486  29.156411     0.2507  29.156256     4.7123     4.9138    -0.0004    96.8648 1.0000e-12  -74.23168 -112.25626  24.686410      99.86 8.2503e+02   1075.788      25820  1030.9717  1030.9696    34.4576    34.4551    7.98874         29 0.0000e+00
    703.000    694.545     0.2508  29.159176     0.2528  29.158803     4.7073     4.9115     0.0069    96.8606 1.0000e-12  -74.23168 -112.25626  24.686423      99.87 8.2503e+02   1076.973      25848  1030.9768  1030.9744    34.4583    34.4555    7.98826         28 0.0000e+00
    704.000    695.530     0.2545  29.163283     0.2563  29.162928     4.7050     4.9093     0.0051    96.8754 1.0000e-12  -74.23168 -112.25626  24.686437      99.86 8.2503e+02   1078.153      25877  1030.9816  1030.9795    34.4590    34.4565    7.98746         28 0.0000e+00
    705.000    696.517     0.2571  29.166579     0.2592  29.166178     4.7042     4.9040     0.0011    96.8719 1.0000e-12  -74.23168 -112.25626  24.686451      80.41 8.2445e+02   1079.328      25905  1030.9867  1030.9843    34.4597    34.4569    7.98686         29 0.0000e+00
    706.000    697.504     0.2597  29.169661     0.2618  29.169368     4.7052     4.9082     0.0040    96.8716 1.0000e-12  -74.23168 -112.25626  24.686464      90.45 8.2446e+02   1080.514      25933  1030.9916  1030.9893    34.4603    34.4576    7.98629         28 0.0000e+00
    707.000    698.489     0.2608  29.171394     0.2629  29.171086     4.7093     4.9103    -0.0015    96.8665 1.0000e-12  -74.23168 -112.25626  24.686478      99.97 8.2418e+02   1081.722      25962  1030.9966  1030.9942    34.4607    34.4580    7.98603         29 0.0000e+00
    708.000    699.475     0.2616  29.172426     0.2633  29.171983     4.7012     4.9131     0.0075    96.8924 1.0000e-12  -74.23168 -112.25626  24.686492      99.86 8.2388e+02   1082.921      25991  1031.0012  1030.9991    34.4607    34.4582    7.98589         29 0.0000e+00
    709.000    700.463     0.2618  29.173149     0.2637  29.172868     4.7034     4.9128     0.0143    96.8818 1.0000e-12  -74.23168 -112.25626  24.686506      99.86 8.2390e+02   1084.099      26019  1031.0060  1031.0038    34.4608    34.4583    7.98584         28 0.0000e+00
    710.000    701.448     0.2616  29.173670     0.2636  29.173372     4.7053     4.9123     0.0043    96.8983 1.0000e-12  -74.23168 -112.25626  24.686519      99.86 8.2447e+02   1085.275      26048  1031.0109  1031.0087    34.4611    34.4585    7.98585         28 0.0000e+00
    711.000    702.434     0.2609  29.173516     0.2627  29.173108     4.7019     4.9121     0.0049    96.8834 1.0000e-12  -74.23168 -112.25626  24.686533      99.87 8.2418e+02   1086.464      26076  1031.0157  1031.0135    34.4612    34.4586    7.98601         29 0.0000e+00
    712.000    703.421     0.2616  29.174621     0.2635  29.174259     4.7035     4.9071    -0.0064    96.8834 1.0000e-12  -74.23168 -112.25626  24.686547      99.87 8.2418e+02   1087.658      26105  1031.0205  1031.0182    34.4613    34.4586    7.98585         29 0.0000e+00
    713.000    704.407     0.2607  29.174534     0.2626  29.174269     4.7037     4.9093     0.0056    96.8882 1.0000e-12  -74.23168 -112.25626  24.686561      99.86 8.2365e+02   1088.858      26134  1031.0255  1031.0234    34.4616    34.4591    7.98602         28 0.0000e+00
    714.000    705.394     0.2621  29.176930     0.2649  29.177288     4.7026     4.9080    -0.0012    96.8950 1.0000e-12  -74.23168 -112.25626  24.686575      99.87 8.2394e+02   1090.049      26162  1031.0308  1031.0284    34.4626    34.4599    7.98567         29 0.0000e+00
    715.000    706.379     0.2667  29.182258     0.2687  29.181782     4.7028     4.9003    -0.0069    96.8955 1.0000e-12  -74.23168 -112.25626  24.686588      99.86 8.2386e+02   1091.232      26191  1031.0361  1031.0337    34.4638    34.4610    7.98465         28 0.0000e+00
    716.000    707.366     0.2750  29.191497     0.2766  29.190629     4.6981     4.9052     0.0013    96.8578 1.0000e-12  -74.23168 -112.25626  24.686602      97.80 8.2327e+02   1092.414      26219  1031.0418  1031.0393    34.4661    34.4631    7.98281         29 0.0000e+00
    717.000    708.352     0.2780  29.195116     0.2801  29.194811     4.7024     4.8965     0.0045    96.8936 1.0000e-12  -74.23168 -112.25626  24.686616      90.27 8.2327e+02   1093.602      26247  1031.0468  1031.0445    34.4669    34.4642    7.98213         28 0.0000e+00
    718.000    709.338     0.2804  29.197911     0.2820  29.197186     4.6994     4.8970    -0.0034    96.8639 1.0000e-12  -74.23168 -112.25626  24.686629      97.97 8.2327e+02   1094.790      26276  1031.0516  1031.0494    34.4673    34.4646    7.98161         29 0.0000e+00
    719.000    710.325     0.2808  29.198835     0.2826  29.198295     4.6996     4.8977    -0.0017    96.8965 1.0000e-12  -74.23168 -112.25626  24.686643      99.87 8.2327e+02   1095.980      26305  1031.0565  1031.0543    34.4675    34.4648    7.98151         28 0.0000e+00
    720.000    711.311     0.2815  29.199994     0.2834  29.199712     4.6985     4.9004     0.0028    96.9038 1.0000e-12  -74.23168 -112.25624  24.686657      99.86 8.2327e+02   1097.155      26333  1031.0613  1031.0592    34.4677    34.4651    7.98137         28 0.0000e+00
    721.000    712.298     0.2807  29.199822     0.2828  29.199531     4.7000     4.9054    -0.0004    96.8826 1.0000e-12  -74.23168 -112.25626  24.686670      99.86 8.2327e+02   1098.328      26361  1031.0662  1031.0639    34.4677    34.4651    7.98152         29 0.0000e+00
    722.000    713.283     0.2820  29.201559     0.2830  29.200337     4.6964     4.9034    -0.0009    96.8799 1.0000e-12  -74.23168 -112.25626  24.686684      99.87 8.2327e+02   1099.514      26389  1031.0710  1031.0687    34.4680    34.4652    7.98124         28 0.0000e+00
    723.000    714.269     0.2818  29.201871     0.2839  29.201653     4.6949     4.8933    -0.0004    96.8878 1.0000e-12  -74.23168 -112.25626  24.686698      99.87 8.2327e+02   1100.701      26418  1031.0758  1031.0735    34.4680    34.4654    7.98128         29 0.0000e+00
    724.000    715.255     0.2850  29.205696     0.2864  29.204352     4.6924     4.8941     0.0056    96.9092 1.0000e-12  -74.23168 -112.25626  24.686712      99.86 8.2327e+02   1101.892      26446  1031.0809  1031.0781    34.4690    34.4656    7.98058         28 0.0000e+00
    725.000    716.243     0.2890  29.209857     0.2919  29.210392     4.6972     4.8928     0.0062    96.9057 1.0000e-12  -74.23168 -112.25626  24.686726      99.86 8.2327e+02   1103.093      26475  1031.0856  1031.0832    34.4693    34.4668    7.97972         30 0.0000e+00
    726.000    717.228     0.2908  29.212052     0.2926  29.211677     4.7005     4.8891    -0.0073    96.8874 1.0000e-12  -74.23168 -112.25626  24.686740      99.86 8.2314e+02   1104.301      26504  1031.0903  1031.0881    34.4696    34.4671    7.97933         28 0.0000e+00
    727.000    718.214     0.2864  29.208958     0.2893  29.209601     4.6984     4.8981     0.0051    96.9002 1.0000e-12  -74.23168 -112.25626  24.686753      79.69 8.2309e+02   1105.495      26533  1031.0957  1031.0936    34.4699    34.4675    7.98022         29 0.0000e+00
    728.000    719.201     0.2825  29.206797     0.2850  29.206828     4.7012     4.9075    -0.0007    96.8937 1.0000e-12  -74.23168 -112.25626  24.686767      90.06 8.2264e+02   1106.686      26561  1031.1016  1031.0991    34.4708    34.4681    7.98098         28 0.0000e+00
    729.000    720.187     0.2803  29.205020     0.2814  29.203938     4.7050     4.9060    -0.0009    96.9106 1.0000e-12  -74.23168 -112.25626  24.686781     100.06 8.2199e+02   1107.878      26590  1031.1061  1031.1039    34.4704    34.4677    7.98146         28 0.0000e+00
    730.000    721.172     0.2782  29.203162     0.2805  29.203269     4.7005     4.9013    -0.0004    96.8920 1.0000e-12  -74.23168 -112.25626  24.686795      99.87 8.2149e+02   1109.062      26618  1031.1105  1031.1083    34.4697    34.4673    7.98194         29 0.0000e+00
    731.000    722.159     0.2811  29.208244     0.2846  29.208849     4.6988     4.8993     0.0066    96.8861 1.0000e-12  -74.23168 -112.25626  24.686808      99.86 8.2150e+02   1110.240      26647  1031.1171  1031.1143    34.4725    34.4695    7.98117         29 0.0000e+00
    732.000    723.146     0.3031  29.232660     0.3054  29.232616     4.6907     4.8917     0.0100    96.7298 1.0000e-12  -74.23168 -112.25626  24.686822      99.86 8.2150e+02   1111.425      26675  1031.1250  1031.1227    34.4794    34.4767    7.97623         28 0.0000e+00
    733.000    724.131     0.3055  29.235911     0.3075  29.235510     4.6974     4.8935     0.0067    96.8573 1.0000e-12  -74.23168 -112.25626  24.686836      99.86 8.2150e+02   1112.614      26704  1031.1304  1031.1280    34.4804    34.4776    7.97569         29 0.0000e+00
    734.000    725.118     0.3061  29.236844     0.3086  29.237109     4.6937     4.8922     0.0066    96.9024 1.0000e-12  -74.23168 -112.25626  24.686850      99.86 8.2150e+02   1113.817      26733  1031.1351  1031.1329    34.4804    34.4779    7.97557         29 0.0000e+00
    735.000    726.103     0.3079  29.239290     0.3106  29.239727     4.6888     4.8880     0.0069    96.9075 1.0000e-12  -74.23168 -112.25626  24.686864      99.87 8.2150e+02   1115.020      26761  1031.1401  1031.1379    34.4810    34.4785    7.97516         28 0.0000e+00
    736.000    727.091     0.3169  29.249419     0.3196  29.249336     4.6877     4.8889     0.0004    96.8968 1.0000e-12  -74.23168 -112.25626  24.686877      99.87 8.2150e+02   1116.201      26790  1031.1460  1031.1434    34.4836    34.4806    7.97314         29 0.0000e+00
    737.000    728.076     0.3239  29.256759     0.3258  29.256154     4.6777     4.8824    -0.0006    96.9063 1.0000e-12  -74.23168 -112.25626  24.686891      99.86 8.2150e+02   1117.373      26818  1031.1511  1031.1487    34.4848    34.4820    7.97163         28 0.0000e+00
    738.000    729.062     0.3339  29.268552     0.3354  29.266877     4.6787     4.8754    -0.0014    96.9139 1.0000e-12  -74.23168 -112.25626  24.686905      88.61 8.2150e+02   1118.559      26846  1031.1578  1031.1547    34.4886    34.4847    7.96936         28 0.0000e+00
    739.000    730.049     0.3500  29.287118     0.3528  29.287460     4.6717     4.8790    -0.0054    96.9036 1.0000e-12  -74.23168 -112.25626  24.686918      83.41 8.2150e+02   1119.746      26875  1031.1655  1031.1631    34.4943    34.4916    7.96571         28 0.0000e+00
    740.000    731.035     0.3588  29.297690     0.3608  29.297187     4.6702     4.8710     0.0050    96.9065 1.0000e-12  -74.23168 -112.25626  24.686932      99.15 8.2150e+02   1120.930      26903  1031.1722  1031.1698    34.4977    34.4949    7.96370         29 0.0000e+00
    741.000    732.020     0.3592  29.298471     0.3615  29.298522     4.6711     4.8716     0.0019    96.9195 1.0000e-12  -74.23168 -112.25626  24.686946      99.87 8.2150e+02   1122.111      26932  1031.1770  1031.1749    34.4977    34.4952    7.96362         28 0.0000e+00
    742.000    733.008     0.3591  29.298738     0.3613  29.298572     4.6698     4.8674     0.0003    96.8956 1.0000e-12  -74.23168 -112.25626  24.686960      99.86 8.2150e+02   1123.303      26960  1031.1818  1031.1795    34.4976    34.4950    7.96365         29 0.0000e+00
    743.000    733.993     0.3598  29.299993     0.3615  29.299223     4.6682     4.8720    -0.0049    96.9198 1.0000e-12  -74.23168 -112.25626  24.686973      99.87 8.2143e+02   1124.498      26989  1031.1868  1031.1843    34.4979    34.4950    7.96349         29 0.0000e+00
    744.000    734.978     0.3611  29.301839     0.3632  29.301500     4.6674     4.8744    -0.0046    96.8946 1.0000e-12  -74.23168 -112.25626  24.686987      99.86 8.2131e+02   1125.690      27018  1031.1918  1031.1894    34.4983    34.4955    7.96320         28 0.0000e+00
    745.000    735.965     0.3610  29.302011     0.3628  29.301513     4.6693     4.8669     0.0063    96.8705 1.0000e-12  -74.23168 -112.25626  24.687001      99.86 8.2074e+02   1126.863      27046  1031.1963  1031.1940    34.4980    34.4953    7.96323         28 0.0000e+00
    746.000    736.953     0.3629  29.304912     0.3645  29.304074     4.6728     4.8676     0.0037    96.9232 1.0000e-12  -74.23168 -112.25626  24.687014      99.87 8.2089e+02   1128.038      27074  1031.2018  1031.1993    34.4991    34.4962    7.96277         29 0.0000e+00
    747.000    737.936     0.3640  29.306630     0.3658  29.306090     4.6781     4.8735     0.0054    96.9164 1.0000e-12  -74.23168 -112.25626  24.687028      99.86 8.2077e+02   1129.235      27103  1031.2068  1031.2044    34.4996    34.4968    7.96253         29 0.0000e+00
    748.000    738.924     0.3653  29.308512     0.3673  29.308197     4.6694     4.8721     0.0134    96.9094 1.0000e-12  -74.23168 -112.25626  24.687042      99.86 8.2087e+02   1130.427      27131  1031.2118  1031.2095    34.5000    34.4974    7.96224         28 0.0000e+00
    749.000    739.908     0.3657  29.309538     0.3677  29.309186     4.6759     4.8723    -0.0001    96.8624 1.0000e-12  -74.23168 -112.25626  24.687056      75.27 8.2056e+02   1131.604      27160  1031.2167  1031.2143    34.5003    34.4976    7.96213         28 0.0000e+00
    750.000    740.897     0.3657  29.309840     0.3677  29.309561     4.6731     4.8710    -0.0072    96.9065 1.0000e-12  -74.23168 -112.25626  24.687069      90.26 8.2023e+02   1132.792      27188  1031.2212  1031.2191    34.5001    34.4976    7.96214         29 0.0000e+00
    751.000    741.880     0.3657  29.310220     0.3678  29.309941     4.6748     4.8671    -0.0004    96.9092 1.0000e-12  -74.23168 -112.25626  24.687083      93.75 8.1974e+02   1133.995      27217  1031.2259  1031.2236    34.5000    34.4974    7.96214         29 0.0000e+00
    752.000    742.868     0.3659  29.310963     0.3679  29.310500     4.6734     4.8708    -0.0025    96.9028 1.0000e-12  -74.23168 -112.25626  24.687097      99.90 8.1974e+02   1135.196      27246  1031.2308  1031.2284    34.5003    34.4974    7.96210         28 0.0000e+00
    753.000    743.854     0.3665  29.311824     0.3684  29.311535     4.6689     4.8698    -0.0024    96.9065 1.0000e-12  -74.23168 -112.25626  24.687111      99.86 8.1974e+02   1136.387      27274  1031.2354  1031.2332    34.5002    34.4977    7.96198         29 0.0000e+00
    754.000    744.840     0.3664  29.312112     0.3683  29.311866     4.6693     4.8669     0.0068    96.9012 1.0000e-12  -74.23168 -112.25626  24.687125      99.87 8.1956e+02   1137.570      27303  1031.2401  1031.2379    34.5001    34.4976    7.96201         29 0.0000e+00
