ocean_section_plots/required_files/ctd/dnbp2202_ctd142.cnv
* Sea-Bird SBE 9 Data File:
* FileName = D:\Data\raw\NBP2202_CTD142.hex
* Software Version Seasave V 7.26.7.121
* Temperature SN = 1649
* Conductivity SN = 2513
* Number of Bytes Per Scan = 40
* Number of Voltage Words = 5
* Number of Scans Averaged by the Deck Unit = 1
* NMEA Latitude = 74 06.99 S
* NMEA Longitude = 112 46.90 W
* NMEA UTC (Time) = Jan 30 2022  06:05:41
* NMEA baud rate = 9600
** Ship: RVIB N.B. Palmer
** Cruise: NBP2202 Thwaites
** Station: 70
** Operator: B. Bjork
# nquan = 28
# nvalues = 782                         
# units = specified
# name 0 = prDM: Pressure, Digiquartz [db]
# name 1 = depSM: Depth [salt water, m]
# name 2 = t090C: Temperature [ITS-90, deg C]
# name 3 = c0mS/cm: Conductivity [mS/cm]
# name 4 = t190C: Temperature, 2 [ITS-90, deg C]
# name 5 = c1mS/cm: Conductivity, 2 [mS/cm]
# name 6 = sbeox0ML/L: Oxygen, SBE 43 [ml/l]
# name 7 = sbeox1ML/L: Oxygen, SBE 43, 2 [ml/l]
# name 8 = flECO-AFL: Fluorescence, WET Labs ECO-AFL/FL [mg/m^3]
# name 9 = CStarTr0: Beam Transmission, WET Labs C-Star [%]
# name 10 = par: PAR/Irradiance, Biospherical/Licor
# name 11 = latitude: Latitude [deg]
# name 12 = longitude: Longitude [deg]
# name 13 = timeJ: Julian Days
# name 14 = altM: Altimeter [m]
# name 15 = spar: SPAR, Biospherical/Licor
# name 16 = timeS: Time, Elapsed [seconds]
# name 17 = scan: Scan Count
# name 18 = density00: Density [density, kg/m^3]
# name 19 = density11: Density, 2 [density, kg/m^3]
# name 20 = v3: Voltage 3
# name 21 = v4: Voltage 4
# name 22 = v5: Voltage 5
# name 23 = sal00: Salinity, Practical [PSU]
# name 24 = sal11: Salinity, Practical, 2 [PSU]
# name 25 = oxsolML/L: Oxygen Saturation, Garcia & Gordon [ml/l]
# name 26 = nbin: number of scans per bin
# name 27 = flag: flag
# span 0 =      2.000,    783.000       
# span 1 =      1.984,    773.436       
# span 2 =    -1.5061,     0.3922       
# span 3 =  27.068703,  29.353896       
# span 4 =    -1.5053,     0.3942       
# span 5 =  27.068828,  29.353527       
# span 6 =     4.6173,     9.6188       
# span 7 =     4.7043,     9.7666       
# span 8 =    -0.0188,    28.2586       
# span 9 =    65.3439,    93.6973       
# span 10 = -1.543e-05, 1.6088e+01      
# span 11 =  -74.11656,  -74.11654      
# span 12 = -112.78174, -112.78170      
# span 13 =  30.255992,  30.267593      
# span 14 =       5.69,     112.76      
# span 15 = 4.1877e+01, 5.8264e+01      
# span 16 =    176.715,   1179.077      
# span 17 =       4242,      28299      
# span 18 =  1027.1328,  1031.3811      
# span 19 =  1027.1352,  1031.3788      
# span 20 =     3.1008,     4.4449      
# span 21 =     0.0640,     4.4348      
# span 22 =     0.1137,     0.2775      
# span 23 =    33.7398,    34.5093      
# span 24 =    33.7352,    34.5065      
# span 25 =    7.95618,    8.39547      
# span 26 =          9,         48      
# span 27 = 0.0000e+00, 0.0000e+00      
# interval = decibars: 1                
# start_time = Jan 30 2022 06:05:41 [NMEA time, header]
# bad_flag = -9.990e-29
*END*
[from data line 518]
    520.000    513.975     0.1301  28.936708     0.1322  28.936162     4.7185     4.8157    -0.0118    93.4504 1.0000e-12  -74.11655 -112.78172  30.263274      99.89 5.7129e+01    805.832      19341  1030.0842  1030.0816     4.4333     0.0700     0.1275    34.4074    34.4043    8.01623         27 0.0000e+00
    521.000    514.960     0.1323  28.939535     0.1346  28.939311     4.7152     4.8152    -0.0151    93.4532 1.0000e-12  -74.11655 -112.78171  30.263287      99.89 5.8069e+01    806.974      19368  1030.0893  1030.0869     4.4334     0.0700     0.1280    34.4080    34.4052    8.01573         26 0.0000e+00
    522.000    515.949     0.1331  28.940951     0.1354  28.940767     4.7149     4.8164    -0.0064    93.4490 1.0000e-12  -74.11655 -112.78171  30.263298      99.89 5.7548e+01    807.983      19393  1030.0943  1030.0919     4.4332     0.0687     0.1249    34.4084    34.4056    8.01554         25 0.0000e+00
    523.000    516.934     0.1345  28.942886     0.1371  28.942811     4.7125     4.8165     0.0037    93.4503 1.0000e-12  -74.11654 -112.78170  30.263311      99.88 5.7971e+01    809.063      19419  1030.0992  1030.0967     4.4333     0.0702     0.1256    34.4088    34.4059    8.01522         27 0.0000e+00
    524.000    517.924     0.1358  28.944643     0.1382  28.944555     4.7105     4.8135    -0.0055    93.4447 1.0000e-12  -74.11656 -112.78172  30.263324      99.90 5.7914e+01    810.204      19446  1030.1041  1030.1018     4.4329     0.0703     0.1245    34.4091    34.4063    8.01494         27 0.0000e+00
    525.000    518.909     0.1370  28.946452     0.1393  28.946312     4.7057     4.8067    -0.0120    93.4734 1.0000e-12  -74.11654 -112.78172  30.263337      99.90 5.7285e+01    811.328      19473  1030.1092  1030.1068     4.4343     0.0698     0.1252    34.4096    34.4068    8.01467         26 0.0000e+00
    526.000    519.897     0.1383  28.948496     0.1407  28.948333     4.7094     4.8047     0.0023    93.4807 1.0000e-12  -74.11656 -112.78172  30.263349      99.89 5.7867e+01    812.329      19497  1030.1142  1030.1118     4.4347     0.0692     0.1239    34.4101    34.4073    8.01435         24 0.0000e+00
    527.000    520.885     0.1417  28.952733     0.1441  28.952456     4.7093     4.8080    -0.0082    93.4726 1.0000e-12  -74.11654 -112.78172  30.263361      99.89 5.7170e+01    813.433      19523  1030.1196  1030.1170     4.4343     0.0700     0.1234    34.4113    34.4083    8.01357         28 0.0000e+00
    528.000    521.871     0.1437  28.955309     0.1460  28.955052     4.7142     4.7985    -0.0015    93.4685 1.0000e-12  -74.11655 -112.78171  30.263375      85.48 5.7130e+01    814.582      19551  1030.1247  1030.1222     4.4341     0.0675     0.1243    34.4119    34.4091    8.01313         27 0.0000e+00
    529.000    522.859     0.1444  28.956556     0.1467  28.956415     4.7169     4.8020    -0.0038    93.4809 1.0000e-12  -74.11655 -112.78171  30.263388      93.88 5.7231e+01    815.731      19579  1030.1296  1030.1272     4.4347     0.0692     0.1229    34.4122    34.4094    8.01297         28 0.0000e+00
    530.000    523.845     0.1474  28.960267     0.1495  28.959838     4.7103     4.8063    -0.0086    93.4912 1.0000e-12  -74.11656 -112.78172  30.263402      99.98 5.7294e+01    816.914      19607  1030.1349  1030.1324     4.4352     0.0699     0.1264    34.4132    34.4103    8.01230         28 0.0000e+00
    531.000    524.833     0.1480  28.961492     0.1503  28.961264     4.7092     4.8073    -0.0095    93.5059 1.0000e-12  -74.11656 -112.78172  30.263415      99.89 5.6657e+01    818.075      19635  1030.1398  1030.1374     4.4358     0.0691     0.1261    34.4135    34.4107    8.01214         28 0.0000e+00
    532.000    525.820     0.1491  28.963120     0.1514  28.962876     4.7083     4.8034    -0.0091    93.4935 1.0000e-12  -74.11654 -112.78172  30.263428      99.90 5.7316e+01    819.191      19662  1030.1447  1030.1422     4.4353     0.0696     0.1230    34.4138    34.4109    8.01190         27 0.0000e+00
    533.000    526.807     0.1504  28.964879     0.1527  28.964695     4.7065     4.8031    -0.0134    93.4988 1.0000e-12  -74.11654 -112.78172  30.263441      99.90 5.7842e+01    820.325      19689  1030.1496  1030.1472     4.4355     0.0703     0.1247    34.4141    34.4113    8.01161         26 0.0000e+00
    534.000    527.793     0.1514  28.966321     0.1538  28.966287     4.7076     4.8036    -0.0144    93.4959 1.0000e-12  -74.11654 -112.78172  30.263453      99.89 5.7371e+01    821.345      19713  1030.1544  1030.1521     4.4354     0.0700     0.1252    34.4143    34.4116    8.01139         24 0.0000e+00
    535.000    528.782     0.1517  28.967325     0.1541  28.967099     4.7055     4.8004    -0.0112    93.4899 1.0000e-12  -74.11656 -112.78172  30.263465      99.89 5.6899e+01    822.368      19738  1030.1594  1030.1569     4.4351     0.0696     0.1223    34.4147    34.4117    8.01130         26 0.0000e+00
    536.000    529.769     0.1524  28.968367     0.1546  28.968130     4.7047     4.8028    -0.0096    93.4895 1.0000e-12  -74.11656 -112.78172  30.263478      99.90 5.8144e+01    823.474      19764  1030.1641  1030.1617     4.4351     0.0705     0.1280    34.4147    34.4119    8.01116         27 0.0000e+00
    537.000    530.754     0.1525  28.968949     0.1548  28.968748     4.7088     4.8020    -0.0139    93.4720 1.0000e-12  -74.11656 -112.78172  30.263491      99.89 5.8026e+01    824.580      19791  1030.1689  1030.1664     4.4343     0.0693     0.1216    34.4147    34.4119    8.01113         24 0.0000e+00
    538.000    531.743     0.1534  28.970526     0.1557  28.970243     4.7102     4.7966    -0.0111    93.4768 1.0000e-12  -74.11656 -112.78172  30.263502      99.88 5.7707e+01    825.583      19815  1030.1739  1030.1714     4.4345     0.0709     0.1262    34.4152    34.4123    8.01092         26 0.0000e+00
    539.000    532.730     0.1536  28.971019     0.1560  28.970844     4.7108     4.7945    -0.0067    93.4714 1.0000e-12  -74.11656 -112.78172  30.263515      93.06 5.7653e+01    826.700      19842  1030.1785  1030.1760     4.4342     0.0691     0.1267    34.4151    34.4122    8.01089         27 0.0000e+00
    540.000    533.717     0.1547  28.972646     0.1569  28.972376     4.7052     4.7982    -0.0103    93.4698 1.0000e-12  -74.11656 -112.78172  30.263528      75.19 5.6726e+01    827.856      19870  1030.1834  1030.1810     4.4342     0.0672     0.1248    34.4154    34.4126    8.01064         28 0.0000e+00
    541.000    534.704     0.1559  28.974362     0.1579  28.973863     4.7057     4.7973    -0.0049    93.4635 1.0000e-12  -74.11656 -112.78172  30.263542      94.86 5.6477e+01    829.010      19897  1030.1883  1030.1858     4.4339     0.0691     0.1223    34.4158    34.4128    8.01038         28 0.0000e+00
    542.000    535.690     0.1573  28.976291     0.1595  28.976128     4.7022     4.7942    -0.0099    93.4982 1.0000e-12  -74.11656 -112.78172  30.263555      99.87 5.7986e+01    830.172      19925  1030.1933  1030.1909     4.4355     0.0699     0.1227    34.4162    34.4134    8.01006         27 0.0000e+00
    543.000    536.678     0.1596  28.979408     0.1621  28.979262     4.7020     4.7920    -0.0055    93.4955 1.0000e-12  -74.11656 -112.78172  30.263569      99.89 5.7922e+01    831.331      19953  1030.1984  1030.1960     4.4354     0.0703     0.1276    34.4171    34.4141    8.00952         28 0.0000e+00
    544.000    537.664     0.1604  28.980685     0.1628  28.980556     4.7033     4.7930    -0.0069    93.5029 1.0000e-12  -74.11656 -112.78172  30.263582      99.89 5.6858e+01    832.470      19980  1030.2033  1030.2009     4.4357     0.0700     0.1264    34.4172    34.4144    8.00934         27 0.0000e+00
    545.000    538.652     0.1629  28.983993     0.1654  28.983851     4.6987     4.7965    -0.0100    93.4924 1.0000e-12  -74.11656 -112.78172  30.263595      99.89 5.7872e+01    833.626      20008  1030.2086  1030.2060     4.4352     0.0697     0.1254    34.4183    34.4153    8.00878         29 0.0000e+00
    546.000    539.639     0.1677  28.989565     0.1698  28.989350     4.7039     4.7911    -0.0139    93.4860 1.0000e-12  -74.11656 -112.78172  30.263608      99.90 5.8035e+01    834.759      20035  1030.2140  1030.2117     4.4349     0.0696     0.1269    34.4196    34.4170    8.00769         25 0.0000e+00
    547.000    540.626     0.1680  28.990397     0.1701  28.990191     4.7020     4.7841    -0.0075    93.5020 1.0000e-12  -74.11656 -112.78172  30.263620      99.89 5.6805e+01    835.750      20059  1030.2189  1030.2166     4.4357     0.0705     0.1223    34.4198    34.4172    8.00763         24 0.0000e+00
    548.000    541.613     0.1686  28.991602     0.1708  28.991344     4.6989     4.7881    -0.0008    93.5046 1.0000e-12  -74.11656 -112.78172  30.263632      99.89 5.7958e+01    836.800      20084  1030.2238  1030.2214     4.4358     0.0698     0.1245    34.4201    34.4173    8.00748         26 0.0000e+00
    549.000    542.600     0.1691  28.992623     0.1714  28.992418     4.6964     4.7930    -0.0099    93.5127 1.0000e-12  -74.11656 -112.78172  30.263645      99.89 5.7764e+01    837.920      20111  1030.2286  1030.2262     4.4362     0.0708     0.1232    34.4203    34.4175    8.00736         26 0.0000e+00
    550.000    543.588     0.1694  28.993434     0.1717  28.993296     4.6943     4.7920    -0.0056    93.5270 1.0000e-12  -74.11656 -112.78172  30.263657      99.89 5.6708e+01    838.936      20135  1030.2334  1030.2311     4.4368     0.0701     0.1235    34.4204    34.4177    8.00729         24 0.0000e+00
    551.000    544.574     0.1695  28.993918     0.1718  28.993789     4.6959     4.7886    -0.0004    93.5381 1.0000e-12  -74.11656 -112.78172  30.263669      99.89 5.7780e+01    839.997      20161  1030.2382  1030.2358     4.4374     0.0707     0.1215    34.4205    34.4177    8.00728         27 0.0000e+00
    552.000    545.561     0.1698  28.994716     0.1721  28.994529     4.6927     4.7799    -0.0056    93.5352 1.0000e-12  -74.11656 -112.78172  30.263682      79.52 5.7735e+01    841.134      20188  1030.2430  1030.2406     4.4372     0.0667     0.1233    34.4205    34.4177    8.00721         28 0.0000e+00
    553.000    546.548     0.1714  28.997131     0.1738  28.996904     4.6965     4.7867    -0.0098    93.5588 1.0000e-12  -74.11656 -112.78172  30.263695      94.55 5.7331e+01    842.277      20216  1030.2482  1030.2457     4.4384     0.0687     0.1253    34.4214    34.4184    8.00683         27 0.0000e+00
    554.000    547.535     0.1737  29.000023     0.1760  28.999814     4.6959     4.7893    -0.0077    93.5591 1.0000e-12  -74.11656 -112.78172  30.263709      99.94 5.7326e+01    843.428      20243  1030.2533  1030.2508     4.4384     0.0695     0.1234    34.4220    34.4191    8.00632         27 0.0000e+00
    555.000    548.522     0.1802  29.007744     0.1826  29.007513     4.6908     4.7781    -0.0012    93.5643 1.0000e-12  -74.11656 -112.78172  30.263722      99.89 5.7628e+01    844.583      20271  1030.2592  1030.2567     4.4386     0.0703     0.1240    34.4243    34.4214    8.00483         29 0.0000e+00
    556.000    549.509     0.1894  29.018531     0.1921  29.018424     4.6830     4.7731    -0.0068    93.5752 1.0000e-12  -74.11656 -112.78172  30.263735      99.90 5.6103e+01    845.737      20299  1030.2657  1030.2630     4.4392     0.0699     0.1226    34.4276    34.4244    8.00273         27 0.0000e+00
    557.000    550.496     0.1976  29.028119     0.1999  29.027949     4.6828     4.7749    -0.0031    93.5611 1.0000e-12  -74.11656 -112.78172  30.263748      99.89 5.7382e+01    846.867      20326  1030.2720  1030.2696     4.4385     0.0698     0.1256    34.4305    34.4276    8.00087         27 0.0000e+00
    558.000    551.483     0.2006  29.032002     0.2030  29.031867     4.6786     4.7736    -0.0006    93.5697 1.0000e-12  -74.11656 -112.78172  30.263762      99.89 5.7921e+01    848.016      20353  1030.2775  1030.2750     4.4389     0.0687     0.1229    34.4316    34.4288    8.00018         27 0.0000e+00
    559.000    552.471     0.2020  29.034148     0.2044  29.034079     4.6833     4.7686    -0.0007    93.5716 1.0000e-12  -74.11656 -112.78172  30.263774      99.89 5.7026e+01    849.041      20378  1030.2826  1030.2803     4.4390     0.0692     0.1201    34.4323    34.4295    7.99984         23 0.0000e+00
    560.000    553.457     0.2031  29.035814     0.2053  29.035409     4.6802     4.7741    -0.0065    93.5808 1.0000e-12  -74.11656 -112.78172  30.263785      99.89 5.7090e+01    850.054      20402  1030.2876  1030.2851     4.4394     0.0696     0.1244    34.4327    34.4297    7.99960         26 0.0000e+00
    561.000    554.443     0.2034  29.036462     0.2057  29.036280     4.6777     4.7771    -0.0043    93.5211 1.0000e-12  -74.11656 -112.78172  30.263798      99.89 5.8182e+01    851.152      20429  1030.2923  1030.2900     4.4366     0.0703     0.1219    34.4326    34.4298    7.99953         26 0.0000e+00
    562.000    555.432     0.2039  29.037375     0.2061  29.037309     4.6772     4.7764    -0.0118    93.5636 1.0000e-12  -74.11656 -112.78172  30.263810      99.89 5.7563e+01    852.165      20453  1030.2971  1030.2949     4.4385     0.0696     0.1231    34.4327    34.4301    7.99943         23 0.0000e+00
    563.000    556.418     0.2044  29.038462     0.2067  29.038443     4.6818     4.7752    -0.0066    93.6016 1.0000e-12  -74.11656 -112.78172  30.263821      71.31 5.7297e+01    853.133      20476  1030.3020  1030.2997     4.4404     0.0679     0.1240    34.4329    34.4303    7.99931         24 0.0000e+00
    564.000    557.405     0.2048  29.039338     0.2070  29.039071     4.6807     4.7707    -0.0010    93.6077 1.0000e-12  -74.11656 -112.78172  30.263833      88.48 5.7977e+01    854.205      20502  1030.3069  1030.3045     4.4407     0.0684     0.1248    34.4331    34.4302    7.99922         27 0.0000e+00
    565.000    558.393     0.2054  29.040481     0.2078  29.040367     4.6819     4.7690    -0.0059    93.6172 1.0000e-12  -74.11656 -112.78172  30.263846      97.46 5.7659e+01    855.277      20528  1030.3117  1030.3093     4.4411     0.0704     0.1210    34.4333    34.4305    7.99908         24 0.0000e+00
    566.000    559.378     0.2073  29.043070     0.2096  29.043029     4.6758     4.7726    -0.0042    93.6163 1.0000e-12  -74.11656 -112.78172  30.263857      99.85 5.7714e+01    856.232      20551  1030.3169  1030.3146     4.4411     0.0692     0.1202    34.4341    34.4314    7.99866         23 0.0000e+00
    567.000    560.366     0.2094  29.046214     0.2119  29.046143     4.6750     4.7729    -0.0121    93.6136 1.0000e-12  -74.11656 -112.78172  30.263869      99.89 5.7902e+01    857.263      20575  1030.3224  1030.3199     4.4410     0.0698     0.1184    34.4352    34.4324    7.99814         26 0.0000e+00
    568.000    561.353     0.2103  29.047807     0.2126  29.047612     4.6747     4.7744    -0.0155    93.6115 1.0000e-12  -74.11656 -112.78172  30.263882      99.89 5.7461e+01    858.365      20602  1030.3274  1030.3249     4.4409     0.0695     0.1196    34.4357    34.4328    7.99793         27 0.0000e+00
    569.000    562.340     0.2107  29.048511     0.2129  29.048260     4.6730     4.7742    -0.0101    93.6219 1.0000e-12  -74.11656 -112.78172  30.263894      99.89 5.4812e+01    859.449      20628  1030.3320  1030.3296     4.4414     0.0703     0.1223    34.4356    34.4328    7.99785         25 0.0000e+00
    570.000    563.327     0.2106  29.048795     0.2125  29.048394     4.6780     4.7711    -0.0095    93.6170 1.0000e-12  -74.11656 -112.78172  30.263906      99.90 5.8166e+01    860.499      20653  1030.3367  1030.3344     4.4412     0.0692     0.1220    34.4355    34.4328    7.99788         24 0.0000e+00
