ocean_section_plots/required_files/ctd/dnbp2202_ctd249.cnv
* Sea-Bird SBE 9 Data File:
* FileName = D:\Data\raw\NBP2202_CTD249.hex
* Software Version Seasave V 7.26.7.121
* Temperature SN = 1649
* Conductivity SN = 2513
* Number of Bytes Per Scan = 40
* Number of Voltage Words = 5
* Number of Scans Averaged by the Deck Unit = 1
* NMEA Latitude = 73 55.73 S
* NMEA Longitude = 118 46.40 W
* NMEA UTC (Time) = Feb 15 2022  07:13:10
* NMEA baud rate = 9600
** Ship: RVIB N.B. Palmer
** Cruise: NBP2202 Thwaites
** Station: 157
** Operator: B. Bjork
# nquan = 28
# nvalues = 1412                        
# units = specified
# name 0 = prDM: Pressure, Digiquartz [db]
# name 1 = depSM: Depth [salt water, m]
# name 2 = t090C: Temperature [ITS-90, deg C]
# name 3 = c0mS/cm: Conductivity [mS/cm]
# name 4 = t190C: Temperature, 2 [ITS-90, deg C]
# name 5 = c1mS/cm: Conductivity, 2 [mS/cm]
# name 6 = sbeox0ML/L: Oxygen, SBE 43 [ml/l]
# name 7 = sbeox1ML/L: Oxygen, SBE 43, 2 [ml/l]
# name 8 = flECO-AFL: Fluorescence, WET Labs ECO-AFL/FL [mg/m^3]
# name 9 = CStarTr0: Beam Transmission, WET Labs C-Star [%]
# name 10 = par: PAR/Irradiance, Biospherical/Licor
# name 11 = latitude: Latitude [deg]
# name 12 = longitude: Longitude [deg]
# name 13 = timeJ: Julian Days
# name 14 = altM: Altimeter [m]
# name 15 = spar: SPAR, Biospherical/Licor
# name 16 = timeS: Time, Elapsed [seconds]
# name 17 = scan: Scan Count
# name 18 = density00: Density [density, kg/m^3]
# name 19 = density11: Density, 2 [density, kg/m^3]
# name 20 = v3: Voltage 3
# name 21 = v4: Voltage 4
# name 22 = v5: Voltage 5
# name 23 = sal00: Salinity, Practical [PSU]
# name 24 = sal11: Salinity, Practical, 2 [PSU]
# name 25 = oxsolML/L: Oxygen Saturation, Garcia & Gordon [ml/l]
# name 26 = nbin: number of scans per bin
# name 27 = flag: flag
# span 0 =      1.000,   1412.000       
# span 1 =      0.983,   1392.686       
# span 2 =    -1.7241,     0.7578       
# span 3 =  26.965333,  29.996305       
# span 4 =    -1.7233,     0.7597       
# span 5 =  26.965217,  29.996660       
# span 6 =     4.5513,     9.1380       
# span 7 =     4.6687,     9.4062       
# span 8 =    -0.0204,     9.4692       
# span 9 =    84.8565,    97.0882       
# span 10 = -3.791e-06, 3.2507e+00      
# span 11 =  -73.92890,  -73.92888      
# span 12 = -118.77342, -118.77336      
# span 13 =  46.302647,  46.320164      
# span 14 =       6.05,     103.84      
# span 15 = 1.7378e+01, 2.1663e+01      
# span 16 =    158.680,   1672.182      
# span 17 =       3809,      40133      
# span 18 =  1027.1348,  1034.3300      
# span 19 =  1027.1348,  1034.3284      
# span 20 =     4.0271,     4.6057      
# span 21 =     0.0628,     2.0773      
# span 22 =     0.1123,     0.2293      
# span 23 =    33.7658,    34.5896      
# span 24 =    33.7654,    34.5877      
# span 25 =    7.87722,    8.44414      
# span 26 =          6,         45      
# span 27 = 0.0000e+00, 0.0000e+00      
# interval = decibars: 1                
# start_time = Feb 15 2022 07:13:10 [NMEA time, header]
# bad_flag = -9.990e-29
*END*
[from data line 208]
    209.000    206.735    -1.6769  26.974428    -1.6767  26.974446     6.1678     6.3325     1.8496    93.6438 1.0000e-12  -73.92888 -118.77340  46.306055      99.88 1.9392e+01    453.177      10877  1028.3603  1028.3602     4.4425     0.2465     0.1347    33.9864    33.9862    8.43453         22 0.0000e+00
    210.000    207.723    -1.6798  26.972886    -1.6795  26.972977     6.1651     6.3304     1.7010    94.2179 1.0000e-12  -73.92888 -118.77340  46.306066      99.87 2.0304e+01    454.117      10900  1028.3656  1028.3655     4.4696     0.3335     0.1315    33.9870    33.9868    8.43516         23 0.0000e+00
    211.000    208.712    -1.6815  26.972081    -1.6812  26.972205     6.1552     6.3280     1.4414    94.4823 1.0000e-12  -73.92888 -118.77338  46.306078      52.44 1.9018e+01    455.110      10924  1028.3706  1028.3704     4.4821     0.3280     0.1239    33.9872    33.9870    8.43554         24 0.0000e+00
    212.000    209.702    -1.6831  26.971599    -1.6826  26.971594     6.1594     6.3212     1.3031    93.4104 1.0000e-12  -73.92888 -118.77340  46.306090     100.33 1.9467e+01    456.135      10948  1028.3758  1028.3753     4.4314     0.4024     0.1252    33.9877    33.9871    8.43586         25 0.0000e+00
    213.000    210.688    -1.6839  26.971394    -1.6834  26.971523     6.1542     6.3152     1.3533    93.2738 1.0000e-12  -73.92888 -118.77340  46.306101      99.87 1.9773e+01    457.117      10972  1028.3805  1028.3801     4.4249     0.3153     0.1251    33.9877    33.9873    8.43605         23 0.0000e+00
    214.000    211.678    -1.6863  26.970390    -1.6859  26.970442     6.1399     6.3143     1.8369    93.6984 1.0000e-12  -73.92888 -118.77340  46.306112      99.89 1.9081e+01    458.049      10994  1028.3860  1028.3856     4.4450     0.2336     0.1204    33.9884    33.9880    8.43655         22 0.0000e+00
    215.000    212.667    -1.6891  26.969175    -1.6887  26.969255     6.1371     6.3072     1.5207    94.3778 1.0000e-12  -73.92888 -118.77339  46.306123      99.84 1.9993e+01    458.988      11017  1028.3916  1028.3913     4.4772     0.4280     0.1303    33.9893    33.9890    8.43714         23 0.0000e+00
    216.000    213.655    -1.6905  26.969004    -1.6902  26.968985     6.1396     6.3112     1.9023    94.3699 1.0000e-12  -73.92888 -118.77338  46.306134      99.84 2.0540e+01    459.955      11040  1028.3969  1028.3966     4.4771     0.4401     0.1242    33.9900    33.9896    8.43741         23 0.0000e+00
    217.000    214.644    -1.6912  26.969227    -1.6907  26.969261     6.1398     6.3139     1.8816    94.7898 1.0000e-12  -73.92888 -118.77338  46.306145      99.13 1.9255e+01    460.930      11063  1028.4021  1028.4017     4.4965     0.3476     0.1310    33.9905    33.9900    8.43754         24 0.0000e+00
    218.000    215.633    -1.6912  26.969812    -1.6908  26.969884     6.1345     6.3083     1.7484    95.0030 1.0000e-12  -73.92888 -118.77338  46.306157      99.42 1.9245e+01    461.926      11087  1028.4070  1028.4067     4.5068     0.2712     0.1262    33.9908    33.9904    8.43754         24 0.0000e+00
    219.000    216.620    -1.6920  26.970049    -1.6920  26.969678     6.1355     6.3019     1.5206    94.0089 1.0000e-12  -73.92888 -118.77338  46.306168      99.86 2.0854e+01    462.920      11111  1028.4122  1028.4118     4.4597     0.3454     0.1299    33.9913    33.9908    8.43767         23 0.0000e+00
    220.000    217.611    -1.6942  26.969161    -1.6937  26.969238     6.1325     6.3004     1.3898    93.9109 1.0000e-12  -73.92888 -118.77338  46.306179      99.87 1.9283e+01    463.872      11134  1028.4177  1028.4173     4.4551     0.2913     0.1322    33.9920    33.9915    8.43814         22 0.0000e+00
    221.000    218.598    -1.6959  26.968828    -1.6954  26.968943     6.1303     6.2979     1.5251    94.1206 1.0000e-12  -73.92888 -118.77338  46.306190      99.85 1.9394e+01    464.790      11156  1028.4232  1028.4228     4.4650     0.3737     0.1334    33.9928    33.9924    8.43846         22 0.0000e+00
    222.000    219.588    -1.6959  26.969442    -1.6957  26.969525     6.1227     6.2954     1.9510    94.3640 1.0000e-12  -73.92888 -118.77338  46.306200      99.83 1.9547e+01    465.716      11178  1028.4282  1028.4281     4.4765     0.4496     0.1326    33.9931    33.9930    8.43846         23 0.0000e+00
    223.000    220.575    -1.6969  26.969657    -1.6964  26.969754     6.1264     6.2917     1.5024    94.5920 1.0000e-12  -73.92889 -118.77338  46.306212      99.86 1.9539e+01    466.686      11201  1028.4336  1028.4332     4.4875     0.3538     0.1248    33.9938    33.9934    8.43863         24 0.0000e+00
    224.000    221.565    -1.6987  26.968702    -1.6985  26.968677     6.1240     6.2910     0.8936    94.7891 1.0000e-12  -73.92890 -118.77338  46.306223      99.87 1.9603e+01    467.704      11226  1028.4386  1028.4383     4.4966     0.3210     0.1338    33.9940    33.9937    8.43905         25 0.0000e+00
    225.000    222.552    -1.7017  26.967433    -1.7013  26.967439     6.1182     6.2935     1.5498    94.5831 1.0000e-12  -73.92890 -118.77338  46.306235      99.87 2.0391e+01    468.711      11250  1028.4443  1028.4440     4.4869     0.2861     0.1357    33.9950    33.9946    8.43966         23 0.0000e+00
    226.000    223.541    -1.7024  26.967790    -1.7022  26.967727     6.1160     6.2904     1.3365    93.7820 1.0000e-12  -73.92890 -118.77338  46.306246      99.80 2.0032e+01    469.650      11273  1028.4497  1028.4494     4.4490     0.6138     0.1369    33.9956    33.9953    8.43978         22 0.0000e+00
    227.000    224.530    -1.7028  26.968125    -1.7025  26.968043     6.1285     6.2825     1.0698    93.7973 1.0000e-12  -73.92890 -118.77338  46.306256      99.85 1.9558e+01    470.546      11294  1028.4547  1028.4543     4.4497     0.3951     0.1285    33.9960    33.9955    8.43986         21 0.0000e+00
    228.000    225.519    -1.7031  26.968664    -1.7026  26.968633     6.1257     6.2876     1.2294    94.2762 1.0000e-12  -73.92890 -118.77338  46.306267      99.86 1.9776e+01    471.463      11316  1028.4599  1028.4594     4.4724     0.3495     0.1249    33.9964    33.9958    8.43990         23 0.0000e+00
    229.000    226.506    -1.7037  26.968894    -1.7033  26.968807     6.1260     6.2927     1.6045    94.5215 1.0000e-12  -73.92890 -118.77338  46.306278      99.88 1.9621e+01    472.423      11339  1028.4650  1028.4645     4.4840     0.2511     0.1226    33.9968    33.9963    8.44001         23 0.0000e+00
    230.000    227.496    -1.7060  26.967910    -1.7058  26.967915     6.1192     6.2826     0.9635    94.9831 1.0000e-12  -73.92890 -118.77338  46.306289      93.73 1.9019e+01    473.405      11363  1028.4704  1028.4702     4.5059     0.2563     0.1296    33.9975    33.9972    8.44050         24 0.0000e+00
    231.000    228.484    -1.7076  26.967548    -1.7072  26.967607     6.1133     6.2853     0.8034    95.0064 1.0000e-12  -73.92890 -118.77338  46.306301      94.61 2.0047e+01    474.390      11386  1028.4758  1028.4754     4.5071     0.2873     0.1276    33.9981    33.9977    8.44082         24 0.0000e+00
    232.000    229.473    -1.7081  26.967785    -1.7077  26.967767     6.1143     6.2834     1.2045    94.9202 1.0000e-12  -73.92890 -118.77338  46.306312      99.83 2.0033e+01    475.345      11409  1028.4809  1028.4804     4.5029     0.2147     0.1253    33.9985    33.9980    8.44092         22 0.0000e+00
    233.000    230.461    -1.7084  26.968183    -1.7080  26.968206     6.1080     6.2811     1.2084    94.5197 1.0000e-12  -73.92890 -118.77338  46.306323      99.88 1.8984e+01    476.277      11432  1028.4858  1028.4855     4.4839     0.2332     0.1321    33.9987    33.9982    8.44096         22 0.0000e+00
    234.000    231.450    -1.7113  26.966662    -1.7108  26.966820     6.1133     6.2782     1.2889    94.9514 1.0000e-12  -73.92890 -118.77338  46.306334      99.88 1.9549e+01    477.214      11454  1028.4912  1028.4909     4.5044     0.2139     0.1249    33.9993    33.9989    8.44159         23 0.0000e+00
    235.000    232.438    -1.7136  26.965576    -1.7130  26.965699     6.1179     6.2734     1.1720    94.9896 1.0000e-12  -73.92890 -118.77338  46.306345      99.89 2.0499e+01    478.193      11478  1028.4966  1028.4961     4.5062     0.1985     0.1238    33.9998    33.9993    8.44209         24 0.0000e+00
    236.000    233.428    -1.7145  26.965333    -1.7143  26.965217     6.1134     6.2724     0.9648    95.2968 1.0000e-12  -73.92890 -118.77338  46.306356      99.89 1.9394e+01    479.186      11501  1028.5014  1028.5011     4.5208     0.2078     0.1240    33.9999    33.9994    8.44230         24 0.0000e+00
    237.000    234.416    -1.7146  26.966323    -1.7142  26.966344     6.1172     6.2726     0.9893    94.5286 1.0000e-12  -73.92890 -118.77338  46.306368      99.89 2.0313e+01    480.168      11525  1028.5069  1028.5066     4.4849     0.2093     0.1223    34.0007    34.0003    8.44227         23 0.0000e+00
    238.000    235.403    -1.7148  26.967067    -1.7144  26.966952     6.1295     6.2815     1.2035    95.5149 1.0000e-12  -73.92890 -118.77338  46.306379      99.89 2.0113e+01    481.106      11548  1028.5122  1028.5116     4.5305     0.2400     0.1220    34.0013    34.0007    8.44227         22 0.0000e+00
    239.000    236.393    -1.7146  26.967945    -1.7141  26.967946     6.1288     6.2843     0.8831    95.5210 1.0000e-12  -73.92890 -118.77340  46.306389      99.88 1.9235e+01    482.018      11569  1028.5172  1028.5167     4.5314     0.1986     0.1187    34.0016    34.0010    8.44220         22 0.0000e+00
    240.000    237.380    -1.7147  26.968391    -1.7142  26.968345     6.1211     6.2838     0.8300    95.2846 1.0000e-12  -73.92890 -118.77339  46.306400      99.88 1.9827e+01    482.970      11592  1028.5221  1028.5216     4.5202     0.2669     0.1241    34.0018    34.0012    8.44221         24 0.0000e+00
    241.000    238.370    -1.7169  26.967425    -1.7167  26.967289     6.1179     6.2741     0.6883    95.0044 1.0000e-12  -73.92890 -118.77339  46.306412      99.88 2.0268e+01    483.968      11616  1028.5274  1028.5271     4.5069     0.2320     0.1276    34.0023    34.0019    8.44269         24 0.0000e+00
    242.000    239.359    -1.7191  26.966565    -1.7187  26.966473     6.1069     6.2717     0.7302    95.0773 1.0000e-12  -73.92890 -118.77339  46.306423      99.86 1.9163e+01    484.957      11640  1028.5329  1028.5325     4.5104     0.3008     0.1262    34.0030    34.0025    8.44314         23 0.0000e+00
    243.000    240.345    -1.7199  26.966501    -1.7195  26.966398     6.1168     6.2797     0.9309    95.4030 1.0000e-12  -73.92890 -118.77339  46.306434      99.88 2.0085e+01    485.920      11663  1028.5379  1028.5374     4.5258     0.2153     0.1244    34.0032    34.0026    8.44332         23 0.0000e+00
    244.000    241.336    -1.7211  26.966364    -1.7206  26.966329     6.1241     6.2826     1.0887    94.7845 1.0000e-12  -73.92890 -118.77339  46.306445      99.75 2.0193e+01    486.847      11685  1028.5431  1028.5427     4.4965     0.3936     0.1417    34.0037    34.0032    8.44355         22 0.0000e+00
    245.000    242.324    -1.7228  26.965788    -1.7224  26.965746     6.1222     6.2809     1.1253    95.0907 1.0000e-12  -73.92890 -118.77338  46.306456      99.87 1.9809e+01    487.765      11707  1028.5485  1028.5480     4.5110     0.1893     0.1214    34.0043    34.0037    8.44391         22 0.0000e+00
    246.000    243.311    -1.7233  26.965804    -1.7225  26.966039     6.1174     6.2853     1.0573    95.3265 1.0000e-12  -73.92890 -118.77339  46.306467      99.87 1.9391e+01    488.711      11730  1028.5532  1028.5528     4.5221     0.2932     0.1205    34.0043    34.0037    8.44403         23 0.0000e+00
    247.000    244.302    -1.7236  26.966127    -1.7232  26.966187     6.1222     6.2831     0.9780    95.7406 1.0000e-12  -73.92890 -118.77340  46.306478      99.88 1.9392e+01    489.691      11754  1028.5581  1028.5579     4.5419     0.2341     0.1245    34.0044    34.0041    8.44408         24 0.0000e+00
    248.000    245.290    -1.7241  26.966820    -1.7233  26.966979     6.1126     6.2781     1.1000    95.4899 1.0000e-12  -73.92890 -118.77340  46.306489      99.89 1.9392e+01    490.669      11777  1028.5636  1028.5631     4.5300     0.1991     0.1225    34.0053    34.0047    8.44414         23 0.0000e+00
    249.000    246.276    -1.7234  26.967712    -1.7230  26.967758     6.1090     6.2729     0.7534    95.9031 1.0000e-12  -73.92890 -118.77340  46.306500      99.89 1.9392e+01    491.626      11800  1028.5683  1028.5679     4.5495     0.2042     0.1257    34.0051    34.0047    8.44400         23 0.0000e+00
    250.000    247.266    -1.7234  26.968353    -1.7228  26.968331     6.1179     6.2765     1.2115    95.9438 1.0000e-12  -73.92890 -118.77340  46.306511      99.89 1.9392e+01    492.581      11823  1028.5732  1028.5726     4.5515     0.2348     0.1247    34.0053    34.0047    8.44397         23 0.0000e+00
    251.000    248.255    -1.7233  26.968934    -1.7229  26.968806     6.1149     6.2810     1.0953    95.4766 1.0000e-12  -73.92890 -118.77340  46.306523      99.87 1.9392e+01    493.547      11846  1028.5781  1028.5775     4.5294     0.2848     0.1269    34.0054    34.0048    8.44395         23 0.0000e+00
    252.000    249.243    -1.7234  26.969980    -1.7229  26.969748     6.1220     6.2833     0.7873    96.0245 1.0000e-12  -73.92890 -118.77340  46.306534      99.89 1.9392e+01    494.530      11870  1028.5836  1028.5829     4.5552     0.1396     0.1199    34.0064    34.0055    8.44392         24 0.0000e+00
    253.000    250.231    -1.7231  26.970794    -1.7227  26.970607     6.1160     6.2836     0.7959    95.9221 1.0000e-12  -73.92890 -118.77340  46.306545      99.89 1.9392e+01    495.494      11893  1028.5885  1028.5880     4.5504     0.1426     0.1208    34.0066    34.0059    8.44384         23 0.0000e+00
    254.000    251.219    -1.7229  26.971519    -1.7223  26.971646     6.1113     6.2807     0.6964    95.6067 1.0000e-12  -73.92890 -118.77340  46.306556      99.89 1.9817e+01    496.429      11915  1028.5934  1028.5930     4.5355     0.1854     0.1193    34.0067    34.0063    8.44378         21 0.0000e+00
    255.000    252.208    -1.7222  26.972725    -1.7217  26.972621     6.1084     6.2754     1.2848    95.4126 1.0000e-12  -73.92890 -118.77340  46.306566      99.88 1.9223e+01    497.326      11937  1028.5984  1028.5978     4.5263     0.2157     0.1238    34.0070    34.0062    8.44362         22 0.0000e+00
    256.000    253.197    -1.7217  26.973538    -1.7212  26.973646     6.1247     6.2808     0.8024    95.5042 1.0000e-12  -73.92890 -118.77340  46.306577      99.88 2.0114e+01    498.257      11959  1028.6031  1028.6027     4.5306     0.1751     0.1195    34.0069    34.0064    8.44351         24 0.0000e+00
    257.000    254.186    -1.7216  26.974303    -1.7211  26.974287     6.1188     6.2823     1.0555    94.7730 1.0000e-12  -73.92890 -118.77340  46.306589      99.74 2.0491e+01    499.262      11983  1028.6081  1028.6076     4.4959     0.2550     0.1224    34.0072    34.0066    8.44347         24 0.0000e+00
    258.000    255.173    -1.7215  26.975085    -1.7208  26.975106     6.1184     6.2763     0.9330    94.5523 1.0000e-12  -73.92890 -118.77340  46.306601      99.82 1.9234e+01    500.296      12008  1028.6131  1028.6125     4.4858     0.2712     0.1236    34.0075    34.0068    8.44341         25 0.0000e+00
