ocean_section_plots/required_files/ctd/dnbp2202_ctd178.cnv
* Sea-Bird SBE 9 Data File:
* FileName = D:\Data\raw\NBP2202_CTD178.hex
* Software Version Seasave V 7.26.7.121
* Temperature SN = 1649
* Conductivity SN = 2513
* Number of Bytes Per Scan = 40
* Number of Voltage Words = 5
* Number of Scans Averaged by the Deck Unit = 1
* NMEA Latitude = 74 02.10 S
* NMEA Longitude = 111 18.39 W
* NMEA UTC (Time) = Feb 03 2022  22:42:36
* NMEA baud rate = 9600
** Ship: RVIB N.B. Palmer
** Cruise: NBP2202 Thwaites
** Station: 100
** Operator: A. Robinson
# nquan = 28
# nvalues = 464                         
# units = specified
# name 0 = prDM: Pressure, Digiquartz [db]
# name 1 = depSM: Depth [salt water, m]
# name 2 = t090C: Temperature [ITS-90, deg C]
# name 3 = c0mS/cm: Conductivity [mS/cm]
# name 4 = t190C: Temperature, 2 [ITS-90, deg C]
# name 5 = c1mS/cm: Conductivity, 2 [mS/cm]
# name 6 = sbeox0ML/L: Oxygen, SBE 43 [ml/l]
# name 7 = sbeox1ML/L: Oxygen, SBE 43, 2 [ml/l]
# name 8 = flECO-AFL: Fluorescence, WET Labs ECO-AFL/FL [mg/m^3]
# name 9 = CStarTr0: Beam Transmission, WET Labs C-Star [%]
# name 10 = par: PAR/Irradiance, Biospherical/Licor
# name 11 = latitude: Latitude [deg]
# name 12 = longitude: Longitude [deg]
# name 13 = timeJ: Julian Days
# name 14 = altM: Altimeter [m]
# name 15 = spar: SPAR, Biospherical/Licor
# name 16 = timeS: Time, Elapsed [seconds]
# name 17 = scan: Scan Count
# name 18 = density00: Density [density, kg/m^3]
# name 19 = density11: Density, 2 [density, kg/m^3]
# name 20 = v3: Voltage 3
# name 21 = v4: Voltage 4
# name 22 = v5: Voltage 5
# name 23 = sal00: Salinity, Practical [PSU]
# name 24 = sal11: Salinity, Practical, 2 [PSU]
# name 25 = oxsolML/L: Oxygen Saturation, Garcia & Gordon [ml/l]
# name 26 = nbin: number of scans per bin
# name 27 = flag: flag
# span 0 =      2.000,    465.000       
# span 1 =      1.984,    459.679       
# span 2 =    -1.5538,     0.1587       
# span 3 =  26.993238,  28.973353       
# span 4 =    -1.5546,     0.1572       
# span 5 =  26.993624,  28.969313       
# span 6 =     4.7733,     7.3875       
# span 7 =     4.8970,     7.5828       
# span 8 =    -0.0142,     8.1642       
# span 9 =    83.5579,    98.8633       
# span 10 = 1.0000e-12, 1.0785e+03      
# span 11 =  -74.03504,  -74.03502      
# span 12 = -111.30670, -111.30656      
# span 13 =  34.949109,  34.956976      
# span 14 =       6.32,     101.03      
# span 15 = 6.7825e+02, 1.6906e+03      
# span 16 =    247.047,    926.750      
# span 17 =       5930,      22243      
# span 18 =  1027.1738,  1029.8621      
# span 19 =  1027.1751,  1029.8595      
# span 20 =     3.9643,     4.6899      
# span 21 =     0.0647,     1.2753      
# span 22 =     0.1120,     0.1615      
# span 23 =    33.7707,    34.4558      
# span 24 =    33.7742,    34.4523      
# span 25 =    8.00753,    8.40803      
# span 26 =         15,         46      
# span 27 = 0.0000e+00, 0.0000e+00      
# interval = decibars: 1                
# start_time = Feb 03 2022 22:42:36 [NMEA time, header]
# bad_flag = -9.990e-29
*END*
[from data line 363]
    365.000    360.907    -0.9630  27.786742    -0.9620  27.785047     5.7970     5.9587     0.0048    98.6242 1.0000e-12  -74.03502 -111.30660  34.954756      97.35 1.6847e+03    734.958      17640  1029.2400  1029.2372     4.6786     0.0741     0.1227    34.1927    34.1893    8.26266         28 0.0000e+00
    366.000    361.894    -0.9244  27.826798    -0.9227  27.825168     5.7806     5.9406     0.0056    98.6106 1.0000e-12  -74.03502 -111.30660  34.954770      98.71 1.6850e+03    736.152      17669  1029.2503  1029.2469     4.6780     0.0725     0.1216    34.2028    34.1986    8.25360         29 0.0000e+00
    367.000    362.881    -0.9112  27.840467    -0.9088  27.840156     5.7618     5.9298     0.0139    98.6351 1.0000e-12  -74.03502 -111.30660  34.954784      99.86 1.6829e+03    737.310      17696  1029.2570  1029.2543     4.6791     0.0732     0.1217    34.2057    34.2027    8.25053         27 0.0000e+00
    368.000    363.871    -0.8980  27.854096    -0.8957  27.853927     5.7441     5.9105     0.0015    98.6210 1.0000e-12  -74.03502 -111.30660  34.954797      99.87 1.6839e+03    738.453      17724  1029.2635  1029.2611     4.6784     0.0749     0.1277    34.2087    34.2058    8.24747         28 0.0000e+00
    369.000    364.858    -0.8770  27.876578    -0.8719  27.878062     5.7149     5.8795     0.0411    98.6253 1.0000e-12  -74.03502 -111.30660  34.954811      99.87 1.6844e+03    739.641      17752  1029.2720  1029.2686     4.6786     0.0736     0.1226    34.2148    34.2110    8.24251         28 0.0000e+00
    370.000    365.846    -0.8449  27.909672    -0.8410  27.910217     5.6810     5.8468    -0.0010    98.5903 1.0000e-12  -74.03502 -111.30660  34.954824      99.81 1.6832e+03    740.809      17780  1029.2811  1029.2779     4.6770     0.0738     0.1203    34.2227    34.2190    8.23504         27 0.0000e+00
    371.000    366.833    -0.8092  27.945752    -0.8061  27.945884     5.6686     5.8297    -0.0004    98.6201 1.0000e-12  -74.03502 -111.30660  34.954837      98.96 1.6841e+03    741.954      17808  1029.2899  1029.2870     4.6784     0.0719     0.1248    34.2305    34.2271    8.22678         29 0.0000e+00
    372.000    367.823    -0.7925  27.962428    -0.7904  27.961720     5.6623     5.8163    -0.0004    98.5798 1.0000e-12  -74.03502 -111.30660  34.954851      98.47 1.6834e+03    743.131      17836  1029.2964  1029.2937     4.6764     0.0731     0.1225    34.2335    34.2302    8.22297         28 0.0000e+00
    373.000    368.810    -0.7842  27.971132    -0.7836  27.969214     5.6607     5.8037     0.0018    98.5987 1.0000e-12  -74.03502 -111.30660  34.954865      97.53 1.6832e+03    744.310      17864  1029.3025  1029.2999     4.6774     0.0718     0.1253    34.2353    34.2320    8.22105         27 0.0000e+00
    374.000    369.797    -0.7744  27.981230    -0.7720  27.981058     5.6468     5.7931     0.0017    98.5922 1.0000e-12  -74.03502 -111.30660  34.954878      96.38 1.6848e+03    745.446      17892  1029.3085  1029.3061     4.6770     0.0730     0.1220    34.2372    34.2343    8.21880         28 0.0000e+00
    375.000    370.786    -0.7679  27.988170    -0.7653  27.988049     5.6341     5.7768    -0.0012    98.5775 1.0000e-12  -74.03502 -111.30660  34.954891      95.26 1.6845e+03    746.626      17920  1029.3144  1029.3118     4.6764     0.0719     0.1221    34.2387    34.2356    8.21731         29 0.0000e+00
    376.000    371.774    -0.7559  28.000766    -0.7530  28.000840     5.6240     5.7689     0.0034    98.5640 1.0000e-12  -74.03502 -111.30660  34.954905      94.21 1.6838e+03    747.801      17948  1029.3209  1029.3182     4.6757     0.0722     0.1224    34.2414    34.2383    8.21452         27 0.0000e+00
    377.000    372.760    -0.7392  28.017531    -0.7382  28.016099     5.6073     5.7605    -0.0004    98.5582 1.0000e-12  -74.03502 -111.30660  34.954918      93.32 1.6840e+03    748.935      17975  1029.3273  1029.3248     4.6755     0.0714     0.1239    34.2447    34.2415    8.21072         28 0.0000e+00
    378.000    373.748    -0.7324  28.024984    -0.7292  28.025474     5.5835     5.7339    -0.0004    98.5808 1.0000e-12  -74.03502 -111.30660  34.954932      92.21 1.6836e+03    750.108      18004  1029.3334  1029.3308     4.6765     0.0708     0.1229    34.2464    34.2435    8.20914         29 0.0000e+00
    379.000    374.737    -0.7058  28.052561    -0.7016  28.053273     5.5530     5.6986    -0.0055    98.5784 1.0000e-12  -74.03502 -111.30660  34.954945      91.12 1.6817e+03    751.288      18032  1029.3417  1029.3383     4.6764     0.0715     0.1234    34.2529    34.2491    8.20298         27 0.0000e+00
    380.000    375.724    -0.6777  28.081334    -0.6703  28.085398     5.5258     5.6736    -0.0025    98.5847 1.0000e-12  -74.03502 -111.30660  34.954959      90.20 1.6815e+03    752.421      18059  1029.3498  1029.3470     4.6767     0.0732     0.1217    34.2594    34.2565    8.19651         28 0.0000e+00
    381.000    376.713    -0.6519  28.107248    -0.6425  28.113546     5.5074     5.6626     0.0068    98.5595 1.0000e-12  -74.03502 -111.30659  34.954972      89.16 1.6817e+03    753.585      18087  1029.3571  1029.3547     4.6755     0.0699     0.1220    34.2645    34.2624    8.19063         28 0.0000e+00
    382.000    377.699    -0.6363  28.123106    -0.6356  28.121342     5.5054     5.6513     0.0082    98.5903 1.0000e-12  -74.03502 -111.30659  34.954986      88.21 1.6820e+03    754.767      18115  1029.3636  1029.3611     4.6770     0.0711     0.1276    34.2676    34.2645    8.18707         28 0.0000e+00
    383.000    378.689    -0.6349  28.124674    -0.6311  28.126095     5.4967     5.6450     0.0005    98.5577 1.0000e-12  -74.03502 -111.30659  34.954999      87.38 1.6827e+03    755.906      18143  1029.3687  1029.3665     4.6754     0.0702     0.1225    34.2676    34.2651    8.18677         27 0.0000e+00
    384.000    379.676    -0.6220  28.138324    -0.6192  28.138102     5.4786     5.6258    -0.0001    98.5876 1.0000e-12  -74.03502 -111.30660  34.955012      86.13 1.6812e+03    757.063      18171  1029.3754  1029.3724     4.6768     0.0700     0.1260    34.2708    34.2673    8.18380         28 0.0000e+00
    385.000    380.663    -0.6086  28.152051    -0.6076  28.150234     5.4662     5.6104     0.0067    98.5941 1.0000e-12  -74.03502 -111.30658  34.955026      85.11 1.6814e+03    758.247      18199  1029.3816  1029.3787     4.6771     0.0702     0.1277    34.2735    34.2699    8.18074         28 0.0000e+00
    386.000    381.652    -0.5929  28.168225    -0.5897  28.168488     5.4334     5.5874    -0.0073    98.5628 1.0000e-12  -74.03502 -111.30660  34.955039      84.09 1.6831e+03    759.387      18226  1029.3883  1029.3855     4.6756     0.0692     0.1286    34.2770    34.2737    8.17715         27 0.0000e+00
    387.000    382.639    -0.5709  28.190964    -0.5681  28.190402     5.4059     5.5598     0.0014    98.5953 1.0000e-12  -74.03502 -111.30659  34.955053      83.09 1.6835e+03    760.542      18254  1029.3958  1029.3924     4.6772     0.0689     0.1222    34.2821    34.2781    8.17211         29 0.0000e+00
    388.000    383.627    -0.5375  28.225364    -0.5319  28.227144     5.3767     5.5226     0.0119    98.5481 1.0000e-12  -74.03502 -111.30659  34.955066      82.03 1.6833e+03    761.728      18282  1029.4046  1029.4010     4.6750     0.0704     0.1233    34.2899    34.2860    8.16445         28 0.0000e+00
    389.000    384.616    -0.5104  28.251566    -0.5069  28.252175     5.3505     5.5036     0.0169    98.5545 1.0000e-12  -74.03502 -111.30658  34.955079      80.95 1.6819e+03    762.863      18310  1029.4108  1029.4081     4.6752     0.0693     0.1232    34.2939    34.2908    8.15838         27 0.0000e+00
    390.000    385.602    -0.4838  28.279710    -0.4754  28.284005     5.3419     5.4837     0.0047    98.5268 1.0000e-12  -74.03502 -111.30658  34.955093      80.05 1.6832e+03    764.002      18337  1029.4196  1029.4160     4.6740     0.0701     0.1241    34.3010    34.2974    8.15226         27 0.0000e+00
    391.000    386.590    -0.4732  28.289566    -0.4684  28.291522     5.3274     5.4687     0.0215    98.5410 1.0000e-12  -74.03502 -111.30658  34.955106      79.23 1.6837e+03    765.174      18365  1029.4245  1029.4220     4.6746     0.0698     0.1211    34.3017    34.2989    8.14994         28 0.0000e+00
    392.000    387.579    -0.4693  28.293479    -0.4646  28.295614     5.3272     5.4697     0.0251    98.5238 1.0000e-12  -74.03502 -111.30658  34.955119      78.03 1.6819e+03    766.302      18392  1029.4296  1029.4274     4.6738     0.0685     0.1238    34.3019    34.2995    8.14909         27 0.0000e+00
    393.000    388.566    -0.4664  28.296836    -0.4634  28.296912     5.3254     5.4857     0.0099    98.5187 1.0000e-12  -74.03502 -111.30658  34.955132      77.00 1.6829e+03    767.431      18419  1029.4351  1029.4324     4.6736     0.0694     0.1273    34.3026    34.2994    8.14843         28 0.0000e+00
    394.000    389.554    -0.4705  28.292839    -0.4630  28.297848     5.2650     5.4189     0.0049    98.5351 1.0000e-12  -74.03502 -111.30658  34.955146      75.99 1.6837e+03    768.597      18447  1029.4395  1029.4376     4.6743     0.0721     0.1251    34.3013    34.2995    8.14939         28 0.0000e+00
    395.000    390.542    -0.4454  28.322633    -0.4502  28.311341     5.2072     5.3553    -0.0001    98.5367 1.0000e-12  -74.03502 -111.30658  34.955159      75.18 1.6832e+03    769.731      18475  1029.4512  1029.4440     4.6744     0.0692     0.1266    34.3122    34.3026    8.14338         26 0.0000e+00
    396.000    391.530    -0.3301  28.433216    -0.3238  28.436315     5.1816     5.3278    -0.0043    98.5462 1.0000e-12  -74.03502 -111.30658  34.955172      74.05 1.6834e+03    770.853      18501  1029.4608  1029.4579     4.6749     0.0691     0.1248    34.3297    34.3267    8.11773         28 0.0000e+00
    397.000    392.517    -0.3200  28.443956    -0.3189  28.441976     5.1830     5.3229    -0.0025    98.5481 1.0000e-12  -74.03502 -111.30658  34.955185      73.03 1.6833e+03    772.017      18529  1029.4673  1029.4642     4.6749     0.0679     0.1250    34.3321    34.3281    8.11544         28 0.0000e+00
    398.000    393.505    -0.3295  28.434643    -0.3247  28.436911     5.1839     5.3201    -0.0098    98.5374 1.0000e-12  -74.03502 -111.30658  34.955199      71.88 1.6831e+03    773.158      18557  1029.4717  1029.4694     4.6745     0.0672     0.1231    34.3297    34.3273    8.11760         27 0.0000e+00
    399.000    394.492    -0.3300  28.434819    -0.3271  28.434438     5.1929     5.3333     0.0069    98.5421 1.0000e-12  -74.03502 -111.30658  34.955211      71.02 1.6827e+03    774.273      18584  1029.4771  1029.4740     4.6747     0.0668     0.1233    34.3298    34.3262    8.11768         27 0.0000e+00
    400.000    395.481    -0.3257  28.438901    -0.3218  28.440306     5.1916     5.3262     0.0049    98.5335 1.0000e-12  -74.03502 -111.30658  34.955225      69.91 1.6845e+03    775.417      18611  1029.4820  1029.4797     4.6743     0.0672     0.1229    34.3300    34.3274    8.11678         28 0.0000e+00
    401.000    396.468    -0.3400  28.425098    -0.3460  28.416781     5.1924     5.3167    -0.0057    98.5348 1.0000e-12  -74.03502 -111.30658  34.955238      68.89 1.6810e+03    776.558      18638  1029.4860  1029.4830     4.6743     0.0666     0.1215    34.3270    34.3226    8.12000         26 0.0000e+00
    402.000    397.455    -0.3283  28.437686    -0.3204  28.442308     5.2034     5.3294    -0.0072    98.5575 1.0000e-12  -74.03502 -111.30658  34.955251      67.98 1.6833e+03    777.672      18665  1029.4925  1029.4896     4.6754     0.0663     0.1250    34.3301    34.3272    8.11733         27 0.0000e+00
    403.000    398.445    -0.3379  28.427247    -0.3307  28.432318     5.1698     5.3042    -0.0012    98.5368 1.0000e-12  -74.03502 -111.30658  34.955264      66.77 1.6828e+03    778.825      18693  1029.4953  1029.4937     4.6744     0.0653     0.1214    34.3263    34.3249    8.11958         29 0.0000e+00
    404.000    399.432    -0.3226  28.444237    -0.3224  28.441161     5.1521     5.2932    -0.0057    98.5298 1.0000e-12  -74.03502 -111.30658  34.955277      65.90 1.6813e+03    779.974      18720  1029.5028  1029.4995     4.6741     0.0663     0.1212    34.3311    34.3269    8.11604         26 0.0000e+00
    405.000    400.418    -0.2838  28.485359    -0.2813  28.481675     5.1124     5.2558     0.0101    98.5250 1.0000e-12  -74.03502 -111.30658  34.955290      64.92 1.6805e+03    781.075      18747  1029.5128  1029.5067     4.6739     0.0682     0.1231    34.3417    34.3340    8.10718         27 0.0000e+00
    406.000    401.406    -0.2929  28.473060    -0.2937  28.470756     5.0702     5.2082    -0.0047    98.5479 1.0000e-12  -74.03502 -111.30658  34.955303      63.82 1.6823e+03    782.222      18774  1029.5136  1029.5119     4.6749     0.0675     0.1227    34.3350    34.3328    8.10949         28 0.0000e+00
    407.000    402.395    -0.2064  28.562735    -0.2047  28.559876     5.0401     5.1810    -0.0142    98.5584 1.0000e-12  -74.03502 -111.30658  34.955317      62.96 1.6810e+03    783.377      18802  1029.5283  1029.5236     4.6754     0.0660     0.1234    34.3566    34.3508    8.08990         27 0.0000e+00
    408.000    403.383    -0.1988  28.569028    -0.1945  28.570503     5.0378     5.1798     0.0127    98.5546 1.0000e-12  -74.03502 -111.30658  34.955330      61.78 1.6835e+03    784.485      18829  1029.5323  1029.5297     4.6752     0.0686     0.1266    34.3558    34.3529    8.08833         26 0.0000e+00
    409.000    404.369    -0.1942  28.574144    -0.1921  28.573389     5.0251     5.1680     0.0009    98.5545 1.0000e-12  -74.03502 -111.30658  34.955343      60.97 1.6822e+03    785.617      18856  1029.5380  1029.5352     4.6752     0.0649     0.1209    34.3568    34.3534    8.08728         29 0.0000e+00
    410.000    405.358    -0.1907  28.578313    -0.1891  28.576777     5.0044     5.1414    -0.0060    98.5477 1.0000e-12  -74.03502 -111.30658  34.955356      59.95 1.6820e+03    786.766      18883  1029.5437  1029.5405     4.6749     0.0651     0.1207    34.3578    34.3540    8.08649         26 0.0000e+00
    411.000    406.345    -0.1644  28.606720    -0.1594  28.607710     4.9838     5.1319    -0.0061    98.5687 1.0000e-12  -74.03502 -111.30657  34.955369      58.77 1.6834e+03    787.870      18910  1029.5526  1029.5488     4.6759     0.0653     0.1217    34.3654    34.3611    8.08049         27 0.0000e+00
    412.000    407.333    -0.1404  28.630480    -0.1376  28.630338     4.9674     5.1107    -0.0061    98.5878 1.0000e-12  -74.03502 -111.30657  34.955382      57.87 1.6825e+03    788.992      18937  1029.5589  1029.5560     4.6768     0.0660     0.1225    34.3694    34.3660    8.07518         27 0.0000e+00
    413.000    408.320    -0.1344  28.637868    -0.1331  28.635734     4.9410     5.0759    -0.0129    98.5579 1.0000e-12  -74.03502 -111.30658  34.955395      56.93 1.6817e+03    790.141      18964  1029.5656  1029.5620     4.6754     0.0652     0.1264    34.3719    34.3676    8.07378         27 0.0000e+00
    414.000    409.308    -0.0922  28.681926    -0.0902  28.679924     4.9299     5.0601    -0.0064    98.5669 1.0000e-12  -74.03502 -111.30658  34.955408      55.98 1.6822e+03    791.248      18991  1029.5754  1029.5714     4.6758     0.0651     0.1273    34.3823    34.3775    8.06427         27 0.0000e+00
    415.000    410.296    -0.0648  28.710361    -0.0620  28.709694     4.9152     5.0440    -0.0061    98.5736 1.0000e-12  -74.03502 -111.30658  34.955421      55.01 1.6819e+03    792.367      19018  1029.5833  1029.5799     4.6762     0.0648     0.1229    34.3887    34.3847    8.05814         27 0.0000e+00
