ocean_section_plots/required_files/ctd/dnbp2202_ctd067.cnv
* Sea-Bird SBE 9 Data File:
* FileName = D:\Data\raw\NBP2202_CTD067.hex
* Software Version Seasave V 7.26.7.121
* Temperature SN = 1649
* Conductivity SN = 2513
* Number of Bytes Per Scan = 40
* Number of Voltage Words = 5
* Number of Scans Averaged by the Deck Unit = 1
* NMEA Latitude = 74 10.18 S
* NMEA Longitude = 112 12.72 W
* NMEA UTC (Time) = Jan 25 2022  23:17:52
* NMEA baud rate = 9600
** Ship: RVIB N.B. Palmer
** Cruise: NBP2202 Thwaites
** Station: 48
** Operator: A. Robinson
** N-S Transect Line
# nquan = 25
# nvalues = 822                         
# units = specified
# name 0 = prDM: Pressure, Digiquartz [db]
# name 1 = depSM: Depth [salt water, m]
# name 2 = t090C: Temperature [ITS-90, deg C]
# name 3 = c0mS/cm: Conductivity [mS/cm]
# name 4 = t190C: Temperature, 2 [ITS-90, deg C]
# name 5 = c1mS/cm: Conductivity, 2 [mS/cm]
# name 6 = sbeox0ML/L: Oxygen, SBE 43 [ml/l]
# name 7 = sbeox1ML/L: Oxygen, SBE 43, 2 [ml/l]
# name 8 = flECO-AFL: Fluorescence, WET Labs ECO-AFL/FL [mg/m^3]
# name 9 = CStarTr0: Beam Transmission, WET Labs C-Star [%]
# name 10 = par: PAR/Irradiance, Biospherical/Licor
# name 11 = latitude: Latitude [deg]
# name 12 = longitude: Longitude [deg]
# name 13 = timeJ: Julian Days
# name 14 = altM: Altimeter [m]
# name 15 = spar: SPAR, Biospherical/Licor
# name 16 = timeS: Time, Elapsed [seconds]
# name 17 = scan: Scan Count
# name 18 = density00: Density [density, kg/m^3]
# name 19 = density11: Density, 2 [density, kg/m^3]
# name 20 = sal00: Salinity, Practical [PSU]
# name 21 = sal11: Salinity, Practical, 2 [PSU]
# name 22 = oxsolML/L: Oxygen Saturation, Garcia & Gordon [ml/l]
# name 23 = nbin: number of scans per bin
# name 24 = flag: flag
# span 0 =      2.000,    823.000       
# span 1 =      1.982,    812.871       
# span 2 =    -1.5695,     0.5363       
# span 3 =  26.980748,  29.531147       
# span 4 =    -1.5708,     0.5387       
# span 5 =  26.980353,  29.530927       
# span 6 =     4.4372,     9.4191       
# span 7 =     4.7142,     9.7168       
# span 8 =    -0.0123,    29.5424       
# span 9 =    59.0342,    95.4530       
# span 10 = 1.0000e-12, 3.7632e+02      
# span 11 =  -74.16972,  -74.16970      
# span 12 = -112.21208, -112.21198      
# span 13 =  25.973403,  25.987031      
# span 14 =       4.24,     119.79      
# span 15 = 8.9450e+02, 1.1953e+03      
# span 16 =    229.992,   1407.471      
# span 17 =       5521,      33780      
# span 18 =  1027.1847,  1031.5951      
# span 19 =  1027.1872,  1031.5929      
# span 20 =    33.8143,    34.5577      
# span 21 =    33.8167,    34.5553      
# span 22 =    7.92388,    8.41372      
# span 23 =          6,         50      
# span 24 = 0.0000e+00, 0.0000e+00      
# interval = decibars: 1                
# start_time = Jan 25 2022 23:17:52 [NMEA time, header]
# bad_flag = -9.990e-29
*END*
[from data line 232]
    234.000    231.447    -1.4887  27.173394    -1.4884  27.172860     6.3544     6.5672     0.0986    95.1266 1.0000e-12  -74.16972 -112.21204  25.978008      99.75 9.4371e+02    627.851      15069  1028.5089  1028.5081    34.0313    34.0302    8.38921         29 0.0000e+00
    235.000    232.436    -1.4904  27.172641    -1.4903  27.172223     6.3629     6.5799     0.0746    95.0993 1.0000e-12  -74.16972 -112.21204  25.978021      99.75 9.4257e+02    629.026      15098  1028.5141  1028.5136    34.0316    34.0310    8.38958         28 0.0000e+00
    236.000    233.424    -1.4921  27.172554    -1.4916  27.172158     6.3683     6.5795     0.0802    95.0921 1.0000e-12  -74.16972 -112.21204  25.978035      99.75 9.4289e+02    630.186      15125  1028.5199  1028.5190    34.0328    34.0317    8.38989         28 0.0000e+00
    237.000    234.413    -1.4921  27.173490    -1.4916  27.173296     6.3669     6.5836     0.0930    95.1331 1.0000e-12  -74.16972 -112.21204  25.978048      99.75 9.4441e+02    631.370      15154  1028.5253  1028.5246    34.0335    34.0327    8.38986         29 0.0000e+00
    238.000    235.400    -1.4911  27.175718    -1.4907  27.175256     6.3690     6.5807     0.1070    95.0896 1.0000e-12  -74.16972 -112.21204  25.978062      99.76 9.4436e+02    632.589      15183  1028.5311  1028.5301    34.0348    34.0337    8.38955         29 0.0000e+00
    239.000    236.391    -1.4904  27.177018    -1.4900  27.176767     6.3655     6.5903     0.0868    95.1194 1.0000e-12  -74.16972 -112.21204  25.978077      99.76 9.4402e+02    633.810      15212  1028.5361  1028.5354    34.0352    34.0343    8.38937         30 0.0000e+00
    240.000    237.378    -1.4893  27.178990    -1.4893  27.178286     6.3605     6.5825     0.1230    95.0824 1.0000e-12  -74.16972 -112.21204  25.978090      85.79 9.4587e+02    634.991      15241  1028.5415  1028.5407    34.0360    34.0350    8.38907         27 0.0000e+00
    241.000    238.366    -1.4882  27.181015    -1.4882  27.179961     6.3575     6.5733     0.1066    94.9267 1.0000e-12  -74.16972 -112.21204  25.978104      96.84 9.4553e+02    636.145      15268  1028.5470  1028.5458    34.0369    34.0355    8.38877         28 0.0000e+00
    242.000    239.356    -1.4825  27.187656    -1.4819  27.187230     6.3509     6.5713     0.1498    95.0470 1.0000e-12  -74.16972 -112.21204  25.978117      99.72 9.4521e+02    637.323      15297  1028.5530  1028.5520    34.0390    34.0377    8.38736         29 0.0000e+00
    243.000    240.344    -1.4799  27.190999    -1.4796  27.190398     6.3493     6.5696     0.0943    95.1245 1.0000e-12  -74.16972 -112.21204  25.978131      99.75 9.4758e+02    638.543      15326  1028.5586  1028.5576    34.0400    34.0388    8.38672         29 0.0000e+00
    244.000    241.332    -1.4788  27.192694    -1.4780  27.192611     6.3506     6.5632     0.0997    95.1467 1.0000e-12  -74.16972 -112.21204  25.978145      99.75 9.4989e+02    639.754      15355  1028.5637  1028.5628    34.0405    34.0394    8.38644         29 0.0000e+00
    245.000    242.320    -1.4770  27.195219    -1.4761  27.195236     6.3485     6.5691     0.0587    95.1694 1.0000e-12  -74.16972 -112.21204  25.978158      99.76 9.4796e+02    640.891      15382  1028.5690  1028.5682    34.0413    34.0403    8.38599         26 0.0000e+00
    246.000    243.310    -1.4732  27.199655    -1.4730  27.198990     6.3456     6.5616     0.0604    95.0851 1.0000e-12  -74.16972 -112.21204  25.978171      99.76 9.4856e+02    641.999      15409  1028.5746  1028.5736    34.0424    34.0413    8.38506         27 0.0000e+00
    247.000    244.297    -1.4729  27.200337    -1.4725  27.199910     6.3475     6.5626     0.0800    95.1394 1.0000e-12  -74.16972 -112.21204  25.978185      99.76 9.4953e+02    643.173      15437  1028.5794  1028.5785    34.0425    34.0414    8.38500         30 0.0000e+00
    248.000    245.287    -1.4741  27.199598    -1.4738  27.198938     6.3435     6.5662     0.0847    95.2169 1.0000e-12  -74.16972 -112.21204  25.978200      99.75 9.4781e+02    644.458      15468  1028.5840  1028.5830    34.0421    34.0409    8.38527         31 0.0000e+00
    249.000    246.274    -1.4725  27.201513    -1.4721  27.201224     6.3408     6.5628     0.0796    95.2284 1.0000e-12  -74.16972 -112.21204  25.978214      99.75 9.4917e+02    645.720      15498  1028.5890  1028.5882    34.0424    34.0415    8.38491         29 0.0000e+00
    250.000    247.263    -1.4691  27.206026    -1.4690  27.205213     6.3355     6.5555     0.0557    95.2007 1.0000e-12  -74.16972 -112.21204  25.978228      99.76 9.4908e+02    646.864      15526  1028.5949  1028.5939    34.0440    34.0428    8.38404         27 0.0000e+00
    251.000    248.252    -1.4686  27.206956    -1.4682  27.206574     6.3370     6.5613     0.0547    95.2351 1.0000e-12  -74.16972 -112.21204  25.978241      99.45 9.4876e+02    647.983      15553  1028.5998  1028.5990    34.0442    34.0432    8.38393         27 0.0000e+00
    252.000    249.240    -1.4678  27.208254    -1.4672  27.208095     6.3374     6.5583     0.0584    95.1631 1.0000e-12  -74.16972 -112.21204  25.978254      96.11 9.5130e+02    649.145      15580  1028.6048  1028.6040    34.0444    34.0435    8.38373         29 0.0000e+00
    253.000    250.228    -1.4673  27.209251    -1.4666  27.209047     6.3414     6.5509     0.0440    95.1792 1.0000e-12  -74.16972 -112.21204  25.978268      99.70 9.5285e+02    650.358      15610  1028.6097  1028.6088    34.0446    34.0435    8.38361         29 0.0000e+00
    254.000    251.218    -1.4653  27.212039    -1.4646  27.211818     6.3346     6.5543     0.0530    95.2814 1.0000e-12  -74.16972 -112.21204  25.978282      99.76 9.5042e+02    651.572      15639  1028.6151  1028.6142    34.0455    34.0444    8.38309         28 0.0000e+00
    255.000    252.206    -1.4638  27.214160    -1.4628  27.214253     6.3281     6.5482     0.0529    95.2754 1.0000e-12  -74.16972 -112.21204  25.978296      99.75 9.5325e+02    652.755      15667  1028.6203  1028.6194    34.0461    34.0450    8.38272         29 0.0000e+00
    256.000    253.193    -1.4605  27.218216    -1.4600  27.217799     6.3261     6.5479     0.0514    95.2274 1.0000e-12  -74.16972 -112.21204  25.978309      99.75 9.5427e+02    653.920      15695  1028.6260  1028.6250    34.0474    34.0462    8.38191         26 0.0000e+00
    257.000    254.183    -1.4574  27.222165    -1.4570  27.221555     6.3297     6.5435     0.0698    95.3079 1.0000e-12  -74.16972 -112.21204  25.978323      99.76 9.5300e+02    655.079      15723  1028.6316  1028.6306    34.0486    34.0473    8.38113         27 0.0000e+00
    258.000    255.170    -1.4550  27.225171    -1.4545  27.224766     6.3221     6.5361     0.0508    95.2800 1.0000e-12  -74.16972 -112.21204  25.978336      99.75 9.5390e+02    656.218      15750  1028.6369  1028.6361    34.0494    34.0483    8.38055         28 0.0000e+00
    259.000    256.159    -1.4517  27.229458    -1.4511  27.229081     6.3149     6.5444     0.0367    95.2752 1.0000e-12  -74.16972 -112.21204  25.978349      99.75 9.5527e+02    657.377      15778  1028.6428  1028.6418    34.0509    34.0497    8.37971         28 0.0000e+00
    260.000    257.148    -1.4488  27.233111    -1.4481  27.232771     6.3176     6.5401     0.0396    95.0888 1.0000e-12  -74.16972 -112.21204  25.978363      99.76 9.5536e+02    658.592      15807  1028.6483  1028.6474    34.0520    34.0508    8.37899         30 0.0000e+00
    261.000    258.137    -1.4481  27.234426    -1.4474  27.234178     6.3136     6.5291     0.0544    95.3537 1.0000e-12  -74.16972 -112.21204  25.978378      99.76 9.5481e+02    659.830      15837  1028.6534  1028.6526    34.0524    34.0513    8.37881         29 0.0000e+00
    262.000    259.124    -1.4435  27.240296    -1.4424  27.240044     6.3037     6.5292     0.0469    95.3588 1.0000e-12  -74.16972 -112.21204  25.978391      99.75 9.5561e+02    661.023      15866  1028.6598  1028.6585    34.0546    34.0530    8.37764         28 0.0000e+00
    263.000    260.111    -1.4322  27.253224    -1.4313  27.252924     6.2999     6.5121     0.0251    95.3210 1.0000e-12  -74.16972 -112.21204  25.978405      95.53 9.5574e+02    662.183      15893  1028.6674  1028.6662    34.0589    34.0575    8.37484         27 0.0000e+00
    264.000    261.101    -1.4262  27.260131    -1.4255  27.259728     6.2965     6.5112     0.0324    95.3423 1.0000e-12  -74.16972 -112.21204  25.978418      99.77 9.5460e+02    663.316      15921  1028.6736  1028.6725    34.0611    34.0597    8.37338         28 0.0000e+00
    265.000    262.091    -1.4216  27.265459    -1.4211  27.264968     6.2916     6.5064     0.0313    95.3671 1.0000e-12  -74.16972 -112.21204  25.978431      99.75 9.5681e+02    664.482      15949  1028.6794  1028.6783    34.0625    34.0612    8.37226         28 0.0000e+00
    266.000    263.076    -1.4188  27.269012    -1.4181  27.268595     6.2856     6.5039     0.0261    95.3551 1.0000e-12  -74.16972 -112.21204  25.978445      99.76 9.5922e+02    665.684      15977  1028.6850  1028.6838    34.0636    34.0622    8.37156         29 0.0000e+00
    267.000    264.067    -1.4133  27.275426    -1.4127  27.274791     6.2809     6.5086     0.0236    95.3749 1.0000e-12  -74.16972 -112.21204  25.978459      99.75 9.5772e+02    666.881      16006  1028.6911  1028.6898    34.0655    34.0640    8.37021         29 0.0000e+00
    268.000    265.055    -1.4084  27.281439    -1.4075  27.281081     6.2771     6.4949     0.0156    95.3378 1.0000e-12  -74.16972 -112.21204  25.978473      99.76 9.6195e+02    668.058      16034  1028.6973  1028.6960    34.0675    34.0661    8.36898         28 0.0000e+00
    269.000    266.042    -1.4066  27.283658    -1.4061  27.283110     6.2767     6.4941     0.0143    95.3717 1.0000e-12  -74.16972 -112.21204  25.978487      99.76 9.6306e+02    669.234      16063  1028.7024  1028.7013    34.0680    34.0666    8.36856         29 0.0000e+00
    270.000    267.031    -1.4056  27.285131    -1.4052  27.284592     6.2744     6.5008     0.0143    95.3796 1.0000e-12  -74.16972 -112.21204  25.978500      99.76 9.6007e+02    670.410      16091  1028.7074  1028.7064    34.0683    34.0670    8.36832         27 0.0000e+00
    271.000    268.020    -1.4044  27.286925    -1.4040  27.286244     6.2745     6.4935     0.0143    95.3987 1.0000e-12  -74.16972 -112.21203  25.978514      99.76 9.6452e+02    671.577      16119  1028.7126  1028.7115    34.0687    34.0674    8.36802         29 0.0000e+00
    272.000    269.006    -1.4032  27.288870    -1.4025  27.288333     6.2676     6.4866     0.0133    95.3787 1.0000e-12  -74.16972 -112.21203  25.978527      99.76 9.6486e+02    672.735      16147  1028.7179  1028.7167    34.0694    34.0679    8.36770         28 0.0000e+00
    273.000    269.997    -1.3973  27.296105    -1.3962  27.295799     6.2608     6.4820     0.0153    95.3996 1.0000e-12  -74.16972 -112.21202  25.978541      99.76 9.6398e+02    673.912      16175  1028.7245  1028.7232    34.0720    34.0704    8.36623         27 0.0000e+00
    274.000    270.985    -1.3935  27.300553    -1.3926  27.300347     6.2575     6.4835     0.0433    95.4131 1.0000e-12  -74.16972 -112.21202  25.978554      99.76 9.6675e+02    675.091      16203  1028.7301  1028.7291    34.0732    34.0719    8.36531         29 0.0000e+00
    275.000    271.973    -1.3916  27.303146    -1.3911  27.302619     6.2615     6.4750     0.0215    95.3862 1.0000e-12  -74.16972 -112.21202  25.978568      99.76 9.6946e+02    676.256      16231  1028.7355  1028.7344    34.0739    34.0726    8.36483         27 0.0000e+00
    276.000    272.961    -1.3901  27.305238    -1.3896  27.304615     6.2599     6.4776     0.0216    95.3698 1.0000e-12  -74.16972 -112.21202  25.978581      99.76 9.6845e+02    677.401      16259  1028.7407  1028.7396    34.0745    34.0731    8.36447         28 0.0000e+00
    277.000    273.950    -1.3893  27.306379    -1.3888  27.305960     6.2488     6.4688     0.0313    95.3451 1.0000e-12  -74.16972 -112.21202  25.978594      99.76 9.7071e+02    678.558      16286  1028.7456  1028.7446    34.0746    34.0734    8.36429         28 0.0000e+00
    278.000    274.938    -1.3828  27.314507    -1.3861  27.309230     6.2448     6.4640     0.0287    95.3832 1.0000e-12  -74.16972 -112.21202  25.978608      99.76 9.7272e+02    679.735      16315  1028.7526  1028.7500    34.0778    34.0743    8.36265         29 0.0000e+00
    279.000    275.925    -1.3698  27.328538    -1.3696  27.327389     6.2383     6.4592     0.0099    95.3680 1.0000e-12  -74.16972 -112.21201  25.978622      99.75 9.7292e+02    680.934      16343  1028.7596  1028.7581    34.0816    34.0798    8.35949         28 0.0000e+00
    280.000    276.915    -1.3674  27.331513    -1.3670  27.330730     6.2393     6.4566     0.0163    95.3542 1.0000e-12  -74.16972 -112.21202  25.978635      99.77 9.7682e+02    682.101      16371  1028.7650  1028.7638    34.0823    34.0808    8.35891         28 0.0000e+00
    281.000    277.905    -1.3668  27.332649    -1.3663  27.332111     6.2401     6.4481     0.0215    95.3898 1.0000e-12  -74.16972 -112.21200  25.978649      99.76 9.7877e+02    683.238      16399  1028.7701  1028.7690    34.0826    34.0813    8.35877         27 0.0000e+00
    282.000    278.891    -1.3662  27.333792    -1.3657  27.333146     6.2457     6.4482     0.0377    95.3664 1.0000e-12  -74.16972 -112.21202  25.978662      99.76 9.7853e+02    684.385      16426  1028.7751  1028.7739    34.0829    34.0814    8.35861         28 0.0000e+00
    283.000    279.879    -1.3660  27.334392    -1.3655  27.333952     6.2412     6.4586     0.0318    95.3747 1.0000e-12  -74.16972 -112.21201  25.978676      99.76 9.8201e+02    685.570      16455  1028.7800  1028.7790    34.0829    34.0816    8.35857         29 0.0000e+00
    284.000    280.868    -1.3659  27.335077    -1.3653  27.334547     6.2352     6.4510     0.0156    95.3740 1.0000e-12  -74.16972 -112.21202  25.978689      99.25 9.8422e+02    686.754      16483  1028.7850  1028.7838    34.0830    34.0816    8.35854         27 0.0000e+00
    285.000    281.857    -1.3655  27.335958    -1.3648  27.335478     6.2361     6.4491     0.0143    95.3475 1.0000e-12  -74.16972 -112.21201  25.978703      93.28 9.8496e+02    687.908      16511  1028.7899  1028.7887    34.0832    34.0817    8.35844         28 0.0000e+00
    286.000    282.844    -1.3633  27.338683    -1.3625  27.338346     6.2369     6.4547     0.0205    95.3797 1.0000e-12  -74.16972 -112.21200  25.978716      99.57 9.8520e+02    689.052      16538  1028.7951  1028.7939    34.0838    34.0824    8.35790         28 0.0000e+00
    287.000    283.833    -1.3615  27.340973    -1.3611  27.340251     6.2304     6.4470     0.0071    95.3534 1.0000e-12  -74.16972 -112.21200  25.978729      99.76 9.9118e+02    690.193      16566  1028.8002  1028.7990    34.0843    34.0828    8.35748         27 0.0000e+00
    288.000    284.822    -1.3591  27.343871    -1.3590  27.342774     6.2282     6.4427     0.0069    95.3614 1.0000e-12  -74.16972 -112.21200  25.978743      99.76 9.9424e+02    691.362      16594  1028.8054  1028.8041    34.0849    34.0833    8.35690         29 0.0000e+00
    289.000    285.808    -1.3581  27.345449    -1.3598  27.342405     6.2297     6.4491     0.0352    95.3711 1.0000e-12  -74.16972 -112.21200  25.978756      99.76 9.9355e+02    692.544      16622  1028.8105  1028.8088    34.0853    34.0831    8.35665         27 0.0000e+00
    290.000    286.799    -1.3580  27.345882    -1.3574  27.345443     6.2291     6.4449     0.1200    95.3450 1.0000e-12  -74.16972 -112.21200  25.978769      99.76 9.9984e+02    693.683      16649  1028.8152  1028.8141    34.0852    34.0839    8.35664         27 0.0000e+00
