ocean_section_plots/required_files/ctd/dnbp2202_ctd290.cnv
* Sea-Bird SBE 9 Data File:
* FileName = D:\Data\raw\NBP2202_CTD290.hex
* Software Version Seasave V 7.26.7.121
* Temperature SN = 1649
* Conductivity SN = 2513
* Number of Bytes Per Scan = 40
* Number of Voltage Words = 5
* Number of Scans Averaged by the Deck Unit = 1
* NMEA Latitude = 73 50.28 S
* NMEA Longitude = 111 17.39 W
* NMEA UTC (Time) = Feb 23 2022  09:14:41
* NMEA baud rate = 9600
** Ship: RVIB N.B. Palmer
** Cruise: NBP2202 Thwaites
** Station: 192
** Operator: B. Bjork
# nquan = 28
# nvalues = 306                         
# units = specified
# name 0 = prDM: Pressure, Digiquartz [db]
# name 1 = depSM: Depth [salt water, m]
# name 2 = t090C: Temperature [ITS-90, deg C]
# name 3 = c0mS/cm: Conductivity [mS/cm]
# name 4 = t190C: Temperature, 2 [ITS-90, deg C]
# name 5 = c1mS/cm: Conductivity, 2 [mS/cm]
# name 6 = sbeox0ML/L: Oxygen, SBE 43 [ml/l]
# name 7 = sbeox1ML/L: Oxygen, SBE 43, 2 [ml/l]
# name 8 = flECO-AFL: Fluorescence, WET Labs ECO-AFL/FL [mg/m^3]
# name 9 = CStarTr0: Beam Transmission, WET Labs C-Star [%]
# name 10 = par: PAR/Irradiance, Biospherical/Licor
# name 11 = latitude: Latitude [deg]
# name 12 = longitude: Longitude [deg]
# name 13 = timeJ: Julian Days
# name 14 = altM: Altimeter [m]
# name 15 = spar: SPAR, Biospherical/Licor
# name 16 = timeS: Time, Elapsed [seconds]
# name 17 = scan: Scan Count
# name 18 = density00: Density [density, kg/m^3]
# name 19 = density11: Density, 2 [density, kg/m^3]
# name 20 = v3: Voltage 3
# name 21 = v4: Voltage 4
# name 22 = v5: Voltage 5
# name 23 = sal00: Salinity, Practical [PSU]
# name 24 = sal11: Salinity, Practical, 2 [PSU]
# name 25 = oxsolML/L: Oxygen Saturation, Garcia & Gordon [ml/l]
# name 26 = nbin: number of scans per bin
# name 27 = flag: flag
# span 0 =      2.000,    307.000       
# span 1 =      1.980,    303.601       
# span 2 =    -1.6346,    -0.9777       
# span 3 =  26.800965,  27.744234       
# span 4 =    -1.6344,    -0.9761       
# span 5 =  26.801042,  27.744425       
# span 6 =     5.7723,     7.9702       
# span 7 =     5.9508,     8.2371       
# span 8 =     0.0240,     8.2863       
# span 9 =    87.7784,    98.3687       
# span 10 = 1.0000e-12, 7.2867e-01      
# span 11 =  -73.83800,  -73.83800      
# span 12 = -111.28992, -111.28988      
# span 13 =  54.388538,  54.393830      
# span 14 =       2.27,      99.89      
# span 15 = 1.5295e+01, 1.5866e+01      
# span 16 =    288.705,    745.903      
# span 17 =       6930,      17903      
# span 18 =  1027.2011,  1028.9628      
# span 19 =  1027.2030,  1028.9614      
# span 20 =     4.1644,     4.6665      
# span 21 =     0.0724,     1.3856      
# span 22 =     0.1035,     0.1775      
# span 23 =    33.7892,    34.1880      
# span 24 =    33.7923,    34.1864      
# span 25 =    8.26618,    8.43039      
# span 26 =         22,         50      
# span 27 = 0.0000e+00, 0.0000e+00      
# interval = decibars: 1                
# start_time = Feb 23 2022 09:14:41 [NMEA time, header]
# bad_flag = -9.990e-29
*END*
      2.000      1.980    -1.5670  26.829796    -1.5757  26.824240     7.9702     7.5969     7.1361    88.9263 7.2867e-01  -73.83800 -111.28992  54.388538      95.14 1.5866e+01    288.705       6930  1027.2011  1027.2030     4.2184     1.0915     0.1701    33.7911    33.7933    8.42127         33 0.0000e+00
      3.000      2.970    -1.5643  26.831648    -1.5724  26.826859     7.9603     7.6452     7.0062    88.3230 4.9974e-01  -73.83800 -111.28991  54.388580      91.79 1.5866e+01    292.284       7016  1027.2052  1027.2077     4.1902     1.2266     0.1545    33.7900    33.7927    8.42074         39 0.0000e+00
      4.000      3.957    -1.5935  26.808083    -1.5948  26.809365     7.9585     7.7641     7.9728    88.3463 3.3138e-01  -73.83800 -111.28991  54.388611      84.51 1.5866e+01    295.008       7081  1027.2115  1027.2141     4.1913     1.2439     0.1517    33.7899    33.7932    8.42736         40 0.0000e+00
      5.000      4.948    -1.5891  26.813452    -1.5917  26.811866     7.9553     7.8600     7.4982    88.6749 2.2494e-01  -73.83800 -111.28991  54.388637      99.34 1.5556e+01    297.232       7135  1027.2174  1027.2180     4.2069     1.2992     0.1572    33.7918    33.7925    8.42626         45 0.0000e+00
      6.000      5.938    -1.5891  26.812080    -1.5954  26.809456     7.9442     7.9555     7.4962    89.0920 1.6927e-01  -73.83800 -111.28991  54.388662      99.58 1.5295e+01    299.376       7186  1027.2202  1027.2232     4.2267     1.2314     0.1616    33.7892    33.7927    8.42642         42 0.0000e+00
      7.000      6.928    -1.6023  26.802470    -1.6039  26.802721     7.9490     8.0509     8.0592    88.2161 1.2080e-01  -73.83800 -111.28991  54.388685      99.60 1.5854e+01    301.353       7233  1027.2264  1027.2282     4.1852     1.1082     0.1611    33.7903    33.7924    8.42934         37 0.0000e+00
      8.000      7.918    -1.6018  26.803488    -1.6022  26.804644     7.9594     8.1073     7.1906    88.5895 7.2658e-02  -73.83800 -111.28991  54.388708      99.55 1.5866e+01    303.378       7282  1027.2313  1027.2329     4.2027     1.2381     0.1605    33.7905    33.7925    8.42922         45 0.0000e+00
      9.000      8.906    -1.6023  26.803415    -1.6025  26.804950     7.9547     8.1609     7.6835    88.8459 4.7240e-02  -73.83800 -111.28990  54.388731      79.85 1.5866e+01    305.345       7329  1027.2359  1027.2377     4.2153     1.3856     0.1646    33.7902    33.7926    8.42934         32 0.0000e+00
     10.000      9.897    -1.6053  26.801388    -1.6066  26.801939     7.9610     8.2051     7.2572    88.0674 2.6263e-02  -73.83800 -111.28990  54.388753      76.52 1.5866e+01    307.217       7374  1027.2408  1027.2426     4.1780     1.2503     0.1574    33.7903    33.7925    8.43003         43 0.0000e+00
     11.000     10.886    -1.6064  26.800965    -1.6074  26.801585     7.9650     8.2090     8.1266    88.5730 9.0969e-03  -73.83800 -111.28990  54.388774      93.98 1.5866e+01    309.068       7419  1027.2456  1027.2473     4.2020     1.2551     0.1585    33.7903    33.7923    8.43027         37 0.0000e+00
     12.000     11.876    -1.6070  26.801055    -1.6087  26.801042     7.9629     8.2246     8.0605    88.2348 4.1170e-04  -73.83800 -111.28990  54.388795      99.36 1.5866e+01    310.902       7463  1027.2505  1027.2521     4.1861     1.1519     0.1617    33.7904    33.7924    8.43039         34 0.0000e+00
     13.000     12.865    -1.6060  26.802385    -1.6071  26.802763     7.9526     8.2195     6.8744    88.3157 1.2868e-06  -73.83800 -111.28990  54.388816      99.54 1.5866e+01    312.730       7507  1027.2553  1027.2567     4.1898     1.2582     0.1518    33.7905    33.7923    8.43017         35 0.0000e+00
     14.000     13.855    -1.5994  26.808537    -1.6009  26.808367     7.9450     8.2212     7.5521    88.9118 1.0000e-12  -73.83800 -111.28990  54.388838      99.51 1.5866e+01    314.600       7551  1027.2601  1027.2613     4.2178     1.2996     0.1676    33.7910    33.7924    8.42865         38 0.0000e+00
     15.000     14.844    -1.5961  26.811478    -1.5970  26.812391     7.9522     8.2225     7.3669    88.4446 1.0000e-12  -73.83800 -111.28991  54.388859      99.53 1.5866e+01    316.455       7596  1027.2645  1027.2664     4.1959     1.2546     0.1610    33.7906    33.7930    8.42791         41 0.0000e+00
     16.000     15.834    -1.6017  26.807395    -1.6025  26.808093     7.9496     8.2260     7.7981    88.7244 1.0000e-12  -73.83800 -111.28992  54.388880      99.54 1.5866e+01    318.262       7639  1027.2697  1027.2713     4.2091     1.2578     0.1597    33.7908    33.7926    8.42919         35 0.0000e+00
     17.000     16.824    -1.6018  26.807809    -1.6027  26.808427     7.9472     8.2331     7.0494    89.1532 1.0000e-12  -73.83800 -111.28992  54.388902      99.51 1.5866e+01    320.094       7683  1027.2746  1027.2761     4.2295     1.3047     0.1635    33.7908    33.7926    8.42920         43 0.0000e+00
     18.000     17.813    -1.6018  26.808271    -1.6029  26.808621     7.9508     8.2300     7.0395    89.2421 1.0000e-12  -73.83800 -111.28992  54.388923      99.50 1.5866e+01    321.937       7727  1027.2793  1027.2808     4.2336     1.3738     0.1575    33.7907    33.7925    8.42920         42 0.0000e+00
     19.000     18.802    -1.6019  26.808612    -1.6026  26.809256     7.9556     8.2363     7.4260    88.6213 1.0000e-12  -73.83800 -111.28991  54.388944      99.62 1.5866e+01    323.739       7771  1027.2842  1027.2856     4.2043     1.0951     0.1568    33.7907    33.7924    8.42923         41 0.0000e+00
     20.000     19.793    -1.6022  26.808921    -1.6026  26.809743     7.9517     8.2312     7.2045    88.0714 1.0000e-12  -73.83800 -111.28991  54.388965      99.55 1.5866e+01    325.556       7814  1027.2891  1027.2904     4.1781     1.2186     0.1662    33.7908    33.7925    8.42928         42 0.0000e+00
     21.000     20.782    -1.6025  26.809056    -1.6032  26.809651     7.9443     8.2248     6.7742    87.9918 1.0000e-12  -73.83800 -111.28991  54.388986      99.54 1.5866e+01    327.394       7858  1027.2938  1027.2952     4.1743     1.2546     0.1560    33.7907    33.7924    8.42936         42 0.0000e+00
     22.000     21.772    -1.6028  26.809276    -1.6032  26.810180     7.9546     8.2280     8.0034    88.1339 1.0000e-12  -73.83800 -111.28991  54.389007      99.57 1.5866e+01    329.217       7902  1027.2987  1027.3001     4.1812     1.1834     0.1664    33.7907    33.7925    8.42943         44 0.0000e+00
     23.000     22.760    -1.6022  26.810277    -1.6030  26.810804     7.9491     8.2308     8.1689    88.2081 1.0000e-12  -73.83800 -111.28991  54.389028      99.61 1.5866e+01    331.048       7946  1027.3036  1027.3049     4.1847     1.0866     0.1513    33.7909    33.7925    8.42929         39 0.0000e+00
     24.000     23.751    -1.6017  26.811190    -1.6022  26.811925     7.9568     8.2330     8.2863    88.3023 1.0000e-12  -73.83800 -111.28991  54.389050      99.57 1.5866e+01    332.884       7990  1027.3084  1027.3097     4.1891     1.1855     0.1612    33.7909    33.7925    8.42917         45 0.0000e+00
     25.000     24.741    -1.6019  26.811508    -1.6025  26.812024     7.9565     8.2316     7.1273    88.4503 1.0000e-12  -73.83800 -111.28991  54.389071      97.61 1.5866e+01    334.703       8034  1027.3132  1027.3144     4.1961     1.1912     0.1659    33.7909    33.7924    8.42921         43 0.0000e+00
     26.000     25.730    -1.6022  26.811725    -1.6028  26.812287     7.9570     8.2355     7.5737    87.9968 1.0000e-12  -73.83800 -111.28991  54.389092      99.56 1.5866e+01    336.527       8078  1027.3180  1027.3192     4.1753     1.3264     0.1577    33.7909    33.7924    8.42927         40 0.0000e+00
     27.000     26.719    -1.6026  26.811820    -1.6034  26.812207     7.9522     8.2371     7.0055    88.6719 1.0000e-12  -73.83800 -111.28991  54.389113      99.59 1.5866e+01    338.358       8122  1027.3229  1027.3241     4.2068     1.1483     0.1565    33.7909    33.7923    8.42938         40 0.0000e+00
     28.000     27.709    -1.6016  26.813123    -1.6025  26.813524     7.9497     8.2344     7.0415    88.5139 1.0000e-12  -73.83800 -111.28991  54.389134      99.52 1.5866e+01    340.181       8165  1027.3277  1027.3290     4.1992     1.2784     0.1511    33.7910    33.7925    8.42915         45 0.0000e+00
     29.000     28.699    -1.6017  26.813569    -1.6016  26.814749     7.9502     8.2244     7.2841    88.7735 1.0000e-12  -73.83800 -111.28991  54.389155      99.53 1.5866e+01    342.004       8209  1027.3326  1027.3338     4.2116     1.2856     0.1658    33.7910    33.7926    8.42915         37 0.0000e+00
     30.000     29.685    -1.6010  26.814614    -1.6017  26.815142     7.9454     8.2220     7.2357    89.1770 1.0000e-12  -73.83800 -111.28991  54.389176      99.57 1.5866e+01    343.846       8253  1027.3374  1027.3387     4.2309     1.1989     0.1542    33.7910    33.7926    8.42900         37 0.0000e+00
     31.000     30.679    -1.6012  26.815058    -1.6019  26.815410     7.9434     8.2210     6.4695    88.6052 1.0000e-12  -73.83800 -111.28991  54.389198      99.55 1.5866e+01    345.666       8297  1027.3424  1027.3435     4.2038     1.2313     0.1680    33.7912    33.7926    8.42903         35 0.0000e+00
     32.000     31.668    -1.6012  26.815531    -1.6017  26.815996     7.9457     8.2237     6.8334    88.7213 1.0000e-12  -73.83800 -111.28991  54.389218      99.49 1.5866e+01    347.473       8340  1027.3472  1027.3482     4.2090     1.3772     0.1775    33.7913    33.7925    8.42903         41 0.0000e+00
     33.000     32.655    -1.6006  26.816472    -1.6012  26.817004     7.9398     8.2243     7.0893    88.4014 1.0000e-12  -73.83800 -111.28991  54.389240      99.60 1.5866e+01    349.298       8384  1027.3520  1027.3532     4.1938     1.1096     0.1520    33.7913    33.7927    8.42890         39 0.0000e+00
     34.000     33.646    -1.6006  26.817051    -1.6010  26.817703     7.9306     8.2136     7.3820    89.0750 1.0000e-12  -73.83800 -111.28991  54.389261      99.62 1.5866e+01    351.112       8428  1027.3569  1027.3580     4.2257     1.0587     0.1551    33.7914    33.7927    8.42888         40 0.0000e+00
     35.000     34.636    -1.6003  26.817923    -1.6007  26.818406     7.9242     8.2080     7.0826    88.3156 1.0000e-12  -73.83800 -111.28991  54.389281      99.58 1.5866e+01    352.914       8471  1027.3619  1027.3629     4.1895     1.1616     0.1629    33.7916    33.7927    8.42880         41 0.0000e+00
     36.000     35.625    -1.6003  26.818308    -1.6008  26.818810     7.9190     8.1960     7.1052    87.8410 1.0000e-12  -73.83800 -111.28991  54.389302      99.60 1.5866e+01    354.724       8514  1027.3667  1027.3678     4.1672     1.1294     0.1504    33.7916    33.7928    8.42882         42 0.0000e+00
     37.000     36.614    -1.6003  26.818908    -1.6007  26.819508     7.9054     8.1871     6.8020    88.5301 1.0000e-12  -73.83800 -111.28992  54.389324      99.58 1.5866e+01    356.559       8558  1027.3716  1027.3727     4.2000     1.1565     0.1634    33.7917    33.7930    8.42879         38 0.0000e+00
     38.000     37.602    -1.5996  26.820266    -1.6001  26.820700     7.8855     8.1693     7.0771    88.9352 1.0000e-12  -73.83800 -111.28992  54.389344      99.57 1.5866e+01    358.366       8602  1027.3769  1027.3778     4.2189     1.1673     0.1525    33.7923    33.7934    8.42862         36 0.0000e+00
     39.000     38.594    -1.5995  26.821346    -1.5999  26.821868     7.8779     8.1532     7.5680    88.3474 1.0000e-12  -73.83800 -111.28992  54.389366      99.46 1.5866e+01    360.183       8645  1027.3822  1027.3832     4.1916     1.1890     0.1636    33.7929    33.7941    8.42854         40 0.0000e+00
     40.000     39.583    -1.6013  26.821309    -1.6013  26.821906     7.8685     8.1483     6.7270    89.6132 1.0000e-12  -73.83800 -111.28992  54.389387      99.22 1.5866e+01    362.009       8689  1027.3883  1027.3890     4.2506     1.1545     0.1585    33.7943    33.7952    8.42887         37 0.0000e+00
     41.000     40.572    -1.6023  26.821320    -1.6029  26.821727     7.8565     8.1435     6.1780    88.5687 1.0000e-12  -73.83800 -111.28992  54.389408      99.50 1.5866e+01    363.810       8732  1027.3936  1027.3947     4.2017     1.3182     0.1535    33.7949    33.7961    8.42907         39 0.0000e+00
     42.000     41.562    -1.6032  26.821479    -1.6036  26.821991     7.8461     8.1307     6.2512    88.1293 1.0000e-12  -73.83800 -111.28992  54.389428      99.62 1.5866e+01    365.622       8776  1027.3990  1027.3999     4.1809     1.0795     0.1515    33.7955    33.7966    8.42924         39 0.0000e+00
     43.000     42.551    -1.6048  26.821877    -1.6053  26.822348     7.8455     8.1267     6.1800    88.1158 1.0000e-12  -73.83800 -111.28990  54.389450      99.63 1.5866e+01    367.448       8820  1027.4053  1027.4062     4.1805     1.0439     0.1596    33.7973    33.7984    8.42950         42 0.0000e+00
     44.000     43.540    -1.6056  26.822342    -1.6058  26.822811     7.8512     8.1260     5.9583    88.9272 1.0000e-12  -73.83800 -111.28990  54.389470      99.61 1.5866e+01    369.246       8863  1027.4108  1027.4115     4.2188     1.0893     0.1528    33.7981    33.7990    8.42962         41 0.0000e+00
     45.000     44.530    -1.6056  26.823560    -1.6059  26.823946     7.8478     8.1231     5.7619    87.7784 1.0000e-12  -73.83800 -111.28990  54.389491      99.65 1.5866e+01    371.054       8906  1027.4165  1027.4172     4.1644     0.9689     0.1474    33.7992    33.8001    8.42956         38 0.0000e+00
     46.000     45.519    -1.6053  26.825589    -1.6057  26.825799     7.8419     8.1187     5.3939    89.3161 1.0000e-12  -73.83800 -111.28990  54.389512      99.56 1.5866e+01    372.877       8950  1027.4227  1027.4234     4.2369     1.2211     0.1453    33.8010    33.8018    8.42938         33 0.0000e+00
     47.000     46.510    -1.6052  26.826454    -1.6055  26.826994     7.8374     8.1160     5.8141    87.9865 1.0000e-12  -73.83800 -111.28990  54.389533      97.66 1.5866e+01    374.650       8993  1027.4280  1027.4288     4.1740     1.0761     0.1511    33.8015    33.8025    8.42934         37 0.0000e+00
     48.000     47.498    -1.6053  26.827437    -1.6055  26.827788     7.8422     8.1188     5.4132    88.9728 1.0000e-12  -73.83800 -111.28990  54.389554      99.59 1.5866e+01    376.454       9036  1027.4334  1027.4340     4.2209     1.0870     0.1483    33.8023    33.8030    8.42929         40 0.0000e+00
     49.000     48.487    -1.6051  26.828489    -1.6052  26.828889     7.8432     8.1121     4.9991    88.9255 1.0000e-12  -73.83800 -111.28990  54.389575      99.62 1.5866e+01    378.291       9080  1027.4387  1027.4393     4.2186     1.0660     0.1502    33.8029    33.8036    8.42922         36 0.0000e+00
     50.000     49.477    -1.6034  26.831209    -1.6037  26.831583     7.8260     8.1073     5.4916    89.5315 1.0000e-12  -73.83800 -111.28990  54.389596      99.62 1.5866e+01    380.115       9124  1027.4444  1027.4451     4.2473     1.0586     0.1528    33.8041    33.8050    8.42876         39 0.0000e+00
     51.000     50.467    -1.5983  26.836989    -1.5982  26.837655     7.8155     8.0944     6.1949    89.4329 1.0000e-12  -73.83800 -111.28990  54.389617      99.63 1.5866e+01    381.938       9168  1027.4503  1027.4508     4.2425     1.0513     0.1546    33.8058    33.8065    8.42751         42 0.0000e+00
     52.000     51.456    -1.5960  26.839634    -1.5960  26.840285     7.7717     8.0596     5.8253    89.4407 1.0000e-12  -73.83800 -111.28990  54.389639      99.66 1.5866e+01    383.777       9212  1027.4553  1027.4560     4.2434     0.9725     0.1462    33.8061    33.8070    8.42696         37 0.0000e+00
