ocean_section_plots/required_files/ctd/dnbp2202_ctd123.cnv
* Sea-Bird SBE 9 Data File:
* FileName = D:\Data\raw\NBP2202_CTD123.hex
* Software Version Seasave V 7.26.7.121
* Temperature SN = 1649
* Conductivity SN = 2513
* Number of Bytes Per Scan = 40
* Number of Voltage Words = 5
* Number of Scans Averaged by the Deck Unit = 1
* NMEA Latitude = 74 10.52 S
* NMEA Longitude = 113 20.65 W
* NMEA UTC (Time) = Jan 27 2022  11:53:11
* NMEA baud rate = 9600
** Ship: RVIB N.B. Palmer
** Cruise: NBP2202 Thwaites
** Station: YoYo001
** Operator: B. Bjork
# nquan = 25
# nvalues = 607                         
# units = specified
# name 0 = prDM: Pressure, Digiquartz [db]
# name 1 = depSM: Depth [salt water, m]
# name 2 = t090C: Temperature [ITS-90, deg C]
# name 3 = c0mS/cm: Conductivity [mS/cm]
# name 4 = t190C: Temperature, 2 [ITS-90, deg C]
# name 5 = c1mS/cm: Conductivity, 2 [mS/cm]
# name 6 = sbeox0ML/L: Oxygen, SBE 43 [ml/l]
# name 7 = sbeox1ML/L: Oxygen, SBE 43, 2 [ml/l]
# name 8 = flECO-AFL: Fluorescence, WET Labs ECO-AFL/FL [mg/m^3]
# name 9 = CStarTr0: Beam Transmission, WET Labs C-Star [%]
# name 10 = par: PAR/Irradiance, Biospherical/Licor
# name 11 = latitude: Latitude [deg]
# name 12 = longitude: Longitude [deg]
# name 13 = timeJ: Julian Days
# name 14 = altM: Altimeter [m]
# name 15 = spar: SPAR, Biospherical/Licor
# name 16 = timeS: Time, Elapsed [seconds]
# name 17 = scan: Scan Count
# name 18 = density00: Density [density, kg/m^3]
# name 19 = density11: Density, 2 [density, kg/m^3]
# name 20 = sal00: Salinity, Practical [PSU]
# name 21 = sal11: Salinity, Practical, 2 [PSU]
# name 22 = oxsolML/L: Oxygen Saturation, Garcia & Gordon [ml/l]
# name 23 = nbin: number of scans per bin
# name 24 = flag: flag
# span 0 =     10.000,    616.000       
# span 1 =      9.897,    608.718       
# span 2 =    -1.4447,     0.0736       
# span 3 =  27.033421,  28.905958       
# span 4 =    -1.4434,     0.0766       
# span 5 =  27.033079,  28.905151       
# span 6 =     4.6845,     8.3982       
# span 7 =     4.7372,     8.3471       
# span 8 =    -0.0224,    24.1329       
# span 9 =    69.1916,    95.6439       
# span 10 = 1.0000e-12, 4.4275e+00      
# span 11 =  -74.17536,  -74.17536      
# span 12 = -113.34424, -113.34422      
# span 13 =  27.495644,  27.503387      
# span 14 =       7.87,     101.24      
# span 15 = 1.9392e+02, 2.2549e+02      
# span 16 =     32.649,    701.659      
# span 17 =        785,      16841      
# span 18 =  1027.2259,  1030.5154      
# span 19 =  1027.2243,  1030.5133      
# span 20 =    33.7929,    34.3785      
# span 21 =    33.7910,    34.3759      
# span 22 =    8.02965,    8.38707      
# span 23 =         21,         62      
# span 24 = 0.0000e+00, 0.0000e+00      
# interval = decibars: 1                
# start_time = Jan 27 2022 11:53:11 [NMEA time, header]
# bad_flag = -9.990e-29
*END*
[from data line 406]
    416.000    411.281    -0.1368  28.576917    -0.1343  28.576885     4.7553     4.8041    -0.0153    95.1665 1.0000e-12  -74.17536 -113.34422  27.500599      99.86 2.0302e+02    460.726      11058  1029.5178  1029.5153    34.2920    34.2891    8.07882         24 0.0000e+00
    417.000    412.269    -0.1361  28.577958    -0.1336  28.577804     4.7521     4.8023    -0.0096    95.1726 1.0000e-12  -74.17536 -113.34423  27.500610      99.86 2.0280e+02    461.716      11082  1029.5225  1029.5200    34.2920    34.2890    8.07866         23 0.0000e+00
    418.000    413.257    -0.1367  28.577973    -0.1347  28.577621     4.7527     4.8038    -0.0095    95.1652 1.0000e-12  -74.17536 -113.34423  27.500622      99.86 2.0288e+02    462.703      11106  1029.5275  1029.5251    34.2921    34.2893    8.07879         24 0.0000e+00
    419.000    414.244    -0.1355  28.580016    -0.1335  28.579240     4.7511     4.8058    -0.0095    95.1771 1.0000e-12  -74.17536 -113.34423  27.500633      99.86 2.0273e+02    463.685      11129  1029.5328  1029.5301    34.2928    34.2895    8.07848         24 0.0000e+00
    420.000    415.229    -0.1343  28.581738    -0.1319  28.581688     4.7483     4.8033    -0.0011    95.1748 1.0000e-12  -74.17536 -113.34423  27.500644      99.87 2.0273e+02    464.657      11153  1029.5377  1029.5354    34.2931    34.2905    8.07821         23 0.0000e+00
    421.000    416.220    -0.1346  28.582436    -0.1319  28.582719     4.7490     4.8071    -0.0007    95.1511 1.0000e-12  -74.17536 -113.34423  27.500655      99.87 2.0273e+02    465.630      11176  1029.5432  1029.5408    34.2939    34.2912    8.07825         23 0.0000e+00
    422.000    417.207    -0.1257  28.593252    -0.1222  28.593709     4.7487     4.8022    -0.0075    95.1592 1.0000e-12  -74.17536 -113.34423  27.500667      99.86 2.0273e+02    466.601      11199  1029.5501  1029.5472    34.2976    34.2943    8.07614         23 0.0000e+00
    423.000    418.195    -0.1213  28.597892    -0.1192  28.597450     4.7416     4.7937    -0.0087    95.1614 1.0000e-12  -74.17536 -113.34423  27.500678      99.86 2.0273e+02    467.563      11223  1029.5551  1029.5526    34.2983    34.2953    8.07518         23 0.0000e+00
    424.000    419.182    -0.1162  28.604183    -0.1152  28.602303     4.7455     4.7994    -0.0098    95.1632 1.0000e-12  -74.17536 -113.34424  27.500689      99.86 2.0273e+02    468.532      11246  1029.5611  1029.5581    34.3004    34.2967    8.07399         24 0.0000e+00
    425.000    420.169    -0.1107  28.610786    -0.1082  28.610918     4.7457     4.7957    -0.0065    95.1558 1.0000e-12  -74.17536 -113.34423  27.500700      73.81 2.0273e+02    469.508      11269  1029.5669  1029.5647    34.3023    34.2997    8.07271         24 0.0000e+00
    426.000    421.159    -0.1117  28.609722    -0.1095  28.609519     4.7451     4.7903    -0.0058    95.1380 1.0000e-12  -74.17536 -113.34424  27.500712      89.53 2.0273e+02    470.490      11293  1029.5712  1029.5689    34.3015    34.2987    8.07298         23 0.0000e+00
    427.000    422.144    -0.1170  28.603208    -0.1156  28.602359     4.7396     4.7951    -0.0144    95.1385 1.0000e-12  -74.17536 -113.34422  27.500723      99.85 2.0273e+02    471.478      11316  1029.5739  1029.5716    34.2982    34.2955    8.07428         24 0.0000e+00
    428.000    423.133    -0.1206  28.599738    -0.1177  28.600237     4.7388     4.7952    -0.0020    95.1492 1.0000e-12  -74.17536 -113.34424  27.500735      99.86 2.0273e+02    472.474      11340  1029.5780  1029.5758    34.2970    34.2944    8.07510         24 0.0000e+00
    429.000    424.120    -0.1203  28.600511    -0.1181  28.600076     4.7415     4.7887    -0.0173    95.1557 1.0000e-12  -74.17536 -113.34424  27.500746      99.86 2.0273e+02    473.461      11364  1029.5828  1029.5802    34.2971    34.2941    8.07504         23 0.0000e+00
    430.000    425.109    -0.1192  28.602321    -0.1170  28.601890     4.7412     4.7918    -0.0172    95.1557 1.0000e-12  -74.17536 -113.34424  27.500757      99.87 2.0273e+02    474.441      11388  1029.5879  1029.5854    34.2977    34.2947    8.07478         24 0.0000e+00
    431.000    426.095    -0.1182  28.603725    -0.1165  28.603015     4.7455     4.7919    -0.0103    95.1457 1.0000e-12  -74.17536 -113.34424  27.500769      99.86 2.0273e+02    475.411      11411  1029.5927  1029.5903    34.2978    34.2949    8.07456         23 0.0000e+00
    432.000    427.084    -0.1174  28.605241    -0.1147  28.605494     4.7462     4.7924    -0.0042    95.1423 1.0000e-12  -74.17536 -113.34424  27.500780      99.86 2.0273e+02    476.372      11434  1029.5979  1029.5954    34.2984    34.2956    8.07436         23 0.0000e+00
    433.000    428.070    -0.1149  28.608460    -0.1124  28.608642     4.7402     4.7951    -0.0100    95.1558 1.0000e-12  -74.17536 -113.34424  27.500791      99.86 2.0273e+02    477.336      11457  1029.6030  1029.6008    34.2992    34.2966    8.07377         23 0.0000e+00
    434.000    429.058    -0.1126  28.612144    -0.1105  28.611764     4.7406     4.7964    -0.0077    95.1602 1.0000e-12  -74.17536 -113.34424  27.500802      99.87 2.0273e+02    478.297      11480  1029.6090  1029.6065    34.3009    34.2980    8.07320         23 0.0000e+00
    435.000    430.045    -0.1104  28.615634    -0.1087  28.614623     4.7509     4.7972     0.0029    95.1376 1.0000e-12  -74.17536 -113.34424  27.500813      99.86 2.0217e+02    479.260      11503  1029.6148  1029.6121    34.3025    34.2992    8.07264         23 0.0000e+00
    436.000    431.035    -0.1082  28.619045    -0.1057  28.618939     4.7503     4.7983    -0.0101    95.1428 1.0000e-12  -74.17536 -113.34424  27.500824      99.86 2.0149e+02    480.227      11526  1029.6205  1029.6181    34.3039    34.3010    8.07209         24 0.0000e+00
    437.000    432.020    -0.1075  28.620299    -0.1052  28.620148     4.7511     4.8003    -0.0090    95.1534 1.0000e-12  -74.17536 -113.34424  27.500836      99.87 2.0128e+02    481.200      11550  1029.6255  1029.6230    34.3042    34.3014    8.07193         23 0.0000e+00
    438.000    433.008    -0.1071  28.621099    -0.1051  28.620764     4.7487     4.8001    -0.0168    95.1535 1.0000e-12  -74.17536 -113.34424  27.500847      99.86 2.0134e+02    482.183      11573  1029.6303  1029.6280    34.3043    34.3016    8.07185         24 0.0000e+00
    439.000    433.996    -0.1068  28.622058    -0.1048  28.621711     4.7436     4.7988    -0.0093    95.1714 1.0000e-12  -74.17536 -113.34424  27.500858      75.39 2.0128e+02    483.168      11597  1029.6353  1029.6329    34.3046    34.3018    8.07177         23 0.0000e+00
    440.000    434.983    -0.1066  28.622826    -0.1042  28.622806     4.7449     4.7951    -0.0095    95.1534 1.0000e-12  -74.17536 -113.34424  27.500870      95.82 2.0097e+02    484.154      11621  1029.6402  1029.6378    34.3048    34.3020    8.07171         24 0.0000e+00
    441.000    435.971    -0.1060  28.623865    -0.1035  28.623836     4.7435     4.7938    -0.0144    95.1670 1.0000e-12  -74.17536 -113.34424  27.500881      99.89 2.0097e+02    485.129      11644  1029.6450  1029.6425    34.3049    34.3021    8.07158         23 0.0000e+00
    442.000    436.958    -0.1095  28.619725    -0.1077  28.618989     4.7423     4.7991    -0.0173    95.1613 1.0000e-12  -74.17536 -113.34424  27.500892      99.87 2.0097e+02    486.085      11667  1029.6482  1029.6458    34.3027    34.2997    8.07243         23 0.0000e+00
    443.000    437.947    -0.1101  28.619358    -0.1081  28.618966     4.7454     4.7958    -0.0147    95.1546 1.0000e-12  -74.17536 -113.34424  27.500903      99.86 2.0097e+02    487.043      11690  1029.6527  1029.6504    34.3023    34.2996    8.07259         23 0.0000e+00
    444.000    438.935    -0.1102  28.619728    -0.1077  28.619803     4.7455     4.7957    -0.0106    95.1725 1.0000e-12  -74.17536 -113.34424  27.500914      99.86 2.0097e+02    487.997      11713  1029.6574  1029.6551    34.3023    34.2996    8.07260         23 0.0000e+00
    445.000    439.918    -0.1097  28.621040    -0.1075  28.620772     4.7435     4.7966    -0.0077    95.1759 1.0000e-12  -74.17536 -113.34424  27.500925      99.86 2.0097e+02    488.964      11736  1029.6626  1029.6602    34.3029    34.3001    8.07246         23 0.0000e+00
    446.000    440.910    -0.1094  28.623416    -0.1076  28.622799     4.7400     4.7926    -0.0098    95.1557 1.0000e-12  -74.17536 -113.34424  27.500937      99.86 2.0097e+02    489.938      11760  1029.6691  1029.6667    34.3051    34.3023    8.07228         24 0.0000e+00
    447.000    441.898    -0.1092  28.624893    -0.1068  28.624892     4.7421     4.7967    -0.0099    95.1457 1.0000e-12  -74.17536 -113.34424  27.500948      99.87 2.0097e+02    490.918      11783  1029.6748  1029.6724    34.3063    34.3036    8.07218         23 0.0000e+00
    448.000    442.884    -0.1081  28.628000    -0.1059  28.627831     4.7437     4.7973    -0.0144    95.1593 1.0000e-12  -74.17536 -113.34424  27.500959      99.86 2.0097e+02    491.889      11806  1029.6812  1029.6789    34.3086    34.3059    8.07181         23 0.0000e+00
    449.000    443.871    -0.1083  28.628826    -0.1059  28.628962     4.7445     4.7976    -0.0058    95.1427 1.0000e-12  -74.17536 -113.34424  27.500971      99.86 2.0097e+02    492.860      11830  1029.6866  1029.6844    34.3093    34.3068    8.07180         24 0.0000e+00
    450.000    444.857    -0.1050  28.634186    -0.1026  28.634047     4.7456     4.8002    -0.0105    95.1579 1.0000e-12  -74.17536 -113.34424  27.500982      99.87 2.0097e+02    493.829      11853  1029.6932  1029.6908    34.3121    34.3092    8.07095         23 0.0000e+00
    451.000    445.848    -0.0995  28.641256    -0.0965  28.641817     4.7479     4.7974    -0.0134    95.1400 1.0000e-12  -74.17536 -113.34424  27.500993      99.86 2.0097e+02    494.794      11876  1029.6996  1029.6973    34.3147    34.3121    8.06965         23 0.0000e+00
    452.000    446.833    -0.0965  28.645052    -0.0944  28.644801     4.7449     4.7982    -0.0064    95.1008 1.0000e-12  -74.17536 -113.34424  27.501004      96.89 2.0097e+02    495.776      11900  1029.7050  1029.7027    34.3158    34.3131    8.06895         24 0.0000e+00
    453.000    447.822    -0.0959  28.646371    -0.0937  28.646203     4.7416     4.8006    -0.0035    95.1010 1.0000e-12  -74.17536 -113.34424  27.501016      84.00 2.0097e+02    496.758      11923  1029.7101  1029.7078    34.3163    34.3136    8.06879         24 0.0000e+00
    454.000    448.808    -0.0952  28.647569    -0.0928  28.647549     4.7497     4.8008    -0.0108    95.0886 1.0000e-12  -74.17536 -113.34424  27.501027      99.77 2.0097e+02    497.744      11947  1029.7149  1029.7126    34.3165    34.3138    8.06864         23 0.0000e+00
    455.000    449.796    -0.0943  28.648770    -0.0924  28.648412     4.7497     4.7988    -0.0092    95.0774 1.0000e-12  -74.17536 -113.34424  27.501039      99.86 2.0097e+02    498.730      11971  1029.7197  1029.7175    34.3165    34.3139    8.06845         24 0.0000e+00
    456.000    450.784    -0.0946  28.649178    -0.0919  28.649564     4.7448     4.7910    -0.0172    95.0651 1.0000e-12  -74.17536 -113.34424  27.501050      99.86 2.0097e+02    499.708      11994  1029.7247  1029.7224    34.3168    34.3143    8.06850         23 0.0000e+00
    457.000    451.772    -0.0942  28.650010    -0.0919  28.649956     4.7485     4.7903    -0.0108    95.0493 1.0000e-12  -74.17536 -113.34424  27.501061      99.86 2.0097e+02    500.672      12017  1029.7294  1029.7271    34.3168    34.3142    8.06840         23 0.0000e+00
    458.000    452.760    -0.0941  28.650731    -0.0920  28.650394     4.7460     4.7952    -0.0093    95.0708 1.0000e-12  -74.17536 -113.34424  27.501072      99.87 2.0097e+02    501.633      12040  1029.7343  1029.7320    34.3171    34.3143    8.06837         23 0.0000e+00
    459.000    453.746    -0.0943  28.651533    -0.0922  28.651213     4.7412     4.7975    -0.0138    95.0673 1.0000e-12  -74.17536 -113.34424  27.501083      99.87 2.0097e+02    502.589      12063  1029.7397  1029.7373    34.3178    34.3150    8.06837         23 0.0000e+00
    460.000    454.733    -0.0947  28.650999    -0.0926  28.650691     4.7413     4.7989    -0.0141    95.0526 1.0000e-12  -74.17536 -113.34424  27.501094      99.86 2.0097e+02    503.549      12086  1029.7438  1029.7414    34.3170    34.3142    8.06851         23 0.0000e+00
    461.000    455.721    -0.0948  28.651367    -0.0927  28.651023     4.7418     4.7987    -0.0135    95.0516 1.0000e-12  -74.17536 -113.34424  27.501105      99.86 2.0097e+02    504.517      12109  1029.7485  1029.7461    34.3170    34.3141    8.06853         24 0.0000e+00
    462.000    456.709    -0.0956  28.651488    -0.0933  28.651228     4.7465     4.7942    -0.0160    95.0627 1.0000e-12  -74.17536 -113.34424  27.501117      99.86 2.0097e+02    505.492      12133  1029.7537  1029.7512    34.3174    34.3145    8.06867         23 0.0000e+00
    463.000    457.695    -0.0959  28.651887    -0.0939  28.651597     4.7442     4.7931    -0.0098    95.0605 1.0000e-12  -74.17536 -113.34424  27.501128      99.86 2.0097e+02    506.478      12156  1029.7587  1029.7564    34.3177    34.3150    8.06872         23 0.0000e+00
    464.000    458.684    -0.0958  28.652574    -0.0938  28.652250     4.7518     4.7902    -0.0164    95.0339 1.0000e-12  -74.17536 -113.34424  27.501140      99.86 2.0097e+02    507.458      12180  1029.7635  1029.7612    34.3179    34.3152    8.06868         24 0.0000e+00
    465.000    459.670    -0.0955  28.653243    -0.0937  28.652667     4.7455     4.7929    -0.0016    95.0227 1.0000e-12  -74.17536 -113.34424  27.501151      96.06 2.0082e+02    508.438      12204  1029.7683  1029.7658    34.3179    34.3151    8.06863         24 0.0000e+00
    466.000    460.659    -0.0947  28.655008    -0.0931  28.653931     4.7422     4.7947    -0.0073    95.0247 1.0000e-12  -74.17536 -113.34424  27.501162      80.88 2.0067e+02    509.410      12227  1029.7735  1029.7709    34.3187    34.3155    8.06840         23 0.0000e+00
    467.000    461.646    -0.0944  28.655822    -0.0925  28.655298     4.7435     4.7970    -0.0087    95.0191 1.0000e-12  -74.17536 -113.34424  27.501173      92.64 2.0097e+02    510.380      12250  1029.7784  1029.7760    34.3189    34.3160    8.06834         23 0.0000e+00
    468.000    462.633    -0.0938  28.657176    -0.0914  28.657266     4.7419     4.7968    -0.0038    95.0312 1.0000e-12  -74.17536 -113.34424  27.501185      99.85 1.9973e+02    511.352      12273  1029.7835  1029.7812    34.3193    34.3168    8.06817         24 0.0000e+00
    469.000    463.621    -0.0933  28.658178    -0.0912  28.657830     4.7428     4.7977    -0.0086    95.0337 1.0000e-12  -74.17536 -113.34424  27.501196      99.87 1.9959e+02    512.320      12297  1029.7883  1029.7860    34.3195    34.3168    8.06806         23 0.0000e+00
    470.000    464.608    -0.0928  28.659148    -0.0906  28.659060     4.7393     4.7977    -0.0109    95.0204 1.0000e-12  -74.17536 -113.34424  27.501207      99.87 2.0020e+02    513.284      12320  1029.7931  1029.7909    34.3197    34.3171    8.06795         23 0.0000e+00
    471.000    465.595    -0.0907  28.662070    -0.0886  28.661552     4.7429     4.7934    -0.0023    95.0069 1.0000e-12  -74.17536 -113.34424  27.501218      99.86 1.9944e+02    514.247      12343  1029.7984  1029.7958    34.3206    34.3175    8.06745         23 0.0000e+00
    472.000    466.584    -0.0907  28.662534    -0.0885  28.662348     4.7478     4.7842    -0.0089    95.0046 1.0000e-12  -74.17536 -113.34424  27.501229      99.86 1.9967e+02    515.201      12366  1029.8032  1029.8008    34.3206    34.3179    8.06745         23 0.0000e+00
