ocean_section_plots/required_files/ctd/dnbp2202_ctd214.cnv
* Sea-Bird SBE 9 Data File:
* FileName = D:\Data\raw\NBP2202_CTD214.hex
* Software Version Seasave V 7.26.7.121
* Temperature SN = 1649
* Conductivity SN = 2513
* Number of Bytes Per Scan = 40
* Number of Voltage Words = 5
* Number of Scans Averaged by the Deck Unit = 1
* NMEA Latitude = 73 59.97 S
* NMEA Longitude = 111 30.14 W
* NMEA UTC (Time) = Feb 11 2022  05:19:47
* NMEA baud rate = 9600
** Ship: RVIB N.B. Palmer
** Cruise: NBP2202 Thwaites
** Station: 126
** Operator: B. Bjork
# nquan = 28
# nvalues = 407                         
# units = specified
# name 0 = prDM: Pressure, Digiquartz [db]
# name 1 = depSM: Depth [salt water, m]
# name 2 = t090C: Temperature [ITS-90, deg C]
# name 3 = c0mS/cm: Conductivity [mS/cm]
# name 4 = t190C: Temperature, 2 [ITS-90, deg C]
# name 5 = c1mS/cm: Conductivity, 2 [mS/cm]
# name 6 = sbeox0ML/L: Oxygen, SBE 43 [ml/l]
# name 7 = sbeox1ML/L: Oxygen, SBE 43, 2 [ml/l]
# name 8 = flECO-AFL: Fluorescence, WET Labs ECO-AFL/FL [mg/m^3]
# name 9 = CStarTr0: Beam Transmission, WET Labs C-Star [%]
# name 10 = par: PAR/Irradiance, Biospherical/Licor
# name 11 = latitude: Latitude [deg]
# name 12 = longitude: Longitude [deg]
# name 13 = timeJ: Julian Days
# name 14 = altM: Altimeter [m]
# name 15 = spar: SPAR, Biospherical/Licor
# name 16 = timeS: Time, Elapsed [seconds]
# name 17 = scan: Scan Count
# name 18 = density00: Density [density, kg/m^3]
# name 19 = density11: Density, 2 [density, kg/m^3]
# name 20 = v3: Voltage 3
# name 21 = v4: Voltage 4
# name 22 = v5: Voltage 5
# name 23 = sal00: Salinity, Practical [PSU]
# name 24 = sal11: Salinity, Practical, 2 [PSU]
# name 25 = oxsolML/L: Oxygen Saturation, Garcia & Gordon [ml/l]
# name 26 = nbin: number of scans per bin
# name 27 = flag: flag
# span 0 =      1.000,    407.000       
# span 1 =      0.987,    402.396       
# span 2 =    -1.5860,    -0.0735       
# span 3 =  26.969355,  28.701971       
# span 4 =    -1.5863,    -0.0715       
# span 5 =  26.969292,  28.701746       
# span 6 =     4.9807,     8.9110       
# span 7 =     5.1360,     9.2632       
# span 8 =    -0.0123,    24.9499       
# span 9 =    71.3919,    97.8808       
# span 10 = 1.0000e-12, 1.9614e+02      
# span 11 =  -73.99956,  -73.99954      
# span 12 = -111.50246, -111.50242      
# span 13 =  42.223991,  42.230444      
# span 14 =       8.78,     100.69      
# span 15 = 7.4840e+01, 1.3074e+02      
# span 16 =    165.828,    723.339      
# span 17 =       3981,      17361      
# span 18 =  1027.1950,  1029.5556      
# span 19 =  1027.1974,  1029.5534      
# span 20 =     3.3873,     4.6433      
# span 21 =     0.0652,     4.2484      
# span 22 =     0.1154,     0.2461      
# span 23 =    33.8013,    34.3972      
# span 24 =    33.8036,    34.3938      
# span 25 =    8.05951,    8.41569      
# span 26 =         17,         49      
# span 27 = 0.0000e+00, 0.0000e+00      
# interval = decibars: 1                
# start_time = Feb 11 2022 05:19:47 [NMEA time, header]
# bad_flag = -9.990e-29
*END*
[from data line 311]
    312.000    308.540    -1.0949  27.621789    -1.0939  27.621295     5.9386     6.1314    -0.0028    97.7890 1.0000e-12  -73.99956 -111.50242  42.228956      99.84 9.0015e+01    594.762      14275  1028.9617  1028.9603     4.6390     0.0735     0.1200    34.1502    34.1485    8.29422         25 0.0000e+00
    313.000    309.530    -1.0877  27.630807    -1.0862  27.630628     5.9442     6.1379    -0.0025    97.7756 1.0000e-12  -73.99956 -111.50242  42.228967      99.84 8.8353e+01    595.778      14300  1028.9689  1028.9673     4.6384     0.0736     0.1198    34.1538    34.1519    8.29244         24 0.0000e+00
    314.000    310.517    -1.0847  27.635041    -1.0830  27.635254     5.9472     6.1480     0.0131    97.7852 1.0000e-12  -73.99956 -111.50242  42.228979      99.84 8.6595e+01    596.790      14324  1028.9748  1028.9734     4.6388     0.0733     0.1235    34.1555    34.1539    8.29166         25 0.0000e+00
    315.000    311.505    -1.0914  27.631790    -1.0901  27.631941     5.9548     6.1528     0.0076    97.8003 1.0000e-12  -73.99956 -111.50242  42.228991      99.84 8.9522e+01    597.806      14348  1028.9822  1028.9812     4.6395     0.0747     0.1228    34.1581    34.1569    8.29299         24 0.0000e+00
    316.000    312.494    -1.1004  27.625497    -1.0985  27.626180     5.9463     6.1490     0.0144    97.7961 1.0000e-12  -73.99956 -111.50242  42.229003      99.84 8.9021e+01    598.821      14373  1028.9885  1028.9874     4.6393     0.0721     0.1229    34.1592    34.1579    8.29493         24 0.0000e+00
    317.000    313.481    -1.0951  27.632245    -1.0923  27.633205     5.9262     6.1217     0.0072    97.7874 1.0000e-12  -73.99956 -111.50242  42.229014      99.84 8.6139e+01    599.820      14397  1028.9949  1028.9932     4.6389     0.0717     0.1228    34.1616    34.1598    8.29360         24 0.0000e+00
    318.000    314.471    -1.0805  27.646679    -1.0777  27.647453     5.9104     6.1047     0.0001    97.7843 1.0000e-12  -73.99956 -111.50242  42.229026      93.92 8.9645e+01    600.822      14421  1029.0006  1028.9987     4.6387     0.0718     0.1176    34.1641    34.1620    8.29022         24 0.0000e+00
    319.000    315.457    -1.0540  27.672185    -1.0538  27.670603     5.8990     6.0983    -0.0123    97.7573 1.0000e-12  -73.99956 -111.50242  42.229037      98.97 8.9539e+01    601.819      14445  1029.0068  1029.0049     4.6375     0.0718     0.1206    34.1683    34.1658    8.28414         24 0.0000e+00
    320.000    316.446    -1.0469  27.679509    -1.0457  27.679320     5.8921     6.0931    -0.0049    97.8156 1.0000e-12  -73.99956 -111.50243  42.229049      98.56 8.6368e+01    602.817      14469  1029.0123  1029.0109     4.6402     0.0704     0.1196    34.1696    34.1680    8.28250         24 0.0000e+00
    321.000    317.435    -1.0446  27.683322    -1.0424  27.683801     5.8817     6.0849     0.0047    97.8272 1.0000e-12  -73.99956 -111.50244  42.229060      97.61 8.9986e+01    603.814      14493  1029.0186  1029.0170     4.6407     0.0720     0.1253    34.1715    34.1697    8.28187         24 0.0000e+00
    322.000    318.421    -1.0351  27.692967    -1.0316  27.694793     5.8757     6.0795     0.0069    97.8251 1.0000e-12  -73.99956 -111.50244  42.229072      96.60 8.9613e+01    604.812      14516  1029.0242  1029.0227     4.6407     0.0701     0.1190    34.1733    34.1718    8.27968         24 0.0000e+00
    323.000    319.411    -1.0288  27.699539    -1.0266  27.699971     5.8740     6.0701     0.0069    97.8069 1.0000e-12  -73.99956 -111.50244  42.229083      95.55 8.6099e+01    605.809      14540  1029.0295  1029.0280     4.6398     0.0718     0.1193    34.1744    34.1726    8.27821         24 0.0000e+00
    324.000    320.397    -1.0225  27.706126    -1.0210  27.706063     5.8727     6.0624     0.0069    97.8399 1.0000e-12  -73.99956 -111.50244  42.229095      94.47 9.0906e+01    606.806      14564  1029.0350  1029.0335     4.6414     0.0718     0.1184    34.1757    34.1738    8.27675         24 0.0000e+00
    325.000    321.387    -1.0187  27.710662    -1.0176  27.710061     5.8586     6.0575     0.0069    97.8752 1.0000e-12  -73.99956 -111.50244  42.229106      93.43 9.0425e+01    607.805      14588  1029.0407  1029.0390     4.6430     0.0710     0.1185    34.1769    34.1748    8.27584         24 0.0000e+00
    326.000    322.375    -1.0144  27.715272    -1.0131  27.715093     5.8506     6.0590    -0.0012    97.8521 1.0000e-12  -73.99956 -111.50244  42.229118      92.46 8.6930e+01    608.803      14612  1029.0460  1029.0445     4.6419     0.0707     0.1154    34.1777    34.1759    8.27485         24 0.0000e+00
    327.000    323.363    -1.0135  27.716686    -1.0120  27.716648     5.8434     6.0532    -0.0078    97.8448 1.0000e-12  -73.99956 -111.50244  42.229130      91.41 9.1016e+01    609.800      14636  1029.0510  1029.0495     4.6416     0.0716     0.1214    34.1780    34.1763    8.27464         23 0.0000e+00
    328.000    324.351    -1.0082  27.722750    -1.0065  27.722664     5.8159     6.0282     0.0079    97.8741 1.0000e-12  -73.99956 -111.50244  42.229141      90.42 9.0822e+01    610.802      14660  1029.0568  1029.0551     4.6430     0.0706     0.1208    34.1796    34.1776    8.27337         25 0.0000e+00
    329.000    325.338    -0.9912  27.740449    -0.9894  27.739999     5.7828     5.9995     0.0072    97.8797 1.0000e-12  -73.99956 -111.50244  42.229153      89.34 8.7742e+01    611.800      14684  1029.0638  1029.0615     4.6433     0.0713     0.1182    34.1838    34.1811    8.26938         24 0.0000e+00
    330.000    326.326    -0.9581  27.773405    -0.9539  27.774799     5.7402     5.9576     0.0009    97.8405 1.0000e-12  -73.99956 -111.50244  42.229164      88.37 8.6686e+01    612.802      14708  1029.0716  1029.0691     4.6414     0.0708     0.1196    34.1904    34.1877    8.26171         24 0.0000e+00
    331.000    327.315    -0.9290  27.801937    -0.9268  27.801865     5.7119     5.9205     0.0051    97.8689 1.0000e-12  -73.99956 -111.50244  42.229176      87.33 9.0912e+01    613.807      14732  1029.0787  1029.0765     4.6428     0.0701     0.1188    34.1957    34.1930    8.25503         24 0.0000e+00
    332.000    328.303    -0.8986  27.832424    -0.8959  27.832074     5.6901     5.9021     0.0020    97.8808 1.0000e-12  -73.99956 -111.50244  42.229188      86.36 8.7706e+01    614.812      14756  1029.0866  1029.0836     4.6433     0.0696     0.1195    34.2020    34.1985    8.24800         24 0.0000e+00
    333.000    329.291    -0.8671  27.862570    -0.8658  27.861988     5.6805     5.8838     0.0036    97.8722 1.0000e-12  -73.99956 -111.50244  42.229199      85.34 9.0151e+01    615.822      14781  1029.0930  1029.0912     4.6429     0.0703     0.1175    34.2065    34.2042    8.24082         24 0.0000e+00
    334.000    330.279    -0.8602  27.870035    -0.8582  27.869869     5.6692     5.8667     0.0031    97.8450 1.0000e-12  -73.99956 -111.50244  42.229211      84.30 9.1666e+01    616.831      14805  1029.0991  1029.0971     4.6416     0.0682     0.1194    34.2082    34.2058    8.23921         25 0.0000e+00
    335.000    331.267    -0.8456  27.884514    -0.8424  27.885459     5.6564     5.8553     0.0027    97.8623 1.0000e-12  -73.99956 -111.50244  42.229223      83.20 8.9006e+01    617.834      14829  1029.1052  1029.1031     4.6424     0.0699     0.1182    34.2107    34.2084    8.23588         24 0.0000e+00
    336.000    332.254    -0.8329  27.897066    -0.8308  27.897012     5.6483     5.8525     0.0071    97.8342 1.0000e-12  -73.99956 -111.50244  42.229234      82.19 8.9528e+01    618.834      14853  1029.1110  1029.1089     4.6411     0.0683     0.1224    34.2127    34.2103    8.23298         24 0.0000e+00
    337.000    333.244    -0.8236  27.906637    -0.8219  27.906241     5.6452     5.8476     0.0039    97.8157 1.0000e-12  -73.99956 -111.50244  42.229246      81.20 9.1776e+01    619.836      14877  1029.1169  1029.1149     4.6402     0.0702     0.1215    34.2145    34.2121    8.23085         24 0.0000e+00
    338.000    334.233    -0.8143  27.916538    -0.8141  27.914675     5.6377     5.8299    -0.0075    97.8365 1.0000e-12  -73.99956 -111.50245  42.229257      80.18 9.0442e+01    620.839      14901  1029.1232  1029.1209     4.6412     0.0699     0.1213    34.2168    34.2140    8.22869         24 0.0000e+00
    339.000    335.219    -0.8046  27.926793    -0.8028  27.926660     5.6332     5.8106    -0.0071    97.8189 1.0000e-12  -73.99956 -111.50246  42.229269      79.11 9.0060e+01    621.837      14925  1029.1294  1029.1275     4.6404     0.0695     0.1220    34.2191    34.2168    8.22644         24 0.0000e+00
    340.000    336.207    -0.7925  27.939228    -0.7891  27.940236     5.6245     5.8043     0.0078    97.8176 1.0000e-12  -73.99956 -111.50246  42.229280      78.15 9.2430e+01    622.834      14949  1029.1356  1029.1334     4.6403     0.0700     0.1342    34.2216    34.2192    8.22366         24 0.0000e+00
    341.000    337.195    -0.7869  27.944648    -0.7843  27.945220     5.6176     5.8054    -0.0065    97.7975 1.0000e-12  -73.99956 -111.50246  42.229292      77.13 9.1468e+01    623.836      14973  1029.1406  1029.1387     4.6394     0.0675     0.1220    34.2220    34.2199    8.22241         24 0.0000e+00
    342.000    338.185    -0.7854  27.946109    -0.7840  27.945664     5.6210     5.8110     0.0060    97.7889 1.0000e-12  -73.99956 -111.50246  42.229304      76.14 8.8592e+01    624.837      14997  1029.1453  1029.1435     4.6390     0.0682     0.1219    34.2216    34.2195    8.22210         23 0.0000e+00
    343.000    339.171    -0.7855  27.946192    -0.7830  27.946777     5.6037     5.7965    -0.0036    97.7883 1.0000e-12  -73.99956 -111.50246  42.229315      75.12 9.3081e+01    625.834      15021  1029.1500  1029.1483     4.6390     0.0671     0.1223    34.2212    34.2193    8.22215         25 0.0000e+00
    344.000    340.160    -0.7899  27.942169    -0.7833  27.946590     5.5880     5.7800     0.0028    97.8043 1.0000e-12  -73.99956 -111.50246  42.229327      74.11 9.2130e+01    626.834      15045  1029.1545  1029.1528     4.6397     0.0696     0.1222    34.2202    34.2187    8.22317         24 0.0000e+00
    345.000    341.148    -0.7696  27.963755    -0.7663  27.963897     5.5733     5.7668     0.0031    97.6688 1.0000e-12  -73.99956 -111.50246  42.229338      73.09 8.7406e+01    627.827      15069  1029.1624  1029.1593     4.6333     0.0665     0.1182    34.2258    34.2222    8.21843         23 0.0000e+00
    346.000    342.135    -0.7411  27.991334    -0.7393  27.991092     5.5491     5.7469    -0.0035    97.7756 1.0000e-12  -73.99956 -111.50246  42.229350      72.01 9.2302e+01    628.821      15093  1029.1687  1029.1668     4.6383     0.0680     0.1182    34.2302    34.2279    8.21196         24 0.0000e+00
    347.000    343.124    -0.7393  27.993725    -0.7375  27.993540     5.5446     5.7366    -0.0028    97.7551 1.0000e-12  -73.99956 -111.50246  42.229361      71.03 9.3148e+01    629.822      15117  1029.1742  1029.1722     4.6374     0.0682     0.1234    34.2309    34.2285    8.21154         24 0.0000e+00
    348.000    344.112    -0.7178  28.015078    -0.7159  28.014730     5.5491     5.7361     0.0082    97.7500 1.0000e-12  -73.99956 -111.50246  42.229373      70.03 8.8354e+01    630.815      15141  1029.1807  1029.1785     4.6371     0.0672     0.1222    34.2348    34.2322    8.20664         24 0.0000e+00
    349.000    345.099    -0.7155  28.018030    -0.7141  28.017780     5.5479     5.7328     0.0081    97.7392 1.0000e-12  -73.99956 -111.50246  42.229384      68.95 9.2922e+01    631.813      15165  1029.1862  1029.1847     4.6366     0.0670     0.1235    34.2355    34.2337    8.20610         24 0.0000e+00
    350.000    346.089    -0.7210  28.013949    -0.7188  28.014333     5.5397     5.7302     0.0078    97.7276 1.0000e-12  -73.99956 -111.50246  42.229396      67.95 9.1753e+01    632.823      15189  1029.1918  1029.1900     4.6360     0.0666     0.1256    34.2356    34.2337    8.20729         25 0.0000e+00
    351.000    347.076    -0.7104  28.025088    -0.7103  28.022935     5.5372     5.7285    -0.0002    97.7264 1.0000e-12  -73.99956 -111.50246  42.229408      66.98 8.8516e+01    633.830      15213  1029.1979  1029.1955     4.6360     0.0692     0.1207    34.2381    34.2351    8.20484         24 0.0000e+00
    352.000    348.064    -0.7038  28.032236    -0.7022  28.031787     5.5297     5.7269    -0.0076    97.7242 1.0000e-12  -73.99956 -111.50246  42.229419      65.94 9.2990e+01    634.838      15237  1029.2036  1029.2016     4.6359     0.0681     0.1263    34.2397    34.2373    8.20332         24 0.0000e+00
    353.000    349.050    -0.7005  28.036175    -0.6992  28.035751     5.5306     5.7205     0.0063    97.7092 1.0000e-12  -73.99956 -111.50246  42.229431      64.90 9.2260e+01    635.851      15261  1029.2091  1029.2074     4.6351     0.0689     0.1266    34.2406    34.2385    8.20254         24 0.0000e+00
    354.000    350.040    -0.6920  28.047079    -0.6897  28.047055     5.5230     5.7094     0.0097    97.7188 1.0000e-12  -73.99956 -111.50246  42.229443      63.92 8.9104e+01    636.853      15285  1029.2170  1029.2147     4.6356     0.0703     0.1250    34.2451    34.2425    8.20044         24 0.0000e+00
    355.000    351.027    -0.6760  28.063266    -0.6747  28.062334     5.5114     5.6935     0.0033    97.7082 1.0000e-12  -73.99956 -111.50246  42.229454      62.93 9.2233e+01    637.847      15309  1029.2232  1029.2210     4.6351     0.0671     0.1226    34.2483    34.2455    8.19679         24 0.0000e+00
    356.000    352.016    -0.6613  28.079305    -0.6599  28.078543     5.5051     5.6868    -0.0049    97.7081 1.0000e-12  -73.99956 -111.50246  42.229466      61.92 9.1894e+01    638.843      15333  1029.2306  1029.2284     4.6351     0.0653     0.1237    34.2527    34.2500    8.19335         24 0.0000e+00
    357.000    353.003    -0.6537  28.087474    -0.6519  28.087230     5.4984     5.6809    -0.0077    97.7094 1.0000e-12  -73.99956 -111.50246  42.229477      60.81 8.8677e+01    639.834      15357  1029.2364  1029.2345     4.6352     0.0676     0.1222    34.2544    34.2522    8.19159         23 0.0000e+00
    358.000    353.992    -0.6486  28.093016    -0.6471  28.092600     5.4766     5.6622    -0.0019    97.6778 1.0000e-12  -73.99956 -111.50246  42.229489      59.78 9.1550e+01    640.822      15381  1029.2419  1029.2400     4.6337     0.0678     0.1240    34.2555    34.2532    8.19042         24 0.0000e+00
    359.000    354.979    -0.6446  28.097859    -0.6426  28.097746     5.4615     5.6550     0.0094    97.6867 1.0000e-12  -73.99956 -111.50246  42.229500      58.69 9.2853e+01    641.818      15405  1029.2478  1029.2456     4.6341     0.0667     0.1247    34.2570    34.2545    8.18949         24 0.0000e+00
    360.000    355.967    -0.6159  28.128138    -0.6151  28.126073     5.4384     5.6302     0.0106    97.6931 1.0000e-12  -73.99956 -111.50246  42.229512      57.79 9.0483e+01    642.818      15429  1029.2566  1029.2536     4.6344     0.0676     0.1250    34.2647    34.2609    8.18282         24 0.0000e+00
    361.000    356.956    -0.5999  28.143996    -0.5986  28.143187     5.4080     5.5940     0.0094    97.6931 1.0000e-12  -73.99956 -111.50246  42.229523      56.72 9.1302e+01    643.811      15452  1029.2625  1029.2604     4.6344     0.0652     0.1238    34.2673    34.2648    8.17921         24 0.0000e+00
    362.000    357.944    -0.5774  28.168433    -0.5733  28.169355     5.3735     5.5627     0.0002    97.6738 1.0000e-12  -73.99955 -111.50246  42.229535      55.70 9.2626e+01    644.813      15477  1029.2713  1029.2682     4.6335     0.0681     0.1280    34.2742    34.2708    8.17396         24 0.0000e+00
