ocean_section_plots/required_files/ctd/dnbp2202_ctd282.cnv
* Sea-Bird SBE 9 Data File:
* FileName = D:\Data\raw\NBP2202_CTD282.hex
* Software Version Seasave V 7.26.7.121
* Temperature SN = 1649
* Conductivity SN = 2513
* Number of Bytes Per Scan = 40
* Number of Voltage Words = 5
* Number of Scans Averaged by the Deck Unit = 1
* NMEA Latitude = 74 07.00 S
* NMEA Longitude = 115 43.88 W
* NMEA UTC (Time) = Feb 22 2022  07:47:17
* NMEA baud rate = 9600
** Ship: RVIB N.B. Palmer
** Cruise: NBP2202 Thwaites
** Station: 184
** Operator: B. Bjork
# nquan = 28
# nvalues = 1131                        
# units = specified
# name 0 = prDM: Pressure, Digiquartz [db]
# name 1 = depSM: Depth [salt water, m]
# name 2 = t090C: Temperature [ITS-90, deg C]
# name 3 = c0mS/cm: Conductivity [mS/cm]
# name 4 = t190C: Temperature, 2 [ITS-90, deg C]
# name 5 = c1mS/cm: Conductivity, 2 [mS/cm]
# name 6 = sbeox0ML/L: Oxygen, SBE 43 [ml/l]
# name 7 = sbeox1ML/L: Oxygen, SBE 43, 2 [ml/l]
# name 8 = flECO-AFL: Fluorescence, WET Labs ECO-AFL/FL [mg/m^3]
# name 9 = CStarTr0: Beam Transmission, WET Labs C-Star [%]
# name 10 = par: PAR/Irradiance, Biospherical/Licor
# name 11 = latitude: Latitude [deg]
# name 12 = longitude: Longitude [deg]
# name 13 = timeJ: Julian Days
# name 14 = altM: Altimeter [m]
# name 15 = spar: SPAR, Biospherical/Licor
# name 16 = timeS: Time, Elapsed [seconds]
# name 17 = scan: Scan Count
# name 18 = density00: Density [density, kg/m^3]
# name 19 = density11: Density, 2 [density, kg/m^3]
# name 20 = v3: Voltage 3
# name 21 = v4: Voltage 4
# name 22 = v5: Voltage 5
# name 23 = sal00: Salinity, Practical [PSU]
# name 24 = sal11: Salinity, Practical, 2 [PSU]
# name 25 = oxsolML/L: Oxygen Saturation, Garcia & Gordon [ml/l]
# name 26 = nbin: number of scans per bin
# name 27 = flag: flag
# span 0 =      2.000,   1132.000       
# span 1 =      1.981,   1117.246       
# span 2 =    -1.8815,     0.5328       
# span 3 =  26.900858,  29.665421       
# span 4 =    -1.8807,     0.5351       
# span 5 =  26.900922,  29.666082       
# span 6 =     4.4007,     9.1390       
# span 7 =     4.4991,     9.4643       
# span 8 =     0.0174,    11.7215       
# span 9 =    89.2330,    98.6956       
# span 10 = -3.422e-04, 5.3394e-01      
# span 11 =  -74.11678,  -74.11676      
# span 12 = -115.73144, -115.73140      
# span 13 =  53.326929,  53.342062      
# span 14 =       2.91,     100.20      
# span 15 = 1.4069e+01, 2.4767e+01      
# span 16 =    209.634,   1517.202      
# span 17 =       5032,      36414      
# span 18 =  1027.1606,  1033.0358      
# span 19 =  1027.1600,  1033.0342      
# span 20 =     4.2322,     4.6819      
# span 21 =     0.0695,     1.6122      
# span 22 =     0.1069,     0.1859      
# span 23 =    33.7785,    34.5616      
# span 24 =    33.7776,    34.5599      
# span 25 =    7.92440,    8.47591      
# span 26 =         21,         49      
# span 27 = 0.0000e+00, 0.0000e+00      
# interval = decibars: 1                
# start_time = Feb 22 2022 07:47:17 [NMEA time, header]
# bad_flag = -9.990e-29
*END*
[from data line 518]
    520.000    513.975    -1.5397  27.369970    -1.5378  27.370086     6.2825     6.4636     0.7004    97.6037 1.0000e-12  -74.11678 -115.73142  53.333804      99.92 1.5870e+01    803.704      19290  1029.9989  1029.9972     4.6301     0.1515     0.1128    34.1838    34.1817    8.39164         25 0.0000e+00
    521.000    514.960    -1.5270  27.381784    -1.5254  27.381785     6.2712     6.4457     0.4258    97.7353 1.0000e-12  -74.11678 -115.73142  53.333817      99.92 1.8562e+01    804.799      19316  1030.0039  1030.0023     4.6364     0.1482     0.1146    34.1849    34.1830    8.38870         27 0.0000e+00
    522.000    515.949    -1.5111  27.396802    -1.5094  27.396872     6.2541     6.4320     0.5404    97.7249 1.0000e-12  -74.11678 -115.73142  53.333830      90.25 1.7896e+01    805.906      19343  1030.0093  1030.0077     4.6359     0.1427     0.1119    34.1868    34.1849    8.38499         27 0.0000e+00
    523.000    516.936    -1.5000  27.407350    -1.4983  27.407334     6.2454     6.4238     0.4272    97.6403 1.0000e-12  -74.11678 -115.73142  53.333842      94.94 1.5898e+01    806.983      19369  1030.0145  1030.0129     4.6319     0.1361     0.1127    34.1880    34.1861    8.38241         25 0.0000e+00
    524.000    517.922    -1.4883  27.418381    -1.4865  27.418504     6.2320     6.4181     0.3878    97.4741 1.0000e-12  -74.11678 -115.73142  53.333855      99.66 1.7995e+01    808.070      19395  1030.0197  1030.0181     4.6240     0.1918     0.1229    34.1893    34.1873    8.37971         27 0.0000e+00
    525.000    518.910    -1.4806  27.425837    -1.4786  27.425980     6.2211     6.4031     0.4789    97.2253 1.0000e-12  -74.11678 -115.73142  53.333868      99.92 1.9117e+01    809.184      19421  1030.0249  1030.0232     4.6123     0.1323     0.1158    34.1901    34.1881    8.37793         26 0.0000e+00
    526.000    519.896    -1.4722  27.433889    -1.4707  27.433852     6.2242     6.3965     0.5710    97.6390 1.0000e-12  -74.11678 -115.73142  53.333880      99.92 1.5878e+01    810.267      19447  1030.0301  1030.0286     4.6318     0.1883     0.1188    34.1910    34.1893    8.37599         26 0.0000e+00
    527.000    520.884    -1.4629  27.442709    -1.4609  27.443241     6.2139     6.3861     0.5093    97.4905 1.0000e-12  -74.11678 -115.73142  53.333893      99.92 1.7475e+01    811.359      19474  1030.0352  1030.0338     4.6248     0.1432     0.1128    34.1919    34.1903    8.37384         27 0.0000e+00
    528.000    521.869    -1.4572  27.448346    -1.4553  27.448738     6.2008     6.3806     0.7422    97.6084 1.0000e-12  -74.11678 -115.73142  53.333906      99.91 1.9470e+01    812.485      19501  1030.0403  1030.0388     4.6303     0.1361     0.1152    34.1926    34.1909    8.37252         26 0.0000e+00
    529.000    522.861    -1.4556  27.450130    -1.4538  27.450427     6.1930     6.3820     0.3721    97.6408 1.0000e-12  -74.11678 -115.73142  53.333919      99.92 1.5968e+01    813.573      19527  1030.0451  1030.0437     4.6320     0.1754     0.1142    34.1925    34.1909    8.37215         26 0.0000e+00
    530.000    523.846    -1.4529  27.453180    -1.4508  27.453548     6.1914     6.3752     0.4588    97.6513 1.0000e-12  -74.11678 -115.73142  53.333931      99.92 1.7162e+01    814.658      19553  1030.0504  1030.0487     4.6324     0.1490     0.1144    34.1931    34.1912    8.37152         27 0.0000e+00
    531.000    524.833    -1.4406  27.464874    -1.4388  27.464831     6.1698     6.3550     0.7203    97.3341 1.0000e-12  -74.11678 -115.73143  53.333944      99.92 2.0412e+01    815.772      19580  1030.0555  1030.0538     4.6174     0.1508     0.1147    34.1945    34.1924    8.36867         26 0.0000e+00
    532.000    525.819    -1.4261  27.478824    -1.4242  27.478685     6.1593     6.3349     0.5972    97.3872 1.0000e-12  -74.11678 -115.73144  53.333957      99.92 1.5911e+01    816.860      19606  1030.0611  1030.0591     4.6199     0.1375     0.1132    34.1965    34.1942    8.36530         26 0.0000e+00
    533.000    526.807    -1.4047  27.498663    -1.4028  27.498774     6.1405     6.3163     0.4805    97.5857 1.0000e-12  -74.11678 -115.73144  53.333969      99.92 1.6949e+01    817.936      19631  1030.0663  1030.0645     4.6293     0.1938     0.1149    34.1988    34.1967    8.36037         26 0.0000e+00
    534.000    527.794    -1.3928  27.509955    -1.3896  27.511162     6.1300     6.3036     0.3861    97.6219 1.0000e-12  -74.11678 -115.73144  53.333982      98.56 2.0182e+01    819.044      19658  1030.0715  1030.0697     4.6311     0.1405     0.1172    34.2001    34.1982    8.35762         27 0.0000e+00
    535.000    528.781    -1.3764  27.525180    -1.3747  27.525166     6.1253     6.3010     0.4503    97.7353 1.0000e-12  -74.11678 -115.73144  53.333995      76.17 1.5978e+01    820.134      19684  1030.0766  1030.0749     4.6364     0.1562     0.1216    34.2017    34.1997    8.35385         26 0.0000e+00
    536.000    529.768    -1.3664  27.534862    -1.3647  27.534823     6.0967     6.2830     0.5171    97.7378 1.0000e-12  -74.11678 -115.73144  53.334007      90.70 1.6775e+01    821.199      19710  1030.0820  1030.0803     4.6366     0.1979     0.1172    34.2030    34.2009    8.35153         25 0.0000e+00
    537.000    530.755    -1.3548  27.546245    -1.3527  27.546313     6.0691     6.2524     0.5569    97.1271 1.0000e-12  -74.11678 -115.73144  53.334020      99.97 2.0458e+01    822.298      19736  1030.0876  1030.0856     4.6077     0.1858     0.1124    34.2048    34.2024    8.34883         27 0.0000e+00
    538.000    531.743    -1.3226  27.576169    -1.3205  27.575959     6.0564     6.2353     0.4290    97.6967 1.0000e-12  -74.11678 -115.73144  53.334032      99.92 1.6176e+01    823.386      19762  1030.0932  1030.0910     4.6344     0.1546     0.1113    34.2085    34.2058    8.34141         26 0.0000e+00
    539.000    532.730    -1.3089  27.588814    -1.3067  27.589048     6.0391     6.2237     0.3521    97.5947 1.0000e-12  -74.11678 -115.73144  53.334045      99.92 1.6357e+01    824.448      19788  1030.0982  1030.0963     4.6297     0.1407     0.1146    34.2096    34.2074    8.33828         25 0.0000e+00
    540.000    533.717    -1.2901  27.606555    -1.2882  27.606282     5.9963     6.1765     0.4443    97.4253 1.0000e-12  -74.11678 -115.73144  53.334057      99.92 2.0001e+01    825.548      19814  1030.1037  1030.1016     4.6217     0.1303     0.1108    34.2118    34.2093    8.33395         27 0.0000e+00
    541.000    534.704    -1.2634  27.631929    -1.2608  27.631773     5.9643     6.1422     0.4028    97.6901 1.0000e-12  -74.11678 -115.73144  53.334070      99.92 1.6611e+01    826.646      19841  1030.1098  1030.1072     4.6342     0.1609     0.1146    34.2156    34.2125    8.32778         26 0.0000e+00
    542.000    535.690    -1.2167  27.674942    -1.2141  27.675061     5.9403     6.1219     0.4890    97.7587 1.0000e-12  -74.11678 -115.73144  53.334082      99.92 1.6288e+01    827.713      19866  1030.1156  1030.1131     4.6376     0.1438     0.1166    34.2207    34.2179    8.31710         25 0.0000e+00
    543.000    536.678    -1.2001  27.690043    -1.1982  27.689997     5.9252     6.1039     0.7103    97.7033 1.0000e-12  -74.11678 -115.73144  53.334095      99.92 2.0676e+01    828.803      19892  1030.1205  1030.1186     4.6349     0.1247     0.1132    34.2219    34.2197    8.31334         27 0.0000e+00
    544.000    537.664    -1.1843  27.705665    -1.1821  27.705591     5.9140     6.0822     0.3110    97.7994 1.0000e-12  -74.11678 -115.73144  53.334108      99.92 1.6998e+01    829.902      19919  1030.1267  1030.1245     4.6395     0.1329     0.1125    34.2246    34.2220    8.30966         26 0.0000e+00
    545.000    538.653    -1.1704  27.718830    -1.1681  27.718999     5.8938     6.0702     0.3991    97.8224 1.0000e-12  -74.11678 -115.73144  53.334120      99.91 1.6347e+01    830.968      19944  1030.1321  1030.1301     4.6405     0.1286     0.1130    34.2261    34.2237    8.30648         26 0.0000e+00
    546.000    539.638    -1.1554  27.733041    -1.1532  27.733182     5.8761     6.0478     0.4164    97.5104 1.0000e-12  -74.11678 -115.73144  53.334133      79.82 2.1091e+01    832.063      19971  1030.1376  1030.1357     4.6258     0.1340     0.1130    34.2279    34.2256    8.30306         26 0.0000e+00
    547.000    540.627    -1.1381  27.749839    -1.1359  27.749768     5.8735     6.0428     0.4100    97.9517 1.0000e-12  -74.11678 -115.73144  53.334145      90.32 1.7763e+01    833.169      19997  1030.1437  1030.1414     4.6467     0.1179     0.1087    34.2306    34.2279    8.29908         26 0.0000e+00
    548.000    541.612    -1.1314  27.756348    -1.1311  27.754593     5.8651     6.0358     0.3206    97.8124 1.0000e-12  -74.11678 -115.73144  53.334158      99.84 1.6138e+01    834.243      20023  1030.1488  1030.1467     4.6401     0.1987     0.1143    34.2311    34.2285    8.29755         27 0.0000e+00
    549.000    542.601    -1.1266  27.760599    -1.1248  27.760659     5.8667     6.0340     0.3147    97.9282 1.0000e-12  -74.11678 -115.73144  53.334171      99.92 1.9857e+01    835.332      20049  1030.1535  1030.1518     4.6456     0.1591     0.1154    34.2309    34.2290    8.29650         26 0.0000e+00
    550.000    543.587    -1.1247  27.763132    -1.1226  27.763181     5.8582     6.0199     0.3494    97.7368 1.0000e-12  -74.11678 -115.73144  53.334183      99.92 1.7893e+01    836.441      20076  1030.1590  1030.1571     4.6365     0.1280     0.1125    34.2316    34.2293    8.29604         26 0.0000e+00
    551.000    544.575    -1.1129  27.774906    -1.1105  27.775256     5.8439     6.0063     0.3101    97.8859 1.0000e-12  -74.11678 -115.73144  53.334196      99.92 1.5882e+01    837.513      20101  1030.1649  1030.1629     4.6435     0.1241     0.1129    34.2337    34.2314    8.29332         26 0.0000e+00
    552.000    545.561    -1.0999  27.788082    -1.0965  27.789132     5.8344     5.9966     0.2876    97.8187 1.0000e-12  -74.11678 -115.73144  53.334208      99.92 1.9678e+01    838.589      20127  1030.1709  1030.1688     4.6404     0.1376     0.1152    34.2362    34.2339    8.29028         26 0.0000e+00
    553.000    546.548    -1.0853  27.801973    -1.0831  27.802208     5.8152     5.9764     0.4596    97.9261 1.0000e-12  -74.11678 -115.73144  53.334221      99.92 1.9056e+01    839.682      20153  1030.1763  1030.1744     4.6455     0.1224     0.1118    34.2380    34.2357    8.28696         26 0.0000e+00
    554.000    547.535    -1.0776  27.810132    -1.0755  27.810069     5.7869     5.9547     0.3051    97.9304 1.0000e-12  -74.11678 -115.73144  53.334233      99.91 1.6318e+01    840.739      20179  1030.1822  1030.1801     4.6456     0.2274     0.1138    34.2398    34.2373    8.28516         25 0.0000e+00
    555.000    548.523    -1.0527  27.834396    -1.0506  27.834135     5.7739     5.9406     0.6600    97.7583 1.0000e-12  -74.11678 -115.73144  53.334245      99.90 1.8352e+01    841.801      20204  1030.1886  1030.1863     4.6375     0.2853     0.1601    34.2439    34.2411    8.27942         26 0.0000e+00
    556.000    549.509    -1.0321  27.853872    -1.0308  27.853118     5.7608     5.9299     0.9418    97.8849 1.0000e-12  -74.11678 -115.73144  53.334258      99.92 1.9661e+01    842.894      20230  1030.1941  1030.1920     4.6435     0.1538     0.1117    34.2464    34.2438    8.27473         26 0.0000e+00
    557.000    550.496    -1.0249  27.861275    -1.0230  27.860834     5.7343     5.9056     0.4955    97.8191 1.0000e-12  -74.11678 -115.73144  53.334270      99.92 1.5862e+01    843.959      20256  1030.1996  1030.1973     4.6404     0.1369     0.1122    34.2476    34.2449    8.27306         25 0.0000e+00
    558.000    551.483    -1.0043  27.881259    -1.0018  27.881168     5.7136     5.8771     0.4008    97.9583 1.0000e-12  -74.11678 -115.73144  53.334283      99.61 1.7290e+01    845.021      20281  1030.2057  1030.2031     4.6469     0.1438     0.1152    34.2508    34.2479    8.26835         26 0.0000e+00
    559.000    552.470    -0.9740  27.909976    -0.9714  27.910068     5.6935     5.8648     0.3685    97.8217 1.0000e-12  -74.11678 -115.73144  53.334295      87.94 2.0295e+01    846.112      20308  1030.2116  1030.2091     4.6405     0.1400     0.1134    34.2549    34.2520    8.26145         26 0.0000e+00
    560.000    553.458    -0.9610  27.921955    -0.9588  27.922001     5.6798     5.8456     0.3313    97.9016 1.0000e-12  -74.11678 -115.73144  53.334308      96.58 1.5948e+01    847.184      20333  1030.2164  1030.2143     4.6443     0.1436     0.1135    34.2558    34.2533    8.25854         26 0.0000e+00
    561.000    554.444    -0.9492  27.933246    -0.9473  27.933081     5.6586     5.8265     0.3276    97.8547 1.0000e-12  -74.11678 -115.73144  53.334320      99.89 1.6914e+01    848.239      20359  1030.2217  1030.2197     4.6420     0.1306     0.1098    34.2571    34.2547    8.25587         25 0.0000e+00
    562.000    555.431    -0.9279  27.954760    -0.9260  27.953831     5.6399     5.8011     0.5135    97.9146 1.0000e-12  -74.11678 -115.73144  53.334333      99.92 2.0436e+01    849.333      20385  1030.2287  1030.2258     4.6449     0.1380     0.1122    34.2615    34.2581    8.25094         27 0.0000e+00
    563.000    556.419    -0.9019  27.979193    -0.8993  27.979296     5.6151     5.7723     0.4504    98.0055 1.0000e-12  -74.11678 -115.73144  53.334345      99.93 1.5942e+01    850.415      20411  1030.2342  1030.2318     4.6492     0.1385     0.1124    34.2645    34.2618    8.24506         25 0.0000e+00
    564.000    557.404    -0.8772  28.003863    -0.8746  28.003686     5.5900     5.7524     0.6424    97.8905 1.0000e-12  -74.11678 -115.73144  53.334357      99.92 1.6812e+01    851.475      20436  1030.2412  1030.2385     4.6438     0.1347     0.1154    34.2694    34.2663    8.23937         26 0.0000e+00
    565.000    558.392    -0.8538  28.025940    -0.8517  28.025785     5.5757     5.7378     0.4983    97.9079 1.0000e-12  -74.11678 -115.73144  53.334370      99.92 2.0688e+01    852.565      20463  1030.2468  1030.2445     4.6446     0.1281     0.1123    34.2722    34.2695    8.23410         26 0.0000e+00
    566.000    559.380    -0.8401  28.039273    -0.8382  28.038827     5.5660     5.7281     0.4328    97.8079 1.0000e-12  -74.11678 -115.73144  53.334382      99.92 1.5937e+01    853.645      20488  1030.2525  1030.2502     4.6399     0.1351     0.1131    34.2741    34.2714    8.23100         26 0.0000e+00
    567.000    560.365    -0.8345  28.044931    -0.8323  28.044924     5.5681     5.7255     0.5044    97.9281 1.0000e-12  -74.11678 -115.73144  53.334395      99.92 1.6564e+01    854.697      20514  1030.2577  1030.2556     4.6456     0.1289     0.1109    34.2748    34.2723    8.22972         25 0.0000e+00
    568.000    561.353    -0.8312  28.048320    -0.8290  28.048378     5.5629     5.7271     0.5523    97.7898 1.0000e-12  -74.11678 -115.73144  53.334407      99.92 2.0510e+01    855.780      20540  1030.2629  1030.2608     4.6390     0.1371     0.1101    34.2750    34.2726    8.22899         26 0.0000e+00
    569.000    562.339    -0.8248  28.055144    -0.8227  28.054776     5.5440     5.7101     0.5581    97.7024 1.0000e-12  -74.11678 -115.73144  53.334420      99.92 1.5911e+01    856.860      20566  1030.2685  1030.2662     4.6349     0.1252     0.1127    34.2764    34.2736    8.22751         26 0.0000e+00
    570.000    563.329    -0.8117  28.068194    -0.8104  28.067209     5.5279     5.6867     0.5561    97.9382 1.0000e-12  -74.11678 -115.73144  53.334432      90.44 1.6282e+01    857.896      20591  1030.2744  1030.2720     4.6459     0.1310     0.1099    34.2786    34.2758    8.22453         25 0.0000e+00
