ocean_section_plots/required_files/ctd/dnbp2202_ctd126.cnv
* Sea-Bird SBE 9 Data File:
* FileName = D:\Data\raw\NBP2202_CTD126.hex
* Software Version Seasave V 7.26.7.121
* Temperature SN = 1649
* Conductivity SN = 2513
* Number of Bytes Per Scan = 40
* Number of Voltage Words = 5
* Number of Scans Averaged by the Deck Unit = 1
* NMEA Latitude = 74 10.52 S
* NMEA Longitude = 113 20.65 W
* NMEA UTC (Time) = Jan 27 2022  13:06:03
* NMEA baud rate = 9600
** Ship: RVIB N.B. Palmer
** Cruise: NBP2202 Thwaites
** Station: YoYo001
** Operator: B. Bjork
# nquan = 25
# nvalues = 610                         
# units = specified
# name 0 = prDM: Pressure, Digiquartz [db]
# name 1 = depSM: Depth [salt water, m]
# name 2 = t090C: Temperature [ITS-90, deg C]
# name 3 = c0mS/cm: Conductivity [mS/cm]
# name 4 = t190C: Temperature, 2 [ITS-90, deg C]
# name 5 = c1mS/cm: Conductivity, 2 [mS/cm]
# name 6 = sbeox0ML/L: Oxygen, SBE 43 [ml/l]
# name 7 = sbeox1ML/L: Oxygen, SBE 43, 2 [ml/l]
# name 8 = flECO-AFL: Fluorescence, WET Labs ECO-AFL/FL [mg/m^3]
# name 9 = CStarTr0: Beam Transmission, WET Labs C-Star [%]
# name 10 = par: PAR/Irradiance, Biospherical/Licor
# name 11 = latitude: Latitude [deg]
# name 12 = longitude: Longitude [deg]
# name 13 = timeJ: Julian Days
# name 14 = altM: Altimeter [m]
# name 15 = spar: SPAR, Biospherical/Licor
# name 16 = timeS: Time, Elapsed [seconds]
# name 17 = scan: Scan Count
# name 18 = density00: Density [density, kg/m^3]
# name 19 = density11: Density, 2 [density, kg/m^3]
# name 20 = sal00: Salinity, Practical [PSU]
# name 21 = sal11: Salinity, Practical, 2 [PSU]
# name 22 = oxsolML/L: Oxygen Saturation, Garcia & Gordon [ml/l]
# name 23 = nbin: number of scans per bin
# name 24 = flag: flag
# span 0 =     10.000,    619.000       
# span 1 =      9.897,    611.671       
# span 2 =    -1.4317,     0.0731       
# span 3 =  27.001458,  28.908612       
# span 4 =    -1.4304,     0.0751       
# span 5 =  27.001011,  28.908441       
# span 6 =     4.6830,     7.9229       
# span 7 =     4.7325,     7.9443       
# span 8 =    -0.0224,    24.2464       
# span 9 =    71.6524,    95.6401       
# span 10 = -4.689e-06, 4.5136e+00      
# span 11 =  -74.17536,  -74.17536      
# span 12 = -113.34430, -113.34426      
# span 13 =  27.546279,  27.554746      
# span 14 =       3.59,     107.31      
# span 15 = 1.7981e+02, 2.5738e+02      
# span 16 =     35.530,    767.082      
# span 17 =        854,      18411      
# span 18 =  1027.2308,  1030.5296      
# span 19 =  1027.2300,  1030.5273      
# span 20 =    33.7959,    34.3762      
# span 21 =    33.7945,    34.3738      
# span 22 =    8.02989,    8.38431      
# span 23 =          6,         45      
# span 24 = 0.0000e+00, 0.0000e+00      
# interval = decibars: 1                
# start_time = Jan 27 2022 13:06:03 [NMEA time, header]
# bad_flag = -9.990e-29
*END*
[from data line 174]
    184.000    182.014    -1.2306  27.332017    -1.2267  27.333538     5.5119     5.5741    -0.0087    95.5923 1.0000e-12  -74.17536 -113.34430  27.548546      99.86 1.9876e+02    231.342       5553  1028.2228  1028.2208    33.9872    33.9849    8.33397         23 0.0000e+00
    185.000    183.004    -1.2259  27.336725    -1.2156  27.343874     5.5069     5.5695    -0.0151    95.5913 1.0000e-12  -74.17536 -113.34428  27.548557      88.13 1.9922e+02    232.303       5576  1028.2278  1028.2257    33.9876    33.9858    8.33289         23 0.0000e+00
    186.000    183.992    -1.2196  27.342968    -1.2189  27.341557     5.5098     5.5709    -0.0147    95.6037 1.0000e-12  -74.17536 -113.34430  27.548568      99.43 1.9897e+02    233.258       5599  1028.2330  1028.2308    33.9885    33.9857    8.33145         23 0.0000e+00
    187.000    184.981    -1.2199  27.343024    -1.2187  27.342348     5.5265     5.5845    -0.0211    95.5778 1.0000e-12  -74.17536 -113.34428  27.548579      99.87 1.9921e+02    234.210       5622  1028.2377  1028.2359    33.9882    33.9860    8.33152         23 0.0000e+00
    188.000    185.970    -1.2263  27.337637    -1.2197  27.341895     5.5441     5.6110    -0.0115    95.5778 1.0000e-12  -74.17536 -113.34430  27.548590      99.87 1.9921e+02    235.166       5645  1028.2425  1028.2407    33.9875    33.9859    8.33299         23 0.0000e+00
    189.000    186.958    -1.2333  27.332530    -1.2308  27.333213     5.5617     5.6251    -0.0118    95.5442 1.0000e-12  -74.17536 -113.34428  27.548601      99.87 1.9921e+02    236.125       5668  1028.2480  1028.2465    33.9878    33.9860    8.33453         23 0.0000e+00
    190.000    187.947    -1.2444  27.324584    -1.2420  27.324955     5.5651     5.6376    -0.0118    95.5531 1.0000e-12  -74.17536 -113.34430  27.548612      99.86 1.9921e+02    237.077       5691  1028.2544  1028.2526    33.9889    33.9867    8.33694         23 0.0000e+00
    191.000    188.937    -1.2454  27.324710    -1.2448  27.323703     5.5711     5.6454    -0.0074    95.5914 1.0000e-12  -74.17536 -113.34428  27.548623      99.86 2.0005e+02    238.044       5714  1028.2599  1028.2582    33.9896    33.9875    8.33713         23 0.0000e+00
    192.000    189.923    -1.2454  27.325959    -1.2438  27.325555     5.5717     5.6375    -0.0067    95.5924 1.0000e-12  -74.17536 -113.34428  27.548634      99.86 1.9921e+02    239.003       5737  1028.2656  1028.2636    33.9907    33.9884    8.33707         23 0.0000e+00
    193.000    190.914    -1.2431  27.329061    -1.2414  27.328819     5.5648     5.6317    -0.0004    95.5947 1.0000e-12  -74.17536 -113.34428  27.548645      99.87 1.9977e+02    239.945       5760  1028.2710  1028.2691    33.9917    33.9894    8.33649         22 0.0000e+00
    194.000    191.903    -1.2300  27.343535    -1.2301  27.341272     5.5541     5.6204    -0.0146    95.5878 1.0000e-12  -74.17536 -113.34428  27.548656      99.86 2.0075e+02    240.888       5782  1028.2784  1028.2761    33.9960    33.9930    8.33331         23 0.0000e+00
    195.000    192.889    -1.2194  27.353875    -1.2172  27.353762     5.5462     5.6056    -0.0150    95.5957 1.0000e-12  -74.17536 -113.34428  27.548667      99.86 2.0089e+02    241.833       5805  1028.2838  1028.2816    33.9976    33.9949    8.33086         23 0.0000e+00
    196.000    193.880    -1.2134  27.359785    -1.2122  27.358991     5.5354     5.5986    -0.0150    95.6001 1.0000e-12  -74.17536 -113.34428  27.548678      99.86 2.0097e+02    242.776       5828  1028.2888  1028.2868    33.9982    33.9958    8.32948         23 0.0000e+00
    197.000    194.868    -1.2120  27.361488    -1.2105  27.361110     5.5317     5.5938    -0.0150    95.5971 1.0000e-12  -74.17536 -113.34428  27.548689      99.86 2.0097e+02    243.728       5850  1028.2937  1028.2918    33.9984    33.9961    8.32917         22 0.0000e+00
    198.000    195.858    -1.2112  27.363037    -1.2091  27.362829     5.5324     5.6021    -0.0127    95.6059 1.0000e-12  -74.17536 -113.34428  27.548700      99.87 2.0097e+02    244.681       5873  1028.2989  1028.2967    33.9989    33.9963    8.32895         23 0.0000e+00
    199.000    196.846    -1.2102  27.364251    -1.2084  27.363972     5.5228     5.6012    -0.0106    95.6069 1.0000e-12  -74.17536 -113.34428  27.548711      99.59 2.0097e+02    245.626       5896  1028.3037  1028.3017    33.9989    33.9965    8.32873         23 0.0000e+00
    200.000    197.835    -1.2091  27.365795    -1.2075  27.365275     5.4946     5.5761    -0.0207    95.6047 1.0000e-12  -74.17536 -113.34428  27.548722      99.59 2.0097e+02    246.571       5919  1028.3087  1028.3066    33.9991    33.9966    8.32847         23 0.0000e+00
    201.000    198.823    -1.2007  27.374072    -1.1997  27.373112     5.4757     5.5522     0.0082    95.5982 1.0000e-12  -74.17536 -113.34428  27.548733      99.86 2.0097e+02    247.519       5941  1028.3140  1028.3119    34.0003    33.9978    8.32653         22 0.0000e+00
    202.000    199.811    -1.1695  27.404861    -1.1658  27.405012     5.4665     5.5410    -0.0120    95.6002 1.0000e-12  -74.17536 -113.34428  27.548744      99.87 2.0097e+02    248.465       5964  1028.3216  1028.3183    34.0065    34.0025    8.31924         23 0.0000e+00
    203.000    200.801    -1.1608  27.412313    -1.1588  27.412238     5.4614     5.5341    -0.0096    95.5857 1.0000e-12  -74.17536 -113.34428  27.548755      99.87 2.0097e+02    249.415       5987  1028.3258  1028.3238    34.0062    34.0039    8.31732         23 0.0000e+00
    204.000    201.788    -1.1602  27.413814    -1.1582  27.413594     5.4543     5.5251    -0.0163    95.5801 1.0000e-12  -74.17536 -113.34428  27.548766      99.86 2.0112e+02    250.373       6010  1028.3314  1028.3293    34.0069    34.0044    8.31714         23 0.0000e+00
    205.000    202.779    -1.1517  27.422422    -1.1489  27.422858     5.4473     5.5159    -0.0157    95.5690 1.0000e-12  -74.17536 -113.34428  27.548777      99.86 2.0135e+02    251.322       6033  1028.3370  1028.3347    34.0085    34.0058    8.31516         23 0.0000e+00
    206.000    203.766    -1.1494  27.424637    -1.1417  27.429840     5.4398     5.5064    -0.0100    95.5809 1.0000e-12  -74.17536 -113.34428  27.548788      99.86 2.0270e+02    252.274       6056  1028.3416  1028.3398    34.0083    34.0067    8.31467         23 0.0000e+00
    207.000    204.755    -1.1444  27.429861    -1.1406  27.431291     5.4302     5.4976    -0.0136    95.5812 1.0000e-12  -74.17536 -113.34428  27.548799      99.86 2.0243e+02    253.223       6078  1028.3469  1028.3449    34.0092    34.0068    8.31350         23 0.0000e+00
    208.000    205.744    -1.1369  27.436982    -1.1360  27.435769     5.4319     5.5051    -0.0078    95.5703 1.0000e-12  -74.17536 -113.34428  27.548810      99.87 2.0273e+02    254.174       6101  1028.3518  1028.3497    34.0097    34.0071    8.31179         22 0.0000e+00
    209.000    206.733    -1.1363  27.437853    -1.1328  27.439141     5.4119     5.4887    -0.0004    95.5498 1.0000e-12  -74.17536 -113.34428  27.548821      99.86 2.0273e+02    255.126       6124  1028.3567  1028.3547    34.0096    34.0074    8.31168         23 0.0000e+00
    210.000    207.721    -1.1367  27.437737    -1.1355  27.437051     5.3537     5.4387    -0.0123    95.5510 1.0000e-12  -74.17536 -113.34428  27.548832      99.86 2.0273e+02    256.093       6147  1028.3614  1028.3595    34.0093    34.0070    8.31178         23 0.0000e+00
    211.000    208.710    -1.1159  27.459082    -1.1125  27.458399     5.3019     5.3854    -0.0150    95.4944 1.0000e-12  -74.17536 -113.34428  27.548843      99.87 2.0273e+02    257.051       6170  1028.3688  1028.3648    34.0143    34.0095    8.30687         23 0.0000e+00
    212.000    209.699    -1.0533  27.515987    -1.0498  27.515966     5.2727     5.3547    -0.0150    95.5670 1.0000e-12  -74.17536 -113.34428  27.548854      89.09 2.0312e+02    258.005       6193  1028.3745  1028.3711    34.0204    34.0165    8.29265         23 0.0000e+00
    213.000    210.686    -1.0371  27.530762    -1.0341  27.531064     5.2690     5.3444    -0.0118    95.5520 1.0000e-12  -74.17536 -113.34428  27.548865      86.10 2.0411e+02    258.962       6216  1028.3795  1028.3769    34.0217    34.0187    8.28901         23 0.0000e+00
    214.000    211.675    -1.0266  27.540762    -1.0242  27.540672     5.2629     5.3347    -0.0109    95.5443 1.0000e-12  -74.17536 -113.34428  27.548876      73.47 2.0311e+02    259.915       6239  1028.3848  1028.3824    34.0228    34.0199    8.28662         23 0.0000e+00
    215.000    212.665    -1.0244  27.543405    -1.0227  27.542834     5.2621     5.3259    -0.0222    95.5354 1.0000e-12  -74.17536 -113.34428  27.548887      72.12 2.0372e+02    260.861       6262  1028.3902  1028.3880    34.0233    34.0206    8.28611         23 0.0000e+00
    216.000    213.652    -1.0201  27.548253    -1.0180  27.547758     5.2627     5.3270    -0.0221    95.5253 1.0000e-12  -74.17536 -113.34428  27.548898      99.49 2.0440e+02    261.820       6285  1028.3959  1028.3934    34.0244    34.0214    8.28508         23 0.0000e+00
    217.000    214.642    -1.0155  27.552769    -1.0136  27.552485     5.2648     5.3278    -0.0078    95.5219 1.0000e-12  -74.17536 -113.34428  27.548910      99.86 2.0449e+02    262.786       6308  1028.4010  1028.3989    34.0248    34.0223    8.28406         23 0.0000e+00
    218.000    215.629    -1.0158  27.553472    -1.0146  27.552692     5.2725     5.3401    -0.0137    95.4919 1.0000e-12  -74.17536 -113.34428  27.548921      99.86 2.0449e+02    263.741       6331  1028.4066  1028.4046    34.0254    34.0230    8.28407         23 0.0000e+00
    219.000    216.620    -1.0190  27.551583    -1.0172  27.551111     5.2736     5.3395    -0.0096    95.4927 1.0000e-12  -74.17536 -113.34428  27.548932      99.86 2.0449e+02    264.699       6354  1028.4121  1028.4100    34.0258    34.0232    8.28475         23 0.0000e+00
    220.000    217.608    -1.0200  27.551095    -1.0183  27.550777     5.2599     5.3295    -0.0114    95.4846 1.0000e-12  -74.17536 -113.34428  27.548943      99.87 2.0449e+02    265.652       6377  1028.4171  1028.4151    34.0257    34.0233    8.28499         22 0.0000e+00
    221.000    218.595    -1.0192  27.552529    -1.0164  27.552897     5.2481     5.3144    -0.0122    95.4883 1.0000e-12  -74.17536 -113.34428  27.548954      99.86 2.0465e+02    266.597       6399  1028.4224  1028.4201    34.0262    34.0235    8.28480         23 0.0000e+00
    222.000    219.584    -1.0044  27.566774    -1.0016  27.566779     5.2319     5.3018    -0.0073    95.4792 1.0000e-12  -74.17536 -113.34428  27.548965      99.86 2.0573e+02    267.551       6422  1028.4279  1028.4252    34.0281    34.0250    8.28140         23 0.0000e+00
    223.000    220.573    -0.9918  27.578591    -0.9900  27.577892     5.2265     5.2941    -0.0080    95.4793 1.0000e-12  -74.17536 -113.34428  27.548976      99.86 2.0549e+02    268.506       6445  1028.4330  1028.4305    34.0294    34.0264    8.27855         23 0.0000e+00
    224.000    221.561    -0.9888  27.581624    -0.9869  27.581237     5.2262     5.2903    -0.0147    95.4748 1.0000e-12  -74.17536 -113.34428  27.548987      99.87 2.0541e+02    269.455       6468  1028.4378  1028.4356    34.0295    34.0269    8.27788         23 0.0000e+00
    225.000    222.550    -0.9855  27.585196    -0.9837  27.584654     5.2189     5.2959    -0.0075    95.4748 1.0000e-12  -74.17536 -113.34428  27.548998      94.57 2.0625e+02    270.404       6491  1028.4430  1028.4407    34.0300    34.0273    8.27713         23 0.0000e+00
    226.000    223.540    -0.9843  27.587180    -0.9824  27.586811     5.2275     5.2976    -0.0130    95.4626 1.0000e-12  -74.17536 -113.34428  27.549009      81.34 2.0626e+02    271.364       6514  1028.4484  1028.4462    34.0308    34.0282    8.27682         23 0.0000e+00
    227.000    224.526    -0.9843  27.588460    -0.9826  27.587982     5.2483     5.3082    -0.0097    95.4718 1.0000e-12  -74.17536 -113.34428  27.549020      91.58 2.0626e+02    272.308       6536  1028.4542  1028.4521    34.0319    34.0293    8.27675         22 0.0000e+00
    228.000    225.516    -0.9850  27.589043    -0.9835  27.588444     5.2562     5.3109    -0.0064    95.4692 1.0000e-12  -74.17536 -113.34428  27.549031      96.27 2.0626e+02    273.256       6559  1028.4600  1028.4579    34.0328    34.0304    8.27685         23 0.0000e+00
    229.000    226.504    -0.9876  27.588064    -0.9859  27.587574     5.2623     5.3140    -0.0087    95.4636 1.0000e-12  -74.17536 -113.34428  27.549042      99.88 2.0626e+02    274.213       6582  1028.4659  1028.4637    34.0339    34.0312    8.27737         23 0.0000e+00
    230.000    227.493    -0.9877  27.589026    -0.9859  27.588545     5.2628     5.3159    -0.0131    95.4558 1.0000e-12  -74.17536 -113.34428  27.549053      99.86 2.0626e+02    275.162       6605  1028.4714  1028.4692    34.0347    34.0320    8.27734         23 0.0000e+00
    231.000    228.482    -0.9873  27.590489    -0.9855  27.589981     5.2785     5.3232    -0.0067    95.4519 1.0000e-12  -74.17536 -113.34428  27.549064      99.87 2.0626e+02    276.110       6628  1028.4770  1028.4748    34.0356    34.0329    8.27720         22 0.0000e+00
    232.000    229.471    -0.9889  27.590203    -0.9873  27.589919     5.2835     5.3420    -0.0216    95.4583 1.0000e-12  -74.17536 -113.34428  27.549075      99.86 2.0626e+02    277.068       6651  1028.4827  1028.4808    34.0364    34.0342    8.27751         24 0.0000e+00
    233.000    230.457    -0.9930  27.587574    -0.9911  27.587506     5.2885     5.3462    -0.0224    95.4613 1.0000e-12  -74.17536 -113.34428  27.549086      99.86 2.0626e+02    278.019       6673  1028.4881  1028.4862    34.0368    34.0345    8.27838         23 0.0000e+00
    234.000    231.447    -0.9992  27.582901    -0.9978  27.582274     5.2868     5.3421    -0.0158    95.4559 1.0000e-12  -74.17536 -113.34428  27.549097      99.86 2.0626e+02    278.974       6696  1028.4934  1028.4914    34.0369    34.0345    8.27975         23 0.0000e+00
    235.000    232.436    -0.9983  27.585495    -0.9950  27.586107     5.2894     5.3499    -0.0140    95.4589 1.0000e-12  -74.17536 -113.34428  27.549108      99.87 2.0626e+02    279.940       6720  1028.4997  1028.4971    34.0388    34.0358    8.27944         22 0.0000e+00
    236.000    233.426    -0.9866  27.596028    -0.9874  27.593393     5.2996     5.3585    -0.0134    95.4591 1.0000e-12  -74.17536 -113.34428  27.549119      99.86 2.0626e+02    280.899       6743  1028.5040  1028.5020    34.0393    34.0366    8.27684         23 0.0000e+00
    237.000    234.412    -0.9910  27.593524    -0.9910  27.591946     5.3136     5.3743    -0.0170    95.4512 1.0000e-12  -74.17536 -113.34428  27.549130      99.86 2.0626e+02    281.852       6765  1028.5099  1028.5082    34.0402    34.0381    8.27774         23 0.0000e+00
    238.000    235.400    -1.0096  27.578910    -1.0075  27.578874     5.3247     5.3798    -0.0196    95.4627 1.0000e-12  -74.17536 -113.34428  27.549141      99.86 2.0626e+02    282.805       6788  1028.5165  1028.5144    34.0408    34.0383    8.28182         23 0.0000e+00
    239.000    236.390    -1.0073  27.581327    -1.0054  27.581158     5.3429     5.3950    -0.0065    95.4743 1.0000e-12  -74.17536 -113.34428  27.549152      99.86 2.0650e+02    283.745       6811  1028.5211  1028.5191    34.0408    34.0385    8.28130         22 0.0000e+00
    240.000    237.379    -1.0123  27.578223    -1.0106  27.577846     5.3473     5.4020    -0.0144    95.4872 1.0000e-12  -74.17536 -113.34428  27.549163      99.87 2.0733e+02    284.670       6833  1028.5268  1028.5249    34.0416    34.0392    8.28235         23 0.0000e+00
