ocean_section_plots/required_files/ctd/dnbp2202_ctd046.cnv
* Sea-Bird SBE 9 Data File:
* FileName = D:\Data\raw\NBP2202_CTD046.hex
* Software Version Seasave V 7.26.7.121
* Temperature SN = 1649
* Conductivity SN = 2513
* Number of Bytes Per Scan = 40
* Number of Voltage Words = 5
* Number of Scans Averaged by the Deck Unit = 1
* NMEA Latitude = 74 10.52 S
* NMEA Longitude = 113 10.44 W
* NMEA UTC (Time) = Jan 24 2022  00:27:04
* NMEA baud rate = 9600
** Ship: RVIB N.B. Palmer
** Cruise: NBP2202 Thwaites
** Station: Section Dotson C
** Operator: A. Robinson
# nquan = 25
# nvalues = 915                         
# units = specified
# name 0 = prDM: Pressure, Digiquartz [db]
# name 1 = depSM: Depth [salt water, m]
# name 2 = t090C: Temperature [ITS-90, deg C]
# name 3 = c0mS/cm: Conductivity [mS/cm]
# name 4 = t190C: Temperature, 2 [ITS-90, deg C]
# name 5 = c1mS/cm: Conductivity, 2 [mS/cm]
# name 6 = sbeox0ML/L: Oxygen, SBE 43 [ml/l]
# name 7 = sbeox1ML/L: Oxygen, SBE 43, 2 [ml/l]
# name 8 = flECO-AFL: Fluorescence, WET Labs ECO-AFL/FL [mg/m^3]
# name 9 = CStarTr0: Beam Transmission, WET Labs C-Star [%]
# name 10 = par: PAR/Irradiance, Biospherical/Licor
# name 11 = latitude: Latitude [deg]
# name 12 = longitude: Longitude [deg]
# name 13 = timeJ: Julian Days
# name 14 = altM: Altimeter [m]
# name 15 = spar: SPAR, Biospherical/Licor
# name 16 = timeS: Time, Elapsed [seconds]
# name 17 = scan: Scan Count
# name 18 = density00: Density [density, kg/m^3]
# name 19 = density11: Density, 2 [density, kg/m^3]
# name 20 = sal00: Salinity, Practical [PSU]
# name 21 = sal11: Salinity, Practical, 2 [PSU]
# name 22 = oxsolML/L: Oxygen Saturation, Garcia & Gordon [ml/l]
# name 23 = nbin: number of scans per bin
# name 24 = flag: flag
# span 0 =     10.000,    924.000       
# span 1 =      9.895,    912.398       
# span 2 =    -1.4959,     0.3417       
# span 3 =  26.979022,  29.346238       
# span 4 =    -1.4948,     0.3432       
# span 5 =  26.981034,  29.345633       
# span 6 =     4.6145,     9.2593       
# span 7 =     4.8639,     9.8131       
# span 8 =    -0.0207,    28.5847       
# span 9 =    67.3266,    96.3907       
# span 10 = -7.350e-05, 1.3664e+01      
# span 11 =  -74.17540,  -74.17538      
# span 12 = -113.17406, -113.17402      
# span 13 =  24.019160,  24.033061      
# span 14 =       8.41,     100.13      
# span 15 = 3.9303e+02, 5.1156e+02      
# span 16 =     31.431,   1232.492      
# span 17 =        755,      29581      
# span 18 =  1027.2304,  1032.0166      
# span 19 =  1027.2289,  1032.0142      
# span 20 =    33.8013,    34.4753      
# span 21 =    33.8011,    34.4729      
# span 22 =    7.96848,    8.39763      
# span 23 =          3,         47      
# span 24 = 0.0000e+00, 0.0000e+00      
# interval = decibars: 1                
# start_time = Jan 24 2022 00:27:04 [NMEA time, header]
# bad_flag = -9.990e-29
*END*
[from data line 116]
    126.000    124.659    -1.3423  27.137699    -1.3415  27.137255     6.6875     7.0498     3.1290    89.9426 1.0000e-12  -74.17540 -113.17404  24.021455      99.78 5.0602e+02    229.704       5514  1027.8658  1027.8645    33.8831    33.8816    8.36511         29 0.0000e+00
    127.000    125.647    -1.3443  27.137714    -1.3436  27.137176     6.6590     7.0362     3.4292    90.3766 1.0000e-12  -74.17540 -113.17404  24.021468      99.85 5.0595e+02    230.862       5542  1027.8720  1027.8708    33.8848    33.8833    8.36546         27 0.0000e+00
    128.000    126.636    -1.3466  27.137388    -1.3458  27.136922     6.6550     7.0313     3.2042    90.1943 1.0000e-12  -74.17540 -113.17404  24.021482      99.83 5.0595e+02    232.039       5570  1027.8782  1027.8770    33.8864    33.8849    8.36589         29 0.0000e+00
    129.000    127.625    -1.3477  27.137521    -1.3470  27.137081     6.6445     7.0199     3.0912    90.1548 1.0000e-12  -74.17540 -113.17404  24.021496      99.80 5.0595e+02    233.223       5598  1027.8837  1027.8824    33.8872    33.8857    8.36609         28 0.0000e+00
    130.000    128.615    -1.3489  27.137715    -1.3481  27.137308     6.6227     6.9960     4.0647    90.5517 1.0000e-12  -74.17540 -113.17404  24.021509      99.85 5.0595e+02    234.412       5627  1027.8893  1027.8881    33.8881    33.8867    8.36629         28 0.0000e+00
    131.000    129.603    -1.3520  27.136904    -1.3513  27.136466     6.6030     6.9751     3.2263    90.3039 1.0000e-12  -74.17540 -113.17404  24.021523      99.85 5.0595e+02    235.588       5655  1027.8957  1027.8945    33.8900    33.8885    8.36689         29 0.0000e+00
    132.000    130.591    -1.3579  27.135067    -1.3571  27.134611     6.5953     6.9659     2.6319    90.2328 1.0000e-12  -74.17540 -113.17404  24.021536      99.84 5.0595e+02    236.755       5683  1027.9037  1027.9025    33.8935    33.8920    8.36799         28 0.0000e+00
    133.000    131.583    -1.3609  27.134342    -1.3600  27.133885     6.5914     6.9504     2.9613    90.5977 1.0000e-12  -74.17540 -113.17404  24.021550      99.84 5.0541e+02    237.925       5711  1027.9101  1027.9087    33.8952    33.8936    8.36856         28 0.0000e+00
    134.000    132.568    -1.3645  27.133042    -1.3637  27.132649     6.5626     6.9210     3.2028    89.8324 1.0000e-12  -74.17540 -113.17404  24.021564      99.82 5.0582e+02    239.107       5740  1027.9164  1027.9151    33.8970    33.8955    8.36928         28 0.0000e+00
    135.000    133.560    -1.3672  27.133155    -1.3667  27.132566     6.5178     6.8922     2.7784    90.6334 1.0000e-12  -74.17540 -113.17404  24.021577      96.39 5.0512e+02    240.281       5768  1027.9233  1027.9222    33.8995    33.8981    8.36972         28 0.0000e+00
    136.000    134.549    -1.3693  27.133239    -1.3695  27.132194     6.5047     6.8752     2.7664    90.6328 1.0000e-12  -74.17540 -113.17404  24.021591      99.85 5.0514e+02    241.447       5796  1027.9297  1027.9288    33.9014    33.9002    8.37008         28 0.0000e+00
    137.000    135.537    -1.3721  27.132061    -1.3715  27.131415     6.4871     6.8576     3.1594    90.7393 1.0000e-12  -74.17540 -113.17404  24.021604      99.83 5.0596e+02    242.623       5824  1027.9354  1027.9341    33.9023    33.9007    8.37066         28 0.0000e+00
    138.000    136.526    -1.3764  27.130269    -1.3756  27.129756     6.4659     6.8343     2.9893    90.0425 1.0000e-12  -74.17540 -113.17404  24.021618      99.85 5.0595e+02    243.801       5852  1027.9418  1027.9406    33.9041    33.9025    8.37151         29 0.0000e+00
    139.000    137.515    -1.3798  27.128902    -1.3791  27.128420     6.4531     6.8127     2.5494    90.5844 1.0000e-12  -74.17540 -113.17404  24.021632      99.87 5.0595e+02    244.988       5881  1027.9479  1027.9466    33.9054    33.9040    8.37219         28 0.0000e+00
    140.000    138.503    -1.3871  27.124899    -1.3866  27.124369     6.4536     6.8026     2.3192    90.6988 1.0000e-12  -74.17540 -113.17404  24.021645      99.86 5.0595e+02    246.164       5909  1027.9549  1027.9538    33.9077    33.9064    8.37372         29 0.0000e+00
    141.000    139.494    -1.3949  27.121792    -1.3942  27.121355     6.4441     6.8099     2.5872    91.0962 1.0000e-12  -74.17540 -113.17404  24.021659      99.85 5.0595e+02    247.340       5937  1027.9632  1027.9620    33.9116    33.9101    8.37523         28 0.0000e+00
    142.000    140.482    -1.4023  27.119070    -1.4013  27.118723     6.4553     6.8184     2.0363    91.4052 1.0000e-12  -74.17540 -113.17404  24.021673      99.85 5.0595e+02    248.521       5965  1027.9716  1027.9703    33.9156    33.9140    8.37665         28 0.0000e+00
    143.000    141.472    -1.4042  27.118676    -1.4033  27.118220     6.4639     6.8198     2.7749    91.6335 1.0000e-12  -74.17540 -113.17404  24.021686      99.86 5.0595e+02    249.701       5994  1027.9772  1027.9759    33.9166    33.9150    8.37703         29 0.0000e+00
    144.000    142.460    -1.4050  27.118706    -1.4041  27.118239     6.4591     6.8157     1.6694    91.4953 1.0000e-12  -74.17540 -113.17404  24.021700      99.88 5.0595e+02    250.889       6022  1027.9822  1027.9808    33.9169    33.9152    8.37718         28 0.0000e+00
    145.000    143.448    -1.4052  27.118962    -1.4044  27.118550     6.4621     6.8110     1.3611    91.5650 1.0000e-12  -74.17540 -113.17404  24.021714      99.87 5.0595e+02    252.087       6051  1027.9869  1027.9856    33.9169    33.9153    8.37724         29 0.0000e+00
    146.000    144.438    -1.4059  27.119093    -1.4051  27.118591     6.4579     6.8113     1.6445    91.5958 1.0000e-12  -74.17540 -113.17404  24.021728      90.24 5.0595e+02    253.289       6080  1027.9919  1027.9906    33.9172    33.9157    8.37736         29 0.0000e+00
    147.000    145.426    -1.4080  27.119156    -1.4071  27.118595     6.4286     6.7869     1.6871    92.2494 1.0000e-12  -74.17540 -113.17404  24.021742      99.76 5.0699e+02    254.485       6109  1027.9983  1027.9968    33.9191    33.9173    8.37773         29 0.0000e+00
    148.000    146.416    -1.4093  27.121759    -1.4086  27.121119     6.4016     6.7568     1.7118    92.1265 1.0000e-12  -74.17540 -113.17404  24.021756      99.88 5.0627e+02    255.685       6137  1028.0067  1028.0053    33.9235    33.9219    8.37775         28 0.0000e+00
    149.000    147.405    -1.4050  27.127042    -1.4043  27.126225     6.3669     6.7273     1.9416    92.2107 1.0000e-12  -74.17540 -113.17405  24.021769      99.88 5.0625e+02    256.881       6166  1028.0125  1028.0110    33.9252    33.9234    8.37668         29 0.0000e+00
    150.000    148.393    -1.4031  27.129368    -1.4022  27.128964     6.3537     6.6995     1.6234    92.8828 1.0000e-12  -74.17540 -113.17404  24.021783      99.87 5.0752e+02    258.091       6195  1028.0176  1028.0163    33.9257    33.9241    8.37624         30 0.0000e+00
    151.000    149.383    -1.4013  27.131831    -1.4004  27.131390     6.3219     6.6820     1.5763    93.1089 1.0000e-12  -74.17540 -113.17406  24.021798      99.88 5.0658e+02    259.309       6224  1028.0228  1028.0214    33.9264    33.9247    8.37578         29 0.0000e+00
    152.000    150.371    -1.4000  27.134190    -1.3991  27.133735     6.3205     6.6770     1.6545    92.8795 1.0000e-12  -74.17540 -113.17405  24.021812      99.89 5.0652e+02    260.516       6253  1028.0284  1028.0270    33.9276    33.9259    8.37543         28 0.0000e+00
    153.000    151.361    -1.3990  27.135982    -1.3982  27.135604     6.3157     6.6708     1.2520    92.5824 1.0000e-12  -74.17540 -113.17405  24.021825      99.88 5.0708e+02    261.684       6281  1028.0338  1028.0325    33.9283    33.9268    8.37517         28 0.0000e+00
    154.000    152.349    -1.3987  27.137242    -1.3979  27.136640     6.3058     6.6700     1.3039    92.7324 1.0000e-12  -74.17540 -113.17405  24.021838      99.88 5.0722e+02    262.827       6309  1028.0392  1028.0377    33.9291    33.9273    8.37505         27 0.0000e+00
    155.000    153.338    -1.3985  27.138244    -1.3975  27.137857     6.3556     6.6868     1.6122    93.3714 1.0000e-12  -74.17540 -113.17406  24.021852      99.88 5.0771e+02    264.000       6337  1028.0443  1028.0429    33.9295    33.9279    8.37496         29 0.0000e+00
    156.000    154.327    -1.3994  27.138820    -1.3985  27.138352     6.3665     6.7175     1.3349    93.2678 1.0000e-12  -74.17540 -113.17406  24.021866      99.89 5.0771e+02    265.208       6366  1028.0502  1028.0488    33.9308    33.9291    8.37510         29 0.0000e+00
    157.000    155.316    -1.4069  27.135810    -1.4062  27.135366     6.3677     6.7120     1.5319    93.3846 1.0000e-12  -74.17540 -113.17406  24.021880      99.66 5.0771e+02    266.413       6395  1028.0585  1028.0573    33.9346    33.9331    8.37657         29 0.0000e+00
    158.000    156.305    -1.4072  27.136734    -1.4064  27.136246     6.3642     6.7112     1.2252    93.4810 1.0000e-12  -74.17540 -113.17406  24.021894      99.89 5.0771e+02    267.619       6424  1028.0641  1028.0627    33.9355    33.9339    8.37657         27 0.0000e+00
    159.000    157.294    -1.4070  27.137424    -1.4062  27.136932     6.3430     6.6955     1.4114    93.3986 1.0000e-12  -74.17540 -113.17406  24.021908      99.87 5.0771e+02    268.829       6453  1028.0689  1028.0676    33.9356    33.9341    8.37653         29 0.0000e+00
    160.000    158.282    -1.4074  27.137955    -1.4066  27.137403     6.3416     6.6880     1.7978    93.6955 1.0000e-12  -74.17540 -113.17406  24.021922      99.89 5.0771e+02    270.026       6482  1028.0742  1028.0728    33.9362    33.9345    8.37658         29 0.0000e+00
    161.000    159.273    -1.4080  27.138467    -1.4073  27.137958     6.3290     6.6748     1.6880    93.8116 1.0000e-12  -74.17540 -113.17406  24.021935      99.88 5.0771e+02    271.216       6510  1028.0796  1028.0783    33.9369    33.9354    8.37666         28 0.0000e+00
    162.000    160.261    -1.4086  27.139157    -1.4078  27.138609     6.3141     6.6629     1.3096    93.6659 1.0000e-12  -74.17540 -113.17406  24.021949      99.89 5.0771e+02    272.421       6539  1028.0852  1028.0838    33.9379    33.9363    8.37674         29 0.0000e+00
    163.000    161.249    -1.4085  27.139944    -1.4076  27.139416     6.2982     6.6483     1.2157    93.7673 1.0000e-12  -74.17540 -113.17406  24.021963      99.89 5.0771e+02    273.643       6568  1028.0902  1028.0888    33.9382    33.9365    8.37669         30 0.0000e+00
    164.000    162.238    -1.4082  27.141346    -1.4073  27.140750     6.2958     6.6497     1.4560    93.6525 1.0000e-12  -74.17540 -113.17406  24.021977      99.89 5.0771e+02    274.848       6597  1028.0958  1028.0943    33.9392    33.9374    8.37657         28 0.0000e+00
    165.000    163.227    -1.4087  27.141687    -1.4079  27.141157     6.3004     6.6529     1.4532    93.5719 1.0000e-12  -74.17540 -113.17406  24.021991      99.90 5.0771e+02    276.034       6626  1028.1010  1028.0996    33.9397    33.9380    8.37667         28 0.0000e+00
    166.000    164.216    -1.4090  27.142121    -1.4083  27.141419     6.3091     6.6636     1.1766    93.7616 1.0000e-12  -74.17540 -113.17406  24.022005      99.89 5.0771e+02    277.215       6654  1028.1060  1028.1046    33.9400    33.9382    8.37671         29 0.0000e+00
    167.000    165.205    -1.4097  27.142164    -1.4090  27.141578     6.3348     6.6836     1.0820    93.8091 1.0000e-12  -74.17540 -113.17406  24.022019      99.63 5.0771e+02    278.408       6683  1028.1111  1028.1098    33.9402    33.9386    8.37686         29 0.0000e+00
    168.000    166.193    -1.4123  27.140661    -1.4115  27.140215     6.3778     6.7118     0.8910    94.0565 1.0000e-12  -74.17540 -113.17406  24.022033      99.54 5.0807e+02    279.613       6712  1028.1162  1028.1149    33.9405    33.9389    8.37743         29 0.0000e+00
    169.000    167.182    -1.4159  27.138582    -1.4153  27.138088     6.3940     6.7406     0.9380    94.2053 1.0000e-12  -74.17540 -113.17406  24.022047      99.88 5.0885e+02    280.818       6741  1028.1217  1028.1206    33.9411    33.9397    8.37821         29 0.0000e+00
    170.000    168.171    -1.4199  27.136908    -1.4193  27.136286     6.4042     6.7459     1.1392    93.4031 1.0000e-12  -74.17540 -113.17406  24.022060      99.89 5.0778e+02    281.994       6769  1028.1280  1028.1267    33.9426    33.9411    8.37899         27 0.0000e+00
    171.000    169.160    -1.4217  27.136538    -1.4209  27.135989     6.3981     6.7454     1.3929    93.9393 1.0000e-12  -74.17540 -113.17406  24.022074      99.89 5.0826e+02    283.167       6797  1028.1336  1028.1323    33.9436    33.9419    8.37935         29 0.0000e+00
    172.000    170.149    -1.4223  27.136793    -1.4215  27.136190     6.3924     6.7387     1.3668    94.1691 1.0000e-12  -74.17540 -113.17406  24.022087      99.89 5.0940e+02    284.362       6826  1028.1388  1028.1373    33.9440    33.9422    8.37947         29 0.0000e+00
    173.000    171.139    -1.4224  27.137202    -1.4215  27.136580     6.3958     6.7363     1.2013    93.6237 1.0000e-12  -74.17540 -113.17406  24.022102      99.88 5.0850e+02    285.582       6855  1028.1435  1028.1420    33.9440    33.9422    8.37948         29 0.0000e+00
    174.000    172.126    -1.4225  27.137677    -1.4217  27.137114     6.3815     6.7344     1.2067    94.0859 1.0000e-12  -74.17540 -113.17406  24.022116      99.88 5.0917e+02    286.793       6884  1028.1484  1028.1470    33.9442    33.9425    8.37949         29 0.0000e+00
    175.000    173.116    -1.4233  27.137885    -1.4225  27.137346     6.3877     6.7346     1.2534    94.1063 1.0000e-12  -74.17540 -113.17406  24.022129      99.89 5.0947e+02    287.986       6913  1028.1537  1028.1524    33.9447    33.9431    8.37964         28 0.0000e+00
    176.000    174.105    -1.4251  27.138225    -1.4243  27.137710     6.3651     6.7239     1.0258    94.1839 1.0000e-12  -74.17540 -113.17406  24.022143      99.88 5.0947e+02    289.177       6941  1028.1601  1028.1587    33.9466    33.9450    8.37993         29 0.0000e+00
    177.000    175.093    -1.4255  27.139619    -1.4246  27.139097     6.3538     6.7072     1.1574    94.1540 1.0000e-12  -74.17540 -113.17406  24.022157      99.88 5.0947e+02    290.373       6970  1028.1664  1028.1649    33.9484    33.9467    8.37992         29 0.0000e+00
    178.000    176.082    -1.4254  27.140978    -1.4244  27.140480     6.3321     6.6760     1.0600    94.1239 1.0000e-12  -74.17540 -113.17406  24.022171      99.89 5.1002e+02    291.579       6999  1028.1720  1028.1705    33.9495    33.9478    8.37982         29 0.0000e+00
    179.000    177.070    -1.4249  27.143751    -1.4239  27.143352     6.3229     6.6684     1.3203    94.3247 1.0000e-12  -74.17540 -113.17406  24.022185      94.57 5.0941e+02    292.774       7028  1028.1789  1028.1775    33.9521    33.9505    8.37956         28 0.0000e+00
    180.000    178.058    -1.4251  27.145333    -1.4242  27.144835     6.3231     6.6728     1.0604    94.0073 1.0000e-12  -74.17540 -113.17406  24.022199      99.87 5.0947e+02    293.952       7056  1028.1851  1028.1837    33.9539    33.9522    8.37949         29 0.0000e+00
    181.000    179.049    -1.4291  27.143296    -1.4283  27.142761     6.3335     6.6777     0.7785    93.9337 1.0000e-12  -74.17540 -113.17406  24.022212      99.89 5.0997e+02    295.141       7084  1028.1911  1028.1897    33.9551    33.9534    8.38033         28 0.0000e+00
    182.000    180.037    -1.4315  27.142989    -1.4307  27.142480     6.3340     6.6860     0.9695    94.1546 1.0000e-12  -74.17540 -113.17406  24.022226      99.89 5.1000e+02    296.345       7113  1028.1974  1028.1960    33.9568    33.9551    8.38078         30 0.0000e+00
