ocean_section_plots/required_files/ctd/dnbp2202_ctd279.cnv
* Sea-Bird SBE 9 Data File:
* FileName = D:\Data\raw\NBP2202_CTD279.hex
* Software Version Seasave V 7.26.7.121
* Temperature SN = 1649
* Conductivity SN = 2513
* Number of Bytes Per Scan = 40
* Number of Voltage Words = 5
* Number of Scans Averaged by the Deck Unit = 1
* NMEA Latitude = 73 25.38 S
* NMEA Longitude = 114 12.63 W
* NMEA UTC (Time) = Feb 21 2022  17:04:34
* NMEA baud rate = 9600
** Ship: RVIB N.B. Palmer
** Cruise: NBP2202 Thwaites
** Station: 181
** Operator: A. Robinson
# nquan = 28
# nvalues = 765                         
# units = specified
# name 0 = prDM: Pressure, Digiquartz [db]
# name 1 = depSM: Depth [salt water, m]
# name 2 = t090C: Temperature [ITS-90, deg C]
# name 3 = c0mS/cm: Conductivity [mS/cm]
# name 4 = t190C: Temperature, 2 [ITS-90, deg C]
# name 5 = c1mS/cm: Conductivity, 2 [mS/cm]
# name 6 = sbeox0ML/L: Oxygen, SBE 43 [ml/l]
# name 7 = sbeox1ML/L: Oxygen, SBE 43, 2 [ml/l]
# name 8 = flECO-AFL: Fluorescence, WET Labs ECO-AFL/FL [mg/m^3]
# name 9 = CStarTr0: Beam Transmission, WET Labs C-Star [%]
# name 10 = par: PAR/Irradiance, Biospherical/Licor
# name 11 = latitude: Latitude [deg]
# name 12 = longitude: Longitude [deg]
# name 13 = timeJ: Julian Days
# name 14 = altM: Altimeter [m]
# name 15 = spar: SPAR, Biospherical/Licor
# name 16 = timeS: Time, Elapsed [seconds]
# name 17 = scan: Scan Count
# name 18 = density00: Density [density, kg/m^3]
# name 19 = density11: Density, 2 [density, kg/m^3]
# name 20 = v3: Voltage 3
# name 21 = v4: Voltage 4
# name 22 = v5: Voltage 5
# name 23 = sal00: Salinity, Practical [PSU]
# name 24 = sal11: Salinity, Practical, 2 [PSU]
# name 25 = oxsolML/L: Oxygen Saturation, Garcia & Gordon [ml/l]
# name 26 = nbin: number of scans per bin
# name 27 = flag: flag
# span 0 =      3.000,    767.000       
# span 1 =      2.970,    757.687       
# span 2 =    -1.7256,     0.5662       
# span 3 =  27.038130,  29.538797       
# span 4 =    -1.7248,     0.5690       
# span 5 =  27.038829,  29.539470       
# span 6 =     4.5354,     8.7192       
# span 7 =     4.6566,     8.9648       
# span 8 =     0.1291,    18.4421       
# span 9 =    81.6726,    98.5556       
# span 10 = -1.231e-05, 2.3563e+02      
# span 11 =  -73.42308,  -73.42308      
# span 12 = -114.21054, -114.21050      
# span 13 =  52.713821,  52.724652      
# span 14 =       2.85,      99.97      
# span 15 = 5.5819e+02, 6.3809e+02      
# span 16 =    200.134,   1135.971      
# span 17 =       4804,      27264      
# span 18 =  1027.1652,  1031.3371      
# span 19 =  1027.1678,  1031.3351      
# span 20 =     3.8747,     4.6753      
# span 21 =     0.0849,     2.9316      
# span 22 =     0.1072,     0.2180      
# span 23 =    33.7513,    34.5653      
# span 24 =    33.7543,    34.5632      
# span 25 =    7.91735,    8.43840      
# span 26 =         17,         48      
# span 27 = 0.0000e+00, 0.0000e+00      
# interval = decibars: 1                
# start_time = Feb 21 2022 17:04:34 [NMEA time, header]
# bad_flag = -9.990e-29
*END*
[from data line 208]
    211.000    208.718    -1.3572  27.242889    -1.3568  27.243009     5.9775     6.1698     2.7998    95.1893 1.0000e-12  -73.42308 -114.21051  52.717141      99.80 5.9965e+02    487.013      11689  1028.3620  1028.3617     4.5158     0.2790     0.1250    33.9918    33.9914    8.36201         26 0.0000e+00
    212.000    209.706    -1.3624  27.239347    -1.3614  27.239953     5.9921     6.1839     2.7716    95.4408 1.0000e-12  -73.42308 -114.21050  52.717154      99.79 6.0105e+02    488.070      11715  1028.3675  1028.3671     4.5275     0.3514     0.1377    33.9922    33.9919    8.36315         25 0.0000e+00
    213.000    210.696    -1.3709  27.233399    -1.3704  27.233761     5.9996     6.1967     3.1459    94.8515 1.0000e-12  -73.42308 -114.21052  52.717165      99.80 6.0085e+02    489.098      11739  1028.3734  1028.3733     4.4997     0.2658     0.1299    33.9930    33.9930    8.36500         24 0.0000e+00
    214.000    211.683    -1.3767  27.229938    -1.3761  27.230213     5.9763     6.1780     2.0769    95.1212 1.0000e-12  -73.42308 -114.21050  52.717177      99.77 6.0143e+02    490.131      11764  1028.3795  1028.3792     4.5124     0.4180     0.1298    33.9943    33.9939    8.36624         25 0.0000e+00
    215.000    212.671    -1.3758  27.233566    -1.3746  27.233869     5.9399     6.1445     1.6473    95.5230 1.0000e-12  -73.42308 -114.21052  52.717189      99.79 6.0218e+02    491.160      11789  1028.3868  1028.3860     4.5315     0.3310     0.1235    33.9976    33.9966    8.36583         24 0.0000e+00
    216.000    213.662    -1.3529  27.255412    -1.3521  27.255334     5.9122     6.1133     2.2269    95.5182 1.0000e-12  -73.42308 -114.21050  52.717201      99.79 6.0227e+02    492.178      11813  1028.3928  1028.3919     4.5312     0.3205     0.1311    34.0010    33.9999    8.36050         25 0.0000e+00
    217.000    214.649    -1.3405  27.267525    -1.3395  27.267710     5.8882     6.0882     1.2404    94.9847 1.0000e-12  -73.42308 -114.21052  52.717213      99.79 6.0254e+02    493.186      11837  1028.3983  1028.3976     4.5060     0.3359     0.1402    34.0029    34.0020    8.35760         24 0.0000e+00
    218.000    215.638    -1.3319  27.276409    -1.3312  27.276449     5.8673     6.0680     1.6793    95.7989 1.0000e-12  -73.42308 -114.21050  52.717225      99.79 6.0263e+02    494.206      11862  1028.4041  1028.4035     4.5446     0.3074     0.1230    34.0047    34.0040    8.35557         25 0.0000e+00
    219.000    216.627    -1.3156  27.293044    -1.3142  27.293324     5.8571     6.0567     2.0039    96.3094 1.0000e-12  -73.42308 -114.21050  52.717237      99.78 6.0291e+02    495.254      11887  1028.4109  1028.4099     4.5688     0.3825     0.1317    34.0084    34.0073    8.35169         25 0.0000e+00
    220.000    217.615    -1.3060  27.302213    -1.3053  27.302307     5.8606     6.0571     1.4887    95.8312 1.0000e-12  -73.42308 -114.21050  52.717249      92.38 6.0291e+02    496.306      11912  1028.4161  1028.4155     4.5463     0.3303     0.1260    34.0095    34.0088    8.34949         25 0.0000e+00
    221.000    218.605    -1.3052  27.303663    -1.3045  27.303788     5.8635     6.0547     1.3110    96.0227 1.0000e-12  -73.42308 -114.21050  52.717261      98.97 6.0326e+02    497.338      11937  1028.4213  1028.4208     4.5551     0.2259     0.1289    34.0099    34.0093    8.34928         25 0.0000e+00
    222.000    219.592    -1.3049  27.304682    -1.3042  27.304716     5.8788     6.0626     1.3269    95.3370 1.0000e-12  -73.42308 -114.21050  52.717273      99.80 6.0364e+02    498.359      11962  1028.4266  1028.4260     4.5227     0.2901     0.1264    34.0104    34.0096    8.34919         24 0.0000e+00
    223.000    220.581    -1.3066  27.304045    -1.3059  27.304190     5.8972     6.0807     1.1932    95.5589 1.0000e-12  -73.42308 -114.21050  52.717284      99.78 6.0193e+02    499.373      11986  1028.4320  1028.4315     4.5332     0.3320     0.1269    34.0108    34.0103    8.34954         25 0.0000e+00
    224.000    221.570    -1.3123  27.299969    -1.3124  27.299631     5.9053     6.0985     1.0472    96.1803 1.0000e-12  -73.42308 -114.21050  52.717296      99.79 6.0217e+02    500.394      12010  1028.4374  1028.4372     4.5627     0.3125     0.1254    34.0110    34.0108    8.35079         24 0.0000e+00
    225.000    222.559    -1.3254  27.290850    -1.3245  27.291452     5.9023     6.0970     1.0076    96.5319 1.0000e-12  -73.42308 -114.21052  52.717308      99.80 6.0448e+02    501.442      12036  1028.4446  1028.4443     4.5793     0.2522     0.1237    34.0128    34.0126    8.35363         26 0.0000e+00
    226.000    223.547    -1.3162  27.300788    -1.3156  27.300498     5.8822     6.0798     1.1058    96.2084 1.0000e-12  -73.42308 -114.21052  52.717321      99.79 6.0389e+02    502.503      12061  1028.4509  1028.4499     4.5640     0.3072     0.1296    34.0155    34.0143    8.35143         25 0.0000e+00
    227.000    224.535    -1.3067  27.310314    -1.3059  27.310394     5.8498     6.0552     1.0894    95.9945 1.0000e-12  -73.42308 -114.21052  52.717333      99.80 6.0276e+02    503.544      12086  1028.4564  1028.4556     4.5539     0.2144     0.1259    34.0171    34.0162    8.34920         25 0.0000e+00
    228.000    225.524    -1.2855  27.331736    -1.2836  27.332048     5.8187     6.0187     1.0479    95.9936 1.0000e-12  -73.42308 -114.21052  52.717345      99.80 6.0505e+02    504.567      12111  1028.4636  1028.4621     4.5538     0.1928     0.1253    34.0217    34.0200    8.34417         24 0.0000e+00
    229.000    226.513    -1.2577  27.357178    -1.2564  27.357149     5.7840     5.9777     1.0168    95.7385 1.0000e-12  -73.42308 -114.21052  52.717356      99.80 6.0496e+02    505.579      12135  1028.4688  1028.4676     4.5417     0.2082     0.1236    34.0245    34.0230    8.33781         24 0.0000e+00
    230.000    227.502    -1.2393  27.373875    -1.2377  27.374154     5.7581     5.9496     1.2294    95.7628 1.0000e-12  -73.42308 -114.21052  52.717368      99.80 6.0365e+02    506.607      12160  1028.4737  1028.4725     4.5429     0.1771     0.1229    34.0258    34.0244    8.33362         26 0.0000e+00
    231.000    228.489    -1.2135  27.397263    -1.2123  27.397270     5.7532     5.9396     0.6080    96.4463 1.0000e-12  -73.42308 -114.21052  52.717381      99.80 6.0547e+02    507.682      12185  1028.4787  1028.4776     4.5753     0.2659     0.1226    34.0279    34.0267    8.32774         26 0.0000e+00
    232.000    229.480    -1.2101  27.401329    -1.2093  27.401392     5.7610     5.9506     0.7826    96.3655 1.0000e-12  -73.42308 -114.21052  52.717393      99.79 6.0628e+02    508.722      12210  1028.4845  1028.4839     4.5715     0.2942     0.1248    34.0291    34.0283    8.32693         24 0.0000e+00
    233.000    230.465    -1.2130  27.399416    -1.2123  27.399471     5.7809     5.9638     1.2278    96.3932 1.0000e-12  -73.42308 -114.21052  52.717404      99.71 6.0342e+02    509.718      12234  1028.4898  1028.4893     4.5729     0.2174     0.1249    34.0291    34.0284    8.32756         23 0.0000e+00
    234.000    231.456    -1.2180  27.395736    -1.2176  27.395780     5.7930     5.9661     0.8989    96.7667 1.0000e-12  -73.42308 -114.21052  52.717416      99.76 6.0621e+02    510.706      12258  1028.4952  1028.4948     4.5904     0.1729     0.1262    34.0292    34.0287    8.32869         25 0.0000e+00
    235.000    232.445    -1.2267  27.389511    -1.2257  27.389815     5.7875     5.9710     0.7842    96.7881 1.0000e-12  -73.42308 -114.21052  52.717427      99.80 6.0642e+02    511.704      12282  1028.5013  1028.5007     4.5915     0.1960     0.1256    34.0299    34.0291    8.33058         24 0.0000e+00
    236.000    233.433    -1.2246  27.392129    -1.2233  27.392596     5.7847     5.9755     0.9734    96.7671 1.0000e-12  -73.42308 -114.21052  52.717439      99.80 6.0515e+02    512.765      12307  1028.5066  1028.5058     4.5905     0.2391     0.1254    34.0304    34.0296    8.33007         26 0.0000e+00
    237.000    234.420    -1.2204  27.396489    -1.2195  27.396513     5.7911     5.9789     0.8799    96.4978 1.0000e-12  -73.42308 -114.21052  52.717452      99.80 6.0687e+02    513.874      12334  1028.5117  1028.5108     4.5778     0.1835     0.1236    34.0311    34.0300    8.32911         26 0.0000e+00
    238.000    235.411    -1.2215  27.395971    -1.2210  27.395899     5.8030     5.9958     0.8529    97.0330 1.0000e-12  -73.42308 -114.21052  52.717465      99.80 6.0772e+02    514.939      12360  1028.5166  1028.5161     4.6030     0.2310     0.1245    34.0309    34.0303    8.32935         25 0.0000e+00
    239.000    236.398    -1.2314  27.388468    -1.2303  27.388992     5.8015     5.9922     0.9617    96.9755 1.0000e-12  -73.42308 -114.21052  52.717476      99.80 6.0695e+02    515.934      12383  1028.5225  1028.5219     4.6004     0.2232     0.1287    34.0313    34.0307    8.33155         24 0.0000e+00
    240.000    237.387    -1.2342  27.387361    -1.2333  27.387463     5.7874     5.9717     1.2320    97.1108 1.0000e-12  -73.42308 -114.21052  52.717487      99.80 6.0880e+02    516.911      12407  1028.5283  1028.5275     4.6068     0.2337     0.1235    34.0323    34.0314    8.33210         23 0.0000e+00
    241.000    238.375    -1.2205  27.401488    -1.2188  27.401560     5.7804     5.9610     1.4804    97.1268 1.0000e-12  -73.42308 -114.21052  52.717499      99.79 6.0968e+02    517.908      12431  1028.5348  1028.5332     4.6075     0.3051     0.1222    34.0356    34.0337    8.32887         24 0.0000e+00
    242.000    239.365    -1.1985  27.422374    -1.1975  27.422415     5.7702     5.9549     1.3885    96.6815 1.0000e-12  -73.42308 -114.21052  52.717511      99.80 6.0924e+02    518.950      12456  1028.5406  1028.5396     4.5865     0.1924     0.1278    34.0386    34.0375    8.32379         25 0.0000e+00
    243.000    240.351    -1.1955  27.426171    -1.1945  27.426252     5.7700     5.9568     1.2930    96.9686 1.0000e-12  -73.42308 -114.21052  52.717524      99.80 6.0975e+02    520.049      12482  1028.5462  1028.5454     4.5999     0.2158     0.1205    34.0397    34.0387    8.32305         26 0.0000e+00
    244.000    241.342    -1.1944  27.428101    -1.1934  27.428111     5.7964     5.9723     1.1570    97.0130 1.0000e-12  -73.42308 -114.21052  52.717536      99.80 6.0974e+02    521.107      12508  1028.5518  1028.5508     4.6021     0.2426     0.1258    34.0405    34.0394    8.32276         24 0.0000e+00
    245.000    242.329    -1.1931  27.430412    -1.1923  27.430363     5.8134     5.9843     0.7374    96.7422 1.0000e-12  -73.42308 -114.21052  52.717547      93.97 6.0988e+02    522.100      12531  1028.5574  1028.5566     4.5893     0.2099     0.1220    34.0416    34.0406    8.32241         23 0.0000e+00
    246.000    243.319    -1.2111  27.416854    -1.2102  27.417455     5.8253     6.0011     0.9912    96.6121 1.0000e-12  -73.42308 -114.21052  52.717559      90.44 6.1070e+02    523.067      12555  1028.5646  1028.5644     4.5832     0.2341     0.1239    34.0428    34.0427    8.32634         24 0.0000e+00
    247.000    244.307    -1.2112  27.417984    -1.2102  27.418260     5.8307     6.0074     0.6637    96.8356 1.0000e-12  -73.42308 -114.21050  52.717570      98.35 6.1135e+02    524.052      12578  1028.5702  1028.5695     4.5939     0.1663     0.1217    34.0439    34.0431    8.32631         24 0.0000e+00
    248.000    245.294    -1.2126  27.417136    -1.2122  27.416951     5.8363     6.0108     0.7922    97.1892 1.0000e-12  -73.42308 -114.21052  52.717582      99.77 6.1078e+02    525.082      12603  1028.5749  1028.5744     4.6104     0.1796     0.1221    34.0437    34.0430    8.32662         26 0.0000e+00
    249.000    246.285    -1.2172  27.413924    -1.2158  27.414467     5.8541     6.0286     1.5702    97.1899 1.0000e-12  -73.42308 -114.21050  52.717594      99.80 6.1094e+02    526.159      12629  1028.5802  1028.5794     4.6105     0.1563     0.1231    34.0438    34.0430    8.32763         25 0.0000e+00
    250.000    247.272    -1.2169  27.414695    -1.2171  27.414027     5.8784     6.0524     1.4668    96.7731 1.0000e-12  -73.42308 -114.21052  52.717607      99.80 6.1102e+02    527.223      12654  1028.5850  1028.5846     4.5908     0.1694     0.1261    34.0439    34.0433    8.32756         25 0.0000e+00
    251.000    248.261    -1.2347  27.399853    -1.2337  27.400478     5.8876     6.0604     1.1784    97.0703 1.0000e-12  -73.42308 -114.21050  52.717619      99.80 6.1173e+02    528.243      12679  1028.5905  1028.5902     4.6047     0.2105     0.1223    34.0432    34.0430    8.33157         24 0.0000e+00
    252.000    249.249    -1.2411  27.395825    -1.2393  27.396602     5.8947     6.0717     0.9565    96.5940 1.0000e-12  -73.42308 -114.21052  52.717630      99.78 6.1144e+02    529.254      12703  1028.5965  1028.5956     4.5825     0.3007     0.1265    34.0444    34.0433    8.33294         25 0.0000e+00
    253.000    250.237    -1.2383  27.399072    -1.2371  27.399589     5.9093     6.0872     0.8367    96.7923 1.0000e-12  -73.42308 -114.21052  52.717642      99.80 6.1209e+02    530.273      12728  1028.6016  1028.6010     4.5917     0.1680     0.1213    34.0451    34.0444    8.33228         24 0.0000e+00
    254.000    251.227    -1.2454  27.393555    -1.2451  27.393672     5.9386     6.1144     0.7448    97.0999 1.0000e-12  -73.42308 -114.21052  52.717654      99.79 6.1302e+02    531.324      12753  1028.6067  1028.6065     4.6063     0.2161     0.1202    34.0449    34.0447    8.33386         26 0.0000e+00
    255.000    252.214    -1.2559  27.385307    -1.2539  27.386661     5.9601     6.1348     0.8404    97.1426 1.0000e-12  -73.42308 -114.21052  52.717666      99.80 6.1194e+02    532.352      12777  1028.6121  1028.6116     4.6084     0.1891     0.1227    34.0449    34.0444    8.33620         24 0.0000e+00
    256.000    253.203    -1.2751  27.368868    -1.2753  27.368838     5.9845     6.1584     1.0621    97.4896 1.0000e-12  -73.42308 -114.21052  52.717678      99.80 6.1418e+02    533.372      12802  1028.6170  1028.6171     4.6247     0.2145     0.1213    34.0435    34.0437    8.34057         25 0.0000e+00
    257.000    254.192    -1.2844  27.362041    -1.2812  27.364191     5.9943     6.1657     1.1639    96.5252 1.0000e-12  -73.42308 -114.21052  52.717690      99.74 6.1456e+02    534.385      12826  1028.6227  1028.6220     4.5791     0.2228     0.1209    34.0441    34.0435    8.34260         23 0.0000e+00
    258.000    255.181    -1.2823  27.364354    -1.2811  27.364769     6.0055     6.1741     1.3343    96.9262 1.0000e-12  -73.42308 -114.21052  52.717701      75.14 6.1396e+02    535.400      12851  1028.6273  1028.6266     4.5980     0.2290     0.1295    34.0443    34.0435    8.34213         26 0.0000e+00
    259.000    256.167    -1.2885  27.360225    -1.2874  27.360332     6.0346     6.1993     1.4472    97.4515 1.0000e-12  -73.42308 -114.21052  52.717714      85.71 6.1539e+02    536.460      12876  1028.6330  1028.6320     4.6229     0.2364     0.1236    34.0451    34.0440    8.34347         25 0.0000e+00
    260.000    257.158    -1.2791  27.368550    -1.2788  27.368633     6.0990     6.2503     0.5658    97.3399 1.0000e-12  -73.42308 -114.21052  52.717726      99.97 6.1636e+02    537.491      12901  1028.6371  1028.6369     4.6177     0.2181     0.1227    34.0452    34.0449    8.34137         24 0.0000e+00
