ocean_section_plots/required_files/ctd/dnbp2202_ctd160.cnv
* Sea-Bird SBE 9 Data File:
* FileName = D:\Data\raw\NBP2202_CTD160.hex
* Software Version Seasave V 7.26.7.121
* Temperature SN = 1649
* Conductivity SN = 2513
* Number of Bytes Per Scan = 40
* Number of Voltage Words = 5
* Number of Scans Averaged by the Deck Unit = 1
* NMEA Latitude = 74 13.97 S
* NMEA Longitude = 112 09.92 W
* NMEA UTC (Time) = Jan 31 2022  23:31:08
* NMEA baud rate = 9600
** Ship: RVIB N.B. Palmer
** Cruise: NBP2202 Thwaites
** Station: 82
** Operator: A. Robinson
# nquan = 28
# nvalues = 505                         
# units = specified
# name 0 = prDM: Pressure, Digiquartz [db]
# name 1 = depSM: Depth [salt water, m]
# name 2 = t090C: Temperature [ITS-90, deg C]
# name 3 = c0mS/cm: Conductivity [mS/cm]
# name 4 = t190C: Temperature, 2 [ITS-90, deg C]
# name 5 = c1mS/cm: Conductivity, 2 [mS/cm]
# name 6 = sbeox0ML/L: Oxygen, SBE 43 [ml/l]
# name 7 = sbeox1ML/L: Oxygen, SBE 43, 2 [ml/l]
# name 8 = flECO-AFL: Fluorescence, WET Labs ECO-AFL/FL [mg/m^3]
# name 9 = CStarTr0: Beam Transmission, WET Labs C-Star [%]
# name 10 = par: PAR/Irradiance, Biospherical/Licor
# name 11 = latitude: Latitude [deg]
# name 12 = longitude: Longitude [deg]
# name 13 = timeJ: Julian Days
# name 14 = altM: Altimeter [m]
# name 15 = spar: SPAR, Biospherical/Licor
# name 16 = timeS: Time, Elapsed [seconds]
# name 17 = scan: Scan Count
# name 18 = density00: Density [density, kg/m^3]
# name 19 = density11: Density, 2 [density, kg/m^3]
# name 20 = v3: Voltage 3
# name 21 = v4: Voltage 4
# name 22 = v5: Voltage 5
# name 23 = sal00: Salinity, Practical [PSU]
# name 24 = sal11: Salinity, Practical, 2 [PSU]
# name 25 = oxsolML/L: Oxygen Saturation, Garcia & Gordon [ml/l]
# name 26 = nbin: number of scans per bin
# name 27 = flag: flag
# span 0 =      3.000,    507.000       
# span 1 =      2.968,    501.150       
# span 2 =    -1.4617,    -0.1239       
# span 3 =  27.008803,  28.660678       
# span 4 =    -1.4616,    -0.1207       
# span 5 =  27.009191,  28.660874       
# span 6 =     4.8889,     8.5544       
# span 7 =     4.9882,     8.8126       
# span 8 =     0.0029,    20.8039       
# span 9 =    70.8538,    93.7108       
# span 10 = 1.0000e-12, 5.4905e+02      
# span 11 =  -74.23296,  -74.23294      
# span 12 = -112.16538, -112.16534      
# span 13 =  31.982834,  31.990963      
# span 14 =      67.99,     112.53      
# span 15 = 1.7809e+03, 1.8116e+03      
# span 16 =    248.828,    951.197      
# span 17 =       5973,      22830      
# span 18 =  1027.1917,  1029.9842      
# span 19 =  1027.1941,  1029.9826      
# span 20 =     3.3618,     4.4456      
# span 21 =     0.0702,     3.3424      
# span 22 =     0.1159,     0.2567      
# span 23 =    33.8005,    34.3382      
# span 24 =    33.8040,    34.3354      
# span 25 =    8.07359,    8.38867      
# span 26 =          8,         49      
# span 27 = 0.0000e+00, 0.0000e+00      
# interval = decibars: 1                
# start_time = Jan 31 2022 23:31:08 [NMEA time, header]
# bad_flag = -9.990e-29
*END*
[from data line 259]
    262.000    259.124    -1.4136  27.258672    -1.4130  27.258484     6.2216     6.3736     0.1002    93.0868 1.0000e-12  -74.23294 -112.16536  31.987237      99.82 1.8053e+03    629.267      15103  1028.6521  1028.6513     4.4160     0.0859     0.1282    34.0459    34.0449    8.37145         29 0.0000e+00
    263.000    260.111    -1.4123  27.260435    -1.4115  27.260122     6.2228     6.3669     0.0972    93.1483 1.0000e-12  -74.23294 -112.16536  31.987251      99.83 1.8032e+03    630.489      15133  1028.6570  1028.6559     4.4189     0.0838     0.1316    34.0462    34.0449    8.37113         30 0.0000e+00
    264.000    261.100    -1.4128  27.260527    -1.4123  27.260108     6.2323     6.3748     0.1128    93.2614 1.0000e-12  -74.23294 -112.16536  31.987265      99.82 1.8022e+03    631.722      15162  1028.6619  1028.6609     4.4243     0.0871     0.1364    34.0463    34.0451    8.37124         30 0.0000e+00
    265.000    262.089    -1.4157  27.259140    -1.4150  27.259134     6.2566     6.3982     0.1066    93.2030 1.0000e-12  -74.23294 -112.16536  31.987281      99.82 1.8036e+03    633.079      15195  1028.6675  1028.6668     4.4215     0.0884     0.1337    34.0471    34.0462    8.37185         34 0.0000e+00
    266.000    263.077    -1.4322  27.246518    -1.4316  27.246695     6.2659     6.4103     0.1512    93.2699 1.0000e-12  -74.23294 -112.16536  31.987296      99.82 1.8033e+03    634.364      15226  1028.6740  1028.6736     4.4246     0.0871     0.1293    34.0479    34.0474    8.37551         28 0.0000e+00
    267.000    264.065    -1.4366  27.243998    -1.4356  27.244010     6.2559     6.3978     0.1032    93.2798 1.0000e-12  -74.23294 -112.16536  31.987309      99.83 1.8040e+03    635.476      15252  1028.6797  1028.6788     4.4252     0.0998     0.1306    34.0488    34.0477    8.37644         26 0.0000e+00
    268.000    265.054    -1.4302  27.250371    -1.4288  27.250562     6.2412     6.3851     0.0941    93.2646 1.0000e-12  -74.23294 -112.16536  31.987323      99.82 1.8051e+03    636.671      15281  1028.6847  1028.6835     4.4244     0.0908     0.1340    34.0497    34.0483    8.37496         32 0.0000e+00
    269.000    266.042    -1.4176  27.262370    -1.4168  27.261867     6.2324     6.3710     0.0818    93.3195 1.0000e-12  -74.23294 -112.16536  31.987339      92.52 1.8031e+03    638.065      15315  1028.6899  1028.6886     4.4270     0.0841     0.1270    34.0512    34.0496    8.37203         33 0.0000e+00
    270.000    267.030    -1.4124  27.267606    -1.4121  27.266968     6.2252     6.3718     0.0604    93.2838 1.0000e-12  -74.23294 -112.16536  31.987353      91.62 1.8008e+03    639.322      15345  1028.6949  1028.6939     4.4253     0.0800     0.1255    34.0519    34.0507    8.37083         28 0.0000e+00
    271.000    268.020    -1.4097  27.270831    -1.4091  27.270520     6.2226     6.3701     0.0454    93.3085 1.0000e-12  -74.23296 -112.16536  31.987366      99.69 1.8025e+03    640.459      15372  1028.7001  1028.6991     4.4265     0.0795     0.1282    34.0527    34.0515    8.37018         28 0.0000e+00
    272.000    269.007    -1.4076  27.273621    -1.4070  27.273286     6.2192     6.3726     0.0707    93.3278 1.0000e-12  -74.23296 -112.16536  31.987381      99.82 1.8039e+03    641.695      15402  1028.7055  1028.7045     4.4275     0.0834     0.1266    34.0534    34.0522    8.36965         31 0.0000e+00
    273.000    269.995    -1.4058  27.276446    -1.4051  27.276101     6.2302     6.3712     0.0641    93.3610 1.0000e-12  -74.23296 -112.16536  31.987395      99.82 1.8025e+03    642.958      15432  1028.7112  1028.7101     4.4290     0.0803     0.1247    34.0547    34.0534    8.36918         29 0.0000e+00
    274.000    270.984    -1.4056  27.277804    -1.4050  27.277489     6.2326     6.3810     0.0440    93.3541 1.0000e-12  -74.23296 -112.16536  31.987409      99.83 1.8014e+03    644.123      15460  1028.7168  1028.7158     4.4287     0.0814     0.1264    34.0557    34.0545    8.36906         28 0.0000e+00
    275.000    271.971    -1.4080  27.277190    -1.4070  27.277266     6.2420     6.3889     0.0370    93.4000 1.0000e-12  -74.23296 -112.16536  31.987423      99.83 1.8023e+03    645.349      15489  1028.7228  1028.7219     4.4309     0.0821     0.1259    34.0570    34.0559    8.36953         30 0.0000e+00
    276.000    272.961    -1.4116  27.275017    -1.4108  27.275029     6.2530     6.3897     0.0431    93.3947 1.0000e-12  -74.23296 -112.16536  31.987437      99.82 1.8034e+03    646.596      15519  1028.7282  1028.7274     4.4306     0.0874     0.1282    34.0574    34.0565    8.37030         29 0.0000e+00
    277.000    273.948    -1.4150  27.272633    -1.4141  27.272521     6.2544     6.4005     0.0562    93.4148 1.0000e-12  -74.23296 -112.16536  31.987451      99.82 1.8032e+03    647.738      15547  1028.7332  1028.7322     4.4316     0.0808     0.1241    34.0573    34.0562    8.37107         27 0.0000e+00
    278.000    274.937    -1.4145  27.273419    -1.4139  27.273077     6.2544     6.3974     0.0485    93.3815 1.0000e-12  -74.23296 -112.16536  31.987465      99.83 1.8014e+03    648.999      15577  1028.7379  1028.7369     4.4300     0.0789     0.1236    34.0573    34.0561    8.37097         34 0.0000e+00
    279.000    275.926    -1.4147  27.273738    -1.4139  27.273571     6.2578     6.3997     0.0615    93.4191 1.0000e-12  -74.23296 -112.16536  31.987482      99.82 1.8011e+03    650.440      15612  1028.7427  1028.7418     4.4317     0.0805     0.1296    34.0573    34.0562    8.37100         33 0.0000e+00
    280.000    276.914    -1.4161  27.272951    -1.4155  27.272752     6.2572     6.4035     0.0661    93.4132 1.0000e-12  -74.23296 -112.16536  31.987496      90.92 1.8018e+03    651.663      15641  1028.7475  1028.7467     4.4315     0.0771     0.1239    34.0572    34.0563    8.37133         27 0.0000e+00
    281.000    277.902    -1.4163  27.273399    -1.4157  27.273055     6.2544     6.4036     0.0366    93.4216 1.0000e-12  -74.23296 -112.16536  31.987509      98.29 1.8012e+03    652.778      15668  1028.7525  1028.7514     4.4318     0.0825     0.1253    34.0575    34.0562    8.37137         27 0.0000e+00
    282.000    278.890    -1.4164  27.273849    -1.4157  27.273580     6.2559     6.3985     0.0461    93.4165 1.0000e-12  -74.23296 -112.16536  31.987524      99.82 1.7977e+03    654.057      15698  1028.7573  1028.7563     4.4316     0.0825     0.1221    34.0575    34.0564    8.37138         34 0.0000e+00
    283.000    279.879    -1.4160  27.274723    -1.4153  27.274411     6.2555     6.3989     0.0549    93.4580 1.0000e-12  -74.23296 -112.16536  31.987539      99.83 1.7977e+03    655.405      15731  1028.7621  1028.7611     4.4336     0.0801     0.1242    34.0577    34.0565    8.37128         30 0.0000e+00
    284.000    280.867    -1.4153  27.276232    -1.4146  27.275917     6.2580     6.4037     0.0462    93.4477 1.0000e-12  -74.23296 -112.16536  31.987553      99.82 1.8006e+03    656.608      15760  1028.7674  1028.7664     4.4331     0.0821     0.1289    34.0583    34.0571    8.37109         28 0.0000e+00
    285.000    281.855    -1.4138  27.278888    -1.4132  27.278486     6.2566     6.4040     0.0555    93.4759 1.0000e-12  -74.23296 -112.16536  31.987567      99.82 1.8011e+03    657.755      15787  1028.7732  1028.7722     4.4345     0.0787     0.1256    34.0597    34.0584    8.37068         28 0.0000e+00
    286.000    282.845    -1.4106  27.283767    -1.4100  27.283305     6.2552     6.4030     0.0532    93.4852 1.0000e-12  -74.23296 -112.16536  31.987580      99.83 1.7986e+03    658.948      15816  1028.7797  1028.7786     4.4349     0.0789     0.1221    34.0621    34.0608    8.36980         29 0.0000e+00
    287.000    283.831    -1.4095  27.286196    -1.4087  27.285990     6.2559     6.4032     0.0523    93.4865 1.0000e-12  -74.23296 -112.16536  31.987595      99.82 1.7967e+03    660.239      15847  1028.7856  1028.7846     4.4350     0.0796     0.1218    34.0636    34.0624    8.36947         32 0.0000e+00
    288.000    284.821    -1.4077  27.288488    -1.4071  27.288212     6.2546     6.4034     0.0569    93.4791 1.0000e-12  -74.23296 -112.16536  31.987610      99.83 1.7959e+03    661.493      15877  1028.7908  1028.7898     4.4346     0.0818     0.1281    34.0641    34.0630    8.36905         29 0.0000e+00
    289.000    285.808    -1.4069  27.290044    -1.4063  27.289657     6.2532     6.3985     0.0513    93.4537 1.0000e-12  -74.23296 -112.16536  31.987623      99.83 1.7977e+03    662.645      15904  1028.7960  1028.7950     4.4334     0.0805     0.1291    34.0647    34.0635    8.36882         27 0.0000e+00
    290.000    286.798    -1.4051  27.292626    -1.4042  27.292249     6.2558     6.3942     0.0516    93.5010 1.0000e-12  -74.23296 -112.16536  31.987637      99.83 1.8005e+03    663.842      15933  1028.8013  1028.8001     4.4357     0.0810     0.1225    34.0655    34.0641    8.36836         30 0.0000e+00
    291.000    287.783    -1.4033  27.295151    -1.4029  27.294184     6.2601     6.4010     0.0514    93.4865 1.0000e-12  -74.23296 -112.16536  31.987653      95.88 1.7989e+03    665.189      15966  1028.8067  1028.8052     4.4350     0.0804     0.1223    34.0663    34.0646    8.36791         31 0.0000e+00
    292.000    288.774    -1.4021  27.297978    -1.4012  27.297684     6.2621     6.4100     0.0575    93.5367 1.0000e-12  -74.23296 -112.16536  31.987668      99.90 1.7954e+03    666.478      15996  1028.8130  1028.8118     4.4373     0.0806     0.1297    34.0683    34.0669    8.36753         29 0.0000e+00
    293.000    289.760    -1.4019  27.298973    -1.4013  27.298675     6.2645     6.4115     0.0528    93.5103 1.0000e-12  -74.23296 -112.16536  31.987681      99.83 1.7983e+03    667.632      16024  1028.8183  1028.8173     4.4361     0.0796     0.1226    34.0688    34.0677    8.36746         27 0.0000e+00
    294.000    290.750    -1.4019  27.299725    -1.4010  27.299566     6.2691     6.4082     0.0676    93.5121 1.0000e-12  -74.23296 -112.16536  31.987694      99.82 1.8009e+03    668.770      16051  1028.8234  1028.8223     4.4362     0.1023     0.1220    34.0692    34.0679    8.36744         28 0.0000e+00
    295.000    291.738    -1.4009  27.301168    -1.3999  27.301057     6.2617     6.4022     0.0535    93.5174 1.0000e-12  -74.23296 -112.16536  31.987708      99.83 1.8003e+03    669.999      16081  1028.8283  1028.8272     4.4364     0.0793     0.1210    34.0695    34.0681    8.36720         31 0.0000e+00
    296.000    292.726    -1.3972  27.305227    -1.3967  27.304445     6.2582     6.3942     0.0857    93.5335 1.0000e-12  -74.23296 -112.16536  31.987724      99.83 1.7988e+03    671.360      16114  1028.8335  1028.8321     4.4372     0.0795     0.1197    34.0702    34.0686    8.36632         33 0.0000e+00
    297.000    293.715    -1.3962  27.306410    -1.3963  27.305533     6.2512     6.3948     0.1226    93.5379 1.0000e-12  -74.23295 -112.16535  31.987739      99.83 1.7986e+03    672.669      16145  1028.8381  1028.8372     4.4373     0.0823     0.1211    34.0701    34.0690    8.36611         29 0.0000e+00
    298.000    294.702    -1.3937  27.309555    -1.3930  27.309001     6.2538     6.3932     0.0479    93.5156 1.0000e-12  -74.23294 -112.16535  31.987752      99.82 1.7987e+03    673.765      16171  1028.8435  1028.8422     4.4363     0.0809     0.1208    34.0709    34.0694    8.36549         25 0.0000e+00
    299.000    295.691    -1.3931  27.310352    -1.3923  27.310111     6.2456     6.3949     0.0470    93.5167 1.0000e-12  -74.23294 -112.16535  31.987764      99.83 1.8015e+03    674.840      16197  1028.8481  1028.8470     4.4364     0.0819     0.1201    34.0708    34.0694    8.36537         28 0.0000e+00
    300.000    296.680    -1.3907  27.313165    -1.3876  27.314585     6.2157     6.3661     0.0900    93.5361 1.0000e-12  -74.23294 -112.16536  31.987779      99.82 1.8017e+03    676.084      16227  1028.8531  1028.8517     4.4373     0.0853     0.1212    34.0712    34.0697    8.36479         32 0.0000e+00
    301.000    297.667    -1.3713  27.332501    -1.3723  27.329082     6.1943     6.3469     0.0875    93.5375 1.0000e-12  -74.23294 -112.16536  31.987794      96.12 1.8017e+03    677.410      16259  1028.8598  1028.8570     4.4374     0.0821     0.1208    34.0751    34.0716    8.36022         30 0.0000e+00
    302.000    298.657    -1.3494  27.353068    -1.3488  27.352465     6.1998     6.3491     0.0623    93.4318 1.0000e-12  -74.23294 -112.16536  31.987808      94.75 1.8017e+03    678.608      16288  1028.8653  1028.8641     4.4324     0.0821     0.1205    34.0778    34.0763    8.35514         28 0.0000e+00
    303.000    299.644    -1.3572  27.348045    -1.3582  27.346511     6.2176     6.3658     0.0772    93.5279 1.0000e-12  -74.23294 -112.16536  31.987822      99.82 1.8003e+03    679.791      16316  1028.8720  1028.8713     4.4369     0.0814     0.1190    34.0792    34.0782    8.35682         29 0.0000e+00
    304.000    300.631    -1.3664  27.340808    -1.3668  27.339677     6.2355     6.3746     0.0817    93.4780 1.0000e-12  -74.23294 -112.16536  31.987836      99.83 1.7999e+03    681.004      16345  1028.8775  1028.8766     4.4345     0.0816     0.1204    34.0791    34.0780    8.35889         29 0.0000e+00
    305.000    301.620    -1.3721  27.337060    -1.3717  27.336657     6.2409     6.3766     0.1025    93.3205 1.0000e-12  -74.23294 -112.16536  31.987849      99.83 1.8029e+03    682.177      16373  1028.8833  1028.8824     4.4271     0.0866     0.1204    34.0799    34.0788    8.36012         28 0.0000e+00
    306.000    302.608    -1.3714  27.338684    -1.3705  27.338433     6.2413     6.3763     0.0539    93.5585 1.0000e-12  -74.23294 -112.16536  31.987863      99.83 1.8028e+03    683.364      16402  1028.8887  1028.8875     4.4384     0.0821     0.1300    34.0807    34.0793    8.35991         29 0.0000e+00
    307.000    303.597    -1.3687  27.341899    -1.3677  27.341641     6.2347     6.3765     0.0675    93.3983 1.0000e-12  -74.23294 -112.16536  31.987879      99.83 1.7990e+03    684.706      16434  1028.8938  1028.8927     4.4307     0.0803     0.1294    34.0813    34.0799    8.35926         34 0.0000e+00
    308.000    304.583    -1.3677  27.343777    -1.3669  27.343477     6.2446     6.3772     0.0748    93.3620 1.0000e-12  -74.23294 -112.16536  31.987894      99.83 1.7983e+03    686.029      16466  1028.8993  1028.8982     4.4290     0.0803     0.1184    34.0822    34.0809    8.35899         29 0.0000e+00
    309.000    305.574    -1.3680  27.344446    -1.3671  27.344158     6.2435     6.3795     0.0729    93.5575 1.0000e-12  -74.23294 -112.16536  31.987907      99.83 1.8015e+03    687.189      16494  1028.9046  1028.9035     4.4383     0.0813     0.1216    34.0828    34.0814    8.35901         28 0.0000e+00
    310.000    306.561    -1.3687  27.344480    -1.3679  27.344203     6.2378     6.3813     0.0933    93.5463 1.0000e-12  -74.23294 -112.16536  31.987921      99.84 1.8021e+03    688.339      16521  1028.9097  1028.9086     4.4378     0.0813     0.1168    34.0830    34.0817    8.35916         28 0.0000e+00
    311.000    307.549    -1.3688  27.344922    -1.3680  27.344614     6.2394     6.3849     0.0779    93.3417 1.0000e-12  -74.23294 -112.16536  31.987935      99.83 1.8016e+03    689.574      16551  1028.9146  1028.9135     4.4281     0.0809     0.1169    34.0832    34.0818    8.35918         30 0.0000e+00
    312.000    308.538    -1.3684  27.346184    -1.3674  27.345885     6.2403     6.3787     0.0739    93.4874 1.0000e-12  -74.23294 -112.16536  31.987949      99.79 1.8009e+03    690.794      16580  1028.9199  1028.9186     4.4350     0.0816     0.1194    34.0838    34.0823    8.35904         29 0.0000e+00
