ocean_section_plots/required_files/ctd/dnbp2202_ctd093.cnv
* Sea-Bird SBE 9 Data File:
* FileName = D:\Data\raw\NBP2202_CTD093.hex
* Software Version Seasave V 7.26.7.121
* Temperature SN = 1649
* Conductivity SN = 2513
* Number of Bytes Per Scan = 40
* Number of Voltage Words = 5
* Number of Scans Averaged by the Deck Unit = 1
* NMEA Latitude = 74 10.51 S
* NMEA Longitude = 113 20.67 W
* NMEA UTC (Time) = Jan 26 2022  23:04:50
* NMEA baud rate = 9600
** Ship: RVIB N.B. Palmer
** Cruise: NBP2202 Thwaites
** Station: YoYo001
** Operator: A. Robinson
# nquan = 25
# nvalues = 606                         
# units = specified
# name 0 = prDM: Pressure, Digiquartz [db]
# name 1 = depSM: Depth [salt water, m]
# name 2 = t090C: Temperature [ITS-90, deg C]
# name 3 = c0mS/cm: Conductivity [mS/cm]
# name 4 = t190C: Temperature, 2 [ITS-90, deg C]
# name 5 = c1mS/cm: Conductivity, 2 [mS/cm]
# name 6 = sbeox0ML/L: Oxygen, SBE 43 [ml/l]
# name 7 = sbeox1ML/L: Oxygen, SBE 43, 2 [ml/l]
# name 8 = flECO-AFL: Fluorescence, WET Labs ECO-AFL/FL [mg/m^3]
# name 9 = CStarTr0: Beam Transmission, WET Labs C-Star [%]
# name 10 = par: PAR/Irradiance, Biospherical/Licor
# name 11 = latitude: Latitude [deg]
# name 12 = longitude: Longitude [deg]
# name 13 = timeJ: Julian Days
# name 14 = altM: Altimeter [m]
# name 15 = spar: SPAR, Biospherical/Licor
# name 16 = timeS: Time, Elapsed [seconds]
# name 17 = scan: Scan Count
# name 18 = density00: Density [density, kg/m^3]
# name 19 = density11: Density, 2 [density, kg/m^3]
# name 20 = sal00: Salinity, Practical [PSU]
# name 21 = sal11: Salinity, Practical, 2 [PSU]
# name 22 = oxsolML/L: Oxygen Saturation, Garcia & Gordon [ml/l]
# name 23 = nbin: number of scans per bin
# name 24 = flag: flag
# span 0 =     10.000,    615.000       
# span 1 =      9.896,    607.732       
# span 2 =    -1.5488,     0.1023       
# span 3 =  26.891305,  28.937458       
# span 4 =    -1.5456,     0.1043       
# span 5 =  26.893045,  28.937243       
# span 6 =     4.6803,     8.5176       
# span 7 =     4.7458,     8.2780       
# span 8 =    -0.0219,    22.1523       
# span 9 =    71.8373,    95.4748       
# span 10 = -2.917e-06, 6.2130e+01      
# span 11 =  -74.17530,  -74.17528      
# span 12 = -113.34462, -113.34458      
# span 13 =  26.962391,  26.972030      
# span 14 =       5.93,      99.99      
# span 15 = 1.8200e+03, 1.8408e+03      
# span 16 =     60.598,    893.385      
# span 17 =       1455,      21442      
# span 18 =  1027.2176,  1030.5150      
# span 19 =  1027.2144,  1030.5127      
# span 20 =    33.7870,    34.3839      
# span 21 =    33.7842,    34.3814      
# span 22 =    8.02335,    8.41545      
# span 23 =         21,         45      
# span 24 = 0.0000e+00, 0.0000e+00      
# interval = decibars: 1                
# start_time = Jan 26 2022 23:04:50 [NMEA time, header]
# bad_flag = -9.990e-29
*END*
[from data line 116]
    126.000    124.658    -1.4171  27.063910    -1.4203  27.058639     5.4327     5.5205     0.3032    94.8417 1.0000e-12  -74.17530 -113.34460  26.964501      99.86 1.8382e+03    242.857       5830  1027.8533  1027.8505    33.8664    33.8627    8.38291         29 0.0000e+00
    127.000    125.647    -1.3968  27.083509    -1.3956  27.082430     5.5415     5.6215     0.1502    94.7802 1.0000e-12  -74.17530 -113.34460  26.964514      99.87 1.8391e+03    244.048       5858  1027.8598  1027.8574    33.8697    33.8669    8.37814         28 0.0000e+00
    128.000    126.635    -1.4004  27.082931    -1.4029  27.080837     5.6784     5.7467     0.0825    94.9853 1.0000e-12  -74.17530 -113.34460  26.964528      99.87 1.8388e+03    245.211       5886  1027.8672  1027.8674    33.8724    33.8724    8.37879         27 0.0000e+00
    129.000    127.627    -1.4578  27.043100    -1.4588  27.041743     5.7445     5.8041     0.0454    94.9974 1.0000e-12  -74.17530 -113.34460  26.964541      99.87 1.8372e+03    246.354       5913  1027.8835  1027.8830    33.8821    33.8814    8.39115         28 0.0000e+00
    130.000    128.613    -1.4613  27.041421    -1.4598  27.041124     5.7821     5.8401     0.2125    95.0902 1.0000e-12  -74.17530 -113.34460  26.964554      99.87 1.8368e+03    247.505       5941  1027.8893  1027.8875    33.8831    33.8810    8.39188         27 0.0000e+00
    131.000    129.603    -1.4666  27.038402    -1.4646  27.038483     5.8189     5.8852     0.3454    95.0213 1.0000e-12  -74.17530 -113.34460  26.964568      99.87 1.8388e+03    248.684       5969  1027.8954  1027.8935    33.8843    33.8821    8.39300         29 0.0000e+00
    132.000    130.592    -1.4732  27.034455    -1.4728  27.033782     5.8416     5.9161     0.2168    94.9736 1.0000e-12  -74.17530 -113.34460  26.964582      99.86 1.8372e+03    249.851       5997  1027.9016  1027.9005    33.8857    33.8843    8.39440         28 0.0000e+00
    133.000    131.581    -1.4828  27.028842    -1.4815  27.028458     5.8616     5.9318     0.1318    95.1047 1.0000e-12  -74.17530 -113.34460  26.964595      99.87 1.8374e+03    251.014       6025  1027.9090  1027.9073    33.8882    33.8863    8.39641         27 0.0000e+00
    134.000    132.570    -1.4764  27.037538    -1.4757  27.036036     5.8696     5.9418     0.1908    95.1060 1.0000e-12  -74.17530 -113.34460  26.964609      99.87 1.8383e+03    252.176       6053  1027.9166  1027.9142    33.8923    33.8894    8.39472         28 0.0000e+00
    135.000    133.559    -1.4751  27.039527    -1.4734  27.039411     5.8809     5.9591     0.2019    95.1275 1.0000e-12  -74.17530 -113.34460  26.964622      99.60 1.8382e+03    253.335       6081  1027.9218  1027.9199    33.8930    33.8909    8.39440         28 0.0000e+00
    136.000    134.549    -1.4737  27.043866    -1.4720  27.043693     5.8880     5.9760     0.3255    94.9596 1.0000e-12  -74.17530 -113.34460  26.964635      99.12 1.8397e+03    254.486       6109  1027.9295  1027.9276    33.8967    33.8946    8.39385         28 0.0000e+00
    137.000    135.537    -1.4745  27.043669    -1.4732  27.043380     5.9031     5.9844     0.3217    95.0671 1.0000e-12  -74.17530 -113.34460  26.964649      99.71 1.8402e+03    255.645       6136  1027.9343  1027.9328    33.8968    33.8949    8.39404         28 0.0000e+00
    138.000    136.526    -1.4788  27.041535    -1.4776  27.040942     5.9031     5.9838     0.3377    94.8163 1.0000e-12  -74.17530 -113.34460  26.964662      99.86 1.8389e+03    256.799       6164  1027.9404  1027.9386    33.8981    33.8959    8.39493         28 0.0000e+00
    139.000    137.515    -1.4690  27.052995    -1.4661  27.053614     5.9068     5.9963     0.3702    94.8407 1.0000e-12  -74.17530 -113.34460  26.964676      99.87 1.8374e+03    257.965       6192  1027.9479  1027.9457    33.9022    33.8997    8.39248         28 0.0000e+00
    140.000    138.505    -1.4603  27.062109    -1.4587  27.062129     5.9129     5.9992     0.2421    94.9338 1.0000e-12  -74.17530 -113.34460  26.964689      99.86 1.8376e+03    259.133       6220  1027.9538  1027.9523    33.9042    33.9025    8.39039         28 0.0000e+00
    141.000    139.493    -1.4656  27.059514    -1.4655  27.057812     5.9133     6.0046     0.3197    94.9581 1.0000e-12  -74.17530 -113.34460  26.964702      99.86 1.8382e+03    260.291       6248  1027.9604  1027.9584    33.9060    33.9035    8.39147         27 0.0000e+00
    142.000    140.482    -1.4590  27.066166    -1.4582  27.065093     5.9024     5.9974     0.3431    94.7507 1.0000e-12  -74.17530 -113.34460  26.964716      99.87 1.8358e+03    261.449       6276  1027.9656  1027.9638    33.9070    33.9047    8.38992         28 0.0000e+00
    143.000    141.471    -1.4573  27.068513    -1.4558  27.068237     5.8628     5.9705     0.3612    94.7330 1.0000e-12  -74.17530 -113.34460  26.964729      99.86 1.8368e+03    262.618       6304  1027.9710  1027.9692    33.9078    33.9056    8.38951         29 0.0000e+00
    144.000    142.460    -1.4481  27.078295    -1.4461  27.077788     5.7852     5.8947     0.3486    94.4935 1.0000e-12  -74.17530 -113.34460  26.964743      99.86 1.8381e+03    263.792       6332  1027.9771  1027.9747    33.9101    33.9073    8.38728         27 0.0000e+00
    145.000    143.448    -1.4210  27.103251    -1.4188  27.102946     5.7034     5.8238     0.3918    94.8519 1.0000e-12  -74.17530 -113.34460  26.964756      99.87 1.8378e+03    264.961       6360  1027.9827  1027.9803    33.9131    33.9103    8.38100         29 0.0000e+00
    146.000    144.439    -1.3867  27.136214    -1.3856  27.134975     5.6628     5.7822     0.3242    94.8268 1.0000e-12  -74.17530 -113.34460  26.964770      99.86 1.8376e+03    266.115       6388  1027.9904  1027.9879    33.9190    33.9161    8.37295         27 0.0000e+00
    147.000    145.427    -1.3770  27.146518    -1.3761  27.145308     5.6521     5.7673     0.3116    94.6890 1.0000e-12  -74.17530 -113.34460  26.964783      97.00 1.8384e+03    267.258       6415  1027.9969  1027.9947    33.9215    33.9189    8.37061         28 0.0000e+00
    148.000    146.415    -1.3775  27.146557    -1.3762  27.145947     5.6513     5.7598     0.1981    94.9320 1.0000e-12  -74.17530 -113.34460  26.964796      99.82 1.8378e+03    268.401       6443  1028.0020  1028.0000    33.9215    33.9192    8.37073         27 0.0000e+00
    149.000    147.404    -1.3761  27.147666    -1.3744  27.147456     5.6307     5.7423     0.3790    94.9002 1.0000e-12  -74.17530 -113.34460  26.964810      99.87 1.8378e+03    269.570       6471  1028.0064  1028.0045    33.9209    33.9186    8.37046         29 0.0000e+00
    150.000    148.395    -1.3720  27.151609    -1.3707  27.151014     5.6196     5.7261     0.1682    94.9009 1.0000e-12  -74.17530 -113.34460  26.964823      99.86 1.8378e+03    270.745       6499  1028.0113  1028.0093    33.9210    33.9187    8.36953         27 0.0000e+00
    151.000    149.381    -1.3610  27.161753    -1.3611  27.159738     5.5951     5.6963     0.1576    94.7000 1.0000e-12  -74.17530 -113.34460  26.964837      99.87 1.8359e+03    271.903       6527  1028.0162  1028.0141    33.9218    33.9192    8.36701         28 0.0000e+00
    152.000    150.372    -1.3563  27.166075    -1.3558  27.164997     5.5765     5.6732     0.1336    94.8153 1.0000e-12  -74.17530 -113.34460  26.964850      99.86 1.8352e+03    273.063       6555  1028.0209  1028.0192    33.9219    33.9198    8.36596         28 0.0000e+00
    153.000    151.360    -1.3523  27.170434    -1.3431  27.175743     5.5486     5.6505     0.1455    95.0465 1.0000e-12  -74.17530 -113.34460  26.964864      99.86 1.8370e+03    274.226       6582  1028.0263  1028.0233    33.9227    33.9196    8.36501         28 0.0000e+00
    154.000    152.349    -1.3349  27.185433    -1.3336  27.184936     5.4987     5.6041     0.1551    95.0335 1.0000e-12  -74.17530 -113.34460  26.964877      99.87 1.8367e+03    275.377       6610  1028.0304  1028.0286    33.9230    33.9207    8.36109         27 0.0000e+00
    155.000    153.338    -1.3226  27.197791    -1.3214  27.196184     5.4494     5.5538     0.1672    94.8409 1.0000e-12  -74.17530 -113.34460  26.964890      99.87 1.8353e+03    276.527       6638  1028.0365  1028.0337    33.9253    33.9218    8.35819         28 0.0000e+00
    156.000    154.327    -1.2923  27.225368    -1.2921  27.223155     5.4404     5.5428     0.0950    95.0704 1.0000e-12  -74.17530 -113.34460  26.964904      99.87 1.8365e+03    277.685       6665  1028.0420  1028.0395    33.9282    33.9250    8.35123         28 0.0000e+00
    157.000    155.317    -1.2775  27.241541    -1.2778  27.239367     5.4535     5.5548     0.0392    95.1164 1.0000e-12  -74.17530 -113.34460  26.964917      99.87 1.8371e+03    278.841       6693  1028.0501  1028.0481    33.9330    33.9304    8.34764         28 0.0000e+00
    158.000    156.304    -1.2819  27.240285    -1.2807  27.239453     5.4507     5.5532     0.0565    95.1843 1.0000e-12  -74.17530 -113.34460  26.964931      59.15 1.8352e+03    280.010       6721  1028.0577  1028.0556    33.9357    33.9332    8.34847         28 0.0000e+00
    159.000    157.294    -1.2765  27.247065    -1.2737  27.247577     5.4400     5.5359     0.0566    95.2714 1.0000e-12  -74.17530 -113.34460  26.964944      99.30 1.8352e+03    281.187       6749  1028.0645  1028.0623    33.9382    33.9358    8.34711         28 0.0000e+00
    160.000    158.284    -1.2492  27.273068    -1.2464  27.273204     5.4234     5.5245     0.0637    95.3125 1.0000e-12  -74.17530 -113.34460  26.964958      99.87 1.8352e+03    282.347       6777  1028.0711  1028.0685    33.9424    33.9394    8.34078         27 0.0000e+00
    161.000    159.271    -1.2407  27.281624    -1.2421  27.278326     5.4008     5.4926     0.0729    95.1419 1.0000e-12  -74.17530 -113.34460  26.964971      99.87 1.8352e+03    283.502       6805  1028.0769  1028.0746    33.9438    33.9409    8.33879         29 0.0000e+00
    162.000    160.260    -1.2318  27.290108    -1.2314  27.288302     5.3437     5.4398     0.0674    95.1868 1.0000e-12  -74.17530 -113.34460  26.964984      99.87 1.8352e+03    284.660       6833  1028.0821  1028.0797    33.9448    33.9418    8.33675         27 0.0000e+00
    163.000    161.249    -1.2141  27.306010    -1.2050  27.311515     5.2712     5.3837     0.0535    95.2354 1.0000e-12  -74.17530 -113.34460  26.964998      99.86 1.8352e+03    285.810       6860  1028.0870  1028.0841    33.9459    33.9431    8.33274         28 0.0000e+00
    164.000    162.239    -1.1793  27.338340    -1.1753  27.338704     5.2203     5.3314     0.0429    95.2738 1.0000e-12  -74.17530 -113.34460  26.965011      99.87 1.8352e+03    286.968       6888  1028.0931  1028.0898    33.9501    33.9461    8.32473         28 0.0000e+00
    165.000    163.227    -1.1429  27.372501    -1.1399  27.372141     5.1755     5.2880     0.0133    95.2788 1.0000e-12  -74.17530 -113.34460  26.965025      99.87 1.8350e+03    288.141       6916  1028.1000  1028.0966    33.9551    33.9511    8.31636         28 0.0000e+00
    166.000    164.214    -1.1154  27.399512    -1.1133  27.397968     5.1648     5.2662     0.0006    95.3425 1.0000e-12  -74.17530 -113.34460  26.965038      99.86 1.8353e+03    289.317       6945  1028.1076  1028.1039    33.9602    33.9557    8.30994         28 0.0000e+00
    167.000    165.205    -1.0854  27.430515    -1.0841  27.428742     5.1764     5.2656     0.0082    95.3267 1.0000e-12  -74.17530 -113.34460  26.965052      99.87 1.8348e+03    290.475       6972  1028.1172  1028.1140    33.9680    33.9641    8.30284         28 0.0000e+00
    168.000    166.194    -1.0814  27.437082    -1.0790  27.437284     5.1942     5.2770    -0.0080    95.3272 1.0000e-12  -74.17530 -113.34460  26.965065      99.86 1.8339e+03    291.627       7000  1028.1254  1028.1234    33.9718    33.9694    8.30173         27 0.0000e+00
    169.000    167.182    -1.0863  27.434069    -1.0845  27.433672     5.1993     5.2899    -0.0147    95.3551 1.0000e-12  -74.17530 -113.34460  26.965078      99.63 1.8348e+03    292.772       7028  1028.1317  1028.1296    33.9726    33.9701    8.30276         28 0.0000e+00
    170.000    168.171    -1.0880  27.433439    -1.0863  27.432833     5.2033     5.2871    -0.0160    95.3352 1.0000e-12  -74.17530 -113.34460  26.965092      98.68 1.8337e+03    293.920       7055  1028.1374  1028.1351    33.9731    33.9703    8.30312         28 0.0000e+00
    171.000    169.160    -1.0822  27.441129    -1.0796  27.440789     5.2038     5.2859    -0.0197    95.3430 1.0000e-12  -74.17530 -113.34460  26.965105      99.85 1.8342e+03    295.085       7083  1028.1448  1028.1419    33.9763    33.9730    8.30163         28 0.0000e+00
    172.000    170.149    -1.0746  27.448790    -1.0728  27.448153     5.2172     5.2923    -0.0164    95.3759 1.0000e-12  -74.17530 -113.34460  26.965119      99.87 1.8348e+03    296.257       7111  1028.1504  1028.1480    33.9776    33.9748    8.29988         28 0.0000e+00
    173.000    171.138    -1.0768  27.448168    -1.0754  27.447627     5.2243     5.3040    -0.0153    95.3890 1.0000e-12  -74.17530 -113.34460  26.965132      99.87 1.8342e+03    297.424       7139  1028.1564  1028.1545    33.9786    33.9763    8.30030         28 0.0000e+00
    174.000    172.127    -1.0803  27.447719    -1.0785  27.447274     5.2290     5.3110    -0.0104    95.4018 1.0000e-12  -74.17530 -113.34460  26.965146      99.87 1.8341e+03    298.586       7167  1028.1638  1028.1617    33.9813    33.9787    8.30092         28 0.0000e+00
    175.000    173.115    -1.0774  27.451833    -1.0757  27.451305     5.2357     5.3179    -0.0147    95.3941 1.0000e-12  -74.17530 -113.34460  26.965159      99.86 1.8345e+03    299.735       7195  1028.1701  1028.1678    33.9831    33.9804    8.30018         27 0.0000e+00
    176.000    174.105    -1.0755  27.454352    -1.0739  27.453575     5.2222     5.3049    -0.0150    95.4035 1.0000e-12  -74.17530 -113.34460  26.965172      99.87 1.8340e+03    300.870       7222  1028.1754  1028.1730    33.9838    33.9809    8.29972         27 0.0000e+00
    177.000    175.093    -1.0577  27.474997    -1.0558  27.473763     5.2263     5.2936    -0.0150    95.4039 1.0000e-12  -74.17530 -113.34460  26.965186      99.87 1.8339e+03    302.032       7250  1028.1851  1028.1820    33.9912    33.9873    8.29535         28 0.0000e+00
    178.000    176.083    -1.0327  27.503958    -1.0298  27.503874     5.2286     5.2997    -0.0150    95.3979 1.0000e-12  -74.17530 -113.34460  26.965199      99.87 1.8346e+03    303.217       7278  1028.1970  1028.1942    34.0018    33.9984    8.28920         29 0.0000e+00
    179.000    177.069    -1.0339  27.504666    -1.0321  27.504172     5.2393     5.3077    -0.0142    95.4220 1.0000e-12  -74.17530 -113.34460  26.965213      99.87 1.8352e+03    304.384       7306  1028.2035  1028.2013    34.0034    34.0008    8.28936         28 0.0000e+00
    180.000    178.060    -1.0354  27.504479    -1.0337  27.503505     5.2380     5.3189    -0.0142    95.4150 1.0000e-12  -74.17530 -113.34460  26.965226      88.90 1.8352e+03    305.534       7334  1028.2093  1028.2066    34.0043    34.0010    8.28964         27 0.0000e+00
    181.000    179.048    -1.0332  27.508953    -1.0318  27.508216     5.2301     5.3113    -0.0145    95.4035 1.0000e-12  -74.17530 -113.34460  26.965239      87.66 1.8352e+03    306.674       7361  1028.2166  1028.2144    34.0073    34.0047    8.28899         27 0.0000e+00
    182.000    180.038    -1.0303  27.512639    -1.0271  27.513355     5.2158     5.2984    -0.0079    95.4066 1.0000e-12  -74.17530 -113.34460  26.965253      99.20 1.8351e+03    307.826       7389  1028.2222  1028.2199    34.0084    34.0058    8.28828         28 0.0000e+00
