ocean_section_plots/required_files/ctd/dnbp2202_ctd250.cnv
* Sea-Bird SBE 9 Data File:
* FileName = D:\Data\raw\NBP2202_CTD250.hex
* Software Version Seasave V 7.26.7.121
* Temperature SN = 1649
* Conductivity SN = 2513
* Number of Bytes Per Scan = 40
* Number of Voltage Words = 5
* Number of Scans Averaged by the Deck Unit = 1
* NMEA Latitude = 73 57.38 S
* NMEA Longitude = 118 38.88 W
* NMEA UTC (Time) = Feb 15 2022  08:38:31
* NMEA baud rate = 9600
** Ship: RVIB N.B. Palmer
** Cruise: NBP2202 Thwaites
** Station: 158
** Operator: B. Bjork
# nquan = 28
# nvalues = 1377                        
# units = specified
# name 0 = prDM: Pressure, Digiquartz [db]
# name 1 = depSM: Depth [salt water, m]
# name 2 = t090C: Temperature [ITS-90, deg C]
# name 3 = c0mS/cm: Conductivity [mS/cm]
# name 4 = t190C: Temperature, 2 [ITS-90, deg C]
# name 5 = c1mS/cm: Conductivity, 2 [mS/cm]
# name 6 = sbeox0ML/L: Oxygen, SBE 43 [ml/l]
# name 7 = sbeox1ML/L: Oxygen, SBE 43, 2 [ml/l]
# name 8 = flECO-AFL: Fluorescence, WET Labs ECO-AFL/FL [mg/m^3]
# name 9 = CStarTr0: Beam Transmission, WET Labs C-Star [%]
# name 10 = par: PAR/Irradiance, Biospherical/Licor
# name 11 = latitude: Latitude [deg]
# name 12 = longitude: Longitude [deg]
# name 13 = timeJ: Julian Days
# name 14 = altM: Altimeter [m]
# name 15 = spar: SPAR, Biospherical/Licor
# name 16 = timeS: Time, Elapsed [seconds]
# name 17 = scan: Scan Count
# name 18 = density00: Density [density, kg/m^3]
# name 19 = density11: Density, 2 [density, kg/m^3]
# name 20 = v3: Voltage 3
# name 21 = v4: Voltage 4
# name 22 = v5: Voltage 5
# name 23 = sal00: Salinity, Practical [PSU]
# name 24 = sal11: Salinity, Practical, 2 [PSU]
# name 25 = oxsolML/L: Oxygen Saturation, Garcia & Gordon [ml/l]
# name 26 = nbin: number of scans per bin
# name 27 = flag: flag
# span 0 =      2.000,   1378.000       
# span 1 =      1.982,   1359.253       
# span 2 =    -1.7588,     0.7524       
# span 3 =  26.966241,  29.980112       
# span 4 =    -1.7581,     0.7545       
# span 5 =  26.966424,  29.980393       
# span 6 =     4.5674,     9.1886       
# span 7 =     4.6612,     9.4607       
# span 8 =    -0.0175,    12.5627       
# span 9 =    84.8654,    97.1567       
# span 10 = -1.252e-05, 1.5184e+00      
# span 11 =  -73.95648,  -73.95646      
# span 12 = -118.64806, -118.64800      
# span 13 =  46.362317,  46.379302      
# span 14 =       2.02,     100.14      
# span 15 = 1.7622e+01, 2.4250e+01      
# span 16 =    193.157,   1660.650      
# span 17 =       4637,      39857      
# span 18 =  1027.1468,  1034.1742      
# span 19 =  1027.1490,  1034.1724      
# span 20 =     4.0264,     4.6090      
# span 21 =     0.0638,     2.2756      
# span 22 =     0.1095,     0.2165      
# span 23 =    33.7775,    34.5902      
# span 24 =    33.7800,    34.5883      
# span 25 =    7.87810,    8.44681      
# span 26 =         18,         47      
# span 27 = 0.0000e+00, 0.0000e+00      
# interval = decibars: 1                
# start_time = Feb 15 2022 08:38:31 [NMEA time, header]
# bad_flag = -9.990e-29
*END*
[from data line 1347]
   1349.000   1330.742     0.7506  29.966347     0.7527  29.966712     4.5816     4.6612    -0.0004    96.9023 1.0000e-12  -73.95648 -118.64802  46.378599      31.34 1.9221e+01   1599.916      38399  1034.0406  1034.0390     4.5969     0.0675     0.1213    34.5899    34.5881    7.87846         31 0.0000e+00
   1350.000   1331.726     0.7506  29.966825     0.7527  29.967213     4.5849     4.6680     0.0045    96.8682 1.0000e-12  -73.95648 -118.64802  46.378614      30.34 1.8112e+01   1601.245      38431  1034.0453  1034.0437     4.5953     0.1028     0.1210    34.5900    34.5882    7.87846         32 0.0000e+00
   1351.000   1332.708     0.7506  29.967206     0.7528  29.967715     4.5837     4.6681     0.0020    96.8748 1.0000e-12  -73.95648 -118.64802  46.378629      29.33 1.8394e+01   1602.527      38462  1034.0499  1034.0483     4.5956     0.0662     0.1212    34.5900    34.5882    7.87846         30 0.0000e+00
   1352.000   1333.692     0.7508  29.967781     0.7528  29.968222     4.5813     4.6704    -0.0004    96.8728 1.0000e-12  -73.95647 -118.64802  46.378643      28.32 1.9625e+01   1603.740      38491  1034.0544  1034.0530     4.5955     0.0669     0.1195    34.5899    34.5883    7.87842         29 0.0000e+00
   1353.000   1334.674     0.7508  29.968139     0.7529  29.968707     4.5877     4.6717     0.0552    96.8867 1.0000e-12  -73.95647 -118.64802  46.378657      27.30 1.8399e+01   1604.973      38520  1034.0590  1034.0576     4.5962     0.0666     0.1239    34.5899    34.5883    7.87843         30 0.0000e+00
   1354.000   1335.659     0.7509  29.968678     0.7530  29.969129     4.5845     4.6736     0.1434    96.9177 1.0000e-12  -73.95646 -118.64802  46.378673      26.29 1.7941e+01   1606.311      38552  1034.0637  1034.0621     4.5976     0.0672     0.1223    34.5899    34.5882    7.87841         34 0.0000e+00
   1355.000   1336.642     0.7509  29.969149     0.7532  29.969542     4.5837     4.6731     0.0224    96.9149 1.0000e-12  -73.95646 -118.64802  46.378690      25.28 1.9158e+01   1607.784      38588  1034.0683  1034.0665     4.5976     0.0670     0.1207    34.5900    34.5880    7.87841         36 0.0000e+00
   1356.000   1337.624     0.7511  29.969722     0.7532  29.970126     4.5875     4.6715    -0.0005    96.8883 1.0000e-12  -73.95646 -118.64802  46.378706      24.32 1.7998e+01   1609.215      38622  1034.0729  1034.0713     4.5962     0.0677     0.1229    34.5900    34.5882    7.87837         33 0.0000e+00
   1357.000   1338.608     0.7511  29.970111     0.7532  29.970631     4.5842     4.6730     0.0056    96.8432 1.0000e-12  -73.95646 -118.64802  46.378721      23.37 1.8251e+01   1610.522      38654  1034.0774  1034.0760     4.5941     0.0660     0.1214    34.5899    34.5883    7.87836         31 0.0000e+00
   1358.000   1339.590     0.7511  29.970577     0.7533  29.971033     4.5835     4.6717     0.0064    96.8944 1.0000e-12  -73.95646 -118.64802  46.378736      22.28 1.8722e+01   1611.822      38685  1034.0821  1034.0804     4.5965     0.0671     0.1189    34.5899    34.5881    7.87836         30 0.0000e+00
   1359.000   1340.575     0.7511  29.971075     0.7534  29.971544     4.5941     4.6688     0.0139    96.9189 1.0000e-12  -73.95647 -118.64802  46.378753      21.32 1.8466e+01   1613.248      38719  1034.0868  1034.0850     4.5977     0.0673     0.1175    34.5901    34.5881    7.87836         36 0.0000e+00
   1360.000   1341.557     0.7512  29.971548     0.7535  29.971992     4.5799     4.6734     0.0062    96.9134 1.0000e-12  -73.95647 -118.64802  46.378771      20.27 1.8422e+01   1614.854      38757  1034.0913  1034.0895     4.5975     0.0669     0.1166    34.5900    34.5880    7.87834         40 0.0000e+00
   1361.000   1342.541     0.7513  29.972012     0.7536  29.972519     4.5869     4.6756    -0.0035    96.9002 1.0000e-12  -73.95647 -118.64802  46.378790      19.27 1.8721e+01   1616.439      38796  1034.0959  1034.0942     4.5968     0.0678     0.1227    34.5899    34.5881    7.87832         34 0.0000e+00
   1362.000   1343.524     0.7514  29.972508     0.7536  29.972902     4.5835     4.6687    -0.0023    96.8109 1.0000e-12  -73.95648 -118.64802  46.378807      18.31 1.8409e+01   1617.889      38830  1034.1005  1034.0987     4.5926     0.0688     0.1306    34.5899    34.5881    7.87830         32 0.0000e+00
   1363.000   1344.508     0.7513  29.972878     0.7537  29.973362     4.5876     4.6710    -0.0004    96.9218 1.0000e-12  -73.95648 -118.64802  46.378824      17.28 1.8264e+01   1619.434      38867  1034.1051  1034.1033     4.5978     0.0675     0.1167    34.5900    34.5880    7.87832         39 0.0000e+00
   1364.000   1345.490     0.7514  29.973379     0.7537  29.973849     4.5847     4.6694    -0.0049    96.9350 1.0000e-12  -73.95648 -118.64802  46.378845      16.23 1.8279e+01   1621.217      38910  1034.1097  1034.1080     4.5985     0.0725     0.1198    34.5900    34.5881    7.87830         38 0.0000e+00
   1365.000   1346.474     0.7516  29.973936     0.7538  29.974379     4.5843     4.6703     0.0048    96.9263 1.0000e-12  -73.95648 -118.64802  46.378864      15.27 1.8540e+01   1622.871      38950  1034.1143  1034.1126     4.5981     0.0687     0.1163    34.5900    34.5881    7.87827         37 0.0000e+00
   1366.000   1347.458     0.7517  29.974404     0.7539  29.974826     4.5858     4.6721     0.0599    96.9258 1.0000e-12  -73.95648 -118.64802  46.378882      14.26 1.8248e+01   1624.379      38986  1034.1189  1034.1172     4.5980     0.0674     0.1199    34.5899    34.5881    7.87825         37 0.0000e+00
   1367.000   1348.441     0.7516  29.974901     0.7540  29.975356     4.5885     4.6728     0.0164    96.9243 1.0000e-12  -73.95648 -118.64802  46.378901      13.24 1.8246e+01   1626.025      39026  1034.1237  1034.1218     4.5980     0.0695     0.1233    34.5901    34.5881    7.87826         40 0.0000e+00
   1368.000   1349.424     0.7518  29.975372     0.7540  29.975791     4.5820     4.6728     0.0043    96.9153 1.0000e-12  -73.95648 -118.64802  46.378923      12.22 1.8284e+01   1627.943      39072  1034.1281  1034.1264     4.5975     0.0670     0.1227    34.5900    34.5881    7.87823         35 0.0000e+00
   1369.000   1350.408     0.7518  29.975843     0.7541  29.976267     4.5867     4.6703    -0.0045    96.9274 1.0000e-12  -73.95648 -118.64802  46.378945      11.23 1.8278e+01   1629.811      39116  1034.1328  1034.1310     4.5981     0.0687     0.1213    34.5900    34.5881    7.87822         38 0.0000e+00
   1370.000   1351.389     0.7518  29.976287     0.7541  29.976710     4.5859     4.6613    -0.0032    96.9453 1.0000e-12  -73.95648 -118.64803  46.378965      10.23 1.8039e+01   1631.597      39159  1034.1374  1034.1356     4.5989     0.0684     0.1167    34.5900    34.5880    7.87822         34 0.0000e+00
   1371.000   1352.373     0.7519  29.976749     0.7542  29.977189     4.5787     4.6681    -0.0021    96.9171 1.0000e-12  -73.95648 -118.64803  46.378986       9.22 1.8299e+01   1633.392      39202  1034.1419  1034.1402     4.5976     0.0679     0.1185    34.5900    34.5881    7.87820         39 0.0000e+00
   1372.000   1353.357     0.7519  29.977242     0.7542  29.977721     4.5871     4.6689    -0.0047    96.9250 1.0000e-12  -73.95648 -118.64804  46.379010       8.16 1.8026e+01   1635.446      39252  1034.1466  1034.1448     4.5980     0.0684     0.1194    34.5901    34.5881    7.87819         44 0.0000e+00
   1373.000   1354.340     0.7520  29.977702     0.7543  29.978200     4.5867     4.6696    -0.0033    96.9136 1.0000e-12  -73.95648 -118.64804  46.379033       7.22 1.8363e+01   1637.496      39301  1034.1511  1034.1494     4.5974     0.0677     0.1274    34.5900    34.5881    7.87817         43 0.0000e+00
   1374.000   1355.323     0.7521  29.978182     0.7544  29.978607     4.5847     4.6700    -0.0005    96.9138 1.0000e-12  -73.95648 -118.64804  46.379063       6.15 1.8342e+01   1640.078      39363  1034.1557  1034.1540     4.5975     0.0698     0.1242    34.5900    34.5881    7.87816         47 0.0000e+00
   1375.000   1356.307     0.7523  29.978706     0.7545  29.979144     4.5850     4.6694     0.0040    96.8862 1.0000e-12  -73.95648 -118.64804  46.379114       5.22 1.8055e+01   1644.424      39467  1034.1603  1034.1586     4.5961     0.0703     0.1166    34.5899    34.5881    7.87813         40 0.0000e+00
   1376.000   1357.291     0.7522  29.979142     0.7545  29.979601     4.5834     4.6646     0.0054    96.8783 1.0000e-12  -73.95647 -118.64804  46.379144       4.13 1.8336e+01   1647.016      39529  1034.1650  1034.1632     4.5957     0.0686     0.1195    34.5901    34.5881    7.87814         35 0.0000e+00
   1377.000   1358.271     0.7523  29.979593     0.7545  29.980012     4.5860     4.6726     0.0094    96.8972 1.0000e-12  -73.95647 -118.64804  46.379181       3.14 1.8114e+01   1650.196      39606  1034.1695  1034.1678     4.5968     0.0678     0.1183    34.5900    34.5880    7.87813         40 0.0000e+00
   1378.000   1359.253     0.7524  29.980112     0.7545  29.980393     4.5845     4.6730    -0.0081    96.9060 1.0000e-12  -73.95646 -118.64804  46.379302       2.02 1.8434e+01   1660.650      39857  1034.1742  1034.1724     4.5970     0.0687     0.1229    34.5900    34.5880    7.87810         18 0.0000e+00
