ocean_section_plots/required_files/ctd/dnbp2202_ctd153.cnv
* Sea-Bird SBE 9 Data File:
* FileName = D:\Data\raw\NBP2202_CTD153.hex
* Software Version Seasave V 7.26.7.121
* Temperature SN = 1649
* Conductivity SN = 2513
* Number of Bytes Per Scan = 40
* Number of Voltage Words = 5
* Number of Scans Averaged by the Deck Unit = 1
* NMEA Latitude = 74 06.59 S
* NMEA Longitude = 113 19.34 W
* NMEA UTC (Time) = Jan 31 2022  12:31:17
* NMEA baud rate = 9600
** Ship: RVIB N.B. Palmer
** Cruise: NBP2202 Thwaites
** Station: Yo-Yo 002
** Operator: B. Bjork
# nquan = 28
# nvalues = 414                         
# units = specified
# name 0 = prDM: Pressure, Digiquartz [db]
# name 1 = depSM: Depth [salt water, m]
# name 2 = t090C: Temperature [ITS-90, deg C]
# name 3 = c0mS/cm: Conductivity [mS/cm]
# name 4 = t190C: Temperature, 2 [ITS-90, deg C]
# name 5 = c1mS/cm: Conductivity, 2 [mS/cm]
# name 6 = sbeox0ML/L: Oxygen, SBE 43 [ml/l]
# name 7 = sbeox1ML/L: Oxygen, SBE 43, 2 [ml/l]
# name 8 = flECO-AFL: Fluorescence, WET Labs ECO-AFL/FL [mg/m^3]
# name 9 = CStarTr0: Beam Transmission, WET Labs C-Star [%]
# name 10 = par: PAR/Irradiance, Biospherical/Licor
# name 11 = latitude: Latitude [deg]
# name 12 = longitude: Longitude [deg]
# name 13 = timeJ: Julian Days
# name 14 = altM: Altimeter [m]
# name 15 = spar: SPAR, Biospherical/Licor
# name 16 = timeS: Time, Elapsed [seconds]
# name 17 = scan: Scan Count
# name 18 = density00: Density [density, kg/m^3]
# name 19 = density11: Density, 2 [density, kg/m^3]
# name 20 = v3: Voltage 3
# name 21 = v4: Voltage 4
# name 22 = v5: Voltage 5
# name 23 = sal00: Salinity, Practical [PSU]
# name 24 = sal11: Salinity, Practical, 2 [PSU]
# name 25 = oxsolML/L: Oxygen Saturation, Garcia & Gordon [ml/l]
# name 26 = nbin: number of scans per bin
# name 27 = flag: flag
# span 0 =     10.000,    423.000       
# span 1 =      9.898,    418.195       
# span 2 =    -1.4507,    -0.1792       
# span 3 =  27.020615,  28.539072       
# span 4 =    -1.4492,    -0.1759       
# span 5 =  27.020561,  28.540064       
# span 6 =     4.7685,     7.9711       
# span 7 =     4.8602,     8.1394       
# span 8 =    -0.0222,    23.2239       
# span 9 =    71.3599,    93.6425       
# span 10 = 1.0000e-12, 5.5248e+00      
# span 11 =  -74.10994,  -74.10991      
# span 12 = -113.32238, -113.32234      
# span 13 =  31.522060,  31.528876      
# span 14 =       4.21,     100.00      
# span 15 = 1.1865e+03, 1.2395e+03      
# span 16 =     29.025,    617.888      
# span 17 =        698,      14830      
# span 18 =  1027.2371,  1029.5488      
# span 19 =  1027.2353,  1029.5467      
# span 20 =     3.3862,     4.4423      
# span 21 =     0.0638,     3.3733      
# span 22 =     0.1228,     0.2609      
# span 23 =    33.8032,    34.2854      
# span 24 =    33.8015,    34.2830      
# span 25 =    8.08817,    8.39015      
# span 26 =         22,         76      
# span 27 = 0.0000e+00, 0.0000e+00      
# interval = decibars: 1                
# start_time = Jan 31 2022 12:31:17 [NMEA time, header]
# bad_flag = -9.990e-29
*END*
     10.000      9.898    -1.1313  27.200541    -1.1296  27.200707     7.9705     7.8334    16.7644    72.7295 5.5248e+00  -74.10992 -113.32236  31.522060      95.61 1.1865e+03     29.025        698  1027.2371  1027.2353     3.4504     2.7569     0.2041    33.8032    33.8015    8.32273         23 0.0000e+00
     11.000     10.886    -1.1313  27.201184    -1.1297  27.201168     7.9692     7.9363    17.8007    73.1425 4.2821e+00  -74.10992 -113.32236  31.522091      99.80 1.1869e+03     31.646        760  1027.2418  1027.2401     3.4705     2.6399     0.1749    33.8035    33.8016    8.32272         44 0.0000e+00
     12.000     11.875    -1.1309  27.202052    -1.1289  27.202544     7.9651     7.9613    18.2010    72.0831 3.3552e+00  -74.10992 -113.32236  31.522112      99.93 1.1888e+03     33.512        805  1027.2465  1027.2449     3.4200     2.9330     0.1829    33.8036    33.8019    8.32262         33 0.0000e+00
     13.000     12.865    -1.1295  27.203767    -1.1280  27.203851     7.9652     7.9799    17.7987    71.8161 2.5446e+00  -74.10992 -113.32236  31.522128      99.91 1.1896e+03     34.863        838  1027.2513  1027.2498     3.4074     2.7204     0.2172    33.8037    33.8022    8.32230         34 0.0000e+00
     14.000     13.855    -1.1289  27.204824    -1.1275  27.204653     7.9711     8.0098    17.7804    73.1734 1.9450e+00  -74.10992 -113.32236  31.522147      99.90 1.1889e+03     36.482        877  1027.2561  1027.2544     3.4716     2.7517     0.2333    33.8039    33.8020    8.32216         40 0.0000e+00
     15.000     14.844    -1.1293  27.204922    -1.1273  27.205196     7.9634     8.0406    19.2422    71.6588 1.5446e+00  -74.10992 -113.32236  31.522169      99.84 1.1896e+03     38.401        923  1027.2608  1027.2591     3.4002     2.7790     0.2609    33.8039    33.8020    8.32225         38 0.0000e+00
     16.000     15.834    -1.1257  27.208597    -1.1245  27.208391     7.9616     8.0495    19.1422    72.4930 1.2018e+00  -74.10992 -113.32236  31.522189      99.92 1.1909e+03     40.087        963  1027.2656  1027.2642     3.4393     2.7263     0.2259    33.8042    33.8025    8.32143         38 0.0000e+00
     17.000     16.824    -1.1257  27.209272    -1.1241  27.209244     7.9618     8.0682    19.3266    73.0994 9.2034e-01  -74.10992 -113.32236  31.522207      99.89 1.1902e+03     41.654       1001  1027.2706  1027.2690     3.4682     2.7167     0.2027    33.8044    33.8026    8.32140         39 0.0000e+00
     18.000     17.813    -1.1253  27.209942    -1.1238  27.209976     7.9693     8.0779    16.7475    73.0750 7.2376e-01  -74.10992 -113.32236  31.522226      99.25 1.1904e+03     43.335       1041  1027.2753  1027.2738     3.4670     2.9417     0.2027    33.8042    33.8026    8.32132         39 0.0000e+00
     19.000     18.803    -1.1249  27.210824    -1.1237  27.210521     7.9661     8.0805    21.2010    72.6832 5.6993e-01  -74.10992 -113.32236  31.522248      99.94 1.1925e+03     45.218       1086  1027.2801  1027.2786     3.4485     2.8109     0.2005    33.8044    33.8026    8.32123         38 0.0000e+00
     20.000     19.792    -1.1253  27.210889    -1.1241  27.210577     7.9660     8.0955    19.4729    72.8818 4.3419e-01  -74.10992 -113.32236  31.522270      99.93 1.1924e+03     47.159       1133  1027.2849  1027.2834     3.4579     2.9091     0.1986    33.8044    33.8026    8.32133         44 0.0000e+00
     21.000     20.782    -1.1259  27.210820    -1.1246  27.210547     7.9675     8.1076    18.9667    72.7307 3.3263e-01  -74.10992 -113.32236  31.522293      99.88 1.1916e+03     49.111       1180  1027.2897  1027.2882     3.4507     2.7709     0.1761    33.8043    33.8025    8.32147         47 0.0000e+00
     22.000     21.772    -1.1260  27.211220    -1.1248  27.210892     7.9638     8.1143    18.3470    72.0894 2.5550e-01  -74.10992 -113.32236  31.522317      99.94 1.1922e+03     51.227       1230  1027.2945  1027.2930     3.4206     2.8800     0.1987    33.8043    33.8025    8.32148         40 0.0000e+00
     23.000     22.761    -1.1255  27.212147    -1.1239  27.212055     7.9688     8.1182    23.2239    73.3312 1.9982e-01  -74.10992 -113.32236  31.522342      99.88 1.1937e+03     53.354       1281  1027.2994  1027.2977     3.4792     2.7330     0.1876    33.8044    33.8025    8.32137         42 0.0000e+00
     24.000     23.751    -1.1248  27.213271    -1.1230  27.213279     7.9559     8.1149    18.2913    73.3646 1.5211e-01  -74.10992 -113.32236  31.522364      96.74 1.1939e+03     55.270       1327  1027.3042  1027.3025     3.4807     2.7676     0.2104    33.8045    33.8025    8.32120         42 0.0000e+00
     25.000     24.739    -1.1213  27.216721    -1.1205  27.215969     7.9589     8.1162    18.0269    73.0712 1.1109e-01  -74.10992 -113.32236  31.522387      98.90 1.1942e+03     57.237       1375  1027.3089  1027.3074     3.4667     2.4733     0.1815    33.8047    33.8028    8.32042         41 0.0000e+00
     26.000     25.728    -1.1216  27.217125    -1.1196  27.217070     7.9563     8.1128    17.3265    72.2303 7.8488e-02  -74.10992 -113.32237  31.522413      99.99 1.1952e+03     59.524       1430  1027.3140  1027.3121     3.4270     3.3733     0.2038    33.8049    33.8027    8.32047         29 0.0000e+00
     27.000     26.719    -1.1183  27.220354    -1.1148  27.222000     7.9480     8.1128    18.8208    72.9662 5.3723e-02  -74.10992 -113.32237  31.522437      99.81 1.1952e+03     61.536       1478  1027.3187  1027.3172     3.4619     2.5690     0.1999    33.8051    33.8034    8.31974         40 0.0000e+00
     28.000     27.708    -1.1167  27.222291    -1.1149  27.222643     7.9490     8.1175    19.9061    73.5714 3.2960e-02  -74.10992 -113.32237  31.522460      99.86 1.1971e+03     63.530       1526  1027.3236  1027.3223     3.4908     2.9587     0.1982    33.8053    33.8036    8.31937         46 0.0000e+00
     29.000     28.698    -1.1224  27.217541    -1.1204  27.217801     7.9484     8.1205    20.2492    73.5102 1.5967e-02  -74.10992 -113.32237  31.522483      99.88 1.1959e+03     65.576       1575  1027.3282  1027.3266     3.4875     2.8208     0.1868    33.8045    33.8026    8.32067         41 0.0000e+00
     30.000     29.688    -1.1219  27.218449    -1.1193  27.219213     7.9541     8.1293    19.1520    73.9524 1.5470e-03  -74.10992 -113.32237  31.522506      99.75 1.1959e+03     67.501       1621  1027.3330  1027.3314     3.5087     2.5133     0.2161    33.8046    33.8027    8.32055         46 0.0000e+00
     31.000     30.677    -1.1215  27.219387    -1.1190  27.220016     7.9507     8.1218    17.9270    73.9963 1.3962e-05  -74.10992 -113.32236  31.522528      97.40 1.1954e+03     69.423       1667  1027.3379  1027.3363     3.5108     2.6897     0.2132    33.8047    33.8028    8.32045         40 0.0000e+00
     32.000     31.666    -1.1189  27.222235    -1.1173  27.221915     7.9491     8.1301    17.7278    74.0859 1.0000e-12  -74.10992 -113.32237  31.522550      99.87 1.1960e+03     71.316       1713  1027.3429  1027.3411     3.5150     2.9493     0.1975    33.8051    33.8029    8.31985         39 0.0000e+00
     33.000     32.656    -1.1213  27.220446    -1.1194  27.220623     7.9556     8.1314    17.7274    72.8912 1.0000e-12  -74.10992 -113.32237  31.522571      99.93 1.1955e+03     73.158       1757  1027.3475  1027.3460     3.4583     3.3053     0.2183    33.8047    33.8029    8.32040         38 0.0000e+00
     34.000     33.646    -1.1221  27.220078    -1.1207  27.219795     7.9556     8.1389    17.4607    73.0423 1.0000e-12  -74.10992 -113.32236  31.522594      99.81 1.1963e+03     75.136       1804  1027.3523  1027.3506     3.4649     2.9729     0.1834    33.8046    33.8026    8.32061         37 0.0000e+00
     35.000     34.635    -1.1248  27.218030    -1.1231  27.218057     7.9438     8.1394    19.5791    72.0331 1.0000e-12  -74.10992 -113.32236  31.522618      99.98 1.1953e+03     77.223       1854  1027.3569  1027.3553     3.4175     2.8725     0.2034    33.8042    33.8023    8.32123         37 0.0000e+00
     36.000     35.624    -1.1200  27.223387    -1.1195  27.221975     7.9362     8.1345    19.0225    73.0907 1.0000e-12  -74.10992 -113.32236  31.522640      99.88 1.1956e+03     79.130       1900  1027.3624  1027.3604     3.4667     2.7764     0.1920    33.8054    33.8029    8.32008         37 0.0000e+00
     37.000     36.614    -1.1192  27.224530    -1.1178  27.224019     7.9329     8.1280    18.2075    73.1233 1.0000e-12  -74.10992 -113.32236  31.522662      96.79 1.1968e+03     81.040       1946  1027.3672  1027.3654     3.4694     2.8420     0.1980    33.8055    33.8032    8.31991         42 0.0000e+00
     38.000     37.604    -1.1192  27.225175    -1.1173  27.225153     7.9322     8.1297    16.9321    72.7419 1.0000e-12  -74.10992 -113.32236  31.522686      95.90 1.1978e+03     83.064       1995  1027.3723  1027.3704     3.4513     2.7087     0.2043    33.8058    33.8035    8.31989         44 0.0000e+00
     39.000     38.593    -1.1177  27.226830    -1.1166  27.226271     7.9304     8.1302    18.8054    72.2600 1.0000e-12  -74.10992 -113.32236  31.522710      99.85 1.1975e+03     85.128       2044  1027.3770  1027.3753     3.4282     2.6200     0.2174    33.8058    33.8037    8.31956         29 0.0000e+00
     40.000     39.583    -1.1186  27.226822    -1.1169  27.226688     7.9242     8.1261    18.3176    72.3567 1.0000e-12  -74.10992 -113.32236  31.522733      99.93 1.1981e+03     87.148       2093  1027.3822  1027.3804     3.4331     2.7612     0.2239    33.8061    33.8040    8.31974         40 0.0000e+00
     41.000     40.571    -1.1182  27.227643    -1.1163  27.227577     7.9212     8.1150    18.1964    72.9117 1.0000e-12  -74.10992 -113.32236  31.522755      99.88 1.1975e+03     89.036       2138  1027.3870  1027.3851     3.4592     2.6518     0.2061    33.8062    33.8039    8.31965         44 0.0000e+00
     42.000     41.561    -1.1183  27.228057    -1.1165  27.228047     7.9188     8.1105    17.3308    73.3600 1.0000e-12  -74.10992 -113.32236  31.522776      99.75 1.1985e+03     90.834       2181  1027.3918  1027.3901     3.4806     2.5161     0.2072    33.8062    33.8041    8.31967         39 0.0000e+00
     43.000     42.551    -1.1213  27.226210    -1.1198  27.226071     7.9052     8.0923    18.3439    71.3599 1.0000e-12  -74.10992 -113.32236  31.522798      99.84 1.1976e+03     92.787       2228  1027.3970  1027.3954     3.3862     2.7163     0.2093    33.8065    33.8045    8.32032         47 0.0000e+00
     44.000     43.541    -1.1243  27.224590    -1.1232  27.223960     7.7330     7.9341    18.6472    71.7099 1.0000e-12  -74.10992 -113.32236  31.522824      97.08 1.1978e+03     94.956       2280  1027.4024  1027.4007     3.4024     2.8361     0.2317    33.8070    33.8049    8.32096         41 0.0000e+00
     45.000     44.530    -1.1607  27.198036    -1.1634  27.196198     7.4626     7.6889    17.3084    72.7113 1.0000e-12  -74.10992 -113.32236  31.522845      99.87 1.1985e+03     96.840       2325  1027.4128  1027.4134     3.4497     2.6823     0.2126    33.8111    33.8117    8.32881         37 0.0000e+00
     46.000     45.519    -1.1945  27.174288    -1.1944  27.173784     7.3089     7.5488    16.0173    73.2396 1.0000e-12  -74.10992 -113.32236  31.522865      99.82 1.2000e+03     98.509       2365  1027.4234  1027.4229     3.4749     2.5435     0.1894    33.8161    33.8153    8.33603         41 0.0000e+00
     47.000     46.508    -1.2257  27.151861    -1.2287  27.148227     7.3942     7.5778    16.9661    73.0720 1.0000e-12  -74.10992 -113.32236  31.522889      99.76 1.1986e+03    100.634       2416  1027.4328  1027.4317     3.4671     2.5592     0.1969    33.8200    33.8184    8.34277         44 0.0000e+00
     48.000     47.498    -1.1965  27.174572    -1.1997  27.170150     7.5357     7.7178    15.4922    74.2865 1.0000e-12  -74.10992 -113.32235  31.522915      99.46 1.1980e+03    102.818       2469  1027.4332  1027.4315     3.5245     2.1240     0.2048    33.8175    33.8151    8.33640         39 0.0000e+00
     49.000     48.488    -1.1907  27.178673    -1.1868  27.180558     7.5693     7.7412    16.1623    73.6171 1.0000e-12  -74.10992 -113.32235  31.522934      99.82 1.1995e+03    104.533       2510  1027.4363  1027.4345     3.4928     2.6017     0.2077    33.8159    33.8141    8.33519         37 0.0000e+00
     50.000     49.475    -1.1810  27.186457    -1.1761  27.188431     7.4475     7.6259    17.9957    74.2607 1.0000e-12  -74.10992 -113.32235  31.522956      99.71 1.1993e+03    106.363       2554  1027.4396  1027.4372     3.5233     2.3987     0.2035    33.8150    33.8122    8.33308         33 0.0000e+00
     51.000     50.467    -1.2221  27.155963    -1.2215  27.155458     7.2160     7.4289    17.8552    74.4607 1.0000e-12  -74.10992 -113.32235  31.522979      92.63 1.1970e+03    108.391       2602  1027.4502  1027.4491     3.5328     2.6837     0.1805    33.8190    33.8177    8.34201         43 0.0000e+00
     52.000     51.456    -1.2566  27.129939    -1.2497  27.135445     7.0171     7.2425    14.8705    74.6221 1.0000e-12  -74.10991 -113.32235  31.523002      99.41 1.1985e+03    110.343       2649  1027.4590  1027.4584     3.5404     2.3501     0.1844    33.8217    33.8215    8.34956         45 0.0000e+00
     53.000     52.445    -1.2869  27.109506    -1.2880  27.107095     7.0626     7.2365    18.6623    75.4556 1.0000e-12  -74.10992 -113.32235  31.523025      99.61 1.2000e+03    112.379       2698  1027.4697  1027.4681     3.5799     2.2778     0.1847    33.8273    33.8252    8.35601         40 0.0000e+00
     54.000     53.434    -1.2716  27.120950    -1.2710  27.120185     7.0791     7.2445    15.7839    75.4482 1.0000e-12  -74.10992 -113.32235  31.523047      99.45 1.2017e+03    114.270       2743  1027.4714  1027.4699     3.5797     2.0558     0.2084    33.8251    33.8233    8.35272         39 0.0000e+00
     55.000     54.424    -1.2741  27.119713    -1.2748  27.118432     6.9697     7.1404    12.3554    75.7585 1.0000e-12  -74.10992 -113.32235  31.523068      99.49 1.2015e+03    116.090       2787  1027.4764  1027.4758     3.5945     2.1193     0.1966    33.8255    33.8247    8.35324         36 0.0000e+00
     56.000     55.413    -1.3096  27.093548    -1.3092  27.094442     6.7934     6.9453    13.7474    76.8553 1.0000e-12  -74.10992 -113.32235  31.523092      99.60 1.2002e+03    118.131       2836  1027.4861  1027.4866     3.6464     2.3646     0.2135    33.8292    33.8300    8.36099         42 0.0000e+00
     57.000     56.403    -1.3380  27.072758    -1.3504  27.063738     6.5709     6.7659    13.9845    77.4932 1.0000e-12  -74.10992 -113.32235  31.523114      99.37 1.2030e+03    120.076       2883  1027.4946  1027.4966     3.6759     1.8440     0.1883    33.8322    33.8338    8.36718         42 0.0000e+00
     58.000     57.392    -1.3800  27.041949    -1.3786  27.042396     6.5067     6.6918    12.2412    77.3316 1.0000e-12  -74.10992 -113.32236  31.523135      95.13 1.2031e+03    121.856       2926  1027.5050  1027.5042     3.6697     2.3225     0.1956    33.8367    33.8358    8.37633         39 0.0000e+00
     59.000     58.381    -1.3858  27.038533    -1.3852  27.037695     6.5094     6.6760    14.0749    79.0931 1.0000e-12  -74.10992 -113.32236  31.523157      99.43 1.2033e+03    123.755       2971  1027.5106  1027.5090     3.7524     2.0681     0.1803    33.8379    33.8361    8.37756         46 0.0000e+00
     60.000     59.371    -1.3886  27.037066    -1.3874  27.036944     6.4983     6.6496    14.4464    79.2829 1.0000e-12  -74.10992 -113.32236  31.523181      99.55 1.2026e+03    125.851       3021  1027.5154  1027.5141     3.7613     1.9302     0.1637    33.8384    33.8369    8.37816         43 0.0000e+00
