ocean_section_plots/required_files/ctd/dnbp2202_ctd258.cnv
* Sea-Bird SBE 9 Data File:
* FileName = D:\Data\raw\NBP2202_CTD258.hex
* Software Version Seasave V 7.26.7.121
* Temperature SN = 1649
* Conductivity SN = 2513
* Number of Bytes Per Scan = 40
* Number of Voltage Words = 5
* Number of Scans Averaged by the Deck Unit = 1
* NMEA Latitude = 73 48.03 S
* NMEA Longitude = 112 40.06 W
* NMEA UTC (Time) = Feb 17 2022  12:11:53
* NMEA baud rate = 9600
** Ship: RVIB N.B. Palmer
** Cruise: NBP2202 Thwaites
** Station: 12
** Operator: B. Bjork
# nquan = 28
# nvalues = 740                         
# units = specified
# name 0 = prDM: Pressure, Digiquartz [db]
# name 1 = depSM: Depth [salt water, m]
# name 2 = t090C: Temperature [ITS-90, deg C]
# name 3 = c0mS/cm: Conductivity [mS/cm]
# name 4 = t190C: Temperature, 2 [ITS-90, deg C]
# name 5 = c1mS/cm: Conductivity, 2 [mS/cm]
# name 6 = sbeox0ML/L: Oxygen, SBE 43 [ml/l]
# name 7 = sbeox1ML/L: Oxygen, SBE 43, 2 [ml/l]
# name 8 = flECO-AFL: Fluorescence, WET Labs ECO-AFL/FL [mg/m^3]
# name 9 = CStarTr0: Beam Transmission, WET Labs C-Star [%]
# name 10 = par: PAR/Irradiance, Biospherical/Licor
# name 11 = latitude: Latitude [deg]
# name 12 = longitude: Longitude [deg]
# name 13 = timeJ: Julian Days
# name 14 = altM: Altimeter [m]
# name 15 = spar: SPAR, Biospherical/Licor
# name 16 = timeS: Time, Elapsed [seconds]
# name 17 = scan: Scan Count
# name 18 = density00: Density [density, kg/m^3]
# name 19 = density11: Density, 2 [density, kg/m^3]
# name 20 = v3: Voltage 3
# name 21 = v4: Voltage 4
# name 22 = v5: Voltage 5
# name 23 = sal00: Salinity, Practical [PSU]
# name 24 = sal11: Salinity, Practical, 2 [PSU]
# name 25 = oxsolML/L: Oxygen Saturation, Garcia & Gordon [ml/l]
# name 26 = nbin: number of scans per bin
# name 27 = flag: flag
# span 0 =      2.000,    741.000       
# span 1 =      1.965,    732.054       
# span 2 =    -1.4736,     0.5353       
# span 3 =  27.083730,  29.495948       
# span 4 =    -1.4737,     0.5375       
# span 5 =  27.084170,  29.496696       
# span 6 =     4.5900,     9.3624       
# span 7 =     4.7563,     9.7053       
# span 8 =     0.0008,    26.2801       
# span 9 =    74.1046,    96.5181       
# span 10 = -1.592e-06, 2.7917e+01      
# span 11 =  -73.80052,  -73.80034      
# span 12 = -112.66784, -112.66688      
# span 13 =  48.511144,  48.520978      
# span 14 =       2.10,     100.02      
# span 15 = 6.9956e+01, 9.4639e+01      
# span 16 =    249.901,   1099.460      
# span 17 =       5999,      26388      
# span 18 =  1027.1375,  1031.2133      
# span 19 =  1027.1394,  1031.2120      
# span 20 =     3.5160,     4.5787      
# span 21 =     0.0680,     3.8577      
# span 22 =     0.1134,     0.2480      
# span 23 =    33.7385,    34.5598      
# span 24 =    33.7402,    34.5579      
# span 25 =    7.92403,    8.38980      
# span 26 =          1,         48      
# span 27 = 0.0000e+00, 0.0000e+00      
# interval = decibars: 1                
# start_time = Feb 17 2022 12:11:53 [NMEA time, header]
# bad_flag = -9.990e-29
*END*
[from data line 725]
    727.000    718.229     0.5336  29.488762     0.5358  29.489375     4.6111     4.7585     0.0390    96.2416 1.0000e-12  -73.80034 -112.66692  48.520506      16.46 9.2325e+01   1058.765      25411  1031.1481  1031.1465     4.5655     0.0730     0.1213    34.5595    34.5577    7.92435         32 0.0000e+00
    728.000    719.215     0.5337  29.489292     0.5359  29.489840     4.6114     4.7581     0.0426    96.1983 1.0000e-12  -73.80034 -112.66692  48.520540      15.50 9.2832e+01   1061.622      25480  1031.1527  1031.1512     4.5635     0.0743     0.1232    34.5594    34.5577    7.92432         33 0.0000e+00
    729.000    720.202     0.5337  29.489812     0.5361  29.490452     4.6065     4.7650     0.0355    96.2292 1.0000e-12  -73.80034 -112.66692  48.520573      14.40 9.2798e+01   1064.473      25548  1031.1574  1031.1559     4.5649     0.0741     0.1218    34.5595    34.5577    7.92432         36 0.0000e+00
    730.000    721.190     0.5339  29.490540     0.5362  29.491061     4.6077     4.7600     0.0429    96.2472 1.0000e-12  -73.80034 -112.66692  48.520606      13.34 9.3067e+01   1067.345      25617  1031.1622  1031.1606     4.5658     0.0723     0.1226    34.5596    34.5577    7.92427         43 0.0000e+00
    731.000    722.174     0.5341  29.491044     0.5363  29.491587     4.6050     4.7620     0.0476    96.2052 1.0000e-12  -73.80034 -112.66693  48.520639      12.32 9.2794e+01   1070.244      25687  1031.1668  1031.1653     4.5639     0.0733     0.1213    34.5596    34.5578    7.92424         42 0.0000e+00
    732.000    723.160     0.5340  29.491401     0.5363  29.491957     4.6109     4.7594     0.0462    96.2326 1.0000e-12  -73.80034 -112.66694  48.520673      11.24 9.3322e+01   1073.142      25756  1031.1715  1031.1699     4.5652     0.0743     0.1252    34.5596    34.5577    7.92426         43 0.0000e+00
    733.000    724.147     0.5341  29.491957     0.5363  29.492455     4.6102     4.7565     0.0375    96.2515 1.0000e-12  -73.80034 -112.66694  48.520707      10.22 9.3429e+01   1076.063      25827  1031.1762  1031.1746     4.5660     0.0741     0.1232    34.5596    34.5578    7.92424         32 0.0000e+00
    734.000    725.132     0.5341  29.492433     0.5363  29.492838     4.6076     4.7563     0.0366    96.2186 1.0000e-12  -73.80034 -112.66694  48.520740       9.17 9.3777e+01   1078.953      25896  1031.1809  1031.1792     4.5645     0.0743     0.1247    34.5596    34.5577    7.92424         39 0.0000e+00
    735.000    726.118     0.5342  29.492940     0.5365  29.493439     4.6039     4.7587     0.0416    96.2551 1.0000e-12  -73.80034 -112.66694  48.520774       8.13 9.3538e+01   1081.861      25966  1031.1855  1031.1839     4.5663     0.0753     0.1214    34.5596    34.5577    7.92421         36 0.0000e+00
    736.000    727.106     0.5342  29.493399     0.5364  29.493827     4.6088     4.7603     0.0335    96.2456 1.0000e-12  -73.80034 -112.66694  48.520808       7.10 9.3887e+01   1084.828      26037  1031.1902  1031.1885     4.5659     0.0751     0.1259    34.5596    34.5577    7.92421         34 0.0000e+00
    737.000    728.093     0.5345  29.494120     0.5368  29.494632     4.6069     4.7585     0.0448    96.2218 1.0000e-12  -73.80034 -112.66694  48.520843       6.08 9.4292e+01   1087.825      26109  1031.1949  1031.1933     4.5647     0.0984     0.1245    34.5597    34.5578    7.92415         38 0.0000e+00
    738.000    729.081     0.5348  29.494897     0.5371  29.495338     4.6059     4.7607     0.0471    96.2130 1.0000e-12  -73.80034 -112.66694  48.520877       5.06 9.3837e+01   1090.745      26179  1031.1997  1031.1980     4.5643     0.0739     0.1303    34.5598    34.5578    7.92408         31 0.0000e+00
    739.000    730.064     0.5349  29.495486     0.5372  29.495985     4.6045     4.7579     0.0330    96.2397 1.0000e-12  -73.80034 -112.66694  48.520910       4.06 9.4062e+01   1093.602      26247  1031.2044  1031.2027     4.5654     0.0746     0.1272    34.5598    34.5579    7.92405         42 0.0000e+00
    740.000    731.048     0.5349  29.495871     0.5371  29.496306     4.6056     4.7575     0.0414    96.1725 1.0000e-12  -73.80034 -112.66694  48.520943       3.00 9.4639e+01   1096.475      26316  1031.2090  1031.2073     4.5621     0.0758     0.1242    34.5598    34.5579    7.92407         32 0.0000e+00
    741.000    732.054     0.5353  29.495948     0.5375  29.496696     4.5900     4.7648     0.0456    95.3314 1.0000e-12  -73.80034 -112.66694  48.520978       2.10 9.2248e+01   1099.460      26388  1031.2133  1031.2120     4.5231     0.0733     0.1143    34.5588    34.5573    7.92403          1 0.0000e+00
