ocean_section_plots/required_files/ctd/dnbp2202_ctd087.cnv
* Sea-Bird SBE 9 Data File:
* FileName = D:\Data\raw\NBP2202_CTD087.hex
* Software Version Seasave V 7.26.7.121
* Temperature SN = 1649
* Conductivity SN = 2513
* Number of Bytes Per Scan = 40
* Number of Voltage Words = 5
* Number of Scans Averaged by the Deck Unit = 1
* NMEA Latitude = 74 10.51 S
* NMEA Longitude = 113 20.67 W
* NMEA UTC (Time) = Jan 26 2022  20:22:48
* NMEA baud rate = 9600
** Ship: RVIB N.B. Palmer
** Cruise: NBP2202 Thwaites
** Station: YoYo001
** Operator: A. Robinson
# nquan = 25
# nvalues = 607                         
# units = specified
# name 0 = prDM: Pressure, Digiquartz [db]
# name 1 = depSM: Depth [salt water, m]
# name 2 = t090C: Temperature [ITS-90, deg C]
# name 3 = c0mS/cm: Conductivity [mS/cm]
# name 4 = t190C: Temperature, 2 [ITS-90, deg C]
# name 5 = c1mS/cm: Conductivity, 2 [mS/cm]
# name 6 = sbeox0ML/L: Oxygen, SBE 43 [ml/l]
# name 7 = sbeox1ML/L: Oxygen, SBE 43, 2 [ml/l]
# name 8 = flECO-AFL: Fluorescence, WET Labs ECO-AFL/FL [mg/m^3]
# name 9 = CStarTr0: Beam Transmission, WET Labs C-Star [%]
# name 10 = par: PAR/Irradiance, Biospherical/Licor
# name 11 = latitude: Latitude [deg]
# name 12 = longitude: Longitude [deg]
# name 13 = timeJ: Julian Days
# name 14 = altM: Altimeter [m]
# name 15 = spar: SPAR, Biospherical/Licor
# name 16 = timeS: Time, Elapsed [seconds]
# name 17 = scan: Scan Count
# name 18 = density00: Density [density, kg/m^3]
# name 19 = density11: Density, 2 [density, kg/m^3]
# name 20 = sal00: Salinity, Practical [PSU]
# name 21 = sal11: Salinity, Practical, 2 [PSU]
# name 22 = oxsolML/L: Oxygen Saturation, Garcia & Gordon [ml/l]
# name 23 = nbin: number of scans per bin
# name 24 = flag: flag
# span 0 =     10.000,    616.000       
# span 1 =      9.895,    608.718       
# span 2 =    -1.5369,     0.1172       
# span 3 =  26.912934,  28.953141       
# span 4 =    -1.5366,     0.1178       
# span 5 =  26.912481,  28.952130       
# span 6 =     4.6828,     8.7428       
# span 7 =     4.7594,     8.6147       
# span 8 =    -0.0221,    26.9210       
# span 9 =    67.7747,    95.6788       
# span 10 = 1.0000e-12, 7.3413e+01      
# span 11 =  -74.17530,  -74.17528      
# span 12 = -113.34462, -113.34458      
# span 13 =  26.849572,  26.858251      
# span 14 =       4.16,     100.03      
# span 15 = 1.8508e+03, 1.9709e+03      
# span 16 =     35.048,    784.897      
# span 17 =        842,      18839      
# span 18 =  1027.2270,  1030.5210      
# span 19 =  1027.2253,  1030.5195      
# span 20 =    33.7958,    34.3873      
# span 21 =    33.7938,    34.3852      
# span 22 =    8.02005,    8.41186      
# span 23 =         12,         48      
# span 24 = 0.0000e+00, 0.0000e+00      
# interval = decibars: 1                
# start_time = Jan 26 2022 20:22:48 [NMEA time, header]
# bad_flag = -9.990e-29
*END*
[from data line 580]
    590.000    583.063     0.0503  28.872664     0.0522  28.872367     4.7044     4.7827    -0.0097    95.0241 1.0000e-12  -74.17529 -113.34459  26.857311      30.83 1.9468e+03    703.641      16888  1030.3903  1030.3882    34.3712    34.3686    8.03494         29 0.0000e+00
    591.000    584.050     0.0516  28.874418     0.0534  28.873965     4.7061     4.7708    -0.0150    95.0013 1.0000e-12  -74.17529 -113.34459  26.857326      29.66 1.9451e+03    704.940      16920  1030.3953  1030.3930    34.3715    34.3689    8.03467         31 0.0000e+00
    592.000    585.036     0.0524  28.875691     0.0542  28.875164     4.7012     4.7794    -0.0091    95.0073 1.0000e-12  -74.17529 -113.34459  26.857341      28.85 1.9453e+03    706.264      16951  1030.4001  1030.3978    34.3717    34.3690    8.03448         32 0.0000e+00
    593.000    586.024     0.0546  28.878433     0.0561  28.877743     4.7085     4.7808    -0.0094    95.0121 1.0000e-12  -74.17529 -113.34459  26.857356      27.82 1.9436e+03    707.550      16982  1030.4051  1030.4029    34.3723    34.3697    8.03399         30 0.0000e+00
    594.000    587.010     0.0566  28.880893     0.0586  28.880621     4.7057     4.7794    -0.0140    94.9957 1.0000e-12  -74.17529 -113.34459  26.857370      26.95 1.9428e+03    708.788      17012  1030.4101  1030.4078    34.3727    34.3701    8.03355         29 0.0000e+00
    595.000    587.997     0.0572  28.882102     0.0592  28.881805     4.7060     4.7765    -0.0034    94.9856 1.0000e-12  -74.17529 -113.34459  26.857385      25.62 1.9417e+03    710.033      17042  1030.4150  1030.4128    34.3730    34.3704    8.03340         30 0.0000e+00
    596.000    588.985     0.0586  28.883871     0.0609  28.883960     4.7036     4.7730    -0.0087    94.9940 1.0000e-12  -74.17529 -113.34459  26.857401      24.69 1.9424e+03    711.419      17075  1030.4197  1030.4176    34.3732    34.3707    8.03309         34 0.0000e+00
    597.000    589.971     0.0583  28.884019     0.0607  28.884179     4.7026     4.7816    -0.0089    94.9901 1.0000e-12  -74.17530 -113.34460  26.857418      23.75 1.9427e+03    712.892      17110  1030.4245  1030.4223    34.3731    34.3707    8.03316         36 0.0000e+00
    598.000    590.957     0.0586  28.884795     0.0604  28.884314     4.7031     4.7781    -0.0101    95.0014 1.0000e-12  -74.17530 -113.34460  26.857436      22.72 1.9415e+03    714.449      17148  1030.4293  1030.4271    34.3732    34.3706    8.03309         39 0.0000e+00
    599.000    591.945     0.0596  28.886137     0.0609  28.885267     4.7020     4.7778    -0.0123    95.0022 1.0000e-12  -74.17530 -113.34460  26.857454      21.75 1.9424e+03    716.067      17187  1030.4341  1030.4319    34.3734    34.3708    8.03289         38 0.0000e+00
    600.000    592.932     0.0616  28.888699     0.0633  28.888084     4.6985     4.7778    -0.0041    95.0028 1.0000e-12  -74.17530 -113.34460  26.857473      20.64 1.9434e+03    717.678      17225  1030.4390  1030.4367    34.3739    34.3712    8.03243         39 0.0000e+00
    601.000    593.918     0.0651  28.892501     0.0673  28.892433     4.6961     4.7726    -0.0090    95.0099 1.0000e-12  -74.17530 -113.34458  26.857492      19.53 1.9419e+03    719.317      17265  1030.4438  1030.4416    34.3744    34.3718    8.03167         36 0.0000e+00
    602.000    594.906     0.0658  28.893859     0.0681  28.893701     4.7031     4.7708    -0.0081    94.9931 1.0000e-12  -74.17530 -113.34458  26.857512      18.65 1.9404e+03    720.995      17305  1030.4488  1030.4465    34.3748    34.3721    8.03149         36 0.0000e+00
    603.000    595.891     0.0687  28.897132     0.0700  28.896234     4.6989     4.7707    -0.0121    95.0001 1.0000e-12  -74.17530 -113.34458  26.857531      17.62 1.9428e+03    722.645      17344  1030.4537  1030.4515    34.3753    34.3727    8.03087         40 0.0000e+00
    604.000    596.879     0.0731  28.902325     0.0756  28.902336     4.6949     4.7734    -0.0045    95.0328 1.0000e-12  -74.17530 -113.34458  26.857550      16.62 1.9425e+03    724.325      17385  1030.4591  1030.4568    34.3767    34.3739    8.02987         35 0.0000e+00
    605.000    597.865     0.0768  28.906269     0.0797  28.907043     4.6978     4.7732    -0.0086    95.0115 1.0000e-12  -74.17530 -113.34458  26.857571      15.66 1.9425e+03    726.095      17427  1030.4640  1030.4619    34.3771    34.3749    8.02907         39 0.0000e+00
    606.000    598.853     0.0792  28.909383     0.0822  28.910081     4.6934     4.7737    -0.0012    95.0316 1.0000e-12  -74.17530 -113.34458  26.857593      14.51 1.9396e+03    728.069      17475  1030.4692  1030.4670    34.3780    34.3756    8.02852         40 0.0000e+00
    607.000    599.839     0.0807  28.911299     0.0831  28.911480     4.6966     4.7740    -0.0016    95.0458 1.0000e-12  -74.17530 -113.34458  26.857619      13.55 1.9392e+03    730.256      17527  1030.4740  1030.4719    34.3782    34.3757    8.02818         48 0.0000e+00
    608.000    600.825     0.0822  28.913243     0.0843  28.913027     4.6955     4.7687    -0.0041    95.0457 1.0000e-12  -74.17530 -113.34458  26.857644      12.46 1.9391e+03    732.484      17581  1030.4789  1030.4766    34.3785    34.3759    8.02786         39 0.0000e+00
    609.000    601.813     0.0832  28.914896     0.0855  28.914710     4.6940     4.7671    -0.0010    95.0362 1.0000e-12  -74.17530 -113.34458  26.857670      11.37 1.9384e+03    734.677      17633  1030.4840  1030.4815    34.3791    34.3762    8.02763         34 0.0000e+00
    610.000    602.799     0.0847  28.916753     0.0873  28.917055     4.6946     4.7697    -0.0121    95.0408 1.0000e-12  -74.17530 -113.34458  26.857695      10.42 1.9378e+03    736.868      17686  1030.4887  1030.4865    34.3792    34.3767    8.02729         46 0.0000e+00
    611.000    603.784     0.0865  28.919077     0.0889  28.918976     4.6905     4.7647    -0.0126    95.0665 1.0000e-12  -74.17530 -113.34458  26.857721       9.39 1.9369e+03    739.083      17739  1030.4937  1030.4913    34.3797    34.3769    8.02690         36 0.0000e+00
    612.000    604.772     0.0921  28.925291     0.0942  28.925055     4.6912     4.7594    -0.0089    95.0640 1.0000e-12  -74.17530 -113.34460  26.857747       8.42 1.9343e+03    741.335      17793  1030.4989  1030.4967    34.3810    34.3784    8.02564         42 0.0000e+00
    613.000    605.759     0.0972  28.931293     0.1006  28.932322     4.6836     4.7623    -0.0014    95.0424 1.0000e-12  -74.17530 -113.34460  26.857773       7.37 1.9351e+03    743.574      17847  1030.5046  1030.5023    34.3827    34.3802    8.02449         46 0.0000e+00
    614.000    606.745     0.1014  28.935914     0.1044  28.936832     4.6841     4.7631    -0.0130    95.0632 1.0000e-12  -74.17530 -113.34460  26.857798       6.44 1.9336e+03    745.723      17898  1030.5096  1030.5076    34.3835    34.3813    8.02357         34 0.0000e+00
    615.000    607.733     0.1091  28.945135     0.1126  28.946071     4.6865     4.7595    -0.0013    95.0977 1.0000e-12  -74.17530 -113.34460  26.857823       5.38 1.9350e+03    747.898      17951  1030.5160  1030.5136    34.3864    34.3837    8.02179         45 0.0000e+00
    616.000    608.718     0.1172  28.953141     0.1178  28.952130     4.6828     4.7606    -0.0207    95.0995 1.0000e-12  -74.17530 -113.34460  26.858251       4.16 1.9440e+03    784.897      18839  1030.5210  1030.5195    34.3873    34.3852    8.02005         12 0.0000e+00
