ocean_section_plots/required_files/ctd/dnbp2202_ctd061.cnv
* Sea-Bird SBE 9 Data File:
* FileName = D:\Data\raw\NBP2202_CTD061.hex
* Software Version Seasave V 7.26.7.121
* Temperature SN = 1649
* Conductivity SN = 2513
* Number of Bytes Per Scan = 40
* Number of Voltage Words = 5
* Number of Scans Averaged by the Deck Unit = 1
* NMEA Latitude = 74 02.51 S
* NMEA Longitude = 111 42.19 W
* NMEA UTC (Time) = Jan 25 2022  11:09:37
* NMEA baud rate = 9600
** Ship: RVIB N.B. Palmer
** Cruise: NBP2202 Thwaites
** Station: 42
** Operator: B.Bjork
# nquan = 25
# nvalues = 364                         
# units = specified
# name 0 = prDM: Pressure, Digiquartz [db]
# name 1 = depSM: Depth [salt water, m]
# name 2 = t090C: Temperature [ITS-90, deg C]
# name 3 = c0mS/cm: Conductivity [mS/cm]
# name 4 = t190C: Temperature, 2 [ITS-90, deg C]
# name 5 = c1mS/cm: Conductivity, 2 [mS/cm]
# name 6 = sbeox0ML/L: Oxygen, SBE 43 [ml/l]
# name 7 = sbeox1ML/L: Oxygen, SBE 43, 2 [ml/l]
# name 8 = flECO-AFL: Fluorescence, WET Labs ECO-AFL/FL [mg/m^3]
# name 9 = CStarTr0: Beam Transmission, WET Labs C-Star [%]
# name 10 = par: PAR/Irradiance, Biospherical/Licor
# name 11 = latitude: Latitude [deg]
# name 12 = longitude: Longitude [deg]
# name 13 = timeJ: Julian Days
# name 14 = altM: Altimeter [m]
# name 15 = spar: SPAR, Biospherical/Licor
# name 16 = timeS: Time, Elapsed [seconds]
# name 17 = scan: Scan Count
# name 18 = density00: Density [density, kg/m^3]
# name 19 = density11: Density, 2 [density, kg/m^3]
# name 20 = sal00: Salinity, Practical [PSU]
# name 21 = sal11: Salinity, Practical, 2 [PSU]
# name 22 = oxsolML/L: Oxygen Saturation, Garcia & Gordon [ml/l]
# name 23 = nbin: number of scans per bin
# name 24 = flag: flag
# span 0 =      3.000,    366.000       
# span 1 =      2.967,    361.883       
# span 2 =    -1.6554,    -0.5800       
# span 3 =  26.913700,  28.084981       
# span 4 =    -1.6557,    -0.5807       
# span 5 =  26.913216,  28.083232       
# span 6 =     5.5566,     9.1816       
# span 7 =     5.8014,     9.6560       
# span 8 =    -0.0167,    29.4208       
# span 9 =    60.2674,    96.7386       
# span 10 = -2.240e-05, 1.1830e+01      
# span 11 =  -74.04190,  -74.04190      
# span 12 = -111.70306, -111.70300      
# span 13 =  25.468172,  25.474771      
# span 14 =      -0.77,     100.33      
# span 15 = 5.6400e+01, 7.4193e+01      
# span 16 =    273.026,    843.182      
# span 17 =       6554,      20237      
# span 18 =  1027.2069,  1029.2857      
# span 19 =  1027.2064,  1029.2804      
# span 20 =    33.8344,    34.2608      
# span 21 =    33.8343,    34.2581      
# span 22 =    8.19401,    8.43236      
# span 23 =         19,         48      
# span 24 = 0.0000e+00, 0.0000e+00      
# interval = decibars: 1                
# start_time = Jan 25 2022 11:09:37 [NMEA time, header]
# bad_flag = -9.990e-29
*END*
[from data line 174]
    177.000    175.094    -1.5211  27.104603    -1.5206  27.104243     6.4256     6.7108     0.1159    96.3742 1.0000e-12  -74.04190 -111.70306  25.471324      99.91 6.3679e+01    545.410      13091  1028.2185  1028.2175    34.0090    34.0079    8.39787         28 0.0000e+00
    178.000    176.083    -1.5175  27.109612    -1.5171  27.109187     6.4261     6.7156     0.1264    96.3312 1.0000e-12  -74.04190 -111.70306  25.471338      99.90 6.3950e+01    546.580      13119  1028.2248  1028.2239    34.0112    34.0100    8.39693         29 0.0000e+00
    179.000    177.072    -1.5174  27.110910    -1.5170  27.110377     6.4302     6.7198     0.1090    96.2937 1.0000e-12  -74.04190 -111.70306  25.471351      99.91 6.1859e+01    547.753      13147  1028.2305  1028.2295    34.0122    34.0110    8.39683         28 0.0000e+00
    180.000    178.060    -1.5163  27.112639    -1.5161  27.112177     6.4256     6.7171     0.0658    96.2971 1.0000e-12  -74.04190 -111.70306  25.471365      99.90 6.4537e+01    548.901      13175  1028.2357  1028.2349    34.0128    34.0118    8.39656         27 0.0000e+00
    181.000    179.049    -1.5170  27.112837    -1.5166  27.112393     6.4284     6.7132     0.0583    96.4454 1.0000e-12  -74.04190 -111.70306  25.471378      99.91 6.4317e+01    550.024      13202  1028.2410  1028.2400    34.0132    34.0121    8.39669         27 0.0000e+00
    182.000    180.039    -1.5173  27.113364    -1.5168  27.112865     6.4376     6.7245     0.1177    96.4667 1.0000e-12  -74.04190 -111.70306  25.471391      99.91 6.2042e+01    551.174      13229  1028.2461  1028.2451    34.0136    34.0124    8.39672         28 0.0000e+00
    183.000    181.026    -1.5212  27.111303    -1.5208  27.110956     6.4338     6.7322     0.0747    96.5209 1.0000e-12  -74.04190 -111.70306  25.471405      99.82 6.4498e+01    552.367      13258  1028.2520  1028.2512    34.0145    34.0136    8.39755         28 0.0000e+00
    184.000    182.017    -1.5199  27.113235    -1.5205  27.111523     6.4393     6.7293     0.0680    96.5363 1.0000e-12  -74.04190 -111.70306  25.471418      99.75 6.4558e+01    553.545      13286  1028.2572  1028.2558    34.0151    34.0134    8.39723         29 0.0000e+00
    185.000    183.004    -1.5171  27.116744    -1.5171  27.115808     6.4365     6.7279     0.0729    96.5750 1.0000e-12  -74.04190 -111.70305  25.471432      99.91 6.2645e+01    554.691      13314  1028.2626  1028.2615    34.0161    34.0148    8.39652         26 0.0000e+00
    186.000    183.993    -1.5168  27.118047    -1.5165  27.117602     6.4460     6.7376     0.0675    96.5727 1.0000e-12  -74.04190 -111.70305  25.471445      99.91 6.4696e+01    555.833      13341  1028.2681  1028.2673    34.0170    34.0160    8.39641         28 0.0000e+00
    187.000    184.983    -1.5205  27.117033    -1.5201  27.116568     6.4489     6.7409     0.0861    96.5523 1.0000e-12  -74.04190 -111.70305  25.471458      99.92 6.4405e+01    556.993      13369  1028.2749  1028.2740    34.0192    34.0181    8.39712         28 0.0000e+00
    188.000    185.970    -1.5241  27.116555    -1.5237  27.116096     6.4561     6.7471     0.0769    96.5255 1.0000e-12  -74.04190 -111.70304  25.471472      99.91 6.3579e+01    558.161      13397  1028.2822  1028.2813    34.0220    34.0208    8.39776         28 0.0000e+00
    189.000    186.960    -1.5247  27.117313    -1.5243  27.116822     6.4567     6.7437     0.0931    96.4055 1.0000e-12  -74.04190 -111.70304  25.471485      99.91 6.4414e+01    559.320      13425  1028.2879  1028.2870    34.0231    34.0220    8.39783         28 0.0000e+00
    190.000    187.949    -1.5254  27.118913    -1.5250  27.118426     6.4540     6.7459     0.1312    96.5890 1.0000e-12  -74.04190 -111.70304  25.471498      99.91 6.4574e+01    560.458      13452  1028.2947  1028.2937    34.0255    34.0244    8.39785         27 0.0000e+00
    191.000    188.937    -1.5227  27.123138    -1.5223  27.122707     6.4611     6.7520     0.0667    96.5976 1.0000e-12  -74.04190 -111.70304  25.471512      99.91 6.4091e+01    561.610      13480  1028.3011  1028.3002    34.0276    34.0266    8.39711         28 0.0000e+00
    192.000    189.926    -1.5212  27.126020    -1.5208  27.125534     6.4687     6.7517     0.1100    96.5102 1.0000e-12  -74.04190 -111.70304  25.471525      99.91 6.3527e+01    562.771      13507  1028.3071  1028.3061    34.0293    34.0281    8.39668         28 0.0000e+00
    193.000    190.914    -1.5180  27.130685    -1.5181  27.129701     6.4644     6.7615     0.1203    96.5870 1.0000e-12  -74.04190 -111.70304  25.471538      99.91 6.3921e+01    563.916      13535  1028.3134  1028.3124    34.0315    34.0302    8.39583         27 0.0000e+00
    194.000    191.903    -1.5180  27.131261    -1.5174  27.130933     6.4841     6.7670     0.0743    96.5659 1.0000e-12  -74.04190 -111.70304  25.471552      99.91 6.4430e+01    565.123      13564  1028.3184  1028.3173    34.0316    34.0304    8.39581         31 0.0000e+00
    195.000    192.893    -1.5197  27.130900    -1.5192  27.130603     6.4986     6.7872     0.1175    96.5035 1.0000e-12  -74.04190 -111.70304  25.471568      99.56 6.2977e+01    566.464      13596  1028.3240  1028.3231    34.0324    34.0314    8.39614         33 0.0000e+00
    196.000    193.881    -1.5241  27.128797    -1.5236  27.128294     6.4907     6.7861     0.0673    96.5538 1.0000e-12  -74.04190 -111.70304  25.471583      99.90 6.3353e+01    567.808      13628  1028.3302  1028.3292    34.0339    34.0326    8.39705         32 0.0000e+00
    197.000    194.868    -1.5229  27.131411    -1.5225  27.130750     6.4845     6.7736     0.0805    96.6214 1.0000e-12  -74.04190 -111.70303  25.471599      99.91 6.4090e+01    569.126      13660  1028.3363  1028.3351    34.0356    34.0341    8.39669         30 0.0000e+00
    198.000    195.859    -1.5189  27.137217    -1.5184  27.136761     6.4770     6.7721     0.0545    96.4711 1.0000e-12  -74.04190 -111.70303  25.471614      99.91 6.2426e+01    570.472      13692  1028.3431  1028.3420    34.0384    34.0371    8.39561         32 0.0000e+00
    199.000    196.846    -1.5173  27.140217    -1.5170  27.139365     6.4747     6.7704     0.0534    96.5757 1.0000e-12  -74.04190 -111.70302  25.471630      99.91 6.3960e+01    571.812      13724  1028.3491  1028.3479    34.0400    34.0385    8.39514         32 0.0000e+00
    200.000    197.836    -1.5162  27.142082    -1.5158  27.141437     6.4711     6.7580     0.0568    96.5269 1.0000e-12  -74.04190 -111.70302  25.471645      99.91 6.4260e+01    573.124      13756  1028.3545  1028.3534    34.0408    34.0394    8.39486         31 0.0000e+00
    201.000    198.824    -1.5116  27.147722    -1.5111  27.147356     6.4552     6.7524     0.0871    96.6324 1.0000e-12  -74.04190 -111.70302  25.471660      99.91 6.2411e+01    574.442      13788  1028.3605  1028.3596    34.0426    34.0416    8.39370         32 0.0000e+00
    202.000    199.813    -1.5075  27.152679    -1.5071  27.151978     6.4532     6.7378     0.0460    96.6143 1.0000e-12  -74.04190 -111.70302  25.471676      99.91 6.4623e+01    575.772      13820  1028.3663  1028.3652    34.0441    34.0428    8.39268         32 0.0000e+00
    203.000    200.802    -1.5047  27.156074    -1.5046  27.155127     6.4457     6.7439     0.0398    96.5560 1.0000e-12  -74.04190 -111.70302  25.471691      99.92 6.4488e+01    577.082      13851  1028.3718  1028.3706    34.0451    34.0436    8.39200         31 0.0000e+00
    204.000    201.790    -1.5027  27.158636    -1.5023  27.158117     6.4392     6.7398     0.0485    96.6015 1.0000e-12  -74.04190 -111.70302  25.471706      99.91 6.2496e+01    578.421      13883  1028.3770  1028.3760    34.0457    34.0445    8.39152         33 0.0000e+00
    205.000    202.778    -1.5015  27.160315    -1.5011  27.159762     6.4413     6.7297     0.0569    96.6125 1.0000e-12  -74.04190 -111.70302  25.471722      99.90 6.4562e+01    579.761      13915  1028.3820  1028.3810    34.0460    34.0448    8.39122         31 0.0000e+00
    206.000    203.768    -1.5002  27.162119    -1.4998  27.161596     6.4346     6.7210     0.0397    96.6349 1.0000e-12  -74.04190 -111.70302  25.471737      99.91 6.4488e+01    581.044      13946  1028.3871  1028.3861    34.0465    34.0453    8.39092         31 0.0000e+00
    207.000    204.757    -1.4994  27.163665    -1.4989  27.163225     6.4307     6.7197     0.0465    96.6694 1.0000e-12  -74.04190 -111.70302  25.471752      99.91 6.2814e+01    582.352      13977  1028.3923  1028.3913    34.0470    34.0458    8.39069         31 0.0000e+00
    208.000    205.744    -1.4979  27.165634    -1.4975  27.165039     6.4254     6.7250     0.0280    96.5422 1.0000e-12  -74.04190 -111.70301  25.471767      99.91 6.4849e+01    583.638      14008  1028.3974  1028.3964    34.0474    34.0462    8.39033         31 0.0000e+00
    209.000    206.735    -1.4956  27.168598    -1.4953  27.167895     6.4176     6.7043     0.0361    96.6314 1.0000e-12  -74.04190 -111.70301  25.471781      99.91 6.4322e+01    584.903      14039  1028.4028  1028.4017    34.0483    34.0469    8.38977         31 0.0000e+00
    210.000    207.724    -1.4878  27.177417    -1.4872  27.176678     6.3845     6.6747     0.0362    96.6693 1.0000e-12  -74.04190 -111.70300  25.471797      99.91 6.3392e+01    586.223      14070  1028.4093  1028.4078    34.0508    34.0491    8.38784         30 0.0000e+00
    211.000    208.711    -1.4748  27.191688    -1.4741  27.191030     6.3628     6.6549     0.0291    96.6635 1.0000e-12  -74.04190 -111.70301  25.471812      99.92 6.4295e+01    587.533      14102  1028.4168  1028.4153    34.0551    34.0534    8.38466         30 0.0000e+00
    212.000    209.700    -1.4649  27.202978    -1.4641  27.202715     6.3549     6.6411     0.0272    96.6394 1.0000e-12  -74.04190 -111.70302  25.471826      99.90 6.4464e+01    588.776      14132  1028.4240  1028.4229    34.0587    34.0575    8.38221         30 0.0000e+00
    213.000    210.687    -1.4618  27.206641    -1.4613  27.206061     6.3571     6.6451     0.0209    96.6463 1.0000e-12  -74.04190 -111.70302  25.471841      99.91 6.4074e+01    590.042      14162  1028.4295  1028.4283    34.0597    34.0583    8.38146         29 0.0000e+00
    214.000    211.677    -1.4606  27.208200    -1.4603  27.207617     6.3479     6.6417     0.0242    96.6856 1.0000e-12  -74.04190 -111.70300  25.471856      99.91 6.3748e+01    591.335      14193  1028.4344  1028.4335    34.0598    34.0587    8.38118         31 0.0000e+00
    215.000    212.665    -1.4601  27.209261    -1.4596  27.208654     6.3475     6.6401     0.0469    96.6987 1.0000e-12  -74.04190 -111.70301  25.471870      95.61 6.4408e+01    592.561      14222  1028.4395  1028.4384    34.0601    34.0587    8.38105         28 0.0000e+00
    216.000    213.654    -1.4596  27.209963    -1.4592  27.209421     6.3445     6.6361     0.0378    96.7135 1.0000e-12  -74.04190 -111.70301  25.471884      99.83 6.4822e+01    593.771      14251  1028.4442  1028.4432    34.0599    34.0586    8.38096         31 0.0000e+00
    217.000    214.643    -1.4582  27.211576    -1.4577  27.211061     6.3421     6.6292     0.0290    96.7210 1.0000e-12  -74.04190 -111.70301  25.471899      99.91 6.3250e+01    595.046      14282  1028.4491  1028.4480    34.0599    34.0586    8.38065         30 0.0000e+00
    218.000    215.631    -1.4557  27.214567    -1.4555  27.213668     6.3328     6.6205     0.0225    96.6927 1.0000e-12  -74.04190 -111.70302  25.471914      99.91 6.4614e+01    596.345      14313  1028.4543  1028.4531    34.0606    34.0591    8.38005         31 0.0000e+00
    219.000    216.621    -1.4517  27.219144    -1.4513  27.218401     6.3167     6.6206     0.0303    96.7150 1.0000e-12  -74.04190 -111.70302  25.471928      99.91 6.4927e+01    597.599      14343  1028.4598  1028.4586    34.0616    34.0602    8.37907         29 0.0000e+00
    220.000    217.607    -1.4473  27.224350    -1.4470  27.223447     6.3135     6.6047     0.0546    96.7386 1.0000e-12  -74.04190 -111.70302  25.471942      99.91 6.2907e+01    598.830      14373  1028.4656  1028.4643    34.0631    34.0616    8.37799         30 0.0000e+00
    221.000    218.598    -1.4387  27.233866    -1.4382  27.233051     6.3014     6.5955     0.0538    96.7274 1.0000e-12  -74.04190 -111.70302  25.471957      99.91 6.4449e+01    600.082      14403  1028.4721  1028.4707    34.0659    34.0642    8.37590         28 0.0000e+00
    222.000    219.587    -1.4284  27.245061    -1.4282  27.243827     6.2899     6.5715     0.0066    96.7027 1.0000e-12  -74.04190 -111.70302  25.471972      99.91 6.5063e+01    601.347      14433  1028.4788  1028.4772    34.0689    34.0670    8.37340         31 0.0000e+00
    223.000    220.575    -1.4202  27.253493    -1.4199  27.252611     6.2655     6.5521     0.0158    96.7359 1.0000e-12  -74.04190 -111.70302  25.471986      99.91 6.3040e+01    602.612      14464  1028.4846  1028.4833    34.0706    34.0690    8.37146         30 0.0000e+00
    224.000    221.563    -1.4083  27.265463    -1.4078  27.264540     6.2403     6.5299     0.0152    96.7121 1.0000e-12  -74.04190 -111.70302  25.472001      99.91 6.4885e+01    603.875      14494  1028.4906  1028.4890    34.0729    34.0710    8.36866         31 0.0000e+00
    225.000    222.552    -1.3953  27.278474    -1.3943  27.277862     6.2170     6.5127     0.0224    96.7221 1.0000e-12  -74.04190 -111.70302  25.472015      90.84 6.5026e+01    605.115      14524  1028.4968  1028.4950    34.0754    34.0734    8.36559         27 0.0000e+00
    226.000    223.540    -1.3817  27.291678    -1.3808  27.291077     6.2119     6.5045     0.0307    96.6908 1.0000e-12  -74.04190 -111.70302  25.472030      99.98 6.2978e+01    606.364      14554  1028.5024  1028.5010    34.0774    34.0756    8.36241         30 0.0000e+00
    227.000    224.528    -1.3743  27.299525    -1.3735  27.299021     6.2173     6.5034     0.0340    96.6468 1.0000e-12  -74.04190 -111.70302  25.472044      99.91 6.5248e+01    607.595      14583  1028.5084  1028.5071    34.0792    34.0775    8.36065         29 0.0000e+00
    228.000    225.518    -1.3688  27.306212    -1.3683  27.305626     6.2250     6.5036     0.0289    96.6567 1.0000e-12  -74.04190 -111.70302  25.472058      99.91 6.4934e+01    608.808      14612  1028.5150  1028.5138    34.0815    34.0801    8.35928         30 0.0000e+00
    229.000    226.505    -1.3687  27.307190    -1.3682  27.306640     6.2249     6.4997     0.0205    96.6203 1.0000e-12  -74.04190 -111.70302  25.472072      99.91 6.3253e+01    610.045      14642  1028.5205  1028.5194    34.0821    34.0808    8.35923         30 0.0000e+00
    230.000    227.496    -1.3689  27.307622    -1.3681  27.307236     6.2189     6.4932     0.0245    96.5984 1.0000e-12  -74.04190 -111.70302  25.472087      99.91 6.5170e+01    611.275      14672  1028.5256  1028.5244    34.0823    34.0808    8.35926         28 0.0000e+00
    231.000    228.483    -1.3674  27.309538    -1.3668  27.309029     6.2165     6.5013     0.0103    96.5675 1.0000e-12  -74.04190 -111.70302  25.472100      99.91 6.4843e+01    612.461      14700  1028.5306  1028.5295    34.0826    34.0812    8.35890         28 0.0000e+00
    232.000    229.470    -1.3671  27.310404    -1.3664  27.309866     6.2168     6.4992    -0.0061    96.5165 1.0000e-12  -74.04190 -111.70302  25.472113      99.92 6.3966e+01    613.536      14726  1028.5357  1028.5345    34.0828    34.0813    8.35881         24 0.0000e+00
    233.000    230.460    -1.3668  27.311012    -1.3662  27.310482     6.2193     6.5004     0.0123    96.4902 1.0000e-12  -74.04190 -111.70302  25.472124      99.91 6.5978e+01    614.529      14750  1028.5404  1028.5393    34.0827    34.0813    8.35875         24 0.0000e+00
