ocean_section_plots/required_files/ctd/dnbp2202_ctd142.cnv
* Sea-Bird SBE 9 Data File:
* FileName = D:\Data\raw\NBP2202_CTD142.hex
* Software Version Seasave V 7.26.7.121
* Temperature SN = 1649
* Conductivity SN = 2513
* Number of Bytes Per Scan = 40
* Number of Voltage Words = 5
* Number of Scans Averaged by the Deck Unit = 1
* NMEA Latitude = 74 06.99 S
* NMEA Longitude = 112 46.90 W
* NMEA UTC (Time) = Jan 30 2022  06:05:41
* NMEA baud rate = 9600
** Ship: RVIB N.B. Palmer
** Cruise: NBP2202 Thwaites
** Station: 70
** Operator: B. Bjork
# nquan = 28
# nvalues = 782                         
# units = specified
# name 0 = prDM: Pressure, Digiquartz [db]
# name 1 = depSM: Depth [salt water, m]
# name 2 = t090C: Temperature [ITS-90, deg C]
# name 3 = c0mS/cm: Conductivity [mS/cm]
# name 4 = t190C: Temperature, 2 [ITS-90, deg C]
# name 5 = c1mS/cm: Conductivity, 2 [mS/cm]
# name 6 = sbeox0ML/L: Oxygen, SBE 43 [ml/l]
# name 7 = sbeox1ML/L: Oxygen, SBE 43, 2 [ml/l]
# name 8 = flECO-AFL: Fluorescence, WET Labs ECO-AFL/FL [mg/m^3]
# name 9 = CStarTr0: Beam Transmission, WET Labs C-Star [%]
# name 10 = par: PAR/Irradiance, Biospherical/Licor
# name 11 = latitude: Latitude [deg]
# name 12 = longitude: Longitude [deg]
# name 13 = timeJ: Julian Days
# name 14 = altM: Altimeter [m]
# name 15 = spar: SPAR, Biospherical/Licor
# name 16 = timeS: Time, Elapsed [seconds]
# name 17 = scan: Scan Count
# name 18 = density00: Density [density, kg/m^3]
# name 19 = density11: Density, 2 [density, kg/m^3]
# name 20 = v3: Voltage 3
# name 21 = v4: Voltage 4
# name 22 = v5: Voltage 5
# name 23 = sal00: Salinity, Practical [PSU]
# name 24 = sal11: Salinity, Practical, 2 [PSU]
# name 25 = oxsolML/L: Oxygen Saturation, Garcia & Gordon [ml/l]
# name 26 = nbin: number of scans per bin
# name 27 = flag: flag
# span 0 =      2.000,    783.000       
# span 1 =      1.984,    773.436       
# span 2 =    -1.5061,     0.3922       
# span 3 =  27.068703,  29.353896       
# span 4 =    -1.5053,     0.3942       
# span 5 =  27.068828,  29.353527       
# span 6 =     4.6173,     9.6188       
# span 7 =     4.7043,     9.7666       
# span 8 =    -0.0188,    28.2586       
# span 9 =    65.3439,    93.6973       
# span 10 = -1.543e-05, 1.6088e+01      
# span 11 =  -74.11656,  -74.11654      
# span 12 = -112.78174, -112.78170      
# span 13 =  30.255992,  30.267593      
# span 14 =       5.69,     112.76      
# span 15 = 4.1877e+01, 5.8264e+01      
# span 16 =    176.715,   1179.077      
# span 17 =       4242,      28299      
# span 18 =  1027.1328,  1031.3811      
# span 19 =  1027.1352,  1031.3788      
# span 20 =     3.1008,     4.4449      
# span 21 =     0.0640,     4.4348      
# span 22 =     0.1137,     0.2775      
# span 23 =    33.7398,    34.5093      
# span 24 =    33.7352,    34.5065      
# span 25 =    7.95618,    8.39547      
# span 26 =          9,         48      
# span 27 = 0.0000e+00, 0.0000e+00      
# interval = decibars: 1                
# start_time = Jan 30 2022 06:05:41 [NMEA time, header]
# bad_flag = -9.990e-29
*END*
[from data line 467]
    469.000    463.621    -0.0476  28.728426    -0.0453  28.728242     4.8238     4.9191    -0.0112    93.4932 1.0000e-12  -74.11655 -112.78173  30.262650      99.91 5.4256e+01    751.921      18047  1029.8186  1029.8162     4.4353     0.0707     0.1270    34.3613    34.3585    8.05607         23 0.0000e+00
    470.000    464.610    -0.0371  28.740077    -0.0352  28.739085     4.8123     4.9107    -0.0030    93.5035 1.0000e-12  -74.11656 -112.78172  30.262661      99.89 5.5471e+01    752.908      18071  1029.8249  1029.8220     4.4357     0.0711     0.1241    34.3644    34.3610    8.05369         24 0.0000e+00
    471.000    465.597    -0.0266  28.750969    -0.0244  28.750728     4.8155     4.9156    -0.0025    93.4852 1.0000e-12  -74.11656 -112.78172  30.262672      99.89 5.7073e+01    753.896      18094  1029.8305  1029.8280     4.4349     0.0705     0.1256    34.3665    34.3637    8.05137         24 0.0000e+00
    472.000    466.583    -0.0260  28.751944    -0.0238  28.751804     4.8150     4.9091    -0.0022    93.4873 1.0000e-12  -74.11656 -112.78172  30.262684      99.90 5.4812e+01    754.889      18118  1029.8352  1029.8329     4.4350     0.0698     0.1253    34.3665    34.3638    8.05124         24 0.0000e+00
    473.000    467.572    -0.0256  28.752972    -0.0231  28.752865     4.8096     4.9089    -0.0016    93.4693 1.0000e-12  -74.11656 -112.78172  30.262695      99.89 5.5596e+01    755.885      18142  1029.8402  1029.8377     4.4342     0.0698     0.1268    34.3668    34.3639    8.05113         24 0.0000e+00
    474.000    468.557    -0.0228  28.756370    -0.0196  28.757045     4.8057     4.9029     0.0032    93.4669 1.0000e-12  -74.11656 -112.78172  30.262707      99.90 5.6700e+01    756.891      18166  1029.8454  1029.8429     4.4340     0.0697     0.1319    34.3675    34.3648    8.05049         24 0.0000e+00
    475.000    469.548    -0.0139  28.765775    -0.0114  28.765454     4.7985     4.8984    -0.0040    93.4819 1.0000e-12  -74.11656 -112.78172  30.262719      99.90 5.5607e+01    757.893      18190  1029.8509  1029.8481     4.4348     0.0705     0.1242    34.3695    34.3662    8.04853         24 0.0000e+00
    476.000    470.534    -0.0100  28.769990    -0.0077  28.769563     4.7955     4.8953    -0.0107    93.5000 1.0000e-12  -74.11656 -112.78172  30.262730      99.89 5.6186e+01    758.887      18214  1029.8559  1029.8532     4.4356     0.0700     0.1213    34.3701    34.3670    8.04767         24 0.0000e+00
    477.000    471.520    -0.0060  28.774786    -0.0035  28.774335     4.7912     4.8896    -0.0080    93.5244 1.0000e-12  -74.11656 -112.78172  30.262742      99.90 5.7479e+01    759.871      18238  1029.8613  1029.8585     4.4367     0.0704     0.1256    34.3713    34.3680    8.04675         23 0.0000e+00
    478.000    472.510     0.0009  28.782298     0.0030  28.781868     4.7908     4.8824    -0.0022    93.5055 1.0000e-12  -74.11656 -112.78172  30.262753      99.89 5.6333e+01    760.859      18262  1029.8668  1029.8643     4.4359     0.0692     0.1243    34.3729    34.3700    8.04521         24 0.0000e+00
    479.000    473.496     0.0054  28.787449     0.0078  28.787239     4.7871     4.8845    -0.0028    93.4938 1.0000e-12  -74.11656 -112.78172  30.262764      68.96 5.5164e+01    761.853      18285  1029.8722  1029.8697     4.4353     0.0666     0.1225    34.3741    34.3712    8.04421         24 0.0000e+00
    480.000    474.483     0.0082  28.790757     0.0105  28.790697     4.7881     4.8825    -0.0111    93.4912 1.0000e-12  -74.11656 -112.78172  30.262776      91.97 5.7379e+01    762.866      18310  1029.8773  1029.8750     4.4352     0.0691     0.1234    34.3748    34.3721    8.04358         25 0.0000e+00
    481.000    475.471     0.0103  28.793451     0.0127  28.793354     4.7835     4.8821     0.0062    93.5155 1.0000e-12  -74.11656 -112.78172  30.262788      98.90 5.7103e+01    763.872      18334  1029.8824  1029.8800     4.4363     0.0704     0.1265    34.3754    34.3726    8.04310         23 0.0000e+00
    482.000    476.458     0.0148  28.798614     0.0176  28.798869     4.7812     4.8841     0.0060    93.5195 1.0000e-12  -74.11656 -112.78172  30.262799      99.89 5.5384e+01    764.854      18357  1029.8878  1029.8854     4.4365     0.0679     0.1221    34.3766    34.3738    8.04209         24 0.0000e+00
    483.000    477.446     0.0215  28.805919     0.0244  28.806207     4.7781     4.8730     0.0127    93.5023 1.0000e-12  -74.11656 -112.78172  30.262811      99.89 5.7336e+01    765.887      18382  1029.8932  1029.8907     4.4357     0.0685     0.1260    34.3781    34.3753    8.04060         27 0.0000e+00
    484.000    478.433     0.0242  28.808765     0.0271  28.809231     4.7766     4.8693    -0.0056    93.5314 1.0000e-12  -74.11656 -112.78172  30.262824      99.89 5.7514e+01    766.983      18409  1029.8980  1029.8956     4.4370     0.0694     0.1234    34.3783    34.3757    8.04003         24 0.0000e+00
    485.000    479.420     0.0251  28.810827     0.0272  28.810161     4.7771     4.8709    -0.0163    93.5162 1.0000e-12  -74.11656 -112.78172  30.262835      99.90 5.5948e+01    767.981      18433  1029.9036  1029.9008     4.4363     0.0705     0.1236    34.3794    34.3762    8.03977         25 0.0000e+00
    486.000    480.407     0.0284  28.814548     0.0309  28.814423     4.7737     4.8692    -0.0069    93.4961 1.0000e-12  -74.11656 -112.78172  30.262848      99.89 5.7523e+01    769.084      18459  1029.9086  1029.9061     4.4354     0.0689     0.1253    34.3800    34.3771    8.03904         27 0.0000e+00
    487.000    481.395     0.0298  28.816229     0.0320  28.815944     4.7757     4.8664    -0.0027    93.4928 1.0000e-12  -74.11656 -112.78172  30.262861      99.90 5.6662e+01    770.232      18487  1029.9133  1029.9110     4.4353     0.0701     0.1226    34.3801    34.3773    8.03874         28 0.0000e+00
    488.000    482.382     0.0306  28.817602     0.0330  28.817436     4.7709     4.8730    -0.0140    93.5131 1.0000e-12  -74.11656 -112.78172  30.262875      99.89 5.5969e+01    771.400      18515  1029.9183  1029.9159     4.4362     0.0708     0.1234    34.3804    34.3775    8.03856         28 0.0000e+00
    489.000    483.370     0.0322  28.819681     0.0348  28.819612     4.7671     4.8691    -0.0045    93.5291 1.0000e-12  -74.11656 -112.78172  30.262887      99.90 5.7871e+01    772.460      18540  1029.9233  1029.9207     4.4369     0.0703     0.1233    34.3808    34.3778    8.03820         23 0.0000e+00
    490.000    484.356     0.0344  28.822035     0.0366  28.821797     4.7657     4.8615    -0.0021    93.5286 1.0000e-12  -74.11656 -112.78172  30.262899      99.89 5.7462e+01    773.485      18565  1029.9280  1029.9255     4.4369     0.0713     0.1243    34.3809    34.3780    8.03774         27 0.0000e+00
    491.000    485.344     0.0360  28.824038     0.0384  28.823773     4.7649     4.8611    -0.0071    93.5333 1.0000e-12  -74.11656 -112.78172  30.262912      98.39 5.4798e+01    774.617      18592  1029.9328  1029.9302     4.4372     0.0711     0.1248    34.3811    34.3781    8.03739         27 0.0000e+00
    492.000    486.332     0.0401  28.828211     0.0426  28.828211     4.7595     4.8515    -0.0029    93.5219 1.0000e-12  -74.11656 -112.78172  30.262925      79.63 5.6988e+01    775.744      18619  1029.9375  1029.9350     4.4366     0.0685     0.1227    34.3815    34.3786    8.03651         27 0.0000e+00
    493.000    487.317     0.0438  28.832475     0.0460  28.832170     4.7533     4.8396    -0.0077    93.5279 1.0000e-12  -74.11656 -112.78172  30.262937      90.46 5.7179e+01    776.793      18644  1029.9427  1029.9401     4.4369     0.0691     0.1238    34.3824    34.3794    8.03569         23 0.0000e+00
    494.000    488.307     0.0602  28.849381     0.0636  28.849832     4.7502     4.8398    -0.0101    93.5132 1.0000e-12  -74.11656 -112.78172  30.262949      99.80 5.5911e+01    777.761      18667  1029.9485  1029.9457     4.4362     0.0699     0.1212    34.3857    34.3825    8.03206         24 0.0000e+00
    495.000    489.292     0.0641  28.853458     0.0663  28.853218     4.7503     4.8411    -0.0160    93.5281 1.0000e-12  -74.11655 -112.78172  30.262961      99.90 5.7329e+01    778.789      18692  1029.9534  1029.9510     4.4369     0.0696     0.1237    34.3862    34.3834    8.03122         26 0.0000e+00
    496.000    490.281     0.0633  28.853299     0.0660  28.853466     4.7531     4.8514    -0.0078    93.5224 1.0000e-12  -74.11655 -112.78172  30.262974      99.89 5.7292e+01    779.915      18719  1029.9584  1029.9559     4.4366     0.0706     0.1247    34.3862    34.3834    8.03138         26 0.0000e+00
    497.000    491.268     0.0592  28.849953     0.0615  28.849858     4.7519     4.8516    -0.0071    93.5493 1.0000e-12  -74.11655 -112.78172  30.262985      99.89 5.6346e+01    780.929      18743  1029.9632  1029.9610     4.4379     0.0705     0.1234    34.3858    34.3832    8.03226         24 0.0000e+00
    498.000    492.255     0.0573  28.849179     0.0598  28.849101     4.7497     4.8484    -0.0152    93.5580 1.0000e-12  -74.11655 -112.78172  30.262998      99.90 5.6669e+01    781.986      18769  1029.9687  1029.9662     4.4383     0.0707     0.1253    34.3864    34.3835    8.03263         27 0.0000e+00
    499.000    493.243     0.0638  28.856506     0.0669  28.856766     4.7482     4.8445    -0.0120    93.5343 1.0000e-12  -74.11654 -112.78172  30.263011      99.89 5.6934e+01    783.122      18796  1029.9743  1029.9715     4.4372     0.0695     0.1217    34.3882    34.3850    8.03117         27 0.0000e+00
    500.000    494.229     0.0703  28.863479     0.0726  28.863191     4.7473     4.8381    -0.0053    93.5603 1.0000e-12  -74.11656 -112.78172  30.263024      99.90 5.6278e+01    784.284      18824  1029.9795  1029.9770     4.4384     0.0701     0.1260    34.3895    34.3866    8.02974         28 0.0000e+00
    501.000    495.217     0.0730  28.867237     0.0752  28.866996     4.7425     4.8367    -0.0057    93.5591 1.0000e-12  -74.11654 -112.78172  30.263037      99.90 5.7770e+01    785.389      18850  1029.9852  1029.9827     4.4384     0.0695     0.1243    34.3909    34.3880    8.02910         25 0.0000e+00
    502.000    496.205     0.0772  28.872287     0.0795  28.871873     4.7433     4.8309    -0.0054    93.5712 1.0000e-12  -74.11656 -112.78172  30.263048      99.89 5.7409e+01    786.387      18874  1029.9906  1029.9880     4.4390     0.0719     0.1357    34.3922    34.3891    8.02813         25 0.0000e+00
    503.000    497.190     0.0894  28.885520     0.0919  28.885059     4.7369     4.8339    -0.0061    93.5686 1.0000e-12  -74.11656 -112.78172  30.263061      99.90 5.6735e+01    787.505      18901  1029.9969  1029.9940     4.4388     0.0702     0.1242    34.3954    34.3920    8.02540         27 0.0000e+00
    504.000    498.179     0.0929  28.889416     0.0951  28.889145     4.7360     4.8257    -0.0136    93.5600 1.0000e-12  -74.11656 -112.78172  30.263074      84.86 5.7164e+01    788.636      18928  1030.0019  1029.9995     4.4384     0.0685     0.1239    34.3961    34.3932    8.02464         28 0.0000e+00
    505.000    499.166     0.0950  28.892076     0.0976  28.892057     4.7395     4.8271    -0.0086    93.5517 1.0000e-12  -74.11656 -112.78172  30.263087      95.58 5.7441e+01    789.731      18955  1030.0069  1030.0044     4.4380     0.0687     0.1258    34.3966    34.3937    8.02416         24 0.0000e+00
    506.000    500.152     0.0980  28.895436     0.1004  28.895346     4.7357     4.8328    -0.0014    93.5282 1.0000e-12  -74.11656 -112.78172  30.263098      99.84 5.7182e+01    790.696      18978  1030.0119  1030.0095     4.4369     0.0710     0.1268    34.3971    34.3943    8.02351         23 0.0000e+00
    507.000    501.142     0.0993  28.897312     0.1014  28.896806     4.7343     4.8317    -0.0022    93.5302 1.0000e-12  -74.11656 -112.78172  30.263110      99.90 5.7003e+01    791.670      19001  1030.0169  1030.0144     4.4370     0.0697     0.1249    34.3975    34.3946    8.02321         24 0.0000e+00
    508.000    502.127     0.1024  28.900783     0.1045  28.900348     4.7324     4.8229    -0.0017    93.5215 1.0000e-12  -74.11656 -112.78172  30.263122      99.90 5.7538e+01    792.755      19027  1030.0219  1030.0194     4.4366     0.0693     0.1232    34.3981    34.3951    8.02254         28 0.0000e+00
    509.000    503.114     0.1072  28.906083     0.1094  28.905812     4.7270     4.8224    -0.0062    93.5034 1.0000e-12  -74.11656 -112.78172  30.263135      99.90 5.7514e+01    793.852      19053  1030.0271  1030.0247     4.4357     0.0713     0.1242    34.3991    34.3963    8.02148         24 0.0000e+00
    510.000    504.102     0.1129  28.912527     0.1151  28.912104     4.7266     4.8182    -0.0121    93.4949 1.0000e-12  -74.11656 -112.78172  30.263147      99.89 5.4099e+01    794.878      19078  1030.0325  1030.0300     4.4353     0.0710     0.1258    34.4006    34.3976    8.02020         26 0.0000e+00
    511.000    505.089     0.1160  28.916331     0.1183  28.916141     4.7220     4.8177     0.0013    93.4655 1.0000e-12  -74.11656 -112.78172  30.263160      99.90 5.8056e+01    796.003      19105  1030.0378  1030.0354     4.4340     0.0696     0.1265    34.4015    34.3987    8.01949         27 0.0000e+00
    512.000    506.078     0.1168  28.917581     0.1190  28.917393     4.7248     4.8202     0.0035    93.4874 1.0000e-12  -74.11656 -112.78172  30.263173      99.89 5.7353e+01    797.151      19133  1030.0428  1030.0404     4.4350     0.0693     0.1278    34.4018    34.3990    8.01933         28 0.0000e+00
    513.000    507.062     0.1184  28.919818     0.1207  28.919725     4.7208     4.8146    -0.0010    93.4854 1.0000e-12  -74.11656 -112.78172  30.263185      99.89 5.3963e+01    798.207      19158  1030.0479  1030.0455     4.4349     0.0683     0.1273    34.4024    34.3996    8.01896         23 0.0000e+00
    514.000    508.051     0.1194  28.921320     0.1217  28.921147     4.7214     4.8113    -0.0012    93.4603 1.0000e-12  -74.11656 -112.78172  30.263197      99.90 5.7336e+01    799.222      19182  1030.0527  1030.0503     4.4337     0.0696     0.1264    34.4025    34.3998    8.01872         26 0.0000e+00
    515.000    509.039     0.1197  28.922056     0.1223  28.922151     4.7231     4.8161    -0.0015    93.4511 1.0000e-12  -74.11656 -112.78172  30.263210      99.90 5.7928e+01    800.363      19210  1030.0575  1030.0552     4.4333     0.0707     0.1251    34.4026    34.3999    8.01867         27 0.0000e+00
    516.000    510.025     0.1215  28.924492     0.1239  28.924332     4.7149     4.8088    -0.0025    93.4496 1.0000e-12  -74.11654 -112.78172  30.263223      79.64 5.5179e+01    801.495      19237  1030.0627  1030.0601     4.4333     0.0677     0.1297    34.4033    34.4003    8.01826         28 0.0000e+00
    517.000    511.014     0.1230  28.926610     0.1253  28.926364     4.7110     4.8091    -0.0022    93.4542 1.0000e-12  -74.11655 -112.78172  30.263237      95.29 5.7566e+01    802.666      19265  1030.0677  1030.0652     4.4334     0.0694     0.1263    34.4037    34.4009    8.01791         29 0.0000e+00
    518.000    511.998     0.1242  28.928541     0.1265  28.928310     4.7204     4.8145    -0.0045    93.4416 1.0000e-12  -74.11655 -112.78172  30.263249      99.92 5.7948e+01    803.759      19291  1030.0728  1030.0704     4.4328     0.0693     0.1275    34.4044    34.4015    8.01762         23 0.0000e+00
