ocean_section_plots/required_files/ctd/dnbp2202_ctd027.cnv
* Sea-Bird SBE 9 Data File:
* FileName = D:\Data\raw\NBP2202_CTD027.hex
* Software Version Seasave V 7.26.7.121
* Temperature SN = 1649
* Conductivity SN = 2513
* Number of Bytes Per Scan = 40
* Number of Voltage Words = 5
* Number of Scans Averaged by the Deck Unit = 1
* NMEA Latitude = 74 13.87 S
* NMEA Longitude = 112 14.39 W
* NMEA UTC (Time) = Jan 21 2022  08:19:04
* NMEA baud rate = 9600
** Ship: RVIB N.B. Palmer
** Cruise: NBP2202 Thwaites
** Station: Tow-Yo #1
** Operator: B. Bjork
# nquan = 25
# nvalues = 989                         
# units = specified
# name 0 = prDM: Pressure, Digiquartz [db]
# name 1 = depSM: Depth [salt water, m]
# name 2 = t090C: Temperature [ITS-90, deg C]
# name 3 = c0mS/cm: Conductivity [mS/cm]
# name 4 = t190C: Temperature, 2 [ITS-90, deg C]
# name 5 = c1mS/cm: Conductivity, 2 [mS/cm]
# name 6 = sbeox0ML/L: Oxygen, SBE 43 [ml/l]
# name 7 = sbeox1ML/L: Oxygen, SBE 43, 2 [ml/l]
# name 8 = flECO-AFL: Fluorescence, WET Labs ECO-AFL/FL [mg/m^3]
# name 9 = CStarTr0: Beam Transmission, WET Labs C-Star [%]
# name 10 = par: PAR/Irradiance, Biospherical/Licor
# name 11 = latitude: Latitude [deg]
# name 12 = longitude: Longitude [deg]
# name 13 = timeJ: Julian Days
# name 14 = altM: Altimeter [m]
# name 15 = spar: SPAR, Biospherical/Licor
# name 16 = timeS: Time, Elapsed [seconds]
# name 17 = scan: Scan Count
# name 18 = density00: Density [density, kg/m^3]
# name 19 = density11: Density, 2 [density, kg/m^3]
# name 20 = sal00: Salinity, Practical [PSU]
# name 21 = sal11: Salinity, Practical, 2 [PSU]
# name 22 = oxsolML/L: Oxygen Saturation, Garcia & Gordon [ml/l]
# name 23 = nbin: number of scans per bin
# name 24 = flag: flag
# span 0 =     10.000,    998.000       
# span 1 =      9.897,    985.299       
# span 2 =    -1.4939,     0.5077       
# span 3 =  27.088462,  29.575818       
# span 4 =    -1.4926,     0.5099       
# span 5 =  27.088104,  29.575494       
# span 6 =     4.5733,     7.6758       
# span 7 =     4.8016,     7.9977       
# span 8 =    -0.0201,    13.2105       
# span 9 =    78.7813,    98.2802       
# span 10 = 1.0000e-12, 5.7810e+00      
# span 11 =  -74.23116,  -74.23073      
# span 12 = -112.24010, -112.23105      
# span 13 =  21.347269,  21.362812      
# span 14 =       8.47,     100.23      
# span 15 = 5.2306e+02, 5.6643e+02      
# span 16 =     60.026,   1402.949      
# span 17 =       1442,      33672      
# span 18 =  1027.2379,  1032.4049      
# span 19 =  1027.2364,  1032.4024      
# span 20 =    33.8029,    34.5478      
# span 21 =    33.8009,    34.5451      
# span 22 =    7.93029,    8.39202      
# span 23 =         14,         52      
# span 24 = 0.0000e+00, 0.0000e+00      
# interval = decibars: 1                
# start_time = Jan 21 2022 08:19:04 [NMEA time, header]
# bad_flag = -9.990e-29
*END*
[from data line 406]
    416.000    411.280    -0.9041  27.870314    -0.9024  27.869680     5.6903     6.0059    -0.0032    98.1783 1.0000e-12  -74.23098 -112.23664  21.354189      99.87 5.4151e+02    657.965      15792  1029.4929  1029.4906    34.2083    34.2056    8.24881         28 0.0000e+00
    417.000    412.268    -0.8928  27.881542    -0.8897  27.882202     5.6567     5.9755    -0.0004    98.1793 1.0000e-12  -74.23098 -112.23662  21.354203      99.88 5.4297e+02    659.147      15821  1029.4985  1029.4962    34.2102    34.2076    8.24623         28 0.0000e+00
    418.000    413.254    -0.8758  27.898202    -0.8730  27.898481     5.6289     5.9462     0.0051    98.1582 1.0000e-12  -74.23098 -112.23662  21.354217      99.87 5.4165e+02    660.309      15848  1029.5044  1029.5020    34.2129    34.2101    8.24235         28 0.0000e+00
    419.000    414.245    -0.8582  27.915506    -0.8570  27.914230     5.6159     5.9281    -0.0047    98.1799 1.0000e-12  -74.23098 -112.23662  21.354230      99.52 5.4096e+02    661.466      15876  1029.5104  1029.5079    34.2158    34.2127    8.23833         28 0.0000e+00
    420.000    415.230    -0.8449  27.928006    -0.8438  27.926857     5.6109     5.9221    -0.0079    98.1595 1.0000e-12  -74.23098 -112.23660  21.354244      89.33 5.3993e+02    662.659      15905  1029.5155  1029.5133    34.2171    34.2143    8.23536         29 0.0000e+00
    421.000    416.218    -0.8431  27.930160    -0.8415  27.929486     5.6085     5.9145    -0.0007    98.1609 1.0000e-12  -74.23098 -112.23660  21.354258      94.48 5.4133e+02    663.855      15934  1029.5207  1029.5185    34.2173    34.2147    8.23494         28 0.0000e+00
    422.000    417.205    -0.8401  27.933207    -0.8386  27.932456     5.6085     5.9177    -0.0009    98.1609 1.0000e-12  -74.23098 -112.23660  21.354271      99.95 5.4178e+02    665.039      15962  1029.5256  1029.5234    34.2175    34.2148    8.23428         28 0.0000e+00
    423.000    418.194    -0.8401  27.933557    -0.8381  27.933343     5.5968     5.9099    -0.0064    98.1638 1.0000e-12  -74.23098 -112.23658  21.354285      99.87 5.4226e+02    666.206      15990  1029.5305  1029.5284    34.2174    34.2149    8.23430         29 0.0000e+00
    424.000    419.181    -0.8368  27.937128    -0.8351  27.936672     5.5676     5.8782    -0.0005    98.1436 1.0000e-12  -74.23098 -112.23658  21.354298      99.87 5.4121e+02    667.383      16018  1029.5356  1029.5334    34.2179    34.2153    8.23355         28 0.0000e+00
    425.000    420.169    -0.8216  27.952313    -0.8195  27.951899     5.5376     5.8553    -0.0004    98.1277 1.0000e-12  -74.23098 -112.23656  21.354312      99.87 5.4120e+02    668.570      16047  1029.5415  1029.5390    34.2206    34.2177    8.23006         28 0.0000e+00
    426.000    421.156    -0.8035  27.969839    -0.8020  27.968778     5.4928     5.8045    -0.0004    98.1096 1.0000e-12  -74.23098 -112.23656  21.354326      99.87 5.4120e+02    669.749      16075  1029.5472  1029.5446    34.2233    34.2201    8.22597         29 0.0000e+00
    427.000    422.143    -0.7848  27.988142    -0.7829  27.987406     5.4445     5.7610     0.0032    98.1402 1.0000e-12  -74.23098 -112.23655  21.354339      99.87 5.4120e+02    670.920      16103  1029.5531  1029.5506    34.2262    34.2231    8.22171         28 0.0000e+00
    428.000    423.132    -0.7579  28.014061    -0.7554  28.013931     5.3996     5.7150     0.0086    98.1334 1.0000e-12  -74.23098 -112.23654  21.354353      99.87 5.4120e+02    672.083      16131  1029.5593  1029.5567    34.2302    34.2272    8.21562         28 0.0000e+00
    429.000    424.119    -0.7285  28.042596    -0.7254  28.042764     5.3266     5.6348     0.0080    98.1478 1.0000e-12  -74.23098 -112.23654  21.354366      99.87 5.4120e+02    673.257      16159  1029.5658  1029.5630    34.2349    34.2316    8.20896         28 0.0000e+00
    430.000    425.106    -0.6728  28.096962    -0.6674  28.098269     5.2590     5.5633     0.0138    98.1088 1.0000e-12  -74.23098 -112.23652  21.354380      99.86 5.4120e+02    674.457      16188  1029.5743  1029.5705    34.2447    34.2404    8.19630         29 0.0000e+00
    431.000    426.095    -0.5941  28.170412    -0.5919  28.169726     5.2301     5.5273     0.0151    98.1131 1.0000e-12  -74.23098 -112.23651  21.354394      79.23 5.4120e+02    675.653      16217  1029.5808  1029.5780    34.2541    34.2507    8.17872         28 0.0000e+00
    432.000    427.082    -0.5793  28.184742    -0.5768  28.184461     5.2126     5.5191     0.0166    98.1291 1.0000e-12  -74.23098 -112.23650  21.354408      89.40 5.4120e+02    676.832      16245  1029.5868  1029.5841    34.2561    34.2529    8.17542         29 0.0000e+00
    433.000    428.070    -0.5699  28.193953    -0.5678  28.193360     5.1707     5.4677     0.0306    98.1105 1.0000e-12  -74.23098 -112.23650  21.354421      99.74 5.4120e+02    678.007      16273  1029.5924  1029.5898    34.2572    34.2541    8.17331         28 0.0000e+00
    434.000    429.057    -0.5333  28.230026    -0.5298  28.230048     5.1348     5.4204     0.0253    98.0885 1.0000e-12  -74.23098 -112.23650  21.354435      99.87 5.4126e+02    679.177      16301  1029.6000  1029.5966    34.2638    34.2599    8.16505         28 0.0000e+00
    435.000    430.044    -0.4720  28.288122    -0.4690  28.287826     5.1144     5.3995     0.0123    98.0873 1.0000e-12  -74.23098 -112.23648  21.354448      99.87 5.4139e+02    680.347      16329  1029.6070  1029.6038    34.2721    34.2682    8.15140         28 0.0000e+00
    436.000    431.032    -0.4522  28.306512    -0.4503  28.305829     5.1191     5.3951     0.0143    98.0809 1.0000e-12  -74.23098 -112.23647  21.354462      99.87 5.4291e+02    681.524      16358  1029.6124  1029.6098    34.2738    34.2707    8.14704         28 0.0000e+00
    437.000    432.020    -0.4569  28.302535    -0.4545  28.302168     5.1172     5.3994     0.0021    98.0762 1.0000e-12  -74.23098 -112.23646  21.354476      99.87 5.4291e+02    682.696      16386  1029.6177  1029.6151    34.2731    34.2700    8.14808         28 0.0000e+00
    438.000    433.007    -0.4563  28.303251    -0.4542  28.302714     5.1151     5.3969     0.0111    98.0984 1.0000e-12  -74.23098 -112.23645  21.354489      99.86 5.4130e+02    683.867      16414  1029.6229  1029.6203    34.2728    34.2698    8.14798         24 0.0000e+00
    439.000    433.995    -0.4550  28.304892    -0.4520  28.304988     5.1088     5.3932     0.0191    98.0869 1.0000e-12  -74.23098 -112.23645  21.354503      99.86 5.4120e+02    685.045      16442  1029.6282  1029.6253    34.2730    34.2697    8.14770         27 0.0000e+00
    440.000    434.982    -0.4463  28.313355    -0.4450  28.312001     5.1120     5.3858     0.0321    98.0725 1.0000e-12  -74.23098 -112.23644  21.354517      99.87 5.4120e+02    686.236      16471  1029.6334  1029.6307    34.2740    34.2706    8.14578         28 0.0000e+00
    441.000    435.970    -0.4407  28.318973    -0.4396  28.317373     5.1107     5.3871     0.0228    98.0714 1.0000e-12  -74.23098 -112.23644  21.354530      99.86 5.4120e+02    687.423      16499  1029.6386  1029.6358    34.2745    34.2711    8.14453         29 0.0000e+00
    442.000    436.958    -0.4413  28.318880    -0.4383  28.318996     5.1140     5.3762     0.0098    98.0587 1.0000e-12  -74.23098 -112.23642  21.354544      94.97 5.4120e+02    688.610      16528  1029.6437  1029.6410    34.2744    34.2713    8.14466         28 0.0000e+00
    443.000    437.945    -0.4374  28.322654    -0.4345  28.322799     5.1180     5.3842     0.0132    98.0431 1.0000e-12  -74.23098 -112.23641  21.354558      85.95 5.4120e+02    689.774      16556  1029.6485  1029.6459    34.2745    34.2715    8.14382         28 0.0000e+00
    444.000    438.933    -0.4419  28.318825    -0.4346  28.323113     5.1022     5.3744     0.0255    98.0413 1.0000e-12  -74.23098 -112.23640  21.354571      97.89 5.4120e+02    690.935      16583  1029.6534  1029.6508    34.2739    34.2714    8.14482         28 0.0000e+00
    445.000    439.920    -0.4350  28.326044    -0.4321  28.325979     5.0805     5.3533     0.0219    98.0527 1.0000e-12  -74.23098 -112.23640  21.354585      99.85 5.4277e+02    692.113      16612  1029.6588  1029.6559    34.2752    34.2719    8.14328         29 0.0000e+00
    446.000    440.908    -0.4102  28.349931    -0.4079  28.349394     5.0678     5.3394     0.0141    98.0469 1.0000e-12  -74.23098 -112.23640  21.354598      99.87 5.4297e+02    693.307      16640  1029.6645  1029.6617    34.2787    34.2754    8.13777         28 0.0000e+00
    447.000    441.895    -0.3938  28.365892    -0.3923  28.364731     5.0474     5.3247     0.0141    98.0565 1.0000e-12  -74.23098 -112.23638  21.354612      99.86 5.4297e+02    694.510      16669  1029.6699  1029.6672    34.2809    34.2776    8.13412         30 0.0000e+00
    448.000    442.883    -0.3873  28.373047    -0.3856  28.371505     5.0306     5.3023     0.0190    98.0560 1.0000e-12  -74.23098 -112.23637  21.354627      99.87 5.4286e+02    695.784      16700  1029.6757  1029.6725    34.2826    34.2787    8.13263         31 0.0000e+00
    449.000    443.870    -0.3590  28.400476    -0.3574  28.399116     5.0202     5.2903     0.0197    98.0510 1.0000e-12  -74.23098 -112.23636  21.354642      99.87 5.4125e+02    697.086      16731  1029.6818  1029.6787    34.2868    34.2831    8.12634         31 0.0000e+00
    450.000    444.857    -0.3510  28.408385    -0.3495  28.407052     5.0166     5.2829     0.0198    98.0522 1.0000e-12  -74.23098 -112.23634  21.354657      99.86 5.4120e+02    698.389      16762  1029.6869  1029.6841    34.2877    34.2843    8.12457         32 0.0000e+00
    451.000    445.845    -0.3475  28.411910    -0.3473  28.409530     5.0107     5.2821     0.0204    98.0519 1.0000e-12  -74.23098 -112.23634  21.354672      99.87 5.4311e+02    699.690      16794  1029.6919  1029.6892    34.2879    34.2845    8.12382         31 0.0000e+00
    452.000    446.834    -0.3413  28.418442    -0.3416  28.415428     5.0081     5.2705     0.0275    98.0602 1.0000e-12  -74.23098 -112.23634  21.354688      95.41 5.4297e+02    701.008      16825  1029.6973  1029.6944    34.2891    34.2854    8.12243         31 0.0000e+00
    453.000    447.819    -0.3377  28.422063    -0.3357  28.421245     5.0097     5.2678     0.0192    98.0229 1.0000e-12  -74.23098 -112.23632  21.354703      77.05 5.4157e+02    702.325      16857  1029.7022  1029.6994    34.2893    34.2859    8.12165         32 0.0000e+00
    454.000    448.808    -0.3372  28.423194    -0.3346  28.422764     4.9988     5.2692     0.0166    98.0361 1.0000e-12  -74.23098 -112.23631  21.354718      98.88 5.4153e+02    703.642      16888  1029.7074  1029.7044    34.2896    34.2861    8.12152         32 0.0000e+00
    455.000    449.794    -0.3275  28.432778    -0.3257  28.431725     4.9854     5.2541     0.0207    98.0402 1.0000e-12  -74.23098 -112.23630  21.354734      99.87 5.4181e+02    704.978      16920  1029.7126  1029.7097    34.2909    34.2875    8.11938         32 0.0000e+00
    456.000    450.783    -0.3215  28.439265    -0.3188  28.438963     4.9783     5.2446     0.0266    98.0378 1.0000e-12  -74.23098 -112.23630  21.354749      99.87 5.4352e+02    706.313      16953  1029.7181  1029.7150    34.2922    34.2888    8.11803         32 0.0000e+00
    457.000    451.770    -0.3037  28.456882    -0.3029  28.454626     4.9639     5.2262     0.0162    98.0386 1.0000e-12  -74.23098 -112.23628  21.354764      99.87 5.4252e+02    707.619      16984  1029.7237  1029.7206    34.2951    34.2912    8.11406         31 0.0000e+00
    458.000    452.757    -0.2965  28.464470    -0.2929  28.464996     4.9511     5.2153     0.0271    98.0418 1.0000e-12  -74.23098 -112.23627  21.354779      99.86 5.4120e+02    708.940      17016  1029.7293  1029.7263    34.2965    34.2933    8.11245         32 0.0000e+00
    459.000    453.745    -0.2766  28.484278    -0.2727  28.485034     4.9376     5.2016     0.0177    98.0273 1.0000e-12  -74.23098 -112.23626  21.354795      99.87 5.4120e+02    710.268      17047  1029.7352  1029.7323    34.2999    34.2966    8.10801         32 0.0000e+00
    460.000    454.732    -0.2643  28.496295    -0.2611  28.496626     4.9257     5.1929     0.0181    98.0377 1.0000e-12  -74.23096 -112.23626  21.354810      99.87 5.4205e+02    711.577      17079  1029.7405  1029.7377    34.3016    34.2984    8.10532         31 0.0000e+00
    461.000    455.722    -0.2513  28.509617    -0.2470  28.510778     4.9229     5.1822     0.0090    98.0378 1.0000e-12  -74.23096 -112.23625  21.354825      99.86 5.4336e+02    712.896      17111  1029.7464  1029.7435    34.3041    34.3009    8.10240         32 0.0000e+00
    462.000    456.706    -0.2442  28.516686    -0.2403  28.517787     4.9145     5.1737     0.0183    98.0436 1.0000e-12  -74.23096 -112.23624  21.354840      77.22 5.4393e+02    714.208      17142  1029.7515  1029.7490    34.3050    34.3021    8.10085         31 0.0000e+00
    463.000    457.695    -0.2339  28.527421    -0.2314  28.526904     4.9024     5.1671     0.0150    98.0493 1.0000e-12  -74.23096 -112.23623  21.354855      86.97 5.4292e+02    715.490      17173  1029.7574  1029.7544    34.3072    34.3036    8.09854         31 0.0000e+00
    464.000    458.683    -0.2254  28.535841    -0.2223  28.536195     4.8977     5.1590     0.0211    98.0187 1.0000e-12  -74.23096 -112.23622  21.354870      97.50 5.4302e+02    716.804      17204  1029.7625  1029.7598    34.3082    34.3052    8.09668         32 0.0000e+00
    465.000    459.670    -0.2111  28.550477    -0.2092  28.549421     4.8849     5.1497     0.0285    98.0127 1.0000e-12  -74.23096 -112.23620  21.354886      99.89 5.4167e+02    718.131      17236  1029.7685  1029.7655    34.3110    34.3074    8.09348         29 0.0000e+00
    466.000    460.655    -0.2032  28.558447    -0.2013  28.557423     4.8771     5.1413     0.0258    98.0128 1.0000e-12  -74.23096 -112.23620  21.354901      99.86 5.4258e+02    719.429      17267  1029.7737  1029.7708    34.3122    34.3087    8.09174         31 0.0000e+00
    467.000    461.646    -0.1925  28.569461    -0.1900  28.569036     4.8785     5.1375     0.0203    98.0101 1.0000e-12  -74.23096 -112.23619  21.354916      99.87 5.4292e+02    720.736      17299  1029.7794  1029.7765    34.3142    34.3108    8.08935         31 0.0000e+00
    468.000    462.632    -0.1893  28.573256    -0.1869  28.572919     4.8755     5.1364     0.0142    98.0236 1.0000e-12  -74.23096 -112.23618  21.354931      99.87 5.4297e+02    722.051      17330  1029.7848  1029.7821    34.3151    34.3119    8.08863         32 0.0000e+00
    469.000    463.619    -0.1881  28.575012    -0.1859  28.574481     4.8749     5.1357     0.0143    98.0201 1.0000e-12  -74.23096 -112.23618  21.354946      99.87 5.4537e+02    723.345      17361  1029.7900  1029.7872    34.3155    34.3122    8.08835         32 0.0000e+00
    470.000    464.607    -0.1874  28.576196    -0.1849  28.575888     4.8749     5.1281     0.0143    98.0129 1.0000e-12  -74.23096 -112.23616  21.354961      99.87 5.4396e+02    724.646      17393  1029.7950  1029.7923    34.3157    34.3125    8.08819         31 0.0000e+00
    471.000    465.594    -0.1828  28.581004    -0.1799  28.581148     4.8677     5.1292     0.0143    98.0137 1.0000e-12  -74.23096 -112.23615  21.354976      99.86 5.4237e+02    725.944      17424  1029.8000  1029.7973    34.3163    34.3132    8.08718         30 0.0000e+00
    472.000    466.583    -0.1774  28.586545    -0.1749  28.586337     4.8703     5.1251     0.0259    98.0103 1.0000e-12  -74.23096 -112.23614  21.354991      87.52 5.4119e+02    727.214      17454  1029.8049  1029.8023    34.3169    34.3139    8.08598         31 0.0000e+00
