ocean_section_plots/required_files/ctd/dnbp2202_ctd276.cnv
* Sea-Bird SBE 9 Data File:
* FileName = D:\Data\raw\NBP2202_CTD276.hex
* Software Version Seasave V 7.26.7.121
* Temperature SN = 1649
* Conductivity SN = 2513
* Number of Bytes Per Scan = 40
* Number of Voltage Words = 5
* Number of Scans Averaged by the Deck Unit = 1
* NMEA Latitude = 74 01.68 S
* NMEA Longitude = 116 11.17 W
* NMEA UTC (Time) = Feb 21 2022  05:08:02
* NMEA baud rate = 9600
** Ship: RVIB N.B. Palmer
** Cruise: NBP2202 Thwaites
** Station: 178
** Operator: B. Bjork
# nquan = 28
# nvalues = 807                         
# units = specified
# name 0 = prDM: Pressure, Digiquartz [db]
# name 1 = depSM: Depth [salt water, m]
# name 2 = t090C: Temperature [ITS-90, deg C]
# name 3 = c0mS/cm: Conductivity [mS/cm]
# name 4 = t190C: Temperature, 2 [ITS-90, deg C]
# name 5 = c1mS/cm: Conductivity, 2 [mS/cm]
# name 6 = sbeox0ML/L: Oxygen, SBE 43 [ml/l]
# name 7 = sbeox1ML/L: Oxygen, SBE 43, 2 [ml/l]
# name 8 = flECO-AFL: Fluorescence, WET Labs ECO-AFL/FL [mg/m^3]
# name 9 = CStarTr0: Beam Transmission, WET Labs C-Star [%]
# name 10 = par: PAR/Irradiance, Biospherical/Licor
# name 11 = latitude: Latitude [deg]
# name 12 = longitude: Longitude [deg]
# name 13 = timeJ: Julian Days
# name 14 = altM: Altimeter [m]
# name 15 = spar: SPAR, Biospherical/Licor
# name 16 = timeS: Time, Elapsed [seconds]
# name 17 = scan: Scan Count
# name 18 = density00: Density [density, kg/m^3]
# name 19 = density11: Density, 2 [density, kg/m^3]
# name 20 = v3: Voltage 3
# name 21 = v4: Voltage 4
# name 22 = v5: Voltage 5
# name 23 = sal00: Salinity, Practical [PSU]
# name 24 = sal11: Salinity, Practical, 2 [PSU]
# name 25 = oxsolML/L: Oxygen Saturation, Garcia & Gordon [ml/l]
# name 26 = nbin: number of scans per bin
# name 27 = flag: flag
# span 0 =      2.000,    808.000       
# span 1 =      1.977,    798.088       
# span 2 =    -1.8347,     0.4725       
# span 3 =  26.928597,  29.463202       
# span 4 =    -1.8339,     0.4750       
# span 5 =  26.928900,  29.463848       
# span 6 =     4.5590,     9.0723       
# span 7 =     4.6693,     9.3965       
# span 8 =     0.0714,     9.7770       
# span 9 =    86.9491,    98.6141       
# span 10 = -2.343e-05, 3.4579e+00      
# span 11 =  -74.02802,  -74.02802      
# span 12 = -116.18628, -116.18624      
# span 13 =  52.215889,  52.227700      
# span 14 =       3.27,     100.77      
# span 15 = 1.7716e+01, 3.2496e+01      
# span 16 =    170.834,   1191.261      
# span 17 =       4101,      28591      
# span 18 =  1027.1473,  1031.5225      
# span 19 =  1027.1481,  1031.5208      
# span 20 =     4.1250,     4.6780      
# span 21 =     0.0808,     1.4834      
# span 22 =     0.1071,     0.2381      
# span 23 =    33.7563,    34.5482      
# span 24 =    33.7565,    34.5462      
# span 25 =    7.93750,    8.46604      
# span 26 =         22,         63      
# span 27 = 0.0000e+00, 0.0000e+00      
# interval = decibars: 1                
# start_time = Feb 21 2022 05:08:02 [NMEA time, header]
# bad_flag = -9.990e-29
*END*
[from data line 52]
     54.000     53.434    -0.6007  27.653551    -0.6005  27.652942     9.0313     9.3587     8.1956    91.0628 1.0000e-12  -74.02802 -116.18626  52.217063      99.64 2.1155e+01    272.256       6535  1027.4196  1027.4188     4.3198     1.1049     0.1642    33.7952    33.7942    8.20665         32 0.0000e+00
     55.000     54.424    -0.5954  27.659969    -0.5916  27.663027     9.0242     9.3529     9.4068    92.9990 1.0000e-12  -74.02802 -116.18626  52.217085      99.68 2.1155e+01    274.160       6581  1027.4257  1027.4254     4.4115     1.0262     0.1823    33.7973    33.7971    8.20537         45 0.0000e+00
     56.000     55.412    -0.5912  27.665028    -0.5901  27.665325     9.0313     9.3455     7.2172    91.8455 1.0000e-12  -74.02802 -116.18626  52.217107      96.99 2.1155e+01    276.064       6627  1027.4316  1027.4309     4.3567     1.1662     0.1697    33.7989    33.7980    8.20439         41 0.0000e+00
     57.000     56.404    -0.5909  27.665866    -0.5896  27.666306     9.0267     9.3424     6.0065    91.8545 1.0000e-12  -74.02802 -116.18626  52.217129      99.61 2.1155e+01    277.935       6671  1027.4366  1027.4358     4.3575     1.1423     0.1518    33.7990    33.7981    8.20430         38 0.0000e+00
     58.000     57.392    -0.5897  27.668127    -0.5885  27.668354     9.0166     9.3270     7.1866    92.0689 1.0000e-12  -74.02802 -116.18626  52.217151      99.54 2.1306e+01    279.873       6718  1027.4422  1027.4413     4.3677     1.2793     0.1483    33.8000    33.7991    8.20398         47 0.0000e+00
     59.000     58.383    -0.5883  27.670554    -0.5870  27.671101     9.0142     9.3236     7.5820    91.3783 1.0000e-12  -74.02802 -116.18626  52.217174      99.61 2.1603e+01    281.841       6765  1027.4479  1027.4472     4.3350     1.1661     0.1649    33.8012    33.8004    8.20362         38 0.0000e+00
     60.000     59.368    -0.5885  27.670741    -0.5873  27.671166     8.9970     9.3207     9.7770    91.4996 1.0000e-12  -74.02802 -116.18626  52.217196      99.63 2.1403e+01    283.720       6810  1027.4527  1027.4519     4.3409     1.1253     0.1623    33.8011    33.8003    8.20367         35 0.0000e+00
     61.000     60.362    -0.5878  27.672727    -0.5868  27.672893     8.9551     9.2816     7.8813    91.4690 1.0000e-12  -74.02802 -116.18626  52.217217      99.71 2.1665e+01    285.569       6855  1027.4585  1027.4577     4.3391     0.9711     0.1459    33.8023    33.8014    8.20344         38 0.0000e+00
     62.000     61.349    -0.5846  27.678705    -0.5834  27.678895     8.9306     9.2481     7.3217    91.2629 1.0000e-12  -74.02802 -116.18626  52.217239      99.66 2.2526e+01    287.478       6900  1027.4662  1027.4653     4.3295     1.0866     0.1737    33.8062    33.8051    8.20252         40 0.0000e+00
     63.000     62.340    -0.5827  27.682100    -0.5813  27.682744     8.9322     9.2380     7.9694    91.4934 1.0000e-12  -74.02802 -116.18626  52.217261      99.71 2.2022e+01    289.379       6946  1027.4723  1027.4717     4.3404     0.9654     0.1523    33.8080    33.8073    8.20200         42 0.0000e+00
     64.000     63.329    -0.5829  27.682282    -0.5814  27.683049     8.9304     9.2402     8.0781    92.5964 1.0000e-12  -74.02802 -116.18626  52.217283      99.57 2.2034e+01    291.271       6991  1027.4770  1027.4765     4.3927     1.2849     0.1602    33.8078    33.8072    8.20205         41 0.0000e+00
     65.000     64.318    -0.5825  27.683279    -0.5810  27.683992     8.9255     9.2374     8.5126    91.2025 1.0000e-12  -74.02802 -116.18626  52.217305      99.52 2.2899e+01    293.168       7037  1027.4821  1027.4815     4.3267     1.4834     0.1600    33.8082    33.8075    8.20196         44 0.0000e+00
     66.000     65.307    -0.5816  27.685040    -0.5800  27.685797     8.9261     9.2313     5.9742    89.9875 1.0000e-12  -74.02802 -116.18626  52.217328      99.47 2.2812e+01    295.113       7084  1027.4874  1027.4867     4.2697     1.4770     0.1550    33.8089    33.8081    8.20171         42 0.0000e+00
     67.000     66.295    -0.5822  27.684660    -0.5806  27.685424     8.9164     9.2394     8.2726    91.6556 1.0000e-12  -74.02802 -116.18626  52.217350      99.69 2.1728e+01    297.017       7129  1027.4919  1027.4913     4.3482     0.9990     0.1609    33.8084    33.8078    8.20187         38 0.0000e+00
     68.000     67.282    -0.5820  27.685577    -0.5806  27.686013     8.9125     9.2252     7.7645    91.5736 1.0000e-12  -74.02802 -116.18626  52.217372      99.66 2.2938e+01    298.905       7175  1027.4970  1027.4962     4.3446     1.0777     0.1484    33.8089    33.8079    8.20181         34 0.0000e+00
     69.000     68.277    -0.5822  27.686193    -0.5808  27.686752     8.9137     9.2085     7.2807    90.5463 1.0000e-12  -74.02802 -116.18626  52.217394      99.48 2.2917e+01    300.815       7221  1027.5022  1027.5015     4.2955     1.1140     0.1562    33.8093    33.8085    8.20183         34 0.0000e+00
     70.000     69.265    -0.5833  27.685388    -0.5821  27.685838     8.9047     9.2209     6.2924    91.2181 1.0000e-12  -74.02802 -116.18626  52.217415      97.03 2.2917e+01    302.667       7265  1027.5067  1027.5061     4.3266     1.0473     0.1586    33.8088    33.8081    8.20209         37 0.0000e+00
     71.000     70.253    -0.5837  27.685579    -0.5825  27.685852     8.9046     9.2082     5.7052    91.0145 1.0000e-12  -74.02802 -116.18626  52.217437      99.77 2.2917e+01    304.578       7311  1027.5116  1027.5108     4.3177     1.0005     0.1753    33.8090    33.8080    8.20218         39 0.0000e+00
     72.000     71.243    -0.5831  27.686434    -0.5816  27.687377     8.8987     9.2047     7.2035    91.1882 1.0000e-12  -74.02802 -116.18626  52.217460      99.66 2.2917e+01    306.541       7358  1027.5163  1027.5158     4.3260     1.0668     0.1597    33.8088    33.8084    8.20205         39 0.0000e+00
     73.000     72.233    -0.5824  27.688191    -0.5815  27.688032     8.9006     9.2127     6.6813    91.5368 1.0000e-12  -74.02802 -116.18626  52.217481      99.75 2.2917e+01    308.396       7403  1027.5218  1027.5207     4.3426     1.2180     0.1626    33.8098    33.8086    8.20185         37 0.0000e+00
     74.000     73.222    -0.5818  27.689444    -0.5796  27.690927     8.9077     9.2103     6.5318    91.0606 1.0000e-12  -74.02802 -116.18625  52.217503      99.61 2.2917e+01    310.226       7446  1027.5269  1027.5263     4.3200     1.1705     0.1659    33.8102    33.8097    8.20169         34 0.0000e+00
     75.000     74.210    -0.5806  27.691368    -0.5791  27.692029     8.9086     9.2012     7.7838    90.1844 1.0000e-12  -74.02802 -116.18625  52.217526      99.61 2.2917e+01    312.208       7494  1027.5320  1027.5314     4.2787     1.2034     0.1697    33.8108    33.8101    8.20139         41 0.0000e+00
     76.000     75.200    -0.5809  27.691567    -0.5796  27.692064     8.9037     9.2092     6.9756    91.2172 1.0000e-12  -74.02802 -116.18624  52.217549      99.65 2.2917e+01    314.266       7543  1027.5368  1027.5362     4.3273     1.0872     0.1590    33.8108    33.8100    8.20145         41 0.0000e+00
     77.000     76.189    -0.5810  27.692230    -0.5797  27.692384     8.9036     9.2095     6.4310    90.5531 1.0000e-12  -74.02802 -116.18624  52.217573      99.54 2.2917e+01    316.324       7593  1027.5419  1027.5409     4.2956     1.2980     0.1470    33.8111    33.8100    8.20145         40 0.0000e+00
     78.000     77.180    -0.5810  27.692624    -0.5795  27.692961     8.8932     9.2095     7.0569    91.0089 1.0000e-12  -74.02802 -116.18624  52.217599      99.72 2.2917e+01    318.580       7647  1027.5466  1027.5457     4.3174     1.2972     0.1685    33.8111    33.8099    8.20145         45 0.0000e+00
     79.000     78.169    -0.5793  27.695306    -0.5772  27.696361     8.8959     9.2108     6.0496    89.7963 1.0000e-12  -74.02802 -116.18624  52.217626      99.59 2.2917e+01    320.874       7702  1027.5523  1027.5514     4.2601     1.2603     0.1599    33.8122    33.8113    8.20103         40 0.0000e+00
     80.000     79.156    -0.5737  27.702715    -0.5722  27.703334     8.8742     9.1857     7.2306    91.4677 1.0000e-12  -74.02802 -116.18624  52.217650      99.60 2.2917e+01    322.961       7752  1027.5592  1027.5584     4.3392     1.1790     0.1756    33.8153    33.8145    8.19964         41 0.0000e+00
     81.000     80.146    -0.5734  27.705891    -0.5734  27.705203     8.8569     9.1736     8.3324    92.1161 1.0000e-12  -74.02802 -116.18624  52.217669      99.59 2.2917e+01    324.565       7791  1027.5666  1027.5660     4.3699     1.3441     0.1753    33.8186    33.8178    8.19937         32 0.0000e+00
     82.000     81.136    -0.5767  27.703849    -0.5756  27.704249     8.8059     9.1237     5.8828    91.7813 1.0000e-12  -74.02802 -116.18624  52.217687      99.56 2.2917e+01    326.125       7828  1027.5720  1027.5713     4.3541     1.2516     0.1581    33.8190    33.8182    8.20008         36 0.0000e+00
     83.000     82.125    -0.5800  27.702461    -0.5787  27.703121     8.6967     9.0270     6.4668    91.5803 1.0000e-12  -74.02802 -116.18624  52.217705      97.09 2.2917e+01    327.683       7865  1027.5780  1027.5775     4.3445     1.4461     0.1572    33.8202    33.8196    8.20073         37 0.0000e+00
     84.000     83.115    -0.5848  27.700371    -0.5833  27.701023     8.6371     8.9564     6.8663    90.2540 1.0000e-12  -74.02802 -116.18624  52.217722      99.58 2.2917e+01    329.214       7902  1027.5846  1027.5839     4.2817     1.4630     0.1857    33.8221    33.8213    8.20164         36 0.0000e+00
     85.000     84.104    -0.5857  27.700464    -0.5843  27.700803     8.5686     8.8789     8.6326    90.3958 1.0000e-12  -74.02802 -116.18624  52.217740      99.54 2.2917e+01    330.744       7939  1027.5899  1027.5890     4.2884     1.3248     0.1672    33.8226    33.8216    8.20181         39 0.0000e+00
     86.000     85.092    -0.5861  27.701172    -0.5849  27.701531     8.4347     8.7503     8.4334    91.4738 1.0000e-12  -74.02802 -116.18624  52.217759      99.54 2.2917e+01    332.336       7977  1027.5953  1027.5945     4.3395     1.3259     0.1560    33.8235    33.8225    8.20186         35 0.0000e+00
     87.000     86.082    -0.5860  27.703370    -0.5850  27.703770     8.3532     8.6710     7.7978    90.7553 1.0000e-12  -74.02802 -116.18624  52.217776      99.63 2.3563e+01    333.867       8014  1027.6018  1027.6013     4.3054     1.1192     0.1512    33.8257    33.8251    8.20171         36 0.0000e+00
     88.000     87.072    -0.5894  27.701627    -0.5882  27.702232     8.3424     8.6545     9.1351    90.0408 1.0000e-12  -74.02802 -116.18624  52.217793      99.58 2.3176e+01    335.313       8049  1027.6075  1027.6071     4.2716     1.2378     0.1582    33.8265    33.8260    8.20239         34 0.0000e+00
     89.000     88.060    -0.5989  27.694452    -0.5979  27.694781     8.3703     8.6718     7.5935    88.5967 1.0000e-12  -74.02802 -116.18624  52.217810      99.64 2.3535e+01    336.785       8084  1027.6133  1027.6126     4.2031     1.1016     0.1576    33.8269    33.8262    8.20444         37 0.0000e+00
     90.000     89.049    -0.5945  27.699376    -0.5855  27.705811     8.3860     8.6668     6.3827    90.3398 1.0000e-12  -74.02802 -116.18624  52.217828      99.53 2.3748e+01    338.300       8120  1027.6185  1027.6167     4.2857     1.3306     0.1662    33.8280    33.8265    8.20341         36 0.0000e+00
     91.000     90.040    -0.5599  27.730446    -0.5592  27.729969     8.3736     8.6560     7.1247    91.0295 1.0000e-12  -74.02802 -116.18624  52.217844      97.38 2.4311e+01    339.756       8155  1027.6229  1027.6217     4.3184     1.1490     0.1610    33.8305    33.8291    8.19577         34 0.0000e+00
     92.000     91.028    -0.5760  27.716177    -0.5745  27.717799     8.3318     8.6154     6.1072    90.3283 1.0000e-12  -74.02802 -116.18624  52.217861      97.54 2.4093e+01    341.161       8189  1027.6275  1027.6279     4.2853     0.9771     0.1478    33.8287    33.8292    8.19936         33 0.0000e+00
     93.000     92.017    -0.6047  27.692894    -0.6039  27.693030     8.2971     8.5821     6.0763    90.0827 1.0000e-12  -74.02802 -116.18624  52.217876      99.58 2.4676e+01    342.512       8221  1027.6343  1027.6338     4.2735     1.1831     0.1490    33.8287    33.8281    8.20557         32 0.0000e+00
     94.000     93.007    -0.6176  27.681709    -0.6175  27.681663     8.2867     8.5825     7.5498    87.9233 1.0000e-12  -74.02802 -116.18624  52.217892      99.60 2.4680e+01    343.857       8254  1027.6390  1027.6389     4.1712     1.1801     0.1493    33.8275    33.8274    8.20845         32 0.0000e+00
     95.000     93.996    -0.6335  27.668922    -0.6327  27.668876     8.2940     8.5816     5.9551    90.7784 1.0000e-12  -74.02802 -116.18624  52.217908      99.52 2.4680e+01    345.269       8287  1027.6447  1027.6439     4.3065     1.3550     0.1594    33.8275    33.8266    8.21191         35 0.0000e+00
     96.000     94.985    -0.6136  27.687951    -0.6098  27.689278     8.3275     8.6041     5.5072    91.0670 1.0000e-12  -74.02802 -116.18625  52.217925      99.71 2.4680e+01    346.678       8321  1027.6500  1027.6478     4.3202     0.9493     0.1460    33.8302    33.8278    8.20742         33 0.0000e+00
     97.000     95.975    -0.5857  27.712561    -0.5834  27.713794     8.3265     8.5974     6.7435    91.1800 1.0000e-12  -74.02802 -116.18625  52.217940      99.60 2.4680e+01    348.017       8353  1027.6539  1027.6531     4.3256     1.1923     0.1483    33.8315    33.8307    8.20129         32 0.0000e+00
     98.000     96.963    -0.5845  27.715144    -0.5834  27.715154     8.2901     8.5671     5.3379    91.4301 1.0000e-12  -74.02802 -116.18624  52.217955      99.70 2.4680e+01    349.316       8385  1027.6599  1027.6589     4.3374     0.9920     0.1476    33.8331    33.8319    8.20095         31 0.0000e+00
     99.000     97.953    -0.5896  27.711329    -0.5886  27.711440     8.2447     8.5047     5.3160    91.3048 1.0000e-12  -74.02802 -116.18625  52.217970      99.74 2.4680e+01    350.582       8415  1027.6651  1027.6643     4.3315     0.8880     0.1501    33.8331    33.8321    8.20206         29 0.0000e+00
    100.000     98.942    -0.5931  27.709389    -0.5919  27.709705     8.2022     8.4802     6.5280    91.2394 1.0000e-12  -74.02802 -116.18625  52.217984      99.60 2.4680e+01    351.821       8445  1027.6707  1027.6699     4.3283     1.1777     0.1614    33.8337    33.8328    8.20277         30 0.0000e+00
    101.000     99.931    -0.6162  27.689065    -0.6157  27.690313     8.1656     8.4595     5.7907    91.1083 1.0000e-12  -74.02802 -116.18626  52.217998      99.60 2.4680e+01    353.042       8474  1027.6754  1027.6763     4.3222     1.1912     0.1588    33.8316    33.8327    8.20792         29 0.0000e+00
    102.000    100.921    -0.6588  27.654214    -0.6580  27.654562     8.1536     8.4353     5.9374    90.7844 1.0000e-12  -74.02802 -116.18626  52.218012      99.44 2.4680e+01    354.229       8503  1027.6831  1027.6828     4.3068     1.1421     0.1654    33.8316    33.8312    8.21716         28 0.0000e+00
    103.000    101.909    -0.6571  27.656784    -0.6560  27.657099     8.1315     8.4139     5.9746    90.5097 1.0000e-12  -74.02802 -116.18626  52.218025      99.75 2.4680e+01    355.381       8530  1027.6883  1027.6876     4.2938     0.8786     0.1519    33.8326    33.8318    8.21673         27 0.0000e+00
    104.000    102.898    -0.6592  27.656116    -0.6580  27.656612     8.1157     8.4049     4.8482    91.5615 1.0000e-12  -74.02802 -116.18625  52.218039      99.60 2.4680e+01    356.529       8558  1027.6937  1027.6932     4.3437     1.2040     0.2381    33.8334    33.8328    8.21715         28 0.0000e+00
