ocean_section_plots/required_files/ctd/dnbp2202_ctd237.cnv
* Sea-Bird SBE 9 Data File:
* FileName = D:\Data\raw\NBP2202_CTD237.hex
* Software Version Seasave V 7.26.7.121
* Temperature SN = 1649
* Conductivity SN = 2513
* Number of Bytes Per Scan = 40
* Number of Voltage Words = 5
* Number of Scans Averaged by the Deck Unit = 1
* NMEA Latitude = 73 46.95 S
* NMEA Longitude = 118 29.97 W
* NMEA UTC (Time) = Feb 13 2022  22:43:28
* NMEA baud rate = 9600
** Ship: RVIB N.B. Palmer
** Cruise: NBP2202 Thwaites
** Station: 147
** Operator: A. Robinson
# nquan = 28
# nvalues = 1078                        
# units = specified
# name 0 = prDM: Pressure, Digiquartz [db]
# name 1 = depSM: Depth [salt water, m]
# name 2 = t090C: Temperature [ITS-90, deg C]
# name 3 = c0mS/cm: Conductivity [mS/cm]
# name 4 = t190C: Temperature, 2 [ITS-90, deg C]
# name 5 = c1mS/cm: Conductivity, 2 [mS/cm]
# name 6 = sbeox0ML/L: Oxygen, SBE 43 [ml/l]
# name 7 = sbeox1ML/L: Oxygen, SBE 43, 2 [ml/l]
# name 8 = flECO-AFL: Fluorescence, WET Labs ECO-AFL/FL [mg/m^3]
# name 9 = CStarTr0: Beam Transmission, WET Labs C-Star [%]
# name 10 = par: PAR/Irradiance, Biospherical/Licor
# name 11 = latitude: Latitude [deg]
# name 12 = longitude: Longitude [deg]
# name 13 = timeJ: Julian Days
# name 14 = altM: Altimeter [m]
# name 15 = spar: SPAR, Biospherical/Licor
# name 16 = timeS: Time, Elapsed [seconds]
# name 17 = scan: Scan Count
# name 18 = density00: Density [density, kg/m^3]
# name 19 = density11: Density, 2 [density, kg/m^3]
# name 20 = v3: Voltage 3
# name 21 = v4: Voltage 4
# name 22 = v5: Voltage 5
# name 23 = sal00: Salinity, Practical [PSU]
# name 24 = sal11: Salinity, Practical, 2 [PSU]
# name 25 = oxsolML/L: Oxygen Saturation, Garcia & Gordon [ml/l]
# name 26 = nbin: number of scans per bin
# name 27 = flag: flag
# span 0 =      3.000,   1080.000       
# span 1 =      2.958,   1066.073       
# span 2 =    -1.7414,     0.4993       
# span 3 =  27.022478,  29.583360       
# span 4 =    -1.7411,     0.5013       
# span 5 =  27.022377,  29.583682       
# span 6 =     4.6508,     9.0783       
# span 7 =     4.7911,     9.3552       
# span 8 =     0.0286,    13.2622       
# span 9 =    84.0291,    97.3253       
# span 10 = 1.0000e-12, 6.0254e+02      
# span 11 =  -73.78254,  -73.78252      
# span 12 = -118.49953, -118.49944      
# span 13 =  44.948482,  44.963191      
# span 14 =       6.65,     100.49      
# span 15 = 1.6192e+03, 1.7160e+03      
# span 16 =    140.805,   1411.696      
# span 17 =       3380,      33882      
# span 18 =  1027.1818,  1032.7693      
# span 19 =  1027.1896,  1032.7676      
# span 20 =     3.9867,     4.6170      
# span 21 =     0.0710,     2.2535      
# span 22 =     0.1058,     0.2039      
# span 23 =    33.8424,    34.5260      
# span 24 =    33.8507,    34.5240      
# span 25 =    7.93324,    8.44190      
# span 26 =          2,         65      
# span 27 = 0.0000e+00, 0.0000e+00      
# interval = decibars: 1                
# start_time = Feb 13 2022 22:43:28 [NMEA time, header]
# bad_flag = -9.990e-29
*END*
[from data line 311]
    314.000    310.522    -1.7203  27.077262    -1.7197  27.077664     6.4631     6.6785     0.8102    95.9907 1.0000e-12  -73.78252 -118.49946  44.953354      89.92 1.6748e+03    561.760      13483  1028.9670  1028.9669     4.5539     0.1668     0.1226    34.1130    34.1129    8.43681         25 0.0000e+00
    315.000    311.508    -1.7231  27.076006    -1.7224  27.076456     6.4703     6.6845     0.7887    96.0096 1.0000e-12  -73.78252 -118.49946  44.953366      99.83 1.6722e+03    562.847      13509  1028.9726  1028.9724     4.5546     0.1532     0.1220    34.1139    34.1136    8.43739         25 0.0000e+00
    316.000    312.497    -1.7307  27.070183    -1.7307  27.070008     6.4762     6.6914     0.4950    95.9450 1.0000e-12  -73.78252 -118.49946  44.953378      99.67 1.6709e+03    563.825      13533  1028.9779  1028.9777     4.5515     0.1680     0.1210    34.1139    34.1136    8.43913         22 0.0000e+00
    317.000    313.484    -1.7338  27.068293    -1.7338  27.068200     6.4784     6.6874     1.0720    96.2102 1.0000e-12  -73.78252 -118.49946  44.953388      99.68 1.6671e+03    564.742      13555  1028.9832  1028.9829     4.5641     0.1817     0.1222    34.1142    34.1140    8.43981         23 0.0000e+00
    318.000    314.474    -1.7338  27.068999    -1.7337  27.068830     6.4765     6.6826     0.7513    96.1305 1.0000e-12  -73.78252 -118.49946  44.953399      99.68 1.6714e+03    565.698      13578  1028.9881  1028.9878     4.5603     0.1424     0.1212    34.1145    34.1141    8.43979         24 0.0000e+00
    319.000    315.461    -1.7301  27.072909    -1.7302  27.072327     6.4720     6.6756     0.5676    95.7323 1.0000e-12  -73.78252 -118.49946  44.953412      99.68 1.6731e+03    566.768      13603  1028.9931  1028.9926     4.5414     0.1564     0.1192    34.1150    34.1144    8.43890         26 0.0000e+00
    320.000    316.450    -1.7271  27.075901    -1.7272  27.075637     6.4706     6.6865     0.5249    96.0386 1.0000e-12  -73.78252 -118.49946  44.953425      99.68 1.6750e+03    567.881      13630  1028.9978  1028.9976     4.5559     0.1482     0.1218    34.1152    34.1149    8.43823         26 0.0000e+00
    321.000    317.438    -1.7285  27.075467    -1.7279  27.075776     6.4695     6.6910     0.4927    95.8856 1.0000e-12  -73.78252 -118.49946  44.953436      99.67 1.6755e+03    568.901      13655  1029.0029  1029.0027     4.5487     0.2106     0.1200    34.1155    34.1153    8.43851         24 0.0000e+00
    322.000    318.425    -1.7314  27.073808    -1.7312  27.073681     6.4523     6.6830     0.5467    95.8988 1.0000e-12  -73.78252 -118.49946  44.953447      99.68 1.6710e+03    569.851      13677  1029.0083  1029.0079     4.5493     0.2053     0.1212    34.1160    34.1155    8.43916         23 0.0000e+00
    323.000    319.414    -1.7308  27.075317    -1.7311  27.074553     6.4279     6.6513     0.5436    95.7982 1.0000e-12  -73.78252 -118.49946  44.953459      99.68 1.6672e+03    570.856      13702  1029.0136  1029.0131     4.5447     0.1531     0.1242    34.1167    34.1160    8.43896         25 0.0000e+00
    324.000    320.402    -1.7068  27.097235    -1.7086  27.094776     6.4047     6.6270     0.4987    96.1219 1.0000e-12  -73.78252 -118.49946  44.953472      99.67 1.6705e+03    571.988      13729  1029.0186  1029.0177     4.5598     0.1884     0.1208    34.1190    34.1177    8.43336         28 0.0000e+00
    325.000    321.390    -1.6806  27.121010    -1.6795  27.121370     6.3931     6.6216     0.5651    95.7767 1.0000e-12  -73.78252 -118.49946  44.953485      99.68 1.6726e+03    573.087      13755  1029.0237  1029.0231     4.5436     0.2126     0.1220    34.1213    34.1206    8.42727         25 0.0000e+00
    326.000    322.377    -1.6845  27.119020    -1.6843  27.118833     6.3854     6.6114     0.7254    95.9303 1.0000e-12  -73.78252 -118.49946  44.953496      98.72 1.6713e+03    574.038      13778  1029.0298  1029.0294     4.5508     0.1827     0.1251    34.1224    34.1219    8.42809         21 0.0000e+00
    327.000    323.366    -1.6819  27.122500    -1.6818  27.122008     6.3788     6.5986     0.5721    96.1183 1.0000e-12  -73.78252 -118.49946  44.953506      98.97 1.6721e+03    574.911      13799  1029.0356  1029.0349     4.5597     0.1282     0.1164    34.1237    34.1228    8.42744         21 0.0000e+00
    328.000    324.355    -1.6678  27.135969    -1.6674  27.135559     6.3686     6.5931     0.5516    96.0961 1.0000e-12  -73.78252 -118.49946  44.953517      98.61 1.6707e+03    575.836      13821  1029.0411  1029.0402     4.5587     0.1542     0.1259    34.1256    34.1245    8.42412         24 0.0000e+00
    329.000    325.342    -1.6584  27.144664    -1.6575  27.144829     6.3602     6.5879     0.7988    95.7335 1.0000e-12  -73.78252 -118.49946  44.953529      99.66 1.6706e+03    576.900      13847  1029.0460  1029.0452     4.5415     0.1549     0.1187    34.1262    34.1254    8.42194         27 0.0000e+00
    330.000    326.330    -1.6519  27.151066    -1.6516  27.150926     6.3614     6.5738     0.5954    95.9427 1.0000e-12  -73.78252 -118.49947  44.953542      99.68 1.6715e+03    578.033      13874  1029.0512  1029.0507     4.5514     0.1543     0.1209    34.1271    34.1265    8.42042         27 0.0000e+00
    331.000    327.319    -1.6493  27.154482    -1.6484  27.154917     6.3599     6.5757     0.5281    95.9639 1.0000e-12  -73.78252 -118.49948  44.953554      99.68 1.6713e+03    579.073      13899  1029.0568  1029.0564     4.5524     0.1394     0.1183    34.1281    34.1277    8.41975         23 0.0000e+00
    332.000    328.308    -1.6459  27.158688    -1.6454  27.158597     6.3612     6.5794     0.7757    95.7889 1.0000e-12  -73.78252 -118.49948  44.953565      99.69 1.6716e+03    579.981      13921  1029.0626  1029.0620     4.5442     0.1628     0.1188    34.1294    34.1287    8.41890         20 0.0000e+00
    333.000    329.295    -1.6449  27.160087    -1.6445  27.160023     6.3655     6.5828     0.7814    95.9328 1.0000e-12  -73.78252 -118.49948  44.953574      99.68 1.6717e+03    580.838      13941  1029.0676  1029.0671     4.5510     0.1338     0.1188    34.1296    34.1291    8.41867         21 0.0000e+00
    334.000    330.282    -1.6462  27.159507    -1.6457  27.159440     6.3689     6.5746     0.5915    95.8853 1.0000e-12  -73.78252 -118.49948  44.953585      99.68 1.6705e+03    581.736      13963  1029.0727  1029.0720     4.5487     0.1465     0.1200    34.1297    34.1290    8.41896         23 0.0000e+00
    335.000    331.271    -1.6467  27.159607    -1.6462  27.159569     6.3717     6.5814     0.5534    96.1776 1.0000e-12  -73.78252 -118.49948  44.953597      99.68 1.6728e+03    582.744      13987  1029.0777  1029.0771     4.5625     0.1350     0.1188    34.1298    34.1291    8.41906         26 0.0000e+00
    336.000    332.259    -1.6472  27.159751    -1.6466  27.159756     6.3566     6.5742     0.4783    95.9773 1.0000e-12  -73.78252 -118.49948  44.953610      99.68 1.6748e+03    583.878      14014  1029.0827  1029.0822     4.5531     0.1312     0.1183    34.1299    34.1293    8.41917         28 0.0000e+00
    337.000    333.246    -1.6370  27.170173    -1.6363  27.170119     6.3387     6.5626     0.5277    96.0032 1.0000e-12  -73.78252 -118.49949  44.953623      99.68 1.6744e+03    584.996      14041  1029.0887  1029.0878     4.5543     0.1342     0.1207    34.1321    34.1312    8.41674         25 0.0000e+00
    338.000    334.235    -1.6217  27.184803    -1.6202  27.185225     6.3213     6.5398     0.6105    96.1176 1.0000e-12  -73.78252 -118.49949  44.953634      99.68 1.6725e+03    585.992      14065  1029.0942  1029.0932     4.5597     0.1372     0.1181    34.1342    34.1331    8.41313         23 0.0000e+00
    339.000    335.223    -1.6088  27.196511    -1.6079  27.196542     6.3156     6.5265     0.7668    96.2410 1.0000e-12  -73.78252 -118.49949  44.953644      67.28 1.6723e+03    586.885      14086  1029.0989  1029.0981     4.5655     0.1858     0.1220    34.1350    34.1341    8.41016         20 0.0000e+00
    340.000    336.211    -1.6035  27.202253    -1.6018  27.202576     6.3001     6.5197     0.5694    96.1312 1.0000e-12  -73.78252 -118.49949  44.953655      90.31 1.6743e+03    587.777      14108  1029.1046  1029.1032     4.5603     0.1296     0.1179    34.1363    34.1347    8.40889         22 0.0000e+00
    341.000    337.199    -1.5839  27.219116    -1.5771  27.224256     6.2683     6.4798     0.5343    96.0540 1.0000e-12  -73.78252 -118.49949  44.953667      99.30 1.6747e+03    588.801      14132  1029.1085  1029.1075     4.5567     0.1970     0.1255    34.1366    34.1359    8.40444         28 0.0000e+00
    342.000    338.188    -1.5665  27.235575    -1.5669  27.234218     6.2192     6.4387     0.6871    96.1268 1.0000e-12  -73.78252 -118.49950  44.953680      99.68 1.6718e+03    589.981      14161  1029.1141  1029.1130     4.5601     0.1648     0.1214    34.1388    34.1374    8.40037         28 0.0000e+00
    343.000    339.174    -1.5130  27.283861    -1.5063  27.288100     6.1952     6.4259     0.5932    96.2970 1.0000e-12  -73.78252 -118.49950  44.953693      99.68 1.6724e+03    591.067      14187  1029.1195  1029.1177     4.5681     0.1302     0.1197    34.1437    34.1419    8.38799         24 0.0000e+00
    344.000    340.164    -1.4904  27.304082    -1.4877  27.305162     6.1787     6.4003     0.5671    95.9668 1.0000e-12  -73.78252 -118.49950  44.953704      99.68 1.6729e+03    592.006      14209  1029.1243  1029.1229     4.5527     0.1536     0.1159    34.1451    34.1435    8.38281         21 0.0000e+00
    345.000    341.151    -1.4780  27.315389    -1.4740  27.317655     6.1497     6.3598     0.5843    96.0687 1.0000e-12  -73.78252 -118.49950  44.953714      99.68 1.6721e+03    592.911      14231  1029.1293  1029.1279     4.5573     0.1502     0.1174    34.1459    34.1445    8.37997         23 0.0000e+00
    346.000    342.140    -1.4576  27.334137    -1.4559  27.334177     6.1783     6.3859     0.5656    96.2340 1.0000e-12  -73.78252 -118.49950  44.953726      99.68 1.6730e+03    593.925      14255  1029.1347  1029.1332     4.5653     0.1416     0.1184    34.1478    34.1460    8.37527         26 0.0000e+00
    347.000    343.126    -1.4372  27.352561    -1.4348  27.353505     6.1954     6.4062     0.6195    96.3200 1.0000e-12  -73.78252 -118.49950  44.953739      99.68 1.6746e+03    595.043      14282  1029.1398  1029.1385     4.5693     0.1404     0.1188    34.1493    34.1479    8.37059         26 0.0000e+00
    348.000    344.116    -1.4691  27.323757    -1.4773  27.317110     6.2290     6.4145     0.8006    96.3814 1.0000e-12  -73.78252 -118.49950  44.953751      99.69 1.6750e+03    596.056      14306  1029.1441  1029.1448     4.5722     0.1459     0.1171    34.1455    34.1456    8.37802         23 0.0000e+00
    349.000    345.103    -1.5015  27.300491    -1.5053  27.295728     6.2752     6.4560     0.7497    96.2363 1.0000e-12  -73.78252 -118.49950  44.953761      99.68 1.6764e+03    596.970      14328  1029.1547  1029.1532     4.5654     0.1206     0.1197    34.1497    34.1475    8.38503         22 0.0000e+00
    350.000    346.092    -1.4988  27.302417    -1.5038  27.298157     6.3206     6.5042     0.3721    96.3142 1.0000e-12  -73.78252 -118.49950  44.953772      99.68 1.6758e+03    597.857      14350  1029.1584  1029.1588     4.5690     0.1561     0.1196    34.1487    34.1485    8.38449         21 0.0000e+00
    351.000    347.079    -1.5868  27.222598    -1.5692  27.239165     6.3474     6.5352     0.3842    96.2271 1.0000e-12  -73.78252 -118.49950  44.953782      99.68 1.6740e+03    598.781      14372  1029.1615  1029.1623     4.5650     0.1438     0.1241    34.1385    34.1412    8.40499         23 0.0000e+00
    352.000    348.067    -1.6178  27.201242    -1.6170  27.201395     6.3348     6.5311     0.3449    96.3644 1.0000e-12  -73.78252 -118.49950  44.953794      93.55 1.6735e+03    599.823      14397  1029.1721  1029.1716     4.5714     0.1472     0.1181    34.1438    34.1431    8.41168         27 0.0000e+00
    353.000    349.055    -1.6159  27.203492    -1.6158  27.203034     6.3075     6.5116     0.3853    96.3755 1.0000e-12  -73.78252 -118.49951  44.953808      81.72 1.6736e+03    600.970      14424  1029.1767  1029.1761     4.5719     0.1289     0.1220    34.1441    34.1433    8.41123         27 0.0000e+00
    354.000    350.043    -1.6131  27.206756    -1.6140  27.205266     6.3050     6.5066     1.0328    96.5455 1.0000e-12  -73.78252 -118.49950  44.953820      97.44 1.6718e+03    602.037      14450  1029.1816  1029.1808     4.5799     0.1504     0.1248    34.1447    34.1437    8.41055         24 0.0000e+00
    355.000    351.032    -1.6172  27.203322    -1.6163  27.203658     6.3062     6.5118     0.8352    96.3232 1.0000e-12  -73.78252 -118.49950  44.953831      99.68 1.6707e+03    602.977      14472  1029.1859  1029.1855     4.5696     0.1492     0.1266    34.1441    34.1436    8.41153         22 0.0000e+00
    356.000    352.020    -1.6227  27.199683    -1.6222  27.199579     6.2992     6.5102     0.5528    96.4113 1.0000e-12  -73.78252 -118.49950  44.953841      99.68 1.6747e+03    603.861      14494  1029.1914  1029.1908     4.5736     0.1408     0.1277    34.1447    34.1440    8.41273         21 0.0000e+00
    357.000    353.007    -1.6246  27.198246    -1.6255  27.197343     6.2989     6.5045     0.5425    96.3527 1.0000e-12  -73.78252 -118.49951  44.953852      99.68 1.6749e+03    604.773      14516  1029.1958  1029.1957     4.5708     0.1262     0.1193    34.1443    34.1440    8.41319         23 0.0000e+00
    358.000    353.996    -1.6280  27.196168    -1.6259  27.197451     6.2999     6.5065     0.7975    96.1670 1.0000e-12  -73.78252 -118.49951  44.953863      99.67 1.6779e+03    605.785      14540  1029.2010  1029.2003     4.5621     0.2810     0.1257    34.1447    34.1440    8.41394         26 0.0000e+00
    359.000    354.982    -1.6281  27.196628    -1.6266  27.197318     6.3127     6.5022     0.5867    96.2741 1.0000e-12  -73.78252 -118.49951  44.953877      99.69 1.6744e+03    606.979      14568  1029.2056  1029.2049     4.5671     0.1780     0.1215    34.1448    34.1440    8.41394         28 0.0000e+00
    360.000    355.971    -1.6294  27.195944    -1.6286  27.196156     6.3036     6.5120     0.5122    96.2533 1.0000e-12  -73.78252 -118.49950  44.953891      99.68 1.6680e+03    608.143      14596  1029.2103  1029.2098     4.5661     0.1448     0.1210    34.1447    34.1441    8.41425         25 0.0000e+00
    361.000    356.960    -1.6306  27.195530    -1.6314  27.194235     6.2833     6.5188     0.8065    96.1417 1.0000e-12  -73.78252 -118.49952  44.953902      99.68 1.6660e+03    609.111      14620  1029.2152  1029.2146     4.5609     0.1427     0.1220    34.1449    34.1440    8.41451         22 0.0000e+00
    362.000    357.947    -1.6352  27.191590    -1.6346  27.191685     6.2930     6.5117     0.6667    96.0022 1.0000e-12  -73.78252 -118.49951  44.953912      99.68 1.6725e+03    609.977      14640  1029.2195  1029.2191     4.5542     0.1296     0.1264    34.1441    34.1436    8.41560         20 0.0000e+00
    363.000    358.935    -1.6411  27.187626    -1.6407  27.187451     6.2938     6.5079     0.4930    95.9885 1.0000e-12  -73.78252 -118.49951  44.953922      99.68 1.6751e+03    610.827      14661  1029.2251  1029.2245     4.5536     0.1424     0.1212    34.1447    34.1440    8.41689         21 0.0000e+00
    364.000    359.923    -1.6394  27.189877    -1.6387  27.189864     6.2969     6.5065     0.5200    95.7579 1.0000e-12  -73.78252 -118.49951  44.953933      99.69 1.6757e+03    611.792      14684  1029.2301  1029.2294     4.5426     0.1419     0.1266    34.1453    34.1445    8.41648         26 0.0000e+00
