ocean_section_plots/required_files/ctd/dnbp2202_ctd078.cnv
* Sea-Bird SBE 9 Data File:
* FileName = D:\Data\raw\NBP2202_CTD078.hex
* Software Version Seasave V 7.26.7.121
* Temperature SN = 1649
* Conductivity SN = 2513
* Number of Bytes Per Scan = 40
* Number of Voltage Words = 5
* Number of Scans Averaged by the Deck Unit = 1
* NMEA Latitude = 74 10.51 S
* NMEA Longitude = 113 20.67 W
* NMEA UTC (Time) = Jan 26 2022  16:15:40
* NMEA baud rate = 9600
** Ship: RVIB N.B. Palmer
** Cruise: NBP2202 Thwaites
** Station: YoYo001
** Operator: A. Robinson
# nquan = 25
# nvalues = 607                         
# units = specified
# name 0 = prDM: Pressure, Digiquartz [db]
# name 1 = depSM: Depth [salt water, m]
# name 2 = t090C: Temperature [ITS-90, deg C]
# name 3 = c0mS/cm: Conductivity [mS/cm]
# name 4 = t190C: Temperature, 2 [ITS-90, deg C]
# name 5 = c1mS/cm: Conductivity, 2 [mS/cm]
# name 6 = sbeox0ML/L: Oxygen, SBE 43 [ml/l]
# name 7 = sbeox1ML/L: Oxygen, SBE 43, 2 [ml/l]
# name 8 = flECO-AFL: Fluorescence, WET Labs ECO-AFL/FL [mg/m^3]
# name 9 = CStarTr0: Beam Transmission, WET Labs C-Star [%]
# name 10 = par: PAR/Irradiance, Biospherical/Licor
# name 11 = latitude: Latitude [deg]
# name 12 = longitude: Longitude [deg]
# name 13 = timeJ: Julian Days
# name 14 = altM: Altimeter [m]
# name 15 = spar: SPAR, Biospherical/Licor
# name 16 = timeS: Time, Elapsed [seconds]
# name 17 = scan: Scan Count
# name 18 = density00: Density [density, kg/m^3]
# name 19 = density11: Density, 2 [density, kg/m^3]
# name 20 = sal00: Salinity, Practical [PSU]
# name 21 = sal11: Salinity, Practical, 2 [PSU]
# name 22 = oxsolML/L: Oxygen Saturation, Garcia & Gordon [ml/l]
# name 23 = nbin: number of scans per bin
# name 24 = flag: flag
# span 0 =     10.000,    616.000       
# span 1 =      9.897,    608.719       
# span 2 =    -1.5208,     0.0799       
# span 3 =  26.944177,  28.912960       
# span 4 =    -1.5198,     0.0819       
# span 5 =  26.942896,  28.913262       
# span 6 =     4.7117,     8.6101       
# span 7 =     4.8111,     8.6526       
# span 8 =    -0.0224,    27.5509       
# span 9 =    69.0889,    95.6780       
# span 10 = -2.766e-05, 3.0032e+01      
# span 11 =  -74.17528,  -74.17528      
# span 12 = -113.34463, -113.34458      
# span 13 =  26.677788,  26.687250      
# span 14 =       4.54,     101.40      
# span 15 = 1.5281e+03, 1.7549e+03      
# span 16 =     20.867,    838.359      
# span 17 =        502,      20122      
# span 18 =  1027.2278,  1030.5155      
# span 19 =  1027.2256,  1030.5134      
# span 20 =    33.7973,    34.3770      
# span 21 =    33.7935,    34.3744      
# span 22 =    8.02844,    8.40742      
# span 23 =         18,         60      
# span 24 = 0.0000e+00, 0.0000e+00      
# interval = decibars: 1                
# start_time = Jan 26 2022 16:15:40 [NMEA time, header]
# bad_flag = -9.990e-29
*END*
[from data line 116]
    126.000    124.658    -1.4975  26.999005    -1.4969  26.998270     5.6772     5.8023     0.0723    95.2945 1.0000e-12  -74.17528 -113.34460  26.680016      99.85 1.6409e+03    213.367       5122  1027.8587  1027.8574    33.8681    33.8665    8.40093         27 0.0000e+00
    127.000    125.648    -1.5002  26.997206    -1.4995  26.996522     5.6755     5.8089     0.0422    95.2633 1.0000e-12  -74.17528 -113.34460  26.680029      99.86 1.6396e+03    214.502       5149  1027.8636  1027.8622    33.8681    33.8664    8.40155         27 0.0000e+00
    128.000    126.637    -1.5014  26.997551    -1.5005  26.997316     5.6749     5.8141     0.1132    95.3320 1.0000e-12  -74.17528 -113.34460  26.680042      99.86 1.6380e+03    215.659       5177  1027.8695  1027.8683    33.8693    33.8680    8.40175         28 0.0000e+00
    129.000    127.625    -1.5016  26.998473    -1.5006  26.998130     5.6822     5.8211     0.0813    95.3174 1.0000e-12  -74.17528 -113.34460  26.680056      99.86 1.6360e+03    216.877       5206  1027.8750  1027.8736    33.8702    33.8685    8.40175         31 0.0000e+00
    130.000    128.614    -1.5012  26.999725    -1.5002  26.999307     5.6956     5.8279     0.0797    95.3585 1.0000e-12  -74.17528 -113.34460  26.680072      99.86 1.6344e+03    218.177       5237  1027.8803  1027.8789    33.8708    33.8692    8.40161         31 0.0000e+00
    131.000    129.603    -1.5013  27.001548    -1.5003  27.000915     5.7167     5.8450     0.0622    95.3841 1.0000e-12  -74.17528 -113.34460  26.680087      97.33 1.6320e+03    219.488       5269  1027.8867  1027.8850    33.8728    33.8708    8.40152         32 0.0000e+00
    132.000    130.592    -1.5022  27.003514    -1.5012  27.003340     5.7236     5.8520     0.0350    95.3356 1.0000e-12  -74.17528 -113.34460  26.680102      96.10 1.6288e+03    220.772       5300  1027.8941  1027.8929    33.8760    33.8745    8.40154         31 0.0000e+00
    133.000    131.582    -1.5022  27.004464    -1.5012  27.004220     5.7270     5.8585     0.1283    95.3939 1.0000e-12  -74.17528 -113.34460  26.680116      99.81 1.6258e+03    222.066       5331  1027.8995  1027.8982    33.8766    33.8751    8.40149         31 0.0000e+00
    134.000    132.570    -1.5019  27.005241    -1.5010  27.004548     5.7326     5.8640     0.0958    95.3747 1.0000e-12  -74.17528 -113.34460  26.680132      99.86 1.6221e+03    223.415       5363  1027.9043  1027.9027    33.8767    33.8748    8.40142         33 0.0000e+00
    135.000    133.559    -1.5017  27.006839    -1.5007  27.006349     5.7468     5.8738     0.1580    95.3711 1.0000e-12  -74.17528 -113.34460  26.680148      99.86 1.6195e+03    224.780       5396  1027.9102  1027.9087    33.8781    33.8763    8.40129         32 0.0000e+00
    136.000    134.547    -1.5007  27.009332    -1.4992  27.009335     5.7461     5.8846     0.1240    95.3961 1.0000e-12  -74.17528 -113.34460  26.680163      99.86 1.6171e+03    226.108       5428  1027.9163  1027.9149    33.8798    33.8781    8.40097         32 0.0000e+00
    137.000    135.538    -1.5022  27.009093    -1.5016  27.008291     5.7520     5.8855     0.1249    95.3690 1.0000e-12  -74.17528 -113.34460  26.680178      99.86 1.6158e+03    227.413       5459  1027.9218  1027.9203    33.8805    33.8787    8.40126         31 0.0000e+00
    138.000    136.526    -1.5001  27.013159    -1.4991  27.012465     5.7467     5.8833     0.1486    95.3381 1.0000e-12  -74.17528 -113.34460  26.680193      99.86 1.6145e+03    228.712       5490  1027.9286  1027.9269    33.8831    33.8810    8.40063         31 0.0000e+00
    139.000    137.515    -1.4971  27.016707    -1.4961  27.016068     5.7432     5.8763     0.1129    95.3912 1.0000e-12  -74.17528 -113.34460  26.680209      99.86 1.6125e+03    230.021       5521  1027.9339  1027.9323    33.8840    33.8819    8.39991         32 0.0000e+00
    140.000    138.504    -1.4919  27.024410    -1.4910  27.023880     5.7390     5.8724     0.1208    95.4197 1.0000e-12  -74.17528 -113.34460  26.680224      99.86 1.6103e+03    231.370       5554  1027.9418  1027.9403    33.8881    33.8864    8.39848         32 0.0000e+00
    141.000    139.494    -1.4869  27.032464    -1.4849  27.033134     5.7397     5.8853     0.1587    95.2633 1.0000e-12  -74.17528 -113.34460  26.680240      98.30 1.6095e+03    232.730       5587  1027.9501  1027.9490    33.8929    33.8915    8.39706         32 0.0000e+00
    142.000    140.482    -1.4764  27.048594    -1.4757  27.047718     5.7373     5.8792     0.1401    95.3083 1.0000e-12  -74.17528 -113.34460  26.680255      99.36 1.6077e+03    234.047       5618  1027.9623  1027.9607    33.9026    33.9006    8.39412         32 0.0000e+00
    143.000    141.472    -1.4745  27.052127    -1.4729  27.052033     5.7194     5.8589     0.1195    95.3058 1.0000e-12  -74.17528 -113.34460  26.680270      99.86 1.6060e+03    235.345       5649  1027.9688  1027.9672    33.9046    33.9028    8.39356         31 0.0000e+00
    144.000    142.460    -1.4583  27.068961    -1.4557  27.069628     5.6973     5.8428     0.1410    95.3545 1.0000e-12  -74.17528 -113.34460  26.680285      99.86 1.6044e+03    236.653       5681  1027.9760  1027.9743    33.9089    33.9069    8.38966         32 0.0000e+00
    145.000    143.449    -1.4525  27.075358    -1.4491  27.076705     5.6810     5.8294     0.1010    95.3256 1.0000e-12  -74.17528 -113.34460  26.680301      99.86 1.6042e+03    237.964       5712  1027.9819  1027.9801    33.9105    33.9085    8.38825         32 0.0000e+00
    146.000    144.437    -1.4370  27.091930    -1.4356  27.091243     5.6845     5.8229     0.0643    95.3914 1.0000e-12  -74.17528 -113.34460  26.680316      99.86 1.6031e+03    239.300       5744  1027.9896  1027.9876    33.9151    33.9126    8.38449         32 0.0000e+00
    147.000    145.426    -1.4321  27.100162    -1.4311  27.099618     5.7010     5.8333    -0.0025    95.4230 1.0000e-12  -74.17528 -113.34461  26.680331      99.87 1.6016e+03    240.630       5776  1027.9986  1027.9970    33.9203    33.9184    8.38308         32 0.0000e+00
    148.000    146.416    -1.4338  27.100589    -1.4327  27.100042     5.7267     5.8623     0.1158    95.4884 1.0000e-12  -74.17528 -113.34460  26.680346      99.86 1.6007e+03    241.918       5807  1028.0052  1028.0035    33.9222    33.9201    8.38336         30 0.0000e+00
    149.000    147.404    -1.4393  27.097500    -1.4388  27.096739     5.7546     5.8892    -0.0032    95.4265 1.0000e-12  -74.17528 -113.34460  26.680361      99.86 1.6007e+03    243.203       5838  1028.0116  1028.0103    33.9235    33.9220    8.38451         31 0.0000e+00
    150.000    148.394    -1.4450  27.096199    -1.4439  27.095748     5.7652     5.8955     0.0142    95.5077 1.0000e-12  -74.17528 -113.34460  26.680376      99.86 1.5984e+03    244.518       5869  1028.0202  1028.0186    33.9276    33.9257    8.38556         32 0.0000e+00
    151.000    149.382    -1.4426  27.100777    -1.4415  27.100321     5.7680     5.9035     0.0039    95.5581 1.0000e-12  -74.17528 -113.34461  26.680392      92.48 1.5963e+03    245.827       5901  1028.0272  1028.0257    33.9305    33.9287    8.38482         31 0.0000e+00
    152.000    150.372    -1.4431  27.101423    -1.4416  27.101082     5.7767     5.9101    -0.0077    95.4972 1.0000e-12  -74.17528 -113.34460  26.680407      99.90 1.5945e+03    247.151       5933  1028.0328  1028.0310    33.9314    33.9292    8.38490         32 0.0000e+00
    153.000    151.361    -1.4405  27.105602    -1.4392  27.105207     5.7721     5.9051     0.0062    95.5301 1.0000e-12  -74.17528 -113.34461  26.680422      99.86 1.5925e+03    248.498       5965  1028.0392  1028.0375    33.9335    33.9315    8.38417         32 0.0000e+00
    154.000    152.350    -1.4345  27.112015    -1.4330  27.111766     5.7587     5.8913     0.0043    95.5557 1.0000e-12  -74.17528 -113.34460  26.680438      99.86 1.5919e+03    249.821       5997  1028.0449  1028.0432    33.9350    33.9330    8.38275         30 0.0000e+00
    155.000    153.338    -1.4260  27.120221    -1.4255  27.119263     5.7581     5.8886     0.0144    95.5892 1.0000e-12  -74.17528 -113.34460  26.680453      99.86 1.5915e+03    251.132       6028  1028.0501  1028.0485    33.9361    33.9341    8.38078         31 0.0000e+00
    156.000    154.328    -1.4248  27.122121    -1.4220  27.122944     5.7496     5.8897     0.0196    95.5883 1.0000e-12  -74.17528 -113.34460  26.680468      99.86 1.5910e+03    252.452       6060  1028.0553  1028.0536    33.9366    33.9346    8.38046         32 0.0000e+00
    157.000    155.315    -1.4185  27.129012    -1.4178  27.128037     5.7536     5.8908     0.0040    95.5999 1.0000e-12  -74.17528 -113.34460  26.680483      99.86 1.5916e+03    253.760       6091  1028.0612  1028.0594    33.9384    33.9361    8.37895         31 0.0000e+00
    158.000    156.306    -1.4162  27.133171    -1.4151  27.132608     5.7550     5.8901     0.0041    95.5890 1.0000e-12  -74.17528 -113.34460  26.680498      99.87 1.5917e+03    255.047       6122  1028.0680  1028.0663    33.9409    33.9388    8.37828         31 0.0000e+00
    159.000    157.293    -1.4157  27.134045    -1.4145  27.133561     5.7486     5.8902     0.0279    95.6184 1.0000e-12  -74.17528 -113.34460  26.680513      99.85 1.5921e+03    256.358       6154  1028.0728  1028.0712    33.9408    33.9388    8.37817         30 0.0000e+00
    160.000    158.283    -1.4103  27.140526    -1.4090  27.140083     5.7402     5.8854     0.0059    95.5748 1.0000e-12  -74.17528 -113.34460  26.680529      99.86 1.5935e+03    257.671       6185  1028.0791  1028.0774    33.9430    33.9409    8.37682         31 0.0000e+00
    161.000    159.272    -1.4025  27.148850    -1.4019  27.147761     5.7430     5.8841     0.0058    95.5990 1.0000e-12  -74.17528 -113.34460  26.680543      91.36 1.5932e+03    258.955       6216  1028.0852  1028.0834    33.9450    33.9428    8.37495         31 0.0000e+00
    162.000    160.260    -1.3982  27.154961    -1.3967  27.154714     5.7502     5.8904    -0.0057    95.5709 1.0000e-12  -74.17528 -113.34460  26.680558      99.28 1.5919e+03    260.243       6247  1028.0921  1028.0905    33.9479    33.9459    8.37381         31 0.0000e+00
    163.000    161.250    -1.3973  27.157807    -1.3962  27.157336     5.7591     5.8964     0.0053    95.5724 1.0000e-12  -74.17528 -113.34460  26.680573      99.87 1.5895e+03    261.547       6278  1028.0988  1028.0973    33.9502    33.9483    8.37348         31 0.0000e+00
    164.000    162.238    -1.3946  27.163020    -1.3935  27.162449     5.7671     5.8986    -0.0099    95.6110 1.0000e-12  -74.17528 -113.34460  26.680589      99.86 1.5878e+03    262.868       6310  1028.1064  1028.1047    33.9536    33.9516    8.37266         30 0.0000e+00
    165.000    163.227    -1.3935  27.165291    -1.3924  27.164794     5.7694     5.9073    -0.0088    95.5939 1.0000e-12  -74.17528 -113.34460  26.680604      99.86 1.5864e+03    264.209       6342  1028.1122  1028.1106    33.9549    33.9529    8.37234         33 0.0000e+00
    166.000    164.215    -1.3915  27.168354    -1.3904  27.167793     5.7725     5.9019    -0.0047    95.5817 1.0000e-12  -74.17528 -113.34460  26.680620      99.87 1.5844e+03    265.533       6374  1028.1180  1028.1163    33.9562    33.9541    8.37181         31 0.0000e+00
    167.000    165.206    -1.3903  27.170340    -1.3893  27.169831     5.7747     5.9038     0.0040    95.6112 1.0000e-12  -74.17528 -113.34460  26.680634      99.86 1.5829e+03    266.812       6404  1028.1234  1028.1219    33.9570    33.9551    8.37150         30 0.0000e+00
    168.000    166.193    -1.3892  27.172464    -1.3883  27.171830     5.7917     5.9222     0.0067    95.6123 1.0000e-12  -74.17528 -113.34460  26.680649      99.87 1.5807e+03    268.095       6435  1028.1291  1028.1276    33.9580    33.9561    8.37119         31 0.0000e+00
    169.000    167.183    -1.3900  27.174893    -1.3892  27.174312     5.8004     5.9293    -0.0004    95.6278 1.0000e-12  -74.17528 -113.34460  26.680664      99.86 1.5789e+03    269.396       6467  1028.1370  1028.1355    33.9617    33.9599    8.37116         32 0.0000e+00
    170.000    168.170    -1.3890  27.177610    -1.3880  27.176956     5.7994     5.9352    -0.0032    95.6002 1.0000e-12  -74.17528 -113.34460  26.680679      99.87 1.5784e+03    270.693       6498  1028.1433  1028.1417    33.9636    33.9616    8.37080         31 0.0000e+00
    171.000    169.161    -1.3770  27.191579    -1.3758  27.190891     5.8046     5.9400    -0.0004    95.6001 1.0000e-12  -74.17528 -113.34460  26.680694      96.76 1.5794e+03    271.986       6529  1028.1514  1028.1495    33.9686    33.9662    8.36782         30 0.0000e+00
    172.000    170.149    -1.3706  27.200166    -1.3697  27.199416     5.8141     5.9491     0.0023    95.6335 1.0000e-12  -74.17528 -113.34460  26.680709      99.86 1.5809e+03    273.275       6560  1028.1591  1028.1574    33.9725    33.9705    8.36615         32 0.0000e+00
    173.000    171.138    -1.3689  27.204249    -1.3678  27.203861     5.8182     5.9553    -0.0004    95.6285 1.0000e-12  -74.17528 -113.34460  26.680724      99.87 1.5821e+03    274.547       6590  1028.1664  1028.1649    33.9756    33.9738    8.36559         30 0.0000e+00
    174.000    172.126    -1.3690  27.205458    -1.3674  27.205460     5.8080     5.9534     0.0114    95.6273 1.0000e-12  -74.17528 -113.34460  26.680739      99.85 1.5840e+03    275.832       6621  1028.1721  1028.1707    33.9767    33.9749    8.36554         31 0.0000e+00
    175.000    173.116    -1.3648  27.210262    -1.3632  27.210137     5.8032     5.9413    -0.0062    95.6457 1.0000e-12  -74.17528 -113.34460  26.680754      99.86 1.5853e+03    277.139       6652  1028.1778  1028.1761    33.9779    33.9759    8.36453         31 0.0000e+00
    176.000    174.104    -1.3560  27.219062    -1.3547  27.218807     5.7898     5.9334    -0.0032    95.6464 1.0000e-12  -74.17528 -113.34460  26.680769      99.86 1.5867e+03    278.433       6683  1028.1833  1028.1818    33.9794    33.9776    8.36246         31 0.0000e+00
    177.000    175.094    -1.3511  27.224040    -1.3498  27.223773     5.7900     5.9249    -0.0044    95.6514 1.0000e-12  -74.17528 -113.34460  26.680784      99.87 1.5885e+03    279.713       6714  1028.1884  1028.1869    33.9801    33.9783    8.36133         28 0.0000e+00
    178.000    176.081    -1.3496  27.226153    -1.3485  27.225741     5.7950     5.9341    -0.0004    95.6339 1.0000e-12  -74.17528 -113.34460  26.680799      99.86 1.5897e+03    280.998       6745  1028.1937  1028.1922    33.9807    33.9788    8.36097         31 0.0000e+00
    179.000    177.071    -1.3498  27.226775    -1.3486  27.226416     5.7957     5.9356    -0.0004    95.6414 1.0000e-12  -74.17528 -113.34460  26.680813      99.86 1.5903e+03    282.286       6776  1028.1989  1028.1975    33.9811    33.9793    8.36097         31 0.0000e+00
    180.000    178.060    -1.3498  27.227362    -1.3487  27.226933     5.7997     5.9360    -0.0049    95.6463 1.0000e-12  -74.17528 -113.34460  26.680828      99.87 1.5890e+03    283.579       6807  1028.2040  1028.2024    33.9813    33.9794    8.36097         31 0.0000e+00
    181.000    179.051    -1.3500  27.227535    -1.3489  27.227195     5.7986     5.9267     0.0044    95.6332 1.0000e-12  -74.17528 -113.34460  26.680843      88.94 1.5866e+03    284.874       6838  1028.2088  1028.2073    33.9811    33.9794    8.36102         29 0.0000e+00
    182.000    180.036    -1.3495  27.228556    -1.3484  27.228114     5.7968     5.9248    -0.0038    95.6206 1.0000e-12  -74.17528 -113.34460  26.680858      99.90 1.5860e+03    286.151       6869  1028.2137  1028.2121    33.9814    33.9794    8.36089         30 0.0000e+00
