ocean_section_plots/required_files/ctd/dnbp2202_ctd188.cnv
* Sea-Bird SBE 9 Data File:
* FileName = D:\Data\raw\NBP2202_CTD188.hex
* Software Version Seasave V 7.26.7.121
* Temperature SN = 1649
* Conductivity SN = 2513
* Number of Bytes Per Scan = 40
* Number of Voltage Words = 5
* Number of Scans Averaged by the Deck Unit = 1
* NMEA Latitude = 74 10.43 S
* NMEA Longitude = 113 21.34 W
* NMEA UTC (Time) = Feb 07 2022  08:27:30
* NMEA baud rate = 9600
** Ship: RVIB N.B. Palmer
** Cruise: NBP2202 Thwaites
** Station: 109
** Operator: B Bjork
# nquan = 28
# nvalues = 423                         
# units = specified
# name 0 = prDM: Pressure, Digiquartz [db]
# name 1 = depSM: Depth [salt water, m]
# name 2 = t090C: Temperature [ITS-90, deg C]
# name 3 = c0mS/cm: Conductivity [mS/cm]
# name 4 = t190C: Temperature, 2 [ITS-90, deg C]
# name 5 = c1mS/cm: Conductivity, 2 [mS/cm]
# name 6 = sbeox0ML/L: Oxygen, SBE 43 [ml/l]
# name 7 = sbeox1ML/L: Oxygen, SBE 43, 2 [ml/l]
# name 8 = flECO-AFL: Fluorescence, WET Labs ECO-AFL/FL [mg/m^3]
# name 9 = CStarTr0: Beam Transmission, WET Labs C-Star [%]
# name 10 = par: PAR/Irradiance, Biospherical/Licor
# name 11 = latitude: Latitude [deg]
# name 12 = longitude: Longitude [deg]
# name 13 = timeJ: Julian Days
# name 14 = altM: Altimeter [m]
# name 15 = spar: SPAR, Biospherical/Licor
# name 16 = timeS: Time, Elapsed [seconds]
# name 17 = scan: Scan Count
# name 18 = density00: Density [density, kg/m^3]
# name 19 = density11: Density, 2 [density, kg/m^3]
# name 20 = v3: Voltage 3
# name 21 = v4: Voltage 4
# name 22 = v5: Voltage 5
# name 23 = sal00: Salinity, Practical [PSU]
# name 24 = sal11: Salinity, Practical, 2 [PSU]
# name 25 = oxsolML/L: Oxygen Saturation, Garcia & Gordon [ml/l]
# name 26 = nbin: number of scans per bin
# name 27 = flag: flag
# span 0 =      2.000,    424.000       
# span 1 =      1.982,    419.182       
# span 2 =    -1.4884,    -0.1475       
# span 3 =  26.957409,  28.575436       
# span 4 =    -1.4873,    -0.1368       
# span 5 =  26.956764,  28.584175       
# span 6 =     4.7874,     8.8619       
# span 7 =     4.9020,     9.1420       
# span 8 =    -0.0225,    23.4963       
# span 9 =    76.2344,    98.4840       
# span 10 = 1.0000e-12, 7.4772e+00      
# span 11 =  -74.17392,  -74.17392      
# span 12 = -113.35576, -113.35566      
# span 13 =  38.355349,  38.361695      
# span 14 =       8.00,     100.01      
# span 15 = 2.4658e+01, 3.1747e+01      
# span 16 =    252.172,    800.454      
# span 17 =       6053,      19212      
# span 18 =  1027.1693,  1029.5609      
# span 19 =  1027.1677,  1029.5598      
# span 20 =     3.6168,     4.6720      
# span 21 =     0.0638,     3.4480      
# span 22 =     0.1239,     0.2523      
# span 23 =    33.7761,    34.2972      
# span 24 =    33.7740,    34.2968      
# span 25 =    8.08078,    8.40053      
# span 26 =         22,         64      
# span 27 = 0.0000e+00, 0.0000e+00      
# interval = decibars: 1                
# start_time = Feb 07 2022 08:27:30 [NMEA time, header]
# bad_flag = -9.990e-29
*END*
[from data line 363]
    365.000    360.905    -0.3173  28.359100    -0.3144  28.360005     4.8449     4.9717    -0.0089    98.2414 1.0000e-12  -74.17392 -113.35570  38.360500      68.27 2.4680e+01    697.181      16733  1029.2415  1029.2396     4.6604     0.0646     0.1354    34.2350    34.2329    8.12039         24 0.0000e+00
    366.000    361.891    -0.3151  28.362219    -0.3127  28.362159     4.8455     4.9668    -0.0044    98.2564 1.0000e-12  -74.17392 -113.35570  38.360511      66.74 2.4680e+01    698.188      16758  1029.2470  1029.2447     4.6611     0.0652     0.1363    34.2361    34.2334    8.11986         24 0.0000e+00
    367.000    362.880    -0.3150  28.362888    -0.3132  28.362408     4.8418     4.9645    -0.0138    98.2349 1.0000e-12  -74.17392 -113.35570  38.360523      63.29 2.4680e+01    699.189      16782  1029.2519  1029.2497     4.6601     0.0645     0.1355    34.2363    34.2336    8.11983         24 0.0000e+00
    368.000    363.868    -0.3134  28.364712    -0.3115  28.364269     4.8328     4.9493    -0.0187    98.2241 1.0000e-12  -74.17392 -113.35570  38.360535      64.42 2.4680e+01    700.194      16806  1029.2566  1029.2544     4.6596     0.0641     0.1354    34.2363    34.2336    8.11949         24 0.0000e+00
    369.000    364.854    -0.3085  28.369933    -0.3050  28.371047     4.8262     4.9446    -0.0110    98.2220 1.0000e-12  -74.17392 -113.35570  38.360546      64.24 2.4680e+01    701.193      16830  1029.2618  1029.2594     4.6595     0.0651     0.1364    34.2373    34.2347    8.11840         24 0.0000e+00
    370.000    365.844    -0.2975  28.382550    -0.2951  28.382333     4.8265     4.9542    -0.0027    98.1916 1.0000e-12  -74.17392 -113.35570  38.360558      62.49 2.4680e+01    702.200      16854  1029.2687  1029.2661     4.6580     0.0664     0.1359    34.2410    34.2381    8.11582         24 0.0000e+00
    371.000    366.831    -0.2926  28.388530    -0.2905  28.388012     4.8283     4.9572    -0.0130    98.1755 1.0000e-12  -74.17392 -113.35570  38.360570      62.27 2.4680e+01    703.210      16878  1029.2746  1029.2721     4.6573     0.0663     0.1372    34.2429    34.2399    8.11467         25 0.0000e+00
    372.000    367.820    -0.2881  28.394584    -0.2851  28.395062     4.8326     4.9513    -0.0177    98.1653 1.0000e-12  -74.17392 -113.35570  38.360581      61.11 2.4680e+01    704.216      16902  1029.2811  1029.2787     4.6568     0.0641     0.1382    34.2454    34.2427    8.11359         24 0.0000e+00
    373.000    368.806    -0.2641  28.424548    -0.2610  28.424715     4.8239     4.9476    -0.0060    98.1588 1.0000e-12  -74.17392 -113.35570  38.360593      60.01 2.4680e+01    705.215      16926  1029.2937  1029.2909     4.6565     0.0659     0.1358    34.2577    34.2545    8.10776         24 0.0000e+00
    374.000    369.794    -0.2497  28.440075    -0.2469  28.439938     4.8218     4.9371     0.0025    98.1514 1.0000e-12  -74.17392 -113.35570  38.360604      58.98 2.4680e+01    706.212      16950  1029.3005  1029.2978     4.6562     0.0651     0.1361    34.2616    34.2584    8.10447         24 0.0000e+00
    375.000    370.783    -0.2468  28.443069    -0.2448  28.442636     4.8230     4.9413     0.0003    98.1617 1.0000e-12  -74.17392 -113.35570  38.360616      58.01 2.4680e+01    707.202      16974  1029.3054  1029.3030     4.6567     0.0649     0.1365    34.2619    34.2590    8.10386         24 0.0000e+00
    376.000    371.772    -0.2433  28.446846    -0.2416  28.446167     4.8185     4.9444    -0.0067    98.1540 1.0000e-12  -74.17392 -113.35570  38.360627      57.06 2.4680e+01    708.197      16998  1029.3104  1029.3081     4.6563     0.0641     0.1361    34.2623    34.2595    8.10308         23 0.0000e+00
    377.000    372.757    -0.2428  28.447840    -0.2414  28.446767     4.8136     4.9363    -0.0136    98.1207 1.0000e-12  -74.17392 -113.35568  38.360639      55.94 2.4680e+01    709.203      17022  1029.3155  1029.3130     4.6547     0.0655     0.1387    34.2625    34.2595    8.10297         24 0.0000e+00
    378.000    373.746    -0.2426  28.448570    -0.2403  28.448478     4.8125     4.9348    -0.0141    98.1277 1.0000e-12  -74.17392 -113.35568  38.360651      54.85 2.4680e+01    710.206      17046  1029.3204  1029.3181     4.6551     0.0650     0.1395    34.2627    34.2599    8.10292         24 0.0000e+00
    379.000    374.734    -0.2412  28.450415    -0.2387  28.450315     4.8167     4.9354    -0.0191    98.1375 1.0000e-12  -74.17392 -113.35568  38.360662      53.94 2.4680e+01    711.209      17070  1029.3254  1029.3229     4.6555     0.0662     0.1370    34.2629    34.2600    8.10260         25 0.0000e+00
    380.000    375.723    -0.2395  28.452312    -0.2372  28.452207     4.8170     4.9336    -0.0184    98.1341 1.0000e-12  -74.17392 -113.35568  38.360674      52.91 2.4680e+01    712.217      17094  1029.3301  1029.3278     4.6554     0.0657     0.1369    34.2630    34.2602    8.10224         24 0.0000e+00
    381.000    376.709    -0.2385  28.453634    -0.2362  28.453589     4.8105     4.9310    -0.0114    98.1394 1.0000e-12  -74.17392 -113.35568  38.360685      51.75 2.4680e+01    713.220      17118  1029.3349  1029.3327     4.6556     0.0643     0.1383    34.2630    34.2604    8.10203         24 0.0000e+00
    382.000    377.698    -0.2373  28.455380    -0.2353  28.454897     4.8172     4.9335    -0.0178    98.1287 1.0000e-12  -74.17392 -113.35568  38.360697      50.93 2.4680e+01    714.227      17142  1029.3400  1029.3376     4.6551     0.0659     0.1385    34.2634    34.2606    8.10175         24 0.0000e+00
    383.000    378.686    -0.2372  28.455991    -0.2347  28.455923     4.8159     4.9286    -0.0127    98.1180 1.0000e-12  -74.17392 -113.35568  38.360709      49.81 2.4680e+01    715.242      17167  1029.3448  1029.3424     4.6546     0.0647     0.1392    34.2635    34.2606    8.10172         25 0.0000e+00
    384.000    379.673    -0.2358  28.457764    -0.2336  28.457542     4.8151     4.9283    -0.0126    98.0989 1.0000e-12  -74.17392 -113.35568  38.360721      48.98 2.4680e+01    716.260      17191  1029.3497  1029.3474     4.6537     0.0646     0.1362    34.2637    34.2610    8.10142         24 0.0000e+00
    385.000    380.661    -0.2310  28.463521    -0.2305  28.461436     4.8111     4.9264    -0.0124    98.1135 1.0000e-12  -74.17392 -113.35568  38.360732      47.76 2.4680e+01    717.278      17216  1029.3555  1029.3528     4.6544     0.0638     0.1352    34.2654    34.2620    8.10030         25 0.0000e+00
    386.000    381.649    -0.2283  28.466790    -0.2273  28.465480     4.8157     4.9257    -0.0059    98.1264 1.0000e-12  -74.17392 -113.35568  38.360744      46.75 2.4680e+01    718.302      17240  1029.3606  1029.3583     4.6550     0.0640     0.1389    34.2661    34.2632    8.09968         24 0.0000e+00
    387.000    382.637    -0.2298  28.465696    -0.2276  28.465520     4.8092     4.9305    -0.0028    98.1255 1.0000e-12  -74.17392 -113.35568  38.360756      45.61 2.4680e+01    719.318      17265  1029.3653  1029.3630     4.6550     0.0650     0.1370    34.2658    34.2630    8.10003         24 0.0000e+00
    388.000    383.624    -0.2291  28.466786    -0.2271  28.466503     4.8065     4.9329    -0.0117    98.1282 1.0000e-12  -74.17392 -113.35568  38.360768      44.63 2.4680e+01    720.363      17290  1029.3700  1029.3678     4.6551     0.0650     0.1372    34.2657    34.2632    8.09986         27 0.0000e+00
    389.000    384.613    -0.2317  28.464324    -0.2298  28.464044     4.8156     4.9332    -0.0190    98.1266 1.0000e-12  -74.17392 -113.35568  38.360782      43.62 2.4680e+01    721.578      17319  1029.3743  1029.3722     4.6550     0.0647     0.1378    34.2648    34.2623    8.10048         31 0.0000e+00
    390.000    385.601    -0.2332  28.463171    -0.2315  28.462555     4.8097     4.9341    -0.0127    98.1449 1.0000e-12  -74.17392 -113.35568  38.360797      42.87 2.4680e+01    722.902      17351  1029.3788  1029.3766     4.6558     0.0644     0.1384    34.2644    34.2616    8.10082         32 0.0000e+00
    391.000    386.587    -0.2342  28.462498    -0.2324  28.462058     4.8148     4.9339    -0.0025    98.1557 1.0000e-12  -74.17392 -113.35568  38.360813      41.83 2.4680e+01    724.214      17382  1029.3834  1029.3812     4.6564     0.0652     0.1353    34.2640    34.2614    8.10106         31 0.0000e+00
    392.000    387.576    -0.2331  28.464180    -0.2313  28.463696     4.8123     4.9323    -0.0031    98.1625 1.0000e-12  -74.17392 -113.35566  38.360828      40.52 2.4680e+01    725.546      17414  1029.3885  1029.3862     4.6567     0.0643     0.1357    34.2644    34.2618    8.10080         32 0.0000e+00
    393.000    388.564    -0.2310  28.467100    -0.2301  28.465524     4.8138     4.9306    -0.0083    98.1650 1.0000e-12  -74.17392 -113.35566  38.360844      39.45 2.4680e+01    726.943      17448  1029.3937  1029.3912     4.6568     0.0647     0.1387    34.2653    34.2622    8.10029         33 0.0000e+00
    394.000    389.551    -0.2342  28.463912    -0.2328  28.462864     4.8170     4.9332    -0.0047    98.1394 1.0000e-12  -74.17392 -113.35566  38.360861      38.48 2.4680e+01    728.350      17481  1029.3977  1029.3953     4.6556     0.0652     0.1371    34.2640    34.2611    8.10104         34 0.0000e+00
    395.000    390.539    -0.2370  28.461212    -0.2356  28.460171     4.8121     4.9271    -0.0113    98.1732 1.0000e-12  -74.17392 -113.35567  38.360877      37.56 2.4680e+01    729.762      17515  1029.4020  1029.3995     4.6572     0.0658     0.1383    34.2631    34.2601    8.10171         34 0.0000e+00
    396.000    391.528    -0.2318  28.467824    -0.2294  28.467763     4.8127     4.9304    -0.0121    98.1595 1.0000e-12  -74.17392 -113.35567  38.360894      36.62 2.4680e+01    731.201      17550  1029.4080  1029.4057     4.6565     0.0662     0.1374    34.2654    34.2626    8.10046         33 0.0000e+00
    397.000    392.513    -0.2325  28.466997    -0.2295  28.467838     4.8136     4.9308    -0.0166    98.1494 1.0000e-12  -74.17392 -113.35567  38.360911      35.42 2.4680e+01    732.702      17586  1029.4122  1029.4102     4.6560     0.0646     0.1368    34.2645    34.2623    8.10066         30 0.0000e+00
    398.000    393.502    -0.2285  28.472351    -0.2258  28.472624     4.8110     4.9313    -0.0124    98.1561 1.0000e-12  -74.17392 -113.35568  38.360929      34.50 2.4680e+01    734.252      17623  1029.4183  1029.4159     4.6564     0.0647     0.1390    34.2666    34.2639    8.09970         39 0.0000e+00
    399.000    394.490    -0.2249  28.476813    -0.2231  28.476055     4.8129     4.9306    -0.0052    98.1730 1.0000e-12  -74.17392 -113.35568  38.360948      33.50 2.4680e+01    735.885      17662  1029.4238  1029.4212     4.6572     0.0661     0.1364    34.2679    34.2648    8.09886         40 0.0000e+00
    400.000    395.477    -0.2259  28.475657    -0.2239  28.475491     4.8075     4.9309    -0.0021    98.1730 1.0000e-12  -74.17392 -113.35568  38.360967      32.54 2.4680e+01    737.510      17701  1029.4278  1029.4257     4.6572     0.0651     0.1375    34.2669    34.2644    8.09913         36 0.0000e+00
    401.000    396.467    -0.2286  28.473700    -0.2245  28.475558     4.8045     4.9300    -0.0086    98.1754 1.0000e-12  -74.17392 -113.35568  38.360985      31.56 2.4680e+01    739.113      17740  1029.4326  1029.4306     4.6573     0.0657     0.1379    34.2666    34.2645    8.09970         35 0.0000e+00
    402.000    397.453    -0.2178  28.485967    -0.2160  28.485310     4.8105     4.9185    -0.0197    98.1774 1.0000e-12  -74.17392 -113.35569  38.361004      30.41 2.4680e+01    740.785      17780  1029.4394  1029.4370     4.6574     0.0660     0.1374    34.2703    34.2674    8.09722         41 0.0000e+00
    403.000    398.442    -0.2132  28.491849    -0.2104  28.492174     4.8081     4.9234    -0.0182    98.1700 1.0000e-12  -74.17392 -113.35568  38.361024      29.50 2.4680e+01    742.465      17820  1029.4454  1029.4431     4.6570     0.0652     0.1379    34.2723    34.2696    8.09612         40 0.0000e+00
    404.000    399.428    -0.2091  28.496489    -0.2066  28.496681     4.8067     4.9257    -0.0117    98.1486 1.0000e-12  -74.17392 -113.35569  38.361044      28.50 2.4680e+01    744.168      17861  1029.4507  1029.4485     4.6561     0.0655     0.1379    34.2733    34.2708    8.09519         37 0.0000e+00
    405.000    400.415    -0.2066  28.499779    -0.2043  28.499536     4.8050     4.9140    -0.0063    98.1565 1.0000e-12  -74.17392 -113.35570  38.361064      27.47 2.4680e+01    745.962      17904  1029.4560  1029.4536     4.6564     0.0657     0.1388    34.2742    34.2714    8.09460         37 0.0000e+00
    406.000    401.405    -0.2056  28.501257    -0.2034  28.501037     4.8007     4.9184    -0.0068    98.1256 1.0000e-12  -74.17392 -113.35570  38.361087      26.39 2.4680e+01    747.888      17950  1029.4610  1029.4587     4.6549     0.0658     0.1379    34.2745    34.2718    8.09438         42 0.0000e+00
    407.000    402.393    -0.2056  28.501875    -0.2029  28.502013     4.7991     4.9194    -0.0077    98.1171 1.0000e-12  -74.17392 -113.35570  38.361109      25.36 2.4680e+01    749.824      17997  1029.4660  1029.4635     4.6546     0.0662     0.1390    34.2747    34.2719    8.09436         34 0.0000e+00
    408.000    403.379    -0.2007  28.507478    -0.1977  28.508281     4.7994     4.9164    -0.0075    98.1299 1.0000e-12  -74.17392 -113.35570  38.361131      24.42 2.4680e+01    751.715      18042  1029.4715  1029.4694     4.6552     0.0660     0.1377    34.2761    34.2738    8.09325         37 0.0000e+00
    409.000    404.366    -0.1918  28.518370    -0.1881  28.519769     4.7980     4.9114    -0.0110    98.1256 1.0000e-12  -74.17392 -113.35570  38.361153      23.36 2.4680e+01    753.606      18088  1029.4787  1029.4765     4.6550     0.0658     0.1383    34.2801    34.2777    8.09115         34 0.0000e+00
    410.000    405.356    -0.1894  28.521335    -0.1895  28.518235     4.7994     4.9144    -0.0143    98.1144 1.0000e-12  -74.17392 -113.35570  38.361175      22.33 2.4680e+01    755.490      18133  1029.4839  1029.4807     4.6544     0.0662     0.1360    34.2807    34.2767    8.09060         41 0.0000e+00
    411.000    406.343    -0.1903  28.520396    -0.1881  28.520261     4.8013     4.9182    -0.0193    98.1085 1.0000e-12  -74.17392 -113.35570  38.361197      21.29 2.4680e+01    757.439      18180  1029.4881  1029.4858     4.6541     0.0661     0.1386    34.2799    34.2772    8.09084         41 0.0000e+00
    412.000    407.330    -0.1901  28.521154    -0.1869  28.521852     4.7989     4.9179    -0.0108    98.1255 1.0000e-12  -74.17392 -113.35570  38.361222      20.27 2.4680e+01    759.549      18230  1029.4930  1029.4907     4.6549     0.0662     0.1377    34.2801    34.2774    8.09079         40 0.0000e+00
    413.000    408.318    -0.1871  28.525031    -0.1844  28.525360     4.7971     4.9157    -0.0100    98.1077 1.0000e-12  -74.17392 -113.35570  38.361249      19.18 2.4680e+01    761.947      18288  1029.4985  1029.4963     4.6542     0.0669     0.1383    34.2812    34.2786    8.09008         38 0.0000e+00
    414.000    409.306    -0.1873  28.525052    -0.1849  28.524966     4.7963     4.9174    -0.0127    98.1279 1.0000e-12  -74.17392 -113.35570  38.361282      18.18 2.4680e+01    764.729      18354  1029.5030  1029.5006     4.6550     0.0672     0.1390    34.2809    34.2781    8.09014         39 0.0000e+00
    415.000    410.291    -0.1841  28.529286    -0.1816  28.529161     4.7966     4.9151    -0.0090    98.1208 1.0000e-12  -74.17392 -113.35570  38.361315      17.12 2.4680e+01    767.595      18423  1029.5087  1029.5062     4.6547     0.0662     0.1387    34.2824    34.2794    8.08939         37 0.0000e+00
