ocean_section_plots/required_files/ctd/dnbp2202_ctd090.cnv
* Sea-Bird SBE 9 Data File:
* FileName = D:\Data\raw\NBP2202_CTD090.hex
* Software Version Seasave V 7.26.7.121
* Temperature SN = 1649
* Conductivity SN = 2513
* Number of Bytes Per Scan = 40
* Number of Voltage Words = 5
* Number of Scans Averaged by the Deck Unit = 1
* NMEA Latitude = 74 10.51 S
* NMEA Longitude = 113 20.67 W
* NMEA UTC (Time) = Jan 26 2022  21:43:00
* NMEA baud rate = 9600
** Ship: RVIB N.B. Palmer
** Cruise: NBP2202 Thwaites
** Station: YoYo001
** Operator: A. Robinson
# nquan = 25
# nvalues = 607                         
# units = specified
# name 0 = prDM: Pressure, Digiquartz [db]
# name 1 = depSM: Depth [salt water, m]
# name 2 = t090C: Temperature [ITS-90, deg C]
# name 3 = c0mS/cm: Conductivity [mS/cm]
# name 4 = t190C: Temperature, 2 [ITS-90, deg C]
# name 5 = c1mS/cm: Conductivity, 2 [mS/cm]
# name 6 = sbeox0ML/L: Oxygen, SBE 43 [ml/l]
# name 7 = sbeox1ML/L: Oxygen, SBE 43, 2 [ml/l]
# name 8 = flECO-AFL: Fluorescence, WET Labs ECO-AFL/FL [mg/m^3]
# name 9 = CStarTr0: Beam Transmission, WET Labs C-Star [%]
# name 10 = par: PAR/Irradiance, Biospherical/Licor
# name 11 = latitude: Latitude [deg]
# name 12 = longitude: Longitude [deg]
# name 13 = timeJ: Julian Days
# name 14 = altM: Altimeter [m]
# name 15 = spar: SPAR, Biospherical/Licor
# name 16 = timeS: Time, Elapsed [seconds]
# name 17 = scan: Scan Count
# name 18 = density00: Density [density, kg/m^3]
# name 19 = density11: Density, 2 [density, kg/m^3]
# name 20 = sal00: Salinity, Practical [PSU]
# name 21 = sal11: Salinity, Practical, 2 [PSU]
# name 22 = oxsolML/L: Oxygen Saturation, Garcia & Gordon [ml/l]
# name 23 = nbin: number of scans per bin
# name 24 = flag: flag
# span 0 =     10.000,    616.000       
# span 1 =      9.895,    608.712       
# span 2 =    -1.5465,     0.1097       
# span 3 =  26.905264,  28.945314       
# span 4 =    -1.5453,     0.1119       
# span 5 =  26.905308,  28.945288       
# span 6 =     4.6816,     9.0524       
# span 7 =     4.7497,     8.9006       
# span 8 =    -0.0222,    29.4143       
# span 9 =    66.7346,    95.5767       
# span 10 = -3.583e-05, 7.1016e+01      
# span 11 =  -74.17530,  -74.17530      
# span 12 = -113.34460, -113.34458      
# span 13 =  26.905245,  26.913685      
# span 14 =       5.01,     100.05      
# span 15 = 1.8848e+03, 1.9033e+03      
# span 16 =     33.186,    762.409      
# span 17 =        797,      18299      
# span 18 =  1027.2231,  1030.5210      
# span 19 =  1027.2222,  1030.5184      
# span 20 =    33.7895,    34.3863      
# span 21 =    33.7883,    34.3834      
# span 22 =    8.02169,    8.41423      
# span 23 =         10,         45      
# span 24 = 0.0000e+00, 0.0000e+00      
# interval = decibars: 1                
# start_time = Jan 26 2022 21:43:00 [NMEA time, header]
# bad_flag = -9.990e-29
*END*
[from data line 174]
    184.000    182.015    -0.9044  27.640492    -0.9026  27.639901     5.1182     5.2016    -0.0077    95.3769 1.0000e-12  -74.17530 -113.34460  26.907612      80.21 1.8953e+03    237.664       5705  1028.2515  1028.2491    34.0388    34.0360    8.25878         27 0.0000e+00
    185.000    183.004    -0.9036  27.641640    -0.9020  27.640894     5.1099     5.1992    -0.0167    95.3644 1.0000e-12  -74.17530 -113.34460  26.907625      95.09 1.8951e+03    238.795       5732  1028.2563  1028.2539    34.0388    34.0361    8.25860         27 0.0000e+00
    186.000    183.992    -0.8973  27.647759    -0.8945  27.648029     5.1111     5.1928    -0.0195    95.3542 1.0000e-12  -74.17530 -113.34460  26.907638      99.84 1.8951e+03    239.933       5759  1028.2611  1028.2587    34.0394    34.0366    8.25718         28 0.0000e+00
    187.000    184.981    -0.8947  27.650471    -0.8929  27.650130     5.1080     5.1930    -0.0147    95.3616 1.0000e-12  -74.17530 -113.34460  26.907652      99.86 1.8951e+03    241.109       5788  1028.2660  1028.2638    34.0396    34.0371    8.25661         28 0.0000e+00
    188.000    185.970    -0.8934  27.652417    -0.8920  27.651622     5.1132     5.2020    -0.0104    95.3713 1.0000e-12  -74.17530 -113.34460  26.907665      99.87 1.8953e+03    242.297       5816  1028.2711  1028.2690    34.0401    34.0375    8.25629         29 0.0000e+00
    189.000    186.957    -0.8949  27.651697    -0.8929  27.651417     5.1102     5.2009    -0.0095    95.3598 1.0000e-12  -74.17530 -113.34460  26.907679      99.87 1.8954e+03    243.472       5844  1028.2762  1028.2739    34.0402    34.0376    8.25661         28 0.0000e+00
    190.000    187.947    -0.8929  27.653914    -0.8911  27.653509     5.1099     5.1915    -0.0191    95.3625 1.0000e-12  -74.17530 -113.34460  26.907692      99.87 1.8956e+03    244.622       5872  1028.2810  1028.2788    34.0403    34.0378    8.25616         27 0.0000e+00
    191.000    188.936    -0.8925  27.654999    -0.8908  27.654498     5.1091     5.1928    -0.0128    93.3937 1.0000e-12  -74.17530 -113.34460  26.907706      99.87 1.8961e+03    245.755       5899  1028.2861  1028.2839    34.0407    34.0381    8.25605         27 0.0000e+00
    192.000    189.924    -0.8909  27.656709    -0.8889  27.656731     5.1058     5.1953    -0.0158    95.3382 1.0000e-12  -74.17530 -113.34460  26.907719      99.87 1.8959e+03    246.892       5926  1028.2908  1028.2888    34.0407    34.0384    8.25571         28 0.0000e+00
    193.000    190.913    -0.8904  27.657678    -0.8875  27.658532     5.1088     5.1848    -0.0166    95.3459 1.0000e-12  -74.17530 -113.34460  26.907732      99.87 1.8952e+03    248.049       5954  1028.2956  1028.2938    34.0408    34.0387    8.25558         28 0.0000e+00
    194.000    191.902    -0.8887  27.660075    -0.8874  27.659034     5.1074     5.1903    -0.0085    94.7861 1.0000e-12  -74.17530 -113.34460  26.907746      99.87 1.8966e+03    249.221       5982  1028.3009  1028.2986    34.0415    34.0386    8.25517         28 0.0000e+00
    195.000    192.891    -0.8846  27.664925    -0.8832  27.664056     5.1058     5.1904    -0.0123    95.3556 1.0000e-12  -74.17530 -113.34460  26.907759      99.87 1.8951e+03    250.388       6010  1028.3066  1028.3042    34.0429    34.0401    8.25420         27 0.0000e+00
    196.000    193.880    -0.8847  27.665071    -0.8831  27.664569     5.1050     5.1959    -0.0066    95.3561 1.0000e-12  -74.17530 -113.34460  26.907772      90.10 1.8951e+03    251.535       6038  1028.3111  1028.3090    34.0425    34.0400    8.25424         28 0.0000e+00
    197.000    194.869    -0.8892  27.661086    -0.8876  27.660669     5.1048     5.1879    -0.0131    95.3425 1.0000e-12  -74.17530 -113.34460  26.907785      99.86 1.8951e+03    252.665       6065  1028.3156  1028.3135    34.0417    34.0393    8.25529         27 0.0000e+00
    198.000    195.856    -0.8885  27.662710    -0.8874  27.661424     5.1038     5.1880    -0.0142    95.3368 1.0000e-12  -74.17530 -113.34460  26.907799      99.87 1.8951e+03    253.803       6092  1028.3209  1028.3185    34.0424    34.0394    8.25508         28 0.0000e+00
    199.000    196.848    -0.8839  27.667939    -0.8823  27.667366     5.1045     5.1874    -0.0145    95.3440 1.0000e-12  -74.17530 -113.34460  26.907812      99.87 1.8951e+03    254.970       6120  1028.3264  1028.3243    34.0437    34.0412    8.25400         28 0.0000e+00
    200.000    197.834    -0.8827  27.669719    -0.8807  27.669565     5.1049     5.1811    -0.0197    95.3399 1.0000e-12  -74.17530 -113.34460  26.907826      99.87 1.8951e+03    256.156       6149  1028.3316  1028.3294    34.0442    34.0416    8.25371         26 0.0000e+00
    201.000    198.822    -0.8804  27.672700    -0.8787  27.672031     5.0982     5.1788    -0.0087    95.3441 1.0000e-12  -74.17530 -113.34460  26.907839      99.87 1.8951e+03    257.315       6177  1028.3368  1028.3344    34.0449    34.0421    8.25315         28 0.0000e+00
    202.000    199.811    -0.8811  27.672060    -0.8793  27.671912     5.1041     5.1851    -0.0193    95.3558 1.0000e-12  -74.17530 -113.34460  26.907852      99.87 1.8951e+03    258.454       6204  1028.3412  1028.3393    34.0443    34.0421    8.25335         27 0.0000e+00
    203.000    200.800    -0.8826  27.671345    -0.8805  27.671047     5.1067     5.1884    -0.0143    95.3397 1.0000e-12  -74.17530 -113.34460  26.907866      99.86 1.8951e+03    259.589       6231  1028.3461  1028.3438    34.0443    34.0417    8.25367         28 0.0000e+00
    204.000    201.789    -0.8809  27.673364    -0.8787  27.673296     5.0969     5.1819    -0.0115    95.3321 1.0000e-12  -74.17530 -113.34460  26.907879      99.87 1.8951e+03    260.739       6259  1028.3509  1028.3488    34.0446    34.0420    8.25328         27 0.0000e+00
    205.000    202.778    -0.8750  27.679752    -0.8737  27.678638     5.0925     5.1714    -0.0095    95.3460 1.0000e-12  -74.17530 -113.34460  26.907892      99.87 1.8951e+03    261.900       6287  1028.3564  1028.3540    34.0459    34.0430    8.25191         28 0.0000e+00
    206.000    203.766    -0.8688  27.686208    -0.8669  27.685894     5.0924     5.1706    -0.0147    95.3385 1.0000e-12  -74.17530 -113.34460  26.907906      98.97 1.8951e+03    263.064       6315  1028.3619  1028.3596    34.0472    34.0445    8.25049         28 0.0000e+00
    207.000    204.755    -0.8669  27.688508    -0.8648  27.688435     5.0841     5.1655    -0.0090    95.3387 1.0000e-12  -74.17530 -113.34460  26.907919      81.24 1.8951e+03    264.226       6342  1028.3668  1028.3647    34.0475    34.0450    8.25005         27 0.0000e+00
    208.000    205.745    -0.8644  27.691607    -0.8623  27.691434     5.0859     5.1695    -0.0057    95.3357 1.0000e-12  -74.17530 -113.34460  26.907933      95.25 1.8951e+03    265.386       6370  1028.3721  1028.3698    34.0483    34.0457    8.24946         29 0.0000e+00
    209.000    206.731    -0.8631  27.693347    -0.8613  27.693018     5.0875     5.1604    -0.0101    95.3492 1.0000e-12  -74.17530 -113.34460  26.907946      99.86 1.8951e+03    266.541       6398  1028.3770  1028.3749    34.0486    34.0461    8.24916         27 0.0000e+00
    210.000    207.721    -0.8634  27.693565    -0.8617  27.692999     5.0883     5.1659    -0.0134    95.3289 1.0000e-12  -74.17530 -113.34460  26.907959      99.87 1.8951e+03    267.684       6425  1028.3819  1028.3797    34.0486    34.0459    8.24923         27 0.0000e+00
    211.000    208.711    -0.8615  27.696200    -0.8588  27.696449     5.0853     5.1620    -0.0087    95.3470 1.0000e-12  -74.17530 -113.34460  26.907973      99.87 1.8951e+03    268.825       6453  1028.3872  1028.3849    34.0494    34.0467    8.24876         28 0.0000e+00
    212.000    209.698    -0.8586  27.699473    -0.8563  27.699525     5.0862     5.1619    -0.0161    95.3441 1.0000e-12  -74.17530 -113.34460  26.907986      99.87 1.8951e+03    269.978       6480  1028.3923  1028.3901    34.0499    34.0474    8.24808         28 0.0000e+00
    213.000    210.687    -0.8567  27.701752    -0.8547  27.701443     5.0780     5.1658    -0.0158    95.3376 1.0000e-12  -74.17530 -113.34460  26.907999      99.87 1.8951e+03    271.145       6508  1028.3973  1028.3950    34.0503    34.0476    8.24766         28 0.0000e+00
    214.000    211.676    -0.8559  27.702978    -0.8544  27.702355     5.0835     5.1670    -0.0150    95.3312 1.0000e-12  -74.17530 -113.34460  26.908013      99.87 1.8951e+03    272.320       6537  1028.4022  1028.4001    34.0504    34.0479    8.24747         28 0.0000e+00
    215.000    212.663    -0.8555  27.703935    -0.8535  27.703720     5.0861     5.1679    -0.0150    95.3340 1.0000e-12  -74.17530 -113.34460  26.908027      99.86 1.8951e+03    273.500       6565  1028.4071  1028.4050    34.0506    34.0481    8.24737         29 0.0000e+00
    216.000    213.653    -0.8546  27.705494    -0.8527  27.705216     5.0818     5.1695    -0.0150    95.3377 1.0000e-12  -74.17530 -113.34460  26.908040      99.87 1.8951e+03    274.652       6593  1028.4123  1028.4102    34.0511    34.0486    8.24715         27 0.0000e+00
    217.000    214.642    -0.8543  27.706168    -0.8526  27.705712     5.0791     5.1691    -0.0219    95.3329 1.0000e-12  -74.17530 -113.34460  26.908053      99.87 1.8950e+03    275.774       6620  1028.4170  1028.4149    34.0511    34.0485    8.24708         26 0.0000e+00
    218.000    215.630    -0.8537  27.707215    -0.8521  27.706751     5.0748     5.1647    -0.0137    95.3358 1.0000e-12  -74.17530 -113.34460  26.908066      93.13 1.8943e+03    276.899       6647  1028.4219  1028.4198    34.0512    34.0487    8.24694         28 0.0000e+00
    219.000    216.619    -0.8522  27.709107    -0.8509  27.708111     5.0742     5.1565    -0.0205    95.3253 1.0000e-12  -74.17530 -113.34460  26.908079      96.33 1.8943e+03    278.051       6674  1028.4268  1028.4245    34.0515    34.0487    8.24660         27 0.0000e+00
    220.000    217.607    -0.8519  27.709788    -0.8503  27.709086     5.0791     5.1615    -0.0134    95.3242 1.0000e-12  -74.17530 -113.34460  26.908093      99.88 1.8935e+03    279.222       6702  1028.4315  1028.4293    34.0514    34.0487    8.24653         29 0.0000e+00
    221.000    218.596    -0.8517  27.710386    -0.8500  27.709914     5.0799     5.1631    -0.0145    95.3384 1.0000e-12  -74.17530 -113.34460  26.908107      99.87 1.8937e+03    280.409       6731  1028.4364  1028.4342    34.0514    34.0489    8.24649         29 0.0000e+00
    222.000    219.585    -0.8517  27.710749    -0.8499  27.710508     5.0754     5.1576    -0.0111    95.3331 1.0000e-12  -74.17530 -113.34460  26.908120      99.86 1.8939e+03    281.588       6759  1028.4410  1028.4390    34.0513    34.0489    8.24650         28 0.0000e+00
    223.000    220.573    -0.8512  27.711664    -0.8498  27.710890     5.0744     5.1517    -0.0083    95.3292 1.0000e-12  -74.17530 -113.34460  26.908133      99.87 1.8945e+03    282.726       6786  1028.4458  1028.4437    34.0514    34.0488    8.24638         27 0.0000e+00
    224.000    221.562    -0.8477  27.715613    -0.8455  27.715406     5.0715     5.1550    -0.0150    95.3250 1.0000e-12  -74.17530 -113.34460  26.908146      99.87 1.8935e+03    283.852       6813  1028.4510  1028.4487    34.0522    34.0493    8.24558         26 0.0000e+00
    225.000    222.550    -0.8441  27.719373    -0.8424  27.718946     5.0700     5.1465    -0.0150    95.3173 1.0000e-12  -74.17530 -113.34460  26.908160      99.87 1.8938e+03    284.989       6841  1028.4559  1028.4538    34.0526    34.0501    8.24476         28 0.0000e+00
    226.000    223.538    -0.8448  27.719322    -0.8432  27.718839     5.0640     5.1497    -0.0150    95.3238 1.0000e-12  -74.17530 -113.34460  26.908173      99.87 1.8937e+03    286.141       6868  1028.4609  1028.4588    34.0527    34.0502    8.24491         28 0.0000e+00
    227.000    224.529    -0.8429  27.721853    -0.8411  27.721385     5.0562     5.1495    -0.0150    95.3321 1.0000e-12  -74.17530 -113.34460  26.908186      99.87 1.8933e+03    287.307       6896  1028.4661  1028.4638    34.0534    34.0506    8.24445         28 0.0000e+00
    228.000    225.515    -0.8395  27.725465    -0.8373  27.725518     5.0521     5.1402    -0.0187    95.3358 1.0000e-12  -74.17530 -113.34460  26.908200      99.87 1.8933e+03    288.482       6925  1028.4710  1028.4689    34.0538    34.0513    8.24369         28 0.0000e+00
    229.000    226.504    -0.8326  27.732985    -0.8296  27.733496     5.0512     5.1418    -0.0161    95.3175 1.0000e-12  -74.17530 -113.34460  26.908213      80.96 1.8933e+03    289.643       6952  1028.4767  1028.4744    34.0556    34.0529    8.24207         28 0.0000e+00
    230.000    227.493    -0.8266  27.739233    -0.8251  27.738572     5.0501     5.1323    -0.0188    95.2682 1.0000e-12  -74.17530 -113.34460  26.908227      95.59 1.8933e+03    290.789       6980  1028.4820  1028.4799    34.0567    34.0541    8.24069         27 0.0000e+00
    231.000    228.481    -0.8260  27.740394    -0.8240  27.740255     5.0475     5.1271    -0.0166    95.3051 1.0000e-12  -74.17530 -113.34460  26.908240      99.83 1.8921e+03    291.928       7007  1028.4870  1028.4849    34.0569    34.0545    8.24054         28 0.0000e+00
    232.000    229.471    -0.8244  27.742342    -0.8226  27.741991     5.0424     5.1203    -0.0199    95.3223 1.0000e-12  -74.17530 -113.34460  26.908253      99.86 1.8929e+03    293.071       7035  1028.4920  1028.4899    34.0572    34.0547    8.24018         27 0.0000e+00
    233.000    230.458    -0.8171  27.750254    -0.8158  27.749143     5.0306     5.1199    -0.0079    95.3198 1.0000e-12  -74.17530 -113.34460  26.908267      99.88 1.8931e+03    294.233       7063  1028.4977  1028.4953    34.0590    34.0561    8.23847         29 0.0000e+00
    234.000    231.447    -0.8108  27.757113    -0.8087  27.756710     5.0321     5.1164    -0.0200    95.2985 1.0000e-12  -74.17530 -113.34460  26.908280      99.87 1.8926e+03    295.412       7091  1028.5034  1028.5010    34.0606    34.0578    8.23701         28 0.0000e+00
    235.000    232.436    -0.8034  27.765262    -0.8010  27.765409     5.0350     5.1119    -0.0140    95.3036 1.0000e-12  -74.17530 -113.34460  26.908294      99.86 1.8933e+03    296.593       7119  1028.5094  1028.5072    34.0627    34.0601    8.23527         28 0.0000e+00
    236.000    233.423    -0.7988  27.770552    -0.7970  27.770083     5.0265     5.1101    -0.0210    95.2972 1.0000e-12  -74.17530 -113.34460  26.908307      99.87 1.8933e+03    297.758       7147  1028.5151  1028.5129    34.0640    34.0614    8.23419         28 0.0000e+00
    237.000    234.413    -0.7975  27.772229    -0.7959  27.771690     5.0222     5.1152    -0.0186    95.3127 1.0000e-12  -74.17530 -113.34460  26.908321      99.87 1.8933e+03    298.899       7175  1028.5200  1028.5179    34.0643    34.0617    8.23390         27 0.0000e+00
    238.000    235.401    -0.7970  27.773532    -0.7951  27.773362     5.0303     5.1155    -0.0134    95.2941 1.0000e-12  -74.17530 -113.34460  26.908334      99.86 1.8932e+03    300.027       7202  1028.5253  1028.5233    34.0648    34.0625    8.23374         27 0.0000e+00
    239.000    236.389    -0.7970  27.774227    -0.7952  27.773867     5.0350     5.1198    -0.0150    95.3081 1.0000e-12  -74.17530 -113.34460  26.908347      99.87 1.8926e+03    301.158       7229  1028.5305  1028.5283    34.0652    34.0627    8.23373         25 0.0000e+00
    240.000    237.379    -0.7975  27.774255    -0.7964  27.773315     5.0366     5.1183    -0.0206    95.2979 1.0000e-12  -74.17530 -113.34460  26.908360      99.87 1.8924e+03    302.310       7256  1028.5353  1028.5333    34.0652    34.0627    8.23384         26 0.0000e+00
