ocean_section_plots/required_files/ctd/dnbp2202_ctd072.cnv
* Sea-Bird SBE 9 Data File:
* FileName = D:\Data\raw\NBP2202_CTD072.hex
* Software Version Seasave V 7.26.7.121
* Temperature SN = 1649
* Conductivity SN = 2513
* Number of Bytes Per Scan = 40
* Number of Voltage Words = 5
* Number of Scans Averaged by the Deck Unit = 1
* NMEA Latitude = 73 59.88 S
* NMEA Longitude = 112 22.65 W
* NMEA UTC (Time) = Jan 26 2022  06:38:14
* NMEA baud rate = 9600
** Ship: RVIB N.B. Palmer
** Cruise: NBP2202 Thwaites
** Station: 53
** Operator: B Bjork
# nquan = 25
# nvalues = 791                         
# units = specified
# name 0 = prDM: Pressure, Digiquartz [db]
# name 1 = depSM: Depth [salt water, m]
# name 2 = t090C: Temperature [ITS-90, deg C]
# name 3 = c0mS/cm: Conductivity [mS/cm]
# name 4 = t190C: Temperature, 2 [ITS-90, deg C]
# name 5 = c1mS/cm: Conductivity, 2 [mS/cm]
# name 6 = sbeox0ML/L: Oxygen, SBE 43 [ml/l]
# name 7 = sbeox1ML/L: Oxygen, SBE 43, 2 [ml/l]
# name 8 = flECO-AFL: Fluorescence, WET Labs ECO-AFL/FL [mg/m^3]
# name 9 = CStarTr0: Beam Transmission, WET Labs C-Star [%]
# name 10 = par: PAR/Irradiance, Biospherical/Licor
# name 11 = latitude: Latitude [deg]
# name 12 = longitude: Longitude [deg]
# name 13 = timeJ: Julian Days
# name 14 = altM: Altimeter [m]
# name 15 = spar: SPAR, Biospherical/Licor
# name 16 = timeS: Time, Elapsed [seconds]
# name 17 = scan: Scan Count
# name 18 = density00: Density [density, kg/m^3]
# name 19 = density11: Density, 2 [density, kg/m^3]
# name 20 = sal00: Salinity, Practical [PSU]
# name 21 = sal11: Salinity, Practical, 2 [PSU]
# name 22 = oxsolML/L: Oxygen Saturation, Garcia & Gordon [ml/l]
# name 23 = nbin: number of scans per bin
# name 24 = flag: flag
# span 0 =      3.000,    793.000       
# span 1 =      2.971,    783.301       
# span 2 =    -1.4912,     0.5121       
# span 3 =  27.081671,  29.492183       
# span 4 =    -1.4920,     0.5140       
# span 5 =  27.081674,  29.491711       
# span 6 =     4.6369,     9.0857       
# span 7 =     4.7459,     9.3927       
# span 8 =    -0.0173,    28.8335       
# span 9 =    66.2202,    95.8975       
# span 10 = 1.0000e-12, 2.3035e+01      
# span 11 =  -73.99814,  -73.99800      
# span 12 = -112.37766, -112.37604      
# span 13 =  26.277655,  26.288825      
# span 14 =       4.63,     100.07      
# span 15 = 2.6089e+02, 3.8438e+02      
# span 16 =     95.352,   1060.462      
# span 17 =       2289,      25452      
# span 18 =  1027.1931,  1031.4509      
# span 19 =  1027.1979,  1031.4485      
# span 20 =    33.8127,    34.5507      
# span 21 =    33.8173,    34.5480      
# span 22 =    7.92924,    8.39098      
# span 23 =         19,         50      
# span 24 = 0.0000e+00, 0.0000e+00      
# interval = decibars: 1                
# start_time = Jan 26 2022 06:38:14 [NMEA time, header]
# bad_flag = -9.990e-29
*END*
[from data line 348]
    351.000    347.076    -0.8706  27.875107    -0.8698  27.874547     5.5759     5.7627     0.1312    95.5970 1.0000e-12  -73.99812 -112.37616  26.283129      99.65 3.1548e+02    568.354      13641  1029.1894  1029.1880    34.2165    34.2149    8.24102         22 0.0000e+00
    352.000    348.065    -0.8450  27.900758    -0.8406  27.901409     5.5088     5.6960     0.0974    95.4013 1.0000e-12  -73.99812 -112.37616  26.283139      97.30 3.1423e+02    569.246      13663  1029.1964  1029.1927    34.2216    34.2175    8.23512         22 0.0000e+00
    353.000    349.052    -0.7977  27.942665    -0.7940  27.943451     5.4649     5.6683     0.1131    95.2932 1.0000e-12  -73.99812 -112.37616  26.283151      97.48 3.1409e+02    570.227      13686  1029.1997  1029.1970    34.2242    34.2212    8.22464         24 0.0000e+00
    354.000    350.039    -0.7231  28.011916    -0.7184  28.012016     5.3652     5.5759     0.0997    95.5889 1.0000e-12  -73.99812 -112.37616  26.283162      99.68 3.1379e+02    571.223      13710  1029.2060  1029.2015    34.2328    34.2277    8.20790         23 0.0000e+00
    355.000    351.028    -0.6781  28.052012    -0.6781  28.049550     5.2553     5.4524     0.1051    95.5562 1.0000e-12  -73.99812 -112.37616  26.283173      99.65 3.1348e+02    572.178      13733  1029.2098  1029.2072    34.2355    34.2321    8.19798         23 0.0000e+00
    356.000    352.016    -0.6400  28.090826    -0.6344  28.090386     5.1853     5.3870     0.1213    95.4220 1.0000e-12  -73.99812 -112.37616  26.283184      99.64 3.1379e+02    573.065      13755  1029.2190  1029.2131    34.2440    34.2371    8.18922         20 0.0000e+00
    357.000    353.003    -0.4894  28.227124    -0.4852  28.225829     5.1527     5.3478     0.0803    95.5528 1.0000e-12  -73.99813 -112.37616  26.283193      99.66 3.1312e+02    573.915      13775  1029.2225  1029.2171    34.2568    34.2504    8.15601         21 0.0000e+00
    358.000    353.992    -0.4757  28.237376    -0.4761  28.235738     5.1428     5.3254     0.2282    95.5275 1.0000e-12  -73.99814 -112.37616  26.283205      99.65 3.1111e+02    574.872      13798  1029.2254  1029.2241    34.2545    34.2527    8.15319         24 0.0000e+00
    359.000    354.980    -0.4663  28.248921    -0.4679  28.244425     5.1383     5.3177     0.1202    95.5226 1.0000e-12  -73.99814 -112.37616  26.283216      99.65 3.0862e+02    575.866      13822  1029.2339  1029.2307    34.2588    34.2546    8.15093         24 0.0000e+00
    360.000    355.967    -0.4445  28.269176    -0.4433  28.267927     5.1275     5.3012     0.0847    95.6088 1.0000e-12  -73.99814 -112.37616  26.283228      99.65 3.1089e+02    576.903      13847  1029.2394  1029.2370    34.2608    34.2578    8.14613         26 0.0000e+00
    361.000    356.955    -0.4409  28.272998    -0.4387  28.272884     5.1153     5.2834     0.0903    95.5499 1.0000e-12  -73.99814 -112.37616  26.283240      99.65 3.1460e+02    577.978      13872  1029.2453  1029.2430    34.2613    34.2586    8.14534         26 0.0000e+00
    362.000    357.945    -0.4130  28.299992    -0.4121  28.298262     5.0950     5.2566     0.2074    95.6134 1.0000e-12  -73.99814 -112.37616  26.283253      99.65 3.1557e+02    579.050      13898  1029.2519  1029.2491    34.2654    34.2621    8.13913         25 0.0000e+00
    363.000    358.931    -0.3941  28.317691    -0.3930  28.316607     5.0845     5.2473     0.2477    95.6119 1.0000e-12  -73.99814 -112.37616  26.283265      99.65 3.1462e+02    580.103      13923  1029.2573  1029.2551    34.2672    34.2645    8.13497         25 0.0000e+00
    364.000    359.918    -0.3767  28.334499    -0.3751  28.333360     5.0785     5.2378     0.1264    95.5508 1.0000e-12  -73.99814 -112.37614  26.283277      99.65 3.1485e+02    581.131      13948  1029.2632  1029.2604    34.2695    34.2662    8.13112         25 0.0000e+00
    365.000    360.908    -0.3643  28.346402    -0.3625  28.345646     5.0677     5.2156     0.0745    95.5173 1.0000e-12  -73.99814 -112.37614  26.283289      80.96 3.1636e+02    582.144      13972  1029.2687  1029.2662    34.2708    34.2678    8.12838         24 0.0000e+00
    366.000    361.894    -0.3565  28.355057    -0.3539  28.354935     5.0566     5.2030     0.1011    95.5974 1.0000e-12  -73.99814 -112.37614  26.283300      96.50 3.1680e+02    583.141      13996  1029.2751  1029.2725    34.2730    34.2700    8.12659         24 0.0000e+00
    367.000    362.884    -0.3174  28.392678    -0.3120  28.394594     5.0639     5.2139     0.0913    95.4343 1.0000e-12  -73.99814 -112.37614  26.283312      99.65 3.1517e+02    584.126      14020  1029.2818  1029.2785    34.2787    34.2752    8.11793         23 0.0000e+00
    368.000    363.871    -0.3246  28.386369    -0.3245  28.385170     5.0928     5.2384     0.0553    95.5545 1.0000e-12  -73.99814 -112.37614  26.283323      99.65 3.1378e+02    585.110      14044  1029.2870  1029.2857    34.2777    34.2761    8.11951         24 0.0000e+00
    369.000    364.858    -0.3442  28.369772    -0.3444  28.368180     5.1252     5.2626     0.1001    95.6291 1.0000e-12  -73.99814 -112.37614  26.283335      99.65 3.1379e+02    586.107      14068  1029.2934  1029.2919    34.2771    34.2751    8.12374         24 0.0000e+00
    370.000    365.846    -0.3759  28.342276    -0.3760  28.341334     5.1379     5.2743     0.1286    95.6278 1.0000e-12  -73.99814 -112.37614  26.283346      99.65 3.1665e+02    587.099      14091  1029.2998  1029.2989    34.2753    34.2742    8.13061         24 0.0000e+00
    371.000    366.834    -0.3896  28.331310    -0.3881  28.330781     5.1435     5.2790     0.0670    95.6131 1.0000e-12  -73.99814 -112.37612  26.283358      99.65 3.1885e+02    588.115      14116  1029.3060  1029.3040    34.2755    34.2731    8.13352         25 0.0000e+00
    372.000    367.822    -0.3901  28.330977    -0.3887  28.330405     5.1399     5.2743     0.2397    95.5425 1.0000e-12  -73.99814 -112.37612  26.283370      99.65 3.1746e+02    589.154      14141  1029.3106  1029.3086    34.2750    34.2727    8.13366         24 0.0000e+00
    373.000    368.811    -0.3907  28.330722    -0.3892  28.330218     5.1372     5.2764     0.0740    95.6224 1.0000e-12  -73.99814 -112.37612  26.283381      99.65 3.1509e+02    590.159      14165  1029.3152  1029.3133    34.2747    34.2724    8.13380         24 0.0000e+00
    374.000    369.798    -0.3888  28.333038    -0.3874  28.332334     5.1320     5.2701     0.1111    95.5706 1.0000e-12  -73.99814 -112.37612  26.283393      99.65 3.1417e+02    591.134      14188  1029.3203  1029.3181    34.2751    34.2726    8.13338         23 0.0000e+00
    375.000    370.787    -0.3860  28.336211    -0.3847  28.335661     5.1261     5.2745     0.0759    95.6051 1.0000e-12  -73.99814 -112.37612  26.283404      99.65 3.1540e+02    592.095      14211  1029.3253  1029.3234    34.2756    34.2734    8.13275         23 0.0000e+00
    376.000    371.773    -0.3830  28.340141    -0.3814  28.339572     5.1068     5.2523     0.0504    95.5750 1.0000e-12  -73.99814 -112.37612  26.283415      99.66 3.1556e+02    593.069      14235  1029.3309  1029.3287    34.2769    34.2744    8.13204         24 0.0000e+00
    377.000    372.763    -0.3687  28.354356    -0.3664  28.354078     5.0762     5.2270     0.0509    95.4499 1.0000e-12  -73.99814 -112.37610  26.283427      94.73 3.1556e+02    594.069      14259  1029.3364  1029.3338    34.2792    34.2762    8.12885         24 0.0000e+00
    378.000    373.749    -0.3439  28.378914    -0.3415  28.378474     5.0489     5.2021     0.1125    95.5601 1.0000e-12  -73.99814 -112.37610  26.283439      77.92 3.1556e+02    595.090      14283  1029.3426  1029.3398    34.2835    34.2802    8.12331         25 0.0000e+00
    379.000    374.738    -0.3116  28.411791    -0.3081  28.411950     5.0402     5.1854     0.1840    95.5900 1.0000e-12  -73.99814 -112.37610  26.283450      94.78 3.1571e+02    596.079      14307  1029.3505  1029.3472    34.2905    34.2867    8.11602         23 0.0000e+00
    380.000    375.724    -0.3004  28.422226    -0.2988  28.421731     5.0397     5.1815     0.0855    95.4428 1.0000e-12  -73.99814 -112.37610  26.283461      99.67 3.1579e+02    597.046      14330  1029.3551  1029.3530    34.2912    34.2887    8.11359         23 0.0000e+00
    381.000    376.714    -0.2958  28.427349    -0.2941  28.426698     5.0348     5.1829     0.0726    95.2823 1.0000e-12  -73.99814 -112.37610  26.283472      99.65 3.1541e+02    598.021      14353  1029.3606  1029.3583    34.2922    34.2895    8.11254         24 0.0000e+00
    382.000    377.701    -0.2916  28.433030    -0.2898  28.432493     5.0284     5.1726     0.0582    95.5300 1.0000e-12  -73.99814 -112.37610  26.283484      99.65 3.1401e+02    599.020      14377  1029.3670  1029.3647    34.2945    34.2918    8.11152         24 0.0000e+00
    383.000    378.689    -0.2836  28.441613    -0.2816  28.441130     5.0157     5.1659     0.0984    95.5440 1.0000e-12  -73.99814 -112.37608  26.283496      99.66 3.1330e+02    600.043      14402  1029.3728  1029.3705    34.2964    34.2935    8.10971         25 0.0000e+00
    384.000    379.675    -0.2728  28.452873    -0.2710  28.452232     5.0106     5.1579     0.0766    94.9783 1.0000e-12  -73.99814 -112.37608  26.283508      99.66 3.1464e+02    601.087      14427  1029.3787  1029.3763    34.2986    34.2957    8.10728         25 0.0000e+00
    385.000    380.665    -0.2656  28.460178    -0.2640  28.459538     5.0026     5.1540     0.1457    95.6156 1.0000e-12  -73.99814 -112.37608  26.283520      99.65 3.1802e+02    602.093      14451  1029.3840  1029.3818    34.2997    34.2971    8.10570         24 0.0000e+00
    386.000    381.652    -0.2557  28.470095    -0.2540  28.469482     4.9892     5.1391     0.0692    95.6215 1.0000e-12  -73.99814 -112.37608  26.283531      99.65 3.1869e+02    603.070      14475  1029.3893  1029.3870    34.3012    34.2985    8.10351         23 0.0000e+00
    387.000    382.640    -0.2448  28.480919    -0.2451  28.478298     4.9815     5.1261     0.0374    95.6270 1.0000e-12  -73.99814 -112.37608  26.283542      99.66 3.1685e+02    604.025      14498  1029.3946  1029.3921    34.3028    34.2996    8.10110         23 0.0000e+00
    388.000    383.629    -0.2344  28.491300    -0.2327  28.490362     4.9768     5.1200     0.0496    95.2687 1.0000e-12  -73.99814 -112.37608  26.283553      99.66 3.1380e+02    604.997      14521  1029.3999  1029.3972    34.3043    34.3012    8.09880         23 0.0000e+00
    389.000    384.615    -0.2266  28.499699    -0.2252  28.498850     4.9791     5.1212     0.0487    95.5492 1.0000e-12  -73.99814 -112.37608  26.283565      99.66 3.1379e+02    605.990      14545  1029.4057  1029.4034    34.3062    34.3034    8.09704         24 0.0000e+00
    390.000    385.603    -0.2293  28.498846    -0.2279  28.498175     4.9781     5.1180     0.0313    95.5462 1.0000e-12  -73.99814 -112.37608  26.283576      99.65 3.1379e+02    607.001      14569  1029.4120  1029.4099    34.3075    34.3050    8.09754         24 0.0000e+00
    391.000    386.591    -0.2284  28.500640    -0.2269  28.500022     4.9605     5.1131     0.0488    95.5614 1.0000e-12  -73.99814 -112.37607  26.283588      79.28 3.1379e+02    607.998      14593  1029.4174  1029.4153    34.3082    34.3057    8.09731         25 0.0000e+00
    392.000    387.580    -0.2252  28.504551    -0.2234  28.503861     4.9355     5.0949     0.0812    95.6230 1.0000e-12  -73.99814 -112.37606  26.283599      92.10 3.1444e+02    608.995      14617  1029.4229  1029.4204    34.3093    34.3063    8.09657         24 0.0000e+00
    393.000    388.566    -0.2013  28.528544    -0.1989  28.527833     4.9290     5.0823     0.1094    95.6315 1.0000e-12  -73.99814 -112.37606  26.283611      99.65 3.1754e+02    609.997      14641  1029.4294  1029.4263    34.3138    34.3101    8.09125         23 0.0000e+00
    394.000    389.554    -0.1800  28.549051    -0.1781  28.548389     4.9272     5.0681     0.0339    95.5036 1.0000e-12  -73.99814 -112.37606  26.283623      99.66 3.1940e+02    610.993      14665  1029.4346  1029.4321    34.3165    34.3135    8.08657         24 0.0000e+00
    395.000    390.543    -0.1698  28.559918    -0.1678  28.559215     4.9226     5.0662     0.0347    95.6104 1.0000e-12  -73.99814 -112.37606  26.283634      99.65 3.1859e+02    611.995      14689  1029.4407  1029.4380    34.3189    34.3157    8.08427         25 0.0000e+00
    396.000    391.530    -0.1619  28.568172    -0.1602  28.567554     4.9226     5.0639     0.0475    95.5879 1.0000e-12  -73.99814 -112.37606  26.283646      99.66 3.1475e+02    613.041      14714  1029.4463  1029.4440    34.3204    34.3177    8.08252         26 0.0000e+00
    397.000    392.519    -0.1585  28.572097    -0.1567  28.571549     4.9183     5.0623     0.0343    95.5923 1.0000e-12  -73.99814 -112.37604  26.283658      99.66 3.1214e+02    614.089      14739  1029.4516  1029.4493    34.3212    34.3185    8.08175         24 0.0000e+00
    398.000    393.505    -0.1561  28.575110    -0.1543  28.574558     4.9155     5.0546     0.0481    95.6070 1.0000e-12  -73.99814 -112.37604  26.283670      99.65 3.1349e+02    615.091      14763  1029.4569  1029.4547    34.3219    34.3192    8.08120         23 0.0000e+00
    399.000    394.494    -0.1514  28.580273    -0.1497  28.579643     4.9128     5.0502     0.1204    95.6510 1.0000e-12  -73.99814 -112.37604  26.283681      99.65 3.1418e+02    616.051      14786  1029.4623  1029.4599    34.3229    34.3201    8.08015         23 0.0000e+00
    400.000    395.480    -0.1456  28.586544    -0.1440  28.585725     4.9067     5.0478     0.1264    95.4514 1.0000e-12  -73.99814 -112.37604  26.283692      99.66 3.1549e+02    617.005      14809  1029.4677  1029.4653    34.3241    34.3213    8.07885         23 0.0000e+00
    401.000    396.470    -0.1425  28.590184    -0.1408  28.589555     4.9040     5.0445     0.0365    95.5428 1.0000e-12  -73.99814 -112.37604  26.283703      99.66 3.1648e+02    617.956      14832  1029.4729  1029.4706    34.3249    34.3221    8.07816         23 0.0000e+00
    402.000    397.456    -0.1392  28.593993    -0.1374  28.593455     4.9027     5.0437     0.0386    95.6541 1.0000e-12  -73.99814 -112.37604  26.283714      99.66 3.1738e+02    618.923      14855  1029.4782  1029.4758    34.3257    34.3229    8.07742         24 0.0000e+00
    403.000    398.445    -0.1377  28.595851    -0.1360  28.595236     4.9067     5.0443     0.0579    95.6617 1.0000e-12  -73.99814 -112.37604  26.283726      99.66 3.1634e+02    619.902      14879  1029.4831  1029.4808    34.3259    34.3231    8.07709         23 0.0000e+00
    404.000    399.432    -0.1356  28.598519    -0.1338  28.598023     4.9018     5.0407     0.0222    95.6651 1.0000e-12  -73.99814 -112.37604  26.283737      87.96 3.1391e+02    620.859      14902  1029.4882  1029.4860    34.3264    34.3238    8.07661         23 0.0000e+00
    405.000    400.419    -0.1317  28.603205    -0.1297  28.602721     4.8984     5.0426     0.0213    95.6592 1.0000e-12  -73.99814 -112.37604  26.283748      79.91 3.1057e+02    621.796      14924  1029.4938  1029.4913    34.3276    34.3247    8.07571         22 0.0000e+00
    406.000    401.409    -0.1211  28.614755    -0.1192  28.614148     4.8988     5.0299     0.0306    95.4341 1.0000e-12  -73.99814 -112.37604  26.283759      98.88 3.0849e+02    622.735      14947  1029.4999  1029.4975    34.3305    34.3275    8.07331         22 0.0000e+00
    407.000    402.395    -0.1168  28.619580    -0.1151  28.619091     4.8968     5.0247     0.0396    95.6222 1.0000e-12  -73.99814 -112.37604  26.283769      99.66 3.1034e+02    623.686      14969  1029.5053  1029.5031    34.3315    34.3289    8.07235         24 0.0000e+00
