ocean_section_plots/required_files/ctd/dnbp2202_ctd227.cnv
* Sea-Bird SBE 9 Data File:
* FileName = D:\Data\raw\NBP2202_CTD227.hex
* Software Version Seasave V 7.26.7.121
* Temperature SN = 1649
* Conductivity SN = 2513
* Number of Bytes Per Scan = 40
* Number of Voltage Words = 5
* Number of Scans Averaged by the Deck Unit = 1
* NMEA Latitude = 74 01.78 S
* NMEA Longitude = 111 33.55 W
* NMEA UTC (Time) = Feb 12 2022  14:57:34
* NMEA baud rate = 9600
** Ship: RVIB N.B. Palmer
** Cruise: NBP2202 Thwaites
** Station: 138
** Operator: A. Robinson
# nquan = 28
# nvalues = 397                         
# units = specified
# name 0 = prDM: Pressure, Digiquartz [db]
# name 1 = depSM: Depth [salt water, m]
# name 2 = t090C: Temperature [ITS-90, deg C]
# name 3 = c0mS/cm: Conductivity [mS/cm]
# name 4 = t190C: Temperature, 2 [ITS-90, deg C]
# name 5 = c1mS/cm: Conductivity, 2 [mS/cm]
# name 6 = sbeox0ML/L: Oxygen, SBE 43 [ml/l]
# name 7 = sbeox1ML/L: Oxygen, SBE 43, 2 [ml/l]
# name 8 = flECO-AFL: Fluorescence, WET Labs ECO-AFL/FL [mg/m^3]
# name 9 = CStarTr0: Beam Transmission, WET Labs C-Star [%]
# name 10 = par: PAR/Irradiance, Biospherical/Licor
# name 11 = latitude: Latitude [deg]
# name 12 = longitude: Longitude [deg]
# name 13 = timeJ: Julian Days
# name 14 = altM: Altimeter [m]
# name 15 = spar: SPAR, Biospherical/Licor
# name 16 = timeS: Time, Elapsed [seconds]
# name 17 = scan: Scan Count
# name 18 = density00: Density [density, kg/m^3]
# name 19 = density11: Density, 2 [density, kg/m^3]
# name 20 = v3: Voltage 3
# name 21 = v4: Voltage 4
# name 22 = v5: Voltage 5
# name 23 = sal00: Salinity, Practical [PSU]
# name 24 = sal11: Salinity, Practical, 2 [PSU]
# name 25 = oxsolML/L: Oxygen Saturation, Garcia & Gordon [ml/l]
# name 26 = nbin: number of scans per bin
# name 27 = flag: flag
# span 0 =      2.000,    398.000       
# span 1 =      1.980,    393.507       
# span 2 =    -1.5719,    -0.5188       
# span 3 =  26.933253,  28.245868       
# span 4 =    -1.5709,    -0.5165       
# span 5 =  26.933566,  28.246004       
# span 6 =     5.3816,     6.4757       
# span 7 =     5.5368,     6.6732       
# span 8 =    -0.0068,     3.0077       
# span 9 =    93.1984,    97.3522       
# span 10 = 1.0000e-12, 1.5353e+02      
# span 11 =  -74.02970,  -74.02935      
# span 12 = -111.55928, -111.55844      
# span 13 =  43.625849,  43.632134      
# span 14 =       2.14,      99.99      
# span 15 = 1.1824e+03, 1.8409e+03      
# span 16 =    219.377,    762.356      
# span 17 =       5266,      18298      
# span 18 =  1027.2024,  1029.4499      
# span 19 =  1027.2026,  1029.4479      
# span 20 =     4.4212,     4.6182      
# span 21 =     0.0671,     0.4521      
# span 22 =     0.1198,     0.1528      
# span 23 =    33.7970,    34.2909      
# span 24 =    33.7961,    34.2886      
# span 25 =    8.16036,    8.41093      
# span 26 =         22,         45      
# span 27 = 0.0000e+00, 0.0000e+00      
# interval = decibars: 1                
# start_time = Feb 12 2022 14:57:34 [NMEA time, header]
# bad_flag = -9.990e-29
*END*
[from data line 208]
    210.000    207.722    -1.5613  27.077967    -1.5598  27.078421     6.3865     6.5962     0.7956    95.7543 1.0000e-12  -74.02970 -111.55926  43.629097      99.95 1.6909e+03    499.986      12001  1028.3689  1028.3679     4.5425     0.1799     0.1328    33.9973    33.9962    8.40765         24 0.0000e+00
    211.000    208.712    -1.5599  27.080004    -1.5586  27.080224     6.3868     6.5947     0.4991    95.8267 1.0000e-12  -74.02970 -111.55926  43.629109      99.94 1.7086e+03    500.985      12025  1028.3741  1028.3730     4.5459     0.1798     0.1309    33.9979    33.9967    8.40730         24 0.0000e+00
    212.000    209.698    -1.5631  27.077011    -1.5625  27.076799     6.3938     6.5919     0.3875    95.6113 1.0000e-12  -74.02970 -111.55926  43.629120      99.93 1.7219e+03    501.991      12049  1028.3782  1028.3774     4.5358     0.2221     0.1301    33.9968    33.9958    8.40809         24 0.0000e+00
    213.000    210.689    -1.5632  27.077645    -1.5617  27.078102     6.3694     6.5806     0.5352    95.7666 1.0000e-12  -74.02970 -111.55926  43.629132      99.59 1.7266e+03    502.989      12073  1028.3833  1028.3824     4.5430     0.1517     0.1358    33.9972    33.9960    8.40809         24 0.0000e+00
    214.000    211.677    -1.5561  27.085639    -1.5544  27.086119     6.3414     6.5640     0.4100    95.9640 1.0000e-12  -74.02970 -111.55926  43.629143      90.30 1.7196e+03    503.976      12096  1028.3896  1028.3884     4.5524     0.1584     0.1339    33.9995    33.9981    8.40635         24 0.0000e+00
    215.000    212.665    -1.5482  27.094187    -1.5462  27.094648     6.3282     6.5468     0.3816    96.0342 1.0000e-12  -74.02970 -111.55926  43.629155      99.91 1.6709e+03    504.976      12120  1028.3956  1028.3942     4.5557     0.1318     0.1315    34.0016    34.0000    8.40442         24 0.0000e+00
    216.000    213.656    -1.5343  27.108506    -1.5383  27.103138     6.3296     6.5307     0.3553    96.1406 1.0000e-12  -74.02970 -111.55926  43.629167      99.95 1.6001e+03    505.989      12145  1028.4022  1028.4002     4.5608     0.1344     0.1313    34.0049    34.0021    8.40108         24 0.0000e+00
    217.000    214.643    -1.5343  27.108825    -1.5316  27.110001     6.3232     6.5138     0.3968    95.8333 1.0000e-12  -74.02970 -111.55926  43.629178      99.95 1.5972e+03    506.981      12169  1028.4070  1028.4057     4.5465     0.1159     0.1321    34.0047    34.0034    8.40109         24 0.0000e+00
    218.000    215.630    -1.5273  27.115682    -1.5250  27.116575     6.2958     6.5133     0.3312    96.1933 1.0000e-12  -74.02970 -111.55926  43.629189      99.95 1.5958e+03    507.973      12192  1028.4122  1028.4109     4.5631     0.1204     0.1313    34.0057    34.0043    8.39947         24 0.0000e+00
    219.000    216.621    -1.5235  27.119527    -1.5228  27.119078     6.3003     6.5055     0.2841    96.0907 1.0000e-12  -74.02970 -111.55926  43.629201      99.94 1.5294e+03    508.985      12217  1028.4171  1028.4160     4.5584     0.1250     0.1332    34.0060    34.0046    8.39858         24 0.0000e+00
    220.000    217.608    -1.5205  27.122553    -1.5218  27.120446     6.2954     6.4955     0.2603    96.0902 1.0000e-12  -74.02970 -111.55926  43.629213      99.95 1.4124e+03    509.992      12241  1028.4219  1028.4208     4.5584     0.1115     0.1321    34.0062    34.0047    8.39790         24 0.0000e+00
    221.000    218.597    -1.5235  27.120372    -1.5225  27.120062     6.2959     6.4954     0.2317    96.3487 1.0000e-12  -74.02970 -111.55926  43.629224      99.95 1.3316e+03    510.987      12265  1028.4268  1028.4255     4.5706     0.1410     0.1278    34.0060    34.0044    8.39859         24 0.0000e+00
    222.000    219.587    -1.5199  27.124498    -1.5184  27.124386     6.3053     6.4956     0.2075    96.4270 1.0000e-12  -74.02970 -111.55926  43.629236      99.94 1.3348e+03    511.991      12289  1028.4322  1028.4307     4.5744     0.1644     0.1296    34.0069    34.0051    8.39771         24 0.0000e+00
    223.000    220.574    -1.5182  27.125973    -1.5176  27.125594     6.2866     6.4837     0.2231    96.4563 1.0000e-12  -74.02970 -111.55926  43.629248      99.95 1.4258e+03    512.991      12313  1028.4366  1028.4356     4.5757     0.1161     0.1297    34.0064    34.0052    8.39736         25 0.0000e+00
    224.000    221.564    -1.5210  27.124414    -1.5205  27.123482     6.2758     6.4830     0.2910    96.3751 1.0000e-12  -74.02970 -111.55926  43.629259      99.95 1.5202e+03    514.001      12337  1028.4419  1028.4404     4.5719     0.1227     0.1265    34.0068    34.0049    8.39797         24 0.0000e+00
    225.000    222.551    -1.5070  27.137628    -1.5057  27.137444     6.2798     6.4789     0.2211    96.6165 1.0000e-12  -74.02970 -111.55926  43.629271      99.95 1.5625e+03    515.019      12361  1028.4473  1028.4458     4.5834     0.1285     0.1297    34.0085    34.0067    8.39472         24 0.0000e+00
    226.000    223.540    -1.5082  27.136760    -1.5088  27.135195     6.2717     6.4662     0.3597    96.6661 1.0000e-12  -74.02970 -111.55926  43.629283      99.95 1.6270e+03    516.016      12385  1028.4518  1028.4507     4.5857     0.1046     0.1276    34.0080    34.0065    8.39500         24 0.0000e+00
    227.000    224.529    -1.5070  27.138404    -1.5071  27.137001     6.2634     6.4652     0.2693    96.4466 1.0000e-12  -74.02970 -111.55926  43.629294      95.50 1.6695e+03    517.006      12409  1028.4569  1028.4554     4.5753     0.0955     0.1263    34.0082    34.0064    8.39471         24 0.0000e+00
    228.000    225.518    -1.5022  27.143345    -1.5010  27.143140     6.2830     6.4785     0.2521    96.5063 1.0000e-12  -74.02970 -111.55926  43.629306      99.94 1.6898e+03    518.018      12433  1028.4620  1028.4606     4.5781     0.0972     0.1257    34.0090    34.0073    8.39359         24 0.0000e+00
    229.000    226.506    -1.5025  27.143007    -1.5058  27.138997     6.3109     6.5043     0.2393    96.6698 1.0000e-12  -74.02970 -111.55926  43.629318      99.95 1.7111e+03    519.035      12458  1028.4663  1028.4651     4.5859     0.1132     0.1266    34.0083    34.0065    8.39371         24 0.0000e+00
    230.000    227.495    -1.5227  27.125042    -1.5223  27.124568     6.2958     6.4998     0.3145    96.7617 1.0000e-12  -74.02970 -111.55926  43.629329      99.95 1.7306e+03    520.031      12482  1028.4705  1028.4696     4.5902     0.1106     0.1289    34.0059    34.0047    8.39842         24 0.0000e+00
    231.000    228.483    -1.5239  27.124643    -1.5204  27.126444     6.2821     6.4681     0.2567    96.7263 1.0000e-12  -74.02970 -111.55926  43.629341      99.95 1.7385e+03    521.026      12506  1028.4755  1028.4741     4.5886     0.1177     0.1294    34.0060    34.0046    8.39866         24 0.0000e+00
    232.000    229.472    -1.5184  27.130551    -1.5106  27.136282     6.2489     6.4432     0.2143    96.7599 1.0000e-12  -74.02970 -111.55926  43.629352      99.95 1.7326e+03    522.026      12530  1028.4809  1028.4796     4.5902     0.1042     0.1330    34.0072    34.0063    8.39734         24 0.0000e+00
    233.000    230.460    -1.4894  27.156962    -1.4831  27.161288     6.2258     6.4202     0.2814    96.6659 1.0000e-12  -74.02970 -111.55926  43.629364      99.95 1.7150e+03    523.026      12554  1028.4862  1028.4849     4.5856     0.1253     0.1270    34.0101    34.0089    8.39064         24 0.0000e+00
    234.000    231.449    -1.4860  27.160331    -1.4845  27.160810     6.2092     6.4154     0.3071    96.3894 1.0000e-12  -74.02970 -111.55924  43.629375      99.95 1.7095e+03    524.025      12578  1028.4910  1028.4901     4.5726     0.1028     0.1274    34.0103    34.0092    8.38987         24 0.0000e+00
    235.000    232.436    -1.4821  27.165078    -1.4827  27.163062     6.2051     6.4112     0.2111    96.5676 1.0000e-12  -74.02970 -111.55924  43.629387      99.95 1.6847e+03    525.021      12601  1028.4967  1028.4952     4.5811     0.1043     0.1313    34.0117    34.0096    8.38889         24 0.0000e+00
    236.000    233.427    -1.4791  27.167419    -1.4811  27.164866     6.1958     6.3941     0.1358    96.7590 1.0000e-12  -74.02970 -111.55924  43.629398      99.95 1.6356e+03    526.012      12625  1028.5008  1028.5001     4.5901     0.0953     0.1256    34.0109    34.0097    8.38826         24 0.0000e+00
    237.000    234.414    -1.4837  27.164661    -1.4800  27.166509     6.1672     6.3690     0.1034    96.7254 1.0000e-12  -74.02970 -111.55924  43.629410      99.95 1.6311e+03    527.020      12649  1028.5067  1028.5051     4.5885     0.0938     0.1260    34.0117    34.0101    8.38925         24 0.0000e+00
    238.000    235.403    -1.4611  27.184921    -1.4568  27.187072     6.1480     6.3425     0.2227    96.8637 1.0000e-12  -74.02970 -111.55924  43.629422      99.95 1.6708e+03    528.036      12674  1028.5115  1028.5096     4.5951     0.0955     0.1272    34.0133    34.0113    8.38408         24 0.0000e+00
    239.000    236.394    -1.4455  27.199446    -1.4466  27.196994     6.1212     6.3183     0.1187    96.8660 1.0000e-12  -74.02970 -111.55926  43.629433      98.18 1.7036e+03    529.033      12698  1028.5166  1028.5150     4.5952     0.0928     0.1248    34.0149    34.0128    8.38046         24 0.0000e+00
    240.000    237.379    -1.4306  27.215030    -1.4279  27.215554     6.1145     6.3144     0.1033    96.8983 1.0000e-12  -74.02970 -111.55924  43.629445      87.96 1.7163e+03    530.026      12722  1028.5238  1028.5218     4.5967     0.0870     0.1239    34.0188    34.0165    8.37687         24 0.0000e+00
    241.000    238.368    -1.4214  27.224742    -1.4207  27.223935     6.1217     6.3073     0.1291    96.9046 1.0000e-12  -74.02970 -111.55926  43.629456      99.99 1.7184e+03    531.024      12746  1028.5300  1028.5285     4.5970     0.1067     0.1238    34.0211    34.0192    8.37467         24 0.0000e+00
    242.000    239.357    -1.4234  27.222478    -1.4221  27.222624     6.1029     6.3038     0.0797    96.9795 1.0000e-12  -74.02970 -111.55926  43.629468      99.95 1.7288e+03    532.019      12769  1028.5340  1028.5329     4.6006     0.1030     0.1250    34.0196    34.0183    8.37520         24 0.0000e+00
    243.000    240.346    -1.4227  27.223993    -1.4205  27.225084     6.1082     6.2996     0.0628    97.0582 1.0000e-12  -74.02970 -111.55926  43.629479      99.95 1.7395e+03    533.024      12794  1028.5395  1028.5386     4.6043     0.1055     0.1234    34.0204    34.0194    8.37502         24 0.0000e+00
    244.000    241.333    -1.4167  27.231501    -1.4141  27.232614     6.1140     6.3021     0.0718    97.0764 1.0000e-12  -74.02970 -111.55926  43.629491      99.95 1.7378e+03    534.035      12818  1028.5463  1028.5451     4.6051     0.0862     0.1216    34.0232    34.0218    8.37348         24 0.0000e+00
    245.000    242.323    -1.4127  27.236255    -1.4113  27.236315     6.1103     6.3028     0.0562    97.0036 1.0000e-12  -74.02970 -111.55926  43.629503      99.95 1.7365e+03    535.031      12842  1028.5522  1028.5509     4.6017     0.0793     0.1229    34.0246    34.0230    8.37251         24 0.0000e+00
    246.000    243.311    -1.4084  27.240915    -1.4073  27.240654     6.1087     6.3042     0.0533    97.1287 1.0000e-12  -74.02970 -111.55926  43.629514      99.95 1.7367e+03    536.021      12866  1028.5575  1028.5562     4.6076     0.0815     0.1219    34.0255    34.0238    8.37149         24 0.0000e+00
    247.000    244.298    -1.4084  27.241482    -1.4073  27.241281     6.1358     6.3170     0.0582    97.1169 1.0000e-12  -74.02970 -111.55926  43.629526      99.95 1.7324e+03    537.022      12890  1028.5626  1028.5614     4.6071     0.0808     0.1221    34.0256    34.0241    8.37148         24 0.0000e+00
    248.000    245.288    -1.4112  27.239958    -1.4100  27.239905     6.1822     6.3499     0.0505    97.0673 1.0000e-12  -74.02970 -111.55926  43.629537      99.95 1.7267e+03    538.026      12914  1028.5681  1028.5668     4.6047     0.0779     0.1230    34.0261    34.0247    8.37208         24 0.0000e+00
    249.000    246.277    -1.4253  27.229298    -1.4222  27.231025     6.2274     6.3964     0.0367    97.2258 1.0000e-12  -74.02970 -111.55926  43.629549      99.95 1.7193e+03    539.010      12937  1028.5745  1028.5734     4.6122     0.1210     0.1232    34.0268    34.0257    8.37520         24 0.0000e+00
    250.000    247.264    -1.4546  27.206061    -1.4540  27.206145     6.2663     6.4375     0.0365    97.2527 1.0000e-12  -74.02970 -111.55926  43.629560      99.95 1.7090e+03    540.001      12961  1028.5818  1028.5814     4.6135     0.0801     0.1233    34.0275    34.0270    8.38175         24 0.0000e+00
    251.000    248.253    -1.4711  27.193836    -1.4716  27.192838     6.2944     6.4599     0.0494    97.2658 1.0000e-12  -74.02970 -111.55926  43.629572      99.95 1.7109e+03    541.002      12985  1028.5887  1028.5881     4.6142     0.0828     0.1215    34.0288    34.0281    8.38539         24 0.0000e+00
    252.000    249.242    -1.4788  27.188315    -1.4767  27.189208     6.2977     6.4676     0.0575    97.3032 1.0000e-12  -74.02970 -111.55926  43.629583      99.95 1.7116e+03    542.010      13009  1028.5943  1028.5933     4.6159     0.0873     0.1216    34.0294    34.0283    8.38709         24 0.0000e+00
    253.000    250.230    -1.4834  27.187191    -1.4824  27.186921     6.2916     6.4666     0.0831    97.2929 1.0000e-12  -74.02970 -111.55926  43.629595      94.53 1.6933e+03    543.017      13033  1028.6018  1028.6005     4.6155     0.0894     0.1220    34.0325    34.0310    8.38796         24 0.0000e+00
    254.000    251.219    -1.4759  27.196685    -1.4744  27.196880     6.2789     6.4554     0.0905    97.2258 1.0000e-12  -74.02970 -111.55926  43.629607      99.91 1.7094e+03    544.014      13057  1028.6091  1028.6079     4.6123     0.1032     0.1247    34.0365    34.0350    8.38603         24 0.0000e+00
    255.000    252.207    -1.4719  27.201052    -1.4708  27.200977     6.2619     6.4522     0.1019    97.2704 1.0000e-12  -74.02970 -111.55926  43.629618      99.95 1.7324e+03    544.998      13081  1028.6142  1028.6131     4.6143     0.0921     0.1233    34.0373    34.0359    8.38508         24 0.0000e+00
    256.000    253.196    -1.4701  27.203438    -1.4689  27.203475     6.2641     6.4592     0.1277    97.2516 1.0000e-12  -74.02970 -111.55926  43.629630      99.95 1.7378e+03    545.994      13105  1028.6193  1028.6182     4.6135     0.0880     0.1229    34.0378    34.0366    8.38463         24 0.0000e+00
    257.000    254.185    -1.4698  27.204499    -1.4688  27.204473     6.2645     6.4575     0.1339    97.2447 1.0000e-12  -74.02970 -111.55926  43.629641      99.95 1.7383e+03    547.011      13129  1028.6244  1028.6234     4.6131     0.0880     0.1255    34.0384    34.0371    8.38454         24 0.0000e+00
    258.000    255.172    -1.4682  27.206901    -1.4672  27.206714     6.2518     6.4541     0.0998    97.2382 1.0000e-12  -74.02970 -111.55926  43.629653      99.95 1.7446e+03    548.011      13153  1028.6298  1028.6286     4.6128     0.0870     0.1240    34.0393    34.0379    8.38413         24 0.0000e+00
    259.000    256.160    -1.4642  27.211812    -1.4629  27.211658     6.2523     6.4400     0.0885    97.1460 1.0000e-12  -74.02970 -111.55926  43.629665      99.96 1.7278e+03    549.026      13178  1028.6356  1028.6342     4.6085     0.0868     0.1240    34.0408    34.0392    8.38312         25 0.0000e+00
