ocean_section_plots/required_files/ctd/dnbp2202_ctd030.cnv
* Sea-Bird SBE 9 Data File:
* FileName = D:\Data\raw\NBP2202_CTD030.hex
* Software Version Seasave V 7.26.7.121
* Temperature SN = 1649
* Conductivity SN = 2513
* Number of Bytes Per Scan = 40
* Number of Voltage Words = 5
* Number of Scans Averaged by the Deck Unit = 1
* NMEA Latitude = 74 13.50 S
* NMEA Longitude = 112 04.99 W
* NMEA UTC (Time) = Jan 21 2022  11:33:09
* NMEA baud rate = 9600
** Ship: RVIB N.B. Palmer
** Cruise: NBP2202 Thwaites
** Station: 17
** Operator: B. Bjork
# nquan = 25
# nvalues = 829                         
# units = specified
# name 0 = prDM: Pressure, Digiquartz [db]
# name 1 = depSM: Depth [salt water, m]
# name 2 = t090C: Temperature [ITS-90, deg C]
# name 3 = c0mS/cm: Conductivity [mS/cm]
# name 4 = t190C: Temperature, 2 [ITS-90, deg C]
# name 5 = c1mS/cm: Conductivity, 2 [mS/cm]
# name 6 = sbeox0ML/L: Oxygen, SBE 43 [ml/l]
# name 7 = sbeox1ML/L: Oxygen, SBE 43, 2 [ml/l]
# name 8 = flECO-AFL: Fluorescence, WET Labs ECO-AFL/FL [mg/m^3]
# name 9 = CStarTr0: Beam Transmission, WET Labs C-Star [%]
# name 10 = par: PAR/Irradiance, Biospherical/Licor
# name 11 = latitude: Latitude [deg]
# name 12 = longitude: Longitude [deg]
# name 13 = timeJ: Julian Days
# name 14 = altM: Altimeter [m]
# name 15 = spar: SPAR, Biospherical/Licor
# name 16 = timeS: Time, Elapsed [seconds]
# name 17 = scan: Scan Count
# name 18 = density00: Density [density, kg/m^3]
# name 19 = density11: Density, 2 [density, kg/m^3]
# name 20 = sal00: Salinity, Practical [PSU]
# name 21 = sal11: Salinity, Practical, 2 [PSU]
# name 22 = oxsolML/L: Oxygen Saturation, Garcia & Gordon [ml/l]
# name 23 = nbin: number of scans per bin
# name 24 = flag: flag
# span 0 =      2.000,    830.000       
# span 1 =      1.977,    819.770       
# span 2 =    -1.5151,     0.4763       
# span 3 =  27.074812,  29.471320       
# span 4 =    -1.5143,     0.4787       
# span 5 =  27.074678,  29.471212       
# span 6 =     4.5994,     7.9227       
# span 7 =     4.8263,     8.1416       
# span 8 =    -0.0201,    16.4592       
# span 9 =    76.8031,    97.4027       
# span 10 = 1.0000e-12, 7.6945e+01      
# span 11 =  -74.22504,  -74.22504      
# span 12 = -112.08322, -112.08318      
# span 13 =  21.484151,  21.496281      
# span 14 =       7.27,     100.04      
# span 15 = 1.2023e+03, 1.2746e+03      
# span 16 =    241.618,   1289.691      
# span 17 =       5800,      30954      
# span 18 =  1027.1948,  1031.6199      
# span 19 =  1027.1967,  1031.6175      
# span 20 =    33.7955,    34.5419      
# span 21 =    33.7971,    34.5391      
# span 22 =    7.93708,    8.39921      
# span 23 =         21,         47      
# span 24 = 0.0000e+00, 0.0000e+00      
# interval = decibars: 1                
# start_time = Jan 21 2022 11:33:09 [NMEA time, header]
# bad_flag = -9.990e-29
*END*
[from data line 406]
    408.000    403.378    -1.1354  27.642378    -1.1333  27.642189     6.0181     6.3388    -0.0102    97.3550 1.0000e-12  -74.22504 -112.08322  21.490425      99.89 1.2396e+03    783.702      18810  1029.4331  1029.4309    34.1655    34.1629    8.30231         31 0.0000e+00
    409.000    404.366    -1.1307  27.647174    -1.1291  27.646659     5.9941     6.3215    -0.0070    97.3496 1.0000e-12  -74.22504 -112.08322  21.490439      99.89 1.2394e+03    784.954      18840  1029.4381  1029.4359    34.1661    34.1635    8.30123         29 0.0000e+00
    410.000    405.354    -1.1180  27.660545    -1.1137  27.661492     5.9606     6.2808     0.0002    97.3325 1.0000e-12  -74.22504 -112.08322  21.490453      99.89 1.2394e+03    786.180      18869  1029.4445  1029.4414    34.1693    34.1657    8.29822         29 0.0000e+00
    411.000    406.341    -1.0884  27.689346    -1.0879  27.686987     5.9367     6.2634    -0.0037    97.3532 1.0000e-12  -74.22504 -112.08322  21.490467      99.89 1.2392e+03    787.379      18898  1029.4512  1029.4483    34.1743    34.1706    8.29137         29 0.0000e+00
    412.000    407.330    -1.0719  27.706086    -1.0713  27.703707     5.8987     6.2255    -0.0055    97.3545 1.0000e-12  -74.22504 -112.08322  21.490482      87.50 1.2385e+03    788.610      18928  1029.4578  1029.4547    34.1778    34.1739    8.28752         30 0.0000e+00
    413.000    408.317    -1.0593  27.718656    -1.0598  27.715663     5.8238     6.1539     0.0035    97.3459 1.0000e-12  -74.22504 -112.08322  21.490496      83.37 1.2385e+03    789.845      18957  1029.4638  1029.4610    34.1801    34.1766    8.28462         29 0.0000e+00
    414.000    409.306    -1.0053  27.773524    -1.0055  27.768163     5.7803     6.1069    -0.0063    97.3278 1.0000e-12  -74.22504 -112.08321  21.490510      99.90 1.2384e+03    791.068      18987  1029.4749  1029.4693    34.1929    34.1858    8.27196         30 0.0000e+00
    415.000    410.291    -0.9728  27.804814    -0.9711  27.803455     5.7530     6.0720    -0.0064    97.3059 1.0000e-12  -74.22504 -112.08322  21.490524      99.89 1.2383e+03    792.302      19016  1029.4818  1029.4787    34.1979    34.1942    8.26450         29 0.0000e+00
    416.000    411.280    -0.9639  27.814178    -0.9632  27.812007     5.7389     6.0560     0.0071    97.3349 1.0000e-12  -74.22504 -112.08321  21.490538      99.89 1.2376e+03    793.520      19045  1029.4880  1029.4850    34.1999    34.1963    8.26243         29 0.0000e+00
    417.000    412.268    -0.9458  27.832612    -0.9420  27.833045     5.7240     6.0373     0.0049    97.3158 1.0000e-12  -74.22504 -112.08321  21.490552      99.89 1.2382e+03    794.735      19075  1029.4950  1029.4917    34.2038    34.2001    8.25823         30 0.0000e+00
    418.000    413.254    -0.9302  27.847696    -0.9316  27.843870     5.7108     6.0209     0.0029    97.3176 1.0000e-12  -74.22504 -112.08321  21.490567      99.89 1.2388e+03    795.995      19105  1029.5009  1029.4981    34.2061    34.2025    8.25469         31 0.0000e+00
    419.000    414.243    -0.9221  27.856008    -0.9197  27.855333     5.6949     6.0053    -0.0014    97.3141 1.0000e-12  -74.22504 -112.08320  21.490581      99.89 1.2393e+03    797.240      19135  1029.5066  1029.5035    34.2075    34.2039    8.25281         29 0.0000e+00
    420.000    415.231    -0.9069  27.870189    -0.9050  27.869639     5.6942     5.9959     0.0021    97.2912 1.0000e-12  -74.22504 -112.08320  21.490595      99.89 1.2393e+03    798.443      19164  1029.5118  1029.5093    34.2089    34.2061    8.24940         29 0.0000e+00
    421.000    416.218    -0.9009  27.876626    -0.8984  27.876422     5.6811     5.9785     0.0081    97.2765 1.0000e-12  -74.22504 -112.08320  21.490610      99.89 1.2393e+03    799.676      19193  1029.5176  1029.5149    34.2103    34.2072    8.24801         30 0.0000e+00
    422.000    417.205    -0.8959  27.881927    -0.8910  27.883885     5.6556     5.9567     0.0072    97.2798 1.0000e-12  -74.22504 -112.08320  21.490624      99.89 1.2393e+03    800.932      19223  1029.5230  1029.5203    34.2112    34.2083    8.24686         30 0.0000e+00
    423.000    418.194    -0.8881  27.889510    -0.8860  27.889145     5.6467     5.9524     0.0001    97.2679 1.0000e-12  -74.22504 -112.08320  21.490638      90.39 1.2395e+03    802.144      19252  1029.5282  1029.5257    34.2121    34.2092    8.24511         28 0.0000e+00
    424.000    419.182    -0.8851  27.892770    -0.8835  27.891963     5.6206     5.9230     0.0080    97.2530 1.0000e-12  -74.22504 -112.08320  21.490652      91.64 1.2397e+03    803.367      19282  1029.5333  1029.5308    34.2124    34.2095    8.24442         30 0.0000e+00
    425.000    420.168    -0.8821  27.896240    -0.8799  27.895739     5.5898     5.8966     0.0101    97.2186 1.0000e-12  -74.22504 -112.08320  21.490666     100.04 1.2394e+03    804.582      19311  1029.5387  1029.5360    34.2131    34.2100    8.24372         28 0.0000e+00
    426.000    421.157    -0.8649  27.913502    -0.8628  27.912315     5.5660     5.8777     0.0116    97.1555 1.0000e-12  -74.22504 -112.08320  21.490680      99.88 1.2401e+03    805.768      19339  1029.5450  1029.5417    34.2165    34.2125    8.23977         30 0.0000e+00
    427.000    422.143    -0.8396  27.937825    -0.8381  27.936354     5.5047     5.8154     0.0110    97.2562 1.0000e-12  -74.22504 -112.08320  21.490694      99.89 1.2403e+03    806.988      19369  1029.5510  1029.5479    34.2201    34.2164    8.23402         29 0.0000e+00
    428.000    423.133    -0.8036  27.974297    -0.7984  27.973848     5.4169     5.7176     0.0106    97.2712 1.0000e-12  -74.22504 -112.08320  21.490709      99.89 1.2424e+03    808.230      19399  1029.5596  1029.5541    34.2281    34.2217    8.22570         30 0.0000e+00
    429.000    424.119    -0.7323  28.042235    -0.7288  28.041188     5.3593     5.6604     0.0122    97.2698 1.0000e-12  -74.22504 -112.08320  21.490723      99.89 1.2413e+03    809.435      19427  1029.5676  1029.5631    34.2387    34.2334    8.20956         28 0.0000e+00
    430.000    425.107    -0.6844  28.087886    -0.6792  28.088364     5.3082     5.6122     0.0146    97.1902 1.0000e-12  -74.22504 -112.08319  21.490737      99.89 1.2418e+03    810.651      19457  1029.5747  1029.5702    34.2456    34.2403    8.19876         30 0.0000e+00
    431.000    426.094    -0.6582  28.112969    -0.6568  28.110812     5.2495     5.5480     0.0148    97.1957 1.0000e-12  -74.22504 -112.08319  21.490751      99.89 1.2414e+03    811.897      19487  1029.5810  1029.5774    34.2491    34.2446    8.19287         30 0.0000e+00
    432.000    427.083    -0.5914  28.178013    -0.5884  28.174602     5.1958     5.4905     0.0224    97.2411 1.0000e-12  -74.22504 -112.08318  21.490765      99.89 1.2409e+03    813.101      19515  1029.5903  1029.5837    34.2607    34.2527    8.17777         28 0.0000e+00
    433.000    428.069    -0.5311  28.234320    -0.5302  28.231540     5.1735     5.4575     0.0116    97.2318 1.0000e-12  -74.22504 -112.08320  21.490779      99.89 1.2417e+03    814.305      19544  1029.5966  1029.5928    34.2677    34.2630    8.16435         30 0.0000e+00
    434.000    429.057    -0.4986  28.266625    -0.4906  28.269519     5.1673     5.4510     0.0163    97.2403 1.0000e-12  -74.22504 -112.08318  21.490793      96.85 1.2412e+03    815.535      19574  1029.6045  1029.5998    34.2738    34.2687    8.15700         29 0.0000e+00
    435.000    430.045    -0.4887  28.275374    -0.4869  28.274739     5.1579     5.4381     0.0164    97.1986 1.0000e-12  -74.22504 -112.08318  21.490807      95.64 1.2407e+03    816.739      19603  1029.6095  1029.6071    34.2738    34.2709    8.15488         28 0.0000e+00
    436.000    431.032    -0.4661  28.299073    -0.4673  28.293506     5.1525     5.4274     0.0153    97.1596 1.0000e-12  -74.22504 -112.08318  21.490821      99.90 1.2416e+03    817.940      19632  1029.6177  1029.6130    34.2794    34.2734    8.14969         30 0.0000e+00
    437.000    432.019    -0.4533  28.310976    -0.4512  28.309757     5.1587     5.4304     0.0261    97.1789 1.0000e-12  -74.22504 -112.08318  21.490835      99.89 1.2416e+03    819.160      19661  1029.6230  1029.6197    34.2804    34.2764    8.14690         29 0.0000e+00
    438.000    433.008    -0.4542  28.309919    -0.4528  28.308995     5.1645     5.4358     0.0305    97.1880 1.0000e-12  -74.22504 -112.08318  21.490849      99.88 1.2420e+03    820.365      19690  1029.6277  1029.6253    34.2794    34.2765    8.14715         28 0.0000e+00
    439.000    433.995    -0.4626  28.302183    -0.4575  28.304436     5.1677     5.4308     0.0216    97.1982 1.0000e-12  -74.22504 -112.08318  21.490863      99.89 1.2428e+03    821.561      19718  1029.6326  1029.6300    34.2779    34.2752    8.14904         30 0.0000e+00
    440.000    434.981    -0.4522  28.313390    -0.4521  28.309499     5.1673     5.4227     0.0192    97.2008 1.0000e-12  -74.22504 -112.08318  21.490877      99.88 1.2428e+03    822.796      19748  1029.6390  1029.6349    34.2805    34.2753    8.14664         30 0.0000e+00
    441.000    435.971    -0.4368  28.328520    -0.4357  28.326247     5.1660     5.4243     0.0409    97.1808 1.0000e-12  -74.22504 -112.08318  21.490891      99.89 1.2428e+03    824.005      19777  1029.6448  1029.6414    34.2829    34.2786    8.14321         28 0.0000e+00
    442.000    436.958    -0.4337  28.331823    -0.4314  28.331275     5.1606     5.4242     0.0056    97.1703 1.0000e-12  -74.22504 -112.08318  21.490905      99.89 1.2427e+03    825.194      19806  1029.6500  1029.6472    34.2833    34.2799    8.14254         29 0.0000e+00
    443.000    437.945    -0.4351  28.330819    -0.4326  28.330426     5.1621     5.4287     0.0198    97.1622 1.0000e-12  -74.22504 -112.08320  21.490919      99.89 1.2420e+03    826.414      19835  1029.6550  1029.6521    34.2829    34.2796    8.14286         29 0.0000e+00
    444.000    438.932    -0.4338  28.332688    -0.4338  28.330225     5.1683     5.4264     0.0203    97.1837 1.0000e-12  -74.22504 -112.08319  21.490933      99.89 1.2413e+03    827.627      19864  1029.6603  1029.6576    34.2833    34.2800    8.14255         28 0.0000e+00
    445.000    439.921    -0.4367  28.330728    -0.4352  28.329299     5.1687     5.4306     0.0198    97.1736 1.0000e-12  -74.22504 -112.08319  21.490947      83.18 1.2415e+03    828.802      19892  1029.6655  1029.6626    34.2833    34.2797    8.14316         29 0.0000e+00
    446.000    440.907    -0.4354  28.332401    -0.4350  28.329875     5.1657     5.4307     0.0163    97.1080 1.0000e-12  -74.22504 -112.08319  21.490961      96.03 1.2420e+03    830.001      19921  1029.6705  1029.6675    34.2835    34.2797    8.14288         29 0.0000e+00
    447.000    441.895    -0.4295  28.338177    -0.4311  28.333863     5.1682     5.4238     0.0140    97.1503 1.0000e-12  -74.22504 -112.08318  21.490974      99.89 1.2427e+03    831.189      19950  1029.6753  1029.6723    34.2840    34.2801    8.14159         28 0.0000e+00
    448.000    442.882    -0.4291  28.338961    -0.4267  28.338645     5.1680     5.4192     0.0179    97.1694 1.0000e-12  -74.22504 -112.08320  21.490988      99.89 1.2424e+03    832.350      19977  1029.6802  1029.6775    34.2840    34.2809    8.14150         28 0.0000e+00
    449.000    443.870    -0.4274  28.341316    -0.4252  28.340595     5.1708     5.4306     0.0261    97.1640 1.0000e-12  -74.22504 -112.08319  21.491002      99.90 1.2419e+03    833.543      20006  1029.6855  1029.6826    34.2846    34.2813    8.14110         29 0.0000e+00
    450.000    444.859    -0.4272  28.342171    -0.4248  28.341899     5.1707     5.4315     0.3565    97.1569 1.0000e-12  -74.22504 -112.08319  21.491016      99.89 1.2415e+03    834.749      20035  1029.6906  1029.6880    34.2850    34.2819    8.14105         29 0.0000e+00
    451.000    445.845    -0.4270  28.342849    -0.4246  28.342530     5.1683     5.4307     0.0668    97.1676 1.0000e-12  -74.22504 -112.08318  21.491029      99.89 1.2408e+03    835.930      20063  1029.6955  1029.6929    34.2850    34.2820    8.14099         28 0.0000e+00
    452.000    446.833    -0.4289  28.341500    -0.4262  28.341437     5.1713     5.4330     0.0131    97.1631 1.0000e-12  -74.22504 -112.08318  21.491043      99.89 1.2424e+03    837.144      20092  1029.7002  1029.6976    34.2847    34.2817    8.14141         30 0.0000e+00
    453.000    447.822    -0.4309  28.340150    -0.4284  28.339860     5.1713     5.4334     0.0205    97.1803 1.0000e-12  -74.22504 -112.08318  21.491058      99.89 1.2422e+03    838.377      20122  1029.7052  1029.7025    34.2847    34.2815    8.14185         27 0.0000e+00
    454.000    448.808    -0.4319  28.339414    -0.4314  28.337413     5.1750     5.4366     0.0185    97.1897 1.0000e-12  -74.22504 -112.08318  21.491071      99.89 1.2425e+03    839.562      20150  1029.7097  1029.7071    34.2842    34.2809    8.14210         28 0.0000e+00
    455.000    449.796    -0.4317  28.340550    -0.4305  28.338913     5.1586     5.4192     0.0203    97.1745 1.0000e-12  -74.22504 -112.08318  21.491085      79.35 1.2431e+03    840.756      20179  1029.7149  1029.7121    34.2849    34.2813    8.14201         29 0.0000e+00
    456.000    450.783    -0.4301  28.342556    -0.4279  28.341752     5.1513     5.4178     0.0288    97.1556 1.0000e-12  -74.22504 -112.08318  21.491099      85.31 1.2425e+03    841.967      20208  1029.7198  1029.7168    34.2851    34.2816    8.14165         27 0.0000e+00
    457.000    451.770    -0.4155  28.356947    -0.4081  28.360961     5.1354     5.4316     0.0164    97.1133 1.0000e-12  -74.22504 -112.08318  21.491113      94.59 1.2412e+03    843.129      20236  1029.7252  1029.7222    34.2874    34.2845    8.13840         27 0.0000e+00
    458.000    452.758    -0.4163  28.356340    -0.4144  28.355748     5.0704     5.3645     0.0128    97.1415 1.0000e-12  -74.22504 -112.08318  21.491126      99.86 1.2421e+03    844.307      20264  1029.7297  1029.7272    34.2869    34.2839    8.13860         30 0.0000e+00
    459.000    453.744    -0.3663  28.406345    -0.3701  28.397771     5.0214     5.2790     0.0137    97.1474 1.0000e-12  -74.22504 -112.08318  21.491140      99.89 1.2428e+03    845.503      20293  1029.7381  1029.7327    34.2968    34.2897    8.12733         28 0.0000e+00
    460.000    454.732    -0.3072  28.461310    -0.3062  28.458591     4.9905     5.2717     0.0143    97.1574 1.0000e-12  -74.22504 -112.08318  21.491154      99.89 1.2423e+03    846.666      20321  1029.7431  1029.7392    34.3031    34.2984    8.11435         27 0.0000e+00
    461.000    455.720    -0.2930  28.474988    -0.2905  28.474307     4.9471     5.2150     0.0143    97.1498 1.0000e-12  -74.22504 -112.08318  21.491167      99.89 1.2428e+03    847.833      20349  1029.7484  1029.7452    34.3048    34.3011    8.11123         29 0.0000e+00
    462.000    456.708    -0.2527  28.515981    -0.2481  28.514629     4.9067     5.1712     0.0143    97.1498 1.0000e-12  -74.22504 -112.08318  21.491181      99.90 1.2435e+03    849.040      20378  1029.7570  1029.7511    34.3136    34.3066    8.10217         29 0.0000e+00
    463.000    457.695    -0.1938  28.571441    -0.1917  28.569915     4.8985     5.1572     0.0195    97.1604 1.0000e-12  -74.22504 -112.08318  21.491195      99.89 1.2428e+03    850.235      20407  1029.7629  1029.7593    34.3206    34.3163    8.08925         28 0.0000e+00
    464.000    458.682    -0.1883  28.577234    -0.1851  28.577133     4.8975     5.1519     0.0279    97.1826 1.0000e-12  -74.22504 -112.08318  21.491208      99.88 1.2428e+03    851.406      20435  1029.7685  1029.7653    34.3216    34.3179    8.08804         28 0.0000e+00
