ocean_section_plots/required_files/ctd/dnbp2202_ctd109.cnv
* Sea-Bird SBE 9 Data File:
* FileName = D:\Data\raw\NBP2202_CTD109.hex
* Software Version Seasave V 7.26.7.121
* Temperature SN = 1649
* Conductivity SN = 2513
* Number of Bytes Per Scan = 40
* Number of Voltage Words = 5
* Number of Scans Averaged by the Deck Unit = 1
* NMEA Latitude = 74 10.52 S
* NMEA Longitude = 113 20.65 W
* NMEA UTC (Time) = Jan 27 2022  06:27:41
* NMEA baud rate = 9600
** Ship: RVIB N.B. Palmer
** Cruise: NBP2202 Thwaites
** Station: YoYo001
** Operator: B. Bjork
# nquan = 25
# nvalues = 607                         
# units = specified
# name 0 = prDM: Pressure, Digiquartz [db]
# name 1 = depSM: Depth [salt water, m]
# name 2 = t090C: Temperature [ITS-90, deg C]
# name 3 = c0mS/cm: Conductivity [mS/cm]
# name 4 = t190C: Temperature, 2 [ITS-90, deg C]
# name 5 = c1mS/cm: Conductivity, 2 [mS/cm]
# name 6 = sbeox0ML/L: Oxygen, SBE 43 [ml/l]
# name 7 = sbeox1ML/L: Oxygen, SBE 43, 2 [ml/l]
# name 8 = flECO-AFL: Fluorescence, WET Labs ECO-AFL/FL [mg/m^3]
# name 9 = CStarTr0: Beam Transmission, WET Labs C-Star [%]
# name 10 = par: PAR/Irradiance, Biospherical/Licor
# name 11 = latitude: Latitude [deg]
# name 12 = longitude: Longitude [deg]
# name 13 = timeJ: Julian Days
# name 14 = altM: Altimeter [m]
# name 15 = spar: SPAR, Biospherical/Licor
# name 16 = timeS: Time, Elapsed [seconds]
# name 17 = scan: Scan Count
# name 18 = density00: Density [density, kg/m^3]
# name 19 = density11: Density, 2 [density, kg/m^3]
# name 20 = sal00: Salinity, Practical [PSU]
# name 21 = sal11: Salinity, Practical, 2 [PSU]
# name 22 = oxsolML/L: Oxygen Saturation, Garcia & Gordon [ml/l]
# name 23 = nbin: number of scans per bin
# name 24 = flag: flag
# span 0 =     10.000,    616.000       
# span 1 =      9.896,    608.719       
# span 2 =    -1.4676,     0.1260       
# span 3 =  26.969472,  28.962778       
# span 4 =    -1.4665,     0.1283       
# span 5 =  26.969251,  28.962835       
# span 6 =     4.6818,     8.6176       
# span 7 =     4.7444,     8.4550       
# span 8 =    -0.0224,    27.2310       
# span 9 =    69.7247,    95.6317       
# span 10 = 1.0000e-12, 1.2924e+00      
# span 11 =  -74.17536,  -74.17536      
# span 12 = -113.34426, -113.34422      
# span 13 =  27.269658,  27.277900      
# span 14 =       8.46,     100.88      
# span 15 = 6.8749e+01, 7.4041e+01      
# span 16 =     37.447,    749.536      
# span 17 =        900,      17990      
# span 18 =  1027.2190,  1030.5233      
# span 19 =  1027.2149,  1030.5211      
# span 20 =    33.7916,    34.3908      
# span 21 =    33.7861,    34.3883      
# span 22 =    8.01802,    8.39695      
# span 23 =         16,         56      
# span 24 = 0.0000e+00, 0.0000e+00      
# interval = decibars: 1                
# start_time = Jan 27 2022 06:27:41 [NMEA time, header]
# bad_flag = -9.990e-29
*END*
[from data line 522]
    532.000    525.819    -0.0017  28.789407     0.0002  28.789134     4.7302     4.7952    -0.0055    94.9353 1.0000e-12  -74.17536 -113.34424  27.276448      94.22 6.9135e+01    624.075      14979  1030.1064  1030.1042    34.3535    34.3510    8.04686         23 0.0000e+00
    533.000    526.806    -0.0018  28.789743     0.0002  28.789506     4.7286     4.7904    -0.0074    94.9595 1.0000e-12  -74.17536 -113.34422  27.276459      93.55 6.9267e+01    625.067      15003  1030.1112  1030.1090    34.3534    34.3509    8.04688         24 0.0000e+00
    534.000    527.792    -0.0013  28.791167     0.0009  28.790899     4.7243     4.7891    -0.0053    94.9818 1.0000e-12  -74.17536 -113.34424  27.276471      92.28 6.9047e+01    626.059      15026  1030.1165  1030.1141    34.3542    34.3514    8.04674         24 0.0000e+00
    535.000    528.780     0.0077  28.802711     0.0098  28.802383     4.7219     4.7873    -0.0188    94.9755 1.0000e-12  -74.17536 -113.34424  27.276482      91.34 6.9264e+01    627.051      15050  1030.1241  1030.1217    34.3588    34.3560    8.04459         24 0.0000e+00
    536.000    529.766     0.0124  28.808625     0.0148  28.808712     4.7194     4.7914    -0.0166    94.9609 1.0000e-12  -74.17536 -113.34424  27.276494      90.10 6.9597e+01    628.047      15074  1030.1300  1030.1278    34.3607    34.3582    8.04349         23 0.0000e+00
    537.000    530.754     0.0155  28.812854     0.0177  28.812518     4.7237     4.7912    -0.0017    94.9757 1.0000e-12  -74.17536 -113.34424  27.276505      89.10 6.8962e+01    629.037      15098  1030.1357  1030.1333    34.3622    34.3594    8.04275         24 0.0000e+00
    538.000    531.742     0.0178  28.815846     0.0198  28.815467     4.7211     4.7868    -0.0095    94.9690 1.0000e-12  -74.17536 -113.34424  27.276516      88.30 6.9119e+01    630.017      15121  1030.1410  1030.1386    34.3631    34.3603    8.04223         24 0.0000e+00
    539.000    532.728     0.0206  28.819523     0.0226  28.819050     4.7281     4.7856    -0.0101    94.9912 1.0000e-12  -74.17536 -113.34424  27.276528      87.14 6.9264e+01    631.005      15145  1030.1464  1030.1439    34.3642    34.3613    8.04158         24 0.0000e+00
    540.000    533.715     0.0239  28.823629     0.0259  28.823117     4.7242     4.7836    -0.0137    94.9722 1.0000e-12  -74.17536 -113.34424  27.276539      86.17 6.9135e+01    631.998      15169  1030.1518  1030.1493    34.3654    34.3624    8.04082         23 0.0000e+00
    541.000    534.702     0.0257  28.825832     0.0277  28.825542     4.7281     4.7858    -0.0138    94.9548 1.0000e-12  -74.17536 -113.34424  27.276551      85.19 6.9418e+01    632.997      15193  1030.1566  1030.1544    34.3656    34.3630    8.04042         24 0.0000e+00
    542.000    535.689     0.0263  28.826962     0.0285  28.826824     4.7256     4.7869    -0.0089    94.9435 1.0000e-12  -74.17536 -113.34424  27.276562      84.07 6.9527e+01    633.998      15217  1030.1616  1030.1593    34.3658    34.3632    8.04028         25 0.0000e+00
    543.000    536.676     0.0269  28.828096     0.0290  28.827865     4.7276     4.7832    -0.0102    94.9353 1.0000e-12  -74.17536 -113.34424  27.276574      83.20 6.9065e+01    634.985      15241  1030.1665  1030.1642    34.3661    34.3634    8.04014         23 0.0000e+00
    544.000    537.663     0.0279  28.829652     0.0301  28.829481     4.7261     4.7796    -0.0106    94.9374 1.0000e-12  -74.17536 -113.34424  27.276585      82.08 6.9059e+01    635.964      15264  1030.1715  1030.1691    34.3665    34.3637    8.03991         23 0.0000e+00
    545.000    538.650     0.0287  28.830790     0.0306  28.830412     4.7242     4.7814    -0.0089    94.9465 1.0000e-12  -74.17536 -113.34424  27.276597      81.10 6.9786e+01    636.945      15288  1030.1762  1030.1739    34.3665    34.3639    8.03975         24 0.0000e+00
    546.000    539.638     0.0297  28.832469     0.0319  28.832332     4.7228     4.7841    -0.0101    94.9326 1.0000e-12  -74.17536 -113.34424  27.276608      80.16 6.8901e+01    637.935      15311  1030.1813  1030.1789    34.3670    34.3643    8.03951         24 0.0000e+00
    547.000    540.625     0.0316  28.834875     0.0337  28.834672     4.7193     4.7849    -0.0011    94.9634 1.0000e-12  -74.17536 -113.34424  27.276620      79.07 6.8972e+01    638.930      15335  1030.1862  1030.1839    34.3674    34.3648    8.03908         24 0.0000e+00
    548.000    541.611     0.0322  28.836053     0.0341  28.835635     4.7193     4.7857    -0.0167    94.9445 1.0000e-12  -74.17536 -113.34424  27.276631      77.98 6.9772e+01    639.928      15359  1030.1911  1030.1889    34.3677    34.3650    8.03893         24 0.0000e+00
    549.000    542.599     0.0328  28.837039     0.0349  28.836840     4.7219     4.7826    -0.0176    94.9352 1.0000e-12  -74.17536 -113.34424  27.276643      77.13 6.9059e+01    640.916      15383  1030.1958  1030.1936    34.3678    34.3652    8.03881         23 0.0000e+00
    550.000    543.585     0.0324  28.836930     0.0344  28.836715     4.7175     4.7818    -0.0165    94.9176 1.0000e-12  -74.17536 -113.34424  27.276654      76.15 6.9192e+01    641.890      15406  1030.2005  1030.1983    34.3676    34.3650    8.03892         24 0.0000e+00
    551.000    544.573     0.0330  28.838246     0.0357  28.838546     4.7179     4.7781    -0.0176    94.9195 1.0000e-12  -74.17536 -113.34424  27.276665      74.87 6.9593e+01    642.869      15430  1030.2055  1030.2032    34.3679    34.3654    8.03875         23 0.0000e+00
    552.000    545.560     0.0349  28.840546     0.0374  28.840809     4.7159     4.7816    -0.0128    94.9316 1.0000e-12  -74.17536 -113.34424  27.276677      73.98 6.9264e+01    643.862      15454  1030.2104  1030.2082    34.3683    34.3659    8.03835         24 0.0000e+00
    553.000    546.547     0.0368  28.842985     0.0387  28.842627     4.7152     4.7817    -0.0129    94.9304 1.0000e-12  -74.17536 -113.34424  27.276688      72.82 6.8971e+01    644.858      15478  1030.2153  1030.2131    34.3688    34.3663    8.03791         24 0.0000e+00
    554.000    547.534     0.0362  28.842824     0.0382  28.842467     4.7218     4.7815    -0.0144    94.9455 1.0000e-12  -74.17536 -113.34424  27.276700      71.96 6.9120e+01    645.861      15502  1030.2200  1030.2177    34.3687    34.3660    8.03804         24 0.0000e+00
    555.000    548.519     0.0370  28.844102     0.0392  28.844059     4.7165     4.7785    -0.0092    94.9207 1.0000e-12  -74.17536 -113.34424  27.276711      70.98 6.9930e+01    646.857      15526  1030.2248  1030.2227    34.3689    34.3664    8.03786         24 0.0000e+00
    556.000    549.508     0.0378  28.845284     0.0397  28.845039     4.7205     4.7736    -0.0101    94.9165 1.0000e-12  -74.17536 -113.34424  27.276723      69.90 6.9053e+01    647.846      15549  1030.2296  1030.2275    34.3690    34.3666    8.03770         24 0.0000e+00
    557.000    550.493     0.0386  28.846611     0.0410  28.846769     4.7197     4.7750    -0.0096    94.9150 1.0000e-12  -74.17536 -113.34424  27.276734      69.00 6.8982e+01    648.830      15573  1030.2344  1030.2323    34.3692    34.3668    8.03751         23 0.0000e+00
    558.000    551.484     0.0400  28.848577     0.0422  28.848523     4.7190     4.7770    -0.0169    94.9348 1.0000e-12  -74.17536 -113.34424  27.276746      67.99 6.9490e+01    649.819      15597  1030.2394  1030.2372    34.3697    34.3671    8.03719         24 0.0000e+00
    559.000    552.468     0.0408  28.849945     0.0429  28.849728     4.7177     4.7776    -0.0029    94.9155 1.0000e-12  -74.17536 -113.34424  27.276757      67.05 6.9195e+01    650.805      15620  1030.2443  1030.2421    34.3700    34.3674    8.03701         24 0.0000e+00
    560.000    553.455     0.0411  28.850674     0.0433  28.850599     4.7195     4.7796    -0.0130    94.9028 1.0000e-12  -74.17536 -113.34424  27.276768      65.85 6.9136e+01    651.785      15644  1030.2490  1030.2468    34.3700    34.3675    8.03694         23 0.0000e+00
    561.000    554.442     0.0415  28.851443     0.0436  28.851356     4.7165     4.7797    -0.0132    94.9228 1.0000e-12  -74.17536 -113.34424  27.276780      64.84 6.9779e+01    652.769      15667  1030.2538  1030.2516    34.3700    34.3675    8.03686         24 0.0000e+00
    562.000    555.429     0.0415  28.852147     0.0434  28.851653     4.7171     4.7781    -0.0147    94.9208 1.0000e-12  -74.17536 -113.34424  27.276791      63.90 6.9058e+01    653.755      15691  1030.2587  1030.2564    34.3704    34.3676    8.03684         24 0.0000e+00
    563.000    556.418     0.0447  28.855925     0.0458  28.854497     4.7145     4.7754    -0.0096    94.9206 1.0000e-12  -74.17536 -113.34424  27.276803      62.85 6.9135e+01    654.744      15715  1030.2638  1030.2613    34.3711    34.3681    8.03612         23 0.0000e+00
    564.000    557.402     0.0473  28.859375     0.0486  28.858159     4.7125     4.7763    -0.0046    94.9414 1.0000e-12  -74.17536 -113.34424  27.276814      61.90 6.9566e+01    655.743      15739  1030.2691  1030.2666    34.3722    34.3691    8.03551         24 0.0000e+00
    565.000    558.392     0.0506  28.863240     0.0526  28.862778     4.7134     4.7712    -0.0096    94.9281 1.0000e-12  -74.17536 -113.34424  27.276826      60.87 6.9116e+01    656.737      15763  1030.2742  1030.2719    34.3730    34.3703    8.03478         24 0.0000e+00
    566.000    559.377     0.0520  28.865120     0.0542  28.864872     4.7093     4.7763    -0.0098    94.9218 1.0000e-12  -74.17536 -113.34424  27.276837      59.71 6.9193e+01    657.726      15786  1030.2791  1030.2768    34.3734    34.3707    8.03447         24 0.0000e+00
    567.000    560.365     0.0527  28.866151     0.0544  28.865575     4.7148     4.7782    -0.0173    94.9487 1.0000e-12  -74.17536 -113.34424  27.276849      58.67 6.9674e+01    658.713      15810  1030.2838  1030.2815    34.3733    34.3707    8.03432         23 0.0000e+00
    568.000    561.351     0.0537  28.867594     0.0557  28.867367     4.7170     4.7777    -0.0110    94.9356 1.0000e-12  -74.17536 -113.34424  27.276860      57.64 6.9039e+01    659.698      15834  1030.2886  1030.2864    34.3736    34.3710    8.03410         24 0.0000e+00
    569.000    562.339     0.0536  28.867895     0.0557  28.867786     4.7109     4.7751    -0.0165    94.9187 1.0000e-12  -74.17536 -113.34424  27.276871      56.79 6.8973e+01    660.683      15857  1030.2933  1030.2911    34.3735    34.3710    8.03412         24 0.0000e+00
    570.000    563.324     0.0551  28.869899     0.0567  28.869191     4.7066     4.7654    -0.0102    94.9451 1.0000e-12  -74.17536 -113.34424  27.276883      55.74 6.9699e+01    661.676      15881  1030.2982  1030.2959    34.3739    34.3712    8.03380         24 0.0000e+00
    571.000    564.312     0.0548  28.869952     0.0575  28.870428     4.7119     4.7713    -0.0107    94.9263 1.0000e-12  -74.17536 -113.34424  27.276894      54.60 6.8982e+01    662.674      15905  1030.3028  1030.3007    34.3737    34.3713    8.03386         24 0.0000e+00
    572.000    565.300     0.0552  28.870639     0.0565  28.869831     4.7126     4.7726    -0.0143    94.9377 1.0000e-12  -74.17536 -113.34424  27.276906      53.74 6.9044e+01    663.668      15929  1030.3074  1030.3054    34.3736    34.3711    8.03379         24 0.0000e+00
    573.000    566.285     0.0551  28.871310     0.0569  28.870755     4.7113     4.7702    -0.0188    94.9607 1.0000e-12  -74.17536 -113.34424  27.276917      52.55 6.9741e+01    664.657      15953  1030.3125  1030.3102    34.3740    34.3712    8.03378         23 0.0000e+00
    574.000    567.274     0.0597  28.876632     0.0611  28.875378     4.7107     4.7703    -0.0150    94.9385 1.0000e-12  -74.17536 -113.34424  27.276929      51.73 6.8903e+01    665.628      15976  1030.3178  1030.3152    34.3753    34.3721    8.03275         23 0.0000e+00
    575.000    568.260     0.0693  28.885999     0.0716  28.886131     4.7118     4.7629    -0.0102    94.9419 1.0000e-12  -74.17536 -113.34424  27.276940      50.70 6.8905e+01    666.596      15999  1030.3225  1030.3204    34.3764    34.3739    8.03069         23 0.0000e+00
    576.000    569.247     0.0665  28.883902     0.0691  28.884192     4.7101     4.7650    -0.0104    94.9541 1.0000e-12  -74.17536 -113.34424  27.276951      49.70 6.9493e+01    667.573      16023  1030.3274  1030.3251    34.3761    34.3736    8.03128         24 0.0000e+00
    577.000    570.234     0.0637  28.881232     0.0655  28.880985     4.7087     4.7691    -0.0083    94.9518 1.0000e-12  -74.17536 -113.34424  27.276962      48.70 6.9120e+01    668.561      16046  1030.3316  1030.3296    34.3752    34.3728    8.03193         24 0.0000e+00
    578.000    571.220     0.0614  28.879712     0.0647  28.880725     4.7058     4.7708    -0.0014    94.9784 1.0000e-12  -74.17536 -113.34424  27.276974      47.56 6.8974e+01    669.553      16070  1030.3365  1030.3343    34.3751    34.3727    8.03240         24 0.0000e+00
    579.000    572.208     0.0616  28.880468     0.0635  28.879995     4.7098     4.7711    -0.0082    94.9776 1.0000e-12  -74.17536 -113.34424  27.276985      46.67 6.9261e+01    670.544      16094  1030.3414  1030.3391    34.3753    34.3726    8.03236         24 0.0000e+00
    580.000    573.195     0.0640  28.883280     0.0645  28.881567     4.7043     4.7723    -0.0099    94.9800 1.0000e-12  -74.17536 -113.34424  27.276997      45.60 6.9289e+01    671.540      16118  1030.3462  1030.3439    34.3757    34.3729    8.03182         23 0.0000e+00
    581.000    574.183     0.0649  28.884626     0.0654  28.882785     4.6987     4.7687    -0.0095    94.9679 1.0000e-12  -74.17536 -113.34424  27.277008      44.60 6.8971e+01    672.526      16142  1030.3510  1030.3487    34.3759    34.3730    8.03163         24 0.0000e+00
    582.000    575.167     0.0710  28.891311     0.0741  28.891777     4.7000     4.7643    -0.0135    94.9818 1.0000e-12  -74.17536 -113.34424  27.277020      43.58 6.8826e+01    673.515      16165  1030.3562  1030.3538    34.3773    34.3745    8.03026         24 0.0000e+00
    583.000    576.156     0.0754  28.895935     0.0772  28.895384     4.6987     4.7593    -0.0129    94.9744 1.0000e-12  -74.17536 -113.34424  27.277032      42.55 6.9121e+01    674.526      16190  1030.3611  1030.3588    34.3779    34.3752    8.02931         24 0.0000e+00
    584.000    577.141     0.0762  28.897045     0.0778  28.896381     4.6958     4.7587    -0.0082    94.9714 1.0000e-12  -74.17536 -113.34424  27.277044      41.66 6.8749e+01    675.571      16215  1030.3658  1030.3635    34.3779    34.3753    8.02915         26 0.0000e+00
    585.000    578.129     0.0784  28.900027     0.0803  28.899220     4.6969     4.7628    -0.0101    94.9954 1.0000e-12  -74.17536 -113.34424  27.277056      40.52 6.8752e+01    676.669      16241  1030.3710  1030.3683    34.3788    34.3756    8.02864         27 0.0000e+00
    586.000    579.116     0.0885  28.910217     0.0910  28.910288     4.6971     4.7531    -0.0051    94.9964 1.0000e-12  -74.17536 -113.34424  27.277069      39.51 6.8752e+01    677.804      16268  1030.3761  1030.3737    34.3803    34.3776    8.02643         28 0.0000e+00
    587.000    580.103     0.0916  28.913798     0.0942  28.914032     4.6953     4.7554    -0.0056    95.0028 1.0000e-12  -74.17536 -113.34424  27.277083      38.47 6.8752e+01    678.963      16296  1030.3811  1030.3788    34.3810    34.3784    8.02575         28 0.0000e+00
    588.000    581.089     0.0916  28.914268     0.0933  28.913701     4.6943     4.7591    -0.0140    95.0107 1.0000e-12  -74.17536 -113.34424  27.277097      37.43 6.8752e+01    680.163      16325  1030.3859  1030.3837    34.3810    34.3784    8.02574         29 0.0000e+00
