ocean_section_plots/required_files/ctd/dnbp2202_ctd270.cnv
* Sea-Bird SBE 9 Data File:
* FileName = D:\Data\raw\NBP2202_CTD270.hex
* Software Version Seasave V 7.26.7.121
* Temperature SN = 1649
* Conductivity SN = 2513
* Number of Bytes Per Scan = 40
* Number of Voltage Words = 5
* Number of Scans Averaged by the Deck Unit = 1
* NMEA Latitude = 73 44.89 S
* NMEA Longitude = 116 50.02 W
* NMEA UTC (Time) = Feb 20 2022  18:26:33
* NMEA baud rate = 9600
** Ship: RVIB N.B. Palmer
** Cruise: NBP2202 Thwaites
** Station: 173
** Operator: A. Robinson
# nquan = 28
# nvalues = 751                         
# units = specified
# name 0 = prDM: Pressure, Digiquartz [db]
# name 1 = depSM: Depth [salt water, m]
# name 2 = t090C: Temperature [ITS-90, deg C]
# name 3 = c0mS/cm: Conductivity [mS/cm]
# name 4 = t190C: Temperature, 2 [ITS-90, deg C]
# name 5 = c1mS/cm: Conductivity, 2 [mS/cm]
# name 6 = sbeox0ML/L: Oxygen, SBE 43 [ml/l]
# name 7 = sbeox1ML/L: Oxygen, SBE 43, 2 [ml/l]
# name 8 = flECO-AFL: Fluorescence, WET Labs ECO-AFL/FL [mg/m^3]
# name 9 = CStarTr0: Beam Transmission, WET Labs C-Star [%]
# name 10 = par: PAR/Irradiance, Biospherical/Licor
# name 11 = latitude: Latitude [deg]
# name 12 = longitude: Longitude [deg]
# name 13 = timeJ: Julian Days
# name 14 = altM: Altimeter [m]
# name 15 = spar: SPAR, Biospherical/Licor
# name 16 = timeS: Time, Elapsed [seconds]
# name 17 = scan: Scan Count
# name 18 = density00: Density [density, kg/m^3]
# name 19 = density11: Density, 2 [density, kg/m^3]
# name 20 = v3: Voltage 3
# name 21 = v4: Voltage 4
# name 22 = v5: Voltage 5
# name 23 = sal00: Salinity, Practical [PSU]
# name 24 = sal11: Salinity, Practical, 2 [PSU]
# name 25 = oxsolML/L: Oxygen Saturation, Garcia & Gordon [ml/l]
# name 26 = nbin: number of scans per bin
# name 27 = flag: flag
# span 0 =      3.000,    753.000       
# span 1 =      2.966,    743.872       
# span 2 =    -1.7708,     0.4784       
# span 3 =  26.982125,  29.427040       
# span 4 =    -1.7700,     0.4810       
# span 5 =  26.982559,  29.427698       
# span 6 =     4.6326,     8.7484       
# span 7 =     4.7620,     9.0915       
# span 8 =     0.2003,    10.4225       
# span 9 =    87.6811,    97.9196       
# span 10 = 1.0000e-12, 1.3775e+02      
# span 11 =  -73.74828,  -73.74826      
# span 12 = -116.83372, -116.83368      
# span 13 =  51.770774,  51.780874      
# span 14 =       2.84,     100.18      
# span 15 = 3.0067e+02, 3.9749e+02      
# span 16 =    201.903,   1074.519      
# span 17 =       4847,      25789      
# span 18 =  1027.0936,  1031.2471      
# span 19 =  1027.0943,  1031.2453      
# span 20 =     4.1596,     4.6451      
# span 21 =     0.0957,     1.6432      
# span 22 =     0.1112,     0.2094      
# span 23 =    33.7250,    34.5259      
# span 24 =    33.7254,    34.5238      
# span 25 =    7.93753,    8.44939      
# span 26 =         20,         49      
# span 27 = 0.0000e+00, 0.0000e+00      
# interval = decibars: 1                
# start_time = Feb 20 2022 18:26:33 [NMEA time, header]
# bad_flag = -9.990e-29
*END*
[from data line 622]
    625.000    617.612     0.1193  29.011335     0.1216  29.011471     4.8428     4.9874     0.5110    96.9543 1.0000e-12  -73.74826 -116.83368  51.778969      84.48 3.8297e+02    909.963      21840  1030.6179  1030.6159     4.5994     0.1502     0.1221    34.4562    34.4538    8.01574         22 0.0000e+00
    626.000    618.600     0.1240  29.016096     0.1263  29.016606     4.8441     4.9778     0.6528    96.8409 1.0000e-12  -73.74826 -116.83368  51.778981      56.78 3.8154e+02    910.923      21863  1030.6227  1030.6209     4.5940     0.1589     0.1234    34.4567    34.4547    8.01474         24 0.0000e+00
    627.000    619.586     0.1261  29.018684     0.1282  29.018868     4.8412     4.9807     0.5419    96.9102 1.0000e-12  -73.74826 -116.83368  51.778993      93.12 3.8479e+02    912.004      21889  1030.6276  1030.6257     4.5973     0.1587     0.1242    34.4571    34.4549    8.01428         26 0.0000e+00
    628.000    620.573     0.1363  29.029410     0.1380  29.029005     4.8429     4.9741     0.4870    96.9139 1.0000e-12  -73.74826 -116.83368  51.779007      99.91 3.8337e+02    913.187      21917  1030.6331  1030.6311     4.5975     0.1458     0.1236    34.4592    34.4568    8.01203         28 0.0000e+00
    629.000    621.560     0.1426  29.036108     0.1449  29.036341     4.8356     4.9725     0.5394    96.9492 1.0000e-12  -73.74826 -116.83368  51.779020      99.92 3.8233e+02    914.355      21946  1030.6383  1030.6363     4.5991     0.1458     0.1211    34.4604    34.4582    8.01065         27 0.0000e+00
    630.000    622.546     0.1464  29.040116     0.1490  29.040896     4.8387     4.9667     0.5117    96.8182 1.0000e-12  -73.74826 -116.83368  51.779032      99.91 3.8397e+02    915.403      21971  1030.6431  1030.6413     4.5929     0.1570     0.1228    34.4608    34.4589    8.00983         23 0.0000e+00
    631.000    623.533     0.1486  29.042718     0.1508  29.043052     4.8361     4.9693     0.5548    96.9711 1.0000e-12  -73.74826 -116.83368  51.779043      99.92 3.8219e+02    916.303      21992  1030.6480  1030.6461     4.6001     0.1674     0.1226    34.4612    34.4591    8.00935         21 0.0000e+00
    632.000    624.519     0.1504  29.045077     0.1529  29.045630     4.8395     4.9648     0.5236    96.9014 1.0000e-12  -73.74826 -116.83368  51.779053      99.91 3.8283e+02    917.214      22014  1030.6530  1030.6511     4.5968     0.1542     0.1264    34.4617    34.4596    8.00895         24 0.0000e+00
    633.000    625.507     0.1507  29.045780     0.1531  29.046265     4.8391     4.9654     0.5277    96.8839 1.0000e-12  -73.74826 -116.83368  51.779066      99.91 3.8354e+02    918.287      22040  1030.6577  1030.6559     4.5961     0.1475     0.1237    34.4617    34.4596    8.00887         28 0.0000e+00
    634.000    626.492     0.1515  29.047019     0.1539  29.047517     4.8368     4.9699     0.5172    96.8648 1.0000e-12  -73.74826 -116.83368  51.779080      99.91 3.8285e+02    919.497      22069  1030.6625  1030.6608     4.5951     0.1533     0.1253    34.4618    34.4598    8.00870         29 0.0000e+00
    635.000    627.480     0.1516  29.047524     0.1539  29.047959     4.8343     4.9697     0.4995    96.8494 1.0000e-12  -73.74826 -116.83369  51.779093      99.91 3.8281e+02    920.659      22097  1030.6674  1030.6656     4.5944     0.1678     0.1250    34.4619    34.4598    8.00869         27 0.0000e+00
    636.000    628.465     0.1518  29.048060     0.1540  29.048354     4.8329     4.9745     0.4661    96.9684 1.0000e-12  -73.74826 -116.83369  51.779106      91.48 3.8328e+02    921.725      22122  1030.6720  1030.6703     4.6000     0.1442     0.1259    34.4617    34.4597    8.00865         24 0.0000e+00
    637.000    629.454     0.1531  29.050099     0.1556  29.050513     4.8379     4.9696     0.5036    97.0663 1.0000e-12  -73.74826 -116.83369  51.779116      86.30 3.8181e+02    922.656      22145  1030.6771  1030.6752     4.6046     0.1443     0.1219    34.4624    34.4602    8.00834         21 0.0000e+00
    638.000    630.438     0.1561  29.053349     0.1583  29.053636     4.8363     4.9682     0.5450    96.9033 1.0000e-12  -73.74826 -116.83369  51.779127      93.83 3.8102e+02    923.578      22167  1030.6820  1030.6800     4.5971     0.1796     0.1242    34.4628    34.4606    8.00771         23 0.0000e+00
    639.000    631.427     0.1569  29.054449     0.1597  29.055385     4.8359     4.9705     0.6150    96.9137 1.0000e-12  -73.74826 -116.83369  51.779139      99.85 3.8235e+02    924.634      22192  1030.6866  1030.6848     4.5975     0.1656     0.1255    34.4627    34.4608    8.00754         28 0.0000e+00
    640.000    632.412     0.1596  29.057793     0.1616  29.057780     4.8362     4.9631     0.6045    97.0377 1.0000e-12  -73.74826 -116.83369  51.779153      99.91 3.8134e+02    925.818      22221  1030.6917  1030.6898     4.6033     0.1549     0.1243    34.4635    34.4613    8.00693         28 0.0000e+00
    641.000    633.400     0.1629  29.061651     0.1652  29.061748     4.8311     4.9672     0.5329    97.0074 1.0000e-12  -73.74826 -116.83369  51.779167      99.91 3.8040e+02    926.988      22249  1030.6967  1030.6947     4.6019     0.1412     0.1240    34.4642    34.4619    8.00619         28 0.0000e+00
    642.000    634.385     0.1649  29.063899     0.1671  29.064202     4.8289     4.9669     0.4583    97.0527 1.0000e-12  -73.74826 -116.83368  51.779179      99.91 3.8024e+02    928.092      22275  1030.7015  1030.6996     4.6040     0.1522     0.1263    34.4645    34.4624    8.00577         26 0.0000e+00
    643.000    635.373     0.1667  29.066121     0.1693  29.066915     4.8178     4.9562     0.3986    97.1672 1.0000e-12  -73.74826 -116.83370  51.779191      99.91 3.8040e+02    929.122      22300  1030.7063  1030.7045     4.6095     0.1350     0.1236    34.4648    34.4629    8.00538         23 0.0000e+00
    644.000    636.359     0.1697  29.069754     0.1725  29.070509     4.8212     4.9449     0.3491    97.0626 1.0000e-12  -73.74826 -116.83368  51.779203      99.92 3.8012e+02    930.111      22324  1030.7114  1030.7095     4.6045     0.1222     0.1185    34.4655    34.4635    8.00470         24 0.0000e+00
    645.000    637.345     0.1730  29.073708     0.1756  29.074237     4.8183     4.9450     0.3054    97.3624 1.0000e-12  -73.74826 -116.83370  51.779215      99.92 3.7937e+02    931.136      22348  1030.7165  1030.7146     4.6187     0.1207     0.1207    34.4665    34.4643    8.00396         26 0.0000e+00
    646.000    638.333     0.1808  29.081988     0.1841  29.082862     4.8164     4.9512     0.3126    97.1311 1.0000e-12  -73.74826 -116.83368  51.779228      99.91 3.7908e+02    932.279      22376  1030.7218  1030.7195     4.6078     0.1277     0.1197    34.4681    34.4656    8.00225         28 0.0000e+00
    647.000    639.319     0.1858  29.087068     0.1884  29.087684     4.8135     4.9465     0.3671    97.1744 1.0000e-12  -73.74826 -116.83370  51.779241      99.91 3.7724e+02    933.447      22404  1030.7265  1030.7246     4.6098     0.1229     0.1203    34.4686    34.4665    8.00118         28 0.0000e+00
    648.000    640.305     0.1876  29.089343     0.1901  29.089853     4.8131     4.9473     0.3679    97.1703 1.0000e-12  -73.74826 -116.83370  51.779254      99.91 3.7712e+02    934.546      22430  1030.7315  1030.7296     4.6096     0.1262     0.1200    34.4690    34.4668    8.00079         25 0.0000e+00
    649.000    641.292     0.1926  29.094892     0.1949  29.095206     4.8112     4.9466     0.3261    97.3681 1.0000e-12  -73.74826 -116.83370  51.779266      83.12 3.7719e+02    935.589      22455  1030.7366  1030.7347     4.6190     0.1304     0.1222    34.4701    34.4679    7.99969         25 0.0000e+00
    650.000    642.279     0.1971  29.099805     0.1995  29.100109     4.8083     4.9476     0.3812    97.3782 1.0000e-12  -73.74826 -116.83370  51.779278      96.06 3.7621e+02    936.615      22480  1030.7416  1030.7396     4.6195     0.1588     0.1268    34.4709    34.4686    7.99870         25 0.0000e+00
    651.000    643.265     0.2006  29.103607     0.2032  29.104128     4.8103     4.9475     0.4119    97.3328 1.0000e-12  -73.74826 -116.83370  51.779290      99.83 3.7640e+02    937.686      22505  1030.7464  1030.7445     4.6173     0.1299     0.1213    34.4714    34.4692    7.99794         27 0.0000e+00
    652.000    644.252     0.2059  29.109461     0.2087  29.109877     4.8105     4.9390     0.3250    97.3903 1.0000e-12  -73.74826 -116.83370  51.779304      99.91 3.7671e+02    938.874      22534  1030.7517  1030.7494     4.6200     0.1265     0.1176    34.4726    34.4701    7.99677         29 0.0000e+00
    653.000    645.239     0.2122  29.115569     0.2152  29.116729     4.8023     4.9341     0.3813    97.4035 1.0000e-12  -73.74826 -116.83370  51.779318      99.91 3.7515e+02    940.051      22562  1030.7562  1030.7545     4.6207     0.1401     0.1269    34.4731    34.4713    7.99545         27 0.0000e+00
    654.000    646.224     0.2225  29.126901     0.2269  29.129086     4.8052     4.9422     0.3504    97.4710 1.0000e-12  -73.74826 -116.83370  51.779330      99.92 3.7521e+02    941.125      22588  1030.7622  1030.7601     4.6239     0.1190     0.1242    34.4758    34.4737    7.99315         25 0.0000e+00
    655.000    647.212     0.2286  29.132894     0.2302  29.132514     4.8066     4.9425     0.3628    97.5255 1.0000e-12  -73.74826 -116.83370  51.779341      99.91 3.7509e+02    942.097      22611  1030.7668  1030.7649     4.6265     0.1152     0.1224    34.4763    34.4740    7.99186         22 0.0000e+00
    656.000    648.197     0.2255  29.130091     0.2291  29.131742     4.7977     4.9422     0.4332    97.5004 1.0000e-12  -73.74826 -116.83370  51.779352      99.92 3.7342e+02    943.014      22633  1030.7712  1030.7695     4.6253     0.1183     0.1294    34.4754    34.4736    7.99254         22 0.0000e+00
    657.000    649.186     0.2301  29.135575     0.2328  29.135966     4.7985     4.9313     0.3459    97.4878 1.0000e-12  -73.74826 -116.83370  51.779364      99.91 3.7310e+02    944.054      22658  1030.7768  1030.7746     4.6247     0.1210     0.1198    34.4770    34.4745    7.99151         28 0.0000e+00
    658.000    650.170     0.2447  29.150427     0.2476  29.150920     4.7937     4.9299     0.3483    97.5556 1.0000e-12  -73.74826 -116.83370  51.779378      99.92 3.7214e+02    945.276      22688  1030.7822  1030.7799     4.6279     0.1197     0.1228    34.4796    34.4770    7.98834         30 0.0000e+00
    659.000    651.157     0.2469  29.152812     0.2495  29.153449     4.7970     4.9331     0.2886    97.6650 1.0000e-12  -73.74826 -116.83370  51.779392      99.91 3.7149e+02    946.446      22716  1030.7870  1030.7851     4.6331     0.1130     0.1191    34.4797    34.4776    7.98788         26 0.0000e+00
    660.000    652.145     0.2483  29.154874     0.2506  29.155170     4.7978     4.9259     0.2609    97.6932 1.0000e-12  -73.74826 -116.83370  51.779404      99.12 3.7021e+02    947.482      22741  1030.7920  1030.7901     4.6344     0.1069     0.1152    34.4802    34.4780    7.98755         24 0.0000e+00
    661.000    653.130     0.2602  29.167230     0.2620  29.167053     4.7928     4.9207     0.2411    97.7166 1.0000e-12  -73.74826 -116.83370  51.779415      97.25 3.7053e+02    948.436      22763  1030.7975  1030.7956     4.6355     0.1152     0.1207    34.4826    34.4803    7.98495         22 0.0000e+00
    662.000    654.118     0.2657  29.173170     0.2680  29.173396     4.7866     4.9265     0.2414    97.6282 1.0000e-12  -73.74826 -116.83370  51.779425      89.25 3.7014e+02    949.359      22786  1030.8026  1030.8006     4.6313     0.1092     0.1225    34.4836    34.4814    7.98376         23 0.0000e+00
    663.000    655.104     0.2691  29.176880     0.2714  29.177179     4.7869     4.9196     0.2296    97.5924 1.0000e-12  -73.74826 -116.83370  51.779438      94.93 3.6943e+02    950.443      22812  1030.8075  1030.8056     4.6296     0.1079     0.1184    34.4841    34.4819    7.98302         29 0.0000e+00
    664.000    656.089     0.2710  29.179300     0.2735  29.179726     4.7852     4.9173     0.2549    97.6511 1.0000e-12  -73.74826 -116.83369  51.779452      94.12 3.6849e+02    951.658      22841  1030.8126  1030.8105     4.6324     0.1039     0.1161    34.4846    34.4823    7.98260         28 0.0000e+00
    665.000    657.078     0.2727  29.181519     0.2753  29.182114     4.7799     4.9127     0.2520    97.6605 1.0000e-12  -73.74826 -116.83369  51.779465      93.32 3.6691e+02    952.799      22868  1030.8175  1030.8156     4.6329     0.1029     0.1193    34.4850    34.4829    7.98222         26 0.0000e+00
    666.000    658.064     0.2757  29.185305     0.2778  29.185217     4.7774     4.9152     0.2671    97.7743 1.0000e-12  -73.74826 -116.83369  51.779477      92.32 3.6584e+02    953.828      22893  1030.8228  1030.8207     4.6382     0.1083     0.1176    34.4860    34.4835    7.98154         25 0.0000e+00
    667.000    659.049     0.2787  29.188526     0.2812  29.189060     4.7800     4.9179     0.2413    97.6239 1.0000e-12  -73.74826 -116.83369  51.779489      91.11 3.6508e+02    954.815      22917  1030.8275  1030.8257     4.6311     0.1069     0.1205    34.4863    34.4842    7.98090         22 0.0000e+00
    668.000    660.036     0.2792  29.189339     0.2816  29.189855     4.7824     4.9193     0.2824    97.7271 1.0000e-12  -73.74826 -116.83369  51.779499      90.09 3.6431e+02    955.748      22939  1030.8323  1030.8305     4.6360     0.1039     0.1184    34.4863    34.4843    7.98081         23 0.0000e+00
    669.000    661.024     0.2798  29.190499     0.2824  29.191093     4.7845     4.9143     0.2853    97.7764 1.0000e-12  -73.74826 -116.83369  51.779512      88.77 3.6328e+02    956.794      22964  1030.8371  1030.8353     4.6384     0.1088     0.1177    34.4865    34.4844    7.98066         27 0.0000e+00
    670.000    662.008     0.2822  29.193424     0.2848  29.193959     4.7784     4.9114     0.3044    97.6677 1.0000e-12  -73.74826 -116.83369  51.779525      88.02 3.6278e+02    957.965      22992  1030.8422  1030.8402     4.6333     0.1275     0.1232    34.4870    34.4849    7.98013         29 0.0000e+00
    671.000    662.996     0.2850  29.196835     0.2878  29.197551     4.7750     4.9077     0.2380    97.7544 1.0000e-12  -73.74826 -116.83370  51.779538      87.05 3.6147e+02    959.112      23020  1030.8472  1030.8453     4.6373     0.1060     0.1235    34.4878    34.4857    7.97951         27 0.0000e+00
    672.000    663.984     0.2878  29.200089     0.2902  29.200455     4.7787     4.9043     0.3976    97.7266 1.0000e-12  -73.74826 -116.83368  51.779551      86.12 3.6037e+02    960.177      23045  1030.8522  1030.8503     4.6360     0.1275     0.1217    34.4884    34.4862    7.97890         24 0.0000e+00
    673.000    664.968     0.2905  29.203515     0.2935  29.204307     4.7748     4.9002     0.2712    97.5232 1.0000e-12  -73.74826 -116.83370  51.779563      82.16 3.6097e+02    961.216      23070  1030.8574  1030.8553     4.6263     0.1189     0.1218    34.4893    34.4870    7.97829         25 0.0000e+00
    674.000    665.955     0.2941  29.207209     0.2965  29.207681     4.7757     4.9037     0.2616    97.7153 1.0000e-12  -73.74826 -116.83368  51.779575      82.26 3.5928e+02    962.245      23095  1030.8620  1030.8602     4.6355     0.1213     0.1178    34.4896    34.4875    7.97754         25 0.0000e+00
    675.000    666.942     0.2981  29.211797     0.3002  29.211778     4.7666     4.9036     0.2516    97.6325 1.0000e-12  -73.74826 -116.83370  51.779587      84.99 3.5793e+02    963.294      23120  1030.8672  1030.8651     4.6315     0.1189     0.1198    34.4905    34.4881    7.97666         25 0.0000e+00
