ocean_section_plots/required_files/ctd/dnbp2202_ctd137.cnv
* Sea-Bird SBE 9 Data File:
* FileName = D:\Data\raw\NBP2202_CTD137.hex
* Software Version Seasave V 7.26.7.121
* Temperature SN = 1649
* Conductivity SN = 2513
* Number of Bytes Per Scan = 40
* Number of Voltage Words = 5
* Number of Scans Averaged by the Deck Unit = 1
* NMEA Latitude = 74 01.65 S
* NMEA Longitude = 113 14.57 W
* NMEA UTC (Time) = Jan 28 2022  10:17:50
* NMEA baud rate = 9600
** Ship: RVIB N.B. Palmer
** Cruise: NBP2202 Thwaites
** Station: 66
** Operator: B. Bjork
# nquan = 25
# nvalues = 358                         
# units = specified
# name 0 = prDM: Pressure, Digiquartz [db]
# name 1 = depSM: Depth [salt water, m]
# name 2 = t090C: Temperature [ITS-90, deg C]
# name 3 = c0mS/cm: Conductivity [mS/cm]
# name 4 = t190C: Temperature, 2 [ITS-90, deg C]
# name 5 = c1mS/cm: Conductivity, 2 [mS/cm]
# name 6 = sbeox0ML/L: Oxygen, SBE 43 [ml/l]
# name 7 = sbeox1ML/L: Oxygen, SBE 43, 2 [ml/l]
# name 8 = flECO-AFL: Fluorescence, WET Labs ECO-AFL/FL [mg/m^3]
# name 9 = CStarTr0: Beam Transmission, WET Labs C-Star [%]
# name 10 = par: PAR/Irradiance, Biospherical/Licor
# name 11 = latitude: Latitude [deg]
# name 12 = longitude: Longitude [deg]
# name 13 = timeJ: Julian Days
# name 14 = altM: Altimeter [m]
# name 15 = spar: SPAR, Biospherical/Licor
# name 16 = timeS: Time, Elapsed [seconds]
# name 17 = scan: Scan Count
# name 18 = density00: Density [density, kg/m^3]
# name 19 = density11: Density, 2 [density, kg/m^3]
# name 20 = sal00: Salinity, Practical [PSU]
# name 21 = sal11: Salinity, Practical, 2 [PSU]
# name 22 = oxsolML/L: Oxygen Saturation, Garcia & Gordon [ml/l]
# name 23 = nbin: number of scans per bin
# name 24 = flag: flag
# span 0 =      3.000,    360.000       
# span 1 =      2.963,    355.971       
# span 2 =    -1.5100,    -0.3221       
# span 3 =  27.055116,  28.353241       
# span 4 =    -1.5091,    -0.3207       
# span 5 =  27.054382,  28.351989       
# span 6 =     4.8747,     8.9546       
# span 7 =     4.9691,     9.1779       
# span 8 =    -0.0195,    29.2142       
# span 9 =    63.7004,    93.5942       
# span 10 = 1.0000e-12, 1.4115e+01      
# span 11 =  -74.02752,  -74.02752      
# span 12 = -113.24300, -113.24294      
# span 13 =  28.431081,  28.437138      
# span 14 =       5.32,     100.16      
# span 15 = 5.2886e+01, 5.9941e+01      
# span 16 =    175.431,    698.738      
# span 17 =       4211,      16771      
# span 18 =  1027.1985,  1029.2188      
# span 19 =  1027.2032,  1029.2161      
# span 20 =    33.8093,    34.2356      
# span 21 =    33.8118,    34.2323      
# span 22 =    8.12139,    8.39932      
# span 23 =         12,         49      
# span 24 = 0.0000e+00, 0.0000e+00      
# interval = decibars: 1                
# start_time = Jan 28 2022 10:17:50 [NMEA time, header]
# bad_flag = -9.990e-29
*END*
[from data line 116]
    119.000    117.735    -1.3559  27.123121    -1.3564  27.123003     6.4892     6.6119     2.1908    89.1085 1.0000e-12  -74.02752 -113.24296  28.433587      99.83 5.8718e+01    391.938       9408  1027.8324  1027.8327    33.8829    33.8832    8.36817         29 0.0000e+00
    120.000    118.724    -1.3535  27.127982    -1.3539  27.127893     6.5029     6.6282     2.1608    89.4883 1.0000e-12  -74.02752 -113.24296  28.433600      74.74 5.8246e+01    393.041       9434  1027.8397  1027.8400    33.8862    33.8866    8.36743         25 0.0000e+00
    121.000    119.714    -1.3526  27.129836    -1.3533  27.129466     6.5122     6.6347     2.1886    89.0737 1.0000e-12  -74.02752 -113.24296  28.433612      99.46 5.8913e+01    394.092       9459  1027.8452  1027.8454    33.8871    33.8874    8.36718         26 0.0000e+00
    122.000    120.703    -1.3516  27.131698    -1.3521  27.131389     6.5218     6.6491     2.5566    89.0975 1.0000e-12  -74.02752 -113.24296  28.433626      99.82 5.9055e+01    395.299       9488  1027.8506  1027.8508    33.8879    33.8881    8.36691         32 0.0000e+00
    123.000    121.691    -1.3513  27.132620    -1.3519  27.132274     6.5392     6.6727     2.5500    88.9553 1.0000e-12  -74.02752 -113.24296  28.433641      99.80 5.8403e+01    396.614       9520  1027.8556  1027.8558    33.8883    33.8885    8.36683         29 0.0000e+00
    124.000    122.680    -1.3541  27.135364    -1.3547  27.135022     6.5487     6.6808     2.5170    88.8831 1.0000e-12  -74.02752 -113.24296  28.433655      99.81 5.8657e+01    397.767       9547  1027.8658  1027.8659    33.8946    33.8948    8.36709         26 0.0000e+00
    125.000    123.670    -1.3572  27.134461    -1.3576  27.134252     6.5451     6.6791     2.7228    88.3633 1.0000e-12  -74.02752 -113.24296  28.433667      99.81 5.8785e+01    398.813       9573  1027.8721  1027.8722    33.8963    33.8965    8.36768         26 0.0000e+00
    126.000    124.659    -1.3576  27.134552    -1.3580  27.134449     6.5235     6.6595     2.9167    88.6502 1.0000e-12  -74.02752 -113.24296  28.433680      99.79 5.8206e+01    399.959       9600  1027.8769  1027.8771    33.8962    33.8965    8.36777         32 0.0000e+00
    127.000    125.648    -1.3636  27.131481    -1.3645  27.131213     6.4959     6.6301     3.2889    88.7686 1.0000e-12  -74.02752 -113.24296  28.433697      99.80 5.8175e+01    401.450       9636  1027.8836  1027.8841    33.8981    33.8988    8.36900         33 0.0000e+00
    128.000    126.637    -1.3680  27.129668    -1.3697  27.128904     6.4824     6.6150     3.2446    88.0682 1.0000e-12  -74.02752 -113.24296  28.433711      99.79 5.8175e+01    402.637       9664  1027.8901  1027.8909    33.9000    33.9009    8.36988         26 0.0000e+00
    129.000    127.626    -1.3733  27.127816    -1.3737  27.127587     6.4733     6.6137     2.8547    88.5993 1.0000e-12  -74.02752 -113.24296  28.433723      99.80 5.8175e+01    403.664       9689  1027.8975  1027.8976    33.9028    33.9030    8.37089         25 0.0000e+00
    130.000    128.615    -1.3793  27.126720    -1.3798  27.126614     6.4760     6.6137     2.5737    88.6211 1.0000e-12  -74.02752 -113.24296  28.433736      99.82 5.8175e+01    404.749       9715  1027.9063  1027.9068    33.9075    33.9080    8.37196         28 0.0000e+00
    131.000    129.604    -1.3856  27.125278    -1.3854  27.125275     6.4793     6.6192     2.5525    88.6401 1.0000e-12  -74.02752 -113.24296  28.433750      99.82 5.8175e+01    406.012       9745  1027.9151  1027.9149    33.9120    33.9118    8.37311         31 0.0000e+00
    132.000    130.593    -1.3891  27.124372    -1.3897  27.124274     6.4839     6.6213     2.7158    88.5585 1.0000e-12  -74.02752 -113.24296  28.433765      93.43 5.8175e+01    407.252       9775  1027.9218  1027.9222    33.9142    33.9147    8.37378         28 0.0000e+00
    133.000    131.583    -1.3934  27.123354    -1.3940  27.123047     6.4927     6.6279     2.5709    87.9548 1.0000e-12  -74.02752 -113.24296  28.433777      99.36 5.8175e+01    408.367       9802  1027.9291  1027.9293    33.9170    33.9172    8.37457         26 0.0000e+00
    134.000    132.571    -1.3955  27.122947    -1.3960  27.122730     6.5067     6.6367     2.6741    88.4337 1.0000e-12  -74.02752 -113.24296  28.433790      99.79 5.8175e+01    409.479       9828  1027.9349  1027.9351    33.9182    33.9185    8.37497         28 0.0000e+00
    135.000    133.559    -1.4026  27.118702    -1.4022  27.119415     6.5326     6.6561     2.5638    88.4694 1.0000e-12  -74.02752 -113.24296  28.433804      99.78 5.8175e+01    410.694       9858  1027.9413  1027.9417    33.9198    33.9203    8.37647         29 0.0000e+00
    136.000    134.549    -1.4237  27.105823    -1.4230  27.106624     6.5424     6.6659     2.6549    88.7222 1.0000e-12  -74.02752 -113.24296  28.433818      99.79 5.8175e+01    411.861       9886  1027.9519  1027.9520    33.9255    33.9257    8.38089         28 0.0000e+00
    137.000    135.539    -1.4419  27.094942    -1.4413  27.095706     6.5398     6.6772     2.4446    88.6091 1.0000e-12  -74.02752 -113.24296  28.433830      99.78 5.8175e+01    412.935       9911  1027.9617  1027.9620    33.9304    33.9309    8.38467         24 0.0000e+00
    138.000    136.527    -1.4508  27.090519    -1.4504  27.090699     6.5409     6.6851     2.3979    88.7741 1.0000e-12  -74.02752 -113.24296  28.433842      99.81 5.8175e+01    413.976       9936  1027.9696  1027.9694    33.9338    33.9337    8.38648         26 0.0000e+00
    139.000    137.516    -1.4546  27.088806    -1.4555  27.088415     6.5416     6.6856     2.1062    88.3300 1.0000e-12  -74.02752 -113.24296  28.433855      99.80 5.8175e+01    415.044       9962  1027.9755  1027.9760    33.9352    33.9357    8.38726         26 0.0000e+00
    140.000    138.505    -1.4662  27.081984    -1.4670  27.081746     6.5542     6.6894     2.2251    88.9230 1.0000e-12  -74.02752 -113.24296  28.433868      99.81 5.8175e+01    416.155       9989  1027.9834  1027.9839    33.9384    33.9390    8.38969         26 0.0000e+00
    141.000    139.493    -1.4694  27.081179    -1.4698  27.080993     6.5674     6.7042     1.8921    89.0262 1.0000e-12  -74.02752 -113.24296  28.433880      99.82 5.8175e+01    417.218      10014  1027.9898  1027.9899    33.9403    33.9405    8.39030         25 0.0000e+00
    142.000    140.484    -1.4856  27.068860    -1.4836  27.070974     6.5740     6.7132     1.7823    89.3805 1.0000e-12  -74.02752 -113.24296  28.433892      99.82 5.8175e+01    418.244      10039  1027.9960  1027.9964    33.9410    33.9417    8.39390         25 0.0000e+00
    143.000    141.472    -1.4979  27.060161    -1.4989  27.059538     6.5819     6.7148     1.7129    89.6371 1.0000e-12  -74.02752 -113.24296  28.433904      99.83 5.8175e+01    419.319      10065  1028.0024  1028.0027    33.9424    33.9427    8.39660         27 0.0000e+00
    144.000    142.460    -1.4975  27.060991    -1.4985  27.060382     6.5852     6.7153     1.5833    89.6749 1.0000e-12  -74.02752 -113.24296  28.433917      99.68 5.8175e+01    420.411      10091  1028.0070  1028.0073    33.9425    33.9428    8.39651         25 0.0000e+00
    145.000    143.451    -1.4977  27.061278    -1.4982  27.061047     6.5758     6.7161     1.3082    90.0281 1.0000e-12  -74.02752 -113.24296  28.433929      99.64 5.8175e+01    421.484      10117  1028.0116  1028.0118    33.9425    33.9427    8.39654         26 0.0000e+00
    146.000    144.438    -1.4991  27.060755    -1.5003  27.059908     6.5757     6.7232     1.4951    90.0803 1.0000e-12  -74.02752 -113.24296  28.433942      99.83 5.8175e+01    422.570      10143  1028.0165  1028.0166    33.9427    33.9429    8.39685         26 0.0000e+00
    147.000    145.429    -1.4975  27.062659    -1.4981  27.062209     6.5771     6.7166     1.5016    90.0437 1.0000e-12  -74.02752 -113.24296  28.433954      99.83 5.8175e+01    423.625      10168  1028.0212  1028.0212    33.9429    33.9430    8.39648         24 0.0000e+00
    148.000    146.416    -1.4978  27.062729    -1.4990  27.061926     6.5884     6.7223     1.4873    90.2713 1.0000e-12  -74.02752 -113.24296  28.433965      99.83 5.8293e+01    424.611      10192  1028.0257  1028.0260    33.9427    33.9430    8.39656         24 0.0000e+00
    149.000    147.406    -1.4992  27.061943    -1.5021  27.059721     6.5936     6.7283     1.6765    90.2215 1.0000e-12  -74.02752 -113.24296  28.433977      99.83 5.8804e+01    425.614      10216  1028.0304  1028.0307    33.9426    33.9428    8.39688         25 0.0000e+00
    150.000    148.395    -1.5080  27.055116    -1.5091  27.054382     6.5987     6.7268     1.5643    90.1697 1.0000e-12  -74.02752 -113.24296  28.433989      99.83 5.9254e+01    426.674      10241  1028.0356  1028.0358    33.9425    33.9428    8.39886         26 0.0000e+00
    151.000    149.384    -1.5076  27.056026    -1.5078  27.055871     6.5926     6.7273     1.6533    89.6594 1.0000e-12  -74.02752 -113.24296  28.434002      99.82 5.8251e+01    427.744      10267  1028.0404  1028.0404    33.9427    33.9427    8.39877         25 0.0000e+00
    152.000    150.371    -1.5079  27.056185    -1.5084  27.055949     6.5927     6.7307     1.4568    90.6788 1.0000e-12  -74.02752 -113.24296  28.434013      99.83 5.8329e+01    428.760      10291  1028.0451  1028.0452    33.9426    33.9429    8.39883         23 0.0000e+00
    153.000    151.363    -1.5083  27.056482    -1.5083  27.056488     6.5942     6.7356     1.4800    90.7370 1.0000e-12  -74.02752 -113.24296  28.434025      99.83 5.8809e+01    429.749      10315  1028.0500  1028.0500    33.9428    33.9429    8.39891         25 0.0000e+00
    154.000    152.350    -1.5073  27.057755    -1.5076  27.057635     6.5954     6.7323     1.5398    90.4681 1.0000e-12  -74.02752 -113.24296  28.434037      99.82 5.8398e+01    430.763      10339  1028.0546  1028.0547    33.9429    33.9430    8.39869         24 0.0000e+00
    155.000    153.339    -1.5100  27.055819    -1.5086  27.057143     6.5923     6.7341     1.6922    90.7595 1.0000e-12  -74.02752 -113.24296  28.434049      99.84 5.8378e+01    431.838      10365  1028.0594  1028.0594    33.9427    33.9429    8.39932         26 0.0000e+00
    156.000    154.329    -1.5078  27.058297    -1.5087  27.057592     6.5921     6.7315     1.7242    90.7129 1.0000e-12  -74.02752 -113.24296  28.434061      99.68 5.8546e+01    432.881      10390  1028.0642  1028.0643    33.9430    33.9430    8.39880         24 0.0000e+00
    157.000    155.318    -1.5074  27.059248    -1.5077  27.058977     6.5852     6.7297     1.5341    90.3650 1.0000e-12  -74.02752 -113.24296  28.434073      98.59 5.8171e+01    433.864      10414  1028.0691  1028.0692    33.9432    33.9432    8.39869         24 0.0000e+00
    158.000    156.305    -1.5056  27.061703    -1.5057  27.061558     6.5793     6.7239     1.7874    90.4328 1.0000e-12  -74.02752 -113.24296  28.434084      99.11 5.8175e+01    434.869      10438  1028.0744  1028.0743    33.9439    33.9438    8.39825         25 0.0000e+00
    159.000    157.296    -1.5045  27.063275    -1.5048  27.062931     6.5804     6.7225     2.0657    90.5840 1.0000e-12  -74.02752 -113.24296  28.434097      99.83 5.8175e+01    435.951      10464  1028.0793  1028.0793    33.9442    33.9441    8.39798         26 0.0000e+00
    160.000    158.282    -1.5042  27.064029    -1.5048  27.063382     6.5696     6.7198     1.6295    90.7945 1.0000e-12  -74.02752 -113.24296  28.434109      99.83 5.8175e+01    436.980      10489  1028.0841  1028.0841    33.9443    33.9441    8.39791         24 0.0000e+00
    161.000    159.274    -1.5040  27.064812    -1.5041  27.064552     6.5503     6.7062     1.5680    91.2414 1.0000e-12  -74.02752 -113.24296  28.434120      99.84 5.9128e+01    437.929      10511  1028.0891  1028.0889    33.9445    33.9443    8.39785         22 0.0000e+00
    162.000    160.262    -1.5009  27.068404    -1.4999  27.068967     6.5126     6.6689     1.4553    90.8966 1.0000e-12  -74.02752 -113.24296  28.434131      99.83 5.9232e+01    438.908      10535  1028.0943  1028.0940    33.9453    33.9450    8.39710         25 0.0000e+00
    163.000    161.251    -1.4901  27.079696    -1.4913  27.077934     6.4676     6.6262     1.8605    90.6861 1.0000e-12  -74.02752 -113.24296  28.434143      99.83 5.8765e+01    439.931      10559  1028.1006  1028.0998    33.9480    33.9469    8.39450         24 0.0000e+00
    164.000    162.239    -1.4786  27.091514    -1.4785  27.091337     6.4223     6.5811     1.3941    90.7001 1.0000e-12  -74.02752 -113.24296  28.434155      99.83 5.8391e+01    440.949      10584  1028.1069  1028.1065    33.9506    33.9502    8.39176         24 0.0000e+00
    165.000    163.227    -1.4721  27.098770    -1.4720  27.098505     6.3800     6.5363     1.2922    90.2048 1.0000e-12  -74.02752 -113.24296  28.434166      99.84 5.8457e+01    441.964      10608  1028.1130  1028.1125    33.9526    33.9521    8.39018         25 0.0000e+00
    166.000    164.217    -1.4652  27.106224    -1.4667  27.104453     6.3645     6.5199     1.3628    90.4153 1.0000e-12  -74.02752 -113.24296  28.434178      99.83 5.8558e+01    442.952      10632  1028.1189  1028.1184    33.9544    33.9537    8.38851         23 0.0000e+00
    167.000    165.207    -1.4555  27.116640    -1.4566  27.115396     6.3669     6.5181     1.4062    90.6637 1.0000e-12  -74.02752 -113.24296  28.434189      99.84 5.8711e+01    443.911      10655  1028.1254  1028.1251    33.9571    33.9567    8.38616         23 0.0000e+00
    168.000    166.196    -1.4591  27.114471    -1.4596  27.113950     6.3743     6.5237     1.6692    90.8874 1.0000e-12  -74.02752 -113.24296  28.434200      99.84 5.8635e+01    444.877      10678  1028.1309  1028.1307    33.9576    33.9574    8.38694         23 0.0000e+00
    169.000    167.184    -1.4621  27.112790    -1.4621  27.112384     6.3847     6.5322     1.9202    90.5301 1.0000e-12  -74.02752 -113.24296  28.434211      98.91 5.8177e+01    445.829      10701  1028.1363  1028.1359    33.9580    33.9575    8.38758         23 0.0000e+00
    170.000    168.172    -1.4651  27.111855    -1.4653  27.111480     6.3770     6.5261     1.1775    90.5770 1.0000e-12  -74.02752 -113.24296  28.434222      99.81 5.8175e+01    446.744      10723  1028.1426  1028.1424    33.9595    33.9592    8.38818         21 0.0000e+00
    171.000    169.161    -1.4657  27.112644    -1.4657  27.112277     6.3441     6.4891     1.2301    91.0465 1.0000e-12  -74.02752 -113.24296  28.434232      99.83 5.8175e+01    447.683      10745  1028.1484  1028.1480    33.9606    33.9601    8.38823         24 0.0000e+00
    172.000    170.152    -1.4642  27.115858    -1.4641  27.115637     6.3028     6.4528     1.2922    90.9883 1.0000e-12  -74.02752 -113.24296  28.434244      99.83 5.8175e+01    448.657      10769  1028.1549  1028.1545    33.9628    33.9624    8.38778         23 0.0000e+00
    173.000    171.140    -1.4550  27.128636    -1.4551  27.127969     6.2815     6.4299     1.0176    91.0110 1.0000e-12  -74.02752 -113.24296  28.434255      99.85 5.8175e+01    449.617      10792  1028.1645  1028.1637    33.9693    33.9685    8.38532         23 0.0000e+00
    174.000    172.127    -1.4505  27.133464    -1.4508  27.132973     6.2635     6.4137     1.0266    90.8168 1.0000e-12  -74.02752 -113.24296  28.434266      99.85 5.8406e+01    450.587      10815  1028.1698  1028.1695    33.9702    33.9698    8.38425         23 0.0000e+00
    175.000    173.118    -1.4476  27.136990    -1.4472  27.136954     6.2328     6.3818     0.8474    91.0516 1.0000e-12  -74.02752 -113.24296  28.434278      99.84 5.8693e+01    451.575      10839  1028.1752  1028.1748    33.9712    33.9706    8.38354         24 0.0000e+00
