ocean_section_plots/required_files/ctd/dnbp2202_ctd218.cnv
* Sea-Bird SBE 9 Data File:
* FileName = D:\Data\raw\NBP2202_CTD218.hex
* Software Version Seasave V 7.26.7.121
* Temperature SN = 1649
* Conductivity SN = 2513
* Number of Bytes Per Scan = 40
* Number of Voltage Words = 5
* Number of Scans Averaged by the Deck Unit = 1
* NMEA Latitude = 73 52.99 S
* NMEA Longitude = 111 20.07 W
* NMEA UTC (Time) = Feb 11 2022  09:04:58
* NMEA baud rate = 9600
** Ship: RVIB N.B. Palmer
** Cruise: NBP2202 Thwaites
** Station: 130
** Operator: B. Bjork
# nquan = 28
# nvalues = 455                         
# units = specified
# name 0 = prDM: Pressure, Digiquartz [db]
# name 1 = depSM: Depth [salt water, m]
# name 2 = t090C: Temperature [ITS-90, deg C]
# name 3 = c0mS/cm: Conductivity [mS/cm]
# name 4 = t190C: Temperature, 2 [ITS-90, deg C]
# name 5 = c1mS/cm: Conductivity, 2 [mS/cm]
# name 6 = sbeox0ML/L: Oxygen, SBE 43 [ml/l]
# name 7 = sbeox1ML/L: Oxygen, SBE 43, 2 [ml/l]
# name 8 = flECO-AFL: Fluorescence, WET Labs ECO-AFL/FL [mg/m^3]
# name 9 = CStarTr0: Beam Transmission, WET Labs C-Star [%]
# name 10 = par: PAR/Irradiance, Biospherical/Licor
# name 11 = latitude: Latitude [deg]
# name 12 = longitude: Longitude [deg]
# name 13 = timeJ: Julian Days
# name 14 = altM: Altimeter [m]
# name 15 = spar: SPAR, Biospherical/Licor
# name 16 = timeS: Time, Elapsed [seconds]
# name 17 = scan: Scan Count
# name 18 = density00: Density [density, kg/m^3]
# name 19 = density11: Density, 2 [density, kg/m^3]
# name 20 = v3: Voltage 3
# name 21 = v4: Voltage 4
# name 22 = v5: Voltage 5
# name 23 = sal00: Salinity, Practical [PSU]
# name 24 = sal11: Salinity, Practical, 2 [PSU]
# name 25 = oxsolML/L: Oxygen Saturation, Garcia & Gordon [ml/l]
# name 26 = nbin: number of scans per bin
# name 27 = flag: flag
# span 0 =      2.000,    456.000       
# span 1 =      1.978,    450.791       
# span 2 =    -1.7147,     0.2505       
# span 3 =  26.817805,  29.068226       
# span 4 =    -1.7135,     0.2536       
# span 5 =  26.818670,  29.069186       
# span 6 =     4.6777,     8.8062       
# span 7 =     4.8051,     9.0027       
# span 8 =    -0.0165,    26.8927       
# span 9 =    72.0963,    98.4378       
# span 10 = -7.483e-06, 3.4819e+00      
# span 11 =  -73.88322,  -73.88320      
# span 12 = -111.33468, -111.33464      
# span 13 =  42.380178,  42.386397      
# span 14 =       1.18,     100.55      
# span 15 = 2.1129e+01, 3.7036e+01      
# span 16 =    149.368,    686.735      
# span 17 =       3586,      16483      
# span 18 =  1027.1473,  1029.8360      
# span 19 =  1027.1459,  1029.8335      
# span 20 =     3.4212,     4.6697      
# span 21 =     0.0675,     4.3568      
# span 22 =     0.1082,     0.2686      
# span 23 =    33.7444,    34.4840      
# span 24 =    33.7429,    34.4809      
# span 25 =    7.98690,    8.44824      
# span 26 =         22,         48      
# span 27 = 0.0000e+00, 0.0000e+00      
# interval = decibars: 1                
# start_time = Feb 11 2022 09:04:58 [NMEA time, header]
# bad_flag = -9.990e-29
*END*
[from data line 208]
    210.000    207.725    -1.4846  27.194450    -1.4835  27.194280     6.3648     6.5515     0.0151    98.3407 1.0000e-12  -73.88322 -111.33464  42.383356      93.66 3.5565e+01    423.929      10175  1028.4256  1028.4243     4.6651     0.0726     0.1117    34.0707    34.0692    8.38594         23 0.0000e+00
    211.000    208.712    -1.4845  27.195752    -1.4831  27.195570     6.3716     6.5584     0.0194    98.3139 1.0000e-12  -73.88322 -111.33465  42.383367      99.96 3.5411e+01    424.877      10198  1028.4314  1028.4298     4.6638     0.0733     0.1127    34.0718    34.0700    8.38586         23 0.0000e+00
    212.000    209.701    -1.4832  27.197769    -1.4820  27.197718     6.3687     6.5593     0.2428    98.3529 1.0000e-12  -73.88322 -111.33465  42.383378      99.96 3.6021e+01    425.827      10221  1028.4366  1028.4353     4.6657     0.0743     0.1113    34.0725    34.0710    8.38552         23 0.0000e+00
    213.000    210.690    -1.4858  27.197150    -1.4845  27.197169     6.3736     6.5643     0.1983    98.3675 1.0000e-12  -73.88322 -111.33464  42.383389      99.96 3.5494e+01    426.780      10244  1028.4428  1028.4415     4.6664     0.0805     0.1106    34.0740    34.0725    8.38602         23 0.0000e+00
    214.000    211.680    -1.4889  27.196561    -1.4875  27.196462     6.3795     6.5703     0.0124    98.2952 1.0000e-12  -73.88322 -111.33464  42.383400      99.95 3.5262e+01    427.732      10267  1028.4494  1028.4480     4.6630     0.0831     0.1115    34.0760    34.0743    8.38659         23 0.0000e+00
    215.000    212.668    -1.4880  27.198259    -1.4866  27.198149     6.3764     6.5673    -0.0028    98.2894 1.0000e-12  -73.88322 -111.33464  42.383411      99.95 3.6170e+01    428.700      10290  1028.4547  1028.4533     4.6627     0.0746     0.1101    34.0767    34.0750    8.38635         23 0.0000e+00
    216.000    213.655    -1.4869  27.200035    -1.4855  27.199963     6.3728     6.5690    -0.0010    98.3968 1.0000e-12  -73.88322 -111.33464  42.383422      99.95 3.5871e+01    429.667      10313  1028.4599  1028.4585     4.6678     0.0732     0.1095    34.0773    34.0756    8.38606         23 0.0000e+00
    217.000    214.644    -1.4856  27.201976    -1.4842  27.202047     6.3733     6.5681     0.0063    98.3197 1.0000e-12  -73.88322 -111.33464  42.383433      99.95 3.5642e+01    430.623      10336  1028.4651  1028.4638     4.6641     0.0755     0.1106    34.0779    34.0764    8.38574         23 0.0000e+00
    218.000    215.634    -1.4851  27.203213    -1.4839  27.203069     6.3825     6.5733    -0.0014    98.3230 1.0000e-12  -73.88322 -111.33464  42.383444      99.95 3.6257e+01    431.587      10359  1028.4702  1028.4689     4.6643     0.0742     0.1117    34.0784    34.0768    8.38559         23 0.0000e+00
    219.000    216.622    -1.4862  27.203164    -1.4850  27.203122     6.3811     6.5724     0.0163    98.3849 1.0000e-12  -73.88322 -111.33464  42.383455      99.95 3.6254e+01    432.547      10382  1028.4756  1028.4744     4.6672     0.0746     0.1114    34.0790    34.0775    8.38582         23 0.0000e+00
    220.000    217.609    -1.4869  27.203764    -1.4855  27.203676     6.3812     6.5706     0.0120    98.3732 1.0000e-12  -73.88322 -111.33464  42.383467      99.95 3.5096e+01    433.507      10405  1028.4812  1028.4798     4.6667     0.0717     0.1131    34.0800    34.0782    8.38591         23 0.0000e+00
    221.000    218.600    -1.4865  27.204843    -1.4851  27.204740     6.3838     6.5693    -0.0019    98.4033 1.0000e-12  -73.88322 -111.33464  42.383478      99.95 3.7016e+01    434.477      10428  1028.4863  1028.4849     4.6681     0.0721     0.1121    34.0804    34.0787    8.38579         24 0.0000e+00
    222.000    219.588    -1.4851  27.206934    -1.4836  27.206917     6.3737     6.5680    -0.0071    98.3014 1.0000e-12  -73.88322 -111.33464  42.383489      99.95 3.6022e+01    435.461      10452  1028.4916  1028.4901     4.6633     0.0724     0.1113    34.0810    34.0793    8.38544         23 0.0000e+00
    223.000    220.576    -1.4833  27.209469    -1.4820  27.209382     6.3706     6.5697    -0.0010    98.2769 1.0000e-12  -73.88322 -111.33464  42.383500      99.58 3.5793e+01    436.422      10475  1028.4969  1028.4955     4.6621     0.0715     0.1117    34.0819    34.0802    8.38499         23 0.0000e+00
    224.000    221.564    -1.4826  27.210943    -1.4812  27.210825     6.3727     6.5627     0.0059    98.3590 1.0000e-12  -73.88322 -111.33466  42.383511      96.39 3.7007e+01    437.364      10498  1028.5022  1028.5007     4.6660     0.0716     0.1095    34.0825    34.0807    8.38480         23 0.0000e+00
    225.000    222.553    -1.4813  27.212748    -1.4799  27.212615     6.3779     6.5679     0.0803    98.3839 1.0000e-12  -73.88322 -111.33466  42.383522      99.97 3.6620e+01    438.314      10521  1028.5072  1028.5057     4.6672     0.0700     0.1118    34.0829    34.0811    8.38448         22 0.0000e+00
    226.000    223.541    -1.4794  27.215374    -1.4779  27.215280     6.3802     6.5824    -0.0048    98.3891 1.0000e-12  -73.88322 -111.33466  42.383533      99.95 3.5863e+01    439.260      10543  1028.5126  1028.5110     4.6674     0.0713     0.1132    34.0837    34.0819    8.38400         23 0.0000e+00
    227.000    224.531    -1.4809  27.215092    -1.4796  27.215075     6.3849     6.5843     0.1065    98.4014 1.0000e-12  -73.88322 -111.33466  42.383544      99.95 3.6798e+01    440.215      10566  1028.5180  1028.5168     4.6680     0.0711     0.1096    34.0844    34.0829    8.38429         23 0.0000e+00
    228.000    225.520    -1.4878  27.210891    -1.4865  27.210833     6.3959     6.5831     0.0452    98.4081 1.0000e-12  -73.88322 -111.33466  42.383555      99.96 3.6483e+01    441.171      10589  1028.5245  1028.5232     4.6683     0.0737     0.1163    34.0859    34.0843    8.38576         23 0.0000e+00
    229.000    226.507    -1.4881  27.211390    -1.4867  27.211256     6.3989     6.5897    -0.0077    98.4203 1.0000e-12  -73.88322 -111.33466  42.383566      99.95 3.5565e+01    442.125      10612  1028.5296  1028.5281     4.6689     0.0738     0.1182    34.0863    34.0845    8.38581         23 0.0000e+00
    230.000    227.497    -1.4878  27.212346    -1.4864  27.212313     6.4040     6.5949    -0.0071    98.4203 1.0000e-12  -73.88322 -111.33466  42.383577      99.94 3.6478e+01    443.077      10635  1028.5347  1028.5333     4.6689     0.1348     0.1125    34.0866    34.0850    8.38572         23 0.0000e+00
    231.000    228.484    -1.4901  27.211293    -1.4889  27.211186     6.4076     6.5975    -0.0138    98.4181 1.0000e-12  -73.88322 -111.33466  42.383588      99.95 3.6408e+01    444.043      10658  1028.5400  1028.5387     4.6688     0.0785     0.1135    34.0872    34.0856    8.38621         23 0.0000e+00
    232.000    229.474    -1.4902  27.212573    -1.4888  27.212492     6.3999     6.6011    -0.0032    98.4215 1.0000e-12  -73.88322 -111.33466  42.383600      99.95 3.6101e+01    445.002      10681  1028.5457  1028.5443     4.6690     0.0715     0.1131    34.0883    34.0866    8.38614         23 0.0000e+00
    233.000    230.462    -1.4890  27.214402    -1.4877  27.214272     6.3896     6.5964    -0.0165    98.4115 1.0000e-12  -73.88322 -111.33466  42.383611      99.95 3.6177e+01    445.948      10704  1028.5509  1028.5495     4.6685     0.0704     0.1102    34.0889    34.0872    8.38584         23 0.0000e+00
    234.000    231.450    -1.4842  27.220519    -1.4828  27.220356     6.3888     6.5898    -0.0043    98.3423 1.0000e-12  -73.88322 -111.33466  42.383622      99.95 3.6788e+01    446.912      10727  1028.5573  1028.5558     4.6651     0.0695     0.1108    34.0913    34.0895    8.38463         23 0.0000e+00
    235.000    232.440    -1.4813  27.223991    -1.4800  27.223812     6.3860     6.5792    -0.0096    98.1695 1.0000e-12  -73.88322 -111.33466  42.383633      99.95 3.6096e+01    447.882      10750  1028.5626  1028.5612     4.6571     0.0698     0.1121    34.0921    34.0904    8.38392         23 0.0000e+00
    236.000    233.427    -1.4797  27.226094    -1.4783  27.225945     6.3785     6.5734    -0.0056    98.4225 1.0000e-12  -73.88322 -111.33466  42.383644      99.66 3.5775e+01    448.845      10773  1028.5676  1028.5662     4.6690     0.0696     0.1109    34.0925    34.0908    8.38353         24 0.0000e+00
    237.000    234.417    -1.4737  27.232417    -1.4723  27.232170     6.3681     6.5670    -0.0011    98.4347 1.0000e-12  -73.88322 -111.33466  42.383655      90.99 3.6841e+01    449.810      10796  1028.5730  1028.5715     4.6696     0.0690     0.1125    34.0938    34.0919    8.38211         23 0.0000e+00
    238.000    235.405    -1.4687  27.237750    -1.4673  27.237597     6.3657     6.5624    -0.0054    98.3674 1.0000e-12  -73.88322 -111.33466  42.383666      99.96 3.6460e+01    450.772      10820  1028.5784  1028.5769     4.6664     0.0707     0.1082    34.0949    34.0931    8.38093         22 0.0000e+00
    239.000    236.392    -1.4622  27.244948    -1.4608  27.244672     6.3683     6.5616    -0.0087    98.3824 1.0000e-12  -73.88322 -111.33466  42.383677      99.95 3.5788e+01    451.717      10842  1028.5844  1028.5827     4.6671     0.0700     0.1093    34.0968    34.0948    8.37935         23 0.0000e+00
    240.000    237.382    -1.4596  27.248007    -1.4582  27.247856     6.3439     6.5531    -0.0016    98.4378 1.0000e-12  -73.88322 -111.33467  42.383688      99.95 3.7036e+01    452.679      10865  1028.5896  1028.5880     4.6697     0.0712     0.1159    34.0973    34.0955    8.37872         23 0.0000e+00
    241.000    238.369    -1.4565  27.251470    -1.4551  27.251285     6.3341     6.5378     0.0051    97.8045 1.0000e-12  -73.88322 -111.33467  42.383700      99.95 3.5698e+01    453.646      10889  1028.5947  1028.5931     4.6401     0.0710     0.1114    34.0979    34.0961    8.37799         24 0.0000e+00
    242.000    239.358    -1.4511  27.257479    -1.4495  27.257287     6.3512     6.5320    -0.0097    98.4326 1.0000e-12  -73.88322 -111.33467  42.383711      99.96 3.5819e+01    454.607      10912  1028.6004  1028.5986     4.6690     0.0714     0.1138    34.0994    34.0974    8.37668         22 0.0000e+00
    243.000    240.349    -1.4429  27.265595    -1.4412  27.265499     6.3489     6.5334    -0.0037    98.4022 1.0000e-12  -73.88322 -111.33467  42.383722      99.95 3.7025e+01    455.565      10935  1028.6057  1028.6041     4.6680     0.0702     0.1116    34.1006    34.0987    8.37477         24 0.0000e+00
    244.000    241.334    -1.4426  27.266844    -1.4410  27.266871     6.3546     6.5452    -0.0020    98.4269 1.0000e-12  -73.88322 -111.33466  42.383733      99.95 3.6869e+01    456.536      10958  1028.6113  1028.6098     4.6692     0.0709     0.1105    34.1015    34.0997    8.37467         23 0.0000e+00
    245.000    242.325    -1.4446  27.266122    -1.4433  27.265976     6.3600     6.5502     0.0072    98.4182 1.0000e-12  -73.88322 -111.33466  42.383744      99.95 3.5043e+01    457.492      10981  1028.6167  1028.6153     4.6688     0.0723     0.1120    34.1021    34.1003    8.37507         23 0.0000e+00
    246.000    243.313    -1.4458  27.265918    -1.4444  27.265852     6.3571     6.5510     0.0038    98.4104 1.0000e-12  -73.88322 -111.33466  42.383755      99.95 3.6772e+01    458.448      11004  1028.6221  1028.6206     4.6684     0.0701     0.1108    34.1026    34.1008    8.37531         23 0.0000e+00
    247.000    244.300    -1.4450  27.267738    -1.4435  27.267676     6.3488     6.5441    -0.0079    98.3926 1.0000e-12  -73.88322 -111.33468  42.383766      99.95 3.5958e+01    459.406      11027  1028.6277  1028.6262     4.6676     0.0734     0.1119    34.1035    34.1018    8.37507         23 0.0000e+00
    248.000    245.290    -1.4429  27.271069    -1.4418  27.270586     6.3458     6.5497    -0.0027    98.4062 1.0000e-12  -73.88322 -111.33468  42.383777      99.95 3.5336e+01    460.358      11050  1028.6336  1028.6321     4.6682     0.0718     0.1136    34.1051    34.1032    8.37451         22 0.0000e+00
    249.000    246.278    -1.4412  27.273143    -1.4398  27.273018     6.3531     6.5444    -0.0013    98.3873 1.0000e-12  -73.88322 -111.33468  42.383788      99.95 3.6359e+01    461.312      11072  1028.6386  1028.6371     4.6673     0.0722     0.1118    34.1054    34.1036    8.37411         24 0.0000e+00
    250.000    247.267    -1.4400  27.274921    -1.4387  27.274774     6.3448     6.5302    -0.0026    98.3813 1.0000e-12  -73.88322 -111.33468  42.383800      99.95 3.6181e+01    462.276      11096  1028.6437  1028.6423     4.6671     0.0731     0.1124    34.1059    34.1042    8.37381         23 0.0000e+00
    251.000    248.255    -1.4410  27.275011    -1.4396  27.274872     6.3243     6.5166    -0.0084    98.3590 1.0000e-12  -73.88322 -111.33468  42.383811      96.00 3.6301e+01    463.242      11119  1028.6492  1028.6476     4.6659     0.0737     0.1125    34.1065    34.1047    8.37400         22 0.0000e+00
    252.000    249.243    -1.4302  27.286365    -1.4286  27.286032     6.3081     6.5061    -0.0046    98.4086 1.0000e-12  -73.88322 -111.33468  42.383822      51.50 3.6436e+01    464.205      11142  1028.6554  1028.6535     4.6683     0.0703     0.1099    34.1092    34.1069    8.37141         24 0.0000e+00
    253.000    250.232    -1.4217  27.294576    -1.4202  27.294386     6.2939     6.4931    -0.0017    98.3934 1.0000e-12  -73.88322 -111.33468  42.383833     100.11 3.6562e+01    465.170      11165  1028.6605  1028.6589     4.6676     0.0715     0.1145    34.1102    34.1082    8.36944         23 0.0000e+00
    254.000    251.220    -1.4159  27.300801    -1.4141  27.300726     6.2815     6.4721     0.0002    98.3756 1.0000e-12  -73.88322 -111.33468  42.383844      99.95 3.5874e+01    466.121      11188  1028.6661  1028.6643     4.6668     0.0700     0.1123    34.1115    34.1093    8.36806         23 0.0000e+00
    255.000    252.210    -1.3988  27.317782    -1.3975  27.317203     6.2716     6.4645     0.0097    98.3479 1.0000e-12  -73.88322 -111.33468  42.383855      99.95 3.6251e+01    467.074      11211  1028.6726  1028.6706     4.6654     0.0721     0.1142    34.1148    34.1125    8.36404         23 0.0000e+00
    256.000    253.197    -1.3855  27.331894    -1.3837  27.331639     6.2613     6.4565     0.0196    98.3487 1.0000e-12  -73.88322 -111.33468  42.383866      99.95 3.7017e+01    468.036      11234  1028.6795  1028.6775     4.6655     0.0722     0.1123    34.1184    34.1161    8.36083         23 0.0000e+00
    257.000    254.186    -1.3804  27.337337    -1.3789  27.337195     6.2588     6.4499     0.0067    98.2888 1.0000e-12  -73.88322 -111.33468  42.383877      99.95 3.5124e+01    468.990      11257  1028.6849  1028.6834     4.6626     0.0725     0.1118    34.1194    34.1176    8.35962         23 0.0000e+00
    258.000    255.174    -1.3772  27.341005    -1.3757  27.340919     6.2597     6.4502    -0.0021    98.3406 1.0000e-12  -73.88322 -111.33468  42.383888      99.95 3.6220e+01    469.937      11279  1028.6904  1028.6887     4.6651     0.0732     0.1114    34.1203    34.1183    8.35887         22 0.0000e+00
    259.000    256.164    -1.3731  27.345484    -1.3715  27.345408     6.2545     6.4461     0.0044    98.3679 1.0000e-12  -73.88322 -111.33468  42.383899      99.95 3.6718e+01    470.881      11302  1028.6957  1028.6941     4.6664     0.0722     0.1109    34.1211    34.1192    8.35788         23 0.0000e+00
