ocean_section_plots/required_files/ctd/dnbp2202_ctd284.cnv
* Sea-Bird SBE 9 Data File:
* FileName = D:\Data\raw\NBP2202_CTD284.hex
* Software Version Seasave V 7.26.7.121
* Temperature SN = 1649
* Conductivity SN = 2513
* Number of Bytes Per Scan = 40
* Number of Voltage Words = 5
* Number of Scans Averaged by the Deck Unit = 1
* NMEA Latitude = 74 08.78 S
* NMEA Longitude = 115 22.58 W
* NMEA UTC (Time) = Feb 22 2022  10:26:55
* NMEA baud rate = 9600
** Ship: RVIB N.B. Palmer
** Cruise: NBP2202 Thwaites
** Station: 186
** Operator: B. Bjork
# nquan = 28
# nvalues = 1136                        
# units = specified
# name 0 = prDM: Pressure, Digiquartz [db]
# name 1 = depSM: Depth [salt water, m]
# name 2 = t090C: Temperature [ITS-90, deg C]
# name 3 = c0mS/cm: Conductivity [mS/cm]
# name 4 = t190C: Temperature, 2 [ITS-90, deg C]
# name 5 = c1mS/cm: Conductivity, 2 [mS/cm]
# name 6 = sbeox0ML/L: Oxygen, SBE 43 [ml/l]
# name 7 = sbeox1ML/L: Oxygen, SBE 43, 2 [ml/l]
# name 8 = flECO-AFL: Fluorescence, WET Labs ECO-AFL/FL [mg/m^3]
# name 9 = CStarTr0: Beam Transmission, WET Labs C-Star [%]
# name 10 = par: PAR/Irradiance, Biospherical/Licor
# name 11 = latitude: Latitude [deg]
# name 12 = longitude: Longitude [deg]
# name 13 = timeJ: Julian Days
# name 14 = altM: Altimeter [m]
# name 15 = spar: SPAR, Biospherical/Licor
# name 16 = timeS: Time, Elapsed [seconds]
# name 17 = scan: Scan Count
# name 18 = density00: Density [density, kg/m^3]
# name 19 = density11: Density, 2 [density, kg/m^3]
# name 20 = v3: Voltage 3
# name 21 = v4: Voltage 4
# name 22 = v5: Voltage 5
# name 23 = sal00: Salinity, Practical [PSU]
# name 24 = sal11: Salinity, Practical, 2 [PSU]
# name 25 = oxsolML/L: Oxygen Saturation, Garcia & Gordon [ml/l]
# name 26 = nbin: number of scans per bin
# name 27 = flag: flag
# span 0 =      3.000,   1138.000       
# span 1 =      2.968,   1123.155       
# span 2 =    -1.8531,     0.5385       
# span 3 =  26.899333,  29.671604       
# span 4 =    -1.8526,     0.5408       
# span 5 =  26.900109,  29.672537       
# span 6 =     4.4573,     9.2278       
# span 7 =     4.5537,     9.5446       
# span 8 =     0.0126,     8.6223       
# span 9 =    89.1716,    98.7344       
# span 10 = 1.0000e-12, 2.0966e+00      
# span 11 =  -74.14636,  -74.14632      
# span 12 = -115.37650, -115.37642      
# span 13 =  53.438350,  53.453533      
# span 14 =       3.80,     100.30      
# span 15 = 1.7627e+01, 3.1772e+01      
# span 16 =    258.464,   1570.264      
# span 17 =       6204,      37687      
# span 18 =  1027.1729,  1033.0618      
# span 19 =  1027.1756,  1033.0605      
# span 20 =     4.2302,     4.6838      
# span 21 =     0.0679,     1.8784      
# span 22 =     0.1053,     0.2433      
# span 23 =    33.8016,    34.5603      
# span 24 =    33.8037,    34.5585      
# span 25 =    7.92333,    8.47019      
# span 26 =         16,         47      
# span 27 = 0.0000e+00, 0.0000e+00      
# interval = decibars: 1                
# start_time = Feb 22 2022 10:26:55 [NMEA time, header]
# bad_flag = -9.990e-29
*END*
[from data line 208]
    211.000    208.710    -1.4582  27.154043    -1.4580  27.154533     6.6788     6.8841     1.5220    93.9009 1.0000e-12  -74.14632 -115.37648  53.441746      99.81 2.4009e+01    551.830      13245  1028.3609  1028.3612     4.4545     0.4923     0.1477    33.9843    33.9848    8.38515         23 0.0000e+00
    212.000    209.699    -1.4605  27.152940    -1.4606  27.153201     6.6729     6.8792     2.0414    93.6222 1.0000e-12  -74.14632 -115.37648  53.441757      99.82 2.6835e+01    552.795      13268  1028.3660  1028.3664     4.4415     0.4939     0.1498    33.9848    33.9852    8.38564         23 0.0000e+00
    213.000    210.687    -1.4671  27.148595    -1.4678  27.148253     6.6670     6.8631     2.3219    93.9871 1.0000e-12  -74.14632 -115.37647  53.441768      99.83 2.9064e+01    553.756      13291  1028.3717  1028.3720     4.4587     0.4249     0.1503    33.9856    33.9859    8.38706         23 0.0000e+00
    214.000    211.676    -1.4615  27.156480    -1.4625  27.155205     6.6649     6.8484     2.2447    93.1176 1.0000e-12  -74.14632 -115.37646  53.441779      99.86 2.5177e+01    554.734      13315  1028.3792  1028.3788     4.4174     0.2945     0.1403    33.9896    33.9889    8.38559         24 0.0000e+00
    215.000    212.664    -1.4555  27.163242    -1.4552  27.163661     6.6576     6.8463     1.9120    93.8051 1.0000e-12  -74.14632 -115.37646  53.441791      99.84 2.6296e+01    555.714      13338  1028.3850  1028.3852     4.4500     0.4393     0.1393    33.9914    33.9916    8.38412         23 0.0000e+00
    216.000    213.653    -1.4565  27.163196    -1.4562  27.163581     6.6576     6.8464     1.8056    93.7374 1.0000e-12  -74.14632 -115.37646  53.441802      99.85 2.8237e+01    556.703      13362  1028.3901  1028.3903     4.4469     0.3372     0.1493    33.9918    33.9921    8.38431         24 0.0000e+00
    217.000    214.644    -1.4576  27.163207    -1.4573  27.163620     6.6509     6.8411     2.1108    93.6954 1.0000e-12  -74.14632 -115.37646  53.441814      99.84 2.6220e+01    557.689      13386  1028.3954  1028.3955     4.4449     0.4019     0.1372    33.9925    33.9927    8.38452         24 0.0000e+00
    218.000    215.630    -1.4577  27.163700    -1.4575  27.164145     6.6464     6.8316     2.3976    94.2969 1.0000e-12  -74.14632 -115.37646  53.441825      98.16 2.6370e+01    558.688      13410  1028.4003  1028.4005     4.4733     0.3287     0.1380    33.9927    33.9930    8.38454         24 0.0000e+00
    219.000    216.618    -1.4575  27.165764    -1.4572  27.166220     6.6459     6.8304     2.2041    94.4990 1.0000e-12  -74.14632 -115.37646  53.441837      99.84 2.7687e+01    559.680      13433  1028.4066  1028.4068     4.4829     0.5243     0.1520    33.9946    33.9949    8.38437         23 0.0000e+00
    220.000    217.608    -1.4666  27.160305    -1.4660  27.160924     6.6331     6.8267     1.8716    93.9666 1.0000e-12  -74.14632 -115.37646  53.441848      99.83 2.6729e+01    560.654      13457  1028.4137  1028.4139     4.4577     0.3945     0.1400    33.9968    33.9971    8.38629         24 0.0000e+00
    221.000    218.596    -1.4754  27.154325    -1.4753  27.154830     6.6345     6.8136     1.9115    94.1070 1.0000e-12  -74.14632 -115.37646  53.441859      99.83 2.5520e+01    561.627      13480  1028.4200  1028.4204     4.4644     0.4054     0.1347    33.9980    33.9986    8.38821         23 0.0000e+00
    222.000    219.585    -1.4827  27.150146    -1.4820  27.150855     6.6260     6.8099     2.1511    94.0451 1.0000e-12  -74.14632 -115.37646  53.441870      99.80 2.9539e+01    562.607      13504  1028.4267  1028.4268     4.4614     0.5647     0.1546    34.0000    34.0001    8.38974         24 0.0000e+00
    223.000    220.573    -1.4843  27.150120    -1.4838  27.150624     6.6264     6.8079     2.9560    95.0653 1.0000e-12  -74.14632 -115.37646  53.441882      99.85 2.8359e+01    563.584      13527  1028.4324  1028.4325     4.5097     0.3495     0.1422    34.0010    34.0012    8.39002         23 0.0000e+00
    224.000    221.563    -1.4894  27.148172    -1.4883  27.149198     6.6182     6.8049     2.2957    94.6909 1.0000e-12  -74.14632 -115.37646  53.441893      99.85 2.5691e+01    564.569      13551  1028.4394  1028.4395     4.4920     0.3350     0.1534    34.0036    34.0038    8.39103         24 0.0000e+00
    225.000    222.551    -1.4938  27.145522    -1.4937  27.145821     6.6164     6.8046     1.5809    93.6071 1.0000e-12  -74.14632 -115.37646  53.441905      99.85 2.9383e+01    565.563      13575  1028.4449  1028.4452     4.4407     0.3210     0.1468    34.0043    34.0046    8.39197         24 0.0000e+00
    226.000    223.540    -1.4979  27.142947    -1.4962  27.144452     6.6290     6.8095     1.6716    94.5797 1.0000e-12  -74.14632 -115.37646  53.441916      99.85 2.8592e+01    566.539      13598  1028.4503  1028.4503     4.4868     0.3653     0.1377    34.0048    34.0049    8.39288         23 0.0000e+00
    227.000    224.526    -1.5176  27.128071    -1.5159  27.129566     6.6239     6.8087     1.9920    94.5490 1.0000e-12  -74.14632 -115.37646  53.441927      99.83 2.5146e+01    567.498      13621  1028.4573  1028.4574     4.4853     0.4366     0.1521    34.0060    34.0063    8.39724         23 0.0000e+00
    228.000    225.517    -1.5368  27.113330    -1.5380  27.112870     6.6293     6.8104     1.8447    94.1581 1.0000e-12  -74.14632 -115.37646  53.441938      99.84 2.9251e+01    568.470      13644  1028.4638  1028.4646     4.4668     0.4257     0.1358    34.0069    34.0078    8.40152         23 0.0000e+00
    229.000    226.506    -1.5513  27.103023    -1.5492  27.104907     6.6350     6.8106     1.7956    93.9558 1.0000e-12  -74.14632 -115.37644  53.441950      99.83 2.8717e+01    569.444      13668  1028.4707  1028.4708     4.4572     0.4491     0.2433    34.0086    34.0088    8.40471         24 0.0000e+00
    230.000    227.494    -1.5576  27.098336    -1.5562  27.099754     6.6318     6.8132     1.4141    93.9979 1.0000e-12  -74.14632 -115.37644  53.441961      99.84 2.4544e+01    570.413      13691  1028.4757  1028.4760     4.4597     0.4110     0.1422    34.0087    34.0091    8.40612         23 0.0000e+00
    231.000    228.481    -1.5640  27.093713    -1.5661  27.092452     6.6317     6.8206     1.6673    95.0508 1.0000e-12  -74.14632 -115.37644  53.441972      99.86 2.9052e+01    571.388      13714  1028.4810  1028.4817     4.5087     0.2960     0.1636    34.0090    34.0097    8.40756         24 0.0000e+00
    232.000    229.472    -1.5772  27.084187    -1.5766  27.084688     6.6472     6.8215     1.6240    94.4119 1.0000e-12  -74.14634 -115.37644  53.441984      95.59 2.8896e+01    572.376      13738  1028.4874  1028.4874     4.4789     0.3082     0.1594    34.0102    34.0102    8.41047         23 0.0000e+00
    233.000    230.458    -1.5850  27.078583    -1.5899  27.075195     6.6456     6.8124     1.5559    94.5536 1.0000e-12  -74.14634 -115.37644  53.441995      99.85 2.4100e+01    573.353      13761  1028.4929  1028.4940     4.4855     0.2984     0.1425    34.0108    34.0117    8.41221         24 0.0000e+00
    234.000    231.448    -1.5931  27.073133    -1.5926  27.073687     6.6367     6.8128     1.6735    94.7558 1.0000e-12  -74.14634 -115.37644  53.442006      99.86 2.8111e+01    574.311      13784  1028.4989  1028.4990     4.4952     0.2578     0.1465    34.0119    34.0121    8.41398         23 0.0000e+00
    235.000    232.436    -1.5939  27.073179    -1.5934  27.073787     6.6359     6.8063     1.7191    94.9688 1.0000e-12  -74.14634 -115.37644  53.442017      99.83 2.9655e+01    575.287      13808  1028.5037  1028.5039     4.5052     0.3816     0.1423    34.0123    34.0125    8.41414         23 0.0000e+00
    236.000    233.424    -1.5945  27.073482    -1.5933  27.074378     6.6353     6.8042     1.6068    93.2472 1.0000e-12  -74.14634 -115.37644  53.442029      99.85 2.4020e+01    576.271      13831  1028.5087  1028.5085     4.4244     0.3079     0.1310    34.0127    34.0126    8.41424         24 0.0000e+00
    237.000    234.413    -1.6015  27.069115    -1.6008  27.069889     6.6313     6.8082     1.5480    94.7203 1.0000e-12  -74.14634 -115.37644  53.442040      99.86 2.7860e+01    577.257      13855  1028.5148  1028.5151     4.4926     0.2657     0.1375    34.0140    34.0143    8.41575         24 0.0000e+00
    238.000    235.402    -1.6121  27.062004    -1.6110  27.063089     6.6243     6.8025     1.2015    94.9644 1.0000e-12  -74.14634 -115.37644  53.442051      99.86 2.9722e+01    578.241      13879  1028.5214  1028.5216     4.5050     0.2694     0.1408    34.0156    34.0159    8.41806         23 0.0000e+00
    239.000    236.390    -1.6294  27.049753    -1.6292  27.050365     6.6156     6.7984     1.7148    94.7978 1.0000e-12  -74.14634 -115.37644  53.442063      99.85 2.6067e+01    579.206      13902  1028.5289  1028.5294     4.4971     0.3292     0.1283    34.0178    34.0184    8.42185         23 0.0000e+00
    240.000    237.379    -1.6382  27.044886    -1.6378  27.045430     6.6077     6.7909     1.5058    93.8087 1.0000e-12  -74.14634 -115.37644  53.442074      99.85 2.5673e+01    580.174      13925  1028.5362  1028.5364     4.4502     0.3487     0.1362    34.0205    34.0207    8.42370         23 0.0000e+00
    241.000    238.367    -1.6472  27.039931    -1.6479  27.039490     6.6043     6.7804     1.6693    94.3923 1.0000e-12  -74.14634 -115.37644  53.442085      99.84 2.8547e+01    581.137      13948  1028.5435  1028.5437     4.4779     0.3767     0.1378    34.0232    34.0234    8.42556         23 0.0000e+00
    242.000    239.356    -1.6611  27.030298    -1.6613  27.030522     6.6122     6.7809     1.5357    94.6801 1.0000e-12  -74.14634 -115.37644  53.442096      99.85 2.7516e+01    582.084      13971  1028.5506  1028.5510     4.4915     0.2892     0.1402    34.0252    34.0257    8.42862         23 0.0000e+00
    243.000    240.344    -1.6681  27.025418    -1.6674  27.026288     6.6101     6.7770     1.3278    95.5432 1.0000e-12  -74.14634 -115.37644  53.442107      99.84 2.6060e+01    583.042      13994  1028.5561  1028.5563     4.5323     0.3799     0.1378    34.0258    34.0262    8.43017         23 0.0000e+00
    244.000    241.331    -1.6844  27.012876    -1.6848  27.013330     6.6048     6.7746     1.2889    95.3210 1.0000e-12  -74.14634 -115.37644  53.442118      98.64 2.9560e+01    584.030      14018  1028.5622  1028.5630     4.5220     0.2699     0.1293    34.0264    34.0274    8.43385         24 0.0000e+00
    245.000    242.323    -1.7166  26.990779    -1.7163  26.991402     6.5998     6.7708     1.3737    94.6443 1.0000e-12  -74.14634 -115.37644  53.442130      92.41 2.7263e+01    585.016      14041  1028.5731  1028.5735     4.4898     0.3588     0.1321    34.0319    34.0325    8.44083         24 0.0000e+00
    246.000    243.308    -1.7352  26.977445    -1.7347  26.978199     6.5867     6.7554     1.2589    94.2162 1.0000e-12  -74.14634 -115.37644  53.442141      99.68 2.5787e+01    585.978      14064  1028.5804  1028.5808     4.4696     0.2958     0.1377    34.0340    34.0345    8.44494         23 0.0000e+00
    247.000    244.298    -1.7574  26.961666    -1.7578  26.961902     6.5862     6.7599     1.0796    94.7816 1.0000e-12  -74.14634 -115.37645  53.442152      99.85 2.8404e+01    586.947      14088  1028.5885  1028.5892     4.4964     0.3417     0.1341    34.0368    34.0377    8.44983         23 0.0000e+00
    248.000    245.287    -1.7720  26.952220    -1.7715  26.953288     6.5827     6.7689     1.0123    95.5787 1.0000e-12  -74.14634 -115.37646  53.442163      99.86 2.8746e+01    587.929      14111  1028.5963  1028.5969     4.5342     0.2629     0.1254    34.0399    34.0408    8.45300         23 0.0000e+00
    249.000    246.275    -1.8077  26.926523    -1.8056  26.928873     6.5792     6.7574     0.9734    95.2837 1.0000e-12  -74.14634 -115.37646  53.442175      99.85 2.4654e+01    588.902      14135  1028.6064  1028.6071     4.5201     0.3139     0.1236    34.0443    34.0453    8.46088         24 0.0000e+00
    250.000    247.263    -1.8512  26.899333    -1.8508  26.900109     6.5795     6.7588     0.9722    95.2233 1.0000e-12  -74.14634 -115.37646  53.442186      99.87 2.8869e+01    589.879      14158  1028.6226  1028.6232     4.5174     0.2143     0.1267    34.0557    34.0564    8.47015         24 0.0000e+00
    251.000    248.250    -1.8531  26.902975    -1.8526  26.903743     6.5764     6.7573     0.9268    96.1155 1.0000e-12  -74.14634 -115.37646  53.442198      99.87 2.9157e+01    590.879      14182  1028.6323  1028.6328     4.5596     0.1642     0.1214    34.0623    34.0629    8.47019         24 0.0000e+00
    252.000    249.242    -1.8519  26.905281    -1.8518  26.905835     6.5790     6.7529     0.6987    95.8120 1.0000e-12  -74.14634 -115.37646  53.442209      99.86 2.5388e+01    591.884      14206  1028.6375  1028.6381     4.5452     0.2336     0.1203    34.0636    34.0643    8.46984         24 0.0000e+00
    253.000    250.229    -1.8520  26.905900    -1.8518  26.906453     6.5793     6.7595     0.5292    95.2496 1.0000e-12  -74.14634 -115.37646  53.442221      99.86 2.9332e+01    592.884      14230  1028.6422  1028.6426     4.5185     0.2300     0.1178    34.0639    34.0645    8.46984         24 0.0000e+00
    254.000    251.216    -1.8519  26.906598    -1.8517  26.907133     6.5755     6.7555     0.5496    96.0713 1.0000e-12  -74.14634 -115.37646  53.442232      99.86 2.9890e+01    593.871      14254  1028.6468  1028.6472     4.5575     0.2177     0.1231    34.0642    34.0647    8.46981         23 0.0000e+00
    255.000    252.205    -1.8519  26.907284    -1.8518  26.907786     6.5765     6.7584     0.6287    96.2163 1.0000e-12  -74.14634 -115.37646  53.442244      99.87 2.5725e+01    594.850      14277  1028.6515  1028.6520     4.5645     0.2257     0.1163    34.0644    34.0650    8.46978         24 0.0000e+00
    256.000    253.195    -1.8518  26.907993    -1.8517  26.908296     6.5820     6.7628     0.6859    96.7532 1.0000e-12  -74.14634 -115.37646  53.442255      99.86 2.8735e+01    595.831      14301  1028.6563  1028.6565     4.5898     0.1702     0.1182    34.0648    34.0651    8.46976         23 0.0000e+00
    257.000    254.183    -1.8518  26.908567    -1.8516  26.909059     6.5865     6.7531     0.5847    96.5924 1.0000e-12  -74.14634 -115.37646  53.442266      88.64 2.8352e+01    596.811      14324  1028.6609  1028.6613     4.5822     0.1655     0.1192    34.0649    34.0654    8.46974         23 0.0000e+00
    258.000    255.171    -1.8516  26.909246    -1.8515  26.909777     6.5837     6.7517     0.5438    96.5901 1.0000e-12  -74.14634 -115.37646  53.442278      91.36 2.5092e+01    597.780      14348  1028.6656  1028.6660     4.5821     0.1444     0.1189    34.0650    34.0656    8.46970         24 0.0000e+00
    259.000    256.160    -1.8517  26.909731    -1.8517  26.910136     6.5783     6.7572     0.5878    96.9331 1.0000e-12  -74.14634 -115.37646  53.442289      98.23 2.8201e+01    598.749      14371  1028.6704  1028.6708     4.5984     0.2685     0.1253    34.0652    34.0657    8.46971         23 0.0000e+00
    260.000    257.147    -1.8522  26.910355    -1.8520  26.910785     6.5777     6.7542     0.7775    97.1718 1.0000e-12  -74.14634 -115.37646  53.442300      99.87 2.8902e+01    599.717      14394  1028.6757  1028.6760     4.6097     0.2777     0.1195    34.0660    34.0663    8.46978         23 0.0000e+00
