ocean_section_plots/required_files/ctd/dnbp2202_ctd028.cnv
* Sea-Bird SBE 9 Data File:
* FileName = D:\Data\raw\NBP2202_CTD028.hex
* Software Version Seasave V 7.26.7.121
* Temperature SN = 1649
* Conductivity SN = 2513
* Number of Bytes Per Scan = 40
* Number of Voltage Words = 5
* Number of Scans Averaged by the Deck Unit = 1
* NMEA Latitude = 74 13.82 S
* NMEA Longitude = 112 13.31 W
* NMEA UTC (Time) = Jan 21 2022  09:04:53
* NMEA baud rate = 9600
** Ship: RVIB N.B. Palmer
** Cruise: NBP2202 Thwaites
** Station: Tow-Yo #1
** Operator: B. Bjork
# nquan = 25
# nvalues = 988                         
# units = specified
# name 0 = prDM: Pressure, Digiquartz [db]
# name 1 = depSM: Depth [salt water, m]
# name 2 = t090C: Temperature [ITS-90, deg C]
# name 3 = c0mS/cm: Conductivity [mS/cm]
# name 4 = t190C: Temperature, 2 [ITS-90, deg C]
# name 5 = c1mS/cm: Conductivity, 2 [mS/cm]
# name 6 = sbeox0ML/L: Oxygen, SBE 43 [ml/l]
# name 7 = sbeox1ML/L: Oxygen, SBE 43, 2 [ml/l]
# name 8 = flECO-AFL: Fluorescence, WET Labs ECO-AFL/FL [mg/m^3]
# name 9 = CStarTr0: Beam Transmission, WET Labs C-Star [%]
# name 10 = par: PAR/Irradiance, Biospherical/Licor
# name 11 = latitude: Latitude [deg]
# name 12 = longitude: Longitude [deg]
# name 13 = timeJ: Julian Days
# name 14 = altM: Altimeter [m]
# name 15 = spar: SPAR, Biospherical/Licor
# name 16 = timeS: Time, Elapsed [seconds]
# name 17 = scan: Scan Count
# name 18 = density00: Density [density, kg/m^3]
# name 19 = density11: Density, 2 [density, kg/m^3]
# name 20 = sal00: Salinity, Practical [PSU]
# name 21 = sal11: Salinity, Practical, 2 [PSU]
# name 22 = oxsolML/L: Oxygen Saturation, Garcia & Gordon [ml/l]
# name 23 = nbin: number of scans per bin
# name 24 = flag: flag
# span 0 =     10.000,    997.000       
# span 1 =      9.895,    984.317       
# span 2 =    -1.4993,     0.5232       
# span 3 =  27.085834,  29.592257       
# span 4 =    -1.4978,     0.5255       
# span 5 =  27.085756,  29.592164       
# span 6 =     4.5647,     7.9749       
# span 7 =     4.7910,     8.3895       
# span 8 =    -0.0147,    19.2465       
# span 9 =    73.5865,    98.2679       
# span 10 = 1.0000e-12, 4.9355e+00      
# span 11 =  -74.23050,  -74.23008      
# span 12 = -112.22185, -112.21406      
# span 13 =  21.378769,  21.394158      
# span 14 =       7.29,     100.05      
# span 15 = 6.2582e+02, 7.0092e+02      
# span 16 =     32.644,   1362.259      
# span 17 =        784,      32695      
# span 18 =  1027.2364,  1032.4026      
# span 19 =  1027.2346,  1032.4002      
# span 20 =    33.8009,    34.5526      
# span 21 =    33.7985,    34.5499      
# span 22 =    7.92686,    8.39300      
# span 23 =         25,         60      
# span 24 = 0.0000e+00, 0.0000e+00      
# interval = decibars: 1                
# start_time = Jan 21 2022 09:04:53 [NMEA time, header]
# bad_flag = -9.990e-29
*END*
[from data line 174]
    184.000    182.014    -1.4038  27.187733    -1.4023  27.187416     6.0251     6.3563     0.1737    97.1649 1.0000e-12  -74.23038 -112.22020  21.382237      99.86 6.3993e+02    332.300       7976  1028.2284  1028.2265    33.9857    33.9835    8.37283         29 0.0000e+00
    185.000    183.003    -1.4019  27.190152    -1.3994  27.190551     6.0207     6.3536     0.1739    97.1658 1.0000e-12  -74.23038 -112.22020  21.382251      99.87 6.3993e+02    333.506       8005  1028.2335  1028.2316    33.9862    33.9839    8.37237         29 0.0000e+00
    186.000    183.991    -1.3991  27.193220    -1.3967  27.193638     6.0173     6.3466     0.1470    97.3971 1.0000e-12  -74.23038 -112.22019  21.382265      99.86 6.3993e+02    334.716       8034  1028.2386  1028.2367    33.9866    33.9844    8.37171         29 0.0000e+00
    187.000    184.981    -1.3976  27.195201    -1.3963  27.194807     6.0156     6.3413     0.1436    97.3673 1.0000e-12  -74.23038 -112.22018  21.382279      99.87 6.3993e+02    335.917       8063  1028.2438  1028.2421    33.9871    33.9850    8.37136         29 0.0000e+00
    188.000    185.969    -1.3965  27.197585    -1.3949  27.197262     6.0171     6.3426     0.0951    97.6466 1.0000e-12  -74.23038 -112.22018  21.382293      87.55 6.3993e+02    337.123       8092  1028.2497  1028.2479    33.9884    33.9862    8.37102         29 0.0000e+00
    189.000    186.958    -1.3941  27.200959    -1.3928  27.200355     6.0402     6.3596     0.1242    97.5984 1.0000e-12  -74.23038 -112.22018  21.382307      98.46 6.3993e+02    338.328       8121  1028.2555  1028.2536    33.9897    33.9874    8.37041         29 0.0000e+00
    190.000    187.947    -1.4005  27.197405    -1.3994  27.196905     6.0864     6.4070     0.1264    97.6175 1.0000e-12  -74.23038 -112.22016  21.382321      99.85 6.3993e+02    339.531       8150  1028.2622  1028.2606    33.9915    33.9895    8.37174         29 0.0000e+00
    191.000    188.935    -1.4155  27.186152    -1.4147  27.185472     6.1240     6.4475     0.0933    97.6903 1.0000e-12  -74.23038 -112.22016  21.382335      99.86 6.3993e+02    340.732       8179  1028.2687  1028.2673    33.9924    33.9905    8.37505         29 0.0000e+00
    192.000    189.924    -1.4356  27.170813    -1.4351  27.170052     6.1530     6.4662     0.1276    97.7188 1.0000e-12  -74.23038 -112.22015  21.382349      99.87 6.3993e+02    341.954       8208  1028.2758  1028.2744    33.9936    33.9919    8.37952         29 0.0000e+00
    193.000    190.911    -1.4432  27.165767    -1.4417  27.165547     6.1645     6.4873     0.1050    97.7511 1.0000e-12  -74.23036 -112.22014  21.382363      99.87 6.4103e+02    343.176       8237  1028.2817  1028.2800    33.9945    33.9925    8.38115         29 0.0000e+00
    194.000    191.903    -1.4487  27.162248    -1.4476  27.161839     6.1742     6.4975     0.1215    97.6657 1.0000e-12  -74.23036 -112.22014  21.382377      99.87 6.4087e+02    344.402       8267  1028.2874  1028.2859    33.9954    33.9935    8.38234         30 0.0000e+00
    195.000    192.890    -1.4516  27.160503    -1.4499  27.160469     6.1821     6.5083     0.1490    97.1304 1.0000e-12  -74.23036 -112.22013  21.382392      99.87 6.4029e+02    345.631       8296  1028.2924  1028.2908    33.9956    33.9937    8.38298         29 0.0000e+00
    196.000    193.880    -1.4544  27.158703    -1.4530  27.158443     6.1873     6.5104     0.1646    97.8102 1.0000e-12  -74.23036 -112.22012  21.382406      99.87 6.4029e+02    346.836       8325  1028.2974  1028.2958    33.9958    33.9938    8.38361         29 0.0000e+00
    197.000    194.867    -1.4550  27.158695    -1.4546  27.157635     6.1921     6.5226     0.1104    97.7324 1.0000e-12  -74.23036 -112.22012  21.382419      99.87 6.4102e+02    348.039       8354  1028.3021  1028.3006    33.9958    33.9938    8.38374         29 0.0000e+00
    198.000    195.856    -1.4595  27.155720    -1.4589  27.154818     6.2089     6.5350     0.1291    97.6598 1.0000e-12  -74.23036 -112.22012  21.382433      99.86 6.4066e+02    349.243       8383  1028.3075  1028.3059    33.9962    33.9942    8.38473         29 0.0000e+00
    199.000    196.845    -1.4656  27.151506    -1.4646  27.150956     6.2221     6.5568     0.1382    97.6831 1.0000e-12  -74.23036 -112.22010  21.382447      91.78 6.4000e+02    350.442       8412  1028.3129  1028.3114    33.9966    33.9948    8.38607         29 0.0000e+00
    200.000    197.833    -1.4736  27.145763    -1.4726  27.145240     6.2393     6.5650     0.1226    97.7289 1.0000e-12  -74.23036 -112.22009  21.382461      99.74 6.4041e+02    351.648       8441  1028.3186  1028.3171    33.9972    33.9954    8.38784         29 0.0000e+00
    201.000    198.823    -1.4781  27.143714    -1.4764  27.143613     6.2318     6.5671     0.1188    97.7186 1.0000e-12  -74.23036 -112.22008  21.382475      99.87 6.4104e+02    352.878       8470  1028.3249  1028.3231    33.9989    33.9968    8.38875         30 0.0000e+00
    202.000    199.812    -1.4784  27.144369    -1.4770  27.144011     6.2308     6.5569     0.1540    97.7943 1.0000e-12  -74.23036 -112.22008  21.382490      99.86 6.4025e+02    354.096       8499  1028.3301  1028.3284    33.9996    33.9975    8.38879         28 0.0000e+00
    203.000    200.800    -1.4767  27.146636    -1.4754  27.146191     6.2227     6.5580     0.1684    97.7348 1.0000e-12  -74.23036 -112.22008  21.382503      99.86 6.3999e+02    355.294       8528  1028.3352  1028.3334    34.0001    33.9980    8.38838         29 0.0000e+00
    204.000    201.788    -1.4748  27.149047    -1.4732  27.148921     6.2201     6.5551     0.1422    97.8341 1.0000e-12  -74.23036 -112.22006  21.382517      99.87 6.4072e+02    356.497       8557  1028.3401  1028.3385    34.0006    33.9987    8.38791         29 0.0000e+00
    205.000    202.777    -1.4739  27.150670    -1.4723  27.150435     6.2207     6.5555     0.1807    97.7373 1.0000e-12  -74.23036 -112.22005  21.382532      99.86 6.4152e+02    357.722       8586  1028.3453  1028.3435    34.0012    33.9991    8.38767         29 0.0000e+00
    206.000    203.766    -1.4735  27.151450    -1.4722  27.151063     6.2170     6.5558     0.1280    97.7477 1.0000e-12  -74.23036 -112.22004  21.382546      99.87 6.4234e+02    358.946       8616  1028.3501  1028.3484    34.0013    33.9992    8.38759         30 0.0000e+00
    207.000    204.754    -1.4741  27.151474    -1.4729  27.151019     6.2220     6.5601     0.1320    97.6907 1.0000e-12  -74.23036 -112.22004  21.382560      99.87 6.4332e+02    360.162       8645  1028.3549  1028.3533    34.0013    33.9993    8.38772         29 0.0000e+00
    208.000    205.742    -1.4779  27.149582    -1.4771  27.148856     6.2384     6.5718     0.1678    97.7168 1.0000e-12  -74.23034 -112.22004  21.382574      99.86 6.4307e+02    361.361       8674  1028.3608  1028.3592    34.0024    34.0005    8.38850         28 0.0000e+00
    209.000    206.733    -1.4829  27.146544    -1.4822  27.145870     6.2404     6.5807     0.1608    97.7389 1.0000e-12  -74.23034 -112.22002  21.382588      94.59 6.4368e+02    362.559       8702  1028.3665  1028.3651    34.0033    34.0015    8.38957         30 0.0000e+00
    210.000    207.721    -1.4850  27.145794    -1.4835  27.145505     6.2514     6.5837     0.1921    97.7552 1.0000e-12  -74.23034 -112.22002  21.382602      96.64 6.4327e+02    363.781       8732  1028.3720  1028.3703    34.0040    34.0019    8.39001         29 0.0000e+00
    211.000    208.708    -1.4895  27.143724    -1.4881  27.143438     6.2499     6.5832     0.1627    97.7446 1.0000e-12  -74.23034 -112.22002  21.382616      99.88 6.4229e+02    365.003       8761  1028.3784  1028.3767    34.0057    34.0037    8.39093         29 0.0000e+00
    212.000    209.698    -1.4907  27.143793    -1.4890  27.143597     6.2532     6.5941     0.1328    97.2967 1.0000e-12  -74.23034 -112.22000  21.382630      99.87 6.4321e+02    366.196       8790  1028.3838  1028.3819    34.0065    34.0043    8.39114         28 0.0000e+00
    213.000    210.687    -1.4924  27.142726    -1.4912  27.142460     6.2581     6.5982     0.2090    97.7933 1.0000e-12  -74.23034 -112.22000  21.382643      99.86 6.4217e+02    367.387       8818  1028.3886  1028.3871    34.0064    34.0046    8.39154         29 0.0000e+00
    214.000    211.676    -1.4968  27.140108    -1.4954  27.139703     6.2636     6.5956     0.1228    97.7693 1.0000e-12  -74.23034 -112.22000  21.382657      99.87 6.4132e+02    368.595       8847  1028.3942  1028.3925    34.0071    34.0050    8.39248         29 0.0000e+00
    215.000    212.664    -1.4975  27.140135    -1.4961  27.139758     6.2613     6.6031     0.1602    97.8075 1.0000e-12  -74.23034 -112.21999  21.382671      99.86 6.4287e+02    369.812       8876  1028.3991  1028.3974    34.0073    34.0052    8.39262         29 0.0000e+00
    216.000    213.652    -1.4982  27.140074    -1.4968  27.139793     6.2663     6.6063     0.1740    97.8094 1.0000e-12  -74.23034 -112.21998  21.382685      99.87 6.4175e+02    371.025       8906  1028.4041  1028.4023    34.0075    34.0054    8.39279         30 0.0000e+00
    217.000    214.640    -1.4986  27.140285    -1.4973  27.139932     6.2689     6.6066     0.1166    97.8198 1.0000e-12  -74.23034 -112.21998  21.382700      99.86 6.4067e+02    372.240       8935  1028.4089  1028.4072    34.0076    34.0055    8.39287         28 0.0000e+00
    218.000    215.630    -1.4991  27.140451    -1.4977  27.140143     6.2691     6.6077     0.1410    97.8240 1.0000e-12  -74.23034 -112.21998  21.382713      99.87 6.4259e+02    373.449       8964  1028.4138  1028.4121    34.0077    34.0057    8.39297         30 0.0000e+00
    219.000    216.617    -1.4993  27.140886    -1.4978  27.140554     6.2684     6.5988     0.1582    97.7857 1.0000e-12  -74.23034 -112.21996  21.382728      99.86 6.4351e+02    374.660       8993  1028.4187  1028.4169    34.0079    34.0058    8.39300         29 0.0000e+00
    220.000    217.607    -1.4983  27.142276    -1.4970  27.141746     6.2615     6.5988     0.1266    97.8249 1.0000e-12  -74.23034 -112.21996  21.382742      76.84 6.4449e+02    375.885       9022  1028.4235  1028.4217    34.0081    34.0058    8.39277         29 0.0000e+00
    221.000    218.595    -1.4981  27.142987    -1.4966  27.142719     6.2666     6.5971     0.1295    97.8675 1.0000e-12  -74.23034 -112.21996  21.382756      93.74 6.4344e+02    377.093       9051  1028.4284  1028.4267    34.0082    34.0062    8.39271         29 0.0000e+00
    222.000    219.584    -1.4977  27.143940    -1.4963  27.143694     6.2644     6.6002     0.1315    97.8497 1.0000e-12  -74.23034 -112.21994  21.382769      99.79 6.4381e+02    378.278       9080  1028.4333  1028.4317    34.0084    34.0065    8.39261         29 0.0000e+00
    223.000    220.572    -1.4972  27.145016    -1.4958  27.144636     6.2604     6.5938     0.1802    97.7933 1.0000e-12  -74.23034 -112.21994  21.382783      99.87 6.4289e+02    379.475       9108  1028.4383  1028.4366    34.0087    34.0066    8.39247         28 0.0000e+00
    224.000    221.562    -1.4963  27.146359    -1.4952  27.145737     6.2508     6.5902     0.1266    97.8348 1.0000e-12  -74.23034 -112.21993  21.382797      99.86 6.4437e+02    380.678       9137  1028.4432  1028.4415    34.0089    34.0068    8.39226         29 0.0000e+00
    225.000    222.549    -1.4938  27.149259    -1.4926  27.148674     6.2418     6.5908     0.1498    97.7423 1.0000e-12  -74.23034 -112.21993  21.382811      99.86 6.4479e+02    381.883       9166  1028.4483  1028.4465    34.0094    34.0073    8.39167         29 0.0000e+00
    226.000    223.539    -1.4923  27.150970    -1.4907  27.151032     6.2412     6.5878     0.1552    97.6740 1.0000e-12  -74.23034 -112.21992  21.382825      99.86 6.4376e+02    383.077       9195  1028.4530  1028.4515    34.0095    34.0077    8.39134         29 0.0000e+00
    227.000    224.526    -1.4920  27.151971    -1.4901  27.152111     6.2335     6.5753     0.1169    97.5936 1.0000e-12  -74.23034 -112.21990  21.382839      99.86 6.4251e+02    384.269       9223  1028.4581  1028.4564    34.0099    34.0079    8.39123         28 0.0000e+00
    228.000    225.516    -1.4900  27.154573    -1.4885  27.154204     6.2218     6.5649     0.1358    97.7797 1.0000e-12  -74.23034 -112.21991  21.382853      99.87 6.4292e+02    385.476       9252  1028.4633  1028.4615    34.0106    34.0084    8.39074         30 0.0000e+00
    229.000    226.504    -1.4849  27.160231    -1.4829  27.160209     6.2127     6.5538     0.1256    97.8256 1.0000e-12  -74.23034 -112.21989  21.382867      99.86 6.4356e+02    386.689       9282  1028.4689  1028.4670    34.0119    34.0097    8.38951         29 0.0000e+00
    230.000    227.492    -1.4799  27.165562    -1.4785  27.165094     6.2081     6.5459     0.0854    97.8464 1.0000e-12  -74.23034 -112.21989  21.382881      99.87 6.4345e+02    387.896       9310  1028.4743  1028.4725    34.0130    34.0108    8.38833         28 0.0000e+00
    231.000    228.481    -1.4779  27.168162    -1.4766  27.167743     6.2053     6.5463     0.0802    97.7023 1.0000e-12  -74.23034 -112.21988  21.382895      88.42 6.4345e+02    389.089       9339  1028.4796  1028.4778    34.0137    34.0116    8.38784         29 0.0000e+00
    232.000    229.470    -1.4775  27.170127    -1.4760  27.169791     6.2036     6.5429     0.1151    97.8213 1.0000e-12  -74.23034 -112.21988  21.382909      99.98 6.4345e+02    390.304       9368  1028.4857  1028.4839    34.0153    34.0132    8.38764         29 0.0000e+00
    233.000    230.458    -1.4759  27.172886    -1.4746  27.172393     6.2041     6.5426     0.0919    97.8699 1.0000e-12  -74.23034 -112.21987  21.382923      99.87 6.4421e+02    391.523       9398  1028.4915  1028.4897    34.0167    34.0145    8.38720         29 0.0000e+00
    234.000    231.446    -1.4754  27.173839    -1.4741  27.173376     6.2110     6.5425     0.1515    97.8858 1.0000e-12  -74.23034 -112.21986  21.382937      99.86 6.4509e+02    392.729       9427  1028.4964  1028.4947    34.0168    34.0147    8.38708         30 0.0000e+00
    235.000    232.434    -1.4750  27.174837    -1.4736  27.174529     6.2063     6.5379     0.0796    97.9581 1.0000e-12  -74.23034 -112.21986  21.382951      99.87 6.4330e+02    393.934       9455  1028.5015  1028.4998    34.0171    34.0151    8.38697         29 0.0000e+00
    236.000    233.425    -1.4748  27.175695    -1.4735  27.175304     6.2046     6.5442     0.0640    97.9650 1.0000e-12  -74.23034 -112.21986  21.382965      99.86 6.4370e+02    395.142       9484  1028.5066  1028.5049    34.0174    34.0154    8.38691         28 0.0000e+00
    237.000    234.411    -1.4748  27.176415    -1.4734  27.176009     6.2036     6.5462     0.0534    97.9889 1.0000e-12  -74.23034 -112.21984  21.382978      99.86 6.4521e+02    396.336       9513  1028.5117  1028.5099    34.0178    34.0157    8.38689         29 0.0000e+00
    238.000    235.399    -1.4748  27.177177    -1.4734  27.176908     6.2108     6.5398     0.0744    97.9486 1.0000e-12  -74.23034 -112.21983  21.382992      99.86 6.4521e+02    397.535       9542  1028.5169  1028.5152    34.0182    34.0163    8.38686         27 0.0000e+00
    239.000    236.390    -1.4747  27.177912    -1.4733  27.177646     6.2088     6.5392     0.0751    97.9716 1.0000e-12  -74.23034 -112.21982  21.383006      99.87 6.4521e+02    398.733       9571  1028.5219  1028.5202    34.0185    34.0165    8.38682         29 0.0000e+00
    240.000    237.378    -1.4732  27.180641    -1.4717  27.180349     6.2072     6.5383     0.0584    97.9323 1.0000e-12  -74.23034 -112.21982  21.383020      99.87 6.4482e+02    399.926       9599  1028.5278  1028.5260    34.0200    34.0178    8.38640         28 0.0000e+00
