ocean_section_plots/required_files/ctd/dnbp2202_ctd159.cnv
* Sea-Bird SBE 9 Data File:
* FileName = D:\Data\raw\NBP2202_CTD159.hex
* Software Version Seasave V 7.26.7.121
* Temperature SN = 1649
* Conductivity SN = 2513
* Number of Bytes Per Scan = 40
* Number of Voltage Words = 5
* Number of Scans Averaged by the Deck Unit = 1
* NMEA Latitude = 74 13.88 S
* NMEA Longitude = 112 07.95 W
* NMEA UTC (Time) = Jan 31 2022  22:43:55
* NMEA baud rate = 9600
** Ship: RVIB N.B. Palmer
** Cruise: NBP2202 Thwaites
** Station: 81
** Operator: A. Robinson/K. Block
# nquan = 28
# nvalues = 505                         
# units = specified
# name 0 = prDM: Pressure, Digiquartz [db]
# name 1 = depSM: Depth [salt water, m]
# name 2 = t090C: Temperature [ITS-90, deg C]
# name 3 = c0mS/cm: Conductivity [mS/cm]
# name 4 = t190C: Temperature, 2 [ITS-90, deg C]
# name 5 = c1mS/cm: Conductivity, 2 [mS/cm]
# name 6 = sbeox0ML/L: Oxygen, SBE 43 [ml/l]
# name 7 = sbeox1ML/L: Oxygen, SBE 43, 2 [ml/l]
# name 8 = flECO-AFL: Fluorescence, WET Labs ECO-AFL/FL [mg/m^3]
# name 9 = CStarTr0: Beam Transmission, WET Labs C-Star [%]
# name 10 = par: PAR/Irradiance, Biospherical/Licor
# name 11 = latitude: Latitude [deg]
# name 12 = longitude: Longitude [deg]
# name 13 = timeJ: Julian Days
# name 14 = altM: Altimeter [m]
# name 15 = spar: SPAR, Biospherical/Licor
# name 16 = timeS: Time, Elapsed [seconds]
# name 17 = scan: Scan Count
# name 18 = density00: Density [density, kg/m^3]
# name 19 = density11: Density, 2 [density, kg/m^3]
# name 20 = v3: Voltage 3
# name 21 = v4: Voltage 4
# name 22 = v5: Voltage 5
# name 23 = sal00: Salinity, Practical [PSU]
# name 24 = sal11: Salinity, Practical, 2 [PSU]
# name 25 = oxsolML/L: Oxygen Saturation, Garcia & Gordon [ml/l]
# name 26 = nbin: number of scans per bin
# name 27 = flag: flag
# span 0 =      2.000,    506.000       
# span 1 =      1.988,    500.157       
# span 2 =    -1.4922,    -0.1493       
# span 3 =  27.006271,  28.631729       
# span 4 =    -1.4913,    -0.1516       
# span 5 =  27.006327,  28.627734       
# span 6 =     4.8920,     8.5413       
# span 7 =     5.0074,     8.4822       
# span 8 =     0.0017,    22.7574       
# span 9 =    70.3250,    93.3696       
# span 10 = -4.206e-05, 1.2096e+03      
# span 11 =  -74.23136,  -74.23136      
# span 12 = -112.13264, -112.13260      
# span 13 =  31.950883,  31.959275      
# span 14 =       1.07,     100.15      
# span 15 = 8.7933e+02, 2.3295e+03      
# span 16 =    321.337,   1046.393      
# span 17 =       7713,      25114      
# span 18 =  1027.1895,  1029.9708      
# span 19 =  1027.1905,  1029.9697      
# span 20 =     3.3367,     4.4294      
# span 21 =     0.0701,     3.4100      
# span 22 =     0.1161,     0.2228      
# span 23 =    33.7966,    34.3274      
# span 24 =    33.7993,    34.3232      
# span 25 =    8.07956,    8.39275      
# span 26 =          3,         47      
# span 27 = 0.0000e+00, 0.0000e+00      
# interval = decibars: 1                
# start_time = Jan 31 2022 22:43:55 [NMEA time, header]
# bad_flag = -9.990e-29
*END*
[from data line 363]
    365.000    360.904    -1.2470  27.508019    -1.2458  27.507663     6.1129     6.2580     0.0286    93.2156 1.0000e-12  -74.23136 -112.13264  31.956797      99.85 9.2408e+02    832.227      19974  1029.2091  1029.2076     4.4221     0.0774     0.1174    34.1350    34.1332    8.32889         26 0.0000e+00
    366.000    361.891    -1.2339  27.522204    -1.2336  27.520113     6.1063     6.2526     0.0264    93.2268 1.0000e-12  -74.23136 -112.13264  31.956809      99.86 9.2259e+02    833.325      20001  1029.2161  1029.2135     4.4226     0.0779     0.1174    34.1390    34.1357    8.32575         28 0.0000e+00
    367.000    362.879    -1.2150  27.540480    -1.2127  27.540773     6.1160     6.2536     0.0634    93.2750 1.0000e-12  -74.23136 -112.13264  31.956824      99.85 9.1746e+02    834.566      20031  1029.2219  1029.2200     4.4249     0.0773     0.1188    34.1418    34.1396    8.32136         31 0.0000e+00
    368.000    363.866    -1.2083  27.547032    -1.2078  27.545882     6.1000     6.2521     0.0286    93.2749 1.0000e-12  -74.23136 -112.13264  31.956839      99.86 9.1958e+02    835.908      20063  1029.2270  1029.2253     4.4249     0.0763     0.1186    34.1426    34.1405    8.31984         32 0.0000e+00
    369.000    364.854    -1.2044  27.551736    -1.2032  27.551169     6.1012     6.2507     0.0335    93.2847 1.0000e-12  -74.23136 -112.13264  31.956854      99.85 9.1900e+02    837.172      20093  1029.2328  1029.2309     4.4253     0.0786     0.1180    34.1440    34.1418    8.31889         29 0.0000e+00
    370.000    365.842    -1.2029  27.554339    -1.2015  27.554085     6.1072     6.2491     0.0321    93.3180 1.0000e-12  -74.23136 -112.13264  31.956867      99.85 9.1426e+02    838.285      20120  1029.2385  1029.2369     4.4270     0.0751     0.1218    34.1452    34.1433    8.31848         25 0.0000e+00
    371.000    366.830    -1.2029  27.554914    -1.2018  27.554421     6.0973     6.2439     0.0217    93.3038 1.0000e-12  -74.23136 -112.13264  31.956879      99.85 9.1654e+02    839.327      20145  1029.2435  1029.2419     4.4262     0.0749     0.1211    34.1454    34.1435    8.31846         25 0.0000e+00
    372.000    367.818    -1.2035  27.554928    -1.2023  27.554591     6.0915     6.2431     0.0182    93.2906 1.0000e-12  -74.23136 -112.13264  31.956892      99.55 9.1876e+02    840.431      20171  1029.2485  1029.2469     4.4257     0.0751     0.1195    34.1455    34.1436    8.31859         28 0.0000e+00
    373.000    368.806    -1.2024  27.556953    -1.2013  27.556462     6.0945     6.2405     0.0216    93.2897 1.0000e-12  -74.23136 -112.13264  31.956906      96.05 9.1603e+02    841.696      20202  1029.2540  1029.2524     4.4256     0.0731     0.1213    34.1464    34.1444    8.31830         33 0.0000e+00
    374.000    369.795    -1.2013  27.558612    -1.2002  27.558122     6.0864     6.2345     0.0216    93.3229 1.0000e-12  -74.23136 -112.13263  31.956922      99.91 9.1699e+02    843.085      20235  1029.2591  1029.2575     4.4272     0.0752     0.1166    34.1468    34.1448    8.31803         32 0.0000e+00
    375.000    370.781    -1.2016  27.558934    -1.2002  27.558827     6.0916     6.2298     0.0142    93.3504 1.0000e-12  -74.23136 -112.13264  31.956936      99.86 9.1895e+02    844.283      20264  1029.2641  1029.2626     4.4285     0.0748     0.1225    34.1469    34.1452    8.31809         26 0.0000e+00
    376.000    371.768    -1.2018  27.559875    -1.2009  27.559272     6.0897     6.2302     0.0143    93.3615 1.0000e-12  -74.23136 -112.13262  31.956948      99.85 9.1677e+02    845.275      20288  1029.2696  1029.2681     4.4290     0.0736     0.1208    34.1478    34.1459    8.31807         22 0.0000e+00
    377.000    372.758    -1.2036  27.559042    -1.2023  27.558782     6.0751     6.2212     0.0143    93.3266 1.0000e-12  -74.23136 -112.13264  31.956959      99.85 9.1530e+02    846.244      20311  1029.2749  1029.2733     4.4274     0.0785     0.1177    34.1482    34.1463    8.31846         25 0.0000e+00
    378.000    373.745    -1.2034  27.560385    -1.2019  27.560142     6.0680     6.2166     0.0268    93.3193 1.0000e-12  -74.23136 -112.13263  31.956973      99.85 9.2144e+02    847.509      20341  1029.2804  1029.2787     4.4270     0.0765     0.1175    34.1491    34.1471    8.31835         36 0.0000e+00
    379.000    374.733    -1.2003  27.564373    -1.1990  27.564097     6.0683     6.2167     0.0238    93.3564 1.0000e-12  -74.23136 -112.13264  31.956990      99.86 9.1999e+02    848.972      20376  1029.2861  1029.2845     4.4288     0.0760     0.1193    34.1505    34.1486    8.31759         30 0.0000e+00
    380.000    375.719    -1.1961  27.569334    -1.1951  27.568832     6.0543     6.2173     0.0168    93.3458 1.0000e-12  -74.23136 -112.13264  31.957004      99.85 9.2095e+02    850.145      20404  1029.2917  1029.2902     4.4283     0.0742     0.1199    34.1519    34.1500    8.31658         25 0.0000e+00
    381.000    376.710    -1.1933  27.572542    -1.1921  27.572238     6.0443     6.2021     0.0346    93.3431 1.0000e-12  -74.23136 -112.13264  31.957015      99.85 9.2580e+02    851.138      20428  1029.2968  1029.2953     4.4282     0.0755     0.1198    34.1524    34.1506    8.31592         23 0.0000e+00
    382.000    377.695    -1.1834  27.583212    -1.1817  27.582785     6.0329     6.1837     0.0702    93.3337 1.0000e-12  -74.23136 -112.13264  31.957026      99.85 9.2652e+02    852.045      20450  1029.3030  1029.3010     4.4277     0.0757     0.1189    34.1551    34.1527    8.31356         21 0.0000e+00
    383.000    378.686    -1.1600  27.605718    -1.1582  27.605195     6.0250     6.1740     0.0169    93.3431 1.0000e-12  -74.23136 -112.13264  31.957037      99.85 9.2431e+02    852.995      20473  1029.3090  1029.3066     4.4282     0.0749     0.1196    34.1587    34.1559    8.30816         27 0.0000e+00
    384.000    379.672    -1.1480  27.617359    -1.1461  27.617148     6.0181     6.1695     0.0143    93.3414 1.0000e-12  -74.23136 -112.13264  31.957053      83.31 9.2939e+02    854.343      20505  1029.3145  1029.3124     4.4281     0.0714     0.1207    34.1604    34.1579    8.30540         36 0.0000e+00
    385.000    380.660    -1.1472  27.619044    -1.1458  27.619044     6.0130     6.1639     0.0143    93.3439 1.0000e-12  -74.23136 -112.13262  31.957069      94.59 9.2980e+02    855.726      20538  1029.3200  1029.3186     4.4282     0.0761     0.1171    34.1611    34.1595    8.30517         28 0.0000e+00
    386.000    381.648    -1.1455  27.621662    -1.1445  27.621126     6.0029     6.1565     0.0112    93.3523 1.0000e-12  -74.23136 -112.13262  31.957081      99.96 9.3329e+02    856.792      20564  1029.3257  1029.3240     4.4286     0.0732     0.1198    34.1622    34.1602    8.30474         24 0.0000e+00
    387.000    382.637    -1.1455  27.622033    -1.1450  27.621100     6.0159     6.1561     0.0109    93.3311 1.0000e-12  -74.23136 -112.13262  31.957092      99.85 9.3904e+02    857.726      20586  1029.3304  1029.3289     4.4276     0.0740     0.1195    34.1620    34.1602    8.30474         22 0.0000e+00
    388.000    383.622    -1.1468  27.621238    -1.1459  27.620607     6.0195     6.1568     0.0215    93.3252 1.0000e-12  -74.23136 -112.13262  31.957102      99.86 9.4028e+02    858.617      20608  1029.3352  1029.3337     4.4273     0.0744     0.1185    34.1619    34.1600    8.30505         21 0.0000e+00
    389.000    384.611    -1.1468  27.621633    -1.1456  27.621158     6.0176     6.1537     0.0216    93.3468 1.0000e-12  -74.23136 -112.13262  31.957114      99.85 9.3834e+02    859.680      20633  1029.3400  1029.3384     4.4284     0.0744     0.1202    34.1618    34.1598    8.30505         30 0.0000e+00
    390.000    385.600    -1.1461  27.622665    -1.1446  27.622524     6.0080     6.1573     0.0192    93.3274 1.0000e-12  -74.23136 -112.13262  31.957130      99.85 9.4518e+02    861.022      20666  1029.3448  1029.3432     4.4274     0.0737     0.1182    34.1617    34.1599    8.30489         32 0.0000e+00
    391.000    386.586    -1.1436  27.625485    -1.1421  27.625258     6.0050     6.1459     0.0142    93.3182 1.0000e-12  -74.23136 -112.13262  31.957144      99.85 9.4996e+02    862.269      20695  1029.3498  1029.3481     4.4270     0.0748     0.1194    34.1621    34.1602    8.30431         29 0.0000e+00
    392.000    387.574    -1.1394  27.630009    -1.1371  27.630598     6.0072     6.1495     0.0143    93.3232 1.0000e-12  -74.23136 -112.13262  31.957157      99.86 9.5081e+02    863.355      20722  1029.3550  1029.3533     4.4272     0.0760     0.1181    34.1629    34.1611    8.30333         25 0.0000e+00
    393.000    388.563    -1.1370  27.632852    -1.1352  27.632830     5.9913     6.1367     0.0172    93.3436 1.0000e-12  -74.23136 -112.13262  31.957169      99.85 9.5610e+02    864.400      20747  1029.3601  1029.3583     4.4282     0.0784     0.1197    34.1635    34.1615    8.30278         25 0.0000e+00
    394.000    389.550    -1.1269  27.643454    -1.1255  27.642698     5.9597     6.1153     0.0115    93.3370 1.0000e-12  -74.23136 -112.13260  31.957182      99.85 9.5962e+02    865.543      20774  1029.3661  1029.3639     4.4279     0.0735     0.1183    34.1659    34.1633    8.30040         29 0.0000e+00
    395.000    390.538    -1.1067  27.664009    -1.1039  27.664403     5.9478     6.0986     0.0079    93.3375 1.0000e-12  -74.23136 -112.13260  31.957197      75.21 9.6162e+02    866.788      20804  1029.3731  1029.3707     4.4279     0.0701     0.1177    34.1704    34.1677    8.29567         30 0.0000e+00
    396.000    391.527    -1.0942  27.676297    -1.0928  27.675828     5.9359     6.0879     0.0143    93.3683 1.0000e-12  -74.23136 -112.13260  31.957211      90.09 9.7084e+02    868.006      20833  1029.3787  1029.3768     4.4294     0.0714     0.1185    34.1724    34.1701    8.29279         29 0.0000e+00
    397.000    392.513    -1.0887  27.682466    -1.0869  27.682199     5.9115     6.0696     0.0086    93.3401 1.0000e-12  -74.23136 -112.13260  31.957225     100.04 9.8096e+02    869.232      20863  1029.3845  1029.3824     4.4281     0.0739     0.1181    34.1739    34.1714    8.29148         29 0.0000e+00
    398.000    393.501    -1.0753  27.696265    -1.0731  27.696240     5.9055     6.0602     0.0132    93.3466 1.0000e-12  -74.23136 -112.13260  31.957238      99.85 9.9647e+02    870.396      20891  1029.3908  1029.3887     4.4283     0.0734     0.1182    34.1769    34.1744    8.28833         28 0.0000e+00
    399.000    394.489    -1.0668  27.704895    -1.0651  27.704488     5.9048     6.0539     0.0084    93.3696 1.0000e-12  -74.23136 -112.13260  31.957251      99.85 1.0225e+03    871.505      20917  1029.3964  1029.3943     4.4294     0.0744     0.1176    34.1783    34.1759    8.28636         26 0.0000e+00
    400.000    395.477    -1.0634  27.708429    -1.0618  27.708379     5.9013     6.0480     0.0137    93.3492 1.0000e-12  -74.23136 -112.13260  31.957264      99.85 1.0463e+03    872.601      20943  1029.4014  1029.3998     4.4284     0.0737     0.1192    34.1787    34.1768    8.28560         26 0.0000e+00
    401.000    396.464    -1.0625  27.709802    -1.0606  27.709841     5.8999     6.0437     0.0217    93.2689 1.0000e-12  -74.23136 -112.13260  31.957277      99.86 1.0612e+03    873.759      20971  1029.4065  1029.4047     4.4247     0.0754     0.1179    34.1790    34.1769    8.28539         29 0.0000e+00
    402.000    397.452    -1.0593  27.713538    -1.0577  27.713126     5.8880     6.0352     0.0131    93.3314 1.0000e-12  -74.23136 -112.13260  31.957292      99.85 1.0633e+03    875.025      21002  1029.4118  1029.4098     4.4276     0.0747     0.1188    34.1798    34.1774    8.28462         32 0.0000e+00
    403.000    398.440    -1.0551  27.718036    -1.0540  27.717440     5.8872     6.0300     0.0068    93.3598 1.0000e-12  -74.23136 -112.13260  31.957307      99.86 1.0722e+03    876.320      21033  1029.4171  1029.4153     4.4289     0.0746     0.1225    34.1806    34.1784    8.28366         29 0.0000e+00
    404.000    399.428    -1.0519  27.721779    -1.0507  27.721326     5.8782     6.0286     0.0117    93.3604 1.0000e-12  -74.23136 -112.13260  31.957320      99.85 1.0784e+03    877.433      21059  1029.4225  1029.4208     4.4290     0.0749     0.1171    34.1815    34.1794    8.28291         25 0.0000e+00
    405.000    400.415    -1.0493  27.724990    -1.0478  27.724672     5.8815     6.0164     0.0188    93.3436 1.0000e-12  -74.23136 -112.13260  31.957331      99.86 1.0808e+03    878.433      21083  1029.4278  1029.4260     4.4282     0.0749     0.1195    34.1822    34.1801    8.28228         24 0.0000e+00
    406.000    401.402    -1.0468  27.728068    -1.0452  27.727806     5.8713     6.0106     0.0104    93.3484 1.0000e-12  -74.23136 -112.13260  31.957344      99.85 1.0956e+03    879.505      21109  1029.4330  1029.4312     4.4284     0.0750     0.1213    34.1829    34.1808    8.28168         28 0.0000e+00
    407.000    402.391    -1.0410  27.734438    -1.0392  27.734129     5.8545     6.0035     0.0189    93.3472 1.0000e-12  -74.23136 -112.13260  31.957358      83.41 1.1105e+03    880.729      21138  1029.4387  1029.4366     4.4283     0.0714     0.1194    34.1844    34.1820    8.28032         31 0.0000e+00
    408.000    403.379    -1.0343  27.741459    -1.0329  27.740878     5.8482     5.9949     0.0146    93.3470 1.0000e-12  -74.23136 -112.13260  31.957373      96.22 1.1103e+03    882.007      21169  1029.4442  1029.4422     4.4284     0.0735     0.1194    34.1858    34.1835    8.27877         30 0.0000e+00
    409.000    404.366    -1.0333  27.743043    -1.0314  27.743025     5.8391     5.9848     0.0190    93.3652 1.0000e-12  -74.23136 -112.13260  31.957387      99.88 1.0927e+03    883.239      21199  1029.4493  1029.4474     4.4292     0.0739     0.1204    34.1862    34.1840    8.27852         28 0.0000e+00
    410.000    405.352    -1.0275  27.749142    -1.0260  27.748702     5.8403     5.9790     0.0178    93.3531 1.0000e-12  -74.23136 -112.13262  31.957400      99.86 1.0751e+03    884.342      21225  1029.4546  1029.4527     4.4286     0.0742     0.1193    34.1873    34.1850    8.27717         25 0.0000e+00
    411.000    406.342    -1.0234  27.753688    -1.0217  27.753480     5.8325     5.9747     0.0102    93.2980 1.0000e-12  -74.23136 -112.13260  31.957412      99.85 1.0697e+03    885.363      21250  1029.4599  1029.4580     4.4260     0.0740     0.1166    34.1882    34.1860    8.27621         24 0.0000e+00
    412.000    407.329    -1.0194  27.757815    -1.0180  27.757549     5.8325     5.9703     0.0116    93.3273 1.0000e-12  -74.23136 -112.13262  31.957424      99.85 1.0702e+03    886.417      21275  1029.4649  1029.4632     4.4274     0.0728     0.1188    34.1887    34.1867    8.27531         27 0.0000e+00
    413.000    408.317    -1.0168  27.760902    -1.0153  27.760500     5.8213     5.9644     0.0380    93.3256 1.0000e-12  -74.23136 -112.13262  31.957437      99.85 1.0812e+03    887.584      21303  1029.4700  1029.4682     4.4274     0.0721     0.1186    34.1893    34.1871    8.27469         30 0.0000e+00
    414.000    409.304    -1.0124  27.765618    -1.0109  27.765240     5.8218     5.9598     0.0261    93.3380 1.0000e-12  -74.23136 -112.13262  31.957452      99.85 1.1067e+03    888.874      21334  1029.4753  1029.4735     4.4279     0.0739     0.1187    34.1902    34.1880    8.27369         31 0.0000e+00
    415.000    410.293    -1.0106  27.767998    -1.0091  27.767660     5.8088     5.9572     0.0143    93.3288 1.0000e-12  -74.23136 -112.13262  31.957467      99.85 1.1124e+03    890.152      21365  1029.4805  1029.4786     4.4275     0.0736     0.1208    34.1907    34.1885    8.27325         29 0.0000e+00
