ocean_section_plots/required_files/ctd/dnbp2202_ctd267.cnv
* Sea-Bird SBE 9 Data File:
* FileName = D:\Data\raw\NBP2202_CTD267.hex
* Software Version Seasave V 7.26.7.121
* Temperature SN = 1649
* Conductivity SN = 2513
* Number of Bytes Per Scan = 40
* Number of Voltage Words = 5
* Number of Scans Averaged by the Deck Unit = 1
* NMEA Latitude = 73 52.84 S
* NMEA Longitude = 118 44.36 W
* NMEA UTC (Time) = Feb 19 2022  22:03:27
* NMEA baud rate = 9600
** Ship: RVIB N.B. Palmer
** Cruise: NBP2202 Thwaites
** Station: 151
** Operator: A. Robinson
# nquan = 28
# nvalues = 681                         
# units = specified
# name 0 = prDM: Pressure, Digiquartz [db]
# name 1 = depSM: Depth [salt water, m]
# name 2 = t090C: Temperature [ITS-90, deg C]
# name 3 = c0mS/cm: Conductivity [mS/cm]
# name 4 = t190C: Temperature, 2 [ITS-90, deg C]
# name 5 = c1mS/cm: Conductivity, 2 [mS/cm]
# name 6 = sbeox0ML/L: Oxygen, SBE 43 [ml/l]
# name 7 = sbeox1ML/L: Oxygen, SBE 43, 2 [ml/l]
# name 8 = flECO-AFL: Fluorescence, WET Labs ECO-AFL/FL [mg/m^3]
# name 9 = CStarTr0: Beam Transmission, WET Labs C-Star [%]
# name 10 = par: PAR/Irradiance, Biospherical/Licor
# name 11 = latitude: Latitude [deg]
# name 12 = longitude: Longitude [deg]
# name 13 = timeJ: Julian Days
# name 14 = altM: Altimeter [m]
# name 15 = spar: SPAR, Biospherical/Licor
# name 16 = timeS: Time, Elapsed [seconds]
# name 17 = scan: Scan Count
# name 18 = density00: Density [density, kg/m^3]
# name 19 = density11: Density, 2 [density, kg/m^3]
# name 20 = v3: Voltage 3
# name 21 = v4: Voltage 4
# name 22 = v5: Voltage 5
# name 23 = sal00: Salinity, Practical [PSU]
# name 24 = sal11: Salinity, Practical, 2 [PSU]
# name 25 = oxsolML/L: Oxygen Saturation, Garcia & Gordon [ml/l]
# name 26 = nbin: number of scans per bin
# name 27 = flag: flag
# span 0 =      2.000,    682.000       
# span 1 =      1.976,    673.833       
# span 2 =    -1.7556,     0.4078       
# span 3 =  26.930546,  29.318162       
# span 4 =    -1.7555,     0.4095       
# span 5 =  26.931233,  29.318002       
# span 6 =     4.7328,     9.0997       
# span 7 =     4.9223,     9.4835       
# span 8 =    -0.0185,    14.5592       
# span 9 =    89.0371,    99.4863       
# span 10 = -2.720e-06, 1.0051e+03      
# span 11 =  -73.88074,  -73.88072      
# span 12 = -118.73944, -118.73940      
# span 13 =  50.921843,  50.930534      
# span 14 =      -4.81,      99.88      
# span 15 = 1.6092e+03, 1.6247e+03      
# span 16 =    240.255,    991.152      
# span 17 =       5767,      23789      
# span 18 =  1027.1158,  1030.9055      
# span 19 =  1027.1189,  1030.9040      
# span 20 =     4.2241,     4.7197      
# span 21 =     0.0641,     1.7694      
# span 22 =     0.1043,     0.2006      
# span 23 =    33.7277,    34.5089      
# span 24 =    33.7272,    34.5068      
# span 25 =    7.95297,    8.44989      
# span 26 =          1,         48      
# span 27 = 0.0000e+00, 0.0000e+00      
# interval = decibars: 1                
# start_time = Feb 19 2022 22:03:27 [NMEA time, header]
# bad_flag = -9.990e-29
*END*
[from data line 467]
    469.000    463.628    -0.5476  28.217203    -0.5505  28.212751     5.2595     5.4494    -0.0119    99.3251 1.0000e-12  -73.88074 -118.73942  50.927818      99.78 1.6200e+03    756.471      18156  1029.7520  1029.7501     4.7118     0.0704     0.1202    34.2418    34.2391    8.16941         24 0.0000e+00
    470.000    464.615    -0.5548  28.210775    -0.5516  28.212668     5.2368     5.4321     0.0012    99.3331 1.0000e-12  -73.88074 -118.73942  50.927829      88.87 1.6190e+03    757.435      18179  1029.7566  1029.7555     4.7121     0.0694     0.1190    34.2406    34.2395    8.17101         22 0.0000e+00
    471.000    465.602    -0.5161  28.252299    -0.5084  28.256706     5.2483     5.4328    -0.0144    99.3347 1.0000e-12  -73.88074 -118.73942  50.927840      87.16 1.6218e+03    758.340      18201  1029.7674  1029.7646     4.7122     0.0697     0.1197    34.2521    34.2493    8.16202         21 0.0000e+00
    472.000    466.590    -0.5026  28.264288    -0.4978  28.267617     5.2433     5.4361    -0.0032    99.3187 1.0000e-12  -73.88074 -118.73942  50.927850      92.63 1.6221e+03    759.207      18222  1029.7716  1029.7705     4.7114     0.0699     0.1174    34.2524    34.2515    8.15909         21 0.0000e+00
    473.000    467.575    -0.5109  28.256503    -0.5104  28.255397     5.2294     5.4294    -0.0021    99.3156 1.0000e-12  -73.88074 -118.73942  50.927860      99.63 1.6196e+03    760.085      18243  1029.7758  1029.7743     4.7113     0.0705     0.1198    34.2507    34.2487    8.16098         22 0.0000e+00
    474.000    468.565    -0.5001  28.268250    -0.5066  28.260251     5.2516     5.4178    -0.0057    99.3291 1.0000e-12  -73.88074 -118.73942  50.927871      99.78 1.6202e+03    761.017      18265  1029.7824  1029.7801     4.7120     0.0713     0.1183    34.2537    34.2503    8.15848         23 0.0000e+00
    475.000    469.552    -0.5006  28.268891    -0.4869  28.280061     5.2035     5.3987    -0.0064    99.3305 1.0000e-12  -73.88074 -118.73942  50.927882      99.78 1.6193e+03    761.982      18289  1029.7880  1029.7865     4.7120     0.0720     0.1195    34.2546    34.2541    8.15855         23 0.0000e+00
    476.000    470.539    -0.4693  28.300779    -0.4676  28.300344     5.2040     5.3942    -0.0136    99.3250 1.0000e-12  -73.88074 -118.73942  50.927893      99.78 1.6176e+03    762.928      18311  1029.7958  1029.7937     4.7118     0.0730     0.1200    34.2614    34.2589    8.15141         22 0.0000e+00
    477.000    471.526    -0.4578  28.312793    -0.4568  28.311915     5.2259     5.3986     0.0018    99.3285 1.0000e-12  -73.88074 -118.73942  50.927903      99.78 1.6200e+03    763.822      18333  1029.8018  1029.8000     4.7119     0.0703     0.1191    34.2640    34.2617    8.14881         21 0.0000e+00
    478.000    472.515    -0.4540  28.316887    -0.4528  28.316268     5.1943     5.3946     0.0031    99.3153 1.0000e-12  -73.88074 -118.73942  50.927913      99.77 1.6209e+03    764.692      18354  1029.8071  1029.8053     4.7113     0.0700     0.1215    34.2646    34.2624    8.14796         21 0.0000e+00
    479.000    473.501    -0.4515  28.320175    -0.4542  28.315312     5.2253     5.3838     0.0082    99.3201 1.0000e-12  -73.88074 -118.73942  50.927923      99.79 1.6196e+03    765.590      18375  1029.8126  1029.8101     4.7115     0.0701     0.1181    34.2656    34.2621    8.14737         22 0.0000e+00
    480.000    474.488    -0.4370  28.336363    -0.4362  28.334785     5.2097     5.3739     0.0048    99.3088 1.0000e-12  -73.88074 -118.73942  50.927935      99.79 1.6214e+03    766.574      18399  1029.8201  1029.8176     4.7110     0.0719     0.1196    34.2703    34.2673    8.14398         24 0.0000e+00
    481.000    475.475    -0.4202  28.353796    -0.4163  28.355879     5.1741     5.3746    -0.0036    99.3155 1.0000e-12  -73.88074 -118.73942  50.927947      99.78 1.6205e+03    767.581      18423  1029.8268  1029.8252     4.7113     0.0710     0.1167    34.2741    34.2725    8.14016         24 0.0000e+00
    482.000    476.465    -0.4094  28.365557    -0.4081  28.364806     5.1699     5.3673     0.0016    99.3460 1.0000e-12  -73.88074 -118.73942  50.927957      99.78 1.6179e+03    768.522      18446  1029.8332  1029.8312     4.7128     0.0727     0.1200    34.2771    34.2746    8.13768         22 0.0000e+00
    483.000    477.450    -0.4061  28.369076    -0.4046  28.369082     5.1971     5.3675    -0.0049    99.3310 1.0000e-12  -73.88074 -118.73942  50.927968      99.78 1.6186e+03    769.418      18467  1029.8382  1029.8368     4.7121     0.0707     0.1191    34.2775    34.2758    8.13694         21 0.0000e+00
    484.000    478.439    -0.4021  28.373497    -0.3997  28.374216     5.1821     5.3690    -0.0054    99.3378 1.0000e-12  -73.88074 -118.73942  50.927978      99.78 1.6213e+03    770.315      18489  1029.8435  1029.8420     4.7124     0.0703     0.1197    34.2783    34.2766    8.13604         22 0.0000e+00
    485.000    479.426    -0.3978  28.378825    -0.3961  28.378601     5.1813     5.3645     0.0001    99.3364 1.0000e-12  -73.88074 -118.73942  50.927989      85.63 1.6185e+03    771.279      18512  1029.8495  1029.8476     4.7123     0.0683     0.1173    34.2800    34.2779    8.13503         25 0.0000e+00
    486.000    480.413    -0.3948  28.382575    -0.3954  28.379717     5.1727     5.3518     0.0108    99.3353 1.0000e-12  -73.88074 -118.73942  50.928002      94.51 1.6168e+03    772.383      18538  1029.8552  1029.8527     4.7123     0.0707     0.1188    34.2811    34.2779    8.13433         28 0.0000e+00
    487.000    481.400    -0.3725  28.407826    -0.3673  28.410119     5.1698     5.3414     0.0036    99.3279 1.0000e-12  -73.88074 -118.73942  50.928016      99.81 1.6208e+03    773.548      18566  1029.8646  1029.8619     4.7119     0.0715     0.1178    34.2892    34.2864    8.12910         27 0.0000e+00
    488.000    482.388    -0.3450  28.436450    -0.3433  28.436371     5.1576     5.3387    -0.0049    99.3187 1.0000e-12  -73.88074 -118.73942  50.928028      99.78 1.6179e+03    774.646      18593  1029.8726  1029.8708     4.7115     0.0694     0.1155    34.2958    34.2938    8.12284         25 0.0000e+00
    489.000    483.374    -0.3461  28.435679    -0.3441  28.435961     5.1649     5.3422    -0.0055    99.3360 1.0000e-12  -73.88074 -118.73942  50.928040      99.78 1.6164e+03    775.689      18618  1029.8774  1029.8758     4.7123     0.0707     0.1190    34.2954    34.2935    8.12309         26 0.0000e+00
    490.000    484.363    -0.3483  28.433756    -0.3463  28.433946     5.1645     5.3439     0.0001    99.3371 1.0000e-12  -73.88074 -118.73942  50.928053      99.78 1.6195e+03    776.818      18645  1029.8821  1029.8803     4.7123     0.0697     0.1190    34.2948    34.2927    8.12361         28 0.0000e+00
    491.000    485.349    -0.3464  28.436301    -0.3438  28.436865     5.1637     5.3401     0.0035    99.3380 1.0000e-12  -73.88074 -118.73942  50.928067      99.78 1.6185e+03    777.991      18673  1029.8874  1029.8856     4.7124     0.0701     0.1202    34.2954    34.2933    8.12316         28 0.0000e+00
    492.000    486.337    -0.3456  28.437386    -0.3440  28.437256     5.1636     5.3447    -0.0044    99.3470 1.0000e-12  -73.88074 -118.73942  50.928080      99.78 1.6148e+03    779.124      18700  1029.8922  1029.8906     4.7129     0.0719     0.1201    34.2953    34.2934    8.12299         27 0.0000e+00
    493.000    487.325    -0.3481  28.434912    -0.3473  28.434022     5.1764     5.3377    -0.0125    99.3433 1.0000e-12  -73.88074 -118.73942  50.928093      99.79 1.6186e+03    780.236      18727  1029.8965  1029.8949     4.7127     0.0713     0.1186    34.2943    34.2922    8.12358         27 0.0000e+00
    494.000    488.312    -0.3465  28.437285    -0.3451  28.437027     5.1599     5.3338    -0.0056    99.3507 1.0000e-12  -73.88074 -118.73942  50.928106      99.79 1.6202e+03    781.333      18753  1029.9018  1029.9002     4.7130     0.0696     0.1187    34.2950    34.2931    8.12320         26 0.0000e+00
    495.000    489.298    -0.3476  28.436067    -0.3460  28.436376     5.1616     5.3377    -0.0055    99.3258 1.0000e-12  -73.88074 -118.73944  50.928118      99.79 1.6146e+03    782.429      18779  1029.9060  1029.9048     4.7118     0.0704     0.1179    34.2940    34.2926    8.12349         27 0.0000e+00
    496.000    490.287    -0.3460  28.438409    -0.3440  28.438745     5.1525     5.3371     0.0018    99.3387 1.0000e-12  -73.88074 -118.73942  50.928132      77.44 1.6200e+03    783.586      18807  1029.9113  1029.9097     4.7124     0.0723     0.1182    34.2948    34.2930    8.12311         28 0.0000e+00
    497.000    491.273    -0.3454  28.439887    -0.3439  28.439326     5.1436     5.3258    -0.0139    99.3318 1.0000e-12  -73.88074 -118.73942  50.928145      86.46 1.6195e+03    784.751      18835  1029.9166  1029.9146     4.7121     0.0684     0.1182    34.2955    34.2931    8.12294         27 0.0000e+00
    498.000    492.261    -0.3251  28.461013    -0.3253  28.458947     5.1508     5.3214    -0.0052    99.3300 1.0000e-12  -73.88074 -118.73942  50.928158      99.76 1.6126e+03    785.853      18861  1029.9235  1029.9215     4.7120     0.0699     0.1185    34.3002    34.2977    8.11833         26 0.0000e+00
    499.000    493.247    -0.3133  28.473048    -0.3114  28.473243     5.1349     5.3098    -0.0129    99.3545 1.0000e-12  -73.88074 -118.73942  50.928171      99.78 1.6155e+03    786.976      18888  1029.9292  1029.9276     4.7132     0.0703     0.1199    34.3025    34.3006    8.11570         28 0.0000e+00
    500.000    494.236    -0.3109  28.475986    -0.3090  28.476287     5.1374     5.3139    -0.0119    99.3488 1.0000e-12  -73.88074 -118.73942  50.928184      99.77 1.6188e+03    788.114      18916  1029.9344  1029.9329     4.7129     0.0700     0.1173    34.3031    34.3014    8.11515         26 0.0000e+00
    501.000    495.222    -0.3077  28.479985    -0.3061  28.480116     5.1312     5.3075    -0.0037    99.3449 1.0000e-12  -73.88074 -118.73942  50.928197      99.78 1.6139e+03    789.195      18942  1029.9399  1029.9384     4.7128     0.0709     0.1183    34.3042    34.3026    8.11440         26 0.0000e+00
    502.000    496.211    -0.3039  28.484765    -0.3023  28.484640     5.1268     5.3002    -0.0042    99.3394 1.0000e-12  -73.88074 -118.73942  50.928209      99.79 1.6188e+03    790.264      18967  1029.9456  1029.9439     4.7125     0.0703     0.1193    34.3058    34.3037    8.11351         25 0.0000e+00
    503.000    497.197    -0.2927  28.497789    -0.2899  28.498459     5.1449     5.3051     0.0038    99.3485 1.0000e-12  -73.88074 -118.73942  50.928221      99.78 1.6209e+03    791.255      18991  1029.9528  1029.9508     4.7129     0.0691     0.1182    34.3099    34.3077    8.11088         22 0.0000e+00
    504.000    498.184    -0.2837  28.507892    -0.2814  28.508565     5.1229     5.3016     0.0184    99.3559 1.0000e-12  -73.88074 -118.73942  50.928232      99.78 1.6149e+03    792.209      19014  1029.9592  1029.9576     4.7133     0.0714     0.1194    34.3127    34.3109    8.10882         25 0.0000e+00
    505.000    499.171    -0.2746  28.518944    -0.2724  28.519061     5.0998     5.2909     0.0002    99.3619 1.0000e-12  -73.88074 -118.73942  50.928244      99.78 1.6180e+03    793.307      19040  1029.9663  1029.9643     4.7136     0.0708     0.1180    34.3166    34.3142    8.10665         28 0.0000e+00
    506.000    500.159    -0.2464  28.551136    -0.2478  28.546817     5.0954     5.2812    -0.0040    99.3538 1.0000e-12  -73.88074 -118.73942  50.928257      99.78 1.6192e+03    794.431      19067  1029.9773  1029.9740     4.7132     0.0700     0.1185    34.3272    34.3229    8.10006         25 0.0000e+00
    507.000    501.147    -0.2160  28.583657    -0.2134  28.584241     5.0942     5.2767    -0.0099    99.3551 1.0000e-12  -73.88074 -118.73942  50.928269      99.78 1.6156e+03    795.453      19092  1029.9863  1029.9844     4.7133     0.0721     0.1176    34.3356    34.3335    8.09311         24 0.0000e+00
    508.000    502.133    -0.2022  28.599179    -0.1993  28.599982     5.0946     5.2662    -0.0060    99.3709 1.0000e-12  -73.88074 -118.73942  50.928280      99.79 1.6189e+03    796.416      19115  1029.9937  1029.9917     4.7140     0.0720     0.1187    34.3402    34.3380    8.08992         22 0.0000e+00
    509.000    503.120    -0.1857  28.617266    -0.1829  28.617528     5.0821     5.2623    -0.0091    99.3706 1.0000e-12  -73.88074 -118.73942  50.928291      78.47 1.6191e+03    797.320      19137  1030.0012  1029.9988     4.7140     0.0687     0.1196    34.3451    34.3424    8.08614         22 0.0000e+00
    510.000    504.108    -0.1800  28.622968    -0.1788  28.622383     5.0777     5.2522    -0.0050    99.3567 1.0000e-12  -73.88074 -118.73942  50.928302      96.66 1.6159e+03    798.327      19161  1030.0062  1030.0045     4.7133     0.0710     0.1178    34.3457    34.3436    8.08490         27 0.0000e+00
    511.000    505.096    -0.1770  28.626729    -0.1754  28.626331     5.0763     5.2498     0.0005    99.3758 1.0000e-12  -73.88074 -118.73942  50.928315      99.81 1.6160e+03    799.447      19188  1030.0119  1030.0100     4.7142     0.0698     0.1175    34.3468    34.3445    8.08422         26 0.0000e+00
    512.000    506.082    -0.1742  28.629775    -0.1734  28.628830     5.0778     5.2521    -0.0033    99.3726 1.0000e-12  -73.88074 -118.73942  50.928328      99.78 1.6195e+03    800.538      19214  1030.0169  1030.0152     4.7141     0.0703     0.1175    34.3471    34.3449    8.08360         26 0.0000e+00
    513.000    507.069    -0.1749  28.629888    -0.1732  28.629820     5.0893     5.2574    -0.0041    99.3927 1.0000e-12  -73.88074 -118.73942  50.928340      99.78 1.6174e+03    801.567      19239  1030.0222  1030.0205     4.7150     0.0710     0.1188    34.3474    34.3454    8.08373         24 0.0000e+00
    514.000    508.058    -0.1724  28.632863    -0.1710  28.632465     5.0763     5.2425    -0.0019    99.3883 1.0000e-12  -73.88074 -118.73942  50.928351      99.78 1.6175e+03    802.558      19262  1030.0274  1030.0256     4.7148     0.0704     0.1181    34.3480    34.3459    8.08318         24 0.0000e+00
    515.000    509.044    -0.1684  28.638190    -0.1664  28.638143     5.0654     5.2426    -0.0031    99.3822 1.0000e-12  -73.88074 -118.73942  50.928363      99.78 1.6214e+03    803.531      19286  1030.0335  1030.0316     4.7145     0.0716     0.1179    34.3500    34.3477    8.08221         22 0.0000e+00
    516.000    510.030    -0.1495  28.659509    -0.1477  28.658819     5.0569     5.2362     0.0025    99.3861 1.0000e-12  -73.88074 -118.73942  50.928373      99.79 1.6185e+03    804.456      19308  1030.0419  1030.0394     4.7147     0.0695     0.1173    34.3564    34.3535    8.07784         24 0.0000e+00
    517.000    511.018    -0.1356  28.673654    -0.1325  28.674706     5.0497     5.2185    -0.0035    99.3880 1.0000e-12  -73.88074 -118.73942  50.928386      99.78 1.6178e+03    805.522      19334  1030.0476  1030.0458     4.7148     0.0703     0.1159    34.3590    34.3570    8.07476         27 0.0000e+00
    518.000    512.006    -0.1241  28.686246    -0.1219  28.686472     5.0414     5.2173     0.0047    99.3919 1.0000e-12  -73.88074 -118.73942  50.928399      99.78 1.6202e+03    806.661      19361  1030.0543  1030.0523     4.7150     0.0696     0.1182    34.3623    34.3601    8.07216         27 0.0000e+00
