ocean_section_plots/required_files/ctd/dnbp2202_ctd261.cnv
* Sea-Bird SBE 9 Data File:
* FileName = D:\Data\raw\NBP2202_CTD261.hex
* Software Version Seasave V 7.26.7.121
* Temperature SN = 1649
* Conductivity SN = 2513
* Number of Bytes Per Scan = 40
* Number of Voltage Words = 5
* Number of Scans Averaged by the Deck Unit = 1
* NMEA Latitude = 73 53.01 S
* NMEA Longitude = 118 44.80 W
* NMEA UTC (Time) = Feb 19 2022  13:46:52
* NMEA baud rate = 9600
** Ship: RVIB N.B. Palmer
** Cruise: NBP2202 Thwaites
** Station: 166
** Operator: B. Bjork
# nquan = 28
# nvalues = 642                         
# units = specified
# name 0 = prDM: Pressure, Digiquartz [db]
# name 1 = depSM: Depth [salt water, m]
# name 2 = t090C: Temperature [ITS-90, deg C]
# name 3 = c0mS/cm: Conductivity [mS/cm]
# name 4 = t190C: Temperature, 2 [ITS-90, deg C]
# name 5 = c1mS/cm: Conductivity, 2 [mS/cm]
# name 6 = sbeox0ML/L: Oxygen, SBE 43 [ml/l]
# name 7 = sbeox1ML/L: Oxygen, SBE 43, 2 [ml/l]
# name 8 = flECO-AFL: Fluorescence, WET Labs ECO-AFL/FL [mg/m^3]
# name 9 = CStarTr0: Beam Transmission, WET Labs C-Star [%]
# name 10 = par: PAR/Irradiance, Biospherical/Licor
# name 11 = latitude: Latitude [deg]
# name 12 = longitude: Longitude [deg]
# name 13 = timeJ: Julian Days
# name 14 = altM: Altimeter [m]
# name 15 = spar: SPAR, Biospherical/Licor
# name 16 = timeS: Time, Elapsed [seconds]
# name 17 = scan: Scan Count
# name 18 = density00: Density [density, kg/m^3]
# name 19 = density11: Density, 2 [density, kg/m^3]
# name 20 = v3: Voltage 3
# name 21 = v4: Voltage 4
# name 22 = v5: Voltage 5
# name 23 = sal00: Salinity, Practical [PSU]
# name 24 = sal11: Salinity, Practical, 2 [PSU]
# name 25 = oxsolML/L: Oxygen Saturation, Garcia & Gordon [ml/l]
# name 26 = nbin: number of scans per bin
# name 27 = flag: flag
# span 0 =      2.000,    643.000       
# span 1 =      1.951,    635.366       
# span 2 =    -1.7481,     0.3212       
# span 3 =  26.965372,  29.212373       
# span 4 =    -1.7472,     0.3253       
# span 5 =  26.965583,  29.215593       
# span 6 =     4.7815,     8.9787       
# span 7 =     4.9256,     9.3362       
# span 8 =    -0.0217,    11.3159       
# span 9 =    88.1253,    99.5108       
# span 10 = 1.0000e-12, 7.5495e+01      
# span 11 =  -73.88354,  -73.88352      
# span 12 = -118.74650, -118.74644      
# span 13 =  50.576451,  50.585268      
# span 14 =       4.10,     100.58      
# span 15 = 1.0067e+03, 1.0815e+03      
# span 16 =    193.364,    955.139      
# span 17 =       4642,      22924      
# span 18 =  1027.1637,  1030.7114      
# span 19 =  1027.1615,  1030.7100      
# span 20 =     4.1808,     4.7206      
# span 21 =     0.0635,     1.8336      
# span 22 =     0.1149,     0.2336      
# span 23 =    33.8117,    34.4850      
# span 24 =    33.8103,    34.4837      
# span 25 =    7.97218,    8.44819      
# span 26 =          5,         48      
# span 27 = 0.0000e+00, 0.0000e+00      
# interval = decibars: 1                
# start_time = Feb 19 2022 13:46:52 [NMEA time, header]
# bad_flag = -9.990e-29
*END*
[from data line 104]
    106.000    104.876    -0.5192  27.806973    -0.5168  27.807478     8.0242     8.3289     6.2248    92.7277 1.0000e-12  -73.88352 -118.74650  50.578300      90.92 1.0207e+03    353.103       8475  1027.7343  1027.7326     4.3990     0.8421     0.1542    33.8788    33.8768    8.18419         21 0.0000e+00
    107.000    105.867    -0.4973  27.830116    -0.4956  27.830893     8.0285     8.3231     5.7514    92.4387 1.0000e-12  -73.88352 -118.74648  50.578311      99.65 1.0219e+03    354.066       8499  1027.7421  1027.7413     4.3858     0.8081     0.1647    33.8847    33.8839    8.17911         25 0.0000e+00
    108.000    106.856    -0.5000  27.829395    -0.5004  27.828581     8.0217     8.3034     4.6531    93.2558 1.0000e-12  -73.88352 -118.74648  50.578324      99.86 1.0208e+03    355.188       8526  1027.7481  1027.7476     4.4235     0.6395     0.1637    33.8862    33.8855    8.17961         28 0.0000e+00
    109.000    107.845    -0.5063  27.825093    -0.5050  27.825406     7.9673     8.2531     4.0088    93.0580 1.0000e-12  -73.88352 -118.74648  50.578337      99.75 1.0208e+03    356.352       8553  1027.7536  1027.7527     4.4146     0.8706     0.1530    33.8868    33.8858    8.18093         27 0.0000e+00
    110.000    108.834    -0.5104  27.822169    -0.5099  27.821830     7.9043     8.2004     4.6804    92.0674 1.0000e-12  -73.88352 -118.74648  50.578349      99.82 1.0212e+03    357.352       8577  1027.7587  1027.7578     4.3677     0.7526     0.1598    33.8869    33.8859    8.18182         21 0.0000e+00
    111.000    109.823    -0.5373  27.792451    -0.5349  27.800941     7.8337     8.1456     4.9031    92.3643 1.0000e-12  -73.88352 -118.74648  50.578359      99.83 1.0209e+03    358.225       8598  1027.7569  1027.7637     4.3817     0.6704     0.1470    33.8764    33.8851    8.18823         21 0.0000e+00
    112.000    110.813    -0.5639  27.776101    -0.5688  27.772239     7.7714     8.0997     4.4868    92.8587 1.0000e-12  -73.88352 -118.74650  50.578369      99.77 1.0212e+03    359.107       8620  1027.7692  1027.7698     4.4052     0.8460     0.1767    33.8836    33.8838    8.19358         22 0.0000e+00
    113.000    111.802    -0.6339  27.718549    -0.6324  27.719732     7.7426     8.0578     4.0528    93.5182 1.0000e-12  -73.88352 -118.74648  50.578381      99.78 1.0199e+03    360.093       8643  1027.7788  1027.7787     4.4364     0.8372     0.1586    33.8838    33.8836    8.20873         25 0.0000e+00
    114.000    112.791    -0.6416  27.713027    -0.6401  27.713803     7.7335     8.0415     3.6802    93.4816 1.0000e-12  -73.88352 -118.74650  50.578393      99.81 1.0202e+03    361.195       8670  1027.7842  1027.7835     4.4347     0.7592     0.1640    33.8844    33.8837    8.21038         28 0.0000e+00
    115.000    113.779    -0.6461  27.710188    -0.6448  27.710815     7.7045     8.0183     3.7685    93.6983 1.0000e-12  -73.88352 -118.74648  50.578406      99.80 1.0207e+03    362.297       8696  1027.7892  1027.7887     4.4450     0.7608     0.1599    33.8849    33.8844    8.21131         25 0.0000e+00
    116.000    114.770    -0.6521  27.705840    -0.6511  27.706157     7.6893     7.9950     4.2812    92.9693 1.0000e-12  -73.88352 -118.74650  50.578418      99.83 1.0209e+03    363.319       8721  1027.7942  1027.7936     4.4104     0.6858     0.1519    33.8852    33.8845    8.21260         23 0.0000e+00
    117.000    115.758    -0.6732  27.689713    -0.6723  27.690454     7.6733     7.9752     4.5088    92.3727 1.0000e-12  -73.88352 -118.74648  50.578429      99.84 1.0215e+03    364.253       8743  1027.8012  1027.8011     4.3820     0.6702     0.1545    33.8865    33.8864    8.21712         23 0.0000e+00
    118.000    116.747    -0.6783  27.688124    -0.6778  27.688224     7.6711     7.9688     4.4464    91.9100 1.0000e-12  -73.88352 -118.74650  50.578440      94.74 1.0216e+03    365.190       8766  1027.8084  1027.8080     4.3603     0.8001     0.1727    33.8894    33.8890    8.21805         23 0.0000e+00
    119.000    117.736    -0.6896  27.683943    -0.6889  27.684088     7.6883     7.9817     3.9568    92.5677 1.0000e-12  -73.88352 -118.74648  50.578451      89.17 1.0229e+03    366.157       8789  1027.8187  1027.8183     4.3914     0.4435     0.1642    33.8958    33.8953    8.22014         22 0.0000e+00
    120.000    118.725    -0.6762  27.701613    -0.6747  27.701668     7.7104     8.0012     4.0119    93.4293 1.0000e-12  -73.88352 -118.74650  50.578462      98.48 1.0230e+03    367.117       8812  1027.8289  1027.8276     4.4322     0.8198     0.1525    33.9041    33.9025    8.21676         24 0.0000e+00
    121.000    119.714    -0.6717  27.707854    -0.6701  27.708439     7.7457     8.0265     3.2653    93.6365 1.0000e-12  -73.88352 -118.74648  50.578474      99.86 1.0231e+03    368.168       8837  1027.8353  1027.8345     4.4421     0.5988     0.1584    33.9068    33.9059    8.21560         27 0.0000e+00
    122.000    120.703    -0.6628  27.718262    -0.6620  27.717891     7.7719     8.0479     3.1233    92.8833 1.0000e-12  -73.88352 -118.74650  50.578487      99.84 1.0240e+03    369.282       8864  1027.8421  1027.8408     4.4065     0.6354     0.1582    33.9103    33.9088    8.21348         26 0.0000e+00
    123.000    121.693    -0.6504  27.730829    -0.6491  27.731126     7.7791     8.0561     4.0350    94.2179 1.0000e-12  -73.88352 -118.74648  50.578499      99.85 1.0234e+03    370.334       8889  1027.8478  1027.8468     4.4694     0.6459     0.1669    33.9128    33.9116    8.21065         24 0.0000e+00
    124.000    122.682    -0.6480  27.734483    -0.6464  27.734861     7.7852     8.0542     3.4162    92.8073 1.0000e-12  -73.88352 -118.74650  50.578511      99.85 1.0233e+03    371.328       8913  1027.8536  1027.8525     4.4027     0.6371     0.1542    33.9144    33.9131    8.21003         24 0.0000e+00
    125.000    123.670    -0.6441  27.739099    -0.6420  27.740147     7.7796     8.0501     3.6707    91.4962 1.0000e-12  -73.88352 -118.74648  50.578522      99.84 1.0234e+03    372.302       8936  1027.8591  1027.8581     4.3406     0.6737     0.1500    33.9156    33.9146    8.20911         23 0.0000e+00
    126.000    124.660    -0.6464  27.738293    -0.6455  27.738521     7.7780     8.0580     3.9196    92.3709 1.0000e-12  -73.88352 -118.74648  50.578533      99.86 1.0229e+03    373.209       8958  1027.8646  1027.8640     4.3820     0.5958     0.1539    33.9165    33.9157    8.20956         21 0.0000e+00
    127.000    125.648    -0.6517  27.735359    -0.6503  27.735783     7.7538     8.0427     3.6332    93.6207 1.0000e-12  -73.88352 -118.74648  50.578543      99.84 1.0225e+03    374.127       8980  1027.8709  1027.8700     4.4413     0.6304     0.1550    33.9178    33.9168    8.21063         23 0.0000e+00
    128.000    126.639    -0.6535  27.735742    -0.6522  27.736162     7.7352     8.0045     3.1937    93.4030 1.0000e-12  -73.88352 -118.74648  50.578554      99.92 1.0221e+03    375.100       9003  1027.8773  1027.8765     4.4311     0.3862     0.1708    33.9198    33.9189    8.21091         25 0.0000e+00
    129.000    127.626    -0.6560  27.737149    -0.6546  27.737441     7.6866     7.9623     4.0604    93.5964 1.0000e-12  -73.88352 -118.74648  50.578567      99.87 1.0238e+03    376.181       9029  1027.8854  1027.8845     4.4401     0.5930     0.1513    33.9238    33.9227    8.21121         26 0.0000e+00
    130.000    128.617    -0.6638  27.733630    -0.6630  27.734108     7.5913     7.8768     4.1864    93.8276 1.0000e-12  -73.88352 -118.74648  50.578580      99.90 1.0225e+03    377.281       9056  1027.8935  1027.8932     4.4511     0.4465     0.1544    33.9273    33.9270    8.21272         26 0.0000e+00
    131.000    129.604    -0.7129  27.693531    -0.7138  27.693454     7.5152     7.8108     3.1070    94.1768 1.0000e-12  -73.88352 -118.74648  50.578591      99.89 1.0226e+03    378.305       9080  1027.9020  1027.9028     4.4677     0.4733     0.1518    33.9275    33.9285    8.22338         24 0.0000e+00
    132.000    130.595    -0.7444  27.669329    -0.7449  27.668506     7.4551     7.7719     3.7417    93.3717 1.0000e-12  -73.88352 -118.74648  50.578602      98.75 1.0237e+03    379.226       9102  1027.9104  1027.9100     4.4295     0.4003     0.1553    33.9296    33.9290    8.23012         20 0.0000e+00
    133.000    131.584    -0.7667  27.649881    -0.7662  27.650454     7.4675     7.7920     3.7007    94.0161 1.0000e-12  -73.88352 -118.74648  50.578612      99.89 1.0226e+03    380.101       9123  1027.9151  1027.9152     4.4601     0.4465     0.1475    33.9278    33.9280    8.23510         22 0.0000e+00
    134.000    132.571    -0.7996  27.622979    -0.7987  27.623677     7.5002     7.7840     3.4724    94.5204 1.0000e-12  -73.88352 -118.74648  50.578623      99.81 1.0219e+03    381.036       9146  1027.9218  1027.9216     4.4842     0.7331     0.1571    33.9278    33.9276    8.24230         24 0.0000e+00
    135.000    133.561    -0.8010  27.623980    -0.7995  27.623822     7.5195     7.7263     2.7809    94.7589 1.0000e-12  -73.88352 -118.74648  50.578636      99.89 1.0226e+03    382.138       9172  1027.9280  1027.9264     4.4952     0.5147     0.1549    33.9300    33.9281    8.24246         29 0.0000e+00
    136.000    134.551    -0.7673  27.654424    -0.7653  27.655138     7.3421     7.5862     2.4673    94.5487 1.0000e-12  -73.88352 -118.74648  50.578650      99.88 1.0232e+03    383.359       9202  1027.9322  1027.9311     4.4853     0.5369     0.1600    33.9328    33.9315    8.23495         28 0.0000e+00
    137.000    135.539    -0.7793  27.641718    -0.7795  27.643100     7.0485     7.3712     2.0401    94.3202 1.0000e-12  -73.88352 -118.74648  50.578663      99.91 1.0252e+03    384.457       9228  1027.9341  1027.9359     4.4745     0.3944     0.1398    33.9285    33.9306    8.23782         24 0.0000e+00
    138.000    136.525    -1.0044  27.456470    -1.0073  27.457741     6.8960     7.2386     2.2876    94.2194 1.0000e-12  -73.88352 -118.74648  50.578673      99.82 1.0250e+03    385.358       9250  1027.9555  1027.9598     4.4697     0.7044     0.1500    33.9298    33.9348    8.28717         19 0.0000e+00
    139.000    137.521    -1.0452  27.429132    -1.0422  27.431869     6.8409     7.1757     2.7282    94.1627 1.0000e-12  -73.88352 -118.74648  50.578682      99.84 1.0254e+03    386.153       9269  1027.9690  1027.9690     4.4668     0.6637     0.1573    33.9380    33.9383    8.29570         20 0.0000e+00
    140.000    138.506    -1.0732  27.407285    -1.0720  27.408685     6.8561     7.1637     2.7923    93.9471 1.0000e-12  -73.88352 -118.74648  50.578692      99.91 1.0231e+03    387.010       9289  1027.9757  1027.9761     4.4571     0.4042     0.1451    33.9392    33.9398    8.30182         22 0.0000e+00
    141.000    139.495    -1.0864  27.397788    -1.0854  27.398760     6.8787     7.1724     3.1091    94.7836 1.0000e-12  -73.88352 -118.74648  50.578704      99.91 1.0225e+03    388.055       9314  1027.9814  1027.9814     4.4963     0.4002     0.1459    33.9406    33.9407    8.30468         28 0.0000e+00
    142.000    140.484    -1.1018  27.387197    -1.1024  27.387032     6.8846     7.1449     2.6706    94.8767 1.0000e-12  -73.88352 -118.74648  50.578718      99.91 1.0234e+03    389.239       9343  1027.9879  1027.9884     4.5009     0.4188     0.1477    33.9428    33.9433    8.30794         28 0.0000e+00
    143.000    141.474    -1.1130  27.379127    -1.1137  27.378655     6.8528     7.1054     3.6108    94.4106 1.0000e-12  -73.88352 -118.74648  50.578731      99.85 1.0231e+03    390.334       9369  1027.9934  1027.9936     4.4789     0.5860     0.1482    33.9439    33.9440    8.31037         25 0.0000e+00
    144.000    142.462    -1.1246  27.369692    -1.1246  27.370086     6.8004     7.0721     2.2852    95.2680 1.0000e-12  -73.88352 -118.74648  50.578742      99.92 1.0225e+03    391.299       9392  1027.9979  1027.9984     4.5193     0.3574     0.1387    33.9435    33.9441    8.31297         21 0.0000e+00
    145.000    143.452    -1.1598  27.341990    -1.1600  27.342544     6.7919     7.0401     2.5756    95.3413 1.0000e-12  -73.88352 -118.74648  50.578752      97.27 1.0234e+03    392.181       9413  1028.0055  1028.0064     4.5228     0.6760     0.1527    33.9448    33.9459    8.32071         22 0.0000e+00
    146.000    144.440    -1.1929  27.317145    -1.1927  27.318097     6.7980     7.0342     2.3305    95.0874 1.0000e-12  -73.88352 -118.74648  50.578763      91.49 1.0227e+03    393.085       9435  1028.0142  1028.0150     4.5109     0.4135     0.1502    33.9477    33.9488    8.32791         22 0.0000e+00
    147.000    145.429    -1.2196  27.298013    -1.2193  27.298999     6.7770     7.0173     2.5773    94.7581 1.0000e-12  -73.88352 -118.74648  50.578774      99.88 1.0241e+03    394.080       9459  1028.0226  1028.0234     4.4952     0.4407     0.1456    33.9511    33.9521    8.33365         25 0.0000e+00
    148.000    146.418    -1.2726  27.255788    -1.2759  27.255147     6.7469     6.9913     2.5599    94.8631 1.0000e-12  -73.88352 -118.74648  50.578786      99.88 1.0256e+03    395.124       9484  1028.0314  1028.0339     4.5003     0.5091     0.1430    33.9527    33.9555    8.34539         25 0.0000e+00
    149.000    147.407    -1.3607  27.190286    -1.3614  27.190863     6.7153     6.9569     2.3703    95.2343 1.0000e-12  -73.88352 -118.74648  50.578798      99.93 1.0239e+03    396.165       9509  1028.0485  1028.0498     4.5179     0.3565     0.1412    33.9621    33.9636    8.36456         25 0.0000e+00
    150.000    148.396    -1.3757  27.179843    -1.3750  27.180802     6.6299     6.8697     2.7435    95.4326 1.0000e-12  -73.88352 -118.74648  50.578810      99.88 1.0226e+03    397.202       9534  1028.0547  1028.0552     4.5271     0.4739     0.1363    33.9640    33.9646    8.36779         25 0.0000e+00
    151.000    149.385    -1.4045  27.158743    -1.4043  27.159813     6.5315     6.7860     1.7000    94.3758 1.0000e-12  -73.88352 -118.74648  50.578822      99.91 1.0251e+03    398.221       9558  1028.0630  1028.0639     4.4771     0.3917     0.1382    33.9672    33.9683    8.37409         24 0.0000e+00
    152.000    150.373    -1.4276  27.143022    -1.4269  27.144480     6.4881     6.7471     1.9654    94.7453 1.0000e-12  -73.88352 -118.74648  50.578833      99.90 1.0259e+03    399.214       9582  1028.0715  1028.0724     4.4946     0.4639     0.1427    33.9712    33.9723    8.37904         24 0.0000e+00
    153.000    151.362    -1.4706  27.111063    -1.4712  27.111932     6.5135     6.7622     2.3711    95.9492 1.0000e-12  -73.88352 -118.74648  50.578845      99.91 1.0264e+03    400.202       9606  1028.0815  1028.0831     4.5517     0.4024     0.1335    33.9754    33.9772    8.38848         23 0.0000e+00
    154.000    152.351    -1.5158  27.077554    -1.5150  27.079214     6.5991     6.8192     2.2410    94.9848 1.0000e-12  -73.88352 -118.74648  50.578856      99.90 1.0274e+03    401.172       9629  1028.0919  1028.0930     4.5060     0.4349     0.1370    33.9799    33.9813    8.39839         23 0.0000e+00
    155.000    153.341    -1.5407  27.060649    -1.5407  27.061234     6.6027     6.8157     2.5881    95.1454 1.0000e-12  -73.88352 -118.74646  50.578867      99.92 1.0276e+03    402.129       9652  1028.1009  1028.1015     4.5137     0.3385     0.1381    33.9844    33.9851    8.40376         24 0.0000e+00
    156.000    154.330    -1.5502  27.055870    -1.5519  27.055219     6.4897     6.7274     3.0996    95.8303 1.0000e-12  -73.88352 -118.74648  50.578879      99.93 1.0278e+03    403.133       9676  1028.1082  1028.1091     4.5460     0.3139     0.1453    33.9879    33.9890    8.40569         24 0.0000e+00
