ocean_section_plots/required_files/ctd/dnbp2202_ctd234.cnv
* Sea-Bird SBE 9 Data File:
* FileName = D:\Data\raw\NBP2202_CTD234.hex
* Software Version Seasave V 7.26.7.121
* Temperature SN = 1649
* Conductivity SN = 2513
* Number of Bytes Per Scan = 40
* Number of Voltage Words = 5
* Number of Scans Averaged by the Deck Unit = 1
* NMEA Latitude = 73 49.60 S
* NMEA Longitude = 113 57.32 W
* NMEA UTC (Time) = Feb 13 2022  10:57:29
* NMEA baud rate = 9600
** Ship: RVIB N.B. Palmer
** Cruise: NBP2202 Thwaites
** Station: 125
** Operator: B. Bjork
** Repeat station
# nquan = 28
# nvalues = 339                         
# units = specified
# name 0 = prDM: Pressure, Digiquartz [db]
# name 1 = depSM: Depth [salt water, m]
# name 2 = t090C: Temperature [ITS-90, deg C]
# name 3 = c0mS/cm: Conductivity [mS/cm]
# name 4 = t190C: Temperature, 2 [ITS-90, deg C]
# name 5 = c1mS/cm: Conductivity, 2 [mS/cm]
# name 6 = sbeox0ML/L: Oxygen, SBE 43 [ml/l]
# name 7 = sbeox1ML/L: Oxygen, SBE 43, 2 [ml/l]
# name 8 = flECO-AFL: Fluorescence, WET Labs ECO-AFL/FL [mg/m^3]
# name 9 = CStarTr0: Beam Transmission, WET Labs C-Star [%]
# name 10 = par: PAR/Irradiance, Biospherical/Licor
# name 11 = latitude: Latitude [deg]
# name 12 = longitude: Longitude [deg]
# name 13 = timeJ: Julian Days
# name 14 = altM: Altimeter [m]
# name 15 = spar: SPAR, Biospherical/Licor
# name 16 = timeS: Time, Elapsed [seconds]
# name 17 = scan: Scan Count
# name 18 = density00: Density [density, kg/m^3]
# name 19 = density11: Density, 2 [density, kg/m^3]
# name 20 = v3: Voltage 3
# name 21 = v4: Voltage 4
# name 22 = v5: Voltage 5
# name 23 = sal00: Salinity, Practical [PSU]
# name 24 = sal11: Salinity, Practical, 2 [PSU]
# name 25 = oxsolML/L: Oxygen Saturation, Garcia & Gordon [ml/l]
# name 26 = nbin: number of scans per bin
# name 27 = flag: flag
# span 0 =      3.000,    341.000       
# span 1 =      2.970,    337.197       
# span 2 =    -1.2591,    -0.5052       
# span 3 =  27.280438,  28.158792       
# span 4 =    -1.2568,    -0.5034       
# span 5 =  27.280592,  28.158333       
# span 6 =     4.9840,     8.6132       
# span 7 =     5.1284,     8.8961       
# span 8 =     0.1097,    18.2140       
# span 9 =    78.1024,    96.4513       
# span 10 = -2.220e-05, 2.0169e+01      
# span 11 =  -73.82672,  -73.82672      
# span 12 = -113.95541, -113.95534      
# span 13 =  44.460015,  44.465208      
# span 14 =      -1.82,     100.20      
# span 15 = 2.0993e+02, 3.1736e+02      
# span 16 =    296.309,    744.991      
# span 17 =       7112,      17881      
# span 18 =  1027.1611,  1029.1048      
# span 19 =  1027.1597,  1029.1026      
# span 20 =     3.7059,     4.5755      
# span 21 =     0.0815,     2.8548      
# span 22 =     0.1286,     0.2536      
# span 23 =    33.7577,    34.1932      
# span 24 =    33.7560,    34.1905      
# span 25 =    8.16306,    8.34147      
# span 26 =         22,         50      
# span 27 = 0.0000e+00, 0.0000e+00      
# interval = decibars: 1                
# start_time = Feb 13 2022 10:57:29 [NMEA time, header]
# bad_flag = -9.990e-29
*END*
[from data line 208]
    211.000    208.712    -1.1004  27.468954    -1.0988  27.468748     5.5372     5.7028     1.9431    93.5776 1.0000e-12  -73.82672 -113.95536  44.462976      94.85 2.9891e+02    552.115      13252  1028.3652  1028.3636     4.4393     0.3070     0.1354    34.0102    34.0082    8.30368         23 0.0000e+00
    212.000    209.702    -1.1008  27.469416    -1.0991  27.469303     5.5334     5.6984     1.8158    92.6148 1.0000e-12  -73.82672 -113.95536  44.462987      99.52 3.0136e+02    553.097      13275  1028.3706  1028.3688     4.3936     0.3394     0.1460    34.0107    34.0086    8.30374         24 0.0000e+00
    213.000    210.692    -1.1003  27.470296    -1.0987  27.470097     5.5302     5.6933     1.9622    92.5297 1.0000e-12  -73.82672 -113.95536  44.462999      99.92 2.9936e+02    554.085      13299  1028.3754  1028.3737     4.3896     0.3443     0.1363    34.0107    34.0086    8.30363         24 0.0000e+00
    214.000    211.678    -1.1004  27.470612    -1.0989  27.470382     5.5310     5.6894     1.6775    93.3605 1.0000e-12  -73.82672 -113.95536  44.463010      99.93 2.9834e+02    555.052      13322  1028.3803  1028.3786     4.4289     0.3104     0.1383    34.0106    34.0086    8.30365         23 0.0000e+00
    215.000    212.668    -1.0976  27.474308    -1.0960  27.474218     5.5337     5.6892     1.6035    93.8584 1.0000e-12  -73.82672 -113.95536  44.463021      99.92 2.9914e+02    556.026      13346  1028.3861  1028.3843     4.4526     0.3410     0.1375    34.0119    34.0099    8.30297         23 0.0000e+00
    216.000    213.655    -1.0964  27.476653    -1.0947  27.476565     5.5284     5.6921     1.1726    94.3451 1.0000e-12  -73.82672 -113.95536  44.463033      99.94 2.9884e+02    557.011      13369  1028.3918  1028.3901     4.4756     0.2628     0.1399    34.0131    34.0111    8.30262         23 0.0000e+00
    217.000    214.646    -1.0960  27.477977    -1.0945  27.477782     5.5294     5.6867     1.4977    94.5730 1.0000e-12  -73.82672 -113.95536  44.463044      99.92 2.9888e+02    557.974      13392  1028.3972  1028.3955     4.4865     0.3432     0.1356    34.0139    34.0119    8.30249         24 0.0000e+00
    218.000    215.635    -1.0926  27.482860    -1.0910  27.482625     5.5339     5.6953     1.7606    93.5456 1.0000e-12  -73.82672 -113.95536  44.463055      99.92 2.9960e+02    558.944      13416  1028.4037  1028.4018     4.4383     0.3392     0.1389    34.0161    34.0139    8.30161         23 0.0000e+00
    219.000    216.622    -1.0872  27.488451    -1.0859  27.488115     5.5472     5.7017     1.3412    94.4728 1.0000e-12  -73.82672 -113.95536  44.463066      99.93 2.9823e+02    559.933      13439  1028.4089  1028.4073     4.4812     0.2662     0.1389    34.0170    34.0151    8.30036         24 0.0000e+00
    220.000    217.610    -1.0957  27.482630    -1.0942  27.482624     5.5487     5.7067     1.8579    93.9968 1.0000e-12  -73.82672 -113.95536  44.463078      99.93 2.9686e+02    560.913      13463  1028.4152  1028.4137     4.4591     0.2933     0.1378    34.0180    34.0163    8.30218         23 0.0000e+00
    221.000    218.601    -1.0964  27.483502    -1.0949  27.483030     5.5514     5.7099     1.8881    93.5958 1.0000e-12  -73.82672 -113.95536  44.463089      99.89 2.9829e+02    561.920      13487  1028.4211  1028.4192     4.4402     0.4717     0.1412    34.0194    34.0171    8.30225         25 0.0000e+00
    222.000    219.587    -1.0956  27.484620    -1.0945  27.484112     5.5528     5.7060     1.7753    94.1917 1.0000e-12  -73.82672 -113.95536  44.463101      99.95 2.9859e+02    562.940      13512  1028.4259  1028.4242     4.4684     0.2209     0.1356    34.0194    34.0174    8.30208         24 0.0000e+00
    223.000    220.577    -1.0954  27.485308    -1.0939  27.485183     5.5594     5.7171     1.8910    94.8573 1.0000e-12  -73.82672 -113.95536  44.463112      99.92 2.9579e+02    563.914      13535  1028.4308  1028.4291     4.4999     0.3231     0.1427    34.0195    34.0176    8.30203         23 0.0000e+00
    224.000    221.564    -1.0961  27.485416    -1.0947  27.485200     5.5611     5.7192     1.8026    94.0170 1.0000e-12  -73.82672 -113.95536  44.463124      99.94 2.9565e+02    564.884      13558  1028.4359  1028.4343     4.4601     0.2324     0.1365    34.0198    34.0179    8.30217         24 0.0000e+00
    225.000    222.556    -1.0994  27.483230    -1.0980  27.483003     5.5654     5.7268     1.7481    94.0501 1.0000e-12  -73.82672 -113.95536  44.463135      96.25 2.9856e+02    565.885      13582  1028.4411  1028.4394     4.4616     0.2685     0.1397    34.0200    34.0181    8.30289         24 0.0000e+00
    226.000    223.540    -1.1037  27.480119    -1.1023  27.479920     5.5669     5.7348     1.1683    94.4075 1.0000e-12  -73.82672 -113.95536  44.463147      99.88 2.9730e+02    566.907      13607  1028.4461  1028.4445     4.4786     0.3306     0.1403    34.0199    34.0181    8.30384         25 0.0000e+00
    227.000    224.534    -1.1049  27.479464    -1.1034  27.479400     5.5769     5.7396     1.2442    94.3114 1.0000e-12  -73.82672 -113.95536  44.463159      99.93 2.9633e+02    567.907      13631  1028.4509  1028.4494     4.4740     0.3268     0.1361    34.0198    34.0180    8.30412         23 0.0000e+00
    228.000    225.519    -1.1064  27.478730    -1.1048  27.478624     5.5841     5.7357     1.0601    93.6819 1.0000e-12  -73.82672 -113.95536  44.463170      99.93 2.9646e+02    568.900      13655  1028.4558  1028.4542     4.4442     0.3186     0.1458    34.0199    34.0180    8.30444         24 0.0000e+00
    229.000    226.509    -1.1093  27.476747    -1.1077  27.476733     5.6029     5.7510     1.0326    94.2128 1.0000e-12  -73.82672 -113.95536  44.463182      99.93 2.9521e+02    569.894      13678  1028.4607  1028.4592     4.4693     0.3055     0.1393    34.0198    34.0180    8.30508         24 0.0000e+00
    230.000    227.496    -1.1137  27.473530    -1.1124  27.473397     5.6134     5.7673     1.2894    94.0441 1.0000e-12  -73.82672 -113.95536  44.463193      99.93 2.9440e+02    570.896      13703  1028.4658  1028.4644     4.4615     0.3110     0.1463    34.0198    34.0181    8.30607         24 0.0000e+00
    231.000    228.485    -1.1224  27.467678    -1.1210  27.467607     5.6187     5.7735     1.3432    93.7636 1.0000e-12  -73.82672 -113.95536  44.463205      99.93 2.9581e+02    571.906      13727  1028.4721  1028.4707     4.4481     0.2778     0.1370    34.0210    34.0194    8.30792         24 0.0000e+00
    232.000    229.473    -1.1254  27.466803    -1.1237  27.466693     5.6142     5.7782     1.6271    94.1940 1.0000e-12  -73.82672 -113.95537  44.463216      99.92 2.9331e+02    572.892      13750  1028.4783  1028.4766     4.4685     0.3370     0.1437    34.0226    34.0206    8.30849         24 0.0000e+00
    233.000    230.464    -1.1215  27.471418    -1.1196  27.471758     5.6138     5.7778     1.5552    94.5970 1.0000e-12  -73.82672 -113.95538  44.463228      99.94 2.9251e+02    573.878      13774  1028.4838  1028.4823     4.4876     0.2602     0.1401    34.0239    34.0222    8.30755         24 0.0000e+00
    234.000    231.451    -1.1188  27.474793    -1.1170  27.474855     5.5947     5.7595     1.1085    94.1500 1.0000e-12  -73.82672 -113.95538  44.463239      99.91 2.9579e+02    574.892      13798  1028.4891  1028.4874     4.4664     0.4065     0.1449    34.0248    34.0228    8.30690         24 0.0000e+00
    235.000    232.440    -1.1107  27.483392    -1.1087  27.483528     5.5902     5.7488     1.0598    94.2198 1.0000e-12  -73.82672 -113.95538  44.463251      99.93 2.9476e+02    575.906      13823  1028.4949  1028.4931     4.4697     0.3025     0.1481    34.0268    34.0247    8.30499         24 0.0000e+00
    236.000    233.428    -1.1047  27.489573    -1.1030  27.489556     5.6139     5.7775     1.3402    93.7289 1.0000e-12  -73.82672 -113.95538  44.463263      99.94 2.9293e+02    576.883      13846  1028.5001  1028.4985     4.4465     0.2401     0.1407    34.0278    34.0259    8.30359         23 0.0000e+00
    237.000    234.416    -1.1049  27.490452    -1.1034  27.490283     5.6476     5.8039     1.0360    93.2464 1.0000e-12  -73.82672 -113.95538  44.463274      96.05 2.9389e+02    577.862      13870  1028.5055  1028.5039     4.4235     0.3127     0.1342    34.0286    34.0267    8.30359         24 0.0000e+00
    238.000    235.405    -1.1280  27.471740    -1.1273  27.471463     5.6617     5.8217     0.9003    93.6190 1.0000e-12  -73.82672 -113.95538  44.463286      95.34 2.9285e+02    578.878      13894  1028.5120  1028.5110     4.4413     0.3632     0.1424    34.0286    34.0275    8.30872         25 0.0000e+00
    239.000    236.394    -1.1343  27.468107    -1.1327  27.468194     5.6716     5.8338     0.9651    93.9007 1.0000e-12  -73.82672 -113.95538  44.463298      99.91 2.9243e+02    579.911      13919  1028.5184  1028.5170     4.4545     0.2510     0.1385    34.0302    34.0285    8.31002         25 0.0000e+00
    240.000    237.383    -1.1370  27.466510    -1.1352  27.466657     5.6805     5.8467     1.4563    93.5403 1.0000e-12  -73.82672 -113.95538  44.463309      99.94 2.9321e+02    580.921      13943  1028.5234  1028.5219     4.4376     0.2486     0.1382    34.0304    34.0286    8.31060         24 0.0000e+00
    241.000    238.371    -1.1399  27.465293    -1.1386  27.464895     5.6874     5.8493     0.7979    93.9403 1.0000e-12  -73.82672 -113.95538  44.463321      49.21 2.9204e+02    581.910      13967  1028.5292  1028.5276     4.4564     0.3466     0.1489    34.0314    34.0295    8.31118         23 0.0000e+00
    242.000    239.359    -1.1404  27.466628    -1.1390  27.466542     5.6949     5.8476     1.0495    94.1526 1.0000e-12  -73.82672 -113.95538  44.463332     100.20 2.9139e+02    582.901      13991  1028.5354  1028.5339     4.4665     0.3034     0.1418    34.0332    34.0315    8.31120         24 0.0000e+00
    243.000    240.349    -1.1391  27.469581    -1.1376  27.469633     5.6796     5.8434     1.2668    94.4639 1.0000e-12  -73.82672 -113.95538  44.463344      99.92 2.9229e+02    583.915      14015  1028.5416  1028.5402     4.4813     0.3236     0.1497    34.0352    34.0335    8.31080         25 0.0000e+00
    244.000    241.337    -1.1409  27.470189    -1.1393  27.470158     5.6580     5.8303     3.2699    94.9160 1.0000e-12  -73.82672 -113.95538  44.463356      99.93 2.9198e+02    584.929      14039  1028.5482  1028.5467     4.5027     0.2686     0.1436    34.0374    34.0356    8.31106         24 0.0000e+00
    245.000    242.325    -1.1328  27.480526    -1.1304  27.480867     5.6554     5.8205     3.2388    94.4111 1.0000e-12  -73.82672 -113.95538  44.463367      99.93 2.9042e+02    585.913      14063  1028.5559  1028.5539     4.4788     0.3121     0.1376    34.0418    34.0394    8.30901         23 0.0000e+00
    246.000    243.313    -1.1221  27.490668    -1.1201  27.491017     5.6374     5.8051     1.0381    94.2834 1.0000e-12  -73.82672 -113.95538  44.463379      99.93 2.8962e+02    586.904      14087  1028.5608  1028.5593     4.4727     0.2872     0.1417    34.0428    34.0411    8.30657         24 0.0000e+00
    247.000    244.302    -1.1216  27.491685    -1.1199  27.491627     5.6287     5.7949     1.2728    93.7384 1.0000e-12  -73.82672 -113.95538  44.463390      99.93 2.9117e+02    587.921      14111  1028.5657  1028.5640     4.4469     0.3109     0.1401    34.0430    34.0410    8.30644         25 0.0000e+00
    248.000    245.291    -1.1179  27.495654    -1.1162  27.495482     5.6198     5.7942     0.8039    93.9551 1.0000e-12  -73.82672 -113.95538  44.463402      99.94 2.8985e+02    588.938      14136  1028.5708  1028.5690     4.4572     0.2472     0.1419    34.0436    34.0416    8.30559         24 0.0000e+00
    249.000    246.277    -1.1115  27.501718    -1.1096  27.501993     5.6170     5.7910     0.7695    94.8904 1.0000e-12  -73.82672 -113.95538  44.463413      69.71 2.9007e+02    589.928      14159  1028.5755  1028.5740     4.5015     0.1841     0.1421    34.0441    34.0423    8.30415         24 0.0000e+00
    250.000    247.268    -1.1095  27.504110    -1.1075  27.504419     5.6297     5.7904     1.0026    94.0579 1.0000e-12  -73.82672 -113.95538  44.463425      81.66 2.9156e+02    590.911      14183  1028.5804  1028.5789     4.4621     0.2375     0.1447    34.0444    34.0426    8.30368         23 0.0000e+00
    251.000    248.255    -1.1079  27.506311    -1.1063  27.506405     5.6225     5.7845     1.1881    94.5326 1.0000e-12  -73.82672 -113.95538  44.463436      99.24 2.8954e+02    591.903      14207  1028.5857  1028.5842     4.4845     0.2466     0.1348    34.0451    34.0433    8.30330         24 0.0000e+00
    252.000    249.244    -1.1038  27.513319    -1.1018  27.513830     5.6332     5.8011     0.9323    94.4717 1.0000e-12  -73.82672 -113.95538  44.463448      98.74 2.8881e+02    592.906      14231  1028.5937  1028.5923     4.4816     0.1925     0.1418    34.0493    34.0477    8.30214         24 0.0000e+00
    253.000    250.234    -1.1081  27.510956    -1.1073  27.510227     5.6388     5.8078     1.6469    94.5039 1.0000e-12  -73.82672 -113.95538  44.463460      97.61 2.8983e+02    593.924      14255  1028.5997  1028.5981     4.4832     0.2183     0.1380    34.0504    34.0484    8.30303         25 0.0000e+00
    254.000    251.221    -1.1069  27.512466    -1.1048  27.513043     5.6030     5.7797     1.2992    94.3606 1.0000e-12  -73.82672 -113.95538  44.463472      96.52 2.8816e+02    594.938      14280  1028.6045  1028.6031     4.4764     0.2200     0.1341    34.0504    34.0489    8.30275         24 0.0000e+00
    255.000    252.210    -1.1026  27.520047    -1.1021  27.518671     5.5679     5.7440     0.8331    94.6336 1.0000e-12  -73.82672 -113.95538  44.463483      95.51 2.8669e+02    595.935      14303  1028.6129  1028.6109     4.4893     0.2572     0.1344    34.0553    34.0529    8.30152         24 0.0000e+00
    256.000    253.196    -1.0550  27.565422    -1.0546  27.563400     5.5462     5.7199     0.8998    94.6530 1.0000e-12  -73.82672 -113.95538  44.463495      94.43 2.8918e+02    596.957      14328  1028.6203  1028.6177     4.4903     0.2621     0.1408    34.0627    34.0595    8.29056         25 0.0000e+00
    257.000    254.189    -1.0464  27.572763    -1.0449  27.572667     5.5402     5.7146     0.9798    94.8743 1.0000e-12  -73.82672 -113.95538  44.463507      93.54 2.8741e+02    597.988      14353  1028.6244  1028.6228     4.5008     0.2515     0.1369    34.0623    34.0604    8.28867         24 0.0000e+00
    258.000    255.175    -1.0464  27.573580    -1.0451  27.573147     5.5502     5.7352     0.7416    94.4846 1.0000e-12  -73.82672 -113.95538  44.463518      92.47 2.8831e+02    598.983      14377  1028.6298  1028.6280     4.4822     0.2629     0.1428    34.0628    34.0608    8.28865         24 0.0000e+00
    259.000    256.163    -1.0494  27.571297    -1.0480  27.571054     5.5838     5.7457     0.7120    94.8101 1.0000e-12  -73.82672 -113.95538  44.463530      91.39 2.9020e+02    599.963      14400  1028.6347  1028.6330     4.4978     0.2585     0.1344    34.0625    34.0605    8.28933         23 0.0000e+00
    260.000    257.152    -1.0664  27.557572    -1.0660  27.556761     5.5757     5.7384     1.2341    94.6488 1.0000e-12  -73.82672 -113.95538  44.463541      90.22 2.8712e+02    600.965      14424  1028.6408  1028.6395     4.4901     0.1907     0.1336    34.0624    34.0608    8.29308         25 0.0000e+00
