ocean_section_plots/required_files/ctd/dnbp2202_ctd186.cnv
* Sea-Bird SBE 9 Data File:
* FileName = D:\Data\raw\NBP2202_CTD186.hex
* Software Version Seasave V 7.26.7.121
* Temperature SN = 1649
* Conductivity SN = 2513
* Number of Bytes Per Scan = 40
* Number of Voltage Words = 5
* Number of Scans Averaged by the Deck Unit = 1
* NMEA Latitude = 74 10.07 S
* NMEA Longitude = 113 24.62 W
* NMEA UTC (Time) = Feb 07 2022  07:20:24
* NMEA baud rate = 9600
** Ship: RVIB N.B. Palmer
** Cruise: NBP2202 Thwaites
** Station: 107-
** Operator: B Bjork
# nquan = 28
# nvalues = 269                         
# units = specified
# name 0 = prDM: Pressure, Digiquartz [db]
# name 1 = depSM: Depth [salt water, m]
# name 2 = t090C: Temperature [ITS-90, deg C]
# name 3 = c0mS/cm: Conductivity [mS/cm]
# name 4 = t190C: Temperature, 2 [ITS-90, deg C]
# name 5 = c1mS/cm: Conductivity, 2 [mS/cm]
# name 6 = sbeox0ML/L: Oxygen, SBE 43 [ml/l]
# name 7 = sbeox1ML/L: Oxygen, SBE 43, 2 [ml/l]
# name 8 = flECO-AFL: Fluorescence, WET Labs ECO-AFL/FL [mg/m^3]
# name 9 = CStarTr0: Beam Transmission, WET Labs C-Star [%]
# name 10 = par: PAR/Irradiance, Biospherical/Licor
# name 11 = latitude: Latitude [deg]
# name 12 = longitude: Longitude [deg]
# name 13 = timeJ: Julian Days
# name 14 = altM: Altimeter [m]
# name 15 = spar: SPAR, Biospherical/Licor
# name 16 = timeS: Time, Elapsed [seconds]
# name 17 = scan: Scan Count
# name 18 = density00: Density [density, kg/m^3]
# name 19 = density11: Density, 2 [density, kg/m^3]
# name 20 = v3: Voltage 3
# name 21 = v4: Voltage 4
# name 22 = v5: Voltage 5
# name 23 = sal00: Salinity, Practical [PSU]
# name 24 = sal11: Salinity, Practical, 2 [PSU]
# name 25 = oxsolML/L: Oxygen Saturation, Garcia & Gordon [ml/l]
# name 26 = nbin: number of scans per bin
# name 27 = flag: flag
# span 0 =      2.000,    270.000       
# span 1 =      1.978,    267.033       
# span 2 =    -1.4225,    -0.7466       
# span 3 =  27.019361,  27.840343       
# span 4 =    -1.4230,    -0.7456       
# span 5 =  27.018916,  27.839697       
# span 6 =     5.0174,     9.0008       
# span 7 =     5.1534,     9.2702       
# span 8 =    -0.0200,    26.4073       
# span 9 =    75.0574,    98.4158       
# span 10 = -1.897e-04, 6.8955e+00      
# span 11 =  -74.16792,  -74.16792      
# span 12 = -113.41050, -113.41047      
# span 13 =  38.308424,  38.313144      
# span 14 =       4.08,     100.67      
# span 15 = 2.4680e+01, 3.0501e+01      
# span 16 =    223.878,    631.643      
# span 17 =       5374,      15160      
# span 18 =  1027.1741,  1028.6867      
# span 19 =  1027.1747,  1028.6852      
# span 20 =     3.5618,     4.6687      
# span 21 =     0.0630,     3.8252      
# span 22 =     0.1240,     0.2575      
# span 23 =    33.7858,    34.0794      
# span 24 =    33.7869,    34.0774      
# span 25 =    8.22191,    8.38441      
# span 26 =         22,         48      
# span 27 = 0.0000e+00, 0.0000e+00      
# interval = decibars: 1                
# start_time = Feb 07 2022 07:20:24 [NMEA time, header]
# bad_flag = -9.990e-29
*END*
[from data line 259]
    261.000    258.137    -0.7721  27.811016    -0.7708  27.810642     5.0489     5.1844    -0.0126    98.3488 1.0000e-12  -74.16792 -113.41050  38.312463      13.40 2.8766e+01    572.823      13749  1028.6412  1028.6396     4.6655     0.0671     0.1296    34.0734    34.0715    8.22781         34 0.0000e+00
    262.000    259.124    -0.7725  27.811016    -0.7707  27.811281     5.0501     5.1830    -0.0100    98.3502 1.0000e-12  -74.16792 -113.41049  38.312505      12.33 2.9416e+01    576.468      13836  1028.6460  1028.6445     4.6656     0.0695     0.1290    34.0733    34.0715    8.22792         39 0.0000e+00
    263.000    260.114    -0.7714  27.812780    -0.7699  27.812619     5.0457     5.1850     0.0268    98.3577 1.0000e-12  -74.16792 -113.41049  38.312544      11.34 2.9969e+01    579.777      13916  1028.6511  1028.6495     4.6659     0.0685     0.1300    34.0737    34.0719    8.22764         38 0.0000e+00
    264.000    261.101    -0.7674  27.817650    -0.7662  27.817218     5.0403     5.1818    -0.0106    98.3648 1.0000e-12  -74.16792 -113.41049  38.312578      10.31 2.9329e+01    582.773      13988  1028.6567  1028.6551     4.6663     0.0925     0.1300    34.0752    34.0733    8.22668         42 0.0000e+00
    265.000    262.087    -0.7636  27.822004    -0.7634  27.820671     5.0412     5.1751    -0.0113    98.3537 1.0000e-12  -74.16792 -113.41049  38.312614       9.30 2.9572e+01    585.835      14061  1028.6622  1028.6605     4.6657     0.0996     0.1305    34.0763    34.0742    8.22581         39 0.0000e+00
    266.000    263.077    -0.7593  27.826712    -0.7582  27.826130     5.0331     5.1764    -0.0124    98.3622 1.0000e-12  -74.16792 -113.41049  38.312649       8.29 3.0501e+01    588.881      14134  1028.6674  1028.6656     4.6663     0.0657     0.1301    34.0771    34.0751    8.22480         36 0.0000e+00
    267.000    264.065    -0.7516  27.834508    -0.7529  27.831784     5.0257     5.1607    -0.0058    98.3685 1.0000e-12  -74.16792 -113.41050  38.312683       7.29 2.9545e+01    591.830      14205  1028.6726  1028.6710     4.6665     0.0676     0.1281    34.0784    34.0762    8.22306         47 0.0000e+00
    268.000    265.055    -0.7496  27.836827    -0.7490  27.835841     5.0213     5.1608    -0.0097    98.2294 1.0000e-12  -74.16792 -113.41050  38.312718       6.28 2.9398e+01    594.877      14278  1028.6777  1028.6759     4.6597     0.0673     0.1295    34.0787    34.0766    8.22261         43 0.0000e+00
    269.000    266.041    -0.7466  27.840343    -0.7456  27.839697     5.0174     5.1534     0.0022    98.3507 1.0000e-12  -74.16792 -113.41050  38.312753       5.26 2.9955e+01    597.897      14351  1028.6828  1028.6812     4.6655     0.0688     0.1309    34.0794    34.0774    8.22191         33 0.0000e+00
    270.000    267.033    -0.7512  27.835807    -0.7499  27.835527     5.0287     5.1674    -0.0071    98.3506 1.0000e-12  -74.16792 -113.41050  38.313144       4.08 2.9576e+01    631.643      15160  1028.6867  1028.6852     4.6655     0.0662     0.1298    34.0778    34.0760    8.22299         48 0.0000e+00
