ocean_section_plots/required_files/ctd/dnbp2202_ctd181.cnv
* Sea-Bird SBE 9 Data File:
* FileName = D:\Data\raw\NBP2202_CTD181.hex
* Software Version Seasave V 7.26.7.121
* Temperature SN = 1649
* Conductivity SN = 2513
* Number of Bytes Per Scan = 40
* Number of Voltage Words = 5
* Number of Scans Averaged by the Deck Unit = 1
* NMEA Latitude = 74 09.52 S
* NMEA Longitude = 111 26.18 W
* NMEA UTC (Time) = Feb 04 2022  01:41:19
* NMEA baud rate = 9600
** Ship: RVIB N.B. Palmer
** Cruise: NBP2202 Thwaites
** Station: 103
** Operator: A. Robinson
# nquan = 28
# nvalues = 326                         
# units = specified
# name 0 = prDM: Pressure, Digiquartz [db]
# name 1 = depSM: Depth [salt water, m]
# name 2 = t090C: Temperature [ITS-90, deg C]
# name 3 = c0mS/cm: Conductivity [mS/cm]
# name 4 = t190C: Temperature, 2 [ITS-90, deg C]
# name 5 = c1mS/cm: Conductivity, 2 [mS/cm]
# name 6 = sbeox0ML/L: Oxygen, SBE 43 [ml/l]
# name 7 = sbeox1ML/L: Oxygen, SBE 43, 2 [ml/l]
# name 8 = flECO-AFL: Fluorescence, WET Labs ECO-AFL/FL [mg/m^3]
# name 9 = CStarTr0: Beam Transmission, WET Labs C-Star [%]
# name 10 = par: PAR/Irradiance, Biospherical/Licor
# name 11 = latitude: Latitude [deg]
# name 12 = longitude: Longitude [deg]
# name 13 = timeJ: Julian Days
# name 14 = altM: Altimeter [m]
# name 15 = spar: SPAR, Biospherical/Licor
# name 16 = timeS: Time, Elapsed [seconds]
# name 17 = scan: Scan Count
# name 18 = density00: Density [density, kg/m^3]
# name 19 = density11: Density, 2 [density, kg/m^3]
# name 20 = v3: Voltage 3
# name 21 = v4: Voltage 4
# name 22 = v5: Voltage 5
# name 23 = sal00: Salinity, Practical [PSU]
# name 24 = sal11: Salinity, Practical, 2 [PSU]
# name 25 = oxsolML/L: Oxygen Saturation, Garcia & Gordon [ml/l]
# name 26 = nbin: number of scans per bin
# name 27 = flag: flag
# span 0 =      2.000,    327.000       
# span 1 =      1.980,    323.361       
# span 2 =    -1.4301,    -1.0664       
# span 3 =  27.053313,  27.341001       
# span 4 =    -1.4304,    -1.0828       
# span 5 =  27.053608,  27.340842       
# span 6 =     5.8832,     7.4114       
# span 7 =     6.0225,     7.4384       
# span 8 =     0.0059,     7.9339       
# span 9 =    85.5301,    98.3574       
# span 10 = -6.954e-05, 7.2966e+02      
# span 11 =  -74.15876,  -74.15876      
# span 12 = -111.43646, -111.43643      
# span 13 =  35.073242,  35.078699      
# span 14 =       4.80,      99.94      
# span 15 = 1.3718e+03, 1.3848e+03      
# span 16 =    249.099,    720.634      
# span 17 =       5979,      17296      
# span 18 =  1027.2051,  1028.9573      
# span 19 =  1027.2064,  1028.9558      
# span 20 =     4.0576,     4.6660      
# span 21 =     0.0677,     1.1766      
# span 22 =     0.1237,     0.1826      
# span 23 =    33.8086,    34.0437      
# span 24 =    33.8112,    34.0419      
# span 25 =    8.30782,    8.38216      
# span 26 =         21,         77      
# span 27 = 0.0000e+00, 0.0000e+00      
# interval = decibars: 1                
# start_time = Feb 04 2022 01:41:19 [NMEA time, header]
# bad_flag = -9.990e-29
*END*
[from data line 52]
     54.000     53.434    -1.3916  27.071229    -1.3924  27.071292     6.1683     6.3112     1.8186    93.8073 1.2264e-01  -74.15876 -111.43644  35.074400      99.82 1.3760e+03    349.120       8380  1027.5291  1027.5299     4.4500     0.3700     0.1652    33.8927    33.8937    8.37560         34 0.0000e+00
     55.000     54.424    -1.3913  27.072190    -1.3921  27.072274     6.1555     6.3029     2.1205    93.6381 1.0476e-01  -74.15876 -111.43644  35.074416      99.81 1.3765e+03    350.536       8414  1027.5342  1027.5351     4.4421     0.4231     0.1624    33.8931    33.8941    8.37552         34 0.0000e+00
     56.000     55.413    -1.3911  27.072715    -1.3921  27.072727     6.1479     6.2882     2.0645    93.6230 8.8945e-02  -74.15876 -111.43644  35.074432      99.80 1.3752e+03    351.942       8448  1027.5388  1027.5399     4.4415     0.4165     0.1647    33.8929    33.8941    8.37548         33 0.0000e+00
     57.000     56.401    -1.3910  27.073626    -1.3920  27.073476     6.1361     6.2831     1.9164    93.7639 7.5143e-02  -74.15876 -111.43644  35.074448      99.80 1.3752e+03    353.339       8481  1027.5441  1027.5449     4.4480     0.4807     0.1658    33.8934    33.8944    8.37543         33 0.0000e+00
     58.000     57.393    -1.3909  27.074381    -1.3918  27.074376     6.0916     6.2374     2.0763    94.1388 6.3027e-02  -74.15876 -111.43644  35.074465      99.82 1.3751e+03    354.747       8515  1027.5491  1027.5500     4.4659     0.3565     0.1626    33.8938    33.8948    8.37539         32 0.0000e+00
     59.000     58.381    -1.3905  27.075872    -1.3911  27.076035     5.9861     6.1421     2.2822    94.0153 5.1716e-02  -74.15876 -111.43644  35.074481      99.83 1.3750e+03    356.134       8548  1027.5547  1027.5555     4.4600     0.3285     0.1609    33.8947    33.8957    8.37524         33 0.0000e+00
     60.000     59.370    -1.3859  27.083621    -1.3860  27.084208     5.9108     6.0778     2.0216    94.4686 4.2026e-02  -74.15876 -111.43644  35.074497      99.82 1.3750e+03    357.509       8581  1027.5631  1027.5639     4.4815     0.3527     0.1552    33.8996    33.9005    8.37392         33 0.0000e+00
     61.000     60.360    -1.3821  27.089642    -1.3829  27.089758     5.8944     6.0585     1.4656    94.0484 3.3499e-02  -74.15876 -111.43644  35.074513      99.67 1.3750e+03    358.895       8614  1027.5705  1027.5714     4.4616     0.2819     0.1480    33.9029    33.9040    8.37287         34 0.0000e+00
     62.000     61.349    -1.3819  27.090379    -1.3828  27.090405     5.8975     6.0490     0.8570    93.9815 2.3974e-02  -74.15876 -111.43644  35.074529      99.86 1.3750e+03    360.284       8648  1027.5755  1027.5763     4.4584     0.2088     0.1414    33.9031    33.9042    8.37282         31 0.0000e+00
     63.000     62.338    -1.3820  27.090989    -1.3827  27.090971     5.8901     6.0280     0.5469    95.2217 1.7624e-02  -74.15876 -111.43644  35.074545      99.85 1.3750e+03    361.677       8681  1027.5806  1027.5812     4.5172     0.2000     0.1379    33.9034    33.9042    8.37282         33 0.0000e+00
     64.000     63.327    -1.3812  27.093312    -1.3820  27.093188     5.8832     6.0225     0.3939    95.7757 1.2343e-02  -74.15876 -111.43644  35.074561      99.85 1.3762e+03    363.072       8715  1027.5867  1027.5874     4.5435     0.2322     0.1357    33.9051    33.9059    8.37254         34 0.0000e+00
     65.000     64.317    -1.3807  27.096132    -1.3817  27.095830     5.8879     6.0263     0.5538    95.8918 7.1613e-03  -74.15876 -111.43644  35.074577      99.84 1.3750e+03    364.475       8748  1027.5937  1027.5943     4.5490     0.1910     0.1358    33.9078    33.9085    8.37227         33 0.0000e+00
     66.000     65.308    -1.3812  27.097166    -1.3823  27.097059     5.9188     6.0496     0.4579    96.4852 2.7760e-03  -74.15876 -111.43644  35.074593      99.85 1.3750e+03    365.865       8782  1027.5997  1027.6006     4.5771     0.2147     0.1371    33.9092    33.9102    8.37230         34 0.0000e+00
     67.000     66.294    -1.3827  27.097479    -1.3836  27.097416     5.9911     6.1140     1.4134    96.8199 -6.954e-05  -74.15876 -111.43644  35.074610      99.86 1.3750e+03    367.267       8815  1027.6058  1027.6065     4.5930     0.1697     0.1315    33.9106    33.9116    8.37254         31 0.0000e+00
     68.000     67.286    -1.3922  27.094327    -1.3931  27.094355     6.0320     6.1519     0.6078    96.9503 -5.493e-08  -74.15876 -111.43644  35.074626      99.84 1.3750e+03    368.669       8849  1027.6159  1027.6168     4.5992     0.1859     0.1296    33.9165    33.9175    8.37434         33 0.0000e+00
     69.000     68.275    -1.3954  27.093889    -1.3962  27.093873     6.0377     6.1584     0.3942    97.2055 1.0000e-12  -74.15876 -111.43644  35.074642      99.85 1.3750e+03    370.043       8882  1027.6228  1027.6235     4.6113     0.1658     0.1341    33.9188    33.9197    8.37491         31 0.0000e+00
     70.000     69.263    -1.3967  27.093929    -1.3975  27.093881     6.0403     6.1591     0.5425    97.4213 1.0000e-12  -74.15876 -111.43644  35.074658      96.13 1.3754e+03    371.421       8915  1027.6284  1027.6291     4.6215     0.1893     0.1301    33.9198    33.9206    8.37516         33 0.0000e+00
     71.000     70.253    -1.3970  27.094188    -1.3978  27.094251     6.0335     6.1590     0.8268    97.2496 1.0000e-12  -74.15876 -111.43644  35.074674      99.86 1.3750e+03    372.805       8948  1027.6331  1027.6340     4.6134     0.2031     0.1308    33.9198    33.9208    8.37521         33 0.0000e+00
     72.000     71.243    -1.3975  27.094538    -1.3981  27.094650     6.0303     6.1591     0.7388    97.4941 1.0000e-12  -74.15876 -111.43644  35.074690      99.85 1.3740e+03    374.192       8982  1027.6383  1027.6390     4.6249     0.1997     0.1291    33.9202    33.9211    8.37529         34 0.0000e+00
     73.000     72.230    -1.3973  27.095293    -1.3981  27.095154     6.0242     6.1601     0.6158    97.0004 1.0000e-12  -74.15876 -111.43644  35.074706      99.85 1.3753e+03    375.585       9015  1027.6432  1027.6438     4.6019     0.1565     0.1304    33.9204    33.9211    8.37524         29 0.0000e+00
     74.000     73.223    -1.3968  27.096257    -1.3973  27.096522     6.0240     6.1577     0.6772    97.4403 1.0000e-12  -74.15876 -111.43644  35.074722      99.85 1.3756e+03    376.977       9048  1027.6481  1027.6488     4.6221     0.1679     0.1279    33.9206    33.9215    8.37512         34 0.0000e+00
     75.000     74.210    -1.3968  27.097150    -1.3974  27.096994     6.0168     6.1543     0.5357    97.3677 1.0000e-12  -74.15876 -111.43644  35.074738      99.85 1.3743e+03    378.371       9082  1027.6533  1027.6538     4.6190     0.1577     0.1267    33.9212    33.9216    8.37509         33 0.0000e+00
     76.000     75.200    -1.3968  27.097714    -1.3973  27.097551     6.0139     6.1558     0.5613    97.3198 1.0000e-12  -74.15876 -111.43644  35.074754      99.85 1.3750e+03    379.754       9115  1027.6582  1027.6586     4.6166     0.1512     0.1246    33.9213    33.9217    8.37507         33 0.0000e+00
     77.000     76.189    -1.3967  27.098110    -1.3972  27.098066     6.0166     6.1549     0.7751    97.2972 1.0000e-12  -74.15876 -111.43644  35.074770      99.85 1.3750e+03    381.142       9148  1027.6629  1027.6634     4.6157     0.1787     0.1291    33.9211    33.9217    8.37507         34 0.0000e+00
     78.000     77.179    -1.3965  27.098712    -1.3971  27.098672     6.0199     6.1540     0.5968    97.2631 1.0000e-12  -74.15876 -111.43644  35.074786      99.85 1.3750e+03    382.536       9182  1027.6677  1027.6682     4.6140     0.1559     0.1303    33.9211    33.9217    8.37502         33 0.0000e+00
     79.000     78.167    -1.3962  27.099519    -1.3967  27.099551     6.0162     6.1538     0.5170    97.5069 1.0000e-12  -74.15876 -111.43644  35.074802      99.85 1.3750e+03    383.915       9215  1027.6725  1027.6731     4.6255     0.1392     0.1387    33.9212    33.9218    8.37494         33 0.0000e+00
     80.000     79.156    -1.3958  27.100411    -1.3963  27.100287     6.0171     6.1544     0.7170    97.1236 1.0000e-12  -74.15876 -111.43644  35.074818      97.75 1.3750e+03    385.297       9248  1027.6775  1027.6778     4.6075     0.2001     0.1281    33.9214    33.9218    8.37485         31 0.0000e+00
     81.000     80.146    -1.3957  27.100842    -1.3962  27.100780     6.0134     6.1506     0.6045    97.2741 1.0000e-12  -74.15876 -111.43644  35.074834      99.86 1.3750e+03    386.682       9281  1027.6822  1027.6826     4.6145     0.1530     0.1333    33.9213    33.9217    8.37484         31 0.0000e+00
     82.000     81.136    -1.3959  27.101243    -1.3964  27.101122     6.0146     6.1498     0.5976    97.4452 1.0000e-12  -74.15876 -111.43644  35.074850      99.85 1.3750e+03    388.058       9314  1027.6870  1027.6875     4.6226     0.1589     0.1304    33.9214    33.9218    8.37487         31 0.0000e+00
     83.000     82.124    -1.3962  27.101515    -1.3967  27.101408     6.0187     6.1531     0.5936    97.2595 1.0000e-12  -74.15876 -111.43644  35.074866      99.85 1.3750e+03    389.458       9348  1027.6920  1027.6923     4.6138     0.1504     0.1290    33.9214    33.9219    8.37493         34 0.0000e+00
     84.000     83.114    -1.3961  27.101938    -1.3967  27.101806     6.0160     6.1480     0.5275    97.3861 1.0000e-12  -74.15876 -111.43644  35.074883      99.85 1.3750e+03    390.858       9382  1027.6967  1027.6971     4.6199     0.1239     0.1294    33.9213    33.9219    8.37493         34 0.0000e+00
     85.000     84.101    -1.3962  27.102417    -1.3966  27.102399     6.0161     6.1470     0.4333    97.3331 1.0000e-12  -74.15876 -111.43644  35.074899      99.86 1.3750e+03    392.249       9415  1027.7015  1027.7019     4.6172     0.1584     0.1307    33.9214    33.9219    8.37493         30 0.0000e+00
     86.000     85.094    -1.3960  27.103069    -1.3962  27.103127     6.0071     6.1483     0.5979    97.4194 1.0000e-12  -74.15876 -111.43644  35.074915      99.85 1.3750e+03    393.647       9449  1027.7064  1027.7067     4.6214     0.1581     0.1263    33.9215    33.9218    8.37489         33 0.0000e+00
     87.000     86.081    -1.3958  27.103566    -1.3962  27.103590     6.0088     6.1520     0.6178    97.5973 1.0000e-12  -74.15876 -111.43644  35.074931      99.85 1.3750e+03    395.051       9482  1027.7111  1027.7114     4.6299     0.1802     0.1303    33.9214    33.9218    8.37486         33 0.0000e+00
     88.000     87.071    -1.3960  27.103931    -1.3963  27.103885     6.0073     6.1468     0.6517    97.2624 1.0000e-12  -74.15876 -111.43644  35.074947      99.85 1.3738e+03    396.440       9516  1027.7160  1027.7162     4.6140     0.1612     0.1297    33.9214    33.9217    8.37489         34 0.0000e+00
     89.000     88.061    -1.3956  27.104652    -1.3960  27.104543     6.0121     6.1418     0.5866    97.5556 1.0000e-12  -74.15876 -111.43644  35.074963      99.85 1.3745e+03    397.822       9549  1027.7206  1027.7209     4.6279     0.1848     0.1469    33.9213    33.9216    8.37480         33 0.0000e+00
     90.000     89.049    -1.3955  27.105166    -1.3958  27.105088     6.0140     6.1457     0.4062    97.5681 1.0000e-12  -74.15876 -111.43644  35.074979      98.98 1.3747e+03    399.209       9582  1027.7254  1027.7257     4.6284     0.1502     0.1289    33.9213    33.9216    8.37479         33 0.0000e+00
     91.000     90.038    -1.3956  27.105663    -1.3957  27.105610     6.0098     6.1494     0.5332    97.0841 1.0000e-12  -74.15876 -111.43644  35.074995      99.86 1.3750e+03    400.602       9615  1027.7303  1027.7305     4.6056     0.2234     0.1284    33.9215    33.9216    8.37480         33 0.0000e+00
     92.000     91.029    -1.3955  27.106211    -1.3957  27.106197     6.0088     6.1454     0.8000    97.3889 1.0000e-12  -74.15876 -111.43644  35.075012      99.85 1.3750e+03    402.001       9649  1027.7351  1027.7353     4.6199     0.1469     0.1316    33.9214    33.9217    8.37477         34 0.0000e+00
     93.000     92.016    -1.3955  27.106603    -1.3957  27.106510     6.0086     6.1409     0.6873    97.5396 1.0000e-12  -74.15876 -111.43644  35.075028      99.84 1.3739e+03    403.386       9682  1027.7399  1027.7400     4.6270     0.1701     0.1270    33.9214    33.9215    8.37478         33 0.0000e+00
     94.000     93.006    -1.3954  27.107129    -1.3957  27.106908     6.0107     6.1435     0.6602    97.1275 1.0000e-12  -74.15876 -111.43644  35.075044      99.85 1.3737e+03    404.773       9716  1027.7447  1027.7448     4.6077     0.1386     0.1290    33.9214    33.9215    8.37476         34 0.0000e+00
     95.000     93.996    -1.3958  27.107310    -1.3960  27.107274     6.0215     6.1543     0.7588    97.3322 1.0000e-12  -74.15876 -111.43644  35.075060      99.85 1.3744e+03    406.161       9749  1027.7496  1027.7497     4.6173     0.1496     0.1279    33.9215    33.9216    8.37484         31 0.0000e+00
     96.000     94.984    -1.3991  27.105071    -1.3987  27.105530     6.0234     6.1608     0.6559    97.3745 1.0000e-12  -74.15876 -111.43644  35.075076      99.85 1.3745e+03    407.566       9783  1027.7546  1027.7548     4.6191     0.1557     0.1275    33.9215    33.9217    8.37559         34 0.0000e+00
     97.000     95.973    -1.3988  27.105878    -1.3997  27.105184     6.0353     6.1714     0.4876    96.7802 1.0000e-12  -74.15876 -111.43644  35.075092      99.85 1.3740e+03    408.969       9816  1027.7595  1027.7596     4.5913     0.1419     0.1284    33.9217    33.9217    8.37551         33 0.0000e+00
     98.000     96.963    -1.4025  27.103143    -1.4025  27.103354     6.0396     6.1748     0.6552    97.2410 1.0000e-12  -74.15876 -111.43644  35.075108      99.85 1.3731e+03    410.358       9850  1027.7644  1027.7646     4.6130     0.1476     0.1301    33.9215    33.9218    8.37636         34 0.0000e+00
     99.000     97.952    -1.4050  27.101774    -1.4050  27.101797     6.0283     6.1697     0.9641    97.1178 1.0000e-12  -74.15876 -111.43644  35.075124      94.89 1.3738e+03    411.750       9883  1027.7696  1027.7696     4.6071     0.2323     0.1306    33.9218    33.9218    8.37690         33 0.0000e+00
    100.000     98.941    -1.3988  27.107481    -1.4017  27.105020     6.0234     6.1637     0.7295    97.1419 1.0000e-12  -74.15876 -111.43644  35.075141      99.85 1.3732e+03    413.147       9917  1027.7741  1027.7743     4.6083     0.1845     0.1320    33.9219    33.9219    8.37548         34 0.0000e+00
    101.000     99.931    -1.3992  27.107518    -1.4029  27.104535     6.0281     6.1739     0.8357    97.1037 1.0000e-12  -74.15876 -111.43644  35.075157      99.85 1.3730e+03    414.545       9950  1027.7789  1027.7792     4.6064     0.1660     0.1306    33.9219    33.9220    8.37559         33 0.0000e+00
    102.000    100.920    -1.4015  27.106222    -1.4047  27.103683     6.0460     6.1760     0.6372    97.1265 1.0000e-12  -74.15876 -111.43644  35.075172      99.85 1.3748e+03    415.874       9982  1027.7840  1027.7842     4.6076     0.1514     0.1298    33.9221    33.9222    8.37610         30 0.0000e+00
    103.000    101.908    -1.4046  27.104050    -1.4062  27.102830     6.0502     6.1760     0.5703    97.2429 1.0000e-12  -74.15876 -111.43644  35.075186      99.84 1.3741e+03    417.049      10010  1027.7889  1027.7890     4.6130     0.1541     0.1295    33.9219    33.9221    8.37679         27 0.0000e+00
    104.000    102.899    -1.4072  27.102697    -1.4072  27.102611     6.0452     6.1708     0.4843    97.2358 1.0000e-12  -74.15876 -111.43644  35.075199      99.85 1.3738e+03    418.183      10037  1027.7942  1027.7940     4.6127     0.1869     0.1291    33.9224    33.9223    8.37735         28 0.0000e+00
