ocean_section_plots/required_files/ctd/dnbp2202_ctd106.cnv
* Sea-Bird SBE 9 Data File:
* FileName = D:\Data\raw\NBP2202_CTD106.hex
* Software Version Seasave V 7.26.7.121
* Temperature SN = 1649
* Conductivity SN = 2513
* Number of Bytes Per Scan = 40
* Number of Voltage Words = 5
* Number of Scans Averaged by the Deck Unit = 1
* NMEA Latitude = 74 10.52 S
* NMEA Longitude = 113 20.65 W
* NMEA UTC (Time) = Jan 27 2022  05:12:13
* NMEA baud rate = 9600
** Ship: RVIB N.B. Palmer
** Cruise: NBP2202 Thwaites
** Station: YoYo001
** Operator: B. Bjork
# nquan = 25
# nvalues = 608                         
# units = specified
# name 0 = prDM: Pressure, Digiquartz [db]
# name 1 = depSM: Depth [salt water, m]
# name 2 = t090C: Temperature [ITS-90, deg C]
# name 3 = c0mS/cm: Conductivity [mS/cm]
# name 4 = t190C: Temperature, 2 [ITS-90, deg C]
# name 5 = c1mS/cm: Conductivity, 2 [mS/cm]
# name 6 = sbeox0ML/L: Oxygen, SBE 43 [ml/l]
# name 7 = sbeox1ML/L: Oxygen, SBE 43, 2 [ml/l]
# name 8 = flECO-AFL: Fluorescence, WET Labs ECO-AFL/FL [mg/m^3]
# name 9 = CStarTr0: Beam Transmission, WET Labs C-Star [%]
# name 10 = par: PAR/Irradiance, Biospherical/Licor
# name 11 = latitude: Latitude [deg]
# name 12 = longitude: Longitude [deg]
# name 13 = timeJ: Julian Days
# name 14 = altM: Altimeter [m]
# name 15 = spar: SPAR, Biospherical/Licor
# name 16 = timeS: Time, Elapsed [seconds]
# name 17 = scan: Scan Count
# name 18 = density00: Density [density, kg/m^3]
# name 19 = density11: Density, 2 [density, kg/m^3]
# name 20 = sal00: Salinity, Practical [PSU]
# name 21 = sal11: Salinity, Practical, 2 [PSU]
# name 22 = oxsolML/L: Oxygen Saturation, Garcia & Gordon [ml/l]
# name 23 = nbin: number of scans per bin
# name 24 = flag: flag
# span 0 =     10.000,    617.000       
# span 1 =      9.895,    609.705       
# span 2 =    -1.4663,     0.1186       
# span 3 =  26.974400,  28.955167       
# span 4 =    -1.4649,     0.1211       
# span 5 =  26.974055,  28.955093       
# span 6 =     4.6945,     8.6103       
# span 7 =     4.7602,     8.5805       
# span 8 =    -0.0227,    26.5336       
# span 9 =    68.7015,    95.5594       
# span 10 = 1.0000e-12, 3.3747e+00      
# span 11 =  -74.17536,  -74.17536      
# span 12 = -113.34426, -113.34422      
# span 13 =  27.217190,  27.226454      
# span 14 =       7.93,     100.00      
# span 15 = 1.2777e+02, 1.4456e+02      
# span 16 =     32.210,    832.642      
# span 17 =        774,      19984      
# span 18 =  1027.2292,  1030.5264      
# span 19 =  1027.2290,  1030.5243      
# span 20 =    33.7930,    34.3884      
# span 21 =    33.7918,    34.3855      
# span 22 =    8.01969,    8.39684      
# span 23 =         23,         47      
# span 24 = 0.0000e+00, 0.0000e+00      
# interval = decibars: 1                
# start_time = Jan 27 2022 05:12:13 [NMEA time, header]
# bad_flag = -9.990e-29
*END*
[from data line 116]
    126.000    124.658    -1.3035  27.182039    -1.3015  27.181734     5.3216     5.4152     0.0148    95.4820 1.0000e-12  -74.17536 -113.34424  27.219745      99.86 1.4066e+02    252.978       6072  1027.8766  1027.8744    33.9001    33.8974    8.35541         36 0.0000e+00
    127.000    125.647    -1.2894  27.195861    -1.2865  27.195888     5.2905     5.3819    -0.0037    95.5018 1.0000e-12  -74.17536 -113.34424  27.219764      99.87 1.4233e+02    254.576       6111  1027.8828  1027.8800    33.9025    33.8993    8.35212         39 0.0000e+00
    128.000    126.636    -1.2656  27.217924    -1.2639  27.216711     5.2712     5.3649    -0.0045    95.5220 1.0000e-12  -74.17536 -113.34424  27.219782      99.87 1.4132e+02    256.192       6150  1027.8885  1027.8856    33.9052    33.9017    8.34664         37 0.0000e+00
    129.000    127.625    -1.2537  27.230120    -1.2520  27.229402     5.2530     5.3496    -0.0144    95.5206 1.0000e-12  -74.17536 -113.34424  27.219801      91.64 1.4039e+02    257.788       6188  1027.8951  1027.8927    33.9079    33.9049    8.34382         33 0.0000e+00
    130.000    128.614    -1.2357  27.247962    -1.2339  27.246876     5.2475     5.3346    -0.0148    95.5028 1.0000e-12  -74.17536 -113.34424  27.219819      99.91 1.4196e+02    259.362       6226  1027.9019  1027.8990    33.9113    33.9078    8.33960         38 0.0000e+00
    131.000    129.603    -1.2309  27.253302    -1.2293  27.252958     5.2563     5.3455    -0.0207    95.5078 1.0000e-12  -74.17536 -113.34424  27.219837      99.86 1.4238e+02    260.949       6264  1027.9078  1027.9059    33.9126    33.9103    8.33845         39 0.0000e+00
    132.000    130.593    -1.2344  27.251156    -1.2327  27.250620     5.2478     5.3361    -0.0222    95.4854 1.0000e-12  -74.17536 -113.34424  27.219856      99.87 1.4048e+02    262.556       6302  1027.9134  1027.9111    33.9129    33.9103    8.33920         38 0.0000e+00
    133.000    131.581    -1.2205  27.264735    -1.2187  27.263949     5.2346     5.3204    -0.0165    95.4962 1.0000e-12  -74.17536 -113.34424  27.219874      99.86 1.4201e+02    264.154       6341  1027.9194  1027.9167    33.9152    33.9120    8.33597         38 0.0000e+00
    134.000    132.570    -1.2126  27.272778    -1.2104  27.272378     5.2301     5.3129    -0.0150    95.4956 1.0000e-12  -74.17536 -113.34424  27.219893      99.86 1.4241e+02    265.724       6378  1027.9251  1027.9225    33.9166    33.9136    8.33412         37 0.0000e+00
    135.000    133.559    -1.2058  27.279253    -1.2042  27.278781     5.2212     5.3061    -0.0092    95.4918 1.0000e-12  -74.17536 -113.34424  27.219910      99.86 1.3999e+02    267.262       6415  1027.9302  1027.9281    33.9173    33.9147    8.33258         34 0.0000e+00
    136.000    134.549    -1.2046  27.280981    -1.2024  27.280864     5.2159     5.2982    -0.0141    95.4958 1.0000e-12  -74.17536 -113.34424  27.219928      99.87 1.4146e+02    268.800       6452  1027.9354  1027.9332    33.9176    33.9150    8.33229         36 0.0000e+00
    137.000    135.537    -1.1947  27.291324    -1.1924  27.291070     5.2068     5.2937    -0.0106    95.5076 1.0000e-12  -74.17536 -113.34424  27.219946      98.83 1.4232e+02    270.345       6489  1027.9417  1027.9392    33.9200    33.9170    8.32994         38 0.0000e+00
    138.000    136.526    -1.1877  27.298767    -1.1852  27.298735     5.2033     5.2854    -0.0137    95.4893 1.0000e-12  -74.17536 -113.34424  27.219964      97.58 1.4014e+02    271.893       6526  1027.9475  1027.9451    33.9216    33.9187    8.32828         34 0.0000e+00
    139.000    137.515    -1.1768  27.310636    -1.1754  27.309603     5.2030     5.2844    -0.0188    95.4894 1.0000e-12  -74.17536 -113.34424  27.219982      99.89 1.4161e+02    273.427       6563  1027.9545  1027.9521    33.9248    33.9219    8.32566         37 0.0000e+00
    140.000    138.503    -1.1725  27.315887    -1.1715  27.314633     5.2010     5.2833    -0.0148    95.4747 1.0000e-12  -74.17536 -113.34424  27.220000      99.86 1.4218e+02    274.969       6600  1027.9606  1027.9584    33.9266    33.9238    8.32461         37 0.0000e+00
    141.000    139.494    -1.1700  27.318903    -1.1697  27.317007     5.1974     5.2809    -0.0219    95.4761 1.0000e-12  -74.17536 -113.34424  27.220017      99.87 1.4050e+02    276.506       6637  1027.9660  1027.9636    33.9273    33.9243    8.32402         35 0.0000e+00
    142.000    140.482    -1.1680  27.321312    -1.1666  27.320654     5.1970     5.2850    -0.0186    95.4707 1.0000e-12  -74.17536 -113.34424  27.220035      99.87 1.4179e+02    278.012       6673  1027.9712  1027.9691    33.9277    33.9252    8.32355         32 0.0000e+00
    143.000    141.471    -1.1673  27.322403    -1.1667  27.320808     5.1913     5.2791    -0.0147    95.4586 1.0000e-12  -74.17536 -113.34424  27.220052      99.86 1.4276e+02    279.496       6709  1027.9761  1027.9738    33.9278    33.9249    8.32338         33 0.0000e+00
    144.000    142.460    -1.1604  27.330065    -1.1589  27.329198     5.1902     5.2803    -0.0127    95.4629 1.0000e-12  -74.17536 -113.34424  27.220069      99.87 1.4057e+02    280.965       6744  1027.9823  1027.9798    33.9298    33.9269    8.32173         35 0.0000e+00
    145.000    143.448    -1.1585  27.332963    -1.1566  27.332660     5.1981     5.2834    -0.0112    95.4473 1.0000e-12  -74.17536 -113.34424  27.220086      99.86 1.4068e+02    282.432       6779  1027.9880  1027.9859    33.9310    33.9285    8.32124         35 0.0000e+00
    146.000    144.439    -1.1586  27.333831    -1.1569  27.333470     5.2092     5.2830    -0.0146    95.4554 1.0000e-12  -74.17536 -113.34424  27.220103      98.77 1.4229e+02    283.907       6815  1027.9935  1027.9915    33.9317    33.9293    8.32122         34 0.0000e+00
    147.000    145.427    -1.1582  27.335773    -1.1565  27.335364     5.2190     5.2987    -0.0171    95.4636 1.0000e-12  -74.17536 -113.34424  27.220120      97.64 1.4093e+02    285.373       6850  1027.9996  1027.9975    33.9333    33.9307    8.32104         35 0.0000e+00
    148.000    146.416    -1.1560  27.340801    -1.1544  27.340496     5.2335     5.3171    -0.0180    95.4621 1.0000e-12  -74.17536 -113.34424  27.220137      99.85 1.4072e+02    286.802       6884  1028.0074  1028.0055    33.9371    33.9348    8.32033         34 0.0000e+00
    149.000    147.404    -1.1524  27.349436    -1.1503  27.349171     5.2278     5.3087    -0.0096    95.4578 1.0000e-12  -74.17536 -113.34424  27.220153      99.87 1.4178e+02    288.243       6919  1028.0177  1028.0155    33.9441    33.9415    8.31910         35 0.0000e+00
    150.000    148.393    -1.1419  27.360694    -1.1397  27.360324     5.2191     5.2993    -0.0195    95.4678 1.0000e-12  -74.17536 -113.34424  27.220170      99.86 1.4140e+02    289.717       6954  1028.0243  1028.0218    33.9471    33.9441    8.31661         34 0.0000e+00
    151.000    149.383    -1.1342  27.368080    -1.1324  27.367803     5.2125     5.2951    -0.0098    95.4662 1.0000e-12  -74.17536 -113.34424  27.220187      99.87 1.4043e+02    291.174       6989  1028.0293  1028.0273    33.9479    33.9454    8.31485         31 0.0000e+00
    152.000    150.371    -1.1308  27.372197    -1.1290  27.371710     5.2102     5.2902    -0.0131    95.4658 1.0000e-12  -74.17536 -113.34424  27.220204      99.86 1.4245e+02    292.591       7023  1028.0349  1028.0327    33.9490    33.9462    8.31402         35 0.0000e+00
    153.000    151.360    -1.1269  27.376550    -1.1251  27.376077     5.2190     5.2981    -0.0129    95.4500 1.0000e-12  -74.17536 -113.34424  27.220220      99.87 1.4197e+02    293.978       7056  1028.0403  1028.0381    33.9499    33.9473    8.31311         32 0.0000e+00
    154.000    152.350    -1.1262  27.378488    -1.1247  27.377908     5.2335     5.3145    -0.0133    95.4559 1.0000e-12  -74.17536 -113.34424  27.220236      99.87 1.4010e+02    295.349       7089  1028.0462  1028.0442    33.9511    33.9486    8.31288         33 0.0000e+00
    155.000    153.338    -1.1254  27.381762    -1.1240  27.381273     5.2586     5.3356    -0.0174    95.4523 1.0000e-12  -74.17536 -113.34424  27.220251      94.61 1.4227e+02    296.706       7122  1028.0534  1028.0516    33.9541    33.9518    8.31252         32 0.0000e+00
    156.000    154.327    -1.1377  27.372902    -1.1365  27.372495     5.3148     5.3845    -0.0204    95.4711 1.0000e-12  -74.17536 -113.34424  27.220267      96.00 1.4257e+02    298.037       7154  1028.0601  1028.0585    33.9553    33.9533    8.31519         32 0.0000e+00
    157.000    155.315    -1.1575  27.357123    -1.1568  27.357122     5.3866     5.4473    -0.0076    95.4594 1.0000e-12  -74.17536 -113.34424  27.220282      99.90 1.3976e+02    299.345       7185  1028.0664  1028.0657    33.9555    33.9547    8.31958         31 0.0000e+00
    158.000    156.306    -1.2011  27.322570    -1.2002  27.322660     5.4353     5.4904    -0.0150    95.4597 1.0000e-12  -74.17536 -113.34424  27.220297      99.87 1.4198e+02    300.660       7217  1028.0751  1028.0743    33.9570    33.9560    8.32919         33 0.0000e+00
    159.000    157.295    -1.2177  27.309816    -1.2164  27.309554     5.4825     5.5467    -0.0150    95.4786 1.0000e-12  -74.17536 -113.34423  27.220312      99.87 1.4267e+02    302.001       7249  1028.0813  1028.0797    33.9577    33.9558    8.33284         32 0.0000e+00
    160.000    158.282    -1.2413  27.290591    -1.2409  27.290351     5.5167     5.5912    -0.0150    95.4830 1.0000e-12  -74.17536 -113.34424  27.220328      99.86 1.3971e+02    303.355       7282  1028.0871  1028.0866    33.9574    33.9567    8.33811         32 0.0000e+00
    161.000    159.272    -1.2668  27.270533    -1.2654  27.270426     5.4995     5.5779    -0.0148    95.4821 1.0000e-12  -74.17536 -113.34423  27.220344      99.87 1.4176e+02    304.697       7314  1028.0938  1028.0924    33.9582    33.9565    8.34376         32 0.0000e+00
    162.000    160.261    -1.2470  27.289739    -1.2441  27.289710     5.4737     5.5556    -0.0088    95.5087 1.0000e-12  -74.17536 -113.34423  27.220359      99.87 1.4268e+02    306.020       7345  1028.0995  1028.0967    33.9614    33.9582    8.33914         32 0.0000e+00
    163.000    161.249    -1.2314  27.304159    -1.2295  27.304214     5.4539     5.5441    -0.0150    95.5209 1.0000e-12  -74.17536 -113.34422  27.220374      99.86 1.3984e+02    307.333       7377  1028.1043  1028.1026    33.9630    33.9609    8.33559         31 0.0000e+00
    164.000    162.237    -1.2275  27.308578    -1.2258  27.308456     5.4504     5.5472    -0.0186    95.5329 1.0000e-12  -74.17536 -113.34422  27.220389      99.87 1.4151e+02    308.580       7407  1028.1096  1028.1078    33.9640    33.9618    8.33465         29 0.0000e+00
    165.000    163.228    -1.2256  27.310904    -1.2242  27.310492     5.4363     5.5261    -0.0140    95.5516 1.0000e-12  -74.17536 -113.34422  27.220403      99.86 1.4304e+02    309.796       7436  1028.1145  1028.1127    33.9644    33.9622    8.33421         29 0.0000e+00
    166.000    164.215    -1.2221  27.315182    -1.2199  27.315061     5.4503     5.5462    -0.0072    95.5529 1.0000e-12  -74.17536 -113.34422  27.220417      98.69 1.4039e+02    311.019       7465  1028.1200  1028.1177    33.9657    33.9629    8.33336         30 0.0000e+00
    167.000    165.206    -1.2127  27.324132    -1.2115  27.323658     5.4531     5.5516    -0.0132    95.5594 1.0000e-12  -74.17536 -113.34422  27.220431      99.85 1.4162e+02    312.237       7495  1028.1249  1028.1233    33.9666    33.9646    8.33120         29 0.0000e+00
    168.000    166.193    -1.2257  27.315355    -1.2248  27.314788     5.4369     5.5254    -0.0150    95.5490 1.0000e-12  -74.17536 -113.34422  27.220445      99.86 1.4302e+02    313.446       7524  1028.1323  1028.1308    33.9687    33.9669    8.33397         29 0.0000e+00
    169.000    167.182    -1.1977  27.341852    -1.1975  27.339520     5.4327     5.5269    -0.0079    95.5464 1.0000e-12  -74.17536 -113.34422  27.220459      99.87 1.4077e+02    314.649       7553  1028.1384  1028.1356    33.9726    33.9693    8.32750         28 0.0000e+00
    170.000    168.172    -1.1972  27.342961    -1.1972  27.341724     5.4319     5.5193    -0.0160    95.5480 1.0000e-12  -74.17536 -113.34422  27.220473      99.86 1.4115e+02    315.837       7581  1028.1435  1028.1422    33.9730    33.9713    8.32738         29 0.0000e+00
    171.000    169.159    -1.2029  27.338614    -1.2019  27.337872     5.4210     5.5129    -0.0209    95.5417 1.0000e-12  -74.17536 -113.34422  27.220487      99.87 1.4319e+02    317.033       7610  1028.1486  1028.1468    33.9729    33.9707    8.32865         28 0.0000e+00
    172.000    170.149    -1.1944  27.347185    -1.1926  27.346853     5.4204     5.5104    -0.0149    95.5445 1.0000e-12  -74.17536 -113.34422  27.220500      99.87 1.4123e+02    318.233       7639  1028.1541  1028.1520    33.9744    33.9719    8.32667         29 0.0000e+00
    173.000    171.138    -1.1866  27.355029    -1.1811  27.357830     5.4127     5.5064    -0.0122    95.5571 1.0000e-12  -74.17536 -113.34422  27.220514      99.86 1.4072e+02    319.436       7667  1028.1594  1028.1572    33.9756    33.9733    8.32485         29 0.0000e+00
    174.000    172.126    -1.1813  27.360432    -1.1797  27.360363     5.3934     5.4853    -0.0077    95.5497 1.0000e-12  -74.17536 -113.34422  27.220528      99.87 1.4299e+02    320.636       7696  1028.1646  1028.1630    33.9764    33.9745    8.32363         29 0.0000e+00
    175.000    173.116    -1.1674  27.374263    -1.1663  27.373027     5.4034     5.4925    -0.0074    95.5524 1.0000e-12  -74.17536 -113.34422  27.220542      99.86 1.4152e+02    321.832       7725  1028.1706  1028.1682    33.9790    33.9761    8.32039         29 0.0000e+00
    176.000    174.105    -1.1628  27.379256    -1.1619  27.378836     5.4092     5.5066    -0.0123    95.5528 1.0000e-12  -74.17536 -113.34422  27.220556      85.99 1.4060e+02    323.010       7753  1028.1761  1028.1747    33.9800    33.9784    8.31931         28 0.0000e+00
    177.000    175.093    -1.1775  27.368557    -1.1764  27.367803     5.4102     5.5064    -0.0150    95.5473 1.0000e-12  -74.17536 -113.34422  27.220569      95.22 1.4292e+02    324.187       7781  1028.1831  1028.1812    33.9814    33.9791    8.32249         28 0.0000e+00
    178.000    176.082    -1.1651  27.380693    -1.1638  27.379637     5.3711     5.4750    -0.0150    95.5515 1.0000e-12  -74.17536 -113.34422  27.220583      99.86 1.4231e+02    325.374       7810  1028.1887  1028.1863    33.9833    33.9804    8.31962         29 0.0000e+00
    179.000    177.070    -1.1496  27.394962    -1.1488  27.393468     5.3196     5.4239    -0.0216    95.5515 1.0000e-12  -74.17536 -113.34423  27.220597      99.87 1.4037e+02    326.579       7839  1028.1936  1028.1912    33.9846    33.9817    8.31609         29 0.0000e+00
    180.000    178.060    -1.1094  27.431893    -1.1064  27.431603     5.2815     5.3847    -0.0148    95.5462 1.0000e-12  -74.17536 -113.34423  27.220611      99.87 1.4267e+02    327.790       7868  1028.1994  1028.1961    33.9890    33.9852    8.30693         29 0.0000e+00
    181.000    179.048    -1.0901  27.449232    -1.0871  27.449601     5.2606     5.3623    -0.0076    95.5306 1.0000e-12  -74.17536 -113.34423  27.220625      99.86 1.4254e+02    328.990       7897  1028.2041  1028.2016    33.9902    33.9873    8.30258         28 0.0000e+00
    182.000    180.038    -1.0754  27.462710    -1.0736  27.462243     5.2497     5.3508    -0.0093    95.5484 1.0000e-12  -74.17536 -113.34422  27.220638      99.87 1.3948e+02    330.160       7925  1028.2091  1028.2069    33.9913    33.9887    8.29925         28 0.0000e+00
