ocean_section_plots/required_files/ctd/dnbp2202_ctd247.cnv
* Sea-Bird SBE 9 Data File:
* FileName = D:\Data\raw\NBP2202_CTD247.hex
* Software Version Seasave V 7.26.7.121
* Temperature SN = 1649
* Conductivity SN = 2513
* Number of Bytes Per Scan = 40
* Number of Voltage Words = 5
* Number of Scans Averaged by the Deck Unit = 1
* NMEA Latitude = 73 55.38 S
* NMEA Longitude = 118 48.19 W
* NMEA UTC (Time) = Feb 15 2022  05:04:17
* NMEA baud rate = 9600
** Ship: RVIB N.B. Palmer
** Cruise: NBP2202 Thwaites
** Station: 154
** Operator: B. Bjork
# nquan = 28
# nvalues = 1030                        
# units = specified
# name 0 = prDM: Pressure, Digiquartz [db]
# name 1 = depSM: Depth [salt water, m]
# name 2 = t090C: Temperature [ITS-90, deg C]
# name 3 = c0mS/cm: Conductivity [mS/cm]
# name 4 = t190C: Temperature, 2 [ITS-90, deg C]
# name 5 = c1mS/cm: Conductivity, 2 [mS/cm]
# name 6 = sbeox0ML/L: Oxygen, SBE 43 [ml/l]
# name 7 = sbeox1ML/L: Oxygen, SBE 43, 2 [ml/l]
# name 8 = flECO-AFL: Fluorescence, WET Labs ECO-AFL/FL [mg/m^3]
# name 9 = CStarTr0: Beam Transmission, WET Labs C-Star [%]
# name 10 = par: PAR/Irradiance, Biospherical/Licor
# name 11 = latitude: Latitude [deg]
# name 12 = longitude: Longitude [deg]
# name 13 = timeJ: Julian Days
# name 14 = altM: Altimeter [m]
# name 15 = spar: SPAR, Biospherical/Licor
# name 16 = timeS: Time, Elapsed [seconds]
# name 17 = scan: Scan Count
# name 18 = density00: Density [density, kg/m^3]
# name 19 = density11: Density, 2 [density, kg/m^3]
# name 20 = v3: Voltage 3
# name 21 = v4: Voltage 4
# name 22 = v5: Voltage 5
# name 23 = sal00: Salinity, Practical [PSU]
# name 24 = sal11: Salinity, Practical, 2 [PSU]
# name 25 = oxsolML/L: Oxygen Saturation, Garcia & Gordon [ml/l]
# name 26 = nbin: number of scans per bin
# name 27 = flag: flag
# span 0 =      2.000,   1031.000       
# span 1 =      1.975,   1017.808       
# span 2 =    -1.6857,     0.7240       
# span 3 =  26.978170,  29.797088       
# span 4 =    -1.6850,     0.7259       
# span 5 =  26.978288,  29.796964       
# span 6 =     4.6047,     9.2382       
# span 7 =     4.7395,     9.4989       
# span 8 =    -0.0228,    10.8422       
# span 9 =    86.0202,    97.2036       
# span 10 = -5.048e-06, 1.2682e+01      
# span 11 =  -73.92300,  -73.92292      
# span 12 = -118.80340, -118.80306      
# span 13 =  46.212084,  46.226530      
# span 14 =       3.57,     100.15      
# span 15 = 3.0659e+01, 4.1142e+01      
# span 16 =     67.016,   1315.212      
# span 17 =       1609,      31566      
# span 18 =  1027.1253,  1032.5612      
# span 19 =  1027.1241,  1032.5594      
# span 20 =     4.0809,     4.6111      
# span 21 =     0.0634,     1.7975      
# span 22 =     0.1111,     0.2027      
# span 23 =    33.7451,    34.5759      
# span 24 =    33.7448,    34.5737      
# span 25 =    7.88463,    8.43267      
# span 26 =         13,         47      
# span 27 = 0.0000e+00, 0.0000e+00      
# interval = decibars: 1                
# start_time = Feb 15 2022 05:04:17 [NMEA time, header]
# bad_flag = -9.990e-29
*END*
      2.000      1.975    -0.3761  27.783651    -0.3796  27.779280     9.2382     8.8783     9.3025    89.5730 1.2682e+01  -73.92300 -118.80328  46.212084      99.73 3.8839e+01     67.016       1609  1027.1253  1027.1241     4.2476     0.8141     0.1732    33.7513    33.7494    8.16067         13 0.0000e+00
      3.000      2.970    -0.3762  27.783588    -0.3751  27.784616     9.1186     8.8716     7.1826    88.1429 1.0740e+01  -73.92300 -118.80328  46.212294      99.67 3.7519e+01     85.201       2046  1027.1300  1027.1300     4.1833     1.0166     0.1781    33.7508    33.7510    8.16073         38 0.0000e+00
      4.000      3.959    -0.3928  27.767907    -0.3922  27.768026     9.1248     8.9130     5.7009    87.9684 8.5378e+00  -73.92300 -118.80328  46.212319      99.63 3.7023e+01     87.376       2098  1027.1334  1027.1329     4.1728     1.1927     0.1858    33.7477    33.7471    8.16449         45 0.0000e+00
      5.000      4.947    -0.3793  27.782105    -0.3846  27.776573     9.1317     8.9995     8.2129    88.4770 6.4891e+00  -73.92300 -118.80328  46.212346      99.75 3.7021e+01     89.690       2154  1027.1398  1027.1389     4.1978     0.9523     0.1647    33.7510    33.7495    8.16137         41 0.0000e+00
      6.000      5.938    -0.3878  27.773641    -0.3896  27.771035     9.1249     9.0940     6.6005    87.8651 5.0244e+00  -73.92300 -118.80328  46.212373      99.68 3.7021e+01     92.030       2210  1027.1433  1027.1421     4.1685     0.9563     0.1715    33.7486    33.7471    8.16336         42 0.0000e+00
      7.000      6.927    -0.4024  27.759403    -0.4006  27.760652     9.1172     9.1645     5.6043    88.7520 3.7997e+00  -73.92300 -118.80329  46.212395      99.57 3.7021e+01     93.936       2255  1027.1462  1027.1458     4.2106     1.2031     0.1836    33.7451    33.7448    8.16669         40 0.0000e+00
      8.000      7.918    -0.3957  27.767151    -0.3974  27.764430     9.1053     9.2722     6.7053    88.8164 3.0129e+00  -73.92300 -118.80329  46.212420      99.58 3.7021e+01     96.072       2307  1027.1523  1027.1510     4.2134     1.1768     0.1956    33.7474    33.7457    8.16512         40 0.0000e+00
      9.000      8.907    -0.3922  27.770917    -0.3919  27.770568     9.1190     9.3250     7.3526    89.0122 2.4299e+00  -73.92300 -118.80329  46.212445      99.63 3.7021e+01     98.241       2359  1027.1571  1027.1565     4.2228     1.0855     0.1666    33.7479    33.7471    8.16433         47 0.0000e+00
     10.000      9.896    -0.3925  27.771031    -0.3917  27.771332     9.1314     9.3890     6.6077    88.6716 1.9796e+00  -73.92300 -118.80329  46.212467      99.71 3.7273e+01    100.157       2405  1027.1619  1027.1614     4.2066     0.8672     0.1748    33.7478    33.7474    8.16441         43 0.0000e+00
     11.000     10.886    -0.3873  27.776678    -0.3851  27.777799     9.1211     9.4273     6.0626    88.2528 1.6610e+00  -73.92300 -118.80329  46.212491      99.63 3.7507e+01    102.225       2454  1027.1672  1027.1663     4.1862     1.2128     0.1707    33.7490    33.7480    8.16322         36 0.0000e+00
     12.000     11.877    -0.3784  27.786063    -0.3792  27.784743     9.1205     9.4416     8.1466    87.4337 1.3961e+00  -73.92300 -118.80330  46.212514      96.81 3.7306e+01    104.243       2503  1027.1731  1027.1724     4.1485     1.3433     0.1909    33.7510    33.7502    8.16118         39 0.0000e+00
     13.000     12.865    -0.3795  27.786495    -0.3767  27.787816     9.1266     9.4756     7.3343    89.2086 1.1565e+00  -73.92300 -118.80330  46.212538      99.80 3.7009e+01    106.257       2551  1027.1789  1027.1778     4.2321     1.2623     0.1619    33.7523    33.7509    8.16136         39 0.0000e+00
     14.000     13.856    -0.3643  27.802744    -0.3622  27.802731     9.1544     9.4892     6.4749    89.5559 9.8420e-01  -73.92300 -118.80330  46.212560      99.67 3.7021e+01    108.173       2597  1027.1862  1027.1841     4.2484     1.6339     0.1751    33.7565    33.7542    8.15785         39 0.0000e+00
     15.000     14.843    -0.3325  27.834363    -0.3322  27.833570     9.1614     9.4989     6.2828    88.2403 8.2352e-01  -73.92300 -118.80330  46.212582      99.57 3.7021e+01    110.109       2644  1027.1939  1027.1928     4.1867     1.1737     0.1737    33.7628    33.7614    8.15066         37 0.0000e+00
     16.000     15.834    -0.3271  27.843127    -0.3271  27.842025     9.1255     9.4709     7.7486    89.3626 6.9286e-01  -73.92300 -118.80330  46.212607      99.59 3.7021e+01    112.224       2694  1027.2028  1027.2016     4.2394     1.1651     0.1729    33.7679    33.7664    8.14921         43 0.0000e+00
     17.000     16.823    -0.3268  27.845481    -0.3254  27.845809     9.1078     9.4701     9.3349    87.8628 5.7994e-01  -73.92300 -118.80330  46.212629      99.63 3.7021e+01    114.140       2740  1027.2095  1027.2085     4.1687     1.0781     0.1829    33.7701    33.7690    8.14902         41 0.0000e+00
     18.000     17.814    -0.3228  27.850363    -0.3224  27.849423     9.1267     9.4678     8.0251    89.1130 4.8668e-01  -73.92300 -118.80330  46.212650      99.66 3.7021e+01    115.979       2784  1027.2154  1027.2140     4.2271     0.9879     0.1647    33.7716    33.7699    8.14808         39 0.0000e+00
     19.000     18.803    -0.3210  27.851400    -0.3190  27.853112     9.1398     9.4706     6.9887    87.9419 4.0702e-01  -73.92300 -118.80330  46.212675      96.61 3.7021e+01    118.082       2835  1027.2193  1027.2192     4.1725     1.1013     0.1628    33.7704    33.7704    8.14776         42 0.0000e+00
     20.000     19.793    -0.3179  27.856356    -0.3147  27.858918     9.1073     9.4611     7.7586    89.1627 3.3408e-01  -73.92300 -118.80330  46.212697      99.70 3.7021e+01    120.021       2882  1027.2260  1027.2258     4.2300     1.1541     0.1816    33.7729    33.7728    8.14695         39 0.0000e+00
     21.000     20.781    -0.3104  27.865993    -0.3096  27.865780     9.1057     9.4477     9.2189    88.5954 2.7456e-01  -73.92300 -118.80330  46.212718      99.64 3.7021e+01    121.873       2926  1027.2336  1027.2327     4.2030     1.3453     0.1959    33.7769    33.7757    8.14511         44 0.0000e+00
     22.000     21.771    -0.3116  27.865834    -0.3106  27.866000     9.0831     9.4334     9.2006    88.6199 2.2812e-01  -73.92300 -118.80330  46.212742      99.58 3.7021e+01    123.891       2974  1027.2390  1027.2383     4.2042     1.6369     0.1818    33.7774    33.7765    8.14535         45 0.0000e+00
     23.000     22.761    -0.3112  27.867787    -0.3105  27.867872     9.0584     9.4164     8.1257    88.1306 1.8587e-01  -73.92300 -118.80330  46.212764      99.64 3.7021e+01    125.847       3021  1027.2452  1027.2446     4.1817     1.1285     0.1714    33.7790    33.7783    8.14517         36 0.0000e+00
     24.000     23.751    -0.3116  27.869157    -0.3108  27.869186     9.0656     9.4216     7.7901    88.4604 1.4713e-01  -73.92300 -118.80330  46.212787      99.49 3.7021e+01    127.821       3069  1027.2514  1027.2506     4.1963     1.3843     0.1666    33.7807    33.7798    8.14516         38 0.0000e+00
     25.000     24.740    -0.3143  27.865661    -0.3121  27.867502     9.0836     9.4257     7.3524    87.1075 1.1834e-01  -73.92300 -118.80330  46.212810      99.52 3.7021e+01    129.814       3117  1027.2545  1027.2544     4.1324     1.3366     0.1825    33.7784    33.7783    8.14587         40 0.0000e+00
     26.000     25.731    -0.3160  27.863510    -0.3151  27.863527     9.0823     9.4268     7.4982    87.2925 9.4453e-02  -73.92300 -118.80330  46.212832      98.81 3.7021e+01    131.677       3161  1027.2582  1027.2574     4.1412     1.7975     0.1893    33.7768    33.7758    8.14633         44 0.0000e+00
     27.000     26.718    -0.3164  27.863503    -0.3141  27.865544     9.0920     9.4352     7.1048    88.6853 7.0639e-02  -73.92300 -118.80330  46.212854      99.54 3.7021e+01    133.627       3208  1027.2629  1027.2628     4.2073     1.7232     0.1851    33.7766    33.7767    8.14642         44 0.0000e+00
     28.000     27.708    -0.3171  27.862839    -0.3155  27.863648     9.1006     9.4267     6.9824    87.8815 5.1910e-02  -73.92300 -118.80330  46.212878      99.71 3.7021e+01    135.633       3256  1027.2671  1027.2665     4.1688     1.7821     0.1706    33.7759    33.7752    8.14661         43 0.0000e+00
     29.000     28.698    -0.3140  27.867705    -0.3119  27.869347     9.0724     9.4148     7.0619    86.8881 3.6840e-02  -73.92300 -118.80330  46.212900      99.68 3.7021e+01    137.592       3303  1027.2736  1027.2734     4.1219     0.9911     0.1724    33.7783    33.7782    8.14580         39 0.0000e+00
     30.000     29.688    -0.3147  27.867892    -0.3125  27.868874     9.0457     9.3948     7.9124    87.3054 2.3427e-02  -73.92300 -118.80330  46.212922      99.71 3.7021e+01    139.461       3348  1027.2788  1027.2778     4.1420     1.2273     0.1747    33.7787    33.7776    8.14592         37 0.0000e+00
     31.000     30.679    -0.3138  27.872564    -0.3132  27.871681     9.0357     9.3716     8.0329    87.5994 1.1020e-02  -73.92300 -118.80330  46.212945      99.50 3.7021e+01    141.426       3395  1027.2872  1027.2858     4.1550     1.4582     0.1720    33.7833    33.7815    8.14547         37 0.0000e+00
     32.000     31.667    -0.3145  27.873161    -0.3133  27.873307     9.0357     9.3804     8.3972    86.3910 2.0109e-03  -73.92300 -118.80330  46.212969      98.38 3.7021e+01    143.487       3445  1027.2922  1027.2920     4.0985     1.7492     0.2027    33.7843    33.7832    8.14557         38 0.0000e+00
     33.000     32.656    -0.3153  27.873109    -0.3142  27.873285     9.0726     9.3670     7.9066    88.4410 2.0555e-04  -73.92300 -118.80330  46.212991      97.24 3.7021e+01    145.385       3490  1027.2978  1027.2971     4.1956     1.2678     0.1835    33.7845    33.7835    8.14573         42 0.0000e+00
     34.000     33.646    -0.3155  27.873956    -0.3144  27.873970     9.0389     9.3541     7.2718    87.6600 -5.048e-06  -73.92300 -118.80330  46.213013      99.46 3.7021e+01    147.314       3537  1027.3033  1027.3023     4.1587     1.6097     0.1930    33.7852    33.7841    8.14572         41 0.0000e+00
     35.000     34.635    -0.3159  27.874182    -0.3148  27.874500     9.0213     9.3576     8.0275    88.5717 1.0000e-12  -73.92300 -118.80330  46.213037      99.42 3.7021e+01    149.385       3586  1027.3083  1027.3075     4.2020     1.5295     0.1834    33.7854    33.7846    8.14581         40 0.0000e+00
     36.000     35.625    -0.3156  27.875103    -0.3144  27.875783     9.0156     9.3475     6.6066    88.7694 1.0000e-12  -73.92300 -118.80330  46.213059      99.53 3.7021e+01    151.289       3632  1027.3132  1027.3128     4.2112     1.3464     0.1903    33.7857    33.7853    8.14572         38 0.0000e+00
     37.000     36.613    -0.3160  27.877107    -0.3150  27.876954     9.0061     9.3557     7.5021    87.4839 1.0000e-12  -73.92300 -118.80330  46.213080      99.62 3.7021e+01    153.105       3676  1027.3201  1027.3190     4.1506     1.3687     0.1770    33.7883    33.7869    8.14567         39 0.0000e+00
     38.000     37.604    -0.3165  27.877189    -0.3154  27.876718     9.0177     9.3593     7.4273    86.8838 1.0000e-12  -73.92300 -118.80330  46.213103      99.64 3.7021e+01    155.110       3724  1027.3249  1027.3233     4.1219     1.0597     0.1780    33.7883    33.7864    8.14577         39 0.0000e+00
     39.000     38.592    -0.3167  27.876520    -0.3157  27.876468     9.0196     9.3556     7.6267    86.3925 1.0000e-12  -73.92300 -118.80330  46.213127      67.72 3.7021e+01    157.132       3772  1027.3287  1027.3277     4.0989     1.1331     0.1749    33.7870    33.7858    8.14589         35 0.0000e+00
     40.000     39.583    -0.3168  27.877121    -0.3160  27.876944     9.0126     9.3683     7.5429    88.6816 1.0000e-12  -73.92300 -118.80330  46.213149     100.03 3.7021e+01    159.046       3818  1027.3338  1027.3327     4.2062     1.2983     0.1841    33.7873    33.7861    8.14590         38 0.0000e+00
     41.000     40.571    -0.3165  27.876907    -0.3151  27.877150     9.0620     9.3769     7.2754    87.1867 1.0000e-12  -73.92300 -118.80330  46.213171      99.55 3.7021e+01    160.982       3865  1027.3375  1027.3364     4.1363     1.2490     0.1812    33.7861    33.7849    8.14590         39 0.0000e+00
     42.000     41.562    -0.3160  27.877186    -0.3147  27.877255     9.0180     9.3688     6.7493    86.0202 1.0000e-12  -73.92300 -118.80331  46.213194      99.56 3.7021e+01    162.929       3911  1027.3416  1027.3405     4.0809     1.2189     0.1934    33.7853    33.7840    8.14584         39 0.0000e+00
     43.000     42.551    -0.3162  27.877770    -0.3146  27.878064     9.0151     9.3583     7.7031    87.2627 1.0000e-12  -73.92300 -118.80332  46.213217      99.65 3.7021e+01    164.949       3960  1027.3467  1027.3455     4.1396     1.0234     0.1733    33.7857    33.7843    8.14586         43 0.0000e+00
     44.000     43.540    -0.3164  27.878504    -0.3151  27.878611     9.0261     9.3603     7.6850    86.1826 1.0000e-12  -73.92300 -118.80332  46.213238      99.65 3.7185e+01    166.792       4004  1027.3519  1027.3508     4.0885     1.0099     0.1783    33.7862    33.7849    8.14586         36 0.0000e+00
     45.000     44.529    -0.3159  27.879287    -0.3149  27.879454     9.0129     9.3440     7.6583    87.2499 1.0000e-12  -73.92298 -118.80332  46.213261      99.58 3.7430e+01    168.736       4051  1027.3566  1027.3558     4.1389     1.1641     0.1669    33.7861    33.7852    8.14576         43 0.0000e+00
     46.000     45.520    -0.3153  27.883389    -0.3141  27.883132     8.9827     9.3213    10.8422    86.3931 1.0000e-12  -73.92298 -118.80333  46.213285      94.77 3.7710e+01    170.794       4100  1027.3647  1027.3633     4.0988     1.4453     0.1687    33.7903    33.7887    8.14539         46 0.0000e+00
     47.000     46.509    -0.3146  27.885402    -0.3131  27.885951     8.9412     9.2874     7.1593    86.3928 1.0000e-12  -73.92298 -118.80334  46.213308      99.72 3.7402e+01    172.796       4148  1027.3705  1027.3697     4.0986     1.0800     0.1678    33.7917    33.7908    8.14517         41 0.0000e+00
     48.000     47.499    -0.3096  27.894168    -0.3086  27.893758     8.9001     9.2373     9.2024    87.6540 1.0000e-12  -73.92298 -118.80334  46.213330      99.56 3.7201e+01    174.667       4193  1027.3794  1027.3780     4.1584     1.2159     0.1954    33.7972    33.7955    8.14378         40 0.0000e+00
     49.000     48.487    -0.3151  27.894055    -0.3148  27.893936     8.8342     9.1953     9.4012    86.9605 1.0000e-12  -73.92298 -118.80335  46.213352      99.59 3.7019e+01    176.573       4239  1027.3890  1027.3886     4.1256     1.2177     0.1890    33.8026    33.8021    8.14466         39 0.0000e+00
     50.000     49.478    -0.3234  27.889790    -0.3224  27.889515     8.8525     9.1784     8.7309    87.8279 1.0000e-12  -73.92298 -118.80336  46.213375      99.58 3.7076e+01    178.618       4288  1027.3967  1027.3954     4.1667     1.1912     0.1740    33.8055    33.8040    8.14627         38 0.0000e+00
     51.000     50.467    -0.3226  27.892842    -0.3211  27.893099     8.8323     9.1712     8.8890    88.1374 1.0000e-12  -73.92298 -118.80337  46.213397      99.63 3.7247e+01    180.476       4332  1027.4035  1027.4022     4.1813     1.6200     0.1731    33.8081    33.8067    8.14595         39 0.0000e+00
     52.000     51.455    -0.3182  27.897729    -0.3168  27.898108     8.8481     9.1744     6.8314    88.7483 1.0000e-12  -73.92298 -118.80338  46.213419      99.56 3.7537e+01    182.430       4379  1027.4087  1027.4078     4.2101     1.2092     0.1753    33.8091    33.8080    8.14494         41 0.0000e+00
