ocean_section_plots/required_files/ctd/dnbp2202_ctd229.cnv
* Sea-Bird SBE 9 Data File:
* FileName = D:\Data\raw\NBP2202_CTD229.hex
* Software Version Seasave V 7.26.7.121
* Temperature SN = 1649
* Conductivity SN = 2513
* Number of Bytes Per Scan = 40
* Number of Voltage Words = 5
* Number of Scans Averaged by the Deck Unit = 1
* NMEA Latitude = 74 06.03 S
* NMEA Longitude = 111 14.06 W
* NMEA UTC (Time) = Feb 12 2022  19:12:44
* NMEA baud rate = 9600
** Ship: RVIB N.B. Palmer
** Cruise: NBP2202 Thwaites
** Station: 140
** Operator: A. Robinson
# nquan = 28
# nvalues = 350                         
# units = specified
# name 0 = prDM: Pressure, Digiquartz [db]
# name 1 = depSM: Depth [salt water, m]
# name 2 = t090C: Temperature [ITS-90, deg C]
# name 3 = c0mS/cm: Conductivity [mS/cm]
# name 4 = t190C: Temperature, 2 [ITS-90, deg C]
# name 5 = c1mS/cm: Conductivity, 2 [mS/cm]
# name 6 = sbeox0ML/L: Oxygen, SBE 43 [ml/l]
# name 7 = sbeox1ML/L: Oxygen, SBE 43, 2 [ml/l]
# name 8 = flECO-AFL: Fluorescence, WET Labs ECO-AFL/FL [mg/m^3]
# name 9 = CStarTr0: Beam Transmission, WET Labs C-Star [%]
# name 10 = par: PAR/Irradiance, Biospherical/Licor
# name 11 = latitude: Latitude [deg]
# name 12 = longitude: Longitude [deg]
# name 13 = timeJ: Julian Days
# name 14 = altM: Altimeter [m]
# name 15 = spar: SPAR, Biospherical/Licor
# name 16 = timeS: Time, Elapsed [seconds]
# name 17 = scan: Scan Count
# name 18 = density00: Density [density, kg/m^3]
# name 19 = density11: Density, 2 [density, kg/m^3]
# name 20 = v3: Voltage 3
# name 21 = v4: Voltage 4
# name 22 = v5: Voltage 5
# name 23 = sal00: Salinity, Practical [PSU]
# name 24 = sal11: Salinity, Practical, 2 [PSU]
# name 25 = oxsolML/L: Oxygen Saturation, Garcia & Gordon [ml/l]
# name 26 = nbin: number of scans per bin
# name 27 = flag: flag
# span 0 =      3.000,    352.000       
# span 1 =      2.970,    348.072       
# span 2 =    -1.4518,    -1.1478       
# span 3 =  26.916321,  27.566184       
# span 4 =    -1.4527,    -1.1465       
# span 5 =  26.916810,  27.566067       
# span 6 =     5.7867,     6.7497       
# span 7 =     5.9871,     7.0135       
# span 8 =    -0.0150,     4.5616       
# span 9 =    91.0902,    97.3904       
# span 10 = -4.500e-07, 1.2465e+02      
# span 11 =  -74.10060,  -74.10054      
# span 12 = -111.23434, -111.23420      
# span 13 =  43.803275,  43.808635      
# span 14 =       2.25,      99.87      
# span 15 = 1.8303e+03, 1.8646e+03      
# span 16 =    238.977,    702.063      
# span 17 =       5736,      16851      
# span 18 =  1027.1756,  1029.1223      
# span 19 =  1027.1787,  1029.1211      
# span 20 =     4.3213,     4.6200      
# span 21 =     0.0644,     0.7726      
# span 22 =     0.1190,     0.1568      
# span 23 =    33.7588,    34.1105      
# span 24 =    33.7621,    34.1088      
# span 25 =    8.30828,    8.39679      
# span 26 =         12,         46      
# span 27 = 0.0000e+00, 0.0000e+00      
# interval = decibars: 1                
# start_time = Feb 12 2022 19:12:44 [NMEA time, header]
# bad_flag = -9.990e-29
*END*
[from data line 208]
    211.000    208.711    -1.3204  27.297304    -1.3197  27.297469     5.9723     6.1834     0.0170    97.2919 1.0000e-12  -74.10054 -111.23422  43.806345      99.77 1.8546e+03    504.228      12102  1028.3870  1028.3865     4.6154     0.0756     0.1247    34.0247    34.0241    8.35181         24 0.0000e+00
    212.000    209.698    -1.3201  27.297765    -1.3195  27.297984     5.9932     6.1994     0.0262    97.2897 1.0000e-12  -74.10054 -111.23422  43.806357      99.78 1.8545e+03    505.228      12126  1028.3915  1028.3911     4.6153     0.0732     0.1229    34.0244    34.0240    8.35176         24 0.0000e+00
    213.000    210.688    -1.3224  27.296520    -1.3218  27.296718     6.0034     6.2082     0.0330    97.3051 1.0000e-12  -74.10054 -111.23422  43.806368      99.77 1.8528e+03    506.198      12150  1028.3967  1028.3963     4.6160     0.0743     0.1251    34.0247    34.0243    8.35226         23 0.0000e+00
    214.000    211.676    -1.3312  27.291299    -1.3309  27.291225     6.0079     6.2137     0.0078    97.3238 1.0000e-12  -74.10054 -111.23422  43.806379      99.78 1.8544e+03    507.178      12173  1028.4038  1028.4035     4.6168     0.0731     0.1262    34.0269    34.0265    8.35409         24 0.0000e+00
    215.000    212.666    -1.3316  27.291601    -1.3314  27.291262     6.0319     6.2257     0.0143    97.2641 1.0000e-12  -74.10054 -111.23422  43.806391      99.77 1.8555e+03    508.186      12197  1028.4088  1028.4083     4.6141     0.0718     0.1255    34.0271    34.0265    8.35417         24 0.0000e+00
    216.000    213.653    -1.3313  27.292245    -1.3307  27.292343     6.0628     6.2617     0.0217    97.2751 1.0000e-12  -74.10054 -111.23422  43.806402      97.97 1.8540e+03    509.175      12221  1028.4135  1028.4130     4.6146     0.0738     0.1226    34.0271    34.0265    8.35411         23 0.0000e+00
    217.000    214.643    -1.3449  27.281862    -1.3446  27.282165     6.0958     6.2849     0.0277    97.3047 1.0000e-12  -74.10054 -111.23424  43.806414      99.08 1.8536e+03    510.146      12244  1028.4196  1028.4196     4.6160     0.0736     0.1258    34.0276    34.0277    8.35711         24 0.0000e+00
    218.000    215.631    -1.3615  27.269788    -1.3613  27.269724     6.1119     6.2975     0.0237    97.3176 1.0000e-12  -74.10054 -111.23424  43.806425      99.78 1.8531e+03    511.150      12269  1028.4268  1028.4265     4.6166     0.0746     0.1263    34.0293    34.0290    8.36074         24 0.0000e+00
    219.000    216.619    -1.3675  27.267015    -1.3670  27.266667     6.1177     6.3096     0.0215    97.3121 1.0000e-12  -74.10054 -111.23424  43.806437      99.78 1.8482e+03    512.173      12293  1028.4337  1028.4329     4.6164     0.0756     0.1222    34.0316    34.0307    8.36194         24 0.0000e+00
    220.000    217.608    -1.3664  27.269009    -1.3658  27.269261     6.1187     6.3257     0.0624    97.3045 1.0000e-12  -74.10054 -111.23424  43.806449      99.77 1.8494e+03    513.174      12317  1028.4391  1028.4388     4.6160     0.0745     0.1219    34.0326    34.0322    8.36165         24 0.0000e+00
    221.000    218.597    -1.3717  27.265465    -1.3707  27.265616     6.1302     6.3364     0.0665    97.3404 1.0000e-12  -74.10054 -111.23424  43.806460      99.78 1.8524e+03    514.153      12341  1028.4445  1028.4438     4.6176     0.0771     0.1232    34.0330    34.0322    8.36280         24 0.0000e+00
    222.000    219.584    -1.3727  27.264855    -1.3782  27.260405     6.1326     6.3477     0.0467    97.3166 1.0000e-12  -74.10054 -111.23424  43.806471      99.78 1.8501e+03    515.140      12364  1028.4490  1028.4494     4.6166     0.0782     0.1249    34.0327    34.0328    8.36305         24 0.0000e+00
    223.000    220.574    -1.3789  27.262398    -1.3783  27.262346     6.1247     6.3388     0.0729    97.3389 1.0000e-12  -74.10054 -111.23424  43.806483      99.78 1.8507e+03    516.155      12389  1028.4565  1028.4559     4.6176     0.0749     0.1219    34.0357    34.0350    8.36425         25 0.0000e+00
    224.000    221.562    -1.3751  27.267931    -1.3751  27.267041     6.1220     6.3411     0.0496    97.3078 1.0000e-12  -74.10054 -111.23424  43.806495      99.78 1.8508e+03    517.191      12414  1028.4631  1028.4621     4.6161     0.0774     0.1233    34.0385    34.0372    8.36324         24 0.0000e+00
    225.000    222.551    -1.3634  27.280285    -1.3637  27.279195     6.1056     6.3289     0.0289    97.3460 1.0000e-12  -74.10054 -111.23424  43.806507      99.78 1.8493e+03    518.202      12438  1028.4695  1028.4686     4.6180     0.0746     0.1238    34.0415    34.0404    8.36044         24 0.0000e+00
    226.000    223.539    -1.3599  27.284925    -1.3594  27.284481     6.0851     6.2983     0.0289    97.3890 1.0000e-12  -74.10054 -111.23424  43.806518      99.77 1.8519e+03    519.161      12461  1028.4755  1028.4745     4.6200     0.0789     0.1247    34.0433    34.0421    8.35955         23 0.0000e+00
    227.000    224.529    -1.3495  27.295614    -1.3499  27.294127     6.0697     6.2868     0.0362    97.3724 1.0000e-12  -74.10054 -111.23424  43.806529      99.78 1.8531e+03    520.140      12484  1028.4814  1028.4801     4.6192     0.0766     0.1221    34.0455    34.0439    8.35708         24 0.0000e+00
    228.000    225.517    -1.3298  27.315247    -1.3291  27.314884     6.0668     6.2826     0.0430    97.3773 1.0000e-12  -74.10054 -111.23424  43.806541      99.78 1.8517e+03    521.164      12509  1028.4881  1028.4870     4.6194     0.0757     0.1203    34.0495    34.0482    8.35244         25 0.0000e+00
    229.000    226.505    -1.3286  27.317644    -1.3278  27.317740     6.0634     6.2767     0.0203    97.3668 1.0000e-12  -74.10054 -111.23424  43.806553      88.37 1.8509e+03    522.167      12533  1028.4940  1028.4933     4.6189     0.0762     0.1231    34.0508    34.0500    8.35209         23 0.0000e+00
    230.000    227.493    -1.3278  27.319255    -1.3267  27.319543     6.0571     6.2739     0.0094    97.3904 1.0000e-12  -74.10054 -111.23424  43.806564      99.24 1.8529e+03    523.141      12556  1028.4993  1028.4986     4.6200     0.0764     0.1223    34.0515    34.0506    8.35187         24 0.0000e+00
    231.000    228.483    -1.3245  27.323101    -1.3237  27.322989     6.0550     6.2720     0.0070    97.3884 1.0000e-12  -74.10054 -111.23424  43.806576      99.77 1.8531e+03    524.125      12580  1028.5047  1028.5039     4.6200     0.0766     0.1236    34.0524    34.0514    8.35108         24 0.0000e+00
    232.000    229.470    -1.3243  27.323719    -1.3236  27.323763     6.0486     6.2775     0.0069    97.3842 1.0000e-12  -74.10054 -111.23424  43.806587      99.78 1.8538e+03    525.126      12604  1028.5096  1028.5090     4.6197     0.0730     0.1205    34.0524    34.0517    8.35104         24 0.0000e+00
    233.000    230.460    -1.3236  27.324760    -1.3232  27.324538     6.0475     6.2776     0.0094    97.3637 1.0000e-12  -74.10054 -111.23424  43.806599      99.78 1.8533e+03    526.114      12628  1028.5144  1028.5138     4.6188     0.0752     0.1217    34.0524    34.0516    8.35089         23 0.0000e+00
    234.000    231.448    -1.3223  27.326305    -1.3223  27.325710     6.0460     6.2720     0.0143    97.3777 1.0000e-12  -74.10054 -111.23424  43.806610      99.78 1.8516e+03    527.106      12652  1028.5192  1028.5186     4.6194     0.0741     0.1243    34.0524    34.0517    8.35059         24 0.0000e+00
    235.000    232.437    -1.3190  27.329654    -1.3195  27.328454     6.0440     6.2623     0.0110    97.3777 1.0000e-12  -74.10054 -111.23424  43.806621      99.77 1.8483e+03    528.096      12675  1028.5240  1028.5231     4.6194     0.0737     0.1240    34.0526    34.0515    8.34984         24 0.0000e+00
    236.000    233.425    -1.3172  27.331467    -1.3164  27.331508     6.0399     6.2501    -0.0074    97.3511 1.0000e-12  -74.10054 -111.23424  43.806633      99.78 1.8497e+03    529.086      12699  1028.5286  1028.5278     4.6182     0.0713     0.1210    34.0524    34.0516    8.34944         23 0.0000e+00
    237.000    234.413    -1.3165  27.332435    -1.3155  27.332627     6.0399     6.2517     0.0071    97.3673 1.0000e-12  -74.10054 -111.23424  43.806645      99.77 1.8520e+03    530.101      12723  1028.5333  1028.5326     4.6189     0.0743     0.1232    34.0523    34.0516    8.34929         25 0.0000e+00
    238.000    235.404    -1.3137  27.335776    -1.3133  27.335261     6.0330     6.2512     0.0069    97.3745 1.0000e-12  -74.10054 -111.23424  43.806656      99.78 1.8475e+03    531.111      12748  1028.5386  1028.5377     4.6193     0.0708     0.1238    34.0532    34.0520    8.34862         24 0.0000e+00
    239.000    236.390    -1.3115  27.338226    -1.3111  27.337857     6.0350     6.2484     0.0069    97.3820 1.0000e-12  -74.10054 -111.23424  43.806668      99.78 1.8488e+03    532.107      12772  1028.5435  1028.5427     4.6197     0.0729     0.1245    34.0534    34.0525    8.34812         24 0.0000e+00
    240.000    237.379    -1.3092  27.341980    -1.3086  27.341558     6.0333     6.2493    -0.0047    97.3630 1.0000e-12  -74.10054 -111.23424  43.806680      99.78 1.8521e+03    533.122      12796  1028.5497  1028.5487     4.6187     0.0717     0.1237    34.0553    34.0541    8.34749         25 0.0000e+00
    241.000    238.368    -1.3063  27.345644    -1.3042  27.347274     6.0316     6.2429     0.0027    97.3863 1.0000e-12  -74.10054 -111.23424  43.806692      99.78 1.8501e+03    534.148      12821  1028.5553  1028.5550     4.6199     0.0717     0.1243    34.0565    34.0563    8.34678         24 0.0000e+00
    242.000    239.355    -1.3029  27.350364    -1.3024  27.349739     6.0370     6.2439     0.0025    97.3757 1.0000e-12  -74.10054 -111.23424  43.806703      94.26 1.8485e+03    535.138      12844  1028.5615  1028.5604     4.6193     0.0696     0.1251    34.0584    34.0570    8.34589         23 0.0000e+00
    243.000    240.345    -1.3013  27.352519    -1.3006  27.352424     6.0361     6.2445     0.0033    97.3560 1.0000e-12  -74.10054 -111.23424  43.806714      96.36 1.8497e+03    536.113      12868  1028.5667  1028.5659     4.6184     0.0715     0.1229    34.0589    34.0580    8.34551         24 0.0000e+00
    244.000    241.333    -1.3009  27.353580    -1.3001  27.353585     6.0307     6.2464     0.0069    97.3487 1.0000e-12  -74.10054 -111.23424  43.806726      99.76 1.8451e+03    537.099      12891  1028.5718  1028.5711     4.6180     0.0717     0.1268    34.0593    34.0585    8.34539         24 0.0000e+00
    245.000    242.322    -1.2993  27.355822    -1.2981  27.356291     6.0251     6.2476     0.0020    97.3383 1.0000e-12  -74.10054 -111.23424  43.806737      99.79 1.8478e+03    538.114      12916  1028.5771  1028.5764     4.6176     0.0729     0.1261    34.0600    34.0592    8.34501         25 0.0000e+00
    246.000    243.311    -1.2981  27.357566    -1.2973  27.357526     6.0293     6.2506    -0.0061    97.3188 1.0000e-12  -74.10054 -111.23424  43.806749      99.78 1.8508e+03    539.137      12940  1028.5821  1028.5813     4.6167     0.0702     0.1236    34.0603    34.0594    8.34470         24 0.0000e+00
    247.000    244.298    -1.2975  27.358716    -1.2970  27.358347     6.0266     6.2499    -0.0014    97.3087 1.0000e-12  -74.10054 -111.23424  43.806761      99.78 1.8471e+03    540.116      12964  1028.5871  1028.5863     4.6162     0.0723     0.1243    34.0606    34.0596    8.34455         23 0.0000e+00
    248.000    245.288    -1.2969  27.359912    -1.2958  27.360268     6.0341     6.2492    -0.0076    97.3163 1.0000e-12  -74.10054 -111.23424  43.806772      99.78 1.8483e+03    541.069      12987  1028.5923  1028.5915     4.6165     0.0717     0.1237    34.0610    34.0602    8.34441         23 0.0000e+00
    249.000    246.275    -1.2946  27.363145    -1.2939  27.363279     6.0373     6.2475     0.1965    97.3133 1.0000e-12  -74.10054 -111.23424  43.806783      99.78 1.8487e+03    542.054      13010  1028.5979  1028.5973     4.6164     0.0717     0.1263    34.0622    34.0616    8.34382         24 0.0000e+00
    250.000    247.264    -1.2932  27.365947    -1.2922  27.366116     6.0300     6.2450     0.0233    97.2971 1.0000e-12  -74.10054 -111.23424  43.806795      99.78 1.8471e+03    543.069      13035  1028.6039  1028.6031     4.6157     0.0725     0.1240    34.0638    34.0629    8.34341         24 0.0000e+00
    251.000    248.252    -1.2889  27.371570    -1.2879  27.371600     6.0296     6.2439    -0.0004    97.3133 1.0000e-12  -74.10054 -111.23424  43.806806      99.78 1.8467e+03    544.063      13059  1028.6102  1028.6093     4.6164     0.0712     0.1287    34.0660    34.0650    8.34231         24 0.0000e+00
    252.000    249.240    -1.2886  27.372357    -1.2877  27.372443     6.0329     6.2444    -0.0058    97.3356 1.0000e-12  -74.10054 -111.23424  43.806818      99.78 1.8460e+03    545.045      13082  1028.6152  1028.6144     4.6174     0.0712     0.1258    34.0662    34.0653    8.34224         23 0.0000e+00
    253.000    250.227    -1.2882  27.373497    -1.2873  27.373351     6.0325     6.2491    -0.0037    97.3423 1.0000e-12  -74.10054 -111.23424  43.806829      99.78 1.8459e+03    546.030      13106  1028.6203  1028.6193     4.6178     0.0716     0.1266    34.0666    34.0655    8.34213         24 0.0000e+00
    254.000    251.220    -1.2874  27.374954    -1.2866  27.374671     6.0345     6.2439    -0.0004    97.3231 1.0000e-12  -74.10054 -111.23424  43.806840      99.78 1.8436e+03    547.012      13129  1028.6255  1028.6244     4.6168     0.0707     0.1248    34.0671    34.0659    8.34192         24 0.0000e+00
    255.000    252.205    -1.2867  27.376217    -1.2855  27.376547     6.0233     6.2438    -0.0031    97.3208 1.0000e-12  -74.10054 -111.23424  43.806852      85.58 1.8445e+03    548.018      13153  1028.6305  1028.6297     4.6168     0.0702     0.1249    34.0674    34.0665    8.34174         24 0.0000e+00
    256.000    253.197    -1.2795  27.385108    -1.2786  27.384873     6.0231     6.2403    -0.0077    97.3155 1.0000e-12  -74.10054 -111.23424  43.806864      99.77 1.8452e+03    549.042      13178  1028.6376  1028.6365     4.6165     0.0702     0.1253    34.0708    34.0695    8.33993         25 0.0000e+00
    257.000    254.182    -1.2745  27.390586    -1.2738  27.390406     6.0128     6.2287    -0.0077    97.3198 1.0000e-12  -74.10054 -111.23424  43.806876      99.52 1.8427e+03    550.047      13202  1028.6431  1028.6422     4.6167     0.0705     0.1269    34.0721    34.0709    8.33875         23 0.0000e+00
    258.000    255.172    -1.2728  27.392747    -1.2716  27.393026     6.0052     6.2201    -0.0074    97.3208 1.0000e-12  -74.10054 -111.23422  43.806887      98.78 1.8420e+03    551.028      13226  1028.6482  1028.6473     4.6168     0.0903     0.1274    34.0724    34.0714    8.33834         24 0.0000e+00
    259.000    256.159    -1.2616  27.404950    -1.2597  27.405516     6.0005     6.2148    -0.0005    97.2858 1.0000e-12  -74.10054 -111.23422  43.806898      97.82 1.8435e+03    552.009      13249  1028.6550  1028.6538     4.6151     0.0712     0.1258    34.0758    34.0745    8.33565         24 0.0000e+00
    260.000    257.150    -1.2544  27.412135    -1.2535  27.412132     5.9986     6.2181    -0.0076    97.2785 1.0000e-12  -74.10054 -111.23422  43.806910      96.88 1.8431e+03    552.985      13273  1028.6602  1028.6593     4.6148     0.0702     0.1261    34.0769    34.0759    8.33398         23 0.0000e+00
