ocean_section_plots/required_files/ctd/dnbp2202_ctd109.cnv
* Sea-Bird SBE 9 Data File:
* FileName = D:\Data\raw\NBP2202_CTD109.hex
* Software Version Seasave V 7.26.7.121
* Temperature SN = 1649
* Conductivity SN = 2513
* Number of Bytes Per Scan = 40
* Number of Voltage Words = 5
* Number of Scans Averaged by the Deck Unit = 1
* NMEA Latitude = 74 10.52 S
* NMEA Longitude = 113 20.65 W
* NMEA UTC (Time) = Jan 27 2022  06:27:41
* NMEA baud rate = 9600
** Ship: RVIB N.B. Palmer
** Cruise: NBP2202 Thwaites
** Station: YoYo001
** Operator: B. Bjork
# nquan = 25
# nvalues = 607                         
# units = specified
# name 0 = prDM: Pressure, Digiquartz [db]
# name 1 = depSM: Depth [salt water, m]
# name 2 = t090C: Temperature [ITS-90, deg C]
# name 3 = c0mS/cm: Conductivity [mS/cm]
# name 4 = t190C: Temperature, 2 [ITS-90, deg C]
# name 5 = c1mS/cm: Conductivity, 2 [mS/cm]
# name 6 = sbeox0ML/L: Oxygen, SBE 43 [ml/l]
# name 7 = sbeox1ML/L: Oxygen, SBE 43, 2 [ml/l]
# name 8 = flECO-AFL: Fluorescence, WET Labs ECO-AFL/FL [mg/m^3]
# name 9 = CStarTr0: Beam Transmission, WET Labs C-Star [%]
# name 10 = par: PAR/Irradiance, Biospherical/Licor
# name 11 = latitude: Latitude [deg]
# name 12 = longitude: Longitude [deg]
# name 13 = timeJ: Julian Days
# name 14 = altM: Altimeter [m]
# name 15 = spar: SPAR, Biospherical/Licor
# name 16 = timeS: Time, Elapsed [seconds]
# name 17 = scan: Scan Count
# name 18 = density00: Density [density, kg/m^3]
# name 19 = density11: Density, 2 [density, kg/m^3]
# name 20 = sal00: Salinity, Practical [PSU]
# name 21 = sal11: Salinity, Practical, 2 [PSU]
# name 22 = oxsolML/L: Oxygen Saturation, Garcia & Gordon [ml/l]
# name 23 = nbin: number of scans per bin
# name 24 = flag: flag
# span 0 =     10.000,    616.000       
# span 1 =      9.896,    608.719       
# span 2 =    -1.4676,     0.1260       
# span 3 =  26.969472,  28.962778       
# span 4 =    -1.4665,     0.1283       
# span 5 =  26.969251,  28.962835       
# span 6 =     4.6818,     8.6176       
# span 7 =     4.7444,     8.4550       
# span 8 =    -0.0224,    27.2310       
# span 9 =    69.7247,    95.6317       
# span 10 = 1.0000e-12, 1.2924e+00      
# span 11 =  -74.17536,  -74.17536      
# span 12 = -113.34426, -113.34422      
# span 13 =  27.269658,  27.277900      
# span 14 =       8.46,     100.88      
# span 15 = 6.8749e+01, 7.4041e+01      
# span 16 =     37.447,    749.536      
# span 17 =        900,      17990      
# span 18 =  1027.2190,  1030.5233      
# span 19 =  1027.2149,  1030.5211      
# span 20 =    33.7916,    34.3908      
# span 21 =    33.7861,    34.3883      
# span 22 =    8.01802,    8.39695      
# span 23 =         16,         56      
# span 24 = 0.0000e+00, 0.0000e+00      
# interval = decibars: 1                
# start_time = Jan 27 2022 06:27:41 [NMEA time, header]
# bad_flag = -9.990e-29
*END*
     10.000      9.896    -0.9223  27.367824    -0.9690  27.321945     8.6176     8.3720    21.7396    72.8662 1.2924e+00  -74.17536 -113.34426  27.269658      99.98 7.4041e+01     37.447        900  1027.2190  1027.2149    33.7960    33.7861    8.27690         16 0.0000e+00
     11.000     10.886    -1.0374  27.270038    -1.0420  27.268121     8.4765     8.3567    20.9732    71.9390 9.5801e-01  -74.17536 -113.34426  27.269678      99.93 7.4041e+01     39.216        942  1027.2288  1027.2310    33.7916    33.7942    8.30258         39 0.0000e+00
     12.000     11.875    -1.0597  27.254392    -1.0574  27.254669     8.4451     8.3613    21.0023    70.2505 7.0168e-01  -74.17536 -113.34426  27.269699      99.97 7.4041e+01     41.018        985  1027.2374  1027.2353    33.7948    33.7926    8.30733         37 0.0000e+00
     13.000     12.866    -1.0630  27.252042    -1.0598  27.253331     8.4469     8.3863    25.5790    72.1543 5.0680e-01  -74.17536 -113.34426  27.269720      99.98 7.4041e+01     42.785       1028  1027.2421  1027.2403    33.7948    33.7928    8.30807         38 0.0000e+00
     14.000     13.854    -1.0637  27.252136    -1.0614  27.252494     8.4388     8.4082    27.2310    71.0840 3.5998e-01  -74.17536 -113.34425  27.269740      99.98 7.4041e+01     44.539       1070  1027.2469  1027.2450    33.7950    33.7928    8.30820         42 0.0000e+00
     15.000     14.845    -1.0645  27.251883    -1.0631  27.251720     8.4288     8.4138    23.3007    70.5147 2.5513e-01  -74.17536 -113.34425  27.269761      99.97 7.4041e+01     46.314       1113  1027.2516  1027.2501    33.7950    33.7931    8.30839         41 0.0000e+00
     16.000     15.834    -1.0671  27.250472    -1.0653  27.250506     8.4191     8.4239    22.2065    71.2762 1.8107e-01  -74.17536 -113.34425  27.269781      97.36 7.4041e+01     48.095       1155  1027.2567  1027.2550    33.7953    33.7933    8.30893         37 0.0000e+00
     17.000     16.824    -1.0676  27.250605    -1.0656  27.250810     8.4196     8.4514    20.9969    70.3938 1.2232e-01  -74.17536 -113.34425  27.269802      99.90 7.4041e+01     49.862       1198  1027.2616  1027.2598    33.7954    33.7934    8.30904         38 0.0000e+00
     18.000     17.815    -1.0675  27.251270    -1.0656  27.251280     8.4038     8.4550    19.9565    70.2776 7.9853e-02  -74.17536 -113.34424  27.269822      99.96 7.4041e+01     51.624       1240  1027.2664  1027.2646    33.7956    33.7935    8.30901         36 0.0000e+00
     19.000     18.803    -1.0719  27.248309    -1.0684  27.249690     8.3788     8.4490    24.6744    71.0896 4.8201e-02  -74.17536 -113.34424  27.269843      99.98 7.4041e+01     53.400       1283  1027.2717  1027.2698    33.7959    33.7938    8.30997         43 0.0000e+00
     20.000     19.792    -1.0728  27.247703    -1.0716  27.247553     8.3504     8.4407    23.2057    71.6239 2.4188e-02  -74.17536 -113.34424  27.269863      99.94 7.4041e+01     55.168       1325  1027.2761  1027.2748    33.7955    33.7939    8.31020         36 0.0000e+00
     21.000     20.782    -1.0794  27.243164    -1.0765  27.243984     8.3589     8.4450    23.2411    69.7247 5.4353e-03  -74.17536 -113.34424  27.269884      99.95 7.4041e+01     56.935       1367  1027.2818  1027.2799    33.7961    33.7940    8.31163         42 0.0000e+00
     22.000     21.772    -1.0745  27.247806    -1.0747  27.245847     8.3517     8.4476    19.9672    71.2035 1.7824e-04  -74.17536 -113.34424  27.269904      99.98 7.4041e+01     58.710       1410  1027.2863  1027.2844    33.7962    33.7938    8.31052         37 0.0000e+00
     23.000     22.761    -1.0790  27.244151    -1.0781  27.243772     8.3371     8.4518    20.0695    69.8659 1.0000e-12  -74.17536 -113.34424  27.269925      95.18 7.4041e+01     60.483       1453  1027.2910  1027.2896    33.7958    33.7942    8.31156         40 0.0000e+00
     24.000     23.750    -1.0799  27.244183    -1.0772  27.244915     8.3100     8.4369    21.6410    71.2545 1.0000e-12  -74.17536 -113.34424  27.269945     100.08 7.4041e+01     62.253       1495  1027.2961  1027.2942    33.7962    33.7941    8.31174         40 0.0000e+00
     25.000     24.741    -1.0858  27.239907    -1.0822  27.241395     8.1992     8.3684    20.7200    71.9850 1.0000e-12  -74.17536 -113.34424  27.269965      99.99 7.4041e+01     64.013       1537  1027.3013  1027.2995    33.7963    33.7943    8.31302         41 0.0000e+00
     26.000     25.730    -1.1009  27.228131    -1.0912  27.234767     7.9322     8.1572    21.5286    70.2728 1.0000e-12  -74.17536 -113.34424  27.269986      99.93 7.4041e+01     65.779       1580  1027.3073  1027.3051    33.7967    33.7947    8.31637         43 0.0000e+00
     27.000     26.719    -1.1589  27.183370    -1.1499  27.189743     7.7858     7.9797    20.6785    71.4502 1.0000e-12  -74.17536 -113.34424  27.270007      99.99 7.4041e+01     67.569       1623  1027.3184  1027.3168    33.8002    33.7987    8.32904         39 0.0000e+00
     28.000     27.709    -1.1694  27.174963    -1.1662  27.176894     7.7022     7.8736    19.7659    71.6446 1.0000e-12  -74.17536 -113.34424  27.270027      99.95 7.4041e+01     69.358       1666  1027.3231  1027.3223    33.7999    33.7990    8.33139         40 0.0000e+00
     29.000     28.698    -1.1884  27.161114    -1.1858  27.161744     7.6760     7.8347    23.4713    72.3688 1.0000e-12  -74.17536 -113.34424  27.270048      99.93 7.4041e+01     71.121       1708  1027.3301  1027.3284    33.8017    33.7997    8.33552         42 0.0000e+00
     30.000     29.687    -1.1952  27.155766    -1.1938  27.155966     7.6768     7.8295    18.5411    72.3031 1.0000e-12  -74.17536 -113.34424  27.270068      99.47 7.4041e+01     72.897       1751  1027.3347  1027.3336    33.8015    33.8002    8.33705         36 0.0000e+00
     31.000     30.677    -1.1980  27.154480    -1.1956  27.154752     7.7356     7.8458    20.8934    72.1550 1.0000e-12  -74.17536 -113.34424  27.270089      98.81 7.4041e+01     74.691       1794  1027.3399  1027.3379    33.8023    33.7999    8.33763         43 0.0000e+00
     32.000     31.666    -1.1857  27.165072    -1.1914  27.158875     7.7401     7.8350    19.3988    72.3485 1.0000e-12  -74.17536 -113.34424  27.270109      99.89 7.4041e+01     76.446       1836  1027.3437  1027.3425    33.8023    33.8003    8.33489         39 0.0000e+00
     33.000     32.656    -1.1914  27.160580    -1.1929  27.158169     7.6798     7.7928    18.8161    73.5148 1.0000e-12  -74.17536 -113.34424  27.270130      99.88 7.4041e+01     78.190       1878  1027.3485  1027.3473    33.8020    33.8003    8.33619         41 0.0000e+00
     34.000     33.645    -1.2028  27.151245    -1.2079  27.146539     7.6039     7.7466    19.6437    73.7729 1.0000e-12  -74.17536 -113.34424  27.270150      99.87 7.4041e+01     79.964       1920  1027.3533  1027.3531    33.8014    33.8007    8.33875         36 0.0000e+00
     35.000     34.634    -1.2240  27.135026    -1.2179  27.138716     7.5473     7.6921    19.6063    75.5384 1.0000e-12  -74.17536 -113.34424  27.270171      99.92 7.4041e+01     81.732       1963  1027.3601  1027.3582    33.8025    33.8006    8.34343         38 0.0000e+00
     36.000     35.624    -1.2317  27.128807    -1.2310  27.128556     7.4661     7.6160    20.3385    75.3379 1.0000e-12  -74.17536 -113.34424  27.270191      99.74 7.4041e+01     83.497       2005  1027.3647  1027.3638    33.8020    33.8009    8.34516         43 0.0000e+00
     37.000     36.614    -1.2503  27.114398    -1.2489  27.114306     7.4147     7.5615    18.7061    75.6663 1.0000e-12  -74.17536 -113.34424  27.270211      99.54 7.4041e+01     85.263       2047  1027.3709  1027.3694    33.8026    33.8009    8.34929         40 0.0000e+00
     38.000     37.603    -1.2588  27.108093    -1.2582  27.107682     7.3533     7.4981    15.6251    75.9249 1.0000e-12  -74.17536 -113.34424  27.270232      99.43 7.4041e+01     87.020       2089  1027.3762  1027.3752    33.8029    33.8017    8.35116         42 0.0000e+00
     39.000     38.593    -1.2730  27.097188    -1.2725  27.096680     7.2245     7.3513    16.6539    75.7621 1.0000e-12  -74.17536 -113.34424  27.270252      99.62 7.4041e+01     88.800       2132  1027.3819  1027.3809    33.8035    33.8022    8.35432         41 0.0000e+00
     40.000     39.582    -1.2932  27.081230    -1.3013  27.075889     6.9392     7.1033    17.3595    76.4526 1.0000e-12  -74.17536 -113.34424  27.270273      99.47 7.4041e+01     90.601       2175  1027.3879  1027.3899    33.8038    33.8055    8.35883         43 0.0000e+00
     41.000     40.572    -1.3643  27.025889    -1.3658  27.024000     6.8224     6.9989    13.3140    76.7450 1.0000e-12  -74.17536 -113.34424  27.270293      99.71 7.4041e+01     92.342       2217  1027.3994  1027.3988    33.8074    33.8065    8.37454         35 0.0000e+00
     42.000     41.561    -1.3723  27.019793    -1.3692  27.021323     6.7998     6.9554    10.9985    77.8498 1.0000e-12  -74.17536 -113.34424  27.270314      99.38 7.4041e+01     94.097       2259  1027.4041  1027.4028    33.8075    33.8061    8.37634         40 0.0000e+00
     43.000     42.550    -1.3800  27.014272    -1.3786  27.014416     6.8107     6.9505    12.6394    78.2221 1.0000e-12  -74.17536 -113.34424  27.270334      99.40 7.4041e+01     95.884       2302  1027.4092  1027.4080    33.8080    33.8066    8.37805         39 0.0000e+00
     44.000     43.541    -1.3803  27.014796    -1.3785  27.015156     6.8432     6.9630    13.0766    79.4384 1.0000e-12  -74.17536 -113.34424  27.270355      99.39 7.4041e+01     97.642       2344  1027.4139  1027.4125    33.8084    33.8069    8.37808         40 0.0000e+00
     45.000     44.530    -1.3795  27.016085    -1.3786  27.015670     6.9289     7.0086    18.2080    80.5006 1.0000e-12  -74.17536 -113.34424  27.270375      96.69 7.4041e+01     99.391       2386  1027.4185  1027.4171    33.8087    33.8070    8.37790         40 0.0000e+00
     46.000     45.518    -1.3542  27.036702    -1.3605  27.030279     6.9594     7.0138    13.1001    81.4954 1.0000e-12  -74.17536 -113.34424  27.270395      99.35 7.4041e+01    101.167       2429  1027.4207  1027.4198    33.8077    33.8061    8.37225         43 0.0000e+00
     47.000     46.509    -1.3618  27.030741    -1.3684  27.024809     6.9612     7.0063    13.4146    81.8260 1.0000e-12  -74.17536 -113.34424  27.270416      99.37 7.4041e+01    102.933       2471  1027.4258  1027.4255    33.8076    33.8068    8.37399         40 0.0000e+00
     48.000     47.498    -1.3526  27.039196    -1.3667  27.026774     6.8805     6.9718    10.1011    81.2743 1.0000e-12  -74.17536 -113.34424  27.270436      99.36 7.4041e+01    104.703       2514  1027.4304  1027.4303    33.8081    33.8069    8.37188         41 0.0000e+00
     49.000     48.487    -1.3793  27.018425    -1.3766  27.019073     6.8766     6.9914    11.9459    81.3379 1.0000e-12  -74.17536 -113.34424  27.270457      99.44 7.4041e+01    106.504       2557  1027.4376  1027.4355    33.8091    33.8070    8.37782         43 0.0000e+00
     50.000     49.477    -1.3700  27.025870    -1.3679  27.026245     6.8882     7.0013     9.6301    81.4591 1.0000e-12  -74.17536 -113.34424  27.270478      99.42 7.4041e+01    108.284       2600  1027.4410  1027.4392    33.8083    33.8064    8.37579         40 0.0000e+00
     51.000     50.466    -1.3717  27.025053    -1.3692  27.025771     6.8939     6.9910     9.4309    82.3214 1.0000e-12  -74.17536 -113.34424  27.270498      99.46 7.4041e+01    110.017       2641  1027.4459  1027.4442    33.8084    33.8066    8.37615         34 0.0000e+00
     52.000     51.455    -1.3710  27.026043    -1.3712  27.024725     6.8908     6.9997    10.0999    81.8712 1.0000e-12  -74.17536 -113.34424  27.270518      99.34 7.4041e+01    111.778       2684  1027.4505  1027.4492    33.8083    33.8067    8.37599         39 0.0000e+00
     53.000     52.444    -1.3719  27.025822    -1.3688  27.026948     6.8930     7.0081    11.9279    82.2073 1.0000e-12  -74.17536 -113.34424  27.270539      99.45 7.4041e+01    113.555       2726  1027.4555  1027.4536    33.8085    33.8064    8.37620         36 0.0000e+00
     54.000     53.435    -1.3694  27.028145    -1.3671  27.028850     6.8854     7.0043    10.0486    82.6810 1.0000e-12  -74.17536 -113.34424  27.270559      99.42 7.4041e+01    115.318       2769  1027.4598  1027.4584    33.8082    33.8065    8.37565         37 0.0000e+00
     55.000     54.424    -1.3717  27.027008    -1.3702  27.026985     6.8817     6.9977     9.4689    82.0024 1.0000e-12  -74.17536 -113.34424  27.270580      99.38 7.4041e+01    117.088       2811  1027.4651  1027.4636    33.8086    33.8068    8.37614         39 0.0000e+00
     56.000     55.412    -1.3708  27.028162    -1.3689  27.028275     6.8647     6.9855     8.5877    83.0086 1.0000e-12  -74.17536 -113.34424  27.270600      99.42 7.4041e+01    118.869       2854  1027.4698  1027.4681    33.8085    33.8066    8.37594         42 0.0000e+00
     57.000     56.401    -1.3742  27.025796    -1.3716  27.026849     6.8394     6.9611     8.7455    83.4269 1.0000e-12  -74.17536 -113.34424  27.270621      99.47 7.4041e+01    120.638       2896  1027.4748  1027.4734    33.8085    33.8070    8.37671         39 0.0000e+00
     58.000     57.392    -1.3785  27.023043    -1.3771  27.022889     6.8422     6.9536     8.2403    82.3782 1.0000e-12  -74.17536 -113.34424  27.270641      99.43 7.4041e+01    122.402       2939  1027.4801  1027.4786    33.8089    33.8071    8.37764         37 0.0000e+00
     59.000     58.381    -1.3769  27.024919    -1.3752  27.024945     6.8360     6.9475    10.1373    81.6328 1.0000e-12  -74.17536 -113.34424  27.270662      99.41 7.4041e+01    124.168       2981  1027.4849  1027.4833    33.8091    33.8072    8.37728         39 0.0000e+00
     60.000     59.370    -1.3796  27.023345    -1.3786  27.023044     6.8310     6.9445     9.3690    82.9322 1.0000e-12  -74.17536 -113.34424  27.270682      95.21 7.4041e+01    125.934       3023  1027.4900  1027.4887    33.8093    33.8077    8.37787         41 0.0000e+00
     61.000     60.360    -1.3804  27.023183    -1.3791  27.022978     6.8365     6.9447     8.7901    83.0170 1.0000e-12  -74.17536 -113.34424  27.270703      99.43 7.4041e+01    127.709       3066  1027.4950  1027.4934    33.8095    33.8076    8.37806         43 0.0000e+00
     62.000     61.348    -1.3798  27.024248    -1.3785  27.024037     6.8408     6.9408     8.6471    83.4956 1.0000e-12  -74.17536 -113.34424  27.270723      99.41 7.4041e+01    129.483       3109  1027.4998  1027.4983    33.8096    33.8078    8.37791         36 0.0000e+00
     63.000     62.338    -1.3806  27.024084    -1.3781  27.024811     6.8187     6.9323     9.3861    84.3927 1.0000e-12  -74.17536 -113.34424  27.270743      99.45 7.4041e+01    131.225       3150  1027.5047  1027.5030    33.8096    33.8077    8.37808         42 0.0000e+00
     64.000     63.327    -1.3837  27.022212    -1.3826  27.021827     6.8031     6.9214    10.5191    83.4884 1.0000e-12  -74.17536 -113.34424  27.270764      99.45 7.4041e+01    132.979       3192  1027.5099  1027.5084    33.8099    33.8081    8.37876         39 0.0000e+00
     65.000     64.316    -1.3865  27.020424    -1.3849  27.020532     6.7964     6.9081     9.3548    84.8695 1.0000e-12  -74.17536 -113.34424  27.270784      99.48 7.3688e+01    134.763       3235  1027.5149  1027.5135    33.8100    33.8083    8.37938         40 0.0000e+00
     66.000     65.307    -1.3883  27.019472    -1.3866  27.019694     6.7800     6.8950     8.4073    83.5382 1.0000e-12  -74.17536 -113.34424  27.270805      99.42 7.3402e+01    136.550       3278  1027.5199  1027.5184    33.8102    33.8084    8.37979         39 0.0000e+00
