ocean_section_plots/required_files/ctd/dnbp2202_ctd010.cnv
* Sea-Bird SBE 9 Data File:
* FileName = D:\Data\raw\NBP2202_CTD010.hex
* Software Version Seasave V 7.26.7.121
* Temperature SN = 1649
* Conductivity SN = 2513
* Number of Bytes Per Scan = 40
* Number of Voltage Words = 5
* Number of Scans Averaged by the Deck Unit = 1
* NMEA Latitude = 73 08.18 S
* NMEA Longitude = 113 57.23 W
* NMEA UTC (Time) = Jan 16 2022  22:51:40
* NMEA baud rate = 9600
** Ship: RVIB N.B. Palmer
** Cruise: NBP2202 Thwaites
** Station: #5
** Operator: A. Robinson
# nquan = 25
# nvalues = 563                         
# units = specified
# name 0 = prDM: Pressure, Digiquartz [db]
# name 1 = depSM: Depth [salt water, m]
# name 2 = t090C: Temperature [ITS-90, deg C]
# name 3 = c0mS/cm: Conductivity [mS/cm]
# name 4 = t190C: Temperature, 2 [ITS-90, deg C]
# name 5 = c1mS/cm: Conductivity, 2 [mS/cm]
# name 6 = sbeox0ML/L: Oxygen, SBE 43 [ml/l]
# name 7 = sbeox1ML/L: Oxygen, SBE 43, 2 [ml/l]
# name 8 = flECO-AFL: Fluorescence, WET Labs ECO-AFL/FL [mg/m^3]
# name 9 = CStarTr0: Beam Transmission, WET Labs C-Star [%]
# name 10 = par: PAR/Irradiance, Biospherical/Licor
# name 11 = latitude: Latitude [deg]
# name 12 = longitude: Longitude [deg]
# name 13 = timeJ: Julian Days
# name 14 = altM: Altimeter [m]
# name 15 = spar: SPAR, Biospherical/Licor
# name 16 = timeS: Time, Elapsed [seconds]
# name 17 = scan: Scan Count
# name 18 = density00: Density [density, kg/m^3]
# name 19 = density11: Density, 2 [density, kg/m^3]
# name 20 = sal00: Salinity, Practical [PSU]
# name 21 = sal11: Salinity, Practical, 2 [PSU]
# name 22 = oxsolML/L: Oxygen Saturation, Garcia & Gordon [ml/l]
# name 23 = nbin: number of scans per bin
# name 24 = flag: flag
# span 0 =      4.000,    566.000       
# span 1 =      3.959,    559.408       
# span 2 =    -1.8101,     0.5899       
# span 3 =  27.012671,  29.484756       
# span 4 =    -1.8094,     0.5925       
# span 5 =  27.012057,  29.484523       
# span 6 =     4.5513,     8.6884       
# span 7 =     4.7900,     9.2032       
# span 8 =    -0.0178,    24.6786       
# span 9 =    71.7481,    99.1098       
# span 10 = 1.0000e-12, 5.2518e+02      
# span 11 =  -73.13644,  -73.13642      
# span 12 = -113.95390, -113.95384      
# span 13 =  16.955467,  16.964970      
# span 14 =       6.47,     100.21      
# span 15 = 1.0272e+03, 2.4709e+03      
# span 16 =    252.350,   1073.413      
# span 17 =       6057,      25763      
# span 18 =  1027.2409,  1030.4096      
# span 19 =  1027.2411,  1030.4069      
# span 20 =    33.8817,    34.5847      
# span 21 =    33.8818,    34.5815      
# span 22 =    7.91143,    8.45510      
# span 23 =         18,         48      
# span 24 = 0.0000e+00, 0.0000e+00      
# interval = decibars: 1                
# start_time = Jan 16 2022 22:51:40 [NMEA time, header]
# bad_flag = -9.990e-29
*END*
[from data line 232]
    236.000    233.436    -1.6674  27.068943    -1.6672  27.068157     6.6123     6.9842     0.0583    98.5428 1.0000e-12  -73.13642 -113.95388  16.959645      84.87 1.4355e+03    613.342      14721  1028.5751  1028.5740    34.0898    34.0885    8.42617         26 0.0000e+00
    237.000    234.424    -1.6587  27.077817    -1.6577  27.077432     6.5499     6.9199     0.0789    98.6252 1.0000e-12  -73.13642 -113.95388  16.959657      92.71 1.5740e+03    614.332      14745  1028.5804  1028.5790    34.0915    34.0898    8.42409         23 0.0000e+00
    238.000    235.414    -1.5972  27.133590    -1.5949  27.133496     6.5060     6.8728     0.0743    98.6438 1.0000e-12  -73.13642 -113.95388  16.959667      99.68 1.7796e+03    615.266      14767  1028.5860  1028.5837    34.0977    34.0950    8.40976         23 0.0000e+00
    239.000    236.402    -1.5798  27.148905    -1.5777  27.148958     6.4878     6.8543     0.0567    98.5743 1.0000e-12  -73.13642 -113.95388  16.959680      99.87 1.9401e+03    616.378      14794  1028.5903  1028.5882    34.0984    34.0961    8.40579         31 0.0000e+00
    240.000    237.391    -1.5656  27.162612    -1.5647  27.162123     6.4883     6.8560     0.0837    98.5982 1.0000e-12  -73.13642 -113.95388  16.959698      99.87 1.8075e+03    617.889      14830  1028.5960  1028.5945    34.1005    34.0988    8.40245         37 0.0000e+00
    241.000    238.379    -1.5698  27.159958    -1.5693  27.159421     6.4906     6.8540     0.0438    98.5241 1.0000e-12  -73.13642 -113.95388  16.959715      99.87 1.6754e+03    619.350      14865  1028.6016  1028.6005    34.1011    34.0997    8.40338         29 0.0000e+00
    242.000    239.367    -1.5685  27.162093    -1.5680  27.161567     6.4936     6.8587     0.0317    98.6328 1.0000e-12  -73.13642 -113.95388  16.959727      99.87 1.6460e+03    620.416      14891  1028.6070  1028.6060    34.1018    34.1006    8.40302         24 0.0000e+00
    243.000    240.357    -1.5681  27.163026    -1.5677  27.162446     6.5122     6.8744     0.0425    98.6220 1.0000e-12  -73.13642 -113.95388  16.959738      99.87 1.4423e+03    621.364      14914  1028.6120  1028.6109    34.1021    34.1008    8.40292         23 0.0000e+00
    244.000    241.344    -1.5756  27.157451    -1.5747  27.157665     6.5302     6.8875     0.0559    98.6432 1.0000e-12  -73.13642 -113.95388  16.959750      99.87 1.3243e+03    622.373      14938  1028.6176  1028.6169    34.1024    34.1016    8.40461         26 0.0000e+00
    245.000    242.334    -1.5895  27.146961    -1.5890  27.146606     6.5327     6.8970     0.0584    98.5615 1.0000e-12  -73.13642 -113.95388  16.959764      99.87 1.3114e+03    623.629      14968  1028.6238  1028.6230    34.1030    34.1020    8.40770         34 0.0000e+00
    246.000    243.321    -1.5985  27.140289    -1.5983  27.139775     6.5375     6.9025     0.1437    98.6399 1.0000e-12  -73.13642 -113.95388  16.959781      99.87 1.1947e+03    625.077      15003  1028.6295  1028.6287    34.1035    34.1025    8.40972         34 0.0000e+00
    247.000    244.310    -1.6023  27.138051    -1.6016  27.137588     6.5422     6.9082     0.0581    98.6654 1.0000e-12  -73.13642 -113.95388  16.959796      88.61 1.1063e+03    626.347      15033  1028.6349  1028.6338    34.1041    34.1027    8.41054         27 0.0000e+00
    248.000    245.299    -1.6034  27.137783    -1.6028  27.137328     6.5434     6.9066     0.0674    98.6834 1.0000e-12  -73.13642 -113.95388  16.959808      96.91 1.0796e+03    627.398      15059  1028.6400  1028.6388    34.1044    34.1030    8.41078         24 0.0000e+00
    249.000    246.289    -1.6046  27.137470    -1.6041  27.136986     6.5445     6.9107     0.0449    98.6537 1.0000e-12  -73.13642 -113.95386  16.959820      99.84 1.0458e+03    628.407      15083  1028.6450  1028.6440    34.1047    34.1034    8.41103         25 0.0000e+00
    250.000    247.276    -1.6044  27.138666    -1.6035  27.138213     6.5296     6.8989     0.0305    98.6644 1.0000e-12  -73.13642 -113.95387  16.959833      99.86 1.0277e+03    629.583      15111  1028.6504  1028.6490    34.1055    34.1039    8.41094         32 0.0000e+00
    251.000    248.264    -1.5981  27.145194    -1.5966  27.144787     6.5008     6.8642     0.0467    98.7173 1.0000e-12  -73.13642 -113.95386  16.959849      99.87 1.0272e+03    630.975      15144  1028.6556  1028.6537    34.1066    34.1044    8.40943         33 0.0000e+00
    252.000    249.254    -1.5784  27.163224    -1.5774  27.162611     6.4732     6.8408     0.0303    98.6993 1.0000e-12  -73.13642 -113.95386  16.959864      99.86 1.0355e+03    632.224      15174  1028.6606  1028.6590    34.1085    34.1066    8.40487         27 0.0000e+00
    253.000    250.242    -1.5688  27.172436    -1.5676  27.172065     6.4602     6.8233     0.0350    98.7285 1.0000e-12  -73.13642 -113.95386  16.959876      99.87 1.0587e+03    633.271      15200  1028.6658  1028.6642    34.1097    34.1078    8.40263         24 0.0000e+00
    254.000    251.229    -1.5616  27.179430    -1.5608  27.178896     6.4477     6.8142     0.0304    98.6346 1.0000e-12  -73.13642 -113.95386  16.959888      99.87 1.0921e+03    634.284      15224  1028.6709  1028.6695    34.1105    34.1088    8.40096         25 0.0000e+00
    255.000    252.218    -1.5543  27.186899    -1.5536  27.186170     6.4464     6.8048     0.0447    98.6845 1.0000e-12  -73.13642 -113.95386  16.959901      99.87 1.1013e+03    635.405      15251  1028.6765  1028.6749    34.1119    34.1100    8.39923         29 0.0000e+00
    256.000    253.207    -1.5518  27.189631    -1.5510  27.189064     6.4403     6.8017     0.0453    97.9131 1.0000e-12  -73.13642 -113.95386  16.959916      99.87 1.1231e+03    636.730      15283  1028.6814  1028.6800    34.1121    34.1104    8.39864         34 0.0000e+00
    257.000    254.195    -1.5552  27.187442    -1.5546  27.187015     6.4492     6.8049     0.0360    98.6552 1.0000e-12  -73.13642 -113.95386  16.959932      99.82 1.1371e+03    638.095      15315  1028.6867  1028.6857    34.1123    34.1110    8.39939         30 0.0000e+00
    258.000    255.185    -1.5596  27.185052    -1.5590  27.184577     6.4477     6.8063     0.0461    98.7279 1.0000e-12  -73.13642 -113.95386  16.959946      74.42 1.2117e+03    639.291      15344  1028.6928  1028.6917    34.1135    34.1121    8.40033         28 0.0000e+00
    259.000    256.171    -1.5599  27.185805    -1.5592  27.185248     6.4451     6.8037     0.0408    98.7122 1.0000e-12  -73.13642 -113.95386  16.959958      94.43 1.2156e+03    640.381      15370  1028.6983  1028.6970    34.1142    34.1126    8.40035         26 0.0000e+00
    260.000    257.161    -1.5599  27.186446    -1.5591  27.186037     6.4533     6.8033     0.0363    98.7597 1.0000e-12  -73.13642 -113.95386  16.959971      99.77 1.2220e+03    641.460      15396  1028.7033  1028.7021    34.1144    34.1130    8.40032         26 0.0000e+00
    261.000    258.149    -1.5601  27.186883    -1.5592  27.186436     6.4524     6.8045     0.1184    98.7254 1.0000e-12  -73.13642 -113.95386  16.959984      99.86 1.2460e+03    642.609      15424  1028.7083  1028.7070    34.1146    34.1130    8.40036         29 0.0000e+00
    262.000    259.138    -1.5626  27.185544    -1.5619  27.184984     6.4587     6.8099     0.0705    98.7133 1.0000e-12  -73.13642 -113.95386  16.959998      99.87 1.2642e+03    643.843      15453  1028.7136  1028.7123    34.1150    34.1135    8.40090         29 0.0000e+00
    263.000    260.126    -1.5639  27.184969    -1.5631  27.184535     6.4582     6.8045     0.0827    98.6829 1.0000e-12  -73.13642 -113.95386  16.960012      99.86 1.1840e+03    645.075      15483  1028.7186  1028.7173    34.1151    34.1136    8.40120         30 0.0000e+00
    264.000    261.113    -1.5656  27.184322    -1.5645  27.184065     6.4556     6.8043     0.0451    98.7310 1.0000e-12  -73.13642 -113.95386  16.960027      99.87 1.1697e+03    646.303      15512  1028.7238  1028.7225    34.1155    34.1139    8.40154         28 0.0000e+00
    265.000    262.102    -1.5644  27.186076    -1.5636  27.185567     6.4647     6.8166     0.0436    98.7561 1.0000e-12  -73.13642 -113.95386  16.960041      99.86 1.1651e+03    647.559      15542  1028.7289  1028.7275    34.1159    34.1143    8.40125         30 0.0000e+00
    266.000    263.092    -1.5738  27.178719    -1.5734  27.178260     6.4696     6.8229     0.0629    98.7443 1.0000e-12  -73.13642 -113.95386  16.960056      99.87 1.1806e+03    648.815      15573  1028.7342  1028.7334    34.1159    34.1148    8.40338         29 0.0000e+00
    267.000    264.080    -1.5778  27.176335    -1.5772  27.175736     6.4714     6.8301     0.0695    98.7414 1.0000e-12  -73.13642 -113.95386  16.960069      99.86 1.2236e+03    649.985      15601  1028.7397  1028.7385    34.1165    34.1150    8.40424         27 0.0000e+00
    268.000    265.069    -1.5792  27.175776    -1.5785  27.175298     6.4816     6.8399     0.0331    98.7370 1.0000e-12  -73.13642 -113.95386  16.960081      99.87 1.3449e+03    651.023      15626  1028.7448  1028.7435    34.1168    34.1153    8.40456         24 0.0000e+00
    269.000    266.055    -1.5833  27.172739    -1.5833  27.171755     6.4733     6.8375     0.0333    98.7390 1.0000e-12  -73.13642 -113.95386  16.960093      86.95 1.4044e+03    652.038      15650  1028.7496  1028.7486    34.1166    34.1153    8.40549         25 0.0000e+00
    270.000    267.046    -1.5947  27.163933    -1.5939  27.163640     6.4663     6.8199     0.0407    98.7564 1.0000e-12  -73.13642 -113.95386  16.960107      92.38 1.4031e+03    653.215      15678  1028.7554  1028.7542    34.1169    34.1155    8.40806         30 0.0000e+00
    271.000    268.034    -1.5773  27.180845    -1.5766  27.179941     6.4417     6.8053     0.0410    98.7779 1.0000e-12  -73.13642 -113.95386  16.960124      99.93 1.4381e+03    654.680      15713  1028.7612  1028.7595    34.1198    34.1176    8.40395         37 0.0000e+00
    272.000    269.022    -1.5699  27.188226    -1.5690  27.187744     6.4346     6.7951     0.0361    98.7986 1.0000e-12  -73.13642 -113.95386  16.960140      99.86 1.4544e+03    656.088      15747  1028.7665  1028.7650    34.1209    34.1191    8.40221         30 0.0000e+00
    273.000    270.010    -1.5620  27.196419    -1.5611  27.195830     6.4274     6.7899     0.0288    98.7960 1.0000e-12  -73.13642 -113.95386  16.960153      99.87 1.6049e+03    657.195      15774  1028.7721  1028.7706    34.1225    34.1207    8.40032         24 0.0000e+00
    274.000    270.998    -1.5582  27.200589    -1.5574  27.199997     6.4218     6.7842     0.0358    98.7633 1.0000e-12  -73.13642 -113.95386  16.960164      99.87 1.8782e+03    658.156      15797  1028.7773  1028.7759    34.1233    34.1216    8.39941         23 0.0000e+00
    275.000    271.986    -1.5553  27.203551    -1.5547  27.203071     6.4200     6.7803     0.0362    98.7498 1.0000e-12  -73.13642 -113.95386  16.960175      99.87 1.9248e+03    659.100      15819  1028.7821  1028.7810    34.1235    34.1221    8.39875         23 0.0000e+00
    276.000    272.976    -1.5534  27.205889    -1.5525  27.205399     6.4226     6.7791     0.0254    98.7394 1.0000e-12  -73.13642 -113.95386  16.960187      99.87 2.0287e+03    660.184      15845  1028.7872  1028.7858    34.1239    34.1222    8.39830         29 0.0000e+00
    277.000    273.965    -1.5502  27.209528    -1.5493  27.208969     6.4071     6.7617     0.0276    98.7492 1.0000e-12  -73.13642 -113.95386  16.960205      99.87 2.0269e+03    661.690      15882  1028.7924  1028.7909    34.1246    34.1228    8.39752         36 0.0000e+00
    278.000    274.951    -1.5393  27.220715    -1.5381  27.220067     6.3896     6.7454     0.0328    98.7699 1.0000e-12  -73.13642 -113.95386  16.960223      99.87 2.1264e+03    663.277      15920  1028.7985  1028.7966    34.1270    34.1247    8.39492         30 0.0000e+00
    279.000    275.942    -1.5302  27.229860    -1.5294  27.229304     6.3815     6.7336     0.0362    98.7660 1.0000e-12  -73.13642 -113.95386  16.960236      99.87 2.2289e+03    664.403      15947  1028.8041  1028.8028    34.1286    34.1270    8.39277         24 0.0000e+00
    280.000    276.928    -1.5303  27.230358    -1.5295  27.229884     6.3689     6.7186     0.0362    98.7645 1.0000e-12  -73.13642 -113.95386  16.960247      99.31 2.1255e+03    665.323      15969  1028.8091  1028.8079    34.1288    34.1273    8.39278         21 0.0000e+00
    281.000    277.918    -1.5220  27.239318    -1.5202  27.239110     6.3569     6.7083     0.0437    98.7011 1.0000e-12  -73.13642 -113.95386  16.960258      98.64 1.9309e+03    666.272      15992  1028.8153  1028.8133    34.1311    34.1287    8.39078         25 0.0000e+00
    282.000    278.906    -1.5048  27.255200    -1.5038  27.254481     6.3512     6.7064     0.0478    98.7165 1.0000e-12  -73.13642 -113.95387  16.960272      97.81 1.8176e+03    667.511      16021  1028.8204  1028.8186    34.1327    34.1305    8.38679         35 0.0000e+00
    283.000    279.894    -1.5112  27.250246    -1.5106  27.249772     6.3523     6.7051     0.0364    98.6581 1.0000e-12  -73.13642 -113.95388  16.960289      99.87 1.7484e+03    668.993      16057  1028.8258  1028.8247    34.1326    34.1312    8.38826         32 0.0000e+00
    284.000    280.882    -1.5122  27.250394    -1.5112  27.249870     6.3474     6.6997     0.1118    98.7593 1.0000e-12  -73.13642 -113.95388  16.960304      99.87 1.8719e+03    670.279      16088  1028.8313  1028.8298    34.1333    34.1315    8.38843         28 0.0000e+00
    285.000    281.870    -1.5080  27.254848    -1.5071  27.254378     6.3500     6.6898     0.0140    98.7596 1.0000e-12  -73.13642 -113.95388  16.960316      99.87 1.6604e+03    671.319      16113  1028.8365  1028.8350    34.1340    34.1323    8.38744         22 0.0000e+00
    286.000    282.861    -1.5056  27.257795    -1.5048  27.257309     6.3582     6.7079     0.0143    98.6633 1.0000e-12  -73.13642 -113.95388  16.960327      99.86 1.8262e+03    672.268      16135  1028.8418  1028.8405    34.1347    34.1331    8.38686         24 0.0000e+00
    287.000    283.848    -1.5191  27.247446    -1.5188  27.246990     6.3656     6.7111     0.1033    98.7532 1.0000e-12  -73.13642 -113.95388  16.960340      99.87 2.1046e+03    673.351      16161  1028.8480  1028.8472    34.1352    34.1343    8.38988         28 0.0000e+00
    288.000    284.835    -1.5390  27.231371    -1.5388  27.230769     6.3712     6.7173     0.0413    98.7741 1.0000e-12  -73.13642 -113.95388  16.960357      99.87 2.2719e+03    674.838      16197  1028.8540  1028.8531    34.1352    34.1341    8.39437         37 0.0000e+00
    289.000    285.823    -1.5406  27.230946    -1.5397  27.230558     6.3878     6.7290     0.0253    98.7611 1.0000e-12  -73.13642 -113.95388  16.960374      99.86 2.3281e+03    676.279      16232  1028.8593  1028.8580    34.1357    34.1342    8.39469         29 0.0000e+00
    290.000    286.813    -1.5661  27.209336    -1.5648  27.210003     6.4021     6.7432     0.1748    98.7528 1.0000e-12  -73.13642 -113.95388  16.960386      99.86 2.3100e+03    677.343      16257  1028.8646  1028.8641    34.1344    34.1338    8.40053         23 0.0000e+00
    291.000    287.800    -1.5723  27.205967    -1.5713  27.205609     6.4180     6.7603     0.3100    98.8223 1.0000e-12  -73.13642 -113.95388  16.960397      72.76 2.3070e+03    678.264      16279  1028.8711  1028.8699    34.1362    34.1347    8.40182         22 0.0000e+00
    292.000    288.790    -1.5820  27.197663    -1.5829  27.196253     6.4286     6.7649     0.0535    98.7933 1.0000e-12  -73.13642 -113.95388  16.960408      94.08 2.3319e+03    679.225      16302  1028.8756  1028.8750    34.1352    34.1343    8.40408         25 0.0000e+00
