ocean_section_plots/required_files/ctd/dnbp2202_ctd146.cnv
* Sea-Bird SBE 9 Data File:
* FileName = D:\Data\raw\NBP2202_CTD146.hex
* Software Version Seasave V 7.26.7.121
* Temperature SN = 1649
* Conductivity SN = 2513
* Number of Bytes Per Scan = 40
* Number of Voltage Words = 5
* Number of Scans Averaged by the Deck Unit = 1
* NMEA Latitude = 74 07.00 S
* NMEA Longitude = 113 15.87 W
* NMEA UTC (Time) = Jan 30 2022  10:00:10
* NMEA baud rate = 9600
** Ship: RVIB N.B. Palmer
** Cruise: NBP2202 Thwaites
** Station: 74
** Operator: B.Bjork
# nquan = 28
# nvalues = 515                         
# units = specified
# name 0 = prDM: Pressure, Digiquartz [db]
# name 1 = depSM: Depth [salt water, m]
# name 2 = t090C: Temperature [ITS-90, deg C]
# name 3 = c0mS/cm: Conductivity [mS/cm]
# name 4 = t190C: Temperature, 2 [ITS-90, deg C]
# name 5 = c1mS/cm: Conductivity, 2 [mS/cm]
# name 6 = sbeox0ML/L: Oxygen, SBE 43 [ml/l]
# name 7 = sbeox1ML/L: Oxygen, SBE 43, 2 [ml/l]
# name 8 = flECO-AFL: Fluorescence, WET Labs ECO-AFL/FL [mg/m^3]
# name 9 = CStarTr0: Beam Transmission, WET Labs C-Star [%]
# name 10 = par: PAR/Irradiance, Biospherical/Licor
# name 11 = latitude: Latitude [deg]
# name 12 = longitude: Longitude [deg]
# name 13 = timeJ: Julian Days
# name 14 = altM: Altimeter [m]
# name 15 = spar: SPAR, Biospherical/Licor
# name 16 = timeS: Time, Elapsed [seconds]
# name 17 = scan: Scan Count
# name 18 = density00: Density [density, kg/m^3]
# name 19 = density11: Density, 2 [density, kg/m^3]
# name 20 = v3: Voltage 3
# name 21 = v4: Voltage 4
# name 22 = v5: Voltage 5
# name 23 = sal00: Salinity, Practical [PSU]
# name 24 = sal11: Salinity, Practical, 2 [PSU]
# name 25 = oxsolML/L: Oxygen Saturation, Garcia & Gordon [ml/l]
# name 26 = nbin: number of scans per bin
# name 27 = flag: flag
# span 0 =      2.000,    516.000       
# span 1 =      1.985,    510.024       
# span 2 =    -1.4938,    -0.1005       
# span 3 =  26.964007,  28.669191       
# span 4 =    -1.4929,    -0.0999       
# span 5 =  26.964022,  28.666969       
# span 6 =     4.7399,     8.5957       
# span 7 =     4.8252,     8.2635       
# span 8 =    -0.0223,    19.4082       
# span 9 =    71.8658,    93.5677       
# span 10 = -2.552e-05, 1.5390e+01      
# span 11 =  -74.11670,  -74.11670      
# span 12 = -113.26465, -113.26460      
# span 13 =  30.419223,  30.426421      
# span 14 =       4.47,     100.85      
# span 15 = 5.0449e+01, 6.5853e+01      
# span 16 =    210.906,    832.780      
# span 17 =       5063,      19988      
# span 18 =  1027.1703,  1030.0051      
# span 19 =  1027.1693,  1030.0027      
# span 20 =     3.4098,     4.4388      
# span 21 =     0.0631,     3.3449      
# span 22 =     0.1160,     0.2276      
# span 23 =    33.7719,    34.3151      
# span 24 =    33.7706,    34.3114      
# span 25 =    8.06984,    8.40010      
# span 26 =         15,         47      
# span 27 = 0.0000e+00, 0.0000e+00      
# interval = decibars: 1                
# start_time = Jan 30 2022 10:00:10 [NMEA time, header]
# bad_flag = -9.990e-29
*END*
[from data line 259]
    261.000    258.135    -0.4637  28.147195    -0.4616  28.146765     4.8738     4.9723    -0.0100    93.0241 1.0000e-12  -74.11670 -113.26462  30.422719      99.76 6.5161e+01    512.966      12312  1028.7098  1028.7074     4.4130     0.0704     0.1353    34.1788    34.1759    8.15496         23 0.0000e+00
    262.000    259.126    -0.4625  28.148805    -0.4607  28.148206     4.8735     4.9702    -0.0117    93.0163 1.0000e-12  -74.11670 -113.26462  30.422731      99.95 6.4932e+01    513.944      12336  1028.7148  1028.7124     4.4126     0.0694     0.1342    34.1790    34.1761    8.15470         24 0.0000e+00
    263.000    260.113    -0.4536  28.159066    -0.4516  28.158252     4.8744     4.9753    -0.0074    92.9819 1.0000e-12  -74.11670 -113.26462  30.422742      99.94 6.4390e+01    514.907      12359  1028.7215  1028.7187     4.4110     0.0704     0.1338    34.1821    34.1788    8.15260         23 0.0000e+00
    264.000    261.102    -0.4495  28.163707    -0.4474  28.163330     4.8748     4.9672    -0.0055    92.9737 1.0000e-12  -74.11670 -113.26462  30.422753      99.95 6.5071e+01    515.871      12382  1028.7268  1028.7244     4.4106     0.0692     0.1345    34.1831    34.1803    8.15166         23 0.0000e+00
    265.000    262.089    -0.4481  28.165788    -0.4459  28.165452     4.8739     4.9674    -0.0129    93.0111 1.0000e-12  -74.11670 -113.26462  30.422764      99.94 6.3287e+01    516.846      12405  1028.7321  1028.7297     4.4124     0.0688     0.1342    34.1838    34.1809    8.15133         23 0.0000e+00
    266.000    263.079    -0.4464  28.168235    -0.4443  28.167840     4.8712     4.9715    -0.0191    93.0088 1.0000e-12  -74.11670 -113.26462  30.422776      99.95 6.2572e+01    517.826      12429  1028.7374  1028.7350     4.4123     0.0705     0.1374    34.1845    34.1816    8.15091         24 0.0000e+00
    267.000    264.067    -0.4454  28.169807    -0.4422  28.170577     4.8731     4.9590    -0.0119    92.9995 1.0000e-12  -74.11670 -113.26462  30.422787      99.95 6.4603e+01    518.786      12452  1028.7425  1028.7403     4.4119     0.0693     0.1353    34.1849    34.1824    8.15068         23 0.0000e+00
    268.000    265.055    -0.4437  28.172016    -0.4413  28.171986     4.8731     4.9635    -0.0118    92.9860 1.0000e-12  -74.11670 -113.26462  30.422798      99.95 6.4999e+01    519.754      12475  1028.7476  1028.7453     4.4113     0.0707     0.1333    34.1853    34.1826    8.15028         23 0.0000e+00
    269.000    266.043    -0.4424  28.174114    -0.4404  28.173718     4.8736     4.9699    -0.0184    93.0023 1.0000e-12  -74.11670 -113.26462  30.422809      99.95 6.0906e+01    520.726      12498  1028.7529  1028.7506     4.4120     0.0697     0.1354    34.1861    34.1833    8.14997         24 0.0000e+00
    270.000    267.032    -0.4423  28.174525    -0.4403  28.174197     4.8698     4.9656    -0.0179    92.9885 1.0000e-12  -74.11670 -113.26462  30.422821      99.95 6.3276e+01    521.694      12522  1028.7577  1028.7554     4.4114     0.0701     0.1372    34.1859    34.1832    8.14996         23 0.0000e+00
    271.000    268.020    -0.4426  28.174874    -0.4406  28.174382     4.8748     4.9629    -0.0093    93.0040 1.0000e-12  -74.11670 -113.26462  30.422832      99.94 6.5240e+01    522.673      12545  1028.7626  1028.7602     4.4121     0.0703     0.1356    34.1861    34.1832    8.15001         23 0.0000e+00
    272.000    269.009    -0.4423  28.175669    -0.4398  28.175784     4.8741     4.9662    -0.0111    93.0067 1.0000e-12  -74.11670 -113.26462  30.422843      99.95 6.3236e+01    523.650      12569  1028.7676  1028.7653     4.4122     0.0696     0.1358    34.1862    34.1836    8.14994         24 0.0000e+00
    273.000    269.997    -0.4388  28.180401    -0.4362  28.180713     4.8779     4.9691    -0.0204    93.0051 1.0000e-12  -74.11670 -113.26462  30.422854      95.69 6.2244e+01    524.618      12592  1028.7735  1028.7713     4.4121     0.0693     0.1359    34.1880    34.1855    8.14908         23 0.0000e+00
    274.000    270.986    -0.4355  28.184805    -0.4333  28.184696     4.8755     4.9642    -0.0153    92.9869 1.0000e-12  -74.11670 -113.26462  30.422866      95.04 6.5261e+01    525.594      12615  1028.7794  1028.7771     4.4113     0.0695     0.1349    34.1896    34.1870    8.14829         23 0.0000e+00
    275.000    271.973    -0.4353  28.185740    -0.4330  28.185541     4.8692     4.9623    -0.0033    92.9873 1.0000e-12  -74.11670 -113.26462  30.422877      99.99 6.4115e+01    526.572      12639  1028.7845  1028.7821     4.4113     0.0702     0.1335    34.1900    34.1872    8.14821         24 0.0000e+00
    276.000    272.962    -0.4344  28.187040    -0.4325  28.186694     4.8699     4.9632    -0.0020    92.9883 1.0000e-12  -74.11670 -113.26462  30.422888      99.95 6.2783e+01    527.535      12662  1028.7893  1028.7871     4.4113     0.0709     0.1358    34.1901    34.1875    8.14801         23 0.0000e+00
    277.000    273.950    -0.4288  28.194681    -0.4290  28.191170     4.8670     4.9620    -0.0116    92.9916 1.0000e-12  -74.11670 -113.26462  30.422899      99.94 6.5163e+01    528.505      12685  1028.7963  1028.7929     4.4115     0.0701     0.1349    34.1935    34.1890    8.14662         23 0.0000e+00
    278.000    274.939    -0.4199  28.204600    -0.4192  28.202884     4.8600     4.9550    -0.0166    92.9862 1.0000e-12  -74.11670 -113.26462  30.422911      99.95 6.4712e+01    529.481      12709  1028.8027  1028.8001     4.4113     0.0697     0.1373    34.1962    34.1930    8.14457         24 0.0000e+00
    279.000    275.927    -0.4195  28.205866    -0.4167  28.206284     4.8593     4.9523    -0.0125    92.9827 1.0000e-12  -74.11670 -113.26462  30.422922      99.94 6.3163e+01    530.455      12732  1028.8080  1028.8057     4.4111     0.0695     0.1335    34.1968    34.1942    8.14444         23 0.0000e+00
    280.000    276.915    -0.4116  28.215191    -0.4094  28.214732     4.8603     4.9570    -0.0157    92.9871 1.0000e-12  -74.11670 -113.26462  30.422933      99.94 6.5231e+01    531.419      12755  1028.8145  1028.8119     4.4113     0.0692     0.1330    34.1997    34.1967    8.14257         23 0.0000e+00
    281.000    277.903    -0.4103  28.216810    -0.4081  28.216552     4.8571     4.9585    -0.0189    92.9974 1.0000e-12  -74.11670 -113.26462  30.422944      99.94 6.5227e+01    532.394      12778  1028.8194  1028.8170     4.4118     0.0703     0.1352    34.1998    34.1971    8.14229         23 0.0000e+00
    282.000    278.892    -0.4071  28.220697    -0.4048  28.220624     4.8583     4.9499    -0.0122    92.9872 1.0000e-12  -74.11670 -113.26462  30.422956      99.94 6.2851e+01    533.365      12802  1028.8248  1028.8225     4.4113     0.0690     0.1365    34.2010    34.1982    8.14155         24 0.0000e+00
    283.000    279.879    -0.4050  28.223761    -0.4028  28.223515     4.8659     4.9482    -0.0017    92.9793 1.0000e-12  -74.11670 -113.26462  30.422967      99.94 6.5229e+01    534.334      12825  1028.8303  1028.8279     4.4110     0.0696     0.1365    34.2020    34.1992    8.14103         23 0.0000e+00
    284.000    280.870    -0.4035  28.225879    -0.4014  28.225668     4.8620     4.9546    -0.0044    92.9787 1.0000e-12  -74.11670 -113.26462  30.422978      99.95 6.5227e+01    535.316      12849  1028.8355  1028.8332     4.4109     0.0703     0.1362    34.2025    34.1999    8.14068         24 0.0000e+00
    285.000    281.857    -0.4021  28.228123    -0.3997  28.227899     4.8538     4.9545    -0.0119    92.9737 1.0000e-12  -74.11670 -113.26460  30.422990      99.95 6.3457e+01    536.296      12872  1028.8409  1028.8384     4.4107     0.0694     0.1355    34.2034    34.2004    8.14033         23 0.0000e+00
    286.000    282.846    -0.4000  28.230911    -0.3977  28.230709     4.8553     4.9454    -0.0117    92.9798 1.0000e-12  -74.11670 -113.26460  30.423001      99.95 6.4927e+01    537.267      12895  1028.8462  1028.8437     4.4109     0.0682     0.1366    34.2041    34.2013    8.13983         24 0.0000e+00
    287.000    283.832    -0.3969  28.234709    -0.3947  28.234430     4.8586     4.9393    -0.0036    92.9760 1.0000e-12  -74.11670 -113.26460  30.423012      92.37 6.5225e+01    538.243      12919  1028.8516  1028.8492     4.4108     0.0690     0.1365    34.2052    34.2023    8.13912         23 0.0000e+00
    288.000    284.822    -0.3905  28.242060    -0.3883  28.241649     4.8462     4.9392    -0.0151    92.9816 1.0000e-12  -74.11670 -113.26460  30.423023      98.80 6.3837e+01    539.216      12942  1028.8575  1028.8550     4.4110     0.0702     0.1357    34.2072    34.2042    8.13763         23 0.0000e+00
    289.000    285.809    -0.3877  28.245475    -0.3855  28.245391     4.8448     4.9327    -0.0187    92.9755 1.0000e-12  -74.11670 -113.26460  30.423035      99.96 6.4351e+01    540.199      12966  1028.8628  1028.8605     4.4108     0.0703     0.1374    34.2081    34.2054    8.13699         24 0.0000e+00
    290.000    286.799    -0.3842  28.249705    -0.3819  28.249404     4.8434     4.9339    -0.0141    92.9755 1.0000e-12  -74.11670 -113.26460  30.423046      50.43 6.5232e+01    541.193      12990  1028.8683  1028.8657     4.4107     0.0680     0.1357    34.2092    34.2062    8.13618         24 0.0000e+00
    291.000    287.786    -0.3799  28.254299    -0.3777  28.254162     4.8371     4.9277    -0.0111    92.9623 1.0000e-12  -74.11670 -113.26460  30.423058     100.85 6.4602e+01    542.185      13013  1028.8733  1028.8710     4.4101     0.0700     0.1369    34.2099    34.2071    8.13521         23 0.0000e+00
    292.000    288.776    -0.3794  28.255259    -0.3773  28.254978     4.8340     4.9276    -0.0129    92.9551 1.0000e-12  -74.11670 -113.26460  30.423069      99.94 6.4195e+01    543.155      13037  1028.8781  1028.8758     4.4097     0.0708     0.1376    34.2100    34.2072    8.13509         24 0.0000e+00
    293.000    289.763    -0.3787  28.256469    -0.3764  28.256399     4.8338     4.9245    -0.0183    92.9603 1.0000e-12  -74.11670 -113.26460  30.423080      99.94 6.5232e+01    544.130      13060  1028.8832  1028.8808     4.4100     0.0711     0.1382    34.2102    34.2075    8.13494         23 0.0000e+00
    294.000    290.751    -0.3770  28.258654    -0.3747  28.258468     4.8333     4.9292    -0.0098    92.9519 1.0000e-12  -74.11670 -113.26460  30.423092      99.94 6.4117e+01    545.111      13084  1028.8881  1028.8857     4.4096     0.0717     0.1364    34.2106    34.2078    8.13455         24 0.0000e+00
    295.000    291.740    -0.3754  28.260717    -0.3728  28.260880     4.8299     4.9237    -0.0029    92.9241 1.0000e-12  -74.11670 -113.26460  30.423103      99.94 6.4052e+01    546.101      13107  1028.8931  1028.8908     4.4083     0.0714     0.1384    34.2109    34.2083    8.13418         24 0.0000e+00
    296.000    292.727    -0.3717  28.265037    -0.3696  28.264718     4.8281     4.9198    -0.0019    92.9101 1.0000e-12  -74.11670 -113.26460  30.423115      99.94 6.5225e+01    547.102      13131  1028.8984  1028.8961     4.4076     0.0701     0.1385    34.2120    34.2092    8.13334         24 0.0000e+00
    297.000    293.716    -0.3699  28.267618    -0.3677  28.267313     4.8287     4.9270    -0.0146    92.9101 1.0000e-12  -74.11670 -113.26460  30.423126      99.95 6.4862e+01    548.098      13155  1028.9038  1028.9013     4.4076     0.0695     0.1403    34.2128    34.2099    8.13290         24 0.0000e+00
    298.000    294.704    -0.3676  28.270716    -0.3654  28.270402     4.8290     4.9287    -0.0131    92.9121 1.0000e-12  -74.11670 -113.26460  30.423137      99.94 6.1120e+01    549.075      13179  1028.9092  1028.9067     4.4077     0.0692     0.1416    34.2138    34.2108    8.13236         23 0.0000e+00
    299.000    295.691    -0.3654  28.273639    -0.3632  28.273293     4.8326     4.9266    -0.0057    92.9031 1.0000e-12  -74.11670 -113.26460  30.423149      99.94 6.4503e+01    550.054      13202  1028.9145  1028.9120     4.4073     0.0706     0.1385    34.2146    34.2117    8.13184         23 0.0000e+00
    300.000    296.682    -0.3628  28.277224    -0.3605  28.276911     4.8287     4.9177    -0.0062    92.9004 1.0000e-12  -74.11670 -113.26460  30.423160      81.01 6.4192e+01    551.045      13226  1028.9201  1028.9175     4.4071     0.0670     0.1381    34.2159    34.2128    8.13121         24 0.0000e+00
    301.000    297.669    -0.3552  28.286267    -0.3528  28.286282     4.8227     4.9162    -0.0124    92.8722 1.0000e-12  -74.11670 -113.26460  30.423172      97.37 6.1142e+01    552.040      13250  1028.9267  1028.9243     4.4058     0.0703     0.1399    34.2188    34.2161    8.12942         25 0.0000e+00
    302.000    298.657    -0.3529  28.289461    -0.3507  28.289140     4.8196     4.9160    -0.0102    92.8715 1.0000e-12  -74.11670 -113.26460  30.423183      99.89 6.3629e+01    553.040      13274  1028.9322  1028.9297     4.4058     0.0702     0.1414    34.2199    34.2170    8.12886         24 0.0000e+00
    303.000    299.645    -0.3509  28.292106    -0.3486  28.291869     4.8205     4.9108    -0.0118    92.8774 1.0000e-12  -74.11670 -113.26460  30.423195      99.95 6.4917e+01    554.039      13298  1028.9374  1028.9350     4.4061     0.0689     0.1404    34.2206    34.2177    8.12840         23 0.0000e+00
    304.000    300.633    -0.3508  28.292596    -0.3484  28.292656     4.8286     4.9163    -0.0109    92.8581 1.0000e-12  -74.11670 -113.26460  30.423206      99.94 6.1333e+01    555.017      13321  1028.9422  1028.9400     4.4051     0.0702     0.1404    34.2206    34.2180    8.12839         23 0.0000e+00
    305.000    301.621    -0.3502  28.293729    -0.3480  28.293468     4.8248     4.9192    -0.0107    92.8413 1.0000e-12  -74.11670 -113.26460  30.423217      99.94 6.3703e+01    555.987      13345  1028.9471  1028.9447     4.4044     0.0699     0.1383    34.2207    34.2180    8.12824         24 0.0000e+00
    306.000    302.611    -0.3489  28.295568    -0.3468  28.295389     4.8232     4.9198    -0.0181    92.8457 1.0000e-12  -74.11670 -113.26460  30.423229      99.94 6.5005e+01    556.978      13368  1028.9522  1028.9499     4.4046     0.0706     0.1394    34.2212    34.2185    8.12794         24 0.0000e+00
    307.000    303.600    -0.3445  28.301127    -0.3424  28.300888     4.8223     4.9187    -0.0190    92.8339 1.0000e-12  -74.11670 -113.26460  30.423240      99.95 6.2072e+01    557.978      13392  1028.9581  1028.9558     4.4041     0.0696     0.1397    34.2230    34.2203    8.12689         24 0.0000e+00
    308.000    304.584    -0.3432  28.303162    -0.3411  28.302823     4.8234     4.9146    -0.0123    92.8318 1.0000e-12  -74.11670 -113.26460  30.423252      99.94 6.4468e+01    558.969      13416  1028.9633  1028.9609     4.4039     0.0693     0.1423    34.2236    34.2208    8.12657         24 0.0000e+00
    309.000    305.574    -0.3428  28.303839    -0.3409  28.303542     4.8267     4.9120    -0.0102    92.8393 1.0000e-12  -74.11670 -113.26460  30.423263      99.94 6.5225e+01    559.956      13440  1028.9680  1028.9658     4.4043     0.0696     0.1427    34.2235    34.2210    8.12649         23 0.0000e+00
    310.000    306.563    -0.3415  28.305991    -0.3393  28.305684     4.8213     4.9120    -0.0104    92.8318 1.0000e-12  -74.11670 -113.26460  30.423275      99.94 6.3320e+01    560.936      13463  1028.9734  1028.9709     4.4039     0.0684     0.1389    34.2244    34.2215    8.12618         24 0.0000e+00
    311.000    307.551    -0.3404  28.307575    -0.3382  28.307383     4.8212     4.9150    -0.0071    92.8371 1.0000e-12  -74.11670 -113.26460  30.423286      99.94 6.4228e+01    561.914      13487  1028.9783  1028.9760     4.4042     0.0689     0.1393    34.2246    34.2219    8.12592         23 0.0000e+00
