ocean_section_plots/required_files/ctd/dnbp2202_ctd130.cnv
* Sea-Bird SBE 9 Data File:
* FileName = D:\Data\raw\NBP2202_CTD130.hex
* Software Version Seasave V 7.26.7.121
* Temperature SN = 1649
* Conductivity SN = 2513
* Number of Bytes Per Scan = 40
* Number of Voltage Words = 5
* Number of Scans Averaged by the Deck Unit = 1
* NMEA Latitude = 74 06.03 S
* NMEA Longitude = 112 01.87 W
* NMEA UTC (Time) = Jan 28 2022  00:59:49
* NMEA baud rate = 9600
** Ship: RVIB N.B. Palmer
** Cruise: NBP2202 Thwaites
** Station: 59
** Operator: A. Robinson
# nquan = 25
# nvalues = 651                         
# units = specified
# name 0 = prDM: Pressure, Digiquartz [db]
# name 1 = depSM: Depth [salt water, m]
# name 2 = t090C: Temperature [ITS-90, deg C]
# name 3 = c0mS/cm: Conductivity [mS/cm]
# name 4 = t190C: Temperature, 2 [ITS-90, deg C]
# name 5 = c1mS/cm: Conductivity, 2 [mS/cm]
# name 6 = sbeox0ML/L: Oxygen, SBE 43 [ml/l]
# name 7 = sbeox1ML/L: Oxygen, SBE 43, 2 [ml/l]
# name 8 = flECO-AFL: Fluorescence, WET Labs ECO-AFL/FL [mg/m^3]
# name 9 = CStarTr0: Beam Transmission, WET Labs C-Star [%]
# name 10 = par: PAR/Irradiance, Biospherical/Licor
# name 11 = latitude: Latitude [deg]
# name 12 = longitude: Longitude [deg]
# name 13 = timeJ: Julian Days
# name 14 = altM: Altimeter [m]
# name 15 = spar: SPAR, Biospherical/Licor
# name 16 = timeS: Time, Elapsed [seconds]
# name 17 = scan: Scan Count
# name 18 = density00: Density [density, kg/m^3]
# name 19 = density11: Density, 2 [density, kg/m^3]
# name 20 = sal00: Salinity, Practical [PSU]
# name 21 = sal11: Salinity, Practical, 2 [PSU]
# name 22 = oxsolML/L: Oxygen Saturation, Garcia & Gordon [ml/l]
# name 23 = nbin: number of scans per bin
# name 24 = flag: flag
# span 0 =      2.000,    652.000       
# span 1 =      1.982,    644.242       
# span 2 =    -1.5197,     0.3865       
# span 3 =  27.052920,  29.298052       
# span 4 =    -1.5193,     0.3889       
# span 5 =  27.052817,  29.298021       
# span 6 =     4.6471,     8.8098       
# span 7 =     4.7394,     9.0415       
# span 8 =    -0.0022,    26.8782       
# span 9 =    68.3410,    94.7702       
# span 10 = -1.769e-04, 2.4642e+02      
# span 11 =  -74.10066,  -74.10064      
# span 12 = -112.03128, -112.03124      
# span 13 =  28.046312,  28.057395      
# span 14 =       3.46,     100.62      
# span 15 = 3.9918e+02, 4.7605e+02      
# span 16 =    412.313,   1369.971      
# span 17 =       9897,      32880      
# span 18 =  1027.1953,  1030.7748      
# span 19 =  1027.1945,  1030.7726      
# span 20 =    33.8165,    34.5189      
# span 21 =    33.8162,    34.5162      
# span 22 =    7.95681,    8.40004      
# span 23 =         20,         50      
# span 24 = 0.0000e+00, 0.0000e+00      
# interval = decibars: 1                
# start_time = Jan 28 2022 00:59:49 [NMEA time, header]
# bad_flag = -9.990e-29
*END*
[from data line 290]
    292.000    288.776    -1.3070  27.402851    -1.3059  27.402611     6.1746     6.3160     0.0389    94.7510 1.0000e-12  -74.10066 -112.03126  28.050848      99.85 4.3412e+02    804.279      19304  1028.8382  1028.8368    34.1041    34.1025    8.34410         28 0.0000e+00
    293.000    289.762    -1.3060  27.404802    -1.3053  27.403809     6.1750     6.3136     0.0288    94.7483 1.0000e-12  -74.10066 -112.03126  28.050861      99.87 4.3366e+02    805.432      19331  1028.8437  1028.8419    34.1050    34.1029    8.34383         27 0.0000e+00
    294.000    290.753    -1.3024  27.409425    -1.3014  27.409006     6.1834     6.3203     0.0289    94.7491 1.0000e-12  -74.10066 -112.03125  28.050875      99.86 4.3367e+02    806.565      19359  1028.8495  1028.8482    34.1067    34.1050    8.34292         28 0.0000e+00
    295.000    291.739    -1.3009  27.411718    -1.2998  27.411363     6.1679     6.3094     0.0241    94.7465 1.0000e-12  -74.10066 -112.03125  28.050888      99.86 4.3367e+02    807.688      19386  1028.8549  1028.8535    34.1075    34.1058    8.34254         27 0.0000e+00
    296.000    292.729    -1.2945  27.419528    -1.2933  27.419026     6.1409     6.2870     0.0269    94.7545 1.0000e-12  -74.10066 -112.03125  28.050901      99.86 4.3212e+02    808.833      19413  1028.8615  1028.8599    34.1103    34.1083    8.34095         26 0.0000e+00
    297.000    293.716    -1.2789  27.435041    -1.2777  27.434670     6.1368     6.2781     0.0475    94.7524 1.0000e-12  -74.10066 -112.03125  28.050915      99.87 4.3287e+02    810.023      19442  1028.8677  1028.8661    34.1133    34.1113    8.33729         29 0.0000e+00
    298.000    294.704    -1.2684  27.445481    -1.2671  27.445401     6.1222     6.2662     0.0388    94.7506 1.0000e-12  -74.10066 -112.03126  28.050928      99.86 4.3272e+02    811.179      19469  1028.8732  1028.8719    34.1150    34.1134    8.33484         26 0.0000e+00
    299.000    295.693    -1.2694  27.446035    -1.2684  27.445473     6.1097     6.2537     0.0297    94.7536 1.0000e-12  -74.10066 -112.03124  28.050941      99.86 4.3285e+02    812.309      19496  1028.8792  1028.8777    34.1162    34.1144    8.33499         28 0.0000e+00
    300.000    296.682    -1.2575  27.458239    -1.2557  27.458243     6.1007     6.2474     0.0223    94.7591 1.0000e-12  -74.10066 -112.03126  28.050954      99.86 4.3366e+02    813.459      19524  1028.8854  1028.8837    34.1188    34.1168    8.33218         28 0.0000e+00
    301.000    297.669    -1.2601  27.457111    -1.2589  27.456904     6.0942     6.2407     0.0286    94.7636 1.0000e-12  -74.10066 -112.03126  28.050968      89.94 4.3367e+02    814.613      19552  1028.8911  1028.8897    34.1196    34.1179    8.33272         27 0.0000e+00
    302.000    298.657    -1.2563  27.462313    -1.2553  27.461790     6.0924     6.2366     0.0217    94.7528 1.0000e-12  -74.10066 -112.03125  28.050981      96.20 4.3367e+02    815.762      19579  1028.8975  1028.8960    34.1218    34.1199    8.33175         28 0.0000e+00
    303.000    299.645    -1.2563  27.464068    -1.2551  27.463760     6.0899     6.2311     0.0234    94.7235 1.0000e-12  -74.10066 -112.03124  28.050995      99.84 4.3367e+02    816.929      19607  1028.9038  1028.9023    34.1236    34.1218    8.33164         28 0.0000e+00
    304.000    300.634    -1.2528  27.467858    -1.2514  27.467885     6.0864     6.2322     0.0351    94.7531 1.0000e-12  -74.10066 -112.03124  28.051008      99.86 4.3302e+02    818.084      19635  1028.9090  1028.9076    34.1242    34.1227    8.33083         27 0.0000e+00
    305.000    301.622    -1.2529  27.469391    -1.2516  27.469259     6.0750     6.2225     0.0289    94.7464 1.0000e-12  -74.10066 -112.03126  28.051021      99.86 4.3184e+02    819.213      19662  1028.9151  1028.9138    34.1258    34.1242    8.33076         27 0.0000e+00
    306.000    302.609    -1.2517  27.474952    -1.2507  27.474289     6.0597     6.2134     0.0310    94.7426 1.0000e-12  -74.10066 -112.03124  28.051034      99.86 4.3191e+02    820.352      19689  1028.9245  1028.9227    34.1314    34.1294    8.33015         28 0.0000e+00
    307.000    303.600    -1.2355  27.493064    -1.2341  27.492795     6.0605     6.2021     0.0346    94.7426 1.0000e-12  -74.10066 -112.03125  28.051048      99.86 4.3191e+02    821.509      19717  1028.9328  1028.9312    34.1371    34.1353    8.32619         28 0.0000e+00
    308.000    304.586    -1.2300  27.499236    -1.2282  27.499539     6.0614     6.1979     0.0321    94.6753 1.0000e-12  -74.10066 -112.03125  28.051061      99.86 4.3166e+02    822.675      19745  1028.9386  1028.9372    34.1388    34.1372    8.32489         28 0.0000e+00
    309.000    305.576    -1.2281  27.501662    -1.2272  27.501186     6.0587     6.1986     0.0300    94.7177 1.0000e-12  -74.10066 -112.03125  28.051075      99.86 4.3134e+02    823.852      19773  1028.9439  1028.9424    34.1393    34.1376    8.32443         28 0.0000e+00
    310.000    306.563    -1.2273  27.503079    -1.2259  27.502923     6.0601     6.2000     0.0215    94.7150 1.0000e-12  -74.10065 -112.03125  28.051088      99.86 4.3073e+02    825.009      19801  1028.9490  1028.9474    34.1397    34.1379    8.32423         27 0.0000e+00
    311.000    307.552    -1.2260  27.504843    -1.2248  27.504512     6.0617     6.1978     0.0216    94.7304 1.0000e-12  -74.10064 -112.03124  28.051101      99.87 4.2908e+02    826.139      19828  1028.9540  1028.9525    34.1400    34.1382    8.32391         27 0.0000e+00
    312.000    308.538    -1.2249  27.506200    -1.2239  27.505742     6.0654     6.2021     0.0216    94.7122 1.0000e-12  -74.10064 -112.03124  28.051114      79.13 4.2894e+02    827.279      19856  1028.9588  1028.9574    34.1401    34.1383    8.32368         28 0.0000e+00
    313.000    309.527    -1.2260  27.506230    -1.2243  27.506131     6.0653     6.2015     0.0216    94.7058 1.0000e-12  -74.10064 -112.03124  28.051128      90.70 4.2863e+02    828.436      19883  1028.9643  1028.9625    34.1407    34.1386    8.32388         28 0.0000e+00
    314.000    310.516    -1.2259  27.507064    -1.2247  27.506835     6.0597     6.2040     0.0216    94.7240 1.0000e-12  -74.10064 -112.03124  28.051141      98.88 4.2820e+02    829.591      19911  1028.9695  1028.9681    34.1412    34.1395    8.32384         28 0.0000e+00
    315.000    311.503    -1.2247  27.508782    -1.2236  27.508567     6.0632     6.2035     0.0327    94.7279 1.0000e-12  -74.10064 -112.03125  28.051155      99.85 4.2825e+02    830.758      19939  1028.9745  1028.9732    34.1415    34.1399    8.32354         28 0.0000e+00
    316.000    312.492    -1.2248  27.509338    -1.2234  27.509271     6.0716     6.1981     0.0193    94.7302 1.0000e-12  -74.10064 -112.03125  28.051168      99.86 4.2747e+02    831.906      19967  1028.9795  1028.9781    34.1417    34.1401    8.32355         27 0.0000e+00
    317.000    313.479    -1.2283  27.507027    -1.2271  27.506842     6.0747     6.2054     0.0203    94.7243 1.0000e-12  -74.10064 -112.03125  28.051181      99.86 4.2694e+02    833.044      19994  1028.9848  1028.9834    34.1420    34.1403    8.32433         28 0.0000e+00
    318.000    314.469    -1.2343  27.503573    -1.2331  27.503388     6.0766     6.2053     0.0490    94.7279 1.0000e-12  -74.10064 -112.03124  28.051195      99.86 4.2662e+02    834.218      20022  1028.9912  1028.9898    34.1435    34.1418    8.32557         28 0.0000e+00
    319.000    315.455    -1.2414  27.499590    -1.2401  27.499530     6.0857     6.2105     0.0387    94.7325 1.0000e-12  -74.10064 -112.03126  28.051208      99.87 4.2662e+02    835.383      20050  1028.9981  1028.9968    34.1455    34.1439    8.32704         28 0.0000e+00
    320.000    316.445    -1.2538  27.490579    -1.2531  27.490072     6.0862     6.2176     0.0222    94.7103 1.0000e-12  -74.10064 -112.03126  28.051221      99.86 4.2662e+02    836.502      20077  1029.0046  1029.0034    34.1466    34.1451    8.32972         26 0.0000e+00
    321.000    317.433    -1.2589  27.487237    -1.2579  27.486813     6.0881     6.2229     0.0146    94.7178 1.0000e-12  -74.10064 -112.03126  28.051234      99.86 4.2630e+02    837.622      20104  1029.0101  1029.0087    34.1471    34.1455    8.33081         27 0.0000e+00
    322.000    318.420    -1.2605  27.486191    -1.2599  27.485604     6.0909     6.2255     0.0158    94.7374 1.0000e-12  -74.10064 -112.03126  28.051248      99.86 4.2607e+02    838.796      20132  1029.0148  1029.0135    34.1470    34.1454    8.33120         29 0.0000e+00
    323.000    319.409    -1.2629  27.484647    -1.2618  27.484536     6.0927     6.2216     0.0279    94.7270 1.0000e-12  -74.10064 -112.03126  28.051261      89.90 4.2497e+02    839.982      20161  1029.0197  1029.0184    34.1470    34.1455    8.33174         28 0.0000e+00
    324.000    320.397    -1.2655  27.483021    -1.2644  27.482834     6.0858     6.2207     0.0234    94.7142 1.0000e-12  -74.10064 -112.03126  28.051275      86.53 4.2473e+02    841.140      20188  1029.0246  1029.0233    34.1471    34.1455    8.33231         28 0.0000e+00
    325.000    321.385    -1.2670  27.482574    -1.2653  27.482580     6.0766     6.2083     0.0251    94.7326 1.0000e-12  -74.10064 -112.03126  28.051288      99.51 4.2434e+02    842.264      20215  1029.0298  1029.0282    34.1475    34.1456    8.33260         27 0.0000e+00
    326.000    322.374    -1.2611  27.488755    -1.2600  27.488456     6.0726     6.2006     0.0143    94.7327 1.0000e-12  -74.10064 -112.03126  28.051301      99.86 4.2316e+02    843.396      20243  1029.0351  1029.0337    34.1487    34.1471    8.33123         26 0.0000e+00
    327.000    323.360    -1.2587  27.491502    -1.2557  27.492849     6.0526     6.1909     0.0143    94.7418 1.0000e-12  -74.10064 -112.03126  28.051315      99.86 4.2298e+02    844.626      20272  1029.0399  1029.0385    34.1491    34.1475    8.33067         33 0.0000e+00
    328.000    324.350    -1.2553  27.495323    -1.2507  27.497932     6.0348     6.1702     0.0143    94.7408 1.0000e-12  -74.10064 -112.03126  28.051331      99.87 4.2266e+02    845.955      20304  1029.0451  1029.0434    34.1499    34.1482    8.32987         29 0.0000e+00
    329.000    325.337    -1.2432  27.507430    -1.2417  27.507279     6.0261     6.1602     0.0143    94.7466 1.0000e-12  -74.10064 -112.03126  28.051343      99.86 4.2167e+02    847.065      20331  1029.0507  1029.0491    34.1521    34.1501    8.32704         26 0.0000e+00
    330.000    326.326    -1.2404  27.510407    -1.2390  27.510328     6.0303     6.1588     0.0097    94.7569 1.0000e-12  -74.10064 -112.03126  28.051356      99.86 4.2179e+02    848.161      20357  1029.0555  1029.0541    34.1523    34.1506    8.32639         27 0.0000e+00
    331.000    327.314    -1.2414  27.510039    -1.2404  27.509664     6.0091     6.1454     0.0169    94.7532 1.0000e-12  -74.10064 -112.03126  28.051370      99.86 4.2163e+02    849.349      20385  1029.0604  1029.0591    34.1523    34.1507    8.32662         29 0.0000e+00
    332.000    328.302    -1.2313  27.520155    -1.2303  27.519491     5.9904     6.1362     0.0217    94.7506 1.0000e-12  -74.10064 -112.03126  28.051384      99.86 4.2077e+02    850.555      20414  1029.0660  1029.0643    34.1541    34.1520    8.32427         29 0.0000e+00
    333.000    329.289    -1.2203  27.530699    -1.2190  27.530354     5.9829     6.1242     0.0216    94.7446 1.0000e-12  -74.10064 -112.03125  28.051397      99.86 4.1984e+02    851.699      20442  1029.0711  1029.0695    34.1554    34.1535    8.32174         27 0.0000e+00
    334.000    330.279    -1.2168  27.534491    -1.2158  27.533901     5.9655     6.1168     0.0153    94.7204 1.0000e-12  -74.10064 -112.03125  28.051410      99.86 4.1944e+02    852.789      20468  1029.0762  1029.0746    34.1559    34.1541    8.32093         26 0.0000e+00
    335.000    331.265    -1.2072  27.544327    -1.2058  27.543906     5.9457     6.1004     0.0271    94.7495 1.0000e-12  -74.10064 -112.03125  28.051423      98.90 4.1915e+02    853.919      20495  1029.0819  1029.0801    34.1579    34.1557    8.31868         28 0.0000e+00
    336.000    332.253    -1.1944  27.556930    -1.1947  27.555072     5.9314     6.0799     0.0152    94.7365 1.0000e-12  -74.10064 -112.03126  28.051437      98.89 4.1781e+02    855.116      20524  1029.0876  1029.0859    34.1600    34.1578    8.31572         29 0.0000e+00
    337.000    333.243    -1.1787  27.572157    -1.1778  27.571254     5.8997     6.0546     0.0148    94.7580 1.0000e-12  -74.10066 -112.03124  28.051450      99.86 4.1780e+02    856.298      20552  1029.0933  1029.0915    34.1623    34.1600    8.31209         27 0.0000e+00
    338.000    334.229    -1.1522  27.597278    -1.1515  27.595975     5.8607     6.0112     0.0222    94.7588 1.0000e-12  -74.10064 -112.03126  28.051463      99.87 4.1780e+02    857.420      20579  1029.0993  1029.0971    34.1659    34.1633    8.30600         27 0.0000e+00
    339.000    335.217    -1.1168  27.630719    -1.1165  27.628814     5.8379     5.9819     0.0213    94.7427 1.0000e-12  -74.10065 -112.03125  28.051476      99.86 4.1717e+02    858.540      20606  1029.1056  1029.1032    34.1707    34.1678    8.29787         27 0.0000e+00
    340.000    336.207    -1.0855  27.658738    -1.0843  27.658146     5.8266     5.9654     0.0158    94.7417 1.0000e-12  -74.10065 -112.03125  28.051490      99.86 4.1695e+02    859.714      20634  1029.1102  1029.1084    34.1728    34.1707    8.29083         29 0.0000e+00
    341.000    337.193    -1.0800  27.664410    -1.0787  27.663888     5.8289     5.9649     0.0177    94.7078 1.0000e-12  -74.10066 -112.03125  28.051503      99.86 4.1642e+02    860.891      20662  1029.1157  1029.1139    34.1737    34.1715    8.28957         28 0.0000e+00
    342.000    338.182    -1.0799  27.665106    -1.0784  27.664869     5.8287     5.9633     0.0159    94.7466 1.0000e-12  -74.10066 -112.03125  28.051516      99.86 4.1611e+02    862.021      20690  1029.1211  1029.1193    34.1739    34.1719    8.28953         26 0.0000e+00
    343.000    339.171    -1.0793  27.666192    -1.0775  27.666199     5.8225     5.9618     0.0343    94.7556 1.0000e-12  -74.10064 -112.03126  28.051530      99.86 4.1604e+02    863.153      20717  1029.1262  1029.1245    34.1741    34.1721    8.28938         28 0.0000e+00
    344.000    340.158    -1.0781  27.667688    -1.0764  27.667588     5.8218     5.9616     0.0192    94.7408 1.0000e-12  -74.10066 -112.03124  28.051543      99.85 4.1604e+02    864.288      20744  1029.1313  1029.1295    34.1742    34.1721    8.28912         27 0.0000e+00
    345.000    341.145    -1.0703  27.675590    -1.0690  27.675062     5.8247     5.9574     0.0181    94.7340 1.0000e-12  -74.10066 -112.03126  28.051556      99.86 4.1604e+02    865.418      20771  1029.1367  1029.1349    34.1754    34.1733    8.28731         27 0.0000e+00
    346.000    342.134    -1.0703  27.675888    -1.0687  27.675658     5.8230     5.9531     0.0158    94.7240 1.0000e-12  -74.10066 -112.03125  28.051569      79.64 4.1604e+02    866.579      20799  1029.1416  1029.1398    34.1752    34.1731    8.28732         29 0.0000e+00
    347.000    343.121    -1.0699  27.676538    -1.0686  27.676170     5.8204     5.9543     0.0145    94.7340 1.0000e-12  -74.10066 -112.03125  28.051583      92.89 4.1604e+02    867.745      20827  1029.1464  1029.1447    34.1751    34.1731    8.28725         27 0.0000e+00
    348.000    344.111    -1.0710  27.676203    -1.0690  27.676269     5.8203     5.9516     0.0184    94.7283 1.0000e-12  -74.10066 -112.03125  28.051596      99.89 4.1604e+02    868.880      20854  1029.1515  1029.1497    34.1752    34.1731    8.28747         27 0.0000e+00
