ocean_section_plots/required_files/ctd/dnbp2202_ctd226.cnv
* Sea-Bird SBE 9 Data File:
* FileName = D:\Data\raw\NBP2202_CTD226.hex
* Software Version Seasave V 7.26.7.121
* Temperature SN = 1649
* Conductivity SN = 2513
* Number of Bytes Per Scan = 40
* Number of Voltage Words = 5
* Number of Scans Averaged by the Deck Unit = 1
* NMEA Latitude = 73 59.39 S
* NMEA Longitude = 111 36.97 W
* NMEA UTC (Time) = Feb 12 2022  13:58:53
* NMEA baud rate = 9600
** Ship: RVIB N.B. Palmer
** Cruise: NBP2202 Thwaites
** Station: 137
** Operator: B. Bjork
# nquan = 28
# nvalues = 444                         
# units = specified
# name 0 = prDM: Pressure, Digiquartz [db]
# name 1 = depSM: Depth [salt water, m]
# name 2 = t090C: Temperature [ITS-90, deg C]
# name 3 = c0mS/cm: Conductivity [mS/cm]
# name 4 = t190C: Temperature, 2 [ITS-90, deg C]
# name 5 = c1mS/cm: Conductivity, 2 [mS/cm]
# name 6 = sbeox0ML/L: Oxygen, SBE 43 [ml/l]
# name 7 = sbeox1ML/L: Oxygen, SBE 43, 2 [ml/l]
# name 8 = flECO-AFL: Fluorescence, WET Labs ECO-AFL/FL [mg/m^3]
# name 9 = CStarTr0: Beam Transmission, WET Labs C-Star [%]
# name 10 = par: PAR/Irradiance, Biospherical/Licor
# name 11 = latitude: Latitude [deg]
# name 12 = longitude: Longitude [deg]
# name 13 = timeJ: Julian Days
# name 14 = altM: Altimeter [m]
# name 15 = spar: SPAR, Biospherical/Licor
# name 16 = timeS: Time, Elapsed [seconds]
# name 17 = scan: Scan Count
# name 18 = density00: Density [density, kg/m^3]
# name 19 = density11: Density, 2 [density, kg/m^3]
# name 20 = v3: Voltage 3
# name 21 = v4: Voltage 4
# name 22 = v5: Voltage 5
# name 23 = sal00: Salinity, Practical [PSU]
# name 24 = sal11: Salinity, Practical, 2 [PSU]
# name 25 = oxsolML/L: Oxygen Saturation, Garcia & Gordon [ml/l]
# name 26 = nbin: number of scans per bin
# name 27 = flag: flag
# span 0 =      1.000,    444.000       
# span 1 =      0.995,    438.947       
# span 2 =    -1.5728,     0.0545       
# span 3 =  27.031592,  28.853899       
# span 4 =    -1.5722,     0.0589       
# span 5 =  27.031848,  28.856421       
# span 6 =     4.8551,     8.0473       
# span 7 =     4.9970,     8.3072       
# span 8 =    -0.0140,    17.9715       
# span 9 =    80.1526,    97.4504       
# span 10 = 1.0000e-12, 4.7960e+02      
# span 11 =  -73.98994,  -73.98994      
# span 12 = -111.61622, -111.61616      
# span 13 =  43.584519,  43.591636      
# span 14 =      -7.24,      99.95      
# span 15 = 1.3017e+03, 1.4649e+03      
# span 16 =    169.457,    784.313      
# span 17 =       4068,      18825      
# span 18 =  1027.2263,  1029.7479      
# span 19 =  1027.2274,  1029.7461      
# span 20 =     3.8027,     4.6229      
# span 21 =     0.0653,     2.5566      
# span 22 =     0.1157,     0.2000      
# span 23 =    33.8335,    34.4282      
# span 24 =    33.8345,    34.4265      
# span 25 =    8.03087,    8.41082      
# span 26 =         10,         46      
# span 27 = 0.0000e+00, 0.0000e+00      
# interval = decibars: 1                
# start_time = Feb 12 2022 13:58:53 [NMEA time, header]
# bad_flag = -9.990e-29
*END*
      1.000      0.995    -1.3132  27.070988    -1.3145  27.070669     7.9920     7.5292    10.1981    80.7164 4.7960e+02  -73.98994 -111.61620  43.584519      -7.24 1.4198e+03    169.457       4068  1027.2263  1027.2274     3.8297     1.6996     0.1775    33.8368    33.8378    8.36134         10 0.0000e+00
      2.000      1.980    -1.3146  27.068501    -1.3153  27.068685     8.0473     7.6621    10.0441    81.1546 1.2194e+02  -73.98994 -111.61620  43.584586      15.62 1.4198e+03    175.267       4207  1027.2292  1027.2300     3.8504     1.8220     0.1747    33.8344    33.8353    8.36180         35 0.0000e+00
      3.000      2.969    -1.1363  27.221749    -1.1352  27.221839     8.0129     7.5999     9.9584    80.9318 8.4825e+01  -73.98994 -111.61620  43.584621      70.47 1.4176e+03    178.298       4280  1027.2293  1027.2275     3.8396     1.6162     0.1519    33.8420    33.8408    8.32172         38 0.0000e+00
      4.000      3.958    -1.2208  27.146617    -1.0792  27.266450     8.0054     7.7208    10.1325    81.2018 6.3502e+01  -73.98994 -111.61620  43.584649      87.44 1.4166e+03    180.679       4337  1027.2341  1027.2297     3.8526     1.8105     0.1661    33.8342    33.8382    8.34082         39 0.0000e+00
      5.000      4.949    -1.2725  27.105488    -1.2523  27.123610     8.0203     7.8363    11.1723    80.8308 4.6530e+01  -73.98994 -111.61620  43.584678      99.79 1.4158e+03    183.135       4396  1027.2436  1027.2450     3.8345     1.8146     0.1699    33.8356    33.8376    8.35229         43 0.0000e+00
      6.000      5.939    -1.3070  27.076006    -1.3038  27.079523     8.0278     7.9503    12.0488    81.6958 3.4488e+01  -73.98994 -111.61620  43.584705      99.40 1.4140e+03    185.497       4453  1027.2485  1027.2500     3.8758     1.8031     0.1682    33.8335    33.8348    8.36015         43 0.0000e+00
      7.000      6.928    -1.3145  27.070740    -1.3147  27.070824     8.0261     8.0497    12.1998    81.4094 2.6897e+01  -73.98994 -111.61620  43.584730      99.37 1.4122e+03    187.687       4505  1027.2539  1027.2548     3.8622     1.8165     0.1638    33.8341    33.8345    8.36178         42 0.0000e+00
      8.000      7.917    -1.3146  27.071898    -1.3151  27.071699     8.0110     8.1284     9.9980    80.7751 2.1079e+01  -73.98994 -111.61620  43.584756      99.37 1.4111e+03    189.948       4560  1027.2593  1027.2601     3.8319     1.8828     0.1805    33.8352    33.8355    8.36174         44 0.0000e+00
      9.000      8.907    -1.3146  27.074047    -1.3152  27.073816     8.0218     8.1932     9.8167    81.3383 1.6483e+01  -73.98994 -111.61620  43.584781      99.50 1.4098e+03    192.106       4612  1027.2659  1027.2664     3.8589     1.9496     0.1773    33.8376    33.8379    8.36161         41 0.0000e+00
     10.000      9.896    -1.3146  27.074438    -1.3153  27.074310     8.0244     8.2470    10.5667    81.2927 1.2879e+01  -73.98994 -111.61620  43.584806      97.05 1.4079e+03    194.214       4662  1027.2705  1027.2712     3.8566     1.6846     0.1762    33.8375    33.8381    8.36161         43 0.0000e+00
     11.000     10.886    -1.3144  27.075839    -1.3147  27.075847     8.0183     8.2663    11.1847    80.6985 1.0157e+01  -73.98994 -111.61620  43.584830      99.43 1.4065e+03    196.294       4712  1027.2760  1027.2765     3.8288     1.6049     0.1726    33.8385    33.8389    8.36150         37 0.0000e+00
     12.000     11.875    -1.3144  27.077216    -1.3150  27.077593     8.0195     8.2756    12.7172    81.0651 8.0339e+00  -73.98994 -111.61620  43.584852      99.41 1.4057e+03    198.250       4759  1027.2818  1027.2829     3.8457     1.7249     0.1789    33.8399    33.8410    8.36144         35 0.0000e+00
     13.000     12.865    -1.3142  27.079579    -1.3147  27.080156     8.0126     8.2730    12.2530    80.7359 6.3948e+00  -73.98994 -111.61620  43.584875      99.47 1.4035e+03    200.222       4806  1027.2885  1027.2897     3.8303     1.9459     0.1683    33.8422    33.8436    8.36125         46 0.0000e+00
     14.000     13.854    -1.3141  27.081570    -1.3146  27.081641     8.0128     8.2730    11.9815    80.8146 5.1052e+00  -73.98994 -111.61620  43.584898      99.52 1.4016e+03    202.159       4853  1027.2949  1027.2955     3.8341     2.1098     0.1747    33.8442    33.8449    8.36111         39 0.0000e+00
     15.000     14.844    -1.3144  27.080648    -1.3148  27.080645     8.0121     8.2791    12.3361    80.6630 4.0811e+00  -73.98994 -111.61619  43.584920      99.43 1.4001e+03    204.102       4899  1027.2984  1027.2989     3.8269     2.0332     0.1748    33.8426    33.8431    8.36126         42 0.0000e+00
     16.000     15.832    -1.3142  27.081408    -1.3147  27.081553     8.0002     8.2735    11.9438    81.5452 3.2764e+00  -73.98994 -111.61619  43.584943      99.45 1.3982e+03    206.061       4946  1027.3034  1027.3040     3.8684     1.9600     0.1849    33.8429    33.8436    8.36121         37 0.0000e+00
     17.000     16.823    -1.3140  27.083399    -1.3144  27.083649     8.0050     8.2752    13.5758    81.0200 2.6335e+00  -73.98994 -111.61619  43.584966      97.95 1.3971e+03    208.040       4994  1027.3097  1027.3104     3.8440     2.2418     0.2000    33.8447    33.8455    8.36105         41 0.0000e+00
     18.000     17.813    -1.3143  27.083203    -1.3147  27.083429     8.0171     8.2831    15.0814    81.4120 2.1255e+00  -73.98994 -111.61619  43.584989      99.66 1.3962e+03    210.021       5042  1027.3140  1027.3147     3.8623     2.1040     0.1544    33.8441    33.8449    8.36114         41 0.0000e+00
     19.000     18.803    -1.3143  27.083706    -1.3146  27.083932     8.0159     8.2976    14.0800    81.7881 1.7324e+00  -73.98994 -111.61619  43.585011      99.56 1.3951e+03    211.977       5088  1027.3188  1027.3194     3.8801     2.1780     0.1785    33.8442    33.8449    8.36114         42 0.0000e+00
     20.000     19.792    -1.3141  27.084921    -1.3143  27.085198     8.0133     8.2960    12.5139    81.4485 1.4062e+00  -73.98994 -111.61620  43.585034      99.47 1.3935e+03    213.935       5135  1027.3243  1027.3248     3.8643     2.0211     0.1647    33.8450    33.8457    8.36105         40 0.0000e+00
     21.000     20.782    -1.3138  27.085996    -1.3140  27.086257     8.0074     8.3001    13.3380    80.6318 1.1482e+00  -73.98994 -111.61618  43.585057      99.57 1.3915e+03    215.902       5183  1027.3295  1027.3301     3.8253     2.2986     0.1577    33.8455    33.8462    8.36095         43 0.0000e+00
     22.000     21.771    -1.3140  27.086014    -1.3143  27.085913     8.0048     8.2974    12.7405    80.4317 9.3941e-01  -73.98994 -111.61618  43.585079      99.45 1.3916e+03    217.828       5229  1027.3340  1027.3342     3.8159     2.0464     0.1712    33.8451    33.8454    8.36101         41 0.0000e+00
     23.000     22.761    -1.3142  27.085795    -1.3144  27.086041     8.0132     8.3035    12.4358    80.9549 7.6916e-01  -73.98994 -111.61618  43.585102      99.44 1.3938e+03    219.786       5276  1027.3382  1027.3387     3.8407     1.8725     0.1696    33.8444    33.8450    8.36110         44 0.0000e+00
     24.000     23.750    -1.3142  27.086419    -1.3144  27.086565     8.0123     8.3057    13.0838    80.5139 6.2918e-01  -73.98994 -111.61618  43.585124      99.56 1.3933e+03    221.697       5322  1027.3432  1027.3436     3.8198     2.2322     0.1704    33.8447    33.8451    8.36109         35 0.0000e+00
     25.000     24.740    -1.3140  27.087212    -1.3143  27.087433     8.0115     8.2963    15.2921    81.3786 5.1784e-01  -73.98994 -111.61618  43.585146      99.38 1.3944e+03    223.643       5368  1027.3483  1027.3488     3.8605     1.9355     0.1782    33.8449    33.8456    8.36104         42 0.0000e+00
     26.000     25.730    -1.3141  27.087740    -1.3143  27.088013     8.0072     8.3012    14.1043    81.4320 4.2375e-01  -73.98994 -111.61618  43.585168      99.49 1.3948e+03    225.546       5414  1027.3532  1027.3537     3.8637     2.1571     0.1792    33.8451    33.8457    8.36104         46 0.0000e+00
     27.000     26.718    -1.3142  27.087592    -1.3145  27.087631     8.0128     8.3022    13.2137    81.2692 3.4448e-01  -73.98994 -111.61618  43.585191      99.59 1.3960e+03    227.490       5461  1027.3575  1027.3578     3.8556     2.2050     0.1844    33.8444    33.8448    8.36111         40 0.0000e+00
     28.000     27.707    -1.3143  27.087956    -1.3143  27.088320     8.0033     8.3072    12.9618    81.5414 2.7814e-01  -73.98994 -111.61618  43.585213      99.58 1.3962e+03    229.400       5507  1027.3622  1027.3627     3.8685     2.2494     0.1802    33.8444    33.8449    8.36113         38 0.0000e+00
     29.000     28.698    -1.3142  27.088503    -1.3144  27.088529     8.0019     8.3047    14.1325    81.1622 2.2459e-01  -73.98994 -111.61618  43.585236      99.53 1.3957e+03    231.357       5554  1027.3671  1027.3673     3.8508     2.0637     0.1646    33.8444    33.8447    8.36111         42 0.0000e+00
     30.000     29.687    -1.3127  27.093137    -1.3131  27.092680     7.9884     8.2865    14.4241    80.7816 1.8061e-01  -73.98994 -111.61618  43.585258      99.50 1.3955e+03    233.309       5600  1027.3750  1027.3749     3.8325     2.1723     0.1852    33.8484    33.8483    8.36053         44 0.0000e+00
     31.000     30.678    -1.3113  27.097665    -1.3116  27.097622     7.9825     8.2779    14.5963    80.5455 1.4342e-01  -73.98994 -111.61618  43.585281      99.58 1.3961e+03    235.242       5647  1027.3831  1027.3833     3.8213     2.2367     0.1875    33.8525    33.8528    8.35998         44 0.0000e+00
     32.000     31.666    -1.3110  27.098867    -1.3110  27.099120     7.9764     8.2663    16.5258    82.0157 1.1191e-01  -73.98994 -111.61618  43.585303      99.47 1.3952e+03    237.207       5694  1027.3885  1027.3887     3.8908     2.0163     0.1847    33.8532    33.8535    8.35988         40 0.0000e+00
     33.000     32.656    -1.3104  27.100364    -1.3105  27.100412     7.9719     8.2597    15.6283    82.2473 8.5694e-02  -73.98994 -111.61619  43.585326      99.50 1.3944e+03    239.139       5740  1027.3938  1027.3940     3.9021     2.1138     0.1774    33.8539    33.8541    8.35969         40 0.0000e+00
     34.000     33.646    -1.3099  27.101859    -1.3099  27.101972     7.9673     8.2610    13.8049    81.1158 6.3664e-02  -73.98994 -111.61619  43.585348      99.62 1.3944e+03    241.072       5787  1027.3993  1027.3995     3.8483     2.3141     0.1835    33.8547    33.8550    8.35952         40 0.0000e+00
     35.000     34.635    -1.3097  27.102525    -1.3098  27.102696     7.9658     8.2610    14.0537    80.3883 4.4759e-02  -73.98994 -111.61619  43.585370      99.73 1.3944e+03    242.990       5833  1027.4042  1027.4045     3.8144     2.5243     0.1799    33.8548    33.8552    8.35948         40 0.0000e+00
     36.000     35.625    -1.3099  27.102971    -1.3099  27.103159     7.9705     8.2593    16.0614    81.6291 2.8990e-02  -73.98994 -111.61619  43.585393      99.60 1.3944e+03    244.951       5880  1027.4091  1027.4094     3.8722     2.3215     0.1794    33.8550    33.8553    8.35951         35 0.0000e+00
     37.000     36.615    -1.3101  27.103138    -1.3100  27.103403     7.9673     8.2621    14.2945    81.6936 1.6902e-02  -73.98994 -111.61619  43.585416      96.43 1.3938e+03    246.914       5927  1027.4139  1027.4141     3.8757     2.2109     0.1821    33.8549    33.8551    8.35958         43 0.0000e+00
     38.000     37.604    -1.3108  27.102953    -1.3108  27.103124     7.9727     8.2636    14.3898    81.2009 4.4140e-03  -73.98994 -111.61619  43.585438      99.74 1.3915e+03    248.860       5974  1027.4187  1027.4189     3.8520     2.3766     0.1817    33.8548    33.8550    8.35974         39 0.0000e+00
     39.000     38.593    -1.3103  27.103541    -1.3106  27.103645     7.9737     8.2643    14.0345    80.9314 2.4813e-04  -73.98994 -111.61619  43.585461      99.64 1.3920e+03    250.819       6021  1027.4231  1027.4236     3.8397     2.3433     0.1867    33.8544    33.8549    8.35964         38 0.0000e+00
     40.000     39.582    -1.3102  27.104209    -1.3101  27.104315     7.9713     8.2584    14.6489    81.3141 1.0000e-12  -73.98994 -111.61620  43.585484      99.71 1.3939e+03    252.790       6068  1027.4281  1027.4282     3.8577     2.4214     0.1879    33.8546    33.8547    8.35961         39 0.0000e+00
     41.000     40.572    -1.3101  27.105017    -1.3102  27.105195     7.9672     8.2634    16.8296    80.6847 1.0000e-12  -73.98994 -111.61620  43.585506      99.57 1.3948e+03    254.684       6113  1027.4332  1027.4335     3.8279     2.3548     0.1721    33.8549    33.8553    8.35956         40 0.0000e+00
     42.000     41.563    -1.3100  27.105611    -1.3100  27.105826     7.9639     8.2530    14.7458    80.2267 1.0000e-12  -73.98994 -111.61620  43.585525      99.71 1.3955e+03    256.363       6154  1027.4381  1027.4383     3.8062     2.4704     0.1684    33.8550    33.8554    8.35954         32 0.0000e+00
     43.000     42.551    -1.3100  27.106193    -1.3100  27.106418     7.9652     8.2467    15.2849    81.1917 1.0000e-12  -73.98994 -111.61620  43.585543      99.66 1.3985e+03    257.933       6191  1027.4430  1027.4432     3.8519     2.3710     0.1746    33.8552    33.8555    8.35953         35 0.0000e+00
     44.000     43.540    -1.3100  27.106847    -1.3100  27.107036     7.9584     8.2522    16.0776    80.1526 1.0000e-12  -73.98994 -111.61620  43.585560      98.11 1.4011e+03    259.389       6226  1027.4480  1027.4483     3.8027     2.5566     0.1766    33.8555    33.8558    8.35952         35 0.0000e+00
     45.000     44.529    -1.3100  27.107324    -1.3101  27.107500     7.9559     8.2540    14.8031    81.5782 1.0000e-12  -73.98994 -111.61620  43.585577      99.59 1.4035e+03    260.850       6261  1027.4529  1027.4531     3.8703     2.2989     0.1589    33.8555    33.8558    8.35951         31 0.0000e+00
     46.000     45.520    -1.3101  27.107785    -1.3101  27.107883     7.9608     8.2490    17.3736    80.4439 1.0000e-12  -73.98994 -111.61620  43.585594      99.63 1.4067e+03    262.298       6296  1027.4577  1027.4579     3.8165     2.3173     0.1973    33.8556    33.8558    8.35952         35 0.0000e+00
     47.000     46.508    -1.3103  27.108107    -1.3103  27.108289     7.9641     8.2430    17.9715    80.8976 1.0000e-12  -73.98994 -111.61620  43.585610      99.67 1.4106e+03    263.710       6330  1027.4626  1027.4628     3.8380     2.3838     0.1825    33.8557    33.8559    8.35957         34 0.0000e+00
     48.000     47.498    -1.3116  27.107586    -1.3125  27.107169     7.9501     8.2342    14.9507    80.4060 1.0000e-12  -73.98994 -111.61620  43.585627      99.59 1.4139e+03    265.132       6364  1027.4677  1027.4680     3.8153     2.2660     0.1743    33.8558    33.8562    8.35986         32 0.0000e+00
     49.000     48.487    -1.3213  27.101043    -1.3217  27.101177     7.9266     8.2267    12.8758    81.3680 1.0000e-12  -73.98994 -111.61620  43.585643      99.74 1.4158e+03    266.568       6399  1027.4742  1027.4746     3.8600     2.4836     0.1912    33.8572    33.8578    8.36195         34 0.0000e+00
     50.000     49.478    -1.3242  27.099508    -1.3242  27.099692     7.9230     8.2222    16.0036    81.5438 1.0000e-12  -73.98994 -111.61620  43.585659      99.57 1.4168e+03    267.963       6432  1027.4795  1027.4797     3.8687     2.2467     0.1779    33.8577    33.8580    8.36256         33 0.0000e+00
     51.000     50.466    -1.3296  27.096219    -1.3294  27.096473     7.9138     8.2125    15.2525    81.1465 1.0000e-12  -73.98994 -111.61619  43.585675      99.53 1.4176e+03    269.366       6466  1027.4853  1027.4854     3.8494     2.2093     0.1912    33.8586    33.8588    8.36371         34 0.0000e+00
