ocean_section_plots/required_files/ctd/dnbp2202_ctd093.cnv
* Sea-Bird SBE 9 Data File:
* FileName = D:\Data\raw\NBP2202_CTD093.hex
* Software Version Seasave V 7.26.7.121
* Temperature SN = 1649
* Conductivity SN = 2513
* Number of Bytes Per Scan = 40
* Number of Voltage Words = 5
* Number of Scans Averaged by the Deck Unit = 1
* NMEA Latitude = 74 10.51 S
* NMEA Longitude = 113 20.67 W
* NMEA UTC (Time) = Jan 26 2022  23:04:50
* NMEA baud rate = 9600
** Ship: RVIB N.B. Palmer
** Cruise: NBP2202 Thwaites
** Station: YoYo001
** Operator: A. Robinson
# nquan = 25
# nvalues = 606                         
# units = specified
# name 0 = prDM: Pressure, Digiquartz [db]
# name 1 = depSM: Depth [salt water, m]
# name 2 = t090C: Temperature [ITS-90, deg C]
# name 3 = c0mS/cm: Conductivity [mS/cm]
# name 4 = t190C: Temperature, 2 [ITS-90, deg C]
# name 5 = c1mS/cm: Conductivity, 2 [mS/cm]
# name 6 = sbeox0ML/L: Oxygen, SBE 43 [ml/l]
# name 7 = sbeox1ML/L: Oxygen, SBE 43, 2 [ml/l]
# name 8 = flECO-AFL: Fluorescence, WET Labs ECO-AFL/FL [mg/m^3]
# name 9 = CStarTr0: Beam Transmission, WET Labs C-Star [%]
# name 10 = par: PAR/Irradiance, Biospherical/Licor
# name 11 = latitude: Latitude [deg]
# name 12 = longitude: Longitude [deg]
# name 13 = timeJ: Julian Days
# name 14 = altM: Altimeter [m]
# name 15 = spar: SPAR, Biospherical/Licor
# name 16 = timeS: Time, Elapsed [seconds]
# name 17 = scan: Scan Count
# name 18 = density00: Density [density, kg/m^3]
# name 19 = density11: Density, 2 [density, kg/m^3]
# name 20 = sal00: Salinity, Practical [PSU]
# name 21 = sal11: Salinity, Practical, 2 [PSU]
# name 22 = oxsolML/L: Oxygen Saturation, Garcia & Gordon [ml/l]
# name 23 = nbin: number of scans per bin
# name 24 = flag: flag
# span 0 =     10.000,    615.000       
# span 1 =      9.896,    607.732       
# span 2 =    -1.5488,     0.1023       
# span 3 =  26.891305,  28.937458       
# span 4 =    -1.5456,     0.1043       
# span 5 =  26.893045,  28.937243       
# span 6 =     4.6803,     8.5176       
# span 7 =     4.7458,     8.2780       
# span 8 =    -0.0219,    22.1523       
# span 9 =    71.8373,    95.4748       
# span 10 = -2.917e-06, 6.2130e+01      
# span 11 =  -74.17530,  -74.17528      
# span 12 = -113.34462, -113.34458      
# span 13 =  26.962391,  26.972030      
# span 14 =       5.93,      99.99      
# span 15 = 1.8200e+03, 1.8408e+03      
# span 16 =     60.598,    893.385      
# span 17 =       1455,      21442      
# span 18 =  1027.2176,  1030.5150      
# span 19 =  1027.2144,  1030.5127      
# span 20 =    33.7870,    34.3839      
# span 21 =    33.7842,    34.3814      
# span 22 =    8.02335,    8.41545      
# span 23 =         21,         45      
# span 24 = 0.0000e+00, 0.0000e+00      
# interval = decibars: 1                
# start_time = Jan 26 2022 23:04:50 [NMEA time, header]
# bad_flag = -9.990e-29
*END*
     10.000      9.896    -0.9909  27.305220    -0.9859  27.306574     8.5176     8.2780    22.1498    72.7075 6.2130e+01  -74.17530 -113.34458  26.962391      99.99 1.8383e+03     60.598       1455  1027.2176  1027.2144    33.7879    33.7842    8.29251         21 0.0000e+00
     11.000     10.885    -0.9976  27.299435    -0.9984  27.298304     8.3342     8.2023    19.1887    72.5545 4.6707e+01  -74.17530 -113.34458  26.962414      99.99 1.8381e+03     62.532       1502  1027.2221  1027.2218    33.7870    33.7863    8.29405         32 0.0000e+00
     12.000     11.875    -1.0392  27.269873    -1.0344  27.272307     8.2888     8.1870    20.6975    71.8373 3.5199e+01  -74.17530 -113.34458  26.962436      99.96 1.8387e+03     64.469       1548  1027.2345  1027.2326    33.7928    33.7908    8.30290         43 0.0000e+00
     13.000     12.865    -1.0374  27.271281    -1.0310  27.274945     8.1030     8.0324    20.7766    72.4126 2.6826e+01  -74.17530 -113.34458  26.962458      99.95 1.8387e+03     66.350       1593  1027.2385  1027.2365    33.7921    33.7899    8.30254         42 0.0000e+00
     14.000     13.854    -1.0824  27.236986    -1.0900  27.231228     7.7946     7.8019    22.1523    72.3138 2.0431e+01  -74.17530 -113.34458  26.962480      99.96 1.8382e+03     68.254       1639  1027.2487  1027.2498    33.7954    33.7960    8.31234         42 0.0000e+00
     15.000     14.845    -1.1400  27.194246    -1.1318  27.198686     7.6146     7.6583    19.9573    73.1264 1.5691e+01  -74.17530 -113.34458  26.962502      99.93 1.8378e+03     70.160       1685  1027.2612  1027.2583    33.8012    33.7981    8.32477         37 0.0000e+00
     16.000     15.834    -1.1799  27.162242    -1.1799  27.163284     7.4104     7.4704    17.0780    72.5394 1.2369e+01  -74.17530 -113.34458  26.962524      99.95 1.8378e+03     72.038       1730  1027.2685  1027.2697    33.8018    33.8033    8.33362         41 0.0000e+00
     17.000     16.823    -1.2248  27.128886    -1.2277  27.125971     7.3774     7.4473    16.4695    73.6340 9.8453e+00  -74.17530 -113.34458  26.962545      99.85 1.8369e+03     73.928       1775  1027.2788  1027.2785    33.8062    33.8056    8.34337         39 0.0000e+00
     18.000     17.813    -1.2289  27.126806    -1.2195  27.132829     7.4084     7.4670    16.8968    74.9103 7.8197e+00  -74.17530 -113.34458  26.962567      99.93 1.8368e+03     75.817       1821  1027.2840  1027.2815    33.8074    33.8050    8.34423         44 0.0000e+00
     19.000     18.802    -1.2266  27.129227    -1.2227  27.131640     7.4232     7.4759    16.9722    72.8749 6.2378e+00  -74.17530 -113.34458  26.962589      99.80 1.8355e+03     77.711       1866  1027.2881  1027.2871    33.8075    33.8064    8.34371         40 0.0000e+00
     20.000     19.792    -1.2284  27.128603    -1.2253  27.129993     7.4520     7.5141    16.5881    75.1691 5.0298e+00  -74.17530 -113.34458  26.962612      99.88 1.8353e+03     79.637       1912  1027.2930  1027.2916    33.8081    33.8064    8.34408         38 0.0000e+00
     21.000     20.780    -1.2204  27.136502    -1.2154  27.139114     7.5333     7.5780    16.7158    76.6374 4.0865e+00  -74.17530 -113.34458  26.962634      99.92 1.8352e+03     81.586       1959  1027.2979  1027.2959    33.8092    33.8071    8.34221         41 0.0000e+00
     22.000     21.772    -1.2034  27.151127    -1.1996  27.152779     7.4333     7.4791    16.1382    76.5167 3.3294e+00  -74.17530 -113.34458  26.962656      98.57 1.8355e+03     83.479       2004  1027.3016  1027.2998    33.8094    33.8074    8.33841         43 0.0000e+00
     23.000     22.760    -1.2343  27.124220    -1.2440  27.116982     7.2417     7.3461    15.4745    76.6599 2.6939e+00  -74.17530 -113.34458  26.962678      96.17 1.8368e+03     85.383       2050  1027.3061  1027.3077    33.8068    33.8078    8.34546         41 0.0000e+00
     24.000     23.750    -1.2666  27.100871    -1.2679  27.097646     7.3565     7.4282    18.8343    77.9497 2.1791e+00  -74.17530 -113.34458  26.962701      99.80 1.8357e+03     87.327       2097  1027.3156  1027.3133    33.8106    33.8077    8.35246         45 0.0000e+00
     25.000     24.740    -1.2341  27.127160    -1.2308  27.128810     7.3968     7.4751    16.7901    76.7645 1.7753e+00  -74.17530 -113.34459  26.962723      99.77 1.8365e+03     89.265       2143  1027.3171  1027.3157    33.8093    33.8079    8.34526         41 0.0000e+00
     26.000     25.729    -1.2365  27.125683    -1.2360  27.125157     7.3810     7.4782    14.7672    78.9060 1.4482e+00  -74.17530 -113.34460  26.962745      99.55 1.8368e+03     91.147       2189  1027.3220  1027.3210    33.8094    33.8081    8.34579         39 0.0000e+00
     27.000     26.719    -1.2378  27.125047    -1.2338  27.126728     7.3528     7.4659    13.4963    77.9534 1.1798e+00  -74.17530 -113.34460  26.962766      99.86 1.8369e+03     92.992       2233  1027.3268  1027.3248    33.8094    33.8072    8.34609         38 0.0000e+00
     28.000     27.707    -1.2480  27.116869    -1.2435  27.119056     7.3424     7.4554    14.4817    78.9353 9.5812e-01  -74.17530 -113.34460  26.962788      99.71 1.8376e+03     94.876       2278  1027.3319  1027.3300    33.8091    33.8070    8.34839         37 0.0000e+00
     29.000     28.698    -1.2423  27.121865    -1.2437  27.119827     7.3154     7.4199    14.7559    77.9330 7.8081e-01  -74.17530 -113.34460  26.962810      99.73 1.8369e+03     96.819       2325  1027.3361  1027.3352    33.8089    33.8077    8.34713         44 0.0000e+00
     30.000     29.685    -1.2561  27.111233    -1.2563  27.109657     7.2686     7.3805    15.5847    76.5381 6.3545e-01  -74.17530 -113.34460  26.962833      97.13 1.8369e+03     98.762       2371  1027.3419  1027.3404    33.8092    33.8073    8.35018         41 0.0000e+00
     31.000     30.678    -1.2637  27.105221    -1.2632  27.104469     7.2436     7.3637    14.2204    79.6085 5.1219e-01  -74.17530 -113.34460  26.962854      99.63 1.8380e+03    100.604       2415  1027.3469  1027.3456    33.8090    33.8074    8.35191         37 0.0000e+00
     32.000     31.666    -1.2681  27.102180    -1.2670  27.101875     7.2365     7.3536    13.4241    79.3700 4.1225e-01  -74.17530 -113.34460  26.962876      99.93 1.8374e+03    102.472       2460  1027.3519  1027.3505    33.8091    33.8075    8.35288         37 0.0000e+00
     33.000     32.656    -1.2688  27.102046    -1.2666  27.102671     7.2405     7.3462    12.5502    78.8013 3.3325e-01  -74.17530 -113.34460  26.962899      99.59 1.8376e+03    104.436       2507  1027.3567  1027.3552    33.8091    33.8075    8.35304         39 0.0000e+00
     34.000     33.645    -1.2695  27.102290    -1.2677  27.102321     7.2377     7.3577    13.1293    77.9222 2.6806e-01  -74.17530 -113.34460  26.962921      99.60 1.8374e+03    106.338       2553  1027.3618  1027.3601    33.8096    33.8076    8.35317         43 0.0000e+00
     35.000     34.634    -1.2709  27.101124    -1.2708  27.100153     7.2346     7.3461    12.9715    78.6618 2.1377e-01  -74.17530 -113.34460  26.962942      99.47 1.8370e+03    108.179       2597  1027.3661  1027.3649    33.8090    33.8075    8.35352         42 0.0000e+00
     36.000     35.623    -1.2723  27.100910    -1.2709  27.100225     7.2363     7.3412    12.5021    79.7701 1.6932e-01  -74.17530 -113.34460  26.962964      94.73 1.8369e+03    110.079       2643  1027.3714  1027.3693    33.8097    33.8071    8.35379         42 0.0000e+00
     37.000     36.616    -1.2791  27.094938    -1.2788  27.093924     7.2016     7.3230    13.0603    80.2550 1.3024e-01  -74.17530 -113.34460  26.962986      99.39 1.8369e+03    112.008       2689  1027.3756  1027.3743    33.8085    33.8068    8.35538         41 0.0000e+00
     38.000     37.602    -1.2785  27.095970    -1.2773  27.095793     7.1264     7.2636    12.9382    80.3344 9.9476e-02  -74.17530 -113.34460  26.963008      99.55 1.8374e+03    113.875       2734  1027.3804  1027.3791    33.8086    33.8070    8.35524         34 0.0000e+00
     39.000     38.593    -1.3050  27.074525    -1.3048  27.073862     7.0587     7.2214    13.2505    80.9825 7.4151e-02  -74.17530 -113.34460  26.963029      99.59 1.8375e+03    115.746       2779  1027.3866  1027.3858    33.8085    33.8074    8.36118         43 0.0000e+00
     40.000     39.582    -1.3101  27.071311    -1.3055  27.073715     7.0979     7.2336    10.9891    80.8823 5.2595e-02  -74.17530 -113.34460  26.963052      99.38 1.8369e+03    117.677       2825  1027.3921  1027.3903    33.8092    33.8073    8.36228         41 0.0000e+00
     41.000     40.571    -1.3068  27.074249    -1.3026  27.076591     7.0368     7.1761    11.6395    81.1748 3.4082e-02  -74.17530 -113.34460  26.963074      99.38 1.8381e+03    119.616       2872  1027.3962  1027.3948    33.8089    33.8073    8.36156         41 0.0000e+00
     42.000     41.562    -1.3233  27.060267    -1.3117  27.069153     6.6818     6.9245    11.3372    80.7182 1.9218e-02  -74.17530 -113.34460  26.963097      99.39 1.8371e+03    121.540       2918  1027.4010  1027.3996    33.8077    33.8068    8.36533         43 0.0000e+00
     43.000     42.551    -1.4172  26.983939    -1.3958  27.001132     6.3606     6.6304    10.7368    82.7682 7.6402e-03  -74.17530 -113.34460  26.963119      99.17 1.8368e+03    123.467       2964  1027.4115  1027.4100    33.8083    33.8078    8.38639         38 0.0000e+00
     44.000     43.540    -1.4548  26.955425    -1.4480  26.959543     6.2285     6.4129     8.1144    81.8389 4.3221e-05  -74.17530 -113.34460  26.963141      99.48 1.8352e+03    125.365       3010  1027.4200  1027.4182    33.8110    33.8090    8.39471         39 0.0000e+00
     45.000     44.527    -1.4787  26.935970    -1.4762  26.937391     6.0906     6.2576     6.9098    82.1358 -2.917e-06  -74.17530 -113.34460  26.963163      99.40 1.8352e+03    127.246       3055  1027.4251  1027.4244    33.8107    33.8098    8.40014         33 0.0000e+00
     46.000     45.519    -1.5052  26.916107    -1.5042  26.916321     5.9934     6.1510     5.5444    83.5809 1.0000e-12  -74.17530 -113.34460  26.963185      99.41 1.8356e+03    129.171       3101  1027.4322  1027.4316    33.8126    33.8118    8.40600         45 0.0000e+00
     47.000     46.508    -1.5176  26.907841    -1.5150  26.908772     5.9789     6.1089     4.3423    83.9628 1.0000e-12  -74.17530 -113.34460  26.963207      99.53 1.8371e+03    131.116       3148  1027.4386  1027.4373    33.8146    33.8130    8.40868         39 0.0000e+00
     48.000     47.497    -1.5206  26.906234    -1.5194  26.906093     5.9678     6.0787     3.9306    85.8385 1.0000e-12  -74.17530 -113.34460  26.963229      99.62 1.8372e+03    133.030       3194  1027.4434  1027.4422    33.8152    33.8136    8.40932         35 0.0000e+00
     49.000     48.487    -1.5251  26.903590    -1.5240  26.903370     5.9598     6.0679     3.0959    85.9124 1.0000e-12  -74.17530 -113.34460  26.963252      99.60 1.8380e+03    134.943       3240  1027.4486  1027.4475    33.8160    33.8145    8.41029         45 0.0000e+00
     50.000     49.477    -1.5270  26.902681    -1.5262  26.902370     5.9519     6.0555     2.8222    87.3785 1.0000e-12  -74.17530 -113.34460  26.963274      95.13 1.8371e+03    136.839       3285  1027.4534  1027.4524    33.8163    33.8150    8.41072         41 0.0000e+00
     51.000     50.466    -1.5281  26.902596    -1.5270  26.902522     5.9565     6.0549     2.7393    88.4650 1.0000e-12  -74.17530 -113.34460  26.963296      99.55 1.8367e+03    138.753       3331  1027.4583  1027.4573    33.8167    33.8155    8.41092         40 0.0000e+00
     52.000     51.456    -1.5277  26.903551    -1.5266  26.903489     5.9391     6.0194     2.5380    89.4566 1.0000e-12  -74.17530 -113.34460  26.963318      99.74 1.8376e+03    140.670       3377  1027.4631  1027.4619    33.8170    33.8157    8.41082         38 0.0000e+00
     53.000     52.445    -1.5305  26.901798    -1.5338  26.898362     5.8845     5.9796     2.5146    89.5283 1.0000e-12  -74.17530 -113.34460  26.963340      99.77 1.8379e+03    142.565       3423  1027.4680  1027.4673    33.8172    33.8161    8.41146         43 0.0000e+00
     54.000     53.434    -1.5375  26.897013    -1.5377  26.895838     5.8654     5.9675     2.2523    90.3087 1.0000e-12  -74.17530 -113.34460  26.963362      99.76 1.8376e+03    144.446       3468  1027.4735  1027.4725    33.8178    33.8164    8.41299         40 0.0000e+00
     55.000     54.424    -1.5399  26.895499    -1.5382  26.895921     5.8566     5.9546     2.0269    90.7853 1.0000e-12  -74.17530 -113.34460  26.963384      99.75 1.8369e+03    146.352       3513  1027.4784  1027.4772    33.8178    33.8165    8.41353         43 0.0000e+00
     56.000     55.413    -1.5409  26.895250    -1.5401  26.894880     5.8325     5.9231     1.9765    91.7018 1.0000e-12  -74.17530 -113.34460  26.963406      99.81 1.8369e+03    148.279       3560  1027.4833  1027.4821    33.8180    33.8166    8.41375         42 0.0000e+00
     57.000     56.402    -1.5436  26.894659    -1.5428  26.894234     5.8130     5.9037     2.2650    90.9944 1.0000e-12  -74.17530 -113.34460  26.963428      99.75 1.8369e+03    150.194       3606  1027.4894  1027.4882    33.8196    33.8182    8.41426         38 0.0000e+00
     58.000     57.391    -1.5451  26.893899    -1.5447  26.893351     5.7840     5.8881     1.5708    91.6328 1.0000e-12  -74.17530 -113.34460  26.963450      99.83 1.8369e+03    152.110       3652  1027.4943  1027.4932    33.8197    33.8184    8.41461         35 0.0000e+00
     59.000     58.382    -1.5488  26.891305    -1.5456  26.893045     5.7910     5.8975     1.6179    92.4779 1.0000e-12  -74.17530 -113.34460  26.963470      99.80 1.8377e+03    153.847       3693  1027.4992  1027.4980    33.8197    33.8184    8.41545         39 0.0000e+00
     60.000     59.370    -1.5471  26.893561    -1.5450  26.893979     5.8477     5.9395     1.6496    92.1403 1.0000e-12  -74.17530 -113.34460  26.963489      99.81 1.8380e+03    155.466       3732  1027.5043  1027.5027    33.8202    33.8184    8.41503         39 0.0000e+00
     61.000     60.360    -1.5354  26.904525    -1.5324  26.905657     5.8831     5.9638     1.3362    92.4122 1.0000e-12  -74.17530 -113.34460  26.963508      99.84 1.8368e+03    157.078       3771  1027.5093  1027.5077    33.8214    33.8196    8.41230         35 0.0000e+00
     62.000     61.349    -1.5329  26.907032    -1.5313  26.907247     5.8848     5.9662     1.3844    92.8389 1.0000e-12  -74.17530 -113.34460  26.963526      99.85 1.8380e+03    158.636       3808  1027.5140  1027.5127    33.8214    33.8199    8.41174         32 0.0000e+00
     63.000     62.338    -1.5322  26.908145    -1.5319  26.906974     5.8739     5.9717     1.4138    93.1071 1.0000e-12  -74.17530 -113.34460  26.963543      99.84 1.8380e+03    160.120       3844  1027.5189  1027.5173    33.8215    33.8196    8.41157         36 0.0000e+00
     64.000     63.328    -1.5319  26.908691    -1.5310  26.908286     5.8611     5.9651     1.6721    93.2478 1.0000e-12  -74.17530 -113.34460  26.963560      99.84 1.8370e+03    161.603       3879  1027.5235  1027.5223    33.8213    33.8197    8.41151         35 0.0000e+00
     65.000     64.316    -1.5347  26.906754    -1.5322  26.907551     5.8529     5.9489     2.3488    92.7471 1.0000e-12  -74.17530 -113.34460  26.963577      99.24 1.8372e+03    163.078       3915  1027.5285  1027.5270    33.8213    33.8195    8.41217         34 0.0000e+00
     66.000     65.307    -1.5340  26.907900    -1.5321  26.908730     5.8506     5.9454     2.0018    92.2297 1.0000e-12  -74.17530 -113.34460  26.963594      99.80 1.8373e+03    164.508       3949  1027.5334  1027.5325    33.8214    33.8204    8.41199         35 0.0000e+00
