ocean_section_plots/required_files/ctd/dnbp2202_ctd085.cnv
* Sea-Bird SBE 9 Data File:
* FileName = D:\Data\raw\NBP2202_CTD085.hex
* Software Version Seasave V 7.26.7.121
* Temperature SN = 1649
* Conductivity SN = 2513
* Number of Bytes Per Scan = 40
* Number of Voltage Words = 5
* Number of Scans Averaged by the Deck Unit = 1
* NMEA Latitude = 74 10.51 S
* NMEA Longitude = 113 20.67 W
* NMEA UTC (Time) = Jan 26 2022  19:28:49
* NMEA baud rate = 9600
** Ship: RVIB N.B. Palmer
** Cruise: NBP2202 Thwaites
** Station: YoYo001
** Operator: A. Robinson
# nquan = 25
# nvalues = 607                         
# units = specified
# name 0 = prDM: Pressure, Digiquartz [db]
# name 1 = depSM: Depth [salt water, m]
# name 2 = t090C: Temperature [ITS-90, deg C]
# name 3 = c0mS/cm: Conductivity [mS/cm]
# name 4 = t190C: Temperature, 2 [ITS-90, deg C]
# name 5 = c1mS/cm: Conductivity, 2 [mS/cm]
# name 6 = sbeox0ML/L: Oxygen, SBE 43 [ml/l]
# name 7 = sbeox1ML/L: Oxygen, SBE 43, 2 [ml/l]
# name 8 = flECO-AFL: Fluorescence, WET Labs ECO-AFL/FL [mg/m^3]
# name 9 = CStarTr0: Beam Transmission, WET Labs C-Star [%]
# name 10 = par: PAR/Irradiance, Biospherical/Licor
# name 11 = latitude: Latitude [deg]
# name 12 = longitude: Longitude [deg]
# name 13 = timeJ: Julian Days
# name 14 = altM: Altimeter [m]
# name 15 = spar: SPAR, Biospherical/Licor
# name 16 = timeS: Time, Elapsed [seconds]
# name 17 = scan: Scan Count
# name 18 = density00: Density [density, kg/m^3]
# name 19 = density11: Density, 2 [density, kg/m^3]
# name 20 = sal00: Salinity, Practical [PSU]
# name 21 = sal11: Salinity, Practical, 2 [PSU]
# name 22 = oxsolML/L: Oxygen Saturation, Garcia & Gordon [ml/l]
# name 23 = nbin: number of scans per bin
# name 24 = flag: flag
# span 0 =     10.000,    616.000       
# span 1 =      9.896,    608.716       
# span 2 =    -1.5914,     0.0936       
# span 3 =  26.945219,  28.926688       
# span 4 =    -1.5903,     0.0958       
# span 5 =  26.945036,  28.925757       
# span 6 =     4.6928,     8.6205       
# span 7 =     4.7668,     8.6552       
# span 8 =    -0.0224,    25.5656       
# span 9 =    68.9818,    95.7174       
# span 10 = 1.0000e-12, 5.9402e+01      
# span 11 =  -74.17530,  -74.17528      
# span 12 = -113.34462, -113.34459      
# span 13 =  26.812179,  26.820902      
# span 14 =       4.34,      99.99      
# span 15 = 1.5228e+03, 1.8128e+03      
# span 16 =     43.224,    796.929      
# span 17 =       1038,      19127      
# span 18 =  1027.2136,  1030.5176      
# span 19 =  1027.2181,  1030.5152      
# span 20 =    33.7827,    34.3813      
# span 21 =    33.7872,    34.3786      
# span 22 =    8.02534,    8.41677      
# span 23 =         19,         43      
# span 24 = 0.0000e+00, 0.0000e+00      
# interval = decibars: 1                
# start_time = Jan 26 2022 19:28:49 [NMEA time, header]
# bad_flag = -9.990e-29
*END*
[from data line 174]
    184.000    182.015    -1.5490  27.060557    -1.5475  27.060510     6.1983     6.3201     0.0727    95.5638 1.0000e-12  -74.17528 -113.34460  26.814563      99.87 1.7504e+03    249.238       5983  1028.2258  1028.2243    33.9755    33.9737    8.40618         28 0.0000e+00
    185.000    183.003    -1.5453  27.064769    -1.5441  27.064566     6.1989     6.3174     0.0398    95.5968 1.0000e-12  -74.17528 -113.34460  26.814576      99.87 1.7522e+03    250.391       6010  1028.2312  1028.2298    33.9765    33.9748    8.40528         28 0.0000e+00
    186.000    183.992    -1.5441  27.066559    -1.5431  27.066032     6.1995     6.3172     0.0585    95.5705 1.0000e-12  -74.17528 -113.34460  26.814590      99.87 1.7492e+03    251.541       6038  1028.2363  1028.2348    33.9769    33.9751    8.40497         27 0.0000e+00
    187.000    184.980    -1.5433  27.067776    -1.5422  27.067424     6.2044     6.3210     0.0771    95.5271 1.0000e-12  -74.17528 -113.34460  26.814603      99.87 1.7492e+03    252.677       6065  1028.2413  1028.2398    33.9771    33.9753    8.40478         27 0.0000e+00
    188.000    185.969    -1.5433  27.068212    -1.5421  27.067848     6.2018     6.3241     0.0614    95.5923 1.0000e-12  -74.17528 -113.34460  26.814616      99.87 1.7440e+03    253.812       6092  1028.2461  1028.2446    33.9770    33.9752    8.40478         28 0.0000e+00
    189.000    186.959    -1.5430  27.069139    -1.5416  27.069086     6.1955     6.3194     0.0549    95.5551 1.0000e-12  -74.17528 -113.34460  26.814629      99.87 1.7433e+03    254.967       6120  1028.2512  1028.2498    33.9774    33.9757    8.40471         28 0.0000e+00
    190.000    187.947    -1.5398  27.073058    -1.5380  27.073513     6.1946     6.3149     0.0538    95.5828 1.0000e-12  -74.17528 -113.34460  26.814643      99.87 1.7434e+03    256.131       6148  1028.2568  1028.2554    33.9786    33.9770    8.40391         28 0.0000e+00
    191.000    188.937    -1.5339  27.079511    -1.5326  27.079329     6.1670     6.2877     0.0593    95.5981 1.0000e-12  -74.17528 -113.34460  26.814656      99.87 1.7408e+03    257.292       6176  1028.2625  1028.2611    33.9801    33.9784    8.40249         27 0.0000e+00
    192.000    189.924    -1.5281  27.085944    -1.5262  27.086062     6.1327     6.2642     0.0648    95.5140 1.0000e-12  -74.17528 -113.34460  26.814669      93.61 1.7224e+03    258.431       6203  1028.2683  1028.2666    33.9817    33.9797    8.40107         27 0.0000e+00
    193.000    190.914    -1.4953  27.117497    -1.4949  27.116054     6.1194     6.2461     0.0628    95.5786 1.0000e-12  -74.17528 -113.34460  26.814682      42.52 1.7154e+03    259.550       6230  1028.2756  1028.2737    33.9873    33.9849    8.39332         27 0.0000e+00
    194.000    191.901    -1.4920  27.120857    -1.4899  27.121399     6.1163     6.2446     0.0497    95.5378 1.0000e-12  -74.17528 -113.34460  26.814695      65.55 1.7154e+03    260.671       6257  1028.2806  1028.2792    33.9876    33.9859    8.39257         27 0.0000e+00
    195.000    192.892    -1.4877  27.125284    -1.4878  27.123739     6.1036     6.2320     0.0274    95.5848 1.0000e-12  -74.17528 -113.34460  26.814708      99.70 1.7180e+03    261.807       6284  1028.2858  1028.2842    33.9881    33.9861    8.39156         28 0.0000e+00
    196.000    193.879    -1.4853  27.127853    -1.4845  27.126941     6.0766     6.1974     0.0367    95.6005 1.0000e-12  -74.17528 -113.34460  26.814722      99.86 1.7118e+03    262.969       6312  1028.2908  1028.2890    33.9883    33.9862    8.39101         28 0.0000e+00
    197.000    194.869    -1.4696  27.143371    -1.4644  27.145236     6.0693     6.1934     0.0556    95.6181 1.0000e-12  -74.17528 -113.34460  26.814735      99.87 1.7097e+03    264.145       6340  1028.2971  1028.2941    33.9913    33.9879    8.38730         28 0.0000e+00
    198.000    195.856    -1.4531  27.157694    -1.4524  27.157330     6.0729     6.2037     0.0407    95.6037 1.0000e-12  -74.17528 -113.34460  26.814749      99.87 1.7144e+03    265.302       6368  1028.3014  1028.3003    33.9916    33.9903    8.38355         27 0.0000e+00
    199.000    196.845    -1.4646  27.148465    -1.4656  27.146387     6.0648     6.1915     0.0175    95.6071 1.0000e-12  -74.17528 -113.34460  26.814762      99.86 1.7137e+03    266.447       6396  1028.3069  1028.3056    33.9914    33.9896    8.38617         28 0.0000e+00
    200.000    197.835    -1.4619  27.151751    -1.4596  27.152146     6.0473     6.1707     0.0273    95.5848 1.0000e-12  -74.17528 -113.34460  26.814775      99.87 1.7263e+03    267.580       6423  1028.3124  1028.3105    33.9922    33.9901    8.38551         27 0.0000e+00
    201.000    198.823    -1.4441  27.167480    -1.4417  27.168202     6.0263     6.1476     0.0289    95.5971 1.0000e-12  -74.17528 -113.34460  26.814788      99.87 1.7334e+03    268.701       6450  1028.3168  1028.3153    33.9930    33.9912    8.38146         27 0.0000e+00
    202.000    199.812    -1.4298  27.181836    -1.4245  27.184554     6.0104     6.1351     0.0359    95.6019 1.0000e-12  -74.17528 -113.34460  26.814801      99.87 1.7422e+03    269.834       6477  1028.3232  1028.3211    33.9959    33.9936    8.37806         27 0.0000e+00
    203.000    200.800    -1.4226  27.188283    -1.4218  27.187630     6.0050     6.1323     0.0323    95.5709 1.0000e-12  -74.17528 -113.34460  26.814815      75.81 1.7533e+03    270.991       6505  1028.3279  1028.3263    33.9960    33.9941    8.37644         28 0.0000e+00
    204.000    201.789    -1.4213  27.190313    -1.4223  27.187846     5.9822     6.1115     0.0949    95.5647 1.0000e-12  -74.17528 -113.34460  26.814828      91.53 1.7554e+03    272.156       6533  1028.3333  1028.3316    33.9967    33.9943    8.37611         28 0.0000e+00
    205.000    202.778    -1.4149  27.196712    -1.4156  27.194266     5.9326     6.0694     0.0225    95.4187 1.0000e-12  -74.17528 -113.34460  26.814842      99.92 1.7588e+03    273.319       6561  1028.3386  1028.3366    33.9976    33.9949    8.37462         28 0.0000e+00
    206.000    203.767    -1.3849  27.224148    -1.3830  27.223354     5.8997     6.0321     0.0273    95.4955 1.0000e-12  -74.17528 -113.34460  26.814855      99.86 1.7575e+03    274.464       6588  1028.3441  1028.3414    34.0005    33.9973    8.36769         27 0.0000e+00
    207.000    204.755    -1.3563  27.250163    -1.3545  27.249954     5.8861     6.0130     0.0235    95.6076 1.0000e-12  -74.17528 -113.34460  26.814868      99.87 1.7561e+03    275.593       6615  1028.3494  1028.3475    34.0032    34.0009    8.36112         27 0.0000e+00
    208.000    205.744    -1.3561  27.252198    -1.3543  27.251992     5.8634     5.9935     0.0229    95.6089 1.0000e-12  -74.17528 -113.34460  26.814881      99.87 1.7563e+03    276.727       6642  1028.3561  1028.3542    34.0051    34.0029    8.36096         28 0.0000e+00
    209.000    206.732    -1.3412  27.266706    -1.3397  27.266190     5.8239     5.9532     0.0113    95.5469 1.0000e-12  -74.17528 -113.34460  26.814894      99.87 1.7526e+03    277.870       6670  1028.3622  1028.3602    34.0076    34.0051    8.35748         27 0.0000e+00
    210.000    207.721    -1.3173  27.289401    -1.3157  27.288620     5.7703     5.8989     0.0190    95.6061 1.0000e-12  -74.17528 -113.34460  26.814908      99.87 1.7427e+03    279.019       6697  1028.3685  1028.3661    34.0109    34.0081    8.35193         28 0.0000e+00
    211.000    208.709    -1.2800  27.324264    -1.2807  27.321338     5.7269     5.8666     0.0143    95.6191 1.0000e-12  -74.17528 -113.34460  26.814921      99.87 1.7409e+03    280.171       6725  1028.3751  1028.3726    34.0158    34.0126    8.34329         27 0.0000e+00
    212.000    209.698    -1.2567  27.345894    -1.2556  27.344908     5.7198     5.8495     0.0077    95.5809 1.0000e-12  -74.17528 -113.34460  26.814934      99.87 1.7467e+03    281.325       6753  1028.3810  1028.3788    34.0185    34.0158    8.33795         28 0.0000e+00
    213.000    210.688    -1.2528  27.349642    -1.2518  27.348760     5.7048     5.8376    -0.0003    95.5896 1.0000e-12  -74.17528 -113.34460  26.814948      99.86 1.7431e+03    282.471       6780  1028.3860  1028.3842    34.0185    34.0162    8.33706         28 0.0000e+00
    214.000    211.676    -1.2500  27.352870    -1.2484  27.352252     5.6699     5.7992    -0.0004    95.6065 1.0000e-12  -74.17528 -113.34460  26.814961      99.87 1.7448e+03    283.616       6808  1028.3916  1028.3893    34.0191    34.0165    8.33641         27 0.0000e+00
    215.000    212.664    -1.2222  27.378282    -1.2210  27.377263     5.6180     5.7401     0.0043    95.5733 1.0000e-12  -74.17528 -113.34460  26.814974      92.26 1.7429e+03    284.763       6835  1028.3970  1028.3948    34.0217    34.0191    8.33005         28 0.0000e+00
    216.000    213.652    -1.1931  27.404395    -1.1898  27.405262     5.5929     5.7219     0.0118    95.4949 1.0000e-12  -74.17528 -113.34460  26.814987      96.40 1.7413e+03    285.905       6863  1028.4020  1028.3997    34.0240    34.0214    8.32346         27 0.0000e+00
    217.000    214.642    -1.1691  27.425492    -1.1730  27.420609     5.5916     5.7143     0.0143    95.6142 1.0000e-12  -74.17528 -113.34460  26.815001      99.84 1.7394e+03    287.052       6890  1028.4065  1028.4049    34.0249    34.0227    8.31805         28 0.0000e+00
    218.000    215.631    -1.1803  27.417419    -1.1797  27.415937     5.5820     5.6987    -0.0018    95.6134 1.0000e-12  -74.17528 -113.34460  26.815014      99.87 1.7376e+03    288.196       6918  1028.4133  1028.4112    34.0260    34.0233    8.32048         27 0.0000e+00
    219.000    216.617    -1.1662  27.430730    -1.1646  27.430153     5.5672     5.6821    -0.0077    95.6163 1.0000e-12  -74.17528 -113.34460  26.815027      99.87 1.7356e+03    289.350       6945  1028.4189  1028.4167    34.0276    34.0250    8.31726         28 0.0000e+00
    220.000    217.607    -1.1512  27.444958    -1.1503  27.443678     5.5513     5.6704     0.0049    95.6063 1.0000e-12  -74.17528 -113.34460  26.815041      99.87 1.7347e+03    290.506       6973  1028.4245  1028.4222    34.0295    34.0266    8.31382         28 0.0000e+00
    221.000    218.597    -1.1443  27.451455    -1.1427  27.450856     5.5338     5.6455     0.0140    95.5637 1.0000e-12  -74.17528 -113.34460  26.815054      99.87 1.7341e+03    291.667       7001  1028.4296  1028.4274    34.0299    34.0273    8.31226         27 0.0000e+00
    222.000    219.584    -1.1366  27.459234    -1.1332  27.459930     5.5081     5.6219     0.0149    95.5774 1.0000e-12  -74.17528 -113.34460  26.815067      99.87 1.7329e+03    292.817       7029  1028.4352  1028.4327    34.0312    34.0283    8.31048         27 0.0000e+00
    223.000    220.573    -1.1050  27.488321    -1.1032  27.487651     5.5082     5.6185    -0.0064    95.5887 1.0000e-12  -74.17528 -113.34460  26.815080      99.87 1.7342e+03    293.937       7055  1028.4408  1028.4383    34.0345    34.0315    8.30327         28 0.0000e+00
    224.000    221.562    -1.1067  27.487561    -1.1063  27.486198     5.5084     5.6131     0.0063    95.5988 1.0000e-12  -74.17528 -113.34460  26.815093      99.87 1.7348e+03    295.055       7082  1028.4463  1028.4445    34.0347    34.0324    8.30363         27 0.0000e+00
    225.000    222.550    -1.1088  27.486264    -1.1074  27.485782     5.5224     5.6182    -0.0213    95.6000 1.0000e-12  -74.17528 -113.34460  26.815106      99.87 1.7365e+03    296.198       7110  1028.4517  1028.4497    34.0348    34.0325    8.30411         27 0.0000e+00
    226.000    223.539    -1.1096  27.486410    -1.1075  27.486376     5.5343     5.6340    -0.0088    95.5759 1.0000e-12  -74.17528 -113.34460  26.815120      82.44 1.7392e+03    297.348       7137  1028.4571  1028.4550    34.0352    34.0327    8.30424         28 0.0000e+00
    227.000    224.527    -1.1183  27.479317    -1.1174  27.478400     5.5384     5.6407    -0.0139    95.5714 1.0000e-12  -74.17528 -113.34460  26.815133      88.26 1.7400e+03    298.498       7165  1028.4624  1028.4605    34.0348    34.0325    8.30620         27 0.0000e+00
    228.000    225.516    -1.1221  27.476870    -1.1209  27.476039     5.5385     5.6428    -0.0074    95.5758 1.0000e-12  -74.17528 -113.34460  26.815146      99.91 1.7404e+03    299.649       7193  1028.4678  1028.4658    34.0350    34.0326    8.30702         28 0.0000e+00
    229.000    226.505    -1.1222  27.477118    -1.1208  27.476548     5.5230     5.6293    -0.0077    95.5933 1.0000e-12  -74.17528 -113.34460  26.815160      99.87 1.7393e+03    300.788       7220  1028.4726  1028.4707    34.0349    34.0326    8.30705         27 0.0000e+00
    230.000    227.493    -1.1181  27.481914    -1.1170  27.480950     5.4981     5.6078    -0.0077    95.5823 1.0000e-12  -74.17528 -113.34460  26.815173      99.87 1.7385e+03    301.935       7247  1028.4783  1028.4761    34.0362    34.0336    8.30607         28 0.0000e+00
    231.000    228.481    -1.0978  27.500998    -1.0965  27.500240     5.4800     5.5874    -0.0077    95.5622 1.0000e-12  -74.17528 -113.34460  26.815186      99.87 1.7377e+03    303.095       7275  1028.4838  1028.4816    34.0387    34.0361    8.30143         28 0.0000e+00
    232.000    229.470    -1.0881  27.510172    -1.0860  27.510283     5.4548     5.5659    -0.0007    95.5895 1.0000e-12  -74.17528 -113.34460  26.815200      99.87 1.7260e+03    304.248       7303  1028.4888  1028.4868    34.0396    34.0373    8.29923         27 0.0000e+00
    233.000    230.459    -1.0738  27.524135    -1.0745  27.521291     5.4228     5.5359     0.0043    95.5924 1.0000e-12  -74.17528 -113.34460  26.815213      99.87 1.7065e+03    305.393       7330  1028.4945  1028.4921    34.0418    34.0388    8.29593         28 0.0000e+00
    234.000    231.447    -1.0511  27.545291    -1.0481  27.545698     5.3917     5.5068    -0.0037    95.5845 1.0000e-12  -74.17528 -113.34460  26.815226      99.87 1.7126e+03    306.516       7357  1028.5000  1028.4975    34.0444    34.0415    8.29076         26 0.0000e+00
    235.000    232.436    -1.0306  27.564410    -1.0334  27.559553     5.3678     5.4834    -0.0077    95.5790 1.0000e-12  -74.17528 -113.34460  26.815239      99.87 1.7143e+03    307.625       7384  1028.5054  1028.5028    34.0466    34.0432    8.28611         27 0.0000e+00
    236.000    233.425    -1.0155  27.578414    -1.0145  27.577350     5.3530     5.4611    -0.0112    95.5743 1.0000e-12  -74.17528 -113.34460  26.815252      99.87 1.7198e+03    308.747       7411  1028.5105  1028.5084    34.0479    34.0454    8.28269         27 0.0000e+00
    237.000    234.412    -1.0030  27.591694    -1.0006  27.591537     5.3486     5.4599    -0.0190    95.5675 1.0000e-12  -74.17528 -113.34460  26.815265      99.87 1.7290e+03    309.897       7439  1028.5174  1028.5149    34.0512    34.0484    8.27974         28 0.0000e+00
    238.000    235.402    -1.0023  27.592949    -0.9973  27.595613     5.3482     5.4612    -0.0177    95.5694 1.0000e-12  -74.17528 -113.34460  26.815278      84.53 1.7295e+03    311.054       7466  1028.5228  1028.5208    34.0516    34.0495    8.27957         28 0.0000e+00
    239.000    236.388    -0.9970  27.598648    -0.9977  27.595859     5.3397     5.4495    -0.0147    95.5467 1.0000e-12  -74.17528 -113.34460  26.815292      97.00 1.7325e+03    312.193       7494  1028.5283  1028.5260    34.0527    34.0497    8.27833         26 0.0000e+00
    240.000    237.379    -0.9871  27.608937    -0.9858  27.607813     5.3266     5.4255    -0.0100    95.5547 1.0000e-12  -74.17528 -113.34460  26.815305      99.88 1.7349e+03    313.318       7521  1028.5344  1028.5320    34.0549    34.0519    8.27602         28 0.0000e+00
