ocean_section_plots/required_files/ctd/dnbp2202_ctd016.cnv
* Sea-Bird SBE 9 Data File:
* FileName = D:\Data\raw\NBP2202_CTD016.hex
* Software Version Seasave V 7.26.7.121
* Temperature SN = 1649
* Conductivity SN = 2513
* Number of Bytes Per Scan = 40
* Number of Voltage Words = 5
* Number of Scans Averaged by the Deck Unit = 1
* NMEA Latitude = 73 09.18 S
* NMEA Longitude = 113 59.92 W
* NMEA UTC (Time) = Jan 17 2022  05:04:18
* NMEA baud rate = 9600
** Ship: RVIB N.B. Palmer
** Cruise: NBP2202 Thwaites
** Station: #11
** Operator: B Bjork
# nquan = 25
# nvalues = 568                         
# units = specified
# name 0 = prDM: Pressure, Digiquartz [db]
# name 1 = depSM: Depth [salt water, m]
# name 2 = t090C: Temperature [ITS-90, deg C]
# name 3 = c0mS/cm: Conductivity [mS/cm]
# name 4 = t190C: Temperature, 2 [ITS-90, deg C]
# name 5 = c1mS/cm: Conductivity, 2 [mS/cm]
# name 6 = sbeox0ML/L: Oxygen, SBE 43 [ml/l]
# name 7 = sbeox1ML/L: Oxygen, SBE 43, 2 [ml/l]
# name 8 = flECO-AFL: Fluorescence, WET Labs ECO-AFL/FL [mg/m^3]
# name 9 = CStarTr0: Beam Transmission, WET Labs C-Star [%]
# name 10 = par: PAR/Irradiance, Biospherical/Licor
# name 11 = latitude: Latitude [deg]
# name 12 = longitude: Longitude [deg]
# name 13 = timeJ: Julian Days
# name 14 = altM: Altimeter [m]
# name 15 = spar: SPAR, Biospherical/Licor
# name 16 = timeS: Time, Elapsed [seconds]
# name 17 = scan: Scan Count
# name 18 = density00: Density [density, kg/m^3]
# name 19 = density11: Density, 2 [density, kg/m^3]
# name 20 = sal00: Salinity, Practical [PSU]
# name 21 = sal11: Salinity, Practical, 2 [PSU]
# name 22 = oxsolML/L: Oxygen Saturation, Garcia & Gordon [ml/l]
# name 23 = nbin: number of scans per bin
# name 24 = flag: flag
# span 0 =      2.000,    569.000       
# span 1 =      1.979,    562.365       
# span 2 =    -1.8171,     0.6018       
# span 3 =  26.992942,  29.499797       
# span 4 =    -1.8161,     0.6034       
# span 5 =  26.992651,  29.498250       
# span 6 =     4.5767,     8.8317       
# span 7 =     4.8424,     9.3434       
# span 8 =    -0.0232,    25.4361       
# span 9 =    70.9203,    99.5907       
# span 10 = -1.955e-04, 1.4315e+01      
# span 11 =  -73.15302,  -73.15300      
# span 12 = -113.99880, -113.99870      
# span 13 =  17.213627,  17.223645      
# span 14 =       8.96,     101.36      
# span 15 = 4.7596e+01, 7.6027e+01      
# span 16 =    199.342,   1064.961      
# span 17 =       4785,      25560      
# span 18 =  1027.2282,  1030.4246      
# span 19 =  1027.2280,  1030.4216      
# span 20 =    33.8810,    34.5893      
# span 21 =    33.8804,    34.5855      
# span 22 =    7.90876,    8.45687      
# span 23 =         17,         47      
# span 24 = 0.0000e+00, 0.0000e+00      
# interval = decibars: 1                
# start_time = Jan 17 2022 05:04:18 [NMEA time, header]
# bad_flag = -9.990e-29
*END*
      2.000      1.979    -0.3268  27.921525    -0.3266  27.921560     8.8317     8.4178    22.7484    71.0927 1.4315e+01  -73.15302 -113.99874  17.213627      99.96 4.7673e+01    199.342       4785  1027.2282  1027.2280    33.8810    33.8808    8.14267         30 0.0000e+00
      3.000      2.970    -0.3248  27.924023    -0.3249  27.923498     8.8308     8.4496    24.3263    72.3245 9.6748e+00  -73.15302 -113.99874  17.213648      99.98 4.7596e+01    201.152       4829  1027.2333  1027.2327    33.8815    33.8808    8.14222         36 0.0000e+00
      4.000      3.958    -0.3234  27.925495    -0.3261  27.922907     8.8260     8.5363    23.4157    71.9644 6.9766e+00  -73.15302 -113.99876  17.213680      89.90 4.7848e+01    203.960       4896  1027.2377  1027.2376    33.8812    33.8808    8.14192         41 0.0000e+00
      5.000      4.948    -0.3218  27.927109    -0.3201  27.928173     8.8310     8.5869    22.8376    72.9364 5.0386e+00  -73.15302 -113.99876  17.213716      94.57 4.8460e+01    207.090       4971  1027.2423  1027.2417    33.8810    33.8805    8.14159         31 0.0000e+00
      6.000      5.938    -0.3251  27.925079    -0.3252  27.924805     8.8267     8.6280    22.6545    72.6028 3.3576e+00  -73.15302 -113.99876  17.213732     100.38 4.9225e+01    208.438       5004  1027.2476  1027.2474    33.8814    33.8812    8.14227         29 0.0000e+00
      7.000      6.929    -0.3232  27.926898    -0.3243  27.925702     8.8158     8.9051    22.6260    71.7383 2.6484e+00  -73.15302 -113.99876  17.213779      99.97 4.9349e+01    212.483       5101  1027.2520  1027.2518    33.8812    33.8808    8.14190         31 0.0000e+00
      8.000      7.917    -0.3261  27.925021    -0.3276  27.923621     8.8153     8.9361    22.6640    71.5237 1.8548e+00  -73.15302 -113.99876  17.213800      99.96 4.9361e+01    214.326       5145  1027.2570  1027.2570    33.8812    33.8810    8.14250         35 0.0000e+00
      9.000      8.909    -0.3316  27.921170    -0.3291  27.922642     8.8154     9.0072    23.2381    71.5283 1.3500e+00  -73.15302 -113.99876  17.213818      99.97 4.9361e+01    215.899       5183  1027.2625  1027.2617    33.8816    33.8808    8.14366         39 0.0000e+00
     10.000      9.896    -0.3304  27.922567    -0.3282  27.923635     8.8116     9.1935    23.2174    71.5971 1.0759e+00  -73.15302 -113.99876  17.213847      99.97 4.9778e+01    218.392       5242  1027.2671  1027.2661    33.8815    33.8804    8.14340         41 0.0000e+00
     11.000     10.887    -0.3297  27.923420    -0.3279  27.924464     8.8084     9.2515    23.2544    73.1062 7.7757e-01  -73.15302 -113.99876  17.213873      99.69 5.0920e+01    220.621       5296  1027.2717  1027.2710    33.8813    33.8807    8.14328         43 0.0000e+00
     12.000     11.876    -0.3308  27.923140    -0.3308  27.922807     8.7920     9.2369    23.0614    72.8180 5.6385e-01  -73.15302 -113.99876  17.213890      99.97 5.1122e+01    222.132       5332  1027.2767  1027.2763    33.8815    33.8810    8.14350         34 0.0000e+00
     13.000     12.866    -0.3451  27.911910    -0.3465  27.910737     8.7788     9.2499    22.3869    72.4764 4.3873e-01  -73.15302 -113.99876  17.213908      99.97 5.1124e+01    223.657       5369  1027.2827  1027.2829    33.8818    33.8819    8.14654         40 0.0000e+00
     14.000     13.856    -0.3529  27.906141    -0.3527  27.905736     8.7667     9.3182    24.7100    72.7424 3.3561e-01  -73.15302 -113.99876  17.213937      99.97 5.1124e+01    226.128       5428  1027.2882  1027.2876    33.8822    33.8814    8.14819         40 0.0000e+00
     15.000     14.846    -0.3518  27.907486    -0.3513  27.907360     8.7723     9.3414    23.5154    72.5273 2.4525e-01  -73.15302 -113.99876  17.213962      99.95 5.1124e+01    228.315       5481  1027.2928  1027.2922    33.8822    33.8814    8.14796         33 0.0000e+00
     16.000     15.835    -0.3513  27.908277    -0.3505  27.908484     8.7784     9.3360    22.0798    71.7821 1.8436e-01  -73.15302 -113.99876  17.213981      99.98 5.1389e+01    229.932       5519  1027.2974  1027.2968    33.8821    33.8814    8.14786         35 0.0000e+00
     17.000     16.825    -0.3526  27.907709    -0.3500  27.909263     8.7780     9.3358    23.0572    72.3891 1.3025e-01  -73.15302 -113.99876  17.214002      99.98 5.2531e+01    231.811       5564  1027.3022  1027.3014    33.8821    33.8813    8.14813         41 0.0000e+00
     18.000     17.814    -0.3522  27.908624    -0.3516  27.908493     8.7837     9.3434    25.0377    70.9203 9.0107e-02  -73.15302 -113.99876  17.214027      99.85 5.2893e+01    233.949       5616  1027.3070  1027.3063    33.8823    33.8814    8.14803         39 0.0000e+00
     19.000     18.803    -0.3501  27.910777    -0.3487  27.911223     8.7954     9.3431    24.3851    72.3742 6.9883e-02  -73.15302 -113.99876  17.214047      99.97 5.2886e+01    235.701       5658  1027.3116  1027.3107    33.8822    33.8812    8.14759         42 0.0000e+00
     20.000     19.793    -0.3516  27.910082    -0.3519  27.909468     8.7624     9.3138    22.7474    72.0599 4.0115e-02  -73.15302 -113.99876  17.214073      99.98 5.3186e+01    237.872       5710  1027.3165  1027.3162    33.8823    33.8818    8.14790         35 0.0000e+00
     21.000     20.783    -0.3629  27.901108    -0.3633  27.900563     8.7342     9.3142    20.1263    73.1756 1.5868e-02  -73.15301 -113.99876  17.214095      99.98 5.4509e+01    239.823       5757  1027.3222  1027.3220    33.8824    33.8821    8.15033         37 0.0000e+00
     22.000     21.772    -0.3718  27.894801    -0.3718  27.894026     8.7472     9.3235    20.9533    73.0900 3.9345e-03  -73.15302 -113.99876  17.214110      99.97 5.4697e+01    241.147       5789  1027.3282  1027.3274    33.8831    33.8822    8.15218         32 0.0000e+00
     23.000     22.767    -0.3653  27.900538    -0.3652  27.899468     8.7437     9.3126    21.6103    72.6420 -1.955e-04  -73.15302 -113.99876  17.214135      99.97 5.4861e+01    243.247       5839  1027.3323  1027.3310    33.8830    33.8815    8.15080         26 0.0000e+00
     24.000     23.751    -0.3684  27.898334    -0.3662  27.899563     8.7327     9.3118    21.4384    73.0933 1.0000e-12  -73.15302 -113.99875  17.214168      94.21 5.6310e+01    246.109       5908  1027.3371  1027.3363    33.8829    33.8821    8.15148         35 0.0000e+00
     25.000     24.740    -0.3647  27.901777    -0.3652  27.901004     8.7221     9.3046    20.1109    72.6140 1.0000e-12  -73.15302 -113.99874  17.214182      99.94 5.6411e+01    247.306       5936  1027.3415  1027.3411    33.8828    33.8823    8.15069         28 0.0000e+00
     26.000     25.731    -0.3835  27.886931    -0.3810  27.888685     8.7196     9.3010    21.6030    72.1929 1.0000e-12  -73.15302 -113.99874  17.214197      99.97 5.6412e+01    248.602       5967  1027.3480  1027.3474    33.8833    33.8828    8.15470         35 0.0000e+00
     27.000     26.719    -0.3837  27.887248    -0.3845  27.886181     8.7240     9.2984    22.2319    72.3401 1.0000e-12  -73.15302 -113.99874  17.214229      99.98 5.7216e+01    251.345       6033  1027.3526  1027.3522    33.8833    33.8828    8.15473         27 0.0000e+00
     28.000     27.710    -0.3834  27.887910    -0.3816  27.888660     8.7335     9.3027    22.5287    72.6826 1.0000e-12  -73.15302 -113.99874  17.214254      99.99 5.8010e+01    253.535       6086  1027.3573  1027.3563    33.8833    33.8823    8.15468         38 0.0000e+00
     29.000     28.699    -0.3808  27.890735    -0.3807  27.890077     8.7206     9.2992    19.9556    73.5869 1.0000e-12  -73.15302 -113.99874  17.214271      99.97 5.8172e+01    254.975       6120  1027.3620  1027.3612    33.8835    33.8825    8.15410         35 0.0000e+00
     30.000     29.688    -0.3826  27.890026    -0.3795  27.891503     8.6970     9.2812    19.4009    73.0695 1.0000e-12  -73.15302 -113.99873  17.214290      99.98 5.8175e+01    256.676       6161  1027.3672  1027.3658    33.8839    33.8824    8.15446         42 0.0000e+00
     31.000     30.679    -0.4002  27.876681    -0.3972  27.877865     8.6870     9.2720    24.2852    72.9761 1.0000e-12  -73.15302 -113.99873  17.214317      99.31 5.8740e+01    259.017       6217  1027.3741  1027.3725    33.8851    33.8834    8.15818         35 0.0000e+00
     32.000     31.669    -0.3958  27.879536    -0.3966  27.878392     8.6911     9.2749    23.4516    72.5489 1.0000e-12  -73.15302 -113.99874  17.214341      99.88 5.9777e+01    261.031       6266  1027.3771  1027.3766    33.8835    33.8827    8.15733         39 0.0000e+00
     33.000     32.658    -0.3954  27.880648    -0.3925  27.882121     8.7038     9.2772    22.9518    73.4953 1.0000e-12  -73.15302 -113.99874  17.214360      99.97 5.9936e+01    262.704       6306  1027.3821  1027.3809    33.8839    33.8826    8.15722         38 0.0000e+00
     34.000     33.646    -0.3909  27.884573    -0.3939  27.881775     8.7067     9.2802    22.7606    73.3962 1.0000e-12  -73.15302 -113.99874  17.214381      99.97 5.9938e+01    264.524       6350  1027.3862  1027.3862    33.8835    33.8831    8.15627         45 0.0000e+00
     35.000     34.639    -0.3922  27.884135    -0.3894  27.885501     8.6973     9.2715    23.3049    72.5665 1.0000e-12  -73.15302 -113.99874  17.214408      99.97 6.0169e+01    266.830       6405  1027.3913  1027.3900    33.8837    33.8824    8.15653         42 0.0000e+00
     36.000     35.626    -0.3971  27.880582    -0.3945  27.882110     8.7051     9.2762    21.9528    72.3983 1.0000e-12  -73.15302 -113.99874  17.214428      99.96 6.0592e+01    268.622       6448  1027.3965  1027.3957    33.8838    33.8830    8.15759         38 0.0000e+00
     37.000     36.615    -0.3956  27.882228    -0.3961  27.881554     8.6999     9.2790    22.9394    72.6039 1.0000e-12  -73.15302 -113.99874  17.214448      99.98 6.1608e+01    270.280       6488  1027.4011  1027.4009    33.8838    33.8835    8.15727         40 0.0000e+00
     38.000     37.605    -0.3951  27.883140    -0.3947  27.882852     8.6956     9.2782    21.7978    73.5554 1.0000e-12  -73.15302 -113.99874  17.214476      96.32 6.1700e+01    272.706       6546  1027.4058  1027.4052    33.8838    33.8830    8.15716         42 0.0000e+00
     39.000     38.595    -0.3920  27.886201    -0.3916  27.885762     8.6732     9.2495    21.9497    73.7730 1.0000e-12  -73.15302 -113.99874  17.214499     100.08 6.2262e+01    274.716       6594  1027.4104  1027.4095    33.8838    33.8828    8.15649         39 0.0000e+00
     40.000     39.584    -0.4026  27.877789    -0.3998  27.879875     8.6401     9.2237    20.7736    73.0769 1.0000e-12  -73.15302 -113.99874  17.214516      99.98 6.3464e+01    276.189       6630  1027.4160  1027.4155    33.8838    33.8834    8.15878         33 0.0000e+00
     41.000     40.573    -0.4220  27.862548    -0.4222  27.861703     8.6412     9.2135    22.1371    73.2756 1.0000e-12  -73.15302 -113.99875  17.214539      99.99 6.3464e+01    278.167       6677  1027.4225  1027.4218    33.8845    33.8835    8.16291         38 0.0000e+00
     42.000     41.565    -0.4206  27.864200    -0.4212  27.862823     8.6427     9.2176    21.8587    72.7522 1.0000e-12  -73.15302 -113.99875  17.214567      99.99 6.5251e+01    280.630       6736  1027.4270  1027.4261    33.8844    33.8833    8.16259         41 0.0000e+00
     43.000     42.553    -0.4206  27.864524    -0.4200  27.864315     8.6350     9.2201    25.4361    73.3723 1.0000e-12  -73.15302 -113.99875  17.214585      99.98 6.5227e+01    282.170       6773  1027.4316  1027.4307    33.8843    33.8833    8.16261         33 0.0000e+00
     44.000     43.542    -0.4226  27.863488    -0.4207  27.864226     8.6379     9.2160    20.1276    73.4000 1.0000e-12  -73.15302 -113.99875  17.214603      99.98 6.5227e+01    283.703       6810  1027.4366  1027.4355    33.8845    33.8833    8.16303         41 0.0000e+00
     45.000     44.530    -0.4242  27.862703    -0.4232  27.862637     8.6430     9.2145    20.3615    73.0872 1.0000e-12  -73.15302 -113.99875  17.214634      99.42 6.5227e+01    286.412       6875  1027.4414  1027.4404    33.8846    33.8834    8.16336         38 0.0000e+00
     46.000     45.522    -0.4214  27.865336    -0.4222  27.863979     8.6485     9.2142    19.2241    72.8342 1.0000e-12  -73.15302 -113.99874  17.214655     100.00 6.5451e+01    288.176       6917  1027.4459  1027.4452    33.8844    33.8835    8.16277         32 0.0000e+00
     47.000     46.511    -0.4238  27.863997    -0.4233  27.863525     8.6484     9.2163    18.9831    73.4039 1.0000e-12  -73.15302 -113.99875  17.214670      99.98 6.5983e+01    289.494       6949  1027.4510  1027.4500    33.8847    33.8835    8.16327         36 0.0000e+00
     48.000     47.501    -0.4271  27.861610    -0.4245  27.863183     8.6331     9.2060    21.3906    73.3260 1.0000e-12  -73.15302 -113.99876  17.214699      99.99 6.6657e+01    292.022       7010  1027.4559  1027.4550    33.8846    33.8837    8.16399         35 0.0000e+00
     49.000     48.490    -0.4318  27.858309    -0.4306  27.858661     8.6183     9.1888    20.2199    73.2254 1.0000e-12  -73.15302 -113.99874  17.214726      99.99 6.7002e+01    294.294       7064  1027.4611  1027.4603    33.8848    33.8839    8.16500         31 0.0000e+00
     50.000     49.478    -0.4353  27.856023    -0.4340  27.856273     8.6128     9.1802    18.0685    73.4544 1.0000e-12  -73.15302 -113.99874  17.214739      99.98 6.6989e+01    295.435       7091  1027.4663  1027.4654    33.8850    33.8839    8.16573         28 0.0000e+00
     51.000     50.468    -0.4408  27.852314    -0.4403  27.852267     8.6046     9.1713    20.3282    73.4464 1.0000e-12  -73.15302 -113.99874  17.214757      98.08 6.7264e+01    297.012       7129  1027.4719  1027.4713    33.8856    33.8849    8.16688         38 0.0000e+00
     52.000     51.458    -0.4452  27.849000    -0.4446  27.848636     8.5793     9.1583    18.7855    73.1213 1.0000e-12  -73.15302 -113.99874  17.214789      98.19 6.8119e+01    299.771       7196  1027.4767  1027.4758    33.8855    33.8843    8.16784         33 0.0000e+00
     53.000     52.446    -0.4520  27.843892    -0.4511  27.843911     8.5735     9.1496    19.0316    73.7375 1.0000e-12  -73.15302 -113.99874  17.214808      99.99 6.8753e+01    301.396       7235  1027.4819  1027.4811    33.8855    33.8845    8.16929         32 0.0000e+00
     54.000     53.437    -0.4559  27.841210    -0.4551  27.841148     8.5770     9.1403    19.6120    74.1703 1.0000e-12  -73.15302 -113.99874  17.214827      99.96 6.8752e+01    303.021       7274  1027.4871  1027.4862    33.8857    33.8847    8.17013         41 0.0000e+00
     55.000     54.426    -0.4589  27.839273    -0.4596  27.837886     8.5549     9.1207    21.0046    73.5229 1.0000e-12  -73.15302 -113.99874  17.214853      99.97 6.9221e+01    305.307       7328  1027.4921  1027.4912    33.8859    33.8848    8.17077         39 0.0000e+00
     56.000     55.416    -0.4669  27.833306    -0.4681  27.831814     8.5350     9.0879    20.6996    73.7431 1.0000e-12  -73.15302 -113.99874  17.214877      99.95 7.0314e+01    307.402       7379  1027.4976  1027.4971    33.8862    33.8855    8.17247         42 0.0000e+00
     57.000     56.403    -0.4797  27.823370    -0.4775  27.824417     8.5004     9.0590    22.7642    73.7388 1.0000e-12  -73.15302 -113.99874  17.214899      99.97 7.0518e+01    309.251       7423  1027.5033  1027.5024    33.8865    33.8855    8.17520         39 0.0000e+00
     58.000     57.395    -0.4981  27.808860    -0.4977  27.808851     8.4733     9.0382    23.0738    72.9828 1.0000e-12  -73.15302 -113.99874  17.214922      96.19 7.0515e+01    311.270       7471  1027.5097  1027.5093    33.8870    33.8865    8.17915         47 0.0000e+00
