ocean_section_plots/required_files/ctd/dnbp2202_ctd096.cnv
* Sea-Bird SBE 9 Data File:
* FileName = D:\Data\raw\NBP2202_CTD096.hex
* Software Version Seasave V 7.26.7.121
* Temperature SN = 1649
* Conductivity SN = 2513
* Number of Bytes Per Scan = 40
* Number of Voltage Words = 5
* Number of Scans Averaged by the Deck Unit = 1
* NMEA Latitude = 74 10.51 S
* NMEA Longitude = 113 20.67 W
* NMEA UTC (Time) = Jan 27 2022  00:30:53
* NMEA baud rate = 9600
** Ship: RVIB N.B. Palmer
** Cruise: NBP2202 Thwaites
** Station: YoYo001
** Operator: A. Robinson
# nquan = 25
# nvalues = 608                         
# units = specified
# name 0 = prDM: Pressure, Digiquartz [db]
# name 1 = depSM: Depth [salt water, m]
# name 2 = t090C: Temperature [ITS-90, deg C]
# name 3 = c0mS/cm: Conductivity [mS/cm]
# name 4 = t190C: Temperature, 2 [ITS-90, deg C]
# name 5 = c1mS/cm: Conductivity, 2 [mS/cm]
# name 6 = sbeox0ML/L: Oxygen, SBE 43 [ml/l]
# name 7 = sbeox1ML/L: Oxygen, SBE 43, 2 [ml/l]
# name 8 = flECO-AFL: Fluorescence, WET Labs ECO-AFL/FL [mg/m^3]
# name 9 = CStarTr0: Beam Transmission, WET Labs C-Star [%]
# name 10 = par: PAR/Irradiance, Biospherical/Licor
# name 11 = latitude: Latitude [deg]
# name 12 = longitude: Longitude [deg]
# name 13 = timeJ: Julian Days
# name 14 = altM: Altimeter [m]
# name 15 = spar: SPAR, Biospherical/Licor
# name 16 = timeS: Time, Elapsed [seconds]
# name 17 = scan: Scan Count
# name 18 = density00: Density [density, kg/m^3]
# name 19 = density11: Density, 2 [density, kg/m^3]
# name 20 = sal00: Salinity, Practical [PSU]
# name 21 = sal11: Salinity, Practical, 2 [PSU]
# name 22 = oxsolML/L: Oxygen Saturation, Garcia & Gordon [ml/l]
# name 23 = nbin: number of scans per bin
# name 24 = flag: flag
# span 0 =     10.000,    617.000       
# span 1 =      9.896,    609.706       
# span 2 =    -1.5211,     0.0870       
# span 3 =  26.920193,  28.922539       
# span 4 =    -1.5194,     0.0891       
# span 5 =  26.920589,  28.922354       
# span 6 =     4.6862,     8.1157       
# span 7 =     4.7457,     7.9836       
# span 8 =    -0.0224,    19.9576       
# span 9 =    73.2474,    95.5171       
# span 10 = 1.0000e-12, 5.1978e+01      
# span 11 =  -74.17530,  -74.17528      
# span 12 = -113.34458, -113.34454      
# span 13 =  27.021890,  27.031332      
# span 14 =       4.51,     100.01      
# span 15 = 1.6917e+03, 1.7115e+03      
# span 16 =     38.294,    854.070      
# span 17 =        920,      20499      
# span 18 =  1027.2272,  1030.5222      
# span 19 =  1027.2258,  1030.5201      
# span 20 =    33.7939,    34.3802      
# span 21 =    33.7922,    34.3776      
# span 22 =    8.02676,    8.40913      
# span 23 =         18,         47      
# span 24 = 0.0000e+00, 0.0000e+00      
# interval = decibars: 1                
# start_time = Jan 27 2022 00:30:53 [NMEA time, header]
# bad_flag = -9.990e-29
*END*
[from data line 174]
    184.000    182.014    -1.0156  27.530353    -1.0141  27.529630     5.2478     5.3241    -0.0142    95.4292 1.0000e-12  -74.17528 -113.34456  27.024764      99.87 1.7047e+03    286.590       6879  1028.2360  1028.2339    34.0146    34.0120    8.28466         27 0.0000e+00
    185.000    183.004    -1.0231  27.524606    -1.0219  27.524036     5.2529     5.3266    -0.0142    95.4231 1.0000e-12  -74.17528 -113.34456  27.024777      99.87 1.7047e+03    287.732       6907  1028.2416  1028.2399    34.0147    34.0126    8.28632         28 0.0000e+00
    186.000    183.992    -1.0280  27.522223    -1.0261  27.521852     5.2520     5.3314    -0.0144    95.4310 1.0000e-12  -74.17528 -113.34456  27.024790      99.86 1.7047e+03    288.861       6934  1028.2482  1028.2460    34.0164    34.0138    8.28731         26 0.0000e+00
    187.000    184.981    -1.0211  27.529185    -1.0210  27.527080     5.2099     5.3079    -0.0170    95.4312 1.0000e-12  -74.17528 -113.34456  27.024803      99.86 1.7047e+03    289.971       6960  1028.2535  1028.2510    34.0175    34.0145    8.28572         27 0.0000e+00
    188.000    185.970    -1.0061  27.544040    -1.0050  27.542291     5.1566     5.2494    -0.0224    95.4141 1.0000e-12  -74.17528 -113.34456  27.024816      76.74 1.7047e+03    291.078       6987  1028.2594  1028.2565    34.0202    34.0165    8.28226         27 0.0000e+00
    189.000    186.959    -0.9633  27.585765    -0.9624  27.582596     5.1213     5.2101    -0.0190    95.4309 1.0000e-12  -74.17528 -113.34456  27.024829      93.38 1.7039e+03    292.186       7013  1028.2676  1028.2633    34.0279    34.0226    8.27236         26 0.0000e+00
    190.000    187.946    -0.9255  27.620535    -0.9238  27.619687     5.1108     5.1941    -0.0150    95.4379 1.0000e-12  -74.17528 -113.34456  27.024842      99.86 1.7039e+03    293.311       7040  1028.2733  1028.2706    34.0319    34.0287    8.26382         28 0.0000e+00
    191.000    188.936    -0.9210  27.625733    -0.9193  27.625031     5.1118     5.1975    -0.0145    95.4322 1.0000e-12  -74.17528 -113.34456  27.024855      99.86 1.7046e+03    294.446       7068  1028.2792  1028.2768    34.0332    34.0303    8.26275         27 0.0000e+00
    192.000    189.925    -0.9181  27.629178    -0.9164  27.628512     5.1146     5.1988    -0.0091    95.4280 1.0000e-12  -74.17528 -113.34456  27.024868      99.86 1.7045e+03    295.561       7094  1028.2848  1028.2824    34.0340    34.0312    8.26207         26 0.0000e+00
    193.000    190.914    -0.9165  27.631688    -0.9149  27.630645     5.1195     5.1946    -0.0096    95.4073 1.0000e-12  -74.17528 -113.34456  27.024880      99.87 1.7044e+03    296.670       7121  1028.2905  1028.2879    34.0349    34.0318    8.26166         27 0.0000e+00
    194.000    191.902    -0.9132  27.635789    -0.9117  27.634997     5.1210     5.2041    -0.0174    95.3979 1.0000e-12  -74.17528 -113.34456  27.024893      99.87 1.7044e+03    297.780       7148  1028.2963  1028.2941    34.0362    34.0334    8.26086         27 0.0000e+00
    195.000    192.892    -0.9144  27.635299    -0.9130  27.634359     5.1259     5.2187    -0.0128    95.3953 1.0000e-12  -74.17528 -113.34456  27.024906      99.87 1.7029e+03    298.885       7174  1028.3015  1028.2992    34.0363    34.0334    8.26113         26 0.0000e+00
    196.000    193.878    -0.9161  27.633783    -0.9205  27.628249     5.1479     5.2226    -0.0101    95.3950 1.0000e-12  -74.17528 -113.34455  27.024919      99.86 1.7029e+03    300.005       7201  1028.3060  1028.3043    34.0355    34.0329    8.26154         27 0.0000e+00
    197.000    194.869    -0.9267  27.625011    -0.9281  27.622164     5.1493     5.2220    -0.0085    95.3816 1.0000e-12  -74.17528 -113.34454  27.024932      99.87 1.7029e+03    301.125       7228  1028.3112  1028.3096    34.0350    34.0327    8.26390         27 0.0000e+00
    198.000    195.856    -0.9313  27.621682    -0.9208  27.628601     5.1476     5.2189    -0.0042    95.3674 1.0000e-12  -74.17528 -113.34454  27.024945      99.87 1.7029e+03    302.241       7255  1028.3165  1028.3138    34.0350    34.0326    8.26491         27 0.0000e+00
    199.000    196.846    -0.9248  27.627864    -0.9271  27.623911     5.1544     5.2338    -0.0093    95.3701 1.0000e-12  -74.17528 -113.34456  27.024958      99.87 1.7029e+03    303.367       7282  1028.3213  1028.3192    34.0355    34.0327    8.26346         27 0.0000e+00
    200.000    197.834    -0.9235  27.629317    -0.9242  27.626741     5.1743     5.2459    -0.0134    95.3716 1.0000e-12  -74.17528 -113.34456  27.024971      82.39 1.7027e+03    304.512       7309  1028.3259  1028.3238    34.0353    34.0326    8.26317         28 0.0000e+00
    201.000    198.823    -0.9448  27.611218    -0.9434  27.611080     5.1905     5.2618    -0.0193    95.3626 1.0000e-12  -74.17528 -113.34456  27.024984      92.38 1.7015e+03    305.655       7337  1028.3314  1028.3299    34.0342    34.0325    8.26793         27 0.0000e+00
    202.000    199.811    -0.9481  27.609475    -0.9440  27.611172     5.2072     5.2800    -0.0150    95.3730 1.0000e-12  -74.17528 -113.34456  27.024998      99.85 1.7012e+03    306.791       7364  1028.3370  1028.3348    34.0350    34.0326    8.26862         27 0.0000e+00
    203.000    200.801    -0.9558  27.604766    -0.9538  27.604650     5.2149     5.2866    -0.0194    95.3654 1.0000e-12  -74.17528 -113.34456  27.025011      99.87 1.7012e+03    307.917       7391  1028.3436  1028.3415    34.0367    34.0342    8.27021         27 0.0000e+00
    204.000    201.788    -0.9594  27.602433    -0.9578  27.602146     5.1939     5.2706    -0.0156    95.3735 1.0000e-12  -74.17528 -113.34456  27.025023      99.86 1.7012e+03    309.025       7418  1028.3488  1028.3470    34.0369    34.0348    8.27098         26 0.0000e+00
    205.000    202.778    -0.9474  27.615756    -0.9454  27.614543     5.1460     5.2362    -0.0136    95.3788 1.0000e-12  -74.17528 -113.34456  27.025036      99.87 1.7012e+03    310.140       7444  1028.3559  1028.3526    34.0409    34.0369    8.26811         27 0.0000e+00
    206.000    203.766    -0.9169  27.644253    -0.9155  27.642877     5.1077     5.1937    -0.0200    95.3797 1.0000e-12  -74.17528 -113.34456  27.025049      99.87 1.7012e+03    311.271       7471  1028.3614  1028.3586    34.0445    34.0410    8.26119         27 0.0000e+00
    207.000    204.755    -0.8842  27.675277    -0.8803  27.675618     5.0728     5.1580    -0.0152    95.4021 1.0000e-12  -74.17528 -113.34456  27.025063      99.87 1.7012e+03    312.399       7499  1028.3676  1028.3643    34.0490    34.0451    8.25374         27 0.0000e+00
    208.000    205.744    -0.8584  27.699128    -0.8567  27.697990     5.0460     5.1338    -0.0208    95.3832 1.0000e-12  -74.17528 -113.34456  27.025075      99.86 1.7012e+03    313.516       7525  1028.3730  1028.3701    34.0517    34.0482    8.24795         27 0.0000e+00
    209.000    206.733    -0.8423  27.714164    -0.8400  27.713733     5.0451     5.1234    -0.0152    95.3979 1.0000e-12  -74.17528 -113.34456  27.025088      99.87 1.7012e+03    314.631       7552  1028.3782  1028.3755    34.0533    34.0502    8.24432         27 0.0000e+00
    210.000    207.722    -0.8389  27.717715    -0.8372  27.716999     5.0415     5.1248    -0.0145    95.4035 1.0000e-12  -74.17528 -113.34456  27.025101      99.87 1.7022e+03    315.750       7579  1028.3833  1028.3809    34.0537    34.0508    8.24356         27 0.0000e+00
    211.000    208.708    -0.8396  27.717439    -0.8379  27.716794     5.0421     5.1243    -0.0137    95.3819 1.0000e-12  -74.17528 -113.34456  27.025114      99.87 1.7012e+03    316.862       7606  1028.3883  1028.3859    34.0535    34.0507    8.24373         27 0.0000e+00
    212.000    209.698    -0.8397  27.717895    -0.8379  27.717180     5.0415     5.1218    -0.0130    95.3824 1.0000e-12  -74.17528 -113.34456  27.025127      89.44 1.7012e+03    317.970       7632  1028.3934  1028.3909    34.0536    34.0506    8.24374         26 0.0000e+00
    213.000    210.688    -0.8357  27.721749    -0.8335  27.721465     5.0441     5.1237    -0.0139    95.3665 1.0000e-12  -74.17528 -113.34456  27.025140      99.52 1.7012e+03    319.074       7659  1028.3981  1028.3957    34.0537    34.0508    8.24286         27 0.0000e+00
    214.000    211.675    -0.8347  27.723059    -0.8327  27.722648     5.0440     5.1219    -0.0203    95.3539 1.0000e-12  -74.17528 -113.34456  27.025152      99.86 1.7012e+03    320.170       7685  1028.4030  1028.4007    34.0537    34.0509    8.24264         26 0.0000e+00
    215.000    212.665    -0.8332  27.724860    -0.8320  27.723625     5.0448     5.1178    -0.0046    95.3361 1.0000e-12  -74.17528 -113.34456  27.025165      99.86 1.7012e+03    321.295       7712  1028.4079  1028.4055    34.0538    34.0509    8.24230         28 0.0000e+00
    216.000    213.653    -0.8315  27.726589    -0.8300  27.725877     5.0421     5.1157    -0.0143    95.3330 1.0000e-12  -74.17528 -113.34456  27.025179      99.86 1.7012e+03    322.445       7740  1028.4127  1028.4104    34.0537    34.0509    8.24194         27 0.0000e+00
    217.000    214.641    -0.8308  27.727783    -0.8290  27.727282     5.0405     5.1140    -0.0205    95.3215 1.0000e-12  -74.17528 -113.34456  27.025192      99.87 1.7012e+03    323.585       7767  1028.4176  1028.4154    34.0539    34.0512    8.24177         27 0.0000e+00
    218.000    215.630    -0.8294  27.729534    -0.8278  27.728982     5.0393     5.1176    -0.0142    95.3206 1.0000e-12  -74.17528 -113.34456  27.025205      99.87 1.7012e+03    324.712       7794  1028.4226  1028.4204    34.0541    34.0515    8.24146         27 0.0000e+00
    219.000    216.617    -0.8289  27.730537    -0.8270  27.730154     5.0381     5.1131    -0.0190    95.3190 1.0000e-12  -74.17528 -113.34456  27.025218      99.86 1.7012e+03    325.809       7820  1028.4276  1028.4253    34.0542    34.0516    8.24134         26 0.0000e+00
    220.000    217.608    -0.8283  27.731658    -0.8264  27.731186     5.0407     5.1125    -0.0196    95.3171 1.0000e-12  -74.17528 -113.34456  27.025230      99.87 1.7012e+03    326.890       7846  1028.4325  1028.4302    34.0544    34.0517    8.24119         26 0.0000e+00
    221.000    218.595    -0.8282  27.731961    -0.8261  27.731867     5.0355     5.1101    -0.0194    95.3215 1.0000e-12  -74.17528 -113.34456  27.025243      99.86 1.7012e+03    327.985       7873  1028.4372  1028.4350    34.0542    34.0517    8.24119         27 0.0000e+00
    222.000    219.586    -0.8252  27.735777    -0.8235  27.734867     5.0341     5.1059    -0.0132    95.3065 1.0000e-12  -74.17528 -113.34456  27.025256      99.87 1.7023e+03    329.111       7900  1028.4427  1028.4401    34.0553    34.0522    8.24046         27 0.0000e+00
    223.000    220.573    -0.8183  27.742912    -0.8165  27.742504     5.0334     5.1071    -0.0186    95.3101 1.0000e-12  -74.17528 -113.34456  27.025269      99.87 1.7016e+03    330.252       7927  1028.4481  1028.4459    34.0566    34.0540    8.23889         27 0.0000e+00
    224.000    221.561    -0.8142  27.747637    -0.8122  27.747409     5.0342     5.1001    -0.0130    95.2985 1.0000e-12  -74.17528 -113.34458  27.025282      89.80 1.7025e+03    331.387       7954  1028.4536  1028.4514    34.0578    34.0551    8.23793         27 0.0000e+00
    225.000    222.550    -0.8128  27.749581    -0.8110  27.749106     5.0260     5.1046    -0.0134    95.2986 1.0000e-12  -74.17528 -113.34457  27.025295      94.59 1.7030e+03    332.502       7981  1028.4587  1028.4564    34.0582    34.0555    8.23759         27 0.0000e+00
    226.000    223.540    -0.8126  27.750522    -0.8107  27.750185     5.0353     5.1064    -0.0125    95.3041 1.0000e-12  -74.17528 -113.34457  27.025308      99.82 1.7030e+03    333.600       8007  1028.4639  1028.4617    34.0587    34.0560    8.23752         26 0.0000e+00
    227.000    224.526    -0.8096  27.754312    -0.8079  27.753765     5.0326     5.0975    -0.0125    95.2962 1.0000e-12  -74.17528 -113.34457  27.025321      99.87 1.7029e+03    334.697       8034  1028.4694  1028.4672    34.0598    34.0571    8.23680         26 0.0000e+00
    228.000    225.516    -0.8063  27.758415    -0.8044  27.758034     5.0318     5.0992    -0.0113    95.2806 1.0000e-12  -74.17528 -113.34457  27.025334      99.86 1.7029e+03    335.815       8061  1028.4751  1028.4728    34.0610    34.0583    8.23601         28 0.0000e+00
    229.000    226.506    -0.8053  27.760181    -0.8033  27.759873     5.0271     5.1040    -0.0067    95.2796 1.0000e-12  -74.17528 -113.34456  27.025346      99.87 1.7029e+03    336.937       8087  1028.4803  1028.4781    34.0616    34.0590    8.23575         27 0.0000e+00
    230.000    227.492    -0.8050  27.761048    -0.8033  27.760390     5.0295     5.1013    -0.0098    95.2880 1.0000e-12  -74.17528 -113.34456  27.025359      99.87 1.7029e+03    338.059       8114  1028.4853  1028.4830    34.0619    34.0591    8.23567         27 0.0000e+00
    231.000    228.482    -0.8051  27.761480    -0.8031  27.760997     5.0298     5.0938    -0.0063    95.2825 1.0000e-12  -74.17528 -113.34458  27.025372      99.87 1.7029e+03    339.172       8141  1028.4902  1028.4878    34.0619    34.0591    8.23568         26 0.0000e+00
    232.000    229.470    -0.8044  27.762567    -0.8028  27.761809     5.0240     5.0964    -0.0125    95.2843 1.0000e-12  -74.17528 -113.34456  27.025385      99.86 1.7029e+03    340.282       8168  1028.4951  1028.4927    34.0620    34.0591    8.23553         27 0.0000e+00
    233.000    230.458    -0.8027  27.764808    -0.8008  27.764472     5.0231     5.1011    -0.0125    95.2735 1.0000e-12  -74.17528 -113.34456  27.025398      99.87 1.7029e+03    341.393       8194  1028.5002  1028.4979    34.0625    34.0598    8.23513         26 0.0000e+00
    234.000    231.447    -0.8021  27.765739    -0.8003  27.765330     5.0204     5.1008    -0.0153    95.2892 1.0000e-12  -74.17528 -113.34456  27.025411      99.86 1.7024e+03    342.508       8221  1028.5049  1028.5027    34.0625    34.0599    8.23500         27 0.0000e+00
    235.000    232.436    -0.8013  27.767169    -0.7995  27.766483     5.0173     5.0939    -0.0131    95.2891 1.0000e-12  -74.17528 -113.34456  27.025424      99.87 1.7034e+03    343.627       8248  1028.5100  1028.5076    34.0629    34.0600    8.23480         27 0.0000e+00
    236.000    233.424    -0.7994  27.769328    -0.7975  27.769006     5.0171     5.0880    -0.0080    95.2873 1.0000e-12  -74.17528 -113.34456  27.025437      98.41 1.7032e+03    344.731       8275  1028.5148  1028.5126    34.0631    34.0605    8.23438         26 0.0000e+00
    237.000    234.412    -0.7999  27.769441    -0.7980  27.769060     5.0234     5.0943    -0.0161    95.2900 1.0000e-12  -74.17528 -113.34456  27.025449      95.00 1.7040e+03    345.828       8301  1028.5197  1028.5175    34.0631    34.0605    8.23447         27 0.0000e+00
    238.000    235.402    -0.7968  27.773037    -0.7950  27.772509     5.0203     5.0937    -0.0159    95.2854 1.0000e-12  -74.17528 -113.34456  27.025462      98.51 1.7033e+03    346.939       8328  1028.5249  1028.5226    34.0639    34.0611    8.23375         26 0.0000e+00
    239.000    236.389    -0.7949  27.775310    -0.7931  27.774778     5.0157     5.0905    -0.0122    95.0360 1.0000e-12  -74.17528 -113.34456  27.025475      99.88 1.7028e+03    348.056       8354  1028.5299  1028.5276    34.0643    34.0615    8.23333         27 0.0000e+00
    240.000    237.379    -0.7929  27.777766    -0.7909  27.777382     5.0152     5.0842    -0.0082    95.1244 1.0000e-12  -74.17528 -113.34456  27.025488      99.87 1.7028e+03    349.201       8382  1028.5349  1028.5325    34.0647    34.0619    8.23286         28 0.0000e+00
