ocean_section_plots/required_files/ctd/dnbp2202_ctd270.cnv
* Sea-Bird SBE 9 Data File:
* FileName = D:\Data\raw\NBP2202_CTD270.hex
* Software Version Seasave V 7.26.7.121
* Temperature SN = 1649
* Conductivity SN = 2513
* Number of Bytes Per Scan = 40
* Number of Voltage Words = 5
* Number of Scans Averaged by the Deck Unit = 1
* NMEA Latitude = 73 44.89 S
* NMEA Longitude = 116 50.02 W
* NMEA UTC (Time) = Feb 20 2022  18:26:33
* NMEA baud rate = 9600
** Ship: RVIB N.B. Palmer
** Cruise: NBP2202 Thwaites
** Station: 173
** Operator: A. Robinson
# nquan = 28
# nvalues = 751                         
# units = specified
# name 0 = prDM: Pressure, Digiquartz [db]
# name 1 = depSM: Depth [salt water, m]
# name 2 = t090C: Temperature [ITS-90, deg C]
# name 3 = c0mS/cm: Conductivity [mS/cm]
# name 4 = t190C: Temperature, 2 [ITS-90, deg C]
# name 5 = c1mS/cm: Conductivity, 2 [mS/cm]
# name 6 = sbeox0ML/L: Oxygen, SBE 43 [ml/l]
# name 7 = sbeox1ML/L: Oxygen, SBE 43, 2 [ml/l]
# name 8 = flECO-AFL: Fluorescence, WET Labs ECO-AFL/FL [mg/m^3]
# name 9 = CStarTr0: Beam Transmission, WET Labs C-Star [%]
# name 10 = par: PAR/Irradiance, Biospherical/Licor
# name 11 = latitude: Latitude [deg]
# name 12 = longitude: Longitude [deg]
# name 13 = timeJ: Julian Days
# name 14 = altM: Altimeter [m]
# name 15 = spar: SPAR, Biospherical/Licor
# name 16 = timeS: Time, Elapsed [seconds]
# name 17 = scan: Scan Count
# name 18 = density00: Density [density, kg/m^3]
# name 19 = density11: Density, 2 [density, kg/m^3]
# name 20 = v3: Voltage 3
# name 21 = v4: Voltage 4
# name 22 = v5: Voltage 5
# name 23 = sal00: Salinity, Practical [PSU]
# name 24 = sal11: Salinity, Practical, 2 [PSU]
# name 25 = oxsolML/L: Oxygen Saturation, Garcia & Gordon [ml/l]
# name 26 = nbin: number of scans per bin
# name 27 = flag: flag
# span 0 =      3.000,    753.000       
# span 1 =      2.966,    743.872       
# span 2 =    -1.7708,     0.4784       
# span 3 =  26.982125,  29.427040       
# span 4 =    -1.7700,     0.4810       
# span 5 =  26.982559,  29.427698       
# span 6 =     4.6326,     8.7484       
# span 7 =     4.7620,     9.0915       
# span 8 =     0.2003,    10.4225       
# span 9 =    87.6811,    97.9196       
# span 10 = 1.0000e-12, 1.3775e+02      
# span 11 =  -73.74828,  -73.74826      
# span 12 = -116.83372, -116.83368      
# span 13 =  51.770774,  51.780874      
# span 14 =       2.84,     100.18      
# span 15 = 3.0067e+02, 3.9749e+02      
# span 16 =    201.903,   1074.519      
# span 17 =       4847,      25789      
# span 18 =  1027.0936,  1031.2471      
# span 19 =  1027.0943,  1031.2453      
# span 20 =     4.1596,     4.6451      
# span 21 =     0.0957,     1.6432      
# span 22 =     0.1112,     0.2094      
# span 23 =    33.7250,    34.5259      
# span 24 =    33.7254,    34.5238      
# span 25 =    7.93753,    8.44939      
# span 26 =         20,         49      
# span 27 = 0.0000e+00, 0.0000e+00      
# interval = decibars: 1                
# start_time = Feb 20 2022 18:26:33 [NMEA time, header]
# bad_flag = -9.990e-29
*END*
[from data line 415]
    418.000    413.264    -1.3173  27.514327    -1.3159  27.514242     5.8997     6.0819     0.5619    97.2386 1.0000e-12  -73.74826 -116.83368  51.776427      99.92 3.9193e+02    690.281      16568  1029.5073  1029.5059     4.6129     0.2132     0.1306    34.1911    34.1894    8.34126         22 0.0000e+00
    419.000    414.253    -1.3092  27.522339    -1.3077  27.522275     5.8942     6.0768     0.4942    97.4513 1.0000e-12  -73.74826 -116.83368  51.776438      99.93 3.9173e+02    691.237      16591  1029.5127  1029.5112     4.6229     0.1465     0.1196    34.1922    34.1904    8.33938         24 0.0000e+00
    420.000    415.240    -1.3057  27.525606    -1.3042  27.525699     5.8929     6.0709     0.5023    97.4343 1.0000e-12  -73.74826 -116.83368  51.776449      99.93 3.9240e+02    692.231      16615  1029.5176  1029.5163     4.6221     0.1185     0.1186    34.1921    34.1906    8.33861         25 0.0000e+00
    421.000    416.229    -1.3040  27.527276    -1.3025  27.527611     5.8888     6.0700     0.5216    97.3324 1.0000e-12  -73.74826 -116.83368  51.776462      99.93 3.9358e+02    693.292      16640  1029.5224  1029.5213     4.6173     0.1183     0.1161    34.1919    34.1906    8.33825         26 0.0000e+00
    422.000    417.216    -1.3019  27.529830    -1.3007  27.529581     5.8840     6.0630     0.2852    97.2583 1.0000e-12  -73.74826 -116.83368  51.776474      99.93 3.9476e+02    694.383      16666  1029.5277  1029.5263     4.6138     0.1375     0.1196    34.1924    34.1906    8.33775         25 0.0000e+00
    423.000    418.202    -1.2979  27.533704    -1.2962  27.533992     5.8806     6.0562     0.3542    97.3994 1.0000e-12  -73.74826 -116.83368  51.776487      99.93 3.9360e+02    695.436      16691  1029.5326  1029.5312     4.6205     0.1243     0.1227    34.1925    34.1909    8.33684         25 0.0000e+00
    424.000    419.191    -1.2911  27.540590    -1.2893  27.540827     5.8756     6.0496     0.4703    97.2692 1.0000e-12  -73.74826 -116.83368  51.776498      99.93 3.9378e+02    696.430      16715  1029.5379  1029.5366     4.6143     0.1193     0.1172    34.1935    34.1919    8.33526         24 0.0000e+00
    425.000    420.179    -1.2830  27.548700    -1.2812  27.548953     5.8725     6.0537     0.3731    97.3813 1.0000e-12  -73.74826 -116.83368  51.776509      99.93 3.9695e+02    697.390      16738  1029.5434  1029.5420     4.6196     0.1170     0.1184    34.1948    34.1932    8.33338         22 0.0000e+00
    426.000    421.167    -1.2792  27.553353    -1.2774  27.553726     5.8872     6.0662     0.3659    97.3523 1.0000e-12  -73.74826 -116.83368  51.776520      99.93 3.9459e+02    698.332      16761  1029.5493  1029.5480     4.6183     0.1460     0.1181    34.1962    34.1947    8.33244         23 0.0000e+00
    427.000    422.153    -1.2788  27.554627    -1.2773  27.554877     5.8908     6.0713     0.3186    97.4335 1.0000e-12  -73.74826 -116.83368  51.776531      99.93 3.9518e+02    699.300      16784  1029.5547  1029.5536     4.6221     0.1164     0.1159    34.1969    34.1956    8.33231         24 0.0000e+00
    428.000    423.142    -1.2802  27.554552    -1.2787  27.554844     5.8941     6.0718     0.4189    97.5638 1.0000e-12  -73.74826 -116.83368  51.776543      91.09 3.9606e+02    700.308      16808  1029.5605  1029.5594     4.6282     0.1183     0.1166    34.1978    34.1965    8.33257         24 0.0000e+00
    429.000    424.129    -1.2781  27.557777    -1.2762  27.558215     5.8917     6.0715     0.4827    97.3007 1.0000e-12  -73.74826 -116.83368  51.776555      91.85 3.9482e+02    701.335      16833  1029.5665  1029.5652     4.6158     0.1129     0.1175    34.1992    34.1977    8.33202         25 0.0000e+00
    430.000    425.117    -1.2737  27.562566    -1.2718  27.563096     5.8801     6.0622     0.4167    97.6102 1.0000e-12  -73.74826 -116.83368  51.776567      98.60 3.9489e+02    702.357      16858  1029.5718  1029.5705     4.6305     0.1423     0.1208    34.2002    34.1987    8.33099         24 0.0000e+00
    431.000    426.104    -1.2664  27.569538    -1.2650  27.569728     5.8698     6.0504     0.3361    97.4938 1.0000e-12  -73.74826 -116.83368  51.776578      99.93 3.9749e+02    703.374      16882  1029.5767  1029.5756     4.6250     0.1240     0.1172    34.2008    34.1995    8.32933         25 0.0000e+00
    432.000    427.092    -1.2603  27.576030    -1.2592  27.575629     5.8633     6.0391     0.3230    97.4851 1.0000e-12  -73.74826 -116.83368  51.776590      99.93 3.9529e+02    704.382      16906  1029.5822  1029.5807     4.6245     0.1440     0.1171    34.2021    34.2003    8.32788         24 0.0000e+00
    433.000    428.079    -1.2526  27.583641    -1.2510  27.583781     5.8563     6.0392     0.2880    97.3496 1.0000e-12  -73.74826 -116.83368  51.776602      99.93 3.9489e+02    705.389      16930  1029.5874  1029.5860     4.6182     0.1124     0.1160    34.2031    34.2015    8.32611         24 0.0000e+00
    434.000    429.067    -1.2439  27.592591    -1.2423  27.592634     5.8385     6.0249     0.3029    97.4105 1.0000e-12  -73.74826 -116.83368  51.776613      99.93 3.9686e+02    706.389      16954  1029.5930  1029.5915     4.6210     0.1142     0.1169    34.2048    34.2031    8.32407         24 0.0000e+00
    435.000    430.055    -1.2351  27.601207    -1.2333  27.601509     5.8246     6.0027     0.4497    97.3872 1.0000e-12  -73.74826 -116.83368  51.776625      99.92 3.9551e+02    707.367      16978  1029.5983  1029.5969     4.6199     0.1321     0.1187    34.2060    34.2044    8.32204         23 0.0000e+00
    436.000    431.043    -1.2214  27.615520    -1.2193  27.615518     5.8096     5.9894     0.4621    97.4830 1.0000e-12  -73.74826 -116.83368  51.776636      99.93 3.9511e+02    708.356      17002  1029.6050  1029.6029     4.6245     0.1169     0.1151    34.2094    34.2070    8.31880         24 0.0000e+00
    437.000    432.029    -1.1993  27.635571    -1.1979  27.635450     5.7899     5.9862     0.4002    97.5053 1.0000e-12  -73.74826 -116.83368  51.776648      99.93 3.9645e+02    709.385      17026  1029.6096  1029.6082     4.6255     0.1190     0.1164    34.2111    34.2094    8.31380         25 0.0000e+00
    438.000    433.019    -1.1953  27.639510    -1.1935  27.639987     5.7893     5.9737     0.2442    97.2698 1.0000e-12  -73.74826 -116.83368  51.776660      99.92 3.9466e+02    710.428      17051  1029.6145  1029.6133     4.6145     0.1335     0.1193    34.2113    34.2099    8.31288         25 0.0000e+00
    439.000    434.005    -1.1911  27.644715    -1.1895  27.644622     5.7438     5.9367     0.8284    97.5657 1.0000e-12  -73.74826 -116.83368  51.776672      99.92 3.9340e+02    711.465      17076  1029.6206  1029.6189     4.6283     0.1290     0.1157    34.2130    34.2111    8.31186         25 0.0000e+00
    440.000    434.994    -1.1637  27.671008    -1.1616  27.670858     5.6930     5.8814     0.3766    97.5826 1.0000e-12  -73.74826 -116.83368  51.776684      99.92 3.9533e+02    712.478      17100  1029.6268  1029.6246     4.6291     0.1319     0.1175    34.2171    34.2146    8.30553         24 0.0000e+00
    441.000    435.979    -1.1206  27.711613    -1.1171  27.712094     5.6600     5.8431     0.5549    97.4832 1.0000e-12  -73.74826 -116.83368  51.776695      81.44 3.9527e+02    713.449      17124  1029.6333  1029.6303     4.6245     0.1248     0.1180    34.2230    34.2196    8.29565         23 0.0000e+00
    442.000    436.968    -1.0785  27.749854    -1.0765  27.749468     5.6306     5.8221     0.3471    97.5099 1.0000e-12  -73.74826 -116.83368  51.776706      92.06 3.9292e+02    714.408      17147  1029.6381  1029.6358     4.6257     0.1326     0.1218    34.2266    34.2238    8.28611         23 0.0000e+00
    443.000    437.956    -1.0692  27.758177    -1.0663  27.759343     5.6349     5.8223     0.2808    96.8038 1.0000e-12  -73.74826 -116.83368  51.776718      99.95 3.9376e+02    715.419      17171  1029.6428  1029.6414     4.5923     0.1142     0.1190    34.2268    34.2251    8.28405         25 0.0000e+00
    444.000    438.943    -1.0630  27.765004    -1.0614  27.764939     5.6369     5.8167     0.2827    97.2032 1.0000e-12  -73.74826 -116.83368  51.776730      99.92 3.9474e+02    716.470      17196  1029.6490  1029.6474     4.6112     0.1153     0.1177    34.2285    34.2265    8.28259         26 0.0000e+00
    445.000    439.929    -1.0597  27.768726    -1.0559  27.770753     5.6213     5.7954     0.2634    97.5765 1.0000e-12  -73.74826 -116.83369  51.776742      99.93 3.9215e+02    717.534      17222  1029.6545  1029.6529     4.6289     0.1270     0.1190    34.2292    34.2276    8.28183         25 0.0000e+00
    446.000    440.919    -1.0488  27.780014    -1.0472  27.779643     5.6161     5.7874     0.3174    97.5067 1.0000e-12  -73.74826 -116.83369  51.776754      99.93 3.9336e+02    718.574      17247  1029.6608  1029.6587     4.6256     0.1035     0.1179    34.2316    34.2292    8.27928         24 0.0000e+00
    447.000    441.906    -1.0274  27.799566    -1.0258  27.799410     5.6102     5.7838     0.3344    97.4885 1.0000e-12  -73.74826 -116.83370  51.776766      99.93 3.9390e+02    719.559      17270  1029.6655  1029.6638     4.6247     0.1029     0.1171    34.2332    34.2312    8.27446         23 0.0000e+00
    448.000    442.893    -1.0299  27.797264    -1.0308  27.794926     5.6090     5.7811     0.2508    97.5089 1.0000e-12  -73.74826 -116.83370  51.776777      99.93 3.9191e+02    720.495      17293  1029.6700  1029.6684     4.6257     0.1196     0.1181    34.2323    34.2301    8.27506         23 0.0000e+00
    449.000    443.880    -1.0254  27.801912    -1.0257  27.800324     5.6165     5.7751     0.2805    97.5597 1.0000e-12  -73.74826 -116.83370  51.776788      99.93 3.9180e+02    721.452      17316  1029.6754  1029.6739     4.6281     0.1281     0.1221    34.2330    34.2311    8.27404         24 0.0000e+00
    450.000    444.870    -1.0236  27.804106    -1.0217  27.804275     5.6142     5.7715     0.2467    97.4424 1.0000e-12  -73.74826 -116.83369  51.776800      99.92 3.9206e+02    722.481      17341  1029.6805  1029.6789     4.6225     0.1204     0.1178    34.2333    34.2314    8.27362         25 0.0000e+00
    451.000    445.855    -1.0229  27.805137    -1.0211  27.805295     5.6188     5.7724     0.3920    97.4198 1.0000e-12  -73.74826 -116.83369  51.776812      99.93 3.9016e+02    723.551      17366  1029.6855  1029.6839     4.6214     0.1346     0.1251    34.2332    34.2314    8.27346         26 0.0000e+00
    452.000    446.843    -1.0226  27.805711    -1.0212  27.805439     5.6054     5.7755     0.2857    97.5609 1.0000e-12  -73.74826 -116.83369  51.776824      99.93 3.9067e+02    724.586      17391  1029.6904  1029.6887     4.6282     0.1118     0.1169    34.2331    34.2312    8.27341         23 0.0000e+00
    453.000    447.831    -1.0225  27.806211    -1.0201  27.807022     5.6040     5.7754     0.2205    97.5902 1.0000e-12  -73.74826 -116.83370  51.776835      74.38 3.9107e+02    725.564      17415  1029.6953  1029.6938     4.6295     0.1477     0.1236    34.2331    34.2315    8.27339         24 0.0000e+00
    454.000    448.818    -1.0217  27.807346    -1.0193  27.808092     5.6090     5.7760     0.3378    97.0572 1.0000e-12  -73.74826 -116.83370  51.776846      84.44 3.8893e+02    726.531      17438  1029.7002  1029.6986     4.6044     0.1339     0.1173    34.2331    34.2314    8.27322         23 0.0000e+00
    455.000    449.806    -1.0214  27.808064    -1.0200  27.807917     5.6030     5.7783     0.3018    97.5198 1.0000e-12  -73.74826 -116.83370  51.776858      99.83 3.8703e+02    727.520      17461  1029.7051  1029.7036     4.6261     0.1159     0.1200    34.2331    34.2313    8.27315         24 0.0000e+00
    456.000    450.791    -1.0209  27.809087    -1.0192  27.809149     5.6096     5.7702     0.2893    97.4298 1.0000e-12  -73.74826 -116.83370  51.776870      99.93 3.8991e+02    728.553      17486  1029.7101  1029.7085     4.6219     0.1023     0.1168    34.2334    34.2315    8.27303         25 0.0000e+00
    457.000    451.782    -1.0210  27.809391    -1.0191  27.809798     5.6159     5.7785     0.2492    97.4590 1.0000e-12  -73.74826 -116.83369  51.776882      99.94 3.8845e+02    729.594      17511  1029.7149  1029.7136     4.6233     0.1137     0.1172    34.2333    34.2317    8.27306         25 0.0000e+00
    458.000    452.768    -1.0238  27.807525    -1.0219  27.807909     5.6147     5.7802     0.2008    97.4279 1.0000e-12  -73.74826 -116.83369  51.776894      99.93 3.8763e+02    730.620      17536  1029.7200  1029.7186     4.6219     0.1176     0.1196    34.2333    34.2317    8.27366         25 0.0000e+00
    459.000    453.756    -1.0248  27.807308    -1.0232  27.807448     5.6135     5.7800     0.2340    97.5248 1.0000e-12  -73.74826 -116.83369  51.776905      99.92 3.8958e+02    731.614      17560  1029.7251  1029.7237     4.6264     0.1438     0.1184    34.2335    34.2319    8.27388         23 0.0000e+00
    460.000    454.743    -1.0250  27.807684    -1.0231  27.807859     5.6136     5.7797     0.2868    97.5772 1.0000e-12  -73.74826 -116.83369  51.776916      99.92 3.8745e+02    732.582      17583  1029.7300  1029.7284     4.6289     0.1149     0.1202    34.2337    34.2318    8.27391         23 0.0000e+00
    461.000    455.731    -1.0210  27.811984    -1.0188  27.812655     5.6059     5.7722     0.3014    97.6274 1.0000e-12  -73.74826 -116.83369  51.776928      99.92 3.8790e+02    733.557      17606  1029.7351  1029.7337     4.6313     0.1491     0.1186    34.2343    34.2328    8.27299         24 0.0000e+00
    462.000    456.719    -1.0204  27.812758    -1.0187  27.813194     5.5920     5.7657     0.3517    97.6225 1.0000e-12  -73.74826 -116.83369  51.776940      99.93 3.8889e+02    734.581      17631  1029.7397  1029.7386     4.6311     0.1304     0.1192    34.2342    34.2328    8.27287         25 0.0000e+00
    463.000    457.705    -1.0125  27.821553    -1.0088  27.823623     5.5922     5.7572     0.2321    97.5700 1.0000e-12  -73.74826 -116.83369  51.776952      99.92 3.8647e+02    735.620      17656  1029.7458  1029.7444     4.6286     0.1170     0.1201    34.2365    34.2351    8.27099         24 0.0000e+00
    464.000    458.692    -1.0088  27.825909    -1.0074  27.825299     5.5780     5.7471     0.2346    97.5160 1.0000e-12  -73.74826 -116.83369  51.776963      99.92 3.8681e+02    736.625      17680  1029.7512  1029.7492     4.6261     0.1654     0.1160    34.2376    34.2352    8.27010         24 0.0000e+00
    465.000    459.682    -0.9934  27.841328    -0.9920  27.841064     5.5715     5.7382     0.2667    97.6326 1.0000e-12  -73.74826 -116.83369  51.776974      99.92 3.8769e+02    737.597      17703  1029.7571  1029.7556     4.6315     0.1057     0.1193    34.2405    34.2386    8.26655         23 0.0000e+00
    466.000    460.668    -0.9832  27.851522    -0.9815  27.851458     5.5571     5.7321     0.2328    97.4173 1.0000e-12  -73.74826 -116.83369  51.776986      99.92 3.8688e+02    738.563      17727  1029.7626  1029.7608     4.6213     0.1176     0.1193    34.2422    34.2401    8.26422         24 0.0000e+00
    467.000    461.654    -0.9722  27.862188    -0.9704  27.862299     5.5547     5.7208     0.3110    97.4508 1.0000e-12  -73.74826 -116.83369  51.776997      99.72 3.8695e+02    739.567      17751  1029.7677  1029.7662     4.6229     0.1032     0.1169    34.2435    34.2417    8.26171         24 0.0000e+00
    468.000    462.643    -0.9649  27.869813    -0.9632  27.869755     5.5247     5.7039     0.2665    97.5664 1.0000e-12  -73.74826 -116.83369  51.777010      96.13 3.8863e+02    740.633      17776  1029.7733  1029.7715     4.6284     0.1033     0.1185    34.2451    34.2430    8.26003         27 0.0000e+00
