ocean_section_plots/required_files/ctd/dnbp2202_ctd093.cnv
* Sea-Bird SBE 9 Data File:
* FileName = D:\Data\raw\NBP2202_CTD093.hex
* Software Version Seasave V 7.26.7.121
* Temperature SN = 1649
* Conductivity SN = 2513
* Number of Bytes Per Scan = 40
* Number of Voltage Words = 5
* Number of Scans Averaged by the Deck Unit = 1
* NMEA Latitude = 74 10.51 S
* NMEA Longitude = 113 20.67 W
* NMEA UTC (Time) = Jan 26 2022  23:04:50
* NMEA baud rate = 9600
** Ship: RVIB N.B. Palmer
** Cruise: NBP2202 Thwaites
** Station: YoYo001
** Operator: A. Robinson
# nquan = 25
# nvalues = 606                         
# units = specified
# name 0 = prDM: Pressure, Digiquartz [db]
# name 1 = depSM: Depth [salt water, m]
# name 2 = t090C: Temperature [ITS-90, deg C]
# name 3 = c0mS/cm: Conductivity [mS/cm]
# name 4 = t190C: Temperature, 2 [ITS-90, deg C]
# name 5 = c1mS/cm: Conductivity, 2 [mS/cm]
# name 6 = sbeox0ML/L: Oxygen, SBE 43 [ml/l]
# name 7 = sbeox1ML/L: Oxygen, SBE 43, 2 [ml/l]
# name 8 = flECO-AFL: Fluorescence, WET Labs ECO-AFL/FL [mg/m^3]
# name 9 = CStarTr0: Beam Transmission, WET Labs C-Star [%]
# name 10 = par: PAR/Irradiance, Biospherical/Licor
# name 11 = latitude: Latitude [deg]
# name 12 = longitude: Longitude [deg]
# name 13 = timeJ: Julian Days
# name 14 = altM: Altimeter [m]
# name 15 = spar: SPAR, Biospherical/Licor
# name 16 = timeS: Time, Elapsed [seconds]
# name 17 = scan: Scan Count
# name 18 = density00: Density [density, kg/m^3]
# name 19 = density11: Density, 2 [density, kg/m^3]
# name 20 = sal00: Salinity, Practical [PSU]
# name 21 = sal11: Salinity, Practical, 2 [PSU]
# name 22 = oxsolML/L: Oxygen Saturation, Garcia & Gordon [ml/l]
# name 23 = nbin: number of scans per bin
# name 24 = flag: flag
# span 0 =     10.000,    615.000       
# span 1 =      9.896,    607.732       
# span 2 =    -1.5488,     0.1023       
# span 3 =  26.891305,  28.937458       
# span 4 =    -1.5456,     0.1043       
# span 5 =  26.893045,  28.937243       
# span 6 =     4.6803,     8.5176       
# span 7 =     4.7458,     8.2780       
# span 8 =    -0.0219,    22.1523       
# span 9 =    71.8373,    95.4748       
# span 10 = -2.917e-06, 6.2130e+01      
# span 11 =  -74.17530,  -74.17528      
# span 12 = -113.34462, -113.34458      
# span 13 =  26.962391,  26.972030      
# span 14 =       5.93,      99.99      
# span 15 = 1.8200e+03, 1.8408e+03      
# span 16 =     60.598,    893.385      
# span 17 =       1455,      21442      
# span 18 =  1027.2176,  1030.5150      
# span 19 =  1027.2144,  1030.5127      
# span 20 =    33.7870,    34.3839      
# span 21 =    33.7842,    34.3814      
# span 22 =    8.02335,    8.41545      
# span 23 =         21,         45      
# span 24 = 0.0000e+00, 0.0000e+00      
# interval = decibars: 1                
# start_time = Jan 26 2022 23:04:50 [NMEA time, header]
# bad_flag = -9.990e-29
*END*
[from data line 522]
    532.000    525.818     0.0241  28.816429     0.0265  28.816466     4.7101     4.7780    -0.0093    94.9799 1.0000e-12  -74.17528 -113.34460  26.969963      90.31 1.8246e+03    714.775      17156  1030.1103  1030.1080    34.3603    34.3576    8.04106         28 0.0000e+00
    533.000    526.805     0.0249  28.818217     0.0270  28.817557     4.7050     4.7723    -0.0087    94.9779 1.0000e-12  -74.17528 -113.34460  26.969976      89.53 1.8246e+03    715.951      17184  1030.1156  1030.1130    34.3611    34.3580    8.04084         29 0.0000e+00
    534.000    527.792     0.0299  28.823820     0.0320  28.823410     4.7061     4.7746    -0.0039    94.9640 1.0000e-12  -74.17530 -113.34460  26.969990      89.18 1.8246e+03    717.118      17212  1030.1210  1030.1185    34.3624    34.3595    8.03973         27 0.0000e+00
    535.000    528.781     0.0300  28.824502     0.0330  28.825169     4.7048     4.7770    -0.0006    94.9661 1.0000e-12  -74.17528 -113.34460  26.970003      87.85 1.8246e+03    718.283      17240  1030.1259  1030.1237    34.3626    34.3602    8.03970         28 0.0000e+00
    536.000    529.767     0.0304  28.825291     0.0323  28.824889     4.7085     4.7715    -0.0004    94.9549 1.0000e-12  -74.17530 -113.34460  26.970017      86.75 1.8246e+03    719.451      17268  1030.1307  1030.1283    34.3627    34.3599    8.03961         28 0.0000e+00
    537.000    530.754     0.0315  28.827017     0.0340  28.827010     4.6994     4.7704    -0.0138    94.9624 1.0000e-12  -74.17528 -113.34460  26.970030      86.03 1.8248e+03    720.608      17296  1030.1356  1030.1333    34.3630    34.3603    8.03934         28 0.0000e+00
    538.000    531.741     0.0320  28.828043     0.0343  28.827920     4.7058     4.7731    -0.0098    94.9560 1.0000e-12  -74.17528 -113.34460  26.970044      84.75 1.8258e+03    721.762      17323  1030.1405  1030.1382    34.3632    34.3605    8.03923         28 0.0000e+00
    539.000    532.728     0.0301  28.826482     0.0319  28.825985     4.7095     4.7794    -0.0080    94.9534 1.0000e-12  -74.17529 -113.34460  26.970057      83.93 1.8262e+03    722.913      17351  1030.1451  1030.1427    34.3628    34.3600    8.03966         27 0.0000e+00
    540.000    533.714     0.0228  28.820216     0.0230  28.818469     4.7141     4.7820    -0.0087    94.9458 1.0000e-12  -74.17530 -113.34460  26.970070      83.09 1.8256e+03    724.065      17379  1030.1499  1030.1479    34.3620    34.3595    8.04122         28 0.0000e+00
    541.000    534.703     0.0199  28.818457     0.0221  28.818053     4.7123     4.7783    -0.0004    94.9572 1.0000e-12  -74.17530 -113.34460  26.970083      82.04 1.8246e+03    725.208      17406  1030.1551  1030.1526    34.3624    34.3594    8.04183         27 0.0000e+00
    542.000    535.689     0.0286  28.827538     0.0316  28.828059     4.7087     4.7753    -0.0022    94.9449 1.0000e-12  -74.17530 -113.34460  26.970097      80.30 1.8246e+03    726.358      17434  1030.1604  1030.1580    34.3641    34.3614    8.03991         28 0.0000e+00
    543.000    536.677     0.0326  28.832181     0.0349  28.831879     4.7047     4.7747    -0.0103    94.9449 1.0000e-12  -74.17530 -113.34460  26.970110      79.87 1.8246e+03    727.513      17461  1030.1655  1030.1630    34.3651    34.3622    8.03900         28 0.0000e+00
    544.000    537.663     0.0359  28.836388     0.0381  28.836091     4.7082     4.7760    -0.0144    94.9677 1.0000e-12  -74.17530 -113.34460  26.970124      78.29 1.8246e+03    728.676      17489  1030.1711  1030.1686    34.3664    34.3635    8.03824         28 0.0000e+00
    545.000    538.651     0.0388  28.840038     0.0409  28.839555     4.7061     4.7753    -0.0093    94.9467 1.0000e-12  -74.17530 -113.34460  26.970137      77.35 1.8246e+03    729.837      17517  1030.1763  1030.1737    34.3674    34.3644    8.03757         27 0.0000e+00
    546.000    539.637     0.0391  28.840762     0.0412  28.840529     4.7044     4.7684    -0.0095    94.9243 1.0000e-12  -74.17530 -113.34460  26.970150      76.61 1.8246e+03    730.999      17545  1030.1811  1030.1787    34.3675    34.3647    8.03752         28 0.0000e+00
    547.000    540.624     0.0386  28.841004     0.0408  28.840747     4.7088     4.7720    -0.0059    94.9598 1.0000e-12  -74.17528 -113.34460  26.970164      75.55 1.8246e+03    732.152      17573  1030.1861  1030.1837    34.3677    34.3649    8.03760         28 0.0000e+00
    548.000    541.612     0.0382  28.841287     0.0404  28.841183     4.7112     4.7741    -0.0006    94.9639 1.0000e-12  -74.17528 -113.34460  26.970177      74.70 1.8246e+03    733.299      17600  1030.1911  1030.1889    34.3680    34.3654    8.03767         27 0.0000e+00
    549.000    542.599     0.0385  28.842204     0.0407  28.841964     4.7099     4.7719    -0.0044    94.9596 1.0000e-12  -74.17528 -113.34460  26.970190      73.46 1.8246e+03    734.455      17628  1030.1960  1030.1936    34.3682    34.3655    8.03759         28 0.0000e+00
    550.000    543.586     0.0391  28.843483     0.0413  28.843235     4.7027     4.7755    -0.0085    94.9548 1.0000e-12  -74.17528 -113.34460  26.970204      72.34 1.8246e+03    735.624      17656  1030.2010  1030.1986    34.3687    34.3659    8.03744         29 0.0000e+00
    551.000    544.573     0.0410  28.846323     0.0430  28.845963     4.7055     4.7759    -0.0042    94.9486 1.0000e-12  -74.17528 -113.34460  26.970218      71.33 1.8246e+03    736.796      17684  1030.2064  1030.2040    34.3697    34.3670    8.03698         27 0.0000e+00
    552.000    545.559     0.0414  28.847407     0.0436  28.847093     4.7047     4.7727    -0.0070    94.9561 1.0000e-12  -74.17528 -113.34460  26.970231      70.82 1.8246e+03    737.952      17712  1030.2114  1030.2089    34.3701    34.3672    8.03687         28 0.0000e+00
    553.000    546.547     0.0419  28.848369     0.0442  28.848154     4.7061     4.7722    -0.0108    94.9340 1.0000e-12  -74.17528 -113.34460  26.970244      69.34 1.8246e+03    739.099      17739  1030.2161  1030.2138    34.3702    34.3673    8.03676         28 0.0000e+00
    554.000    547.534     0.0424  28.849222     0.0446  28.849109     4.7107     4.7755    -0.0085    94.9448 1.0000e-12  -74.17528 -113.34460  26.970258      68.84 1.8246e+03    740.255      17767  1030.2209  1030.2187    34.3702    34.3676    8.03666         28 0.0000e+00
    555.000    548.521     0.0425  28.849803     0.0447  28.849605     4.7071     4.7744    -0.0093    94.9239 1.0000e-12  -74.17528 -113.34460  26.970271      67.52 1.8246e+03    741.411      17795  1030.2256  1030.2233    34.3702    34.3676    8.03663         27 0.0000e+00
    556.000    549.507     0.0429  28.850678     0.0451  28.850526     4.7047     4.7750    -0.0020    94.9202 1.0000e-12  -74.17528 -113.34460  26.970284      66.67 1.8246e+03    742.551      17822  1030.2305  1030.2281    34.3704    34.3677    8.03655         28 0.0000e+00
    557.000    550.494     0.0441  28.852668     0.0463  28.852294     4.7010     4.7709    -0.0073    94.9200 1.0000e-12  -74.17528 -113.34460  26.970297      65.62 1.8246e+03    743.689      17850  1030.2356  1030.2331    34.3710    34.3681    8.03625         27 0.0000e+00
    558.000    551.482     0.0447  28.853624     0.0469  28.853397     4.7026     4.7726    -0.0088    94.9334 1.0000e-12  -74.17528 -113.34460  26.970311      64.52 1.8246e+03    744.839      17877  1030.2403  1030.2380    34.3711    34.3684    8.03614         27 0.0000e+00
    559.000    552.468     0.0451  28.854671     0.0474  28.854347     4.7031     4.7745    -0.0087    94.9358 1.0000e-12  -74.17528 -113.34460  26.970324      63.75 1.8246e+03    745.993      17905  1030.2452  1030.2427    34.3714    34.3684    8.03602         28 0.0000e+00
    560.000    553.456     0.0456  28.855436     0.0478  28.855323     4.7015     4.7746    -0.0075    94.9397 1.0000e-12  -74.17528 -113.34460  26.970338      62.86 1.8246e+03    747.160      17933  1030.2498  1030.2476    34.3713    34.3687    8.03593         29 0.0000e+00
    561.000    554.444     0.0459  28.856300     0.0482  28.856169     4.7017     4.7752    -0.0034    94.9173 1.0000e-12  -74.17528 -113.34460  26.970351      61.71 1.8246e+03    748.327      17961  1030.2548  1030.2524    34.3716    34.3688    8.03586         27 0.0000e+00
    562.000    555.429     0.0464  28.857298     0.0486  28.856980     4.7104     4.7766    -0.0144    94.9133 1.0000e-12  -74.17528 -113.34460  26.970364      60.40 1.8246e+03    749.475      17988  1030.2595  1030.2571    34.3717    34.3688    8.03574         27 0.0000e+00
    563.000    556.417     0.0469  28.858137     0.0491  28.858011     4.7071     4.7756    -0.0090    94.9229 1.0000e-12  -74.17528 -113.34461  26.970377      59.55 1.8246e+03    750.607      18016  1030.2642  1030.2620    34.3717    34.3691    8.03564         28 0.0000e+00
    564.000    557.404     0.0471  28.858985     0.0493  28.858650     4.7016     4.7738    -0.0091    94.9257 1.0000e-12  -74.17528 -113.34461  26.970391      58.65 1.8246e+03    751.752      18043  1030.2691  1030.2666    34.3720    34.3690    8.03558         27 0.0000e+00
    565.000    558.390     0.0469  28.859219     0.0490  28.858859     4.6991     4.7743    -0.0053    94.9210 1.0000e-12  -74.17528 -113.34461  26.970404      57.30 1.8246e+03    752.917      18071  1030.2738  1030.2714    34.3719    34.3690    8.03562         28 0.0000e+00
    566.000    559.377     0.0467  28.859471     0.0489  28.859241     4.6975     4.7679    -0.0042    94.9283 1.0000e-12  -74.17528 -113.34462  26.970418      56.31 1.8246e+03    754.092      18099  1030.2785  1030.2761    34.3719    34.3691    8.03567         29 0.0000e+00
    567.000    560.364     0.0469  28.860006     0.0493  28.860030     4.7066     4.7699    -0.0082    94.9247 1.0000e-12  -74.17528 -113.34460  26.970431      55.43 1.8253e+03    755.271      18127  1030.2831  1030.2809    34.3717    34.3691    8.03563         28 0.0000e+00
    568.000    561.351     0.0474  28.860998     0.0494  28.860600     4.7067     4.7735    -0.0124    94.9065 1.0000e-12  -74.17528 -113.34462  26.970445      54.43 1.8255e+03    756.430      18155  1030.2879  1030.2856    34.3719    34.3692    8.03551         27 0.0000e+00
    569.000    562.339     0.0475  28.861526     0.0497  28.861257     4.7106     4.7704    -0.0111    94.9109 1.0000e-12  -74.17528 -113.34461  26.970458      53.37 1.8257e+03    757.561      18182  1030.2926  1030.2903    34.3719    34.3691    8.03549         28 0.0000e+00
    570.000    563.325     0.0482  28.862620     0.0503  28.862410     4.7072     4.7732    -0.0128    94.9218 1.0000e-12  -74.17528 -113.34461  26.970471      52.38 1.8258e+03    758.693      18210  1030.2973  1030.2951    34.3720    34.3694    8.03534         27 0.0000e+00
    571.000    564.312     0.0481  28.863145     0.0504  28.862934     4.7058     4.7784    -0.0107    94.9296 1.0000e-12  -74.17528 -113.34461  26.970484      51.34 1.8253e+03    759.835      18237  1030.3022  1030.2998    34.3722    34.3694    8.03535         27 0.0000e+00
    572.000    565.299     0.0485  28.863920     0.0506  28.863616     4.7067     4.7722    -0.0032    94.9191 1.0000e-12  -74.17528 -113.34461  26.970498      50.52 1.8247e+03    760.992      18265  1030.3069  1030.3046    34.3722    34.3695    8.03526         28 0.0000e+00
    573.000    566.286     0.0488  28.864650     0.0510  28.864425     4.7030     4.7668    -0.0067    94.9248 1.0000e-12  -74.17528 -113.34462  26.970511      49.37 1.8251e+03    762.160      18293  1030.3116  1030.3093    34.3723    34.3695    8.03520         28 0.0000e+00
    574.000    567.273     0.0490  28.865244     0.0510  28.865038     4.7035     4.7665    -0.0088    94.9359 1.0000e-12  -74.17528 -113.34460  26.970525      48.33 1.8246e+03    763.327      18321  1030.3163  1030.3142    34.3723    34.3697    8.03517         28 0.0000e+00
    575.000    568.259     0.0505  28.867445     0.0528  28.867186     4.7057     4.7697    -0.0153    94.9330 1.0000e-12  -74.17528 -113.34462  26.970538      47.39 1.8246e+03    764.480      18349  1030.3214  1030.3190    34.3729    34.3700    8.03481         28 0.0000e+00
    576.000    569.248     0.0518  28.869161     0.0542  28.869108     4.7066     4.7726    -0.0158    94.9366 1.0000e-12  -74.17528 -113.34461  26.970551      46.41 1.8246e+03    765.625      18376  1030.3262  1030.3238    34.3731    34.3704    8.03453         28 0.0000e+00
    577.000    570.234     0.0533  28.871030     0.0554  28.870692     4.7069     4.7731    -0.0080    94.9086 1.0000e-12  -74.17528 -113.34461  26.970566      44.99 1.8246e+03    766.885      18406  1030.3310  1030.3286    34.3733    34.3705    8.03421         32 0.0000e+00
    578.000    571.220     0.0533  28.871497     0.0550  28.870880     4.7011     4.7728    -0.0077    94.9203 1.0000e-12  -74.17528 -113.34461  26.970581      44.12 1.8246e+03    768.215      18438  1030.3357  1030.3334    34.3734    34.3706    8.03421         32 0.0000e+00
    579.000    572.208     0.0510  28.869610     0.0533  28.869492     4.7065     4.7738    -0.0077    94.9403 1.0000e-12  -74.17528 -113.34461  26.970597      43.28 1.8246e+03    769.546      18470  1030.3402  1030.3379    34.3728    34.3701    8.03471         32 0.0000e+00
    580.000    573.195     0.0519  28.870975     0.0536  28.870193     4.7033     4.7734    -0.0144    94.9387 1.0000e-12  -74.17528 -113.34461  26.970612      42.28 1.8246e+03    770.869      18502  1030.3450  1030.3426    34.3730    34.3701    8.03451         31 0.0000e+00
    581.000    574.181     0.0533  28.872629     0.0552  28.872224     4.6993     4.7692    -0.0093    94.9656 1.0000e-12  -74.17528 -113.34462  26.970627      41.11 1.8246e+03    772.193      18534  1030.3496  1030.3474    34.3731    34.3705    8.03422         32 0.0000e+00
    582.000    575.168     0.0549  28.874710     0.0570  28.874475     4.6987     4.7703    -0.0088    94.9518 1.0000e-12  -74.17528 -113.34461  26.970643      40.10 1.8246e+03    773.533      18566  1030.3545  1030.3522    34.3735    34.3708    8.03386         33 0.0000e+00
    583.000    576.156     0.0561  28.876487     0.0589  28.876818     4.6980     4.7664    -0.0082    94.9749 1.0000e-12  -74.17528 -113.34461  26.970659      39.18 1.8246e+03    774.900      18599  1030.3595  1030.3571    34.3739    34.3712    8.03359         33 0.0000e+00
    584.000    577.142     0.0583  28.879167     0.0610  28.879445     4.6977     4.7661    -0.0077    94.9452 1.0000e-12  -74.17528 -113.34461  26.970675      38.18 1.8246e+03    776.297      18632  1030.3644  1030.3620    34.3744    34.3717    8.03310         34 0.0000e+00
    585.000    578.129     0.0629  28.884131     0.0649  28.883876     4.6966     4.7630    -0.0077    94.9471 1.0000e-12  -74.17528 -113.34461  26.970692      37.04 1.8246e+03    777.749      18667  1030.3693  1030.3671    34.3752    34.3726    8.03209         34 0.0000e+00
    586.000    579.116     0.0628  28.884471     0.0648  28.884228     4.6929     4.7647    -0.0088    94.9777 1.0000e-12  -74.17528 -113.34461  26.970709      36.01 1.8246e+03    779.256      18703  1030.3740  1030.3718    34.3751    34.3726    8.03210         36 0.0000e+00
    587.000    580.102     0.0634  28.885441     0.0650  28.884905     4.6971     4.7622    -0.0140    94.9729 1.0000e-12  -74.17528 -113.34461  26.970726      35.09 1.8239e+03    780.761      18739  1030.3788  1030.3767    34.3752    34.3727    8.03199         35 0.0000e+00
    588.000    581.090     0.0645  28.886916     0.0668  28.887029     4.6939     4.7621    -0.0104    94.9781 1.0000e-12  -74.17528 -113.34461  26.970743      33.87 1.8228e+03    782.222      18774  1030.3835  1030.3814    34.3753    34.3729    8.03175         35 0.0000e+00
