ocean_section_plots/required_files/ctd/dnbp2202_ctd230.cnv
* Sea-Bird SBE 9 Data File:
* FileName = D:\Data\raw\NBP2202_CTD230.hex
* Software Version Seasave V 7.26.7.121
* Temperature SN = 1649
* Conductivity SN = 2513
* Number of Bytes Per Scan = 40
* Number of Voltage Words = 5
* Number of Scans Averaged by the Deck Unit = 1
* NMEA Latitude = 73 59.06 S
* NMEA Longitude = 113 23.14 W
* NMEA UTC (Time) = Feb 13 2022  02:22:19
* NMEA baud rate = 9600
** Ship: RVIB N.B. Palmer
** Cruise: NBP2202 Thwaites
** Station: 141
** Operator: A. Robinson
# nquan = 28
# nvalues = 252                         
# units = specified
# name 0 = prDM: Pressure, Digiquartz [db]
# name 1 = depSM: Depth [salt water, m]
# name 2 = t090C: Temperature [ITS-90, deg C]
# name 3 = c0mS/cm: Conductivity [mS/cm]
# name 4 = t190C: Temperature, 2 [ITS-90, deg C]
# name 5 = c1mS/cm: Conductivity, 2 [mS/cm]
# name 6 = sbeox0ML/L: Oxygen, SBE 43 [ml/l]
# name 7 = sbeox1ML/L: Oxygen, SBE 43, 2 [ml/l]
# name 8 = flECO-AFL: Fluorescence, WET Labs ECO-AFL/FL [mg/m^3]
# name 9 = CStarTr0: Beam Transmission, WET Labs C-Star [%]
# name 10 = par: PAR/Irradiance, Biospherical/Licor
# name 11 = latitude: Latitude [deg]
# name 12 = longitude: Longitude [deg]
# name 13 = timeJ: Julian Days
# name 14 = altM: Altimeter [m]
# name 15 = spar: SPAR, Biospherical/Licor
# name 16 = timeS: Time, Elapsed [seconds]
# name 17 = scan: Scan Count
# name 18 = density00: Density [density, kg/m^3]
# name 19 = density11: Density, 2 [density, kg/m^3]
# name 20 = v3: Voltage 3
# name 21 = v4: Voltage 4
# name 22 = v5: Voltage 5
# name 23 = sal00: Salinity, Practical [PSU]
# name 24 = sal11: Salinity, Practical, 2 [PSU]
# name 25 = oxsolML/L: Oxygen Saturation, Garcia & Gordon [ml/l]
# name 26 = nbin: number of scans per bin
# name 27 = flag: flag
# span 0 =      2.000,    253.000       
# span 1 =      1.986,    250.230       
# span 2 =    -1.4334,    -0.7341       
# span 3 =  27.108719,  27.689156       
# span 4 =    -1.4335,    -0.6765       
# span 5 =  27.108771,  27.688952       
# span 6 =     5.4138,     8.7061       
# span 7 =     5.6029,     9.0359       
# span 8 =     0.3064,    19.4452       
# span 9 =    77.9225,    96.5112       
# span 10 = 1.0000e-12, 3.6912e+02      
# span 11 =  -73.98444,  -73.98442      
# span 12 = -113.38582, -113.38576      
# span 13 =  44.101470,  44.105744      
# span 14 =       3.51,     100.50      
# span 15 = 3.3128e+02, 1.0739e+03      
# span 16 =    227.966,    597.269      
# span 17 =       5472,      14335      
# span 18 =  1027.1558,  1028.6146      
# span 19 =  1027.1495,  1028.6137      
# span 20 =     3.6970,     4.5784      
# span 21 =     0.1055,     3.4606      
# span 22 =     0.1163,     0.2264      
# span 23 =    33.7569,    34.0792      
# span 24 =    33.7620,    34.0782      
# span 25 =    8.23719,    8.38196      
# span 26 =         21,         46      
# span 27 = 0.0000e+00, 0.0000e+00      
# interval = decibars: 1                
# start_time = Feb 13 2022 02:22:19 [NMEA time, header]
# bad_flag = -9.990e-29
*END*
      2.000      1.986    -0.9503  27.316632    -0.9787  27.292588     8.7061     8.3517    13.2804    79.4768 3.6912e+02  -73.98442 -113.38577  44.101470      99.41 1.0646e+03    227.966       5472  1027.1585  1027.1598     3.7711     1.8487     0.1955    33.7628    33.7620    8.28500         24 0.0000e+00
      3.000      2.968    -0.7341  27.500668    -0.6765  27.546509     8.6582     8.2758    11.3563    79.0727 2.4066e+02  -73.98442 -113.38577  44.101556      99.50 1.0629e+03    235.456       5652  1027.1558  1027.1495     3.7512     2.1007     0.1803    33.7693    33.7670    8.23719         26 0.0000e+00
      4.000      3.962    -0.8564  27.391205    -0.9040  27.356388     8.6725     8.4196    11.6392    79.5112 1.5577e+02  -73.98442 -113.38577  44.101586      99.45 1.0630e+03    238.047       5714  1027.1602  1027.1678     3.7724     2.0304     0.1744    33.7574    33.7636    8.26474         23 0.0000e+00
      5.000      4.944    -0.9504  27.316949    -0.9690  27.304822     8.6926     8.5386    13.3020    80.7424 1.0498e+02  -73.98442 -113.38576  44.101615      91.31 1.0630e+03    240.571       5775  1027.1740  1027.1785     3.8307     2.2598     0.1593    33.7615    33.7659    8.28512         24 0.0000e+00
      6.000      5.937    -0.8852  27.376499    -0.9034  27.356970     8.6647     8.6171    13.1685    80.8015 7.5712e+01  -73.98442 -113.38578  44.101637      75.48 1.0630e+03    242.453       5820  1027.1796  1027.1757     3.8338     1.9734     0.1554    33.7686    33.7625    8.27039         28 0.0000e+00
      7.000      6.926    -0.8819  27.371057    -0.9258  27.341751     8.6756     8.7426    12.2230    79.5846 4.9724e+01  -73.98442 -113.38578  44.101659     100.50 1.0630e+03    244.336       5865  1027.1746  1027.1854     3.7776     2.7143     0.1838    33.7569    33.7663    8.27035         21 0.0000e+00
      8.000      7.917    -0.9944  27.281449    -1.0002  27.280928     8.6678     8.8429    14.2440    78.9479 3.6985e+01  -73.98442 -113.38578  44.101681      99.64 1.0630e+03    246.204       5910  1027.1899  1027.1943     3.7455     2.2115     0.1876    33.7607    33.7665    8.29489         31 0.0000e+00
      9.000      8.908    -0.9998  27.277813    -1.0037  27.278778     8.6756     8.8984    15.5770    78.9555 2.6275e+01  -73.98442 -113.38578  44.101702      99.56 1.0630e+03    248.062       5954  1027.1949  1027.1992     3.7463     1.9810     0.1627    33.7612    33.7669    8.29604         29 0.0000e+00
     10.000      9.896    -0.9995  27.278723    -1.0036  27.279398     8.6802     8.9250    13.8639    80.9865 1.8956e+01  -73.98442 -113.38578  44.101724      99.55 1.0630e+03    249.918       5999  1027.1994  1027.2036     3.8422     2.0162     0.1706    33.7615    33.7670    8.29596         32 0.0000e+00
     11.000     10.885    -0.9995  27.279390    -1.0037  27.279994     8.6823     8.9784    16.6767    79.3517 1.4429e+01  -73.98442 -113.38579  44.101745      99.79 1.0630e+03    251.735       6043  1027.2039  1027.2084     3.7650     2.5627     0.2001    33.7618    33.7673    8.29595         30 0.0000e+00
     12.000     11.877    -0.9993  27.279988    -1.0034  27.280602     8.6852     9.0014    17.7746    79.9180 1.0562e+01  -73.98442 -113.38579  44.101766      99.80 1.0627e+03    253.600       6087  1027.2084  1027.2128     3.7915     2.5621     0.1973    33.7617    33.7672    8.29590         32 0.0000e+00
     13.000     12.867    -0.9994  27.280245    -1.0037  27.280700     8.6852     9.0123    19.1545    81.0704 8.2353e+00  -73.98442 -113.38580  44.101787      97.63 1.0617e+03    255.393       6130  1027.2128  1027.2173     3.8461     3.0073     0.1856    33.7616    33.7670    8.29593         29 0.0000e+00
     14.000     13.855    -0.9996  27.280735    -1.0037  27.281200     8.6869     9.0181    17.1552    79.7401 6.1038e+00  -73.98442 -113.38580  44.101808      99.86 1.0618e+03    257.233       6175  1027.2177  1027.2220     3.7830     2.8748     0.1820    33.7618    33.7671    8.29596         33 0.0000e+00
     15.000     14.843    -1.0002  27.280724    -1.0044  27.281128     8.6821     9.0277    16.9056    78.4525 4.7912e+00  -73.98442 -113.38580  44.101830      99.91 1.0614e+03    259.077       6219  1027.2224  1027.2267     3.7220     3.0281     0.2003    33.7619    33.7671    8.29609         24 0.0000e+00
     16.000     15.834    -0.9999  27.281454    -1.0041  27.281949     8.6793     9.0359    16.0999    80.3146 3.6485e+00  -73.98442 -113.38580  44.101851      99.70 1.0613e+03    260.897       6263  1027.2272  1027.2316     3.8106     2.4531     0.1850    33.7620    33.7673    8.29603         22 0.0000e+00
     17.000     16.821    -0.9996  27.282226    -1.0038  27.282739     8.6800     9.0345    18.0695    79.2944 2.8988e+00  -73.98442 -113.38580  44.101872      99.75 1.0618e+03    262.745       6307  1027.2319  1027.2364     3.7618     2.4762     0.1771    33.7621    33.7674    8.29596         30 0.0000e+00
     18.000     17.809    -0.9996  27.282889    -1.0037  27.283298     8.6815     9.0255    18.5007    80.1078 2.2609e+00  -73.98442 -113.38580  44.101893      99.94 1.0633e+03    264.595       6351  1027.2369  1027.2412     3.8004     3.0202     0.1665    33.7623    33.7675    8.29593         25 0.0000e+00
     19.000     18.806    -0.9997  27.283289    -1.0039  27.283652     8.6691     9.0242    19.3596    79.4863 1.7834e+00  -73.98442 -113.38580  44.101914      99.13 1.0642e+03    266.412       6395  1027.2417  1027.2460     3.7710     2.9895     0.1774    33.7623    33.7676    8.29596         35 0.0000e+00
     20.000     19.793    -1.0001  27.283602    -1.0047  27.283710     8.6630     9.0279    17.7213    81.0638 1.4080e+00  -73.98442 -113.38580  44.101936      99.28 1.0666e+03    268.251       6439  1027.2467  1027.2511     3.8458     2.7356     0.1842    33.7626    33.7679    8.29603         31 0.0000e+00
     21.000     20.782    -1.0003  27.283896    -1.0047  27.284175     8.6718     9.0354    18.3341    80.1339 1.1127e+00  -73.98442 -113.38580  44.101957      99.75 1.0664e+03    270.107       6484  1027.2515  1027.2559     3.8018     2.7760     0.1846    33.7626    33.7679    8.29608         31 0.0000e+00
     22.000     21.772    -1.0000  27.284625    -1.0041  27.284876     8.6634     9.0248    19.4452    80.4522 8.8563e-01  -73.98442 -113.38580  44.101978      99.84 1.0660e+03    271.930       6527  1027.2563  1027.2604     3.8169     2.8278     0.1654    33.7626    33.7676    8.29601         29 0.0000e+00
     23.000     22.761    -1.0020  27.283671    -1.0052  27.284607     8.6135     8.9807    17.8430    79.8762 7.0221e-01  -73.98442 -113.38580  44.102000      83.61 1.0658e+03    273.779       6572  1027.2613  1027.2654     3.7896     2.4754     0.1503    33.7629    33.7679    8.29642         31 0.0000e+00
     24.000     23.749    -1.0171  27.271936    -1.0217  27.272340     8.5659     8.9466    19.3874    80.2623 5.6094e-01  -73.98442 -113.38580  44.102021      99.27 1.0643e+03    275.635       6616  1027.2674  1027.2722     3.8084     2.8370     0.1882    33.7633    33.7690    8.29975         32 0.0000e+00
     25.000     24.741    -1.0231  27.267917    -1.0265  27.268594     8.5539     8.9308    19.3022    79.4561 4.4411e-01  -73.98442 -113.38580  44.102043      99.85 1.0626e+03    277.485       6661  1027.2731  1027.2770     3.7696     2.7445     0.1962    33.7640    33.7687    8.30104         34 0.0000e+00
     26.000     25.730    -1.0270  27.265676    -1.0302  27.266699     8.5540     8.9429    18.5048    79.3982 3.5152e-01  -73.98442 -113.38580  44.102064      99.94 1.0628e+03    279.311       6704  1027.2785  1027.2826     3.7662     3.1462     0.1540    33.7647    33.7696    8.30186         34 0.0000e+00
     27.000     26.717    -1.0254  27.267650    -1.0246  27.271264     8.5770     8.9516    18.9798    79.6535 2.7681e-01  -73.98442 -113.38580  44.102085      99.96 1.0630e+03    281.176       6749  1027.2833  1027.2865     3.7793     3.2032     0.1984    33.7649    33.7690    8.30148         33 0.0000e+00
     28.000     27.706    -1.0209  27.271487    -1.0223  27.273615     8.6139     8.9729    18.5747    80.6329 2.1795e-01  -73.98442 -113.38580  44.102106      99.96 1.0630e+03    282.996       6793  1027.2874  1027.2910     3.8251     3.4577     0.1835    33.7645    33.7689    8.30052         34 0.0000e+00
     29.000     28.697    -1.0152  27.276160    -1.0187  27.276713     8.6423     8.9921    18.8460    78.5855 1.6996e-01  -73.98442 -113.38580  44.102128      99.97 1.0630e+03    284.821       6837  1027.2912  1027.2952     3.7283     3.1530     0.2000    33.7638    33.7685    8.29929         30 0.0000e+00
     30.000     29.686    -1.0091  27.281307    -1.0139  27.280824     8.6400     9.0038    17.3888    79.0930 1.3123e-01  -73.98442 -113.38579  44.102149      99.95 1.0629e+03    286.653       6881  1027.2954  1027.2994     3.7526     3.2227     0.1856    33.7634    33.7681    8.29798         32 0.0000e+00
     31.000     30.675    -1.0091  27.281677    -1.0125  27.282353     8.6519     9.0021    18.9078    80.5040 1.0011e-01  -73.98442 -113.38580  44.102169      99.90 1.0630e+03    288.440       6924  1027.3001  1027.3040     3.8193     3.2125     0.1958    33.7633    33.7680    8.29798         36 0.0000e+00
     32.000     31.666    -1.0078  27.283151    -1.0117  27.283418     8.6526     8.9941    18.8527    79.3869 7.5159e-02  -73.98442 -113.38580  44.102188      99.90 1.0615e+03    290.058       6962  1027.3048  1027.3088     3.7663     3.0989     0.1963    33.7632    33.7680    8.29770         33 0.0000e+00
     33.000     32.659    -1.0067  27.284380    -1.0112  27.284344     8.6015     8.9233    18.8511    78.9770 5.4561e-02  -73.98442 -113.38580  44.102206      99.91 1.0599e+03    291.630       7000  1027.3094  1027.3136     3.7469     3.1043     0.1722    33.7630    33.7680    8.29747         31 0.0000e+00
     34.000     33.644    -1.0095  27.282827    -1.0209  27.278173     8.3960     8.7545    19.0601    79.2279 3.8455e-02  -73.98442 -113.38580  44.102224      97.44 1.0583e+03    293.194       7038  1027.3148  1027.3206     3.7584     3.0199     0.1706    33.7634    33.7699    8.29807         30 0.0000e+00
     35.000     34.634    -1.0502  27.253682    -1.0593  27.252118     8.2136     8.6198    18.3856    79.5281 2.4443e-02  -73.98444 -113.38580  44.102242      99.80 1.0579e+03    294.722       7074  1027.3265  1027.3335     3.7731     2.7005     0.1864    33.7688    33.7769    8.30675         34 0.0000e+00
     36.000     35.623    -1.0832  27.232381    -1.0853  27.233922     8.2529     8.6270    17.4203    77.9225 1.2982e-02  -73.98444 -113.38580  44.102260      99.95 1.0575e+03    296.223       7110  1027.3391  1027.3428     3.6970     3.0407     0.1854    33.7763    33.7808    8.31363         28 0.0000e+00
     37.000     36.614    -1.0722  27.240577    -1.0752  27.241149     8.3050     8.6566    16.9789    81.0370 3.7113e-03  -73.98444 -113.38580  44.102277      99.99 1.0577e+03    297.710       7146  1027.3415  1027.3449     3.8445     3.4606     0.1710    33.7745    33.7787    8.31130         35 0.0000e+00
     38.000     37.604    -1.0637  27.247051    -1.0689  27.246407     8.2974     8.6546    15.2051    80.3250 7.1390e-05  -73.98444 -113.38580  44.102294      99.84 1.0570e+03    299.173       7181  1027.3445  1027.3487     3.8101     2.6251     0.1689    33.7731    33.7781    8.30950         31 0.0000e+00
     39.000     38.592    -1.0712  27.242180    -1.0758  27.242415     8.3358     8.6850    18.4260    78.6021 1.0000e-12  -73.98444 -113.38579  44.102310      99.91 1.0563e+03    300.625       7216  1027.3506  1027.3552     3.7294     3.2110     0.2264    33.7742    33.7797    8.31108         33 0.0000e+00
     40.000     39.583    -1.0636  27.248719    -1.0654  27.249541     8.3374     8.6758    18.4136    79.3327 1.0000e-12  -73.98444 -113.38579  44.102327      99.78 1.0564e+03    302.085       7251  1027.3545  1027.3571     3.7638     2.6589     0.1715    33.7741    33.7772    8.30942         35 0.0000e+00
     41.000     40.572    -1.0571  27.252951    -1.0645  27.251078     8.2201     8.5984    15.5630    79.3954 1.0000e-12  -73.98444 -113.38578  44.102344      99.76 1.0565e+03    303.544       7286  1027.3572  1027.3622     3.7660     2.5695     0.1873    33.7719    33.7777    8.30810         30 0.0000e+00
     42.000     41.561    -1.0847  27.235413    -1.0828  27.239577     8.1567     8.5247    18.6104    80.2099 1.0000e-12  -73.98444 -113.38578  44.102361      94.61 1.0584e+03    305.004       7321  1027.3689  1027.3715     3.8054     2.7602     0.1673    33.7784    33.7819    8.31384         34 0.0000e+00
     43.000     42.551    -1.0909  27.231875    -1.0928  27.233382     8.1260     8.4604    17.1672    80.4921 1.0000e-12  -73.98444 -113.38578  44.102378      99.23 1.0575e+03    306.456       7356  1027.3752  1027.3786     3.8188     2.8738     0.1912    33.7799    33.7841    8.31513         31 0.0000e+00
     44.000     43.540    -1.0941  27.229913    -1.1037  27.226552     8.0546     8.3869    18.3889    80.3415 1.0000e-12  -73.98444 -113.38578  44.102395      99.79 1.0567e+03    307.904       7391  1027.3802  1027.3858     3.8116     2.5182     0.1527    33.7802    33.7864    8.31582         32 0.0000e+00
     45.000     44.529    -1.1082  27.220916    -1.1149  27.219415     7.9117     8.2638    17.5229    79.1245 1.0000e-12  -73.98444 -113.38578  44.102412      99.74 1.0573e+03    309.375       7426  1027.3882  1027.3930     3.7532     2.4336     0.1767    33.7832    33.7887    8.31877         30 0.0000e+00
     46.000     45.520    -1.1280  27.208316    -1.1310  27.209825     7.7050     8.0696    15.5099    78.3041 1.0000e-12  -73.98444 -113.38578  44.102429      99.79 1.0518e+03    310.845       7461  1027.3977  1027.4021     3.7150     2.7092     0.1731    33.7876    33.7930    8.32291         33 0.0000e+00
     47.000     46.507    -1.1564  27.191535    -1.1607  27.192039     7.4894     7.8661    13.8203    80.4838 1.0000e-12  -73.98444 -113.38578  44.102446      99.48 1.0509e+03    312.307       7496  1027.4109  1027.4154     3.8181     1.9889     0.1532    33.7961    33.8016    8.32874         33 0.0000e+00
     48.000     47.497    -1.1869  27.172288    -1.1900  27.173758     7.2819     7.6703    14.7848    80.1158 1.0000e-12  -73.98444 -113.38578  44.102463      99.56 1.0573e+03    313.771       7532  1027.4232  1027.4278     3.8013     2.1822     0.1591    33.8035    33.8091    8.33508         31 0.0000e+00
     49.000     48.487    -1.2242  27.147024    -1.2274  27.148456     7.1823     7.5511    12.8684    79.7324 1.0000e-12  -73.98444 -113.38578  44.102480      99.82 1.0579e+03    315.237       7567  1027.4355  1027.4401     3.7828     2.6855     0.1700    33.8104    33.8160    8.34300         35 0.0000e+00
     50.000     49.477    -1.2385  27.138112    -1.2420  27.138816     7.1479     7.4921    12.4800    81.0070 1.0000e-12  -73.98444 -113.38578  44.102497      99.79 1.0587e+03    316.702       7602  1027.4433  1027.4474     3.8432     2.6917     0.1732    33.8138    33.8186    8.34600         35 0.0000e+00
     51.000     50.466    -1.2470  27.132696    -1.2507  27.133299     7.1223     7.4460    10.9629    82.7301 1.0000e-12  -73.98444 -113.38578  44.102513      98.90 1.0581e+03    318.151       7637  1027.4494  1027.4535     3.9246     1.8441     0.1665    33.8153    33.8202    8.34780         35 0.0000e+00
     52.000     51.456    -1.2551  27.127745    -1.2588  27.128221     7.0972     7.4191    12.5823    80.9019 1.0000e-12  -73.98444 -113.38578  44.102530      97.09 1.0610e+03    319.604       7671  1027.4556  1027.4597     3.8391     1.6954     0.1711    33.8170    33.8219    8.34950         30 0.0000e+00
