ocean_section_plots/required_files/ctd/dnbp2202_ctd065.cnv
* Sea-Bird SBE 9 Data File:
* FileName = D:\Data\raw\NBP2202_CTD065.hex
* Software Version Seasave V 7.26.7.121
* Temperature SN = 1649
* Conductivity SN = 2513
* Number of Bytes Per Scan = 40
* Number of Voltage Words = 5
* Number of Scans Averaged by the Deck Unit = 1
* NMEA Latitude = 73 59.56 S
* NMEA Longitude = 112 04.00 W
* NMEA UTC (Time) = Jan 25 2022  15:41:01
* NMEA baud rate = 9600
** Ship: RVIB N.B. Palmer
** Cruise: NBP2202 Thwaites
** Station: 46
** Operator: A. Robinson
# nquan = 25
# nvalues = 708                         
# units = specified
# name 0 = prDM: Pressure, Digiquartz [db]
# name 1 = depSM: Depth [salt water, m]
# name 2 = t090C: Temperature [ITS-90, deg C]
# name 3 = c0mS/cm: Conductivity [mS/cm]
# name 4 = t190C: Temperature, 2 [ITS-90, deg C]
# name 5 = c1mS/cm: Conductivity, 2 [mS/cm]
# name 6 = sbeox0ML/L: Oxygen, SBE 43 [ml/l]
# name 7 = sbeox1ML/L: Oxygen, SBE 43, 2 [ml/l]
# name 8 = flECO-AFL: Fluorescence, WET Labs ECO-AFL/FL [mg/m^3]
# name 9 = CStarTr0: Beam Transmission, WET Labs C-Star [%]
# name 10 = par: PAR/Irradiance, Biospherical/Licor
# name 11 = latitude: Latitude [deg]
# name 12 = longitude: Longitude [deg]
# name 13 = timeJ: Julian Days
# name 14 = altM: Altimeter [m]
# name 15 = spar: SPAR, Biospherical/Licor
# name 16 = timeS: Time, Elapsed [seconds]
# name 17 = scan: Scan Count
# name 18 = density00: Density [density, kg/m^3]
# name 19 = density11: Density, 2 [density, kg/m^3]
# name 20 = sal00: Salinity, Practical [PSU]
# name 21 = sal11: Salinity, Practical, 2 [PSU]
# name 22 = oxsolML/L: Oxygen Saturation, Garcia & Gordon [ml/l]
# name 23 = nbin: number of scans per bin
# name 24 = flag: flag
# span 0 =      2.000,    709.000       
# span 1 =      1.982,    700.473       
# span 2 =    -1.5186,     0.5424       
# span 3 =  27.051844,  29.492693       
# span 4 =    -1.5182,     0.5444       
# span 5 =  27.051655,  29.492454       
# span 6 =     4.5653,     8.8550       
# span 7 =     4.7359,     9.1535       
# span 8 =    -0.0101,    28.9782       
# span 9 =    67.6873,    96.4195       
# span 10 = -6.316e-05, 2.1560e+02      
# span 11 =  -73.99266,  -73.99266      
# span 12 = -112.06672, -112.06666      
# span 13 =  25.656587,  25.668340      
# span 14 =       1.38,     100.49      
# span 15 = 6.3951e+02, 6.6900e+02      
# span 16 =    268.106,   1283.565      
# span 17 =       6436,      30807      
# span 18 =  1027.1966,  1031.0680      
# span 19 =  1027.1963,  1031.0658      
# span 20 =    33.8216,    34.5658      
# span 21 =    33.8211,    34.5632      
# span 22 =    7.92220,    8.39952      
# span 23 =         13,         48      
# span 24 = 0.0000e+00, 0.0000e+00      
# interval = decibars: 1                
# start_time = Jan 25 2022 15:41:01 [NMEA time, header]
# bad_flag = -9.990e-29
*END*
[from data line 580]
    582.000    575.174     0.3329  29.196437     0.3347  29.195936     4.6679     4.8496    -0.0009    96.2522 1.0000e-12  -73.99266 -112.06668  25.665892      85.19 6.5310e+02   1072.081      25731  1030.4233  1030.4211    34.4855    34.4829    7.96974         28 0.0000e+00
    583.000    576.160     0.3320  29.196384     0.3338  29.196048     4.6770     4.8517    -0.0086    96.2507 1.0000e-12  -73.99266 -112.06666  25.665906      97.60 6.5373e+02   1073.309      25760  1030.4286  1030.4264    34.4859    34.4834    7.96991         30 0.0000e+00
    584.000    577.148     0.3314  29.196786     0.3335  29.196460     4.6745     4.8540    -0.0008    96.2377 1.0000e-12  -73.99266 -112.06667  25.665921      99.92 6.5427e+02   1074.579      25791  1030.4340  1030.4316    34.4865    34.4837    7.96999         30 0.0000e+00
    585.000    578.134     0.3325  29.198289     0.3345  29.197998     4.6806     4.8575     0.0010    96.2285 1.0000e-12  -73.99266 -112.06667  25.665935      99.89 6.5396e+02   1075.752      25819  1030.4389  1030.4366    34.4866    34.4840    7.96976         27 0.0000e+00
    586.000    579.120     0.3334  29.199790     0.3355  29.199568     4.6812     4.8629     0.0050    96.2242 1.0000e-12  -73.99266 -112.06668  25.665947      99.89 6.5342e+02   1076.859      25846  1030.4438  1030.4416    34.4870    34.4844    7.96954         26 0.0000e+00
    587.000    580.108     0.3330  29.199944     0.3350  29.199533     4.6867     4.8612     0.0042    96.2291 1.0000e-12  -73.99266 -112.06668  25.665961      99.89 6.5600e+02   1078.011      25873  1030.4487  1030.4464    34.4870    34.4843    7.96962         29 0.0000e+00
    588.000    581.095     0.3297  29.197251     0.3309  29.196494     4.7124     4.8859     0.0003    96.2170 1.0000e-12  -73.99266 -112.06668  25.665975      99.89 6.5306e+02   1079.252      25903  1030.4536  1030.4516    34.4867    34.4843    7.97034         31 0.0000e+00
    589.000    582.081     0.3102  29.179624     0.3112  29.179017     4.7315     4.9104    -0.0071    96.2184 1.0000e-12  -73.99266 -112.06668  25.665989      99.89 6.5257e+02   1080.489      25933  1030.4587  1030.4572    34.4847    34.4829    7.97447         29 0.0000e+00
    590.000    583.068     0.2823  29.155716     0.2841  29.155455     4.7275     4.9116     0.0040    96.2227 1.0000e-12  -73.99266 -112.06668  25.666003      99.90 6.5574e+02   1081.649      25961  1030.4655  1030.4635    34.4840    34.4816    7.98029         27 0.0000e+00
    591.000    584.056     0.2876  29.162005     0.2902  29.162013     4.7066     4.8895     0.0114    96.2467 1.0000e-12  -73.99266 -112.06668  25.666016      99.89 6.5345e+02   1082.756      25987  1030.4710  1030.4684    34.4858    34.4828    7.97910         26 0.0000e+00
    592.000    585.042     0.3127  29.187035     0.3166  29.188239     4.6852     4.8677     0.0038    96.2315 1.0000e-12  -73.99266 -112.06668  25.666029      79.02 6.5207e+02   1083.898      26015  1030.4765  1030.4739    34.4900    34.4872    7.97367         28 0.0000e+00
    593.000    586.029     0.3392  29.213633     0.3408  29.212888     4.6766     4.8573    -0.0010    96.2281 1.0000e-12  -73.99266 -112.06668  25.666043      90.37 6.5480e+02   1085.102      26043  1030.4822  1030.4799    34.4945    34.4918    7.96792         29 0.0000e+00
    594.000    587.016     0.3470  29.222039     0.3482  29.220683     4.6714     4.8535    -0.0009    96.2659 1.0000e-12  -73.99266 -112.06668  25.666057      99.96 6.5276e+02   1086.280      26072  1030.4877  1030.4851    34.4963    34.4932    7.96622         28 0.0000e+00
    595.000    588.002     0.3534  29.229082     0.3549  29.228224     4.6747     4.8503     0.0056    96.2533 1.0000e-12  -73.99266 -112.06668  25.666070      99.89 6.5259e+02   1087.419      26099  1030.4930  1030.4907    34.4977    34.4949    7.96481         27 0.0000e+00
    596.000    588.989     0.3535  29.229495     0.3555  29.229178     4.6753     4.8558    -0.0012    96.2464 1.0000e-12  -73.99266 -112.06668  25.666083      99.90 6.5451e+02   1088.611      26128  1030.4977  1030.4956    34.4976    34.4950    7.96480         30 0.0000e+00
    597.000    589.977     0.3517  29.228434     0.3534  29.227936     4.6734     4.8565    -0.0017    96.2699 1.0000e-12  -73.99266 -112.06668  25.666098      99.89 6.5324e+02   1089.834      26157  1030.5028  1030.5006    34.4977    34.4951    7.96518         29 0.0000e+00
    598.000    590.962     0.3513  29.228409     0.3529  29.227729     4.6770     4.8561     0.0007    96.2686 1.0000e-12  -73.99266 -112.06668  25.666111      99.89 6.5325e+02   1091.005      26185  1030.5075  1030.5052    34.4974    34.4948    7.96526         27 0.0000e+00
    599.000    591.950     0.3506  29.228356     0.3529  29.228164     4.6738     4.8574     0.0048    96.2488 1.0000e-12  -73.99266 -112.06668  25.666124      99.89 6.5480e+02   1092.155      26213  1030.5125  1030.5100    34.4977    34.4948    7.96541         28 0.0000e+00
    600.000    592.937     0.3569  29.235326     0.3591  29.235049     4.6668     4.8474    -0.0013    96.1574 1.0000e-12  -73.99266 -112.06668  25.666138      99.89 6.5346e+02   1093.353      26241  1030.5178  1030.5154    34.4991    34.4963    7.96402         29 0.0000e+00
    601.000    593.924     0.3613  29.240807     0.3636  29.240485     4.6708     4.8519     0.0091    96.1985 1.0000e-12  -73.99266 -112.06667  25.666153      83.53 6.5296e+02   1094.593      26271  1030.5235  1030.5209    34.5008    34.4978    7.96302         30 0.0000e+00
    602.000    594.911     0.3626  29.243249     0.3646  29.242785     4.6867     4.8661     0.0056    96.1882 1.0000e-12  -73.99266 -112.06667  25.666167      33.30 6.5468e+02   1095.787      26300  1030.5290  1030.5267    34.5019    34.4992    7.96268         28 0.0000e+00
    603.000    595.896     0.3584  29.240542     0.3599  29.239958     4.6964     4.8695     0.0051    96.2246 1.0000e-12  -73.99266 -112.06667  25.666180      99.51 6.5306e+02   1096.913      26327  1030.5347  1030.5326    34.5026    34.5000    7.96352         27 0.0000e+00
    604.000    596.882     0.3556  29.239667     0.3578  29.239362     4.6945     4.8778     0.0143    96.2218 1.0000e-12  -73.99266 -112.06667  25.666193      82.86 6.5351e+02   1098.042      26354  1030.5408  1030.5383    34.5039    34.5011    7.96402         27 0.0000e+00
    605.000    597.873     0.3639  29.250489     0.3664  29.250154     4.6973     4.8772     0.0042    96.2121 1.0000e-12  -73.99266 -112.06666  25.666206      94.52 6.5326e+02   1099.230      26383  1030.5481  1030.5453    34.5082    34.5050    7.96206         30 0.0000e+00
    606.000    598.857     0.3725  29.260289     0.3745  29.259776     4.6883     4.8784    -0.0004    96.2236 1.0000e-12  -73.99266 -112.06668  25.666220      99.84 6.5185e+02   1100.448      26412  1030.5541  1030.5517    34.5108    34.5079    7.96014         29 0.0000e+00
    607.000    599.845     0.3789  29.267466     0.3807  29.266649     4.6810     4.8672    -0.0004    96.2428 1.0000e-12  -73.99266 -112.06667  25.666234      99.90 6.5233e+02   1101.622      26440  1030.5596  1030.5570    34.5125    34.5095    7.95873         27 0.0000e+00
    608.000    600.830     0.3861  29.275358     0.3881  29.274724     4.6789     4.8560    -0.0004    96.2504 1.0000e-12  -73.99266 -112.06667  25.666247      99.89 6.5174e+02   1102.752      26467  1030.5650  1030.5624    34.5142    34.5111    7.95715         27 0.0000e+00
    609.000    601.817     0.3905  29.280532     0.3938  29.281426     4.6746     4.8601     0.0054    96.2499 1.0000e-12  -73.99266 -112.06667  25.666260      99.89 6.5120e+02   1103.887      26494  1030.5704  1030.5681    34.5155    34.5130    7.95618         28 0.0000e+00
    610.000    602.805     0.3976  29.288756     0.3994  29.288104     4.6777     4.8638     0.0132    96.2463 1.0000e-12  -73.99266 -112.06667  25.666274      57.89 6.5308e+02   1105.058      26522  1030.5763  1030.5739    34.5177    34.5148    7.95459         28 0.0000e+00
    611.000    603.791     0.4011  29.292970     0.4020  29.291400     4.6733     4.8575    -0.0009    96.2747 1.0000e-12  -73.99266 -112.06666  25.666288     100.49 6.5195e+02   1106.267      26551  1030.5816  1030.5791    34.5188    34.5157    7.95381         29 0.0000e+00
    612.000    604.778     0.4034  29.295953     0.4059  29.295848     4.6653     4.8493     0.0013    96.2920 1.0000e-12  -73.99266 -112.06666  25.666302      99.89 6.5233e+02   1107.484      26581  1030.5867  1030.5842    34.5195    34.5166    7.95330         30 0.0000e+00
    613.000    605.764     0.4118  29.304905     0.4139  29.304573     4.6605     4.8438     0.0041    96.2792 1.0000e-12  -73.99266 -112.06666  25.666316      99.89 6.5278e+02   1108.700      26610  1030.5921  1030.5897    34.5212    34.5184    7.95147         28 0.0000e+00
    614.000    606.752     0.4149  29.308511     0.4174  29.308562     4.6576     4.8416    -0.0046    96.2787 1.0000e-12  -73.99266 -112.06666  25.666330      99.62 6.5152e+02   1109.894      26638  1030.5972  1030.5948    34.5219    34.5192    7.95079         29 0.0000e+00
    615.000    607.739     0.4192  29.313661     0.4220  29.313955     4.6593     4.8354     0.0019    96.2817 1.0000e-12  -73.99266 -112.06666  25.666343      98.79 6.5336e+02   1111.027      26666  1030.6026  1030.6001    34.5232    34.5205    7.94983         26 0.0000e+00
    616.000    608.724     0.4205  29.315322     0.4231  29.315517     4.6560     4.8365     0.0072    96.2705 1.0000e-12  -73.99266 -112.06666  25.666356      93.82 6.5233e+02   1112.126      26692  1030.6073  1030.6051    34.5234    34.5208    7.94955         27 0.0000e+00
    617.000    609.712     0.4214  29.316445     0.4235  29.316270     4.6666     4.8461     0.0075    96.2856 1.0000e-12  -73.99266 -112.06666  25.666369      96.98 6.4981e+02   1113.275      26720  1030.6120  1030.6098    34.5233    34.5207    7.94938         29 0.0000e+00
    618.000    610.698     0.4234  29.319138     0.4256  29.319230     4.6792     4.8581    -0.0011    96.2653 1.0000e-12  -73.99266 -112.06666  25.666383      95.91 6.5127e+02   1114.522      26750  1030.6171  1030.6151    34.5239    34.5217    7.94892         30 0.0000e+00
    619.000    611.686     0.4245  29.321951     0.4263  29.321499     4.6921     4.8675    -0.0022    96.2601 1.0000e-12  -73.99266 -112.06666  25.666398      94.86 6.5289e+02   1115.758      26779  1030.6233  1030.6211    34.5258    34.5233    7.94859         29 0.0000e+00
    620.000    612.671     0.4244  29.322693     0.4265  29.322395     4.7018     4.8777    -0.0074    96.2722 1.0000e-12  -73.99266 -112.06666  25.666411      94.03 6.5049e+02   1116.880      26806  1030.6284  1030.6261    34.5263    34.5236    7.94859         25 0.0000e+00
    621.000    613.659     0.4252  29.324229     0.4271  29.324011     4.7065     4.8806    -0.0023    96.2828 1.0000e-12  -73.99266 -112.06666  25.666423      93.02 6.5096e+02   1117.958      26832  1030.6336  1030.6315    34.5269    34.5245    7.94840         27 0.0000e+00
    622.000    614.644     0.4266  29.326225     0.4284  29.325678     4.7019     4.8802    -0.0012    96.2814 1.0000e-12  -73.99266 -112.06666  25.666436      91.99 6.4962e+02   1119.102      26859  1030.6386  1030.6363    34.5274    34.5247    7.94808         29 0.0000e+00
    623.000    615.632     0.4280  29.328395     0.4300  29.327919     4.6979     4.8818     0.0010    96.2748 1.0000e-12  -73.99266 -112.06666  25.666451      90.85 6.5033e+02   1120.386      26890  1030.6437  1030.6413    34.5280    34.5253    7.94775         32 0.0000e+00
    624.000    616.618     0.4301  29.331041     0.4320  29.330684     4.7035     4.8849     0.0090    96.3171 1.0000e-12  -73.99266 -112.06666  25.666466      90.03 6.5240e+02   1121.671      26921  1030.6487  1030.6465    34.5286    34.5260    7.94730         29 0.0000e+00
    625.000    617.606     0.4310  29.332599     0.4331  29.332341     4.7011     4.8871    -0.0068    96.3292 1.0000e-12  -73.99266 -112.06666  25.666479      88.85 6.4983e+02   1122.811      26948  1030.6537  1030.6513    34.5290    34.5263    7.94708         26 0.0000e+00
    626.000    618.592     0.4354  29.337613     0.4380  29.337699     4.6951     4.8761    -0.0008    96.3587 1.0000e-12  -73.99266 -112.06666  25.666492      87.81 6.4914e+02   1123.900      26975  1030.6588  1030.6564    34.5301    34.5273    7.94613         27 0.0000e+00
    627.000    619.579     0.4406  29.343560     0.4428  29.343202     4.6952     4.8724     0.0024    96.3674 1.0000e-12  -73.99266 -112.06666  25.666506      86.74 6.5266e+02   1125.122      27004  1030.6641  1030.6616    34.5314    34.5286    7.94497         31 0.0000e+00
    628.000    620.566     0.4422  29.345572     0.4442  29.345153     4.6956     4.8752     0.0067    96.3833 1.0000e-12  -73.99266 -112.06666  25.666521      86.00 6.4974e+02   1126.428      27035  1030.6689  1030.6666    34.5317    34.5290    7.94463         31 0.0000e+00
    629.000    621.551     0.4421  29.345911     0.4439  29.345339     4.6900     4.8732    -0.0036    96.3864 1.0000e-12  -73.99266 -112.06666  25.666536      84.79 6.5039e+02   1127.701      27066  1030.6737  1030.6714    34.5317    34.5290    7.94465         31 0.0000e+00
    630.000    622.539     0.4421  29.346348     0.4439  29.345862     4.6867     4.8667     0.0037    96.4012 1.0000e-12  -73.99266 -112.06666  25.666551      83.65 6.5157e+02   1128.981      27097  1030.6784  1030.6762    34.5317    34.5290    7.94466         31 0.0000e+00
    631.000    623.526     0.4433  29.348212     0.4455  29.348041     4.6851     4.8671    -0.0075    96.3946 1.0000e-12  -73.99266 -112.06666  25.666566      82.93 6.4951e+02   1130.311      27128  1030.6834  1030.6812    34.5322    34.5296    7.94437         32 0.0000e+00
    632.000    624.512     0.4459  29.351308     0.4480  29.351034     4.6838     4.8689    -0.0008    96.3998 1.0000e-12  -73.99266 -112.06666  25.666581      81.75 6.5040e+02   1131.635      27160  1030.6884  1030.6861    34.5328    34.5301    7.94381         31 0.0000e+00
    633.000    625.499     0.4496  29.355742     0.4515  29.355337     4.6722     4.8578     0.0028    96.3100 1.0000e-12  -73.99266 -112.06666  25.666596      80.87 6.5199e+02   1132.908      27191  1030.6936  1030.6913    34.5339    34.5312    7.94299         30 0.0000e+00
    634.000    626.484     0.4517  29.358390     0.4540  29.358308     4.6791     4.8599     0.0020    96.3898 1.0000e-12  -73.99266 -112.06666  25.666611      79.97 6.4960e+02   1134.196      27222  1030.6986  1030.6963    34.5344    34.5318    7.94254         30 0.0000e+00
    635.000    627.472     0.4579  29.365153     0.4599  29.365000     4.6773     4.8627    -0.0013    96.3822 1.0000e-12  -73.99266 -112.06667  25.666627      78.89 6.5025e+02   1135.577      27255  1030.7038  1030.7016    34.5357    34.5332    7.94119         34 0.0000e+00
    636.000    628.459     0.4610  29.368990     0.4632  29.368736     4.6746     4.8542     0.0013    96.4045 1.0000e-12  -73.99266 -112.06667  25.666642      77.74 6.5199e+02   1136.905      27287  1030.7089  1030.7066    34.5367    34.5339    7.94049         30 0.0000e+00
    637.000    629.445     0.4653  29.373895     0.4676  29.373761     4.6770     4.8553     0.0178    96.4048 1.0000e-12  -73.99266 -112.06668  25.666657      77.01 6.5142e+02   1138.125      27316  1030.7141  1030.7118    34.5377    34.5350    7.93955         29 0.0000e+00
    638.000    630.431     0.4714  29.380659     0.4737  29.380661     4.6719     4.8570     0.0190    96.4013 1.0000e-12  -73.99266 -112.06666  25.666672      75.77 6.5134e+02   1139.423      27347  1030.7194  1030.7172    34.5391    34.5366    7.93822         34 0.0000e+00
