ocean_section_plots/required_files/ctd/dnbp2202_ctd107.cnv
* Sea-Bird SBE 9 Data File:
* FileName = D:\Data\raw\NBP2202_CTD107.hex
* Software Version Seasave V 7.26.7.121
* Temperature SN = 1649
* Conductivity SN = 2513
* Number of Bytes Per Scan = 40
* Number of Voltage Words = 5
* Number of Scans Averaged by the Deck Unit = 1
* NMEA Latitude = 74 10.52 S
* NMEA Longitude = 113 20.65 W
* NMEA UTC (Time) = Jan 27 2022  05:38:13
* NMEA baud rate = 9600
** Ship: RVIB N.B. Palmer
** Cruise: NBP2202 Thwaites
** Station: YoYo001
** Operator: B. Bjork
# nquan = 25
# nvalues = 608                         
# units = specified
# name 0 = prDM: Pressure, Digiquartz [db]
# name 1 = depSM: Depth [salt water, m]
# name 2 = t090C: Temperature [ITS-90, deg C]
# name 3 = c0mS/cm: Conductivity [mS/cm]
# name 4 = t190C: Temperature, 2 [ITS-90, deg C]
# name 5 = c1mS/cm: Conductivity, 2 [mS/cm]
# name 6 = sbeox0ML/L: Oxygen, SBE 43 [ml/l]
# name 7 = sbeox1ML/L: Oxygen, SBE 43, 2 [ml/l]
# name 8 = flECO-AFL: Fluorescence, WET Labs ECO-AFL/FL [mg/m^3]
# name 9 = CStarTr0: Beam Transmission, WET Labs C-Star [%]
# name 10 = par: PAR/Irradiance, Biospherical/Licor
# name 11 = latitude: Latitude [deg]
# name 12 = longitude: Longitude [deg]
# name 13 = timeJ: Julian Days
# name 14 = altM: Altimeter [m]
# name 15 = spar: SPAR, Biospherical/Licor
# name 16 = timeS: Time, Elapsed [seconds]
# name 17 = scan: Scan Count
# name 18 = density00: Density [density, kg/m^3]
# name 19 = density11: Density, 2 [density, kg/m^3]
# name 20 = sal00: Salinity, Practical [PSU]
# name 21 = sal11: Salinity, Practical, 2 [PSU]
# name 22 = oxsolML/L: Oxygen Saturation, Garcia & Gordon [ml/l]
# name 23 = nbin: number of scans per bin
# name 24 = flag: flag
# span 0 =     10.000,    617.000       
# span 1 =      9.895,    609.711       
# span 2 =    -1.4575,     0.1136       
# span 3 =  26.983977,  28.949568       
# span 4 =    -1.4563,     0.1159       
# span 5 =  26.984292,  28.949308       
# span 6 =     4.6905,     8.5822       
# span 7 =     4.7500,     8.5235       
# span 8 =    -0.0224,    27.4239       
# span 9 =    67.6203,    95.5989       
# span 10 = 1.0000e-12, 2.2580e+00      
# span 11 =  -74.17536,  -74.17536      
# span 12 = -113.34426, -113.34424      
# span 13 =  27.235554,  27.244034      
# span 14 =       7.91,     100.57      
# span 15 = 9.8716e+01, 1.1287e+02      
# span 16 =     58.908,    791.559      
# span 17 =       1415,      18998      
# span 18 =  1027.2278,  1030.5256      
# span 19 =  1027.2243,  1030.5232      
# span 20 =    33.7932,    34.3867      
# span 21 =    33.7900,    34.3837      
# span 22 =    8.02084,    8.39441      
# span 23 =         10,         44      
# span 24 = 0.0000e+00, 0.0000e+00      
# interval = decibars: 1                
# start_time = Jan 27 2022 05:38:13 [NMEA time, header]
# bad_flag = -9.990e-29
*END*
[from data line 116]
    126.000    124.657    -1.2805  27.202479    -1.2783  27.202255     5.2931     5.3766    -0.0133    95.4419 1.0000e-12  -74.17536 -113.34426  27.237621      99.87 1.0924e+02    237.434       5699  1027.8770  1027.8748    33.9021    33.8994    8.35014         26 0.0000e+00
    127.000    125.648    -1.2757  27.207516    -1.2742  27.207179     5.2972     5.3786    -0.0150    95.5114 1.0000e-12  -74.17536 -113.34426  27.237633      99.86 1.0923e+02    238.490       5725  1027.8826  1027.8807    33.9030    33.9008    8.34903         25 0.0000e+00
    128.000    126.635    -1.2751  27.208808    -1.2738  27.208289     5.2996     5.3847    -0.0041    95.5151 1.0000e-12  -74.17536 -113.34426  27.237645      99.86 1.1079e+02    239.548       5750  1027.8878  1027.8860    33.9034    33.9013    8.34885         25 0.0000e+00
    129.000    127.626    -1.2749  27.210692    -1.2731  27.210639     5.3005     5.3878    -0.0155    95.5051 1.0000e-12  -74.17536 -113.34426  27.237658      99.87 1.0886e+02    240.621       5776  1027.8942  1027.8924    33.9052    33.9031    8.34871         26 0.0000e+00
    130.000    128.614    -1.2734  27.212672    -1.2718  27.212357     5.2955     5.3799    -0.0124    95.4694 1.0000e-12  -74.17536 -113.34426  27.237670      99.86 1.0980e+02    241.678       5801  1027.8994  1027.8976    33.9056    33.9034    8.34835         25 0.0000e+00
    131.000    129.603    -1.2676  27.218729    -1.2661  27.218136     5.2894     5.3813    -0.0125    95.5026 1.0000e-12  -74.17536 -113.34426  27.237682      97.14 1.1100e+02    242.740       5827  1027.9049  1027.9028    33.9067    33.9042    8.34699         26 0.0000e+00
    132.000    130.592    -1.2649  27.221412    -1.2632  27.221264     5.2865     5.3748    -0.0195    95.5059 1.0000e-12  -74.17536 -113.34426  27.237695      99.91 1.0870e+02    243.808       5852  1027.9097  1027.9079    33.9067    33.9046    8.34639         25 0.0000e+00
    133.000    131.581    -1.2641  27.222801    -1.2625  27.222462     5.2781     5.3597    -0.0221    95.5131 1.0000e-12  -74.17536 -113.34426  27.237707      99.87 1.0997e+02    244.851       5877  1027.9149  1027.9130    33.9071    33.9049    8.34619         26 0.0000e+00
    134.000    132.570    -1.2605  27.226984    -1.2593  27.226274     5.2622     5.3522    -0.0221    95.5098 1.0000e-12  -74.17536 -113.34426  27.237719      99.87 1.1076e+02    245.890       5902  1027.9204  1027.9185    33.9081    33.9058    8.34532         24 0.0000e+00
    135.000    133.560    -1.2428  27.244047    -1.2414  27.243008     5.2459     5.3373    -0.0184    95.5162 1.0000e-12  -74.17536 -113.34426  27.237731      99.87 1.0854e+02    246.943       5928  1027.9264  1027.9239    33.9109    33.9079    8.34121         26 0.0000e+00
    136.000    134.548    -1.2289  27.257531    -1.2274  27.256871     5.2242     5.3080    -0.0177    95.4979 1.0000e-12  -74.17536 -113.34426  27.237743      99.86 1.1005e+02    247.983       5953  1027.9322  1027.9299    33.9130    33.9103    8.33798         25 0.0000e+00
    137.000    135.536    -1.2204  27.266986    -1.2185  27.266309     5.2059     5.2954    -0.0188    95.4976 1.0000e-12  -74.17536 -113.34426  27.237755      99.86 1.1021e+02    249.025       5978  1027.9387  1027.9362    33.9156    33.9126    8.33591         25 0.0000e+00
    138.000    136.527    -1.1915  27.294875    -1.1893  27.294308     5.1958     5.2823    -0.0147    95.5110 1.0000e-12  -74.17536 -113.34426  27.237767      99.87 1.0944e+02    250.080       6003  1027.9458  1027.9432    33.9206    33.9174    8.32919         25 0.0000e+00
    139.000    137.516    -1.1822  27.305169    -1.1809  27.304555     5.1936     5.2766    -0.0165    95.5120 1.0000e-12  -74.17536 -113.34426  27.237779      99.87 1.1043e+02    251.126       6028  1027.9528  1027.9509    33.9236    33.9212    8.32696         25 0.0000e+00
    140.000    138.502    -1.1762  27.311984    -1.1754  27.310680     5.2054     5.2804    -0.0218    95.5069 1.0000e-12  -74.17536 -113.34426  27.237791      99.86 1.0987e+02    252.156       6053  1027.9589  1027.9567    33.9254    33.9227    8.32550         25 0.0000e+00
    141.000    139.494    -1.1712  27.317297    -1.1699  27.316866     5.2105     5.2855    -0.0221    95.5089 1.0000e-12  -74.17536 -113.34426  27.237803      99.86 1.0958e+02    253.199       6078  1027.9645  1027.9627    33.9264    33.9243    8.32433         25 0.0000e+00
    142.000    140.482    -1.1732  27.318101    -1.1707  27.318414     5.2086     5.2857    -0.0208    95.4988 1.0000e-12  -74.17536 -113.34426  27.237815      99.87 1.0967e+02    254.249       6103  1027.9718  1027.9697    33.9291    33.9267    8.32461         24 0.0000e+00
    143.000    141.470    -1.1640  27.328352    -1.1628  27.327295     5.2291     5.3012    -0.0068    95.4870 1.0000e-12  -74.17536 -113.34426  27.237827      99.26 1.0893e+02    255.276       6128  1027.9786  1027.9763    33.9321    33.9293    8.32238         25 0.0000e+00
    144.000    142.460    -1.1675  27.325972    -1.1653  27.326227     5.2413     5.3080    -0.0222    95.4744 1.0000e-12  -74.17536 -113.34426  27.237839      99.88 1.0992e+02    256.320       6153  1027.9840  1027.9821    33.9323    33.9301    8.32317         26 0.0000e+00
    145.000    143.449    -1.1698  27.325475    -1.1690  27.324602     5.2727     5.3317    -0.0145    95.4251 1.0000e-12  -74.17536 -113.34426  27.237851      99.87 1.0965e+02    257.363       6178  1027.9902  1027.9885    33.9336    33.9315    8.32361         25 0.0000e+00
    146.000    144.437    -1.1724  27.326603    -1.1708  27.326036     5.3473     5.4019    -0.0076    95.4667 1.0000e-12  -74.17536 -113.34426  27.237863      99.87 1.0890e+02    258.392       6202  1027.9983  1027.9962    33.9374    33.9348    8.32394         25 0.0000e+00
    147.000    145.428    -1.1829  27.321377    -1.1820  27.320997     5.4007     5.4502    -0.0134    95.4748 1.0000e-12  -74.17536 -113.34426  27.237875      99.86 1.1114e+02    259.432       6227  1028.0072  1028.0060    33.9415    33.9399    8.32604         25 0.0000e+00
    148.000    146.416    -1.2248  27.292799    -1.2238  27.292382     5.4396     5.4759    -0.0150    95.4830 1.0000e-12  -74.17536 -113.34426  27.237888      99.86 1.0951e+02    260.485       6253  1028.0211  1028.0197    33.9492    33.9475    8.33492         24 0.0000e+00
    149.000    147.405    -1.2289  27.290908    -1.2274  27.290756     5.5024     5.5504    -0.0073    95.4790 1.0000e-12  -74.17536 -113.34426  27.237899      99.86 1.0915e+02    261.516       6277  1028.0272  1028.0256    33.9507    33.9487    8.33576         25 0.0000e+00
    150.000    148.393    -1.2367  27.285374    -1.2345  27.286337     5.5705     5.6253    -0.0121    95.4853 1.0000e-12  -74.17536 -113.34426  27.237911      99.87 1.1057e+02    262.541       6302  1028.0329  1028.0318    33.9512    33.9501    8.33745         25 0.0000e+00
    151.000    149.383    -1.3023  27.231144    -1.3033  27.230565     5.5996     5.6616    -0.0083    95.4945 1.0000e-12  -74.17536 -113.34426  27.237923      99.87 1.0917e+02    263.576       6327  1028.0414  1028.0417    33.9507    33.9510    8.35216         25 0.0000e+00
    152.000    150.372    -1.3170  27.222058    -1.3154  27.221930     5.5778     5.6486    -0.0104    95.5032 1.0000e-12  -74.17536 -113.34426  27.237935      99.86 1.0886e+02    264.591       6351  1028.0496  1028.0479    33.9542    33.9522    8.35522         24 0.0000e+00
    153.000    151.360    -1.3043  27.233949    -1.3039  27.232917     5.5198     5.6046    -0.0149    95.5079 1.0000e-12  -74.17536 -113.34426  27.237947      99.87 1.1083e+02    265.613       6376  1028.0543  1028.0527    33.9556    33.9536    8.35231         25 0.0000e+00
    154.000    152.349    -1.2724  27.263457    -1.2730  27.260877     5.4689     5.5593    -0.0150    95.5294 1.0000e-12  -74.17536 -113.34426  27.237959      99.86 1.0890e+02    266.657       6401  1028.0597  1028.0575    33.9592    33.9564    8.34495         25 0.0000e+00
    155.000    153.339    -1.2385  27.293315    -1.2354  27.293710     5.4540     5.5389    -0.0150    95.5312 1.0000e-12  -74.17536 -113.34426  27.237971      99.87 1.0952e+02    267.685       6425  1028.0637  1028.0612    33.9611    33.9582    8.33727         24 0.0000e+00
    156.000    154.327    -1.2241  27.306721    -1.2233  27.305582     5.4763     5.5538    -0.0174    95.5429 1.0000e-12  -74.17536 -113.34426  27.237983      92.90 1.1028e+02    268.704       6450  1028.0688  1028.0668    33.9626    33.9601    8.33398         25 0.0000e+00
    157.000    155.317    -1.2373  27.295179    -1.2352  27.296181     5.5085     5.5809    -0.0200    95.5623 1.0000e-12  -74.17536 -113.34426  27.237995      99.76 1.0840e+02    269.741       6475  1028.0734  1028.0725    33.9611    33.9601    8.33702         25 0.0000e+00
    158.000    156.305    -1.2598  27.276485    -1.2496  27.284258     5.5403     5.6080    -0.0135    95.5677 1.0000e-12  -74.17536 -113.34426  27.238007      99.87 1.0937e+02    270.766       6499  1028.0790  1028.0776    33.9603    33.9593    8.34207         24 0.0000e+00
    159.000    157.293    -1.2729  27.266470    -1.2719  27.266002     5.5853     5.6546    -0.0089    95.5738 1.0000e-12  -74.17536 -113.34426  27.238018      99.87 1.0937e+02    271.785       6524  1028.0851  1028.0836    33.9608    33.9590    8.34498         25 0.0000e+00
    160.000    158.283    -1.2896  27.252044    -1.2923  27.249274     5.6157     5.6911    -0.0140    95.5779 1.0000e-12  -74.17536 -113.34426  27.238030      99.87 1.0861e+02    272.818       6549  1028.0896  1028.0892    33.9593    33.9586    8.34879         25 0.0000e+00
    161.000    159.272    -1.3186  27.228614    -1.3165  27.229103     5.5898     5.6815    -0.0074    95.5731 1.0000e-12  -74.17536 -113.34426  27.238042      99.86 1.0944e+02    273.848       6573  1028.0961  1028.0947    33.9594    33.9578    8.35527         24 0.0000e+00
    162.000    160.259    -1.3173  27.230159    -1.3162  27.229990     5.5221     5.6253    -0.0151    95.5513 1.0000e-12  -74.17536 -113.34426  27.238054      99.87 1.0870e+02    274.868       6598  1028.1007  1028.0995    33.9595    33.9580    8.35499         24 0.0000e+00
    163.000    161.250    -1.2786  27.265634    -1.2811  27.260757     5.4568     5.5538    -0.0147    95.5895 1.0000e-12  -74.17536 -113.34426  27.238066      99.87 1.0896e+02    275.899       6623  1028.1061  1028.1032    33.9636    33.9598    8.34608         26 0.0000e+00
    164.000    162.238    -1.2343  27.303701    -1.2281  27.306899     5.4224     5.5171    -0.0014    95.5870 1.0000e-12  -74.17536 -113.34426  27.238078      99.87 1.0908e+02    276.931       6647  1028.1091  1028.1066    33.9650    33.9624    8.33611         24 0.0000e+00
    165.000    163.228    -1.2080  27.327384    -1.2089  27.324812     5.4256     5.5217    -0.0123    95.5989 1.0000e-12  -74.17536 -113.34426  27.238090      99.87 1.0834e+02    277.942       6672  1028.1139  1028.1120    33.9670    33.9645    8.33012         24 0.0000e+00
    166.000    164.216    -1.2090  27.326907    -1.2102  27.324808     5.4387     5.5343    -0.0150    95.5811 1.0000e-12  -74.17536 -113.34426  27.238101      99.87 1.0923e+02    278.955       6696  1028.1189  1028.1179    33.9669    33.9654    8.33036         25 0.0000e+00
    167.000    165.205    -1.2221  27.317135    -1.2210  27.316663     5.4406     5.5371    -0.0199    95.5838 1.0000e-12  -74.17536 -113.34426  27.238113      86.15 1.0886e+02    279.968       6720  1028.1254  1028.1238    33.9677    33.9658    8.33324         24 0.0000e+00
    168.000    166.194    -1.2258  27.314446    -1.2247  27.313985     5.4249     5.5178    -0.0181    95.5838 1.0000e-12  -74.17536 -113.34426  27.238125      81.53 1.0806e+02    280.971       6744  1028.1304  1028.1289    33.9675    33.9657    8.33405         24 0.0000e+00
    169.000    167.183    -1.2141  27.326109    -1.2122  27.326003     5.4118     5.5044    -0.0150    95.5790 1.0000e-12  -74.17536 -113.34426  27.238136      94.42 1.0992e+02    281.991       6769  1028.1363  1028.1342    33.9697    33.9673    8.33133         25 0.0000e+00
    170.000    168.172    -1.2001  27.339282    -1.1981  27.339158     5.3947     5.4932    -0.0150    95.5806 1.0000e-12  -74.17536 -113.34426  27.238148      99.88 1.0944e+02    283.025       6794  1028.1415  1028.1394    33.9712    33.9688    8.32812         24 0.0000e+00
    171.000    169.161    -1.1909  27.347914    -1.1884  27.348452     5.3628     5.4633    -0.0175    95.5740 1.0000e-12  -74.17536 -113.34426  27.238160      99.86 1.0863e+02    284.038       6818  1028.1465  1028.1446    33.9721    33.9699    8.32603         24 0.0000e+00
    172.000    170.149    -1.1777  27.360466    -1.1775  27.358792     5.3274     5.4287    -0.0201    95.2983 1.0000e-12  -74.17536 -113.34426  27.238172      99.87 1.0980e+02    285.051       6842  1028.1518  1028.1499    33.9736    33.9711    8.32299         25 0.0000e+00
    173.000    171.138    -1.1435  27.393091    -1.1368  27.396402     5.2931     5.3934    -0.0162    95.4728 1.0000e-12  -74.17536 -113.34426  27.238184      99.86 1.0885e+02    286.072       6867  1028.1588  1028.1559    33.9789    33.9758    8.31509         24 0.0000e+00
    174.000    172.126    -1.1230  27.412136    -1.1212  27.411863     5.2797     5.3808    -0.0218    95.5621 1.0000e-12  -74.17536 -113.34426  27.238195      99.87 1.0842e+02    287.072       6891  1028.1643  1028.1623    33.9811    33.9787    8.31041         24 0.0000e+00
    175.000    173.116    -1.0985  27.436025    -1.0997  27.432292     5.2928     5.3889    -0.0153    95.5564 1.0000e-12  -74.17536 -113.34426  27.238207      99.87 1.0993e+02    288.078       6915  1028.1712  1028.1683    33.9854    33.9816    8.30472         25 0.0000e+00
    176.000    174.104    -1.0985  27.436625    -1.1020  27.432182     5.2998     5.3893    -0.0223    95.5272 1.0000e-12  -74.17536 -113.34426  27.238219      99.87 1.0829e+02    289.094       6939  1028.1766  1028.1751    33.9856    33.9835    8.30471         24 0.0000e+00
    177.000    175.093    -1.1042  27.433065    -1.1032  27.432315     5.3013     5.3927    -0.0157    95.5259 1.0000e-12  -74.17536 -113.34426  27.238230      99.87 1.0842e+02    290.095       6963  1028.1828  1028.1809    33.9866    33.9843    8.30592         24 0.0000e+00
    178.000    176.083    -1.1050  27.433070    -1.1036  27.432702     5.2917     5.3826    -0.0150    95.5259 1.0000e-12  -74.17536 -113.34426  27.238242      99.86 1.0958e+02    291.094       6987  1028.1881  1028.1863    33.9868    33.9847    8.30607         24 0.0000e+00
    179.000    177.071    -1.0998  27.438354    -1.0969  27.438956     5.2747     5.3660    -0.0150    95.5280 1.0000e-12  -74.17536 -113.34426  27.238254      99.87 1.0768e+02    292.108       7012  1028.1933  1028.1912    33.9875    33.9851    8.30487         24 0.0000e+00
    180.000    178.059    -1.0902  27.447156    -1.0903  27.445153     5.2602     5.3545    -0.0095    95.5280 1.0000e-12  -74.17536 -113.34426  27.238265      99.87 1.0872e+02    293.114       7036  1028.1981  1028.1960    33.9881    33.9855    8.30273         24 0.0000e+00
    181.000    179.048    -1.0764  27.459616    -1.0758  27.458304     5.2437     5.3390    -0.0111    95.5291 1.0000e-12  -74.17536 -113.34426  27.238277      99.87 1.0886e+02    294.109       7060  1028.2028  1028.2008    33.9889    33.9864    8.29963         24 0.0000e+00
    182.000    180.037    -1.0715  27.464330    -1.0708  27.463137     5.2271     5.3164    -0.0185    95.5172 1.0000e-12  -74.17536 -113.34426  27.238288      91.47 1.0810e+02    295.124       7084  1028.2077  1028.2057    33.9891    33.9867    8.29852         25 0.0000e+00
