ocean_section_plots/required_files/ctd/dnbp2202_ctd238.cnv
* Sea-Bird SBE 9 Data File:
* FileName = D:\Data\raw\NBP2202_CTD238.hex
* Software Version Seasave V 7.26.7.121
* Temperature SN = 1649
* Conductivity SN = 2513
* Number of Bytes Per Scan = 40
* Number of Voltage Words = 5
* Number of Scans Averaged by the Deck Unit = 1
* NMEA Latitude = 73 46.96 S
* NMEA Longitude = 118 37.05 W
* NMEA UTC (Time) = Feb 13 2022  23:59:18
* NMEA baud rate = 9600
** Ship: RVIB N.B. Palmer
** Cruise: NBP2202 Thwaites
** Station: 148
** Operator: A. Robinson
# nquan = 28
# nvalues = 611                         
# units = specified
# name 0 = prDM: Pressure, Digiquartz [db]
# name 1 = depSM: Depth [salt water, m]
# name 2 = t090C: Temperature [ITS-90, deg C]
# name 3 = c0mS/cm: Conductivity [mS/cm]
# name 4 = t190C: Temperature, 2 [ITS-90, deg C]
# name 5 = c1mS/cm: Conductivity, 2 [mS/cm]
# name 6 = sbeox0ML/L: Oxygen, SBE 43 [ml/l]
# name 7 = sbeox1ML/L: Oxygen, SBE 43, 2 [ml/l]
# name 8 = flECO-AFL: Fluorescence, WET Labs ECO-AFL/FL [mg/m^3]
# name 9 = CStarTr0: Beam Transmission, WET Labs C-Star [%]
# name 10 = par: PAR/Irradiance, Biospherical/Licor
# name 11 = latitude: Latitude [deg]
# name 12 = longitude: Longitude [deg]
# name 13 = timeJ: Julian Days
# name 14 = altM: Altimeter [m]
# name 15 = spar: SPAR, Biospherical/Licor
# name 16 = timeS: Time, Elapsed [seconds]
# name 17 = scan: Scan Count
# name 18 = density00: Density [density, kg/m^3]
# name 19 = density11: Density, 2 [density, kg/m^3]
# name 20 = v3: Voltage 3
# name 21 = v4: Voltage 4
# name 22 = v5: Voltage 5
# name 23 = sal00: Salinity, Practical [PSU]
# name 24 = sal11: Salinity, Practical, 2 [PSU]
# name 25 = oxsolML/L: Oxygen Saturation, Garcia & Gordon [ml/l]
# name 26 = nbin: number of scans per bin
# name 27 = flag: flag
# span 0 =      3.000,    613.000       
# span 1 =      2.969,    605.772       
# span 2 =    -1.6858,     0.3221       
# span 3 =  26.961461,  29.194188       
# span 4 =    -1.6837,     0.3236       
# span 5 =  26.963474,  29.193411       
# span 6 =     4.8244,     9.0569       
# span 7 =     4.9879,     9.4167       
# span 8 =     0.0435,    15.4774       
# span 9 =    82.0956,    97.1263       
# span 10 = -6.792e-05, 6.7647e+02      
# span 11 =  -73.78276,  -73.78276      
# span 12 = -118.61762, -118.61752      
# span 13 =  45.001788,  45.011767      
# span 14 =       4.24,     101.07      
# span 15 = 1.5237e+03, 1.5604e+03      
# span 16 =    196.489,   1058.660      
# span 17 =       4717,      25409      
# span 18 =  1027.2034,  1030.5593      
# span 19 =  1027.2032,  1030.5569      
# span 20 =     3.8953,     4.6075      
# span 21 =     0.0775,     2.0014      
# span 22 =     0.1166,     0.3617      
# span 23 =    33.8632,    34.4772      
# span 24 =    33.8631,    34.4745      
# span 25 =    7.97244,    8.43578      
# span 26 =         18,         45      
# span 27 = 0.0000e+00, 0.0000e+00      
# interval = decibars: 1                
# start_time = Feb 13 2022 23:59:18 [NMEA time, header]
# bad_flag = -9.990e-29
*END*
[from data line 518]
    521.000    514.971     0.0062  28.824145     0.0079  28.823312     5.0001     5.1590     0.2407    96.8133 1.0000e-12  -73.78276 -118.61756  45.009551      98.76 1.5396e+03    867.166      20813  1030.0882  1030.0858     4.5926     0.0945     0.1219    34.3969    34.3940    8.04274         30 0.0000e+00
    522.000    515.957     0.0075  28.825882     0.0098  28.825654     4.9884     5.1522     0.2446    96.7020 1.0000e-12  -73.78276 -118.61756  45.009565      98.55 1.5362e+03    868.459      20844  1030.0932  1030.0908     4.5875     0.0929     0.1176    34.3971    34.3943    8.04246         30 0.0000e+00
    523.000    516.943     0.0161  28.835402     0.0194  28.835846     4.9897     5.1476     0.1408    96.8311 1.0000e-12  -73.78276 -118.61755  45.009580      97.86 1.5351e+03    869.672      20873  1030.0992  1030.0964     4.5935     0.1053     0.1250    34.3995    34.3964    8.04053         28 0.0000e+00
    524.000    517.932     0.0210  28.840479     0.0235  28.840510     4.9843     5.1478     0.2298    96.9058 1.0000e-12  -73.78276 -118.61755  45.009593      91.54 1.5404e+03    870.837      20901  1030.1041  1030.1017     4.5971     0.0923     0.1216    34.4002    34.3974    8.03946         29 0.0000e+00
    525.000    518.918     0.0243  28.844308     0.0267  28.844258     4.9914     5.1529     0.2278    96.8454 1.0000e-12  -73.78276 -118.61755  45.009606      96.06 1.5405e+03    871.984      20929  1030.1093  1030.1069     4.5942     0.0958     0.1214    34.4010    34.3982    8.03873         27 0.0000e+00
    526.000    519.905     0.0262  28.846878     0.0284  28.846540     4.9840     5.1440     0.1942    96.7440 1.0000e-12  -73.78276 -118.61756  45.009619      94.72 1.5362e+03    873.098      20955  1030.1145  1030.1120     4.5894     0.0926     0.1223    34.4016    34.3987    8.03828         27 0.0000e+00
    527.000    520.893     0.0286  28.849616     0.0308  28.849388     4.9771     5.1464     0.1936    96.7492 1.0000e-12  -73.78276 -118.61756  45.009633      93.38 1.5368e+03    874.273      20984  1030.1195  1030.1171     4.5897     0.0931     0.1216    34.4020    34.3992    8.03777         29 0.0000e+00
    528.000    521.880     0.0316  28.853121     0.0341  28.853063     4.9825     5.1496     0.2417    96.8249 1.0000e-12  -73.78276 -118.61756  45.009648      92.59 1.5362e+03    875.571      21015  1030.1245  1030.1221     4.5932     0.0930     0.1227    34.4027    34.3998    8.03710         32 0.0000e+00
    529.000    522.866     0.0327  28.855010     0.0353  28.854904     4.9816     5.1430     0.2705    96.7920 1.0000e-12  -73.78276 -118.61756  45.009662      91.32 1.5352e+03    876.831      21045  1030.1297  1030.1272     4.5917     0.0910     0.1216    34.4033    34.4003    8.03683         28 0.0000e+00
    530.000    523.855     0.0333  28.856343     0.0361  28.856746     4.9720     5.1353     0.1728    96.4490 1.0000e-12  -73.78276 -118.61756  45.009676      90.42 1.5367e+03    877.977      21072  1030.1349  1030.1327     4.5754     0.1119     0.1199    34.4038    34.4012    8.03667         27 0.0000e+00
    531.000    524.842     0.0430  28.867265     0.0459  28.867359     4.9580     5.1345     0.2431    96.6899 1.0000e-12  -73.78276 -118.61756  45.009688      89.78 1.5392e+03    879.059      21098  1030.1412  1030.1385     4.5868     0.0996     0.1245    34.4068    34.4036    8.03448         26 0.0000e+00
    532.000    525.828     0.0543  28.878848     0.0570  28.879006     4.9709     5.1343     0.2180    96.8213 1.0000e-12  -73.78276 -118.61754  45.009701      88.83 1.5359e+03    880.166      21125  1030.1466  1030.1442     4.5931     0.1013     0.1224    34.4088    34.4060    8.03199         28 0.0000e+00
    533.000    526.816     0.0563  28.881208     0.0584  28.880831     4.9721     5.1333     0.2090    96.8631 1.0000e-12  -73.78276 -118.61756  45.009715      87.72 1.5356e+03    881.386      21154  1030.1515  1030.1491     4.5950     0.1044     0.1254    34.4091    34.4063    8.03156         31 0.0000e+00
    534.000    527.803     0.0593  28.884711     0.0616  28.884557     4.9715     5.1273     0.1968    96.8386 1.0000e-12  -73.78276 -118.61756  45.009730      86.57 1.5375e+03    882.695      21186  1030.1566  1030.1543     4.5938     0.0996     0.1258    34.4098    34.4070    8.03089         31 0.0000e+00
    535.000    528.790     0.0591  28.884932     0.0612  28.884769     4.9680     5.1319     0.1792    96.4983 1.0000e-12  -73.78276 -118.61755  45.009744      85.22 1.5347e+03    883.890      21214  1030.1614  1030.1592     4.5779     0.0933     0.1227    34.4097    34.4071    8.03094         26 0.0000e+00
    536.000    529.776     0.0620  28.888385     0.0631  28.886996     4.9475     5.1240     0.1894    96.8226 1.0000e-12  -73.78276 -118.61755  45.009757      84.58 1.5354e+03    884.987      21241  1030.1665  1030.1640     4.5931     0.0938     0.1220    34.4104    34.4074    8.03029         27 0.0000e+00
    537.000    530.765     0.0653  28.892030     0.0673  28.891608     4.9650     5.1254     0.1613    96.7829 1.0000e-12  -73.78276 -118.61754  45.009770      83.58 1.5364e+03    886.166      21269  1030.1714  1030.1691     4.5913     0.0910     0.1207    34.4109    34.4081    8.02956         30 0.0000e+00
    538.000    531.751     0.0665  28.893521     0.0685  28.893269     4.9572     5.1254     0.2094    96.5973 1.0000e-12  -73.78276 -118.61756  45.009785      82.49 1.5332e+03    887.433      21299  1030.1762  1030.1740     4.5824     0.0954     0.1207    34.4110    34.4084    8.02932         30 0.0000e+00
    539.000    532.738     0.0712  28.899580     0.0726  28.898135     4.9533     5.1264     0.2402    96.7616 1.0000e-12  -73.78276 -118.61755  45.009799      81.68 1.5328e+03    888.662      21329  1030.1823  1030.1794     4.5902     0.1370     0.1224    34.4132    34.4097    8.02822         28 0.0000e+00
    540.000    533.727     0.0846  28.914136     0.0861  28.912887     4.9418     5.1234     0.1417    96.7928 1.0000e-12  -73.78276 -118.61755  45.009812      80.56 1.5370e+03    889.767      21355  1030.1887  1030.1859     4.5917     0.0961     0.1216    34.4167    34.4134    8.02521         25 0.0000e+00
    541.000    534.713     0.0956  28.925837     0.0977  28.925417     4.9488     5.1135     0.1642    96.8783 1.0000e-12  -73.78276 -118.61755  45.009824      79.49 1.5341e+03    890.825      21381  1030.1945  1030.1921     4.5957     0.0926     0.1220    34.4193    34.4164    8.02277         27 0.0000e+00
    542.000    535.698     0.0979  28.928645     0.1004  28.928629     4.9441     5.1176     0.2254    96.9033 1.0000e-12  -73.78276 -118.61755  45.009838      78.45 1.5329e+03    892.008      21409  1030.1996  1030.1972     4.5969     0.1028     0.1226    34.4199    34.4170    8.02226         31 0.0000e+00
    543.000    536.687     0.0978  28.928882     0.0996  28.928307     4.9443     5.1109     0.4729    96.8675 1.0000e-12  -73.78276 -118.61756  45.009854      77.38 1.5320e+03    893.361      21442  1030.2043  1030.2020     4.5953     0.1417     0.1258    34.4196    34.4169    8.02228         31 0.0000e+00
    544.000    537.674     0.0970  28.928460     0.0990  28.928187     4.9485     5.1126     0.2864    96.8393 1.0000e-12  -73.78276 -118.61755  45.009868      76.49 1.5325e+03    894.565      21471  1030.2090  1030.2068     4.5939     0.0992     0.1226    34.4194    34.4168    8.02246         27 0.0000e+00
    545.000    538.662     0.0964  28.928237     0.0985  28.928093     4.9432     5.1084     0.3070    96.7637 1.0000e-12  -73.78276 -118.61755  45.009880      75.51 1.5343e+03    895.664      21497  1030.2137  1030.2115     4.5903     0.1036     0.1221    34.4192    34.4166    8.02260         27 0.0000e+00
    546.000    539.647     0.0960  28.928185     0.0982  28.928077     4.9469     5.1064     0.2384    96.8666 1.0000e-12  -73.78276 -118.61755  45.009894      74.40 1.5370e+03    896.850      21525  1030.2184  1030.2162     4.5952     0.1093     0.1221    34.4190    34.4164    8.02270         30 0.0000e+00
    547.000    540.634     0.0966  28.929366     0.0987  28.928949     4.9341     5.1126     0.2612    96.7897 1.0000e-12  -73.78276 -118.61754  45.009908      73.39 1.5326e+03    898.064      21555  1030.2233  1030.2209     4.5916     0.1143     0.1260    34.4193    34.4164    8.02256         28 0.0000e+00
    548.000    541.623     0.1003  28.933456     0.1031  28.933819     4.9327     5.1106     0.2235    96.7028 1.0000e-12  -73.78276 -118.61754  45.009921      72.47 1.5306e+03    899.166      21581  1030.2283  1030.2260     4.5875     0.0957     0.1250    34.4200    34.4173    8.02175         25 0.0000e+00
    549.000    542.609     0.1042  28.937807     0.1069  28.938166     4.9358     5.0981     0.2312    96.8160 1.0000e-12  -73.78276 -118.61754  45.009933      71.49 1.5331e+03    900.234      21607  1030.2333  1030.2311     4.5928     0.1103     0.1241    34.4208    34.4182    8.02089         26 0.0000e+00
    550.000    543.596     0.1069  28.940906     0.1082  28.940009     4.9378     5.1072     0.5511    96.7394 1.0000e-12  -73.78276 -118.61755  45.009947      70.30 1.5348e+03    901.431      21635  1030.2382  1030.2360     4.5892     0.1088     0.1239    34.4212    34.4185    8.02030         32 0.0000e+00
    551.000    544.582     0.1081  28.942682     0.1100  28.942153     4.9304     5.1083     0.3468    96.7660 1.0000e-12  -73.78276 -118.61754  45.009963      69.25 1.5332e+03    902.837      21669  1030.2432  1030.2408     4.5904     0.1155     0.1205    34.4216    34.4188    8.02002         34 0.0000e+00
    552.000    545.570     0.1100  28.945182     0.1121  28.945010     4.9431     5.0989     0.2381    96.7804 1.0000e-12  -73.78276 -118.61752  45.009978      68.32 1.5354e+03    904.079      21699  1030.2483  1030.2460     4.5911     0.0982     0.1218    34.4222    34.4196    8.01960         25 0.0000e+00
    553.000    546.558     0.1103  28.945912     0.1122  28.945623     4.9322     5.1018     0.1635    96.8530 1.0000e-12  -73.78276 -118.61754  45.009989      67.85 1.5326e+03    905.073      21723  1030.2531  1030.2509     4.5946     0.1007     0.1208    34.4223    34.4197    8.01953         23 0.0000e+00
    554.000    547.545     0.1104  28.946684     0.1124  28.946320     4.9386     5.1006     0.2021    96.7995 1.0000e-12  -73.78276 -118.61754  45.010001      67.25 1.5318e+03    906.069      21747  1030.2581  1030.2558     4.5920     0.1050     0.1229    34.4226    34.4199    8.01949         27 0.0000e+00
    555.000    548.533     0.1134  28.950189     0.1154  28.949579     4.9358     5.1018     0.2501    96.7663 1.0000e-12  -73.78276 -118.61754  45.010016      65.62 1.5339e+03    907.364      21778  1030.2630  1030.2604     4.5905     0.1140     0.1250    34.4232    34.4202    8.01882         28 0.0000e+00
    556.000    549.518     0.1162  28.953227     0.1202  28.954899     4.9270     5.0981     0.2562    96.7483 1.0000e-12  -73.78276 -118.61754  45.010033      64.30 1.5318e+03    908.862      21814  1030.2677  1030.2657     4.5896     0.0980     0.1231    34.4235    34.4213    8.01822         31 0.0000e+00
    557.000    550.506     0.1182  28.955881     0.1203  28.955570     4.9267     5.0911     0.2221    96.8385 1.0000e-12  -73.78276 -118.61754  45.010046      63.32 1.5320e+03    909.973      21840  1030.2729  1030.2706     4.5938     0.0946     0.1237    34.4242    34.4215    8.01777         23 0.0000e+00
    558.000    551.493     0.1213  28.959495     0.1233  28.959178     4.9284     5.0969     0.1921    96.7047 1.0000e-12  -73.78276 -118.61754  45.010057      62.76 1.5367e+03    910.939      21864  1030.2779  1030.2756     4.5876     0.0904     0.1256    34.4249    34.4222    8.01708         24 0.0000e+00
    559.000    552.479     0.1232  28.961879     0.1252  28.961639     4.9332     5.0882     0.2888    96.6215 1.0000e-12  -73.78276 -118.61754  45.010070      62.47 1.5375e+03    912.018      21889  1030.2828  1030.2806     4.5836     0.1292     0.1260    34.4253    34.4227    8.01666         29 0.0000e+00
    560.000    553.467     0.1244  28.963466     0.1262  28.962929     4.9211     5.0898     0.4137    96.8171 1.0000e-12  -73.78276 -118.61754  45.010085      61.21 1.5332e+03    913.349      21921  1030.2876  1030.2854     4.5929     0.1026     0.1269    34.4255    34.4228    8.01640         34 0.0000e+00
    561.000    554.452     0.1251  28.964737     0.1274  28.964722     4.9279     5.0935     0.3108    96.7572 1.0000e-12  -73.78276 -118.61754  45.010101      59.20 1.5340e+03    914.731      21955  1030.2926  1030.2903     4.5900     0.0901     0.1221    34.4258    34.4232    8.01624         29 0.0000e+00
    562.000    555.441     0.1273  28.967444     0.1294  28.967301     4.9268     5.0834     0.2222    96.8266 1.0000e-12  -73.78276 -118.61754  45.010114      58.72 1.5371e+03    915.815      21981  1030.2975  1030.2953     4.5933     0.0902     0.1223    34.4263    34.4238    8.01574         25 0.0000e+00
    563.000    556.427     0.1308  28.971588     0.1335  28.972102     4.9294     5.0859     0.1599    96.6914 1.0000e-12  -73.78276 -118.61754  45.010125      57.39 1.5373e+03    916.786      22004  1030.3027  1030.3006     4.5870     0.0924     0.1262    34.4273    34.4249    8.01497         23 0.0000e+00
    564.000    557.415     0.1329  28.974210     0.1349  28.973830     4.9248     5.0886     0.2089    96.7700 1.0000e-12  -73.78276 -118.61754  45.010138      56.29 1.5355e+03    917.935      22031  1030.3076  1030.3053     4.5906     0.0969     0.1274    34.4277    34.4250    8.01449         34 0.0000e+00
    565.000    558.401     0.1338  28.975468     0.1357  28.975018     4.9143     5.0893     0.3229    96.5565 1.0000e-12  -73.78276 -118.61754  45.010157      55.96 1.5330e+03    919.570      22071  1030.3124  1030.3101     4.5805     0.0906     0.1229    34.4279    34.4252    8.01431         35 0.0000e+00
    566.000    559.388     0.1352  28.977379     0.1371  28.977112     4.9082     5.0895     0.3846    96.7862 1.0000e-12  -73.78276 -118.61754  45.010173      54.09 1.5323e+03    920.903      22103  1030.3174  1030.3152     4.5914     0.0987     0.1199    34.4282    34.4257    8.01400         27 0.0000e+00
    567.000    560.376     0.1387  28.981592     0.1406  28.981194     4.9140     5.0869     0.2568    96.7128 1.0000e-12  -73.78276 -118.61754  45.010185      53.29 1.5331e+03    921.961      22128  1030.3226  1030.3203     4.5880     0.0909     0.1248    34.4293    34.4266    8.01321         25 0.0000e+00
    568.000    561.362     0.1477  28.991652     0.1498  28.991139     4.9167     5.0853     0.3019    96.6596 1.0000e-12  -73.78276 -118.61754  45.010197      52.22 1.5365e+03    923.061      22154  1030.3286  1030.3259     4.5854     0.1772     0.1347    34.4319    34.4288    8.01119         30 0.0000e+00
    569.000    562.348     0.1563  29.000838     0.1579  28.999777     4.9042     5.0751     0.3012    96.7463 1.0000e-12  -73.78276 -118.61754  45.010217      52.47 1.5313e+03    924.720      22194  1030.3340  1030.3314     4.5895     0.0943     0.1230    34.4337    34.4306    8.00928         39 0.0000e+00
    570.000    563.336     0.1590  29.004199     0.1614  29.004343     4.9023     5.0683     0.2318    96.8765 1.0000e-12  -73.78276 -118.61754  45.010234      50.22 1.5293e+03    926.204      22230  1030.3392  1030.3370     4.5957     0.1002     0.1226    34.4345    34.4320    8.00867         27 0.0000e+00
    571.000    564.323     0.1682  29.014435     0.1703  29.014126     4.9065     5.0671     0.2570    96.9006 1.0000e-12  -73.78276 -118.61754  45.010246      49.20 1.5355e+03    927.255      22255  1030.3452  1030.3429     4.5968     0.1004     0.1234    34.4371    34.4344    8.00660         25 0.0000e+00
