ocean_section_plots/required_files/ctd/dnbp2202_ctd050.cnv
* Sea-Bird SBE 9 Data File:
* FileName = D:\Data\raw\NBP2202_CTD050.hex
* Software Version Seasave V 7.26.7.121
* Temperature SN = 1649
* Conductivity SN = 2513
* Number of Bytes Per Scan = 40
* Number of Voltage Words = 5
* Number of Scans Averaged by the Deck Unit = 1
* NMEA Latitude = 74 13.19 S
* NMEA Longitude = 112 52.07 W
* NMEA UTC (Time) = Jan 24 2022  04:56:36
* NMEA baud rate = 9600
** Ship: RVIB N.B. Palmer
** Cruise: NBP2202 Thwaites
** Station: Section Dotson C
** Operator: B Bjork
# nquan = 25
# nvalues = 756                         
# units = specified
# name 0 = prDM: Pressure, Digiquartz [db]
# name 1 = depSM: Depth [salt water, m]
# name 2 = t090C: Temperature [ITS-90, deg C]
# name 3 = c0mS/cm: Conductivity [mS/cm]
# name 4 = t190C: Temperature, 2 [ITS-90, deg C]
# name 5 = c1mS/cm: Conductivity, 2 [mS/cm]
# name 6 = sbeox0ML/L: Oxygen, SBE 43 [ml/l]
# name 7 = sbeox1ML/L: Oxygen, SBE 43, 2 [ml/l]
# name 8 = flECO-AFL: Fluorescence, WET Labs ECO-AFL/FL [mg/m^3]
# name 9 = CStarTr0: Beam Transmission, WET Labs C-Star [%]
# name 10 = par: PAR/Irradiance, Biospherical/Licor
# name 11 = latitude: Latitude [deg]
# name 12 = longitude: Longitude [deg]
# name 13 = timeJ: Julian Days
# name 14 = altM: Altimeter [m]
# name 15 = spar: SPAR, Biospherical/Licor
# name 16 = timeS: Time, Elapsed [seconds]
# name 17 = scan: Scan Count
# name 18 = density00: Density [density, kg/m^3]
# name 19 = density11: Density, 2 [density, kg/m^3]
# name 20 = sal00: Salinity, Practical [PSU]
# name 21 = sal11: Salinity, Practical, 2 [PSU]
# name 22 = oxsolML/L: Oxygen Saturation, Garcia & Gordon [ml/l]
# name 23 = nbin: number of scans per bin
# name 24 = flag: flag
# span 0 =      2.000,    757.000       
# span 1 =      1.978,    747.809       
# span 2 =    -1.5054,     0.3451       
# span 3 =  27.123482,  29.282611       
# span 4 =    -1.5045,     0.3471       
# span 5 =  27.123082,  29.282188       
# span 6 =     4.6490,     8.3342       
# span 7 =     4.8602,     8.7247       
# span 8 =    -0.0195,    22.7958       
# span 9 =    69.3532,    96.4725       
# span 10 = -5.668e-05, 7.7994e+01      
# span 11 =  -74.21994,  -74.21994      
# span 12 = -112.86788, -112.86784      
# span 13 =  24.207278,  24.219476      
# span 14 =       5.01,     100.30      
# span 15 = 1.6689e+02, 2.0644e+02      
# span 16 =    112.856,   1166.754      
# span 17 =       2710,      28003      
# span 18 =  1027.1887,  1031.2428      
# span 19 =  1027.1903,  1031.2402      
# span 20 =    33.7949,    34.4842      
# span 21 =    33.7907,    34.4813      
# span 22 =    7.96730,    8.39380      
# span 23 =         11,         50      
# span 24 = 0.0000e+00, 0.0000e+00      
# interval = decibars: 1                
# start_time = Jan 24 2022 04:56:36 [NMEA time, header]
# bad_flag = -9.990e-29
*END*
      2.000      1.978    -1.0262  27.278763    -1.0276  27.279118     8.3342     7.9378    22.7958    71.5497 7.7994e+01  -74.21994 -112.86786  24.207278      99.78 1.8687e+02    112.856       2710  1027.1887  1027.1903    33.7965    33.7987    8.29980         11 0.0000e+00
      3.000      2.967    -1.0321  27.275767    -1.0353  27.275730     8.3031     7.9298    17.7365    70.2576 5.5713e+01  -74.21994 -112.86786  24.207310      99.97 1.8687e+02    115.546       2774  1027.1953  1027.1983    33.7985    33.8021    8.30099         34 0.0000e+00
      4.000      3.960    -1.0334  27.275609    -1.0361  27.275697     8.2955     7.9512    17.8013    72.5359 3.8486e+01  -74.21994 -112.86786  24.207337      99.94 1.8632e+02    117.895       2830  1027.2006  1027.2033    33.7991    33.8023    8.30124         37 0.0000e+00
      5.000      4.948    -1.0331  27.276289    -1.0358  27.276276     8.3052     8.0273    19.7932    71.8982 2.7085e+01  -74.21994 -112.86786  24.207365      99.89 1.8615e+02    120.312       2888  1027.2054  1027.2080    33.7991    33.8022    8.30118         49 0.0000e+00
      6.000      5.937    -1.0019  27.299403    -0.9748  27.318706     8.3172     8.1114    20.0008    71.8208 1.9456e+01  -74.21994 -112.86786  24.207393      95.93 1.8609e+02    122.755       2947  1027.2048  1027.1996    33.7949    33.7907    8.29456         45 0.0000e+00
      7.000      6.928    -0.7993  27.469903    -0.7951  27.478709     8.3097     8.1546    21.1167    71.2408 1.4004e+01  -74.21994 -112.86786  24.207419      80.07 1.8608e+02    125.035       3002  1027.2000  1027.2049    33.7984    33.8056    8.24977         36 0.0000e+00
      8.000      7.917    -0.8624  27.416586    -0.9034  27.392666     8.3103     8.2386    20.7507    70.3471 1.0319e+01  -74.21994 -112.86786  24.207446      98.32 1.8546e+02    127.297       3056  1027.2088  1027.2227    33.7962    33.8098    8.26380         46 0.0000e+00
      9.000      8.908    -0.9983  27.306799    -1.0006  27.308918     8.2794     8.3449    20.9321    71.1945 7.6146e+00  -74.21994 -112.86786  24.207472      99.96 1.8574e+02    129.594       3111  1027.2248  1027.2293    33.7990    33.8046    8.29349         42 0.0000e+00
     10.000      9.897    -1.0337  27.278694    -1.0363  27.279084     8.2778     8.4435    20.2605    71.6647 5.7013e+00  -74.21994 -112.86786  24.207498      99.95 1.8546e+02    131.794       3164  1027.2321  1027.2347    33.8000    33.8034    8.30127         35 0.0000e+00
     11.000     10.886    -1.0340  27.278280    -1.0364  27.278538     8.2883     8.5579    19.9964    71.0533 4.3254e+00  -74.21994 -112.86786  24.207519      99.97 1.8527e+02    133.610       3208  1027.2357  1027.2381    33.7991    33.8022    8.30138         37 0.0000e+00
     12.000     11.876    -1.0351  27.278063    -1.0374  27.278273     8.2814     8.6179    19.3137    72.3354 3.2782e+00  -74.21994 -112.86786  24.207538      99.98 1.8510e+02    135.268       3247  1027.2405  1027.2428    33.7994    33.8023    8.30161         38 0.0000e+00
     13.000     12.865    -1.0358  27.278378    -1.0383  27.278434     8.2813     8.6401    18.7728    71.9450 2.5012e+00  -74.21994 -112.86786  24.207557      99.99 1.8510e+02    136.939       3288  1027.2456  1027.2479    33.8000    33.8029    8.30173         36 0.0000e+00
     14.000     13.855    -1.0357  27.279005    -1.0386  27.278888     8.2740     8.6376    18.6083    71.6513 1.9226e+00  -74.21994 -112.86786  24.207577      99.51 1.8510e+02    138.629       3328  1027.2503  1027.2528    33.8002    33.8033    8.30171         41 0.0000e+00
     15.000     14.844    -1.0363  27.279364    -1.0388  27.279337     8.2754     8.6765    19.3968    73.4387 1.4727e+00  -74.21994 -112.86786  24.207597      98.85 1.8510e+02    140.345       3369  1027.2553  1027.2576    33.8006    33.8034    8.30179         41 0.0000e+00
     16.000     15.833    -1.0371  27.279400    -1.0398  27.279366     8.2876     8.6870    18.7792    71.5103 1.1329e+00  -74.21994 -112.86786  24.207617      99.95 1.8510e+02    142.072       3411  1027.2604  1027.2628    33.8010    33.8040    8.30196         40 0.0000e+00
     17.000     16.822    -1.0364  27.279973    -1.0389  27.279938     8.3017     8.7059    18.6639    71.9570 8.7389e-01  -74.21994 -112.86786  24.207637      99.97 1.8510e+02    143.807       3452  1027.2645  1027.2667    33.8004    33.8031    8.30185         36 0.0000e+00
     18.000     17.814    -1.0351  27.280877    -1.0377  27.280921     8.3061     8.7212    18.2763    71.0797 6.7107e-01  -74.21994 -112.86786  24.207657      99.98 1.8510e+02    145.562       3494  1027.2684  1027.2708    33.7995    33.8024    8.30160         40 0.0000e+00
     19.000     18.802    -1.0354  27.281348    -1.0375  27.281397     8.3007     8.7247    19.2227    71.3786 5.1820e-01  -74.21994 -112.86786  24.207678      99.95 1.8510e+02    147.344       3537  1027.2735  1027.2755    33.7999    33.8024    8.30165         40 0.0000e+00
     20.000     19.790    -1.0350  27.282007    -1.0372  27.282092     8.2976     8.7242    19.1399    71.8994 3.9911e-01  -74.21994 -112.86786  24.207699      99.93 1.8510e+02    149.177       3581  1027.2781  1027.2802    33.7997    33.8023    8.30158         37 0.0000e+00
     21.000     20.782    -1.0356  27.282328    -1.0376  27.282319     8.2868     8.7199    18.4582    72.0874 3.0635e-01  -74.21994 -112.86786  24.207720      99.66 1.8510e+02    151.034       3626  1027.2832  1027.2851    33.8002    33.8024    8.30167         44 0.0000e+00
     22.000     21.771    -1.0365  27.282410    -1.0385  27.282414     8.2906     8.7182    19.9930    71.4427 2.3318e-01  -74.21994 -112.86786  24.207742      99.34 1.8510e+02    152.882       3670  1027.2885  1027.2904    33.8007    33.8030    8.30184         40 0.0000e+00
     23.000     22.759    -1.0362  27.283023    -1.0383  27.282943     8.2819     8.7104    19.2347    71.3201 1.7479e-01  -74.21994 -112.86786  24.207763      99.94 1.8510e+02    154.743       3715  1027.2932  1027.2950    33.8006    33.8028    8.30179         37 0.0000e+00
     24.000     23.751    -1.0381  27.282676    -1.0409  27.282314     8.2731     8.7022    18.5670    72.4110 1.2787e-01  -74.21994 -112.86786  24.207785      99.99 1.8510e+02    156.615       3760  1027.2988  1027.3011    33.8016    33.8042    8.30214         39 0.0000e+00
     25.000     24.740    -1.0393  27.282539    -1.0417  27.282366     8.2652     8.7027    17.8760    71.7911 9.0116e-02  -74.21994 -112.86786  24.207806      99.95 1.8475e+02    158.479       3805  1027.3042  1027.3063    33.8022    33.8046    8.30238         42 0.0000e+00
     26.000     25.728    -1.0394  27.282996    -1.0414  27.283010     8.2675     8.7048    18.2548    70.8025 5.9853e-02  -74.21994 -112.86786  24.207828      99.97 1.8421e+02    160.364       3850  1027.3091  1027.3109    33.8023    33.8045    8.30240         43 0.0000e+00
     27.000     26.718    -1.0390  27.284100    -1.0409  27.283980     8.2660     8.7023    18.1856    70.4874 3.6242e-02  -74.21994 -112.86786  24.207850      99.97 1.8402e+02    162.270       3895  1027.3141  1027.3158    33.8027    33.8047    8.30228         44 0.0000e+00
     28.000     27.709    -1.0392  27.284540    -1.0410  27.284516     8.2568     8.7019    17.4199    72.6696 1.6696e-02  -74.21994 -112.86786  24.207873      99.92 1.8394e+02    164.187       3941  1027.3191  1027.3208    33.8029    33.8049    8.30231         41 0.0000e+00
     29.000     28.698    -1.0394  27.284907    -1.0413  27.284745     8.2667     8.7164    19.0990    72.5395 2.5296e-03  -74.21994 -112.86786  24.207896      98.48 1.8371e+02    166.197       3990  1027.3240  1027.3256    33.8030    33.8049    8.30235         42 0.0000e+00
     30.000     29.687    -1.0378  27.285852    -1.0395  27.285790     8.2713     8.7164    17.9384    72.8581 -5.668e-05  -74.21994 -112.86786  24.207920      99.99 1.8373e+02    168.332       4041  1027.3278  1027.3293    33.8019    33.8037    8.30207         45 0.0000e+00
     31.000     30.677    -1.0379  27.286399    -1.0399  27.286215     8.2526     8.6935    17.5466    70.8803 1.0000e-12  -74.21994 -112.86786  24.207946      99.95 1.8349e+02    170.505       4093  1027.3328  1027.3344    33.8021    33.8041    8.30207         41 0.0000e+00
     32.000     31.666    -1.0397  27.286228    -1.0417  27.285999     8.2242     8.6785    17.9347    71.9222 1.0000e-12  -74.21994 -112.86786  24.207970      99.95 1.8334e+02    172.611       4144  1027.3387  1027.3403    33.8033    33.8052    8.30241         41 0.0000e+00
     33.000     32.655    -1.0405  27.286448    -1.0421  27.286358     8.2036     8.6495    19.0899    71.5821 1.0000e-12  -74.21994 -112.86786  24.207995      99.90 1.8334e+02    174.754       4195  1027.3439  1027.3454    33.8039    33.8055    8.30254         43 0.0000e+00
     34.000     33.646    -1.0411  27.287409    -1.0427  27.287299     8.1934     8.6451    17.9670    72.4359 1.0000e-12  -74.21994 -112.86787  24.208020      99.94 1.8334e+02    176.913       4247  1027.3499  1027.3513    33.8052    33.8069    8.30260         38 0.0000e+00
     35.000     34.635    -1.0410  27.287883    -1.0425  27.287698     8.1854     8.6352    19.0244    72.7376 1.0000e-12  -74.21994 -112.86788  24.208044      99.96 1.8334e+02    179.032       4298  1027.3546  1027.3558    33.8051    33.8066    8.30258         44 0.0000e+00
     36.000     35.623    -1.0413  27.288385    -1.0429  27.288323     8.1815     8.6313    20.2727    73.4151 1.0000e-12  -74.21994 -112.86788  24.208069      99.91 1.8334e+02    181.170       4349  1027.3597  1027.3612    33.8055    33.8073    8.30262         39 0.0000e+00
     37.000     36.615    -1.0414  27.288850    -1.0430  27.288720     8.1901     8.6275    20.7049    72.5787 1.0000e-12  -74.21994 -112.86788  24.208095      99.93 1.8334e+02    183.368       4402  1027.3646  1027.3660    33.8057    33.8073    8.30264         37 0.0000e+00
     38.000     37.603    -1.0413  27.289475    -1.0428  27.289358     8.1929     8.6304    18.8783    73.4228 1.0000e-12  -74.21994 -112.86788  24.208119      99.94 1.8334e+02    185.517       4453  1027.3695  1027.3708    33.8058    33.8073    8.30262         40 0.0000e+00
     39.000     38.593    -1.0413  27.290024    -1.0427  27.289830     8.1920     8.6303    20.0059    72.0931 1.0000e-12  -74.21994 -112.86788  24.208144      99.90 1.8300e+02    187.676       4505  1027.3744  1027.3755    33.8059    33.8072    8.30260         42 0.0000e+00
     40.000     39.582    -1.0411  27.290533    -1.0425  27.290473     8.1842     8.6308    21.9385    73.6719 1.0000e-12  -74.21994 -112.86788  24.208170      75.18 1.8278e+02    189.874       4558  1027.3790  1027.3803    33.8057    33.8073    8.30256         41 0.0000e+00
     41.000     40.572    -1.0415  27.290730    -1.0429  27.290453     8.1803     8.6338    18.8574    72.4304 1.0000e-12  -74.21994 -112.86788  24.208195      96.66 1.8254e+02    192.022       4610  1027.3840  1027.3850    33.8059    33.8071    8.30265         44 0.0000e+00
     42.000     41.561    -1.0414  27.291354    -1.0428  27.291177     8.1902     8.6349    19.9671    72.2117 1.0000e-12  -74.21994 -112.86788  24.208219      99.95 1.8218e+02    194.160       4661  1027.3889  1027.3900    33.8060    33.8073    8.30263         38 0.0000e+00
     43.000     42.551    -1.0414  27.291459    -1.0428  27.291222     8.1918     8.6349    19.9652    72.5704 1.0000e-12  -74.21994 -112.86788  24.208244      99.94 1.8193e+02    196.298       4712  1027.3933  1027.3944    33.8055    33.8068    8.30265         46 0.0000e+00
     44.000     43.540    -1.0414  27.291870    -1.0428  27.291694     8.1865     8.6375    19.8710    72.7797 1.0000e-12  -74.21994 -112.86788  24.208269      99.97 1.8207e+02    198.468       4764  1027.3980  1027.3992    33.8055    33.8068    8.30266         40 0.0000e+00
     45.000     44.530    -1.0416  27.292295    -1.0429  27.292111     8.1856     8.6312    19.2179    72.6673 1.0000e-12  -74.21994 -112.86788  24.208294      99.89 1.8159e+02    200.566       4815  1027.4030  1027.4040    33.8056    33.8068    8.30269         38 0.0000e+00
     46.000     45.519    -1.0411  27.293733    -1.0422  27.293637     8.1842     8.6293    19.3136    73.5649 1.0000e-12  -74.21994 -112.86788  24.208318      99.91 1.8158e+02    202.705       4866  1027.4084  1027.4093    33.8064    33.8075    8.30253         37 0.0000e+00
     47.000     46.509    -1.0405  27.294704    -1.0417  27.294657     8.1833     8.6295    19.9734    73.1558 1.0000e-12  -74.21994 -112.86788  24.208343      96.97 1.8158e+02    204.839       4917  1027.4132  1027.4143    33.8065    33.8077    8.30240         36 0.0000e+00
     48.000     47.498    -1.0399  27.295667    -1.0409  27.295729     8.1909     8.6347    20.1574    73.3231 1.0000e-12  -74.21994 -112.86788  24.208367      99.99 1.8158e+02    206.912       4967  1027.4180  1027.4189    33.8065    33.8076    8.30227         40 0.0000e+00
     49.000     48.488    -1.0387  27.297435    -1.0399  27.297140     8.1932     8.6386    18.2853    72.3671 1.0000e-12  -74.21994 -112.86788  24.208391      99.91 1.8158e+02    209.014       5017  1027.4230  1027.4238    33.8069    33.8078    8.30197         42 0.0000e+00
     50.000     49.477    -1.0384  27.298157    -1.0394  27.298109     8.1878     8.6346    19.2835    72.9575 1.0000e-12  -74.21994 -112.86788  24.208416      99.87 1.8158e+02    211.153       5069  1027.4279  1027.4287    33.8069    33.8079    8.30191         43 0.0000e+00
     51.000     50.465    -1.0384  27.298637    -1.0397  27.298338     8.1905     8.6307    20.0247    72.1296 1.0000e-12  -74.21994 -112.86788  24.208440      99.97 1.8158e+02    213.249       5119  1027.4327  1027.4336    33.8070    33.8080    8.30191         36 0.0000e+00
     52.000     51.454    -1.0384  27.299152    -1.0394  27.299003     8.1939     8.6322    20.1275    72.0766 1.0000e-12  -74.21994 -112.86788  24.208465      99.95 1.8158e+02    215.349       5169  1027.4376  1027.4384    33.8070    33.8080    8.30190         40 0.0000e+00
     53.000     52.444    -1.0379  27.300345    -1.0378  27.301457     8.1892     8.6314    19.8516    72.3941 1.0000e-12  -74.21994 -112.86788  24.208489      95.34 1.8143e+02    217.476       5220  1027.4426  1027.4438    33.8074    33.8089    8.30175         35 0.0000e+00
     54.000     53.434    -1.0371  27.301820    -1.0378  27.301914     8.1819     8.6299    19.5708    72.6020 1.0000e-12  -74.21994 -112.86788  24.208513      99.84 1.8089e+02    219.538       5270  1027.4479  1027.4486    33.8080    33.8089    8.30156         45 0.0000e+00
     55.000     54.424    -1.0358  27.303889    -1.0374  27.303001     8.1837     8.6297    19.3691    73.5919 1.0000e-12  -74.21994 -112.86786  24.208537      99.98 1.8081e+02    221.608       5320  1027.4532  1027.4537    33.8087    33.8093    8.30123         37 0.0000e+00
     56.000     55.411    -1.0364  27.303923    -1.0370  27.304037     8.1810     8.6207    20.1627    71.9890 1.0000e-12  -74.21994 -112.86786  24.208562      99.95 1.8094e+02    223.736       5371  1027.4581  1027.4587    33.8088    33.8096    8.30134         44 0.0000e+00
     57.000     56.404    -1.0359  27.305297    -1.0372  27.304810     8.1726     8.6229    19.0491    71.8187 1.0000e-12  -74.21994 -112.86786  24.208586      99.91 1.8053e+02    225.809       5420  1027.4635  1027.4641    33.8095    33.8103    8.30120         39 0.0000e+00
     58.000     57.391    -1.0372  27.304837    -1.0381  27.304511     8.1694     8.6071    18.5930    73.0365 1.0000e-12  -74.21994 -112.86786  24.208609      99.92 1.8035e+02    227.852       5469  1027.4685  1027.4690    33.8097    33.8103    8.30147         40 0.0000e+00
