ocean_section_plots/required_files/ctd/dnbp2202_ctd194.cnv
* Sea-Bird SBE 9 Data File:
* FileName = D:\Data\raw\NBP2202_CTD194.hex
* Software Version Seasave V 7.26.7.121
* Temperature SN = 1649
* Conductivity SN = 2513
* Number of Bytes Per Scan = 40
* Number of Voltage Words = 5
* Number of Scans Averaged by the Deck Unit = 1
* NMEA Latitude = 73 47.99 S
* NMEA Longitude = 112 40.04 W
* NMEA UTC (Time) = Feb 07 2022  20:50:37
* NMEA baud rate = 9600
** Ship: RVIB N.B. Palmer
** Cruise: NBP2202 Thwaites
** Station: 115
** Operator: A. Robinson
# nquan = 28
# nvalues = 739                         
# units = specified
# name 0 = prDM: Pressure, Digiquartz [db]
# name 1 = depSM: Depth [salt water, m]
# name 2 = t090C: Temperature [ITS-90, deg C]
# name 3 = c0mS/cm: Conductivity [mS/cm]
# name 4 = t190C: Temperature, 2 [ITS-90, deg C]
# name 5 = c1mS/cm: Conductivity, 2 [mS/cm]
# name 6 = sbeox0ML/L: Oxygen, SBE 43 [ml/l]
# name 7 = sbeox1ML/L: Oxygen, SBE 43, 2 [ml/l]
# name 8 = flECO-AFL: Fluorescence, WET Labs ECO-AFL/FL [mg/m^3]
# name 9 = CStarTr0: Beam Transmission, WET Labs C-Star [%]
# name 10 = par: PAR/Irradiance, Biospherical/Licor
# name 11 = latitude: Latitude [deg]
# name 12 = longitude: Longitude [deg]
# name 13 = timeJ: Julian Days
# name 14 = altM: Altimeter [m]
# name 15 = spar: SPAR, Biospherical/Licor
# name 16 = timeS: Time, Elapsed [seconds]
# name 17 = scan: Scan Count
# name 18 = density00: Density [density, kg/m^3]
# name 19 = density11: Density, 2 [density, kg/m^3]
# name 20 = v3: Voltage 3
# name 21 = v4: Voltage 4
# name 22 = v5: Voltage 5
# name 23 = sal00: Salinity, Practical [PSU]
# name 24 = sal11: Salinity, Practical, 2 [PSU]
# name 25 = oxsolML/L: Oxygen Saturation, Garcia & Gordon [ml/l]
# name 26 = nbin: number of scans per bin
# name 27 = flag: flag
# span 0 =      1.000,    739.000       
# span 1 =      0.991,    730.062       
# span 2 =    -1.4777,     0.5772       
# span 3 =  27.085102,  29.544286       
# span 4 =    -1.4776,     0.5796       
# span 5 =  27.085077,  29.544327       
# span 6 =     4.5712,     8.9483       
# span 7 =     4.6760,     9.1672       
# span 8 =    -0.0090,    26.2042       
# span 9 =    74.9496,    98.7477       
# span 10 = 1.0000e-12, 2.8451e+02      
# span 11 =  -73.79998,  -73.79998      
# span 12 = -112.66744, -112.66742      
# span 13 =  38.870707,  38.881206      
# span 14 =       3.79,     109.39      
# span 15 = 4.8396e+02, 6.3238e+02      
# span 16 =    192.092,   1099.171      
# span 17 =       4611,      26381      
# span 18 =  1027.1674,  1031.2143      
# span 19 =  1027.1704,  1031.2119      
# span 20 =     3.5567,     4.6845      
# span 21 =     0.0647,     3.8189      
# span 22 =     0.1128,     0.2531      
# span 23 =    33.7956,    34.5766      
# span 24 =    33.7979,    34.5738      
# span 25 =    7.91449,    8.38973      
# span 26 =          2,         48      
# span 27 = 0.0000e+00, 0.0000e+00      
# interval = decibars: 1                
# start_time = Feb 07 2022 20:50:37 [NMEA time, header]
# bad_flag = -9.990e-29
*END*
[from data line 622]
    623.000    615.639     0.2729  29.137853     0.2750  29.137831     4.6751     4.7790     0.0073    98.5353 1.0000e-12  -73.79998 -112.66742  38.879318      99.79 6.2230e+02    936.057      22466  1030.5946  1030.5925     4.6743     0.0703     0.1225    34.4520    34.4496    7.98403         24 0.0000e+00
    624.000    616.624     0.2733  29.138881     0.2755  29.138711     4.6727     4.7878     0.0063    98.5375 1.0000e-12  -73.79998 -112.66742  38.879329      99.82 6.2054e+02    937.057      22490  1030.5996  1030.5972     4.6744     0.0701     0.1239    34.4523    34.4496    7.98393         24 0.0000e+00
    625.000    617.611     0.2739  29.140036     0.2760  29.139938     4.6692     4.7848     0.0793    98.5385 1.0000e-12  -73.79998 -112.66742  38.879341      99.81 6.2031e+02    938.054      22514  1030.6044  1030.6022     4.6745     0.0707     0.1263    34.4526    34.4500    7.98379         24 0.0000e+00
    626.000    618.598     0.2743  29.140910     0.2764  29.140717     4.6687     4.7823     0.0408    98.5268 1.0000e-12  -73.79998 -112.66742  38.879352      99.82 6.1947e+02    939.031      22538  1030.6091  1030.6069     4.6739     0.0715     0.1226    34.4527    34.4501    7.98370         23 0.0000e+00
    627.000    619.584     0.2756  29.142910     0.2777  29.142780     4.6696     4.7829     0.0031    98.5448 1.0000e-12  -73.79998 -112.66742  38.879363      99.81 6.1791e+02    940.010      22561  1030.6142  1030.6120     4.6748     0.0714     0.1234    34.4532    34.4507    7.98339         24 0.0000e+00
    628.000    620.571     0.2761  29.143998     0.2784  29.143991     4.6713     4.7850    -0.0010    98.5379 1.0000e-12  -73.79998 -112.66742  38.879375      99.82 6.2037e+02    940.997      22585  1030.6191  1030.6169     4.6745     0.0701     0.1488    34.4535    34.4510    7.98327         23 0.0000e+00
    629.000    621.558     0.2766  29.144955     0.2787  29.144816     4.6737     4.7859    -0.0004    98.5412 1.0000e-12  -73.79998 -112.66742  38.879387      99.82 6.2257e+02    941.996      22609  1030.6238  1030.6216     4.6746     0.0714     0.1416    34.4537    34.4511    7.98317         25 0.0000e+00
    630.000    622.545     0.2769  29.145702     0.2792  29.145661     4.6714     4.7855     0.0024    98.4851 1.0000e-12  -73.79998 -112.66742  38.879398      99.82 6.1823e+02    942.985      22633  1030.6286  1030.6263     4.6720     0.0724     0.1255    34.4537    34.4511    7.98309         23 0.0000e+00
    631.000    623.531     0.2778  29.147136     0.2799  29.146969     4.6662     4.7820     0.0130    98.4273 1.0000e-12  -73.79998 -112.66742  38.879409      99.81 6.1702e+02    943.954      22656  1030.6335  1030.6313     4.6693     0.0705     0.1213    34.4541    34.4515    7.98290         23 0.0000e+00
    632.000    624.520     0.2800  29.150102     0.2821  29.149893     4.6742     4.7745    -0.0006    98.5206 1.0000e-12  -73.79998 -112.66742  38.879420      99.81 6.1777e+02    944.911      22679  1030.6386  1030.6363     4.6737     0.0705     0.1236    34.4549    34.4522    7.98239         23 0.0000e+00
    633.000    625.503     0.2810  29.151653     0.2829  29.151247     4.6696     4.7774    -0.0004    98.5247 1.0000e-12  -73.79998 -112.66742  38.879432      88.48 6.1820e+02    945.905      22703  1030.6435  1030.6412     4.6739     0.0691     0.1230    34.4552    34.4525    7.98217         25 0.0000e+00
    634.000    626.491     0.2826  29.153981     0.2846  29.153724     4.6724     4.7797     0.0056    98.5605 1.0000e-12  -73.79998 -112.66742  38.879444      78.44 6.1775e+02    946.922      22727  1030.6486  1030.6463     4.6755     0.0697     0.1239    34.4559    34.4533    7.98180         24 0.0000e+00
    635.000    627.478     0.2835  29.156052     0.2856  29.155557     4.6732     4.7850     0.0241    98.5469 1.0000e-12  -73.79998 -112.66742  38.879455      90.69 6.1977e+02    947.917      22751  1030.6541  1030.6516     4.6749     0.0708     0.1257    34.4570    34.4541    7.98155         23 0.0000e+00
    636.000    628.465     0.2849  29.158713     0.2871  29.158413     4.6709     4.7837     0.0097    98.5480 1.0000e-12  -73.79998 -112.66742  38.879466      98.85 6.1814e+02    948.884      22774  1030.6597  1030.6573     4.6749     0.0697     0.1234    34.4583    34.4555    7.98117         23 0.0000e+00
    637.000    629.450     0.2877  29.162642     0.2900  29.162458     4.6737     4.7810    -0.0011    98.5096 1.0000e-12  -73.79998 -112.66742  38.879477      99.82 6.1715e+02    949.841      22797  1030.6653  1030.6630     4.6732     0.0698     0.1239    34.4597    34.4570    7.98051         23 0.0000e+00
    638.000    630.438     0.2892  29.164546     0.2913  29.164414     4.6724     4.7837    -0.0007    98.5524 1.0000e-12  -73.79998 -112.66742  38.879489      99.81 6.1840e+02    950.809      22820  1030.6702  1030.6680     4.6751     0.0718     0.1207    34.4601    34.4576    7.98020         24 0.0000e+00
    639.000    631.424     0.2896  29.165540     0.2918  29.165487     4.6734     4.7839    -0.0033    98.5597 1.0000e-12  -73.79998 -112.66742  38.879500      99.82 6.1596e+02    951.830      22845  1030.6750  1030.6728     4.6755     0.0714     0.1232    34.4603    34.4577    7.98010         25 0.0000e+00
    640.000    632.409     0.2903  29.166820     0.2924  29.166550     4.6700     4.7851    -0.0077    98.5643 1.0000e-12  -73.79998 -112.66742  38.879512      99.82 6.1598e+02    952.862      22870  1030.6799  1030.6776     4.6757     0.0704     0.1259    34.4606    34.4579    7.97993         24 0.0000e+00
    641.000    633.400     0.2922  29.169254     0.2942  29.168956     4.6701     4.7850    -0.0011    98.5547 1.0000e-12  -73.79998 -112.66742  38.879524      99.81 6.1868e+02    953.848      22893  1030.6849  1030.6826     4.6753     0.0703     0.1231    34.4611    34.4585    7.97951         24 0.0000e+00
    642.000    634.384     0.2944  29.172254     0.2967  29.172098     4.6648     4.7850    -0.0017    98.5723 1.0000e-12  -73.79998 -112.66742  38.879535      99.81 6.1719e+02    954.814      22917  1030.6901  1030.6877     4.6761     0.0717     0.1224    34.4620    34.4593    7.97900         23 0.0000e+00
    643.000    635.370     0.2969  29.175515     0.2989  29.175160     4.6690     4.7855    -0.0083    98.5615 1.0000e-12  -73.79998 -112.66742  38.879546      99.81 6.1549e+02    955.788      22940  1030.6953  1030.6931     4.6756     0.0743     0.1211    34.4629    34.4603    7.97844         23 0.0000e+00
    644.000    636.358     0.2983  29.177744     0.3006  29.177669     4.6721     4.7857    -0.0026    98.5728 1.0000e-12  -73.79998 -112.66743  38.879557      99.80 6.1729e+02    956.764      22963  1030.7005  1030.6982     4.6761     0.0695     0.1219    34.4637    34.4611    7.97811         24 0.0000e+00
    645.000    637.344     0.3000  29.180375     0.3022  29.180135     4.6696     4.7835     0.0046    98.5726 1.0000e-12  -73.79998 -112.66743  38.879569      99.18 6.1678e+02    957.743      22987  1030.7058  1030.7034     4.6761     0.0715     0.1237    34.4646    34.4619    7.97770         23 0.0000e+00
    646.000    638.330     0.3009  29.181981     0.3031  29.181738     4.6698     4.7825     0.0020    98.5998 1.0000e-12  -73.79998 -112.66743  38.879580      98.77 6.1610e+02    958.744      23011  1030.7109  1030.7085     4.6774     0.0720     0.1210    34.4652    34.4624    7.97748         25 0.0000e+00
    647.000    639.319     0.3048  29.187257     0.3070  29.187261     4.6691     4.7791    -0.0004    98.5851 1.0000e-12  -73.79998 -112.66743  38.879592      97.75 6.1851e+02    959.738      23035  1030.7168  1030.7147     4.6767     0.0715     0.1268    34.4671    34.4647    7.97657         23 0.0000e+00
    648.000    640.303     0.3056  29.189030     0.3078  29.188833     4.6732     4.7781    -0.0007    98.6006 1.0000e-12  -73.79998 -112.66743  38.879603      95.04 6.1710e+02    960.715      23058  1030.7221  1030.7199     4.6775     0.0720     0.1237    34.4679    34.4653    7.97635         24 0.0000e+00
    649.000    641.291     0.3058  29.190865     0.3080  29.190598     4.6769     4.7857     0.0015    98.5662 1.0000e-12  -73.79998 -112.66743  38.879615      95.76 6.1443e+02    961.700      23082  1030.7281  1030.7258     4.6758     0.0708     0.1201    34.4696    34.4668    7.97622         23 0.0000e+00
    650.000    642.276     0.3056  29.191092     0.3075  29.190927     4.6796     4.7978     0.0067    98.5698 1.0000e-12  -73.79998 -112.66743  38.879626      94.79 6.1459e+02    962.707      23106  1030.7329  1030.7308     4.6760     0.0697     0.1217    34.4696    34.4672    7.97627         24 0.0000e+00
    651.000    643.264     0.2984  29.186080     0.3003  29.185878     4.6910     4.8064     0.0057    98.6066 1.0000e-12  -73.79998 -112.66743  38.879638      93.67 6.1712e+02    963.700      23130  1030.7390  1030.7369     4.6778     0.0699     0.1243    34.4704    34.4680    7.97771         24 0.0000e+00
    652.000    644.251     0.2932  29.182353     0.2947  29.181683     4.7001     4.8114    -0.0005    98.6176 1.0000e-12  -73.79998 -112.66743  38.879649      92.76 6.1475e+02    964.681      23153  1030.7445  1030.7424     4.6783     0.0706     0.1234    34.4707    34.4682    7.97876         23 0.0000e+00
    653.000    645.237     0.2903  29.180506     0.2924  29.180487     4.7027     4.8118     0.0137    98.5897 1.0000e-12  -73.79998 -112.66743  38.879660      91.69 6.1426e+02    965.665      23177  1030.7496  1030.7476     4.6769     0.0707     0.1192    34.4710    34.4686    7.97935         25 0.0000e+00
    654.000    646.223     0.2871  29.178215     0.2891  29.177943     4.7033     4.8174     0.0076    98.6178 1.0000e-12  -73.79998 -112.66743  38.879672      90.75 6.1316e+02    966.683      23201  1030.7546  1030.7524     4.6783     0.0703     0.1216    34.4709    34.4684    7.98001         25 0.0000e+00
    655.000    647.210     0.2857  29.177380     0.2874  29.177017     4.7108     4.8169     0.0002    98.6255 1.0000e-12  -73.79998 -112.66744  38.879684      89.66 6.1223e+02    967.736      23227  1030.7594  1030.7573     4.6786     0.0712     0.1195    34.4709    34.4685    7.98032         24 0.0000e+00
    656.000    648.195     0.2837  29.176091     0.2864  29.176523     4.7157     4.8182    -0.0007    98.6255 1.0000e-12  -73.79998 -112.66744  38.879696      88.67 6.1388e+02    968.745      23251  1030.7642  1030.7620     4.6786     0.0706     0.1208    34.4708    34.4684    7.98073         24 0.0000e+00
    657.000    649.184     0.2816  29.175219     0.2836  29.175053     4.7179     4.8286     0.0040    98.6476 1.0000e-12  -73.79998 -112.66744  38.879707      87.65 6.1494e+02    969.706      23274  1030.7695  1030.7675     4.6797     0.0695     0.1212    34.4714    34.4690    7.98113         23 0.0000e+00
    658.000    650.170     0.2808  29.175607     0.2829  29.175532     4.7315     4.8370     0.0104    98.6219 1.0000e-12  -73.79998 -112.66744  38.879718      86.63 6.1272e+02    970.663      23297  1030.7749  1030.7728     4.6785     0.0698     0.1210    34.4722    34.4698    7.98125         23 0.0000e+00
    659.000    651.156     0.2765  29.173778     0.2789  29.173899     4.7348     4.8393     0.0143    98.6471 1.0000e-12  -73.79998 -112.66744  38.879730      85.70 6.1349e+02    971.652      23321  1030.7815  1030.7793     4.6796     0.0702     0.1250    34.4741    34.4716    7.98205         24 0.0000e+00
    660.000    652.142     0.2736  29.172431     0.2757  29.172395     4.7404     4.8475     0.0116    98.6566 1.0000e-12  -73.79998 -112.66744  38.879742      84.63 6.1249e+02    972.673      23345  1030.7872  1030.7851     4.6801     0.0689     0.1211    34.4750    34.4726    7.98260         25 0.0000e+00
    661.000    653.129     0.2724  29.172198     0.2743  29.172055     4.7459     4.8530     0.0104    98.6453 1.0000e-12  -73.79998 -112.66744  38.879754      83.55 6.1186e+02    973.707      23370  1030.7923  1030.7903     4.6796     0.0698     0.1209    34.4754    34.4731    7.98281         25 0.0000e+00
    662.000    654.116     0.2712  29.173413     0.2732  29.173268     4.7484     4.8586     0.0181    98.6298 1.0000e-12  -73.79998 -112.66744  38.879765      82.55 6.1279e+02    974.704      23394  1030.7989  1030.7969     4.6788     0.0689     0.1206    34.4777    34.4754    7.98293         23 0.0000e+00
    663.000    655.102     0.2724  29.176378     0.2747  29.176479     4.7440     4.8663    -0.0005    98.6523 1.0000e-12  -73.79998 -112.66744  38.879776      81.56 6.1349e+02    975.673      23417  1030.8050  1030.8029     4.6799     0.0687     0.1172    34.4797    34.4774    7.98258         23 0.0000e+00
    664.000    656.088     0.2726  29.177207     0.2749  29.177208     4.7484     4.8640     0.0145    98.6621 1.0000e-12  -73.79998 -112.66744  38.879788      80.51 6.1111e+02    976.657      23441  1030.8099  1030.8076     4.6804     0.0701     0.1268    34.4800    34.4775    7.98251         24 0.0000e+00
    665.000    657.076     0.2736  29.178780     0.2758  29.178805     4.7519     4.8648     0.0210    98.6761 1.0000e-12  -73.79998 -112.66744  38.879799      79.53 6.1102e+02    977.667      23465  1030.8147  1030.8126     4.6810     0.0684     0.1191    34.4804    34.4780    7.98229         25 0.0000e+00
    666.000    658.061     0.2757  29.182047     0.2781  29.182052     4.7546     4.8607     0.0027    98.6899 1.0000e-12  -73.79998 -112.66744  38.879811      78.59 6.1202e+02    978.693      23490  1030.8202  1030.8179     4.6816     0.0697     0.1164    34.4817    34.4791    7.98177         24 0.0000e+00
    667.000    659.049     0.2779  29.184894     0.2802  29.184867     4.7531     4.8576     0.0069    98.6931 1.0000e-12  -73.79998 -112.66744  38.879823      77.51 6.1091e+02    979.693      23514  1030.8253  1030.8230     4.6818     0.0680     0.1184    34.4824    34.4799    7.98128         24 0.0000e+00
    668.000    660.037     0.2801  29.187872     0.2824  29.187851     4.7501     4.8604     0.0069    98.6924 1.0000e-12  -73.79998 -112.66744  38.879834      76.54 6.1080e+02    980.662      23537  1030.8305  1030.8282     4.6818     0.0686     0.1173    34.4834    34.4807    7.98079         23 0.0000e+00
    669.000    661.020     0.2835  29.192095     0.2858  29.192113     4.7428     4.8589     0.0069    98.7077 1.0000e-12  -73.79998 -112.66744  38.879845      75.40 6.1163e+02    981.625      23560  1030.8358  1030.8335     4.6825     0.0672     0.1168    34.4845    34.4819    7.98002         24 0.0000e+00
    670.000    662.008     0.2886  29.198838     0.2912  29.198841     4.7436     4.8606     0.0069    98.7031 1.0000e-12  -73.79998 -112.66744  38.879857      74.50 6.0931e+02    982.642      23584  1030.8419  1030.8394     4.6823     0.0681     0.1186    34.4870    34.4841    7.97881         25 0.0000e+00
    671.000    662.993     0.2980  29.209320     0.3005  29.209310     4.7413     4.8492     0.0094    98.7006 1.0000e-12  -73.79998 -112.66744  38.879869      73.53 6.0805e+02    983.683      23609  1030.8478  1030.8455     4.6822     0.0670     0.1164    34.4897    34.4869    7.97672         24 0.0000e+00
    672.000    663.981     0.3031  29.215077     0.3056  29.215157     4.7279     4.8386     0.0124    98.7115 1.0000e-12  -73.79998 -112.66744  38.879880      72.38 6.0958e+02    984.671      23633  1030.8531  1030.8508     4.6827     0.0662     0.1166    34.4909    34.4883    7.97559         23 0.0000e+00
    673.000    664.968     0.3187  29.232460     0.3219  29.232961     4.7187     4.8357     0.0057    98.7281 1.0000e-12  -73.79998 -112.66743  38.879891      71.50 6.0988e+02    985.620      23656  1030.8601  1030.8575     4.6835     0.0695     0.1195    34.4958    34.4928    7.97211         23 0.0000e+00
