ocean_section_plots/required_files/ctd/dnbp2202_ctd269.cnv
* Sea-Bird SBE 9 Data File:
* FileName = D:\Data\raw\NBP2202_CTD269.hex
* Software Version Seasave V 7.26.7.121
* Temperature SN = 1649
* Conductivity SN = 2513
* Number of Bytes Per Scan = 40
* Number of Voltage Words = 5
* Number of Scans Averaged by the Deck Unit = 1
* NMEA Latitude = 73 42.90 S
* NMEA Longitude = 116 52.41 W
* NMEA UTC (Time) = Feb 20 2022  17:06:04
* NMEA baud rate = 9600
** Ship: RVIB N.B. Palmer
** Cruise: NBP2202 Thwaites
** Station: 172
** Operator: A. Robinson
# nquan = 28
# nvalues = 508                         
# units = specified
# name 0 = prDM: Pressure, Digiquartz [db]
# name 1 = depSM: Depth [salt water, m]
# name 2 = t090C: Temperature [ITS-90, deg C]
# name 3 = c0mS/cm: Conductivity [mS/cm]
# name 4 = t190C: Temperature, 2 [ITS-90, deg C]
# name 5 = c1mS/cm: Conductivity, 2 [mS/cm]
# name 6 = sbeox0ML/L: Oxygen, SBE 43 [ml/l]
# name 7 = sbeox1ML/L: Oxygen, SBE 43, 2 [ml/l]
# name 8 = flECO-AFL: Fluorescence, WET Labs ECO-AFL/FL [mg/m^3]
# name 9 = CStarTr0: Beam Transmission, WET Labs C-Star [%]
# name 10 = par: PAR/Irradiance, Biospherical/Licor
# name 11 = latitude: Latitude [deg]
# name 12 = longitude: Longitude [deg]
# name 13 = timeJ: Julian Days
# name 14 = altM: Altimeter [m]
# name 15 = spar: SPAR, Biospherical/Licor
# name 16 = timeS: Time, Elapsed [seconds]
# name 17 = scan: Scan Count
# name 18 = density00: Density [density, kg/m^3]
# name 19 = density11: Density, 2 [density, kg/m^3]
# name 20 = v3: Voltage 3
# name 21 = v4: Voltage 4
# name 22 = v5: Voltage 5
# name 23 = sal00: Salinity, Practical [PSU]
# name 24 = sal11: Salinity, Practical, 2 [PSU]
# name 25 = oxsolML/L: Oxygen Saturation, Garcia & Gordon [ml/l]
# name 26 = nbin: number of scans per bin
# name 27 = flag: flag
# span 0 =      3.000,    510.000       
# span 1 =      2.972,    504.111       
# span 2 =    -1.7731,     0.0522       
# span 3 =  26.999238,  28.706186       
# span 4 =    -1.7725,     0.0499       
# span 5 =  26.999737,  28.706392       
# span 6 =     4.9835,     8.7988       
# span 7 =     5.1319,     9.1452       
# span 8 =     0.2702,    12.5235       
# span 9 =    87.8273,    98.3426       
# span 10 = 1.0000e-12, 9.0170e+01      
# span 11 =  -73.71514,  -73.71512      
# span 12 = -116.87354, -116.87350      
# span 13 =  51.715360,  51.723302      
# span 14 =       3.17,      99.92      
# span 15 = 2.0278e+02, 2.6358e+02      
# span 16 =    243.079,    929.261      
# span 17 =       5835,      22303      
# span 18 =  1027.0691,  1030.0538      
# span 19 =  1027.0693,  1030.0524      
# span 20 =     4.1666,     4.6652      
# span 21 =     0.1027,     1.8057      
# span 22 =     0.1099,     0.2169      
# span 23 =    33.6996,    34.4057      
# span 24 =    33.7007,    34.4041      
# span 25 =    8.07201,    8.44882      
# span 26 =         21,         49      
# span 27 = 0.0000e+00, 0.0000e+00      
# interval = decibars: 1                
# start_time = Feb 20 2022 17:06:04 [NMEA time, header]
# bad_flag = -9.990e-29
*END*
[from data line 259]
    262.000    259.131    -1.7269  27.045020    -1.7263  27.045353     6.3925     6.5940     0.4511    98.1065 1.0000e-12  -73.71514 -116.87352  51.719245      84.41 2.4857e+02    578.755      13891  1028.7145  1028.7142     4.6539     0.2054     0.1205    34.1084    34.1082    8.43859         25 0.0000e+00
    263.000    260.118    -1.7279  27.044720    -1.7274  27.045094     6.3939     6.5904     0.4809    98.0831 1.0000e-12  -73.71514 -116.87352  51.719257      99.69 2.4850e+02    579.814      13917  1028.7193  1028.7193     4.6529     0.1511     0.1124    34.1085    34.1084    8.43880         26 0.0000e+00
    264.000    261.107    -1.7280  27.045118    -1.7275  27.045526     6.3890     6.5878     0.5260    98.2462 1.0000e-12  -73.71514 -116.87352  51.719270      99.87 2.4711e+02    580.942      13944  1028.7243  1028.7241     4.6606     0.2107     0.1235    34.1086    34.1085    8.43883         28 0.0000e+00
    265.000    262.095    -1.7283  27.045391    -1.7276  27.045892     6.3897     6.5830     0.6269    98.1092 1.0000e-12  -73.71514 -116.87352  51.719283      99.86 2.4811e+02    582.083      13971  1028.7290  1028.7289     4.6541     0.1562     0.1181    34.1086    34.1085    8.43889         27 0.0000e+00
    266.000    263.084    -1.7282  27.046016    -1.7275  27.046445     6.3964     6.5940     0.6192    98.1816 1.0000e-12  -73.71514 -116.87352  51.719296      99.86 2.4857e+02    583.150      13997  1028.7339  1028.7337     4.6576     0.1381     0.1120    34.1087    34.1086    8.43885         24 0.0000e+00
    267.000    264.072    -1.7281  27.046705    -1.7275  27.047010     6.4059     6.5962     0.4480    98.0409 1.0000e-12  -73.71514 -116.87352  51.719307      99.87 2.4784e+02    584.112      14020  1028.7388  1028.7386     4.6509     0.1631     0.1133    34.1090    34.1087    8.43882         22 0.0000e+00
    268.000    265.061    -1.7302  27.045369    -1.7295  27.045818     6.4236     6.6193     0.7183    98.1726 1.0000e-12  -73.71514 -116.87352  51.719318      99.86 2.4776e+02    585.054      14042  1028.7437  1028.7436     4.6571     0.1443     0.1123    34.1089    34.1087    8.43930         24 0.0000e+00
    269.000    266.049    -1.7351  27.041696    -1.7346  27.042172     6.4537     6.6498     0.5275    97.9845 1.0000e-12  -73.71514 -116.87352  51.719330      99.86 2.4855e+02    586.093      14067  1028.7488  1028.7488     4.6483     0.1797     0.1136    34.1088    34.1089    8.44043         27 0.0000e+00
    270.000    267.037    -1.7486  27.030891    -1.7490  27.030771     6.4905     6.6759     1.2470    98.0141 1.0000e-12  -73.71514 -116.87352  51.719343      99.85 2.4671e+02    587.275      14096  1028.7542  1028.7545     4.6496     0.3148     0.1402    34.1087    34.1089    8.44352         29 0.0000e+00
    271.000    268.025    -1.7578  27.023839    -1.7572  27.024351     6.4994     6.6894     0.6897    98.0058 1.0000e-12  -73.71514 -116.87352  51.719357      99.87 2.4130e+02    588.454      14124  1028.7596  1028.7595     4.6492     0.2081     0.1157    34.1087    34.1087    8.44560         26 0.0000e+00
    272.000    269.013    -1.7606  27.022261    -1.7598  27.022661     6.5017     6.6943     0.5893    97.3747 1.0000e-12  -73.71514 -116.87352  51.719369      99.86 2.4763e+02    589.508      14149  1028.7647  1028.7644     4.6197     0.1477     0.1118    34.1091    34.1087    8.44621         25 0.0000e+00
    273.000    270.003    -1.7612  27.022262    -1.7606  27.022644     6.5070     6.7075     0.4626    98.0155 1.0000e-12  -73.71514 -116.87352  51.719380      94.06 2.4816e+02    590.473      14172  1028.7695  1028.7693     4.6493     0.1301     0.1142    34.1092    34.1090    8.44635         22 0.0000e+00
    274.000    270.991    -1.7618  27.022298    -1.7612  27.022623     6.5143     6.7127     0.7615    98.0530 1.0000e-12  -73.71514 -116.87352  51.719391      80.15 2.4726e+02    591.420      14195  1028.7744  1028.7742     4.6515     0.1281     0.1129    34.1093    34.1091    8.44649         24 0.0000e+00
    275.000    271.979    -1.7671  27.018419    -1.7663  27.019019     6.5170     6.7152     0.5285    98.2044 1.0000e-12  -73.71514 -116.87352  51.719403      90.53 2.4853e+02    592.449      14220  1028.7794  1028.7794     4.6587     0.2527     0.1161    34.1093    34.1093    8.44768         26 0.0000e+00
    276.000    272.968    -1.7701  27.016750    -1.7695  27.017256     6.5198     6.7153     0.6394    98.2225 1.0000e-12  -73.71514 -116.87352  51.719416      99.78 2.4812e+02    593.573      14247  1028.7848  1028.7847     4.6595     0.1413     0.1114    34.1099    34.1098    8.44835         27 0.0000e+00
    277.000    273.954    -1.7706  27.017212    -1.7699  27.017477     6.5087     6.7064     0.5824    97.9345 1.0000e-12  -73.71514 -116.87352  51.719429      99.87 2.4222e+02    594.707      14274  1028.7900  1028.7896     4.6459     0.1321     0.1149    34.1105    34.1100    8.44843         26 0.0000e+00
    278.000    274.945    -1.7699  27.018766    -1.7693  27.019195     6.5070     6.7027     0.4589    98.1746 1.0000e-12  -73.71514 -116.87352  51.719442      99.86 2.4667e+02    595.769      14299  1028.7952  1028.7951     4.6572     0.2384     0.1162    34.1112    34.1111    8.44822         25 0.0000e+00
    279.000    275.932    -1.7692  27.020263    -1.7687  27.020560     6.5043     6.7101     0.3871    98.1063 1.0000e-12  -73.71514 -116.87352  51.719453      99.86 2.4849e+02    596.769      14323  1028.8005  1028.8003     4.6540     0.1729     0.1166    34.1119    34.1116    8.44803         24 0.0000e+00
    280.000    276.920    -1.7695  27.020705    -1.7689  27.021044     6.5007     6.7094     0.4492    98.0144 1.0000e-12  -73.71514 -116.87352  51.719465      99.86 2.4484e+02    597.765      14347  1028.8055  1028.8053     4.6497     0.1748     0.1147    34.1121    34.1120    8.44806         24 0.0000e+00
    281.000    277.909    -1.7696  27.021307    -1.7689  27.021695     6.5017     6.7009     0.4858    98.1130 1.0000e-12  -73.71514 -116.87352  51.719477      99.86 2.4642e+02    598.824      14373  1028.8105  1028.8103     4.6543     0.1513     0.1125    34.1125    34.1122    8.44807         26 0.0000e+00
    282.000    278.899    -1.7699  27.021659    -1.7693  27.022032     6.4998     6.7025     0.5252    97.7474 1.0000e-12  -73.71514 -116.87352  51.719490      99.87 2.4827e+02    599.932      14399  1028.8154  1028.8153     4.6370     0.1550     0.1134    34.1127    34.1125    8.44813         27 0.0000e+00
    283.000    279.884    -1.7703  27.021876    -1.7696  27.022323     6.4977     6.7082     0.4691    97.5428 1.0000e-12  -73.71514 -116.87352  51.719502      99.86 2.4312e+02    600.996      14425  1028.8203  1028.8201     4.6272     0.1646     0.1153    34.1128    34.1126    8.44821         24 0.0000e+00
    284.000    280.875    -1.7702  27.022434    -1.7695  27.022812     6.5012     6.7088     0.5381    97.9452 1.0000e-12  -73.71514 -116.87352  51.719514      99.86 2.4710e+02    602.004      14449  1028.8251  1028.8249     4.6464     0.2278     0.1198    34.1128    34.1126    8.44819         25 0.0000e+00
    285.000    281.862    -1.7701  27.023018    -1.7695  27.023388     6.5070     6.7152     0.5293    98.1276 1.0000e-12  -73.71514 -116.87353  51.719526      99.87 2.4798e+02    603.015      14473  1028.8300  1028.8298     4.6550     0.1466     0.1126    34.1129    34.1127    8.44817         24 0.0000e+00
    286.000    282.851    -1.7710  27.022710    -1.7704  27.023194     6.5100     6.7150     0.5242    98.0534 1.0000e-12  -73.71514 -116.87352  51.719538      90.16 2.4712e+02    604.103      14499  1028.8348  1028.8347     4.6515     0.1678     0.1164    34.1129    34.1129    8.44837         28 0.0000e+00
    287.000    283.840    -1.7722  27.022321    -1.7715  27.022745     6.5098     6.7131     0.5537    98.0538 1.0000e-12  -73.71514 -116.87354  51.719551      94.06 2.4810e+02    605.241      14527  1028.8397  1028.8395     4.6515     0.1752     0.1168    34.1131    34.1129    8.44863         27 0.0000e+00
    288.000    284.827    -1.7731  27.022157    -1.7725  27.022485     6.4981     6.7041     0.5444    97.9492 1.0000e-12  -73.71514 -116.87352  51.719564      99.89 2.4634e+02    606.327      14553  1028.8447  1028.8445     4.6466     0.2012     0.1160    34.1132    34.1130    8.44882         24 0.0000e+00
    289.000    285.814    -1.7728  27.023295    -1.7722  27.023784     6.4879     6.6907     0.6191    98.1620 1.0000e-12  -73.71514 -116.87352  51.719575      99.87 2.4727e+02    607.304      14576  1028.8500  1028.8499     4.6566     0.1392     0.1158    34.1139    34.1138    8.44872         23 0.0000e+00
    290.000    286.805    -1.7664  27.030075    -1.7654  27.030581     6.4763     6.6869     0.6271    98.0541 1.0000e-12  -73.71514 -116.87352  51.719586      99.87 2.4543e+02    608.237      14599  1028.8555  1028.8551     4.6515     0.1624     0.1167    34.1154    34.1149    8.44717         22 0.0000e+00
    291.000    287.793    -1.7621  27.034239    -1.7612  27.034782     6.4648     6.6767     0.4714    98.1350 1.0000e-12  -73.71514 -116.87352  51.719598      99.85 2.4799e+02    609.228      14622  1028.8603  1028.8600     4.6554     0.2194     0.1187    34.1156    34.1153    8.44618         27 0.0000e+00
    292.000    288.780    -1.7601  27.036516    -1.7595  27.036763     6.4504     6.6659     0.5364    97.9597 1.0000e-12  -73.71514 -116.87352  51.719611      99.87 2.4778e+02    610.430      14651  1028.8651  1028.8648     4.6471     0.1393     0.1129    34.1158    34.1155    8.44571         31 0.0000e+00
    293.000    289.769    -1.7548  27.041841    -1.7537  27.042350     6.4387     6.6527     0.5517    98.0078 1.0000e-12  -73.71514 -116.87352  51.719626      99.86 2.4570e+02    611.715      14682  1028.8702  1028.8697     4.6493     0.1661     0.1178    34.1165    34.1160    8.44445         29 0.0000e+00
    294.000    290.756    -1.7474  27.049013    -1.7461  27.049813     6.4277     6.6353     0.5835    97.9512 1.0000e-12  -73.71514 -116.87352  51.719639      99.84 2.4688e+02    612.793      14708  1028.8752  1028.8749     4.6466     0.3108     0.1166    34.1173    34.1170    8.44271         23 0.0000e+00
    295.000    291.746    -1.7427  27.053642    -1.7419  27.054062     6.4215     6.6279     0.5238    97.9380 1.0000e-12  -73.71514 -116.87352  51.719649      99.87 2.4739e+02    613.710      14730  1028.8801  1028.8798     4.6461     0.1520     0.1115    34.1178    34.1174    8.44162         21 0.0000e+00
    296.000    292.733    -1.7362  27.060150    -1.7361  27.059521     6.4177     6.6271     0.4484    98.0536 1.0000e-12  -73.71514 -116.87352  51.719660      99.86 2.4475e+02    614.594      14751  1028.8854  1028.8846     4.6515     0.2550     0.1201    34.1188    34.1178    8.44008         22 0.0000e+00
    297.000    293.722    -1.7318  27.063963    -1.7317  27.063867     6.4040     6.6145     0.6455    98.0025 1.0000e-12  -73.71514 -116.87352  51.719671      99.86 2.4613e+02    615.614      14776  1028.8897  1028.8895     4.6491     0.2009     0.1145    34.1184    34.1181    8.43910         28 0.0000e+00
    298.000    294.710    -1.7283  27.067737    -1.7275  27.068020     6.3941     6.5957     0.5300    97.9690 1.0000e-12  -73.71514 -116.87352  51.719686      99.86 2.4679e+02    616.880      14806  1028.8948  1028.8943     4.6475     0.2419     0.1173    34.1189    34.1184    8.43826         32 0.0000e+00
    299.000    295.697    -1.7197  27.076046    -1.7190  27.076294     6.3769     6.5854     0.5084    98.0369 1.0000e-12  -73.71514 -116.87352  51.719701      98.83 2.4660e+02    618.128      14836  1028.9000  1028.8997     4.6507     0.1715     0.1166    34.1200    34.1196    8.43625         26 0.0000e+00
    300.000    296.686    -1.7163  27.079910    -1.7155  27.080168     6.3769     6.5842     0.5251    98.0479 1.0000e-12  -73.71514 -116.87352  51.719713      99.90 2.4673e+02    619.157      14861  1028.9054  1028.9050     4.6512     0.1599     0.1153    34.1209    34.1203    8.43542         23 0.0000e+00
    301.000    297.673    -1.7138  27.082965    -1.7130  27.083220     6.3721     6.5835     0.5541    97.9082 1.0000e-12  -73.71514 -116.87352  51.719723      99.86 2.4695e+02    620.079      14883  1028.9107  1028.9102     4.6446     0.2228     0.1132    34.1216    34.1210    8.43480         23 0.0000e+00
    302.000    298.666    -1.7113  27.085819    -1.7106  27.086049     6.3777     6.5766     0.6562    97.9098 1.0000e-12  -73.71514 -116.87352  51.719734      99.86 2.4643e+02    621.016      14905  1028.9158  1028.9154     4.6447     0.1629     0.1155    34.1221    34.1215    8.43421         23 0.0000e+00
    303.000    299.651    -1.7089  27.088611    -1.7081  27.088957     6.3795     6.5819     0.7640    97.8570 1.0000e-12  -73.71514 -116.87352  51.719746      99.86 2.4611e+02    622.095      14931  1028.9210  1028.9206     4.6422     0.2034     0.1148    34.1226    34.1222    8.43364         28 0.0000e+00
    304.000    300.639    -1.7079  27.090239    -1.7071  27.090492     6.3863     6.5835     0.7154    97.6875 1.0000e-12  -73.71514 -116.87352  51.719760      99.86 2.4686e+02    623.288      14960  1028.9262  1028.9257     4.6341     0.1825     0.1136    34.1231    34.1225    8.43338         29 0.0000e+00
    305.000    301.628    -1.7100  27.089340    -1.7094  27.089589     6.3903     6.5877     0.6899    97.9676 1.0000e-12  -73.71514 -116.87352  51.719774      99.87 2.4446e+02    624.457      14988  1028.9316  1028.9313     4.6475     0.1574     0.1150    34.1236    34.1232    8.43382         27 0.0000e+00
    306.000    302.618    -1.7115  27.089059    -1.7107  27.089462     6.3969     6.5965     0.9758    98.0253 1.0000e-12  -73.71514 -116.87352  51.719786      99.86 2.4443e+02    625.503      15013  1028.9372  1028.9369     4.6502     0.1951     0.1138    34.1243    34.1240    8.43412         23 0.0000e+00
    307.000    303.603    -1.7111  27.089963    -1.7104  27.090255     6.3994     6.5964     1.2015    98.0308 1.0000e-12  -73.71514 -116.87352  51.719797      99.86 2.4667e+02    626.468      15036  1028.9422  1028.9418     4.6504     0.2047     0.1160    34.1245    34.1241    8.43402         23 0.0000e+00
    308.000    304.591    -1.7154  27.086970    -1.7149  27.087162     6.4020     6.5981     0.5970    97.9052 1.0000e-12  -73.71514 -116.87352  51.719808      99.87 2.4445e+02    627.440      15060  1028.9473  1028.9471     4.6445     0.1477     0.1164    34.1246    34.1243    8.43498         24 0.0000e+00
    309.000    305.581    -1.7151  27.088118    -1.7149  27.087639     6.3956     6.5997     0.5244    97.8655 1.0000e-12  -73.71514 -116.87352  51.719821      99.86 2.4474e+02    628.541      15086  1028.9527  1028.9519     4.6426     0.1590     0.1209    34.1252    34.1243    8.43488         29 0.0000e+00
    310.000    306.569    -1.7118  27.091782    -1.7112  27.091912     6.3831     6.5904     0.4807    97.8972 1.0000e-12  -73.71514 -116.87352  51.719835      99.82 2.4625e+02    629.738      15115  1028.9578  1028.9573     4.6441     0.1479     0.1175    34.1260    34.1254    8.43410         28 0.0000e+00
    311.000    307.556    -1.7077  27.096354    -1.7064  27.096865     6.3753     6.5830     0.4823    97.8567 1.0000e-12  -73.71514 -116.87353  51.719848      83.90 2.4516e+02    630.872      15142  1028.9632  1028.9625     4.6421     0.1714     0.1135    34.1269    34.1262    8.43309         26 0.0000e+00
    312.000    308.547    -1.7014  27.102796    -1.7009  27.102702     6.3760     6.5783     0.5353    97.9419 1.0000e-12  -73.71514 -116.87353  51.719860      96.92 2.4563e+02    631.908      15167  1028.9685  1028.9679     4.6462     0.1867     0.1144    34.1280    34.1273    8.43159         24 0.0000e+00
