ocean_section_plots/required_files/ctd/dnbp2202_ctd071.cnv
* Sea-Bird SBE 9 Data File:
* FileName = D:\Data\raw\NBP2202_CTD071.hex
* Software Version Seasave V 7.26.7.121
* Temperature SN = 1649
* Conductivity SN = 2513
* Number of Bytes Per Scan = 40
* Number of Voltage Words = 5
* Number of Scans Averaged by the Deck Unit = 1
* NMEA Latitude = 74 14.29 S
* NMEA Longitude = 112 12.57 W
* NMEA UTC (Time) = Jan 26 2022  03:59:03
* NMEA baud rate = 9600
** Ship: RVIB N.B. Palmer
** Cruise: NBP2202 Thwaites
** Station: 52
** Operator: A. Robinson
# nquan = 25
# nvalues = 956                         
# units = specified
# name 0 = prDM: Pressure, Digiquartz [db]
# name 1 = depSM: Depth [salt water, m]
# name 2 = t090C: Temperature [ITS-90, deg C]
# name 3 = c0mS/cm: Conductivity [mS/cm]
# name 4 = t190C: Temperature, 2 [ITS-90, deg C]
# name 5 = c1mS/cm: Conductivity, 2 [mS/cm]
# name 6 = sbeox0ML/L: Oxygen, SBE 43 [ml/l]
# name 7 = sbeox1ML/L: Oxygen, SBE 43, 2 [ml/l]
# name 8 = flECO-AFL: Fluorescence, WET Labs ECO-AFL/FL [mg/m^3]
# name 9 = CStarTr0: Beam Transmission, WET Labs C-Star [%]
# name 10 = par: PAR/Irradiance, Biospherical/Licor
# name 11 = latitude: Latitude [deg]
# name 12 = longitude: Longitude [deg]
# name 13 = timeJ: Julian Days
# name 14 = altM: Altimeter [m]
# name 15 = spar: SPAR, Biospherical/Licor
# name 16 = timeS: Time, Elapsed [seconds]
# name 17 = scan: Scan Count
# name 18 = density00: Density [density, kg/m^3]
# name 19 = density11: Density, 2 [density, kg/m^3]
# name 20 = sal00: Salinity, Practical [PSU]
# name 21 = sal11: Salinity, Practical, 2 [PSU]
# name 22 = oxsolML/L: Oxygen Saturation, Garcia & Gordon [ml/l]
# name 23 = nbin: number of scans per bin
# name 24 = flag: flag
# span 0 =      2.000,    957.000       
# span 1 =      1.977,    944.913       
# span 2 =    -1.5003,     0.5695       
# span 3 =  27.120696,  29.625688       
# span 4 =    -1.4999,     0.5716       
# span 5 =  27.120736,  29.625627       
# span 6 =     4.5500,     8.5377       
# span 7 =     4.6483,     8.6710       
# span 8 =    -0.0152,    26.9877       
# span 9 =    67.5582,    95.6842       
# span 10 = -2.712e-06, 9.6231e+01      
# span 11 =  -74.23826,  -74.23824      
# span 12 = -112.20966, -112.20962      
# span 13 =  26.169041,  26.183836      
# span 14 =       7.05,     100.29      
# span 15 = 2.2589e+02, 2.4931e+02      
# span 16 =    262.076,   1540.388      
# span 17 =       6291,      36970      
# span 18 =  1027.1903,  1032.2241      
# span 19 =  1027.1952,  1032.2220      
# span 20 =    33.7930,    34.5672      
# span 21 =    33.7972,    34.5647      
# span 22 =    7.91658,    8.39458      
# span 23 =          5,         65      
# span 24 = 0.0000e+00, 0.0000e+00      
# interval = decibars: 1                
# start_time = Jan 26 2022 03:59:03 [NMEA time, header]
# bad_flag = -9.990e-29
*END*
[from data line 58]
     60.000     59.372    -1.0304  27.315863    -1.0315  27.315911     8.3808     8.6353    22.3251    67.6091 1.0000e-12  -74.23826 -112.20965  26.170439      99.98 2.4680e+02    382.925       9191  1027.4828  1027.4840    33.8158    33.8172    8.29960         35 0.0000e+00
     61.000     60.358    -1.0293  27.317291    -1.0306  27.317357     8.3653     8.6216    22.5631    68.6961 1.0000e-12  -74.23826 -112.20964  26.170460      99.76 2.4680e+02    384.726       9234  1027.4877  1027.4889    33.8160    33.8174    8.29936         36 0.0000e+00
     62.000     61.348    -1.0364  27.311688    -1.0379  27.311530     8.3240     8.5937    23.7887    68.1005 1.0000e-12  -74.23826 -112.20964  26.170481      99.97 2.4680e+02    386.557       9278  1027.4927  1027.4939    33.8157    33.8171    8.30095         37 0.0000e+00
     63.000     62.338    -1.0508  27.300112    -1.0515  27.300564     8.3236     8.5810    23.9026    67.8008 1.0000e-12  -74.23826 -112.20964  26.170500      99.98 2.4680e+02    388.231       9319  1027.4981  1027.4993    33.8154    33.8169    8.30414         36 0.0000e+00
     64.000     63.327    -1.0507  27.300658    -1.0518  27.300766     8.3247     8.5697    23.1651    68.1641 1.0000e-12  -74.23826 -112.20964  26.170519      99.97 2.4680e+02    389.827       9357  1027.5028  1027.5040    33.8154    33.8168    8.30412         37 0.0000e+00
     65.000     64.317    -1.0504  27.301392    -1.0518  27.301222     8.3245     8.5726    22.7560    69.5264 1.0000e-12  -74.23826 -112.20964  26.170538      99.98 2.4680e+02    391.481       9397  1027.5076  1027.5087    33.8155    33.8168    8.30405         38 0.0000e+00
     66.000     65.307    -1.0531  27.299688    -1.0542  27.299842     8.3227     8.5732    23.0003    69.3537 1.0000e-12  -74.23826 -112.20964  26.170557      99.98 2.4680e+02    393.129       9436  1027.5126  1027.5137    33.8156    33.8170    8.30464         35 0.0000e+00
     67.000     66.296    -1.0523  27.300775    -1.0520  27.301921     8.3271     8.5846    23.0105    68.9205 1.0000e-12  -74.23826 -112.20964  26.170576      99.97 2.4680e+02    394.743       9475  1027.5172  1027.5182    33.8155    33.8168    8.30446         36 0.0000e+00
     68.000     67.284    -1.0498  27.303215    -1.0523  27.302326     8.3256     8.5747    21.7995    69.4774 1.0000e-12  -74.23826 -112.20964  26.170592      99.98 2.4680e+02    396.170       9509  1027.5218  1027.5231    33.8155    33.8170    8.30393         30 0.0000e+00
     69.000     68.275    -1.0518  27.302083    -1.0531  27.302080     8.3053     8.5723    21.9758    68.9756 1.0000e-12  -74.23826 -112.20964  26.170607      94.78 2.4680e+02    397.475       9540  1027.5267  1027.5280    33.8155    33.8170    8.30436         34 0.0000e+00
     70.000     69.264    -1.0554  27.299855    -1.0564  27.299930     8.3054     8.5621    23.4574    68.6906 1.0000e-12  -74.23826 -112.20964  26.170624     100.02 2.4680e+02    398.948       9576  1027.5320  1027.5331    33.8159    33.8172    8.30513         36 0.0000e+00
     71.000     70.253    -1.0573  27.298831    -1.0586  27.298642     8.3003     8.5610    22.4750    69.5294 1.0000e-12  -74.23826 -112.20964  26.170642      99.97 2.4680e+02    400.436       9611  1027.5371  1027.5380    33.8161    33.8173    8.30555         36 0.0000e+00
     72.000     71.242    -1.0574  27.299261    -1.0586  27.299215     8.3021     8.5562    22.2886    69.9313 1.0000e-12  -74.23825 -112.20964  26.170659      99.97 2.4680e+02    401.924       9647  1027.5418  1027.5429    33.8161    33.8174    8.30556         35 0.0000e+00
     73.000     72.231    -1.0574  27.299792    -1.0584  27.299797     8.2958     8.5566    22.8987    68.9162 1.0000e-12  -74.23824 -112.20964  26.170677      99.98 2.4672e+02    403.462       9684  1027.5467  1027.5477    33.8163    33.8174    8.30557         35 0.0000e+00
     74.000     73.221    -1.0579  27.299910    -1.0588  27.299919     8.3002     8.5580    22.1941    68.9850 1.0000e-12  -74.23824 -112.20964  26.170695      99.97 2.4593e+02    405.076       9723  1027.5515  1027.5524    33.8163    33.8174    8.30566         33 0.0000e+00
     75.000     74.210    -1.0579  27.300246    -1.0592  27.300045     8.3115     8.5635    21.5851    68.9464 1.0000e-12  -74.23824 -112.20964  26.170710      99.98 2.4648e+02    406.381       9754  1027.5562  1027.5572    33.8162    33.8174    8.30567         28 0.0000e+00
     76.000     75.199    -1.0583  27.300352    -1.0599  27.299860     8.3395     8.5861    20.7599    70.0982 1.0000e-12  -74.23824 -112.20964  26.170724      99.98 2.4680e+02    407.550       9782  1027.5610  1027.5620    33.8161    33.8173    8.30576         28 0.0000e+00
     77.000     76.189    -1.0429  27.314548    -1.0477  27.310830     8.3360     8.5988    20.5501    69.8510 1.0000e-12  -74.23824 -112.20964  26.170737      99.97 2.4680e+02    408.709       9810  1027.5660  1027.5664    33.8176    33.8179    8.30228         28 0.0000e+00
     78.000     77.178    -1.0400  27.317523    -1.0379  27.319964     8.3598     8.6027    21.2383    69.6935 1.0000e-12  -74.23824 -112.20964  26.170751      99.99 2.4656e+02    409.917       9839  1027.5707  1027.5713    33.8178    33.8187    8.30162         29 0.0000e+00
     79.000     78.167    -1.0322  27.324760    -1.0340  27.324046     8.3455     8.6075    23.4962    70.2143 1.0000e-12  -74.23824 -112.20964  26.170766      99.97 2.4578e+02    411.165       9869  1027.5755  1027.5763    33.8182    33.8192    8.29987         31 0.0000e+00
     80.000     79.156    -1.0324  27.325263    -1.0342  27.324439     8.3608     8.6084    23.8471    70.1675 1.0000e-12  -74.23824 -112.20964  26.170780      99.98 2.4577e+02    412.422       9899  1027.5805  1027.5814    33.8185    33.8194    8.29989         29 0.0000e+00
     81.000     80.146    -1.0308  27.327022    -1.0319  27.326684     8.3465     8.6002    23.6832    69.8892 1.0000e-12  -74.23824 -112.20964  26.170794      99.98 2.4620e+02    413.643       9928  1027.5853  1027.5860    33.8184    33.8193    8.29954         29 0.0000e+00
     82.000     81.136    -1.0302  27.327804    -1.0311  27.327896     8.3439     8.5949    22.0648    70.0506 1.0000e-12  -74.23824 -112.20964  26.170808      99.98 2.4542e+02    414.813       9957  1027.5900  1027.5909    33.8182    33.8194    8.29942         28 0.0000e+00
     83.000     82.125    -1.0315  27.327249    -1.0325  27.327201     8.3373     8.5773    20.7405    69.1695 1.0000e-12  -74.23824 -112.20964  26.170821      99.97 2.4561e+02    415.977       9984  1027.5949  1027.5958    33.8183    33.8194    8.29970         28 0.0000e+00
     84.000     83.113    -1.0403  27.320718    -1.0418  27.320403     8.3170     8.5760    21.3032    68.9399 1.0000e-12  -74.23824 -112.20964  26.170835      99.98 2.4511e+02    417.170      10013  1027.6006  1027.6017    33.8186    33.8199    8.30162         29 0.0000e+00
     85.000     84.102    -1.0420  27.319831    -1.0424  27.320168     8.3148     8.5652    21.2110    68.5147 1.0000e-12  -74.23824 -112.20962  26.170849      99.98 2.4504e+02    418.382      10042  1027.6056  1027.6064    33.8188    33.8197    8.30201         29 0.0000e+00
     86.000     85.092    -1.0404  27.321658    -1.0412  27.321536     8.3025     8.5592    21.2614    70.3136 1.0000e-12  -74.23824 -112.20963  26.170863      99.97 2.4504e+02    419.588      10071  1027.6104  1027.6110    33.8189    33.8196    8.30165         29 0.0000e+00
     87.000     86.081    -1.0419  27.320705    -1.0435  27.320165     8.3124     8.5600    20.5099    69.7310 1.0000e-12  -74.23824 -112.20963  26.170877      99.96 2.4426e+02    420.779      10100  1027.6151  1027.6160    33.8187    33.8197    8.30199         28 0.0000e+00
     88.000     87.071    -1.0439  27.319529    -1.0458  27.318681     8.3126     8.5554    21.7088    69.6584 1.0000e-12  -74.23824 -112.20963  26.170891      99.98 2.4328e+02    421.943      10128  1027.6200  1027.6209    33.8187    33.8196    8.30243         28 0.0000e+00
     89.000     88.060    -1.0450  27.319273    -1.0456  27.319226     8.2940     8.5543    21.2799    69.2962 1.0000e-12  -74.23824 -112.20964  26.170904      99.98 2.4328e+02    423.093      10155  1027.6251  1027.6256    33.8189    33.8196    8.30265         28 0.0000e+00
     90.000     89.048    -1.0457  27.319111    -1.0465  27.319043     8.2987     8.5585    20.7233    69.2238 1.0000e-12  -74.23824 -112.20962  26.170917      99.17 2.4328e+02    424.270      10183  1027.6299  1027.6306    33.8189    33.8197    8.30282         28 0.0000e+00
     91.000     90.036    -1.0487  27.317069    -1.0494  27.317178     8.3015     8.5738    20.9926    69.1566 1.0000e-12  -74.23824 -112.20964  26.170932      99.98 2.4381e+02    425.484      10213  1027.6348  1027.6356    33.8189    33.8198    8.30348         30 0.0000e+00
     92.000     91.029    -1.0463  27.319553    -1.0417  27.323806     8.3255     8.5849    20.5193    69.5167 1.0000e-12  -74.23824 -112.20964  26.170945      99.97 2.4372e+02    426.680      10241  1027.6395  1027.6397    33.8189    33.8196    8.30294         28 0.0000e+00
     93.000     92.016    -1.0326  27.331605    -1.0364  27.328742     8.3577     8.5911    20.6537    69.0723 1.0000e-12  -74.23824 -112.20964  26.170959      99.98 2.4348e+02    427.825      10269  1027.6437  1027.6442    33.8193    33.8197    8.29989         26 0.0000e+00
     94.000     93.005    -1.0337  27.331011    -1.0345  27.330992     8.3482     8.5983    21.0924    69.3610 1.0000e-12  -74.23824 -112.20964  26.170971      99.98 2.4367e+02    428.924      10295  1027.6484  1027.6492    33.8191    33.8200    8.30014         27 0.0000e+00
     95.000     93.996    -1.0292  27.335351    -1.0321  27.333463     8.3524     8.5920    21.5865    68.7737 1.0000e-12  -74.23824 -112.20964  26.170984      99.99 2.4374e+02    430.038      10322  1027.6532  1027.6539    33.8194    33.8200    8.29914         27 0.0000e+00
     96.000     94.984    -1.0262  27.338185    -1.0248  27.339706     8.3171     8.5767    21.6257    69.7344 1.0000e-12  -74.23824 -112.20966  26.170998      99.98 2.4369e+02    431.237      10351  1027.6577  1027.6580    33.8192    33.8197    8.29848         30 0.0000e+00
     97.000     95.972    -1.0420  27.325502    -1.0401  27.327842     8.3083     8.5657    21.8515    69.2519 1.0000e-12  -74.23824 -112.20966  26.171013      74.43 2.4351e+02    432.494      10381  1027.6635  1027.6642    33.8190    33.8202    8.30197         30 0.0000e+00
     98.000     96.963    -1.0414  27.326673    -1.0414  27.327084     8.3024     8.5509    21.8866    68.5512 1.0000e-12  -74.23824 -112.20966  26.171027      85.30 2.4360e+02    433.704      10410  1027.6685  1027.6689    33.8194    33.8200    8.30183         28 0.0000e+00
     99.000     97.952    -1.0421  27.326395    -1.0431  27.326127     8.2940     8.5391    20.9217    69.9577 1.0000e-12  -74.23824 -112.20966  26.171040     100.05 2.4347e+02    434.839      10437  1027.6732  1027.6738    33.8192    33.8200    8.30200         27 0.0000e+00
    100.000     98.941    -1.0453  27.324222    -1.0484  27.322148     8.2738     8.5265    20.7308    69.8102 1.0000e-12  -74.23824 -112.20966  26.171053      99.97 2.4406e+02    435.959      10464  1027.6781  1027.6789    33.8192    33.8199    8.30271         27 0.0000e+00
    101.000     99.929    -1.0524  27.318730    -1.0559  27.316575     8.2640     8.5140    20.9415    69.0620 1.0000e-12  -74.23824 -112.20966  26.171066      99.98 2.4422e+02    437.101      10491  1027.6833  1027.6843    33.8191    33.8200    8.30429         28 0.0000e+00
    102.000    100.919    -1.0569  27.315479    -1.0593  27.314018     8.2436     8.4979    20.9328    69.6616 1.0000e-12  -74.23824 -112.20966  26.171080      99.98 2.4359e+02    438.283      10520  1027.6883  1027.6890    33.8191    33.8198    8.30528         29 0.0000e+00
    103.000    101.908    -1.0630  27.310691    -1.0631  27.311159     8.2325     8.4911    20.3704    69.0342 1.0000e-12  -74.23824 -112.20966  26.171094      99.98 2.4358e+02    439.492      10549  1027.6932  1027.6938    33.8188    33.8195    8.30665         29 0.0000e+00
    104.000    102.898    -1.0717  27.303254    -1.0740  27.302064     8.2264     8.4876    20.6453    69.1227 1.0000e-12  -74.23824 -112.20966  26.171108      99.98 2.4403e+02    440.688      10578  1027.6978  1027.6987    33.8179    33.8189    8.30864         28 0.0000e+00
    105.000    103.887    -1.0768  27.299735    -1.0764  27.300500     8.2449     8.4868    19.8684    69.4257 1.0000e-12  -74.23824 -112.20966  26.171121      99.99 2.4416e+02    441.856      10606  1027.7030  1027.7034    33.8181    33.8188    8.30974         28 0.0000e+00
    106.000    104.875    -1.0699  27.306265    -1.0704  27.306238     8.2466     8.4967    20.1822    69.4278 1.0000e-12  -74.23824 -112.20966  26.171134      99.98 2.4426e+02    443.009      10633  1027.7077  1027.7081    33.8187    33.8192    8.30819         27 0.0000e+00
    107.000    105.865    -1.0678  27.308507    -1.0685  27.308282     8.2499     8.4927    20.0346    70.0223 1.0000e-12  -74.23824 -112.20966  26.171148      99.98 2.4480e+02    444.165      10661  1027.7123  1027.7127    33.8187    33.8192    8.30771         29 0.0000e+00
    108.000    106.853    -1.0674  27.309345    -1.0662  27.310753     8.2424     8.4871    20.1199    69.8348 1.0000e-12  -74.23824 -112.20966  26.171161      99.98 2.4379e+02    445.346      10689  1027.7172  1027.7175    33.8189    33.8194    8.30763         28 0.0000e+00
    109.000    107.844    -1.0682  27.308727    -1.0671  27.310491     8.2202     8.4748    20.6578    69.2535 1.0000e-12  -74.23824 -112.20966  26.171175      99.99 2.4432e+02    446.554      10718  1027.7215  1027.7223    33.8183    33.8195    8.30784         29 0.0000e+00
    110.000    108.832    -1.0786  27.300610    -1.0793  27.300513     8.2210     8.4737    20.9587    69.5759 1.0000e-12  -74.23824 -112.20966  26.171189      99.99 2.4413e+02    447.759      10747  1027.7269  1027.7275    33.8183    33.8190    8.31014         29 0.0000e+00
    111.000    109.821    -1.0773  27.302361    -1.0771  27.302900     8.2252     8.4632    20.5698    68.9754 1.0000e-12  -74.23824 -112.20966  26.171203      99.99 2.4397e+02    448.936      10775  1027.7318  1027.7322    33.8186    33.8191    8.30983         28 0.0000e+00
    112.000    110.810    -1.0755  27.304300    -1.0765  27.303772     8.1992     8.4392    20.3749    69.6713 1.0000e-12  -74.23824 -112.20964  26.171216      99.87 2.4378e+02    450.094      10803  1027.7364  1027.7369    33.8186    33.8191    8.30942         28 0.0000e+00
    113.000    111.800    -1.0817  27.299478    -1.0831  27.298892     8.1723     8.4150    20.3257    69.4826 1.0000e-12  -74.23824 -112.20966  26.171230      99.99 2.4378e+02    451.258      10831  1027.7414  1027.7421    33.8184    33.8191    8.31082         28 0.0000e+00
    114.000    112.788    -1.0946  27.289972    -1.0941  27.290659     8.1549     8.4111    19.9962    69.8563 1.0000e-12  -74.23824 -112.20965  26.171244      99.99 2.4389e+02    452.440      10860  1027.7477  1027.7481    33.8193    33.8198    8.31362         29 0.0000e+00
    115.000    113.778    -1.0989  27.287326    -1.0994  27.287248     8.1542     8.4087    20.2461    69.9825 1.0000e-12  -74.23824 -112.20965  26.171258      99.98 2.4361e+02    453.718      10890  1027.7532  1027.7536    33.8200    33.8205    8.31455         32 0.0000e+00
    116.000    114.767    -1.0988  27.288083    -1.0993  27.287919     8.1593     8.4039    20.0987    70.0348 1.0000e-12  -74.23824 -112.20965  26.171274      99.99 2.4328e+02    455.057      10922  1027.7581  1027.7584    33.8202    33.8206    8.31450         32 0.0000e+00
