ocean_section_plots/required_files/ctd/dnbp2202_ctd288.cnv
* Sea-Bird SBE 9 Data File:
* FileName = D:\Data\raw\NBP2202_CTD288.hex
* Software Version Seasave V 7.26.7.121
* Temperature SN = 1649
* Conductivity SN = 2513
* Number of Bytes Per Scan = 40
* Number of Voltage Words = 5
* Number of Scans Averaged by the Deck Unit = 1
* NMEA Latitude = 74 08.12 S
* NMEA Longitude = 115 08.69 W
* NMEA UTC (Time) = Feb 22 2022  14:35:41
* NMEA baud rate = 9600
** Ship: RVIB N.B. Palmer
** Cruise: NBP2202 Thwaites
** Station: 190
** Operator: B. Bjork
# nquan = 28
# nvalues = 409                         
# units = specified
# name 0 = prDM: Pressure, Digiquartz [db]
# name 1 = depSM: Depth [salt water, m]
# name 2 = t090C: Temperature [ITS-90, deg C]
# name 3 = c0mS/cm: Conductivity [mS/cm]
# name 4 = t190C: Temperature, 2 [ITS-90, deg C]
# name 5 = c1mS/cm: Conductivity, 2 [mS/cm]
# name 6 = sbeox0ML/L: Oxygen, SBE 43 [ml/l]
# name 7 = sbeox1ML/L: Oxygen, SBE 43, 2 [ml/l]
# name 8 = flECO-AFL: Fluorescence, WET Labs ECO-AFL/FL [mg/m^3]
# name 9 = CStarTr0: Beam Transmission, WET Labs C-Star [%]
# name 10 = par: PAR/Irradiance, Biospherical/Licor
# name 11 = latitude: Latitude [deg]
# name 12 = longitude: Longitude [deg]
# name 13 = timeJ: Julian Days
# name 14 = altM: Altimeter [m]
# name 15 = spar: SPAR, Biospherical/Licor
# name 16 = timeS: Time, Elapsed [seconds]
# name 17 = scan: Scan Count
# name 18 = density00: Density [density, kg/m^3]
# name 19 = density11: Density, 2 [density, kg/m^3]
# name 20 = v3: Voltage 3
# name 21 = v4: Voltage 4
# name 22 = v5: Voltage 5
# name 23 = sal00: Salinity, Practical [PSU]
# name 24 = sal11: Salinity, Practical, 2 [PSU]
# name 25 = oxsolML/L: Oxygen Saturation, Garcia & Gordon [ml/l]
# name 26 = nbin: number of scans per bin
# name 27 = flag: flag
# span 0 =      2.000,    410.000       
# span 1 =      1.979,    405.357       
# span 2 =    -1.8239,    -0.5733       
# span 3 =  26.950130,  27.731389       
# span 4 =    -1.8228,    -0.5714       
# span 5 =  26.950730,  27.731999       
# span 6 =     6.4058,     8.6960       
# span 7 =     6.5688,     8.9723       
# span 8 =     0.5089,     7.6146       
# span 9 =    88.8565,    97.1088       
# span 10 = 1.0000e-12, 1.2126e+02      
# span 11 =  -74.13536,  -74.13536      
# span 12 = -115.14488, -115.14482      
# span 13 =  53.610472,  53.616675      
# span 14 =       1.73,      99.97      
# span 15 = 2.4374e+02, 2.7944e+02      
# span 16 =    203.807,    739.683      
# span 17 =       4892,      17753      
# span 18 =  1027.1805,  1029.4595      
# span 19 =  1027.1803,  1029.4582      
# span 20 =     4.2167,     4.6067      
# span 21 =     0.1454,     1.6080      
# span 22 =     0.1113,     0.1985      
# span 23 =    33.8057,    34.1566      
# span 24 =    33.8055,    34.1562      
# span 25 =    8.19788,    8.46236      
# span 26 =         22,         46      
# span 27 = 0.0000e+00, 0.0000e+00      
# interval = decibars: 1                
# start_time = Feb 22 2022 14:35:41 [NMEA time, header]
# bad_flag = -9.990e-29
*END*
[from data line 208]
    210.000    207.722    -1.5006  27.128353    -1.5000  27.128823     6.5913     6.7633     1.1761    94.4037 1.0000e-12  -74.13536 -115.14484  53.613449      99.89 2.7055e+02    461.032      11066  1028.3682  1028.3682     4.4781     0.3735     0.1579    33.9977    33.9977    8.39391         23 0.0000e+00
    211.000    208.710    -1.5125  27.120394    -1.5120  27.120826     6.5839     6.7683     1.5634    93.8178 1.0000e-12  -74.13536 -115.14484  53.613461      99.89 2.7002e+02    462.015      11089  1028.3752  1028.3752     4.4509     0.3591     0.1371    33.9996    33.9997    8.39647         24 0.0000e+00
    212.000    209.698    -1.5318  27.106513    -1.5318  27.106614     6.5813     6.7625     1.4803    93.8730 1.0000e-12  -74.13536 -115.14484  53.613472      99.89 2.7147e+02    463.011      11113  1028.3829  1028.3830     4.4533     0.3949     0.1479    34.0019    34.0021    8.40071         24 0.0000e+00
    213.000    210.687    -1.5473  27.096078    -1.5465  27.096547     6.5857     6.7594     1.7226    94.7964 1.0000e-12  -74.13536 -115.14484  53.613484      99.88 2.7148e+02    464.012      11137  1028.3905  1028.3903     4.4970     0.4428     0.1408    34.0044    34.0043    8.40404         24 0.0000e+00
    214.000    211.677    -1.5505  27.094295    -1.5497  27.094714     6.5901     6.7613     1.5021    94.3582 1.0000e-12  -74.13536 -115.14484  53.613495      99.87 2.7148e+02    465.008      11161  1028.3957  1028.3954     4.4763     0.4269     0.1369    34.0050    34.0047    8.40474         23 0.0000e+00
    215.000    212.664    -1.5568  27.090112    -1.5561  27.090630     6.5939     6.7711     1.8271    93.2762 1.0000e-12  -74.13536 -115.14484  53.613507      99.91 2.7148e+02    466.003      11185  1028.4013  1028.4013     4.4250     0.2888     0.1372    34.0058    34.0058    8.40611         24 0.0000e+00
    216.000    213.653    -1.5765  27.076019    -1.5754  27.077021     6.5961     6.7783     1.7136    93.6024 1.0000e-12  -74.13536 -115.14484  53.613518      86.77 2.7148e+02    466.991      11209  1028.4091  1028.4092     4.4404     0.4416     0.1465    34.0082    34.0084    8.41044         24 0.0000e+00
    217.000    214.643    -1.5922  27.065285    -1.5916  27.065708     6.5985     6.7727     1.8479    94.0562 1.0000e-12  -74.13536 -115.14484  53.613530      93.36 2.7148e+02    467.951      11232  1028.4165  1028.4164     4.4619     0.4022     0.1469    34.0106    34.0105    8.41384         23 0.0000e+00
    218.000    215.631    -1.5990  27.061736    -1.5981  27.062350     6.5921     6.7682     2.0540    94.3580 1.0000e-12  -74.13536 -115.14484  53.613541      99.82 2.7148e+02    468.929      11255  1028.4233  1028.4231     4.4763     0.4081     0.1417    34.0128    34.0127    8.41525         24 0.0000e+00
    219.000    216.619    -1.6001  27.061933    -1.5992  27.062464     6.5759     6.7739     1.6257    94.3340 1.0000e-12  -74.13536 -115.14484  53.613552      99.88 2.7148e+02    469.930      11279  1028.4286  1028.4284     4.4751     0.4078     0.1405    34.0137    34.0134    8.41545         24 0.0000e+00
    220.000    217.607    -1.6027  27.061255    -1.6016  27.061808     6.5830     6.7711     1.5614    94.4144 1.0000e-12  -74.13536 -115.14484  53.613564      99.91 2.7148e+02    470.914      11303  1028.4345  1028.4341     4.4789     0.2982     0.1420    34.0151    34.0147    8.41595         23 0.0000e+00
    221.000    218.598    -1.6084  27.058308    -1.6077  27.058869     6.5912     6.7733     1.3295    94.3170 1.0000e-12  -74.13536 -115.14484  53.613575      99.90 2.7148e+02    471.888      11326  1028.4409  1028.4408     4.4743     0.3161     0.1532    34.0169    34.0169    8.41714         23 0.0000e+00
    222.000    219.583    -1.6137  27.055720    -1.6129  27.056151     6.6049     6.7797     1.2827    94.1114 1.0000e-12  -74.13536 -115.14484  53.613586      99.90 2.7148e+02    472.871      11350  1028.4473  1028.4470     4.4649     0.2839     0.1857    34.0188    34.0185    8.41824         24 0.0000e+00
    223.000    220.574    -1.6173  27.054149    -1.6168  27.054468     6.6111     6.7819     1.6870    94.7923 1.0000e-12  -74.13536 -115.14484  53.613598      99.89 2.7148e+02    473.863      11374  1028.4532  1028.4531     4.4966     0.3629     0.1449    34.0201    34.0199    8.41897         24 0.0000e+00
    224.000    221.563    -1.6296  27.045629    -1.6292  27.045888     6.6097     6.7769     1.4787    94.2442 1.0000e-12  -74.13536 -115.14484  53.613609      99.91 2.7187e+02    474.840      11397  1028.4599  1028.4598     4.4709     0.3017     0.1417    34.0217    34.0216    8.42166         23 0.0000e+00
    225.000    222.550    -1.6392  27.039338    -1.6384  27.039855     6.6064     6.7745     1.3235    94.4861 1.0000e-12  -74.13536 -115.14484  53.613621      99.90 2.7300e+02    475.826      11421  1028.4664  1028.4662     4.4823     0.3118     0.1359    34.0233    34.0231    8.42375         22 0.0000e+00
    226.000    223.541    -1.6395  27.041214    -1.6384  27.041839     6.6045     6.7725     1.3931    94.1558 1.0000e-12  -74.13536 -115.14484  53.613632      99.91 2.7251e+02    476.812      11444  1028.4728  1028.4725     4.4666     0.2526     0.1357    34.0256    34.0253    8.42367         24 0.0000e+00
    227.000    224.528    -1.6434  27.039348    -1.6425  27.039779     6.6040     6.7619     1.5082    94.5432 1.0000e-12  -74.13536 -115.14484  53.613644      99.89 2.7200e+02    477.802      11468  1028.4788  1028.4784     4.4850     0.3664     0.1587    34.0269    34.0265    8.42449         24 0.0000e+00
    228.000    225.516    -1.6482  27.037008    -1.6475  27.037489     6.5947     6.7523     1.5056    94.6300 1.0000e-12  -74.13536 -115.14484  53.613655      99.89 2.7187e+02    478.784      11492  1028.4850  1028.4849     4.4891     0.3875     0.1382    34.0285    34.0284    8.42548         23 0.0000e+00
    229.000    226.505    -1.6570  27.031582    -1.6567  27.031865     6.5940     6.7546     1.3981    93.8716 1.0000e-12  -74.13536 -115.14484  53.613666      99.90 2.7243e+02    479.761      11515  1028.4917  1028.4917     4.4533     0.3301     0.1402    34.0304    34.0304    8.42737         24 0.0000e+00
    230.000    227.493    -1.6666  27.025804    -1.6659  27.026304     6.5822     6.7635     1.3484    94.0019 1.0000e-12  -74.13536 -115.14484  53.613678      98.79 2.7179e+02    480.753      11539  1028.4988  1028.4987     4.4594     0.3926     0.1403    34.0327    34.0327    8.42941         24 0.0000e+00
    231.000    228.482    -1.6771  27.019050    -1.6769  27.019177     6.5752     6.7591     1.7106    94.6778 1.0000e-12  -74.13536 -115.14484  53.613689      99.88 2.7185e+02    481.755      11563  1028.5057  1028.5057     4.4914     0.3059     0.1361    34.0347    34.0347    8.43167         24 0.0000e+00
    232.000    229.471    -1.6881  27.011341    -1.6878  27.011558     6.5803     6.7455     2.2952    93.9174 1.0000e-12  -74.13536 -115.14484  53.613701      99.89 2.7202e+02    482.740      11587  1028.5119  1028.5120     4.4554     0.3936     0.1606    34.0360    34.0360    8.43409         23 0.0000e+00
    233.000    230.459    -1.6925  27.008685    -1.6920  27.009072     6.5760     6.7445     1.6972    94.7366 1.0000e-12  -74.13536 -115.14484  53.613712      99.89 2.7194e+02    483.704      11610  1028.5174  1028.5174     4.4942     0.3554     0.1404    34.0367    34.0367    8.43506         23 0.0000e+00
    234.000    231.448    -1.7057  26.999880    -1.7052  27.000422     6.5717     6.7519     1.4788    95.0224 1.0000e-12  -74.13536 -115.14484  53.613723      99.90 2.7237e+02    484.690      11634  1028.5246  1028.5247     4.5078     0.3281     0.1437    34.0390    34.0391    8.43792         24 0.0000e+00
    235.000    232.436    -1.7192  26.989718    -1.7190  26.990027     6.5701     6.7534     1.4670    94.6538 1.0000e-12  -74.13536 -115.14484  53.613735      99.91 2.7237e+02    485.687      11657  1028.5306  1028.5308     4.4903     0.2157     0.1296    34.0397    34.0398    8.44095         24 0.0000e+00
    236.000    233.426    -1.7307  26.981268    -1.7302  26.981589     6.5704     6.7506     1.5082    94.2593 1.0000e-12  -74.13536 -115.14484  53.613746      99.90 2.7217e+02    486.660      11681  1028.5365  1028.5365     4.4716     0.3102     0.1446    34.0405    34.0404    8.44353         23 0.0000e+00
    237.000    234.413    -1.7380  26.976544    -1.7372  26.976924     6.5670     6.7441     1.5741    94.6386 1.0000e-12  -74.13536 -115.14484  53.613757      99.91 2.7331e+02    487.638      11704  1028.5425  1028.5422     4.4896     0.2748     0.1388    34.0416    34.0413    8.44512         24 0.0000e+00
    238.000    235.402    -1.7397  26.976044    -1.7390  26.976367     6.5719     6.7459     1.5456    95.1240 1.0000e-12  -74.13536 -115.14484  53.613769      99.91 2.7332e+02    488.647      11729  1028.5477  1028.5473     4.5126     0.2530     0.1312    34.0423    34.0419    8.44548         24 0.0000e+00
    239.000    236.390    -1.7468  26.971430    -1.7460  26.971931     6.5608     6.7356     1.4445    95.2142 1.0000e-12  -74.13536 -115.14484  53.613781      99.92 2.7240e+02    489.665      11753  1028.5535  1028.5534     4.5163     0.2304     0.1282    34.0434    34.0432    8.44703         25 0.0000e+00
    240.000    237.379    -1.7567  26.964424    -1.7563  26.964894     6.5504     6.7316     1.7924    93.9194 1.0000e-12  -74.13536 -115.14484  53.613792      99.90 2.7340e+02    490.665      11777  1028.5595  1028.5596     4.4559     0.3073     0.1295    34.0443    34.0445    8.44923         23 0.0000e+00
    241.000    238.367    -1.7581  26.966126    -1.7569  26.966630     6.5416     6.7224     1.8004    95.1266 1.0000e-12  -74.13536 -115.14484  53.613804      99.91 2.7340e+02    491.650      11801  1028.5669  1028.5663     4.5127     0.2586     0.1255    34.0477    34.0471    8.44936         23 0.0000e+00
    242.000    239.357    -1.7487  26.976744    -1.7477  26.977107     6.5262     6.7089     1.7901    94.1527 1.0000e-12  -74.13536 -115.14484  53.613815      99.90 2.7287e+02    492.614      11824  1028.5737  1028.5731     4.4666     0.3022     0.1318    34.0511    34.0504    8.44701         24 0.0000e+00
    243.000    240.343    -1.7399  26.986912    -1.7388  26.987299     6.5163     6.6998     1.1356    93.7245 1.0000e-12  -74.13536 -115.14484  53.613826      44.11 2.7348e+02    493.589      11847  1028.5805  1028.5799     4.4462     0.2617     0.1359    34.0544    34.0538    8.44478         23 0.0000e+00
    244.000    241.332    -1.7340  26.995187    -1.7315  26.996736     6.5164     6.6929     1.1631    95.0477 1.0000e-12  -74.13536 -115.14484  53.613838      96.82 2.7325e+02    494.577      11871  1028.5882  1028.5875     4.5089     0.2512     0.1293    34.0586    34.0579    8.44319         25 0.0000e+00
    245.000    242.321    -1.7267  27.001976    -1.7264  27.001819     6.5144     6.6940     1.8848    94.7326 1.0000e-12  -74.13536 -115.14484  53.613849      99.81 2.7310e+02    495.556      11894  1028.5929  1028.5925     4.4937     0.3796     0.1326    34.0590    34.0585    8.44150         23 0.0000e+00
    246.000    243.310    -1.7306  26.999937    -1.7296  27.000283     6.5128     6.6910     1.6779    94.1969 1.0000e-12  -74.13536 -115.14484  53.613860      99.92 2.7408e+02    496.528      11918  1028.5987  1028.5982     4.4689     0.1979     0.1243    34.0600    34.0594    8.44233         23 0.0000e+00
    247.000    244.298    -1.7357  26.996304    -1.7348  26.996772     6.5019     6.6816     1.1900    95.0085 1.0000e-12  -74.13536 -115.14484  53.613871      99.91 2.7363e+02    497.498      11941  1028.6039  1028.6036     4.5071     0.2266     0.1263    34.0602    34.0598    8.44349         23 0.0000e+00
    248.000    245.287    -1.7464  26.989002    -1.7460  26.989272     6.4985     6.6832     1.2269    94.8273 1.0000e-12  -74.13536 -115.14484  53.613883      99.91 2.7355e+02    498.467      11964  1028.6105  1028.6104     4.4985     0.2289     0.1273    34.0617    34.0615    8.44584         23 0.0000e+00
    249.000    246.276    -1.7517  26.985993    -1.7518  26.985900     6.5108     6.6808     1.2264    95.3143 1.0000e-12  -74.13536 -115.14484  53.613894      99.90 2.7303e+02    499.444      11988  1028.6166  1028.6167     4.5216     0.3028     0.1334    34.0630    34.0629    8.44698         24 0.0000e+00
    250.000    247.262    -1.7654  26.975686    -1.7646  26.976019     6.5069     6.6756     1.0168    95.5062 1.0000e-12  -74.13536 -115.14484  53.613906      99.91 2.7458e+02    500.441      12012  1028.6227  1028.6224     4.5307     0.2523     0.1342    34.0636    34.0633    8.45005         24 0.0000e+00
    251.000    248.252    -1.7693  26.973435    -1.7683  26.974033     6.5011     6.6776     1.1823    95.0340 1.0000e-12  -74.13536 -115.14484  53.613917      99.91 2.7361e+02    501.439      12036  1028.6283  1028.6280     4.5083     0.2710     0.1331    34.0644    34.0641    8.45090         24 0.0000e+00
    252.000    249.241    -1.7669  26.976668    -1.7660  26.977039     6.5069     6.6774     1.0148    94.8906 1.0000e-12  -74.13536 -115.14484  53.613929      99.91 2.7274e+02    502.431      12059  1028.6337  1028.6332     4.5016     0.2500     0.1378    34.0655    34.0650    8.45029         24 0.0000e+00
    253.000    250.229    -1.7679  26.976378    -1.7675  26.976448     6.5190     6.6820     0.9909    95.0261 1.0000e-12  -74.13536 -115.14484  53.613940      99.89 2.7478e+02    503.431      12083  1028.6385  1028.6383     4.5080     0.3447     0.1375    34.0656    34.0653    8.45051         24 0.0000e+00
    254.000    251.217    -1.7692  26.976284    -1.7683  26.976688     6.5174     6.6777     0.9551    94.8787 1.0000e-12  -74.13536 -115.14484  53.613952      99.91 2.7457e+02    504.446      12108  1028.6439  1028.6435     4.5010     0.2398     0.1340    34.0664    34.0658    8.45076         24 0.0000e+00
    255.000    252.207    -1.7677  26.978932    -1.7668  26.979331     6.5116     6.6827     1.1720    95.0327 1.0000e-12  -74.13536 -115.14484  53.613964      74.95 2.7390e+02    505.447      12132  1028.6496  1028.6492     4.5082     0.2712     0.1594    34.0677    34.0672    8.45034         24 0.0000e+00
    256.000    253.192    -1.7703  26.978281    -1.7694  26.978783     6.5160     6.6792     1.0461    95.0204 1.0000e-12  -74.13536 -115.14484  53.613975      88.94 2.7473e+02    506.449      12156  1028.6557  1028.6554     4.5077     0.2737     0.1316    34.0692    34.0687    8.45085         24 0.0000e+00
    257.000    254.182    -1.7721  26.978023    -1.7712  26.978375     6.5181     6.6871     0.9174    95.0710 1.0000e-12  -74.13536 -115.14484  53.613987      98.73 2.7420e+02    507.438      12180  1028.6614  1028.6610     4.5101     0.4660     0.1441    34.0702    34.0697    8.45119         24 0.0000e+00
    258.000    255.172    -1.7756  26.976396    -1.7747  26.976758     6.5175     6.6874     0.8878    95.2741 1.0000e-12  -74.13536 -115.14486  53.613998      99.88 2.7175e+02    508.419      12203  1028.6672  1028.6668     4.5197     0.2693     0.1306    34.0713    34.0708    8.45191         24 0.0000e+00
    259.000    256.160    -1.7788  26.974985    -1.7779  26.975313     6.5179     6.6902     0.7569    95.1983 1.0000e-12  -74.13536 -115.14484  53.614009      99.91 2.7127e+02    509.415      12227  1028.6731  1028.6726     4.5161     0.2267     0.1289    34.0724    34.0719    8.45259         24 0.0000e+00
