ocean_section_plots/required_files/ctd/dnbp2202_ctd046.cnv
* Sea-Bird SBE 9 Data File:
* FileName = D:\Data\raw\NBP2202_CTD046.hex
* Software Version Seasave V 7.26.7.121
* Temperature SN = 1649
* Conductivity SN = 2513
* Number of Bytes Per Scan = 40
* Number of Voltage Words = 5
* Number of Scans Averaged by the Deck Unit = 1
* NMEA Latitude = 74 10.52 S
* NMEA Longitude = 113 10.44 W
* NMEA UTC (Time) = Jan 24 2022  00:27:04
* NMEA baud rate = 9600
** Ship: RVIB N.B. Palmer
** Cruise: NBP2202 Thwaites
** Station: Section Dotson C
** Operator: A. Robinson
# nquan = 25
# nvalues = 915                         
# units = specified
# name 0 = prDM: Pressure, Digiquartz [db]
# name 1 = depSM: Depth [salt water, m]
# name 2 = t090C: Temperature [ITS-90, deg C]
# name 3 = c0mS/cm: Conductivity [mS/cm]
# name 4 = t190C: Temperature, 2 [ITS-90, deg C]
# name 5 = c1mS/cm: Conductivity, 2 [mS/cm]
# name 6 = sbeox0ML/L: Oxygen, SBE 43 [ml/l]
# name 7 = sbeox1ML/L: Oxygen, SBE 43, 2 [ml/l]
# name 8 = flECO-AFL: Fluorescence, WET Labs ECO-AFL/FL [mg/m^3]
# name 9 = CStarTr0: Beam Transmission, WET Labs C-Star [%]
# name 10 = par: PAR/Irradiance, Biospherical/Licor
# name 11 = latitude: Latitude [deg]
# name 12 = longitude: Longitude [deg]
# name 13 = timeJ: Julian Days
# name 14 = altM: Altimeter [m]
# name 15 = spar: SPAR, Biospherical/Licor
# name 16 = timeS: Time, Elapsed [seconds]
# name 17 = scan: Scan Count
# name 18 = density00: Density [density, kg/m^3]
# name 19 = density11: Density, 2 [density, kg/m^3]
# name 20 = sal00: Salinity, Practical [PSU]
# name 21 = sal11: Salinity, Practical, 2 [PSU]
# name 22 = oxsolML/L: Oxygen Saturation, Garcia & Gordon [ml/l]
# name 23 = nbin: number of scans per bin
# name 24 = flag: flag
# span 0 =     10.000,    924.000       
# span 1 =      9.895,    912.398       
# span 2 =    -1.4959,     0.3417       
# span 3 =  26.979022,  29.346238       
# span 4 =    -1.4948,     0.3432       
# span 5 =  26.981034,  29.345633       
# span 6 =     4.6145,     9.2593       
# span 7 =     4.8639,     9.8131       
# span 8 =    -0.0207,    28.5847       
# span 9 =    67.3266,    96.3907       
# span 10 = -7.350e-05, 1.3664e+01      
# span 11 =  -74.17540,  -74.17538      
# span 12 = -113.17406, -113.17402      
# span 13 =  24.019160,  24.033061      
# span 14 =       8.41,     100.13      
# span 15 = 3.9303e+02, 5.1156e+02      
# span 16 =     31.431,   1232.492      
# span 17 =        755,      29581      
# span 18 =  1027.2304,  1032.0166      
# span 19 =  1027.2289,  1032.0142      
# span 20 =    33.8013,    34.4753      
# span 21 =    33.8011,    34.4729      
# span 22 =    7.96848,    8.39763      
# span 23 =          3,         47      
# span 24 = 0.0000e+00, 0.0000e+00      
# interval = decibars: 1                
# start_time = Jan 24 2022 00:27:04 [NMEA time, header]
# bad_flag = -9.990e-29
*END*
[from data line 290]
    300.000    296.680    -1.4638  27.229143    -1.4626  27.228582     6.2861     6.6285     0.0589    96.3038 1.0000e-12  -74.17540 -113.17404  24.024055      99.90 4.9639e+02    454.315      10905  1028.8301  1028.8283    34.0388    34.0366    8.38316         31 0.0000e+00
    301.000    297.667    -1.4621  27.231750    -1.4611  27.230897     6.2819     6.6260     0.0848    96.3360 1.0000e-12  -74.17540 -113.17405  24.024070      99.90 4.9619e+02    455.650      10937  1028.8356  1028.8337    34.0398    34.0375    8.38272         32 0.0000e+00
    302.000    298.658    -1.4607  27.234095    -1.4595  27.233415     6.2728     6.6208     0.0546    96.3110 1.0000e-12  -74.17540 -113.17405  24.024085      99.90 4.9543e+02    456.976      10968  1028.8411  1028.8391    34.0408    34.0385    8.38234         32 0.0000e+00
    303.000    299.644    -1.4523  27.243806    -1.4509  27.242970     6.2604     6.5998     0.0438    96.3229 1.0000e-12  -74.17540 -113.17405  24.024101      99.90 4.9537e+02    458.293      11000  1028.8479  1028.8456    34.0440    34.0413    8.38025         32 0.0000e+00
    304.000    300.633    -1.4408  27.255359    -1.4391  27.254893     6.2462     6.5865     0.0548    96.3060 1.0000e-12  -74.17540 -113.17405  24.024116      99.90 4.9464e+02    459.614      11032  1028.8538  1028.8517    34.0463    34.0437    8.37755         31 0.0000e+00
    305.000    301.620    -1.4339  27.262213    -1.4326  27.261701     6.2369     6.5816     0.0544    96.3603 1.0000e-12  -74.17540 -113.17405  24.024131      83.15 4.9366e+02    460.926      11063  1028.8590  1028.8572    34.0472    34.0451    8.37594         31 0.0000e+00
    306.000    302.608    -1.4322  27.264287    -1.4306  27.264099     6.2389     6.5840     0.0489    96.3125 1.0000e-12  -74.17540 -113.17406  24.024146      95.57 4.9407e+02    462.232      11095  1028.8640  1028.8622    34.0475    34.0454    8.37554         31 0.0000e+00
    307.000    303.598    -1.4317  27.265286    -1.4306  27.264615     6.2295     6.5727     0.0500    96.3601 1.0000e-12  -74.17540 -113.17406  24.024161      99.98 4.9326e+02    463.545      11126  1028.8689  1028.8671    34.0476    34.0455    8.37540         32 0.0000e+00
    308.000    304.587    -1.4262  27.271208    -1.4231  27.272064     6.2083     6.5381     0.0360    96.3142 1.0000e-12  -74.17540 -113.17406  24.024177      99.90 4.9184e+02    464.853      11157  1028.8745  1028.8724    34.0489    34.0466    8.37409         32 0.0000e+00
    309.000    305.572    -1.3921  27.304869    -1.3886  27.305017     6.1716     6.5180     0.0488    96.2939 1.0000e-12  -74.17540 -113.17406  24.024192      99.89 4.9166e+02    466.164      11189  1028.8826  1028.8793    34.0558    34.0520    8.36602         29 0.0000e+00
    310.000    306.562    -1.3716  27.323448    -1.3692  27.323756     6.1646     6.5071     0.0488    96.2941 1.0000e-12  -74.17540 -113.17406  24.024207      99.90 4.9184e+02    467.476      11220  1028.8876  1028.8856    34.0574    34.0551    8.36133         32 0.0000e+00
    311.000    307.550    -1.3698  27.325530    -1.3672  27.326193     6.1666     6.4977     0.0741    96.3188 1.0000e-12  -74.17540 -113.17406  24.024222      99.90 4.9055e+02    468.772      11252  1028.8927  1028.8909    34.0576    34.0556    8.36092         31 0.0000e+00
    312.000    308.538    -1.3686  27.326908    -1.3659  27.327799     6.1644     6.4942     0.0486    96.3800 1.0000e-12  -74.17540 -113.17406  24.024237      99.90 4.9067e+02    470.056      11282  1028.8976  1028.8959    34.0576    34.0557    8.36066         30 0.0000e+00
    313.000    309.526    -1.3631  27.332741    -1.3615  27.332133     6.1652     6.4940     0.0579    96.3621 1.0000e-12  -74.17540 -113.17406  24.024252      99.90 4.9028e+02    471.354      11314  1028.9030  1028.9009    34.0586    34.0561    8.35935         31 0.0000e+00
    314.000    310.514    -1.3637  27.332364    -1.3626  27.331469     6.1595     6.4899     0.0484    96.3059 1.0000e-12  -74.17540 -113.17406  24.024267      99.89 4.9008e+02    472.678      11345  1028.9077  1028.9057    34.0582    34.0558    8.35952         33 0.0000e+00
    315.000    311.504    -1.3610  27.335238    -1.3597  27.334615     6.1680     6.4922     0.0480    96.3535 1.0000e-12  -74.17540 -113.17406  24.024282      99.03 4.9008e+02    473.975      11376  1028.9127  1028.9108    34.0585    34.0562    8.35890         30 0.0000e+00
    316.000    312.490    -1.3589  27.337701    -1.3575  27.337141     6.1353     6.4861     0.0556    96.3574 1.0000e-12  -74.17540 -113.17406  24.024297      95.15 4.9014e+02    475.255      11407  1028.9178  1028.9158    34.0589    34.0565    8.35840         31 0.0000e+00
    317.000    313.479    -1.3586  27.338275    -1.3577  27.337376     6.1572     6.4902     0.2249    96.3466 1.0000e-12  -74.17540 -113.17406  24.024312      99.91 4.8900e+02    476.542      11438  1028.9226  1028.9206    34.0587    34.0564    8.35835         31 0.0000e+00
    318.000    314.466    -1.3575  27.339554    -1.3569  27.338585     6.1305     6.4708     0.0624    96.3524 1.0000e-12  -74.17540 -113.17406  24.024327      99.90 4.8923e+02    477.842      11469  1028.9273  1028.9256    34.0586    34.0566    8.35811         31 0.0000e+00
    319.000    315.456    -1.3516  27.346271    -1.3511  27.343971     6.0969     6.4274     0.0560    96.3625 1.0000e-12  -74.17540 -113.17406  24.024342      99.90 4.8946e+02    479.137      11500  1028.9332  1028.9303    34.0605    34.0568    8.35667         31 0.0000e+00
    320.000    316.443    -1.3224  27.373284    -1.3198  27.373304     6.0710     6.3992     0.0471    96.3724 1.0000e-12  -74.17540 -113.17406  24.024357      99.90 4.8769e+02    480.422      11531  1028.9388  1028.9363    34.0638    34.0608    8.34994         31 0.0000e+00
    321.000    317.431    -1.3023  27.391795    -1.3012  27.390739     6.0474     6.3834     0.0471    96.3640 1.0000e-12  -74.17540 -113.17406  24.024372      99.90 4.8770e+02    481.710      11562  1028.9440  1028.9417    34.0657    34.0630    8.34533         31 0.0000e+00
    322.000    318.419    -1.2969  27.397227    -1.2952  27.396797     6.0490     6.3734     0.0493    96.3681 1.0000e-12  -74.17540 -113.17406  24.024387      99.90 4.8826e+02    483.010      11593  1028.9492  1028.9470    34.0664    34.0638    8.34408         32 0.0000e+00
    323.000    319.408    -1.2882  27.406068    -1.2862  27.405880     6.0381     6.3689     0.0397    96.3479 1.0000e-12  -74.17540 -113.17406  24.024402      99.90 4.8693e+02    484.305      11624  1028.9549  1028.9528    34.0680    34.0655    8.34204         31 0.0000e+00
    324.000    320.396    -1.2882  27.406685    -1.2864  27.406469     6.0277     6.3564     0.0548    96.3706 1.0000e-12  -74.17540 -113.17406  24.024417      99.90 4.8627e+02    485.588      11655  1028.9601  1028.9581    34.0682    34.0659    8.34203         30 0.0000e+00
    325.000    321.383    -1.2847  27.410060    -1.2834  27.409443     6.0405     6.3789     0.0416    96.3907 1.0000e-12  -74.17540 -113.17406  24.024431      99.90 4.8650e+02    486.878      11686  1028.9649  1028.9630    34.0683    34.0660    8.34125         31 0.0000e+00
    326.000    322.372    -1.2875  27.408323    -1.2864  27.407538     5.9646     6.3157     0.0522    96.3626 1.0000e-12  -74.17540 -113.17406  24.024447      92.17 4.8584e+02    488.182      11717  1028.9702  1028.9682    34.0684    34.0661    8.34186         32 0.0000e+00
    327.000    323.361    -1.2572  27.439313    -1.2592  27.432453     5.8764     6.2170     0.0524    96.3470 1.0000e-12  -74.17540 -113.17406  24.024461      99.38 4.8515e+02    489.468      11748  1028.9790  1028.9734    34.0759    34.0687    8.33467         30 0.0000e+00
    328.000    324.347    -1.1699  27.517029    -1.1708  27.512911     5.8119     6.1513     0.0586    96.3284 1.0000e-12  -74.17540 -113.17406  24.024476      99.89 4.8525e+02    490.742      11779  1028.9832  1028.9796    34.0825    34.0780    8.31483         31 0.0000e+00
    329.000    325.336    -1.1531  27.532913    -1.1388  27.542851     5.7154     6.0639     0.0518    96.3478 1.0000e-12  -74.17540 -113.17406  24.024491      99.90 4.8479e+02    492.029      11810  1028.9890  1028.9859    34.0846    34.0819    8.31099         30 0.0000e+00
    330.000    326.325    -1.1019  27.579644    -1.1121  27.566899     5.6551     6.0051     0.0354    96.3207 1.0000e-12  -74.17540 -113.17406  24.024506      99.90 4.8428e+02    493.301      11840  1028.9949  1028.9909    34.0897    34.0839    8.29935         31 0.0000e+00
    331.000    327.313    -1.0594  27.617406    -1.0562  27.617439     5.5572     5.9152     0.0264    96.3563 1.0000e-12  -74.17540 -113.17406  24.024520      99.90 4.8467e+02    494.572      11871  1028.9994  1028.9964    34.0924    34.0889    8.28977         31 0.0000e+00
    332.000    328.299    -1.0155  27.657694    -1.0142  27.655512     5.3208     5.6640     0.0294    96.3761 1.0000e-12  -74.17540 -113.17406  24.024535      99.89 4.8403e+02    495.860      11902  1029.0054  1029.0018    34.0969    34.0925    8.27982         30 0.0000e+00
    333.000    329.290    -0.8666  27.794444    -0.8580  27.793992     5.1484     5.4986     0.0377    96.3624 1.0000e-12  -74.17540 -113.17406  24.024550      99.90 4.8337e+02    497.128      11932  1029.0133  1029.0043    34.1136    34.1033    8.24618         31 0.0000e+00
    334.000    330.276    -0.7399  27.904627    -0.7372  27.903623     5.0519     5.3920     0.0196    96.3193 1.0000e-12  -74.17540 -113.17406  24.024565      99.90 4.8403e+02    498.397      11963  1029.0143  1029.0106    34.1191    34.1147    8.21814         30 0.0000e+00
    335.000    331.264    -0.7123  27.930944    -0.7057  27.932793     4.9998     5.3107     0.0023    96.2571 1.0000e-12  -74.17540 -113.17405  24.024580      99.89 4.8302e+02    499.680      11993  1029.0217  1029.0173    34.1229    34.1180    8.21192         31 0.0000e+00
    336.000    332.252    -0.6480  27.989148    -0.6409  27.991622     4.9836     5.2863     0.0208    96.2494 1.0000e-12  -74.17540 -113.17405  24.024594      82.11 4.8218e+02    500.953      12024  1029.0273  1029.0231    34.1283    34.1237    8.19764         31 0.0000e+00
    337.000    333.241    -0.6340  28.001142    -0.6304  28.001572     4.9786     5.2743     0.0081    96.1827 1.0000e-12  -74.17540 -113.17404  24.024609      96.63 4.8227e+02    502.234      12055  1029.0324  1029.0294    34.1282    34.1246    8.19462         30 0.0000e+00
    338.000    334.229    -0.6259  28.008695    -0.6222  28.008932     4.9535     5.2426    -0.0043    96.1981 1.0000e-12  -74.17540 -113.17404  24.024624      99.94 4.8189e+02    503.516      12085  1029.0382  1029.0349    34.1286    34.1248    8.19284         31 0.0000e+00
    339.000    335.217    -0.5974  28.036692    -0.5936  28.036292     4.9470     5.2267     0.0052    96.1415 1.0000e-12  -74.17540 -113.17405  24.024639      99.89 4.8115e+02    504.776      12116  1029.0458  1029.0418    34.1336    34.1288    8.18638         30 0.0000e+00
    340.000    336.204    -0.5747  28.058932    -0.5709  28.059398     4.9459     5.2164     0.0101    96.0925 1.0000e-12  -74.17540 -113.17406  24.024653      99.90 4.8079e+02    506.028      12146  1029.0529  1029.0497    34.1374    34.1337    8.18126         30 0.0000e+00
    341.000    337.195    -0.5690  28.065075    -0.5671  28.063903     4.9531     5.2137    -0.0040    96.1150 1.0000e-12  -74.17540 -113.17406  24.024668      99.89 4.8078e+02    507.295      12176  1029.0592  1029.0562    34.1386    34.1349    8.17996         29 0.0000e+00
    342.000    338.180    -0.5633  28.071589    -0.5612  28.070672     4.9548     5.2132    -0.0077    96.0884 1.0000e-12  -74.17540 -113.17404  24.024682      99.90 4.7991e+02    508.565      12207  1029.0658  1029.0628    34.1403    34.1368    8.17863         30 0.0000e+00
    343.000    339.168    -0.5595  28.076052    -0.5573  28.075121     4.9554     5.2101    -0.0143    96.0325 1.0000e-12  -74.17540 -113.17404  24.024697      99.90 4.8033e+02    509.818      12237  1029.0718  1029.0688    34.1414    34.1378    8.17774         30 0.0000e+00
    344.000    340.157    -0.5554  28.080561    -0.5535  28.079595     4.9559     5.2126    -0.0098    96.0260 1.0000e-12  -74.17540 -113.17404  24.024712      99.90 4.8036e+02    511.079      12267  1029.0776  1029.0747    34.1423    34.1388    8.17681         31 0.0000e+00
    345.000    341.145    -0.5533  28.083052    -0.5517  28.081780     4.9526     5.2096    -0.0089    96.0301 1.0000e-12  -74.17540 -113.17404  24.024726      99.90 4.7846e+02    512.344      12297  1029.0831  1029.0802    34.1427    34.1392    8.17634         30 0.0000e+00
    346.000    342.132    -0.5491  28.088114    -0.5471  28.087279     4.9523     5.2118    -0.0019    95.9917 1.0000e-12  -74.17540 -113.17404  24.024741      92.69 4.7887e+02    513.606      12328  1029.0891  1029.0862    34.1441    34.1408    8.17534         31 0.0000e+00
    347.000    343.121    -0.5473  28.090299    -0.5453  28.089469     4.9538     5.2112     0.0037    95.9678 1.0000e-12  -74.17540 -113.17404  24.024756      98.53 4.7897e+02    514.879      12358  1029.0943  1029.0915    34.1444    34.1411    8.17493         30 0.0000e+00
    348.000    344.109    -0.5432  28.095383    -0.5415  28.094237     4.9498     5.2069     0.0040    95.9933 1.0000e-12  -74.17540 -113.17404  24.024770      99.90 4.7779e+02    516.152      12389  1029.1004  1029.0976    34.1461    34.1427    8.17396         30 0.0000e+00
    349.000    345.097    -0.5399  28.099660    -0.5379  28.098957     4.9540     5.2045    -0.0044    95.9589 1.0000e-12  -74.17540 -113.17404  24.024785      99.90 4.7735e+02    517.409      12419  1029.1064  1029.1037    34.1475    34.1443    8.17317         31 0.0000e+00
    350.000    346.085    -0.5370  28.103513    -0.5352  28.102553     4.9492     5.2057    -0.0014    95.9546 1.0000e-12  -74.17540 -113.17404  24.024799      99.89 4.7779e+02    518.675      12449  1029.1123  1029.1094    34.1489    34.1455    8.17247         30 0.0000e+00
    351.000    347.073    -0.5335  28.108261    -0.5312  28.107616     4.9434     5.2087     0.0045    95.9581 1.0000e-12  -74.17540 -113.17404  24.024814      99.90 4.7602e+02    519.947      12480  1029.1184  1029.1154    34.1506    34.1472    8.17160         30 0.0000e+00
    352.000    348.060    -0.5216  28.122422    -0.5193  28.121753     4.9542     5.2002    -0.0012    95.9623 1.0000e-12  -74.17540 -113.17404  24.024829      99.89 4.7618e+02    521.195      12510  1029.1264  1029.1235    34.1557    34.1522    8.16875         30 0.0000e+00
    353.000    349.049    -0.5122  28.133879    -0.5099  28.133073     4.9430     5.2006    -0.0033    95.9623 1.0000e-12  -74.17540 -113.17404  24.024843      99.90 4.7598e+02    522.435      12539  1029.1340  1029.1310    34.1599    34.1563    8.16648         30 0.0000e+00
    354.000    350.037    -0.5044  28.142945    -0.5024  28.142147     4.9395     5.2015    -0.0032    95.9489 1.0000e-12  -74.17540 -113.17404  24.024858      99.89 4.7598e+02    523.696      12570  1029.1406  1029.1378    34.1626    34.1593    8.16464         31 0.0000e+00
    355.000    351.024    -0.5002  28.148090    -0.4983  28.147075     4.9382     5.1960    -0.0036    95.9554 1.0000e-12  -74.17540 -113.17404  24.024872      99.90 4.7559e+02    524.971      12600  1029.1466  1029.1436    34.1643    34.1607    8.16365         30 0.0000e+00
    356.000    352.013    -0.4961  28.152780    -0.4940  28.152158     4.9326     5.1890    -0.0065    95.9451 1.0000e-12  -74.17540 -113.17402  24.024887      84.25 4.7598e+02    526.231      12631  1029.1521  1029.1493    34.1654    34.1621    8.16271         30 0.0000e+00
