ocean_section_plots/required_files/ctd/dnbp2202_ctd258.cnv
* Sea-Bird SBE 9 Data File:
* FileName = D:\Data\raw\NBP2202_CTD258.hex
* Software Version Seasave V 7.26.7.121
* Temperature SN = 1649
* Conductivity SN = 2513
* Number of Bytes Per Scan = 40
* Number of Voltage Words = 5
* Number of Scans Averaged by the Deck Unit = 1
* NMEA Latitude = 73 48.03 S
* NMEA Longitude = 112 40.06 W
* NMEA UTC (Time) = Feb 17 2022  12:11:53
* NMEA baud rate = 9600
** Ship: RVIB N.B. Palmer
** Cruise: NBP2202 Thwaites
** Station: 12
** Operator: B. Bjork
# nquan = 28
# nvalues = 740                         
# units = specified
# name 0 = prDM: Pressure, Digiquartz [db]
# name 1 = depSM: Depth [salt water, m]
# name 2 = t090C: Temperature [ITS-90, deg C]
# name 3 = c0mS/cm: Conductivity [mS/cm]
# name 4 = t190C: Temperature, 2 [ITS-90, deg C]
# name 5 = c1mS/cm: Conductivity, 2 [mS/cm]
# name 6 = sbeox0ML/L: Oxygen, SBE 43 [ml/l]
# name 7 = sbeox1ML/L: Oxygen, SBE 43, 2 [ml/l]
# name 8 = flECO-AFL: Fluorescence, WET Labs ECO-AFL/FL [mg/m^3]
# name 9 = CStarTr0: Beam Transmission, WET Labs C-Star [%]
# name 10 = par: PAR/Irradiance, Biospherical/Licor
# name 11 = latitude: Latitude [deg]
# name 12 = longitude: Longitude [deg]
# name 13 = timeJ: Julian Days
# name 14 = altM: Altimeter [m]
# name 15 = spar: SPAR, Biospherical/Licor
# name 16 = timeS: Time, Elapsed [seconds]
# name 17 = scan: Scan Count
# name 18 = density00: Density [density, kg/m^3]
# name 19 = density11: Density, 2 [density, kg/m^3]
# name 20 = v3: Voltage 3
# name 21 = v4: Voltage 4
# name 22 = v5: Voltage 5
# name 23 = sal00: Salinity, Practical [PSU]
# name 24 = sal11: Salinity, Practical, 2 [PSU]
# name 25 = oxsolML/L: Oxygen Saturation, Garcia & Gordon [ml/l]
# name 26 = nbin: number of scans per bin
# name 27 = flag: flag
# span 0 =      2.000,    741.000       
# span 1 =      1.965,    732.054       
# span 2 =    -1.4736,     0.5353       
# span 3 =  27.083730,  29.495948       
# span 4 =    -1.4737,     0.5375       
# span 5 =  27.084170,  29.496696       
# span 6 =     4.5900,     9.3624       
# span 7 =     4.7563,     9.7053       
# span 8 =     0.0008,    26.2801       
# span 9 =    74.1046,    96.5181       
# span 10 = -1.592e-06, 2.7917e+01      
# span 11 =  -73.80052,  -73.80034      
# span 12 = -112.66784, -112.66688      
# span 13 =  48.511144,  48.520978      
# span 14 =       2.10,     100.02      
# span 15 = 6.9956e+01, 9.4639e+01      
# span 16 =    249.901,   1099.460      
# span 17 =       5999,      26388      
# span 18 =  1027.1375,  1031.2133      
# span 19 =  1027.1394,  1031.2120      
# span 20 =     3.5160,     4.5787      
# span 21 =     0.0680,     3.8577      
# span 22 =     0.1134,     0.2480      
# span 23 =    33.7385,    34.5598      
# span 24 =    33.7402,    34.5579      
# span 25 =    7.92403,    8.38980      
# span 26 =          1,         48      
# span 27 = 0.0000e+00, 0.0000e+00      
# interval = decibars: 1                
# start_time = Feb 17 2022 12:11:53 [NMEA time, header]
# bad_flag = -9.990e-29
*END*
[from data line 363]
    365.000    360.911    -0.6837  28.055322    -0.6816  28.054973     5.3302     5.5386     0.1197    96.0682 1.0000e-12  -73.80052 -112.66780  48.516002      90.75 8.6945e+01    669.584      16071  1029.2639  1029.2615     4.5574     0.0833     0.1171    34.2402    34.2373    8.19892         25 0.0000e+00
    366.000    361.899    -0.6564  28.080704    -0.6543  28.080745     5.3229     5.5237     0.5351    96.0621 1.0000e-12  -73.80052 -112.66779  48.516014      99.38 8.7369e+01    670.626      16096  1029.2690  1029.2670     4.5570     0.0952     0.1189    34.2429    34.2406    8.19284         25 0.0000e+00
    367.000    362.885    -0.6395  28.096974    -0.6376  28.097033     5.3055     5.5035     0.3225    96.0376 1.0000e-12  -73.80052 -112.66778  48.516026      99.83 8.6867e+01    671.664      16121  1029.2747  1029.2729     4.5559     0.0897     0.1161    34.2452    34.2431    8.18905         26 0.0000e+00
    368.000    363.875    -0.6335  28.102809    -0.6314  28.103082     5.2849     5.4824     0.1265    96.1925 1.0000e-12  -73.80052 -112.66778  48.516038      99.84 8.7559e+01    672.720      16146  1029.2797  1029.2781     4.5632     0.0966     0.1192    34.2456    34.2437    8.18772         25 0.0000e+00
    369.000    364.862    -0.6103  28.125591    -0.6074  28.125695     5.2518     5.4543     0.5062    96.0160 1.0000e-12  -73.80052 -112.66778  48.516051      99.84 8.7162e+01    673.778      16172  1029.2860  1029.2834     4.5550     0.1040     0.1199    34.2495    34.2464    8.18249         25 0.0000e+00
    370.000    365.851    -0.5873  28.146377    -0.5850  28.146651     5.2376     5.4342     0.1993    95.8925 1.0000e-12  -73.80052 -112.66778  48.516063      99.84 8.3728e+01    674.815      16197  1029.2906  1029.2886     4.5490     0.1019     0.1192    34.2510    34.2487    8.17744         24 0.0000e+00
    371.000    366.838    -0.5693  28.163902    -0.5675  28.163577     5.2236     5.4185     0.1132    96.0493 1.0000e-12  -73.80052 -112.66777  48.516074      99.84 8.3280e+01    675.830      16221  1029.2963  1029.2943     4.5565     0.0900     0.1195    34.2535    34.2511    8.17340         25 0.0000e+00
    372.000    367.825    -0.5583  28.174212    -0.5571  28.173661     5.2125     5.4080     0.1442    96.2084 1.0000e-12  -73.80052 -112.66776  48.516086      99.84 8.7504e+01    676.842      16245  1029.3013  1029.2996     4.5640     0.0900     0.1209    34.2544    34.2523    8.17097         24 0.0000e+00
    373.000    368.811    -0.5550  28.177726    -0.5528  28.178063     5.2063     5.4093     0.1437    96.1819 1.0000e-12  -73.80052 -112.66776  48.516098      99.83 8.6833e+01    677.839      16269  1029.3065  1029.3048     4.5628     0.1563     0.1228    34.2548    34.2528    8.17024         24 0.0000e+00
    374.000    369.804    -0.5459  28.187039    -0.5439  28.187052     5.2020     5.4053     0.1317    96.1087 1.0000e-12  -73.80052 -112.66776  48.516109      99.84 8.7744e+01    678.816      16293  1029.3122  1029.3103     4.5593     0.0940     0.1156    34.2564    34.2542    8.16818         23 0.0000e+00
    375.000    370.790    -0.5376  28.195470    -0.5357  28.195627     5.1821     5.3776     0.1406    96.0952 1.0000e-12  -73.80052 -112.66775  48.516120      99.84 8.7533e+01    679.781      16316  1029.3178  1029.3160     4.5586     0.0867     0.1244    34.2578    34.2559    8.16633         23 0.0000e+00
    376.000    371.776    -0.5235  28.209582    -0.5217  28.209194     5.1572     5.3504     0.1515    96.0019 1.0000e-12  -73.80052 -112.66774  48.516131      99.84 8.7379e+01    680.741      16339  1029.3236  1029.3215     4.5542     0.0882     0.1189    34.2602    34.2577    8.16315         23 0.0000e+00
    377.000    372.766    -0.4879  28.244378    -0.4863  28.243275     5.1440     5.3332     0.1112    96.0618 1.0000e-12  -73.80052 -112.66773  48.516143      99.84 8.7455e+01    681.714      16362  1029.3305  1029.3278     4.5571     0.0941     0.1202    34.2662    34.2630    8.15515         23 0.0000e+00
    378.000    373.753    -0.4630  28.267562    -0.4612  28.267484     5.1345     5.3268     0.1693    96.1403 1.0000e-12  -73.80052 -112.66772  48.516154      92.74 8.8077e+01    682.697      16386  1029.3356  1029.3337     4.5608     0.0873     0.1192    34.2686    34.2665    8.14966         24 0.0000e+00
    379.000    374.741    -0.4577  28.273084    -0.4559  28.272985     5.1322     5.3221     0.1477    96.1224 1.0000e-12  -73.80052 -112.66772  48.516165      99.82 8.7777e+01    683.686      16409  1029.3410  1029.3392     4.5599     0.0917     0.1193    34.2694    34.2673    8.14847         24 0.0000e+00
    380.000    375.728    -0.4529  28.278187    -0.4513  28.277838     5.1207     5.3163     0.0968    95.9908 1.0000e-12  -73.80052 -112.66772  48.516177      99.84 8.7191e+01    684.685      16433  1029.3464  1029.3445     4.5537     0.0897     0.1208    34.2703    34.2680    8.14739         24 0.0000e+00
    381.000    376.718    -0.4463  28.284967    -0.4447  28.284543     5.1223     5.3081     0.1039    96.1065 1.0000e-12  -73.80052 -112.66771  48.516189      99.84 8.8207e+01    685.701      16458  1029.3518  1029.3499     4.5591     0.0859     0.1204    34.2713    34.2690    8.14592         25 0.0000e+00
    382.000    377.705    -0.4401  28.291091    -0.4381  28.291207     5.1194     5.3004     0.1354    96.0849 1.0000e-12  -73.80052 -112.66770  48.516201      99.84 8.7934e+01    686.744      16483  1029.3570  1029.3551     4.5582     0.0917     0.1198    34.2720    34.2698    8.14456         25 0.0000e+00
    383.000    378.692    -0.4325  28.298843    -0.4308  28.298721     5.1175     5.2950     0.1565    96.0857 1.0000e-12  -73.80052 -112.66769  48.516213      99.84 8.7583e+01    687.781      16508  1029.3623  1029.3606     4.5582     0.0888     0.1207    34.2731    34.2711    8.14285         25 0.0000e+00
    384.000    379.680    -0.4282  28.303632    -0.4264  28.303576     5.1121     5.2998     0.2528    96.0497 1.0000e-12  -73.80052 -112.66768  48.516225      99.84 8.8073e+01    688.833      16533  1029.3678  1029.3660     4.5565     0.0825     0.1196    34.2741    34.2720    8.14187         25 0.0000e+00
    385.000    380.669    -0.4238  28.308250    -0.4218  28.308463     5.1055     5.2933     0.2057    96.1118 1.0000e-12  -73.80052 -112.66767  48.516237      99.84 8.4958e+01    689.879      16558  1029.3730  1029.3713     4.5594     0.0912     0.1200    34.2748    34.2728    8.14090         25 0.0000e+00
    386.000    381.656    -0.4166  28.315877    -0.4144  28.315967     5.0923     5.2699     0.0999    96.1427 1.0000e-12  -73.80052 -112.66766  48.516249      99.84 8.6814e+01    690.891      16582  1029.3786  1029.3766     4.5609     0.0936     0.1191    34.2762    34.2739    8.13927         24 0.0000e+00
    387.000    382.643    -0.4093  28.323776    -0.4071  28.323801     5.0694     5.2564     0.1331    96.1455 1.0000e-12  -73.80052 -112.66766  48.516261      99.84 8.8150e+01    691.921      16607  1029.3844  1029.3822     4.5610     0.1104     0.1202    34.2780    34.2755    8.13761         25 0.0000e+00
    388.000    383.632    -0.3845  28.348456    -0.3819  28.348654     5.0612     5.2533     0.1848    96.1514 1.0000e-12  -73.80052 -112.66765  48.516273      99.84 8.8144e+01    692.941      16632  1029.3909  1029.3886     4.5613     0.0995     0.1182    34.2825    34.2798    8.13204         24 0.0000e+00
    389.000    384.619    -0.3705  28.361807    -0.3685  28.361868     5.0537     5.2404     0.1815    96.1761 1.0000e-12  -73.80052 -112.66764  48.516284      99.84 8.8144e+01    693.940      16656  1029.3959  1029.3941     4.5625     0.1015     0.1201    34.2839    34.2818    8.12896         24 0.0000e+00
    390.000    385.607    -0.3635  28.368969    -0.3616  28.368996     5.0360     5.2200     0.2978    96.0525 1.0000e-12  -73.80052 -112.66763  48.516295      89.50 8.8144e+01    694.930      16679  1029.4012  1029.3995     4.5566     0.0874     0.1249    34.2851    34.2830    8.12740         24 0.0000e+00
    391.000    386.595    -0.3471  28.386752    -0.3450  28.386241     5.0183     5.1979     0.1543    96.1426 1.0000e-12  -73.80052 -112.66762  48.516307      97.81 8.8144e+01    695.922      16703  1029.4087  1029.4061     4.5609     0.0857     0.1193    34.2898    34.2867    8.12363         23 0.0000e+00
    392.000    387.583    -0.3198  28.412793    -0.3172  28.413309     5.0153     5.1911     0.1242    96.1590 1.0000e-12  -73.80051 -112.66761  48.516318      99.85 8.7922e+01    696.902      16727  1029.4142  1029.4122     4.5617     0.0966     0.1199    34.2933    34.2910    8.11761         24 0.0000e+00
    393.000    388.570    -0.3128  28.420178    -0.3107  28.420225     5.0063     5.1877     0.1111    96.1610 1.0000e-12  -73.80050 -112.66760  48.516330      99.84 8.8142e+01    697.888      16750  1029.4198  1029.4178     4.5618     0.1124     0.1200    34.2946    34.2923    8.11603         24 0.0000e+00
    394.000    389.560    -0.3095  28.423832    -0.3068  28.424502     4.9699     5.1606     0.1340    96.0918 1.0000e-12  -73.80050 -112.66759  48.516341      99.84 8.7561e+01    698.888      16774  1029.4250  1029.4232     4.5585     0.1036     0.1185    34.2952    34.2931    8.11529         24 0.0000e+00
    395.000    390.545    -0.2864  28.446217    -0.2868  28.443679     4.9296     5.1223     0.0921    96.1126 1.0000e-12  -73.80050 -112.66758  48.516353      99.84 8.5219e+01    699.890      16798  1029.4307  1029.4285     4.5594     0.0909     0.1180    34.2985    34.2955    8.11019         24 0.0000e+00
    396.000    391.535    -0.2470  28.484152    -0.2441  28.483584     4.9027     5.0928     0.1004    96.1565 1.0000e-12  -73.80050 -112.66757  48.516365      99.84 8.7565e+01    700.910      16823  1029.4370  1029.4336     4.5616     0.0898     0.1214    34.3041    34.3002    8.10148         25 0.0000e+00
    397.000    392.521    -0.1999  28.526822    -0.2003  28.524363     4.8845     5.0730     0.1085    96.1130 1.0000e-12  -73.80050 -112.66756  48.516376      99.84 8.8068e+01    701.933      16847  1029.4409  1029.4387     4.5595     0.0938     0.1260    34.3075    34.3047    8.09131         24 0.0000e+00
    398.000    393.510    -0.1905  28.536360    -0.1875  28.536864     4.8734     5.0652     0.0986    96.1270 1.0000e-12  -73.80050 -112.66755  48.516388      99.83 8.8003e+01    702.963      16872  1029.4465  1029.4442     4.5601     0.0925     0.1233    34.3090    34.3064    8.08922         25 0.0000e+00
    399.000    394.497    -0.1731  28.553294    -0.1703  28.553615     4.8782     5.0583     0.0915    95.7409 1.0000e-12  -73.80050 -112.66753  48.516401      99.84 8.8143e+01    704.013      16897  1029.4522  1029.4499     4.5418     0.0871     0.1201    34.3114    34.3087    8.08540         26 0.0000e+00
    400.000    395.486    -0.1678  28.558778    -0.1653  28.559063     4.8832     5.0591     0.0968    96.1198 1.0000e-12  -73.80050 -112.66752  48.516413      99.84 8.7309e+01    705.069      16923  1029.4576  1029.4554     4.5598     0.0936     0.1233    34.3122    34.3097    8.08423         25 0.0000e+00
    401.000    396.473    -0.1666  28.562487    -0.1645  28.562385     4.8851     5.0548     0.1043    96.0911 1.0000e-12  -73.80050 -112.66750  48.516425      99.84 8.6008e+01    706.109      16948  1029.4651  1029.4630     4.5584     0.1091     0.1258    34.3151    34.3127    8.08380         24 0.0000e+00
    402.000    397.460    -0.1647  28.565453    -0.1627  28.565361     4.8884     5.0546     0.1036    96.0125 1.0000e-12  -73.80050 -112.66750  48.516437      99.84 8.8248e+01    707.141      16972  1029.4710  1029.4690     4.5547     0.1029     0.1248    34.3163    34.3140    8.08333         25 0.0000e+00
    403.000    398.448    -0.1646  28.566363    -0.1625  28.566319     4.8853     5.0489     0.1262    95.9971 1.0000e-12  -73.80050 -112.66748  48.516449      91.91 8.8073e+01    708.169      16997  1029.4764  1029.4744     4.5540     0.0864     0.1203    34.3168    34.3144    8.08328         25 0.0000e+00
    404.000    399.437    -0.1644  28.567141    -0.1624  28.567193     4.8774     5.0472     0.1260    96.1002 1.0000e-12  -73.80050 -112.66746  48.516460      82.30 8.8144e+01    709.180      17021  1029.4817  1029.4798     4.5588     0.0883     0.1255    34.3171    34.3149    8.08323         24 0.0000e+00
    405.000    400.425    -0.1593  28.573636    -0.1574  28.573407     4.8764     5.0444     0.1326    96.0604 1.0000e-12  -73.80050 -112.66746  48.516472      95.31 8.8144e+01    710.182      17045  1029.4881  1029.4859     4.5570     0.1644     0.1232    34.3194    34.3169    8.08202         24 0.0000e+00
    406.000    401.410    -0.1502  28.583580    -0.1482  28.583396     4.8741     5.0456     0.2711    96.0666 1.0000e-12  -73.80050 -112.66744  48.516484      99.85 8.8144e+01    711.190      17070  1029.4941  1029.4920     4.5573     0.0873     0.1225    34.3217    34.3193    8.07996         24 0.0000e+00
    407.000    402.399    -0.1453  28.589232    -0.1433  28.589207     4.8696     5.0393     0.2707    96.0418 1.0000e-12  -73.80050 -112.66742  48.516495      99.84 8.8144e+01    712.193      17094  1029.4999  1029.4979     4.5562     0.0907     0.1252    34.3232    34.3209    8.07885         24 0.0000e+00
    408.000    403.387    -0.1402  28.595013    -0.1380  28.595008     4.8671     5.0376     0.1304    96.0561 1.0000e-12  -73.80050 -112.66742  48.516507      99.84 8.8144e+01    713.200      17118  1029.5054  1029.5033     4.5568     0.0902     0.1208    34.3245    34.3220    8.07769         24 0.0000e+00
    409.000    404.375    -0.1294  28.606240    -0.1272  28.606209     4.8569     5.0257     0.1149    96.0788 1.0000e-12  -73.80050 -112.66740  48.516519      99.84 8.8144e+01    714.219      17142  1029.5112  1029.5090     4.5579     0.0851     0.1231    34.3268    34.3242    8.07528         25 0.0000e+00
    410.000    405.363    -0.1248  28.611039    -0.1228  28.610866     4.8600     5.0263     0.1224    96.0371 1.0000e-12  -73.80050 -112.66740  48.516531      99.84 8.8144e+01    715.255      17167  1029.5162  1029.5141     4.5559     0.0886     0.1206    34.3273    34.3249    8.07427         25 0.0000e+00
    411.000    406.349    -0.1176  28.618445    -0.1156  28.618351     4.8524     5.0252     0.1194    96.0373 1.0000e-12  -73.80050 -112.66738  48.516543      99.84 8.8144e+01    716.286      17192  1029.5215  1029.5194     4.5558     0.0850     0.1224    34.3285    34.3261    8.07269         25 0.0000e+00
    412.000    407.337    -0.1161  28.620660    -0.1140  28.620686     4.8423     5.0241     0.1030    96.0414 1.0000e-12  -73.80050 -112.66736  48.516555      99.84 8.8144e+01    717.332      17217  1029.5268  1029.5248     4.5562     0.0994     0.1217    34.3292    34.3269    8.07233         25 0.0000e+00
    413.000    408.327    -0.1166  28.620823    -0.1146  28.620785     4.8437     5.0215     0.1164    96.0540 1.0000e-12  -73.80048 -112.66736  48.516567      99.84 8.8144e+01    718.391      17242  1029.5319  1029.5299     4.5567     0.1106     0.1235    34.3293    34.3270    8.07243         25 0.0000e+00
    414.000    409.312    -0.1118  28.626654    -0.1098  28.626519     4.8494     5.0154     0.1369    96.0489 1.0000e-12  -73.80048 -112.66734  48.516579      99.84 8.8144e+01    719.440      17268  1029.5377  1029.5357     4.5565     0.0927     0.1225    34.3311    34.3286    8.07131         26 0.0000e+00
    415.000    410.300    -0.1042  28.634822    -0.1022  28.634875     4.8468     5.0112     0.2125    96.0650 1.0000e-12  -73.80048 -112.66734  48.516591      99.08 8.8144e+01    720.490      17293  1029.5434  1029.5415     4.5572     0.0916     0.1215    34.3328    34.3306    8.06962         25 0.0000e+00
