ocean_section_plots/required_files/ctd/dnbp2202_ctd266.cnv
* Sea-Bird SBE 9 Data File:
* FileName = D:\Data\raw\NBP2202_CTD266.hex
* Software Version Seasave V 7.26.7.121
* Temperature SN = 1649
* Conductivity SN = 2513
* Number of Bytes Per Scan = 40
* Number of Voltage Words = 5
* Number of Scans Averaged by the Deck Unit = 1
* NMEA Latitude = 73 52.89 S
* NMEA Longitude = 118 44.51 W
* NMEA UTC (Time) = Feb 19 2022  20:36:14
* NMEA baud rate = 9600
** Ship: RVIB N.B. Palmer
** Cruise: NBP2202 Thwaites
** Station: 171
** Operator: A. Robinson
# nquan = 28
# nvalues = 672                         
# units = specified
# name 0 = prDM: Pressure, Digiquartz [db]
# name 1 = depSM: Depth [salt water, m]
# name 2 = t090C: Temperature [ITS-90, deg C]
# name 3 = c0mS/cm: Conductivity [mS/cm]
# name 4 = t190C: Temperature, 2 [ITS-90, deg C]
# name 5 = c1mS/cm: Conductivity, 2 [mS/cm]
# name 6 = sbeox0ML/L: Oxygen, SBE 43 [ml/l]
# name 7 = sbeox1ML/L: Oxygen, SBE 43, 2 [ml/l]
# name 8 = flECO-AFL: Fluorescence, WET Labs ECO-AFL/FL [mg/m^3]
# name 9 = CStarTr0: Beam Transmission, WET Labs C-Star [%]
# name 10 = par: PAR/Irradiance, Biospherical/Licor
# name 11 = latitude: Latitude [deg]
# name 12 = longitude: Longitude [deg]
# name 13 = timeJ: Julian Days
# name 14 = altM: Altimeter [m]
# name 15 = spar: SPAR, Biospherical/Licor
# name 16 = timeS: Time, Elapsed [seconds]
# name 17 = scan: Scan Count
# name 18 = density00: Density [density, kg/m^3]
# name 19 = density11: Density, 2 [density, kg/m^3]
# name 20 = v3: Voltage 3
# name 21 = v4: Voltage 4
# name 22 = v5: Voltage 5
# name 23 = sal00: Salinity, Practical [PSU]
# name 24 = sal11: Salinity, Practical, 2 [PSU]
# name 25 = oxsolML/L: Oxygen Saturation, Garcia & Gordon [ml/l]
# name 26 = nbin: number of scans per bin
# name 27 = flag: flag
# span 0 =      3.000,    674.000       
# span 1 =      2.973,    665.947       
# span 2 =    -1.7649,     0.4360       
# span 3 =  26.935747,  29.348806       
# span 4 =    -1.7643,     0.4416       
# span 5 =  26.936237,  29.351206       
# span 6 =     4.7363,     8.9857       
# span 7 =     4.8552,     9.2855       
# span 8 =    -0.0214,    10.7783       
# span 9 =    87.4667,    98.3130       
# span 10 = -1.983e-05, 8.8110e+02      
# span 11 =  -73.88164,  -73.88164      
# span 12 = -118.74194, -118.74190      
# span 13 =  50.860944,  50.870501      
# span 14 =       1.69,     100.15      
# span 15 = 1.6403e+03, 1.6607e+03      
# span 16 =    211.565,   1037.278      
# span 17 =       5079,      24896      
# span 18 =  1027.0944,  1030.8734      
# span 19 =  1027.0950,  1030.8701      
# span 20 =     4.1494,     4.6636      
# span 21 =     0.0639,     1.7310      
# span 22 =     0.1126,     0.2028      
# span 23 =    33.6988,    34.5166      
# span 24 =    33.6942,    34.5133      
# span 25 =    7.94680,    8.45185      
# span 26 =          4,         46      
# span 27 = 0.0000e+00, 0.0000e+00      
# interval = decibars: 1                
# start_time = Feb 19 2022 20:36:14 [NMEA time, header]
# bad_flag = -9.990e-29
*END*
[from data line 415]
    418.000    413.262    -0.6611  28.076172    -0.6626  28.073177     5.3191     5.4596    -0.0062    98.1254 1.0000e-12  -73.88164 -118.74192  50.866600      99.94 1.6603e+03    700.246      16807  1029.4925  1029.4908     4.6549     0.0707     0.1198    34.2107    34.2084    8.19572         24 0.0000e+00
    419.000    414.250    -0.6691  28.069133    -0.6653  28.070795     5.2976     5.4469    -0.0079    98.1179 1.0000e-12  -73.88164 -118.74194  50.866613      99.94 1.6592e+03    701.320      16833  1029.4971  1029.4952     4.6546     0.0709     0.1208    34.2096    34.2076    8.19751         28 0.0000e+00
    420.000    415.237    -0.6488  28.091045    -0.6396  28.096850     5.2980     5.4370    -0.0141    98.1271 1.0000e-12  -73.88164 -118.74193  50.866627      99.93 1.6575e+03    702.579      16863  1029.5051  1029.5024     4.6550     0.0710     0.1205    34.2156    34.2131    8.19276         30 0.0000e+00
    421.000    416.225    -0.6320  28.107356    -0.6300  28.107469     5.2689     5.4277    -0.0138    98.1240 1.0000e-12  -73.88164 -118.74193  50.866641      99.94 1.6586e+03    703.738      16891  1029.5106  1029.5088     4.6549     0.0700     0.1200    34.2181    34.2160    8.18899         25 0.0000e+00
    422.000    417.214    -0.6328  28.107147    -0.6305  28.107621     5.2928     5.4355    -0.0126    98.1281 1.0000e-12  -73.88164 -118.74192  50.866651      99.94 1.6586e+03    704.679      16913  1029.5156  1029.5139     4.6551     0.0712     0.1219    34.2181    34.2162    8.18917         21 0.0000e+00
    423.000    418.200    -0.6325  28.107910    -0.6305  28.108139     5.3042     5.4309    -0.0060    98.1170 1.0000e-12  -73.88164 -118.74192  50.866662      99.93 1.6592e+03    705.562      16934  1029.5204  1029.5188     4.6545     0.0708     0.1200    34.2181    34.2163    8.18909         22 0.0000e+00
    424.000    419.188    -0.6312  28.109617    -0.6293  28.109733     5.2867     5.4308     0.0020    98.1300 1.0000e-12  -73.88164 -118.74193  50.866673      99.94 1.6577e+03    706.576      16959  1029.5254  1029.5237     4.6552     0.0714     0.1199    34.2184    34.2165    8.18881         27 0.0000e+00
    425.000    420.177    -0.6313  28.109996    -0.6289  28.110449     5.2899     5.4291    -0.0056    98.1359 1.0000e-12  -73.88164 -118.74193  50.866686      99.93 1.6568e+03    707.711      16986  1029.5303  1029.5285     4.6554     0.0705     0.1197    34.2184    34.2164    8.18882         27 0.0000e+00
    426.000    421.162    -0.6259  28.116134    -0.6235  28.116517     5.2834     5.4265     0.0026    98.1351 1.0000e-12  -73.88164 -118.74192  50.866699      98.07 1.6569e+03    708.769      17011  1029.5359  1029.5340     4.6554     0.0702     0.1192    34.2200    34.2178    8.18756         24 0.0000e+00
    427.000    422.153    -0.6220  28.120445    -0.6207  28.119708     5.2812     5.4241    -0.0057    98.1252 1.0000e-12  -73.88164 -118.74192  50.866710      82.17 1.6570e+03    709.725      17034  1029.5412  1029.5391     4.6550     0.0682     0.1193    34.2208    34.2184    8.18668         22 0.0000e+00
    428.000    423.137    -0.6195  28.123346    -0.6177  28.123351     5.2767     5.4202    -0.0052    98.1203 1.0000e-12  -73.88164 -118.74192  50.866721      95.19 1.6581e+03    710.660      17057  1029.5461  1029.5444     4.6547     0.0699     0.1192    34.2213    34.2193    8.18610         23 0.0000e+00
    429.000    424.127    -0.6188  28.124537    -0.6167  28.124867     5.2845     5.4191    -0.0062    98.1287 1.0000e-12  -73.88164 -118.74192  50.866732      99.93 1.6576e+03    711.646      17080  1029.5511  1029.5494     4.6551     0.0710     0.1200    34.2215    34.2195    8.18594         24 0.0000e+00
    430.000    425.114    -0.6183  28.125331    -0.6165  28.125395     5.2820     5.4130    -0.0063    98.1186 1.0000e-12  -73.88164 -118.74192  50.866744      99.94 1.6579e+03    712.715      17106  1029.5558  1029.5541     4.6546     0.0708     0.1216    34.2215    34.2195    8.18585         27 0.0000e+00
    431.000    426.102    -0.6174  28.126843    -0.6162  28.126396     5.2779     5.4219    -0.0099    98.1214 1.0000e-12  -73.88164 -118.74192  50.866756      99.93 1.6571e+03    713.744      17131  1029.5609  1029.5593     4.6548     0.0708     0.1195    34.2219    34.2199    8.18562         23 0.0000e+00
    432.000    427.090    -0.6181  28.126310    -0.6149  28.128078     5.2889     5.4145    -0.0123    98.1252 1.0000e-12  -73.88164 -118.74192  50.866767      99.94 1.6571e+03    714.688      17154  1029.5653  1029.5642     4.6549     0.0706     0.1208    34.2213    34.2201    8.18580         22 0.0000e+00
    433.000    428.077    -0.6142  28.131148    -0.6116  28.132010     5.2790     5.4103    -0.0065    98.1160 1.0000e-12  -73.88164 -118.74192  50.866778      99.93 1.6571e+03    715.586      17175  1029.5710  1029.5694     4.6545     0.0712     0.1196    34.2228    34.2211    8.18487         22 0.0000e+00
    434.000    429.065    -0.6109  28.134909    -0.6089  28.135066     5.2662     5.4144    -0.0058    98.1247 1.0000e-12  -73.88164 -118.74192  50.866789      99.93 1.6571e+03    716.529      17198  1029.5761  1029.5744     4.6549     0.0700     0.1198    34.2235    34.2215    8.18412         23 0.0000e+00
    435.000    430.052    -0.6104  28.135708    -0.6082  28.136212     5.2780     5.4118    -0.0145    98.1187 1.0000e-12  -73.88164 -118.74192  50.866801      99.94 1.6571e+03    717.583      17223  1029.5808  1029.5793     4.6547     0.0704     0.1198    34.2234    34.2217    8.18401         27 0.0000e+00
    436.000    431.039    -0.6079  28.138710    -0.6062  28.138612     5.2745     5.4107    -0.0045    98.1208 1.0000e-12  -73.88164 -118.74192  50.866814      99.92 1.6571e+03    718.701      17250  1029.5859  1029.5842     4.6547     0.0689     0.1217    34.2241    34.2220    8.18344         26 0.0000e+00
    437.000    432.028    -0.6077  28.139250    -0.6059  28.139412     5.2758     5.4131    -0.0060    98.1178 1.0000e-12  -73.88164 -118.74192  50.866826      99.94 1.6571e+03    719.759      17275  1029.5907  1029.5891     4.6546     0.0710     0.1197    34.2240    34.2221    8.18341         25 0.0000e+00
    438.000    433.015    -0.6066  28.140879    -0.6052  28.140592     5.2694     5.4072    -0.0133    98.1240 1.0000e-12  -73.88164 -118.74192  50.866837      99.94 1.6577e+03    720.720      17298  1029.5956  1029.5940     4.6548     0.0695     0.1202    34.2244    34.2223    8.18315         22 0.0000e+00
    439.000    434.002    -0.6034  28.144495    -0.6017  28.144662     5.2716     5.4040    -0.0002    98.1310 1.0000e-12  -73.88164 -118.74192  50.866848      99.94 1.6586e+03    721.640      17320  1029.6007  1029.5992     4.6552     0.0703     0.1202    34.2250    34.2233    8.18242         22 0.0000e+00
    440.000    434.991    -0.6033  28.145046    -0.6019  28.144913     5.2743     5.4097     0.0031    98.1271 1.0000e-12  -73.88164 -118.74192  50.866859      99.53 1.6575e+03    722.575      17343  1029.6055  1029.6040     4.6550     0.0684     0.1211    34.2250    34.2232    8.18240         23 0.0000e+00
    441.000    435.978    -0.6029  28.145890    -0.6009  28.146251     5.2629     5.4129    -0.0021    98.1241 1.0000e-12  -73.88164 -118.74192  50.866870      99.72 1.6580e+03    723.578      17367  1029.6103  1029.6088     4.6549     0.0692     0.1207    34.2250    34.2234    8.18229         25 0.0000e+00
    442.000    436.964    -0.6037  28.145446    -0.6017  28.145852     5.2684     5.4137    -0.0060    98.1209 1.0000e-12  -73.88164 -118.74192  50.866882      99.94 1.6575e+03    724.638      17392  1029.6149  1029.6134     4.6547     0.0702     0.1204    34.2248    34.2231    8.18248         25 0.0000e+00
    443.000    437.952    -0.6031  28.146529    -0.6013  28.146591     5.2508     5.4120    -0.0059    98.1147 1.0000e-12  -73.88164 -118.74192  50.866894      99.93 1.6583e+03    725.678      17417  1029.6198  1029.6181     4.6544     0.0714     0.1193    34.2250    34.2230    8.18235         25 0.0000e+00
    444.000    438.939    -0.6019  28.148238    -0.5993  28.149153     5.2777     5.4015    -0.0048    98.1080 1.0000e-12  -73.88164 -118.74193  50.866906      99.94 1.6585e+03    726.665      17441  1029.6247  1029.6232     4.6541     0.0718     0.1200    34.2253    34.2236    8.18207         23 0.0000e+00
    445.000    439.929    -0.6010  28.149461    -0.5994  28.149495     5.2866     5.4029    -0.0048    98.1236 1.0000e-12  -73.88164 -118.74193  50.866917      99.94 1.6573e+03    727.622      17464  1029.6295  1029.6279     4.6549     0.0712     0.1212    34.2253    34.2235    8.18187         23 0.0000e+00
    446.000    440.914    -0.6018  28.149131    -0.5999  28.149369     5.2711     5.4085    -0.0048    98.1214 1.0000e-12  -73.88164 -118.74193  50.866928      99.93 1.6580e+03    728.584      17487  1029.6341  1029.6326     4.6548     0.0703     0.1196    34.2252    34.2234    8.18205         23 0.0000e+00
    447.000    441.902    -0.6011  28.150465    -0.5996  28.150198     5.2570     5.4100    -0.0053    98.1116 1.0000e-12  -73.88164 -118.74193  50.866939      99.94 1.6579e+03    729.551      17510  1029.6392  1029.6375     4.6543     0.0711     0.1210    34.2256    34.2236    8.18188         24 0.0000e+00
    448.000    442.891    -0.5978  28.153734    -0.5949  28.155127     5.2602     5.4086    -0.0053    98.1157 1.0000e-12  -73.88164 -118.74193  50.866951      99.93 1.6564e+03    730.546      17534  1029.6437  1029.6424     4.6545     0.0723     0.1228    34.2256    34.2243    8.18116         24 0.0000e+00
    449.000    443.878    -0.6007  28.151332    -0.5985  28.151831     5.2812     5.4029     0.0024    98.1277 1.0000e-12  -73.88164 -118.74193  50.866963      99.94 1.6571e+03    731.605      17560  1029.6483  1029.6467     4.6550     0.0725     0.1193    34.2251    34.2233    8.18181         26 0.0000e+00
    450.000    444.865    -0.6022  28.150132    -0.5999  28.150934     5.2704     5.3993     0.0111    98.1158 1.0000e-12  -73.88164 -118.74193  50.866975      99.93 1.6570e+03    732.670      17585  1029.6528  1029.6514     4.6545     0.0847     0.1215    34.2246    34.2230    8.18217         25 0.0000e+00
    451.000    445.852    -0.6009  28.152053    -0.5987  28.152577     5.2639     5.4051     0.0053    98.1226 1.0000e-12  -73.88164 -118.74193  50.866987      99.94 1.6576e+03    733.670      17609  1029.6579  1029.6563     4.6548     0.0700     0.1196    34.2252    34.2233    8.18187         23 0.0000e+00
    452.000    446.841    -0.6003  28.153082    -0.5980  28.153725     5.2723     5.4043    -0.0076    98.1192 1.0000e-12  -73.88164 -118.74193  50.866998      70.55 1.6575e+03    734.618      17632  1029.6626  1029.6611     4.6546     0.0678     0.1209    34.2252    34.2234    8.18173         23 0.0000e+00
    453.000    447.828    -0.6002  28.153655    -0.5976  28.154619     5.2394     5.4035    -0.0102    98.1148 1.0000e-12  -73.88164 -118.74193  50.867009      78.79 1.6567e+03    735.567      17655  1029.6674  1029.6659     4.6545     0.0694     0.1203    34.2253    34.2236    8.18171         23 0.0000e+00
    454.000    448.815    -0.5974  28.157072    -0.5959  28.156667     5.2670     5.4032    -0.0044    98.1232 1.0000e-12  -73.88164 -118.74193  50.867020      94.33 1.6568e+03    736.548      17678  1029.6726  1029.6707     4.6548     0.0724     0.1214    34.2261    34.2239    8.18104         24 0.0000e+00
    455.000    449.803    -0.5947  28.160093    -0.5938  28.159218     5.2651     5.4029    -0.0035    98.1159 1.0000e-12  -73.88164 -118.74193  50.867032      99.85 1.6558e+03    737.587      17703  1029.6775  1029.6757     4.6545     0.0728     0.1198    34.2266    34.2243    8.18045         26 0.0000e+00
    456.000    450.791    -0.5942  28.161023    -0.5930  28.160542     5.2459     5.3905    -0.0056    98.1097 1.0000e-12  -73.88164 -118.74193  50.867045      99.93 1.6571e+03    738.660      17729  1029.6823  1029.6806     4.6542     0.0709     0.1203    34.2266    34.2247    8.18033         25 0.0000e+00
    457.000    451.777    -0.5880  28.168460    -0.5870  28.167559     5.2548     5.3893    -0.0074    98.1115 1.0000e-12  -73.88164 -118.74193  50.867057      99.93 1.6571e+03    739.695      17754  1029.6885  1029.6865     4.6543     0.0696     0.1193    34.2290    34.2266    8.17885         24 0.0000e+00
    458.000    452.765    -0.5710  28.186818    -0.5679  28.188344     5.2550     5.3898    -0.0201    98.1206 1.0000e-12  -73.88164 -118.74193  50.867068      99.94 1.6571e+03    740.654      17777  1029.6958  1029.6944     4.6547     0.0712     0.1225    34.2340    34.2325    8.17490         22 0.0000e+00
    459.000    453.752    -0.5599  28.199167    -0.5535  28.203173     5.2206     5.3838     0.0045    98.1170 1.0000e-12  -73.88164 -118.74193  50.867078      99.93 1.6566e+03    741.571      17799  1029.7024  1029.7005     4.6546     0.0712     0.1230    34.2374    34.2356    8.17230         22 0.0000e+00
    460.000    454.741    -0.5643  28.193894    -0.5656  28.191518     5.2165     5.3670     0.0031    98.1147 1.0000e-12  -73.88164 -118.74192  50.867089      99.93 1.6569e+03    742.502      17821  1029.7055  1029.7043     4.6544     0.0707     0.1208    34.2347    34.2329    8.17341         23 0.0000e+00
    461.000    455.728    -0.5577  28.201830    -0.5604  28.197213     5.2359     5.3751     0.0204    98.1188 1.0000e-12  -73.88164 -118.74193  50.867101      99.93 1.6570e+03    743.519      17845  1029.7119  1029.7096     4.6546     0.0688     0.1195    34.2372    34.2341    8.17183         26 0.0000e+00
    462.000    456.714    -0.5433  28.217455    -0.5414  28.217456     5.2058     5.3615     0.0047    98.1074 1.0000e-12  -73.88164 -118.74193  50.867113      99.93 1.6564e+03    744.597      17871  1029.7189  1029.7171     4.6541     0.0692     0.1180    34.2414    34.2393    8.16849         25 0.0000e+00
    463.000    457.704    -0.5211  28.240970    -0.5176  28.242360     5.1917     5.3406    -0.0060    98.1068 1.0000e-12  -73.88164 -118.74194  50.867125      99.93 1.6571e+03    745.598      17895  1029.7266  1029.7247     4.6540     0.0718     0.1225    34.2473    34.2453    8.16336         23 0.0000e+00
    464.000    458.689    -0.4975  28.267657    -0.4963  28.261126     5.1953     5.3340    -0.0014    98.0712 1.0000e-12  -73.88164 -118.74194  50.867136      99.93 1.6571e+03    746.526      17918  1029.7365  1029.7283     4.6524     0.0707     0.1214    34.2560    34.2459    8.15780         22 0.0000e+00
    465.000    459.677    -0.4621  28.304129    -0.4600  28.304112     5.1881     5.3347     0.0008    98.1083 1.0000e-12  -73.88164 -118.74194  50.867146      99.94 1.6571e+03    747.439      17940  1029.7453  1029.7431     4.6541     0.0714     0.1243    34.2644    34.2620    8.14971         23 0.0000e+00
    466.000    460.666    -0.4585  28.309056    -0.4567  28.308803     5.1801     5.3372    -0.0041    98.1166 1.0000e-12  -73.88164 -118.74194  50.867158      46.57 1.6571e+03    748.431      17963  1029.7516  1029.7495     4.6545     0.0688     0.1216    34.2664    34.2639    8.14882         25 0.0000e+00
    467.000    461.652    -0.4571  28.311280    -0.4555  28.310940     5.1803     5.3237    -0.0026    98.1236 1.0000e-12  -73.88164 -118.74194  50.867171      93.09 1.6569e+03    749.608      17992  1029.7572  1029.7553     4.6549     0.0714     0.1207    34.2672    34.2648    8.14848         30 0.0000e+00
    468.000    462.640    -0.4412  28.329317    -0.4396  28.328812     5.1717     5.3184     0.0041    98.1205 1.0000e-12  -73.88164 -118.74194  50.867185     100.04 1.6565e+03    750.816      18021  1029.7655  1029.7634     4.6547     0.0704     0.1198    34.2728    34.2703    8.14474         27 0.0000e+00
