ocean_section_plots/required_files/ctd/dnbp2202_ctd170.cnv
* Sea-Bird SBE 9 Data File:
* FileName = D:\Data\raw\NBP2202_CTD170.hex
* Software Version Seasave V 7.26.7.121
* Temperature SN = 1649
* Conductivity SN = 2513
* Number of Bytes Per Scan = 40
* Number of Voltage Words = 5
* Number of Scans Averaged by the Deck Unit = 1
* NMEA Latitude = 74 11.43 S
* NMEA Longitude = 110 25.40 W
* NMEA UTC (Time) = Feb 03 2022  13:37:23
* NMEA baud rate = 9600
** Ship: RVIB N.B. Palmer
** Cruise: NBP2202 Thwaites
** Station: 92
** Operator: B Bjork
# nquan = 28
# nvalues = 203                         
# units = specified
# name 0 = prDM: Pressure, Digiquartz [db]
# name 1 = depSM: Depth [salt water, m]
# name 2 = t090C: Temperature [ITS-90, deg C]
# name 3 = c0mS/cm: Conductivity [mS/cm]
# name 4 = t190C: Temperature, 2 [ITS-90, deg C]
# name 5 = c1mS/cm: Conductivity, 2 [mS/cm]
# name 6 = sbeox0ML/L: Oxygen, SBE 43 [ml/l]
# name 7 = sbeox1ML/L: Oxygen, SBE 43, 2 [ml/l]
# name 8 = flECO-AFL: Fluorescence, WET Labs ECO-AFL/FL [mg/m^3]
# name 9 = CStarTr0: Beam Transmission, WET Labs C-Star [%]
# name 10 = par: PAR/Irradiance, Biospherical/Licor
# name 11 = latitude: Latitude [deg]
# name 12 = longitude: Longitude [deg]
# name 13 = timeJ: Julian Days
# name 14 = altM: Altimeter [m]
# name 15 = spar: SPAR, Biospherical/Licor
# name 16 = timeS: Time, Elapsed [seconds]
# name 17 = scan: Scan Count
# name 18 = density00: Density [density, kg/m^3]
# name 19 = density11: Density, 2 [density, kg/m^3]
# name 20 = v3: Voltage 3
# name 21 = v4: Voltage 4
# name 22 = v5: Voltage 5
# name 23 = sal00: Salinity, Practical [PSU]
# name 24 = sal11: Salinity, Practical, 2 [PSU]
# name 25 = oxsolML/L: Oxygen Saturation, Garcia & Gordon [ml/l]
# name 26 = nbin: number of scans per bin
# name 27 = flag: flag
# span 0 =      1.000,    203.000       
# span 1 =      0.970,    200.792       
# span 2 =    -1.4344,    -1.1958       
# span 3 =  26.960718,  27.396128       
# span 4 =    -1.4334,    -1.1944       
# span 5 =  26.960401,  27.396333       
# span 6 =     5.6585,     6.7147       
# span 7 =     5.7962,     6.8373       
# span 8 =    -0.0224,     5.7925       
# span 9 =    89.2433,    99.0094       
# span 10 = 1.0000e-12, 1.9332e+02      
# span 11 =  -74.19064,  -74.19042      
# span 12 = -110.42344, -110.42313      
# span 13 =  34.570766,  34.574579      
# span 14 =       4.11,     100.00      
# span 15 = 1.5161e+03, 1.5402e+03      
# span 16 =    271.167,    600.653      
# span 17 =       6509,      14417      
# span 18 =  1027.1830,  1028.3436      
# span 19 =  1027.1822,  1028.3421      
# span 20 =     4.2334,     4.6968      
# span 21 =     0.0641,     0.9348      
# span 22 =     0.1211,     0.1810      
# span 23 =    33.7788,    34.0254      
# span 24 =    33.7779,    34.0231      
# span 25 =    8.32399,    8.38693      
# span 26 =          5,         51      
# span 27 = 0.0000e+00, 0.0000e+00      
# interval = decibars: 1                
# start_time = Feb 03 2022 13:37:23 [NMEA time, header]
# bad_flag = -9.990e-29
*END*
[from data line 104]
    105.000    103.886    -1.3360  27.186499    -1.3332  27.187892     5.7014     5.8375     0.0318    98.9802 1.0035e-01  -74.19046 -110.42322  34.572761      99.89 1.5314e+03    443.520      10645  1027.8227  1027.8215     4.6954     0.0735     0.1327    33.9563    33.9550    8.35936         28 0.0000e+00
    106.000    104.875    -1.3253  27.201695    -1.3241  27.201258     5.7021     5.8395     0.0272    98.9467 9.3984e-02  -74.19046 -110.42322  34.572774      99.94 1.5335e+03    444.692      10674  1027.8336  1027.8320     4.6938     0.0790     0.1261    33.9644    33.9625    8.35647         27 0.0000e+00
    107.000    105.866    -1.3248  27.203335    -1.3235  27.203043     5.7052     5.8315     0.0518    98.9379 8.8546e-02  -74.19046 -110.42321  34.572787      99.38 1.5312e+03    445.770      10699  1027.8393  1027.8378     4.6934     0.0721     0.1283    33.9654    33.9636    8.35630         26 0.0000e+00
    108.000    106.855    -1.3225  27.207136    -1.3215  27.206478     5.7093     5.8410     0.0266    98.9498 8.2732e-02  -74.19046 -110.42321  34.572799      99.27 1.5315e+03    446.857      10726  1027.8458  1027.8442     4.6940     0.0751     0.1269    33.9674    33.9654    8.35567         26 0.0000e+00
    109.000    107.843    -1.3195  27.212020    -1.3183  27.211990     5.7044     5.8451    -0.0046    98.9163 7.7980e-02  -74.19046 -110.42321  34.572811      98.89 1.5344e+03    447.895      10750  1027.8528  1027.8515     4.6925     0.0960     0.1291    33.9702    33.9687    8.35485         24 0.0000e+00
    110.000    108.832    -1.3188  27.213447    -1.3177  27.213151     5.7023     5.8433     0.0234    98.9882 7.2911e-02  -74.19046 -110.42321  34.572823      98.45 1.5323e+03    448.897      10775  1027.8581  1027.8567     4.6958     0.0762     0.1275    33.9707    33.9690    8.35466         24 0.0000e+00
    111.000    109.822    -1.3184  27.214580    -1.3169  27.214757     5.7104     5.8529     0.0374    99.0031 6.8164e-02  -74.19046 -110.42322  34.572834      98.41 1.5325e+03    449.893      10798  1027.8633  1027.8621     4.6965     0.0760     0.1256    33.9712    33.9697    8.35454         24 0.0000e+00
    112.000    110.810    -1.3150  27.219902    -1.3131  27.220455     5.7172     5.8536     0.0251    98.9813 6.3744e-02  -74.19046 -110.42322  34.572846      97.15 1.5350e+03    450.873      10822  1027.8702  1027.8691     4.6955     0.0735     0.1263    33.9739    33.9726    8.35360         23 0.0000e+00
    113.000    111.801    -1.3129  27.222556    -1.3098  27.225383     5.7180     5.8586     0.0662    98.9735 5.9479e-02  -74.19046 -110.42322  34.572857      95.37 1.5342e+03    451.826      10845  1027.8756  1027.8757     4.6950     0.0725     0.1271    33.9746    33.9750    8.35309         23 0.0000e+00
    114.000    112.790    -1.3108  27.226233    -1.3086  27.227334     5.7154     5.8564     0.0233    98.9779 5.5019e-02  -74.19046 -110.42322  34.572868      94.26 1.5355e+03    452.789      10868  1027.8819  1027.8810     4.6953     0.0745     0.1289    33.9766    33.9756    8.35250         23 0.0000e+00
    115.000    113.776    -1.3095  27.228745    -1.3079  27.228925     5.7177     5.8534     0.1621    98.9859 5.0582e-02  -74.19046 -110.42322  34.572879      93.12 1.5368e+03    453.772      10892  1027.8878  1027.8865     4.6957     0.0724     0.1275    33.9780    33.9764    8.35213         23 0.0000e+00
    116.000    114.768    -1.3052  27.234782    -1.3041  27.234245     5.7242     5.8633     0.1466    98.9380 4.6767e-02  -74.19046 -110.42322  34.572890      92.11 1.5355e+03    454.722      10914  1027.8948  1027.8931     4.6934     0.0755     0.1260    33.9808    33.9789    8.35101         23 0.0000e+00
    117.000    115.757    -1.3043  27.236653    -1.3029  27.236535     5.7301     5.8639     0.0422    98.9297 4.2867e-02  -74.19046 -110.42322  34.572901      91.67 1.5355e+03    455.673      10937  1027.9003  1027.8989     4.6931     0.0805     0.1285    33.9817    33.9800    8.35075         23 0.0000e+00
    118.000    116.746    -1.3034  27.238313    -1.3022  27.238125     5.7336     5.8627     0.0071    98.9859 3.8893e-02  -74.19046 -110.42322  34.572913      90.13 1.5355e+03    456.648      10961  1027.9057  1027.9043     4.6957     0.0714     0.1272    33.9824    33.9807    8.35052         23 0.0000e+00
    119.000    117.733    -1.3022  27.240497    -1.3010  27.240257     5.7312     5.8728     0.0147    98.9755 3.5480e-02  -74.19046 -110.42322  34.572924      89.05 1.5355e+03    457.599      10983  1027.9112  1027.9098     4.6952     0.0856     0.1275    33.9834    33.9816    8.35019         23 0.0000e+00
    120.000    118.723    -1.2993  27.245409    -1.2980  27.245087     5.7333     5.8726     0.0164    98.9721 3.2049e-02  -74.19046 -110.42322  34.572935      88.38 1.5343e+03    458.553      11006  1027.9182  1027.9166     4.6950     0.0733     0.1299    33.9862    33.9843    8.34937         24 0.0000e+00
    121.000    119.713    -1.2954  27.251856    -1.2941  27.251930     5.7447     5.8816     0.0213    98.9734 2.9108e-02  -74.19046 -110.42322  34.572946      87.81 1.5338e+03    459.540      11030  1027.9259  1027.9247     4.6951     0.0733     0.1277    33.9900    33.9886    8.34827         23 0.0000e+00
    122.000    120.701    -1.2947  27.254275    -1.2936  27.253639     5.7482     5.8881     0.0146    98.9689 2.5606e-02  -74.19046 -110.42322  34.572957      86.31 1.5349e+03    460.502      11053  1027.9323  1027.9305     4.6949     0.0735     0.1278    33.9919    33.9898    8.34799         23 0.0000e+00
    123.000    121.692    -1.2941  27.257140    -1.2926  27.257212     5.7472     5.8867     0.0143    98.9689 2.2651e-02  -74.19046 -110.42322  34.572968      85.44 1.5340e+03    461.457      11076  1027.9392  1027.9379     4.6948     0.0718     0.1274    33.9945    33.9930    8.34771         23 0.0000e+00
    124.000    122.680    -1.2935  27.258626    -1.2925  27.258221     5.7453     5.8897     0.0143    98.9262 1.9579e-02  -74.19046 -110.42322  34.572980      84.59 1.5323e+03    462.463      11100  1027.9446  1027.9433     4.6929     0.0724     0.1269    33.9953    33.9936    8.34753         25 0.0000e+00
    125.000    123.668    -1.2926  27.259657    -1.2913  27.259391     5.7413     5.8839    -0.0042    98.8940 1.7177e-02  -74.19046 -110.42322  34.572991      83.19 1.5345e+03    463.457      11124  1027.9492  1027.9478     4.6913     0.0854     0.1299    33.9950    33.9932    8.34734         23 0.0000e+00
    126.000    124.659    -1.2914  27.261224    -1.2902  27.260950     5.7344     5.8755     0.0479    98.9648 1.4287e-02  -74.19046 -110.42322  34.573003      82.03 1.5319e+03    464.427      11147  1027.9542  1027.9527     4.6947     0.0793     0.1287    33.9952    33.9934    8.34707         24 0.0000e+00
    127.000    125.647    -1.2895  27.263662    -1.2868  27.264995     5.7143     5.8597     0.0333    98.9922 1.1565e-02  -74.19046 -110.42322  34.573014      80.93 1.5319e+03    465.429      11171  1027.9594  1027.9582     4.6960     0.0730     0.1257    33.9958    33.9945    8.34662         24 0.0000e+00
    128.000    126.637    -1.2712  27.283876    -1.2670  27.286238     5.7098     5.8525     0.0038    98.9146 8.8536e-03  -74.19046 -110.42322  34.573026      80.03 1.5341e+03    466.431      11195  1027.9681  1027.9666     4.6923     0.0687     0.1259    34.0021    34.0006    8.34215         24 0.0000e+00
    129.000    127.624    -1.2607  27.294622    -1.2597  27.293859     5.7066     5.8423     0.0053    98.9574 6.3715e-03  -74.19046 -110.42322  34.573037      79.28 1.5325e+03    467.410      11219  1027.9742  1027.9725     4.6943     0.0697     0.1285    34.0043    34.0022    8.33967         23 0.0000e+00
    130.000    128.614    -1.2531  27.303216    -1.2513  27.303811     5.6963     5.8344     0.0216    98.9481 3.9774e-03  -74.19046 -110.42322  34.573049      78.21 1.5321e+03    468.415      11243  1027.9807  1027.9796     4.6939     0.0685     0.1299    34.0069    34.0056    8.33783         25 0.0000e+00
    131.000    129.602    -1.2499  27.306799    -1.2448  27.310731     5.6969     5.8307     0.0261    98.9271 2.0029e-03  -74.19046 -110.42322  34.573060      76.83 1.5339e+03    469.430      11267  1027.9859  1027.9853     4.6929     0.0666     0.1284    34.0075    34.0071    8.33707         24 0.0000e+00
    132.000    130.592    -1.2312  27.328227    -1.2351  27.321704     5.6879     5.8225    -0.0197    98.9386 1.2706e-04  -74.19046 -110.42322  34.573072      75.85 1.5345e+03    470.407      11291  1027.9957  1027.9925     4.6935     0.0686     0.1279    34.0151    34.0106    8.33247         23 0.0000e+00
    133.000    131.581    -1.2282  27.331196    -1.2267  27.331083     5.6816     5.8202     0.0069    98.9378 1.1073e-06  -74.19046 -110.42322  34.573083      75.12 1.5354e+03    471.407      11315  1028.0005  1027.9990     4.6934     0.0669     0.1315    34.0150    34.0132    8.33178         25 0.0000e+00
    134.000    132.570    -1.2266  27.333482    -1.2223  27.336116     5.6830     5.8209    -0.0078    98.9342 1.0000e-12  -74.19046 -110.42322  34.573095      74.16 1.5353e+03    472.423      11339  1028.0060  1028.0048     4.6932     0.0683     0.1265    34.0158    34.0146    8.33139         23 0.0000e+00
    135.000    133.559    -1.2176  27.343557    -1.2172  27.342738     5.6858     5.8216     0.0126    98.9107 1.0000e-12  -74.19046 -110.42324  34.573107      73.06 1.5344e+03    473.401      11363  1028.0128  1028.0115     4.6922     0.0702     0.1310    34.0187    34.0171    8.32921         24 0.0000e+00
    136.000    134.549    -1.2200  27.342213    -1.2187  27.341828     5.6819     5.8244    -0.0154    98.8992 1.0000e-12  -74.19046 -110.42322  34.573118      72.01 1.5334e+03    474.386      11386  1028.0181  1028.0164     4.6916     0.0675     0.1317    34.0190    34.0170    8.32974         24 0.0000e+00
    137.000    135.536    -1.2184  27.344364    -1.2167  27.344174     5.6757     5.8273    -0.0010    98.8712 1.0000e-12  -74.19046 -110.42324  34.573130      71.06 1.5353e+03    475.394      11410  1028.0234  1028.0215     4.6903     0.0881     0.1303    34.0195    34.0174    8.32935         24 0.0000e+00
    138.000    136.527    -1.2161  27.346742    -1.2147  27.346354     5.6805     5.8199     0.0155    98.8637 1.0000e-12  -74.19046 -110.42322  34.573141      70.17 1.5337e+03    476.372      11434  1028.0281  1028.0263     4.6899     0.0698     0.1319    34.0195    34.0174    8.32882         23 0.0000e+00
    139.000    137.513    -1.2137  27.349057    -1.2124  27.348717     5.6802     5.8130     0.0076    98.7671 1.0000e-12  -74.19046 -110.42324  34.573152      69.21 1.5336e+03    477.344      11457  1028.0327  1028.0311     4.6853     0.0669     0.1305    34.0193    34.0174    8.32830         24 0.0000e+00
    140.000    138.505    -1.2116  27.351996    -1.2106  27.351071     5.6816     5.8130    -0.0077    98.8573 1.0000e-12  -74.19046 -110.42324  34.573164      68.64 1.5333e+03    478.333      11481  1028.0383  1028.0364     4.6897     0.0656     0.1321    34.0204    34.0180    8.32778         24 0.0000e+00
    141.000    139.494    -1.2106  27.353873    -1.2096  27.353068     5.6866     5.8183    -0.0058    98.8769 1.0000e-12  -74.19046 -110.42324  34.573175      67.47 1.5338e+03    479.319      11505  1028.0438  1028.0420     4.6905     0.0654     0.1319    34.0212    34.0190    8.32750         23 0.0000e+00
    142.000    140.480    -1.2094  27.356017    -1.2087  27.354967     5.6896     5.8238    -0.0014    98.8704 1.0000e-12  -74.19046 -110.42324  34.573186      66.05 1.5319e+03    480.290      11528  1028.0494  1028.0476     4.6903     0.0665     0.1334    34.0222    34.0200    8.32719         23 0.0000e+00
    143.000    141.472    -1.2133  27.352701    -1.2129  27.351553     5.6925     5.8240    -0.0069    98.8822 1.0000e-12  -74.19046 -110.42324  34.573198      65.01 1.5323e+03    481.297      11552  1028.0539  1028.0523     4.6908     0.0674     0.1294    34.0214    34.0194    8.32810         25 0.0000e+00
    144.000    142.460    -1.2139  27.352817    -1.2130  27.351923     5.6920     5.8239     0.0076    98.8637 1.0000e-12  -74.19046 -110.42324  34.573209      64.60 1.5337e+03    482.293      11576  1028.0590  1028.0571     4.6900     0.0655     0.1296    34.0216    34.0194    8.32821         23 0.0000e+00
    145.000    143.449    -1.2145  27.352545    -1.2135  27.351937     5.6868     5.8229    -0.0000    98.8764 1.0000e-12  -74.19046 -110.42326  34.573221      63.11 1.5309e+03    483.263      11599  1028.0636  1028.0619     4.6905     0.0644     0.1308    34.0213    34.0193    8.32836         24 0.0000e+00
    146.000    144.437    -1.2140  27.353447    -1.2127  27.353107     5.6841     5.8247    -0.0065    98.8722 1.0000e-12  -74.19046 -110.42324  34.573232      62.36 1.5303e+03    484.267      11623  1028.0684  1028.0668     4.6904     0.0670     0.1357    34.0213    34.0195    8.32825         24 0.0000e+00
    147.000    145.429    -1.2121  27.355902    -1.2111  27.355245     5.6809     5.8182     0.0036    98.8561 1.0000e-12  -74.19046 -110.42326  34.573244      61.42 1.5313e+03    485.275      11648  1028.0736  1028.0719     4.6896     0.0663     0.1321    34.0219    34.0199    8.32779         24 0.0000e+00
    148.000    146.414    -1.2128  27.355604    -1.2113  27.355360     5.6799     5.8167    -0.0020    98.8771 1.0000e-12  -74.19046 -110.42324  34.573255      60.11 1.5306e+03    486.249      11671  1028.0783  1028.0765     4.6906     0.0658     0.1330    34.0217    34.0196    8.32796         23 0.0000e+00
    149.000    147.406    -1.2120  27.357306    -1.2104  27.357142     5.6870     5.8215    -0.0039    98.8646 1.0000e-12  -74.19046 -110.42326  34.573267      58.66 1.5306e+03    487.254      11695  1028.0837  1028.0820     4.6899     0.0663     0.1295    34.0225    34.0204    8.32774         25 0.0000e+00
    150.000    148.393    -1.2112  27.358546    -1.2097  27.358336     5.6946     5.8261    -0.0037    98.8509 1.0000e-12  -74.19046 -110.42326  34.573278      58.09 1.5318e+03    488.261      11719  1028.0886  1028.0870     4.6893     0.0653     0.1315    34.0227    34.0207    8.32756         24 0.0000e+00
    151.000    149.383    -1.2113  27.359028    -1.2098  27.358721     5.6903     5.8287    -0.0054    98.8832 1.0000e-12  -74.19046 -110.42326  34.573290      56.88 1.5302e+03    489.232      11743  1028.0936  1028.0918     4.6908     0.0664     0.1326    34.0228    34.0207    8.32756         23 0.0000e+00
    152.000    150.371    -1.2114  27.359388    -1.2100  27.359020     5.6929     5.8244     0.0013    98.8527 1.0000e-12  -74.19046 -110.42326  34.573301      55.83 1.5296e+03    490.236      11767  1028.0984  1028.0966     4.6894     0.0748     0.1324    34.0228    34.0207    8.32759         25 0.0000e+00
    153.000    151.361    -1.2114  27.359688    -1.2099  27.359551     5.6889     5.8225     0.0049    98.8615 1.0000e-12  -74.19046 -110.42326  34.573314      54.88 1.5297e+03    491.300      11792  1028.1030  1028.1015     4.6898     0.0647     0.1309    34.0225    34.0207    8.32760         26 0.0000e+00
    154.000    152.349    -1.2109  27.360605    -1.2094  27.360347     5.6887     5.8245    -0.0064    98.8576 1.0000e-12  -74.19046 -110.42326  34.573326      54.08 1.5303e+03    492.402      11819  1028.1078  1028.1062     4.6896     0.0675     0.1316    34.0226    34.0206    8.32748         26 0.0000e+00
    155.000    153.339    -1.2108  27.361170    -1.2093  27.360885     5.6889     5.8213    -0.0047    98.8546 1.0000e-12  -74.19046 -110.42327  34.573340      52.93 1.5304e+03    493.550      11846  1028.1127  1028.1110     4.6895     0.0673     0.1324    34.0227    34.0206    8.32746         29 0.0000e+00
