ocean_section_plots/required_files/ctd/dnbp2202_ctd045.cnv
* Sea-Bird SBE 9 Data File:
* FileName = D:\Data\raw\NBP2202_CTD045.hex
* Software Version Seasave V 7.26.7.121
* Temperature SN = 1649
* Conductivity SN = 2513
* Number of Bytes Per Scan = 40
* Number of Voltage Words = 5
* Number of Scans Averaged by the Deck Unit = 1
* NMEA Latitude = 74 10.49 S
* NMEA Longitude = 113 15.09 W
* NMEA UTC (Time) = Jan 23 2022  23:12:12
* NMEA baud rate = 9600
** Ship: RVIB N.B. Palmer
** Cruise: NBP2202 Thwaites
** Station: Section Dotson C
** Operator: A. Robinson
# nquan = 25
# nvalues = 792                         
# units = specified
# name 0 = prDM: Pressure, Digiquartz [db]
# name 1 = depSM: Depth [salt water, m]
# name 2 = t090C: Temperature [ITS-90, deg C]
# name 3 = c0mS/cm: Conductivity [mS/cm]
# name 4 = t190C: Temperature, 2 [ITS-90, deg C]
# name 5 = c1mS/cm: Conductivity, 2 [mS/cm]
# name 6 = sbeox0ML/L: Oxygen, SBE 43 [ml/l]
# name 7 = sbeox1ML/L: Oxygen, SBE 43, 2 [ml/l]
# name 8 = flECO-AFL: Fluorescence, WET Labs ECO-AFL/FL [mg/m^3]
# name 9 = CStarTr0: Beam Transmission, WET Labs C-Star [%]
# name 10 = par: PAR/Irradiance, Biospherical/Licor
# name 11 = latitude: Latitude [deg]
# name 12 = longitude: Longitude [deg]
# name 13 = timeJ: Julian Days
# name 14 = altM: Altimeter [m]
# name 15 = spar: SPAR, Biospherical/Licor
# name 16 = timeS: Time, Elapsed [seconds]
# name 17 = scan: Scan Count
# name 18 = density00: Density [density, kg/m^3]
# name 19 = density11: Density, 2 [density, kg/m^3]
# name 20 = sal00: Salinity, Practical [PSU]
# name 21 = sal11: Salinity, Practical, 2 [PSU]
# name 22 = oxsolML/L: Oxygen Saturation, Garcia & Gordon [ml/l]
# name 23 = nbin: number of scans per bin
# name 24 = flag: flag
# span 0 =      2.000,    793.000       
# span 1 =      1.969,    783.323       
# span 2 =    -1.5019,     0.3227       
# span 3 =  27.018411,  29.268438       
# span 4 =    -1.5013,     0.3248       
# span 5 =  27.018069,  29.267923       
# span 6 =     4.6538,     8.4580       
# span 7 =     4.8865,     8.9519       
# span 8 =    -0.0224,    23.1671       
# span 9 =    70.6045,    96.2904       
# span 10 = -8.648e-06, 2.3691e+02      
# span 11 =  -74.17494,  -74.17494      
# span 12 = -113.25162, -113.25158      
# span 13 =  23.969481,  23.981658      
# span 14 =       3.20,     100.14      
# span 15 = 5.2591e+02, 6.3828e+02      
# span 16 =    231.129,   1283.261      
# span 17 =       5548,      30799      
# span 18 =  1027.1921,  1031.4019      
# span 19 =  1027.1908,  1031.3995      
# span 20 =    33.7999,    34.4699      
# span 21 =    33.7989,    34.4674      
# span 22 =    7.97271,    8.40108      
# span 23 =          2,         50      
# span 24 = 0.0000e+00, 0.0000e+00      
# interval = decibars: 1                
# start_time = Jan 23 2022 23:12:12 [NMEA time, header]
# bad_flag = -9.990e-29
*END*
[from data line 348]
    350.000    346.085    -0.3634  28.309126    -0.3614  28.308490     4.9399     5.2084    -0.0094    95.9595 1.0000e-12  -74.17494 -113.25158  23.975481      99.87 5.3000e+02    749.587      17991  1029.1678  1029.1652    34.2291    34.2260    8.13058         31 0.0000e+00
    351.000    347.073    -0.3532  28.319346    -0.3511  28.318403     4.9342     5.1991    -0.0031    95.9589 1.0000e-12  -74.17494 -113.25158  23.975496      99.87 5.3004e+02    750.855      18022  1029.1731  1029.1701    34.2306    34.2271    8.12831         30 0.0000e+00
    352.000    348.060    -0.3475  28.325285    -0.3453  28.324636     4.9278     5.1914    -0.0122    95.9380 1.0000e-12  -74.17494 -113.25158  23.975511      99.86 5.3023e+02    752.121      18052  1029.1783  1029.1755    34.2316    34.2283    8.12704         31 0.0000e+00
    353.000    349.049    -0.3423  28.331128    -0.3402  28.330446     4.9286     5.1900    -0.0139    95.9446 1.0000e-12  -74.17494 -113.25158  23.975525      86.80 5.3038e+02    753.398      18083  1029.1838  1029.1811    34.2329    34.2296    8.12585         29 0.0000e+00
    354.000    350.037    -0.3392  28.334904    -0.3374  28.334116     4.9286     5.1912    -0.0131    95.9495 1.0000e-12  -74.17494 -113.25158  23.975540      94.10 5.3004e+02    754.690      18114  1029.1893  1029.1867    34.2340    34.2308    8.12514         30 0.0000e+00
    355.000    351.023    -0.3363  28.339140    -0.3338  28.338773     4.9288     5.1869     0.0014    95.8948 1.0000e-12  -74.17494 -113.25158  23.975555      99.92 5.3004e+02    755.950      18144  1029.1954  1029.1926    34.2357    34.2325    8.12442         30 0.0000e+00
    356.000    352.013    -0.3288  28.346965    -0.3268  28.346373     4.9279     5.1847    -0.0113    95.9202 1.0000e-12  -74.17494 -113.25158  23.975569      99.87 5.2992e+02    757.185      18173  1029.2008  1029.1982    34.2372    34.2341    8.12273         30 0.0000e+00
    357.000    353.001    -0.3280  28.348369    -0.3260  28.347865     4.9263     5.1907    -0.0035    95.8261 1.0000e-12  -74.17494 -113.25158  23.975584      99.86 5.3048e+02    758.453      18204  1029.2059  1029.2034    34.2375    34.2346    8.12254         31 0.0000e+00
    358.000    353.988    -0.3263  28.351157    -0.3241  28.350662     4.9170     5.1877     0.0003    95.9197 1.0000e-12  -74.17494 -113.25158  23.975599      99.87 5.3063e+02    759.721      18234  1029.2115  1029.2090    34.2387    34.2356    8.12210         30 0.0000e+00
    359.000    354.975    -0.3212  28.356812    -0.3184  28.356883     4.9152     5.1748    -0.0004    95.9031 1.0000e-12  -74.17494 -113.25158  23.975613      99.86 5.3063e+02    760.961      18264  1029.2170  1029.2144    34.2399    34.2369    8.12094         29 0.0000e+00
    360.000    355.965    -0.3103  28.368645    -0.3082  28.367777     4.9106     5.1676    -0.0041    95.9169 1.0000e-12  -74.17494 -113.25158  23.975627      99.87 5.3063e+02    762.198      18294  1029.2233  1029.2203    34.2429    34.2394    8.11845         30 0.0000e+00
    361.000    356.949    -0.3018  28.378167    -0.2993  28.377850     4.9036     5.1657    -0.0038    95.9189 1.0000e-12  -74.17494 -113.25158  23.975641      99.86 5.3063e+02    763.422      18323  1029.2295  1029.2268    34.2454    34.2423    8.11649         28 0.0000e+00
    362.000    357.942    -0.2986  28.381977    -0.2965  28.381387     4.8999     5.1688     0.0107    95.9244 1.0000e-12  -74.17494 -113.25158  23.975656      99.87 5.3063e+02    764.655      18353  1029.2348  1029.2322    34.2463    34.2432    8.11576         30 0.0000e+00
    363.000    358.927    -0.2986  28.382305    -0.2966  28.381761     4.9003     5.1674    -0.0124    95.9192 1.0000e-12  -74.17494 -113.25158  23.975670      99.86 5.3063e+02    765.910      18383  1029.2396  1029.2371    34.2462    34.2432    8.11578         29 0.0000e+00
    364.000    359.916    -0.2964  28.385223    -0.2942  28.384628     4.8998     5.1604    -0.0121    95.9125 1.0000e-12  -74.17494 -113.25158  23.975685      79.65 5.3063e+02    767.146      18413  1029.2449  1029.2422    34.2470    34.2438    8.11525         30 0.0000e+00
    365.000    360.904    -0.2922  28.389943    -0.2903  28.389049     4.9048     5.1598    -0.0126    95.9108 1.0000e-12  -74.17494 -113.25158  23.975699      61.94 5.3063e+02    768.380      18442  1029.2502  1029.2475    34.2480    34.2447    8.11431         30 0.0000e+00
    366.000    361.891    -0.2881  28.394596    -0.2860  28.394025     4.9016     5.1570    -0.0079    95.9041 1.0000e-12  -74.17494 -113.25158  23.975713      94.36 5.3063e+02    769.637      18472  1029.2555  1029.2530    34.2490    34.2459    8.11337         28 0.0000e+00
    367.000    362.880    -0.2879  28.395109    -0.2857  28.394797     4.8957     5.1585    -0.0136    95.9005 1.0000e-12  -74.17494 -113.25158  23.975728      99.86 5.3063e+02    770.894      18502  1029.2603  1029.2578    34.2489    34.2460    8.11335         30 0.0000e+00
    368.000    363.866    -0.2827  28.401329    -0.2802  28.401026     4.8912     5.1521     0.0114    95.9022 1.0000e-12  -74.17494 -113.25158  23.975742      99.86 5.3063e+02    772.139      18532  1029.2662  1029.2634    34.2507    34.2474    8.11213         30 0.0000e+00
    369.000    364.857    -0.2804  28.403983    -0.2785  28.403353     4.8932     5.1537    -0.0139    95.9032 1.0000e-12  -74.17494 -113.25158  23.975757      99.87 5.3063e+02    773.370      18562  1029.2710  1029.2686    34.2510    34.2481    8.11161         29 0.0000e+00
    370.000    365.844    -0.2792  28.405826    -0.2772  28.405260     4.8950     5.1525    -0.0039    95.9058 1.0000e-12  -74.17494 -113.25158  23.975771      99.86 5.3063e+02    774.591      18591  1029.2762  1029.2737    34.2515    34.2486    8.11133         29 0.0000e+00
    371.000    366.831    -0.2784  28.406945    -0.2764  28.406563     4.8915     5.1527    -0.0115    95.9099 1.0000e-12  -74.17494 -113.25158  23.975785      99.87 5.3063e+02    775.804      18620  1029.2810  1029.2786    34.2516    34.2488    8.11116         30 0.0000e+00
    372.000    367.819    -0.2777  28.408271    -0.2754  28.407931     4.8894     5.1507    -0.0023    95.9142 1.0000e-12  -74.17494 -113.25158  23.975799      99.86 5.3063e+02    777.038      18650  1029.2860  1029.2835    34.2519    34.2490    8.11099         30 0.0000e+00
    373.000    368.807    -0.2731  28.413802    -0.2713  28.412966     4.8922     5.1540    -0.0029    95.8807 1.0000e-12  -74.17494 -113.25158  23.975813      99.87 5.3063e+02    778.271      18679  1029.2917  1029.2891    34.2536    34.2504    8.10992         29 0.0000e+00
    374.000    369.795    -0.2692  28.418450    -0.2673  28.417889     4.8879     5.1468     0.0016    95.8783 1.0000e-12  -74.17494 -113.25158  23.975827      99.56 5.3087e+02    779.489      18709  1029.2972  1029.2947    34.2547    34.2519    8.10902         29 0.0000e+00
    375.000    370.782    -0.2683  28.419977    -0.2662  28.419572     4.8856     5.1417     0.0008    95.8841 1.0000e-12  -74.17494 -113.25158  23.975842      89.69 5.3139e+02    780.717      18738  1029.3022  1029.2998    34.2552    34.2523    8.10880         30 0.0000e+00
    376.000    371.771    -0.2659  28.423089    -0.2638  28.422856     4.8878     5.1501    -0.0026    95.8985 1.0000e-12  -74.17494 -113.25158  23.975856      99.15 5.3106e+02    781.943      18768  1029.3076  1029.3053    34.2561    34.2533    8.10825         29 0.0000e+00
    377.000    372.759    -0.2633  28.426839    -0.2617  28.425755     4.8947     5.1503    -0.0092    95.9075 1.0000e-12  -74.17494 -113.25158  23.975870      99.86 5.3172e+02    783.158      18797  1029.3133  1029.3106    34.2575    34.2542    8.10760         29 0.0000e+00
    378.000    373.746    -0.2602  28.430864    -0.2584  28.430108     4.8960     5.1500    -0.0031    95.8780 1.0000e-12  -74.17494 -113.25158  23.975884      99.86 5.3136e+02    784.384      18826  1029.3189  1029.3164    34.2588    34.2558    8.10687         29 0.0000e+00
    379.000    374.734    -0.2585  28.433631    -0.2564  28.433129     4.8909     5.1486    -0.0038    95.8886 1.0000e-12  -74.17494 -113.25158  23.975898      99.86 5.3145e+02    785.618      18856  1029.3246  1029.3220    34.2600    34.2570    8.10645         30 0.0000e+00
    380.000    375.723    -0.2564  28.436469    -0.2543  28.436047     4.8917     5.1507    -0.0052    95.8934 1.0000e-12  -74.17494 -113.25158  23.975912      99.86 5.3142e+02    786.826      18885  1029.3298  1029.3274    34.2608    34.2579    8.10595         29 0.0000e+00
    381.000    376.710    -0.2550  28.438524    -0.2530  28.438042     4.8894     5.1501    -0.0124    95.8986 1.0000e-12  -74.17494 -113.25158  23.975926      99.86 5.3166e+02    788.028      18914  1029.3349  1029.3325    34.2614    34.2585    8.10562         29 0.0000e+00
    382.000    377.697    -0.2545  28.439663    -0.2527  28.438848     4.8908     5.1454    -0.0085    95.8988 1.0000e-12  -74.17494 -113.25158  23.975941      99.87 5.3163e+02    789.262      18943  1029.3400  1029.3374    34.2617    34.2586    8.10549         30 0.0000e+00
    383.000    378.685    -0.2527  28.442185    -0.2505  28.441831     4.8916     5.1503    -0.0123    95.9147 1.0000e-12  -74.17494 -113.25158  23.975955      99.86 5.3221e+02    790.499      18973  1029.3452  1029.3427    34.2625    34.2595    8.10507         29 0.0000e+00
    384.000    379.674    -0.2503  28.445458    -0.2472  28.446293     4.8926     5.1493    -0.0087    95.9254 1.0000e-12  -74.17494 -113.25158  23.975969      99.87 5.3219e+02    791.717      19002  1029.3507  1029.3485    34.2635    34.2611    8.10450         29 0.0000e+00
    385.000    380.661    -0.2461  28.450941    -0.2437  28.450973     4.8871     5.1541    -0.0019    95.9039 1.0000e-12  -74.17494 -113.25158  23.975983      87.81 5.3239e+02    792.937      19031  1029.3567  1029.3544    34.2655    34.2629    8.10349         30 0.0000e+00
    386.000    381.649    -0.2437  28.454329    -0.2417  28.453922     4.8880     5.1486    -0.0106    95.8927 1.0000e-12  -74.17494 -113.25158  23.975997      93.16 5.3239e+02    794.145      19060  1029.3623  1029.3599    34.2668    34.2640    8.10292         29 0.0000e+00
    387.000    382.635    -0.2428  28.455946    -0.2409  28.455425     4.8878     5.1505    -0.0030    95.9260 1.0000e-12  -74.17494 -113.25158  23.976011      99.81 5.3239e+02    795.366      19090  1029.3674  1029.3651    34.2673    34.2645    8.10269         29 0.0000e+00
    388.000    383.625    -0.2417  28.457774    -0.2398  28.457203     4.8897     5.1452     0.0045    95.9109 1.0000e-12  -74.17494 -113.25158  23.976025      99.86 5.3239e+02    796.599      19119  1029.3726  1029.3702    34.2679    34.2650    8.10242         29 0.0000e+00
    389.000    384.613    -0.2413  28.458899    -0.2394  28.458379     4.8920     5.1517    -0.0067    95.9130 1.0000e-12  -74.17494 -113.25158  23.976040      99.86 5.3239e+02    797.815      19149  1029.3777  1029.3753    34.2683    34.2655    8.10231         29 0.0000e+00
    390.000    385.599    -0.2385  28.462880    -0.2365  28.462320     4.8908     5.1489    -0.0170    95.9436 1.0000e-12  -74.17494 -113.25158  23.976054      99.86 5.3239e+02    799.027      19178  1029.3835  1029.3810    34.2699    34.2669    8.10163         30 0.0000e+00
    391.000    386.588    -0.2339  28.468626    -0.2321  28.467727     4.8886     5.1451    -0.0125    95.9194 1.0000e-12  -74.17494 -113.25158  23.976068      99.87 5.3239e+02    800.238      19207  1029.3894  1029.3868    34.2718    34.2686    8.10054         29 0.0000e+00
    392.000    387.575    -0.2280  28.475202    -0.2258  28.475002     4.8821     5.1449    -0.0017    95.9342 1.0000e-12  -74.17494 -113.25158  23.976082      99.86 5.3239e+02    801.459      19236  1029.3950  1029.3926    34.2734    34.2706    8.09921         29 0.0000e+00
    393.000    388.564    -0.2264  28.477476    -0.2243  28.477098     4.8869     5.1362     0.0006    95.9254 1.0000e-12  -74.17494 -113.25158  23.976096      99.87 5.3239e+02    802.682      19265  1029.4001  1029.3977    34.2740    34.2711    8.09883         30 0.0000e+00
    394.000    389.552    -0.2244  28.480175    -0.2226  28.479566     4.8809     5.1401    -0.0090    95.9528 1.0000e-12  -74.17494 -113.25158  23.976110      99.87 5.3239e+02    803.892      19294  1029.4054  1029.4030    34.2747    34.2719    8.09835         28 0.0000e+00
    395.000    390.538    -0.2215  28.484166    -0.2192  28.483888     4.8811     5.1433    -0.0044    95.9493 1.0000e-12  -74.17494 -113.25158  23.976124      99.86 5.3239e+02    805.084      19323  1029.4111  1029.4086    34.2761    34.2732    8.09765         29 0.0000e+00
    396.000    391.527    -0.2190  28.487324    -0.2168  28.487157     4.8839     5.1437    -0.0027    95.9414 1.0000e-12  -74.17494 -113.25158  23.976138      81.74 5.3239e+02    806.286      19352  1029.4163  1029.4140    34.2770    34.2743    8.09708         29 0.0000e+00
    397.000    392.515    -0.2180  28.488873    -0.2158  28.488732     4.8875     5.1447    -0.0019    95.9297 1.0000e-12  -74.17494 -113.25158  23.976152      92.91 5.3239e+02    807.508      19381  1029.4214  1029.4191    34.2773    34.2747    8.09686         29 0.0000e+00
    398.000    393.502    -0.2158  28.492025    -0.2140  28.491549     4.8895     5.1454    -0.0044    95.9342 1.0000e-12  -74.17494 -113.25158  23.976166      99.89 5.3239e+02    808.713      19410  1029.4269  1029.4246    34.2785    34.2758    8.09633         29 0.0000e+00
    399.000    394.490    -0.2139  28.495674    -0.2119  28.495244     4.8877     5.1470    -0.0132    95.9572 1.0000e-12  -74.17494 -113.25158  23.976179      99.86 5.3239e+02    809.908      19439  1029.4332  1029.4308    34.2806    34.2778    8.09579         29 0.0000e+00
    400.000    395.479    -0.2091  28.502283    -0.2071  28.501758     4.8877     5.1448    -0.0183    95.9413 1.0000e-12  -74.17494 -113.25158  23.976194      99.86 5.3093e+02    811.127      19468  1029.4398  1029.4374    34.2833    34.2805    8.09461         29 0.0000e+00
    401.000    396.465    -0.2078  28.503965    -0.2058  28.503434     4.8853     5.1454    -0.0193    95.9404 1.0000e-12  -74.17494 -113.25158  23.976208      99.86 5.3063e+02    812.339      19497  1029.4446  1029.4422    34.2836    34.2807    8.09433         29 0.0000e+00
    402.000    397.453    -0.2073  28.504890    -0.2054  28.504423     4.8867     5.1435    -0.0137    95.9409 1.0000e-12  -74.17494 -113.25158  23.976221      99.86 5.3063e+02    813.528      19526  1029.4494  1029.4471    34.2836    34.2809    8.09422         28 0.0000e+00
    403.000    398.440    -0.2068  28.505858    -0.2047  28.505591     4.8827     5.1428    -0.0160    95.9485 1.0000e-12  -74.17494 -113.25158  23.976235      99.87 5.3063e+02    814.722      19554  1029.4544  1029.4521    34.2838    34.2811    8.09411         30 0.0000e+00
    404.000    399.430    -0.2046  28.509021    -0.2025  28.508665     4.8871     5.1442    -0.0132    95.9428 1.0000e-12  -74.17494 -113.25158  23.976249      99.86 5.3063e+02    815.930      19583  1029.4598  1029.4575    34.2849    34.2821    8.09358         28 0.0000e+00
    405.000    400.416    -0.2022  28.512228    -0.2004  28.511607     4.8826     5.1436    -0.0051    95.9486 1.0000e-12  -74.17494 -113.25158  23.976263      99.86 5.3063e+02    817.140      19612  1029.4652  1029.4629    34.2859    34.2831    8.09301         30 0.0000e+00
    406.000    401.404    -0.2014  28.513627    -0.1996  28.513124     4.8846     5.1401    -0.0028    95.9665 1.0000e-12  -74.17494 -113.25158  23.976277      86.02 5.3063e+02    818.342      19641  1029.4702  1029.4679    34.2862    34.2836    8.09282         28 0.0000e+00
