ocean_section_plots/required_files/ctd/dnbp2202_ctd283.cnv
* Sea-Bird SBE 9 Data File:
* FileName = D:\Data\raw\NBP2202_CTD283.hex
* Software Version Seasave V 7.26.7.121
* Temperature SN = 1649
* Conductivity SN = 2513
* Number of Bytes Per Scan = 40
* Number of Voltage Words = 5
* Number of Scans Averaged by the Deck Unit = 1
* NMEA Latitude = 74 08.10 S
* NMEA Longitude = 115 33.38 W
* NMEA UTC (Time) = Feb 22 2022  09:10:02
* NMEA baud rate = 9600
** Ship: RVIB N.B. Palmer
** Cruise: NBP2202 Thwaites
** Station: 185
** Operator: B. Bjork
# nquan = 28
# nvalues = 964                         
# units = specified
# name 0 = prDM: Pressure, Digiquartz [db]
# name 1 = depSM: Depth [salt water, m]
# name 2 = t090C: Temperature [ITS-90, deg C]
# name 3 = c0mS/cm: Conductivity [mS/cm]
# name 4 = t190C: Temperature, 2 [ITS-90, deg C]
# name 5 = c1mS/cm: Conductivity, 2 [mS/cm]
# name 6 = sbeox0ML/L: Oxygen, SBE 43 [ml/l]
# name 7 = sbeox1ML/L: Oxygen, SBE 43, 2 [ml/l]
# name 8 = flECO-AFL: Fluorescence, WET Labs ECO-AFL/FL [mg/m^3]
# name 9 = CStarTr0: Beam Transmission, WET Labs C-Star [%]
# name 10 = par: PAR/Irradiance, Biospherical/Licor
# name 11 = latitude: Latitude [deg]
# name 12 = longitude: Longitude [deg]
# name 13 = timeJ: Julian Days
# name 14 = altM: Altimeter [m]
# name 15 = spar: SPAR, Biospherical/Licor
# name 16 = timeS: Time, Elapsed [seconds]
# name 17 = scan: Scan Count
# name 18 = density00: Density [density, kg/m^3]
# name 19 = density11: Density, 2 [density, kg/m^3]
# name 20 = v3: Voltage 3
# name 21 = v4: Voltage 4
# name 22 = v5: Voltage 5
# name 23 = sal00: Salinity, Practical [PSU]
# name 24 = sal11: Salinity, Practical, 2 [PSU]
# name 25 = oxsolML/L: Oxygen Saturation, Garcia & Gordon [ml/l]
# name 26 = nbin: number of scans per bin
# name 27 = flag: flag
# span 0 =      2.000,    965.000       
# span 1 =      1.979,    952.803       
# span 2 =    -1.8288,     0.5239       
# span 3 =  26.911987,  29.579917       
# span 4 =    -1.8284,     0.5264       
# span 5 =  26.912388,  29.580503       
# span 6 =     4.5072,     9.1427       
# span 7 =     4.6144,     9.3898       
# span 8 =     0.1744,    10.1976       
# span 9 =    89.6797,    98.3055       
# span 10 = 1.0000e-12, 4.0970e-01      
# span 11 =  -74.13500,  -74.13500      
# span 12 = -115.55645, -115.55640      
# span 13 =  53.384776,  53.398019      
# span 14 =       3.05,     101.16      
# span 15 = 1.4099e+01, 2.6200e+01      
# span 16 =    242.644,   1386.807      
# span 17 =       5824,      33284      
# span 18 =  1027.1721,  1032.2582      
# span 19 =  1027.1735,  1032.2565      
# span 20 =     4.2544,     4.6635      
# span 21 =     0.0932,     1.4466      
# span 22 =     0.1091,     0.2808      
# span 23 =    33.8035,    34.5581      
# span 24 =    33.8058,    34.5560      
# span 25 =    7.92642,    8.46474      
# span 26 =         22,         57      
# span 27 = 0.0000e+00, 0.0000e+00      
# interval = decibars: 1                
# start_time = Feb 22 2022 09:10:02 [NMEA time, header]
# bad_flag = -9.990e-29
*END*
[from data line 259]
    261.000    258.136    -1.8186  26.941208    -1.8181  26.941588     6.5870     6.7813     1.1068    96.2653 1.0000e-12  -74.13500 -115.55642  53.388613      99.86 2.3502e+01    574.142      13780  1028.6821  1028.6821     4.5663     0.2302     0.1169    34.0698    34.0698    8.46185         24 0.0000e+00
    262.000    259.126    -1.8211  26.939939    -1.8208  26.940181     6.5936     6.7891     1.1253    95.9300 1.0000e-12  -74.13500 -115.55644  53.388624      89.80 2.2044e+01    575.141      13804  1028.6873  1028.6873     4.5508     0.2048     0.1228    34.0702    34.0702    8.46239         24 0.0000e+00
    263.000    260.114    -1.8224  26.939598    -1.8221  26.939822     6.5916     6.7929     1.0074    95.3500 1.0000e-12  -74.13500 -115.55642  53.388636      98.96 2.2109e+01    576.136      13828  1028.6925  1028.6924     4.5233     0.2277     0.1326    34.0707    34.0706    8.46267         24 0.0000e+00
    264.000    261.101    -1.8238  26.939629    -1.8233  26.939981     6.6021     6.7920     1.0245    95.8504 1.0000e-12  -74.13500 -115.55644  53.388647      99.86 2.4285e+01    577.120      13852  1028.6980  1028.6980     4.5470     0.2640     0.1226    34.0717    34.0715    8.46292         23 0.0000e+00
    265.000    262.090    -1.8237  26.941017    -1.8233  26.941390     6.6038     6.7866     0.7780    96.4127 1.0000e-12  -74.13500 -115.55642  53.388658      99.87 2.3803e+01    578.096      13875  1028.7038  1028.7037     4.5737     0.2385     0.1436    34.0729    34.0729    8.46283         24 0.0000e+00
    266.000    263.078    -1.8182  26.947167    -1.8178  26.947326     6.6025     6.7871     0.8896    96.5003 1.0000e-12  -74.13500 -115.55644  53.388670      99.86 2.2416e+01    579.095      13899  1028.7094  1028.7092     4.5779     0.2359     0.1188    34.0744    34.0742    8.46147         24 0.0000e+00
    267.000    264.067    -1.8142  26.951921    -1.8136  26.952106     6.6022     6.7870     0.8554    95.9790 1.0000e-12  -74.13500 -115.55644  53.388682      99.86 2.3853e+01    580.091      13923  1028.7150  1028.7147     4.5531     0.2504     0.1215    34.0758    34.0755    8.46047         24 0.0000e+00
    268.000    265.055    -1.8116  26.954883    -1.8113  26.955297     6.6008     6.7780     0.9708    94.8987 1.0000e-12  -74.13500 -115.55644  53.388693      99.86 2.3086e+01    581.065      13947  1028.7202  1028.7202     4.5019     0.2766     0.1244    34.0764    34.0766    8.45985         23 0.0000e+00
    269.000    266.044    -1.8166  26.952106    -1.8161  26.952374     6.6003     6.7794     1.0929    95.7854 1.0000e-12  -74.13500 -115.55644  53.388704      99.86 2.2698e+01    582.059      13970  1028.7262  1028.7260     4.5440     0.2658     0.1187    34.0776    34.0774    8.46091         24 0.0000e+00
    270.000    267.031    -1.8180  26.951586    -1.8175  26.951892     6.5891     6.7832     0.9959    95.9647 1.0000e-12  -74.13500 -115.55644  53.388716      99.87 2.4175e+01    583.069      13995  1028.7312  1028.7312     4.5524     0.1943     0.1207    34.0778    34.0777    8.46122         24 0.0000e+00
    271.000    268.018    -1.8182  26.952263    -1.8178  26.952555     6.5957     6.7870     0.8112    96.9454 1.0000e-12  -74.13500 -115.55644  53.388727      99.87 2.3915e+01    584.037      14018  1028.7366  1028.7365     4.5989     0.2225     0.1217    34.0784    34.0783    8.46124         23 0.0000e+00
    272.000    269.012    -1.8171  26.954925    -1.8165  26.955231     6.6045     6.7878     0.8149    96.7021 1.0000e-12  -74.13500 -115.55644  53.388739      99.87 2.0964e+01    585.011      14041  1028.7426  1028.7424     4.5874     0.2030     0.1197    34.0802    34.0800    8.46087         24 0.0000e+00
    273.000    269.996    -1.8138  26.958705    -1.8133  26.958899     6.6074     6.7900     1.0915    95.7986 1.0000e-12  -74.13500 -115.55644  53.388750      99.86 2.4398e+01    586.024      14066  1028.7480  1028.7477     4.5446     0.2362     0.1158    34.0811    34.0808    8.46007         24 0.0000e+00
    274.000    270.985    -1.8088  26.964247    -1.8084  26.964409     6.6031     6.7937     1.2658    96.0834 1.0000e-12  -74.13500 -115.55644  53.388762      99.86 2.4163e+01    587.035      14090  1028.7535  1028.7533     4.5581     0.2845     0.1321    34.0824    34.0822    8.45884         24 0.0000e+00
    275.000    271.972    -1.8038  26.969487    -1.8031  26.969797     6.6048     6.7886     0.8623    96.2144 1.0000e-12  -74.13500 -115.55644  53.388773      89.93 2.1747e+01    588.019      14113  1028.7587  1028.7585     4.5643     0.2088     0.1331    34.0833    34.0831    8.45763         24 0.0000e+00
    276.000    272.963    -1.8065  26.967921    -1.8062  26.968249     6.6050     6.7801     1.0720    95.8800 1.0000e-12  -74.13500 -115.55644  53.388785      96.91 2.4099e+01    589.024      14138  1028.7640  1028.7640     4.5485     0.2012     0.1277    34.0837    34.0837    8.45824         24 0.0000e+00
    277.000    273.950    -1.8073  26.968129    -1.8069  26.968331     6.5980     6.7846     1.8538    96.1207 1.0000e-12  -74.13500 -115.55644  53.388797      99.90 2.3572e+01    590.032      14162  1028.7693  1028.7692     4.5601     0.1867     0.1174    34.0842    34.0840    8.45838         24 0.0000e+00
    278.000    274.938    -1.8158  26.961143    -1.8152  26.961645     6.5966     6.7825     1.1447    96.8909 1.0000e-12  -74.13500 -115.55644  53.388808      99.87 2.1234e+01    591.019      14185  1028.7742  1028.7742     4.5962     0.1954     0.1157    34.0837    34.0836    8.46037         24 0.0000e+00
    279.000    275.927    -1.8223  26.956554    -1.8218  26.956840     6.5915     6.7764     0.9633    96.5229 1.0000e-12  -74.13500 -115.55644  53.388819      99.87 2.4201e+01    591.994      14209  1028.7798  1028.7796     4.5789     0.1687     0.1181    34.0841    34.0839    8.46183         23 0.0000e+00
    280.000    276.915    -1.8253  26.954587    -1.8250  26.954758     6.5897     6.7796     1.2872    96.5780 1.0000e-12  -74.13500 -115.55644  53.388831      99.87 2.3874e+01    592.974      14232  1028.7848  1028.7847     4.5816     0.1869     0.1182    34.0842    34.0840    8.46252         24 0.0000e+00
    281.000    277.902    -1.8270  26.953840    -1.8266  26.953937     6.5891     6.7827     1.0831    96.6080 1.0000e-12  -74.13500 -115.55644  53.388842      99.87 2.1599e+01    593.965      14256  1028.7898  1028.7896     4.5829     0.2053     0.1186    34.0844    34.0841    8.46288         23 0.0000e+00
    282.000    278.894    -1.8288  26.953195    -1.8284  26.953290     6.5952     6.7831     0.6475    96.4118 1.0000e-12  -74.13500 -115.55644  53.388854      99.86 2.3099e+01    594.961      14280  1028.7951  1028.7949     4.5737     0.2303     0.1218    34.0850    34.0846    8.46326         24 0.0000e+00
    283.000    279.879    -1.8220  26.960265    -1.8230  26.959101     6.6004     6.7826     0.7657    96.5722 1.0000e-12  -74.13500 -115.55644  53.388865      99.86 2.4241e+01    595.939      14304  1028.8006  1028.8003     4.5813     0.2102     0.1215    34.0864    34.0859    8.46163         24 0.0000e+00
    284.000    280.868    -1.8189  26.963550    -1.8186  26.963614     6.5914     6.7828     0.8176    96.8758 1.0000e-12  -74.13500 -115.55644  53.388876      99.86 2.1918e+01    596.918      14327  1028.8055  1028.8053     4.5956     0.3025     0.1257    34.0868    34.0865    8.46089         23 0.0000e+00
    285.000    281.857    -1.8192  26.963595    -1.8185  26.964159     6.5980     6.7810     0.5840    96.8582 1.0000e-12  -74.13500 -115.55644  53.388888      99.87 2.1667e+01    597.904      14351  1028.8102  1028.8101     4.5948     0.1928     0.1173    34.0866    34.0865    8.46098         24 0.0000e+00
    286.000    282.845    -1.8138  26.969537    -1.8130  26.969770     6.5823     6.7743     1.2125    96.8273 1.0000e-12  -74.13500 -115.55644  53.388899      99.87 2.4386e+01    598.896      14374  1028.8157  1028.8153     4.5934     0.1979     0.1151    34.0879    34.0874    8.45964         24 0.0000e+00
    287.000    283.833    -1.8089  26.974698    -1.8084  26.974839     6.5824     6.7730     0.7416    96.6743 1.0000e-12  -74.13500 -115.55644  53.388910      99.86 2.2705e+01    599.865      14398  1028.8210  1028.8207     4.5861     0.2266     0.1183    34.0889    34.0886    8.45846         23 0.0000e+00
    288.000    284.821    -1.8060  26.977892    -1.8055  26.978078     6.5964     6.7767     0.9494    96.4860 1.0000e-12  -74.13500 -115.55644  53.388922      96.46 2.1747e+01    600.849      14421  1028.8261  1028.8259     4.5771     0.2029     0.1183    34.0894    34.0892    8.45778         24 0.0000e+00
    289.000    285.809    -1.8040  26.980428    -1.8035  26.980705     6.5973     6.7787     0.9029    96.5707 1.0000e-12  -74.13500 -115.55644  53.388934      92.14 2.4118e+01    601.865      14446  1028.8313  1028.8311     4.5812     0.2111     0.1166    34.0901    34.0898    8.45729         24 0.0000e+00
    290.000    286.797    -1.8040  26.981280    -1.8035  26.981560     6.6006     6.7775     0.7666    96.8233 1.0000e-12  -74.13500 -115.55644  53.388945      99.98 2.3496e+01    602.868      14470  1028.8365  1028.8364     4.5932     0.1610     0.1202    34.0905    34.0904    8.45724         24 0.0000e+00
    291.000    287.787    -1.8052  26.981333    -1.8044  26.981704     6.5775     6.7814     0.7062    96.3992 1.0000e-12  -74.13500 -115.55644  53.388957      99.86 2.2693e+01    603.859      14494  1028.8421  1028.8418     4.5731     0.2302     0.1241    34.0914    34.0910    8.45747         24 0.0000e+00
    292.000    288.775    -1.7899  26.995685    -1.7889  26.996002     6.5982     6.7746     1.0816    96.9098 1.0000e-12  -74.13500 -115.55644  53.388968      99.86 2.4552e+01    604.865      14518  1028.8474  1028.8469     4.5973     0.2559     0.1174    34.0931    34.0925    8.45386         24 0.0000e+00
    293.000    289.762    -1.7858  26.999782    -1.7851  27.000048     6.5887     6.7760     1.4588    96.6806 1.0000e-12  -74.13500 -115.55644  53.388980      99.86 2.3758e+01    605.882      14542  1028.8524  1028.8520     4.5864     0.2448     0.1206    34.0936    34.0931    8.45291         25 0.0000e+00
    294.000    290.752    -1.7826  27.003154    -1.7823  27.003102     6.5961     6.7796     1.0162    96.6504 1.0000e-12  -74.13500 -115.55644  53.388992      99.87 2.1386e+01    606.891      14566  1028.8574  1028.8570     4.5849     0.1987     0.1218    34.0940    34.0935    8.45216         24 0.0000e+00
    295.000    291.738    -1.7843  27.002021    -1.7836  27.002406     6.5966     6.7731     0.6404    96.3876 1.0000e-12  -74.13500 -115.55644  53.389003      99.87 2.5000e+01    607.883      14590  1028.8622  1028.8619     4.5725     0.1739     0.1183    34.0937    34.0935    8.45256         24 0.0000e+00
    296.000    292.729    -1.7873  27.000222    -1.7867  27.000296     6.5848     6.7794     0.7592    96.8835 1.0000e-12  -74.13500 -115.55644  53.389015      99.86 2.3677e+01    608.878      14614  1028.8674  1028.8670     4.5960     0.2599     0.1180    34.0940    34.0935    8.45322         24 0.0000e+00
    297.000    293.715    -1.7868  27.001254    -1.7863  27.001449     6.5875     6.7862     0.6447    96.5345 1.0000e-12  -74.13500 -115.55644  53.389027      99.87 2.0797e+01    609.893      14638  1028.8724  1028.8722     4.5795     0.1807     0.1148    34.0942    34.0940    8.45309         24 0.0000e+00
    298.000    294.703    -1.7843  27.004269    -1.7837  27.004381     6.5896     6.7808     0.9462    96.8348 1.0000e-12  -74.13500 -115.55644  53.389038      99.87 2.4338e+01    610.903      14663  1028.8777  1028.8772     4.5937     0.1735     0.1223    34.0950    34.0944    8.45249         24 0.0000e+00
    299.000    295.692    -1.7817  27.007330    -1.7809  27.007605     6.5886     6.7773     0.9008    96.8619 1.0000e-12  -74.13500 -115.55644  53.389049      99.87 2.3761e+01    611.873      14686  1028.8829  1028.8824     4.5950     0.1610     0.1208    34.0956    34.0951    8.45185         23 0.0000e+00
    300.000    296.681    -1.7731  27.015558    -1.7723  27.015758     6.5925     6.7755     0.6129    96.7772 1.0000e-12  -74.13500 -115.55644  53.389061      99.87 2.1383e+01    612.851      14709  1028.8879  1028.8874     4.5910     0.2377     0.1182    34.0965    34.0959    8.44983         24 0.0000e+00
    301.000    297.668    -1.7720  27.016717    -1.7715  27.016944     6.5922     6.7714     0.5618    96.7013 1.0000e-12  -74.13500 -115.55643  53.389073      99.87 2.3464e+01    613.867      14734  1028.8926  1028.8924     4.5873     0.1677     0.1192    34.0963    34.0960    8.44960         25 0.0000e+00
    302.000    298.657    -1.7846  27.006334    -1.7851  27.006040     6.5856     6.7685     0.6034    96.6092 1.0000e-12  -74.13500 -115.55643  53.389084      95.46 2.4295e+01    614.872      14758  1028.8977  1028.8979     4.5830     0.2301     0.1201    34.0956    34.0958    8.45251         23 0.0000e+00
    303.000    299.644    -1.7887  27.004645    -1.7880  27.004761     6.5801     6.7623     0.7954    96.6062 1.0000e-12  -74.13500 -115.55643  53.389096      99.91 2.2159e+01    615.865      14782  1028.9042  1028.9037     4.5829     0.2625     0.1217    34.0974    34.0968    8.45335         24 0.0000e+00
    304.000    300.634    -1.7890  27.004965    -1.7885  27.005084     6.5942     6.7672     0.9468    97.0476 1.0000e-12  -74.13500 -115.55643  53.389107      99.87 2.3812e+01    616.862      14806  1028.9091  1028.9088     4.6037     0.1605     0.1156    34.0975    34.0972    8.45340         24 0.0000e+00
    305.000    301.623    -1.7906  27.004918    -1.7899  27.005108     6.5886     6.7736     0.8349    96.4494 1.0000e-12  -74.13500 -115.55643  53.389119      99.87 2.3948e+01    617.869      14830  1028.9149  1028.9145     4.5755     0.1466     0.1206    34.0987    34.0982    8.45370         24 0.0000e+00
    306.000    302.609    -1.7901  27.006114    -1.7894  27.006296     6.5861     6.7759     0.8090    96.8660 1.0000e-12  -74.13500 -115.55643  53.389130      99.87 2.1482e+01    618.871      14854  1028.9200  1028.9196     4.5951     0.1470     0.1140    34.0991    34.0986    8.45355         24 0.0000e+00
    307.000    303.597    -1.7875  27.009517    -1.7870  27.009737     6.5898     6.7800     0.5882    96.6675 1.0000e-12  -74.13500 -115.55643  53.389142      99.87 2.3472e+01    619.870      14878  1028.9256  1028.9254     4.5858     0.1685     0.1161    34.1003    34.1000    8.45290         25 0.0000e+00
    308.000    304.587    -1.7870  27.010666    -1.7863  27.011102     6.5805     6.7763     1.1020    96.9760 1.0000e-12  -74.13500 -115.55642  53.389154      99.87 2.3937e+01    620.877      14902  1028.9307  1028.9305     4.6004     0.1602     0.1211    34.1007    34.1005    8.45276         24 0.0000e+00
    309.000    305.574    -1.7875  27.011059    -1.7868  27.011342     6.5837     6.7698     0.8409    96.5624 1.0000e-12  -74.13500 -115.55642  53.389165      99.87 2.2111e+01    621.895      14926  1028.9359  1028.9356     4.5808     0.1434     0.1141    34.1012    34.1008    8.45285         25 0.0000e+00
    310.000    306.562    -1.7877  27.011455    -1.7871  27.011648     6.5871     6.7654     0.8690    96.5715 1.0000e-12  -74.13500 -115.55643  53.389177      99.87 2.3538e+01    622.911      14951  1028.9409  1028.9405     4.5812     0.1576     0.1141    34.1014    34.1009    8.45288         24 0.0000e+00
    311.000    307.551    -1.7882  27.011528    -1.7875  27.011928     6.5861     6.7624     0.8161    96.9431 1.0000e-12  -74.13500 -115.55643  53.389189      99.87 2.4514e+01    623.918      14975  1028.9457  1028.9455     4.5988     0.1591     0.1162    34.1014    34.1012    8.45299         24 0.0000e+00
