ocean_section_plots/required_files/ctd/dnbp2202_ctd068.cnv
* Sea-Bird SBE 9 Data File:
* FileName = D:\Data\raw\NBP2202_CTD068.hex
* Software Version Seasave V 7.26.7.121
* Temperature SN = 1649
* Conductivity SN = 2513
* Number of Bytes Per Scan = 40
* Number of Voltage Words = 5
* Number of Scans Averaged by the Deck Unit = 1
* NMEA Latitude = 74 11.19 S
* NMEA Longitude = 112 12.84 W
* NMEA UTC (Time) = Jan 26 2022  00:25:24
* NMEA baud rate = 9600
** Ship: RVIB N.B. Palmer
** Cruise: NBP2202 Thwaites
** Station: 49
** Operator: A. Robinson
** N-S Transect Line
# nquan = 25
# nvalues = 911                         
# units = specified
# name 0 = prDM: Pressure, Digiquartz [db]
# name 1 = depSM: Depth [salt water, m]
# name 2 = t090C: Temperature [ITS-90, deg C]
# name 3 = c0mS/cm: Conductivity [mS/cm]
# name 4 = t190C: Temperature, 2 [ITS-90, deg C]
# name 5 = c1mS/cm: Conductivity, 2 [mS/cm]
# name 6 = sbeox0ML/L: Oxygen, SBE 43 [ml/l]
# name 7 = sbeox1ML/L: Oxygen, SBE 43, 2 [ml/l]
# name 8 = flECO-AFL: Fluorescence, WET Labs ECO-AFL/FL [mg/m^3]
# name 9 = CStarTr0: Beam Transmission, WET Labs C-Star [%]
# name 10 = par: PAR/Irradiance, Biospherical/Licor
# name 11 = latitude: Latitude [deg]
# name 12 = longitude: Longitude [deg]
# name 13 = timeJ: Julian Days
# name 14 = altM: Altimeter [m]
# name 15 = spar: SPAR, Biospherical/Licor
# name 16 = timeS: Time, Elapsed [seconds]
# name 17 = scan: Scan Count
# name 18 = density00: Density [density, kg/m^3]
# name 19 = density11: Density, 2 [density, kg/m^3]
# name 20 = sal00: Salinity, Practical [PSU]
# name 21 = sal11: Salinity, Practical, 2 [PSU]
# name 22 = oxsolML/L: Oxygen Saturation, Garcia & Gordon [ml/l]
# name 23 = nbin: number of scans per bin
# name 24 = flag: flag
# span 0 =      2.000,    912.000       
# span 1 =      1.963,    900.583       
# span 2 =    -1.7339,     0.5336       
# span 3 =  26.847188,  29.566182       
# span 4 =    -1.7336,     0.5355       
# span 5 =  26.847438,  29.566118       
# span 6 =     4.4094,     8.9581       
# span 7 =     4.7166,     9.2386       
# span 8 =    -0.0124,    30.1267       
# span 9 =    60.9934,    96.1596       
# span 10 = -4.303e-04, 2.9545e+02      
# span 11 =  -74.18665,  -74.18662      
# span 12 = -112.21410, -112.21402      
# span 13 =  26.020591,  26.034998      
# span 14 =       3.61,     128.59      
# span 15 = 7.2278e+02, 7.6987e+02      
# span 16 =    255.090,   1499.824      
# span 17 =       6123,      35997      
# span 18 =  1027.2124,  1032.0083      
# span 19 =  1027.2138,  1032.0063      
# span 20 =    33.8328,    34.5557      
# span 21 =    33.8330,    34.5533      
# span 22 =    7.92456,    8.45128      
# span 23 =          3,         46      
# span 24 = 0.0000e+00, 0.0000e+00      
# interval = decibars: 1                
# start_time = Jan 26 2022 00:25:24 [NMEA time, header]
# bad_flag = -9.990e-29
*END*
[from data line 638]
    640.000    632.399     0.1562  29.046881     0.1578  29.046223     4.7741     4.9598    -0.0008    96.0528 1.0000e-12  -74.18664 -112.21406  26.030753      99.83 7.5275e+02   1133.085      27195  1030.6836  1030.6814    34.4530    34.4503    8.00823         30 0.0000e+00
    641.000    633.386     0.1568  29.048038     0.1586  29.047595     4.7483     4.9536    -0.0006    96.0669 1.0000e-12  -74.18664 -112.21406  26.030768      99.84 7.5275e+02   1134.340      27225  1030.6885  1030.6863    34.4532    34.4506    8.00808         30 0.0000e+00
    642.000    634.372     0.1589  29.050700     0.1607  29.050336     4.7456     4.9572     0.0055    96.0607 1.0000e-12  -74.18664 -112.21404  26.030782      99.83 7.5275e+02   1135.531      27254  1030.6935  1030.6914    34.4538    34.4513    8.00761         27 0.0000e+00
    643.000    635.359     0.1635  29.056387     0.1665  29.057151     4.7637     4.9605     0.0112    96.0462 1.0000e-12  -74.18664 -112.21404  26.030794      76.98 7.5275e+02   1136.607      27280  1030.6992  1030.6970    34.4555    34.4532    8.00656         24 0.0000e+00
    644.000    636.345     0.1676  29.061080     0.1695  29.060762     4.7453     4.9596     0.0036    96.0759 1.0000e-12  -74.18664 -112.21404  26.030806      93.28 7.5275e+02   1137.643      27304  1030.7043  1030.7022    34.4566    34.4540    8.00565         25 0.0000e+00
    645.000    637.333     0.1684  29.062408     0.1704  29.062133     4.7487     4.9570     0.0019    96.0835 1.0000e-12  -74.18664 -112.21404  26.030819      99.88 7.5275e+02   1138.734      27331  1030.7092  1030.7070    34.4568    34.4542    8.00546         28 0.0000e+00
    646.000    638.318     0.1690  29.063421     0.1710  29.063141     4.7489     4.9542     0.0062    96.0669 1.0000e-12  -74.18664 -112.21404  26.030833      99.83 7.5275e+02   1139.947      27360  1030.7140  1030.7118    34.4569    34.4543    8.00534         30 0.0000e+00
    647.000    639.305     0.1703  29.065221     0.1723  29.064933     4.7451     4.9488    -0.0068    96.0656 1.0000e-12  -74.18664 -112.21404  26.030847      99.84 7.5275e+02   1141.176      27389  1030.7189  1030.7167    34.4573    34.4546    8.00505         29 0.0000e+00
    648.000    640.292     0.1736  29.069333     0.1759  29.069151     4.7362     4.9530     0.0022    96.0797 1.0000e-12  -74.18664 -112.21404  26.030860      99.84 7.5234e+02   1142.316      27417  1030.7242  1030.7217    34.4584    34.4555    8.00430         26 0.0000e+00
    649.000    641.278     0.1766  29.072653     0.1784  29.072202     4.7304     4.9478     0.0098    96.0766 1.0000e-12  -74.18664 -112.21404  26.030873      99.83 7.5173e+02   1143.407      27443  1030.7290  1030.7268    34.4588    34.4562    8.00365         26 0.0000e+00
    650.000    642.265     0.1786  29.075276     0.1805  29.074850     4.7383     4.9435     0.0020    96.0682 1.0000e-12  -74.18664 -112.21404  26.030886      99.83 7.5151e+02   1144.509      27469  1030.7340  1030.7318    34.4594    34.4568    8.00320         27 0.0000e+00
    651.000    643.252     0.1800  29.077096     0.1816  29.076406     4.7481     4.9499    -0.0009    96.0402 1.0000e-12  -74.18664 -112.21404  26.030899      99.84 7.5218e+02   1145.646      27497  1030.7388  1030.7366    34.4597    34.4570    8.00289         28 0.0000e+00
    652.000    644.238     0.1802  29.077671     0.1821  29.077402     4.7400     4.9520    -0.0004    96.0629 1.0000e-12  -74.18664 -112.21404  26.030912      99.84 7.5257e+02   1146.831      27525  1030.7435  1030.7414    34.4596    34.4572    8.00285         29 0.0000e+00
    653.000    645.223     0.1800  29.077821     0.1820  29.077689     4.7413     4.9526    -0.0004    96.0515 1.0000e-12  -74.18664 -112.21404  26.030926      99.83 7.5154e+02   1148.036      27554  1030.7482  1030.7461    34.4595    34.4570    8.00291         29 0.0000e+00
    654.000    646.213     0.1794  29.077710     0.1813  29.077445     4.7412     4.9467    -0.0004    96.0659 1.0000e-12  -74.18664 -112.21404  26.030940      75.42 7.5137e+02   1149.224      27582  1030.7529  1030.7508    34.4594    34.4569    8.00303         28 0.0000e+00
    655.000    647.197     0.1795  29.078337     0.1818  29.078446     4.7452     4.9437    -0.0007    96.0903 1.0000e-12  -74.18664 -112.21404  26.030953      85.42 7.5099e+02   1150.379      27610  1030.7577  1030.7556    34.4595    34.4571    8.00300         27 0.0000e+00
    656.000    648.184     0.1826  29.081993     0.1849  29.082165     4.7316     4.9467     0.0064    96.0816 1.0000e-12  -74.18664 -112.21404  26.030966      94.11 7.5099e+02   1151.499      27637  1030.7627  1030.7607    34.4603    34.4579    8.00231         27 0.0000e+00
    657.000    649.171     0.1832  29.082941     0.1850  29.082572     4.7392     4.9444    -0.0080    96.0759 1.0000e-12  -74.18664 -112.21404  26.030980      99.86 7.5099e+02   1152.631      27664  1030.7675  1030.7653    34.4603    34.4578    8.00220         27 0.0000e+00
    658.000    650.157     0.1828  29.083052     0.1844  29.082414     4.7404     4.9417     0.0123    96.0736 1.0000e-12  -74.18664 -112.21404  26.030993      99.84 7.5099e+02   1153.794      27692  1030.7722  1030.7700    34.4603    34.4577    8.00227         29 0.0000e+00
    659.000    651.145     0.1883  29.089369     0.1899  29.088641     4.7258     4.9336    -0.0008    96.0743 1.0000e-12  -74.18664 -112.21404  26.031007      99.83 7.5099e+02   1154.971      27720  1030.7777  1030.7753    34.4619    34.4591    8.00105         28 0.0000e+00
    660.000    652.129     0.1934  29.095022     0.1956  29.094865     4.7060     4.9347     0.0011    96.0727 1.0000e-12  -74.18664 -112.21404  26.031020      99.84 7.5099e+02   1156.167      27749  1030.7828  1030.7805    34.4630    34.4604    7.99992         29 0.0000e+00
    661.000    653.117     0.1963  29.098479     0.1984  29.098177     4.7234     4.9338     0.0069    96.0613 1.0000e-12  -74.18664 -112.21404  26.031034      99.84 7.5099e+02   1157.367      27778  1030.7878  1030.7855    34.4637    34.4610    7.99927         29 0.0000e+00
    662.000    654.104     0.1983  29.100904     0.2000  29.100432     4.7425     4.9300     0.0038    96.0736 1.0000e-12  -74.18664 -112.21404  26.031048      99.83 7.5029e+02   1158.510      27805  1030.7926  1030.7905    34.4641    34.4615    7.99883         26 0.0000e+00
    663.000    655.090     0.1999  29.103251     0.2022  29.103244     4.7312     4.9355     0.0055    96.0618 1.0000e-12  -74.18664 -112.21404  26.031060      99.83 7.4949e+02   1159.606      27832  1030.7978  1030.7956    34.4648    34.4623    7.99846         26 0.0000e+00
    664.000    656.076     0.2043  29.108392     0.2061  29.107859     4.7293     4.9361     0.0143    96.0482 1.0000e-12  -74.18664 -112.21404  26.031073      99.84 7.4942e+02   1160.707      27858  1030.8032  1030.8008    34.4661    34.4633    7.99748         27 0.0000e+00
    665.000    657.062     0.2054  29.109789     0.2067  29.108886     4.7171     4.9334     0.0073    96.0732 1.0000e-12  -74.18664 -112.21405  26.031086      99.83 7.4954e+02   1161.846      27885  1030.8078  1030.8056    34.4661    34.4634    7.99725         28 0.0000e+00
    666.000    658.050     0.2086  29.113868     0.2106  29.113501     4.7144     4.9293     0.0075    96.0624 1.0000e-12  -74.18664 -112.21405  26.031100      76.99 7.4922e+02   1163.010      27913  1030.8132  1030.8109    34.4673    34.4646    7.99652         28 0.0000e+00
    667.000    659.035     0.2146  29.120832     0.2171  29.120871     4.7133     4.9263     0.0143    96.0439 1.0000e-12  -74.18664 -112.21406  26.031113      90.25 7.4922e+02   1164.190      27942  1030.8188  1030.8165    34.4692    34.4664    7.99517         28 0.0000e+00
    668.000    660.022     0.2185  29.125522     0.2204  29.124905     4.7166     4.9262     0.0143    96.0628 1.0000e-12  -74.18664 -112.21404  26.031127      98.33 7.4922e+02   1165.362      27970  1030.8241  1030.8217    34.4703    34.4674    7.99428         29 0.0000e+00
    669.000    661.010     0.2266  29.134789     0.2265  29.132007     4.7225     4.9298     0.0143    96.0720 1.0000e-12  -74.18664 -112.21405  26.031140      99.82 7.4922e+02   1166.537      27998  1030.8302  1030.8274    34.4729    34.4694    7.99246         27 0.0000e+00
    670.000    661.994     0.2320  29.141105     0.2343  29.141152     4.7152     4.9293     0.0079    96.0612 1.0000e-12  -74.18664 -112.21405  26.031154      99.84 7.4922e+02   1167.707      28026  1030.8358  1030.8336    34.4746    34.4720    7.99125         28 0.0000e+00
    671.000    662.981     0.2332  29.142756     0.2347  29.142051     4.7055     4.9196     0.0130    96.0460 1.0000e-12  -74.18664 -112.21405  26.031167      99.83 7.4889e+02   1168.857      28054  1030.8407  1030.8385    34.4748    34.4722    7.99099         27 0.0000e+00
    672.000    663.969     0.2344  29.144513     0.2361  29.144010     4.7194     4.9230     0.0077    96.0840 1.0000e-12  -74.18664 -112.21405  26.031180      99.84 7.4830e+02   1169.974      28080  1030.8456  1030.8434    34.4752    34.4726    7.99071         27 0.0000e+00
    673.000    664.955     0.2343  29.144643     0.2360  29.144201     4.7053     4.9263     0.0004    96.0844 1.0000e-12  -74.18664 -112.21404  26.031193      99.83 7.4747e+02   1171.096      28107  1030.8502  1030.8480    34.4750    34.4724    7.99076         28 0.0000e+00
    674.000    665.941     0.2344  29.145290     0.2364  29.145064     4.7093     4.9282    -0.0004    96.0834 1.0000e-12  -74.18664 -112.21406  26.031207      99.84 7.4746e+02   1172.279      28136  1030.8550  1030.8529    34.4750    34.4726    7.99072         29 0.0000e+00
    675.000    666.927     0.2342  29.145228     0.2361  29.144944     4.7167     4.9231    -0.0004    96.0704 1.0000e-12  -74.18664 -112.21405  26.031221      99.83 7.4746e+02   1173.523      28166  1030.8595  1030.8574    34.4747    34.4722    7.99079         30 0.0000e+00
    676.000    667.914     0.2342  29.145616     0.2361  29.145392     4.7089     4.9151    -0.0007    96.0614 1.0000e-12  -74.18664 -112.21405  26.031235      99.84 7.4769e+02   1174.732      28195  1030.8642  1030.8621    34.4746    34.4722    7.99079         27 0.0000e+00
    677.000    668.900     0.2358  29.147997     0.2375  29.147454     4.7044     4.9167    -0.0007    96.0732 1.0000e-12  -74.18664 -112.21405  26.031248      90.68 7.4746e+02   1175.853      28221  1030.8693  1030.8671    34.4753    34.4727    7.99041         27 0.0000e+00
    678.000    669.887     0.2377  29.150387     0.2386  29.148975     4.7155     4.9212    -0.0031    96.0891 1.0000e-12  -74.18664 -112.21405  26.031261      89.80 7.4694e+02   1176.947      28248  1030.8742  1030.8719    34.4758    34.4729    7.99000         27 0.0000e+00
    679.000    670.873     0.2431  29.156611     0.2438  29.155086     4.6861     4.9216    -0.0046    96.0844 1.0000e-12  -74.18664 -112.21406  26.031274      98.85 7.4646e+02   1178.091      28275  1030.8797  1030.8774    34.4773    34.4745    7.98879         28 0.0000e+00
    680.000    671.860     0.2446  29.158694     0.2461  29.158008     4.7040     4.9195     0.0061    96.0825 1.0000e-12  -74.18664 -112.21404  26.031288      99.84 7.4633e+02   1179.274      28304  1030.8847  1030.8825    34.4778    34.4752    7.98845         28 0.0000e+00
    681.000    672.847     0.2459  29.160600     0.2482  29.160668     4.7741     4.9202     0.0066    96.0752 1.0000e-12  -74.18664 -112.21404  26.031301      99.84 7.4608e+02   1180.441      28332  1030.8896  1030.8875    34.4783    34.4758    7.98816         28 0.0000e+00
    682.000    673.832     0.2472  29.162340     0.2490  29.162066     4.6799     4.9129     0.0028    96.0902 1.0000e-12  -74.18664 -112.21404  26.031315      99.84 7.4635e+02   1181.584      28359  1030.8944  1030.8924    34.4784    34.4761    7.98787         27 0.0000e+00
    683.000    674.818     0.2488  29.164644     0.2508  29.164341     4.7057     4.9175     0.0029    96.0790 1.0000e-12  -74.18664 -112.21404  26.031328      99.84 7.4589e+02   1182.749      28387  1030.8996  1030.8973    34.4792    34.4766    7.98750         29 0.0000e+00
    684.000    675.805     0.2497  29.166068     0.2517  29.165851     4.7047     4.9237     0.0019    96.0715 1.0000e-12  -74.18664 -112.21404  26.031342      99.84 7.4570e+02   1183.943      28416  1030.9045  1030.9023    34.4794    34.4770    7.98730         28 0.0000e+00
    685.000    676.792     0.2514  29.168488     0.2532  29.168036     4.7044     4.9237    -0.0012    96.0978 1.0000e-12  -74.18664 -112.21404  26.031355      99.83 7.4570e+02   1185.082      28443  1030.9096  1030.9073    34.4802    34.4775    7.98692         27 0.0000e+00
    686.000    677.779     0.2567  29.175305     0.2586  29.174648     4.7185     4.9131    -0.0013    96.1022 1.0000e-12  -74.18664 -112.21404  26.031368      99.84 7.4570e+02   1186.162      28469  1030.9157  1030.9132    34.4826    34.4796    7.98568         25 0.0000e+00
    687.000    678.763     0.2659  29.185637     0.2681  29.185566     4.6997     4.9109     0.0187    96.0719 1.0000e-12  -74.18664 -112.21404  26.031380      99.84 7.4556e+02   1187.258      28495  1030.9217  1030.9195    34.4853    34.4827    7.98362         27 0.0000e+00
    688.000    679.751     0.2751  29.195988     0.2771  29.195528     4.7011     4.9159     0.0131    96.0956 1.0000e-12  -74.18664 -112.21404  26.031394      81.52 7.4542e+02   1188.452      28524  1030.9276  1030.9252    34.4879    34.4851    7.98155         31 0.0000e+00
    689.000    680.737     0.2806  29.202127     0.2827  29.202007     4.6986     4.9142     0.0002    96.0756 1.0000e-12  -74.18664 -112.21404  26.031409      90.54 7.4510e+02   1189.697      28554  1030.9330  1030.9308    34.4893    34.4867    7.98035         29 0.0000e+00
    690.000    681.723     0.2850  29.207427     0.2865  29.206617     4.6957     4.9038     0.0061    96.0664 1.0000e-12  -74.18664 -112.21404  26.031422      99.81 7.4407e+02   1190.872      28582  1030.9385  1030.9362    34.4907    34.4880    7.97935         27 0.0000e+00
    691.000    682.709     0.2918  29.215282     0.2946  29.215671     4.6844     4.9024    -0.0010    96.0638 1.0000e-12  -74.18664 -112.21404  26.031435      99.84 7.4394e+02   1191.979      28608  1030.9443  1030.9420    34.4928    34.4903    7.97782         26 0.0000e+00
    692.000    683.697     0.2982  29.222401     0.3000  29.221769     4.6999     4.9069    -0.0007    96.0759 1.0000e-12  -74.18664 -112.21404  26.031448      99.83 7.4394e+02   1193.083      28635  1030.9497  1030.9473    34.4944    34.4916    7.97641         27 0.0000e+00
    693.000    684.683     0.2976  29.222109     0.2996  29.221742     4.6980     4.8964     0.0056    96.0849 1.0000e-12  -74.18664 -112.21404  26.031461      99.84 7.4394e+02   1194.256      28663  1030.9544  1030.9521    34.4941    34.4915    7.97655         30 0.0000e+00
    694.000    685.669     0.3013  29.226322     0.3030  29.225730     4.6924     4.9018    -0.0030    96.0854 1.0000e-12  -74.18664 -112.21404  26.031476      99.83 7.4394e+02   1195.496      28693  1030.9595  1030.9572    34.4950    34.4923    7.97575         27 0.0000e+00
    695.000    686.656     0.3035  29.229148     0.3050  29.228480     4.6863     4.8977    -0.0069    96.0956 1.0000e-12  -74.18664 -112.21404  26.031489      99.84 7.4394e+02   1196.654      28721  1030.9646  1030.9624    34.4957    34.4930    7.97525         26 0.0000e+00
    696.000    687.642     0.3038  29.229802     0.3067  29.230565     4.6888     4.9003     0.0056    96.0929 1.0000e-12  -74.18664 -112.21404  26.031501      99.84 7.4394e+02   1197.720      28746  1030.9692  1030.9672    34.4955    34.4933    7.97518         25 0.0000e+00
