ocean_section_plots/required_files/ctd/dnbp2202_ctd091.cnv
* Sea-Bird SBE 9 Data File:
* FileName = D:\Data\raw\NBP2202_CTD091.hex
* Software Version Seasave V 7.26.7.121
* Temperature SN = 1649
* Conductivity SN = 2513
* Number of Bytes Per Scan = 40
* Number of Voltage Words = 5
* Number of Scans Averaged by the Deck Unit = 1
* NMEA Latitude = 74 10.51 S
* NMEA Longitude = 113 20.67 W
* NMEA UTC (Time) = Jan 26 2022  22:09:58
* NMEA baud rate = 9600
** Ship: RVIB N.B. Palmer
** Cruise: NBP2202 Thwaites
** Station: YoYo001
** Operator: A. Robinson
# nquan = 25
# nvalues = 607                         
# units = specified
# name 0 = prDM: Pressure, Digiquartz [db]
# name 1 = depSM: Depth [salt water, m]
# name 2 = t090C: Temperature [ITS-90, deg C]
# name 3 = c0mS/cm: Conductivity [mS/cm]
# name 4 = t190C: Temperature, 2 [ITS-90, deg C]
# name 5 = c1mS/cm: Conductivity, 2 [mS/cm]
# name 6 = sbeox0ML/L: Oxygen, SBE 43 [ml/l]
# name 7 = sbeox1ML/L: Oxygen, SBE 43, 2 [ml/l]
# name 8 = flECO-AFL: Fluorescence, WET Labs ECO-AFL/FL [mg/m^3]
# name 9 = CStarTr0: Beam Transmission, WET Labs C-Star [%]
# name 10 = par: PAR/Irradiance, Biospherical/Licor
# name 11 = latitude: Latitude [deg]
# name 12 = longitude: Longitude [deg]
# name 13 = timeJ: Julian Days
# name 14 = altM: Altimeter [m]
# name 15 = spar: SPAR, Biospherical/Licor
# name 16 = timeS: Time, Elapsed [seconds]
# name 17 = scan: Scan Count
# name 18 = density00: Density [density, kg/m^3]
# name 19 = density11: Density, 2 [density, kg/m^3]
# name 20 = sal00: Salinity, Practical [PSU]
# name 21 = sal11: Salinity, Practical, 2 [PSU]
# name 22 = oxsolML/L: Oxygen Saturation, Garcia & Gordon [ml/l]
# name 23 = nbin: number of scans per bin
# name 24 = flag: flag
# span 0 =     10.000,    616.000       
# span 1 =      9.896,    608.718       
# span 2 =    -1.5381,     0.1084       
# span 3 =  26.919868,  28.944006       
# span 4 =    -1.5368,     0.1105       
# span 5 =  26.920673,  28.943683       
# span 6 =     4.6812,     9.1337       
# span 7 =     4.7512,     9.0120       
# span 8 =    -0.0222,    28.4421       
# span 9 =    66.7773,    95.5322       
# span 10 = 1.0000e-12, 6.8412e+01      
# span 11 =  -74.17530,  -74.17530      
# span 12 = -113.34462, -113.34458      
# span 13 =  26.924000,  26.933095      
# span 14 =       4.13,      99.98      
# span 15 = 1.8704e+03, 1.8842e+03      
# span 16 =     35.596,    821.380      
# span 17 =        855,      19714      
# span 18 =  1027.2033,  1030.5197      
# span 19 =  1027.2087,  1030.5173      
# span 20 =    33.7762,    34.3856      
# span 21 =    33.7835,    34.3830      
# span 22 =    8.02197,    8.41237      
# span 23 =         15,         44      
# span 24 = 0.0000e+00, 0.0000e+00      
# interval = decibars: 1                
# start_time = Jan 26 2022 22:09:58 [NMEA time, header]
# bad_flag = -9.990e-29
*END*
[from data line 116]
    126.000    124.657    -1.3479  27.125269    -1.3453  27.126098     5.4125     5.4665     0.0605    95.2814 1.0000e-12  -74.17530 -113.34460  26.925552      99.87 1.8792e+03    169.702       4074  1027.8557  1027.8542    33.8724    33.8706    8.36700         27 0.0000e+00
    127.000    125.647    -1.3698  27.107970    -1.3670  27.109185     5.5225     5.5735     0.0653    95.2925 1.0000e-12  -74.17530 -113.34460  26.925565      99.87 1.8793e+03    170.848       4101  1027.8624  1027.8611    33.8728    33.8714    8.37189         28 0.0000e+00
    128.000    126.637    -1.3915  27.091169    -1.3878  27.093304     5.6600     5.6979     0.0385    95.2219 1.0000e-12  -74.17530 -113.34460  26.925579      99.87 1.8802e+03    172.004       4129  1027.8694  1027.8682    33.8737    33.8724    8.37672         28 0.0000e+00
    129.000    127.625    -1.4404  27.052296    -1.4395  27.052296     5.7529     5.7845     0.0448    95.1162 1.0000e-12  -74.17530 -113.34460  26.925592      99.87 1.8796e+03    173.149       4157  1027.8782  1027.8773    33.8749    33.8739    8.38764         27 0.0000e+00
    130.000    128.615    -1.4581  27.039768    -1.4568  27.039716     5.8110     5.8529     0.1385    95.3443 1.0000e-12  -74.17530 -113.34460  26.925605      99.86 1.8794e+03    174.291       4184  1027.8856  1027.8844    33.8771    33.8756    8.39151         27 0.0000e+00
    131.000    129.604    -1.4648  27.037859    -1.4630  27.037619     5.8500     5.9038     0.2037    95.3616 1.0000e-12  -74.17530 -113.34460  26.925619      99.87 1.8810e+03    175.438       4212  1027.8941  1027.8921    33.8815    33.8791    8.39276         28 0.0000e+00
    132.000    130.591    -1.4695  27.035979    -1.4688  27.035503     5.8606     5.9316     0.2295    95.3109 1.0000e-12  -74.17530 -113.34460  26.925632      99.44 1.8800e+03    176.587       4239  1027.9007  1027.8996    33.8836    33.8822    8.39369         27 0.0000e+00
    133.000    131.581    -1.4770  27.031180    -1.4751  27.031744     5.8845     5.9657     0.2858    95.2896 1.0000e-12  -74.17530 -113.34460  26.925645      99.75 1.8797e+03    177.739       4267  1027.9068  1027.9056    33.8849    33.8835    8.39532         28 0.0000e+00
    134.000    132.570    -1.4760  27.033808    -1.4763  27.032209     5.9319     6.0039     0.3384    95.1039 1.0000e-12  -74.17530 -113.34460  26.925658      99.87 1.8801e+03    178.891       4294  1027.9128  1027.9113    33.8868    33.8849    8.39498         28 0.0000e+00
    135.000    133.560    -1.4802  27.036007    -1.4787  27.035765     5.9477     6.0221     0.2829    94.9888 1.0000e-12  -74.17530 -113.34460  26.925672      99.87 1.8804e+03    180.031       4322  1027.9235  1027.9217    33.8939    33.8918    8.39549         27 0.0000e+00
    136.000    134.548    -1.4807  27.038499    -1.4795  27.037975     5.9301     6.0205     0.2412    94.9344 1.0000e-12  -74.17530 -113.34460  26.925685      99.87 1.8796e+03    181.176       4349  1027.9309  1027.9291    33.8973    33.8952    8.39540         28 0.0000e+00
    137.000    135.537    -1.4655  27.056046    -1.4642  27.055389     5.9176     6.0002     0.3021    94.9880 1.0000e-12  -74.17530 -113.34460  26.925698      99.87 1.8807e+03    182.330       4377  1027.9397  1027.9377    33.9036    33.9012    8.39159         28 0.0000e+00
    138.000    136.527    -1.4593  27.063727    -1.4569  27.064324     5.8925     5.9863     0.2883    95.0159 1.0000e-12  -74.17530 -113.34460  26.925712      99.87 1.8801e+03    183.480       4405  1027.9465  1027.9448    33.9066    33.9046    8.39003         27 0.0000e+00
    139.000    137.514    -1.4541  27.069098    -1.4520  27.069558     5.8634     5.9668     0.2602    94.8488 1.0000e-12  -74.17530 -113.34460  26.925725      99.86 1.8792e+03    184.629       4432  1027.9516  1027.9501    33.9074    33.9057    8.38880         27 0.0000e+00
    140.000    138.505    -1.4493  27.074189    -1.4485  27.073377     5.8453     5.9558     0.2313    94.8835 1.0000e-12  -74.17530 -113.34460  26.925738      99.87 1.8792e+03    185.777       4460  1027.9569  1027.9552    33.9084    33.9063    8.38767         28 0.0000e+00
    141.000    139.493    -1.4457  27.078210    -1.4446  27.077597     5.8116     5.9282     0.3698    94.9832 1.0000e-12  -74.17530 -113.34460  26.925751      99.87 1.8792e+03    186.919       4487  1027.9621  1027.9604    33.9092    33.9071    8.38680         27 0.0000e+00
    142.000    140.483    -1.4409  27.083564    -1.4404  27.082437     5.7709     5.8775     0.4473    94.7861 1.0000e-12  -74.17530 -113.34460  26.925765      99.87 1.8798e+03    188.067       4515  1027.9678  1027.9660    33.9105    33.9084    8.38565         28 0.0000e+00
    143.000    141.471    -1.4326  27.091623    -1.4309  27.091170     5.7345     5.8396     0.3749    94.7169 1.0000e-12  -74.17530 -113.34460  26.925778      89.48 1.8798e+03    189.229       4542  1027.9729  1027.9708    33.9115    33.9090    8.38371         28 0.0000e+00
    144.000    142.460    -1.4215  27.101992    -1.4190  27.102745     5.6530     5.7660     0.1812    94.9450 1.0000e-12  -74.17530 -113.34460  26.925792      99.27 1.8797e+03    190.387       4570  1027.9779  1027.9763    33.9126    33.9108    8.38115         28 0.0000e+00
    145.000    143.450    -1.4162  27.107935    -1.4133  27.108757     5.6077     5.7494     0.3541    94.7365 1.0000e-12  -74.17530 -113.34460  26.925805      99.86 1.8793e+03    191.528       4598  1027.9838  1027.9819    33.9141    33.9120    8.37986         27 0.0000e+00
    146.000    144.435    -1.3950  27.128229    -1.3946  27.126619     5.5226     5.6711     0.5452    95.0031 1.0000e-12  -74.17530 -113.34460  26.925818      99.87 1.8798e+03    192.658       4625  1027.9900  1027.9878    33.9174    33.9147    8.37490         26 0.0000e+00
    147.000    145.429    -1.3767  27.147557    -1.3750  27.147422     5.3424     5.4864     0.1709    94.9450 1.0000e-12  -74.17530 -113.34461  26.925831      99.86 1.8806e+03    193.788       4652  1027.9980  1027.9963    33.9226    33.9205    8.37048         28 0.0000e+00
    148.000    146.415    -1.2487  27.275011    -1.2402  27.274244     5.2097     5.3626     0.1368    94.9172 1.0000e-12  -74.17530 -113.34461  26.925844      99.87 1.8806e+03    194.943       4680  1028.0185  1028.0094    33.9518    33.9412    8.34013         28 0.0000e+00
    149.000    147.405    -1.1244  27.387093    -1.1193  27.387754     5.1847     5.3185     0.0778    94.9274 1.0000e-12  -74.17530 -113.34460  26.925858      99.87 1.8810e+03    196.133       4708  1028.0259  1028.0216    33.9640    33.9591    8.31173         29 0.0000e+00
    150.000    148.393    -1.1109  27.403339    -1.1105  27.401640     5.1693     5.2956     0.0371    95.2996 1.0000e-12  -74.17530 -113.34460  26.925872      99.86 1.8810e+03    197.303       4736  1028.0360  1028.0338    33.9703    33.9674    8.30836         28 0.0000e+00
    151.000    149.382    -1.0960  27.419695    -1.0907  27.421349     5.1467     5.2709    -0.0018    95.2566 1.0000e-12  -74.17530 -113.34460  26.925885      99.87 1.8810e+03    198.437       4763  1028.0447  1028.0413    33.9751    33.9714    8.30477         27 0.0000e+00
    152.000    150.372    -1.0671  27.447094    -1.0653  27.446288     5.1390     5.2501    -0.0148    95.2001 1.0000e-12  -74.17530 -113.34460  26.925898      99.87 1.8810e+03    199.546       4790  1028.0517  1028.0491    33.9792    33.9761    8.29813         26 0.0000e+00
    153.000    151.361    -1.0419  27.471966    -1.0371  27.473086     5.1386     5.2474    -0.0118    95.2269 1.0000e-12  -74.17530 -113.34460  26.925910      99.87 1.8804e+03    200.659       4817  1028.0595  1028.0561    33.9840    33.9802    8.29227         27 0.0000e+00
    154.000    152.350    -1.0371  27.476352    -1.0356  27.475760     5.1584     5.2527    -0.0078    95.3569 1.0000e-12  -74.17530 -113.34460  26.925924      99.86 1.8799e+03    201.796       4844  1028.0648  1028.0628    33.9839    33.9815    8.29121         28 0.0000e+00
    155.000    153.338    -1.0448  27.470276    -1.0428  27.469889     5.1610     5.2565    -0.0119    95.3716 1.0000e-12  -74.17530 -113.34460  26.925937      92.82 1.8797e+03    202.974       4872  1028.0707  1028.0684    33.9837    33.9810    8.29292         28 0.0000e+00
    156.000    154.327    -1.0453  27.470443    -1.0428  27.470369     5.1764     5.2679    -0.0147    95.3952 1.0000e-12  -74.17530 -113.34460  26.925951      99.85 1.8803e+03    204.164       4901  1028.0763  1028.0738    33.9839    33.9810    8.29302         29 0.0000e+00
    157.000    155.316    -1.0419  27.474375    -1.0403  27.473483     5.2033     5.2896    -0.0147    95.3418 1.0000e-12  -74.17530 -113.34460  26.925964      99.86 1.8803e+03    205.329       4929  1028.0820  1028.0795    33.9848    33.9817    8.29222         27 0.0000e+00
    158.000    156.304    -1.0456  27.473696    -1.0446  27.472800     5.2109     5.2935    -0.0203    95.3310 1.0000e-12  -74.17530 -113.34460  26.925978      99.87 1.8805e+03    206.471       4956  1028.0897  1028.0879    33.9874    33.9852    8.29288         27 0.0000e+00
    159.000    157.294    -1.0381  27.490850    -1.0363  27.489549     5.2057     5.2858    -0.0169    95.3745 1.0000e-12  -74.17530 -113.34460  26.925991      99.86 1.8800e+03    207.595       4983  1028.1059  1028.1027    34.0018    33.9980    8.29039         27 0.0000e+00
    160.000    158.284    -0.9944  27.537554    -0.9981  27.529982     5.1916     5.2745    -0.0142    95.3606 1.0000e-12  -74.17530 -113.34460  26.926004      99.87 1.8802e+03    208.713       5010  1028.1190  1028.1143    34.0154    34.0092    8.27995         27 0.0000e+00
    161.000    159.271    -0.9792  27.553376    -0.9780  27.551594     5.1820     5.2677    -0.0150    95.3817 1.0000e-12  -74.17530 -113.34460  26.926017      99.86 1.8793e+03    209.848       5037  1028.1262  1028.1232    34.0191    34.0153    8.27638         28 0.0000e+00
    162.000    160.260    -0.9758  27.556996    -0.9739  27.556483     5.1894     5.2628    -0.0215    95.3845 1.0000e-12  -74.17530 -113.34461  26.926030      99.87 1.8796e+03    211.008       5065  1028.1316  1028.1293    34.0195    34.0168    8.27560         28 0.0000e+00
    163.000    161.249    -0.9760  27.557136    -0.9743  27.556566     5.1836     5.2660    -0.0154    95.3764 1.0000e-12  -74.17530 -113.34460  26.926044      99.87 1.8804e+03    212.172       5093  1028.1367  1028.1344    34.0194    34.0167    8.27566         28 0.0000e+00
    164.000    162.239    -0.9760  27.557662    -0.9744  27.556978     5.1864     5.2630    -0.0145    95.3589 1.0000e-12  -74.17530 -113.34462  26.926057      99.86 1.8810e+03    213.323       5121  1028.1419  1028.1395    34.0194    34.0167    8.27565         27 0.0000e+00
    165.000    163.228    -0.9759  27.558007    -0.9740  27.557566     5.1829     5.2654    -0.0147    95.3903 1.0000e-12  -74.17530 -113.34460  26.926070      99.87 1.8810e+03    214.462       5148  1028.1467  1028.1443    34.0192    34.0164    8.27565         27 0.0000e+00
    166.000    164.216    -0.9748  27.559408    -0.9734  27.558370     5.1789     5.2678    -0.0222    95.3776 1.0000e-12  -74.17530 -113.34460  26.926083      91.57 1.8810e+03    215.599       5175  1028.1517  1028.1492    34.0192    34.0162    8.27540         27 0.0000e+00
    167.000    165.205    -0.9737  27.560892    -0.9723  27.559976     5.1816     5.2566    -0.0208    95.3679 1.0000e-12  -74.17530 -113.34460  26.926097      99.47 1.8810e+03    216.736       5203  1028.1567  1028.1544    34.0193    34.0165    8.27515         28 0.0000e+00
    168.000    166.194    -0.9714  27.563443    -0.9697  27.562929     5.1774     5.2611    -0.0161    95.3725 1.0000e-12  -74.17530 -113.34460  26.926110      99.87 1.8810e+03    217.878       5230  1028.1618  1028.1596    34.0197    34.0171    8.27464         28 0.0000e+00
    169.000    167.183    -0.9712  27.564228    -0.9695  27.563718     5.1777     5.2582    -0.0204    95.3824 1.0000e-12  -74.17530 -113.34460  26.926123      99.87 1.8810e+03    219.023       5258  1028.1669  1028.1647    34.0199    34.0173    8.27458         27 0.0000e+00
    170.000    168.172    -0.9713  27.564839    -0.9696  27.564361     5.1811     5.2684    -0.0164    95.3736 1.0000e-12  -74.17530 -113.34460  26.926136      99.87 1.8810e+03    220.172       5285  1028.1720  1028.1699    34.0202    34.0176    8.27457         28 0.0000e+00
    171.000    169.160    -0.9715  27.565279    -0.9702  27.564462     5.1891     5.2713    -0.0215    95.3699 1.0000e-12  -74.17530 -113.34460  26.926150      99.86 1.8810e+03    221.332       5313  1028.1772  1028.1751    34.0204    34.0179    8.27461         28 0.0000e+00
    172.000    170.150    -0.9744  27.563350    -0.9726  27.562999     5.1860     5.2694    -0.0159    95.3587 1.0000e-12  -74.17530 -113.34461  26.926163      99.87 1.8810e+03    222.499       5341  1028.1823  1028.1801    34.0205    34.0179    8.27525         27 0.0000e+00
    173.000    171.138    -0.9739  27.564512    -0.9719  27.564250     5.1877     5.2637    -0.0064    95.3643 1.0000e-12  -74.17530 -113.34461  26.926176      99.87 1.8810e+03    223.648       5369  1028.1875  1028.1852    34.0209    34.0182    8.27512         28 0.0000e+00
    174.000    172.126    -0.9727  27.566128    -0.9706  27.566085     5.1860     5.2664    -0.0104    95.3654 1.0000e-12  -74.17530 -113.34461  26.926190      99.86 1.8810e+03    224.781       5396  1028.1923  1028.1903    34.0210    34.0186    8.27483         27 0.0000e+00
    175.000    173.116    -0.9737  27.565716    -0.9722  27.565214     5.1876     5.2704    -0.0179    95.3745 1.0000e-12  -74.17530 -113.34461  26.926203      99.87 1.8810e+03    225.896       5423  1028.1972  1028.1952    34.0210    34.0186    8.27505         26 0.0000e+00
    176.000    174.104    -0.9740  27.565922    -0.9734  27.564602     5.1954     5.2775    -0.0182    95.3863 1.0000e-12  -74.17530 -113.34461  26.926215      99.87 1.8810e+03    227.015       5449  1028.2021  1028.2001    34.0210    34.0185    8.27512         28 0.0000e+00
    177.000    175.093    -0.9768  27.563946    -0.9756  27.563127     5.1937     5.2757    -0.0188    95.3854 1.0000e-12  -74.17530 -113.34460  26.926229      77.42 1.8810e+03    228.170       5477  1028.2070  1028.2050    34.0209    34.0185    8.27575         27 0.0000e+00
    178.000    176.083    -0.9782  27.563238    -0.9771  27.562389     5.2003     5.2790    -0.0174    95.3846 1.0000e-12  -74.17530 -113.34460  26.926242      97.55 1.8810e+03    229.350       5505  1028.2119  1028.2099    34.0209    34.0185    8.27606         29 0.0000e+00
    179.000    177.070    -0.9784  27.563733    -0.9768  27.563207     5.1969     5.2772    -0.0150    95.3818 1.0000e-12  -74.17530 -113.34461  26.926256      99.85 1.8810e+03    230.511       5533  1028.2170  1028.2148    34.0212    34.0187    8.27609         28 0.0000e+00
    180.000    178.060    -0.9785  27.564204    -0.9770  27.563512     5.1883     5.2772    -0.0150    95.3785 1.0000e-12  -74.17530 -113.34461  26.926269      99.87 1.8810e+03    231.642       5560  1028.2219  1028.2196    34.0213    34.0186    8.27610         26 0.0000e+00
    181.000    179.048    -0.9773  27.566085    -0.9761  27.565055     5.1939     5.2823    -0.0150    95.3778 1.0000e-12  -74.17530 -113.34461  26.926282      99.87 1.8810e+03    232.761       5587  1028.2270  1028.2247    34.0219    34.0191    8.27580         27 0.0000e+00
    182.000    180.038    -0.9768  27.566850    -0.9754  27.566241     5.1973     5.2806    -0.0191    95.3845 1.0000e-12  -74.17530 -113.34461  26.926295      99.87 1.8810e+03    233.884       5614  1028.2316  1028.2296    34.0217    34.0193    8.27570         27 0.0000e+00
