ocean_section_plots/required_files/ctd/dnbp2202_ctd035.cnv
* Sea-Bird SBE 9 Data File:
* FileName = D:\Data\raw\NBP2202_CTD035.hex
* Software Version Seasave V 7.26.7.121
* Temperature SN = 1649
* Conductivity SN = 2513
* Number of Bytes Per Scan = 40
* Number of Voltage Words = 5
* Number of Scans Averaged by the Deck Unit = 1
* NMEA Latitude = 74 08.81 S
* NMEA Longitude = 113 26.78 W
* NMEA UTC (Time) = Jan 22 2022  14:26:47
* NMEA baud rate = 9600
** Ship: RVIB N.B. Palmer
** Cruise: NBP2202 Thwaites
** Station: Tow-Yo #2
** Operator: B Bjork
# nquan = 25
# nvalues = 201                         
# units = specified
# name 0 = prDM: Pressure, Digiquartz [db]
# name 1 = depSM: Depth [salt water, m]
# name 2 = t090C: Temperature [ITS-90, deg C]
# name 3 = c0mS/cm: Conductivity [mS/cm]
# name 4 = t190C: Temperature, 2 [ITS-90, deg C]
# name 5 = c1mS/cm: Conductivity, 2 [mS/cm]
# name 6 = sbeox0ML/L: Oxygen, SBE 43 [ml/l]
# name 7 = sbeox1ML/L: Oxygen, SBE 43, 2 [ml/l]
# name 8 = flECO-AFL: Fluorescence, WET Labs ECO-AFL/FL [mg/m^3]
# name 9 = CStarTr0: Beam Transmission, WET Labs C-Star [%]
# name 10 = par: PAR/Irradiance, Biospherical/Licor
# name 11 = latitude: Latitude [deg]
# name 12 = longitude: Longitude [deg]
# name 13 = timeJ: Julian Days
# name 14 = altM: Altimeter [m]
# name 15 = spar: SPAR, Biospherical/Licor
# name 16 = timeS: Time, Elapsed [seconds]
# name 17 = scan: Scan Count
# name 18 = density00: Density [density, kg/m^3]
# name 19 = density11: Density, 2 [density, kg/m^3]
# name 20 = sal00: Salinity, Practical [PSU]
# name 21 = sal11: Salinity, Practical, 2 [PSU]
# name 22 = oxsolML/L: Oxygen Saturation, Garcia & Gordon [ml/l]
# name 23 = nbin: number of scans per bin
# name 24 = flag: flag
# span 0 =      2.000,    202.000       
# span 1 =      1.980,    199.812       
# span 2 =    -1.3181,    -1.0009       
# span 3 =  27.118131,  27.526005       
# span 4 =    -1.3171,    -1.0008       
# span 5 =  27.117796,  27.525208       
# span 6 =     5.2783,     8.7539       
# span 7 =     5.5924,     9.3123       
# span 8 =    -0.0048,    23.2897       
# span 9 =    71.2155,    97.1587       
# span 10 = -6.218e-06, 3.4037e+02      
# span 11 =  -74.14698,  -74.14696      
# span 12 = -113.44632, -113.44629      
# span 13 =  22.606242,  22.610431      
# span 14 =       9.27,     101.38      
# span 15 = 9.2572e+02, 9.5333e+02      
# span 16 =    372.303,    734.281      
# span 17 =       8936,      17624      
# span 18 =  1027.1687,  1028.3165      
# span 19 =  1027.1688,  1028.3147      
# span 20 =    33.7718,    34.0060      
# span 21 =    33.7718,    34.0038      
# span 22 =    8.28664,    8.36103      
# span 23 =         26,         46      
# span 24 = 0.0000e+00, 0.0000e+00      
# interval = decibars: 1                
# start_time = Jan 22 2022 14:26:47 [NMEA time, header]
# bad_flag = -9.990e-29
*END*
      2.000      1.980    -1.0229  27.263519    -1.0234  27.263199     8.7452     8.5751    16.2056    73.1698 3.4037e+02  -74.14696 -113.44630  22.606242     101.38 9.2682e+02    372.303       8936  1027.1687  1027.1688    33.7721    33.7722    8.30052         33 0.0000e+00
      3.000      2.969    -1.0245  27.262758    -1.0247  27.262612     8.7518     8.6018    17.9364    71.5539 2.2054e+02  -74.14696 -113.44630  22.606279      85.44 9.2977e+02    375.530       9014  1027.1736  1027.1736    33.7722    33.7722    8.30086         39 0.0000e+00
      4.000      3.959    -1.0258  27.262060    -1.0260  27.261919     8.7496     8.6514    16.5756    72.2436 1.5447e+02  -74.14696 -113.44631  22.606316      99.15 9.3376e+02    378.720       9090  1027.1783  1027.1784    33.7720    33.7721    8.30115         34 0.0000e+00
      5.000      4.950    -1.0260  27.262507    -1.0264  27.262073     8.7400     8.7171    17.4838    72.2879 1.0840e+02  -74.14696 -113.44631  22.606344      99.90 9.3603e+02    381.116       9148  1027.1834  1027.1833    33.7723    33.7722    8.30119         39 0.0000e+00
      6.000      5.938    -1.0259  27.263189    -1.0255  27.263471     8.7485     8.8521    18.8651    72.7381 7.7546e+01  -74.14696 -113.44631  22.606371      99.79 9.3766e+02    383.416       9203  1027.1882  1027.1882    33.7725    33.7724    8.30115         44 0.0000e+00
      7.000      6.928    -1.0269  27.262648    -1.0272  27.262048     8.7539     8.9535    18.4182    73.0210 5.6227e+01  -74.14696 -113.44631  22.606395      99.93 9.4034e+02    385.543       9254  1027.1929  1027.1926    33.7723    33.7718    8.30139         36 0.0000e+00
      8.000      7.917    -1.0268  27.262873    -1.0263  27.263329     8.7536     9.0562    16.1390    72.3374 4.1128e+01  -74.14696 -113.44631  22.606418      99.90 9.4184e+02    387.499       9301  1027.1974  1027.1974    33.7718    33.7719    8.30139         38 0.0000e+00
      9.000      8.907    -1.0262  27.263859    -1.0262  27.263797     8.7488     9.1173    19.4859    73.0067 3.0414e+01  -74.14696 -113.44631  22.606441      84.45 9.4321e+02    389.543       9350  1027.2022  1027.2021    33.7719    33.7718    8.30127         44 0.0000e+00
     10.000      9.896    -1.0241  27.266625    -1.0232  27.267434     8.7354     9.1548    22.3456    72.5019 2.2504e+01  -74.14696 -113.44630  22.606463      99.40 9.4548e+02    391.446       9396  1027.2075  1027.2076    33.7727    33.7728    8.30075         41 0.0000e+00
     11.000     10.886    -1.0230  27.268327    -1.0222  27.269147     8.7190     9.2148    19.7018    72.9758 1.6742e+01  -74.14696 -113.44630  22.606486      99.94 9.4671e+02    393.422       9443  1027.2126  1027.2127    33.7731    33.7733    8.30048         46 0.0000e+00
     12.000     11.875    -1.0209  27.270605    -1.0202  27.271066     8.7231     9.2932    19.9599    72.9963 1.2781e+01  -74.14696 -113.44630  22.606509      99.91 9.4854e+02    395.415       9491  1027.2174  1027.2172    33.7733    33.7730    8.30001         34 0.0000e+00
     13.000     12.865    -1.0222  27.269466    -1.0220  27.269652     8.7351     9.3123    19.5158    74.0809 9.7657e+00  -74.14696 -113.44630  22.606532      99.95 9.5036e+02    397.361       9538  1027.2218  1027.2217    33.7726    33.7725    8.30034         44 0.0000e+00
     14.000     13.855    -1.0226  27.269809    -1.0226  27.269602     8.7109     9.2965    20.2306    73.5008 7.3828e+00  -74.14696 -113.44630  22.606554      99.95 9.4995e+02    399.273       9584  1027.2268  1027.2266    33.7728    33.7725    8.30040         38 0.0000e+00
     15.000     14.843    -1.0188  27.274518    -1.0187  27.274267     8.6735     9.2577    20.6207    74.1008 5.7503e+00  -74.14696 -113.44630  22.606578      99.98 9.4979e+02    401.355       9634  1027.2326  1027.2323    33.7744    33.7739    8.29948         44 0.0000e+00
     16.000     15.834    -1.0093  27.284715    -1.0102  27.283326     8.6397     9.2214    21.1517    72.5829 4.4365e+00  -74.14696 -113.44630  22.606600      96.93 9.5203e+02    403.258       9679  1027.2390  1027.2382    33.7770    33.7760    8.29723         44 0.0000e+00
     17.000     16.824    -1.0039  27.290644    -1.0040  27.290341     8.6411     9.2175    19.0792    72.8968 3.4483e+00  -74.14696 -113.44630  22.606623      99.96 9.5122e+02    405.241       9727  1027.2447  1027.2444    33.7784    33.7780    8.29595         45 0.0000e+00
     18.000     17.813    -1.0046  27.290276    -1.0046  27.290123     8.6626     9.2471    22.6567    72.6761 2.6764e+00  -74.14696 -113.44630  22.606647      99.97 9.5122e+02    407.283       9776  1027.2493  1027.2491    33.7780    33.7777    8.29613         43 0.0000e+00
     19.000     18.803    -1.0118  27.283108    -1.0094  27.285455     8.6934     9.2604    22.0832    74.5673 2.0964e+00  -74.14696 -113.44630  22.606670      99.97 9.5147e+02    409.261       9823  1027.2528  1027.2531    33.7757    33.7762    8.29785         40 0.0000e+00
     20.000     19.792    -1.0137  27.282075    -1.0130  27.282538     8.6696     9.2629    21.5051    71.2155 1.6577e+00  -74.14696 -113.44630  22.606693      99.99 9.5234e+02    411.295       9872  1027.2578  1027.2577    33.7758    33.7757    8.29826         43 0.0000e+00
     21.000     20.781    -1.0056  27.290665    -1.0107  27.285042     8.6808     9.2817    22.6525    72.7701 1.2933e+00  -74.14696 -113.44630  22.606716      99.91 9.5159e+02    413.263       9919  1027.2637  1027.2625    33.7778    33.7759    8.29636         37 0.0000e+00
     22.000     21.772    -1.0197  27.276747    -1.0192  27.276913     8.6803     9.2540    20.1074    72.0495 1.0122e+00  -74.14696 -113.44630  22.606737      99.97 9.5241e+02    415.119       9964  1027.2664  1027.2660    33.7741    33.7737    8.29970         39 0.0000e+00
     23.000     22.761    -1.0108  27.286627    -1.0083  27.288725     8.6239     9.1944    21.0543    72.9250 8.0056e-01  -74.14696 -113.44630  22.606761      97.25 9.5333e+02    417.109      10012  1027.2728  1027.2727    33.7768    33.7769    8.29755         43 0.0000e+00
     24.000     23.750    -1.0014  27.296775    -1.0014  27.296442     8.6082     9.1905    21.5831    72.6833 6.2643e-01  -74.14696 -113.44630  22.606783      99.89 9.5200e+02    419.023      10058  1027.2792  1027.2789    33.7795    33.7791    8.29532         42 0.0000e+00
     25.000     24.740    -1.0009  27.297998    -1.0008  27.297486     8.5933     9.1920    22.3782    73.8734 4.8284e-01  -74.14696 -113.44630  22.606805      99.88 9.5309e+02    420.942      10104  1027.2845  1027.2838    33.7800    33.7792    8.29519         43 0.0000e+00
     26.000     25.730    -1.0015  27.298318    -1.0013  27.297898     8.6001     9.1846    21.2080    72.5603 3.7656e-01  -74.14696 -113.44631  22.606827      99.92 9.5213e+02    422.851      10149  1027.2897  1027.2891    33.7805    33.7797    8.29529         44 0.0000e+00
     27.000     26.719    -1.0014  27.298836    -1.0013  27.298463     8.6001     9.1728    20.1325    72.6769 2.9286e-01  -74.14697 -113.44631  22.606849      99.95 9.5176e+02    424.787      10196  1027.2945  1027.2940    33.7804    33.7798    8.29526         38 0.0000e+00
     28.000     27.709    -1.0019  27.299112    -1.0022  27.298685     8.5918     9.1616    19.9778    74.1090 2.2501e-01  -74.14697 -113.44631  22.606872      99.93 9.5245e+02    426.717      10242  1027.2997  1027.2995    33.7808    33.7806    8.29536         42 0.0000e+00
     29.000     28.698    -1.0022  27.299404    -1.0023  27.298978     8.5619     9.1448    20.0035    71.6054 1.7085e-01  -74.14698 -113.44631  22.606894      96.70 9.5148e+02    428.637      10288  1027.3046  1027.3043    33.7809    33.7804    8.29543         40 0.0000e+00
     30.000     29.688    -1.0043  27.299121    -1.0036  27.299029     8.5546     9.1366    20.4002    73.1535 1.2816e-01  -74.14698 -113.44631  22.606915      98.78 9.5143e+02    430.493      10333  1027.3106  1027.3099    33.7822    33.7814    8.29580         40 0.0000e+00
     31.000     30.677    -1.0034  27.300191    -1.0031  27.299923     8.5525     9.1277    20.6202    72.9722 9.2832e-02  -74.14698 -113.44631  22.606938      99.98 9.5086e+02    432.419      10379  1027.3153  1027.3147    33.7821    33.7814    8.29562         42 0.0000e+00
     32.000     31.666    -1.0042  27.300289    -1.0041  27.299848     8.5421     9.1300    19.1898    72.8402 6.4822e-02  -74.14698 -113.44631  22.606959      99.96 9.5262e+02    434.277      10424  1027.3204  1027.3198    33.7824    33.7817    8.29576         40 0.0000e+00
     33.000     32.656    -1.0040  27.300873    -1.0037  27.300475     8.5303     9.1151    18.7184    74.0873 4.2849e-02  -74.14698 -113.44631  22.606980      99.93 9.5185e+02    436.066      10467  1027.3251  1027.3245    33.7824    33.7816    8.29572         37 0.0000e+00
     34.000     33.645    -1.0064  27.299910    -1.0052  27.300203     8.4986     9.0829    18.7834    73.0470 2.4794e-02  -74.14698 -113.44631  22.607002      99.97 9.5098e+02    437.940      10512  1027.3308  1027.3299    33.7832    33.7822    8.29622         37 0.0000e+00
     35.000     34.635    -1.0077  27.299738    -1.0074  27.299440     8.4930     9.0742    20.1112    72.7087 9.6811e-03  -74.14698 -113.44631  22.607024      99.91 9.5260e+02    439.867      10558  1027.3362  1027.3355    33.7839    33.7831    8.29647         41 0.0000e+00
     36.000     35.625    -1.0083  27.299905    -1.0080  27.299592     8.4837     9.0557    20.4404    73.9678 4.7648e-04  -74.14698 -113.44631  22.607046      99.58 9.5140e+02    441.770      10603  1027.3411  1027.3405    33.7840    33.7833    8.29657         38 0.0000e+00
     37.000     36.613    -1.0085  27.300392    -1.0079  27.300069     8.4619     9.0283    22.6517    72.0727 -6.218e-06  -74.14698 -113.44630  22.607069      97.84 9.5022e+02    443.795      10652  1027.3462  1027.3452    33.7844    33.7833    8.29661         42 0.0000e+00
     38.000     37.603    -1.0099  27.300264    -1.0096  27.299861     8.4418     8.9987    20.8568    73.4350 1.0000e-12  -74.14698 -113.44630  22.607092      99.91 9.5223e+02    445.728      10698  1027.3516  1027.3510    33.7851    33.7843    8.29687         41 0.0000e+00
     39.000     38.594    -1.0116  27.299857    -1.0116  27.299336     8.3662     8.9396    19.9305    72.3811 1.0000e-12  -74.14698 -113.44630  22.607114      99.88 9.5018e+02    447.624      10744  1027.3572  1027.3566    33.7859    33.7852    8.29721         42 0.0000e+00
     40.000     39.582    -1.0185  27.296518    -1.0179  27.296489     8.1912     8.7937    22.6983    72.4869 1.0000e-12  -74.14698 -113.44630  22.607137      99.98 9.4961e+02    449.648      10793  1027.3645  1027.3639    33.7885    33.7878    8.29858         36 0.0000e+00
     41.000     40.571    -1.0345  27.287023    -1.0327  27.287818     8.0142     8.6017    23.2897    74.2682 1.0000e-12  -74.14698 -113.44629  22.607159      99.79 9.4978e+02    451.576      10839  1027.3738  1027.3729    33.7929    33.7919    8.30186         38 0.0000e+00
     42.000     41.561    -1.0508  27.277277    -1.0503  27.277288     7.8969     8.4696    20.6550    73.5285 1.0000e-12  -74.14698 -113.44629  22.607181      99.89 9.4889e+02    453.437      10883  1027.3831  1027.3826    33.7973    33.7968    8.30521         43 0.0000e+00
     43.000     42.551    -1.0675  27.266229    -1.0668  27.266594     7.8464     8.4099    17.2707    73.8085 1.0000e-12  -74.14698 -113.44630  22.607204      99.60 9.4859e+02    455.441      10932  1027.3913  1027.3909    33.8005    33.8001    8.30873         43 0.0000e+00
     44.000     43.540    -1.0707  27.264586    -1.0694  27.264857     7.9068     8.4302    18.9423    73.4150 1.0000e-12  -74.14698 -113.44630  22.607228      99.45 9.4948e+02    457.468      10980  1027.3965  1027.3955    33.8012    33.8001    8.30939         38 0.0000e+00
     45.000     44.529    -1.0666  27.267847    -1.0684  27.266004     7.9713     8.4711    16.6013    76.6640 1.0000e-12  -74.14698 -113.44630  22.607250      99.87 9.4843e+02    459.379      11026  1027.4003  1027.3999    33.8004    33.7999    8.30854         39 0.0000e+00
     46.000     45.518    -1.0597  27.272890    -1.0621  27.270675     7.9433     8.4481    18.3931    74.6280 1.0000e-12  -74.14697 -113.44630  22.607273      99.75 9.4843e+02    461.343      11073  1027.4032  1027.4031    33.7989    33.7985    8.30709         38 0.0000e+00
     47.000     46.508    -1.0678  27.267802    -1.0684  27.266929     7.8532     8.3646    16.3314    75.6493 1.0000e-12  -74.14698 -113.44630  22.607296      99.61 9.4924e+02    463.340      11121  1027.4097  1027.4094    33.8004    33.7999    8.30879         44 0.0000e+00
     48.000     47.497    -1.0785  27.260767    -1.0817  27.258321     7.7450     8.2691    17.1788    75.3302 1.0000e-12  -74.14698 -113.44630  22.607318      99.69 9.4825e+02    465.281      11168  1027.4166  1027.4170    33.8023    33.8026    8.31106         39 0.0000e+00
     49.000     48.488    -1.0917  27.252214    -1.0908  27.252362     7.6911     8.2139    14.0499    77.6519 1.0000e-12  -74.14698 -113.44630  22.607340      99.73 9.4711e+02    467.142      11212  1027.4242  1027.4234    33.8049    33.8040    8.31384         40 0.0000e+00
     50.000     49.477    -1.0985  27.247929    -1.0987  27.247234     7.6184     8.1291    16.9156    75.7666 1.0000e-12  -74.14698 -113.44630  22.607362      99.54 9.4807e+02    469.042      11258  1027.4302  1027.4296    33.8060    33.8053    8.31527         36 0.0000e+00
     51.000     50.465    -1.1066  27.242536    -1.1078  27.241577     7.3441     7.8701    16.1402    75.6944 1.0000e-12  -74.14698 -113.44630  22.607385      99.68 9.4685e+02    471.035      11306  1027.4362  1027.4363    33.8072    33.8073    8.31700         44 0.0000e+00
     52.000     51.455    -1.1568  27.207591    -1.1567  27.208136     7.1284     7.6513    12.3650    77.6308 1.0000e-12  -74.14698 -113.44630  22.607406      99.68 9.4634e+02    472.885      11350  1027.4506  1027.4511    33.8154    33.8160    8.32768         42 0.0000e+00
     53.000     52.446    -1.1788  27.193329    -1.1787  27.193265     7.0851     7.5923    11.7181    77.6864 1.0000e-12  -74.14698 -113.44630  22.607427      99.44 9.4522e+02    474.679      11393  1027.4601  1027.4599    33.8201    33.8198    8.33230         38 0.0000e+00
     54.000     53.435    -1.1826  27.191399    -1.1816  27.191708     7.0669     7.5644    11.1208    77.8959 1.0000e-12  -74.14698 -113.44631  22.607450      99.39 9.4789e+02    476.639      11440  1027.4654  1027.4648    33.8211    33.8204    8.33308         43 0.0000e+00
     55.000     54.424    -1.1890  27.187598    -1.1876  27.188236     7.0437     7.5137    11.2030    80.0208 1.0000e-12  -74.14698 -113.44631  22.607471      99.58 9.4491e+02    478.491      11485  1027.4714  1027.4707    33.8225    33.8217    8.33442         42 0.0000e+00
     56.000     55.412    -1.1957  27.183714    -1.1956  27.183414     7.0026     7.4639    11.3451    80.0135 1.0000e-12  -74.14698 -113.44631  22.607493      99.43 9.4298e+02    480.393      11530  1027.4776  1027.4772    33.8242    33.8236    8.33583         35 0.0000e+00
     57.000     56.402    -1.2077  27.175891    -1.2095  27.173840     6.9718     7.4273    11.2609    81.2988 1.0000e-12  -74.14698 -113.44631  22.607514      97.26 9.4476e+02    482.241      11575  1027.4846  1027.4841    33.8263    33.8255    8.33836         38 0.0000e+00
     58.000     57.393    -1.2117  27.172816    -1.2132  27.171291     6.9694     7.4171    10.3481    80.9907 1.0000e-12  -74.14698 -113.44631  22.607537      99.32 9.4182e+02    484.222      11622  1027.4891  1027.4889    33.8260    33.8256    8.33928         42 0.0000e+00
