ocean_section_plots/required_files/ctd/dnbp2202_ctd089.cnv
* Sea-Bird SBE 9 Data File:
* FileName = D:\Data\raw\NBP2202_CTD089.hex
* Software Version Seasave V 7.26.7.121
* Temperature SN = 1649
* Conductivity SN = 2513
* Number of Bytes Per Scan = 40
* Number of Voltage Words = 5
* Number of Scans Averaged by the Deck Unit = 1
* NMEA Latitude = 74 10.51 S
* NMEA Longitude = 113 20.67 W
* NMEA UTC (Time) = Jan 26 2022  21:15:29
* NMEA baud rate = 9600
** Ship: RVIB N.B. Palmer
** Cruise: NBP2202 Thwaites
** Station: YoYo001
** Operator: A. Robinson
# nquan = 25
# nvalues = 606                         
# units = specified
# name 0 = prDM: Pressure, Digiquartz [db]
# name 1 = depSM: Depth [salt water, m]
# name 2 = t090C: Temperature [ITS-90, deg C]
# name 3 = c0mS/cm: Conductivity [mS/cm]
# name 4 = t190C: Temperature, 2 [ITS-90, deg C]
# name 5 = c1mS/cm: Conductivity, 2 [mS/cm]
# name 6 = sbeox0ML/L: Oxygen, SBE 43 [ml/l]
# name 7 = sbeox1ML/L: Oxygen, SBE 43, 2 [ml/l]
# name 8 = flECO-AFL: Fluorescence, WET Labs ECO-AFL/FL [mg/m^3]
# name 9 = CStarTr0: Beam Transmission, WET Labs C-Star [%]
# name 10 = par: PAR/Irradiance, Biospherical/Licor
# name 11 = latitude: Latitude [deg]
# name 12 = longitude: Longitude [deg]
# name 13 = timeJ: Julian Days
# name 14 = altM: Altimeter [m]
# name 15 = spar: SPAR, Biospherical/Licor
# name 16 = timeS: Time, Elapsed [seconds]
# name 17 = scan: Scan Count
# name 18 = density00: Density [density, kg/m^3]
# name 19 = density11: Density, 2 [density, kg/m^3]
# name 20 = sal00: Salinity, Practical [PSU]
# name 21 = sal11: Salinity, Practical, 2 [PSU]
# name 22 = oxsolML/L: Oxygen Saturation, Garcia & Gordon [ml/l]
# name 23 = nbin: number of scans per bin
# name 24 = flag: flag
# span 0 =     10.000,    615.000       
# span 1 =      9.895,    607.733       
# span 2 =    -1.5411,     0.1110       
# span 3 =  26.904297,  28.947146       
# span 4 =    -1.5401,     0.1143       
# span 5 =  26.904441,  28.947892       
# span 6 =     4.6838,     8.6834       
# span 7 =     4.7547,     8.5968       
# span 8 =    -0.0219,    23.8929       
# span 9 =    66.4878,    95.6572       
# span 10 = 1.0000e-12, 7.0918e+01      
# span 11 =  -74.17530,  -74.17530      
# span 12 = -113.34462, -113.34458      
# span 13 =  26.886167,  26.895020      
# span 14 =       5.63,     100.20      
# span 15 = 1.8514e+03, 1.9171e+03      
# span 16 =     35.793,    800.707      
# span 17 =        860,      19218      
# span 18 =  1027.2273,  1030.5165      
# span 19 =  1027.2259,  1030.5141      
# span 20 =    33.7967,    34.3869      
# span 21 =    33.7950,    34.3843      
# span 22 =    8.02136,    8.41299      
# span 23 =         16,         64      
# span 24 = 0.0000e+00, 0.0000e+00      
# interval = decibars: 1                
# start_time = Jan 26 2022 21:15:29 [NMEA time, header]
# bad_flag = -9.990e-29
*END*
[from data line 348]
    358.000    353.989    -0.3956  28.266939    -0.3930  28.266985     4.8267     4.9202    -0.0137    95.4483 1.0000e-12  -74.17530 -113.34460  26.890926      99.87 1.8910e+03    446.964      10728  1029.1843  1029.1821    34.2040    34.2012    8.13890         27 0.0000e+00
    359.000    354.976    -0.3887  28.275263    -0.3866  28.274616     4.8267     4.9183    -0.0094    95.4031 1.0000e-12  -74.17530 -113.34460  26.890939      99.87 1.8884e+03    448.129      10756  1029.1913  1029.1888    34.2068    34.2036    8.13726         29 0.0000e+00
    360.000    355.964    -0.3828  28.282099    -0.3806  28.281499     4.8221     4.9147    -0.0063    95.3928 1.0000e-12  -74.17530 -113.34460  26.890953      99.58 1.8886e+03    449.306      10784  1029.1977  1029.1950    34.2088    34.2055    8.13590         29 0.0000e+00
    361.000    356.952    -0.3733  28.292684    -0.3717  28.291549     4.8245     4.9106    -0.0116    95.3199 1.0000e-12  -74.17530 -113.34460  26.890967      88.76 1.8880e+03    450.510      10813  1029.2044  1029.2019    34.2116    34.2084    8.13369         28 0.0000e+00
    362.000    357.940    -0.3634  28.304271    -0.3613  28.303534     4.8305     4.9131    -0.0064    95.3162 1.0000e-12  -74.17530 -113.34460  26.890980      99.28 1.8880e+03    451.710      10842  1029.2118  1029.2091    34.2153    34.2120    8.13136         29 0.0000e+00
    363.000    358.928    -0.3571  28.311674    -0.3543  28.312005     4.8315     4.9085    -0.0085    95.2909 1.0000e-12  -74.17530 -113.34460  26.890994      99.87 1.8880e+03    452.889      10870  1029.2183  1029.2160    34.2176    34.2149    8.12989         28 0.0000e+00
    364.000    359.916    -0.3568  28.312217    -0.3545  28.312137     4.8313     4.9082    -0.0049    95.2688 1.0000e-12  -74.17530 -113.34460  26.891008      99.87 1.8878e+03    454.055      10898  1029.2232  1029.2210    34.2173    34.2147    8.12983         28 0.0000e+00
    365.000    360.904    -0.3552  28.314320    -0.3537  28.313383     4.8349     4.9106    -0.0156    95.2558 1.0000e-12  -74.17530 -113.34460  26.891021      99.86 1.8867e+03    455.229      10926  1029.2285  1029.2261    34.2178    34.2148    8.12947         28 0.0000e+00
    366.000    361.892    -0.3551  28.314662    -0.3529  28.314484     4.8285     4.9082    -0.0110    95.2496 1.0000e-12  -74.17530 -113.34460  26.891035      99.87 1.8876e+03    456.424      10955  1029.2333  1029.2311    34.2176    34.2149    8.12947         29 0.0000e+00
    367.000    362.879    -0.3531  28.317449    -0.3514  28.316622     4.8318     4.9101    -0.0177    95.2382 1.0000e-12  -74.17530 -113.34460  26.891049      99.87 1.8868e+03    457.621      10984  1029.2388  1029.2363    34.2184    34.2154    8.12899         28 0.0000e+00
    368.000    363.868    -0.3513  28.319614    -0.3491  28.319459     4.8298     4.9049    -0.0107    95.2270 1.0000e-12  -74.17530 -113.34460  26.891063      99.87 1.8871e+03    458.799      11012  1029.2438  1029.2416    34.2187    34.2160    8.12859         28 0.0000e+00
    369.000    364.856    -0.3490  28.322682    -0.3471  28.322122     4.8252     4.9041    -0.0156    95.2264 1.0000e-12  -74.17530 -113.34460  26.891076      99.87 1.8882e+03    459.962      11040  1029.2492  1029.2469    34.2196    34.2168    8.12804         28 0.0000e+00
    370.000    365.843    -0.3431  28.329897    -0.3409  28.329438     4.8226     4.8976    -0.0036    95.2276 1.0000e-12  -74.17530 -113.34460  26.891090      99.86 1.8881e+03    461.145      11068  1029.2556  1029.2530    34.2220    34.2189    8.12664         30 0.0000e+00
    371.000    366.832    -0.3377  28.335894    -0.3361  28.334946     4.8202     4.8964    -0.0106    95.2187 1.0000e-12  -74.17530 -113.34460  26.891104      84.20 1.8892e+03    462.360      11098  1029.2611  1029.2586    34.2233    34.2203    8.12541         29 0.0000e+00
    372.000    367.819    -0.3357  28.338501    -0.3339  28.337833     4.8245     4.8939    -0.0132    95.2153 1.0000e-12  -74.17530 -113.34460  26.891118      91.06 1.8892e+03    463.573      11127  1029.2664  1029.2640    34.2240    34.2211    8.12495         28 0.0000e+00
    373.000    368.808    -0.3314  28.344063    -0.3292  28.343647     4.8248     4.9010    -0.0143    95.1966 1.0000e-12  -74.17530 -113.34460  26.891131     100.00 1.8903e+03    464.748      11155  1029.2725  1029.2700    34.2260    34.2230    8.12392         28 0.0000e+00
    374.000    369.794    -0.3261  28.350832    -0.3241  28.350149     4.8220     4.9000    -0.0145    95.2081 1.0000e-12  -74.17530 -113.34460  26.891145      99.87 1.8908e+03    465.916      11183  1029.2789  1029.2763    34.2285    34.2253    8.12265         28 0.0000e+00
    375.000    370.783    -0.3230  28.355124    -0.3210  28.354329     4.8246     4.8962    -0.0140    95.2043 1.0000e-12  -74.17530 -113.34460  26.891159      99.87 1.8916e+03    467.095      11211  1029.2849  1029.2822    34.2302    34.2268    8.12190         29 0.0000e+00
    376.000    371.772    -0.3150  28.363782    -0.3131  28.363133     4.8275     4.9077    -0.0041    95.2034 1.0000e-12  -74.17530 -113.34460  26.891172      99.86 1.8916e+03    468.301      11240  1029.2907  1029.2882    34.2321    34.2291    8.12008         29 0.0000e+00
    377.000    372.757    -0.3142  28.366099    -0.3118  28.366148     4.8255     4.9049    -0.0096    95.2104 1.0000e-12  -74.17530 -113.34460  26.891187      99.87 1.8916e+03    469.517      11269  1029.2968  1029.2945    34.2337    34.2311    8.11981         30 0.0000e+00
    378.000    373.748    -0.3157  28.364965    -0.3132  28.364935     4.8341     4.9059    -0.0107    95.2166 1.0000e-12  -74.17530 -113.34460  26.891200      99.86 1.8920e+03    470.702      11298  1029.3014  1029.2990    34.2332    34.2304    8.12015         27 0.0000e+00
    379.000    374.733    -0.3128  28.368972    -0.3105  28.368912     4.8363     4.9078    -0.0025    95.2153 1.0000e-12  -74.17530 -113.34460  26.891214      99.87 1.8934e+03    471.851      11325  1029.3072  1029.3049    34.2348    34.2321    8.11946         28 0.0000e+00
    380.000    375.723    -0.3131  28.369631    -0.3104  28.369957     4.8339     4.9135    -0.0098    95.1958 1.0000e-12  -74.17530 -113.34460  26.891227      99.86 1.8942e+03    472.994      11353  1029.3126  1029.3103    34.2353    34.2328    8.11948         27 0.0000e+00
    381.000    376.709    -0.3138  28.369851    -0.3105  28.370646     4.8315     4.9189    -0.0052    95.1937 1.0000e-12  -74.17530 -113.34460  26.891240      99.86 1.8945e+03    474.169      11381  1029.3178  1029.3155    34.2359    34.2332    8.11961         29 0.0000e+00
    382.000    377.697    -0.3126  28.371495    -0.3094  28.372122     4.8363     4.9128    -0.0115    95.1901 1.0000e-12  -74.17530 -113.34460  26.891254      93.55 1.8939e+03    475.383      11410  1029.3227  1029.3204    34.2360    34.2334    8.11933         29 0.0000e+00
    383.000    378.685    -0.3134  28.371632    -0.3119  28.370597     4.8389     4.9122    -0.0129    95.2006 1.0000e-12  -74.17530 -113.34460  26.891269      86.76 1.8950e+03    476.619      11440  1029.3280  1029.3255    34.2366    34.2336    8.11948         28 0.0000e+00
    384.000    379.674    -0.3059  28.380687    -0.3040  28.380209     4.8377     4.9134    -0.0198    95.1804 1.0000e-12  -74.17530 -113.34460  26.891283      99.43 1.8937e+03    477.829      11469  1029.3346  1029.3323    34.2397    34.2369    8.11771         29 0.0000e+00
    385.000    380.662    -0.3037  28.383784    -0.3016  28.383406     4.8358     4.9126    -0.0113    95.1879 1.0000e-12  -74.17530 -113.34460  26.891296      99.86 1.8935e+03    478.988      11497  1029.3401  1029.3377    34.2407    34.2378    8.11717         27 0.0000e+00
    386.000    381.648    -0.3018  28.386404    -0.2997  28.385924     4.8350     4.9109    -0.0060    95.2073 1.0000e-12  -74.17530 -113.34460  26.891309      99.87 1.8927e+03    480.141      11524  1029.3453  1029.3428    34.2414    34.2384    8.11672         27 0.0000e+00
    387.000    382.637    -0.3010  28.387426    -0.2992  28.386872     4.8327     4.9121    -0.0111    95.2174 1.0000e-12  -74.17530 -113.34460  26.891323      99.87 1.8930e+03    481.321      11553  1029.3500  1029.3477    34.2413    34.2386    8.11656         30 0.0000e+00
    388.000    383.624    -0.3008  28.388043    -0.2988  28.387669     4.8305     4.9052    -0.0158    95.2153 1.0000e-12  -74.17530 -113.34460  26.891337      99.87 1.8920e+03    482.510      11581  1029.3548  1029.3524    34.2414    34.2386    8.11652         28 0.0000e+00
    389.000    384.613    -0.2999  28.389436    -0.2980  28.389114     4.8298     4.9121    -0.0057    95.2194 1.0000e-12  -74.17530 -113.34460  26.891351      99.86 1.8915e+03    483.706      11610  1029.3597  1029.3575    34.2416    34.2391    8.11632         29 0.0000e+00
    390.000    385.600    -0.2991  28.390822    -0.2971  28.390431     4.8253     4.9124    -0.0156    95.2043 1.0000e-12  -74.17530 -113.34460  26.891365      99.87 1.8910e+03    484.919      11639  1029.3646  1029.3623    34.2419    34.2392    8.11611         29 0.0000e+00
    391.000    386.588    -0.2982  28.392134    -0.2966  28.391426     4.8199     4.8995    -0.0182    95.1876 1.0000e-12  -74.17530 -113.34460  26.891379      99.87 1.8896e+03    486.116      11668  1029.3695  1029.3671    34.2421    34.2393    8.11592         28 0.0000e+00
    392.000    387.576    -0.2899  28.401281    -0.2871  28.401544     4.8123     4.8993    -0.0017    95.2211 1.0000e-12  -74.17530 -113.34460  26.891392      99.86 1.8897e+03    487.287      11696  1029.3754  1029.3729    34.2444    34.2416    8.11403         29 0.0000e+00
    393.000    388.563    -0.2768  28.414954    -0.2746  28.414726     4.8122     4.8951    -0.0017    95.2163 1.0000e-12  -74.17530 -113.34460  26.891406      81.04 1.8901e+03    488.467      11724  1029.3814  1029.3790    34.2473    34.2445    8.11106         28 0.0000e+00
    394.000    389.551    -0.2726  28.419615    -0.2706  28.419223     4.8028     4.8844    -0.0036    95.2080 1.0000e-12  -74.17530 -113.34459  26.891420      89.95 1.8911e+03    489.652      11753  1029.3867  1029.3844    34.2482    34.2455    8.11013         29 0.0000e+00
    395.000    390.539    -0.2658  28.427256    -0.2629  28.427483     4.8038     4.8890    -0.0128    95.1843 1.0000e-12  -74.17530 -113.34459  26.891434      99.72 1.8904e+03    490.856      11782  1029.3924  1029.3899    34.2501    34.2472    8.10856         29 0.0000e+00
    396.000    391.526    -0.2592  28.434246    -0.2589  28.432615     4.8139     4.8933    -0.0150    95.1859 1.0000e-12  -74.17530 -113.34459  26.891447      99.87 1.8896e+03    492.058      11810  1029.3978  1029.3958    34.2515    34.2489    8.10708         28 0.0000e+00
    397.000    392.515    -0.2659  28.428822    -0.2648  28.427842     4.8135     4.8920    -0.0063    95.1822 1.0000e-12  -74.17530 -113.34460  26.891461      99.86 1.8892e+03    493.238      11839  1029.4030  1029.4009    34.2511    34.2486    8.10852         28 0.0000e+00
    398.000    393.502    -0.2690  28.426631    -0.2668  28.426425     4.8144     4.8910    -0.0069    95.1871 1.0000e-12  -74.17530 -113.34458  26.891474      99.87 1.8880e+03    494.392      11866  1029.4081  1029.4057    34.2511    34.2484    8.10919         27 0.0000e+00
    399.000    394.490    -0.2687  28.427339    -0.2670  28.426771     4.8201     4.8925    -0.0154    95.1794 1.0000e-12  -74.17530 -113.34459  26.891488      99.87 1.8872e+03    495.557      11894  1029.4129  1029.4106    34.2512    34.2485    8.10913         29 0.0000e+00
    400.000    395.477    -0.2685  28.428410    -0.2662  28.428272     4.8160     4.8952    -0.0143    95.1733 1.0000e-12  -74.17530 -113.34459  26.891502      99.87 1.8869e+03    496.747      11923  1029.4181  1029.4157    34.2517    34.2490    8.10904         29 0.0000e+00
    401.000    396.466    -0.2680  28.430655    -0.2656  28.430429     4.8119     4.8919    -0.0042    95.1712 1.0000e-12  -74.17530 -113.34459  26.891516      99.87 1.8863e+03    497.945      11952  1029.4243  1029.4217    34.2536    34.2505    8.10884         28 0.0000e+00
    402.000    397.453    -0.2613  28.438207    -0.2590  28.438111     4.8125     4.8900    -0.0080    95.1823 1.0000e-12  -74.17530 -113.34460  26.891529      99.86 1.8858e+03    499.135      11980  1029.4300  1029.4278    34.2555    34.2528    8.10729         29 0.0000e+00
    403.000    398.441    -0.2533  28.447441    -0.2511  28.447266     4.8102     4.8911    -0.0170    95.1667 1.0000e-12  -74.17530 -113.34458  26.891543      99.87 1.8858e+03    500.303      12008  1029.4364  1029.4340    34.2582    34.2555    8.10544         28 0.0000e+00
    404.000    399.429    -0.2533  28.448933    -0.2508  28.448996     4.8136     4.8922    -0.0176    95.1675 1.0000e-12  -74.17530 -113.34460  26.891556      89.54 1.8868e+03    501.469      12036  1029.4423  1029.4399    34.2596    34.2569    8.10536         28 0.0000e+00
    405.000    400.416    -0.2478  28.455081    -0.2467  28.453766     4.8040     4.8851    -0.0052    95.1918 1.0000e-12  -74.17530 -113.34460  26.891570      83.84 1.8876e+03    502.662      12065  1029.4478  1029.4454    34.2610    34.2581    8.10411         29 0.0000e+00
    406.000    401.405    -0.2421  28.461228    -0.2395  28.461187     4.7986     4.8750    -0.0162    95.1858 1.0000e-12  -74.17530 -113.34460  26.891584      99.55 1.8857e+03    503.866      12094  1029.4531  1029.4505    34.2622    34.2593    8.10283         28 0.0000e+00
    407.000    402.391    -0.2295  28.474756    -0.2273  28.474523     4.7950     4.8798    -0.0127    95.1705 1.0000e-12  -74.17530 -113.34460  26.891598      99.87 1.8845e+03    505.050      12122  1029.4595  1029.4571    34.2655    34.2627    8.09997         29 0.0000e+00
    408.000    403.380    -0.2289  28.475971    -0.2272  28.475343     4.7957     4.8772    -0.0158    95.1527 1.0000e-12  -74.17530 -113.34460  26.891611      99.86 1.8851e+03    506.231      12151  1029.4646  1029.4622    34.2659    34.2631    8.09983         28 0.0000e+00
    409.000    404.367    -0.2232  28.482553    -0.2224  28.480936     4.7940     4.8666    -0.0062    95.1696 1.0000e-12  -74.17530 -113.34460  26.891625      99.87 1.8852e+03    507.410      12179  1029.4703  1029.4678    34.2676    34.2646    8.09851         29 0.0000e+00
    410.000    405.355    -0.2193  28.487005    -0.2168  28.487019     4.7920     4.8608    -0.0061    95.1776 1.0000e-12  -74.17530 -113.34460  26.891639      99.87 1.8861e+03    508.593      12207  1029.4755  1029.4731    34.2686    34.2658    8.09763         28 0.0000e+00
    411.000    406.343    -0.2127  28.494123    -0.2110  28.493553     4.7851     4.8691    -0.0054    95.1758 1.0000e-12  -74.17530 -113.34460  26.891652      99.86 1.8860e+03    509.773      12236  1029.4810  1029.4788    34.2700    34.2674    8.09614         28 0.0000e+00
    412.000    407.331    -0.2090  28.498636    -0.2075  28.497695     4.7875     4.8668    -0.0077    95.1749 1.0000e-12  -74.17530 -113.34460  26.891666      99.87 1.8852e+03    510.946      12264  1029.4865  1029.4841    34.2712    34.2683    8.09528         28 0.0000e+00
    413.000    408.319    -0.2090  28.499060    -0.2059  28.499691     4.7866     4.8641    -0.0151    95.1640 1.0000e-12  -74.17530 -113.34460  26.891680      99.86 1.8843e+03    512.120      12292  1029.4914  1029.4891    34.2713    34.2686    8.09529         27 0.0000e+00
    414.000    409.306    -0.2094  28.499386    -0.2066  28.499716     4.7928     4.8705    -0.0038    95.1684 1.0000e-12  -74.17530 -113.34460  26.891694      99.87 1.8837e+03    513.353      12321  1029.4965  1029.4942    34.2716    34.2689    8.09536         30 0.0000e+00
