ocean_section_plots/required_files/ctd/dnbp2202_ctd121.cnv
* Sea-Bird SBE 9 Data File:
* FileName = D:\Data\raw\NBP2202_CTD121.hex
* Software Version Seasave V 7.26.7.121
* Temperature SN = 1649
* Conductivity SN = 2513
* Number of Bytes Per Scan = 40
* Number of Voltage Words = 5
* Number of Scans Averaged by the Deck Unit = 1
* NMEA Latitude = 74 10.52 S
* NMEA Longitude = 113 20.65 W
* NMEA UTC (Time) = Jan 27 2022  11:04:23
* NMEA baud rate = 9600
** Ship: RVIB N.B. Palmer
** Cruise: NBP2202 Thwaites
** Station: YoYo001
** Operator: B. Bjork
# nquan = 25
# nvalues = 608                         
# units = specified
# name 0 = prDM: Pressure, Digiquartz [db]
# name 1 = depSM: Depth [salt water, m]
# name 2 = t090C: Temperature [ITS-90, deg C]
# name 3 = c0mS/cm: Conductivity [mS/cm]
# name 4 = t190C: Temperature, 2 [ITS-90, deg C]
# name 5 = c1mS/cm: Conductivity, 2 [mS/cm]
# name 6 = sbeox0ML/L: Oxygen, SBE 43 [ml/l]
# name 7 = sbeox1ML/L: Oxygen, SBE 43, 2 [ml/l]
# name 8 = flECO-AFL: Fluorescence, WET Labs ECO-AFL/FL [mg/m^3]
# name 9 = CStarTr0: Beam Transmission, WET Labs C-Star [%]
# name 10 = par: PAR/Irradiance, Biospherical/Licor
# name 11 = latitude: Latitude [deg]
# name 12 = longitude: Longitude [deg]
# name 13 = timeJ: Julian Days
# name 14 = altM: Altimeter [m]
# name 15 = spar: SPAR, Biospherical/Licor
# name 16 = timeS: Time, Elapsed [seconds]
# name 17 = scan: Scan Count
# name 18 = density00: Density [density, kg/m^3]
# name 19 = density11: Density, 2 [density, kg/m^3]
# name 20 = sal00: Salinity, Practical [PSU]
# name 21 = sal11: Salinity, Practical, 2 [PSU]
# name 22 = oxsolML/L: Oxygen Saturation, Garcia & Gordon [ml/l]
# name 23 = nbin: number of scans per bin
# name 24 = flag: flag
# span 0 =     10.000,    617.000       
# span 1 =      9.894,    609.704       
# span 2 =    -1.4226,     0.0888       
# span 3 =  27.006500,  28.923510       
# span 4 =    -1.4158,     0.0890       
# span 5 =  27.012240,  28.921986       
# span 6 =     4.6850,     8.4761       
# span 7 =     4.7332,     8.5027       
# span 8 =    -0.0225,    24.4168       
# span 9 =    69.0820,    95.6056       
# span 10 = -4.987e-06, 5.2413e+00      
# span 11 =  -74.17538,  -74.17536      
# span 12 = -113.34426, -113.34422      
# span 13 =  27.461868,  27.469729      
# span 14 =       6.98,     100.35      
# span 15 = 2.4060e+02, 2.6267e+02      
# span 16 =     42.354,    721.571      
# span 17 =       1018,      17319      
# span 18 =  1027.2266,  1030.5221      
# span 19 =  1027.2249,  1030.5199      
# span 20 =    33.7943,    34.3806      
# span 21 =    33.7922,    34.3780      
# span 22 =    8.02639,    8.38637      
# span 23 =         20,         46      
# span 24 = 0.0000e+00, 0.0000e+00      
# interval = decibars: 1                
# start_time = Jan 27 2022 11:04:23 [NMEA time, header]
# bad_flag = -9.990e-29
*END*
[from data line 116]
    126.000    124.657    -1.3901  27.114905    -1.3888  27.114775     5.5055     5.5703    -0.0209    95.5580 1.0000e-12  -74.17538 -113.34424  27.463638      88.65 2.6091e+02    195.355       4690  1027.8856  1027.8843    33.9060    33.9044    8.37448         24 0.0000e+00
    127.000    125.647    -1.3888  27.117523    -1.3876  27.117236     5.5110     5.5775    -0.0140    95.5577 1.0000e-12  -74.17538 -113.34424  27.463650      99.88 2.6076e+02    196.334       4713  1027.8916  1027.8902    33.9075    33.9058    8.37409         23 0.0000e+00
    128.000    126.635    -1.3853  27.124124    -1.3838  27.124098     5.5261     5.5878     0.0087    95.5526 1.0000e-12  -74.17538 -113.34424  27.463661      99.86 2.6054e+02    197.324       4737  1027.8999  1027.8984    33.9121    33.9103    8.37305         24 0.0000e+00
    129.000    127.626    -1.3814  27.130271    -1.3801  27.130024     5.5306     5.5958    -0.0139    95.5613 1.0000e-12  -74.17538 -113.34424  27.463673      99.87 2.6076e+02    198.316       4761  1027.9072  1027.9057    33.9154    33.9136    8.37197         24 0.0000e+00
    130.000    128.615    -1.3833  27.130090    -1.3822  27.129875     5.5354     5.5916    -0.0027    95.5655 1.0000e-12  -74.17538 -113.34424  27.463684      99.87 2.6040e+02    199.297       4784  1027.9132  1027.9119    33.9167    33.9152    8.37232         24 0.0000e+00
    131.000    129.603    -1.3832  27.131876    -1.3815  27.131921     5.5288     5.5820    -0.0058    95.5145 1.0000e-12  -74.17538 -113.34424  27.463695      99.86 2.6014e+02    200.282       4808  1027.9194  1027.9179    33.9184    33.9166    8.37219         23 0.0000e+00
    132.000    130.593    -1.3713  27.143323    -1.3706  27.142476     5.5091     5.5750    -0.0173    95.5486 1.0000e-12  -74.17538 -113.34424  27.463707      99.87 2.5973e+02    201.278       4832  1027.9248  1027.9232    33.9200    33.9181    8.36942         24 0.0000e+00
    133.000    131.580    -1.3662  27.148326    -1.3634  27.149319     5.5023     5.5702    -0.0186    95.5815 1.0000e-12  -74.17538 -113.34424  27.463718      99.87 2.5991e+02    202.258       4855  1027.9297  1027.9281    33.9205    33.9187    8.36824         23 0.0000e+00
    134.000    132.571    -1.3604  27.152981    -1.3597  27.152034     5.5051     5.5741    -0.0122    95.5806 1.0000e-12  -74.17536 -113.34424  27.463730      99.86 2.6025e+02    203.232       4879  1027.9336  1027.9320    33.9198    33.9177    8.36701         24 0.0000e+00
    135.000    133.559    -1.3719  27.142457    -1.3700  27.142955     5.5083     5.5746    -0.0098    95.5731 1.0000e-12  -74.17538 -113.34424  27.463741      99.86 2.6003e+02    204.225       4902  1027.9375  1027.9363    33.9177    33.9162    8.36970         24 0.0000e+00
    136.000    134.548    -1.3766  27.138756    -1.3721  27.141717     5.4900     5.5535    -0.0137    95.5790 1.0000e-12  -74.17536 -113.34426  27.463752      99.87 2.5991e+02    205.210       4926  1027.9424  1027.9413    33.9173    33.9162    8.37078         23 0.0000e+00
    137.000    135.538    -1.3665  27.148823    -1.3650  27.148535     5.4554     5.5196    -0.0076    95.5730 1.0000e-12  -74.17536 -113.34424  27.463764      99.86 2.5980e+02    206.200       4950  1027.9480  1027.9462    33.9191    33.9170    8.36841         24 0.0000e+00
    138.000    136.527    -1.3424  27.172519    -1.3324  27.178999     5.4272     5.4977    -0.0077    95.5687 1.0000e-12  -74.17536 -113.34424  27.463775      99.87 2.5958e+02    207.197       4974  1027.9550  1027.9525    33.9237    33.9212    8.36273         24 0.0000e+00
    139.000    137.515    -1.3113  27.201002    -1.3095  27.200166     5.4178     5.4896    -0.0077    95.5779 1.0000e-12  -74.17536 -113.34424  27.463787      96.39 2.5939e+02    208.179       4997  1027.9606  1027.9580    33.9269    33.9238    8.35557         23 0.0000e+00
    140.000    138.504    -1.2985  27.213833    -1.2972  27.213390     5.4172     5.4920    -0.0152    95.4071 1.0000e-12  -74.17536 -113.34424  27.463798      76.86 2.5913e+02    209.148       5021  1027.9668  1027.9651    33.9294    33.9273    8.35255         23 0.0000e+00
    141.000    139.493    -1.2983  27.215365    -1.2969  27.214901     5.4230     5.4930    -0.0150    95.1425 1.0000e-12  -74.17536 -113.34424  27.463809      67.62 2.5914e+02    210.121       5044  1027.9728  1027.9711    33.9306    33.9285    8.35243         24 0.0000e+00
    142.000    140.482    -1.2983  27.216099    -1.2972  27.215617     5.4280     5.4937    -0.0150    95.5696 1.0000e-12  -74.17536 -113.34424  27.463821     100.35 2.5914e+02    211.098       5067  1027.9782  1027.9766    33.9310    33.9291    8.35241         23 0.0000e+00
    143.000    141.470    -1.2997  27.215601    -1.2977  27.215651     5.4357     5.4950    -0.0150    95.5785 1.0000e-12  -74.17536 -113.34424  27.463832      99.87 2.5914e+02    212.069       5091  1027.9835  1027.9817    33.9313    33.9292    8.35271         24 0.0000e+00
    144.000    142.459    -1.3024  27.214257    -1.3007  27.214103     5.4403     5.5004    -0.0150    95.5381 1.0000e-12  -74.17536 -113.34424  27.463843      99.86 2.5914e+02    213.052       5114  1027.9890  1027.9873    33.9319    33.9297    8.35327         24 0.0000e+00
    145.000    143.449    -1.3021  27.215077    -1.3008  27.214404     5.4393     5.5022    -0.0131    95.5700 1.0000e-12  -74.17536 -113.34424  27.463855      99.86 2.5914e+02    214.042       5138  1027.9940  1027.9921    33.9320    33.9297    8.35319         23 0.0000e+00
    146.000    144.439    -1.3010  27.216497    -1.2997  27.216229     5.4340     5.4950    -0.0086    95.5698 1.0000e-12  -74.17536 -113.34424  27.463866      99.86 2.5914e+02    215.018       5161  1027.9990  1027.9975    33.9322    33.9303    8.35296         24 0.0000e+00
    147.000    145.426    -1.2996  27.218660    -1.2981  27.218163     5.4373     5.5017    -0.0149    95.5583 1.0000e-12  -74.17536 -113.34424  27.463877      99.86 2.5914e+02    215.999       5185  1028.0044  1028.0024    33.9329    33.9306    8.35259         24 0.0000e+00
    148.000    146.418    -1.2975  27.220894    -1.2961  27.220643     5.4374     5.5046    -0.0150    95.5676 1.0000e-12  -74.17536 -113.34424  27.463889      99.87 2.5914e+02    216.986       5209  1028.0093  1028.0076    33.9330    33.9311    8.35213         23 0.0000e+00
    149.000    147.403    -1.2964  27.222968    -1.2952  27.222399     5.4372     5.5053    -0.0077    95.5610 1.0000e-12  -74.17536 -113.34424  27.463900      99.86 2.5914e+02    217.960       5232  1028.0148  1028.0130    33.9339    33.9318    8.35181         23 0.0000e+00
    150.000    148.394    -1.2963  27.224167    -1.2956  27.223154     5.4368     5.5052    -0.0187    95.5538 1.0000e-12  -74.17536 -113.34424  27.463911      99.86 2.5914e+02    218.934       5255  1028.0204  1028.0186    33.9349    33.9327    8.35174         24 0.0000e+00
    151.000    149.383    -1.2964  27.224710    -1.2948  27.224511     5.4378     5.5032    -0.0224    95.5599 1.0000e-12  -74.17536 -113.34424  27.463923      99.87 2.5914e+02    219.915       5279  1028.0255  1028.0237    33.9351    33.9330    8.35175         23 0.0000e+00
    152.000    150.372    -1.2937  27.227702    -1.2928  27.226671     5.4368     5.4953    -0.0185    95.5689 1.0000e-12  -74.17536 -113.34424  27.463934      99.87 2.5914e+02    220.882       5302  1028.0305  1028.0285    33.9356    33.9331    8.35112         23 0.0000e+00
    153.000    151.360    -1.2928  27.229101    -1.2912  27.228774     5.4342     5.4944    -0.0150    95.5677 1.0000e-12  -74.17536 -113.34424  27.463945      97.92 2.5914e+02    221.841       5325  1028.0356  1028.0336    33.9358    33.9335    8.35091         23 0.0000e+00
    154.000    152.348    -1.2900  27.232440    -1.2884  27.232087     5.4355     5.5007    -0.0169    95.5634 1.0000e-12  -74.17536 -113.34424  27.463956      99.29 2.5914e+02    222.813       5349  1028.0408  1028.0390    33.9366    33.9343    8.35022         24 0.0000e+00
    155.000    153.339    -1.2873  27.235844    -1.2858  27.235376     5.4371     5.5019    -0.0223    95.5578 1.0000e-12  -74.17536 -113.34424  27.463967      99.85 2.5914e+02    223.778       5372  1028.0463  1028.0444    33.9376    33.9353    8.34957         23 0.0000e+00
    156.000    154.327    -1.2866  27.237205    -1.2851  27.236901     5.4385     5.5040    -0.0224    95.5621 1.0000e-12  -74.17536 -113.34424  27.463979      99.86 2.5914e+02    224.741       5395  1028.0515  1028.0497    33.9380    33.9359    8.34938         23 0.0000e+00
    157.000    155.316    -1.2867  27.237848    -1.2850  27.237406     5.4416     5.5070    -0.0001    95.5570 1.0000e-12  -74.17536 -113.34424  27.463990      99.86 2.5914e+02    225.717       5418  1028.0567  1028.0546    33.9385    33.9359    8.34939         24 0.0000e+00
    158.000    156.305    -1.2867  27.238263    -1.2852  27.237969     5.4357     5.5044    -0.0127    95.5555 1.0000e-12  -74.17536 -113.34424  27.464001      99.87 2.5914e+02    226.680       5441  1028.0615  1028.0597    33.9384    33.9362    8.34939         23 0.0000e+00
    159.000    157.293    -1.2865  27.238960    -1.2849  27.238608     5.4372     5.5027    -0.0097    95.5642 1.0000e-12  -74.17536 -113.34424  27.464012      99.87 2.5914e+02    227.648       5465  1028.0663  1028.0645    33.9384    33.9362    8.34933         23 0.0000e+00
    160.000    158.284    -1.2859  27.240034    -1.2842  27.239767     5.4440     5.5026    -0.0160    95.5610 1.0000e-12  -74.17536 -113.34424  27.464023      99.86 2.5914e+02    228.622       5488  1028.0713  1028.0694    33.9386    33.9364    8.34919         23 0.0000e+00
    161.000    159.271    -1.2855  27.240976    -1.2842  27.240352     5.4410     5.4992    -0.0225    95.5644 1.0000e-12  -74.17536 -113.34424  27.464035      99.86 2.5914e+02    229.593       5511  1028.0762  1028.0743    33.9388    33.9365    8.34908         23 0.0000e+00
    162.000    160.261    -1.2871  27.239833    -1.2851  27.240030     5.4483     5.4967    -0.0198    95.5712 1.0000e-12  -74.17536 -113.34424  27.464046      99.86 2.5914e+02    230.555       5534  1028.0809  1028.0792    33.9385    33.9364    8.34947         23 0.0000e+00
    163.000    161.250    -1.2882  27.239452    -1.2867  27.239150     5.4465     5.4970    -0.0162    95.5623 1.0000e-12  -74.17536 -113.34424  27.464057      99.87 2.5914e+02    231.525       5558  1028.0859  1028.0841    33.9386    33.9365    8.34971         24 0.0000e+00
    164.000    162.238    -1.2879  27.240224    -1.2863  27.239991     5.4406     5.5022    -0.0223    95.5666 1.0000e-12  -74.17536 -113.34424  27.464068      99.86 2.5914e+02    232.491       5581  1028.0908  1028.0889    33.9387    33.9365    8.34964         23 0.0000e+00
    165.000    163.227    -1.2867  27.242106    -1.2851  27.241866     5.4440     5.5054    -0.0221    95.5788 1.0000e-12  -74.17536 -113.34424  27.464079      99.87 2.5914e+02    233.448       5604  1028.0960  1028.0941    33.9393    33.9371    8.34933         23 0.0000e+00
    166.000    164.216    -1.2860  27.243166    -1.2845  27.242830     5.4432     5.5048    -0.0224    95.5700 1.0000e-12  -74.17536 -113.34424  27.464090      94.55 2.5914e+02    234.415       5627  1028.1008  1028.0989    33.9393    33.9371    8.34918         23 0.0000e+00
    167.000    165.204    -1.2859  27.243845    -1.2845  27.243461     5.4486     5.5057    -0.0163    95.5711 1.0000e-12  -74.17536 -113.34424  27.464102      99.48 2.5914e+02    235.378       5650  1028.1057  1028.1040    33.9395    33.9374    8.34913         23 0.0000e+00
    168.000    166.194    -1.2869  27.243878    -1.2856  27.243559     5.4666     5.5260    -0.0195    95.5599 1.0000e-12  -74.17536 -113.34424  27.464113      99.86 2.5914e+02    236.335       5673  1028.1111  1028.1094    33.9401    33.9381    8.34934         23 0.0000e+00
    169.000    167.182    -1.2873  27.244249    -1.2859  27.243905     5.4851     5.5456    -0.0185    95.5644 1.0000e-12  -74.17536 -113.34424  27.464124      99.86 2.5914e+02    237.297       5696  1028.1161  1028.1144    33.9404    33.9383    8.34939         23 0.0000e+00
    170.000    168.170    -1.2878  27.248455    -1.2857  27.249306     5.5029     5.5604    -0.0173    95.5711 1.0000e-12  -74.17536 -113.34424  27.464135      99.86 2.5914e+02    238.254       5719  1028.1257  1028.1245    33.9462    33.9449    8.34918         23 0.0000e+00
    171.000    169.161    -1.2849  27.257536    -1.2836  27.257090     5.5143     5.5711    -0.0208    95.5733 1.0000e-12  -74.17536 -113.34424  27.464146      99.87 2.5914e+02    239.201       5742  1028.1371  1028.1354    33.9547    33.9526    8.34801         23 0.0000e+00
    172.000    170.149    -1.2846  27.258900    -1.2834  27.258572     5.5184     5.5739    -0.0151    95.5733 1.0000e-12  -74.17536 -113.34424  27.464157      99.87 2.5914e+02    240.157       5765  1028.1427  1028.1411    33.9556    33.9537    8.34790         23 0.0000e+00
    173.000    171.138    -1.2859  27.259824    -1.2845  27.259395     5.5176     5.5778    -0.0150    95.5533 1.0000e-12  -74.17536 -113.34424  27.464168      99.86 2.5914e+02    241.121       5788  1028.1493  1028.1474    33.9577    33.9555    8.34806         23 0.0000e+00
    174.000    172.129    -1.2851  27.261431    -1.2837  27.260884     5.5216     5.5784    -0.0150    95.5721 1.0000e-12  -74.17536 -113.34424  27.464179      99.86 2.5914e+02    242.075       5811  1028.1546  1028.1526    33.9584    33.9560    8.34784         23 0.0000e+00
    175.000    173.113    -1.2853  27.261860    -1.2838  27.261430     5.5179     5.5900    -0.0150    95.5677 1.0000e-12  -74.17536 -113.34424  27.464190      99.86 2.5914e+02    243.042       5834  1028.1596  1028.1577    33.9586    33.9563    8.34788         23 0.0000e+00
    176.000    174.106    -1.2861  27.261985    -1.2845  27.261698     5.5218     5.5853    -0.0150    95.5791 1.0000e-12  -74.17536 -113.34424  27.464202      99.86 2.5914e+02    244.014       5857  1028.1647  1028.1629    33.9590    33.9568    8.34802         23 0.0000e+00
    177.000    175.093    -1.2870  27.261940    -1.2857  27.261586     5.5220     5.5873    -0.0108    95.5812 1.0000e-12  -74.17536 -113.34424  27.464213      99.86 2.5914e+02    244.969       5880  1028.1699  1028.1682    33.9594    33.9574    8.34821         23 0.0000e+00
    178.000    176.082    -1.2868  27.262963    -1.2854  27.262533     5.5226     5.5938    -0.0102    95.5789 1.0000e-12  -74.17536 -113.34424  27.464224      99.87 2.5914e+02    245.924       5903  1028.1751  1028.1733    33.9600    33.9577    8.34814         23 0.0000e+00
    179.000    177.071    -1.2864  27.263967    -1.2848  27.263815     5.5257     5.5942    -0.0167    95.5812 1.0000e-12  -74.17536 -113.34424  27.464235      99.87 2.5914e+02    246.888       5926  1028.1801  1028.1784    33.9602    33.9582    8.34802         23 0.0000e+00
    180.000    178.060    -1.2847  27.267129    -1.2834  27.266523     5.5322     5.5946    -0.0173    95.5969 1.0000e-12  -74.17536 -113.34424  27.464246      95.22 2.5914e+02    247.834       5949  1028.1862  1028.1843    33.9620    33.9597    8.34754         23 0.0000e+00
    181.000    179.047    -1.2830  27.270218    -1.2816  27.269835     5.5335     5.5976     0.0434    95.5779 1.0000e-12  -74.17536 -113.34425  27.464257      64.80 2.5914e+02    248.789       5972  1028.1923  1028.1906    33.9637    33.9617    8.34706         23 0.0000e+00
    182.000    180.038    -1.2817  27.272518    -1.2801  27.272237     5.5250     5.5987     0.1323    95.5745 1.0000e-12  -74.17536 -113.34425  27.464268      84.62 2.5914e+02    249.745       5995  1028.1979  1028.1960    33.9647    33.9626    8.34670         23 0.0000e+00
