ocean_section_plots/required_files/ctd/dnbp2202_ctd105.cnv
* Sea-Bird SBE 9 Data File:
* FileName = D:\Data\raw\NBP2202_CTD105.hex
* Software Version Seasave V 7.26.7.121
* Temperature SN = 1649
* Conductivity SN = 2513
* Number of Bytes Per Scan = 40
* Number of Voltage Words = 5
* Number of Scans Averaged by the Deck Unit = 1
* NMEA Latitude = 74 10.52 S
* NMEA Longitude = 113 20.65 W
* NMEA UTC (Time) = Jan 27 2022  04:47:53
* NMEA baud rate = 9600
** Ship: RVIB N.B. Palmer
** Cruise: NBP2202 Thwaites
** Station: YoYo001
** Operator: B. Bjork
# nquan = 25
# nvalues = 608                         
# units = specified
# name 0 = prDM: Pressure, Digiquartz [db]
# name 1 = depSM: Depth [salt water, m]
# name 2 = t090C: Temperature [ITS-90, deg C]
# name 3 = c0mS/cm: Conductivity [mS/cm]
# name 4 = t190C: Temperature, 2 [ITS-90, deg C]
# name 5 = c1mS/cm: Conductivity, 2 [mS/cm]
# name 6 = sbeox0ML/L: Oxygen, SBE 43 [ml/l]
# name 7 = sbeox1ML/L: Oxygen, SBE 43, 2 [ml/l]
# name 8 = flECO-AFL: Fluorescence, WET Labs ECO-AFL/FL [mg/m^3]
# name 9 = CStarTr0: Beam Transmission, WET Labs C-Star [%]
# name 10 = par: PAR/Irradiance, Biospherical/Licor
# name 11 = latitude: Latitude [deg]
# name 12 = longitude: Longitude [deg]
# name 13 = timeJ: Julian Days
# name 14 = altM: Altimeter [m]
# name 15 = spar: SPAR, Biospherical/Licor
# name 16 = timeS: Time, Elapsed [seconds]
# name 17 = scan: Scan Count
# name 18 = density00: Density [density, kg/m^3]
# name 19 = density11: Density, 2 [density, kg/m^3]
# name 20 = sal00: Salinity, Practical [PSU]
# name 21 = sal11: Salinity, Practical, 2 [PSU]
# name 22 = oxsolML/L: Oxygen Saturation, Garcia & Gordon [ml/l]
# name 23 = nbin: number of scans per bin
# name 24 = flag: flag
# span 0 =     10.000,    617.000       
# span 1 =      9.896,    609.705       
# span 2 =    -1.4807,     0.1214       
# span 3 =  26.961657,  28.958091       
# span 4 =    -1.4810,     0.1237       
# span 5 =  26.960777,  28.957797       
# span 6 =     4.6950,     8.7733       
# span 7 =     4.7636,     8.7240       
# span 8 =    -0.0225,    27.1732       
# span 9 =    67.6689,    95.5331       
# span 10 = 1.0000e-12, 4.8978e+00      
# span 11 =  -74.17536,  -74.17536      
# span 12 = -113.34428, -113.34424      
# span 13 =  27.200313,  27.208698      
# span 14 =       7.90,     100.08      
# span 15 = 1.6395e+02, 1.9215e+02      
# span 16 =     34.069,    758.503      
# span 17 =        819,      18205      
# span 18 =  1027.2267,  1030.5269      
# span 19 =  1027.2260,  1030.5243      
# span 20 =    33.7925,    34.3892      
# span 21 =    33.7916,    34.3862      
# span 22 =    8.01907,    8.40031      
# span 23 =         10,         47      
# span 24 = 0.0000e+00, 0.0000e+00      
# interval = decibars: 1                
# start_time = Jan 27 2022 04:47:53 [NMEA time, header]
# bad_flag = -9.990e-29
*END*
[from data line 232]
    242.000    239.355    -0.8808  27.698907    -0.8798  27.696715     5.1332     5.2323    -0.0221    95.5044 1.0000e-12  -74.17536 -113.34427  27.203447      99.87 1.7981e+02    304.858       7318  1028.5395  1028.5362    34.0558    34.0517    8.25261         24 0.0000e+00
    243.000    240.344    -0.8618  27.717172    -0.8605  27.716294     5.1255     5.2260    -0.0132    95.4905 1.0000e-12  -74.17536 -113.34427  27.203459      85.33 1.7981e+02    305.854       7342  1028.5454  1028.5432    34.0586    34.0559    8.24829         24 0.0000e+00
    244.000    241.332    -0.8613  27.718073    -0.8605  27.716891     5.1338     5.2367    -0.0104    95.4710 1.0000e-12  -74.17536 -113.34427  27.203471      98.69 1.8018e+02    306.861       7366  1028.5506  1028.5484    34.0586    34.0561    8.24818         24 0.0000e+00
    245.000    242.320    -0.8640  27.715997    -0.8619  27.716136     5.1198     5.2260    -0.0150    95.4657 1.0000e-12  -74.17536 -113.34427  27.203482      99.87 1.8009e+02    307.877       7390  1028.5554  1028.5535    34.0582    34.0560    8.24879         25 0.0000e+00
    246.000    243.310    -0.8612  27.719431    -0.8591  27.719179     5.0807     5.1840    -0.0168    95.4551 1.0000e-12  -74.17536 -113.34427  27.203494      99.86 1.7981e+02    308.889       7414  1028.5609  1028.5586    34.0590    34.0563    8.24812         24 0.0000e+00
    247.000    244.297    -0.8429  27.738335    -0.8385  27.738802     5.0487     5.1457    -0.0178    95.4442 1.0000e-12  -74.17536 -113.34427  27.203506      99.87 1.7981e+02    309.903       7439  1028.5680  1028.5642    34.0634    34.0591    8.24386         24 0.0000e+00
    248.000    245.285    -0.7886  27.788247    -0.7875  27.786259     5.0392     5.1383    -0.0081    95.4257 1.0000e-12  -74.17536 -113.34427  27.203518      99.87 1.7981e+02    310.916       7463  1028.5737  1028.5705    34.0692    34.0653    8.23166         24 0.0000e+00
    249.000    246.275    -0.7793  27.798009    -0.7777  27.797364     5.0449     5.1356    -0.0223    95.4239 1.0000e-12  -74.17536 -113.34427  27.203529      99.86 1.7981e+02    311.908       7487  1028.5798  1028.5776    34.0712    34.0686    8.22951         24 0.0000e+00
    250.000    247.263    -0.7810  27.798713    -0.7792  27.798109     5.0532     5.1412    -0.0146    95.4034 1.0000e-12  -74.17536 -113.34427  27.203541      99.87 1.7981e+02    312.903       7511  1028.5869  1028.5846    34.0735    34.0706    8.22975         24 0.0000e+00
    251.000    248.253    -0.7807  27.799326    -0.7791  27.798787     5.0561     5.1433    -0.0150    95.4029 1.0000e-12  -74.17536 -113.34427  27.203552      99.87 1.7981e+02    313.913       7535  1028.5920  1028.5899    34.0734    34.0709    8.22970         25 0.0000e+00
    252.000    249.239    -0.7816  27.799619    -0.7801  27.799171     5.0540     5.1468    -0.0150    95.3737 1.0000e-12  -74.17536 -113.34427  27.203564      99.87 1.7981e+02    314.931       7559  1028.5977  1028.5957    34.0742    34.0718    8.22985         24 0.0000e+00
    253.000    250.229    -0.7820  27.799713    -0.7809  27.798733     5.0547     5.1447    -0.0150    95.3627 1.0000e-12  -74.17536 -113.34427  27.203576      99.87 1.7981e+02    315.948       7584  1028.6027  1028.6006    34.0741    34.0716    8.22992         24 0.0000e+00
    254.000    251.217    -0.7823  27.799021    -0.7806  27.798837     5.0568     5.1446    -0.0063    95.3616 1.0000e-12  -74.17536 -113.34427  27.203588      99.87 1.7981e+02    316.962       7608  1028.6068  1028.6049    34.0730    34.0708    8.23007         25 0.0000e+00
    255.000    252.205    -0.7825  27.799718    -0.7804  27.799385     5.0608     5.1500    -0.0151    95.3573 1.0000e-12  -74.17536 -113.34427  27.203599      99.87 1.7981e+02    317.958       7632  1028.6122  1028.6097    34.0735    34.0707    8.23008         23 0.0000e+00
    256.000    253.193    -0.7724  27.812560    -0.7705  27.811853     5.0582     5.1497    -0.0216    95.3422 1.0000e-12  -74.17536 -113.34427  27.203611      94.64 1.7981e+02    318.951       7656  1028.6207  1028.6180    34.0789    34.0757    8.22757         24 0.0000e+00
    257.000    254.182    -0.7645  27.821262    -0.7627  27.820930     5.0580     5.1411    -0.0140    95.3413 1.0000e-12  -74.17536 -113.34427  27.203622      94.87 1.7981e+02    319.952       7680  1028.6268  1028.6247    34.0812    34.0786    8.22571         24 0.0000e+00
    258.000    255.172    -0.7630  27.823164    -0.7618  27.822148     5.0513     5.1367    -0.0083    95.3369 1.0000e-12  -74.17536 -113.34427  27.203634      98.82 1.7981e+02    320.959       7704  1028.6319  1028.6296    34.0814    34.0787    8.22537         25 0.0000e+00
    259.000    256.159    -0.7588  27.828056    -0.7567  27.827659     5.0437     5.1347    -0.0138    95.3477 1.0000e-12  -74.17536 -113.34427  27.203646      99.86 1.7981e+02    321.977       7728  1028.6375  1028.6351    34.0827    34.0798    8.22438         24 0.0000e+00
    260.000    257.146    -0.7454  27.842153    -0.7436  27.841434     5.0282     5.1208    -0.0130    95.3503 1.0000e-12  -74.17536 -113.34427  27.203657      99.87 1.7981e+02    322.997       7753  1028.6441  1028.6416    34.0860    34.0831    8.22127         25 0.0000e+00
    261.000    258.136    -0.7390  27.849360    -0.7363  27.849567     5.0247     5.1157    -0.0128    95.3337 1.0000e-12  -74.17536 -113.34427  27.203669      99.87 1.7981e+02    324.004       7777  1028.6501  1028.6478    34.0879    34.0852    8.21976         23 0.0000e+00
    262.000    259.125    -0.7237  27.865807    -0.7230  27.863747     5.0178     5.1018    -0.0138    95.3393 1.0000e-12  -74.17536 -113.34426  27.203681      99.87 1.7981e+02    325.002       7801  1028.6574  1028.6545    34.0922    34.0887    8.21617         24 0.0000e+00
    263.000    260.114    -0.7134  27.876488    -0.7115  27.876020     5.0130     5.0943    -0.0053    95.3452 1.0000e-12  -74.17536 -113.34426  27.203692      99.87 1.7981e+02    326.008       7825  1028.6634  1028.6610    34.0945    34.0917    8.21380         25 0.0000e+00
    264.000    261.099    -0.7068  27.884165    -0.7046  27.883670     5.0093     5.0932    -0.0122    95.3392 1.0000e-12  -74.17536 -113.34426  27.203704      99.87 1.7981e+02    327.013       7849  1028.6697  1028.6671    34.0968    34.0937    8.21223         24 0.0000e+00
    265.000    262.090    -0.6996  27.891931    -0.6976  27.891726     5.0064     5.0942    -0.0141    95.3402 1.0000e-12  -74.17536 -113.34426  27.203716      99.87 1.7981e+02    328.021       7874  1028.6757  1028.6734    34.0986    34.0960    8.21058         24 0.0000e+00
    266.000    263.077    -0.6995  27.892549    -0.6978  27.892002     5.0019     5.0924    -0.0141    95.3308 1.0000e-12  -74.17536 -113.34426  27.203727      99.87 1.8009e+02    329.039       7898  1028.6807  1028.6784    34.0987    34.0960    8.21054         25 0.0000e+00
    267.000    264.066    -0.6982  27.894640    -0.6963  27.894107     5.0013     5.0838    -0.0141    95.3285 1.0000e-12  -74.17536 -113.34426  27.203739      99.87 1.7960e+02    330.050       7922  1028.6861  1028.6837    34.0994    34.0965    8.21021         24 0.0000e+00
    268.000    265.055    -0.6927  27.900162    -0.6913  27.899259     4.9998     5.0850    -0.0129    95.3316 1.0000e-12  -74.17536 -113.34426  27.203751      99.87 1.7908e+02    331.049       7946  1028.6912  1028.6889    34.1001    34.0973    8.20899         24 0.0000e+00
    269.000    266.043    -0.6912  27.901943    -0.6895  27.901565     5.0072     5.0837    -0.0129    95.3327 1.0000e-12  -74.17536 -113.34426  27.203762      77.45 1.7944e+02    332.048       7970  1028.6960  1028.6940    34.1002    34.0977    8.20865         24 0.0000e+00
    270.000    267.030    -0.6915  27.902141    -0.6894  27.902088     5.0047     5.0838    -0.0166    95.3146 1.0000e-12  -74.17536 -113.34426  27.203774      92.55 1.7943e+02    333.048       7994  1028.7010  1028.6989    34.1002    34.0977    8.20872         23 0.0000e+00
    271.000    268.019    -0.6910  27.903159    -0.6889  27.902931     4.9954     5.0781    -0.0203    95.3194 1.0000e-12  -74.17536 -113.34426  27.203785      99.86 1.7847e+02    334.041       8018  1028.7060  1028.7037    34.1004    34.0977    8.20860         25 0.0000e+00
    272.000    269.008    -0.6843  27.909884    -0.6826  27.909183     4.9964     5.0744    -0.0193    95.3230 1.0000e-12  -74.17536 -113.34426  27.203797      99.87 1.7878e+02    335.046       8042  1028.7110  1028.7086    34.1013    34.0984    8.20709         24 0.0000e+00
    273.000    269.997    -0.6814  27.913119    -0.6795  27.912647     4.9940     5.0726    -0.0132    95.3103 1.0000e-12  -74.17536 -113.34426  27.203808      99.87 1.7929e+02    336.053       8066  1028.7161  1028.7137    34.1018    34.0990    8.20643         24 0.0000e+00
    274.000    270.983    -0.6797  27.915212    -0.6778  27.914912     4.9868     5.0783    -0.0118    95.3057 1.0000e-12  -74.17536 -113.34426  27.203820      99.86 1.7827e+02    337.047       8090  1028.7211  1028.7190    34.1021    34.0996    8.20605         23 0.0000e+00
    275.000    271.973    -0.6770  27.919035    -0.6756  27.918020     4.9941     5.0745    -0.0135    95.3019 1.0000e-12  -74.17536 -113.34424  27.203832      99.87 1.7847e+02    338.045       8114  1028.7270  1028.7245    34.1036    34.1006    8.20537         25 0.0000e+00
    276.000    272.962    -0.6751  27.921808    -0.6738  27.920685     4.9922     5.0683    -0.0129    95.3016 1.0000e-12  -74.17536 -113.34426  27.203843      99.87 1.7929e+02    339.056       8138  1028.7325  1028.7300    34.1046    34.1016    8.20490         24 0.0000e+00
    277.000    273.950    -0.6708  27.927686    -0.6690  27.926884     4.9888     5.0724    -0.0129    95.2822 1.0000e-12  -74.17536 -113.34424  27.203855      99.86 1.7827e+02    340.066       8163  1028.7390  1028.7364    34.1071    34.1039    8.20383         24 0.0000e+00
    278.000    274.937    -0.6639  27.935780    -0.6620  27.935286     4.9896     5.0718    -0.0188    95.2752 1.0000e-12  -74.17536 -113.34426  27.203867      99.86 1.7805e+02    341.077       8187  1028.7454  1028.7430    34.1096    34.1068    8.20219         25 0.0000e+00
    279.000    275.926    -0.6601  27.940396    -0.6582  27.939950     4.9873     5.0732    -0.0157    95.2886 1.0000e-12  -74.17536 -113.34424  27.203878      99.86 1.7914e+02    342.092       8211  1028.7511  1028.7488    34.1110    34.1082    8.20128         24 0.0000e+00
    280.000    276.914    -0.6581  27.942887    -0.6564  27.942301     4.9878     5.0672    -0.0132    95.2973 1.0000e-12  -74.17536 -113.34426  27.203890      99.87 1.7827e+02    343.100       8235  1028.7562  1028.7539    34.1115    34.1087    8.20082         24 0.0000e+00
    281.000    277.903    -0.6571  27.944389    -0.6551  27.944176     4.9841     5.0662    -0.0166    95.2811 1.0000e-12  -74.17536 -113.34424  27.203902      99.86 1.7827e+02    344.112       8260  1028.7612  1028.7590    34.1117    34.1091    8.20058         24 0.0000e+00
    282.000    278.892    -0.6578  27.944326    -0.6560  27.943911     4.9828     5.0646    -0.0197    95.2937 1.0000e-12  -74.17536 -113.34426  27.203914      99.54 1.7925e+02    345.127       8284  1028.7661  1028.7640    34.1118    34.1092    8.20073         25 0.0000e+00
    283.000    279.879    -0.6549  27.947782    -0.6526  27.947480     4.9789     5.0559    -0.0175    95.2930 1.0000e-12  -74.17536 -113.34424  27.203925      95.14 1.7806e+02    346.139       8308  1028.7714  1028.7689    34.1126    34.1096    8.20005         24 0.0000e+00
    284.000    280.868    -0.6487  27.953942    -0.6467  27.953718     4.9772     5.0562    -0.0141    95.2887 1.0000e-12  -74.17536 -113.34426  27.203937      99.85 1.7805e+02    347.150       8333  1028.7764  1028.7742    34.1133    34.1107    8.19867         24 0.0000e+00
    285.000    281.856    -0.6459  27.957264    -0.6436  27.957253     4.9745     5.0504    -0.0156    95.2793 1.0000e-12  -74.17536 -113.34424  27.203949      99.86 1.7805e+02    348.165       8357  1028.7815  1028.7793    34.1140    34.1114    8.19802         25 0.0000e+00
    286.000    282.844    -0.6386  27.965624    -0.6360  27.965788     4.9690     5.0583    -0.0063    95.2812 1.0000e-12  -74.17536 -113.34426  27.203960      99.87 1.7805e+02    349.179       8381  1028.7878  1028.7855    34.1165    34.1138    8.19630         24 0.0000e+00
    287.000    283.832    -0.6344  27.970454    -0.6326  27.969961     4.9691     5.0603    -0.0199    95.2919 1.0000e-12  -74.17536 -113.34424  27.203972      99.87 1.7820e+02    350.183       8405  1028.7933  1028.7910    34.1176    34.1149    8.19532         24 0.0000e+00
    288.000    284.823    -0.6345  27.970913    -0.6324  27.970651     4.9713     5.0503    -0.0119    95.2833 1.0000e-12  -74.17536 -113.34426  27.203984      99.87 1.7930e+02    351.191       8430  1028.7982  1028.7959    34.1177    34.1150    8.19533         24 0.0000e+00
    289.000    285.808    -0.6353  27.970676    -0.6336  27.970047     4.9734     5.0518    -0.0195    95.2824 1.0000e-12  -74.17536 -113.34424  27.203996      99.87 1.7805e+02    352.210       8454  1028.8031  1028.8008    34.1177    34.1149    8.19551         25 0.0000e+00
    290.000    286.798    -0.6356  27.970895    -0.6337  27.970618     4.9721     5.0538    -0.0119    95.2823 1.0000e-12  -74.17536 -113.34426  27.204007      99.86 1.7805e+02    353.233       8479  1028.8080  1028.8059    34.1177    34.1152    8.19557         24 0.0000e+00
    291.000    287.786    -0.6363  27.970794    -0.6343  27.970434     4.9762     5.0581    -0.0130    95.2824 1.0000e-12  -74.17536 -113.34424  27.204019      99.86 1.7814e+02    354.257       8503  1028.8129  1028.8106    34.1178    34.1151    8.19572         25 0.0000e+00
    292.000    288.774    -0.6373  27.970289    -0.6358  27.969729     4.9724     5.0577    -0.0132    95.2705 1.0000e-12  -74.17536 -113.34426  27.204031      99.87 1.7805e+02    355.269       8527  1028.8177  1028.8157    34.1176    34.1152    8.19595         24 0.0000e+00
    293.000    289.762    -0.6380  27.970483    -0.6357  27.970584     4.9760     5.0580    -0.0065    95.2683 1.0000e-12  -74.17536 -113.34426  27.204043      99.86 1.7805e+02    356.273       8552  1028.8229  1028.8207    34.1181    34.1156    8.19608         24 0.0000e+00
    294.000    290.751    -0.6356  27.974082    -0.6332  27.974216     4.9748     5.0579    -0.0123    95.2813 1.0000e-12  -74.17536 -113.34426  27.204054      99.46 1.7805e+02    357.276       8576  1028.8288  1028.8265    34.1196    34.1170    8.19547         24 0.0000e+00
    295.000    291.737    -0.6312  27.978974    -0.6291  27.978817     4.9722     5.0512    -0.0147    95.2926 1.0000e-12  -74.17536 -113.34426  27.204066      95.18 1.7805e+02    358.288       8600  1028.8340  1028.8318    34.1206    34.1180    8.19445         25 0.0000e+00
    296.000    292.727    -0.6297  27.980883    -0.6273  27.980948     4.9641     5.0463    -0.0141    95.2792 1.0000e-12  -74.17536 -113.34426  27.204078      93.46 1.7805e+02    359.303       8624  1028.8390  1028.8367    34.1209    34.1183    8.19412         24 0.0000e+00
    297.000    293.716    -0.6218  27.989076    -0.6192  27.988962     4.9667     5.0463    -0.0166    95.2899 1.0000e-12  -74.17536 -113.34426  27.204089      99.37 1.7805e+02    360.323       8649  1028.8444  1028.8418    34.1225    34.1194    8.19232         24 0.0000e+00
    298.000    294.703    -0.6197  27.991725    -0.6182  27.991209     4.9682     5.0509    -0.0132    95.2906 1.0000e-12  -74.17536 -113.34426  27.204101      99.87 1.7805e+02    361.343       8673  1028.8495  1028.8475    34.1231    34.1207    8.19183         25 0.0000e+00
