ocean_section_plots/required_files/ctd/dnbp2202_ctd182.cnv
* Sea-Bird SBE 9 Data File:
* FileName = D:\Data\raw\NBP2202_CTD182.hex
* Software Version Seasave V 7.26.7.121
* Temperature SN = 1649
* Conductivity SN = 2513
* Number of Bytes Per Scan = 40
* Number of Voltage Words = 5
* Number of Scans Averaged by the Deck Unit = 1
* NMEA Latitude = 74 05.97 S
* NMEA Longitude = 111 32.48 W
* NMEA UTC (Time) = Feb 04 2022  02:40:27
* NMEA baud rate = 9600
** Ship: RVIB N.B. Palmer
** Cruise: NBP2202 Thwaites
** Station: 104
** Operator: A. Robinson
# nquan = 28
# nvalues = 227                         
# units = specified
# name 0 = prDM: Pressure, Digiquartz [db]
# name 1 = depSM: Depth [salt water, m]
# name 2 = t090C: Temperature [ITS-90, deg C]
# name 3 = c0mS/cm: Conductivity [mS/cm]
# name 4 = t190C: Temperature, 2 [ITS-90, deg C]
# name 5 = c1mS/cm: Conductivity, 2 [mS/cm]
# name 6 = sbeox0ML/L: Oxygen, SBE 43 [ml/l]
# name 7 = sbeox1ML/L: Oxygen, SBE 43, 2 [ml/l]
# name 8 = flECO-AFL: Fluorescence, WET Labs ECO-AFL/FL [mg/m^3]
# name 9 = CStarTr0: Beam Transmission, WET Labs C-Star [%]
# name 10 = par: PAR/Irradiance, Biospherical/Licor
# name 11 = latitude: Latitude [deg]
# name 12 = longitude: Longitude [deg]
# name 13 = timeJ: Julian Days
# name 14 = altM: Altimeter [m]
# name 15 = spar: SPAR, Biospherical/Licor
# name 16 = timeS: Time, Elapsed [seconds]
# name 17 = scan: Scan Count
# name 18 = density00: Density [density, kg/m^3]
# name 19 = density11: Density, 2 [density, kg/m^3]
# name 20 = v3: Voltage 3
# name 21 = v4: Voltage 4
# name 22 = v5: Voltage 5
# name 23 = sal00: Salinity, Practical [PSU]
# name 24 = sal11: Salinity, Practical, 2 [PSU]
# name 25 = oxsolML/L: Oxygen Saturation, Garcia & Gordon [ml/l]
# name 26 = nbin: number of scans per bin
# name 27 = flag: flag
# span 0 =      2.000,    228.000       
# span 1 =      1.979,    225.517       
# span 2 =    -1.5788,    -0.9674       
# span 3 =  27.029021,  27.340629       
# span 4 =    -1.5784,    -0.9658       
# span 5 =  27.028870,  27.342819       
# span 6 =     6.1366,     8.5008       
# span 7 =     6.2903,     8.6615       
# span 8 =     0.0771,    24.8620       
# span 9 =    72.0664,    98.4495       
# span 10 = -2.316e-05, 4.1471e+02      
# span 11 =  -74.09952,  -74.09952      
# span 12 = -111.54144, -111.54140      
# span 13 =  35.113989,  35.118591      
# span 14 =       4.14,     100.03      
# span 15 = 1.1460e+03, 1.1736e+03      
# span 16 =    221.639,    619.253      
# span 17 =       5320,      14863      
# span 18 =  1027.1977,  1028.4913      
# span 19 =  1027.2022,  1028.4901      
# span 20 =     3.4194,     4.6702      
# span 21 =     0.0835,     3.6584      
# span 22 =     0.1127,     0.2335      
# span 23 =    33.8120,    34.0510      
# span 24 =    33.8146,    34.0497      
# span 25 =    8.28583,    8.41291      
# span 26 =         24,         48      
# span 27 = 0.0000e+00, 0.0000e+00      
# interval = decibars: 1                
# start_time = Feb 04 2022 02:40:27 [NMEA time, header]
# bad_flag = -9.990e-29
*END*
[from data line 104]
    106.000    104.876    -1.4896  27.031881    -1.4901  27.031892     6.6941     6.8773     3.3734    92.6420 1.0000e-12  -74.09952 -111.54140  35.116149      99.76 1.1669e+03    408.234       9799  1027.8022  1027.8028     4.3949     0.6262     0.1292    33.9172    33.9178    8.39623         30 0.0000e+00
    107.000    105.867    -1.4891  27.032833    -1.4895  27.032749     6.6875     6.8730     3.3167    92.7729 1.0000e-12  -74.09952 -111.54140  35.116163      99.72 1.1657e+03    409.480       9829  1027.8070  1027.8074     4.4011     0.7387     0.1314    33.9172    33.9176    8.39611         28 0.0000e+00
    108.000    106.854    -1.4883  27.033806    -1.4887  27.033637     6.6928     6.8698     3.1904    93.0481 1.0000e-12  -74.09952 -111.54140  35.116177      99.76 1.1670e+03    410.707       9858  1027.8116  1027.8119     4.4142     0.6008     0.1377    33.9170    33.9173    8.39594         29 0.0000e+00
    109.000    107.843    -1.4882  27.034258    -1.4888  27.034193     6.6939     6.8756     3.3182    93.1485 1.0000e-12  -74.09952 -111.54141  35.116191      93.50 1.1670e+03    411.902       9887  1027.8163  1027.8169     4.4189     0.5617     0.1337    33.9169    33.9175    8.39592         28 0.0000e+00
    110.000    108.833    -1.4884  27.034636    -1.4889  27.034558     6.6933     6.8776     3.3072    92.8077 1.0000e-12  -74.09952 -111.54140  35.116205      99.81 1.1658e+03    413.075       9915  1027.8213  1027.8217     4.4027     0.5876     0.1368    33.9171    33.9176    8.39596         28 0.0000e+00
    111.000    109.822    -1.4887  27.034769    -1.4894  27.034657     6.6921     6.8716     3.4779    92.9848 1.0000e-12  -74.09952 -111.54142  35.116218      99.78 1.1670e+03    414.245       9943  1027.8261  1027.8266     4.4112     0.5315     0.1319    33.9170    33.9176    8.39604         28 0.0000e+00
    112.000    110.812    -1.4892  27.034900    -1.4898  27.034897     6.6832     6.8532     4.1014    92.5619 1.0000e-12  -74.09952 -111.54140  35.116232      99.75 1.1670e+03    415.415       9971  1027.8310  1027.8314     4.3911     0.6209     0.1409    33.9171    33.9177    8.39615         28 0.0000e+00
    113.000    111.800    -1.4870  27.037392    -1.4863  27.038197     6.6755     6.8437     3.6528    93.1356 1.0000e-12  -74.09952 -111.54142  35.116245      99.77 1.1669e+03    416.571       9999  1027.8358  1027.8360     4.4183     0.5976     0.1245    33.9174    33.9177    8.39563         28 0.0000e+00
    114.000    112.789    -1.4852  27.039069    -1.4853  27.039476     6.6576     6.8378     3.4872    93.1369 1.0000e-12  -74.09952 -111.54142  35.116258      99.78 1.1670e+03    417.725      10026  1027.8403  1027.8408     4.4183     0.5308     0.1312    33.9171    33.9177    8.39525         28 0.0000e+00
    115.000    113.778    -1.4857  27.039322    -1.4861  27.039164     6.6231     6.8048     3.4083    93.3135 1.0000e-12  -74.09952 -111.54142  35.116272      99.76 1.1670e+03    418.884      10054  1027.8453  1027.8456     4.4265     0.5814     0.1341    33.9173    33.9176    8.39534         28 0.0000e+00
    116.000    114.768    -1.4853  27.041865    -1.4855  27.042030     6.5949     6.7842     4.5018    92.6662 1.0000e-12  -74.09952 -111.54142  35.116285      99.76 1.1670e+03    420.032      10082  1027.8521  1027.8525     4.3963     0.6301     0.1303    33.9197    33.9202    8.39510         27 0.0000e+00
    117.000    115.757    -1.4868  27.043152    -1.4874  27.042981     6.5826     6.7711     3.4102    92.4269 1.0000e-12  -74.09952 -111.54142  35.116298      99.77 1.1669e+03    421.183      10109  1027.8594  1027.8598     4.3847     0.5692     0.1292    33.9227    33.9231    8.39528         28 0.0000e+00
    118.000    116.745    -1.4865  27.043719    -1.4872  27.043533     6.5610     6.7476     3.1391    92.9732 1.0000e-12  -74.09952 -111.54142  35.116312      99.78 1.1671e+03    422.348      10137  1027.8640  1027.8645     4.4106     0.4993     0.1340    33.9225    33.9230    8.39522         28 0.0000e+00
    119.000    117.734    -1.4884  27.043649    -1.4895  27.043426     6.5294     6.7132     2.7296    93.1109 1.0000e-12  -74.09952 -111.54142  35.116325      99.78 1.1668e+03    423.519      10165  1027.8701  1027.8708     4.4171     0.5107     0.1328    33.9239    33.9248    8.39556         28 0.0000e+00
    120.000    118.725    -1.4933  27.042780    -1.4937  27.042618     6.5030     6.6879     3.0571    93.0819 1.0000e-12  -74.09952 -111.54142  35.116339      93.11 1.1665e+03    424.682      10193  1027.8781  1027.8784     4.4158     0.4890     0.1289    33.9276    33.9279    8.39644         28 0.0000e+00
    121.000    119.714    -1.4945  27.043426    -1.4948  27.043353     6.4896     6.6760     2.6212    93.2482 1.0000e-12  -74.09952 -111.54142  35.116353      99.80 1.1668e+03    425.854      10222  1027.8843  1027.8846     4.4236     0.3945     0.1279    33.9292    33.9295    8.39661         28 0.0000e+00
    122.000    120.702    -1.4946  27.044215    -1.4949  27.044100     6.4696     6.6580     2.4086    92.8892 1.0000e-12  -74.09952 -111.54142  35.116366      99.81 1.1661e+03    427.031      10250  1027.8896  1027.8898     4.4066     0.3873     0.1316    33.9299    33.9300    8.39661         28 0.0000e+00
    123.000    121.691    -1.4957  27.045382    -1.4964  27.045129     6.4665     6.6426     1.9160    93.9539 1.0000e-12  -74.09952 -111.54142  35.116380      99.79 1.1656e+03    428.207      10278  1027.8962  1027.8966     4.4571     0.4846     0.1355    33.9320    33.9325    8.39671         28 0.0000e+00
    124.000    122.680    -1.4974  27.045216    -1.4983  27.044945     6.4758     6.6442     1.8473    94.1071 1.0000e-12  -74.09952 -111.54142  35.116393      99.80 1.1663e+03    429.389      10306  1027.9020  1027.9026     4.4643     0.4067     0.1265    33.9331    33.9338    8.39703         29 0.0000e+00
    125.000    123.670    -1.5151  27.036491    -1.5170  27.036200     6.4825     6.6530     1.8039    94.0860 1.0000e-12  -74.09952 -111.54142  35.116407      99.80 1.1661e+03    430.563      10335  1027.9139  1027.9154     4.4634     0.4268     0.1310    33.9406    33.9423    8.40058         28 0.0000e+00
    126.000    124.658    -1.5332  27.029442    -1.5336  27.029587     6.4815     6.6551     1.4427    94.9162 1.0000e-12  -74.09952 -111.54142  35.116420      99.80 1.1655e+03    431.715      10362  1027.9281  1027.9285     4.5027     0.3837     0.1263    33.9509    33.9515    8.40407         27 0.0000e+00
    127.000    125.647    -1.5381  27.029021    -1.5383  27.028870     6.4822     6.6624     1.1544    94.8517 1.0000e-12  -74.09952 -111.54142  35.116434      99.80 1.1669e+03    432.877      10390  1027.9365  1027.9365     4.4997     0.3593     0.1254    33.9552    33.9552    8.40491         29 0.0000e+00
    128.000    126.637    -1.5388  27.029269    -1.5392  27.029260     6.4786     6.6580     1.5098    95.2361 1.0000e-12  -74.09952 -111.54142  35.116447      99.82 1.1669e+03    434.056      10418  1027.9416  1027.9421     4.5179     0.3135     0.1243    33.9557    33.9562    8.40504         28 0.0000e+00
    129.000    127.625    -1.5388  27.029904    -1.5392  27.029712     6.4768     6.6527     1.2331    95.6810 1.0000e-12  -74.09952 -111.54142  35.116461      99.82 1.1650e+03    435.228      10446  1027.9464  1027.9467     4.5390     0.2913     0.1205    33.9559    33.9562    8.40502         28 0.0000e+00
    130.000    128.615    -1.5376  27.032432    -1.5382  27.032018     6.4744     6.6512     1.2446    95.7447 1.0000e-12  -74.09952 -111.54142  35.116474      99.81 1.1669e+03    436.388      10474  1027.9523  1027.9525     4.5420     0.2904     0.1294    33.9574    33.9577    8.40466         27 0.0000e+00
    131.000    129.604    -1.5377  27.032941    -1.5382  27.032878     6.4792     6.6486     1.0232    96.1911 1.0000e-12  -74.09952 -111.54143  35.116488      88.99 1.1668e+03    437.533      10502  1027.9573  1027.9576     4.5632     0.2620     0.1204    33.9577    33.9581    8.40468         28 0.0000e+00
    132.000    130.592    -1.5377  27.033486    -1.5380  27.033403     6.4784     6.6517     1.3043    95.9965 1.0000e-12  -74.09952 -111.54143  35.116501      98.84 1.1660e+03    438.680      10529  1027.9620  1027.9622     4.5539     0.3303     0.1216    33.9578    33.9580    8.40467         28 0.0000e+00
    133.000    131.582    -1.5377  27.033886    -1.5380  27.033858     6.4788     6.6476     2.7690    96.2742 1.0000e-12  -74.09952 -111.54143  35.116514      59.72 1.1656e+03    439.848      10557  1027.9668  1027.9670     4.5672     0.2638     0.1214    33.9578    33.9581    8.40468         28 0.0000e+00
    134.000    132.570    -1.5377  27.034485    -1.5381  27.034275     6.4761     6.6470     0.9394    96.9426 1.0000e-12  -74.09952 -111.54143  35.116528      97.92 1.1656e+03    441.024      10586  1027.9717  1027.9718     4.5988     0.3027     0.1226    33.9579    33.9581    8.40466         28 0.0000e+00
    135.000    133.560    -1.5374  27.035293    -1.5377  27.035218     6.4758     6.6432     1.1790    96.6978 1.0000e-12  -74.09952 -111.54142  35.116541      98.97 1.1645e+03    442.183      10613  1027.9765  1027.9767     4.5872     0.2381     0.1196    33.9581    33.9583    8.40459         28 0.0000e+00
    136.000    134.548    -1.5373  27.035777    -1.5378  27.035580     6.4715     6.6425     0.9968    96.4684 1.0000e-12  -74.09952 -111.54142  35.116555      98.40 1.1644e+03    443.337      10641  1027.9813  1027.9814     4.5764     0.2201     0.1191    33.9580    33.9582    8.40457         28 0.0000e+00
    137.000    135.538    -1.5367  27.036727    -1.5373  27.036358     6.4720     6.6387     0.9931    96.8102 1.0000e-12  -74.09952 -111.54142  35.116568      97.26 1.1640e+03    444.503      10669  1027.9859  1027.9861     4.5925     0.2642     0.1171    33.9580    33.9581    8.40443         28 0.0000e+00
    138.000    136.527    -1.5357  27.038008    -1.5366  27.037426     6.4669     6.6377     0.8306    96.8583 1.0000e-12  -74.09952 -111.54142  35.116582      96.21 1.1636e+03    445.676      10697  1027.9906  1027.9909     4.5948     0.2271     0.1212    33.9580    33.9582    8.40420         28 0.0000e+00
    139.000    137.516    -1.5364  27.038129    -1.5366  27.038045     6.4683     6.6398     1.1654    96.6756 1.0000e-12  -74.09952 -111.54142  35.116596      95.15 1.1635e+03    446.858      10726  1027.9958  1027.9958     4.5862     0.2281     0.1210    33.9584    33.9584    8.40435         29 0.0000e+00
    140.000    138.504    -1.5365  27.038498    -1.5369  27.038328     6.4747     6.6365     1.1896    97.0601 1.0000e-12  -74.09952 -111.54143  35.116609      94.16 1.1635e+03    448.049      10754  1028.0005  1028.0007     4.6044     0.2042     0.1194    33.9583    33.9585    8.40436         28 0.0000e+00
    141.000    139.494    -1.5374  27.037960    -1.5375  27.038143     6.4717     6.6398     1.0857    96.8357 1.0000e-12  -74.09952 -111.54142  35.116623      93.21 1.1635e+03    449.215      10782  1028.0051  1028.0054     4.5938     0.2619     0.1206    33.9580    33.9583    8.40459         27 0.0000e+00
    142.000    140.483    -1.5362  27.039923    -1.5359  27.040189     6.4659     6.6394     0.9494    96.8562 1.0000e-12  -74.09952 -111.54144  35.116636      92.14 1.1631e+03    450.372      10810  1028.0104  1028.0104     4.5947     0.2289     0.1173    33.9587    33.9588    8.40428         28 0.0000e+00
    143.000    141.470    -1.5356  27.040943    -1.5351  27.041343     6.4662     6.6320     0.9305    96.4707 1.0000e-12  -74.09952 -111.54142  35.116650      91.07 1.1641e+03    451.538      10838  1028.0152  1028.0152     4.5765     0.2746     0.1202    33.9587    33.9588    8.40413         28 0.0000e+00
    144.000    142.461    -1.5368  27.040446    -1.5370  27.040280     6.4671     6.6339     0.9986    96.7414 1.0000e-12  -74.09952 -111.54142  35.116663      90.07 1.1635e+03    452.698      10866  1028.0202  1028.0202     4.5893     0.2367     0.1191    33.9589    33.9589    8.40440         28 0.0000e+00
    145.000    143.450    -1.5368  27.041137    -1.5368  27.041095     6.4647     6.6345     2.4902    97.1108 1.0000e-12  -74.09952 -111.54142  35.116676      89.02 1.1632e+03    453.846      10893  1028.0252  1028.0252     4.6068     0.2043     0.1198    33.9592    33.9591    8.40438         27 0.0000e+00
    146.000    144.438    -1.5368  27.041473    -1.5370  27.041508     6.4611     6.6247     0.8809    97.2733 1.0000e-12  -74.09952 -111.54142  35.116690      87.98 1.1645e+03    455.001      10921  1028.0299  1028.0301     4.6144     0.1954     0.1210    33.9591    33.9593    8.40440         29 0.0000e+00
    147.000    145.428    -1.5366  27.042981    -1.5368  27.042825     6.4603     6.6354     0.7835    96.8677 1.0000e-12  -74.09952 -111.54142  35.116703      86.98 1.1636e+03    456.163      10949  1028.0357  1028.0357     4.5953     0.2355     0.1209    33.9602    33.9602    8.40427         27 0.0000e+00
    148.000    146.416    -1.5365  27.043044    -1.5369  27.042674     6.4574     6.6325     0.8286    97.0516 1.0000e-12  -74.09952 -111.54142  35.116717      85.95 1.1618e+03    457.323      10977  1028.0400  1028.0399     4.6040     0.2078     0.1209    33.9597    33.9596    8.40430         28 0.0000e+00
    149.000    147.407    -1.5366  27.043731    -1.5369  27.043375     6.4609     6.6306     1.1480    96.8543 1.0000e-12  -74.09952 -111.54142  35.116730      84.89 1.1622e+03    458.501      11005  1028.0451  1028.0449     4.5946     0.2223     0.1223    33.9600    33.9599    8.40428         28 0.0000e+00
    150.000    148.393    -1.5370  27.043287    -1.5371  27.043638     6.4688     6.6392     0.8869    96.8335 1.0000e-12  -74.09952 -111.54142  35.116744      83.85 1.1618e+03    459.676      11033  1028.0493  1028.0498     4.5936     0.2244     0.1195    33.9593    33.9598    8.40443         29 0.0000e+00
    151.000    149.384    -1.5372  27.043343    -1.5373  27.043343     6.4690     6.6354     0.8554    96.9958 1.0000e-12  -74.09952 -111.54142  35.116758      82.83 1.1599e+03    460.890      11062  1028.0538  1028.0539     4.6014     0.1908     0.1213    33.9589    33.9590    8.40448         31 0.0000e+00
    152.000    150.372    -1.5368  27.044326    -1.5369  27.044266     6.4645     6.6341     0.8295    97.2101 1.0000e-12  -74.09952 -111.54142  35.116774      81.75 1.1607e+03    462.282      11096  1028.0588  1028.0588     4.6115     0.2568     0.1209    33.9592    33.9592    8.40439         35 0.0000e+00
    153.000    151.361    -1.5370  27.044775    -1.5370  27.044744     6.4553     6.6295     0.8620    97.1765 1.0000e-12  -74.09952 -111.54142  35.116791      80.82 1.1604e+03    463.779      11132  1028.0638  1028.0637     4.6099     0.2233     0.1199    33.9594    33.9593    8.40441         36 0.0000e+00
    154.000    152.349    -1.5371  27.045646    -1.5372  27.045770     6.4523     6.6221     1.2303    96.8669 1.0000e-12  -74.09952 -111.54142  35.116809      79.72 1.1595e+03    465.275      11168  1028.0692  1028.0694     4.5953     0.1961     0.1205    33.9602    33.9603    8.40440         36 0.0000e+00
    155.000    153.339    -1.5371  27.046672    -1.5370  27.046574     6.4336     6.6054     1.2807    96.3904 1.0000e-12  -74.09952 -111.54142  35.116826      78.69 1.1608e+03    466.753      11203  1028.0746  1028.0744     4.5727     0.2004     0.1205    33.9609    33.9607    8.40434         35 0.0000e+00
    156.000    154.328    -1.5350  27.050745    -1.5346  27.051570     6.4175     6.5960     1.3917    97.2606 1.0000e-12  -74.09952 -111.54142  35.116843      77.62 1.1606e+03    468.260      11239  1028.0815  1028.0819     4.6138     0.2275     0.1199    33.9636    33.9642    8.40372         37 0.0000e+00
