ocean_section_plots/required_files/ctd/dnbp2202_ctd120.cnv
* Sea-Bird SBE 9 Data File:
* FileName = D:\Data\raw\NBP2202_CTD120.hex
* Software Version Seasave V 7.26.7.121
* Temperature SN = 1649
* Conductivity SN = 2513
* Number of Bytes Per Scan = 40
* Number of Voltage Words = 5
* Number of Scans Averaged by the Deck Unit = 1
* NMEA Latitude = 74 10.52 S
* NMEA Longitude = 113 20.65 W
* NMEA UTC (Time) = Jan 27 2022  10:40:49
* NMEA baud rate = 9600
** Ship: RVIB N.B. Palmer
** Cruise: NBP2202 Thwaites
** Station: YoYo001
** Operator: B. Bjork
# nquan = 25
# nvalues = 608                         
# units = specified
# name 0 = prDM: Pressure, Digiquartz [db]
# name 1 = depSM: Depth [salt water, m]
# name 2 = t090C: Temperature [ITS-90, deg C]
# name 3 = c0mS/cm: Conductivity [mS/cm]
# name 4 = t190C: Temperature, 2 [ITS-90, deg C]
# name 5 = c1mS/cm: Conductivity, 2 [mS/cm]
# name 6 = sbeox0ML/L: Oxygen, SBE 43 [ml/l]
# name 7 = sbeox1ML/L: Oxygen, SBE 43, 2 [ml/l]
# name 8 = flECO-AFL: Fluorescence, WET Labs ECO-AFL/FL [mg/m^3]
# name 9 = CStarTr0: Beam Transmission, WET Labs C-Star [%]
# name 10 = par: PAR/Irradiance, Biospherical/Licor
# name 11 = latitude: Latitude [deg]
# name 12 = longitude: Longitude [deg]
# name 13 = timeJ: Julian Days
# name 14 = altM: Altimeter [m]
# name 15 = spar: SPAR, Biospherical/Licor
# name 16 = timeS: Time, Elapsed [seconds]
# name 17 = scan: Scan Count
# name 18 = density00: Density [density, kg/m^3]
# name 19 = density11: Density, 2 [density, kg/m^3]
# name 20 = sal00: Salinity, Practical [PSU]
# name 21 = sal11: Salinity, Practical, 2 [PSU]
# name 22 = oxsolML/L: Oxygen Saturation, Garcia & Gordon [ml/l]
# name 23 = nbin: number of scans per bin
# name 24 = flag: flag
# span 0 =     10.000,    617.000       
# span 1 =      9.897,    609.708       
# span 2 =    -1.4193,     0.0921       
# span 3 =  27.015840,  28.927217       
# span 4 =    -1.4182,     0.0939       
# span 5 =  27.015895,  28.925926       
# span 6 =     4.6777,     8.5731       
# span 7 =     4.7296,     8.6475       
# span 8 =    -0.0221,    29.0324       
# span 9 =    69.0216,    95.6130       
# span 10 = 1.0000e-12, 4.9189e+00      
# span 11 =  -74.17538,  -74.17536      
# span 12 = -113.34426, -113.34424      
# span 13 =  27.445312,  27.452837      
# span 14 =       7.03,     102.99      
# span 15 = 2.2741e+02, 2.3447e+02      
# span 16 =     25.968,    676.082      
# span 17 =        624,      16227      
# span 18 =  1027.2267,  1030.5233      
# span 19 =  1027.2266,  1030.5207      
# span 20 =    33.7926,    34.3819      
# span 21 =    33.7904,    34.3792      
# span 22 =    8.02560,    8.38534      
# span 23 =         16,         49      
# span 24 = 0.0000e+00, 0.0000e+00      
# interval = decibars: 1                
# start_time = Jan 27 2022 10:40:49 [NMEA time, header]
# bad_flag = -9.990e-29
*END*
[from data line 174]
    184.000    182.014    -1.2920  27.261516    -1.2904  27.261233     5.5373     5.6068    -0.0077    95.5872 1.0000e-12  -74.17536 -113.34425  27.447379      99.87 2.3446e+02    204.544       4910  1028.2042  1028.2024    33.9601    33.9579    8.34928         25 0.0000e+00
    185.000    183.004    -1.2925  27.262093    -1.2911  27.261728     5.5425     5.6093    -0.0151    95.5841 1.0000e-12  -74.17536 -113.34425  27.447391      99.86 2.3446e+02    205.591       4935  1028.2096  1028.2078    33.9608    33.9587    8.34934         25 0.0000e+00
    186.000    183.992    -1.2910  27.264750    -1.2895  27.264392     5.5363     5.6034    -0.0150    95.5914 1.0000e-12  -74.17536 -113.34425  27.447403      99.86 2.3446e+02    206.634       4960  1028.2154  1028.2136    33.9622    33.9600    8.34894         25 0.0000e+00
    187.000    184.981    -1.2841  27.273421    -1.2827  27.272882     5.5365     5.5988    -0.0150    95.5955 1.0000e-12  -74.17536 -113.34425  27.447415      99.86 2.3446e+02    207.669       4985  1028.2225  1028.2205    33.9656    33.9632    8.34719         25 0.0000e+00
    188.000    185.970    -1.2645  27.297300    -1.2619  27.297313     5.5362     5.5972    -0.0089    95.5914 1.0000e-12  -74.17536 -113.34425  27.447427      99.86 2.3446e+02    208.701       5010  1028.2341  1028.2316    33.9755    33.9726    8.34222         25 0.0000e+00
    189.000    186.958    -1.2499  27.312691    -1.2481  27.312661     5.5235     5.5918    -0.0134    95.5966 1.0000e-12  -74.17536 -113.34425  27.447439      85.82 2.3446e+02    209.718       5034  1028.2412  1028.2394    33.9795    33.9773    8.33874         24 0.0000e+00
    190.000    187.947    -1.2463  27.316962    -1.2434  27.317972     5.5150     5.5858    -0.0101    95.6107 1.0000e-12  -74.17536 -113.34425  27.447451      97.93 2.3446e+02    210.733       5059  1028.2468  1028.2452    33.9806    33.9787    8.33786         24 0.0000e+00
    191.000    188.936    -1.2379  27.326240    -1.2364  27.325503     5.5162     5.5887    -0.0077    95.6130 1.0000e-12  -74.17536 -113.34425  27.447462      99.88 2.3446e+02    211.757       5083  1028.2532  1028.2510    33.9831    33.9805    8.33583         25 0.0000e+00
    192.000    189.926    -1.2339  27.330634    -1.2326  27.330124     5.5170     5.5852    -0.0116    95.5999 1.0000e-12  -74.17536 -113.34425  27.447474      99.86 2.3431e+02    212.768       5107  1028.2586  1028.2568    33.9840    33.9818    8.33489         24 0.0000e+00
    193.000    190.912    -1.2309  27.334326    -1.2296  27.333834     5.5096     5.5845    -0.0150    95.6093 1.0000e-12  -74.17536 -113.34425  27.447486      99.87 2.3407e+02    213.763       5131  1028.2642  1028.2624    33.9851    33.9829    8.33417         23 0.0000e+00
    194.000    191.903    -1.2237  27.342673    -1.2217  27.342284     5.5009     5.5724    -0.0177    95.5994 1.0000e-12  -74.17536 -113.34425  27.447497      99.86 2.3404e+02    214.767       5155  1028.2708  1028.2685    33.9877    33.9850    8.33240         25 0.0000e+00
    195.000    192.890    -1.2095  27.357502    -1.2078  27.357386     5.4963     5.5685    -0.0187    95.5753 1.0000e-12  -74.17536 -113.34425  27.447509      99.87 2.3358e+02    215.769       5179  1028.2777  1028.2759    33.9914    33.9892    8.32903         24 0.0000e+00
    196.000    193.881    -1.2017  27.366664    -1.1998  27.366359     5.4972     5.5675    -0.0099    95.5645 1.0000e-12  -74.17536 -113.34425  27.447520      99.86 2.3387e+02    216.769       5203  1028.2846  1028.2825    33.9944    33.9919    8.32710         24 0.0000e+00
    197.000    194.868    -1.1941  27.375413    -1.1926  27.374858     5.4935     5.5592    -0.0217    95.5963 1.0000e-12  -74.17536 -113.34425  27.447532      99.87 2.3390e+02    217.786       5228  1028.2913  1028.2892    33.9971    33.9947    8.32525         25 0.0000e+00
    198.000    195.857    -1.1873  27.383754    -1.1856  27.383178     5.4802     5.5543    -0.0151    95.6009 1.0000e-12  -74.17536 -113.34425  27.447544      99.86 2.3358e+02    218.799       5252  1028.2983  1028.2961    34.0002    33.9976    8.32356         24 0.0000e+00
    199.000    196.847    -1.1733  27.398549    -1.1719  27.397666     5.4641     5.5359    -0.0077    95.5988 1.0000e-12  -74.17536 -113.34425  27.447556      99.86 2.3351e+02    219.809       5276  1028.3054  1028.3031    34.0040    34.0013    8.32022         24 0.0000e+00
    200.000    197.834    -1.1550  27.418001    -1.1531  27.417263     5.4508     5.5283    -0.0144    95.5795 1.0000e-12  -74.17536 -113.34424  27.447567      99.87 2.3336e+02    220.814       5301  1028.3133  1028.3108    34.0093    34.0061    8.31585         24 0.0000e+00
    201.000    198.822    -1.1412  27.431844    -1.1394  27.431369     5.4458     5.5190    -0.0086    95.5892 1.0000e-12  -74.17536 -113.34424  27.447579      99.86 2.3373e+02    221.819       5325  1028.3196  1028.3174    34.0119    34.0093    8.31262         24 0.0000e+00
    202.000    199.812    -1.1350  27.438511    -1.1330  27.438335     5.4297     5.5028    -0.0184    95.5634 1.0000e-12  -74.17536 -113.34424  27.447590      98.33 2.3321e+02    222.812       5348  1028.3254  1028.3233    34.0134    34.0109    8.31116         24 0.0000e+00
    203.000    200.799    -1.1272  27.446838    -1.1248  27.447017     5.4043     5.4806    -0.0177    95.5727 1.0000e-12  -74.17536 -113.34424  27.447602      95.78 2.3354e+02    223.820       5373  1028.3315  1028.3293    34.0153    34.0128    8.30932         25 0.0000e+00
    204.000    201.789    -1.1135  27.459742    -1.1145  27.456731     5.3938     5.4656    -0.0193    95.5951 1.0000e-12  -74.17536 -113.34424  27.447614      99.77 2.3322e+02    224.830       5397  1028.3368  1028.3345    34.0168    34.0138    8.30619         24 0.0000e+00
    205.000    202.777    -1.0983  27.473234    -1.0939  27.474858     5.3882     5.4663    -0.0154    95.5882 1.0000e-12  -74.17536 -113.34424  27.447625      99.87 2.3307e+02    225.836       5421  1028.3412  1028.3388    34.0174    34.0147    8.30279         24 0.0000e+00
    206.000    203.768    -1.0995  27.472634    -1.0976  27.472375     5.3780     5.4531    -0.0108    95.5722 1.0000e-12  -74.17536 -113.34424  27.447637      99.87 2.3314e+02    226.839       5445  1028.3464  1028.3443    34.0174    34.0148    8.30307         24 0.0000e+00
    207.000    204.754    -1.0969  27.475213    -1.0930  27.476729     5.3581     5.4314    -0.0165    95.5731 1.0000e-12  -74.17536 -113.34424  27.447649      99.86 2.3299e+02    227.845       5469  1028.3512  1028.3490    34.0173    34.0149    8.30249         24 0.0000e+00
    208.000    205.743    -1.0816  27.488214    -1.0810  27.487113     5.3556     5.4265    -0.0208    95.5667 1.0000e-12  -74.17536 -113.34424  27.447660      99.87 2.3314e+02    228.842       5493  1028.3550  1028.3532    34.0171    34.0149    8.29911         24 0.0000e+00
    209.000    206.733    -1.0741  27.495209    -1.0694  27.497044     5.3639     5.4288    -0.0145    95.5687 1.0000e-12  -74.17536 -113.34424  27.447672      99.86 2.3329e+02    229.844       5517  1028.3598  1028.3573    34.0175    34.0147    8.29743         24 0.0000e+00
    210.000    207.721    -1.0842  27.486846    -1.0789  27.489840     5.3667     5.4287    -0.0081    95.5626 1.0000e-12  -74.17536 -113.34424  27.447684      99.87 2.3292e+02    230.863       5542  1028.3651  1028.3632    34.0170    34.0150    8.29970         25 0.0000e+00
    211.000    208.709    -1.0834  27.488076    -1.0801  27.489131     5.3639     5.4337    -0.0148    95.5665 1.0000e-12  -74.17536 -113.34424  27.447695      99.86 2.3335e+02    231.872       5566  1028.3700  1028.3680    34.0171    34.0148    8.29951         24 0.0000e+00
    212.000    209.699    -1.0786  27.492409    -1.0783  27.491049     5.3491     5.4257    -0.0220    95.5687 1.0000e-12  -74.17536 -113.34424  27.447707      99.86 2.3279e+02    232.880       5590  1028.3745  1028.3729    34.0170    34.0148    8.29846         24 0.0000e+00
    213.000    210.686    -1.0787  27.492915    -1.0753  27.494025     5.3358     5.4074    -0.0163    95.5582 1.0000e-12  -74.17536 -113.34424  27.447719      99.86 2.3270e+02    233.885       5614  1028.3797  1028.3775    34.0171    34.0147    8.29847         24 0.0000e+00
    214.000    211.677    -1.0724  27.500196    -1.0693  27.500213     5.3216     5.3904    -0.0150    95.5487 1.0000e-12  -74.17537 -113.34424  27.447730      99.86 2.3270e+02    234.881       5638  1028.3858  1028.3829    34.0193    34.0159    8.29695         23 0.0000e+00
    215.000    212.663    -1.0462  27.522755    -1.0416  27.525181     5.3127     5.3811    -0.0147    95.5407 1.0000e-12  -74.17537 -113.34424  27.447742      85.28 2.3270e+02    235.878       5662  1028.3894  1028.3876    34.0198    34.0179    8.29112         24 0.0000e+00
    216.000    213.653    -1.0516  27.520029    -1.0460  27.522554     5.3047     5.3746    -0.0109    95.5419 1.0000e-12  -74.17537 -113.34424  27.447753      99.35 2.3270e+02    236.884       5686  1028.3962  1028.3935    34.0216    34.0187    8.29222         25 0.0000e+00
    217.000    214.642    -1.0414  27.529207    -1.0396  27.528905     5.3075     5.3786    -0.0147    95.5367 1.0000e-12  -74.17538 -113.34424  27.447765      99.86 2.3313e+02    237.884       5710  1028.4007  1028.3987    34.0220    34.0195    8.28994         24 0.0000e+00
    218.000    215.629    -1.0409  27.529834    -1.0404  27.528371     5.3152     5.3899    -0.0195    95.5262 1.0000e-12  -74.17538 -113.34424  27.447776      99.86 2.3331e+02    238.882       5734  1028.4053  1028.4033    34.0216    34.0190    8.28984         23 0.0000e+00
    219.000    216.619    -1.0440  27.528928    -1.0422  27.529138     5.3097     5.3759    -0.0165    95.5368 1.0000e-12  -74.17538 -113.34424  27.447788      99.87 2.3344e+02    239.878       5758  1028.4118  1028.4104    34.0232    34.0215    8.29043         24 0.0000e+00
    220.000    217.608    -1.0417  27.533240    -1.0402  27.532559     5.3016     5.3720    -0.0209    95.5322 1.0000e-12  -74.17538 -113.34424  27.447799      99.86 2.3366e+02    240.869       5782  1028.4187  1028.4165    34.0259    34.0233    8.28977         24 0.0000e+00
    221.000    218.597    -1.0254  27.550785    -1.0199  27.553391     5.2927     5.3661    -0.0150    95.5280 1.0000e-12  -74.17538 -113.34424  27.447811      99.86 2.3321e+02    241.860       5806  1028.4264  1028.4238    34.0308    34.0281    8.28589         24 0.0000e+00
    222.000    219.583    -1.0079  27.568667    -1.0066  27.567508     5.2739     5.3538    -0.0150    95.5269 1.0000e-12  -74.17538 -113.34424  27.447823      99.86 2.3351e+02    242.865       5830  1028.4332  1028.4308    34.0347    34.0316    8.28179         24 0.0000e+00
    223.000    220.572    -1.0026  27.575102    -1.0015  27.573919     5.2558     5.3255    -0.0150    95.5160 1.0000e-12  -74.17538 -113.34424  27.447834      99.87 2.3343e+02    243.871       5854  1028.4396  1028.4373    34.0368    34.0340    8.28049         24 0.0000e+00
    224.000    221.562    -0.9721  27.605094    -0.9692  27.605138     5.2445     5.3165    -0.0203    95.5223 1.0000e-12  -74.17538 -113.34424  27.447846      99.87 2.3390e+02    244.873       5878  1028.4471  1028.4443    34.0426    34.0394    8.27345         25 0.0000e+00
    225.000    222.551    -0.9573  27.621085    -0.9547  27.621166     5.2394     5.3070    -0.0163    95.5085 1.0000e-12  -74.17538 -113.34424  27.447857      99.86 2.3315e+02    245.868       5902  1028.4546  1028.4522    34.0470    34.0441    8.26992         23 0.0000e+00
    226.000    223.538    -0.9536  27.625870    -0.9518  27.625432     5.2317     5.2973    -0.0150    95.5162 1.0000e-12  -74.17538 -113.34424  27.447869      99.87 2.3270e+02    246.854       5925  1028.4608  1028.4586    34.0487    34.0461    8.26901         24 0.0000e+00
    227.000    224.527    -0.9503  27.629795    -0.9486  27.629212     5.2220     5.2937    -0.0108    95.4971 1.0000e-12  -74.17538 -113.34424  27.447880      90.06 2.3270e+02    247.841       5949  1028.4664  1028.4642    34.0497    34.0470    8.26823         24 0.0000e+00
    228.000    225.516    -0.9414  27.639104    -0.9394  27.638597     5.2104     5.2810    -0.0068    95.4788 1.0000e-12  -74.17538 -113.34424  27.447892      79.98 2.3270e+02    248.845       5973  1028.4724  1028.4699    34.0516    34.0487    8.26615         24 0.0000e+00
    229.000    226.505    -0.9320  27.648463    -0.9297  27.648396     5.1865     5.2590    -0.0099    95.4884 1.0000e-12  -74.17538 -113.34424  27.447904      94.53 2.3270e+02    249.862       5998  1028.4779  1028.4756    34.0531    34.0504    8.26400         24 0.0000e+00
    230.000    227.492    -0.9161  27.664969    -0.9144  27.663704     5.1579     5.2263    -0.0147    95.4935 1.0000e-12  -74.17538 -113.34424  27.447915      99.82 2.3270e+02    250.866       6022  1028.4849  1028.4819    34.0569    34.0534    8.26028         25 0.0000e+00
    231.000    228.481    -0.8847  27.695644    -0.8826  27.694804     5.1296     5.2045    -0.0128    95.5027 1.0000e-12  -74.17538 -113.34424  27.447927      99.86 2.3270e+02    251.864       6046  1028.4921  1028.4892    34.0625    34.0590    8.25307         23 0.0000e+00
    232.000    229.470    -0.8620  27.717790    -0.8583  27.718356     5.1117     5.1931    -0.0080    95.4808 1.0000e-12  -74.17538 -113.34424  27.447938      99.86 2.3270e+02    252.854       6070  1028.4986  1028.4957    34.0663    34.0630    8.24787         24 0.0000e+00
    233.000    230.459    -0.8476  27.731599    -0.8460  27.730811     5.1098     5.1787    -0.0221    95.4804 1.0000e-12  -74.17538 -113.34424  27.447949      99.86 2.3270e+02    253.834       6093  1028.5043  1028.5019    34.0682    34.0653    8.24462         23 0.0000e+00
    234.000    231.448    -0.8454  27.734738    -0.8434  27.734169     5.1066     5.1781    -0.0218    95.4765 1.0000e-12  -74.17538 -113.34424  27.447961      99.86 2.3174e+02    254.822       6117  1028.5102  1028.5077    34.0694    34.0663    8.24407         24 0.0000e+00
    235.000    232.435    -0.8358  27.744404    -0.8334  27.744118     5.0973     5.1650    -0.0139    95.4743 1.0000e-12  -74.17538 -113.34424  27.447973      99.87 2.3137e+02    255.832       6141  1028.5160  1028.5133    34.0710    34.0679    8.24187         24 0.0000e+00
    236.000    233.425    -0.8269  27.753517    -0.8253  27.752444     5.0934     5.1534    -0.0147    95.4624 1.0000e-12  -74.17538 -113.34424  27.447984      99.87 2.3179e+02    256.845       6165  1028.5217  1028.5190    34.0726    34.0694    8.23982         25 0.0000e+00
    237.000    234.412    -0.8177  27.763470    -0.8164  27.762011     5.0890     5.1492    -0.0080    95.4539 1.0000e-12  -74.17538 -113.34424  27.447996      99.86 2.3204e+02    257.862       6190  1028.5282  1028.5253    34.0751    34.0717    8.23767         24 0.0000e+00
    238.000    235.401    -0.8037  27.778000    -0.8019  27.777287     5.0902     5.1435    -0.0052    95.4485 1.0000e-12  -74.17538 -113.34424  27.448008      99.86 2.3144e+02    258.874       6214  1028.5348  1028.5323    34.0784    34.0754    8.23442         24 0.0000e+00
    239.000    236.390    -0.8015  27.780764    -0.7989  27.780731     5.0670     5.1356    -0.0099    95.4464 1.0000e-12  -74.17538 -113.34424  27.448019      99.87 2.3108e+02    259.863       6238  1028.5403  1028.5378    34.0790    34.0761    8.23390         24 0.0000e+00
    240.000    237.379    -0.7919  27.790954    -0.7899  27.790573     5.0416     5.1191    -0.0171    95.4412 1.0000e-12  -74.17538 -113.34424  27.448031      99.87 2.3116e+02    260.843       6261  1028.5466  1028.5441    34.0814    34.0786    8.23167         24 0.0000e+00
