ocean_section_plots/required_files/ctd/dnbp2202_ctd220.cnv
* Sea-Bird SBE 9 Data File:
* FileName = D:\Data\raw\NBP2202_CTD220.hex
* Software Version Seasave V 7.26.7.121
* Temperature SN = 1649
* Conductivity SN = 2513
* Number of Bytes Per Scan = 40
* Number of Voltage Words = 5
* Number of Scans Averaged by the Deck Unit = 1
* NMEA Latitude = 74 12.02 S
* NMEA Longitude = 110 54.02 W
* NMEA UTC (Time) = Feb 11 2022  12:49:20
* NMEA baud rate = 9600
** Ship: RVIB N.B. Palmer
** Cruise: NBP2202 Thwaites
** Station: 132
** Operator: B. Bjork
# nquan = 28
# nvalues = 509                         
# units = specified
# name 0 = prDM: Pressure, Digiquartz [db]
# name 1 = depSM: Depth [salt water, m]
# name 2 = t090C: Temperature [ITS-90, deg C]
# name 3 = c0mS/cm: Conductivity [mS/cm]
# name 4 = t190C: Temperature, 2 [ITS-90, deg C]
# name 5 = c1mS/cm: Conductivity, 2 [mS/cm]
# name 6 = sbeox0ML/L: Oxygen, SBE 43 [ml/l]
# name 7 = sbeox1ML/L: Oxygen, SBE 43, 2 [ml/l]
# name 8 = flECO-AFL: Fluorescence, WET Labs ECO-AFL/FL [mg/m^3]
# name 9 = CStarTr0: Beam Transmission, WET Labs C-Star [%]
# name 10 = par: PAR/Irradiance, Biospherical/Licor
# name 11 = latitude: Latitude [deg]
# name 12 = longitude: Longitude [deg]
# name 13 = timeJ: Julian Days
# name 14 = altM: Altimeter [m]
# name 15 = spar: SPAR, Biospherical/Licor
# name 16 = timeS: Time, Elapsed [seconds]
# name 17 = scan: Scan Count
# name 18 = density00: Density [density, kg/m^3]
# name 19 = density11: Density, 2 [density, kg/m^3]
# name 20 = v3: Voltage 3
# name 21 = v4: Voltage 4
# name 22 = v5: Voltage 5
# name 23 = sal00: Salinity, Practical [PSU]
# name 24 = sal11: Salinity, Practical, 2 [PSU]
# name 25 = oxsolML/L: Oxygen Saturation, Garcia & Gordon [ml/l]
# name 26 = nbin: number of scans per bin
# name 27 = flag: flag
# span 0 =      3.000,    511.000       
# span 1 =      2.968,    505.088       
# span 2 =    -1.4238,    -1.1892       
# span 3 =  26.966032,  27.527527       
# span 4 =    -1.4239,    -1.1881       
# span 5 =  26.966008,  27.527633       
# span 6 =     5.4757,     6.2712       
# span 7 =     5.6656,     6.4251       
# span 8 =    -0.0230,     1.0421       
# span 9 =    95.6496,    97.8113       
# span 10 = -2.524e-06, 2.9022e+01      
# span 11 =  -74.20042,  -74.20040      
# span 12 = -110.90038, -110.90034      
# span 13 =  42.536941,  42.544112      
# span 14 =       6.88,     100.32      
# span 15 = 7.5984e+01, 8.8096e+01      
# span 16 =    231.685,    851.285      
# span 17 =       5561,      20432      
# span 18 =  1027.2208,  1029.8712      
# span 19 =  1027.2215,  1029.8697      
# span 20 =     4.5376,     4.6400      
# span 21 =     0.0634,     0.2777      
# span 22 =     0.1235,     0.1378      
# span 23 =    33.8134,    34.0923      
# span 24 =    33.8139,    34.0906      
# span 25 =    8.32439,    8.38755      
# span 26 =         22,         68      
# span 27 = 0.0000e+00, 0.0000e+00      
# interval = decibars: 1                
# start_time = Feb 11 2022 12:49:20 [NMEA time, header]
# bad_flag = -9.990e-29
*END*
[from data line 311]
    314.000    310.513    -1.3208  27.366467    -1.3196  27.366506     6.0077     6.1625    -0.0200    97.6871 1.0000e-12  -74.20042 -110.90035  42.540967      99.89 8.4980e+01    579.527      13910  1028.9056  1028.9044     4.6341     0.0690     0.1300    34.0563    34.0549    8.35002         25 0.0000e+00
    315.000    311.502    -1.3200  27.367833    -1.3183  27.368221     5.9776     6.1684    -0.0151    97.7099 1.0000e-12  -74.20042 -110.90035  42.540979      99.92 8.6646e+01    580.545      13934  1028.9105  1028.9094     4.6351     0.0703     0.1322    34.0566    34.0553    8.34982         24 0.0000e+00
    316.000    312.491    -1.3181  27.370040    -1.3171  27.369782     5.9703     6.1701    -0.0138    97.6987 1.0000e-12  -74.20042 -110.90035  42.540990      99.92 8.5739e+01    581.542      13958  1028.9154  1028.9142     4.6347     0.0696     0.1284    34.0569    34.0554    8.34938         24 0.0000e+00
    317.000    313.479    -1.3175  27.371074    -1.3158  27.371487     5.9861     6.1630    -0.0078    97.7014 1.0000e-12  -74.20042 -110.90034  42.541001      99.92 8.4948e+01    582.509      13981  1028.9202  1028.9190     4.6348     0.0707     0.1285    34.0570    34.0557    8.34924         22 0.0000e+00
    318.000    314.466    -1.3162  27.372879    -1.3152  27.372546     5.9969     6.1640    -0.0150    97.7265 1.0000e-12  -74.20042 -110.90036  42.541013      99.92 8.6681e+01    583.483      14005  1028.9252  1028.9238     4.6360     0.0699     0.1316    34.0574    34.0558    8.34894         24 0.0000e+00
    319.000    315.455    -1.3155  27.374041    -1.3142  27.374000     5.9713     6.1609    -0.0150    97.6765 1.0000e-12  -74.20042 -110.90034  42.541024      99.92 8.6104e+01    584.490      14029  1028.9301  1028.9288     4.6337     0.0700     0.1296    34.0576    34.0561    8.34876         25 0.0000e+00
    320.000    316.443    -1.3153  27.374729    -1.3137  27.375196     5.9834     6.1496    -0.0150    97.7171 1.0000e-12  -74.20042 -110.90036  42.541036      99.92 8.5159e+01    585.495      14053  1028.9349  1028.9339     4.6355     0.0694     0.1280    34.0577    34.0565    8.34871         23 0.0000e+00
    321.000    317.431    -1.3112  27.379428    -1.3105  27.378688     5.9690     6.1538    -0.0150    97.7102 1.0000e-12  -74.20042 -110.90034  42.541047      99.92 8.6604e+01    586.481      14077  1028.9403  1028.9389     4.6352     0.0694     0.1284    34.0588    34.0571    8.34772         24 0.0000e+00
    322.000    318.420    -1.3074  27.383363    -1.3053  27.384023     5.9692     6.1482    -0.0111    97.6997 1.0000e-12  -74.20042 -110.90034  42.541059      99.92 8.6312e+01    587.465      14100  1028.9452  1028.9439     4.6347     0.0701     0.1299    34.0593    34.0579    8.34684         24 0.0000e+00
    323.000    319.407    -1.3025  27.388681    -1.3016  27.388231     5.9603     6.1472    -0.0087    97.7100 1.0000e-12  -74.20042 -110.90034  42.541070      99.92 8.5163e+01    588.453      14124  1028.9505  1028.9492     4.6352     0.0711     0.1275    34.0604    34.0587    8.34568         24 0.0000e+00
    324.000    320.396    -1.3022  27.389422    -1.3008  27.389377     5.9767     6.1502    -0.0107    97.7198 1.0000e-12  -74.20042 -110.90034  42.541082      99.92 8.6144e+01    589.463      14148  1028.9555  1028.9541     4.6356     0.0705     0.1300    34.0605    34.0589    8.34562         24 0.0000e+00
    325.000    321.383    -1.3022  27.390066    -1.3010  27.389934     6.0092     6.1414    -0.0126    97.7199 1.0000e-12  -74.20042 -110.90034  42.541093      99.03 8.6525e+01    590.470      14172  1028.9604  1028.9591     4.6357     0.0700     0.1294    34.0607    34.0592    8.34559         24 0.0000e+00
    326.000    322.372    -1.3022  27.390450    -1.3011  27.390358     5.9300     6.1506    -0.0093    97.7262 1.0000e-12  -74.20042 -110.90034  42.541105      91.23 8.4544e+01    591.457      14196  1028.9651  1028.9641     4.6360     0.0686     0.1277    34.0606    34.0593    8.34560         23 0.0000e+00
    327.000    323.359    -1.3018  27.391564    -1.3005  27.391534     6.0020     6.1546    -0.0150    97.7142 1.0000e-12  -74.20042 -110.90034  42.541116      99.88 8.6793e+01    592.453      14220  1028.9703  1028.9690     4.6354     0.0682     0.1295    34.0612    34.0596    8.34550         25 0.0000e+00
    328.000    324.348    -1.3035  27.390461    -1.3024  27.390443     5.9721     6.1565    -0.0153    97.7039 1.0000e-12  -74.20042 -110.90034  42.541128      99.92 8.6458e+01    593.468      14244  1028.9751  1028.9740     4.6349     0.0705     0.1289    34.0610    34.0597    8.34589         24 0.0000e+00
    329.000    325.334    -1.3067  27.388415    -1.3055  27.388369     5.9760     6.1581    -0.0150    97.7150 1.0000e-12  -74.20042 -110.90034  42.541140      99.92 8.5084e+01    594.454      14268  1028.9803  1028.9790     4.6354     0.0711     0.1296    34.0612    34.0597    8.34659         23 0.0000e+00
    330.000    326.324    -1.3078  27.388113    -1.3066  27.387922     5.9805     6.1643    -0.0086    97.7410 1.0000e-12  -74.20042 -110.90034  42.541151      99.93 8.6549e+01    595.426      14291  1028.9853  1028.9839     4.6367     0.0699     0.1341    34.0614    34.0597    8.34682         23 0.0000e+00
    331.000    327.312    -1.3061  27.389754    -1.3055  27.389141     6.0040     6.1711    -0.0135    97.7316 1.0000e-12  -74.20042 -110.90034  42.541162      99.92 8.6379e+01    596.406      14315  1028.9897  1028.9885     4.6362     0.0707     0.1323    34.0610    34.0595    8.34645         24 0.0000e+00
    332.000    328.299    -1.3107  27.386467    -1.3090  27.386743     5.9909     6.1698    -0.0202    97.7228 1.0000e-12  -74.20042 -110.90034  42.541173      99.93 8.4908e+01    597.386      14338  1028.9948  1028.9936     4.6359     0.0694     0.1300    34.0611    34.0596    8.34747         23 0.0000e+00
    333.000    329.289    -1.3120  27.385537    -1.3106  27.385846     6.0245     6.1687    -0.0224    97.6991 1.0000e-12  -74.20042 -110.90034  42.541185      99.92 8.6010e+01    598.344      14361  1028.9994  1028.9984     4.6347     0.0697     0.1292    34.0608    34.0596    8.34779         23 0.0000e+00
    334.000    330.276    -1.3128  27.385636    -1.3122  27.385000     5.9608     6.1684    -0.0168    97.7333 1.0000e-12  -74.20042 -110.90034  42.541196      99.92 8.6610e+01    599.327      14385  1029.0046  1029.0033     4.6363     0.0690     0.1266    34.0612    34.0596    8.34795         24 0.0000e+00
    335.000    331.264    -1.3127  27.386164    -1.3117  27.385878     5.9801     6.1715    -0.0075    97.7348 1.0000e-12  -74.20042 -110.90034  42.541208      99.92 8.4652e+01    600.353      14409  1029.0093  1029.0080     4.6364     0.0703     0.1309    34.0612    34.0596    8.34792         25 0.0000e+00
    336.000    332.252    -1.3113  27.388077    -1.3099  27.388116     5.9930     6.1658    -0.0077    97.7306 1.0000e-12  -74.20042 -110.90034  42.541220      99.92 8.5959e+01    601.376      14434  1029.0143  1029.0130     4.6361     0.0702     0.1287    34.0615    34.0600    8.34758         25 0.0000e+00
    337.000    333.237    -1.3116  27.388496    -1.3102  27.388518     5.9946     6.1676    -0.0102    97.7084 1.0000e-12  -74.20042 -110.90034  42.541231      99.92 8.6684e+01    602.371      14458  1029.0194  1029.0180     4.6351     0.0702     0.1302    34.0619    34.0603    8.34764         23 0.0000e+00
    338.000    334.231    -1.3112  27.389674    -1.3100  27.389506     5.9921     6.1705    -0.0224    97.7352 1.0000e-12  -74.20042 -110.90034  42.541242      93.96 8.5765e+01    603.336      14481  1029.0246  1029.0232     4.6364     0.0695     0.1306    34.0625    34.0608    8.34752         23 0.0000e+00
    339.000    335.216    -1.3099  27.391466    -1.3083  27.391644     5.9939     6.1644    -0.0150    97.7414 1.0000e-12  -74.20042 -110.90034  42.541254      97.58 8.5793e+01    604.314      14505  1029.0295  1029.0282     4.6367     0.0699     0.1289    34.0628    34.0613    8.34720         24 0.0000e+00
    340.000    336.205    -1.3090  27.392964    -1.3076  27.393013     5.9535     6.1683    -0.0083    97.7424 1.0000e-12  -74.20042 -110.90034  42.541265      99.72 8.6822e+01    605.313      14529  1029.0346  1029.0332     4.6368     0.0694     0.1270    34.0633    34.0617    8.34698         24 0.0000e+00
    341.000    337.192    -1.3082  27.394295    -1.3069  27.394300     6.0052     6.1731    -0.0138    97.7210 1.0000e-12  -74.20042 -110.90034  42.541277      99.92 8.5721e+01    606.312      14552  1029.0395  1029.0382     4.6357     0.0708     0.1300    34.0635    34.0620    8.34678         24 0.0000e+00
    342.000    338.180    -1.3081  27.394749    -1.3069  27.394781     6.0106     6.1749    -0.0150    97.7359 1.0000e-12  -74.20042 -110.90034  42.541288      99.92 8.6157e+01    607.305      14576  1029.0442  1029.0431     4.6364     0.0686     0.1290    34.0634    34.0621    8.34676         24 0.0000e+00
    343.000    339.169    -1.3080  27.395807    -1.3067  27.395775     5.9990     6.1682    -0.0150    97.7185 1.0000e-12  -74.20042 -110.90034  42.541300      99.92 8.6684e+01    608.286      14600  1029.0495  1029.0482     4.6356     0.0698     0.1313    34.0641    34.0625    8.34670         23 0.0000e+00
    344.000    340.157    -1.3080  27.396621    -1.3071  27.396157     6.0134     6.1719    -0.0189    97.7297 1.0000e-12  -74.20042 -110.90034  42.541311      99.92 8.6068e+01    609.260      14623  1029.0547  1029.0534     4.6361     0.0700     0.1283    34.0646    34.0630    8.34666         23 0.0000e+00
    345.000    341.144    -1.3087  27.396432    -1.3077  27.396202     6.0044     6.1836    -0.0200    97.7378 1.0000e-12  -74.20042 -110.90034  42.541322      99.92 8.5114e+01    610.248      14647  1029.0595  1029.0583     4.6366     0.0702     0.1307    34.0646    34.0631    8.34683         25 0.0000e+00
    346.000    342.132    -1.3109  27.395197    -1.3100  27.394789     6.0163     6.1876    -0.0151    97.7339 1.0000e-12  -74.20042 -110.90034  42.541334      99.92 8.6865e+01    611.253      14671  1029.0646  1029.0633     4.6363     0.0691     0.1287    34.0647    34.0632    8.34731         24 0.0000e+00
    347.000    343.122    -1.3149  27.392180    -1.3142  27.391714     6.0212     6.1854    -0.0150    97.7329 1.0000e-12  -74.20042 -110.90034  42.541345      99.92 8.6305e+01    612.250      14695  1029.0695  1029.0683     4.6363     0.0689     0.1291    34.0646    34.0631    8.34822         23 0.0000e+00
    348.000    344.108    -1.3135  27.394397    -1.3121  27.394275     5.9941     6.1822    -0.0150    97.7420 1.0000e-12  -74.20042 -110.90034  42.541357      99.92 8.5295e+01    613.221      14718  1029.0748  1029.0733     4.6367     0.0698     0.1273    34.0653    34.0636    8.34785         23 0.0000e+00
    349.000    345.097    -1.3106  27.397718    -1.3093  27.397567     5.9957     6.1771    -0.0150    97.7533 1.0000e-12  -74.20042 -110.90034  42.541368      99.92 8.6841e+01    614.200      14742  1029.0799  1029.0784     4.6373     0.0703     0.1293    34.0660    34.0643    8.34717         24 0.0000e+00
    350.000    346.084    -1.3097  27.399420    -1.3083  27.399280     6.0073     6.1786    -0.0228    97.7369 1.0000e-12  -74.20042 -110.90034  42.541380      99.92 8.5707e+01    615.199      14766  1029.0851  1029.0837     4.6365     0.0695     0.1300    34.0666    34.0649    8.34692         24 0.0000e+00
    351.000    347.072    -1.3099  27.399586    -1.3086  27.399548     6.0158     6.1809    -0.0163    97.7200 1.0000e-12  -74.20042 -110.90034  42.541391      83.17 8.4841e+01    616.184      14789  1029.0898  1029.0886     4.6356     0.0680     0.1302    34.0666    34.0650    8.34698         24 0.0000e+00
    352.000    348.061    -1.3096  27.400200    -1.3085  27.400097     6.0091     6.1822    -0.0150    97.7400 1.0000e-12  -74.20042 -110.90034  42.541402      96.97 8.7230e+01    617.174      14813  1029.0945  1029.0933     4.6367     0.0703     0.1301    34.0665    34.0650    8.34692         24 0.0000e+00
    353.000    349.048    -1.3098  27.400675    -1.3083  27.400803     6.0249     6.1791    -0.0150    97.7392 1.0000e-12  -74.20042 -110.90034  42.541414      99.90 8.6313e+01    618.182      14837  1029.0995  1029.0982     4.6366     0.0693     0.1281    34.0667    34.0651    8.34695         24 0.0000e+00
    354.000    350.036    -1.3093  27.401778    -1.3080  27.401588     6.0121     6.1765    -0.0193    97.7488 1.0000e-12  -74.20042 -110.90034  42.541426      99.92 8.3894e+01    619.183      14861  1029.1044  1029.1030     4.6371     0.0698     0.1292    34.0670    34.0652    8.34681         24 0.0000e+00
    355.000    351.024    -1.3083  27.402943    -1.3070  27.402982     5.9986     6.1721    -0.0190    97.7341 1.0000e-12  -74.20042 -110.90034  42.541437      99.92 8.6703e+01    620.172      14885  1029.1091  1029.1078     4.6364     0.0680     0.1276    34.0668    34.0654    8.34660         24 0.0000e+00
    356.000    352.012    -1.3083  27.403642    -1.3068  27.403687     6.0061     6.1719    -0.0150    97.7285 1.0000e-12  -74.20042 -110.90034  42.541449      99.92 8.6916e+01    621.160      14909  1029.1141  1029.1127     4.6361     0.0707     0.1273    34.0672    34.0656    8.34658         23 0.0000e+00
    357.000    353.000    -1.3080  27.404366    -1.3067  27.404295     6.0140     6.1769    -0.0170    97.7286 1.0000e-12  -74.20042 -110.90034  42.541460      99.92 8.4935e+01    622.149      14933  1029.1189  1029.1175     4.6361     0.0696     0.1268    34.0672    34.0657    8.34651         25 0.0000e+00
    358.000    353.988    -1.3079  27.404966    -1.3066  27.404939     6.0002     6.1778    -0.0210    97.7534 1.0000e-12  -74.20042 -110.90034  42.541472      99.92 8.6613e+01    623.152      14957  1029.1238  1029.1225     4.6373     0.0709     0.1276    34.0674    34.0659    8.34649         24 0.0000e+00
    359.000    354.976    -1.3073  27.406258    -1.3051  27.407013     5.9972     6.1795    -0.0151    97.7697 1.0000e-12  -74.20042 -110.90034  42.541483      99.92 8.6763e+01    624.158      14981  1029.1289  1029.1275     4.6381     0.0701     0.1296    34.0678    34.0663    8.34631         23 0.0000e+00
    360.000    355.965    -1.3059  27.407845    -1.3039  27.408428     6.0021     6.1800    -0.0076    97.7247 1.0000e-12  -74.20042 -110.90034  42.541495      99.92 8.5293e+01    625.135      15004  1029.1336  1029.1322     4.6359     0.0692     0.1295    34.0678    34.0663    8.34601         23 0.0000e+00
    361.000    356.951    -1.3047  27.409448    -1.3036  27.409194     6.0011     6.1755    -0.0144    97.7328 1.0000e-12  -74.20042 -110.90034  42.541506      99.92 8.6907e+01    626.112      15028  1029.1384  1029.1371     4.6363     0.0713     0.1272    34.0679    34.0664    8.34572         24 0.0000e+00
    362.000    357.940    -1.3039  27.410531    -1.3028  27.410319     5.9993     6.1683    -0.0092    97.7457 1.0000e-12  -74.20042 -110.90034  42.541518      99.92 8.6452e+01    627.109      15052  1029.1432  1029.1418     4.6369     0.0702     0.1276    34.0680    34.0664    8.34556         24 0.0000e+00
    363.000    358.928    -1.3038  27.411148    -1.3024  27.411105     6.0050     6.1718    -0.0131    97.7430 1.0000e-12  -74.20042 -110.90034  42.541529      92.08 8.4987e+01    628.093      15075  1029.1480  1029.1467     4.6368     0.0690     0.1299    34.0681    34.0665    8.34553         23 0.0000e+00
    364.000    359.915    -1.3036  27.411717    -1.3023  27.411615     6.0041     6.1768    -0.0150    97.7193 1.0000e-12  -74.20042 -110.90034  42.541540      79.07 8.6936e+01    629.051      15098  1029.1528  1029.1514     4.6356     0.0664     0.1290    34.0680    34.0664    8.34549         23 0.0000e+00
