ocean_section_plots/required_files/ctd/dnbp2202_ctd037.cnv
* Sea-Bird SBE 9 Data File:
* FileName = D:\Data\raw\NBP2202_CTD037.hex
* Software Version Seasave V 7.26.7.121
* Temperature SN = 1649
* Conductivity SN = 2513
* Number of Bytes Per Scan = 40
* Number of Voltage Words = 5
* Number of Scans Averaged by the Deck Unit = 1
* NMEA Latitude = 74 08.81 S
* NMEA Longitude = 113 24.85 W
* NMEA UTC (Time) = Jan 22 2022  15:04:28
* NMEA baud rate = 9600
** Ship: RVIB N.B. Palmer
** Cruise: NBP2202 Thwaites
** Station: Tow-Yo #2
** Operator: A. Robinson
# nquan = 25
# nvalues = 409                         
# units = specified
# name 0 = prDM: Pressure, Digiquartz [db]
# name 1 = depSM: Depth [salt water, m]
# name 2 = t090C: Temperature [ITS-90, deg C]
# name 3 = c0mS/cm: Conductivity [mS/cm]
# name 4 = t190C: Temperature, 2 [ITS-90, deg C]
# name 5 = c1mS/cm: Conductivity, 2 [mS/cm]
# name 6 = sbeox0ML/L: Oxygen, SBE 43 [ml/l]
# name 7 = sbeox1ML/L: Oxygen, SBE 43, 2 [ml/l]
# name 8 = flECO-AFL: Fluorescence, WET Labs ECO-AFL/FL [mg/m^3]
# name 9 = CStarTr0: Beam Transmission, WET Labs C-Star [%]
# name 10 = par: PAR/Irradiance, Biospherical/Licor
# name 11 = latitude: Latitude [deg]
# name 12 = longitude: Longitude [deg]
# name 13 = timeJ: Julian Days
# name 14 = altM: Altimeter [m]
# name 15 = spar: SPAR, Biospherical/Licor
# name 16 = timeS: Time, Elapsed [seconds]
# name 17 = scan: Scan Count
# name 18 = density00: Density [density, kg/m^3]
# name 19 = density11: Density, 2 [density, kg/m^3]
# name 20 = sal00: Salinity, Practical [PSU]
# name 21 = sal11: Salinity, Practical, 2 [PSU]
# name 22 = oxsolML/L: Oxygen Saturation, Garcia & Gordon [ml/l]
# name 23 = nbin: number of scans per bin
# name 24 = flag: flag
# span 0 =     10.000,    418.000       
# span 1 =      9.897,    413.257       
# span 2 =    -1.4205,    -0.1822       
# span 3 =  27.026036,  28.532179       
# span 4 =    -1.4196,    -0.1792       
# span 5 =  27.025673,  28.532723       
# span 6 =     4.7991,     8.6747       
# span 7 =     5.0760,     9.0476       
# span 8 =    -0.0198,    21.3227       
# span 9 =    71.6352,    97.1190       
# span 10 = 1.0000e-12, 2.9062e+01      
# span 11 =  -74.14698,  -74.14698      
# span 12 = -113.41331, -113.39826      
# span 13 =  22.628576,  22.636612      
# span 14 =       8.53,     100.22      
# span 15 = 1.0983e+03, 1.2343e+03      
# span 16 =     40.988,    735.320      
# span 17 =        985,      17649      
# span 18 =  1027.2112,  1029.5229      
# span 19 =  1027.2095,  1029.5205      
# span 20 =    33.7773,    34.2823      
# span 21 =    33.7753,    34.2796      
# span 22 =    8.08899,    8.38429      
# span 23 =         18,         46      
# span 24 = 0.0000e+00, 0.0000e+00      
# interval = decibars: 1                
# start_time = Jan 22 2022 15:04:28 [NMEA time, header]
# bad_flag = -9.990e-29
*END*
[from data line 174]
    184.000    182.014    -1.0687  27.469907    -1.0676  27.468632     5.3131     5.6247     0.0604    97.0076 1.0000e-12  -74.14698 -113.40734  22.631875      99.85 1.1205e+03    325.968       7824  1028.2201  1028.2178    33.9923    33.9893    8.29770         32 0.0000e+00
    185.000    183.005    -1.0685  27.470480    -1.0666  27.470049     5.3179     5.6193     0.0922    97.0133 1.0000e-12  -74.14698 -113.40732  22.631890      98.25 1.1220e+03    327.294       7856  1028.2251  1028.2228    33.9923    33.9896    8.29767         28 0.0000e+00
    186.000    183.993    -1.0674  27.472351    -1.0658  27.471748     5.3130     5.6211     0.0383    97.0148 1.0000e-12  -74.14698 -113.40727  22.631904      97.45 1.1221e+03    328.535       7886  1028.2306  1028.2283    33.9930    33.9903    8.29739         33 0.0000e+00
    187.000    184.980    -1.0670  27.473144    -1.0654  27.472560     5.3095     5.6234     0.0447    97.0084 1.0000e-12  -74.14698 -113.40725  22.631921      99.90 1.1215e+03    329.939       7920  1028.2355  1028.2333    33.9929    33.9903    8.29729         31 0.0000e+00
    188.000    185.971    -1.0617  27.479649    -1.0599  27.479092     5.3076     5.6210     0.0658    97.0326 1.0000e-12  -74.14698 -113.40722  22.631936      99.85 1.1227e+03    331.296       7952  1028.2419  1028.2395    33.9953    33.9924    8.29600         29 0.0000e+00
    189.000    186.957    -1.0599  27.482107    -1.0577  27.482053     5.3013     5.6094     0.0591    97.0146 1.0000e-12  -74.14698 -113.40719  22.631950      99.84 1.1214e+03    332.506       7981  1028.2472  1028.2450    33.9959    33.9934    8.29555         27 0.0000e+00
    190.000    187.948    -1.0509  27.492196    -1.0467  27.493944     5.2854     5.5940     0.0543    96.9206 1.0000e-12  -74.14698 -113.40717  22.631965      99.85 1.1218e+03    333.735       8011  1028.2539  1028.2518    33.9989    33.9966    8.29339         30 0.0000e+00
    191.000    188.936    -1.0282  27.517020    -1.0219  27.520546     5.2778     5.5874     0.0274    97.0636 1.0000e-12  -74.14698 -113.40715  22.631979      99.85 1.1241e+03    334.980       8041  1028.2633  1028.2610    34.0064    34.0041    8.28792         30 0.0000e+00
    192.000    189.926    -1.0180  27.527968    -1.0152  27.528296     5.2724     5.5782     0.0156    97.0094 1.0000e-12  -74.14698 -113.40710  22.631994      99.85 1.1236e+03    336.272       8072  1028.2698  1028.2675    34.0092    34.0065    8.28551         33 0.0000e+00
    193.000    190.914    -1.0123  27.534547    -1.0102  27.534129     5.2703     5.5707     0.0169    97.1032 1.0000e-12  -74.14698 -113.40707  22.632011      99.85 1.1256e+03    337.732       8107  1028.2760  1028.2736    34.0111    34.0082    8.28414         34 0.0000e+00
    194.000    191.901    -1.0087  27.538729    -1.0065  27.538561     5.2542     5.5650     0.0075    97.0792 1.0000e-12  -74.14698 -113.40704  22.632027      99.86 1.1276e+03    339.109       8140  1028.2817  1028.2793    34.0122    34.0094    8.28330         29 0.0000e+00
    195.000    192.891    -1.0028  27.544792    -1.0013  27.543994     5.2183     5.5306     0.0105    97.1088 1.0000e-12  -74.14698 -113.40700  22.632041      87.72 1.1284e+03    340.358       8170  1028.2869  1028.2847    34.0131    34.0103    8.28193         33 0.0000e+00
    196.000    193.880    -0.9645  27.584011    -0.9657  27.579183     5.1845     5.4943     0.0036    97.1130 1.0000e-12  -74.14698 -113.40698  22.632058      97.70 1.1310e+03    341.830       8205  1028.2969  1028.2928    34.0226    34.0173    8.27294         37 0.0000e+00
    197.000    194.868    -0.9464  27.601383    -0.9442  27.600858     5.1696     5.4761    -0.0065    97.0285 1.0000e-12  -74.14698 -113.40694  22.632074      99.82 1.1330e+03    343.188       8238  1028.3028  1028.3001    34.0251    34.0219    8.26881         29 0.0000e+00
    198.000    195.857    -0.9354  27.612325    -0.9333  27.611717     5.1649     5.4682    -0.0070    97.1190 1.0000e-12  -74.14698 -113.40691  22.632089      99.85 1.1355e+03    344.493       8269  1028.3086  1028.3059    34.0269    34.0237    8.26628         32 0.0000e+00
    199.000    196.844    -0.9264  27.621607    -0.9239  27.621286     5.1589     5.4561     0.0060    97.1116 1.0000e-12  -74.14698 -113.40687  22.632106      99.85 1.1390e+03    345.957       8304  1028.3147  1028.3119    34.0288    34.0255    8.26420         32 0.0000e+00
    200.000    197.835    -0.9201  27.627868    -0.9182  27.627253     5.1583     5.4534    -0.0030    97.1005 1.0000e-12  -74.14698 -113.40686  22.632121      99.85 1.1405e+03    347.235       8335  1028.3199  1028.3174    34.0296    34.0266    8.26277         28 0.0000e+00
    201.000    198.822    -0.9172  27.631225    -0.9153  27.630555     5.1578     5.4572    -0.0026    97.0812 1.0000e-12  -74.14698 -113.40681  22.632136      99.85 1.1441e+03    348.534       8366  1028.3254  1028.3228    34.0302    34.0272    8.26209         33 0.0000e+00
    202.000    199.812    -0.9173  27.631597    -0.9157  27.630803     5.1578     5.4565     0.0072    97.0851 1.0000e-12  -74.14698 -113.40679  22.632153      99.86 1.1486e+03    350.019       8401  1028.3304  1028.3280    34.0303    34.0273    8.26212         31 0.0000e+00
    203.000    200.801    -0.9146  27.635006    -0.9119  27.634994     5.1517     5.4471    -0.0130    97.0786 1.0000e-12  -74.14698 -113.40676  22.632168      99.85 1.1483e+03    351.283       8432  1028.3360  1028.3334    34.0312    34.0282    8.26147         28 0.0000e+00
    204.000    201.788    -0.9093  27.640243    -0.9073  27.639772     5.1518     5.4474    -0.0136    97.0739 1.0000e-12  -74.14698 -113.40672  22.632183      99.85 1.1510e+03    352.592       8463  1028.3409  1028.3385    34.0317    34.0288    8.26027         32 0.0000e+00
    205.000    202.778    -0.9071  27.642796    -0.9052  27.642195     5.1492     5.4446     0.0128    97.0373 1.0000e-12  -74.14698 -113.40669  22.632200      94.16 1.1535e+03    354.086       8499  1028.3460  1028.3436    34.0320    34.0291    8.25976         33 0.0000e+00
    206.000    203.766    -0.9048  27.645409    -0.9030  27.644869     5.1467     5.4414    -0.0088    97.0520 1.0000e-12  -74.14698 -113.40667  22.632215      99.82 1.1529e+03    355.368       8530  1028.3511  1028.3488    34.0324    34.0296    8.25925         29 0.0000e+00
    207.000    204.756    -0.9031  27.647793    -0.9011  27.647247     5.1555     5.4485    -0.0150    97.0558 1.0000e-12  -74.14698 -113.40663  22.632229      99.86 1.1549e+03    356.612       8560  1028.3564  1028.3540    34.0331    34.0302    8.25882         30 0.0000e+00
    208.000    205.745    -0.9034  27.648332    -0.9018  27.647608     5.1531     5.4510    -0.0145    97.0661 1.0000e-12  -74.14698 -113.40660  22.632244      99.85 1.1565e+03    357.859       8590  1028.3618  1028.3594    34.0336    34.0308    8.25886         30 0.0000e+00
    209.000    206.733    -0.9034  27.649223    -0.9016  27.648658     5.1518     5.4517    -0.0022    97.0550 1.0000e-12  -74.14698 -113.40656  22.632258      99.86 1.1560e+03    359.093       8619  1028.3671  1028.3648    34.0341    34.0314    8.25882         30 0.0000e+00
    210.000    207.720    -0.9026  27.650511    -0.9009  27.649841     5.1494     5.4458    -0.0032    97.0540 1.0000e-12  -74.14698 -113.40655  22.632273      99.85 1.1582e+03    360.423       8651  1028.3721  1028.3697    34.0344    34.0315    8.25865         34 0.0000e+00
    211.000    208.710    -0.8989  27.655115    -0.8968  27.654597     5.1475     5.4375     0.0195    97.0611 1.0000e-12  -74.14698 -113.40651  22.632290      61.00 1.1600e+03    361.897       8687  1028.3779  1028.3753    34.0359    34.0328    8.25775         31 0.0000e+00
    212.000    209.699    -0.8965  27.658031    -0.8943  27.657602     5.1406     5.4445     0.0005    97.0406 1.0000e-12  -74.14698 -113.40648  22.632305     100.22 1.1575e+03    363.116       8716  1028.3830  1028.3805    34.0365    34.0335    8.25718         28 0.0000e+00
    213.000    210.687    -0.8952  27.659532    -0.8940  27.658385     5.1344     5.4332     0.0082    97.0468 1.0000e-12  -74.14698 -113.40646  22.632318      99.85 1.1583e+03    364.291       8744  1028.3878  1028.3854    34.0365    34.0335    8.25690         29 0.0000e+00
    214.000    211.676    -0.8908  27.664395    -0.8873  27.665107     5.1318     5.4253    -0.0019    97.0592 1.0000e-12  -74.14698 -113.40643  22.632332      76.83 1.1583e+03    365.497       8773  1028.3932  1028.3905    34.0375    34.0345    8.25588         29 0.0000e+00
    215.000    212.665    -0.8842  27.670805    -0.8825  27.670178     5.1347     5.4268    -0.0103    97.0417 1.0000e-12  -74.14698 -113.40641  22.632347      99.97 1.1554e+03    366.756       8803  1028.3980  1028.3957    34.0381    34.0354    8.25439         31 0.0000e+00
    216.000    213.652    -0.8840  27.671978    -0.8817  27.671975     5.1351     5.4279    -0.0067    97.0307 1.0000e-12  -74.14698 -113.40639  22.632362      99.85 1.1542e+03    368.082       8835  1028.4035  1028.4012    34.0388    34.0362    8.25430         34 0.0000e+00
    217.000    214.642    -0.8804  27.676447    -0.8789  27.675563     5.1324     5.4233    -0.0052    97.0458 1.0000e-12  -74.14698 -113.40635  22.632378      99.85 1.1536e+03    369.466       8868  1028.4092  1028.4068    34.0402    34.0373    8.25343         30 0.0000e+00
    218.000    215.631    -0.8789  27.678557    -0.8773  27.677697     5.1383     5.4294    -0.0044    97.0406 1.0000e-12  -74.14698 -113.40633  22.632392      99.85 1.1515e+03    370.656       8897  1028.4144  1028.4119    34.0408    34.0378    8.25307         29 0.0000e+00
    219.000    216.619    -0.8793  27.678769    -0.8779  27.677650     5.1286     5.4273    -0.0043    97.0276 1.0000e-12  -74.14698 -113.40631  22.632406      99.85 1.1505e+03    371.884       8926  1028.4194  1028.4168    34.0409    34.0378    8.25316         30 0.0000e+00
    220.000    217.608    -0.8797  27.678697    -0.8780  27.677803     5.1341     5.4216    -0.0019    97.0027 1.0000e-12  -74.14698 -113.40628  22.632420      99.85 1.1498e+03    373.110       8956  1028.4240  1028.4215    34.0406    34.0376    8.25325         29 0.0000e+00
    221.000    218.597    -0.8793  27.679447    -0.8776  27.678794     5.1315     5.4248    -0.0074    97.0366 1.0000e-12  -74.14698 -113.40626  22.632435      99.85 1.1470e+03    374.345       8985  1028.4288  1028.4264    34.0406    34.0378    8.25317         30 0.0000e+00
    222.000    219.583    -0.8795  27.679866    -0.8776  27.679335     5.1354     5.4284     0.0342    97.0351 1.0000e-12  -74.14698 -113.40622  22.632450      99.85 1.1463e+03    375.650       9017  1028.4337  1028.4314    34.0408    34.0379    8.25320         33 0.0000e+00
    223.000    220.573    -0.8796  27.679951    -0.8777  27.679633     5.1333     5.4299     0.0108    97.0277 1.0000e-12  -74.14698 -113.40620  22.632466      99.85 1.1464e+03    377.073       9051  1028.4383  1028.4361    34.0404    34.0378    8.25325         31 0.0000e+00
    224.000    221.561    -0.8774  27.683658    -0.8758  27.682809     5.1348     5.4305    -0.0122    97.0250 1.0000e-12  -74.14698 -113.40616  22.632481      81.18 1.1446e+03    378.322       9081  1028.4444  1028.4419    34.0423    34.0393    8.25265         30 0.0000e+00
    225.000    222.552    -0.8753  27.686446    -0.8736  27.685749     5.1332     5.4364    -0.0140    97.0394 1.0000e-12  -74.14698 -113.40613  22.632495      88.51 1.1442e+03    379.565       9111  1028.4498  1028.4473    34.0431    34.0402    8.25215         29 0.0000e+00
    226.000    223.538    -0.8735  27.689030    -0.8718  27.688371     5.1319     5.4359    -0.0061    97.0281 1.0000e-12  -74.14698 -113.40611  22.632509      99.60 1.1452e+03    380.745       9139  1028.4551  1028.4528    34.0440    34.0412    8.25170         28 0.0000e+00
    227.000    224.527    -0.8737  27.689619    -0.8719  27.689097     5.1368     5.4333    -0.0019    97.0468 1.0000e-12  -74.14698 -113.40609  22.632523      99.85 1.1441e+03    381.952       9168  1028.4603  1028.4580    34.0444    34.0417    8.25172         30 0.0000e+00
    228.000    225.517    -0.8739  27.689960    -0.8720  27.689534     5.1398     5.4380    -0.0053    97.0479 1.0000e-12  -74.14698 -113.40606  22.632538      99.85 1.1445e+03    383.298       9200  1028.4652  1028.4628    34.0445    34.0417    8.25176         34 0.0000e+00
    229.000    226.505    -0.8744  27.690324    -0.8728  27.689731     5.1416     5.4358    -0.0058    97.0339 1.0000e-12  -74.14698 -113.40603  22.632554      99.86 1.1468e+03    384.707       9234  1028.4703  1028.4682    34.0449    34.0423    8.25184         31 0.0000e+00
    230.000    227.493    -0.8746  27.690831    -0.8726  27.690277     5.1502     5.4331    -0.0077    97.0433 1.0000e-12  -74.14698 -113.40600  22.632568      99.85 1.1464e+03    385.868       9262  1028.4754  1028.4729    34.0452    34.0423    8.25187         28 0.0000e+00
    231.000    228.482    -0.8753  27.690420    -0.8732  27.690391     5.1533     5.4423    -0.0088    97.0580 1.0000e-12  -74.14698 -113.40598  22.632582      99.85 1.1476e+03    387.089       9291  1028.4800  1028.4778    34.0449    34.0424    8.25205         31 0.0000e+00
    232.000    229.470    -0.8796  27.687441    -0.8773  27.687454     5.1545     5.4453    -0.0010    97.0525 1.0000e-12  -74.14698 -113.40593  22.632599      99.85 1.1495e+03    388.532       9326  1028.4852  1028.4830    34.0451    34.0424    8.25298         37 0.0000e+00
    233.000    230.460    -0.8795  27.688258    -0.8773  27.688319     5.1472     5.4425    -0.0122    97.0790 1.0000e-12  -74.14698 -113.40591  22.632616      99.86 1.1486e+03    390.005       9361  1028.4903  1028.4882    34.0454    34.0430    8.25293         31 0.0000e+00
    234.000    231.447    -0.8771  27.691382    -0.8744  27.691566     5.1468     5.4462     0.0048    97.0726 1.0000e-12  -74.14698 -113.40587  22.632632      96.28 1.1508e+03    391.413       9395  1028.4956  1028.4932    34.0463    34.0435    8.25235         35 0.0000e+00
    235.000    232.436    -0.8731  27.695925    -0.8712  27.695670     5.1463     5.4460     0.0074    97.0825 1.0000e-12  -74.14698 -113.40584  22.632650      90.67 1.1527e+03    392.942       9432  1028.5009  1028.4988    34.0474    34.0449    8.25142         37 0.0000e+00
    236.000    233.426    -0.8723  27.697442    -0.8705  27.696799     5.1463     5.4395     0.0103    97.0524 1.0000e-12  -74.14698 -113.40580  22.632666     100.02 1.1534e+03    394.317       9465  1028.5061  1028.5037    34.0479    34.0450    8.25121         29 0.0000e+00
    237.000    234.412    -0.8717  27.698648    -0.8698  27.698224     5.1493     5.4422    -0.0022    97.0781 1.0000e-12  -74.14698 -113.40577  22.632680      99.85 1.1562e+03    395.586       9495  1028.5111  1028.5088    34.0483    34.0455    8.25106         33 0.0000e+00
    238.000    235.401    -0.8711  27.699830    -0.8695  27.699082     5.1480     5.4427     0.0086    97.0571 1.0000e-12  -74.14698 -113.40575  22.632697      99.85 1.1600e+03    397.056       9530  1028.5161  1028.5137    34.0486    34.0457    8.25090         37 0.0000e+00
    239.000    236.390    -0.8700  27.701419    -0.8684  27.700763     5.1464     5.4421    -0.0087    97.0853 1.0000e-12  -74.14698 -113.40570  22.632714      99.85 1.1626e+03    398.532       9566  1028.5211  1028.5188    34.0489    34.0462    8.25065         34 0.0000e+00
    240.000    237.378    -0.8664  27.705890    -0.8643  27.705452     5.1414     5.4417    -0.0073    97.0844 1.0000e-12  -74.14698 -113.40568  22.632731      99.85 1.1666e+03    399.948       9600  1028.5267  1028.5243    34.0502    34.0473    8.24977         35 0.0000e+00
