ocean_section_plots/required_files/ctd/dnbp2202_ctd210.cnv
* Sea-Bird SBE 9 Data File:
* FileName = D:\Data\raw\NBP2202_CTD210.hex
* Software Version Seasave V 7.26.7.121
* Temperature SN = 1649
* Conductivity SN = 2513
* Number of Bytes Per Scan = 40
* Number of Voltage Words = 5
* Number of Scans Averaged by the Deck Unit = 1
* NMEA Latitude = 74 08.28 S
* NMEA Longitude = 113 23.26 W
* NMEA UTC (Time) = Feb 10 2022  09:30:28
* NMEA baud rate = 9600
** Ship: RVIB N.B. Palmer
** Cruise: NBP2202 Thwaites
** Station: Tow-Yo #3
** Operator: B. Bjork
# nquan = 28
# nvalues = 425                         
# units = specified
# name 0 = prDM: Pressure, Digiquartz [db]
# name 1 = depSM: Depth [salt water, m]
# name 2 = t090C: Temperature [ITS-90, deg C]
# name 3 = c0mS/cm: Conductivity [mS/cm]
# name 4 = t190C: Temperature, 2 [ITS-90, deg C]
# name 5 = c1mS/cm: Conductivity, 2 [mS/cm]
# name 6 = sbeox0ML/L: Oxygen, SBE 43 [ml/l]
# name 7 = sbeox1ML/L: Oxygen, SBE 43, 2 [ml/l]
# name 8 = flECO-AFL: Fluorescence, WET Labs ECO-AFL/FL [mg/m^3]
# name 9 = CStarTr0: Beam Transmission, WET Labs C-Star [%]
# name 10 = par: PAR/Irradiance, Biospherical/Licor
# name 11 = latitude: Latitude [deg]
# name 12 = longitude: Longitude [deg]
# name 13 = timeJ: Julian Days
# name 14 = altM: Altimeter [m]
# name 15 = spar: SPAR, Biospherical/Licor
# name 16 = timeS: Time, Elapsed [seconds]
# name 17 = scan: Scan Count
# name 18 = density00: Density [density, kg/m^3]
# name 19 = density11: Density, 2 [density, kg/m^3]
# name 20 = v3: Voltage 3
# name 21 = v4: Voltage 4
# name 22 = v5: Voltage 5
# name 23 = sal00: Salinity, Practical [PSU]
# name 24 = sal11: Salinity, Practical, 2 [PSU]
# name 25 = oxsolML/L: Oxygen Saturation, Garcia & Gordon [ml/l]
# name 26 = nbin: number of scans per bin
# name 27 = flag: flag
# span 0 =     10.000,    434.000       
# span 1 =      9.895,    429.048       
# span 2 =    -1.4641,    -0.2020       
# span 3 =  27.018373,  28.518255       
# span 4 =    -1.4634,    -0.1988       
# span 5 =  27.018672,  28.519120       
# span 6 =     4.8032,     8.5935       
# span 7 =     4.9465,     8.8624       
# span 8 =    -0.0211,    22.0551       
# span 9 =    76.9139,    97.9339       
# span 10 = 1.0000e-12, 2.8296e-01      
# span 11 =  -74.13917,  -74.13818      
# span 12 = -113.38721, -113.37956      
# span 13 =  41.396538,  41.402570      
# span 14 =       9.22,     100.67      
# span 15 = 2.2914e+01, 3.0324e+01      
# span 16 =     32.853,    554.065      
# span 17 =        789,      13299      
# span 18 =  1027.1932,  1029.5951      
# span 19 =  1027.1923,  1029.5929      
# span 20 =     3.6492,     4.6458      
# span 21 =     0.0639,     3.0378      
# span 22 =     0.1245,     0.2506      
# span 23 =    33.7501,    34.2765      
# span 24 =    33.7485,    34.2741      
# span 25 =    8.09351,    8.39249      
# span 26 =         17,         47      
# span 27 = 0.0000e+00, 0.0000e+00      
# interval = decibars: 1                
# start_time = Feb 10 2022 09:30:28 [NMEA time, header]
# bad_flag = -9.990e-29
*END*
[from data line 415]
    425.000    420.171    -0.2069  28.508698    -0.2049  28.508480     4.8104     4.9557    -0.0148    97.5984 1.0000e-12  -74.13911 -113.38000  41.402211      18.18 2.6476e+01    523.058      12554  1029.5513  1029.5492     4.6299     0.0665     0.1407    34.2746    34.2720    8.09466         34 0.0000e+00
    426.000    421.156    -0.2081  28.507647    -0.2060  28.507661     4.8101     4.9518    -0.0131    97.6069 1.0000e-12  -74.13912 -113.37997  41.402245      17.20 2.4602e+01    525.969      12624  1029.5557  1029.5536     4.6303     0.0747     0.1412    34.2739    34.2716    8.09495         36 0.0000e+00
    427.000    422.146    -0.2084  28.507876    -0.2062  28.507843     4.8146     4.9508    -0.0079    97.5999 1.0000e-12  -74.13912 -113.37993  41.402279      16.29 2.4832e+01    528.896      12695  1029.5605  1029.5583     4.6300     0.0676     0.1414    34.2740    34.2715    8.09501         39 0.0000e+00
    428.000    423.133    -0.2082  28.508509    -0.2060  28.508616     4.8119     4.9465    -0.0163    97.6015 1.0000e-12  -74.13912 -113.37989  41.402312      15.29 2.5690e+01    531.797      12764  1029.5652  1029.5631     4.6302     0.0673     0.1377    34.2740    34.2716    8.09497         40 0.0000e+00
    429.000    424.121    -0.2081  28.509096    -0.2060  28.508950     4.8066     4.9516    -0.0092    97.6068 1.0000e-12  -74.13912 -113.37984  41.402346      14.36 2.4714e+01    534.664      12833  1029.5700  1029.5678     4.6303     0.0678     0.1381    34.2740    34.2715    8.09493         42 0.0000e+00
    430.000    425.105    -0.2082  28.509422    -0.2060  28.509394     4.8122     4.9474    -0.0139    97.5925 1.0000e-12  -74.13914 -113.37979  41.402379      13.37 2.4891e+01    537.540      12902  1029.5746  1029.5725     4.6296     0.0672     0.1395    34.2740    34.2715    8.09495         35 0.0000e+00
    431.000    426.096    -0.2075  28.510752    -0.2052  28.510762     4.8088     4.9480    -0.0037    97.6064 1.0000e-12  -74.13914 -113.37976  41.402412      12.37 2.5855e+01    540.434      12971  1029.5796  1029.5774     4.6303     0.0668     0.1381    34.2744    34.2718    8.09479         38 0.0000e+00
    432.000    427.084    -0.2065  28.512319    -0.2040  28.512461     4.8122     4.9482    -0.0126    97.6094 1.0000e-12  -74.13915 -113.37971  41.402446      11.29 2.4609e+01    543.352      13041  1029.5845  1029.5823     4.6304     0.0672     0.1415    34.2748    34.2721    8.09456         43 0.0000e+00
    433.000    428.073    -0.2053  28.514065    -0.2027  28.514495     4.8092     4.9482    -0.0166    97.5966 1.0000e-12  -74.13916 -113.37967  41.402480      10.25 2.4680e+01    546.277      13112  1029.5896  1029.5874     4.6299     0.0678     0.1394    34.2751    34.2728    8.09428         34 0.0000e+00
    434.000    429.048    -0.2020  28.518255    -0.1988  28.519120     4.8032     4.9551    -0.0024    97.6131 1.0000e-12  -74.13917 -113.37956  41.402570       9.22 2.4680e+01    554.065      13299  1029.5951  1029.5929     4.6308     0.0663     0.1403    34.2765    34.2741    8.09351         17 0.0000e+00
