ocean_section_plots/required_files/ctd/dnbp2202_ctd181.cnv
* Sea-Bird SBE 9 Data File:
* FileName = D:\Data\raw\NBP2202_CTD181.hex
* Software Version Seasave V 7.26.7.121
* Temperature SN = 1649
* Conductivity SN = 2513
* Number of Bytes Per Scan = 40
* Number of Voltage Words = 5
* Number of Scans Averaged by the Deck Unit = 1
* NMEA Latitude = 74 09.52 S
* NMEA Longitude = 111 26.18 W
* NMEA UTC (Time) = Feb 04 2022  01:41:19
* NMEA baud rate = 9600
** Ship: RVIB N.B. Palmer
** Cruise: NBP2202 Thwaites
** Station: 103
** Operator: A. Robinson
# nquan = 28
# nvalues = 326                         
# units = specified
# name 0 = prDM: Pressure, Digiquartz [db]
# name 1 = depSM: Depth [salt water, m]
# name 2 = t090C: Temperature [ITS-90, deg C]
# name 3 = c0mS/cm: Conductivity [mS/cm]
# name 4 = t190C: Temperature, 2 [ITS-90, deg C]
# name 5 = c1mS/cm: Conductivity, 2 [mS/cm]
# name 6 = sbeox0ML/L: Oxygen, SBE 43 [ml/l]
# name 7 = sbeox1ML/L: Oxygen, SBE 43, 2 [ml/l]
# name 8 = flECO-AFL: Fluorescence, WET Labs ECO-AFL/FL [mg/m^3]
# name 9 = CStarTr0: Beam Transmission, WET Labs C-Star [%]
# name 10 = par: PAR/Irradiance, Biospherical/Licor
# name 11 = latitude: Latitude [deg]
# name 12 = longitude: Longitude [deg]
# name 13 = timeJ: Julian Days
# name 14 = altM: Altimeter [m]
# name 15 = spar: SPAR, Biospherical/Licor
# name 16 = timeS: Time, Elapsed [seconds]
# name 17 = scan: Scan Count
# name 18 = density00: Density [density, kg/m^3]
# name 19 = density11: Density, 2 [density, kg/m^3]
# name 20 = v3: Voltage 3
# name 21 = v4: Voltage 4
# name 22 = v5: Voltage 5
# name 23 = sal00: Salinity, Practical [PSU]
# name 24 = sal11: Salinity, Practical, 2 [PSU]
# name 25 = oxsolML/L: Oxygen Saturation, Garcia & Gordon [ml/l]
# name 26 = nbin: number of scans per bin
# name 27 = flag: flag
# span 0 =      2.000,    327.000       
# span 1 =      1.980,    323.361       
# span 2 =    -1.4301,    -1.0664       
# span 3 =  27.053313,  27.341001       
# span 4 =    -1.4304,    -1.0828       
# span 5 =  27.053608,  27.340842       
# span 6 =     5.8832,     7.4114       
# span 7 =     6.0225,     7.4384       
# span 8 =     0.0059,     7.9339       
# span 9 =    85.5301,    98.3574       
# span 10 = -6.954e-05, 7.2966e+02      
# span 11 =  -74.15876,  -74.15876      
# span 12 = -111.43646, -111.43643      
# span 13 =  35.073242,  35.078699      
# span 14 =       4.80,      99.94      
# span 15 = 1.3718e+03, 1.3848e+03      
# span 16 =    249.099,    720.634      
# span 17 =       5979,      17296      
# span 18 =  1027.2051,  1028.9573      
# span 19 =  1027.2064,  1028.9558      
# span 20 =     4.0576,     4.6660      
# span 21 =     0.0677,     1.1766      
# span 22 =     0.1237,     0.1826      
# span 23 =    33.8086,    34.0437      
# span 24 =    33.8112,    34.0419      
# span 25 =    8.30782,    8.38216      
# span 26 =         21,         77      
# span 27 = 0.0000e+00, 0.0000e+00      
# interval = decibars: 1                
# start_time = Feb 04 2022 01:41:19 [NMEA time, header]
# bad_flag = -9.990e-29
*END*
[from data line 311]
    313.000    309.526    -1.3463  27.335395    -1.3450  27.335192     6.0434     6.1707     0.0142    98.3293 1.0000e-12  -74.15876 -111.43646  35.078026      19.59 1.3763e+03    662.437      15899  1028.8910  1028.8896     4.6646     0.0716     0.1304    34.0432    34.0415    8.35650         38 0.0000e+00
    314.000    310.514    -1.3459  27.336370    -1.3448  27.336172     6.0423     6.1670     0.0143    98.3395 1.0000e-12  -74.15876 -111.43646  35.078047      18.45 1.3751e+03    664.259      15943  1028.8960  1028.8947     4.6651     0.0705     0.1335    34.0435    34.0419    8.35640         39 0.0000e+00
    315.000    311.504    -1.3460  27.336911    -1.3447  27.336685     6.0387     6.1647     0.0185    98.3348 1.0000e-12  -74.15876 -111.43646  35.078070      17.31 1.3759e+03    666.219      15990  1028.9010  1028.8995     4.6648     0.0729     0.1300    34.0437    34.0419    8.35641         45 0.0000e+00
    316.000    312.490    -1.3461  27.336928    -1.3449  27.336667     6.0367     6.1624     0.0369    98.3277 1.0000e-12  -74.15876 -111.43646  35.078095      16.41 1.3757e+03    668.376      16042  1028.9054  1028.9040     4.6645     0.0741     0.1386    34.0433    34.0416    8.35646         41 0.0000e+00
    317.000    313.479    -1.3462  27.337370    -1.3449  27.337148     6.0400     6.1676     0.0173    98.2535 1.0000e-12  -74.15876 -111.43646  35.078124      15.37 1.3745e+03    670.939      16104  1028.9102  1028.9087     4.6609     0.0714     0.1290    34.0433    34.0415    8.35647         35 0.0000e+00
    318.000    314.466    -1.3461  27.337883    -1.3448  27.337628     6.0396     6.1641     0.0380    98.3106 1.0000e-12  -74.15876 -111.43646  35.078165      14.32 1.3745e+03    674.475      16188  1028.9150  1028.9135     4.6637     0.0714     0.1332    34.0433    34.0415    8.35645         33 0.0000e+00
    319.000    315.459    -1.3463  27.338063    -1.3452  27.337677     6.0421     6.1649     0.0140    98.3142 1.0000e-12  -74.15876 -111.43646  35.078197      13.34 1.3750e+03    677.207      16254  1028.9196  1028.9181     4.6638     0.0744     0.1306    34.0431    34.0414    8.35650         27 0.0000e+00
    320.000    316.445    -1.3463  27.338452    -1.3450  27.338130     6.0348     6.1672     0.0251    98.3343 1.0000e-12  -74.15876 -111.43646  35.078227      12.37 1.3733e+03    679.830      16317  1028.9244  1028.9228     4.6647     0.0703     0.1301    34.0431    34.0412    8.35652         39 0.0000e+00
    321.000    317.429    -1.3463  27.338718    -1.3450  27.338496     6.0411     6.1675     0.0059    98.2110 1.0000e-12  -74.15876 -111.43644  35.078256      11.44 1.3736e+03    682.356      16378  1028.9290  1028.9275     4.6590     0.0734     0.1295    34.0429    34.0411    8.35654         32 0.0000e+00
    322.000    318.419    -1.3464  27.339063    -1.3453  27.338591     6.0391     6.1674     0.0241    98.2897 1.0000e-12  -74.15876 -111.43644  35.078285      10.41 1.3747e+03    684.859      16438  1028.9337  1028.9321     4.6626     0.0722     0.1283    34.0428    34.0410    8.35655         31 0.0000e+00
    323.000    319.407    -1.3462  27.339743    -1.3450  27.339464     6.0401     6.1690     0.0211    98.3357 1.0000e-12  -74.15876 -111.43644  35.078315       9.39 1.3736e+03    687.421      16499  1028.9386  1028.9372     4.6649     0.0729     0.1365    34.0429    34.0412    8.35651         25 0.0000e+00
    324.000    320.397    -1.3462  27.340192    -1.3449  27.340066     6.0397     6.1653     0.0250    98.3574 1.0000e-12  -74.15876 -111.43644  35.078346       8.29 1.3741e+03    690.121      16564  1028.9434  1028.9420     4.6660     0.0735     0.1303    34.0430    34.0413    8.35651         33 0.0000e+00
    325.000    321.383    -1.3463  27.340561    -1.3449  27.340439     6.0384     6.1631     0.0542    98.3378 1.0000e-12  -74.15876 -111.43644  35.078378       7.33 1.3739e+03    692.864      16630  1028.9482  1028.9467     4.6650     0.0717     0.1346    34.0430    34.0412    8.35653         34 0.0000e+00
    326.000    322.371    -1.3465  27.340541    -1.3452  27.340354     6.0364     6.1651     0.0441    98.1562 1.0000e-12  -74.15876 -111.43644  35.078409       6.21 1.3733e+03    695.540      16694  1028.9525  1028.9511     4.6565     0.0745     0.1347    34.0425    34.0408    8.35659         34 0.0000e+00
    327.000    323.361    -1.3464  27.341001    -1.3451  27.340842     6.0383     6.1612     0.0236    98.3294 1.0000e-12  -74.15876 -111.43645  35.078699       4.80 1.3718e+03    720.634      17296  1028.9573  1028.9558     4.6646     0.0717     0.1299    34.0424    34.0407    8.35658         77 0.0000e+00
