ocean_section_plots/required_files/ctd/dnbp2202_ctd024.cnv
* Sea-Bird SBE 9 Data File:
* FileName = D:\Data\raw\NBP2202_CTD024.hex
* Software Version Seasave V 7.26.7.121
* Temperature SN = 1649
* Conductivity SN = 2513
* Number of Bytes Per Scan = 40
* Number of Voltage Words = 5
* Number of Scans Averaged by the Deck Unit = 1
* NMEA Latitude = 74 12.90 S
* NMEA Longitude = 112 30.07 W
* NMEA UTC (Time) = Jan 20 2022  20:13:07
* NMEA baud rate = 9600
** Ship: RVIB N.B. Palmer
** Cruise: NBP2202 Thwaites
** Station: 15
** Operator: A. Robinson
** Glider calibration cast
# nquan = 25
# nvalues = 1130                        
# units = specified
# name 0 = prDM: Pressure, Digiquartz [db]
# name 1 = depSM: Depth [salt water, m]
# name 2 = t090C: Temperature [ITS-90, deg C]
# name 3 = c0mS/cm: Conductivity [mS/cm]
# name 4 = t190C: Temperature, 2 [ITS-90, deg C]
# name 5 = c1mS/cm: Conductivity, 2 [mS/cm]
# name 6 = sbeox0ML/L: Oxygen, SBE 43 [ml/l]
# name 7 = sbeox1ML/L: Oxygen, SBE 43, 2 [ml/l]
# name 8 = flECO-AFL: Fluorescence, WET Labs ECO-AFL/FL [mg/m^3]
# name 9 = CStarTr0: Beam Transmission, WET Labs C-Star [%]
# name 10 = par: PAR/Irradiance, Biospherical/Licor
# name 11 = latitude: Latitude [deg]
# name 12 = longitude: Longitude [deg]
# name 13 = timeJ: Julian Days
# name 14 = altM: Altimeter [m]
# name 15 = spar: SPAR, Biospherical/Licor
# name 16 = timeS: Time, Elapsed [seconds]
# name 17 = scan: Scan Count
# name 18 = density00: Density [density, kg/m^3]
# name 19 = density11: Density, 2 [density, kg/m^3]
# name 20 = sal00: Salinity, Practical [PSU]
# name 21 = sal11: Salinity, Practical, 2 [PSU]
# name 22 = oxsolML/L: Oxygen Saturation, Garcia & Gordon [ml/l]
# name 23 = nbin: number of scans per bin
# name 24 = flag: flag
# span 0 =      1.000,   1130.000       
# span 1 =      1.002,   1115.266       
# span 2 =    -1.4816,     0.5092       
# span 3 =  27.088472,  29.635497       
# span 4 =    -1.4807,     0.5112       
# span 5 =  27.088372,  29.635438       
# span 6 =     4.5713,     7.7911       
# span 7 =     4.8102,     8.2208       
# span 8 =    -0.0162,    12.4436       
# span 9 =    79.4401,    98.3565       
# span 10 = 1.0000e-12, 2.4029e+03      
# span 11 =  -74.21508,  -74.21504      
# span 12 = -112.50134, -112.50126      
# span 13 =  20.845256,  20.861808      
# span 14 =       3.42,     100.29      
# span 15 = 1.5498e+03, 2.2093e+03      
# span 16 =    243.139,   1673.186      
# span 17 =       5836,      40157      
# span 18 =  1027.1828,  1033.0195      
# span 19 =  1027.1874,  1033.0175      
# span 20 =    33.7967,    34.5501      
# span 21 =    33.8016,    34.5479      
# span 22 =    7.92987,    8.38864      
# span 23 =         11,         46      
# span 24 = 0.0000e+00, 0.0000e+00      
# interval = decibars: 1                
# start_time = Jan 20 2022 20:13:07 [NMEA time, header]
# bad_flag = -9.990e-29
*END*
[from data line 870]
    871.000    860.179     0.4046  29.408811     0.4066  29.408655     4.6258     4.8847    -0.0010    98.3496 1.0000e-12  -74.21506 -112.50130  20.857914      99.84 2.1861e+03   1336.765      32083  1031.7973  1031.7952    34.5169    34.5145    7.95319         26 0.0000e+00
    872.000    861.164     0.4056  29.410345     0.4074  29.409975     4.6275     4.8820    -0.0074    98.3322 1.0000e-12  -74.21506 -112.50130  20.857926      99.84 2.1801e+03   1337.828      32109  1031.8020  1031.8000    34.5171    34.5147    7.95296         25 0.0000e+00
    873.000    862.150     0.4066  29.411855     0.4082  29.411230     4.6270     4.8775    -0.0077    98.3367 1.0000e-12  -74.21506 -112.50130  20.857939      82.47 2.1704e+03   1338.891      32134  1031.8069  1031.8047    34.5175    34.5149    7.95275         26 0.0000e+00
    874.000    863.134     0.4071  29.412822     0.4089  29.412499     4.6248     4.8789    -0.0086    98.3373 1.0000e-12  -74.21506 -112.50130  20.857951      85.71 2.1586e+03   1339.944      32160  1031.8116  1031.8095    34.5176    34.5152    7.95264         25 0.0000e+00
    875.000    864.121     0.4085  29.414555     0.4102  29.414324     4.6285     4.8773     0.0040    98.3386 1.0000e-12  -74.21506 -112.50130  20.857963      97.01 2.1475e+03   1341.015      32185  1031.8163  1031.8143    34.5178    34.5155    7.95235         26 0.0000e+00
    876.000    865.106     0.4097  29.416384     0.4115  29.416016     4.6251     4.8752     0.0010    98.3436 1.0000e-12  -74.21506 -112.50130  20.857976      99.83 2.1363e+03   1342.098      32211  1031.8212  1031.8191    34.5182    34.5158    7.95207         26 0.0000e+00
    877.000    866.092     0.4107  29.417966     0.4126  29.417674     4.6234     4.8731    -0.0065    98.3332 1.0000e-12  -74.21506 -112.50130  20.857988      99.84 2.1258e+03   1343.157      32237  1031.8260  1031.8240    34.5186    34.5162    7.95184         25 0.0000e+00
    878.000    867.076     0.4139  29.421635     0.4159  29.421457     4.6197     4.8751    -0.0077    98.3347 1.0000e-12  -74.21506 -112.50130  20.858000      99.84 2.1174e+03   1344.235      32263  1031.8309  1031.8288    34.5192    34.5169    7.95114         26 0.0000e+00
    879.000    868.063     0.4155  29.423921     0.4178  29.424123     4.6243     4.8762     0.0028    98.3357 1.0000e-12  -74.21506 -112.50130  20.858013      99.85 2.1139e+03   1345.300      32288  1031.8360  1031.8339    34.5199    34.5176    7.95079         26 0.0000e+00
    880.000    869.048     0.4163  29.425127     0.4180  29.424811     4.6262     4.8771     0.0014    98.3189 1.0000e-12  -74.21506 -112.50130  20.858025      99.85 2.1201e+03   1346.363      32314  1031.8407  1031.8387    34.5200    34.5177    7.95061         25 0.0000e+00
    881.000    870.033     0.4163  29.425596     0.4181  29.425389     4.6257     4.8797    -0.0004    98.3060 1.0000e-12  -74.21506 -112.50130  20.858037      99.85 2.1330e+03   1347.433      32339  1031.8454  1031.8434    34.5201    34.5178    7.95061         26 0.0000e+00
    882.000    871.019     0.4162  29.426039     0.4180  29.425773     4.6256     4.8746    -0.0057    98.3119 1.0000e-12  -74.21506 -112.50130  20.858050      99.84 2.1458e+03   1348.516      32365  1031.8502  1031.8481    34.5202    34.5178    7.95062         26 0.0000e+00
    883.000    872.004     0.4166  29.426762     0.4183  29.426584     4.6260     4.8759    -0.0080    98.3270 1.0000e-12  -74.21506 -112.50130  20.858062      99.85 2.1574e+03   1349.583      32391  1031.8548  1031.8529    34.5202    34.5179    7.95055         25 0.0000e+00
    884.000    872.989     0.4170  29.427628     0.4187  29.427275     4.6226     4.8747    -0.0077    98.2950 1.0000e-12  -74.21506 -112.50130  20.858075      99.85 2.1631e+03   1350.650      32417  1031.8595  1031.8575    34.5202    34.5179    7.95046         26 0.0000e+00
    885.000    873.976     0.4172  29.428418     0.4189  29.427957     4.6192     4.8731    -0.0038    98.2980 1.0000e-12  -74.21506 -112.50130  20.858087      68.00 2.1581e+03   1351.726      32442  1031.8643  1031.8623    34.5204    34.5180    7.95039         26 0.0000e+00
    886.000    874.959     0.4177  29.429183     0.4197  29.429127     4.6214     4.8723    -0.0051    98.2786 1.0000e-12  -74.21506 -112.50130  20.858099      82.02 2.1467e+03   1352.788      32468  1031.8689  1031.8669    34.5204    34.5181    7.95031         25 0.0000e+00
    887.000    875.948     0.4202  29.432288     0.4220  29.432098     4.6217     4.8734    -0.0077    98.2960 1.0000e-12  -74.21506 -112.50129  20.858112      94.50 2.1330e+03   1353.848      32493  1031.8738  1031.8719    34.5210    34.5188    7.94975         26 0.0000e+00
    888.000    876.932     0.4208  29.433347     0.4225  29.432899     4.6223     4.8757    -0.0077    98.3094 1.0000e-12  -74.21506 -112.50128  20.858124      99.82 2.1190e+03   1354.912      32519  1031.8786  1031.8765    34.5212    34.5188    7.94962         25 0.0000e+00
    889.000    877.916     0.4219  29.434955     0.4237  29.434705     4.6209     4.8729    -0.0077    98.3022 1.0000e-12  -74.21506 -112.50128  20.858136      99.85 2.1033e+03   1355.968      32544  1031.8834  1031.8814    34.5215    34.5191    7.94938         25 0.0000e+00
    890.000    878.903     0.4227  29.436318     0.4246  29.436061     4.6224     4.8676    -0.0077    98.2860 1.0000e-12  -74.21506 -112.50128  20.858149      99.84 2.0837e+03   1357.035      32570  1031.8882  1031.8861    34.5218    34.5193    7.94919         26 0.0000e+00
    891.000    879.888     0.4235  29.437588     0.4254  29.437285     4.6233     4.8666    -0.0080    98.2742 1.0000e-12  -74.21506 -112.50128  20.858161      99.85 2.0609e+03   1358.113      32596  1031.8929  1031.8909    34.5219    34.5195    7.94901         26 0.0000e+00
    892.000    880.874     0.4244  29.439027     0.4263  29.438870     4.6181     4.8717    -0.0050    98.2620 1.0000e-12  -74.21506 -112.50128  20.858173      99.84 2.0429e+03   1359.177      32621  1031.8979  1031.8959    34.5223    34.5200    7.94882         25 0.0000e+00
    893.000    881.859     0.4255  29.440750     0.4273  29.440446     4.6131     4.8735    -0.0032    98.2755 1.0000e-12  -74.21506 -112.50128  20.858186      99.84 2.0273e+03   1360.246      32647  1031.9028  1031.9007    34.5228    34.5204    7.94857         26 0.0000e+00
    894.000    882.843     0.4259  29.441849     0.4277  29.441444     4.6168     4.8717    -0.0106    98.2703 1.0000e-12  -74.21506 -112.50128  20.858198      99.85 2.0214e+03   1361.327      32673  1031.9077  1031.9056    34.5232    34.5207    7.94846         27 0.0000e+00
    895.000    883.831     0.4260  29.442326     0.4278  29.442103     4.6216     4.8712    -0.0100    98.2508 1.0000e-12  -74.21506 -112.50128  20.858211      99.85 2.0259e+03   1362.417      32699  1031.9124  1031.9104    34.5231    34.5209    7.94844         25 0.0000e+00
    896.000    884.815     0.4265  29.443323     0.4283  29.443127     4.6197     4.8714    -0.0032    98.2427 1.0000e-12  -74.21506 -112.50128  20.858224      99.84 2.0454e+03   1363.532      32726  1031.9171  1031.9152    34.5233    34.5211    7.94833         28 0.0000e+00
    897.000    885.800     0.4268  29.444014     0.4287  29.444014     4.6180     4.8726    -0.0077    98.2532 1.0000e-12  -74.21506 -112.50128  20.858237      76.97 2.0720e+03   1364.670      32753  1031.9218  1031.9199    34.5233    34.5212    7.94827         27 0.0000e+00
    898.000    886.786     0.4272  29.445136     0.4290  29.444895     4.6169     4.8768    -0.0080    98.2579 1.0000e-12  -74.21506 -112.50128  20.858250      87.55 2.0966e+03   1365.793      32780  1031.9267  1031.9248    34.5237    34.5214    7.94815         27 0.0000e+00
    899.000    887.770     0.4276  29.445949     0.4293  29.445696     4.6162     4.8692    -0.0050    98.2675 1.0000e-12  -74.21506 -112.50128  20.858263      99.88 2.1143e+03   1366.920      32807  1031.9315  1031.9295    34.5238    34.5215    7.94807         27 0.0000e+00
    900.000    888.757     0.4277  29.446488     0.4295  29.446230     4.6155     4.8669    -0.0080    98.2565 1.0000e-12  -74.21506 -112.50128  20.858276      99.84 2.1266e+03   1368.063      32835  1031.9361  1031.9341    34.5238    34.5215    7.94805         28 0.0000e+00
    901.000    889.742     0.4277  29.446981     0.4296  29.446785     4.6228     4.8715    -0.0110    98.2589 1.0000e-12  -74.21506 -112.50128  20.858290      99.84 2.1375e+03   1369.215      32862  1031.9409  1031.9389    34.5239    34.5216    7.94805         27 0.0000e+00
    902.000    890.727     0.4277  29.447206     0.4295  29.447067     4.6255     4.8721    -0.0079    98.2492 1.0000e-12  -74.21506 -112.50130  20.858303      99.85 2.1428e+03   1370.348      32889  1031.9453  1031.9434    34.5236    34.5214    7.94806         27 0.0000e+00
    903.000    891.712     0.4277  29.447747     0.4296  29.447514     4.6186     4.8734    -0.0030    98.2703 1.0000e-12  -74.21506 -112.50128  20.858316      99.85 2.1436e+03   1371.470      32916  1031.9502  1031.9481    34.5238    34.5214    7.94806         25 0.0000e+00
    904.000    892.699     0.4282  29.448666     0.4300  29.448535     4.6226     4.8723    -0.0054    98.2473 1.0000e-12  -74.21506 -112.50130  20.858329      99.84 2.1439e+03   1372.605      32944  1031.9548  1031.9529    34.5239    34.5217    7.94796         28 0.0000e+00
    905.000    893.684     0.4289  29.449870     0.4307  29.449713     4.6195     4.8710    -0.0128    98.2712 1.0000e-12  -74.21506 -112.50130  20.858342      99.84 2.1445e+03   1373.749      32971  1031.9596  1031.9577    34.5241    34.5219    7.94780         27 0.0000e+00
    906.000    894.669     0.4297  29.451463     0.4315  29.451310     4.6207     4.8746    -0.0103    98.2692 1.0000e-12  -74.21506 -112.50130  20.858355      99.85 2.1486e+03   1374.881      32998  1031.9647  1031.9627    34.5247    34.5225    7.94760         25 0.0000e+00
    907.000    895.654     0.4298  29.452042     0.4316  29.451806     4.6215     4.8769    -0.0023    98.2703 1.0000e-12  -74.21506 -112.50130  20.858368      99.84 2.1515e+03   1376.006      33025  1031.9693  1031.9674    34.5247    34.5225    7.94757         27 0.0000e+00
    908.000    896.641     0.4304  29.453033     0.4320  29.452796     4.6185     4.8716    -0.0007    98.2575 1.0000e-12  -74.21506 -112.50130  20.858381      99.84 2.1527e+03   1377.143      33052  1031.9741  1031.9722    34.5248    34.5227    7.94745         28 0.0000e+00
    909.000    897.623     0.4310  29.454248     0.4329  29.454126     4.6160     4.8691    -0.0131    98.2522 1.0000e-12  -74.21506 -112.50130  20.858395      85.55 2.1535e+03   1378.293      33080  1031.9789  1031.9770    34.5252    34.5229    7.94730         27 0.0000e+00
    910.000    898.611     0.4318  29.455908     0.4339  29.455889     4.6171     4.8639    -0.0093    98.2551 1.0000e-12  -74.21506 -112.50130  20.858408      99.76 2.1571e+03   1379.426      33107  1031.9840  1031.9820    34.5258    34.5235    7.94709         27 0.0000e+00
    911.000    899.596     0.4333  29.458068     0.4352  29.457960     4.6157     4.8696     0.0050    98.2697 1.0000e-12  -74.21506 -112.50130  20.858421      99.85 2.1610e+03   1380.565      33135  1031.9890  1031.9871    34.5265    34.5242    7.94676         27 0.0000e+00
    912.000    900.581     0.4337  29.458965     0.4356  29.458741     4.6200     4.8711    -0.0007    98.2810 1.0000e-12  -74.21506 -112.50130  20.858434      99.84 2.1642e+03   1381.715      33162  1031.9938  1031.9917    34.5265    34.5242    7.94666         29 0.0000e+00
    913.000    901.566     0.4339  29.459612     0.4357  29.459348     4.6176     4.8684    -0.0076    98.2846 1.0000e-12  -74.21506 -112.50130  20.858447      99.85 2.1665e+03   1382.862      33190  1031.9985  1031.9964    34.5266    34.5243    7.94662         27 0.0000e+00
    914.000    902.551     0.4341  29.460176     0.4359  29.459981     4.6165     4.8666    -0.0012    98.2741 1.0000e-12  -74.21506 -112.50130  20.858461      99.84 2.1709e+03   1384.002      33217  1032.0031  1032.0011    34.5266    34.5243    7.94659         27 0.0000e+00
    915.000    903.536     0.4353  29.461963     0.4371  29.461884     4.6163     4.8633    -0.0079    98.2878 1.0000e-12  -74.21506 -112.50130  20.858474      99.85 2.1718e+03   1385.144      33244  1032.0080  1032.0061    34.5271    34.5249    7.94632         28 0.0000e+00
    916.000    904.524     0.4359  29.463172     0.4377  29.462992     4.6150     4.8655    -0.0090    98.3046 1.0000e-12  -74.21506 -112.50130  20.858487      99.84 2.1700e+03   1386.287      33272  1032.0128  1032.0109    34.5274    34.5252    7.94617         27 0.0000e+00
    917.000    905.506     0.4359  29.463650     0.4378  29.463478     4.6135     4.8680    -0.0139    98.2889 1.0000e-12  -74.21506 -112.50130  20.858500      99.85 2.1662e+03   1387.424      33299  1032.0176  1032.0156    34.5274    34.5251    7.94617         28 0.0000e+00
    918.000    906.492     0.4361  29.464352     0.4379  29.464038     4.6082     4.8697    -0.0078    98.2829 1.0000e-12  -74.21506 -112.50130  20.858513      99.84 2.1632e+03   1388.557      33326  1032.0223  1032.0202    34.5275    34.5251    7.94612         27 0.0000e+00
    919.000    907.478     0.4375  29.466276     0.4392  29.466041     4.6142     4.8701    -0.0077    98.3006 1.0000e-12  -74.21506 -112.50130  20.858527      99.84 2.1603e+03   1389.692      33354  1032.0272  1032.0252    34.5280    34.5257    7.94582         27 0.0000e+00
    920.000    908.464     0.4386  29.467867     0.4403  29.467678     4.6173     4.8707    -0.0077    98.2970 1.0000e-12  -74.21506 -112.50130  20.858540      77.46 2.1571e+03   1390.835      33381  1032.0319  1032.0301    34.5282    34.5260    7.94557         27 0.0000e+00
    921.000    909.449     0.4386  29.468291     0.4404  29.468173     4.6167     4.8713    -0.0077    98.3053 1.0000e-12  -74.21506 -112.50130  20.858553      90.56 2.1556e+03   1391.981      33409  1032.0366  1032.0348    34.5282    34.5261    7.94557         28 0.0000e+00
    922.000    910.433     0.4388  29.468985     0.4407  29.469023     4.6185     4.8703    -0.0054    98.3035 1.0000e-12  -74.21506 -112.50130  20.858566      99.67 2.1545e+03   1393.125      33436  1032.0414  1032.0395    34.5283    34.5262    7.94552         28 0.0000e+00
    923.000    911.420     0.4407  29.471656     0.4425  29.471210     4.6184     4.8701    -0.0005    98.3215 1.0000e-12  -74.21506 -112.50130  20.858580      99.84 2.1555e+03   1394.274      33464  1032.0464  1032.0443    34.5291    34.5266    7.94508         27 0.0000e+00
    924.000    912.404     0.4417  29.473263     0.4435  29.472922     4.6137     4.8664    -0.0046    98.3117 1.0000e-12  -74.21506 -112.50130  20.858593      99.85 2.1559e+03   1395.434      33491  1032.0513  1032.0493    34.5295    34.5271    7.94485         28 0.0000e+00
    925.000    913.389     0.4419  29.473708     0.4435  29.473402     4.6157     4.8641    -0.0077    98.3170 1.0000e-12  -74.21506 -112.50130  20.858606      99.84 2.1561e+03   1396.574      33519  1032.0559  1032.0539    34.5294    34.5271    7.94483         27 0.0000e+00
    926.000    914.374     0.4421  29.474585     0.4440  29.474312     4.6166     4.8648    -0.0077    98.3091 1.0000e-12  -74.21506 -112.50130  20.858619      99.84 2.1563e+03   1397.711      33546  1032.0608  1032.0586    34.5297    34.5272    7.94477         28 0.0000e+00
    927.000    915.361     0.4433  29.476235     0.4451  29.476071     4.6158     4.8663    -0.0077    98.3047 1.0000e-12  -74.21506 -112.50130  20.858633      99.85 2.1578e+03   1398.863      33574  1032.0655  1032.0636    34.5299    34.5277    7.94450         27 0.0000e+00
