ocean_section_plots/required_files/ctd/dnbp2202_ctd044.cnv
* Sea-Bird SBE 9 Data File:
* FileName = D:\Data\raw\NBP2202_CTD044.hex
* Software Version Seasave V 7.26.7.121
* Temperature SN = 1649
* Conductivity SN = 2513
* Number of Bytes Per Scan = 40
* Number of Voltage Words = 5
* Number of Scans Averaged by the Deck Unit = 1
* NMEA Latitude = 74 10.00 S
* NMEA Longitude = 113 18.01 W
* NMEA UTC (Time) = Jan 23 2022  22:11:25
* NMEA baud rate = 9600
** Ship: RVIB N.B. Palmer
** Cruise: NBP2202 Thwaites
** Station: 25
** Operator: A. Robinson
# nquan = 25
# nvalues = 658                         
# units = specified
# name 0 = prDM: Pressure, Digiquartz [db]
# name 1 = depSM: Depth [salt water, m]
# name 2 = t090C: Temperature [ITS-90, deg C]
# name 3 = c0mS/cm: Conductivity [mS/cm]
# name 4 = t190C: Temperature, 2 [ITS-90, deg C]
# name 5 = c1mS/cm: Conductivity, 2 [mS/cm]
# name 6 = sbeox0ML/L: Oxygen, SBE 43 [ml/l]
# name 7 = sbeox1ML/L: Oxygen, SBE 43, 2 [ml/l]
# name 8 = flECO-AFL: Fluorescence, WET Labs ECO-AFL/FL [mg/m^3]
# name 9 = CStarTr0: Beam Transmission, WET Labs C-Star [%]
# name 10 = par: PAR/Irradiance, Biospherical/Licor
# name 11 = latitude: Latitude [deg]
# name 12 = longitude: Longitude [deg]
# name 13 = timeJ: Julian Days
# name 14 = altM: Altimeter [m]
# name 15 = spar: SPAR, Biospherical/Licor
# name 16 = timeS: Time, Elapsed [seconds]
# name 17 = scan: Scan Count
# name 18 = density00: Density [density, kg/m^3]
# name 19 = density11: Density, 2 [density, kg/m^3]
# name 20 = sal00: Salinity, Practical [PSU]
# name 21 = sal11: Salinity, Practical, 2 [PSU]
# name 22 = oxsolML/L: Oxygen Saturation, Garcia & Gordon [ml/l]
# name 23 = nbin: number of scans per bin
# name 24 = flag: flag
# span 0 =      2.000,    659.000       
# span 1 =      1.975,    651.100       
# span 2 =    -1.5745,     0.1737       
# span 3 =  26.888112,  29.039061       
# span 4 =    -1.5742,     0.1744       
# span 5 =  26.887854,  29.037180       
# span 6 =     4.6890,     7.8400       
# span 7 =     4.9251,     8.2856       
# span 8 =    -0.0219,    17.3653       
# span 9 =    77.1220,    96.3374       
# span 10 = -1.108e-04, 2.4552e+02      
# span 11 =  -74.16672,  -74.16672      
# span 12 = -113.30030, -113.30028      
# span 13 =  23.926489,  23.938431      
# span 14 =      -3.81,     100.23      
# span 15 = 5.7957e+02, 6.0037e+02      
# span 16 =    163.665,   1195.387      
# span 17 =       3929,      28690      
# span 18 =  1027.1927,  1030.7391      
# span 19 =  1027.1930,  1030.7364      
# span 20 =    33.7942,    34.4122      
# span 21 =    33.7946,    34.4088      
# span 22 =    8.00686,    8.42101      
# span 23 =          2,         48      
# span 24 = 0.0000e+00, 0.0000e+00      
# interval = decibars: 1                
# start_time = Jan 23 2022 22:11:25 [NMEA time, header]
# bad_flag = -9.990e-29
*END*
[from data line 348]
    350.000    346.085    -0.3206  28.344769    -0.3199  28.342628     4.8486     5.1117    -0.0117    95.8940 1.0000e-12  -74.16672 -113.30028  23.932345      99.85 5.8528e+02    669.611      16072  1029.1648  1029.1619    34.2286    34.2250    8.12147         28 0.0000e+00
    351.000    347.073    -0.3189  28.347322    -0.3168  28.346807     4.8458     5.1097    -0.0056    95.9140 1.0000e-12  -74.16672 -113.30028  23.932359      99.85 5.8546e+02    670.804      16100  1029.1702  1029.1677    34.2295    34.2265    8.12105         29 0.0000e+00
    352.000    348.060    -0.3175  28.349211    -0.3157  28.348585     4.8490     5.1140    -0.0184    95.9200 1.0000e-12  -74.16672 -113.30028  23.932373      80.38 5.8534e+02    672.005      16129  1029.1753  1029.1729    34.2298    34.2270    8.12073         29 0.0000e+00
    353.000    349.049    -0.3133  28.354588    -0.3108  28.354449     4.8496     5.1070    -0.0147    95.9308 1.0000e-12  -74.16672 -113.30028  23.932386      91.75 5.8553e+02    673.191      16158  1029.1813  1029.1788    34.2317    34.2287    8.11973         28 0.0000e+00
    354.000    350.037    -0.3100  28.358566    -0.3081  28.358123     4.8496     5.1101    -0.0179    95.9666 1.0000e-12  -74.16672 -113.30028  23.932400      99.85 5.8597e+02    674.353      16185  1029.1868  1029.1844    34.2327    34.2300    8.11897         28 0.0000e+00
    355.000    351.024    -0.3077  28.361674    -0.3063  28.360582     4.8487     5.1056    -0.0151    95.9907 1.0000e-12  -74.16672 -113.30028  23.932413      99.85 5.8559e+02    675.522      16214  1029.1922  1029.1896    34.2337    34.2306    8.11843         29 0.0000e+00
    356.000    352.013    -0.3054  28.364511    -0.3042  28.363204     4.8467     5.1042    -0.0171    95.9906 1.0000e-12  -74.16672 -113.30028  23.932427      99.85 5.8590e+02    676.715      16242  1029.1973  1029.1948    34.2343    34.2312    8.11790         28 0.0000e+00
    357.000    353.001    -0.3050  28.365415    -0.3029  28.365155     4.8410     5.1072    -0.0132    96.0073 1.0000e-12  -74.16672 -113.30028  23.932441      99.85 5.8591e+02    677.905      16271  1029.2023  1029.1999    34.2345    34.2317    8.11781         28 0.0000e+00
    358.000    353.989    -0.3032  28.367872    -0.3013  28.367384     4.8427     5.1067    -0.0057    95.9920 1.0000e-12  -74.16672 -113.30028  23.932455      99.84 5.8607e+02    679.076      16299  1029.2075  1029.2051    34.2351    34.2323    8.11739         29 0.0000e+00
    359.000    354.976    -0.3018  28.370053    -0.3001  28.369257     4.8428     5.1022    -0.0151    96.0191 1.0000e-12  -74.16672 -113.30028  23.932468      99.85 5.8654e+02    680.274      16328  1029.2127  1029.2102    34.2358    34.2328    8.11704         28 0.0000e+00
    360.000    355.965    -0.2998  28.372567    -0.2979  28.372016     4.8453     5.1001    -0.0044    96.0076 1.0000e-12  -74.16672 -113.30028  23.932483      99.85 5.8627e+02    681.498      16357  1029.2178  1029.2154    34.2363    34.2335    8.11658         30 0.0000e+00
    361.000    356.953    -0.2997  28.373025    -0.2981  28.372261     4.8457     5.1060    -0.0115    95.9973 1.0000e-12  -74.16672 -113.30028  23.932497      99.85 5.8704e+02    682.710      16386  1029.2225  1029.2202    34.2362    34.2334    8.11657         29 0.0000e+00
    362.000    357.940    -0.2984  28.374799    -0.2966  28.374372     4.8385     5.1020    -0.0052    96.0026 1.0000e-12  -74.16672 -113.30028  23.932511      99.85 5.8704e+02    683.915      16415  1029.2275  1029.2253    34.2366    34.2340    8.11629         29 0.0000e+00
    363.000    358.928    -0.2974  28.376447    -0.2954  28.376246     4.8362     5.0955    -0.0168    95.9915 1.0000e-12  -74.16672 -113.30028  23.932524      79.91 5.8704e+02    685.101      16443  1029.2326  1029.2304    34.2371    34.2345    8.11605         28 0.0000e+00
    364.000    359.915    -0.2932  28.381862    -0.2932  28.379198     4.8370     5.0965    -0.0080    96.0044 1.0000e-12  -74.16672 -113.30028  23.932538      96.10 5.8704e+02    686.291      16472  1029.2385  1029.2358    34.2390    34.2354    8.11504         29 0.0000e+00
    365.000    360.905    -0.2917  28.383936    -0.2888  28.384614     4.8354     5.1001    -0.0069    95.9935 1.0000e-12  -74.16672 -113.30028  23.932552      99.80 5.8704e+02    687.465      16500  1029.2436  1029.2415    34.2394    34.2371    8.11468         28 0.0000e+00
    366.000    361.892    -0.2894  28.386866    -0.2873  28.386674     4.8383     5.0922    -0.0156    96.0016 1.0000e-12  -74.16672 -113.30028  23.932565      99.84 5.8704e+02    688.630      16528  1029.2488  1029.2465    34.2402    34.2375    8.11416         27 0.0000e+00
    367.000    362.878    -0.2882  28.388711    -0.2866  28.387968     4.8322     5.0906    -0.0145    95.9944 1.0000e-12  -74.16672 -113.30028  23.932579      99.85 5.8704e+02    689.827      16557  1029.2539  1029.2515    34.2406    34.2378    8.11387         29 0.0000e+00
    368.000    363.869    -0.2861  28.391544    -0.2845  28.390713     4.8338     5.0946    -0.0109    96.0000 1.0000e-12  -74.16672 -113.30028  23.932593      99.85 5.8704e+02    691.008      16585  1029.2592  1029.2567    34.2415    34.2385    8.11338         29 0.0000e+00
    369.000    364.856    -0.2847  28.393540    -0.2826  28.393269     4.8298     5.0963    -0.0116    96.0089 1.0000e-12  -74.16672 -113.30028  23.932606      99.84 5.8704e+02    692.182      16613  1029.2643  1029.2619    34.2420    34.2393    8.11306         28 0.0000e+00
    370.000    365.844    -0.2830  28.395902    -0.2814  28.395112     4.8294     5.0920    -0.0052    96.0017 1.0000e-12  -74.16672 -113.30028  23.932620      99.85 5.8704e+02    693.378      16642  1029.2694  1029.2670    34.2426    34.2398    8.11265         29 0.0000e+00
    371.000    366.832    -0.2776  28.402392    -0.2762  28.401435     4.8294     5.0944    -0.0165    96.0070 1.0000e-12  -74.16672 -113.30028  23.932634      99.84 5.8704e+02    694.576      16671  1029.2754  1029.2730    34.2446    34.2418    8.11140         29 0.0000e+00
    372.000    367.818    -0.2769  28.403674    -0.2750  28.403251     4.8334     5.0876    -0.0119    96.0044 1.0000e-12  -74.16672 -113.30028  23.932648      99.85 5.8704e+02    695.764      16699  1029.2803  1029.2781    34.2449    34.2423    8.11121         28 0.0000e+00
    373.000    368.807    -0.2740  28.407484    -0.2722  28.407038     4.8320     5.0878    -0.0100    96.0088 1.0000e-12  -74.16672 -113.30028  23.932662      99.85 5.8704e+02    696.955      16728  1029.2859  1029.2837    34.2462    34.2435    8.11053         29 0.0000e+00
    374.000    369.795    -0.2724  28.409688    -0.2704  28.409492     4.8319     5.0877    -0.0115    95.9780 1.0000e-12  -74.16672 -113.30028  23.932675      98.89 5.8704e+02    698.155      16757  1029.2910  1029.2888    34.2467    34.2441    8.11016         29 0.0000e+00
    375.000    370.783    -0.2649  28.418819    -0.2637  28.417394     4.8305     5.0869    -0.0103    95.9969 1.0000e-12  -74.16672 -113.30028  23.932689      89.50 5.8704e+02    699.345      16785  1029.2976  1029.2950    34.2498    34.2466    8.10838         28 0.0000e+00
    376.000    371.770    -0.2601  28.424538    -0.2586  28.423745     4.8283     5.0818    -0.0112    96.0026 1.0000e-12  -74.16672 -113.30028  23.932703      99.72 5.8704e+02    700.535      16814  1029.3034  1029.3011    34.2514    34.2487    8.10727         29 0.0000e+00
    377.000    372.759    -0.2531  28.432997    -0.2511  28.432534     4.8229     5.0810    -0.0061    95.9980 1.0000e-12  -74.16672 -113.30028  23.932717      99.85 5.8704e+02    701.729      16843  1029.3099  1029.3075    34.2543    34.2515    8.10562         28 0.0000e+00
    378.000    373.746    -0.2513  28.435268    -0.2495  28.434795     4.8210     5.0857    -0.0104    95.9924 1.0000e-12  -74.16672 -113.30028  23.932730      99.85 5.8704e+02    702.908      16871  1029.3149  1029.3126    34.2547    34.2520    8.10522         28 0.0000e+00
    379.000    374.734    -0.2507  28.436402    -0.2489  28.435937     4.8255     5.0823    -0.0156    95.9812 1.0000e-12  -74.16672 -113.30028  23.932744      99.84 5.8704e+02    704.079      16899  1029.3199  1029.3177    34.2550    34.2523    8.10508         28 0.0000e+00
    380.000    375.723    -0.2503  28.437445    -0.2483  28.437072     4.8241     5.0792    -0.0058    95.9885 1.0000e-12  -74.16672 -113.30028  23.932758      99.85 5.8704e+02    705.264      16927  1029.3249  1029.3226    34.2552    34.2526    8.10496         29 0.0000e+00
    381.000    376.710    -0.2493  28.438798    -0.2476  28.438262     4.8198     5.0807    -0.0085    95.9785 1.0000e-12  -74.16672 -113.30028  23.932772      99.85 5.8704e+02    706.471      16956  1029.3298  1029.3275    34.2554    34.2528    8.10476         29 0.0000e+00
    382.000    377.697    -0.2478  28.440990    -0.2460  28.440573     4.8236     5.0790    -0.0039    95.9919 1.0000e-12  -74.16672 -113.30028  23.932785      99.84 5.8704e+02    707.665      16985  1029.3349  1029.3327    34.2560    34.2534    8.10440         29 0.0000e+00
    383.000    378.685    -0.2467  28.442570    -0.2449  28.442148     4.8193     5.0826     0.0058    95.9897 1.0000e-12  -74.16672 -113.30028  23.932799      99.85 5.8710e+02    708.851      17013  1029.3399  1029.3377    34.2563    34.2537    8.10415         28 0.0000e+00
    384.000    379.675    -0.2431  28.447215    -0.2412  28.446702     4.8240     5.0838    -0.0015    95.9897 1.0000e-12  -74.16672 -113.30028  23.932813      99.85 5.8856e+02    710.029      17042  1029.3455  1029.3432    34.2578    34.2550    8.10329         28 0.0000e+00
    385.000    380.661    -0.2424  28.448519    -0.2403  28.448257     4.8231     5.0782    -0.0119    95.9822 1.0000e-12  -74.16672 -113.30028  23.932826      83.41 5.8741e+02    711.195      17070  1029.3506  1029.3483    34.2582    34.2555    8.10312         28 0.0000e+00
    386.000    381.650    -0.2416  28.449810    -0.2398  28.449201     4.8232     5.0773    -0.0110    95.9911 1.0000e-12  -74.16672 -113.30028  23.932840      97.59 5.8716e+02    712.375      17098  1029.3555  1029.3531    34.2584    34.2556    8.10295         29 0.0000e+00
    387.000    382.636    -0.2413  28.450430    -0.2397  28.449836     4.8156     5.0769    -0.0120    95.9972 1.0000e-12  -74.16672 -113.30028  23.932854      99.82 5.8752e+02    713.575      17127  1029.3602  1029.3580    34.2583    34.2557    8.10289         29 0.0000e+00
    388.000    383.625    -0.2406  28.451765    -0.2382  28.451745     4.8236     5.0755    -0.0128    95.9929 1.0000e-12  -74.16672 -113.30028  23.932867      99.85 5.8776e+02    714.747      17155  1029.3652  1029.3629    34.2587    34.2560    8.10271         27 0.0000e+00
    389.000    384.612    -0.2383  28.454865    -0.2361  28.454570     4.8191     5.0764    -0.0072    95.9878 1.0000e-12  -74.16672 -113.30028  23.932881      99.85 5.8748e+02    715.900      17183  1029.3705  1029.3681    34.2596    34.2568    8.10217         28 0.0000e+00
    390.000    385.600    -0.2322  28.462128    -0.2304  28.461575     4.8185     5.0715    -0.0019    95.9724 1.0000e-12  -74.16672 -113.30028  23.932895      99.85 5.8730e+02    717.087      17211  1029.3766  1029.3742    34.2618    34.2591    8.10075         29 0.0000e+00
    391.000    386.587    -0.2284  28.466826    -0.2268  28.466011     4.8123     5.0672    -0.0069    96.0110 1.0000e-12  -74.16672 -113.30028  23.932908      99.85 5.8704e+02    718.277      17240  1029.3822  1029.3798    34.2632    34.2604    8.09986         29 0.0000e+00
    392.000    387.577    -0.2264  28.469430    -0.2246  28.468927     4.8168     5.0708    -0.0105    95.9844 1.0000e-12  -74.16672 -113.30028  23.932922      99.84 5.8704e+02    719.469      17268  1029.3873  1029.3851    34.2639    34.2612    8.09940         28 0.0000e+00
    393.000    388.564    -0.2239  28.472618    -0.2224  28.471927     4.8112     5.0678    -0.0163    95.9839 1.0000e-12  -74.16672 -113.30028  23.932936      99.84 5.8704e+02    720.666      17297  1029.3926  1029.3904    34.2648    34.2621    8.09883         29 0.0000e+00
    394.000    389.550    -0.2127  28.485541    -0.2108  28.485110     4.8076     5.0700    -0.0137    95.9786 1.0000e-12  -74.16672 -113.30028  23.932950      99.85 5.8704e+02    721.865      17326  1029.3997  1029.3974    34.2688    34.2661    8.09622         28 0.0000e+00
    395.000    390.540    -0.2035  28.496450    -0.2017  28.495828     4.8073     5.0674    -0.0117    95.9688 1.0000e-12  -74.16672 -113.30028  23.932964      99.84 5.8704e+02    723.051      17354  1029.4066  1029.4042    34.2724    34.2695    8.09406         29 0.0000e+00
    396.000    391.526    -0.1987  28.502444    -0.1971  28.501451     4.8071     5.0632    -0.0108    95.9963 1.0000e-12  -74.16672 -113.30028  23.932977      99.69 5.8704e+02    724.237      17383  1029.4126  1029.4100    34.2743    34.2712    8.09292         28 0.0000e+00
    397.000    392.515    -0.1910  28.511733    -0.1895  28.510741     4.8086     5.0613    -0.0114    96.0253 1.0000e-12  -74.16672 -113.30028  23.932991      91.47 5.8704e+02    725.451      17412  1029.4193  1029.4169    34.2775    34.2745    8.09112         30 0.0000e+00
    398.000    393.502    -0.1884  28.515024    -0.1864  28.514634     4.8071     5.0625    -0.0115    96.0476 1.0000e-12  -74.16672 -113.30028  23.933007      98.75 5.8704e+02    726.766      17443  1029.4247  1029.4224    34.2783    34.2756    8.09052         33 0.0000e+00
    399.000    394.490    -0.1873  28.516784    -0.1853  28.516313     4.8067     5.0635    -0.0170    96.0643 1.0000e-12  -74.16672 -113.30028  23.933022      99.84 5.8704e+02    728.115      17476  1029.4299  1029.4275    34.2788    34.2760    8.09025         33 0.0000e+00
    400.000    395.478    -0.1864  28.518087    -0.1845  28.517638     4.8052     5.0652    -0.0069    96.0600 1.0000e-12  -74.16672 -113.30028  23.933038      99.85 5.8704e+02    729.461      17508  1029.4347  1029.4324    34.2789    34.2762    8.09005         32 0.0000e+00
    401.000    396.466    -0.1845  28.520780    -0.1825  28.520362     4.8035     5.0657     0.0034    96.0503 1.0000e-12  -74.16672 -113.30028  23.933053      99.85 5.8704e+02    730.801      17540  1029.4401  1029.4377    34.2798    34.2770    8.08960         32 0.0000e+00
    402.000    397.454    -0.1782  28.528493    -0.1764  28.527794     4.8031     5.0571    -0.0011    96.0061 1.0000e-12  -74.16672 -113.30028  23.933069      99.85 5.8704e+02    732.163      17573  1029.4465  1029.4440    34.2824    34.2795    8.08812         33 0.0000e+00
    403.000    398.440    -0.1752  28.532033    -0.1736  28.531449     4.8047     5.0566    -0.0062    96.0467 1.0000e-12  -74.16672 -113.30028  23.933085      99.84 5.8704e+02    733.546      17606  1029.4517  1029.4494    34.2832    34.2805    8.08745         33 0.0000e+00
    404.000    399.430    -0.1753  28.532685    -0.1735  28.532034     4.8045     5.0608    -0.0150    96.0599 1.0000e-12  -74.16672 -113.30028  23.933101      99.86 5.8704e+02    734.898      17639  1029.4568  1029.4543    34.2835    34.2806    8.08744         32 0.0000e+00
    405.000    400.416    -0.1750  28.533298    -0.1731  28.532924     4.7986     5.0614    -0.0181    96.0582 1.0000e-12  -74.16672 -113.30028  23.933116      99.85 5.8704e+02    736.248      17671  1029.4615  1029.4593    34.2834    34.2808    8.08739         33 0.0000e+00
    406.000    401.404    -0.1740  28.534917    -0.1722  28.534404     4.8017     5.0588    -0.0101    96.0653 1.0000e-12  -74.16672 -113.30028  23.933132      98.43 5.8739e+02    737.627      17704  1029.4666  1029.4643    34.2839    34.2812    8.08715         33 0.0000e+00
