ocean_section_plots/required_files/ctd/dnbp2202_ctd206.cnv
* Sea-Bird SBE 9 Data File:
* FileName = D:\Data\raw\NBP2202_CTD206.hex
* Software Version Seasave V 7.26.7.121
* Temperature SN = 1649
* Conductivity SN = 2513
* Number of Bytes Per Scan = 40
* Number of Voltage Words = 5
* Number of Scans Averaged by the Deck Unit = 1
* NMEA Latitude = 73 49.41 S
* NMEA Longitude = 113 56.97 W
* NMEA UTC (Time) = Feb 10 2022  02:34:46
* NMEA baud rate = 9600
** Ship: RVIB N.B. Palmer
** Cruise: NBP2202 Thwaites
** Station: 125
** Operator: A. Robinson
# nquan = 28
# nvalues = 348                         
# units = specified
# name 0 = prDM: Pressure, Digiquartz [db]
# name 1 = depSM: Depth [salt water, m]
# name 2 = t090C: Temperature [ITS-90, deg C]
# name 3 = c0mS/cm: Conductivity [mS/cm]
# name 4 = t190C: Temperature, 2 [ITS-90, deg C]
# name 5 = c1mS/cm: Conductivity, 2 [mS/cm]
# name 6 = sbeox0ML/L: Oxygen, SBE 43 [ml/l]
# name 7 = sbeox1ML/L: Oxygen, SBE 43, 2 [ml/l]
# name 8 = flECO-AFL: Fluorescence, WET Labs ECO-AFL/FL [mg/m^3]
# name 9 = CStarTr0: Beam Transmission, WET Labs C-Star [%]
# name 10 = par: PAR/Irradiance, Biospherical/Licor
# name 11 = latitude: Latitude [deg]
# name 12 = longitude: Longitude [deg]
# name 13 = timeJ: Julian Days
# name 14 = altM: Altimeter [m]
# name 15 = spar: SPAR, Biospherical/Licor
# name 16 = timeS: Time, Elapsed [seconds]
# name 17 = scan: Scan Count
# name 18 = density00: Density [density, kg/m^3]
# name 19 = density11: Density, 2 [density, kg/m^3]
# name 20 = v3: Voltage 3
# name 21 = v4: Voltage 4
# name 22 = v5: Voltage 5
# name 23 = sal00: Salinity, Practical [PSU]
# name 24 = sal11: Salinity, Practical, 2 [PSU]
# name 25 = oxsolML/L: Oxygen Saturation, Garcia & Gordon [ml/l]
# name 26 = nbin: number of scans per bin
# name 27 = flag: flag
# span 0 =      2.000,    349.000       
# span 1 =      1.974,    345.103       
# span 2 =    -1.2538,    -0.5429       
# span 3 =  27.278268,  28.119377       
# span 4 =    -1.2537,    -0.5416       
# span 5 =  27.278365,  28.120073       
# span 6 =     5.0246,     9.0441       
# span 7 =     5.2100,     9.2423       
# span 8 =     0.1209,    20.9121       
# span 9 =    76.3350,    97.5755       
# span 10 = 1.0000e-12, 2.2779e+01      
# span 11 =  -73.82354,  -73.82352      
# span 12 = -113.94960, -113.94958      
# span 13 =  41.110277,  41.115566      
# span 14 =       2.40,      99.98      
# span 15 = 5.8143e+01, 6.5227e+01      
# span 16 =    241.921,    698.938      
# span 17 =       5807,      16776      
# span 18 =  1027.1443,  1029.1329      
# span 19 =  1027.1484,  1029.1316      
# span 20 =     3.6217,     4.6288      
# span 21 =     0.0872,     3.7330      
# span 22 =     0.1213,     0.2736      
# span 23 =    33.7423,    34.1785      
# span 24 =    33.7440,    34.1768      
# span 25 =    8.17202,    8.33820      
# span 26 =         19,         62      
# span 27 = 0.0000e+00, 0.0000e+00      
# interval = decibars: 1                
# start_time = Feb 10 2022 02:34:46 [NMEA time, header]
# bad_flag = -9.990e-29
*END*
[from data line 52]
     54.000     53.435    -0.8974  27.407873    -0.8990  27.408142     8.6058     8.9929    16.7431    79.2015 1.0000e-12  -73.82354 -113.94958  41.111371      99.79 6.2483e+01    336.423       8075  1027.4322  1027.4340     3.7574     2.6669     0.1918    33.7952    33.7973    8.27147         33 0.0000e+00
     55.000     54.424    -0.8973  27.408418    -0.8989  27.408537     8.5949     8.9904    14.8027    79.2327 1.0000e-12  -73.82354 -113.94958  41.111388      99.93 6.2709e+01    337.882       8110  1027.4371  1027.4387     3.7591     2.9874     0.2205    33.7952    33.7972    8.27145         35 0.0000e+00
     56.000     55.414    -0.8973  27.408894    -0.8990  27.409065     8.5986     8.9952    20.5156    80.5765 1.0000e-12  -73.82354 -113.94958  41.111404      99.80 6.2910e+01    339.332       8145  1027.4419  1027.4437     3.8228     2.5402     0.2236    33.7953    33.7974    8.27146         35 0.0000e+00
     57.000     56.404    -0.8973  27.409429    -0.8990  27.409502     8.5950     8.9834    16.5325    78.7540 1.0000e-12  -73.82354 -113.94958  41.111421      99.73 6.2611e+01    340.778       8180  1027.4468  1027.4484     3.7363     2.4324     0.2202    33.7954    33.7973    8.27145         35 0.0000e+00
     58.000     57.393    -0.8974  27.410044    -0.8988  27.410160     8.5964     8.9806    15.7199    76.9128 1.0000e-12  -73.82354 -113.94958  41.111438      94.80 6.2609e+01    342.236       8215  1027.4517  1027.4533     3.6490     2.4995     0.2093    33.7956    33.7974    8.27144         33 0.0000e+00
     59.000     58.383    -0.8977  27.410497    -0.8992  27.410623     8.5889     8.9794    14.6849    78.8501 1.0000e-12  -73.82354 -113.94958  41.111454      98.67 6.2611e+01    343.663       8249  1027.4569  1027.4584     3.7409     2.3315     0.2054    33.7961    33.7979    8.27150         31 0.0000e+00
     60.000     59.372    -0.8975  27.411417    -0.8990  27.411542     8.5909     8.9752    15.0094    78.9160 1.0000e-12  -73.82354 -113.94958  41.111470      99.60 6.2073e+01    345.046       8282  1027.4619  1027.4636     3.7441     2.2656     0.2109    33.7964    33.7983    8.27142         33 0.0000e+00
     61.000     60.358    -0.8980  27.411742    -0.8996  27.411903     8.5889     8.9635    16.0507    79.0250 1.0000e-12  -73.82354 -113.94958  41.111486      99.71 6.2066e+01    346.382       8314  1027.4670  1027.4687     3.7492     2.4423     0.1793    33.7968    33.7988    8.27151         29 0.0000e+00
     62.000     61.350    -0.8986  27.411963    -0.9002  27.412096     8.5824     8.9691    15.7510    78.0525 1.0000e-12  -73.82354 -113.94958  41.111501      99.53 6.2291e+01    347.659       8345  1027.4722  1027.4738     3.7031     2.0771     0.1842    33.7972    33.7991    8.27163         30 0.0000e+00
     63.000     62.340    -0.8987  27.412252    -0.9002  27.412493     8.5835     8.9662    15.1400    78.0057 1.0000e-12  -73.82354 -113.94958  41.111515      99.70 6.2113e+01    348.888       8374  1027.4769  1027.4786     3.7008     2.2931     0.1824    33.7970    33.7991    8.27165         30 0.0000e+00
     64.000     63.328    -0.8990  27.412554    -0.9005  27.412753     8.5740     8.9611    14.2343    78.6184 1.0000e-12  -73.82354 -113.94958  41.111529      99.60 6.2016e+01    350.100       8403  1027.4819  1027.4834     3.7300     2.2778     0.1886    33.7972    33.7991    8.27171         28 0.0000e+00
     65.000     64.318    -0.9008  27.411965    -0.9021  27.412115     8.5697     8.9611    15.3096    79.3745 1.0000e-12  -73.82354 -113.94958  41.111543      99.87 6.2159e+01    351.289       8432  1027.4872  1027.4887     3.7658     2.8724     0.2073    33.7977    33.7995    8.27207         27 0.0000e+00
     66.000     65.309    -0.9003  27.412758    -0.9017  27.413086     8.5758     8.9628    15.0721    79.5557 1.0000e-12  -73.82354 -113.94958  41.111556      99.75 6.2158e+01    352.450       8460  1027.4919  1027.4936     3.7744     2.4543     0.1925    33.7977    33.7997    8.27197         27 0.0000e+00
     67.000     66.296    -0.9000  27.413571    -0.9015  27.413722     8.5792     8.9598    13.5519    78.2255 1.0000e-12  -73.82354 -113.94958  41.111570      99.59 6.2079e+01    353.607       8488  1027.4968  1027.4984     3.7113     2.2517     0.1846    33.7978    33.7997    8.27189         28 0.0000e+00
     68.000     67.285    -0.8999  27.414255    -0.9014  27.414353     8.5804     8.9616    17.5974    77.8668 1.0000e-12  -73.82354 -113.94958  41.111583      99.51 6.2016e+01    354.764       8515  1027.5017  1027.5033     3.6943     2.1172     0.1717    33.7981    33.7999    8.27186         28 0.0000e+00
     69.000     68.276    -0.9000  27.414823    -0.9015  27.414913     8.5770     8.9536    18.5252    78.1564 1.0000e-12  -73.82354 -113.94958  41.111596      93.33 6.1833e+01    355.907       8543  1027.5067  1027.5083     3.7080     2.5035     0.1921    33.7982    33.8001    8.27186         27 0.0000e+00
     70.000     69.265    -0.9004  27.415094    -0.9020  27.415225     8.5773     8.9505    16.5618    77.9113 1.0000e-12  -73.82354 -113.94958  41.111609      95.41 6.2015e+01    357.059       8570  1027.5117  1027.5134     3.6969     2.8513     0.1851    33.7985    33.8005    8.27195         28 0.0000e+00
     71.000     70.254    -0.9009  27.415378    -0.9022  27.415506     8.5778     8.9528    16.2254    79.0713 1.0000e-12  -73.82354 -113.94958  41.111623      99.69 6.2244e+01    358.211       8598  1027.5168  1027.5182     3.7509     2.4114     0.1982    33.7988    33.8005    8.27203         27 0.0000e+00
     72.000     71.244    -0.9007  27.416058    -0.9020  27.416196     8.5740     8.9485    16.1580    78.5449 1.0000e-12  -73.82354 -113.94958  41.111636      99.82 6.1698e+01    359.361       8626  1027.5217  1027.5231     3.7264     2.5967     0.2051    33.7989    33.8006    8.27199         28 0.0000e+00
     73.000     72.234    -0.9007  27.416590    -0.9021  27.416636     8.5806     8.9521    16.3987    76.9024 1.0000e-12  -73.82354 -113.94958  41.111649      99.83 6.1701e+01    360.515       8653  1027.5265  1027.5278     3.6486     2.5940     0.2038    33.7990    33.8006    8.27198         28 0.0000e+00
     74.000     73.222    -0.9013  27.416588    -0.9027  27.416734     8.5805     8.9559    17.6574    78.0447 1.0000e-12  -73.82354 -113.94958  41.111663      99.56 6.1701e+01    361.675       8681  1027.5313  1027.5328     3.7027     2.2144     0.1782    33.7990    33.8008    8.27210         28 0.0000e+00
     75.000     74.211    -0.9014  27.417068    -0.9028  27.417191     8.5817     8.9510    17.0771    78.3637 1.0000e-12  -73.82354 -113.94958  41.111676      99.73 6.1896e+01    362.829       8709  1027.5363  1027.5377     3.7179     2.4226     0.1841    33.7992    33.8009    8.27212         27 0.0000e+00
     76.000     75.202    -0.9015  27.417574    -0.9028  27.417639     8.5749     8.9530    17.4931    76.7689 1.0000e-12  -73.82354 -113.94958  41.111690      99.90 6.1764e+01    363.981       8737  1027.5412  1027.5425     3.6423     2.8233     0.2450    33.7994    33.8009    8.27213         28 0.0000e+00
     77.000     76.189    -0.9021  27.417740    -0.9033  27.417805     8.5710     8.9528    17.2064    77.2676 1.0000e-12  -73.82354 -113.94958  41.111703      99.77 6.2203e+01    365.141       8764  1027.5463  1027.5475     3.6659     2.4872     0.1982    33.7997    33.8012    8.27225         28 0.0000e+00
     78.000     77.181    -0.9021  27.418210    -0.9034  27.418280     8.5714     8.9509    16.7902    77.7744 1.0000e-12  -73.82354 -113.94958  41.111716      99.91 6.2354e+01    366.296       8792  1027.5511  1027.5524     3.6900     2.6687     0.2086    33.7997    33.8013    8.27225         27 0.0000e+00
     79.000     78.168    -0.9022  27.418738    -0.9033  27.418749     8.5755     8.9487    16.4807    78.7507 1.0000e-12  -73.82354 -113.94958  41.111730      99.75 6.1696e+01    367.446       8820  1027.5560  1027.5571     3.7361     2.4613     0.2001    33.7999    33.8012    8.27225         28 0.0000e+00
     80.000     79.159    -0.9023  27.419135    -0.9036  27.419119     8.5710     8.9540    17.1212    80.5508 1.0000e-12  -73.82354 -113.94958  41.111743      99.67 6.1701e+01    368.596       8847  1027.5609  1027.5621     3.8216     2.3662     0.1940    33.8000    33.8014    8.27228         28 0.0000e+00
     81.000     80.147    -0.9025  27.419531    -0.9038  27.419574     8.5706     8.9538    17.1245    79.6692 1.0000e-12  -73.82354 -113.94958  41.111756      99.66 6.1701e+01    369.744       8875  1027.5658  1027.5670     3.7796     2.3462     0.1826    33.8000    33.8016    8.27231         27 0.0000e+00
     82.000     81.137    -0.9027  27.419895    -0.9039  27.419941     8.5746     8.9545    16.9143    79.0026 1.0000e-12  -73.82354 -113.94958  41.111769      99.72 6.1701e+01    370.886       8902  1027.5707  1027.5719     3.7483     2.4237     0.2043    33.8002    33.8016    8.27235         28 0.0000e+00
     83.000     82.127    -0.9030  27.420127    -0.9043  27.420150     8.5639     8.9461    16.4379    78.8719 1.0000e-12  -73.82354 -113.94958  41.111783      99.79 6.1701e+01    372.036       8930  1027.5755  1027.5768     3.7419     2.5903     0.2227    33.8002    33.8017    8.27241         27 0.0000e+00
     84.000     83.114    -0.9045  27.419766    -0.9057  27.419810     8.5743     8.9478    18.1895    77.4291 1.0000e-12  -73.82354 -113.94958  41.111796      99.84 6.1701e+01    373.187       8957  1027.5809  1027.5821     3.6735     2.5987     0.1926    33.8008    33.8022    8.27271         28 0.0000e+00
     85.000     84.105    -0.9045  27.420586    -0.9056  27.420647     8.5709     8.9437    14.8067    78.5211 1.0000e-12  -73.82354 -113.94958  41.111809      99.52 6.1701e+01    374.328       8985  1027.5861  1027.5872     3.7254     2.1966     0.1943    33.8013    33.8026    8.27268         27 0.0000e+00
     86.000     85.094    -0.9043  27.421417    -0.9055  27.421436     8.5484     8.9368    18.7739    78.1112 1.0000e-12  -73.82354 -113.94958  41.111823      99.89 6.1701e+01    375.482       9013  1027.5910  1027.5922     3.7058     2.6507     0.2074    33.8015    33.8029    8.27261         28 0.0000e+00
     87.000     86.083    -0.9038  27.422627    -0.9050  27.422684     8.5231     8.9019    13.7368    76.7936 1.0000e-12  -73.82354 -113.94958  41.111836      99.80 6.1701e+01    376.635       9040  1027.5962  1027.5974     3.6435     2.5379     0.2273    33.8021    33.8035    8.27249         27 0.0000e+00
     88.000     87.071    -0.9049  27.422887    -0.9061  27.423002     8.5217     8.8884    16.9350    77.4195 1.0000e-12  -73.82354 -113.94958  41.111849      99.62 6.1701e+01    377.785       9068  1027.6018  1027.6032     3.6731     2.3159     0.1799    33.8030    33.8046    8.27267         28 0.0000e+00
     89.000     88.062    -0.9077  27.421965    -0.9088  27.422133     8.5241     8.8925    16.0889    77.9021 1.0000e-12  -73.82354 -113.94958  41.111863      99.76 6.1701e+01    378.946       9096  1027.6078  1027.6091     3.6963     2.4656     0.1812    33.8042    33.8058    8.27320         28 0.0000e+00
     90.000     89.050    -0.9080  27.423561    -0.9091  27.423665     8.5057     8.8739    17.2112    78.7902 1.0000e-12  -73.82354 -113.94958  41.111876      99.90 6.1701e+01    380.110       9124  1027.6141  1027.6153     3.7377     2.6435     0.1831    33.8061    33.8075    8.27316         28 0.0000e+00
     91.000     90.041    -0.9122  27.421409    -0.9133  27.421444     8.4439     8.8258    15.4836    79.4385 1.0000e-12  -73.82354 -113.94958  41.111890      99.85 6.1701e+01    381.265       9151  1027.6201  1027.6212     3.7688     2.5520     0.2108    33.8073    33.8087    8.27402         28 0.0000e+00
     92.000     91.028    -0.9133  27.421884    -0.9144  27.421947     8.3672     8.7657    17.9926    77.5513 1.0000e-12  -73.82354 -113.94958  41.111903      99.87 6.1701e+01    382.417       9179  1027.6260  1027.6272     3.6794     2.6701     0.2305    33.8086    33.8100    8.27418         27 0.0000e+00
     93.000     92.019    -0.9203  27.419326    -0.9215  27.419434     8.3348     8.7169    15.8190    77.1589 1.0000e-12  -73.82354 -113.94958  41.111916      99.28 6.1701e+01    383.569       9207  1027.6343  1027.6356     3.6607     2.3812     0.2156    33.8124    33.8139    8.27551         28 0.0000e+00
     94.000     93.008    -0.9223  27.418819    -0.9236  27.418675     8.3057     8.6818    15.0644    78.2871 1.0000e-12  -73.82354 -113.94958  41.111930      99.67 6.1701e+01    384.718       9234  1027.6400  1027.6410     3.7142     2.3656     0.1875    33.8134    33.8145    8.27590         28 0.0000e+00
     95.000     93.997    -0.9247  27.417818    -0.9258  27.417861     8.2611     8.6414    15.4201    79.2491 1.0000e-12  -73.82354 -113.94958  41.111943      99.75 6.1701e+01    385.859       9262  1027.6454  1027.6465     3.7598     2.5861     0.2305    33.8140    33.8154    8.27638         27 0.0000e+00
     96.000     94.986    -0.9288  27.415619    -0.9297  27.415876     8.1645     8.5526    15.0552    78.5760 1.0000e-12  -73.82354 -113.94958  41.111956      99.80 6.1701e+01    386.998       9289  1027.6512  1027.6523     3.7279     2.5411     0.2096    33.8151    33.8164    8.27723         27 0.0000e+00
     97.000     95.974    -0.9425  27.406665    -0.9438  27.406990     8.0739     8.4526    14.7637    77.1902 1.0000e-12  -73.82354 -113.94958  41.111969      99.60 6.1701e+01    388.130       9316  1027.6590  1027.6606     3.6622     2.3153     0.2194    33.8176    33.8196    8.28009         27 0.0000e+00
     98.000     96.965    -0.9524  27.400627    -0.9530  27.401012     7.9635     8.3790    15.3491    76.7234 1.0000e-12  -73.82354 -113.94958  41.111982      99.62 6.1701e+01    389.264       9343  1027.6662  1027.6672     3.6400     2.2900     0.2217    33.8200    33.8212    8.28214         28 0.0000e+00
     99.000     97.954    -0.9851  27.374363    -0.9766  27.383816     7.8761     8.2783    19.2401    76.3350 1.0000e-12  -73.82354 -113.94958  41.111996      99.98 6.1701e+01    390.415       9371  1027.6734  1027.6755     3.6217     3.0215     0.2391    33.8204    33.8237    8.28933         27 0.0000e+00
    100.000     98.944    -1.0478  27.329141    -1.0479  27.330264     7.8791     8.2498    20.8217    78.1221 1.0000e-12  -73.82354 -113.94958  41.112009      99.86 6.1701e+01    391.557       9398  1027.6888  1027.6901     3.7062     2.6470     0.2066    33.8287    33.8303    8.30270         27 0.0000e+00
    101.000     99.931    -1.0161  27.355779    -1.0042  27.364668     7.8776     8.2422    15.7933    76.6485 1.0000e-12  -73.82354 -113.94958  41.112022      99.51 6.1827e+01    392.690       9426  1027.6910  1027.6892     3.6367     2.1856     0.1816    33.8288    33.8274    8.29569         28 0.0000e+00
    102.000    100.922    -1.0267  27.344342    -1.0289  27.344799     7.8642     8.2283    14.6256    77.3900 1.0000e-12  -73.82354 -113.94958  41.112035      99.66 6.1702e+01    393.786       9452  1027.6929  1027.6956     3.6717     2.2724     0.1880    33.8244    33.8276    8.29828         25 0.0000e+00
    103.000    101.910    -1.0921  27.292544    -1.0968  27.290564     7.8619     8.2166    14.5573    78.1794 1.0000e-12  -73.82354 -113.94958  41.112047      99.50 6.2562e+01    394.851       9477  1027.7036  1027.7061     3.7091     2.1745     0.2011    33.8269    33.8295    8.31263         25 0.0000e+00
    104.000    102.898    -1.0988  27.288084    -1.0996  27.288718     7.8653     8.2216    15.0229    79.7643 1.0000e-12  -73.82354 -113.94958  41.112058      98.90 6.1704e+01    395.850       9501  1027.7091  1027.7106     3.7840     2.0217     0.2099    33.8277    33.8294    8.31407         24 0.0000e+00
