ocean_section_plots/required_files/ctd/dnbp2202_ctd165.cnv
* Sea-Bird SBE 9 Data File:
* FileName = D:\Data\raw\NBP2202_CTD165.hex
* Software Version Seasave V 7.26.7.121
* Temperature SN = 1649
* Conductivity SN = 2513
* Number of Bytes Per Scan = 40
* Number of Voltage Words = 5
* Number of Scans Averaged by the Deck Unit = 1
* NMEA Latitude = 74 14.19 S
* NMEA Longitude = 112 19.98 W
* NMEA UTC (Time) = Feb 01 2022  03:23:42
* NMEA baud rate = 9600
** Ship: RVIB N.B. Palmer
** Cruise: NBP2202 Thwaites
** Station: 87
** Operator: B Bjork
# nquan = 28
# nvalues = 504                         
# units = specified
# name 0 = prDM: Pressure, Digiquartz [db]
# name 1 = depSM: Depth [salt water, m]
# name 2 = t090C: Temperature [ITS-90, deg C]
# name 3 = c0mS/cm: Conductivity [mS/cm]
# name 4 = t190C: Temperature, 2 [ITS-90, deg C]
# name 5 = c1mS/cm: Conductivity, 2 [mS/cm]
# name 6 = sbeox0ML/L: Oxygen, SBE 43 [ml/l]
# name 7 = sbeox1ML/L: Oxygen, SBE 43, 2 [ml/l]
# name 8 = flECO-AFL: Fluorescence, WET Labs ECO-AFL/FL [mg/m^3]
# name 9 = CStarTr0: Beam Transmission, WET Labs C-Star [%]
# name 10 = par: PAR/Irradiance, Biospherical/Licor
# name 11 = latitude: Latitude [deg]
# name 12 = longitude: Longitude [deg]
# name 13 = timeJ: Julian Days
# name 14 = altM: Altimeter [m]
# name 15 = spar: SPAR, Biospherical/Licor
# name 16 = timeS: Time, Elapsed [seconds]
# name 17 = scan: Scan Count
# name 18 = density00: Density [density, kg/m^3]
# name 19 = density11: Density, 2 [density, kg/m^3]
# name 20 = v3: Voltage 3
# name 21 = v4: Voltage 4
# name 22 = v5: Voltage 5
# name 23 = sal00: Salinity, Practical [PSU]
# name 24 = sal11: Salinity, Practical, 2 [PSU]
# name 25 = oxsolML/L: Oxygen Saturation, Garcia & Gordon [ml/l]
# name 26 = nbin: number of scans per bin
# name 27 = flag: flag
# span 0 =      3.000,    506.000       
# span 1 =      2.969,    500.152       
# span 2 =    -1.5807,    -0.1034       
# span 3 =  26.996367,  28.675659       
# span 4 =    -1.5809,    -0.1005       
# span 5 =  26.996369,  28.675174       
# span 6 =     4.8520,     8.5269       
# span 7 =     4.9487,     8.7598       
# span 8 =    -0.0004,    19.9522       
# span 9 =    71.0620,    93.6309       
# span 10 = -3.808e-05, 4.6824e+01      
# span 11 =  -74.23660,  -74.23658      
# span 12 = -112.33316, -112.33309      
# span 13 =  32.143986,  32.151607      
# span 14 =      43.88,     100.12      
# span 15 = 1.0305e+03, 1.1378e+03      
# span 16 =    218.392,    876.891      
# span 17 =       5242,      21046      
# span 18 =  1027.1994,  1029.9712      
# span 19 =  1027.2031,  1029.9694      
# span 20 =     3.3715,     4.4418      
# span 21 =     0.0687,     3.3934      
# span 22 =     0.1147,     0.2579      
# span 23 =    33.8124,    34.3327      
# span 24 =    33.8147,    34.3289      
# span 25 =    8.06944,    8.41440      
# span 26 =         15,         50      
# span 27 = 0.0000e+00, 0.0000e+00      
# interval = decibars: 1                
# start_time = Feb 01 2022 03:23:42 [NMEA time, header]
# bad_flag = -9.990e-29
*END*
[from data line 311]
    314.000    310.515    -1.2386  27.461235    -1.2386  27.459775     6.0156     6.1510     0.0668    93.3971 1.0000e-12  -74.23658 -112.33311  32.149000      99.88 1.1062e+03    651.574      15639  1028.9293  1028.9276     4.4307     0.0814     0.1267    34.0928    34.0908    8.32951         22 0.0000e+00
    315.000    311.501    -1.2339  27.466047    -1.2323  27.466041     6.0034     6.1425     0.0776    93.4637 1.0000e-12  -74.23658 -112.33311  32.149011      99.88 1.1044e+03    652.529      15662  1028.9345  1028.9329     4.4339     0.1033     0.1182    34.0934    34.0916    8.32843         26 0.0000e+00
    316.000    312.490    -1.2327  27.467740    -1.2318  27.466987     5.9998     6.1424     0.0908    93.4056 1.0000e-12  -74.23658 -112.33310  32.149024      99.89 1.1021e+03    653.666      15689  1028.9397  1028.9380     4.4311     0.0840     0.1219    34.0937    34.0917    8.32814         27 0.0000e+00
    317.000    313.479    -1.2308  27.469853    -1.2300  27.469176     6.0025     6.1455     0.1346    93.3757 1.0000e-12  -74.23659 -112.33310  32.149037      99.88 1.1023e+03    654.778      15716  1028.9448  1028.9432     4.4298     0.0859     0.1187    34.0940    34.0921    8.32772         26 0.0000e+00
    318.000    314.466    -1.2294  27.471609    -1.2295  27.470188     6.0162     6.1481     0.0884    93.4648 1.0000e-12  -74.23660 -112.33310  32.149049      99.88 1.1036e+03    655.800      15740  1028.9497  1028.9483     4.4339     0.0829     0.1195    34.0940    34.0923    8.32738         24 0.0000e+00
    319.000    315.453    -1.2324  27.469751    -1.2320  27.468887     6.0256     6.1645     0.0866    93.4189 1.0000e-12  -74.23660 -112.33310  32.149060      99.88 1.1037e+03    656.816      15765  1028.9550  1028.9538     4.4317     0.0814     0.1175    34.0943    34.0927    8.32803         25 0.0000e+00
    320.000    316.443    -1.2349  27.468299    -1.2335  27.468284     6.0007     6.1412     0.0807    93.3934 1.0000e-12  -74.23660 -112.33310  32.149073      99.89 1.1045e+03    657.941      15792  1028.9604  1028.9590     4.4305     0.0849     0.1174    34.0946    34.0929    8.32859         28 0.0000e+00
    321.000    317.430    -1.2244  27.479109    -1.2214  27.479583     5.9719     6.1055     0.0903    93.4153 1.0000e-12  -74.23660 -112.33310  32.149087      99.87 1.1052e+03    659.095      15819  1028.9664  1028.9639     4.4316     0.1631     0.1230    34.0968    34.0940    8.32612         27 0.0000e+00
    322.000    318.419    -1.2011  27.500709    -1.1990  27.500621     5.9905     6.1266     0.1185    93.3175 1.0000e-12  -74.23660 -112.33310  32.149099      99.89 1.1049e+03    660.187      15845  1028.9717  1028.9695     4.4270     0.0824     0.1193    34.0993    34.0968    8.32078         26 0.0000e+00
    323.000    319.407    -1.1906  27.510457    -1.1900  27.510274     6.0095     6.1421     0.0901    93.3605 1.0000e-12  -74.23660 -112.33310  32.149112      87.20 1.1037e+03    661.286      15872  1028.9766  1028.9758     4.4290     0.0817     0.1161    34.1002    34.0992    8.31841         27 0.0000e+00
    324.000    320.394    -1.2281  27.481617    -1.2273  27.480881     6.0050     6.1430     0.1197    93.4169 1.0000e-12  -74.23660 -112.33310  32.149125      99.76 1.1036e+03    662.427      15899  1028.9862  1028.9847     4.4316     0.0975     0.1209    34.1027    34.1007    8.32660         28 0.0000e+00
    325.000    321.382    -1.2078  27.500971    -1.2064  27.500527     5.9982     6.1314     0.0812    93.4377 1.0000e-12  -74.23660 -112.33310  32.149139      99.88 1.1051e+03    663.571      15927  1028.9918  1028.9900     4.4326     0.0817     0.1232    34.1054    34.1032    8.32191         27 0.0000e+00
    326.000    322.372    -1.2048  27.504426    -1.2036  27.504065     5.9924     6.1246     0.0745    93.3739 1.0000e-12  -74.23660 -112.33310  32.149151      99.87 1.1047e+03    664.681      15953  1028.9972  1028.9956     4.4296     0.0843     0.1198    34.1062    34.1043    8.32121         25 0.0000e+00
    327.000    323.359    -1.2004  27.509165    -1.1973  27.510487     5.9633     6.1031     0.0643    93.3973 1.0000e-12  -74.23660 -112.33310  32.149163      99.88 1.1027e+03    665.691      15978  1029.0024  1029.0008     4.4307     0.0845     0.1234    34.1070    34.1053    8.32017         24 0.0000e+00
    328.000    324.348    -1.1908  27.518795    -1.1894  27.517975     5.9483     6.0924     0.0708    93.4307 1.0000e-12  -74.23660 -112.33310  32.149175      99.88 1.1032e+03    666.710      16002  1029.0079  1029.0057     4.4322     0.0827     0.1194    34.1086    34.1060    8.31794         26 0.0000e+00
    329.000    325.335    -1.1724  27.535512    -1.1728  27.533597     5.9324     6.0810     0.0680    93.4170 1.0000e-12  -74.23660 -112.33310  32.149188      99.87 1.1029e+03    667.832      16029  1029.0126  1029.0109     4.4316     0.0843     0.1176    34.1100    34.1078    8.31377         27 0.0000e+00
    330.000    326.323    -1.1684  27.539517    -1.1672  27.539106     5.9236     6.0660     0.0847    93.4185 1.0000e-12  -74.23660 -112.33310  32.149201      99.88 1.1021e+03    668.959      16056  1029.0175  1029.0159     4.4317     0.0839     0.1222    34.1103    34.1084    8.31286         26 0.0000e+00
    331.000    327.311    -1.1585  27.549158    -1.1597  27.546405     5.9074     6.0472     0.0717    93.4469 1.0000e-12  -74.23660 -112.33310  32.149213      99.88 1.0983e+03    670.002      16081  1029.0229  1029.0210     4.4331     0.0812     0.1187    34.1117    34.1092    8.31060         25 0.0000e+00
    332.000    328.299    -1.1521  27.555099    -1.1496  27.555850     5.8925     6.0286     0.0612    93.4150 1.0000e-12  -74.23660 -112.33310  32.149225      99.88 1.0933e+03    671.046      16106  1029.0275  1029.0259     4.4315     0.0816     0.1198    34.1119    34.1101    8.30915         26 0.0000e+00
    333.000    329.288    -1.1424  27.565061    -1.1416  27.563600     5.8712     6.0150     0.0637    93.3606 1.0000e-12  -74.23660 -112.33310  32.149237      99.87 1.0889e+03    672.106      16132  1029.0334  1029.0310     4.4290     0.0844     0.1193    34.1139    34.1110    8.30689         24 0.0000e+00
    334.000    330.275    -1.1280  27.578011    -1.1264  27.577860     5.8598     6.0019     0.1122    93.3718 1.0000e-12  -74.23660 -112.33310  32.149249      99.88 1.0858e+03    673.133      16156  1029.0378  1029.0361     4.4295     0.0818     0.1178    34.1146    34.1125    8.30365         25 0.0000e+00
    335.000    331.263    -1.1210  27.585451    -1.1197  27.584649     5.8529     5.9882     0.0638    93.4089 1.0000e-12  -74.23660 -112.33310  32.149261      99.73 1.0830e+03    674.171      16181  1029.0436  1029.0415     4.4312     0.0864     0.1317    34.1162    34.1136    8.30201         25 0.0000e+00
    336.000    332.251    -1.1053  27.600254    -1.1038  27.600007     5.8405     5.9757     0.0786    93.3864 1.0000e-12  -74.23660 -112.33310  32.149274      96.39 1.0781e+03    675.253      16207  1029.0489  1029.0472     4.4302     0.0923     0.1223    34.1179    34.1159    8.29842         27 0.0000e+00
    337.000    333.240    -1.0977  27.608186    -1.0961  27.607619     5.8409     5.9644     0.0657    93.4007 1.0000e-12  -74.23658 -112.33310  32.149287      99.73 1.0731e+03    676.382      16234  1029.0546  1029.0525     4.4309     0.0853     0.1206    34.1195    34.1170    8.29665         28 0.0000e+00
    338.000    334.229    -1.0976  27.608641    -1.0966  27.608214     5.8955     6.0216     0.1397    93.3403 1.0000e-12  -74.23658 -112.33311  32.149300      99.88 1.0698e+03    677.530      16262  1029.0596  1029.0582     4.4280     0.0840     0.1202    34.1195    34.1178    8.29664         27 0.0000e+00
    339.000    335.215    -1.1173  27.591734    -1.1174  27.591242     5.9407     6.0700     0.0728    93.4178 1.0000e-12  -74.23658 -112.33311  32.149313      99.88 1.0672e+03    678.621      16288  1029.0650  1029.0645     4.4317     0.0827     0.1213    34.1181    34.1175    8.30107         25 0.0000e+00
    340.000    336.205    -1.1585  27.556426    -1.1566  27.557275     5.9011     6.0347     0.0726    93.4127 1.0000e-12  -74.23658 -112.33311  32.149324      99.88 1.0652e+03    679.610      16312  1029.0711  1029.0702     4.4314     0.0825     0.1190    34.1160    34.1150    8.31033         23 0.0000e+00
    341.000    337.190    -1.1601  27.558219    -1.1577  27.557761     5.8360     5.9749     0.0723    93.3809 1.0000e-12  -74.23658 -112.33312  32.149335      99.88 1.0632e+03    680.579      16335  1029.0789  1029.0760     4.4299     0.0829     0.1192    34.1197    34.1164    8.31048         24 0.0000e+00
    342.000    338.180    -1.0891  27.622605    -1.0853  27.622391     5.7963     5.9379     0.0657    93.3760 1.0000e-12  -74.23658 -112.33312  32.149348      99.88 1.0589e+03    681.624      16360  1029.0838  1029.0798     4.4297     0.0810     0.1211    34.1264    34.1218    8.29435         26 0.0000e+00
    343.000    339.168    -1.0606  27.646964    -1.0615  27.644371     5.7734     5.9174     0.0706    93.4399 1.0000e-12  -74.23658 -112.33312  32.149361      99.88 1.0526e+03    682.801      16388  1029.0870  1029.0851     4.4327     0.0864     0.1240    34.1267    34.1242    8.28803         30 0.0000e+00
    344.000    340.156    -1.0575  27.650271    -1.0559  27.649794     5.7688     5.9078     0.0646    93.4593 1.0000e-12  -74.23658 -112.33312  32.149376      99.88 1.0474e+03    684.086      16419  1029.0922  1029.0901     4.4337     0.0834     0.1197    34.1271    34.1246    8.28733         31 0.0000e+00
    345.000    341.144    -1.0526  27.655639    -1.0495  27.657016     5.8115     5.9355     0.0729    93.4616 1.0000e-12  -74.23658 -112.33312  32.149389      99.88 1.0443e+03    685.234      16447  1029.0978  1029.0963     4.4338     0.0847     0.1216    34.1282    34.1266    8.28618         24 0.0000e+00
    346.000    342.132    -1.0576  27.652990    -1.0566  27.652594     5.8653     5.9825     0.0822    93.4695 1.0000e-12  -74.23658 -112.33312  32.149400      99.87 1.0418e+03    686.165      16469  1029.1043  1029.1029     4.4342     0.0811     0.1207    34.1296    34.1279    8.28720         20 0.0000e+00
    347.000    343.118    -1.0841  27.629705    -1.0836  27.629676     5.9008     6.0182     0.0802    93.4506 1.0000e-12  -74.23658 -112.33312  32.149410      67.81 1.0402e+03    686.980      16489  1029.1093  1029.1088     4.4333     0.0814     0.1255    34.1273    34.1268    8.29318         19 0.0000e+00
    348.000    344.109    -1.1102  27.608060    -1.1083  27.608889     5.9234     6.0381     0.0802    93.4449 1.0000e-12  -74.23658 -112.33312  32.149418      89.13 1.0397e+03    687.762      16507  1029.1156  1029.1147     4.4330     0.0943     0.1277    34.1268    34.1258    8.29900         20 0.0000e+00
    349.000    345.095    -1.1288  27.593001    -1.1264  27.593990     5.9358     6.0491     0.0823    93.4162 1.0000e-12  -74.23658 -112.33312  32.149430      94.57 1.0368e+03    688.765      16531  1029.1216  1029.1204     4.4316     0.0818     0.1226    34.1268    34.1254    8.30312         30 0.0000e+00
    350.000    346.084    -1.1377  27.585647    -1.1361  27.585909     5.9651     6.0744     0.0856    93.3869 1.0000e-12  -74.23658 -112.33312  32.149445      99.96 1.0337e+03    690.082      16563  1029.1265  1029.1252     4.4302     0.0835     0.1183    34.1262    34.1248    8.30512         30 0.0000e+00
    351.000    347.072    -1.1545  27.571751    -1.1510  27.573977     6.0080     6.1228     0.0814    93.4224 1.0000e-12  -74.23658 -112.33312  32.149458      99.88 1.0313e+03    691.204      16590  1029.1318  1029.1309     4.4319     0.0838     0.1231    34.1256    34.1248    8.30887         24 0.0000e+00
    352.000    348.059    -1.1762  27.552450    -1.1762  27.551982     6.0422     6.1553     0.0806    93.4112 1.0000e-12  -74.23658 -112.33314  32.149469      99.88 1.0313e+03    692.116      16612  1029.1362  1029.1358     4.4314     0.0836     0.1292    34.1233    34.1227    8.31383         20 0.0000e+00
    353.000    349.048    -1.2029  27.530469    -1.2023  27.530309     6.0544     6.1704     0.0980    93.4006 1.0000e-12  -74.23658 -112.33313  32.149478      99.88 1.0313e+03    692.912      16631  1029.1425  1029.1417     4.4308     0.0844     0.1220    34.1230    34.1221    8.31979         18 0.0000e+00
    354.000    350.036    -1.2156  27.520431    -1.2149  27.520041     6.0540     6.1779     0.0680    93.2478 1.0000e-12  -74.23658 -112.33313  32.149487      99.88 1.0313e+03    693.645      16648  1029.1480  1029.1469     4.4238     0.1023     0.1200    34.1230    34.1217    8.32260         18 0.0000e+00
    355.000    351.024    -1.2189  27.518666    -1.2177  27.518341     6.0492     6.1701     0.1056    93.4398 1.0000e-12  -74.23658 -112.33314  32.149496      99.87 1.0313e+03    694.477      16668  1029.1534  1029.1518     4.4327     0.0832     0.1188    34.1238    34.1220    8.32330         23 0.0000e+00
    356.000    352.011    -1.2125  27.524892    -1.2113  27.524510     6.0429     6.1664     0.1033    93.4534 1.0000e-12  -74.23658 -112.33313  32.149510      99.88 1.0313e+03    695.650      16697  1029.1578  1029.1563     4.4334     0.0840     0.1203    34.1244    34.1225    8.32183         33 0.0000e+00
    357.000    353.000    -1.2122  27.525706    -1.2109  27.525633     6.0136     6.1454     0.0721    93.1504 1.0000e-12  -74.23658 -112.33313  32.149525      99.88 1.0305e+03    697.002      16729  1029.1624  1029.1611     4.4190     0.0800     0.1181    34.1246    34.1230    8.32176         30 0.0000e+00
    358.000    353.987    -1.2072  27.531159    -1.2064  27.530308     5.9844     6.1272     0.0588    93.4964 1.0000e-12  -74.23658 -112.33314  32.149538      99.88 1.0323e+03    698.086      16755  1029.1676  1029.1658     4.4354     0.0818     0.1197    34.1258    34.1236    8.32058         23 0.0000e+00
    359.000    354.974    -1.1951  27.543339    -1.1892  27.546678     5.9398     6.0859     0.0803    93.4917 1.0000e-12  -74.23658 -112.33313  32.149548      99.87 1.0341e+03    698.963      16776  1029.1731  1029.1710     4.4352     0.0787     0.1171    34.1281    34.1259    8.31776         19 0.0000e+00
    360.000    355.964    -1.1675  27.567905    -1.1653  27.567854     5.8911     6.0438     0.0883    93.4952 1.0000e-12  -74.23658 -112.33313  32.149557      99.88 1.0348e+03    699.727      16794  1029.1772  1029.1750     4.4354     0.0802     0.1185    34.1297    34.1271    8.31153         18 0.0000e+00
    361.000    356.951    -1.1603  27.575144    -1.1591  27.574370     5.8588     6.0123     0.0641    93.5051 1.0000e-12  -74.23658 -112.33314  32.149566      68.01 1.0348e+03    700.472      16812  1029.1824  1029.1804     4.4358     0.0799     0.1213    34.1308    34.1284    8.30987         18 0.0000e+00
    362.000    357.940    -1.1117  27.620151    -1.1091  27.618826     5.8496     5.9930     0.0771    93.4880 1.0000e-12  -74.23658 -112.33314  32.149577      94.08 1.0373e+03    701.417      16835  1029.1882  1029.1842     4.4350     0.0816     0.1203    34.1364    34.1317    8.29876         30 0.0000e+00
    363.000    358.927    -1.0999  27.630833    -1.0994  27.630019     5.8449     5.9763     0.0729    93.4728 1.0000e-12  -74.23658 -112.33314  32.149593      99.46 1.0415e+03    702.863      16870  1029.1929  1029.1915     4.4343     0.0823     0.1225    34.1370    34.1353    8.29612         34 0.0000e+00
    364.000    359.914    -1.1001  27.632069    -1.1012  27.629383     5.9013     6.0217     0.0772    93.4614 1.0000e-12  -74.23658 -112.33314  32.149607      99.89 1.0437e+03    704.041      16898  1029.1989  1029.1971     4.4338     0.0818     0.1198    34.1383    34.1359    8.29608         24 0.0000e+00
