ocean_section_plots/required_files/ctd/dnbp2202_ctd079.cnv
* Sea-Bird SBE 9 Data File:
* FileName = D:\Data\raw\NBP2202_CTD079.hex
* Software Version Seasave V 7.26.7.121
* Temperature SN = 1649
* Conductivity SN = 2513
* Number of Bytes Per Scan = 40
* Number of Voltage Words = 5
* Number of Scans Averaged by the Deck Unit = 1
* NMEA Latitude = 74 10.51 S
* NMEA Longitude = 113 20.67 W
* NMEA UTC (Time) = Jan 26 2022  16:43:23
* NMEA baud rate = 9600
** Ship: RVIB N.B. Palmer
** Cruise: NBP2202 Thwaites
** Station: YoYo001
** Operator: A. Robinson
# nquan = 25
# nvalues = 606                         
# units = specified
# name 0 = prDM: Pressure, Digiquartz [db]
# name 1 = depSM: Depth [salt water, m]
# name 2 = t090C: Temperature [ITS-90, deg C]
# name 3 = c0mS/cm: Conductivity [mS/cm]
# name 4 = t190C: Temperature, 2 [ITS-90, deg C]
# name 5 = c1mS/cm: Conductivity, 2 [mS/cm]
# name 6 = sbeox0ML/L: Oxygen, SBE 43 [ml/l]
# name 7 = sbeox1ML/L: Oxygen, SBE 43, 2 [ml/l]
# name 8 = flECO-AFL: Fluorescence, WET Labs ECO-AFL/FL [mg/m^3]
# name 9 = CStarTr0: Beam Transmission, WET Labs C-Star [%]
# name 10 = par: PAR/Irradiance, Biospherical/Licor
# name 11 = latitude: Latitude [deg]
# name 12 = longitude: Longitude [deg]
# name 13 = timeJ: Julian Days
# name 14 = altM: Altimeter [m]
# name 15 = spar: SPAR, Biospherical/Licor
# name 16 = timeS: Time, Elapsed [seconds]
# name 17 = scan: Scan Count
# name 18 = density00: Density [density, kg/m^3]
# name 19 = density11: Density, 2 [density, kg/m^3]
# name 20 = sal00: Salinity, Practical [PSU]
# name 21 = sal11: Salinity, Practical, 2 [PSU]
# name 22 = oxsolML/L: Oxygen Saturation, Garcia & Gordon [ml/l]
# name 23 = nbin: number of scans per bin
# name 24 = flag: flag
# span 0 =     10.000,    615.000       
# span 1 =      9.898,    607.731       
# span 2 =    -1.5135,     0.1036       
# span 3 =  26.940302,  28.938649       
# span 4 =    -1.5130,     0.1055       
# span 5 =  26.938597,  28.938309       
# span 6 =     4.7033,     8.4942       
# span 7 =     4.7978,     8.5432       
# span 8 =    -0.0216,    26.1283       
# span 9 =    70.6778,    95.7280       
# span 10 = 1.0000e-12, 4.6920e+01      
# span 11 =  -74.17530,  -74.17528      
# span 12 = -113.34462, -113.34457      
# span 13 =  26.697107,  26.706767      
# span 14 =       5.33,     100.25      
# span 15 = 1.5084e+03, 2.0229e+03      
# span 16 =     27.042,    861.702      
# span 17 =        650,      20682      
# span 18 =  1027.2288,  1030.5148      
# span 19 =  1027.2268,  1030.5126      
# span 20 =    33.7968,    34.3840      
# span 21 =    33.7951,    34.3814      
# span 22 =    8.02308,    8.40604      
# span 23 =         22,         60      
# span 24 = 0.0000e+00, 0.0000e+00      
# interval = decibars: 1                
# start_time = Jan 26 2022 16:43:23 [NMEA time, header]
# bad_flag = -9.990e-29
*END*
[from data line 464]
    474.000    468.558    -0.0890  28.668982    -0.0869  28.668786     4.7971     4.8948    -0.0139    95.1309 1.0000e-12  -74.17528 -113.34460  26.704106      99.87 1.9204e+03    631.768      15163  1029.8170  1029.8149    34.3261    34.3235    8.06678         26 0.0000e+00
    475.000    469.545    -0.0888  28.669422    -0.0865  28.669587     4.7992     4.9012    -0.0068    95.1405 1.0000e-12  -74.17528 -113.34460  26.704119      99.86 1.9185e+03    632.892      15190  1029.8216  1029.8195    34.3258    34.3235    8.06676         27 0.0000e+00
    476.000    470.534    -0.0901  28.669545    -0.0890  28.668151     4.7961     4.9048    -0.0025    95.1473 1.0000e-12  -74.17528 -113.34460  26.704132      99.86 1.9201e+03    634.029      15218  1029.8272  1029.8247    34.3269    34.3238    8.06697         28 0.0000e+00
    477.000    471.519    -0.0854  28.675118    -0.0838  28.674192     4.7957     4.8894    -0.0155    95.1482 1.0000e-12  -74.17528 -113.34460  26.704146      99.87 1.9183e+03    635.181      15245  1029.8328  1029.8303    34.3284    34.3254    8.06590         28 0.0000e+00
    478.000    472.507    -0.0828  28.678244    -0.0810  28.677877     4.7898     4.8906    -0.0032    95.1319 1.0000e-12  -74.17528 -113.34460  26.704159      93.43 1.9193e+03    636.323      15273  1029.8378  1029.8356    34.3290    34.3265    8.06531         27 0.0000e+00
    479.000    473.495    -0.0818  28.679713    -0.0796  28.679637     4.7829     4.8919    -0.0115    95.1374 1.0000e-12  -74.17528 -113.34462  26.704172      93.12 1.9195e+03    637.455      15300  1029.8426  1029.8404    34.3293    34.3267    8.06509         27 0.0000e+00
    480.000    474.482    -0.0801  28.681795    -0.0777  28.681990     4.7788     4.8800    -0.0203    95.1499 1.0000e-12  -74.17528 -113.34461  26.704185      99.48 1.9210e+03    638.593      15327  1029.8474  1029.8452    34.3295    34.3271    8.06471         27 0.0000e+00
    481.000    475.469    -0.0769  28.685490    -0.0751  28.685035     4.7699     4.8793    -0.0022    95.1693 1.0000e-12  -74.17528 -113.34461  26.704198      99.87 1.9214e+03    639.728      15354  1029.8524  1029.8502    34.3303    34.3276    8.06400         28 0.0000e+00
    482.000    476.456    -0.0672  28.696396    -0.0649  28.695911     4.7727     4.8765    -0.0042    95.1481 1.0000e-12  -74.17528 -113.34461  26.704211      99.86 1.9218e+03    640.864      15382  1029.8587  1029.8559    34.3332    34.3300    8.06178         27 0.0000e+00
    483.000    477.444    -0.0618  28.702288    -0.0599  28.701766     4.7651     4.8641    -0.0176    95.1479 1.0000e-12  -74.17528 -113.34461  26.704224      99.86 1.9223e+03    641.992      15409  1029.8639  1029.8616    34.3344    34.3316    8.06057         27 0.0000e+00
    484.000    478.432    -0.0560  28.709294    -0.0536  28.709125     4.7626     4.8586    -0.0110    95.1291 1.0000e-12  -74.17528 -113.34460  26.704237      99.86 1.9180e+03    643.111      15436  1029.8699  1029.8674    34.3366    34.3337    8.05923         27 0.0000e+00
    485.000    479.419    -0.0497  28.716640    -0.0480  28.715825     4.7605     4.8587    -0.0115    95.1146 1.0000e-12  -74.17528 -113.34460  26.704251      99.87 1.9125e+03    644.247      15463  1029.8758  1029.8733    34.3386    34.3356    8.05779         27 0.0000e+00
    486.000    480.406    -0.0478  28.719004    -0.0457  28.718811     4.7551     4.8554    -0.0137    95.1067 1.0000e-12  -74.17528 -113.34460  26.704264      99.86 1.9235e+03    645.409      15491  1029.8808  1029.8786    34.3391    34.3365    8.05737         28 0.0000e+00
    487.000    481.392    -0.0446  28.723026    -0.0423  28.722900     4.7607     4.8555    -0.0161    95.0790 1.0000e-12  -74.17528 -113.34460  26.704277      99.86 1.9250e+03    646.556      15518  1029.8863  1029.8839    34.3402    34.3375    8.05663         27 0.0000e+00
    488.000    482.381    -0.0428  28.725473    -0.0408  28.725057     4.7608     4.8573    -0.0134    95.0455 1.0000e-12  -74.17528 -113.34460  26.704290      99.87 1.9246e+03    647.679      15545  1029.8914  1029.8891    34.3408    34.3381    8.05621         27 0.0000e+00
    489.000    483.368    -0.0427  28.725971    -0.0407  28.725704     4.7550     4.8567    -0.0158    95.0221 1.0000e-12  -74.17528 -113.34460  26.704303      91.30 1.9165e+03    648.790      15572  1029.8961  1029.8939    34.3408    34.3382    8.05619         27 0.0000e+00
    490.000    484.353    -0.0425  28.726601    -0.0406  28.726220     4.7590     4.8609    -0.0044    95.0077 1.0000e-12  -74.17528 -113.34460  26.704316      90.91 1.8917e+03    649.918      15599  1029.9010  1029.8987    34.3409    34.3382    8.05616         27 0.0000e+00
    491.000    485.345    -0.0425  28.726974    -0.0406  28.726687     4.7593     4.8624     0.0037    95.0010 1.0000e-12  -74.17528 -113.34460  26.704329      99.52 1.8914e+03    651.047      15626  1029.9057  1029.9035    34.3408    34.3382    8.05616         27 0.0000e+00
    492.000    486.330    -0.0424  28.727625    -0.0404  28.727298     4.7612     4.8575    -0.0056    94.9809 1.0000e-12  -74.17528 -113.34460  26.704342      99.87 1.8857e+03    652.184      15653  1029.9105  1029.9083    34.3409    34.3382    8.05612         28 0.0000e+00
    493.000    487.317    -0.0423  28.728160    -0.0404  28.727758     4.7631     4.8517    -0.0144    94.9833 1.0000e-12  -74.17528 -113.34462  26.704355      99.86 1.8767e+03    653.309      15680  1029.9153  1029.9130    34.3409    34.3382    8.05611         26 0.0000e+00
    494.000    488.305    -0.0427  28.728229    -0.0407  28.727996     4.7599     4.8541    -0.0145    94.9791 1.0000e-12  -74.17528 -113.34460  26.704368      99.87 1.8987e+03    654.427      15707  1029.9201  1029.9178    34.3409    34.3383    8.05620         27 0.0000e+00
    495.000    489.292    -0.0428  28.728693    -0.0407  28.728465     4.7592     4.8542    -0.0112    94.9628 1.0000e-12  -74.17529 -113.34461  26.704381      99.86 1.9252e+03    655.551      15734  1029.9249  1029.9227    34.3410    34.3384    8.05621         27 0.0000e+00
    496.000    490.278    -0.0410  28.731032    -0.0391  28.730660     4.7583     4.8543    -0.0098    94.9394 1.0000e-12  -74.17529 -113.34461  26.704395      99.87 1.9242e+03    656.688      15762  1029.9299  1029.9277    34.3415    34.3388    8.05581         28 0.0000e+00
    497.000    491.266    -0.0391  28.733610    -0.0371  28.733338     4.7568     4.8595    -0.0145    94.9507 1.0000e-12  -74.17529 -113.34461  26.704408      99.86 1.9236e+03    657.819      15789  1029.9351  1029.9329    34.3422    34.3396    8.05537         26 0.0000e+00
    498.000    492.254    -0.0378  28.735645    -0.0355  28.735556     4.7615     4.8515    -0.0142    94.9551 1.0000e-12  -74.17529 -113.34461  26.704421      99.87 1.9193e+03    658.956      15816  1029.9401  1029.9379    34.3428    34.3402    8.05505         28 0.0000e+00
    499.000    493.241    -0.0347  28.739384    -0.0322  28.739592     4.7558     4.8484    -0.0111    94.9349 1.0000e-12  -74.17530 -113.34460  26.704434      99.86 1.9181e+03    660.098      15843  1029.9454  1029.9432    34.3438    34.3412    8.05436         28 0.0000e+00
    500.000    494.229    -0.0328  28.741799    -0.0308  28.741537     4.7586     4.8537    -0.0101    94.9437 1.0000e-12  -74.17528 -113.34462  26.704447      88.25 1.9052e+03    661.234      15871  1029.9503  1029.9481    34.3442    34.3416    8.05392         27 0.0000e+00
    501.000    495.215    -0.0322  28.742919    -0.0306  28.742251     4.7601     4.8546    -0.0123    94.9144 1.0000e-12  -74.17530 -113.34460  26.704460      81.60 1.9228e+03    662.370      15898  1029.9552  1029.9530    34.3444    34.3417    8.05378         27 0.0000e+00
    502.000    496.203    -0.0308  28.744721    -0.0288  28.744528     4.7521     4.8555    -0.0123    94.9297 1.0000e-12  -74.17530 -113.34461  26.704473      95.42 1.8967e+03    663.510      15925  1029.9601  1029.9579    34.3447    34.3421    8.05348         27 0.0000e+00
    503.000    497.190    -0.0300  28.745945    -0.0283  28.745493     4.7559     4.8556    -0.0167    94.9373 1.0000e-12  -74.17530 -113.34461  26.704487      99.76 1.8820e+03    664.641      15952  1029.9649  1029.9627    34.3448    34.3423    8.05331         27 0.0000e+00
    504.000    498.178    -0.0274  28.749306    -0.0254  28.748854     4.7588     4.8553    -0.0119    94.9440 1.0000e-12  -74.17530 -113.34461  26.704500      99.86 1.9064e+03    665.770      15979  1029.9701  1029.9677    34.3457    34.3429    8.05270         28 0.0000e+00
    505.000    499.163    -0.0263  28.750985    -0.0245  28.750607     4.7607     4.8562    -0.0166    94.9571 1.0000e-12  -74.17529 -113.34461  26.704513      99.87 1.9014e+03    666.911      16007  1029.9751  1029.9729    34.3461    34.3435    8.05245         27 0.0000e+00
    506.000    500.152    -0.0246  28.753497    -0.0225  28.753277     4.7592     4.8569    -0.0172    94.9630 1.0000e-12  -74.17529 -113.34461  26.704526      99.86 1.8508e+03    668.052      16034  1029.9803  1029.9781    34.3470    34.3443    8.05204         27 0.0000e+00
    507.000    501.139    -0.0224  28.756750    -0.0202  28.756691     4.7602     4.8571    -0.0111    94.9484 1.0000e-12  -74.17528 -113.34462  26.704539      99.87 1.8465e+03    669.186      16061  1029.9859  1029.9836    34.3482    34.3456    8.05151         27 0.0000e+00
    508.000    502.126    -0.0194  28.760585    -0.0171  28.760631     4.7545     4.8575    -0.0023    94.9792 1.0000e-12  -74.17530 -113.34460  26.704552      99.86 1.8467e+03    670.295      16088  1029.9912  1029.9891    34.3493    34.3468    8.05081         27 0.0000e+00
    509.000    503.114    -0.0183  28.762247    -0.0162  28.761846     4.7574     4.8567    -0.0187    94.9842 1.0000e-12  -74.17530 -113.34462  26.704565      99.86 1.8364e+03    671.378      16114  1029.9962  1029.9938    34.3497    34.3468    8.05056         26 0.0000e+00
    510.000    504.100    -0.0160  28.765341    -0.0135  28.765505     4.7625     4.8527    -0.0105    94.9708 1.0000e-12  -74.17530 -113.34461  26.704577      99.86 1.8462e+03    672.484      16141  1030.0015  1029.9993    34.3506    34.3481    8.05002         27 0.0000e+00
    511.000    505.088    -0.0133  28.768385    -0.0110  28.768620     4.7552     4.8580    -0.0093    94.9988 1.0000e-12  -74.17530 -113.34461  26.704591      99.87 1.8718e+03    673.630      16168  1030.0064  1030.0044    34.3510    34.3488    8.04943         28 0.0000e+00
    512.000    506.076    -0.0118  28.770409    -0.0100  28.770158     4.7570     4.8543    -0.0107    95.0258 1.0000e-12  -74.17530 -113.34460  26.704604      69.40 1.8921e+03    674.787      16196  1030.0113  1030.0093    34.3514    34.3491    8.04910         27 0.0000e+00
    513.000    507.061    -0.0110  28.771816    -0.0089  28.771856     4.7569     4.8475    -0.0182    95.0416 1.0000e-12  -74.17530 -113.34460  26.704617      90.19 1.9014e+03    675.945      16224  1030.0163  1030.0143    34.3518    34.3495    8.04891         28 0.0000e+00
    514.000    508.050    -0.0091  28.774375    -0.0065  28.774664     4.7548     4.8504    -0.0120    95.0516 1.0000e-12  -74.17530 -113.34460  26.704631      99.37 1.9111e+03    677.082      16251  1030.0214  1030.0192    34.3524    34.3499    8.04846         27 0.0000e+00
    515.000    509.036    -0.0065  28.777660    -0.0047  28.777013     4.7534     4.8502    -0.0148    95.0688 1.0000e-12  -74.17530 -113.34460  26.704644      99.86 1.8961e+03    678.206      16278  1030.0266  1030.0242    34.3533    34.3505    8.04788         27 0.0000e+00
    516.000    510.024    -0.0037  28.780971    -0.0016  28.780686     4.7456     4.8485     0.0025    95.0650 1.0000e-12  -74.17530 -113.34460  26.704657      99.86 1.8845e+03    679.332      16305  1030.0317  1030.0294    34.3539    34.3513    8.04725         27 0.0000e+00
    517.000    511.010    -0.0026  28.782714    -0.0006  28.782262     4.7472     4.8420    -0.0098    95.0216 1.0000e-12  -74.17530 -113.34460  26.704670      99.87 1.8618e+03    680.446      16332  1030.0367  1030.0343    34.3545    34.3517    8.04699         26 0.0000e+00
    518.000    511.999    -0.0011  28.784677     0.0011  28.784579     4.7496     4.8418    -0.0093    95.0510 1.0000e-12  -74.17530 -113.34460  26.704682      99.86 1.8650e+03    681.554      16358  1030.0416  1030.0393    34.3547    34.3521    8.04665         27 0.0000e+00
    519.000    512.986     0.0032  28.789171     0.0058  28.789459     4.7463     4.8405    -0.0085    95.0424 1.0000e-12  -74.17530 -113.34460  26.704695      99.87 1.8799e+03    682.688      16386  1030.0464  1030.0442    34.3553    34.3529    8.04573         28 0.0000e+00
    520.000    513.971     0.0052  28.791551     0.0063  28.790473     4.7397     4.8319    -0.0037    95.0667 1.0000e-12  -74.17530 -113.34460  26.704709      99.86 1.8983e+03    683.849      16413  1030.0512  1030.0490    34.3556    34.3529    8.04528         25 0.0000e+00
    521.000    514.959     0.0067  28.793687     0.0110  28.795341     4.7363     4.8274    -0.0144    95.0514 1.0000e-12  -74.17530 -113.34460  26.704722      99.49 1.9105e+03    684.998      16441  1030.0563  1030.0539    34.3562    34.3536    8.04494         28 0.0000e+00
    522.000    515.948     0.0129  28.799985     0.0155  28.800156     4.7324     4.8331    -0.0104    95.0362 1.0000e-12  -74.17530 -113.34460  26.704735      99.28 1.9047e+03    686.130      16468  1030.0612  1030.0589    34.3570    34.3544    8.04360         28 0.0000e+00
    523.000    516.934     0.0131  28.800564     0.0154  28.800608     4.7325     4.8385    -0.0050    95.0504 1.0000e-12  -74.17530 -113.34460  26.704748      98.83 1.8523e+03    687.255      16495  1030.0659  1030.0638    34.3570    34.3545    8.04356         26 0.0000e+00
    524.000    517.920     0.0114  28.799423     0.0146  28.800346     4.7322     4.8357    -0.0133    95.0289 1.0000e-12  -74.17530 -113.34460  26.704761      98.56 1.8312e+03    688.366      16522  1030.0706  1030.0686    34.3568    34.3544    8.04392         27 0.0000e+00
    525.000    518.910     0.0155  28.803930     0.0170  28.803077     4.7335     4.8249    -0.0172    95.0298 1.0000e-12  -74.17530 -113.34460  26.704774      97.26 1.8183e+03    689.470      16548  1030.0756  1030.0733    34.3575    34.3547    8.04302         26 0.0000e+00
    526.000    519.896     0.0162  28.804932     0.0177  28.804125     4.7343     4.8298    -0.0145    95.0249 1.0000e-12  -74.17530 -113.34460  26.704787      96.92 1.8279e+03    690.590      16575  1030.0803  1030.0781    34.3574    34.3548    8.04287         27 0.0000e+00
    527.000    520.883     0.0163  28.805425     0.0183  28.805075     4.7348     4.8219    -0.0106    94.9973 1.0000e-12  -74.17530 -113.34460  26.704800      95.30 1.8767e+03    691.732      16603  1030.0851  1030.0828    34.3575    34.3548    8.04286         28 0.0000e+00
    528.000    521.870     0.0169  28.806501     0.0191  28.806361     4.7338     4.8228    -0.0124    94.9955 1.0000e-12  -74.17529 -113.34460  26.704814      94.78 1.8719e+03    692.890      16630  1030.0898  1030.0875    34.3576    34.3549    8.04272         28 0.0000e+00
    529.000    522.857     0.0178  28.807862     0.0199  28.807550     4.7313     4.8299    -0.0093    94.9801 1.0000e-12  -74.17528 -113.34460  26.704827      93.08 1.8737e+03    694.043      16658  1030.0946  1030.0924    34.3577    34.3551    8.04251         27 0.0000e+00
    530.000    523.844     0.0185  28.808932     0.0203  28.808445     4.7293     4.8302    -0.0142    94.9668 1.0000e-12  -74.17528 -113.34460  26.704840      92.33 1.8571e+03    695.165      16685  1030.0994  1030.0971    34.3578    34.3551    8.04237         27 0.0000e+00
