ocean_section_plots/required_files/ctd/dnbp2202_ctd048.cnv
* Sea-Bird SBE 9 Data File:
* FileName = D:\Data\raw\NBP2202_CTD048.hex
* Software Version Seasave V 7.26.7.121
* Temperature SN = 1649
* Conductivity SN = 2513
* Number of Bytes Per Scan = 40
* Number of Voltage Words = 5
* Number of Scans Averaged by the Deck Unit = 1
* NMEA Latitude = 74 11.99 S
* NMEA Longitude = 113 03.03 W
* NMEA UTC (Time) = Jan 24 2022  02:41:23
* NMEA baud rate = 9600
** Ship: RVIB N.B. Palmer
** Cruise: NBP2202 Thwaites
** Station: Section Dotson C
** Operator: A. Robinson
# nquan = 25
# nvalues = 718                         
# units = specified
# name 0 = prDM: Pressure, Digiquartz [db]
# name 1 = depSM: Depth [salt water, m]
# name 2 = t090C: Temperature [ITS-90, deg C]
# name 3 = c0mS/cm: Conductivity [mS/cm]
# name 4 = t190C: Temperature, 2 [ITS-90, deg C]
# name 5 = c1mS/cm: Conductivity, 2 [mS/cm]
# name 6 = sbeox0ML/L: Oxygen, SBE 43 [ml/l]
# name 7 = sbeox1ML/L: Oxygen, SBE 43, 2 [ml/l]
# name 8 = flECO-AFL: Fluorescence, WET Labs ECO-AFL/FL [mg/m^3]
# name 9 = CStarTr0: Beam Transmission, WET Labs C-Star [%]
# name 10 = par: PAR/Irradiance, Biospherical/Licor
# name 11 = latitude: Latitude [deg]
# name 12 = longitude: Longitude [deg]
# name 13 = timeJ: Julian Days
# name 14 = altM: Altimeter [m]
# name 15 = spar: SPAR, Biospherical/Licor
# name 16 = timeS: Time, Elapsed [seconds]
# name 17 = scan: Scan Count
# name 18 = density00: Density [density, kg/m^3]
# name 19 = density11: Density, 2 [density, kg/m^3]
# name 20 = sal00: Salinity, Practical [PSU]
# name 21 = sal11: Salinity, Practical, 2 [PSU]
# name 22 = oxsolML/L: Oxygen Saturation, Garcia & Gordon [ml/l]
# name 23 = nbin: number of scans per bin
# name 24 = flag: flag
# span 0 =      2.000,    719.000       
# span 1 =      1.980,    710.329       
# span 2 =    -1.4862,     0.3186       
# span 3 =  27.112805,  29.231837       
# span 4 =    -1.4857,     0.3207       
# span 5 =  27.112510,  29.231439       
# span 6 =     4.6398,     8.6375       
# span 7 =     4.8956,     9.0963       
# span 8 =    -0.0172,    25.2066       
# span 9 =    67.1832,    96.3000       
# span 10 = 1.0000e-12, 7.7910e+01      
# span 11 =  -74.19996,  -74.19996      
# span 12 = -113.05068, -113.05064      
# span 13 =  24.114892,  24.126085      
# span 14 =       3.82,     100.34      
# span 15 = 1.7805e+02, 2.4070e+02      
# span 16 =    243.654,   1210.736      
# span 17 =       5849,      29059      
# span 18 =  1027.1850,  1031.0546      
# span 19 =  1027.1870,  1031.0519      
# span 20 =    33.7942,    34.4692      
# span 21 =    33.7966,    34.4663      
# span 22 =    7.97361,    8.39112      
# span 23 =         11,         53      
# span 24 = 0.0000e+00, 0.0000e+00      
# interval = decibars: 1                
# start_time = Jan 24 2022 02:41:23 [NMEA time, header]
# bad_flag = -9.990e-29
*END*
[from data line 232]
    234.000    231.446    -1.4724  27.162600    -1.4724  27.161993     6.2955     6.6426     0.2680    95.4759 1.0000e-12  -74.19996 -113.05066  24.118843      99.89 2.0461e+02    585.067      14043  1028.4810  1028.4803    33.9979    33.9970    8.38753         30 0.0000e+00
    235.000    232.435    -1.4739  27.163497    -1.4738  27.162815     6.3027     6.6400     0.3413    95.5803 1.0000e-12  -74.19996 -113.05066  24.118858      99.89 2.0566e+02    586.301      14072  1028.4879  1028.4870    34.0003    33.9992    8.38774         30 0.0000e+00
    236.000    233.424    -1.4721  27.167573    -1.4715  27.167072     6.2779     6.6398     0.3394    95.7020 1.0000e-12  -74.19996 -113.05066  24.118872      99.89 2.0480e+02    587.528      14102  1028.4949  1028.4939    34.0031    34.0018    8.38715         29 0.0000e+00
    237.000    234.413    -1.4726  27.167998    -1.4719  27.167511     6.2876     6.6444     0.2653    95.1418 1.0000e-12  -74.19996 -113.05066  24.118886      99.89 2.0486e+02    588.755      14131  1028.5002  1028.4990    34.0037    34.0022    8.38723         29 0.0000e+00
    238.000    235.401    -1.4731  27.167973    -1.4723  27.167622     6.2834     6.6396     0.2368    95.7254 1.0000e-12  -74.19996 -113.05066  24.118900      99.89 2.0592e+02    589.996      14161  1028.5050  1028.5038    34.0036    34.0022    8.38735         30 0.0000e+00
    239.000    236.390    -1.4740  27.167524    -1.4735  27.167002     6.2892     6.6399     0.1256    95.7707 1.0000e-12  -74.19996 -113.05066  24.118915      99.90 2.0544e+02    591.246      14191  1028.5097  1028.5086    34.0034    34.0021    8.38757         30 0.0000e+00
    240.000    237.378    -1.4741  27.168784    -1.4735  27.168253     6.2958     6.6373     0.3186    95.8210 1.0000e-12  -74.19996 -113.05066  24.118929      99.70 2.0626e+02    592.486      14221  1028.5155  1028.5143    34.0046    34.0032    8.38752         30 0.0000e+00
    241.000    238.367    -1.4729  27.170893    -1.4722  27.170432     6.2962     6.6351     0.1975    95.7492 1.0000e-12  -74.19996 -113.05066  24.118944      95.39 2.0626e+02    593.733      14251  1028.5209  1028.5198    34.0055    34.0041    8.38719         30 0.0000e+00
    242.000    239.355    -1.4724  27.172111    -1.4718  27.171511     6.2735     6.6428     0.1592    95.7234 1.0000e-12  -74.19996 -113.05066  24.118958      99.96 2.0626e+02    594.978      14280  1028.5261  1028.5249    34.0060    34.0045    8.38704         29 0.0000e+00
    243.000    240.343    -1.4719  27.173225    -1.4713  27.172678     6.2908     6.6375     0.1510    95.6275 1.0000e-12  -74.19996 -113.05066  24.118972      99.89 2.0626e+02    596.188      14310  1028.5312  1028.5300    34.0064    34.0049    8.38692         30 0.0000e+00
    244.000    241.332    -1.4716  27.174099    -1.4710  27.173522     6.2867     6.6345     0.1417    95.6842 1.0000e-12  -74.19996 -113.05066  24.118986      99.89 2.0626e+02    597.405      14339  1028.5362  1028.5349    34.0066    34.0051    8.38684         29 0.0000e+00
    245.000    242.320    -1.4704  27.176287    -1.4698  27.175743     6.2852     6.6346     0.1544    95.7227 1.0000e-12  -74.19996 -113.05066  24.119001      99.89 2.0626e+02    598.641      14368  1028.5417  1028.5405    34.0076    34.0063    8.38650         30 0.0000e+00
    246.000    243.309    -1.4696  27.178181    -1.4691  27.177664     6.2865     6.6284     0.2136    95.7185 1.0000e-12  -74.19996 -113.05066  24.119015      99.89 2.0626e+02    599.871      14398  1028.5473  1028.5463    34.0087    34.0074    8.38626         29 0.0000e+00
    247.000    244.298    -1.4706  27.178420    -1.4699  27.178071     6.2706     6.6325     0.1546    95.7975 1.0000e-12  -74.19996 -113.05066  24.119029      99.89 2.0626e+02    601.097      14427  1028.5529  1028.5518    34.0096    34.0083    8.38644         29 0.0000e+00
    248.000    245.286    -1.4717  27.178570    -1.4712  27.177980     6.2839     6.6237     0.1977    95.7180 1.0000e-12  -74.19996 -113.05066  24.119043      99.89 2.0626e+02    602.335      14457  1028.5585  1028.5573    34.0104    34.0090    8.38664         30 0.0000e+00
    249.000    246.274    -1.4720  27.179328    -1.4714  27.178768     6.2689     6.6170     0.1484    95.7400 1.0000e-12  -74.19996 -113.05066  24.119057      99.88 2.0626e+02    603.555      14486  1028.5638  1028.5627    34.0111    34.0097    8.38665         29 0.0000e+00
    250.000    247.263    -1.4609  27.191728    -1.4612  27.189883     6.2669     6.6096     0.6553    95.5528 1.0000e-12  -74.19996 -113.05066  24.119071      99.89 2.0649e+02    604.772      14516  1028.5710  1028.5692    34.0150    34.0127    8.38392         30 0.0000e+00
    251.000    248.251    -1.4597  27.193169    -1.4593  27.192418     6.2547     6.6082     0.1645    95.9231 1.0000e-12  -74.19996 -113.05066  24.119086      90.86 2.0708e+02    606.010      14545  1028.5757  1028.5746    34.0149    34.0135    8.38365         30 0.0000e+00
    252.000    249.239    -1.4591  27.194132    -1.4584  27.193657     6.2534     6.6124     0.1068    95.9420 1.0000e-12  -74.19996 -113.05066  24.119100      96.74 2.0657e+02    607.236      14575  1028.5806  1028.5794    34.0150    34.0136    8.38352         29 0.0000e+00
    253.000    250.229    -1.4596  27.194056    -1.4588  27.193676     6.2585     6.6096     0.0876    95.9581 1.0000e-12  -74.19996 -113.05066  24.119114      99.87 2.0705e+02    608.452      14604  1028.5854  1028.5842    34.0149    34.0134    8.38365         29 0.0000e+00
    254.000    251.216    -1.4595  27.194675    -1.4591  27.194090     6.2618     6.6075     0.0956    95.9716 1.0000e-12  -74.19996 -113.05066  24.119128      99.90 2.0735e+02    609.671      14633  1028.5903  1028.5892    34.0150    34.0137    8.38362         29 0.0000e+00
    255.000    252.206    -1.4596  27.194987    -1.4589  27.194562     6.2604     6.6157     0.1859    95.8833 1.0000e-12  -74.19996 -113.05066  24.119142      99.89 2.0650e+02    610.880      14662  1028.5950  1028.5939    34.0149    34.0135    8.38364         29 0.0000e+00
    256.000    253.192    -1.4599  27.195192    -1.4595  27.194565     6.2560     6.6143     0.2704    95.8254 1.0000e-12  -74.19996 -113.05066  24.119156      99.89 2.0699e+02    612.095      14691  1028.5998  1028.5987    34.0149    34.0135    8.38370         29 0.0000e+00
    257.000    254.181    -1.4598  27.195841    -1.4592  27.195310     6.2622     6.6114     0.1181    95.9017 1.0000e-12  -74.19996 -113.05066  24.119170      99.89 2.0814e+02    613.318      14721  1028.6047  1028.6036    34.0150    34.0137    8.38367         30 0.0000e+00
    258.000    255.171    -1.4592  27.196896    -1.4586  27.196489     6.2788     6.6043     0.1056    95.8714 1.0000e-12  -74.19996 -113.05066  24.119184      99.89 2.0736e+02    614.534      14750  1028.6096  1028.6086    34.0152    34.0139    8.38352         29 0.0000e+00
    259.000    256.159    -1.4592  27.197402    -1.4586  27.196823     6.2493     6.6062     0.1619    95.8738 1.0000e-12  -74.19996 -113.05066  24.119198      99.90 2.0783e+02    615.735      14779  1028.6145  1028.6133    34.0153    34.0138    8.38352         29 0.0000e+00
    260.000    257.146    -1.4589  27.198263    -1.4584  27.197637     6.2550     6.6010     0.0864    95.9176 1.0000e-12  -74.19996 -113.05066  24.119212      99.89 2.0802e+02    616.940      14808  1028.6195  1028.6183    34.0155    34.0140    8.38345         29 0.0000e+00
    261.000    258.136    -1.4588  27.198866    -1.4583  27.198282     6.2636     6.6057     0.1116    95.8864 1.0000e-12  -74.19996 -113.05066  24.119226      75.80 2.0802e+02    618.155      14837  1028.6244  1028.6232    34.0156    34.0142    8.38341         28 0.0000e+00
    262.000    259.124    -1.4582  27.200216    -1.4576  27.199693     6.2535     6.6098     0.1134    95.9239 1.0000e-12  -74.19996 -113.05066  24.119240      94.49 2.0802e+02    619.362      14866  1028.6296  1028.6284    34.0162    34.0147    8.38325         30 0.0000e+00
    263.000    260.112    -1.4580  27.201101    -1.4573  27.200577     6.2537     6.6081     0.1022    95.9738 1.0000e-12  -74.19996 -113.05066  24.119254      98.71 2.0846e+02    620.556      14894  1028.6346  1028.6334    34.0165    34.0150    8.38318         28 0.0000e+00
    264.000    261.102    -1.4577  27.201983    -1.4571  27.201530     6.2622     6.5994     0.1083    95.9106 1.0000e-12  -74.19996 -113.05066  24.119268      99.91 2.0851e+02    621.761      14923  1028.6397  1028.6386    34.0168    34.0154    8.38310         29 0.0000e+00
    265.000    262.088    -1.4571  27.203471    -1.4565  27.202745     6.2655     6.6015     0.1598    95.9032 1.0000e-12  -74.19996 -113.05066  24.119282      99.89 2.0820e+02    622.958      14952  1028.6450  1028.6437    34.0175    34.0159    8.38292         29 0.0000e+00
    266.000    263.077    -1.4569  27.204407    -1.4564  27.203763     6.2555     6.6025     0.1227    95.9578 1.0000e-12  -74.19996 -113.05066  24.119296      99.89 2.0929e+02    624.158      14981  1028.6502  1028.6489    34.0179    34.0165    8.38285         29 0.0000e+00
    267.000    264.066    -1.4564  27.206082    -1.4557  27.205739     6.2416     6.5985     0.0834    95.9494 1.0000e-12  -74.19996 -113.05066  24.119310      99.90 2.0905e+02    625.370      15010  1028.6558  1028.6547    34.0191    34.0178    8.38267         29 0.0000e+00
    268.000    265.055    -1.4545  27.209805    -1.4538  27.209081     6.2527     6.5969     0.2227    96.0582 1.0000e-12  -74.19996 -113.05066  24.119324      99.89 2.0887e+02    626.580      15039  1028.6624  1028.6609    34.0214    34.0197    8.38210         29 0.0000e+00
    269.000    266.042    -1.4535  27.211939    -1.4530  27.211372     6.2708     6.5991     0.2125    95.9758 1.0000e-12  -74.19996 -113.05066  24.119338      99.89 2.0978e+02    627.793      15068  1028.6680  1028.6669    34.0225    34.0212    8.38180         29 0.0000e+00
    270.000    267.032    -1.4535  27.212715    -1.4528  27.212105     6.2605     6.6015     0.1124    96.0038 1.0000e-12  -74.19996 -113.05066  24.119352      99.89 2.0986e+02    629.014      15097  1028.6732  1028.6719    34.0230    34.0215    8.38177         29 0.0000e+00
    271.000    268.019    -1.4529  27.214124    -1.4524  27.213562     6.2340     6.6014     0.1074    96.0700 1.0000e-12  -74.19996 -113.05066  24.119366      99.90 2.0978e+02    630.223      15126  1028.6785  1028.6774    34.0237    34.0223    8.38161         29 0.0000e+00
    272.000    269.008    -1.4521  27.216240    -1.4513  27.215900     6.2524     6.5985     0.0788    96.0415 1.0000e-12  -74.19996 -113.05066  24.119380      99.89 2.0978e+02    631.425      15155  1028.6844  1028.6833    34.0251    34.0237    8.38135         29 0.0000e+00
    273.000    269.996    -1.4495  27.220108    -1.4487  27.219546     6.2573     6.5945     0.0802    96.0229 1.0000e-12  -74.19996 -113.05066  24.119394      95.56 2.0978e+02    632.633      15184  1028.6905  1028.6891    34.0269    34.0252    8.38066         29 0.0000e+00
    274.000    270.984    -1.4482  27.222534    -1.4474  27.221974     6.2477     6.5958     0.0867    96.0671 1.0000e-12  -74.19996 -113.05066  24.119408      99.85 2.0978e+02    633.824      15213  1028.6962  1028.6948    34.0281    34.0264    8.38029         29 0.0000e+00
    275.000    271.972    -1.4475  27.223985    -1.4469  27.223389     6.2678     6.6004     0.0997    95.9524 1.0000e-12  -74.19996 -113.05066  24.119421      99.89 2.0978e+02    635.007      15241  1028.7014  1028.7001    34.0287    34.0271    8.38010         28 0.0000e+00
    276.000    272.961    -1.4475  27.224426    -1.4468  27.223858     6.2482     6.6012     0.0643    96.0356 1.0000e-12  -74.19996 -113.05066  24.119435      99.90 2.0978e+02    636.198      15270  1028.7062  1028.7049    34.0286    34.0271    8.38010         29 0.0000e+00
    277.000    273.950    -1.4473  27.225187    -1.4466  27.224663     6.2446     6.5984     0.0517    96.0778 1.0000e-12  -74.19996 -113.05066  24.119449      99.89 2.0978e+02    637.391      15298  1028.7111  1028.7100    34.0288    34.0273    8.38004         28 0.0000e+00
    278.000    274.937    -1.4462  27.227024    -1.4455  27.226484     6.2494     6.5971     0.0918    96.0733 1.0000e-12  -74.19996 -113.05066  24.119463      99.88 2.1023e+02    638.581      15327  1028.7165  1028.7151    34.0295    34.0279    8.37976         28 0.0000e+00
    279.000    275.926    -1.4456  27.228634    -1.4449  27.228106     6.2495     6.5925     0.0626    96.0421 1.0000e-12  -74.19996 -113.05066  24.119476      99.90 2.1157e+02    639.769      15355  1028.7219  1028.7206    34.0304    34.0288    8.37956         29 0.0000e+00
    280.000    276.915    -1.4444  27.230636    -1.4437  27.230088     6.2534     6.5923     0.0861    96.0976 1.0000e-12  -74.19996 -113.05066  24.119490      99.89 2.1028e+02    640.945      15384  1028.7273  1028.7260    34.0312    34.0296    8.37925         28 0.0000e+00
    281.000    277.902    -1.4432  27.232740    -1.4423  27.232234     6.2466     6.5933     0.0707    96.1019 1.0000e-12  -74.19996 -113.05066  24.119504      99.89 2.1086e+02    642.111      15412  1028.7327  1028.7314    34.0320    34.0304    8.37892         28 0.0000e+00
    282.000    278.890    -1.4406  27.236573    -1.4400  27.235715     6.2431     6.5889     0.0592    96.1304 1.0000e-12  -74.19996 -113.05066  24.119517      99.89 2.1215e+02    643.289      15440  1028.7388  1028.7372    34.0338    34.0319    8.37824         29 0.0000e+00
    283.000    279.880    -1.4389  27.239264    -1.4380  27.238766     6.2447     6.5875     0.0629    96.0971 1.0000e-12  -74.19996 -113.05066  24.119531      99.89 2.1186e+02    644.486      15469  1028.7444  1028.7430    34.0349    34.0332    8.37778         28 0.0000e+00
    284.000    280.867    -1.4370  27.242150    -1.4362  27.241688     6.2430     6.5881     0.0595    95.9841 1.0000e-12  -74.19996 -113.05066  24.119545      75.58 2.1185e+02    645.684      15497  1028.7501  1028.7488    34.0361    34.0346    8.37729         29 0.0000e+00
    285.000    281.856    -1.4365  27.243394    -1.4357  27.242772     6.2497     6.5813     0.0481    96.0249 1.0000e-12  -74.19996 -113.05066  24.119559      73.77 2.1264e+02    646.878      15526  1028.7552  1028.7538    34.0366    34.0349    8.37714         29 0.0000e+00
    286.000    282.845    -1.4361  27.244387    -1.4353  27.243892     6.2438     6.5820     0.0526    96.0881 1.0000e-12  -74.19996 -113.05066  24.119573      99.65 2.1204e+02    648.072      15555  1028.7602  1028.7590    34.0369    34.0353    8.37703         29 0.0000e+00
    287.000    283.831    -1.4358  27.245440    -1.4349  27.244961     6.2347     6.5872     0.0411    96.0206 1.0000e-12  -74.19996 -113.05066  24.119586      99.90 2.1214e+02    649.249      15583  1028.7655  1028.7641    34.0374    34.0358    8.37694         27 0.0000e+00
    288.000    284.822    -1.4352  27.246713    -1.4345  27.246218     6.2407     6.5911     0.0482    96.0778 1.0000e-12  -74.19996 -113.05066  24.119600      99.89 2.1332e+02    650.428      15611  1028.7706  1028.7694    34.0379    34.0364    8.37678         29 0.0000e+00
    289.000    285.808    -1.4350  27.247735    -1.4342  27.247133     6.2406     6.5925     0.1247    96.1120 1.0000e-12  -74.19996 -113.05066  24.119614      99.89 2.1325e+02    651.630      15640  1028.7759  1028.7745    34.0384    34.0367    8.37670         29 0.0000e+00
    290.000    286.797    -1.4349  27.248376    -1.4341  27.247948     6.2441     6.5915     0.1450    96.0906 1.0000e-12  -74.19996 -113.05066  24.119628      99.89 2.1307e+02    652.829      15669  1028.7808  1028.7796    34.0386    34.0371    8.37667         29 0.0000e+00
