ocean_section_plots/required_files/ctd/dnbp2202_ctd122.cnv
* Sea-Bird SBE 9 Data File:
* FileName = D:\Data\raw\NBP2202_CTD122.hex
* Software Version Seasave V 7.26.7.121
* Temperature SN = 1649
* Conductivity SN = 2513
* Number of Bytes Per Scan = 40
* Number of Voltage Words = 5
* Number of Scans Averaged by the Deck Unit = 1
* NMEA Latitude = 74 10.52 S
* NMEA Longitude = 113 20.65 W
* NMEA UTC (Time) = Jan 27 2022  11:29:02
* NMEA baud rate = 9600
** Ship: RVIB N.B. Palmer
** Cruise: NBP2202 Thwaites
** Station: YoYo001
** Operator: B. Bjork
# nquan = 25
# nvalues = 607                         
# units = specified
# name 0 = prDM: Pressure, Digiquartz [db]
# name 1 = depSM: Depth [salt water, m]
# name 2 = t090C: Temperature [ITS-90, deg C]
# name 3 = c0mS/cm: Conductivity [mS/cm]
# name 4 = t190C: Temperature, 2 [ITS-90, deg C]
# name 5 = c1mS/cm: Conductivity, 2 [mS/cm]
# name 6 = sbeox0ML/L: Oxygen, SBE 43 [ml/l]
# name 7 = sbeox1ML/L: Oxygen, SBE 43, 2 [ml/l]
# name 8 = flECO-AFL: Fluorescence, WET Labs ECO-AFL/FL [mg/m^3]
# name 9 = CStarTr0: Beam Transmission, WET Labs C-Star [%]
# name 10 = par: PAR/Irradiance, Biospherical/Licor
# name 11 = latitude: Latitude [deg]
# name 12 = longitude: Longitude [deg]
# name 13 = timeJ: Julian Days
# name 14 = altM: Altimeter [m]
# name 15 = spar: SPAR, Biospherical/Licor
# name 16 = timeS: Time, Elapsed [seconds]
# name 17 = scan: Scan Count
# name 18 = density00: Density [density, kg/m^3]
# name 19 = density11: Density, 2 [density, kg/m^3]
# name 20 = sal00: Salinity, Practical [PSU]
# name 21 = sal11: Salinity, Practical, 2 [PSU]
# name 22 = oxsolML/L: Oxygen Saturation, Garcia & Gordon [ml/l]
# name 23 = nbin: number of scans per bin
# name 24 = flag: flag
# span 0 =     10.000,    616.000       
# span 1 =      9.895,    608.722       
# span 2 =    -1.4340,     0.0810       
# span 3 =  26.984259,  28.908262       
# span 4 =    -1.4340,     0.0822       
# span 5 =  26.983054,  28.908641       
# span 6 =     4.6858,     8.5891       
# span 7 =     4.7372,     8.3656       
# span 8 =    -0.0224,    25.8702       
# span 9 =    70.0757,    95.6202       
# span 10 = 1.0000e-12, 4.7133e+00      
# span 11 =  -74.17536,  -74.17536      
# span 12 = -113.34424, -113.34422      
# span 13 =  27.478928,  27.486627      
# span 14 =       7.99,      99.98      
# span 15 = 2.0097e+02, 2.2389e+02      
# span 16 =     37.345,    702.553      
# span 17 =        897,      16862      
# span 18 =  1027.2264,  1030.5166      
# span 19 =  1027.2248,  1030.5144      
# span 20 =    33.7923,    34.3799      
# span 21 =    33.7919,    34.3768      
# span 22 =    8.02804,    8.38977      
# span 23 =         20,         56      
# span 24 = 0.0000e+00, 0.0000e+00      
# interval = decibars: 1                
# start_time = Jan 27 2022 11:29:02 [NMEA time, header]
# bad_flag = -9.990e-29
*END*
[from data line 116]
    126.000    124.659    -1.4209  27.084163    -1.4197  27.083881     5.5315     5.6002    -0.0123    95.5676 1.0000e-12  -74.17536 -113.34422  27.480619      99.86 2.1683e+02    183.515       4405  1027.8811  1027.8796    33.8986    33.8969    8.38185         24 0.0000e+00
    127.000    125.647    -1.4236  27.083118    -1.4223  27.082918     5.5504     5.6012    -0.0163    95.5655 1.0000e-12  -74.17536 -113.34422  27.480631      99.87 2.1683e+02    184.503       4429  1027.8868  1027.8853    33.8996    33.8978    8.38240         23 0.0000e+00
    128.000    126.636    -1.4245  27.082946    -1.4231  27.082879     5.5560     5.6184    -0.0188    95.5615 1.0000e-12  -74.17536 -113.34422  27.480642      99.87 2.1683e+02    185.497       4453  1027.8918  1027.8903    33.8998    33.8981    8.38259         25 0.0000e+00
    129.000    127.624    -1.4263  27.083012    -1.4248  27.082971     5.5671     5.6307    -0.0151    95.5599 1.0000e-12  -74.17536 -113.34424  27.480654      99.86 2.1683e+02    186.486       4477  1027.8978  1027.8964    33.9013    33.8996    8.38290         23 0.0000e+00
    130.000    128.615    -1.4222  27.090915    -1.4213  27.090626     5.5788     5.6344    -0.0134    95.5700 1.0000e-12  -74.17536 -113.34422  27.480665      99.86 2.1683e+02    187.462       4500  1027.9070  1027.9058    33.9069    33.9055    8.38165         23 0.0000e+00
    131.000    129.603    -1.4240  27.091909    -1.4225  27.091830     5.5828     5.6385    -0.0086    95.5818 1.0000e-12  -74.17536 -113.34424  27.480676      99.87 2.1683e+02    188.447       4524  1027.9142  1027.9126    33.9097    33.9079    8.38189         24 0.0000e+00
    132.000    130.593    -1.4224  27.094660    -1.4210  27.094292     5.5770     5.6429    -0.0147    95.5719 1.0000e-12  -74.17536 -113.34422  27.480688      99.86 2.1683e+02    189.444       4548  1027.9198  1027.9182    33.9110    33.9090    8.38144         24 0.0000e+00
    133.000    131.581    -1.4228  27.094531    -1.4217  27.094050     5.5800     5.6418    -0.0076    95.5756 1.0000e-12  -74.17536 -113.34424  27.480699      99.87 2.1683e+02    190.429       4571  1027.9245  1027.9229    33.9107    33.9088    8.38156         23 0.0000e+00
    134.000    132.571    -1.4220  27.096193    -1.4205  27.096100     5.5793     5.6414    -0.0142    95.5741 1.0000e-12  -74.17536 -113.34422  27.480711      99.87 2.1683e+02    191.408       4595  1027.9297  1027.9282    33.9114    33.9096    8.38133         24 0.0000e+00
    135.000    133.559    -1.4180  27.101536    -1.4163  27.101613     5.5700     5.6304    -0.0150    95.5784 1.0000e-12  -74.17536 -113.34424  27.480722      99.87 2.1632e+02    192.395       4618  1027.9360  1027.9345    33.9136    33.9118    8.38030         24 0.0000e+00
    136.000    134.548    -1.4154  27.104898    -1.4147  27.103795     5.5688     5.6303    -0.0150    95.5955 1.0000e-12  -74.17536 -113.34422  27.480733      99.87 2.1637e+02    193.362       4642  1027.9416  1027.9397    33.9147    33.9124    8.37966         23 0.0000e+00
    137.000    135.537    -1.4066  27.114046    -1.4070  27.111720     5.5511     5.6173    -0.0192    95.5868 1.0000e-12  -74.17536 -113.34424  27.480745      87.54 2.1652e+02    194.332       4665  1027.9474  1027.9453    33.9167    33.9140    8.37755         23 0.0000e+00
    138.000    136.527    -1.3987  27.122096    -1.3994  27.119609     5.5154     5.5855    -0.0160    95.5989 1.0000e-12  -74.17536 -113.34422  27.480756      99.90 2.1602e+02    195.315       4689  1027.9530  1027.9510    33.9181    33.9156    8.37568         24 0.0000e+00
    139.000    137.514    -1.3825  27.138315    -1.3768  27.141148     5.4887     5.5608    -0.0099    95.5834 1.0000e-12  -74.17536 -113.34424  27.480767      99.86 2.1561e+02    196.293       4712  1027.9595  1027.9572    33.9214    33.9190    8.37185         23 0.0000e+00
    140.000    138.504    -1.3482  27.169761    -1.3457  27.170084     5.4784     5.5565    -0.0150    95.5978 1.0000e-12  -74.17536 -113.34422  27.480779      99.87 2.1573e+02    197.277       4736  1027.9654  1027.9633    33.9252    33.9229    8.36394         24 0.0000e+00
    141.000    139.493    -1.3392  27.178758    -1.3381  27.177952     5.4613     5.5392    -0.0141    95.6020 1.0000e-12  -74.17536 -113.34424  27.480790      99.87 2.1580e+02    198.266       4759  1027.9711  1027.9691    33.9268    33.9244    8.36183         24 0.0000e+00
    142.000    140.483    -1.3363  27.182088    -1.3358  27.180906     5.4454     5.5180    -0.0077    95.5991 1.0000e-12  -74.17536 -113.34422  27.480801      99.87 2.1576e+02    199.248       4783  1027.9764  1027.9747    33.9274    33.9252    8.36113         23 0.0000e+00
    143.000    141.471    -1.3255  27.192704    -1.3214  27.194045     5.4256     5.5035    -0.0077    95.5860 1.0000e-12  -74.17536 -113.34424  27.480813      99.87 2.1551e+02    200.227       4806  1027.9822  1027.9796    33.9292    33.9263    8.35862         24 0.0000e+00
    144.000    142.460    -1.3025  27.213707    -1.3012  27.213183     5.4268     5.4998    -0.0077    95.5838 1.0000e-12  -74.17536 -113.34422  27.480824      99.87 2.1558e+02    201.216       4830  1027.9874  1027.9856    33.9313    33.9290    8.35334         24 0.0000e+00
    145.000    143.448    -1.3003  27.216586    -1.2991  27.215753     5.4320     5.5013    -0.0077    95.5790 1.0000e-12  -74.17536 -113.34424  27.480836      99.87 2.1538e+02    202.203       4854  1027.9930  1027.9910    33.9321    33.9296    8.35279         23 0.0000e+00
    146.000    144.440    -1.2996  27.217830    -1.2979  27.217642     5.4384     5.5050    -0.0122    95.5583 1.0000e-12  -74.17536 -113.34422  27.480847      99.87 2.1544e+02    203.176       4877  1027.9982  1027.9964    33.9324    33.9302    8.35262         24 0.0000e+00
    147.000    145.426    -1.2998  27.218859    -1.2986  27.218256     5.4383     5.5052    -0.0147    95.5510 1.0000e-12  -74.17536 -113.34424  27.480858      99.86 2.1516e+02    204.158       4901  1028.0041  1028.0023    33.9334    33.9313    8.35261         23 0.0000e+00
    148.000    146.417    -1.2980  27.221802    -1.2967  27.221284     5.4439     5.5095    -0.0150    95.5623 1.0000e-12  -74.17536 -113.34422  27.480870      99.87 2.1507e+02    205.135       4924  1028.0101  1028.0083    33.9348    33.9327    8.35212         23 0.0000e+00
    149.000    147.404    -1.2989  27.221680    -1.2977  27.221273     5.4517     5.5103    -0.0150    95.5527 1.0000e-12  -74.17536 -113.34424  27.480881      99.87 2.1507e+02    206.101       4947  1028.0153  1028.0137    33.9351    33.9331    8.35232         24 0.0000e+00
    150.000    148.394    -1.2994  27.222200    -1.2981  27.221751     5.4539     5.5150    -0.0159    95.5554 1.0000e-12  -74.17536 -113.34422  27.480892      98.92 2.1507e+02    207.068       4971  1028.0208  1028.0190    33.9357    33.9335    8.35238         23 0.0000e+00
    151.000    149.382    -1.3000  27.222369    -1.2987  27.221982     5.4508     5.5148    -0.0219    95.5665 1.0000e-12  -74.17536 -113.34422  27.480903      96.62 2.1507e+02    208.050       4994  1028.0260  1028.0243    33.9359    33.9340    8.35250         24 0.0000e+00
    152.000    150.372    -1.3005  27.222536    -1.2989  27.222312     5.4551     5.5129    -0.0151    95.5710 1.0000e-12  -74.17536 -113.34422  27.480915      99.81 2.1507e+02    209.024       5018  1028.0311  1028.0293    33.9362    33.9341    8.35261         23 0.0000e+00
    153.000    151.361    -1.2999  27.223517    -1.2989  27.222840     5.4563     5.5096    -0.0150    95.5588 1.0000e-12  -74.17536 -113.34422  27.480926      99.86 2.1507e+02    209.997       5041  1028.0359  1028.0342    33.9362    33.9341    8.35246         23 0.0000e+00
    154.000    152.349    -1.2981  27.225797    -1.2968  27.225316     5.4526     5.5126    -0.0150    95.5719 1.0000e-12  -74.17536 -113.34422  27.480937      99.86 2.1507e+02    210.971       5064  1028.0411  1028.0393    33.9366    33.9345    8.35203         24 0.0000e+00
    155.000    153.338    -1.2975  27.226780    -1.2961  27.226483     5.4483     5.5143    -0.0150    95.5623 1.0000e-12  -74.17536 -113.34422  27.480948      99.86 2.1507e+02    211.941       5088  1028.0459  1028.0442    33.9367    33.9347    8.35190         23 0.0000e+00
    156.000    154.328    -1.2972  27.227603    -1.2959  27.227061     5.4505     5.5174    -0.0150    95.5522 1.0000e-12  -74.17536 -113.34422  27.480960      99.86 2.1507e+02    212.908       5111  1028.0509  1028.0491    33.9369    33.9347    8.35182         23 0.0000e+00
    157.000    155.316    -1.2958  27.229771    -1.2943  27.229314     5.4525     5.5173    -0.0150    95.5559 1.0000e-12  -74.17536 -113.34422  27.480971      99.87 2.1507e+02    213.894       5134  1028.0563  1028.0544    33.9376    33.9353    8.35146         24 0.0000e+00
    158.000    156.303    -1.2946  27.231537    -1.2933  27.231070     5.4550     5.5180    -0.0169    95.5633 1.0000e-12  -74.17536 -113.34422  27.480982      99.87 2.1507e+02    214.877       5158  1028.0614  1028.0596    33.9381    33.9360    8.35117         23 0.0000e+00
    159.000    157.295    -1.2957  27.231225    -1.2942  27.230996     5.4533     5.5177    -0.0208    95.5581 1.0000e-12  -74.17536 -113.34422  27.480994      99.86 2.1507e+02    215.851       5181  1028.0665  1028.0648    33.9382    33.9362    8.35139         24 0.0000e+00
    160.000    158.281    -1.2951  27.232462    -1.2934  27.232472     5.4533     5.5158    -0.0151    95.5677 1.0000e-12  -74.17536 -113.34422  27.481005      99.87 2.1507e+02    216.825       5205  1028.0717  1028.0700    33.9387    33.9367    8.35125         23 0.0000e+00
    161.000    159.274    -1.2939  27.234193    -1.2924  27.233899     5.4565     5.5183    -0.0150    95.5611 1.0000e-12  -74.17536 -113.34422  27.481016      99.86 2.1507e+02    217.785       5228  1028.0767  1028.0749    33.9390    33.9370    8.35095         23 0.0000e+00
    162.000    160.261    -1.2916  27.237126    -1.2903  27.236635     5.4482     5.5182    -0.0150    95.5566 1.0000e-12  -74.17536 -113.34422  27.481027      99.87 2.1507e+02    218.741       5251  1028.0820  1028.0802    33.9398    33.9377    8.35038         23 0.0000e+00
    163.000    161.248    -1.2913  27.237843    -1.2903  27.237063     5.4454     5.5130    -0.0202    95.5543 1.0000e-12  -74.17536 -113.34423  27.481038      99.87 2.1507e+02    219.711       5274  1028.0869  1028.0851    33.9399    33.9377    8.35032         23 0.0000e+00
    164.000    162.239    -1.2903  27.239193    -1.2890  27.238660     5.4470     5.5079    -0.0089    95.5543 1.0000e-12  -74.17536 -113.34423  27.481049      99.72 2.1507e+02    220.678       5297  1028.0917  1028.0899    33.9399    33.9377    8.35009         23 0.0000e+00
    165.000    163.228    -1.2876  27.242364    -1.2864  27.241837     5.4525     5.5120    -0.0034    95.5677 1.0000e-12  -74.17536 -113.34423  27.481061      99.66 2.1507e+02    221.645       5320  1028.0969  1028.0951    33.9407    33.9385    8.34946         24 0.0000e+00
    166.000    164.217    -1.2854  27.245354    -1.2842  27.244720     5.4540     5.5163    -0.0102    95.5644 1.0000e-12  -74.17536 -113.34424  27.481072      99.86 2.1507e+02    222.622       5344  1028.1024  1028.1005    33.9417    33.9394    8.34891         23 0.0000e+00
    167.000    165.204    -1.2821  27.248509    -1.2805  27.249231     5.4594     5.5200    -0.0166    95.5655 1.0000e-12  -74.17536 -113.34424  27.481083      99.86 2.1507e+02    223.587       5367  1028.1071  1028.1063    33.9416    33.9408    8.34817         23 0.0000e+00
    168.000    166.193    -1.2815  27.251896    -1.2798  27.251591     5.4714     5.5343    -0.0215    95.5442 1.0000e-12  -74.17536 -113.34424  27.481094      99.86 2.1507e+02    224.545       5390  1028.1145  1028.1125    33.9450    33.9426    8.34783         23 0.0000e+00
    169.000    167.183    -1.2877  27.248373    -1.2863  27.248006     5.4873     5.5442    -0.0078    95.5537 1.0000e-12  -74.17536 -113.34424  27.481105      99.87 2.1507e+02    225.513       5413  1028.1210  1028.1193    33.9465    33.9445    8.34912         24 0.0000e+00
    170.000    168.172    -1.2900  27.247232    -1.2885  27.246838     5.4878     5.5522    -0.0149    95.5554 1.0000e-12  -74.17536 -113.34424  27.481117      99.86 2.1507e+02    226.488       5437  1028.1263  1028.1245    33.9469    33.9447    8.34961         23 0.0000e+00
    171.000    169.161    -1.2930  27.245599    -1.2905  27.246141     5.5064     5.5679    -0.0150    95.5599 1.0000e-12  -74.17536 -113.34424  27.481128      99.87 2.1507e+02    227.460       5460  1028.1317  1028.1299    33.9474    33.9454    8.35025         23 0.0000e+00
    172.000    170.148    -1.2914  27.251739    -1.2895  27.251806     5.5222     5.5761    -0.0150    95.5730 1.0000e-12  -74.17536 -113.34424  27.481139      99.87 2.1507e+02    228.432       5483  1028.1413  1028.1395    33.9535    33.9514    8.34955         24 0.0000e+00
    173.000    171.137    -1.2841  27.261555    -1.2826  27.261213     5.5313     5.5836    -0.0110    95.5733 1.0000e-12  -74.17536 -113.34424  27.481150      99.87 2.1507e+02    229.395       5506  1028.1493  1028.1475    33.9580    33.9559    8.34763         23 0.0000e+00
    174.000    172.128    -1.2825  27.265023    -1.2809  27.264694     5.5220     5.5849    -0.0106    95.5733 1.0000e-12  -74.17536 -113.34424  27.481161      99.87 2.1507e+02    230.351       5529  1028.1559  1028.1540    33.9604    33.9581    8.34714         23 0.0000e+00
    175.000    173.116    -1.2808  27.267676    -1.2791  27.267603     5.5178     5.5804    -0.0168    95.5656 1.0000e-12  -74.17536 -113.34424  27.481173      99.86 2.1507e+02    231.317       5553  1028.1615  1028.1598    33.9614    33.9595    8.34669         23 0.0000e+00
    176.000    174.104    -1.2791  27.270081    -1.2777  27.269638     5.5220     5.5770    -0.0198    95.5767 1.0000e-12  -74.17536 -113.34424  27.481184      99.86 2.1507e+02    232.290       5576  1028.1668  1028.1650    33.9622    33.9600    8.34627         23 0.0000e+00
    177.000    175.094    -1.2770  27.272860    -1.2752  27.272802     5.5092     5.5805    -0.0076    95.5733 1.0000e-12  -74.17536 -113.34424  27.481195      99.24 2.1507e+02    233.256       5599  1028.1721  1028.1704    33.9630    33.9609    8.34576         23 0.0000e+00
    178.000    176.081    -1.2749  27.275486    -1.2734  27.275218     5.5119     5.5766    -0.0077    95.5836 1.0000e-12  -74.17536 -113.34424  27.481206      99.32 2.1507e+02    234.222       5622  1028.1774  1028.1756    33.9636    33.9615    8.34525         23 0.0000e+00
    179.000    177.072    -1.2729  27.278302    -1.2709  27.278298     5.5158     5.5757    -0.0142    95.5754 1.0000e-12  -74.17536 -113.34424  27.481218      99.88 2.1507e+02    235.190       5646  1028.1828  1028.1809    33.9645    33.9624    8.34474         23 0.0000e+00
    180.000    178.059    -1.2692  27.282817    -1.2675  27.282548     5.5153     5.5744    -0.0150    95.5869 1.0000e-12  -74.17536 -113.34424  27.481228      99.86 2.1507e+02    236.137       5668  1028.1885  1028.1866    33.9660    33.9637    8.34384         23 0.0000e+00
    181.000    179.048    -1.2651  27.287867    -1.2634  27.287565     5.5116     5.5755    -0.0147    95.5890 1.0000e-12  -74.17536 -113.34422  27.481239      99.86 2.1507e+02    237.084       5691  1028.1944  1028.1925    33.9676    33.9653    8.34282         23 0.0000e+00
    182.000    180.036    -1.2642  27.289399    -1.2628  27.288974     5.5123     5.5767    -0.0118    95.5812 1.0000e-12  -74.17536 -113.34424  27.481250      99.87 2.1507e+02    238.043       5714  1028.1996  1028.1977    33.9680    33.9658    8.34259         23 0.0000e+00
