ocean_section_plots/required_files/ctd/dnbp2202_ctd197.cnv
* Sea-Bird SBE 9 Data File:
* FileName = D:\Data\raw\NBP2202_CTD197.hex
* Software Version Seasave V 7.26.7.121
* Temperature SN = 1649
* Conductivity SN = 2513
* Number of Bytes Per Scan = 40
* Number of Voltage Words = 5
* Number of Scans Averaged by the Deck Unit = 1
* NMEA Latitude = 73 57.30 S
* NMEA Longitude = 113 18.77 W
* NMEA UTC (Time) = Feb 08 2022  14:33:16
* NMEA baud rate = 9600
** Ship: RVIB N.B. Palmer
** Cruise: NBP2202 Thwaites
** Station: 116
** Operator: B. Bjork
# nquan = 28
# nvalues = 307                         
# units = specified
# name 0 = prDM: Pressure, Digiquartz [db]
# name 1 = depSM: Depth [salt water, m]
# name 2 = t090C: Temperature [ITS-90, deg C]
# name 3 = c0mS/cm: Conductivity [mS/cm]
# name 4 = t190C: Temperature, 2 [ITS-90, deg C]
# name 5 = c1mS/cm: Conductivity, 2 [mS/cm]
# name 6 = sbeox0ML/L: Oxygen, SBE 43 [ml/l]
# name 7 = sbeox1ML/L: Oxygen, SBE 43, 2 [ml/l]
# name 8 = flECO-AFL: Fluorescence, WET Labs ECO-AFL/FL [mg/m^3]
# name 9 = CStarTr0: Beam Transmission, WET Labs C-Star [%]
# name 10 = par: PAR/Irradiance, Biospherical/Licor
# name 11 = latitude: Latitude [deg]
# name 12 = longitude: Longitude [deg]
# name 13 = timeJ: Julian Days
# name 14 = altM: Altimeter [m]
# name 15 = spar: SPAR, Biospherical/Licor
# name 16 = timeS: Time, Elapsed [seconds]
# name 17 = scan: Scan Count
# name 18 = density00: Density [density, kg/m^3]
# name 19 = density11: Density, 2 [density, kg/m^3]
# name 20 = v3: Voltage 3
# name 21 = v4: Voltage 4
# name 22 = v5: Voltage 5
# name 23 = sal00: Salinity, Practical [PSU]
# name 24 = sal11: Salinity, Practical, 2 [PSU]
# name 25 = oxsolML/L: Oxygen Saturation, Garcia & Gordon [ml/l]
# name 26 = nbin: number of scans per bin
# name 27 = flag: flag
# span 0 =      2.000,    308.000       
# span 1 =      1.946,    304.589       
# span 2 =    -1.5553,    -0.4111       
# span 3 =  27.059538,  28.230161       
# span 4 =    -1.5555,    -0.4097       
# span 5 =  27.059459,  28.229727       
# span 6 =     4.9193,     8.9221       
# span 7 =     5.1015,     9.2646       
# span 8 =    -0.0055,    26.6030       
# span 9 =    74.5318,    98.2791       
# span 10 = -3.316e-05, 4.6192e+01      
# span 11 =  -73.95504,  -73.95504      
# span 12 = -113.31302, -113.31296      
# span 13 =  39.608676,  39.614102      
# span 14 =       1.82,     100.09      
# span 15 = 1.1167e+02, 1.2332e+02      
# span 16 =    193.590,    662.431      
# span 17 =       4647,      15899      
# span 18 =  1027.1482,  1028.9504      
# span 19 =  1027.1521,  1028.9486      
# span 20 =     3.5366,     4.6622      
# span 21 =     0.0670,     3.9320      
# span 22 =     0.1140,     0.2487      
# span 23 =    33.7561,    34.2025      
# span 24 =    33.7603,    34.2003      
# span 25 =    8.14233,    8.40694      
# span 26 =          1,         47      
# span 27 = 0.0000e+00, 0.0000e+00      
# interval = decibars: 1                
# start_time = Feb 08 2022 14:33:16 [NMEA time, header]
# bad_flag = -9.990e-29
*END*
[from data line 259]
    261.000    258.138    -0.8140  27.811928    -0.8129  27.811512     5.3325     5.5435     0.1262    97.8750 1.0000e-12  -73.95504 -113.31301  39.612741      50.58 1.1767e+02    544.851      13077  1028.6799  1028.6784     4.6430     0.0899     0.1232    34.1219    34.1201    8.23414         24 0.0000e+00
    262.000    259.126    -0.8002  27.826451    -0.7992  27.825640     5.2976     5.5075     0.1263    97.9066 1.0000e-12  -73.95504 -113.31301  39.612753      49.56 1.2009e+02    545.853      13101  1028.6868  1028.6849     4.6446     0.1001     0.1294    34.1254    34.1231    8.23093         24 0.0000e+00
    263.000    260.117    -0.7798  27.847343    -0.7786  27.846375     5.2697     5.4842     0.3635    97.9434 1.0000e-12  -73.95504 -113.31301  39.612765      48.50 1.1819e+02    546.893      13126  1028.6941  1028.6919     4.6463     0.0911     0.1292    34.1300    34.1273    8.22621         26 0.0000e+00
    264.000    261.102    -0.7443  27.880892    -0.7426  27.880299     5.2273     5.4377     0.3589    98.0448 1.0000e-12  -73.95504 -113.31301  39.612777      47.48 1.1846e+02    547.948      13152  1028.7004  1028.6981     4.6511     0.0984     0.1308    34.1346    34.1319    8.21820         25 0.0000e+00
    265.000    262.094    -0.7308  27.894455    -0.7295  27.893769     5.1805     5.3862     0.1130    98.0468 1.0000e-12  -73.95504 -113.31302  39.612789      46.46 1.2129e+02    549.000      13177  1028.7066  1028.7046     4.6512     0.0971     0.1280    34.1372    34.1348    8.21512         25 0.0000e+00
    266.000    263.080    -0.6779  27.946348    -0.6797  27.941420     5.1418     5.3555     0.0844    97.8975 1.0000e-12  -73.95504 -113.31302  39.612801      45.47 1.1855e+02    550.024      13202  1028.7156  1028.7121     4.6441     0.1138     0.1299    34.1469    34.1423    8.20306         24 0.0000e+00
    267.000    264.069    -0.6499  27.971376    -0.6481  27.971046     5.1221     5.3331     0.0868    98.0565 1.0000e-12  -73.95504 -113.31302  39.612813      44.46 1.1804e+02    551.012      13225  1028.7201  1028.7180     4.6517     0.1386     0.1257    34.1485    34.1460    8.19690         24 0.0000e+00
    268.000    265.058    -0.6387  27.982215    -0.6375  27.981480     5.1108     5.3137     0.1133    98.0151 1.0000e-12  -73.95504 -113.31302  39.612824      43.44 1.2087e+02    551.999      13249  1028.7256  1028.7238     4.6497     0.0745     0.1226    34.1498    34.1475    8.19438         23 0.0000e+00
    269.000    266.045    -0.6275  27.993020    -0.6277  27.991074     5.0978     5.2919     0.4048    97.9469 1.0000e-12  -73.95504 -113.31301  39.612836      42.44 1.2086e+02    553.015      13273  1028.7313  1028.7293     4.6464     0.0773     0.1299    34.1512    34.1488    8.19189         25 0.0000e+00
    270.000    267.033    -0.6164  28.004107    -0.6156  28.002847     5.0845     5.2837     0.0799    97.6699 1.0000e-12  -73.95504 -113.31300  39.612848      41.43 1.1771e+02    554.060      13298  1028.7371  1028.7350     4.6333     0.0951     0.1270    34.1530    34.1504    8.18938         26 0.0000e+00
    271.000    268.023    -0.6062  28.014053    -0.6049  28.013340     5.0683     5.2729     0.0735    97.9845 1.0000e-12  -73.95504 -113.31300  39.612861      40.33 1.2102e+02    555.158      13325  1028.7426  1028.7406     4.6482     0.1065     0.1287    34.1543    34.1518    8.18710         27 0.0000e+00
    272.000    269.011    -0.5920  28.028285    -0.5909  28.027229     5.0203     5.2257     0.0903    98.1723 1.0000e-12  -73.95504 -113.31300  39.612874      39.29 1.1976e+02    556.331      13353  1028.7489  1028.7466     4.6571     0.0793     0.1279    34.1569    34.1541    8.18389         29 0.0000e+00
    273.000    269.999    -0.5636  28.056515    -0.5621  28.054929     4.9819     5.1770     0.1271    98.1779 1.0000e-12  -73.95504 -113.31300  39.612888      38.25 1.1680e+02    557.530      13382  1028.7563  1028.7531     4.6574     0.0743     0.1290    34.1622    34.1584    8.17744         29 0.0000e+00
    274.000    270.987    -0.5095  28.107702    -0.5073  28.106914     4.9647     5.1532     0.0864    97.9929 1.0000e-12  -73.95504 -113.31300  39.612903      37.17 1.1890e+02    558.789      13412  1028.7633  1028.7602     4.6487     0.0957     0.1300    34.1695    34.1659    8.16536         32 0.0000e+00
    275.000    271.976    -0.4988  28.118508    -0.4963  28.118803     4.9597     5.1436     0.1133    97.8830 1.0000e-12  -73.95504 -113.31300  39.612919      36.12 1.2022e+02    560.163      13445  1028.7694  1028.7673     4.6434     0.0776     0.1293    34.1713    34.1689    8.16294         34 0.0000e+00
    276.000    272.964    -0.4850  28.133366    -0.4836  28.132734     4.9644     5.1448     0.0801    98.1025 1.0000e-12  -73.95504 -113.31300  39.612935      35.11 1.1604e+02    561.554      13478  1028.7769  1028.7749     4.6538     0.0904     0.1313    34.1751    34.1727    8.15975         32 0.0000e+00
    277.000    273.952    -0.4846  28.134119    -0.4832  28.133461     4.9684     5.1462     0.1403    97.6009 1.0000e-12  -73.95504 -113.31300  39.612951      34.05 1.1625e+02    562.978      13512  1028.7821  1028.7802     4.6300     0.0992     0.1315    34.1750    34.1726    8.15967         37 0.0000e+00
    278.000    274.941    -0.4840  28.135110    -0.4824  28.134698     4.9720     5.1492     0.1092    97.7700 1.0000e-12  -73.95504 -113.31300  39.612971      32.99 1.1875e+02    564.694      13554  1028.7875  1028.7856     4.6383     0.0727     0.1320    34.1751    34.1728    8.15954         39 0.0000e+00
    279.000    275.930    -0.4835  28.135842    -0.4821  28.135248     4.9699     5.1471     0.0561    98.0071 1.0000e-12  -73.95504 -113.31300  39.612992      31.96 1.1543e+02    566.514      13597  1028.7927  1028.7906     4.6493     0.0674     0.1303    34.1750    34.1726    8.15945         33 0.0000e+00
    280.000    276.919    -0.4835  28.136062    -0.4821  28.135644     4.9745     5.1465     0.0726    97.9818 1.0000e-12  -73.95504 -113.31300  39.613011      30.98 1.1568e+02    568.143      13636  1028.7975  1028.7956     4.6481     0.0789     0.1348    34.1746    34.1724    8.15946         36 0.0000e+00
    281.000    277.905    -0.4842  28.135841    -0.4823  28.135677     4.9673     5.1441     0.0471    98.0936 1.0000e-12  -73.95504 -113.31300  39.613031      29.92 1.1791e+02    569.902      13679  1028.8024  1028.8005     4.6534     0.0744     0.1323    34.1745    34.1722    8.15961         43 0.0000e+00
    282.000    278.895    -0.4825  28.137994    -0.4811  28.137371     4.9649     5.1414     0.0605    97.8847 1.0000e-12  -73.95504 -113.31300  39.613053      28.88 1.1647e+02    571.778      13724  1028.8076  1028.8056     4.6435     0.0818     0.1305    34.1748    34.1724    8.15922         37 0.0000e+00
    283.000    279.882    -0.4811  28.139956    -0.4796  28.139505     4.9628     5.1464     0.0358    98.0630 1.0000e-12  -73.95504 -113.31300  39.613074      27.84 1.1544e+02    573.622      13768  1028.8128  1028.8109     4.6519     0.0766     0.1306    34.1753    34.1730    8.15890         34 0.0000e+00
    284.000    280.871    -0.4806  28.140758    -0.4788  28.140764     4.9663     5.1391     0.0140    98.1317 1.0000e-12  -73.95504 -113.31300  39.613096      26.82 1.1796e+02    575.489      13813  1028.8177  1028.8160     4.6552     0.0701     0.1331    34.1753    34.1732    8.15881         39 0.0000e+00
    285.000    281.861    -0.4804  28.141523    -0.4789  28.141094     4.9654     5.1417     0.0282    98.1033 1.0000e-12  -73.95504 -113.31300  39.613118      25.81 1.1715e+02    577.379      13858  1028.8227  1028.8208     4.6539     0.0827     0.1307    34.1754    34.1731    8.15874         35 0.0000e+00
    286.000    282.847    -0.4787  28.144039    -0.4778  28.142774     4.9649     5.1389     0.0249    97.9739 1.0000e-12  -73.95504 -113.31300  39.613141      24.78 1.1523e+02    579.364      13906  1028.8281  1028.8259     4.6477     0.0670     0.1307    34.1763    34.1736    8.15833         44 0.0000e+00
    287.000    283.836    -0.4757  28.147859    -0.4738  28.147691     4.9571     5.1277     0.0293    98.1422 1.0000e-12  -73.95504 -113.31300  39.613163      23.77 1.1766e+02    581.257      13951  1028.8337  1028.8316     4.6558     0.0689     0.1336    34.1775    34.1751    8.15763         37 0.0000e+00
    288.000    284.824    -0.4698  28.154945    -0.4685  28.154168     4.9531     5.1270     0.1362    98.0869 1.0000e-12  -73.95504 -113.31300  39.613184      22.71 1.1836e+02    583.140      13996  1028.8398  1028.8377     4.6531     0.0707     0.1348    34.1797    34.1771    8.15622         43 0.0000e+00
    289.000    285.812    -0.4660  28.159721    -0.4643  28.159540     4.9581     5.1266     0.0130    98.0791 1.0000e-12  -73.95504 -113.31300  39.613208      21.70 1.1542e+02    585.212      14046  1028.8456  1028.8437     4.6528     0.0791     0.1349    34.1812    34.1790    8.15532         36 0.0000e+00
    290.000    286.799    -0.4598  28.167131    -0.4576  28.167232     4.9555     5.1268     0.3207    98.0440 1.0000e-12  -73.95504 -113.31300  39.613230      20.68 1.1815e+02    587.106      14092  1028.8519  1028.8499     4.6511     0.0802     0.1347    34.1836    34.1812    8.15386         35 0.0000e+00
    291.000    287.789    -0.4551  28.172688    -0.4534  28.172611     4.9564     5.1309     0.0970    98.1219 1.0000e-12  -73.95504 -113.31300  39.613252      19.66 1.1921e+02    588.929      14135  1028.8577  1028.8559     4.6547     0.0843     0.1327    34.1852    34.1831    8.15275         41 0.0000e+00
    292.000    288.777    -0.4525  28.176176    -0.4511  28.175679     4.9495     5.1294     0.0743    98.1126 1.0000e-12  -73.95504 -113.31299  39.613277      18.60 1.1572e+02    591.145      14188  1028.8632  1028.8614     4.6544     0.0725     0.1321    34.1863    34.1840    8.15213         45 0.0000e+00
    293.000    289.765    -0.4490  28.180585    -0.4475  28.180234     4.9501     5.1281    -0.0009    98.1306 1.0000e-12  -73.95504 -113.31298  39.613300      17.59 1.1700e+02    593.163      14237  1028.8689  1028.8671     4.6552     0.0694     0.1318    34.1877    34.1855    8.15130         39 0.0000e+00
    294.000    290.751    -0.4459  28.184617    -0.4441  28.184477     4.9516     5.1188     0.0247    98.1181 1.0000e-12  -73.95504 -113.31298  39.613325      16.53 1.1790e+02    595.263      14287  1028.8746  1028.8727     4.6546     0.0733     0.1313    34.1890    34.1867    8.15056         32 0.0000e+00
    295.000    291.742    -0.4427  28.188534    -0.4409  28.188378     4.9493     5.1220     0.0349    98.1613 1.0000e-12  -73.95504 -113.31298  39.613355      15.53 1.1567e+02    597.840      14349  1028.8801  1028.8782     4.6566     0.0678     0.1313    34.1900    34.1878    8.14981         37 0.0000e+00
    296.000    292.731    -0.4409  28.190888    -0.4394  28.190511     4.9488     5.1214     0.0171    98.1699 1.0000e-12  -73.95504 -113.31298  39.613380      14.52 1.1580e+02    600.020      14401  1028.8852  1028.8833     4.6570     0.0688     0.1315    34.1905    34.1883    8.14939         38 0.0000e+00
    297.000    293.718    -0.4381  28.194509    -0.4369  28.193819     4.9433     5.1230     0.0061    98.1542 1.0000e-12  -73.95504 -113.31299  39.613412      13.46 1.1653e+02    602.810      14468  1028.8907  1028.8888     4.6563     0.0691     0.1323    34.1916    34.1893    8.14873         31 0.0000e+00
    298.000    294.707    -0.4331  28.200764    -0.4312  28.200731     4.9395     5.1193     0.0319    98.1452 1.0000e-12  -73.95504 -113.31299  39.613443      12.43 1.1499e+02    605.479      14532  1028.8968  1028.8950     4.6559     0.0697     0.1354    34.1937    34.1916    8.14753         35 0.0000e+00
    299.000    295.698    -0.4246  28.210991    -0.4229  28.210750     4.9371     5.1116    -0.0030    98.1373 1.0000e-12  -73.95504 -113.31298  39.613477      11.40 1.1565e+02    608.371      14602  1028.9039  1028.9020     4.6554     0.0671     0.1317    34.1973    34.1951    8.14550         34 0.0000e+00
    300.000    296.684    -0.4166  28.220421    -0.4167  28.218404     4.9375     5.1110     0.0142    98.1693 1.0000e-12  -73.95504 -113.31298  39.613522      10.33 1.1492e+02    612.265      14695  1028.9106  1028.9086     4.6570     0.0685     0.1304    34.2003    34.1977    8.14361         31 0.0000e+00
    301.000    297.673    -0.4159  28.221558    -0.4146  28.221019     4.9372     5.1105     0.0082    98.1637 1.0000e-12  -73.95504 -113.31299  39.613595       9.28 1.1466e+02    618.584      14847  1028.9157  1028.9138     4.6566     0.0678     0.1320    34.2004    34.1983    8.14345         27 0.0000e+00
    302.000    298.662    -0.4145  28.223500    -0.4131  28.223049     4.9372     5.1070     0.0248    98.0260 1.0000e-12  -73.95504 -113.31299  39.613637       8.29 1.1432e+02    622.220      14934  1028.9208  1028.9189     4.6502     0.0686     0.1358    34.2009    34.1987    8.14314         27 0.0000e+00
    303.000    299.646    -0.4143  28.224236    -0.4129  28.223783     4.9325     5.1081     0.0102    98.1056 1.0000e-12  -73.95504 -113.31299  39.613680       7.23 1.1484e+02    625.975      15024  1028.9257  1028.9238     4.6540     0.0685     0.1336    34.2011    34.1988    8.14309         29 0.0000e+00
    304.000    300.641    -0.4145  28.224424    -0.4129  28.224110     4.9386     5.1090     0.0508    98.0882 1.0000e-12  -73.95504 -113.31299  39.613721       6.22 1.1436e+02    629.504      15109  1028.9303  1028.9285     4.6531     0.0682     0.1327    34.2009    34.1987    8.14313         32 0.0000e+00
    305.000    301.622    -0.4123  28.227489    -0.4111  28.226627     4.9314     5.1079    -0.0055    98.1567 1.0000e-12  -73.95504 -113.31299  39.613762       5.19 1.1420e+02    633.060      15194  1028.9358  1028.9338     4.6565     0.0710     0.1321    34.2020    34.1995    8.14261         32 0.0000e+00
    306.000    302.611    -0.4130  28.227208    -0.4112  28.227142     4.9324     5.1081     0.0025    98.1401 1.0000e-12  -73.95504 -113.31300  39.613934       4.12 1.1426e+02    647.899      15551  1028.9405  1028.9387     4.6556     0.0685     0.1333    34.2017    34.1996    8.14276         38 0.0000e+00
    307.000    303.601    -0.4113  28.229497    -0.4097  28.229216     4.9311     5.1015     0.0039    98.1249 1.0000e-12  -73.95504 -113.31300  39.614061       3.14 1.1401e+02    658.832      15813  1028.9455  1028.9438     4.6549     0.0700     0.1352    34.2023    34.2002    8.14236         46 0.0000e+00
    308.000    304.589    -0.4111  28.230161    -0.4098  28.229727     4.9193     5.1058     0.0315    98.1452 1.0000e-12  -73.95504 -113.31300  39.614102       1.82 1.1167e+02    662.431      15899  1028.9504  1028.9486     4.6563     0.0722     0.1332    34.2025    34.2003    8.14233          4 0.0000e+00
