ocean_section_plots/required_files/ctd/dnbp2202_ctd012.cnv
* Sea-Bird SBE 9 Data File:
* FileName = D:\Data\raw\NBP2202_CTD012.hex
* Software Version Seasave V 7.26.7.121
* Temperature SN = 1649
* Conductivity SN = 2513
* Number of Bytes Per Scan = 40
* Number of Voltage Words = 5
* Number of Scans Averaged by the Deck Unit = 1
* NMEA Latitude = 73 06.18 S
* NMEA Longitude = 113 50.46 W
* NMEA UTC (Time) = Jan 17 2022  00:41:22
* NMEA baud rate = 9600
** Ship: RVIB N.B. Palmer
** Cruise: NBP2202 Thwaites
** Station: #7
** Operator: A. Robinson
# nquan = 25
# nvalues = 526                         
# units = specified
# name 0 = prDM: Pressure, Digiquartz [db]
# name 1 = depSM: Depth [salt water, m]
# name 2 = t090C: Temperature [ITS-90, deg C]
# name 3 = c0mS/cm: Conductivity [mS/cm]
# name 4 = t190C: Temperature, 2 [ITS-90, deg C]
# name 5 = c1mS/cm: Conductivity, 2 [mS/cm]
# name 6 = sbeox0ML/L: Oxygen, SBE 43 [ml/l]
# name 7 = sbeox1ML/L: Oxygen, SBE 43, 2 [ml/l]
# name 8 = flECO-AFL: Fluorescence, WET Labs ECO-AFL/FL [mg/m^3]
# name 9 = CStarTr0: Beam Transmission, WET Labs C-Star [%]
# name 10 = par: PAR/Irradiance, Biospherical/Licor
# name 11 = latitude: Latitude [deg]
# name 12 = longitude: Longitude [deg]
# name 13 = timeJ: Julian Days
# name 14 = altM: Altimeter [m]
# name 15 = spar: SPAR, Biospherical/Licor
# name 16 = timeS: Time, Elapsed [seconds]
# name 17 = scan: Scan Count
# name 18 = density00: Density [density, kg/m^3]
# name 19 = density11: Density, 2 [density, kg/m^3]
# name 20 = sal00: Salinity, Practical [PSU]
# name 21 = sal11: Salinity, Practical, 2 [PSU]
# name 22 = oxsolML/L: Oxygen Saturation, Garcia & Gordon [ml/l]
# name 23 = nbin: number of scans per bin
# name 24 = flag: flag
# span 0 =      2.000,    527.000       
# span 1 =      1.983,    520.893       
# span 2 =    -1.5454,     0.5301       
# span 3 =  27.054631,  29.403373       
# span 4 =    -1.5448,     0.5325       
# span 5 =  27.054306,  29.403110       
# span 6 =     4.5302,     8.7118       
# span 7 =     4.8303,     9.2159       
# span 8 =    -0.0152,    23.4656       
# span 9 =    70.6608,    97.7473       
# span 10 = -1.924e-05, 1.4911e+02      
# span 11 =  -73.10306,  -73.10302      
# span 12 = -113.84108, -113.84100      
# span 13 =  17.031253,  17.040288      
# span 14 =       2.77,     103.56      
# span 15 = 6.4035e+02, 1.7872e+03      
# span 16 =    218.216,    998.903      
# span 17 =       5238,      23975      
# span 18 =  1027.2336,  1030.2178      
# span 19 =  1027.2331,  1030.2153      
# span 20 =    33.8806,    34.5682      
# span 21 =    33.8798,    34.5651      
# span 22 =    7.92459,    8.40427      
# span 23 =          2,         51      
# span 24 = 0.0000e+00, 0.0000e+00      
# interval = decibars: 1                
# start_time = Jan 17 2022 00:41:22 [NMEA time, header]
# bad_flag = -9.990e-29
*END*
[from data line 348]
    350.000    346.104    -0.8388  27.901460    -0.8362  27.901102     5.5889     5.9234    -0.0033    97.6178 1.0000e-12  -73.10304 -113.84104  17.037098      94.49 8.8571e+02    723.236      17359  1029.1814  1029.1785    34.2168    34.2134    8.23405         34 0.0000e+00
    351.000    347.091    -0.8223  27.917493    -0.8200  27.916885     5.5576     5.8850     0.0075    97.6244 1.0000e-12  -73.10304 -113.84104  17.037115      91.84 8.5999e+02    724.718      17394  1029.1873  1029.1845    34.2192    34.2158    8.23029         32 0.0000e+00
    352.000    348.078    -0.8017  27.937528    -0.7988  27.936986     5.5328     5.8559     0.0023    97.6450 1.0000e-12  -73.10304 -113.84104  17.037129     100.12 8.4326e+02    725.973      17424  1029.1936  1029.1902    34.2224    34.2184    8.22562         26 0.0000e+00
    353.000    349.069    -0.7767  27.960660    -0.7749  27.959968     5.5219     5.8524    -0.0004    97.6479 1.0000e-12  -73.10304 -113.84104  17.037141      99.90 8.3334e+02    726.963      17448  1029.1987  1029.1962    34.2248    34.2218    8.22002         23 0.0000e+00
    354.000    350.054    -0.7749  27.963162    -0.7731  27.962669     5.5276     5.8488    -0.0035    97.6665 1.0000e-12  -73.10304 -113.84104  17.037152      99.90 8.2669e+02    727.899      17471  1029.2043  1029.2021    34.2255    34.2228    8.21959         23 0.0000e+00
    355.000    351.044    -0.7799  27.959719    -0.7783  27.959157     5.5320     5.8559    -0.0039    97.6624 1.0000e-12  -73.10304 -113.84104  17.037164      99.90 8.2048e+02    729.010      17497  1029.2101  1029.2080    34.2259    34.2233    8.22065         31 0.0000e+00
    356.000    352.031    -0.7831  27.957873    -0.7812  27.957411     5.5219     5.8416     0.0065    97.6720 1.0000e-12  -73.10304 -113.84104  17.037183      99.90 8.1229e+02    730.575      17535  1029.2160  1029.2136    34.2265    34.2236    8.22133         42 0.0000e+00
    357.000    353.019    -0.7716  27.969528    -0.7696  27.968776     5.5026     5.8226     0.0034    97.6700 1.0000e-12  -73.10304 -113.84104  17.037201      99.89 8.0751e+02    732.140      17572  1029.2220  1029.2192    34.2286    34.2253    8.21870         32 0.0000e+00
    358.000    354.009    -0.7542  27.986458    -0.7533  27.984635     5.4991     5.8140    -0.0078    97.6581 1.0000e-12  -73.10304 -113.84102  17.037213      99.90 8.0448e+02    733.240      17599  1029.2276  1029.2249    34.2311    34.2277    8.21475         22 0.0000e+00
    359.000    354.994    -0.7462  27.994322    -0.7446  27.993517     5.4974     5.8115    -0.0070    97.6593 1.0000e-12  -73.10304 -113.84104  17.037224      99.90 8.0144e+02    734.131      17620  1029.2328  1029.2304    34.2321    34.2292    8.21296         22 0.0000e+00
    360.000    355.983    -0.7402  28.000474    -0.7385  27.999588     5.4941     5.8103    -0.0006    97.6588 1.0000e-12  -73.10304 -113.84104  17.037236      99.89 7.9626e+02    735.150      17645  1029.2381  1029.2355    34.2330    34.2300    8.21160         28 0.0000e+00
    361.000    356.971    -0.7386  28.002293    -0.7370  28.001542     5.4861     5.8003    -0.0034    97.6588 1.0000e-12  -73.10304 -113.84104  17.037252      99.61 7.9023e+02    736.593      17679  1029.2432  1029.2408    34.2331    34.2303    8.21126         36 0.0000e+00
    362.000    357.959    -0.7356  28.005776    -0.7333  28.005658     5.4699     5.7923    -0.0078    97.6567 1.0000e-12  -73.10304 -113.84104  17.037271      93.16 7.8635e+02    738.188      17718  1029.2485  1029.2462    34.2338    34.2311    8.21057         35 0.0000e+00
    363.000    358.947    -0.7267  28.014892    -0.7240  28.015052     5.4464     5.7668    -0.0077    97.6523 1.0000e-12  -73.10304 -113.84104  17.037285      99.98 7.8246e+02    739.433      17747  1029.2541  1029.2516    34.2355    34.2326    8.20854         25 0.0000e+00
    364.000    359.936    -0.7123  28.029006    -0.7124  28.025924     5.4147     5.7375    -0.0074    97.6257 1.0000e-12  -73.10304 -113.84104  17.037297      99.89 7.8111e+02    740.454      17772  1029.2597  1029.2564    34.2377    34.2335    8.20528         25 0.0000e+00
    365.000    360.924    -0.6729  28.065840    -0.6701  28.064828     5.3713     5.6934     0.0059    97.6293 1.0000e-12  -73.10304 -113.84104  17.037310      99.90 7.8102e+02    741.592      17799  1029.2651  1029.2613    34.2421    34.2376    8.19646         29 0.0000e+00
    366.000    361.911    -0.6469  28.091916    -0.6437  28.091320     5.3383     5.6600     0.0082    97.6284 1.0000e-12  -73.10304 -113.84104  17.037324      99.90 7.8121e+02    742.768      17827  1029.2724  1029.2686    34.2474    34.2429    8.19054         28 0.0000e+00
    367.000    362.899    -0.5926  28.143785    -0.5905  28.142256     5.3144     5.6340    -0.0003    97.6388 1.0000e-12  -73.10304 -113.84105  17.037336      99.90 7.8138e+02    743.862      17854  1029.2795  1029.2758    34.2552    34.2508    8.17833         25 0.0000e+00
    368.000    363.886    -0.5886  28.147793    -0.5887  28.144788     5.3036     5.6136     0.0007    97.6249 1.0000e-12  -73.10304 -113.84106  17.037349      99.90 7.7961e+02    744.942      17880  1029.2846  1029.2815    34.2554    34.2516    8.17745         27 0.0000e+00
    369.000    364.875    -0.5573  28.177458    -0.5554  28.176169     5.2978     5.6060     0.0127    97.6405 1.0000e-12  -73.10304 -113.84106  17.037363      99.90 7.7880e+02    746.152      17909  1029.2906  1029.2873    34.2595    34.2555    8.17048         31 0.0000e+00
    370.000    365.863    -0.5561  28.178848    -0.5544  28.177868     5.2897     5.6049     0.0070    97.6498 1.0000e-12  -73.10304 -113.84106  17.037379      99.89 7.7696e+02    747.540      17942  1029.2958  1029.2931    34.2593    34.2561    8.17022         32 0.0000e+00
    371.000    366.851    -0.5529  28.182275    -0.5517  28.180944     5.2826     5.5968     0.0041    97.6463 1.0000e-12  -73.10304 -113.84105  17.037393      99.90 7.7399e+02    748.794      17972  1029.3011  1029.2985    34.2598    34.2566    8.16951         26 0.0000e+00
    372.000    367.839    -0.5500  28.185529    -0.5478  28.185198     5.2840     5.5870    -0.0043    97.6456 1.0000e-12  -73.10304 -113.84105  17.037405      83.79 7.7228e+02    749.800      17996  1029.3063  1029.3038    34.2602    34.2573    8.16885         23 0.0000e+00
    373.000    368.827    -0.5420  28.193837    -0.5400  28.193101     5.2816     5.5830    -0.0005    97.6595 1.0000e-12  -73.10304 -113.84106  17.037415      95.96 7.7140e+02    750.696      18018  1029.3119  1029.3092    34.2618    34.2586    8.16704         21 0.0000e+00
    374.000    369.815    -0.5323  28.203474    -0.5297  28.203194     5.2784     5.5738     0.0026    97.6606 1.0000e-12  -73.10304 -113.84106  17.037427      99.23 7.7042e+02    751.690      18042  1029.3174  1029.3145    34.2632    34.2598    8.16488         28 0.0000e+00
    375.000    370.803    -0.5210  28.214843    -0.5188  28.214080     5.2644     5.5630     0.0114    97.6631 1.0000e-12  -73.10304 -113.84106  17.037445      99.91 7.7209e+02    753.220      18078  1029.3231  1029.3202    34.2650    34.2616    8.16232         36 0.0000e+00
    376.000    371.791    -0.5114  28.224020    -0.5095  28.223239     5.2601     5.5601     0.0078    97.6593 1.0000e-12  -73.10304 -113.84106  17.037465      99.90 7.7699e+02    754.994      18121  1029.3282  1029.3256    34.2659    34.2628    8.16020         33 0.0000e+00
    377.000    372.778    -0.5089  28.226936    -0.5070  28.226107     5.2605     5.5593    -0.0075    97.6532 1.0000e-12  -73.10304 -113.84106  17.037479      99.89 7.8023e+02    756.175      18149  1029.3335  1029.3308    34.2664    34.2633    8.15964         24 0.0000e+00
    378.000    373.766    -0.5074  28.228764    -0.5054  28.228209     5.2542     5.5567    -0.0070    97.6611 1.0000e-12  -73.10304 -113.84104  17.037489      99.89 7.8180e+02    757.041      18170  1029.3384  1029.3359    34.2666    34.2636    8.15931         20 0.0000e+00
    379.000    374.754    -0.5046  28.232078    -0.5031  28.230968     5.2550     5.5579     0.0930    97.6417 1.0000e-12  -73.10304 -113.84105  17.037499      99.89 7.8501e+02    757.901      18191  1029.3436  1029.3410    34.2673    34.2641    8.15867         21 0.0000e+00
    380.000    375.742    -0.5006  28.236265    -0.4986  28.235563     5.2554     5.5540     0.0124    97.6224 1.0000e-12  -73.10304 -113.84106  17.037512      99.90 7.8825e+02    759.074      18219  1029.3487  1029.3460    34.2678    34.2647    8.15777         34 0.0000e+00
    381.000    376.729    -0.4976  28.239811    -0.4958  28.238818     5.2316     5.5357     0.0016    97.6227 1.0000e-12  -73.10304 -113.84106  17.037533      99.89 7.9146e+02    760.869      18262  1029.3541  1029.3513    34.2686    34.2652    8.15710         40 0.0000e+00
    382.000    377.718    -0.4766  28.260846    -0.4744  28.260174     5.2183     5.5185     0.0006    97.6328 1.0000e-12  -73.10304 -113.84106  17.037551      99.90 7.9177e+02    762.423      18299  1029.3605  1029.3576    34.2726    34.2691    8.15236         30 0.0000e+00
    383.000    378.705    -0.4704  28.267676    -0.4683  28.267264     5.2073     5.5090    -0.0073    97.6095 1.0000e-12  -73.10304 -113.84104  17.037564      86.40 7.9426e+02    763.513      18325  1029.3662  1029.3637    34.2741    34.2711    8.15093         22 0.0000e+00
    384.000    379.694    -0.4613  28.277628    -0.4587  28.277276     5.1946     5.4952     0.0072    97.6085 1.0000e-12  -73.10304 -113.84104  17.037574      95.51 7.9641e+02    764.368      18346  1029.3723  1029.3695    34.2766    34.2732    8.14884         20 0.0000e+00
    385.000    380.683    -0.4506  28.288700    -0.4483  28.288048     5.1825     5.4815     0.0045    97.6137 1.0000e-12  -73.10304 -113.84104  17.037584      99.89 7.9711e+02    765.268      18367  1029.3781  1029.3752    34.2788    34.2753    8.14642         24 0.0000e+00
    386.000    381.669    -0.4366  28.302714    -0.4344  28.301810     5.1761     5.4764    -0.0085    97.6133 1.0000e-12  -73.10304 -113.84104  17.037598      99.90 7.9611e+02    766.444      18396  1029.3839  1029.3807    34.2812    34.2775    8.14328         35 0.0000e+00
    387.000    382.657    -0.4280  28.311527    -0.4261  28.310681     5.1589     5.4525    -0.0038    97.6236 1.0000e-12  -73.10304 -113.84105  17.037618      99.90 7.9216e+02    768.196      18438  1029.3895  1029.3867    34.2826    34.2794    8.14134         44 0.0000e+00
    388.000    383.645    -0.4100  28.330012    -0.4077  28.329144     5.1334     5.4342     0.0009    97.6153 1.0000e-12  -73.10304 -113.84104  17.037637      99.89 7.9266e+02    769.871      18478  1029.3961  1029.3930    34.2865    34.2828    8.13726         30 0.0000e+00
    389.000    384.633    -0.3919  28.348052    -0.3899  28.347312     5.1176     5.4183     0.0005    97.6200 1.0000e-12  -73.10304 -113.84104  17.037650      99.90 7.9551e+02    770.987      18505  1029.4021  1029.3995    34.2897    34.2864    8.13321         23 0.0000e+00
    390.000    385.620    -0.3828  28.358018    -0.3804  28.357447     5.1107     5.4050    -0.0079    97.5998 1.0000e-12  -73.10304 -113.84104  17.037660      99.88 7.9670e+02    771.818      18525  1029.4083  1029.4053    34.2921    34.2886    8.13112         19 0.0000e+00
    391.000    386.609    -0.3684  28.372668    -0.3659  28.372164     5.0979     5.3903    -0.0123    97.6310 1.0000e-12  -73.10304 -113.84104  17.037669      99.90 7.9630e+02    772.626      18544  1029.4143  1029.4113    34.2950    34.2914    8.12789         20 0.0000e+00
    392.000    387.598    -0.3529  28.388456    -0.3504  28.387725     5.1069     5.3887    -0.0094    97.5875 1.0000e-12  -73.10304 -113.84104  17.037682      99.89 7.9436e+02    773.720      18570  1029.4205  1029.4172    34.2980    34.2941    8.12441         31 0.0000e+00
    393.000    388.585    -0.3451  28.397362    -0.3430  28.396784     5.0931     5.3886     0.0038    97.5708 1.0000e-12  -73.10304 -113.84104  17.037705      84.22 7.9363e+02    775.674      18617  1029.4271  1029.4245    34.3005    34.2973    8.12259         40 0.0000e+00
    394.000    389.571    -0.3402  28.403273    -0.3381  28.402626     5.0933     5.3833    -0.0065    97.5635 1.0000e-12  -73.10304 -113.84104  17.037721      91.79 7.9788e+02    777.109      18652  1029.4332  1029.4305    34.3022    34.2990    8.12144         27 0.0000e+00
    395.000    390.560    -0.3375  28.406493    -0.3352  28.405902     5.0918     5.3772    -0.0070    97.5492 1.0000e-12  -73.10304 -113.84104  17.037732      99.95 7.9984e+02    778.069      18675  1029.4384  1029.4356    34.3029    34.2995    8.12083         20 0.0000e+00
    396.000    391.547    -0.3351  28.409045    -0.3330  28.408451     5.0886     5.3798    -0.0146    97.5345 1.0000e-12  -73.10304 -113.84103  17.037742      99.89 7.9878e+02    778.870      18694  1029.4433  1029.4406    34.3031    34.2999    8.12031         19 0.0000e+00
    397.000    392.535    -0.3307  28.414054    -0.3281  28.413778     5.0864     5.3734    -0.0072    97.5402 1.0000e-12  -73.10304 -113.84103  17.037751      99.89 7.9724e+02    779.729      18714  1029.4487  1029.4460    34.3041    34.3009    8.11930         23 0.0000e+00
    398.000    393.524    -0.3264  28.418884    -0.3238  28.418198     5.0721     5.3574     0.0065    97.5378 1.0000e-12  -73.10304 -113.84104  17.037767      99.90 7.9709e+02    781.069      18747  1029.4541  1029.4509    34.3052    34.3014    8.11833         40 0.0000e+00
    399.000    394.512    -0.3068  28.438911    -0.3048  28.437866     5.0529     5.3423    -0.0049    97.5384 1.0000e-12  -73.10304 -113.84104  17.037788      99.89 8.0104e+02    782.866      18790  1029.4608  1029.4577    34.3093    34.3056    8.11392         33 0.0000e+00
    400.000    395.499    -0.2919  28.454884    -0.2894  28.454218     5.0443     5.3345     0.0014    97.5388 1.0000e-12  -73.10304 -113.84104  17.037804      99.89 8.0402e+02    784.245      18823  1029.4677  1029.4645    34.3132    34.3095    8.11053         27 0.0000e+00
    401.000    396.487    -0.2806  28.466681    -0.2782  28.466300     5.0375     5.3306    -0.0023    97.5298 1.0000e-12  -73.10304 -113.84102  17.037815      99.90 8.0514e+02    785.210      18846  1029.4735  1029.4708    34.3156    34.3124    8.10797         20 0.0000e+00
    402.000    397.475    -0.2771  28.470652    -0.2748  28.470076     5.0397     5.3242    -0.0039    97.5381 1.0000e-12  -73.10304 -113.84104  17.037825      99.89 8.0579e+02    786.081      18867  1029.4788  1029.4759    34.3164    34.3130    8.10719         23 0.0000e+00
    403.000    398.463    -0.2720  28.475902    -0.2699  28.475254     5.0343     5.3188    -0.0014    97.5250 1.0000e-12  -73.10304 -113.84104  17.037838      99.90 8.0761e+02    787.162      18893  1029.4839  1029.4812    34.3171    34.3139    8.10607         31 0.0000e+00
    404.000    399.449    -0.2684  28.479969    -0.2663  28.479301     5.0276     5.3163     0.0012    97.5173 1.0000e-12  -73.10304 -113.84104  17.037855      93.03 8.1070e+02    788.706      18930  1029.4893  1029.4865    34.3179    34.3146    8.10526         36 0.0000e+00
    405.000    400.437    -0.2662  28.482587    -0.2640  28.482103     5.0270     5.3227    -0.0090    97.5144 1.0000e-12  -73.10304 -113.84104  17.037873      89.65 8.1365e+02    790.190      18966  1029.4944  1029.4917    34.3182    34.3152    8.10476         31 0.0000e+00
    406.000    401.424    -0.2642  28.485136    -0.2621  28.484602     5.0197     5.3097    -0.0113    97.5054 1.0000e-12  -73.10304 -113.84104  17.037886     100.20 8.1448e+02    791.325      18993  1029.4996  1029.4970    34.3188    34.3158    8.10431         23 0.0000e+00
