ocean_section_plots/required_files/ctd/dnbp2202_ctd176.cnv
* Sea-Bird SBE 9 Data File:
* FileName = D:\Data\raw\NBP2202_CTD176.hex
* Software Version Seasave V 7.26.7.121
* Temperature SN = 1649
* Conductivity SN = 2513
* Number of Bytes Per Scan = 40
* Number of Voltage Words = 5
* Number of Scans Averaged by the Deck Unit = 1
* NMEA Latitude = 74 01.77 S
* NMEA Longitude = 111 08.42 W
* NMEA UTC (Time) = Feb 03 2022  20:53:42
* NMEA baud rate = 9600
** Ship: RVIB N.B. Palmer
** Cruise: NBP2202 Thwaites
** Station: 98
** Operator: A. Robinson
# nquan = 28
# nvalues = 490                         
# units = specified
# name 0 = prDM: Pressure, Digiquartz [db]
# name 1 = depSM: Depth [salt water, m]
# name 2 = t090C: Temperature [ITS-90, deg C]
# name 3 = c0mS/cm: Conductivity [mS/cm]
# name 4 = t190C: Temperature, 2 [ITS-90, deg C]
# name 5 = c1mS/cm: Conductivity, 2 [mS/cm]
# name 6 = sbeox0ML/L: Oxygen, SBE 43 [ml/l]
# name 7 = sbeox1ML/L: Oxygen, SBE 43, 2 [ml/l]
# name 8 = flECO-AFL: Fluorescence, WET Labs ECO-AFL/FL [mg/m^3]
# name 9 = CStarTr0: Beam Transmission, WET Labs C-Star [%]
# name 10 = par: PAR/Irradiance, Biospherical/Licor
# name 11 = latitude: Latitude [deg]
# name 12 = longitude: Longitude [deg]
# name 13 = timeJ: Julian Days
# name 14 = altM: Altimeter [m]
# name 15 = spar: SPAR, Biospherical/Licor
# name 16 = timeS: Time, Elapsed [seconds]
# name 17 = scan: Scan Count
# name 18 = density00: Density [density, kg/m^3]
# name 19 = density11: Density, 2 [density, kg/m^3]
# name 20 = v3: Voltage 3
# name 21 = v4: Voltage 4
# name 22 = v5: Voltage 5
# name 23 = sal00: Salinity, Practical [PSU]
# name 24 = sal11: Salinity, Practical, 2 [PSU]
# name 25 = oxsolML/L: Oxygen Saturation, Garcia & Gordon [ml/l]
# name 26 = nbin: number of scans per bin
# name 27 = flag: flag
# span 0 =      2.000,    491.000       
# span 1 =      1.985,    485.346       
# span 2 =    -1.5226,     0.1305       
# span 3 =  26.984131,  28.952749       
# span 4 =    -1.5232,     0.1328       
# span 5 =  26.984259,  28.952719       
# span 6 =     4.8170,     7.6018       
# span 7 =     4.9408,     7.5467       
# span 8 =    -0.0174,     8.2597       
# span 9 =    85.2311,    99.1223       
# span 10 = -1.944e-06, 1.1035e+03      
# span 11 =  -74.02952,  -74.02952      
# span 12 = -111.14045, -111.14040      
# span 13 =  34.873610,  34.880756      
# span 14 =       8.95,     105.64      
# span 15 = 1.7611e+03, 1.7699e+03      
# span 16 =    257.924,    875.348      
# span 17 =       6191,      21009      
# span 18 =  1027.1748,  1029.9798      
# span 19 =  1027.1773,  1029.9776      
# span 20 =     4.0435,     4.7022      
# span 21 =     0.0651,     1.1282      
# span 22 =     0.1117,     0.1577      
# span 23 =    33.7696,    34.4480      
# span 24 =    33.7729,    34.4453      
# span 25 =    8.01386,    8.39842      
# span 26 =          7,         57      
# span 27 = 0.0000e+00, 0.0000e+00      
# interval = decibars: 1                
# start_time = Feb 03 2022 20:53:42 [NMEA time, header]
# bad_flag = -9.990e-29
*END*
[from data line 311]
    313.000    309.528    -1.0248  27.699166    -1.0239  27.698535     5.8900     6.0582    -0.0077    98.9728 1.0000e-12  -74.02952 -111.14042  34.877746      99.63 1.7679e+03    615.251      14767  1028.9826  1028.9811     4.6951     0.0697     0.1188    34.1756    34.1737    8.27727         25 0.0000e+00
    314.000    310.517    -1.0154  27.708994    -1.0133  27.709370     5.8758     6.0362     0.0068    98.9413 1.0000e-12  -74.02952 -111.14042  34.877757      90.60 1.7667e+03    616.241      14791  1028.9885  1028.9869     4.6936     0.0681     0.1181    34.1777    34.1758    8.27507         23 0.0000e+00
    315.000    311.504    -1.0049  27.719530    -1.0030  27.719662     5.8633     6.0258    -0.0065    98.9430 1.0000e-12  -74.02952 -111.14042  34.877769      99.70 1.7661e+03    617.227      14814  1028.9942  1028.9925     4.6936     0.0697     0.1190    34.1795    34.1776    8.27266         24 0.0000e+00
    316.000    312.494    -0.9899  27.734334    -0.9881  27.734453     5.8557     6.0220    -0.0077    98.9282 1.0000e-12  -74.02952 -111.14042  34.877780      99.72 1.7653e+03    618.217      14838  1029.0000  1028.9984     4.6930     0.0711     0.1196    34.1819    34.1801    8.26920         24 0.0000e+00
    317.000    313.480    -0.9859  27.738332    -0.9850  27.737757     5.8467     6.0106    -0.0077    98.9365 1.0000e-12  -74.02952 -111.14042  34.877792      99.73 1.7661e+03    619.209      14862  1029.0049  1029.0034     4.6934     0.0705     0.1187    34.1822    34.1804    8.26830         23 0.0000e+00
    318.000    314.470    -0.9805  27.744392    -0.9795  27.743832     5.8283     5.9955     0.0009    98.9118 1.0000e-12  -74.02952 -111.14042  34.877803      99.72 1.7657e+03    620.195      14886  1029.0106  1029.0091     4.6922     0.0691     0.1175    34.1837    34.1818    8.26703         24 0.0000e+00
    319.000    315.457    -0.9672  27.758194    -0.9656  27.757737     5.8065     5.9759    -0.0001    98.9098 1.0000e-12  -74.02952 -111.14042  34.877815      99.73 1.7658e+03    621.196      14910  1029.0171  1029.0151     4.6921     0.0703     0.1223    34.1868    34.1844    8.26393         24 0.0000e+00
    320.000    316.445    -0.9452  27.779701    -0.9415  27.781167     5.7982     5.9661    -0.0076    98.9059 1.0000e-12  -74.02952 -111.14042  34.877826      99.72 1.7654e+03    622.197      14934  1029.0234  1029.0215     4.6919     0.0717     0.1201    34.1905    34.1883    8.25888         25 0.0000e+00
    321.000    317.434    -0.9341  27.790319    -0.9326  27.790179     5.7853     5.9520    -0.0101    98.8941 1.0000e-12  -74.02952 -111.14040  34.877838      99.72 1.7664e+03    623.196      14958  1029.0287  1029.0271     4.6913     0.0713     0.1234    34.1917    34.1899    8.25637         24 0.0000e+00
    322.000    318.422    -0.9291  27.795835    -0.9280  27.795089     5.7699     5.9355    -0.0119    98.8780 1.0000e-12  -74.02952 -111.14042  34.877850      99.72 1.7664e+03    624.204      14982  1029.0342  1029.0324     4.6907     0.0699     0.1205    34.1929    34.1907    8.25519         24 0.0000e+00
    323.000    319.410    -0.9154  27.810143    -0.9144  27.809003     5.7524     5.9176    -0.0010    98.8558 1.0000e-12  -74.02952 -111.14040  34.877861      99.73 1.7662e+03    625.209      15006  1029.0409  1029.0387     4.6895     0.0690     0.1215    34.1962    34.1935    8.25200         23 0.0000e+00
    324.000    320.398    -0.8982  27.826587    -0.8966  27.826457     5.7482     5.9093    -0.0071    98.8574 1.0000e-12  -74.02952 -111.14042  34.877873      99.72 1.7663e+03    626.210      15030  1029.0464  1029.0447     4.6896     0.0712     0.1236    34.1984    34.1964    8.24810         25 0.0000e+00
    325.000    321.386    -0.8933  27.831639    -0.8922  27.831163     5.7438     5.9091     0.0067    98.8445 1.0000e-12  -74.02952 -111.14040  34.877884      99.72 1.7650e+03    627.213      15054  1029.0517  1029.0501     4.6890     0.0711     0.1210    34.1992    34.1972    8.24700         24 0.0000e+00
    326.000    322.374    -0.8901  27.835280    -0.8887  27.835203     5.7337     5.9035     0.0069    98.8539 1.0000e-12  -74.02952 -111.14042  34.877896      99.73 1.7650e+03    628.218      15078  1029.0571  1029.0556     4.6894     0.0712     0.1206    34.1999    34.1981    8.24625         24 0.0000e+00
    327.000    323.364    -0.8868  27.839157    -0.8851  27.839124     5.7163     5.8886     0.0009    98.8379 1.0000e-12  -74.02952 -111.14040  34.877908      95.55 1.7646e+03    629.210      15102  1029.0626  1029.0609     4.6887     0.0721     0.1235    34.2008    34.1988    8.24548         23 0.0000e+00
    328.000    324.349    -0.8711  27.855987    -0.8696  27.855200     5.6942     5.8619     0.0049    98.8235 1.0000e-12  -74.02952 -111.14042  34.877919      99.11 1.7639e+03    630.207      15126  1029.0699  1029.0676     4.6880     0.0704     0.1222    34.2052    34.2025    8.24178         25 0.0000e+00
    329.000    325.338    -0.8496  27.877578    -0.8480  27.877052     5.6834     5.8462    -0.0019    98.8379 1.0000e-12  -74.02952 -111.14040  34.877931      99.73 1.7634e+03    631.203      15150  1029.0767  1029.0746     4.6887     0.0716     0.1232    34.2094    34.2069    8.23682         23 0.0000e+00
    330.000    326.326    -0.8286  27.898689    -0.8271  27.898118     5.6758     5.8416    -0.0077    98.8368 1.0000e-12  -74.02952 -111.14042  34.877942      99.72 1.7633e+03    632.188      15174  1029.0835  1029.0815     4.6886     0.0687     0.1227    34.2137    34.2113    8.23199         24 0.0000e+00
    331.000    327.316    -0.8284  27.899047    -0.8253  27.900420     5.6566     5.8222    -0.0077    98.8272 1.0000e-12  -74.02952 -111.14040  34.877953      99.73 1.7642e+03    633.183      15197  1029.0884  1029.0868     4.6882     0.0707     0.1229    34.2134    34.2116    8.23198         24 0.0000e+00
    332.000    328.302    -0.8177  27.910073    -0.8164  27.909419     5.6485     5.8027    -0.0101    98.7974 1.0000e-12  -74.02952 -111.14042  34.877965      99.72 1.7631e+03    634.178      15221  1029.0944  1029.0925     4.6867     0.0709     0.1233    34.2155    34.2132    8.22951         24 0.0000e+00
    333.000    329.292    -0.8015  27.926476    -0.8004  27.925672     5.6436     5.8021    -0.0137    98.7832 1.0000e-12  -74.02952 -111.14040  34.877976      99.72 1.7631e+03    635.162      15245  1029.1008  1029.0988     4.6861     0.0703     0.1229    34.2188    34.2164    8.22578         23 0.0000e+00
    334.000    330.279    -0.7933  27.934686    -0.7922  27.933978     5.6226     5.7841    -0.0070    98.7205 1.0000e-12  -74.02952 -111.14042  34.877988      99.73 1.7639e+03    636.153      15269  1029.1062  1029.1044     4.6831     0.0706     0.1249    34.2200    34.2178    8.22392         24 0.0000e+00
    335.000    331.266    -0.7873  27.940966    -0.7859  27.940534     5.5984     5.7622    -0.0004    98.7844 1.0000e-12  -74.02952 -111.14040  34.877999      99.73 1.7633e+03    637.148      15293  1029.1117  1029.1099     4.6861     0.0696     0.1238    34.2211    34.2189    8.22254         24 0.0000e+00
    336.000    332.253    -0.7641  27.965376    -0.7626  27.964063     5.5777     5.7426    -0.0078    98.7592 1.0000e-12  -74.02952 -111.14042  34.878011      99.72 1.7638e+03    638.139      15316  1029.1199  1029.1169     4.6850     0.0722     0.1255    34.2273    34.2237    8.21714         23 0.0000e+00
    337.000    333.244    -0.7285  28.000331    -0.7285  27.997945     5.5693     5.7245    -0.0077    98.7481 1.0000e-12  -74.02952 -111.14040  34.878022      99.72 1.7646e+03    639.136      15340  1029.1273  1029.1247     4.6844     0.0694     0.1272    34.2336    34.2304    8.20902         25 0.0000e+00
    338.000    334.230    -0.7246  28.004496    -0.7248  28.002328     5.5603     5.7209    -0.0019    98.7221 1.0000e-12  -74.02952 -111.14042  34.878034      99.72 1.7639e+03    640.143      15364  1029.1326  1029.1305     4.6832     0.0687     0.1251    34.2342    34.2315    8.20815         24 0.0000e+00
    339.000    335.220    -0.7169  28.012304    -0.7158  28.011760     5.5546     5.7130    -0.0059    98.6931 1.0000e-12  -74.02952 -111.14040  34.878046      73.58 1.7640e+03    641.145      15388  1029.1382  1029.1365     4.6818     0.0687     0.1256    34.2354    34.2334    8.20640         24 0.0000e+00
    340.000    336.208    -0.7144  28.015220    -0.7121  28.015831     5.5455     5.7015     0.0018    98.6941 1.0000e-12  -74.02952 -111.14042  34.878057      94.29 1.7646e+03    642.149      15413  1029.1435  1029.1419     4.6819     0.0702     0.1247    34.2359    34.2342    8.20583         24 0.0000e+00
    341.000    337.195    -0.7052  28.025427    -0.7032  28.025144     5.5313     5.6924    -0.0004    98.6855 1.0000e-12  -74.02952 -111.14040  34.878069      97.44 1.7646e+03    643.155      15437  1029.1501  1029.1478     4.6815     0.0700     0.1246    34.2387    34.2361    8.20367         24 0.0000e+00
    342.000    338.183    -0.6930  28.038459    -0.6871  28.042005     5.5190     5.6807    -0.0010    98.7094 1.0000e-12  -74.02952 -111.14042  34.878081      99.74 1.7646e+03    644.155      15461  1029.1567  1029.1547     4.6826     0.0696     0.1246    34.2418    34.2400    8.20083         24 0.0000e+00
    343.000    339.170    -0.6764  28.054650    -0.6756  28.053497     5.5092     5.6669     0.0054    98.6865 1.0000e-12  -74.02952 -111.14042  34.878092      99.72 1.7646e+03    645.150      15485  1029.1624  1029.1604     4.6814     0.0695     0.1275    34.2444    34.2419    8.19709         24 0.0000e+00
    344.000    340.159    -0.6653  28.066115    -0.6643  28.065026     5.5014     5.6579    -0.0038    98.6576 1.0000e-12  -74.02952 -111.14042  34.878104      99.73 1.7645e+03    646.147      15509  1029.1685  1029.1663     4.6802     0.0713     0.1280    34.2466    34.2440    8.19455         24 0.0000e+00
    345.000    341.148    -0.6606  28.070901    -0.6586  28.070962     5.4972     5.6477    -0.0140    98.6704 1.0000e-12  -74.02952 -111.14042  34.878115      99.72 1.7642e+03    647.139      15532  1029.1736  1029.1718     4.6808     0.0697     0.1289    34.2472    34.2450    8.19350         24 0.0000e+00
    346.000    342.135    -0.6550  28.076575    -0.6541  28.075542     5.4924     5.6433    -0.0075    98.6579 1.0000e-12  -74.02952 -111.14042  34.878126      99.73 1.7651e+03    648.128      15556  1029.1788  1029.1769     4.6801     0.0690     0.1267    34.2479    34.2455    8.19226         24 0.0000e+00
    347.000    343.121    -0.6516  28.079639    -0.6504  28.079227     5.4933     5.6435    -0.0005    98.6440 1.0000e-12  -74.02952 -111.14042  34.878138      99.73 1.7651e+03    649.125      15580  1029.1833  1029.1817     4.6795     0.0710     0.1298    34.2476    34.2457    8.19154         24 0.0000e+00
    348.000    344.112    -0.6514  28.080268    -0.6499  28.080088     5.4894     5.6463    -0.0140    98.6108 1.0000e-12  -74.02952 -111.14042  34.878150      99.72 1.7648e+03    650.120      15604  1029.1883  1029.1866     4.6780     0.0704     0.1280    34.2476    34.2456    8.19149         23 0.0000e+00
    349.000    345.099    -0.6485  28.083631    -0.6492  28.081147     5.4906     5.6377    -0.0030    98.6322 1.0000e-12  -74.02952 -111.14042  34.878161      99.73 1.7657e+03    651.116      15628  1029.1935  1029.1916     4.6790     0.0696     0.1288    34.2482    34.2457    8.19082         24 0.0000e+00
    350.000    346.087    -0.6457  28.086632    -0.6458  28.084771     5.4890     5.6391    -0.0056    98.6319 1.0000e-12  -74.02952 -111.14042  34.878173      99.72 1.7657e+03    652.119      15652  1029.1985  1029.1966     4.6789     0.0726     0.1300    34.2486    34.2461    8.19021         24 0.0000e+00
    351.000    347.076    -0.6465  28.086311    -0.6442  28.086796     5.4875     5.6346    -0.0074    98.5917 1.0000e-12  -74.02952 -111.14042  34.878184      99.73 1.7644e+03    653.116      15676  1029.2034  1029.2017     4.6770     0.0706     0.1294    34.2484    34.2465    8.19038         24 0.0000e+00
    352.000    348.064    -0.6423  28.090678    -0.6406  28.090609     5.4806     5.6240    -0.0114    98.5652 1.0000e-12  -74.02952 -111.14042  34.878196      82.40 1.7640e+03    654.111      15700  1029.2083  1029.2067     4.6758     0.0680     0.1315    34.2489    34.2470    8.18944         24 0.0000e+00
    353.000    349.051    -0.6384  28.095169    -0.6368  28.094779     5.4666     5.6201    -0.0150    98.5726 1.0000e-12  -74.02952 -111.14042  34.878208      89.77 1.7636e+03    655.162      15725  1029.2138  1029.2119     4.6761     0.0681     0.1292    34.2499    34.2477    8.18854         27 0.0000e+00
    354.000    350.039    -0.6314  28.102346    -0.6295  28.102240     5.4636     5.6103    -0.0150    98.5683 1.0000e-12  -74.02952 -111.14042  34.878221      99.69 1.7639e+03    656.315      15753  1029.2191  1029.2171     4.6759     0.0697     0.1284    34.2511    34.2488    8.18695         28 0.0000e+00
    355.000    351.026    -0.6279  28.105933    -0.6266  28.105569     5.4537     5.6000    -0.0150    98.5764 1.0000e-12  -74.02952 -111.14042  34.878234      99.73 1.7635e+03    657.447      15780  1029.2240  1029.2223     4.6763     0.0715     0.1283    34.2514    34.2494    8.18619         27 0.0000e+00
    356.000    352.016    -0.6107  28.123762    -0.6095  28.122671     5.4487     5.5926    -0.0104    98.5632 1.0000e-12  -74.02952 -111.14042  34.878247      99.72 1.7620e+03    658.573      15807  1029.2307  1029.2284     4.6757     0.0701     0.1297    34.2554    34.2526    8.18224         27 0.0000e+00
    357.000    353.003    -0.6057  28.129116    -0.6044  28.128528     5.4417     5.5866    -0.0174    98.5674 1.0000e-12  -74.02952 -111.14042  34.878261      99.72 1.7634e+03    659.732      15835  1029.2360  1029.2342     4.6758     0.0689     0.1280    34.2563    34.2541    8.18110         28 0.0000e+00
    358.000    353.991    -0.6026  28.132560    -0.6012  28.132242     5.4451     5.5905    -0.0121    98.5631 1.0000e-12  -74.02952 -111.14042  34.878274      99.73 1.7630e+03    660.872      15862  1029.2411  1029.2394     4.6757     0.0696     0.1282    34.2568    34.2548    8.18040         27 0.0000e+00
    359.000    354.979    -0.6023  28.133846    -0.6011  28.133394     5.4525     5.5980    -0.0077    98.5610 1.0000e-12  -74.02952 -111.14042  34.878287      99.73 1.7627e+03    662.012      15889  1029.2467  1029.2450     4.6755     0.0698     0.1314    34.2576    34.2556    8.18029         28 0.0000e+00
    360.000    355.966    -0.6022  28.136382    -0.6009  28.135809     5.4486     5.5926    -0.0014    98.5208 1.0000e-12  -74.02952 -111.14042  34.878301      99.72 1.7646e+03    663.176      15917  1029.2537  1029.2519     4.6737     0.0705     0.1286    34.2603    34.2581    8.18011         27 0.0000e+00
    361.000    356.956    -0.6003  28.139020    -0.5986  28.138818     5.4379     5.5858    -0.0065    98.5186 1.0000e-12  -74.02952 -111.14042  34.878314      99.73 1.7641e+03    664.326      15945  1029.2591  1029.2572     4.6736     0.0695     0.1311    34.2611    34.2589    8.17966         28 0.0000e+00
    362.000    357.942    -0.5921  28.148033    -0.5892  28.148986     5.4350     5.5811    -0.0077    98.5269 1.0000e-12  -74.02952 -111.14040  34.878327      99.73 1.7635e+03    665.462      15972  1029.2651  1029.2633     4.6739     0.0708     0.1280    34.2634    34.2614    8.17776         27 0.0000e+00
    363.000    358.931    -0.5865  28.153876    -0.5840  28.154703     5.4193     5.5678    -0.0077    98.5296 1.0000e-12  -74.02952 -111.14041  34.878341      99.72 1.7646e+03    666.632      16000  1029.2703  1029.2688     4.6741     0.0691     0.1279    34.2643    34.2626    8.17650         29 0.0000e+00
