ocean_section_plots/required_files/ctd/dnbp2202_ctd189.cnv
* Sea-Bird SBE 9 Data File:
* FileName = D:\Data\raw\NBP2202_CTD189.hex
* Software Version Seasave V 7.26.7.121
* Temperature SN = 1649
* Conductivity SN = 2513
* Number of Bytes Per Scan = 40
* Number of Voltage Words = 5
* Number of Scans Averaged by the Deck Unit = 1
* NMEA Latitude = 74 10.40 S
* NMEA Longitude = 113 19.86 W
* NMEA UTC (Time) = Feb 07 2022  09:05:15
* NMEA baud rate = 9600
** Ship: RVIB N.B. Palmer
** Cruise: NBP2202 Thwaites
** Station: 110
** Operator: B Bjork
# nquan = 28
# nvalues = 651                         
# units = specified
# name 0 = prDM: Pressure, Digiquartz [db]
# name 1 = depSM: Depth [salt water, m]
# name 2 = t090C: Temperature [ITS-90, deg C]
# name 3 = c0mS/cm: Conductivity [mS/cm]
# name 4 = t190C: Temperature, 2 [ITS-90, deg C]
# name 5 = c1mS/cm: Conductivity, 2 [mS/cm]
# name 6 = sbeox0ML/L: Oxygen, SBE 43 [ml/l]
# name 7 = sbeox1ML/L: Oxygen, SBE 43, 2 [ml/l]
# name 8 = flECO-AFL: Fluorescence, WET Labs ECO-AFL/FL [mg/m^3]
# name 9 = CStarTr0: Beam Transmission, WET Labs C-Star [%]
# name 10 = par: PAR/Irradiance, Biospherical/Licor
# name 11 = latitude: Latitude [deg]
# name 12 = longitude: Longitude [deg]
# name 13 = timeJ: Julian Days
# name 14 = altM: Altimeter [m]
# name 15 = spar: SPAR, Biospherical/Licor
# name 16 = timeS: Time, Elapsed [seconds]
# name 17 = scan: Scan Count
# name 18 = density00: Density [density, kg/m^3]
# name 19 = density11: Density, 2 [density, kg/m^3]
# name 20 = v3: Voltage 3
# name 21 = v4: Voltage 4
# name 22 = v5: Voltage 5
# name 23 = sal00: Salinity, Practical [PSU]
# name 24 = sal11: Salinity, Practical, 2 [PSU]
# name 25 = oxsolML/L: Oxygen Saturation, Garcia & Gordon [ml/l]
# name 26 = nbin: number of scans per bin
# name 27 = flag: flag
# span 0 =      2.000,    652.000       
# span 1 =      1.980,    644.238       
# span 2 =    -1.5453,     0.1448       
# span 3 =  26.910416,  29.006749       
# span 4 =    -1.5439,     0.1473       
# span 5 =  26.910925,  29.006941       
# span 6 =     4.6980,     8.8101       
# span 7 =     4.8066,     9.0670       
# span 8 =    -0.0215,    24.3678       
# span 9 =    75.0043,    98.3105       
# span 10 = -1.246e-05, 9.5620e+00      
# span 11 =  -74.17334,  -74.17334      
# span 12 = -113.33116, -113.33113      
# span 13 =  38.380984,  38.389644      
# span 14 =       8.45,     100.19      
# span 15 = 3.1732e+01, 3.8624e+01      
# span 16 =    202.020,    950.255      
# span 17 =       4849,      22807      
# span 18 =  1027.1670,  1030.7036      
# span 19 =  1027.1652,  1030.7015      
# span 20 =     3.5592,     4.6637      
# span 21 =     0.0628,     3.8143      
# span 22 =     0.1207,     0.2573      
# span 23 =    33.7725,    34.4063      
# span 24 =    33.7703,    34.4041      
# span 25 =    8.01322,    8.41322      
# span 26 =         20,         85      
# span 27 = 0.0000e+00, 0.0000e+00      
# interval = decibars: 1                
# start_time = Feb 07 2022 09:05:15 [NMEA time, header]
# bad_flag = -9.990e-29
*END*
      2.000      1.980    -0.9490  27.325242    -0.9487  27.323844     8.7759     8.3351    20.1671    77.9231 9.5620e+00  -74.17334 -113.33115  38.380984      97.63 3.1732e+01    202.020       4849  1027.1670  1027.1652     3.6972     3.0089     0.2399    33.7730    33.7708    8.28413         38 0.0000e+00
      3.000      2.971    -0.9366  27.338996    -0.9374  27.335838     8.7723     8.3578    19.4718    77.1486 6.5263e+00  -74.17334 -113.33115  38.381026     100.01 3.1732e+01    205.683       4937  1027.1742  1027.1716     3.6604     3.1544     0.2339    33.7772    33.7738    8.28115         40 0.0000e+00
      4.000      3.959    -0.9521  27.323207    -0.9536  27.320396     8.7795     8.4610    22.3122    76.2709 4.5400e+00  -74.17334 -113.33116  38.381055      99.90 3.1732e+01    208.173       4997  1027.1762  1027.1746     3.6186     2.8188     0.2195    33.7725    33.7703    8.28485         50 0.0000e+00
      5.000      4.949    -0.9223  27.354540    -0.9248  27.349630     8.7939     8.5886    19.0458    75.0043 3.2319e+00  -74.17334 -113.33116  38.381080      99.94 3.1732e+01    210.344       5049  1027.1860  1027.1830     3.5592     3.1795     0.2352    33.7810    33.7771    8.27778         40 0.0000e+00
      6.000      5.937    -0.9159  27.361174    -0.9143  27.360740     8.7982     8.7076    16.5916    77.4301 2.2778e+00  -74.17334 -113.33116  38.381101      75.29 3.1732e+01    212.151       5093  1027.1915  1027.1895     3.6742     3.0636     0.2302    33.7822    33.7799    8.27630         42 0.0000e+00
      7.000      6.928    -0.9119  27.365451    -0.9083  27.367227     8.8004     8.8353    22.4213    77.9001 1.6468e+00  -74.17334 -113.33116  38.381123      91.96 3.1732e+01    214.000       5137  1027.1967  1027.1952     3.6959     3.1506     0.2199    33.7829    33.7813    8.27537         41 0.0000e+00
      8.000      7.917    -0.9068  27.370370    -0.9068  27.369141     8.7966     8.8710    20.9608    76.5147 1.1774e+00  -74.17334 -113.33115  38.381145     100.19 3.1732e+01    215.925       5183  1027.2017  1027.2004     3.6301     2.6810     0.2337    33.7833    33.7817    8.27424         39 0.0000e+00
      9.000      8.907    -0.9095  27.368180    -0.9119  27.364637     8.7968     8.9040    17.1378    77.2520 8.6298e-01  -74.17334 -113.33115  38.381167      99.84 3.1732e+01    217.866       5230  1027.2064  1027.2047     3.6652     2.8435     0.2460    33.7828    33.7806    8.27487         34 0.0000e+00
     10.000      9.896    -0.9194  27.359513    -0.9173  27.359909     8.7895     8.9408    21.1924    77.0522 6.1942e-01  -74.17334 -113.33114  38.381190      99.98 3.1732e+01    219.805       5276  1027.2108  1027.2092     3.6555     3.0604     0.2138    33.7814    33.7797    8.27712         46 0.0000e+00
     11.000     10.886    -0.9209  27.358190    -0.9194  27.357995     8.7881     8.9845    20.4561    77.0114 4.4529e-01  -74.17334 -113.33114  38.381213      99.91 3.1732e+01    221.773       5324  1027.2151  1027.2134     3.6539     2.8310     0.2280    33.7807    33.7788    8.27749         38 0.0000e+00
     12.000     11.874    -0.9164  27.362965    -0.9179  27.360190     8.7957     9.0060    19.9196    77.0465 3.1669e-01  -74.17334 -113.33114  38.381236      99.96 3.1732e+01    223.788       5372  1027.2202  1027.2187     3.6552     3.1399     0.2190    33.7815    33.7794    8.27645         40 0.0000e+00
     13.000     12.866    -0.9170  27.362835    -0.9175  27.360636     8.7908     9.0138    19.6885    77.5020 2.2824e-01  -74.17334 -113.33114  38.381259      99.88 3.1732e+01    225.796       5420  1027.2250  1027.2231     3.6771     2.7729     0.2249    33.7814    33.7790    8.27660         41 0.0000e+00
     14.000     13.855    -0.9232  27.357309    -0.9211  27.358070     8.7890     9.0205    23.9127    77.2779 1.6096e-01  -74.17334 -113.33114  38.381283      98.80 3.1732e+01    227.832       5469  1027.2292  1027.2280     3.6664     3.0315     0.2090    33.7802    33.7789    8.27802         43 0.0000e+00
     15.000     14.844    -0.9231  27.358043    -0.9219  27.357482     8.7952     9.0334    22.2603    76.2467 1.0899e-01  -74.17334 -113.33114  38.381307      99.92 3.1732e+01    229.898       5519  1027.2343  1027.2325     3.6176     2.8305     0.2293    33.7805    33.7784    8.27799         44 0.0000e+00
     16.000     15.835    -0.9151  27.366158    -0.9134  27.365780     8.8046     9.0399    24.1704    77.5584 6.9797e-02  -74.17334 -113.33114  38.381330      99.78 3.1732e+01    231.944       5568  1027.2397  1027.2376     3.6796     3.0176     0.2238    33.7819    33.7795    8.27615         39 0.0000e+00
     17.000     16.823    -0.9106  27.370523    -0.9092  27.370872     8.7925     9.0408    24.3678    77.6940 4.0432e-02  -74.17334 -113.33114  38.381354      99.82 3.1732e+01    233.987       5617  1027.2445  1027.2435     3.6863     2.6232     0.1920    33.7822    33.7811    8.27515         35 0.0000e+00
     18.000     17.812    -0.9149  27.366898    -0.9151  27.365701     8.7965     9.0445    19.0089    78.4806 1.7036e-02  -74.17334 -113.33114  38.381377      99.87 3.1732e+01    235.995       5665  1027.2490  1027.2479     3.7240     2.7767     0.2263    33.7815    33.7801    8.27613         42 0.0000e+00
     19.000     18.803    -0.9200  27.362698    -0.9204  27.360909     8.7932     9.0385    22.8016    76.2610 1.3604e-03  -74.17334 -113.33114  38.381401      99.85 3.1732e+01    238.072       5715  1027.2537  1027.2521     3.6178     2.6735     0.1963    33.7809    33.7789    8.27729         36 0.0000e+00
     20.000     19.792    -0.9129  27.370179    -0.9136  27.367863     8.8073     9.0518    19.2482    77.2508 -1.246e-05  -74.17334 -113.33114  38.381427      96.94 3.1732e+01    240.306       5768  1027.2592  1027.2574     3.6642     2.6692     0.2248    33.7825    33.7801    8.27563         37 0.0000e+00
     21.000     20.782    -0.9032  27.379904    -0.8971  27.383693     8.8101     9.0532    21.8644    76.7386 1.0000e-12  -74.17334 -113.33114  38.381453      99.88 3.1732e+01    242.570       5823  1027.2649  1027.2631     3.6410     2.8339     0.2147    33.7842    33.7825    8.27340         46 0.0000e+00
     22.000     21.771    -0.9059  27.376955    -0.9035  27.378279     8.7932     9.0491    17.4432    78.2946 1.0000e-12  -74.17334 -113.33114  38.381478      99.75 3.1732e+01    244.734       5875  1027.2686  1027.2678     3.7144     2.5920     0.2256    33.7825    33.7817    8.27408         40 0.0000e+00
     23.000     22.761    -0.9155  27.368759    -0.9135  27.369122     8.7932     9.0488    18.2098    78.7115 1.0000e-12  -74.17334 -113.33114  38.381504      99.96 3.1732e+01    246.909       5927  1027.2732  1027.2718     3.7344     3.2377     0.2179    33.7815    33.7798    8.27625         37 0.0000e+00
     24.000     23.750    -0.9159  27.368883    -0.9164  27.366843     8.7860     9.0464    19.4686    76.6643 1.0000e-12  -74.17334 -113.33114  38.381530      99.92 3.1732e+01    249.202       5982  1027.2780  1027.2764     3.6376     3.1497     0.2334    33.7815    33.7794    8.27634         38 0.0000e+00
     25.000     24.740    -0.9286  27.356826    -0.9288  27.355470     8.7820     9.0518    17.9381    77.0749 1.0000e-12  -74.17334 -113.33114  38.381555      99.88 3.1732e+01    251.355       6034  1027.2814  1027.2802     3.6569     2.8874     0.2137    33.7788    33.7772    8.27931         34 0.0000e+00
     26.000     25.729    -0.9291  27.357129    -0.9284  27.356437     8.7891     9.0573    16.8886    78.2683 1.0000e-12  -74.17334 -113.33114  38.381580      97.39 3.1732e+01    253.525       6086  1027.2864  1027.2850     3.7129     3.2005     0.2239    33.7792    33.7774    8.27939         43 0.0000e+00
     27.000     26.719    -0.9205  27.365750    -0.9180  27.366608     8.7877     9.0581    18.1217    78.7502 1.0000e-12  -74.17334 -113.33114  38.381606      99.78 3.1732e+01    255.779       6140  1027.2917  1027.2903     3.7352     3.0127     0.2339    33.7806    33.7790    8.27740         40 0.0000e+00
     28.000     27.710    -0.9266  27.360285    -0.9237  27.361823     8.7859     9.0608    17.6025    77.0823 1.0000e-12  -74.17334 -113.33115  38.381631      99.93 3.1732e+01    257.949       6192  1027.2960  1027.2949     3.6569     3.5692     0.2043    33.7794    33.7782    8.27883         39 0.0000e+00
     29.000     28.696    -0.9252  27.362667    -0.9233  27.362459     8.7875     9.0590    17.5130    78.3894 1.0000e-12  -74.17334 -113.33114  38.381656      99.96 3.1732e+01    260.074       6243  1027.3015  1027.2995     3.7183     3.1069     0.2218    33.7805    33.7781    8.27846         34 0.0000e+00
     30.000     29.688    -0.9273  27.360922    -0.9230  27.363561     8.7795     9.0532    17.8635    77.9110 1.0000e-12  -74.17334 -113.33114  38.381683      99.84 3.1732e+01    262.374       6298  1027.3058  1027.3046     3.6972     2.8321     0.2066    33.7798    33.7786    8.27895         37 0.0000e+00
     31.000     30.677    -0.9259  27.362569    -0.9241  27.362704     8.7687     9.0533    19.4796    77.7149 1.0000e-12  -74.17334 -113.33114  38.381709      99.98 3.1732e+01    264.631       6352  1027.3106  1027.3091     3.6868     3.0822     0.2246    33.7799    33.7781    8.27865         38 0.0000e+00
     32.000     31.666    -0.9263  27.362618    -0.9236  27.363699     8.7832     9.0582    19.7252    77.7690 1.0000e-12  -74.17334 -113.33114  38.381734      96.36 3.1732e+01    266.828       6405  1027.3153  1027.3139     3.6896     2.8575     0.2247    33.7798    33.7782    8.27874         44 0.0000e+00
     33.000     32.655    -0.9290  27.360576    -0.9274  27.360517     8.7895     9.0578    17.9518    76.2082 1.0000e-12  -74.17334 -113.33114  38.381760      99.72 3.1732e+01    269.091       6459  1027.3200  1027.3184     3.6156     2.6674     0.2154    33.7794    33.7775    8.27935         42 0.0000e+00
     34.000     33.645    -0.9264  27.363667    -0.9256  27.362751     8.7789     9.0537    21.5240    77.5723 1.0000e-12  -74.17334 -113.33114  38.381786      99.92 3.1732e+01    271.294       6512  1027.3251  1027.3234     3.6806     2.9040     0.2363    33.7800    33.7779    8.27874         41 0.0000e+00
     35.000     34.634    -0.9285  27.362022    -0.9270  27.361896     8.7775     9.0598    19.0892    76.7963 1.0000e-12  -74.17334 -113.33114  38.381810      99.84 3.1732e+01    273.399       6563  1027.3297  1027.3281     3.6436     2.6792     0.2316    33.7796    33.7777    8.27924         48 0.0000e+00
     36.000     35.624    -0.9214  27.369493    -0.9193  27.369361     8.7780     9.0528    18.2388    76.7231 1.0000e-12  -74.17334 -113.33114  38.381834      99.95 3.1732e+01    275.486       6613  1027.3352  1027.3331     3.6402     2.9933     0.2128    33.7811    33.7786    8.27757         40 0.0000e+00
     37.000     36.614    -0.9229  27.368188    -0.9203  27.369281     8.7751     9.0550    17.8920    77.6902 1.0000e-12  -74.17334 -113.33114  38.381854      99.98 3.1732e+01    277.228       6654  1027.3396  1027.3384     3.6859     3.5522     0.2284    33.7804    33.7790    8.27795         43 0.0000e+00
     38.000     37.603    -0.9285  27.363315    -0.9273  27.363100     8.7775     9.0568    17.5582    76.2242 1.0000e-12  -74.17334 -113.33114  38.381877      99.85 3.1732e+01    279.136       6700  1027.3441  1027.3427     3.6164     2.7675     0.1994    33.7795    33.7778    8.27925         40 0.0000e+00
     39.000     38.593    -0.9268  27.365875    -0.9268  27.364179     8.7822     9.0610    20.0652    76.5629 1.0000e-12  -74.17334 -113.33114  38.381901      99.56 3.1732e+01    281.211       6750  1027.3495  1027.3476     3.6324     3.8143     0.2187    33.7804    33.7781    8.27881         37 0.0000e+00
     40.000     39.582    -0.9249  27.367400    -0.9251  27.366124     8.7838     9.0591    16.4314    76.6343 1.0000e-12  -74.17334 -113.33114  38.381925      99.87 3.1732e+01    283.357       6802  1027.3536  1027.3525     3.6358     3.7172     0.2231    33.7798    33.7783    8.27844         46 0.0000e+00
     41.000     40.571    -0.9276  27.365997    -0.9174  27.373974     8.7816     9.0552    18.4449    76.9307 1.0000e-12  -74.17334 -113.33114  38.381949      99.94 3.1732e+01    285.386       6850  1027.3590  1027.3578     3.6498     3.4037     0.2164    33.7803    33.7796    8.27900         35 0.0000e+00
     42.000     41.561    -0.9280  27.365724    -0.9303  27.362069     8.7850     9.0557    16.3910    76.7312 1.0000e-12  -74.17334 -113.33114  38.381972      99.77 3.1732e+01    287.424       6899  1027.3634  1027.3616     3.6414     2.7700     0.2241    33.7797    33.7773    8.27911         34 0.0000e+00
     43.000     42.552    -0.9139  27.381103    -0.9119  27.380477     8.7959     9.0618    17.1463    78.5452 1.0000e-12  -74.17334 -113.33114  38.381998      99.92 3.1732e+01    289.593       6951  1027.3708  1027.3682     3.7269     3.1216     0.2210    33.7842    33.7811    8.27575         40 0.0000e+00
     44.000     43.541    -0.9104  27.383339    -0.9062  27.386000     8.7939     9.0670    16.9545    76.9055 1.0000e-12  -74.17334 -113.33114  38.382022      99.81 3.1732e+01    291.664       7001  1027.3743  1027.3731     3.6483     2.5947     0.2282    33.7827    33.7815    8.27507         39 0.0000e+00
     45.000     44.530    -0.9139  27.380721    -0.9126  27.380366     8.7876     9.0614    18.1345    77.3223 1.0000e-12  -74.17334 -113.33114  38.382045      96.04 3.1732e+01    293.729       7050  1027.3792  1027.3776     3.6685     3.4891     0.2376    33.7824    33.7805    8.27586         39 0.0000e+00
     46.000     45.518    -0.9031  27.391424    -0.8981  27.394838     8.7981     9.0621    18.8403    78.2421 1.0000e-12  -74.17334 -113.33113  38.382070      99.83 3.1732e+01    295.875       7102  1027.3847  1027.3837     3.7121     2.7856     0.2276    33.7842    33.7832    8.27337         39 0.0000e+00
     47.000     46.508    -0.8935  27.401001    -0.8946  27.397907     8.7868     9.0446    20.4959    78.3968 1.0000e-12  -74.17334 -113.33113  38.382095      99.84 3.1732e+01    297.965       7152  1027.3903  1027.3881     3.7194     3.2030     0.2548    33.7858    33.7829    8.27117         39 0.0000e+00
     48.000     47.498    -0.8972  27.397385    -0.8920  27.401478     8.7835     9.0503    20.6219    77.1366 1.0000e-12  -74.17334 -113.33113  38.382118      99.95 3.1732e+01    300.013       7201  1027.3944  1027.3939     3.6588     3.5737     0.2573    33.7844    33.7842    8.27206         41 0.0000e+00
     49.000     48.487    -0.9089  27.386798    -0.9078  27.386780     8.7744     9.0488    17.5043    77.9127 1.0000e-12  -74.17334 -113.33113  38.382140      99.98 3.1732e+01    301.858       7246  1027.3985  1027.3975     3.6964     3.1139     0.2493    33.7825    33.7813    8.27474         35 0.0000e+00
     50.000     49.477    -0.9065  27.389625    -0.9080  27.386794     8.7732     9.0563    17.4705    77.9904 1.0000e-12  -74.17334 -113.33114  38.382158      99.94 3.1732e+01    303.419       7283  1027.4035  1027.4020     3.7002     2.9858     0.2421    33.7831    33.7810    8.27418         32 0.0000e+00
     51.000     50.466    -0.9215  27.375460    -0.9199  27.375822     8.7802     9.0540    18.7975    76.4357 1.0000e-12  -74.17334 -113.33113  38.382176      99.94 3.1732e+01    305.007       7321  1027.4069  1027.4057     3.6264     2.7950     0.2208    33.7801    33.7787    8.27767         37 0.0000e+00
     52.000     51.456    -0.9261  27.371911    -0.9224  27.373733     8.7780     9.0504    18.4812    78.9835 1.0000e-12  -74.17334 -113.33113  38.382194      95.45 3.1732e+01    306.557       7358  1027.4117  1027.4101     3.7469     2.7909     0.2298    33.7798    33.7781    8.27870         34 0.0000e+00
