ocean_section_plots/required_files/ctd/dnbp2202_ctd228.cnv
* Sea-Bird SBE 9 Data File:
* FileName = D:\Data\raw\NBP2202_CTD228.hex
* Software Version Seasave V 7.26.7.121
* Temperature SN = 1649
* Conductivity SN = 2513
* Number of Bytes Per Scan = 40
* Number of Voltage Words = 5
* Number of Scans Averaged by the Deck Unit = 1
* NMEA Latitude = 74 04.07 S
* NMEA Longitude = 111 33.09 W
* NMEA UTC (Time) = Feb 12 2022  18:03:23
* NMEA baud rate = 9600
** Ship: RVIB N.B. Palmer
** Cruise: NBP2202 Thwaites
** Station: 139
** Operator: A. Robinson
# nquan = 28
# nvalues = 275                         
# units = specified
# name 0 = prDM: Pressure, Digiquartz [db]
# name 1 = depSM: Depth [salt water, m]
# name 2 = t090C: Temperature [ITS-90, deg C]
# name 3 = c0mS/cm: Conductivity [mS/cm]
# name 4 = t190C: Temperature, 2 [ITS-90, deg C]
# name 5 = c1mS/cm: Conductivity, 2 [mS/cm]
# name 6 = sbeox0ML/L: Oxygen, SBE 43 [ml/l]
# name 7 = sbeox1ML/L: Oxygen, SBE 43, 2 [ml/l]
# name 8 = flECO-AFL: Fluorescence, WET Labs ECO-AFL/FL [mg/m^3]
# name 9 = CStarTr0: Beam Transmission, WET Labs C-Star [%]
# name 10 = par: PAR/Irradiance, Biospherical/Licor
# name 11 = latitude: Latitude [deg]
# name 12 = longitude: Longitude [deg]
# name 13 = timeJ: Julian Days
# name 14 = altM: Altimeter [m]
# name 15 = spar: SPAR, Biospherical/Licor
# name 16 = timeS: Time, Elapsed [seconds]
# name 17 = scan: Scan Count
# name 18 = density00: Density [density, kg/m^3]
# name 19 = density11: Density, 2 [density, kg/m^3]
# name 20 = v3: Voltage 3
# name 21 = v4: Voltage 4
# name 22 = v5: Voltage 5
# name 23 = sal00: Salinity, Practical [PSU]
# name 24 = sal11: Salinity, Practical, 2 [PSU]
# name 25 = oxsolML/L: Oxygen Saturation, Garcia & Gordon [ml/l]
# name 26 = nbin: number of scans per bin
# name 27 = flag: flag
# span 0 =      2.000,    276.000       
# span 1 =      1.974,    272.964       
# span 2 =    -1.4633,    -1.2271       
# span 3 =  26.919229,  27.360754       
# span 4 =    -1.4623,    -1.2737       
# span 5 =  26.919910,  27.360885       
# span 6 =     5.9090,     6.6410       
# span 7 =     6.1125,     6.8643       
# span 8 =     0.0069,     4.8317       
# span 9 =    91.7280,    97.2395       
# span 10 = -5.548e-07, 2.9478e+02      
# span 11 =  -74.06787,  -74.06786      
# span 12 = -111.55132, -111.55126      
# span 13 =  43.754772,  43.759428      
# span 14 =       2.48,      99.96      
# span 15 = 1.1475e+03, 1.7879e+03      
# span 16 =    209.281,    611.606      
# span 17 =       5024,      14680      
# span 18 =  1027.1730,  1028.7199      
# span 19 =  1027.1736,  1028.7186      
# span 20 =     4.3518,     4.6129      
# span 21 =     0.0686,     0.7724      
# span 22 =     0.1243,     0.1537      
# span 23 =    33.7572,    34.0526      
# span 24 =    33.7622,    34.0511      
# span 25 =    8.34639,    8.39485      
# span 26 =         23,         70      
# span 27 = 0.0000e+00, 0.0000e+00      
# interval = decibars: 1                
# start_time = Feb 12 2022 18:03:23 [NMEA time, header]
# bad_flag = -9.990e-29
*END*
[from data line 156]
    158.000    156.306    -1.4622  27.103122    -1.4614  27.103185     6.1693     6.3683     0.6918    95.9590 1.0000e-12  -74.06786 -111.55132  43.757501      99.89 1.4628e+03    445.092      10683  1028.0794  1028.0787     4.5522     0.2054     0.1289    33.9517    33.9509    8.38799         24 0.0000e+00
    159.000    157.296    -1.4613  27.105898    -1.4600  27.106242     6.1251     6.3269     0.5720    95.8823 1.0000e-12  -74.06786 -111.55132  43.757513      99.90 1.4468e+03    446.101      10707  1028.0859  1028.0850     4.5486     0.1705     0.1275    33.9539    33.9529    8.38766         24 0.0000e+00
    160.000    158.282    -1.4537  27.113954    -1.4528  27.114237     6.0724     6.2836     0.8390    95.7504 1.0000e-12  -74.06786 -111.55132  43.757524      99.90 1.4380e+03    447.099      10731  1028.0917  1028.0911     4.5423     0.1569     0.1249    33.9557    33.9551    8.38584         23 0.0000e+00
    161.000    159.274    -1.4307  27.137801    -1.4297  27.137636     6.0524     6.2533     0.6871    96.0047 1.0000e-12  -74.06786 -111.55132  43.757535      99.90 1.4472e+03    448.047      10754  1028.0999  1028.0988     4.5544     0.1529     0.1273    33.9618    33.9605    8.38030         23 0.0000e+00
    162.000    160.262    -1.4256  27.143163    -1.4246  27.143499     6.0456     6.2550     0.6402    96.0340 1.0000e-12  -74.06786 -111.55132  43.757547      99.89 1.4209e+03    449.035      10778  1028.1053  1028.1046     4.5557     0.1627     0.1270    33.9628    33.9621    8.37909         25 0.0000e+00
    163.000    161.249    -1.4260  27.144222    -1.4254  27.144259     6.0511     6.2632     0.6533    96.1304 1.0000e-12  -74.06786 -111.55132  43.757559      99.89 1.3748e+03    450.077      10803  1028.1112  1028.1106     4.5603     0.1482     0.1351    33.9641    33.9634    8.37910         25 0.0000e+00
    164.000    162.240    -1.4289  27.144242    -1.4278  27.144338     6.0747     6.2710     0.5733    96.0004 1.0000e-12  -74.06786 -111.55132  43.757570      99.90 1.3679e+03    451.079      10827  1028.1185  1028.1175     4.5542     0.1488     0.1275    33.9668    33.9656    8.37960         23 0.0000e+00
    165.000    163.228    -1.4328  27.143430    -1.4320  27.143344     6.0988     6.2882     0.4102    96.2155 1.0000e-12  -74.06786 -111.55132  43.757582      99.90 1.3840e+03    452.057      10850  1028.1257  1028.1249     4.5644     0.1378     0.1286    33.9694    33.9685    8.38031         24 0.0000e+00
    166.000    164.216    -1.4349  27.142551    -1.4342  27.142423     6.1143     6.3083     0.3608    95.9909 1.0000e-12  -74.06786 -111.55132  43.757593      99.90 1.4373e+03    453.060      10874  1028.1311  1028.1304     4.5537     0.1266     0.1282    33.9700    33.9691    8.38074         24 0.0000e+00
    167.000    165.206    -1.4392  27.139636    -1.4395  27.138864     6.1360     6.3198     0.4390    95.9851 1.0000e-12  -74.06786 -111.55132  43.757605      99.90 1.5005e+03    454.061      10898  1028.1364  1028.1359     4.5534     0.1585     0.1260    33.9703    33.9696    8.38171         24 0.0000e+00
    168.000    166.195    -1.4452  27.135637    -1.4446  27.135621     6.1434     6.3349     0.3812    96.4541 1.0000e-12  -74.06786 -111.55132  43.757617      99.89 1.5575e+03    455.083      10923  1028.1421  1028.1415     4.5757     0.1595     0.1302    33.9709    33.9702    8.38301         25 0.0000e+00
    169.000    167.183    -1.4467  27.135241    -1.4462  27.134983     6.1446     6.3367     0.3744    96.6021 1.0000e-12  -74.06786 -111.55132  43.757629      99.90 1.5756e+03    456.105      10948  1028.1474  1028.1467     4.5826     0.1486     0.1267    33.9714    33.9706    8.38331         24 0.0000e+00
    170.000    168.172    -1.4481  27.135093    -1.4474  27.135029     6.1497     6.3377     0.3874    96.4973 1.0000e-12  -74.06786 -111.55132  43.757640      99.90 1.5720e+03    457.091      10971  1028.1529  1028.1522     4.5777     0.1947     0.1268    33.9723    33.9714    8.38359         23 0.0000e+00
    171.000    169.162    -1.4480  27.135988    -1.4470  27.136118     6.1404     6.3351     0.4285    96.4136 1.0000e-12  -74.06786 -111.55132  43.757651      99.90 1.6319e+03    458.070      10995  1028.1581  1028.1573     4.5737     0.1773     0.1271    33.9727    33.9718    8.38353         24 0.0000e+00
    172.000    170.148    -1.4484  27.136410    -1.4476  27.136388     6.1436     6.3425     0.6233    96.4318 1.0000e-12  -74.06786 -111.55132  43.757663      99.89 1.6628e+03    459.084      11019  1028.1632  1028.1625     4.5746     0.1441     0.1256    33.9731    33.9722    8.38360         25 0.0000e+00
    173.000    171.140    -1.4482  27.137088    -1.4471  27.137426     6.1411     6.3392     0.6425    96.5650 1.0000e-12  -74.06786 -111.55132  43.757675      99.90 1.7292e+03    460.090      11043  1028.1681  1028.1673     4.5809     0.1773     0.1287    33.9732    33.9724    8.38355         23 0.0000e+00
    174.000    172.128    -1.4486  27.137460    -1.4477  27.137463     6.1466     6.3354     0.4862    96.6150 1.0000e-12  -74.06786 -111.55132  43.757686      99.77 1.6120e+03    461.066      11067  1028.1731  1028.1723     4.5831     0.1479     0.1289    33.9736    33.9726    8.38362         24 0.0000e+00
    175.000    173.117    -1.4494  27.137454    -1.4486  27.137401     6.1486     6.3384     0.5251    96.2784 1.0000e-12  -74.06786 -111.55132  43.757698      99.76 1.4449e+03    462.086      11091  1028.1782  1028.1774     4.5675     0.1800     0.1272    33.9739    33.9729    8.38379         25 0.0000e+00
    176.000    174.105    -1.4493  27.137976    -1.4485  27.138059     6.1451     6.3362     0.5274    96.5156 1.0000e-12  -74.06786 -111.55132  43.757709      99.90 1.3650e+03    463.082      11115  1028.1830  1028.1823     4.5786     0.1539     0.1303    33.9739    33.9731    8.38377         23 0.0000e+00
    177.000    175.094    -1.4496  27.138408    -1.4485  27.138409     6.1494     6.3357     0.4692    96.4731 1.0000e-12  -74.06786 -111.55132  43.757720      99.90 1.3064e+03    464.050      11138  1028.1880  1028.1870     4.5766     0.1369     0.1259    33.9741    33.9729    8.38381         23 0.0000e+00
    178.000    176.082    -1.4496  27.138857    -1.4485  27.138926     6.1436     6.3400     0.4301    96.4228 1.0000e-12  -74.06786 -111.55132  43.757732      99.90 1.2812e+03    465.057      11162  1028.1928  1028.1918     4.5741     0.1335     0.1262    33.9741    33.9730    8.38381         25 0.0000e+00
    179.000    177.072    -1.4492  27.139535    -1.4483  27.139512     6.1435     6.3477     0.4014    96.4665 1.0000e-12  -74.06786 -111.55132  43.757744      99.90 1.2734e+03    466.082      11187  1028.1974  1028.1966     4.5763     0.1426     0.1289    33.9740    33.9730    8.38373         24 0.0000e+00
    180.000    178.061    -1.4493  27.140056    -1.4484  27.140009     6.1460     6.3515     0.4757    96.5461 1.0000e-12  -74.06786 -111.55132  43.757755      56.98 1.2685e+03    467.062      11210  1028.2024  1028.2015     4.5800     0.1438     0.1251    33.9743    33.9732    8.38375         24 0.0000e+00
    181.000    179.048    -1.4497  27.140503    -1.4487  27.140541     6.1447     6.3467     0.4468    96.3203 1.0000e-12  -74.06786 -111.55130  43.757767      93.30 1.2592e+03    468.051      11234  1028.2076  1028.2066     4.5693     0.1652     0.1265    33.9747    33.9735    8.38381         24 0.0000e+00
    182.000    180.039    -1.4496  27.141068    -1.4488  27.141070     6.1430     6.3453     0.3836    96.2876 1.0000e-12  -74.06786 -111.55130  43.757779      99.35 1.2491e+03    469.064      11259  1028.2124  1028.2117     4.5678     0.1544     0.1302    33.9747    33.9738    8.38379         24 0.0000e+00
    183.000    181.026    -1.4490  27.142308    -1.4483  27.142283     6.1462     6.3459     0.4198    96.3533 1.0000e-12  -74.06786 -111.55130  43.757790      99.33 1.2461e+03    470.050      11282  1028.2175  1028.2168     4.5709     0.1650     0.1266    33.9751    33.9743    8.38363         24 0.0000e+00
    184.000    182.016    -1.4489  27.143257    -1.4480  27.143339     6.1469     6.3458     0.6020    96.4100 1.0000e-12  -74.06786 -111.55130  43.757802      98.48 1.2471e+03    471.063      11307  1028.2227  1028.2220     4.5736     0.1337     0.1276    33.9756    33.9748    8.38356         24 0.0000e+00
    185.000    183.004    -1.4486  27.144692    -1.4478  27.144678     6.1448     6.3475     0.5282    96.4034 1.0000e-12  -74.06786 -111.55130  43.757813      98.49 1.2516e+03    472.072      11331  1028.2283  1028.2276     4.5733     0.1470     0.1304    33.9767    33.9758    8.38344         24 0.0000e+00
    186.000    183.995    -1.4484  27.147891    -1.4476  27.148284     6.1577     6.3512     0.4845    96.4340 1.0000e-12  -74.06786 -111.55130  43.757824      97.67 1.2623e+03    473.032      11354  1028.2360  1028.2357     4.5747     0.1394     0.1326    33.9803    33.9799    8.38318         23 0.0000e+00
    187.000    184.982    -1.4468  27.154156    -1.4461  27.153794     6.1518     6.3505     0.5484    96.4957 1.0000e-12  -74.06786 -111.55129  43.757836      96.35 1.2743e+03    474.020      11377  1028.2457  1028.2446     4.5776     0.1565     0.1298    33.9865    33.9851    8.38246         24 0.0000e+00
    188.000    185.969    -1.4462  27.155775    -1.4453  27.155634     6.1520     6.3444     0.5840    96.2406 1.0000e-12  -74.06786 -111.55130  43.757848      94.48 1.2774e+03    475.042      11402  1028.2512  1028.2502     4.5655     0.1356     0.1279    33.9873    33.9862    8.38225         24 0.0000e+00
    189.000    186.960    -1.4430  27.161461    -1.4416  27.162344     6.1405     6.3449     0.4829    96.3396 1.0000e-12  -74.06786 -111.55128  43.757859      94.35 1.2854e+03    476.038      11426  1028.2587  1028.2583     4.5702     0.1502     0.1259    33.9909    33.9905    8.38133         24 0.0000e+00
    190.000    187.949    -1.4388  27.168030    -1.4381  27.167833     6.1356     6.3360     0.3726    96.2510 1.0000e-12  -74.06786 -111.55128  43.757870      93.34 1.3004e+03    477.009      11449  1028.2662  1028.2653     4.5659     0.1272     0.1276    33.9945    33.9935    8.38016         23 0.0000e+00
    191.000    188.937    -1.4373  27.170275    -1.4365  27.170298     6.1318     6.3279     0.3715    95.8385 1.0000e-12  -74.06786 -111.55128  43.757882      92.53 1.3167e+03    478.005      11473  1028.2715  1028.2708     4.5465     0.1312     0.1266    33.9953    33.9944    8.37978         25 0.0000e+00
    192.000    189.922    -1.4346  27.173848    -1.4334  27.174198     6.1287     6.3252     0.2844    96.5507 1.0000e-12  -74.06786 -111.55128  43.757893      91.38 1.3135e+03    478.989      11497  1028.2772  1028.2765     4.5803     0.1205     0.1256    33.9966    33.9957    8.37910         23 0.0000e+00
    193.000    190.915    -1.4329  27.176494    -1.4320  27.176463     6.1240     6.3161     0.3629    96.4744 1.0000e-12  -74.06786 -111.55128  43.757905      90.52 1.2969e+03    479.965      11520  1028.2828  1028.2819     4.5766     0.1170     0.1271    33.9976    33.9966    8.37865         24 0.0000e+00
    194.000    191.903    -1.4294  27.181136    -1.4286  27.180993     6.1128     6.3108     0.2988    95.7838 1.0000e-12  -74.06786 -111.55128  43.757916      89.06 1.2830e+03    480.960      11544  1028.2888  1028.2879     4.5439     0.1216     0.1262    33.9994    33.9983    8.37775         24 0.0000e+00
    195.000    192.892    -1.4240  27.187717    -1.4226  27.188042     6.1017     6.2944     0.2368    96.2901 1.0000e-12  -74.06786 -111.55128  43.757928      87.85 1.2797e+03    481.955      11568  1028.2952  1028.2942     4.5679     0.1166     0.1259    34.0017    34.0006    8.37641         23 0.0000e+00
    196.000    193.881    -1.4180  27.194392    -1.4166  27.194764     6.0943     6.2912     0.2519    96.3663 1.0000e-12  -74.06787 -111.55128  43.757939      87.08 1.2791e+03    482.928      11591  1028.3011  1028.3001     4.5717     0.1171     0.1287    34.0035    34.0024    8.37496         24 0.0000e+00
    197.000    194.867    -1.4137  27.199015    -1.4129  27.198953     6.0861     6.2850     0.2686    96.6657 1.0000e-12  -74.06787 -111.55128  43.757951      85.66 1.2790e+03    483.941      11616  1028.3064  1028.3055     4.5855     0.1250     0.1257    34.0044    34.0033    8.37394         25 0.0000e+00
    198.000    195.861    -1.4115  27.201817    -1.4110  27.201139     6.0763     6.2800     0.2348    96.6092 1.0000e-12  -74.06787 -111.55128  43.757962      84.98 1.2702e+03    484.954      11640  1028.3117  1028.3105     4.5830     0.1164     0.1280    34.0051    34.0036    8.37341         23 0.0000e+00
    199.000    196.846    -1.4075  27.206136    -1.4087  27.204009     6.0805     6.2806     0.2297    96.7277 1.0000e-12  -74.06787 -111.55127  43.757974      83.94 1.2560e+03    485.939      11664  1028.3169  1028.3158     4.5886     0.1145     0.1367    34.0058    34.0043    8.37245         24 0.0000e+00
    200.000    197.835    -1.4052  27.208636    -1.4043  27.208713     6.0843     6.2803     0.2710    96.8231 1.0000e-12  -74.06786 -111.55126  43.757985      83.10 1.2449e+03    486.938      11688  1028.3218  1028.3210     4.5932     0.1067     0.1295    34.0061    34.0051    8.37193         24 0.0000e+00
    201.000    198.824    -1.4053  27.209012    -1.4049  27.208475     6.0674     6.2703     0.2559    96.7809 1.0000e-12  -74.06786 -111.55126  43.757997      81.79 1.2415e+03    487.945      11712  1028.3267  1028.3257     4.5912     0.1369     0.1282    34.0061    34.0049    8.37195         24 0.0000e+00
    202.000    199.813    -1.4061  27.208856    -1.4051  27.208892     6.0532     6.2542     0.2590    96.9332 1.0000e-12  -74.06786 -111.55126  43.758009      80.64 1.2456e+03    488.943      11736  1028.3317  1028.3307     4.5983     0.0942     0.1253    34.0062    34.0050    8.37213         24 0.0000e+00
    203.000    200.802    -1.3925  27.225210    -1.3896  27.226687     6.0438     6.2460     0.2271    96.8144 1.0000e-12  -74.06786 -111.55126  43.758020      79.49 1.2593e+03    489.955      11760  1028.3408  1028.3397     4.5927     0.1031     0.1275    34.0126    34.0113    8.36869         25 0.0000e+00
    204.000    201.791    -1.3827  27.236385    -1.3814  27.236394     6.0373     6.2456     0.3145    96.7631 1.0000e-12  -74.06786 -111.55126  43.758032      78.53 1.2834e+03    490.965      11784  1028.3480  1028.3468     4.5903     0.1136     0.1266    34.0161    34.0147    8.36627         23 0.0000e+00
    205.000    202.779    -1.3833  27.235911    -1.3825  27.235879     6.0399     6.2377     0.1784    96.7747 1.0000e-12  -74.06786 -111.55126  43.758043      77.36 1.3104e+03    491.938      11808  1028.3525  1028.3517     4.5909     0.1300     0.1261    34.0155    34.0146    8.36644         24 0.0000e+00
    206.000    203.768    -1.3795  27.241463    -1.3781  27.242016     6.0410     6.2388     0.1754    96.8017 1.0000e-12  -74.06786 -111.55126  43.758055      77.25 1.2982e+03    492.922      11831  1028.3593  1028.3586     4.5922     0.0935     0.1247    34.0183    34.0175    8.36544         23 0.0000e+00
    207.000    204.755    -1.3788  27.243044    -1.3775  27.243406     6.0421     6.2359     0.1527    96.8410 1.0000e-12  -74.06786 -111.55126  43.758066      76.20 1.2553e+03    493.916      11855  1028.3647  1028.3640     4.5940     0.1337     0.1341    34.0190    34.0180    8.36522         24 0.0000e+00
    208.000    205.745    -1.3745  27.249226    -1.3742  27.248387     6.0316     6.2291     0.1507    96.7913 1.0000e-12  -74.06786 -111.55126  43.758077      74.84 1.2323e+03    494.887      11878  1028.3719  1028.3706     4.5917     0.0920     0.1243    34.0220    34.0205    8.36409         24 0.0000e+00
