ocean_section_plots/required_files/ctd/dnbp2202_ctd266.cnv
* Sea-Bird SBE 9 Data File:
* FileName = D:\Data\raw\NBP2202_CTD266.hex
* Software Version Seasave V 7.26.7.121
* Temperature SN = 1649
* Conductivity SN = 2513
* Number of Bytes Per Scan = 40
* Number of Voltage Words = 5
* Number of Scans Averaged by the Deck Unit = 1
* NMEA Latitude = 73 52.89 S
* NMEA Longitude = 118 44.51 W
* NMEA UTC (Time) = Feb 19 2022  20:36:14
* NMEA baud rate = 9600
** Ship: RVIB N.B. Palmer
** Cruise: NBP2202 Thwaites
** Station: 171
** Operator: A. Robinson
# nquan = 28
# nvalues = 672                         
# units = specified
# name 0 = prDM: Pressure, Digiquartz [db]
# name 1 = depSM: Depth [salt water, m]
# name 2 = t090C: Temperature [ITS-90, deg C]
# name 3 = c0mS/cm: Conductivity [mS/cm]
# name 4 = t190C: Temperature, 2 [ITS-90, deg C]
# name 5 = c1mS/cm: Conductivity, 2 [mS/cm]
# name 6 = sbeox0ML/L: Oxygen, SBE 43 [ml/l]
# name 7 = sbeox1ML/L: Oxygen, SBE 43, 2 [ml/l]
# name 8 = flECO-AFL: Fluorescence, WET Labs ECO-AFL/FL [mg/m^3]
# name 9 = CStarTr0: Beam Transmission, WET Labs C-Star [%]
# name 10 = par: PAR/Irradiance, Biospherical/Licor
# name 11 = latitude: Latitude [deg]
# name 12 = longitude: Longitude [deg]
# name 13 = timeJ: Julian Days
# name 14 = altM: Altimeter [m]
# name 15 = spar: SPAR, Biospherical/Licor
# name 16 = timeS: Time, Elapsed [seconds]
# name 17 = scan: Scan Count
# name 18 = density00: Density [density, kg/m^3]
# name 19 = density11: Density, 2 [density, kg/m^3]
# name 20 = v3: Voltage 3
# name 21 = v4: Voltage 4
# name 22 = v5: Voltage 5
# name 23 = sal00: Salinity, Practical [PSU]
# name 24 = sal11: Salinity, Practical, 2 [PSU]
# name 25 = oxsolML/L: Oxygen Saturation, Garcia & Gordon [ml/l]
# name 26 = nbin: number of scans per bin
# name 27 = flag: flag
# span 0 =      3.000,    674.000       
# span 1 =      2.973,    665.947       
# span 2 =    -1.7649,     0.4360       
# span 3 =  26.935747,  29.348806       
# span 4 =    -1.7643,     0.4416       
# span 5 =  26.936237,  29.351206       
# span 6 =     4.7363,     8.9857       
# span 7 =     4.8552,     9.2855       
# span 8 =    -0.0214,    10.7783       
# span 9 =    87.4667,    98.3130       
# span 10 = -1.983e-05, 8.8110e+02      
# span 11 =  -73.88164,  -73.88164      
# span 12 = -118.74194, -118.74190      
# span 13 =  50.860944,  50.870501      
# span 14 =       1.69,     100.15      
# span 15 = 1.6403e+03, 1.6607e+03      
# span 16 =    211.565,   1037.278      
# span 17 =       5079,      24896      
# span 18 =  1027.0944,  1030.8734      
# span 19 =  1027.0950,  1030.8701      
# span 20 =     4.1494,     4.6636      
# span 21 =     0.0639,     1.7310      
# span 22 =     0.1126,     0.2028      
# span 23 =    33.6988,    34.5166      
# span 24 =    33.6942,    34.5133      
# span 25 =    7.94680,    8.45185      
# span 26 =          4,         46      
# span 27 = 0.0000e+00, 0.0000e+00      
# interval = decibars: 1                
# start_time = Feb 19 2022 20:36:14 [NMEA time, header]
# bad_flag = -9.990e-29
*END*
[from data line 570]
    573.000    566.296     0.2542  29.113506     0.2568  29.114039     4.8190     4.9403    -0.0173    97.9741 1.0000e-12  -73.88164 -118.74192  50.868487      99.92 1.6570e+03    863.262      20719  1030.3751  1030.3732     4.6478     0.0716     0.1171    34.4699    34.4678    7.98689         26 0.0000e+00
    574.000    567.281     0.2537  29.113251     0.2564  29.113880     4.8240     4.9470    -0.0092    98.2715 1.0000e-12  -73.88164 -118.74192  50.868500      99.92 1.6546e+03    864.426      20747  1030.3797  1030.3777     4.6618     0.0707     0.1183    34.4696    34.4674    7.98702         30 0.0000e+00
    575.000    568.268     0.2549  29.114910     0.2574  29.115519     4.8129     4.9479    -0.0079    98.2721 1.0000e-12  -73.88164 -118.74192  50.868515      76.74 1.6555e+03    865.677      20777  1030.3845  1030.3827     4.6619     0.0671     0.1173    34.4698    34.4678    7.98676         28 0.0000e+00
    576.000    569.256     0.2604  29.121361     0.2611  29.119920     4.8139     4.9409    -0.0038    98.2703 1.0000e-12  -73.88164 -118.74192  50.868528      96.47 1.6564e+03    866.814      20805  1030.3901  1030.3879     4.6618     0.0696     0.1162    34.4716    34.4689    7.98553         27 0.0000e+00
    577.000    570.242     0.2710  29.132165     0.2733  29.132482     4.8160     4.9395    -0.0102    98.2683 1.0000e-12  -73.88164 -118.74192  50.868540      99.89 1.6565e+03    867.888      20830  1030.3951  1030.3933     4.6617     0.0693     0.1184    34.4733    34.4711    7.98322         26 0.0000e+00
    578.000    571.229     0.2717  29.133535     0.2739  29.133830     4.8168     4.9323    -0.0072    98.2760 1.0000e-12  -73.88164 -118.74192  50.868553      99.10 1.6571e+03    868.991      20857  1030.4003  1030.3985     4.6621     0.0703     0.1167    34.4738    34.4717    7.98306         27 0.0000e+00
    579.000    572.217     0.2729  29.135889     0.2753  29.136236     4.8095     4.9357    -0.0055    98.2550 1.0000e-12  -73.88164 -118.74192  50.868566      98.60 1.6553e+03    870.129      20884  1030.4058  1030.4039     4.6611     0.0707     0.1171    34.4748    34.4726    7.98274         27 0.0000e+00
    580.000    573.203     0.2745  29.138148     0.2767  29.138396     4.8108     4.9368    -0.0130    98.2519 1.0000e-12  -73.88164 -118.74192  50.868580      97.82 1.6555e+03    871.273      20912  1030.4110  1030.4091     4.6609     0.0693     0.1178    34.4756    34.4733    7.98238         28 0.0000e+00
    581.000    574.189     0.2752  29.139392     0.2776  29.139811     4.8093     4.9345    -0.0055    98.2589 1.0000e-12  -73.88164 -118.74192  50.868592      96.86 1.6562e+03    872.358      20938  1030.4158  1030.4139     4.6613     0.0700     0.1188    34.4757    34.4736    7.98221         25 0.0000e+00
    582.000    575.177     0.2759  29.140480     0.2782  29.140949     4.8026     4.9308    -0.0105    98.2943 1.0000e-12  -73.88164 -118.74192  50.868604      96.01 1.6569e+03    873.396      20963  1030.4206  1030.4189     4.6629     0.0702     0.1177    34.4758    34.4739    7.98207         25 0.0000e+00
    583.000    576.162     0.2809  29.146593     0.2837  29.147030     4.7978     4.9325    -0.0060    98.2726 1.0000e-12  -73.88164 -118.74192  50.868617      94.62 1.6559e+03    874.517      20989  1030.4264  1030.4241     4.6619     0.0703     0.1171    34.4777    34.4752    7.98093         29 0.0000e+00
    584.000    577.151     0.2889  29.155477     0.2906  29.155021     4.8075     4.9249    -0.0018    98.2522 1.0000e-12  -73.88164 -118.74192  50.868632      93.74 1.6533e+03    875.775      21020  1030.4321  1030.4299     4.6609     0.0692     0.1176    34.4798    34.4773    7.97916         29 0.0000e+00
    585.000    578.137     0.2921  29.159031     0.2940  29.158933     4.7985     4.9231     0.0027    98.2755 1.0000e-12  -73.88164 -118.74192  50.868645      92.78 1.6534e+03    876.908      21047  1030.4369  1030.4350     4.6620     0.0689     0.1168    34.4803    34.4781    7.97847         26 0.0000e+00
    586.000    579.124     0.2912  29.158682     0.2936  29.158960     4.7987     4.9263    -0.0007    98.2658 1.0000e-12  -73.88164 -118.74192  50.868656      91.97 1.6550e+03    877.916      21071  1030.4417  1030.4398     4.6616     0.0694     0.1163    34.4802    34.4780    7.97865         23 0.0000e+00
    587.000    580.112     0.2890  29.156563     0.2908  29.156744     4.8002     4.9166    -0.0080    98.2569 1.0000e-12  -73.88164 -118.74192  50.868667      91.03 1.6550e+03    878.825      21093  1030.4460  1030.4444     4.6612     0.0683     0.1183    34.4794    34.4776    7.97916         21 0.0000e+00
    588.000    581.097     0.2880  29.156155     0.2898  29.156022     4.8013     4.9249    -0.0012    98.2745 1.0000e-12  -73.88164 -118.74192  50.868678      89.68 1.6554e+03    879.735      21115  1030.4508  1030.4490     4.6620     0.0688     0.1175    34.4794    34.4772    7.97937         23 0.0000e+00
    589.000    582.086     0.2880  29.156572     0.2899  29.156438     4.7947     4.9269    -0.0087    98.2783 1.0000e-12  -73.88164 -118.74192  50.868690      88.69 1.6539e+03    880.831      21141  1030.4556  1030.4536     4.6622     0.0688     0.1187    34.4793    34.4770    7.97937         29 0.0000e+00
    590.000    583.068     0.2910  29.159913     0.2936  29.160422     4.7915     4.9177    -0.0038    98.2747 1.0000e-12  -73.88164 -118.74192  50.868705      87.47 1.6551e+03    882.071      21171  1030.4603  1030.4584     4.6620     0.0687     0.1197    34.4797    34.4775    7.97871         29 0.0000e+00
    591.000    584.061     0.3026  29.173790     0.3068  29.175174     4.7684     4.9171    -0.0104    98.2652 1.0000e-12  -73.88164 -118.74194  50.868718      86.70 1.6550e+03    883.210      21198  1030.4677  1030.4650     4.6616     0.0695     0.1219    34.4844    34.4815    7.97606         26 0.0000e+00
    592.000    585.045     0.3227  29.194416     0.3241  29.193925     4.7929     4.9139    -0.0097    98.2792 1.0000e-12  -73.88164 -118.74192  50.868730      85.50 1.6554e+03    884.270      21223  1030.4736  1030.4719     4.6622     0.0695     0.1182    34.4884    34.4862    7.97168         26 0.0000e+00
    593.000    586.032     0.3178  29.189676     0.3203  29.190558     4.7898     4.9131    -0.0085    98.2752 1.0000e-12  -73.88164 -118.74194  50.868743      84.62 1.6556e+03    885.359      21250  1030.4779  1030.4764     4.6620     0.0681     0.1181    34.4871    34.4855    7.97277         27 0.0000e+00
    594.000    587.018     0.3174  29.189439     0.3168  29.186877     4.7703     4.9052    -0.0026    98.2585 1.0000e-12  -73.88164 -118.74192  50.868756      83.42 1.6545e+03    886.478      21276  1030.4825  1030.4804     4.6613     0.0681     0.1190    34.4867    34.4840    7.97288         26 0.0000e+00
    595.000    588.007     0.3268  29.200524     0.3284  29.199962     4.7994     4.9062    -0.0093    98.2742 1.0000e-12  -73.88164 -118.74193  50.868768      82.45 1.6536e+03    887.584      21303  1030.4890  1030.4868     4.6620     0.0692     0.1178    34.4901    34.4876    7.97074         27 0.0000e+00
    596.000    588.992     0.3277  29.201681     0.3299  29.201943     4.7865     4.9129    -0.0088    98.2694 1.0000e-12  -73.88164 -118.74192  50.868781      81.36 1.6549e+03    888.707      21330  1030.4936  1030.4918     4.6618     0.0669     0.1182    34.4900    34.4879    7.97055         27 0.0000e+00
    597.000    589.980     0.3282  29.202489     0.3305  29.203006     4.7738     4.9047    -0.0069    98.2769 1.0000e-12  -73.88164 -118.74192  50.868794      80.48 1.6562e+03    889.822      21357  1030.4984  1030.4966     4.6621     0.0688     0.1189    34.4900    34.4880    7.97046         27 0.0000e+00
    598.000    590.966     0.3289  29.203759     0.3312  29.204126     4.7818     4.9069    -0.0038    98.2595 1.0000e-12  -73.88164 -118.74192  50.868807      79.24 1.6558e+03    890.932      21383  1030.5033  1030.5015     4.6613     0.0678     0.1167    34.4903    34.4881    7.97030         26 0.0000e+00
    599.000    591.954     0.3288  29.203999     0.3310  29.204335     4.7789     4.9050    -0.0114    98.2630 1.0000e-12  -73.88164 -118.74192  50.868820      78.54 1.6571e+03    892.073      21411  1030.5080  1030.5062     4.6614     0.0667     0.1163    34.4901    34.4881    7.97033         28 0.0000e+00
    600.000    592.939     0.3283  29.203874     0.3308  29.204564     4.7863     4.9064    -0.0145    98.2600 1.0000e-12  -73.88164 -118.74192  50.868833      77.40 1.6571e+03    893.185      21437  1030.5126  1030.5109     4.6613     0.0664     0.1176    34.4898    34.4880    7.97043         25 0.0000e+00
    601.000    593.927     0.3301  29.206373     0.3325  29.206760     4.7865     4.8978    -0.0088    98.2683 1.0000e-12  -73.88164 -118.74192  50.868845      76.28 1.6571e+03    894.219      21462  1030.5178  1030.5158     4.6617     0.0665     0.1173    34.4906    34.4884    7.97003         25 0.0000e+00
    602.000    594.914     0.3281  29.204401     0.3302  29.204765     4.7785     4.9013    -0.0057    98.2786 1.0000e-12  -73.88164 -118.74192  50.868857      75.44 1.6571e+03    895.251      21487  1030.5220  1030.5203     4.6622     0.0677     0.1194    34.4897    34.4878    7.97050         25 0.0000e+00
    603.000    595.901     0.3287  29.205558     0.3314  29.206526     4.7832     4.8988     0.0028    98.2869 1.0000e-12  -73.88164 -118.74192  50.868870      74.25 1.6571e+03    896.359      21514  1030.5268  1030.5252     4.6626     0.0667     0.1176    34.4899    34.4881    7.97036         28 0.0000e+00
    604.000    596.887     0.3276  29.204703     0.3297  29.204908     4.7767     4.8968    -0.0093    98.2712 1.0000e-12  -73.88164 -118.74192  50.868883      73.25 1.6571e+03    897.523      21542  1030.5313  1030.5295     4.6619     0.0654     0.1167    34.4894    34.4874    7.97061         28 0.0000e+00
    605.000    597.874     0.3331  29.211245     0.3360  29.212172     4.7772     4.8995    -0.0093    98.2818 1.0000e-12  -73.88164 -118.74192  50.868897      72.08 1.6571e+03    898.672      21569  1030.5369  1030.5350     4.6623     0.0665     0.1173    34.4913    34.4892    7.96937         27 0.0000e+00
    606.000    598.860     0.3307  29.209104     0.3338  29.210056     4.7843     4.9015    -0.0093    98.2594 1.0000e-12  -73.88164 -118.74192  50.868909      71.10 1.6567e+03    899.738      21595  1030.5414  1030.5394     4.6613     0.0666     0.1175    34.4906    34.4884    7.96991         24 0.0000e+00
    607.000    599.847     0.3360  29.215224     0.3384  29.215536     4.7849     4.9033    -0.0077    98.2735 1.0000e-12  -73.88164 -118.74192  50.868921      70.23 1.6571e+03    900.730      21619  1030.5468  1030.5448     4.6620     0.0661     0.1182    34.4921    34.4899    7.96873         24 0.0000e+00
    608.000    600.834     0.3354  29.214796     0.3377  29.215193     4.7691     4.9033    -0.0077    98.2685 1.0000e-12  -73.88164 -118.74192  50.868933      69.10 1.6562e+03    901.771      21644  1030.5511  1030.5494     4.6617     0.0664     0.1156    34.4916    34.4896    7.96887         27 0.0000e+00
    609.000    601.822     0.3356  29.215558     0.3366  29.214497     4.7778     4.9015    -0.0077    98.2685 1.0000e-12  -73.88164 -118.74192  50.868946      68.08 1.6571e+03    902.936      21671  1030.5560  1030.5539     4.6617     0.0659     0.1186    34.4918    34.4893    7.96882         28 0.0000e+00
    610.000    602.807     0.3360  29.216411     0.3383  29.216714     4.7869     4.8936    -0.0080    98.2732 1.0000e-12  -73.88164 -118.74192  50.868959      67.23 1.6570e+03    904.095      21699  1030.5608  1030.5589     4.6619     0.0664     0.1185    34.4919    34.4897    7.96873         27 0.0000e+00
    611.000    603.794     0.3372  29.217990     0.3392  29.218121     4.7879     4.8951    -0.0111    98.2773 1.0000e-12  -73.88164 -118.74192  50.868972      66.14 1.6572e+03    905.188      21726  1030.5656  1030.5638     4.6621     0.0654     0.1171    34.4921    34.4900    7.96848         26 0.0000e+00
    612.000    604.782     0.3369  29.218090     0.3387  29.217976     4.7795     4.9016    -0.0133    98.2693 1.0000e-12  -73.88164 -118.74192  50.868985      65.07 1.6566e+03    906.275      21752  1030.5702  1030.5683     4.6617     0.0665     0.1189    34.4919    34.4898    7.96855         26 0.0000e+00
    613.000    605.768     0.3366  29.218186     0.3388  29.218490     4.7689     4.9008    -0.0085    98.2803 1.0000e-12  -73.88164 -118.74192  50.868997      64.06 1.6552e+03    907.362      21778  1030.5748  1030.5731     4.6622     0.0648     0.1176    34.4918    34.4898    7.96861         26 0.0000e+00
    614.000    606.755     0.3366  29.218756     0.3387  29.218884     4.7828     4.9003    -0.0124    98.2631 1.0000e-12  -73.88164 -118.74192  50.869010      63.05 1.6563e+03    908.467      21804  1030.5797  1030.5778     4.6615     0.0650     0.1151    34.4920    34.4898    7.96860         28 0.0000e+00
    615.000    607.741     0.3370  29.219524     0.3393  29.220016     4.7779     4.9019    -0.0131    98.2512 1.0000e-12  -73.88164 -118.74192  50.869023      62.04 1.6562e+03    909.629      21832  1030.5844  1030.5826     4.6609     0.0639     0.1176    34.4920    34.4900    7.96853         27 0.0000e+00
    616.000    608.729     0.3383  29.221210     0.3404  29.221548     4.7769     4.8999    -0.0099    98.2616 1.0000e-12  -73.88164 -118.74192  50.869036      61.34 1.6556e+03    910.750      21859  1030.5891  1030.5874     4.6614     0.0650     0.1170    34.4921    34.4902    7.96825         26 0.0000e+00
    617.000    609.715     0.3382  29.221547     0.3401  29.221652     4.7705     4.8953    -0.0071    98.2484 1.0000e-12  -73.88164 -118.74192  50.869049      60.01 1.6556e+03    911.826      21885  1030.5938  1030.5920     4.6608     0.0656     0.1165    34.4921    34.4901    7.96828         26 0.0000e+00
    618.000    610.702     0.3386  29.222341     0.3409  29.222858     4.7805     4.8916    -0.0069    98.2735 1.0000e-12  -73.88164 -118.74192  50.869061      59.16 1.6554e+03    912.906      21911  1030.5984  1030.5967     4.6620     0.0648     0.1197    34.4922    34.4902    7.96819         26 0.0000e+00
    619.000    611.688     0.3392  29.223525     0.3423  29.224777     4.7835     4.8936    -0.0144    98.2734 1.0000e-12  -73.88164 -118.74192  50.869074      58.08 1.6552e+03    913.952      21936  1030.6033  1030.6016     4.6619     0.0642     0.1170    34.4924    34.4906    7.96804         25 0.0000e+00
    620.000    612.675     0.3396  29.224234     0.3417  29.224528     4.7701     4.8970    -0.0098    98.2846 1.0000e-12  -73.88164 -118.74192  50.869086      56.95 1.6568e+03    914.988      21961  1030.6079  1030.6062     4.6625     0.0650     0.1169    34.4923    34.4904    7.96797         25 0.0000e+00
    621.000    613.662     0.3383  29.223427     0.3405  29.223768     4.7781     4.8999    -0.0074    98.2684 1.0000e-12  -73.88164 -118.74192  50.869098      56.05 1.6566e+03    916.081      21987  1030.6125  1030.6108     4.6617     0.0639     0.1180    34.4921    34.4901    7.96824         27 0.0000e+00
    622.000    614.650     0.3403  29.226092     0.3443  29.228188     4.7703     4.8985    -0.0006    98.2584 1.0000e-12  -73.88164 -118.74192  50.869111      54.93 1.6552e+03    917.197      22014  1030.6176  1030.6159     4.6613     0.0643     0.1164    34.4928    34.4910    7.96780         26 0.0000e+00
    623.000    615.635     0.3460  29.232293     0.3484  29.232716     4.7879     4.8966    -0.0027    98.2684 1.0000e-12  -73.88164 -118.74192  50.869124      53.96 1.6552e+03    918.282      22040  1030.6227  1030.6208     4.6617     0.0655     0.1177    34.4940    34.4918    7.96655         26 0.0000e+00
