ocean_section_plots/required_files/ctd/dnbp2202_ctd241.cnv
* Sea-Bird SBE 9 Data File:
* FileName = D:\Data\raw\NBP2202_CTD241.hex
* Software Version Seasave V 7.26.7.121
* Temperature SN = 1649
* Conductivity SN = 2513
* Number of Bytes Per Scan = 40
* Number of Voltage Words = 5
* Number of Scans Averaged by the Deck Unit = 1
* NMEA Latitude = 73 52.86 S
* NMEA Longitude = 118 44.34 W
* NMEA UTC (Time) = Feb 14 2022  21:52:28
* NMEA baud rate = 9600
** Ship: RVIB N.B. Palmer
** Cruise: NBP2202 Thwaites
** Station: 151
** Operator: A. Robinson
# nquan = 28
# nvalues = 679                         
# units = specified
# name 0 = prDM: Pressure, Digiquartz [db]
# name 1 = depSM: Depth [salt water, m]
# name 2 = t090C: Temperature [ITS-90, deg C]
# name 3 = c0mS/cm: Conductivity [mS/cm]
# name 4 = t190C: Temperature, 2 [ITS-90, deg C]
# name 5 = c1mS/cm: Conductivity, 2 [mS/cm]
# name 6 = sbeox0ML/L: Oxygen, SBE 43 [ml/l]
# name 7 = sbeox1ML/L: Oxygen, SBE 43, 2 [ml/l]
# name 8 = flECO-AFL: Fluorescence, WET Labs ECO-AFL/FL [mg/m^3]
# name 9 = CStarTr0: Beam Transmission, WET Labs C-Star [%]
# name 10 = par: PAR/Irradiance, Biospherical/Licor
# name 11 = latitude: Latitude [deg]
# name 12 = longitude: Longitude [deg]
# name 13 = timeJ: Julian Days
# name 14 = altM: Altimeter [m]
# name 15 = spar: SPAR, Biospherical/Licor
# name 16 = timeS: Time, Elapsed [seconds]
# name 17 = scan: Scan Count
# name 18 = density00: Density [density, kg/m^3]
# name 19 = density11: Density, 2 [density, kg/m^3]
# name 20 = v3: Voltage 3
# name 21 = v4: Voltage 4
# name 22 = v5: Voltage 5
# name 23 = sal00: Salinity, Practical [PSU]
# name 24 = sal11: Salinity, Practical, 2 [PSU]
# name 25 = oxsolML/L: Oxygen Saturation, Garcia & Gordon [ml/l]
# name 26 = nbin: number of scans per bin
# name 27 = flag: flag
# span 0 =      1.000,    679.000       
# span 1 =      0.992,    670.884       
# span 2 =    -1.6854,     0.3879       
# span 3 =  27.022613,  29.296171       
# span 4 =    -1.6861,     0.3901       
# span 5 =  27.022799,  29.296223       
# span 6 =     4.7949,     9.2098       
# span 7 =     4.9392,     9.5697       
# span 8 =    -0.0196,    11.2707       
# span 9 =    84.3353,    97.4871       
# span 10 = -2.081e-06, 1.0919e+03      
# span 11 =  -73.88114,  -73.88112      
# span 12 = -118.73910, -118.73906      
# span 13 =  45.912907,  45.923454      
# span 14 =     -35.90,     100.22      
# span 15 = 5.1735e+02, 6.0097e+02      
# span 16 =    127.183,   1038.454      
# span 17 =       3053,      24924      
# span 18 =  1027.1621,  1030.8857      
# span 19 =  1027.1728,  1030.8839      
# span 20 =     4.0010,     4.6246      
# span 21 =     0.0657,     2.0437      
# span 22 =     0.1088,     0.1884      
# span 23 =    33.8210,    34.4990      
# span 24 =    33.8271,    34.4965      
# span 25 =    7.95763,    8.43376      
# span 26 =         13,         45      
# span 27 = 0.0000e+00, 0.0000e+00      
# interval = decibars: 1                
# start_time = Feb 14 2022 21:52:28 [NMEA time, header]
# bad_flag = -9.990e-29
*END*
[from data line 259]
    260.000    257.152    -1.6852  27.023443    -1.6860  27.023585     6.3061     6.5176     0.4721    96.6306 1.0000e-12  -73.88114 -118.73908  45.916862      99.63 5.6355e+02    468.895      11254  1028.6420  1028.6429     4.5841     0.0964     0.1122    34.0320    34.0330    8.43369         25 0.0000e+00
    261.000    258.139    -1.6848  27.024565    -1.6855  27.024787     6.3134     6.5267     1.2233    96.5125 1.0000e-12  -73.88114 -118.73908  45.916875      99.63 5.6060e+02    469.979      11280  1028.6471  1028.6479     4.5785     0.1019     0.1113    34.0324    34.0335    8.43357         26 0.0000e+00
    262.000    259.128    -1.6841  27.026218    -1.6847  27.026163     6.3246     6.5394     0.2435    96.8732 1.0000e-12  -73.88114 -118.73908  45.916887      99.63 5.6554e+02    471.059      11306  1028.6523  1028.6529     4.5954     0.1012     0.1150    34.0332    34.0339    8.43335         25 0.0000e+00
    263.000    260.116    -1.6795  27.031495    -1.6797  27.031797     6.3389     6.5502     0.1804    96.8756 1.0000e-12  -73.88114 -118.73908  45.916899      99.63 5.6367e+02    472.070      11331  1028.6580  1028.6585     4.5957     0.1015     0.1120    34.0347    34.0353    8.43223         24 0.0000e+00
    264.000    261.106    -1.6720  27.038748    -1.6725  27.039004     6.3486     6.5576     0.2299    96.9143 1.0000e-12  -73.88114 -118.73908  45.916910      99.63 5.6118e+02    473.002      11353  1028.6630  1028.6638     4.5975     0.1169     0.1125    34.0355    34.0365    8.43046         21 0.0000e+00
    265.000    262.093    -1.6783  27.034608    -1.6790  27.034615     6.3597     6.5544     0.2131    96.8613 1.0000e-12  -73.88114 -118.73908  45.916920      99.63 5.6491e+02    473.893      11374  1028.6689  1028.6696     4.5949     0.1267     0.1383    34.0364    34.0372    8.43185         22 0.0000e+00
    266.000    263.081    -1.6773  27.036645    -1.6778  27.037041     6.3625     6.5631     0.3617    96.9004 1.0000e-12  -73.88114 -118.73908  45.916931      99.63 5.6549e+02    474.815      11397  1028.6744  1028.6753     4.5968     0.1322     0.1149    34.0374    34.0385    8.43156         23 0.0000e+00
    267.000    264.070    -1.6755  27.039913    -1.6758  27.040235     6.3574     6.5654     0.4872    96.8270 1.0000e-12  -73.88114 -118.73908  45.916942      99.64 5.6078e+02    475.810      11420  1028.6806  1028.6812     4.5934     0.1563     0.1151    34.0394    34.0401    8.43104         25 0.0000e+00
    268.000    265.059    -1.6787  27.039429    -1.6794  27.039528     6.3312     6.5477     0.4775    96.9319 1.0000e-12  -73.88114 -118.73908  45.916955      99.64 5.6134e+02    476.891      11446  1028.6874  1028.6883     4.5983     0.1405     0.1163    34.0416    34.0427    8.43162         26 0.0000e+00
    269.000    266.047    -1.6762  27.043815    -1.6774  27.042760     6.2892     6.5067     0.4663    96.7696 1.0000e-12  -73.88114 -118.73908  45.916967      99.63 5.6259e+02    477.973      11472  1028.6942  1028.6941     4.5906     0.1233     0.1148    34.0443    34.0442    8.43090         25 0.0000e+00
    270.000    267.034    -1.6674  27.053209    -1.6656  27.055357     6.2590     6.4826     0.4131    96.7254 1.0000e-12  -73.88114 -118.73908  45.916979      99.64 5.6167e+02    478.957      11496  1028.7003  1028.7009     4.5885     0.1354     0.1153    34.0466    34.0475    8.42875         23 0.0000e+00
    271.000    268.024    -1.6586  27.062656    -1.6612  27.060626     6.2519     6.4733     0.4979    96.8088 1.0000e-12  -73.88114 -118.73908  45.916989      99.63 5.6188e+02    479.886      11518  1028.7065  1028.7067     4.5925     0.1116     0.1156    34.0491    34.0491    8.42662         22 0.0000e+00
    272.000    269.011    -1.6526  27.068601    -1.6539  27.067445     6.2420     6.4606     1.2498    96.7434 1.0000e-12  -73.88114 -118.73908  45.917000      99.63 5.6331e+02    480.806      11540  1028.7115  1028.7115     4.5894     0.0944     0.1180    34.0497    34.0496    8.42520         22 0.0000e+00
    273.000    270.001    -1.6531  27.068384    -1.6541  27.068081     6.2293     6.4491     0.5206    96.5856 1.0000e-12  -73.88114 -118.73908  45.917011      99.64 5.6191e+02    481.779      11564  1028.7161  1028.7168     4.5819     0.1127     0.1135    34.0494    34.0502    8.42533         24 0.0000e+00
    274.000    270.987    -1.6478  27.074555    -1.6478  27.074595     6.2240     6.4434     0.5378    96.7737 1.0000e-12  -73.88114 -118.73908  45.917023      99.64 5.6107e+02    482.817      11589  1028.7221  1028.7221     4.5908     0.1589     0.1152    34.0512    34.0513    8.42402         26 0.0000e+00
    275.000    271.977    -1.6325  27.088391    -1.6349  27.086295     6.2279     6.4461     0.7589    96.5088 1.0000e-12  -73.88114 -118.73908  45.917036      72.35 5.6275e+02    483.866      11614  1028.7269  1028.7270     4.5782     0.1455     0.1183    34.0523    34.0522    8.42048         24 0.0000e+00
    276.000    272.966    -1.6416  27.080553    -1.6436  27.079684     6.2295     6.4468     0.5104    96.5939 1.0000e-12  -73.88114 -118.73908  45.917047     100.22 5.6188e+02    484.855      11638  1028.7315  1028.7325     4.5823     0.1392     0.1144    34.0513    34.0523    8.42262         23 0.0000e+00
    277.000    273.952    -1.6429  27.080452    -1.6433  27.080642     6.2316     6.4501     0.3892    96.7503 1.0000e-12  -73.88114 -118.73908  45.917058      99.64 5.6182e+02    485.786      11660  1028.7371  1028.7376     4.5897     0.1222     0.1123    34.0520    34.0527    8.42287         23 0.0000e+00
    278.000    274.943    -1.6445  27.079413    -1.6452  27.079095     6.2332     6.4478     0.5631    96.7384 1.0000e-12  -73.88114 -118.73908  45.917068      99.64 5.6204e+02    486.721      11682  1028.7418  1028.7421     4.5891     0.1708     0.1140    34.0517    34.0521    8.42324         22 0.0000e+00
    279.000    275.930    -1.6424  27.082230    -1.6446  27.080285     6.2232     6.4421     0.7957    96.5843 1.0000e-12  -73.88114 -118.73907  45.917080      99.64 5.6383e+02    487.702      11706  1028.7472  1028.7472     4.5817     0.1114     0.1149    34.0526    34.0524    8.42272         25 0.0000e+00
    280.000    276.919    -1.6337  27.090110    -1.6348  27.089486     6.2179     6.4390     0.5569    96.3843 1.0000e-12  -73.88114 -118.73907  45.917092      99.64 5.6040e+02    488.723      11730  1028.7517  1028.7522     4.5724     0.1237     0.1164    34.0529    34.0534    8.42072         24 0.0000e+00
    281.000    277.908    -1.6319  27.092055    -1.6327  27.091654     6.2232     6.4331     0.2711    96.7288 1.0000e-12  -73.88114 -118.73908  45.917104      99.64 5.6260e+02    489.763      11755  1028.7565  1028.7569     4.5887     0.1808     0.1168    34.0529    34.0534    8.42030         25 0.0000e+00
    282.000    278.894    -1.6277  27.096039    -1.6297  27.094791     6.2335     6.4393     0.6666    96.8071 1.0000e-12  -73.88114 -118.73908  45.917115      99.64 5.6442e+02    490.773      11780  1028.7612  1028.7617     4.5924     0.2407     0.1321    34.0531    34.0536    8.41935         24 0.0000e+00
    283.000    279.884    -1.6326  27.091535    -1.6312  27.093895     6.2501     6.4613     0.2324    96.7817 1.0000e-12  -73.88114 -118.73907  45.917127      99.64 5.6066e+02    491.735      11803  1028.7654  1028.7665     4.5912     0.1279     0.1180    34.0518    34.0534    8.42054         23 0.0000e+00
    284.000    280.871    -1.6517  27.076640    -1.6421  27.084593     6.2701     6.4732     0.3276    96.2961 1.0000e-12  -73.88114 -118.73906  45.917138      99.64 5.6148e+02    492.685      11825  1028.7718  1028.7713     4.5682     0.1379     0.1138    34.0524    34.0525    8.42484         22 0.0000e+00
    285.000    281.861    -1.6591  27.069594    -1.6605  27.069176     6.2601     6.4745     0.2254    96.8041 1.0000e-12  -73.88114 -118.73906  45.917149      99.64 5.6291e+02    493.634      11848  1028.7756  1028.7765     4.5922     0.1862     0.1170    34.0504    34.0514    8.42663         23 0.0000e+00
    286.000    282.848    -1.6623  27.068445    -1.6615  27.069589     6.2461     6.4612     0.6642    96.9036 1.0000e-12  -73.88114 -118.73906  45.917160      99.64 5.6134e+02    494.596      11871  1028.7817  1028.7821     4.5970     0.1574     0.1155    34.0518    34.0525    8.42728         24 0.0000e+00
    287.000    283.837    -1.6568  27.074600    -1.6565  27.074958     6.2330     6.4406     0.7616    96.7841 1.0000e-12  -73.88114 -118.73906  45.917171      99.64 5.6148e+02    495.589      11895  1028.7873  1028.7875     4.5913     0.1020     0.1131    34.0535    34.0536    8.42593         24 0.0000e+00
    288.000    284.825    -1.6457  27.085258    -1.6463  27.085084     6.2294     6.4339     0.7873    96.8221 1.0000e-12  -73.88114 -118.73907  45.917183      99.64 5.6255e+02    496.638      11920  1028.7926  1028.7929     4.5931     0.1181     0.1162    34.0550    34.0554    8.42333         26 0.0000e+00
    289.000    285.814    -1.6393  27.091780    -1.6331  27.097113     6.2205     6.4312     0.9959    96.6741 1.0000e-12  -73.88114 -118.73907  45.917196      99.64 5.6137e+02    497.707      11946  1028.7978  1028.7977     4.5861     0.1017     0.1152    34.0561    34.0564    8.42181         25 0.0000e+00
    290.000    286.802    -1.6367  27.093156    -1.6386  27.092591     6.2191     6.4298     0.4501    96.9520 1.0000e-12  -73.88114 -118.73906  45.917207      99.64 5.6275e+02    498.714      11970  1028.8012  1028.8024     4.5991     0.0914     0.1138    34.0544    34.0557    8.42132         23 0.0000e+00
    291.000    287.789    -1.6424  27.090105    -1.6432  27.089893     6.2250     6.4331     0.1820    96.6573 1.0000e-12  -73.88114 -118.73906  45.917218      99.64 5.6243e+02    499.662      11993  1028.8077  1028.8082     4.5856     0.1129     0.1126    34.0560    34.0566    8.42251         22 0.0000e+00
    292.000    288.778    -1.6414  27.091557    -1.6428  27.090557     6.2202     6.4360     0.2347    96.9617 1.0000e-12  -73.88114 -118.73906  45.917229      99.64 5.6244e+02    500.577      12015  1028.8126  1028.8128     4.5997     0.0925     0.1108    34.0562    34.0564    8.42226         22 0.0000e+00
    293.000    289.767    -1.6411  27.092307    -1.6418  27.091898     6.2139     6.4274     0.1945    96.9603 1.0000e-12  -73.88114 -118.73906  45.917240      99.64 5.6309e+02    501.510      12037  1028.8175  1028.8177     4.5997     0.1262     0.1123    34.0563    34.0565    8.42219         24 0.0000e+00
    294.000    290.754    -1.6373  27.096474    -1.6393  27.094611     6.2109     6.4256     0.1713    96.7864 1.0000e-12  -73.88114 -118.73906  45.917252      99.64 5.6184e+02    502.547      12062  1028.8227  1028.8226     4.5914     0.0974     0.1140    34.0571    34.0569    8.42129         26 0.0000e+00
    295.000    291.744    -1.6346  27.099300    -1.6338  27.100252     6.2080     6.4206     0.2041    96.7695 1.0000e-12  -73.88114 -118.73906  45.917265      99.64 5.6261e+02    503.690      12090  1028.8275  1028.8278     4.5907     0.1215     0.1152    34.0573    34.0577    8.42066         28 0.0000e+00
    296.000    292.730    -1.6340  27.100417    -1.6337  27.100993     6.2023     6.4123     0.6631    97.0375 1.0000e-12  -73.88114 -118.73906  45.917278      99.64 5.6201e+02    504.783      12116  1028.8325  1028.8328     4.6032     0.1192     0.1130    34.0576    34.0580    8.42051         25 0.0000e+00
    297.000    293.719    -1.6300  27.104678    -1.6299  27.104812     6.2023     6.4048     0.5254    96.9480 1.0000e-12  -73.88114 -118.73906  45.917289      99.64 5.6119e+02    505.742      12139  1028.8376  1028.8377     4.5991     0.1257     0.1148    34.0583    34.0584    8.41956         21 0.0000e+00
    298.000    294.709    -1.6262  27.108954    -1.6240  27.110860     6.1975     6.4052     0.6009    96.8138 1.0000e-12  -73.88114 -118.73906  45.917299      99.64 5.6193e+02    506.615      12160  1028.8429  1028.8429     4.5927     0.1927     0.1142    34.0593    34.0594    8.41864         20 0.0000e+00
    299.000    295.696    -1.6221  27.112472    -1.6225  27.112556     6.2059     6.4052     0.6580    96.8249 1.0000e-12  -73.88114 -118.73906  45.917309      99.65 5.6083e+02    507.485      12181  1028.8472  1028.8476     4.5932     0.1643     0.1133    34.0588    34.0593    8.41774         22 0.0000e+00
    300.000    296.685    -1.6240  27.111436    -1.6245  27.111364     6.2006     6.4002     0.4980    96.8353 1.0000e-12  -73.88114 -118.73906  45.917320      99.64 5.6087e+02    508.478      12204  1028.8522  1028.8526     4.5937     0.1060     0.1122    34.0589    34.0594    8.41816         26 0.0000e+00
    301.000    297.671    -1.6231  27.112601    -1.6237  27.112292     6.1977     6.3992     0.4730    97.0167 1.0000e-12  -73.88114 -118.73906  45.917334      99.64 5.6175e+02    509.627      12232  1028.8570  1028.8572     4.6023     0.1187     0.1130    34.0589    34.0591    8.41797         28 0.0000e+00
    302.000    298.660    -1.6229  27.113525    -1.6231  27.113505     6.1908     6.4102     0.1919    97.0404 1.0000e-12  -73.88114 -118.73906  45.917346      78.76 5.6114e+02    510.732      12259  1028.8621  1028.8623     4.6035     0.1138     0.1123    34.0593    34.0595    8.41789         26 0.0000e+00
    303.000    299.649    -1.6225  27.114038    -1.6232  27.113865     6.1929     6.4106     0.2283    96.9224 1.0000e-12  -73.88114 -118.73906  45.917358      90.33 5.6108e+02    511.726      12282  1028.8667  1028.8672     4.5978     0.0971     0.1103    34.0589    34.0595    8.41782         22 0.0000e+00
    304.000    300.636    -1.6284  27.110586    -1.6285  27.110563     6.1953     6.4063     0.1336    96.8295 1.0000e-12  -73.88114 -118.73906  45.917368      99.34 5.6255e+02    512.638      12304  1028.8729  1028.8730     4.5935     0.1642     0.1125    34.0603    34.0603    8.41908         21 0.0000e+00
    305.000    301.626    -1.6251  27.113748    -1.6248  27.114098     6.1946     6.4020     0.4588    96.7574 1.0000e-12  -73.88114 -118.73906  45.917379      99.65 5.6082e+02    513.530      12326  1028.8775  1028.8776     4.5901     0.1200     0.1098    34.0603    34.0604    8.41833         22 0.0000e+00
    306.000    302.613    -1.6249  27.114440    -1.6239  27.115434     6.1910     6.3991     0.3091    96.7994 1.0000e-12  -73.88114 -118.73906  45.917390      99.65 5.6119e+02    514.479      12348  1028.8823  1028.8826     4.5920     0.1246     0.1107    34.0603    34.0607    8.41827         24 0.0000e+00
    307.000    303.601    -1.6225  27.117236    -1.6222  27.117631     6.1914     6.3979     0.1895    96.9000 1.0000e-12  -73.88114 -118.73906  45.917402      99.64 5.6235e+02    515.532      12374  1028.8874  1028.8876     4.5968     0.1401     0.1169    34.0609    34.0611    8.41771         27 0.0000e+00
    308.000    304.590    -1.6202  27.120062    -1.6213  27.119403     6.1895     6.3964     0.5440    97.0161 1.0000e-12  -73.88114 -118.73906  45.917415      99.64 5.6055e+02    516.633      12400  1028.8927  1028.8930     4.6023     0.0919     0.1114    34.0616    34.0619    8.41715         26 0.0000e+00
    309.000    305.578    -1.6169  27.123614    -1.6171  27.123435     6.1860     6.3977     0.3696    97.1557 1.0000e-12  -73.88114 -118.73906  45.917427      99.64 5.6144e+02    517.707      12426  1028.8977  1028.8977     4.6089     0.1437     0.1145    34.0620    34.0621    8.41636         25 0.0000e+00
    310.000    306.564    -1.6180  27.123458    -1.6181  27.123647     6.1855     6.3993     0.0997    97.1406 1.0000e-12  -73.88114 -118.73906  45.917439      99.65 5.6327e+02    518.703      12450  1028.9029  1028.9033     4.6082     0.0999     0.1110    34.0625    34.0629    8.41660         22 0.0000e+00
