ocean_section_plots/required_files/ctd/dnbp2202_ctd231.cnv
* Sea-Bird SBE 9 Data File:
* FileName = D:\Data\raw\NBP2202_CTD231.hex
* Software Version Seasave V 7.26.7.121
* Temperature SN = 1649
* Conductivity SN = 2513
* Number of Bytes Per Scan = 40
* Number of Voltage Words = 5
* Number of Scans Averaged by the Deck Unit = 1
* NMEA Latitude = 73 43.86 S
* NMEA Longitude = 113 45.50 W
* NMEA UTC (Time) = Feb 13 2022  08:12:36
* NMEA baud rate = 9600
** Ship: RVIB N.B. Palmer
** Cruise: NBP2202 Thwaites
** Station: 142
** Operator: B. Bjork
# nquan = 28
# nvalues = 660                         
# units = specified
# name 0 = prDM: Pressure, Digiquartz [db]
# name 1 = depSM: Depth [salt water, m]
# name 2 = t090C: Temperature [ITS-90, deg C]
# name 3 = c0mS/cm: Conductivity [mS/cm]
# name 4 = t190C: Temperature, 2 [ITS-90, deg C]
# name 5 = c1mS/cm: Conductivity, 2 [mS/cm]
# name 6 = sbeox0ML/L: Oxygen, SBE 43 [ml/l]
# name 7 = sbeox1ML/L: Oxygen, SBE 43, 2 [ml/l]
# name 8 = flECO-AFL: Fluorescence, WET Labs ECO-AFL/FL [mg/m^3]
# name 9 = CStarTr0: Beam Transmission, WET Labs C-Star [%]
# name 10 = par: PAR/Irradiance, Biospherical/Licor
# name 11 = latitude: Latitude [deg]
# name 12 = longitude: Longitude [deg]
# name 13 = timeJ: Julian Days
# name 14 = altM: Altimeter [m]
# name 15 = spar: SPAR, Biospherical/Licor
# name 16 = timeS: Time, Elapsed [seconds]
# name 17 = scan: Scan Count
# name 18 = density00: Density [density, kg/m^3]
# name 19 = density11: Density, 2 [density, kg/m^3]
# name 20 = v3: Voltage 3
# name 21 = v4: Voltage 4
# name 22 = v5: Voltage 5
# name 23 = sal00: Salinity, Practical [PSU]
# name 24 = sal11: Salinity, Practical, 2 [PSU]
# name 25 = oxsolML/L: Oxygen Saturation, Garcia & Gordon [ml/l]
# name 26 = nbin: number of scans per bin
# name 27 = flag: flag
# span 0 =      2.000,    661.000       
# span 1 =      1.976,    653.139       
# span 2 =    -1.7649,     0.1524       
# span 3 =  27.087932,  29.017714       
# span 4 =    -1.7644,     0.1542       
# span 5 =  27.088250,  29.017587       
# span 6 =     4.7105,     9.0435       
# span 7 =     4.8661,     9.4407       
# span 8 =    -0.0138,    21.8967       
# span 9 =    77.1380,    97.8099       
# span 10 = -3.844e-05, 2.3739e+00      
# span 11 =  -73.73142,  -73.73104      
# span 12 = -113.76328, -113.75829      
# span 13 =  44.345161,  44.354630      
# span 14 =       2.91,     100.09      
# span 15 = 2.2917e+01, 3.1818e+01      
# span 16 =    265.936,   1084.044      
# span 17 =       6383,      26018      
# span 18 =  1027.1627,  1030.7459      
# span 19 =  1027.1654,  1030.7440      
# span 20 =     3.6607,     4.6399      
# span 21 =     0.0645,     3.5509      
# span 22 =     0.1123,     0.2549      
# span 23 =    33.7816,    34.4073      
# span 24 =    33.7809,    34.4052      
# span 25 =    8.01158,    8.44474      
# span 26 =         21,         46      
# span 27 = 0.0000e+00, 0.0000e+00      
# interval = decibars: 1                
# start_time = Feb 13 2022 08:12:36 [NMEA time, header]
# bad_flag = -9.990e-29
*END*
[from data line 156]
    158.000    156.309    -1.4417  27.156939    -1.4416  27.157283     6.2123     6.4553     3.3123    91.9539 1.0000e-12  -73.73106 -113.75844  44.347868      99.73 2.8332e+01    499.798      11996  1028.1191  1028.1193     4.3622     0.6468     0.1331    34.0026    34.0030    8.38034         24 0.0000e+00
    159.000    157.296    -1.4303  27.169017    -1.4299  27.168845     6.1792     6.4266     3.0109    90.3889 1.0000e-12  -73.73106 -113.75845  44.347879      99.76 2.5142e+01    500.776      12020  1028.1256  1028.1251     4.2881     0.5898     0.1343    34.0056    34.0050    8.37759         22 0.0000e+00
    160.000    158.287    -1.4168  27.181208    -1.4156  27.182415     6.1511     6.4028     3.1237    91.8681 1.0000e-12  -73.73106 -113.75846  44.347890      99.77 2.6377e+01    501.717      12042  1028.1304  1028.1305     4.3582     0.5705     0.1406    34.0065    34.0067    8.37451         23 0.0000e+00
    161.000    159.275    -1.4051  27.192809    -1.4048  27.192732     6.1464     6.3888     3.5049    92.4446 1.0000e-12  -73.73106 -113.75846  44.347901      99.79 2.8731e+01    502.662      12065  1028.1362  1028.1358     4.3856     0.4104     0.1413    34.0085    34.0080    8.37176         23 0.0000e+00
    162.000    160.263    -1.4005  27.197131    -1.4005  27.196988     6.1460     6.3838     3.2001    92.5308 1.0000e-12  -73.73106 -113.75846  44.347912      99.74 2.5875e+01    503.639      12088  1028.1409  1028.1408     4.3896     0.6399     0.1532    34.0085    34.0085    8.37071         24 0.0000e+00
    163.000    161.255    -1.4019  27.196251    -1.4014  27.196628     6.1419     6.3781     3.4301    93.6803 1.0000e-12  -73.73106 -113.75847  44.347924      45.93 2.6134e+01    504.616      12112  1028.1458  1028.1457     4.4440     0.6112     0.1377    34.0084    34.0083    8.37105         23 0.0000e+00
    164.000    162.241    -1.4008  27.197642    -1.4011  27.197342     6.1331     6.3681     2.9041    92.1549 1.0000e-12  -73.73106 -113.75848  44.347935      99.85 2.8469e+01    505.597      12135  1028.1507  1028.1506     4.3719     0.5132     0.1335    34.0084    34.0083    8.37080         23 0.0000e+00
    165.000    163.230    -1.3970  27.201577    -1.3965  27.201931     6.1354     6.3767     3.0444    91.7414 1.0000e-12  -73.73106 -113.75848  44.347946      99.79 2.6871e+01    506.570      12159  1028.1556  1028.1556     4.3523     0.5084     0.1358    34.0089    34.0088    8.36992         24 0.0000e+00
    166.000    164.220    -1.3967  27.202210    -1.3975  27.201436     6.1330     6.3871     2.8313    92.9417 1.0000e-12  -73.73106 -113.75848  44.347958      99.75 2.6297e+01    507.560      12182  1028.1605  1028.1604     4.4091     0.6343     0.1437    34.0088    34.0086    8.36986         24 0.0000e+00
    167.000    165.208    -1.3971  27.202233    -1.3973  27.202089     6.0974     6.3425     2.6874    92.3086 1.0000e-12  -73.73106 -113.75848  44.347970      99.80 2.9035e+01    508.577      12207  1028.1653  1028.1654     4.3791     0.3861     0.1410    34.0086    34.0087    8.36995         25 0.0000e+00
    168.000    166.198    -1.3953  27.204584    -1.3965  27.203232     6.0702     6.3186     2.6571    94.0007 1.0000e-12  -73.73106 -113.75848  44.347981      99.78 2.6468e+01    509.594      12231  1028.1705  1028.1703     4.4593     0.4847     0.1475    34.0092    34.0088    8.36951         24 0.0000e+00
    169.000    167.186    -1.3660  27.233178    -1.3645  27.233486     6.0561     6.2996     2.6205    93.5508 1.0000e-12  -73.73106 -113.75848  44.347993      99.79 2.6079e+01    510.595      12255  1028.1778  1028.1767     4.4381     0.4262     0.1387    34.0145    34.0133    8.36262         24 0.0000e+00
    170.000    168.175    -1.3495  27.248655    -1.3500  27.248453     6.0445     6.2762     2.6026    93.5889 1.0000e-12  -73.73106 -113.75848  44.348005      99.81 2.8846e+01    511.596      12279  1028.1833  1028.1836     4.4397     0.3538     0.1446    34.0164    34.0167    8.35880         24 0.0000e+00
    171.000    169.163    -1.3605  27.241057    -1.3606  27.240645     6.0679     6.2995     2.3355    92.9967 1.0000e-12  -73.73106 -113.75849  44.348016      99.80 2.7440e+01    512.618      12304  1028.1902  1028.1899     4.4117     0.3912     0.1416    34.0179    34.0175    8.36119         25 0.0000e+00
    172.000    170.152    -1.3358  27.262779    -1.3359  27.262532     6.0850     6.3193     1.5628    94.0323 1.0000e-12  -73.73106 -113.75849  44.348028      99.80 2.5650e+01    513.637      12328  1028.1946  1028.1944     4.4608     0.3644     0.1378    34.0191    34.0188    8.35559         24 0.0000e+00
    173.000    171.142    -1.3707  27.233432    -1.3715  27.233174     6.0434     6.2817     1.4140    94.3351 1.0000e-12  -73.73106 -113.75849  44.348040      99.77 2.8077e+01    514.672      12353  1028.2008  1028.2013     4.4752     0.5310     0.1433    34.0178    34.0183    8.36349         25 0.0000e+00
    174.000    172.131    -1.3586  27.246573    -1.3596  27.244887     5.9837     6.2297     1.5827    93.8452 1.0000e-12  -73.73106 -113.75850  44.348052      52.94 2.7500e+01    515.709      12378  1028.2078  1028.2069     4.4520     0.2413     0.1354    34.0214    34.0203    8.36055         25 0.0000e+00
    175.000    173.120    -1.3133  27.287077    -1.3169  27.282915     5.9511     6.1949     1.4473    93.1358 1.0000e-12  -73.73106 -113.75850  44.348064      99.63 2.5349e+01    516.726      12402  1028.2126  1028.2116     4.4183     0.3132     0.1357    34.0250    34.0234    8.35020         24 0.0000e+00
    176.000    174.109    -1.3006  27.298560    -1.3007  27.298147     5.9448     6.1866     1.0492    93.2953 1.0000e-12  -73.73106 -113.75850  44.348076      91.62 2.8574e+01    517.729      12427  1028.2174  1028.2170     4.4259     0.2141     0.1289    34.0257    34.0253    8.34732         24 0.0000e+00
    177.000    175.096    -1.2993  27.300450    -1.2990  27.300402     5.9360     6.1728     1.2591    94.8786 1.0000e-12  -73.73106 -113.75850  44.348087      96.46 2.8512e+01    518.713      12450  1028.2228  1028.2224     4.5009     0.3243     0.1318    34.0262    34.0258    8.34699         23 0.0000e+00
    178.000    176.086    -1.2970  27.303231    -1.2966  27.303182     5.9164     6.1559     1.0498    95.1771 1.0000e-12  -73.73106 -113.75850  44.348098      99.88 2.5478e+01    519.681      12473  1028.2282  1028.2276     4.5151     0.1852     0.1318    34.0268    34.0263    8.34645         23 0.0000e+00
    179.000    177.074    -1.2895  27.310465    -1.2887  27.310666     5.8893     6.1261     1.1521    94.0541 1.0000e-12  -73.73106 -113.75850  44.348109      99.80 2.7492e+01    520.656      12497  1028.2332  1028.2327     4.4625     0.3274     0.1296    34.0276    34.0270    8.34473         24 0.0000e+00
    180.000    178.063    -1.2743  27.324378    -1.2740  27.324195     5.8481     6.0839     1.1281    95.0081 1.0000e-12  -73.73106 -113.75850  44.348121      99.80 2.9504e+01    521.634      12520  1028.2383  1028.2378     4.5065     0.3091     0.1281    34.0288    34.0283    8.34127         24 0.0000e+00
    181.000    179.054    -1.2558  27.341807    -1.2552  27.341552     5.8283     6.0629     1.0160    95.1223 1.0000e-12  -73.73106 -113.75850  44.348132      99.82 2.5510e+01    522.597      12543  1028.2438  1028.2429     4.5125     0.2485     0.1396    34.0310    34.0300    8.33699         22 0.0000e+00
    182.000    180.041    -1.2331  27.362300    -1.2328  27.362088     5.8347     6.0642     1.0880    95.7933 1.0000e-12  -73.73106 -113.75850  44.348143      99.81 2.6447e+01    523.545      12566  1028.2488  1028.2483     4.5443     0.2855     0.1321    34.0328    34.0322    8.33184         23 0.0000e+00
    183.000    181.029    -1.2276  27.368265    -1.2276  27.367952     5.8353     6.0662     1.3045    95.2086 1.0000e-12  -73.73106 -113.75850  44.348154      99.82 2.9808e+01    524.517      12589  1028.2546  1028.2543     4.5166     0.2258     0.1285    34.0341    34.0336    8.33054         24 0.0000e+00
    184.000    182.018    -1.2371  27.361740    -1.2371  27.361498     5.8281     6.0574     0.9965    95.5649 1.0000e-12  -73.73106 -113.75850  44.348165      99.82 2.6612e+01    525.495      12613  1028.2612  1028.2610     4.5335     0.2446     0.1302    34.0352    34.0350    8.33257         23 0.0000e+00
    185.000    183.008    -1.2334  27.366128    -1.2328  27.366154     5.8224     6.0513     1.3233    96.0107 1.0000e-12  -73.73106 -113.75850  44.348177      99.82 2.6372e+01    526.470      12636  1028.2670  1028.2664     4.5546     0.2237     0.1273    34.0365    34.0358    8.33168         24 0.0000e+00
    186.000    183.996    -1.2251  27.373890    -1.2228  27.375356     5.7881     6.0262     1.2627    94.8560 1.0000e-12  -73.73106 -113.75852  44.348188      99.79 2.9661e+01    527.475      12660  1028.2720  1028.2713     4.4999     0.4093     0.1293    34.0371    34.0365    8.32980         24 0.0000e+00
    187.000    184.986    -1.2158  27.382458    -1.2160  27.381748     5.7308     5.9672     1.2528    94.7231 1.0000e-12  -73.73106 -113.75852  44.348200      99.81 2.8103e+01    528.498      12685  1028.2767  1028.2762     4.4936     0.2436     0.1344    34.0376    34.0369    8.32769         24 0.0000e+00
    188.000    185.973    -1.1872  27.409210    -1.1874  27.408077     5.6768     5.9099     1.2374    95.7200 1.0000e-12  -73.73106 -113.75852  44.348212      99.80 2.6865e+01    529.501      12709  1028.2827  1028.2816     4.5408     0.3572     0.1419    34.0411    34.0398    8.32112         25 0.0000e+00
    189.000    186.961    -1.1485  27.445263    -1.1495  27.443368     5.6462     5.8776     1.2044    95.7413 1.0000e-12  -73.73106 -113.75852  44.348223      99.80 2.9649e+01    530.511      12733  1028.2891  1028.2879     4.5419     0.3498     0.1303    34.0460    34.0445    8.31224         24 0.0000e+00
    190.000    187.952    -1.1237  27.467684    -1.1236  27.467195     5.6421     5.8663     1.2522    96.0258 1.0000e-12  -73.73106 -113.75852  44.348235      95.69 2.7238e+01    531.534      12758  1028.2941  1028.2935     4.5551     0.2159     0.1261    34.0479    34.0471    8.30663         25 0.0000e+00
    191.000    188.941    -1.1241  27.468132    -1.1236  27.467987     5.6397     5.8663     1.2862    95.1613 1.0000e-12  -73.73106 -113.75852  44.348247      99.74 2.6385e+01    532.544      12782  1028.2997  1028.2990     4.5146     0.2172     0.1280    34.0483    34.0475    8.30669         24 0.0000e+00
    192.000    189.927    -1.1230  27.469678    -1.1231  27.468972     5.6356     5.8602     1.2066    96.0960 1.0000e-12  -73.73106 -113.75852  44.348259      99.82 2.9589e+01    533.558      12806  1028.3050  1028.3043     4.5587     0.1922     0.1299    34.0486    34.0477    8.30644         24 0.0000e+00
    193.000    190.919    -1.1241  27.469116    -1.1222  27.470159     5.6411     5.8663     1.0784    95.6679 1.0000e-12  -73.73106 -113.75852  44.348271      99.81 2.8137e+01    534.582      12831  1028.3101  1028.3094     4.5384     0.2010     0.1267    34.0485    34.0477    8.30669         25 0.0000e+00
    194.000    191.906    -1.1098  27.483394    -1.1071  27.484597     5.5844     5.7913     1.0215    95.9579 1.0000e-12  -73.73106 -113.75852  44.348282      99.82 2.6524e+01    535.599      12855  1028.3163  1028.3150     4.5521     0.2103     0.1285    34.0511    34.0497    8.30336         24 0.0000e+00
    195.000    192.894    -1.0884  27.502640    -1.0866  27.503373     5.5897     5.7792     1.0315    95.9869 1.0000e-12  -73.73106 -113.75853  44.348294      99.82 2.9864e+01    536.595      12879  1028.3210  1028.3202     4.5535     0.2388     0.1334    34.0525    34.0515    8.29853         24 0.0000e+00
    196.000    193.884    -1.0593  27.530034    -1.0597  27.528092     5.7085     5.9026     0.9615    95.8908 1.0000e-12  -73.73106 -113.75854  44.348305      99.82 2.8462e+01    537.566      12903  1028.3272  1028.3255     4.5490     0.1903     0.1350    34.0562    34.0541    8.29187         23 0.0000e+00
    197.000    194.872    -1.0587  27.529524    -1.0599  27.529204     5.8255     6.0200     1.0709    96.0563 1.0000e-12  -73.73106 -113.75854  44.348316      99.82 2.6009e+01    538.531      12926  1028.3308  1028.3316     4.5568     0.2590     0.1424    34.0543    34.0552    8.29187         23 0.0000e+00
    198.000    195.862    -1.2079  27.402654    -1.2035  27.406564     5.8771     6.0624     1.0818    95.9067 1.0000e-12  -73.73106 -113.75854  44.348328      99.81 2.9167e+01    539.534      12950  1028.3422  1028.3422     4.5497     0.2732     0.1510    34.0495    34.0499    8.32524         25 0.0000e+00
    199.000    196.850    -1.2240  27.389546    -1.2232  27.389750     5.9031     6.0902     0.7248    95.4153 1.0000e-12  -73.73106 -113.75854  44.348340      99.81 2.9599e+01    540.556      12974  1028.3476  1028.3470     4.5264     0.2538     0.1308    34.0492    34.0485    8.32884         24 0.0000e+00
    200.000    197.838    -1.1950  27.415497    -1.1999  27.410676     5.9229     6.1074     0.5982    94.8216 1.0000e-12  -73.73106 -113.75854  44.348351      55.25 2.6312e+01    541.558      12998  1028.3517  1028.3512     4.4983     0.3686     0.1255    34.0511    34.0502    8.32226         24 0.0000e+00
    201.000    198.826    -1.2261  27.389272    -1.2254  27.389963     5.9606     6.1475     1.1068    95.5206 1.0000e-12  -73.73106 -113.75854  44.348363      97.70 2.9299e+01    542.560      13022  1028.3575  1028.3576     4.5315     0.1600     0.1290    34.0500    34.0502    8.32927         24 0.0000e+00
    202.000    199.817    -1.2464  27.372733    -1.2465  27.372606     6.0453     6.2381     1.0174    95.9721 1.0000e-12  -73.73106 -113.75854  44.348375      86.18 2.9405e+01    543.582      13047  1028.3633  1028.3631     4.5526     0.2864     0.1384    34.0498    34.0497    8.33380         25 0.0000e+00
    203.000    200.804    -1.2723  27.350681    -1.2734  27.350531     6.1120     6.3011     0.7056    96.0550 1.0000e-12  -73.73106 -113.75854  44.348387      96.37 2.7003e+01    544.627      13072  1028.3683  1028.3692     4.5567     0.2236     0.1324    34.0483    34.0493    8.33966         25 0.0000e+00
    204.000    201.794    -1.3365  27.296617    -1.3368  27.297326     6.1454     6.3402     0.8402    96.0095 1.0000e-12  -73.73106 -113.75854  44.348399      99.84 3.0677e+01    545.668      13097  1028.3756  1028.3766     4.5546     0.1743     0.1366    34.0465    34.0478    8.35413         25 0.0000e+00
    205.000    202.782    -1.3563  27.282373    -1.3511  27.286469     6.1859     6.3925     0.9707    96.2045 1.0000e-12  -73.73106 -113.75855  44.348411      99.82 2.8778e+01    546.696      13122  1028.3829  1028.3823     4.5638     0.2268     0.1357    34.0487    34.0484    8.35841         24 0.0000e+00
    206.000    203.772    -1.3676  27.272204    -1.3682  27.272077     6.2249     6.4350     0.8916    95.4635 1.0000e-12  -73.73106 -113.75856  44.348423      99.82 2.6574e+01    547.713      13146  1028.3865  1028.3870     4.5287     0.1968     0.1281    34.0470    34.0475    8.36105         25 0.0000e+00
    207.000    204.758    -1.4029  27.243079    -1.4025  27.243540     6.2494     6.4575     0.6451    95.9696 1.0000e-12  -73.73106 -113.75856  44.348434      99.82 2.8962e+01    548.704      13170  1028.3927  1028.3928     4.5527     0.1970     0.1242    34.0465    34.0466    8.36900         23 0.0000e+00
    208.000    205.750    -1.4155  27.233146    -1.4154  27.233248     6.2464     6.4521     0.5779    95.9424 1.0000e-12  -73.73106 -113.75857  44.348445      99.82 2.9087e+01    549.680      13193  1028.3979  1028.3979     4.5514     0.2102     0.1278    34.0466    34.0466    8.37184         24 0.0000e+00
