ocean_section_plots/required_files/ctd/dnbp2202_ctd173.cnv
* Sea-Bird SBE 9 Data File:
* FileName = D:\Data\raw\NBP2202_CTD173.hex
* Software Version Seasave V 7.26.7.121
* Temperature SN = 1649
* Conductivity SN = 2513
* Number of Bytes Per Scan = 40
* Number of Voltage Words = 5
* Number of Scans Averaged by the Deck Unit = 1
* NMEA Latitude = 74 05.23 S
* NMEA Longitude = 110 45.91 W
* NMEA UTC (Time) = Feb 03 2022  17:06:50
* NMEA baud rate = 9600
** Ship: RVIB N.B. Palmer
** Cruise: NBP2202 Thwaites
** Station: 95
** Operator: A. Robinson
# nquan = 28
# nvalues = 549                         
# units = specified
# name 0 = prDM: Pressure, Digiquartz [db]
# name 1 = depSM: Depth [salt water, m]
# name 2 = t090C: Temperature [ITS-90, deg C]
# name 3 = c0mS/cm: Conductivity [mS/cm]
# name 4 = t190C: Temperature, 2 [ITS-90, deg C]
# name 5 = c1mS/cm: Conductivity, 2 [mS/cm]
# name 6 = sbeox0ML/L: Oxygen, SBE 43 [ml/l]
# name 7 = sbeox1ML/L: Oxygen, SBE 43, 2 [ml/l]
# name 8 = flECO-AFL: Fluorescence, WET Labs ECO-AFL/FL [mg/m^3]
# name 9 = CStarTr0: Beam Transmission, WET Labs C-Star [%]
# name 10 = par: PAR/Irradiance, Biospherical/Licor
# name 11 = latitude: Latitude [deg]
# name 12 = longitude: Longitude [deg]
# name 13 = timeJ: Julian Days
# name 14 = altM: Altimeter [m]
# name 15 = spar: SPAR, Biospherical/Licor
# name 16 = timeS: Time, Elapsed [seconds]
# name 17 = scan: Scan Count
# name 18 = density00: Density [density, kg/m^3]
# name 19 = density11: Density, 2 [density, kg/m^3]
# name 20 = v3: Voltage 3
# name 21 = v4: Voltage 4
# name 22 = v5: Voltage 5
# name 23 = sal00: Salinity, Practical [PSU]
# name 24 = sal11: Salinity, Practical, 2 [PSU]
# name 25 = oxsolML/L: Oxygen Saturation, Garcia & Gordon [ml/l]
# name 26 = nbin: number of scans per bin
# name 27 = flag: flag
# span 0 =      2.000,    550.000       
# span 1 =      1.977,    543.588       
# span 2 =    -1.5625,    -0.8974       
# span 3 =  26.764428,  27.930485       
# span 4 =    -1.5658,    -0.8961       
# span 5 =  26.764656,  27.929643       
# span 6 =     5.7711,     7.3073       
# span 7 =     5.8806,     7.4476       
# span 8 =    -0.0214,     9.4719       
# span 9 =    87.5972,    98.7752       
# span 10 = 1.0000e-12, 1.2621e+02      
# span 11 =  -74.08728,  -74.08728      
# span 12 = -110.76518, -110.76514      
# span 13 =  34.716292,  34.725166      
# span 14 =       2.21,     100.56      
# span 15 = 1.8263e+03, 1.8365e+03      
# span 16 =    277.635,   1044.360      
# span 17 =       6664,      25066      
# span 18 =  1027.1150,  1030.1252      
# span 19 =  1027.1191,  1030.1235      
# span 20 =     4.1557,     4.6857      
# span 21 =     0.0639,     1.3012      
# span 22 =     0.1156,     0.1646      
# span 23 =    33.6846,    34.2027      
# span 24 =    33.6888,    34.2004      
# span 25 =    8.24771,    8.42652      
# span 26 =         25,         57      
# span 27 = 0.0000e+00, 0.0000e+00      
# interval = decibars: 1                
# start_time = Feb 03 2022 17:06:50 [NMEA time, header]
# bad_flag = -9.990e-29
*END*
[from data line 311]
    313.000    309.528    -1.1616  27.545921    -1.1605  27.545745     5.9777     6.1572    -0.0191    98.7369 1.0000e-12  -74.08728 -110.76514  34.721088      99.74 1.8334e+03    692.008      16609  1028.9464  1028.9452     4.6839     0.0694     0.1193    34.1219    34.1204    8.31069         28 0.0000e+00
    314.000    310.516    -1.1618  27.546318    -1.1607  27.546084     5.9818     6.1562    -0.0088    98.7229 1.0000e-12  -74.08728 -110.76514  34.721102      99.75 1.8334e+03    693.182      16637  1028.9514  1028.9500     4.6833     0.0698     0.1179    34.1220    34.1204    8.31072         28 0.0000e+00
    315.000    311.503    -1.1614  27.547309    -1.1604  27.547067     5.9801     6.1579    -0.0104    98.6933 1.0000e-12  -74.08728 -110.76514  34.721115      99.74 1.8334e+03    694.360      16666  1028.9563  1028.9551     4.6818     0.0705     0.1208    34.1222    34.1207    8.31060         29 0.0000e+00
    316.000    312.492    -1.1596  27.549731    -1.1584  27.549467     5.9749     6.1583    -0.0095    98.7440 1.0000e-12  -74.08728 -110.76514  34.721129      99.74 1.8328e+03    695.543      16694  1028.9615  1028.9601     4.6843     0.0690     0.1203    34.1229    34.1212    8.31017         28 0.0000e+00
    317.000    313.480    -1.1571  27.552648    -1.1559  27.552413     5.9748     6.1493    -0.0139    98.7248 1.0000e-12  -74.08728 -110.76514  34.721143      99.75 1.8328e+03    696.719      16722  1028.9666  1028.9652     4.6833     0.0698     0.1198    34.1235    34.1218    8.30959         28 0.0000e+00
    318.000    314.469    -1.1535  27.556919    -1.1523  27.556672     5.9714     6.1463    -0.0019    98.7541 1.0000e-12  -74.08728 -110.76514  34.721156      93.92 1.8326e+03    697.899      16751  1028.9721  1028.9707     4.6848     0.0688     0.1196    34.1246    34.1229    8.30872         28 0.0000e+00
    319.000    315.457    -1.1529  27.557799    -1.1519  27.557582     5.9730     6.1502    -0.0006    98.7308 1.0000e-12  -74.08728 -110.76516  34.721170      99.82 1.8327e+03    699.079      16779  1028.9768  1028.9755     4.6836     0.0700     0.1221    34.1245    34.1230    8.30860         28 0.0000e+00
    320.000    316.444    -1.1526  27.558602    -1.1516  27.558296     5.9646     6.1468    -0.0077    98.7231 1.0000e-12  -74.08728 -110.76514  34.721184      99.75 1.8333e+03    700.257      16807  1028.9817  1028.9804     4.6833     0.0694     0.1179    34.1246    34.1231    8.30852         29 0.0000e+00
    321.000    317.433    -1.1517  27.560009    -1.1505  27.559939     5.9713     6.1447    -0.0077    98.7320 1.0000e-12  -74.08728 -110.76516  34.721197      99.74 1.8333e+03    701.434      16835  1028.9867  1028.9854     4.6837     0.0701     0.1213    34.1250    34.1235    8.30831         28 0.0000e+00
    322.000    318.421    -1.1509  27.561389    -1.1497  27.561326     5.9760     6.1478    -0.0097    98.7471 1.0000e-12  -74.08728 -110.76515  34.721211      99.74 1.8336e+03    702.618      16864  1028.9916  1028.9904     4.6844     0.0697     0.1192    34.1253    34.1238    8.30810         29 0.0000e+00
    323.000    319.409    -1.1498  27.563127    -1.1486  27.563025     5.9766     6.1511    -0.0149    98.7440 1.0000e-12  -74.08728 -110.76515  34.721225      99.74 1.8340e+03    703.800      16892  1028.9968  1028.9955     4.6843     0.0697     0.1197    34.1258    34.1242    8.30784         28 0.0000e+00
    324.000    320.398    -1.1487  27.564896    -1.1476  27.564672     5.9763     6.1476    -0.0150    98.7449 1.0000e-12  -74.08728 -110.76515  34.721238      99.74 1.8334e+03    704.982      16921  1029.0020  1029.0006     4.6843     0.0692     0.1194    34.1264    34.1247    8.30756         28 0.0000e+00
    325.000    321.385    -1.1484  27.565611    -1.1472  27.565445     5.9765     6.1484    -0.0150    98.7498 1.0000e-12  -74.08728 -110.76514  34.721252      99.75 1.8334e+03    706.165      16949  1029.0068  1029.0054     4.6845     0.0701     0.1221    34.1264    34.1247    8.30749         29 0.0000e+00
    326.000    322.374    -1.1480  27.566511    -1.1468  27.566436     5.9786     6.1512    -0.0150    98.7595 1.0000e-12  -74.08728 -110.76516  34.721266      99.74 1.8334e+03    707.344      16977  1029.0117  1029.0104     4.6850     0.0698     0.1217    34.1265    34.1250    8.30739         28 0.0000e+00
    327.000    323.361    -1.1446  27.572061    -1.1434  27.571918     5.9700     6.1517    -0.0150    98.7752 1.0000e-12  -74.08728 -110.76515  34.721279      99.05 1.8326e+03    708.523      17006  1029.0187  1029.0174     4.6857     0.0689     0.1183    34.1296    34.1281    8.30646         28 0.0000e+00
    328.000    324.349    -1.1438  27.573653    -1.1432  27.572946     5.9749     6.1520    -0.0150    98.7499 1.0000e-12  -74.08728 -110.76515  34.721293      75.34 1.8327e+03    709.702      17034  1029.0240  1029.0226     4.6846     0.0680     0.1210    34.1303    34.1286    8.30624         29 0.0000e+00
    329.000    325.337    -1.1441  27.573847    -1.1430  27.573641     5.9789     6.1531    -0.0093    98.7495 1.0000e-12  -74.08728 -110.76515  34.721306      93.24 1.8332e+03    710.883      17062  1029.0288  1029.0275     4.6845     0.0684     0.1200    34.1303    34.1287    8.30630         28 0.0000e+00
    330.000    326.326    -1.1438  27.574616    -1.1427  27.574340     5.9810     6.1523    -0.0077    98.7403 1.0000e-12  -74.08728 -110.76515  34.721320      99.51 1.8333e+03    712.055      17090  1029.0337  1029.0323     4.6841     0.0690     0.1212    34.1304    34.1287    8.30623         28 0.0000e+00
    331.000    327.314    -1.1433  27.575810    -1.1422  27.575429     5.9794     6.1546    -0.0077    98.7400 1.0000e-12  -74.08728 -110.76516  34.721334      99.74 1.8333e+03    713.235      17119  1029.0388  1029.0373     4.6840     0.0705     0.1193    34.1308    34.1290    8.30609         29 0.0000e+00
    332.000    328.302    -1.1436  27.576107    -1.1428  27.575603     5.9779     6.1579    -0.0149    98.7366 1.0000e-12  -74.08728 -110.76514  34.721347      99.74 1.8327e+03    714.415      17147  1029.0437  1029.0423     4.6839     0.0689     0.1205    34.1310    34.1293    8.30615         28 0.0000e+00
    333.000    329.290    -1.1448  27.575403    -1.1436  27.575336     5.9835     6.1625    -0.0150    98.7248 1.0000e-12  -74.08728 -110.76515  34.721361      99.74 1.8334e+03    715.590      17175  1029.0484  1029.0472     4.6834     0.0681     0.1232    34.1307    34.1293    8.30644         28 0.0000e+00
    334.000    330.277    -1.1454  27.575352    -1.1442  27.575329     5.9883     6.1595    -0.0137    98.7375 1.0000e-12  -74.08728 -110.76515  34.721375      99.75 1.8319e+03    716.774      17204  1029.0532  1029.0520     4.6840     0.0711     0.1220    34.1308    34.1293    8.30657         28 0.0000e+00
    335.000    331.266    -1.1467  27.575489    -1.1454  27.575838     5.9904     6.1607    -0.0076    98.7487 1.0000e-12  -74.08728 -110.76515  34.721388      99.74 1.8334e+03    717.956      17232  1029.0590  1029.0580     4.6845     0.0691     0.1205    34.1318    34.1307    8.30680         28 0.0000e+00
    336.000    332.254    -1.1422  27.582970    -1.1403  27.583411     5.9897     6.1663    -0.0126    98.7158 1.0000e-12  -74.08728 -110.76516  34.721402      99.74 1.8337e+03    719.134      17260  1029.0670  1029.0656     4.6829     0.0710     0.1228    34.1362    34.1347    8.30552         29 0.0000e+00
    337.000    333.242    -1.1390  27.586900    -1.1378  27.586616     5.9920     6.1645    -0.0098    98.7257 1.0000e-12  -74.08728 -110.76514  34.721416      99.75 1.8333e+03    720.315      17289  1029.0725  1029.0710     4.6834     0.0700     0.1196    34.1374    34.1357    8.30475         29 0.0000e+00
    338.000    334.230    -1.1351  27.591285    -1.1340  27.591041     5.9864     6.1596    -0.0003    98.7355 1.0000e-12  -74.08728 -110.76515  34.721429      99.74 1.8334e+03    721.502      17317  1029.0778  1029.0764     4.6839     0.0707     0.1177    34.1383    34.1367    8.30384         28 0.0000e+00
    339.000    335.217    -1.1340  27.592514    -1.1330  27.592265     5.9844     6.1580     0.0004    98.7375 1.0000e-12  -74.08728 -110.76515  34.721443      99.75 1.8334e+03    722.679      17345  1029.0824  1029.0810     4.6840     0.0717     0.1201    34.1382    34.1366    8.30361         28 0.0000e+00
    340.000    336.209    -1.1339  27.593194    -1.1328  27.592755     5.9869     6.1586    -0.0017    98.7421 1.0000e-12  -74.08728 -110.76515  34.721457      92.54 1.8334e+03    723.857      17374  1029.0873  1029.0858     4.6842     0.0702     0.1222    34.1384    34.1365    8.30357         28 0.0000e+00
    341.000    337.193    -1.1335  27.594057    -1.1326  27.593553     5.9857     6.1593    -0.0077    98.7204 1.0000e-12  -74.08728 -110.76515  34.721470      99.77 1.8336e+03    725.047      17402  1029.0922  1029.0907     4.6831     0.0708     0.1226    34.1385    34.1367    8.30347         29 0.0000e+00
    342.000    338.182    -1.1305  27.596987    -1.1297  27.596454     5.9798     6.1540     0.0037    98.7154 1.0000e-12  -74.08728 -110.76516  34.721484      99.75 1.8337e+03    726.226      17430  1029.0967  1029.0953     4.6829     0.0715     0.1208    34.1384    34.1367    8.30281         28 0.0000e+00
    343.000    339.170    -1.1317  27.596518    -1.1308  27.596086     5.9797     6.1545    -0.0116    98.6966 1.0000e-12  -74.08728 -110.76516  34.721498      99.74 1.8331e+03    727.410      17459  1029.1017  1029.1004     4.6820     0.0716     0.1202    34.1385    34.1369    8.30306         29 0.0000e+00
    344.000    340.159    -1.1319  27.596588    -1.1315  27.595735     5.9768     6.1560    -0.0082    98.6888 1.0000e-12  -74.08728 -110.76516  34.721511      99.74 1.8347e+03    728.595      17487  1029.1063  1029.1049     4.6816     0.0707     0.1209    34.1383    34.1366    8.30313         28 0.0000e+00
    345.000    341.146    -1.1331  27.595980    -1.1324  27.595484     5.9843     6.1554    -0.0145    98.6289 1.0000e-12  -74.08728 -110.76516  34.721525      99.75 1.8343e+03    729.772      17516  1029.1111  1029.1099     4.6788     0.0705     0.1218    34.1381    34.1367    8.30339         28 0.0000e+00
    346.000    342.135    -1.1312  27.598096    -1.1298  27.598070     5.9762     6.1428    -0.0078    98.7110 1.0000e-12  -74.08728 -110.76516  34.721539      99.74 1.8335e+03    730.950      17544  1029.1158  1029.1144     4.6827     0.0696     0.1204    34.1382    34.1366    8.30297         29 0.0000e+00
    347.000    343.121    -1.1279  27.601875    -1.1263  27.601880     5.9681     6.1408    -0.0046    98.7090 1.0000e-12  -74.08728 -110.76514  34.721552      99.74 1.8342e+03    732.134      17572  1029.1211  1029.1195     4.6826     0.0703     0.1204    34.1391    34.1373    8.30220         28 0.0000e+00
    348.000    344.111    -1.1217  27.608712    -1.1199  27.608921     5.9681     6.1383     0.0035    98.7099 1.0000e-12  -74.08728 -110.76516  34.721566      99.75 1.8344e+03    733.309      17600  1029.1267  1029.1252     4.6826     0.0706     0.1209    34.1407    34.1390    8.30072         28 0.0000e+00
    349.000    345.099    -1.1190  27.611973    -1.1181  27.611374     5.9692     6.1439    -0.0078    98.7284 1.0000e-12  -74.08728 -110.76514  34.721580      99.74 1.8341e+03    734.488      17629  1029.1319  1029.1305     4.6835     0.0691     0.1207    34.1415    34.1397    8.30007         28 0.0000e+00
    350.000    346.085    -1.1209  27.610356    -1.1187  27.611272     5.9730     6.1373    -0.0110    98.7312 1.0000e-12  -74.08728 -110.76514  34.721593      96.56 1.8346e+03    735.674      17657  1029.1363  1029.1352     4.6837     0.0710     0.1207    34.1408    34.1397    8.30053         29 0.0000e+00
    351.000    347.074    -1.1192  27.612794    -1.1166  27.613988     5.9625     6.1402    -0.0150    98.7265 1.0000e-12  -74.08728 -110.76514  34.721607      93.49 1.8335e+03    736.853      17685  1029.1417  1029.1405     4.6834     0.0686     0.1221    34.1417    34.1404    8.30012         28 0.0000e+00
    352.000    348.063    -1.1143  27.618733    -1.1134  27.618257     5.9610     6.1421    -0.0150    98.7098 1.0000e-12  -74.08728 -110.76514  34.721621      99.79 1.8334e+03    738.029      17714  1029.1477  1029.1463     4.6826     0.0701     0.1197    34.1435    34.1419    8.29891         28 0.0000e+00
    353.000    349.050    -1.1134  27.620310    -1.1125  27.619528     5.9576     6.1425    -0.0057    98.7019 1.0000e-12  -74.08728 -110.76514  34.721634      99.75 1.8334e+03    739.210      17742  1029.1529  1029.1512     4.6822     0.0719     0.1210    34.1441    34.1420    8.29869         29 0.0000e+00
    354.000    350.038    -1.1109  27.623543    -1.1101  27.622922     5.9628     6.1432    -0.0110    98.7089 1.0000e-12  -74.08728 -110.76514  34.721648      99.75 1.8334e+03    740.387      17770  1029.1583  1029.1568     4.6826     0.0708     0.1220    34.1450    34.1433    8.29808         28 0.0000e+00
    355.000    351.027    -1.1108  27.624160    -1.1097  27.623687     5.9679     6.1357    -0.0093    98.7063 1.0000e-12  -74.08728 -110.76514  34.721662      99.74 1.8334e+03    741.558      17798  1029.1632  1029.1616     4.6824     0.0699     0.1211    34.1451    34.1432    8.29804         28 0.0000e+00
    356.000    352.014    -1.1100  27.625373    -1.1086  27.625351     5.9655     6.1293    -0.0017    98.6823 1.0000e-12  -74.08728 -110.76514  34.721675      99.76 1.8334e+03    742.732      17827  1029.1681  1029.1667     4.6813     0.0714     0.1215    34.1453    34.1437    8.29787         28 0.0000e+00
    357.000    353.002    -1.1077  27.628356    -1.1070  27.627481     5.9659     6.1313    -0.0004    98.6731 1.0000e-12  -74.08728 -110.76514  34.721689      99.74 1.8334e+03    743.904      17855  1029.1734  1029.1718     4.6809     0.0696     0.1229    34.1462    34.1442    8.29730         28 0.0000e+00
    358.000    353.990    -1.1034  27.633071    -1.1026  27.632358     5.9603     6.1253    -0.0007    98.6964 1.0000e-12  -74.08728 -110.76514  34.721702      99.74 1.8334e+03    745.074      17883  1029.1786  1029.1771     4.6820     0.0701     0.1194    34.1470    34.1452    8.29629         28 0.0000e+00
    359.000    354.978    -1.1013  27.635349    -1.1004  27.634832     5.9617     6.1319    -0.0059    98.6646 1.0000e-12  -74.08728 -110.76514  34.721716      99.75 1.8328e+03    746.248      17911  1029.1834  1029.1819     4.6805     0.0707     0.1220    34.1473    34.1454    8.29583         29 0.0000e+00
    360.000    355.966    -1.1001  27.637078    -1.0989  27.636716     5.9560     6.1292     0.0071    98.7132 1.0000e-12  -74.08728 -110.76516  34.721729      99.75 1.8334e+03    747.427      17939  1029.1884  1029.1869     4.6828     0.0716     0.1210    34.1475    34.1457    8.29553         28 0.0000e+00
    361.000    356.954    -1.1005  27.637011    -1.0993  27.636825     5.9579     6.1218     0.0035    98.6342 1.0000e-12  -74.08728 -110.76515  34.721743      78.94 1.8333e+03    748.595      17967  1029.1931  1029.1917     4.6790     0.0694     0.1182    34.1473    34.1457    8.29564         28 0.0000e+00
    362.000    357.942    -1.1006  27.637346    -1.0996  27.636922     5.9572     6.1263    -0.0054    98.6630 1.0000e-12  -74.08728 -110.76515  34.721757      93.26 1.8329e+03    749.771      17996  1029.1979  1029.1964     4.6804     0.0702     0.1213    34.1473    34.1456    8.29567         28 0.0000e+00
    363.000    358.930    -1.0997  27.638742    -1.0983  27.638679     5.9491     6.1215    -0.0032    98.6910 1.0000e-12  -74.08728 -110.76515  34.721770      60.55 1.8332e+03    750.949      18024  1029.2028  1029.2013     4.6817     0.0696     0.1226    34.1475    34.1459    8.29544         29 0.0000e+00
