ocean_section_plots/required_files/ctd/dnbp2202_ctd120.cnv
* Sea-Bird SBE 9 Data File:
* FileName = D:\Data\raw\NBP2202_CTD120.hex
* Software Version Seasave V 7.26.7.121
* Temperature SN = 1649
* Conductivity SN = 2513
* Number of Bytes Per Scan = 40
* Number of Voltage Words = 5
* Number of Scans Averaged by the Deck Unit = 1
* NMEA Latitude = 74 10.52 S
* NMEA Longitude = 113 20.65 W
* NMEA UTC (Time) = Jan 27 2022  10:40:49
* NMEA baud rate = 9600
** Ship: RVIB N.B. Palmer
** Cruise: NBP2202 Thwaites
** Station: YoYo001
** Operator: B. Bjork
# nquan = 25
# nvalues = 608                         
# units = specified
# name 0 = prDM: Pressure, Digiquartz [db]
# name 1 = depSM: Depth [salt water, m]
# name 2 = t090C: Temperature [ITS-90, deg C]
# name 3 = c0mS/cm: Conductivity [mS/cm]
# name 4 = t190C: Temperature, 2 [ITS-90, deg C]
# name 5 = c1mS/cm: Conductivity, 2 [mS/cm]
# name 6 = sbeox0ML/L: Oxygen, SBE 43 [ml/l]
# name 7 = sbeox1ML/L: Oxygen, SBE 43, 2 [ml/l]
# name 8 = flECO-AFL: Fluorescence, WET Labs ECO-AFL/FL [mg/m^3]
# name 9 = CStarTr0: Beam Transmission, WET Labs C-Star [%]
# name 10 = par: PAR/Irradiance, Biospherical/Licor
# name 11 = latitude: Latitude [deg]
# name 12 = longitude: Longitude [deg]
# name 13 = timeJ: Julian Days
# name 14 = altM: Altimeter [m]
# name 15 = spar: SPAR, Biospherical/Licor
# name 16 = timeS: Time, Elapsed [seconds]
# name 17 = scan: Scan Count
# name 18 = density00: Density [density, kg/m^3]
# name 19 = density11: Density, 2 [density, kg/m^3]
# name 20 = sal00: Salinity, Practical [PSU]
# name 21 = sal11: Salinity, Practical, 2 [PSU]
# name 22 = oxsolML/L: Oxygen Saturation, Garcia & Gordon [ml/l]
# name 23 = nbin: number of scans per bin
# name 24 = flag: flag
# span 0 =     10.000,    617.000       
# span 1 =      9.897,    609.708       
# span 2 =    -1.4193,     0.0921       
# span 3 =  27.015840,  28.927217       
# span 4 =    -1.4182,     0.0939       
# span 5 =  27.015895,  28.925926       
# span 6 =     4.6777,     8.5731       
# span 7 =     4.7296,     8.6475       
# span 8 =    -0.0221,    29.0324       
# span 9 =    69.0216,    95.6130       
# span 10 = 1.0000e-12, 4.9189e+00      
# span 11 =  -74.17538,  -74.17536      
# span 12 = -113.34426, -113.34424      
# span 13 =  27.445312,  27.452837      
# span 14 =       7.03,     102.99      
# span 15 = 2.2741e+02, 2.3447e+02      
# span 16 =     25.968,    676.082      
# span 17 =        624,      16227      
# span 18 =  1027.2267,  1030.5233      
# span 19 =  1027.2266,  1030.5207      
# span 20 =    33.7926,    34.3819      
# span 21 =    33.7904,    34.3792      
# span 22 =    8.02560,    8.38534      
# span 23 =         16,         49      
# span 24 = 0.0000e+00, 0.0000e+00      
# interval = decibars: 1                
# start_time = Jan 27 2022 10:40:49 [NMEA time, header]
# bad_flag = -9.990e-29
*END*
[from data line 116]
    126.000    124.658    -1.3756  27.128903    -1.3744  27.128495     5.4649     5.5213    -0.0221    95.5441 1.0000e-12  -74.17538 -113.34426  27.446713      99.87 2.3446e+02    146.981       3529  1027.8873  1027.8856    33.9088    33.9069    8.37106         24 0.0000e+00
    127.000    125.647    -1.3653  27.139253    -1.3624  27.140170     5.4409     5.5060    -0.0176    95.4275 1.0000e-12  -74.17538 -113.34426  27.446724      99.87 2.3446e+02    147.952       3552  1027.8930  1027.8912    33.9108    33.9088    8.36864         23 0.0000e+00
    128.000    126.635    -1.3387  27.165538    -1.3346  27.166865     5.4238     5.4955    -0.0082    95.5254 1.0000e-12  -74.17538 -113.34426  27.446735      99.86 2.3446e+02    148.930       3575  1027.9006  1027.8980    33.9161    33.9133    8.36234         23 0.0000e+00
    129.000    127.626    -1.3311  27.171747    -1.3288  27.172485     5.4175     5.4853    -0.0152    95.5557 1.0000e-12  -74.17538 -113.34426  27.446747      99.86 2.3446e+02    149.923       3599  1027.9045  1027.9030    33.9155    33.9138    8.36069         24 0.0000e+00
    130.000    128.614    -1.3193  27.184882    -1.3168  27.184984     5.4121     5.4798    -0.0150    95.5075 1.0000e-12  -74.17538 -113.34426  27.446758      99.87 2.3446e+02    150.898       3623  1027.9119  1027.9097    33.9195    33.9168    8.35780         24 0.0000e+00
    131.000    129.602    -1.3168  27.187711    -1.3154  27.187458     5.4133     5.4813    -0.0150    95.4392 1.0000e-12  -74.17538 -113.34426  27.446769      99.86 2.3446e+02    151.872       3646  1027.9171  1027.9155    33.9199    33.9179    8.35722         23 0.0000e+00
    132.000    130.593    -1.3161  27.189097    -1.3148  27.188756     5.4184     5.4832    -0.0150    95.5523 1.0000e-12  -74.17538 -113.34426  27.446781      99.86 2.3446e+02    152.851       3669  1027.9225  1027.9208    33.9204    33.9184    8.35703         24 0.0000e+00
    133.000    131.580    -1.3110  27.195402    -1.3101  27.194181     5.4254     5.4876    -0.0150    95.5631 1.0000e-12  -74.17538 -113.34425  27.446792      99.86 2.3446e+02    153.817       3693  1027.9289  1027.9267    33.9226    33.9200    8.35575         23 0.0000e+00
    134.000    132.570    -1.3075  27.199819    -1.3057  27.199831     5.4220     5.4932    -0.0106    95.5644 1.0000e-12  -74.17538 -113.34425  27.446803      99.86 2.3446e+02    154.782       3716  1027.9348  1027.9331    33.9241    33.9221    8.35488         23 0.0000e+00
    135.000    133.559    -1.3043  27.204152    -1.3028  27.203752     5.4275     5.4853    -0.0141    95.5565 1.0000e-12  -74.17538 -113.34425  27.446814      99.86 2.3446e+02    155.759       3739  1027.9409  1027.9391    33.9258    33.9236    8.35406         23 0.0000e+00
    136.000    134.549    -1.3034  27.205148    -1.3017  27.205254     5.4277     5.4901    -0.0199    95.5698 1.0000e-12  -74.17538 -113.34425  27.446826      99.86 2.3446e+02    156.728       3762  1027.9456  1027.9441    33.9255    33.9237    8.35388         24 0.0000e+00
    137.000    135.535    -1.3046  27.204901    -1.3030  27.204611     5.4309     5.4953    -0.0135    95.5533 1.0000e-12  -74.17538 -113.34425  27.446837      88.15 2.3446e+02    157.700       3786  1027.9508  1027.9491    33.9259    33.9237    8.35412         23 0.0000e+00
    138.000    136.527    -1.3068  27.203710    -1.3055  27.203492     5.4404     5.4977    -0.0087    95.5495 1.0000e-12  -74.17538 -113.34425  27.446848      99.66 2.3446e+02    158.673       3809  1027.9561  1027.9546    33.9262    33.9244    8.35460         24 0.0000e+00
    139.000    137.515    -1.3088  27.202733    -1.3075  27.202478     5.4509     5.5089    -0.0145    95.5476 1.0000e-12  -74.17538 -113.34425  27.446859      99.87 2.3446e+02    159.644       3832  1027.9614  1027.9598    33.9265    33.9246    8.35504         23 0.0000e+00
    140.000    138.504    -1.3122  27.200108    -1.3108  27.200111     5.4575     5.5163    -0.0150    95.5531 1.0000e-12  -74.17538 -113.34425  27.446870      99.87 2.3446e+02    160.606       3856  1027.9661  1027.9648    33.9261    33.9245    8.35582         23 0.0000e+00
    141.000    139.493    -1.3203  27.193652    -1.3190  27.193487     5.4573     5.5203    -0.0150    95.5644 1.0000e-12  -74.17538 -113.34425  27.446882      99.86 2.3446e+02    161.581       3879  1027.9712  1027.9698    33.9257    33.9241    8.35764         23 0.0000e+00
    142.000    140.481    -1.3201  27.194654    -1.3172  27.195607     5.4539     5.5141    -0.0099    95.5554 1.0000e-12  -74.17538 -113.34425  27.446893      99.86 2.3446e+02    162.547       3902  1027.9764  1027.9747    33.9263    33.9244    8.35757         23 0.0000e+00
    143.000    141.471    -1.3166  27.198878    -1.3161  27.197482     5.4420     5.5047    -0.0118    95.5667 1.0000e-12  -74.17538 -113.34426  27.446904      99.86 2.3446e+02    163.505       3925  1027.9820  1027.9800    33.9275    33.9250    8.35672         23 0.0000e+00
    144.000    142.460    -1.3083  27.206533    -1.3078  27.205469     5.4400     5.5018    -0.0117    95.5655 1.0000e-12  -74.17538 -113.34424  27.446915      99.87 2.3446e+02    164.473       3948  1027.9867  1027.9851    33.9280    33.9260    8.35483         24 0.0000e+00
    145.000    143.448    -1.3089  27.206415    -1.3069  27.206801     5.4429     5.5022    -0.0074    95.5545 1.0000e-12  -74.17538 -113.34424  27.446926      99.86 2.3446e+02    165.446       3972  1027.9915  1027.9900    33.9279    33.9262    8.35497         23 0.0000e+00
    146.000    144.439    -1.3070  27.208993    -1.3055  27.208629     5.4400     5.5001    -0.0077    95.5488 1.0000e-12  -74.17538 -113.34424  27.446938      99.87 2.3446e+02    166.400       3995  1027.9968  1027.9950    33.9286    33.9264    8.35450         23 0.0000e+00
    147.000    145.425    -1.3064  27.210022    -1.3049  27.209811     5.4419     5.5043    -0.0074    95.5619 1.0000e-12  -74.17538 -113.34424  27.446949      99.86 2.3446e+02    167.360       4018  1028.0017  1028.0001    33.9288    33.9268    8.35436         23 0.0000e+00
    148.000    146.416    -1.3064  27.210805    -1.3051  27.210440     5.4392     5.5050    -0.0074    95.5610 1.0000e-12  -74.17538 -113.34424  27.446960      99.86 2.3446e+02    168.324       4041  1028.0069  1028.0052    33.9292    33.9272    8.35434         23 0.0000e+00
    149.000    147.404    -1.3069  27.210844    -1.3049  27.211179     5.4398     5.5097    -0.0143    95.5599 1.0000e-12  -74.17538 -113.34424  27.446971      99.86 2.3446e+02    169.277       4064  1028.0118  1028.0102    33.9293    33.9274    8.35445         23 0.0000e+00
    150.000    148.395    -1.3052  27.212785    -1.3044  27.212087     5.4383     5.5086    -0.0147    95.5699 1.0000e-12  -74.17538 -113.34424  27.446982      99.86 2.3446e+02    170.238       4087  1028.0166  1028.0150    33.9294    33.9274    8.35407         23 0.0000e+00
    151.000    149.382    -1.3023  27.216548    -1.3011  27.215868     5.4351     5.5038    -0.0106    95.5689 1.0000e-12  -74.17538 -113.34424  27.446993      83.82 2.3446e+02    171.205       4110  1028.0222  1028.0203    33.9306    33.9283    8.35334         23 0.0000e+00
    152.000    150.372    -1.2987  27.220749    -1.2976  27.220110     5.4331     5.5067    -0.0077    95.5633 1.0000e-12  -74.17538 -113.34424  27.447004      99.73 2.3446e+02    172.161       4133  1028.0277  1028.0259    33.9316    33.9295    8.35246         23 0.0000e+00
    153.000    151.361    -1.2959  27.224663    -1.2946  27.224202     5.4373     5.5072    -0.0099    95.5599 1.0000e-12  -74.17538 -113.34424  27.447015      99.87 2.3446e+02    173.127       4156  1028.0336  1028.0319    33.9332    33.9312    8.35175         23 0.0000e+00
    154.000    152.349    -1.2953  27.226100    -1.2939  27.225833     5.4364     5.5008    -0.0151    95.5576 1.0000e-12  -74.17538 -113.34424  27.447027      99.86 2.3446e+02    174.099       4179  1028.0389  1028.0373    33.9338    33.9319    8.35157         23 0.0000e+00
    155.000    153.339    -1.2936  27.228357    -1.2917  27.228534     5.4340     5.4945    -0.0150    95.5543 1.0000e-12  -74.17538 -113.34424  27.447038      99.86 2.3446e+02    175.051       4202  1028.0441  1028.0425    33.9344    33.9326    8.35116         23 0.0000e+00
    156.000    154.328    -1.2916  27.230847    -1.2902  27.230662     5.4342     5.4988    -0.0150    95.5665 1.0000e-12  -74.17538 -113.34424  27.447049      99.86 2.3446e+02    176.008       4225  1028.0493  1028.0477    33.9350    33.9331    8.35068         24 0.0000e+00
    157.000    155.317    -1.2917  27.231582    -1.2902  27.231422     5.4368     5.5025    -0.0150    95.5655 1.0000e-12  -74.17538 -113.34424  27.447060      99.86 2.3446e+02    176.980       4249  1028.0545  1028.0529    33.9355    33.9336    8.35067         23 0.0000e+00
    158.000    156.304    -1.2917  27.232429    -1.2902  27.232183     5.4355     5.5052    -0.0207    95.5666 1.0000e-12  -74.17537 -113.34424  27.447071      99.86 2.3446e+02    177.947       4272  1028.0598  1028.0581    33.9360    33.9340    8.35064         23 0.0000e+00
    159.000    157.293    -1.2908  27.233856    -1.2899  27.232982     5.4353     5.5049    -0.0173    95.5655 1.0000e-12  -74.17536 -113.34424  27.447082      99.86 2.3446e+02    178.916       4295  1028.0648  1028.0630    33.9363    33.9341    8.35042         23 0.0000e+00
    160.000    158.283    -1.2863  27.239253    -1.2857  27.237875     5.4363     5.5037    -0.0110    95.5591 1.0000e-12  -74.17536 -113.34424  27.447094      99.86 2.3446e+02    179.905       4319  1028.0708  1028.0686    33.9380    33.9354    8.34932         24 0.0000e+00
    161.000    159.272    -1.2798  27.246445    -1.2786  27.245794     5.4360     5.5064    -0.0109    95.5656 1.0000e-12  -74.17536 -113.34424  27.447105      99.86 2.3446e+02    180.890       4342  1028.0767  1028.0748    33.9399    33.9377    8.34775         23 0.0000e+00
    162.000    160.260    -1.2803  27.246384    -1.2795  27.245732     5.4431     5.5078    -0.0148    95.5688 1.0000e-12  -74.17536 -113.34424  27.447117      99.86 2.3446e+02    181.869       4366  1028.0814  1028.0800    33.9398    33.9380    8.34787         24 0.0000e+00
    163.000    161.249    -1.2842  27.243465    -1.2828  27.243330     5.4453     5.5073    -0.0150    95.5357 1.0000e-12  -74.17536 -113.34424  27.447128      99.87 2.3446e+02    182.848       4389  1028.0864  1028.0849    33.9396    33.9378    8.34876         24 0.0000e+00
    164.000    162.239    -1.2846  27.243501    -1.2836  27.242952     5.4451     5.5080    -0.0150    95.5608 1.0000e-12  -74.17536 -113.34424  27.447139      50.52 2.3446e+02    183.824       4413  1028.0912  1028.0896    33.9394    33.9375    8.34885         23 0.0000e+00
    165.000    163.227    -1.2826  27.246513    -1.2808  27.246399     5.4483     5.5094    -0.0150    95.5633 1.0000e-12  -74.17536 -113.34424  27.447150      97.39 2.3446e+02    184.797       4436  1028.0968  1028.0950    33.9407    33.9385    8.34833         23 0.0000e+00
    166.000    164.217    -1.2817  27.247924    -1.2804  27.247556     5.4527     5.5137    -0.0147    95.5553 1.0000e-12  -74.17536 -113.34424  27.447162      99.85 2.3446e+02    185.785       4460  1028.1018  1028.1001    33.9410    33.9390    8.34811         25 0.0000e+00
    167.000    165.204    -1.2852  27.245319    -1.2826  27.246161     5.4579     5.5161    -0.0210    95.5664 1.0000e-12  -74.17536 -113.34424  27.447173      99.86 2.3446e+02    186.790       4484  1028.1067  1028.1051    33.9408    33.9389    8.34891         24 0.0000e+00
    168.000    166.194    -1.2892  27.242322    -1.2886  27.241395     5.4646     5.5168    -0.0107    95.5502 1.0000e-12  -74.17536 -113.34424  27.447186      99.86 2.3446e+02    187.829       4509  1028.1117  1028.1100    33.9406    33.9386    8.34982         25 0.0000e+00
    169.000    167.182    -1.2918  27.240472    -1.2907  27.239887     5.4805     5.5317    -0.0130    95.5626 1.0000e-12  -74.17536 -113.34424  27.447198      99.87 2.3446e+02    188.886       4534  1028.1163  1028.1147    33.9403    33.9382    8.35040         25 0.0000e+00
    170.000    168.171    -1.2986  27.234525    -1.2981  27.233801     5.4885     5.5464    -0.0150    95.5656 1.0000e-12  -74.17536 -113.34424  27.447210      99.86 2.3446e+02    189.929       4559  1028.1208  1028.1195    33.9393    33.9377    8.35200         25 0.0000e+00
    171.000    169.160    -1.3053  27.230685    -1.3036  27.230564     5.4960     5.5594    -0.0194    95.5707 1.0000e-12  -74.17536 -113.34424  27.447222      99.86 2.3446e+02    190.957       4584  1028.1273  1028.1255    33.9409    33.9389    8.35339         25 0.0000e+00
    172.000    170.149    -1.3034  27.234271    -1.3010  27.235239     5.5101     5.5715    -0.0184    95.5687 1.0000e-12  -74.17536 -113.34424  27.447234      99.86 2.3446e+02    191.986       4609  1028.1337  1028.1324    33.9431    33.9417    8.35284         24 0.0000e+00
    173.000    171.138    -1.2988  27.241385    -1.2975  27.240341     5.5187     5.5770    -0.0075    95.5676 1.0000e-12  -74.17536 -113.34424  27.447246      99.86 2.3446e+02    193.017       4633  1028.1413  1028.1389    33.9470    33.9441    8.35158         25 0.0000e+00
    174.000    172.127    -1.2946  27.249771    -1.2933  27.248996     5.5248     5.5787    -0.0059    95.5718 1.0000e-12  -74.17536 -113.34424  27.447258      99.86 2.3446e+02    194.056       4658  1028.1507  1028.1487    33.9531    33.9507    8.35027         25 0.0000e+00
    175.000    173.117    -1.2930  27.252559    -1.2917  27.252115     5.5221     5.5878    -0.0151    95.5766 1.0000e-12  -74.17536 -113.34424  27.447270      99.86 2.3446e+02    195.112       4684  1028.1566  1028.1549    33.9546    33.9525    8.34984         26 0.0000e+00
    176.000    174.104    -1.2929  27.253271    -1.2916  27.252866     5.5222     5.5890    -0.0124    95.5780 1.0000e-12  -74.17536 -113.34424  27.447282      99.86 2.3446e+02    196.168       4709  1028.1615  1028.1598    33.9548    33.9527    8.34980         25 0.0000e+00
    177.000    175.093    -1.2928  27.254386    -1.2913  27.254138     5.5189     5.5889    -0.0097    95.5748 1.0000e-12  -74.17536 -113.34424  27.447294      93.55 2.3446e+02    197.217       4734  1028.1670  1028.1653    33.9556    33.9536    8.34973         25 0.0000e+00
    178.000    176.082    -1.2919  27.256314    -1.2902  27.256627     5.5282     5.5900    -0.0150    95.5824 1.0000e-12  -74.17536 -113.34424  27.447306      99.85 2.3446e+02    198.266       4759  1028.1725  1028.1713    33.9565    33.9551    8.34946         26 0.0000e+00
    179.000    177.071    -1.2896  27.260182    -1.2884  27.259661     5.5350     5.5936    -0.0150    95.5780 1.0000e-12  -74.17536 -113.34424  27.447318      99.87 2.3446e+02    199.314       4785  1028.1789  1028.1771    33.9587    33.9566    8.34883         25 0.0000e+00
    180.000    178.060    -1.2902  27.260489    -1.2887  27.260378     5.5361     5.5909    -0.0136    95.5830 1.0000e-12  -74.17536 -113.34424  27.447331      99.86 2.3446e+02    200.358       4810  1028.1841  1028.1826    33.9592    33.9573    8.34894         25 0.0000e+00
    181.000    179.049    -1.2908  27.260784    -1.2893  27.260603     5.5336     5.5946    -0.0089    95.5769 1.0000e-12  -74.17536 -113.34424  27.447343      99.86 2.3446e+02    201.412       4835  1028.1893  1028.1877    33.9596    33.9577    8.34904         25 0.0000e+00
    182.000    180.037    -1.2904  27.261533    -1.2890  27.261323     5.5385     5.6021    -0.0144    95.5924 1.0000e-12  -74.17536 -113.34424  27.447355      99.86 2.3446e+02    202.461       4860  1028.1941  1028.1925    33.9595    33.9577    8.34895         25 0.0000e+00
