ocean_section_plots/required_files/ctd/dnbp2202_ctd190.cnv
* Sea-Bird SBE 9 Data File:
* FileName = D:\Data\raw\NBP2202_CTD190.hex
* Software Version Seasave V 7.26.7.121
* Temperature SN = 1649
* Conductivity SN = 2513
* Number of Bytes Per Scan = 40
* Number of Voltage Words = 5
* Number of Scans Averaged by the Deck Unit = 1
* NMEA Latitude = 74 10.23 S
* NMEA Longitude = 113 17.96 W
* NMEA UTC (Time) = Feb 07 2022  09:49:35
* NMEA baud rate = 9600
** Ship: RVIB N.B. Palmer
** Cruise: NBP2202 Thwaites
** Station: 111
** Operator: B Bjork
# nquan = 28
# nvalues = 696                         
# units = specified
# name 0 = prDM: Pressure, Digiquartz [db]
# name 1 = depSM: Depth [salt water, m]
# name 2 = t090C: Temperature [ITS-90, deg C]
# name 3 = c0mS/cm: Conductivity [mS/cm]
# name 4 = t190C: Temperature, 2 [ITS-90, deg C]
# name 5 = c1mS/cm: Conductivity, 2 [mS/cm]
# name 6 = sbeox0ML/L: Oxygen, SBE 43 [ml/l]
# name 7 = sbeox1ML/L: Oxygen, SBE 43, 2 [ml/l]
# name 8 = flECO-AFL: Fluorescence, WET Labs ECO-AFL/FL [mg/m^3]
# name 9 = CStarTr0: Beam Transmission, WET Labs C-Star [%]
# name 10 = par: PAR/Irradiance, Biospherical/Licor
# name 11 = latitude: Latitude [deg]
# name 12 = longitude: Longitude [deg]
# name 13 = timeJ: Julian Days
# name 14 = altM: Altimeter [m]
# name 15 = spar: SPAR, Biospherical/Licor
# name 16 = timeS: Time, Elapsed [seconds]
# name 17 = scan: Scan Count
# name 18 = density00: Density [density, kg/m^3]
# name 19 = density11: Density, 2 [density, kg/m^3]
# name 20 = v3: Voltage 3
# name 21 = v4: Voltage 4
# name 22 = v5: Voltage 5
# name 23 = sal00: Salinity, Practical [PSU]
# name 24 = sal11: Salinity, Practical, 2 [PSU]
# name 25 = oxsolML/L: Oxygen Saturation, Garcia & Gordon [ml/l]
# name 26 = nbin: number of scans per bin
# name 27 = flag: flag
# span 0 =      2.000,    697.000       
# span 1 =      1.977,    688.630       
# span 2 =    -1.5661,     0.1722       
# span 3 =  26.900176,  29.056827       
# span 4 =    -1.5644,     0.1743       
# span 5 =  26.900137,  29.057214       
# span 6 =     4.6782,     8.7029       
# span 7 =     4.7652,     8.9456       
# span 8 =    -0.0211,    26.1135       
# span 9 =    75.1091,    98.2513       
# span 10 = -1.350e-05, 1.2584e+01      
# span 11 =  -74.17052,  -74.17050      
# span 12 = -113.29950, -113.29944      
# span 13 =  38.412091,  38.421425      
# span 14 =       7.42,     100.25      
# span 15 = 3.7017e+01, 4.8271e+01      
# span 16 =    229.672,   1036.099      
# span 17 =       5513,      24867      
# span 18 =  1027.1721,  1030.9208      
# span 19 =  1027.1709,  1030.9187      
# span 20 =     3.5637,     4.6609      
# span 21 =     0.0638,     3.5788      
# span 22 =     0.1193,     0.2563      
# span 23 =    33.7777,    34.4169      
# span 24 =    33.7763,    34.4145      
# span 25 =    8.00690,    8.41814      
# span 26 =         13,         49      
# span 27 = 0.0000e+00, 0.0000e+00      
# interval = decibars: 1                
# start_time = Feb 07 2022 09:49:35 [NMEA time, header]
# bad_flag = -9.990e-29
*END*
[from data line 259]
    261.000    258.137    -0.8271  27.766018    -0.8258  27.764950     5.1320     5.2540     0.0355    97.9692 1.0000e-12  -74.17050 -113.29947  38.415795      99.95 4.2539e+01    549.673      13193  1028.6427  1028.6402     4.6475     0.0700     0.1305    34.0745    34.0716    8.23976         23 0.0000e+00
    262.000    259.123    -0.8238  27.769267    -0.8214  27.769337     5.1274     5.2523     0.0065    97.9426 1.0000e-12  -74.17050 -113.29947  38.415806      76.91 4.1953e+01    550.672      13217  1028.6475  1028.6453     4.6462     0.0707     0.1301    34.0746    34.0719    8.23903         25 0.0000e+00
    263.000    260.112    -0.8214  27.771903    -0.8199  27.771126     5.1294     5.2542     0.0097    97.9537 1.0000e-12  -74.17050 -113.29947  38.415818      91.32 4.2815e+01    551.678      13241  1028.6526  1028.6503     4.6468     0.0712     0.1300    34.0749    34.0721    8.23850         24 0.0000e+00
    264.000    261.101    -0.8206  27.773121    -0.8186  27.773008     5.1245     5.2490     0.0057    97.9680 1.0000e-12  -74.17050 -113.29947  38.415829      99.49 4.2998e+01    552.662      13265  1028.6577  1028.6556     4.6474     0.0717     0.1297    34.0750    34.0725    8.23832         23 0.0000e+00
    265.000    262.090    -0.8221  27.772310    -0.8209  27.771260     5.1298     5.2474    -0.0064    97.9433 1.0000e-12  -74.17050 -113.29947  38.415841      99.94 4.1805e+01    553.638      13288  1028.6627  1028.6605     4.6463     0.0710     0.1283    34.0750    34.0722    8.23864         24 0.0000e+00
    266.000    263.078    -0.8178  27.777292    -0.8160  27.776840     5.1294     5.2477    -0.0055    97.9333 1.0000e-12  -74.17050 -113.29946  38.415852      99.94 4.2848e+01    554.627      13312  1028.6684  1028.6662     4.6458     0.0696     0.1314    34.0762    34.0736    8.23763         23 0.0000e+00
    267.000    264.065    -0.8152  27.780370    -0.8134  27.779954     5.1212     5.2448     0.0060    97.9538 1.0000e-12  -74.17050 -113.29946  38.415863      99.94 4.2823e+01    555.604      13335  1028.6736  1028.6714     4.6468     0.0707     0.1301    34.0769    34.0742    8.23703         24 0.0000e+00
    268.000    265.055    -0.8120  27.784267    -0.8100  27.783884     5.1083     5.2300     0.0092    97.9490 1.0000e-12  -74.17050 -113.29946  38.415875      99.94 4.2007e+01    556.577      13359  1028.6792  1028.6768     4.6465     0.0713     0.1316    34.0779    34.0752    8.23626         23 0.0000e+00
    269.000    266.043    -0.7993  27.798180    -0.7970  27.798095     5.1033     5.2210    -0.0054    97.9495 1.0000e-12  -74.17050 -113.29946  38.415886      99.94 4.2981e+01    557.574      13383  1028.6863  1028.6840     4.6466     0.0720     0.1306    34.0819    34.0791    8.23327         24 0.0000e+00
    270.000    267.031    -0.7826  27.815491    -0.7808  27.814955     5.0987     5.2174    -0.0133    97.9571 1.0000e-12  -74.17050 -113.29947  38.415898      99.94 4.3564e+01    558.573      13407  1028.6931  1028.6908     4.6469     0.0714     0.1314    34.0858    34.0830    8.22938         24 0.0000e+00
    271.000    268.020    -0.7752  27.823482    -0.7737  27.822723     5.0927     5.2119    -0.0059    97.9484 1.0000e-12  -74.17050 -113.29947  38.415909      99.94 4.2160e+01    559.564      13431  1028.6991  1028.6968     4.6465     0.0715     0.1315    34.0877    34.0849    8.22767         24 0.0000e+00
    272.000    269.008    -0.7723  27.827396    -0.7708  27.826690     5.0913     5.2106    -0.0128    97.9378 1.0000e-12  -74.17050 -113.29947  38.415921      99.94 4.2888e+01    560.551      13454  1028.7050  1028.7027     4.6460     0.0864     0.1302    34.0891    34.0864    8.22695         24 0.0000e+00
    273.000    269.997    -0.7681  27.832042    -0.7664  27.831406     5.0947     5.2035    -0.0068    97.9267 1.0000e-12  -74.17050 -113.29947  38.415932      99.94 4.3607e+01    561.534      13478  1028.7104  1028.7081     4.6455     0.0870     0.1308    34.0900    34.0872    8.22598         23 0.0000e+00
    274.000    270.984    -0.7641  27.836809    -0.7626  27.835793     5.0901     5.2041    -0.0121    97.8473 1.0000e-12  -74.17050 -113.29946  38.415943      99.94 4.2158e+01    562.499      13501  1028.7160  1028.7135     4.6417     0.0692     0.1307    34.0913    34.0882    8.22503         23 0.0000e+00
    275.000    271.974    -0.7599  27.841093    -0.7582  27.840752     5.0839     5.2016    -0.0144    97.9560 1.0000e-12  -74.17050 -113.29946  38.415954      99.94 4.2466e+01    563.471      13524  1028.7211  1028.7190     4.6468     0.0711     0.1320    34.0918    34.0894    8.22410         23 0.0000e+00
    276.000    272.960    -0.7592  27.842465    -0.7572  27.842127     5.0833     5.2015    -0.0070    97.9570 1.0000e-12  -74.17050 -113.29946  38.415966      99.94 4.3713e+01    564.444      13548  1028.7263  1028.7240     4.6469     0.0705     0.1314    34.0922    34.0895    8.22391         24 0.0000e+00
    277.000    273.950    -0.7552  27.846717    -0.7534  27.846239     5.0752     5.1963     0.0016    97.9602 1.0000e-12  -74.17050 -113.29948  38.415977      95.36 4.2614e+01    565.428      13571  1028.7314  1028.7291     4.6471     0.0710     0.1322    34.0929    34.0902    8.22300         24 0.0000e+00
    278.000    274.937    -0.7522  27.850232    -0.7498  27.850239     5.0773     5.1919    -0.0076    97.9501 1.0000e-12  -74.17050 -113.29946  38.415989      99.89 4.2451e+01    566.449      13596  1028.7367  1028.7344     4.6466     0.0709     0.1302    34.0936    34.0909    8.22230         25 0.0000e+00
    279.000    275.927    -0.7480  27.854542    -0.7465  27.853807     5.0696     5.1869    -0.0141    97.9646 1.0000e-12  -74.17050 -113.29948  38.416001      99.94 4.3639e+01    567.486      13621  1028.7417  1028.7395     4.6473     0.0702     0.1296    34.0941    34.0914    8.22136         24 0.0000e+00
    280.000    276.914    -0.7473  27.855712    -0.7460  27.854773     5.0579     5.1793    -0.0141    97.9592 1.0000e-12  -74.17050 -113.29946  38.416013      99.94 4.2512e+01    568.508      13645  1028.7467  1028.7444     4.6470     0.0698     0.1317    34.0943    34.0915    8.22120         25 0.0000e+00
    281.000    277.903    -0.7383  27.865131    -0.7390  27.862007     5.0474     5.1690    -0.0123    97.9581 1.0000e-12  -74.17050 -113.29947  38.416024      99.94 4.2309e+01    569.519      13669  1028.7524  1028.7498     4.6469     0.0700     0.1327    34.0962    34.0928    8.21912         24 0.0000e+00
    282.000    278.892    -0.7343  27.869077    -0.7321  27.868859     5.0443     5.1668     0.0039    97.9291 1.0000e-12  -74.17050 -113.29946  38.416036      99.94 4.3706e+01    570.522      13694  1028.7572  1028.7549     4.6456     0.0699     0.1305    34.0964    34.0937    8.21823         24 0.0000e+00
    283.000    279.879    -0.7281  27.875336    -0.7266  27.874362     5.0418     5.1546    -0.0127    97.9366 1.0000e-12  -74.17050 -113.29948  38.416047      99.94 4.2775e+01    571.493      13717  1028.7623  1028.7598     4.6460     0.0686     0.1309    34.0973    34.0943    8.21684         23 0.0000e+00
    284.000    280.869    -0.7243  27.879347    -0.7236  27.877785     5.0306     5.1386    -0.0137    97.9345 1.0000e-12  -74.17050 -113.29946  38.416059      99.94 4.2310e+01    572.456      13740  1028.7674  1028.7650     4.6458     0.0681     0.1304    34.0979    34.0949    8.21599         23 0.0000e+00
    285.000    281.856    -0.7168  27.887593    -0.7093  27.892901     5.0134     5.1248    -0.0184    97.9612 1.0000e-12  -74.17050 -113.29948  38.416070      99.94 4.3261e+01    573.435      13763  1028.7733  1028.7717     4.6471     0.0688     0.1331    34.0999    34.0986    8.21423         24 0.0000e+00
    286.000    282.844    -0.6994  27.905212    -0.6935  27.908471     5.0044     5.1227    -0.0179    97.9636 1.0000e-12  -74.17050 -113.29946  38.416081      99.94 4.2998e+01    574.421      13787  1028.7798  1028.7776     4.6473     0.0693     0.1324    34.1035    34.1012    8.21025         23 0.0000e+00
    287.000    283.833    -0.6921  27.912888    -0.6900  27.912518     5.0039     5.1256    -0.0091    97.9313 1.0000e-12  -74.17050 -113.29948  38.416093      99.94 4.2306e+01    575.421      13811  1028.7854  1028.7830     4.6457     0.0687     0.1314    34.1050    34.1021    8.20857         25 0.0000e+00
    288.000    284.821    -0.6929  27.912039    -0.6910  27.911840     5.0091     5.1231    -0.0087    97.9311 1.0000e-12  -74.17050 -113.29946  38.416104      99.94 4.3306e+01    576.418      13835  1028.7897  1028.7877     4.6457     0.0696     0.1311    34.1042    34.1017    8.20879         23 0.0000e+00
    289.000    285.808    -0.6932  27.912321    -0.6908  27.912405     5.0147     5.1214    -0.0154    97.9227 1.0000e-12  -74.17050 -113.29948  38.416116      99.94 4.3338e+01    577.401      13859  1028.7947  1028.7926     4.6453     0.0695     0.1304    34.1042    34.1017    8.20885         24 0.0000e+00
    290.000    286.799    -0.6946  27.911007    -0.6931  27.910260     5.0098     5.1222    -0.0198    97.9266 1.0000e-12  -74.17050 -113.29946  38.416127      99.94 4.2318e+01    578.366      13882  1028.7991  1028.7969     4.6455     0.0696     0.1298    34.1035    34.1008    8.20920         23 0.0000e+00
    291.000    287.785    -0.6949  27.911191    -0.6933  27.910494     5.0059     5.1190    -0.0125    97.9311 1.0000e-12  -74.17050 -113.29948  38.416138      99.94 4.3071e+01    579.328      13905  1028.8039  1028.8017     4.6457     0.0707     0.1312    34.1034    34.1007    8.20927         23 0.0000e+00
    292.000    288.774    -0.6939  27.912603    -0.6923  27.911969     5.0045     5.1212    -0.0203    97.9049 1.0000e-12  -74.17050 -113.29946  38.416149      99.94 4.3300e+01    580.269      13927  1028.8089  1028.8067     4.6445     0.0697     0.1290    34.1036    34.1010    8.20904         23 0.0000e+00
    293.000    289.763    -0.6931  27.913885    -0.6911  27.913644     5.0042     5.1193    -0.0145    97.9207 1.0000e-12  -74.17050 -113.29948  38.416160      99.94 4.2329e+01    581.231      13951  1028.8138  1028.8117     4.6452     0.0712     0.1315    34.1038    34.1012    8.20885         23 0.0000e+00
    294.000    290.749    -0.6895  27.918414    -0.6871  27.918310     4.9910     5.1095    -0.0138    97.9216 1.0000e-12  -74.17050 -113.29948  38.416172      99.94 4.2968e+01    582.227      13974  1028.8195  1028.8171     4.6453     0.0711     0.1340    34.1052    34.1024    8.20798         24 0.0000e+00
    295.000    291.739    -0.6795  27.929376    -0.6762  27.930252     4.9817     5.1014    -0.0144    97.9162 1.0000e-12  -74.17050 -113.29948  38.416183      99.94 4.3866e+01    583.245      13999  1028.8260  1028.8238     4.6450     0.0698     0.1321    34.1082    34.1057    8.20565         24 0.0000e+00
    296.000    292.726    -0.6618  27.948684    -0.6596  27.948214     4.9718     5.0913    -0.0129    97.9254 1.0000e-12  -74.17050 -113.29948  38.416195      99.94 4.2297e+01    584.258      14023  1028.8339  1028.8313     4.6454     0.0694     0.1317    34.1136    34.1106    8.20148         25 0.0000e+00
    297.000    293.715    -0.6435  27.968377    -0.6408  27.968599     4.9801     5.0842    -0.0144    97.9140 1.0000e-12  -74.17050 -113.29948  38.416207      99.94 4.2800e+01    585.287      14048  1028.8417  1028.8393     4.6449     0.0684     0.1326    34.1190    34.1163    8.19721         25 0.0000e+00
    298.000    294.703    -0.6365  27.976438    -0.6343  27.976185     4.9743     5.0833    -0.0150    97.9258 1.0000e-12  -74.17050 -113.29948  38.416219      99.94 4.3260e+01    586.304      14072  1028.8480  1028.8457     4.6454     0.0693     0.1310    34.1213    34.1186    8.19555         24 0.0000e+00
    299.000    295.692    -0.6324  27.981562    -0.6303  27.981033     4.9740     5.0839    -0.0144    97.9206 1.0000e-12  -74.17050 -113.29948  38.416230      99.94 4.2323e+01    587.298      14096  1028.8541  1028.8515     4.6452     0.0694     0.1312    34.1230    34.1200    8.19457         24 0.0000e+00
    300.000    296.679    -0.6293  27.985313    -0.6271  27.985270     4.9697     5.0824    -0.0063    97.9078 1.0000e-12  -74.17050 -113.29948  38.416242      99.94 4.2912e+01    588.276      14120  1028.8595  1028.8574     4.6446     0.0691     0.1319    34.1240    34.1215    8.19385         23 0.0000e+00
    301.000    297.669    -0.6269  27.988516    -0.6249  27.988224     4.9666     5.0775    -0.0211    97.8931 1.0000e-12  -74.17050 -113.29948  38.416253      99.93 4.3075e+01    589.249      14143  1028.8650  1028.8628     4.6439     0.0704     0.1311    34.1250    34.1223    8.19327         23 0.0000e+00
    302.000    298.657    -0.6199  27.996778    -0.6177  27.996534     4.9629     5.0744    -0.0038    97.8969 1.0000e-12  -74.17050 -113.29948  38.416264      99.94 4.2530e+01    590.229      14166  1028.8715  1028.8692     4.6441     0.0707     0.1318    34.1276    34.1248    8.19160         24 0.0000e+00
    303.000    299.644    -0.6059  28.012795    -0.6033  28.012821     4.9589     5.0707    -0.0111    97.9087 1.0000e-12  -74.17050 -113.29948  38.416276      96.41 4.2591e+01    591.242      14191  1028.8796  1028.8770     4.6446     0.0700     0.1318    34.1329    34.1299    8.18828         25 0.0000e+00
    304.000    300.632    -0.5961  28.023895    -0.5936  28.024001     4.9577     5.0697    -0.0125    97.9166 1.0000e-12  -74.17050 -113.29948  38.416288      99.97 4.3934e+01    592.262      14215  1028.8864  1028.8841     4.6450     0.0708     0.1311    34.1361    34.1334    8.18596         23 0.0000e+00
    305.000    301.622    -0.5884  28.032931    -0.5863  28.032483     4.9504     5.0611    -0.0177    97.9139 1.0000e-12  -74.17050 -113.29948  38.416299      99.94 4.2582e+01    593.257      14239  1028.8930  1028.8905     4.6449     0.0708     0.1319    34.1390    34.1360    8.18413         25 0.0000e+00
    306.000    302.609    -0.5825  28.039555    -0.5805  28.039186     4.9542     5.0666    -0.0137    97.9053 1.0000e-12  -74.17050 -113.29948  38.416311      99.94 4.2384e+01    594.258      14263  1028.8989  1028.8966     4.6445     0.0702     0.1327    34.1407    34.1379    8.18276         23 0.0000e+00
    307.000    303.597    -0.5806  28.041913    -0.5787  28.041513     4.9533     5.0610    -0.0119    97.9066 1.0000e-12  -74.17050 -113.29948  38.416322      99.94 4.3895e+01    595.258      14287  1028.9041  1028.9018     4.6445     0.0697     0.1316    34.1411    34.1385    8.18233         24 0.0000e+00
    308.000    304.586    -0.5773  28.046287    -0.5750  28.046116     4.9382     5.0579    -0.0120    97.9044 1.0000e-12  -74.17050 -113.29948  38.416334      99.94 4.2665e+01    596.238      14311  1028.9099  1028.9076     4.6444     0.0702     0.1315    34.1426    34.1398    8.18151         24 0.0000e+00
    309.000    305.573    -0.5670  28.058550    -0.5642  28.058742     4.9422     5.0612    -0.0126    97.9226 1.0000e-12  -74.17050 -113.29948  38.416345      99.94 4.2312e+01    597.222      14334  1028.9175  1028.9150     4.6453     0.0697     0.1331    34.1469    34.1440    8.17904         24 0.0000e+00
    310.000    306.562    -0.5578  28.068823    -0.5554  28.068704     4.9466     5.0570    -0.0134    97.9154 1.0000e-12  -74.17050 -113.29948  38.416357      99.93 4.3839e+01    598.206      14358  1028.9240  1028.9216     4.6449     0.0686     0.1336    34.1498    34.1469    8.17689         23 0.0000e+00
    311.000    307.550    -0.5550  28.072580    -0.5528  28.072518     4.9454     5.0530    -0.0175    97.9098 1.0000e-12  -74.17050 -113.29948  38.416368      99.94 4.3111e+01    599.195      14382  1028.9298  1028.9276     4.6447     0.0703     0.1346    34.1511    34.1485    8.17622         24 0.0000e+00
