ocean_section_plots/required_files/ctd/dnbp2202_ctd012.cnv
* Sea-Bird SBE 9 Data File:
* FileName = D:\Data\raw\NBP2202_CTD012.hex
* Software Version Seasave V 7.26.7.121
* Temperature SN = 1649
* Conductivity SN = 2513
* Number of Bytes Per Scan = 40
* Number of Voltage Words = 5
* Number of Scans Averaged by the Deck Unit = 1
* NMEA Latitude = 73 06.18 S
* NMEA Longitude = 113 50.46 W
* NMEA UTC (Time) = Jan 17 2022  00:41:22
* NMEA baud rate = 9600
** Ship: RVIB N.B. Palmer
** Cruise: NBP2202 Thwaites
** Station: #7
** Operator: A. Robinson
# nquan = 25
# nvalues = 526                         
# units = specified
# name 0 = prDM: Pressure, Digiquartz [db]
# name 1 = depSM: Depth [salt water, m]
# name 2 = t090C: Temperature [ITS-90, deg C]
# name 3 = c0mS/cm: Conductivity [mS/cm]
# name 4 = t190C: Temperature, 2 [ITS-90, deg C]
# name 5 = c1mS/cm: Conductivity, 2 [mS/cm]
# name 6 = sbeox0ML/L: Oxygen, SBE 43 [ml/l]
# name 7 = sbeox1ML/L: Oxygen, SBE 43, 2 [ml/l]
# name 8 = flECO-AFL: Fluorescence, WET Labs ECO-AFL/FL [mg/m^3]
# name 9 = CStarTr0: Beam Transmission, WET Labs C-Star [%]
# name 10 = par: PAR/Irradiance, Biospherical/Licor
# name 11 = latitude: Latitude [deg]
# name 12 = longitude: Longitude [deg]
# name 13 = timeJ: Julian Days
# name 14 = altM: Altimeter [m]
# name 15 = spar: SPAR, Biospherical/Licor
# name 16 = timeS: Time, Elapsed [seconds]
# name 17 = scan: Scan Count
# name 18 = density00: Density [density, kg/m^3]
# name 19 = density11: Density, 2 [density, kg/m^3]
# name 20 = sal00: Salinity, Practical [PSU]
# name 21 = sal11: Salinity, Practical, 2 [PSU]
# name 22 = oxsolML/L: Oxygen Saturation, Garcia & Gordon [ml/l]
# name 23 = nbin: number of scans per bin
# name 24 = flag: flag
# span 0 =      2.000,    527.000       
# span 1 =      1.983,    520.893       
# span 2 =    -1.5454,     0.5301       
# span 3 =  27.054631,  29.403373       
# span 4 =    -1.5448,     0.5325       
# span 5 =  27.054306,  29.403110       
# span 6 =     4.5302,     8.7118       
# span 7 =     4.8303,     9.2159       
# span 8 =    -0.0152,    23.4656       
# span 9 =    70.6608,    97.7473       
# span 10 = -1.924e-05, 1.4911e+02      
# span 11 =  -73.10306,  -73.10302      
# span 12 = -113.84108, -113.84100      
# span 13 =  17.031253,  17.040288      
# span 14 =       2.77,     103.56      
# span 15 = 6.4035e+02, 1.7872e+03      
# span 16 =    218.216,    998.903      
# span 17 =       5238,      23975      
# span 18 =  1027.2336,  1030.2178      
# span 19 =  1027.2331,  1030.2153      
# span 20 =    33.8806,    34.5682      
# span 21 =    33.8798,    34.5651      
# span 22 =    7.92459,    8.40427      
# span 23 =          2,         51      
# span 24 = 0.0000e+00, 0.0000e+00      
# interval = decibars: 1                
# start_time = Jan 17 2022 00:41:22 [NMEA time, header]
# bad_flag = -9.990e-29
*END*
      2.000      1.983    -0.4552  27.814384    -0.4554  27.813661     8.6963     8.7782    15.9684    71.7318 1.4911e+02  -73.10304 -113.84103  17.031253     103.56 1.4499e+03    218.216       5238  1027.2336  1027.2331    33.8807    33.8801    8.17025          2 0.0000e+00
      3.000      2.967    -0.4547  27.815143    -0.4544  27.814898     8.7073     8.7471    16.1561    71.4700 9.5400e+01  -73.10305 -113.84105  17.031294      96.00 1.5476e+03    221.813       5325  1027.2385  1027.2379    33.8807    33.8800    8.17016         37 0.0000e+00
      4.000      3.957    -0.4550  27.815405    -0.4537  27.815872     8.6988     8.7382    17.5420    71.7879 6.8661e+01  -73.10304 -113.84106  17.031347      79.94 1.7454e+03    226.385       5434  1027.2433  1027.2426    33.8807    33.8799    8.17021         42 0.0000e+00
      5.000      4.947    -0.4564  27.814873    -0.4558  27.814670     8.7070     8.7649    16.3493    72.0658 4.8470e+01  -73.10304 -113.84106  17.031387     100.35 1.4053e+03    229.851       5517  1027.2483  1027.2477    33.8809    33.8800    8.17050         32 0.0000e+00
      6.000      5.940    -0.4505  27.819971    -0.4496  27.820134     8.7118     8.7950    17.3886    71.5160 3.4506e+01  -73.10304 -113.84106  17.031423      99.79 1.2347e+03    232.974       5592  1027.2525  1027.2518    33.8806    33.8798    8.16926         33 0.0000e+00
      7.000      6.929    -0.4527  27.818691    -0.4520  27.818710     8.7041     8.8381    17.6502    71.3017 2.4686e+01  -73.10304 -113.84106  17.031448      99.95 1.1755e+03    235.123       5644  1027.2575  1027.2569    33.8807    33.8800    8.16972         35 0.0000e+00
      8.000      7.917    -0.4538  27.818258    -0.4534  27.818045     8.7049     8.9054    17.2683    71.4107 1.8238e+01  -73.10304 -113.84106  17.031486      99.96 1.0744e+03    238.423       5723  1027.2625  1027.2618    33.8808    33.8800    8.16996         38 0.0000e+00
      9.000      8.907    -0.4584  27.814826    -0.4568  27.816075     8.6765     8.9345    17.8092    71.8332 1.3354e+01  -73.10304 -113.84106  17.031511      98.70 1.0393e+03    240.508       5773  1027.2675  1027.2673    33.8807    33.8806    8.17096         37 0.0000e+00
     10.000      9.898    -0.4697  27.806500    -0.4725  27.803505     8.6694     8.9824    17.3345    71.4703 1.0434e+01  -73.10304 -113.84106  17.031541     100.02 1.0804e+03    243.109       5836  1027.2736  1027.2732    33.8815    33.8806    8.17333         37 0.0000e+00
     11.000     10.888    -0.4730  27.804570    -0.4729  27.804010     8.6655     9.1306    18.8750    71.6132 7.5454e+00  -73.10304 -113.84106  17.031574      99.97 1.0455e+03    246.000       5905  1027.2789  1027.2782    33.8820    33.8811    8.17402         39 0.0000e+00
     12.000     11.876    -0.4734  27.804397    -0.4729  27.804347     8.6673     9.1410    19.8881    71.9377 5.6279e+00  -73.10304 -113.84106  17.031596      99.98 1.0451e+03    247.928       5951  1027.2834  1027.2828    33.8816    33.8809    8.17413         36 0.0000e+00
     13.000     12.867    -0.4733  27.805056    -0.4726  27.805017     8.6716     9.1554    22.8459    71.8932 4.4207e+00  -73.10304 -113.84106  17.031620      99.98 1.0603e+03    249.980       6001  1027.2882  1027.2874    33.8818    33.8809    8.17411         32 0.0000e+00
     14.000     13.855    -0.4727  27.805973    -0.4722  27.805773     8.6631     9.2114    20.9198    71.1698 3.4856e+00  -73.10304 -113.84106  17.031663      94.68 1.1499e+03    253.718       6090  1027.2929  1027.2922    33.8817    33.8809    8.17398         34 0.0000e+00
     15.000     14.847    -0.4725  27.806518    -0.4720  27.806434     8.6654     9.2037    19.9691    71.6609 2.7442e+00  -73.10304 -113.84106  17.031679     100.17 1.2083e+03    255.090       6123  1027.2976  1027.2970    33.8816    33.8809    8.17394         30 0.0000e+00
     16.000     15.833    -0.4736  27.806220    -0.4730  27.806103     8.6661     9.2041    22.3392    72.1255 2.2779e+00  -73.10304 -113.84106  17.031713      99.99 1.3660e+03    258.052       6194  1027.3025  1027.3018    33.8818    33.8809    8.17416         29 0.0000e+00
     17.000     16.824    -0.4747  27.805812    -0.4739  27.805701     8.6597     9.2091    21.0168    71.3766 1.8281e+00  -73.10304 -113.84106  17.031741      99.98 1.4717e+03    260.382       6250  1027.3074  1027.3066    33.8818    33.8809    8.17439         34 0.0000e+00
     18.000     17.814    -0.4747  27.806290    -0.4742  27.805911     8.6637     9.2151    21.3267    71.4360 1.4543e+00  -73.10304 -113.84106  17.031756      99.98 1.4789e+03    261.694       6282  1027.3122  1027.3113    33.8819    33.8808    8.17439         34 0.0000e+00
     19.000     18.806    -0.4730  27.808105    -0.4719  27.808052     8.6760     9.2149    21.9638    71.7397 1.2294e+00  -73.10304 -113.84106  17.031781      99.96 1.4978e+03    263.911       6335  1027.3168  1027.3157    33.8818    33.8805    8.17404         33 0.0000e+00
     20.000     19.795    -0.4720  27.809432    -0.4708  27.809610     8.6653     9.2159    20.8375    72.3469 9.8376e-01  -73.10304 -113.84105  17.031816      99.97 1.6352e+03    266.934       6407  1027.3215  1027.3207    33.8818    33.8808    8.17381         36 0.0000e+00
     21.000     20.783    -0.4736  27.808574    -0.4731  27.808266     8.6623     9.2085    19.9364    71.7736 7.6679e-01  -73.10304 -113.84104  17.031833      99.98 1.6560e+03    268.390       6442  1027.3265  1027.3257    33.8819    33.8809    8.17416         30 0.0000e+00
     22.000     21.772    -0.4738  27.808941    -0.4724  27.809345     8.6657     9.2064    20.2398    71.1229 6.3219e-01  -73.10304 -113.84104  17.031848      99.98 1.6461e+03    269.692       6474  1027.3314  1027.3304    33.8820    33.8809    8.17420         34 0.0000e+00
     23.000     22.761    -0.4747  27.808757    -0.4735  27.808929     8.6576     9.2110    21.1019    71.8090 5.4384e-01  -73.10304 -113.84104  17.031873      99.97 1.6294e+03    271.827       6525  1027.3363  1027.3354    33.8821    33.8811    8.17438         30 0.0000e+00
     24.000     23.752    -0.4734  27.809998    -0.4724  27.810097     8.6502     9.1939    20.3211    72.2753 4.2328e-01  -73.10304 -113.84103  17.031907      99.99 1.6269e+03    274.736       6595  1027.3407  1027.3398    33.8818    33.8807    8.17413         44 0.0000e+00
     25.000     24.741    -0.4763  27.808431    -0.4759  27.808176     8.6317     9.1833    20.3754    71.3464 3.3015e-01  -73.10304 -113.84104  17.031924      99.99 1.6473e+03    276.193       6630  1027.3461  1027.3454    33.8823    33.8814    8.17472         32 0.0000e+00
     26.000     25.731    -0.4833  27.803873    -0.4856  27.801704     8.6351     9.1911    20.2130    72.0082 2.6753e-01  -73.10304 -113.84103  17.031939      99.99 1.6775e+03    277.491       6661  1027.3522  1027.3521    33.8833    33.8830    8.17616         33 0.0000e+00
     27.000     26.722    -0.4818  27.805504    -0.4806  27.805535     8.6271     9.1816    21.0397    71.9221 2.1668e-01  -73.10304 -113.84103  17.031962      99.54 1.6949e+03    279.519       6709  1027.3568  1027.3556    33.8833    33.8819    8.17585         26 0.0000e+00
     28.000     27.710    -0.4843  27.804048    -0.4802  27.806183     8.5834     9.1447    20.8591    71.9228 1.5239e-01  -73.10304 -113.84102  17.031991      99.98 1.6498e+03    282.037       6770  1027.3619  1027.3603    33.8834    33.8818    8.17637         37 0.0000e+00
     29.000     28.700    -0.4972  27.795340    -0.4948  27.796363     8.5743     9.1326    19.2869    71.0250 1.0451e-01  -73.10304 -113.84102  17.032008      99.98 1.5830e+03    283.515       6805  1027.3692  1027.3681    33.8856    33.8843    8.17903         35 0.0000e+00
     30.000     29.688    -0.4977  27.795359    -0.4955  27.796291     8.5858     9.1356    19.8161    71.9684 6.9837e-02  -73.10304 -113.84102  17.032028      99.92 1.4261e+03    285.200       6846  1027.3740  1027.3729    33.8856    33.8844    8.17915         42 0.0000e+00
     31.000     30.678    -0.4919  27.800095    -0.4920  27.799052     8.6237     9.1533    19.6026    72.0441 4.8460e-02  -73.10304 -113.84102  17.032055      99.98 1.0784e+03    287.509       6901  1027.3777  1027.3766    33.8848    33.8835    8.17794         34 0.0000e+00
     32.000     31.668    -0.4866  27.804200    -0.4857  27.804077     8.6319     9.1691    21.0263    72.4971 2.9272e-02  -73.10304 -113.84102  17.032077      99.99 9.2326e+02    289.434       6947  1027.3812  1027.3802    33.8838    33.8826    8.17685         42 0.0000e+00
     33.000     32.658    -0.4853  27.805641    -0.4847  27.805247     8.6274     9.1732    19.8349    72.3335 1.1624e-02  -73.10304 -113.84102  17.032100      98.29 8.6243e+02    291.405       6995  1027.3858  1027.3848    33.8837    33.8825    8.17658         41 0.0000e+00
     34.000     33.648    -0.4858  27.805671    -0.4846  27.805705     8.6268     9.1667    22.4236    72.1530 1.3162e-03  -73.10304 -113.84104  17.032125      98.71 8.3266e+02    293.577       7047  1027.3906  1027.3895    33.8837    33.8823    8.17669         44 0.0000e+00
     35.000     34.637    -0.4866  27.805544    -0.4860  27.805322     8.6154     9.1609    23.4656    72.9015 -1.924e-05  -73.10304 -113.84104  17.032148      99.97 8.2527e+02    295.584       7095  1027.3956  1027.3948    33.8838    33.8828    8.17686         39 0.0000e+00
     36.000     35.626    -0.4881  27.805024    -0.4874  27.804922     8.6159     9.1605    22.7216    70.6608 1.0000e-12  -73.10304 -113.84104  17.032166      99.98 8.1458e+02    297.175       7133  1027.4007  1027.3999    33.8841    33.8832    8.17716         37 0.0000e+00
     37.000     36.616    -0.4871  27.806341    -0.4862  27.806070     8.6199     9.1494    21.8640    72.4800 1.0000e-12  -73.10304 -113.84104  17.032188      99.98 7.9593e+02    299.044       7178  1027.4054  1027.4043    33.8841    33.8828    8.17693         35 0.0000e+00
     38.000     37.605    -0.4893  27.805150    -0.4895  27.804180     8.5808     9.1350    20.1536    72.4118 1.0000e-12  -73.10304 -113.84104  17.032216      99.99 7.8978e+02    301.456       7236  1027.4106  1027.4098    33.8844    33.8834    8.17740         45 0.0000e+00
     39.000     38.595    -0.4951  27.801428    -0.4947  27.801029     8.5846     9.1398    21.7892    72.7069 1.0000e-12  -73.10304 -113.84104  17.032236      99.98 8.0570e+02    303.183       7277  1027.4165  1027.4157    33.8853    33.8843    8.17860         34 0.0000e+00
     40.000     39.584    -0.4951  27.801723    -0.4939  27.801879     8.5947     9.1450    20.1024    72.9390 1.0000e-12  -73.10304 -113.84104  17.032256      99.48 8.2433e+02    304.902       7319  1027.4211  1027.4200    33.8851    33.8839    8.17862         40 0.0000e+00
     41.000     40.574    -0.4940  27.803092    -0.4921  27.803411     8.5789     9.1354    22.7611    71.6230 1.0000e-12  -73.10304 -113.84104  17.032278      98.90 8.1065e+02    306.852       7365  1027.4257  1027.4243    33.8850    33.8834    8.17837         45 0.0000e+00
     42.000     41.564    -0.4982  27.800543    -0.4976  27.800189     8.5812     9.1316    23.1680    72.5409 1.0000e-12  -73.10304 -113.84104  17.032302      99.97 7.9979e+02    308.892       7414  1027.4314  1027.4304    33.8858    33.8846    8.17925         42 0.0000e+00
     43.000     42.553    -0.4974  27.801733    -0.4960  27.801752     8.5843     9.1173    21.3373    72.5493 1.0000e-12  -73.10304 -113.84104  17.032327      99.97 7.8539e+02    311.067       7467  1027.4360  1027.4348    33.8858    33.8843    8.17906         44 0.0000e+00
     44.000     43.542    -0.4979  27.801900    -0.4965  27.802087     8.5678     9.1110    19.4125    73.1430 1.0000e-12  -73.10304 -113.84104  17.032348      99.98 7.7878e+02    312.842       7509  1027.4410  1027.4398    33.8860    33.8847    8.17916         37 0.0000e+00
     45.000     44.532    -0.4990  27.801844    -0.4980  27.801657     8.5670     9.1081    20.4091    73.1331 1.0000e-12  -73.10304 -113.84104  17.032366      99.98 7.7835e+02    314.408       7547  1027.4463  1027.4451    33.8865    33.8852    8.17937         34 0.0000e+00
     46.000     45.517    -0.5010  27.801238    -0.4999  27.801056     8.5598     9.0961    22.1810    72.3532 1.0000e-12  -73.10304 -113.84104  17.032392      99.98 7.7784e+02    316.627       7600  1027.4519  1027.4506    33.8874    33.8858    8.17976         35 0.0000e+00
     47.000     46.511    -0.5031  27.799943    -0.5014  27.800192     8.5540     9.0940    22.0298    72.7790 1.0000e-12  -73.10304 -113.84104  17.032418      99.56 7.7969e+02    318.912       7655  1027.4567  1027.4554    33.8874    33.8858    8.18021         39 0.0000e+00
     48.000     47.500    -0.5048  27.799235    -0.5049  27.798266     8.5502     9.1008    20.2957    72.5693 1.0000e-12  -73.10304 -113.84104  17.032436      99.97 7.7925e+02    320.466       7692  1027.4618  1027.4610    33.8876    33.8865    8.18055         34 0.0000e+00
     49.000     48.489    -0.5046  27.800019    -0.5030  27.800012     8.5605     9.0894    19.8289    72.0298 1.0000e-12  -73.10304 -113.84104  17.032453      99.99 7.8121e+02    321.935       7727  1027.4667  1027.4653    33.8878    33.8861    8.18049         31 0.0000e+00
     50.000     49.481    -0.5043  27.800508    -0.5022  27.801052     8.5256     9.0674    21.7216    72.4925 1.0000e-12  -73.10304 -113.84104  17.032480      99.98 7.9659e+02    324.267       7783  1027.4713  1027.4698    33.8877    33.8860    8.18046         36 0.0000e+00
     51.000     50.468    -0.5172  27.791961    -0.5172  27.791238     8.4966     9.0347    21.3467    72.2887 1.0000e-12  -73.10304 -113.84104  17.032506      99.98 8.1540e+02    326.500       7837  1027.4788  1027.4781    33.8900    33.8890    8.18310         41 0.0000e+00
     52.000     51.457    -0.5212  27.789597    -0.5207  27.789154     8.4695     9.0075    20.6142    73.3576 1.0000e-12  -73.10304 -113.84104  17.032525      99.98 8.3168e+02    328.128       7876  1027.4844  1027.4834    33.8906    33.8895    8.18393         35 0.0000e+00
     53.000     52.449    -0.5372  27.777385    -0.5343  27.778982     8.4601     8.9996    21.1184    73.0784 1.0000e-12  -73.10304 -113.84102  17.032546      99.96 8.7813e+02    330.003       7921  1027.4908  1027.4898    33.8914    33.8904    8.18733         44 0.0000e+00
     54.000     53.436    -0.5411  27.774905    -0.5401  27.774826     8.4629     8.9894    20.2671    73.2152 1.0000e-12  -73.10304 -113.84102  17.032567      99.98 9.8238e+02    331.828       7965  1027.4961  1027.4951    33.8919    33.8906    8.18815         34 0.0000e+00
     55.000     54.429    -0.5421  27.774716    -0.5410  27.774608     8.4577     8.9845    19.7453    73.1744 1.0000e-12  -73.10304 -113.84104  17.032589      99.89 1.0408e+03    333.681       8009  1027.5010  1027.4999    33.8921    33.8908    8.18835         38 0.0000e+00
     56.000     55.414    -0.5481  27.770259    -0.5470  27.770203     8.4360     8.9723    20.7710    73.7462 1.0000e-12  -73.10304 -113.84102  17.032617      99.99 1.0126e+03    336.084       8067  1027.5061  1027.5050    33.8922    33.8910    8.18964         30 0.0000e+00
     57.000     56.406    -0.5519  27.767821    -0.5511  27.767494     8.3718     8.9192    19.2093    73.3054 1.0000e-12  -73.10304 -113.84102  17.032634      99.99 9.9143e+02    337.587       8103  1027.5114  1027.5103    33.8926    33.8913    8.19044         31 0.0000e+00
     58.000     57.394    -0.5768  27.747414    -0.5709  27.752011     8.3023     8.8614    19.1918    72.8411 1.0000e-12  -73.10304 -113.84102  17.032650      99.97 1.0122e+03    339.001       8137  1027.5177  1027.5171    33.8924    33.8920    8.19585         35 0.0000e+00
