ocean_section_plots/required_files/ctd/dnbp2202_ctd148.cnv
* Sea-Bird SBE 9 Data File:
* FileName = D:\Data\raw\NBP2202_CTD148.hex
* Software Version Seasave V 7.26.7.121
* Temperature SN = 1649
* Conductivity SN = 2513
* Number of Bytes Per Scan = 40
* Number of Voltage Words = 5
* Number of Scans Averaged by the Deck Unit = 1
* NMEA Latitude = 74 04.55 S
* NMEA Longitude = 113 05.01 W
* NMEA UTC (Time) = Jan 30 2022  23:04:06
* NMEA baud rate = 9600
** Ship: RVIB N.B. Palmer
** Cruise: NBP2202 Thwaites
** Station: 76
** Operator: A. Robinson
# nquan = 28
# nvalues = 525                         
# units = specified
# name 0 = prDM: Pressure, Digiquartz [db]
# name 1 = depSM: Depth [salt water, m]
# name 2 = t090C: Temperature [ITS-90, deg C]
# name 3 = c0mS/cm: Conductivity [mS/cm]
# name 4 = t190C: Temperature, 2 [ITS-90, deg C]
# name 5 = c1mS/cm: Conductivity, 2 [mS/cm]
# name 6 = sbeox0ML/L: Oxygen, SBE 43 [ml/l]
# name 7 = sbeox1ML/L: Oxygen, SBE 43, 2 [ml/l]
# name 8 = flECO-AFL: Fluorescence, WET Labs ECO-AFL/FL [mg/m^3]
# name 9 = CStarTr0: Beam Transmission, WET Labs C-Star [%]
# name 10 = par: PAR/Irradiance, Biospherical/Licor
# name 11 = latitude: Latitude [deg]
# name 12 = longitude: Longitude [deg]
# name 13 = timeJ: Julian Days
# name 14 = altM: Altimeter [m]
# name 15 = spar: SPAR, Biospherical/Licor
# name 16 = timeS: Time, Elapsed [seconds]
# name 17 = scan: Scan Count
# name 18 = density00: Density [density, kg/m^3]
# name 19 = density11: Density, 2 [density, kg/m^3]
# name 20 = v3: Voltage 3
# name 21 = v4: Voltage 4
# name 22 = v5: Voltage 5
# name 23 = sal00: Salinity, Practical [PSU]
# name 24 = sal11: Salinity, Practical, 2 [PSU]
# name 25 = oxsolML/L: Oxygen Saturation, Garcia & Gordon [ml/l]
# name 26 = nbin: number of scans per bin
# name 27 = flag: flag
# span 0 =      2.000,    526.000       
# span 1 =      1.983,    519.898       
# span 2 =    -1.5243,     0.0822       
# span 3 =  27.054491,  28.879954       
# span 4 =    -1.5239,     0.0842       
# span 5 =  27.054479,  28.879608       
# span 6 =     4.7127,     9.6726       
# span 7 =     4.8071,     9.6452       
# span 8 =    -0.0212,    27.0165       
# span 9 =    67.0041,    93.4706       
# span 10 = 1.0000e-12, 3.3627e+02      
# span 11 =  -74.07596,  -74.07594      
# span 12 = -113.08362, -113.08356      
# span 13 =  30.964672,  30.974367      
# span 14 =      44.02,     107.89      
# span 15 = 7.8155e+02, 1.1435e+03      
# span 16 =    301.685,   1139.340      
# span 17 =       7241,      27345      
# span 18 =  1027.1566,  1030.0963      
# span 19 =  1027.1576,  1030.0940      
# span 20 =     3.1793,     4.4342      
# span 21 =     0.0638,     4.0933      
# span 22 =     0.1146,     0.2546      
# span 23 =    33.7726,    34.3827      
# span 24 =    33.7743,    34.3799      
# span 25 =    8.02763,    8.40195      
# span 26 =         17,         69      
# span 27 = 0.0000e+00, 0.0000e+00      
# interval = decibars: 1                
# start_time = Jan 30 2022 23:04:06 [NMEA time, header]
# bad_flag = -9.990e-29
*END*
[from data line 415]
    417.000    412.271    -0.1266  28.595641    -0.1247  28.595349     4.7784     4.8691    -0.0120    93.0733 1.0000e-12  -74.07596 -113.08360  30.971071      99.83 1.0558e+03    854.545      20510  1029.5325  1029.5304     4.4153     0.0695     0.1396    34.3048    34.3023    8.07593         29 0.0000e+00
    418.000    413.259    -0.1256  28.597118    -0.1237  28.596889     4.7759     4.8732    -0.0046    93.0698 1.0000e-12  -74.07596 -113.08360  30.971085      99.82 1.0457e+03    855.755      20539  1029.5374  1029.5353     4.4152     0.0697     0.1395    34.3050    34.3026    8.07571         29 0.0000e+00
    419.000    414.247    -0.1256  28.597586    -0.1238  28.597241     4.7764     4.8737    -0.0017    93.0671 1.0000e-12  -74.07596 -113.08360  30.971099      99.82 1.0360e+03    856.950      20568  1029.5421  1029.5401     4.4151     0.0689     0.1368    34.3050    34.3025    8.07570         29 0.0000e+00
    420.000    415.233    -0.1251  28.598658    -0.1233  28.598240     4.7733     4.8750    -0.0175    93.0819 1.0000e-12  -74.07596 -113.08360  30.971113      99.82 1.0276e+03    858.146      20597  1029.5471  1029.5449     4.4157     0.0696     0.1411    34.3053    34.3027    8.07559         29 0.0000e+00
    421.000    416.222    -0.1234  28.600795    -0.1217  28.600507     4.7676     4.8753    -0.0045    93.0946 1.0000e-12  -74.07596 -113.08360  30.971127      85.25 1.0204e+03    859.371      20626  1029.5520  1029.5501     4.4164     0.0674     0.1391    34.3057    34.3034    8.07521         29 0.0000e+00
    422.000    417.208    -0.1211  28.603965    -0.1191  28.603691     4.7717     4.8747    -0.0155    93.0663 1.0000e-12  -74.07596 -113.08360  30.971141      96.67 1.0143e+03    860.605      20656  1029.5574  1029.5552     4.4150     0.0685     0.1371    34.3067    34.3041    8.07466         30 0.0000e+00
    423.000    418.197    -0.1200  28.605510    -0.1182  28.605206     4.7688     4.8758    -0.0045    93.0939 1.0000e-12  -74.07596 -113.08360  30.971155      99.84 1.0090e+03    861.819      20685  1029.5623  1029.5603     4.4163     0.0681     0.1402    34.3069    34.3045    8.07442         28 0.0000e+00
    424.000    419.185    -0.1178  28.608688    -0.1159  28.608327     4.7678     4.8762    -0.0106    93.1019 1.0000e-12  -74.07596 -113.08360  30.971169      99.83 1.0043e+03    863.022      20714  1029.5677  1029.5655     4.4167     0.0694     0.1383    34.3080    34.3054    8.07388         29 0.0000e+00
    425.000    420.172    -0.1153  28.611988    -0.1133  28.611746     4.7723     4.8744    -0.0023    93.0980 1.0000e-12  -74.07596 -113.08360  30.971183      99.83 9.9811e+02    864.235      20743  1029.5731  1029.5709     4.4166     0.0688     0.1388    34.3090    34.3065    8.07330         30 0.0000e+00
    426.000    421.159    -0.1130  28.614923    -0.1112  28.614622     4.7689     4.8703    -0.0047    93.1035 1.0000e-12  -74.07596 -113.08360  30.971198      99.82 9.9217e+02    865.464      20772  1029.5783  1029.5762     4.4168     0.0697     0.1395    34.3098    34.3074    8.07278         29 0.0000e+00
    427.000    422.148    -0.1109  28.617904    -0.1091  28.617564     4.7683     4.8698    -0.0115    93.0883 1.0000e-12  -74.07596 -113.08360  30.971212      99.83 9.8668e+02    866.676      20801  1029.5837  1029.5816     4.4161     0.0688     0.1377    34.3108    34.3083    8.07228         29 0.0000e+00
    428.000    423.134    -0.1089  28.620800    -0.1069  28.620595     4.7651     4.8689    -0.0113    93.0993 1.0000e-12  -74.07596 -113.08360  30.971225      99.83 9.8177e+02    867.861      20830  1029.5891  1029.5870     4.4166     0.0701     0.1397    34.3118    34.3093    8.07180         28 0.0000e+00
    429.000    424.123    -0.1067  28.623753    -0.1049  28.623399     4.7663     4.8706    -0.0112    93.0848 1.0000e-12  -74.07596 -113.08360  30.971239      99.83 9.7644e+02    869.045      20858  1029.5943  1029.5922     4.4159     0.0694     0.1372    34.3126    34.3101    8.07128         29 0.0000e+00
    430.000    425.110    -0.1049  28.626275    -0.1030  28.625917     4.7681     4.8719    -0.0111    93.0835 1.0000e-12  -74.07596 -113.08360  30.971253      99.82 9.7306e+02    870.267      20887  1029.5996  1029.5974     4.4158     0.0690     0.1399    34.3134    34.3108    8.07086         30 0.0000e+00
    431.000    426.097    -0.1044  28.627169    -0.1026  28.626938     4.7690     4.8620    -0.0168    93.0742 1.0000e-12  -74.07596 -113.08360  30.971267      93.99 9.7014e+02    871.496      20917  1029.6043  1029.6023     4.4154     0.0692     0.1391    34.3135    34.3110    8.07076         29 0.0000e+00
    432.000    427.086    -0.1031  28.629165    -0.1012  28.628936     4.7688     4.8614    -0.0107    93.0733 1.0000e-12  -74.07596 -113.08360  30.971281      83.91 9.6860e+02    872.715      20946  1029.6095  1029.6074     4.4153     0.0679     0.1380    34.3141    34.3116    8.07045         29 0.0000e+00
    433.000    428.072    -0.1011  28.631943    -0.0992  28.631715     4.7685     4.8672    -0.0070    93.0680 1.0000e-12  -74.07596 -113.08360  30.971296      97.97 9.6689e+02    873.934      20975  1029.6147  1029.6127     4.4151     0.0690     0.1386    34.3148    34.3125    8.06997         30 0.0000e+00
    434.000    429.060    -0.1006  28.632946    -0.0986  28.632819     4.7639     4.8662    -0.0062    93.0706 1.0000e-12  -74.07594 -113.08360  30.971310      99.80 9.6583e+02    875.149      21005  1029.6196  1029.6176     4.4152     0.0700     0.1411    34.3150    34.3127    8.06986         29 0.0000e+00
    435.000    430.047    -0.0999  28.634269    -0.0980  28.634007     4.7610     4.8693    -0.0160    93.0610 1.0000e-12  -74.07594 -113.08360  30.971324      99.82 9.6467e+02    876.364      21034  1029.6246  1029.6225     4.4147     0.0700     0.1401    34.3154    34.3130    8.06969         29 0.0000e+00
    436.000    431.035    -0.0980  28.636856    -0.0961  28.636551     4.7639     4.8645    -0.0135    93.0458 1.0000e-12  -74.07594 -113.08360  30.971338      99.83 9.6448e+02    877.585      21063  1029.6298  1029.6277     4.4140     0.0702     0.1390    34.3161    34.3136    8.06925         29 0.0000e+00
    437.000    432.024    -0.0957  28.640099    -0.0937  28.639872     4.7671     4.8581    -0.0121    93.0672 1.0000e-12  -74.07594 -113.08360  30.971352      99.83 9.6443e+02    878.778      21092  1029.6352  1029.6331     4.4150     0.0698     0.1390    34.3172    34.3147    8.06870         28 0.0000e+00
    438.000    433.010    -0.0946  28.641733    -0.0927  28.641506     4.7652     4.8602    -0.0102    93.0421 1.0000e-12  -74.07594 -113.08360  30.971365      99.82 9.6442e+02    879.963      21120  1029.6402  1029.6381     4.4138     0.0685     0.1421    34.3176    34.3151    8.06845         29 0.0000e+00
    439.000    433.998    -0.0933  28.643576    -0.0915  28.643293     4.7601     4.8647    -0.0107    93.0351 1.0000e-12  -74.07594 -113.08360  30.971379      99.83 9.6473e+02    881.173      21149  1029.6452  1029.6431     4.4135     0.0705     0.1397    34.3180    34.3156    8.06815         29 0.0000e+00
    440.000    434.987    -0.0926  28.644993    -0.0906  28.644763     4.7593     4.8654    -0.0151    93.0504 1.0000e-12  -74.07594 -113.08360  30.971393      99.82 9.6503e+02    882.386      21178  1029.6502  1029.6481     4.4142     0.0705     0.1394    34.3184    34.3159    8.06797         29 0.0000e+00
    441.000    435.973    -0.0917  28.646393    -0.0898  28.646077     4.7638     4.8605     0.0001    93.0422 1.0000e-12  -74.07594 -113.08360  30.971407      99.83 9.6606e+02    883.588      21207  1029.6551  1029.6530     4.4139     0.0693     0.1410    34.3187    34.3162    8.06778         29 0.0000e+00
    442.000    436.961    -0.0894  28.649390    -0.0875  28.649185     4.7666     4.8621    -0.0147    93.0406 1.0000e-12  -74.07594 -113.08360  30.971421      78.47 9.6606e+02    884.808      21236  1029.6604  1029.6583     4.4138     0.0673     0.1425    34.3196    34.3172    8.06725         30 0.0000e+00
    443.000    437.948    -0.0870  28.652501    -0.0851  28.652218     4.7611     4.8629    -0.0113    93.0273 1.0000e-12  -74.07594 -113.08360  30.971436      82.68 9.6606e+02    886.029      21266  1029.6655  1029.6634     4.4132     0.0676     0.1383    34.3204    34.3179    8.06669         29 0.0000e+00
    444.000    438.936    -0.0865  28.653504    -0.0846  28.653270     4.7641     4.8576    -0.0103    93.0230 1.0000e-12  -74.07594 -113.08360  30.971449      96.38 9.6583e+02    887.209      21294  1029.6705  1029.6683     4.4130     0.0682     0.1415    34.3206    34.3181    8.06657         28 0.0000e+00
    445.000    439.923    -0.0838  28.657121    -0.0818  28.656975     4.7668     4.8569    -0.0153    93.0257 1.0000e-12  -74.07594 -113.08360  30.971463      99.82 9.6430e+02    888.397      21323  1029.6759  1029.6738     4.4131     0.0698     0.1400    34.3217    34.3193    8.06594         28 0.0000e+00
    446.000    440.912    -0.0810  28.660983    -0.0792  28.660547     4.7610     4.8592    -0.0128    93.0078 1.0000e-12  -74.07594 -113.08360  30.971477      99.83 9.6430e+02    889.612      21352  1029.6815  1029.6793     4.4122     0.0685     0.1403    34.3231    34.3205    8.06526         30 0.0000e+00
    447.000    441.898    -0.0771  28.665944    -0.0750  28.665732     4.7650     4.8612    -0.0036    93.0139 1.0000e-12  -74.07594 -113.08360  30.971491      99.83 9.6430e+02    890.845      21381  1029.6872  1029.6850     4.4125     0.0698     0.1414    34.3247    34.3221    8.06435         30 0.0000e+00
    448.000    442.886    -0.0738  28.670049    -0.0718  28.669930     4.7582     4.8617    -0.0094    93.0296 1.0000e-12  -74.07594 -113.08360  30.971505      99.82 9.6325e+02    892.070      21411  1029.6926  1029.6906     4.4133     0.0689     0.1403    34.3258    34.3234    8.06359         29 0.0000e+00
    449.000    443.872    -0.0729  28.671477    -0.0709  28.671268     4.7607     4.8609    -0.0022    93.0284 1.0000e-12  -74.07594 -113.08360  30.971519      99.83 9.6285e+02    893.269      21439  1029.6976  1029.6955     4.4132     0.0679     0.1432    34.3262    34.3237    8.06339         28 0.0000e+00
    450.000    444.863    -0.0726  28.672265    -0.0706  28.672061     4.7623     4.8616    -0.0103    93.0107 1.0000e-12  -74.07594 -113.08360  30.971533      99.83 9.6230e+02    894.465      21468  1029.7024  1029.7003     4.4124     0.0705     0.1393    34.3262    34.3238    8.06331         30 0.0000e+00
    451.000    445.848    -0.0705  28.675132    -0.0688  28.674780     4.7656     4.8625    -0.0132    93.0068 1.0000e-12  -74.07594 -113.08360  30.971547      99.82 9.6122e+02    895.677      21497  1029.7078  1029.7057     4.4122     0.0695     0.1399    34.3272    34.3248    8.06283         29 0.0000e+00
    452.000    446.836    -0.0669  28.680009    -0.0652  28.679531     4.7682     4.8666    -0.0150    92.9990 1.0000e-12  -74.07594 -113.08360  30.971561      99.82 9.6115e+02    896.889      21526  1029.7136  1029.7115     4.4118     0.0692     0.1410    34.3289    34.3265    8.06196         28 0.0000e+00
    453.000    447.824    -0.0632  28.685255    -0.0616  28.684585     4.7711     4.8732    -0.0065    93.0023 1.0000e-12  -74.07594 -113.08360  30.971575      75.97 9.6011e+02    898.080      21555  1029.7198  1029.7176     4.4120     0.0683     0.1410    34.3311    34.3285    8.06105         29 0.0000e+00
    454.000    448.811    -0.0607  28.689154    -0.0588  28.688766     4.7688     4.8741    -0.0072    93.0138 1.0000e-12  -74.07594 -113.08360  30.971589      90.96 9.5877e+02    899.289      21584  1029.7258  1029.7236     4.4125     0.0690     0.1402    34.3330    34.3303    8.06043         29 0.0000e+00
    455.000    449.799    -0.0578  28.692745    -0.0564  28.691952     4.7657     4.8677    -0.0113    93.0111 1.0000e-12  -74.07594 -113.08360  30.971603      99.51 9.5747e+02    900.514      21613  1029.7311  1029.7289     4.4124     0.0688     0.1413    34.3339    34.3312    8.05977         29 0.0000e+00
    456.000    450.786    -0.0559  28.694971    -0.0548  28.694035     4.7655     4.8673    -0.0041    93.0022 1.0000e-12  -74.07594 -113.08360  30.971617      99.83 9.5577e+02    901.718      21642  1029.7359  1029.7339     4.4120     0.0703     0.1394    34.3341    34.3316    8.05935         29 0.0000e+00
    457.000    451.773    -0.0546  28.696977    -0.0526  28.696723     4.7682     4.8671    -0.0082    93.0342 1.0000e-12  -74.07594 -113.08360  30.971631      99.83 9.5445e+02    902.914      21671  1029.7410  1029.7388     4.4135     0.0698     0.1429    34.3346    34.3321    8.05904         29 0.0000e+00
    458.000    452.760    -0.0514  28.700838    -0.0496  28.700362     4.7616     4.8647    -0.0100    93.0316 1.0000e-12  -74.07594 -113.08360  30.971645      99.82 9.5275e+02    904.123      21700  1029.7463  1029.7441     4.4134     0.0700     0.1397    34.3356    34.3330    8.05832         29 0.0000e+00
    459.000    453.749    -0.0454  28.707691    -0.0437  28.707253     4.7541     4.8574    -0.0019    93.0600 1.0000e-12  -74.07594 -113.08360  30.971659      99.82 9.4964e+02    905.335      21729  1029.7519  1029.7498     4.4147     0.0702     0.1370    34.3374    34.3349    8.05696         29 0.0000e+00
    460.000    454.737    -0.0351  28.719420    -0.0330  28.718999     4.7443     4.8481    -0.0102    93.0821 1.0000e-12  -74.07594 -113.08360  30.971673      99.83 9.4716e+02    906.537      21758  1029.7585  1029.7560     4.4158     0.0692     0.1370    34.3408    34.3378    8.05460         29 0.0000e+00
    461.000    455.723    -0.0250  28.730892    -0.0230  28.730487     4.7399     4.8409    -0.0100    93.0796 1.0000e-12  -74.07594 -113.08360  30.971687      99.83 9.4432e+02    907.740      21787  1029.7650  1029.7627     4.4156     0.0697     0.1393    34.3440    34.3413    8.05228         29 0.0000e+00
    462.000    456.711    -0.0170  28.740258    -0.0151  28.739682     4.7422     4.8413    -0.0065    93.0787 1.0000e-12  -74.07594 -113.08360  30.971701      99.82 9.4104e+02    908.948      21816  1029.7715  1029.7690     4.4156     0.0681     0.1429    34.3469    34.3440    8.05045         29 0.0000e+00
    463.000    457.698    -0.0116  28.746580    -0.0093  28.746567     4.7399     4.8398    -0.0017    93.0813 1.0000e-12  -74.07594 -113.08360  30.971715      82.86 9.3809e+02    910.168      21845  1029.7773  1029.7751     4.4158     0.0683     0.1362    34.3486    34.3461    8.04922         29 0.0000e+00
    464.000    458.686    -0.0062  28.753273    -0.0041  28.752827     4.7376     4.8333    -0.0006    93.0757 1.0000e-12  -74.07594 -113.08360  30.971729      80.56 9.3615e+02    911.396      21875  1029.7834  1029.7809     4.4154     0.0677     0.1419    34.3508    34.3479    8.04795         30 0.0000e+00
    465.000    459.673     0.0002  28.761096     0.0022  28.760750     4.7336     4.8290    -0.0126    93.0505 1.0000e-12  -74.07594 -113.08360  30.971743      95.28 9.3447e+02    912.610      21904  1029.7897  1029.7875     4.4143     0.0687     0.1373    34.3534    34.3507    8.04646         29 0.0000e+00
    466.000    460.661     0.0029  28.764616     0.0049  28.764274     4.7328     4.8303    -0.0117    93.0546 1.0000e-12  -74.07594 -113.08361  30.971757      59.59 9.3252e+02    913.823      21933  1029.7952  1029.7929     4.4144     0.0671     0.1406    34.3544    34.3517    8.04584         29 0.0000e+00
    467.000    461.648     0.0038  28.766017     0.0057  28.766002     4.7324     4.8371    -0.0030    93.0163 1.0000e-12  -74.07595 -113.08361  30.971771      57.96 9.3155e+02    915.026      21962  1029.8001  1029.7983     4.4127     0.0685     0.1404    34.3547    34.3525    8.04563         28 0.0000e+00
