ocean_section_plots/required_files/ctd/dnbp2202_ctd296.cnv
* Sea-Bird SBE 9 Data File:
* FileName = D:\Data\raw\NBP2202_CTD296.hex
* Software Version Seasave V 7.26.7.121
* Temperature SN = 1649
* Conductivity SN = 2513
* Number of Bytes Per Scan = 40
* Number of Voltage Words = 5
* Number of Scans Averaged by the Deck Unit = 1
* NMEA Latitude = 71 59.99 S
* NMEA Longitude = 119 23.94 W
* NMEA UTC (Time) = Feb 25 2022  00:29:03
* NMEA baud rate = 9600
** Ship: RVIB N.B. Palmer
** Cruise: NBP2202 Thwaites
** Station: 198
** Operator: A. Robinson
# nquan = 28
# nvalues = 1507                        
# units = specified
# name 0 = prDM: Pressure, Digiquartz [db]
# name 1 = depSM: Depth [salt water, m]
# name 2 = t090C: Temperature [ITS-90, deg C]
# name 3 = c0mS/cm: Conductivity [mS/cm]
# name 4 = t190C: Temperature, 2 [ITS-90, deg C]
# name 5 = c1mS/cm: Conductivity, 2 [mS/cm]
# name 6 = sbeox0ML/L: Oxygen, SBE 43 [ml/l]
# name 7 = sbeox1ML/L: Oxygen, SBE 43, 2 [ml/l]
# name 8 = flECO-AFL: Fluorescence, WET Labs ECO-AFL/FL [mg/m^3]
# name 9 = CStarTr0: Beam Transmission, WET Labs C-Star [%]
# name 10 = par: PAR/Irradiance, Biospherical/Licor
# name 11 = latitude: Latitude [deg]
# name 12 = longitude: Longitude [deg]
# name 13 = timeJ: Julian Days
# name 14 = altM: Altimeter [m]
# name 15 = spar: SPAR, Biospherical/Licor
# name 16 = timeS: Time, Elapsed [seconds]
# name 17 = scan: Scan Count
# name 18 = density00: Density [density, kg/m^3]
# name 19 = density11: Density, 2 [density, kg/m^3]
# name 20 = v3: Voltage 3
# name 21 = v4: Voltage 4
# name 22 = v5: Voltage 5
# name 23 = sal00: Salinity, Practical [PSU]
# name 24 = sal11: Salinity, Practical, 2 [PSU]
# name 25 = oxsolML/L: Oxygen Saturation, Garcia & Gordon [ml/l]
# name 26 = nbin: number of scans per bin
# name 27 = flag: flag
# span 0 =      2.000,   1508.000       
# span 1 =      1.976,   1487.182       
# span 2 =    -1.7086,     1.6642       
# span 3 =  26.686913,  30.439375       
# span 4 =    -1.7096,     1.6670       
# span 5 =  26.687954,  30.439965       
# span 6 =     4.1826,     8.9477       
# span 7 =     4.3233,     9.2592       
# span 8 =    -0.0154,    11.7274       
# span 9 =    83.0114,    99.8725       
# span 10 = 1.0000e-12, 6.4802e+02      
# span 11 =  -72.00000,  -71.99998      
# span 12 = -119.39900, -119.39896      
# span 13 =  56.023367,  56.043399      
# span 14 =       9.56,     125.77      
# span 15 = 1.1341e+03, 1.3099e+03      
# span 16 =    275.886,   2006.716      
# span 17 =       6622,      48162      
# span 18 =  1026.3985,  1034.8837      
# span 19 =  1026.4027,  1034.8822      
# span 20 =     3.9379,     4.7377      
# span 21 =     0.0634,     1.8552      
# span 22 =     0.1041,     0.2839      
# span 23 =    32.8146,    34.7293      
# span 24 =    32.8192,    34.7277      
# span 25 =    7.69037,    8.43554      
# span 26 =          6,         49      
# span 27 = 0.0000e+00, 0.0000e+00      
# interval = decibars: 1                
# start_time = Feb 25 2022 00:29:03 [NMEA time, header]
# bad_flag = -9.990e-29
*END*
[from data line 829]
    831.000    820.847     1.1119  30.158735     1.1142  30.159572     4.5005     4.6316    -0.0010    99.7981 1.0000e-12  -71.99998 -119.39898  56.033917      99.75 1.2598e+03   1187.393      28498  1031.7141  1031.7128     4.7342     0.0703     0.1078    34.7226    34.7212    7.79864         24 0.0000e+00
    832.000    821.835     1.1109  30.158305     1.1133  30.159262     4.4983     4.6318    -0.0078    99.8019 1.0000e-12  -71.99998 -119.39898  56.033928      99.75 1.2609e+03   1188.386      28522  1031.7188  1031.7174     4.7344     0.0690     0.1077    34.7226    34.7212    7.79884         23 0.0000e+00
    833.000    822.818     1.1106  30.158431     1.1130  30.159359     4.5061     4.6332    -0.0077    99.7857 1.0000e-12  -71.99998 -119.39898  56.033939      99.76 1.2583e+03   1189.334      28545  1031.7234  1031.7221     4.7336     0.0691     0.1089    34.7226    34.7212    7.79890         22 0.0000e+00
    834.000    823.807     1.1102  30.158535     1.1125  30.159354     4.5015     4.6348    -0.0077    99.7828 1.0000e-12  -71.99998 -119.39898  56.033950      99.75 1.2593e+03   1190.257      28567  1031.7281  1031.7268     4.7335     0.0701     0.1087    34.7226    34.7211    7.79898         23 0.0000e+00
    835.000    824.789     1.1097  30.158496     1.1119  30.159329     4.5044     4.6361    -0.0123    99.7894 1.0000e-12  -71.99998 -119.39898  56.033960      99.75 1.2619e+03   1191.183      28589  1031.7328  1031.7315     4.7338     0.0687     0.1086    34.7225    34.7211    7.79909         23 0.0000e+00
    836.000    825.777     1.1091  30.158471     1.1115  30.159364     4.5025     4.6363    -0.0098    99.7907 1.0000e-12  -71.99998 -119.39898  56.033971      99.75 1.2605e+03   1192.127      28612  1031.7376  1031.7362     4.7339     0.0704     0.1072    34.7227    34.7212    7.79921         22 0.0000e+00
    837.000    826.762     1.1082  30.158052     1.1105  30.158862     4.5037     4.6358    -0.0048    99.7916 1.0000e-12  -71.99998 -119.39898  56.033983      99.76 1.2610e+03   1193.124      28636  1031.7422  1031.7408     4.7339     0.0741     0.1085    34.7225    34.7211    7.79939         25 0.0000e+00
    838.000    827.748     1.1069  30.157357     1.1092  30.158201     4.5036     4.6354    -0.0131    99.7649 1.0000e-12  -71.99998 -119.39898  56.033996      99.75 1.2641e+03   1194.223      28662  1031.7470  1031.7456     4.7327     0.0698     0.1089    34.7225    34.7210    7.79965         28 0.0000e+00
    839.000    828.734     1.1064  30.157280     1.1085  30.158061     4.5011     4.6293    -0.0111    99.7728 1.0000e-12  -71.99998 -119.39898  56.034009      99.76 1.2606e+03   1195.357      28690  1031.7516  1031.7503     4.7330     0.0702     0.1106    34.7224    34.7210    7.79975         26 0.0000e+00
    840.000    829.719     1.1059  30.157267     1.1082  30.158120     4.5010     4.6295    -0.0110    99.7810 1.0000e-12  -71.99998 -119.39898  56.034021      85.55 1.2614e+03   1196.398      28715  1031.7562  1031.7549     4.7334     0.0678     0.1082    34.7224    34.7210    7.79986         24 0.0000e+00
    841.000    830.706     1.1050  30.157007     1.1073  30.157838     4.4998     4.6350    -0.0014    99.7884 1.0000e-12  -71.99998 -119.39898  56.034032      90.39 1.2645e+03   1197.358      28738  1031.7610  1031.7596     4.7337     0.0699     0.1054    34.7224    34.7210    7.80002         22 0.0000e+00
    842.000    831.691     1.1042  30.156498     1.1066  30.157641     4.5059     4.6329    -0.0079    99.7896 1.0000e-12  -71.99998 -119.39898  56.034043      97.81 1.2613e+03   1198.281      28760  1031.7656  1031.7644     4.7338     0.0689     0.1075    34.7222    34.7210    7.80021         23 0.0000e+00
    843.000    832.676     1.1035  30.156500     1.1059  30.157413     4.5044     4.6344    -0.0077    99.7995 1.0000e-12  -71.99998 -119.39898  56.034054      99.73 1.2636e+03   1199.240      28783  1031.7704  1031.7690     4.7343     0.0695     0.1070    34.7224    34.7210    7.80033         23 0.0000e+00
    844.000    833.662     1.1032  30.156680     1.1056  30.157524     4.4978     4.6361    -0.0142    99.8020 1.0000e-12  -71.99998 -119.39898  56.034066      99.76 1.2635e+03   1200.292      28808  1031.7751  1031.7736     4.7344     0.0685     0.1077    34.7224    34.7209    7.80039         27 0.0000e+00
    845.000    834.649     1.1028  30.156816     1.1051  30.157594     4.5048     4.6360     0.0100    99.8040 1.0000e-12  -71.99998 -119.39898  56.034078      99.75 1.2607e+03   1201.378      28834  1031.7798  1031.7784     4.7345     0.0703     0.1083    34.7224    34.7208    7.80047         25 0.0000e+00
    846.000    835.635     1.1014  30.155823     1.1036  30.156708     4.5031     4.6322     0.0028    99.8131 1.0000e-12  -71.99998 -119.39898  56.034090      99.76 1.2609e+03   1202.369      28858  1031.7843  1031.7832     4.7349     0.0711     0.1088    34.7221    34.7209    7.80076         22 0.0000e+00
    847.000    836.619     1.0992  30.154443     1.1016  30.155331     4.5034     4.6276    -0.0004    99.8213 1.0000e-12  -71.99998 -119.39898  56.034101      99.76 1.2618e+03   1203.284      28880  1031.7894  1031.7880     4.7353     0.0700     0.1068    34.7223    34.7208    7.80120         22 0.0000e+00
    848.000    837.605     1.0988  30.154422     1.1010  30.155214     4.5048     4.6278    -0.0039    99.7753 1.0000e-12  -71.99998 -119.39896  56.034111      99.75 1.2620e+03   1204.202      28902  1031.7939  1031.7926     4.7332     0.0702     0.1049    34.7221    34.7207    7.80129         23 0.0000e+00
    849.000    838.592     1.0983  30.154523     1.1006  30.155335     4.5043     4.6324    -0.0065    99.8025 1.0000e-12  -71.99998 -119.39898  56.034123      99.75 1.2605e+03   1205.191      28926  1031.7987  1031.7973     4.7344     0.0699     0.1086    34.7223    34.7207    7.80138         24 0.0000e+00
    850.000    839.577     1.0983  30.154924     1.1006  30.155777     4.5053     4.6355    -0.0028    99.7962 1.0000e-12  -71.99998 -119.39898  56.034135      99.75 1.2605e+03   1206.264      28951  1031.8033  1031.8020     4.7341     0.0697     0.1072    34.7222    34.7208    7.80138         27 0.0000e+00
    851.000    840.563     1.0965  30.153825     1.0988  30.154656     4.5066     4.6416    -0.0077    99.7799 1.0000e-12  -71.99998 -119.39898  56.034147      99.75 1.2605e+03   1207.311      28976  1031.8080  1031.8067     4.7334     0.0689     0.1077    34.7222    34.7207    7.80173         24 0.0000e+00
    852.000    841.549     1.0950  30.152969     1.0973  30.153714     4.5110     4.6433    -0.0083    99.7985 1.0000e-12  -71.99998 -119.39898  56.034158      99.76 1.2605e+03   1208.288      29000  1031.8129  1031.8115     4.7342     0.0707     0.1096    34.7222    34.7207    7.80203         23 0.0000e+00
    853.000    842.533     1.0942  30.152429     1.0963  30.153267     4.5128     4.6435    -0.0083    99.8085 1.0000e-12  -71.99998 -119.39898  56.034169      74.67 1.2597e+03   1209.238      29023  1031.8174  1031.8161     4.7347     0.0678     0.1075    34.7219    34.7206    7.80222         23 0.0000e+00
    854.000    843.520     1.0910  30.149974     1.0931  30.150817     4.5117     4.6487    -0.0150    99.8019 1.0000e-12  -71.99998 -119.39898  56.034181      94.31 1.2598e+03   1210.202      29046  1031.8222  1031.8210     4.7344     0.0702     0.1067    34.7217    34.7204    7.80286         23 0.0000e+00
    855.000    844.506     1.0887  30.148384     1.0909  30.149264     4.5050     4.6471    -0.0095    99.8057 1.0000e-12  -71.99998 -119.39898  56.034192      99.79 1.2586e+03   1211.193      29070  1031.8271  1031.8259     4.7346     0.0704     0.1065    34.7217    34.7204    7.80333         24 0.0000e+00
    856.000    845.490     1.0866  30.146944     1.0889  30.147947     4.5076     4.6458     0.0085    99.8142 1.0000e-12  -71.99998 -119.39898  56.034204      99.76 1.2605e+03   1212.219      29094  1031.8319  1031.8306     4.7350     0.0691     0.1059    34.7216    34.7203    7.80375         26 0.0000e+00
    857.000    846.479     1.0859  30.146838     1.0881  30.147659     4.5116     4.6442    -0.0018    99.8281 1.0000e-12  -71.99998 -119.39898  56.034216      99.76 1.2604e+03   1213.266      29119  1031.8366  1031.8353     4.7356     0.0703     0.1074    34.7216    34.7202    7.80388         24 0.0000e+00
    858.000    847.462     1.0851  30.146511     1.0873  30.147377     4.5093     4.6435    -0.0032    99.8282 1.0000e-12  -71.99998 -119.39898  56.034228      99.75 1.2586e+03   1214.315      29145  1031.8412  1031.8400     4.7356     0.0700     0.1067    34.7215    34.7202    7.80404         26 0.0000e+00
    859.000    848.448     1.0843  30.146250     1.0865  30.147095     4.5104     4.6407    -0.0004    99.8135 1.0000e-12  -71.99998 -119.39898  56.034240      99.76 1.2583e+03   1215.361      29170  1031.8459  1031.8447     4.7350     0.0694     0.1070    34.7215    34.7202    7.80420         25 0.0000e+00
    860.000    849.435     1.0835  30.145971     1.0858  30.146902     4.5116     4.6385    -0.0007    99.8078 1.0000e-12  -71.99998 -119.39898  56.034252      99.76 1.2587e+03   1216.390      29194  1031.8507  1031.8493     4.7346     0.0696     0.1086    34.7215    34.7202    7.80437         24 0.0000e+00
    861.000    850.420     1.0823  30.145354     1.0846  30.146235     4.5099     4.6412    -0.0040    99.8029 1.0000e-12  -71.99998 -119.39898  56.034264      99.75 1.2591e+03   1217.393      29218  1031.8554  1031.8540     4.7344     0.0699     0.1071    34.7215    34.7201    7.80461         23 0.0000e+00
    862.000    851.404     1.0813  30.145004     1.0835  30.145781     4.5149     4.6467    -0.0106    99.7980 1.0000e-12  -71.99998 -119.39898  56.034275      99.76 1.2605e+03   1218.382      29242  1031.8602  1031.8588     4.7342     0.0687     0.1057    34.7216    34.7201    7.80480         24 0.0000e+00
    863.000    852.391     1.0809  30.145055     1.0830  30.145896     4.5160     4.6459    -0.0138    99.7644 1.0000e-12  -71.99998 -119.39898  56.034287      99.75 1.2607e+03   1219.370      29266  1031.8649  1031.8636     4.7326     0.0692     0.1067    34.7216    34.7203    7.80489         24 0.0000e+00
    864.000    853.377     1.0807  30.145500     1.0828  30.146246     4.5103     4.6449    -0.0066    99.7695 1.0000e-12  -71.99998 -119.39898  56.034298      99.76 1.2598e+03   1220.352      29289  1031.8696  1031.8683     4.7329     0.0687     0.1066    34.7218    34.7203    7.80491         23 0.0000e+00
    865.000    854.363     1.0806  30.145757     1.0828  30.146618     4.5127     4.6462    -0.0007    99.8189 1.0000e-12  -71.99998 -119.39898  56.034309      81.53 1.2585e+03   1221.321      29313  1031.8742  1031.8729     4.7352     0.0685     0.1068    34.7217    34.7203    7.80494         24 0.0000e+00
    866.000    855.349     1.0796  30.145233     1.0821  30.146410     4.5174     4.6452    -0.0147    99.8049 1.0000e-12  -71.99998 -119.39898  56.034320      76.48 1.2591e+03   1222.291      29336  1031.8788  1031.8776     4.7345     0.0658     0.1062    34.7215    34.7203    7.80514         24 0.0000e+00
    867.000    856.334     1.0787  30.144839     1.0809  30.145716     4.5060     4.6416    -0.0094    99.7865 1.0000e-12  -71.99998 -119.39898  56.034332      90.79 1.2589e+03   1223.278      29360  1031.8835  1031.8823     4.7336     0.0688     0.1071    34.7215    34.7202    7.80533         23 0.0000e+00
    868.000    857.320     1.0776  30.144269     1.0796  30.144972     4.5065     4.6421    -0.0020    99.7996 1.0000e-12  -71.99998 -119.39896  56.034344      97.91 1.2598e+03   1224.322      29385  1031.8882  1031.8870     4.7343     0.0709     0.1098    34.7213    34.7201    7.80555         26 0.0000e+00
    869.000    858.304     1.0764  30.143704     1.0787  30.144580     4.5172     4.6469    -0.0004    99.8115 1.0000e-12  -71.99998 -119.39898  56.034357      99.77 1.2610e+03   1225.405      29411  1031.8930  1031.8917     4.7348     0.0697     0.1091    34.7214    34.7201    7.80578         26 0.0000e+00
    870.000    859.291     1.0756  30.143356     1.0778  30.144252     4.5163     4.6416    -0.0004    99.8132 1.0000e-12  -71.99998 -119.39896  56.034369      99.76 1.2591e+03   1226.450      29436  1031.8976  1031.8963     4.7349     0.0695     0.1101    34.7213    34.7200    7.80595         24 0.0000e+00
    871.000    860.276     1.0744  30.142828     1.0768  30.143747     4.5132     4.6431     0.0042    99.8175 1.0000e-12  -71.99998 -119.39898  56.034380      99.75 1.2570e+03   1227.442      29460  1031.9025  1031.9010     4.7351     0.0696     0.1085    34.7214    34.7199    7.80619         24 0.0000e+00
    872.000    861.262     1.0743  30.143177     1.0766  30.143917     4.5154     4.6436    -0.0013    99.8121 1.0000e-12  -71.99998 -119.39896  56.034391      99.76 1.2577e+03   1228.402      29483  1031.9070  1031.9056     4.7349     0.0697     0.1072    34.7214    34.7199    7.80620         23 0.0000e+00
    873.000    862.248     1.0737  30.143059     1.0760  30.143872     4.5137     4.6443    -0.0040    99.8025 1.0000e-12  -71.99998 -119.39898  56.034402      99.75 1.2581e+03   1229.352      29505  1031.9117  1031.9104     4.7344     0.0690     0.1085    34.7214    34.7199    7.80633         22 0.0000e+00
    874.000    863.232     1.0728  30.142568     1.0749  30.143379     4.5167     4.6373    -0.0004    99.8078 1.0000e-12  -71.99998 -119.39896  56.034413      99.76 1.2590e+03   1230.311      29528  1031.9164  1031.9151     4.7347     0.0692     0.1091    34.7212    34.7198    7.80653         24 0.0000e+00
    875.000    864.220     1.0725  30.142794     1.0747  30.143559     4.5171     4.6344    -0.0004    99.8110 1.0000e-12  -71.99998 -119.39898  56.034425      99.75 1.2594e+03   1231.299      29552  1031.9210  1031.9197     4.7348     0.0699     0.1078    34.7212    34.7198    7.80657         24 0.0000e+00
    876.000    865.205     1.0721  30.142953     1.0743  30.143803     4.5195     4.6425    -0.0004    99.8091 1.0000e-12  -71.99998 -119.39896  56.034437      99.76 1.2561e+03   1232.339      29577  1031.9258  1031.9245     4.7347     0.0701     0.1075    34.7214    34.7199    7.80666         25 0.0000e+00
    877.000    866.189     1.0722  30.143429     1.0743  30.144280     4.5150     4.6500    -0.0013    99.8071 1.0000e-12  -71.99998 -119.39898  56.034449      99.76 1.2558e+03   1233.384      29602  1031.9303  1031.9291     4.7346     0.0690     0.1074    34.7213    34.7200    7.80664         25 0.0000e+00
    878.000    867.175     1.0718  30.143558     1.0742  30.144534     4.5142     4.6488    -0.0153    99.8089 1.0000e-12  -71.99998 -119.39898  56.034461      99.76 1.2603e+03   1234.397      29627  1031.9351  1031.9338     4.7347     0.0695     0.1075    34.7213    34.7199    7.80671         24 0.0000e+00
    879.000    868.162     1.0709  30.143138     1.0731  30.144018     4.5146     4.6447    -0.0083    99.8142 1.0000e-12  -71.99998 -119.39898  56.034472      72.11 1.2587e+03   1235.376      29650  1031.9398  1031.9385     4.7349     0.0670     0.1075    34.7212    34.7199    7.80690         23 0.0000e+00
    880.000    869.147     1.0694  30.142233     1.0716  30.143083     4.5156     4.6452    -0.0080    99.7840 1.0000e-12  -71.99998 -119.39898  56.034483      87.72 1.2589e+03   1236.362      29674  1031.9445  1031.9432     4.7336     0.0678     0.1085    34.7212    34.7199    7.80721         24 0.0000e+00
    881.000    870.132     1.0677  30.141159     1.0699  30.142000     4.5202     4.6487    -0.0077    99.8016 1.0000e-12  -71.99998 -119.39898  56.034495      98.72 1.2610e+03   1237.404      29699  1031.9493  1031.9480     4.7343     0.0698     0.1068    34.7211    34.7198    7.80754         26 0.0000e+00
