ocean_section_plots/required_files/ctd/dnbp2202_ctd213.cnv
* Sea-Bird SBE 9 Data File:
* FileName = D:\Data\raw\NBP2202_CTD213.hex
* Software Version Seasave V 7.26.7.121
* Temperature SN = 1649
* Conductivity SN = 2513
* Number of Bytes Per Scan = 40
* Number of Voltage Words = 5
* Number of Scans Averaged by the Deck Unit = 1
* NMEA Latitude = 74 08.77 S
* NMEA Longitude = 113 20.17 W
* NMEA UTC (Time) = Feb 10 2022  10:31:20
* NMEA baud rate = 9600
** Ship: RVIB N.B. Palmer
** Cruise: NBP2202 Thwaites
** Station: Tow-Yo #3
** Operator: B. Bjork
# nquan = 28
# nvalues = 468                         
# units = specified
# name 0 = prDM: Pressure, Digiquartz [db]
# name 1 = depSM: Depth [salt water, m]
# name 2 = t090C: Temperature [ITS-90, deg C]
# name 3 = c0mS/cm: Conductivity [mS/cm]
# name 4 = t190C: Temperature, 2 [ITS-90, deg C]
# name 5 = c1mS/cm: Conductivity, 2 [mS/cm]
# name 6 = sbeox0ML/L: Oxygen, SBE 43 [ml/l]
# name 7 = sbeox1ML/L: Oxygen, SBE 43, 2 [ml/l]
# name 8 = flECO-AFL: Fluorescence, WET Labs ECO-AFL/FL [mg/m^3]
# name 9 = CStarTr0: Beam Transmission, WET Labs C-Star [%]
# name 10 = par: PAR/Irradiance, Biospherical/Licor
# name 11 = latitude: Latitude [deg]
# name 12 = longitude: Longitude [deg]
# name 13 = timeJ: Julian Days
# name 14 = altM: Altimeter [m]
# name 15 = spar: SPAR, Biospherical/Licor
# name 16 = timeS: Time, Elapsed [seconds]
# name 17 = scan: Scan Count
# name 18 = density00: Density [density, kg/m^3]
# name 19 = density11: Density, 2 [density, kg/m^3]
# name 20 = v3: Voltage 3
# name 21 = v4: Voltage 4
# name 22 = v5: Voltage 5
# name 23 = sal00: Salinity, Practical [PSU]
# name 24 = sal11: Salinity, Practical, 2 [PSU]
# name 25 = oxsolML/L: Oxygen Saturation, Garcia & Gordon [ml/l]
# name 26 = nbin: number of scans per bin
# name 27 = flag: flag
# span 0 =     10.000,    477.000       
# span 1 =      9.901,    471.525       
# span 2 =    -1.5487,    -0.1653       
# span 3 =  26.902073,  28.580385       
# span 4 =    -1.5478,    -0.1629       
# span 5 =  26.902633,  28.580529       
# span 6 =     4.7861,     8.4184       
# span 7 =     4.9165,     8.6679       
# span 8 =    -0.0225,    19.1262       
# span 9 =    77.3902,    98.0068       
# span 10 = -1.236e-05, 4.4091e-01      
# span 11 =  -74.14749,  -74.14628      
# span 12 = -113.33564, -113.32689      
# span 13 =  41.438836,  41.445619      
# span 14 =       8.31,     100.90      
# span 15 = 2.6769e+01, 3.4762e+01      
# span 16 =     35.434,    621.444      
# span 17 =        851,      14916      
# span 18 =  1027.2016,  1029.8101      
# span 19 =  1027.1999,  1029.8077      
# span 20 =     3.6716,     4.6493      
# span 21 =     0.0636,     2.7052      
# span 22 =     0.1250,     0.2424      
# span 23 =    33.7607,    34.2940      
# span 24 =    33.7588,    34.2916      
# span 25 =    8.08472,    8.41529      
# span 26 =         16,         47      
# span 27 = 0.0000e+00, 0.0000e+00      
# interval = decibars: 1                
# start_time = Feb 10 2022 10:31:20 [NMEA time, header]
# bad_flag = -9.990e-29
*END*
     10.000      9.901    -1.1306  27.170171    -1.1289  27.170058     8.4114     8.3853    14.7774    78.6025 4.4091e-01  -74.14628 -113.33564  41.438836      99.42 2.7363e+01     35.434        851  1027.2016  1027.1999     3.7291     2.0532     0.2023    33.7609    33.7588    8.32507         16 0.0000e+00
     11.000     10.885    -1.1320  27.169349    -1.1300  27.169742     8.4184     8.4338    19.1262    79.2642 3.2922e-01  -74.14628 -113.33560  41.438865      99.58 2.6769e+01     37.936        911  1027.2064  1027.2049     3.7601     2.2890     0.2015    33.7607    33.7589    8.32540         37 0.0000e+00
     12.000     11.874    -1.1324  27.169608    -1.1307  27.169650     8.4157     8.4762    16.3775    78.9047 2.4202e-01  -74.14629 -113.33557  41.438892      99.63 2.7191e+01     40.239        967  1027.2114  1027.2098     3.7432     2.3548     0.1873    33.7608    33.7589    8.32546         41 0.0000e+00
     13.000     12.866    -1.1295  27.173087    -1.1282  27.172569     8.4073     8.5008    15.6554    79.4844 1.7995e-01  -74.14630 -113.33554  41.438918      98.78 2.7181e+01     42.491       1021  1027.2167  1027.2149     3.7708     2.7052     0.1983    33.7617    33.7596    8.32477         43 0.0000e+00
     14.000     13.855    -1.1231  27.179025    -1.1214  27.178960     8.4046     8.5365    16.8060    79.4959 1.2799e-01  -74.14630 -113.33549  41.438944      99.73 2.7187e+01     44.722       1074  1027.2214  1027.2197     3.7716     2.5732     0.1873    33.7620    33.7600    8.32333         45 0.0000e+00
     15.000     14.843    -1.1227  27.179825    -1.1222  27.178710     8.4112     8.5740    17.9120    77.6113 8.7613e-02  -74.14630 -113.33547  41.438969      99.67 2.7054e+01     46.929       1127  1027.2263  1027.2246     3.6824     2.4564     0.2150    33.7621    33.7599    8.32325         37 0.0000e+00
     16.000     15.835    -1.1218  27.180977    -1.1216  27.179589     8.4139     8.5910    15.6544    79.0576 5.7463e-02  -74.14630 -113.33543  41.438994      99.59 2.7657e+01     49.112       1180  1027.2310  1027.2294     3.7507     2.2560     0.2084    33.7620    33.7599    8.32305         42 0.0000e+00
     17.000     16.822    -1.1277  27.176211    -1.1267  27.175697     8.4124     8.6124    16.3344    79.1502 3.2303e-02  -74.14631 -113.33540  41.439019      99.78 2.7159e+01     51.242       1231  1027.2358  1027.2344     3.7551     2.6473     0.2213    33.7615    33.7597    8.32439         39 0.0000e+00
     18.000     17.813    -1.1293  27.175220    -1.1278  27.175229     8.4117     8.6319    16.7170    77.6424 1.3192e-02  -74.14632 -113.33536  41.439043      99.63 2.6879e+01     53.292       1280  1027.2405  1027.2391     3.6838     2.2977     0.2096    33.7613    33.7596    8.32475         44 0.0000e+00
     19.000     18.802    -1.1290  27.176044    -1.1271  27.176230     8.4082     8.6419    14.3980    78.6594 1.5725e-03  -74.14632 -113.33533  41.439065      86.93 2.7059e+01     55.256       1327  1027.2454  1027.2439     3.7313     2.4499     0.2211    33.7614    33.7596    8.32467         40 0.0000e+00
     20.000     19.792    -1.1289  27.176463    -1.1275  27.176396     8.4066     8.6517    15.7337    79.3591 -1.236e-05  -74.14632 -113.33531  41.439088      99.95 2.7030e+01     57.171       1373  1027.2501  1027.2487     3.7650     2.6075     0.2293    33.7613    33.7596    8.32466         42 0.0000e+00
     21.000     20.782    -1.1293  27.176687    -1.1274  27.177014     8.4104     8.6605    15.6355    79.0346 1.0000e-12  -74.14634 -113.33527  41.439110      99.78 2.7269e+01     59.100       1419  1027.2551  1027.2536     3.7494     2.5015     0.2219    33.7615    33.7597    8.32475         38 0.0000e+00
     22.000     21.771    -1.1281  27.178256    -1.1263  27.178373     8.4102     8.6677    14.7664    79.2669 1.0000e-12  -74.14634 -113.33525  41.439133      99.67 2.7257e+01     61.060       1466  1027.2599  1027.2583     3.7607     2.3601     0.2058    33.7616    33.7597    8.32447         39 0.0000e+00
     23.000     22.761    -1.1289  27.177957    -1.1276  27.177860     8.4035     8.6679    13.8968    80.2909 1.0000e-12  -74.14634 -113.33522  41.439155      99.51 2.7389e+01     63.036       1514  1027.2647  1027.2633     3.8094     2.1984     0.1932    33.7614    33.7598    8.32465         43 0.0000e+00
     24.000     23.748    -1.1297  27.177736    -1.1277  27.178159     8.4026     8.6576    14.3001    79.4156 1.0000e-12  -74.14634 -113.33519  41.439179      99.63 2.7935e+01     65.035       1562  1027.2695  1027.2681     3.7675     2.3562     0.2002    33.7615    33.7598    8.32484         38 0.0000e+00
     25.000     24.741    -1.1180  27.189235    -1.1155  27.189704     8.3837     8.6556    13.9851    79.5897 1.0000e-12  -74.14634 -113.33516  41.439202      99.51 2.7487e+01     67.037       1610  1027.2751  1027.2732     3.7762     2.2655     0.1949    33.7634    33.7612    8.32212         44 0.0000e+00
     26.000     25.730    -1.1070  27.201147    -1.1045  27.201969     8.3434     8.6213    14.8256    78.8126 1.0000e-12  -74.14635 -113.33513  41.439225      99.65 2.7436e+01     69.032       1658  1027.2820  1027.2805     3.7386     2.3912     0.2078    33.7666    33.7649    8.31948         39 0.0000e+00
     27.000     26.719    -1.0995  27.212069    -1.0978  27.212314     8.2595     8.5392    14.3982    80.0015 1.0000e-12  -74.14636 -113.33511  41.439248      99.72 2.7493e+01     71.011       1705  1027.2913  1027.2899     3.7950     2.4214     0.2216    33.7725    33.7710    8.31748         42 0.0000e+00
     28.000     27.708    -1.1026  27.212506    -1.1012  27.212436     8.2086     8.4953    13.6755    78.1222 1.0000e-12  -74.14636 -113.33509  41.439270      99.59 2.7190e+01     72.964       1752  1027.2991  1027.2978     3.7066     2.2742     0.1977    33.7759    33.7743    8.31795         40 0.0000e+00
     29.000     28.699    -1.1063  27.210982    -1.1043  27.211337     8.2207     8.4989    12.4185    78.5842 1.0000e-12  -74.14636 -113.33505  41.439293      99.46 2.7349e+01     74.896       1798  1027.3054  1027.3039     3.7283     2.1221     0.1905    33.7774    33.7756    8.31869         41 0.0000e+00
     30.000     29.688    -1.0922  27.226037    -1.0899  27.226217     8.2564     8.5224    11.8486    80.1102 1.0000e-12  -74.14638 -113.33503  41.439315      99.56 2.7200e+01     76.837       1845  1027.3127  1027.3107     3.8006     2.1210     0.1953    33.7814    33.7791    8.31531         44 0.0000e+00
     31.000     30.677    -1.0858  27.232613    -1.0826  27.233748     8.2893     8.5563    13.7911    79.3045 1.0000e-12  -74.14638 -113.33500  41.439338      99.63 2.7573e+01     78.777       1892  1027.3182  1027.3164     3.7624     2.3138     0.2070    33.7826    33.7806    8.31383         47 0.0000e+00
     32.000     31.667    -1.0719  27.246677    -1.0705  27.246247     8.3176     8.5816    13.9988    79.3882 1.0000e-12  -74.14638 -113.33497  41.439360      99.50 2.7604e+01     80.713       1938  1027.3247  1027.3228     3.7664     2.1723     0.2057    33.7856    33.7833    8.31058         38 0.0000e+00
     33.000     32.656    -1.0624  27.256529    -1.0585  27.258276     8.3301     8.5963    13.3229    79.2342 1.0000e-12  -74.14638 -113.33494  41.439383      96.96 2.7398e+01     82.660       1985  1027.3308  1027.3289     3.7591     2.2424     0.2318    33.7877    33.7856    8.30835         46 0.0000e+00
     34.000     33.646    -1.0560  27.262872    -1.0543  27.262659     8.3131     8.5868    13.4005    79.2791 1.0000e-12  -74.14638 -113.33492  41.439405      99.45 2.7408e+01     84.600       2031  1027.3360  1027.3342     3.7613     2.1104     0.2163    33.7885    33.7863    8.30688         42 0.0000e+00
     35.000     34.636    -1.0576  27.262221    -1.0549  27.263214     8.2985     8.5658    13.1772    78.3558 1.0000e-12  -74.14639 -113.33489  41.439427      99.50 2.7451e+01     86.521       2078  1027.3414  1027.3399     3.7175     2.1613     0.2064    33.7888    33.7871    8.30721         42 0.0000e+00
     36.000     35.624    -1.0598  27.261113    -1.0581  27.261188     8.2911     8.5537    12.8982    79.5922 1.0000e-12  -74.14640 -113.33486  41.439449      99.47 2.7684e+01     88.435       2123  1027.3467  1027.3452     3.7761     2.1083     0.2050    33.7892    33.7874    8.30769         44 0.0000e+00
     37.000     36.614    -1.0593  27.262325    -1.0575  27.262448     8.2781     8.5506    13.3044    78.8269 1.0000e-12  -74.14640 -113.33483  41.439472      99.42 2.7820e+01     90.345       2169  1027.3520  1027.3504     3.7396     2.0588     0.1819    33.7896    33.7877    8.30755         41 0.0000e+00
     38.000     37.602    -1.0594  27.262515    -1.0592  27.261483     8.2267     8.5034    13.7891    78.5265 1.0000e-12  -74.14640 -113.33481  41.439494      99.49 2.7710e+01     92.254       2215  1027.3566  1027.3554     3.7255     2.1551     0.2175    33.7894    33.7878    8.30758         39 0.0000e+00
     39.000     38.593    -1.0734  27.251352    -1.0722  27.251327     8.2068     8.4836    13.9116    78.1433 1.0000e-12  -74.14640 -113.33478  41.439516      99.49 2.7764e+01     94.189       2262  1027.3623  1027.3611     3.7074     2.1642     0.2119    33.7893    33.7879    8.31070         40 0.0000e+00
     40.000     39.582    -1.0713  27.254144    -1.0694  27.254307     8.2198     8.4948    13.2021    78.5276 1.0000e-12  -74.14640 -113.33476  41.439539      99.57 2.7787e+01     96.131       2308  1027.3675  1027.3659     3.7256     2.2369     0.2065    33.7901    33.7882    8.31017         42 0.0000e+00
     41.000     40.572    -1.0678  27.258095    -1.0663  27.257815     8.2273     8.4967    13.3665    78.5341 1.0000e-12  -74.14640 -113.33473  41.439561      99.67 2.7704e+01     98.076       2355  1027.3728  1027.3711     3.7255     2.3686     0.2186    33.7910    33.7889    8.30936         42 0.0000e+00
     42.000     41.561    -1.0637  27.262546    -1.0622  27.262598     8.1909     8.4721    13.6838    77.3902 1.0000e-12  -74.14642 -113.33471  41.439584      99.58 2.7843e+01    100.040       2402  1027.3780  1027.3767     3.6716     2.2353     0.1968    33.7918    33.7902    8.30840         34 0.0000e+00
     43.000     42.552    -1.0738  27.255047    -1.0723  27.255106     8.1634     8.4338    13.5558    78.7366 1.0000e-12  -74.14642 -113.33467  41.439607      99.58 2.7550e+01    102.009       2449  1027.3839  1027.3826     3.7355     2.2931     0.2083    33.7922    33.7907    8.31060         35 0.0000e+00
     44.000     43.539    -1.0761  27.254842    -1.0751  27.253804     8.1529     8.4288    13.5941    78.2916 1.0000e-12  -74.14642 -113.33465  41.439629      99.44 2.8161e+01    103.977       2496  1027.3902  1027.3882     3.7142     2.0938     0.2232    33.7939    33.7915    8.31101         35 0.0000e+00
     45.000     44.531    -1.0725  27.259409    -1.0718  27.258448     8.1602     8.4263    14.2421    79.1166 1.0000e-12  -74.14642 -113.33461  41.439652      99.57 2.7800e+01    105.964       2544  1027.3960  1027.3943     3.7537     2.2266     0.2261    33.7955    33.7935    8.31012         40 0.0000e+00
     46.000     45.519    -1.0725  27.259919    -1.0704  27.260410     8.1732     8.4326    12.9345    78.4523 1.0000e-12  -74.14644 -113.33458  41.439676      99.43 2.7892e+01    107.975       2592  1027.4009  1027.3993     3.7220     2.3062     0.2129    33.7956    33.7939    8.31012         46 0.0000e+00
     47.000     46.508    -1.0707  27.262454    -1.0688  27.262639     8.1559     8.4196    12.2713    78.7115 1.0000e-12  -74.14644 -113.33455  41.439699      99.52 2.8217e+01    109.971       2640  1027.4061  1027.4046     3.7343     2.1553     0.2117    33.7964    33.7945    8.30966         43 0.0000e+00
     48.000     47.496    -1.0762  27.257989    -1.0752  27.257880     8.1245     8.3936    13.5911    79.4968 1.0000e-12  -74.14644 -113.33452  41.439722      99.60 2.8206e+01    111.976       2688  1027.4109  1027.4098     3.7715     2.2991     0.2265    33.7959    33.7946    8.31093         39 0.0000e+00
     49.000     48.486    -1.0837  27.252759    -1.0815  27.253101     8.1375     8.3946    14.3248    79.0648 1.0000e-12  -74.14644 -113.33449  41.439745      99.47 2.8206e+01    113.975       2736  1027.4167  1027.4150     3.7513     2.1244     0.2045    33.7966    33.7946    8.31255         37 0.0000e+00
     50.000     49.478    -1.0765  27.259329    -1.0755  27.258869     8.1408     8.4001    12.7190    78.4545 1.0000e-12  -74.14644 -113.33445  41.439768      99.45 2.8054e+01    115.950       2784  1027.4212  1027.4197     3.7222     2.0629     0.2022    33.7968    33.7950    8.31093         28 0.0000e+00
     51.000     50.464    -1.0776  27.259046    -1.0753  27.259457     8.1368     8.4052    13.4670    78.7087 1.0000e-12  -74.14645 -113.33442  41.439790      99.40 2.7913e+01    117.898       2831  1027.4262  1027.4245     3.7342     2.0339     0.2034    33.7970    33.7950    8.31116         42 0.0000e+00
     52.000     51.456    -1.0752  27.261156    -1.0747  27.260354     8.1261     8.3969    13.1136    79.3760 1.0000e-12  -74.14646 -113.33439  41.439813      99.52 2.8022e+01    119.839       2877  1027.4305  1027.4291     3.7658     2.2362     0.2072    33.7966    33.7949    8.31066         39 0.0000e+00
     53.000     52.446    -1.0800  27.257641    -1.0775  27.258456     8.1368     8.4099    13.0452    79.4391 1.0000e-12  -74.14646 -113.33436  41.439835      99.39 2.8209e+01    121.752       2923  1027.4356  1027.4341     3.7688     2.0350     0.2058    33.7966    33.7949    8.31172         41 0.0000e+00
     54.000     53.435    -1.0762  27.261323    -1.0739  27.261782     8.1495     8.4128    14.0287    79.2557 1.0000e-12  -74.14646 -113.33434  41.439856      99.46 2.8206e+01    123.560       2966  1027.4402  1027.4386     3.7601     2.1015     0.2145    33.7967    33.7948    8.31087         36 0.0000e+00
     55.000     54.423    -1.0749  27.262808    -1.0729  27.263042     8.1462     8.4109    13.1194    79.9529 1.0000e-12  -74.14646 -113.33431  41.439877      99.43 2.8206e+01    125.341       3009  1027.4449  1027.4433     3.7932     2.0356     0.2272    33.7967    33.7947    8.31059         36 0.0000e+00
     56.000     55.413    -1.0753  27.263246    -1.0735  27.263221     8.1277     8.3929    12.8799    79.4058 1.0000e-12  -74.14646 -113.33428  41.439895      99.56 2.8206e+01    126.916       3047  1027.4501  1027.4483     3.7672     2.2307     0.2257    33.7971    33.7950    8.31065         32 0.0000e+00
     57.000     56.403    -1.0765  27.262912    -1.0764  27.261790     8.1015     8.3674    13.8019    78.8624 1.0000e-12  -74.14648 -113.33426  41.439910      99.52 2.8206e+01    128.224       3078  1027.4552  1027.4538     3.7416     2.1665     0.2424    33.7974    33.7957    8.31090         34 0.0000e+00
     58.000     57.391    -1.0842  27.257246    -1.0821  27.257741     8.0836     8.3508    14.3234    78.7286 1.0000e-12  -74.14648 -113.33425  41.439927      99.53 2.8206e+01    129.743       3115  1027.4607  1027.4593     3.7346     2.2246     0.2286    33.7976    33.7960    8.31259         34 0.0000e+00
     59.000     58.380    -1.0872  27.255476    -1.0858  27.255162     8.0851     8.3576    13.3610    78.5789 1.0000e-12  -74.14648 -113.33422  41.439946      99.53 2.8206e+01    131.332       3153  1027.4659  1027.4643     3.7270     2.1748     0.2344    33.7980    33.7961    8.31323         30 0.0000e+00
     60.000     59.371    -1.0873  27.255918    -1.0851  27.256234     8.0884     8.3610    12.4444    78.6367 1.0000e-12  -74.14648 -113.33420  41.439964      99.48 2.8206e+01    132.885       3190  1027.4707  1027.4690     3.7307     2.1383     0.2309    33.7981    33.7961    8.31325         34 0.0000e+00
