ocean_section_plots/required_files/ctd/dnbp2202_ctd053.cnv
* Sea-Bird SBE 9 Data File:
* FileName = D:\Data\raw\NBP2202_CTD053.hex
* Software Version Seasave V 7.26.7.121
* Temperature SN = 1649
* Conductivity SN = 2513
* Number of Bytes Per Scan = 40
* Number of Voltage Words = 5
* Number of Scans Averaged by the Deck Unit = 1
* NMEA Latitude = 74 13.93 S
* NMEA Longitude = 112 35.91 W
* NMEA UTC (Time) = Jan 24 2022  08:34:58
* NMEA baud rate = 9600
** Ship: RVIB N.B. Palmer
** Cruise: NBP2202 Thwaites
** Station: Section Dotson C
** Operator: B Bjork
# nquan = 25
# nvalues = 1044                        
# units = specified
# name 0 = prDM: Pressure, Digiquartz [db]
# name 1 = depSM: Depth [salt water, m]
# name 2 = t090C: Temperature [ITS-90, deg C]
# name 3 = c0mS/cm: Conductivity [mS/cm]
# name 4 = t190C: Temperature, 2 [ITS-90, deg C]
# name 5 = c1mS/cm: Conductivity, 2 [mS/cm]
# name 6 = sbeox0ML/L: Oxygen, SBE 43 [ml/l]
# name 7 = sbeox1ML/L: Oxygen, SBE 43, 2 [ml/l]
# name 8 = flECO-AFL: Fluorescence, WET Labs ECO-AFL/FL [mg/m^3]
# name 9 = CStarTr0: Beam Transmission, WET Labs C-Star [%]
# name 10 = par: PAR/Irradiance, Biospherical/Licor
# name 11 = latitude: Latitude [deg]
# name 12 = longitude: Longitude [deg]
# name 13 = timeJ: Julian Days
# name 14 = altM: Altimeter [m]
# name 15 = spar: SPAR, Biospherical/Licor
# name 16 = timeS: Time, Elapsed [seconds]
# name 17 = scan: Scan Count
# name 18 = density00: Density [density, kg/m^3]
# name 19 = density11: Density, 2 [density, kg/m^3]
# name 20 = sal00: Salinity, Practical [PSU]
# name 21 = sal11: Salinity, Practical, 2 [PSU]
# name 22 = oxsolML/L: Oxygen Saturation, Garcia & Gordon [ml/l]
# name 23 = nbin: number of scans per bin
# name 24 = flag: flag
# span 0 =      2.000,   1045.000       
# span 1 =      1.979,   1031.587       
# span 2 =    -1.4956,     0.4996       
# span 3 =  27.083551,  29.589822       
# span 4 =    -1.4952,     0.5017       
# span 5 =  27.083104,  29.589605       
# span 6 =     4.5862,     8.5896       
# span 7 =     4.7715,     8.8550       
# span 8 =    -0.0182,    27.6382       
# span 9 =    69.3404,    96.8864       
# span 10 = -5.056e-05, 4.9544e+01      
# span 11 =  -74.23232,  -74.23230      
# span 12 = -112.59856, -112.59852      
# span 13 =  24.358728,  24.374479      
# span 14 =       4.27,     100.71      
# span 15 = 2.3530e+02, 3.4200e+02      
# span 16 =     96.114,   1457.026      
# span 17 =       2308,      34970      
# span 18 =  1027.1767,  1032.6250      
# span 19 =  1027.1773,  1032.6227      
# span 20 =    33.7689,    34.5491      
# span 21 =    33.7726,    34.5465      
# span 22 =    7.93188,    8.39541      
# span 23 =         18,         68      
# span 24 = 0.0000e+00, 0.0000e+00      
# interval = decibars: 1                
# start_time = Jan 24 2022 08:34:58 [NMEA time, header]
# bad_flag = -9.990e-29
*END*
[from data line 406]
    408.000    403.379    -1.0823  27.696495    -1.0820  27.695097     5.9236     6.1954    -0.0023    96.6807 1.0000e-12  -74.23230 -112.59854  24.365076      99.89 2.9970e+02    644.557      15470  1029.4414  1029.4397    34.1790    34.1768    8.28975         27 0.0000e+00
    409.000    404.365    -1.0891  27.690854    -1.0882  27.690126     5.9182     6.1871     0.0054    96.6775 1.0000e-12  -74.23230 -112.59854  24.365089      99.89 2.9963e+02    645.694      15498  1029.4463  1029.4446    34.1784    34.1764    8.29129         28 0.0000e+00
    410.000    405.356    -1.0917  27.689773    -1.0902  27.689210     5.9160     6.1839    -0.0055    96.6710 1.0000e-12  -74.23230 -112.59854  24.365102      99.89 3.0015e+02    646.833      15525  1029.4520  1029.4499    34.1793    34.1768    8.29181         27 0.0000e+00
    411.000    406.341    -1.0877  27.694445    -1.0859  27.694105     5.9110     6.1668     0.0045    96.6912 1.0000e-12  -74.23230 -112.59854  24.365115      99.89 3.0144e+02    647.969      15552  1029.4574  1029.4553    34.1805    34.1780    8.29086         28 0.0000e+00
    412.000    407.328    -1.0704  27.711762    -1.0683  27.711136     5.9100     6.1591     0.0002    96.6996 1.0000e-12  -74.23230 -112.59854  24.365129      99.90 3.0210e+02    649.116      15580  1029.4636  1029.4608    34.1838    34.1806    8.28684         27 0.0000e+00
    413.000    408.317    -1.0609  27.720845    -1.0594  27.720163     5.8941     6.1547    -0.0074    96.7051 1.0000e-12  -74.23230 -112.59854  24.365142      99.89 3.0322e+02    650.268      15607  1029.4685  1029.4664    34.1848    34.1823    8.28468         28 0.0000e+00
    414.000    409.306    -1.0647  27.718137    -1.0636  27.717570     5.8879     6.1477     0.0062    96.7063 1.0000e-12  -74.23230 -112.59854  24.365155      99.89 3.0361e+02    651.406      15635  1029.4738  1029.4720    34.1849    34.1828    8.28553         27 0.0000e+00
    415.000    410.292    -1.0676  27.716719    -1.0664  27.716133     5.8864     6.1446    -0.0075    96.6593 1.0000e-12  -74.23230 -112.59854  24.365168      97.35 3.0499e+02    652.547      15662  1029.4795  1029.4776    34.1857    34.1835    8.28613         27 0.0000e+00
    416.000    411.280    -1.0692  27.716074    -1.0676  27.715766     5.8747     6.1394     0.0007    96.6895 1.0000e-12  -74.23230 -112.59854  24.365182      86.47 3.0529e+02    653.689      15690  1029.4846  1029.4827    34.1859    34.1837    8.28645         28 0.0000e+00
    417.000    412.267    -1.0725  27.713910    -1.0713  27.713386     5.8612     6.1314     0.0045    96.6950 1.0000e-12  -74.23230 -112.59854  24.365195      96.78 3.0660e+02    654.840      15717  1029.4899  1029.4881    34.1862    34.1841    8.28718         28 0.0000e+00
    418.000    413.256    -1.0772  27.711025    -1.0757  27.710582     5.8514     6.1167    -0.0047    96.6769 1.0000e-12  -74.23230 -112.59854  24.365208      99.87 3.0810e+02    655.992      15745  1029.4956  1029.4937    34.1869    34.1847    8.28816         27 0.0000e+00
    419.000    414.242    -1.0785  27.710763    -1.0773  27.710273     5.8317     6.0986     0.0054    96.6874 1.0000e-12  -74.23230 -112.59854  24.365222      99.90 3.0943e+02    657.139      15772  1029.5009  1029.4992    34.1874    34.1854    8.28842         27 0.0000e+00
    420.000    415.231    -1.0849  27.706969    -1.0840  27.706280     5.8077     6.0799    -0.0025    96.6655 1.0000e-12  -74.23230 -112.59854  24.365235      99.89 3.1116e+02    658.278      15800  1029.5073  1029.5057    34.1889    34.1870    8.28975         28 0.0000e+00
    421.000    416.218    -1.0750  27.718323    -1.0733  27.717882     5.7885     6.0585    -0.0025    96.6774 1.0000e-12  -74.23230 -112.59854  24.365248      99.89 3.1307e+02    659.420      15827  1029.5143  1029.5121    34.1926    34.1900    8.28736         28 0.0000e+00
    422.000    417.206    -1.0624  27.730375    -1.0607  27.729850     5.7719     6.0343     0.0071    96.6454 1.0000e-12  -74.23230 -112.59854  24.365261      99.90 3.1372e+02    660.579      15855  1029.5192  1029.5170    34.1940    34.1914    8.28448         27 0.0000e+00
    423.000    418.193    -1.0424  27.749488    -1.0392  27.749875     5.7483     6.0121     0.0069    96.6768 1.0000e-12  -74.23230 -112.59854  24.365275      99.89 3.1551e+02    661.735      15883  1029.5247  1029.5220    34.1967    34.1937    8.27990         28 0.0000e+00
    424.000    419.180    -1.0198  27.770699    -1.0176  27.770232     5.7293     5.9922     0.0127    96.6873 1.0000e-12  -74.23230 -112.59854  24.365288      99.89 3.1791e+02    662.878      15910  1029.5300  1029.5273    34.1994    34.1962    8.27477         27 0.0000e+00
    425.000    420.169    -0.9992  27.789779    -0.9981  27.788827     5.7265     5.9872     0.0143    96.6886 1.0000e-12  -74.23230 -112.59854  24.365301      99.89 3.1895e+02    664.012      15937  1029.5350  1029.5329    34.2013    34.1988    8.27012         28 0.0000e+00
    426.000    421.156    -1.0004  27.789290    -0.9994  27.788384     5.7265     5.9873     0.0143    96.6882 1.0000e-12  -74.23230 -112.59854  24.365314      99.90 3.1940e+02    665.143      15964  1029.5402  1029.5382    34.2014    34.1991    8.27038         27 0.0000e+00
    427.000    422.145    -1.0022  27.788464    -1.0011  27.787538     5.7264     5.9808     0.0143    96.6532 1.0000e-12  -74.23230 -112.59854  24.365327      93.89 3.2109e+02    666.283      15992  1029.5455  1029.5434    34.2018    34.1992    8.27076         27 0.0000e+00
    428.000    423.131    -1.0002  27.790568    -0.9974  27.791258     5.7285     5.9823     0.0101    96.6729 1.0000e-12  -74.23230 -112.59854  24.365341      92.63 3.2304e+02    667.433      16019  1029.5503  1029.5483    34.2017    34.1995    8.27031         28 0.0000e+00
    429.000    424.120    -0.9981  27.793230    -0.9957  27.793377     5.7329     5.9793     0.0021    96.6834 1.0000e-12  -74.23230 -112.59854  24.365354      99.82 3.2508e+02    668.579      16047  1029.5555  1029.5534    34.2023    34.1998    8.26981         27 0.0000e+00
    430.000    425.106    -0.9968  27.794693    -0.9941  27.795680     5.7351     5.9737     0.0099    96.6767 1.0000e-12  -74.23230 -112.59854  24.365367      99.89 3.2626e+02    669.709      16074  1029.5602  1029.5587    34.2022    34.2006    8.26953         27 0.0000e+00
    431.000    426.093    -0.9995  27.793122    -0.9959  27.794471     5.7415     5.9864     0.0151    96.6775 1.0000e-12  -74.23230 -112.59853  24.365380      99.89 3.2657e+02    670.851      16101  1029.5656  1029.5635    34.2026    34.2003    8.27011         28 0.0000e+00
    432.000    427.082    -1.0072  27.786258    -1.0088  27.783554     5.7452     5.9999     0.0143    96.6694 1.0000e-12  -74.23230 -112.59853  24.365394      99.89 3.2763e+02    672.006      16129  1029.5701  1029.5688    34.2014    34.1995    8.27188         28 0.0000e+00
    433.000    428.069    -1.0255  27.770996    -1.0228  27.771656     5.7481     6.0013     0.0143    96.6569 1.0000e-12  -74.23230 -112.59852  24.365407      99.90 3.2847e+02    673.150      16157  1029.5758  1029.5739    34.2007    34.1986    8.27594         27 0.0000e+00
    434.000    429.058    -1.0261  27.771213    -1.0247  27.770532     5.7312     5.9921     0.0143    96.6605 1.0000e-12  -74.23230 -112.59854  24.365420      99.89 3.2972e+02    674.291      16184  1029.5808  1029.5787    34.2011    34.1986    8.27606         27 0.0000e+00
    435.000    430.044    -1.0115  27.785240    -1.0102  27.784177     5.7045     5.9684     0.0224    96.6509 1.0000e-12  -74.23230 -112.59852  24.365433      99.89 3.3128e+02    675.432      16211  1029.5860  1029.5836    34.2031    34.2001    8.27273         28 0.0000e+00
    436.000    431.032    -0.9882  27.807539    -0.9870  27.806123     5.6801     5.9458     0.0157    96.6434 1.0000e-12  -74.23230 -112.59853  24.365447      99.89 3.3142e+02    676.579      16239  1029.5916  1029.5889    34.2063    34.2030    8.26740         27 0.0000e+00
    437.000    432.020    -0.9658  27.828480    -0.9631  27.828547     5.6575     5.9160     0.0082    96.6667 1.0000e-12  -74.23230 -112.59853  24.365460      99.89 3.3142e+02    677.739      16267  1029.5968  1029.5942    34.2088    34.2058    8.26235         28 0.0000e+00
    438.000    433.008    -0.9533  27.840487    -0.9500  27.841276     5.6460     5.8989     0.0098    96.6464 1.0000e-12  -74.23230 -112.59853  24.365473      86.63 3.3203e+02    678.892      16294  1029.6020  1029.5996    34.2103    34.2077    8.25951         28 0.0000e+00
    439.000    433.995    -0.9354  27.857322    -0.9336  27.856722     5.6305     5.8908     0.0212    96.6604 1.0000e-12  -74.23230 -112.59853  24.365486      92.86 3.3317e+02    680.030      16322  1029.6071  1029.6047    34.2123    34.2094    8.25546         27 0.0000e+00
    440.000    434.982    -0.9317  27.860941    -0.9302  27.860399     5.6294     5.8874     0.0146    96.6472 1.0000e-12  -74.23230 -112.59852  24.365500      99.89 3.3318e+02    681.165      16349  1029.6119  1029.6099    34.2124    34.2099    8.25464         27 0.0000e+00
    441.000    435.970    -0.9295  27.863422    -0.9278  27.863037     5.6198     5.8740     0.0151    96.6545 1.0000e-12  -74.23230 -112.59854  24.365513      99.89 3.3469e+02    682.310      16376  1029.6169  1029.6149    34.2126    34.2102    8.25414         28 0.0000e+00
    442.000    436.958    -0.9270  27.866184    -0.9251  27.865847     5.5952     5.8608     0.0154    96.6605 1.0000e-12  -74.23230 -112.59852  24.365526      99.88 3.3488e+02    683.449      16404  1029.6219  1029.6198    34.2129    34.2104    8.25357         27 0.0000e+00
    443.000    437.944    -0.9027  27.889433    -0.9009  27.888024     5.5388     5.8076     0.0135    96.6601 1.0000e-12  -74.23230 -112.59852  24.365539      99.89 3.3495e+02    684.591      16431  1029.6277  1029.6245    34.2164    34.2124    8.24805         28 0.0000e+00
    444.000    438.932    -0.8548  27.934069    -0.8481  27.936740     5.4730     5.7394     0.0092    96.6502 1.0000e-12  -74.23230 -112.59852  24.365552      99.89 3.3495e+02    685.735      16459  1029.6334  1029.6298    34.2220    34.2180    8.23724         27 0.0000e+00
    445.000    439.921    -0.7936  27.990424    -0.7878  27.992344     5.4348     5.6971     0.0107    96.6776 1.0000e-12  -74.23230 -112.59852  24.365566      99.89 3.3495e+02    686.872      16486  1029.6389  1029.6352    34.2284    34.2244    8.22351         27 0.0000e+00
    446.000    440.907    -0.7509  28.029204    -0.7509  28.026720     5.4243     5.6732     0.0201    96.6699 1.0000e-12  -74.23230 -112.59852  24.365579      99.89 3.3646e+02    688.019      16513  1029.6436  1029.6410    34.2319    34.2285    8.21400         27 0.0000e+00
    447.000    441.896    -0.7499  28.030398    -0.7455  28.032042     5.4104     5.6552     0.0200    96.6636 1.0000e-12  -74.23230 -112.59852  24.365592      99.90 3.3716e+02    689.167      16541  1029.6489  1029.6464    34.2318    34.2290    8.21379         28 0.0000e+00
    448.000    442.883    -0.7447  28.035562    -0.7423  28.035508     5.4072     5.6516     0.0125    96.6583 1.0000e-12  -74.23230 -112.59852  24.365605      99.89 3.3759e+02    690.307      16568  1029.6541  1029.6518    34.2323    34.2294    8.21264         28 0.0000e+00
    449.000    443.871    -0.7318  28.047458    -0.7301  28.046638     5.3968     5.6322     0.0180    96.6331 1.0000e-12  -74.23230 -112.59852  24.365619      99.88 3.3840e+02    691.449      16596  1029.6591  1029.6566    34.2331    34.2301    8.20977         27 0.0000e+00
    450.000    444.856    -0.7234  28.055772    -0.7156  28.060169     5.3571     5.5971     0.0195    96.6280 1.0000e-12  -74.23230 -112.59852  24.365632      92.64 3.3847e+02    692.597      16623  1029.6645  1029.6616    34.2342    34.2314    8.20788         27 0.0000e+00
    451.000    445.846    -0.6948  28.082325    -0.6827  28.090549     5.3376     5.5941     0.0126    96.6353 1.0000e-12  -74.23230 -112.59852  24.365645      57.70 3.3847e+02    693.742      16651  1029.6697  1029.6668    34.2372    34.2346    8.20151         28 0.0000e+00
    452.000    446.833    -0.6592  28.115744    -0.6559  28.115849     5.3121     5.5688     0.0143    96.6270 1.0000e-12  -74.23230 -112.59852  24.365658     100.44 3.3847e+02    694.890      16678  1029.6754  1029.6724    34.2414    34.2378    8.19355         27 0.0000e+00
    453.000    447.820    -0.6559  28.118823    -0.6560  28.116377     5.2686     5.5162     0.0175    96.6148 1.0000e-12  -74.23230 -112.59852  24.365672      99.89 3.3847e+02    696.041      16706  1029.6803  1029.6779    34.2412    34.2381    8.19284         28 0.0000e+00
    454.000    448.808    -0.6021  28.171145    -0.5984  28.169651     5.2332     5.4763     0.0310    96.6132 1.0000e-12  -74.23230 -112.59852  24.365685      99.89 3.3847e+02    697.191      16734  1029.6884  1029.6832    34.2503    34.2441    8.18068         28 0.0000e+00
    455.000    449.795    -0.5589  28.210667    -0.5586  28.208030     5.2193     5.4625     0.0271    96.5849 1.0000e-12  -74.23230 -112.59852  24.365698      99.89 3.3847e+02    698.343      16761  1029.6932  1029.6902    34.2540    34.2502    8.17112         28 0.0000e+00
    456.000    450.783    -0.5467  28.222333    -0.5447  28.221661     5.2131     5.4430     0.0173    96.5795 1.0000e-12  -74.23230 -112.59852  24.365712      99.89 3.3847e+02    699.494      16789  1029.6987  1029.6961    34.2554    34.2523    8.16842         27 0.0000e+00
    457.000    451.769    -0.5443  28.224930    -0.5417  28.224926     5.2024     5.4366     0.0244    96.5891 1.0000e-12  -74.23230 -112.59852  24.365725      99.90 3.3906e+02    700.634      16816  1029.7040  1029.7015    34.2556    34.2527    8.16789         27 0.0000e+00
    458.000    452.758    -0.5370  28.232146    -0.5344  28.232063     5.1911     5.4277     0.0174    96.5957 1.0000e-12  -74.23230 -112.59852  24.365738      99.89 3.3879e+02    701.772      16844  1029.7094  1029.7068    34.2565    34.2534    8.16627         28 0.0000e+00
    459.000    453.746    -0.5281  28.240769    -0.5275  28.238693     5.1420     5.3885     0.0278    96.5690 1.0000e-12  -74.23230 -112.59852  24.365751      99.89 3.3873e+02    702.917      16871  1029.7146  1029.7119    34.2573    34.2540    8.16429         27 0.0000e+00
    460.000    454.732    -0.4964  28.271419    -0.4961  28.267772     5.0810     5.3304     0.0276    96.5718 1.0000e-12  -74.23230 -112.59852  24.365765      99.89 3.3982e+02    704.064      16899  1029.7210  1029.7168    34.2622    34.2569    8.15721         28 0.0000e+00
    461.000    455.719    -0.4319  28.330783    -0.4300  28.329040     5.0352     5.2740     0.0279    96.5664 1.0000e-12  -74.23230 -112.59852  24.365778      99.89 3.4023e+02    705.209      16926  1029.7258  1029.7221    34.2684    34.2640    8.14299         28 0.0000e+00
    462.000    456.708    -0.3861  28.374519    -0.3822  28.374200     5.0081     5.2368     0.0275    96.5630 1.0000e-12  -74.23230 -112.59852  24.365791      88.03 3.4024e+02    706.350      16953  1029.7325  1029.7283    34.2749    34.2700    8.13282         26 0.0000e+00
    463.000    457.694    -0.3536  28.404864    -0.3506  28.404568     4.9973     5.2270     0.0376    96.5404 1.0000e-12  -74.23230 -112.59852  24.365804      98.49 3.4024e+02    707.488      16981  1029.7378  1029.7346    34.2782    34.2744    8.12567         28 0.0000e+00
    464.000    458.683    -0.3460  28.412054    -0.3444  28.410886     4.9895     5.2199     0.0414    96.5327 1.0000e-12  -74.23230 -112.59852  24.365817      99.90 3.4044e+02    708.626      17008  1029.7432  1029.7403    34.2787    34.2753    8.12403         27 0.0000e+00
