ocean_section_plots/required_files/ctd/dnbp2202_ctd217.cnv
* Sea-Bird SBE 9 Data File:
* FileName = D:\Data\raw\NBP2202_CTD217.hex
* Software Version Seasave V 7.26.7.121
* Temperature SN = 1649
* Conductivity SN = 2513
* Number of Bytes Per Scan = 40
* Number of Voltage Words = 5
* Number of Scans Averaged by the Deck Unit = 1
* NMEA Latitude = 73 54.81 S
* NMEA Longitude = 111 22.62 W
* NMEA UTC (Time) = Feb 11 2022  08:12:02
* NMEA baud rate = 9600
** Ship: RVIB N.B. Palmer
** Cruise: NBP2202 Thwaites
** Station: 129
** Operator: B. Bjork
# nquan = 28
# nvalues = 571                         
# units = specified
# name 0 = prDM: Pressure, Digiquartz [db]
# name 1 = depSM: Depth [salt water, m]
# name 2 = t090C: Temperature [ITS-90, deg C]
# name 3 = c0mS/cm: Conductivity [mS/cm]
# name 4 = t190C: Temperature, 2 [ITS-90, deg C]
# name 5 = c1mS/cm: Conductivity, 2 [mS/cm]
# name 6 = sbeox0ML/L: Oxygen, SBE 43 [ml/l]
# name 7 = sbeox1ML/L: Oxygen, SBE 43, 2 [ml/l]
# name 8 = flECO-AFL: Fluorescence, WET Labs ECO-AFL/FL [mg/m^3]
# name 9 = CStarTr0: Beam Transmission, WET Labs C-Star [%]
# name 10 = par: PAR/Irradiance, Biospherical/Licor
# name 11 = latitude: Latitude [deg]
# name 12 = longitude: Longitude [deg]
# name 13 = timeJ: Julian Days
# name 14 = altM: Altimeter [m]
# name 15 = spar: SPAR, Biospherical/Licor
# name 16 = timeS: Time, Elapsed [seconds]
# name 17 = scan: Scan Count
# name 18 = density00: Density [density, kg/m^3]
# name 19 = density11: Density, 2 [density, kg/m^3]
# name 20 = v3: Voltage 3
# name 21 = v4: Voltage 4
# name 22 = v5: Voltage 5
# name 23 = sal00: Salinity, Practical [PSU]
# name 24 = sal11: Salinity, Practical, 2 [PSU]
# name 25 = oxsolML/L: Oxygen Saturation, Garcia & Gordon [ml/l]
# name 26 = nbin: number of scans per bin
# name 27 = flag: flag
# span 0 =      1.000,    571.000       
# span 1 =      0.977,    564.321       
# span 2 =    -1.6005,     0.3837       
# span 3 =  26.949346,  29.261752       
# span 4 =    -1.5993,     0.3861       
# span 5 =  26.949874,  29.261873       
# span 6 =     4.5898,     8.8841       
# span 7 =     4.7125,     9.1118       
# span 8 =    -0.0253,    28.9928       
# span 9 =    71.3417,    98.4293       
# span 10 = 1.0000e-12, 4.7674e+00      
# span 11 =  -73.91348,  -73.91346      
# span 12 = -111.37668, -111.37666      
# span 13 =  42.343562,  42.351407      
# span 14 =       7.53,     102.39      
# span 15 = 2.0934e+01, 3.4996e+01      
# span 16 =    161.779,    839.585      
# span 17 =       3884,      20151      
# span 18 =  1027.1400,  1030.3973      
# span 19 =  1027.1375,  1030.3950      
# span 20 =     3.3849,     4.6693      
# span 21 =     0.0670,     4.8962      
# span 22 =     0.1096,     0.2644      
# span 23 =    33.7414,    34.5208      
# span 24 =    33.7402,    34.5181      
# span 25 =    7.95729,    8.41976      
# span 26 =          4,         50      
# span 27 = 0.0000e+00, 0.0000e+00      
# interval = decibars: 1                
# start_time = Feb 11 2022 08:12:02 [NMEA time, header]
# bad_flag = -9.990e-29
*END*
[from data line 311]
    312.000    308.542    -1.0619  27.664745    -1.0603  27.664400     5.8781     6.0683    -0.0006    97.9337 1.0000e-12  -73.91348 -111.37666  42.347961      99.93 3.3578e+01    541.867      13006  1028.9745  1028.9725     4.6458     0.0754     0.1190    34.1714    34.1691    8.28569         24 0.0000e+00
    313.000    309.530    -1.0561  27.670705    -1.0544  27.670365     5.8518     6.0403     0.0162    97.9243 1.0000e-12  -73.91348 -111.37666  42.347973      99.93 3.3145e+01    542.869      13030  1028.9800  1028.9779     4.6454     0.0707     0.1136    34.1723    34.1699    8.28437         25 0.0000e+00
    314.000    310.519    -1.0428  27.684212    -1.0411  27.683543     5.8237     6.0200     0.0193    97.9897 1.0000e-12  -73.91348 -111.37666  42.347985      99.93 3.2506e+01    543.864      13054  1028.9863  1028.9839     4.6485     0.0717     0.1127    34.1750    34.1722    8.28127         23 0.0000e+00
    315.000    311.506    -1.0225  27.703829    -1.0209  27.702967     5.8011     5.9924     0.0068    98.0607 1.0000e-12  -73.91348 -111.37666  42.347996      78.69 3.3653e+01    544.863      13078  1028.9924  1028.9899     4.6518     0.0725     0.1131    34.1780    34.1751    8.27661         24 0.0000e+00
    316.000    312.493    -1.0111  27.715041    -1.0095  27.714462     5.7748     5.9675     0.0069    98.0731 1.0000e-12  -73.91348 -111.37666  42.348008      88.11 3.3493e+01    545.871      13102  1028.9980  1028.9958     4.6524     0.0737     0.1130    34.1797    34.1771    8.27399         24 0.0000e+00
    317.000    313.484    -0.9964  27.729542    -0.9953  27.728462     5.7619     5.9487    -0.0004    98.1053 1.0000e-12  -73.91348 -111.37666  42.348019      98.16 3.3495e+01    546.869      13126  1029.0041  1029.0019     4.6540     0.0748     0.1197    34.1823    34.1795    8.27062         25 0.0000e+00
    318.000    314.471    -0.9867  27.739076    -0.9849  27.738713     5.7441     5.9357    -0.0004    98.1831 1.0000e-12  -73.91348 -111.37666  42.348031      99.90 3.3495e+01    547.878      13150  1029.0096  1029.0075     4.6576     0.0727     0.1154    34.1836    34.1811    8.26840         24 0.0000e+00
    319.000    315.460    -0.9800  27.745698    -0.9785  27.745135     5.7457     5.9279     0.0053    98.1441 1.0000e-12  -73.91348 -111.37666  42.348043      99.92 3.3495e+01    548.886      13174  1029.0149  1029.0129     4.6558     0.0720     0.1136    34.1844    34.1820    8.26688         24 0.0000e+00
    320.000    316.447    -0.9768  27.749205    -0.9753  27.748750     5.7446     5.9271     0.0021    98.2567 1.0000e-12  -73.91348 -111.37666  42.348054      99.93 3.3495e+01    549.880      13198  1029.0202  1029.0182     4.6612     0.0726     0.1154    34.1849    34.1826    8.26616         24 0.0000e+00
    321.000    317.436    -0.9708  27.755766    -0.9693  27.755227     5.7342     5.9159     0.1889    98.2377 1.0000e-12  -73.91348 -111.37666  42.348066      99.92 3.3495e+01    550.881      13222  1029.0260  1029.0240     4.6602     0.0729     0.1135    34.1864    34.1840    8.26475         23 0.0000e+00
    322.000    318.424    -0.9635  27.764043    -0.9616  27.763509     5.7274     5.9059     0.1567    98.2384 1.0000e-12  -73.91348 -111.37666  42.348077      99.93 3.3495e+01    551.893      13246  1029.0324  1029.0300     4.6603     0.0726     0.1126    34.1888    34.1859    8.26300         25 0.0000e+00
    323.000    319.410    -0.9438  27.784172    -0.9418  27.783790     5.7152     5.8919    -0.0012    98.2802 1.0000e-12  -73.91348 -111.37666  42.348089      99.93 3.3495e+01    552.901      13271  1029.0396  1029.0372     4.6623     0.0735     0.1121    34.1932    34.1904    8.25842         24 0.0000e+00
    324.000    320.401    -0.9357  27.791960    -0.9340  27.791577     5.7074     5.8735    -0.0028    98.2854 1.0000e-12  -73.91348 -111.37666  42.348101      99.93 3.3495e+01    553.901      13295  1029.0447  1029.0425     4.6625     0.0751     0.1135    34.1940    34.1915    8.25660         24 0.0000e+00
    325.000    321.388    -0.9249  27.803058    -0.9233  27.802215     5.6935     5.8606    -0.0021    98.2939 1.0000e-12  -73.91348 -111.37666  42.348112      99.92 3.3495e+01    554.907      13319  1029.0507  1029.0483     4.6629     0.0716     0.1137    34.1961    34.1933    8.25409         25 0.0000e+00
    326.000    322.376    -0.9106  27.816703    -0.9087  27.816362     5.6777     5.8557     0.0109    98.2828 1.0000e-12  -73.91348 -111.37666  42.348124      99.93 3.3495e+01    555.903      13343  1029.0560  1029.0538     4.6624     0.0730     0.1138    34.1979    34.1952    8.25086         23 0.0000e+00
    327.000    323.363    -0.9068  27.820607    -0.9053  27.820233     5.6753     5.8537    -0.0070    98.2735 1.0000e-12  -73.91348 -111.37666  42.348136      99.92 3.3495e+01    556.909      13367  1029.0611  1029.0592     4.6620     0.0721     0.1160    34.1983    34.1960    8.25000         25 0.0000e+00
    328.000    324.353    -0.9055  27.822454    -0.9040  27.821866     5.6652     5.8386    -0.0005    98.2440 1.0000e-12  -73.91348 -111.37666  42.348147      99.93 3.3495e+01    557.922      13391  1029.0664  1029.0643     4.6605     0.0727     0.1154    34.1987    34.1962    8.24969         24 0.0000e+00
    329.000    325.339    -0.8964  27.831745    -0.8944  27.831293     5.6541     5.8240     0.0139    98.2435 1.0000e-12  -73.91348 -111.37666  42.348159      99.92 3.0419e+01    558.934      13415  1029.0720  1029.0697     4.6606     0.0720     0.1139    34.2003    34.1975    8.24759         24 0.0000e+00
    330.000    326.328    -0.8795  27.847993    -0.8779  27.847368     5.6579     5.8256     0.0665    98.2543 1.0000e-12  -73.91348 -111.37666  42.348171      99.93 3.3292e+01    559.943      13440  1029.0776  1029.0754     4.6610     0.0722     0.1162    34.2026    34.2000    8.24376         24 0.0000e+00
    331.000    327.318    -0.8652  27.862405    -0.8637  27.861595     5.6705     5.8363     0.0195    98.2325 1.0000e-12  -73.91348 -111.37666  42.348182      99.93 3.3498e+01    560.949      13464  1029.0838  1029.0815     4.6600     0.0724     0.1144    34.2054    34.2026    8.24047         24 0.0000e+00
    332.000    328.303    -0.8618  27.866348    -0.8600  27.866156     5.6748     5.8431     0.0070    98.2360 1.0000e-12  -73.91348 -111.37666  42.348194      99.93 3.2231e+01    561.950      13488  1029.0893  1029.0874     4.6602     0.0709     0.1167    34.2063    34.2040    8.23969         24 0.0000e+00
    333.000    329.294    -0.8609  27.868020    -0.8592  27.867678     5.6772     5.8416     0.0072    98.2144 1.0000e-12  -73.91348 -111.37666  42.348205      99.93 3.1803e+01    562.942      13512  1029.0947  1029.0927     4.6591     0.0708     0.1173    34.2069    34.2045    8.23944         24 0.0000e+00
    334.000    330.280    -0.8542  27.875329    -0.8525  27.874650     5.6722     5.8446     0.0029    98.1899 1.0000e-12  -73.91348 -111.37666  42.348217      99.93 3.3789e+01    563.938      13536  1029.1006  1029.0983     4.6580     0.0691     0.1189    34.2086    34.2058    8.23789         24 0.0000e+00
    335.000    331.269    -0.8450  27.884469    -0.8438  27.883592     5.6705     5.8410    -0.0034    98.1685 1.0000e-12  -73.91348 -111.37666  42.348228      99.93 3.2621e+01    564.931      13559  1029.1060  1029.1039     4.6569     0.0724     0.1204    34.2099    34.2074    8.23579         24 0.0000e+00
    336.000    332.256    -0.8412  27.888955    -0.8391  27.888739     5.6585     5.8261    -0.0076    98.1249 1.0000e-12  -73.91348 -111.37666  42.348240      99.93 3.2323e+01    565.925      13583  1029.1116  1029.1093     4.6549     0.0711     0.1197    34.2111    34.2084    8.23489         24 0.0000e+00
    337.000    333.245    -0.8308  27.899780    -0.8285  27.899656     5.6356     5.8030    -0.0062    98.1064 1.0000e-12  -73.91348 -111.37666  42.348251      99.93 3.3697e+01    566.925      13607  1029.1177  1029.1152     4.6540     0.0711     0.1250    34.2134    34.2106    8.23250         24 0.0000e+00
    338.000    334.234    -0.8081  27.922645    -0.8061  27.921931     5.6025     5.7787    -0.0013    98.0987 1.0000e-12  -73.91348 -111.37667  42.348263      99.93 3.2985e+01    567.932      13631  1029.1246  1029.1219     4.6536     0.0727     0.1239    34.2181    34.2148    8.22727         24 0.0000e+00
    339.000    335.222    -0.7862  27.943703    -0.7839  27.943356     5.5810     5.7595    -0.0073    98.0364 1.0000e-12  -73.91348 -111.37667  42.348275      99.93 3.1392e+01    568.921      13655  1029.1304  1029.1279     4.6507     0.0708     0.1236    34.2212    34.2181    8.22231         24 0.0000e+00
    340.000    336.208    -0.7677  27.961683    -0.7657  27.961203     5.5832     5.7525    -0.0005    98.0238 1.0000e-12  -73.91348 -111.37667  42.348286      99.92 3.3380e+01    569.917      13679  1029.1363  1029.1338     4.6501     0.0718     0.1235    34.2239    34.2210    8.21812         24 0.0000e+00
    341.000    337.196    -0.7621  27.967063    -0.7601  27.966848     5.5741     5.7444    -0.0004    97.9451 1.0000e-12  -73.91348 -111.37667  42.348298      76.47 3.3342e+01    570.910      13703  1029.1412  1029.1390     4.6463     0.0698     0.1267    34.2242    34.2217    8.21688         23 0.0000e+00
    342.000    338.185    -0.7606  27.968870    -0.7586  27.968717     5.5607     5.7358    -0.0062    97.9312 1.0000e-12  -73.91348 -111.37667  42.348309      87.08 2.7437e+01    571.901      13727  1029.1463  1029.1441     4.6457     0.0703     0.1284    34.2244    34.2219    8.21655         24 0.0000e+00
    343.000    339.173    -0.7563  27.973546    -0.7542  27.973352     5.5469     5.7155    -0.0025    97.8467 1.0000e-12  -73.91348 -111.37667  42.348320      98.49 3.3555e+01    572.894      13750  1029.1516  1029.1494     4.6417     0.0707     0.1299    34.2252    34.2226    8.21555         24 0.0000e+00
    344.000    340.162    -0.7447  27.985486    -0.7428  27.984895     5.5315     5.7033    -0.0050    97.7650 1.0000e-12  -73.91348 -111.37667  42.348332      99.92 3.3348e+01    573.895      13774  1029.1578  1029.1553     4.6378     0.0724     0.1277    34.2277    34.2247    8.21290         24 0.0000e+00
    345.000    341.149    -0.7320  27.997954    -0.7300  27.997577     5.5133     5.6848    -0.0041    97.7660 1.0000e-12  -73.91348 -111.37667  42.348344      99.93 3.3255e+01    574.891      13798  1029.1632  1029.1609     4.6379     0.0703     0.1289    34.2295    34.2268    8.21002         24 0.0000e+00
    346.000    342.136    -0.7179  28.012540    -0.7165  28.011337     5.4866     5.6665    -0.0068    97.7533 1.0000e-12  -73.91348 -111.37667  42.348355      99.93 3.3493e+01    575.887      13822  1029.1696  1029.1670     4.6373     0.0700     0.1274    34.2326    34.2295    8.20678         24 0.0000e+00
    347.000    343.126    -0.6985  28.031607    -0.6968  28.030868     5.4558     5.6378    -0.0128    97.7201 1.0000e-12  -73.91348 -111.37667  42.348367      99.92 3.3495e+01    576.890      13846  1029.1758  1029.1733     4.6357     0.0701     0.1303    34.2359    34.2329    8.20239         24 0.0000e+00
    348.000    344.113    -0.6801  28.050420    -0.6785  28.049409     5.4288     5.6077    -0.0095    97.6707 1.0000e-12  -73.91348 -111.37667  42.348378      99.92 3.3495e+01    577.893      13870  1029.1826  1029.1799     4.6333     0.0702     0.1288    34.2398    34.2366    8.19817         24 0.0000e+00
    349.000    345.100    -0.6648  28.065972    -0.6628  28.065382     5.4120     5.5847    -0.0113    97.6652 1.0000e-12  -73.91348 -111.37667  42.348390      99.92 3.3495e+01    578.892      13894  1029.1890  1029.1863     4.6331     0.0701     0.1288    34.2429    34.2398    8.19467         24 0.0000e+00
    350.000    346.090    -0.6476  28.083082    -0.6454  28.082467     5.4045     5.5677     0.0081    97.6706 1.0000e-12  -73.91348 -111.37666  42.348402      99.92 3.3495e+01    579.893      13918  1029.1951  1029.1924     4.6334     0.0719     0.1288    34.2459    34.2426    8.19077         24 0.0000e+00
    351.000    347.076    -0.6398  28.090835    -0.6381  28.089949     5.4031     5.5624     0.0075    97.6983 1.0000e-12  -73.91348 -111.37666  42.348413      99.92 3.3495e+01    580.879      13942  1029.2005  1029.1979     4.6346     0.0719     0.1256    34.2470    34.2439    8.18902         23 0.0000e+00
    352.000    348.065    -0.6321  28.099162    -0.6283  28.100057     5.3852     5.5482     0.0081    97.7211 1.0000e-12  -73.91348 -111.37667  42.348424      99.93 3.3495e+01    581.857      13966  1029.2064  1029.2038     4.6357     0.0715     0.1258    34.2488    34.2458    8.18723         24 0.0000e+00
    353.000    349.055    -0.6191  28.111732    -0.6166  28.111805     5.3701     5.5373     0.0008    97.7242 1.0000e-12  -73.91348 -111.37668  42.348436      99.92 3.3495e+01    582.852      13989  1029.2118  1029.2095     4.6359     0.0710     0.1260    34.2505    34.2477    8.18434         24 0.0000e+00
    354.000    350.040    -0.6151  28.116149    -0.6126  28.116104     5.3553     5.5162    -0.0110    97.7477 1.0000e-12  -73.91348 -111.37668  42.348447      99.93 3.3495e+01    583.848      14013  1029.2172  1029.2148     4.6370     0.0733     0.1243    34.2513    34.2484    8.18342         24 0.0000e+00
    355.000    351.030    -0.6019  28.129466    -0.5991  28.129512     5.3343     5.4991    -0.0059    97.7638 1.0000e-12  -73.91348 -111.37668  42.348459      86.01 3.3495e+01    584.847      14037  1029.2231  1029.2205     4.6378     0.0700     0.1227    34.2537    34.2506    8.18042         24 0.0000e+00
    356.000    352.017    -0.5848  28.146909    -0.5829  28.145983     5.3227     5.4873     0.0045    97.7687 1.0000e-12  -73.91348 -111.37668  42.348471      94.93 3.3495e+01    585.871      14062  1029.2296  1029.2269     4.6380     0.0706     0.1223    34.2572    34.2538    8.17653         25 0.0000e+00
    357.000    353.005    -0.5737  28.157702    -0.5719  28.156942     5.3279     5.4796     0.0078    97.8127 1.0000e-12  -73.91348 -111.37667  42.348482      99.86 3.3495e+01    586.882      14086  1029.2350  1029.2324     4.6401     0.0718     0.1232    34.2586    34.2555    8.17405         24 0.0000e+00
    358.000    353.993    -0.5672  28.164490    -0.5653  28.164052     5.3137     5.4727     0.0075    97.8291 1.0000e-12  -73.91348 -111.37666  42.348494      99.93 3.3495e+01    587.879      14110  1029.2405  1029.2382     4.6408     0.0717     0.1231    34.2599    34.2570    8.17259         24 0.0000e+00
    359.000    354.981    -0.5641  28.167930    -0.5620  28.167533     5.2930     5.4570     0.0018    97.8442 1.0000e-12  -73.91348 -111.37666  42.348506      99.93 3.3495e+01    588.885      14134  1029.2458  1029.2432     4.6415     0.0727     0.1259    34.2604    34.2574    8.17189         24 0.0000e+00
    360.000    355.969    -0.5527  28.180008    -0.5503  28.179640     5.2723     5.4383    -0.0104    97.8689 1.0000e-12  -73.91348 -111.37667  42.348517      99.92 3.3495e+01    589.891      14158  1029.2520  1029.2493     4.6427     0.0732     0.1231    34.2630    34.2599    8.16926         24 0.0000e+00
    361.000    356.958    -0.5353  28.197383    -0.5332  28.196606     5.2535     5.4197     0.0086    97.8106 1.0000e-12  -73.91348 -111.37667  42.348529      99.93 3.3495e+01    590.887      14182  1029.2581  1029.2553     4.6400     0.0740     0.1274    34.2662    34.2629    8.16534         24 0.0000e+00
    362.000    357.944    -0.5221  28.210427    -0.5202  28.209615     5.2451     5.4032    -0.0004    97.8422 1.0000e-12  -73.91348 -111.37667  42.348541      99.93 3.3495e+01    591.896      14207  1029.2638  1029.2610     4.6415     0.0731     0.1225    34.2683    34.2650    8.16239         24 0.0000e+00
