ocean_section_plots/required_files/ctd/dnbp2202_ctd170.cnv
* Sea-Bird SBE 9 Data File:
* FileName = D:\Data\raw\NBP2202_CTD170.hex
* Software Version Seasave V 7.26.7.121
* Temperature SN = 1649
* Conductivity SN = 2513
* Number of Bytes Per Scan = 40
* Number of Voltage Words = 5
* Number of Scans Averaged by the Deck Unit = 1
* NMEA Latitude = 74 11.43 S
* NMEA Longitude = 110 25.40 W
* NMEA UTC (Time) = Feb 03 2022  13:37:23
* NMEA baud rate = 9600
** Ship: RVIB N.B. Palmer
** Cruise: NBP2202 Thwaites
** Station: 92
** Operator: B Bjork
# nquan = 28
# nvalues = 203                         
# units = specified
# name 0 = prDM: Pressure, Digiquartz [db]
# name 1 = depSM: Depth [salt water, m]
# name 2 = t090C: Temperature [ITS-90, deg C]
# name 3 = c0mS/cm: Conductivity [mS/cm]
# name 4 = t190C: Temperature, 2 [ITS-90, deg C]
# name 5 = c1mS/cm: Conductivity, 2 [mS/cm]
# name 6 = sbeox0ML/L: Oxygen, SBE 43 [ml/l]
# name 7 = sbeox1ML/L: Oxygen, SBE 43, 2 [ml/l]
# name 8 = flECO-AFL: Fluorescence, WET Labs ECO-AFL/FL [mg/m^3]
# name 9 = CStarTr0: Beam Transmission, WET Labs C-Star [%]
# name 10 = par: PAR/Irradiance, Biospherical/Licor
# name 11 = latitude: Latitude [deg]
# name 12 = longitude: Longitude [deg]
# name 13 = timeJ: Julian Days
# name 14 = altM: Altimeter [m]
# name 15 = spar: SPAR, Biospherical/Licor
# name 16 = timeS: Time, Elapsed [seconds]
# name 17 = scan: Scan Count
# name 18 = density00: Density [density, kg/m^3]
# name 19 = density11: Density, 2 [density, kg/m^3]
# name 20 = v3: Voltage 3
# name 21 = v4: Voltage 4
# name 22 = v5: Voltage 5
# name 23 = sal00: Salinity, Practical [PSU]
# name 24 = sal11: Salinity, Practical, 2 [PSU]
# name 25 = oxsolML/L: Oxygen Saturation, Garcia & Gordon [ml/l]
# name 26 = nbin: number of scans per bin
# name 27 = flag: flag
# span 0 =      1.000,    203.000       
# span 1 =      0.970,    200.792       
# span 2 =    -1.4344,    -1.1958       
# span 3 =  26.960718,  27.396128       
# span 4 =    -1.4334,    -1.1944       
# span 5 =  26.960401,  27.396333       
# span 6 =     5.6585,     6.7147       
# span 7 =     5.7962,     6.8373       
# span 8 =    -0.0224,     5.7925       
# span 9 =    89.2433,    99.0094       
# span 10 = 1.0000e-12, 1.9332e+02      
# span 11 =  -74.19064,  -74.19042      
# span 12 = -110.42344, -110.42313      
# span 13 =  34.570766,  34.574579      
# span 14 =       4.11,     100.00      
# span 15 = 1.5161e+03, 1.5402e+03      
# span 16 =    271.167,    600.653      
# span 17 =       6509,      14417      
# span 18 =  1027.1830,  1028.3436      
# span 19 =  1027.1822,  1028.3421      
# span 20 =     4.2334,     4.6968      
# span 21 =     0.0641,     0.9348      
# span 22 =     0.1211,     0.1810      
# span 23 =    33.7788,    34.0254      
# span 24 =    33.7779,    34.0231      
# span 25 =    8.32399,    8.38693      
# span 26 =          5,         51      
# span 27 = 0.0000e+00, 0.0000e+00      
# interval = decibars: 1                
# start_time = Feb 03 2022 13:37:23 [NMEA time, header]
# bad_flag = -9.990e-29
*END*
[from data line 52]
     53.000     52.445    -1.4284  27.018381    -1.4274  27.018378     5.6616     5.8053     0.1935    98.5735 1.3034e+00  -74.19050 -110.42314  34.572057      99.93 1.5366e+03    382.734       9187  1027.5007  1027.4997     4.6762     0.1032     0.1274    33.8622    33.8611    8.38570         33 0.0000e+00
     54.000     53.433    -1.4282  27.019624    -1.4271  27.019682     5.6707     5.8097     0.1785    98.6834 1.2522e+00  -74.19048 -110.42314  34.572073      99.94 1.5370e+03    384.129       9220  1027.5062  1027.5052     4.6814     0.1187     0.1266    33.8631    33.8620    8.38561         33 0.0000e+00
     55.000     54.424    -1.4279  27.021094    -1.4268  27.021283     5.6844     5.8188     0.2143    98.6441 1.2050e+00  -74.19048 -110.42316  34.572089      99.94 1.5390e+03    385.493       9253  1027.5119  1027.5111     4.6795     0.0955     0.1257    33.8642    33.8632    8.38548         32 0.0000e+00
     56.000     55.413    -1.4269  27.024552    -1.4259  27.024508     5.6881     5.8233     0.1608    98.5955 1.1575e+00  -74.19048 -110.42316  34.572104      99.93 1.5383e+03    386.776       9284  1027.5190  1027.5180     4.6772     0.1077     0.1280    33.8672    33.8660    8.38507         30 0.0000e+00
     57.000     56.402    -1.4262  27.026473    -1.4252  27.026484     5.6868     5.8232     0.1293    98.6009 1.1110e+00  -74.19048 -110.42316  34.572119      99.95 1.5385e+03    388.040       9314  1027.5248  1027.5239     4.6775     0.0929     0.1299    33.8684    33.8673    8.38485         30 0.0000e+00
     58.000     57.389    -1.4262  27.027357    -1.4253  27.027238     5.6851     5.8175     0.2434    98.7680 1.0659e+00  -74.19048 -110.42316  34.572132      99.94 1.5402e+03    389.229       9343  1027.5301  1027.5291     4.6854     0.0876     0.1300    33.8690    33.8678    8.38480         26 0.0000e+00
     59.000     58.382    -1.4272  27.027579    -1.4262  27.027572     5.6830     5.8213     0.1060    98.8193 1.0225e+00  -74.19048 -110.42316  34.572145      99.94 1.5378e+03    390.366       9370  1027.5357  1027.5347     4.6878     0.0963     0.1264    33.8699    33.8687    8.38499         27 0.0000e+00
     60.000     59.371    -1.4278  27.028738    -1.4270  27.028758     5.6876     5.8268     0.2010    98.6929 9.7966e-01  -74.19048 -110.42316  34.572159      99.94 1.5362e+03    391.508       9397  1027.5418  1027.5411     4.6818     0.0850     0.1243    33.8714    33.8706    8.38501         28 0.0000e+00
     61.000     60.358    -1.4283  27.029787    -1.4274  27.029642     5.6924     5.8248     0.2123    98.7320 9.4256e-01  -74.19048 -110.42316  34.572172      85.45 1.5369e+03    392.650       9425  1027.5478  1027.5469     4.6836     0.0855     0.1274    33.8729    33.8717    8.38505         26 0.0000e+00
     62.000     61.350    -1.4289  27.030340    -1.4280  27.030215     5.6895     5.8250     0.0824    98.7678 9.0639e-01  -74.19047 -110.42316  34.572185      81.92 1.5362e+03    393.769       9451  1027.5533  1027.5523     4.6854     0.0873     0.1257    33.8737    33.8724    8.38513         27 0.0000e+00
     63.000     62.339    -1.4285  27.031763    -1.4276  27.031551     5.6934     5.8281     0.1374    98.8119 8.6220e-01  -74.19046 -110.42317  34.572198      99.36 1.5344e+03    394.893       9478  1027.5588  1027.5577     4.6874     0.0968     0.1259    33.8746    33.8732    8.38499         28 0.0000e+00
     64.000     63.328    -1.4279  27.033480    -1.4271  27.033227     5.7028     5.8420     0.1130    98.6962 8.2504e-01  -74.19046 -110.42318  34.572211      99.94 1.5333e+03    396.071       9507  1027.5645  1027.5634     4.6820     0.1613     0.1267    33.8756    33.8744    8.38480         28 0.0000e+00
     65.000     64.315    -1.4275  27.035649    -1.4265  27.035489     5.7079     5.8430     0.2505    98.8519 7.8899e-01  -74.19046 -110.42318  34.572225      99.94 1.5333e+03    397.225       9534  1027.5707  1027.5696     4.6893     0.0953     0.1297    33.8775    33.8762    8.38458         28 0.0000e+00
     66.000     65.308    -1.4280  27.035659    -1.4272  27.035434     5.7185     5.8609     0.2477    98.8830 7.5452e-01  -74.19046 -110.42318  34.572238      99.95 1.5339e+03    398.369       9562  1027.5756  1027.5746     4.6909     0.0916     0.1258    33.8774    33.8763    8.38470         28 0.0000e+00
     67.000     66.296    -1.4277  27.037068    -1.4267  27.037142     5.7457     5.8757     0.0843    98.7031 7.2093e-01  -74.19046 -110.42318  34.572252      99.94 1.5342e+03    399.553       9590  1027.5812  1027.5803     4.6823     0.0889     0.1257    33.8784    33.8774    8.38458         28 0.0000e+00
     68.000     67.284    -1.4287  27.040050    -1.4280  27.039824     5.7695     5.8961     0.1147    98.6284 6.8789e-01  -74.19046 -110.42318  34.572265      99.94 1.5351e+03    400.701       9618  1027.5898  1027.5888     4.6787     0.1059     0.1277    33.8831    33.8819    8.38454         27 0.0000e+00
     69.000     68.275    -1.4332  27.041363    -1.4325  27.040865     5.7734     5.9092     0.1315    98.7483 6.5660e-01  -74.19046 -110.42318  34.572278      99.94 1.5337e+03    401.817       9645  1027.6000  1027.5988     4.6844     0.0919     0.1250    33.8894    33.8879    8.38517         27 0.0000e+00
     70.000     69.262    -1.4330  27.043618    -1.4323  27.043249     5.7730     5.9124     0.1026    98.8199 6.2549e-01  -74.19046 -110.42318  34.572291      99.95 1.5321e+03    402.961       9672  1027.6066  1027.6054     4.6879     0.0995     0.1248    33.8916    33.8903    8.38499         27 0.0000e+00
     71.000     70.255    -1.4328  27.045614    -1.4319  27.045741     5.7745     5.9152     0.1052    98.8320 5.9695e-01  -74.19046 -110.42318  34.572304      99.94 1.5318e+03    404.077       9699  1027.6129  1027.6122     4.6884     0.0941     0.1265    33.8935    33.8927    8.38483         27 0.0000e+00
     72.000     71.242    -1.4338  27.045735    -1.4331  27.045430     5.7690     5.9145     0.1008    98.9167 5.6948e-01  -74.19046 -110.42318  34.572317      99.95 1.5302e+03    405.170       9725  1027.6183  1027.6173     4.6924     0.0892     0.1260    33.8942    33.8929    8.38502         26 0.0000e+00
     73.000     72.232    -1.4335  27.046731    -1.4325  27.046654     5.7615     5.9135     0.1519    98.8253 5.4234e-01  -74.19046 -110.42318  34.572330      99.94 1.5296e+03    406.293       9752  1027.6234  1027.6223     4.6881     0.0927     0.1267    33.8946    33.8933    8.38493         27 0.0000e+00
     74.000     73.219    -1.4331  27.047522    -1.4323  27.047386     5.7664     5.9090     0.1266    98.7543 5.2007e-01  -74.19046 -110.42318  34.572343      95.95 1.5289e+03    407.434       9779  1027.6282  1027.6272     4.6848     0.0992     0.1271    33.8946    33.8935    8.38484         28 0.0000e+00
     75.000     74.212    -1.4340  27.047134    -1.4331  27.046769     5.7663     5.9089     0.1113    98.8804 4.9311e-01  -74.19046 -110.42319  34.572356      99.90 1.5283e+03    408.554       9806  1027.6329  1027.6316     4.6907     0.1077     0.1280    33.8944    33.8929    8.38504         26 0.0000e+00
     76.000     75.200    -1.4336  27.047954    -1.4326  27.047737     5.7653     5.9049     0.1524    98.8336 4.6965e-01  -74.19046 -110.42319  34.572369      99.94 1.5285e+03    409.700       9834  1027.6378  1027.6366     4.6884     0.0953     0.1244    33.8946    33.8931    8.38496         29 0.0000e+00
     77.000     76.188    -1.4327  27.049777    -1.4315  27.049792     5.7680     5.9040     0.2700    98.7337 4.4774e-01  -74.19046 -110.42319  34.572383      99.95 1.5288e+03    410.886       9862  1027.6431  1027.6420     4.6838     0.0828     0.1250    33.8953    33.8940    8.38469         28 0.0000e+00
     78.000     77.179    -1.4320  27.051101    -1.4321  27.049494     5.7676     5.9075     0.2815    98.9144 4.2695e-01  -74.19046 -110.42320  34.572396      99.94 1.5293e+03    412.047       9890  1027.6483  1027.6466     4.6923     0.0864     0.1246    33.8958    33.8937    8.38452         28 0.0000e+00
     79.000     78.168    -1.4344  27.048449    -1.4334  27.048247     5.7657     5.8974     0.1174    98.9387 4.0661e-01  -74.19046 -110.42320  34.572410      99.94 1.5281e+03    413.217       9918  1027.6520  1027.6507     4.6934     0.1035     0.1247    33.8942    33.8927    8.38515         28 0.0000e+00
     80.000     79.156    -1.4331  27.051985    -1.4298  27.054081     5.7391     5.8810     0.1113    98.8900 3.8694e-01  -74.19046 -110.42320  34.572424      99.95 1.5285e+03    414.418       9947  1027.6589  1027.6581     4.6912     0.0845     0.1257    33.8970    33.8961    8.38469         29 0.0000e+00
     81.000     80.147    -1.4237  27.062934    -1.4228  27.062479     5.7194     5.8617     0.1115    98.9353 3.6822e-01  -74.19047 -110.42320  34.572437      99.94 1.5289e+03    415.573       9975  1027.6662  1027.6648     4.6933     0.0808     0.1252    33.9008    33.8991    8.38235         26 0.0000e+00
     82.000     81.135    -1.4147  27.073421    -1.4126  27.074133     5.7053     5.8537     0.0701    98.9504 3.5073e-01  -74.19047 -110.42320  34.572450      99.94 1.5296e+03    416.703      10002  1027.6735  1027.6723     4.6940     0.1016     0.1248    33.9044    33.9030    8.38011         29 0.0000e+00
     83.000     82.124    -1.4107  27.078118    -1.4102  27.077438     5.7057     5.8532     0.0550    98.9428 3.3361e-01  -74.19047 -110.42320  34.572464      99.95 1.5299e+03    417.855      10030  1027.6792  1027.6779     4.6936     0.0792     0.1258    33.9057    33.9042    8.37914         27 0.0000e+00
     84.000     83.114    -1.4103  27.079228    -1.4099  27.078410     5.6966     5.8462     0.0479    98.8811 3.1770e-01  -74.19047 -110.42321  34.572476      99.95 1.5297e+03    418.966      10056  1027.6844  1027.6831     4.6908     0.0823     0.1270    33.9062    33.9045    8.37902         26 0.0000e+00
     85.000     84.102    -1.4085  27.082137    -1.4064  27.082918     5.6924     5.8391     0.0578    98.8726 3.0259e-01  -74.19046 -110.42320  34.572489      99.94 1.5254e+03    420.047      10082  1027.6902  1027.6891     4.6904     0.0830     0.1211    33.9075    33.9062    8.37854         26 0.0000e+00
     86.000     85.093    -1.4005  27.091921    -1.4007  27.090430     5.6900     5.8417     0.0774    98.9420 2.8932e-01  -74.19048 -110.42322  34.572502      99.30 1.5254e+03    421.178      10109  1027.6976  1027.6962     4.6936     0.0810     0.1249    33.9112    33.9094    8.37651         28 0.0000e+00
     87.000     86.080    -1.3993  27.093765    -1.3980  27.094136     5.6939     5.8420     0.1312    98.9893 2.7322e-01  -74.19046 -110.42322  34.572515      99.94 1.5256e+03    422.311      10136  1027.7030  1027.7021     4.6959     0.0798     0.1260    33.9118    33.9108    8.37621         26 0.0000e+00
     88.000     87.071    -1.3958  27.099834    -1.3948  27.099610     5.7000     5.8367     0.1312    98.8883 2.5996e-01  -74.19046 -110.42322  34.572528      99.95 1.5234e+03    423.427      10163  1027.7106  1027.7094     4.6910     0.0892     0.1254    33.9155    33.9141    8.37519         28 0.0000e+00
     89.000     88.061    -1.3932  27.103631    -1.3919  27.103692     5.6962     5.8285     0.1037    98.9398 2.4664e-01  -74.19046 -110.42322  34.572541      99.94 1.5214e+03    424.584      10191  1027.7167  1027.7155     4.6935     0.0848     0.1256    33.9172    33.9158    8.37452         28 0.0000e+00
     90.000     89.048    -1.3933  27.103978    -1.3921  27.103892     5.6888     5.8287     0.0805    98.9371 2.3445e-01  -74.19046 -110.42322  34.572555      99.94 1.5221e+03    425.771      10219  1027.7216  1027.7203     4.6934     0.0780     0.1239    33.9172    33.9157    8.37454         28 0.0000e+00
     91.000     90.040    -1.3910  27.107198    -1.3894  27.107520     5.6813     5.8273     0.1332    98.9629 2.2296e-01  -74.19046 -110.42322  34.572569      99.95 1.5219e+03    426.941      10248  1027.7273  1027.7261     4.6946     0.0821     0.1252    33.9184    33.9170    8.37396         28 0.0000e+00
     92.000     91.026    -1.3888  27.110426    -1.3883  27.109234     5.6868     5.8311     0.0904    98.9629 2.1115e-01  -74.19046 -110.42322  34.572583      99.94 1.5232e+03    428.136      10276  1027.7331  1027.7313     4.6946     0.0875     0.1290    33.9197    33.9175    8.37338         29 0.0000e+00
     93.000     92.017    -1.3865  27.113559    -1.3853  27.113328     5.6848     5.8237     0.0356    98.9398 2.0057e-01  -74.19046 -110.42322  34.572597      99.94 1.5236e+03    429.358      10306  1027.7387  1027.7373     4.6935     0.0802     0.1263    33.9208    33.9191    8.37280         30 0.0000e+00
     94.000     93.003    -1.3853  27.115493    -1.3845  27.114761     5.6794     5.8267     0.0431    98.9863 1.8998e-01  -74.19046 -110.42322  34.572611      99.94 1.5267e+03    430.563      10335  1027.7441  1027.7425     4.6957     0.0771     0.1267    33.9215    33.9195    8.37249         27 0.0000e+00
     95.000     93.996    -1.3838  27.117657    -1.3826  27.117500     5.6769     5.8181     0.0547    98.9590 1.8005e-01  -74.19046 -110.42322  34.572625      99.94 1.5270e+03    431.765      10363  1027.7494  1027.7480     4.6944     0.0852     0.1281    33.9221    33.9205    8.37211         29 0.0000e+00
     96.000     94.985    -1.3839  27.117954    -1.3827  27.117955     5.6800     5.8183     0.0325    98.8895 1.7118e-01  -74.19046 -110.42322  34.572639      98.50 1.5287e+03    432.995      10393  1027.7541  1027.7529     4.6911     0.0783     0.1274    33.9219    33.9206    8.37213         29 0.0000e+00
     97.000     95.974    -1.3818  27.121219    -1.3810  27.120549     5.6793     5.8149     0.0389    98.9338 1.6247e-01  -74.19046 -110.42322  34.572653      98.25 1.5303e+03    434.197      10422  1027.7600  1027.7585     4.6933     0.0918     0.1289    33.9234    33.9216    8.37157         28 0.0000e+00
     98.000     96.962    -1.3814  27.122103    -1.3804  27.121877     5.6800     5.8196     0.0299    98.9505 1.5287e-01  -74.19046 -110.42322  34.572666      99.95 1.5314e+03    435.374      10450  1027.7650  1027.7637     4.6940     0.0810     0.1259    33.9236    33.9221    8.37148         29 0.0000e+00
     99.000     97.952    -1.3816  27.122226    -1.3804  27.122327     5.6759     5.8108     0.0259    98.9920 1.4442e-01  -74.19046 -110.42322  34.572680      99.94 1.5310e+03    436.577      10479  1027.7697  1027.7686     4.6960     0.0854     0.1254    33.9234    33.9221    8.37155         29 0.0000e+00
    100.000     98.941    -1.3813  27.123332    -1.3802  27.123108     5.6770     5.8117     0.0281    98.9200 1.3635e-01  -74.19046 -110.42321  34.572694      99.94 1.5320e+03    437.747      10507  1027.7750  1027.7736     4.6926     0.0731     0.1245    33.9239    33.9223    8.37144         27 0.0000e+00
    101.000     99.930    -1.3803  27.125155    -1.3793  27.124774     5.6740     5.8175     0.0258    98.9945 1.3055e-01  -74.19046 -110.42321  34.572707      58.24 1.5306e+03    438.889      10534  1027.7803  1027.7789     4.6962     0.0857     0.1270    33.9247    33.9230    8.37117         28 0.0000e+00
    102.000    100.919    -1.3786  27.127848    -1.3781  27.126882     5.6817     5.8199     0.0536    98.9959 1.2115e-01  -74.19046 -110.42321  34.572721      99.68 1.5307e+03    440.055      10562  1027.7860  1027.7844     4.6962     0.0770     0.1262    33.9258    33.9239    8.37072         28 0.0000e+00
    103.000    101.909    -1.3707  27.139626    -1.3694  27.139292     5.6887     5.8195     0.0582    99.0094 1.1426e-01  -74.19046 -110.42320  34.572734      99.94 1.5311e+03    441.206      10590  1027.7956  1027.7941     4.6968     0.0804     0.1267    33.9324    33.9305    8.36855         27 0.0000e+00
