ocean_section_plots/required_files/ctd/dnbp2202_ctd229.cnv
* Sea-Bird SBE 9 Data File:
* FileName = D:\Data\raw\NBP2202_CTD229.hex
* Software Version Seasave V 7.26.7.121
* Temperature SN = 1649
* Conductivity SN = 2513
* Number of Bytes Per Scan = 40
* Number of Voltage Words = 5
* Number of Scans Averaged by the Deck Unit = 1
* NMEA Latitude = 74 06.03 S
* NMEA Longitude = 111 14.06 W
* NMEA UTC (Time) = Feb 12 2022  19:12:44
* NMEA baud rate = 9600
** Ship: RVIB N.B. Palmer
** Cruise: NBP2202 Thwaites
** Station: 140
** Operator: A. Robinson
# nquan = 28
# nvalues = 350                         
# units = specified
# name 0 = prDM: Pressure, Digiquartz [db]
# name 1 = depSM: Depth [salt water, m]
# name 2 = t090C: Temperature [ITS-90, deg C]
# name 3 = c0mS/cm: Conductivity [mS/cm]
# name 4 = t190C: Temperature, 2 [ITS-90, deg C]
# name 5 = c1mS/cm: Conductivity, 2 [mS/cm]
# name 6 = sbeox0ML/L: Oxygen, SBE 43 [ml/l]
# name 7 = sbeox1ML/L: Oxygen, SBE 43, 2 [ml/l]
# name 8 = flECO-AFL: Fluorescence, WET Labs ECO-AFL/FL [mg/m^3]
# name 9 = CStarTr0: Beam Transmission, WET Labs C-Star [%]
# name 10 = par: PAR/Irradiance, Biospherical/Licor
# name 11 = latitude: Latitude [deg]
# name 12 = longitude: Longitude [deg]
# name 13 = timeJ: Julian Days
# name 14 = altM: Altimeter [m]
# name 15 = spar: SPAR, Biospherical/Licor
# name 16 = timeS: Time, Elapsed [seconds]
# name 17 = scan: Scan Count
# name 18 = density00: Density [density, kg/m^3]
# name 19 = density11: Density, 2 [density, kg/m^3]
# name 20 = v3: Voltage 3
# name 21 = v4: Voltage 4
# name 22 = v5: Voltage 5
# name 23 = sal00: Salinity, Practical [PSU]
# name 24 = sal11: Salinity, Practical, 2 [PSU]
# name 25 = oxsolML/L: Oxygen Saturation, Garcia & Gordon [ml/l]
# name 26 = nbin: number of scans per bin
# name 27 = flag: flag
# span 0 =      3.000,    352.000       
# span 1 =      2.970,    348.072       
# span 2 =    -1.4518,    -1.1478       
# span 3 =  26.916321,  27.566184       
# span 4 =    -1.4527,    -1.1465       
# span 5 =  26.916810,  27.566067       
# span 6 =     5.7867,     6.7497       
# span 7 =     5.9871,     7.0135       
# span 8 =    -0.0150,     4.5616       
# span 9 =    91.0902,    97.3904       
# span 10 = -4.500e-07, 1.2465e+02      
# span 11 =  -74.10060,  -74.10054      
# span 12 = -111.23434, -111.23420      
# span 13 =  43.803275,  43.808635      
# span 14 =       2.25,      99.87      
# span 15 = 1.8303e+03, 1.8646e+03      
# span 16 =    238.977,    702.063      
# span 17 =       5736,      16851      
# span 18 =  1027.1756,  1029.1223      
# span 19 =  1027.1787,  1029.1211      
# span 20 =     4.3213,     4.6200      
# span 21 =     0.0644,     0.7726      
# span 22 =     0.1190,     0.1568      
# span 23 =    33.7588,    34.1105      
# span 24 =    33.7621,    34.1088      
# span 25 =    8.30828,    8.39679      
# span 26 =         12,         46      
# span 27 = 0.0000e+00, 0.0000e+00      
# interval = decibars: 1                
# start_time = Feb 12 2022 19:12:44 [NMEA time, header]
# bad_flag = -9.990e-29
*END*
[from data line 156]
    159.000    157.295    -1.4226  27.159670    -1.4236  27.158776     6.0846     6.2906     0.0444    97.2805 1.0000e-12  -74.10054 -111.23420  43.805746      99.77 1.8580e+03    452.486      10861  1028.1090  1028.1090     4.6149     0.0796     0.1204    33.9841    33.9839    8.37716         24 0.0000e+00
    160.000    158.284    -1.4202  27.164450    -1.4199  27.164214     6.0820     6.2947     0.0451    97.2951 1.0000e-12  -74.10054 -111.23420  43.805758      99.77 1.8584e+03    453.485      10885  1028.1162  1028.1156     4.6156     0.0799     0.1229    33.9873    33.9865    8.37642         24 0.0000e+00
    161.000    159.271    -1.4214  27.165090    -1.4215  27.164828     6.0807     6.3002     0.0525    97.2963 1.0000e-12  -74.10054 -111.23420  43.805769      99.77 1.8582e+03    454.460      10908  1028.1224  1028.1222     4.6156     0.0788     0.1244    33.9889    33.9886    8.37660         23 0.0000e+00
    162.000    160.262    -1.4168  27.170538    -1.4165  27.170427     6.0760     6.2945     0.0528    97.2827 1.0000e-12  -74.10054 -111.23420  43.805780      99.77 1.8582e+03    455.428      10931  1028.1281  1028.1277     4.6150     0.0998     0.1271    33.9905    33.9900    8.37546         23 0.0000e+00
    163.000    161.249    -1.4136  27.174550    -1.4132  27.174626     6.0727     6.2874     0.0599    97.3465 1.0000e-12  -74.10054 -111.23420  43.805792      99.77 1.8575e+03    456.390      10954  1028.1338  1028.1334     4.6179     0.0826     0.1265    33.9918    33.9914    8.37467         23 0.0000e+00
    164.000    162.239    -1.4118  27.176629    -1.4115  27.176568     6.0749     6.2875     0.0559    97.3299 1.0000e-12  -74.10054 -111.23420  43.805803      99.58 1.8582e+03    457.375      10978  1028.1385  1028.1382     4.6172     0.0851     0.1241    33.9919    33.9915    8.37424         25 0.0000e+00
    165.000    163.228    -1.4098  27.179524    -1.4092  27.179781     6.0713     6.2912     0.0530    97.3618 1.0000e-12  -74.10054 -111.23420  43.805815      99.77 1.8586e+03    458.402      11003  1028.1441  1028.1438     4.6187     0.0812     0.1223    33.9930    33.9927    8.37373         24 0.0000e+00
    166.000    164.216    -1.4101  27.179993    -1.4095  27.180210     6.0590     6.2800     0.0576    97.3133 1.0000e-12  -74.10054 -111.23420  43.805826      99.77 1.8581e+03    459.395      11026  1028.1493  1028.1489     4.6164     0.0801     0.1190    33.9935    33.9930    8.37378         24 0.0000e+00
    167.000    165.206    -1.4067  27.184458    -1.4071  27.183455     6.0513     6.2700     0.0591    97.3362 1.0000e-12  -74.10054 -111.23420  43.805837      99.77 1.8581e+03    460.356      11050  1028.1552  1028.1545     4.6175     0.0787     0.1226    33.9950    33.9942    8.37291         23 0.0000e+00
    168.000    166.194    -1.3955  27.197176    -1.3951  27.197081     6.0478     6.2785     0.0535    97.2785 1.0000e-12  -74.10054 -111.23420  43.805849      99.77 1.8581e+03    461.331      11073  1028.1626  1028.1621     4.6148     0.0786     0.1232    33.9992    33.9986    8.37015         23 0.0000e+00
    169.000    167.184    -1.3911  27.203043    -1.3880  27.205370     6.0320     6.2600     0.0538    97.2887 1.0000e-12  -74.10054 -111.23420  43.805860      99.77 1.8576e+03    462.312      11096  1028.1692  1028.1688     4.6152     0.0770     0.1246    34.0017    34.0014    8.36903         23 0.0000e+00
    170.000    168.171    -1.3804  27.213034    -1.3811  27.212032     6.0231     6.2386     0.0361    97.3217 1.0000e-12  -74.10054 -111.23420  43.805871      99.78 1.8581e+03    463.274      11120  1028.1742  1028.1738     4.6168     0.0766     0.1247    34.0026    34.0021    8.36656         23 0.0000e+00
    171.000    169.161    -1.3845  27.210430    -1.3825  27.211352     6.0243     6.2421     0.0438    97.3312 1.0000e-12  -74.10054 -111.23420  43.805883      99.77 1.8572e+03    464.277      11144  1028.1796  1028.1787     4.6172     0.0772     0.1202    34.0031    34.0021    8.36745         25 0.0000e+00
    172.000    170.149    -1.3607  27.233263    -1.3598  27.233377     6.0338     6.2486     0.0521    97.2904 1.0000e-12  -74.10054 -111.23420  43.805895      99.77 1.8557e+03    465.300      11168  1028.1860  1028.1853     4.6154     0.0806     0.1236    34.0068    34.0060    8.36189         25 0.0000e+00
    173.000    171.139    -1.3795  27.215584    -1.3837  27.211554     6.0453     6.2611     0.0342    97.3462 1.0000e-12  -74.10054 -111.23420  43.805906      99.77 1.8560e+03    466.306      11192  1028.1893  1028.1890     4.6179     0.0780     0.1238    34.0032    34.0025    8.36633         24 0.0000e+00
    174.000    172.126    -1.3898  27.206320    -1.3942  27.202099     6.0459     6.2575     0.0353    97.3300 1.0000e-12  -74.10054 -111.23420  43.805918      99.77 1.8574e+03    467.287      11216  1028.1934  1028.1931     4.6172     0.0787     0.1214    34.0015    34.0007    8.36873         23 0.0000e+00
    175.000    173.117    -1.3884  27.208646    -1.3798  27.216244     6.0147     6.2277     0.0414    97.3106 1.0000e-12  -74.10054 -111.23420  43.805929      99.77 1.8579e+03    468.263      11239  1028.1989  1028.1989     4.6163     0.0768     0.1237    34.0026    34.0032    8.36836         23 0.0000e+00
    176.000    174.104    -1.3843  27.212816    -1.3809  27.215267     5.9611     6.1888     0.0442    97.3271 1.0000e-12  -74.10054 -111.23420  43.805940      99.78 1.8585e+03    469.222      11262  1028.2039  1028.2033     4.6171     0.0781     0.1211    34.0030    34.0025    8.36741         24 0.0000e+00
    177.000    175.094    -1.3463  27.249902    -1.3410  27.252758     5.9274     6.1574     0.0439    97.3555 1.0000e-12  -74.10054 -111.23420  43.805952      91.47 1.8597e+03    470.243      11287  1028.2121  1028.2100     4.6184     0.0764     0.1218    34.0102    34.0081    8.35847         25 0.0000e+00
    178.000    176.081    -1.3243  27.269614    -1.3248  27.268384     5.9192     6.1479     0.0400    97.3401 1.0000e-12  -74.10054 -111.23420  43.805964      99.84 1.8588e+03    471.301      11312  1028.2168  1028.2159     4.6177     0.0764     0.1241    34.0117    34.0105    8.35346         25 0.0000e+00
    179.000    177.072    -1.3180  27.274973    -1.3188  27.274045     5.9270     6.1455     0.0244    97.3347 1.0000e-12  -74.10054 -111.23420  43.805976      99.77 1.8594e+03    472.310      11336  1028.2211  1028.2209     4.6174     0.0770     0.1251    34.0113    34.0109    8.35207         24 0.0000e+00
    180.000    178.061    -1.3250  27.269609    -1.3244  27.269628     5.9187     6.1336     0.0074    97.3328 1.0000e-12  -74.10054 -111.23420  43.805987      99.78 1.8590e+03    473.261      11359  1028.2265  1028.2260     4.6173     0.0747     0.1227    34.0112    34.0105    8.35364         22 0.0000e+00
    181.000    179.048    -1.3228  27.272618    -1.3204  27.273796     5.9111     6.1243     0.0142    97.2849 1.0000e-12  -74.10054 -111.23420  43.805998      99.77 1.8572e+03    474.218      11382  1028.2321  1028.2311     4.6151     0.0721     0.1253    34.0122    34.0111    8.35308         24 0.0000e+00
    182.000    180.039    -1.3103  27.284105    -1.3096  27.284023     5.9053     6.1222     0.0073    97.2229 1.0000e-12  -74.10054 -111.23420  43.806009      99.77 1.8563e+03    475.217      11406  1028.2370  1028.2363     4.6121     0.0764     0.1252    34.0131    34.0123    8.35023         24 0.0000e+00
    183.000    181.026    -1.3091  27.285571    -1.3085  27.285591     5.9021     6.1198     0.0005    97.3065 1.0000e-12  -74.10054 -111.23420  43.806022      99.77 1.8583e+03    476.269      11431  1028.2420  1028.2414     4.6160     0.0749     0.1282    34.0132    34.0125    8.34996         26 0.0000e+00
    184.000    182.015    -1.3070  27.288568    -1.3065  27.288470     5.9082     6.1198     0.0056    97.3227 1.0000e-12  -74.10054 -111.23420  43.806034      99.77 1.8585e+03    477.296      11456  1028.2476  1028.2470     4.6168     0.0724     0.1246    34.0143    34.0135    8.34943         24 0.0000e+00
    185.000    183.005    -1.3067  27.289746    -1.3068  27.289320     5.9120     6.1225     0.0069    97.3117 1.0000e-12  -74.10054 -111.23422  43.806045      99.78 1.8574e+03    478.270      11479  1028.2531  1028.2528     4.6163     0.0736     0.1252    34.0149    34.0145    8.34932         22 0.0000e+00
    186.000    183.992    -1.3082  27.289078    -1.3073  27.289223     5.9137     6.1247     0.0069    97.3176 1.0000e-12  -74.10054 -111.23420  43.806056      99.77 1.8551e+03    479.223      11502  1028.2582  1028.2575     4.6166     0.0721     0.1268    34.0151    34.0143    8.34965         24 0.0000e+00
    187.000    184.983    -1.3088  27.288969    -1.3083  27.288988     5.9199     6.1273     0.0069    97.3002 1.0000e-12  -74.10054 -111.23422  43.806068      99.77 1.8546e+03    480.241      11527  1028.2630  1028.2627     4.6158     0.0736     0.1253    34.0150    34.0145    8.34978         24 0.0000e+00
    188.000    185.969    -1.3091  27.289202    -1.3086  27.289163     5.9094     6.1216     0.0069    97.2501 1.0000e-12  -74.10054 -111.23420  43.806079      99.77 1.8546e+03    481.248      11551  1028.2681  1028.2675     4.6134     0.0723     0.1242    34.0151    34.0144    8.34986         24 0.0000e+00
    189.000    186.961    -1.3089  27.289684    -1.3084  27.289611     5.9114     6.1237     0.0094    97.3029 1.0000e-12  -74.10054 -111.23422  43.806091      99.78 1.8546e+03    482.235      11575  1028.2727  1028.2721     4.6159     0.0722     0.1260    34.0149    34.0142    8.34982         24 0.0000e+00
    190.000    187.946    -1.3087  27.290138    -1.3081  27.290229     5.9224     6.1197     0.0303    97.3026 1.0000e-12  -74.10054 -111.23420  43.806102      96.83 1.8541e+03    483.234      11599  1028.2774  1028.2769     4.6159     0.0713     0.1227    34.0147    34.0140    8.34979         24 0.0000e+00
    191.000    188.938    -1.3088  27.290597    -1.3082  27.290574     5.9173     6.1215     0.0929    97.2873 1.0000e-12  -74.10054 -111.23422  43.806114      99.38 1.8529e+03    484.247      11623  1028.2823  1028.2818     4.6152     0.0720     0.1274    34.0147    34.0141    8.34979         24 0.0000e+00
    192.000    189.925    -1.3087  27.291162    -1.3081  27.291143     5.9121     6.1214     0.0219    97.2980 1.0000e-12  -74.10054 -111.23420  43.806126      99.77 1.8530e+03    485.246      11647  1028.2872  1028.2866     4.6157     0.0786     0.1271    34.0148    34.0140    8.34977         25 0.0000e+00
    193.000    190.914    -1.3084  27.291787    -1.3079  27.291733     5.9093     6.1160     0.0147    97.2830 1.0000e-12  -74.10054 -111.23422  43.806137      99.77 1.8530e+03    486.242      11671  1028.2919  1028.2913     4.6150     0.0749     0.1229    34.0147    34.0140    8.34972         23 0.0000e+00
    194.000    191.901    -1.3081  27.292349    -1.3075  27.292370     5.9044     6.1203    -0.0058    97.2811 1.0000e-12  -74.10054 -111.23420  43.806149      99.77 1.8511e+03    487.243      11695  1028.2965  1028.2960     4.6149     0.0772     0.1257    34.0145    34.0139    8.34965         24 0.0000e+00
    195.000    192.893    -1.3082  27.292725    -1.3076  27.292707     5.9149     6.1275     0.0042    97.2373 1.0000e-12  -74.10054 -111.23422  43.806160      99.77 1.8517e+03    488.248      11719  1028.3014  1028.3008     4.6128     0.0737     0.1237    34.0145    34.0138    8.34967         25 0.0000e+00
    196.000    193.880    -1.3083  27.293025    -1.3078  27.293040     5.9109     6.1277     0.0069    97.2234 1.0000e-12  -74.10054 -111.23420  43.806172      99.78 1.8520e+03    489.254      11743  1028.3062  1028.3056     4.6121     0.0737     0.1252    34.0144    34.0138    8.34971         24 0.0000e+00
    197.000    194.868    -1.3085  27.293502    -1.3078  27.293432     5.9163     6.1293     0.0069    97.2892 1.0000e-12  -74.10054 -111.23422  43.806184      99.78 1.8494e+03    490.261      11767  1028.3112  1028.3105     4.6153     0.0732     0.1290    34.0146    34.0138    8.34973         23 0.0000e+00
    198.000    195.859    -1.3086  27.293737    -1.3081  27.293717     5.9313     6.1364     0.0038    97.2908 1.0000e-12  -74.10054 -111.23420  43.806195      99.77 1.8527e+03    491.245      11791  1028.3159  1028.3153     4.6153     0.0736     0.1288    34.0145    34.0139    8.34978         24 0.0000e+00
    199.000    196.847    -1.3127  27.292463    -1.3116  27.292727     5.9454     6.1518     0.0026    97.2972 1.0000e-12  -74.10054 -111.23422  43.806206      99.77 1.8546e+03    492.227      11814  1028.3227  1028.3221     4.6156     0.0735     0.1263    34.0168    34.0159    8.35055         24 0.0000e+00
    200.000    197.835    -1.3134  27.292717    -1.3135  27.292274     5.9658     6.1593     0.0093    97.2951 1.0000e-12  -74.10054 -111.23420  43.806218      99.77 1.8525e+03    493.220      11838  1028.3280  1028.3277     4.6156     0.0723     0.1268    34.0173    34.0168    8.35067         24 0.0000e+00
    201.000    198.824    -1.3185  27.289514    -1.3192  27.289264     5.9733     6.1699     0.0204    97.2760 1.0000e-12  -74.10054 -111.23422  43.806229      99.78 1.8545e+03    494.214      11862  1028.3338  1028.3342     4.6147     0.0723     0.1262    34.0181    34.0185    8.35178         23 0.0000e+00
    202.000    199.811    -1.3237  27.287558    -1.3231  27.287545     5.9793     6.1764     0.0481    97.2806 1.0000e-12  -74.10054 -111.23420  43.806241      99.77 1.8547e+03    495.223      11886  1028.3410  1028.3405     4.6149     0.0752     0.1251    34.0207    34.0200    8.35278         25 0.0000e+00
    203.000    200.803    -1.3234  27.288705    -1.3226  27.288946     5.9847     6.1752     0.0588    97.2715 1.0000e-12  -74.10054 -111.23422  43.806253      92.41 1.8544e+03    496.227      11910  1028.3462  1028.3458     4.6144     0.0738     0.1219    34.0213    34.0208    8.35268         24 0.0000e+00
    204.000    201.790    -1.3234  27.289399    -1.3228  27.289499     5.9769     6.1762     0.0077    97.2806 1.0000e-12  -74.10054 -111.23420  43.806264      97.71 1.8543e+03    497.205      11934  1028.3513  1028.3508     4.6149     0.0778     0.1232    34.0216    34.0210    8.35266         23 0.0000e+00
    205.000    202.778    -1.3215  27.292614    -1.3220  27.291118     5.9756     6.1761     0.0075    97.2795 1.0000e-12  -74.10054 -111.23422  43.806276      99.78 1.8547e+03    498.212      11958  1028.3572  1028.3561     4.6148     0.0724     0.1224    34.0232    34.0218    8.35214         25 0.0000e+00
    206.000    203.767    -1.3210  27.293666    -1.3203  27.293641     5.9691     6.1811     0.0132    97.3064 1.0000e-12  -74.10054 -111.23422  43.806288      99.77 1.8532e+03    499.257      11983  1028.3621  1028.3615     4.6161     0.0749     0.1252    34.0235    34.0227    8.35200         25 0.0000e+00
    207.000    204.758    -1.3213  27.293932    -1.3204  27.294180     5.9741     6.1770     0.0357    97.3047 1.0000e-12  -74.10054 -111.23422  43.806299      99.78 1.8538e+03    500.273      12008  1028.3670  1028.3665     4.6160     0.0739     0.1262    34.0236    34.0230    8.35207         24 0.0000e+00
    208.000    205.743    -1.3210  27.294836    -1.3203  27.294782     5.9745     6.1845     0.0172    97.2977 1.0000e-12  -74.10054 -111.23422  43.806311      99.78 1.8546e+03    501.231      12031  1028.3720  1028.3713     4.6156     0.0754     0.1246    34.0239    34.0230    8.35199         22 0.0000e+00
    209.000    206.733    -1.3208  27.295739    -1.3200  27.295922     5.9693     6.1830     0.0109    97.3156 1.0000e-12  -74.10054 -111.23422  43.806322      99.77 1.8546e+03    502.196      12054  1028.3771  1028.3766     4.6165     0.0736     0.1248    34.0242    34.0236    8.35192         24 0.0000e+00
