ocean_section_plots/required_files/ctd/dnbp2202_ctd209.cnv
* Sea-Bird SBE 9 Data File:
* FileName = D:\Data\raw\NBP2202_CTD209.hex
* Software Version Seasave V 7.26.7.121
* Temperature SN = 1649
* Conductivity SN = 2513
* Number of Bytes Per Scan = 40
* Number of Voltage Words = 5
* Number of Scans Averaged by the Deck Unit = 1
* NMEA Latitude = 74 08.15 S
* NMEA Longitude = 113 24.25 W
* NMEA UTC (Time) = Feb 10 2022  09:12:07
* NMEA baud rate = 9600
** Ship: RVIB N.B. Palmer
** Cruise: NBP2202 Thwaites
** Station: Tow-Yo #3
** Operator: B. Bjork
# nquan = 28
# nvalues = 404                         
# units = specified
# name 0 = prDM: Pressure, Digiquartz [db]
# name 1 = depSM: Depth [salt water, m]
# name 2 = t090C: Temperature [ITS-90, deg C]
# name 3 = c0mS/cm: Conductivity [mS/cm]
# name 4 = t190C: Temperature, 2 [ITS-90, deg C]
# name 5 = c1mS/cm: Conductivity, 2 [mS/cm]
# name 6 = sbeox0ML/L: Oxygen, SBE 43 [ml/l]
# name 7 = sbeox1ML/L: Oxygen, SBE 43, 2 [ml/l]
# name 8 = flECO-AFL: Fluorescence, WET Labs ECO-AFL/FL [mg/m^3]
# name 9 = CStarTr0: Beam Transmission, WET Labs C-Star [%]
# name 10 = par: PAR/Irradiance, Biospherical/Licor
# name 11 = latitude: Latitude [deg]
# name 12 = longitude: Longitude [deg]
# name 13 = timeJ: Julian Days
# name 14 = altM: Altimeter [m]
# name 15 = spar: SPAR, Biospherical/Licor
# name 16 = timeS: Time, Elapsed [seconds]
# name 17 = scan: Scan Count
# name 18 = density00: Density [density, kg/m^3]
# name 19 = density11: Density, 2 [density, kg/m^3]
# name 20 = v3: Voltage 3
# name 21 = v4: Voltage 4
# name 22 = v5: Voltage 5
# name 23 = sal00: Salinity, Practical [PSU]
# name 24 = sal11: Salinity, Practical, 2 [PSU]
# name 25 = oxsolML/L: Oxygen Saturation, Garcia & Gordon [ml/l]
# name 26 = nbin: number of scans per bin
# name 27 = flag: flag
# span 0 =     10.000,    413.000       
# span 1 =      9.896,    408.322       
# span 2 =    -1.4677,    -0.2114       
# span 3 =  27.026032,  28.498431       
# span 4 =    -1.4665,    -0.2091       
# span 5 =  27.026236,  28.498394       
# span 6 =     4.8109,     8.5900       
# span 7 =     4.9594,     8.8590       
# span 8 =    -0.0205,    20.8497       
# span 9 =    77.0162,    97.8916       
# span 10 = 1.0000e-12, 5.0482e-01      
# span 11 =  -74.13703,  -74.13594      
# span 12 = -113.40377, -113.39620      
# span 13 =  41.383713,  41.389625      
# span 14 =       9.12,     100.18      
# span 15 = 2.8939e+01, 3.5956e+01      
# span 16 =     25.783,    536.600      
# span 17 =        620,      12879      
# span 18 =  1027.1944,  1029.4936      
# span 19 =  1027.1931,  1029.4914      
# span 20 =     3.6529,     4.6438      
# span 21 =     0.0634,     3.3861      
# span 22 =     0.1241,     0.2403      
# span 23 =    33.7517,    34.2731      
# span 24 =    33.7503,    34.2705      
# span 25 =    8.09569,    8.39309      
# span 26 =         19,         46      
# span 27 = 0.0000e+00, 0.0000e+00      
# interval = decibars: 1                
# start_time = Feb 10 2022 09:12:07 [NMEA time, header]
# bad_flag = -9.990e-29
*END*
[from data line 311]
    321.000    317.431    -0.4670  28.173918    -0.4643  28.174151     4.9207     5.0670    -0.0089    97.7440 1.0000e-12  -74.13678 -113.39803  41.388147      99.87 3.3239e+01    408.884       9814  1028.9982  1028.9959     4.6368     0.0713     0.1357    34.1820    34.1793    8.15549         25 0.0000e+00
    322.000    318.421    -0.4618  28.179666    -0.4595  28.179727     4.9135     5.0627    -0.0066    97.7227 1.0000e-12  -74.13678 -113.39802  41.388159      99.31 3.0994e+01    409.934       9839  1029.0036  1029.0015     4.6358     0.0705     0.1323    34.1833    34.1808    8.15429         26 0.0000e+00
    323.000    319.407    -0.4596  28.182366    -0.4578  28.181947     4.9168     5.0668    -0.0108    97.7315 1.0000e-12  -74.13678 -113.39801  41.388171      98.80 3.0055e+01    410.982       9865  1029.0088  1029.0066     4.6362     0.0696     0.1329    34.1839    34.1813    8.15380         25 0.0000e+00
    324.000    320.396    -0.4572  28.185515    -0.4549  28.185679     4.9123     5.0708    -0.0071    97.7552 1.0000e-12  -74.13678 -113.39798  41.388183      98.02 3.2637e+01    412.037       9890  1029.0142  1029.0121     4.6374     0.0695     0.1343    34.1848    34.1824    8.15323         25 0.0000e+00
    325.000    321.385    -0.4538  28.189771    -0.4515  28.189760     4.9152     5.0605    -0.0112    97.7419 1.0000e-12  -74.13678 -113.39796  41.388195      97.13 3.1236e+01    413.085       9915  1029.0197  1029.0175     4.6367     0.0692     0.1363    34.1860    34.1834    8.15242         25 0.0000e+00
    326.000    322.372    -0.4516  28.192526    -0.4493  28.192633     4.9162     5.0584    -0.0068    97.7243 1.0000e-12  -74.13678 -113.39796  41.388208      95.98 2.9888e+01    414.133       9940  1029.0249  1029.0228     4.6359     0.0702     0.1349    34.1867    34.1843    8.15191         25 0.0000e+00
    327.000    323.361    -0.4508  28.193702    -0.4490  28.193468     4.9129     5.0652    -0.0187    97.7256 1.0000e-12  -74.13678 -113.39794  41.388220      94.94 3.3230e+01    415.190       9966  1029.0297  1029.0277     4.6359     0.0707     0.1362    34.1867    34.1843    8.15174         26 0.0000e+00
    328.000    324.348    -0.4492  28.196216    -0.4463  28.196858     4.9076     5.0612    -0.0125    97.7234 1.0000e-12  -74.13678 -113.39792  41.388232      94.26 3.0991e+01    416.234       9991  1029.0351  1029.0331     4.6358     0.0694     0.1365    34.1877    34.1853    8.15133         25 0.0000e+00
    329.000    325.336    -0.4463  28.199792    -0.4446  28.199197     4.9010     5.0558    -0.0132    97.7265 1.0000e-12  -74.13678 -113.39790  41.388244      93.07 3.0187e+01    417.283      10016  1029.0404  1029.0382     4.6360     0.0690     0.1336    34.1885    34.1859    8.15065         25 0.0000e+00
    330.000    326.325    -0.4448  28.201736    -0.4429  28.201478     4.9037     5.0565    -0.0039    97.7255 1.0000e-12  -74.13678 -113.39790  41.388256      91.94 3.2661e+01    418.338      10041  1029.0455  1029.0433     4.6359     0.0688     0.1329    34.1890    34.1864    8.15032         25 0.0000e+00
    331.000    327.313    -0.4427  28.204847    -0.4407  28.204407     4.9043     5.0561    -0.0038    97.7531 1.0000e-12  -74.13680 -113.39788  41.388268      90.99 3.1402e+01    419.388      10066  1029.0510  1029.0486     4.6372     0.0686     0.1350    34.1901    34.1873    8.14980         26 0.0000e+00
    332.000    328.302    -0.4377  28.210844    -0.4350  28.211091     4.8969     5.0556    -0.0031    97.7371 1.0000e-12  -74.13680 -113.39788  41.388280      90.07 2.9969e+01    420.437      10091  1029.0569  1029.0546     4.6365     0.0695     0.1328    34.1919    34.1893    8.14862         24 0.0000e+00
    333.000    329.287    -0.4318  28.217665    -0.4299  28.217045     4.8938     5.0568    -0.0132    97.7315 1.0000e-12  -74.13680 -113.39786  41.388293      88.96 3.2654e+01    421.488      10117  1029.0628  1029.0603     4.6362     0.0682     0.1353    34.1938    34.1909    8.14725         25 0.0000e+00
    334.000    330.278    -0.4272  28.223510    -0.4238  28.224475     4.8930     5.0505    -0.0133    97.7386 1.0000e-12  -74.13680 -113.39783  41.388305      87.89 3.1655e+01    422.532      10142  1029.0689  1029.0666     4.6366     0.0686     0.1351    34.1959    34.1934    8.14615         26 0.0000e+00
    335.000    331.266    -0.4179  28.234132    -0.4151  28.234325     4.8945     5.0385    -0.0127    97.7399 1.0000e-12  -74.13680 -113.39781  41.388317      86.92 3.0183e+01    423.582      10167  1029.0755  1029.0731     4.6366     0.0688     0.1364    34.1990    34.1962    8.14397         25 0.0000e+00
    336.000    332.253    -0.4022  28.252912    -0.3984  28.253512     4.8902     5.0331    -0.0127    97.7533 1.0000e-12  -74.13680 -113.39780  41.388329      86.15 3.2946e+01    424.631      10192  1029.0846  1029.0816     4.6373     0.0690     0.1346    34.2059    34.2025    8.14021         25 0.0000e+00
    337.000    333.242    -0.3904  28.265427    -0.3880  28.265590     4.8882     5.0305    -0.0136    97.7366 1.0000e-12  -74.13681 -113.39779  41.388341      84.99 3.1361e+01    425.679      10217  1029.0908  1029.0887     4.6365     0.0689     0.1346    34.2088    34.2063    8.13751         25 0.0000e+00
    338.000    334.229    -0.3835  28.273773    -0.3809  28.273780     4.8829     5.0286    -0.0193    97.7189 1.0000e-12  -74.13682 -113.39777  41.388353      83.95 2.9939e+01    426.731      10243  1029.0975  1029.0950     4.6356     0.0683     0.1338    34.2116    34.2088    8.13588         25 0.0000e+00
    339.000    335.217    -0.3808  28.276942    -0.3786  28.276847     4.8800     5.0322    -0.0158    97.7267 1.0000e-12  -74.13682 -113.39776  41.388366      82.93 3.2316e+01    427.790      10268  1029.1026  1029.1004     4.6360     0.0683     0.1345    34.2122    34.2096    8.13526         26 0.0000e+00
    340.000    336.206    -0.3793  28.279116    -0.3770  28.279106     4.8785     5.0310    -0.0067    97.7192 1.0000e-12  -74.13682 -113.39775  41.388378      81.74 3.0868e+01    428.847      10293  1029.1080  1029.1057     4.6356     0.0690     0.1329    34.2128    34.2102    8.13491         25 0.0000e+00
    341.000    337.193    -0.3737  28.285821    -0.3710  28.286022     4.8735     5.0221    -0.0083    97.7203 1.0000e-12  -74.13682 -113.39773  41.388390      80.82 2.9950e+01    429.897      10319  1029.1141  1029.1117     4.6357     0.0684     0.1353    34.2149    34.2121    8.13360         25 0.0000e+00
    342.000    338.181    -0.3659  28.294995    -0.3628  28.295662     4.8746     5.0289    -0.0117    97.7197 1.0000e-12  -74.13682 -113.39771  41.388402      79.78 3.2852e+01    430.951      10344  1029.1207  1029.1184     4.6356     0.0672     0.1344    34.2178    34.2153    8.13176         26 0.0000e+00
    343.000    339.169    -0.3611  28.300809    -0.3594  28.299976     4.8679     5.0285    -0.0174    97.7182 1.0000e-12  -74.13682 -113.39770  41.388414      78.81 3.1234e+01    432.003      10369  1029.1265  1029.1241     4.6356     0.0672     0.1340    34.2195    34.2166    8.13063         25 0.0000e+00
    344.000    340.157    -0.3537  28.309854    -0.3504  28.310634     4.8694     5.0196    -0.0162    97.7162 1.0000e-12  -74.13682 -113.39768  41.388427      77.84 3.0028e+01    433.051      10394  1029.1333  1029.1310     4.6354     0.0718     0.1353    34.2227    34.2201    8.12886         25 0.0000e+00
    345.000    341.145    -0.3461  28.318748    -0.3439  28.318554     4.8694     5.0231    -0.0125    97.7157 1.0000e-12  -74.13682 -113.39766  41.388439      76.83 3.2333e+01    434.100      10419  1029.1399  1029.1376     4.6355     0.0666     0.1372    34.2255    34.2228    8.12710         26 0.0000e+00
    346.000    342.133    -0.3464  28.319460    -0.3444  28.319277     4.8750     5.0259    -0.0132    97.7306 1.0000e-12  -74.13682 -113.39766  41.388451      75.85 3.1004e+01    435.141      10444  1029.1454  1029.1433     4.6361     0.0662     0.1367    34.2262    34.2237    8.12711         24 0.0000e+00
    347.000    343.121    -0.3458  28.320915    -0.3435  28.320910     4.8697     5.0271    -0.0145    97.7118 1.0000e-12  -74.13684 -113.39764  41.388463      74.85 3.0241e+01    436.181      10469  1029.1508  1029.1485     4.6353     0.0653     0.1357    34.2269    34.2243    8.12695         25 0.0000e+00
    348.000    344.111    -0.3437  28.323495    -0.3413  28.323625     4.8739     5.0271    -0.0170    97.7187 1.0000e-12  -74.13684 -113.39762  41.388475      73.97 3.1940e+01    437.232      10495  1029.1559  1029.1536     4.6356     0.0667     0.1360    34.2274    34.2248    8.12648         26 0.0000e+00
    349.000    345.097    -0.3412  28.326455    -0.3392  28.326274     4.8722     5.0211    -0.0127    97.7213 1.0000e-12  -74.13684 -113.39762  41.388487      72.78 3.0967e+01    438.280      10520  1029.1610  1029.1588     4.6357     0.0648     0.1371    34.2279    34.2254    8.12591         25 0.0000e+00
    350.000    346.085    -0.3375  28.331362    -0.3355  28.330845     4.8713     5.0187    -0.0124    97.7020 1.0000e-12  -74.13684 -113.39760  41.388499      71.77 2.9980e+01    439.322      10545  1029.1669  1029.1644     4.6348     0.0657     0.1347    34.2297    34.2267    8.12502         25 0.0000e+00
    351.000    347.074    -0.3334  28.336728    -0.3311  28.336593     4.8726     5.0192    -0.0124    97.6946 1.0000e-12  -74.13684 -113.39758  41.388511      70.85 3.2214e+01    440.369      10570  1029.1730  1029.1706     4.6345     0.0665     0.1367    34.2317    34.2289    8.12403         25 0.0000e+00
    352.000    348.062    -0.3316  28.339037    -0.3293  28.338957     4.8732     5.0202    -0.0118    97.6976 1.0000e-12  -74.13684 -113.39758  41.388523      69.87 3.1173e+01    441.411      10595  1029.1781  1029.1758     4.6346     0.0650     0.1360    34.2321    34.2295    8.12362         25 0.0000e+00
    353.000    349.048    -0.3297  28.341568    -0.3274  28.341498     4.8682     5.0215    -0.0036    97.6966 1.0000e-12  -74.13684 -113.39756  41.388535      68.95 2.9965e+01    442.462      10620  1029.1833  1029.1809     4.6346     0.0665     0.1378    34.2328    34.2300    8.12318         25 0.0000e+00
    354.000    350.038    -0.3277  28.344488    -0.3252  28.344559     4.8752     5.0225    -0.0137    97.6862 1.0000e-12  -74.13684 -113.39753  41.388548      67.82 3.2325e+01    443.513      10645  1029.1887  1029.1864     4.6341     0.0662     0.1331    34.2337    34.2311    8.12268         25 0.0000e+00
    355.000    351.025    -0.3235  28.350091    -0.3212  28.350041     4.8731     5.0219    -0.0109    97.6822 1.0000e-12  -74.13684 -113.39751  41.388560      66.88 3.1725e+01    444.554      10670  1029.1950  1029.1927     4.6339     0.0642     0.1345    34.2359    34.2333    8.12166         25 0.0000e+00
    356.000    352.014    -0.3221  28.352041    -0.3198  28.352183     4.8662     5.0184    -0.0127    97.6863 1.0000e-12  -74.13685 -113.39750  41.388572      66.08 2.9955e+01    445.592      10695  1029.2000  1029.1979     4.6341     0.0650     0.1363    34.2364    34.2340    8.12135         25 0.0000e+00
    357.000    352.999    -0.3186  28.356527    -0.3158  28.356951     4.8652     5.0110    -0.0190    97.6821 1.0000e-12  -74.13686 -113.39749  41.388584      64.98 3.2124e+01    446.644      10720  1029.2057  1029.2035     4.6339     0.0649     0.1382    34.2378    34.2352    8.12051         25 0.0000e+00
    358.000    353.990    -0.3143  28.361397    -0.3121  28.361286     4.8579     5.0055    -0.0187    97.6722 1.0000e-12  -74.13686 -113.39747  41.388596      63.98 3.1395e+01    447.685      10745  1029.2111  1029.2088     4.6334     0.0652     0.1375    34.2389    34.2363    8.11953         26 0.0000e+00
    359.000    354.978    -0.3091  28.367450    -0.3066  28.367503     4.8486     5.0039    -0.0067    97.6760 1.0000e-12  -74.13686 -113.39745  41.388608      63.02 2.9990e+01    448.734      10771  1029.2168  1029.2144     4.6336     0.0662     0.1371    34.2406    34.2378    8.11833         25 0.0000e+00
    360.000    355.964    -0.2993  28.378008    -0.2977  28.376860     4.8372     4.9972    -0.0109    97.6883 1.0000e-12  -74.13686 -113.39744  41.388620      61.90 3.2288e+01    449.788      10796  1029.2228  1029.2200     4.6342     0.0645     0.1374    34.2431    34.2397    8.11611         25 0.0000e+00
    361.000    356.953    -0.2906  28.387102    -0.2888  28.386379     4.8408     4.9951    -0.0124    97.6812 1.0000e-12  -74.13686 -113.39743  41.388632      61.03 3.1379e+01    450.834      10821  1029.2283  1029.2258     4.6339     0.0652     0.1381    34.2448    34.2418    8.11414         25 0.0000e+00
    362.000    357.941    -0.2887  28.389530    -0.2863  28.389731     4.8416     4.9985    -0.0021    97.6812 1.0000e-12  -74.13686 -113.39741  41.388644      59.88 2.9964e+01    451.879      10846  1029.2335  1029.2313     4.6338     0.0658     0.1358    34.2453    34.2428    8.11371         25 0.0000e+00
    363.000    358.929    -0.2850  28.394320    -0.2830  28.393980     4.8463     4.9976    -0.0063    97.6884 1.0000e-12  -74.13687 -113.39739  41.388657      58.87 3.2317e+01    452.926      10871  1029.2393  1029.2370     4.6342     0.0646     0.1345    34.2469    34.2442    8.11283         25 0.0000e+00
    364.000    359.915    -0.2832  28.396528    -0.2812  28.396248     4.8479     4.9915    -0.0164    97.7086 1.0000e-12  -74.13688 -113.39738  41.388669      57.87 3.1736e+01    453.971      10896  1029.2443  1029.2421     4.6351     0.0657     0.1351    34.2473    34.2447    8.11244         26 0.0000e+00
    365.000    360.906    -0.2810  28.399441    -0.2786  28.399516     4.8427     4.9921    -0.0097    97.6949 1.0000e-12  -74.13688 -113.39735  41.388681      56.90 3.0014e+01    455.014      10921  1029.2496  1029.2473     4.6345     0.0653     0.1373    34.2481    34.2454    8.11192         25 0.0000e+00
    366.000    361.893    -0.2791  28.401978    -0.2769  28.401800     4.8404     4.9857    -0.0101    97.6877 1.0000e-12  -74.13688 -113.39734  41.388693      55.96 3.2255e+01    456.066      10947  1029.2548  1029.2525     4.6342     0.0656     0.1417    34.2487    34.2461    8.11148         24 0.0000e+00
    367.000    362.880    -0.2783  28.403164    -0.2762  28.402978     4.8394     4.9873    -0.0088    97.6790 1.0000e-12  -74.13688 -113.39732  41.388705      54.88 3.1594e+01    457.108      10972  1029.2596  1029.2574     4.6338     0.0651     0.1364    34.2488    34.2462    8.11130         26 0.0000e+00
    368.000    363.868    -0.2765  28.405716    -0.2742  28.405611     4.8326     4.9849    -0.0071    97.6882 1.0000e-12  -74.13688 -113.39732  41.388717      54.03 3.0062e+01    458.152      10997  1029.2649  1029.2626     4.6341     0.0649     0.1380    34.2496    34.2469    8.11086         25 0.0000e+00
    369.000    364.857    -0.2738  28.409073    -0.2713  28.409193     4.8376     4.9830    -0.0129    97.6874 1.0000e-12  -74.13688 -113.39728  41.388729      52.91 3.1231e+01    459.202      11022  1029.2702  1029.2680     4.6342     0.0654     0.1368    34.2504    34.2478    8.11024         25 0.0000e+00
    370.000    365.843    -0.2727  28.410627    -0.2701  28.410877     4.8403     4.9780    -0.0097    97.6729 1.0000e-12  -74.13688 -113.39728  41.388741      51.90 3.1168e+01    460.251      11047  1029.2751  1029.2729     4.6335     0.0648     0.1373    34.2507    34.2481    8.11000         25 0.0000e+00
    371.000    366.833    -0.2717  28.412037    -0.2697  28.411818     4.8337     4.9778    -0.0071    97.6843 1.0000e-12  -74.13688 -113.39726  41.388753      50.93 3.0173e+01    461.299      11072  1029.2799  1029.2778     4.6340     0.0653     0.1387    34.2508    34.2483    8.10977         25 0.0000e+00
