ocean_section_plots/required_files/ctd/dnbp2202_ctd143.cnv
* Sea-Bird SBE 9 Data File:
* FileName = D:\Data\raw\NBP2202_CTD143.hex
* Software Version Seasave V 7.26.7.121
* Temperature SN = 1649
* Conductivity SN = 2513
* Number of Bytes Per Scan = 40
* Number of Voltage Words = 5
* Number of Scans Averaged by the Deck Unit = 1
* NMEA Latitude = 74 06.98 S
* NMEA Longitude = 112 54.87 W
* NMEA UTC (Time) = Jan 30 2022  07:11:06
* NMEA baud rate = 9600
** Ship: RVIB N.B. Palmer
** Cruise: NBP2202 Thwaites
** Station: 71
** Operator: B. Bjork
# nquan = 28
# nvalues = 655                         
# units = specified
# name 0 = prDM: Pressure, Digiquartz [db]
# name 1 = depSM: Depth [salt water, m]
# name 2 = t090C: Temperature [ITS-90, deg C]
# name 3 = c0mS/cm: Conductivity [mS/cm]
# name 4 = t190C: Temperature, 2 [ITS-90, deg C]
# name 5 = c1mS/cm: Conductivity, 2 [mS/cm]
# name 6 = sbeox0ML/L: Oxygen, SBE 43 [ml/l]
# name 7 = sbeox1ML/L: Oxygen, SBE 43, 2 [ml/l]
# name 8 = flECO-AFL: Fluorescence, WET Labs ECO-AFL/FL [mg/m^3]
# name 9 = CStarTr0: Beam Transmission, WET Labs C-Star [%]
# name 10 = par: PAR/Irradiance, Biospherical/Licor
# name 11 = latitude: Latitude [deg]
# name 12 = longitude: Longitude [deg]
# name 13 = timeJ: Julian Days
# name 14 = altM: Altimeter [m]
# name 15 = spar: SPAR, Biospherical/Licor
# name 16 = timeS: Time, Elapsed [seconds]
# name 17 = scan: Scan Count
# name 18 = density00: Density [density, kg/m^3]
# name 19 = density11: Density, 2 [density, kg/m^3]
# name 20 = v3: Voltage 3
# name 21 = v4: Voltage 4
# name 22 = v5: Voltage 5
# name 23 = sal00: Salinity, Practical [PSU]
# name 24 = sal11: Salinity, Practical, 2 [PSU]
# name 25 = oxsolML/L: Oxygen Saturation, Garcia & Gordon [ml/l]
# name 26 = nbin: number of scans per bin
# name 27 = flag: flag
# span 0 =      2.000,    656.000       
# span 1 =      1.970,    648.187       
# span 2 =    -1.5569,     0.2872       
# span 3 =  27.015525,  29.168798       
# span 4 =    -1.5563,     0.2895       
# span 5 =  27.015127,  29.168649       
# span 6 =     4.6376,     9.1942       
# span 7 =     4.7255,     9.1653       
# span 8 =    -0.0194,    24.5163       
# span 9 =    69.4579,    93.3630       
# span 10 = -1.633e-05, 8.0754e+00      
# span 11 =  -74.11634,  -74.11632      
# span 12 = -112.91464, -112.91460      
# span 13 =  30.301797,  30.311374      
# span 14 =       3.06,     100.71      
# span 15 = 2.9969e+01, 4.4087e+01      
# span 16 =    209.315,   1036.736      
# span 17 =       5025,      24883      
# span 18 =  1027.1254,  1030.7529      
# span 19 =  1027.1260,  1030.7505      
# span 20 =     3.2956,     4.4291      
# span 21 =     0.0635,     3.8440      
# span 22 =     0.1223,     0.2462      
# span 23 =    33.7537,    34.4574      
# span 24 =    33.7511,    34.4547      
# span 25 =    7.98075,    8.40968      
# span 26 =          5,         76      
# span 27 = 0.0000e+00, 0.0000e+00      
# interval = decibars: 1                
# start_time = Jan 30 2022 07:11:06 [NMEA time, header]
# bad_flag = -9.990e-29
*END*
[from data line 467]
    469.000    463.622     0.0202  28.791524     0.0226  28.791234     4.7543     4.8541    -0.0016    93.2861 1.0000e-12  -74.11634 -112.91462  30.308083      99.92 4.2769e+01    752.365      18058  1029.8201  1029.8176     4.4254     0.0712     0.1300    34.3688    34.3659    8.04139         23 0.0000e+00
    470.000    464.610     0.0205  28.792371     0.0229  28.792230     4.7613     4.8550     0.0048    93.2920 1.0000e-12  -74.11634 -112.91462  30.308094      99.92 4.3558e+01    753.354      18081  1029.8251  1029.8226     4.4257     0.0727     0.1313    34.3690    34.3662    8.04132         24 0.0000e+00
    471.000    465.596     0.0221  28.794519     0.0243  28.794425     4.7611     4.8590     0.0012    93.3047 1.0000e-12  -74.11634 -112.91462  30.308106      99.92 4.3268e+01    754.339      18105  1029.8301  1029.8278     4.4263     0.0698     0.1320    34.3695    34.3669    8.04096         24 0.0000e+00
    472.000    466.585     0.0233  28.796406     0.0254  28.796019     4.7605     4.8605    -0.0061    93.2795 1.0000e-12  -74.11634 -112.91462  30.308117      99.92 4.2849e+01    755.326      18129  1029.8352  1029.8328     4.4252     0.0702     0.1299    34.3701    34.3672    8.04068         23 0.0000e+00
    473.000    467.571     0.0227  28.796526     0.0253  28.796561     4.7657     4.8565    -0.0099    93.2939 1.0000e-12  -74.11634 -112.91462  30.308129      99.92 4.3288e+01    756.375      18154  1029.8402  1029.8378     4.4258     0.0707     0.1347    34.3703    34.3675    8.04078         27 0.0000e+00
    474.000    468.559     0.0211  28.795413     0.0235  28.795348     4.7646     4.8597    -0.0010    93.2815 1.0000e-12  -74.11634 -112.91462  30.308142      86.68 4.3397e+01    757.508      18181  1029.8450  1029.8425     4.4252     0.0695     0.1306    34.3701    34.3672    8.04114         26 0.0000e+00
    475.000    469.547     0.0232  28.798681     0.0252  28.798265     4.7637     4.8661     0.0056    93.3003 1.0000e-12  -74.11634 -112.91462  30.308154      83.81 4.2760e+01    758.504      18205  1029.8506  1029.8482     4.4261     0.0674     0.1302    34.3714    34.3687    8.04062         24 0.0000e+00
    476.000    470.534     0.0263  28.802521     0.0284  28.802266     4.7628     4.8636     0.0024    93.3053 1.0000e-12  -74.11634 -112.91462  30.308166      95.05 4.3150e+01    759.562      18230  1029.8558  1029.8535     4.4264     0.0696     0.1301    34.3724    34.3697    8.03992         27 0.0000e+00
    477.000    471.521     0.0273  28.804173     0.0296  28.803864     4.7652     4.8615     0.0014    93.3125 1.0000e-12  -74.11634 -112.91462  30.308180      99.77 4.2755e+01    760.714      18258  1029.8609  1029.8583     4.4267     0.0756     0.1276    34.3729    34.3699    8.03967         28 0.0000e+00
    478.000    472.508     0.0280  28.805255     0.0303  28.805034     4.7593     4.8582     0.0063    93.3335 1.0000e-12  -74.11634 -112.91462  30.308193      99.92 4.2501e+01    761.881      18286  1029.8656  1029.8632     4.4277     0.0715     0.1297    34.3729    34.3701    8.03952         28 0.0000e+00
    479.000    473.497     0.0313  28.809182     0.0344  28.809667     4.7574     4.8546    -0.0095    93.3009 1.0000e-12  -74.11634 -112.91462  30.308206      99.92 4.3410e+01    763.030      18314  1029.8708  1029.8683     4.4262     0.0718     0.1296    34.3739    34.3710    8.03878         27 0.0000e+00
    480.000    474.483     0.0353  28.813736     0.0367  28.812669     4.7574     4.8516    -0.0088    93.3207 1.0000e-12  -74.11634 -112.91462  30.308220      99.91 4.2698e+01    764.171      18341  1029.8760  1029.8735     4.4271     0.0703     0.1288    34.3748    34.3718    8.03789         27 0.0000e+00
    481.000    475.471     0.0372  28.816131     0.0391  28.815545     4.7499     4.8513     0.0035    93.3392 1.0000e-12  -74.11634 -112.91462  30.308233      99.92 4.2498e+01    765.312      18368  1029.8810  1029.8785     4.4280     0.0708     0.1305    34.3753    34.3723    8.03747         28 0.0000e+00
    482.000    476.457     0.0420  28.821669     0.0445  28.821374     4.7449     4.8435     0.0061    93.3388 1.0000e-12  -74.11634 -112.91462  30.308246      99.92 4.3218e+01    766.450      18396  1029.8863  1029.8836     4.4280     0.0715     0.1265    34.3766    34.3734    8.03638         27 0.0000e+00
    483.000    477.444     0.0557  28.836834     0.0584  28.836518     4.7457     4.8395     0.0002    93.2142 1.0000e-12  -74.11634 -112.91462  30.308258      99.92 4.3539e+01    767.511      18421  1029.8931  1029.8902     4.4220     0.0703     0.1285    34.3807    34.3773    8.03329         23 0.0000e+00
    484.000    478.433     0.0629  28.845001     0.0650  28.844469     4.7398     4.8444    -0.0015    93.2341 1.0000e-12  -74.11634 -112.91462  30.308270      99.91 4.2590e+01    768.510      18445  1029.8990  1029.8964     4.4230     0.0698     0.1277    34.3828    34.3797    8.03166         26 0.0000e+00
    485.000    479.421     0.0662  28.849485     0.0684  28.849046     4.7412     4.8358    -0.0065    93.3566 1.0000e-12  -74.11634 -112.91462  30.308282      99.92 4.3469e+01    769.606      18472  1029.9048  1029.9022     4.4288     0.0714     0.1305    34.3844    34.3814    8.03087         27 0.0000e+00
    486.000    480.407     0.0680  28.852783     0.0701  28.852507     4.7417     4.8380    -0.0102    93.3630 1.0000e-12  -74.11634 -112.91462  30.308296      98.81 4.2780e+01    770.736      18499  1029.9109  1029.9086     4.4291     0.0699     0.1288    34.3862    34.3834    8.03040         26 0.0000e+00
    487.000    481.394     0.0688  28.854740     0.0711  28.854514     4.7461     4.8422    -0.0012    93.3490 1.0000e-12  -74.11634 -112.91462  30.308307      86.75 4.2241e+01    771.733      18523  1029.9165  1029.9141     4.4284     0.0708     0.1300    34.3873    34.3845    8.03017         23 0.0000e+00
    488.000    482.382     0.0728  28.859261     0.0743  28.858165     4.7396     4.8425     0.0025    93.3398 1.0000e-12  -74.11634 -112.91462  30.308319      91.44 4.2871e+01    772.746      18547  1029.9217  1029.9191     4.4281     0.0707     0.1293    34.3882    34.3851    8.02928         25 0.0000e+00
    489.000    483.370     0.0751  28.861877     0.0775  28.861768     4.7390     4.8284    -0.0048    93.3392 1.0000e-12  -74.11634 -112.91462  30.308332      99.94 4.3507e+01    773.857      18574  1029.9265  1029.9240     4.4280     0.0702     0.1284    34.3885    34.3856    8.02878         28 0.0000e+00
    490.000    484.357     0.0821  28.869611     0.0854  28.869846     4.7337     4.8311    -0.0103    93.3438 1.0000e-12  -74.11634 -112.91462  30.308345      99.92 4.2246e+01    775.021      18602  1029.9321  1029.9291     4.4282     0.0700     0.1292    34.3902    34.3869    8.02722         28 0.0000e+00
    491.000    485.344     0.0902  28.877838     0.0923  28.877418     4.7369     4.8252    -0.0100    93.3612 1.0000e-12  -74.11634 -112.91462  30.308359      99.92 4.2622e+01    776.182      18629  1029.9371  1029.9347     4.4290     0.0710     0.1287    34.3914    34.3886    8.02545         28 0.0000e+00
    492.000    486.330     0.0894  28.877520     0.0918  28.877422     4.7215     4.8248    -0.0096    93.3465 1.0000e-12  -74.11634 -112.91462  30.308372      99.92 4.3545e+01    777.328      18657  1029.9420  1029.9395     4.4283     0.0714     0.1279    34.3914    34.3885    8.02563         27 0.0000e+00
    493.000    487.318     0.0902  28.879109     0.0931  28.879320     4.7209     4.8251    -0.0044    93.3387 1.0000e-12  -74.11634 -112.91462  30.308385      99.91 4.2170e+01    778.465      18684  1029.9471  1029.9446     4.4280     0.0708     0.1288    34.3919    34.3890    8.02542         27 0.0000e+00
    494.000    488.306     0.0986  28.888122     0.1013  28.888074     4.7188     4.8123    -0.0077    93.3494 1.0000e-12  -74.11634 -112.91462  30.308398      99.92 4.0607e+01    779.606      18712  1029.9527  1029.9500     4.4285     0.0718     0.1297    34.3938    34.3907    8.02356         28 0.0000e+00
    495.000    489.294     0.1024  28.892106     0.1049  28.892063     4.7173     4.8111    -0.0030    93.3420 1.0000e-12  -74.11634 -112.91462  30.308412      99.92 4.3505e+01    780.771      18739  1029.9575  1029.9550     4.4281     0.0724     0.1317    34.3943    34.3914    8.02275         28 0.0000e+00
    496.000    490.279     0.1075  28.897829     0.1105  28.898037     4.7180     4.8124    -0.0070    93.3365 1.0000e-12  -74.11634 -112.91462  30.308424      99.92 4.2620e+01    781.828      18765  1029.9629  1029.9601     4.4279     0.0700     0.1295    34.3956    34.3924    8.02162         23 0.0000e+00
    497.000    491.268     0.1089  28.899504     0.1117  28.899830     4.7179     4.8112    -0.0083    93.3213 1.0000e-12  -74.11634 -112.91462  30.308436      99.92 4.2451e+01    782.828      18789  1029.9676  1029.9651     4.4272     0.0694     0.1273    34.3956    34.3928    8.02132         25 0.0000e+00
    498.000    492.255     0.1090  28.899882     0.1112  28.899660     4.7158     4.8111    -0.0040    93.3172 1.0000e-12  -74.11634 -112.91462  30.308448      76.86 4.3576e+01    783.945      18816  1029.9723  1029.9699     4.4269     0.0683     0.1287    34.3954    34.3926    8.02131         28 0.0000e+00
    499.000    493.243     0.1117  28.903402     0.1138  28.903077     4.7156     4.8149    -0.0068    93.3152 1.0000e-12  -74.11634 -112.91462  30.308461      87.08 4.3380e+01    785.015      18841  1029.9775  1029.9752     4.4268     0.0686     0.1281    34.3963    34.3936    8.02068         23 0.0000e+00
    500.000    494.230     0.1132  28.905521     0.1154  28.905247     4.7188     4.8129    -0.0045    93.3028 1.0000e-12  -74.11634 -112.91462  30.308472      99.17 4.2459e+01    785.990      18865  1029.9826  1029.9803     4.4262     0.0698     0.1264    34.3969    34.3941    8.02034         25 0.0000e+00
    501.000    495.216     0.1136  28.906409     0.1158  28.906106     4.7136     4.8123    -0.0015    93.2952 1.0000e-12  -74.11634 -112.91462  30.308485      99.91 4.3553e+01    787.089      18891  1029.9875  1029.9850     4.4259     0.0711     0.1296    34.3971    34.3942    8.02026         28 0.0000e+00
    502.000    496.204     0.1139  28.907108     0.1161  28.906932     4.7168     4.8084    -0.0076    93.2978 1.0000e-12  -74.11634 -112.91462  30.308498      99.92 4.2639e+01    788.252      18919  1029.9923  1029.9900     4.4260     0.0704     0.1288    34.3971    34.3944    8.02019         28 0.0000e+00
    503.000    497.191     0.1172  28.911529     0.1195  28.911178     4.7135     4.8118    -0.0090    93.2968 1.0000e-12  -74.11634 -112.91462  30.308512      99.92 4.2442e+01    789.403      18947  1029.9980  1029.9954     4.4259     0.0692     0.1291    34.3986    34.3956    8.01942         27 0.0000e+00
    504.000    498.178     0.1188  28.913531     0.1210  28.913433     4.7127     4.8063    -0.0036    93.2898 1.0000e-12  -74.11634 -112.91462  30.308524      99.91 4.2980e+01    790.507      18973  1030.0029  1030.0005     4.4256     0.0703     0.1315    34.3989    34.3962    8.01907         26 0.0000e+00
    505.000    499.166     0.1195  28.914731     0.1218  28.914596     4.7161     4.8037     0.0044    93.2863 1.0000e-12  -74.11634 -112.91462  30.308537      99.91 4.1856e+01    791.621      19000  1030.0077  1030.0053     4.4255     0.0704     0.1313    34.3991    34.3963    8.01891         27 0.0000e+00
    506.000    500.153     0.1200  28.915760     0.1220  28.915211     4.7176     4.8084     0.0006    93.2923 1.0000e-12  -74.11634 -112.91462  30.308551      99.92 4.1491e+01    792.769      19027  1030.0125  1030.0101     4.4257     0.0717     0.1304    34.3992    34.3963    8.01878         28 0.0000e+00
    507.000    501.140     0.1204  28.916594     0.1227  28.916412     4.7057     4.8078    -0.0014    93.2905 1.0000e-12  -74.11634 -112.91462  30.308564      99.91 4.2995e+01    793.933      19055  1030.0174  1030.0149     4.4256     0.0710     0.1294    34.3994    34.3966    8.01871         28 0.0000e+00
    508.000    502.128     0.1210  28.917837     0.1232  28.917547     4.7077     4.8087    -0.0082    93.2969 1.0000e-12  -74.11634 -112.91462  30.308578      99.91 4.3127e+01    795.100      19083  1030.0223  1030.0199     4.4259     0.0707     0.1323    34.3997    34.3969    8.01855         28 0.0000e+00
    509.000    503.114     0.1208  28.918286     0.1232  28.918137     4.7125     4.8106    -0.0029    93.3076 1.0000e-12  -74.11634 -112.91462  30.308591      99.91 4.1157e+01    796.229      19110  1030.0273  1030.0248     4.4265     0.0696     0.1293    34.3999    34.3971    8.01858         26 0.0000e+00
    510.000    504.102     0.1207  28.918597     0.1230  28.918383     4.7152     4.8114    -0.0168    93.2986 1.0000e-12  -74.11634 -112.91462  30.308604      82.77 4.2121e+01    797.343      19137  1030.0320  1030.0295     4.4260     0.0674     0.1275    34.3999    34.3971    8.01861         27 0.0000e+00
    511.000    505.089     0.1200  28.918632     0.1222  28.918451     4.7232     4.8114    -0.0017    93.2841 1.0000e-12  -74.11634 -112.91462  30.308616      93.98 4.3455e+01    798.432      19163  1030.0370  1030.0347     4.4253     0.0715     0.1292    34.4001    34.3974    8.01873         24 0.0000e+00
    512.000    506.077     0.1197  28.919615     0.1220  28.919273     4.7209     4.8124    -0.0013    93.3040 1.0000e-12  -74.11634 -112.91462  30.308627      99.95 4.2228e+01    799.402      19187  1030.0425  1030.0400     4.4263     0.0705     0.1320    34.4011    34.3982    8.01874         24 0.0000e+00
    513.000    507.064     0.1204  28.920751     0.1225  28.920405     4.7134     4.8125    -0.0077    93.2959 1.0000e-12  -74.11634 -112.91462  30.308639      99.91 4.2503e+01    800.450      19212  1030.0474  1030.0450     4.4259     0.0709     0.1317    34.4013    34.3985    8.01859         27 0.0000e+00
    514.000    508.051     0.1244  28.925620     0.1264  28.925230     4.7130     4.8009    -0.0039    93.2920 1.0000e-12  -74.11634 -112.91462  30.308653      99.92 4.3553e+01    801.587      19239  1030.0528  1030.0504     4.4257     0.0698     0.1290    34.4027    34.3999    8.01768         27 0.0000e+00
    515.000    509.036     0.1268  28.928707     0.1289  28.928332     4.7141     4.8004    -0.0004    93.3027 1.0000e-12  -74.11634 -112.91462  30.308665      99.92 4.2605e+01    802.644      19264  1030.0580  1030.0555     4.4262     0.0717     0.1278    34.4035    34.4006    8.01714         24 0.0000e+00
    516.000    510.027     0.1279  28.930282     0.1301  28.930120     4.7160     4.8045    -0.0069    93.2957 1.0000e-12  -74.11634 -112.91462  30.308676      99.91 4.3416e+01    803.640      19288  1030.0628  1030.0604     4.4258     0.0713     0.1291    34.4037    34.4010    8.01689         25 0.0000e+00
    517.000    511.012     0.1295  28.932402     0.1317  28.932183     4.7091     4.8073     0.0022    93.2996 1.0000e-12  -74.11634 -112.91462  30.308689      99.91 4.3613e+01    804.740      19315  1030.0677  1030.0654     4.4261     0.0699     0.1286    34.4042    34.4014    8.01654         27 0.0000e+00
    518.000    512.000     0.1328  28.936229     0.1350  28.935950     4.7082     4.8039     0.0012    93.3092 1.0000e-12  -74.11634 -112.91462  30.308702      99.92 4.2896e+01    805.876      19342  1030.0727  1030.0703     4.4266     0.0705     0.1290    34.4049    34.4020    8.01580         27 0.0000e+00
