ocean_section_plots/required_files/ctd/dnbp2202_ctd287.cnv
* Sea-Bird SBE 9 Data File:
* FileName = D:\Data\raw\NBP2202_CTD287.hex
* Software Version Seasave V 7.26.7.121
* Temperature SN = 1649
* Conductivity SN = 2513
* Number of Bytes Per Scan = 40
* Number of Voltage Words = 5
* Number of Scans Averaged by the Deck Unit = 1
* NMEA Latitude = 74 08.15 S
* NMEA Longitude = 115 10.57 W
* NMEA UTC (Time) = Feb 22 2022  13:44:52
* NMEA baud rate = 9600
** Ship: RVIB N.B. Palmer
** Cruise: NBP2202 Thwaites
** Station: 189
** Operator: B. Bjork
# nquan = 28
# nvalues = 680                         
# units = specified
# name 0 = prDM: Pressure, Digiquartz [db]
# name 1 = depSM: Depth [salt water, m]
# name 2 = t090C: Temperature [ITS-90, deg C]
# name 3 = c0mS/cm: Conductivity [mS/cm]
# name 4 = t190C: Temperature, 2 [ITS-90, deg C]
# name 5 = c1mS/cm: Conductivity, 2 [mS/cm]
# name 6 = sbeox0ML/L: Oxygen, SBE 43 [ml/l]
# name 7 = sbeox1ML/L: Oxygen, SBE 43, 2 [ml/l]
# name 8 = flECO-AFL: Fluorescence, WET Labs ECO-AFL/FL [mg/m^3]
# name 9 = CStarTr0: Beam Transmission, WET Labs C-Star [%]
# name 10 = par: PAR/Irradiance, Biospherical/Licor
# name 11 = latitude: Latitude [deg]
# name 12 = longitude: Longitude [deg]
# name 13 = timeJ: Julian Days
# name 14 = altM: Altimeter [m]
# name 15 = spar: SPAR, Biospherical/Licor
# name 16 = timeS: Time, Elapsed [seconds]
# name 17 = scan: Scan Count
# name 18 = density00: Density [density, kg/m^3]
# name 19 = density11: Density, 2 [density, kg/m^3]
# name 20 = v3: Voltage 3
# name 21 = v4: Voltage 4
# name 22 = v5: Voltage 5
# name 23 = sal00: Salinity, Practical [PSU]
# name 24 = sal11: Salinity, Practical, 2 [PSU]
# name 25 = oxsolML/L: Oxygen Saturation, Garcia & Gordon [ml/l]
# name 26 = nbin: number of scans per bin
# name 27 = flag: flag
# span 0 =      1.000,    680.000       
# span 1 =      0.932,    671.863       
# span 2 =    -1.8426,     0.3811       
# span 3 =  26.948297,  29.306952       
# span 4 =    -1.8418,     0.3840       
# span 5 =  26.948938,  29.308131       
# span 6 =     4.6471,     8.8052       
# span 7 =     4.7537,     9.0879       
# span 8 =     0.1692,     8.1056       
# span 9 =    88.5225,    97.8501       
# span 10 = 1.0000e-12, 1.0642e+02      
# span 11 =  -74.13598,  -74.13596      
# span 12 = -115.17627, -115.17618      
# span 13 =  53.575473,  53.585255      
# span 14 =       0.29,     165.89      
# span 15 = 1.6385e+02, 1.8528e+02      
# span 16 =    228.933,   1074.068      
# span 17 =       5495,      25779      
# span 18 =  1027.1766,  1030.9063      
# span 19 =  1027.1779,  1030.9023      
# span 20 =     4.2273,     4.6419      
# span 21 =     0.0922,     1.2541      
# span 22 =     0.1092,     0.2474      
# span 23 =    33.8081,    34.5212      
# span 24 =    33.8085,    34.5187      
# span 25 =    7.95781,    8.46598      
# span 26 =          1,         44      
# span 27 = 0.0000e+00, 0.0000e+00      
# interval = decibars: 1                
# start_time = Feb 22 2022 13:44:52 [NMEA time, header]
# bad_flag = -9.990e-29
*END*
[from data line 363]
    364.000    359.916    -1.7733  27.073722    -1.7719  27.074143     6.4973     6.6699     1.1267    96.6280 1.0000e-12  -74.13598 -115.17624  53.580488      99.90 1.8327e+02    662.168      15893  1029.2283  1029.2274     4.5839     0.2016     0.1146    34.1376    34.1366    8.44740         27 0.0000e+00
    365.000    360.906    -1.7706  27.077064    -1.7691  27.077471     6.4925     6.6629     0.6419    96.7832 1.0000e-12  -74.13598 -115.17624  53.580501      99.90 1.8263e+02    663.282      15920  1029.2336  1029.2327     4.5913     0.1793     0.1184    34.1385    34.1374    8.44673         27 0.0000e+00
    366.000    361.893    -1.7691  27.078927    -1.7678  27.079368     6.4875     6.6510     0.8070    96.6269 1.0000e-12  -74.13598 -115.17624  53.580514      99.90 1.8469e+02    664.405      15947  1029.2385  1029.2378     4.5838     0.2148     0.1167    34.1387    34.1379    8.44637         27 0.0000e+00
    367.000    362.880    -1.7690  27.079734    -1.7679  27.079968     6.4956     6.6550     0.8538    96.5184 1.0000e-12  -74.13598 -115.17624  53.580527      99.89 1.8308e+02    665.511      15973  1029.2437  1029.2428     4.5788     0.2589     0.1200    34.1392    34.1382    8.44633         26 0.0000e+00
    368.000    363.868    -1.7696  27.079981    -1.7685  27.080238     6.4951     6.6607     0.9423    96.8014 1.0000e-12  -74.13598 -115.17624  53.580539      99.90 1.8256e+02    666.613      16000  1029.2488  1029.2481     4.5920     0.2553     0.1185    34.1396    34.1387    8.44645         27 0.0000e+00
    369.000    364.856    -1.7701  27.080219    -1.7689  27.080583     6.4995     6.6595     1.0003    96.7969 1.0000e-12  -74.13598 -115.17624  53.580553      99.89 1.8450e+02    667.745      16027  1029.2539  1029.2531     4.5919     0.1833     0.1136    34.1398    34.1389    8.44654         27 0.0000e+00
    370.000    365.843    -1.7697  27.081210    -1.7684  27.081577     6.4974     6.6588     0.9320    96.6485 1.0000e-12  -74.13598 -115.17624  53.580566      99.90 1.8367e+02    668.866      16054  1029.2589  1029.2580     4.5850     0.2293     0.1186    34.1401    34.1391    8.44642         26 0.0000e+00
    371.000    366.832    -1.7694  27.082061    -1.7682  27.082415     6.5015     6.6615     0.6411    96.9196 1.0000e-12  -74.13598 -115.17623  53.580578      99.90 1.8302e+02    669.953      16080  1029.2639  1029.2631     4.5976     0.1982     0.1169    34.1403    34.1394    8.44635         27 0.0000e+00
    372.000    367.821    -1.7693  27.082739    -1.7680  27.083016     6.4987     6.6627     0.7260    96.8879 1.0000e-12  -74.13598 -115.17622  53.580591      99.90 1.8482e+02    671.069      16107  1029.2688  1029.2679     4.5963     0.1975     0.1150    34.1406    34.1394    8.44631         27 0.0000e+00
    373.000    368.807    -1.7700  27.082581    -1.7687  27.083016     6.5007     6.6591     0.6509    97.1064 1.0000e-12  -74.13598 -115.17622  53.580604      99.81 1.8360e+02    672.211      16134  1029.2736  1029.2729     4.6064     0.2873     0.1217    34.1405    34.1397    8.44648         27 0.0000e+00
    374.000    369.796    -1.7701  27.082939    -1.7689  27.083305     6.5045     6.6586     0.8159    96.6010 1.0000e-12  -74.13598 -115.17622  53.580617      75.93 1.8296e+02    673.318      16161  1029.2784  1029.2777     4.5829     0.2192     0.1202    34.1405    34.1397    8.44651         27 0.0000e+00
    375.000    370.783    -1.7700  27.083896    -1.7688  27.084235     6.5027     6.6576     0.8411    96.9709 1.0000e-12  -74.13598 -115.17622  53.580630      96.57 1.8443e+02    674.448      16188  1029.2836  1029.2829     4.6002     0.2788     0.1137    34.1411    34.1402    8.44644         27 0.0000e+00
    376.000    371.772    -1.7697  27.085010    -1.7684  27.085345     6.5027     6.6601     1.1573    96.8519 1.0000e-12  -74.13598 -115.17622  53.580643      99.92 1.8471e+02    675.595      16215  1029.2889  1029.2880     4.5945     0.2484     0.1206    34.1416    34.1406    8.44633         27 0.0000e+00
    377.000    372.759    -1.7694  27.085931    -1.7683  27.086279     6.4964     6.6620     0.8394    96.6685 1.0000e-12  -74.13598 -115.17622  53.580656      99.90 1.8387e+02    676.695      16242  1029.2939  1029.2933     4.5859     0.1893     0.1160    34.1420    34.1412    8.44626         27 0.0000e+00
    378.000    373.745    -1.7696  27.086712    -1.7683  27.087017     6.5010     6.6638     0.8739    96.7053 1.0000e-12  -74.13598 -115.17622  53.580669      99.90 1.8402e+02    677.804      16268  1029.2993  1029.2984     4.5875     0.1946     0.1276    34.1427    34.1417    8.44626         26 0.0000e+00
    379.000    374.737    -1.7693  27.087573    -1.7681  27.087813     6.5000     6.6647     0.6962    96.4843 1.0000e-12  -74.13598 -115.17622  53.580681      99.90 1.8395e+02    678.830      16293  1029.3042  1029.3034     4.5771     0.1863     0.1203    34.1429    34.1418    8.44617         23 0.0000e+00
    380.000    375.723    -1.7690  27.088308    -1.7678  27.088650     6.4933     6.6655     0.5427    96.8334 1.0000e-12  -74.13598 -115.17622  53.580692      99.90 1.8385e+02    679.797      16316  1029.3091  1029.3083     4.5936     0.2059     0.1140    34.1430    34.1420    8.44610         24 0.0000e+00
    381.000    376.710    -1.7684  27.089653    -1.7671  27.090026     6.4929     6.6660     0.5271    96.5174 1.0000e-12  -74.13598 -115.17622  53.580704      99.90 1.8456e+02    680.857      16342  1029.3142  1029.3134     4.5787     0.2039     0.1159    34.1435    34.1425    8.44593         26 0.0000e+00
    382.000    377.699    -1.7677  27.090791    -1.7663  27.091251     6.4969     6.6592     0.6936    96.6161 1.0000e-12  -74.13598 -115.17622  53.580717      99.89 1.8418e+02    681.939      16368  1029.3191  1029.3183     4.5834     0.2436     0.1207    34.1437    34.1427    8.44577         25 0.0000e+00
    383.000    378.687    -1.7665  27.092453    -1.7653  27.092693     6.4944     6.6579     0.6600    96.6788 1.0000e-12  -74.13598 -115.17622  53.580729      99.90 1.8422e+02    682.979      16392  1029.3241  1029.3232     4.5864     0.2365     0.1237    34.1440    34.1429    8.44547         26 0.0000e+00
    384.000    379.674    -1.7668  27.092778    -1.7655  27.093128     6.4912     6.6576     0.8937    96.6241 1.0000e-12  -74.13598 -115.17622  53.580741      99.90 1.8422e+02    684.048      16418  1029.3290  1029.3282     4.5839     0.1790     0.1154    34.1441    34.1431    8.44553         26 0.0000e+00
    385.000    380.661    -1.7670  27.093386    -1.7657  27.093638     6.4902     6.6600     0.8079    96.9908 1.0000e-12  -74.13598 -115.17622  53.580754      99.90 1.8456e+02    685.155      16445  1029.3342  1029.3333     4.6009     0.1886     0.1123    34.1446    34.1435    8.44555         26 0.0000e+00
    386.000    381.651    -1.7666  27.094267    -1.7654  27.094557     6.4977     6.6581     0.6877    96.9042 1.0000e-12  -74.13598 -115.17622  53.580766      88.01 1.8468e+02    686.213      16470  1029.3391  1029.3382     4.5970     0.2108     0.1151    34.1447    34.1437    8.44545         25 0.0000e+00
    387.000    382.637    -1.7663  27.095186    -1.7651  27.095450     6.4999     6.6519     0.5814    96.5465 1.0000e-12  -74.13598 -115.17622  53.580778      95.66 1.8391e+02    687.243      16495  1029.3442  1029.3432     4.5800     0.2174     0.1179    34.1451    34.1440    8.44536         25 0.0000e+00
    388.000    383.625    -1.7655  27.096465    -1.7643  27.096681     6.4972     6.6537     0.6046    96.8207 1.0000e-12  -74.13598 -115.17622  53.580790      99.90 1.8528e+02    688.239      16519  1029.3490  1029.3481     4.5931     0.1786     0.1157    34.1453    34.1442    8.44517         22 0.0000e+00
    389.000    384.612    -1.7652  27.097332    -1.7639  27.097563     6.4942     6.6582     0.5655    96.8935 1.0000e-12  -74.13598 -115.17622  53.580801      99.90 1.8395e+02    689.169      16541  1029.3540  1029.3530     4.5965     0.1975     0.1154    34.1455    34.1444    8.44508         23 0.0000e+00
    390.000    385.601    -1.7649  27.097967    -1.7637  27.098312     6.4944     6.6589     0.6216    96.8399 1.0000e-12  -74.13598 -115.17622  53.580812      99.91 1.8252e+02    690.195      16566  1029.3587  1029.3579     4.5940     0.1707     0.1145    34.1454    34.1445    8.44502         26 0.0000e+00
    391.000    386.590    -1.7647  27.098674    -1.7634  27.098814     6.4967     6.6539     0.6237    96.8095 1.0000e-12  -74.13598 -115.17622  53.580825      99.90 1.8497e+02    691.274      16592  1029.3635  1029.3625     4.5925     0.1647     0.1149    34.1455    34.1443    8.44496         26 0.0000e+00
    392.000    387.576    -1.7646  27.099297    -1.7634  27.099542     6.4963     6.6485     0.5461    96.3111 1.0000e-12  -74.13598 -115.17622  53.580837      99.90 1.8397e+02    692.334      16617  1029.3685  1029.3676     4.5688     0.1725     0.1132    34.1457    34.1446    8.44493         25 0.0000e+00
    393.000    388.564    -1.7643  27.100181    -1.7630  27.100479     6.4990     6.6545     0.5301    96.8724 1.0000e-12  -74.13598 -115.17622  53.580849      99.90 1.8229e+02    693.371      16642  1029.3735  1029.3726     4.5955     0.1820     0.1128    34.1459    34.1449    8.44485         25 0.0000e+00
    394.000    389.552    -1.7636  27.101342    -1.7624  27.101629     6.4944     6.6585     0.6711    96.9165 1.0000e-12  -74.13598 -115.17622  53.580861      99.90 1.8484e+02    694.394      16666  1029.3783  1029.3775     4.5976     0.1681     0.1175    34.1461    34.1451    8.44468         23 0.0000e+00
    395.000    390.540    -1.7630  27.102532    -1.7616  27.102809     6.4912     6.6517     0.8068    96.9445 1.0000e-12  -74.13598 -115.17622  53.580872      99.91 1.8404e+02    695.325      16689  1029.3833  1029.3824     4.5989     0.1761     0.1160    34.1464    34.1453    8.44451         23 0.0000e+00
    396.000    391.528    -1.7625  27.103525    -1.7612  27.103844     6.4936     6.6436     0.5518    96.7354 1.0000e-12  -74.13598 -115.17622  53.580883      99.90 1.8202e+02    696.325      16713  1029.3882  1029.3873     4.5890     0.1760     0.1157    34.1466    34.1456    8.44439         25 0.0000e+00
    397.000    392.515    -1.7624  27.104068    -1.7611  27.104255     6.4957     6.6542     0.6288    96.5534 1.0000e-12  -74.13598 -115.17622  53.580896      99.90 1.8084e+02    697.388      16738  1029.3931  1029.3920     4.5803     0.1907     0.1199    34.1467    34.1454    8.44437         26 0.0000e+00
    398.000    393.503    -1.7628  27.104241    -1.7615  27.104622     6.4911     6.6546     0.6370    96.8302 1.0000e-12  -74.13598 -115.17622  53.580908      99.90 1.8291e+02    698.440      16764  1029.3979  1029.3971     4.5934     0.1948     0.1131    34.1467    34.1457    8.44446         24 0.0000e+00
    399.000    394.491    -1.7628  27.104860    -1.7616  27.105062     6.4952     6.6572     0.5692    96.5127 1.0000e-12  -74.13598 -115.17622  53.580920      99.79 1.8199e+02    699.463      16788  1029.4029  1029.4020     4.5785     0.2430     0.1199    34.1469    34.1458    8.44444         25 0.0000e+00
    400.000    395.478    -1.7627  27.105912    -1.7614  27.106175     6.4967     6.6578     0.6982    96.7777 1.0000e-12  -74.13598 -115.17622  53.580932      91.39 1.8321e+02    700.495      16813  1029.4083  1029.4073     4.5910     0.1704     0.1116    34.1477    34.1466    8.44437         24 0.0000e+00
    401.000    396.465    -1.7626  27.106536    -1.7613  27.106821     6.5027     6.6582     0.7222    96.6286 1.0000e-12  -74.13598 -115.17622  53.580942      99.88 1.8318e+02    701.435      16835  1029.4132  1029.4123     4.5840     0.1560     0.1146    34.1479    34.1468    8.44435         22 0.0000e+00
    402.000    397.455    -1.7626  27.107056    -1.7614  27.107352     6.5019     6.6602     0.6954    96.8030 1.0000e-12  -74.13598 -115.17622  53.580953      99.90 1.8052e+02    702.380      16858  1029.4181  1029.4172     4.5922     0.1525     0.1149    34.1480    34.1470    8.44434         24 0.0000e+00
    403.000    398.442    -1.7626  27.107612    -1.7614  27.107941     6.5065     6.6635     0.7335    96.9688 1.0000e-12  -74.13598 -115.17622  53.580965      99.90 1.8150e+02    703.412      16883  1029.4230  1029.4222     4.5999     0.2141     0.1179    34.1481    34.1472    8.44433         25 0.0000e+00
    404.000    399.429    -1.7627  27.108235    -1.7614  27.108482     6.5057     6.6632     0.6607    96.7441 1.0000e-12  -74.13598 -115.17622  53.580978      99.90 1.8271e+02    704.462      16908  1029.4281  1029.4271     4.5896     0.1614     0.1126    34.1485    34.1473    8.44434         25 0.0000e+00
    405.000    400.417    -1.7625  27.108965    -1.7613  27.109222     6.5044     6.6652     0.6945    97.0057 1.0000e-12  -74.13598 -115.17622  53.580990      99.90 1.8067e+02    705.493      16933  1029.4330  1029.4321     4.6018     0.1566     0.1152    34.1487    34.1476    8.44428         25 0.0000e+00
    406.000    401.404    -1.7624  27.109645    -1.7612  27.110002     6.5066     6.6645     0.9254    96.9740 1.0000e-12  -74.13598 -115.17622  53.581001      99.90 1.8122e+02    706.529      16958  1029.4379  1029.4371     4.6003     0.1739     0.1132    34.1488    34.1479    8.44424         25 0.0000e+00
    407.000    402.392    -1.7619  27.110938    -1.7607  27.111245     6.5052     6.6640     0.9935    97.0179 1.0000e-12  -74.13598 -115.17622  53.581013      99.90 1.8303e+02    707.515      16981  1029.4432  1029.4424     4.6024     0.1727     0.1120    34.1495    34.1485    8.44410         21 0.0000e+00
    408.000    403.380    -1.7620  27.111685    -1.7608  27.111904     6.4975     6.6658     0.7662    96.9245 1.0000e-12  -74.13598 -115.17622  53.581024      99.91 1.8179e+02    708.442      17004  1029.4484  1029.4474     4.5979     0.1523     0.1103    34.1500    34.1488    8.44409         24 0.0000e+00
    409.000    404.369    -1.7617  27.112408    -1.7604  27.112767     6.5016     6.6642     0.6380    96.8069 1.0000e-12  -74.13598 -115.17622  53.581035      99.90 1.8123e+02    709.457      17028  1029.4531  1029.4523     4.5924     0.1435     0.1111    34.1500    34.1490    8.44401         25 0.0000e+00
    410.000    405.355    -1.7607  27.114171    -1.7593  27.114421     6.5088     6.6658     0.6794    96.7264 1.0000e-12  -74.13598 -115.17622  53.581048      99.90 1.8320e+02    710.520      17053  1029.4584  1029.4574     4.5886     0.1604     0.1172    34.1506    34.1494    8.44374         26 0.0000e+00
    411.000    406.343    -1.7591  27.116294    -1.7578  27.116727     6.5061     6.6661     0.6540    96.7413 1.0000e-12  -74.13598 -115.17622  53.581060      99.90 1.8137e+02    711.552      17078  1029.4635  1029.4627     4.5893     0.2154     0.1304    34.1512    34.1503    8.44335         24 0.0000e+00
    412.000    407.332    -1.7579  27.118019    -1.7566  27.118452     6.5170     6.6676     0.5052    96.6657 1.0000e-12  -74.13598 -115.17622  53.581072      97.33 1.8151e+02    712.582      17103  1029.4685  1029.4677     4.5857     0.1537     0.1119    34.1515    34.1506    8.44305         25 0.0000e+00
    413.000    408.317    -1.7576  27.118845    -1.7564  27.119185     6.5093     6.6657     0.8273    96.8232 1.0000e-12  -74.13598 -115.17622  53.581083      97.58 1.8222e+02    713.574      17127  1029.4735  1029.4726     4.5931     0.1539     0.1127    34.1518    34.1508    8.44298         22 0.0000e+00
    414.000    409.307    -1.7566  27.120492    -1.7553  27.120753     6.5034     6.6665     0.6968    96.6824 1.0000e-12  -74.13598 -115.17622  53.581094      99.91 1.8125e+02    714.485      17149  1029.4786  1029.4776     4.5867     0.1643     0.1179    34.1523    34.1512    8.44271         22 0.0000e+00
