ocean_section_plots/required_files/ctd/dnbp2202_ctd090.cnv
* Sea-Bird SBE 9 Data File:
* FileName = D:\Data\raw\NBP2202_CTD090.hex
* Software Version Seasave V 7.26.7.121
* Temperature SN = 1649
* Conductivity SN = 2513
* Number of Bytes Per Scan = 40
* Number of Voltage Words = 5
* Number of Scans Averaged by the Deck Unit = 1
* NMEA Latitude = 74 10.51 S
* NMEA Longitude = 113 20.67 W
* NMEA UTC (Time) = Jan 26 2022  21:43:00
* NMEA baud rate = 9600
** Ship: RVIB N.B. Palmer
** Cruise: NBP2202 Thwaites
** Station: YoYo001
** Operator: A. Robinson
# nquan = 25
# nvalues = 607                         
# units = specified
# name 0 = prDM: Pressure, Digiquartz [db]
# name 1 = depSM: Depth [salt water, m]
# name 2 = t090C: Temperature [ITS-90, deg C]
# name 3 = c0mS/cm: Conductivity [mS/cm]
# name 4 = t190C: Temperature, 2 [ITS-90, deg C]
# name 5 = c1mS/cm: Conductivity, 2 [mS/cm]
# name 6 = sbeox0ML/L: Oxygen, SBE 43 [ml/l]
# name 7 = sbeox1ML/L: Oxygen, SBE 43, 2 [ml/l]
# name 8 = flECO-AFL: Fluorescence, WET Labs ECO-AFL/FL [mg/m^3]
# name 9 = CStarTr0: Beam Transmission, WET Labs C-Star [%]
# name 10 = par: PAR/Irradiance, Biospherical/Licor
# name 11 = latitude: Latitude [deg]
# name 12 = longitude: Longitude [deg]
# name 13 = timeJ: Julian Days
# name 14 = altM: Altimeter [m]
# name 15 = spar: SPAR, Biospherical/Licor
# name 16 = timeS: Time, Elapsed [seconds]
# name 17 = scan: Scan Count
# name 18 = density00: Density [density, kg/m^3]
# name 19 = density11: Density, 2 [density, kg/m^3]
# name 20 = sal00: Salinity, Practical [PSU]
# name 21 = sal11: Salinity, Practical, 2 [PSU]
# name 22 = oxsolML/L: Oxygen Saturation, Garcia & Gordon [ml/l]
# name 23 = nbin: number of scans per bin
# name 24 = flag: flag
# span 0 =     10.000,    616.000       
# span 1 =      9.895,    608.712       
# span 2 =    -1.5465,     0.1097       
# span 3 =  26.905264,  28.945314       
# span 4 =    -1.5453,     0.1119       
# span 5 =  26.905308,  28.945288       
# span 6 =     4.6816,     9.0524       
# span 7 =     4.7497,     8.9006       
# span 8 =    -0.0222,    29.4143       
# span 9 =    66.7346,    95.5767       
# span 10 = -3.583e-05, 7.1016e+01      
# span 11 =  -74.17530,  -74.17530      
# span 12 = -113.34460, -113.34458      
# span 13 =  26.905245,  26.913685      
# span 14 =       5.01,     100.05      
# span 15 = 1.8848e+03, 1.9033e+03      
# span 16 =     33.186,    762.409      
# span 17 =        797,      18299      
# span 18 =  1027.2231,  1030.5210      
# span 19 =  1027.2222,  1030.5184      
# span 20 =    33.7895,    34.3863      
# span 21 =    33.7883,    34.3834      
# span 22 =    8.02169,    8.41423      
# span 23 =         10,         45      
# span 24 = 0.0000e+00, 0.0000e+00      
# interval = decibars: 1                
# start_time = Jan 26 2022 21:43:00 [NMEA time, header]
# bad_flag = -9.990e-29
*END*
[from data line 116]
    126.000    124.658    -1.3741  27.108806    -1.3728  27.108127     5.5535     5.6122    -0.0148    95.4070 1.0000e-12  -74.17530 -113.34460  26.906835      99.87 1.8974e+03    170.532       4094  1027.8632  1027.8613    33.8794    33.8771    8.37246         28 0.0000e+00
    127.000    125.647    -1.3870  27.102526    -1.3850  27.103765     5.6422     5.6951     0.0072    95.3956 1.0000e-12  -74.17530 -113.34460  26.906848      99.87 1.8969e+03    171.686       4121  1027.8733  1027.8728    33.8848    33.8843    8.37505         28 0.0000e+00
    128.000    126.636    -1.4076  27.090007    -1.4066  27.089444     5.6792     5.7346     0.0206    95.4245 1.0000e-12  -74.17530 -113.34460  26.906861      95.03 1.8976e+03    172.835       4149  1027.8838  1027.8822    33.8904    33.8884    8.37935         28 0.0000e+00
    129.000    127.625    -1.4109  27.088415    -1.4093  27.088404     5.6867     5.7584     0.1198    95.3701 1.0000e-12  -74.17530 -113.34460  26.906875      96.90 1.8976e+03    173.982       4177  1027.8895  1027.8879    33.8913    33.8894    8.38004         27 0.0000e+00
    130.000    128.614    -1.4144  27.086732    -1.4130  27.086349     5.6925     5.7780     0.1805    95.3671 1.0000e-12  -74.17530 -113.34460  26.906888      99.85 1.8977e+03    175.142       4204  1027.8953  1027.8936    33.8923    33.8902    8.38077         28 0.0000e+00
    131.000    129.603    -1.4150  27.086590    -1.4169  27.084243     5.6766     5.7663     0.1936    95.3677 1.0000e-12  -74.17530 -113.34460  26.906902      99.87 1.8970e+03    176.328       4233  1027.8999  1027.8992    33.8922    33.8911    8.38091         29 0.0000e+00
    132.000    130.592    -1.4161  27.086734    -1.4161  27.085694     5.6439     5.7234     0.1320    95.3834 1.0000e-12  -74.17530 -113.34460  26.906916      99.86 1.8976e+03    177.506       4261  1027.9053  1027.9042    33.8930    33.8915    8.38110         28 0.0000e+00
    133.000    131.581    -1.4056  27.099812    -1.4006  27.101988     5.6940     5.7747     0.1684    95.2815 1.0000e-12  -74.17530 -113.34460  26.906929      99.87 1.8971e+03    178.666       4289  1027.9138  1027.9115    33.8984    33.8958    8.37841         27 0.0000e+00
    134.000    132.569    -1.4039  27.103386    -1.4031  27.102952     5.6982     5.7815     0.2099    95.2356 1.0000e-12  -74.17530 -113.34460  26.906942      99.87 1.8969e+03    179.810       4316  1027.9205  1027.9193    33.9008    33.8994    8.37789         28 0.0000e+00
    135.000    133.559    -1.4367  27.081394    -1.4357  27.081280     5.6485     5.7469     0.1675    95.1876 1.0000e-12  -74.17530 -113.34460  26.906955      99.87 1.8969e+03    180.946       4344  1027.9325  1027.9314    33.9072    33.9058    8.38491         27 0.0000e+00
    136.000    134.549    -1.4055  27.118267    -1.4026  27.117266     5.6152     5.7392     0.2375    95.2776 1.0000e-12  -74.17530 -113.34460  26.906969      99.86 1.8969e+03    182.101       4371  1027.9471  1027.9431    33.9219    33.9172    8.37700         28 0.0000e+00
    137.000    135.537    -1.3689  27.156425    -1.3715  27.153408     5.4848     5.6172     0.2137    95.2944 1.0000e-12  -74.17530 -113.34460  26.906982      99.87 1.8970e+03    183.269       4399  1027.9580  1027.9573    33.9322    33.9310    8.36816         28 0.0000e+00
    138.000    136.526    -1.3459  27.185856    -1.3421  27.183667     5.3151     5.4559     0.0721    95.1877 1.0000e-12  -74.17530 -113.34460  26.906996      99.87 1.8979e+03    184.438       4428  1027.9726  1027.9665    33.9460    33.9387    8.36220         28 0.0000e+00
    139.000    137.515    -1.1793  27.335374    -1.1745  27.336364     5.2061     5.3502     0.0208    95.2032 1.0000e-12  -74.17530 -113.34460  26.907009      99.86 1.8968e+03    185.594       4455  1027.9797  1027.9761    33.9616    33.9575    8.32406         28 0.0000e+00
    140.000    138.504    -1.1169  27.394509    -1.1137  27.394001     5.1368     5.2734     0.0149    95.0912 1.0000e-12  -74.17530 -113.34460  26.907023      99.65 1.8977e+03    186.746       4483  1027.9890  1027.9853    33.9712    33.9669    8.30963         27 0.0000e+00
    141.000    139.494    -1.0871  27.422742    -1.0845  27.421410     5.1093     5.2259     0.0036    95.2955 1.0000e-12  -74.17530 -113.34460  26.907036      99.86 1.8974e+03    187.892       4510  1027.9963  1027.9922    33.9754    33.9706    8.30278         28 0.0000e+00
    142.000    140.482    -1.0399  27.465494    -1.0377  27.464809     5.1105     5.2142    -0.0060    95.2062 1.0000e-12  -74.17530 -113.34460  26.907049      99.86 1.8971e+03    189.050       4538  1028.0023  1027.9995    33.9797    33.9763    8.29208         28 0.0000e+00
    143.000    141.471    -1.0364  27.469221    -1.0349  27.468434     5.1312     5.2258    -0.0139    95.3438 1.0000e-12  -74.17530 -113.34460  26.907063      99.87 1.8969e+03    190.219       4566  1028.0084  1028.0061    33.9803    33.9775    8.29128         28 0.0000e+00
    144.000    142.460    -1.0390  27.467913    -1.0373  27.467332     5.1531     5.2426    -0.0217    95.3984 1.0000e-12  -74.17530 -113.34460  26.907076      99.87 1.8975e+03    191.388       4594  1028.0146  1028.0124    33.9808    33.9781    8.29182         27 0.0000e+00
    145.000    143.449    -1.0437  27.464009    -1.0443  27.461755     5.1715     5.2585    -0.0152    95.3386 1.0000e-12  -74.17530 -113.34460  26.907090      99.87 1.8972e+03    192.538       4622  1028.0200  1028.0181    33.9802    33.9778    8.29290         28 0.0000e+00
    146.000    144.439    -1.0525  27.457804    -1.0505  27.457537     5.1950     5.2739    -0.0155    95.3841 1.0000e-12  -74.17530 -113.34460  26.907103      99.87 1.8971e+03    193.676       4649  1028.0266  1028.0244    33.9810    33.9784    8.29479         28 0.0000e+00
    147.000    145.426    -1.0564  27.454930    -1.0551  27.454249     5.2061     5.2918    -0.0212    95.3920 1.0000e-12  -74.17530 -113.34460  26.907116      99.87 1.8978e+03    194.814       4677  1028.0321  1028.0300    33.9809    33.9785    8.29567         27 0.0000e+00
    148.000    146.416    -1.0636  27.449575    -1.0625  27.448794     5.2107     5.2949    -0.0132    95.3846 1.0000e-12  -74.17530 -113.34460  26.907129      99.87 1.8976e+03    195.969       4704  1028.0378  1028.0360    33.9811    33.9788    8.29724         28 0.0000e+00
    149.000    147.405    -1.0634  27.451176    -1.0620  27.450196     5.2101     5.2961    -0.0067    95.3846 1.0000e-12  -74.17530 -113.34460  26.907143      99.87 1.8975e+03    197.160       4733  1028.0440  1028.0416    33.9825    33.9795    8.29712         29 0.0000e+00
    150.000    148.394    -1.0575  27.457051    -1.0566  27.455756     5.2138     5.2984     0.0014    95.3790 1.0000e-12  -74.17530 -113.34460  26.907157      99.87 1.8976e+03    198.350       4761  1028.0492  1028.0470    33.9832    33.9804    8.29578         28 0.0000e+00
    151.000    149.382    -1.0577  27.457988    -1.0558  27.457722     5.2189     5.3049     0.0100    95.2352 1.0000e-12  -74.17530 -113.34460  26.907170      89.08 1.8969e+03    199.511       4789  1028.0550  1028.0529    33.9841    33.9816    8.29577         27 0.0000e+00
    152.000    150.372    -1.0601  27.456893    -1.0588  27.456377     5.2139     5.3020    -0.0038    95.3909 1.0000e-12  -74.17530 -113.34460  26.907183      99.46 1.8969e+03    200.645       4816  1028.0606  1028.0588    33.9847    33.9825    8.29627         28 0.0000e+00
    153.000    151.360    -1.0586  27.459263    -1.0569  27.458660     5.2171     5.2990    -0.0040    95.3755 1.0000e-12  -74.17530 -113.34460  26.907196      99.87 1.8969e+03    201.768       4843  1028.0662  1028.0639    33.9856    33.9828    8.29588         26 0.0000e+00
    154.000    152.349    -1.0537  27.465159    -1.0521  27.464445     5.2207     5.3095    -0.0179    95.3929 1.0000e-12  -74.17530 -113.34460  26.907210      99.87 1.8969e+03    202.899       4871  1028.0723  1028.0699    33.9875    33.9846    8.29468         28 0.0000e+00
    155.000    153.338    -1.0531  27.468802    -1.0511  27.469232     5.2311     5.3161    -0.0137    95.4011 1.0000e-12  -74.17530 -113.34460  26.907223      99.86 1.8969e+03    204.065       4899  1028.0801  1028.0788    33.9911    33.9895    8.29433         28 0.0000e+00
    156.000    154.327    -1.0496  27.474115    -1.0476  27.474290     5.2366     5.3207    -0.0105    95.4006 1.0000e-12  -74.17530 -113.34460  26.907237      99.87 1.8969e+03    205.247       4927  1028.0870  1028.0852    33.9938    33.9917    8.29340         29 0.0000e+00
    157.000    155.316    -1.0471  27.479859    -1.0437  27.481598     5.2182     5.3111    -0.0197    95.4056 1.0000e-12  -74.17530 -113.34460  26.907250      99.87 1.8969e+03    206.426       4955  1028.0953  1028.0939    33.9982    33.9967    8.29260         28 0.0000e+00
    158.000    156.305    -1.0337  27.495617    -1.0288  27.497965     5.2039     5.2925    -0.0161    95.4121 1.0000e-12  -74.17530 -113.34460  26.907264      99.86 1.8969e+03    207.584       4983  1028.1039  1028.1017    34.0039    34.0016    8.28930         27 0.0000e+00
    159.000    157.294    -0.9994  27.532455    -0.9957  27.532812     5.1956     5.2839    -0.0076    95.4247 1.0000e-12  -74.17530 -113.34460  26.907277      99.87 1.8972e+03    208.722       5010  1028.1152  1028.1120    34.0146    34.0109    8.28109         27 0.0000e+00
    160.000    158.283    -0.9921  27.539873    -0.9919  27.537619     5.1956     5.2823    -0.0132    95.4083 1.0000e-12  -74.17530 -113.34460  26.907290      99.87 1.8966e+03    209.866       5038  1028.1207  1028.1181    34.0159    34.0126    8.27941         28 0.0000e+00
    161.000    159.271    -0.9870  27.546064    -0.9848  27.545954     5.1950     5.2792    -0.0214    95.3834 1.0000e-12  -74.17530 -113.34460  26.907304      99.87 1.8965e+03    211.030       5066  1028.1271  1028.1249    34.0179    34.0153    8.27816         28 0.0000e+00
    162.000    160.262    -0.9816  27.552335    -0.9810  27.550494     5.1938     5.2757    -0.0083    95.3676 1.0000e-12  -74.17530 -113.34460  26.907317      98.60 1.8967e+03    212.221       5094  1028.1332  1028.1307    34.0197    34.0166    8.27687         29 0.0000e+00
    163.000    161.249    -0.9794  27.555221    -0.9774  27.555090     5.1882     5.2795    -0.0064    95.4116 1.0000e-12  -74.17530 -113.34460  26.907331      97.70 1.8969e+03    213.407       5123  1028.1388  1028.1367    34.0206    34.0181    8.27634         28 0.0000e+00
    164.000    162.238    -0.9752  27.560411    -0.9734  27.559919     5.1886     5.2755    -0.0137    95.4149 1.0000e-12  -74.17530 -113.34460  26.907344      99.86 1.8963e+03    214.560       5150  1028.1448  1028.1425    34.0223    34.0196    8.27532         28 0.0000e+00
    165.000    163.227    -0.9755  27.560804    -0.9737  27.560448     5.1928     5.2802    -0.0080    95.4004 1.0000e-12  -74.17530 -113.34460  26.907357      99.87 1.8963e+03    215.678       5177  1028.1499  1028.1478    34.0225    34.0200    8.27536         26 0.0000e+00
    166.000    164.216    -0.9760  27.560710    -0.9743  27.560240     5.1893     5.2741    -0.0147    95.3997 1.0000e-12  -74.17530 -113.34460  26.907370      99.87 1.8965e+03    216.794       5204  1028.1548  1028.1526    34.0224    34.0198    8.27549         27 0.0000e+00
    167.000    165.206    -0.9758  27.561359    -0.9734  27.561624     5.1921     5.2758    -0.0124    95.3225 1.0000e-12  -74.17530 -113.34459  26.907384      99.87 1.8963e+03    217.944       5232  1028.1598  1028.1578    34.0224    34.0201    8.27544         28 0.0000e+00
    168.000    166.192    -0.9744  27.563135    -0.9734  27.562020     5.1828     5.2714    -0.0102    95.1449 1.0000e-12  -74.17530 -113.34460  26.907397      99.86 1.8957e+03    219.131       5260  1028.1648  1028.1625    34.0227    34.0199    8.27512         29 0.0000e+00
    169.000    167.183    -0.9735  27.564705    -0.9725  27.563294     5.1842     5.2674    -0.0216    95.3961 1.0000e-12  -74.17530 -113.34458  26.907411      99.87 1.8966e+03    220.311       5288  1028.1700  1028.1675    34.0232    34.0201    8.27490         28 0.0000e+00
    170.000    168.171    -0.9621  27.576972    -0.9609  27.575689     5.1696     5.2550    -0.0187    95.3919 1.0000e-12  -74.17530 -113.34459  26.907424      99.87 1.8959e+03    221.471       5316  1028.1766  1028.1741    34.0263    34.0233    8.27220         28 0.0000e+00
    171.000    169.159    -0.9569  27.582583    -0.9551  27.582130     5.1597     5.2536    -0.0098    95.3816 1.0000e-12  -74.17530 -113.34459  26.907438      99.86 1.8967e+03    222.628       5344  1028.1820  1028.1798    34.0274    34.0248    8.27098         27 0.0000e+00
    172.000    170.149    -0.9435  27.596717    -0.9410  27.596568     5.1533     5.2366    -0.0148    95.3835 1.0000e-12  -74.17530 -113.34459  26.907451      99.88 1.8970e+03    223.766       5371  1028.1888  1028.1863    34.0309    34.0279    8.26783         27 0.0000e+00
    173.000    171.139    -0.9347  27.605917    -0.9336  27.604467     5.1505     5.2285    -0.0222    95.4133 1.0000e-12  -74.17530 -113.34459  26.907464      91.70 1.8957e+03    224.906       5399  1028.1947  1028.1921    34.0329    34.0296    8.26578         28 0.0000e+00
    174.000    172.127    -0.9263  27.614772    -0.9248  27.613778     5.1442     5.2290    -0.0176    95.3964 1.0000e-12  -74.17530 -113.34458  26.907478      96.67 1.8951e+03    226.067       5427  1028.2007  1028.1981    34.0348    34.0317    8.26383         29 0.0000e+00
    175.000    173.115    -0.9215  27.619927    -0.9209  27.618133     5.1427     5.2293    -0.0202    95.3797 1.0000e-12  -74.17530 -113.34460  26.907491      99.86 1.8951e+03    227.247       5455  1028.2060  1028.2036    34.0357    34.0327    8.26271         27 0.0000e+00
    176.000    174.105    -0.9195  27.622336    -0.9193  27.620155     5.1456     5.2217    -0.0163    95.3926 1.0000e-12  -74.17530 -113.34458  26.907505      99.87 1.8951e+03    228.419       5483  1028.2112  1028.2087    34.0361    34.0330    8.26225         29 0.0000e+00
    177.000    175.092    -0.9166  27.625874    -0.9149  27.625001     5.1414     5.2223    -0.0142    95.4036 1.0000e-12  -74.17530 -113.34459  26.907518      99.86 1.8954e+03    229.586       5511  1028.2166  1028.2141    34.0370    34.0340    8.26155         27 0.0000e+00
    178.000    176.083    -0.9164  27.626394    -0.9139  27.626629     5.1396     5.2233    -0.0209    95.3723 1.0000e-12  -74.17530 -113.34459  26.907532      99.87 1.8969e+03    230.734       5539  1028.2215  1028.2193    34.0369    34.0344    8.26152         27 0.0000e+00
    179.000    177.070    -0.9142  27.629116    -0.9126  27.628551     5.1360     5.2214    -0.0152    95.3800 1.0000e-12  -74.17530 -113.34460  26.907545      99.87 1.8964e+03    231.869       5566  1028.2267  1028.2245    34.0375    34.0349    8.26101         28 0.0000e+00
    180.000    178.059    -0.9130  27.630653    -0.9114  27.630042     5.1326     5.2154    -0.0217    95.3807 1.0000e-12  -74.17530 -113.34460  26.907558      99.87 1.8959e+03    233.014       5593  1028.2316  1028.2294    34.0376    34.0350    8.26074         27 0.0000e+00
    181.000    179.049    -0.9112  27.633036    -0.9083  27.633706     5.1326     5.2147    -0.0147    95.3748 1.0000e-12  -74.17530 -113.34460  26.907572      99.87 1.8957e+03    234.177       5621  1028.2368  1028.2348    34.0382    34.0359    8.26030         29 0.0000e+00
    182.000    180.038    -0.9077  27.636991    -0.9048  27.637347     5.1228     5.2110    -0.0142    95.3854 1.0000e-12  -74.17530 -113.34460  26.907585      99.87 1.8955e+03    235.344       5649  1028.2421  1028.2397    34.0390    34.0363    8.25949         28 0.0000e+00
