ocean_section_plots/required_files/ctd/dnbp2202_ctd172.cnv
* Sea-Bird SBE 9 Data File:
* FileName = D:\Data\raw\NBP2202_CTD172.hex
* Software Version Seasave V 7.26.7.121
* Temperature SN = 1649
* Conductivity SN = 2513
* Number of Bytes Per Scan = 40
* Number of Voltage Words = 5
* Number of Scans Averaged by the Deck Unit = 1
* NMEA Latitude = 74 08.12 S
* NMEA Longitude = 110 39.27 W
* NMEA UTC (Time) = Feb 03 2022  15:35:41
* NMEA baud rate = 9600
** Ship: RVIB N.B. Palmer
** Cruise: NBP2202 Thwaites
** Station: 94
** Operator: A. Robinson
# nquan = 28
# nvalues = 416                         
# units = specified
# name 0 = prDM: Pressure, Digiquartz [db]
# name 1 = depSM: Depth [salt water, m]
# name 2 = t090C: Temperature [ITS-90, deg C]
# name 3 = c0mS/cm: Conductivity [mS/cm]
# name 4 = t190C: Temperature, 2 [ITS-90, deg C]
# name 5 = c1mS/cm: Conductivity, 2 [mS/cm]
# name 6 = sbeox0ML/L: Oxygen, SBE 43 [ml/l]
# name 7 = sbeox1ML/L: Oxygen, SBE 43, 2 [ml/l]
# name 8 = flECO-AFL: Fluorescence, WET Labs ECO-AFL/FL [mg/m^3]
# name 9 = CStarTr0: Beam Transmission, WET Labs C-Star [%]
# name 10 = par: PAR/Irradiance, Biospherical/Licor
# name 11 = latitude: Latitude [deg]
# name 12 = longitude: Longitude [deg]
# name 13 = timeJ: Julian Days
# name 14 = altM: Altimeter [m]
# name 15 = spar: SPAR, Biospherical/Licor
# name 16 = timeS: Time, Elapsed [seconds]
# name 17 = scan: Scan Count
# name 18 = density00: Density [density, kg/m^3]
# name 19 = density11: Density, 2 [density, kg/m^3]
# name 20 = v3: Voltage 3
# name 21 = v4: Voltage 4
# name 22 = v5: Voltage 5
# name 23 = sal00: Salinity, Practical [PSU]
# name 24 = sal11: Salinity, Practical, 2 [PSU]
# name 25 = oxsolML/L: Oxygen Saturation, Garcia & Gordon [ml/l]
# name 26 = nbin: number of scans per bin
# name 27 = flag: flag
# span 0 =      2.000,    417.000       
# span 1 =      1.987,    412.269       
# span 2 =    -1.4382,    -0.9347       
# span 3 =  26.987128,  27.817351       
# span 4 =    -1.4366,    -0.9330       
# span 5 =  26.987679,  27.816640       
# span 6 =     5.6979,     6.9969       
# span 7 =     5.8129,     6.8890       
# span 8 =    -0.0230,     8.1145       
# span 9 =    85.1194,    98.8694       
# span 10 = 1.0000e-12, 1.0681e+02      
# span 11 =  -74.13544,  -74.13498      
# span 12 = -110.65456, -110.65195      
# span 13 =  34.652648,  34.659786      
# span 14 =       5.10,     100.04      
# span 15 = 1.7626e+03, 1.7868e+03      
# span 16 =    247.772,    864.500      
# span 17 =       5948,      20749      
# span 18 =  1027.1801,  1029.4705      
# span 19 =  1027.1784,  1029.4681      
# span 20 =     4.0384,     4.6902      
# span 21 =     0.0636,     1.1724      
# span 22 =     0.1201,     0.1652      
# span 23 =    33.7694,    34.1706      
# span 24 =    33.7680,    34.1677      
# span 25 =    8.25773,    8.38746      
# span 26 =         17,         48      
# span 27 = 0.0000e+00, 0.0000e+00      
# interval = decibars: 1                
# start_time = Feb 03 2022 15:35:41 [NMEA time, header]
# bad_flag = -9.990e-29
*END*
[from data line 52]
     54.000     53.435    -1.4064  27.011516    -1.4048  27.011797     5.9368     6.0688     2.0836    94.2233 1.6165e-01  -74.13542 -110.65453  34.653851      99.94 1.7690e+03    351.715       8442  1027.4763  1027.4751     4.4699     0.3916     0.1364    33.8272    33.8257    8.38284         37 0.0000e+00
     55.000     54.423    -1.4108  27.010246    -1.4090  27.010460     5.9133     6.0496     1.8694    94.6450 1.4798e-01  -74.13542 -110.65453  34.653869      99.94 1.7698e+03    353.244       8479  1027.4835  1027.4821     4.4900     0.3489     0.1360    33.8298    33.8281    8.38367         34 0.0000e+00
     56.000     55.414    -1.4092  27.014480    -1.4081  27.013958     5.8935     6.0293     1.9182    95.8562 1.3470e-01  -74.13542 -110.65453  34.653886      99.94 1.7693e+03    354.747       8515  1027.4910  1027.4893     4.5472     0.3905     0.1352    33.8332    33.8312    8.38311         36 0.0000e+00
     57.000     56.403    -1.4073  27.018364    -1.4059  27.018425     5.8878     6.0221     1.4947    95.7643 1.2253e-01  -74.13542 -110.65452  34.653903      99.97 1.7686e+03    356.188       8550  1027.4977  1027.4965     4.5430     0.2597     0.1318    33.8357    33.8343    8.38253         34 0.0000e+00
     58.000     57.391    -1.4099  27.016988    -1.4086  27.016991     5.8681     6.0031     2.0610    95.7101 1.1101e-01  -74.13542 -110.65452  34.653920      99.97 1.7689e+03    357.644       8584  1027.5031  1027.5018     4.5404     0.2399     0.1321    33.8362    33.8347    8.38309         35 0.0000e+00
     59.000     58.381    -1.4118  27.016634    -1.4105  27.016577     5.8603     5.9900     1.3345    95.8517 1.0043e-01  -74.13542 -110.65453  34.653936      99.97 1.7699e+03    359.116       8620  1027.5088  1027.5075     4.5473     0.2566     0.1309    33.8372    33.8357    8.38345         36 0.0000e+00
     60.000     59.371    -1.4119  27.018508    -1.4105  27.018479     5.8887     6.0118     0.9897    96.5288 9.1135e-02  -74.13542 -110.65454  34.653953      99.97 1.7688e+03    360.573       8655  1027.5153  1027.5140     4.5791     0.2333     0.1315    33.8393    33.8377    8.38336         32 0.0000e+00
     61.000     60.360    -1.4245  27.011269    -1.4233  27.011243     5.9215     6.0456     0.8355    96.4587 8.2070e-02  -74.13542 -110.65454  34.653970      99.97 1.7689e+03    362.016       8689  1027.5239  1027.5227     4.5759     0.2272     0.1319    33.8430    33.8416    8.38598         36 0.0000e+00
     62.000     61.349    -1.4309  27.009350    -1.4296  27.009352     5.9287     6.0524     1.0710    96.6030 7.5247e-02  -74.13542 -110.65454  34.653987      99.14 1.7687e+03    363.483       8725  1027.5322  1027.5310     4.5827     0.2392     0.1327    33.8470    33.8455    8.38718         35 0.0000e+00
     63.000     62.338    -1.4313  27.010392    -1.4298  27.010466     5.9127     6.0513     1.4033    95.7884 6.6729e-02  -74.13542 -110.65454  34.654004      99.98 1.7693e+03    364.948       8760  1027.5380  1027.5366     4.5441     0.2261     0.1324    33.8483    33.8467    8.38720         34 0.0000e+00
     64.000     63.328    -1.4306  27.013368    -1.4293  27.013193     5.8883     6.0291     2.6117    96.5571 5.9458e-02  -74.13542 -110.65454  34.654021      99.97 1.7693e+03    366.381       8794  1027.5448  1027.5434     4.5805     0.2166     0.1293    33.8509    33.8492    8.38687         35 0.0000e+00
     65.000     64.317    -1.4291  27.016998    -1.4275  27.017003     5.8795     6.0156     1.6884    96.7043 5.1765e-02  -74.13542 -110.65454  34.654038      99.96 1.7693e+03    367.845       8829  1027.5516  1027.5502     4.5875     0.2612     0.1310    33.8536    33.8518    8.38637         34 0.0000e+00
     66.000     65.306    -1.4290  27.018474    -1.4277  27.018374     5.8705     6.0014     0.8696    96.7887 4.4755e-02  -74.13542 -110.65454  34.654055      99.97 1.7699e+03    369.321       8865  1027.5575  1027.5561     4.5915     0.1890     0.1301    33.8549    33.8532    8.38628         34 0.0000e+00
     67.000     66.296    -1.4297  27.019903    -1.4282  27.019934     5.8629     5.9935     0.8037    96.6181 3.7699e-02  -74.13542 -110.65454  34.654071      99.97 1.7689e+03    370.761       8899  1027.5640  1027.5626     4.5834     0.1745     0.1323    33.8570    33.8554    8.38631         35 0.0000e+00
     68.000     67.285    -1.4308  27.020334    -1.4297  27.020480     5.8562     5.9862     1.0553    96.8789 3.2159e-02  -74.13542 -110.65454  34.654088      99.97 1.7699e+03    372.228       8934  1027.5698  1027.5690     4.5958     0.1921     0.1313    33.8582    33.8572    8.38648         36 0.0000e+00
     69.000     68.275    -1.4315  27.021496    -1.4299  27.021701     5.8431     5.9838     1.1154    96.6697 2.6465e-02  -74.13542 -110.65454  34.654105      99.97 1.7699e+03    373.696       8970  1027.5762  1027.5748     4.5859     0.2026     0.1310    33.8601    33.8585    8.38654         34 0.0000e+00
     70.000     69.263    -1.4301  27.023935    -1.4288  27.023875     5.8457     5.9827     1.1069    96.9341 2.1937e-02  -74.13542 -110.65454  34.654122      98.81 1.7699e+03    375.120       9004  1027.5818  1027.5804     4.5984     0.1874     0.1328    33.8612    33.8596    8.38616         35 0.0000e+00
     71.000     70.254    -1.4306  27.024851    -1.4292  27.024779     5.8475     5.9796     0.7310    97.1845 1.7591e-02  -74.13542 -110.65454  34.654139      97.96 1.7699e+03    376.571       9039  1027.5876  1027.5861     4.6104     0.1711     0.1311    33.8624    33.8607    8.38620         35 0.0000e+00
     72.000     71.242    -1.4307  27.025576    -1.4294  27.025606     5.8483     5.9791     0.6997    97.2254 1.2734e-02  -74.13542 -110.65454  34.654156      99.96 1.7699e+03    378.036       9074  1027.5927  1027.5915     4.6122     0.1807     0.1345    33.8628    33.8614    8.38619         35 0.0000e+00
     73.000     72.231    -1.4320  27.025840    -1.4307  27.025722     5.8483     5.9745     0.7527    97.1437 8.3076e-03  -74.13543 -110.65454  34.654172      99.97 1.7699e+03    379.468       9108  1027.5986  1027.5972     4.6083     0.1869     0.1353    33.8640    33.8625    8.38640         33 0.0000e+00
     74.000     73.222    -1.4334  27.025823    -1.4318  27.025813     5.8391     5.9715     0.6100    97.2585 4.5048e-03  -74.13543 -110.65454  34.654189      99.97 1.7699e+03    380.927       9143  1027.6042  1027.6026     4.6138     0.1507     0.1292    33.8650    33.8631    8.38666         32 0.0000e+00
     75.000     74.211    -1.4335  27.026838    -1.4322  27.026561     5.8418     5.9737     0.5547    97.4625 9.1594e-04  -74.13543 -110.65454  34.654206      99.97 1.7699e+03    382.399       9179  1027.6097  1027.6082     4.6235     0.1531     0.1283    33.8658    33.8640    8.38663         36 0.0000e+00
     76.000     75.199    -1.4341  27.027330    -1.4325  27.027326     5.8450     5.9706     0.7017    97.5712 7.5281e-06  -74.13543 -110.65454  34.654223      99.98 1.7699e+03    383.842       9213  1027.6152  1027.6136     4.6286     0.1599     0.1298    33.8667    33.8648    8.38674         34 0.0000e+00
     77.000     76.188    -1.4352  27.026516    -1.4336  27.026600     5.8442     5.9754     0.3930    97.8325 1.0000e-12  -74.13543 -110.65454  34.654240      99.98 1.7699e+03    385.296       9248  1027.6196  1027.6182     4.6410     0.1441     0.1272    33.8661    33.8644    8.38700         32 0.0000e+00
     78.000     77.178    -1.4362  27.026495    -1.4347  27.026553     5.8504     5.9795     0.5738    97.6155 1.0000e-12  -74.13543 -110.65454  34.654256      99.98 1.7699e+03    386.724       9282  1027.6248  1027.6235     4.6307     0.1426     0.1270    33.8666    33.8650    8.38720         33 0.0000e+00
     79.000     78.169    -1.4369  27.026986    -1.4354  27.027077     5.8503     5.9799     0.3188    97.8812 1.0000e-12  -74.13543 -110.65453  34.654271      94.23 1.7688e+03    387.977       9312  1027.6303  1027.6291     4.6433     0.1234     0.1264    33.8674    33.8659    8.38731         27 0.0000e+00
     80.000     79.155    -1.4382  27.028103    -1.4366  27.028102     5.8443     5.9792     0.3589    97.7407 1.0000e-12  -74.13542 -110.65454  34.654284      97.46 1.7697e+03    389.118       9340  1027.6371  1027.6356     4.6367     0.1333     0.1267    33.8698    33.8680    8.38746         27 0.0000e+00
     81.000     80.146    -1.4362  27.032011    -1.4346  27.032137     5.8402     5.9682     0.3602    97.8456 1.0000e-12  -74.13544 -110.65452  34.654296      99.98 1.7699e+03    390.215       9366  1027.6439  1027.6425     4.6416     0.1477     0.1256    33.8724    33.8707    8.38687         27 0.0000e+00
     82.000     81.136    -1.4319  27.038417    -1.4308  27.037712     5.8383     5.9666     0.3166    97.9253 1.0000e-12  -74.13542 -110.65454  34.654309      99.98 1.7700e+03    391.323       9393  1027.6511  1027.6493     4.6455     0.1376     0.1262    33.8756    33.8735    8.38569         27 0.0000e+00
     83.000     82.124    -1.4304  27.040795    -1.4295  27.040208     5.8391     5.9710     0.4076    98.0898 1.0000e-12  -74.13544 -110.65454  34.654322      99.97 1.7694e+03    392.450       9420  1027.6566  1027.6551     4.6532     0.1795     0.1287    33.8766    33.8747    8.38530         27 0.0000e+00
     84.000     83.113    -1.4299  27.042082    -1.4281  27.042345     5.8374     5.9674     0.7272    97.9596 1.0000e-12  -74.13544 -110.65454  34.654336      99.97 1.7692e+03    393.628       9448  1027.6619  1027.6604     4.6470     0.1432     0.1270    33.8772    33.8755    8.38516         28 0.0000e+00
     85.000     84.103    -1.4282  27.044736    -1.4270  27.044456     5.8389     5.9665     0.4260    98.0768 1.0000e-12  -74.13544 -110.65454  34.654349      99.98 1.7691e+03    394.795       9476  1027.6675  1027.6660     4.6526     0.1352     0.1294    33.8783    33.8765    8.38470         28 0.0000e+00
     86.000     85.093    -1.4281  27.045507    -1.4268  27.045470     5.8320     5.9686     0.6610    97.9648 1.0000e-12  -74.13544 -110.65454  34.654363      99.97 1.7699e+03    395.950       9504  1027.6726  1027.6712     4.6473     0.1545     0.1272    33.8786    33.8770    8.38467         28 0.0000e+00
     87.000     86.082    -1.4279  27.046861    -1.4265  27.046873     5.8307     5.9558     0.6126    97.6684 1.0000e-12  -74.13544 -110.65454  34.654377      99.97 1.7699e+03    397.150       9533  1027.6782  1027.6769     4.6333     0.1601     0.1269    33.8796    33.8781    8.38456         30 0.0000e+00
     88.000     87.071    -1.4287  27.052787    -1.4271  27.051828     5.8288     5.9615     0.5977    97.8014 1.0000e-12  -74.13544 -110.65454  34.654391      99.97 1.7699e+03    398.357       9562  1027.6899  1027.6874     4.6395     0.1556     0.1285    33.8881    33.8850    8.38424         29 0.0000e+00
     89.000     88.060    -1.4291  27.055716    -1.4277  27.055496     5.8285     5.9618     0.6294    97.9316 1.0000e-12  -74.13544 -110.65454  34.654404      99.97 1.7699e+03    399.535       9590  1027.6979  1027.6963     4.6457     0.1202     0.1293    33.8920    33.8900    8.38410         28 0.0000e+00
     90.000     89.049    -1.4290  27.059430    -1.4276  27.059102     5.8248     5.9567     0.5783    97.7296 1.0000e-12  -74.13544 -110.65454  34.654418      99.98 1.7693e+03    400.756       9619  1027.7062  1027.7045     4.6361     0.1258     0.1267    33.8963    33.8942    8.38380         30 0.0000e+00
     91.000     90.038    -1.4269  27.064953    -1.4257  27.064632     5.8282     5.9587     0.3423    97.9950 1.0000e-12  -74.13544 -110.65454  34.654433      98.94 1.7692e+03    401.972       9648  1027.7147  1027.7132     4.6487     0.1291     0.1275    33.9010    33.8991    8.38307         29 0.0000e+00
     92.000     91.028    -1.4262  27.067569    -1.4248  27.067378     5.8286     5.9611     0.3515    97.9795 1.0000e-12  -74.13544 -110.65454  34.654447      99.95 1.7699e+03    403.184       9677  1027.7213  1027.7197     4.6480     0.1136     0.1266    33.9031    33.9013    8.38278         29 0.0000e+00
     93.000     92.016    -1.4257  27.069527    -1.4240  27.069756     5.8241     5.9604     0.3296    97.9169 1.0000e-12  -74.13544 -110.65454  34.654461      99.98 1.7699e+03    404.450       9708  1027.7272  1027.7259     4.6450     0.1235     0.1251    33.9046    33.9030    8.38258         30 0.0000e+00
     94.000     93.006    -1.4235  27.074295    -1.4219  27.074550     5.8255     5.9494     0.1794    97.8350 1.0000e-12  -74.13544 -110.65454  34.654476      99.97 1.7692e+03    405.735       9739  1027.7348  1027.7335     4.6411     0.1870     0.1272    33.9081    33.9066    8.38188         31 0.0000e+00
     95.000     93.996    -1.4216  27.079230    -1.4200  27.079037     5.8209     5.9496     0.1904    98.0247 1.0000e-12  -74.13544 -110.65454  34.654491      99.97 1.7693e+03    406.990       9769  1027.7427  1027.7410     4.6502     0.1352     0.1268    33.9121    33.9100    8.38121         30 0.0000e+00
     96.000     94.984    -1.4198  27.082970    -1.4182  27.083063     5.8195     5.9440     0.1975    98.0588 1.0000e-12  -74.13544 -110.65454  34.654505      99.97 1.7698e+03    408.260       9799  1027.7494  1027.7480     4.6517     0.1233     0.1268    33.9146    33.9129    8.38065         31 0.0000e+00
     97.000     95.974    -1.4189  27.084944    -1.4174  27.084767     5.8193     5.9451     0.1524    98.1910 1.0000e-12  -74.13544 -110.65454  34.654520      99.97 1.7699e+03    409.546       9830  1027.7551  1027.7535     4.6580     0.1153     0.1252    33.9157    33.9137    8.38039         31 0.0000e+00
     98.000     96.963    -1.4183  27.086275    -1.4168  27.086404     5.8147     5.9411     0.4018    98.2328 1.0000e-12  -74.13544 -110.65454  34.654535      99.98 1.7699e+03    410.796       9860  1027.7604  1027.7590     4.6600     0.1217     0.1255    33.9162    33.9146    8.38023         30 0.0000e+00
     99.000     97.951    -1.4158  27.091137    -1.4137  27.091833     5.8064     5.9414     0.1989    98.2753 1.0000e-12  -74.13544 -110.65454  34.654549      99.97 1.7699e+03    412.056       9890  1027.7676  1027.7664     4.6620     0.0928     0.1281    33.9194    33.9180    8.37946         30 0.0000e+00
    100.000     98.941    -1.4153  27.092272    -1.4139  27.092058     5.8080     5.9341     0.3107    98.2215 1.0000e-12  -74.13544 -110.65454  34.654564      99.98 1.7699e+03    413.328       9921  1027.7727  1027.7711     4.6594     0.0994     0.1259    33.9198    33.9179    8.37934         31 0.0000e+00
    101.000     99.931    -1.4154  27.092750    -1.4140  27.092717     5.8042     5.9315     0.2182    98.2402 1.0000e-12  -74.13544 -110.65454  34.654579      99.92 1.7699e+03    414.586       9951  1027.7776  1027.7763     4.6604     0.0963     0.1261    33.9199    33.9182    8.37934         29 0.0000e+00
    102.000    100.919    -1.4159  27.093319    -1.4144  27.093039     5.8033     5.9298     0.3028    98.3776 1.0000e-12  -74.13544 -110.65454  34.654593      99.46 1.7699e+03    415.827       9981  1027.7832  1027.7814     4.6669     0.0997     0.1277    33.9207    33.9185    8.37942         31 0.0000e+00
    103.000    101.910    -1.4157  27.094072    -1.4142  27.094112     5.8034     5.9336     0.2047    98.3572 1.0000e-12  -74.13544 -110.65454  34.654608      99.97 1.7699e+03    417.092      10011  1027.7881  1027.7867     4.6659     0.1067     0.1251    33.9208    33.9191    8.37935         30 0.0000e+00
    104.000    102.897    -1.4154  27.094861    -1.4139  27.095104     5.8004     5.9256     0.2153    98.3428 1.0000e-12  -74.13544 -110.65454  34.654622      99.98 1.7699e+03    418.350      10041  1027.7930  1027.7918     4.6652     0.0891     0.1274    33.9209    33.9196    8.37928         27 0.0000e+00
