ocean_section_plots/required_files/ctd/dnbp2202_ctd095.cnv
* Sea-Bird SBE 9 Data File:
* FileName = D:\Data\raw\NBP2202_CTD095.hex
* Software Version Seasave V 7.26.7.121
* Temperature SN = 1649
* Conductivity SN = 2513
* Number of Bytes Per Scan = 40
* Number of Voltage Words = 5
* Number of Scans Averaged by the Deck Unit = 1
* NMEA Latitude = 74 10.51 S
* NMEA Longitude = 113 20.67 W
* NMEA UTC (Time) = Jan 27 2022  00:02:46
* NMEA baud rate = 9600
** Ship: RVIB N.B. Palmer
** Cruise: NBP2202 Thwaites
** Station: YoYo001
** Operator: A. Robinson
# nquan = 25
# nvalues = 608                         
# units = specified
# name 0 = prDM: Pressure, Digiquartz [db]
# name 1 = depSM: Depth [salt water, m]
# name 2 = t090C: Temperature [ITS-90, deg C]
# name 3 = c0mS/cm: Conductivity [mS/cm]
# name 4 = t190C: Temperature, 2 [ITS-90, deg C]
# name 5 = c1mS/cm: Conductivity, 2 [mS/cm]
# name 6 = sbeox0ML/L: Oxygen, SBE 43 [ml/l]
# name 7 = sbeox1ML/L: Oxygen, SBE 43, 2 [ml/l]
# name 8 = flECO-AFL: Fluorescence, WET Labs ECO-AFL/FL [mg/m^3]
# name 9 = CStarTr0: Beam Transmission, WET Labs C-Star [%]
# name 10 = par: PAR/Irradiance, Biospherical/Licor
# name 11 = latitude: Latitude [deg]
# name 12 = longitude: Longitude [deg]
# name 13 = timeJ: Julian Days
# name 14 = altM: Altimeter [m]
# name 15 = spar: SPAR, Biospherical/Licor
# name 16 = timeS: Time, Elapsed [seconds]
# name 17 = scan: Scan Count
# name 18 = density00: Density [density, kg/m^3]
# name 19 = density11: Density, 2 [density, kg/m^3]
# name 20 = sal00: Salinity, Practical [PSU]
# name 21 = sal11: Salinity, Practical, 2 [PSU]
# name 22 = oxsolML/L: Oxygen Saturation, Garcia & Gordon [ml/l]
# name 23 = nbin: number of scans per bin
# name 24 = flag: flag
# span 0 =     10.000,    617.000       
# span 1 =      9.895,    609.712       
# span 2 =    -1.5277,     0.0798       
# span 3 =  26.907311,  28.914872       
# span 4 =    -1.5266,     0.0818       
# span 5 =  26.906909,  28.914438       
# span 6 =     4.6851,     8.6260       
# span 7 =     4.7537,     8.4832       
# span 8 =    -0.0213,    23.3461       
# span 9 =    69.4860,    95.4226       
# span 10 = -1.110e-06, 4.8497e+01      
# span 11 =  -74.17530,  -74.17528      
# span 12 = -113.34460, -113.34454      
# span 13 =  27.002492,  27.011940      
# span 14 =       4.76,     100.56      
# span 15 = 1.7349e+03, 1.7590e+03      
# span 16 =     49.328,    865.613      
# span 17 =       1185,      20776      
# span 18 =  1027.2137,  1030.5217      
# span 19 =  1027.2072,  1030.5188      
# span 20 =    33.7869,    34.3787      
# span 21 =    33.7858,    34.3759      
# span 22 =    8.02835,    8.41071      
# span 23 =          4,         44      
# span 24 = 0.0000e+00, 0.0000e+00      
# interval = decibars: 1                
# start_time = Jan 27 2022 00:02:46 [NMEA time, header]
# bad_flag = -9.990e-29
*END*
[from data line 232]
    242.000    239.356    -0.7876  27.784001    -0.7856  27.783759     5.0125     5.0883    -0.0050    95.2778 1.0000e-12  -74.17528 -113.34457  27.006065      96.39 1.7462e+03    357.987       8593  1028.5452  1028.5430    34.0659    34.0634    8.23163         28 0.0000e+00
    243.000    240.343    -0.7872  27.784852    -0.7853  27.784543     5.0045     5.0781    -0.0050    95.2748 1.0000e-12  -74.17528 -113.34456  27.006078      99.88 1.7461e+03    359.130       8620  1028.5500  1028.5478    34.0660    34.0634    8.23154         27 0.0000e+00
    244.000    241.332    -0.7845  27.788152    -0.7819  27.788231     4.9991     5.0727    -0.0131    95.2824 1.0000e-12  -74.17528 -113.34458  27.006091      99.87 1.7465e+03    360.265       8647  1028.5553  1028.5529    34.0668    34.0641    8.23089         28 0.0000e+00
    245.000    242.321    -0.7677  27.806096    -0.7654  27.805495     4.9952     5.0662    -0.0150    95.2890 1.0000e-12  -74.17528 -113.34458  27.006104      99.87 1.7469e+03    361.394       8674  1028.5627  1028.5598    34.0716    34.0681    8.22696         27 0.0000e+00
    246.000    243.310    -0.7619  27.811947    -0.7598  27.811768     4.9884     5.0641    -0.0193    95.2768 1.0000e-12  -74.17528 -113.34458  27.006117      99.87 1.7475e+03    362.529       8702  1028.5677  1028.5655    34.0723    34.0697    8.22565         27 0.0000e+00
    247.000    244.297    -0.7608  27.813502    -0.7589  27.813168     4.9872     5.0645    -0.0177    95.2729 1.0000e-12  -74.17528 -113.34458  27.006131      99.87 1.7473e+03    363.677       8729  1028.5727  1028.5706    34.0725    34.0700    8.22540         27 0.0000e+00
    248.000    245.286    -0.7590  27.815844    -0.7570  27.815421     4.9809     5.0582    -0.0147    95.2667 1.0000e-12  -74.17529 -113.34458  27.006144      99.86 1.7455e+03    364.836       8757  1028.5779  1028.5755    34.0731    34.0703    8.22498         28 0.0000e+00
    249.000    246.276    -0.7549  27.820442    -0.7530  27.819970     4.9789     5.0570    -0.0166    95.2780 1.0000e-12  -74.17530 -113.34458  27.006157      99.87 1.7479e+03    365.991       8785  1028.5832  1028.5809    34.0741    34.0713    8.22403         28 0.0000e+00
    250.000    247.262    -0.7528  27.823038    -0.7508  27.822737     4.9814     5.0527    -0.0156    95.2751 1.0000e-12  -74.17530 -113.34458  27.006171      99.87 1.7470e+03    367.142       8812  1028.5884  1028.5861    34.0747    34.0719    8.22354         28 0.0000e+00
    251.000    248.252    -0.7495  27.827056    -0.7475  27.826646     4.9818     5.0600    -0.0202    95.2653 1.0000e-12  -74.17530 -113.34458  27.006184      99.87 1.7470e+03    368.285       8840  1028.5939  1028.5915    34.0758    34.0729    8.22276         27 0.0000e+00
    252.000    249.240    -0.7455  27.831879    -0.7434  27.831582     4.9789     5.0545    -0.0164    95.2633 1.0000e-12  -74.17530 -113.34458  27.006197      78.46 1.7470e+03    369.413       8867  1028.5995  1028.5972    34.0771    34.0744    8.22180         27 0.0000e+00
    253.000    250.228    -0.7440  27.833811    -0.7422  27.833336     4.9816     5.0466     0.0179    95.2719 1.0000e-12  -74.17530 -113.34458  27.006210      94.38 1.7470e+03    370.536       8894  1028.6046  1028.6023    34.0775    34.0747    8.22146         27 0.0000e+00
    254.000    251.217    -0.7428  27.835284    -0.7410  27.834831     4.9827     5.0559     0.0083    95.2624 1.0000e-12  -74.17530 -113.34458  27.006223      99.88 1.7470e+03    371.670       8921  1028.6093  1028.6071    34.0775    34.0748    8.22120         27 0.0000e+00
    255.000    252.205    -0.7416  27.836889    -0.7397  27.836489     4.9744     5.0519    -0.0198    95.2715 1.0000e-12  -74.17530 -113.34458  27.006236      99.86 1.7470e+03    372.824       8949  1028.6142  1028.6119    34.0777    34.0749    8.22093         28 0.0000e+00
    256.000    253.194    -0.7372  27.842166    -0.7349  27.841880     4.9673     5.0425    -0.0198    95.2647 1.0000e-12  -74.17530 -113.34458  27.006250      99.87 1.7470e+03    374.002       8977  1028.6200  1028.6175    34.0792    34.0763    8.21987         29 0.0000e+00
    257.000    254.182    -0.7337  27.846083    -0.7316  27.845893     4.9693     5.0473    -0.0205    95.2634 1.0000e-12  -74.17530 -113.34458  27.006263      99.87 1.7470e+03    375.164       9005  1028.6251  1028.6229    34.0799    34.0773    8.21906         27 0.0000e+00
    258.000    255.169    -0.7299  27.850502    -0.7280  27.850065     4.9708     5.0431    -0.0009    95.2540 1.0000e-12  -74.17530 -113.34458  27.006277      99.86 1.7470e+03    376.302       9032  1028.6307  1028.6283    34.0811    34.0783    8.21818         28 0.0000e+00
    259.000    256.160    -0.7288  27.852175    -0.7269  27.851766     4.9662     5.0388    -0.0091    95.2669 1.0000e-12  -74.17530 -113.34456  27.006290      99.87 1.7470e+03    377.435       9059  1028.6357  1028.6334    34.0815    34.0787    8.21792         27 0.0000e+00
    260.000    257.148    -0.7259  27.855787    -0.7236  27.855474     4.9660     5.0409    -0.0117    95.2492 1.0000e-12  -74.17530 -113.34457  27.006303      99.57 1.7470e+03    378.575       9087  1028.6411  1028.6386    34.0824    34.0794    8.21722         27 0.0000e+00
    261.000    258.136    -0.7175  27.865069    -0.7154  27.864643     4.9627     5.0325    -0.0118    95.2509 1.0000e-12  -74.17530 -113.34457  27.006316      80.71 1.7470e+03    379.710       9114  1028.6473  1028.6449    34.0849    34.0820    8.21526         27 0.0000e+00
    262.000    259.124    -0.7154  27.867764    -0.7135  27.867339     4.9579     5.0347    -0.0036    95.2585 1.0000e-12  -74.17530 -113.34457  27.006329      99.79 1.7470e+03    380.850       9141  1028.6526  1028.6503    34.0856    34.0829    8.21476         28 0.0000e+00
    263.000    260.113    -0.7138  27.869906    -0.7119  27.869543     4.9596     5.0319    -0.0117    95.2567 1.0000e-12  -74.17530 -113.34457  27.006343      99.87 1.7470e+03    381.997       9169  1028.6577  1028.6555    34.0861    34.0834    8.21439         27 0.0000e+00
    264.000    261.100    -0.7109  27.873561    -0.7090  27.873067     4.9566     5.0300    -0.0205    95.2576 1.0000e-12  -74.17530 -113.34456  27.006356      83.78 1.7470e+03    383.136       9196  1028.6631  1028.6608    34.0871    34.0843    8.21369         28 0.0000e+00
    265.000    262.090    -0.7088  27.876111    -0.7069  27.875866     4.9559     5.0332    -0.0183    95.2529 1.0000e-12  -74.17530 -113.34458  27.006369      97.22 1.7470e+03    384.288       9224  1028.6683  1028.6661    34.0876    34.0851    8.21321         27 0.0000e+00
    266.000    263.078    -0.7075  27.878083    -0.7055  27.877743     4.9536     5.0330    -0.0111    95.2438 1.0000e-12  -74.17530 -113.34456  27.006382      99.87 1.7470e+03    385.438       9252  1028.6735  1028.6712    34.0882    34.0854    8.21290         28 0.0000e+00
    267.000    264.066    -0.7059  27.880174    -0.7044  27.879376     4.9577     5.0239    -0.0034    95.2386 1.0000e-12  -74.17530 -113.34457  27.006396      99.86 1.7470e+03    386.582       9279  1028.6785  1028.6762    34.0886    34.0858    8.21251         27 0.0000e+00
    268.000    265.053    -0.7027  27.884187    -0.7009  27.883573     4.9577     5.0263    -0.0058    95.2443 1.0000e-12  -74.17530 -113.34457  27.006409      99.87 1.7470e+03    387.722       9306  1028.6841  1028.6816    34.0898    34.0869    8.21175         27 0.0000e+00
    269.000    266.043    -0.7006  27.886716    -0.6985  27.886545     4.9514     5.0297    -0.0143    95.2642 1.0000e-12  -74.17530 -113.34457  27.006422      99.86 1.7470e+03    388.860       9334  1028.6891  1028.6869    34.0902    34.0876    8.21127         28 0.0000e+00
    270.000    267.031    -0.6983  27.889858    -0.6962  27.889503     4.9535     5.0257    -0.0169    95.2452 1.0000e-12  -74.17530 -113.34457  27.006435      99.87 1.7470e+03    390.003       9361  1028.6946  1028.6921    34.0913    34.0884    8.21071         27 0.0000e+00
    271.000    268.020    -0.6951  27.893843    -0.6931  27.893454     4.9536     5.0210    -0.0110    95.2308 1.0000e-12  -74.17530 -113.34456  27.006449      99.87 1.7469e+03    391.155       9389  1028.7001  1028.6977    34.0924    34.0896    8.20995         28 0.0000e+00
    272.000    269.008    -0.6937  27.896060    -0.6920  27.895558     4.9520     5.0248    -0.0098    95.2163 1.0000e-12  -74.17530 -113.34458  27.006462      99.86 1.7463e+03    392.304       9416  1028.7056  1028.7033    34.0933    34.0906    8.20960         28 0.0000e+00
    273.000    269.997    -0.6928  27.897648    -0.6910  27.897102     4.9554     5.0277    -0.0085    95.2288 1.0000e-12  -74.17530 -113.34458  27.006475      99.87 1.7459e+03    393.431       9443  1028.7107  1028.7084    34.0938    34.0910    8.20938         26 0.0000e+00
    274.000    270.984    -0.6930  27.897948    -0.6911  27.897695     4.9561     5.0257    -0.0058    95.2462 1.0000e-12  -74.17530 -113.34457  27.006488      99.87 1.7453e+03    394.543       9470  1028.7155  1028.7134    34.0938    34.0913    8.20941         27 0.0000e+00
    275.000    271.973    -0.6936  27.898006    -0.6915  27.897819     4.9519     5.0270    -0.0112    95.2280 1.0000e-12  -74.17530 -113.34457  27.006501      76.56 1.7450e+03    395.673       9497  1028.7205  1028.7183    34.0939    34.0913    8.20953         27 0.0000e+00
    276.000    272.961    -0.6928  27.899711    -0.6913  27.898861     4.9512     5.0272    -0.0124    95.2347 1.0000e-12  -74.17530 -113.34458  27.006514      89.50 1.7453e+03    396.822       9525  1028.7259  1028.7235    34.0947    34.0919    8.20932         28 0.0000e+00
    277.000    273.948    -0.6889  27.903978    -0.6870  27.903541     4.9460     5.0256    -0.0121    95.2429 1.0000e-12  -74.17530 -113.34458  27.006528      99.90 1.7453e+03    397.982       9553  1028.7310  1028.7287    34.0955    34.0928    8.20842         28 0.0000e+00
    278.000    274.939    -0.6847  27.908783    -0.6827  27.908258     4.9403     5.0170    -0.0119    95.2447 1.0000e-12  -74.17530 -113.34458  27.006541      99.87 1.7453e+03    399.137       9580  1028.7364  1028.7339    34.0966    34.0936    8.20745         28 0.0000e+00
    279.000    275.927    -0.6784  27.915657    -0.6762  27.915219     4.9379     5.0153    -0.0134    95.2227 1.0000e-12  -74.17530 -113.34458  27.006554      99.86 1.7455e+03    400.276       9608  1028.7420  1028.7394    34.0981    34.0951    8.20598         27 0.0000e+00
    280.000    276.914    -0.6736  27.921202    -0.6715  27.920808     4.9389     5.0136    -0.0114    95.2555 1.0000e-12  -74.17530 -113.34458  27.006567      99.87 1.7461e+03    401.391       9634  1028.7477  1028.7452    34.0997    34.0967    8.20487         26 0.0000e+00
    281.000    277.903    -0.6700  27.925913    -0.6680  27.925532     4.9415     5.0097    -0.0106    95.2374 1.0000e-12  -74.17530 -113.34458  27.006580      99.87 1.7457e+03    402.520       9661  1028.7535  1028.7513    34.1013    34.0986    8.20398         28 0.0000e+00
    282.000    278.891    -0.6693  27.927340    -0.6673  27.926939     4.9400     5.0153    -0.0107    95.2243 1.0000e-12  -74.17530 -113.34458  27.006593      99.87 1.7463e+03    403.665       9689  1028.7588  1028.7564    34.1018    34.0991    8.20380         27 0.0000e+00
    283.000    279.879    -0.6671  27.929906    -0.6649  27.929633     4.9370     5.0070    -0.0113    95.2374 1.0000e-12  -74.17529 -113.34457  27.006607      99.86 1.7455e+03    404.810       9716  1028.7638  1028.7613    34.1022    34.0994    8.20330         28 0.0000e+00
    284.000    280.869    -0.6655  27.931853    -0.6634  27.931531     4.9372     5.0101    -0.0177    95.2471 1.0000e-12  -74.17528 -113.34456  27.006620      99.87 1.7456e+03    405.953       9744  1028.7686  1028.7663    34.1024    34.0997    8.20294         27 0.0000e+00
    285.000    281.856    -0.6653  27.932400    -0.6632  27.932244     4.9355     5.0127    -0.0169    95.2271 1.0000e-12  -74.17528 -113.34456  27.006633      99.87 1.7459e+03    407.084       9771  1028.7734  1028.7712    34.1024    34.0998    8.20290         27 0.0000e+00
    286.000    282.845    -0.6656  27.932519    -0.6636  27.932169     4.9385     5.0125    -0.0134    95.2090 1.0000e-12  -74.17528 -113.34456  27.006646      99.87 1.7459e+03    408.207       9798  1028.7781  1028.7759    34.1022    34.0996    8.20297         27 0.0000e+00
    287.000    283.832    -0.6650  27.933831    -0.6630  27.933397     4.9396     5.0129    -0.0176    95.2263 1.0000e-12  -74.17528 -113.34456  27.006659      79.33 1.7458e+03    409.347       9825  1028.7833  1028.7808    34.1027    34.0998    8.20282         28 0.0000e+00
    288.000    284.822    -0.6654  27.933939    -0.6635  27.933548     4.9339     5.0121    -0.0106    95.2337 1.0000e-12  -74.17528 -113.34456  27.006673      94.29 1.7462e+03    410.511       9853  1028.7881  1028.7858    34.1027    34.1000    8.20290         28 0.0000e+00
    289.000    285.808    -0.6651  27.934736    -0.6632  27.934340     4.9408     5.0132    -0.0103    95.2291 1.0000e-12  -74.17528 -113.34456  27.006686      99.57 1.7455e+03    411.693       9882  1028.7930  1028.7907    34.1029    34.1002    8.20283         28 0.0000e+00
    290.000    286.797    -0.6620  27.938588    -0.6598  27.938394     4.9415     5.0135    -0.0048    95.2217 1.0000e-12  -74.17528 -113.34456  27.006700      99.87 1.7439e+03    412.867       9910  1028.7984  1028.7961    34.1039    34.1011    8.20209         28 0.0000e+00
    291.000    287.786    -0.6598  27.942563    -0.6579  27.942184     4.9398     5.0093    -0.0161    95.2338 1.0000e-12  -74.17528 -113.34456  27.006713      99.87 1.7451e+03    414.024       9938  1028.8048  1028.8027    34.1062    34.1036    8.20148         28 0.0000e+00
    292.000    288.774    -0.6557  27.947151    -0.6539  27.946551     4.9330     5.0081    -0.0112    95.2424 1.0000e-12  -74.17528 -113.34456  27.006726      99.87 1.7449e+03    415.167       9965  1028.8102  1028.8078    34.1072    34.1043    8.20055         27 0.0000e+00
    293.000    289.762    -0.6530  27.950161    -0.6507  27.949997     4.9295     5.0045    -0.0066    95.2346 1.0000e-12  -74.17528 -113.34456  27.006740      99.87 1.7453e+03    416.307       9992  1028.8151  1028.8127    34.1076    34.1048    8.19993         27 0.0000e+00
    294.000    290.751    -0.6492  27.954223    -0.6473  27.953705     4.9295     5.0060    -0.0006    95.2384 1.0000e-12  -74.17528 -113.34456  27.006753      99.87 1.7451e+03    417.454      10020  1028.8200  1028.8177    34.1081    34.1053    8.19907         28 0.0000e+00
    295.000    291.738    -0.6480  27.955826    -0.6464  27.955126     4.9309     4.9985    -0.0124    95.2434 1.0000e-12  -74.17528 -113.34456  27.006766      99.87 1.7438e+03    418.596      10047  1028.8250  1028.8226    34.1084    34.1056    8.19880         27 0.0000e+00
    296.000    292.728    -0.6476  27.956679    -0.6457  27.956321     4.9314     5.0027    -0.0161    95.2383 1.0000e-12  -74.17528 -113.34456  27.006779      99.87 1.7438e+03    419.732      10075  1028.8299  1028.8276    34.1085    34.1058    8.19872         28 0.0000e+00
    297.000    293.714    -0.6475  27.957223    -0.6458  27.956809     4.9369     5.0057    -0.0197    95.2174 1.0000e-12  -74.17528 -113.34456  27.006793      99.87 1.7441e+03    420.884      10102  1028.8347  1028.8326    34.1085    34.1060    8.19869         28 0.0000e+00
    298.000    294.704    -0.6479  27.958222    -0.6459  27.957958     4.9346     5.0070    -0.0137    95.2348 1.0000e-12  -74.17528 -113.34457  27.006806      91.64 1.7449e+03    422.044      10130  1028.8405  1028.8383    34.1097    34.1071    8.19871         27 0.0000e+00
