ocean_section_plots/required_files/ctd/dnbp2202_ctd143.cnv
* Sea-Bird SBE 9 Data File:
* FileName = D:\Data\raw\NBP2202_CTD143.hex
* Software Version Seasave V 7.26.7.121
* Temperature SN = 1649
* Conductivity SN = 2513
* Number of Bytes Per Scan = 40
* Number of Voltage Words = 5
* Number of Scans Averaged by the Deck Unit = 1
* NMEA Latitude = 74 06.98 S
* NMEA Longitude = 112 54.87 W
* NMEA UTC (Time) = Jan 30 2022  07:11:06
* NMEA baud rate = 9600
** Ship: RVIB N.B. Palmer
** Cruise: NBP2202 Thwaites
** Station: 71
** Operator: B. Bjork
# nquan = 28
# nvalues = 655                         
# units = specified
# name 0 = prDM: Pressure, Digiquartz [db]
# name 1 = depSM: Depth [salt water, m]
# name 2 = t090C: Temperature [ITS-90, deg C]
# name 3 = c0mS/cm: Conductivity [mS/cm]
# name 4 = t190C: Temperature, 2 [ITS-90, deg C]
# name 5 = c1mS/cm: Conductivity, 2 [mS/cm]
# name 6 = sbeox0ML/L: Oxygen, SBE 43 [ml/l]
# name 7 = sbeox1ML/L: Oxygen, SBE 43, 2 [ml/l]
# name 8 = flECO-AFL: Fluorescence, WET Labs ECO-AFL/FL [mg/m^3]
# name 9 = CStarTr0: Beam Transmission, WET Labs C-Star [%]
# name 10 = par: PAR/Irradiance, Biospherical/Licor
# name 11 = latitude: Latitude [deg]
# name 12 = longitude: Longitude [deg]
# name 13 = timeJ: Julian Days
# name 14 = altM: Altimeter [m]
# name 15 = spar: SPAR, Biospherical/Licor
# name 16 = timeS: Time, Elapsed [seconds]
# name 17 = scan: Scan Count
# name 18 = density00: Density [density, kg/m^3]
# name 19 = density11: Density, 2 [density, kg/m^3]
# name 20 = v3: Voltage 3
# name 21 = v4: Voltage 4
# name 22 = v5: Voltage 5
# name 23 = sal00: Salinity, Practical [PSU]
# name 24 = sal11: Salinity, Practical, 2 [PSU]
# name 25 = oxsolML/L: Oxygen Saturation, Garcia & Gordon [ml/l]
# name 26 = nbin: number of scans per bin
# name 27 = flag: flag
# span 0 =      2.000,    656.000       
# span 1 =      1.970,    648.187       
# span 2 =    -1.5569,     0.2872       
# span 3 =  27.015525,  29.168798       
# span 4 =    -1.5563,     0.2895       
# span 5 =  27.015127,  29.168649       
# span 6 =     4.6376,     9.1942       
# span 7 =     4.7255,     9.1653       
# span 8 =    -0.0194,    24.5163       
# span 9 =    69.4579,    93.3630       
# span 10 = -1.633e-05, 8.0754e+00      
# span 11 =  -74.11634,  -74.11632      
# span 12 = -112.91464, -112.91460      
# span 13 =  30.301797,  30.311374      
# span 14 =       3.06,     100.71      
# span 15 = 2.9969e+01, 4.4087e+01      
# span 16 =    209.315,   1036.736      
# span 17 =       5025,      24883      
# span 18 =  1027.1254,  1030.7529      
# span 19 =  1027.1260,  1030.7505      
# span 20 =     3.2956,     4.4291      
# span 21 =     0.0635,     3.8440      
# span 22 =     0.1223,     0.2462      
# span 23 =    33.7537,    34.4574      
# span 24 =    33.7511,    34.4547      
# span 25 =    7.98075,    8.40968      
# span 26 =          5,         76      
# span 27 = 0.0000e+00, 0.0000e+00      
# interval = decibars: 1                
# start_time = Jan 30 2022 07:11:06 [NMEA time, header]
# bad_flag = -9.990e-29
*END*
      2.000      1.970    -0.4241  27.745547    -0.3252  27.835683     9.0441     8.6428    13.6181    78.5780 8.0754e+00  -74.11634 -112.91462  30.301797      99.58 2.9969e+01    209.315       5025  1027.1254  1027.1260     3.7272     1.6952     0.2025    33.7537    33.7644    8.17084          5 0.0000e+00
      3.000      2.967    -0.5555  27.638783    -0.5626  27.629169     9.0686     8.6789    11.1514    78.9827 6.4582e+00  -74.11634 -112.91462  30.301895      99.45 2.9969e+01    217.751       5227  1027.1424  1027.1391     3.7473     1.7624     0.1853    33.7562    33.7511    8.19912         33 0.0000e+00
      4.000      3.959    -0.5762  27.622515    -0.5635  27.631056     9.0716     8.6893    10.0333    79.0379 5.0130e+00  -74.11634 -112.91462  30.301930      76.44 2.9969e+01    220.745       5299  1027.1489  1027.1459     3.7501     1.8475     0.1837    33.7567    33.7541    8.20356         42 0.0000e+00
      5.000      4.946    -0.5901  27.609220    -0.6079  27.593333     9.0745     8.7398     9.9586    78.4570 3.9793e+00  -74.11634 -112.91463  30.301967      95.56 2.9969e+01    223.967       5376  1027.1520  1027.1521     3.7228     1.7526     0.1836    33.7537    33.7522    8.20676         44 0.0000e+00
      6.000      5.938    -0.6576  27.554154    -0.6552  27.554859     9.0653     8.8255    10.7966    79.4457 3.2008e+00  -74.11634 -112.91463  30.302001      99.37 3.0798e+01    226.905       5447  1027.1613  1027.1598     3.7692     1.7655     0.1815    33.7542    33.7526    8.22138         49 0.0000e+00
      7.000      6.927    -0.6717  27.543246    -0.6648  27.547679     9.0733     8.9455     9.9929    79.9734 2.5781e+00  -74.11634 -112.91464  30.302033      99.41 3.1154e+01    229.670       5513  1027.1667  1027.1648     3.7941     1.5447     0.1621    33.7546    33.7529    8.22443         46 0.0000e+00
      8.000      7.918    -0.6650  27.549856    -0.6578  27.554237     9.1028     9.0365    11.0523    79.7180 2.0944e+00  -74.11634 -112.91464  30.302058      99.46 3.1724e+01    231.769       5563  1027.1712  1027.1691     3.7821     1.5091     0.1640    33.7555    33.7533    8.22293         42 0.0000e+00
      9.000      8.907    -0.6569  27.557142    -0.6623  27.552917     9.1942     9.1653    10.4042    78.2363 1.6790e+00  -74.11634 -112.91464  30.302081      99.43 3.1732e+01    233.797       5612  1027.1754  1027.1761     3.7121     1.5215     0.1768    33.7556    33.7560    8.22115         41 0.0000e+00
     10.000      9.896    -0.7242  27.516009    -0.7302  27.512253     9.1140     9.1487    12.5438    79.7198 1.3618e+00  -74.11634 -112.91464  30.302104      97.81 3.1732e+01    235.804       5660  1027.1999  1027.2017     3.7822     1.9201     0.1876    33.7747    33.7764    8.23472         44 0.0000e+00
     11.000     10.887    -0.8455  27.431349    -0.8470  27.429915     8.6257     8.7934    16.7096    78.6691 1.1061e+00  -74.11634 -112.91464  30.302128      99.61 3.1732e+01    237.822       5709  1027.2288  1027.2286     3.7326     2.4471     0.1766    33.7955    33.7952    8.26007         39 0.0000e+00
     12.000     11.875    -0.9409  27.354724    -0.9398  27.354615     8.3442     8.5511    23.8970    77.4385 8.7415e-01  -74.11634 -112.91464  30.302151      99.77 3.1732e+01    239.845       5757  1027.2403  1027.2392     3.6747     2.6885     0.1613    33.7978    33.7965    8.28089         46 0.0000e+00
     13.000     12.864    -0.9473  27.351800    -0.9460  27.352088     8.2882     8.4880    24.5163    73.4088 6.4371e-01  -74.11634 -112.91464  30.302175      99.81 3.1732e+01    241.883       5806  1027.2462  1027.2452     3.4829     2.6429     0.1908    33.8005    33.7994    8.28216         41 0.0000e+00
     14.000     13.855    -0.9404  27.360027    -0.9409  27.358913     8.2228     8.4278    24.0246    69.4579 4.4700e-01  -74.11634 -112.91464  30.302198      99.79 3.1732e+01    243.900       5855  1027.2517  1027.2509     3.2956     2.6172     0.1916    33.8032    33.8023    8.28047         46 0.0000e+00
     15.000     14.845    -0.9724  27.334668    -0.9735  27.333053     8.1441     8.3542    22.8042    70.6725 3.0894e-01  -74.11634 -112.91463  30.302221      99.94 3.1732e+01    245.889       5902  1027.2585  1027.2577     3.3533     3.1606     0.2188    33.8041    33.8032    8.28748         36 0.0000e+00
     16.000     15.835    -1.0043  27.309965    -1.0053  27.308613     8.1086     8.3122    22.6134    72.2002 2.1317e-01  -74.11634 -112.91463  30.302244      99.91 3.1732e+01    247.906       5951  1027.2657  1027.2652     3.4256     2.7331     0.2240    33.8057    33.8050    8.29442         31 0.0000e+00
     17.000     16.823    -1.0135  27.303733    -1.0131  27.303556     8.0898     8.2940    20.1235    70.8152 1.4529e-01  -74.11634 -112.91462  30.302267      99.39 3.1787e+01    249.878       5998  1027.2713  1027.2707     3.3601     3.8440     0.2065    33.8070    33.8063    8.29639         38 0.0000e+00
     18.000     17.812    -1.0149  27.304797    -1.0137  27.305241     8.0884     8.2755    19.6404    72.8243 9.4979e-02  -74.11634 -112.91462  30.302290      99.98 3.2719e+01    251.862       6046  1027.2775  1027.2768     3.4552     3.3059     0.2431    33.8095    33.8087    8.29656         41 0.0000e+00
     19.000     18.804    -1.0238  27.299043    -1.0227  27.299155     8.1004     8.2820    20.7563    72.8407 5.9208e-02  -74.11634 -112.91462  30.302313      99.96 3.3040e+01    253.873       6094  1027.2835  1027.2826     3.4562     3.1854     0.1946    33.8109    33.8099    8.29843         37 0.0000e+00
     20.000     19.792    -1.0155  27.307159    -1.0126  27.308447     8.1350     8.3164    20.3875    73.5642 3.2125e-02  -74.11634 -112.91462  30.302336      99.92 3.3479e+01    255.854       6141  1027.2883  1027.2869     3.4903     2.9242     0.1827    33.8120    33.8106    8.29653         42 0.0000e+00
     21.000     20.783    -0.9976  27.323813    -0.9956  27.323989     8.1638     8.3462    21.4591    72.6089 1.1275e-02  -74.11634 -112.91462  30.302359      99.93 3.3004e+01    257.845       6189  1027.2932  1027.2915     3.4447     2.9804     0.2117    33.8139    33.8119    8.29246         39 0.0000e+00
     22.000     21.771    -0.9851  27.335869    -0.9845  27.335141     8.1700     8.3489    21.2275    73.0430 2.6796e-04  -74.11634 -112.91462  30.302383      99.96 3.2655e+01    259.862       6238  1027.2986  1027.2972     3.4656     2.9989     0.2204    33.8157    33.8140    8.28960         42 0.0000e+00
     23.000     22.761    -0.9818  27.340094    -0.9810  27.339457     8.1514     8.3522    19.8247    72.7879 -1.633e-05  -74.11634 -112.91462  30.302405      97.13 3.3349e+01    261.833       6285  1027.3043  1027.3029     3.4534     3.5654     0.2195    33.8171    33.8154    8.28879         38 0.0000e+00
     24.000     23.751    -0.9857  27.336796    -0.9783  27.342387     8.1320     8.3449    18.2816    72.9083 1.0000e-12  -74.11634 -112.91462  30.302429     100.02 3.3209e+01    263.839       6333  1027.3089  1027.3078     3.4594     3.1561     0.2238    33.8164    33.8157    8.28969         31 0.0000e+00
     25.000     24.740    -0.9937  27.330576    -0.9929  27.330722     8.1177     8.3437    19.8072    72.2843 1.0000e-12  -74.11634 -112.91462  30.302452      99.96 3.2651e+01    265.832       6381  1027.3140  1027.3135     3.4296     3.0235     0.2249    33.8163    33.8156    8.29146         43 0.0000e+00
     26.000     25.730    -0.9965  27.329374    -0.9929  27.331161     8.1236     8.3255    19.9986    72.4955 1.0000e-12  -74.11634 -112.91462  30.302475      99.94 3.3468e+01    267.833       6429  1027.3197  1027.3182     3.4396     2.9660     0.2102    33.8172    33.8156    8.29203         41 0.0000e+00
     27.000     26.719    -0.9953  27.330516    -0.9927  27.331873     8.1075     8.3292    20.6100    72.2776 1.0000e-12  -74.11634 -112.91462  30.302498      99.96 3.3495e+01    269.805       6476  1027.3240  1027.3230     3.4292     3.1129     0.2204    33.8168    33.8157    8.29180         37 0.0000e+00
     28.000     27.708    -1.0005  27.327095    -0.9993  27.326987     8.1095     8.3256    19.1747    73.1130 1.0000e-12  -74.11634 -112.91462  30.302520      99.97 3.2437e+01    271.763       6523  1027.3296  1027.3284     3.4686     3.0391     0.2156    33.8174    33.8159    8.29291         43 0.0000e+00
     29.000     28.698    -0.9991  27.329840    -0.9973  27.330215     8.1047     8.3210    20.0742    72.5145 1.0000e-12  -74.11634 -112.91462  30.302544      99.99 3.3390e+01    273.766       6571  1027.3355  1027.3342     3.4405     3.1112     0.2024    33.8189    33.8174    8.29251         45 0.0000e+00
     30.000     29.688    -0.9960  27.334127    -0.9951  27.333800     8.0998     8.3155    19.0054    73.7904 1.0000e-12  -74.11634 -112.91462  30.302567      99.43 3.3744e+01    275.758       6619  1027.3415  1027.3403     3.5011     2.9933     0.1875    33.8207    33.8192    8.29173         40 0.0000e+00
     31.000     30.677    -0.9965  27.334952    -0.9958  27.334541     8.0975     8.3131    18.7955    73.2276 1.0000e-12  -74.11634 -112.91462  30.302589     100.01 3.2534e+01    277.679       6665  1027.3471  1027.3461     3.4743     3.0445     0.2055    33.8216    33.8204    8.29176         36 0.0000e+00
     32.000     31.667    -0.9981  27.334270    -0.9964  27.334565     8.0816     8.3105    17.4790    72.6151 1.0000e-12  -74.11634 -112.91462  30.302612      99.96 3.3818e+01    279.663       6713  1027.3522  1027.3509     3.4452     3.1365     0.2092    33.8219    33.8204    8.29210         35 0.0000e+00
     33.000     32.655    -1.0001  27.333122    -0.9986  27.333288     8.0951     8.3128    17.8293    72.4737 1.0000e-12  -74.11634 -112.91462  30.302635      99.97 3.3866e+01    281.658       6761  1027.3572  1027.3560     3.4389     3.2810     0.2016    33.8221    33.8206    8.29255         33 0.0000e+00
     34.000     33.645    -0.9952  27.338106    -0.9942  27.337771     8.0940     8.3116    19.3234    73.2729 1.0000e-12  -74.11634 -112.91462  30.302658      99.98 3.3066e+01    283.626       6808  1027.3622  1027.3608     3.4762     3.3151     0.2009    33.8227    33.8210    8.29143         46 0.0000e+00
     35.000     34.635    -0.9977  27.336660    -0.9970  27.336294     8.0614     8.2884    20.3116    72.9161 1.0000e-12  -74.11634 -112.91462  30.302681      99.95 3.4721e+01    285.623       6856  1027.3673  1027.3663     3.4597     3.1383     0.2351    33.8229    33.8216    8.29196         34 0.0000e+00
     36.000     35.626    -1.0090  27.327735    -1.0083  27.327333     8.0555     8.2799    20.1913    72.6477 1.0000e-12  -74.11634 -112.91462  30.302704      96.09 3.4469e+01    287.637       6904  1027.3728  1027.3717     3.4468     2.9413     0.2109    33.8228    33.8215    8.29446         42 0.0000e+00
     37.000     36.614    -1.0095  27.328411    -1.0084  27.328092     8.0630     8.2834    17.3428    72.9050 1.0000e-12  -74.11634 -112.91462  30.302727     100.01 3.3043e+01    289.586       6951  1027.3782  1027.3769     3.4588     3.4100     0.2430    33.8237    33.8221    8.29452         45 0.0000e+00
     38.000     37.603    -1.0027  27.335348    -1.0007  27.335777     8.0681     8.2699    18.5521    72.5346 1.0000e-12  -74.11634 -112.91462  30.302749      99.96 3.4358e+01    291.535       6998  1027.3835  1027.3821     3.4415     3.1212     0.2321    33.8248    33.8232    8.29295         43 0.0000e+00
     39.000     38.594    -1.0049  27.334444    -1.0046  27.333816     8.0345     8.2594    18.9862    72.8396 1.0000e-12  -74.11634 -112.91462  30.302772      99.98 3.5296e+01    293.530       7046  1027.3889  1027.3880     3.4556     3.3068     0.2170    33.8255    33.8243    8.29340         38 0.0000e+00
     40.000     39.582    -1.0157  27.326044    -1.0180  27.323396     8.0123     8.2393    19.0285    72.7297 1.0000e-12  -74.11634 -112.91462  30.302795      99.95 3.3630e+01    295.504       7093  1027.3945  1027.3938     3.4504     3.1112     0.2165    33.8256    33.8245    8.29579         43 0.0000e+00
     41.000     40.572    -1.0255  27.318268    -1.0217  27.320707     8.0031     8.2299    18.6833    72.8934 1.0000e-12  -74.11634 -112.91462  30.302818      99.98 3.4673e+01    297.462       7140  1027.3997  1027.3986     3.4583     3.3294     0.2140    33.8254    33.8244    8.29796         41 0.0000e+00
     42.000     41.561    -1.0325  27.313355    -1.0305  27.313820     7.9964     8.2170    18.4832    71.8560 1.0000e-12  -74.11634 -112.91462  30.302841      99.97 3.5353e+01    299.450       7188  1027.4052  1027.4038     3.4094     3.0654     0.2180    33.8260    33.8243    8.29948         40 0.0000e+00
     43.000     42.550    -1.0401  27.306920    -1.0330  27.312068     7.9603     8.1862    18.4421    71.7991 1.0000e-12  -74.11634 -112.91462  30.302864      98.48 3.4109e+01    301.444       7236  1027.4098  1027.4085     3.4066     2.9304     0.2028    33.8252    33.8242    8.30121         42 0.0000e+00
     44.000     43.541    -1.0593  27.290950    -1.0575  27.291884     7.9339     8.1564    18.6577    72.2074 1.0000e-12  -74.11634 -112.91462  30.302886      99.92 3.4150e+01    303.383       7282  1027.4149  1027.4143     3.4260     2.8908     0.2168    33.8243    33.8236    8.30550         43 0.0000e+00
     45.000     44.529    -1.0684  27.284562    -1.0678  27.283916     7.9319     8.1462    17.1105    72.9296 1.0000e-12  -74.11634 -112.91462  30.302910      99.95 3.5307e+01    305.387       7330  1027.4208  1027.4196     3.4598     2.8960     0.1917    33.8252    33.8237    8.30746         39 0.0000e+00
     46.000     45.519    -1.0716  27.282194    -1.0693  27.283200     7.9299     8.1454    16.2036    73.2034 1.0000e-12  -74.11634 -112.91463  30.302933      99.90 3.5465e+01    307.387       7378  1027.4253  1027.4243     3.4731     2.7194     0.1708    33.8250    33.8238    8.30818         43 0.0000e+00
     47.000     46.508    -1.0763  27.279162    -1.0754  27.278719     7.9289     8.1463    17.1488    73.5195 1.0000e-12  -74.11634 -112.91463  30.302955      99.79 3.3591e+01    309.344       7425  1027.4307  1027.4294     3.4882     2.5584     0.1868    33.8256    33.8239    8.30920         43 0.0000e+00
     48.000     47.498    -1.0780  27.278493    -1.0771  27.278243     7.9469     8.1661    15.4000    74.3009 1.0000e-12  -74.11634 -112.91463  30.302978      99.80 3.5530e+01    311.334       7473  1027.4358  1027.4346     3.5253     2.5238     0.2046    33.8260    33.8246    8.30956         41 0.0000e+00
     49.000     48.488    -1.0708  27.285915    -1.0696  27.285618     7.9679     8.1763    15.2181    74.6322 1.0000e-12  -74.11634 -112.91463  30.303001      96.67 3.5345e+01    313.305       7520  1027.4411  1027.4396     3.5404     2.6365     0.2236    33.8273    33.8256    8.30788         41 0.0000e+00
     50.000     49.477    -1.0690  27.287963    -1.0679  27.287795     7.9694     8.1845    15.6861    73.3130 1.0000e-12  -74.11634 -112.91463  30.303024      99.79 3.3958e+01    315.303       7568  1027.4458  1027.4446     3.4784     2.9048     0.2129    33.8275    33.8260    8.30747         40 0.0000e+00
     51.000     50.466    -1.0693  27.288393    -1.0671  27.289011     7.9876     8.1966    15.9954    75.0760 1.0000e-12  -74.11634 -112.91463  30.303047      99.91 3.5705e+01    317.266       7615  1027.4508  1027.4494     3.5618     2.8029     0.1826    33.8277    33.8261    8.30751         38 0.0000e+00
     52.000     51.455    -1.0638  27.293611    -1.0642  27.291954     8.0226     8.2229    16.8551    74.7749 1.0000e-12  -74.11634 -112.91463  30.303070      99.89 3.5187e+01    319.224       7662  1027.4556  1027.4542     3.5477     2.8431     0.2176    33.8281    33.8263    8.30629         42 0.0000e+00
