ocean_section_plots/required_files/ctd/dnbp2202_ctd055.cnv
* Sea-Bird SBE 9 Data File:
* FileName = D:\Data\raw\NBP2202_CTD055.hex
* Software Version Seasave V 7.26.7.121
* Temperature SN = 1649
* Conductivity SN = 2513
* Number of Bytes Per Scan = 40
* Number of Voltage Words = 5
* Number of Scans Averaged by the Deck Unit = 1
* NMEA Latitude = 74 13.98 S
* NMEA Longitude = 112 24.77 W
* NMEA UTC (Time) = Jan 24 2022  13:35:25
* NMEA baud rate = 9600
** Ship: RVIB N.B. Palmer
** Cruise: NBP2202 Thwaites
** Station: Section Dotson C
** Operator: B Bjork
# nquan = 25
# nvalues = 1009                        
# units = specified
# name 0 = prDM: Pressure, Digiquartz [db]
# name 1 = depSM: Depth [salt water, m]
# name 2 = t090C: Temperature [ITS-90, deg C]
# name 3 = c0mS/cm: Conductivity [mS/cm]
# name 4 = t190C: Temperature, 2 [ITS-90, deg C]
# name 5 = c1mS/cm: Conductivity, 2 [mS/cm]
# name 6 = sbeox0ML/L: Oxygen, SBE 43 [ml/l]
# name 7 = sbeox1ML/L: Oxygen, SBE 43, 2 [ml/l]
# name 8 = flECO-AFL: Fluorescence, WET Labs ECO-AFL/FL [mg/m^3]
# name 9 = CStarTr0: Beam Transmission, WET Labs C-Star [%]
# name 10 = par: PAR/Irradiance, Biospherical/Licor
# name 11 = latitude: Latitude [deg]
# name 12 = longitude: Longitude [deg]
# name 13 = timeJ: Julian Days
# name 14 = altM: Altimeter [m]
# name 15 = spar: SPAR, Biospherical/Licor
# name 16 = timeS: Time, Elapsed [seconds]
# name 17 = scan: Scan Count
# name 18 = density00: Density [density, kg/m^3]
# name 19 = density11: Density, 2 [density, kg/m^3]
# name 20 = sal00: Salinity, Practical [PSU]
# name 21 = sal11: Salinity, Practical, 2 [PSU]
# name 22 = oxsolML/L: Oxygen Saturation, Garcia & Gordon [ml/l]
# name 23 = nbin: number of scans per bin
# name 24 = flag: flag
# span 0 =      2.000,   1010.000       
# span 1 =      1.979,    997.114       
# span 2 =    -1.5347,     0.4999       
# span 3 =  27.089966,  29.574781       
# span 4 =    -1.5359,     0.5020       
# span 5 =  27.089594,  29.574536       
# span 6 =     4.5944,     8.6862       
# span 7 =     4.7899,     9.0377       
# span 8 =    -0.0158,    27.4647       
# span 9 =    68.6283,    97.0495       
# span 10 = -6.377e-06, 4.9381e+02      
# span 11 =  -74.23314,  -74.23312      
# span 12 = -112.41294, -112.41290      
# span 13 =  24.568451,  24.583627      
# span 14 =       4.95,      99.99      
# span 15 = 5.9762e+02, 1.1390e+03      
# span 16 =    189.166,   1500.326      
# span 17 =       4541,      36009      
# span 18 =  1027.1722,  1032.4620      
# span 19 =  1027.1758,  1032.4599      
# span 20 =    33.7767,    34.5489      
# span 21 =    33.7808,    34.5463      
# span 22 =    7.93183,    8.40200      
# span 23 =         20,         48      
# span 24 = 0.0000e+00, 0.0000e+00      
# interval = decibars: 1                
# start_time = Jan 24 2022 13:35:25 [NMEA time, header]
# bad_flag = -9.990e-29
*END*
[from data line 870]
    872.000    861.162     0.4312  29.439813     0.4331  29.439624     4.6366     4.8460    -0.0017    96.9456 1.0000e-12  -74.23314 -112.41292  24.580845      99.75 1.1355e+03   1260.039      30242  1031.8079  1031.8057    34.5271    34.5247    7.94716         29 0.0000e+00
    873.000    862.150     0.4316  29.440558     0.4335  29.440375     4.6372     4.8460    -0.0004    96.9916 1.0000e-12  -74.23314 -112.41292  24.580859      99.74 1.1263e+03   1261.218      30270  1031.8125  1031.8104    34.5271    34.5247    7.94708         28 0.0000e+00
    874.000    863.134     0.4314  29.441023     0.4335  29.440946     4.6391     4.8417    -0.0007    96.9791 1.0000e-12  -74.23314 -112.41292  24.580873      99.73 1.1129e+03   1262.400      30299  1031.8173  1031.8152    34.5273    34.5248    7.94710         28 0.0000e+00
    875.000    864.120     0.4316  29.441564     0.4336  29.441393     4.6435     4.8356    -0.0039    96.9748 1.0000e-12  -74.23314 -112.41292  24.580886      99.74 1.0956e+03   1263.590      30327  1031.8219  1031.8198    34.5272    34.5248    7.94706         29 0.0000e+00
    876.000    865.104     0.4318  29.442399     0.4339  29.442141     4.6384     4.8439    -0.0114    96.9634 1.0000e-12  -74.23314 -112.41292  24.580900      99.74 1.0742e+03   1264.784      30356  1031.8269  1031.8245    34.5275    34.5248    7.94700         29 0.0000e+00
    877.000    866.091     0.4321  29.443096     0.4342  29.442814     4.6406     4.8468    -0.0005    97.0081 1.0000e-12  -74.23314 -112.41292  24.580914      81.88 1.0484e+03   1265.968      30384  1031.8315  1031.8292    34.5276    34.5248    7.94695         28 0.0000e+00
    878.000    867.076     0.4321  29.443409     0.4341  29.443178     4.6418     4.8439    -0.0041    96.9947 1.0000e-12  -74.23314 -112.41292  24.580928      97.50 1.0223e+03   1267.150      30413  1031.8361  1031.8339    34.5274    34.5248    7.94696         28 0.0000e+00
    879.000    868.062     0.4336  29.445689     0.4358  29.445531     4.6384     4.8384    -0.0051    96.9780 1.0000e-12  -74.23314 -112.41292  24.580941      99.77 9.9774e+02   1268.327      30441  1031.8411  1031.8388    34.5281    34.5254    7.94661         28 0.0000e+00
    880.000    869.047     0.4354  29.448113     0.4374  29.447902     4.6374     4.8437    -0.0056    97.0062 1.0000e-12  -74.23314 -112.41292  24.580955      99.74 9.7745e+02   1269.494      30469  1031.8461  1031.8439    34.5287    34.5261    7.94620         28 0.0000e+00
    881.000    870.033     0.4357  29.448882     0.4376  29.448605     4.6397     4.8449    -0.0090    97.0133 1.0000e-12  -74.23314 -112.41292  24.580968      99.74 9.6465e+02   1270.660      30497  1031.8508  1031.8487    34.5288    34.5263    7.94614         28 0.0000e+00
    882.000    871.017     0.4359  29.449566     0.4379  29.449339     4.6381     4.8448    -0.0087    96.9908 1.0000e-12  -74.23314 -112.41292  24.580982      99.74 9.5754e+02   1271.834      30525  1031.8555  1031.8534    34.5289    34.5264    7.94608         29 0.0000e+00
    883.000    872.004     0.4360  29.450074     0.4379  29.449797     4.6368     4.8436    -0.0031    97.0076 1.0000e-12  -74.23314 -112.41292  24.580995      99.74 9.5288e+02   1272.998      30553  1031.8602  1031.8580    34.5288    34.5264    7.94606         27 0.0000e+00
    884.000    872.990     0.4359  29.450394     0.4378  29.450039     4.6362     4.8444    -0.0072    96.9955 1.0000e-12  -74.23314 -112.41292  24.581009      99.74 9.4863e+02   1274.160      30581  1031.8648  1031.8627    34.5288    34.5263    7.94608         28 0.0000e+00
    885.000    873.974     0.4360  29.450939     0.4380  29.450755     4.6355     4.8405    -0.0016    96.9873 1.0000e-12  -74.23314 -112.41292  24.581022      99.74 9.4484e+02   1275.331      30609  1031.8696  1031.8674    34.5289    34.5264    7.94607         28 0.0000e+00
    886.000    874.960     0.4362  29.451572     0.4383  29.451418     4.6373     4.8431    -0.0080    97.0177 1.0000e-12  -74.23314 -112.41292  24.581036      99.74 9.4343e+02   1276.511      30637  1031.8742  1031.8720    34.5289    34.5263    7.94602         29 0.0000e+00
    887.000    875.946     0.4385  29.454685     0.4407  29.454461     4.6296     4.8414     0.0008    97.0095 1.0000e-12  -74.23314 -112.41292  24.581050      99.74 9.4236e+02   1277.701      30666  1031.8794  1031.8770    34.5298    34.5271    7.94549         29 0.0000e+00
    888.000    876.931     0.4393  29.455872     0.4414  29.455686     4.6300     4.8363     0.0116    97.0095 1.0000e-12  -74.23314 -112.41292  24.581064      91.59 9.4145e+02   1278.892      30694  1031.8841  1031.8818    34.5299    34.5274    7.94533         28 0.0000e+00
    889.000    877.915     0.4408  29.457967     0.4427  29.457544     4.6369     4.8405    -0.0022    97.0123 1.0000e-12  -74.23314 -112.41292  24.581077      96.28 9.3917e+02   1280.064      30723  1031.8890  1031.8867    34.5305    34.5277    7.94500         28 0.0000e+00
    890.000    878.903     0.4418  29.459595     0.4440  29.459382     4.6304     4.8429    -0.0080    97.0095 1.0000e-12  -74.23314 -112.41292  24.581091      99.73 9.3471e+02   1281.228      30750  1031.8938  1031.8916    34.5308    34.5282    7.94476         28 0.0000e+00
    891.000    879.887     0.4425  29.460616     0.4444  29.460318     4.6341     4.8435    -0.0051    97.0187 1.0000e-12  -74.23314 -112.41292  24.581104      99.73 9.2622e+02   1282.403      30779  1031.8985  1031.8963    34.5309    34.5283    7.94462         28 0.0000e+00
    892.000    880.872     0.4428  29.461458     0.4448  29.461258     4.6352     4.8356    -0.0072    97.0018 1.0000e-12  -74.23314 -112.41292  24.581118      99.74 9.1353e+02   1283.588      30807  1031.9032  1031.9012    34.5310    34.5285    7.94454         28 0.0000e+00
    893.000    881.858     0.4432  29.462352     0.4451  29.462090     4.6337     4.8351    -0.0080    97.0204 1.0000e-12  -74.23314 -112.41291  24.581132      99.74 8.9850e+02   1284.766      30835  1031.9081  1031.9059    34.5312    34.5287    7.94446         29 0.0000e+00
    894.000    882.844     0.4434  29.463044     0.4453  29.462759     4.6336     4.8358    -0.0059    96.9959 1.0000e-12  -74.23314 -112.41291  24.581145      99.74 8.8151e+02   1285.929      30863  1031.9128  1031.9107    34.5313    34.5288    7.94441         28 0.0000e+00
    895.000    883.828     0.4434  29.463662     0.4454  29.463380     4.6348     4.8375    -0.0090    96.9921 1.0000e-12  -74.23314 -112.41290  24.581159      99.74 8.6495e+02   1287.095      30891  1031.9177  1031.9154    34.5316    34.5289    7.94440         28 0.0000e+00
    896.000    884.814     0.4443  29.465253     0.4463  29.464982     4.6343     4.8357    -0.0077    97.0021 1.0000e-12  -74.23314 -112.41292  24.581172      99.74 8.4937e+02   1288.268      30919  1031.9226  1031.9204    34.5320    34.5294    7.94418         28 0.0000e+00
    897.000    885.800     0.4450  29.466449     0.4469  29.466116     4.6341     4.8340    -0.0024    97.0198 1.0000e-12  -74.23314 -112.41292  24.581186      99.74 8.3649e+02   1289.448      30948  1031.9275  1031.9252    34.5323    34.5297    7.94403         28 0.0000e+00
    898.000    886.785     0.4457  29.467384     0.4475  29.467155     4.6321     4.8336    -0.0004    97.0270 1.0000e-12  -74.23314 -112.41292  24.581199      99.74 8.2655e+02   1290.618      30976  1031.9320  1031.9299    34.5322    34.5298    7.94390         28 0.0000e+00
    899.000    887.771     0.4459  29.468217     0.4479  29.468007     4.6270     4.8356     0.0059    97.0307 1.0000e-12  -74.23314 -112.41292  24.581213      84.22 8.1890e+02   1291.783      31004  1031.9368  1031.9346    34.5324    34.5299    7.94383         28 0.0000e+00
    900.000    888.756     0.4475  29.470395     0.4496  29.470341     4.6347     4.8350    -0.0006    97.0210 1.0000e-12  -74.23314 -112.41292  24.581226      90.87 8.1216e+02   1292.955      31032  1031.9417  1031.9396    34.5329    34.5305    7.94348         29 0.0000e+00
    901.000    889.741     0.4484  29.471786     0.4504  29.471614     4.6349     4.8372    -0.0074    96.9857 1.0000e-12  -74.23314 -112.41292  24.581240      96.81 8.0727e+02   1294.124      31060  1031.9464  1031.9444    34.5331    34.5307    7.94327         27 0.0000e+00
    902.000    890.726     0.4486  29.472474     0.4503  29.471993     4.6287     4.8336     0.0042    96.9967 1.0000e-12  -74.23314 -112.41292  24.581253      99.77 8.0345e+02   1295.284      31088  1031.9512  1031.9491    34.5333    34.5307    7.94324         28 0.0000e+00
    903.000    891.712     0.4493  29.473782     0.4513  29.473465     4.6317     4.8350    -0.0132    96.9976 1.0000e-12  -74.23314 -112.41292  24.581267      99.74 8.0094e+02   1296.456      31116  1031.9561  1031.9538    34.5336    34.5309    7.94306         28 0.0000e+00
    904.000    892.698     0.4498  29.474608     0.4516  29.474344     4.6360     4.8254    -0.0003    97.0024 1.0000e-12  -74.23314 -112.41292  24.581280      99.74 7.9857e+02   1297.634      31144  1031.9607  1031.9587    34.5336    34.5312    7.94297         29 0.0000e+00
    905.000    893.683     0.4499  29.475150     0.4518  29.474919     4.6304     4.8329    -0.0009    97.0021 1.0000e-12  -74.23314 -112.41292  24.581294      55.01 7.9637e+02   1298.819      31173  1031.9654  1031.9633    34.5336    34.5311    7.94294         28 0.0000e+00
    906.000    894.668     0.4498  29.475527     0.4518  29.475367     4.6304     4.8337    -0.0039    97.0015 1.0000e-12  -74.23314 -112.41292  24.581308      99.67 7.9476e+02   1299.998      31201  1031.9700  1031.9680    34.5336    34.5312    7.94296         29 0.0000e+00
    907.000    895.654     0.4496  29.475767     0.4518  29.475701     4.6298     4.8355    -0.0077    96.9857 1.0000e-12  -74.23314 -112.41292  24.581321      99.74 7.9252e+02   1301.166      31229  1031.9748  1031.9726    34.5336    34.5311    7.94300         27 0.0000e+00
    908.000    896.639     0.4496  29.476184     0.4514  29.475814     4.6337     4.8361    -0.0077    97.0015 1.0000e-12  -74.23314 -112.41292  24.581335      99.74 7.9056e+02   1302.332      31257  1031.9795  1031.9772    34.5336    34.5311    7.94301         28 0.0000e+00
    909.000    897.624     0.4492  29.476238     0.4510  29.475786     4.6313     4.8363    -0.0077    97.0166 1.0000e-12  -74.23314 -112.41292  24.581348      99.74 7.8855e+02   1303.502      31285  1031.9841  1031.9819    34.5336    34.5309    7.94310         29 0.0000e+00
    910.000    898.609     0.4491  29.476468     0.4510  29.476081     4.6284     4.8312    -0.0090    97.0242 1.0000e-12  -74.23314 -112.41291  24.581362      90.55 7.8808e+02   1304.680      31313  1031.9887  1031.9864    34.5334    34.5308    7.94313         28 0.0000e+00
    911.000    899.595     0.4501  29.478022     0.4518  29.477499     4.6293     4.8314    -0.0080    97.0008 1.0000e-12  -74.23314 -112.41291  24.581376      88.03 7.8759e+02   1305.863      31342  1031.9935  1031.9912    34.5337    34.5311    7.94290         29 0.0000e+00
    912.000    900.580     0.4505  29.478840     0.4529  29.479048     4.6315     4.8283    -0.0090    97.0184 1.0000e-12  -74.23314 -112.41291  24.581389      99.60 7.8676e+02   1307.046      31370  1031.9982  1031.9960    34.5337    34.5314    7.94281         28 0.0000e+00
    913.000    901.566     0.4506  29.479542     0.4526  29.479228     4.6267     4.8321    -0.0012    97.0013 1.0000e-12  -74.23314 -112.41292  24.581403      99.74 7.8707e+02   1308.224      31398  1032.0029  1032.0007    34.5339    34.5314    7.94277         28 0.0000e+00
    914.000    902.551     0.4522  29.481539     0.4543  29.481454     4.6280     4.8326    -0.0090    97.0178 1.0000e-12  -74.23314 -112.41290  24.581417      99.74 7.8713e+02   1309.397      31427  1032.0077  1032.0056    34.5343    34.5318    7.94244         28 0.0000e+00
    915.000    903.536     0.4525  29.482275     0.4546  29.482136     4.6328     4.8312    -0.0150    96.9813 1.0000e-12  -74.23314 -112.41291  24.581430      99.38 7.8794e+02   1310.575      31455  1032.0124  1032.0102    34.5343    34.5318    7.94237         29 0.0000e+00
    916.000    904.521     0.4525  29.482700     0.4545  29.482521     4.6281     4.8347    -0.0083    97.0253 1.0000e-12  -74.23314 -112.41291  24.581444      98.86 7.8801e+02   1311.752      31483  1032.0171  1032.0149    34.5343    34.5318    7.94238         28 0.0000e+00
    917.000    905.506     0.4526  29.483243     0.4546  29.483001     4.6316     4.8321    -0.0064    97.0233 1.0000e-12  -74.23314 -112.41291  24.581457      97.93 7.8820e+02   1312.924      31511  1032.0217  1032.0195    34.5343    34.5318    7.94235         28 0.0000e+00
    918.000    906.492     0.4529  29.483925     0.4548  29.483738     4.6329     4.8304    -0.0007    97.0169 1.0000e-12  -74.23314 -112.41292  24.581471      96.89 7.8988e+02   1314.093      31539  1032.0264  1032.0243    34.5343    34.5319    7.94229         28 0.0000e+00
    919.000    907.478     0.4530  29.484577     0.4551  29.484374     4.6239     4.8275    -0.0009    97.0123 1.0000e-12  -74.23314 -112.41290  24.581485      95.94 7.9164e+02   1315.263      31567  1032.0311  1032.0289    34.5344    34.5319    7.94225         28 0.0000e+00
    920.000    908.463     0.4532  29.485129     0.4551  29.484891     4.6260     4.8295    -0.0040    96.9994 1.0000e-12  -74.23314 -112.41292  24.581498      94.87 7.9392e+02   1316.432      31595  1032.0358  1032.0336    34.5345    34.5320    7.94223         28 0.0000e+00
    921.000    909.447     0.4532  29.485718     0.4552  29.485506     4.6216     4.8291    -0.0082    97.0215 1.0000e-12  -74.23314 -112.41291  24.581512      93.85 7.9702e+02   1317.609      31624  1032.0406  1032.0383    34.5346    34.5321    7.94221         28 0.0000e+00
    922.000    910.434     0.4536  29.486601     0.4557  29.486418     4.6228     4.8311     0.0006    96.9989 1.0000e-12  -74.23314 -112.41291  24.581525      92.92 8.0089e+02   1318.790      31652  1032.0453  1032.0431    34.5347    34.5322    7.94212         29 0.0000e+00
    923.000    911.417     0.4545  29.487944     0.4564  29.487786     4.6242     4.8331     0.0014    97.0167 1.0000e-12  -74.23314 -112.41290  24.581539      91.87 8.0447e+02   1319.968      31680  1032.0500  1032.0480    34.5350    34.5326    7.94193         28 0.0000e+00
    924.000    912.405     0.4548  29.488665     0.4567  29.488432     4.6281     4.8330     0.0048    97.0214 1.0000e-12  -74.23314 -112.41290  24.581553      90.85 8.0878e+02   1321.145      31708  1032.0547  1032.0526    34.5350    34.5326    7.94186         28 0.0000e+00
    925.000    913.387     0.4550  29.489418     0.4570  29.489220     4.6312     4.8332     0.0010    96.9911 1.0000e-12  -74.23314 -112.41290  24.581566      89.91 8.1287e+02   1322.318      31737  1032.0595  1032.0574    34.5352    34.5327    7.94181         27 0.0000e+00
    926.000    914.374     0.4553  29.490304     0.4573  29.490079     4.6289     4.8311    -0.0136    97.0090 1.0000e-12  -74.23314 -112.41290  24.581580      88.80 8.1699e+02   1323.490      31765  1032.0643  1032.0621    34.5354    34.5329    7.94173         28 0.0000e+00
    927.000    915.360     0.4563  29.491907     0.4583  29.491645     4.6279     4.8228    -0.0102    97.0067 1.0000e-12  -74.23314 -112.41290  24.581593      87.80 8.2173e+02   1324.659      31793  1032.0691  1032.0670    34.5358    34.5333    7.94150         27 0.0000e+00
    928.000    916.345     0.4581  29.494359     0.4602  29.494123     4.6303     4.8228    -0.0092    97.0282 1.0000e-12  -74.23314 -112.41290  24.581607      86.86 8.2467e+02   1325.836      31821  1032.0741  1032.0719    34.5364    34.5338    7.94110         29 0.0000e+00
