ocean_section_plots/required_files/ctd/dnbp2202_ctd090.cnv
* Sea-Bird SBE 9 Data File:
* FileName = D:\Data\raw\NBP2202_CTD090.hex
* Software Version Seasave V 7.26.7.121
* Temperature SN = 1649
* Conductivity SN = 2513
* Number of Bytes Per Scan = 40
* Number of Voltage Words = 5
* Number of Scans Averaged by the Deck Unit = 1
* NMEA Latitude = 74 10.51 S
* NMEA Longitude = 113 20.67 W
* NMEA UTC (Time) = Jan 26 2022  21:43:00
* NMEA baud rate = 9600
** Ship: RVIB N.B. Palmer
** Cruise: NBP2202 Thwaites
** Station: YoYo001
** Operator: A. Robinson
# nquan = 25
# nvalues = 607                         
# units = specified
# name 0 = prDM: Pressure, Digiquartz [db]
# name 1 = depSM: Depth [salt water, m]
# name 2 = t090C: Temperature [ITS-90, deg C]
# name 3 = c0mS/cm: Conductivity [mS/cm]
# name 4 = t190C: Temperature, 2 [ITS-90, deg C]
# name 5 = c1mS/cm: Conductivity, 2 [mS/cm]
# name 6 = sbeox0ML/L: Oxygen, SBE 43 [ml/l]
# name 7 = sbeox1ML/L: Oxygen, SBE 43, 2 [ml/l]
# name 8 = flECO-AFL: Fluorescence, WET Labs ECO-AFL/FL [mg/m^3]
# name 9 = CStarTr0: Beam Transmission, WET Labs C-Star [%]
# name 10 = par: PAR/Irradiance, Biospherical/Licor
# name 11 = latitude: Latitude [deg]
# name 12 = longitude: Longitude [deg]
# name 13 = timeJ: Julian Days
# name 14 = altM: Altimeter [m]
# name 15 = spar: SPAR, Biospherical/Licor
# name 16 = timeS: Time, Elapsed [seconds]
# name 17 = scan: Scan Count
# name 18 = density00: Density [density, kg/m^3]
# name 19 = density11: Density, 2 [density, kg/m^3]
# name 20 = sal00: Salinity, Practical [PSU]
# name 21 = sal11: Salinity, Practical, 2 [PSU]
# name 22 = oxsolML/L: Oxygen Saturation, Garcia & Gordon [ml/l]
# name 23 = nbin: number of scans per bin
# name 24 = flag: flag
# span 0 =     10.000,    616.000       
# span 1 =      9.895,    608.712       
# span 2 =    -1.5465,     0.1097       
# span 3 =  26.905264,  28.945314       
# span 4 =    -1.5453,     0.1119       
# span 5 =  26.905308,  28.945288       
# span 6 =     4.6816,     9.0524       
# span 7 =     4.7497,     8.9006       
# span 8 =    -0.0222,    29.4143       
# span 9 =    66.7346,    95.5767       
# span 10 = -3.583e-05, 7.1016e+01      
# span 11 =  -74.17530,  -74.17530      
# span 12 = -113.34460, -113.34458      
# span 13 =  26.905245,  26.913685      
# span 14 =       5.01,     100.05      
# span 15 = 1.8848e+03, 1.9033e+03      
# span 16 =     33.186,    762.409      
# span 17 =        797,      18299      
# span 18 =  1027.2231,  1030.5210      
# span 19 =  1027.2222,  1030.5184      
# span 20 =    33.7895,    34.3863      
# span 21 =    33.7883,    34.3834      
# span 22 =    8.02169,    8.41423      
# span 23 =         10,         45      
# span 24 = 0.0000e+00, 0.0000e+00      
# interval = decibars: 1                
# start_time = Jan 26 2022 21:43:00 [NMEA time, header]
# bad_flag = -9.990e-29
*END*
[from data line 522]
    532.000    525.819    -0.0105  28.780560    -0.0084  28.780108     4.7288     4.7990    -0.0171    94.9183 1.0000e-12  -74.17530 -113.34460  26.912286      90.55 1.8880e+03    641.483      15397  1030.1054  1030.1029    34.3517    34.3487    8.04882         28 0.0000e+00
    533.000    526.805    -0.0062  28.785788    -0.0044  28.785006     4.7249     4.7961    -0.0152    94.9025 1.0000e-12  -74.17530 -113.34460  26.912299      89.28 1.8880e+03    642.657      15425  1030.1110  1030.1084    34.3531    34.3500    8.04782         28 0.0000e+00
    534.000    527.795    -0.0026  28.789839    -0.0006  28.789462     4.7244     4.7981    -0.0080    94.9119 1.0000e-12  -74.17530 -113.34460  26.912313      88.49 1.8880e+03    643.828      15453  1030.1161  1030.1138    34.3539    34.3512    8.04703         26 0.0000e+00
    535.000    528.780    -0.0013  28.791762     0.0011  28.791595     4.7254     4.7991    -0.0024    94.9388 1.0000e-12  -74.17530 -113.34460  26.912326      87.10 1.8880e+03    644.990      15481  1030.1212  1030.1187    34.3544    34.3515    8.04672         28 0.0000e+00
    536.000    529.767     0.0001  28.793820     0.0022  28.793305     4.7291     4.7987    -0.0105    94.9431 1.0000e-12  -74.17530 -113.34460  26.912340      86.34 1.8880e+03    646.141      15508  1030.1263  1030.1238    34.3549    34.3519    8.04639         28 0.0000e+00
    537.000    530.754     0.0017  28.796532     0.0036  28.795961     4.7268     4.7922    -0.0136    94.9372 1.0000e-12  -74.17530 -113.34460  26.912353      85.41 1.8880e+03    647.283      15536  1030.1319  1030.1295    34.3561    34.3532    8.04599         27 0.0000e+00
    538.000    531.740     0.0023  28.797913     0.0045  28.797587     4.7277     4.7926    -0.0111    94.9541 1.0000e-12  -74.17530 -113.34460  26.912366      84.62 1.8880e+03    648.437      15563  1030.1370  1030.1346    34.3567    34.3538    8.04583         28 0.0000e+00
    539.000    532.728     0.0053  28.801183     0.0072  28.800618     4.7214     4.7897    -0.0135    94.9671 1.0000e-12  -74.17530 -113.34460  26.912380      83.63 1.8880e+03    649.609      15592  1030.1419  1030.1395    34.3571    34.3543    8.04519         28 0.0000e+00
    540.000    533.715     0.0093  28.805788     0.0113  28.805284     4.7214     4.7845    -0.0095    94.9652 1.0000e-12  -74.17530 -113.34460  26.912393      82.50 1.8880e+03    650.770      15619  1030.1471  1030.1447    34.3581    34.3552    8.04429         28 0.0000e+00
    541.000    534.702     0.0136  28.810299     0.0160  28.810171     4.7198     4.7851    -0.0128    94.9677 1.0000e-12  -74.17530 -113.34460  26.912406      81.45 1.8880e+03    651.915      15647  1030.1520  1030.1495    34.3587    34.3558    8.04336         27 0.0000e+00
    542.000    535.690     0.0134  28.810499     0.0158  28.810478     4.7169     4.7891    -0.0119    94.9817 1.0000e-12  -74.17530 -113.34460  26.912420      80.18 1.8880e+03    653.059      15674  1030.1567  1030.1544    34.3586    34.3559    8.04341         28 0.0000e+00
    543.000    536.676     0.0123  28.810014     0.0145  28.809699     4.7134     4.7907    -0.0085    94.9630 1.0000e-12  -74.17530 -113.34460  26.912433      79.74 1.8880e+03    654.206      15702  1030.1615  1030.1591    34.3585    34.3557    8.04363         27 0.0000e+00
    544.000    537.665     0.0138  28.811970     0.0188  28.814050     4.7118     4.7862    -0.0093    94.9699 1.0000e-12  -74.17530 -113.34460  26.912446      78.45 1.8880e+03    655.370      15730  1030.1664  1030.1638    34.3589    34.3561    8.04330         28 0.0000e+00
    545.000    538.650     0.0242  28.823018     0.0264  28.822877     4.7137     4.7834    -0.0034    94.9619 1.0000e-12  -74.17530 -113.34460  26.912460      77.11 1.8880e+03    656.543      15758  1030.1722  1030.1698    34.3613    34.3586    8.04099         29 0.0000e+00
    546.000    539.639     0.0249  28.824459     0.0275  28.824674     4.7104     4.7819    -0.0077    94.9734 1.0000e-12  -74.17530 -113.34460  26.912473      76.36 1.8880e+03    657.702      15786  1030.1773  1030.1749    34.3617    34.3591    8.04080         27 0.0000e+00
    547.000    540.624     0.0250  28.825060     0.0278  28.825503     4.7087     4.7844     0.0034    94.9434 1.0000e-12  -74.17530 -113.34460  26.912487      75.18 1.8880e+03    658.842      15813  1030.1821  1030.1799    34.3619    34.3594    8.04078         28 0.0000e+00
    548.000    541.611     0.0255  28.825954     0.0277  28.825713     4.7114     4.7757     0.0002    94.9495 1.0000e-12  -74.17530 -113.34460  26.912500      73.73 1.8880e+03    659.987      15841  1030.1869  1030.1846    34.3620    34.3592    8.04068         27 0.0000e+00
    549.000    542.599     0.0264  28.827216     0.0282  28.826662     4.7113     4.7788    -0.0149    94.9530 1.0000e-12  -74.17530 -113.34460  26.912513      73.26 1.8880e+03    661.159      15869  1030.1916  1030.1893    34.3619    34.3593    8.04047         29 0.0000e+00
    550.000    543.586     0.0258  28.826886     0.0295  28.828267     4.7145     4.7836    -0.0163    94.9523 1.0000e-12  -74.17530 -113.34460  26.912527      72.34 1.8878e+03    662.343      15897  1030.1962  1030.1941    34.3616    34.3594    8.04062         28 0.0000e+00
    551.000    544.572     0.0256  28.827136     0.0263  28.825636     4.7155     4.7869    -0.0153    94.9688 1.0000e-12  -74.17530 -113.34460  26.912541      71.69 1.8878e+03    663.513      15925  1030.2010  1030.1987    34.3616    34.3589    8.04067         28 0.0000e+00
    552.000    545.559     0.0206  28.822936     0.0223  28.822408     4.7170     4.7952    -0.0083    94.9212 1.0000e-12  -74.17530 -113.34460  26.912554      70.38 1.8871e+03    664.660      15953  1030.2057  1030.2035    34.3610    34.3585    8.04175         27 0.0000e+00
    553.000    546.547     0.0205  28.823567     0.0228  28.823553     4.7146     4.7938    -0.0039    94.9543 1.0000e-12  -74.17530 -113.34459  26.912567      69.41 1.8873e+03    665.789      15980  1030.2107  1030.2085    34.3615    34.3589    8.04176         27 0.0000e+00
    554.000    547.533     0.0230  28.827159     0.0255  28.827208     4.7143     4.7856    -0.0150    94.9613 1.0000e-12  -74.17530 -113.34458  26.912580      68.55 1.8873e+03    666.934      16007  1030.2163  1030.2139    34.3628    34.3601    8.04115         26 0.0000e+00
    555.000    548.521     0.0289  28.833710     0.0321  28.834365     4.7095     4.7758    -0.0137    94.9624 1.0000e-12  -74.17530 -113.34458  26.912594      67.04 1.8868e+03    668.104      16036  1030.2217  1030.2192    34.3643    34.3615    8.03984         28 0.0000e+00
    556.000    549.508     0.0356  28.840916     0.0373  28.840068     4.7057     4.7839    -0.0113    94.9633 1.0000e-12  -74.17530 -113.34458  26.912607      66.34 1.8866e+03    669.274      16064  1030.2269  1030.2244    34.3657    34.3627    8.03834         28 0.0000e+00
    557.000    550.494     0.0379  28.843606     0.0400  28.843234     4.7054     4.7767    -0.0101    94.9600 1.0000e-12  -74.17530 -113.34458  26.912621      65.49 1.8869e+03    670.428      16091  1030.2318  1030.2293    34.3661    34.3632    8.03784         27 0.0000e+00
    558.000    551.482     0.0386  28.844896     0.0408  28.844634     4.7074     4.7716    -0.0043    94.9569 1.0000e-12  -74.17530 -113.34458  26.912634      64.65 1.8873e+03    671.562      16118  1030.2368  1030.2343    34.3664    34.3636    8.03768         28 0.0000e+00
    559.000    552.470     0.0392  28.846093     0.0413  28.845839     4.7082     4.7800    -0.0084    94.9581 1.0000e-12  -74.17530 -113.34458  26.912647      63.28 1.8869e+03    672.690      16146  1030.2417  1030.2394    34.3667    34.3641    8.03753         27 0.0000e+00
    560.000    553.455     0.0398  28.847892     0.0419  28.847601     4.7043     4.7796    -0.0099    94.9630 1.0000e-12  -74.17530 -113.34458  26.912660      62.48 1.8863e+03    673.839      16173  1030.2472  1030.2450    34.3678    34.3651    8.03733         27 0.0000e+00
    561.000    554.443     0.0396  28.848876     0.0418  28.848611     4.7054     4.7765    -0.0042    94.9486 1.0000e-12  -74.17530 -113.34459  26.912674      61.36 1.8868e+03    675.000      16201  1030.2528  1030.2504    34.3688    34.3660    8.03733         29 0.0000e+00
    562.000    555.431     0.0397  28.849461     0.0419  28.849192     4.7059     4.7736    -0.0061    94.9468 1.0000e-12  -74.17530 -113.34458  26.912687      60.55 1.8865e+03    676.173      16229  1030.2575  1030.2552    34.3688    34.3660    8.03730         28 0.0000e+00
    563.000    556.416     0.0398  28.849918     0.0419  28.849642     4.7067     4.7761    -0.0035    94.9825 1.0000e-12  -74.17530 -113.34460  26.912701      59.53 1.8875e+03    677.349      16257  1030.2623  1030.2599    34.3687    34.3660    8.03729         28 0.0000e+00
    564.000    557.404     0.0395  28.849968     0.0417  28.849828     4.7118     4.7778    -0.0077    94.9357 1.0000e-12  -74.17530 -113.34459  26.912714      58.45 1.8879e+03    678.512      16285  1030.2669  1030.2646    34.3686    34.3659    8.03736         27 0.0000e+00
    565.000    558.390     0.0396  28.850637     0.0419  28.850546     4.7129     4.7843    -0.0162    94.9404 1.0000e-12  -74.17530 -113.34459  26.912728      57.34 1.8880e+03    679.661      16313  1030.2717  1030.2694    34.3687    34.3660    8.03733         28 0.0000e+00
    566.000    559.379     0.0396  28.850849     0.0418  28.850776     4.7116     4.7827    -0.0106    94.9381 1.0000e-12  -74.17530 -113.34459  26.912741      56.08 1.8874e+03    680.799      16340  1030.2762  1030.2740    34.3684    34.3659    8.03735         27 0.0000e+00
    567.000    560.364     0.0396  28.851512     0.0419  28.851257     4.7112     4.7769    -0.0016    94.9459 1.0000e-12  -74.17530 -113.34459  26.912754      55.19 1.8870e+03    681.946      16368  1030.2811  1030.2787    34.3687    34.3658    8.03733         28 0.0000e+00
    568.000    561.351     0.0398  28.852121     0.0420  28.851823     4.7135     4.7810    -0.0084    94.9386 1.0000e-12  -74.17530 -113.34460  26.912767      54.25 1.8868e+03    683.092      16395  1030.2858  1030.2834    34.3687    34.3658    8.03729         28 0.0000e+00
    569.000    562.339     0.0402  28.852904     0.0423  28.852613     4.7099     4.7815    -0.0093    94.9296 1.0000e-12  -74.17530 -113.34460  26.912781      53.01 1.8869e+03    684.243      16423  1030.2906  1030.2882    34.3687    34.3660    8.03721         27 0.0000e+00
    570.000    563.325     0.0400  28.853170     0.0422  28.852896     4.7094     4.7829    -0.0100    94.9158 1.0000e-12  -74.17530 -113.34460  26.912794      52.32 1.8872e+03    685.411      16451  1030.2952  1030.2929    34.3687    34.3659    8.03724         29 0.0000e+00
    571.000    564.312     0.0401  28.853684     0.0423  28.853546     4.7121     4.7837    -0.0107    94.9333 1.0000e-12  -74.17530 -113.34460  26.912808      51.24 1.8870e+03    686.579      16479  1030.3000  1030.2977    34.3687    34.3661    8.03723         27 0.0000e+00
    572.000    565.299     0.0404  28.854613     0.0424  28.854188     4.7104     4.7833    -0.0072    94.9523 1.0000e-12  -74.17530 -113.34460  26.912821      50.03 1.8863e+03    687.732      16507  1030.3049  1030.3025    34.3690    34.3662    8.03714         28 0.0000e+00
    573.000    566.286     0.0406  28.855174     0.0428  28.854936     4.7111     4.7834    -0.0036    94.9371 1.0000e-12  -74.17530 -113.34460  26.912834      49.12 1.8863e+03    688.882      16534  1030.3095  1030.3072    34.3690    34.3662    8.03711         27 0.0000e+00
    574.000    567.274     0.0406  28.855700     0.0427  28.855353     4.7147     4.7820    -0.0119    94.9478 1.0000e-12  -74.17530 -113.34460  26.912848      48.53 1.8863e+03    690.030      16562  1030.3144  1030.3120    34.3690    34.3663    8.03710         28 0.0000e+00
    575.000    568.259     0.0409  28.856391     0.0429  28.856133     4.7144     4.7791    -0.0142    94.9294 1.0000e-12  -74.17530 -113.34460  26.912861      47.20 1.8864e+03    691.181      16589  1030.3190  1030.3168    34.3690    34.3664    8.03704         28 0.0000e+00
    576.000    569.247     0.0418  28.857998     0.0438  28.857498     4.7141     4.7820    -0.0056    94.9485 1.0000e-12  -74.17530 -113.34460  26.912874      46.22 1.8872e+03    692.327      16617  1030.3240  1030.3217    34.3695    34.3667    8.03682         27 0.0000e+00
    577.000    570.233     0.0422  28.858853     0.0439  28.858056     4.7125     4.7773    -0.0080    94.9514 1.0000e-12  -74.17530 -113.34460  26.912887      44.96 1.8864e+03    693.477      16644  1030.3289  1030.3264    34.3697    34.3667    8.03674         28 0.0000e+00
    578.000    571.221     0.0418  28.858647     0.0440  28.858587     4.7118     4.7790    -0.0121    94.9577 1.0000e-12  -74.17530 -113.34460  26.912901      44.30 1.8863e+03    694.630      16672  1030.3333  1030.3311    34.3693    34.3667    8.03685         28 0.0000e+00
    579.000    572.207     0.0408  28.857881     0.0429  28.857630     4.7106     4.7810    -0.0123    94.9515 1.0000e-12  -74.17530 -113.34460  26.912914      43.27 1.8867e+03    695.789      16700  1030.3377  1030.3354    34.3688    34.3661    8.03708         27 0.0000e+00
    580.000    573.194     0.0414  28.858863     0.0440  28.858898     4.7059     4.7789    -0.0164    94.9542 1.0000e-12  -74.17530 -113.34460  26.912928      42.50 1.8863e+03    696.955      16728  1030.3423  1030.3400    34.3688    34.3660    8.03694         28 0.0000e+00
    581.000    574.183     0.0423  28.860106     0.0443  28.859691     4.7082     4.7748    -0.0110    94.9439 1.0000e-12  -74.17530 -113.34460  26.912941      40.92 1.8863e+03    698.115      16756  1030.3471  1030.3447    34.3689    34.3661    8.03676         28 0.0000e+00
    582.000    575.168     0.0415  28.859733     0.0443  28.860180     4.7106     4.7688    -0.0095    94.9633 1.0000e-12  -74.17530 -113.34460  26.912954      40.04 1.8863e+03    699.271      16783  1030.3517  1030.3495    34.3687    34.3662    8.03694         28 0.0000e+00
    583.000    576.154     0.0424  28.861195     0.0452  28.861673     4.7039     4.7742    -0.0150    94.9724 1.0000e-12  -74.17530 -113.34460  26.912968      39.13 1.8857e+03    700.414      16811  1030.3565  1030.3544    34.3690    34.3666    8.03672         27 0.0000e+00
    584.000    577.143     0.0504  28.870415     0.0536  28.870888     4.7008     4.7772    -0.0101    94.9725 1.0000e-12  -74.17530 -113.34460  26.912981      38.02 1.8860e+03    701.542      16838  1030.3626  1030.3600    34.3717    34.3686    8.03491         27 0.0000e+00
    585.000    578.128     0.0540  28.874284     0.0556  28.873601     4.7023     4.7765    -0.0090    95.0008 1.0000e-12  -74.17530 -113.34460  26.912994      37.12 1.8863e+03    702.680      16865  1030.3674  1030.3652    34.3721    34.3694    8.03411         28 0.0000e+00
    586.000    579.116     0.0498  28.870457     0.0521  28.870485     4.7057     4.7761    -0.0088    94.9849 1.0000e-12  -74.17530 -113.34460  26.913007      36.02 1.8858e+03    703.834      16893  1030.3719  1030.3697    34.3712    34.3687    8.03506         27 0.0000e+00
    587.000    580.103     0.0499  28.870944     0.0519  28.870646     4.7036     4.7740    -0.0085    94.9877 1.0000e-12  -74.17530 -113.34460  26.913021      35.17 1.8854e+03    705.005      16921  1030.3765  1030.3743    34.3712    34.3685    8.03504         29 0.0000e+00
    588.000    581.089     0.0535  28.875363     0.0550  28.874083     4.7026     4.7664    -0.0012    94.9973 1.0000e-12  -74.17530 -113.34460  26.913035      34.00 1.8868e+03    706.182      16949  1030.3818  1030.3791    34.3723    34.3691    8.03421         28 0.0000e+00
