ocean_section_plots/required_files/ctd/dnbp2202_ctd249.cnv
* Sea-Bird SBE 9 Data File:
* FileName = D:\Data\raw\NBP2202_CTD249.hex
* Software Version Seasave V 7.26.7.121
* Temperature SN = 1649
* Conductivity SN = 2513
* Number of Bytes Per Scan = 40
* Number of Voltage Words = 5
* Number of Scans Averaged by the Deck Unit = 1
* NMEA Latitude = 73 55.73 S
* NMEA Longitude = 118 46.40 W
* NMEA UTC (Time) = Feb 15 2022  07:13:10
* NMEA baud rate = 9600
** Ship: RVIB N.B. Palmer
** Cruise: NBP2202 Thwaites
** Station: 157
** Operator: B. Bjork
# nquan = 28
# nvalues = 1412                        
# units = specified
# name 0 = prDM: Pressure, Digiquartz [db]
# name 1 = depSM: Depth [salt water, m]
# name 2 = t090C: Temperature [ITS-90, deg C]
# name 3 = c0mS/cm: Conductivity [mS/cm]
# name 4 = t190C: Temperature, 2 [ITS-90, deg C]
# name 5 = c1mS/cm: Conductivity, 2 [mS/cm]
# name 6 = sbeox0ML/L: Oxygen, SBE 43 [ml/l]
# name 7 = sbeox1ML/L: Oxygen, SBE 43, 2 [ml/l]
# name 8 = flECO-AFL: Fluorescence, WET Labs ECO-AFL/FL [mg/m^3]
# name 9 = CStarTr0: Beam Transmission, WET Labs C-Star [%]
# name 10 = par: PAR/Irradiance, Biospherical/Licor
# name 11 = latitude: Latitude [deg]
# name 12 = longitude: Longitude [deg]
# name 13 = timeJ: Julian Days
# name 14 = altM: Altimeter [m]
# name 15 = spar: SPAR, Biospherical/Licor
# name 16 = timeS: Time, Elapsed [seconds]
# name 17 = scan: Scan Count
# name 18 = density00: Density [density, kg/m^3]
# name 19 = density11: Density, 2 [density, kg/m^3]
# name 20 = v3: Voltage 3
# name 21 = v4: Voltage 4
# name 22 = v5: Voltage 5
# name 23 = sal00: Salinity, Practical [PSU]
# name 24 = sal11: Salinity, Practical, 2 [PSU]
# name 25 = oxsolML/L: Oxygen Saturation, Garcia & Gordon [ml/l]
# name 26 = nbin: number of scans per bin
# name 27 = flag: flag
# span 0 =      1.000,   1412.000       
# span 1 =      0.983,   1392.686       
# span 2 =    -1.7241,     0.7578       
# span 3 =  26.965333,  29.996305       
# span 4 =    -1.7233,     0.7597       
# span 5 =  26.965217,  29.996660       
# span 6 =     4.5513,     9.1380       
# span 7 =     4.6687,     9.4062       
# span 8 =    -0.0204,     9.4692       
# span 9 =    84.8565,    97.0882       
# span 10 = -3.791e-06, 3.2507e+00      
# span 11 =  -73.92890,  -73.92888      
# span 12 = -118.77342, -118.77336      
# span 13 =  46.302647,  46.320164      
# span 14 =       6.05,     103.84      
# span 15 = 1.7378e+01, 2.1663e+01      
# span 16 =    158.680,   1672.182      
# span 17 =       3809,      40133      
# span 18 =  1027.1348,  1034.3300      
# span 19 =  1027.1348,  1034.3284      
# span 20 =     4.0271,     4.6057      
# span 21 =     0.0628,     2.0773      
# span 22 =     0.1123,     0.2293      
# span 23 =    33.7658,    34.5896      
# span 24 =    33.7654,    34.5877      
# span 25 =    7.87722,    8.44414      
# span 26 =          6,         45      
# span 27 = 0.0000e+00, 0.0000e+00      
# interval = decibars: 1                
# start_time = Feb 15 2022 07:13:10 [NMEA time, header]
# bad_flag = -9.990e-29
*END*
[from data line 156]
    157.000    155.318    -1.1494  27.357738    -1.1495  27.357934     6.5836     6.8268     3.9169    92.4640 1.0000e-12  -73.92890 -118.77340  46.305476      99.81 1.9958e+01    403.097       9675  1028.0619  1028.0622     4.3864     0.5959     0.1417    33.9471    33.9475    8.31826         22 0.0000e+00
    158.000    156.306    -1.2027  27.314025    -1.2034  27.314565     6.4606     6.7149     3.2063    92.6592 1.0000e-12  -73.92890 -118.77340  46.305487      99.83 2.0645e+01    404.068       9699  1028.0698  1028.0711     4.3957     0.5334     0.1380    33.9471    33.9485    8.33013         24 0.0000e+00
    159.000    157.296    -1.2386  27.287762    -1.2382  27.288227     6.3653     6.6181     2.7930    92.5111 1.0000e-12  -73.92890 -118.77340  46.305499      99.84 2.0947e+01    405.095       9723  1028.0796  1028.0797     4.3887     0.4890     0.1468    33.9511    33.9512    8.33789         25 0.0000e+00
    160.000    158.284    -1.2550  27.275097    -1.2560  27.274887     6.2766     6.5266     2.8030    91.6663 1.0000e-12  -73.92890 -118.77340  46.305510      99.84 1.9527e+01    406.097       9747  1028.0855  1028.0862     4.3488     0.4896     0.1387    33.9517    33.9526    8.34152         23 0.0000e+00
    161.000    159.275    -1.2831  27.255389    -1.2823  27.256099     6.1974     6.4407     3.0974    91.9036 1.0000e-12  -73.92890 -118.77340  46.305521      99.76 1.9775e+01    407.042       9770  1028.0948  1028.0949     4.3597     0.7420     0.1457    33.9559    33.9560    8.34753         23 0.0000e+00
    162.000    160.262    -1.3098  27.235272    -1.3064  27.238182     6.1400     6.3933     2.9271    91.6265 1.0000e-12  -73.92890 -118.77340  46.305532      99.82 2.0911e+01    407.977       9792  1028.1024  1028.1024     4.3467     0.5449     0.1397    33.9579    33.9581    8.35339         22 0.0000e+00
    163.000    161.250    -1.3300  27.221753    -1.3294  27.222145     6.1367     6.3715     2.5168    90.7898 1.0000e-12  -73.92890 -118.77340  46.305543      98.65 2.1008e+01    408.940       9816  1028.1110  1028.1108     4.3070     0.4706     0.1440    33.9617    33.9615    8.35769         24 0.0000e+00
    164.000    162.241    -1.3306  27.221611    -1.3300  27.222009     6.1552     6.3597     2.3915    91.8049 1.0000e-12  -73.92889 -118.77340  46.305555      99.14 1.9840e+01    409.931       9839  1028.1151  1028.1150     4.3552     0.4527     0.1411    33.9615    33.9614    8.35783         24 0.0000e+00
    165.000    163.229    -1.3299  27.222625    -1.3295  27.222880     6.1649     6.3597     2.3201    93.1677 1.0000e-12  -73.92888 -118.77340  46.305566      99.86 2.0084e+01    410.925       9863  1028.1192  1028.1192     4.4198     0.3975     0.1448    33.9615    33.9615    8.35768         23 0.0000e+00
    166.000    164.219    -1.3306  27.222317    -1.3299  27.222574     6.1777     6.3583     1.5828    92.8360 1.0000e-12  -73.92888 -118.77340  46.305577      99.85 1.9619e+01    411.882       9886  1028.1235  1028.1231     4.4041     0.4416     0.1447    33.9613    33.9609    8.35785         23 0.0000e+00
    167.000    165.205    -1.3438  27.213020    -1.3440  27.213339     6.1825     6.3604     2.2175    93.0781 1.0000e-12  -73.92888 -118.77340  46.305588      99.86 1.9150e+01    412.817       9909  1028.1300  1028.1306     4.4154     0.3536     0.1375    33.9629    33.9635    8.36072         22 0.0000e+00
    168.000    166.196    -1.3530  27.207788    -1.3541  27.206611     6.1869     6.3688     2.5921    92.8090 1.0000e-12  -73.92888 -118.77340  46.305599      99.88 2.0427e+01    413.776       9932  1028.1371  1028.1369     4.4030     0.2444     0.1364    33.9655    33.9651    8.36262         24 0.0000e+00
    169.000    167.184    -1.3485  27.211467    -1.3473  27.211914     6.1973     6.3740     2.2905    93.0640 1.0000e-12  -73.92888 -118.77340  46.305611      99.86 2.0568e+01    414.773       9956  1028.1407  1028.1400     4.4149     0.3463     0.1418    33.9648    33.9640    8.36165         24 0.0000e+00
    170.000    168.173    -1.3510  27.210157    -1.3535  27.208337     6.1940     6.3662     1.9240    93.3549 1.0000e-12  -73.92888 -118.77340  46.305622      99.87 1.9551e+01    415.744       9979  1028.1456  1028.1461     4.4287     0.3368     0.1360    33.9652    33.9656    8.36218         23 0.0000e+00
    171.000    169.164    -1.3573  27.206424    -1.3536  27.208853     6.2035     6.3692     1.9074    93.4092 1.0000e-12  -73.92888 -118.77340  46.305633      99.87 2.0908e+01    416.683      10001  1028.1517  1028.1508     4.4313     0.3192     0.1345    33.9666    33.9657    8.36351         22 0.0000e+00
    172.000    170.150    -1.3581  27.205766    -1.3540  27.209217     6.2017     6.3824     2.0166    93.0958 1.0000e-12  -73.92888 -118.77340  46.305644      99.86 2.0834e+01    417.608      10024  1028.1558  1028.1556     4.4164     0.3960     0.1432    33.9660    33.9661    8.36373         22 0.0000e+00
    173.000    171.139    -1.3826  27.189921    -1.3689  27.199319     6.2049     6.3748     1.7762    93.4573 1.0000e-12  -73.92888 -118.77340  46.305654      99.85 2.0185e+01    418.532      10046  1028.1663  1028.1634     4.4335     0.4393     0.1372    33.9714    33.9688    8.36890         22 0.0000e+00
    174.000    172.129    -1.3851  27.188608    -1.3853  27.188417     6.1853     6.3422     2.3838    94.4269 1.0000e-12  -73.92888 -118.77340  46.305666      99.87 1.9600e+01    419.506      10069  1028.1714  1028.1714     4.4791     0.3138     0.1373    33.9719    33.9718    8.36945         25 0.0000e+00
    175.000    173.117    -1.3848  27.189216    -1.3842  27.189555     6.2173     6.3646     1.4812    93.6738 1.0000e-12  -73.92888 -118.77340  46.305677      99.85 2.0947e+01    420.530      10094  1028.1757  1028.1756     4.4443     0.4148     0.1312    33.9717    33.9715    8.36938         24 0.0000e+00
    176.000    174.108    -1.3737  27.196812    -1.3735  27.196687     6.3720     6.4837     1.2426    94.1372 1.0000e-12  -73.92888 -118.77340  46.305689      95.07 1.9749e+01    421.530      10118  1028.1773  1028.1770     4.4658     0.3732     0.1417    33.9689    33.9685    8.36706         24 0.0000e+00
    177.000    175.095    -1.3963  27.179937    -1.3919  27.183780     6.5082     6.6198     1.3499    93.8273 1.0000e-12  -73.92888 -118.77340  46.305700      98.56 1.9851e+01    422.495      10141  1028.1849  1028.1849     4.4511     0.2974     0.1370    33.9707    33.9711    8.37202         23 0.0000e+00
    178.000    176.085    -1.4368  27.149254    -1.4320  27.153605     6.6033     6.7146     1.8976    93.9727 1.0000e-12  -73.92888 -118.77340  46.305711      99.86 2.0351e+01    423.432      10163  1028.1947  1028.1948     4.4580     0.3451     0.1306    33.9740    33.9745    8.38095         22 0.0000e+00
    179.000    177.073    -1.4395  27.147906    -1.4406  27.146537     6.6617     6.7666     2.0009    94.5287 1.0000e-12  -73.92888 -118.77340  46.305722      99.85 2.0273e+01    424.360      10186  1028.1997  1028.1993     4.4843     0.4369     0.1323    33.9745    33.9738    8.38152         22 0.0000e+00
    180.000    178.062    -1.4609  27.128511    -1.4576  27.132496     6.6609     6.8006     1.6957    94.5685 1.0000e-12  -73.92888 -118.77340  46.305733      99.85 1.9769e+01    425.303      10208  1028.2032  1028.2045     4.4862     0.4082     0.1381    33.9715    33.9733    8.38651         23 0.0000e+00
    181.000    179.049    -1.4680  27.124253    -1.4670  27.125108     6.6770     6.8075     1.7819    93.8623 1.0000e-12  -73.92888 -118.77340  46.305744      99.84 1.9698e+01    426.255      10231  1028.2093  1028.2094     4.4531     0.4428     0.1328    33.9731    33.9731    8.38802         23 0.0000e+00
    182.000    180.040    -1.4912  27.104625    -1.4897  27.106170     6.6408     6.7893     1.3983    94.6129 1.0000e-12  -73.92888 -118.77340  46.305755      99.85 1.9540e+01    427.220      10254  1028.2142  1028.2146     4.4880     0.4230     0.1340    33.9717    33.9722    8.39333         24 0.0000e+00
    183.000    181.028    -1.5139  27.086300    -1.5143  27.086294     6.5885     6.7581     1.6904    94.4612 1.0000e-12  -73.92888 -118.77340  46.305766      99.87 1.9176e+01    428.218      10278  1028.2201  1028.2205     4.4811     0.2917     0.1386    33.9717    33.9722    8.39846         24 0.0000e+00
    184.000    182.018    -1.5315  27.072463    -1.5328  27.071566     6.5448     6.7219     1.5852    93.7882 1.0000e-12  -73.92888 -118.77340  46.305778      99.87 1.9472e+01    429.240      10303  1028.2257  1028.2261     4.4492     0.3363     0.1371    33.9719    33.9722    8.40241         24 0.0000e+00
    185.000    183.005    -1.5429  27.063657    -1.5419  27.064517     6.4989     6.6823     1.6951    94.0739 1.0000e-12  -73.92888 -118.77340  46.305790      99.87 1.9391e+01    430.223      10326  1028.2310  1028.2310     4.4628     0.2831     0.1324    33.9721    33.9722    8.40498         23 0.0000e+00
    186.000    183.994    -1.5512  27.057510    -1.5512  27.057679     6.4540     6.6546     1.5443    93.5440 1.0000e-12  -73.92888 -118.77340  46.305800      99.87 1.9392e+01    431.148      10349  1028.2362  1028.2365     4.4377     0.3146     0.1407    33.9725    33.9728    8.40685         22 0.0000e+00
    187.000    184.982    -1.5587  27.052252    -1.5585  27.052408     6.4346     6.6360     1.3310    94.4726 1.0000e-12  -73.92888 -118.77340  46.305811      99.87 1.9392e+01    432.047      10370  1028.2417  1028.2417     4.4817     0.3364     0.1427    33.9732    33.9731    8.40850         22 0.0000e+00
    188.000    185.971    -1.5667  27.046505    -1.5664  27.046680     6.4408     6.6282     1.2463    93.9749 1.0000e-12  -73.92888 -118.77340  46.305821      99.87 1.9392e+01    432.969      10392  1028.2471  1028.2470     4.4581     0.2595     0.1318    33.9737    33.9736    8.41028         22 0.0000e+00
    189.000    186.963    -1.5681  27.046378    -1.5676  27.046626     6.4418     6.6195     1.3957    94.0886 1.0000e-12  -73.92888 -118.77340  46.305833      99.88 1.9115e+01    433.942      10416  1028.2523  1028.2521     4.4635     0.2787     0.1281    33.9745    33.9743    8.41055         25 0.0000e+00
    190.000    187.949    -1.5697  27.045761    -1.5696  27.045850     6.4292     6.6116     1.1610    93.4200 1.0000e-12  -73.92888 -118.77340  46.305845      98.57 1.9318e+01    434.976      10440  1028.2572  1028.2571     4.4318     0.3688     0.1319    33.9749    33.9748    8.41090         24 0.0000e+00
    191.000    188.938    -1.5716  27.045185    -1.5711  27.045399     6.4168     6.5979     1.0086    93.5296 1.0000e-12  -73.92888 -118.77340  46.305856      99.34 1.8649e+01    435.993      10465  1028.2623  1028.2621     4.4370     0.3599     0.1331    33.9755    33.9753    8.41127         24 0.0000e+00
    192.000    189.927    -1.5779  27.040647    -1.5772  27.041328     6.3909     6.5747     1.5827    94.2573 1.0000e-12  -73.92888 -118.77340  46.305868      99.83 1.8184e+01    436.951      10488  1028.2675  1028.2676     4.4715     0.5004     0.1295    33.9759    33.9759    8.41269         22 0.0000e+00
    193.000    190.916    -1.5926  27.029844    -1.5926  27.030047     6.3650     6.5470     1.6068    94.5781 1.0000e-12  -73.92888 -118.77340  46.305878      99.88 1.9655e+01    437.869      10510  1028.2740  1028.2743     4.4868     0.2702     0.1420    33.9771    33.9774    8.41596         22 0.0000e+00
    194.000    191.903    -1.6015  27.023736    -1.6012  27.023927     6.3437     6.5236     2.0791    94.1789 1.0000e-12  -73.92888 -118.77340  46.305889      99.86 1.8908e+01    438.775      10532  1028.2800  1028.2799     4.4678     0.3189     0.1542    33.9781    33.9780    8.41790         22 0.0000e+00
    195.000    192.893    -1.6074  27.019588    -1.6076  27.019350     6.3004     6.4953     1.9881    93.9576 1.0000e-12  -73.92888 -118.77340  46.305899      99.85 1.8403e+01    439.695      10554  1028.2852  1028.2851     4.4573     0.3869     0.1334    33.9784    33.9783    8.41921         23 0.0000e+00
    196.000    193.883    -1.6198  27.009854    -1.6208  27.009447     6.2714     6.4654     1.4923    93.9827 1.0000e-12  -73.92888 -118.77339  46.305911      99.86 1.9453e+01    440.676      10577  1028.2906  1028.2911     4.4585     0.3572     0.1428    33.9786    33.9790    8.42204         24 0.0000e+00
    197.000    194.870    -1.6413  26.993623    -1.6413  26.993844     6.2432     6.4418     1.7945    94.1828 1.0000e-12  -73.92888 -118.77339  46.305923      99.84 1.9603e+01    441.706      10602  1028.2975  1028.2979     4.4680     0.4580     0.1423    33.9799    33.9803    8.42683         25 0.0000e+00
    198.000    195.859    -1.6484  26.988841    -1.6480  26.989103     6.2402     6.4322     2.0611    93.6665 1.0000e-12  -73.92888 -118.77339  46.305934      99.86 1.8239e+01    442.711      10626  1028.3032  1028.3030     4.4435     0.2988     0.1450    33.9807    33.9806    8.42839         23 0.0000e+00
    199.000    196.847    -1.6496  26.988328    -1.6492  26.988569     6.2473     6.4188     2.3109    93.2186 1.0000e-12  -73.92888 -118.77339  46.305945      99.87 1.9310e+01    443.679      10649  1028.3078  1028.3076     4.4222     0.3053     0.1315    33.9808    33.9806    8.42865         24 0.0000e+00
    200.000    197.837    -1.6505  26.988283    -1.6500  26.988462     6.2420     6.4165     1.7279    93.7780 1.0000e-12  -73.92888 -118.77340  46.305956      99.87 1.9391e+01    444.632      10672  1028.3127  1028.3124     4.4488     0.2556     0.1279    33.9811    33.9808    8.42884         22 0.0000e+00
    201.000    198.825    -1.6511  26.988011    -1.6507  26.988420     6.2387     6.4208     1.8886    94.4304 1.0000e-12  -73.92888 -118.77340  46.305967      99.84 1.9392e+01    445.555      10694  1028.3171  1028.3172     4.4797     0.4600     0.1329    33.9809    33.9810    8.42900         22 0.0000e+00
    202.000    199.816    -1.6534  26.987051    -1.6529  26.987288     6.2449     6.4177     2.2126    94.0792 1.0000e-12  -73.92888 -118.77340  46.305978      99.86 1.9392e+01    446.470      10716  1028.3223  1028.3222     4.4628     0.3463     0.1320    33.9815    33.9813    8.42948         22 0.0000e+00
    203.000    200.802    -1.6566  26.985201    -1.6564  26.985199     6.2290     6.4055     2.1259    93.4172 1.0000e-12  -73.92888 -118.77340  46.305989      97.46 1.9392e+01    447.415      10739  1028.3276  1028.3273     4.4320     0.3405     0.1307    33.9820    33.9817    8.43019         23 0.0000e+00
    204.000    201.791    -1.6587  26.984182    -1.6583  26.984258     6.2050     6.3869     1.8151    93.8793 1.0000e-12  -73.92888 -118.77340  46.306000      97.72 1.9392e+01    448.401      10763  1028.3325  1028.3323     4.4535     0.4453     0.1389    33.9823    33.9819    8.43063         24 0.0000e+00
    205.000    202.781    -1.6623  26.982389    -1.6622  26.982392     6.1947     6.3642     1.7105    93.7553 1.0000e-12  -73.92888 -118.77340  46.306012      99.78 1.9392e+01    449.413      10787  1028.3382  1028.3382     4.4477     0.6162     0.1424    33.9833    33.9832    8.43140         25 0.0000e+00
    206.000    203.769    -1.6699  26.977646    -1.6697  26.977871     6.1788     6.3503     1.5296    93.6308 1.0000e-12  -73.92888 -118.77340  46.306023      99.82 1.9469e+01    450.418      10811  1028.3446  1028.3446     4.4418     0.5423     0.1373    33.9848    33.9849    8.43304         23 0.0000e+00
    207.000    204.757    -1.6750  26.974772    -1.6747  26.974831     6.1683     6.3420     2.9500    94.2407 1.0000e-12  -73.92888 -118.77340  46.306034      99.88 2.0044e+01    451.373      10834  1028.3505  1028.3503     4.4707     0.2635     0.1289    33.9860    33.9857    8.43413         22 0.0000e+00
