ocean_section_plots/required_files/ctd/dnbp2202_ctd267.cnv
* Sea-Bird SBE 9 Data File:
* FileName = D:\Data\raw\NBP2202_CTD267.hex
* Software Version Seasave V 7.26.7.121
* Temperature SN = 1649
* Conductivity SN = 2513
* Number of Bytes Per Scan = 40
* Number of Voltage Words = 5
* Number of Scans Averaged by the Deck Unit = 1
* NMEA Latitude = 73 52.84 S
* NMEA Longitude = 118 44.36 W
* NMEA UTC (Time) = Feb 19 2022  22:03:27
* NMEA baud rate = 9600
** Ship: RVIB N.B. Palmer
** Cruise: NBP2202 Thwaites
** Station: 151
** Operator: A. Robinson
# nquan = 28
# nvalues = 681                         
# units = specified
# name 0 = prDM: Pressure, Digiquartz [db]
# name 1 = depSM: Depth [salt water, m]
# name 2 = t090C: Temperature [ITS-90, deg C]
# name 3 = c0mS/cm: Conductivity [mS/cm]
# name 4 = t190C: Temperature, 2 [ITS-90, deg C]
# name 5 = c1mS/cm: Conductivity, 2 [mS/cm]
# name 6 = sbeox0ML/L: Oxygen, SBE 43 [ml/l]
# name 7 = sbeox1ML/L: Oxygen, SBE 43, 2 [ml/l]
# name 8 = flECO-AFL: Fluorescence, WET Labs ECO-AFL/FL [mg/m^3]
# name 9 = CStarTr0: Beam Transmission, WET Labs C-Star [%]
# name 10 = par: PAR/Irradiance, Biospherical/Licor
# name 11 = latitude: Latitude [deg]
# name 12 = longitude: Longitude [deg]
# name 13 = timeJ: Julian Days
# name 14 = altM: Altimeter [m]
# name 15 = spar: SPAR, Biospherical/Licor
# name 16 = timeS: Time, Elapsed [seconds]
# name 17 = scan: Scan Count
# name 18 = density00: Density [density, kg/m^3]
# name 19 = density11: Density, 2 [density, kg/m^3]
# name 20 = v3: Voltage 3
# name 21 = v4: Voltage 4
# name 22 = v5: Voltage 5
# name 23 = sal00: Salinity, Practical [PSU]
# name 24 = sal11: Salinity, Practical, 2 [PSU]
# name 25 = oxsolML/L: Oxygen Saturation, Garcia & Gordon [ml/l]
# name 26 = nbin: number of scans per bin
# name 27 = flag: flag
# span 0 =      2.000,    682.000       
# span 1 =      1.976,    673.833       
# span 2 =    -1.7556,     0.4078       
# span 3 =  26.930546,  29.318162       
# span 4 =    -1.7555,     0.4095       
# span 5 =  26.931233,  29.318002       
# span 6 =     4.7328,     9.0997       
# span 7 =     4.9223,     9.4835       
# span 8 =    -0.0185,    14.5592       
# span 9 =    89.0371,    99.4863       
# span 10 = -2.720e-06, 1.0051e+03      
# span 11 =  -73.88074,  -73.88072      
# span 12 = -118.73944, -118.73940      
# span 13 =  50.921843,  50.930534      
# span 14 =      -4.81,      99.88      
# span 15 = 1.6092e+03, 1.6247e+03      
# span 16 =    240.255,    991.152      
# span 17 =       5767,      23789      
# span 18 =  1027.1158,  1030.9055      
# span 19 =  1027.1189,  1030.9040      
# span 20 =     4.2241,     4.7197      
# span 21 =     0.0641,     1.7694      
# span 22 =     0.1043,     0.2006      
# span 23 =    33.7277,    34.5089      
# span 24 =    33.7272,    34.5068      
# span 25 =    7.95297,    8.44989      
# span 26 =          1,         48      
# span 27 = 0.0000e+00, 0.0000e+00      
# interval = decibars: 1                
# start_time = Feb 19 2022 22:03:27 [NMEA time, header]
# bad_flag = -9.990e-29
*END*
      2.000      1.976    -0.2181  27.916285    -0.2233  27.911028     9.0953     8.8967     3.6625    90.1234 1.0051e+03  -73.88074 -118.73942  50.921843      99.68 1.6197e+03    240.255       5767  1027.1201  1027.1193     4.2756     0.5951     0.1635    33.7531    33.7518    8.12674         27 0.0000e+00
      3.000      2.970    -0.2309  27.896959    -0.2312  27.899652     9.0843     8.8922     2.6039    89.8994 7.9335e+02  -73.88074 -118.73942  50.921884      99.69 1.6177e+03    243.763       5851  1027.1158  1027.1189     4.2648     0.5412     0.1775    33.7409    33.7448    8.13017         38 0.0000e+00
      4.000      3.959    -0.2270  27.905049    -0.2249  27.911041     9.0883     8.9143     2.9268    90.4959 5.8951e+02  -73.88074 -118.73942  50.921904      99.68 1.6179e+03    245.529       5894  1027.1249  1027.1293     4.2931     0.4984     0.1791    33.7468    33.7524    8.12901         40 0.0000e+00
      5.000      4.949    -0.2319  27.896376    -0.2336  27.896622     9.0900     8.9858     2.4371    89.9382 4.6268e+02  -73.88074 -118.73942  50.921934      84.92 1.6174e+03    248.065       5955  1027.1246  1027.1263     4.2667     0.3793     0.1668    33.7400    33.7422    8.13044         36 0.0000e+00
      6.000      5.937    -0.2425  27.878733    -0.2463  27.875244     9.0926     9.0358     2.8364    90.2999 3.9498e+02  -73.88074 -118.73942  50.921958      99.46 1.6183e+03    250.197       6006  1027.1200  1027.1198     4.2838     0.4829     0.1741    33.7277    33.7272    8.13341         37 0.0000e+00
      7.000      6.928    -0.2370  27.889192    -0.2372  27.891298     9.0914     9.1169     2.8091    90.1205 3.0868e+02  -73.88074 -118.73942  50.921976      99.66 1.6183e+03    251.741       6043  1027.1301  1027.1325     4.2755     0.6135     0.1767    33.7349    33.7380    8.13181         40 0.0000e+00
      8.000      7.917    -0.2340  27.896036    -0.2342  27.897760     9.0847     9.2286     2.9327    90.2340 2.4470e+02  -73.88074 -118.73942  50.922001      99.67 1.6178e+03    253.879       6094  1027.1387  1027.1407     4.2805     0.6339     0.1715    33.7400    33.7425    8.13087         47 0.0000e+00
      9.000      8.907    -0.2295  27.903074    -0.2193  27.922661     9.0890     9.2924     2.9070    90.1105 2.0776e+02  -73.88074 -118.73942  50.922025      99.62 1.6191e+03    256.001       6145  1027.1462  1027.1575     4.2748     0.8148     0.1897    33.7438    33.7587    8.12970         40 0.0000e+00
     10.000      9.897    -0.2249  27.913158    -0.2165  27.928419     9.0822     9.3094     4.7833    89.3375 1.6615e+02  -73.88074 -118.73942  50.922045      99.63 1.6180e+03    257.644       6184  1027.1570  1027.1652     4.2383     0.8318     0.1931    33.7516    33.7626    8.12828         38 0.0000e+00
     11.000     10.885    -0.2149  27.928274    -0.2013  27.954932     9.0863     9.3578     6.3405    90.0256 1.3631e+02  -73.88074 -118.73942  50.922066      99.50 1.6185e+03    259.502       6229  1027.1681  1027.1836     4.2709     1.1960     0.1787    33.7600    33.7805    8.12566         37 0.0000e+00
     12.000     11.877    -0.2118  27.935988    -0.2079  27.943374     9.0929     9.4201     6.4135    89.6103 1.1205e+02  -73.88074 -118.73942  50.922091      98.82 1.6178e+03    261.669       6281  1027.1776  1027.1818     4.2510     1.2725     0.1792    33.7662    33.7718    8.12464         35 0.0000e+00
     13.000     12.865    -0.1975  27.961236    -0.1974  27.962605     9.0948     9.4363     6.3442    89.7000 9.3735e+01  -73.88074 -118.73942  50.922113      99.29 1.6184e+03    263.599       6327  1027.1952  1027.1968     4.2556     1.1940     0.1851    33.7834    33.7852    8.12061         41 0.0000e+00
     14.000     13.855    -0.1843  27.981730    -0.1814  27.985683     9.0997     9.4486     7.6391    90.3617 7.7139e+01  -73.88072 -118.73942  50.922134      99.52 1.6191e+03    265.373       6370  1027.2089  1027.2105     4.2866     1.1423     0.1837    33.7955    33.7975    8.11712         36 0.0000e+00
     15.000     14.844    -0.1746  27.994189    -0.1727  27.997475     9.0915     9.4552     8.4817    89.0371 6.3481e+01  -73.88072 -118.73942  50.922157      99.47 1.6188e+03    267.340       6417  1027.2175  1027.2192     4.2241     1.2721     0.1858    33.8007    33.8029    8.11476         40 0.0000e+00
     16.000     15.834    -0.1645  28.006098    -0.1687  28.002376     9.0823     9.4619     7.9703    89.4767 5.3813e+01  -73.88072 -118.73942  50.922179      99.42 1.6168e+03    269.288       6464  1027.2249  1027.2251     4.2447     1.4236     0.1921    33.8047    33.8045    8.11237         35 0.0000e+00
     17.000     16.824    -0.1627  28.009754    -0.1637  28.008921     9.0781     9.4636     8.6580    90.4564 4.4104e+01  -73.88072 -118.73942  50.922201      99.44 1.6177e+03    271.182       6509  1027.2316  1027.2318     4.2913     1.4046     0.1775    33.8070    33.8070    8.11187         45 0.0000e+00
     18.000     17.814    -0.1576  28.017255    -0.1574  28.018202     9.0846     9.4733     6.6952    89.8338 3.7063e+01  -73.88072 -118.73942  50.922225      99.46 1.6166e+03    273.262       6559  1027.2392  1027.2401     4.2619     1.3633     0.1935    33.8107    33.8118    8.11056         42 0.0000e+00
     19.000     18.803    -0.1512  28.023299    -0.1512  28.023965     9.0785     9.4571     6.8007    89.5084 3.1110e+01  -73.88072 -118.73942  50.922246      99.56 1.6167e+03    275.081       6603  1027.2439  1027.2447     4.2465     1.1112     0.1712    33.8110    33.8119    8.10918         36 0.0000e+00
     20.000     19.792    -0.1521  28.022230    -0.1494  28.026738     9.0736     9.4658     7.5027    90.3086 2.6088e+01  -73.88072 -118.73942  50.922269      99.48 1.6166e+03    277.065       6651  1027.2482  1027.2504     4.2842     1.3513     0.1870    33.8101    33.8130    8.10944         48 0.0000e+00
     21.000     20.782    -0.1537  28.022520    -0.1539  28.023516     9.0735     9.4783     8.3125    90.6318 2.2044e+01  -73.88072 -118.73942  50.922293      99.52 1.6168e+03    279.090       6699  1027.2544  1027.2556     4.2996     1.1740     0.2006    33.8115    33.8131    8.10969         39 0.0000e+00
     22.000     21.772    -0.1542  28.024139    -0.1537  28.025393     9.0735     9.4835     7.8529    91.4190 1.8798e+01  -73.88072 -118.73942  50.922311      99.49 1.6182e+03    280.679       6737  1027.2609  1027.2619     4.3369     1.2661     0.1700    33.8137    33.8148    8.10968         40 0.0000e+00
     23.000     22.760    -0.1551  28.025259    -0.1545  28.026626     9.0711     9.4710     7.9684    89.9619 1.5826e+01  -73.88072 -118.73942  50.922336      99.50 1.6179e+03    282.857       6790  1027.2674  1027.2683     4.2677     1.2309     0.1816    33.8156    33.8167    8.10976         43 0.0000e+00
     24.000     23.751    -0.1546  28.026836    -0.1551  28.027319     9.0776     9.4664     7.5861    89.9585 1.3557e+01  -73.88072 -118.73942  50.922361      99.60 1.6183e+03    284.970       6840  1027.2729  1027.2740     4.2677     0.9631     0.1691    33.8165    33.8177    8.10960         39 0.0000e+00
     25.000     24.740    -0.1538  28.028084    -0.1543  28.028590     9.0647     9.4688     8.5051    89.6445 1.1477e+01  -73.88072 -118.73942  50.922379      99.50 1.6183e+03    286.531       6878  1027.2778  1027.2789     4.2527     1.5156     0.1883    33.8167    33.8179    8.10943         40 0.0000e+00
     26.000     25.729    -0.1548  28.027577    -0.1540  28.029216     9.0698     9.4594     7.9719    90.3715 9.7007e+00  -73.88072 -118.73942  50.922402      98.87 1.6174e+03    288.553       6926  1027.2826  1027.2836     4.2869     1.3625     0.1875    33.8165    33.8178    8.10965         40 0.0000e+00
     27.000     26.720    -0.1574  28.026070    -0.1563  28.027721     9.0742     9.4485     9.8155    89.3549 8.2789e+00  -73.88072 -118.73942  50.922427      99.48 1.6185e+03    290.723       6978  1027.2878  1027.2884     4.2394     1.3139     0.1785    33.8168    33.8177    8.11018         39 0.0000e+00
     28.000     27.709    -0.1537  28.029743    -0.1554  28.028890     9.0682     9.4545     9.0129    90.4988 7.1273e+00  -73.88072 -118.73942  50.922448      99.47 1.6183e+03    292.461       7020  1027.2924  1027.2931     4.2933     1.7055     0.1899    33.8170    33.8177    8.10939         39 0.0000e+00
     29.000     28.699    -0.1574  28.027033    -0.1537  28.030758     9.0643     9.4595     9.3312    90.7788 6.0602e+00  -73.88072 -118.73942  50.922470      99.46 1.6175e+03    294.388       7066  1027.2973  1027.2978     4.3071     1.3508     0.2006    33.8168    33.8176    8.11018         39 0.0000e+00
     30.000     29.688    -0.1539  28.030628    -0.1537  28.031413     9.0660     9.4646     8.1451    91.3052 5.2319e+00  -73.88072 -118.73942  50.922493      99.52 1.6183e+03    296.352       7113  1027.3021  1027.3028     4.3315     1.1595     0.1911    33.8171    33.8180    8.10942         40 0.0000e+00
     31.000     30.677    -0.1550  28.030034    -0.1537  28.031909     9.0713     9.4645     7.8153    91.7595 4.4576e+00  -73.88072 -118.73942  50.922513      99.38 1.6183e+03    298.136       7156  1027.3069  1027.3077     4.3531     1.6024     0.1850    33.8170    33.8180    8.10967         44 0.0000e+00
     32.000     31.667    -0.1527  28.032860    -0.1553  28.031067     9.0663     9.4547     8.1768    90.1946 3.7951e+00  -73.88072 -118.73942  50.922537      98.94 1.6176e+03    300.161       7205  1027.3119  1027.3126     4.2789     1.5006     0.1739    33.8175    33.8181    8.10913         41 0.0000e+00
     33.000     32.656    -0.1497  28.035630    -0.1515  28.034932     9.0673     9.4583     9.5937    89.6359 3.2674e+00  -73.88072 -118.73941  50.922559      93.12 1.6176e+03    302.126       7252  1027.3163  1027.3173     4.2524     1.3835     0.1754    33.8173    33.8183    8.10852         41 0.0000e+00
     34.000     33.646    -0.1530  28.033515    -0.1526  28.034467     9.0580     9.4638     9.6758    90.4757 2.8121e+00  -73.88072 -118.73941  50.922582      99.65 1.6176e+03    304.048       7298  1027.3216  1027.3222     4.2923     1.1226     0.1799    33.8176    33.8183    8.10921         41 0.0000e+00
     35.000     34.635    -0.1518  28.035033    -0.1519  28.035636     9.0598     9.4531     8.4038    90.6356 2.4050e+00  -73.88072 -118.73941  50.922605      99.48 1.6166e+03    306.036       7346  1027.3263  1027.3270     4.2997     1.2643     0.1807    33.8177    33.8185    8.10895         34 0.0000e+00
     36.000     35.624    -0.1510  28.036385    -0.1525  28.035494     9.0651     9.4563     9.2146    90.5579 2.0704e+00  -73.88072 -118.73941  50.922626      99.44 1.6166e+03    307.911       7391  1027.3313  1027.3318     4.2959     1.3914     0.1848    33.8179    33.8184    8.10875         33 0.0000e+00
     37.000     36.615    -0.1535  28.034484    -0.1532  28.035499     9.0700     9.4495     9.3370    90.4517 1.7887e+00  -73.88072 -118.73941  50.922647      99.47 1.6167e+03    309.672       7433  1027.3360  1027.3367     4.2910     1.4223     0.1994    33.8176    33.8186    8.10931         37 0.0000e+00
     38.000     37.604    -0.1502  28.038081    -0.1516  28.037133     9.0698     9.4562     9.0765    90.8483 1.5297e+00  -73.88072 -118.73941  50.922670      99.43 1.6177e+03    311.652       7481  1027.3409  1027.3413     4.3102     1.7694     0.1900    33.8181    33.8184    8.10857         43 0.0000e+00
     39.000     38.593    -0.1481  28.040190    -0.1483  28.040543     9.0602     9.4611     9.6351    90.2423 1.3033e+00  -73.88072 -118.73941  50.922694      99.40 1.6166e+03    313.770       7531  1027.3454  1027.3461     4.2814     1.4930     0.1985    33.8179    33.8187    8.10813         42 0.0000e+00
     40.000     39.583    -0.1513  28.037845    -0.1492  28.040347     9.0528     9.4574     8.7928    90.3325 1.1282e+00  -73.88072 -118.73941  50.922715      99.43 1.6166e+03    315.560       7574  1027.3503  1027.3509     4.2853     1.4206     0.1674    33.8177    33.8187    8.10882         37 0.0000e+00
     41.000     40.572    -0.1559  28.034357    -0.1564  28.034574     9.0382     9.4453     8.4747    91.0408 9.7805e-01  -73.88072 -118.73941  50.922733      99.39 1.6181e+03    317.174       7613  1027.3553  1027.3561     4.3190     1.5300     0.1735    33.8176    33.8185    8.10981         37 0.0000e+00
     42.000     41.562    -0.1608  28.030574    -0.1610  28.030903     9.0508     9.4472     9.4875    90.8844 8.3957e-01  -73.88073 -118.73941  50.922754      99.48 1.6164e+03    318.909       7655  1027.3603  1027.3608     4.3118     1.2811     0.1690    33.8174    33.8181    8.11087         33 0.0000e+00
     43.000     42.551    -0.1612  28.030611    -0.1614  28.031086     9.0580     9.4538     7.9576    90.2117 7.1679e-01  -73.88073 -118.73941  50.922772      99.44 1.6162e+03    320.487       7693  1027.3650  1027.3656     4.2796     1.3950     0.1843    33.8173    33.8181    8.11096         35 0.0000e+00
     44.000     43.540    -0.1605  28.031800    -0.1612  28.031796     9.0662     9.4495     8.6929    90.7102 6.1098e-01  -73.88073 -118.73941  50.922788      99.45 1.6163e+03    321.848       7725  1027.3698  1027.3705     4.3029     1.3715     0.1886    33.8175    33.8183    8.11080         33 0.0000e+00
     45.000     44.531    -0.1582  28.034359    -0.1577  28.035225     9.0552     9.4376    10.5101    90.1585 5.2251e-01  -73.88073 -118.73941  50.922805      99.50 1.6162e+03    323.391       7762  1027.3746  1027.3751     4.2776     1.4435     0.1675    33.8178    33.8184    8.11029         42 0.0000e+00
     46.000     45.517    -0.1591  28.033988    -0.1585  28.035027     9.0574     9.4455     9.9228    90.9880 4.5013e-01  -73.88073 -118.73941  50.922827      99.48 1.6163e+03    325.228       7806  1027.3794  1027.3799     4.3166     1.5277     0.1721    33.8177    33.8184    8.11050         36 0.0000e+00
     47.000     46.509    -0.1592  28.034689    -0.1520  28.041672     9.0557     9.4473     8.9128    91.3249 3.8526e-01  -73.88073 -118.73941  50.922844      99.56 1.6166e+03    326.717       7842  1027.3845  1027.3850     4.3324     1.7612     0.1993    33.8181    33.8194    8.11049         31 0.0000e+00
     48.000     47.499    -0.1350  28.057151    -0.1332  28.059034     9.0634     9.4468     8.9771    90.6375 3.2813e-01  -73.88073 -118.73941  50.922859      95.98 1.6166e+03    327.976       7872  1027.3893  1027.3896     4.2998     1.4608     0.1803    33.8206    33.8210    8.10521         31 0.0000e+00
     49.000     48.488    -0.1336  28.058433    -0.1346  28.058253     9.0625     9.4372     7.8700    90.3549 2.7376e-01  -73.88073 -118.73941  50.922876      99.35 1.6166e+03    329.470       7908  1027.3938  1027.3946     4.2865     1.4025     0.1770    33.8201    33.8210    8.10494         42 0.0000e+00
     50.000     49.477    -0.1348  28.058041    -0.1335  28.059369     9.0552     9.4395    14.5592    90.1018 2.3102e-01  -73.88073 -118.73941  50.922898      99.45 1.6166e+03    331.353       7953  1027.3989  1027.3991     4.2744     1.3530     0.1769    33.8203    33.8206    8.10518         40 0.0000e+00
     51.000     50.467    -0.1383  28.054646    -0.1550  28.041466     9.0431     9.4459    11.4506    90.7192 1.9547e-01  -73.88074 -118.73941  50.922916      99.48 1.6167e+03    332.934       7991  1027.4031  1027.4051     4.3037     1.3315     0.1669    33.8191    33.8201    8.10600         33 0.0000e+00
     52.000     51.456    -0.1683  28.029555    -0.1618  28.035779     9.0550     9.4392     7.5986    89.4531 1.6296e-01  -73.88074 -118.73940  50.922931      99.52 1.6181e+03    334.259       8023  1027.4096  1027.4098     4.2437     1.2583     0.1767    33.8184    33.8194    8.11242         32 0.0000e+00
