ocean_section_plots/required_files/ctd/dnbp2202_ctd278.cnv
* Sea-Bird SBE 9 Data File:
* FileName = D:\Data\raw\NBP2202_CTD278.hex
* Software Version Seasave V 7.26.7.121
* Temperature SN = 1649
* Conductivity SN = 2513
* Number of Bytes Per Scan = 40
* Number of Voltage Words = 5
* Number of Scans Averaged by the Deck Unit = 1
* NMEA Latitude = 74 04.62 S
* NMEA Longitude = 116 00.35 W
* NMEA UTC (Time) = Feb 21 2022  07:27:50
* NMEA baud rate = 9600
** Ship: RVIB N.B. Palmer
** Cruise: NBP2202 Thwaites
** Station: 180
** Operator: B. Bjork
# nquan = 28
# nvalues = 991                         
# units = specified
# name 0 = prDM: Pressure, Digiquartz [db]
# name 1 = depSM: Depth [salt water, m]
# name 2 = t090C: Temperature [ITS-90, deg C]
# name 3 = c0mS/cm: Conductivity [mS/cm]
# name 4 = t190C: Temperature, 2 [ITS-90, deg C]
# name 5 = c1mS/cm: Conductivity, 2 [mS/cm]
# name 6 = sbeox0ML/L: Oxygen, SBE 43 [ml/l]
# name 7 = sbeox1ML/L: Oxygen, SBE 43, 2 [ml/l]
# name 8 = flECO-AFL: Fluorescence, WET Labs ECO-AFL/FL [mg/m^3]
# name 9 = CStarTr0: Beam Transmission, WET Labs C-Star [%]
# name 10 = par: PAR/Irradiance, Biospherical/Licor
# name 11 = latitude: Latitude [deg]
# name 12 = longitude: Longitude [deg]
# name 13 = timeJ: Julian Days
# name 14 = altM: Altimeter [m]
# name 15 = spar: SPAR, Biospherical/Licor
# name 16 = timeS: Time, Elapsed [seconds]
# name 17 = scan: Scan Count
# name 18 = density00: Density [density, kg/m^3]
# name 19 = density11: Density, 2 [density, kg/m^3]
# name 20 = v3: Voltage 3
# name 21 = v4: Voltage 4
# name 22 = v5: Voltage 5
# name 23 = sal00: Salinity, Practical [PSU]
# name 24 = sal11: Salinity, Practical, 2 [PSU]
# name 25 = oxsolML/L: Oxygen Saturation, Garcia & Gordon [ml/l]
# name 26 = nbin: number of scans per bin
# name 27 = flag: flag
# span 0 =      2.000,    992.000       
# span 1 =      1.980,    979.397       
# span 2 =    -1.8611,     0.5191       
# span 3 =  26.883757,  29.592052       
# span 4 =    -1.8609,     0.5213       
# span 5 =  26.884213,  29.592624       
# span 6 =     4.4680,     9.0838       
# span 7 =     4.5673,     9.4055       
# span 8 =     0.1241,    10.2222       
# span 9 =    88.9071,    98.5096       
# span 10 = 1.0000e-12, 6.0282e-01      
# span 11 =  -74.07700,  -74.07700      
# span 12 = -116.00596, -116.00592      
# span 13 =  52.313339,  52.326816      
# span 14 =       3.77,     100.29      
# span 15 = 1.2855e+01, 2.5212e+01      
# span 16 =    202.450,   1366.875      
# span 17 =       4860,      32806      
# span 18 =  1027.1479,  1032.3854      
# span 19 =  1027.1510,  1032.3838      
# span 20 =     4.2194,     4.6731      
# span 21 =     0.0845,     1.3602      
# span 22 =     0.1058,     0.2209      
# span 23 =    33.7586,    34.5596      
# span 24 =    33.7610,    34.5578      
# span 25 =    7.92731,    8.47284      
# span 26 =         22,         65      
# span 27 = 0.0000e+00, 0.0000e+00      
# interval = decibars: 1                
# start_time = Feb 21 2022 07:27:50 [NMEA time, header]
# bad_flag = -9.990e-29
*END*
[from data line 467]
    469.000    463.622    -1.7030  27.192919    -1.7049  27.190880     6.4667     6.6314     0.5453    97.6229 1.0000e-12  -74.07700 -116.00594  52.319853      99.87 1.6953e+01    765.334      18369  1029.7431  1029.7428     4.6311     0.1959     0.1152    34.1572    34.1565    8.43021         26 0.0000e+00
    470.000    464.610    -1.7076  27.189836    -1.7067  27.189903     6.4722     6.6376     0.8934    97.7351 1.0000e-12  -74.07700 -116.00594  52.319866      99.87 1.5861e+01    766.401      18395  1029.7485  1029.7478     4.6364     0.1504     0.1120    34.1576    34.1567    8.43123         26 0.0000e+00
    471.000    465.598    -1.7125  27.186082    -1.7103  27.187576     6.4713     6.6475     1.0227    97.5312 1.0000e-12  -74.07700 -116.00594  52.319878      99.87 1.6423e+01    767.445      18420  1029.7535  1029.7530     4.6267     0.1657     0.1136    34.1574    34.1569    8.43237         25 0.0000e+00
    472.000    466.585    -1.7168  27.183149    -1.7157  27.183531     6.4597     6.6323     0.9358    97.5854 1.0000e-12  -74.07700 -116.00594  52.319890      99.87 1.7160e+01    768.529      18446  1029.7587  1029.7581     4.6294     0.1687     0.1145    34.1576    34.1569    8.43333         26 0.0000e+00
    473.000    467.573    -1.7051  27.194810    -1.7030  27.195674     6.4581     6.6280     0.5914    97.6306 1.0000e-12  -74.07700 -116.00594  52.319903      99.86 1.5933e+01    769.605      18472  1029.7644  1029.7632     4.6315     0.1888     0.1178    34.1598    34.1585    8.43054         26 0.0000e+00
    474.000    468.558    -1.6907  27.207917    -1.6898  27.207674     6.4469     6.6293     0.9393    97.6597 1.0000e-12  -74.07700 -116.00594  52.319915      96.26 1.6599e+01    770.668      18497  1029.7690  1029.7679     4.6328     0.2128     0.1138    34.1608    34.1594    8.42720         26 0.0000e+00
    475.000    469.549    -1.6879  27.210450    -1.6844  27.213029     6.4324     6.6183     1.2371    97.4759 1.0000e-12  -74.07700 -116.00594  52.319928      81.00 1.7346e+01    771.754      18523  1029.7734  1029.7729     4.6241     0.1637     0.1131    34.1605    34.1601    8.42659         26 0.0000e+00
    476.000    470.535    -1.6795  27.219017    -1.6775  27.219684     6.4378     6.6183     1.1131    97.4699 1.0000e-12  -74.07700 -116.00594  52.319940      94.56 1.5869e+01    772.811      18548  1029.7789  1029.7777     4.6239     0.1929     0.1176    34.1620    34.1607    8.42457         24 0.0000e+00
    477.000    471.522    -1.6690  27.228268    -1.6677  27.228742     6.4245     6.5931     0.6694    97.1580 1.0000e-12  -74.07700 -116.00594  52.319952      99.88 1.6573e+01    773.836      18573  1029.7833  1029.7825     4.6092     0.1697     0.1127    34.1623    34.1614    8.42218         25 0.0000e+00
    478.000    472.509    -1.6639  27.233957    -1.6625  27.234275     6.4221     6.5848     0.5089    97.5649 1.0000e-12  -74.07700 -116.00594  52.319964      99.86 1.7702e+01    774.900      18599  1029.7889  1029.7879     4.6282     0.2145     0.1112    34.1637    34.1625    8.42094         26 0.0000e+00
    479.000    473.498    -1.6503  27.246967    -1.6488  27.247421     6.4316     6.5947     1.8881    97.5627 1.0000e-12  -74.07700 -116.00594  52.319977      99.86 1.5979e+01    775.976      18624  1029.7944  1029.7933     4.6282     0.2091     0.1197    34.1656    34.1644    8.41775         25 0.0000e+00
    480.000    474.483    -1.6594  27.238901    -1.6589  27.239170     6.4398     6.6108     0.7103    97.3320 1.0000e-12  -74.07700 -116.00594  52.319989      99.86 1.6547e+01    777.028      18650  1029.7988  1029.7986     4.6173     0.2207     0.1205    34.1641    34.1639    8.41988         26 0.0000e+00
    481.000    475.472    -1.6817  27.221341    -1.6806  27.221869     6.4445     6.6252     0.6035    97.5555 1.0000e-12  -74.07700 -116.00594  52.320001      99.87 1.7963e+01    778.100      18675  1029.8057  1029.8052     4.6279     0.1696     0.1125    34.1647    34.1642    8.42491         26 0.0000e+00
    482.000    476.458    -1.6795  27.224045    -1.6782  27.224411     6.4422     6.6118     0.7711    97.5274 1.0000e-12  -74.07700 -116.00594  52.320014      99.87 1.5920e+01    779.175      18701  1029.8108  1029.8100     4.6266     0.1969     0.1108    34.1654    34.1643    8.42438         25 0.0000e+00
    483.000    477.447    -1.6729  27.230899    -1.6720  27.230703     6.4294     6.5961     0.9147    97.5801 1.0000e-12  -74.07700 -116.00594  52.320026      99.87 1.6218e+01    780.206      18726  1029.8162  1029.8151     4.6290     0.1518     0.1163    34.1667    34.1653    8.42281         25 0.0000e+00
    484.000    478.433    -1.6621  27.240764    -1.6613  27.240643     6.4280     6.5968     0.5215    97.6620 1.0000e-12  -74.07700 -116.00594  52.320038      99.87 1.7141e+01    781.256      18751  1029.8208  1029.8199     4.6329     0.1426     0.1111    34.1673    34.1663    8.42030         26 0.0000e+00
    485.000    479.421    -1.6607  27.242493    -1.6594  27.242946     6.4207     6.5991     0.4491    97.6946 1.0000e-12  -74.07700 -116.00594  52.320050      99.87 1.6148e+01    782.333      18777  1029.8257  1029.8249     4.6345     0.1685     0.1134    34.1676    34.1666    8.41999         25 0.0000e+00
    486.000    480.408    -1.6570  27.246488    -1.6559  27.246594     6.4187     6.5975     0.6584    97.4062 1.0000e-12  -74.07700 -116.00594  52.320062      86.37 1.6432e+01    783.382      18802  1029.8308  1029.8299     4.6208     0.1537     0.1114    34.1682    34.1671    8.41911         25 0.0000e+00
    487.000    481.397    -1.6522  27.251182    -1.6525  27.249971     6.4078     6.5826     0.6463    97.3918 1.0000e-12  -74.07700 -116.00594  52.320075      85.99 1.7223e+01    784.439      18828  1029.8356  1029.8346     4.6202     0.1587     0.1150    34.1685    34.1673    8.41798         26 0.0000e+00
    488.000    482.382    -1.6430  27.260151    -1.6403  27.261502     6.3783     6.5549     0.5685    97.2897 1.0000e-12  -74.07700 -116.00594  52.320087      98.68 1.6422e+01    785.511      18853  1029.8408  1029.8397     4.6153     0.1929     0.1157    34.1698    34.1687    8.41583         25 0.0000e+00
    489.000    483.370    -1.6240  27.277807    -1.6215  27.278713     6.3585     6.5387     0.6726    97.2072 1.0000e-12  -74.07700 -116.00594  52.320099      99.87 1.6218e+01    786.544      18878  1029.8460  1029.8445     4.6114     0.1519     0.1124    34.1719    34.1703    8.41140         25 0.0000e+00
    490.000    484.358    -1.6020  27.297195    -1.5994  27.298475     6.3518     6.5377     0.5982    97.5310 1.0000e-12  -74.07700 -116.00594  52.320111      99.87 1.7342e+01    787.590      18903  1029.8502  1029.8491     4.6268     0.1669     0.1135    34.1729    34.1717    8.40635         26 0.0000e+00
    491.000    485.345    -1.5911  27.307533    -1.5894  27.307980     6.3206     6.5097     0.8223    97.5658 1.0000e-12  -74.07700 -116.00594  52.320124      99.88 1.6420e+01    788.674      18929  1029.8554  1029.8543     4.6283     0.1481     0.1130    34.1742    34.1729    8.40382         26 0.0000e+00
    492.000    486.333    -1.5790  27.319029    -1.5766  27.319949     6.2804     6.4646     0.6836    97.6802 1.0000e-12  -74.07700 -116.00594  52.320136      99.88 1.6164e+01    789.710      18954  1029.8606  1029.8593     4.6338     0.1536     0.1147    34.1755    34.1741    8.40099         24 0.0000e+00
    493.000    487.318    -1.5324  27.363175    -1.5286  27.364016     6.2454     6.4296     0.4842    97.6467 1.0000e-12  -74.07700 -116.00594  52.320147      99.88 1.7120e+01    790.734      18979  1029.8680  1029.8652     4.6322     0.1526     0.1127    34.1826    34.1794    8.39006         25 0.0000e+00
    494.000    488.308    -1.4854  27.403693    -1.4835  27.404046     6.2287     6.4034     0.4964    97.5595 1.0000e-12  -74.07700 -116.00594  52.320160      99.85 1.6577e+01    791.781      19004  1029.8709  1029.8695     4.6281     0.2872     0.1181    34.1841    34.1825    8.37936         25 0.0000e+00
    495.000    489.293    -1.4728  27.416204    -1.4704  27.416881     6.2178     6.3881     0.4718    97.2925 1.0000e-12  -74.07700 -116.00594  52.320172      99.87 1.6017e+01    792.815      19029  1029.8771  1029.8756     4.6154     0.1862     0.1114    34.1863    34.1846    8.37639         25 0.0000e+00
    496.000    490.282    -1.4605  27.427682    -1.4589  27.427867     6.2083     6.3844     0.6282    97.2410 1.0000e-12  -74.07700 -116.00594  52.320184      99.87 1.6563e+01    793.860      19054  1029.8824  1029.8811     4.6130     0.1574     0.1102    34.1875    34.1859    8.37356         25 0.0000e+00
    497.000    491.269    -1.4555  27.432854    -1.4540  27.432875     6.2029     6.3819     0.8652    97.5562 1.0000e-12  -74.07700 -116.00594  52.320196      99.86 1.6680e+01    794.944      19080  1029.8879  1029.8865     4.6279     0.2491     0.1146    34.1883    34.1867    8.37239         26 0.0000e+00
    498.000    492.256    -1.4527  27.435935    -1.4512  27.436085     6.2033     6.3797     0.8719    97.3952 1.0000e-12  -74.07700 -116.00594  52.320208      99.87 1.5873e+01    795.991      19105  1029.8933  1029.8920     4.6203     0.2323     0.1132    34.1887    34.1873    8.37174         25 0.0000e+00
    499.000    493.243    -1.4506  27.438345    -1.4499  27.437750     6.2070     6.3812     0.6139    97.4029 1.0000e-12  -74.07700 -116.00594  52.320220      86.30 1.6628e+01    797.024      19130  1029.8984  1029.8971     4.6207     0.4395     0.1208    34.1890    34.1874    8.37124         25 0.0000e+00
    500.000    494.231    -1.4496  27.439489    -1.4482  27.439685     6.2081     6.3823     0.7598    97.5932 1.0000e-12  -74.07700 -116.00594  52.320232      93.11 1.6992e+01    798.075      19155  1029.9034  1029.9022     4.6297     0.1588     0.1099    34.1889    34.1875    8.37104         25 0.0000e+00
    501.000    495.218    -1.4497  27.439726    -1.4480  27.440219     6.2100     6.3807     0.6781    97.0683 1.0000e-12  -74.07700 -116.00594  52.320244      99.61 1.5870e+01    799.101      19179  1029.9082  1029.9072     4.6050     0.1562     0.1122    34.1887    34.1875    8.37107         24 0.0000e+00
    502.000    496.205    -1.4467  27.443156    -1.4451  27.443401     6.2092     6.3724     0.5484    97.7047 1.0000e-12  -74.07700 -116.00594  52.320256      99.87 1.6234e+01    800.107      19204  1029.9136  1029.9122     4.6347     0.1400     0.1124    34.1894    34.1878    8.37035         24 0.0000e+00
    503.000    497.193    -1.4438  27.446246    -1.4421  27.446533     6.2045     6.3793     0.6146    97.5019 1.0000e-12  -74.07700 -116.00594  52.320268      99.87 1.7311e+01    801.166      19229  1029.9186  1029.9173     4.6253     0.1828     0.1149    34.1897    34.1882    8.36967         26 0.0000e+00
    504.000    498.178    -1.4435  27.447018    -1.4420  27.447260     6.2062     6.3696     1.0135    97.6030 1.0000e-12  -74.07700 -116.00594  52.320280      99.87 1.5833e+01    802.233      19255  1029.9236  1029.9225     4.6301     0.1778     0.1219    34.1898    34.1884    8.36960         25 0.0000e+00
    505.000    499.168    -1.4458  27.445616    -1.4441  27.446077     6.2078     6.3735     0.5564    97.6154 1.0000e-12  -74.07700 -116.00594  52.320292      99.87 1.6080e+01    803.260      19279  1029.9288  1029.9277     4.6307     0.1699     0.1159    34.1898    34.1886    8.37011         25 0.0000e+00
    506.000    500.153    -1.4460  27.446331    -1.4442  27.446961     6.2007     6.3672     0.5700    97.5786 1.0000e-12  -74.07700 -116.00594  52.320304      99.86 1.7152e+01    804.308      19304  1029.9342  1029.9332     4.6291     0.2070     0.1109    34.1904    34.1893    8.37012         25 0.0000e+00
    507.000    501.142    -1.4426  27.450453    -1.4407  27.450902     6.1757     6.3438     0.6200    97.6137 1.0000e-12  -74.07700 -116.00594  52.320317      99.87 1.5798e+01    805.354      19330  1029.9397  1029.9385     4.6307     0.1760     0.1136    34.1916    34.1901    8.36929         26 0.0000e+00
    508.000    502.129    -1.4174  27.475125    -1.4146  27.475747     6.1417     6.3166     0.7802    97.1817 1.0000e-12  -74.07700 -116.00594  52.320328      99.87 1.6150e+01    806.367      19354  1029.9465  1029.9444     4.6102     0.2044     0.1114    34.1963    34.1939    8.36337         24 0.0000e+00
    509.000    503.115    -1.3820  27.508341    -1.3796  27.508746     6.1203     6.2928     0.6143    97.1026 1.0000e-12  -74.07700 -116.00594  52.320340      99.87 1.6991e+01    807.412      19379  1029.9525  1029.9506     4.6065     0.1751     0.1128    34.2009    34.1987    8.35515         25 0.0000e+00
    510.000    504.104    -1.3595  27.529338    -1.3577  27.529459     6.1008     6.2787     0.6579    97.4832 1.0000e-12  -74.07700 -116.00594  52.320353      99.87 1.5864e+01    808.461      19404  1029.9580  1029.9564     4.6244     0.1792     0.1126    34.2034    34.2015    8.34997         25 0.0000e+00
    511.000    505.090    -1.3472  27.540812    -1.3454  27.541020     6.0983     6.2649     0.5451    97.3466 1.0000e-12  -74.07700 -116.00594  52.320364      82.83 1.5866e+01    809.471      19428  1029.9631  1029.9616     4.6180     0.1789     0.1139    34.2045    34.2028    8.34715         24 0.0000e+00
    512.000    506.077    -1.3398  27.548508    -1.3378  27.548718     6.0864     6.2577     0.4756    97.3382 1.0000e-12  -74.07700 -116.00594  52.320376      85.61 1.5866e+01    810.498      19453  1029.9688  1029.9671     4.6176     0.1899     0.1107    34.2061    34.2041    8.34540         25 0.0000e+00
    513.000    507.065    -1.3330  27.554879    -1.3314  27.555026     6.0860     6.2528     0.5654    97.0699 1.0000e-12  -74.07700 -116.00594  52.320388      97.78 1.5866e+01    811.548      19478  1029.9737  1029.9723     4.6049     0.1978     0.1135    34.2064    34.2048    8.34386         25 0.0000e+00
    514.000    508.051    -1.3334  27.555015    -1.3319  27.554985     6.0727     6.2433     0.7310    97.3746 1.0000e-12  -74.07700 -116.00594  52.320400      99.86 1.5866e+01    812.563      19503  1029.9788  1029.9773     4.6194     0.2595     0.1157    34.2064    34.2047    8.34394         24 0.0000e+00
    515.000    509.039    -1.3205  27.567824    -1.3184  27.568234     6.0621     6.2317     0.8886    97.3260 1.0000e-12  -74.07700 -116.00594  52.320412      99.85 1.5866e+01    813.593      19527  1029.9847  1029.9830     4.6170     0.2893     0.1280    34.2087    34.2068    8.34094         26 0.0000e+00
    516.000    510.028    -1.3079  27.579952    -1.3060  27.580245     6.0501     6.2215     0.7327    96.8546 1.0000e-12  -74.07700 -116.00594  52.320424      99.87 1.5866e+01    814.645      19552  1029.9900  1029.9885     4.5946     0.2026     0.1219    34.2103    34.2085    8.33801         24 0.0000e+00
    517.000    511.014    -1.2947  27.592863    -1.2927  27.592893     6.0277     6.2015     0.6508    97.3266 1.0000e-12  -74.07700 -116.00594  52.320436      99.87 1.5866e+01    815.656      19577  1029.9957  1029.9939     4.6171     0.1989     0.1193    34.2124    34.2102    8.33496         24 0.0000e+00
    518.000    512.000    -1.2846  27.602660    -1.2824  27.603010     6.0024     6.1776     0.5383    97.6606 1.0000e-12  -74.07700 -116.00594  52.320448      99.86 1.6717e+01    816.676      19601  1030.0010  1029.9993     4.6328     0.2223     0.1264    34.2137    34.2117    8.33262         25 0.0000e+00
