ocean_section_plots/required_files/ctd/dnbp2202_ctd194.cnv
* Sea-Bird SBE 9 Data File:
* FileName = D:\Data\raw\NBP2202_CTD194.hex
* Software Version Seasave V 7.26.7.121
* Temperature SN = 1649
* Conductivity SN = 2513
* Number of Bytes Per Scan = 40
* Number of Voltage Words = 5
* Number of Scans Averaged by the Deck Unit = 1
* NMEA Latitude = 73 47.99 S
* NMEA Longitude = 112 40.04 W
* NMEA UTC (Time) = Feb 07 2022  20:50:37
* NMEA baud rate = 9600
** Ship: RVIB N.B. Palmer
** Cruise: NBP2202 Thwaites
** Station: 115
** Operator: A. Robinson
# nquan = 28
# nvalues = 739                         
# units = specified
# name 0 = prDM: Pressure, Digiquartz [db]
# name 1 = depSM: Depth [salt water, m]
# name 2 = t090C: Temperature [ITS-90, deg C]
# name 3 = c0mS/cm: Conductivity [mS/cm]
# name 4 = t190C: Temperature, 2 [ITS-90, deg C]
# name 5 = c1mS/cm: Conductivity, 2 [mS/cm]
# name 6 = sbeox0ML/L: Oxygen, SBE 43 [ml/l]
# name 7 = sbeox1ML/L: Oxygen, SBE 43, 2 [ml/l]
# name 8 = flECO-AFL: Fluorescence, WET Labs ECO-AFL/FL [mg/m^3]
# name 9 = CStarTr0: Beam Transmission, WET Labs C-Star [%]
# name 10 = par: PAR/Irradiance, Biospherical/Licor
# name 11 = latitude: Latitude [deg]
# name 12 = longitude: Longitude [deg]
# name 13 = timeJ: Julian Days
# name 14 = altM: Altimeter [m]
# name 15 = spar: SPAR, Biospherical/Licor
# name 16 = timeS: Time, Elapsed [seconds]
# name 17 = scan: Scan Count
# name 18 = density00: Density [density, kg/m^3]
# name 19 = density11: Density, 2 [density, kg/m^3]
# name 20 = v3: Voltage 3
# name 21 = v4: Voltage 4
# name 22 = v5: Voltage 5
# name 23 = sal00: Salinity, Practical [PSU]
# name 24 = sal11: Salinity, Practical, 2 [PSU]
# name 25 = oxsolML/L: Oxygen Saturation, Garcia & Gordon [ml/l]
# name 26 = nbin: number of scans per bin
# name 27 = flag: flag
# span 0 =      1.000,    739.000       
# span 1 =      0.991,    730.062       
# span 2 =    -1.4777,     0.5772       
# span 3 =  27.085102,  29.544286       
# span 4 =    -1.4776,     0.5796       
# span 5 =  27.085077,  29.544327       
# span 6 =     4.5712,     8.9483       
# span 7 =     4.6760,     9.1672       
# span 8 =    -0.0090,    26.2042       
# span 9 =    74.9496,    98.7477       
# span 10 = 1.0000e-12, 2.8451e+02      
# span 11 =  -73.79998,  -73.79998      
# span 12 = -112.66744, -112.66742      
# span 13 =  38.870707,  38.881206      
# span 14 =       3.79,     109.39      
# span 15 = 4.8396e+02, 6.3238e+02      
# span 16 =    192.092,   1099.171      
# span 17 =       4611,      26381      
# span 18 =  1027.1674,  1031.2143      
# span 19 =  1027.1704,  1031.2119      
# span 20 =     3.5567,     4.6845      
# span 21 =     0.0647,     3.8189      
# span 22 =     0.1128,     0.2531      
# span 23 =    33.7956,    34.5766      
# span 24 =    33.7979,    34.5738      
# span 25 =    7.91449,    8.38973      
# span 26 =          2,         48      
# span 27 = 0.0000e+00, 0.0000e+00      
# interval = decibars: 1                
# start_time = Feb 07 2022 20:50:37 [NMEA time, header]
# bad_flag = -9.990e-29
*END*
[from data line 156]
    157.000    155.320    -1.4777  27.111241    -1.4776  27.111156     6.3911     6.5589     1.2113    95.9578 1.0000e-12  -73.79998 -112.66742  38.873729      99.80 5.4664e+02    453.158      10877  1028.1004  1028.1002     4.5521     0.2526     0.1240    33.9812    33.9809    8.38973         24 0.0000e+00
    158.000    156.308    -1.4756  27.114642    -1.4753  27.114705     6.3663     6.5376     0.7711    96.0242 1.0000e-12  -73.79998 -112.66742  38.873740      99.79 5.4670e+02    454.170      10901  1028.1062  1028.1060     4.5553     0.2014     0.1218    33.9828    33.9826    8.38915         25 0.0000e+00
    159.000    157.295    -1.4716  27.119859    -1.4714  27.119733     6.2980     6.4760     2.6375    96.8090 1.0000e-12  -73.79998 -112.66742  38.873752      99.79 5.4766e+02    455.176      10925  1028.1122  1028.1119     4.5925     0.2291     0.1214    33.9849    33.9845    8.38813         24 0.0000e+00
    160.000    158.287    -1.4554  27.136717    -1.4542  27.137079     6.2381     6.4269     1.0526    96.5907 1.0000e-12  -73.79998 -112.66742  38.873764      99.79 5.4789e+02    456.195      10950  1028.1192  1028.1185     4.5821     0.2947     0.1216    33.9891    33.9882    8.38424         24 0.0000e+00
    161.000    159.275    -1.4315  27.159112    -1.4304  27.159430     6.1679     6.3672     0.7847    96.4838 1.0000e-12  -73.79998 -112.66742  38.873775      99.79 5.4789e+02    457.199      10974  1028.1249  1028.1241     4.5771     0.2559     0.1177    33.9921    33.9913    8.37866         24 0.0000e+00
    162.000    160.263    -1.4218  27.168236    -1.4216  27.167931     6.0815     6.2867     0.8978    96.8429 1.0000e-12  -73.79998 -112.66742  38.873787      99.80 5.4717e+02    458.225      10998  1028.1298  1028.1293     4.5941     0.2123     0.1216    33.9930    33.9924    8.37643         26 0.0000e+00
    163.000    161.252    -1.4010  27.189245    -1.3998  27.189230     6.0187     6.2252     1.5149    96.9438 1.0000e-12  -73.79998 -112.66742  38.873799      99.80 5.4824e+02    459.256      11023  1028.1371  1028.1359     4.5989     0.2068     0.1216    33.9977    33.9963    8.37148         24 0.0000e+00
    164.000    162.242    -1.3575  27.229457    -1.3566  27.229125     6.0034     6.1982     1.4158    96.5496 1.0000e-12  -73.79998 -112.66742  38.873811      99.79 5.4971e+02    460.250      11047  1028.1435  1028.1423     4.5802     0.2724     0.1245    34.0030    34.0014    8.36141         23 0.0000e+00
    165.000    163.230    -1.3540  27.234290    -1.3538  27.234038     6.0430     6.2353     1.0134    96.8504 1.0000e-12  -73.79998 -112.66742  38.873822      99.79 5.4713e+02    461.238      11071  1028.1500  1028.1495     4.5946     0.3200     0.1224    34.0049    34.0043    8.36050         24 0.0000e+00
    166.000    164.219    -1.3549  27.235253    -1.3545  27.234971     6.0778     6.2664     1.3080    97.1734 1.0000e-12  -73.79998 -112.66742  38.873834      99.79 5.4708e+02    462.238      11095  1028.1565  1028.1558     4.6097     0.2478     0.1178    34.0066    34.0058    8.36059         24 0.0000e+00
    167.000    165.209    -1.3821  27.212654    -1.3827  27.212741     6.1076     6.2878     1.7114    97.3539 1.0000e-12  -73.79998 -112.66742  38.873846      99.80 5.4684e+02    463.269      11119  1028.1626  1028.1633     4.6184     0.2539     0.1227    34.0059    34.0067    8.36674         25 0.0000e+00
    168.000    166.196    -1.3950  27.204808    -1.3987  27.200691     6.1319     6.2996     1.7708    96.9225 1.0000e-12  -73.79998 -112.66742  38.873858      99.04 5.4770e+02    464.306      11144  1028.1710  1028.1700     4.5979     0.2588     0.1182    34.0092    34.0077    8.36946         25 0.0000e+00
    169.000    167.186    -1.3805  27.218167    -1.3810  27.217629     6.1212     6.2857     1.0723    96.9482 1.0000e-12  -73.79998 -112.66742  38.873869      96.79 5.4819e+02    465.298      11168  1028.1760  1028.1758     4.5991     0.2590     0.1233    34.0105    34.0102    8.36613         23 0.0000e+00
    170.000    168.174    -1.3996  27.203601    -1.3987  27.204048     6.1118     6.2791     1.5158    96.2051 1.0000e-12  -73.79998 -112.66742  38.873880      99.82 5.4717e+02    466.260      11191  1028.1828  1028.1824     4.5639     0.2810     0.1231    34.0115    34.0111    8.37035         23 0.0000e+00
    171.000    169.163    -1.3836  27.219793    -1.3829  27.219223     6.1217     6.2930     1.2642    96.6986 1.0000e-12  -73.79998 -112.66742  38.873892      99.80 5.4663e+02    467.238      11215  1028.1894  1028.1880     4.5871     0.2458     0.1218    34.0150    34.0133    8.36656         24 0.0000e+00
    172.000    170.153    -1.3764  27.226389    -1.3765  27.226290     6.1298     6.2997     1.0421    96.5491 1.0000e-12  -73.79998 -112.66742  38.873904      99.79 5.4721e+02    468.266      11239  1028.1940  1028.1940     4.5802     0.2062     0.1257    34.0152    34.0152    8.36491         25 0.0000e+00
    173.000    171.141    -1.3937  27.213252    -1.3937  27.213034     6.1413     6.3091     1.3787    96.1927 1.0000e-12  -73.79998 -112.66742  38.873916      99.76 5.4791e+02    469.301      11264  1028.2008  1028.2006     4.5633     0.4272     0.1230    34.0162    34.0159    8.36874         25 0.0000e+00
    174.000    172.131    -1.3833  27.224782    -1.3826  27.224538     6.1493     6.3167     1.8374    95.8092 1.0000e-12  -73.79998 -112.66742  38.873927      99.80 5.4897e+02    470.310      11288  1028.2076  1028.2066     4.5450     0.1731     0.1196    34.0196    34.0184    8.36620         23 0.0000e+00
    175.000    173.118    -1.3824  27.225616    -1.3825  27.225322     6.1768     6.3382     1.5177    96.3335 1.0000e-12  -73.79998 -112.66742  38.873938      99.79 5.4879e+02    471.273      11312  1028.2120  1028.2118     4.5699     0.2845     0.1280    34.0191    34.0188    8.36604         23 0.0000e+00
    176.000    174.107    -1.4014  27.210668    -1.4013  27.210499     6.2225     6.3866     0.9391    96.2638 1.0000e-12  -73.79998 -112.66742  38.873950      99.80 5.4946e+02    472.252      11335  1028.2184  1028.2181     4.5667     0.2308     0.1249    34.0196    34.0192    8.37028         25 0.0000e+00
    177.000    175.097    -1.4121  27.202002    -1.4120  27.201991     6.2390     6.4024     0.8266    96.6532 1.0000e-12  -73.79998 -112.66742  38.873962      99.80 5.4925e+02    473.289      11360  1028.2235  1028.2235     4.5851     0.2253     0.1248    34.0191    34.0190    8.37269         25 0.0000e+00
    178.000    176.085    -1.4407  27.179114    -1.4404  27.179369     6.2336     6.3959     0.9730    96.9531 1.0000e-12  -73.79998 -112.66742  38.873974      99.80 5.4884e+02    474.321      11385  1028.2304  1028.2304     4.5993     0.2115     0.1241    34.0195    34.0196    8.37910         24 0.0000e+00
    179.000    177.073    -1.4335  27.188873    -1.4331  27.188088     6.2279     6.3975     0.8861    96.8011 1.0000e-12  -73.79998 -112.66742  38.873985      99.80 5.5089e+02    475.344      11409  1028.2383  1028.2371     4.5921     0.2347     0.1240    34.0242    34.0227    8.37722         25 0.0000e+00
    180.000    178.063    -1.4175  27.203930    -1.4183  27.203002     6.2241     6.4010     0.8583    97.0422 1.0000e-12  -73.79998 -112.66742  38.873997      99.79 5.5261e+02    476.365      11434  1028.2435  1028.2432     4.6036     0.2740     0.1236    34.0260    34.0257    8.37350         24 0.0000e+00
    181.000    179.052    -1.4310  27.193741    -1.4313  27.193389     6.2282     6.3992     0.6665    96.9943 1.0000e-12  -73.79998 -112.66742  38.874009      89.75 5.5259e+02    477.361      11458  1028.2497  1028.2496     4.6013     0.2111     0.1212    34.0268    34.0266    8.37649         24 0.0000e+00
    182.000    180.040    -1.4332  27.193292    -1.4328  27.193126     6.2310     6.4010     0.5703    95.9593 1.0000e-12  -73.79998 -112.66742  38.874020      99.82 5.5308e+02    478.337      11481  1028.2556  1028.2550     4.5522     0.2231     0.1304    34.0280    34.0273    8.37691         23 0.0000e+00
    183.000    181.029    -1.4336  27.193423    -1.4332  27.193320     6.2280     6.4040     0.9537    96.5230 1.0000e-12  -73.79998 -112.66742  38.874032      99.79 5.5426e+02    479.345      11505  1028.2604  1028.2598     4.5789     0.2624     0.1221    34.0281    34.0274    8.37701         25 0.0000e+00
    184.000    182.019    -1.4351  27.193027    -1.4347  27.192873     6.2242     6.4042     1.0399    96.6440 1.0000e-12  -73.79998 -112.66742  38.874044      99.80 5.5188e+02    480.392      11530  1028.2655  1028.2650     4.5847     0.2617     0.1213    34.0285    34.0279    8.37730         25 0.0000e+00
    185.000    183.007    -1.4367  27.192466    -1.4364  27.192158     6.2376     6.4012     1.3947    96.6525 1.0000e-12  -73.79998 -112.66742  38.874056      99.80 5.5230e+02    481.404      11555  1028.2707  1028.2702     4.5851     0.2455     0.1180    34.0290    34.0283    8.37764         24 0.0000e+00
    186.000    183.995    -1.4384  27.191911    -1.4382  27.191699     6.2319     6.4106     0.9240    97.1195 1.0000e-12  -73.79998 -112.66742  38.874067      99.76 5.5462e+02    482.378      11578  1028.2761  1028.2756     4.6071     0.4341     0.1214    34.0296    34.0290    8.37800         23 0.0000e+00
    187.000    184.984    -1.4406  27.191238    -1.4402  27.191014     6.2398     6.4176     0.8088    96.8097 1.0000e-12  -73.79998 -112.66742  38.874078      99.80 5.5395e+02    483.302      11600  1028.2817  1028.2811     4.5925     0.2176     0.1199    34.0305    34.0298    8.37843         22 0.0000e+00
    188.000    185.973    -1.4400  27.192957    -1.4397  27.192680     6.2502     6.4207     0.8910    97.2815 1.0000e-12  -73.79998 -112.66742  38.874089      99.80 5.5384e+02    484.283      11624  1028.2872  1028.2866     4.6149     0.2516     0.1195    34.0315    34.0308    8.37823         24 0.0000e+00
    189.000    186.962    -1.4348  27.199998    -1.4346  27.199679     6.2500     6.4136     0.7564    96.8841 1.0000e-12  -73.79998 -112.66742  38.874101      99.80 5.5467e+02    485.286      11648  1028.2943  1028.2936     4.5961     0.2162     0.1209    34.0348    34.0340    8.37688         25 0.0000e+00
    190.000    187.951    -1.4313  27.204671    -1.4313  27.204203     6.2426     6.4115     0.7431    96.5098 1.0000e-12  -73.79998 -112.66742  38.874113      99.80 5.5355e+02    486.329      11673  1028.3003  1028.2998     4.5783     0.2656     0.1243    34.0366    34.0359    8.37599         25 0.0000e+00
    191.000    188.939    -1.4305  27.206339    -1.4302  27.206073     6.2397     6.4132     1.1696    96.4171 1.0000e-12  -73.79998 -112.66742  38.874125      99.79 5.5233e+02    487.390      11698  1028.3056  1028.3050     4.5739     0.2640     0.1253    34.0374    34.0366    8.37576         25 0.0000e+00
    192.000    189.927    -1.4305  27.206955    -1.4303  27.206568     6.2338     6.4102     0.7476    96.8087 1.0000e-12  -73.79998 -112.66742  38.874137      99.79 5.5296e+02    488.398      11723  1028.3105  1028.3099     4.5924     0.2820     0.1237    34.0375    34.0368    8.37573         24 0.0000e+00
    193.000    190.917    -1.4300  27.207883    -1.4296  27.207658     6.2332     6.4086     1.1496    97.1624 1.0000e-12  -73.79998 -112.66742  38.874148      99.79 5.5490e+02    489.376      11746  1028.3154  1028.3147     4.6092     0.2708     0.1220    34.0376    34.0368    8.37562         24 0.0000e+00
    194.000    191.907    -1.4282  27.210513    -1.4280  27.210130     6.2433     6.4119     0.6209    96.8963 1.0000e-12  -73.79998 -112.66742  38.874159      99.62 5.5500e+02    490.372      11770  1028.3208  1028.3202     4.5966     0.2334     0.1234    34.0386    34.0378    8.37517         23 0.0000e+00
    195.000    192.894    -1.4293  27.211335    -1.4290  27.211056     6.2406     6.4114     0.4817    97.2320 1.0000e-12  -73.79998 -112.66742  38.874171      98.40 5.5373e+02    491.397      11795  1028.3272  1028.3265     4.6125     0.2420     0.1225    34.0404    34.0397    8.37531         25 0.0000e+00
    196.000    193.883    -1.4344  27.208346    -1.4342  27.208042     6.2332     6.4094     0.9888    97.4566 1.0000e-12  -73.79998 -112.66742  38.874183      98.24 5.5233e+02    492.431      11819  1028.3331  1028.3326     4.6232     0.1874     0.1220    34.0414    34.0408    8.37639         25 0.0000e+00
    197.000    194.872    -1.4198  27.223675    -1.4200  27.222385     6.2282     6.4061     0.8351    97.3702 1.0000e-12  -73.79998 -112.66742  38.874195      99.80 5.5384e+02    493.438      11844  1028.3400  1028.3389     4.6191     0.1913     0.1198    34.0452    34.0437    8.37287         24 0.0000e+00
    198.000    195.860    -1.4113  27.231849    -1.4113  27.231232     6.2236     6.3924     0.6163    97.1232 1.0000e-12  -73.79998 -112.66742  38.874206      99.80 5.5492e+02    494.415      11867  1028.3452  1028.3444     4.6074     0.2625     0.1213    34.0463    34.0454    8.37091         23 0.0000e+00
    199.000    196.849    -1.4107  27.233457    -1.4104  27.233056     6.2168     6.3978     0.4698    97.1771 1.0000e-12  -73.79998 -112.66742  38.874218      99.80 5.5546e+02    495.397      11891  1028.3507  1028.3500     4.6099     0.1781     0.1216    34.0472    34.0463    8.37072         24 0.0000e+00
    200.000    197.838    -1.4103  27.235155    -1.4100  27.234825     6.2139     6.4015     0.4215    97.3651 1.0000e-12  -73.79998 -112.66742  38.874229      99.80 5.5301e+02    496.372      11914  1028.3565  1028.3558     4.6189     0.1753     0.1258    34.0484    34.0476    8.37056         23 0.0000e+00
    201.000    198.827    -1.4090  27.237327    -1.4086  27.236876     6.2047     6.3846     0.5176    97.3648 1.0000e-12  -73.79998 -112.66742  38.874240      99.80 5.5324e+02    497.342      11937  1028.3620  1028.3611     4.6188     0.1230     0.1197    34.0492    34.0482    8.37020         24 0.0000e+00
    202.000    199.816    -1.4070  27.239963    -1.4068  27.239565     6.1873     6.3698     0.6711    97.0106 1.0000e-12  -73.79998 -112.66742  38.874252      99.79 5.5316e+02    498.334      11961  1028.3673  1028.3666     4.6021     0.2350     0.1178    34.0500    34.0492    8.36972         23 0.0000e+00
    203.000    200.803    -1.3936  27.254319    -1.3925  27.254227     6.1853     6.3666     0.5210    97.1287 1.0000e-12  -73.79998 -112.66742  38.874263      99.80 5.5447e+02    499.339      11985  1028.3744  1028.3732     4.6076     0.1439     0.1292    34.0539    34.0525    8.36648         25 0.0000e+00
    204.000    201.792    -1.3845  27.263459    -1.3839  27.263252     6.1866     6.3666     0.5313    97.3304 1.0000e-12  -73.79998 -112.66742  38.874275      99.80 5.5545e+02    500.348      12009  1028.3800  1028.3793     4.6172     0.1891     0.1250    34.0555    34.0546    8.36435         24 0.0000e+00
    205.000    202.783    -1.3842  27.265892    -1.3838  27.265423     6.1852     6.3591     0.8053    97.5884 1.0000e-12  -73.79998 -112.66742  38.874287      99.80 5.5516e+02    501.356      12034  1028.3868  1028.3859     4.6294     0.1594     0.1297    34.0579    34.0568    8.36414         24 0.0000e+00
    206.000    203.770    -1.3820  27.269356    -1.3812  27.269173     6.1803     6.3513     0.5294    97.5750 1.0000e-12  -73.79998 -112.66742  38.874298      99.80 5.5382e+02    502.363      12058  1028.3929  1028.3919     4.6288     0.1683     0.1222    34.0595    34.0583    8.36355         24 0.0000e+00
    207.000    204.758    -1.3730  27.280042    -1.3723  27.279606     6.1797     6.3548     0.5497    97.5600 1.0000e-12  -73.79998 -112.66742  38.874310      99.80 5.5369e+02    503.358      12082  1028.4003  1028.3991     4.6283     0.1357     0.1211    34.0633    34.0620    8.36130         24 0.0000e+00
