ocean_section_plots/required_files/ctd/dnbp2202_ctd225.cnv
* Sea-Bird SBE 9 Data File:
* FileName = D:\Data\raw\NBP2202_CTD225.hex
* Software Version Seasave V 7.26.7.121
* Temperature SN = 1649
* Conductivity SN = 2513
* Number of Bytes Per Scan = 40
* Number of Voltage Words = 5
* Number of Scans Averaged by the Deck Unit = 1
* NMEA Latitude = 73 57.30 S
* NMEA Longitude = 111 26.03 W
* NMEA UTC (Time) = Feb 12 2022  10:44:23
* NMEA baud rate = 9600
** Ship: RVIB N.B. Palmer
** Cruise: NBP2202 Thwaites
** Station: 135
** Operator: B. Bjork
# nquan = 28
# nvalues = 720                         
# units = specified
# name 0 = prDM: Pressure, Digiquartz [db]
# name 1 = depSM: Depth [salt water, m]
# name 2 = t090C: Temperature [ITS-90, deg C]
# name 3 = c0mS/cm: Conductivity [mS/cm]
# name 4 = t190C: Temperature, 2 [ITS-90, deg C]
# name 5 = c1mS/cm: Conductivity, 2 [mS/cm]
# name 6 = sbeox0ML/L: Oxygen, SBE 43 [ml/l]
# name 7 = sbeox1ML/L: Oxygen, SBE 43, 2 [ml/l]
# name 8 = flECO-AFL: Fluorescence, WET Labs ECO-AFL/FL [mg/m^3]
# name 9 = CStarTr0: Beam Transmission, WET Labs C-Star [%]
# name 10 = par: PAR/Irradiance, Biospherical/Licor
# name 11 = latitude: Latitude [deg]
# name 12 = longitude: Longitude [deg]
# name 13 = timeJ: Julian Days
# name 14 = altM: Altimeter [m]
# name 15 = spar: SPAR, Biospherical/Licor
# name 16 = timeS: Time, Elapsed [seconds]
# name 17 = scan: Scan Count
# name 18 = density00: Density [density, kg/m^3]
# name 19 = density11: Density, 2 [density, kg/m^3]
# name 20 = v3: Voltage 3
# name 21 = v4: Voltage 4
# name 22 = v5: Voltage 5
# name 23 = sal00: Salinity, Practical [PSU]
# name 24 = sal11: Salinity, Practical, 2 [PSU]
# name 25 = oxsolML/L: Oxygen Saturation, Garcia & Gordon [ml/l]
# name 26 = nbin: number of scans per bin
# name 27 = flag: flag
# span 0 =      2.000,    721.000       
# span 1 =      1.980,    712.306       
# span 2 =    -1.5783,     0.3862       
# span 3 =  26.993588,  29.329264       
# span 4 =    -1.5774,     0.3885       
# span 5 =  26.993773,  29.329495       
# span 6 =     4.6051,     8.2572       
# span 7 =     4.7260,     8.5132       
# span 8 =    -0.0151,    21.8659       
# span 9 =    76.9753,    97.6855       
# span 10 = -4.419e-05, 3.0077e+01      
# span 11 =  -73.95500,  -73.95500      
# span 12 = -111.43390, -111.43388      
# span 13 =  43.450341,  43.460184      
# span 14 =       3.57,     100.09      
# span 15 = 3.1274e+02, 3.9960e+02      
# span 16 =    246.439,   1096.919      
# span 17 =       5916,      26327      
# span 18 =  1027.2322,  1031.0996      
# span 19 =  1027.2317,  1031.0977      
# span 20 =     3.6518,     4.6340      
# span 21 =     0.0651,     2.8205      
# span 22 =     0.1084,     0.2175      
# span 23 =    33.8404,    34.5194      
# span 24 =    33.8393,    34.5173      
# span 25 =    7.95685,    8.41224      
# span 26 =         21,         48      
# span 27 = 0.0000e+00, 0.0000e+00      
# interval = decibars: 1                
# start_time = Feb 12 2022 10:44:23 [NMEA time, header]
# bad_flag = -9.990e-29
*END*
[from data line 104]
    106.000    104.876    -1.5309  27.035184    -1.5303  27.034984     6.4659     6.6619     0.9499    95.5460 1.0000e-12  -73.95500 -111.43388  43.452486      99.95 3.4024e+02    431.774      10364  1027.8454  1027.8447     4.5326     0.1601     0.1397    33.9688    33.9679    8.40247         24 0.0000e+00
    107.000    105.866    -1.5343  27.033949    -1.5332  27.034006     6.4562     6.6658     0.6934    95.4894 1.0000e-12  -73.95500 -111.43388  43.452497      99.95 3.4024e+02    432.752      10387  1027.8516  1027.8507     4.5299     0.1845     0.1313    33.9703    33.9692    8.40315         24 0.0000e+00
    108.000    106.856    -1.5378  27.033277    -1.5369  27.033335     6.4575     6.6626     0.7805    95.4008 1.0000e-12  -73.95500 -111.43388  43.452509      99.95 3.4039e+02    433.739      10411  1027.8587  1027.8579     4.5257     0.1746     0.1266    33.9728    33.9718    8.40380         23 0.0000e+00
    109.000    107.845    -1.5390  27.033268    -1.5380  27.033393     6.4612     6.6651     0.7374    95.6608 1.0000e-12  -73.95500 -111.43388  43.452520      99.95 3.4046e+02    434.728      10434  1027.8641  1027.8632     4.5380     0.1745     0.1296    33.9735    33.9725    8.40403         24 0.0000e+00
    110.000    108.833    -1.5390  27.033868    -1.5377  27.034091     6.4749     6.6748     0.9989    95.3948 1.0000e-12  -73.95500 -111.43388  43.452531      99.95 3.4062e+02    435.715      10458  1027.8690  1027.8680     4.5254     0.1750     0.1291    33.9737    33.9725    8.40401         23 0.0000e+00
    111.000    109.823    -1.5422  27.032270    -1.5411  27.032403     6.4806     6.6819     1.2942    95.2466 1.0000e-12  -73.95500 -111.43388  43.452543      99.95 3.4193e+02    436.706      10482  1027.8746  1027.8738     4.5184     0.1698     0.1298    33.9744    33.9734    8.40468         25 0.0000e+00
    112.000    110.813    -1.5490  27.027968    -1.5486  27.027848     6.4850     6.6793     0.9033    95.4724 1.0000e-12  -73.95500 -111.43388  43.452554      88.82 3.4200e+02    437.708      10506  1027.8808  1027.8803     4.5291     0.1636     0.1274    33.9757    33.9750    8.40616         23 0.0000e+00
    113.000    111.800    -1.5540  27.025191    -1.5529  27.025403     6.4809     6.6773     1.2178    95.3603 1.0000e-12  -73.95500 -111.43388  43.452566      99.97 3.4200e+02    438.690      10530  1027.8868  1027.8860     4.5238     0.1747     0.1299    33.9769    33.9759    8.40721         24 0.0000e+00
    114.000    112.791    -1.5585  27.022822    -1.5576  27.022918     6.4811     6.6779     0.8609    95.3283 1.0000e-12  -73.95500 -111.43388  43.452577      99.95 3.4200e+02    439.691      10554  1027.8928  1027.8921     4.5223     0.1987     0.1324    33.9781    33.9773    8.40816         24 0.0000e+00
    115.000    113.780    -1.5600  27.022423    -1.5590  27.022524     6.4838     6.6823     0.7389    94.9940 1.0000e-12  -73.95500 -111.43388  43.452589      99.94 3.4200e+02    440.690      10578  1027.8981  1027.8972     4.5064     0.2080     0.1327    33.9786    33.9776    8.40847         24 0.0000e+00
    116.000    114.767    -1.5618  27.021986    -1.5607  27.022011     6.4780     6.6842     0.5613    95.4460 1.0000e-12  -73.95500 -111.43388  43.452600      99.95 3.4200e+02    441.670      10601  1027.9036  1027.9026     4.5279     0.1762     0.1284    33.9794    33.9783    8.40882         24 0.0000e+00
    117.000    115.757    -1.5633  27.021540    -1.5622  27.021725     6.4745     6.6791     0.7181    95.4280 1.0000e-12  -73.95500 -111.43388  43.452612      99.95 3.4208e+02    442.659      10625  1027.9088  1027.9080     4.5270     0.1677     0.1318    33.9799    33.9789    8.40913         23 0.0000e+00
    118.000    116.747    -1.5650  27.021019    -1.5640  27.021053     6.4743     6.6805     0.9540    95.6452 1.0000e-12  -73.95500 -111.43388  43.452623      99.95 3.4326e+02    443.657      10649  1027.9141  1027.9132     4.5373     0.2003     0.1353    33.9805    33.9794    8.40949         24 0.0000e+00
    119.000    117.736    -1.5651  27.021346    -1.5641  27.021403     6.4774     6.6805     1.0691    95.5035 1.0000e-12  -73.95500 -111.43388  43.452635      99.95 3.4339e+02    444.637      10672  1027.9189  1027.9180     4.5306     0.1766     0.1294    33.9805    33.9794    8.40952         24 0.0000e+00
    120.000    118.725    -1.5675  27.020427    -1.5664  27.020550     6.4783     6.6825     1.0332    95.3773 1.0000e-12  -73.95500 -111.43388  43.452646      99.94 3.4248e+02    445.608      10696  1027.9244  1027.9235     4.5246     0.2208     0.1330    33.9813    33.9802    8.41001         23 0.0000e+00
    121.000    119.714    -1.5701  27.019268    -1.5691  27.019441     6.4800     6.6835     0.8578    95.5268 1.0000e-12  -73.95500 -111.43388  43.452657      99.95 3.4222e+02    446.590      10719  1027.9300  1027.9291     4.5317     0.1682     0.1321    33.9821    33.9811    8.41056         24 0.0000e+00
    122.000    120.703    -1.5709  27.019335    -1.5701  27.019400     6.4803     6.6792     0.6585    95.3771 1.0000e-12  -73.95500 -111.43388  43.452669      99.95 3.4336e+02    447.571      10743  1027.9350  1027.9342     4.5246     0.1816     0.1314    33.9824    33.9815    8.41071         23 0.0000e+00
    123.000    121.691    -1.5715  27.019555    -1.5706  27.019635     6.4785     6.6759     0.6906    95.4765 1.0000e-12  -73.95500 -111.43388  43.452680      99.95 3.4347e+02    448.552      10766  1027.9401  1027.9393     4.5293     0.1755     0.1302    33.9827    33.9818    8.41082         24 0.0000e+00
    124.000    122.682    -1.5721  27.019650    -1.5711  27.019747     6.4824     6.6819     0.8225    95.4239 1.0000e-12  -73.95500 -111.43388  43.452691      99.95 3.4296e+02    449.544      10790  1027.9450  1027.9442     4.5268     0.1476     0.1305    33.9830    33.9820    8.41095         24 0.0000e+00
    125.000    123.669    -1.5737  27.019094    -1.5726  27.019225     6.4827     6.6850     0.7246    95.5271 1.0000e-12  -73.95500 -111.43388  43.452703      99.95 3.4338e+02    450.539      10814  1027.9502  1027.9493     4.5317     0.1734     0.1332    33.9833    33.9823    8.41128         23 0.0000e+00
    126.000    124.660    -1.5748  27.018984    -1.5738  27.019087     6.4802     6.6849     0.6791    95.6052 1.0000e-12  -73.95500 -111.43388  43.452714      97.89 3.4310e+02    451.520      10837  1027.9554  1027.9546     4.5354     0.1731     0.1320    33.9838    33.9829    8.41150         24 0.0000e+00
    127.000    125.649    -1.5765  27.018454    -1.5746  27.019052     6.4813     6.6869     0.7306    95.5022 1.0000e-12  -73.95500 -111.43388  43.452726      99.97 3.4376e+02    452.505      10861  1027.9608  1027.9596     4.5305     0.1709     0.1324    33.9844    33.9831    8.41186         23 0.0000e+00
    128.000    126.636    -1.5776  27.018211    -1.5766  27.018279     6.4826     6.6868     0.7560    95.5521 1.0000e-12  -73.95500 -111.43388  43.452737      99.94 3.4346e+02    453.489      10885  1027.9659  1027.9650     4.5329     0.2113     0.1346    33.9847    33.9837    8.41209         24 0.0000e+00
    129.000    127.627    -1.5779  27.018574    -1.5768  27.018523     6.4842     6.6869     0.6114    95.4449 1.0000e-12  -73.95500 -111.43390  43.452748      99.95 3.4237e+02    454.466      10908  1027.9708  1027.9697     4.5279     0.1716     0.1384    33.9849    33.9836    8.41214         23 0.0000e+00
    130.000    128.616    -1.5778  27.019021    -1.5768  27.019016     6.4831     6.6875     0.5154    95.6124 1.0000e-12  -73.95500 -111.43388  43.452760      99.95 3.4311e+02    455.448      10932  1027.9755  1027.9745     4.5358     0.1662     0.1356    33.9848    33.9836    8.41213         24 0.0000e+00
    131.000    129.606    -1.5783  27.019245    -1.5772  27.019310     6.4846     6.6888     0.6683    95.6965 1.0000e-12  -73.95500 -111.43390  43.452771      99.95 3.4361e+02    456.438      10956  1027.9805  1027.9795     4.5397     0.1410     0.1372    33.9850    33.9839    8.41222         24 0.0000e+00
    132.000    130.592    -1.5783  27.019655    -1.5774  27.019739     6.4808     6.6859     0.8674    95.5851 1.0000e-12  -73.95500 -111.43388  43.452783      99.95 3.4245e+02    457.422      10979  1027.9853  1027.9844     4.5345     0.1551     0.1340    33.9850    33.9841    8.41224         23 0.0000e+00
    133.000    131.583    -1.5783  27.020194    -1.5774  27.020149     6.4856     6.6811     0.7425    95.6326 1.0000e-12  -73.95500 -111.43390  43.452794      99.95 3.4363e+02    458.406      11003  1027.9901  1027.9892     4.5367     0.1809     0.1360    33.9851    33.9840    8.41223         24 0.0000e+00
    134.000    132.571    -1.5783  27.020611    -1.5773  27.020731     6.4844     6.6866     0.6350    95.5643 1.0000e-12  -73.95500 -111.43390  43.452805      99.95 3.4376e+02    459.394      11026  1027.9948  1027.9940     4.5335     0.1701     0.1358    33.9850    33.9840    8.41223         23 0.0000e+00
    135.000    133.561    -1.5782  27.021247    -1.5772  27.021282     6.4776     6.6962     0.5947    95.5918 1.0000e-12  -73.95500 -111.43390  43.452817      99.95 3.4376e+02    460.371      11050  1027.9997  1027.9988     4.5348     0.1511     0.1351    33.9852    33.9841    8.41220         24 0.0000e+00
    136.000    134.549    -1.5783  27.021687    -1.5773  27.021715     6.4774     6.6903     1.8013    95.6375 1.0000e-12  -73.95500 -111.43390  43.452828      99.95 3.4376e+02    461.356      11074  1028.0046  1028.0037     4.5370     0.1860     0.1347    33.9852    33.9842    8.41221         24 0.0000e+00
    137.000    135.540    -1.5783  27.022111    -1.5773  27.022113     6.4800     6.6858     0.8504    95.6268 1.0000e-12  -73.95500 -111.43390  43.452840      99.95 3.4376e+02    462.350      11097  1028.0094  1028.0084     4.5364     0.1810     0.1376    33.9852    33.9841    8.41221         24 0.0000e+00
    138.000    136.527    -1.5783  27.022579    -1.5773  27.022626     6.4803     6.6882     0.5345    95.6532 1.0000e-12  -73.95500 -111.43390  43.452851      92.60 3.4383e+02    463.342      11121  1028.0142  1028.0133     4.5377     0.1885     0.1370    33.9853    33.9842    8.41222         24 0.0000e+00
    139.000    137.517    -1.5783  27.023016    -1.5773  27.023051     6.4739     6.6905     0.6719    95.5933 1.0000e-12  -73.95500 -111.43390  43.452863      95.25 3.4384e+02    464.337      11145  1028.0190  1028.0180     4.5348     0.1842     0.1350    33.9853    33.9841    8.41222         23 0.0000e+00
    140.000    138.506    -1.5782  27.023642    -1.5773  27.023700     6.4775     6.6891     0.6776    95.6250 1.0000e-12  -73.95500 -111.43390  43.452874      99.94 3.4487e+02    465.326      11169  1028.0239  1028.0230     4.5362     0.1541     0.1359    33.9854    33.9844    8.41220         24 0.0000e+00
    141.000    139.494    -1.5782  27.024211    -1.5772  27.024251     6.4775     6.6811     0.5645    95.2549 1.0000e-12  -73.95500 -111.43390  43.452885      99.95 3.4501e+02    466.308      11192  1028.0287  1028.0278     4.5190     0.1573     0.1374    33.9855    33.9844    8.41218         24 0.0000e+00
    142.000    140.484    -1.5779  27.024954    -1.5770  27.024902     6.4792     6.6770     0.5787    95.3844 1.0000e-12  -73.95500 -111.43390  43.452897      99.95 3.4522e+02    467.297      11216  1028.0336  1028.0326     4.5249     0.1671     0.1360    33.9856    33.9844    8.41211         24 0.0000e+00
    143.000    141.473    -1.5780  27.025271    -1.5770  27.025307     6.4687     6.6728     0.6207    95.3686 1.0000e-12  -73.95500 -111.43390  43.452908      99.95 3.4628e+02    468.285      11240  1028.0384  1028.0374     4.5242     0.1757     0.1348    33.9855    33.9844    8.41214         23 0.0000e+00
    144.000    142.461    -1.5771  27.026667    -1.5760  27.026796     6.4660     6.6704     0.5427    95.4213 1.0000e-12  -73.95500 -111.43390  43.452920      99.94 3.4611e+02    469.263      11263  1028.0433  1028.0424     4.5267     0.1975     0.1392    33.9857    33.9847    8.41191         24 0.0000e+00
    145.000    143.449    -1.5769  27.027392    -1.5758  27.027475     6.4692     6.6717     0.5332    95.5101 1.0000e-12  -73.95500 -111.43390  43.452931      99.94 3.4652e+02    470.244      11287  1028.0482  1028.0472     4.5309     0.1913     0.1381    33.9859    33.9848    8.41186         23 0.0000e+00
    146.000    144.440    -1.5770  27.027704    -1.5760  27.027674     6.4611     6.6699     0.5075    95.5584 1.0000e-12  -73.95500 -111.43390  43.452942      99.95 3.4730e+02    471.224      11310  1028.0530  1028.0520     4.5333     0.1804     0.1396    33.9859    33.9847    8.41189         23 0.0000e+00
    147.000    145.429    -1.5770  27.028563    -1.5759  27.028593     6.4566     6.6724     0.6066    95.6220 1.0000e-12  -73.95500 -111.43390  43.452954      99.94 3.4662e+02    472.198      11334  1028.0582  1028.0572     4.5362     0.1994     0.1382    33.9864    33.9852    8.41186         24 0.0000e+00
    148.000    146.417    -1.5768  27.029267    -1.5758  27.029360     6.4543     6.6625     0.5765    95.6338 1.0000e-12  -73.95500 -111.43390  43.452965      99.95 3.4552e+02    473.166      11357  1028.0631  1028.0622     4.5368     0.1662     0.1359    33.9865    33.9855    8.41181         23 0.0000e+00
    149.000    147.406    -1.5745  27.032309    -1.5733  27.032440     6.4505     6.6530     0.5686    95.4782 1.0000e-12  -73.95500 -111.43390  43.452976      99.95 3.4596e+02    474.142      11380  1028.0685  1028.0675     4.5294     0.1752     0.1367    33.9874    33.9863    8.41122         24 0.0000e+00
    150.000    148.396    -1.5737  27.033754    -1.5725  27.033817     6.4372     6.6386     0.5958    95.4638 1.0000e-12  -73.95500 -111.43390  43.452988      99.95 3.4662e+02    475.134      11404  1028.0736  1028.0726     4.5287     0.1579     0.1375    33.9879    33.9867    8.41101         24 0.0000e+00
    151.000    149.384    -1.5718  27.036322    -1.5704  27.036376     6.4245     6.6318     0.5399    95.5582 1.0000e-12  -73.95500 -111.43390  43.452999      99.93 3.4561e+02    476.118      11428  1028.0789  1028.0777     4.5332     0.2570     0.1373    33.9886    33.9872    8.41053         23 0.0000e+00
    152.000    150.373    -1.5677  27.040868    -1.5664  27.040868     6.4142     6.6244     0.4442    95.6862 1.0000e-12  -73.95500 -111.43390  43.453010      95.06 3.4640e+02    477.099      11451  1028.0844  1028.0831     4.5393     0.1953     0.1332    33.9897    33.9882    8.40955         24 0.0000e+00
    153.000    151.362    -1.5655  27.043538    -1.5645  27.043477     6.4136     6.6231     0.5087    95.7807 1.0000e-12  -73.95500 -111.43390  43.453022      99.96 3.4536e+02    478.086      11475  1028.0896  1028.0885     4.5436     0.1208     0.1307    33.9903    33.9890    8.40903         23 0.0000e+00
    154.000    152.351    -1.5660  27.043842    -1.5650  27.043790     6.4144     6.6147     0.3653    95.7446 1.0000e-12  -73.95500 -111.43390  43.453033      99.95 3.4538e+02    479.067      11499  1028.0946  1028.0937     4.5420     0.1460     0.1300    33.9906    33.9894    8.40911         24 0.0000e+00
    155.000    153.340    -1.5659  27.044888    -1.5648  27.044846     6.4108     6.6173     0.2923    95.7107 1.0000e-12  -73.95500 -111.43390  43.453045      99.96 3.4698e+02    480.055      11522  1028.1000  1028.0990     4.5404     0.1187     0.1296    33.9913    33.9900    8.40905         24 0.0000e+00
    156.000    154.329    -1.5671  27.044684    -1.5662  27.044576     6.4131     6.6165     0.3157    95.8169 1.0000e-12  -73.95500 -111.43390  43.453056      99.95 3.4729e+02    481.047      11546  1028.1053  1028.1044     4.5454     0.1515     0.1329    33.9917    33.9906    8.40929         23 0.0000e+00
