ocean_section_plots/required_files/ctd/dnbp2202_ctd027.cnv
* Sea-Bird SBE 9 Data File:
* FileName = D:\Data\raw\NBP2202_CTD027.hex
* Software Version Seasave V 7.26.7.121
* Temperature SN = 1649
* Conductivity SN = 2513
* Number of Bytes Per Scan = 40
* Number of Voltage Words = 5
* Number of Scans Averaged by the Deck Unit = 1
* NMEA Latitude = 74 13.87 S
* NMEA Longitude = 112 14.39 W
* NMEA UTC (Time) = Jan 21 2022  08:19:04
* NMEA baud rate = 9600
** Ship: RVIB N.B. Palmer
** Cruise: NBP2202 Thwaites
** Station: Tow-Yo #1
** Operator: B. Bjork
# nquan = 25
# nvalues = 989                         
# units = specified
# name 0 = prDM: Pressure, Digiquartz [db]
# name 1 = depSM: Depth [salt water, m]
# name 2 = t090C: Temperature [ITS-90, deg C]
# name 3 = c0mS/cm: Conductivity [mS/cm]
# name 4 = t190C: Temperature, 2 [ITS-90, deg C]
# name 5 = c1mS/cm: Conductivity, 2 [mS/cm]
# name 6 = sbeox0ML/L: Oxygen, SBE 43 [ml/l]
# name 7 = sbeox1ML/L: Oxygen, SBE 43, 2 [ml/l]
# name 8 = flECO-AFL: Fluorescence, WET Labs ECO-AFL/FL [mg/m^3]
# name 9 = CStarTr0: Beam Transmission, WET Labs C-Star [%]
# name 10 = par: PAR/Irradiance, Biospherical/Licor
# name 11 = latitude: Latitude [deg]
# name 12 = longitude: Longitude [deg]
# name 13 = timeJ: Julian Days
# name 14 = altM: Altimeter [m]
# name 15 = spar: SPAR, Biospherical/Licor
# name 16 = timeS: Time, Elapsed [seconds]
# name 17 = scan: Scan Count
# name 18 = density00: Density [density, kg/m^3]
# name 19 = density11: Density, 2 [density, kg/m^3]
# name 20 = sal00: Salinity, Practical [PSU]
# name 21 = sal11: Salinity, Practical, 2 [PSU]
# name 22 = oxsolML/L: Oxygen Saturation, Garcia & Gordon [ml/l]
# name 23 = nbin: number of scans per bin
# name 24 = flag: flag
# span 0 =     10.000,    998.000       
# span 1 =      9.897,    985.299       
# span 2 =    -1.4939,     0.5077       
# span 3 =  27.088462,  29.575818       
# span 4 =    -1.4926,     0.5099       
# span 5 =  27.088104,  29.575494       
# span 6 =     4.5733,     7.6758       
# span 7 =     4.8016,     7.9977       
# span 8 =    -0.0201,    13.2105       
# span 9 =    78.7813,    98.2802       
# span 10 = 1.0000e-12, 5.7810e+00      
# span 11 =  -74.23116,  -74.23073      
# span 12 = -112.24010, -112.23105      
# span 13 =  21.347269,  21.362812      
# span 14 =       8.47,     100.23      
# span 15 = 5.2306e+02, 5.6643e+02      
# span 16 =     60.026,   1402.949      
# span 17 =       1442,      33672      
# span 18 =  1027.2379,  1032.4049      
# span 19 =  1027.2364,  1032.4024      
# span 20 =    33.8029,    34.5478      
# span 21 =    33.8009,    34.5451      
# span 22 =    7.93029,    8.39202      
# span 23 =         14,         52      
# span 24 = 0.0000e+00, 0.0000e+00      
# interval = decibars: 1                
# start_time = Jan 21 2022 08:19:04 [NMEA time, header]
# bad_flag = -9.990e-29
*END*
[from data line 58]
     68.000     67.285    -1.2678  27.132587    -1.2669  27.131961     6.9153     7.2986     6.5162    87.8061 1.0000e-12  -74.23116 -112.24010  21.348566      99.67 5.2626e+02    172.072       4131  1027.5399  1027.5383    33.8280    33.8262    8.35170         43 0.0000e+00
     69.000     68.273    -1.2698  27.131812    -1.2686  27.131419     6.9036     7.2901     5.7423    87.6340 1.0000e-12  -74.23116 -112.24010  21.348590      99.69 5.2652e+02    174.216       4182  1027.5451  1027.5436    33.8286    33.8267    8.35211         43 0.0000e+00
     70.000     69.263    -1.2712  27.131365    -1.2696  27.131169     6.8947     7.2902     6.0325    87.7183 1.0000e-12  -74.23116 -112.24010  21.348615      99.69 5.2546e+02    176.312       4232  1027.5503  1027.5486    33.8289    33.8269    8.35239         40 0.0000e+00
     71.000     70.253    -1.2717  27.131475    -1.2702  27.131220     6.8961     7.2857     6.3558    87.8143 1.0000e-12  -74.23116 -112.24010  21.348641      98.35 5.2605e+02    178.541       4286  1027.5552  1027.5535    33.8290    33.8270    8.35251         49 0.0000e+00
     72.000     71.241    -1.2722  27.131669    -1.2708  27.131329     6.8942     7.2783     5.9826    87.6679 1.0000e-12  -74.23116 -112.24008  21.348666      99.73 5.2523e+02    180.782       4340  1027.5601  1027.5585    33.8292    33.8272    8.35261         42 0.0000e+00
     73.000     72.232    -1.2727  27.131815    -1.2712  27.131552     6.8832     7.2731     6.0366    87.4204 1.0000e-12  -74.23116 -112.24008  21.348691      99.67 5.2423e+02    182.916       4391  1027.5650  1027.5633    33.8293    33.8273    8.35271         45 0.0000e+00
     74.000     73.222    -1.2740  27.131446    -1.2726  27.131117     6.8721     7.2612     5.8154    88.6191 1.0000e-12  -74.23116 -112.24008  21.348718      99.70 5.2544e+02    185.219       4446  1027.5702  1027.5685    33.8297    33.8276    8.35298         35 0.0000e+00
     75.000     74.210    -1.2753  27.131144    -1.2737  27.130937     6.8658     7.2495     5.7902    89.2400 1.0000e-12  -74.23116 -112.24008  21.348744      99.71 5.2555e+02    187.440       4500  1027.5754  1027.5737    33.8301    33.8281    8.35325         42 0.0000e+00
     76.000     75.199    -1.2769  27.130540    -1.2758  27.130014     6.8509     7.2351     5.9048    88.3934 1.0000e-12  -74.23116 -112.24007  21.348768      99.66 5.2488e+02    189.545       4550  1027.5805  1027.5790    33.8305    33.8285    8.35358         42 0.0000e+00
     77.000     76.186    -1.2792  27.129543    -1.2775  27.129364     6.8352     7.2267     5.0318    88.1622 1.0000e-12  -74.23116 -112.24006  21.348793      98.30 5.2385e+02    191.750       4603  1027.5860  1027.5842    33.8311    33.8290    8.35406         34 0.0000e+00
     78.000     77.179    -1.2809  27.128850    -1.2793  27.128662     6.8239     7.2062     4.7665    88.5938 1.0000e-12  -74.23116 -112.24006  21.348819      99.74 5.2363e+02    193.960       4656  1027.5912  1027.5894    33.8315    33.8294    8.35443         34 0.0000e+00
     79.000     78.168    -1.2830  27.128062    -1.2815  27.127739     6.7985     7.1859     5.6676    88.8644 1.0000e-12  -74.23116 -112.24005  21.348844      99.74 5.2618e+02    196.126       4708  1027.5965  1027.5948    33.8321    33.8300    8.35485         39 0.0000e+00
     80.000     79.155    -1.2859  27.126778    -1.2843  27.126422     6.7891     7.1720     5.4662    89.0454 1.0000e-12  -74.23116 -112.24004  21.348870      99.70 5.2417e+02    198.372       4762  1027.6022  1027.6003    33.8330    33.8308    8.35545         36 0.0000e+00
     81.000     80.145    -1.2874  27.126450    -1.2859  27.126107     6.7806     7.1688     5.9976    88.5418 1.0000e-12  -74.23116 -112.24004  21.348897      99.69 5.2463e+02    200.705       4818  1027.6075  1027.6057    33.8336    33.8315    8.35575         40 0.0000e+00
     82.000     81.135    -1.2882  27.126459    -1.2869  27.126080     6.7306     7.1091     5.3927    89.4112 1.0000e-12  -74.23116 -112.24002  21.348923      99.73 5.2509e+02    202.926       4871  1027.6126  1027.6110    33.8339    33.8320    8.35590         39 0.0000e+00
     83.000     82.124    -1.3005  27.119473    -1.3014  27.118105     6.6211     6.9998     4.7395    89.5279 1.0000e-12  -74.23116 -112.24002  21.348949      99.41 5.2615e+02    205.205       4926  1027.6211  1027.6205    33.8377    33.8368    8.35845         44 0.0000e+00
     84.000     83.114    -1.3189  27.108795    -1.3201  27.107276     6.5292     6.9147     3.4854    88.9358 1.0000e-12  -74.23116 -112.24000  21.348976      99.77 5.2447e+02    207.521       4982  1027.6313  1027.6309    33.8431    33.8424    8.36224         47 0.0000e+00
     85.000     84.103    -1.3306  27.102625    -1.3295  27.102183     6.5071     6.8901     3.0069    89.5090 1.0000e-12  -74.23116 -112.23999  21.349001      99.78 5.2509e+02    209.704       5034  1027.6400  1027.6385    33.8472    33.8455    8.36461         41 0.0000e+00
     86.000     85.093    -1.3325  27.101880    -1.3309  27.101769     6.5074     6.8874     3.0817    90.4196 1.0000e-12  -74.23114 -112.23997  21.349027      99.78 5.2424e+02    211.938       5088  1027.6451  1027.6435    33.8478    33.8459    8.36502         39 0.0000e+00
     87.000     86.079    -1.3338  27.101578    -1.3320  27.101439     6.5128     6.8853     2.5944    91.2657 1.0000e-12  -74.23114 -112.23996  21.349054      99.79 5.2529e+02    214.301       5144  1027.6501  1027.6482    33.8482    33.8460    8.36528         35 0.0000e+00
     88.000     87.070    -1.3333  27.102398    -1.3320  27.102029     6.5130     6.8781     2.5146    90.8218 1.0000e-12  -74.23114 -112.23994  21.349081      99.80 5.2640e+02    216.565       5199  1027.6548  1027.6531    33.8482    33.8462    8.36517         41 0.0000e+00
     89.000     88.060    -1.3353  27.101666    -1.3324  27.102136     6.5059     6.8644     2.4447    91.9095 1.0000e-12  -74.23114 -112.23992  21.349107      98.17 5.2586e+02    218.844       5253  1027.6600  1027.6578    33.8488    33.8462    8.36557         41 0.0000e+00
     90.000     89.048    -1.3368  27.101226    -1.3352  27.100942     6.4995     6.8609     2.3894    91.8730 1.0000e-12  -74.23114 -112.23990  21.349134      99.73 5.2546e+02    221.193       5310  1027.6652  1027.6635    33.8493    33.8471    8.36589         37 0.0000e+00
     91.000     90.039    -1.3377  27.101134    -1.3365  27.100618     6.4857     6.8585     2.5361    92.2412 1.0000e-12  -74.23114 -112.23989  21.349160      99.81 5.2590e+02    223.391       5362  1027.6703  1027.6686    33.8496    33.8475    8.36608         42 0.0000e+00
     92.000     91.027    -1.3385  27.101066    -1.3377  27.100405     6.4663     6.8277     2.4328    92.0105 1.0000e-12  -74.23114 -112.23988  21.349186      99.82 5.2634e+02    225.664       5417  1027.6752  1027.6738    33.8497    33.8479    8.36625         40 0.0000e+00
     93.000     92.018    -1.3442  27.098345    -1.3430  27.097921     6.4239     6.7939     2.5047    92.6551 1.0000e-12  -74.23114 -112.23987  21.349213      99.82 5.2650e+02    228.015       5473  1027.6820  1027.6804    33.8518    33.8498    8.36739         41 0.0000e+00
     94.000     93.004    -1.3481  27.096476    -1.3465  27.096365     6.3884     6.7576     2.4339    92.6870 1.0000e-12  -74.23114 -112.23985  21.349238      99.83 5.2573e+02    230.195       5526  1027.6880  1027.6863    33.8530    33.8511    8.36820         41 0.0000e+00
     95.000     93.995    -1.3522  27.094710    -1.3505  27.094606     6.3692     6.7301     2.1772    92.2203 1.0000e-12  -74.23114 -112.23982  21.349265      99.56 5.2662e+02    232.454       5580  1027.6943  1027.6925    33.8547    33.8526    8.36903         48 0.0000e+00
     96.000     94.984    -1.3556  27.093491    -1.3542  27.093249     6.3322     6.6928     2.0192    92.5931 1.0000e-12  -74.23114 -112.23980  21.349292      99.83 5.2711e+02    234.806       5636  1027.7004  1027.6988    33.8561    33.8542    8.36969         36 0.0000e+00
     97.000     95.973    -1.3610  27.091330    -1.3596  27.091122     6.2894     6.6451     1.8944    92.9940 1.0000e-12  -74.23113 -112.23980  21.349317      99.83 5.2736e+02    237.009       5689  1027.7075  1027.7059    33.8587    33.8568    8.37077         41 0.0000e+00
     98.000     96.962    -1.3661  27.089241    -1.3646  27.088962     6.2584     6.6184     1.6171    93.6745 1.0000e-12  -74.23112 -112.23977  21.349343      99.84 5.2722e+02    239.219       5742  1027.7143  1027.7126    33.8609    33.8589    8.37177         41 0.0000e+00
     99.000     97.952    -1.3692  27.089267    -1.3678  27.088985     6.2279     6.5837     1.6257    93.9445 1.0000e-12  -74.23112 -112.23977  21.349370      99.85 5.2914e+02    241.557       5798  1027.7216  1027.7199    33.8639    33.8619    8.37230         40 0.0000e+00
    100.000     98.941    -1.3729  27.089403    -1.3716  27.089167     6.2059     6.5505     1.3408    93.7319 1.0000e-12  -74.23112 -112.23975  21.349395      99.85 5.2846e+02    243.759       5851  1027.7296  1027.7281    33.8677    33.8659    8.37291         42 0.0000e+00
    101.000     99.929    -1.3764  27.090222    -1.3750  27.089938     6.1926     6.5361     1.2977    94.2798 1.0000e-12  -74.23112 -112.23974  21.349420      95.44 5.2705e+02    245.928       5903  1027.7381  1027.7364    33.8721    33.8701    8.37341         39 0.0000e+00
    102.000    100.920    -1.3774  27.092172    -1.3760  27.091941     6.2020     6.5477     1.0786    94.8198 1.0000e-12  -74.23112 -112.23972  21.349447      99.93 5.2756e+02    248.223       5958  1027.7455  1027.7439    33.8753    33.8734    8.37346         51 0.0000e+00
    103.000    101.909    -1.3771  27.094317    -1.3756  27.094071     6.2074     6.5511     1.0889    95.0670 1.0000e-12  -74.23112 -112.23970  21.349473      99.84 5.2755e+02    250.424       6011  1027.7518  1027.7501    33.8773    33.8753    8.37327         43 0.0000e+00
    104.000    102.897    -1.3777  27.096498    -1.3763  27.096284     6.2559     6.6052     1.3243    95.0743 1.0000e-12  -74.23112 -112.23968  21.349498      99.86 5.2770e+02    252.613       6064  1027.7591  1027.7574    33.8804    33.8785    8.37322         35 0.0000e+00
    105.000    103.885    -1.3763  27.105391    -1.3744  27.105805     6.3937     6.7322     1.3545    95.3346 1.0000e-12  -74.23112 -112.23968  21.349524      99.84 5.2808e+02    254.902       6119  1027.7719  1027.7705    33.8904    33.8888    8.37231         38 0.0000e+00
    106.000    104.876    -1.3716  27.114998    -1.3700  27.114748     6.5038     6.8321     2.0681    95.4277 1.0000e-12  -74.23112 -112.23966  21.349550      97.66 5.2718e+02    257.129       6172  1027.7823  1027.7804    33.8977    33.8955    8.37083         35 0.0000e+00
    107.000    105.865    -1.3696  27.119457    -1.3682  27.118847     6.6002     6.9446     2.6988    93.8689 1.0000e-12  -74.23112 -112.23964  21.349575      99.84 5.2826e+02    259.256       6223  1027.7896  1027.7875    33.9009    33.8984    8.37018         43 0.0000e+00
    108.000    106.854    -1.3606  27.131141    -1.3589  27.130809     6.7472     7.0947     3.4020    94.0659 1.0000e-12  -74.23112 -112.23962  21.349600      99.78 5.2824e+02    261.466       6276  1027.7982  1027.7961    33.9062    33.9038    8.36785         40 0.0000e+00
    109.000    107.842    -1.3503  27.142964    -1.3479  27.143310     6.8386     7.1926     4.3589    93.1710 1.0000e-12  -74.23112 -112.23962  21.349626      99.72 5.2882e+02    263.669       6329  1027.8056  1027.8037    33.9101    33.9079    8.36530         41 0.0000e+00
    110.000    108.833    -1.3433  27.150918    -1.3412  27.151122     6.8639     7.2304     5.4524    92.7769 1.0000e-12  -74.23112 -112.23960  21.349650      99.67 5.2886e+02    265.793       6380  1027.8120  1027.8103    33.9125    33.9104    8.36359         36 0.0000e+00
    111.000    109.822    -1.3434  27.152370    -1.3419  27.151969     6.8531     7.2277     5.9310    91.2792 1.0000e-12  -74.23112 -112.23958  21.349677      99.65 5.2707e+02    268.052       6434  1027.8182  1027.8163    33.9139    33.9117    8.36352         35 0.0000e+00
    112.000    110.810    -1.3462  27.151129    -1.3453  27.150538     6.8397     7.2159     5.9504    89.7491 1.0000e-12  -74.23112 -112.23956  21.349703      99.33 5.2710e+02    270.337       6489  1027.8239  1027.8225    33.9148    33.9130    8.36410         36 0.0000e+00
    113.000    111.799    -1.3576  27.145555    -1.3569  27.144780     6.8276     7.2122     5.8559    89.5202 1.0000e-12  -74.23112 -112.23955  21.349727      99.65 5.2769e+02    272.447       6540  1027.8332  1027.8318    33.9194    33.9177    8.36638         42 0.0000e+00
    114.000    112.790    -1.3664  27.140975    -1.3659  27.140169     6.8313     7.2209     5.3214    88.7745 1.0000e-12  -74.23112 -112.23953  21.349752      99.68 5.2736e+02    274.614       6592  1027.8410  1027.8397    33.9225    33.9209    8.36817         41 0.0000e+00
    115.000    113.777    -1.3750  27.137600    -1.3736  27.137345     6.8390     7.2256     5.2331    88.8586 1.0000e-12  -74.23112 -112.23952  21.349779      99.72 5.2854e+02    276.873       6646  1027.8499  1027.8483    33.9270    33.9251    8.36984         35 0.0000e+00
    116.000    114.767    -1.3816  27.133993    -1.3804  27.133683     6.8230     7.2152     4.7727    88.8685 1.0000e-12  -74.23112 -112.23951  21.349803      99.72 5.2657e+02    278.988       6697  1027.8566  1027.8550    33.9290    33.9271    8.37122         39 0.0000e+00
    117.000    115.756    -1.3891  27.129201    -1.3877  27.128803     6.8201     7.2089     4.5870    88.8538 1.0000e-12  -74.23112 -112.23949  21.349828      99.74 5.2752e+02    281.164       6749  1027.8627  1027.8610    33.9302    33.9281    8.37282         46 0.0000e+00
    118.000    116.745    -1.3907  27.128555    -1.3900  27.127523     6.8185     7.2074     4.4209    89.2461 1.0000e-12  -74.23112 -112.23947  21.349855      97.30 5.2802e+02    283.450       6804  1027.8677  1027.8658    33.9305    33.9283    8.37316         37 0.0000e+00
    119.000    117.734    -1.3971  27.123597    -1.3954  27.123589     6.8106     7.2049     4.5159    89.7746 1.0000e-12  -74.23112 -112.23945  21.349880      99.80 5.2854e+02    285.623       6856  1027.8726  1027.8710    33.9304    33.9284    8.37461         48 0.0000e+00
    120.000    118.723    -1.4018  27.120449    -1.4005  27.119995     6.8081     7.1996     4.3785    89.4067 1.0000e-12  -74.23112 -112.23943  21.349906      99.74 5.2873e+02    287.846       6909  1027.8779  1027.8761    33.9307    33.9287    8.37564         52 0.0000e+00
    121.000    119.711    -1.4028  27.120271    -1.4012  27.120003     6.8157     7.1982     4.4560    90.1338 1.0000e-12  -74.23112 -112.23942  21.349932      99.72 5.2818e+02    290.110       6964  1027.8828  1027.8810    33.9310    33.9288    8.37585         40 0.0000e+00
    122.000    120.702    -1.4029  27.120518    -1.4017  27.120004     6.8215     7.2067     4.4925    89.6424 1.0000e-12  -74.23112 -112.23940  21.349957      99.72 5.2849e+02    292.252       7015  1027.8874  1027.8857    33.9308    33.9288    8.37589         43 0.0000e+00
    123.000    121.689    -1.4071  27.117999    -1.4053  27.117976     6.8245     7.2023     4.4056    90.3912 1.0000e-12  -74.23112 -112.23939  21.349981      99.72 5.2886e+02    294.371       7066  1027.8930  1027.8911    33.9315    33.9293    8.37679         33 0.0000e+00
    124.000    122.680    -1.4187  27.108941    -1.4188  27.108016     6.8197     7.2017     4.2984    90.1969 1.0000e-12  -74.23112 -112.23936  21.350007      99.45 5.2886e+02    296.598       7119  1027.8984  1027.8975    33.9316    33.9303    8.37940         42 0.0000e+00
