ocean_section_plots/required_files/ctd/dnbp2202_ctd216.cnv
* Sea-Bird SBE 9 Data File:
* FileName = D:\Data\raw\NBP2202_CTD216.hex
* Software Version Seasave V 7.26.7.121
* Temperature SN = 1649
* Conductivity SN = 2513
* Number of Bytes Per Scan = 40
* Number of Voltage Words = 5
* Number of Scans Averaged by the Deck Unit = 1
* NMEA Latitude = 73 56.46 S
* NMEA Longitude = 111 25.09 W
* NMEA UTC (Time) = Feb 11 2022  07:05:06
* NMEA baud rate = 9600
** Ship: RVIB N.B. Palmer
** Cruise: NBP2202 Thwaites
** Station: 128
** Operator: B. Bjork
# nquan = 28
# nvalues = 688                         
# units = specified
# name 0 = prDM: Pressure, Digiquartz [db]
# name 1 = depSM: Depth [salt water, m]
# name 2 = t090C: Temperature [ITS-90, deg C]
# name 3 = c0mS/cm: Conductivity [mS/cm]
# name 4 = t190C: Temperature, 2 [ITS-90, deg C]
# name 5 = c1mS/cm: Conductivity, 2 [mS/cm]
# name 6 = sbeox0ML/L: Oxygen, SBE 43 [ml/l]
# name 7 = sbeox1ML/L: Oxygen, SBE 43, 2 [ml/l]
# name 8 = flECO-AFL: Fluorescence, WET Labs ECO-AFL/FL [mg/m^3]
# name 9 = CStarTr0: Beam Transmission, WET Labs C-Star [%]
# name 10 = par: PAR/Irradiance, Biospherical/Licor
# name 11 = latitude: Latitude [deg]
# name 12 = longitude: Longitude [deg]
# name 13 = timeJ: Julian Days
# name 14 = altM: Altimeter [m]
# name 15 = spar: SPAR, Biospherical/Licor
# name 16 = timeS: Time, Elapsed [seconds]
# name 17 = scan: Scan Count
# name 18 = density00: Density [density, kg/m^3]
# name 19 = density11: Density, 2 [density, kg/m^3]
# name 20 = v3: Voltage 3
# name 21 = v4: Voltage 4
# name 22 = v5: Voltage 5
# name 23 = sal00: Salinity, Practical [PSU]
# name 24 = sal11: Salinity, Practical, 2 [PSU]
# name 25 = oxsolML/L: Oxygen Saturation, Garcia & Gordon [ml/l]
# name 26 = nbin: number of scans per bin
# name 27 = flag: flag
# span 0 =      1.000,    688.000       
# span 1 =      0.995,    679.761       
# span 2 =    -1.6863,     0.3947       
# span 3 =  26.876235,  29.323470       
# span 4 =    -1.6857,     0.3972       
# span 5 =  26.876624,  29.323791       
# span 6 =     4.5809,     8.9559       
# span 7 =     4.7374,     9.2737       
# span 8 =    -0.0146,    30.4061       
# span 9 =    69.5048,    98.4602       
# span 10 = 1.0000e-12, 3.2305e+00      
# span 11 =  -73.94104,  -73.93935      
# span 12 = -111.42292, -111.41851      
# span 13 =  42.297001,  42.306297      
# span 14 =       1.35,     100.92      
# span 15 = 1.8663e+01, 3.6415e+01      
# span 16 =    154.854,    958.103      
# span 17 =       3717,      22995      
# span 18 =  1027.1836,  1030.9461      
# span 19 =  1027.1826,  1030.9441      
# span 20 =     3.2972,     4.6708      
# span 21 =     0.0652,     4.7771      
# span 22 =     0.1098,     0.2758      
# span 23 =    33.7967,    34.5218      
# span 24 =    33.7967,    34.5194      
# span 25 =    7.95496,    8.43945      
# span 26 =          9,         54      
# span 27 = 0.0000e+00, 0.0000e+00      
# interval = decibars: 1                
# start_time = Feb 11 2022 07:05:06 [NMEA time, header]
# bad_flag = -9.990e-29
*END*
[from data line 52]
     53.000     52.446    -1.2565  27.162359    -1.2568  27.162428     7.9563     8.2637    20.2643    74.0396 1.0000e-12  -73.94097 -111.41876  42.298130      99.99 2.2917e+01    252.464       6060  1027.4994  1027.4997     3.5129     3.3382     0.2385    33.8655    33.8659    8.34696         35 0.0000e+00
     54.000     53.435    -1.2758  27.150337    -1.2751  27.150631     7.8863     8.1955    20.6027    71.6180 1.0000e-12  -73.94096 -111.41876  42.298147      99.97 2.2974e+01    253.879       6094  1027.5089  1027.5085     3.3989     3.7854     0.2162    33.8702    33.8698    8.35099         32 0.0000e+00
     55.000     54.424    -1.2859  27.143982    -1.2854  27.144188     7.8004     8.1073    19.8595    73.2612 1.0000e-12  -73.94096 -111.41876  42.298163      99.97 2.3285e+01    255.266       6127  1027.5156  1027.5154     3.4750     3.9496     0.1903    33.8723    33.8721    8.35312         33 0.0000e+00
     56.000     55.414    -1.3047  27.132264    -1.3046  27.132525     7.6880     7.9902    19.1850    73.0233 1.0000e-12  -73.94096 -111.41878  42.298179      99.97 2.4188e+01    256.650       6161  1027.5249  1027.5251     3.4646     3.9377     0.2031    33.8769    33.8771    8.35705         33 0.0000e+00
     57.000     56.402    -1.3257  27.119028    -1.3261  27.119269     7.5331     7.8400    19.3796    74.0401 1.0000e-12  -73.94096 -111.41878  42.298195      99.69 2.4239e+01    258.015       6193  1027.5348  1027.5353     3.5129     3.7718     0.2012    33.8819    33.8826    8.36147         32 0.0000e+00
     58.000     57.393    -1.3485  27.104749    -1.3491  27.104719     7.3723     7.6724    18.0241    73.8424 1.0000e-12  -73.94096 -111.41878  42.298210      99.87 2.4676e+01    259.321       6225  1027.5450  1027.5456     3.5034     3.4693     0.2200    33.8874    33.8881    8.36624         31 0.0000e+00
     59.000     58.382    -1.3921  27.076557    -1.3931  27.076524     7.1906     7.5057    17.5013    74.7999 1.0000e-12  -73.94096 -111.41878  42.298225      99.97 2.4680e+01    260.599       6255  1027.5602  1027.5611     3.5488     3.5242     0.2183    33.8975    33.8986    8.37543         30 0.0000e+00
     60.000     59.371    -1.4129  27.064301    -1.4141  27.063948     7.0030     7.3260    17.5533    74.8099 1.0000e-12  -73.94096 -111.41879  42.298239      99.99 2.4680e+01    261.872       6286  1027.5707  1027.5715     3.5493     3.1346     0.2028    33.9036    33.9045    8.37975         31 0.0000e+00
     61.000     60.360    -1.4550  27.036121    -1.4561  27.036707     6.8099     7.1445    17.2078    75.5147 1.0000e-12  -73.94096 -111.41880  42.298254      99.84 2.4680e+01    263.149       6317  1027.5842  1027.5860     3.5828     2.6113     0.1982    33.9119    33.9141    8.38873         31 0.0000e+00
     62.000     61.350    -1.5092  26.998517    -1.5092  26.999321     6.7184     7.0335    16.7898    76.4137 1.0000e-12  -73.94096 -111.41880  42.298269      99.77 2.4680e+01    264.424       6347  1027.5990  1027.5999     3.6253     2.6320     0.1896    33.9211    33.9222    8.40042         29 0.0000e+00
     63.000     62.339    -1.5219  26.991417    -1.5213  26.991909     6.6992     6.9878    14.0086    77.0739 1.0000e-12  -73.94096 -111.41880  42.298283      99.75 2.4680e+01    265.655       6377  1027.6070  1027.6070     3.6567     2.4637     0.1963    33.9251    33.9251    8.40305         30 0.0000e+00
     64.000     63.328    -1.5221  26.992302    -1.5214  26.992710     6.6837     6.9533    10.7257    78.1735 1.0000e-12  -73.94096 -111.41881  42.298297      99.46 2.5367e+01    266.845       6405  1027.6118  1027.6117     3.7088     2.0629     0.1941    33.9259    33.9257    8.40305         28 0.0000e+00
     65.000     64.318    -1.5320  26.985092    -1.5321  26.985906     6.6250     6.8829     9.4468    80.5495 1.0000e-12  -73.94095 -111.41882  42.298311      99.48 2.5500e+01    268.035       6434  1027.6173  1027.6183     3.8215     2.0259     0.1653    33.9266    33.9278    8.40525         28 0.0000e+00
     66.000     65.307    -1.5656  26.959404    -1.5652  26.960000     6.6166     6.8671     8.4612    81.1343 1.0000e-12  -73.94094 -111.41882  42.298324      99.36 2.4672e+01    269.220       6462  1027.6252  1027.6255     3.8496     1.8607     0.1728    33.9286    33.9291    8.41272         29 0.0000e+00
     67.000     66.296    -1.5742  26.953193    -1.5739  26.953561     6.5906     6.8378     7.2040    82.9038 1.0000e-12  -73.94094 -111.41882  42.298338      99.39 2.5842e+01    270.424       6491  1027.6304  1027.6305     3.9327     1.7071     0.1682    33.9293    33.9294    8.41464         29 0.0000e+00
     68.000     67.287    -1.6187  26.916361    -1.6206  26.916310     6.5753     6.8189     5.9284    82.9120 1.0000e-12  -73.94094 -111.41882  42.298352      99.33 2.6382e+01    271.625       6520  1027.6365  1027.6383     3.9336     1.2598     0.1473    33.9284    33.9304    8.42480         29 0.0000e+00
     69.000     68.275    -1.6129  26.923781    -1.6125  26.923621     6.6117     6.8401     4.7949    84.4442 1.0000e-12  -73.94094 -111.41883  42.298366      99.62 2.5780e+01    272.823       6549  1027.6428  1027.6422     4.0062     1.1536     0.1420    33.9314    33.9306    8.42330         29 0.0000e+00
     70.000     69.264    -1.6303  26.909767    -1.6303  26.909989     6.6439     6.8623     3.5596    87.0802 1.0000e-12  -73.94094 -111.41884  42.298380      99.68 2.6382e+01    274.025       6578  1027.6479  1027.6482     4.1312     1.0195     0.1487    33.9312    33.9315    8.42726         28 0.0000e+00
     71.000     70.255    -1.6338  26.907696    -1.6332  26.908115     6.6669     6.8760     3.1000    88.2494 1.0000e-12  -73.94094 -111.41884  42.298394      99.66 2.6254e+01    275.229       6607  1027.6529  1027.6528     4.1866     1.0690     0.1490    33.9317    33.9316    8.42802         30 0.0000e+00
     72.000     71.243    -1.6360  26.906760    -1.6354  26.907143     6.6789     6.8881     2.7900    88.5439 1.0000e-12  -73.94094 -111.41884  42.298408      99.79 2.6442e+01    276.428       6635  1027.6578  1027.6577     4.2006     0.8193     0.1356    33.9323    33.9321    8.42849         28 0.0000e+00
     73.000     72.232    -1.6376  26.906228    -1.6372  26.906511     6.6912     6.9061     2.6530    90.3329 1.0000e-12  -73.94094 -111.41884  42.298422      99.79 2.6443e+01    277.631       6664  1027.6627  1027.6626     4.2856     0.8076     0.1425    33.9327    33.9326    8.42883         29 0.0000e+00
     74.000     73.222    -1.6415  26.903886    -1.6408  26.904377     6.7043     6.9208     2.4855    91.8561 1.0000e-12  -73.94094 -111.41884  42.298436      99.81 2.6443e+01    278.831       6693  1027.6678  1027.6677     4.3574     0.7103     0.1324    33.9332    33.9331    8.42967         29 0.0000e+00
     75.000     74.211    -1.6474  26.899952    -1.6470  26.900343     6.7185     6.9176     2.3605    92.4435 1.0000e-12  -73.94094 -111.41884  42.298449      99.82 2.6443e+01    280.023       6722  1027.6732  1027.6733     4.3855     0.6986     0.1382    33.9338    33.9339    8.43097         29 0.0000e+00
     76.000     75.201    -1.6528  26.896125    -1.6524  26.896430     6.7116     6.9147     2.0511    93.2437 1.0000e-12  -73.94094 -111.41886  42.298463      99.85 2.6443e+01    281.212       6750  1027.6782  1027.6782     4.4234     0.6030     0.1380    33.9341    33.9340    8.43219         28 0.0000e+00
     77.000     76.190    -1.6526  26.897141    -1.6522  26.897285     6.6646     6.8960     1.9162    92.9108 1.0000e-12  -73.94092 -111.41884  42.298477      99.90 2.6443e+01    282.405       6779  1027.6833  1027.6830     4.4076     0.4639     0.1339    33.9347    33.9343    8.43212         28 0.0000e+00
     78.000     77.179    -1.6550  26.896894    -1.6546  26.897029     6.6532     6.8647     1.7676    93.8469 1.0000e-12  -73.94092 -111.41886  42.298491      99.85 2.6649e+01    283.596       6807  1027.6895  1027.6892     4.4520     0.5970     0.1276    33.9365    33.9361    8.43256         29 0.0000e+00
     79.000     78.169    -1.6643  26.890574    -1.6644  26.890666     6.6117     6.8522     1.7337    93.6147 1.0000e-12  -73.94092 -111.41887  42.298504      98.69 2.7022e+01    284.781       6836  1027.6956  1027.6958     4.4410     0.5218     0.1274    33.9376    33.9379    8.43459         27 0.0000e+00
     80.000     79.158    -1.6797  26.879808    -1.6795  26.879949     6.6056     6.8378     1.6536    93.5668 1.0000e-12  -73.94092 -111.41888  42.298518      99.90 2.7259e+01    285.968       6864  1027.7027  1027.7027     4.4388     0.3885     0.1275    33.9397    33.9396    8.43798         28 0.0000e+00
     81.000     80.147    -1.6822  26.878372    -1.6817  26.878693     6.6225     6.8374     1.6271    94.3657 1.0000e-12  -73.94092 -111.41888  42.298532      99.89 2.7136e+01    287.143       6892  1027.7077  1027.7076     4.4766     0.4540     0.1239    33.9399    33.9398    8.43854         28 0.0000e+00
     82.000     81.134    -1.6831  26.878136    -1.6829  26.878189     6.6137     6.8326     1.6476    94.6864 1.0000e-12  -73.94092 -111.41888  42.298545      99.91 2.6266e+01    288.326       6921  1027.7124  1027.7122     4.4918     0.3771     0.1333    33.9400    33.9398    8.43874         29 0.0000e+00
     83.000     82.126    -1.6863  26.876235    -1.6857  26.876624     6.6119     6.8295     1.5281    94.2288 1.0000e-12  -73.94092 -111.41888  42.298559      99.92 2.8193e+01    289.513       6949  1027.7175  1027.7173     4.4702     0.3032     0.1297    33.9404    33.9402    8.43945         28 0.0000e+00
     84.000     83.114    -1.6832  26.880127    -1.6826  26.880393     6.6080     6.8256     1.9050    94.8464 1.0000e-12  -73.94092 -111.41888  42.298573      99.92 2.7697e+01    290.699       6978  1027.7229  1027.7227     4.4994     0.3245     0.1262    33.9415    33.9412    8.43866         28 0.0000e+00
     85.000     84.104    -1.6828  26.881285    -1.6823  26.881436     6.6112     6.8227     1.4472    95.0566 1.0000e-12  -73.94092 -111.41888  42.298587      99.91 2.7108e+01    291.883       7006  1027.7280  1027.7278     4.5095     0.4130     0.1301    33.9421    33.9418    8.43854         29 0.0000e+00
     86.000     85.093    -1.6825  26.882331    -1.6820  26.882448     6.6041     6.8236     1.1521    95.6106 1.0000e-12  -73.94090 -111.41890  42.298600      99.87 2.8083e+01    293.066       7035  1027.7331  1027.7328     4.5355     0.4927     0.1327    33.9425    33.9422    8.43843         28 0.0000e+00
     87.000     86.082    -1.6844  26.882169    -1.6839  26.882395     6.6065     6.8173     1.4827    95.3804 1.0000e-12  -73.94090 -111.41890  42.298614      99.92 2.7536e+01    294.254       7063  1027.7391  1027.7388     4.5247     0.2963     0.1239    33.9439    33.9436    8.43880         29 0.0000e+00
     88.000     87.072    -1.6786  26.888070    -1.6782  26.888137     6.5993     6.8200     1.0946    95.4284 1.0000e-12  -73.94090 -111.41890  42.298628      99.93 2.6637e+01    295.442       7092  1027.7442  1027.7439     4.5271     0.2928     0.1264    33.9448    33.9445    8.43741         29 0.0000e+00
     89.000     88.061    -1.6752  26.891712    -1.6748  26.891782     6.5924     6.8144     1.0109    95.9090 1.0000e-12  -73.94090 -111.41891  42.298642      96.80 2.7322e+01    296.642       7120  1027.7492  1027.7489     4.5498     0.2489     0.1197    33.9454    33.9450    8.43661         28 0.0000e+00
     90.000     89.051    -1.6751  26.892839    -1.6742  26.893264     6.5876     6.8029     0.9386    95.7766 1.0000e-12  -73.94090 -111.41892  42.298656      99.48 2.5586e+01    297.838       7149  1027.7546  1027.7542     4.5436     0.2704     0.1241    33.9462    33.9457    8.43654         29 0.0000e+00
     91.000     90.039    -1.6614  26.905426    -1.6608  26.905553     6.5806     6.7886     1.0070    96.0184 1.0000e-12  -73.94090 -111.41892  42.298669      99.94 2.5246e+01    299.022       7178  1027.7597  1027.7592     4.5549     0.2416     0.1238    33.9474    33.9469    8.43335         28 0.0000e+00
     92.000     91.028    -1.6506  26.916500    -1.6501  26.916449     6.5674     6.7830     1.0455    96.1203 1.0000e-12  -73.94088 -111.41892  42.298683      99.93 2.8361e+01    300.198       7206  1027.7658  1027.7653     4.5598     0.2524     0.1216    33.9498    33.9492    8.43075         28 0.0000e+00
     93.000     92.019    -1.6493  26.918438    -1.6489  26.918395     6.5551     6.7770     1.0371    95.8301 1.0000e-12  -73.94088 -111.41894  42.298697      99.93 2.8144e+01    301.380       7234  1027.7711  1027.7707     4.5461     0.2994     0.1216    33.9503    33.9498    8.43042         29 0.0000e+00
     94.000     93.006    -1.6427  26.925356    -1.6422  26.925221     6.5381     6.7766     0.9698    96.3797 1.0000e-12  -73.94088 -111.41894  42.298710      99.89 2.7519e+01    302.553       7262  1027.7767  1027.7761     4.5721     0.4158     0.1240    33.9517    33.9510    8.42883         28 0.0000e+00
     95.000     93.996    -1.6373  26.931306    -1.6369  26.931354     6.5349     6.7591     0.8347    96.3045 1.0000e-12  -73.94088 -111.41894  42.298724      99.93 2.8559e+01    303.737       7291  1027.7826  1027.7822     4.5685     0.2359     0.1292    33.9533    33.9528    8.42753         29 0.0000e+00
     96.000     94.986    -1.6331  26.935904    -1.6344  26.934295     6.5095     6.7392     0.8859    96.3666 1.0000e-12  -73.94088 -111.41895  42.298737      99.94 2.8336e+01    304.918       7319  1027.7880  1027.7874     4.5715     0.2404     0.1226    33.9541    33.9534    8.42650         28 0.0000e+00
     97.000     95.975    -1.6114  26.955489    -1.6093  26.956564     6.4894     6.7114     1.1491    96.3411 1.0000e-12  -73.94088 -111.41896  42.298751      99.94 2.6444e+01    306.062       7346  1027.7930  1027.7922     4.5703     0.2088     0.1264    33.9559    33.9550    8.42147         26 0.0000e+00
     98.000     96.963    -1.5877  26.976998    -1.5876  26.976100     6.4686     6.6852     1.6437    96.5346 1.0000e-12  -73.94088 -111.41896  42.298763      99.92 2.7530e+01    307.148       7373  1027.7984  1027.7972     4.5795     0.3457     0.1288    33.9581    33.9566    8.41598         26 0.0000e+00
     99.000     97.953    -1.5747  26.988805    -1.5752  26.987805     6.4424     6.6646     1.7574    96.3713 1.0000e-12  -73.94088 -111.41896  42.298776      99.92 2.7394e+01    308.219       7398  1027.8034  1027.8027     4.5717     0.2875     0.1180    33.9590    33.9581    8.41298         26 0.0000e+00
    100.000     98.943    -1.5578  27.004711    -1.5578  27.003906     6.4365     6.6548     1.6226    95.5309 1.0000e-12  -73.94088 -111.41898  42.298788      99.93 2.8267e+01    309.280       7424  1027.8091  1027.8082     4.5319     0.2721     0.1200    33.9610    33.9599    8.40902         25 0.0000e+00
    101.000     99.932    -1.5524  27.010049    -1.5515  27.010063     6.4302     6.6534     1.7385    95.1396 1.0000e-12  -73.94088 -111.41898  42.298800      96.98 2.4706e+01    310.346       7449  1027.8145  1027.8137     4.5133     0.3641     0.1195    33.9617    33.9607    8.40777         25 0.0000e+00
    102.000    100.920    -1.5515  27.011602    -1.5511  27.011317     6.4343     6.6446     2.0328    95.7061 1.0000e-12  -73.94088 -111.41898  42.298812      99.91 2.4544e+01    311.396       7474  1027.8198  1027.8192     4.5401     0.3992     0.1324    33.9621    33.9613    8.40753         26 0.0000e+00
    103.000    101.909    -1.5535  27.011338    -1.5528  27.011271     6.4178     6.6365     1.8423    95.2239 1.0000e-12  -73.94088 -111.41898  42.298825      99.93 2.8299e+01    312.443       7500  1027.8260  1027.8253     4.5174     0.2869     0.1274    33.9634    33.9626    8.40791         24 0.0000e+00
