ocean_section_plots/required_files/ctd/dnbp2202_ctd103.cnv
* Sea-Bird SBE 9 Data File:
* FileName = D:\Data\raw\NBP2202_CTD103.hex
* Software Version Seasave V 7.26.7.121
* Temperature SN = 1649
* Conductivity SN = 2513
* Number of Bytes Per Scan = 40
* Number of Voltage Words = 5
* Number of Scans Averaged by the Deck Unit = 1
* NMEA Latitude = 74 10.52 S
* NMEA Longitude = 113 20.65 W
* NMEA UTC (Time) = Jan 27 2022  03:53:00
* NMEA baud rate = 9600
** Ship: RVIB N.B. Palmer
** Cruise: NBP2202 Thwaites
** Station: YoYo001
** Operator: B. Bjork
# nquan = 25
# nvalues = 616                         
# units = specified
# name 0 = prDM: Pressure, Digiquartz [db]
# name 1 = depSM: Depth [salt water, m]
# name 2 = t090C: Temperature [ITS-90, deg C]
# name 3 = c0mS/cm: Conductivity [mS/cm]
# name 4 = t190C: Temperature, 2 [ITS-90, deg C]
# name 5 = c1mS/cm: Conductivity, 2 [mS/cm]
# name 6 = sbeox0ML/L: Oxygen, SBE 43 [ml/l]
# name 7 = sbeox1ML/L: Oxygen, SBE 43, 2 [ml/l]
# name 8 = flECO-AFL: Fluorescence, WET Labs ECO-AFL/FL [mg/m^3]
# name 9 = CStarTr0: Beam Transmission, WET Labs C-Star [%]
# name 10 = par: PAR/Irradiance, Biospherical/Licor
# name 11 = latitude: Latitude [deg]
# name 12 = longitude: Longitude [deg]
# name 13 = timeJ: Julian Days
# name 14 = altM: Altimeter [m]
# name 15 = spar: SPAR, Biospherical/Licor
# name 16 = timeS: Time, Elapsed [seconds]
# name 17 = scan: Scan Count
# name 18 = density00: Density [density, kg/m^3]
# name 19 = density11: Density, 2 [density, kg/m^3]
# name 20 = sal00: Salinity, Practical [PSU]
# name 21 = sal11: Salinity, Practical, 2 [PSU]
# name 22 = oxsolML/L: Oxygen Saturation, Garcia & Gordon [ml/l]
# name 23 = nbin: number of scans per bin
# name 24 = flag: flag
# span 0 =      2.000,    617.000       
# span 1 =      1.987,    609.706       
# span 2 =    -1.5026,     0.0950       
# span 3 =  26.944653,  28.930411       
# span 4 =    -1.5017,     0.0983       
# span 5 =  26.944525,  28.931361       
# span 6 =     4.7189,     8.9727       
# span 7 =     4.8036,     8.7562       
# span 8 =    -0.0262,    24.8256       
# span 9 =    69.7803,    95.5356       
# span 10 = 1.0000e-12, 1.1342e+02      
# span 11 =  -74.17536,  -74.17536      
# span 12 = -113.34428, -113.34424      
# span 13 =  27.165655,  27.174654      
# span 14 =       7.78,     108.42      
# span 15 = 2.9615e+02, 3.5031e+02      
# span 16 =    332.541,   1110.114      
# span 17 =       7982,      26644      
# span 18 =  1027.1751,  1030.5230      
# span 19 =  1027.1706,  1030.5208      
# span 20 =    33.7832,    34.3816      
# span 21 =    33.7824,    34.3792      
# span 22 =    8.02500,    8.40504      
# span 23 =         13,         48      
# span 24 = 0.0000e+00, 0.0000e+00      
# interval = decibars: 1                
# start_time = Jan 27 2022 03:53:00 [NMEA time, header]
# bad_flag = -9.990e-29
*END*
[from data line 58]
     60.000     59.370    -1.3767  27.021978    -1.3780  27.020498     6.9416     7.0882     9.7433    79.4529 1.0000e-12  -74.17536 -113.34427  27.167055      99.37 3.4376e+02    453.537      10886  1027.4871  1027.4867    33.8042    33.8036    8.37754         44 0.0000e+00
     61.000     60.360    -1.3713  27.026884    -1.3738  27.023863     6.8614     7.0367     9.8059    79.6838 1.0000e-12  -74.17536 -113.34427  27.167078      99.43 3.4376e+02    455.508      10933  1027.4911  1027.4902    33.8041    33.8029    8.37631         41 0.0000e+00
     62.000     61.349    -1.3963  27.007861    -1.3937  27.009393     6.7980     6.9808    10.3914    81.1250 1.0000e-12  -74.17536 -113.34427  27.167100      99.41 3.4376e+02    457.471      10980  1027.4984  1027.4976    33.8057    33.8048    8.38185         45 0.0000e+00
     63.000     62.339    -1.3968  27.008061    -1.3962  27.007838     6.7914     6.9523     9.2731    81.7152 1.0000e-12  -74.17536 -113.34427  27.167123      99.47 3.4346e+02    459.389      11026  1027.5032  1027.5023    33.8059    33.8050    8.38195         41 0.0000e+00
     64.000     63.328    -1.3996  27.006624    -1.4000  27.005653     6.7799     6.9348     9.7703    81.5511 1.0000e-12  -74.17536 -113.34426  27.167145      99.44 3.4312e+02    461.324      11073  1027.5083  1027.5076    33.8065    33.8055    8.38255         44 0.0000e+00
     65.000     64.317    -1.4028  27.004542    -1.4033  27.003463     6.7826     6.9354     9.0426    83.6766 1.0000e-12  -74.17536 -113.34427  27.167168      99.50 3.4366e+02    463.327      11121  1027.5131  1027.5125    33.8066    33.8057    8.38325         38 0.0000e+00
     66.000     65.307    -1.4042  27.003662    -1.4036  27.003512     6.7885     6.9378     9.9274    83.4827 1.0000e-12  -74.17536 -113.34427  27.167191      99.47 3.4292e+02    465.305      11168  1027.5177  1027.5169    33.8063    33.8054    8.38359         38 0.0000e+00
     67.000     66.294    -1.4053  27.002851    -1.4029  27.004235     6.7787     6.9310     7.5656    83.8297 1.0000e-12  -74.17536 -113.34427  27.167213      97.96 3.4261e+02    467.228      11214  1027.5220  1027.5212    33.8058    33.8051    8.38386         37 0.0000e+00
     68.000     67.285    -1.4082  27.000709    -1.4072  27.001101     6.7785     6.9335     8.5178    83.1417 1.0000e-12  -74.17536 -113.34426  27.167236      97.61 3.4331e+02    469.181      11261  1027.5267  1027.5261    33.8056    33.8049    8.38454         46 0.0000e+00
     69.000     68.275    -1.4089  27.000668    -1.4076  27.001044     6.7676     6.9230     8.5539    83.4795 1.0000e-12  -74.17536 -113.34426  27.167259      99.42 3.4264e+02    471.156      11309  1027.5315  1027.5306    33.8056    33.8047    8.38469         39 0.0000e+00
     70.000     69.264    -1.4073  27.003157    -1.4065  27.003128     6.7536     6.9060     9.0279    83.5074 1.0000e-12  -74.17536 -113.34426  27.167281      99.47 3.4238e+02    473.114      11356  1027.5370  1027.5361    33.8067    33.8057    8.38427         47 0.0000e+00
     71.000     70.253    -1.4095  27.001930    -1.4102  27.000681     6.7494     6.9050     7.3621    82.1494 1.0000e-12  -74.17536 -113.34426  27.167304      99.44 3.4307e+02    475.078      11403  1027.5419  1027.5412    33.8068    33.8058    8.38474         39 0.0000e+00
     72.000     71.242    -1.4096  27.002249    -1.4090  27.001855     6.7451     6.9068     7.8335    83.5157 1.0000e-12  -74.17536 -113.34426  27.167327      99.49 3.4294e+02    477.040      11450  1027.5466  1027.5456    33.8067    33.8055    8.38478         45 0.0000e+00
     73.000     72.231    -1.4107  27.001963    -1.4090  27.002270     6.7649     6.9187     8.8513    84.5432 1.0000e-12  -74.17536 -113.34426  27.167350      99.43 3.4253e+02    479.007      11497  1027.5516  1027.5503    33.8069    33.8055    8.38501         37 0.0000e+00
     74.000     73.221    -1.4073  27.004525    -1.4068  27.004149     6.7611     6.9188     8.3587    85.4345 1.0000e-12  -74.17536 -113.34426  27.167372      97.71 3.4295e+02    480.962      11544  1027.5554  1027.5546    33.8060    33.8049    8.38430         45 0.0000e+00
     75.000     74.210    -1.4146  26.998792    -1.4128  26.999389     6.7276     6.8937     9.1963    85.2509 1.0000e-12  -74.17536 -113.34426  27.167394      99.47 3.4305e+02    482.882      11590  1027.5604  1027.5594    33.8057    33.8045    8.38595         42 0.0000e+00
     76.000     75.199    -1.4175  26.997131    -1.4167  26.996991     6.7204     6.8887     9.6608    84.8837 1.0000e-12  -74.17536 -113.34426  27.167417      99.40 3.4257e+02    484.852      11637  1027.5657  1027.5647    33.8062    33.8050    8.38660         39 0.0000e+00
     77.000     76.189    -1.4160  26.999181    -1.4136  27.000231     6.7425     6.9047     9.0601    84.8174 1.0000e-12  -74.17536 -113.34426  27.167441      99.43 3.4289e+02    486.882      11686  1027.5708  1027.5696    33.8067    33.8053    8.38623         39 0.0000e+00
     78.000     77.179    -1.4104  27.004132    -1.4097  27.003674     6.7554     6.9105     7.9828    85.1047 1.0000e-12  -74.17536 -113.34426  27.167464      99.42 3.4315e+02    488.849      11733  1027.5751  1027.5739    33.8065    33.8051    8.38498         40 0.0000e+00
     79.000     78.167    -1.4106  27.004390    -1.4096  27.004295     6.7269     6.8850     9.5625    85.0034 1.0000e-12  -74.17536 -113.34426  27.167486      99.48 3.4249e+02    490.773      11780  1027.5798  1027.5788    33.8064    33.8052    8.38502         43 0.0000e+00
     80.000     79.158    -1.4156  27.001022    -1.4143  27.001217     6.6695     6.8389     8.6132    85.3072 1.0000e-12  -74.17536 -113.34426  27.167509      99.57 3.4250e+02    492.739      11827  1027.5853  1027.5843    33.8068    33.8056    8.38612         39 0.0000e+00
     81.000     80.146    -1.4232  26.995906    -1.4221  26.996086     6.6239     6.7873     7.8264    84.6568 1.0000e-12  -74.17536 -113.34426  27.167531      99.41 3.4355e+02    494.717      11874  1027.5913  1027.5904    33.8078    33.8068    8.38779         44 0.0000e+00
     82.000     81.135    -1.4253  26.995275    -1.4248  26.994855     6.5877     6.7495    10.3793    85.3668 1.0000e-12  -74.17536 -113.34426  27.167554      99.52 3.4214e+02    496.643      11920  1027.5968  1027.5959    33.8086    33.8075    8.38820         40 0.0000e+00
     83.000     82.125    -1.4327  26.990062    -1.4318  26.990090     6.5509     6.7220     8.7841    86.0783 1.0000e-12  -74.17536 -113.34426  27.167576      99.46 3.4256e+02    498.582      11967  1027.6025  1027.6016    33.8092    33.8082    8.38984         39 0.0000e+00
     84.000     83.113    -1.4356  26.988444    -1.4341  26.988756     6.5616     6.7191     7.2103    85.6509 1.0000e-12  -74.17536 -113.34426  27.167600      99.48 3.4373e+02    500.617      12016  1027.6077  1027.6066    33.8096    33.8084    8.39046         41 0.0000e+00
     85.000     84.103    -1.4341  26.990037    -1.4334  26.989598     6.5652     6.7185     6.8042    85.9980 1.0000e-12  -74.17536 -113.34425  27.167623      99.55 3.4220e+02    502.597      12063  1027.6122  1027.6111    33.8095    33.8081    8.39013         44 0.0000e+00
     86.000     85.092    -1.4350  26.989771    -1.4342  26.989610     6.5652     6.7175     8.1038    85.9524 1.0000e-12  -74.17536 -113.34425  27.167645      99.51 3.4244e+02    504.497      12109  1027.6171  1027.6161    33.8096    33.8084    8.39034         40 0.0000e+00
     87.000     86.081    -1.4348  26.990452    -1.4342  26.989877     6.5658     6.7217     6.2193    86.1954 1.0000e-12  -74.17536 -113.34425  27.167668      98.84 3.4388e+02    506.471      12156  1027.6218  1027.6207    33.8096    33.8082    8.39028         46 0.0000e+00
     88.000     87.071    -1.4355  26.990099    -1.4342  26.990240     6.5459     6.7023     7.3728    85.2245 1.0000e-12  -74.17536 -113.34424  27.167691      93.90 3.4257e+02    508.474      12204  1027.6264  1027.6254    33.8093    33.8081    8.39046         43 0.0000e+00
     89.000     88.059    -1.4400  26.987225    -1.4394  26.986766     6.5478     6.6925     6.7652    86.0374 1.0000e-12  -74.17536 -113.34424  27.167713      99.40 3.4236e+02    510.416      12251  1027.6319  1027.6308    33.8098    33.8085    8.39145         45 0.0000e+00
     90.000     89.050    -1.4377  26.989478    -1.4376  26.988588     6.5092     6.6591     7.1476    86.6149 1.0000e-12  -74.17536 -113.34424  27.167736      99.54 3.4373e+02    512.379      12298  1027.6364  1027.6353    33.8097    33.8083    8.39093         35 0.0000e+00
     91.000     90.038    -1.4490  26.980870    -1.4457  26.982988     6.3494     6.5195     6.3952    86.4470 1.0000e-12  -74.17536 -113.34424  27.167759      99.58 3.4243e+02    514.347      12345  1027.6421  1027.6412    33.8100    33.8091    8.39346         40 0.0000e+00
     92.000     91.027    -1.4688  26.967052    -1.4693  26.965997     6.1942     6.3674     6.1413    85.4661 1.0000e-12  -74.17536 -113.34424  27.167781      99.65 3.4249e+02    516.285      12392  1027.6502  1027.6496    33.8127    33.8119    8.39776         43 0.0000e+00
     93.000     92.018    -1.4917  26.950692    -1.4924  26.949980     6.0640     6.2466     6.2460    87.2582 1.0000e-12  -74.17536 -113.34424  27.167804      99.59 3.4345e+02    518.235      12439  1027.6584  1027.6583    33.8154    33.8153    8.40277         35 0.0000e+00
     94.000     93.006    -1.5026  26.944653    -1.5017  26.944525     6.0211     6.1875     5.3084    88.1134 1.0000e-12  -74.17536 -113.34424  27.167826      95.99 3.4257e+02    520.194      12486  1027.6663  1027.6653    33.8189    33.8177    8.40504         39 0.0000e+00
     95.000     93.994    -1.4977  26.951888    -1.4965  26.951899     5.8838     6.0590     4.5236    87.3863 1.0000e-12  -74.17536 -113.34425  27.167849      99.81 3.4259e+02    522.147      12533  1027.6737  1027.6725    33.8227    33.8214    8.40370         33 0.0000e+00
     96.000     94.986    -1.4776  26.975851    -1.4764  26.975485     5.7277     5.9131     3.5110    87.9507 1.0000e-12  -74.17536 -113.34425  27.167872      99.76 3.4356e+02    524.146      12581  1027.6849  1027.6834    33.8324    33.8305    8.39858         42 0.0000e+00
     97.000     95.975    -1.4648  26.989820    -1.4651  26.988156     5.6265     5.7993     2.6676    88.2157 1.0000e-12  -74.17536 -113.34424  27.167895      99.75 3.4289e+02    526.139      12628  1027.6923  1027.6908    33.8365    33.8345    8.39544         39 0.0000e+00
     98.000     96.963    -1.4598  26.996012    -1.4588  26.995663     5.5636     5.7238     2.4098    90.0734 1.0000e-12  -74.17536 -113.34424  27.167916      99.82 3.4242e+02    527.905      12671  1027.6987  1027.6974    33.8387    33.8372    8.39418         37 0.0000e+00
     99.000     97.952    -1.4522  27.005383    -1.4511  27.005087     5.5775     5.7253     1.6078    91.3122 1.0000e-12  -74.17536 -113.34424  27.167933      99.84 3.4378e+02    529.374      12706  1027.7061  1027.7048    33.8424    33.8408    8.39225         34 0.0000e+00
    100.000     98.941    -1.4465  27.011595    -1.4450  27.011493     5.6362     5.7675     1.2534    91.2789 1.0000e-12  -74.17536 -113.34424  27.167949      99.84 3.4285e+02    530.797      12740  1027.7119  1027.7103    33.8439    33.8421    8.39088         35 0.0000e+00
    101.000     99.930    -1.4394  27.019280    -1.4390  27.018920     5.6422     5.7607     1.5559    91.9028 1.0000e-12  -74.17536 -113.34424  27.167965      99.86 3.4291e+02    532.165      12773  1027.7179  1027.7172    33.8458    33.8449    8.38916         31 0.0000e+00
    102.000    100.921    -1.4451  27.015843    -1.4440  27.015815     5.5959     5.7247     0.9411    92.5153 1.0000e-12  -74.17536 -113.34424  27.167980      98.06 3.4400e+02    533.468      12804  1027.7241  1027.7230    33.8469    33.8457    8.39038         31 0.0000e+00
    103.000    101.909    -1.4471  27.017803    -1.4459  27.017608     5.5606     5.6933     1.1497    92.5754 1.0000e-12  -74.17536 -113.34424  27.167994      99.88 3.4333e+02    534.642      12832  1027.7326  1027.7312    33.8513    33.8497    8.39057         25 0.0000e+00
    104.000    102.897    -1.4418  27.023366    -1.4409  27.023157     5.5386     5.6717     1.0528    93.0439 1.0000e-12  -74.17536 -113.34424  27.168005      99.87 3.4292e+02    535.610      12856  1027.7380  1027.7369    33.8523    33.8510    8.38931         23 0.0000e+00
    105.000    103.887    -1.4318  27.034297    -1.4309  27.033639     5.5305     5.6578     0.5089    93.2836 1.0000e-12  -74.17536 -113.34424  27.168016      99.87 3.4488e+02    536.614      12880  1027.7447  1027.7431    33.8554    33.8535    8.38688         24 0.0000e+00
    106.000    104.876    -1.4137  27.053617    -1.4128  27.052810     5.5542     5.6711     0.4224    93.6844 1.0000e-12  -74.17536 -113.34424  27.168028      99.87 3.4390e+02    537.629      12904  1027.7529  1027.7512    33.8609    33.8588    8.38247         25 0.0000e+00
    107.000    105.866    -1.4043  27.065280    -1.4030  27.065080     5.5501     5.6659     0.5085    93.9578 1.0000e-12  -74.17536 -113.34424  27.168040      99.87 3.4404e+02    538.651      12929  1027.7611  1027.7598    33.8656    33.8640    8.38007         25 0.0000e+00
    108.000    106.854    -1.3949  27.077674    -1.3943  27.076886     5.4750     5.5985     0.6236    94.3586 1.0000e-12  -74.17536 -113.34424  27.168052      99.88 3.4529e+02    539.669      12953  1027.7703  1027.7688    33.8715    33.8697    8.37763         23 0.0000e+00
    109.000    107.844    -1.3798  27.093931    -1.3761  27.095347     5.3905     5.5250     0.4098    94.5870 1.0000e-12  -74.17536 -113.34424  27.168063      99.88 3.4453e+02    540.671      12977  1027.7781  1027.7760    33.8761    33.8739    8.37396         25 0.0000e+00
    110.000    108.832    -1.3308  27.138026    -1.3280  27.138552     5.3501     5.4867     0.1794    94.7098 1.0000e-12  -74.17536 -113.34424  27.168075      99.88 3.4332e+02    541.655      13001  1027.7837  1027.7815    33.8806    33.8782    8.36269         23 0.0000e+00
    111.000    109.822    -1.3174  27.150291    -1.3165  27.149896     5.3419     5.4750     0.1474    94.8885 1.0000e-12  -74.17536 -113.34424  27.168086      99.88 3.4513e+02    542.634      13024  1027.7888  1027.7875    33.8816    33.8800    8.35961         24 0.0000e+00
    112.000    110.809    -1.3167  27.151489    -1.3161  27.150695     5.3393     5.4596     0.1034    94.9396 1.0000e-12  -74.17536 -113.34424  27.168098      99.88 3.4421e+02    543.638      13048  1027.7941  1027.7927    33.8819    33.8801    8.35945         24 0.0000e+00
    113.000    111.802    -1.3163  27.152251    -1.3152  27.152022     5.3477     5.4634     0.0442    95.0742 1.0000e-12  -74.17536 -113.34424  27.168109      99.89 3.4376e+02    544.646      13073  1027.7992  1027.7978    33.8819    33.8803    8.35937         24 0.0000e+00
    114.000    112.789    -1.3158  27.153111    -1.3149  27.152729     5.3790     5.4860     0.0406    95.0991 1.0000e-12  -74.17536 -113.34424  27.168121      93.41 3.4545e+02    545.669      13097  1027.8042  1027.8030    33.8818    33.8803    8.35925         25 0.0000e+00
    115.000    113.778    -1.3226  27.147741    -1.3185  27.150547     5.4088     5.5138     0.0625    95.2094 1.0000e-12  -74.17536 -113.34424  27.168133      92.52 3.4444e+02    546.676      13121  1027.8094  1027.8085    33.8815    33.8807    8.36079         23 0.0000e+00
    116.000    114.768    -1.3486  27.126610    -1.3468  27.127236     5.4266     5.5300     0.0406    95.2291 1.0000e-12  -74.17536 -113.34424  27.168144      97.49 3.4404e+02    547.667      13145  1027.8159  1027.8148    33.8813    33.8801    8.36664         24 0.0000e+00
