ocean_section_plots/required_files/ctd/dnbp2202_ctd159.cnv
* Sea-Bird SBE 9 Data File:
* FileName = D:\Data\raw\NBP2202_CTD159.hex
* Software Version Seasave V 7.26.7.121
* Temperature SN = 1649
* Conductivity SN = 2513
* Number of Bytes Per Scan = 40
* Number of Voltage Words = 5
* Number of Scans Averaged by the Deck Unit = 1
* NMEA Latitude = 74 13.88 S
* NMEA Longitude = 112 07.95 W
* NMEA UTC (Time) = Jan 31 2022  22:43:55
* NMEA baud rate = 9600
** Ship: RVIB N.B. Palmer
** Cruise: NBP2202 Thwaites
** Station: 81
** Operator: A. Robinson/K. Block
# nquan = 28
# nvalues = 505                         
# units = specified
# name 0 = prDM: Pressure, Digiquartz [db]
# name 1 = depSM: Depth [salt water, m]
# name 2 = t090C: Temperature [ITS-90, deg C]
# name 3 = c0mS/cm: Conductivity [mS/cm]
# name 4 = t190C: Temperature, 2 [ITS-90, deg C]
# name 5 = c1mS/cm: Conductivity, 2 [mS/cm]
# name 6 = sbeox0ML/L: Oxygen, SBE 43 [ml/l]
# name 7 = sbeox1ML/L: Oxygen, SBE 43, 2 [ml/l]
# name 8 = flECO-AFL: Fluorescence, WET Labs ECO-AFL/FL [mg/m^3]
# name 9 = CStarTr0: Beam Transmission, WET Labs C-Star [%]
# name 10 = par: PAR/Irradiance, Biospherical/Licor
# name 11 = latitude: Latitude [deg]
# name 12 = longitude: Longitude [deg]
# name 13 = timeJ: Julian Days
# name 14 = altM: Altimeter [m]
# name 15 = spar: SPAR, Biospherical/Licor
# name 16 = timeS: Time, Elapsed [seconds]
# name 17 = scan: Scan Count
# name 18 = density00: Density [density, kg/m^3]
# name 19 = density11: Density, 2 [density, kg/m^3]
# name 20 = v3: Voltage 3
# name 21 = v4: Voltage 4
# name 22 = v5: Voltage 5
# name 23 = sal00: Salinity, Practical [PSU]
# name 24 = sal11: Salinity, Practical, 2 [PSU]
# name 25 = oxsolML/L: Oxygen Saturation, Garcia & Gordon [ml/l]
# name 26 = nbin: number of scans per bin
# name 27 = flag: flag
# span 0 =      2.000,    506.000       
# span 1 =      1.988,    500.157       
# span 2 =    -1.4922,    -0.1493       
# span 3 =  27.006271,  28.631729       
# span 4 =    -1.4913,    -0.1516       
# span 5 =  27.006327,  28.627734       
# span 6 =     4.8920,     8.5413       
# span 7 =     5.0074,     8.4822       
# span 8 =     0.0017,    22.7574       
# span 9 =    70.3250,    93.3696       
# span 10 = -4.206e-05, 1.2096e+03      
# span 11 =  -74.23136,  -74.23136      
# span 12 = -112.13264, -112.13260      
# span 13 =  31.950883,  31.959275      
# span 14 =       1.07,     100.15      
# span 15 = 8.7933e+02, 2.3295e+03      
# span 16 =    321.337,   1046.393      
# span 17 =       7713,      25114      
# span 18 =  1027.1895,  1029.9708      
# span 19 =  1027.1905,  1029.9697      
# span 20 =     3.3367,     4.4294      
# span 21 =     0.0701,     3.4100      
# span 22 =     0.1161,     0.2228      
# span 23 =    33.7966,    34.3274      
# span 24 =    33.7993,    34.3232      
# span 25 =    8.07956,    8.39275      
# span 26 =          3,         47      
# span 27 = 0.0000e+00, 0.0000e+00      
# interval = decibars: 1                
# start_time = Jan 31 2022 22:43:55 [NMEA time, header]
# bad_flag = -9.990e-29
*END*
[from data line 208]
    210.000    207.720    -1.4231  27.203926    -1.4223  27.203791     6.1904     6.3418     0.2510    92.5018 1.0000e-12  -74.23136 -112.13261  31.954599      99.86 1.2694e+03    642.389      15418  1028.3773  1028.3764     4.3882     0.0938     0.1395    34.0137    34.0126    8.37549         32 0.0000e+00
    211.000    208.710    -1.4238  27.203965    -1.4229  27.203838     6.1927     6.3416     0.9427    92.3627 1.0000e-12  -74.23136 -112.13261  31.954614      99.69 1.3172e+03    643.645      15448  1028.3823  1028.3813     4.3817     0.0912     0.1347    34.0140    34.0127    8.37565         28 0.0000e+00
    212.000    209.698    -1.4248  27.203569    -1.4241  27.203355     6.1964     6.3485     0.2873    92.3883 1.0000e-12  -74.23136 -112.13261  31.954628      96.79 1.3958e+03    644.856      15478  1028.3871  1028.3862     4.3829     0.0902     0.1367    34.0139    34.0129    8.37587         30 0.0000e+00
    213.000    210.686    -1.4278  27.201675    -1.4270  27.201609     6.2017     6.3633     0.3958    92.4872 1.0000e-12  -74.23136 -112.13261  31.954644      99.83 1.4140e+03    646.202      15510  1028.3922  1028.3914     4.3876     0.0929     0.1382    34.0141    34.0131    8.37653         35 0.0000e+00
    214.000    211.676    -1.4311  27.199570    -1.4314  27.198541     6.2085     6.3695     0.2543    92.3708 1.0000e-12  -74.23136 -112.13261  31.954660      99.85 1.4139e+03    647.589      15543  1028.3974  1028.3965     4.3821     0.1151     0.1351    34.0143    34.0132    8.37725         31 0.0000e+00
    215.000    212.663    -1.4349  27.196851    -1.4352  27.195863     6.2095     6.3726     0.2479    92.4040 1.0000e-12  -74.23136 -112.13261  31.954674      99.85 1.3888e+03    648.867      15574  1028.4024  1028.4016     4.3836     0.1203     0.1353    34.0143    34.0133    8.37812         30 0.0000e+00
    216.000    213.652    -1.4368  27.196634    -1.4360  27.196373     6.2085     6.3685     0.3255    92.4814 1.0000e-12  -74.23136 -112.13262  31.954689      99.85 1.3879e+03    650.093      15603  1028.4082  1028.4072     4.3873     0.1062     0.1309    34.0155    34.0142    8.37847         28 0.0000e+00
    217.000    214.641    -1.4383  27.196555    -1.4379  27.196197     6.2098     6.3657     0.2136    92.4720 1.0000e-12  -74.23136 -112.13260  31.954701      99.84 1.4332e+03    651.152      15629  1028.4138  1028.4131     4.3869     0.1145     0.1336    34.0164    34.0155    8.37874         26 0.0000e+00
    218.000    215.629    -1.4392  27.196977    -1.4383  27.196564     6.2141     6.3677     0.2013    92.4783 1.0000e-12  -74.23136 -112.13262  31.954715      99.85 1.5133e+03    652.366      15658  1028.4195  1028.4181     4.3871     0.0991     0.1329    34.0175    34.0159    8.37890         31 0.0000e+00
    219.000    216.621    -1.4370  27.199136    -1.4361  27.199097     6.2073     6.3673     0.1162    92.5656 1.0000e-12  -74.23136 -112.13261  31.954731      99.85 1.4932e+03    653.774      15692  1028.4240  1028.4231     4.3913     0.0976     0.1364    34.0174    34.0163    8.37841         31 0.0000e+00
    220.000    217.606    -1.4358  27.200797    -1.4350  27.200633     6.2056     6.3648     0.1338    92.5630 1.0000e-12  -74.23136 -112.13260  31.954747      99.85 1.4091e+03    655.138      15724  1028.4289  1028.4279     4.3912     0.0931     0.1322    34.0176    34.0165    8.37812         31 0.0000e+00
    221.000    218.596    -1.4335  27.203760    -1.4326  27.203603     6.2079     6.3650     0.1414    92.5584 1.0000e-12  -74.23136 -112.13262  31.954761      99.85 1.3496e+03    656.353      15753  1028.4342  1028.4331     4.3909     0.1074     0.1301    34.0184    34.0172    8.37755         29 0.0000e+00
    222.000    219.584    -1.4327  27.204987    -1.4319  27.204799     6.2048     6.3657     0.1075    92.6588 1.0000e-12  -74.23136 -112.13261  31.954775      99.25 1.2526e+03    657.587      15783  1028.4390  1028.4380     4.3957     0.0955     0.1304    34.0186    34.0174    8.37736         31 0.0000e+00
    223.000    220.573    -1.4317  27.206381    -1.4310  27.206194     6.2039     6.3588     0.4959    92.6379 1.0000e-12  -74.23136 -112.13261  31.954791      99.85 1.1737e+03    658.924      15815  1028.4439  1028.4430     4.3947     0.1035     0.1363    34.0188    34.0177    8.37713         32 0.0000e+00
    224.000    221.560    -1.4319  27.206843    -1.4311  27.206635     6.2022     6.3606     0.1650    92.6974 1.0000e-12  -74.23136 -112.13262  31.954806      99.85 1.1916e+03    660.277      15848  1028.4489  1028.4479     4.3975     0.1047     0.1293    34.0190    34.0178    8.37715         32 0.0000e+00
    225.000    222.549    -1.4325  27.206945    -1.4319  27.206515     6.1984     6.3655     0.1488    92.6131 1.0000e-12  -74.23136 -112.13261  31.954822      99.84 1.2268e+03    661.593      15879  1028.4539  1028.4528     4.3935     0.0981     0.1311    34.0192    34.0179    8.37728         31 0.0000e+00
    226.000    223.538    -1.4321  27.207965    -1.4314  27.207649     6.1997     6.3619     0.1803    92.6019 1.0000e-12  -74.23136 -112.13261  31.954836      99.85 1.2440e+03    662.864      15910  1028.4589  1028.4579     4.3930     0.0976     0.1329    34.0195    34.0183    8.37717         30 0.0000e+00
    227.000    224.527    -1.4317  27.208990    -1.4310  27.208576     6.1997     6.3629     0.1499    92.6319 1.0000e-12  -74.23136 -112.13261  31.954851      99.85 1.2708e+03    664.142      15940  1028.4639  1028.4628     4.3944     0.1077     0.1360    34.0198    34.0184    8.37706         32 0.0000e+00
    228.000    225.517    -1.4313  27.209634    -1.4306  27.209368     6.2000     6.3629     0.1585    92.6959 1.0000e-12  -74.23136 -112.13261  31.954867      99.85 1.3353e+03    665.522      15974  1028.4686  1028.4676     4.3975     0.0910     0.1328    34.0197    34.0185    8.37699         32 0.0000e+00
    229.000    226.504    -1.4310  27.210566    -1.4303  27.210284     6.2065     6.3620     0.1426    92.6614 1.0000e-12  -74.23136 -112.13261  31.954883      99.85 1.3892e+03    666.893      16006  1028.4736  1028.4727     4.3958     0.1056     0.1307    34.0200    34.0189    8.37690         31 0.0000e+00
    230.000    227.492    -1.4301  27.212073    -1.4290  27.212206     6.2000     6.3650     0.1614    92.6971 1.0000e-12  -74.23136 -112.13262  31.954897      99.85 1.4322e+03    668.132      16036  1028.4787  1028.4778     4.3975     0.0961     0.1334    34.0204    34.0193    8.37667         29 0.0000e+00
    231.000    228.480    -1.4287  27.214367    -1.4276  27.214388     6.2018     6.3583     0.1734    92.6460 1.0000e-12  -74.23136 -112.13260  31.954912      99.86 1.3929e+03    669.358      16066  1028.4842  1028.4831     4.3951     0.1044     0.1319    34.0214    34.0201    8.37630         31 0.0000e+00
    232.000    229.470    -1.4267  27.217479    -1.4260  27.217107     6.2045     6.3591     0.1651    92.6452 1.0000e-12  -74.23136 -112.13261  31.954927      94.81 1.2285e+03    670.737      16099  1028.4899  1028.4888     4.3950     0.0938     0.1349    34.0227    34.0214    8.37576         35 0.0000e+00
    233.000    230.458    -1.4264  27.218860    -1.4255  27.218735     6.2032     6.3586     0.1141    92.5647 1.0000e-12  -74.23136 -112.13261  31.954944      99.89 1.0978e+03    672.199      16134  1028.4955  1028.4945     4.3912     0.0965     0.1355    34.0237    34.0225    8.37564         34 0.0000e+00
    234.000    231.446    -1.4255  27.220838    -1.4246  27.220673     6.1978     6.3648     0.1399    92.6538 1.0000e-12  -74.23136 -112.13260  31.954960      99.85 1.0531e+03    673.538      16166  1028.5011  1028.5001     4.3954     0.1099     0.1381    34.0247    34.0235    8.37537         30 0.0000e+00
    235.000    232.435    -1.4238  27.223769    -1.4231  27.223448     6.1988     6.3576     0.1783    92.6286 1.0000e-12  -74.23136 -112.13260  31.954973      99.85 1.0360e+03    674.691      16194  1028.5070  1028.5060     4.3943     0.0916     0.1314    34.0262    34.0250    8.37490         25 0.0000e+00
    236.000    233.423    -1.4237  27.225038    -1.4229  27.224813     6.2015     6.3633     0.1883    92.6708 1.0000e-12  -74.23136 -112.13260  31.954984      99.85 1.0306e+03    675.661      16217  1028.5127  1028.5117     4.3963     0.0900     0.1363    34.0273    34.0260    8.37483         24 0.0000e+00
    237.000    234.412    -1.4235  27.226233    -1.4226  27.225923     6.2095     6.3642     0.2051    92.6285 1.0000e-12  -74.23136 -112.13260  31.954999      99.86 1.0282e+03    676.910      16247  1028.5182  1028.5169     4.3942     0.0894     0.1323    34.0281    34.0266    8.37474         35 0.0000e+00
    238.000    235.402    -1.4224  27.228762    -1.4215  27.228413     6.2043     6.3630     0.1799    92.6849 1.0000e-12  -74.23136 -112.13260  31.955016      99.85 1.0272e+03    678.366      16282  1028.5241  1028.5229     4.3969     0.0898     0.1357    34.0297    34.0281    8.37439         31 0.0000e+00
    239.000    236.388    -1.4209  27.231183    -1.4202  27.230810     6.2065     6.3625     0.1323    92.7436 1.0000e-12  -74.23136 -112.13260  31.955030      99.85 1.0229e+03    679.610      16312  1028.5297  1028.5285     4.3997     0.0915     0.1330    34.0307    34.0293    8.37400         28 0.0000e+00
    240.000    237.378    -1.4196  27.233394    -1.4190  27.232927     6.2122     6.3643     0.1431    92.6153 1.0000e-12  -74.23136 -112.13260  31.955043      99.85 1.0219e+03    680.756      16339  1028.5351  1028.5341     4.3936     0.0932     0.1354    34.0316    34.0303    8.37364         28 0.0000e+00
    241.000    238.367    -1.4188  27.235436    -1.4181  27.235010     6.2116     6.3695     0.1422    92.6820 1.0000e-12  -74.23136 -112.13260  31.955058      99.85 1.0225e+03    682.011      16369  1028.5410  1028.5398     4.3967     0.0942     0.1376    34.0329    34.0315    8.37339         30 0.0000e+00
    242.000    239.354    -1.4173  27.240069    -1.4167  27.239583     6.2129     6.3697     0.1693    92.7183 1.0000e-12  -74.23136 -112.13260  31.955074      99.05 1.0379e+03    683.366      16402  1028.5490  1028.5479     4.3985     0.0936     0.1356    34.0370    34.0356    8.37282         33 0.0000e+00
    243.000    240.344    -1.4141  27.246811    -1.4133  27.246398     6.2125     6.3690     0.2355    92.7007 1.0000e-12  -74.23136 -112.13262  31.955089      98.95 1.0693e+03    684.708      16434  1028.5577  1028.5563     4.3977     0.0961     0.1310    34.0420    34.0404    8.37180         32 0.0000e+00
    244.000    241.331    -1.4135  27.247996    -1.4126  27.247874     6.2117     6.3715     0.0791    92.6968 1.0000e-12  -74.23136 -112.13262  31.955105      99.85 1.0761e+03    686.037      16466  1028.5627  1028.5617     4.3975     0.0842     0.1294    34.0423    34.0411    8.37164         31 0.0000e+00
    245.000    242.319    -1.4132  27.249068    -1.4120  27.249142     6.2117     6.3700     0.0704    92.6942 1.0000e-12  -74.23136 -112.13262  31.955119      99.86 1.0561e+03    687.295      16496  1028.5679  1028.5668     4.3974     0.0844     0.1342    34.0428    34.0416    8.37153         27 0.0000e+00
    246.000    243.308    -1.4133  27.249264    -1.4123  27.249153     6.2109     6.3702     0.0566    92.6947 1.0000e-12  -74.23136 -112.13262  31.955133      99.85 1.0358e+03    688.513      16525  1028.5725  1028.5715     4.3974     0.0866     0.1309    34.0425    34.0413    8.37157         30 0.0000e+00
    247.000    244.297    -1.4128  27.250383    -1.4122  27.249934     6.2124     6.3726     0.0712    92.6967 1.0000e-12  -74.23136 -112.13262  31.955149      99.85 1.0287e+03    689.836      16557  1028.5776  1028.5765     4.3975     0.0886     0.1314    34.0429    34.0416    8.37144         33 0.0000e+00
    248.000    245.285    -1.4128  27.250961    -1.4120  27.250601     6.2135     6.3712     0.0756    92.8116 1.0000e-12  -74.23136 -112.13262  31.955165      99.85 1.0397e+03    691.220      16590  1028.5826  1028.5814     4.4029     0.0902     0.1357    34.0431    34.0417    8.37144         33 0.0000e+00
    249.000    246.274    -1.4124  27.252043    -1.4114  27.251978     6.2135     6.3732     0.0840    92.7868 1.0000e-12  -74.23136 -112.13262  31.955179      99.85 1.0696e+03    692.503      16621  1028.5877  1028.5866     4.4018     0.0856     0.1415    34.0435    34.0423    8.37132         30 0.0000e+00
    250.000    247.263    -1.4128  27.251972    -1.4121  27.251432     6.2127     6.3703     0.0633    92.7190 1.0000e-12  -74.23136 -112.13262  31.955194      99.85 1.1009e+03    693.736      16651  1028.5923  1028.5910     4.3985     0.0843     0.1353    34.0432    34.0417    8.37142         29 0.0000e+00
    251.000    248.251    -1.4108  27.254397    -1.4106  27.253416     6.2081     6.3693     0.1068    92.7274 1.0000e-12  -74.23136 -112.13262  31.955208      99.85 1.1103e+03    694.986      16681  1028.5972  1028.5960     4.3990     0.0913     0.1307    34.0436    34.0420    8.37094         30 0.0000e+00
    252.000    249.239    -1.4107  27.255000    -1.4095  27.255027     6.2094     6.3661     0.1023    92.8073 1.0000e-12  -74.23136 -112.13262  31.955223      99.85 1.0903e+03    696.228      16710  1028.6022  1028.6010     4.4027     0.0874     0.1339    34.0438    34.0424    8.37093         29 0.0000e+00
    253.000    250.228    -1.4101  27.256494    -1.4093  27.256192     6.2088     6.3673     0.0769    92.7905 1.0000e-12  -74.23136 -112.13261  31.955237      99.64 1.0636e+03    697.471      16740  1028.6075  1028.6064     4.4020     0.0895     0.1339    34.0445    34.0431    8.37074         32 0.0000e+00
    254.000    251.217    -1.4090  27.258680    -1.4082  27.258453     6.2054     6.3678     0.1199    92.7714 1.0000e-12  -74.23136 -112.13262  31.955252      99.86 1.0469e+03    698.767      16771  1028.6132  1028.6122     4.4010     0.0827     0.1328    34.0457    34.0444    8.37043         28 0.0000e+00
    255.000    252.203    -1.4088  27.259541    -1.4081  27.259096     6.2150     6.3638     0.0920    92.6549 1.0000e-12  -74.23136 -112.13262  31.955267      99.85 1.0367e+03    700.079      16803  1028.6183  1028.6171     4.3955     0.0820     0.1307    34.0460    34.0445    8.37037         33 0.0000e+00
    256.000    253.193    -1.4089  27.259978    -1.4082  27.259538     6.2130     6.3650     0.1095    92.5877 1.0000e-12  -74.23136 -112.13262  31.955283      99.85 1.0344e+03    701.437      16835  1028.6232  1028.6219     4.3924     0.0883     0.1313    34.0461    34.0446    8.37038         32 0.0000e+00
    257.000    254.182    -1.4087  27.260604    -1.4078  27.260210     6.2076     6.3670     0.1040    92.7783 1.0000e-12  -74.23136 -112.13262  31.955298      99.85 1.0311e+03    702.769      16867  1028.6280  1028.6267     4.4014     0.0826     0.1283    34.0461    34.0446    8.37033         31 0.0000e+00
    258.000    255.169    -1.4075  27.262199    -1.4064  27.262123     6.2113     6.3625     0.0740    92.8095 1.0000e-12  -74.23136 -112.13262  31.955312      99.85 1.0267e+03    703.997      16897  1028.6328  1028.6317     4.4029     0.0834     0.1314    34.0462    34.0449    8.37005         29 0.0000e+00
    259.000    256.159    -1.4055  27.264741    -1.4057  27.263486     6.2046     6.3659     0.1167    92.7795 1.0000e-12  -74.23136 -112.13262  31.955326      99.85 1.0333e+03    705.206      16926  1028.6380  1028.6368     4.4014     0.0884     0.1339    34.0469    34.0454    8.36957         29 0.0000e+00
