ocean_section_plots/required_files/ctd/dnbp2202_ctd204.cnv
* Sea-Bird SBE 9 Data File:
* FileName = D:\Data\raw\NBP2202_CTD204.hex
* Software Version Seasave V 7.26.7.121
* Temperature SN = 1649
* Conductivity SN = 2513
* Number of Bytes Per Scan = 40
* Number of Voltage Words = 5
* Number of Scans Averaged by the Deck Unit = 1
* NMEA Latitude = 73 58.93 S
* NMEA Longitude = 113 48.44 W
* NMEA UTC (Time) = Feb 09 2022  13:20:43
* NMEA baud rate = 9600
** Ship: RVIB N.B. Palmer
** Cruise: NBP2202 Thwaites
** Station: 123
** Operator: B. Bjork
# nquan = 28
# nvalues = 803                         
# units = specified
# name 0 = prDM: Pressure, Digiquartz [db]
# name 1 = depSM: Depth [salt water, m]
# name 2 = t090C: Temperature [ITS-90, deg C]
# name 3 = c0mS/cm: Conductivity [mS/cm]
# name 4 = t190C: Temperature, 2 [ITS-90, deg C]
# name 5 = c1mS/cm: Conductivity, 2 [mS/cm]
# name 6 = sbeox0ML/L: Oxygen, SBE 43 [ml/l]
# name 7 = sbeox1ML/L: Oxygen, SBE 43, 2 [ml/l]
# name 8 = flECO-AFL: Fluorescence, WET Labs ECO-AFL/FL [mg/m^3]
# name 9 = CStarTr0: Beam Transmission, WET Labs C-Star [%]
# name 10 = par: PAR/Irradiance, Biospherical/Licor
# name 11 = latitude: Latitude [deg]
# name 12 = longitude: Longitude [deg]
# name 13 = timeJ: Julian Days
# name 14 = altM: Altimeter [m]
# name 15 = spar: SPAR, Biospherical/Licor
# name 16 = timeS: Time, Elapsed [seconds]
# name 17 = scan: Scan Count
# name 18 = density00: Density [density, kg/m^3]
# name 19 = density11: Density, 2 [density, kg/m^3]
# name 20 = v3: Voltage 3
# name 21 = v4: Voltage 4
# name 22 = v5: Voltage 5
# name 23 = sal00: Salinity, Practical [PSU]
# name 24 = sal11: Salinity, Practical, 2 [PSU]
# name 25 = oxsolML/L: Oxygen Saturation, Garcia & Gordon [ml/l]
# name 26 = nbin: number of scans per bin
# name 27 = flag: flag
# span 0 =      1.000,    803.000       
# span 1 =      0.988,    793.162       
# span 2 =    -1.3593,    -0.2674       
# span 3 =  27.206687,  28.618440       
# span 4 =    -1.3584,    -0.2655       
# span 5 =  27.206723,  28.618719       
# span 6 =     4.9037,     8.6873       
# span 7 =     5.0408,     8.9019       
# span 8 =    -0.0099,    19.7419       
# span 9 =    76.8802,    98.1404       
# span 10 = 1.0000e-12, 1.0175e+02      
# span 11 =  -73.98219,  -73.98218      
# span 12 = -113.80743, -113.80740      
# span 13 =  40.558945,  40.569667      
# span 14 =       4.24,     100.29      
# span 15 = 9.9238e+01, 1.2300e+02      
# span 16 =    249.871,   1176.185      
# span 17 =       5998,      28229      
# span 18 =  1027.1754,  1031.3509      
# span 19 =  1027.1749,  1031.3492      
# span 20 =     3.6475,     4.6556      
# span 21 =     0.0655,     2.9998      
# span 22 =     0.1210,     0.2537      
# span 23 =    33.7904,    34.2908      
# span 24 =    33.7896,    34.2889      
# span 25 =    8.10660,    8.36470      
# span 26 =          7,         48      
# span 27 = 0.0000e+00, 0.0000e+00      
# interval = decibars: 1                
# start_time = Feb 09 2022 13:20:43 [NMEA time, header]
# bad_flag = -9.990e-29
*END*
[from data line 725]
    726.000    717.237    -0.2716  28.599309    -0.2700  28.599514     4.9098     5.0474     0.0048    97.9966 1.0000e-12  -73.98218 -113.80740  40.568119      83.20 1.1618e+02   1042.483      25021  1030.9880  1030.9866     4.6488     0.0706     0.1266    34.2903    34.2887    8.10752         24 0.0000e+00
    727.000    718.224    -0.2722  28.599295    -0.2705  28.599545     4.9112     5.0492     0.0069    98.0768 1.0000e-12  -73.98218 -113.80740  40.568130      82.38 1.1658e+02   1043.460      25044  1030.9928  1030.9914     4.6526     0.0690     0.1263    34.2903    34.2887    8.10763         23 0.0000e+00
    728.000    719.209    -0.2738  28.598283    -0.2723  28.598357     4.9144     5.0493     0.0128    98.0750 1.0000e-12  -73.98218 -113.80740  40.568142      81.13 1.2300e+02   1044.444      25068  1030.9976  1030.9962     4.6525     0.0692     0.1261    34.2902    34.2886    8.10799         24 0.0000e+00
    729.000    720.195    -0.2750  28.597760    -0.2736  28.597606     4.9137     5.0500     0.0143    98.0848 1.0000e-12  -73.98218 -113.80740  40.568153      80.17 1.1676e+02   1045.442      25092  1031.0024  1031.0009     4.6529     0.0689     0.1258    34.2902    34.2884    8.10824         24 0.0000e+00
    730.000    721.182    -0.2761  28.597139    -0.2745  28.597276     4.9056     5.0546     0.0143    98.0653 1.0000e-12  -73.98218 -113.80740  40.568165      79.26 1.1681e+02   1046.425      25115  1031.0070  1031.0057     4.6520     0.0708     0.1223    34.2900    34.2884    8.10848         23 0.0000e+00
    731.000    722.168    -0.2744  28.599236    -0.2725  28.599439     4.9102     5.0535     0.0063    98.0697 1.0000e-12  -73.98218 -113.80740  40.568176      78.18 1.2294e+02   1047.404      25139  1031.0118  1031.0102     4.6522     0.0693     0.1241    34.2903    34.2885    8.10810         24 0.0000e+00
    732.000    723.155    -0.2747  28.599346    -0.2731  28.599462     4.9051     5.0527     0.0023    98.0503 1.0000e-12  -73.98218 -113.80740  40.568188      77.16 1.1749e+02   1048.402      25163  1031.0165  1031.0150     4.6514     0.0697     0.1253    34.2903    34.2886    8.10818         24 0.0000e+00
    733.000    724.140    -0.2744  28.600142    -0.2727  28.600212     4.9056     5.0551     0.0085    98.0610 1.0000e-12  -73.98218 -113.80740  40.568199      76.11 1.1658e+02   1049.380      25186  1031.0212  1031.0197     4.6518     0.0687     0.1262    34.2903    34.2886    8.10809         23 0.0000e+00
    734.000    725.126    -0.2740  28.600838    -0.2722  28.601007     4.9116     5.0555     0.0128    98.0665 1.0000e-12  -73.98218 -113.80740  40.568210      75.15 1.2159e+02   1050.360      25210  1031.0258  1031.0242     4.6521     0.0710     0.1317    34.2903    34.2884    8.10802         24 0.0000e+00
    735.000    726.112    -0.2736  28.601670    -0.2722  28.601540     4.9093     5.0535     0.0059    98.0609 1.0000e-12  -73.98218 -113.80740  40.568222      74.07 1.1776e+02   1051.346      25233  1031.0305  1031.0290     4.6519     0.0697     0.1243    34.2903    34.2886    8.10793         23 0.0000e+00
    736.000    727.100    -0.2735  28.602286    -0.2721  28.602149     4.9084     5.0486     0.0063    98.0774 1.0000e-12  -73.98218 -113.80740  40.568233      73.06 1.1663e+02   1052.323      25257  1031.0353  1031.0338     4.6526     0.0679     0.1266    34.2904    34.2887    8.10790         24 0.0000e+00
    737.000    728.084    -0.2741  28.602102    -0.2723  28.602341     4.9105     5.0428    -0.0011    98.0607 1.0000e-12  -73.98218 -113.80740  40.568244      72.11 1.2225e+02   1053.305      25280  1031.0399  1031.0385     4.6518     0.0668     0.1268    34.2903    34.2886    8.10804         23 0.0000e+00
    738.000    729.072    -0.2739  28.602709    -0.2720  28.603093     4.9095     5.0466     0.0052    98.0557 1.0000e-12  -73.98218 -113.80740  40.568256      71.07 1.1954e+02   1054.287      25304  1031.0447  1031.0432     4.6516     0.0688     0.1285    34.2903    34.2887    8.10800         24 0.0000e+00
    739.000    730.056    -0.2740  28.602959    -0.2724  28.603089     4.9133     5.0454     0.0176    98.0294 1.0000e-12  -73.98218 -113.80740  40.568267      70.00 1.1647e+02   1055.260      25327  1031.0493  1031.0478     4.6503     0.0664     0.1254    34.2902    34.2886    8.10803         23 0.0000e+00
    740.000    731.044    -0.2757  28.601841    -0.2738  28.602214     4.9138     5.0442     0.0170    98.0580 1.0000e-12  -73.98218 -113.80740  40.568278      68.99 1.2115e+02   1056.234      25351  1031.0540  1031.0526     4.6517     0.0685     0.1275    34.2900    34.2884    8.10840         24 0.0000e+00
    741.000    732.030    -0.2788  28.599628    -0.2778  28.599185     4.9160     5.0440     0.0143    98.0493 1.0000e-12  -73.98218 -113.80740  40.568290      68.02 1.1958e+02   1057.229      25375  1031.0590  1031.0574     4.6513     0.0676     0.1260    34.2900    34.2882    8.10907         24 0.0000e+00
    742.000    733.014    -0.2793  28.599574    -0.2772  28.600092     4.9152     5.0493     0.0111    98.0747 1.0000e-12  -73.98218 -113.80740  40.568301      66.90 1.1663e+02   1058.218      25398  1031.0636  1031.0621     4.6525     0.0668     0.1248    34.2899    34.2882    8.10917         23 0.0000e+00
    743.000    734.003    -0.2819  28.597493    -0.2803  28.597755     4.9163     5.0504     0.0038    98.0858 1.0000e-12  -73.98218 -113.80740  40.568312      65.99 1.1826e+02   1059.189      25422  1031.0681  1031.0669     4.6530     0.0678     0.1261    34.2894    34.2880    8.10975         24 0.0000e+00
    744.000    734.989    -0.2840  28.596204    -0.2824  28.596307     4.9189     5.0572    -0.0037    98.0847 1.0000e-12  -73.98218 -113.80740  40.568324      64.82 1.1775e+02   1060.176      25445  1031.0731  1031.0716     4.6530     0.0668     0.1264    34.2895    34.2878    8.11020         24 0.0000e+00
    745.000    735.974    -0.2843  28.596266    -0.2829  28.596349     4.9198     5.0629    -0.0099    98.0956 1.0000e-12  -73.98218 -113.80740  40.568335      63.85 1.1666e+02   1061.159      25469  1031.0777  1031.0763     4.6535     0.0663     0.1249    34.2893    34.2878    8.11027         23 0.0000e+00
    746.000    736.959    -0.2842  28.596969    -0.2826  28.597007     4.9196     5.0578     0.0066    98.0833 1.0000e-12  -73.98218 -113.80740  40.568346      62.91 1.1919e+02   1062.128      25492  1031.0825  1031.0810     4.6529     0.0675     0.1257    34.2896    34.2878    8.11023         23 0.0000e+00
    747.000    737.947    -0.2863  28.595377    -0.2849  28.595427     4.9261     5.0546     0.0339    98.0717 1.0000e-12  -73.98218 -113.80740  40.568358      61.94 1.1877e+02   1063.119      25516  1031.0871  1031.0858     4.6523     0.0662     0.1265    34.2892    34.2877    8.11070         24 0.0000e+00
    748.000    738.934    -0.2876  28.594772    -0.2861  28.594754     4.9216     5.0581     0.0183    98.0793 1.0000e-12  -73.98218 -113.80740  40.568369      60.92 1.1665e+02   1064.100      25539  1031.0919  1031.0905     4.6527     0.0680     0.1246    34.2892    34.2876    8.11096         24 0.0000e+00
    749.000    739.916    -0.2880  28.594752    -0.2865  28.594810     4.9177     5.0563     0.0194    98.0578 1.0000e-12  -73.98218 -113.80740  40.568380      59.73 1.1878e+02   1065.073      25563  1031.0966  1031.0952     4.6517     0.0672     0.1277    34.2891    34.2876    8.11107         23 0.0000e+00
    750.000    740.906    -0.2880  28.595171    -0.2864  28.595404     4.9234     5.0537     0.0173    98.0686 1.0000e-12  -73.98218 -113.80740  40.568392      58.78 1.1885e+02   1066.059      25586  1031.1012  1031.0999     4.6522     0.0680     0.1245    34.2891    34.2876    8.11106         24 0.0000e+00
    751.000    741.891    -0.2881  28.595595    -0.2864  28.595814     4.9185     5.0559     0.0244    98.0820 1.0000e-12  -73.98218 -113.80740  40.568403      57.75 1.1706e+02   1067.028      25610  1031.1059  1031.1046     4.6529     0.0673     0.1241    34.2891    34.2876    8.11108         23 0.0000e+00
    752.000    742.877    -0.2892  28.595100    -0.2874  28.595353     4.9194     5.0580     0.0263    98.0856 1.0000e-12  -73.98218 -113.80740  40.568414      56.85 1.1886e+02   1067.990      25633  1031.1108  1031.1093     4.6530     0.0670     0.1273    34.2892    34.2875    8.11132         23 0.0000e+00
    753.000    743.862    -0.2892  28.595655    -0.2875  28.595638     4.9145     5.0680     0.0085    98.0751 1.0000e-12  -73.98218 -113.80740  40.568426      55.67 1.1958e+02   1068.977      25656  1031.1155  1031.1140     4.6525     0.0667     0.1244    34.2893    34.2875    8.11131         24 0.0000e+00
    754.000    744.849    -0.2892  28.596067    -0.2875  28.596159     4.9211     5.0673     0.0200    98.0956 1.0000e-12  -73.98218 -113.80740  40.568437      54.56 1.1727e+02   1069.956      25680  1031.1202  1031.1187     4.6535     0.0658     0.1245    34.2893    34.2875    8.11131         23 0.0000e+00
    755.000    745.836    -0.2890  28.596622    -0.2873  28.596797     4.9196     5.0592     0.0062    98.0856 1.0000e-12  -73.98218 -113.80740  40.568448      53.65 1.1881e+02   1070.920      25703  1031.1249  1031.1233     4.6530     0.0670     0.1251    34.2893    34.2876    8.11128         23 0.0000e+00
    756.000    746.821    -0.2890  28.597048    -0.2874  28.597241     4.9165     5.0567     0.0134    98.0858 1.0000e-12  -73.98218 -113.80740  40.568460      52.55 1.2003e+02   1071.899      25727  1031.1295  1031.1281     4.6530     0.0655     0.1240    34.2892    34.2876    8.11127         24 0.0000e+00
    757.000    747.806    -0.2886  28.597854    -0.2868  28.598095     4.9181     5.0609     0.0079    98.0777 1.0000e-12  -73.98218 -113.80740  40.568471      51.77 1.1772e+02   1072.878      25750  1031.1342  1031.1327     4.6526     0.0675     0.1248    34.2893    34.2876    8.11119         23 0.0000e+00
    758.000    748.794    -0.2884  28.598406    -0.2869  28.598544     4.9209     5.0569     0.0121    98.0800 1.0000e-12  -73.98218 -113.80740  40.568482      50.76 1.1874e+02   1073.843      25773  1031.1388  1031.1375     4.6527     0.0659     0.1246    34.2892    34.2877    8.11115         23 0.0000e+00
    759.000    749.779    -0.2886  28.598739    -0.2871  28.598860     4.9219     5.0620     0.0096    98.0798 1.0000e-12  -73.98218 -113.80740  40.568493      49.51 1.1973e+02   1074.825      25797  1031.1436  1031.1422     4.6528     0.0678     0.1261    34.2892    34.2877    8.11118         25 0.0000e+00
    760.000    750.767    -0.2884  28.599273    -0.2867  28.599474     4.9178     5.0614     0.0069    98.0777 1.0000e-12  -73.98218 -113.80740  40.568505      48.48 1.1792e+02   1075.861      25822  1031.1482  1031.1467     4.6526     0.0658     0.1258    34.2892    34.2876    8.11115         25 0.0000e+00
    761.000    751.751    -0.2885  28.599639    -0.2869  28.599844     4.9150     5.0627     0.0020    98.0900 1.0000e-12  -73.98218 -113.80740  40.568518      47.45 1.1863e+02   1076.955      25848  1031.1529  1031.1515     4.6532     0.0666     0.1308    34.2892    34.2876    8.11117         27 0.0000e+00
    762.000    752.737    -0.2888  28.599912    -0.2869  28.600165     4.9211     5.0637    -0.0011    98.0892 1.0000e-12  -73.98218 -113.80740  40.568531      46.53 1.2054e+02   1078.086      25875  1031.1577  1031.1562     4.6532     0.0659     0.1262    34.2893    34.2876    8.11122         28 0.0000e+00
    763.000    753.725    -0.2893  28.599794    -0.2876  28.599997     4.9190     5.0599     0.0170    98.0901 1.0000e-12  -73.98218 -113.80740  40.568544      45.43 1.1807e+02   1079.238      25903  1031.1623  1031.1609     4.6532     0.0678     0.1308    34.2892    34.2875    8.11135         27 0.0000e+00
    764.000    754.709    -0.2892  28.600248    -0.2876  28.600397     4.9207     5.0562     0.0089    98.0773 1.0000e-12  -73.98218 -113.80740  40.568558      44.41 1.1875e+02   1080.430      25931  1031.1669  1031.1656     4.6526     0.0661     0.1245    34.2891    34.2875    8.11133         30 0.0000e+00
    765.000    755.695    -0.2893  28.600773    -0.2874  28.600986     4.9185     5.0602     0.0044    98.0812 1.0000e-12  -73.98218 -113.80740  40.568572      43.23 1.2114e+02   1081.659      25961  1031.1718  1031.1702     4.6528     0.0671     0.1278    34.2892    34.2874    8.11133         29 0.0000e+00
    766.000    756.681    -0.2893  28.601088    -0.2875  28.601245     4.9205     5.0589     0.0057    98.0944 1.0000e-12  -73.98218 -113.80740  40.568587      42.28 1.1810e+02   1082.898      25991  1031.1764  1031.1749     4.6534     0.0659     0.1235    34.2891    34.2874    8.11135         30 0.0000e+00
    767.000    757.668    -0.2897  28.601254    -0.2879  28.601409     4.9185     5.0587     0.0117    98.0826 1.0000e-12  -73.98218 -113.80740  40.568601      41.45 1.1862e+02   1084.167      26021  1031.1812  1031.1796     4.6529     0.0669     0.1267    34.2892    34.2874    8.11143         31 0.0000e+00
    768.000    758.654    -0.2901  28.601294    -0.2883  28.601441     4.9233     5.0608     0.0039    98.0852 1.0000e-12  -73.98218 -113.80740  40.568617      40.23 1.2115e+02   1085.482      26053  1031.1858  1031.1843     4.6530     0.0671     0.1267    34.2891    34.2874    8.11151         32 0.0000e+00
    769.000    759.640    -0.2910  28.600869    -0.2892  28.601084     4.9216     5.0621     0.0054    98.0791 1.0000e-12  -73.98218 -113.80740  40.568633      39.30 1.1829e+02   1086.848      26085  1031.1905  1031.1890     4.6527     0.0658     0.1264    34.2890    34.2873    8.11172         33 0.0000e+00
    770.000    760.626    -0.2919  28.600633    -0.2900  28.600827     4.9194     5.0630     0.0045    98.0977 1.0000e-12  -73.98218 -113.80740  40.568649      38.23 1.1827e+02   1088.234      26119  1031.1953  1031.1937     4.6536     0.0679     0.1257    34.2890    34.2872    8.11189         34 0.0000e+00
    771.000    761.612    -0.2921  28.600931    -0.2902  28.601030     4.9193     5.0588     0.0033    98.0961 1.0000e-12  -73.98218 -113.80740  40.568665      37.33 1.2122e+02   1089.642      26152  1031.2001  1031.1984     4.6535     0.0659     0.1276    34.2891    34.2872    8.11193         34 0.0000e+00
    772.000    762.598    -0.2921  28.601362    -0.2903  28.601461     4.9146     5.0557     0.0123    98.0924 1.0000e-12  -73.98218 -113.80740  40.568681      36.27 1.1848e+02   1091.045      26186  1031.2047  1031.2031     4.6533     0.0673     0.1221    34.2891    34.2872    8.11193         33 0.0000e+00
    773.000    763.582    -0.2919  28.601799    -0.2903  28.601935     4.9203     5.0632     0.0232    98.0475 1.0000e-12  -73.98218 -113.80740  40.568697      35.24 1.1812e+02   1092.441      26220  1031.2093  1031.2079     4.6512     0.0682     0.1274    34.2889    34.2872    8.11191         32 0.0000e+00
    774.000    764.570    -0.2921  28.602261    -0.2902  28.602424     4.9228     5.0625     0.0102    98.0752 1.0000e-12  -73.98218 -113.80740  40.568714      34.23 1.2178e+02   1093.867      26254  1031.2142  1031.2126     4.6525     0.0679     0.1282    34.2891    34.2873    8.11193         34 0.0000e+00
    775.000    765.556    -0.2921  28.602631    -0.2902  28.602873     4.9211     5.0591     0.0180    98.0959 1.0000e-12  -73.98218 -113.80740  40.568730      33.19 1.1907e+02   1095.289      26288  1031.2188  1031.2173     4.6535     0.0674     0.1264    34.2890    34.2873    8.11194         35 0.0000e+00
    776.000    766.541    -0.2919  28.603205    -0.2901  28.603435     4.9203     5.0620     0.0218    98.1074 1.0000e-12  -73.98218 -113.80740  40.568747      32.06 1.1807e+02   1096.742      26323  1031.2235  1031.2219     4.6541     0.0669     0.1258    34.2890    34.2873    8.11190         31 0.0000e+00
