ocean_section_plots/required_files/ctd/dnbp2202_ctd129.cnv
* Sea-Bird SBE 9 Data File:
* FileName = D:\Data\raw\NBP2202_CTD129.hex
* Software Version Seasave V 7.26.7.121
* Temperature SN = 1649
* Conductivity SN = 2513
* Number of Bytes Per Scan = 40
* Number of Voltage Words = 5
* Number of Scans Averaged by the Deck Unit = 1
* NMEA Latitude = 74 05.71 S
* NMEA Longitude = 111 54.45 W
* NMEA UTC (Time) = Jan 27 2022  23:28:10
* NMEA baud rate = 9600
** Ship: RVIB N.B. Palmer
** Cruise: NBP2202 Thwaites
** Station: 58
** Operator: A. Robinson
# nquan = 25
# nvalues = 499                         
# units = specified
# name 0 = prDM: Pressure, Digiquartz [db]
# name 1 = depSM: Depth [salt water, m]
# name 2 = t090C: Temperature [ITS-90, deg C]
# name 3 = c0mS/cm: Conductivity [mS/cm]
# name 4 = t190C: Temperature, 2 [ITS-90, deg C]
# name 5 = c1mS/cm: Conductivity, 2 [mS/cm]
# name 6 = sbeox0ML/L: Oxygen, SBE 43 [ml/l]
# name 7 = sbeox1ML/L: Oxygen, SBE 43, 2 [ml/l]
# name 8 = flECO-AFL: Fluorescence, WET Labs ECO-AFL/FL [mg/m^3]
# name 9 = CStarTr0: Beam Transmission, WET Labs C-Star [%]
# name 10 = par: PAR/Irradiance, Biospherical/Licor
# name 11 = latitude: Latitude [deg]
# name 12 = longitude: Longitude [deg]
# name 13 = timeJ: Julian Days
# name 14 = altM: Altimeter [m]
# name 15 = spar: SPAR, Biospherical/Licor
# name 16 = timeS: Time, Elapsed [seconds]
# name 17 = scan: Scan Count
# name 18 = density00: Density [density, kg/m^3]
# name 19 = density11: Density, 2 [density, kg/m^3]
# name 20 = sal00: Salinity, Practical [PSU]
# name 21 = sal11: Salinity, Practical, 2 [PSU]
# name 22 = oxsolML/L: Oxygen Saturation, Garcia & Gordon [ml/l]
# name 23 = nbin: number of scans per bin
# name 24 = flag: flag
# span 0 =      3.000,    501.000       
# span 1 =      2.966,    495.218       
# span 2 =    -1.5526,     0.1227       
# span 3 =  27.031550,  28.944008       
# span 4 =    -1.5527,     0.1246       
# span 5 =  27.031734,  28.943730       
# span 6 =     4.7139,     9.0036       
# span 7 =     4.8992,     9.2120       
# span 8 =    -0.0005,    29.2218       
# span 9 =    66.2980,    94.9669       
# span 10 = -7.878e-05, 1.3277e+02      
# span 11 =  -74.09520,  -74.09518      
# span 12 = -111.90764, -111.90762      
# span 13 =  27.981365,  27.989480      
# span 14 =       2.68,     101.64      
# span 15 = 4.2689e+02, 4.9927e+02      
# span 16 =    299.939,   1001.084      
# span 17 =       7200,      24027      
# span 18 =  1027.2071,  1030.0189      
# span 19 =  1027.2088,  1030.0167      
# span 20 =    33.8240,    34.4364      
# span 21 =    33.8271,    34.4338      
# span 22 =    8.01615,    8.40740      
# span 23 =         25,         78      
# span 24 = 0.0000e+00, 0.0000e+00      
# interval = decibars: 1                
# start_time = Jan 27 2022 23:28:10 [NMEA time, header]
# bad_flag = -9.990e-29
*END*
[from data line 464]
    467.000    461.648     0.1060  28.908045     0.1081  28.907734     4.8025     4.8998     0.0143    94.6730 1.0000e-12  -74.09520 -111.90762  27.988425      37.78 4.9580e+02    909.925      21839  1029.8519  1029.8495    34.4277    34.4249    8.02012         37 0.0000e+00
    468.000    462.635     0.1104  28.913781     0.1126  28.913403     4.8040     4.9032     0.0175    94.6954 1.0000e-12  -74.09520 -111.90763  27.988443      36.67 4.9647e+02    911.464      21876  1029.8579  1029.8555    34.4297    34.4268    8.01908         37 0.0000e+00
    469.000    463.623     0.1158  28.920782     0.1183  28.920793     4.8021     4.9037     0.0052    94.6652 1.0000e-12  -74.09520 -111.90763  27.988462      35.64 4.9563e+02    913.129      21916  1029.8645  1029.8621    34.4323    34.4296    8.01781         40 0.0000e+00
    470.000    464.610     0.1179  28.924332     0.1199  28.923978     4.8044     4.9098     0.0047    94.7144 1.0000e-12  -74.09519 -111.90763  27.988483      34.62 4.9571e+02    914.935      21959  1029.8706  1029.8682    34.4341    34.4313    8.01727         42 0.0000e+00
    471.000    465.599     0.1159  28.922986     0.1175  28.922412     4.8029     4.9099     0.0087    94.6822 1.0000e-12  -74.09520 -111.90763  27.988504      33.59 4.9687e+02    916.723      22002  1029.8756  1029.8734    34.4340    34.4314    8.01770         39 0.0000e+00
    472.000    466.584     0.1153  28.922942     0.1174  28.922757     4.8001     4.9098     0.0090    94.6831 1.0000e-12  -74.09520 -111.90763  27.988525      32.54 4.9572e+02    918.517      22045  1029.8804  1029.8782    34.4340    34.4314    8.01783         42 0.0000e+00
    473.000    467.572     0.1154  28.923522     0.1175  28.923261     4.8019     4.9085     0.0378    94.6837 1.0000e-12  -74.09520 -111.90764  27.988546      31.49 4.9602e+02    920.409      22091  1029.8852  1029.8830    34.4340    34.4314    8.01780         38 0.0000e+00
    474.000    468.560     0.1170  28.925592     0.1186  28.924826     4.8072     4.9046     0.0310    94.6843 1.0000e-12  -74.09520 -111.90764  27.988568      30.54 4.9746e+02    922.314      22137  1029.8901  1029.8878    34.4343    34.4315    8.01744         38 0.0000e+00
    475.000    469.548     0.1158  28.924848     0.1178  28.924501     4.8021     4.9076     0.0143    94.6911 1.0000e-12  -74.09520 -111.90764  27.988589      29.55 4.9586e+02    924.110      22180  1029.8948  1029.8926    34.4342    34.4315    8.01771         36 0.0000e+00
    476.000    470.535     0.1158  28.925335     0.1181  28.925215     4.8029     4.9072     0.0109    94.6657 1.0000e-12  -74.09520 -111.90764  27.988612      28.43 4.9629e+02    926.040      22226  1029.8996  1029.8973    34.4342    34.4315    8.01770         37 0.0000e+00
    477.000    471.522     0.1166  28.926531     0.1185  28.926231     4.7996     4.9053     0.0058    94.6974 1.0000e-12  -74.09520 -111.90764  27.988634      27.42 4.9754e+02    927.969      22272  1029.9044  1029.9022    34.4343    34.4317    8.01754         37 0.0000e+00
    478.000    472.508     0.1168  28.927172     0.1189  28.926974     4.8083     4.9084     0.0065    94.6827 1.0000e-12  -74.09520 -111.90764  27.988655      26.44 4.9714e+02    929.823      22317  1029.9092  1029.9069    34.4344    34.4318    8.01749         39 0.0000e+00
    479.000    473.496     0.1169  28.927643     0.1189  28.927506     4.7859     4.9086     0.0145    94.6891 1.0000e-12  -74.09520 -111.90764  27.988677      25.37 4.9648e+02    931.728      22362  1029.9139  1029.9117    34.4343    34.4318    8.01748         38 0.0000e+00
    480.000    474.484     0.1167  28.928031     0.1187  28.927811     4.8125     4.9081     0.0037    94.6716 1.0000e-12  -74.09520 -111.90764  27.988699      24.35 4.9879e+02    933.623      22408  1029.9187  1029.9165    34.4344    34.4319    8.01751         38 0.0000e+00
    481.000    475.472     0.1158  28.927537     0.1178  28.927223     4.8048     4.9091     0.0023    94.6743 1.0000e-12  -74.09520 -111.90764  27.988721      23.32 4.9840e+02    935.531      22454  1029.9233  1029.9210    34.4342    34.4315    8.01771         46 0.0000e+00
    482.000    476.458     0.1160  28.928230     0.1181  28.927970     4.8007     4.9061     0.0106    94.6794 1.0000e-12  -74.09520 -111.90764  27.988744      22.32 4.9742e+02    937.466      22500  1029.9281  1029.9258    34.4343    34.4316    8.01766         39 0.0000e+00
    483.000    477.445     0.1159  28.928540     0.1180  28.928352     4.8026     4.9081     0.0058    94.6732 1.0000e-12  -74.09520 -111.90764  27.988765      21.34 4.9927e+02    939.327      22545  1029.9327  1029.9305    34.4342    34.4316    8.01768         36 0.0000e+00
    484.000    478.434     0.1158  28.928819     0.1179  28.928664     4.8050     4.9119     0.0019    94.7030 1.0000e-12  -74.09520 -111.90764  27.988787      20.28 4.9832e+02    941.236      22591  1029.9374  1029.9352    34.4341    34.4315    8.01771         42 0.0000e+00
    485.000    479.421     0.1162  28.929830     0.1181  28.929502     4.8045     4.9088    -0.0005    94.6835 1.0000e-12  -74.09520 -111.90764  27.988811      19.22 4.9718e+02    943.312      22640  1029.9423  1029.9401    34.4344    34.4318    8.01761         43 0.0000e+00
    486.000    480.408     0.1162  28.930257     0.1183  28.930019     4.8029     4.9040     0.0109    94.6801 1.0000e-12  -74.09520 -111.90763  27.988837      18.21 4.9924e+02    945.521      22694  1029.9470  1029.9447    34.4344    34.4317    8.01762         37 0.0000e+00
    487.000    481.396     0.1161  28.930516     0.1181  28.930303     4.8045     4.9060     0.0301    94.7077 1.0000e-12  -74.09520 -111.90762  27.988864      17.15 4.9772e+02    947.864      22750  1029.9516  1029.9495    34.4342    34.4317    8.01765         37 0.0000e+00
    488.000    482.383     0.1162  28.931012     0.1182  28.930873     4.8040     4.9054     0.0105    94.7092 1.0000e-12  -74.09520 -111.90762  27.988892      16.14 4.9701e+02    950.271      22807  1029.9563  1029.9542    34.4342    34.4317    8.01763         51 0.0000e+00
    489.000    483.367     0.1160  28.931276     0.1180  28.931078     4.8056     4.9057     0.0094    94.6706 1.0000e-12  -74.09520 -111.90762  27.988923      15.10 4.9788e+02    952.904      22871  1029.9610  1029.9589    34.4342    34.4317    8.01767         38 0.0000e+00
    490.000    484.357     0.1160  28.931735     0.1181  28.931638     4.8018     4.9086     0.0144    94.7028 1.0000e-12  -74.09520 -111.90762  27.988959      14.07 4.9749e+02    956.069      22947  1029.9658  1029.9636    34.4342    34.4317    8.01767         38 0.0000e+00
    491.000    485.346     0.1163  28.932538     0.1184  28.932358     4.8004     4.9016     0.0116    94.6789 1.0000e-12  -74.09520 -111.90763  27.988997      13.06 4.9752e+02    959.323      23025  1029.9705  1029.9683    34.4342    34.4317    8.01759         41 0.0000e+00
    492.000    486.331     0.1162  28.932792     0.1183  28.932741     4.8017     4.9036     0.0097    94.6954 1.0000e-12  -74.09520 -111.90763  27.989029      12.04 4.9827e+02    962.085      23091  1029.9751  1029.9731    34.4342    34.4318    8.01763         42 0.0000e+00
    493.000    487.318     0.1164  28.933532     0.1188  28.933758     4.8000     4.9042     0.0084    94.6911 1.0000e-12  -74.09520 -111.90763  27.989061      11.01 4.9833e+02    964.891      23158  1029.9799  1029.9778    34.4343    34.4319    8.01757         40 0.0000e+00
    494.000    488.306     0.1177  28.935506     0.1201  28.935625     4.8005     4.9026     0.0092    94.6843 1.0000e-12  -74.09520 -111.90762  27.989093      10.00 4.9805e+02    967.663      23225  1029.9850  1029.9828    34.4349    34.4324    8.01727         33 0.0000e+00
    495.000    489.295     0.1197  28.938148     0.1227  28.938947     4.8011     4.9002     0.0282    94.6902 1.0000e-12  -74.09520 -111.90762  27.989125       9.01 4.9888e+02    970.361      23290  1029.9901  1029.9880    34.4356    34.4332    8.01682         35 0.0000e+00
    496.000    490.281     0.1198  28.938705     0.1220  28.938518     4.8004     4.9010     0.0142    94.6848 1.0000e-12  -74.09520 -111.90762  27.989156       7.96 4.9912e+02    973.117      23356  1029.9948  1029.9925    34.4355    34.4328    8.01679         41 0.0000e+00
    497.000    491.269     0.1195  28.938758     0.1223  28.939317     4.7985     4.9013     0.0109    94.6754 1.0000e-12  -74.09520 -111.90762  27.989188       6.96 4.9861e+02    975.802      23420  1029.9995  1029.9973    34.4354    34.4330    8.01687         40 0.0000e+00
    498.000    492.258     0.1205  28.940267     0.1223  28.939797     4.8001     4.9023     0.0035    94.7001 1.0000e-12  -74.09518 -111.90762  27.989219       5.91 4.9852e+02    978.533      23486  1030.0043  1030.0020    34.4356    34.4330    8.01664         33 0.0000e+00
    499.000    493.242     0.1186  28.938438     0.1210  28.938852     4.8019     4.9020     0.0061    94.6973 1.0000e-12  -74.09518 -111.90762  27.989250       4.90 4.9890e+02    981.199      23550  1030.0085  1030.0066    34.4348    34.4326    8.01709         46 0.0000e+00
    500.000    494.230     0.1201  28.940903     0.1224  28.940803     4.7997     4.8992     0.0225    94.6605 1.0000e-12  -74.09518 -111.90762  27.989282       3.88 4.9841e+02    983.948      23616  1030.0138  1030.0116    34.4357    34.4331    8.01672         39 0.0000e+00
    501.000    495.218     0.1227  28.944008     0.1246  28.943730     4.7998     4.8998     0.0134    94.6841 1.0000e-12  -74.09519 -111.90762  27.989480       2.68 4.9771e+02   1001.084      24027  1030.0189  1030.0167    34.4364    34.4338    8.01615         78 0.0000e+00
