ocean_section_plots/required_files/ctd/dnbp2202_ctd279.cnv
* Sea-Bird SBE 9 Data File:
* FileName = D:\Data\raw\NBP2202_CTD279.hex
* Software Version Seasave V 7.26.7.121
* Temperature SN = 1649
* Conductivity SN = 2513
* Number of Bytes Per Scan = 40
* Number of Voltage Words = 5
* Number of Scans Averaged by the Deck Unit = 1
* NMEA Latitude = 73 25.38 S
* NMEA Longitude = 114 12.63 W
* NMEA UTC (Time) = Feb 21 2022  17:04:34
* NMEA baud rate = 9600
** Ship: RVIB N.B. Palmer
** Cruise: NBP2202 Thwaites
** Station: 181
** Operator: A. Robinson
# nquan = 28
# nvalues = 765                         
# units = specified
# name 0 = prDM: Pressure, Digiquartz [db]
# name 1 = depSM: Depth [salt water, m]
# name 2 = t090C: Temperature [ITS-90, deg C]
# name 3 = c0mS/cm: Conductivity [mS/cm]
# name 4 = t190C: Temperature, 2 [ITS-90, deg C]
# name 5 = c1mS/cm: Conductivity, 2 [mS/cm]
# name 6 = sbeox0ML/L: Oxygen, SBE 43 [ml/l]
# name 7 = sbeox1ML/L: Oxygen, SBE 43, 2 [ml/l]
# name 8 = flECO-AFL: Fluorescence, WET Labs ECO-AFL/FL [mg/m^3]
# name 9 = CStarTr0: Beam Transmission, WET Labs C-Star [%]
# name 10 = par: PAR/Irradiance, Biospherical/Licor
# name 11 = latitude: Latitude [deg]
# name 12 = longitude: Longitude [deg]
# name 13 = timeJ: Julian Days
# name 14 = altM: Altimeter [m]
# name 15 = spar: SPAR, Biospherical/Licor
# name 16 = timeS: Time, Elapsed [seconds]
# name 17 = scan: Scan Count
# name 18 = density00: Density [density, kg/m^3]
# name 19 = density11: Density, 2 [density, kg/m^3]
# name 20 = v3: Voltage 3
# name 21 = v4: Voltage 4
# name 22 = v5: Voltage 5
# name 23 = sal00: Salinity, Practical [PSU]
# name 24 = sal11: Salinity, Practical, 2 [PSU]
# name 25 = oxsolML/L: Oxygen Saturation, Garcia & Gordon [ml/l]
# name 26 = nbin: number of scans per bin
# name 27 = flag: flag
# span 0 =      3.000,    767.000       
# span 1 =      2.970,    757.687       
# span 2 =    -1.7256,     0.5662       
# span 3 =  27.038130,  29.538797       
# span 4 =    -1.7248,     0.5690       
# span 5 =  27.038829,  29.539470       
# span 6 =     4.5354,     8.7192       
# span 7 =     4.6566,     8.9648       
# span 8 =     0.1291,    18.4421       
# span 9 =    81.6726,    98.5556       
# span 10 = -1.231e-05, 2.3563e+02      
# span 11 =  -73.42308,  -73.42308      
# span 12 = -114.21054, -114.21050      
# span 13 =  52.713821,  52.724652      
# span 14 =       2.85,      99.97      
# span 15 = 5.5819e+02, 6.3809e+02      
# span 16 =    200.134,   1135.971      
# span 17 =       4804,      27264      
# span 18 =  1027.1652,  1031.3371      
# span 19 =  1027.1678,  1031.3351      
# span 20 =     3.8747,     4.6753      
# span 21 =     0.0849,     2.9316      
# span 22 =     0.1072,     0.2180      
# span 23 =    33.7513,    34.5653      
# span 24 =    33.7543,    34.5632      
# span 25 =    7.91735,    8.43840      
# span 26 =         17,         48      
# span 27 = 0.0000e+00, 0.0000e+00      
# interval = decibars: 1                
# start_time = Feb 21 2022 17:04:34 [NMEA time, header]
# bad_flag = -9.990e-29
*END*
[from data line 622]
    625.000    617.623     0.2486  29.144015     0.2510  29.144212     4.7987     4.9365     0.2200    98.4107 1.0000e-12  -73.42308 -114.21052  52.722156      99.81 6.0291e+02    920.273      22088  1030.6317  1030.6297     4.6684     0.1002     0.1102    34.4859    34.4835    7.98717         25 0.0000e+00
    626.000    618.609     0.2562  29.152470     0.2590  29.152904     4.8023     4.9356     0.1873    98.4299 1.0000e-12  -73.42308 -114.21052  52.722168      99.81 6.0060e+02    921.295      22112  1030.6375  1030.6352     4.6693     0.1065     0.1105    34.4879    34.4853    7.98548         24 0.0000e+00
    627.000    619.596     0.2608  29.157355     0.2631  29.157598     4.7982     4.9432     0.1760    98.4413 1.0000e-12  -73.42308 -114.21052  52.722180      99.81 6.0044e+02    922.334      22137  1030.6425  1030.6405     4.6699     0.0953     0.1094    34.4887    34.4864    7.98449         25 0.0000e+00
    628.000    620.583     0.2628  29.159781     0.2650  29.159860     4.7985     4.9351     0.2371    98.4636 1.0000e-12  -73.42308 -114.21052  52.722192      99.81 6.0023e+02    923.358      22162  1030.6474  1030.6454     4.6710     0.0953     0.1129    34.4890    34.4866    7.98405         25 0.0000e+00
    629.000    621.568     0.2750  29.172793     0.2775  29.172791     4.7955     4.9282     0.2729    98.4913 1.0000e-12  -73.42308 -114.21052  52.722204      99.82 6.0036e+02    924.398      22187  1030.6533  1030.6509     4.6723     0.0983     0.1112    34.4918    34.4891    7.98136         25 0.0000e+00
    630.000    622.557     0.2982  29.196484     0.3007  29.196005     4.7844     4.9226     0.1679    98.4887 1.0000e-12  -73.42308 -114.21052  52.722216      99.82 5.9987e+02    925.463      22212  1030.6595  1030.6567     4.6722     0.0939     0.1093    34.4964    34.4930    7.97631         25 0.0000e+00
    631.000    623.543     0.3040  29.202454     0.3075  29.203524     4.7809     4.9139     0.1769    98.5031 1.0000e-12  -73.42308 -114.21052  52.722228      98.51 5.9861e+02    926.499      22237  1030.6645  1030.6622     4.6728     0.1096     0.1093    34.4972    34.4946    7.97506         25 0.0000e+00
    632.000    624.531     0.3128  29.211455     0.3151  29.211423     4.7865     4.9157     0.1806    98.4163 1.0000e-12  -73.42308 -114.21052  52.722240      95.21 5.9966e+02    927.508      22261  1030.6696  1030.6674     4.6687     0.0981     0.1085    34.4985    34.4959    7.97316         24 0.0000e+00
    633.000    625.516     0.3174  29.216239     0.3196  29.216395     4.7858     4.9229     0.1682    98.4925 1.0000e-12  -73.42308 -114.21052  52.722252      99.00 5.9938e+02    928.538      22286  1030.6745  1030.6726     4.6723     0.1005     0.1074    34.4991    34.4968    7.97218         25 0.0000e+00
    634.000    626.503     0.3224  29.221719     0.3239  29.220871     4.7778     4.9167     0.2044    98.4589 1.0000e-12  -73.42308 -114.21052  52.722264      99.81 5.9924e+02    929.582      22311  1030.6798  1030.6775     4.6707     0.0943     0.1097    34.5001    34.4973    7.97109         25 0.0000e+00
    635.000    627.490     0.3340  29.233427     0.3358  29.232879     4.7802     4.9107     0.2120    98.4497 1.0000e-12  -73.42308 -114.21052  52.722276      99.82 5.9951e+02    930.636      22336  1030.6850  1030.6826     4.6703     0.0947     0.1084    34.5019    34.4991    7.96859         26 0.0000e+00
    636.000    628.476     0.3388  29.238446     0.3412  29.238672     4.7753     4.9167     0.1971    98.4341 1.0000e-12  -73.42308 -114.21052  52.722288      99.81 5.9896e+02    931.707      22362  1030.6898  1030.6878     4.6695     0.0980     0.1096    34.5025    34.5001    7.96756         25 0.0000e+00
    637.000    629.464     0.3395  29.239523     0.3419  29.239698     4.7731     4.9099     0.1371    98.4149 1.0000e-12  -73.42308 -114.21052  52.722300      99.82 5.9760e+02    932.742      22387  1030.6947  1030.6926     4.6687     0.0945     0.1091    34.5025    34.5001    7.96741         24 0.0000e+00
    638.000    630.449     0.3440  29.244459     0.3459  29.244234     4.7718     4.9071     0.2956    98.4874 1.0000e-12  -73.42308 -114.21052  52.722312      99.81 5.9762e+02    933.735      22411  1030.6999  1030.6977     4.6721     0.1060     0.1120    34.5034    34.5010    7.96644         24 0.0000e+00
    639.000    631.437     0.3484  29.249194     0.3508  29.249417     4.7708     4.9115     0.2206    98.5123 1.0000e-12  -73.42308 -114.21052  52.722323      99.82 5.9762e+02    934.745      22435  1030.7048  1030.7027     4.6733     0.0935     0.1079    34.5041    34.5018    7.96549         25 0.0000e+00
    640.000    632.422     0.3515  29.252886     0.3545  29.253670     4.7698     4.9108     0.1845    98.5093 1.0000e-12  -73.42308 -114.21052  52.722336      99.81 5.9762e+02    935.794      22460  1030.7099  1030.7079     4.6732     0.0918     0.1085    34.5049    34.5026    7.96480         25 0.0000e+00
    641.000    633.411     0.3552  29.257019     0.3576  29.257171     4.7698     4.9100     0.2269    98.4159 1.0000e-12  -73.42308 -114.21052  52.722348      99.81 5.9762e+02    936.853      22485  1030.7149  1030.7129     4.6687     0.0968     0.1075    34.5056    34.5032    7.96400         25 0.0000e+00
    642.000    634.396     0.3628  29.265519     0.3655  29.265596     4.7657     4.9028     0.1874    98.4393 1.0000e-12  -73.42308 -114.21052  52.722360      99.81 5.9762e+02    937.925      22511  1030.7207  1030.7182     4.6698     0.0928     0.1090    34.5077    34.5047    7.96233         26 0.0000e+00
    643.000    635.382     0.3755  29.278867     0.3803  29.281507     4.7608     4.8950     0.1606    98.4540 1.0000e-12  -73.42308 -114.21052  52.722372      97.43 5.9642e+02    938.955      22536  1030.7264  1030.7244     4.6705     0.0938     0.1100    34.5104    34.5084    7.95956         24 0.0000e+00
    644.000    636.371     0.3808  29.284926     0.3836  29.285329     4.7619     4.8920     0.1842    98.3981 1.0000e-12  -73.42308 -114.21052  52.722383      77.12 5.9732e+02    939.936      22559  1030.7319  1030.7295     4.6679     0.1055     0.1112    34.5118    34.5092    7.95838         24 0.0000e+00
    645.000    637.355     0.3880  29.292776     0.3905  29.293020     4.7477     4.8901     0.2013    98.3960 1.0000e-12  -73.42308 -114.21052  52.722395      92.05 5.9699e+02    940.947      22584  1030.7373  1030.7352     4.6677     0.0943     0.1072    34.5134    34.5110    7.95681         25 0.0000e+00
    646.000    638.343     0.3918  29.297186     0.3939  29.297041     4.7482     4.8829     0.1774    98.5512 1.0000e-12  -73.42308 -114.21052  52.722407      99.85 5.9584e+02    942.005      22609  1030.7426  1030.7404     4.6751     0.0950     0.1101    34.5144    34.5119    7.95597         25 0.0000e+00
    647.000    639.329     0.3940  29.300225     0.3966  29.300684     4.7443     4.8775     0.1463    98.5198 1.0000e-12  -73.42308 -114.21052  52.722420      99.82 5.9585e+02    943.066      22635  1030.7480  1030.7459     4.6736     0.1037     0.1118    34.5153    34.5130    7.95547         26 0.0000e+00
    648.000    640.316     0.3916  29.298858     0.3940  29.299321     4.7436     4.8733     0.1456    98.5021 1.0000e-12  -73.42308 -114.21052  52.722432      99.82 5.9585e+02    944.121      22660  1030.7533  1030.7514     4.6727     0.0948     0.1094    34.5156    34.5135    7.95594         25 0.0000e+00
    649.000    641.303     0.3855  29.293946     0.3877  29.294156     4.7420     4.8687     0.1365    98.3879 1.0000e-12  -73.42308 -114.21052  52.722444      99.81 5.9585e+02    945.165      22685  1030.7586  1030.7567     4.6674     0.1041     0.1101    34.5155    34.5133    7.95721         25 0.0000e+00
    650.000    642.288     0.3810  29.290388     0.3831  29.290488     4.7373     4.8684     0.1524    98.5355 1.0000e-12  -73.42308 -114.21052  52.722456      99.81 5.9578e+02    946.181      22709  1030.7636  1030.7617     4.6744     0.1066     0.1119    34.5152    34.5130    7.95815         24 0.0000e+00
    651.000    643.276     0.3823  29.292858     0.3850  29.293158     4.7339     4.8707     0.1940    98.5556 1.0000e-12  -73.42308 -114.21052  52.722468      99.82 5.9564e+02    947.205      22734  1030.7692  1030.7669     4.6753     0.0967     0.1119    34.5164    34.5138    7.95782         25 0.0000e+00
    652.000    644.263     0.3911  29.301895     0.3936  29.302188     4.7286     4.8635     0.1733    98.4322 1.0000e-12  -73.42308 -114.21052  52.722480      99.82 5.9550e+02    948.266      22759  1030.7742  1030.7721     4.6695     0.0953     0.1082    34.5178    34.5155    7.95592         25 0.0000e+00
    653.000    645.249     0.3943  29.305837     0.3970  29.306179     4.7260     4.8643     0.1439    98.5338 1.0000e-12  -73.42308 -114.21052  52.722492      99.81 5.9367e+02    949.323      22785  1030.7794  1030.7771     4.6743     0.0940     0.1085    34.5188    34.5163    7.95520         26 0.0000e+00
    654.000    646.237     0.4002  29.312310     0.4029  29.312718     4.7312     4.8614     0.1905    98.5423 1.0000e-12  -73.42308 -114.21052  52.722504      99.81 5.9317e+02    950.385      22810  1030.7846  1030.7824     4.6747     0.1079     0.1078    34.5201    34.5177    7.95392         25 0.0000e+00
    655.000    647.222     0.4014  29.313689     0.4037  29.313977     4.7271     4.8575     0.1827    98.4851 1.0000e-12  -73.42308 -114.21052  52.722517      99.82 5.9404e+02    951.458      22836  1030.7892  1030.7872     4.6719     0.0942     0.1084    34.5200    34.5178    7.95368         26 0.0000e+00
    656.000    648.208     0.4029  29.315885     0.4052  29.315986     4.7240     4.8532     0.1434    98.5248 1.0000e-12  -73.42308 -114.21052  52.722529      94.55 5.9409e+02    952.501      22861  1030.7942  1030.7921     4.6739     0.0918     0.1075    34.5206    34.5181    7.95333         25 0.0000e+00
    657.000    649.196     0.4117  29.325336     0.4141  29.325439     4.7239     4.8556     0.2129    98.5217 1.0000e-12  -73.42308 -114.21052  52.722541      84.09 5.9368e+02    953.523      22886  1030.7996  1030.7975     4.6737     0.0916     0.1100    34.5226    34.5201    7.95141         25 0.0000e+00
    658.000    650.182     0.4178  29.332150     0.4203  29.332396     4.7149     4.8497     0.1527    98.5022 1.0000e-12  -73.42308 -114.21052  52.722553      95.56 5.9249e+02    954.555      22910  1030.8050  1030.8029     4.6728     0.0916     0.1091    34.5241    34.5217    7.95007         24 0.0000e+00
    659.000    651.167     0.4230  29.337685     0.4253  29.337906     4.7109     4.8510     0.1424    98.4898 1.0000e-12  -73.42308 -114.21052  52.722565      99.79 5.9184e+02    955.578      22935  1030.8100  1030.8080     4.6722     0.1055     0.1216    34.5250    34.5226    7.94896         25 0.0000e+00
    660.000    652.156     0.4272  29.342262     0.4295  29.342648     4.7089     4.8516     0.1606    98.4897 1.0000e-12  -73.42308 -114.21052  52.722577      99.81 5.9219e+02    956.629      22960  1030.8150  1030.8131     4.6722     0.0937     0.1089    34.5257    34.5236    7.94806         25 0.0000e+00
    661.000    653.141     0.4282  29.343959     0.4305  29.344190     4.7046     4.8415     0.3306    98.4848 1.0000e-12  -73.42308 -114.21052  52.722589      99.82 5.9121e+02    957.724      22986  1030.8200  1030.8181     4.6720     0.0938     0.1109    34.5262    34.5239    7.94782         27 0.0000e+00
    662.000    654.127     0.4361  29.352884     0.4387  29.353216     4.7108     4.8425     0.2968    98.4938 1.0000e-12  -73.42308 -114.21052  52.722602      99.81 5.9057e+02    958.789      23012  1030.8258  1030.8236     4.6724     0.1007     0.1082    34.5285    34.5260    7.94607         25 0.0000e+00
    663.000    655.116     0.4386  29.355964     0.4412  29.356308     4.7061     4.8364     0.1824    98.4664 1.0000e-12  -73.42308 -114.21052  52.722614      99.82 5.9057e+02    959.821      23037  1030.8309  1030.8288     4.6711     0.0909     0.1110    34.5291    34.5267    7.94551         24 0.0000e+00
    664.000    656.100     0.4391  29.356660     0.4414  29.357009     4.7057     4.8364     0.1494    98.3894 1.0000e-12  -73.42308 -114.21052  52.722626      99.81 5.9043e+02    960.851      23061  1030.8355  1030.8336     4.6674     0.0989     0.1105    34.5289    34.5268    7.94543         26 0.0000e+00
    665.000    657.087     0.4443  29.363054     0.4483  29.364647     4.7038     4.8377     0.1429    98.4714 1.0000e-12  -73.42308 -114.21052  52.722637      99.81 5.8948e+02    961.875      23086  1030.8412  1030.8390     4.6714     0.1260     0.1121    34.5308    34.5285    7.94425         24 0.0000e+00
    666.000    658.075     0.4518  29.370940     0.4533  29.370343     4.6957     4.8236     0.1751    98.4831 1.0000e-12  -73.42308 -114.21052  52.722649      99.81 5.8908e+02    962.917      23111  1030.8463  1030.8442     4.6719     0.1204     0.1103    34.5322    34.5297    7.94263         26 0.0000e+00
    667.000    659.060     0.4568  29.376497     0.4596  29.377333     4.6985     4.8219     0.2016    98.4666 1.0000e-12  -73.42308 -114.21052  52.722662      99.82 5.8961e+02    964.007      23137  1030.8515  1030.8496     4.6711     0.1053     0.1088    34.5333    34.5312    7.94155         26 0.0000e+00
    668.000    660.047     0.4583  29.378648     0.4609  29.379017     4.6925     4.8274     0.1757    98.4516 1.0000e-12  -73.42308 -114.21052  52.722674      99.81 5.8909e+02    965.065      23163  1030.8565  1030.8545     4.6704     0.1030     0.1106    34.5338    34.5314    7.94120         24 0.0000e+00
    669.000    661.033     0.4585  29.379216     0.4610  29.379573     4.6942     4.8192     0.1584    98.0947 1.0000e-12  -73.42308 -114.21052  52.722686      99.54 5.8915e+02    966.085      23187  1030.8613  1030.8593     4.6535     0.1683     0.1152    34.5337    34.5315    7.94116         25 0.0000e+00
    670.000    662.020     0.4585  29.379526     0.4609  29.379940     4.6975     4.8257     0.1522    98.4949 1.0000e-12  -73.42308 -114.21052  52.722698      90.97 5.8998e+02    967.102      23211  1030.8659  1030.8641     4.6724     0.1115     0.1113    34.5336    34.5315    7.94117         24 0.0000e+00
    671.000    663.008     0.4585  29.380019     0.4609  29.380387     4.6936     4.8307     0.1682    98.5011 1.0000e-12  -73.42308 -114.21052  52.722710      97.74 5.8879e+02    968.134      23236  1030.8707  1030.8688     4.6727     0.0971     0.1113    34.5336    34.5314    7.94117         25 0.0000e+00
    672.000    663.992     0.4584  29.380340     0.4610  29.380803     4.6905     4.8241     0.1544    98.5247 1.0000e-12  -73.42308 -114.21052  52.722722      99.21 5.8900e+02    969.179      23261  1030.8755  1030.8735     4.6739     0.0985     0.1088    34.5336    34.5314    7.94120         26 0.0000e+00
    673.000    664.979     0.4591  29.381424     0.4615  29.381752     4.6900     4.8201     0.2146    98.4338 1.0000e-12  -73.42308 -114.21052  52.722734      98.83 5.8972e+02    970.253      23287  1030.8802  1030.8783     4.6696     0.0984     0.1081    34.5337    34.5315    7.94106         25 0.0000e+00
    674.000    665.967     0.4600  29.382892     0.4624  29.383301     4.6960     4.8221     0.3027    98.5029 1.0000e-12  -73.42308 -114.21052  52.722747      97.71 5.8879e+02    971.304      23312  1030.8851  1030.8832     4.6728     0.0948     0.1108    34.5340    34.5318    7.94085         25 0.0000e+00
    675.000    666.953     0.4608  29.384100     0.4632  29.384486     4.6900     4.8250     0.1757    98.5011 1.0000e-12  -73.42308 -114.21052  52.722758      96.75 5.8880e+02    972.319      23337  1030.8898  1030.8879     4.6728     0.0948     0.1081    34.5341    34.5319    7.94068         25 0.0000e+00
