ocean_section_plots/required_files/ctd/dnbp2202_ctd199.cnv
* Sea-Bird SBE 9 Data File:
* FileName = D:\Data\raw\NBP2202_CTD199.hex
* Software Version Seasave V 7.26.7.121
* Temperature SN = 1649
* Conductivity SN = 2513
* Number of Bytes Per Scan = 40
* Number of Voltage Words = 5
* Number of Scans Averaged by the Deck Unit = 1
* NMEA Latitude = 73 54.04 S
* NMEA Longitude = 113 10.44 W
* NMEA UTC (Time) = Feb 08 2022  16:22:15
* NMEA baud rate = 9600
** Ship: RVIB N.B. Palmer
** Cruise: NBP2202 Thwaites
** Station: 118
** Operator: A. Robinson
# nquan = 28
# nvalues = 490                         
# units = specified
# name 0 = prDM: Pressure, Digiquartz [db]
# name 1 = depSM: Depth [salt water, m]
# name 2 = t090C: Temperature [ITS-90, deg C]
# name 3 = c0mS/cm: Conductivity [mS/cm]
# name 4 = t190C: Temperature, 2 [ITS-90, deg C]
# name 5 = c1mS/cm: Conductivity, 2 [mS/cm]
# name 6 = sbeox0ML/L: Oxygen, SBE 43 [ml/l]
# name 7 = sbeox1ML/L: Oxygen, SBE 43, 2 [ml/l]
# name 8 = flECO-AFL: Fluorescence, WET Labs ECO-AFL/FL [mg/m^3]
# name 9 = CStarTr0: Beam Transmission, WET Labs C-Star [%]
# name 10 = par: PAR/Irradiance, Biospherical/Licor
# name 11 = latitude: Latitude [deg]
# name 12 = longitude: Longitude [deg]
# name 13 = timeJ: Julian Days
# name 14 = altM: Altimeter [m]
# name 15 = spar: SPAR, Biospherical/Licor
# name 16 = timeS: Time, Elapsed [seconds]
# name 17 = scan: Scan Count
# name 18 = density00: Density [density, kg/m^3]
# name 19 = density11: Density, 2 [density, kg/m^3]
# name 20 = v3: Voltage 3
# name 21 = v4: Voltage 4
# name 22 = v5: Voltage 5
# name 23 = sal00: Salinity, Practical [PSU]
# name 24 = sal11: Salinity, Practical, 2 [PSU]
# name 25 = oxsolML/L: Oxygen Saturation, Garcia & Gordon [ml/l]
# name 26 = nbin: number of scans per bin
# name 27 = flag: flag
# span 0 =      2.000,    491.000       
# span 1 =      1.991,    485.349       
# span 2 =    -1.5435,     0.0255       
# span 3 =  27.056138,  28.802356       
# span 4 =    -1.5429,     0.0276       
# span 5 =  27.056220,  28.802240       
# span 6 =     4.7603,     8.7980       
# span 7 =     4.8989,     8.9320       
# span 8 =    -0.0171,    26.2564       
# span 9 =    75.0047,    98.6340       
# span 10 = 1.0000e-12, 8.8320e+01      
# span 11 =  -73.90059,  -73.89978      
# span 12 = -113.17424, -113.17383      
# span 13 =  39.684744,  39.693131      
# span 14 =       3.22,     100.10      
# span 15 = 2.2208e+02, 2.6232e+02      
# span 16 =    226.865,    951.516      
# span 17 =       5446,      22837      
# span 18 =  1027.1634,  1029.9207      
# span 19 =  1027.1632,  1029.9185      
# span 20 =     3.5586,     4.6791      
# span 21 =     0.0635,     4.0345      
# span 22 =     0.1133,     0.2679      
# span 23 =    33.7784,    34.3647      
# span 24 =    33.7769,    34.3622      
# span 25 =    8.04052,    8.40401      
# span 26 =          3,         48      
# span 27 = 0.0000e+00, 0.0000e+00      
# interval = decibars: 1                
# start_time = Feb 08 2022 16:22:15 [NMEA time, header]
# bad_flag = -9.990e-29
*END*
[from data line 208]
    210.000    207.724    -1.3927  27.277295    -1.3926  27.276466     6.2504     6.4567     0.0636    98.4485 1.0000e-12  -73.89978 -113.17414  39.688340      99.94 2.4824e+02    537.617      12904  1028.4296  1028.4286     4.6702     0.0824     0.1162    34.0801    34.0789    8.36472         27 0.0000e+00
    211.000    208.712    -1.3950  27.276048    -1.3942  27.275533     6.2566     6.4564     0.0607    98.4454 1.0000e-12  -73.89978 -113.17414  39.688354      99.94 2.4687e+02    538.808      12932  1028.4348  1028.4335     4.6701     0.0803     0.1193    34.0804    34.0788    8.36521         30 0.0000e+00
    212.000    209.702    -1.3960  27.275595    -1.3950  27.275245     6.2516     6.4581     0.1554    98.4290 1.0000e-12  -73.89978 -113.17414  39.688369      99.94 2.4811e+02    540.078      12963  1028.4396  1028.4383     4.6693     0.0960     0.1217    34.0803    34.0787    8.36545         31 0.0000e+00
    213.000    210.689    -1.3976  27.274863    -1.3968  27.274461     6.2552     6.4631     0.0975    98.4651 1.0000e-12  -73.89978 -113.17414  39.688384      99.94 2.4734e+02    541.350      12993  1028.4447  1028.4434     4.6710     0.0812     0.1185    34.0805    34.0790    8.36579         30 0.0000e+00
    214.000    211.679    -1.3992  27.274319    -1.3989  27.273549     6.2641     6.4731     0.0777    98.3595 1.0000e-12  -73.89978 -113.17414  39.688398      99.93 2.4777e+02    542.579      13023  1028.4499  1028.4488     4.6660     0.0818     0.1170    34.0809    34.0795    8.36613         29 0.0000e+00
    215.000    212.667    -1.4033  27.272930    -1.4023  27.272704     6.2756     6.4828     0.0449    98.2473 1.0000e-12  -73.89978 -113.17414  39.688412      96.79 2.4850e+02    543.782      13052  1028.4567  1028.4555     4.6607     0.0786     0.1225    34.0830    34.0816    8.36692         29 0.0000e+00
    216.000    213.656    -1.4043  27.273859    -1.4033  27.273531     6.2887     6.4901     0.0436    98.4128 1.0000e-12  -73.89978 -113.17415  39.688426      97.92 2.4815e+02    544.990      13081  1028.4631  1028.4617     4.6685     0.0836     0.1224    34.0849    34.0833    8.36705         29 0.0000e+00
    217.000    214.645    -1.4093  27.271689    -1.4083  27.271555     6.3008     6.4969     0.0465    98.3772 1.0000e-12  -73.89978 -113.17414  39.688440      99.92 2.4612e+02    546.216      13110  1028.4698  1028.4687     4.6669     0.0813     0.1171    34.0870    34.0857    8.36804         30 0.0000e+00
    218.000    215.632    -1.4204  27.264013    -1.4204  27.263353     6.3120     6.5172     0.0517    98.4481 1.0000e-12  -73.89978 -113.17416  39.688454      99.93 2.4833e+02    547.461      13140  1028.4765  1028.4757     4.6702     0.0805     0.1156    34.0885    34.0875    8.37045         29 0.0000e+00
    219.000    216.621    -1.4283  27.258574    -1.4275  27.258236     6.3158     6.5268     0.0548    98.4297 1.0000e-12  -73.89978 -113.17415  39.688469      99.94 2.4822e+02    548.703      13170  1028.4824  1028.4813     4.6694     0.0796     0.1174    34.0893    34.0880    8.37216         30 0.0000e+00
    220.000    217.610    -1.4290  27.258577    -1.4284  27.257984     6.3136     6.5296     0.0587    98.4322 1.0000e-12  -73.89978 -113.17415  39.688483      99.94 2.4762e+02    549.901      13199  1028.4873  1028.4860     4.6695     0.0799     0.1200    34.0896    34.0880    8.37232         28 0.0000e+00
    221.000    218.600    -1.4304  27.258017    -1.4291  27.258068     6.3142     6.5188     0.0775    98.4610 1.0000e-12  -73.89978 -113.17416  39.688496      99.94 2.4844e+02    551.073      13227  1028.4923  1028.4910     4.6708     0.0822     0.1176    34.0897    34.0883    8.37261         29 0.0000e+00
    222.000    219.587    -1.4315  27.257704    -1.4304  27.257537     6.3144     6.5237     0.0601    98.4673 1.0000e-12  -73.89978 -113.17416  39.688510      99.94 2.4887e+02    552.270      13255  1028.4972  1028.4959     4.6711     0.0821     0.1186    34.0899    34.0884    8.37285         29 0.0000e+00
    223.000    220.576    -1.4308  27.259255    -1.4297  27.258891     6.3130     6.5234     0.0510    98.4576 1.0000e-12  -73.89978 -113.17416  39.688524      99.93 2.4475e+02    553.501      13285  1028.5024  1028.5010     4.6707     0.0833     0.1174    34.0906    34.0889    8.37264         30 0.0000e+00
    224.000    221.565    -1.4300  27.260551    -1.4289  27.260424     6.3134     6.5164     0.0572    98.4668 1.0000e-12  -73.89978 -113.17416  39.688539      99.94 2.4789e+02    554.757      13315  1028.5073  1028.5062     4.6711     0.0812     0.1163    34.0908    34.0895    8.37245         30 0.0000e+00
    225.000    222.552    -1.4294  27.261783    -1.4285  27.261362     6.3135     6.5127     0.0509    98.4196 1.0000e-12  -73.89978 -113.17416  39.688553      99.93 2.4894e+02    555.972      13344  1028.5124  1028.5110     4.6688     0.0808     0.1163    34.0913    34.0897    8.37230         28 0.0000e+00
    226.000    223.541    -1.4300  27.261757    -1.4290  27.261465     6.3113     6.5110     0.0556    98.2852 1.0000e-12  -73.89978 -113.17416  39.688566      98.98 2.4813e+02    557.144      13372  1028.5172  1028.5159     4.6625     0.0806     0.1163    34.0913    34.0897    8.37244         28 0.0000e+00
    227.000    224.531    -1.4298  27.262368    -1.4287  27.262122     6.3116     6.5157     0.0648    98.4705 1.0000e-12  -73.89978 -113.17416  39.688580      97.40 2.4839e+02    558.355      13402  1028.5219  1028.5206     4.6713     0.0811     0.1170    34.0913    34.0897    8.37239         30 0.0000e+00
    228.000    225.519    -1.4296  27.263099    -1.4287  27.262786     6.3040     6.5186     0.0627    98.4663 1.0000e-12  -73.89978 -113.17416  39.688595      99.94 2.4863e+02    559.628      13432  1028.5269  1028.5256     4.6711     0.0825     0.1182    34.0915    34.0899    8.37234         31 0.0000e+00
    229.000    226.507    -1.4296  27.263820    -1.4285  27.263588     6.3077     6.5187     0.0694    98.4862 1.0000e-12  -73.89978 -113.17416  39.688610      99.94 2.4839e+02    560.880      13462  1028.5318  1028.5306     4.6720     0.0793     0.1166    34.0917    34.0902    8.37230         29 0.0000e+00
    230.000    227.497    -1.4296  27.264329    -1.4284  27.264220     6.3132     6.5209     0.0671    98.3587 1.0000e-12  -73.89978 -113.17416  39.688624      99.93 2.4730e+02    562.070      13491  1028.5367  1028.5355     4.6660     0.0811     0.1178    34.0919    34.0904    8.37231         28 0.0000e+00
    231.000    228.485    -1.4298  27.264688    -1.4291  27.264333     6.3142     6.5216     0.0689    98.3816 1.0000e-12  -73.89978 -113.17416  39.688637      99.94 2.4931e+02    563.256      13519  1028.5416  1028.5405     4.6671     0.0805     0.1172    34.0920    34.0907    8.37235         30 0.0000e+00
    232.000    229.473    -1.4315  27.264264    -1.4304  27.264156     6.3156     6.5225     0.0530    98.4645 1.0000e-12  -73.89978 -113.17416  39.688652      99.93 2.4723e+02    564.511      13549  1028.5470  1028.5458     4.6710     0.0802     0.1166    34.0927    34.0912    8.37268         30 0.0000e+00
    233.000    230.462    -1.4322  27.264433    -1.4311  27.264363     6.3134     6.5237     0.0644    98.4902 1.0000e-12  -73.89978 -113.17416  39.688666      99.94 2.4846e+02    565.778      13580  1028.5522  1028.5511     4.6722     0.0811     0.1169    34.0931    34.0918    8.37282         30 0.0000e+00
    234.000    231.450    -1.4317  27.265998    -1.4306  27.265821     6.3156     6.5275     0.0954    98.4818 1.0000e-12  -73.89978 -113.17416  39.688680      99.93 2.4851e+02    566.991      13609  1028.5577  1028.5564     4.6718     0.0791     0.1154    34.0941    34.0926    8.37265         28 0.0000e+00
    235.000    232.438    -1.4323  27.266897    -1.4309  27.266895     6.3217     6.5334     0.0648    98.4466 1.0000e-12  -73.89978 -113.17416  39.688694      99.93 2.4772e+02    568.131      13636  1028.5636  1028.5623     4.6701     0.0883     0.1181    34.0953    34.0938    8.37270         27 0.0000e+00
    236.000    233.429    -1.4350  27.266530    -1.4342  27.266210     6.3229     6.5361     0.0565    98.4705 1.0000e-12  -73.89978 -113.17416  39.688707      99.94 2.4513e+02    569.258      13663  1028.5701  1028.5690     4.6713     0.0822     0.1148    34.0973    34.0960    8.37319         28 0.0000e+00
    237.000    234.416    -1.4399  27.264214    -1.4382  27.264511     6.3147     6.5308     0.0634    98.4564 1.0000e-12  -73.89978 -113.17416  39.688721      98.75 2.4902e+02    570.506      13693  1028.5766  1028.5753     4.6706     0.0786     0.1148    34.0991    34.0976    8.37419         32 0.0000e+00
    238.000    235.404    -1.4380  27.266798    -1.4368  27.266532     6.3046     6.5252     0.0586    98.4474 1.0000e-12  -73.89978 -113.17417  39.688737      97.76 2.4889e+02    571.881      13726  1028.5819  1028.5804     4.6702     0.0790     0.1187    34.0999    34.0982    8.37372         33 0.0000e+00
    239.000    236.394    -1.4236  27.281309    -1.4224  27.280653     6.2830     6.4980     0.0587    98.4681 1.0000e-12  -73.89978 -113.17418  39.688752      99.94 2.4800e+02    573.150      13757  1028.5881  1028.5861     4.6712     0.0820     0.1164    34.1028    34.1005    8.37031         28 0.0000e+00
    240.000    237.380    -1.4087  27.295837    -1.4076  27.295214     6.2504     6.4643     0.1459    98.4660 1.0000e-12  -73.89978 -113.17418  39.688764      99.93 2.4906e+02    574.247      13783  1028.5939  1028.5921     4.6710     0.1021     0.1165    34.1052    34.1030    8.36682         25 0.0000e+00
    241.000    238.371    -1.3798  27.323737    -1.3771  27.323771     6.2250     6.4417     0.1077    98.4124 1.0000e-12  -73.89978 -113.17418  39.688777      99.93 2.5012e+02    575.315      13809  1028.6007  1028.5981     4.6686     0.0815     0.1159    34.1100    34.1069    8.36004         27 0.0000e+00
    242.000    239.358    -1.3528  27.348748    -1.3499  27.349322     6.2160     6.4266     0.0539    98.4828 1.0000e-12  -73.89978 -113.17418  39.688791      99.94 2.4747e+02    576.559      13838  1028.6063  1028.6043     4.6719     0.0783     0.1156    34.1130    34.1106    8.35382         34 0.0000e+00
    243.000    240.347    -1.3427  27.357971    -1.3413  27.357728     6.2042     6.4226     0.0554    98.4215 1.0000e-12  -73.89978 -113.17418  39.688810      99.93 2.4950e+02    578.142      13876  1028.6113  1028.6097     4.6690     0.0793     0.1177    34.1135    34.1116    8.35152         39 0.0000e+00
    244.000    241.335    -1.3415  27.359407    -1.3413  27.358332     6.2054     6.4226     0.0457    98.5176 1.0000e-12  -73.89978 -113.17417  39.688827      99.93 2.5006e+02    579.618      13912  1028.6163  1028.6150     4.6735     0.0774     0.1157    34.1135    34.1118    8.35126         30 0.0000e+00
    245.000    242.323    -1.3399  27.361285    -1.3384  27.361313     6.2062     6.4212     0.0646    98.4923 1.0000e-12  -73.89978 -113.17417  39.688839      99.93 2.4723e+02    580.649      13937  1028.6213  1028.6199     4.6724     0.0787     0.1162    34.1136    34.1120    8.35089         23 0.0000e+00
    246.000    243.313    -1.3396  27.362126    -1.3388  27.361382     6.2106     6.4194     0.0510    98.5335 1.0000e-12  -73.89978 -113.17417  39.688850      99.94 2.4709e+02    581.655      13961  1028.6264  1028.6248     4.6743     0.0775     0.1147    34.1139    34.1120    8.35081         25 0.0000e+00
    247.000    244.301    -1.3342  27.367124    -1.3339  27.365934     6.2061     6.4152     0.0517    98.5606 1.0000e-12  -73.89978 -113.17417  39.688864      99.93 2.4998e+02    582.842      13989  1028.6311  1028.6295     4.6755     0.0783     0.1133    34.1140    34.1120    8.34961         33 0.0000e+00
    248.000    245.290    -1.3308  27.370675    -1.3290  27.370867     6.2066     6.4081     0.0420    98.5662 1.0000e-12  -73.89978 -113.17417  39.688882      96.06 2.4864e+02    584.392      14026  1028.6362  1028.6346     4.6759     0.0779     0.1133    34.1144    34.1125    8.34882         39 0.0000e+00
    249.000    246.278    -1.3282  27.373603    -1.3270  27.373306     6.2064     6.4149     0.0286    98.6189 1.0000e-12  -73.89978 -113.17417  39.688899     100.04 2.4938e+02    585.871      14062  1028.6413  1028.6398     4.6783     0.0771     0.1145    34.1148    34.1130    8.34821         31 0.0000e+00
    250.000    247.266    -1.3298  27.373294    -1.3292  27.372734     6.2111     6.4114     0.0384    98.6243 1.0000e-12  -73.89978 -113.17417  39.688912      99.94 2.5044e+02    586.991      14089  1028.6470  1028.6457     4.6786     0.0773     0.1164    34.1156    34.1141    8.34853         23 0.0000e+00
    251.000    248.256    -1.3316  27.372993    -1.3305  27.372614     6.2109     6.4122     0.0518    98.6340 1.0000e-12  -73.89978 -113.17417  39.688923      99.94 2.4820e+02    587.939      14112  1028.6528  1028.6513     4.6791     0.0767     0.1218    34.1166    34.1149    8.34887         24 0.0000e+00
    252.000    249.243    -1.3301  27.374900    -1.3287  27.374740     6.2160     6.4114     0.0378    98.5343 1.0000e-12  -73.89978 -113.17417  39.688937      99.94 2.4698e+02    589.123      14140  1028.6578  1028.6562     4.6743     0.0760     0.1152    34.1169    34.1150    8.34851         34 0.0000e+00
    253.000    250.232    -1.3341  27.372733    -1.3332  27.372288     6.2291     6.4273     0.0267    98.5872 1.0000e-12  -73.89978 -113.17417  39.688955      99.93 2.5038e+02    590.709      14178  1028.6637  1028.6624     4.6768     0.0757     0.1133    34.1178    34.1162    8.34935         40 0.0000e+00
    254.000    251.220    -1.3433  27.366052    -1.3423  27.365847     6.2329     6.4358     0.0267    98.6098 1.0000e-12  -73.89978 -113.17417  39.688973      99.93 2.4917e+02    592.267      14215  1028.6698  1028.6685     4.6779     0.0765     0.1148    34.1186    34.1171    8.35138         33 0.0000e+00
    255.000    252.208    -1.3478  27.363417    -1.3467  27.363191     6.2381     6.4362     0.0240    98.5799 1.0000e-12  -73.89978 -113.17418  39.688986      99.94 2.4886e+02    593.394      14242  1028.6755  1028.6742     4.6765     0.0751     0.1141    34.1194    34.1178    8.35232         25 0.0000e+00
    256.000    253.197    -1.3478  27.363940    -1.3469  27.363540     6.2362     6.4423     0.0266    98.4919 1.0000e-12  -73.89978 -113.17416  39.688998      99.94 2.5030e+02    594.458      14268  1028.6804  1028.6790     4.6723     0.0762     0.1147    34.1195    34.1179    8.35232         26 0.0000e+00
    257.000    254.186    -1.3484  27.363998    -1.3471  27.363787     6.2373     6.4356     0.0244    98.5276 1.0000e-12  -73.89978 -113.17417  39.689012      95.66 2.4959e+02    595.660      14297  1028.6853  1028.6838     4.6740     0.0780     0.1162    34.1196    34.1179    8.35245         31 0.0000e+00
    258.000    255.174    -1.3481  27.364845    -1.3469  27.364682     6.2350     6.4358     0.0378    98.5926 1.0000e-12  -73.89978 -113.17417  39.689028      92.67 2.4760e+02    597.055      14330  1028.6902  1028.6888     4.6771     0.0757     0.1166    34.1199    34.1182    8.35237         36 0.0000e+00
    259.000    256.163    -1.3462  27.367362    -1.3449  27.367136     6.2285     6.4357     0.0552    98.5684 1.0000e-12  -73.89978 -113.17417  39.689046     100.03 2.5016e+02    598.541      14366  1028.6953  1028.6938     4.6759     0.0773     0.1180    34.1205    34.1187    8.35190         34 0.0000e+00
