ocean_section_plots/required_files/ctd/dnbp2202_ctd201.cnv
* Sea-Bird SBE 9 Data File:
* FileName = D:\Data\raw\NBP2202_CTD201.hex
* Software Version Seasave V 7.26.7.121
* Temperature SN = 1649
* Conductivity SN = 2513
* Number of Bytes Per Scan = 40
* Number of Voltage Words = 5
* Number of Scans Averaged by the Deck Unit = 1
* NMEA Latitude = 73 51.49 S
* NMEA Longitude = 113 03.67 W
* NMEA UTC (Time) = Feb 08 2022  18:15:22
* NMEA baud rate = 9600
** Ship: RVIB N.B. Palmer
** Cruise: NBP2202 Thwaites
** Station: 120
** Operator: A. Robinson Ken B
# nquan = 28
# nvalues = 758                         
# units = specified
# name 0 = prDM: Pressure, Digiquartz [db]
# name 1 = depSM: Depth [salt water, m]
# name 2 = t090C: Temperature [ITS-90, deg C]
# name 3 = c0mS/cm: Conductivity [mS/cm]
# name 4 = t190C: Temperature, 2 [ITS-90, deg C]
# name 5 = c1mS/cm: Conductivity, 2 [mS/cm]
# name 6 = sbeox0ML/L: Oxygen, SBE 43 [ml/l]
# name 7 = sbeox1ML/L: Oxygen, SBE 43, 2 [ml/l]
# name 8 = flECO-AFL: Fluorescence, WET Labs ECO-AFL/FL [mg/m^3]
# name 9 = CStarTr0: Beam Transmission, WET Labs C-Star [%]
# name 10 = par: PAR/Irradiance, Biospherical/Licor
# name 11 = latitude: Latitude [deg]
# name 12 = longitude: Longitude [deg]
# name 13 = timeJ: Julian Days
# name 14 = altM: Altimeter [m]
# name 15 = spar: SPAR, Biospherical/Licor
# name 16 = timeS: Time, Elapsed [seconds]
# name 17 = scan: Scan Count
# name 18 = density00: Density [density, kg/m^3]
# name 19 = density11: Density, 2 [density, kg/m^3]
# name 20 = v3: Voltage 3
# name 21 = v4: Voltage 4
# name 22 = v5: Voltage 5
# name 23 = sal00: Salinity, Practical [PSU]
# name 24 = sal11: Salinity, Practical, 2 [PSU]
# name 25 = oxsolML/L: Oxygen Saturation, Garcia & Gordon [ml/l]
# name 26 = nbin: number of scans per bin
# name 27 = flag: flag
# span 0 =      1.000,    758.000       
# span 1 =      0.993,    748.796       
# span 2 =    -1.5055,     0.3358       
# span 3 =  27.025343,  29.272306       
# span 4 =    -1.5046,     0.3381       
# span 5 =  27.025747,  29.272515       
# span 6 =     4.6353,     9.0644       
# span 7 =     4.7528,     9.3636       
# span 8 =    -0.0166,    27.6808       
# span 9 =    75.8099,    98.4793       
# span 10 = -1.382e-05, 3.4038e+02      
# span 11 =  -73.85828,  -73.85826      
# span 12 = -113.06136, -113.06130      
# span 13 =  39.763433,  39.775359      
# span 14 =     -18.84,     100.22      
# span 15 = 2.6073e+02, 2.8291e+02      
# span 16 =    238.616,   1269.037      
# span 17 =       5728,      30458      
# span 18 =  1027.1566,  1031.2454      
# span 19 =  1027.1556,  1031.2434      
# span 20 =     3.5968,     4.6717      
# span 21 =     0.0637,     4.4615      
# span 22 =     0.1162,     0.2689      
# span 23 =    33.7827,    34.4805      
# span 24 =    33.7814,    34.4780      
# span 25 =    7.96941,    8.39865      
# span 26 =         11,         76      
# span 27 = 0.0000e+00, 0.0000e+00      
# interval = decibars: 1                
# start_time = Feb 08 2022 18:15:22 [NMEA time, header]
# bad_flag = -9.990e-29
*END*
      1.000      0.993    -0.6115  27.611259    -0.6104  27.611337     9.0543     8.6595    20.7696    78.0603 3.4038e+02  -73.85828 -113.06132  39.763433     -18.84 2.6972e+02    238.616       5728  1027.1566  1027.1556     3.7024     3.3407     0.2527    33.7828    33.7818    8.20971         11 0.0000e+00
      2.000      1.981    -0.6161  27.608059    -0.6138  27.609205     9.0572     8.6777    19.1079    76.5937 1.2113e+02  -73.85828 -113.06133  39.763448      41.70 2.6972e+02    239.933       5759  1027.1617  1027.1608     3.6340     2.7755     0.2413    33.7830    33.7821    8.21069         30 0.0000e+00
      3.000      2.968    -0.6171  27.607821    -0.6162  27.607562     9.0579     8.7024    19.2526    76.8996 7.9795e+01  -73.85828 -113.06134  39.763476      98.42 2.6972e+02    242.305       5816  1027.1667  1027.1656     3.6484     3.2348     0.2186    33.7832    33.7819    8.21090         38 0.0000e+00
      4.000      3.958    -0.6177  27.607421    -0.6172  27.607058     9.0457     8.7366    19.9672    77.8965 6.0811e+01  -73.85828 -113.06132  39.763518      99.98 2.6972e+02    245.933       5903  1027.1712  1027.1703     3.6957     3.4224     0.2492    33.7827    33.7817    8.21106         30 0.0000e+00
      5.000      4.949    -0.6185  27.607349    -0.6178  27.607129     9.0505     8.7667    18.8697    76.7793 4.3602e+01  -73.85828 -113.06132  39.763529      99.99 2.6972e+02    246.908       5927  1027.1762  1027.1752     3.6427     3.1738     0.2274    33.7830    33.7818    8.21123         31 0.0000e+00
      6.000      5.936    -0.6187  27.607685    -0.6177  27.607622     9.0480     8.9749    17.5468    76.8789 3.1970e+01  -73.85828 -113.06132  39.763564      98.80 2.6972e+02    249.914       5999  1027.1809  1027.1799     3.6477     3.2371     0.2285    33.7829    33.7817    8.21126         31 0.0000e+00
      7.000      6.928    -0.6186  27.608168    -0.6176  27.608099     9.0518     9.0395    18.0126    77.8707 2.4235e+01  -73.85828 -113.06132  39.763588     100.01 2.6972e+02    252.006       6049  1027.1856  1027.1846     3.6944     3.2218     0.2321    33.7829    33.7817    8.21124         27 0.0000e+00
      8.000      7.917    -0.6192  27.608226    -0.6181  27.608184     9.0524     9.0928    17.6986    78.1402 1.7194e+01  -73.85828 -113.06132  39.763602      99.98 2.6972e+02    253.176       6077  1027.1906  1027.1895     3.7072     2.9903     0.2251    33.7830    33.7818    8.21137         33 0.0000e+00
      9.000      8.907    -0.6190  27.608784    -0.6179  27.608721     9.0423     9.2122    17.6976    77.9597 1.2956e+01  -73.85828 -113.06132  39.763624      86.27 2.6972e+02    255.130       6124  1027.1953  1027.1942     3.6988     2.7426     0.2025    33.7830    33.7817    8.21134         38 0.0000e+00
     10.000      9.896    -0.6199  27.608417    -0.6189  27.608377     9.0463     9.2799    18.5202    76.8731 1.0067e+01  -73.85828 -113.06132  39.763650     100.05 2.6972e+02    257.317       6177  1027.2001  1027.1990     3.6472     2.8605     0.2064    33.7829    33.7816    8.21154         39 0.0000e+00
     11.000     10.886    -0.6201  27.608644    -0.6190  27.608555     9.0464     9.3165    16.8489    77.9990 7.3937e+00  -73.85828 -113.06132  39.763668      99.93 2.6972e+02    258.878       6214  1027.2047  1027.2037     3.7005     2.9509     0.2078    33.7827    33.7814    8.21158         36 0.0000e+00
     12.000     11.877    -0.6199  27.609267    -0.6181  27.609881     9.0558     9.3580    17.8713    77.6230 5.5346e+00  -73.85828 -113.06132  39.763686      99.97 2.6972e+02    260.463       6252  1027.2095  1027.2085     3.6828     3.1426     0.2294    33.7827    33.7816    8.21153         38 0.0000e+00
     13.000     12.865    -0.6176  27.611872    -0.6161  27.612056     9.0644     9.3636    20.0382    76.8962 4.3702e+00  -73.85828 -113.06132  39.763708      99.81 2.6972e+02    262.376       6298  1027.2145  1027.2132     3.6482     3.2748     0.2287    33.7831    33.7817    8.21103         34 0.0000e+00
     14.000     13.854    -0.6169  27.612832    -0.6154  27.613131     9.0559     9.3503    19.7712    77.5107 3.3730e+00  -73.85828 -113.06133  39.763731      99.90 2.6972e+02    264.386       6346  1027.2191  1027.2180     3.6774     3.5958     0.2689    33.7830    33.7817    8.21088         39 0.0000e+00
     15.000     14.844    -0.6165  27.613696    -0.6154  27.613693     9.0498     9.3355    19.3641    76.7374 2.5499e+00  -73.85828 -113.06133  39.763752      99.94 2.6972e+02    266.133       6388  1027.2240  1027.2229     3.6408     3.0771     0.2246    33.7831    33.7818    8.21079         39 0.0000e+00
     16.000     15.833    -0.6177  27.613380    -0.6173  27.612929     9.0394     9.3311    21.0247    76.7544 1.9826e+00  -73.85828 -113.06133  39.763770      93.86 2.6972e+02    267.732       6427  1027.2291  1027.2282     3.6415     3.2228     0.2451    33.7833    33.7823    8.21102         35 0.0000e+00
     17.000     16.824    -0.6181  27.613589    -0.6172  27.613548     9.0360     9.3333    21.4728    78.5316 1.5594e+00  -73.85828 -113.06133  39.763791      99.69 2.6972e+02    269.533       6470  1027.2340  1027.2331     3.7255     3.6928     0.2461    33.7835    33.7824    8.21111         38 0.0000e+00
     18.000     17.813    -0.6193  27.612916    -0.6180  27.612893     9.0327     9.3441    22.5171    78.1591 1.2184e+00  -73.85826 -113.06134  39.763815      99.98 2.6972e+02    271.628       6520  1027.2387  1027.2375     3.7079     3.5553     0.2234    33.7833    33.7819    8.21138         40 0.0000e+00
     19.000     18.803    -0.6192  27.613428    -0.6179  27.613403     9.0292     9.3415    23.1576    77.8787 9.4297e-01  -73.85826 -113.06134  39.763835      99.98 2.6972e+02    273.319       6561  1027.2435  1027.2422     3.6951     3.3559     0.2316    33.7833    33.7818    8.21136         35 0.0000e+00
     20.000     19.792    -0.6180  27.615568    -0.6168  27.615432     9.0161     9.3344    21.7593    77.5501 7.3000e-01  -73.85826 -113.06134  39.763852      99.34 2.6972e+02    274.788       6596  1027.2489  1027.2477     3.6793     4.0364     0.2271    33.7842    33.7827    8.21104         38 0.0000e+00
     21.000     20.781    -0.6177  27.616672    -0.6163  27.616680     9.0139     9.3304    24.2416    78.6839 5.6493e-01  -73.85826 -113.06134  39.763873      99.22 2.6972e+02    276.622       6640  1027.2541  1027.2529     3.7335     3.4737     0.2298    33.7847    33.7832    8.21094         43 0.0000e+00
     22.000     21.772    -0.6170  27.617874    -0.6156  27.617907     9.0169     9.3280    23.9181    76.5463 4.4848e-01  -73.85826 -113.06134  39.763896      99.98 2.6972e+02    278.638       6688  1027.2591  1027.2578     3.6320     3.8702     0.2545    33.7850    33.7835    8.21079         38 0.0000e+00
     23.000     22.762    -0.6169  27.618697    -0.6155  27.618745     9.0133     9.3265    22.9668    77.6536 3.4231e-01  -73.85826 -113.06135  39.763916      99.97 2.6972e+02    280.326       6729  1027.2642  1027.2629     3.6840     3.6968     0.2382    33.7853    33.7838    8.21074         35 0.0000e+00
     24.000     23.751    -0.6169  27.619530    -0.6156  27.619575     8.9989     9.3158    23.8708    76.3563 2.5236e-01  -73.85826 -113.06135  39.763935      99.97 2.6972e+02    281.949       6768  1027.2694  1027.2682     3.6227     3.7296     0.2417    33.7859    33.7845    8.21071         40 0.0000e+00
     25.000     24.740    -0.6179  27.619742    -0.6166  27.619711     8.9975     9.3142    24.8647    77.1769 1.9167e-01  -73.85826 -113.06135  39.763955      99.97 2.6972e+02    283.740       6811  1027.2749  1027.2736     3.6616     4.0553     0.2358    33.7866    33.7852    8.21088         43 0.0000e+00
     26.000     25.729    -0.6184  27.620014    -0.6170  27.619997     8.9967     9.3145    25.2147    76.9435 1.4750e-01  -73.85826 -113.06135  39.763981      99.96 2.6972e+02    285.931       6863  1027.2799  1027.2786     3.6512     3.6860     0.2328    33.7869    33.7854    8.21097         41 0.0000e+00
     27.000     26.719    -0.6183  27.620475    -0.6171  27.620470     8.9962     9.3097    24.8661    78.4186 1.0228e-01  -73.85826 -113.06136  39.764005      97.98 2.6972e+02    288.018       6913  1027.2846  1027.2835     3.7204     3.3506     0.2496    33.7868    33.7855    8.21095         42 0.0000e+00
     28.000     27.709    -0.6186  27.620899    -0.6169  27.621007     8.9918     9.3152    27.6808    77.5649 6.8119e-02  -73.85826 -113.06135  39.764024      99.93 2.6972e+02    289.705       6954  1027.2897  1027.2882     3.6804     3.3295     0.2247    33.7871    33.7854    8.21100         35 0.0000e+00
     29.000     28.699    -0.6189  27.621243    -0.6174  27.621288     8.9921     9.3169    24.4919    78.2461 4.5753e-02  -73.85826 -113.06135  39.764048      99.97 2.6972e+02    291.768       7003  1027.2946  1027.2933     3.7120     3.4574     0.2411    33.7874    33.7858    8.21106         33 0.0000e+00
     30.000     29.688    -0.6192  27.621583    -0.6178  27.621667     8.9845     9.3003    26.4426    77.6668 2.4060e-02  -73.85826 -113.06136  39.764075      99.98 2.6972e+02    294.097       7059  1027.2996  1027.2984     3.6847     4.2535     0.2366    33.7875    33.7861    8.21112         40 0.0000e+00
     31.000     30.677    -0.6192  27.622082    -0.6180  27.622057     8.9825     9.3038    23.5305    78.1740 5.7939e-03  -73.85826 -113.06135  39.764099      99.98 2.6972e+02    296.194       7110  1027.3044  1027.3033     3.7094     3.8363     0.1886    33.7876    33.7862    8.21111         44 0.0000e+00
     32.000     31.666    -0.6200  27.622369    -0.6186  27.622436     8.9753     9.2955    24.3189    78.3226 -1.382e-05  -73.85826 -113.06135  39.764124      99.98 2.6972e+02    298.326       7161  1027.3098  1027.3085     3.7158     4.4615     0.2638    33.7882    33.7867    8.21124         42 0.0000e+00
     33.000     32.656    -0.6211  27.622799    -0.6199  27.622826     8.9723     9.2891    23.5636    77.7579 1.0000e-12  -73.85826 -113.06135  39.764149      95.96 2.6972e+02    300.441       7212  1027.3156  1027.3145     3.6891     3.8445     0.2528    33.7895    33.7881    8.21142         49 0.0000e+00
     34.000     33.645    -0.6210  27.623238    -0.6197  27.623268     8.9722     9.2923    22.3876    76.9308 1.0000e-12  -73.85826 -113.06134  39.764174      99.90 2.6972e+02    302.596       7263  1027.3203  1027.3191     3.6500     3.8808     0.2356    33.7893    33.7879    8.21140         40 0.0000e+00
     35.000     34.635    -0.6211  27.623742    -0.6198  27.623675     8.9666     9.2930    22.6192    77.5010 1.0000e-12  -73.85828 -113.06134  39.764196      99.97 2.6942e+02    304.532       7310  1027.3252  1027.3239     3.6769     3.7213     0.1914    33.7895    33.7879    8.21141         42 0.0000e+00
     36.000     35.624    -0.6217  27.624259    -0.6203  27.624199     8.9643     9.2893    22.6700    77.6358 1.0000e-12  -73.85828 -113.06134  39.764219      99.98 2.6919e+02    306.558       7358  1027.3306  1027.3293     3.6834     3.9800     0.2361    33.7902    33.7886    8.21150         46 0.0000e+00
     37.000     36.615    -0.6220  27.624706    -0.6207  27.624563     8.9558     9.2836    22.8146    77.4596 1.0000e-12  -73.85828 -113.06134  39.764247      99.98 2.6989e+02    308.931       7415  1027.3357  1027.3343     3.6748     3.4535     0.2319    33.7906    33.7889    8.21155         45 0.0000e+00
     38.000     37.604    -0.6225  27.625274    -0.6211  27.625210     8.9465     9.2706    21.9847    75.8286 1.0000e-12  -73.85828 -113.06134  39.764269      99.98 2.7034e+02    310.854       7462  1027.3411  1027.3397     3.5980     3.5104     0.2397    33.7913    33.7896    8.21162         42 0.0000e+00
     39.000     38.594    -0.6243  27.625644    -0.6227  27.625698     8.9217     9.2469    21.0603    77.1935 1.0000e-12  -73.85828 -113.06134  39.764295      97.55 2.6964e+02    313.068       7515  1027.3475  1027.3461     3.6623     3.4485     0.2507    33.7932    33.7915    8.21189         52 0.0000e+00
     40.000     39.582    -0.6250  27.626196    -0.6238  27.626347     8.9215     9.2364    22.5250    76.7243 1.0000e-12  -73.85828 -113.06132  39.764319      98.07 2.7148e+02    315.161       7565  1027.3531  1027.3521     3.6401     3.5411     0.2398    33.7941    33.7929    8.21200         34 0.0000e+00
     41.000     40.573    -0.6249  27.627090    -0.6235  27.627347     8.9116     9.2330    21.3296    76.6348 1.0000e-12  -73.85828 -113.06132  39.764333      99.96 2.7118e+02    316.400       7595  1027.3582  1027.3572     3.6359     3.3761     0.2599    33.7946    33.7933    8.21194         29 0.0000e+00
     42.000     41.561    -0.6234  27.629312    -0.6221  27.629404     8.8979     9.2320    21.3490    77.0472 1.0000e-12  -73.85828 -113.06132  39.764349      99.98 2.7095e+02    317.740       7627  1027.3635  1027.3623     3.6554     3.5429     0.1996    33.7953    33.7939    8.21158         36 0.0000e+00
     43.000     42.551    -0.6208  27.633015    -0.6195  27.632811     8.8911     9.2254    22.4535    77.3187 1.0000e-12  -73.85828 -113.06132  39.764368      99.98 2.7119e+02    319.387       7666  1027.3692  1027.3678     3.6681     3.5877     0.2438    33.7967    33.7950    8.21092         35 0.0000e+00
     44.000     43.541    -0.6164  27.639011    -0.6149  27.639107     8.8579     9.1843    21.2349    77.1791 1.0000e-12  -73.85828 -113.06132  39.764386      99.97 2.7142e+02    320.958       7704  1027.3758  1027.3746     3.6617     3.7187     0.2466    33.7993    33.7978    8.20982         33 0.0000e+00
     45.000     44.530    -0.6076  27.648859    -0.6069  27.648192     8.7823     9.1134    20.4029    77.9543 1.0000e-12  -73.85828 -113.06132  39.764401      99.96 2.7148e+02    322.258       7735  1027.3824  1027.3809     3.6984     3.6268     0.2288    33.8021    33.8004    8.20775         31 0.0000e+00
     46.000     45.520    -0.6164  27.646051    -0.6151  27.646159     8.7063     9.0407    20.1522    78.1705 1.0000e-12  -73.85828 -113.06132  39.764417      99.98 2.7148e+02    323.610       7768  1027.3922  1027.3911     3.7087     3.5616     0.2124    33.8075    33.8063    8.20934         36 0.0000e+00
     47.000     46.509    -0.6279  27.642351    -0.6264  27.642384     8.5378     8.8576    21.0701    78.5950 1.0000e-12  -73.85828 -113.06132  39.764435      99.98 2.7139e+02    325.227       7806  1027.4037  1027.4022     3.7288     3.5316     0.2406    33.8148    33.8131    8.21142         40 0.0000e+00
     48.000     47.498    -0.6117  27.666295    -0.6095  27.666688     8.1879     8.4999    19.9766    77.9706 1.0000e-12  -73.85828 -113.06132  39.764454      99.98 2.7082e+02    326.811       7844  1027.4182  1027.4165     3.6992     3.4673     0.2208    33.8284    33.8264    8.20712         35 0.0000e+00
     49.000     48.489    -0.6534  27.643189    -0.6547  27.642844     7.8234     8.1861    20.5390    77.4177 1.0000e-12  -73.85828 -113.06132  39.764470      96.89 2.7122e+02    328.219       7878  1027.4380  1027.4390     3.6729     3.1077     0.2043    33.8432    33.8443    8.21532         33 0.0000e+00
     50.000     49.477    -0.7863  27.535024    -0.7890  27.535442     7.5882     7.9720    19.3469    76.3288 1.0000e-12  -73.85828 -113.06132  39.764486      99.92 2.7148e+02    329.598       7911  1027.4534  1027.4565     3.6215     3.1372     0.2544    33.8454    33.8489    8.24419         34 0.0000e+00
     51.000     50.467    -0.8768  27.463048    -0.8756  27.463700     7.4979     7.8443    18.7259    77.8033 1.0000e-12  -73.85828 -113.06132  39.764503      99.98 2.7061e+02    331.089       7947  1027.4662  1027.4657     3.6913     3.4740     0.2154    33.8488    33.8484    8.26381         38 0.0000e+00
