ocean_section_plots/required_files/ctd/dnbp2202_ctd159.cnv
* Sea-Bird SBE 9 Data File:
* FileName = D:\Data\raw\NBP2202_CTD159.hex
* Software Version Seasave V 7.26.7.121
* Temperature SN = 1649
* Conductivity SN = 2513
* Number of Bytes Per Scan = 40
* Number of Voltage Words = 5
* Number of Scans Averaged by the Deck Unit = 1
* NMEA Latitude = 74 13.88 S
* NMEA Longitude = 112 07.95 W
* NMEA UTC (Time) = Jan 31 2022  22:43:55
* NMEA baud rate = 9600
** Ship: RVIB N.B. Palmer
** Cruise: NBP2202 Thwaites
** Station: 81
** Operator: A. Robinson/K. Block
# nquan = 28
# nvalues = 505                         
# units = specified
# name 0 = prDM: Pressure, Digiquartz [db]
# name 1 = depSM: Depth [salt water, m]
# name 2 = t090C: Temperature [ITS-90, deg C]
# name 3 = c0mS/cm: Conductivity [mS/cm]
# name 4 = t190C: Temperature, 2 [ITS-90, deg C]
# name 5 = c1mS/cm: Conductivity, 2 [mS/cm]
# name 6 = sbeox0ML/L: Oxygen, SBE 43 [ml/l]
# name 7 = sbeox1ML/L: Oxygen, SBE 43, 2 [ml/l]
# name 8 = flECO-AFL: Fluorescence, WET Labs ECO-AFL/FL [mg/m^3]
# name 9 = CStarTr0: Beam Transmission, WET Labs C-Star [%]
# name 10 = par: PAR/Irradiance, Biospherical/Licor
# name 11 = latitude: Latitude [deg]
# name 12 = longitude: Longitude [deg]
# name 13 = timeJ: Julian Days
# name 14 = altM: Altimeter [m]
# name 15 = spar: SPAR, Biospherical/Licor
# name 16 = timeS: Time, Elapsed [seconds]
# name 17 = scan: Scan Count
# name 18 = density00: Density [density, kg/m^3]
# name 19 = density11: Density, 2 [density, kg/m^3]
# name 20 = v3: Voltage 3
# name 21 = v4: Voltage 4
# name 22 = v5: Voltage 5
# name 23 = sal00: Salinity, Practical [PSU]
# name 24 = sal11: Salinity, Practical, 2 [PSU]
# name 25 = oxsolML/L: Oxygen Saturation, Garcia & Gordon [ml/l]
# name 26 = nbin: number of scans per bin
# name 27 = flag: flag
# span 0 =      2.000,    506.000       
# span 1 =      1.988,    500.157       
# span 2 =    -1.4922,    -0.1493       
# span 3 =  27.006271,  28.631729       
# span 4 =    -1.4913,    -0.1516       
# span 5 =  27.006327,  28.627734       
# span 6 =     4.8920,     8.5413       
# span 7 =     5.0074,     8.4822       
# span 8 =     0.0017,    22.7574       
# span 9 =    70.3250,    93.3696       
# span 10 = -4.206e-05, 1.2096e+03      
# span 11 =  -74.23136,  -74.23136      
# span 12 = -112.13264, -112.13260      
# span 13 =  31.950883,  31.959275      
# span 14 =       1.07,     100.15      
# span 15 = 8.7933e+02, 2.3295e+03      
# span 16 =    321.337,   1046.393      
# span 17 =       7713,      25114      
# span 18 =  1027.1895,  1029.9708      
# span 19 =  1027.1905,  1029.9697      
# span 20 =     3.3367,     4.4294      
# span 21 =     0.0701,     3.4100      
# span 22 =     0.1161,     0.2228      
# span 23 =    33.7966,    34.3274      
# span 24 =    33.7993,    34.3232      
# span 25 =    8.07956,    8.39275      
# span 26 =          3,         47      
# span 27 = 0.0000e+00, 0.0000e+00      
# interval = decibars: 1                
# start_time = Jan 31 2022 22:43:55 [NMEA time, header]
# bad_flag = -9.990e-29
*END*
[from data line 311]
    313.000    309.525    -1.3500  27.363600    -1.3497  27.362967     6.2222     6.3685     0.0529    93.2281 1.0000e-12  -74.23136 -112.13264  31.956085      99.85 9.6172e+02    770.724      18498  1028.9258  1028.9248     4.4227     0.0813     0.1226    34.0862    34.0850    8.35479         34 0.0000e+00
    314.000    310.514    -1.3587  27.356894    -1.3575  27.356862     6.2287     6.3873     0.0855    93.2039 1.0000e-12  -74.23136 -112.13264  31.956103      99.85 9.6265e+02    772.272      18536  1028.9312  1028.9300     4.4215     0.0868     0.1209    34.0862    34.0848    8.35673         35 0.0000e+00
    315.000    311.501    -1.3609  27.356776    -1.3597  27.356438     6.2124     6.4120     0.0892    93.2195 1.0000e-12  -74.23136 -112.13264  31.956117      99.85 9.6205e+02    773.531      18566  1028.9375  1028.9359     4.4223     0.0939     0.1182    34.0880    34.0861    8.35712         26 0.0000e+00
    316.000    312.490    -1.3528  27.365232    -1.3521  27.364476     6.2033     6.3700     0.0535    93.2199 1.0000e-12  -74.23136 -112.13264  31.956129      99.85 9.6392e+02    774.531      18590  1028.9432  1028.9416     4.4224     0.1305     0.1219    34.0898    34.0879    8.35520         22 0.0000e+00
    317.000    313.478    -1.3454  27.372637    -1.3436  27.372888     6.1991     6.3478     0.0589    93.2284 1.0000e-12  -74.23136 -112.13264  31.956139      85.23 9.6360e+02    775.386      18610  1028.9483  1028.9469     4.4227     0.0773     0.1161    34.0909    34.0892    8.35347         20 0.0000e+00
    318.000    314.466    -1.3377  27.380491    -1.3365  27.379986     6.1964     6.3399     0.0451    93.2298 1.0000e-12  -74.23136 -112.13264  31.956150      99.39 9.6635e+02    776.365      18634  1028.9538  1028.9521     4.4228     0.0863     0.1201    34.0922    34.0903    8.35166         28 0.0000e+00
    319.000    315.455    -1.3327  27.385761    -1.3315  27.385427     6.1927     6.3441     0.2105    93.1923 1.0000e-12  -74.23136 -112.13264  31.956165      99.85 9.7025e+02    777.687      18665  1028.9590  1028.9575     4.4210     0.0987     0.1184    34.0932    34.0914    8.35049         34 0.0000e+00
    320.000    316.442    -1.3322  27.386870    -1.3310  27.386635     6.1836     6.3439     0.4841    93.2316 1.0000e-12  -74.23136 -112.13264  31.956180      99.85 9.6883e+02    778.978      18696  1028.9641  1028.9627     4.4229     0.0762     0.1194    34.0936    34.0919    8.35037         28 0.0000e+00
    321.000    317.430    -1.3310  27.388577    -1.3299  27.388196     6.1868     6.3463     0.2585    93.2362 1.0000e-12  -74.23136 -112.13264  31.956193      99.85 9.6593e+02    780.101      18723  1028.9692  1028.9677     4.4231     0.0813     0.1203    34.0939    34.0922    8.35008         26 0.0000e+00
    322.000    318.419    -1.3288  27.390989    -1.3278  27.390628     6.1795     6.3323     0.1137    93.2243 1.0000e-12  -74.23136 -112.13264  31.956206      99.85 9.6581e+02    781.227      18750  1028.9741  1028.9726     4.4225     0.0796     0.1178    34.0941    34.0925    8.34958         28 0.0000e+00
    323.000    319.407    -1.3258  27.394325    -1.3249  27.393905     6.1813     6.3292     0.0403    93.2216 1.0000e-12  -74.23136 -112.13264  31.956220      99.85 9.6247e+02    782.417      18779  1028.9791  1028.9777     4.4224     0.0811     0.1186    34.0947    34.0930    8.34887         29 0.0000e+00
    324.000    320.395    -1.3234  27.397488    -1.3223  27.397150     6.1849     6.3352     0.0390    93.2508 1.0000e-12  -74.23136 -112.13264  31.956233      99.85 9.5807e+02    783.574      18807  1028.9846  1028.9832     4.4238     0.0867     0.1212    34.0957    34.0940    8.34828         27 0.0000e+00
    325.000    321.383    -1.3247  27.397019    -1.3237  27.396787     6.1882     6.3407     0.0654    93.2542 1.0000e-12  -74.23136 -112.13264  31.956247      99.85 9.5853e+02    784.754      18835  1028.9897  1028.9885     4.4240     0.0917     0.1191    34.0959    34.0944    8.34855         30 0.0000e+00
    326.000    322.371    -1.3276  27.395357    -1.3265  27.395138     6.1925     6.3439     0.0633    93.2272 1.0000e-12  -74.23136 -112.13264  31.956263      99.85 9.5976e+02    786.085      18867  1028.9950  1028.9937     4.4227     0.0793     0.1170    34.0962    34.0947    8.34917         33 0.0000e+00
    327.000    323.359    -1.3282  27.396512    -1.3271  27.396218     6.1935     6.3381     0.0409    93.2331 1.0000e-12  -74.23136 -112.13264  31.956278      99.86 9.6227e+02    787.446      18900  1029.0012  1028.9998     4.4229     0.0785     0.1225    34.0979    34.0963    8.34921         32 0.0000e+00
    328.000    324.347    -1.3269  27.398400    -1.3259  27.398138     6.1787     6.3404     0.0596    93.2491 1.0000e-12  -74.23136 -112.13264  31.956292      99.53 9.6606e+02    788.667      18929  1029.0064  1029.0051     4.4237     0.0769     0.1181    34.0985    34.0969    8.34890         27 0.0000e+00
    329.000    325.335    -1.3248  27.401257    -1.3235  27.401010     6.1750     6.3342     0.0619    93.2531 1.0000e-12  -74.23136 -112.13264  31.956305      99.86 9.6524e+02    789.776      18956  1029.0117  1029.0103     4.4239     0.0871     0.1229    34.0993    34.0976    8.34836         26 0.0000e+00
    330.000    326.323    -1.3194  27.407464    -1.3178  27.407262     6.1553     6.3130     0.1037    93.2586 1.0000e-12  -74.23136 -112.13264  31.956318      99.85 9.6391e+02    790.872      18982  1029.0176  1029.0158     4.4241     0.0926     0.1242    34.1011    34.0990    8.34705         27 0.0000e+00
    331.000    327.311    -1.3075  27.419303    -1.3063  27.418728     6.1095     6.2761     0.1327    93.2449 1.0000e-12  -74.23136 -112.13264  31.956332      99.84 9.7016e+02    792.085      19011  1029.0233  1029.0215     4.4235     0.0802     0.1223    34.1032    34.1010    8.34428         31 0.0000e+00
    332.000    328.300    -1.2757  27.448764    -1.2752  27.446809     6.0803     6.2367     0.0472    93.2291 1.0000e-12  -74.23136 -112.13264  31.956348      99.86 9.7919e+02    793.463      19044  1029.0288  1029.0262     4.4228     0.0803     0.1192    34.1068    34.1035    8.33696         34 0.0000e+00
    333.000    329.286    -1.2625  27.460907    -1.2611  27.460626     6.0798     6.2403     0.0457    93.2242 1.0000e-12  -74.23136 -112.13263  31.956363      99.85 9.8437e+02    794.741      19075  1029.0337  1029.0321     4.4225     0.0793     0.1190    34.1078    34.1058    8.33395         28 0.0000e+00
    334.000    330.276    -1.2614  27.462324    -1.2604  27.462016     6.1068     6.2520     0.0571    93.2075 1.0000e-12  -74.23136 -112.13263  31.956376      99.85 9.8714e+02    795.853      19101  1029.0387  1029.0374     4.4217     0.0808     0.1176    34.1079    34.1063    8.33371         26 0.0000e+00
    335.000    331.264    -1.2729  27.452898    -1.2726  27.452165     6.1309     6.2775     0.0423    93.2489 1.0000e-12  -74.23136 -112.13263  31.956387      99.85 9.8821e+02    796.870      19126  1029.0441  1029.0430     4.4237     0.0843     0.1183    34.1074    34.1060    8.33630         23 0.0000e+00
    336.000    332.250    -1.2830  27.444424    -1.2840  27.442889     6.1541     6.3018     0.1446    93.2254 1.0000e-12  -74.23136 -112.13263  31.956399      99.85 9.8478e+02    797.855      19150  1029.0491  1029.0484     4.4226     0.0796     0.1211    34.1067    34.1057    8.33860         26 0.0000e+00
    337.000    333.241    -1.2944  27.435490    -1.2938  27.434853     6.1624     6.3062     0.1075    93.2036 1.0000e-12  -74.23136 -112.13263  31.956413      99.85 9.8280e+02    799.073      19179  1029.0548  1029.0535     4.4215     0.0797     0.1188    34.1068    34.1052    8.34114         31 0.0000e+00
    338.000    334.228    -1.2974  27.433660    -1.2965  27.433340     6.1618     6.3131     0.1091    93.2306 1.0000e-12  -74.23136 -112.13263  31.956428      99.85 9.8121e+02    800.393      19210  1029.0601  1029.0588     4.4228     0.0777     0.1231    34.1071    34.1056    8.34179         32 0.0000e+00
    339.000    335.216    -1.2969  27.435227    -1.2957  27.434892     6.1600     6.3141     0.6908    93.2214 1.0000e-12  -74.23136 -112.13263  31.956442      88.70 9.7901e+02    801.602      19239  1029.0656  1029.0640     4.4224     0.0819     0.1201    34.1081    34.1062    8.34162         26 0.0000e+00
    340.000    336.203    -1.2932  27.439439    -1.2925  27.438962     6.1536     6.3089     0.0426    93.2080 1.0000e-12  -74.23136 -112.13264  31.956455      99.63 9.8273e+02    802.707      19266  1029.0709  1029.0696     4.4217     0.0788     0.1187    34.1090    34.1075    8.34074         28 0.0000e+00
    341.000    337.194    -1.2912  27.442140    -1.2899  27.441883     6.1474     6.2946     0.0452    93.2591 1.0000e-12  -74.23136 -112.13264  31.956469      99.85 9.8585e+02    803.910      19295  1029.0762  1029.0746     4.4241     0.0804     0.1225    34.1098    34.1080    8.34024         30 0.0000e+00
    342.000    338.178    -1.2862  27.447404    -1.2841  27.447834     6.1244     6.2817     0.0794    93.2391 1.0000e-12  -74.23136 -112.13264  31.956484      99.85 9.8428e+02    805.182      19325  1029.0814  1029.0798     4.4232     0.0799     0.1202    34.1107    34.1089    8.33908         29 0.0000e+00
    343.000    339.168    -1.2788  27.455122    -1.2751  27.456825     6.1113     6.2617     0.0958    93.2281 1.0000e-12  -74.23136 -112.13264  31.956497      99.85 9.8059e+02    806.343      19353  1029.0868  1029.0851     4.4227     0.0785     0.1178    34.1123    34.1104    8.33733         27 0.0000e+00
    344.000    340.156    -1.2681  27.465027    -1.2672  27.464442     6.1084     6.2606     0.0450    93.2533 1.0000e-12  -74.23136 -112.13264  31.956511      99.85 9.7859e+02    807.515      19381  1029.0916  1029.0900     4.4239     0.0807     0.1189    34.1131    34.1112    8.33489         30 0.0000e+00
    345.000    341.144    -1.2699  27.464463    -1.2687  27.464093     6.1171     6.2687     0.0470    93.2467 1.0000e-12  -74.23136 -112.13264  31.956526      99.85 9.7440e+02    808.823      19413  1029.0971  1029.0956     4.4236     0.0802     0.1201    34.1137    34.1119    8.33525         32 0.0000e+00
    346.000    342.132    -1.2702  27.466293    -1.2690  27.466133     6.1177     6.2733     0.0653    93.2528 1.0000e-12  -74.23136 -112.13264  31.956540      99.85 9.7443e+02    810.062      19442  1029.1038  1029.1024     4.4239     0.0799     0.1200    34.1159    34.1143    8.33519         28 0.0000e+00
    347.000    343.119    -1.2688  27.469085    -1.2678  27.468666     6.1156     6.2642     0.0429    93.2685 1.0000e-12  -74.23136 -112.13264  31.956553      99.86 9.7179e+02    811.147      19469  1029.1098  1029.1084     4.4246     0.0781     0.1189    34.1176    34.1158    8.33479         24 0.0000e+00
    348.000    344.109    -1.2670  27.471578    -1.2658  27.471306     6.1173     6.2654     0.0474    93.2458 1.0000e-12  -74.23136 -112.13264  31.956564      99.85 9.6790e+02    812.124      19492  1029.1151  1029.1136     4.4236     0.0772     0.1191    34.1183    34.1165    8.33433         23 0.0000e+00
    349.000    345.095    -1.2638  27.475074    -1.2626  27.474681     6.1036     6.2611     0.0977    93.2400 1.0000e-12  -74.23136 -112.13262  31.956576      94.38 9.6603e+02    813.178      19517  1029.1201  1029.1186     4.4232     0.0807     0.1173    34.1188    34.1170    8.33359         30 0.0000e+00
    350.000    346.084    -1.2611  27.477935    -1.2598  27.477661     6.1114     6.2540     0.0845    93.2281 1.0000e-12  -74.23136 -112.13263  31.956592      78.45 9.7127e+02    814.529      19550  1029.1249  1029.1234     4.4227     0.0806     0.1182    34.1190    34.1172    8.33297         32 0.0000e+00
    351.000    347.071    -1.2602  27.479324    -1.2588  27.479172     6.1069     6.2516     0.0442    93.2401 1.0000e-12  -74.23136 -112.13263  31.956606     100.02 9.7103e+02    815.794      19580  1029.1300  1029.1285     4.4232     0.0802     0.1192    34.1193    34.1176    8.33276         28 0.0000e+00
    352.000    348.059    -1.2589  27.481530    -1.2576  27.481315     6.0960     6.2522     0.0436    93.1994 1.0000e-12  -74.23136 -112.13264  31.956619      99.86 9.6528e+02    816.902      19607  1029.1354  1029.1339     4.4213     0.0787     0.1175    34.1203    34.1184    8.33241         26 0.0000e+00
    353.000    349.049    -1.2549  27.486960    -1.2536  27.486535     6.0978     6.2424     0.0307    93.1826 1.0000e-12  -74.23136 -112.13264  31.956632      99.85 9.5978e+02    817.989      19633  1029.1418  1029.1401     4.4205     0.0802     0.1212    34.1225    34.1205    8.33139         27 0.0000e+00
    354.000    350.035    -1.2526  27.490363    -1.2514  27.490013     6.0952     6.2380     0.0579    93.2576 1.0000e-12  -74.23136 -112.13264  31.956646      99.85 9.5560e+02    819.185      19661  1029.1476  1029.1461     4.4241     0.0788     0.1198    34.1239    34.1221    8.33079         30 0.0000e+00
    355.000    351.023    -1.2511  27.492525    -1.2498  27.492187     6.0917     6.2375     0.0418    93.1822 1.0000e-12  -74.23136 -112.13264  31.956661      99.85 9.5084e+02    820.467      19692  1029.1529  1029.1513     4.4205     0.0821     0.1210    34.1246    34.1227    8.33042         31 0.0000e+00
    356.000    352.012    -1.2501  27.494375    -1.2489  27.494099     6.0943     6.2390     0.0340    93.2816 1.0000e-12  -74.23136 -112.13264  31.956675      99.85 9.4480e+02    821.739      19723  1029.1582  1029.1568     4.4252     0.0790     0.1168    34.1253    34.1236    8.33014         30 0.0000e+00
    357.000    353.000    -1.2476  27.497894    -1.2464  27.497467     6.0966     6.2462     0.0422    93.2694 1.0000e-12  -74.23136 -112.13264  31.956689      99.85 9.3806e+02    822.934      19751  1029.1640  1029.1624     4.4247     0.0789     0.1179    34.1267    34.1248    8.32951         28 0.0000e+00
    358.000    353.988    -1.2449  27.501503    -1.2436  27.501219     6.0921     6.2473     0.0446    93.2673 1.0000e-12  -74.23136 -112.13264  31.956702      99.86 9.3548e+02    824.065      19779  1029.1697  1029.1681     4.4245     0.0796     0.1182    34.1281    34.1261    8.32884         27 0.0000e+00
    359.000    354.974    -1.2462  27.501789    -1.2455  27.501242     6.0981     6.2422     0.0371    93.2107 1.0000e-12  -74.23136 -112.13264  31.956715      99.85 9.3589e+02    825.183      19805  1029.1756  1029.1743     4.4218     0.0796     0.1189    34.1293    34.1277    8.32905         26 0.0000e+00
    360.000    355.964    -1.2453  27.503869    -1.2440  27.503569     6.0988     6.2498     0.0317    93.2216 1.0000e-12  -74.23136 -112.13264  31.956728      99.86 9.3096e+02    826.320      19833  1029.1813  1029.1798     4.4224     0.0781     0.1163    34.1305    34.1286    8.32878         28 0.0000e+00
    361.000    356.952    -1.2465  27.504091    -1.2455  27.503681     6.1041     6.2534     0.0346    93.2463 1.0000e-12  -74.23136 -112.13264  31.956742      99.85 9.2747e+02    827.478      19860  1029.1871  1029.1856     4.4236     0.0793     0.1180    34.1315    34.1298    8.32898         28 0.0000e+00
    362.000    357.938    -1.2491  27.503556    -1.2479  27.503240     6.1023     6.2484     0.0305    93.2591 1.0000e-12  -74.23136 -112.13264  31.956756      98.69 9.2705e+02    828.710      19890  1029.1934  1029.1919     4.4241     0.0830     0.1196    34.1332    34.1313    8.32948         31 0.0000e+00
    363.000    358.927    -1.2493  27.504260    -1.2482  27.503964     6.1058     6.2481     0.0425    93.2577 1.0000e-12  -74.23136 -112.13264  31.956771      99.87 9.2543e+02    829.993      19921  1029.1987  1029.1973     4.4241     0.0801     0.1161    34.1338    34.1321    8.32949         30 0.0000e+00
