ocean_section_plots/required_files/ctd/dnbp2202_ctd029.cnv
* Sea-Bird SBE 9 Data File:
* FileName = D:\Data\raw\NBP2202_CTD029.hex
* Software Version Seasave V 7.26.7.121
* Temperature SN = 1649
* Conductivity SN = 2513
* Number of Bytes Per Scan = 40
* Number of Voltage Words = 5
* Number of Scans Averaged by the Deck Unit = 1
* NMEA Latitude = 74 13.69 S
* NMEA Longitude = 112 08.97 W
* NMEA UTC (Time) = Jan 21 2022  10:22:55
* NMEA baud rate = 9600
** Ship: RVIB N.B. Palmer
** Cruise: NBP2202 Thwaites
** Station: 16
** Operator: B. Bjork
# nquan = 25
# nvalues = 932                         
# units = specified
# name 0 = prDM: Pressure, Digiquartz [db]
# name 1 = depSM: Depth [salt water, m]
# name 2 = t090C: Temperature [ITS-90, deg C]
# name 3 = c0mS/cm: Conductivity [mS/cm]
# name 4 = t190C: Temperature, 2 [ITS-90, deg C]
# name 5 = c1mS/cm: Conductivity, 2 [mS/cm]
# name 6 = sbeox0ML/L: Oxygen, SBE 43 [ml/l]
# name 7 = sbeox1ML/L: Oxygen, SBE 43, 2 [ml/l]
# name 8 = flECO-AFL: Fluorescence, WET Labs ECO-AFL/FL [mg/m^3]
# name 9 = CStarTr0: Beam Transmission, WET Labs C-Star [%]
# name 10 = par: PAR/Irradiance, Biospherical/Licor
# name 11 = latitude: Latitude [deg]
# name 12 = longitude: Longitude [deg]
# name 13 = timeJ: Julian Days
# name 14 = altM: Altimeter [m]
# name 15 = spar: SPAR, Biospherical/Licor
# name 16 = timeS: Time, Elapsed [seconds]
# name 17 = scan: Scan Count
# name 18 = density00: Density [density, kg/m^3]
# name 19 = density11: Density, 2 [density, kg/m^3]
# name 20 = sal00: Salinity, Practical [PSU]
# name 21 = sal11: Salinity, Practical, 2 [PSU]
# name 22 = oxsolML/L: Oxygen Saturation, Garcia & Gordon [ml/l]
# name 23 = nbin: number of scans per bin
# name 24 = flag: flag
# span 0 =      2.000,    933.000       
# span 1 =      1.978,    921.270       
# span 2 =    -1.4653,     0.5028       
# span 3 =  27.085967,  29.543446       
# span 4 =    -1.4644,     0.5052       
# span 5 =  27.086034,  29.543500       
# span 6 =     4.5836,     8.1340       
# span 7 =     4.8063,     8.1026       
# span 8 =    -0.0116,    17.2438       
# span 9 =    74.4998,    97.5842       
# span 10 = -5.156e-05, 5.8189e+01      
# span 11 =  -74.22820,  -74.22818      
# span 12 = -112.14969, -112.14958      
# span 13 =  21.435257,  21.450213      
# span 14 =       8.58,     100.55      
# span 15 = 8.8703e+02, 9.7141e+02      
# span 16 =    231.185,   1523.379      
# span 17 =       5549,      36562      
# span 18 =  1027.1933,  1032.1028      
# span 19 =  1027.1951,  1032.1005      
# span 20 =    33.8030,    34.5482      
# span 21 =    33.8051,    34.5454      
# span 22 =    7.93130,    8.38917      
# span 23 =         21,         55      
# span 24 = 0.0000e+00, 0.0000e+00      
# interval = decibars: 1                
# start_time = Jan 21 2022 10:22:55 [NMEA time, header]
# bad_flag = -9.990e-29
*END*
[from data line 638]
    640.000    632.398     0.1754  29.050674     0.1791  29.051649     4.7188     4.9544     0.0016    97.3859 1.0000e-12  -74.22818 -112.14960  21.445455      99.87 9.4612e+02   1112.288      26696  1030.6689  1030.6662    34.4366    34.4336    8.00515         29 0.0000e+00
    641.000    633.385     0.1844  29.062363     0.1868  29.062107     4.7196     4.9576     0.0049    97.3833 1.0000e-12  -74.22819 -112.14960  21.445469      99.87 9.4551e+02   1113.499      26725  1030.6765  1030.6739    34.4412    34.4382    8.00300         29 0.0000e+00
    642.000    634.370     0.1858  29.064834     0.1881  29.064322     4.7185     4.9549     0.0133    97.3862 1.0000e-12  -74.22818 -112.14960  21.445483      99.86 9.4608e+02   1114.726      26754  1030.6821  1030.6793    34.4424    34.4391    8.00266         30 0.0000e+00
    643.000    635.358     0.1955  29.077799     0.1985  29.077792     4.7165     4.9540     0.0143    97.3268 1.0000e-12  -74.22818 -112.14960  21.445497      99.87 9.4551e+02   1115.951      26784  1030.6904  1030.6875    34.4479    34.4446    8.00032         29 0.0000e+00
    644.000    636.343     0.2042  29.088547     0.2088  29.090776     4.7200     4.9557     0.0130    97.3876 1.0000e-12  -74.22818 -112.14960  21.445511      98.76 9.4715e+02   1117.165      26813  1030.6974  1030.6952    34.4518    34.4495    7.99830         29 0.0000e+00
    645.000    637.331     0.2116  29.098028     0.2140  29.097818     4.7182     4.9557     0.0069    97.4284 1.0000e-12  -74.22818 -112.14960  21.445525      80.06 9.4740e+02   1118.369      26842  1030.7044  1030.7018    34.4554    34.4524    7.99657         29 0.0000e+00
    646.000    638.317     0.2130  29.100393     0.2155  29.100235     4.7193     4.9553     0.0007    97.4268 1.0000e-12  -74.22818 -112.14960  21.445539      98.01 9.4673e+02   1119.573      26871  1030.7098  1030.7073    34.4563    34.4534    7.99621         29 0.0000e+00
    647.000    639.305     0.2143  29.102587     0.2169  29.102391     4.7207     4.9567    -0.0052    97.4197 1.0000e-12  -74.22818 -112.14960  21.445553      99.87 9.4649e+02   1120.790      26900  1030.7151  1030.7125    34.4571    34.4540    7.99589         29 0.0000e+00
    648.000    640.290     0.2165  29.105589     0.2192  29.105738     4.7214     4.9565    -0.0006    97.4214 1.0000e-12  -74.22818 -112.14960  21.445567      99.87 9.4696e+02   1122.024      26930  1030.7205  1030.7181    34.4580    34.4553    7.99539         30 0.0000e+00
    649.000    641.277     0.2176  29.107358     0.2195  29.106549     4.7198     4.9556     0.0096    97.4368 1.0000e-12  -74.22818 -112.14960  21.445582      99.87 9.4784e+02   1123.265      26959  1030.7256  1030.7229    34.4586    34.4553    7.99514         30 0.0000e+00
    650.000    642.264     0.2183  29.108670     0.2201  29.107726     4.7164     4.9563     0.0142    97.4184 1.0000e-12  -74.22818 -112.14960  21.445596      99.87 9.4744e+02   1124.496      26989  1030.7306  1030.7279    34.4589    34.4556    7.99496         30 0.0000e+00
    651.000    643.250     0.2188  29.109638     0.2206  29.108749     4.7111     4.9564    -0.0002    97.4311 1.0000e-12  -74.22818 -112.14960  21.445610      99.87 9.4674e+02   1125.737      27019  1030.7355  1030.7328    34.4591    34.4559    7.99486         29 0.0000e+00
    652.000    644.236     0.2216  29.113607     0.2245  29.113646     4.7134     4.9522    -0.0063    97.4603 1.0000e-12  -74.22818 -112.14960  21.445625      99.87 9.4779e+02   1126.991      27049  1030.7411  1030.7384    34.4605    34.4574    7.99419         30 0.0000e+00
    653.000    645.225     0.2260  29.119091     0.2283  29.118759     4.7163     4.9497     0.0066    97.4626 1.0000e-12  -74.22818 -112.14960  21.445639      99.86 9.4732e+02   1128.228      27078  1030.7468  1030.7442    34.4623    34.4592    7.99318         30 0.0000e+00
    654.000    646.208     0.2280  29.122026     0.2306  29.121832     4.7192     4.9534     0.0036    97.4801 1.0000e-12  -74.22818 -112.14960  21.445653      99.87 9.4843e+02   1129.460      27108  1030.7522  1030.7495    34.4633    34.4602    7.99270         29 0.0000e+00
    655.000    647.197     0.2314  29.126233     0.2337  29.126009     4.7198     4.9617     0.0031    97.4688 1.0000e-12  -74.22818 -112.14960  21.445668      75.05 9.4843e+02   1130.707      27138  1030.7576  1030.7552    34.4645    34.4616    7.99194         31 0.0000e+00
    656.000    648.181     0.2335  29.129208     0.2359  29.128956     4.7153     4.9552     0.0018    97.4771 1.0000e-12  -74.22818 -112.14960  21.445682      91.16 9.4785e+02   1131.960      27168  1030.7629  1030.7603    34.4654    34.4624    7.99145         30 0.0000e+00
    657.000    649.170     0.2397  29.137130     0.2392  29.133185     4.7174     4.9514    -0.0014    97.4393 1.0000e-12  -74.22818 -112.14960  21.445697      99.85 9.4722e+02   1133.207      27198  1030.7693  1030.7658    34.4683    34.4637    7.98999         29 0.0000e+00
    658.000    650.156     0.2468  29.145419     0.2478  29.143485     4.7105     4.9462     0.0054    97.4626 1.0000e-12  -74.22820 -112.14960  21.445711      99.87 9.4831e+02   1134.438      27228  1030.7753  1030.7723    34.4706    34.4670    7.98839         30 0.0000e+00
    659.000    651.142     0.2472  29.146200     0.2495  29.145799     4.7083     4.9503     0.0069    97.4320 1.0000e-12  -74.22820 -112.14960  21.445725      99.86 9.4886e+02   1135.670      27257  1030.7801  1030.7774    34.4707    34.4676    7.98831         29 0.0000e+00
    660.000    652.129     0.2489  29.148449     0.2504  29.147366     4.7103     4.9495     0.0084    97.4550 1.0000e-12  -74.22820 -112.14960  21.445740      99.87 9.4937e+02   1136.903      27287  1030.7851  1030.7824    34.4712    34.4680    7.98793         30 0.0000e+00
    661.000    653.116     0.2469  29.146686     0.2490  29.146185     4.7092     4.9485     0.0143    97.5021 1.0000e-12  -74.22820 -112.14960  21.445754      99.86 9.4874e+02   1138.121      27316  1030.7895  1030.7869    34.4705    34.4674    7.98839         29 0.0000e+00
    662.000    654.102     0.2528  29.154098     0.2555  29.153799     4.7091     4.9477     0.0143    97.4543 1.0000e-12  -74.22820 -112.14960  21.445768      99.87 9.4890e+02   1139.348      27345  1030.7957  1030.7927    34.4731    34.4696    7.98702         30 0.0000e+00
    663.000    655.088     0.2608  29.163383     0.2635  29.163005     4.7053     4.9404     0.0063    97.4822 1.0000e-12  -74.22820 -112.14960  21.445782      99.86 9.4972e+02   1140.596      27375  1030.8018  1030.7988    34.4757    34.4722    7.98521         30 0.0000e+00
    664.000    656.074     0.2724  29.176998     0.2738  29.175159     4.6974     4.9326     0.0090    97.4558 1.0000e-12  -74.22820 -112.14960  21.445797      99.87 9.4940e+02   1141.847      27405  1030.8089  1030.8056    34.4800    34.4761    7.98256         29 0.0000e+00
    665.000    657.063     0.2863  29.192567     0.2889  29.192334     4.6934     4.9279     0.0084    97.4858 1.0000e-12  -74.22820 -112.14960  21.445811      99.86 9.4907e+02   1143.064      27435  1030.8158  1030.8129    34.4843    34.4810    7.97945         30 0.0000e+00
    666.000    658.047     0.2919  29.199092     0.2952  29.199595     4.6913     4.9328     0.0199    97.4640 1.0000e-12  -74.22820 -112.14960  21.445825      83.99 9.4971e+02   1144.296      27464  1030.8214  1030.8187    34.4860    34.4830    7.97819         29 0.0000e+00
    667.000    659.034     0.2979  29.206231     0.2999  29.205328     4.6936     4.9299     0.0069    97.4643 1.0000e-12  -74.22820 -112.14960  21.445840      97.95 9.5014e+02   1145.543      27494  1030.8273  1030.8244    34.4881    34.4846    7.97683         30 0.0000e+00
    668.000    660.021     0.2986  29.207349     0.3009  29.206930     4.6946     4.9195     0.0064    97.4782 1.0000e-12  -74.22820 -112.14960  21.445854      99.88 9.5019e+02   1146.779      27524  1030.8322  1030.8295    34.4882    34.4851    7.97668         30 0.0000e+00
    669.000    661.008     0.3020  29.211619     0.3049  29.211794     4.6944     4.9262     0.0064    97.4756 1.0000e-12  -74.22820 -112.14960  21.445868      99.87 9.5019e+02   1147.999      27553  1030.8376  1030.8350    34.4894    34.4864    7.97591         29 0.0000e+00
    670.000    661.994     0.3003  29.209825     0.3022  29.209190     4.6890     4.9265     0.0030    97.4798 1.0000e-12  -74.22820 -112.14960  21.445882      99.87 9.5019e+02   1149.229      27583  1030.8418  1030.8393    34.4884    34.4855    7.97632         30 0.0000e+00
    671.000    662.980     0.3050  29.216025     0.3059  29.213562     4.6823     4.9219     0.0035    97.4824 1.0000e-12  -74.22820 -112.14960  21.445897      99.87 9.4908e+02   1150.479      27612  1030.8479  1030.8445    34.4906    34.4864    7.97521         30 0.0000e+00
    672.000    663.966     0.3204  29.233599     0.3251  29.235137     4.6704     4.9100     0.0069    97.4866 1.0000e-12  -74.22820 -112.14960  21.445911      99.86 9.4948e+02   1151.724      27642  1030.8553  1030.8524    34.4959    34.4927    7.97174         30 0.0000e+00
    673.000    664.954     0.3388  29.254532     0.3395  29.251567     4.6673     4.9027     0.0012    97.4731 1.0000e-12  -74.22820 -112.14960  21.445925      99.87 9.4970e+02   1152.948      27672  1030.8633  1030.8596    34.5021    34.4975    7.96758         29 0.0000e+00
    674.000    665.940     0.3533  29.270783     0.3504  29.264245     4.6631     4.9008    -0.0007    97.4605 1.0000e-12  -74.22820 -112.14960  21.445939      99.86 9.5019e+02   1154.172      27701  1030.8704  1030.8665    34.5067    34.5014    7.96435         29 0.0000e+00
    675.000    666.926     0.3631  29.282394     0.3641  29.279903     4.6565     4.8972    -0.0004    97.4713 1.0000e-12  -74.22820 -112.14960  21.445954      99.87 9.5019e+02   1155.411      27731  1030.8772  1030.8736    34.5103    34.5059    7.96211         30 0.0000e+00
    676.000    667.913     0.3721  29.292258     0.3739  29.291212     4.6564     4.8941    -0.0004    97.4531 1.0000e-12  -74.22820 -112.14960  21.445968      83.10 9.5019e+02   1156.654      27761  1030.8831  1030.8802    34.5126    34.5092    7.96013         30 0.0000e+00
    677.000    668.897     0.3730  29.293757     0.3749  29.292654     4.6588     4.8928     0.0010    97.4609 1.0000e-12  -74.22820 -112.14960  21.445982      90.69 9.5019e+02   1157.886      27790  1030.8881  1030.8851    34.5129    34.5094    7.95992         30 0.0000e+00
    678.000    669.887     0.3730  29.293931     0.3751  29.293327     4.6610     4.8990     0.0066    97.4544 1.0000e-12  -74.22820 -112.14960  21.445997      99.71 9.5019e+02   1159.117      27820  1030.8928  1030.8901    34.5126    34.5095    7.95994         29 0.0000e+00
    679.000    670.872     0.3713  29.292406     0.3738  29.292255     4.6514     4.8892     0.0111    97.4661 1.0000e-12  -74.22820 -112.14960  21.446011      99.87 9.5019e+02   1160.358      27850  1030.8973  1030.8947    34.5119    34.5090    7.96033         30 0.0000e+00
    680.000    671.858     0.3790  29.301750     0.3798  29.299149     4.6543     4.8933     0.0038    97.4644 1.0000e-12  -74.22820 -112.14960  21.446025      99.87 9.5019e+02   1161.596      27879  1030.9037  1030.9002    34.5150    34.5107    7.95858         30 0.0000e+00
    681.000    672.845     0.3878  29.311464     0.3919  29.312783     4.6408     4.8828     0.0054    97.4499 1.0000e-12  -74.22820 -112.14960  21.446040      99.87 9.5019e+02   1162.827      27909  1030.9095  1030.9068    34.5173    34.5144    7.95664         29 0.0000e+00
    682.000    673.831     0.4023  29.329060     0.4025  29.324788     4.6250     4.8593     0.0003    97.4343 1.0000e-12  -74.22820 -112.14960  21.446054      99.86 9.5019e+02   1164.064      27939  1030.9178  1030.9132    34.5236    34.5177    7.95331         30 0.0000e+00
    683.000    674.816     0.4504  29.380775     0.4562  29.382995     4.6157     4.8520     0.0135    97.4366 1.0000e-12  -74.22820 -112.14960  21.446068      99.87 9.5019e+02   1165.311      27968  1030.9284  1030.9250    34.5368    34.5332    7.94267         29 0.0000e+00
    684.000    675.804     0.4582  29.389239     0.4610  29.389092     4.6174     4.8465     0.0068    97.4203 1.0000e-12  -74.22820 -112.14960  21.446083      99.87 9.5019e+02   1166.561      27998  1030.9340  1030.9311    34.5385    34.5352    7.94097         31 0.0000e+00
    685.000    676.790     0.4575  29.388828     0.4602  29.388687     4.6170     4.8465     0.0003    97.4286 1.0000e-12  -74.22820 -112.14960  21.446097      99.87 9.5025e+02   1167.802      28028  1030.9388  1030.9361    34.5381    34.5351    7.94112         29 0.0000e+00
    686.000    677.778     0.4590  29.390835     0.4614  29.390243     4.6157     4.8514     0.0028    97.3913 1.0000e-12  -74.22820 -112.14960  21.446111      99.87 9.5019e+02   1169.024      28058  1030.9440  1030.9410    34.5386    34.5351    7.94081         30 0.0000e+00
    687.000    678.762     0.4630  29.395416     0.4650  29.394585     4.6193     4.8564     0.0050    97.4033 1.0000e-12  -74.22820 -112.14960  21.446126      81.33 9.5217e+02   1170.256      28087  1030.9492  1030.9464    34.5396    34.5362    7.93993         30 0.0000e+00
    688.000    679.749     0.4579  29.390099     0.4607  29.390345     4.6190     4.8578     0.0046    97.3859 1.0000e-12  -74.22820 -112.14960  21.446140      96.05 9.5165e+02   1171.505      28117  1030.9531  1030.9507    34.5377    34.5349    7.94108         29 0.0000e+00
    689.000    680.735     0.4509  29.382838     0.4540  29.383309     4.6210     4.8518     0.0067    97.3697 1.0000e-12  -74.22820 -112.14960  21.446154      99.92 9.5029e+02   1172.746      28147  1030.9569  1030.9544    34.5354    34.5326    7.94263         30 0.0000e+00
    690.000    681.722     0.4516  29.384052     0.4537  29.383270     4.6188     4.8481     0.0004    97.3588 1.0000e-12  -74.22820 -112.14960  21.446169      99.87 9.5089e+02   1173.971      28176  1030.9619  1030.9590    34.5357    34.5324    7.94249         30 0.0000e+00
    691.000    682.708     0.4585  29.392024     0.4609  29.391522     4.6212     4.8454     0.0081    97.3812 1.0000e-12  -74.22820 -112.14960  21.446183      99.87 9.5164e+02   1175.189      28206  1030.9676  1030.9647    34.5378    34.5344    7.94094         29 0.0000e+00
    692.000    683.695     0.4559  29.389577     0.4591  29.390140     4.6187     4.8463     0.0102    97.3611 1.0000e-12  -74.22820 -112.14960  21.446197      99.86 9.5074e+02   1176.415      28235  1030.9719  1030.9694    34.5369    34.5341    7.94153         29 0.0000e+00
    693.000    684.681     0.4589  29.393525     0.4604  29.391775     4.6211     4.8538    -0.0007    97.3286 1.0000e-12  -74.22820 -112.14960  21.446211      99.87 9.5042e+02   1177.650      28265  1030.9773  1030.9741    34.5381    34.5342    7.94084         30 0.0000e+00
    694.000    685.668     0.4549  29.389130     0.4582  29.390025     4.6223     4.8533     0.0032    97.3664 1.0000e-12  -74.22820 -112.14960  21.446226      99.87 9.5086e+02   1178.893      28294  1030.9810  1030.9788    34.5363    34.5338    7.94176         30 0.0000e+00
    695.000    686.655     0.4523  29.387015     0.4550  29.387044     4.6207     4.8548     0.0069    97.3637 1.0000e-12  -74.22820 -112.14960  21.446240      99.86 9.5019e+02   1180.126      28324  1030.9857  1030.9831    34.5358    34.5329    7.94232         29 0.0000e+00
    696.000    687.640     0.4521  29.386973     0.4540  29.386335     4.6241     4.8555     0.0015    97.3777 1.0000e-12  -74.22820 -112.14960  21.446254      99.87 9.5019e+02   1181.354      28353  1030.9901  1030.9876    34.5355    34.5325    7.94239         30 0.0000e+00
