ocean_section_plots/required_files/ctd/dnbp2202_ctd203.cnv
* Sea-Bird SBE 9 Data File:
* FileName = D:\Data\raw\NBP2202_CTD203.hex
* Software Version Seasave V 7.26.7.121
* Temperature SN = 1649
* Conductivity SN = 2513
* Number of Bytes Per Scan = 40
* Number of Voltage Words = 5
* Number of Scans Averaged by the Deck Unit = 1
* NMEA Latitude = 73 59.82 S
* NMEA Longitude = 113 45.35 W
* NMEA UTC (Time) = Feb 09 2022  12:06:35
* NMEA baud rate = 9600
** Ship: RVIB N.B. Palmer
** Cruise: NBP2202 Thwaites
** Station: 122
** Operator: B. Bjork
# nquan = 28
# nvalues = 755                         
# units = specified
# name 0 = prDM: Pressure, Digiquartz [db]
# name 1 = depSM: Depth [salt water, m]
# name 2 = t090C: Temperature [ITS-90, deg C]
# name 3 = c0mS/cm: Conductivity [mS/cm]
# name 4 = t190C: Temperature, 2 [ITS-90, deg C]
# name 5 = c1mS/cm: Conductivity, 2 [mS/cm]
# name 6 = sbeox0ML/L: Oxygen, SBE 43 [ml/l]
# name 7 = sbeox1ML/L: Oxygen, SBE 43, 2 [ml/l]
# name 8 = flECO-AFL: Fluorescence, WET Labs ECO-AFL/FL [mg/m^3]
# name 9 = CStarTr0: Beam Transmission, WET Labs C-Star [%]
# name 10 = par: PAR/Irradiance, Biospherical/Licor
# name 11 = latitude: Latitude [deg]
# name 12 = longitude: Longitude [deg]
# name 13 = timeJ: Julian Days
# name 14 = altM: Altimeter [m]
# name 15 = spar: SPAR, Biospherical/Licor
# name 16 = timeS: Time, Elapsed [seconds]
# name 17 = scan: Scan Count
# name 18 = density00: Density [density, kg/m^3]
# name 19 = density11: Density, 2 [density, kg/m^3]
# name 20 = v3: Voltage 3
# name 21 = v4: Voltage 4
# name 22 = v5: Voltage 5
# name 23 = sal00: Salinity, Practical [PSU]
# name 24 = sal11: Salinity, Practical, 2 [PSU]
# name 25 = oxsolML/L: Oxygen Saturation, Garcia & Gordon [ml/l]
# name 26 = nbin: number of scans per bin
# name 27 = flag: flag
# span 0 =      2.000,    756.000       
# span 1 =      1.983,    746.832       
# span 2 =    -1.3977,    -0.1852       
# span 3 =  27.131820,  28.678153       
# span 4 =    -1.3976,    -0.1831       
# span 5 =  27.131773,  28.678191       
# span 6 =     4.8403,     8.6662       
# span 7 =     4.9951,     8.9946       
# span 8 =     0.0009,    21.1571       
# span 9 =    75.9076,    98.1803       
# span 10 = -9.603e-06, 3.0186e+01      
# span 11 =  -73.99704,  -73.99702      
# span 12 = -113.75588, -113.75583      
# span 13 =  40.508111,  40.519277      
# span 14 =       2.45,     100.26      
# span 15 = 7.7564e+01, 1.2252e+02      
# span 16 =    305.778,   1270.532      
# span 17 =       7340,      30494      
# span 18 =  1027.1786,  1031.1268      
# span 19 =  1027.1802,  1031.1251      
# span 20 =     3.6029,     4.6575      
# span 21 =     0.0674,     3.5642      
# span 22 =     0.1207,     0.2465      
# span 23 =    33.7871,    34.2940      
# span 24 =    33.7888,    34.2923      
# span 25 =    8.08896,    8.37530      
# span 26 =         13,         47      
# span 27 = 0.0000e+00, 0.0000e+00      
# interval = decibars: 1                
# start_time = Feb 09 2022 12:06:35 [NMEA time, header]
# bad_flag = -9.990e-29
*END*
[from data line 104]
    106.000    104.876    -1.0513  27.330694    -1.0506  27.331282     7.7837     8.1379    12.7568    80.2042 1.0000e-12  -73.99702 -113.75586  40.510169      99.74 8.6381e+01    483.630      11608  1027.7178  1027.7178     3.8051     2.4571     0.1843    33.8311    33.8311    8.30334         24 0.0000e+00
    107.000    105.866    -1.0601  27.325649    -1.0600  27.325833     7.7312     8.0854    14.5056    80.5032 1.0000e-12  -73.99702 -113.75586  40.510181      99.50 8.6381e+01    484.626      11632  1027.7250  1027.7251     3.8192     2.1436     0.2081    33.8335    33.8336    8.30514         23 0.0000e+00
    108.000    106.855    -1.0670  27.321802    -1.0672  27.321897     7.6808     8.0381    14.9265    79.7021 1.0000e-12  -73.99702 -113.75586  40.510192      99.66 8.6381e+01    485.619      11656  1027.7316  1027.7319     3.7814     2.3139     0.2050    33.8354    33.8357    8.30656         25 0.0000e+00
    109.000    107.846    -1.0750  27.317540    -1.0749  27.317711     7.6488     7.9983    14.6561    79.5455 1.0000e-12  -73.99702 -113.75586  40.510204      99.76 8.6381e+01    486.628      11680  1027.7388  1027.7389     3.7739     2.4930     0.1965    33.8380    33.8380    8.30818         24 0.0000e+00
    110.000    108.833    -1.0808  27.314810    -1.0817  27.314465     7.6361     7.9775    13.3978    78.3337 1.0000e-12  -73.99702 -113.75586  40.510215      99.44 8.6381e+01    487.609      11704  1027.7456  1027.7461     3.7164     2.0696     0.1923    33.8401    33.8407    8.30933         23 0.0000e+00
    111.000    109.822    -1.0842  27.313658    -1.0838  27.313865     7.6409     7.9626    11.8530    79.2943 1.0000e-12  -73.99702 -113.75586  40.510227      99.45 8.6381e+01    488.580      11727  1027.7518  1027.7516     3.7620     2.0155     0.1777    33.8418    33.8417    8.30999         23 0.0000e+00
    112.000    110.811    -1.0839  27.314245    -1.0838  27.314444     7.6065     7.9176    11.4223    81.1755 1.0000e-12  -73.99702 -113.75586  40.510238      99.33 8.7004e+01    489.557      11750  1027.7563  1027.7564     3.8510     1.8718     0.2110    33.8417    33.8418    8.30995         23 0.0000e+00
    113.000    111.802    -1.0845  27.314629    -1.0843  27.314632     7.4961     7.8163    12.9752    78.7388 1.0000e-12  -73.99702 -113.75586  40.510249      99.36 8.6840e+01    490.507      11773  1027.7614  1027.7613     3.7361     1.9340     0.1918    33.8423    33.8420    8.31005         23 0.0000e+00
    114.000    112.789    -1.0883  27.313320    -1.0890  27.313253     7.3196     7.6570    13.5725    80.0781 1.0000e-12  -73.99702 -113.75586  40.510260      99.36 8.6532e+01    491.466      11796  1027.7679  1027.7685     3.7988     1.9690     0.2054    33.8441    33.8448    8.31078         23 0.0000e+00
    115.000    113.779    -1.1037  27.308022    -1.1042  27.308093     7.1336     7.4857    16.9921    81.3721 1.0000e-12  -73.99702 -113.75586  40.510271      99.39 8.6899e+01    492.449      11820  1027.7813  1027.7818     3.8605     1.8862     0.1832    33.8537    33.8543    8.31363         24 0.0000e+00
    116.000    114.769    -1.1140  27.306991    -1.1140  27.307193     6.9967     7.3518    12.1996    79.9603 1.0000e-12  -73.99702 -113.75586  40.510283      99.35 8.6995e+01    493.426      11843  1027.7943  1027.7945     3.7936     1.8909     0.2183    33.8632    33.8635    8.31535         23 0.0000e+00
    117.000    115.757    -1.1288  27.298859    -1.1289  27.299462     6.8919     7.2464    10.8147    80.5815 1.0000e-12  -73.99702 -113.75584  40.510294      98.33 8.7911e+01    494.382      11866  1027.8040  1027.8047     3.8230     1.7895     0.1876    33.8682    33.8691    8.31835         24 0.0000e+00
    118.000    116.745    -1.1553  27.278329    -1.1570  27.277443     6.8061     7.1536    10.8962    81.2347 1.0000e-12  -73.99702 -113.75586  40.510305      98.01 8.6927e+01    495.366      11890  1027.8113  1027.8120     3.8539     1.7922     0.1727    33.8694    33.8702    8.32416         23 0.0000e+00
    119.000    117.736    -1.1760  27.262391    -1.1752  27.263587     6.7416     7.0806    11.3437    82.0706 1.0000e-12  -73.99702 -113.75584  40.510317      99.43 8.6918e+01    496.353      11913  1027.8179  1027.8185     3.8935     1.8896     0.2064    33.8704    33.8712    8.32871         23 0.0000e+00
    120.000    118.725    -1.1927  27.250690    -1.1944  27.249749     6.7192     7.0419    11.1615    82.1037 1.0000e-12  -73.99702 -113.75586  40.510328      99.36 8.6382e+01    497.310      11936  1027.8253  1027.8259     3.8953     1.6915     0.1729    33.8726    33.8733    8.33229         24 0.0000e+00
    121.000    119.714    -1.2027  27.244134    -1.2025  27.244503     6.6990     7.0119    10.0787    82.9430 1.0000e-12  -73.99702 -113.75584  40.510339      99.36 8.7317e+01    498.293      11960  1027.8318  1027.8320     3.9350     1.7239     0.1838    33.8744    33.8746    8.33443         24 0.0000e+00
    122.000    120.702    -1.2026  27.244921    -1.2027  27.244983     6.6850     6.9893     9.1850    82.0242 1.0000e-12  -73.99702 -113.75586  40.510350      99.46 8.7605e+01    499.282      11984  1027.8365  1027.8366     3.8914     1.4178     0.1713    33.8747    33.8748    8.33438         23 0.0000e+00
    123.000    121.692    -1.2145  27.236320    -1.2154  27.236252     6.6827     6.9826     8.5628    81.6414 1.0000e-12  -73.99702 -113.75584  40.510362      99.36 8.6471e+01    500.239      12007  1027.8427  1027.8435     3.8733     1.6813     0.1679    33.8757    33.8766    8.33698         23 0.0000e+00
    124.000    122.681    -1.2247  27.231161    -1.2236  27.231881     6.6948     6.9765     9.7012    81.6774 1.0000e-12  -73.99702 -113.75584  40.510373      99.38 8.7181e+01    501.218      12030  1027.8509  1027.8507     3.8750     1.6511     0.1820    33.8795    33.8793    8.33902         24 0.0000e+00
    125.000    123.669    -1.2135  27.242656    -1.2126  27.243433     6.6976     6.9625     9.8497    83.1056 1.0000e-12  -73.99702 -113.75584  40.510384      99.41 8.7684e+01    502.207      12054  1027.8567  1027.8567     3.9430     1.5187     0.2004    33.8820    33.8821    8.33637         23 0.0000e+00
    126.000    124.659    -1.1784  27.276728    -1.1757  27.277922     6.6805     6.9390     9.6235    84.2242 1.0000e-12  -73.99702 -113.75584  40.510395      99.40 8.6309e+01    503.164      12077  1027.8642  1027.8629     3.9955     1.5217     0.1771    33.8884    33.8870    8.32818         23 0.0000e+00
    127.000    125.648    -1.1662  27.287385    -1.1669  27.286876     6.6341     6.9049    10.0660    84.5909 1.0000e-12  -73.99702 -113.75584  40.510407      99.43 8.7266e+01    504.149      12101  1027.8683  1027.8684     4.0131     1.4809     0.1763    33.8885    33.8886    8.32545         24 0.0000e+00
    128.000    126.638    -1.1775  27.278744    -1.1763  27.280190     6.5964     6.8659    10.4070    85.3112 1.0000e-12  -73.99702 -113.75584  40.510419      99.39 8.7634e+01    505.157      12125  1027.8741  1027.8746     4.0473     2.0029     0.1869    33.8889    33.8895    8.32795         24 0.0000e+00
    129.000    127.627    -1.2113  27.253017    -1.2122  27.252996     6.5756     6.8473    10.1165    84.8988 1.0000e-12  -73.99702 -113.75584  40.510430      99.36 8.6516e+01    506.157      12149  1027.8829  1027.8838     4.0277     1.6567     0.1796    33.8912    33.8922    8.33534         24 0.0000e+00
    130.000    128.614    -1.2217  27.245947    -1.2186  27.248477     6.5681     6.8315     9.3932    84.4584 1.0000e-12  -73.99702 -113.75584  40.510442      99.38 8.7195e+01    507.154      12173  1027.8894  1027.8892     4.0068     1.5659     0.1744    33.8927    33.8927    8.33757         24 0.0000e+00
    131.000    129.605    -1.2138  27.253339    -1.2130  27.254000     6.5622     6.8190     8.3322    84.5701 1.0000e-12  -73.99702 -113.75584  40.510453      98.28 8.7508e+01    508.163      12197  1027.8940  1027.8939     4.0121     1.3729     0.1625    33.8933    33.8933    8.33578         25 0.0000e+00
    132.000    130.594    -1.2160  27.251886    -1.2163  27.251819     6.5395     6.7983     7.7447    84.4526 1.0000e-12  -73.99702 -113.75584  40.510465      99.43 8.7003e+01    509.150      12221  1027.8987  1027.8989     4.0066     1.6857     0.1665    33.8932    33.8934    8.33628         23 0.0000e+00
    133.000    131.581    -1.2336  27.237678    -1.2343  27.237640     6.5163     6.7708     8.1747    84.9020 1.0000e-12  -73.99702 -113.75584  40.510476      99.39 8.7608e+01    510.126      12244  1027.9043  1027.9051     4.0279     1.5493     0.1886    33.8929    33.8937    8.34020         23 0.0000e+00
    134.000    132.572    -1.2487  27.226739    -1.2485  27.227007     6.4917     6.7412     8.2383    85.1304 1.0000e-12  -73.99702 -113.75584  40.510488      99.43 8.7508e+01    511.137      12268  1027.9111  1027.9113     4.0387     1.4571     0.1847    33.8944    33.8946    8.34349         25 0.0000e+00
    135.000    133.560    -1.2541  27.223152    -1.2532  27.224182     6.4503     6.7032     7.2885    85.0299 1.0000e-12  -73.99702 -113.75584  40.510500      99.52 8.6668e+01    512.154      12293  1027.9166  1027.9168     4.0340     1.2586     0.1708    33.8951    33.8954    8.34468         24 0.0000e+00
    136.000    134.549    -1.2648  27.215899    -1.2630  27.217733     6.4084     6.6605     7.7689    85.2301 1.0000e-12  -73.99702 -113.75584  40.510511      99.45 8.7118e+01    513.150      12317  1027.9232  1027.9234     4.0437     1.4231     0.1766    33.8966    33.8970    8.34697         24 0.0000e+00
    137.000    135.538    -1.2864  27.199826    -1.2853  27.200851     6.3567     6.6198     8.6506    86.1271 1.0000e-12  -73.99702 -113.75584  40.510523      99.54 8.7229e+01    514.181      12341  1027.9305  1027.9306     4.0857     1.2096     0.1714    33.8983    33.8985    8.35169         25 0.0000e+00
    138.000    136.529    -1.3010  27.188962    -1.2977  27.191595     6.3200     6.5816     7.9620    86.0721 1.0000e-12  -73.99702 -113.75584  40.510535      99.53 8.6743e+01    515.198      12366  1027.9368  1027.9365     4.0834     1.2420     0.1644    33.8993    33.8992    8.35489         24 0.0000e+00
    139.000    137.517    -1.3199  27.174929    -1.3204  27.175162     6.2978     6.5498     7.3732    86.7999 1.0000e-12  -73.99702 -113.75584  40.510546      99.50 8.6456e+01    516.183      12389  1027.9438  1027.9445     4.1179     1.3098     0.1482    33.9008    33.9017    8.35904         24 0.0000e+00
    140.000    138.504    -1.3370  27.162935    -1.3371  27.163303     6.2845     6.5323     7.1770    85.0282 1.0000e-12  -73.99702 -113.75584  40.510558      99.44 8.7493e+01    517.197      12414  1027.9512  1027.9517     4.0339     1.4446     0.1705    33.9031    33.9037    8.36274         24 0.0000e+00
    141.000    139.495    -1.3438  27.158872    -1.3445  27.158511     6.2775     6.5240     7.0627    85.3593 1.0000e-12  -73.99702 -113.75584  40.510570      99.57 8.7226e+01    518.211      12438  1027.9573  1027.9576     4.0497     1.1661     0.1694    33.9046    33.9050    8.36417         25 0.0000e+00
    142.000    140.483    -1.3506  27.155244    -1.3499  27.155755     6.2767     6.5241     6.8078    86.2282 1.0000e-12  -73.99702 -113.75584  40.510581      99.54 8.7190e+01    519.200      12462  1027.9639  1027.9638     4.0906     1.2733     0.1690    33.9067    33.9066    8.36557         24 0.0000e+00
    143.000    141.473    -1.3541  27.153240    -1.3539  27.153636     6.2745     6.5227     5.9644    87.8327 1.0000e-12  -73.99702 -113.75584  40.510593      99.51 8.8061e+01    520.218      12486  1027.9691  1027.9694     4.1669     1.0517     0.1490    33.9073    33.9077    8.36632         24 0.0000e+00
    144.000    142.462    -1.3582  27.150885    -1.3583  27.150890     6.2674     6.5145     5.8180    88.8836 1.0000e-12  -73.99702 -113.75584  40.510605      96.30 8.8145e+01    521.238      12511  1027.9745  1027.9747     4.2167     1.1159     0.1460    33.9081    33.9082    8.36720         24 0.0000e+00
    145.000    143.450    -1.3641  27.147976    -1.3639  27.148148     6.2698     6.5133     6.6500    87.4648 1.0000e-12  -73.99702 -113.75584  40.510616      99.70 8.8144e+01    522.232      12535  1027.9811  1027.9812     4.1494     0.8207     0.1515    33.9102    33.9102    8.36840         24 0.0000e+00
    146.000    144.438    -1.3648  27.147996    -1.3648  27.148136     6.2702     6.5056     5.4640    89.3518 1.0000e-12  -73.99702 -113.75584  40.510628      99.70 8.8144e+01    523.234      12559  1027.9859  1027.9861     4.2387     0.8246     0.1562    33.9103    33.9105    8.36854         24 0.0000e+00
    147.000    145.430    -1.3648  27.148890    -1.3646  27.149065     6.2706     6.5040     4.6155    89.3988 1.0000e-12  -73.99702 -113.75584  40.510639      99.63 8.8144e+01    524.246      12583  1027.9910  1027.9910     4.2413     0.9868     0.1586    33.9109    33.9110    8.36850         25 0.0000e+00
    148.000    146.415    -1.3646  27.149805    -1.3647  27.149693     6.2642     6.5058     4.6946    89.4067 1.0000e-12  -73.99702 -113.75584  40.510651      99.67 8.8144e+01    525.230      12607  1027.9960  1027.9959     4.2415     0.8877     0.1509    33.9114    33.9113    8.36844         23 0.0000e+00
    149.000    147.405    -1.3644  27.150416    -1.3633  27.151189     6.2632     6.4922     4.8131    89.1338 1.0000e-12  -73.99702 -113.75584  40.510662      99.60 8.8144e+01    526.217      12630  1028.0006  1028.0004     4.2286     1.0660     0.1663    33.9114    33.9112    8.36839         24 0.0000e+00
    150.000    148.396    -1.3608  27.154448    -1.3606  27.154242     6.2638     6.4853     4.7640    89.3484 1.0000e-12  -73.99702 -113.75584  40.510674      99.67 8.8144e+01    527.221      12654  1028.0056  1028.0053     4.2387     0.9062     0.1561    33.9122    33.9117    8.36753         24 0.0000e+00
    151.000    149.384    -1.3575  27.157867    -1.3562  27.158950     6.2534     6.4823     4.7603    89.9499 1.0000e-12  -73.99702 -113.75584  40.510685      99.66 8.8144e+01    528.213      12678  1028.0105  1028.0104     4.2672     0.9401     0.1641    33.9126    33.9126    8.36678         24 0.0000e+00
    152.000    150.372    -1.3564  27.159495    -1.3573  27.159118     6.2546     6.4834     4.8360    89.9405 1.0000e-12  -73.99702 -113.75584  40.510697      99.71 8.8144e+01    529.217      12702  1028.0154  1028.0159     4.2668     0.7975     0.1640    33.9129    33.9134    8.36651         24 0.0000e+00
    153.000    151.363    -1.3598  27.158558    -1.3596  27.158675     6.2798     6.5025     5.1567    89.5077 1.0000e-12  -73.99702 -113.75584  40.510709      99.69 8.8144e+01    530.235      12727  1028.0219  1028.0219     4.2463     0.8491     0.1394    33.9148    33.9147    8.36715         24 0.0000e+00
    154.000    152.349    -1.3685  27.151577    -1.3690  27.151418     6.3016     6.5318     5.6344    88.6962 1.0000e-12  -73.99702 -113.75584  40.510720      99.73 8.8144e+01    531.238      12751  1028.0270  1028.0273     4.2078     0.7299     0.1440    33.9145    33.9149    8.36913         24 0.0000e+00
    155.000    153.340    -1.3856  27.139060    -1.3861  27.139184     6.2956     6.5320     5.2571    89.8687 1.0000e-12  -73.99702 -113.75584  40.510732      99.71 8.8144e+01    532.237      12775  1028.0340  1028.0346     4.2634     0.7918     0.1427    33.9160    33.9168    8.37287         24 0.0000e+00
    156.000    154.329    -1.3970  27.131820    -1.3972  27.131773     6.2691     6.4959     4.7434    89.9601 1.0000e-12  -73.99702 -113.75584  40.510743      99.67 8.8144e+01    533.234      12799  1028.0413  1028.0414     4.2677     0.9285     0.1537    33.9184    33.9186    8.37530         24 0.0000e+00
