ocean_section_plots/required_files/ctd/dnbp2202_ctd024.cnv
* Sea-Bird SBE 9 Data File:
* FileName = D:\Data\raw\NBP2202_CTD024.hex
* Software Version Seasave V 7.26.7.121
* Temperature SN = 1649
* Conductivity SN = 2513
* Number of Bytes Per Scan = 40
* Number of Voltage Words = 5
* Number of Scans Averaged by the Deck Unit = 1
* NMEA Latitude = 74 12.90 S
* NMEA Longitude = 112 30.07 W
* NMEA UTC (Time) = Jan 20 2022  20:13:07
* NMEA baud rate = 9600
** Ship: RVIB N.B. Palmer
** Cruise: NBP2202 Thwaites
** Station: 15
** Operator: A. Robinson
** Glider calibration cast
# nquan = 25
# nvalues = 1130                        
# units = specified
# name 0 = prDM: Pressure, Digiquartz [db]
# name 1 = depSM: Depth [salt water, m]
# name 2 = t090C: Temperature [ITS-90, deg C]
# name 3 = c0mS/cm: Conductivity [mS/cm]
# name 4 = t190C: Temperature, 2 [ITS-90, deg C]
# name 5 = c1mS/cm: Conductivity, 2 [mS/cm]
# name 6 = sbeox0ML/L: Oxygen, SBE 43 [ml/l]
# name 7 = sbeox1ML/L: Oxygen, SBE 43, 2 [ml/l]
# name 8 = flECO-AFL: Fluorescence, WET Labs ECO-AFL/FL [mg/m^3]
# name 9 = CStarTr0: Beam Transmission, WET Labs C-Star [%]
# name 10 = par: PAR/Irradiance, Biospherical/Licor
# name 11 = latitude: Latitude [deg]
# name 12 = longitude: Longitude [deg]
# name 13 = timeJ: Julian Days
# name 14 = altM: Altimeter [m]
# name 15 = spar: SPAR, Biospherical/Licor
# name 16 = timeS: Time, Elapsed [seconds]
# name 17 = scan: Scan Count
# name 18 = density00: Density [density, kg/m^3]
# name 19 = density11: Density, 2 [density, kg/m^3]
# name 20 = sal00: Salinity, Practical [PSU]
# name 21 = sal11: Salinity, Practical, 2 [PSU]
# name 22 = oxsolML/L: Oxygen Saturation, Garcia & Gordon [ml/l]
# name 23 = nbin: number of scans per bin
# name 24 = flag: flag
# span 0 =      1.000,   1130.000       
# span 1 =      1.002,   1115.266       
# span 2 =    -1.4816,     0.5092       
# span 3 =  27.088472,  29.635497       
# span 4 =    -1.4807,     0.5112       
# span 5 =  27.088372,  29.635438       
# span 6 =     4.5713,     7.7911       
# span 7 =     4.8102,     8.2208       
# span 8 =    -0.0162,    12.4436       
# span 9 =    79.4401,    98.3565       
# span 10 = 1.0000e-12, 2.4029e+03      
# span 11 =  -74.21508,  -74.21504      
# span 12 = -112.50134, -112.50126      
# span 13 =  20.845256,  20.861808      
# span 14 =       3.42,     100.29      
# span 15 = 1.5498e+03, 2.2093e+03      
# span 16 =    243.139,   1673.186      
# span 17 =       5836,      40157      
# span 18 =  1027.1828,  1033.0195      
# span 19 =  1027.1874,  1033.0175      
# span 20 =    33.7967,    34.5501      
# span 21 =    33.8016,    34.5479      
# span 22 =    7.92987,    8.38864      
# span 23 =         11,         46      
# span 24 = 0.0000e+00, 0.0000e+00      
# interval = decibars: 1                
# start_time = Jan 20 2022 20:13:07 [NMEA time, header]
# bad_flag = -9.990e-29
*END*
[from data line 348]
    349.000    345.097    -1.2096  27.532066    -1.2084  27.531605     5.9815     6.3300     0.1757    97.8396 1.0000e-12  -74.21506 -112.50132  20.851008      94.01 2.1089e+03    740.085      17763  1029.1321  1029.1303    34.1353    34.1332    8.32056         27 0.0000e+00
    350.000    346.084    -1.2144  27.528657    -1.2134  27.528237     5.9828     6.3359     0.2290    97.7254 1.0000e-12  -74.21506 -112.50132  20.851021      97.79 2.1094e+03    741.244      17791  1029.1373  1029.1358    34.1355    34.1337    8.32162         28 0.0000e+00
    351.000    347.071    -1.2191  27.525720    -1.2177  27.525394     5.9873     6.3337     0.4653    97.9072 1.0000e-12  -74.21506 -112.50132  20.851034      99.86 2.1084e+03    742.377      17818  1029.1428  1029.1411    34.1361    34.1341    8.32262         27 0.0000e+00
    352.000    348.060    -1.2203  27.525507    -1.2188  27.525060     5.9863     6.3421     0.5472    97.9615 1.0000e-12  -74.21506 -112.50132  20.851048      99.85 2.1089e+03    743.506      17845  1029.1479  1029.1460    34.1366    34.1343    8.32286         28 0.0000e+00
    353.000    349.048    -1.2202  27.526078    -1.2188  27.525653     5.9905     6.3427     0.1751    97.8913 1.0000e-12  -74.21506 -112.50132  20.851061      99.85 2.1104e+03    744.658      17873  1029.1526  1029.1508    34.1366    34.1345    8.32282         27 0.0000e+00
    354.000    350.036    -1.2206  27.526264    -1.2193  27.525781     5.9874     6.3410     0.1111    97.7577 1.0000e-12  -74.21506 -112.50132  20.851074      99.85 2.1086e+03    745.808      17900  1029.1574  1029.1556    34.1367    34.1346    8.32291         28 0.0000e+00
    355.000    351.024    -1.2217  27.525889    -1.2202  27.525604     5.9833     6.3382     0.1024    97.6637 1.0000e-12  -74.21506 -112.50132  20.851087      99.85 2.1084e+03    746.959      17928  1029.1622  1029.1605    34.1368    34.1347    8.32314         27 0.0000e+00
    356.000    352.013    -1.2225  27.525871    -1.2213  27.525316     5.9823     6.3431     0.0882    97.8776 1.0000e-12  -74.21506 -112.50132  20.851101      99.85 2.1084e+03    748.109      17956  1029.1672  1029.1655    34.1371    34.1350    8.32330         28 0.0000e+00
    357.000    352.999    -1.2216  27.527170    -1.2207  27.526326     5.9817     6.3397     0.1103    97.9140 1.0000e-12  -74.21506 -112.50132  20.851114      99.84 2.1084e+03    749.258      17983  1029.1720  1029.1703    34.1373    34.1351    8.32310         28 0.0000e+00
    358.000    353.988    -1.2218  27.528350    -1.2197  27.528460     5.9883     6.3357     0.2398    97.8534 1.0000e-12  -74.21506 -112.50132  20.851127      99.85 2.1066e+03    750.410      18011  1029.1777  1029.1759    34.1385    34.1363    8.32308         28 0.0000e+00
    359.000    354.976    -1.2231  27.527797    -1.2218  27.527346     6.0059     6.3640     0.2310    97.9703 1.0000e-12  -74.21506 -112.50132  20.851141      99.85 2.1063e+03    751.560      18038  1029.1826  1029.1809    34.1386    34.1365    8.32335         27 0.0000e+00
    360.000    355.964    -1.2324  27.520370    -1.2331  27.518896     6.0258     6.3776     0.1424    97.9853 1.0000e-12  -74.21506 -112.50132  20.851154      84.44 2.1048e+03    752.717      18066  1029.1879  1029.1871    34.1384    34.1372    8.32544         27 0.0000e+00
    361.000    356.953    -1.2639  27.496428    -1.2634  27.495755     6.0431     6.3866     0.1947    97.9908 1.0000e-12  -74.21506 -112.50132  20.851167      99.92 2.1031e+03    753.859      18094  1029.1968  1029.1956    34.1408    34.1394    8.33231         28 0.0000e+00
    362.000    357.938    -1.2665  27.496409    -1.2652  27.496022     6.0560     6.4057     0.1169    97.9110 1.0000e-12  -74.21506 -112.50132  20.851180      99.84 2.1032e+03    754.983      18121  1029.2035  1029.2017    34.1432    34.1411    8.33276         27 0.0000e+00
    363.000    358.927    -1.2772  27.488580    -1.2764  27.488503     6.0655     6.4119     0.1595    97.9906 1.0000e-12  -74.21506 -112.50132  20.851194      99.85 2.1042e+03    756.121      18148  1029.2096  1029.2086    34.1440    34.1429    8.33510         27 0.0000e+00
    364.000    359.916    -1.2910  27.478109    -1.2895  27.478241     6.0779     6.4281     0.0899    97.9341 1.0000e-12  -74.21506 -112.50132  20.851207      99.85 2.1017e+03    757.283      18176  1029.2157  1029.2143    34.1447    34.1431    8.33813         28 0.0000e+00
    365.000    360.903    -1.2977  27.473514    -1.2967  27.473187     6.0816     6.4331     0.1700    97.8721 1.0000e-12  -74.21506 -112.50132  20.851220      99.85 2.1008e+03    758.439      18204  1029.2213  1029.2199    34.1455    34.1438    8.33959         28 0.0000e+00
    366.000    361.890    -1.3090  27.465076    -1.3084  27.464457     6.0964     6.4486     0.1354    97.9838 1.0000e-12  -74.21506 -112.50132  20.851233      99.85 2.1000e+03    759.570      18231  1029.2272  1029.2259    34.1461    34.1445    8.34207         27 0.0000e+00
    367.000    362.879    -1.3177  27.458462    -1.3169  27.457801     6.0973     6.4480     0.1773    97.9737 1.0000e-12  -74.21506 -112.50132  20.851247      99.84 2.1001e+03    760.715      18258  1029.2326  1029.2310    34.1463    34.1445    8.34400         25 0.0000e+00
    368.000    363.867    -1.3190  27.458058    -1.3183  27.457117     6.0874     6.4340     0.0999    97.9798 1.0000e-12  -74.21506 -112.50132  20.851260      99.85 2.1009e+03    761.876      18286  1029.2373  1029.2357    34.1466    34.1446    8.34426         28 0.0000e+00
    369.000    364.854    -1.3183  27.460502    -1.3157  27.461104     6.0824     6.4345     0.1286    98.0162 1.0000e-12  -74.21506 -112.50132  20.851273      99.85 2.1014e+03    763.018      18313  1029.2435  1029.2416    34.1486    34.1464    8.34400         27 0.0000e+00
    370.000    365.843    -1.3155  27.463812    -1.3144  27.463458     6.0910     6.4448     0.1054    98.0415 1.0000e-12  -74.21506 -112.50132  20.851287      99.85 2.1014e+03    764.155      18341  1029.2485  1029.2471    34.1493    34.1476    8.34333         28 0.0000e+00
    371.000    366.831    -1.3271  27.454353    -1.3261  27.454138     6.0954     6.4584     0.0471    97.9320 1.0000e-12  -74.21506 -112.50132  20.851300      99.54 2.1014e+03    765.324      18369  1029.2536  1029.2524    34.1489    34.1474    8.34594         29 0.0000e+00
    372.000    367.819    -1.3376  27.445743    -1.3368  27.445361     6.1023     6.4612     0.0537    97.9554 1.0000e-12  -74.21506 -112.50132  20.851313      99.61 2.1016e+03    766.479      18396  1029.2586  1029.2574    34.1484    34.1470    8.34832         26 0.0000e+00
    373.000    368.806    -1.3430  27.442037    -1.3420  27.441325     6.1092     6.4613     0.0640    98.1214 1.0000e-12  -74.21506 -112.50132  20.851327      99.85 2.1029e+03    767.611      18424  1029.2640  1029.2623    34.1489    34.1468    8.34951         28 0.0000e+00
    374.000    369.795    -1.3416  27.443683    -1.3409  27.442817     6.0953     6.4655     0.0730    98.1286 1.0000e-12  -74.21506 -112.50132  20.851340      99.84 2.1035e+03    768.761      18451  1029.2685  1029.2669    34.1489    34.1470    8.34919         28 0.0000e+00
    375.000    370.781    -1.3413  27.444556    -1.3395  27.444877     6.1020     6.4636     0.0343    97.9350 1.0000e-12  -74.21506 -112.50132  20.851353      99.85 2.1041e+03    769.919      18479  1029.2734  1029.2720    34.1492    34.1476    8.34911         28 0.0000e+00
    376.000    371.770    -1.3419  27.444801    -1.3424  27.443037     6.1067     6.4705     0.0528    97.9346 1.0000e-12  -74.21506 -112.50132  20.851367      99.85 2.1044e+03    771.070      18507  1029.2783  1029.2770    34.1495    34.1478    8.34921         27 0.0000e+00
    377.000    372.757    -1.3437  27.443805    -1.3428  27.443204     6.1057     6.4719     0.0501    98.0031 1.0000e-12  -74.21506 -112.50132  20.851380      99.85 2.1047e+03    772.221      18534  1029.2832  1029.2817    34.1497    34.1478    8.34962         28 0.0000e+00
    378.000    373.745    -1.3453  27.443053    -1.3434  27.443231     6.1102     6.4623     0.0657    97.4640 1.0000e-12  -74.21506 -112.50132  20.851393      99.85 2.1052e+03    773.348      18561  1029.2881  1029.2865    34.1498    34.1478    8.34996         27 0.0000e+00
    379.000    374.733    -1.3437  27.444761    -1.3427  27.444207     6.1069     6.4632     0.0703    98.1027 1.0000e-12  -74.21506 -112.50132  20.851406      99.85 2.1054e+03    774.470      18588  1029.2926  1029.2911    34.1497    34.1478    8.34961         26 0.0000e+00
    380.000    375.722    -1.3454  27.443956    -1.3442  27.443604     6.1170     6.4794     0.0459    98.0076 1.0000e-12  -74.21506 -112.50132  20.851419      99.85 2.1057e+03    775.624      18616  1029.2976  1029.2961    34.1499    34.1481    8.34997         29 0.0000e+00
    381.000    376.709    -1.3560  27.435670    -1.3560  27.434658     6.1207     6.4833     0.1341    98.1066 1.0000e-12  -74.21506 -112.50132  20.851433      99.85 2.1054e+03    776.784      18644  1029.3031  1029.3021    34.1500    34.1487    8.35234         27 0.0000e+00
    382.000    377.698    -1.3685  27.425894    -1.3675  27.425421     6.1144     6.4825     0.0935    97.9252 1.0000e-12  -74.21506 -112.50132  20.851446      92.77 2.1059e+03    777.916      18671  1029.3089  1029.3074    34.1502    34.1484    8.35513         27 0.0000e+00
    383.000    378.684    -1.3615  27.433353    -1.3599  27.433008     6.0895     6.4612     0.0611    98.0449 1.0000e-12  -74.21506 -112.50132  20.851459      88.36 2.1066e+03    779.053      18698  1029.3143  1029.3123    34.1518    34.1495    8.35346         28 0.0000e+00
    384.000    379.673    -1.3511  27.443456    -1.3504  27.442014     6.0588     6.4272     0.0459    97.9638 1.0000e-12  -74.21506 -112.50130  20.851472      98.73 2.1066e+03    780.208      18726  1029.3194  1029.3172    34.1532    34.1505    8.35105         28 0.0000e+00
    385.000    380.661    -1.3157  27.475659    -1.3142  27.474557     6.0252     6.3944     0.0503    98.0893 1.0000e-12  -74.21506 -112.50132  20.851486      99.85 2.1059e+03    781.368      18754  1029.3243  1029.3216    34.1565    34.1533    8.34295         27 0.0000e+00
    386.000    381.648    -1.2959  27.494106    -1.2943  27.493314     5.9793     6.3488     0.0457    98.1332 1.0000e-12  -74.21506 -112.50131  20.851499      99.85 2.1060e+03    782.518      18781  1029.3295  1029.3270    34.1587    34.1557    8.33840         28 0.0000e+00
    387.000    382.636    -1.2448  27.541179    -1.2434  27.539410     5.9307     6.2972     0.0593    98.1139 1.0000e-12  -74.21506 -112.50131  20.851512      99.85 2.1057e+03    783.669      18809  1029.3353  1029.3321    34.1644    34.1604    8.32666         27 0.0000e+00
    388.000    383.623    -1.2022  27.580409    -1.1966  27.582127     5.8963     6.2628     0.0551    98.1611 1.0000e-12  -74.21506 -112.50131  20.851526      99.85 2.1044e+03    784.818      18837  1029.3410  1029.3374    34.1690    34.1649    8.31692         28 0.0000e+00
    389.000    384.612    -1.1641  27.614285    -1.1619  27.613993     5.8778     6.2390     0.0296    98.1712 1.0000e-12  -74.21506 -112.50131  20.851539      99.85 2.1035e+03    785.961      18864  1029.3455  1029.3430    34.1713    34.1684    8.30831         27 0.0000e+00
    390.000    385.599    -1.1490  27.628624    -1.1476  27.627919     5.8726     6.2289     0.0222    98.1226 1.0000e-12  -74.21506 -112.50132  20.851552      99.85 2.1041e+03    787.096      18891  1029.3511  1029.3491    34.1732    34.1707    8.30486         28 0.0000e+00
    391.000    386.586    -1.1439  27.633825    -1.1426  27.633117     5.8724     6.2252     0.0293    98.1833 1.0000e-12  -74.21506 -112.50130  20.851565      99.84 2.1034e+03    788.229      18918  1029.3566  1029.3546    34.1739    34.1714    8.30369         27 0.0000e+00
    392.000    387.575    -1.1435  27.634810    -1.1423  27.634193     5.8785     6.2295     0.0224    98.1721 1.0000e-12  -74.21506 -112.50130  20.851578      99.85 2.1049e+03    789.372      18946  1029.3621  1029.3602    34.1742    34.1719    8.30359         27 0.0000e+00
    393.000    388.563    -1.1430  27.635821    -1.1416  27.635225     5.8717     6.2206     0.0289    98.1728 1.0000e-12  -74.21506 -112.50130  20.851592      86.90 2.1050e+03    790.528      18974  1029.3674  1029.3654    34.1744    34.1719    8.30346         28 0.0000e+00
    394.000    389.550    -1.1422  27.637164    -1.1408  27.636533     5.8593     6.2079     0.0294    98.1929 1.0000e-12  -74.21506 -112.50130  20.851605      86.92 2.1051e+03    791.678      19001  1029.3727  1029.3706    34.1747    34.1723    8.30327         28 0.0000e+00
    395.000    390.539    -1.1299  27.649672    -1.1281  27.649085     5.8553     6.1999     0.0297    98.1770 1.0000e-12  -74.21506 -112.50130  20.851618      99.68 2.1056e+03    792.822      19029  1029.3788  1029.3764    34.1771    34.1743    8.30039         27 0.0000e+00
    396.000    391.527    -1.1197  27.659191    -1.1182  27.658494     5.8461     6.1994     0.0271    98.1683 1.0000e-12  -74.21506 -112.50130  20.851632      99.85 2.1067e+03    793.977      19056  1029.3837  1029.3815    34.1779    34.1753    8.29809         28 0.0000e+00
    397.000    392.514    -1.1168  27.662155    -1.1155  27.661465     5.8393     6.1905     0.0253    98.1188 1.0000e-12  -74.21506 -112.50130  20.851645      99.85 2.1081e+03    795.141      19084  1029.3887  1029.3867    34.1781    34.1757    8.29744         28 0.0000e+00
    398.000    393.500    -1.1126  27.666965    -1.1105  27.666445     5.8243     6.1711     0.0235    98.1657 1.0000e-12  -74.21506 -112.50130  20.851659      99.85 2.1077e+03    796.299      19112  1029.3944  1029.3918    34.1792    34.1762    8.29644         27 0.0000e+00
    399.000    394.490    -1.0969  27.681908    -1.0952  27.681312     5.8119     6.1550     0.0143    98.1968 1.0000e-12  -74.21506 -112.50130  20.851672      99.85 2.1087e+03    797.440      19140  1029.3998  1029.3974    34.1812    34.1784    8.29286         28 0.0000e+00
    400.000    395.476    -1.0849  27.693563    -1.0838  27.692341     5.8005     6.1406     0.0478    98.1875 1.0000e-12  -74.21506 -112.50130  20.851685      99.85 2.1102e+03    798.570      19167  1029.4053  1029.4028    34.1829    34.1800    8.29011         27 0.0000e+00
    401.000    396.465    -1.0754  27.702885    -1.0738  27.702322     5.7862     6.1321     0.0493    98.1826 1.0000e-12  -74.21506 -112.50130  20.851698      99.84 2.1098e+03    799.701      19194  1029.4106  1029.4084    34.1842    34.1815    8.28794         27 0.0000e+00
    402.000    397.453    -1.0688  27.709687    -1.0663  27.709794     5.7787     6.1219     0.0268    98.1662 1.0000e-12  -74.21506 -112.50130  20.851711      99.85 2.1098e+03    800.843      19221  1029.4161  1029.4138    34.1854    34.1827    8.28641         27 0.0000e+00
    403.000    398.439    -1.0573  27.721045    -1.0552  27.720579     5.7659     6.1133     0.0336    98.1683 1.0000e-12  -74.21506 -112.50130  20.851724      99.85 2.1103e+03    801.983      19249  1029.4217  1029.4192    34.1871    34.1842    8.28375         27 0.0000e+00
    404.000    399.428    -1.0488  27.729265    -1.0470  27.728750     5.7536     6.1009     0.0328    98.1784 1.0000e-12  -74.21506 -112.50130  20.851737      99.85 2.1104e+03    803.112      19276  1029.4269  1029.4245    34.1881    34.1853    8.28183         28 0.0000e+00
    405.000    400.416    -1.0351  27.742462    -1.0330  27.742057     5.7486     6.0882     0.0248    98.1774 1.0000e-12  -74.21506 -112.50130  20.851751      84.66 2.1120e+03    804.262      19303  1029.4322  1029.4298    34.1898    34.1869    8.27869         28 0.0000e+00
