ocean_section_plots/required_files/ctd/dnbp2202_ctd157.cnv
* Sea-Bird SBE 9 Data File:
* FileName = D:\Data\raw\NBP2202_CTD157.hex
* Software Version Seasave V 7.26.7.121
* Temperature SN = 1649
* Conductivity SN = 2513
* Number of Bytes Per Scan = 40
* Number of Voltage Words = 5
* Number of Scans Averaged by the Deck Unit = 1
* NMEA Latitude = 74 13.67 S
* NMEA Longitude = 112 04.02 W
* NMEA UTC (Time) = Jan 31 2022  21:24:04
* NMEA baud rate = 9600
** Ship: RVIB N.B. Palmer
** Cruise: NBP2202 Thwaites
** Station: 79
** Operator: A. Robinson
# nquan = 28
# nvalues = 504                         
# units = specified
# name 0 = prDM: Pressure, Digiquartz [db]
# name 1 = depSM: Depth [salt water, m]
# name 2 = t090C: Temperature [ITS-90, deg C]
# name 3 = c0mS/cm: Conductivity [mS/cm]
# name 4 = t190C: Temperature, 2 [ITS-90, deg C]
# name 5 = c1mS/cm: Conductivity, 2 [mS/cm]
# name 6 = sbeox0ML/L: Oxygen, SBE 43 [ml/l]
# name 7 = sbeox1ML/L: Oxygen, SBE 43, 2 [ml/l]
# name 8 = flECO-AFL: Fluorescence, WET Labs ECO-AFL/FL [mg/m^3]
# name 9 = CStarTr0: Beam Transmission, WET Labs C-Star [%]
# name 10 = par: PAR/Irradiance, Biospherical/Licor
# name 11 = latitude: Latitude [deg]
# name 12 = longitude: Longitude [deg]
# name 13 = timeJ: Julian Days
# name 14 = altM: Altimeter [m]
# name 15 = spar: SPAR, Biospherical/Licor
# name 16 = timeS: Time, Elapsed [seconds]
# name 17 = scan: Scan Count
# name 18 = density00: Density [density, kg/m^3]
# name 19 = density11: Density, 2 [density, kg/m^3]
# name 20 = v3: Voltage 3
# name 21 = v4: Voltage 4
# name 22 = v5: Voltage 5
# name 23 = sal00: Salinity, Practical [PSU]
# name 24 = sal11: Salinity, Practical, 2 [PSU]
# name 25 = oxsolML/L: Oxygen Saturation, Garcia & Gordon [ml/l]
# name 26 = nbin: number of scans per bin
# name 27 = flag: flag
# span 0 =      3.000,    506.000       
# span 1 =      2.970,    500.154       
# span 2 =    -1.4530,    -0.1114       
# span 3 =  26.998290,  28.668731       
# span 4 =    -1.4533,    -0.1093       
# span 5 =  26.998484,  28.668420       
# span 6 =     4.8676,     8.7083       
# span 7 =     4.9792,     8.6329       
# span 8 =     0.0036,    15.9353       
# span 9 =    71.1527,    93.6871       
# span 10 = 1.0000e-12, 9.5185e+02      
# span 11 =  -74.22789,  -74.22786      
# span 12 = -112.06706, -112.06700      
# span 13 =  31.894357,  31.901952      
# span 14 =      73.79,     107.18      
# span 15 = 1.9155e+03, 1.9423e+03      
# span 16 =    228.428,    884.667      
# span 17 =       5483,      21233      
# span 18 =  1027.1957,  1029.9728      
# span 19 =  1027.1944,  1029.9715      
# span 20 =     3.3761,     4.4444      
# span 21 =     0.0695,     2.4061      
# span 22 =     0.1150,     0.2138      
# span 23 =    33.7976,    34.3325      
# span 24 =    33.8007,    34.3298      
# span 25 =    8.07115,    8.38439      
# span 26 =         16,         47      
# span 27 = 0.0000e+00, 0.0000e+00      
# interval = decibars: 1                
# start_time = Jan 31 2022 21:24:04 [NMEA time, header]
# bad_flag = -9.990e-29
*END*
[from data line 52]
     55.000     54.424    -1.2991  27.115867    -1.3009  27.114580     6.7682     6.9645     7.5881    84.2609 1.2447e-02  -74.22788 -112.06703  31.896030      99.51 1.9254e+03    372.973       8952  1027.4946  1027.4949     3.9976     1.2287     0.1589    33.8486    33.8489    8.35747         35 0.0000e+00
     56.000     55.413    -1.3129  27.105279    -1.3144  27.105009     6.6360     6.8484     6.9523    84.0912 4.5551e-03  -74.22788 -112.06702  31.896049      99.54 1.9259e+03    374.662       8993  1027.5007  1027.5018     3.9894     1.1760     0.1571    33.8491    33.8503    8.36055         33 0.0000e+00
     57.000     56.402    -1.3481  27.076881    -1.3486  27.077569     6.5806     6.7929     5.7436    84.3826 4.6094e-05  -74.22788 -112.06702  31.896065      99.57 1.9258e+03    375.987       9025  1027.5077  1027.5090     4.0032     1.1065     0.1495    33.8493    33.8508    8.36843         31 0.0000e+00
     58.000     57.391    -1.3607  27.067248    -1.3628  27.065549     6.5687     6.7667     5.3537    84.7088 1.0000e-12  -74.22788 -112.06702  31.896081      99.63 1.9252e+03    377.385       9058  1027.5135  1027.5136     4.0188     0.9239     0.1496    33.8497    33.8497    8.37123         37 0.0000e+00
     59.000     58.381    -1.3608  27.067643    -1.3603  27.067929     6.5545     6.7530     6.0119    84.4119 1.0000e-12  -74.22788 -112.06702  31.896100      99.29 1.9269e+03    379.072       9099  1027.5180  1027.5179     4.0049     0.9620     0.1398    33.8496    33.8495    8.37124         34 0.0000e+00
     60.000     59.370    -1.3780  27.052815    -1.3801  27.052255     6.6279     6.8166     5.9709    84.5006 1.0000e-12  -74.22788 -112.06702  31.896119      98.82 1.9260e+03    380.655       9137  1027.5225  1027.5238     4.0090     0.9222     0.1528    33.8482    33.8497    8.37521         33 0.0000e+00
     61.000     60.359    -1.3893  27.046296    -1.3895  27.046020     6.7097     6.8869     4.2729    85.1749 1.0000e-12  -74.22788 -112.06702  31.896133      99.67 1.9265e+03    381.882       9166  1027.5304  1027.5302     4.0406     0.8396     0.1474    33.8514    33.8512    8.37756         27 0.0000e+00
     62.000     61.349    -1.3744  27.062191    -1.3740  27.062450     6.7319     6.9104     4.7695    85.4476 1.0000e-12  -74.22788 -112.06702  31.896147      99.66 1.9268e+03    383.114       9196  1027.5376  1027.5374     4.0538     0.8428     0.1478    33.8557    33.8556    8.37394         33 0.0000e+00
     63.000     62.339    -1.3698  27.071756    -1.3698  27.072055     6.7202     6.9070     5.4005    85.9538 1.0000e-12  -74.22788 -112.06702  31.896166      99.66 1.9261e+03    384.766       9235  1027.5480  1027.5482     4.0777     0.8543     0.1434    33.8631    33.8634    8.37248         34 0.0000e+00
     64.000     63.324    -1.3704  27.075398    -1.3705  27.075380     6.7111     6.8927     4.5318    86.0329 1.0000e-12  -74.22788 -112.06702  31.896185      99.68 1.9260e+03    386.375       9274  1027.5568  1027.5569     4.0815     0.7941     0.1478    33.8681    33.8682    8.37230         31 0.0000e+00
     65.000     64.321    -1.3707  27.075704    -1.3710  27.075700     6.7057     6.8887     4.3223    85.7158 1.0000e-12  -74.22788 -112.06702  31.896198      99.69 1.9265e+03    387.526       9302  1027.5617  1027.5620     4.0666     0.7654     0.1446    33.8683    33.8686    8.37238         26 0.0000e+00
     66.000     65.306    -1.3709  27.076211    -1.3711  27.076177     6.7008     6.8952     4.8718    86.1728 1.0000e-12  -74.22788 -112.06702  31.896212      99.68 1.9253e+03    388.701       9330  1027.5667  1027.5669     4.0881     0.7900     0.1494    33.8686    33.8687    8.37240         28 0.0000e+00
     67.000     66.296    -1.3710  27.076605    -1.3708  27.076630     6.7003     6.8927     5.8157    85.5054 1.0000e-12  -74.22788 -112.06703  31.896229      99.66 1.9252e+03    390.175       9365  1027.5714  1027.5714     4.0565     0.8506     0.1384    33.8685    33.8684    8.37241         38 0.0000e+00
     68.000     67.285    -1.3709  27.077221    -1.3709  27.077235     6.6912     6.8776     6.0148    85.9940 1.0000e-12  -74.22788 -112.06702  31.896247      99.48 1.9260e+03    391.716       9402  1027.5764  1027.5764     4.0796     0.7687     0.1463    33.8687    33.8687    8.37239         32 0.0000e+00
     69.000     68.274    -1.3708  27.077916    -1.3708  27.077986     6.6199     6.8122     5.5722    85.6380 1.0000e-12  -74.22788 -112.06702  31.896261      98.48 1.9251e+03    392.964       9432  1027.5813  1027.5814     4.0628     0.7715     0.1449    33.8689    33.8690    8.37236         29 0.0000e+00
     70.000     69.264    -1.3718  27.077843    -1.3723  27.077776     6.4958     6.7023     5.6103    85.2818 1.0000e-12  -74.22788 -112.06702  31.896275      99.66 1.9248e+03    394.191       9462  1027.5865  1027.5869     4.0459     0.8022     0.1507    33.8693    33.8698    8.37255         31 0.0000e+00
     71.000     70.252    -1.3797  27.074749    -1.3798  27.074756     6.3941     6.6042     5.6660    85.7722 1.0000e-12  -74.22788 -112.06702  31.896291      99.67 1.9246e+03    395.575       9495  1027.5950  1027.5951     4.0691     0.8398     0.1438    33.8734    33.8735    8.37409         35 0.0000e+00
     72.000     71.242    -1.3833  27.073332    -1.3835  27.073349     6.3230     6.5309     5.3066    85.8258 1.0000e-12  -74.22788 -112.06702  31.896307      99.68 1.9251e+03    396.946       9528  1027.6013  1027.6014     4.0717     0.8180     0.1493    33.8749    33.8751    8.37481         30 0.0000e+00
     73.000     72.231    -1.3887  27.071143    -1.3891  27.071217     6.3132     6.5181     4.3836    85.7872 1.0000e-12  -74.22788 -112.06702  31.896321      99.70 1.9251e+03    398.161       9557  1027.6084  1027.6088     4.0698     0.7145     0.1422    33.8774    33.8779    8.37588         29 0.0000e+00
     74.000     73.220    -1.4001  27.068092    -1.3992  27.068403     6.3384     6.5272     3.9513    85.6124 1.0000e-12  -74.22788 -112.06702  31.896336      99.71 1.9251e+03    399.398       9587  1027.6203  1027.6198     4.0616     0.6989     0.1459    33.8855    33.8849    8.37795         31 0.0000e+00
     75.000     74.211    -1.4030  27.070006    -1.4029  27.070041     6.3685     6.5456     3.1907    86.0287 1.0000e-12  -74.22788 -112.06702  31.896351      99.72 1.9247e+03    400.741       9619  1027.6295  1027.6294     4.0813     0.6464     0.1430    33.8908    33.8907    8.37829         33 0.0000e+00
     76.000     75.200    -1.4035  27.071786    -1.4036  27.071620     6.4224     6.5941     4.0385    85.4237 1.0000e-12  -74.22788 -112.06702  31.896367      99.72 1.9255e+03    402.078       9651  1027.6362  1027.6360     4.0527     0.6515     0.1531    33.8932    33.8931    8.37826         31 0.0000e+00
     77.000     76.188    -1.4023  27.074888    -1.4024  27.074646     6.4716     6.6394     3.9931    86.6176 1.0000e-12  -74.22788 -112.06702  31.896381      99.73 1.9259e+03    403.284       9680  1027.6426  1027.6424     4.1092     0.5850     0.1363    33.8954    33.8952    8.37785         27 0.0000e+00
     78.000     77.178    -1.4003  27.079612    -1.4002  27.079639     6.4891     6.6553     3.0653    86.7068 1.0000e-12  -74.22788 -112.06702  31.896394      99.73 1.9262e+03    404.444       9708  1027.6502  1027.6501     4.1134     0.6269     0.1408    33.8991    33.8990    8.37719         29 0.0000e+00
     79.000     78.168    -1.3995  27.081112    -1.3995  27.081288     6.4987     6.6659     3.5237    87.0114 1.0000e-12  -74.22788 -112.06702  31.896408      92.54 1.9249e+03    405.686       9737  1027.6554  1027.6555     4.1279     0.6934     0.1393    33.8996    33.8999    8.37698         31 0.0000e+00
     80.000     79.157    -1.3997  27.082356    -1.3996  27.082243     6.5294     6.6911     4.5081    87.2152 1.0000e-12  -74.22788 -112.06702  31.896424      99.82 1.9268e+03    407.015       9769  1027.6612  1027.6609     4.1376     0.6485     0.1438    33.9009    33.9006    8.37695         31 0.0000e+00
     81.000     80.146    -1.3994  27.085788    -1.3995  27.085467     6.5623     6.7196     4.4454    87.4749 1.0000e-12  -74.22788 -112.06702  31.896438      99.73 1.9269e+03    408.214       9798  1027.6690  1027.6687     4.1499     0.5892     0.1375    33.9046    33.9044    8.37665         27 0.0000e+00
     82.000     81.135    -1.3986  27.087814    -1.3986  27.087730     6.5821     6.7457     4.0708    87.8392 1.0000e-12  -74.22788 -112.06702  31.896451      99.71 1.9267e+03    409.335       9825  1027.6748  1027.6746     4.1671     0.7090     0.1475    33.9060    33.9058    8.37640         28 0.0000e+00
     83.000     82.124    -1.3980  27.089718    -1.3980  27.089674     6.5941     6.7612     4.5651    87.4505 1.0000e-12  -74.22788 -112.06703  31.896465      99.70 1.9227e+03    410.544       9854  1027.6806  1027.6805     4.1489     0.7381     0.1361    33.9073    33.9072    8.37619         30 0.0000e+00
     84.000     83.114    -1.3983  27.090895    -1.3981  27.090769     6.5993     6.7653     4.1233    87.1779 1.0000e-12  -74.22788 -112.06703  31.896480      99.69 1.9268e+03    411.858       9886  1027.6864  1027.6861     4.1358     0.7435     0.1377    33.9085    33.9081    8.37617         32 0.0000e+00
     85.000     84.102    -1.4013  27.091640    -1.4011  27.091676     6.5945     6.7504     5.6685    87.0954 1.0000e-12  -74.22788 -112.06702  31.896494      99.68 1.9267e+03    413.118       9916  1027.6945  1027.6944     4.1319     0.7839     0.1426    33.9124    33.9122    8.37662         29 0.0000e+00
     86.000     85.092    -1.4058  27.091202    -1.4056  27.091179     6.5827     6.7512     4.3042    86.7738 1.0000e-12  -74.22788 -112.06704  31.896508      99.72 1.9243e+03    414.249       9943  1027.7027  1027.7025     4.1166     0.6147     0.1422    33.9162    33.9160    8.37740         25 0.0000e+00
     87.000     86.081    -1.4070  27.091239    -1.4066  27.091347     6.5766     6.7582     4.1306    86.8802 1.0000e-12  -74.22788 -112.06702  31.896519      99.73 1.9267e+03    415.269       9967  1027.7082  1027.7080     4.1217     0.6111     0.1416    33.9171    33.9168    8.37763         24 0.0000e+00
     88.000     87.071    -1.4082  27.091216    -1.4088  27.090892     6.5701     6.7481     3.7976    87.1138 1.0000e-12  -74.22788 -112.06704  31.896531      99.73 1.9260e+03    416.275       9992  1027.7136  1027.7138     4.1327     0.6078     0.1416    33.9178    33.9180    8.37785         25 0.0000e+00
     89.000     88.059    -1.4114  27.090137    -1.4112  27.090206     6.5495     6.7285     4.0996    87.2059 1.0000e-12  -74.22788 -112.06704  31.896544      99.70 1.9263e+03    417.443      10020  1027.7198  1027.7197     4.1371     0.7240     0.1536    33.9193    33.9192    8.37848         31 0.0000e+00
     90.000     89.050    -1.4159  27.088413    -1.4156  27.088595     6.5232     6.7122     4.7126    87.2797 1.0000e-12  -74.22788 -112.06704  31.896560      93.61 1.9270e+03    418.748      10051  1027.7266  1027.7264     4.1406     0.8609     0.1470    33.9214    33.9213    8.37937         30 0.0000e+00
     91.000     90.035    -1.4203  27.085920    -1.4204  27.085901     6.5152     6.7033     3.2984    86.6704 1.0000e-12  -74.22788 -112.06704  31.896573      99.77 1.9242e+03    419.881      10078  1027.7324  1027.7325     4.1118     0.5835     0.1359    33.9224    33.9225    8.38031         25 0.0000e+00
     92.000     91.030    -1.4234  27.084556    -1.4223  27.085155     6.5045     6.6919     3.6443    87.5151 1.0000e-12  -74.22788 -112.06704  31.896585      99.74 1.9241e+03    420.915      10103  1027.7381  1027.7378     4.1518     0.5487     0.1457    33.9233    33.9230    8.38094         25 0.0000e+00
     93.000     92.016    -1.4215  27.086324    -1.4208  27.086677     6.4774     6.6656     3.6008    87.5198 1.0000e-12  -74.22788 -112.06704  31.896597      99.74 1.9239e+03    421.962      10128  1027.7424  1027.7421     4.1520     0.5955     0.1435    33.9230    33.9227    8.38053         26 0.0000e+00
     94.000     93.005    -1.4258  27.084231    -1.4253  27.084529     6.4555     6.6398     3.3935    87.2775 1.0000e-12  -74.22788 -112.06704  31.896610      99.74 1.9248e+03    423.098      10155  1027.7486  1027.7484     4.1406     0.5462     0.1401    33.9244    33.9242    8.38142         28 0.0000e+00
     95.000     93.995    -1.4319  27.082145    -1.4317  27.082145     6.4349     6.6257     4.0706    87.5963 1.0000e-12  -74.22788 -112.06704  31.896623      99.74 1.9232e+03    424.256      10183  1027.7565  1027.7563     4.1557     0.5262     0.1410    33.9279    33.9276    8.38259         27 0.0000e+00
     96.000     94.984    -1.4343  27.082058    -1.4344  27.081972     6.4350     6.6139     4.0066    87.9773 1.0000e-12  -74.22788 -112.06704  31.896637      99.75 1.9252e+03    425.448      10212  1027.7630  1027.7629     4.1737     0.5228     0.1356    33.9298    33.9298    8.38301         30 0.0000e+00
     97.000     95.973    -1.4370  27.081501    -1.4369  27.081478     6.4282     6.6085     3.7334    87.5508 1.0000e-12  -74.22788 -112.06703  31.896651      99.76 1.9245e+03    426.663      10241  1027.7692  1027.7691     4.1535     0.4578     0.1360    33.9315    33.9313    8.38352         28 0.0000e+00
     98.000     96.964    -1.4383  27.080914    -1.4377  27.081381     6.4291     6.6003     3.5190    88.6442 1.0000e-12  -74.22788 -112.06703  31.896665      99.75 1.9208e+03    427.817      10269  1027.7741  1027.7740     4.2053     0.4798     0.1403    33.9316    33.9315    8.38381         27 0.0000e+00
     99.000     97.952    -1.4402  27.080329    -1.4399  27.080428     6.4253     6.6003     3.1682    88.0009 1.0000e-12  -74.22788 -112.06703  31.896677      99.75 1.9235e+03    428.905      10295  1027.7794  1027.7794     4.1748     0.5253     0.1499    33.9322    33.9321    8.38419         26 0.0000e+00
    100.000     98.941    -1.4408  27.080793    -1.4408  27.080686     6.4229     6.5998     2.8076    88.9695 1.0000e-12  -74.22788 -112.06703  31.896690      99.75 1.9232e+03    429.992      10321  1027.7849  1027.7847     4.2208     0.5036     0.1418    33.9330    33.9327    8.38429         27 0.0000e+00
    101.000     99.930    -1.4410  27.081276    -1.4410  27.081271     6.4150     6.5949     2.4541    88.5133 1.0000e-12  -74.22788 -112.06702  31.896703      99.64 1.9215e+03    431.180      10349  1027.7898  1027.7898     4.1993     0.5145     0.1444    33.9332    33.9332    8.38432         30 0.0000e+00
    102.000    100.919    -1.4406  27.082651    -1.4407  27.082320     6.4128     6.5875     1.9528    88.7778 1.0000e-12  -74.22788 -112.06704  31.896719      96.34 1.9233e+03    432.479      10380  1027.7952  1027.7949     4.2115     0.4352     0.1384    33.9340    33.9336    8.38417         31 0.0000e+00
    103.000    101.908    -1.4400  27.083926    -1.4398  27.083970     6.4157     6.5845     2.7741    89.1968 1.0000e-12  -74.22788 -112.06703  31.896732      99.83 1.9230e+03    433.669      10409  1027.8002  1027.8002     4.2315     0.4264     0.1371    33.9344    33.9343    8.38401         26 0.0000e+00
    104.000    102.899    -1.4395  27.084917    -1.4394  27.085037     6.4121     6.5774     2.7120    88.5744 1.0000e-12  -74.22788 -112.06703  31.896744      99.76 1.9225e+03    434.704      10434  1027.8052  1027.8052     4.2023     0.4771     0.1408    33.9347    33.9346    8.38390         24 0.0000e+00
    105.000    103.886    -1.4363  27.088759    -1.4363  27.088311     6.4030     6.5684     2.1460    89.0778 1.0000e-12  -74.22788 -112.06703  31.896756      99.76 1.9239e+03    435.688      10458  1027.8106  1027.8101     4.2256     0.4647     0.1466    33.9357    33.9350    8.38311         24 0.0000e+00
