ocean_section_plots/required_files/ctd/dnbp2202_ctd255.cnv
* Sea-Bird SBE 9 Data File:
* FileName = D:\Data\raw\NBP2202_CTD255.hex
* Software Version Seasave V 7.26.7.121
* Temperature SN = 1649
* Conductivity SN = 2513
* Number of Bytes Per Scan = 40
* Number of Voltage Words = 5
* Number of Scans Averaged by the Deck Unit = 1
* NMEA Latitude = 74 02.54 S
* NMEA Longitude = 117 41.66 W
* NMEA UTC (Time) = Feb 15 2022  19:39:06
* NMEA baud rate = 9600
** Ship: RVIB N.B. Palmer
** Cruise: NBP2202 Thwaites
** Station: 163
** Operator: A. Robinson
# nquan = 28
# nvalues = 729                         
# units = specified
# name 0 = prDM: Pressure, Digiquartz [db]
# name 1 = depSM: Depth [salt water, m]
# name 2 = t090C: Temperature [ITS-90, deg C]
# name 3 = c0mS/cm: Conductivity [mS/cm]
# name 4 = t190C: Temperature, 2 [ITS-90, deg C]
# name 5 = c1mS/cm: Conductivity, 2 [mS/cm]
# name 6 = sbeox0ML/L: Oxygen, SBE 43 [ml/l]
# name 7 = sbeox1ML/L: Oxygen, SBE 43, 2 [ml/l]
# name 8 = flECO-AFL: Fluorescence, WET Labs ECO-AFL/FL [mg/m^3]
# name 9 = CStarTr0: Beam Transmission, WET Labs C-Star [%]
# name 10 = par: PAR/Irradiance, Biospherical/Licor
# name 11 = latitude: Latitude [deg]
# name 12 = longitude: Longitude [deg]
# name 13 = timeJ: Julian Days
# name 14 = altM: Altimeter [m]
# name 15 = spar: SPAR, Biospherical/Licor
# name 16 = timeS: Time, Elapsed [seconds]
# name 17 = scan: Scan Count
# name 18 = density00: Density [density, kg/m^3]
# name 19 = density11: Density, 2 [density, kg/m^3]
# name 20 = v3: Voltage 3
# name 21 = v4: Voltage 4
# name 22 = v5: Voltage 5
# name 23 = sal00: Salinity, Practical [PSU]
# name 24 = sal11: Salinity, Practical, 2 [PSU]
# name 25 = oxsolML/L: Oxygen Saturation, Garcia & Gordon [ml/l]
# name 26 = nbin: number of scans per bin
# name 27 = flag: flag
# span 0 =      2.000,    730.000       
# span 1 =      1.977,    721.174       
# span 2 =    -1.7598,     0.6159       
# span 3 =  27.032825,  29.558431       
# span 4 =    -1.7587,     0.6191       
# span 5 =  27.032548,  29.559394       
# span 6 =     4.6348,     9.0115       
# span 7 =     4.7469,     9.2924       
# span 8 =     0.0545,    12.4199       
# span 9 =    83.6422,    96.1954       
# span 10 = 1.0000e-12, 4.1559e+02      
# span 11 =  -74.04240,  -74.04238      
# span 12 = -117.69440, -117.69436      
# span 13 =  46.821832,  46.832147      
# span 14 =       2.64,      99.99      
# span 15 = 8.7815e+02, 8.8960e+02      
# span 16 =    260.303,   1151.496      
# span 17 =       6248,      27637      
# span 18 =  1027.1785,  1031.1533      
# span 19 =  1027.1771,  1031.1511      
# span 20 =     3.9681,     4.5634      
# span 21 =     0.0743,     1.9417      
# span 22 =     0.1151,     0.2047      
# span 23 =    33.8231,    34.5573      
# span 24 =    33.8214,    34.5544      
# span 25 =    7.90768,    8.44586      
# span 26 =         20,         47      
# span 27 = 0.0000e+00, 0.0000e+00      
# interval = decibars: 1                
# start_time = Feb 15 2022 19:39:06 [NMEA time, header]
# bad_flag = -9.990e-29
*END*
[from data line 415]
    417.000    412.270    -1.6912  27.157502    -1.6900  27.157063     6.3446     6.5080     0.8319    95.1392 1.0000e-12  -74.04238 -117.69438  46.827818      99.92 8.7974e+02    777.439      18660  1029.4695  1029.4679     4.5133     0.1409     0.1218    34.1268    34.1248    8.42935         28 0.0000e+00
    418.000    413.260    -1.6902  27.159165    -1.6889  27.158758     6.3345     6.4991     0.7154    95.0880 1.0000e-12  -74.04238 -117.69438  46.827831      99.92 8.8140e+02    778.559      18686  1029.4747  1029.4730     4.5109     0.1500     0.1220    34.1273    34.1253    8.42909         27 0.0000e+00
    419.000    414.246    -1.6897  27.160436    -1.6885  27.160132     6.3377     6.4929     0.8913    94.7800 1.0000e-12  -74.04238 -117.69438  46.827844      99.92 8.7970e+02    779.697      18714  1029.4800  1029.4784     4.4962     0.1702     0.1259    34.1279    34.1261    8.42895         27 0.0000e+00
    420.000    415.234    -1.6876  27.163478    -1.6861  27.163186     6.3458     6.4977     0.5246    94.8001 1.0000e-12  -74.04238 -117.69438  46.827857      99.91 8.7982e+02    780.812      18740  1029.4855  1029.4838     4.4973     0.1437     0.1219    34.1290    34.1270    8.42839         26 0.0000e+00
    421.000    416.222    -1.6851  27.166386    -1.6841  27.165781     6.3260     6.4891     0.5601    94.5535 1.0000e-12  -74.04238 -117.69438  46.827869      99.91 8.8186e+02    781.924      18767  1029.4907  1029.4890     4.4855     0.1554     0.1210    34.1296    34.1276    8.42779         28 0.0000e+00
    422.000    417.210    -1.6820  27.169962    -1.6807  27.169564     6.3298     6.4917     0.5760    94.9204 1.0000e-12  -74.04238 -117.69438  46.827883      99.92 8.7971e+02    783.067      18795  1029.4960  1029.4943     4.5029     0.1369     0.1182    34.1305    34.1284    8.42705         27 0.0000e+00
    423.000    418.196    -1.6790  27.173515    -1.6777  27.173201     6.3364     6.4952     0.8327    94.5962 1.0000e-12  -74.04238 -117.69438  46.827896      92.63 8.8003e+02    784.174      18821  1029.5013  1029.4996     4.4876     0.1378     0.1218    34.1314    34.1293    8.42632         25 0.0000e+00
    424.000    419.186    -1.6777  27.175291    -1.6767  27.174791     6.3384     6.4984     0.7160    94.8791 1.0000e-12  -74.04238 -117.69438  46.827908      99.94 8.8125e+02    785.254      18847  1029.5063  1029.5048     4.5010     0.1409     0.1200    34.1317    34.1298    8.42599         27 0.0000e+00
    425.000    420.172    -1.6781  27.175531    -1.6769  27.175148     6.3336     6.4957     0.5476    94.8842 1.0000e-12  -74.04238 -117.69438  46.827921      99.92 8.7969e+02    786.392      18874  1029.5113  1029.5097     4.5013     0.1636     0.1218    34.1318    34.1299    8.42607         28 0.0000e+00
    426.000    421.159    -1.6770  27.177338    -1.6755  27.176990     6.3247     6.4892     0.5281    94.6824 1.0000e-12  -74.04238 -117.69438  46.827934      99.91 8.7968e+02    787.525      18902  1029.5166  1029.5147     4.4916     0.1842     0.1217    34.1325    34.1303    8.42579         26 0.0000e+00
    427.000    422.148    -1.6714  27.183109    -1.6697  27.183058     6.3247     6.4846     0.5847    95.2397 1.0000e-12  -74.04238 -117.69438  46.827947      99.91 8.8218e+02    788.598      18927  1029.5217  1029.5200     4.5180     0.1718     0.1215    34.1334    34.1314    8.42445         25 0.0000e+00
    428.000    423.135    -1.6685  27.186198    -1.6667  27.186380     6.3250     6.4843     0.3881    95.2438 1.0000e-12  -74.04238 -117.69438  46.827959      99.92 8.7987e+02    789.688      18954  1029.5267  1029.5251     4.5182     0.1382     0.1208    34.1338    34.1320    8.42378         28 0.0000e+00
    429.000    424.123    -1.6658  27.189590    -1.6645  27.189319     6.3255     6.4788     0.5691    95.1964 1.0000e-12  -74.04238 -117.69438  46.827972      99.92 8.7968e+02    790.808      18980  1029.5322  1029.5305     4.5160     0.1645     0.1213    34.1348    34.1329    8.42311         26 0.0000e+00
    430.000    425.111    -1.6654  27.190594    -1.6640  27.190373     6.3175     6.4883     0.6108    95.2813 1.0000e-12  -74.04238 -117.69438  46.827985      99.92 8.8199e+02    791.928      19007  1029.5372  1029.5355     4.5201     0.1522     0.1204    34.1351    34.1332    8.42299         27 0.0000e+00
    431.000    426.098    -1.6670  27.189778    -1.6657  27.189617     6.3205     6.4767     0.4702    94.7875 1.0000e-12  -74.04238 -117.69438  46.827999      99.91 8.8017e+02    793.074      19035  1029.5422  1029.5408     4.4966     0.1582     0.1240    34.1352    34.1334    8.42336         28 0.0000e+00
    432.000    427.085    -1.6683  27.189544    -1.6669  27.189425     6.3268     6.4769     0.3491    95.1559 1.0000e-12  -74.04238 -117.69438  46.828012      99.92 8.7968e+02    794.197      19062  1029.5475  1029.5460     4.5141     0.1344     0.1205    34.1357    34.1339    8.42361         26 0.0000e+00
    433.000    428.075    -1.6674  27.190947    -1.6660  27.190790     6.3319     6.4825     0.3921    95.2219 1.0000e-12  -74.04238 -117.69438  46.828024      96.53 8.8144e+02    795.270      19087  1029.5525  1029.5510     4.5173     0.1431     0.1211    34.1359    34.1342    8.42339         26 0.0000e+00
    434.000    429.061    -1.6672  27.191714    -1.6656  27.191682     6.3261     6.4840     0.7446    95.1396 1.0000e-12  -74.04238 -117.69438  46.828037      82.51 8.8013e+02    796.387      19114  1029.5575  1029.5559     4.5133     0.1406     0.1230    34.1362    34.1343    8.42333         28 0.0000e+00
    435.000    430.048    -1.6664  27.193148    -1.6651  27.192841     6.3211     6.4778     0.7461    95.1785 1.0000e-12  -74.04238 -117.69438  46.828050      95.99 8.7968e+02    797.543      19142  1029.5626  1029.5610     4.5151     0.1441     0.1263    34.1366    34.1347    8.42313         27 0.0000e+00
    436.000    431.037    -1.6603  27.199875    -1.6591  27.199192     6.3106     6.4819     1.0280    95.1873 1.0000e-12  -74.04238 -117.69438  46.828063      99.89 8.8136e+02    798.640      19168  1029.5683  1029.5664     4.5155     0.2372     0.1264    34.1383    34.1360    8.42163         26 0.0000e+00
    437.000    432.024    -1.6594  27.201244    -1.6581  27.201025     6.3121     6.4783     0.4262    95.2783 1.0000e-12  -74.04238 -117.69438  46.828076      99.92 8.8056e+02    799.728      19194  1029.5734  1029.5718     4.5199     0.1549     0.1253    34.1386    34.1368    8.42142         26 0.0000e+00
    438.000    433.011    -1.6613  27.200423    -1.6601  27.200064     6.3213     6.4816     0.7985    95.2221 1.0000e-12  -74.04238 -117.69438  46.828088      99.91 8.7974e+02    800.838      19221  1029.5786  1029.5771     4.5173     0.1357     0.1255    34.1391    34.1372    8.42183         27 0.0000e+00
    439.000    433.997    -1.6615  27.200687    -1.6602  27.200465     6.3183     6.4735     0.7817    95.1286 1.0000e-12  -74.04238 -117.69438  46.828101      99.92 8.8046e+02    801.919      19247  1029.5834  1029.5819     4.5128     0.1414     0.1230    34.1390    34.1372    8.42187         25 0.0000e+00
    440.000    434.988    -1.6620  27.201005    -1.6606  27.200740     6.3153     6.4744     0.5165    95.0762 1.0000e-12  -74.04238 -117.69438  46.828113      99.90 8.8151e+02    803.004      19273  1029.5885  1029.5869     4.5103     0.2372     0.1263    34.1393    34.1374    8.42196         27 0.0000e+00
    441.000    435.973    -1.6621  27.201706    -1.6607  27.201285     6.3249     6.4777     0.4801    95.0399 1.0000e-12  -74.04238 -117.69438  46.828127      99.91 8.7967e+02    804.133      19300  1029.5937  1029.5919     4.5086     0.2583     0.1270    34.1398    34.1377    8.42195         27 0.0000e+00
    442.000    436.962    -1.6617  27.202556    -1.6604  27.202273     6.3222     6.4805     0.8924    95.0656 1.0000e-12  -74.04238 -117.69438  46.828139      99.91 8.8022e+02    805.233      19327  1029.5986  1029.5970     4.5098     0.1843     0.1334    34.1399    34.1381    8.42186         26 0.0000e+00
    443.000    437.948    -1.6611  27.203904    -1.6599  27.203428     6.3382     6.4816     0.4542    94.9259 1.0000e-12  -74.04238 -117.69438  46.828152      99.91 8.8209e+02    806.332      19353  1029.6038  1029.6021     4.5032     0.1516     0.1202    34.1406    34.1385    8.42170         27 0.0000e+00
    444.000    438.937    -1.6619  27.203841    -1.6606  27.203612     6.3158     6.4837     0.8836    95.1035 1.0000e-12  -74.04238 -117.69438  46.828165      99.91 8.7974e+02    807.461      19380  1029.6088  1029.6073     4.5116     0.1980     0.1245    34.1407    34.1389    8.42186         27 0.0000e+00
    445.000    439.923    -1.6641  27.202739    -1.6626  27.202686     6.3174     6.4833     0.4395    95.1021 1.0000e-12  -74.04238 -117.69438  46.828178      99.92 8.8042e+02    808.549      19406  1029.6141  1029.6125     4.5116     0.1269     0.1218    34.1411    34.1393    8.42234         26 0.0000e+00
    446.000    440.912    -1.6643  27.203246    -1.6639  27.202380     6.3441     6.4781     0.3914    94.8248 1.0000e-12  -74.04238 -117.69438  46.828190      99.61 8.8241e+02    809.618      19432  1029.6190  1029.6177     4.4984     0.1344     0.1203    34.1414    34.1398    8.42236         25 0.0000e+00
    447.000    441.900    -1.6655  27.203348    -1.6642  27.203141     6.3414     6.4815     0.3200    95.0265 1.0000e-12  -74.04238 -117.69438  46.828203      98.70 8.7984e+02    810.722      19458  1029.6246  1029.6232     4.5080     0.1304     0.1235    34.1423    34.1406    8.42258         27 0.0000e+00
    448.000    442.886    -1.6654  27.204560    -1.6640  27.204335     6.3258     6.4854     0.3667    95.2774 1.0000e-12  -74.04238 -117.69438  46.828216      99.89 8.8014e+02    811.832      19485  1029.6302  1029.6286     4.5198     0.1376     0.1234    34.1432    34.1414    8.42250         27 0.0000e+00
    449.000    443.875    -1.6629  27.207471    -1.6615  27.207247     6.2981     6.4808     0.3906    95.2203 1.0000e-12  -74.04238 -117.69438  46.828228      99.91 8.8211e+02    812.931      19511  1029.6352  1029.6336     4.5171     0.2121     0.1282    34.1438    34.1418    8.42190         26 0.0000e+00
    450.000    444.862    -1.6581  27.212903    -1.6570  27.212134     6.3177     6.4697     0.4513    94.9618 1.0000e-12  -74.04238 -117.69438  46.828241      99.91 8.7971e+02    814.036      19538  1029.6408  1029.6389     4.5049     0.1202     0.1270    34.1452    34.1429    8.42073         26 0.0000e+00
    451.000    445.850    -1.6482  27.222879    -1.6469  27.222244     6.2757     6.4499     0.3773    94.9178 1.0000e-12  -74.04238 -117.69438  46.828253      99.92 8.7989e+02    815.105      19564  1029.6464  1029.6445     4.5028     0.1221     0.1209    34.1471    34.1448    8.41837         25 0.0000e+00
    452.000    446.836    -1.6348  27.235884    -1.6333  27.235378     6.2968     6.4460     0.4697    94.8868 1.0000e-12  -74.04238 -117.69438  46.828266      99.92 8.8256e+02    816.161      19589  1029.6520  1029.6500     4.5013     0.1296     0.1228    34.1492    34.1468    8.41521         26 0.0000e+00
    453.000    447.825    -1.6264  27.244474    -1.6245  27.244415     6.2608     6.4293     0.4616    95.1899 1.0000e-12  -74.04238 -117.69438  46.828279      99.91 8.8009e+02    817.301      19616  1029.6576  1029.6556     4.5157     0.1851     0.1301    34.1508    34.1485    8.41321         29 0.0000e+00
    454.000    448.811    -1.6151  27.256348    -1.6132  27.256031     6.2384     6.4083     0.3408    95.2741 1.0000e-12  -74.04238 -117.69438  46.828292      99.92 8.8015e+02    818.446      19644  1029.6640  1029.6619     4.5197     0.1421     0.1246    34.1536    34.1511    8.41046         26 0.0000e+00
    455.000    449.799    -1.5958  27.275950    -1.5939  27.275013     6.2050     6.3775     0.3590    95.1487 1.0000e-12  -74.04238 -117.69438  46.828305      99.91 8.8284e+02    819.512      19669  1029.6711  1029.6682     4.5138     0.1322     0.1273    34.1580    34.1545    8.40584         26 0.0000e+00
    456.000    450.787    -1.5685  27.301232    -1.5670  27.300688     6.1940     6.3618     0.4453    95.0202 1.0000e-12  -74.04238 -117.69438  46.828317      99.92 8.8011e+02    820.579      19695  1029.6768  1029.6747     4.5076     0.1452     0.1233    34.1612    34.1587    8.39949         25 0.0000e+00
    457.000    451.774    -1.5510  27.318528    -1.5492  27.318049     6.1950     6.3504     0.5188    95.1833 1.0000e-12  -74.04238 -117.69438  46.828329      99.92 8.8049e+02    821.652      19721  1029.6832  1029.6809     4.5154     0.1523     0.1282    34.1644    34.1617    8.39534         26 0.0000e+00
    458.000    452.761    -1.5400  27.329111    -1.5383  27.328775     6.1538     6.3403     0.3388    95.1804 1.0000e-12  -74.04238 -117.69438  46.828342      79.09 8.8246e+02    822.728      19746  1029.6886  1029.6865     4.5153     0.2346     0.1243    34.1659    34.1634    8.39277         26 0.0000e+00
    459.000    453.750    -1.5334  27.335727    -1.5321  27.335016     6.1642     6.3326     0.4056    95.0789 1.0000e-12  -74.04238 -117.69438  46.828355      96.40 8.7999e+02    823.857      19774  1029.6940  1029.6919     4.5105     0.1344     0.1268    34.1668    34.1643    8.39122         28 0.0000e+00
    460.000    454.737    -1.5252  27.343665    -1.5236  27.343314     6.1652     6.3266     0.3244    95.2275 1.0000e-12  -74.04238 -117.69438  46.828368      99.92 8.8009e+02    824.983      19801  1029.6992  1029.6973     4.5175     0.1655     0.1205    34.1677    34.1654    8.38931         26 0.0000e+00
    461.000    455.724    -1.5180  27.350884    -1.5161  27.350621     6.1552     6.3168     0.3483    95.2960 1.0000e-12  -74.04238 -117.69438  46.828380      99.91 8.8254e+02    826.030      19826  1029.7047  1029.7025     4.5208     0.1325     0.1213    34.1689    34.1663    8.38762         25 0.0000e+00
    462.000    456.712    -1.5144  27.354529    -1.5133  27.353506     6.1483     6.3107     0.4020    94.9964 1.0000e-12  -74.04238 -117.69438  46.828392      99.92 8.8083e+02    827.068      19851  1029.7096  1029.7075     4.5065     0.1293     0.1294    34.1691    34.1665    8.38678         25 0.0000e+00
    463.000    457.699    -1.5092  27.359640    -1.5077  27.359248     6.1540     6.3080     0.5976    94.7555 1.0000e-12  -74.04238 -117.69438  46.828404      99.92 8.8029e+02    828.141      19876  1029.7148  1029.7128     4.4951     0.1644     0.1383    34.1697    34.1674    8.38560         26 0.0000e+00
    464.000    458.685    -1.5035  27.365625    -1.5018  27.365106     6.1512     6.2997     0.4682    94.7535 1.0000e-12  -74.04238 -117.69438  46.828417      99.92 8.8136e+02    829.215      19902  1029.7202  1029.7179     4.4952     0.2015     0.1300    34.1708    34.1681    8.38424         26 0.0000e+00
    465.000    459.674    -1.4918  27.376907    -1.4900  27.376156     6.1104     6.2756     0.4784    95.2509 1.0000e-12  -74.04238 -117.69438  46.828430      99.91 8.8118e+02    830.329      19929  1029.7256  1029.7231     4.5184     0.1421     0.1245    34.1723    34.1693    8.38150         27 0.0000e+00
    466.000    460.662    -1.4693  27.398766    -1.4683  27.397022     6.0731     6.2433     0.3117    95.2308 1.0000e-12  -74.04238 -117.69438  46.828443      99.91 8.8079e+02    831.463      19956  1029.7320  1029.7292     4.5176     0.1390     0.1204    34.1761    34.1726    8.37621         27 0.0000e+00
    467.000    461.648    -1.4370  27.429425    -1.4352  27.428477     6.0697     6.2220     0.3030    95.1912 1.0000e-12  -74.04238 -117.69438  46.828455      99.91 8.8185e+02    832.528      19982  1029.7386  1029.7357     4.5158     0.1235     0.1202    34.1809    34.1775    8.36867         25 0.0000e+00
