ocean_section_plots/required_files/ctd/dnbp2202_ctd077.cnv
* Sea-Bird SBE 9 Data File:
* FileName = D:\Data\raw\NBP2202_CTD077.hex
* Software Version Seasave V 7.26.7.121
* Temperature SN = 1649
* Conductivity SN = 2513
* Number of Bytes Per Scan = 40
* Number of Voltage Words = 5
* Number of Scans Averaged by the Deck Unit = 1
* NMEA Latitude = 74 10.51 S
* NMEA Longitude = 113 20.67 W
* NMEA UTC (Time) = Jan 26 2022  15:43:13
* NMEA baud rate = 9600
** Ship: RVIB N.B. Palmer
** Cruise: NBP2202 Thwaites
** Station: YoYo001
** Operator: A. Robinson
# nquan = 25
# nvalues = 616                         
# units = specified
# name 0 = prDM: Pressure, Digiquartz [db]
# name 1 = depSM: Depth [salt water, m]
# name 2 = t090C: Temperature [ITS-90, deg C]
# name 3 = c0mS/cm: Conductivity [mS/cm]
# name 4 = t190C: Temperature, 2 [ITS-90, deg C]
# name 5 = c1mS/cm: Conductivity, 2 [mS/cm]
# name 6 = sbeox0ML/L: Oxygen, SBE 43 [ml/l]
# name 7 = sbeox1ML/L: Oxygen, SBE 43, 2 [ml/l]
# name 8 = flECO-AFL: Fluorescence, WET Labs ECO-AFL/FL [mg/m^3]
# name 9 = CStarTr0: Beam Transmission, WET Labs C-Star [%]
# name 10 = par: PAR/Irradiance, Biospherical/Licor
# name 11 = latitude: Latitude [deg]
# name 12 = longitude: Longitude [deg]
# name 13 = timeJ: Julian Days
# name 14 = altM: Altimeter [m]
# name 15 = spar: SPAR, Biospherical/Licor
# name 16 = timeS: Time, Elapsed [seconds]
# name 17 = scan: Scan Count
# name 18 = density00: Density [density, kg/m^3]
# name 19 = density11: Density, 2 [density, kg/m^3]
# name 20 = sal00: Salinity, Practical [PSU]
# name 21 = sal11: Salinity, Practical, 2 [PSU]
# name 22 = oxsolML/L: Oxygen Saturation, Garcia & Gordon [ml/l]
# name 23 = nbin: number of scans per bin
# name 24 = flag: flag
# span 0 =      2.000,    617.000       
# span 1 =      1.988,    609.706       
# span 2 =    -1.5063,     0.0730       
# span 3 =  26.978963,  28.899351       
# span 4 =    -1.5054,     0.0745       
# span 5 =  26.979322,  28.898692       
# span 6 =     4.7312,     8.6455       
# span 7 =     4.8359,     8.8863       
# span 8 =    -0.0214,    28.3229       
# span 9 =    68.2451,    95.6587       
# span 10 = 1.0000e-12, 5.9890e+02      
# span 11 =  -74.17528,  -74.17528      
# span 12 = -113.34464, -113.34460      
# span 13 =  26.657714,  26.668043      
# span 14 =       3.02,     100.01      
# span 15 = 1.4808e+03, 1.8208e+03      
# span 16 =    233.525,   1125.923      
# span 17 =       5606,      27023      
# span 18 =  1027.1844,  1030.5186      
# span 19 =  1027.1842,  1030.5161      
# span 20 =    33.7920,    34.3763      
# span 21 =    33.7926,    34.3738      
# span 22 =    8.02990,    8.40346      
# span 23 =         21,         50      
# span 24 = 0.0000e+00, 0.0000e+00      
# interval = decibars: 1                
# start_time = Jan 26 2022 15:43:13 [NMEA time, header]
# bad_flag = -9.990e-29
*END*
      2.000      1.988    -0.9339  27.358622    -0.9964  27.302234     8.6230     8.1229    18.8209    70.2048 5.9890e+02  -74.17528 -113.34461  26.657714      97.16 1.6360e+03    233.525       5606  1027.1879  1027.1863    33.8015    33.7951    8.27916         21 0.0000e+00
      3.000      2.973    -0.9179  27.365299    -0.8996  27.380848     8.6213     8.1302    18.1512    70.8758 3.7430e+02  -74.17528 -113.34462  26.657824      97.22 1.6286e+03    243.014       5833  1027.1844  1027.1842    33.7920    33.7926    8.27618         27 0.0000e+00
      4.000      3.958    -0.9852  27.311058    -0.9950  27.304825     8.6321     8.1845    18.3167    70.2733 2.0808e+02  -74.17528 -113.34462  26.657849      97.51 1.6281e+03    245.126       5884  1027.1948  1027.1973    33.7932    33.7957    8.29094         44 0.0000e+00
      5.000      4.949    -1.0115  27.290001    -1.0133  27.289460     8.6325     8.2707    19.1284    72.0702 1.1607e+02  -74.17528 -113.34462  26.657878      99.80 1.6282e+03    247.664       5945  1027.2011  1027.2021    33.7935    33.7947    8.29674         37 0.0000e+00
      6.000      5.939    -1.0098  27.292305    -1.0110  27.291514     8.6298     8.3782    18.9829    71.4532 7.1055e+01  -74.17528 -113.34461  26.657905      99.97 1.6290e+03    250.022       6002  1027.2060  1027.2061    33.7941    33.7944    8.29633         42 0.0000e+00
      7.000      6.926    -1.0093  27.292769    -1.0109  27.292392     8.6273     8.4922    21.9052    71.1705 4.5630e+01  -74.17528 -113.34461  26.657932      99.98 1.6315e+03    252.309       6056  1027.2101  1027.2111    33.7935    33.7949    8.29625         50 0.0000e+00
      8.000      7.916    -1.0138  27.290426    -1.0146  27.290164     8.6362     8.5931    18.9674    70.4241 3.1781e+01  -74.17528 -113.34461  26.657956      99.98 1.6335e+03    254.438       6108  1027.2160  1027.2164    33.7947    33.7953    8.29716         38 0.0000e+00
      9.000      8.907    -1.0085  27.295704    -1.0120  27.292825     8.6455     8.6713    24.3034    71.3320 2.2842e+01  -74.17528 -113.34461  26.657980      97.66 1.6361e+03    256.455       6156  1027.2208  1027.2210    33.7954    33.7954    8.29596         44 0.0000e+00
     10.000      9.897    -1.0043  27.299962    -1.0067  27.298718     8.6387     8.7415    21.1626    70.6826 1.7102e+01  -74.17528 -113.34461  26.658004      97.43 1.6398e+03    258.516       6205  1027.2258  1027.2267    33.7959    33.7969    8.29501         38 0.0000e+00
     11.000     10.885    -1.0093  27.296147    -1.0116  27.294671     8.6269     8.7789    24.8983    70.8822 1.2844e+01  -74.17528 -113.34461  26.658027      99.90 1.6428e+03    260.534       6254  1027.2306  1027.2312    33.7957    33.7963    8.29612         39 0.0000e+00
     12.000     11.875    -1.0138  27.292805    -1.0154  27.291488     8.6186     8.8015    25.0619    69.8945 9.6657e+00  -74.17528 -113.34461  26.658050      99.97 1.6454e+03    262.522       6302  1027.2356  1027.2356    33.7955    33.7956    8.29712         44 0.0000e+00
     13.000     12.865    -1.0136  27.293296    -1.0141  27.293272     8.6247     8.8499    27.5484    69.9070 7.3614e+00  -74.17528 -113.34461  26.658073      99.97 1.6484e+03    264.542       6350  1027.2401  1027.2406    33.7953    33.7959    8.29709         44 0.0000e+00
     14.000     13.854    -1.0135  27.293891    -1.0142  27.293712     8.6174     8.8590    24.0480    70.5708 5.6635e+00  -74.17528 -113.34461  26.658097      99.98 1.6519e+03    266.588       6399  1027.2450  1027.2454    33.7955    33.7960    8.29707         46 0.0000e+00
     15.000     14.845    -1.0154  27.292549    -1.0145  27.294035     8.6163     8.8574    24.9110    68.2451 4.3883e+00  -74.17528 -113.34462  26.658120      99.97 1.6576e+03    268.598       6447  1027.2496  1027.2503    33.7951    33.7961    8.29751         41 0.0000e+00
     16.000     15.832    -1.0181  27.290523    -1.0187  27.290402     8.6205     8.8616    25.6096    71.1014 3.3893e+00  -74.17528 -113.34462  26.658143      95.09 1.6640e+03    270.562       6494  1027.2543  1027.2547    33.7948    33.7953    8.29813         36 0.0000e+00
     17.000     16.824    -1.0171  27.292093    -1.0180  27.291149     8.6339     8.8704    25.8552    70.3416 2.6272e+00  -74.17528 -113.34462  26.658166      99.74 1.6719e+03    272.569       6543  1027.2593  1027.2591    33.7952    33.7949    8.29789         41 0.0000e+00
     18.000     17.812    -1.0130  27.296032    -1.0145  27.294665     8.6292     8.8820    26.8746    71.5750 2.0390e+00  -74.17528 -113.34462  26.658190      99.97 1.6804e+03    274.631       6592  1027.2639  1027.2638    33.7953    33.7951    8.29696         41 0.0000e+00
     19.000     18.803    -1.0120  27.297492    -1.0125  27.297210     8.6185     8.8863    28.3229    70.9716 1.6037e+00  -74.17528 -113.34462  26.658214      99.97 1.6891e+03    276.647       6641  1027.2688  1027.2690    33.7955    33.7958    8.29673         42 0.0000e+00
     20.000     19.791    -1.0123  27.297811    -1.0125  27.298052     8.6208     8.8785    23.6911    70.7761 1.2696e+00  -74.17528 -113.34462  26.658236      99.97 1.6976e+03    278.617       6688  1027.2738  1027.2742    33.7957    33.7963    8.29679         43 0.0000e+00
     21.000     20.782    -1.0112  27.300067    -1.0122  27.299075     8.6249     8.8797    26.1106    70.3728 9.9976e-01  -74.17528 -113.34462  26.658259      99.98 1.7058e+03    280.583       6735  1027.2795  1027.2794    33.7969    33.7967    8.29646         34 0.0000e+00
     22.000     21.771    -1.0106  27.301086    -1.0103  27.301657     8.6134     8.8712    25.3350    69.5901 7.7342e-01  -74.17528 -113.34462  26.658283      99.97 1.7143e+03    282.609       6784  1027.2843  1027.2847    33.7970    33.7975    8.29633         41 0.0000e+00
     23.000     22.762    -1.0114  27.301363    -1.0110  27.301607     8.5910     8.8617    23.0673    70.5035 6.0796e-01  -74.17528 -113.34462  26.658307      96.32 1.7238e+03    284.687       6833  1027.2897  1027.2896    33.7976    33.7976    8.29647         31 0.0000e+00
     24.000     23.750    -1.0127  27.300635    -1.0133  27.300453     8.5898     8.8688    24.7855    68.8753 4.7747e-01  -74.17528 -113.34462  26.658330      99.92 1.7319e+03    286.681       6881  1027.2946  1027.2949    33.7976    33.7979    8.29677         43 0.0000e+00
     25.000     24.740    -1.0126  27.301313    -1.0124  27.301542     8.6064     8.8701    27.2413    71.3626 3.7097e-01  -74.17528 -113.34462  26.658351      99.97 1.7398e+03    288.568       6927  1027.2994  1027.2996    33.7976    33.7978    8.29673         42 0.0000e+00
     26.000     25.728    -1.0092  27.305190    -1.0097  27.304673     8.6109     8.8821    24.7087    69.7728 2.8241e-01  -74.17528 -113.34462  26.658375      99.97 1.7472e+03    290.598       6975  1027.3047  1027.3047    33.7985    33.7984    8.29593         34 0.0000e+00
     27.000     26.718    -1.0075  27.306966    -1.0067  27.307747     8.6236     8.8762    25.8101    70.1841 2.1565e-01  -74.17528 -113.34462  26.658400      99.98 1.7538e+03    292.715       7026  1027.3093  1027.3094    33.7984    33.7986    8.29556         40 0.0000e+00
     28.000     27.708    -1.0060  27.308862    -1.0066  27.308197     8.6323     8.8787    27.2834    71.3676 1.6245e-01  -74.17528 -113.34461  26.658422      99.97 1.7574e+03    294.658       7073  1027.3143  1027.3141    33.7987    33.7985    8.29521         42 0.0000e+00
     29.000     28.697    -1.0015  27.313586    -1.0015  27.313692     8.6253     8.8698    27.2351    71.1420 1.1985e-01  -74.17528 -113.34461  26.658444      99.98 1.7605e+03    296.568       7119  1027.3195  1027.3196    33.7995    33.7996    8.29418         34 0.0000e+00
     30.000     29.687    -1.0007  27.315450    -1.0010  27.315250     8.6063     8.8700    25.6321    70.9496 8.5261e-02  -74.17528 -113.34461  26.658468      99.93 1.7634e+03    298.609       7168  1027.3251  1027.3252    33.8005    33.8006    8.29394         43 0.0000e+00
     31.000     30.677    -1.0008  27.316407    -1.0012  27.316231     8.5965     8.8571    25.6239    70.9361 5.6755e-02  -74.17528 -113.34461  26.658492      99.98 1.7668e+03    300.689       7218  1027.3306  1027.3308    33.8013    33.8015    8.29392         42 0.0000e+00
     32.000     31.665    -1.0032  27.315405    -1.0038  27.315144     8.4729     8.6914    24.9451    71.6659 3.5005e-02  -74.17528 -113.34462  26.658514      99.97 1.7695e+03    302.628       7264  1027.3362  1027.3365    33.8019    33.8023    8.29440         33 0.0000e+00
     33.000     32.657    -1.0408  27.284999    -1.0512  27.278576     8.2849     8.4484    24.8181    70.4200 1.7501e-02  -74.17528 -113.34462  26.658537      99.97 1.7729e+03    304.561       7310  1027.3435  1027.3466    33.8022    33.8052    8.30271         42 0.0000e+00
     34.000     33.644    -1.0529  27.275324    -1.0964  27.241397     8.0996     8.3202    26.5007    70.8624 3.0671e-03  -74.17528 -113.34462  26.658561      99.98 1.7768e+03    306.629       7360  1027.3486  1027.3535    33.8020    33.8047    8.30539         40 0.0000e+00
     35.000     34.636    -1.1082  27.231747    -1.1116  27.229606     8.0082     8.2707    21.4739    71.6958 3.2903e-05  -74.17528 -113.34462  26.658584      99.98 1.7803e+03    308.694       7410  1027.3583  1027.3589    33.8042    33.8051    8.31754         42 0.0000e+00
     36.000     35.625    -1.1116  27.229843    -1.1181  27.225115     7.9714     8.2123    20.5980    71.0224 1.0000e-12  -74.17528 -113.34462  26.658607      92.59 1.7836e+03    310.620       7456  1027.3634  1027.3642    33.8049    33.8057    8.31826         37 0.0000e+00
     37.000     36.613    -1.1236  27.220678    -1.1318  27.215571     7.8818     8.1310    21.9568    71.3684 1.0000e-12  -74.17528 -113.34462  26.658629      99.79 1.7857e+03    312.544       7502  1027.3687  1027.3709    33.8052    33.8075    8.32089         36 0.0000e+00
     38.000     37.604    -1.1425  27.206734    -1.1426  27.207078     7.8194     8.0902    24.7878    72.6103 1.0000e-12  -74.17528 -113.34462  26.658653      99.98 1.7889e+03    314.644       7552  1027.3756  1027.3759    33.8068    33.8074    8.32500         45 0.0000e+00
     39.000     38.592    -1.1512  27.200468    -1.1521  27.200473     7.7588     8.0232    23.3488    71.3089 1.0000e-12  -74.17528 -113.34462  26.658677      99.82 1.7905e+03    316.657       7601  1027.3810  1027.3817    33.8074    33.8084    8.32690         43 0.0000e+00
     40.000     39.582    -1.1630  27.191755    -1.1654  27.191093     7.7246     7.9793    22.4697    73.5887 1.0000e-12  -74.17528 -113.34461  26.658698      99.97 1.7911e+03    318.544       7646  1027.3869  1027.3883    33.8082    33.8100    8.32948         39 0.0000e+00
     41.000     40.573    -1.1676  27.189373    -1.1670  27.189335     7.7472     7.9840    20.0621    72.8296 1.0000e-12  -74.17528 -113.34461  26.658722      99.78 1.7905e+03    320.576       7695  1027.3925  1027.3919    33.8095    33.8088    8.33043         27 0.0000e+00
     42.000     41.562    -1.1663  27.190507    -1.1671  27.190064     7.7213     7.9606    22.1853    73.5523 1.0000e-12  -74.17528 -113.34461  26.658746      99.76 1.7856e+03    322.668       7745  1027.3967  1027.3968    33.8090    33.8092    8.33018         42 0.0000e+00
     43.000     42.549    -1.1720  27.186483    -1.1710  27.187322     7.7376     7.9534    17.9806    75.0140 1.0000e-12  -74.17528 -113.34461  26.658769      99.84 1.7699e+03    324.640       7792  1027.4018  1027.4017    33.8093    33.8093    8.33143         35 0.0000e+00
     44.000     43.540    -1.1663  27.191675    -1.1712  27.187432     7.7409     7.9557    19.4640    75.8360 1.0000e-12  -74.17528 -113.34461  26.658792      99.79 1.7461e+03    326.589       7839  1027.4061  1027.4061    33.8093    33.8090    8.33015         43 0.0000e+00
     45.000     44.529    -1.1698  27.189197    -1.1708  27.188501     7.7054     7.9513    17.7422    75.1580 1.0000e-12  -74.17528 -113.34461  26.658814      99.86 1.7230e+03    328.555       7886  1027.4110  1027.4111    33.8093    33.8095    8.33094         35 0.0000e+00
     46.000     45.519    -1.1783  27.183012    -1.1736  27.186805     7.7476     7.9702    17.9110    74.0099 1.0000e-12  -74.17528 -113.34461  26.658838      99.85 1.7087e+03    330.571       7935  1027.4166  1027.4162    33.8097    33.8096    8.33280         42 0.0000e+00
     47.000     46.506    -1.1647  27.193937    -1.1691  27.190454     7.7466     7.9906    15.5335    75.6023 1.0000e-12  -74.17528 -113.34461  26.658862      99.89 1.7065e+03    332.632       7984  1027.4197  1027.4200    33.8088    33.8089    8.32984         45 0.0000e+00
     48.000     47.499    -1.1703  27.190216    -1.1629  27.195772     7.7909     8.0453    17.3398    75.9688 1.0000e-12  -74.17528 -113.34462  26.658884      99.76 1.7197e+03    334.610       8032  1027.4253  1027.4241    33.8094    33.8086    8.33105         39 0.0000e+00
     49.000     48.486    -1.1558  27.202446    -1.1537  27.203815     7.8005     8.0321    18.4988    76.3274 1.0000e-12  -74.17528 -113.34464  26.658907      97.51 1.7412e+03    336.585       8079  1027.4289  1027.4284    33.8091    33.8086    8.32782         43 0.0000e+00
     50.000     49.477    -1.1633  27.196540    -1.1620  27.197759     7.7505     7.9860    18.5683    75.4893 1.0000e-12  -74.17528 -113.34462  26.658930     100.01 1.7599e+03    338.584       8127  1027.4341  1027.4342    33.8088    33.8090    8.32951         32 0.0000e+00
     51.000     50.465    -1.1711  27.190792    -1.1694  27.192074     7.7076     7.9622    16.5485    76.7263 1.0000e-12  -74.17528 -113.34463  26.658953      99.81 1.7715e+03    340.581       8175  1027.4395  1027.4393    33.8091    33.8090    8.33122         46 0.0000e+00
     52.000     51.458    -1.1768  27.186334    -1.1731  27.189419     7.7063     7.9536    17.6384    75.7308 1.0000e-12  -74.17528 -113.34463  26.658976      99.80 1.7766e+03    342.563       8223  1027.4444  1027.4442    33.8089    33.8089    8.33252         37 0.0000e+00
     53.000     52.444    -1.1767  27.187024    -1.1748  27.188314     7.7433     7.9709    17.8927    75.9052 1.0000e-12  -74.17528 -113.34462  26.659000      99.80 1.7795e+03    344.569       8271  1027.4493  1027.4489    33.8091    33.8087    8.33249         44 0.0000e+00
     54.000     53.434    -1.1680  27.194854    -1.1662  27.195901     7.7254     7.9612    16.9691    75.7812 1.0000e-12  -74.17528 -113.34462  26.659022      99.94 1.7817e+03    346.533       8318  1027.4537  1027.4532    33.8094    33.8087    8.33053         39 0.0000e+00
     55.000     54.424    -1.1753  27.189117    -1.1744  27.189918     7.6970     7.9331    17.3427    75.8314 1.0000e-12  -74.17528 -113.34462  26.659046      95.42 1.7819e+03    348.547       8366  1027.4588  1027.4589    33.8091    33.8092    8.33216         41 0.0000e+00
     56.000     55.413    -1.1791  27.186515    -1.1783  27.187023     7.6861     7.9174    18.6126    76.1386 1.0000e-12  -74.17528 -113.34462  26.659070      95.93 1.7795e+03    350.612       8416  1027.4639  1027.4638    33.8092    33.8091    8.33301         45 0.0000e+00
     57.000     56.402    -1.1790  27.187141    -1.1811  27.185302     7.6664     7.9046    17.3039    77.1117 1.0000e-12  -74.17528 -113.34462  26.659092      99.93 1.7760e+03    352.590       8463  1027.4688  1027.4687    33.8094    33.8091    8.33299         35 0.0000e+00
     58.000     57.391    -1.1821  27.185188    -1.1818  27.184897     7.6433     7.8749    19.0536    77.0451 1.0000e-12  -74.17528 -113.34462  26.659115      99.92 1.7724e+03    354.555       8510  1027.4739  1027.4733    33.8096    33.8088    8.33367         46 0.0000e+00
