ocean_section_plots/required_files/ctd/dnbp2202_ctd258.cnv
* Sea-Bird SBE 9 Data File:
* FileName = D:\Data\raw\NBP2202_CTD258.hex
* Software Version Seasave V 7.26.7.121
* Temperature SN = 1649
* Conductivity SN = 2513
* Number of Bytes Per Scan = 40
* Number of Voltage Words = 5
* Number of Scans Averaged by the Deck Unit = 1
* NMEA Latitude = 73 48.03 S
* NMEA Longitude = 112 40.06 W
* NMEA UTC (Time) = Feb 17 2022  12:11:53
* NMEA baud rate = 9600
** Ship: RVIB N.B. Palmer
** Cruise: NBP2202 Thwaites
** Station: 12
** Operator: B. Bjork
# nquan = 28
# nvalues = 740                         
# units = specified
# name 0 = prDM: Pressure, Digiquartz [db]
# name 1 = depSM: Depth [salt water, m]
# name 2 = t090C: Temperature [ITS-90, deg C]
# name 3 = c0mS/cm: Conductivity [mS/cm]
# name 4 = t190C: Temperature, 2 [ITS-90, deg C]
# name 5 = c1mS/cm: Conductivity, 2 [mS/cm]
# name 6 = sbeox0ML/L: Oxygen, SBE 43 [ml/l]
# name 7 = sbeox1ML/L: Oxygen, SBE 43, 2 [ml/l]
# name 8 = flECO-AFL: Fluorescence, WET Labs ECO-AFL/FL [mg/m^3]
# name 9 = CStarTr0: Beam Transmission, WET Labs C-Star [%]
# name 10 = par: PAR/Irradiance, Biospherical/Licor
# name 11 = latitude: Latitude [deg]
# name 12 = longitude: Longitude [deg]
# name 13 = timeJ: Julian Days
# name 14 = altM: Altimeter [m]
# name 15 = spar: SPAR, Biospherical/Licor
# name 16 = timeS: Time, Elapsed [seconds]
# name 17 = scan: Scan Count
# name 18 = density00: Density [density, kg/m^3]
# name 19 = density11: Density, 2 [density, kg/m^3]
# name 20 = v3: Voltage 3
# name 21 = v4: Voltage 4
# name 22 = v5: Voltage 5
# name 23 = sal00: Salinity, Practical [PSU]
# name 24 = sal11: Salinity, Practical, 2 [PSU]
# name 25 = oxsolML/L: Oxygen Saturation, Garcia & Gordon [ml/l]
# name 26 = nbin: number of scans per bin
# name 27 = flag: flag
# span 0 =      2.000,    741.000       
# span 1 =      1.965,    732.054       
# span 2 =    -1.4736,     0.5353       
# span 3 =  27.083730,  29.495948       
# span 4 =    -1.4737,     0.5375       
# span 5 =  27.084170,  29.496696       
# span 6 =     4.5900,     9.3624       
# span 7 =     4.7563,     9.7053       
# span 8 =     0.0008,    26.2801       
# span 9 =    74.1046,    96.5181       
# span 10 = -1.592e-06, 2.7917e+01      
# span 11 =  -73.80052,  -73.80034      
# span 12 = -112.66784, -112.66688      
# span 13 =  48.511144,  48.520978      
# span 14 =       2.10,     100.02      
# span 15 = 6.9956e+01, 9.4639e+01      
# span 16 =    249.901,   1099.460      
# span 17 =       5999,      26388      
# span 18 =  1027.1375,  1031.2133      
# span 19 =  1027.1394,  1031.2120      
# span 20 =     3.5160,     4.5787      
# span 21 =     0.0680,     3.8577      
# span 22 =     0.1134,     0.2480      
# span 23 =    33.7385,    34.5598      
# span 24 =    33.7402,    34.5579      
# span 25 =    7.92403,    8.38980      
# span 26 =          1,         48      
# span 27 = 0.0000e+00, 0.0000e+00      
# interval = decibars: 1                
# start_time = Feb 17 2022 12:11:53 [NMEA time, header]
# bad_flag = -9.990e-29
*END*
[from data line 156]
    158.000    156.307    -1.4555  27.130123    -1.4552  27.130439     6.2194     6.4568     1.9956    92.7305 1.0000e-12  -73.80052 -112.66784  48.513638      99.78 7.5190e+01    465.336      11169  1028.1026  1028.1027     4.3991     0.5016     0.1365    33.9813    33.9814    8.38471         23 0.0000e+00
    159.000    157.297    -1.4547  27.131445    -1.4543  27.131849     6.2234     6.4533     1.9749    92.6866 1.0000e-12  -73.80052 -112.66782  48.513649      99.79 7.5577e+01    466.296      11192  1028.1076  1028.1077     4.3970     0.4656     0.1402    33.9816    33.9817    8.38451         24 0.0000e+00
    160.000    158.287    -1.4534  27.133349    -1.4533  27.133666     6.2201     6.4512     2.0192    92.6905 1.0000e-12  -73.80052 -112.66782  48.513661      99.78 7.5803e+01    467.289      11216  1028.1128  1028.1130     4.3972     0.5469     0.1406    33.9821    33.9825    8.38419         23 0.0000e+00
    161.000    159.273    -1.4535  27.134115    -1.4532  27.134448     6.2215     6.4539     2.4682    92.4917 1.0000e-12  -73.80052 -112.66782  48.513672      99.79 7.5804e+01    468.248      11239  1028.1180  1028.1181     4.3878     0.5271     0.1410    33.9827    33.9828    8.38418         23 0.0000e+00
    162.000    160.264    -1.4529  27.135387    -1.4527  27.135754     6.2128     6.4567     3.0845    92.4513 1.0000e-12  -73.80052 -112.66782  48.513683      99.80 7.5804e+01    469.220      11262  1028.1232  1028.1234     4.3859     0.4461     0.1371    33.9831    33.9835    8.38402         24 0.0000e+00
    163.000    161.252    -1.4534  27.136557    -1.4533  27.136859     6.2197     6.4586     2.1798    92.7946 1.0000e-12  -73.80052 -112.66782  48.513695      99.81 7.5804e+01    470.212      11286  1028.1293  1028.1295     4.4021     0.3803     0.1355    33.9847    33.9850    8.38404         23 0.0000e+00
    164.000    162.241    -1.4541  27.137551    -1.4539  27.137771     6.2255     6.4572     2.3599    92.8622 1.0000e-12  -73.80052 -112.66782  48.513706      99.80 7.6189e+01    471.172      11309  1028.1354  1028.1355     4.4053     0.4236     0.1404    33.9863    33.9863    8.38411         23 0.0000e+00
    165.000    163.230    -1.4536  27.139303    -1.4534  27.139501     6.2227     6.4522     2.8025    92.8105 1.0000e-12  -73.80052 -112.66782  48.513717      99.79 7.6109e+01    472.142      11332  1028.1412  1028.1412     4.4029     0.4825     0.1489    33.9875    33.9875    8.38392         23 0.0000e+00
    166.000    164.219    -1.4533  27.140900    -1.4529  27.141179     6.2255     6.4471     2.0935    92.8992 1.0000e-12  -73.80052 -112.66782  48.513728      98.84 7.6617e+01    473.115      11356  1028.1469  1028.1469     4.4071     0.5247     0.1393    33.9887    33.9886    8.38378         24 0.0000e+00
    167.000    165.208    -1.4499  27.145400    -1.4497  27.145678     6.2189     6.4561     2.3214    92.5828 1.0000e-12  -73.80052 -112.66782  48.513739      95.52 7.6184e+01    474.091      11379  1028.1530  1028.1531     4.3921     0.4633     0.1456    33.9904    33.9906    8.38292         23 0.0000e+00
    168.000    166.198    -1.4511  27.145206    -1.4508  27.145367     6.2208     6.4559     2.2778    92.2496 1.0000e-12  -73.80052 -112.66782  48.513751      98.76 7.6393e+01    475.068      11403  1028.1582  1028.1581     4.3764     0.4039     0.1358    33.9908    33.9908    8.38315         24 0.0000e+00
    169.000    167.185    -1.4517  27.145255    -1.4515  27.145377     6.2238     6.4574     2.1599    92.1952 1.0000e-12  -73.80052 -112.66782  48.513762      99.80 7.6392e+01    476.070      11427  1028.1630  1028.1632     4.3737     0.4457     0.1446    33.9910    33.9910    8.38328         24 0.0000e+00
    170.000    168.175    -1.4512  27.146279    -1.4513  27.146819     6.2350     6.4648     2.1340    91.8864 1.0000e-12  -73.80052 -112.66782  48.513774      99.79 7.6318e+01    477.060      11450  1028.1683  1028.1688     4.3591     0.4823     0.1409    33.9912    33.9921    8.38316         24 0.0000e+00
    171.000    169.164    -1.4547  27.144790    -1.4546  27.145036     6.2408     6.4665     2.1713    92.5023 1.0000e-12  -73.80052 -112.66782  48.513785      99.81 7.6264e+01    478.034      11474  1028.1743  1028.1744     4.3883     0.3863     0.1328    33.9926    33.9927    8.38387         23 0.0000e+00
    172.000    170.152    -1.4572  27.143389    -1.4575  27.143333     6.2426     6.4745     2.7632    93.0028 1.0000e-12  -73.80052 -112.66782  48.513797      99.80 7.6170e+01    479.030      11498  1028.1794  1028.1796     4.4120     0.3971     0.1332    33.9928    33.9931    8.38442         24 0.0000e+00
    173.000    171.142    -1.4644  27.139895    -1.4641  27.140305     6.2433     6.4724     2.4649    92.7397 1.0000e-12  -73.80052 -112.66782  48.513808      99.82 7.6187e+01    480.009      11521  1028.1869  1028.1870     4.3996     0.3313     0.1346    33.9956    33.9957    8.38587         23 0.0000e+00
    174.000    172.131    -1.4640  27.142368    -1.4637  27.142508     6.2381     6.4698     2.2387    93.0030 1.0000e-12  -73.80052 -112.66782  48.513819      99.81 7.6463e+01    480.973      11544  1028.1935  1028.1934     4.4119     0.3409     0.1342    33.9979    33.9978    8.38564         24 0.0000e+00
    175.000    173.116    -1.4616  27.145547    -1.4613  27.145665     6.2304     6.4587     2.3994    92.8246 1.0000e-12  -73.80052 -112.66782  48.513830      99.81 7.6569e+01    481.942      11568  1028.1990  1028.1988     4.4035     0.3859     0.1328    33.9989    33.9988    8.38504         23 0.0000e+00
    176.000    174.108    -1.4568  27.151172    -1.4566  27.151176     6.2275     6.4529     2.0712    92.9487 1.0000e-12  -73.80052 -112.66782  48.513842      99.79 7.6493e+01    482.922      11591  1028.2047  1028.2046     4.4094     0.4819     0.1364    34.0006    34.0003    8.38386         23 0.0000e+00
    177.000    175.096    -1.4547  27.153910    -1.4544  27.154128     6.2255     6.4549     2.1216    92.7269 1.0000e-12  -73.80052 -112.66782  48.513853      99.79 7.7189e+01    483.882      11614  1028.2101  1028.2100     4.3990     0.4537     0.1393    34.0013    34.0013    8.38334         23 0.0000e+00
    178.000    176.084    -1.4542  27.154952    -1.4539  27.155244     6.2226     6.4527     1.8727    92.8139 1.0000e-12  -73.80052 -112.66782  48.513864      99.80 7.6752e+01    484.871      11638  1028.2150  1028.2151     4.4031     0.4443     0.1329    34.0016    34.0017    8.38321         24 0.0000e+00
    179.000    177.075    -1.4533  27.156633    -1.4530  27.156764     6.2215     6.4496     1.8003    92.4382 1.0000e-12  -73.80052 -112.66782  48.513876      99.80 7.6981e+01    485.862      11662  1028.2203  1028.2201     4.3853     0.3974     0.1298    34.0023    34.0021    8.38297         24 0.0000e+00
    180.000    178.063    -1.4521  27.158373    -1.4518  27.158495     6.2071     6.4407     2.0723    92.8940 1.0000e-12  -73.80052 -112.66782  48.513887      99.47 7.7411e+01    486.828      11685  1028.2254  1028.2252     4.4069     0.4819     0.1318    34.0027    34.0025    8.38268         23 0.0000e+00
    181.000    179.051    -1.4470  27.164905    -1.4465  27.165038     6.1953     6.4222     1.4543    93.6025 1.0000e-12  -73.80052 -112.66782  48.513898      99.63 7.7480e+01    487.824      11709  1028.2320  1028.2316     4.4403     0.4122     0.1386    34.0052    34.0048    8.38138         24 0.0000e+00
    182.000    180.040    -1.4375  27.175801    -1.4369  27.175938     6.1873     6.4116     1.2476    93.1513 1.0000e-12  -73.80052 -112.66782  48.513910      99.79 7.7566e+01    488.803      11732  1028.2390  1028.2386     4.4190     0.4796     0.1336    34.0088    34.0083    8.37902         24 0.0000e+00
    183.000    181.031    -1.4302  27.183758    -1.4297  27.183976     6.1896     6.4128     2.1672    93.2665 1.0000e-12  -73.80052 -112.66782  48.513921      99.82 7.7567e+01    489.778      11756  1028.2451  1028.2449     4.4245     0.3410     0.1481    34.0108    34.0106    8.37726         23 0.0000e+00
    184.000    182.017    -1.4309  27.184168    -1.4306  27.184406     6.1922     6.4216     3.1620    92.9106 1.0000e-12  -73.80052 -112.66782  48.513933      99.81 7.7567e+01    490.779      11780  1028.2506  1028.2506     4.4076     0.3364     0.1366    34.0116    34.0116    8.37738         25 0.0000e+00
    185.000    183.006    -1.4322  27.184279    -1.4319  27.184545     6.2000     6.4392     1.3011    92.9021 1.0000e-12  -73.80052 -112.66782  48.513944      99.82 7.7567e+01    491.784      11804  1028.2564  1028.2563     4.4076     0.3013     0.1321    34.0126    34.0126    8.37761         23 0.0000e+00
    186.000    183.994    -1.4345  27.183588    -1.4341  27.183841     6.2046     6.4369     1.6374    93.8713 1.0000e-12  -73.80052 -112.66782  48.513955      99.81 7.7567e+01    492.754      11827  1028.2622  1028.2622     4.4528     0.3873     0.1404    34.0136    34.0136    8.37806         23 0.0000e+00
    187.000    184.985    -1.4347  27.184237    -1.4343  27.184406     6.2071     6.4365     1.8524    93.3656 1.0000e-12  -73.80052 -112.66782  48.513967      99.82 7.7567e+01    493.734      11851  1028.2675  1028.2673     4.4292     0.2586     0.1296    34.0141    34.0140    8.37807         24 0.0000e+00
    188.000    185.974    -1.4347  27.184947    -1.4345  27.185118     6.2005     6.4364     1.4924    93.9331 1.0000e-12  -73.80052 -112.66782  48.513978      99.82 7.7567e+01    494.725      11874  1028.2727  1028.2726     4.4561     0.3025     0.1342    34.0145    34.0145    8.37806         24 0.0000e+00
    189.000    186.962    -1.4340  27.186230    -1.4339  27.186354     6.2023     6.4362     1.3039    93.9543 1.0000e-12  -73.80052 -112.66782  48.513989      99.82 7.7567e+01    495.655      11897  1028.2777  1028.2777     4.4571     0.2515     0.1305    34.0149    34.0148    8.37788         22 0.0000e+00
    190.000    187.950    -1.4341  27.186874    -1.4338  27.187028     6.1989     6.4350     1.5632    93.5721 1.0000e-12  -73.80052 -112.66782  48.514000      99.82 7.7567e+01    496.613      11920  1028.2828  1028.2827     4.4390     0.2360     0.1264    34.0153    34.0151    8.37789         23 0.0000e+00
    191.000    188.939    -1.4326  27.189083    -1.4323  27.189190     6.1858     6.4250     1.5287    92.9206 1.0000e-12  -73.80052 -112.66782  48.514012      99.83 7.7567e+01    497.601      11943  1028.2881  1028.2879     4.4081     0.2382     0.1290    34.0160    34.0158    8.37750         24 0.0000e+00
    192.000    189.928    -1.4273  27.195124    -1.4266  27.195528     6.1738     6.4070     1.2628    93.6714 1.0000e-12  -73.80052 -112.66782  48.514023      99.81 7.7567e+01    498.574      11967  1028.2939  1028.2937     4.4438     0.2670     0.1347    34.0176    34.0173    8.37620         22 0.0000e+00
    193.000    190.916    -1.4195  27.203179    -1.4189  27.203370     6.1593     6.3891     1.2801    93.8833 1.0000e-12  -73.80052 -112.66782  48.514034      99.65 7.7567e+01    499.535      11990  1028.2995  1028.2992     4.4537     0.3672     0.1301    34.0192    34.0188    8.37436         24 0.0000e+00
    194.000    191.906    -1.4094  27.212989    -1.4087  27.213140     6.1423     6.3820     1.8827    93.4390 1.0000e-12  -73.80052 -112.66782  48.514045      99.77 7.7567e+01    500.518      12013  1028.3048  1028.3043     4.4327     0.3686     0.1269    34.0205    34.0200    8.37200         24 0.0000e+00
    195.000    192.895    -1.4031  27.219051    -1.4027  27.219034     6.1280     6.3691     1.4640    93.5809 1.0000e-12  -73.80052 -112.66782  48.514057      99.82 7.7567e+01    501.495      12037  1028.3098  1028.3094     4.4394     0.3249     0.1327    34.0212    34.0207    8.37056         23 0.0000e+00
    196.000    193.882    -1.3972  27.225392    -1.3966  27.225566     6.1207     6.3575     1.1808    93.2591 1.0000e-12  -73.80052 -112.66782  48.514068      99.83 7.7567e+01    502.459      12060  1028.3154  1028.3150     4.4242     0.2370     0.1253    34.0225    34.0220    8.36914         23 0.0000e+00
    197.000    194.871    -1.3904  27.233229    -1.3898  27.233337     6.1086     6.3458     1.2850    93.5328 1.0000e-12  -73.80052 -112.66782  48.514079      99.82 7.7567e+01    503.431      12083  1028.3219  1028.3214     4.4371     0.2666     0.1280    34.0250    34.0244    8.36749         24 0.0000e+00
    198.000    195.862    -1.3813  27.242595    -1.3807  27.242711     6.0989     6.3340     1.3791    93.5569 1.0000e-12  -73.80052 -112.66782  48.514090      99.82 7.7734e+01    504.413      12107  1028.3278  1028.3273     4.4385     0.2997     0.1293    34.0269    34.0263    8.36532         23 0.0000e+00
    199.000    196.850    -1.3739  27.250162    -1.3725  27.250829     6.1018     6.3343     1.2431    94.2037 1.0000e-12  -73.80052 -112.66782  48.514102      99.82 7.7788e+01    505.399      12131  1028.3333  1028.3327     4.4687     0.2438     0.1317    34.0282    34.0275    8.36358         24 0.0000e+00
    200.000    197.837    -1.3709  27.253951    -1.3704  27.254056     6.1041     6.3428     1.3616    94.4657 1.0000e-12  -73.80052 -112.66782  48.514114      99.82 7.8232e+01    506.404      12155  1028.3390  1028.3386     4.4814     0.2267     0.1276    34.0294    34.0290    8.36285         24 0.0000e+00
    201.000    198.827    -1.3712  27.254988    -1.3706  27.255102     6.1112     6.3446     1.3454    94.2739 1.0000e-12  -73.80052 -112.66782  48.514125      99.82 7.7785e+01    507.401      12179  1028.3448  1028.3444     4.4723     0.2886     0.1329    34.0305    34.0301    8.36283         24 0.0000e+00
    202.000    199.815    -1.3730  27.254515    -1.3725  27.254671     6.1171     6.3503     0.9365    94.1097 1.0000e-12  -73.80052 -112.66782  48.514136      99.80 7.7874e+01    508.377      12202  1028.3505  1028.3502     4.4645     0.3693     0.1324    34.0313    34.0309    8.36319         23 0.0000e+00
    203.000    200.804    -1.3763  27.252367    -1.3761  27.252397     6.1139     6.3496     0.9731    94.1500 1.0000e-12  -73.80052 -112.66782  48.514148      99.82 7.8059e+01    509.367      12226  1028.3558  1028.3556     4.4664     0.3013     0.1280    34.0315    34.0313    8.36393         25 0.0000e+00
    204.000    201.793    -1.3807  27.249250    -1.3803  27.249275     6.0959     6.3281     1.0039    94.0042 1.0000e-12  -73.80052 -112.66782  48.514159      99.83 7.7888e+01    510.353      12249  1028.3610  1028.3606     4.4599     0.1988     0.1295    34.0316    34.0311    8.36490         22 0.0000e+00
    205.000    202.782    -1.3710  27.259656    -1.3703  27.259457     6.0750     6.3057     1.1000    94.6200 1.0000e-12  -73.80052 -112.66782  48.514170      99.83 7.8258e+01    511.294      12272  1028.3673  1028.3665     4.4883     0.2211     0.1314    34.0343    34.0332    8.36258         23 0.0000e+00
    206.000    203.769    -1.3514  27.278210    -1.3507  27.278197     6.0571     6.2827     1.0136    93.7078 1.0000e-12  -73.80052 -112.66782  48.514181      99.81 7.8008e+01    512.268      12295  1028.3730  1028.3723     4.4455     0.3489     0.1308    34.0368    34.0360    8.35802         24 0.0000e+00
    207.000    204.760    -1.3394  27.289754    -1.3387  27.290013     6.0668     6.2866     1.1360    94.2666 1.0000e-12  -73.80052 -112.66782  48.514193      99.31 7.8408e+01    513.244      12319  1028.3785  1028.3781     4.4720     0.2419     0.1283    34.0385    34.0379    8.35525         23 0.0000e+00
    208.000    205.748    -1.3393  27.290464    -1.3387  27.290726     6.0927     6.3116     1.5157    94.0988 1.0000e-12  -73.80052 -112.66782  48.514204      99.83 7.8257e+01    514.209      12342  1028.3836  1028.3833     4.4640     0.2399     0.1296    34.0387    34.0383    8.35521         23 0.0000e+00
