ocean_section_plots/required_files/ctd/dnbp2202_ctd286.cnv
* Sea-Bird SBE 9 Data File:
* FileName = D:\Data\raw\NBP2202_CTD286.hex
* Software Version Seasave V 7.26.7.121
* Temperature SN = 1649
* Conductivity SN = 2513
* Number of Bytes Per Scan = 40
* Number of Voltage Words = 5
* Number of Scans Averaged by the Deck Unit = 1
* NMEA Latitude = 74 08.17 S
* NMEA Longitude = 115 13.25 W
* NMEA UTC (Time) = Feb 22 2022  12:47:56
* NMEA baud rate = 9600
** Ship: RVIB N.B. Palmer
** Cruise: NBP2202 Thwaites
** Station: 188
** Operator: B. Bjork
# nquan = 28
# nvalues = 787                         
# units = specified
# name 0 = prDM: Pressure, Digiquartz [db]
# name 1 = depSM: Depth [salt water, m]
# name 2 = t090C: Temperature [ITS-90, deg C]
# name 3 = c0mS/cm: Conductivity [mS/cm]
# name 4 = t190C: Temperature, 2 [ITS-90, deg C]
# name 5 = c1mS/cm: Conductivity, 2 [mS/cm]
# name 6 = sbeox0ML/L: Oxygen, SBE 43 [ml/l]
# name 7 = sbeox1ML/L: Oxygen, SBE 43, 2 [ml/l]
# name 8 = flECO-AFL: Fluorescence, WET Labs ECO-AFL/FL [mg/m^3]
# name 9 = CStarTr0: Beam Transmission, WET Labs C-Star [%]
# name 10 = par: PAR/Irradiance, Biospherical/Licor
# name 11 = latitude: Latitude [deg]
# name 12 = longitude: Longitude [deg]
# name 13 = timeJ: Julian Days
# name 14 = altM: Altimeter [m]
# name 15 = spar: SPAR, Biospherical/Licor
# name 16 = timeS: Time, Elapsed [seconds]
# name 17 = scan: Scan Count
# name 18 = density00: Density [density, kg/m^3]
# name 19 = density11: Density, 2 [density, kg/m^3]
# name 20 = v3: Voltage 3
# name 21 = v4: Voltage 4
# name 22 = v5: Voltage 5
# name 23 = sal00: Salinity, Practical [PSU]
# name 24 = sal11: Salinity, Practical, 2 [PSU]
# name 25 = oxsolML/L: Oxygen Saturation, Garcia & Gordon [ml/l]
# name 26 = nbin: number of scans per bin
# name 27 = flag: flag
# span 0 =      3.000,    789.000       
# span 1 =      2.969,    779.353       
# span 2 =    -1.8259,     0.4839       
# span 3 =  26.958881,  29.464131       
# span 4 =    -1.8252,     0.4865       
# span 5 =  26.959307,  29.464826       
# span 6 =     4.5425,     8.9460       
# span 7 =     4.6469,     9.2359       
# span 8 =     0.1818,     8.6037       
# span 9 =    88.5045,    97.7160       
# span 10 = -4.112e-06, 2.9562e+01      
# span 11 =  -74.13632,  -74.13630      
# span 12 = -115.22094, -115.22086      
# span 13 =  53.535841,  53.546331      
# span 14 =       2.42,     100.08      
# span 15 = 8.1054e+01, 9.7393e+01      
# span 16 =    220.640,   1126.986      
# span 17 =       5296,      27049      
# span 18 =  1027.1840,  1031.4326      
# span 19 =  1027.1847,  1031.4307      
# span 20 =     4.1987,     4.6354      
# span 21 =     0.0971,     1.6080      
# span 22 =     0.1090,     0.1916      
# span 23 =    33.8101,    34.5480      
# span 24 =    33.8105,    34.5457      
# span 25 =    7.93518,    8.46247      
# span 26 =         21,         60      
# span 27 = 0.0000e+00, 0.0000e+00      
# interval = decibars: 1                
# start_time = Feb 22 2022 12:47:56 [NMEA time, header]
# bad_flag = -9.990e-29
*END*
[from data line 208]
    211.000    208.710    -1.5134  27.118669    -1.5126  27.119529     6.6317     6.8134     1.5318    94.4448 1.0000e-12  -74.13632 -115.22090  53.538788      99.88 9.2158e+01    475.264      11407  1028.3746  1028.3749     4.4800     0.3281     0.1479    33.9983    33.9986    8.39675         22 0.0000e+00
    212.000    209.699    -1.5185  27.115575    -1.5182  27.116006     6.6317     6.8062     1.6658    94.1673 1.0000e-12  -74.13632 -115.22092  53.538799      99.87 9.3449e+01    476.241      11431  1028.3803  1028.3805     4.4675     0.4102     0.1409    33.9992    33.9995    8.39785         24 0.0000e+00
    213.000    210.687    -1.5301  27.107439    -1.5296  27.107891     6.6339     6.8049     2.3986    94.4693 1.0000e-12  -74.13632 -115.22090  53.538811      99.87 9.3210e+01    477.241      11455  1028.3867  1028.3867     4.4815     0.4546     0.1401    34.0006    34.0006    8.40039         24 0.0000e+00
    214.000    211.677    -1.5424  27.099139    -1.5421  27.099575     6.6262     6.7996     2.5387    93.4906 1.0000e-12  -74.13632 -115.22090  53.538822      99.89 9.1888e+01    478.231      11479  1028.3936  1028.3938     4.4351     0.2955     0.1681    34.0026    34.0027    8.40307         24 0.0000e+00
    215.000    212.664    -1.5587  27.087986    -1.5587  27.088400     6.6185     6.7922     2.1311    93.8940 1.0000e-12  -74.13632 -115.22090  53.538834      88.94 9.3054e+01    479.219      11502  1028.4012  1028.4016     4.4543     0.3784     0.1627    34.0051    34.0056    8.40660         24 0.0000e+00
    216.000    213.653    -1.5737  27.077846    -1.5732  27.078250     6.6166     6.7840     1.7477    94.3703 1.0000e-12  -74.13632 -115.22090  53.538845      99.61 9.3202e+01    480.200      11526  1028.4086  1028.4087     4.4768     0.4608     0.1540    34.0075    34.0075    8.40984         23 0.0000e+00
    217.000    214.643    -1.5842  27.070106    -1.5841  27.070391     6.6260     6.7906     1.5232    93.6733 1.0000e-12  -74.13632 -115.22090  53.538856      99.88 9.2585e+01    481.175      11549  1028.4144  1028.4146     4.4440     0.3971     0.1394    34.0082    34.0085    8.41219         23 0.0000e+00
    218.000    215.630    -1.5956  27.061812    -1.5957  27.061997     6.6244     6.7975     1.8526    94.2351 1.0000e-12  -74.13632 -115.22090  53.538868      99.85 9.3444e+01    482.159      11573  1028.4203  1028.4207     4.4702     0.4853     0.1447    34.0090    34.0094    8.41471         24 0.0000e+00
    219.000    216.619    -1.6070  27.054074    -1.6066  27.054658     6.6212     6.7951     1.5696    93.8917 1.0000e-12  -74.13632 -115.22090  53.538879      99.88 9.3433e+01    483.134      11596  1028.4269  1028.4272     4.4541     0.3769     0.1500    34.0107    34.0111    8.41719         24 0.0000e+00
    220.000    217.609    -1.6078  27.056946    -1.6066  27.057653     6.6144     6.7871     1.7605    93.9780 1.0000e-12  -74.13632 -115.22090  53.538890      99.87 9.1996e+01    484.101      11619  1028.4349  1028.4346     4.4582     0.4039     0.1432    34.0149    34.0146    8.41711         22 0.0000e+00
    221.000    218.596    -1.5988  27.066464    -1.5981  27.066721     6.5957     6.7771     2.1291    94.3526 1.0000e-12  -74.13632 -115.22088  53.538901      99.87 9.3452e+01    485.075      11643  1028.4407  1028.4403     4.4760     0.4244     0.1460    34.0172    34.0168    8.41494         24 0.0000e+00
    222.000    219.583    -1.5968  27.069046    -1.5958  27.069837     6.5743     6.7604     2.4306    94.1811 1.0000e-12  -74.13632 -115.22090  53.538913      99.84 9.3433e+01    486.052      11666  1028.4458  1028.4457     4.4679     0.5484     0.1399    34.0180    34.0179    8.41445         23 0.0000e+00
    223.000    220.575    -1.5955  27.072180    -1.5943  27.072930     6.5471     6.7273     2.0758    94.4462 1.0000e-12  -74.13632 -115.22089  53.538924      99.87 9.2809e+01    487.017      11689  1028.4521  1028.4518     4.4795     0.4502     0.1524    34.0202    34.0198    8.41403         23 0.0000e+00
    224.000    221.561    -1.5905  27.079472    -1.5895  27.080128     6.5444     6.7144     1.8550    92.8044 1.0000e-12  -74.13632 -115.22089  53.538935      99.86 9.2742e+01    487.973      11712  1028.4595  1028.4593     4.4036     0.4472     0.1410    34.0239    34.0237    8.41266         23 0.0000e+00
    225.000    222.552    -1.5887  27.083228    -1.5879  27.083613     6.5461     6.7151     2.1060    93.5493 1.0000e-12  -74.13632 -115.22089  53.538946      99.89 9.2846e+01    488.944      11736  1028.4661  1028.4659     4.4379     0.3419     0.1346    34.0264    34.0261    8.41210         24 0.0000e+00
    226.000    223.538    -1.5925  27.081276    -1.5923  27.081740     6.5477     6.7204     2.1195    92.9731 1.0000e-12  -74.13632 -115.22089  53.538958      99.87 9.2116e+01    489.931      11759  1028.4719  1028.4723     4.4106     0.4187     0.1443    34.0274    34.0279    8.41290         24 0.0000e+00
    227.000    224.528    -1.6255  27.056829    -1.6254  27.057156     6.5552     6.7174     2.4274    93.6353 1.0000e-12  -74.13632 -115.22089  53.538969      99.88 9.2740e+01    490.912      11783  1028.4813  1028.4816     4.4420     0.3381     0.1420    34.0307    34.0310    8.42020         23 0.0000e+00
    228.000    225.516    -1.6254  27.058688    -1.6246  27.059111     6.5529     6.7216     2.5422    93.9908 1.0000e-12  -74.13632 -115.22089  53.538980      99.89 9.3288e+01    491.900      11807  1028.4873  1028.4870     4.4589     0.3287     0.1507    34.0325    34.0322    8.42006         24 0.0000e+00
    229.000    226.505    -1.6333  27.053199    -1.6319  27.054535     6.5587     6.7332     1.8722    93.5527 1.0000e-12  -74.13632 -115.22089  53.538992      93.71 9.3435e+01    492.887      11830  1028.4932  1028.4933     4.4383     0.4736     0.1394    34.0333    34.0336    8.42181         23 0.0000e+00
    230.000    227.494    -1.6429  27.046854    -1.6419  27.047582     6.5619     6.7350     1.7944    94.3277 1.0000e-12  -74.13632 -115.22089  53.539003      99.97 9.0970e+01    493.870      11854  1028.4996  1028.4995     4.4745     0.3888     0.1404    34.0348    34.0348    8.42389         24 0.0000e+00
    231.000    228.482    -1.6517  27.040659    -1.6520  27.040648     6.5685     6.7329     1.7957    94.5694 1.0000e-12  -74.13632 -115.22090  53.539015      99.89 9.0935e+01    494.856      11878  1028.5055  1028.5058     4.4863     0.3460     0.1475    34.0357    34.0360    8.42585         24 0.0000e+00
    232.000    229.470    -1.6601  27.035459    -1.6595  27.035858     6.5774     6.7394     1.7198    93.3554 1.0000e-12  -74.13632 -115.22090  53.539026      99.87 9.3470e+01    495.827      11901  1028.5121  1028.5119     4.4287     0.3950     0.1353    34.0375    34.0374    8.42765         22 0.0000e+00
    233.000    230.456    -1.6578  27.038998    -1.6570  27.039333     6.5744     6.7420     1.8591    92.8338 1.0000e-12  -74.13632 -115.22089  53.539037      99.84 9.1393e+01    496.772      11924  1028.5179  1028.5175     4.4040     0.5360     0.1672    34.0391    34.0387    8.42702         23 0.0000e+00
    234.000    231.450    -1.6627  27.036086    -1.6623  27.036457     6.5669     6.7452     1.9710    94.1842 1.0000e-12  -74.13632 -115.22088  53.539048      99.89 9.1529e+01    497.754      11947  1028.5235  1028.5235     4.4680     0.2890     0.1534    34.0400    34.0401    8.42808         25 0.0000e+00
    235.000    232.436    -1.6681  27.032958    -1.6673  27.033501     6.5658     6.7434     1.6897    94.5342 1.0000e-12  -74.13632 -115.22088  53.539060      99.90 9.2684e+01    498.758      11971  1028.5295  1028.5293     4.4843     0.2590     0.1624    34.0412    34.0411    8.42923         24 0.0000e+00
    236.000    233.425    -1.6641  27.037486    -1.6634  27.037783     6.5667     6.7396     1.8924    93.9107 1.0000e-12  -74.13632 -115.22088  53.539071      99.88 9.2066e+01    499.731      11995  1028.5347  1028.5344     4.4554     0.3795     0.1527    34.0423    34.0420    8.42826         23 0.0000e+00
    237.000    234.413    -1.6639  27.039181    -1.6632  27.039677     6.5697     6.7335     1.8313    93.7005 1.0000e-12  -74.13632 -115.22088  53.539082      99.89 9.0793e+01    500.684      12017  1028.5406  1028.5405     4.4451     0.3407     0.1432    34.0439    34.0437    8.42813         22 0.0000e+00
    238.000    235.402    -1.6665  27.037865    -1.6659  27.038105     6.5543     6.7284     2.5098    93.9883 1.0000e-12  -74.13632 -115.22088  53.539093      99.88 9.3045e+01    501.656      12041  1028.5460  1028.5456     4.4588     0.3278     0.1422    34.0444    34.0440    8.42869         23 0.0000e+00
    239.000    236.391    -1.6675  27.037844    -1.6668  27.038150     6.5526     6.7200     1.8459    92.9797 1.0000e-12  -74.13632 -115.22088  53.539105      99.89 9.1403e+01    502.641      12064  1028.5511  1028.5507     4.4109     0.3103     0.1427    34.0449    34.0445    8.42889         23 0.0000e+00
    240.000    237.378    -1.6676  27.038662    -1.6669  27.038956     6.5536     6.7211     1.3875    93.6668 1.0000e-12  -74.13632 -115.22089  53.539116      99.88 8.9435e+01    503.631      12088  1028.5562  1028.5559     4.4434     0.3280     0.1376    34.0454    34.0450    8.42886         23 0.0000e+00
    241.000    238.366    -1.6688  27.038674    -1.6684  27.038987     6.5473     6.7243     1.7370    93.7202 1.0000e-12  -74.13632 -115.22089  53.539127      74.89 9.3144e+01    504.605      12112  1028.5616  1028.5617     4.4461     0.3119     0.1444    34.0462    34.0462    8.42909         24 0.0000e+00
    242.000    239.356    -1.6841  27.027071    -1.6835  27.027528     6.5352     6.7218     2.1453    94.2777 1.0000e-12  -74.13632 -115.22089  53.539138      99.87 9.2071e+01    505.562      12134  1028.5680  1028.5680     4.4731     0.3357     0.1512    34.0470    34.0469    8.43253         22 0.0000e+00
    243.000    240.344    -1.6909  27.023866    -1.6904  27.024365     6.5360     6.7202     2.0417    95.4598 1.0000e-12  -74.13632 -115.22089  53.539149      96.40 9.1671e+01    506.519      12157  1028.5753  1028.5754     4.5279     0.4133     0.1669    34.0496    34.0498    8.43391         24 0.0000e+00
    244.000    241.332    -1.7008  27.019101    -1.7000  27.019679     6.5355     6.7074     1.5675    94.4234 1.0000e-12  -74.13632 -115.22088  53.539161      99.87 9.2356e+01    507.494      12181  1028.5839  1028.5837     4.4793     0.2546     0.1395    34.0538    34.0537    8.43593         23 0.0000e+00
    245.000    242.322    -1.6976  27.022889    -1.6964  27.023520     6.5267     6.7032     1.3843    94.0385 1.0000e-12  -74.13632 -115.22090  53.539172      99.89 9.1584e+01    508.470      12204  1028.5891  1028.5887     4.4611     0.3037     0.1374    34.0547    34.0543    8.43513         23 0.0000e+00
    246.000    243.310    -1.6950  27.025942    -1.6941  27.026472     6.5208     6.7001     1.4578    93.7405 1.0000e-12  -74.13632 -115.22088  53.539183      99.87 9.1080e+01    509.441      12228  1028.5942  1028.5939     4.4470     0.4233     0.1418    34.0554    34.0551    8.43451         24 0.0000e+00
    247.000    244.299    -1.6942  27.027170    -1.6936  27.027505     6.5236     6.6951     2.0313    94.6842 1.0000e-12  -74.13632 -115.22090  53.539195      99.88 9.2283e+01    510.416      12251  1028.5990  1028.5988     4.4917     0.3509     0.1341    34.0556    34.0554    8.43432         23 0.0000e+00
    248.000    245.285    -1.6938  27.028748    -1.6927  27.029504     6.5228     6.6930     1.7653    95.0060 1.0000e-12  -74.13632 -115.22090  53.539206      99.88 9.3132e+01    511.388      12274  1028.6045  1028.6043     4.5070     0.3526     0.1305    34.0567    34.0564    8.43416         24 0.0000e+00
    249.000    246.275    -1.6954  27.028170    -1.6946  27.028944     6.5211     6.7003     1.8478    94.8816 1.0000e-12  -74.13632 -115.22090  53.539217      99.88 9.0964e+01    512.347      12297  1028.6097  1028.6097     4.5011     0.3377     0.1380    34.0570    34.0572    8.43449         22 0.0000e+00
    250.000    247.265    -1.6976  27.027133    -1.6968  27.027677     6.5185     6.7024     1.6445    94.6837 1.0000e-12  -74.13632 -115.22090  53.539228      99.89 9.1900e+01    513.323      12321  1028.6149  1028.6148     4.4917     0.2897     0.1302    34.0575    34.0574    8.43497         24 0.0000e+00
    251.000    248.251    -1.7040  27.022956    -1.7034  27.023380     6.5182     6.6872     1.4960    94.6082 1.0000e-12  -74.13632 -115.22090  53.539240      99.88 9.2523e+01    514.306      12344  1028.6208  1028.6207     4.4881     0.3251     0.1322    34.0584    34.0583    8.43637         23 0.0000e+00
    252.000    249.241    -1.7055  27.022849    -1.7048  27.023263     6.5173     6.6845     1.6472    94.6584 1.0000e-12  -74.13632 -115.22090  53.539251      99.88 9.1289e+01    515.282      12368  1028.6264  1028.6261     4.4905     0.3087     0.1310    34.0594    34.0591    8.43667         24 0.0000e+00
    253.000    250.229    -1.7052  27.023757    -1.7044  27.024008     6.5162     6.6815     1.5390    94.6118 1.0000e-12  -74.13632 -115.22090  53.539262      99.88 9.0717e+01    516.268      12391  1028.6313  1028.6309     4.4883     0.3324     0.1293    34.0596    34.0591    8.43657         24 0.0000e+00
    254.000    251.218    -1.7079  27.022029    -1.7074  27.022375     6.5146     6.6852     1.2354    94.8344 1.0000e-12  -74.13632 -115.22090  53.539274      98.57 9.3244e+01    517.255      12415  1028.6363  1028.6361     4.4984     0.2203     0.1359    34.0597    34.0596    8.43718         24 0.0000e+00
    255.000    252.205    -1.7115  27.019988    -1.7109  27.020385     6.5182     6.6890     1.5048    93.6607 1.0000e-12  -74.13632 -115.22090  53.539285      89.31 9.0940e+01    518.235      12439  1028.6418  1028.6416     4.4437     0.3074     0.1278    34.0604    34.0602    8.43797         23 0.0000e+00
    256.000    253.194    -1.7154  27.017238    -1.7147  27.017801     6.5359     6.7030     0.9765    93.9880 1.0000e-12  -74.13632 -115.22090  53.539296      94.22 9.0444e+01    519.208      12462  1028.6467  1028.6467     4.4588     0.2672     0.1283    34.0604    34.0603    8.43885         23 0.0000e+00
    257.000    254.183    -1.7219  27.012710    -1.7212  27.013216     6.5381     6.7143     0.8502    94.9667 1.0000e-12  -74.13632 -115.22090  53.539308      99.93 9.3374e+01    520.172      12485  1028.6523  1028.6522     4.5051     0.2692     0.1232    34.0609    34.0608    8.44030         23 0.0000e+00
    258.000    255.171    -1.7270  27.009287    -1.7267  27.009332     6.5324     6.7097     1.1074    94.8015 1.0000e-12  -74.13632 -115.22090  53.539319      99.89 9.0820e+01    521.127      12508  1028.6577  1028.6575     4.4973     0.2987     0.1257    34.0613    34.0610    8.44143         23 0.0000e+00
    259.000    256.160    -1.7316  27.006851    -1.7307  27.007327     6.5365     6.7059     1.0877    95.3017 1.0000e-12  -74.13632 -115.22090  53.539330      99.90 8.9219e+01    522.082      12531  1028.6637  1028.6634     4.5210     0.2633     0.1450    34.0626    34.0623    8.44241         23 0.0000e+00
    260.000    257.147    -1.7210  27.017681    -1.7203  27.018030     6.5436     6.7104     0.8883    95.6979 1.0000e-12  -74.13632 -115.22090  53.539341      99.90 9.3509e+01    523.059      12554  1028.6696  1028.6693     4.5398     0.2190     0.1262    34.0649    34.0645    8.43985         23 0.0000e+00
