ocean_section_plots/required_files/ctd/dnbp2202_ctd048.cnv
* Sea-Bird SBE 9 Data File:
* FileName = D:\Data\raw\NBP2202_CTD048.hex
* Software Version Seasave V 7.26.7.121
* Temperature SN = 1649
* Conductivity SN = 2513
* Number of Bytes Per Scan = 40
* Number of Voltage Words = 5
* Number of Scans Averaged by the Deck Unit = 1
* NMEA Latitude = 74 11.99 S
* NMEA Longitude = 113 03.03 W
* NMEA UTC (Time) = Jan 24 2022  02:41:23
* NMEA baud rate = 9600
** Ship: RVIB N.B. Palmer
** Cruise: NBP2202 Thwaites
** Station: Section Dotson C
** Operator: A. Robinson
# nquan = 25
# nvalues = 718                         
# units = specified
# name 0 = prDM: Pressure, Digiquartz [db]
# name 1 = depSM: Depth [salt water, m]
# name 2 = t090C: Temperature [ITS-90, deg C]
# name 3 = c0mS/cm: Conductivity [mS/cm]
# name 4 = t190C: Temperature, 2 [ITS-90, deg C]
# name 5 = c1mS/cm: Conductivity, 2 [mS/cm]
# name 6 = sbeox0ML/L: Oxygen, SBE 43 [ml/l]
# name 7 = sbeox1ML/L: Oxygen, SBE 43, 2 [ml/l]
# name 8 = flECO-AFL: Fluorescence, WET Labs ECO-AFL/FL [mg/m^3]
# name 9 = CStarTr0: Beam Transmission, WET Labs C-Star [%]
# name 10 = par: PAR/Irradiance, Biospherical/Licor
# name 11 = latitude: Latitude [deg]
# name 12 = longitude: Longitude [deg]
# name 13 = timeJ: Julian Days
# name 14 = altM: Altimeter [m]
# name 15 = spar: SPAR, Biospherical/Licor
# name 16 = timeS: Time, Elapsed [seconds]
# name 17 = scan: Scan Count
# name 18 = density00: Density [density, kg/m^3]
# name 19 = density11: Density, 2 [density, kg/m^3]
# name 20 = sal00: Salinity, Practical [PSU]
# name 21 = sal11: Salinity, Practical, 2 [PSU]
# name 22 = oxsolML/L: Oxygen Saturation, Garcia & Gordon [ml/l]
# name 23 = nbin: number of scans per bin
# name 24 = flag: flag
# span 0 =      2.000,    719.000       
# span 1 =      1.980,    710.329       
# span 2 =    -1.4862,     0.3186       
# span 3 =  27.112805,  29.231837       
# span 4 =    -1.4857,     0.3207       
# span 5 =  27.112510,  29.231439       
# span 6 =     4.6398,     8.6375       
# span 7 =     4.8956,     9.0963       
# span 8 =    -0.0172,    25.2066       
# span 9 =    67.1832,    96.3000       
# span 10 = 1.0000e-12, 7.7910e+01      
# span 11 =  -74.19996,  -74.19996      
# span 12 = -113.05068, -113.05064      
# span 13 =  24.114892,  24.126085      
# span 14 =       3.82,     100.34      
# span 15 = 1.7805e+02, 2.4070e+02      
# span 16 =    243.654,   1210.736      
# span 17 =       5849,      29059      
# span 18 =  1027.1850,  1031.0546      
# span 19 =  1027.1870,  1031.0519      
# span 20 =    33.7942,    34.4692      
# span 21 =    33.7966,    34.4663      
# span 22 =    7.97361,    8.39112      
# span 23 =         11,         53      
# span 24 = 0.0000e+00, 0.0000e+00      
# interval = decibars: 1                
# start_time = Jan 24 2022 02:41:23 [NMEA time, header]
# bad_flag = -9.990e-29
*END*
[from data line 58]
     60.000     59.371    -1.0294  27.310572    -1.0300  27.310297     8.3649     8.8808    18.9553    70.7306 1.0000e-12  -74.19996 -113.05068  24.116224      98.31 1.8510e+02    358.793       8612  1027.4763  1027.4765    33.8075    33.8078    8.29988         35 0.0000e+00
     61.000     60.359    -1.0293  27.311310    -1.0299  27.310883     8.3683     8.8744    18.9455    69.5551 1.0000e-12  -74.19996 -113.05068  24.116242     100.00 1.8510e+02    360.337       8649  1027.4812  1027.4813    33.8077    33.8079    8.29983         33 0.0000e+00
     62.000     61.349    -1.0285  27.312564    -1.0294  27.311938     8.3334     8.8551    19.4889    70.8026 1.0000e-12  -74.19996 -113.05066  24.116260      99.99 1.8510e+02    361.890       8686  1027.4860  1027.4862    33.8079    33.8081    8.29964         35 0.0000e+00
     63.000     62.338    -1.0332  27.309153    -1.0337  27.308914     8.3112     8.8156    19.0408    69.8099 1.0000e-12  -74.19996 -113.05066  24.116278      99.98 1.8510e+02    363.428       8723  1027.4912  1027.4913    33.8080    33.8082    8.30069         38 0.0000e+00
     64.000     63.327    -1.0386  27.305480    -1.0396  27.304675     8.2504     8.7780    18.8285    70.4921 1.0000e-12  -74.19996 -113.05066  24.116296      99.98 1.8510e+02    364.963       8760  1027.4966  1027.4967    33.8084    33.8085    8.30186         34 0.0000e+00
     65.000     64.317    -1.0527  27.295255    -1.0529  27.295243     8.2382     8.7678    18.1950    70.8690 1.0000e-12  -74.19996 -113.05066  24.116314      99.99 1.8510e+02    366.491       8797  1027.5034  1027.5034    33.8097    33.8099    8.30491         32 0.0000e+00
     66.000     65.302    -1.0564  27.293343    -1.0528  27.295949     8.2688     8.7717    18.5367    70.3660 1.0000e-12  -74.19996 -113.05066  24.116331      99.98 1.8510e+02    368.028       8834  1027.5090  1027.5083    33.8107    33.8101    8.30567         33 0.0000e+00
     67.000     66.297    -1.0507  27.297804    -1.0499  27.298361     8.2840     8.7783    17.7634    70.9677 1.0000e-12  -74.19996 -113.05066  24.116349      99.96 1.8510e+02    369.575       8871  1027.5125  1027.5123    33.8097    33.8095    8.30446         38 0.0000e+00
     68.000     67.285    -1.0484  27.299972    -1.0481  27.300066     8.2893     8.7870    17.9081    71.5191 1.0000e-12  -74.19996 -113.05066  24.116367      99.44 1.8542e+02    371.116       8908  1027.5169  1027.5167    33.8094    33.8092    8.30396         35 0.0000e+00
     69.000     68.274    -1.0485  27.300655    -1.0494  27.299840     8.3069     8.8011    17.5858    71.9199 1.0000e-12  -74.19996 -113.05066  24.116385      99.99 1.8578e+02    372.642       8944  1027.5220  1027.5220    33.8099    33.8098    8.30397         34 0.0000e+00
     70.000     69.264    -1.0442  27.304296    -1.0424  27.305612     8.3062     8.8098    18.3818    71.7937 1.0000e-12  -74.19996 -113.05066  24.116403      99.96 1.8573e+02    374.175       8981  1027.5261  1027.5258    33.8094    33.8092    8.30304         31 0.0000e+00
     71.000     70.253    -1.0391  27.309083    -1.0388  27.309189     8.2927     8.7805    19.0624    72.3760 1.0000e-12  -74.19996 -113.05066  24.116420      99.95 1.8688e+02    375.722       9018  1027.5307  1027.5305    33.8096    33.8093    8.30190         37 0.0000e+00
     72.000     71.242    -1.0444  27.305555    -1.0469  27.303700     8.2720     8.7512    18.6304    72.5032 1.0000e-12  -74.19996 -113.05066  24.116438      99.99 1.8687e+02    377.251       9055  1027.5363  1027.5367    33.8100    33.8104    8.30304         35 0.0000e+00
     73.000     72.232    -1.0448  27.305733    -1.0492  27.302657     8.2560     8.7520    17.9706    72.0406 1.0000e-12  -74.19996 -113.05066  24.116456      99.96 1.8687e+02    378.800       9092  1027.5412  1027.5421    33.8102    33.8110    8.30313         35 0.0000e+00
     74.000     73.221    -1.0519  27.301013    -1.0528  27.300378     8.2754     8.7719    18.5577    72.5074 1.0000e-12  -74.19996 -113.05066  24.116474      99.97 1.8687e+02    380.362       9130  1027.5472  1027.5473    33.8111    33.8112    8.30465         36 0.0000e+00
     75.000     74.210    -1.0447  27.307259    -1.0464  27.305730     8.3074     8.8114    17.7447    71.0340 1.0000e-12  -74.19996 -113.05066  24.116492      99.99 1.8687e+02    381.887       9166  1027.5513  1027.5512    33.8108    33.8107    8.30305         37 0.0000e+00
     76.000     75.199    -1.0416  27.309901    -1.0395  27.311354     8.3492     8.8399    17.4504    71.6956 1.0000e-12  -74.19996 -113.05066  24.116509      96.50 1.8687e+02    383.393       9202  1027.5555  1027.5550    33.8104    33.8099    8.30240         34 0.0000e+00
     77.000     76.189    -1.0304  27.318855    -1.0296  27.319301     8.3324     8.8191    17.9154    72.1940 1.0000e-12  -74.19996 -113.05066  24.116527      98.05 1.8687e+02    384.907       9239  1027.5587  1027.5584    33.8094    33.8090    8.29999         36 0.0000e+00
     78.000     77.179    -1.0315  27.318157    -1.0322  27.317312     8.2499     8.7549    18.1979    70.9644 1.0000e-12  -74.19996 -113.05066  24.116544     100.00 1.8687e+02    386.447       9276  1027.5634  1027.5632    33.8090    33.8087    8.30025         38 0.0000e+00
     79.000     78.167    -1.0549  27.300992    -1.0561  27.300067     8.2164     8.7269    19.1500    72.6732 1.0000e-12  -74.19996 -113.05066  24.116563      99.98 1.8687e+02    388.007       9313  1027.5716  1027.5718    33.8113    33.8115    8.30529         38 0.0000e+00
     80.000     79.156    -1.0558  27.300937    -1.0563  27.300480     8.2397     8.7232    17.9235    72.2086 1.0000e-12  -74.19996 -113.05066  24.116581      99.98 1.8687e+02    389.578       9351  1027.5767  1027.5766    33.8116    33.8116    8.30547         35 0.0000e+00
     81.000     80.145    -1.0552  27.301914    -1.0550  27.301861     8.2334     8.7295    18.0034    71.7732 1.0000e-12  -74.19996 -113.05066  24.116599      99.98 1.8687e+02    391.146       9388  1027.5814  1027.5811    33.8117    33.8114    8.30534         35 0.0000e+00
     82.000     81.136    -1.0545  27.303053    -1.0563  27.301421     8.2629     8.7467    18.3101    72.2350 1.0000e-12  -74.19996 -113.05066  24.116617      99.97 1.8687e+02    392.673       9425  1027.5862  1027.5862    33.8118    33.8116    8.30517         35 0.0000e+00
     83.000     82.124    -1.0487  27.307798    -1.0491  27.307204     8.2574     8.7570    18.2371    71.7163 1.0000e-12  -74.19996 -113.05066  24.116634      99.98 1.8687e+02    394.190       9462  1027.5900  1027.5898    33.8111    33.8108    8.30392         36 0.0000e+00
     84.000     83.114    -1.0494  27.307762    -1.0492  27.307587     8.2754     8.7671    18.0795    72.1809 1.0000e-12  -74.19996 -113.05066  24.116652      99.95 1.8687e+02    395.718       9498  1027.5950  1027.5946    33.8113    33.8108    8.30408         36 0.0000e+00
     85.000     84.103    -1.0465  27.310253    -1.0462  27.310366     8.2825     8.7689    17.4645    73.1598 1.0000e-12  -74.19996 -113.05066  24.116670      67.94 1.8687e+02    397.265       9535  1027.5992  1027.5990    33.8108    33.8106    8.30346         38 0.0000e+00
     86.000     85.092    -1.0443  27.312471    -1.0458  27.311067     8.2779     8.7655    18.2179    72.4234 1.0000e-12  -74.19996 -113.05066  24.116688      99.46 1.8687e+02    398.830       9573  1027.6038  1027.6037    33.8107    33.8105    8.30299         37 0.0000e+00
     87.000     86.081    -1.0444  27.312926    -1.0462  27.311361     8.2820     8.7637    18.6524    71.8741 1.0000e-12  -74.19996 -113.05066  24.116706      99.98 1.8717e+02    400.364       9610  1027.6087  1027.6088    33.8108    33.8108    8.30299         36 0.0000e+00
     88.000     87.071    -1.0443  27.313361    -1.0473  27.310867     8.2755     8.7619    19.2506    72.0169 1.0000e-12  -74.19996 -113.05066  24.116723      99.97 1.8718e+02    401.835       9645  1027.6134  1027.6136    33.8107    33.8107    8.30298         34 0.0000e+00
     89.000     88.060    -1.0413  27.316046    -1.0459  27.312473     8.2472     8.7432    18.7356    71.6210 1.0000e-12  -74.19996 -113.05066  24.116738      99.98 1.8715e+02    403.187       9677  1027.6177  1027.6182    33.8103    33.8106    8.30234         31 0.0000e+00
     90.000     89.049    -1.0521  27.308231    -1.0492  27.310345     8.2205     8.7203    18.1793    71.1448 1.0000e-12  -74.19996 -113.05066  24.116753      99.98 1.8775e+02    404.446       9708  1027.6240  1027.6235    33.8113    33.8109    8.30469         30 0.0000e+00
     91.000     90.037    -1.0550  27.306677    -1.0557  27.305939     8.1866     8.6980    18.4831    72.2296 1.0000e-12  -74.19996 -113.05066  24.116767      99.99 1.8833e+02    405.682       9737  1027.6294  1027.6292    33.8118    33.8116    8.30530         30 0.0000e+00
     92.000     91.028    -1.0552  27.306939    -1.0547  27.307095     8.1575     8.6620    18.1640    71.8697 1.0000e-12  -74.19996 -113.05066  24.116781      99.89 1.8833e+02    406.914       9767  1027.6341  1027.6338    33.8117    33.8114    8.30534         29 0.0000e+00
     93.000     92.017    -1.0713  27.295375    -1.0705  27.296098     8.1482     8.6429    17.9431    72.2764 1.0000e-12  -74.19996 -113.05066  24.116796      99.99 1.8857e+02    408.138       9796  1027.6413  1027.6413    33.8134    33.8135    8.30880         29 0.0000e+00
     94.000     93.005    -1.0730  27.294847    -1.0733  27.294132     8.1758     8.6574    17.3292    72.0171 1.0000e-12  -74.19996 -113.05066  24.116810      99.96 1.8863e+02    409.364       9826  1027.6466  1027.6461    33.8140    33.8134    8.30914         31 0.0000e+00
     95.000     93.996    -1.0668  27.299625    -1.0688  27.297794     8.1986     8.6781    16.4724    72.9759 1.0000e-12  -74.19996 -113.05066  24.116824      99.08 1.8863e+02    410.608       9856  1027.6501  1027.6499    33.8130    33.8127    8.30784         29 0.0000e+00
     96.000     94.984    -1.0636  27.302085    -1.0642  27.301220     8.1508     8.6521    16.8654    72.0029 1.0000e-12  -74.19996 -113.05066  24.116839      99.93 1.8863e+02    411.860       9886  1027.6539  1027.6535    33.8121    33.8116    8.30718         30 0.0000e+00
     97.000     95.974    -1.0703  27.297598    -1.0678  27.299360     8.1238     8.6040    16.9874    71.4756 1.0000e-12  -74.19996 -113.05066  24.116853      99.99 1.8930e+02    413.081       9915  1027.6598  1027.6592    33.8129    33.8125    8.30862         29 0.0000e+00
     98.000     96.962    -1.0762  27.294036    -1.0767  27.293499     8.0911     8.5681    17.1472    71.1453 1.0000e-12  -74.19996 -113.05066  24.116867      99.96 1.8900e+02    414.272       9944  1027.6658  1027.6657    33.8141    33.8139    8.30986         29 0.0000e+00
     99.000     97.951    -1.0833  27.289244    -1.0859  27.287453     8.0495     8.5243    15.4431    73.2226 1.0000e-12  -74.19996 -113.05066  24.116880      99.95 1.8907e+02    415.465       9972  1027.6717  1027.6723    33.8149    33.8154    8.31137         28 0.0000e+00
    100.000     98.941    -1.0840  27.289399    -1.0861  27.287763     7.9777     8.4593    15.2960    72.3526 1.0000e-12  -74.19996 -113.05066  24.116894      99.88 1.8990e+02    416.667      10001  1027.6768  1027.6770    33.8153    33.8154    8.31152         29 0.0000e+00
    101.000     99.931    -1.0965  27.281336    -1.0994  27.279342     7.9072     8.4061    16.0889    72.1285 1.0000e-12  -74.19996 -113.05066  24.116908      99.93 1.8966e+02    417.869      10030  1027.6843  1027.6849    33.8177    33.8183    8.31414         29 0.0000e+00
    102.000    100.919    -1.1077  27.274171    -1.1080  27.273920     7.8856     8.3756    16.1642    74.0964 1.0000e-12  -74.19996 -113.05066  24.116922      99.95 1.8984e+02    419.072      10059  1027.6915  1027.6914    33.8199    33.8199    8.31649         29 0.0000e+00
    103.000    101.909    -1.1100  27.273248    -1.1100  27.272918     7.8546     8.3704    15.4172    74.4617 1.0000e-12  -74.19996 -113.05066  24.116936      99.75 1.9032e+02    420.280      10088  1027.6969  1027.6965    33.8207    33.8202    8.31697         29 0.0000e+00
    104.000    102.898    -1.1140  27.270666    -1.1137  27.270756     7.9041     8.3826    14.9283    73.4953 1.0000e-12  -74.19996 -113.05066  24.116950      99.69 1.9039e+02    421.474      10116  1027.7021  1027.7019    33.8211    33.8209    8.31784         28 0.0000e+00
    105.000    103.886    -1.1130  27.272094    -1.1109  27.273157     7.9149     8.3875    14.5255    73.7531 1.0000e-12  -74.19996 -113.05066  24.116964      99.50 1.9039e+02    422.671      10145  1027.7068  1027.7060    33.8212    33.8203    8.31760         29 0.0000e+00
    106.000    104.876    -1.1092  27.275316    -1.1088  27.275283     7.9352     8.3942    14.1276    75.2480 1.0000e-12  -74.19996 -113.05066  24.116978      99.82 1.9039e+02    423.865      10174  1027.7109  1027.7104    33.8208    33.8202    8.31679         28 0.0000e+00
    107.000    105.865    -1.1074  27.277155    -1.1081  27.276270     7.9261     8.3872    15.0122    73.9794 1.0000e-12  -74.19996 -113.05066  24.116991      99.87 1.9039e+02    425.054      10202  1027.7153  1027.7150    33.8205    33.8201    8.31639         29 0.0000e+00
    108.000    106.854    -1.1069  27.277813    -1.1097  27.275645     7.8912     8.3478    15.1087    74.0819 1.0000e-12  -74.19996 -113.05066  24.117005      99.81 1.9039e+02    426.254      10231  1027.7198  1027.7202    33.8203    33.8205    8.31629         29 0.0000e+00
    109.000    107.843    -1.1096  27.276397    -1.1121  27.274365     7.7625     8.2313    14.9117    75.6898 1.0000e-12  -74.19996 -113.05066  24.117019      99.88 1.9039e+02    427.456      10260  1027.7252  1027.7254    33.8208    33.8208    8.31687         29 0.0000e+00
    110.000    108.833    -1.1209  27.268294    -1.1196  27.269566     7.5528     8.0396    15.0959    75.5069 1.0000e-12  -74.19996 -113.05066  24.117033      99.86 1.9039e+02    428.643      10288  1027.7315  1027.7316    33.8218    33.8221    8.31931         26 0.0000e+00
    111.000    109.821    -1.1543  27.244652    -1.1571  27.243039     7.4361     7.9132    14.8122    74.5466 1.0000e-12  -74.19996 -113.05066  24.117047      99.76 1.9039e+02    429.827      10317  1027.7422  1027.7431    33.8265    33.8275    8.32646         29 0.0000e+00
    112.000    110.811    -1.1796  27.227110    -1.1801  27.226572     7.3776     7.8520    13.5320    76.4277 1.0000e-12  -74.19996 -113.05066  24.117060      99.77 1.9039e+02    431.016      10345  1027.7516  1027.7515    33.8305    33.8304    8.33186         28 0.0000e+00
    113.000    111.799    -1.1808  27.226623    -1.1820  27.225409     7.3047     7.7768    11.9185    75.4768 1.0000e-12  -74.19996 -113.05066  24.117074      99.59 1.9039e+02    432.219      10374  1027.7562  1027.7560    33.8306    33.8302    8.33213         29 0.0000e+00
    114.000    112.789    -1.1931  27.217213    -1.1904  27.219365     7.1590     7.6344    11.6027    76.1670 1.0000e-12  -74.19996 -113.05066  24.117088      99.57 1.9039e+02    433.413      10403  1027.7619  1027.7617    33.8309    33.8309    8.33485         29 0.0000e+00
    115.000    113.777    -1.2104  27.203946    -1.2124  27.202861     7.0044     7.4722    11.1200    76.6630 1.0000e-12  -74.19996 -113.05066  24.117102      96.89 1.9071e+02    434.614      10432  1027.7681  1027.7689    33.8317    33.8324    8.33866         28 0.0000e+00
    116.000    114.767    -1.2315  27.188066    -1.2292  27.190241     6.8257     7.2994    10.7638    77.1810 1.0000e-12  -74.19996 -113.05066  24.117116      90.13 1.9157e+02    435.824      10461  1027.7752  1027.7753    33.8332    33.8335    8.34329         30 0.0000e+00
