ocean_section_plots/required_files/ctd/dnbp2202_ctd211.cnv
* Sea-Bird SBE 9 Data File:
* FileName = D:\Data\raw\NBP2202_CTD211.hex
* Software Version Seasave V 7.26.7.121
* Temperature SN = 1649
* Conductivity SN = 2513
* Number of Bytes Per Scan = 40
* Number of Voltage Words = 5
* Number of Scans Averaged by the Deck Unit = 1
* NMEA Latitude = 74 08.42 S
* NMEA Longitude = 113 22.28 W
* NMEA UTC (Time) = Feb 10 2022  09:49:11
* NMEA baud rate = 9600
** Ship: RVIB N.B. Palmer
** Cruise: NBP2202 Thwaites
** Station: Tow-Yo #3
** Operator: B. Bjork
# nquan = 28
# nvalues = 466                         
# units = specified
# name 0 = prDM: Pressure, Digiquartz [db]
# name 1 = depSM: Depth [salt water, m]
# name 2 = t090C: Temperature [ITS-90, deg C]
# name 3 = c0mS/cm: Conductivity [mS/cm]
# name 4 = t190C: Temperature, 2 [ITS-90, deg C]
# name 5 = c1mS/cm: Conductivity, 2 [mS/cm]
# name 6 = sbeox0ML/L: Oxygen, SBE 43 [ml/l]
# name 7 = sbeox1ML/L: Oxygen, SBE 43, 2 [ml/l]
# name 8 = flECO-AFL: Fluorescence, WET Labs ECO-AFL/FL [mg/m^3]
# name 9 = CStarTr0: Beam Transmission, WET Labs C-Star [%]
# name 10 = par: PAR/Irradiance, Biospherical/Licor
# name 11 = latitude: Latitude [deg]
# name 12 = longitude: Longitude [deg]
# name 13 = timeJ: Julian Days
# name 14 = altM: Altimeter [m]
# name 15 = spar: SPAR, Biospherical/Licor
# name 16 = timeS: Time, Elapsed [seconds]
# name 17 = scan: Scan Count
# name 18 = density00: Density [density, kg/m^3]
# name 19 = density11: Density, 2 [density, kg/m^3]
# name 20 = v3: Voltage 3
# name 21 = v4: Voltage 4
# name 22 = v5: Voltage 5
# name 23 = sal00: Salinity, Practical [PSU]
# name 24 = sal11: Salinity, Practical, 2 [PSU]
# name 25 = oxsolML/L: Oxygen Saturation, Garcia & Gordon [ml/l]
# name 26 = nbin: number of scans per bin
# name 27 = flag: flag
# span 0 =     10.000,    475.000       
# span 1 =      9.896,    469.547       
# span 2 =    -1.5172,    -0.0844       
# span 3 =  26.973436,  28.669812       
# span 4 =    -1.5156,    -0.0818       
# span 5 =  26.973524,  28.670032       
# span 6 =     4.7720,     8.6086       
# span 7 =     4.9043,     8.8370       
# span 8 =    -0.0223,    22.1841       
# span 9 =    77.3758,    97.9216       
# span 10 = 1.0000e-12, 3.4967e-01      
# span 11 =  -74.14179,  -74.14044      
# span 12 = -113.37082, -113.36224      
# span 13 =  41.409573,  41.416454      
# span 14 =       9.17,      99.99      
# span 15 = 2.4402e+01, 2.9274e+01      
# span 16 =     36.097,    630.625      
# span 17 =        867,      15136      
# span 18 =  1027.1918,  1029.8175      
# span 19 =  1027.1897,  1029.8153      
# span 20 =     3.6707,     4.6452      
# span 21 =     0.0634,     3.1840      
# span 22 =     0.1245,     0.2588      
# span 23 =    33.7488,    34.3214      
# span 24 =    33.7472,    34.3188      
# span 25 =    8.06607,    8.40507      
# span 26 =         17,         64      
# span 27 = 0.0000e+00, 0.0000e+00      
# interval = decibars: 1                
# start_time = Feb 10 2022 09:49:11 [NMEA time, header]
# bad_flag = -9.990e-29
*END*
[from data line 52]
     62.000     61.349    -1.0766  27.272740    -1.0753  27.272553     8.1253     8.3921    14.3783    80.2454 1.0000e-12  -74.14067 -113.36940  41.410721      99.64 2.5402e+01    135.321       3249  1027.4872  1027.4858     3.8071     2.3531     0.2050    33.8078    33.8060    8.31031         38 0.0000e+00
     63.000     62.339    -1.0773  27.272788    -1.0757  27.272906     8.0967     8.3749    12.6907    80.3933 1.0000e-12  -74.14068 -113.36939  41.410741      99.13 2.4711e+01    137.041       3290  1027.4923  1027.4910     3.8140     2.4632     0.2044    33.8080    33.8064    8.31045         37 0.0000e+00
     64.000     63.328    -1.0810  27.270227    -1.0794  27.270291     8.0788     8.3584    12.7258    80.8700 1.0000e-12  -74.14068 -113.36935  41.410761      99.39 2.4680e+01    138.763       3331  1027.4975  1027.4961     3.8367     2.0054     0.2081    33.8080    33.8064    8.31127         40 0.0000e+00
     65.000     64.315    -1.0838  27.268419    -1.0822  27.268537     8.0713     8.3577    15.9573    80.4139 1.0000e-12  -74.14068 -113.36933  41.410781      99.51 2.4680e+01    140.485       3373  1027.5025  1027.5011     3.8151     2.1107     0.2176    33.8081    33.8065    8.31189         36 0.0000e+00
     66.000     65.306    -1.0853  27.267765    -1.0837  27.267752     8.0697     8.3524    17.8916    80.3374 1.0000e-12  -74.14068 -113.36931  41.410800      99.61 2.4791e+01    142.117       3412  1027.5076  1027.5061     3.8115     2.2981     0.2162    33.8084    33.8065    8.31222         33 0.0000e+00
     67.000     66.296    -1.0853  27.268304    -1.0838  27.268295     8.0768     8.3535    16.4362    81.3519 1.0000e-12  -74.14068 -113.36928  41.410814      99.36 2.4983e+01    143.372       3442  1027.5125  1027.5111     3.8594     1.8201     0.2172    33.8084    33.8067    8.31221         29 0.0000e+00
     68.000     67.284    -1.0860  27.268381    -1.0844  27.268424     8.0730     8.3513    11.2244    80.8778 1.0000e-12  -74.14069 -113.36927  41.410828      99.53 2.6137e+01    144.581       3471  1027.5175  1027.5160     3.8372     2.1372     0.2115    33.8086    33.8069    8.31234         29 0.0000e+00
     69.000     68.276    -1.0850  27.269667    -1.0834  27.269836     8.0594     8.3393    11.0328    81.3001 1.0000e-12  -74.14070 -113.36926  41.410842      99.39 2.4690e+01    145.783       3500  1027.5223  1027.5209     3.8571     1.8900     0.2122    33.8087    33.8071    8.31212         29 0.0000e+00
     70.000     69.264    -1.0842  27.271065    -1.0826  27.271154     8.0347     8.3148    12.4477    81.8212 1.0000e-12  -74.14070 -113.36925  41.410856      99.35 2.4680e+01    146.993       3529  1027.5273  1027.5259     3.8818     1.8517     0.1969    33.8091    33.8075    8.31192         29 0.0000e+00
     71.000     70.254    -1.0916  27.265745    -1.0901  27.265900     8.0091     8.2935    13.9454    81.2339 1.0000e-12  -74.14070 -113.36922  41.410870      99.46 2.6364e+01    148.195       3558  1027.5330  1027.5317     3.8539     1.7277     0.2002    33.8096    33.8080    8.31354         29 0.0000e+00
     72.000     71.242    -1.0947  27.263782    -1.0931  27.263972     7.9824     8.2662    14.1725    80.7775 1.0000e-12  -74.14070 -113.36920  41.410884      99.40 2.4993e+01    149.397       3587  1027.5381  1027.5368     3.8322     2.0201     0.2210    33.8098    33.8082    8.31422         28 0.0000e+00
     73.000     72.232    -1.0986  27.261224    -1.0969  27.261454     7.9516     8.2389    13.5677    80.5478 1.0000e-12  -74.14070 -113.36919  41.410898      98.67 2.4800e+01    150.595       3615  1027.5433  1027.5420     3.8215     1.9854     0.2039    33.8100    33.8084    8.31506         29 0.0000e+00
     74.000     73.219    -1.1055  27.256009    -1.1037  27.256502     7.9287     8.2089    13.6508    80.9096 1.0000e-12  -74.14070 -113.36917  41.410912      96.71 2.6990e+01    151.791       3644  1027.5486  1027.5474     3.8385     2.1258     0.2441    33.8100    33.8087    8.31659         29 0.0000e+00
     75.000     74.213    -1.1111  27.252105    -1.1091  27.252610     7.8968     8.1846    15.1629    80.4223 1.0000e-12  -74.14070 -113.36916  41.410926      99.26 2.5075e+01    152.983       3673  1027.5539  1027.5525     3.8153     1.8345     0.2104    33.8103    33.8088    8.31781         26 0.0000e+00
     76.000     75.201    -1.1164  27.248045    -1.1146  27.248528     7.8687     8.1527    14.2449    80.1981 1.0000e-12  -74.14072 -113.36914  41.410940      99.35 2.4676e+01    154.179       3701  1027.5588  1027.5576     3.8048     1.9584     0.1998    33.8102    33.8088    8.31901         29 0.0000e+00
     77.000     76.188    -1.1223  27.243818    -1.1207  27.244062     7.8412     8.1183    13.5357    80.1515 1.0000e-12  -74.14072 -113.36912  41.410953      99.44 2.6683e+01    155.373       3730  1027.5641  1027.5628     3.8026     2.0048     0.2021    33.8105    33.8089    8.32030         29 0.0000e+00
     78.000     77.179    -1.1278  27.239835    -1.1261  27.240045     7.8080     8.0809    14.3621    80.7641 1.0000e-12  -74.14072 -113.36911  41.410967      99.37 2.5381e+01    156.555       3758  1027.5692  1027.5679     3.8317     1.7310     0.1852    33.8105    33.8090    8.32151         28 0.0000e+00
     79.000     78.167    -1.1362  27.233431    -1.1346  27.233682     7.7610     8.0355    14.9820    80.1277 1.0000e-12  -74.14072 -113.36909  41.410981      99.38 2.4807e+01    157.740       3787  1027.5746  1027.5733     3.8018     1.6514     0.1826    33.8107    33.8092    8.32337         29 0.0000e+00
     80.000     79.157    -1.1442  27.227314    -1.1427  27.227344     7.6894     7.9657    13.7252    80.3897 1.0000e-12  -74.14072 -113.36907  41.410995      99.37 2.6680e+01    158.928       3815  1027.5798  1027.5785     3.8136     1.7217     0.1845    33.8108    33.8091    8.32516         28 0.0000e+00
     81.000     80.146    -1.1556  27.218103    -1.1537  27.218662     7.5696     7.8537    14.2258    80.1039 1.0000e-12  -74.14072 -113.36906  41.411008      99.37 2.5678e+01    160.115       3844  1027.5849  1027.5837     3.8004     1.8766     0.1893    33.8104    33.8089    8.32771         28 0.0000e+00
     82.000     81.135    -1.1815  27.197216    -1.1798  27.197329     7.4076     7.6904    15.2025    81.6778 1.0000e-12  -74.14074 -113.36904  41.411022      99.43 2.4851e+01    161.307       3872  1027.5911  1027.5896     3.8750     1.9191     0.2202    33.8103    33.8086    8.33347         29 0.0000e+00
     83.000     82.126    -1.2052  27.178040    -1.2038  27.178188     7.1492     7.4581    14.1355    80.2760 1.0000e-12  -74.14074 -113.36903  41.411036      99.43 2.6088e+01    162.510       3901  1027.5971  1027.5959     3.8086     1.9659     0.2134    33.8102    33.8088    8.33877         29 0.0000e+00
     84.000     83.112    -1.2474  27.143012    -1.2468  27.143221     6.9111     7.2380    14.5415    80.0411 1.0000e-12  -74.14074 -113.36901  41.411050      99.35 2.7048e+01    163.705       3930  1027.6034  1027.6032     3.7974     1.7954     0.2089    33.8093    33.8089    8.34825         29 0.0000e+00
     85.000     84.104    -1.3094  27.095403    -1.3083  27.095429     6.8019     7.1258    14.7936    80.6369 1.0000e-12  -74.14074 -113.36900  41.411064      99.08 2.4835e+01    164.899       3959  1027.6150  1027.6139     3.8256     2.0282     0.2146    33.8134    33.8121    8.36188         29 0.0000e+00
     86.000     85.093    -1.3277  27.081806    -1.3262  27.082164     6.7780     7.0829    12.2848    80.4534 1.0000e-12  -74.14074 -113.36898  41.411077      99.37 2.5803e+01    166.092       3987  1027.6213  1027.6204     3.8170     1.7430     0.1996    33.8147    33.8136    8.36589         28 0.0000e+00
     87.000     86.083    -1.3386  27.074379    -1.3372  27.074685     6.7897     7.0639    12.8013    81.7735 1.0000e-12  -74.14074 -113.36896  41.411091      99.35 2.6890e+01    167.278       4016  1027.6275  1027.6265     3.8795     1.7307     0.1759    33.8162    33.8151    8.36825         28 0.0000e+00
     88.000     87.070    -1.3404  27.073606    -1.3389  27.073975     6.7344     6.9765    12.3759    82.1203 1.0000e-12  -74.14074 -113.36895  41.411105      99.36 2.4800e+01    168.459       4044  1027.6321  1027.6310     3.8960     1.8733     0.1850    33.8166    33.8154    8.36864         29 0.0000e+00
     89.000     88.060    -1.3429  27.072160    -1.3413  27.072725     6.4864     6.7591    12.1994    82.8393 1.0000e-12  -74.14074 -113.36892  41.411119      99.49 2.5750e+01    169.645       4072  1027.6368  1027.6359     3.9302     1.9480     0.1905    33.8168    33.8158    8.36919         28 0.0000e+00
     90.000     89.049    -1.3750  27.046166    -1.3724  27.048511     6.1825     6.4973    11.4097    84.6150 1.0000e-12  -74.14075 -113.36891  41.411132      99.46 2.7409e+01    170.828       4101  1027.6430  1027.6431     4.0142     1.3982     0.1815    33.8167    33.8170    8.37639         28 0.0000e+00
     91.000     90.039    -1.4734  26.975654    -1.4714  26.976900     6.0687     6.3693    10.2513    83.9302 1.0000e-12  -74.14076 -113.36890  41.411146      99.38 2.4954e+01    172.015       4129  1027.6645  1027.6639     3.9818     1.6014     0.1879    33.8305    33.8300    8.39775         29 0.0000e+00
     92.000     91.027    -1.4755  26.981602    -1.4751  26.980203     6.0174     6.2815     8.4105    84.6573 1.0000e-12  -74.14076 -113.36888  41.411160      99.58 2.5595e+01    173.215       4158  1027.6766  1027.6747     4.0163     1.1899     0.1772    33.8405    33.8381    8.39763         29 0.0000e+00
     93.000     92.017    -1.4364  27.025827    -1.4357  27.025358     5.8785     6.1490     7.8132    86.1393 1.0000e-12  -74.14076 -113.36886  41.411174      99.60 2.7848e+01    174.420       4187  1027.6913  1027.6902     4.0865     1.1146     0.1554    33.8565    33.8550    8.38785         29 0.0000e+00
     94.000     93.005    -1.4630  27.010550    -1.4576  27.014737     5.7512     6.0103     5.6637    87.7056 1.0000e-12  -74.14076 -113.36884  41.411188      99.56 2.4844e+01    175.632       4216  1027.7043  1027.7036     4.1608     1.2251     0.1681    33.8650    33.8646    8.39334         29 0.0000e+00
     95.000     93.996    -1.4939  26.986982    -1.4921  26.988277     5.6879     5.9334     6.8360    89.6673 1.0000e-12  -74.14076 -113.36883  41.411202      94.83 2.5383e+01    176.850       4245  1027.7120  1027.7117     4.2538     1.1709     0.1684    33.8669    33.8666    8.40020         30 0.0000e+00
     96.000     94.985    -1.5128  26.973436    -1.5117  26.973610     5.6829     5.9054     3.3849    91.4148 1.0000e-12  -74.14078 -113.36882  41.411216      98.39 2.7102e+01    178.077       4275  1027.7191  1027.7183     4.3367     1.2001     0.1656    33.8690    33.8681    8.40434         29 0.0000e+00
     97.000     95.973    -1.5144  26.973471    -1.5136  26.973524     5.6939     5.8984     1.7253    91.4593 1.0000e-12  -74.14078 -113.36880  41.411230      99.79 2.4870e+01    179.305       4304  1027.7244  1027.7238     4.3388     0.5845     0.1481    33.8702    33.8694    8.40463         30 0.0000e+00
     98.000     96.962    -1.5150  26.973990    -1.5137  26.974156     5.7012     5.8947     0.9874    93.1594 1.0000e-12  -74.14078 -113.36879  41.411245      99.82 2.5105e+01    180.539       4334  1027.7294  1027.7285     4.4195     0.4277     0.1371    33.8710    33.8698    8.40472         29 0.0000e+00
     99.000     97.952    -1.5157  26.973771    -1.5145  26.974031     5.7108     5.8952     1.4679    94.2048 1.0000e-12  -74.14078 -113.36877  41.411259      99.86 2.7321e+01    181.765       4363  1027.7338  1027.7330     4.4689     0.3345     0.1361    33.8709    33.8699    8.40488         29 0.0000e+00
    100.000     98.942    -1.5148  26.975084    -1.5135  26.975453     5.7174     5.8887     1.6553    95.4693 1.0000e-12  -74.14078 -113.36875  41.411273      99.85 2.4941e+01    182.996       4393  1027.7384  1027.7376     4.5292     0.3066     0.1359    33.8710    33.8701    8.40467         30 0.0000e+00
    101.000     99.930    -1.5114  26.978742    -1.5098  26.979075     5.7163     5.8847     0.8995    96.3886 1.0000e-12  -74.14078 -113.36872  41.411287      99.86 2.5386e+01    184.231       4423  1027.7431  1027.7420     4.5724     0.2495     0.1341    33.8716    33.8702    8.40387         30 0.0000e+00
    102.000    100.920    -1.5118  26.979308    -1.5103  26.979579     5.7122     5.8716     0.7710    96.7032 1.0000e-12  -74.14078 -113.36870  41.411302      99.86 2.7422e+01    185.462       4452  1027.7483  1027.7472     4.5875     0.1951     0.1367    33.8722    33.8709    8.40392         29 0.0000e+00
    103.000    101.909    -1.5141  26.977900    -1.5124  26.978536     5.7025     5.8643     0.9060    96.1216 1.0000e-12  -74.14078 -113.36869  41.411316      99.87 2.4761e+01    186.685       4481  1027.7531  1027.7522     4.5599     0.2137     0.1300    33.8722    33.8713    8.40444         29 0.0000e+00
    104.000    102.898    -1.5169  26.976637    -1.5154  26.977078     5.6956     5.8620     1.0234    96.7093 1.0000e-12  -74.14078 -113.36868  41.411330      99.87 2.5215e+01    187.915       4511  1027.7586  1027.7576     4.5878     0.1581     0.1273    33.8731    33.8720    8.40503         30 0.0000e+00
    105.000    103.888    -1.5172  26.977121    -1.5156  26.977497     5.6845     5.8566     0.5978    97.4102 1.0000e-12  -74.14080 -113.36865  41.411344      99.87 2.7152e+01    189.140       4540  1027.7635  1027.7625     4.6210     0.1443     0.1413    33.8735    33.8722    8.40507         28 0.0000e+00
    106.000    104.877    -1.5150  26.979966    -1.5138  26.979852     5.6746     5.8482     0.4524    97.5578 1.0000e-12  -74.14080 -113.36864  41.411358      95.41 2.4705e+01    190.363       4570  1027.7688  1027.7676     4.6280     0.1034     0.1329    33.8743    33.8728    8.40453         29 0.0000e+00
    107.000    105.866    -1.5161  26.979787    -1.5146  26.980095     5.6684     5.8356     0.2733    97.4566 1.0000e-12  -74.14080 -113.36861  41.411373      98.66 2.5412e+01    191.588       4599  1027.7738  1027.7728     4.6232     0.1383     0.1288    33.8747    33.8733    8.40476         29 0.0000e+00
    108.000    106.855    -1.5113  26.985001    -1.5091  26.985747     5.6719     5.8392     0.2706    97.4534 1.0000e-12  -74.14080 -113.36859  41.411387      99.88 2.7437e+01    192.804       4628  1027.7792  1027.7779     4.6230     0.1410     0.1281    33.8758    33.8743    8.40361         29 0.0000e+00
    109.000    107.844    -1.5097  26.986681    -1.5079  26.987369     5.6547     5.8187     0.3354    97.2899 1.0000e-12  -74.14080 -113.36858  41.411401      99.86 2.4749e+01    194.016       4657  1027.7838  1027.7828     4.6153     0.2179     0.1301    33.8757    33.8745    8.40325         30 0.0000e+00
    110.000    108.832    -1.5030  26.993576    -1.5009  26.993866     5.6266     5.8017     0.3914    96.9472 1.0000e-12  -74.14080 -113.36856  41.411415      99.87 2.4921e+01    195.235       4687  1027.7891  1027.7875     4.5991     0.1707     0.1308    33.8769    33.8750    8.40165         29 0.0000e+00
    111.000    109.821    -1.4766  27.018943    -1.4726  27.020335     5.6105     5.7810     0.2581    97.4655 1.0000e-12  -74.14080 -113.36854  41.411429      99.87 2.7107e+01    196.456       4716  1027.7959  1027.7937     4.6236     0.0966     0.1271    33.8813    33.8788    8.39543         29 0.0000e+00
    112.000    110.812    -1.4705  27.024097    -1.4686  27.024439     5.6051     5.7765     0.5038    97.5119 1.0000e-12  -74.14080 -113.36852  41.411443      99.88 2.4705e+01    197.675       4745  1027.8001  1027.7988     4.6258     0.0871     0.1253    33.8809    33.8792    8.39408         30 0.0000e+00
