ocean_section_plots/required_files/ctd/dnbp2202_ctd271.cnv
* Sea-Bird SBE 9 Data File:
* FileName = D:\Data\raw\NBP2202_CTD271.hex
* Software Version Seasave V 7.26.7.121
* Temperature SN = 1649
* Conductivity SN = 2513
* Number of Bytes Per Scan = 40
* Number of Voltage Words = 5
* Number of Scans Averaged by the Deck Unit = 1
* NMEA Latitude = 73 43.90 S
* NMEA Longitude = 116 51.21 W
* NMEA UTC (Time) = Feb 20 2022  20:05:26
* NMEA baud rate = 9600
** Ship: RVIB N.B. Palmer
** Cruise: NBP2202 Thwaites
** Station: 174
** Operator: A. Robinson
# nquan = 28
# nvalues = 626                         
# units = specified
# name 0 = prDM: Pressure, Digiquartz [db]
# name 1 = depSM: Depth [salt water, m]
# name 2 = t090C: Temperature [ITS-90, deg C]
# name 3 = c0mS/cm: Conductivity [mS/cm]
# name 4 = t190C: Temperature, 2 [ITS-90, deg C]
# name 5 = c1mS/cm: Conductivity, 2 [mS/cm]
# name 6 = sbeox0ML/L: Oxygen, SBE 43 [ml/l]
# name 7 = sbeox1ML/L: Oxygen, SBE 43, 2 [ml/l]
# name 8 = flECO-AFL: Fluorescence, WET Labs ECO-AFL/FL [mg/m^3]
# name 9 = CStarTr0: Beam Transmission, WET Labs C-Star [%]
# name 10 = par: PAR/Irradiance, Biospherical/Licor
# name 11 = latitude: Latitude [deg]
# name 12 = longitude: Longitude [deg]
# name 13 = timeJ: Julian Days
# name 14 = altM: Altimeter [m]
# name 15 = spar: SPAR, Biospherical/Licor
# name 16 = timeS: Time, Elapsed [seconds]
# name 17 = scan: Scan Count
# name 18 = density00: Density [density, kg/m^3]
# name 19 = density11: Density, 2 [density, kg/m^3]
# name 20 = v3: Voltage 3
# name 21 = v4: Voltage 4
# name 22 = v5: Voltage 5
# name 23 = sal00: Salinity, Practical [PSU]
# name 24 = sal11: Salinity, Practical, 2 [PSU]
# name 25 = oxsolML/L: Oxygen Saturation, Garcia & Gordon [ml/l]
# name 26 = nbin: number of scans per bin
# name 27 = flag: flag
# span 0 =      3.000,    628.000       
# span 1 =      2.970,    620.574       
# span 2 =    -1.7765,     0.1477       
# span 3 =  26.999995,  29.040519       
# span 4 =    -1.7756,     0.1544       
# span 5 =  27.000327,  29.045221       
# span 6 =     4.8229,     8.7679       
# span 7 =     4.9588,     9.0911       
# span 8 =     0.2185,    12.2980       
# span 9 =    88.0043,    97.7290       
# span 10 = -1.797e-06, 1.1674e+02      
# span 11 =  -73.73168,  -73.73166      
# span 12 = -116.85368, -116.85364      
# span 13 =  51.840109,  51.848728      
# span 14 =       2.14,     100.08      
# span 15 = 2.1003e+02, 2.6771e+02      
# span 16 =    259.441,   1004.118      
# span 17 =       6228,      24100      
# span 18 =  1027.0749,  1030.6343      
# span 19 =  1027.0741,  1030.6327      
# span 20 =     4.1749,     4.6361      
# span 21 =     0.1033,     2.1180      
# span 22 =     0.1093,     0.2098      
# span 23 =    33.7038,    34.4610      
# span 24 =    33.7033,    34.4598      
# span 25 =    8.00954,    8.44929      
# span 26 =         18,         48      
# span 27 = 0.0000e+00, 0.0000e+00      
# interval = decibars: 1                
# start_time = Feb 20 2022 20:05:26 [NMEA time, header]
# bad_flag = -9.990e-29
*END*
[from data line 104]
    107.000    105.867    -0.7685  27.648220    -0.7673  27.649638     7.4518     7.7332     4.4440    91.5657 1.0000e-12  -73.73166 -116.85366  51.842171      99.86 2.1835e+02    437.550      10502  1027.8058  1027.8061     4.3443     0.5676     0.1357    33.9435    33.9441    8.23457         34 0.0000e+00
    108.000    106.858    -0.7910  27.630648    -0.7908  27.631637     7.4334     7.7080     4.4282    92.4364 1.0000e-12  -73.73166 -116.85366  51.842185      99.81 2.1860e+02    438.821      10533  1027.8121  1027.8129     4.3846     0.7195     0.1459    33.9445    33.9456    8.23944         28 0.0000e+00
    109.000    107.845    -0.8178  27.609888    -0.8172  27.610879     7.3990     7.6903     3.9844    92.5335 1.0000e-12  -73.73166 -116.85366  51.842198      94.14 2.1860e+02    439.931      10559  1027.8192  1027.8196     4.3898     0.6939     0.1402    33.9459    33.9466    8.24522         26 0.0000e+00
    110.000    108.836    -0.8527  27.583383    -0.8522  27.584688     7.4141     7.6837     3.3911    92.7121 1.0000e-12  -73.73166 -116.85366  51.842212      99.66 2.1860e+02    441.073      10587  1027.8278  1027.8288     4.3982     0.7067     0.1532    33.9486    33.9498    8.25270         30 0.0000e+00
    111.000    109.824    -0.8572  27.589394    -0.8553  27.589908     7.4293     7.6907     3.6638    92.7541 1.0000e-12  -73.73166 -116.85366  51.842227      99.83 2.1906e+02    442.421      10619  1027.8422  1027.8409     4.4002     0.6745     0.1384    33.9612    33.9597    8.25295         34 0.0000e+00
    112.000    110.813    -0.8477  27.600746    -0.8470  27.601708     7.4442     7.6882     4.2691    92.6517 1.0000e-12  -73.73166 -116.85367  51.842244      99.87 2.2017e+02    443.851      10653  1027.8489  1027.8493     4.3954     0.5279     0.1343    33.9653    33.9658    8.25063         32 0.0000e+00
    113.000    111.802    -0.8638  27.591036    -0.8629  27.591851     7.4241     7.6687     3.9487    92.9930 1.0000e-12  -73.73166 -116.85368  51.842258      99.88 2.2036e+02    445.126      10684  1027.8578  1027.8578     4.4116     0.4664     0.1389    33.9697    33.9698    8.25391         30 0.0000e+00
    114.000    112.793    -0.8679  27.590685    -0.8669  27.591469     7.4055     7.6435     3.6023    94.0139 1.0000e-12  -73.73166 -116.85368  51.842272      99.85 2.2036e+02    446.294      10712  1027.8652  1027.8651     4.4599     0.6221     0.1449    33.9732    33.9731    8.25460         27 0.0000e+00
    115.000    113.780    -0.8817  27.580452    -0.8809  27.580493     7.3735     7.6294     2.9667    93.2320 1.0000e-12  -73.73166 -116.85368  51.842285      99.83 2.2036e+02    447.434      10739  1027.8714  1027.8707     4.4229     0.6880     0.1411    33.9742    33.9734    8.25757         28 0.0000e+00
    116.000    114.769    -0.9139  27.555960    -0.9145  27.556273     7.3360     7.5813     3.8921    93.3407 1.0000e-12  -73.73166 -116.85368  51.842299      99.86 2.2036e+02    448.610      10768  1027.8800  1027.8809     4.4278     0.5776     0.1425    33.9767    33.9777    8.26450         28 0.0000e+00
    117.000    115.759    -0.9424  27.534130    -0.9431  27.533727     7.2983     7.5326     3.5500    92.9729 1.0000e-12  -73.73166 -116.85368  51.842313      99.87 2.2066e+02    449.843      10797  1027.8876  1027.8880     4.4108     0.5224     0.1443    33.9785    33.9788    8.27065         31 0.0000e+00
    118.000    116.748    -0.9605  27.519716    -0.9601  27.520901     7.2179     7.4776     3.6044    93.3896 1.0000e-12  -73.73166 -116.85368  51.842327      99.84 2.2127e+02    451.087      10827  1027.8933  1027.8943     4.4300     0.6484     0.1354    33.9787    33.9800    8.27462         29 0.0000e+00
    119.000    117.736    -1.0280  27.467366    -1.0284  27.468503     7.1638     7.4280     3.2652    92.7509 1.0000e-12  -73.73166 -116.85368  51.842341      99.88 2.2138e+02    452.228      10854  1027.9057  1027.9073     4.4005     0.4756     0.1357    33.9831    33.9851    8.28926         26 0.0000e+00
    120.000    118.727    -1.0616  27.442238    -1.0621  27.442610     7.1390     7.4001     3.5156    92.6871 1.0000e-12  -73.73166 -116.85368  51.842353      97.46 2.2183e+02    453.270      10879  1027.9146  1027.9155     4.3970     0.5923     0.1461    33.9862    33.9872    8.29650         25 0.0000e+00
    121.000    119.714    -1.0787  27.429539    -1.0815  27.427956     7.0958     7.3545     3.8134    92.5042 1.0000e-12  -73.73166 -116.85368  51.842365      99.82 2.2212e+02    454.308      10904  1027.9209  1027.9220     4.3884     0.6436     0.1433    33.9876    33.9887    8.30020         24 0.0000e+00
    122.000    120.704    -1.1243  27.393886    -1.1236  27.395844     7.0685     7.3178     2.8876    93.3133 1.0000e-12  -73.73166 -116.85368  51.842377      99.83 2.2212e+02    455.351      10929  1027.9300  1027.9315     4.4267     0.6751     0.1456    33.9899    33.9918    8.31017         25 0.0000e+00
    123.000    121.694    -1.1570  27.370126    -1.1560  27.371505     7.0224     7.2698     3.0366    93.3458 1.0000e-12  -73.73166 -116.85368  51.842389      99.87 2.2212e+02    456.388      10954  1027.9394  1027.9400     4.4283     0.5656     0.1516    33.9938    33.9946    8.31719         26 0.0000e+00
    124.000    122.684    -1.1847  27.348767    -1.1843  27.350178     6.9670     7.2219     3.1385    93.6423 1.0000e-12  -73.73166 -116.85368  51.842401      99.89 2.2212e+02    457.450      10980  1027.9466  1027.9477     4.4423     0.4340     0.1386    33.9954    33.9969    8.32327         25 0.0000e+00
    125.000    123.672    -1.2360  27.310453    -1.2356  27.311746     6.9269     7.1886     3.2999    93.5556 1.0000e-12  -73.73166 -116.85368  51.842413      99.88 2.2212e+02    458.493      11005  1027.9579  1027.9590     4.4382     0.4816     0.1390    34.0004    34.0018    8.33438         25 0.0000e+00
    126.000    124.661    -1.2615  27.290893    -1.2611  27.292301     6.8909     7.1480     2.8229    93.7813 1.0000e-12  -73.73166 -116.85368  51.842424      99.90 2.2212e+02    459.473      11028  1027.9649  1027.9661     4.4489     0.4375     0.1402    34.0020    34.0035    8.33999         22 0.0000e+00
    127.000    125.649    -1.3101  27.255102    -1.3101  27.256291     6.8695     7.1219     2.3381    93.5239 1.0000e-12  -73.73166 -116.85368  51.842435      99.90 2.2212e+02    460.415      11051  1027.9765  1027.9778     4.4367     0.4053     0.1401    34.0075    34.0091    8.35053         23 0.0000e+00
    128.000    126.639    -1.3322  27.240801    -1.3318  27.241724     6.8550     7.1012     1.9075    93.5111 1.0000e-12  -73.73166 -116.85368  51.842446      99.87 2.2212e+02    461.374      11074  1027.9857  1027.9864     4.4362     0.5146     0.1399    34.0122    34.0131    8.35518         23 0.0000e+00
    129.000    127.628    -1.3463  27.230516    -1.3462  27.231415     6.8453     7.0876     2.3012    94.0463 1.0000e-12  -73.73166 -116.85368  51.842458      99.89 2.2212e+02    462.354      11098  1027.9917  1027.9926     4.4614     0.4410     0.1440    34.0136    34.0147    8.35827         24 0.0000e+00
    130.000    128.617    -1.3670  27.216060    -1.3666  27.216988     6.8490     7.0862     2.5344    93.8628 1.0000e-12  -73.73166 -116.85368  51.842470      99.92 2.2212e+02    463.404      11123  1027.9995  1028.0001     4.4528     0.3155     0.1431    34.0166    34.0174    8.36273         26 0.0000e+00
    131.000    129.606    -1.3744  27.211304    -1.3739  27.212344     6.8489     7.0831     2.0153    94.3320 1.0000e-12  -73.73166 -116.85368  51.842482      99.90 2.2212e+02    464.482      11149  1028.0049  1028.0055     4.4750     0.4204     0.1376    34.0178    34.0187    8.36431         26 0.0000e+00
    132.000    130.594    -1.3788  27.208984    -1.3780  27.210013     6.8561     7.0788     1.6775    94.8987 1.0000e-12  -73.73166 -116.85368  51.842494      99.10 2.2212e+02    465.510      11173  1028.0103  1028.0106     4.5014     0.4097     0.1354    34.0191    34.0195    8.36523         24 0.0000e+00
    133.000    131.585    -1.3807  27.208241    -1.3803  27.209127     6.8519     7.0726     1.7182    93.9151 1.0000e-12  -73.73166 -116.85368  51.842506      99.52 2.2164e+02    466.480      11197  1028.0150  1028.0156     4.4558     0.4713     0.1358    34.0195    34.0203    8.36562         22 0.0000e+00
    134.000    132.573    -1.3821  27.207918    -1.3816  27.208717     6.8549     7.0685     1.7900    95.2120 1.0000e-12  -73.73166 -116.85368  51.842516      99.85 2.2127e+02    467.426      11219  1028.0198  1028.0203     4.5167     0.6103     0.1466    34.0200    34.0206    8.36591         23 0.0000e+00
    135.000    133.562    -1.3838  27.207269    -1.3836  27.207941     6.8512     7.0627     1.9485    94.7269 1.0000e-12  -73.73166 -116.85368  51.842527      99.90 2.2132e+02    468.358      11242  1028.0247  1028.0252     4.4937     0.3814     0.1361    34.0205    34.0211    8.36626         22 0.0000e+00
    136.000    134.550    -1.3892  27.203582    -1.3892  27.204297     6.8350     7.0480     1.9124    94.6254 1.0000e-12  -73.73166 -116.85368  51.842539      99.91 2.2142e+02    469.331      11265  1028.0298  1028.0306     4.4890     0.3364     0.1363    34.0210    34.0219    8.36746         25 0.0000e+00
    137.000    135.541    -1.4041  27.193082    -1.4041  27.193562     6.8256     7.0361     2.5604    94.6327 1.0000e-12  -73.73166 -116.85368  51.842551      99.89 2.2063e+02    470.403      11291  1028.0366  1028.0372     4.4893     0.4817     0.1349    34.0228    34.0235    8.37069         26 0.0000e+00
    138.000    136.530    -1.4117  27.187743    -1.4117  27.188228     6.8010     7.0210     2.8867    94.4350 1.0000e-12  -73.73166 -116.85368  51.842564      99.82 2.2036e+02    471.488      11317  1028.0420  1028.0425     4.4799     0.6276     0.1438    34.0234    34.0241    8.37235         26 0.0000e+00
    139.000    137.518    -1.4228  27.180318    -1.4227  27.181075     6.8050     7.0084     2.0731    94.3518 1.0000e-12  -73.73166 -116.85368  51.842576      99.91 2.2036e+02    472.524      11342  1028.0486  1028.0493     4.4759     0.3663     0.1435    34.0253    34.0261    8.37474         24 0.0000e+00
    140.000    138.507    -1.4417  27.168908    -1.4413  27.169639     6.7857     6.9973     2.1754    94.5354 1.0000e-12  -73.73166 -116.85368  51.842587      99.91 2.2036e+02    473.493      11365  1028.0584  1028.0588     4.4847     0.3449     0.1455    34.0304    34.0309    8.37868         23 0.0000e+00
    141.000    139.496    -1.4543  27.161877    -1.4538  27.162895     6.7642     6.9885     1.9536    94.7046 1.0000e-12  -73.73166 -116.85368  51.842598      99.91 2.2036e+02    474.428      11387  1028.0670  1028.0676     4.4927     0.3242     0.1313    34.0345    34.0353    8.38128         22 0.0000e+00
    142.000    140.486    -1.4626  27.156879    -1.4622  27.157432     6.7585     6.9812     1.7267    94.9526 1.0000e-12  -73.73166 -116.85368  51.842608      99.90 2.2036e+02    475.339      11409  1028.0735  1028.0737     4.5044     0.3976     0.1406    34.0364    34.0367    8.38303         22 0.0000e+00
    143.000    141.475    -1.4695  27.152379    -1.4692  27.153041     6.7486     6.9733     1.6111    94.8567 1.0000e-12  -73.73166 -116.85368  51.842620      99.90 2.1980e+02    476.336      11433  1028.0793  1028.0797     4.4999     0.3783     0.1382    34.0375    34.0380    8.38453         25 0.0000e+00
    144.000    142.461    -1.4780  27.148127    -1.4772  27.149295     6.7571     6.9739     1.6681    94.8486 1.0000e-12  -73.73166 -116.85366  51.842632      99.91 2.1907e+02    477.398      11459  1028.0868  1028.0873     4.4996     0.3514     0.1326    34.0407    34.0413    8.38625         26 0.0000e+00
    145.000    143.454    -1.4824  27.145594    -1.4822  27.146065     6.7515     6.9727     1.8286    94.4938 1.0000e-12  -73.73166 -116.85368  51.842644      90.41 2.1874e+02    478.457      11484  1028.0922  1028.0926     4.4827     0.2981     0.1460    34.0415    34.0419    8.38718         25 0.0000e+00
    146.000    144.440    -1.4860  27.143512    -1.4856  27.144139     6.7641     6.9653     1.7497    95.1074 1.0000e-12  -73.73166 -116.85366  51.842656      98.47 2.1875e+02    479.477      11508  1028.0975  1028.0978     4.5118     0.3129     0.1381    34.0422    34.0425    8.38796         24 0.0000e+00
    147.000    145.429    -1.4858  27.144177    -1.4856  27.144543     6.7502     6.9553     1.3116    94.8233 1.0000e-12  -73.73166 -116.85368  51.842667      99.89 2.1860e+02    480.454      11532  1028.1020  1028.1023     4.4984     0.4093     0.1430    34.0422    34.0425    8.38791         23 0.0000e+00
    148.000    146.418    -1.4865  27.144035    -1.4860  27.144681     6.7303     6.9386     1.5625    95.1773 1.0000e-12  -73.73166 -116.85368  51.842678      99.91 2.1803e+02    481.400      11555  1028.1067  1028.1070     4.5151     0.3189     0.1343    34.0421    34.0426    8.38807         22 0.0000e+00
    149.000    147.409    -1.4964  27.136633    -1.4962  27.137201     6.7263     6.9301     1.8295    94.4379 1.0000e-12  -73.73166 -116.85368  51.842689      99.92 2.1750e+02    482.349      11577  1028.1122  1028.1127     4.4804     0.2816     0.1381    34.0426    34.0432    8.39027         24 0.0000e+00
    150.000    148.398    -1.5027  27.132427    -1.5024  27.132898     6.7007     6.9199     1.5142    95.1865 1.0000e-12  -73.73166 -116.85368  51.842701      99.92 2.1490e+02    483.383      11602  1028.1178  1028.1181     4.5152     0.3253     0.1377    34.0433    34.0437    8.39165         26 0.0000e+00
    151.000    149.385    -1.5190  27.119626    -1.5189  27.120527     6.6966     6.9072     1.4722    95.2030 1.0000e-12  -73.73166 -116.85366  51.842714      99.91 2.1003e+02    484.449      11628  1028.1237  1028.1246     4.5164     0.3796     0.1342    34.0437    34.0448    8.39532         25 0.0000e+00
    152.000    150.375    -1.5366  27.106513    -1.5349  27.108327     6.6930     6.8973     1.5975    94.8136 1.0000e-12  -73.73166 -116.85366  51.842726      99.90 2.1114e+02    485.517      11653  1028.1304  1028.1307     4.4979     0.3797     0.1336    34.0450    34.0455    8.39921         25 0.0000e+00
    153.000    151.363    -1.5459  27.099567    -1.5458  27.100106     6.6804     6.8893     1.6680    94.6878 1.0000e-12  -73.73166 -116.85366  51.842737      99.92 2.1467e+02    486.517      11677  1028.1358  1028.1363     4.4919     0.2756     0.1415    34.0454    34.0460    8.40129         23 0.0000e+00
    154.000    152.354    -1.5573  27.091165    -1.5576  27.091251     6.6742     6.8718     1.7369    95.5468 1.0000e-12  -73.73166 -116.85366  51.842748      99.92 2.1330e+02    487.447      11700  1028.1417  1028.1422     4.5324     0.2896     0.1333    34.0461    34.0467    8.40382         22 0.0000e+00
    155.000    153.340    -1.5657  27.084813    -1.5663  27.084805     6.6680     6.8719     1.6826    95.2395 1.0000e-12  -73.73166 -116.85366  51.842759      99.90 2.1076e+02    488.349      11721  1028.1469  1028.1475     4.5182     0.3598     0.1361    34.0463    34.0470    8.40570         22 0.0000e+00
    156.000    154.332    -1.5802  27.073394    -1.5800  27.074230     6.6718     6.8707     1.5025    95.1859 1.0000e-12  -73.73166 -116.85366  51.842770      99.91 2.1238e+02    489.326      11745  1028.1525  1028.1532     4.5155     0.3314     0.1355    34.0465    34.0474    8.40899         25 0.0000e+00
    157.000    155.319    -1.5918  27.064609    -1.5917  27.065181     6.6536     6.8598     1.7635    94.8009 1.0000e-12  -73.73166 -116.85366  51.842782      99.91 2.1433e+02    490.403      11771  1028.1581  1028.1586     4.4973     0.3631     0.1346    34.0470    34.0476    8.41159         27 0.0000e+00
