ocean_section_plots/required_files/ctd/dnbp2202_ctd018.cnv
* Sea-Bird SBE 9 Data File:
* FileName = D:\Data\raw\NBP2202_CTD018.hex
* Software Version Seasave V 7.26.7.121
* Temperature SN = 1649
* Conductivity SN = 2513
* Number of Bytes Per Scan = 40
* Number of Voltage Words = 5
* Number of Scans Averaged by the Deck Unit = 1
* NMEA Latitude = 73 47.98 S
* NMEA Longitude = 112 39.90 W
* NMEA UTC (Time) = Jan 18 2022  05:51:28
* NMEA baud rate = 9600
** Ship: RVIB N.B. Palmer
** Cruise: NBP2202 Thwaites
** Station: 13
** Operator: B. Bjork
** pH sensor, Monocorer
# nquan = 25
# nvalues = 737                         
# units = specified
# name 0 = prDM: Pressure, Digiquartz [db]
# name 1 = depSM: Depth [salt water, m]
# name 2 = t090C: Temperature [ITS-90, deg C]
# name 3 = c0mS/cm: Conductivity [mS/cm]
# name 4 = t190C: Temperature, 2 [ITS-90, deg C]
# name 5 = c1mS/cm: Conductivity, 2 [mS/cm]
# name 6 = sbeox0ML/L: Oxygen, SBE 43 [ml/l]
# name 7 = sbeox1ML/L: Oxygen, SBE 43, 2 [ml/l]
# name 8 = flECO-AFL: Fluorescence, WET Labs ECO-AFL/FL [mg/m^3]
# name 9 = CStarTr0: Beam Transmission, WET Labs C-Star [%]
# name 10 = par: PAR/Irradiance, Biospherical/Licor
# name 11 = latitude: Latitude [deg]
# name 12 = longitude: Longitude [deg]
# name 13 = timeJ: Julian Days
# name 14 = altM: Altimeter [m]
# name 15 = spar: SPAR, Biospherical/Licor
# name 16 = timeS: Time, Elapsed [seconds]
# name 17 = scan: Scan Count
# name 18 = density00: Density [density, kg/m^3]
# name 19 = density11: Density, 2 [density, kg/m^3]
# name 20 = sal00: Salinity, Practical [PSU]
# name 21 = sal11: Salinity, Practical, 2 [PSU]
# name 22 = oxsolML/L: Oxygen Saturation, Garcia & Gordon [ml/l]
# name 23 = nbin: number of scans per bin
# name 24 = flag: flag
# span 0 =      3.000,    739.000       
# span 1 =      2.968,    730.052       
# span 2 =    -1.8136,     0.5698       
# span 3 =  26.990652,  29.535905       
# span 4 =    -1.8128,     0.5722       
# span 5 =  26.990234,  29.535469       
# span 6 =     4.5537,     8.8900       
# span 7 =     4.8109,     9.4203       
# span 8 =    -0.0112,    29.1987       
# span 9 =    66.1999,    99.3150       
# span 10 = -2.332e-05, 9.3600e+00      
# span 11 =  -73.79976,  -73.79974      
# span 12 = -112.66506, -112.66500      
# span 13 =  18.247162,  18.261036      
# span 14 =       3.17,     100.59      
# span 15 = 4.1429e+01, 4.7598e+01      
# span 16 =    266.773,   1465.547      
# span 17 =       6404,      35174      
# span 18 =  1027.1815,  1031.2124      
# span 19 =  1027.1822,  1031.2099      
# span 20 =    33.8024,    34.5736      
# span 21 =    33.8031,    34.5705      
# span 22 =    7.91616,    8.45638      
# span 23 =         12,         50      
# span 24 = 0.0000e+00, 0.0000e+00      
# interval = decibars: 1                
# start_time = Jan 18 2022 05:51:28 [NMEA time, header]
# bad_flag = -9.990e-29
*END*
[from data line 464]
    467.000    461.653    -0.3147  28.447183    -0.3136  28.445864     5.0018     5.2879     0.0352    98.8722 1.0000e-12  -73.79974 -112.66504  18.255796      99.84 4.5210e+01   1012.766      24307  1029.7668  1029.7644    34.2886    34.2857    8.11678         27 0.0000e+00
    468.000    462.642    -0.3229  28.440905    -0.3212  28.439799     5.0020     5.2861     0.0425    98.8708 1.0000e-12  -73.79974 -112.66504  18.255807      99.84 4.3304e+01   1013.711      24330  1029.7726  1029.7697    34.2889    34.2854    8.11853         22 0.0000e+00
    469.000    463.630    -0.3209  28.444051    -0.3185  28.443108     4.9926     5.2857     0.0268    98.8706 1.0000e-12  -73.79974 -112.66503  18.255819      99.84 4.4550e+01   1014.737      24355  1029.7783  1029.7750    34.2902    34.2863    8.11802         29 0.0000e+00
    470.000    464.615    -0.3063  28.457913    -0.3028  28.457776     4.9760     5.2616     0.0181    98.8870 1.0000e-12  -73.79974 -112.66504  18.255839      99.84 4.4536e+01   1016.504      24397  1029.7832  1029.7796    34.2917    34.2875    8.11482         38 0.0000e+00
    471.000    465.604    -0.2837  28.480764    -0.2805  28.480276     4.9294     5.2255     0.0210    98.8913 1.0000e-12  -73.79974 -112.66504  18.255858      82.04 4.3320e+01   1018.143      24436  1029.7897  1029.7861    34.2962    34.2919    8.10975         28 0.0000e+00
    472.000    466.590    -0.2685  28.495727    -0.2663  28.494399     4.8989     5.1886     0.0156    98.8646 1.0000e-12  -73.79974 -112.66502  18.255869      98.03 4.4423e+01   1019.098      24459  1029.7951  1029.7916    34.2984    34.2942    8.10638         21 0.0000e+00
    473.000    467.580    -0.2345  28.529321    -0.2320  28.527498     4.8888     5.1718     0.0174    98.8670 1.0000e-12  -73.79974 -112.66503  18.255880      99.82 4.5060e+01   1019.988      24481  1029.8017  1029.7974    34.3043    34.2991    8.09881         23 0.0000e+00
    474.000    468.566    -0.2039  28.556491    -0.2014  28.555224     4.8869     5.1696     0.0254    98.8437 1.0000e-12  -73.79974 -112.66503  18.255894      99.85 4.3956e+01   1021.264      24511  1029.8052  1029.8015    34.3056    34.3011    8.09226         37 0.0000e+00
    475.000    469.554    -0.2024  28.558597    -0.2000  28.557794     4.8961     5.1741     0.0180    98.7882 1.0000e-12  -73.79974 -112.66503  18.255914      99.85 4.4519e+01   1022.929      24551  1029.8108  1029.8076    34.3061    34.3023    8.09191         33 0.0000e+00
    476.000    470.540    -0.2024  28.559187    -0.2000  28.558372     4.9128     5.1929     0.0149    98.8137 1.0000e-12  -73.79974 -112.66504  18.255927      99.85 4.4766e+01   1024.060      24578  1029.8160  1029.8128    34.3063    34.3026    8.09189         23 0.0000e+00
    477.000    471.528    -0.2054  28.556679    -0.2031  28.556145     4.9353     5.2024     0.0202    98.7939 1.0000e-12  -73.79974 -112.66503  18.255937      99.84 4.4793e+01   1024.963      24600  1029.8207  1029.8179    34.3057    34.3024    8.09256         22 0.0000e+00
    478.000    472.517    -0.2250  28.539886    -0.2231  28.539310     4.9588     5.2407     0.0213    98.7682 1.0000e-12  -73.79974 -112.66502  18.255949      99.84 4.3378e+01   1025.994      24625  1029.8266  1029.8242    34.3048    34.3019    8.09677         26 0.0000e+00
    479.000    473.502    -0.2544  28.514123    -0.2549  28.512661     4.9881     5.2684     0.0176    98.7440 1.0000e-12  -73.79974 -112.66502  18.255968      99.84 4.5340e+01   1027.603      24663  1029.8326  1029.8316    34.3029    34.3016    8.10313         34 0.0000e+00
    480.000    474.491    -0.2909  28.482818    -0.2888  28.482261     4.9916     5.2693     0.0193    98.7631 1.0000e-12  -73.79974 -112.66502  18.255984      99.85 4.3962e+01   1029.002      24697  1029.8395  1029.8368    34.3017    34.2985    8.11098         27 0.0000e+00
    481.000    475.477    -0.2787  28.495270    -0.2764  28.494640     4.9943     5.2735     0.0216    98.7823 1.0000e-12  -73.79976 -112.66502  18.255996      85.15 4.3576e+01   1030.048      24722  1029.8448  1029.8419    34.3039    34.3004    8.10825         25 0.0000e+00
    482.000    476.465    -0.2773  28.497069    -0.2751  28.496919     4.9954     5.2753     0.0216    98.7935 1.0000e-12  -73.79974 -112.66502  18.256009      78.38 4.4686e+01   1031.196      24750  1029.8496  1029.8472    34.3042    34.3014    8.10794         31 0.0000e+00
    483.000    477.452    -0.2840  28.492411    -0.2816  28.491700     4.9943     5.2740     0.0216    98.8025 1.0000e-12  -73.79975 -112.66502  18.256025      98.30 4.5462e+01   1032.543      24782  1029.8554  1029.8522    34.3049    34.3012    8.10932         33 0.0000e+00
    484.000    478.441    -0.2756  28.501061    -0.2727  28.500923     4.9869     5.2723     0.0305    98.8253 1.0000e-12  -73.79975 -112.66502  18.256040      99.84 4.3585e+01   1033.834      24813  1029.8605  1029.8575    34.3064    34.3030    8.10745         29 0.0000e+00
    485.000    479.427    -0.2679  28.509093    -0.2649  28.509098     4.9788     5.2621     0.0339    98.7597 1.0000e-12  -73.79976 -112.66502  18.256054      99.84 4.4982e+01   1035.040      24842  1029.8656  1029.8627    34.3078    34.3045    8.10572         29 0.0000e+00
    486.000    480.415    -0.2595  28.517700    -0.2566  28.517516     4.9628     5.2441     0.0289    98.8162 1.0000e-12  -73.79976 -112.66502  18.256067      99.84 4.5016e+01   1036.222      24870  1029.8707  1029.8677    34.3092    34.3057    8.10385         28 0.0000e+00
    487.000    481.402    -0.2484  28.528869    -0.2457  28.528227     4.9504     5.2335     0.0317    98.8289 1.0000e-12  -73.79976 -112.66502  18.256081      99.85 4.2981e+01   1037.358      24898  1029.8760  1029.8727    34.3110    34.3072    8.10139         26 0.0000e+00
    488.000    482.390    -0.2261  28.550767    -0.2241  28.549498     4.9410     5.2250     0.0391    98.8036 1.0000e-12  -73.79976 -112.66502  18.256094      99.84 4.4960e+01   1038.483      24925  1029.8817  1029.8783    34.3146    34.3107    8.09646         28 0.0000e+00
    489.000    483.376    -0.2214  28.555482    -0.2193  28.554754     4.9347     5.2155     0.0585    98.8145 1.0000e-12  -73.79976 -112.66502  18.256107      99.84 4.5343e+01   1039.651      24953  1029.8864  1029.8836    34.3150    34.3116    8.09544         29 0.0000e+00
    490.000    484.364    -0.2197  28.557769    -0.2172  28.557173     4.9328     5.2150     0.0516    98.7852 1.0000e-12  -73.79976 -112.66502  18.256121      99.84 4.3245e+01   1040.859      24982  1029.8915  1029.8886    34.3155    34.3120    8.09504         28 0.0000e+00
    491.000    485.352    -0.2176  28.560310    -0.2152  28.559729     4.9222     5.2150     0.0311    98.7959 1.0000e-12  -73.79976 -112.66502  18.256134      99.85 4.4477e+01   1042.013      25009  1029.8965  1029.8936    34.3159    34.3124    8.09457         27 0.0000e+00
    492.000    486.339    -0.2095  28.568319    -0.2073  28.567653     4.8975     5.1868     0.0337    98.8227 1.0000e-12  -73.79976 -112.66502  18.256148      99.84 4.4253e+01   1043.172      25037  1029.9015  1029.8986    34.3169    34.3135    8.09280         29 0.0000e+00
    493.000    487.326    -0.1922  28.587680    -0.1880  28.587276     4.8556     5.1434     0.0304    98.8325 1.0000e-12  -73.79976 -112.66502  18.256162      80.55 4.4070e+01   1044.390      25066  1029.9093  1029.9049    34.3226    34.3174    8.08880         29 0.0000e+00
    494.000    488.313    -0.1437  28.632775    -0.1397  28.633021     4.8237     5.1112     0.0350    98.7433 1.0000e-12  -73.79976 -112.66502  18.256176      95.07 4.3597e+01   1045.616      25096  1029.9139  1029.9102    34.3275    34.3233    8.07825         30 0.0000e+00
    495.000    489.301    -0.1133  28.661946    -0.1107  28.660881     4.8119     5.0962     0.0288    98.7936 1.0000e-12  -73.79976 -112.66502  18.256190      99.77 4.4456e+01   1046.855      25126  1029.9195  1029.9158    34.3315    34.3273    8.07161         31 0.0000e+00
    496.000    490.288    -0.0940  28.680974    -0.0918  28.679474     4.8040     5.0908     0.0264    98.7885 1.0000e-12  -73.79976 -112.66502  18.256206      99.84 4.4237e+01   1048.188      25158  1029.9253  1029.9216    34.3345    34.3301    8.06736         32 0.0000e+00
    497.000    491.276    -0.0749  28.700248    -0.0722  28.699343     4.7927     5.0711     0.0177    98.8263 1.0000e-12  -73.79976 -112.66502  18.256221      99.85 4.3852e+01   1049.518      25189  1029.9316  1029.9281    34.3380    34.3339    8.06313         32 0.0000e+00
    498.000    492.263    -0.0555  28.720000    -0.0533  28.718560     4.7966     5.0733     0.0143    98.8395 1.0000e-12  -73.79976 -112.66502  18.256236      99.84 4.4927e+01   1050.796      25220  1029.9381  1029.9345    34.3419    34.3376    8.05883         29 0.0000e+00
    499.000    493.249    -0.0518  28.724076    -0.0507  28.722618     4.8071     5.0798     0.0074    98.8036 1.0000e-12  -73.79976 -112.66502  18.256250      99.85 4.4616e+01   1052.011      25249  1029.9435  1029.9409    34.3426    34.3395    8.05802         29 0.0000e+00
    500.000    494.238    -0.0685  28.709668    -0.0672  28.708338     4.8318     5.1103     0.0127    98.8037 1.0000e-12  -73.79976 -112.66502  18.256264      99.84 4.3944e+01   1053.190      25278  1029.9493  1029.9467    34.3417    34.3385    8.06159         28 0.0000e+00
    501.000    495.225    -0.0857  28.694681    -0.0834  28.694290     4.8431     5.1196     0.0206    98.8174 1.0000e-12  -73.79976 -112.66502  18.256278      99.85 4.3889e+01   1054.382      25306  1029.9549  1029.9523    34.3404    34.3374    8.06527         29 0.0000e+00
    502.000    496.211    -0.1002  28.682372    -0.0976  28.682075     4.8285     5.1090     0.0216    98.8179 1.0000e-12  -73.79976 -112.66502  18.256292      99.84 4.4426e+01   1055.606      25336  1029.9606  1029.9577    34.3398    34.3365    8.06838         30 0.0000e+00
    503.000    497.200    -0.0757  28.705928    -0.0758  28.702191     4.8143     5.0959     0.0235    98.8019 1.0000e-12  -73.79975 -112.66502  18.256306      95.61 4.3902e+01   1056.874      25366  1029.9656  1029.9618    34.3430    34.3381    8.06303         31 0.0000e+00
    504.000    498.186    -0.0534  28.726431    -0.0544  28.722684     4.8029     5.0816     0.0234    98.8184 1.0000e-12  -73.79974 -112.66502  18.256321      90.04 4.4443e+01   1058.140      25396  1029.9698  1029.9668    34.3446    34.3407    8.05824         29 0.0000e+00
    505.000    499.175    -0.0520  28.728421    -0.0490  28.728407     4.8173     5.0984     0.0098    98.8170 1.0000e-12  -73.79974 -112.66502  18.256334      99.99 4.4687e+01   1059.292      25424  1029.9749  1029.9720    34.3450    34.3417    8.05791         26 0.0000e+00
    506.000    500.160    -0.0593  28.722245    -0.0607  28.718384     4.8275     5.1091     0.0111    98.7945 1.0000e-12  -73.79974 -112.66502  18.256347      99.85 4.3476e+01   1060.342      25449  1029.9800  1029.9774    34.3444    34.3409    8.05948         26 0.0000e+00
    507.000    501.149    -0.0751  28.708887    -0.0739  28.707517     4.8335     5.1100     0.0214    98.7939 1.0000e-12  -73.79974 -112.66502  18.256360      99.85 4.4294e+01   1061.508      25477  1029.9859  1029.9832    34.3439    34.3407    8.06286         30 0.0000e+00
    508.000    502.135    -0.0762  28.708522    -0.0737  28.707906     4.8429     5.1209     0.0227    98.8014 1.0000e-12  -73.79974 -112.66502  18.256380      99.84 4.4539e+01   1063.196      25518  1029.9909  1029.9878    34.3441    34.3404    8.06308         42 0.0000e+00
    509.000    503.122    -0.0915  28.695784    -0.0897  28.695209     4.8562     5.1288     0.0288    98.8109 1.0000e-12  -73.79974 -112.66502  18.256397      99.84 4.3622e+01   1064.736      25555  1029.9968  1029.9945    34.3437    34.3410    8.06632         30 0.0000e+00
    510.000    504.110    -0.0926  28.696466    -0.0901  28.696355     4.8617     5.1588     0.0289    98.8176 1.0000e-12  -73.79974 -112.66502  18.256411      99.84 4.5043e+01   1065.908      25583  1030.0028  1030.0003    34.3452    34.3423    8.06646         24 0.0000e+00
    511.000    505.097    -0.0975  28.693214    -0.0953  28.692677     4.8590     5.1322     0.0289    98.7957 1.0000e-12  -73.79974 -112.66502  18.256423      99.85 4.5270e+01   1066.915      25607  1030.0084  1030.0057    34.3459    34.3427    8.06747         25 0.0000e+00
    512.000    506.084    -0.0951  28.696377    -0.0927  28.695807     4.8594     5.1234     0.0325    98.8313 1.0000e-12  -73.79974 -112.66502  18.256437      99.85 4.3514e+01   1068.157      25637  1030.0136  1030.0106    34.3468    34.3433    8.06691         34 0.0000e+00
    513.000    507.071    -0.0942  28.698122    -0.0917  28.697597     4.8528     5.1326     0.0293    98.8338 1.0000e-12  -73.79974 -112.66502  18.256457      87.47 4.4240e+01   1069.902      25679  1030.0187  1030.0158    34.3474    34.3440    8.06667         34 0.0000e+00
    514.000    508.058    -0.0940  28.698965    -0.0918  28.698501     4.8556     5.1331     0.0264    98.8849 1.0000e-12  -73.79974 -112.66502  18.256473      94.59 4.4403e+01   1071.246      25711  1030.0237  1030.0210    34.3478    34.3447    8.06662         27 0.0000e+00
    515.000    509.047    -0.0935  28.701066    -0.0911  28.700600     4.8526     5.1300     0.0227    98.8920 1.0000e-12  -73.79974 -112.66502  18.256484      99.83 4.3153e+01   1072.204      25734  1030.0296  1030.0268    34.3494    34.3461    8.06641         21 0.0000e+00
    516.000    510.033    -0.0876  28.707548    -0.0852  28.706998     4.8523     5.1298     0.0293    98.8773 1.0000e-12  -73.79974 -112.66502  18.256495      99.84 4.4053e+01   1073.147      25757  1030.0349  1030.0320    34.3507    34.3474    8.06509         25 0.0000e+00
    517.000    511.021    -0.0837  28.712045    -0.0815  28.711454     4.8592     5.1302     0.0316    98.8964 1.0000e-12  -73.79974 -112.66503  18.256508      99.85 4.3373e+01   1074.328      25785  1030.0401  1030.0373    34.3517    34.3485    8.06421         29 0.0000e+00
    518.000    512.008    -0.0834  28.713187    -0.0809  28.712672     4.8517     5.1318     0.0258    98.8948 1.0000e-12  -73.79974 -112.66503  18.256526      99.84 4.3289e+01   1075.860      25822  1030.0453  1030.0423    34.3524    34.3489    8.06412         36 0.0000e+00
    519.000    512.995    -0.0807  28.716721    -0.0783  28.716285     4.8471     5.1314     0.0228    98.9092 1.0000e-12  -73.79974 -112.66504  18.256544      99.85 4.4478e+01   1077.382      25858  1030.0506  1030.0478    34.3534    34.3501    8.06349         31 0.0000e+00
    520.000    513.981    -0.0773  28.721188    -0.0750  28.720803     4.8510     5.1321     0.0366    98.8920 1.0000e-12  -73.79974 -112.66504  18.256558      99.85 4.4641e+01   1078.575      25887  1030.0563  1030.0537    34.3550    34.3519    8.06269         25 0.0000e+00
    521.000    514.970    -0.0753  28.724158    -0.0730  28.723733     4.8497     5.1263     0.0150    98.8935 1.0000e-12  -73.79974 -112.66504  18.256569      99.84 4.3516e+01   1079.576      25911  1030.0617  1030.0591    34.3560    34.3529    8.06220         25 0.0000e+00
    522.000    515.957    -0.0751  28.724984    -0.0727  28.724504     4.8474     5.1252     0.0188    98.9129 1.0000e-12  -73.79974 -112.66504  18.256584      99.84 4.4373e+01   1080.880      25942  1030.0667  1030.0639    34.3563    34.3529    8.06215         38 0.0000e+00
    523.000    516.943    -0.0748  28.725947    -0.0724  28.725443     4.8519     5.1264     0.0235    98.9134 1.0000e-12  -73.79974 -112.66504  18.256604      80.75 4.4397e+01   1082.611      25984  1030.0717  1030.0688    34.3567    34.3532    8.06207         38 0.0000e+00
