ocean_section_plots/required_files/ctd/dnbp2202_ctd227.cnv
* Sea-Bird SBE 9 Data File:
* FileName = D:\Data\raw\NBP2202_CTD227.hex
* Software Version Seasave V 7.26.7.121
* Temperature SN = 1649
* Conductivity SN = 2513
* Number of Bytes Per Scan = 40
* Number of Voltage Words = 5
* Number of Scans Averaged by the Deck Unit = 1
* NMEA Latitude = 74 01.78 S
* NMEA Longitude = 111 33.55 W
* NMEA UTC (Time) = Feb 12 2022  14:57:34
* NMEA baud rate = 9600
** Ship: RVIB N.B. Palmer
** Cruise: NBP2202 Thwaites
** Station: 138
** Operator: A. Robinson
# nquan = 28
# nvalues = 397                         
# units = specified
# name 0 = prDM: Pressure, Digiquartz [db]
# name 1 = depSM: Depth [salt water, m]
# name 2 = t090C: Temperature [ITS-90, deg C]
# name 3 = c0mS/cm: Conductivity [mS/cm]
# name 4 = t190C: Temperature, 2 [ITS-90, deg C]
# name 5 = c1mS/cm: Conductivity, 2 [mS/cm]
# name 6 = sbeox0ML/L: Oxygen, SBE 43 [ml/l]
# name 7 = sbeox1ML/L: Oxygen, SBE 43, 2 [ml/l]
# name 8 = flECO-AFL: Fluorescence, WET Labs ECO-AFL/FL [mg/m^3]
# name 9 = CStarTr0: Beam Transmission, WET Labs C-Star [%]
# name 10 = par: PAR/Irradiance, Biospherical/Licor
# name 11 = latitude: Latitude [deg]
# name 12 = longitude: Longitude [deg]
# name 13 = timeJ: Julian Days
# name 14 = altM: Altimeter [m]
# name 15 = spar: SPAR, Biospherical/Licor
# name 16 = timeS: Time, Elapsed [seconds]
# name 17 = scan: Scan Count
# name 18 = density00: Density [density, kg/m^3]
# name 19 = density11: Density, 2 [density, kg/m^3]
# name 20 = v3: Voltage 3
# name 21 = v4: Voltage 4
# name 22 = v5: Voltage 5
# name 23 = sal00: Salinity, Practical [PSU]
# name 24 = sal11: Salinity, Practical, 2 [PSU]
# name 25 = oxsolML/L: Oxygen Saturation, Garcia & Gordon [ml/l]
# name 26 = nbin: number of scans per bin
# name 27 = flag: flag
# span 0 =      2.000,    398.000       
# span 1 =      1.980,    393.507       
# span 2 =    -1.5719,    -0.5188       
# span 3 =  26.933253,  28.245868       
# span 4 =    -1.5709,    -0.5165       
# span 5 =  26.933566,  28.246004       
# span 6 =     5.3816,     6.4757       
# span 7 =     5.5368,     6.6732       
# span 8 =    -0.0068,     3.0077       
# span 9 =    93.1984,    97.3522       
# span 10 = 1.0000e-12, 1.5353e+02      
# span 11 =  -74.02970,  -74.02935      
# span 12 = -111.55928, -111.55844      
# span 13 =  43.625849,  43.632134      
# span 14 =       2.14,      99.99      
# span 15 = 1.1824e+03, 1.8409e+03      
# span 16 =    219.377,    762.356      
# span 17 =       5266,      18298      
# span 18 =  1027.2024,  1029.4499      
# span 19 =  1027.2026,  1029.4479      
# span 20 =     4.4212,     4.6182      
# span 21 =     0.0671,     0.4521      
# span 22 =     0.1198,     0.1528      
# span 23 =    33.7970,    34.2909      
# span 24 =    33.7961,    34.2886      
# span 25 =    8.16036,    8.41093      
# span 26 =         22,         45      
# span 27 = 0.0000e+00, 0.0000e+00      
# interval = decibars: 1                
# start_time = Feb 12 2022 14:57:34 [NMEA time, header]
# bad_flag = -9.990e-29
*END*
[from data line 363]
    365.000    360.908    -0.9416  27.803001    -0.9395  27.803497     5.7335     5.9123     0.0146    97.1982 1.0000e-12  -74.02956 -111.55891  43.630902      38.86 1.8028e+03    655.913      15743  1029.2377  1029.2362     4.6109     0.0683     0.1254    34.1906    34.1889    8.25809         25 0.0000e+00
    366.000    361.894    -0.9304  27.815445    -0.9284  27.814956     5.7167     5.9033     0.0093    97.1425 1.0000e-12  -74.02956 -111.55890  43.630914      37.75 1.8082e+03    656.958      15768  1029.2448  1029.2423     4.6083     0.0693     0.1227    34.1942    34.1912    8.25542         25 0.0000e+00
    367.000    362.883    -0.9059  27.838856    -0.9059  27.837220     5.7132     5.8923     0.0075    97.2449 1.0000e-12  -74.02956 -111.55890  43.630926      36.86 1.8123e+03    658.017      15793  1029.2507  1029.2490     4.6131     0.0715     0.1251    34.1976    34.1954    8.24985         26 0.0000e+00
    368.000    363.869    -0.9100  27.835495    -0.9078  27.835872     5.7004     5.8790     0.0117    97.2531 1.0000e-12  -74.02956 -111.55890  43.630939      35.70 1.8124e+03    659.086      15819  1029.2557  1029.2539     4.6135     0.0690     0.1268    34.1971    34.1951    8.25077         26 0.0000e+00
    369.000    364.859    -0.8890  27.857011    -0.8888  27.855040     5.6830     5.8750     0.0102    97.2609 1.0000e-12  -74.02956 -111.55888  43.630951      34.69 1.8154e+03    660.157      15845  1029.2630  1029.2606     4.6139     0.0697     0.1278    34.2019    34.1989    8.24590         25 0.0000e+00
    370.000    365.845    -0.8752  27.871017    -0.8763  27.867580     5.6624     5.8403     0.0114    97.2266 1.0000e-12  -74.02954 -111.55888  43.630963      33.65 1.8229e+03    661.225      15870  1029.2691  1029.2665     4.6123     0.0675     0.1265    34.2045    34.2012    8.24271         26 0.0000e+00
    371.000    366.835    -0.8621  27.883961    -0.8597  27.884360     5.6333     5.8149     0.0109    97.2517 1.0000e-12  -74.02954 -111.55888  43.630976      32.74 1.8262e+03    662.293      15896  1029.2749  1029.2730     4.6135     0.0680     0.1246    34.2067    34.2045    8.23972         26 0.0000e+00
    372.000    367.822    -0.8387  27.908258    -0.8326  27.911522     5.6192     5.8008     0.0115    97.2404 1.0000e-12  -74.02954 -111.55888  43.630988      31.40 1.8252e+03    663.346      15921  1029.2829  1029.2804     4.6129     0.0700     0.1260    34.2125    34.2100    8.23427         24 0.0000e+00
    373.000    368.810    -0.8198  27.926288    -0.8184  27.925814     5.6024     5.7827     0.0078    97.2290 1.0000e-12  -74.02954 -111.55886  43.631000      30.56 1.8270e+03    664.375      15946  1029.2884  1029.2866     4.6124     0.0672     0.1242    34.2149    34.2127    8.22999         25 0.0000e+00
    374.000    369.797    -0.8160  27.931077    -0.8160  27.928875     5.5652     5.7544    -0.0002    97.2735 1.0000e-12  -74.02954 -111.55886  43.631012      29.33 1.8284e+03    665.397      15971  1029.2946  1029.2922     4.6145     0.0671     0.1233    34.2165    34.2135    8.22908         25 0.0000e+00
    375.000    370.786    -0.7791  27.968791    -0.7702  27.974947     5.5146     5.7065     0.0026    97.2725 1.0000e-12  -74.02954 -111.55884  43.631023      28.34 1.8272e+03    666.424      15995  1029.3038  1029.3016     4.6145     0.0685     0.1255    34.2252    34.2234    8.22054         24 0.0000e+00
    376.000    371.774    -0.7333  28.014777    -0.7306  28.014606     5.4777     5.6681     0.0048    97.2523 1.0000e-12  -74.02954 -111.55884  43.631035      27.25 1.8262e+03    667.429      16019  1029.3131  1029.3103     4.6135     0.0702     0.1315    34.2349    34.2315    8.21000         24 0.0000e+00
    377.000    372.761    -0.6816  28.070079    -0.6790  28.068795     5.4524     5.6447    -0.0068    97.2504 1.0000e-12  -74.02954 -111.55884  43.631046      25.96 1.8234e+03    668.418      16043  1029.3268  1029.3229     4.6134     0.0687     0.1270    34.2504    34.2457    8.19788         23 0.0000e+00
    378.000    373.750    -0.6351  28.117664    -0.6324  28.118221     5.4568     5.6286    -0.0001    97.2457 1.0000e-12  -74.02952 -111.55884  43.631058      25.10 1.8234e+03    669.397      16067  1029.3373  1029.3353     4.6132     0.0673     0.1292    34.2614    34.2591    8.18716         24 0.0000e+00
    379.000    374.736    -0.6297  28.124599    -0.6297  28.121973     5.4607     5.6225     0.0083    97.2489 1.0000e-12  -74.02952 -111.55882  43.631069      23.99 1.8225e+03    670.382      16090  1029.3445  1029.3417     4.6134     0.0684     0.1247    34.2640    34.2605    8.18585         24 0.0000e+00
    380.000    375.724    -0.6184  28.136551    -0.6153  28.137254     5.4519     5.6184     0.0008    97.2177 1.0000e-12  -74.02952 -111.55882  43.631081      22.87 1.8244e+03    671.400      16115  1029.3512  1029.3489     4.6118     0.0694     0.1250    34.2667    34.2642    8.18325         24 0.0000e+00
    381.000    376.713    -0.6107  28.144788    -0.6098  28.143264     5.4466     5.6169     0.0067    97.1979 1.0000e-12  -74.02952 -111.55882  43.631093      21.92 1.8244e+03    672.424      16139  1029.3573  1029.3548     4.6109     0.0677     0.1307    34.2685    34.2654    8.18147         25 0.0000e+00
    382.000    377.700    -0.6058  28.149989    -0.6049  28.148722     5.4503     5.6125     0.0087    97.2220 1.0000e-12  -74.02952 -111.55880  43.631105      20.96 1.8232e+03    673.434      16163  1029.3629  1029.3607     4.6121     0.0672     0.1268    34.2694    34.2666    8.18038         24 0.0000e+00
    383.000    378.688    -0.6041  28.152222    -0.6015  28.152478     5.4431     5.6095     0.0025    97.2239 1.0000e-12  -74.02952 -111.55880  43.631116      19.72 1.8249e+03    674.456      16188  1029.3683  1029.3662     4.6122     0.0686     0.1241    34.2698    34.2673    8.17997         25 0.0000e+00
    384.000    379.676    -0.5980  28.159010    -0.5981  28.156496     5.4554     5.6213     0.0055    97.2345 1.0000e-12  -74.02952 -111.55879  43.631129      18.68 1.8262e+03    675.531      16214  1029.3744  1029.3718     4.6126     0.0700     0.1259    34.2715    34.2683    8.17856         27 0.0000e+00
    385.000    380.664    -0.5983  28.158303    -0.5979  28.156718     5.4375     5.6088     0.1683    97.2167 1.0000e-12  -74.02952 -111.55878  43.631142      17.55 1.8261e+03    676.672      16241  1029.3787  1029.3766     4.6118     0.0699     0.1248    34.2703    34.2677    8.17870         28 0.0000e+00
    386.000    381.652    -0.6004  28.157206    -0.5988  28.155862     5.4000     5.5735     0.0598    97.1977 1.0000e-12  -74.02952 -111.55878  43.631157      16.50 1.8279e+03    677.935      16271  1029.3843  1029.3812     4.6109     0.0675     0.1254    34.2706    34.2670    8.17914         32 0.0000e+00
    387.000    382.640    -0.5402  28.220957    -0.5429  28.213430     5.3967     5.5615     0.0034    97.2264 1.0000e-12  -74.02952 -111.55878  43.631172      15.43 1.8292e+03    679.297      16304  1029.3981  1029.3928     4.6122     0.0690     0.1253    34.2877    34.2807    8.16516         33 0.0000e+00
    388.000    383.626    -0.5393  28.221244    -0.5387  28.219523     5.3998     5.5596     0.0096    97.2513 1.0000e-12  -74.02950 -111.55876  43.631188      14.41 1.8277e+03    680.671      16337  1029.4024  1029.4000     4.6135     0.0703     0.1323    34.2864    34.2835    8.16503         33 0.0000e+00
    389.000    384.615    -0.5386  28.222853    -0.5441  28.214388     5.3966     5.5531     0.0068    97.2490 1.0000e-12  -74.02950 -111.55875  43.631205      13.25 1.8268e+03    682.077      16371  1029.4082  1029.4045     4.6133     0.0701     0.1242    34.2872    34.2820    8.16484         36 0.0000e+00
    390.000    385.603    -0.5334  28.227998    -0.5315  28.227711     5.3907     5.5509     0.0044    97.2471 1.0000e-12  -74.02950 -111.55874  43.631223      12.13 1.8265e+03    683.631      16408  1029.4133  1029.4111     4.6133     0.0683     0.1294    34.2877    34.2851    8.16370         38 0.0000e+00
    391.000    386.590    -0.5280  28.234865    -0.5243  28.235650     5.3915     5.5368     0.0075    97.1153 1.0000e-12  -74.02950 -111.55874  43.631242      11.09 1.8221e+03    685.274      16448  1029.4201  1029.4173     4.6069     0.0682     0.1242    34.2902    34.2871    8.16240         40 0.0000e+00
    392.000    387.579    -0.5233  28.238945    -0.5186  28.241587     5.3945     5.5460     0.0127    97.2234 1.0000e-12  -74.02948 -111.55872  43.631265       9.80 1.8198e+03    687.293      16496  1029.4245  1029.4228     4.6121     0.0695     0.1243    34.2897    34.2880    8.16140         38 0.0000e+00
    393.000    388.567    -0.5326  28.229995    -0.5265  28.234104     5.3981     5.5530     0.0071    97.2218 1.0000e-12  -74.02948 -111.55872  43.631293       8.59 1.8270e+03    689.722      16554  1029.4286  1029.4271     4.6120     0.0711     0.1290    34.2876    34.2863    8.16353         39 0.0000e+00
    394.000    389.554    -0.5361  28.226763    -0.5343  28.226230     5.3947     5.5544     0.0047    97.1990 1.0000e-12  -74.02948 -111.55870  43.631324       7.45 1.8327e+03    692.350      16617  1029.4331  1029.4308     4.6110     0.0692     0.1243    34.2867    34.2839    8.16434         40 0.0000e+00
    395.000    390.542    -0.5269  28.236484    -0.5252  28.236201     5.3926     5.5458    -0.0012    97.2321 1.0000e-12  -74.02947 -111.55868  43.631359       6.23 1.8364e+03    695.451      16692  1029.4389  1029.4370     4.6126     0.0696     0.1285    34.2887    34.2864    8.16224         39 0.0000e+00
    396.000    391.529    -0.5225  28.241544    -0.5189  28.242959     5.3816     5.5369     0.0140    97.2408 1.0000e-12  -74.02946 -111.55866  43.631396       5.12 1.8409e+03    698.631      16768  1029.4445  1029.4425     4.6129     0.0695     0.1264    34.2899    34.2877    8.16122         39 0.0000e+00
    397.000    392.514    -0.5188  28.245868    -0.5165  28.246004     5.3851     5.5405     0.0125    97.2354 1.0000e-12  -74.02945 -111.55864  43.631427       3.96 1.8408e+03    701.320      16833  1029.4499  1029.4479     4.6127     0.0693     0.1270    34.2909    34.2886    8.16036         41 0.0000e+00
    398.000    393.507    -0.5792  28.184881    -0.5786  28.182380     5.4170     5.5699     0.0003    97.2570 1.0000e-12  -74.02935 -111.55844  43.632134       2.14 1.8084e+03    762.356      18298  1029.4471  1029.4438     4.6137     0.0687     0.1248    34.2766    34.2725    8.17422         37 0.0000e+00
