ocean_section_plots/required_files/ctd/dnbp2202_ctd175.cnv
* Sea-Bird SBE 9 Data File:
* FileName = D:\Data\raw\NBP2202_CTD175.hex
* Software Version Seasave V 7.26.7.121
* Temperature SN = 1649
* Conductivity SN = 2513
* Number of Bytes Per Scan = 40
* Number of Voltage Words = 5
* Number of Scans Averaged by the Deck Unit = 1
* NMEA Latitude = 74 02.96 S
* NMEA Longitude = 110 58.93 W
* NMEA UTC (Time) = Feb 03 2022  19:27:58
* NMEA baud rate = 9600
** Ship: RVIB N.B. Palmer
** Cruise: NBP2202 Thwaites
** Station: 97
** Operator: A. Robinson
# nquan = 28
# nvalues = 630                         
# units = specified
# name 0 = prDM: Pressure, Digiquartz [db]
# name 1 = depSM: Depth [salt water, m]
# name 2 = t090C: Temperature [ITS-90, deg C]
# name 3 = c0mS/cm: Conductivity [mS/cm]
# name 4 = t190C: Temperature, 2 [ITS-90, deg C]
# name 5 = c1mS/cm: Conductivity, 2 [mS/cm]
# name 6 = sbeox0ML/L: Oxygen, SBE 43 [ml/l]
# name 7 = sbeox1ML/L: Oxygen, SBE 43, 2 [ml/l]
# name 8 = flECO-AFL: Fluorescence, WET Labs ECO-AFL/FL [mg/m^3]
# name 9 = CStarTr0: Beam Transmission, WET Labs C-Star [%]
# name 10 = par: PAR/Irradiance, Biospherical/Licor
# name 11 = latitude: Latitude [deg]
# name 12 = longitude: Longitude [deg]
# name 13 = timeJ: Julian Days
# name 14 = altM: Altimeter [m]
# name 15 = spar: SPAR, Biospherical/Licor
# name 16 = timeS: Time, Elapsed [seconds]
# name 17 = scan: Scan Count
# name 18 = density00: Density [density, kg/m^3]
# name 19 = density11: Density, 2 [density, kg/m^3]
# name 20 = v3: Voltage 3
# name 21 = v4: Voltage 4
# name 22 = v5: Voltage 5
# name 23 = sal00: Salinity, Practical [PSU]
# name 24 = sal11: Salinity, Practical, 2 [PSU]
# name 25 = oxsolML/L: Oxygen Saturation, Garcia & Gordon [ml/l]
# name 26 = nbin: number of scans per bin
# name 27 = flag: flag
# span 0 =      2.000,    631.000       
# span 1 =      1.974,    623.524       
# span 2 =    -1.5330,     0.2512       
# span 3 =  27.004508,  29.143431       
# span 4 =    -1.5340,     0.2536       
# span 5 =  27.005062,  29.143464       
# span 6 =     4.7038,     7.0322       
# span 7 =     4.8322,     6.9457       
# span 8 =    -0.0150,     6.3381       
# span 9 =    85.3731,    98.9551       
# span 10 = 1.0000e-12, 1.2805e+02      
# span 11 =  -74.04936,  -74.04934      
# span 12 = -110.98226, -110.98219      
# span 13 =  34.813993,  34.822389      
# span 14 =       5.26,     106.56      
# span 15 = 1.8197e+03, 1.8313e+03      
# span 16 =    250.955,    976.370      
# span 17 =       6024,      23434      
# span 18 =  1027.1944,  1030.6553      
# span 19 =  1027.1966,  1030.6531      
# span 20 =     4.0505,     4.6942      
# span 21 =     0.0650,     0.9927      
# span 22 =     0.1147,     0.1535      
# span 23 =    33.7895,    34.4789      
# span 24 =    33.7936,    34.4762      
# span 25 =    7.98702,    8.40231      
# span 26 =         16,         60      
# span 27 = 0.0000e+00, 0.0000e+00      
# interval = decibars: 1                
# start_time = Feb 03 2022 19:27:58 [NMEA time, header]
# bad_flag = -9.990e-29
*END*
      2.000      1.974    -1.3268  27.027208    -1.3306  27.025921     7.0317     6.8137     3.3591    88.4187 1.2805e+02  -74.04936 -110.98223  34.813993     106.56 1.8228e+03    250.955       6024  1027.1944  1027.1966     4.1947     0.6002     0.1354    33.7913    33.7938    8.36709         16 0.0000e+00
      3.000      2.969    -1.3321  27.022035    -1.3351  27.022516     7.0322     6.8128     2.8667    88.7898 9.9277e+01  -74.04936 -110.98224  34.814106      84.62 1.8228e+03    260.774       6260  1027.1981  1027.2014     4.2122     0.5103     0.1307    33.7895    33.7936    8.36838         41 0.0000e+00
      4.000      3.958    -1.3367  27.019665    -1.3394  27.020282     6.9760     6.7996     3.7159    88.9370 8.4002e+01  -74.04936 -110.98224  34.814128     100.04 1.8228e+03    262.673       6305  1027.2042  1027.2075     4.2192     0.5691     0.1354    33.7909    33.7947    8.36934         42 0.0000e+00
      5.000      4.948    -1.3408  27.019577    -1.3439  27.019964     6.9614     6.8342     3.1623    85.3731 6.9826e+01  -74.04936 -110.98224  34.814150      99.67 1.8228e+03    264.530       6350  1027.2124  1027.2158     4.0505     0.6487     0.1362    33.7947    33.7988    8.37002         39 0.0000e+00
      6.000      5.938    -1.3410  27.019958    -1.3441  27.020354     6.9594     6.8888     3.9823    88.7972 5.7874e+01  -74.04936 -110.98223  34.814169      99.66 1.8228e+03    266.164       6389  1027.2173  1027.2206     4.2126     0.6440     0.1344    33.7948    33.7989    8.37005         34 0.0000e+00
      7.000      6.927    -1.3417  27.020373    -1.3443  27.020815     6.9009     6.8971     3.8976    88.8096 4.7948e+01  -74.04936 -110.98223  34.814187      99.68 1.8228e+03    267.749       6427  1027.2227  1027.2257     4.2132     0.5347     0.1394    33.7957    33.7992    8.37018         38 0.0000e+00
      8.000      7.917    -1.3493  27.018088    -1.3534  27.018365     6.7737     6.8639     3.7950    89.4455 3.9562e+01  -74.04936 -110.98223  34.814205      99.68 1.8228e+03    269.340       6465  1027.2319  1027.2361     4.2433     0.5501     0.1353    33.8005    33.8055    8.37160         38 0.0000e+00
      9.000      8.906    -1.3687  27.011851    -1.3686  27.013157     6.7159     6.8429     3.8177    89.6731 3.3211e+01  -74.04936 -110.98223  34.814224      99.64 1.8228e+03    270.912       6503  1027.2481  1027.2494     4.2540     0.7437     0.1318    33.8133    33.8149    8.37520         38 0.0000e+00
     10.000      9.897    -1.3767  27.009556    -1.3820  27.009206     6.7111     6.8642     4.9184    89.3118 2.8337e+01  -74.04936 -110.98223  34.814242      99.68 1.8228e+03    272.494       6541  1027.2574  1027.2623     4.2371     0.4974     0.1289    33.8185    33.8241    8.37667         37 0.0000e+00
     11.000     10.885    -1.3780  27.009612    -1.3796  27.010431     6.7696     6.9224     4.2870    89.0935 2.4193e+01  -74.04936 -110.98223  34.814260      99.51 1.8228e+03    274.086       6579  1027.2629  1027.2653     4.2266     0.7311     0.1348    33.8194    33.8223    8.37691         35 0.0000e+00
     12.000     11.876    -1.3677  27.013422    -1.3751  27.012543     6.7558     6.9457     4.1669    89.7586 2.0611e+01  -74.04936 -110.98223  34.814279      99.51 1.8238e+03    275.670       6617  1027.2613  1027.2675     4.2582     0.6948     0.1324    33.8124    33.8196    8.37502         38 0.0000e+00
     13.000     12.865    -1.3709  27.012776    -1.3729  27.013613     6.6391     6.8799     4.5583    90.6123 1.7696e+01  -74.04936 -110.98223  34.814297      99.67 1.8233e+03    277.248       6655  1027.2679  1027.2707     4.2987     0.5983     0.1376    33.8145    33.8179    8.37561         39 0.0000e+00
     14.000     13.855    -1.3949  27.005941    -1.3944  27.007227     6.5894     6.8276     6.3381    91.4870 1.5277e+01  -74.04936 -110.98223  34.814315      99.62 1.8229e+03    278.825       6693  1027.2879  1027.2889     4.3402     0.8256     0.1342    33.8316    33.8329    8.37998         34 0.0000e+00
     15.000     14.845    -1.3977  27.004508    -1.3991  27.006120     6.5883     6.8135     5.6056    90.6011 1.3267e+01  -74.04936 -110.98224  34.814333      99.62 1.8228e+03    280.394       6730  1027.2933  1027.2964     4.2982     0.8354     0.1326    33.8322    33.8360    8.38058         35 0.0000e+00
     16.000     15.834    -1.3984  27.004717    -1.4014  27.005062     6.5892     6.8137     4.5230    89.5994 1.1675e+01  -74.04936 -110.98224  34.814351      99.61 1.8228e+03    281.948       6768  1027.2983  1027.3016     4.2505     0.8590     0.1345    33.8327    33.8366    8.38071         38 0.0000e+00
     17.000     16.823    -1.3985  27.005365    -1.4016  27.005498     6.5968     6.8200     4.8003    90.3343 1.0334e+01  -74.04936 -110.98224  34.814369      99.60 1.8228e+03    283.514       6805  1027.3034  1027.3065     4.2856     0.9000     0.1333    33.8331    33.8368    8.38072         38 0.0000e+00
     18.000     17.813    -1.3986  27.005822    -1.4016  27.006168     6.5992     6.8208     4.3259    91.5399 9.2304e+00  -74.04936 -110.98224  34.814387      99.57 1.8228e+03    285.076       6843  1027.3081  1027.3114     4.3427     0.9927     0.1375    33.8331    33.8370    8.38072         35 0.0000e+00
     19.000     18.802    -1.3988  27.006319    -1.4016  27.006712     6.5966     6.8229     4.9763    91.0489 8.3224e+00  -74.04936 -110.98224  34.814406      99.60 1.8228e+03    286.634       6880  1027.3131  1027.3162     4.3181     0.8611     0.1283    33.8334    33.8372    8.38075         31 0.0000e+00
     20.000     19.793    -1.3994  27.006579    -1.4023  27.006821     6.5998     6.8241     4.9097    91.2605 7.5639e+00  -74.04936 -110.98224  34.814424      98.51 1.8230e+03    288.206       6918  1027.3182  1027.3213     4.3295     0.7876     0.1326    33.8338    33.8375    8.38086         37 0.0000e+00
     21.000     20.782    -1.3995  27.006875    -1.4025  27.007108     6.5973     6.8256     3.8932    91.3229 6.9202e+00  -74.04936 -110.98224  34.814442      94.66 1.8242e+03    289.793       6956  1027.3229  1027.3260     4.3324     0.6581     0.1278    33.8338    33.8375    8.38090         29 0.0000e+00
     22.000     21.771    -1.4008  27.006379    -1.4035  27.006770     6.5982     6.8148     3.9897    91.3083 6.3443e+00  -74.04936 -110.98224  34.814460      99.61 1.8242e+03    291.384       6994  1027.3279  1027.3308     4.3316     0.6622     0.1303    33.8339    33.8375    8.38118         37 0.0000e+00
     23.000     22.761    -1.4009  27.006919    -1.4036  27.007090     6.5926     6.8227     4.3309    91.5647 5.8661e+00  -74.04936 -110.98224  34.814479      99.63 1.8246e+03    292.987       7033  1027.3328  1027.3356     4.3438     0.7615     0.1355    33.8341    33.8374    8.38119         39 0.0000e+00
     24.000     23.750    -1.4011  27.007155    -1.4038  27.007415     6.5930     6.8233     5.3179    92.1332 5.4407e+00  -74.04936 -110.98224  34.814498      99.64 1.8246e+03    294.595       7071  1027.3376  1027.3404     4.3708     0.7560     0.1340    33.8341    33.8375    8.38125         36 0.0000e+00
     25.000     24.740    -1.4016  27.007258    -1.4045  27.007411     6.5987     6.8211     4.8346    91.9834 5.0698e+00  -74.04934 -110.98222  34.814516      99.68 1.8246e+03    296.180       7109  1027.3424  1027.3454     4.3641     0.6223     0.1333    33.8341    33.8377    8.38134         36 0.0000e+00
     26.000     25.729    -1.4026  27.007192    -1.4048  27.007667     6.5998     6.8284     4.4411    92.1771 4.7423e+00  -74.04934 -110.98222  34.814534      99.65 1.8255e+03    297.771       7147  1027.3476  1027.3502     4.3724     0.6805     0.1254    33.8346    33.8377    8.38155         38 0.0000e+00
     27.000     26.719    -1.4050  27.005610    -1.4076  27.006095     6.5967     6.8325     3.9424    92.2430 4.4415e+00  -74.04934 -110.98222  34.814553      99.62 1.8254e+03    299.375       7186  1027.3525  1027.3555     4.3760     0.8044     0.1350    33.8345    33.8381    8.38210         39 0.0000e+00
     28.000     27.708    -1.4064  27.005461    -1.4090  27.005681     6.6014     6.8294     4.3705    92.0749 4.1760e+00  -74.04934 -110.98222  34.814572      96.76 1.8263e+03    300.985       7225  1027.3579  1027.3607     4.3680     0.8112     0.1357    33.8352    33.8385    8.38236         38 0.0000e+00
     29.000     28.698    -1.4068  27.005672    -1.4094  27.005924     6.6036     6.8286     4.4144    92.2181 3.9234e+00  -74.04934 -110.98222  34.814590      99.70 1.8263e+03    302.592       7263  1027.3628  1027.3655     4.3748     0.7550     0.1370    33.8353    33.8386    8.38244         34 0.0000e+00
     30.000     29.688    -1.4074  27.005847    -1.4103  27.005981     6.6007     6.8233     4.2282    92.9358 3.6814e+00  -74.04934 -110.98222  34.814609      99.65 1.8266e+03    304.200       7302  1027.3679  1027.3708     4.4088     0.7414     0.1415    33.8356    33.8392    8.38256         37 0.0000e+00
     31.000     30.676    -1.4082  27.005905    -1.4109  27.006146     6.6024     6.8256     4.2733    92.4545 3.4338e+00  -74.04934 -110.98222  34.814627      99.67 1.8271e+03    305.799       7340  1027.3730  1027.3758     4.3860     0.6012     0.1368    33.8360    33.8394    8.38273         35 0.0000e+00
     32.000     31.666    -1.4087  27.006241    -1.4108  27.006567     6.6004     6.8245     4.4363    92.5687 3.2210e+00  -74.04936 -110.98222  34.814646      99.67 1.8283e+03    307.400       7379  1027.3781  1027.3805     4.3915     0.6091     0.1345    33.8363    33.8392    8.38280         36 0.0000e+00
     33.000     32.656    -1.4103  27.005757    -1.4129  27.005901     6.5980     6.8237     4.1980    91.8940 3.0295e+00  -74.04936 -110.98222  34.814664      99.61 1.8280e+03    308.990       7417  1027.3834  1027.3861     4.3594     0.8331     0.1347    33.8369    33.8400    8.38314         36 0.0000e+00
     34.000     33.646    -1.4104  27.006224    -1.4126  27.006451     6.5996     6.8221     4.3353    92.6635 2.8389e+00  -74.04936 -110.98223  34.814682      99.66 1.8280e+03    310.551       7454  1027.3883  1027.3907     4.3960     0.6724     0.1329    33.8370    33.8399    8.38315         35 0.0000e+00
     35.000     34.636    -1.4100  27.006760    -1.4125  27.007003     6.6007     6.8240     4.1559    91.9815 2.6422e+00  -74.04936 -110.98223  34.814700      99.65 1.8272e+03    312.084       7491  1027.3929  1027.3955     4.3635     0.7073     0.1325    33.8367    33.8399    8.38309         35 0.0000e+00
     36.000     35.625    -1.4105  27.007092    -1.4129  27.007332     6.5932     6.8157     3.8704    92.7799 2.4574e+00  -74.04936 -110.98223  34.814718      99.10 1.8263e+03    313.617       7528  1027.3980  1027.4005     4.4012     0.7291     0.1398    33.8371    33.8401    8.38318         33 0.0000e+00
     37.000     36.614    -1.4119  27.007102    -1.4141  27.007392     6.5928     6.8190     4.3472    92.9857 2.2667e+00  -74.04936 -110.98223  34.814735      98.76 1.8263e+03    315.148       7565  1027.4037  1027.4060     4.4112     0.7265     0.1387    33.8381    33.8409    8.38344         34 0.0000e+00
     38.000     37.602    -1.4124  27.007348    -1.4143  27.007771     6.5896     6.8172     4.6752    93.3786 2.0845e+00  -74.04936 -110.98223  34.814753      99.69 1.8263e+03    316.687       7601  1027.4087  1027.4109     4.4298     0.6890     0.1344    33.8384    33.8410    8.38353         35 0.0000e+00
     39.000     38.593    -1.4132  27.007534    -1.4154  27.007864     6.5877     6.8110     3.9371    92.8006 1.9203e+00  -74.04936 -110.98223  34.814771      99.62 1.8263e+03    318.241       7639  1027.4140  1027.4164     4.4023     0.7808     0.1351    33.8389    33.8418    8.38368         35 0.0000e+00
     40.000     39.582    -1.4169  27.007110    -1.4186  27.007437     6.5758     6.7934     4.4964    92.9144 1.7559e+00  -74.04936 -110.98223  34.814789      99.68 1.8263e+03    319.802       7676  1027.4214  1027.4234     4.4082     0.5302     0.1343    33.8418    33.8442    8.38433         36 0.0000e+00
     41.000     40.572    -1.4197  27.006870    -1.4217  27.007110     6.5660     6.7916     3.5971    94.0564 1.6027e+00  -74.04936 -110.98224  34.814807      99.64 1.8250e+03    321.349       7713  1027.4282  1027.4303     4.4615     0.7719     0.1284    33.8441    33.8466    8.38483         38 0.0000e+00
     42.000     41.560    -1.4215  27.007216    -1.4237  27.007453     6.5682     6.7991     3.6008    92.6667 1.4673e+00  -74.04936 -110.98224  34.814825      99.63 1.8259e+03    322.910       7751  1027.4345  1027.4370     4.3961     0.6995     0.1360    33.8459    33.8488    8.38512         35 0.0000e+00
     43.000     42.551    -1.4222  27.007901    -1.4241  27.008048     6.5597     6.7840     3.9691    92.1234 1.3388e+00  -74.04936 -110.98224  34.814843      99.64 1.8258e+03    324.475       7788  1027.4403  1027.4422     4.3703     0.7365     0.1374    33.8471    33.8494    8.38522         36 0.0000e+00
     44.000     43.543    -1.4240  27.008194    -1.4261  27.008440     6.5297     6.7531     3.5222    92.6975 1.2167e+00  -74.04936 -110.98224  34.814861      99.68 1.8247e+03    326.030       7826  1027.4466  1027.4489     4.3976     0.5655     0.1364    33.8488    33.8516    8.38550         33 0.0000e+00
     45.000     44.529    -1.4324  27.008411    -1.4351  27.008712     6.4857     6.7084     3.6508    92.5010 1.1052e+00  -74.04936 -110.98224  34.814880      99.65 1.8249e+03    327.593       7863  1027.4594  1027.4623     4.3884     0.7189     0.1404    33.8581    33.8616    8.38686         29 0.0000e+00
     46.000     45.520    -1.4543  27.008013    -1.4578  27.007918     6.4528     6.6842     3.1461    92.5009 1.0049e+00  -74.04936 -110.98224  34.814898      99.66 1.8260e+03    329.150       7901  1027.4847  1027.4879     4.3882     0.5872     0.1321    33.8819    33.8857    8.39038         35 0.0000e+00
     47.000     46.509    -1.4649  27.008626    -1.4673  27.008892     6.4505     6.6715     2.3548    92.2761 9.1140e-01  -74.04936 -110.98224  34.814914      99.69 1.8250e+03    330.605       7936  1027.4998  1027.5024     4.3775     0.5207     0.1278    33.8941    33.8972    8.39204         33 0.0000e+00
     48.000     47.497    -1.4690  27.009393    -1.4708  27.009639     6.4537     6.6721     1.9610    92.8620 8.3362e-01  -74.04936 -110.98224  34.814930      99.68 1.8252e+03    331.995       7969  1027.5088  1027.5109     4.4054     0.5469     0.1305    33.8991    33.9016    8.39265         32 0.0000e+00
     49.000     48.487    -1.4720  27.009880    -1.4734  27.010028     6.4628     6.6799     1.6563    93.1782 7.6400e-01  -74.04936 -110.98224  34.814946      99.71 1.8246e+03    333.371       8002  1027.5165  1027.5179     4.4210     0.4218     0.1273    33.9026    33.9044    8.39313         32 0.0000e+00
     50.000     49.477    -1.4739  27.010278    -1.4759  27.010493     6.4662     6.6824     2.4344    94.6422 7.0361e-01  -74.04936 -110.98224  34.814962      99.70 1.8246e+03    334.714       8034  1027.5229  1027.5251     4.4891     0.4368     0.1255    33.9047    33.9073    8.39342         33 0.0000e+00
     51.000     50.467    -1.4750  27.010663    -1.4773  27.010860     6.4624     6.6825     2.4091    94.6546 6.4959e-01  -74.04936 -110.98224  34.814977      99.71 1.8246e+03    336.043       8066  1027.5286  1027.5310     4.4903     0.3321     0.1268    33.9059    33.9087    8.39361         31 0.0000e+00
     52.000     51.455    -1.4770  27.010876    -1.4790  27.011104     6.4638     6.6783     1.8330    95.5324 6.0195e-01  -74.04936 -110.98224  34.814993      99.69 1.8246e+03    337.362       8098  1027.5350  1027.5372     4.5320     0.4840     0.1290    33.9078    33.9104    8.39395         32 0.0000e+00
