ocean_section_plots/required_files/ctd/dnbp2202_ctd291.cnv
* Sea-Bird SBE 9 Data File:
* FileName = D:\Data\raw\NBP2202_CTD291.hex
* Software Version Seasave V 7.26.7.121
* Temperature SN = 1649
* Conductivity SN = 2513
* Number of Bytes Per Scan = 40
* Number of Voltage Words = 5
* Number of Scans Averaged by the Deck Unit = 1
* NMEA Latitude = 73 46.55 S
* NMEA Longitude = 112 26.67 W
* NMEA UTC (Time) = Feb 23 2022  21:31:15
* NMEA baud rate = 9600
** Ship: RVIB N.B. Palmer
** Cruise: NBP2202 Thwaites
** Station: 193
** Operator: A. Robinson
# nquan = 28
# nvalues = 708                         
# units = specified
# name 0 = prDM: Pressure, Digiquartz [db]
# name 1 = depSM: Depth [salt water, m]
# name 2 = t090C: Temperature [ITS-90, deg C]
# name 3 = c0mS/cm: Conductivity [mS/cm]
# name 4 = t190C: Temperature, 2 [ITS-90, deg C]
# name 5 = c1mS/cm: Conductivity, 2 [mS/cm]
# name 6 = sbeox0ML/L: Oxygen, SBE 43 [ml/l]
# name 7 = sbeox1ML/L: Oxygen, SBE 43, 2 [ml/l]
# name 8 = flECO-AFL: Fluorescence, WET Labs ECO-AFL/FL [mg/m^3]
# name 9 = CStarTr0: Beam Transmission, WET Labs C-Star [%]
# name 10 = par: PAR/Irradiance, Biospherical/Licor
# name 11 = latitude: Latitude [deg]
# name 12 = longitude: Longitude [deg]
# name 13 = timeJ: Julian Days
# name 14 = altM: Altimeter [m]
# name 15 = spar: SPAR, Biospherical/Licor
# name 16 = timeS: Time, Elapsed [seconds]
# name 17 = scan: Scan Count
# name 18 = density00: Density [density, kg/m^3]
# name 19 = density11: Density, 2 [density, kg/m^3]
# name 20 = v3: Voltage 3
# name 21 = v4: Voltage 4
# name 22 = v5: Voltage 5
# name 23 = sal00: Salinity, Practical [PSU]
# name 24 = sal11: Salinity, Practical, 2 [PSU]
# name 25 = oxsolML/L: Oxygen Saturation, Garcia & Gordon [ml/l]
# name 26 = nbin: number of scans per bin
# name 27 = flag: flag
# span 0 =      2.000,    709.000       
# span 1 =      1.971,    700.479       
# span 2 =    -1.5136,     0.6273       
# span 3 =  27.052497,  29.582748       
# span 4 =    -1.5130,     0.6296       
# span 5 =  27.052801,  29.583284       
# span 6 =     4.5187,     8.9535       
# span 7 =     4.6376,     9.2569       
# span 8 =     0.0107,    16.6077       
# span 9 =    83.4382,    98.1911       
# span 10 = 1.0000e-12, 2.1395e+02      
# span 11 =  -73.77590,  -73.77588      
# span 12 = -112.44466, -112.44462      
# span 13 =  54.898759,  54.909057      
# span 14 =       6.92,     110.51      
# span 15 = 3.6176e+02, 5.0417e+02      
# span 16 =    177.804,   1067.546      
# span 17 =       4268,      25622      
# span 18 =  1027.1601,  1031.0791      
# span 19 =  1027.1621,  1031.0774      
# span 20 =     3.9579,     4.6580      
# span 21 =     0.0691,     2.9207      
# span 22 =     0.1177,     0.2103      
# span 23 =    33.7715,    34.5882      
# span 24 =    33.7731,    34.5862      
# span 25 =    7.90364,    8.39918      
# span 26 =          6,         75      
# span 27 = 0.0000e+00, 0.0000e+00      
# interval = decibars: 1                
# start_time = Feb 23 2022 21:31:15 [NMEA time, header]
# bad_flag = -9.990e-29
*END*
[from data line 311]
    313.000    309.533    -0.7815  27.920690    -0.7808  27.920388     5.4535     5.5893     0.4472    97.1737 1.0000e-12  -73.77588 -112.44465  54.903652      99.87 4.9037e+02    600.560      14414  1028.9942  1028.9932     4.6098     0.1100     0.1263    34.2005    34.1993    8.22247         24 0.0000e+00
    314.000    310.521    -0.8078  27.899632    -0.8063  27.899877     5.4623     5.6161     0.4198    97.3687 1.0000e-12  -73.77588 -112.44465  54.903664      99.87 4.9037e+02    601.566      14439  1029.0012  1029.0001     4.6191     0.1223     0.1225    34.2012    34.1999    8.22818         24 0.0000e+00
    315.000    311.509    -0.8007  27.908209    -0.7985  27.908792     5.4353     5.5936     0.4023    97.2512 1.0000e-12  -73.77588 -112.44465  54.903676      99.86 4.9008e+02    602.596      14463  1029.0075  1029.0060     4.6134     0.1887     0.1249    34.2041    34.2024    8.22646         25 0.0000e+00
    316.000    312.496    -0.7959  27.914028    -0.7943  27.914101     5.3430     5.5090     0.4113    97.3033 1.0000e-12  -73.77588 -112.44464  54.903688      99.87 4.9185e+02    603.628      14488  1029.0131  1029.0117     4.6159     0.1194     0.1235    34.2060    34.2043    8.22531         25 0.0000e+00
    317.000    313.485    -0.7569  27.952838    -0.7519  27.954182     5.2815     5.4438     0.2733    97.5478 1.0000e-12  -73.77588 -112.44464  54.903699      99.87 4.9177e+02    604.631      14512  1029.0209  1029.0174     4.6275     0.1522     0.1222    34.2137    34.2099    8.21636         24 0.0000e+00
    318.000    314.473    -0.6554  28.043619    -0.6549  28.041644     5.2437     5.4098     0.5184    97.5544 1.0000e-12  -73.77588 -112.44464  54.903711      99.87 4.9031e+02    605.650      14537  1029.0236  1029.0211     4.6279     0.1131     0.1252    34.2210    34.2178    8.19390         25 0.0000e+00
    319.000    315.462    -0.6444  28.053644    -0.6423  28.053904     5.2438     5.3974     0.7609    97.5760 1.0000e-12  -73.77588 -112.44464  54.903723      99.87 4.9338e+02    606.704      14562  1029.0282  1029.0265     4.6289     0.1256     0.1241    34.2215    34.2195    8.19149         25 0.0000e+00
    320.000    316.450    -0.6360  28.062343    -0.6338  28.062683     5.2340     5.3983     0.3628    97.4702 1.0000e-12  -73.77588 -112.44464  54.903736      99.86 4.9247e+02    607.758      14587  1029.0339  1029.0322     4.6238     0.1309     0.1248    34.2231    34.2210    8.18957         25 0.0000e+00
    321.000    317.437    -0.6314  28.067377    -0.6298  28.066808     5.2562     5.4097     0.3919    97.4408 1.0000e-12  -73.77588 -112.44464  54.903747      99.86 4.9110e+02    608.775      14612  1029.0394  1029.0372     4.6225     0.1884     0.1224    34.2241    34.2215    8.18852         24 0.0000e+00
    322.000    318.425    -0.6304  28.069146    -0.6288  28.069147     5.2691     5.4149     0.4117    97.4860 1.0000e-12  -73.77588 -112.44464  54.903759      99.86 4.9508e+02    609.771      14636  1029.0449  1029.0433     4.6246     0.1303     0.1238    34.2247    34.2229    8.18827         24 0.0000e+00
    323.000    319.414    -0.6291  28.071136    -0.6271  28.071468     5.2642     5.4081     0.3474    97.5192 1.0000e-12  -73.77588 -112.44464  54.903771      99.86 4.9579e+02    610.784      14660  1029.0503  1029.0487     4.6262     0.1417     0.1331    34.2253    34.2235    8.18795         25 0.0000e+00
    324.000    320.403    -0.6238  28.076635    -0.6217  28.076898     5.2894     5.4268     0.3888    97.5161 1.0000e-12  -73.77588 -112.44464  54.903782      99.87 4.9537e+02    611.806      14684  1029.0555  1029.0538     4.6260     0.1174     0.1250    34.2261    34.2242    8.18676         24 0.0000e+00
    325.000    321.390    -0.6260  28.074782    -0.6243  28.075157     5.3246     5.4654     0.3603    97.5648 1.0000e-12  -73.77588 -112.44464  54.903794      99.86 4.9664e+02    612.834      14709  1029.0601  1029.0589     4.6283     0.1210     0.1252    34.2254    34.2242    8.18726         25 0.0000e+00
    326.000    322.379    -0.6645  28.039994    -0.6651  28.039586     5.3618     5.5108     0.3399    97.5955 1.0000e-12  -73.77588 -112.44464  54.903806      99.86 4.9839e+02    613.869      14734  1029.0649  1029.0651     4.6297     0.1595     0.1282    34.2216    34.2216    8.19584         25 0.0000e+00
    327.000    323.366    -0.7221  27.991835    -0.7206  27.992426     5.3522     5.4976     0.3877    97.4071 1.0000e-12  -73.77588 -112.44464  54.903818      99.87 4.9861e+02    614.906      14759  1029.0737  1029.0729     4.6210     0.1293     0.1254    34.2210    34.2201    8.20836         25 0.0000e+00
    328.000    324.355    -0.7187  27.996424    -0.7177  27.995897     5.3198     5.4683     0.4079    97.3927 1.0000e-12  -73.77588 -112.44464  54.903830      99.87 4.9758e+02    615.932      14783  1029.0795  1029.0779     4.6202     0.1273     0.1251    34.2228    34.2209    8.20754         24 0.0000e+00
    329.000    325.342    -0.6847  28.028544    -0.6797  28.030840     5.2987     5.4546     0.4146    97.4510 1.0000e-12  -73.77588 -112.44464  54.903842      99.87 4.9848e+02    616.968      14808  1029.0848  1029.0824     4.6229     0.1314     0.1235    34.2270    34.2245    8.19989         25 0.0000e+00
    330.000    326.331    -0.6438  28.064887    -0.6413  28.065536     5.3046     5.4467     0.3815    97.3765 1.0000e-12  -73.77588 -112.44464  54.903854      99.87 4.9876e+02    617.997      14833  1029.0882  1029.0864     4.6194     0.1435     0.1254    34.2293    34.2272    8.19091         25 0.0000e+00
    331.000    327.318    -0.6607  28.050385    -0.6585  28.051452     5.3048     5.4499     0.2545    97.1523 1.0000e-12  -73.77588 -112.44464  54.903866      99.86 4.9787e+02    619.021      14858  1029.0935  1029.0925     4.6088     0.1428     0.1256    34.2281    34.2271    8.19463         24 0.0000e+00
    332.000    328.307    -0.6607  28.052550    -0.6591  28.052803     5.3092     5.4591     0.3118    97.3508 1.0000e-12  -73.77588 -112.44464  54.903878      99.86 5.0153e+02    620.048      14882  1029.1002  1029.0990     4.6181     0.1537     0.1256    34.2305    34.2291    8.19450         25 0.0000e+00
    333.000    329.295    -0.6663  28.048889    -0.6646  28.049207     5.3124     5.4641     0.4321    97.2917 1.0000e-12  -73.77588 -112.44464  54.903890      99.87 5.0052e+02    621.086      14907  1029.1060  1029.1047     4.6154     0.1079     0.1244    34.2313    34.2298    8.19567         25 0.0000e+00
    334.000    330.282    -0.6681  28.048306    -0.6663  28.048656     5.3221     5.4727     0.4903    97.3697 1.0000e-12  -73.77588 -112.44464  54.903902      99.87 4.9974e+02    622.133      14932  1029.1115  1029.1101     4.6191     0.1494     0.1239    34.2319    34.2303    8.19601         25 0.0000e+00
    335.000    331.271    -0.6694  28.048156    -0.6676  28.048411     5.3505     5.4785     0.1868    97.6217 1.0000e-12  -73.77588 -112.44464  54.903914      99.85 5.0216e+02    623.161      14957  1029.1168  1029.1154     4.6310     0.1981     0.1234    34.2325    34.2309    8.19625         24 0.0000e+00
    336.000    332.260    -0.6765  28.042841    -0.6750  28.043083     5.3384     5.4779     0.1910    97.5233 1.0000e-12  -73.77588 -112.44464  54.903925      99.86 5.0146e+02    624.149      14981  1029.1224  1029.1212     4.6264     0.1572     0.1266    34.2328    34.2314    8.19779         24 0.0000e+00
    337.000    333.247    -0.6769  28.043735    -0.6750  28.044079     5.3366     5.4816     0.2394    97.4053 1.0000e-12  -73.77588 -112.44464  54.903937      99.87 5.0147e+02    625.130      15004  1029.1280  1029.1265     4.6208     0.1249     0.1230    34.2338    34.2322    8.19780         24 0.0000e+00
    338.000    334.236    -0.6785  28.043045    -0.6769  28.043397     5.3282     5.4863     0.2411    97.4051 1.0000e-12  -73.77588 -112.44464  54.903949      99.86 5.0277e+02    626.167      15029  1029.1331  1029.1319     4.6208     0.1446     0.1254    34.2342    34.2328    8.19815         25 0.0000e+00
    339.000    335.223    -0.6769  28.046058    -0.6753  28.046173     5.2915     5.4605     0.2434    97.5990 1.0000e-12  -73.77588 -112.44464  54.903961      99.87 5.0058e+02    627.215      15054  1029.1390  1029.1377     4.6299     0.1472     0.1247    34.2358    34.2341    8.19770         25 0.0000e+00
    340.000    336.210    -0.6687  28.054604    -0.6657  28.055840     5.2610     5.4273     0.3551    97.4694 1.0000e-12  -73.77588 -112.44464  54.903973      99.87 5.0051e+02    628.233      15079  1029.1445  1029.1429     4.6237     0.1194     0.1236    34.2374    34.2357    8.19583         24 0.0000e+00
    341.000    337.200    -0.6225  28.098711    -0.6163  28.101730     5.2171     5.3909     0.4106    97.3196 1.0000e-12  -73.77588 -112.44464  54.903984      99.86 5.0247e+02    629.216      15102  1029.1509  1029.1481     4.6168     0.1503     0.1252    34.2441    34.2412    8.18545         24 0.0000e+00
    342.000    338.187    -0.5747  28.141092    -0.5724  28.141309     5.1403     5.3299     0.3357    97.5761 1.0000e-12  -73.77588 -112.44464  54.903996      99.87 5.0228e+02    630.213      15126  1029.1540  1029.1520     4.6288     0.1050     0.1206    34.2465    34.2442    8.17497         24 0.0000e+00
    343.000    339.175    -0.5417  28.173987    -0.5392  28.173209     5.1034     5.2838     0.2972    97.5699 1.0000e-12  -73.77588 -112.44464  54.904008      99.86 5.0101e+02    631.253      15151  1029.1616  1029.1583     4.6286     0.1569     0.1305    34.2529    34.2491    8.16749         25 0.0000e+00
    344.000    340.163    -0.4760  28.234034    -0.4741  28.233248     5.0777     5.2504     0.3505    97.4958 1.0000e-12  -73.77588 -112.44464  54.904020      99.86 5.0030e+02    632.306      15176  1029.1661  1029.1635     4.6251     0.1212     0.1237    34.2588    34.2557    8.15301         25 0.0000e+00
    345.000    341.150    -0.4514  28.256872    -0.4489  28.257195     5.0619     5.2290     0.2821    97.5565 1.0000e-12  -73.77588 -112.44464  54.904032      99.87 5.0148e+02    633.324      15201  1029.1713  1029.1693     4.6279     0.1216     0.1259    34.2611    34.2587    8.14760         24 0.0000e+00
    346.000    342.140    -0.4345  28.273504    -0.4311  28.274485     5.0513     5.2062     0.3721    97.5419 1.0000e-12  -73.77588 -112.44464  54.904043      99.87 5.0108e+02    634.351      15225  1029.1774  1029.1751     4.6273     0.1306     0.1258    34.2638    34.2612    8.14382         25 0.0000e+00
    347.000    343.128    -0.4145  28.292093    -0.4119  28.292471     5.0443     5.1897     0.2917    97.6196 1.0000e-12  -73.77588 -112.44464  54.904056      99.87 5.0271e+02    635.409      15251  1029.1826  1029.1804     4.6309     0.1109     0.1243    34.2656    34.2630    8.13944         26 0.0000e+00
    348.000    344.116    -0.4065  28.299410    -0.4043  28.299655     5.0880     5.2291     0.5633    97.4666 1.0000e-12  -73.77588 -112.44466  54.904068      99.86 5.0161e+02    636.445      15276  1029.1873  1029.1855     4.6237     0.1246     0.1266    34.2657    34.2636    8.13770         24 0.0000e+00
    349.000    345.103    -0.4076  28.298978    -0.4057  28.298835     5.1379     5.2640     0.3868    97.5878 1.0000e-12  -73.77588 -112.44464  54.904079      99.86 5.0337e+02    637.437      15299  1029.1927  1029.1908     4.6293     0.2170     0.1258    34.2658    34.2635    8.13794         24 0.0000e+00
    350.000    346.092    -0.4595  28.251406    -0.4582  28.252484     5.1411     5.2697     0.2755    97.4032 1.0000e-12  -73.77588 -112.44466  54.904091      99.87 5.0323e+02    638.427      15323  1029.1975  1029.1974     4.6208     0.1204     0.1288    34.2599    34.2599    8.14941         24 0.0000e+00
    351.000    347.079    -0.4807  28.235612    -0.4791  28.235442     5.1887     5.3077     0.1829    97.5497 1.0000e-12  -73.77588 -112.44464  54.904102      99.86 5.0158e+02    639.454      15348  1029.2058  1029.2041     4.6276     0.1320     0.1323    34.2620    34.2600    8.15383         25 0.0000e+00
    352.000    348.067    -0.4755  28.239748    -0.4727  28.241416     5.2382     5.3632     0.2518    97.5098 1.0000e-12  -73.77588 -112.44466  54.904115      99.86 5.0200e+02    640.511      15373  1029.2095  1029.2086     4.6257     0.1349     0.1224    34.2611    34.2602    8.15278         25 0.0000e+00
    353.000    349.055    -0.5437  28.178043    -0.5436  28.178360     5.2505     5.3943     0.2235    97.6826 1.0000e-12  -73.77588 -112.44464  54.904127      99.87 5.0124e+02    641.529      15398  1029.2147  1029.2149     4.6339     0.1192     0.1269    34.2545    34.2548    8.16782         24 0.0000e+00
    354.000    350.044    -0.5837  28.145915    -0.5821  28.146150     5.2470     5.3964     0.2623    97.6390 1.0000e-12  -73.77588 -112.44466  54.904138      99.87 5.0112e+02    642.497      15421  1029.2236  1029.2222     4.6319     0.1172     0.1241    34.2559    34.2544    8.17637         23 0.0000e+00
    355.000    351.032    -0.5760  28.153648    -0.5741  28.154017     5.2607     5.3893     0.4018    97.6213 1.0000e-12  -73.77588 -112.44464  54.904149      99.87 5.0417e+02    643.474      15444  1029.2283  1029.2268     4.6310     0.1201     0.1245    34.2569    34.2553    8.17464         24 0.0000e+00
    356.000    352.019    -0.5654  28.164220    -0.5635  28.164354     5.2446     5.3766     0.4766    97.6266 1.0000e-12  -73.77588 -112.44465  54.904161      99.86 5.0195e+02    644.520      15469  1029.2333  1029.2316     4.6312     0.1711     0.1271    34.2587    34.2567    8.17227         26 0.0000e+00
    357.000    353.004    -0.5520  28.177840    -0.5494  28.178511     5.2340     5.3689     0.3532    97.5363 1.0000e-12  -73.77588 -112.44465  54.904173      99.87 5.0221e+02    645.592      15495  1029.2388  1029.2371     4.6270     0.1165     0.1279    34.2612    34.2592    8.16922         25 0.0000e+00
    358.000    353.998    -0.5411  28.188932    -0.5393  28.188815     5.2164     5.3546     0.2429    97.6319 1.0000e-12  -73.77588 -112.44465  54.904185      99.87 5.0242e+02    646.616      15520  1029.2442  1029.2425     4.6315     0.0965     0.1238    34.2632    34.2611    8.16676         25 0.0000e+00
    359.000    354.981    -0.5367  28.193379    -0.5348  28.193837     5.2268     5.3666     0.4905    97.7160 1.0000e-12  -73.77588 -112.44465  54.904197      99.86 4.9951e+02    647.637      15544  1029.2490  1029.2476     4.6355     0.2011     0.1235    34.2636    34.2620    8.16579         24 0.0000e+00
    360.000    355.973    -0.5305  28.200973    -0.5278  28.201510     5.2542     5.4014     0.8541    97.5529 1.0000e-12  -73.77588 -112.44465  54.904209      99.87 5.0162e+02    648.650      15569  1029.2552  1029.2533     4.6278     0.1024     0.1230    34.2662    34.2639    8.16430         24 0.0000e+00
    361.000    356.960    -0.5618  28.172530    -0.5611  28.173300     5.2751     5.4241     0.1746    97.3937 1.0000e-12  -73.77588 -112.44465  54.904221      99.86 5.0301e+02    649.687      15593  1029.2598  1029.2600     4.6202     0.0976     0.1223    34.2627    34.2629    8.17125         25 0.0000e+00
    362.000    357.947    -0.5872  28.153543    -0.5854  28.153782     5.2659     5.4133     0.3577    97.5866 1.0000e-12  -73.77588 -112.44465  54.904233      99.87 5.0020e+02    650.721      15618  1029.2685  1029.2671     4.6294     0.1111     0.1214    34.2652    34.2636    8.17658         25 0.0000e+00
    363.000    358.935    -0.5853  28.156765    -0.5839  28.156611     5.2412     5.3953     0.2091    97.4551 1.0000e-12  -73.77588 -112.44465  54.904245      99.87 5.0257e+02    651.754      15643  1029.2742  1029.2727     4.6232     0.1262     0.1248    34.2669    34.2650    8.17609         25 0.0000e+00
