ocean_section_plots/required_files/ctd/dnbp2202_ctd087.cnv
* Sea-Bird SBE 9 Data File:
* FileName = D:\Data\raw\NBP2202_CTD087.hex
* Software Version Seasave V 7.26.7.121
* Temperature SN = 1649
* Conductivity SN = 2513
* Number of Bytes Per Scan = 40
* Number of Voltage Words = 5
* Number of Scans Averaged by the Deck Unit = 1
* NMEA Latitude = 74 10.51 S
* NMEA Longitude = 113 20.67 W
* NMEA UTC (Time) = Jan 26 2022  20:22:48
* NMEA baud rate = 9600
** Ship: RVIB N.B. Palmer
** Cruise: NBP2202 Thwaites
** Station: YoYo001
** Operator: A. Robinson
# nquan = 25
# nvalues = 607                         
# units = specified
# name 0 = prDM: Pressure, Digiquartz [db]
# name 1 = depSM: Depth [salt water, m]
# name 2 = t090C: Temperature [ITS-90, deg C]
# name 3 = c0mS/cm: Conductivity [mS/cm]
# name 4 = t190C: Temperature, 2 [ITS-90, deg C]
# name 5 = c1mS/cm: Conductivity, 2 [mS/cm]
# name 6 = sbeox0ML/L: Oxygen, SBE 43 [ml/l]
# name 7 = sbeox1ML/L: Oxygen, SBE 43, 2 [ml/l]
# name 8 = flECO-AFL: Fluorescence, WET Labs ECO-AFL/FL [mg/m^3]
# name 9 = CStarTr0: Beam Transmission, WET Labs C-Star [%]
# name 10 = par: PAR/Irradiance, Biospherical/Licor
# name 11 = latitude: Latitude [deg]
# name 12 = longitude: Longitude [deg]
# name 13 = timeJ: Julian Days
# name 14 = altM: Altimeter [m]
# name 15 = spar: SPAR, Biospherical/Licor
# name 16 = timeS: Time, Elapsed [seconds]
# name 17 = scan: Scan Count
# name 18 = density00: Density [density, kg/m^3]
# name 19 = density11: Density, 2 [density, kg/m^3]
# name 20 = sal00: Salinity, Practical [PSU]
# name 21 = sal11: Salinity, Practical, 2 [PSU]
# name 22 = oxsolML/L: Oxygen Saturation, Garcia & Gordon [ml/l]
# name 23 = nbin: number of scans per bin
# name 24 = flag: flag
# span 0 =     10.000,    616.000       
# span 1 =      9.895,    608.718       
# span 2 =    -1.5369,     0.1172       
# span 3 =  26.912934,  28.953141       
# span 4 =    -1.5366,     0.1178       
# span 5 =  26.912481,  28.952130       
# span 6 =     4.6828,     8.7428       
# span 7 =     4.7594,     8.6147       
# span 8 =    -0.0221,    26.9210       
# span 9 =    67.7747,    95.6788       
# span 10 = 1.0000e-12, 7.3413e+01      
# span 11 =  -74.17530,  -74.17528      
# span 12 = -113.34462, -113.34458      
# span 13 =  26.849572,  26.858251      
# span 14 =       4.16,     100.03      
# span 15 = 1.8508e+03, 1.9709e+03      
# span 16 =     35.048,    784.897      
# span 17 =        842,      18839      
# span 18 =  1027.2270,  1030.5210      
# span 19 =  1027.2253,  1030.5195      
# span 20 =    33.7958,    34.3873      
# span 21 =    33.7938,    34.3852      
# span 22 =    8.02005,    8.41186      
# span 23 =         12,         48      
# span 24 = 0.0000e+00, 0.0000e+00      
# interval = decibars: 1                
# start_time = Jan 26 2022 20:22:48 [NMEA time, header]
# bad_flag = -9.990e-29
*END*
[from data line 174]
    184.000    182.014    -1.0443  27.509272    -1.0381  27.512425     5.2691     5.3859    -0.0185    95.5275 1.0000e-12  -74.17530 -113.34460  26.851929      99.87 1.9508e+03    238.698       5730  1028.2385  1028.2360    34.0184    34.0157    8.29079         27 0.0000e+00
    185.000    183.003    -1.0318  27.520907    -1.0304  27.520087     5.2529     5.3718    -0.0147    95.5142 1.0000e-12  -74.17530 -113.34460  26.851942      99.86 1.9515e+03    239.809       5756  1028.2438  1028.2416    34.0196    34.0169    8.28796         26 0.0000e+00
    186.000    183.993    -1.0127  27.538700    -1.0173  27.532463     5.2421     5.3622    -0.0189    95.5094 1.0000e-12  -74.17529 -113.34460  26.851955      99.57 1.9510e+03    240.922       5783  1028.2493  1028.2470    34.0216    34.0183    8.28363         27 0.0000e+00
    187.000    184.981    -1.0089  27.543047    -1.0119  27.537933     5.2209     5.3353    -0.0182    95.5105 1.0000e-12  -74.17530 -113.34460  26.851968      99.87 1.9499e+03    242.071       5811  1028.2551  1028.2525    34.0226    34.0190    8.28273         28 0.0000e+00
    188.000    185.969    -0.9979  27.552250    -1.0045  27.544667     5.1902     5.2980    -0.0144    95.4787 1.0000e-12  -74.17528 -113.34460  26.851982      99.87 1.9498e+03    243.249       5839  1028.2591  1028.2573    34.0220    34.0192    8.28033         28 0.0000e+00
    189.000    186.959    -0.9753  27.572891    -0.9782  27.568518     5.1656     5.2719    -0.0201    95.4746 1.0000e-12  -74.17530 -113.34460  26.851996      99.87 1.9491e+03    244.420       5867  1028.2642  1028.2623    34.0240    34.0213    8.27524         28 0.0000e+00
    190.000    187.947    -0.9567  27.590469    -0.9561  27.588863     5.1601     5.2632    -0.0166    95.4830 1.0000e-12  -74.17529 -113.34460  26.852009      99.87 1.9473e+03    245.567       5895  1028.2700  1028.2676    34.0262    34.0233    8.27101         28 0.0000e+00
    191.000    188.936    -0.9517  27.595593    -0.9500  27.595122     5.1611     5.2576    -0.0083    95.4726 1.0000e-12  -74.17529 -113.34460  26.852022      99.87 1.9471e+03    246.683       5921  1028.2753  1028.2732    34.0269    34.0244    8.26986         26 0.0000e+00
    192.000    189.924    -0.9504  27.597356    -0.9478  27.597811     5.1578     5.2546    -0.0184    95.4655 1.0000e-12  -74.17529 -113.34460  26.852035      99.86 1.9481e+03    247.804       5948  1028.2807  1028.2786    34.0272    34.0249    8.26956         28 0.0000e+00
    193.000    190.914    -0.9453  27.602782    -0.9441  27.601685     5.1574     5.2470    -0.0145    95.4552 1.0000e-12  -74.17530 -113.34460  26.852048      99.87 1.9481e+03    248.942       5976  1028.2863  1028.2839    34.0283    34.0254    8.26839         27 0.0000e+00
    194.000    191.902    -0.9409  27.607407    -0.9396  27.606816     5.1567     5.2459    -0.0150    95.4502 1.0000e-12  -74.17530 -113.34460  26.852061      99.87 1.9487e+03    250.090       6003  1028.2916  1028.2896    34.0290    34.0266    8.26738         27 0.0000e+00
    195.000    192.890    -0.9399  27.608959    -0.9379  27.608700     5.1544     5.2464    -0.0147    95.4477 1.0000e-12  -74.17530 -113.34460  26.852075      99.86 1.9483e+03    251.247       6031  1028.2968  1028.2946    34.0293    34.0267    8.26713         29 0.0000e+00
    196.000    193.880    -0.9361  27.613123    -0.9340  27.612875     5.1435     5.2390    -0.0145    95.4266 1.0000e-12  -74.17530 -113.34460  26.852088      79.17 1.9495e+03    252.407       6059  1028.3021  1028.2999    34.0300    34.0274    8.26625         27 0.0000e+00
    197.000    194.869    -0.9336  27.616075    -0.9317  27.615751     5.1409     5.2314    -0.0219    95.4222 1.0000e-12  -74.17530 -113.34460  26.852101      89.64 1.9488e+03    253.567       6087  1028.3074  1028.3052    34.0306    34.0280    8.26566         28 0.0000e+00
    198.000    195.856    -0.9238  27.626213    -0.9221  27.625839     5.1389     5.2271    -0.0221    95.4101 1.0000e-12  -74.17530 -113.34460  26.852115      99.95 1.9480e+03    254.718       6114  1028.3135  1028.3114    34.0327    34.0303    8.26340         27 0.0000e+00
    199.000    196.846    -0.9204  27.630110    -0.9179  27.630483     5.1452     5.2300    -0.0203    95.4084 1.0000e-12  -74.17530 -113.34460  26.852128      99.86 1.9480e+03    255.863       6142  1028.3189  1028.3168    34.0336    34.0312    8.26261         28 0.0000e+00
    200.000    197.835    -0.9155  27.635954    -0.9147  27.634487     5.1465     5.2288    -0.0153    95.3684 1.0000e-12  -74.17530 -113.34460  26.852141      99.87 1.9480e+03    256.996       6169  1028.3249  1028.3225    34.0353    34.0324    8.26142         27 0.0000e+00
    201.000    198.823    -0.9169  27.635849    -0.9149  27.635679     5.1375     5.2324    -0.0202    95.3862 1.0000e-12  -74.17530 -113.34460  26.852154      99.87 1.9472e+03    258.114       6196  1028.3306  1028.3286    34.0361    34.0337    8.26167         27 0.0000e+00
    202.000    199.812    -0.9162  27.636931    -0.9145  27.636541     5.1417     5.2303    -0.0159    95.3745 1.0000e-12  -74.17530 -113.34460  26.852167      99.87 1.9461e+03    259.227       6222  1028.3356  1028.3335    34.0362    34.0337    8.26153         26 0.0000e+00
    203.000    200.800    -0.9174  27.635813    -0.9158  27.635407     5.1457     5.2407    -0.0172    95.3707 1.0000e-12  -74.17530 -113.34460  26.852180      99.86 1.9453e+03    260.368       6250  1028.3399  1028.3379    34.0354    34.0330    8.26183         28 0.0000e+00
    204.000    201.790    -0.9193  27.634813    -0.9184  27.634054     5.1573     5.2420    -0.0093    95.3726 1.0000e-12  -74.17530 -113.34460  26.852194      99.87 1.9445e+03    261.522       6278  1028.3451  1028.3434    34.0357    34.0336    8.26224         28 0.0000e+00
    205.000    202.778    -0.9213  27.634227    -0.9192  27.634686     5.1504     5.2342    -0.0145    95.3634 1.0000e-12  -74.17530 -113.34460  26.852207      99.87 1.9445e+03    262.685       6305  1028.3508  1028.3492    34.0365    34.0347    8.26263         28 0.0000e+00
    206.000    203.767    -0.9178  27.639527    -0.9079  27.646543     5.1400     5.2283    -0.0177    95.3835 1.0000e-12  -74.17530 -113.34460  26.852220      99.86 1.9445e+03    263.829       6333  1028.3574  1028.3555    34.0391    34.0375    8.26170         27 0.0000e+00
    207.000    204.755    -0.9071  27.650199    -0.9017  27.652993     5.1316     5.2214    -0.0188    95.3749 1.0000e-12  -74.17530 -113.34460  26.852233      99.87 1.9445e+03    264.957       6360  1028.3630  1028.3609    34.0409    34.0386    8.25925         27 0.0000e+00
    208.000    205.744    -0.8976  27.659958    -0.8959  27.659458     5.1212     5.2118    -0.0140    95.3763 1.0000e-12  -74.17530 -113.34460  26.852246      79.90 1.9444e+03    266.095       6387  1028.3687  1028.3666    34.0428    34.0402    8.25705         28 0.0000e+00
    209.000    206.732    -0.8873  27.670713    -0.8856  27.670074     5.1087     5.2019    -0.0096    95.3754 1.0000e-12  -74.17530 -113.34460  26.852260      99.32 1.9445e+03    267.253       6415  1028.3748  1028.3725    34.0452    34.0424    8.25466         28 0.0000e+00
    210.000    207.720    -0.8797  27.678290    -0.8783  27.677547     5.0920     5.1937    -0.0164    95.3577 1.0000e-12  -74.17530 -113.34460  26.852273      99.87 1.9461e+03    268.420       6443  1028.3801  1028.3779    34.0463    34.0436    8.25293         27 0.0000e+00
    211.000    208.710    -0.8676  27.690182    -0.8658  27.689674     5.0904     5.1859    -0.0214    95.3700 1.0000e-12  -74.17530 -113.34460  26.852287      99.87 1.9452e+03    269.583       6471  1028.3856  1028.3833    34.0481    34.0454    8.25017         28 0.0000e+00
    212.000    209.698    -0.8666  27.691356    -0.8645  27.691332     5.0796     5.1707    -0.0106    95.3836 1.0000e-12  -74.17530 -113.34460  26.852300      99.87 1.9452e+03    270.726       6498  1028.3904  1028.3884    34.0479    34.0456    8.24995         28 0.0000e+00
    213.000    210.687    -0.8603  27.697782    -0.8579  27.697846     5.0704     5.1600    -0.0130    95.3645 1.0000e-12  -74.17530 -113.34460  26.852313      99.87 1.9454e+03    271.858       6526  1028.3956  1028.3934    34.0489    34.0463    8.24851         26 0.0000e+00
    214.000    211.676    -0.8523  27.705650    -0.8509  27.704706     5.0650     5.1540    -0.0139    95.3732 1.0000e-12  -74.17530 -113.34460  26.852326      99.87 1.9454e+03    272.976       6552  1028.4009  1028.3985    34.0500    34.0471    8.24670         27 0.0000e+00
    215.000    212.664    -0.8445  27.713439    -0.8421  27.713429     5.0541     5.1477    -0.0186    95.3769 1.0000e-12  -74.17530 -113.34460  26.852339      99.87 1.9445e+03    274.100       6579  1028.4061  1028.4038    34.0510    34.0483    8.24493         27 0.0000e+00
    216.000    213.654    -0.8411  27.716814    -0.8396  27.716280     5.0545     5.1449    -0.0216    95.3691 1.0000e-12  -74.17530 -113.34460  26.852352      99.87 1.9447e+03    275.219       6606  1028.4110  1028.4089    34.0513    34.0488    8.24419         27 0.0000e+00
    217.000    214.641    -0.8384  27.719923    -0.8362  27.719915     5.0552     5.1432    -0.0081    95.3499 1.0000e-12  -74.17530 -113.34460  26.852365      99.86 1.9454e+03    276.346       6633  1028.4161  1028.4140    34.0518    34.0493    8.24356         27 0.0000e+00
    218.000    215.629    -0.8363  27.722432    -0.8346  27.721945     5.0526     5.1387    -0.0201    95.3367 1.0000e-12  -74.17530 -113.34460  26.852378      99.87 1.9449e+03    277.496       6661  1028.4212  1028.4191    34.0522    34.0497    8.24307         29 0.0000e+00
    219.000    216.618    -0.8346  27.724465    -0.8325  27.724469     5.0510     5.1376    -0.0135    95.2687 1.0000e-12  -74.17530 -113.34460  26.852392      79.30 1.9452e+03    278.671       6689  1028.4262  1028.4242    34.0524    34.0501    8.24269         28 0.0000e+00
    220.000    217.607    -0.8328  27.726508    -0.8306  27.726581     5.0524     5.1353    -0.0145    94.9677 1.0000e-12  -74.17530 -113.34460  26.852405      85.27 1.9451e+03    279.830       6717  1028.4311  1028.4291    34.0526    34.0502    8.24229         27 0.0000e+00
    221.000    218.596    -0.8312  27.728666    -0.8294  27.728369     5.0536     5.1355    -0.0150    95.3410 1.0000e-12  -74.17530 -113.34460  26.852419      99.90 1.9472e+03    280.981       6745  1028.4362  1028.4342    34.0530    34.0506    8.24190         28 0.0000e+00
    222.000    219.584    -0.8308  27.729540    -0.8291  27.729049     5.0453     5.1353    -0.0134    95.3161 1.0000e-12  -74.17530 -113.34460  26.852432      99.87 1.9496e+03    282.109       6772  1028.4411  1028.4390    34.0532    34.0506    8.24181         27 0.0000e+00
    223.000    220.573    -0.8272  27.733603    -0.8257  27.732871     5.0443     5.1299    -0.0081    95.3130 1.0000e-12  -74.17530 -113.34460  26.852445      99.87 1.9513e+03    283.228       6798  1028.4464  1028.4442    34.0540    34.0513    8.24098         27 0.0000e+00
    224.000    221.561    -0.8263  27.735064    -0.8248  27.734250     5.0464     5.1357    -0.0147    95.3063 1.0000e-12  -74.17530 -113.34460  26.852458      99.86 1.9515e+03    284.374       6826  1028.4515  1028.4492    34.0544    34.0516    8.24077         27 0.0000e+00
    225.000    222.550    -0.8262  27.735459    -0.8244  27.735145     5.0452     5.1251    -0.0188    95.3223 1.0000e-12  -74.17529 -113.34460  26.852472      99.87 1.9516e+03    285.540       6854  1028.4562  1028.4541    34.0542    34.0517    8.24076         28 0.0000e+00
    226.000    223.539    -0.8254  27.736750    -0.8235  27.736593     5.0458     5.1323    -0.0108    95.2969 1.0000e-12  -74.17529 -113.34460  26.852485      99.87 1.9531e+03    286.698       6882  1028.4611  1028.4591    34.0543    34.0520    8.24055         28 0.0000e+00
    227.000    224.528    -0.8243  27.738271    -0.8224  27.737968     5.0475     5.1336    -0.0104    95.3100 1.0000e-12  -74.17529 -113.34460  26.852498      99.86 1.9533e+03    287.830       6909  1028.4661  1028.4640    34.0546    34.0521    8.24031         27 0.0000e+00
    228.000    225.515    -0.8228  27.740307    -0.8210  27.739898     5.0402     5.1277    -0.0185    95.3141 1.0000e-12  -74.17529 -113.34459  26.852511      99.87 1.9533e+03    288.942       6936  1028.4712  1028.4689    34.0551    34.0524    8.23996         26 0.0000e+00
    229.000    226.505    -0.8189  27.744993    -0.8171  27.744508     5.0460     5.1242    -0.0169    95.3081 1.0000e-12  -74.17529 -113.34459  26.852524      99.87 1.9533e+03    290.050       6962  1028.4768  1028.4746    34.0564    34.0537    8.23902         27 0.0000e+00
    230.000    227.493    -0.8159  27.749108    -0.8142  27.748654     5.0425     5.1297    -0.0175    95.2986 1.0000e-12  -74.17528 -113.34458  26.852537      99.87 1.9533e+03    291.175       6989  1028.4827  1028.4806    34.0580    34.0555    8.23828         27 0.0000e+00
    231.000    228.481    -0.8144  27.751175    -0.8127  27.750719     5.0460     5.1311    -0.0081    95.3055 1.0000e-12  -74.17530 -113.34460  26.852550      99.74 1.9534e+03    292.322       7017  1028.4878  1028.4857    34.0584    34.0559    8.23791         28 0.0000e+00
    232.000    229.470    -0.8141  27.752390    -0.8123  27.751984     5.0452     5.1297    -0.0143    95.3064 1.0000e-12  -74.17528 -113.34458  26.852563      99.10 1.9550e+03    293.481       7045  1028.4931  1028.4910    34.0591    34.0566    8.23781         28 0.0000e+00
    233.000    230.459    -0.8117  27.755871    -0.8100  27.755438     5.0414     5.1306    -0.0171    95.2945 1.0000e-12  -74.17529 -113.34459  26.852577      99.86 1.9550e+03    294.637       7072  1028.4990  1028.4968    34.0606    34.0581    8.23721         28 0.0000e+00
    234.000    231.446    -0.8090  27.759166    -0.8075  27.758629     5.0474     5.1307    -0.0131    95.3052 1.0000e-12  -74.17529 -113.34459  26.852590      99.87 1.9550e+03    295.782       7100  1028.5042  1028.5022    34.0613    34.0589    8.23657         27 0.0000e+00
    235.000    232.436    -0.8088  27.759965    -0.8071  27.759517     5.0465     5.1308    -0.0172    95.3053 1.0000e-12  -74.17529 -113.34460  26.852603      99.87 1.9550e+03    296.917       7127  1028.5092  1028.5071    34.0616    34.0591    8.23651         27 0.0000e+00
    236.000    233.425    -0.8083  27.761011    -0.8069  27.760361     5.0451     5.1284    -0.0194    95.3168 1.0000e-12  -74.17529 -113.34460  26.852616      99.87 1.9550e+03    298.047       7154  1028.5142  1028.5122    34.0618    34.0594    8.23638         27 0.0000e+00
    237.000    234.412    -0.8082  27.761610    -0.8065  27.761182     5.0450     5.1246    -0.0200    95.2971 1.0000e-12  -74.17528 -113.34460  26.852630      99.87 1.9550e+03    299.192       7182  1028.5190  1028.5170    34.0619    34.0594    8.23636         28 0.0000e+00
    238.000    235.401    -0.8061  27.764235    -0.8047  27.763421     5.0439     5.1235    -0.0148    95.2944 1.0000e-12  -74.17530 -113.34460  26.852643      99.86 1.9560e+03    300.347       7209  1028.5242  1028.5220    34.0626    34.0598    8.23588         28 0.0000e+00
    239.000    236.389    -0.8037  27.766914    -0.8020  27.766485     5.0401     5.1276    -0.0194    95.2939 1.0000e-12  -74.17529 -113.34460  26.852656      99.88 1.9561e+03    301.500       7237  1028.5291  1028.5270    34.0628    34.0604    8.23533         27 0.0000e+00
    240.000    237.379    -0.8026  27.768405    -0.8006  27.768281     5.0370     5.1258    -0.0152    95.2997 1.0000e-12  -74.17529 -113.34459  26.852669      99.87 1.9538e+03    302.639       7264  1028.5339  1028.5319    34.0630    34.0605    8.23508         27 0.0000e+00
