ocean_section_plots/required_files/ctd/dnbp2202_ctd178.cnv
* Sea-Bird SBE 9 Data File:
* FileName = D:\Data\raw\NBP2202_CTD178.hex
* Software Version Seasave V 7.26.7.121
* Temperature SN = 1649
* Conductivity SN = 2513
* Number of Bytes Per Scan = 40
* Number of Voltage Words = 5
* Number of Scans Averaged by the Deck Unit = 1
* NMEA Latitude = 74 02.10 S
* NMEA Longitude = 111 18.39 W
* NMEA UTC (Time) = Feb 03 2022  22:42:36
* NMEA baud rate = 9600
** Ship: RVIB N.B. Palmer
** Cruise: NBP2202 Thwaites
** Station: 100
** Operator: A. Robinson
# nquan = 28
# nvalues = 464                         
# units = specified
# name 0 = prDM: Pressure, Digiquartz [db]
# name 1 = depSM: Depth [salt water, m]
# name 2 = t090C: Temperature [ITS-90, deg C]
# name 3 = c0mS/cm: Conductivity [mS/cm]
# name 4 = t190C: Temperature, 2 [ITS-90, deg C]
# name 5 = c1mS/cm: Conductivity, 2 [mS/cm]
# name 6 = sbeox0ML/L: Oxygen, SBE 43 [ml/l]
# name 7 = sbeox1ML/L: Oxygen, SBE 43, 2 [ml/l]
# name 8 = flECO-AFL: Fluorescence, WET Labs ECO-AFL/FL [mg/m^3]
# name 9 = CStarTr0: Beam Transmission, WET Labs C-Star [%]
# name 10 = par: PAR/Irradiance, Biospherical/Licor
# name 11 = latitude: Latitude [deg]
# name 12 = longitude: Longitude [deg]
# name 13 = timeJ: Julian Days
# name 14 = altM: Altimeter [m]
# name 15 = spar: SPAR, Biospherical/Licor
# name 16 = timeS: Time, Elapsed [seconds]
# name 17 = scan: Scan Count
# name 18 = density00: Density [density, kg/m^3]
# name 19 = density11: Density, 2 [density, kg/m^3]
# name 20 = v3: Voltage 3
# name 21 = v4: Voltage 4
# name 22 = v5: Voltage 5
# name 23 = sal00: Salinity, Practical [PSU]
# name 24 = sal11: Salinity, Practical, 2 [PSU]
# name 25 = oxsolML/L: Oxygen Saturation, Garcia & Gordon [ml/l]
# name 26 = nbin: number of scans per bin
# name 27 = flag: flag
# span 0 =      2.000,    465.000       
# span 1 =      1.984,    459.679       
# span 2 =    -1.5538,     0.1587       
# span 3 =  26.993238,  28.973353       
# span 4 =    -1.5546,     0.1572       
# span 5 =  26.993624,  28.969313       
# span 6 =     4.7733,     7.3875       
# span 7 =     4.8970,     7.5828       
# span 8 =    -0.0142,     8.1642       
# span 9 =    83.5579,    98.8633       
# span 10 = 1.0000e-12, 1.0785e+03      
# span 11 =  -74.03504,  -74.03502      
# span 12 = -111.30670, -111.30656      
# span 13 =  34.949109,  34.956976      
# span 14 =       6.32,     101.03      
# span 15 = 6.7825e+02, 1.6906e+03      
# span 16 =    247.047,    926.750      
# span 17 =       5930,      22243      
# span 18 =  1027.1738,  1029.8621      
# span 19 =  1027.1751,  1029.8595      
# span 20 =     3.9643,     4.6899      
# span 21 =     0.0647,     1.2753      
# span 22 =     0.1120,     0.1615      
# span 23 =    33.7707,    34.4558      
# span 24 =    33.7742,    34.4523      
# span 25 =    8.00753,    8.40803      
# span 26 =         15,         46      
# span 27 = 0.0000e+00, 0.0000e+00      
# interval = decibars: 1                
# start_time = Feb 03 2022 22:42:36 [NMEA time, header]
# bad_flag = -9.990e-29
*END*
[from data line 259]
    261.000    258.138    -1.3890  27.294258    -1.3881  27.293996     6.2232     6.3781     0.0531    98.5882 1.0000e-12  -74.03502 -111.30658  34.953286      99.88 1.6855e+03    607.902      14591  1028.6634  1028.6622     4.6768     0.0810     0.1204    34.0675    34.0661    8.36464         30 0.0000e+00
    262.000    259.125    -1.3888  27.294894    -1.3878  27.294684     6.2237     6.3793     0.0819    98.5802 1.0000e-12  -74.03502 -111.30658  34.953300      99.88 1.6866e+03    609.159      14621  1028.6683  1028.6671     4.6765     0.0819     0.1194    34.0675    34.0661    8.36460         31 0.0000e+00
    263.000    260.115    -1.3888  27.295444    -1.3877  27.295256     6.2248     6.3735     0.0668    98.5925 1.0000e-12  -74.03502 -111.30658  34.953315      99.88 1.6872e+03    610.449      14652  1028.6732  1028.6719     4.6771     0.0795     0.1225    34.0676    34.0661    8.36458         31 0.0000e+00
    264.000    261.102    -1.3887  27.296087    -1.3876  27.295885     6.2282     6.3806     0.0643    98.5406 1.0000e-12  -74.03502 -111.30658  34.953330      99.88 1.6854e+03    611.732      14683  1028.6782  1028.6768     4.6746     0.0811     0.1185    34.0678    34.0663    8.36456         30 0.0000e+00
    265.000    262.091    -1.3880  27.297405    -1.3872  27.297101     6.2260     6.3855     0.0802    98.5924 1.0000e-12  -74.03502 -111.30658  34.953345      99.88 1.6862e+03    612.983      14713  1028.6833  1028.6821     4.6770     0.0795     0.1169    34.0682    34.0668    8.36438         30 0.0000e+00
    266.000    263.079    -1.3878  27.298102    -1.3868  27.297926     6.2246     6.3834     0.0545    98.5914 1.0000e-12  -74.03502 -111.30658  34.953360      99.88 1.6869e+03    614.274      14744  1028.6882  1028.6869     4.6770     0.0801     0.1183    34.0683    34.0669    8.36433         32 0.0000e+00
    267.000    264.066    -1.3877  27.298796    -1.3863  27.299119     6.2176     6.3768     0.0563    98.4876 1.0000e-12  -74.03502 -111.30658  34.953375      99.88 1.6859e+03    615.561      14774  1028.6932  1028.6921     4.6721     0.0818     0.1260    34.0686    34.0673    8.36429         30 0.0000e+00
    268.000    265.058    -1.3839  27.304324    -1.3831  27.303454     6.2240     6.3786     0.0677    98.5685 1.0000e-12  -74.03502 -111.30658  34.953389      96.09 1.6855e+03    616.805      14804  1028.6998  1028.6980     4.6759     0.0846     0.1198    34.0712    34.0690    8.36327         30 0.0000e+00
    269.000    266.044    -1.3808  27.308678    -1.3794  27.308826     6.2211     6.3821     0.0555    98.5521 1.0000e-12  -74.03502 -111.30658  34.953404      99.84 1.6868e+03    618.072      14835  1028.7059  1028.7047     4.6751     0.0800     0.1187    34.0730    34.0716    8.36247         31 0.0000e+00
    270.000    267.034    -1.3771  27.314045    -1.3765  27.313064     6.2191     6.3811     0.0718    98.5758 1.0000e-12  -74.03502 -111.30658  34.953418      99.89 1.6865e+03    619.348      14865  1028.7126  1028.7109     4.6763     0.0819     0.1186    34.0756    34.0736    8.36150         30 0.0000e+00
    271.000    268.021    -1.3743  27.318159    -1.3739  27.317034     6.2179     6.3793     0.0621    98.6066 1.0000e-12  -74.03502 -111.30659  34.953433      99.88 1.6858e+03    620.573      14895  1028.7187  1028.7170     4.6778     0.0818     0.1205    34.0774    34.0754    8.36075         29 0.0000e+00
    272.000    269.010    -1.3737  27.319585    -1.3728  27.318903     6.2207     6.3705     0.0545    98.5584 1.0000e-12  -74.03502 -111.30659  34.953447      99.89 1.6863e+03    621.820      14925  1028.7240  1028.7224     4.6755     0.0816     0.1171    34.0780    34.0761    8.36057         30 0.0000e+00
    273.000    269.998    -1.3731  27.320421    -1.3721  27.320113     6.2188     6.3743     0.0675    98.5878 1.0000e-12  -74.03502 -111.30659  34.953462      99.87 1.6868e+03    623.091      14955  1028.7286  1028.7273     4.6768     0.0844     0.1208    34.0779    34.0763    8.36045         31 0.0000e+00
    274.000    270.986    -1.3730  27.321036    -1.3720  27.320923     6.2213     6.3777     0.0620    98.5556 1.0000e-12  -74.03502 -111.30658  34.953476      99.88 1.6856e+03    624.322      14985  1028.7336  1028.7325     4.6753     0.0853     0.1178    34.0781    34.0767    8.36043         29 0.0000e+00
    275.000    271.975    -1.3729  27.321850    -1.3719  27.321577     6.2214     6.3746     0.0587    98.5890 1.0000e-12  -74.03502 -111.30660  34.953490      99.86 1.6860e+03    625.572      15015  1028.7387  1028.7375     4.6769     0.0833     0.1201    34.0785    34.0770    8.36039         31 0.0000e+00
    276.000    272.963    -1.3729  27.322343    -1.3718  27.322123     6.2186     6.3699     0.0885    98.6119 1.0000e-12  -74.03502 -111.30660  34.953505      99.88 1.6864e+03    626.855      15046  1028.7436  1028.7423     4.6780     0.0787     0.1202    34.0785    34.0769    8.36038         30 0.0000e+00
    277.000    273.952    -1.3726  27.323471    -1.3717  27.322938     6.2232     6.3746     0.0395    98.5995 1.0000e-12  -74.03502 -111.30660  34.953520      78.33 1.6853e+03    628.104      15076  1028.7488  1028.7473     4.6774     0.0779     0.1197    34.0790    34.0772    8.36027         29 0.0000e+00
    278.000    274.939    -1.3728  27.323370    -1.3718  27.323130     6.2228     6.3712     0.0400    98.6145 1.0000e-12  -74.03502 -111.30660  34.953534      91.98 1.6857e+03    629.354      15105  1028.7532  1028.7520     4.6781     0.0766     0.1216    34.0785    34.0770    8.36035         31 0.0000e+00
    279.000    275.928    -1.3725  27.324393    -1.3713  27.324240     6.2183     6.3745     0.0651    98.5956 1.0000e-12  -74.03502 -111.30660  34.953549     100.04 1.6867e+03    630.651      15137  1028.7583  1028.7570     4.6772     0.0807     0.1211    34.0789    34.0774    8.36025         31 0.0000e+00
    280.000    276.917    -1.3694  27.329693    -1.3679  27.329861     6.2183     6.3684     0.0526    98.5974 1.0000e-12  -74.03502 -111.30660  34.953564      99.88 1.6853e+03    631.899      15167  1028.7655  1028.7642     4.6774     0.0795     0.1190    34.0822    34.0806    8.35938         30 0.0000e+00
    281.000    277.905    -1.3666  27.333759    -1.3648  27.334173     6.2201     6.3693     0.0385    98.6272 1.0000e-12  -74.03502 -111.30660  34.953578      99.89 1.6859e+03    633.136      15196  1028.7716  1028.7703     4.6787     0.0789     0.1189    34.0839    34.0824    8.35864         30 0.0000e+00
    282.000    278.893    -1.3648  27.336325    -1.3637  27.336188     6.2189     6.3703     0.0372    98.6226 1.0000e-12  -74.03502 -111.30660  34.953593      99.89 1.6871e+03    634.407      15227  1028.7770  1028.7757     4.6785     0.0792     0.1185    34.0848    34.0833    8.35819         31 0.0000e+00
    283.000    279.882    -1.3637  27.338301    -1.3622  27.338652     6.2194     6.3734     0.0507    98.6115 1.0000e-12  -74.03502 -111.30660  34.953607      99.88 1.6853e+03    635.648      15257  1028.7824  1028.7813     4.6780     0.0779     0.1200    34.0856    34.0843    8.35789         29 0.0000e+00
    284.000    280.869    -1.3638  27.339578    -1.3631  27.339005     6.2227     6.3744     0.0456    98.6493 1.0000e-12  -74.03502 -111.30660  34.953621      99.88 1.6862e+03    636.868      15286  1028.7882  1028.7869     4.6798     0.0794     0.1185    34.0869    34.0852    8.35784         29 0.0000e+00
    285.000    281.858    -1.3680  27.337415    -1.3674  27.336786     6.2278     6.3863     0.0317    98.6308 1.0000e-12  -74.03502 -111.30660  34.953636      99.88 1.6862e+03    638.129      15316  1028.7942  1028.7930     4.6789     0.0787     0.1188    34.0880    34.0865    8.35870         31 0.0000e+00
    286.000    282.847    -1.3699  27.336768    -1.3687  27.336567     6.2369     6.3884     0.0362    98.6130 1.0000e-12  -74.03502 -111.30660  34.953650      59.11 1.6856e+03    639.378      15346  1028.7998  1028.7983     4.6780     0.0771     0.1182    34.0887    34.0871    8.35910         29 0.0000e+00
    287.000    283.834    -1.3698  27.338582    -1.3686  27.338239     6.2335     6.3848     0.0459    98.5932 1.0000e-12  -74.03502 -111.30660  34.953664      99.50 1.6855e+03    640.593      15375  1028.8059  1028.8044     4.6771     0.0780     0.1162    34.0904    34.0887    8.35896         30 0.0000e+00
    288.000    284.823    -1.3700  27.339474    -1.3690  27.339126     6.2376     6.3834     0.0351    98.6619 1.0000e-12  -74.03502 -111.30660  34.953679      99.88 1.6857e+03    641.843      15405  1028.8114  1028.8100     4.6803     0.0772     0.1133    34.0913    34.0897    8.35897         30 0.0000e+00
    289.000    285.810    -1.3698  27.340762    -1.3686  27.340558     6.2330     6.3860     0.0352    98.7112 1.0000e-12  -74.03502 -111.30660  34.953693      96.12 1.6844e+03    643.117      15436  1028.8169  1028.8155     4.6827     0.0756     0.1173    34.0922    34.0906    8.35886         30 0.0000e+00
    290.000    286.801    -1.3697  27.341524    -1.3690  27.340978     6.2357     6.3858     0.0162    98.7029 1.0000e-12  -74.03502 -111.30660  34.953708      99.90 1.6854e+03    644.360      15466  1028.8219  1028.8206     4.6823     0.0767     0.1253    34.0925    34.0909    8.35882         30 0.0000e+00
    291.000    287.787    -1.3706  27.340754    -1.3691  27.341222     6.2277     6.3863     0.0288    98.7481 1.0000e-12  -74.03502 -111.30659  34.953723      99.88 1.6853e+03    645.640      15496  1028.8262  1028.8253     4.6845     0.0759     0.1151    34.0918    34.0908    8.35906         32 0.0000e+00
    292.000    288.775    -1.3705  27.341475    -1.3695  27.341293     6.2269     6.3873     0.0289    98.7937 1.0000e-12  -74.03502 -111.30658  34.953738      99.88 1.6857e+03    646.930      15527  1028.8312  1028.8300     4.6866     0.0743     0.1136    34.0921    34.0907    8.35903         30 0.0000e+00
    293.000    289.765    -1.3704  27.342264    -1.3692  27.342048     6.2309     6.3868     0.0209    98.7948 1.0000e-12  -74.03502 -111.30658  34.953752      99.88 1.6854e+03    648.182      15557  1028.8362  1028.8349     4.6867     0.0751     0.1175    34.0924    34.0908    8.35898         30 0.0000e+00
    294.000    290.752    -1.3697  27.343935    -1.3687  27.343439     6.2226     6.3870     0.0242    98.7895 1.0000e-12  -74.03502 -111.30658  34.953767      99.88 1.6855e+03    649.460      15588  1028.8417  1028.8402     4.6864     0.0755     0.1125    34.0933    34.0915    8.35877         31 0.0000e+00
    295.000    291.740    -1.3685  27.346029    -1.3674  27.345786     6.2290     6.3877     0.0289    98.7936 1.0000e-12  -74.03502 -111.30658  34.953782      99.88 1.6864e+03    650.751      15619  1028.8471  1028.8458     4.6866     0.0760     0.1138    34.0942    34.0927    8.35845         28 0.0000e+00
    296.000    292.729    -1.3669  27.348746    -1.3654  27.348685     6.2279     6.3840     0.0150    98.7265 1.0000e-12  -74.03502 -111.30658  34.953796      99.88 1.6857e+03    651.998      15649  1028.8528  1028.8513     4.6834     0.0739     0.1130    34.0955    34.0937    8.35801         31 0.0000e+00
    297.000    293.717    -1.3629  27.353816    -1.3621  27.353157     6.2299     6.3830     0.0143    98.8159 1.0000e-12  -74.03502 -111.30658  34.953811      99.88 1.6857e+03    653.267      15679  1028.8588  1028.8574     4.6876     0.0751     0.1120    34.0973    34.0956    8.35701         30 0.0000e+00
    298.000    294.705    -1.3605  27.356794    -1.3596  27.356151     6.2177     6.3757     0.0531    98.8420 1.0000e-12  -74.03502 -111.30658  34.953826      99.88 1.6862e+03    654.550      15710  1028.8640  1028.8625     4.6889     0.0740     0.1150    34.0980    34.0961    8.35643         31 0.0000e+00
    299.000    295.695    -1.3535  27.364195    -1.3518  27.364266     6.2045     6.3590     0.0730    98.8633 1.0000e-12  -74.03502 -111.30658  34.953840      91.90 1.6857e+03    655.783      15740  1028.8697  1028.8681     4.6899     0.0722     0.1143    34.0997    34.0978    8.35478         29 0.0000e+00
    300.000    296.681    -1.3402  27.377736    -1.3389  27.377149     6.1970     6.3522     0.0249    98.8445 1.0000e-12  -74.03502 -111.30658  34.953855      97.86 1.6857e+03    657.030      15770  1028.8759  1028.8740     4.6890     0.0742     0.1171    34.1025    34.1002    8.35163         31 0.0000e+00
    301.000    297.671    -1.3300  27.387974    -1.3286  27.387643     6.1862     6.3425     0.0272    98.8156 1.0000e-12  -74.03502 -111.30658  34.953869      99.87 1.6856e+03    658.303      15800  1028.8816  1028.8799     4.6876     0.0746     0.1129    34.1043    34.1023    8.34924         30 0.0000e+00
    302.000    298.658    -1.3218  27.396535    -1.3206  27.395974     6.1808     6.3376     0.0289    98.8261 1.0000e-12  -74.03502 -111.30658  34.953884      99.88 1.6851e+03    659.535      15830  1028.8874  1028.8856     4.6881     0.0771     0.1137    34.1061    34.1040    8.34729         29 0.0000e+00
    303.000    299.647    -1.3098  27.408585    -1.3098  27.406884     6.1715     6.3299     0.0155    98.8077 1.0000e-12  -74.03502 -111.30658  34.953898      99.88 1.6853e+03    660.770      15859  1028.8933  1028.8915     4.6873     0.0745     0.1121    34.1084    34.1060    8.34448         30 0.0000e+00
    304.000    300.634    -1.3085  27.410251    -1.3060  27.411180     6.1722     6.3265     0.0274    98.8365 1.0000e-12  -74.03502 -111.30658  34.953913      99.88 1.6862e+03    662.046      15890  1028.8984  1028.8969     4.6886     0.0756     0.1177    34.1086    34.1070    8.34418         30 0.0000e+00
    305.000    301.622    -1.3102  27.408947    -1.3098  27.408140     6.1783     6.3306     0.0164    98.8143 1.0000e-12  -74.03502 -111.30658  34.953927      99.89 1.6855e+03    663.283      15920  1028.9030  1028.9017     4.6876     0.0774     0.1164    34.1081    34.1065    8.34458         30 0.0000e+00
    306.000    302.612    -1.3129  27.406829    -1.3125  27.405794     6.1770     6.3326     0.0070    98.6865 1.0000e-12  -74.03502 -111.30658  34.953941      99.88 1.6856e+03    664.514      15949  1028.9078  1028.9063     4.6815     0.0768     0.1162    34.1077    34.1058    8.34522         30 0.0000e+00
    307.000    303.599    -1.3130  27.407325    -1.3118  27.406880     6.1555     6.3148     0.0115    98.6998 1.0000e-12  -74.03502 -111.30658  34.953956      99.88 1.6861e+03    665.800      15980  1028.9128  1028.9111     4.6821     0.0757     0.1125    34.1078    34.1058    8.34523         31 0.0000e+00
    308.000    304.588    -1.2874  27.432742    -1.2862  27.431335     6.1445     6.3014     0.0143    98.7935 1.0000e-12  -74.03502 -111.30658  34.953971      99.87 1.6855e+03    667.057      16010  1028.9199  1028.9172     4.6866     0.0748     0.1143    34.1129    34.1096    8.33920         30 0.0000e+00
    309.000    305.575    -1.2745  27.445058    -1.2730  27.444929     6.1456     6.2968     0.0270    98.8075 1.0000e-12  -74.03502 -111.30658  34.953985      94.32 1.6858e+03    668.297      16040  1028.9253  1028.9237     4.6872     0.0748     0.1191    34.1145    34.1126    8.33623         30 0.0000e+00
    310.000    306.563    -1.2761  27.443808    -1.2750  27.443512     6.1406     6.2968     0.0292    98.8172 1.0000e-12  -74.03502 -111.30658  34.954000      90.61 1.6865e+03    669.575      16071  1028.9301  1028.9286     4.6877     0.0732     0.1160    34.1141    34.1124    8.33663         30 0.0000e+00
    311.000    307.553    -1.2768  27.443791    -1.2755  27.443423     6.1438     6.3045     0.0289    98.7731 1.0000e-12  -74.03502 -111.30658  34.954014      99.81 1.6847e+03    670.818      16101  1028.9350  1028.9334     4.6856     0.0762     0.1154    34.1141    34.1122    8.33676         30 0.0000e+00
