ocean_section_plots/required_files/ctd/dnbp2202_ctd088.cnv
* Sea-Bird SBE 9 Data File:
* FileName = D:\Data\raw\NBP2202_CTD088.hex
* Software Version Seasave V 7.26.7.121
* Temperature SN = 1649
* Conductivity SN = 2513
* Number of Bytes Per Scan = 40
* Number of Voltage Words = 5
* Number of Scans Averaged by the Deck Unit = 1
* NMEA Latitude = 74 10.51 S
* NMEA Longitude = 113 20.67 W
* NMEA UTC (Time) = Jan 26 2022  20:48:39
* NMEA baud rate = 9600
** Ship: RVIB N.B. Palmer
** Cruise: NBP2202 Thwaites
** Station: YoYo001
** Operator: A. Robinson
# nquan = 25
# nvalues = 606                         
# units = specified
# name 0 = prDM: Pressure, Digiquartz [db]
# name 1 = depSM: Depth [salt water, m]
# name 2 = t090C: Temperature [ITS-90, deg C]
# name 3 = c0mS/cm: Conductivity [mS/cm]
# name 4 = t190C: Temperature, 2 [ITS-90, deg C]
# name 5 = c1mS/cm: Conductivity, 2 [mS/cm]
# name 6 = sbeox0ML/L: Oxygen, SBE 43 [ml/l]
# name 7 = sbeox1ML/L: Oxygen, SBE 43, 2 [ml/l]
# name 8 = flECO-AFL: Fluorescence, WET Labs ECO-AFL/FL [mg/m^3]
# name 9 = CStarTr0: Beam Transmission, WET Labs C-Star [%]
# name 10 = par: PAR/Irradiance, Biospherical/Licor
# name 11 = latitude: Latitude [deg]
# name 12 = longitude: Longitude [deg]
# name 13 = timeJ: Julian Days
# name 14 = altM: Altimeter [m]
# name 15 = spar: SPAR, Biospherical/Licor
# name 16 = timeS: Time, Elapsed [seconds]
# name 17 = scan: Scan Count
# name 18 = density00: Density [density, kg/m^3]
# name 19 = density11: Density, 2 [density, kg/m^3]
# name 20 = sal00: Salinity, Practical [PSU]
# name 21 = sal11: Salinity, Practical, 2 [PSU]
# name 22 = oxsolML/L: Oxygen Saturation, Garcia & Gordon [ml/l]
# name 23 = nbin: number of scans per bin
# name 24 = flag: flag
# span 0 =     10.000,    615.000       
# span 1 =      9.897,    607.734       
# span 2 =    -1.5402,     0.1129       
# span 3 =  26.910360,  28.948960       
# span 4 =    -1.5395,     0.1144       
# span 5 =  26.909508,  28.948017       
# span 6 =     4.6840,     8.8264       
# span 7 =     4.7587,     8.6799       
# span 8 =    -0.0219,    26.1668       
# span 9 =    67.3768,    95.6494       
# span 10 = 1.0000e-12, 7.6326e+01      
# span 11 =  -74.17530,  -74.17530      
# span 12 = -113.34462, -113.34456      
# span 13 =  26.867496,  26.876293      
# span 14 =       5.41,     100.01      
# span 15 = 1.8569e+03, 1.9314e+03      
# span 16 =     32.652,    792.672      
# span 17 =        785,      19025      
# span 18 =  1027.2258,  1030.5166      
# span 19 =  1027.2243,  1030.5142      
# span 20 =    33.7938,    34.3871      
# span 21 =    33.7920,    34.3842      
# span 22 =    8.02094,    8.41247      
# span 23 =         20,         70      
# span 24 = 0.0000e+00, 0.0000e+00      
# interval = decibars: 1                
# start_time = Jan 26 2022 20:48:39 [NMEA time, header]
# bad_flag = -9.990e-29
*END*
[from data line 406]
    416.000    411.281    -0.2209  28.489089    -0.2188  28.488911     4.7992     4.8774    -0.0161    95.1610 1.0000e-12  -74.17530 -113.34460  26.873061      99.87 1.9213e+03    513.436      12323  1029.5055  1029.5033    34.2695    34.2670    8.09791         28 0.0000e+00
    417.000    412.269    -0.2186  28.492034    -0.2163  28.492249     4.7939     4.8662    -0.0121    95.1712 1.0000e-12  -74.17530 -113.34460  26.873074      99.87 1.9205e+03    514.610      12352  1029.5107  1029.5087    34.2703    34.2680    8.09738         28 0.0000e+00
    418.000    413.255    -0.2161  28.495323    -0.2155  28.493498     4.7873     4.8652    -0.0140    95.1648 1.0000e-12  -74.17530 -113.34460  26.873088      99.86 1.9218e+03    515.763      12379  1029.5159  1029.5135    34.2712    34.2682    8.09679         28 0.0000e+00
    419.000    414.245    -0.2141  28.497580    -0.2133  28.496145     4.7802     4.8679    -0.0057    95.1647 1.0000e-12  -74.17530 -113.34460  26.873101      85.17 1.9202e+03    516.919      12407  1029.5207  1029.5184    34.2715    34.2686    8.09636         28 0.0000e+00
    420.000    415.233    -0.2142  28.498013    -0.2124  28.497459     4.7805     4.8655    -0.0097    95.1622 1.0000e-12  -74.17530 -113.34460  26.873115      94.38 1.9215e+03    518.115      12436  1029.5256  1029.5232    34.2715    34.2688    8.09638         27 0.0000e+00
    421.000    416.219    -0.2024  28.510196    -0.2016  28.508610     4.7741     4.8559    -0.0125    95.1671 1.0000e-12  -74.17530 -113.34460  26.873129      99.94 1.9207e+03    519.348      12465  1029.5312  1029.5287    34.2739    34.2709    8.09374         29 0.0000e+00
    422.000    417.207    -0.1957  28.517694    -0.1941  28.516958     4.7775     4.8592    -0.0104    95.1933 1.0000e-12  -74.17530 -113.34460  26.873143      99.87 1.9218e+03    520.566      12495  1029.5369  1029.5345    34.2758    34.2730    8.09221         30 0.0000e+00
    423.000    418.195    -0.1909  28.522926    -0.1890  28.522311     4.7749     4.8522    -0.0093    95.1994 1.0000e-12  -74.17530 -113.34460  26.873157      99.87 1.9215e+03    521.740      12523  1029.5421  1029.5396    34.2768    34.2738    8.09114         27 0.0000e+00
    424.000    419.182    -0.1922  28.522102    -0.1902  28.521881     4.7756     4.8580    -0.0017    95.2227 1.0000e-12  -74.17530 -113.34460  26.873170      99.87 1.9215e+03    522.894      12550  1029.5468  1029.5446    34.2765    34.2740    8.09142         28 0.0000e+00
    425.000    420.169    -0.1912  28.523581    -0.1889  28.523419     4.7785     4.8568    -0.0177    95.2310 1.0000e-12  -74.17530 -113.34460  26.873184      99.86 1.9215e+03    524.063      12579  1029.5518  1029.5494    34.2768    34.2740    8.09120         28 0.0000e+00
    426.000    421.158    -0.1873  28.527946    -0.1857  28.527299     4.7720     4.8477    -0.0110    95.2390 1.0000e-12  -74.17530 -113.34460  26.873198      99.87 1.9215e+03    525.276      12608  1029.5568  1029.5546    34.2776    34.2749    8.09032         28 0.0000e+00
    427.000    422.145    -0.1848  28.530657    -0.1832  28.529975     4.7747     4.8512    -0.0171    95.2748 1.0000e-12  -74.17530 -113.34460  26.873212      99.87 1.9230e+03    526.511      12637  1029.5616  1029.5594    34.2778    34.2751    8.08979         29 0.0000e+00
    428.000    423.133    -0.1843  28.531686    -0.1821  28.531496     4.7684     4.8516    -0.0150    95.3144 1.0000e-12  -74.17530 -113.34460  26.873226      99.87 1.9233e+03    527.732      12667  1029.5666  1029.5642    34.2780    34.2753    8.08967         30 0.0000e+00
    429.000    424.120    -0.1783  28.538166    -0.1755  28.538595     4.7702     4.8411    -0.0122    95.3201 1.0000e-12  -74.17530 -113.34460  26.873240      87.10 1.9233e+03    528.922      12695  1029.5718  1029.5696    34.2793    34.2767    8.08832         28 0.0000e+00
    430.000    425.108    -0.1740  28.543332    -0.1719  28.543112     4.7657     4.8505    -0.0168    95.3247 1.0000e-12  -74.17530 -113.34460  26.873253      76.96 1.9239e+03    530.100      12723  1029.5774  1029.5752    34.2807    34.2781    8.08732         28 0.0000e+00
    431.000    426.096    -0.1742  28.543669    -0.1723  28.543251     4.7716     4.8494    -0.0129    95.3468 1.0000e-12  -74.17530 -113.34460  26.873267      95.99 1.9227e+03    531.270      12751  1029.5823  1029.5801    34.2808    34.2782    8.08736         28 0.0000e+00
    432.000    427.084    -0.1759  28.542430    -0.1743  28.541906     4.7729     4.8512    -0.0105    95.3668 1.0000e-12  -74.17530 -113.34460  26.873281      99.87 1.9225e+03    532.459      12780  1029.5870  1029.5849    34.2805    34.2780    8.08774         29 0.0000e+00
    433.000    428.070    -0.1784  28.540537    -0.1764  28.540232     4.7664     4.8523    -0.0033    95.3875 1.0000e-12  -74.17530 -113.34460  26.873295      99.86 1.9223e+03    533.683      12809  1029.5917  1029.5895    34.2802    34.2776    8.08829         29 0.0000e+00
    434.000    429.058    -0.1791  28.540278    -0.1773  28.539741     4.7744     4.8515    -0.0083    95.3909 1.0000e-12  -74.17530 -113.34460  26.873309      99.87 1.9236e+03    534.903      12839  1029.5965  1029.5942    34.2801    34.2773    8.08845         29 0.0000e+00
    435.000    430.046    -0.1786  28.541502    -0.1766  28.541226     4.7670     4.8492    -0.0092    95.4142 1.0000e-12  -74.17530 -113.34460  26.873323      99.87 1.9237e+03    536.097      12867  1029.6016  1029.5993    34.2805    34.2779    8.08832         29 0.0000e+00
    436.000    431.034    -0.1675  28.553774    -0.1650  28.553795     4.7680     4.8438    -0.0087    95.4095 1.0000e-12  -74.17530 -113.34460  26.873336      99.86 1.9235e+03    537.275      12896  1029.6079  1029.6056    34.2837    34.2810    8.08577         29 0.0000e+00
    437.000    432.021    -0.1594  28.562672    -0.1572  28.562440     4.7612     4.8461    -0.0093    95.4085 1.0000e-12  -74.17530 -113.34460  26.873350      99.87 1.9233e+03    538.457      12924  1029.6137  1029.6114    34.2859    34.2832    8.08394         28 0.0000e+00
    438.000    433.008    -0.1547  28.568403    -0.1528  28.567912     4.7669     4.8382    -0.0090    95.4323 1.0000e-12  -74.17530 -113.34459  26.873364      99.86 1.9233e+03    539.656      12953  1029.6196  1029.6172    34.2877    34.2849    8.08285         29 0.0000e+00
    439.000    433.996    -0.1507  28.573534    -0.1484  28.573278     4.7582     4.8386    -0.0122    95.4087 1.0000e-12  -74.17530 -113.34459  26.873378      99.87 1.9233e+03    540.869      12982  1029.6254  1029.6230    34.2893    34.2865    8.08190         29 0.0000e+00
    440.000    434.984    -0.1388  28.587921    -0.1363  28.587843     4.7561     4.8395    -0.0140    95.4541 1.0000e-12  -74.17530 -113.34458  26.873392      99.87 1.9230e+03    542.089      13011  1029.6333  1029.6309    34.2945    34.2917    8.07909         29 0.0000e+00
    441.000    435.970    -0.1301  28.597663    -0.1282  28.597178     4.7564     4.8299    -0.0138    95.4635 1.0000e-12  -74.17530 -113.34460  26.873406      80.93 1.9224e+03    543.303      13040  1029.6395  1029.6371    34.2971    34.2944    8.07710         30 0.0000e+00
    442.000    436.960    -0.1267  28.601872    -0.1248  28.601283     4.7583     4.8344    -0.0065    95.4754 1.0000e-12  -74.17530 -113.34459  26.873420      97.26 1.9232e+03    544.505      13069  1029.6450  1029.6426    34.2983    34.2955    8.07632         28 0.0000e+00
    443.000    437.947    -0.1209  28.608757    -0.1189  28.608260     4.7617     4.8299    -0.0122    95.4728 1.0000e-12  -74.17530 -113.34459  26.873434      99.87 1.9228e+03    545.692      13098  1029.6510  1029.6486    34.3003    34.2975    8.07497         28 0.0000e+00
    444.000    438.933    -0.1175  28.613329    -0.1159  28.612648     4.7605     4.8278    -0.0111    95.4617 1.0000e-12  -74.17530 -113.34459  26.873448      99.87 1.9225e+03    546.866      13126  1029.6570  1029.6546    34.3021    34.2993    8.07417         28 0.0000e+00
    445.000    439.921    -0.1189  28.613632    -0.1167  28.613631     4.7638     4.8353    -0.0105    95.4734 1.0000e-12  -74.17530 -113.34459  26.873461      99.87 1.9233e+03    548.046      13154  1029.6631  1029.6609    34.3034    34.3009    8.07439         29 0.0000e+00
    446.000    440.909    -0.1196  28.613672    -0.1178  28.613129     4.7605     4.8345    -0.0101    95.4782 1.0000e-12  -74.17530 -113.34460  26.873475      99.86 1.9233e+03    549.256      13183  1029.6681  1029.6657    34.3037    34.3009    8.07452         30 0.0000e+00
    447.000    441.896    -0.1196  28.613906    -0.1179  28.613543     4.7609     4.8348    -0.0022    95.4629 1.0000e-12  -74.17530 -113.34459  26.873489      99.87 1.9233e+03    550.487      13213  1029.6727  1029.6706    34.3034    34.3010    8.07453         29 0.0000e+00
    448.000    442.884    -0.1194  28.614683    -0.1174  28.614275     4.7648     4.8375    -0.0094    95.4543 1.0000e-12  -74.17530 -113.34460  26.873503      99.86 1.9233e+03    551.702      13242  1029.6776  1029.6753    34.3036    34.3008    8.07448         28 0.0000e+00
    449.000    443.872    -0.1188  28.615709    -0.1177  28.614501     4.7593     4.8378    -0.0100    95.4270 1.0000e-12  -74.17530 -113.34460  26.873517      99.87 1.9233e+03    552.884      13270  1029.6824  1029.6801    34.3036    34.3008    8.07434         29 0.0000e+00
    450.000    444.859    -0.1189  28.615980    -0.1171  28.615575     4.7524     4.8330    -0.0103    95.4032 1.0000e-12  -74.17530 -113.34460  26.873531      99.86 1.9233e+03    554.047      13298  1029.6872  1029.6849    34.3036    34.3010    8.07438         28 0.0000e+00
    451.000    445.846    -0.1197  28.615918    -0.1178  28.615475     4.7531     4.8284    -0.0106    95.3872 1.0000e-12  -74.17530 -113.34460  26.873544      74.73 1.9233e+03    555.234      13327  1029.6922  1029.6898    34.3038    34.3011    8.07454         28 0.0000e+00
    452.000    446.834    -0.1195  28.616606    -0.1174  28.616354     4.7553     4.8297    -0.0104    95.3916 1.0000e-12  -74.17530 -113.34460  26.873558      88.24 1.9233e+03    556.444      13356  1029.6970  1029.6947    34.3039    34.3012    8.07449         30 0.0000e+00
    453.000    447.822    -0.1214  28.615904    -0.1195  28.615561     4.7605     4.8337    -0.0100    95.3758 1.0000e-12  -74.17530 -113.34459  26.873572      98.98 1.9233e+03    557.656      13385  1029.7023  1029.7002    34.3044    34.3019    8.07485         29 0.0000e+00
    454.000    448.809    -0.1223  28.615659    -0.1205  28.615364     4.7639     4.8337    -0.0090    95.3766 1.0000e-12  -74.17530 -113.34458  26.873586      99.86 1.9234e+03    558.864      13414  1029.7073  1029.7052    34.3046    34.3022    8.07504         29 0.0000e+00
    455.000    449.797    -0.1253  28.614340    -0.1229  28.614268     4.7607     4.8358    -0.0087    95.3525 1.0000e-12  -74.17530 -113.34458  26.873600      99.87 1.9239e+03    560.057      13442  1029.7131  1029.7107    34.3056    34.3028    8.07561         28 0.0000e+00
    456.000    450.784    -0.1244  28.615532    -0.1220  28.615556     4.7621     4.8341    -0.0027    95.3245 1.0000e-12  -74.17530 -113.34458  26.873614      99.86 1.9229e+03    561.237      13471  1029.7177  1029.7154    34.3056    34.3029    8.07542         29 0.0000e+00
    457.000    451.772    -0.1210  28.619238    -0.1193  28.618515     4.7577     4.8353    -0.0161    95.2940 1.0000e-12  -74.17530 -113.34458  26.873628      99.87 1.9226e+03    562.416      13499  1029.7226  1029.7202    34.3061    34.3033    8.07468         28 0.0000e+00
    458.000    452.759    -0.1197  28.621608    -0.1179  28.620968     4.7557     4.8343    -0.0100    95.2701 1.0000e-12  -74.17530 -113.34458  26.873641      99.86 1.9240e+03    563.622      13528  1029.7280  1029.7257    34.3071    34.3043    8.07433         29 0.0000e+00
    459.000    453.745    -0.1193  28.622419    -0.1174  28.622086     4.7584     4.8318    -0.0164    95.2232 1.0000e-12  -74.17530 -113.34458  26.873656      99.87 1.9227e+03    564.850      13557  1029.7328  1029.7307    34.3072    34.3047    8.07425         29 0.0000e+00
    460.000    454.734    -0.1201  28.622738    -0.1176  28.622769     4.7574     4.8304    -0.0118    95.2032 1.0000e-12  -74.17530 -113.34458  26.873670      99.87 1.9236e+03    566.083      13587  1029.7381  1029.7358    34.3079    34.3052    8.07438         30 0.0000e+00
    461.000    455.721    -0.1161  28.627021    -0.1144  28.626521     4.7556     4.8312    -0.0161    95.1895 1.0000e-12  -74.17530 -113.34458  26.873684      99.86 1.9233e+03    567.280      13616  1029.7430  1029.7409    34.3085    34.3060    8.07350         28 0.0000e+00
    462.000    456.708    -0.1157  28.627876    -0.1135  28.627844     4.7556     4.8325    -0.0166    95.1385 1.0000e-12  -74.17530 -113.34458  26.873697      90.24 1.9233e+03    568.450      13644  1029.7479  1029.7457    34.3086    34.3061    8.07341         28 0.0000e+00
    463.000    457.697    -0.1141  28.630050    -0.1123  28.629656     4.7501     4.8339    -0.0080    95.1174 1.0000e-12  -74.17530 -113.34458  26.873711      87.65 1.9233e+03    569.623      13672  1029.7529  1029.7507    34.3091    34.3066    8.07305         29 0.0000e+00
    464.000    458.683    -0.1148  28.630275    -0.1125  28.630210     4.7527     4.8313    -0.0117    95.0909 1.0000e-12  -74.17530 -113.34458  26.873725      99.55 1.9234e+03    570.824      13701  1029.7581  1029.7558    34.3096    34.3069    8.07317         29 0.0000e+00
    465.000    459.670    -0.1140  28.631676    -0.1119  28.631571     4.7525     4.8322    -0.0119    95.0884 1.0000e-12  -74.17530 -113.34458  26.873739      99.87 1.9235e+03    572.034      13730  1029.7630  1029.7609    34.3100    34.3075    8.07297         28 0.0000e+00
    466.000    460.660    -0.1122  28.634186    -0.1105  28.633569     4.7559     4.8296    -0.0112    95.0664 1.0000e-12  -74.17530 -113.34458  26.873753      99.87 1.9235e+03    573.222      13758  1029.7682  1029.7658    34.3107    34.3080    8.07255         27 0.0000e+00
    467.000    461.645    -0.1125  28.634545    -0.1104  28.634383     4.7600     4.8249    -0.0020    95.0676 1.0000e-12  -74.17530 -113.34458  26.873766      99.87 1.9223e+03    574.400      13787  1029.7732  1029.7710    34.3110    34.3084    8.07261         29 0.0000e+00
    468.000    462.633    -0.1129  28.635107    -0.1109  28.634792     4.7626     4.8363    -0.0156    95.0473 1.0000e-12  -74.17530 -113.34458  26.873780      99.86 1.9226e+03    575.588      13815  1029.7784  1029.7762    34.3115    34.3089    8.07265         28 0.0000e+00
    469.000    463.621    -0.1132  28.635338    -0.1110  28.635215     4.7601     4.8401    -0.0025    95.0410 1.0000e-12  -74.17530 -113.34458  26.873794      99.86 1.9220e+03    576.786      13844  1029.7832  1029.7810    34.3116    34.3090    8.07272         29 0.0000e+00
    470.000    464.608    -0.1124  28.636935    -0.1103  28.636530     4.7652     4.8402    -0.0102    95.0436 1.0000e-12  -74.17530 -113.34458  26.873808      99.86 1.9229e+03    577.990      13873  1029.7884  1029.7860    34.3122    34.3094    8.07251         29 0.0000e+00
    471.000    465.596    -0.1078  28.642026    -0.1060  28.641538     4.7638     4.8355    -0.0163    95.0278 1.0000e-12  -74.17530 -113.34458  26.873822      99.86 1.9221e+03    579.183      13901  1029.7935  1029.7912    34.3132    34.3105    8.07148         28 0.0000e+00
    472.000    466.583    -0.1055  28.644946    -0.1038  28.644310     4.7596     4.8347    -0.0138    95.0329 1.0000e-12  -74.17530 -113.34458  26.873835      99.87 1.9227e+03    580.366      13930  1029.7986  1029.7962    34.3139    34.3111    8.07096         29 0.0000e+00
