ocean_section_plots/required_files/ctd/dnbp2202_ctd262.cnv
* Sea-Bird SBE 9 Data File:
* FileName = D:\Data\raw\NBP2202_CTD262.hex
* Software Version Seasave V 7.26.7.121
* Temperature SN = 1649
* Conductivity SN = 2513
* Number of Bytes Per Scan = 40
* Number of Voltage Words = 5
* Number of Scans Averaged by the Deck Unit = 1
* NMEA Latitude = 73 52.68 S
* NMEA Longitude = 118 43.99 W
* NMEA UTC (Time) = Feb 19 2022  14:34:24
* NMEA baud rate = 9600
** Ship: RVIB N.B. Palmer
** Cruise: NBP2202 Thwaites
** Station: 167
** Operator: B. Bjork
# nquan = 28
# nvalues = 695                         
# units = specified
# name 0 = prDM: Pressure, Digiquartz [db]
# name 1 = depSM: Depth [salt water, m]
# name 2 = t090C: Temperature [ITS-90, deg C]
# name 3 = c0mS/cm: Conductivity [mS/cm]
# name 4 = t190C: Temperature, 2 [ITS-90, deg C]
# name 5 = c1mS/cm: Conductivity, 2 [mS/cm]
# name 6 = sbeox0ML/L: Oxygen, SBE 43 [ml/l]
# name 7 = sbeox1ML/L: Oxygen, SBE 43, 2 [ml/l]
# name 8 = flECO-AFL: Fluorescence, WET Labs ECO-AFL/FL [mg/m^3]
# name 9 = CStarTr0: Beam Transmission, WET Labs C-Star [%]
# name 10 = par: PAR/Irradiance, Biospherical/Licor
# name 11 = latitude: Latitude [deg]
# name 12 = longitude: Longitude [deg]
# name 13 = timeJ: Julian Days
# name 14 = altM: Altimeter [m]
# name 15 = spar: SPAR, Biospherical/Licor
# name 16 = timeS: Time, Elapsed [seconds]
# name 17 = scan: Scan Count
# name 18 = density00: Density [density, kg/m^3]
# name 19 = density11: Density, 2 [density, kg/m^3]
# name 20 = v3: Voltage 3
# name 21 = v4: Voltage 4
# name 22 = v5: Voltage 5
# name 23 = sal00: Salinity, Practical [PSU]
# name 24 = sal11: Salinity, Practical, 2 [PSU]
# name 25 = oxsolML/L: Oxygen Saturation, Garcia & Gordon [ml/l]
# name 26 = nbin: number of scans per bin
# name 27 = flag: flag
# span 0 =      1.000,    695.000       
# span 1 =      0.988,    686.663       
# span 2 =    -1.7505,     0.3617       
# span 3 =  25.995292,  29.278493       
# span 4 =    -1.7494,     0.3654       
# span 5 =  26.942654,  29.280102       
# span 6 =     4.7542,     8.9326       
# span 7 =     4.8910,     9.2657       
# span 8 =    -0.0224,    10.5999       
# span 9 =    82.2052,    99.4245       
# span 10 = -7.703e-06, 3.1081e+03      
# span 11 =  -73.87808,  -73.87806      
# span 12 = -118.73330, -118.73326      
# span 13 =  50.611141,  50.622353      
# span 14 =       3.11,     100.10      
# span 15 = 1.2379e+03, 1.3148e+03      
# span 16 =    338.600,   1307.281      
# span 17 =       8127,      31376      
# span 18 =  1025.0700,  1030.9603      
# span 19 =  1026.2115,  1030.9585      
# span 20 =     3.9010,     4.7165      
# span 21 =     0.0646,     2.1167      
# span 22 =     0.1145,     0.2172      
# span 23 =    31.2953,    34.4961      
# span 24 =    32.6235,    34.4938      
# span 25 =    7.96320,    8.44891      
# span 26 =         20,         44      
# span 27 = 0.0000e+00, 0.0000e+00      
# interval = decibars: 1                
# start_time = Feb 19 2022 14:34:24 [NMEA time, header]
# bad_flag = -9.990e-29
*END*
[from data line 570]
    571.000    564.321     0.1795  29.031094     0.1823  29.031339     4.8486     4.9947    -0.0110    99.4094 1.0000e-12  -73.87808 -118.73328  50.619751      96.83 1.3061e+03   1082.492      25981  1030.3518  1030.3494     4.7158     0.0697     0.1172    34.4464    34.4436    8.00373         25 0.0000e+00
    572.000    565.306     0.1836  29.035774     0.1866  29.036507     4.8457     4.9858    -0.0032    99.4034 1.0000e-12  -73.87807 -118.73328  50.619763      99.90 1.3071e+03   1083.511      26005  1030.3570  1030.3549     4.7155     0.0690     0.1192    34.4474    34.4450    8.00284         24 0.0000e+00
    573.000    566.295     0.1859  29.038879     0.1885  29.039048     4.8444     4.9856    -0.0116    99.3935 1.0000e-12  -73.87807 -118.73328  50.619775      99.93 1.3021e+03   1084.555      26030  1030.3623  1030.3599     4.7150     0.0702     0.1186    34.4483    34.4456    8.00230         26 0.0000e+00
    574.000    567.281     0.1865  29.039941     0.1893  29.040356     4.8483     4.9870    -0.0194    99.3941 1.0000e-12  -73.87806 -118.73328  50.619788      99.93 1.3053e+03   1085.674      26057  1030.3672  1030.3650     4.7151     0.0689     0.1178    34.4484    34.4459    8.00216         28 0.0000e+00
    575.000    568.268     0.1867  29.040577     0.1888  29.040357     4.8453     4.9886    -0.0104    99.4024 1.0000e-12  -73.87806 -118.73328  50.619801      99.92 1.3033e+03   1086.840      26085  1030.3720  1030.3698     4.7154     0.0702     0.1191    34.4484    34.4459    8.00212         27 0.0000e+00
    576.000    569.256     0.1844  29.039239     0.1869  29.039442     4.8384     4.9871    -0.0115    99.4065 1.0000e-12  -73.87806 -118.73328  50.619814      99.93 1.3020e+03   1087.934      26111  1030.3772  1030.3750     4.7157     0.0694     0.1176    34.4487    34.4461    8.00260         25 0.0000e+00
    577.000    570.241     0.1879  29.043666     0.1911  29.044835     4.8369     4.9850    -0.0115    99.3951 1.0000e-12  -73.87806 -118.73328  50.619826      99.94 1.3083e+03   1088.954      26136  1030.3827  1030.3808     4.7151     0.0707     0.1160    34.4500    34.4480    8.00179         25 0.0000e+00
    578.000    571.230     0.1922  29.048818     0.1950  29.049205     4.8371     4.9753    -0.0119    99.3926 1.0000e-12  -73.87806 -118.73328  50.619837      99.93 1.3096e+03   1089.959      26160  1030.3881  1030.3859     4.7150     0.0696     0.1190    34.4514    34.4488    8.00082         24 0.0000e+00
    579.000    572.217     0.1951  29.052588     0.1977  29.052844     4.8341     4.9715     0.0023    99.4072 1.0000e-12  -73.87806 -118.73328  50.619849      99.94 1.3049e+03   1090.983      26185  1030.3935  1030.3912     4.7157     0.0696     0.1223    34.4525    34.4499    8.00015         25 0.0000e+00
    580.000    573.202     0.1981  29.056231     0.2006  29.056426     4.8207     4.9783    -0.0138    99.4097 1.0000e-12  -73.87806 -118.73328  50.619862      99.93 1.3042e+03   1092.092      26211  1030.3987  1030.3965     4.7158     0.0699     0.1169    34.4534    34.4509    7.99948         28 0.0000e+00
    581.000    574.190     0.1992  29.058021     0.2007  29.057188     4.8401     4.9672    -0.0042    99.4090 1.0000e-12  -73.87806 -118.73328  50.619876      75.64 1.3027e+03   1093.247      26239  1030.4038  1030.4015     4.7158     0.0671     0.1175    34.4539    34.4512    7.99922         27 0.0000e+00
    582.000    575.177     0.2028  29.062389     0.2066  29.063762     4.8342     4.9659    -0.0100    99.4064 1.0000e-12  -73.87806 -118.73328  50.619888      83.92 1.3009e+03   1094.334      26265  1030.4091  1030.4069     4.7157     0.0675     0.1185    34.4550    34.4526    7.99840         25 0.0000e+00
    583.000    576.163     0.2128  29.073265     0.2145  29.072503     4.8248     4.9644    -0.0030    99.4085 1.0000e-12  -73.87806 -118.73328  50.619900      97.19 1.3081e+03   1095.373      26290  1030.4149  1030.4125     4.7157     0.0698     0.1212    34.4576    34.4546    7.99619         25 0.0000e+00
    584.000    577.151     0.2184  29.079989     0.2212  29.080419     4.8179     4.9627    -0.0024    99.4157 1.0000e-12  -73.87806 -118.73328  50.619912      99.94 1.3092e+03   1096.418      26315  1030.4208  1030.4185     4.7161     0.0708     0.1204    34.4596    34.4570    7.99492         25 0.0000e+00
    585.000    578.137     0.2251  29.087962     0.2284  29.088865     4.8152     4.9677    -0.0016    99.4136 1.0000e-12  -73.87806 -118.73330  50.619924      99.94 1.3049e+03   1097.451      26340  1030.4269  1030.4246     4.7160     0.0697     0.1185    34.4620    34.4595    7.99339         25 0.0000e+00
    586.000    579.125     0.2290  29.092491     0.2308  29.091928     4.8162     4.9617    -0.0015    99.4093 1.0000e-12  -73.87806 -118.73329  50.619936      99.93 1.3004e+03   1098.505      26365  1030.4320  1030.4298     4.7158     0.0696     0.1179    34.4629    34.4602    7.99251         26 0.0000e+00
    587.000    580.110     0.2312  29.095544     0.2315  29.093201     4.8164     4.9565    -0.0088    99.4081 1.0000e-12  -73.87806 -118.73329  50.619949      99.93 1.2989e+03   1099.634      26392  1030.4375  1030.4348     4.7157     0.0702     0.1169    34.4639    34.4605    7.99201         27 0.0000e+00
    588.000    581.098     0.2324  29.097167     0.2326  29.094949     4.8175     4.9525    -0.0037    99.4167 1.0000e-12  -73.87806 -118.73329  50.619962      99.93 1.3011e+03   1100.748      26419  1030.4423  1030.4398     4.7161     0.0699     0.1176    34.4641    34.4610    7.99175         27 0.0000e+00
    589.000    582.085     0.2326  29.097754     0.2340  29.096969     4.8211     4.9546    -0.0080    99.4173 1.0000e-12  -73.87806 -118.73329  50.619975      99.93 1.3086e+03   1101.800      26444  1030.4471  1030.4449     4.7161     0.0710     0.1176    34.4641    34.4615    7.99171         24 0.0000e+00
    590.000    583.072     0.2326  29.098365     0.2348  29.098303     4.8184     4.9597    -0.0115    99.4084 1.0000e-12  -73.87806 -118.73329  50.619987      99.93 1.3092e+03   1102.837      26469  1030.4520  1030.4499     4.7158     0.0709     0.1181    34.4643    34.4618    7.99170         25 0.0000e+00
    591.000    584.058     0.2328  29.098913     0.2349  29.098886     4.8116     4.9612    -0.0107    99.3990 1.0000e-12  -73.87806 -118.73329  50.619998      99.93 1.3051e+03   1103.853      26493  1030.4567  1030.4546     4.7153     0.0700     0.1171    34.4643    34.4618    7.99166         24 0.0000e+00
    592.000    585.046     0.2328  29.099273     0.2354  29.099695     4.8114     4.9568    -0.0105    99.4081 1.0000e-12  -73.87806 -118.73329  50.620010      99.93 1.3002e+03   1104.880      26518  1030.4614  1030.4593     4.7157     0.0690     0.1190    34.4641    34.4618    7.99167         26 0.0000e+00
    593.000    586.033     0.2342  29.101218     0.2365  29.101387     4.8315     4.9505    -0.0120    99.4081 1.0000e-12  -73.87806 -118.73329  50.620023      99.94 1.3014e+03   1105.986      26545  1030.4663  1030.4642     4.7157     0.0692     0.1191    34.4646    34.4621    7.99136         27 0.0000e+00
    594.000    587.017     0.2339  29.101421     0.2367  29.101990     4.8059     4.9558    -0.0100    99.4137 1.0000e-12  -73.87806 -118.73330  50.620036      78.84 1.3020e+03   1107.101      26571  1030.4710  1030.4690     4.7160     0.0685     0.1183    34.4645    34.4622    7.99141         25 0.0000e+00
    595.000    588.006     0.2348  29.102869     0.2376  29.103320     4.8105     4.9594    -0.0100    99.4105 1.0000e-12  -73.87806 -118.73328  50.620048      93.96 1.3100e+03   1108.143      26596  1030.4760  1030.4738     4.7158     0.0703     0.1175    34.4649    34.4623    7.99121         25 0.0000e+00
    596.000    588.992     0.2341  29.102287     0.2361  29.102402     4.8146     4.9598    -0.0074    99.3919 1.0000e-12  -73.87806 -118.73330  50.620060      99.96 1.3129e+03   1109.172      26621  1030.4804  1030.4785     4.7149     0.0694     0.1183    34.4643    34.4622    7.99139         25 0.0000e+00
    597.000    589.981     0.2351  29.103962     0.2384  29.105168     4.8203     4.9597    -0.0071    99.4053 1.0000e-12  -73.87806 -118.73328  50.620072      99.93 1.3082e+03   1110.201      26646  1030.4853  1030.4834     4.7156     0.0689     0.1172    34.4647    34.4626    7.99114         25 0.0000e+00
    598.000    590.966     0.2371  29.106497     0.2397  29.106774     4.8147     4.9576    -0.0150    99.4044 1.0000e-12  -73.87806 -118.73330  50.620084      99.93 1.3014e+03   1111.241      26671  1030.4903  1030.4881     4.7156     0.0705     0.1182    34.4653    34.4628    7.99071         25 0.0000e+00
    599.000    591.953     0.2366  29.106279     0.2399  29.107501     4.8168     4.9488    -0.0104    99.4245 1.0000e-12  -73.87806 -118.73328  50.620097      99.78 1.2985e+03   1112.342      26697  1030.4948  1030.4929     4.7165     0.0690     0.1206    34.4649    34.4629    7.99082         27 0.0000e+00
    600.000    592.940     0.2364  29.106624     0.2385  29.106518     4.8172     4.9504    -0.0068    99.4001 1.0000e-12  -73.87806 -118.73330  50.620110      98.98 1.3006e+03   1113.473      26724  1030.4997  1030.4976     4.7154     0.0699     0.1180    34.4651    34.4626    7.99087         27 0.0000e+00
    601.000    593.926     0.2393  29.109957     0.2415  29.109988     4.8115     4.9555    -0.0016    99.4102 1.0000e-12  -73.87806 -118.73329  50.620122      98.50 1.3063e+03   1114.553      26750  1030.5046  1030.5025     4.7158     0.0695     0.1202    34.4656    34.4633    7.99023         26 0.0000e+00
    602.000    594.914     0.2369  29.107893     0.2397  29.108699     4.8108     4.9576    -0.0045    99.4105 1.0000e-12  -73.87806 -118.73329  50.620134      97.38 1.3093e+03   1115.612      26776  1030.5090  1030.5071     4.7158     0.0688     0.1162    34.4651    34.4629    7.99077         25 0.0000e+00
    603.000    595.900     0.2413  29.113036     0.2432  29.112706     4.8065     4.9562    -0.0089    99.4098 1.0000e-12  -73.87806 -118.73329  50.620146      96.27 1.3059e+03   1116.642      26800  1030.5143  1030.5121     4.7158     0.0696     0.1194    34.4663    34.4637    7.98979         24 0.0000e+00
    604.000    596.886     0.2416  29.113649     0.2449  29.114744     4.8178     4.9498    -0.0034    99.4075 1.0000e-12  -73.87806 -118.73330  50.620158      95.27 1.3021e+03   1117.648      26825  1030.5189  1030.5169     4.7157     0.0702     0.1161    34.4662    34.4639    7.98973         25 0.0000e+00
    605.000    597.875     0.2433  29.115697     0.2465  29.116821     4.8078     4.9468    -0.0093    99.3994 1.0000e-12  -73.87806 -118.73330  50.620170      94.33 1.3029e+03   1118.680      26849  1030.5236  1030.5217     4.7153     0.0700     0.1171    34.4663    34.4643    7.98935         25 0.0000e+00
    606.000    598.861     0.2386  29.111442     0.2441  29.114927     4.8186     4.9516     0.0050    99.4053 1.0000e-12  -73.87806 -118.73330  50.620182      93.25 1.3038e+03   1119.739      26875  1030.5281  1030.5264     4.7156     0.0695     0.1191    34.4654    34.4639    7.99038         25 0.0000e+00
    607.000    599.846     0.2400  29.113329     0.2431  29.114335     4.8137     4.9500    -0.0145    99.4023 1.0000e-12  -73.87806 -118.73330  50.620195      92.21 1.3059e+03   1120.815      26901  1030.5329  1030.5310     4.7155     0.0688     0.1192    34.4658    34.4636    7.99008         26 0.0000e+00
    608.000    600.834     0.2383  29.111788     0.2410  29.112697     4.8113     4.9488    -0.0184    99.3993 1.0000e-12  -73.87806 -118.73330  50.620207      91.33 1.3077e+03   1121.904      26927  1030.5373  1030.5356     4.7153     0.0697     0.1178    34.4651    34.4632    7.99047         26 0.0000e+00
    609.000    601.822     0.2391  29.113447     0.2415  29.113523     4.8122     4.9426    -0.0105    99.4023 1.0000e-12  -73.87806 -118.73330  50.620220      90.12 1.3061e+03   1122.986      26953  1030.5424  1030.5403     4.7155     0.0696     0.1183    34.4657    34.4632    7.99026         26 0.0000e+00
    610.000    602.808     0.2405  29.115266     0.2426  29.115196     4.8104     4.9443    -0.0118    99.4000 1.0000e-12  -73.87806 -118.73330  50.620232      89.73 1.3047e+03   1124.004      26977  1030.5472  1030.5451     4.7154     0.0690     0.1192    34.4660    34.4635    7.98996         23 0.0000e+00
    611.000    603.795     0.2419  29.117240     0.2438  29.116857     4.8047     4.9502    -0.0112    99.4053 1.0000e-12  -73.87806 -118.73330  50.620243      88.23 1.3050e+03   1124.992      27001  1030.5521  1030.5499     4.7156     0.0678     0.1181    34.4664    34.4638    7.98964         25 0.0000e+00
    612.000    604.781     0.2480  29.123898     0.2510  29.124513     4.8089     4.9506    -0.0026    99.3918 1.0000e-12  -73.87806 -118.73330  50.620255      87.12 1.3047e+03   1126.037      27026  1030.5573  1030.5551     4.7150     0.0696     0.1154    34.4678    34.4653    7.98830         26 0.0000e+00
    613.000    605.769     0.2500  29.126113     0.2524  29.126277     4.8076     4.9505    -0.0094    99.4013 1.0000e-12  -73.87806 -118.73330  50.620268      86.12 1.3055e+03   1127.141      27052  1030.5620  1030.5598     4.7154     0.0681     0.1182    34.4679    34.4655    7.98789         26 0.0000e+00
    614.000    606.755     0.2499  29.126469     0.2524  29.126752     4.8103     4.9504     0.0037    99.4033 1.0000e-12  -73.87806 -118.73330  50.620281      85.13 1.3055e+03   1128.241      27079  1030.5667  1030.5646     4.7155     0.0687     0.1180    34.4679    34.4655    7.98790         26 0.0000e+00
    615.000    607.741     0.2495  29.126499     0.2520  29.127001     4.8137     4.9461    -0.0012    99.4023 1.0000e-12  -73.87806 -118.73328  50.620293      84.49 1.3043e+03   1129.314      27105  1030.5714  1030.5694     4.7155     0.0692     0.1168    34.4678    34.4656    7.98799         26 0.0000e+00
    616.000    608.727     0.2489  29.126266     0.2513  29.126608     4.8114     4.9415    -0.0020    99.3978 1.0000e-12  -73.87806 -118.73328  50.620305      83.11 1.3048e+03   1130.326      27129  1030.5760  1030.5740     4.7152     0.0676     0.1179    34.4676    34.4653    7.98813         23 0.0000e+00
    617.000    609.716     0.2482  29.126104     0.2504  29.126109     4.8096     4.9433    -0.0062    99.4001 1.0000e-12  -73.87806 -118.73328  50.620316      82.09 1.3055e+03   1131.307      27152  1030.5807  1030.5787     4.7154     0.0681     0.1178    34.4676    34.4652    7.98828         24 0.0000e+00
    618.000    610.702     0.2479  29.126208     0.2503  29.126411     4.8151     4.9472    -0.0059    99.3992 1.0000e-12  -73.87806 -118.73328  50.620328      81.27 1.3054e+03   1132.332      27177  1030.5853  1030.5833     4.7153     0.0683     0.1171    34.4675    34.4650    7.98835         25 0.0000e+00
    619.000    611.688     0.2480  29.126722     0.2504  29.127080     4.8101     4.9465    -0.0120    99.4113 1.0000e-12  -73.87806 -118.73328  50.620340      80.55 1.3051e+03   1133.397      27203  1030.5901  1030.5881     4.7159     0.0686     0.1184    34.4675    34.4652    7.98833         26 0.0000e+00
    620.000    612.676     0.2480  29.127210     0.2502  29.127262     4.8101     4.9485    -0.0188    99.4095 1.0000e-12  -73.87806 -118.73328  50.620352      79.51 1.3057e+03   1134.449      27228  1030.5948  1030.5928     4.7158     0.0678     0.1179    34.4675    34.4652    7.98832         25 0.0000e+00
    621.000    613.661     0.2488  29.128474     0.2513  29.128730     4.8129     4.9465    -0.0144    99.4157 1.0000e-12  -73.87806 -118.73328  50.620365      78.35 1.3063e+03   1135.502      27253  1030.5996  1030.5975     4.7161     0.0676     0.1167    34.4677    34.4652    7.98815         25 0.0000e+00
