ocean_section_plots/required_files/ctd/dnbp2202_ctd243.cnv
* Sea-Bird SBE 9 Data File:
* FileName = D:\Data\raw\NBP2202_CTD243.hex
* Software Version Seasave V 7.26.7.121
* Temperature SN = 1649
* Conductivity SN = 2513
* Number of Bytes Per Scan = 40
* Number of Voltage Words = 5
* Number of Scans Averaged by the Deck Unit = 1
* NMEA Latitude = 73 55.32 S
* NMEA Longitude = 118 50.27 W
* NMEA UTC (Time) = Feb 15 2022  00:35:58
* NMEA baud rate = 9600
** Ship: RVIB N.B. Palmer
** Cruise: NBP2202 Thwaites
** Station: 153
** Operator: A. Robinson
# nquan = 28
# nvalues = 596                         
# units = specified
# name 0 = prDM: Pressure, Digiquartz [db]
# name 1 = depSM: Depth [salt water, m]
# name 2 = t090C: Temperature [ITS-90, deg C]
# name 3 = c0mS/cm: Conductivity [mS/cm]
# name 4 = t190C: Temperature, 2 [ITS-90, deg C]
# name 5 = c1mS/cm: Conductivity, 2 [mS/cm]
# name 6 = sbeox0ML/L: Oxygen, SBE 43 [ml/l]
# name 7 = sbeox1ML/L: Oxygen, SBE 43, 2 [ml/l]
# name 8 = flECO-AFL: Fluorescence, WET Labs ECO-AFL/FL [mg/m^3]
# name 9 = CStarTr0: Beam Transmission, WET Labs C-Star [%]
# name 10 = par: PAR/Irradiance, Biospherical/Licor
# name 11 = latitude: Latitude [deg]
# name 12 = longitude: Longitude [deg]
# name 13 = timeJ: Julian Days
# name 14 = altM: Altimeter [m]
# name 15 = spar: SPAR, Biospherical/Licor
# name 16 = timeS: Time, Elapsed [seconds]
# name 17 = scan: Scan Count
# name 18 = density00: Density [density, kg/m^3]
# name 19 = density11: Density, 2 [density, kg/m^3]
# name 20 = v3: Voltage 3
# name 21 = v4: Voltage 4
# name 22 = v5: Voltage 5
# name 23 = sal00: Salinity, Practical [PSU]
# name 24 = sal11: Salinity, Practical, 2 [PSU]
# name 25 = oxsolML/L: Oxygen Saturation, Garcia & Gordon [ml/l]
# name 26 = nbin: number of scans per bin
# name 27 = flag: flag
# span 0 =      2.000,    597.000       
# span 1 =      1.983,    589.977       
# span 2 =    -1.7239,     0.2729       
# span 3 =  26.973266,  29.138703       
# span 4 =    -1.7238,     0.2733       
# span 5 =  26.973728,  29.137261       
# span 6 =     4.6649,     9.2351       
# span 7 =     5.0211,     9.6170       
# span 8 =    -0.0225,    11.7152       
# span 9 =    85.9700,    97.2246       
# span 10 = -1.210e-06, 1.6473e+02      
# span 11 =  -73.92216,  -73.92216      
# span 12 = -118.83795, -118.83792      
# span 13 =  46.027635,  46.037755      
# span 14 =       3.70,     100.41      
# span 15 = 4.2099e+02, 4.5996e+02      
# span 16 =    229.690,   1104.029      
# span 17 =       5514,      26498      
# span 18 =  1027.1480,  1030.4855      
# span 19 =  1027.1486,  1030.4836      
# span 20 =     4.0785,     4.6122      
# span 21 =     0.0636,     2.2915      
# span 22 =     0.1130,     0.2107      
# span 23 =    33.7824,    34.4681      
# span 24 =    33.7831,    34.4658      
# span 25 =    7.98312,    8.44236      
# span 26 =         22,         51      
# span 27 = 0.0000e+00, 0.0000e+00      
# interval = decibars: 1                
# start_time = Feb 15 2022 00:35:58 [NMEA time, header]
# bad_flag = -9.990e-29
*END*
      2.000      1.983    -0.2180  27.942214    -0.2195  27.941383     9.2263     8.9856     6.9353    87.2389 1.6473e+02  -73.92216 -118.83794  46.027635     100.41 4.4464e+02    229.690       5514  1027.1480  1027.1486     4.1392     1.0324     0.1800    33.7876    33.7881    8.12476         26 0.0000e+00
      3.000      2.969    -0.2319  27.930358    -0.2298  27.933127     9.2099     8.9757     7.9649    88.2339 1.3149e+02  -73.92216 -118.83794  46.027684      90.18 4.4392e+02    233.894       5614  1027.1528  1027.1537     4.1860     1.1972     0.1932    33.7866    33.7879    8.12778         45 0.0000e+00
      4.000      3.955    -0.2380  27.922653    -0.2401  27.921437     9.2351     9.0175     7.0690    88.5014 1.0529e+02  -73.92216 -118.83794  46.027715      99.93 4.4355e+02    236.536       5678  1027.1545  1027.1552     4.1986     1.1110     0.1888    33.7824    33.7831    8.12931         41 0.0000e+00
      5.000      4.948    -0.2332  27.929871    -0.2325  27.930966     9.2049     9.0826     7.8046    86.9450 8.4663e+01  -73.92216 -118.83794  46.027745      99.58 4.4401e+02    239.181       5741  1027.1618  1027.1623     4.1237     1.2565     0.1814    33.7861    33.7868    8.12807         39 0.0000e+00
      6.000      5.937    -0.2259  27.939337    -0.2269  27.938894     9.2300     9.1569     7.2594    87.4785 6.8786e+01  -73.92216 -118.83794  46.027772      99.59 4.4382e+02    241.472       5796  1027.1691  1027.1696     4.1501     1.1826     0.1733    33.7900    33.7905    8.12630         46 0.0000e+00
      7.000      6.926    -0.2329  27.931550    -0.2326  27.932799     9.2257     9.2703     7.7385    88.0498 5.6003e+01  -73.92216 -118.83794  46.027798      99.55 4.4343e+02    243.783       5852  1027.1717  1027.1728     4.1777     1.3399     0.1953    33.7868    33.7881    8.12797         39 0.0000e+00
      8.000      7.918    -0.2358  27.929938    -0.2301  27.936227     9.1987     9.3378     6.6329    86.9680 4.5807e+01  -73.92216 -118.83794  46.027824      94.25 4.4338e+02    246.019       5905  1027.1770  1027.1784     4.1259     1.1871     0.1938    33.7873    33.7894    8.12856         45 0.0000e+00
      9.000      8.907    -0.2223  27.945236    -0.2211  27.948062     9.2239     9.3853     7.5341    87.7475 3.7581e+01  -73.92216 -118.83794  46.027848      99.84 4.4379e+02    248.080       5955  1027.1847  1027.1866     4.1630     0.8238     0.1688    33.7920    33.7945    8.12541         42 0.0000e+00
     10.000      9.897    -0.2372  27.927722    -0.2374  27.928256     9.2260     9.4533     8.1192    88.2136 3.0765e+01  -73.92216 -118.83794  46.027871      99.66 4.4450e+02    250.063       6003  1027.1847  1027.1855     4.1847     1.2222     0.1839    33.7847    33.7856    8.12902         42 0.0000e+00
     11.000     10.885    -0.2373  27.929151    -0.2361  27.930332     9.2269     9.5090     7.6657    87.9232 2.5630e+01  -73.92216 -118.83794  46.027899      99.72 4.4240e+02    252.515       6061  1027.1905  1027.1906     4.1710     1.3160     0.1843    33.7861    33.7863    8.12896         38 0.0000e+00
     12.000     11.875    -0.2199  27.947358    -0.2181  27.949615     9.2085     9.5307     7.3659    86.2951 2.1311e+01  -73.92216 -118.83794  46.027921      99.64 4.4349e+02    254.350       6105  1027.1975  1027.1982     4.0939     1.3282     0.1870    33.7904    33.7915    8.12499         42 0.0000e+00
     13.000     12.866    -0.2155  27.953324    -0.2164  27.952285     9.1958     9.5514     8.3016    87.5763 1.7488e+01  -73.92216 -118.83794  46.027944      99.60 4.4426e+02    256.387       6154  1027.2040  1027.2038     4.1544     1.1738     0.1709    33.7929    33.7925    8.12392         51 0.0000e+00
     14.000     13.854    -0.2104  27.958464    -0.2215  27.947741     9.2113     9.5798     7.9688    88.2469 1.4975e+01  -73.92216 -118.83794  46.027971      97.68 4.4308e+02    258.673       6209  1027.2091  1027.2083     4.1870     1.3854     0.1876    33.7935    33.7915    8.12280         42 0.0000e+00
     15.000     14.844    -0.1981  27.972837    -0.2151  27.955027     9.1915     9.5990     6.8247    88.4714 1.2682e+01  -73.92216 -118.83794  46.027993      98.40 4.4402e+02    260.599       6255  1027.2169  1027.2141     4.1978     2.1392     0.2071    33.7983    33.7934    8.11990         40 0.0000e+00
     16.000     15.835    -0.1943  27.975044    -0.2135  27.956455     9.2070     9.5998     7.6618    88.6299 1.0460e+01  -73.92216 -118.83794  46.028015      99.64 4.4405e+02    262.490       6301  1027.2200  1027.2186     4.2047     1.0180     0.1878    33.7965    33.7930    8.11920         45 0.0000e+00
     17.000     16.823    -0.2141  27.956458    -0.2139  27.956047     9.1943     9.6016     8.5265    88.0153 8.9036e+00  -73.92216 -118.83794  46.028042      99.61 4.4313e+02    264.805       6356  1027.2238  1027.2224     4.1757     1.5737     0.1896    33.7931    33.7923    8.12361         41 0.0000e+00
     18.000     17.814    -0.2044  27.966416    -0.2019  27.969215     9.2243     9.6057     6.7729    87.2656 7.5944e+00  -73.92216 -118.83794  46.028066      99.65 4.4432e+02    266.889       6406  1027.2292  1027.2296     4.1401     1.0347     0.1848    33.7949    33.7959    8.12143         33 0.0000e+00
     19.000     18.803    -0.2244  27.945573    -0.2262  27.944094     9.2083     9.6014     7.7999    86.8329 6.3198e+00  -73.92216 -118.83793  46.028086      99.64 4.4425e+02    268.634       6448  1027.2305  1027.2306     4.1195     1.1080     0.1752    33.7888    33.7888    8.12605         40 0.0000e+00
     20.000     19.792    -0.2238  27.947072    -0.2224  27.948699     9.2030     9.6065     5.8389    88.0958 5.3399e+00  -73.92216 -118.83793  46.028113      99.62 4.4425e+02    270.949       6504  1027.2356  1027.2360     4.1782     1.1566     0.1847    33.7895    33.7901    8.12587         30 0.0000e+00
     21.000     20.782    -0.2223  27.949222    -0.2221  27.949716     9.2118     9.6139     6.5188    87.7508 4.5341e+00  -73.92216 -118.83793  46.028138      99.45 4.4425e+02    273.134       6556  1027.2407  1027.2411     4.1629     2.0967     0.1887    33.7900    33.7905    8.12552         40 0.0000e+00
     22.000     21.770    -0.2160  27.956364    -0.2158  27.956930     9.2287     9.6170     7.2905    88.3830 3.8317e+00  -73.92216 -118.83793  46.028159      99.56 4.4497e+02    274.898       6599  1027.2467  1027.2470     4.1929     1.2509     0.1879    33.7920    33.7925    8.12407         41 0.0000e+00
     23.000     22.761    -0.2110  27.962277    -0.2116  27.961736     9.1625     9.5978     8.1949    88.0149 3.2403e+00  -73.92216 -118.83793  46.028184      99.67 4.4458e+02    277.060       6650  1027.2525  1027.2524     4.1754     1.0340     0.1675    33.7937    33.7937    8.12291         39 0.0000e+00
     24.000     23.751    -0.1795  27.997174    -0.1819  27.994137     9.1662     9.5785     9.2759    86.8109 2.7501e+00  -73.92216 -118.83793  46.028209      99.62 4.4450e+02    279.271       6704  1027.2637  1027.2629     4.1185     1.1595     0.2107    33.8047    33.8033    8.11558         42 0.0000e+00
     25.000     24.740    -0.1900  27.986300    -0.1894  27.987005     9.2221     9.5712     7.9613    86.5699 2.3605e+00  -73.92216 -118.83793  46.028230      99.68 4.4470e+02    281.115       6748  1027.2668  1027.2669     4.1069     1.0321     0.1808    33.8012    33.8014    8.11801         43 0.0000e+00
     26.000     25.731    -0.1642  28.016484    -0.1667  28.013969     9.0798     9.5486     8.7243    86.7750 1.9953e+00  -73.92216 -118.83793  46.028253      99.56 4.4481e+02    283.099       6795  1027.2787  1027.2783     4.1171     1.4897     0.1768    33.8121    33.8116    8.11189         41 0.0000e+00
     27.000     26.719    -0.1497  28.034581    -0.1485  28.035262     9.1382     9.5168     8.6382    88.0699 1.7092e+00  -73.92216 -118.83793  46.028281      94.83 4.4468e+02    285.474       6852  1027.2886  1027.2882     4.1778     1.1574     0.1864    33.8196    33.8191    8.10839         42 0.0000e+00
     28.000     27.709    -0.1584  28.028337    -0.1569  28.029595     9.0658     9.4996     9.4985    85.9700 1.4699e+00  -73.92216 -118.83793  46.028304      99.41 4.4549e+02    287.428       6899  1027.2948  1027.2948     4.0785     1.3317     0.1647    33.8203    33.8203    8.11019         42 0.0000e+00
     29.000     28.698    -0.1617  28.026900    -0.1609  28.027490     9.1697     9.5200     9.0430    88.2584 1.2426e+00  -73.92216 -118.83793  46.028325      99.52 4.4539e+02    289.314       6945  1027.3009  1027.3008     4.1871     1.4449     0.1965    33.8214    33.8213    8.11083         43 0.0000e+00
     30.000     29.684    -0.1466  28.042281    -0.1467  28.041640     9.1074     9.5229    11.7152    88.2935 1.0553e+00  -73.92216 -118.83793  46.028351      99.61 4.4560e+02    291.520       6997  1027.3072  1027.3067     4.1885     1.1561     0.1872    33.8245    33.8238    8.10744         35 0.0000e+00
     31.000     30.677    -0.1391  28.049803    -0.1386  28.050208     9.1398     9.5198     7.7746    87.1673 9.0480e-01  -73.92216 -118.83793  46.028375      99.60 4.4603e+02    293.555       7046  1027.3124  1027.3124     4.1353     1.9367     0.2058    33.8256    33.8256    8.10579         40 0.0000e+00
     32.000     31.667    -0.1348  28.055995    -0.1342  28.056340     9.0612     9.5152    10.3475    87.2027 7.6080e-01  -73.92216 -118.83793  46.028396      99.62 4.4601e+02    295.452       7092  1027.3193  1027.3191     4.1368     1.6394     0.1795    33.8284    33.8283    8.10471         38 0.0000e+00
     33.000     32.657    -0.1331  28.059033    -0.1326  28.059391     9.1344     9.4973     8.8441    87.3544 6.4477e-01  -73.92216 -118.83793  46.028419      99.46 4.4601e+02    297.419       7139  1027.3254  1027.3253     4.1441     1.6061     0.1991    33.8300    33.8299    8.10427         45 0.0000e+00
     34.000     33.646    -0.1312  28.062131    -0.1308  28.062447     9.1239     9.5067    10.2504    87.5398 5.5259e-01  -73.92216 -118.83793  46.028441      96.66 4.4601e+02    299.279       7184  1027.3313  1027.3312     4.1530     1.1766     0.1676    33.8314    33.8314    8.10379         43 0.0000e+00
     35.000     34.636    -0.1302  28.063850    -0.1299  28.063891     9.1092     9.5032     8.4743    88.2766 4.6510e-01  -73.92216 -118.83793  46.028461      99.53 4.4601e+02    301.020       7225  1027.3365  1027.3363     4.1880     1.4161     0.1836    33.8319    33.8317    8.10353         37 0.0000e+00
     36.000     35.625    -0.1299  28.064437    -0.1297  28.064611     9.0784     9.5029     8.5314    87.6937 3.9004e-01  -73.92216 -118.83793  46.028480      99.57 4.4601e+02    302.686       7265  1027.3412  1027.3412     4.1603     1.8014     0.2015    33.8318    33.8318    8.10348         36 0.0000e+00
     37.000     36.615    -0.1296  28.065141    -0.1292  28.065325     9.1129     9.5067    10.2644    87.5237 3.2971e-01  -73.92216 -118.83793  46.028500      99.62 4.4601e+02    304.373       7306  1027.3460  1027.3459     4.1522     1.5711     0.1838    33.8318    33.8316    8.10342         39 0.0000e+00
     38.000     37.604    -0.1281  28.067190    -0.1278  28.067163     9.1395     9.5056     8.9224    88.0268 2.7766e-01  -73.92216 -118.83793  46.028519      99.61 4.4601e+02    306.056       7346  1027.3511  1027.3508     4.1760     2.2915     0.2025    33.8323    33.8319    8.10307         37 0.0000e+00
     39.000     38.593    -0.1248  28.070964    -0.1241  28.071311     9.1054     9.4932     9.5908    87.9553 2.3021e-01  -73.92216 -118.83793  46.028537      99.53 4.4601e+02    307.622       7384  1027.3563  1027.3560     4.1726     1.8776     0.1950    33.8330    33.8327    8.10233         37 0.0000e+00
     40.000     39.582    -0.1208  28.076208    -0.1202  28.076274     9.0705     9.4863     8.2225    87.7367 1.8997e-01  -73.92216 -118.83793  46.028555      99.46 4.4601e+02    309.135       7420  1027.3623  1027.3619     4.1623     1.4938     0.1999    33.8349    33.8344    8.10136         36 0.0000e+00
     41.000     40.572    -0.1188  28.080538    -0.1184  28.080475     9.0885     9.4800    10.8419    88.1277 1.5686e-01  -73.92216 -118.83794  46.028573      99.48 4.4601e+02    310.740       7459  1027.3695  1027.3690     4.1808     1.4189     0.2066    33.8379    33.8373    8.10079         40 0.0000e+00
     42.000     41.561    -0.1191  28.082364    -0.1186  28.082514     9.0278     9.4714     8.0554    86.2988 1.2682e-01  -73.92216 -118.83794  46.028593      99.69 4.4601e+02    312.391       7498  1027.3760  1027.3757     4.0941     1.6148     0.1749    33.8401    33.8396    8.10073         39 0.0000e+00
     43.000     42.551    -0.1176  28.084639    -0.1167  28.085707     9.0829     9.4647     9.0923    87.6554 1.0028e-01  -73.92216 -118.83794  46.028610      99.52 4.4601e+02    313.942       7536  1027.3813  1027.3817     4.1584     1.3519     0.1924    33.8408    33.8413    8.10036         37 0.0000e+00
     44.000     43.541    -0.1172  28.086172    -0.1166  28.086404     9.0271     9.4453     8.7658    87.0137 7.8113e-02  -73.92216 -118.83794  46.028628      99.48 4.4601e+02    315.498       7573  1027.3870  1027.3866     4.1280     1.6942     0.1917    33.8418    33.8414    8.10023         38 0.0000e+00
     45.000     44.530    -0.1219  28.082807    -0.1212  28.083268     9.0466     9.4200     9.3809    86.9920 6.0232e-02  -73.92216 -118.83794  46.028646      99.46 4.4601e+02    317.045       7610  1027.3922  1027.3921     4.1269     1.5432     0.1853    33.8420    33.8418    8.10122         34 0.0000e+00
     46.000     45.520    -0.1325  28.075411    -0.1326  28.075483     8.9998     9.4074     8.6895    87.0782 4.4237e-02  -73.92216 -118.83794  46.028663      99.50 4.4601e+02    318.518       7645  1027.3989  1027.3990     4.1311     1.7820     0.1851    33.8433    33.8435    8.10339         35 0.0000e+00
     47.000     46.509    -0.1356  28.075247    -0.1351  28.075335     9.0446     9.3964     8.7517    86.7314 2.9309e-02  -73.92216 -118.83794  46.028680      99.55 4.4601e+02    319.970       7680  1027.4058  1027.4055     4.1146     1.3354     0.1784    33.8458    33.8454    8.10389         34 0.0000e+00
     48.000     47.499    -0.1354  28.077002    -0.1348  28.077051     8.9574     9.3832     8.8704    86.6672 1.6894e-02  -73.92216 -118.83794  46.028698      99.51 4.4663e+02    321.469       7716  1027.4119  1027.4113     4.1116     1.3702     0.1790    33.8474    33.8467    8.10377         37 0.0000e+00
     49.000     48.488    -0.1345  28.079636    -0.1339  28.079776     8.9401     9.3523     8.0067    87.6327 6.2669e-03  -73.92216 -118.83794  46.028715      99.49 4.4625e+02    322.985       7753  1027.4180  1027.4177     4.1574     1.7950     0.2043    33.8493    33.8488    8.10347         36 0.0000e+00
     50.000     49.477    -0.1392  28.078148    -0.1391  28.078127     8.9105     9.3274     8.6576    88.8558 2.0326e-04  -73.92216 -118.83794  46.028732      99.54 4.4612e+02    324.414       7787  1027.4253  1027.4252     4.2154     1.6829     0.1925    33.8519    33.8518    8.10431         33 0.0000e+00
     51.000     50.467    -0.1499  28.070038    -0.1490  28.071027     8.9414     9.3079     7.9572    87.3664 -1.210e-06  -73.92216 -118.83794  46.028748      99.44 4.4629e+02    325.790       7820  1027.4312  1027.4314     4.1449     1.3305     0.1965    33.8524    33.8527    8.10656         32 0.0000e+00
     52.000     51.456    -0.1626  28.061132    -0.1623  28.061279     8.9170     9.2854     9.4154    86.6478 1.0000e-12  -73.92216 -118.83794  46.028765      99.43 4.4658e+02    327.279       7856  1027.4381  1027.4380     4.1106     1.6176     0.1955    33.8540    33.8539    8.10916         37 0.0000e+00
