ocean_section_plots/required_files/ctd/dnbp2202_ctd182.cnv
* Sea-Bird SBE 9 Data File:
* FileName = D:\Data\raw\NBP2202_CTD182.hex
* Software Version Seasave V 7.26.7.121
* Temperature SN = 1649
* Conductivity SN = 2513
* Number of Bytes Per Scan = 40
* Number of Voltage Words = 5
* Number of Scans Averaged by the Deck Unit = 1
* NMEA Latitude = 74 05.97 S
* NMEA Longitude = 111 32.48 W
* NMEA UTC (Time) = Feb 04 2022  02:40:27
* NMEA baud rate = 9600
** Ship: RVIB N.B. Palmer
** Cruise: NBP2202 Thwaites
** Station: 104
** Operator: A. Robinson
# nquan = 28
# nvalues = 227                         
# units = specified
# name 0 = prDM: Pressure, Digiquartz [db]
# name 1 = depSM: Depth [salt water, m]
# name 2 = t090C: Temperature [ITS-90, deg C]
# name 3 = c0mS/cm: Conductivity [mS/cm]
# name 4 = t190C: Temperature, 2 [ITS-90, deg C]
# name 5 = c1mS/cm: Conductivity, 2 [mS/cm]
# name 6 = sbeox0ML/L: Oxygen, SBE 43 [ml/l]
# name 7 = sbeox1ML/L: Oxygen, SBE 43, 2 [ml/l]
# name 8 = flECO-AFL: Fluorescence, WET Labs ECO-AFL/FL [mg/m^3]
# name 9 = CStarTr0: Beam Transmission, WET Labs C-Star [%]
# name 10 = par: PAR/Irradiance, Biospherical/Licor
# name 11 = latitude: Latitude [deg]
# name 12 = longitude: Longitude [deg]
# name 13 = timeJ: Julian Days
# name 14 = altM: Altimeter [m]
# name 15 = spar: SPAR, Biospherical/Licor
# name 16 = timeS: Time, Elapsed [seconds]
# name 17 = scan: Scan Count
# name 18 = density00: Density [density, kg/m^3]
# name 19 = density11: Density, 2 [density, kg/m^3]
# name 20 = v3: Voltage 3
# name 21 = v4: Voltage 4
# name 22 = v5: Voltage 5
# name 23 = sal00: Salinity, Practical [PSU]
# name 24 = sal11: Salinity, Practical, 2 [PSU]
# name 25 = oxsolML/L: Oxygen Saturation, Garcia & Gordon [ml/l]
# name 26 = nbin: number of scans per bin
# name 27 = flag: flag
# span 0 =      2.000,    228.000       
# span 1 =      1.979,    225.517       
# span 2 =    -1.5788,    -0.9674       
# span 3 =  27.029021,  27.340629       
# span 4 =    -1.5784,    -0.9658       
# span 5 =  27.028870,  27.342819       
# span 6 =     6.1366,     8.5008       
# span 7 =     6.2903,     8.6615       
# span 8 =     0.0771,    24.8620       
# span 9 =    72.0664,    98.4495       
# span 10 = -2.316e-05, 4.1471e+02      
# span 11 =  -74.09952,  -74.09952      
# span 12 = -111.54144, -111.54140      
# span 13 =  35.113989,  35.118591      
# span 14 =       4.14,     100.03      
# span 15 = 1.1460e+03, 1.1736e+03      
# span 16 =    221.639,    619.253      
# span 17 =       5320,      14863      
# span 18 =  1027.1977,  1028.4913      
# span 19 =  1027.2022,  1028.4901      
# span 20 =     3.4194,     4.6702      
# span 21 =     0.0835,     3.6584      
# span 22 =     0.1127,     0.2335      
# span 23 =    33.8120,    34.0510      
# span 24 =    33.8146,    34.0497      
# span 25 =    8.28583,    8.41291      
# span 26 =         24,         48      
# span 27 = 0.0000e+00, 0.0000e+00      
# interval = decibars: 1                
# start_time = Feb 04 2022 02:40:27 [NMEA time, header]
# bad_flag = -9.990e-29
*END*
[from data line 52]
     54.000     53.434    -1.2924  27.124946    -1.2936  27.125088     7.5270     7.7458    11.4146    83.1262 1.0000e-12  -74.09952 -111.54143  35.115266      99.50 1.1670e+03    331.993       7969  1027.4946  1027.4958     3.9438     2.0912     0.1688    33.8542    33.8557    8.35566         38 0.0000e+00
     55.000     54.424    -1.2929  27.125207    -1.2940  27.125397     7.5250     7.7485    11.5024    82.3009 1.0000e-12  -74.09952 -111.54143  35.115289      99.40 1.1684e+03    333.979       8016  1027.4996  1027.5008     3.9045     1.9683     0.1568    33.8544    33.8559    8.35574         38 0.0000e+00
     56.000     55.413    -1.2950  27.124699    -1.2965  27.124698     7.4923     7.6950    12.7663    82.6291 1.0000e-12  -74.09952 -111.54143  35.115312      99.38 1.1674e+03    335.998       8065  1027.5054  1027.5068     3.9202     2.0067     0.1488    33.8555    33.8572    8.35615         43 0.0000e+00
     57.000     56.403    -1.2992  27.122381    -1.3040  27.120508     7.2587     7.4933    11.9906    83.5380 1.0000e-12  -74.09952 -111.54143  35.115335      99.48 1.1671e+03    337.983       8113  1027.5112  1027.5137     3.9632     2.1020     0.1681    33.8564    33.8593    8.35704         37 0.0000e+00
     58.000     57.391    -1.3352  27.097566    -1.3380  27.097391     7.0745     7.3290    11.0204    81.7662 1.0000e-12  -74.09952 -111.54142  35.115355      99.35 1.1689e+03    339.638       8152  1027.5230  1027.5255     3.8793     1.7140     0.1551    33.8625    33.8654    8.36475         33 0.0000e+00
     59.000     58.381    -1.3507  27.088459    -1.3521  27.088702     6.9477     7.2028     9.4058    82.4222 1.0000e-12  -74.09952 -111.54142  35.115371      99.38 1.1673e+03    341.067       8187  1027.5321  1027.5337     3.9102     1.7196     0.1541    33.8669    33.8689    8.36796         35 0.0000e+00
     60.000     59.370    -1.3622  27.079893    -1.3658  27.078902     6.8212     7.0763     8.1684    82.9104 1.0000e-12  -74.09952 -111.54142  35.115388      99.42 1.1677e+03    342.510       8221  1027.5379  1027.5402     3.9335     1.4843     0.1460    33.8675    33.8702    8.37051         34 0.0000e+00
     61.000     60.360    -1.3801  27.066962    -1.3807  27.067765     6.7929     7.0291     8.0989    84.2287 1.0000e-12  -74.09952 -111.54142  35.115405      99.40 1.1703e+03    343.950       8256  1027.5450  1027.5465     3.9960     1.5593     0.1472    33.8694    33.8712    8.37441         33 0.0000e+00
     62.000     61.349    -1.3828  27.065573    -1.3842  27.065477     6.8096     7.0282     7.6110    84.4482 1.0000e-12  -74.09952 -111.54142  35.115421      99.33 1.1689e+03    345.376       8290  1027.5501  1027.5513     4.0063     1.1987     0.1494    33.8699    33.8713    8.37499         32 0.0000e+00
     63.000     62.339    -1.3816  27.066775    -1.3827  27.066931     6.8177     7.0246     6.3639    86.0323 1.0000e-12  -74.09952 -111.54142  35.115437      99.60 1.1680e+03    346.780       8324  1027.5543  1027.5555     4.0815     1.1203     0.1472    33.8696    33.8711    8.37474         34 0.0000e+00
     64.000     63.328    -1.3832  27.067030    -1.3847  27.066832     6.8147     7.0177     5.1597    85.5379 1.0000e-12  -74.09952 -111.54144  35.115454      99.52 1.1686e+03    348.191       8358  1027.5603  1027.5615     4.0583     1.2668     0.1559    33.8711    33.8726    8.37501         32 0.0000e+00
     65.000     64.318    -1.3894  27.064690    -1.3905  27.064823     6.8360     7.0295     6.5686    86.7659 1.0000e-12  -74.09952 -111.54144  35.115470      99.59 1.1682e+03    349.613       8392  1027.5679  1027.5691     4.1163     1.1006     0.1526    33.8743    33.8758    8.37621         34 0.0000e+00
     66.000     65.307    -1.3873  27.067177    -1.3884  27.067154     6.8333     7.0228     5.2484    87.7908 1.0000e-12  -74.09952 -111.54144  35.115486      99.61 1.1672e+03    351.028       8426  1027.5727  1027.5737     4.1649     1.0442     0.1381    33.8747    33.8760    8.37572         35 0.0000e+00
     67.000     66.296    -1.3884  27.066767    -1.3901  27.066485     6.8271     7.0161     5.4861    88.2057 1.0000e-12  -74.09952 -111.54144  35.115503      99.52 1.1685e+03    352.460       8460  1027.5775  1027.5788     4.1845     1.2556     0.1454    33.8748    33.8764    8.37597         32 0.0000e+00
     68.000     67.285    -1.3907  27.066402    -1.3917  27.066490     6.8328     7.0215     5.2907    88.3953 1.0000e-12  -74.09952 -111.54144  35.115520      99.47 1.1689e+03    353.915       8495  1027.5835  1027.5846     4.1939     1.3837     0.1489    33.8762    33.8776    8.37638         33 0.0000e+00
     69.000     68.275    -1.3910  27.066868    -1.3921  27.066949     6.8637     7.0497     5.9823    88.8946 1.0000e-12  -74.09952 -111.54144  35.115537      99.67 1.1682e+03    355.369       8530  1027.5886  1027.5896     4.2168     0.9258     0.1364    33.8766    33.8779    8.37644         35 0.0000e+00
     70.000     69.264    -1.3897  27.069444    -1.3908  27.069457     6.8896     7.0696     5.1878    88.7841 1.0000e-12  -74.09952 -111.54144  35.115553      99.66 1.1690e+03    356.809       8564  1027.5943  1027.5955     4.2120     0.9465     0.1485    33.8780    33.8794    8.37605         34 0.0000e+00
     71.000     70.253    -1.3920  27.069118    -1.3931  27.069188     6.9186     7.1030     5.0369    90.0712 1.0000e-12  -74.09952 -111.54144  35.115570      99.64 1.1687e+03    358.255       8599  1027.6005  1027.6016     4.2730     0.9915     0.1522    33.8796    33.8809    8.37648         35 0.0000e+00
     72.000     71.243    -1.3941  27.069161    -1.3949  27.069375     6.9458     7.1265     5.3508    89.6367 1.0000e-12  -74.09952 -111.54144  35.115587      99.66 1.1676e+03    359.692       8634  1027.6068  1027.6079     4.2524     0.9652     0.1538    33.8814    33.8826    8.37684         34 0.0000e+00
     73.000     72.232    -1.3941  27.070863    -1.3952  27.070898     6.9189     7.1002     5.1709    89.3556 1.0000e-12  -74.09952 -111.54144  35.115603      99.61 1.1679e+03    361.122       8668  1027.6129  1027.6140     4.2391     1.0635     0.1409    33.8831    33.8844    8.37674         35 0.0000e+00
     74.000     73.221    -1.3985  27.068101    -1.4004  27.067763     6.8714     7.0597     5.9256    89.8081 1.0000e-12  -74.09952 -111.54144  35.115620      99.59 1.1680e+03    362.554       8702  1027.6185  1027.6199     4.2605     1.1090     0.1440    33.8837    33.8854    8.37770         34 0.0000e+00
     75.000     74.211    -1.4045  27.064905    -1.4053  27.065017     6.8177     7.0178     5.7589    89.5598 1.0000e-12  -74.09952 -111.54144  35.115637      99.67 1.1673e+03    364.007       8737  1027.6250  1027.6259     4.2488     0.9166     0.1426    33.8854    33.8866    8.37894         34 0.0000e+00
     76.000     75.199    -1.4086  27.062856    -1.4094  27.063146     6.7792     6.9839     5.5728    90.0182 1.0000e-12  -74.09952 -111.54144  35.115653      99.59 1.1678e+03    365.444       8772  1027.6310  1027.6321     4.2705     1.0961     0.1521    33.8866    33.8880    8.37979         31 0.0000e+00
     77.000     76.189    -1.4142  27.059926    -1.4156  27.059869     6.7682     6.9609     4.9608    89.3563 1.0000e-12  -74.09952 -111.54144  35.115670      99.65 1.1688e+03    366.858       8806  1027.6374  1027.6386     4.2391     0.9637     0.1432    33.8884    33.8898    8.38096         34 0.0000e+00
     78.000     77.179    -1.4168  27.059175    -1.4179  27.059222     6.7476     6.9399     4.5214    89.7179 1.0000e-12  -74.09952 -111.54144  35.115686      99.69 1.1678e+03    368.254       8839  1027.6433  1027.6444     4.2565     0.8624     0.1382    33.8897    33.8909    8.38147         34 0.0000e+00
     79.000     78.167    -1.4213  27.057172    -1.4224  27.057396     6.7114     6.9073     5.0070    90.9860 1.0000e-12  -74.09952 -111.54144  35.115702      99.56 1.1667e+03    369.680       8873  1027.6497  1027.6510     4.3161     1.1780     0.1463    33.8914    33.8930    8.38238         34 0.0000e+00
     80.000     79.157    -1.4295  27.053443    -1.4304  27.053504     6.6869     6.8788     4.9621    90.2552 1.0000e-12  -74.09952 -111.54144  35.115719      99.72 1.1681e+03    371.112       8908  1027.6577  1027.6586     4.2817     0.7749     0.1433    33.8949    33.8960    8.38400         34 0.0000e+00
     81.000     80.146    -1.4361  27.051207    -1.4374  27.051241     6.6553     6.8533     4.1591    90.6972 1.0000e-12  -74.09952 -111.54143  35.115735      97.72 1.1666e+03    372.533       8942  1027.6659  1027.6672     4.3027     1.0146     0.1475    33.8987    33.9002    8.38526         35 0.0000e+00
     82.000     81.136    -1.4424  27.049136    -1.4434  27.049168     6.6550     6.8512     4.0729    91.6571 1.0000e-12  -74.09952 -111.54143  35.115752      99.65 1.1670e+03    373.952       8976  1027.6740  1027.6749     4.3482     0.8697     0.1340    33.9024    33.9036    8.38647         34 0.0000e+00
     83.000     82.124    -1.4435  27.049204    -1.4445  27.049215     6.6635     6.8544     3.8419    91.6725 1.0000e-12  -74.09952 -111.54143  35.115769      99.67 1.1674e+03    375.413       9011  1027.6793  1027.6802     4.3490     0.8878     0.1405    33.9031    33.9042    8.38668         35 0.0000e+00
     84.000     83.114    -1.4441  27.049508    -1.4449  27.049569     6.6729     6.8566     3.7708    91.4719 1.0000e-12  -74.09952 -111.54143  35.115786      99.72 1.1670e+03    376.884       9046  1027.6843  1027.6852     4.3394     0.7309     0.1350    33.9035    33.9045    8.38677         35 0.0000e+00
     85.000     84.104    -1.4443  27.049889    -1.4449  27.049914     6.6327     6.8621     4.3598    91.9934 1.0000e-12  -74.09952 -111.54142  35.115802      99.73 1.1670e+03    378.330       9081  1027.6891  1027.6898     4.3641     0.7294     0.1349    33.9036    33.9045    8.38681         35 0.0000e+00
     86.000     85.093    -1.4447  27.050195    -1.4454  27.050227     6.7426     6.8926     3.7468    91.5471 1.0000e-12  -74.09952 -111.54142  35.115819      99.74 1.1670e+03    379.760       9115  1027.6942  1027.6948     4.3431     0.6824     0.1330    33.9040    33.9048    8.38690         34 0.0000e+00
     87.000     86.081    -1.4576  27.042623    -1.4589  27.042717     6.7324     6.9063     4.0454    91.8654 1.0000e-12  -74.09952 -111.54142  35.115835      99.77 1.1670e+03    381.187       9149  1027.7025  1027.7039     4.3581     0.5991     0.1391    33.9075    33.9091    8.38958         34 0.0000e+00
     88.000     87.071    -1.4634  27.039607    -1.4649  27.039183     6.7264     6.9068     3.9960    91.8395 1.0000e-12  -74.09952 -111.54142  35.115852      99.72 1.1670e+03    382.615       9184  1027.7090  1027.7100     4.3569     0.7417     0.1378    33.9093    33.9104    8.39078         34 0.0000e+00
     89.000     88.060    -1.4669  27.037840    -1.4680  27.037761     6.7191     6.9024     3.9584    92.7077 1.0000e-12  -74.09952 -111.54142  35.115869      99.73 1.1683e+03    384.043       9218  1027.7147  1027.7156     4.3980     0.7388     0.1373    33.9102    33.9114    8.39151         35 0.0000e+00
     90.000     89.050    -1.4726  27.034708    -1.4736  27.034719     6.7216     6.9057     4.0784    92.1299 1.0000e-12  -74.09952 -111.54141  35.115885      99.72 1.1672e+03    385.470       9252  1027.7209  1027.7219     4.3706     0.7558     0.1328    33.9117    33.9130    8.39271         34 0.0000e+00
     91.000     90.039    -1.4758  27.033181    -1.4769  27.032895     6.7182     6.9096     3.8703    91.6941 1.0000e-12  -74.09952 -111.54141  35.115902      99.73 1.1658e+03    386.892       9286  1027.7265  1027.7273     4.3499     0.7119     0.1386    33.9126    33.9136    8.39338         34 0.0000e+00
     92.000     91.027    -1.4799  27.030730    -1.4803  27.030964     6.7264     6.9031     3.8360    91.9625 1.0000e-12  -74.09952 -111.54141  35.115918      99.72 1.1666e+03    388.333       9321  1027.7320  1027.7327     4.3627     0.7251     0.1373    33.9133    33.9141    8.39426         34 0.0000e+00
     93.000     92.018    -1.4791  27.031587    -1.4798  27.031605     6.7267     6.9074     4.3814    92.0258 1.0000e-12  -74.09952 -111.54141  35.115935      99.77 1.1672e+03    389.768       9355  1027.7364  1027.7371     4.3657     0.5657     0.1320    33.9130    33.9138    8.39411         35 0.0000e+00
     94.000     93.006    -1.4767  27.033579    -1.4784  27.033031     6.7311     6.9047     3.6455    92.3379 1.0000e-12  -74.09952 -111.54142  35.115951      99.77 1.1666e+03    391.190       9390  1027.7404  1027.7415     4.3805     0.5802     0.1363    33.9123    33.9135    8.39360         34 0.0000e+00
     95.000     93.996    -1.4765  27.034306    -1.4775  27.034008     6.7305     6.9069     3.9508    91.8996 1.0000e-12  -74.09952 -111.54141  35.115968      99.76 1.1670e+03    392.621       9424  1027.7453  1027.7459     4.3597     0.5900     0.1398    33.9125    33.9132    8.39355         35 0.0000e+00
     96.000     94.984    -1.4754  27.035298    -1.4760  27.035325     6.7292     6.9051     4.3257    92.4175 1.0000e-12  -74.09952 -111.54140  35.115984      99.73 1.1670e+03    394.054       9458  1027.7496  1027.7501     4.3842     0.7136     0.1381    33.9120    33.9127    8.39334         34 0.0000e+00
     97.000     95.973    -1.4770  27.034552    -1.4777  27.034676     6.7204     6.8977     4.1794    92.1505 1.0000e-12  -74.09952 -111.54141  35.116001      99.78 1.1670e+03    395.470       9492  1027.7546  1027.7554     4.3716     0.5441     0.1317    33.9122    33.9131    8.39369         34 0.0000e+00
     98.000     96.964    -1.4820  27.032255    -1.4810  27.033239     6.7067     6.8931     4.2873    92.6230 1.0000e-12  -74.09952 -111.54141  35.116017      99.74 1.1670e+03    396.872       9526  1027.7612  1027.7612     4.3944     0.6900     0.1359    33.9140    33.9142    8.39470         33 0.0000e+00
     99.000     97.953    -1.4850  27.031014    -1.4861  27.030876     6.7004     6.8940     4.2710    93.2379 1.0000e-12  -74.09952 -111.54141  35.116034      97.81 1.1670e+03    398.296       9560  1027.7670  1027.7679     4.4228     0.6011     0.1367    33.9152    33.9161    8.39532         35 0.0000e+00
    100.000     98.942    -1.4867  27.030526    -1.4868  27.030813     6.6992     6.8850     3.8326    92.2816 1.0000e-12  -74.09952 -111.54140  35.116050      99.76 1.1670e+03    399.740       9595  1027.7723  1027.7728     4.3778     0.5808     0.1335    33.9157    33.9163    8.39565         35 0.0000e+00
    101.000     99.931    -1.4888  27.029853    -1.4891  27.029892     6.6970     6.8781     3.8665    91.8894 1.0000e-12  -74.09952 -111.54140  35.116067      99.76 1.1660e+03    401.180       9629  1027.7779  1027.7782     4.3592     0.6221     0.1315    33.9166    33.9170    8.39608         34 0.0000e+00
    102.000    100.919    -1.4890  27.030308    -1.4896  27.030244     6.6953     6.8760     3.7228    92.7926 1.0000e-12  -74.09952 -111.54140  35.116083      99.77 1.1667e+03    402.609       9664  1027.7829  1027.7833     4.4021     0.5849     0.1380    33.9168    33.9174    8.39612         35 0.0000e+00
    103.000    101.909    -1.4895  27.030510    -1.4901  27.030433     6.6925     6.8692     3.4072    92.8778 1.0000e-12  -74.09952 -111.54140  35.116100      99.76 1.1668e+03    404.028       9698  1027.7878  1027.7882     4.4061     0.5809     0.1357    33.9170    33.9175    8.39622         33 0.0000e+00
    104.000    102.898    -1.4897  27.030880    -1.4901  27.030863     6.6911     6.8708     3.2003    92.1576 1.0000e-12  -74.09952 -111.54140  35.116116      99.75 1.1653e+03    405.454       9732  1027.7926  1027.7930     4.3719     0.6797     0.1330    33.9171    33.9176    8.39625         35 0.0000e+00
