ocean_section_plots/required_files/ctd/dnbp2202_ctd172.cnv
* Sea-Bird SBE 9 Data File:
* FileName = D:\Data\raw\NBP2202_CTD172.hex
* Software Version Seasave V 7.26.7.121
* Temperature SN = 1649
* Conductivity SN = 2513
* Number of Bytes Per Scan = 40
* Number of Voltage Words = 5
* Number of Scans Averaged by the Deck Unit = 1
* NMEA Latitude = 74 08.12 S
* NMEA Longitude = 110 39.27 W
* NMEA UTC (Time) = Feb 03 2022  15:35:41
* NMEA baud rate = 9600
** Ship: RVIB N.B. Palmer
** Cruise: NBP2202 Thwaites
** Station: 94
** Operator: A. Robinson
# nquan = 28
# nvalues = 416                         
# units = specified
# name 0 = prDM: Pressure, Digiquartz [db]
# name 1 = depSM: Depth [salt water, m]
# name 2 = t090C: Temperature [ITS-90, deg C]
# name 3 = c0mS/cm: Conductivity [mS/cm]
# name 4 = t190C: Temperature, 2 [ITS-90, deg C]
# name 5 = c1mS/cm: Conductivity, 2 [mS/cm]
# name 6 = sbeox0ML/L: Oxygen, SBE 43 [ml/l]
# name 7 = sbeox1ML/L: Oxygen, SBE 43, 2 [ml/l]
# name 8 = flECO-AFL: Fluorescence, WET Labs ECO-AFL/FL [mg/m^3]
# name 9 = CStarTr0: Beam Transmission, WET Labs C-Star [%]
# name 10 = par: PAR/Irradiance, Biospherical/Licor
# name 11 = latitude: Latitude [deg]
# name 12 = longitude: Longitude [deg]
# name 13 = timeJ: Julian Days
# name 14 = altM: Altimeter [m]
# name 15 = spar: SPAR, Biospherical/Licor
# name 16 = timeS: Time, Elapsed [seconds]
# name 17 = scan: Scan Count
# name 18 = density00: Density [density, kg/m^3]
# name 19 = density11: Density, 2 [density, kg/m^3]
# name 20 = v3: Voltage 3
# name 21 = v4: Voltage 4
# name 22 = v5: Voltage 5
# name 23 = sal00: Salinity, Practical [PSU]
# name 24 = sal11: Salinity, Practical, 2 [PSU]
# name 25 = oxsolML/L: Oxygen Saturation, Garcia & Gordon [ml/l]
# name 26 = nbin: number of scans per bin
# name 27 = flag: flag
# span 0 =      2.000,    417.000       
# span 1 =      1.987,    412.269       
# span 2 =    -1.4382,    -0.9347       
# span 3 =  26.987128,  27.817351       
# span 4 =    -1.4366,    -0.9330       
# span 5 =  26.987679,  27.816640       
# span 6 =     5.6979,     6.9969       
# span 7 =     5.8129,     6.8890       
# span 8 =    -0.0230,     8.1145       
# span 9 =    85.1194,    98.8694       
# span 10 = 1.0000e-12, 1.0681e+02      
# span 11 =  -74.13544,  -74.13498      
# span 12 = -110.65456, -110.65195      
# span 13 =  34.652648,  34.659786      
# span 14 =       5.10,     100.04      
# span 15 = 1.7626e+03, 1.7868e+03      
# span 16 =    247.772,    864.500      
# span 17 =       5948,      20749      
# span 18 =  1027.1801,  1029.4705      
# span 19 =  1027.1784,  1029.4681      
# span 20 =     4.0384,     4.6902      
# span 21 =     0.0636,     1.1724      
# span 22 =     0.1201,     0.1652      
# span 23 =    33.7694,    34.1706      
# span 24 =    33.7680,    34.1677      
# span 25 =    8.25773,    8.38746      
# span 26 =         17,         48      
# span 27 = 0.0000e+00, 0.0000e+00      
# interval = decibars: 1                
# start_time = Feb 03 2022 15:35:41 [NMEA time, header]
# bad_flag = -9.990e-29
*END*
[from data line 104]
    106.000    104.876    -1.4143  27.097043    -1.4128  27.097068     5.8082     5.9370     0.1431    98.4096 1.0000e-12  -74.13544 -110.65454  34.654651      99.98 1.7699e+03    420.859      10102  1027.8030  1027.8016     4.6684     0.0867     0.1256    33.9215    33.9198    8.37901         31 0.0000e+00
    107.000    105.866    -1.4137  27.100311    -1.4123  27.100023     5.8137     5.9431     0.2025    98.4700 1.0000e-12  -74.13544 -110.65454  34.654666      99.98 1.7699e+03    422.140      10132  1027.8104  1027.8087     4.6713     0.0911     0.1260    33.9247    33.9226    8.37868         30 0.0000e+00
    108.000    106.854    -1.4127  27.102825    -1.4113  27.102526     5.8149     5.9487     0.1849    98.5154 1.0000e-12  -74.13544 -110.65456  34.654680      99.98 1.7699e+03    423.388      10162  1027.8165  1027.8148     4.6734     0.0898     0.1250    33.9263    33.9244    8.37835         28 0.0000e+00
    109.000    107.844    -1.4121  27.104096    -1.4104  27.104258     5.8154     5.9436     0.2485    98.4356 1.0000e-12  -74.13544 -110.65455  34.654695      99.98 1.7699e+03    424.667      10193  1027.8216  1027.8202     4.6696     0.0993     0.1251    33.9268    33.9251    8.37819         31 0.0000e+00
    110.000    108.832    -1.4097  27.107642    -1.4085  27.107181     5.8137     5.9425     0.2254    98.3254 1.0000e-12  -74.13544 -110.65456  34.654710      99.97 1.7699e+03    425.946      10224  1027.8276  1027.8259     4.6644     0.1004     0.1259    33.9284    33.9263    8.37757         30 0.0000e+00
    111.000    109.822    -1.4076  27.111577    -1.4059  27.111620     5.8153     5.9428     0.1468    98.4253 1.0000e-12  -74.13544 -110.65456  34.654724      98.33 1.7699e+03    427.193      10254  1027.8342  1027.8326     4.6691     0.1038     0.1257    33.9307    33.9289    8.37695         31 0.0000e+00
    112.000    110.811    -1.4059  27.114562    -1.4043  27.114475     5.8154     5.9435     0.1265    98.4035 1.0000e-12  -74.13544 -110.65454  34.654739      97.09 1.7699e+03    428.470      10284  1027.8402  1027.8386     4.6681     0.1026     0.1275    33.9322    33.9304    8.37647         30 0.0000e+00
    113.000    111.800    -1.4026  27.120627    -1.4009  27.120711     5.8155     5.9448     0.2691    98.4905 1.0000e-12  -74.13544 -110.65454  34.654754      99.98 1.7699e+03    429.751      10315  1027.8480  1027.8465     4.6723     0.0900     0.1271    33.9362    33.9344    8.37549         31 0.0000e+00
    114.000    112.790    -1.4021  27.122945    -1.4007  27.122792     5.8154     5.9438     0.3735    98.4754 1.0000e-12  -74.13544 -110.65454  34.654769      99.97 1.7699e+03    431.000      10345  1027.8545  1027.8530     4.6715     0.0910     0.1463    33.9383    33.9364    8.37527         29 0.0000e+00
    115.000    113.779    -1.4021  27.124047    -1.4007  27.123789     5.8155     5.9458     0.1722    98.4604 1.0000e-12  -74.13544 -110.65454  34.654783      99.97 1.7699e+03    432.260      10375  1027.8601  1027.8584     4.6708     0.0893     0.1256    33.9391    33.9372    8.37521         31 0.0000e+00
    116.000    114.768    -1.4016  27.125452    -1.4001  27.125372     5.8150     5.9491     0.1715    98.4505 1.0000e-12  -74.13542 -110.65454  34.654798      99.97 1.7699e+03    433.529      10406  1027.8655  1027.8639     4.6703     0.0961     0.1265    33.9399    33.9381    8.37506         30 0.0000e+00
    117.000    115.756    -1.4013  27.126476    -1.3999  27.126303     5.8170     5.9528     0.1052    98.5083 1.0000e-12  -74.13542 -110.65454  34.654812      99.98 1.7699e+03    434.775      10436  1027.8706  1027.8691     4.6731     0.1076     0.1257    33.9403    33.9385    8.37495         30 0.0000e+00
    118.000    116.746    -1.3995  27.129633    -1.3982  27.129040     5.8139     5.9517     0.0859    98.5071 1.0000e-12  -74.13542 -110.65454  34.654827      99.97 1.7699e+03    436.038      10466  1027.8767  1027.8748     4.6730     0.0947     0.1259    33.9420    33.9397    8.37446         31 0.0000e+00
    119.000    117.735    -1.3928  27.139930    -1.3912  27.139702     5.8238     5.9530     0.1250    98.4678 1.0000e-12  -74.13542 -110.65454  34.654842      99.98 1.7694e+03    437.310      10496  1027.8859  1027.8841     4.6712     0.0839     0.1263    33.9479    33.9458    8.37259         30 0.0000e+00
    120.000    118.723    -1.3883  27.147299    -1.3869  27.146825     5.8263     5.9476     0.1021    98.3921 1.0000e-12  -74.13542 -110.65454  34.654856      99.97 1.7698e+03    438.565      10527  1027.8941  1027.8922     4.6675     0.0834     0.1244    33.9524    33.9501    8.37133         30 0.0000e+00
    121.000    119.713    -1.3869  27.149663    -1.3855  27.149274     5.8292     5.9570     0.0682    98.4525 1.0000e-12  -74.13542 -110.65454  34.654871      99.98 1.7706e+03    439.822      10557  1027.8997  1027.8979     4.6704     0.0868     0.1264    33.9534    33.9513    8.37094         31 0.0000e+00
    122.000    120.702    -1.3861  27.152542    -1.3850  27.152660     5.8340     5.9572     0.0676    98.3990 1.0000e-12  -74.13542 -110.65454  34.654885      99.97 1.7709e+03    441.086      10587  1027.9065  1027.9056     4.6679     0.0814     0.1309    33.9558    33.9547    8.37062         29 0.0000e+00
    123.000    121.691    -1.3863  27.154805    -1.3849  27.154970     5.8440     5.9593     0.1348    98.5734 1.0000e-12  -74.13542 -110.65454  34.654900      99.97 1.7705e+03    442.339      10617  1027.9135  1027.9124     4.6762     0.0815     0.1263    33.9585    33.9572    8.37050         31 0.0000e+00
    124.000    122.680    -1.3875  27.155075    -1.3861  27.155030     5.8570     5.9751     0.0988    98.4932 1.0000e-12  -74.13542 -110.65454  34.654914      99.97 1.7707e+03    443.595      10647  1027.9194  1027.9180     4.6724     0.0807     0.1246    33.9597    33.9580    8.37071         30 0.0000e+00
    125.000    123.669    -1.3910  27.154369    -1.3890  27.154425     5.8687     5.9898     0.1034    98.4677 1.0000e-12  -74.13542 -110.65454  34.654929      99.97 1.7716e+03    444.865      10678  1027.9263  1027.9245     4.6711     0.0855     0.1249    33.9620    33.9599    8.37135         28 0.0000e+00
    126.000    124.657    -1.3948  27.153130    -1.3936  27.152824     5.8754     6.0003     0.0830    98.3867 1.0000e-12  -74.13542 -110.65454  34.654944      99.97 1.7717e+03    446.123      10708  1027.9331  1027.9315     4.6673     0.0892     0.1255    33.9640    33.9622    8.37209         31 0.0000e+00
    127.000    125.648    -1.3975  27.152573    -1.3966  27.152052     5.8788     6.0024     0.0530    98.5317 1.0000e-12  -74.13542 -110.65454  34.654958      99.98 1.7712e+03    447.377      10738  1027.9394  1027.9379     4.6742     0.0861     0.1276    33.9657    33.9640    8.37260         30 0.0000e+00
    128.000    126.636    -1.3976  27.153222    -1.3959  27.153123     5.8868     6.0080     0.0954    98.5117 1.0000e-12  -74.13543 -110.65454  34.654973      99.98 1.7718e+03    448.633      10768  1027.9444  1027.9427     4.6732     0.0815     0.1273    33.9661    33.9640    8.37259         30 0.0000e+00
    129.000    127.625    -1.3985  27.153563    -1.3973  27.153048     5.8831     6.0066     0.0793    98.5038 1.0000e-12  -74.13543 -110.65454  34.654987      99.98 1.7725e+03    449.890      10798  1027.9500  1027.9483     4.6729     0.0834     0.1264    33.9669    33.9649    8.37274         30 0.0000e+00
    130.000    128.614    -1.3991  27.153617    -1.3962  27.154002     5.8902     6.0119     0.0982    98.5449 1.0000e-12  -74.13542 -110.65454  34.655002      99.97 1.7718e+03    451.143      10828  1027.9549  1027.9526     4.6748     0.0822     0.1248    33.9671    33.9644    8.37288         30 0.0000e+00
    131.000    129.603    -1.3977  27.155711    -1.3958  27.155442     5.9002     6.0195     0.0784    98.5601 1.0000e-12  -74.13544 -110.65454  34.655016      99.98 1.7727e+03    452.410      10859  1027.9601  1027.9580     4.6755     0.0814     0.1243    33.9677    33.9652    8.37251         31 0.0000e+00
    132.000    130.593    -1.4043  27.151019    -1.4021  27.151533     5.9007     6.0276     0.1675    98.5110 1.0000e-12  -74.13543 -110.65454  34.655031      99.68 1.7727e+03    453.678      10889  1027.9657  1027.9642     4.6732     0.0835     0.1281    33.9682    33.9664    8.37398         30 0.0000e+00
    133.000    131.582    -1.4048  27.151263    -1.4035  27.151043     5.9022     6.0293     0.0946    98.5415 1.0000e-12  -74.13543 -110.65454  34.655046      99.97 1.7736e+03    454.934      10919  1027.9707  1027.9692     4.6747     0.0859     0.1256    33.9684    33.9666    8.37407         30 0.0000e+00
    134.000    132.570    -1.4053  27.151418    -1.4039  27.151247     5.9062     6.0317     0.1270    98.5419 1.0000e-12  -74.13544 -110.65454  34.655060      99.97 1.7729e+03    456.199      10950  1027.9757  1027.9741     4.6746     0.0873     0.1252    33.9687    33.9668    8.37418         31 0.0000e+00
    135.000    133.558    -1.4065  27.150941    -1.4051  27.150779     5.9106     6.0394     0.1027    98.5615 1.0000e-12  -74.13542 -110.65454  34.655075      99.97 1.7722e+03    457.456      10980  1027.9806  1027.9790     4.6756     0.0839     0.1262    33.9687    33.9669    8.37445         29 0.0000e+00
    136.000    134.550    -1.4076  27.150568    -1.4052  27.151134     5.9151     6.0429     0.0874    98.6194 1.0000e-12  -74.13543 -110.65454  34.655089      99.97 1.7724e+03    458.700      11010  1027.9855  1027.9838     4.6784     0.0917     0.1252    33.9688    33.9668    8.37469         30 0.0000e+00
    137.000    135.537    -1.4094  27.149887    -1.4073  27.150051     5.9249     6.0427     0.0597    98.6266 1.0000e-12  -74.13543 -110.65453  34.655104      99.98 1.7729e+03    459.949      11040  1027.9907  1027.9889     4.6787     0.0787     0.1251    33.9692    33.9671    8.37505         30 0.0000e+00
    138.000    136.526    -1.4122  27.148659    -1.4104  27.148622     5.9237     6.0523     0.0894    98.6518 1.0000e-12  -74.13542 -110.65454  34.655118      99.97 1.7728e+03    461.207      11070  1027.9964  1027.9946     4.6799     0.0780     0.1242    33.9701    33.9680    8.37563         30 0.0000e+00
    139.000    137.516    -1.4132  27.148750    -1.4116  27.148659     5.9289     6.0595     0.0569    98.6315 1.0000e-12  -74.13544 -110.65452  34.655133      99.97 1.7717e+03    462.450      11100  1028.0018  1028.0001     4.6789     0.0836     0.1257    33.9708    33.9688    8.37583         30 0.0000e+00
    140.000    138.505    -1.4145  27.148336    -1.4132  27.148091     5.9343     6.0694     0.0785    98.6093 1.0000e-12  -74.13544 -110.65452  34.655147      99.97 1.7727e+03    463.705      11130  1028.0068  1028.0053     4.6779     0.0814     0.1252    33.9711    33.9693    8.37610         31 0.0000e+00
    141.000    139.494    -1.4170  27.147161    -1.4153  27.147149     5.9407     6.0727     0.0977    98.5556 1.0000e-12  -74.13544 -110.65453  34.655162      99.97 1.7737e+03    464.972      11160  1028.0122  1028.0106     4.6753     0.0846     0.1248    33.9716    33.9698    8.37662         30 0.0000e+00
    142.000    140.482    -1.4177  27.147130    -1.4161  27.146999     5.9431     6.0740     0.1024    98.6324 1.0000e-12  -74.13544 -110.65454  34.655176      99.97 1.7726e+03    466.227      11190  1028.0171  1028.0155     4.6789     0.0822     0.1225    33.9718    33.9698    8.37677         30 0.0000e+00
    143.000    141.472    -1.4189  27.146828    -1.4176  27.146588     5.9505     6.0698     0.0684    98.5886 1.0000e-12  -74.13544 -110.65454  34.655191      99.96 1.7736e+03    467.482      11221  1028.0222  1028.0207     4.6769     0.0894     0.1229    33.9721    33.9703    8.37702         30 0.0000e+00
    144.000    142.459    -1.4219  27.145554    -1.4204  27.145456     5.9576     6.0821     0.0651    98.5976 1.0000e-12  -74.13544 -110.65454  34.655205      99.97 1.7732e+03    468.749      11251  1028.0280  1028.0264     4.6773     0.0948     0.1270    33.9732    33.9713    8.37765         31 0.0000e+00
    145.000    143.449    -1.4225  27.145771    -1.4209  27.145559     5.9568     6.0777     0.0898    98.6211 1.0000e-12  -74.13544 -110.65454  34.655220      99.97 1.7722e+03    470.003      11281  1028.0331  1028.0313     4.6784     0.0785     0.1240    33.9735    33.9714    8.37776         30 0.0000e+00
    146.000    144.440    -1.4227  27.146162    -1.4210  27.145989     5.9493     6.0867     0.3271    98.2625 1.0000e-12  -74.13544 -110.65454  34.655234      99.98 1.7732e+03    471.256      11311  1028.0379  1028.0361     4.6614     0.0843     0.1224    33.9736    33.9714    8.37778         30 0.0000e+00
    147.000    145.427    -1.4228  27.146588    -1.4210  27.146502     5.9539     6.0857     0.0783    98.5825 1.0000e-12  -74.13544 -110.65454  34.655249      99.97 1.7740e+03    472.523      11342  1028.0428  1028.0411     4.6766     0.0845     0.1238    33.9737    33.9716    8.37781         30 0.0000e+00
    148.000    146.415    -1.4232  27.146894    -1.4215  27.146692     5.9541     6.0828     0.0753    98.5750 1.0000e-12  -74.13544 -110.65454  34.655264      99.98 1.7732e+03    473.775      11372  1028.0478  1028.0460     4.6763     0.0840     0.1250    33.9740    33.9718    8.37788         30 0.0000e+00
    149.000    147.406    -1.4243  27.146855    -1.4228  27.146725     5.9604     6.0872     0.0638    98.6394 1.0000e-12  -74.13544 -110.65454  34.655278      99.97 1.7725e+03    475.030      11402  1028.0531  1028.0515     4.6793     0.0798     0.1231    33.9745    33.9726    8.37809         31 0.0000e+00
    150.000    148.394    -1.4251  27.147249    -1.4235  27.147065     5.9658     6.0938     0.0701    98.6706 1.0000e-12  -74.13544 -110.65454  34.655293      99.98 1.7735e+03    476.292      11432  1028.0586  1028.0568     4.6807     0.0799     0.1235    33.9753    33.9733    8.37822         28 0.0000e+00
    151.000    149.383    -1.4246  27.148433    -1.4229  27.148322     5.9657     6.0998     0.0516    98.5753 1.0000e-12  -74.13544 -110.65454  34.655307      99.97 1.7735e+03    477.548      11462  1028.0637  1028.0619     4.6763     0.0847     0.1216    33.9758    33.9737    8.37809         30 0.0000e+00
    152.000    150.372    -1.4261  27.148388    -1.4245  27.148241     5.9729     6.1061     0.0833    98.6354 1.0000e-12  -74.13544 -110.65454  34.655322      99.98 1.7745e+03    478.800      11492  1028.0694  1028.0677     4.6790     0.0820     0.1233    33.9768    33.9748    8.37837         30 0.0000e+00
    153.000    151.360    -1.4278  27.148792    -1.4265  27.148613     5.9788     6.1077     0.0710    98.6326 1.0000e-12  -74.13544 -110.65454  34.655336      93.90 1.7733e+03    480.058      11522  1028.0758  1028.0743     4.6790     0.0848     0.1221    33.9787    33.9769    8.37864         30 0.0000e+00
    154.000    152.349    -1.4287  27.150646    -1.4271  27.150350     5.9855     6.1130     0.0609    98.6636 1.0000e-12  -74.13544 -110.65454  34.655351     100.00 1.7736e+03    481.318      11553  1028.0831  1028.0812     4.6804     0.0835     0.1233    33.9817    33.9794    8.37867         30 0.0000e+00
    155.000    153.339    -1.4275  27.153287    -1.4259  27.153258     5.9850     6.1210     0.0802    98.6600 1.0000e-12  -74.13544 -110.65454  34.655365      99.97 1.7744e+03    482.562      11582  1028.0891  1028.0875     4.6802     0.0871     0.1239    33.9833    33.9815    8.37830         30 0.0000e+00
    156.000    154.327    -1.4258  27.156547    -1.4243  27.156275     5.9845     6.1198     0.0770    98.5779 1.0000e-12  -74.13544 -110.65454  34.655380      99.98 1.7737e+03    483.821      11613  1028.0953  1028.0935     4.6764     0.0847     0.1234    33.9852    33.9831    8.37780         30 0.0000e+00
