ocean_section_plots/required_files/ctd/dnbp2202_ctd111.cnv
* Sea-Bird SBE 9 Data File:
* FileName = D:\Data\raw\NBP2202_CTD111.hex
* Software Version Seasave V 7.26.7.121
* Temperature SN = 1649
* Conductivity SN = 2513
* Number of Bytes Per Scan = 40
* Number of Voltage Words = 5
* Number of Scans Averaged by the Deck Unit = 1
* NMEA Latitude = 74 10.52 S
* NMEA Longitude = 113 20.65 W
* NMEA UTC (Time) = Jan 27 2022  07:15:07
* NMEA baud rate = 9600
** Ship: RVIB N.B. Palmer
** Cruise: NBP2202 Thwaites
** Station: YoYo001
** Operator: B. Bjork
# nquan = 25
# nvalues = 608                         
# units = specified
# name 0 = prDM: Pressure, Digiquartz [db]
# name 1 = depSM: Depth [salt water, m]
# name 2 = t090C: Temperature [ITS-90, deg C]
# name 3 = c0mS/cm: Conductivity [mS/cm]
# name 4 = t190C: Temperature, 2 [ITS-90, deg C]
# name 5 = c1mS/cm: Conductivity, 2 [mS/cm]
# name 6 = sbeox0ML/L: Oxygen, SBE 43 [ml/l]
# name 7 = sbeox1ML/L: Oxygen, SBE 43, 2 [ml/l]
# name 8 = flECO-AFL: Fluorescence, WET Labs ECO-AFL/FL [mg/m^3]
# name 9 = CStarTr0: Beam Transmission, WET Labs C-Star [%]
# name 10 = par: PAR/Irradiance, Biospherical/Licor
# name 11 = latitude: Latitude [deg]
# name 12 = longitude: Longitude [deg]
# name 13 = timeJ: Julian Days
# name 14 = altM: Altimeter [m]
# name 15 = spar: SPAR, Biospherical/Licor
# name 16 = timeS: Time, Elapsed [seconds]
# name 17 = scan: Scan Count
# name 18 = density00: Density [density, kg/m^3]
# name 19 = density11: Density, 2 [density, kg/m^3]
# name 20 = sal00: Salinity, Practical [PSU]
# name 21 = sal11: Salinity, Practical, 2 [PSU]
# name 22 = oxsolML/L: Oxygen Saturation, Garcia & Gordon [ml/l]
# name 23 = nbin: number of scans per bin
# name 24 = flag: flag
# span 0 =     10.000,    617.000       
# span 1 =      9.896,    609.702       
# span 2 =    -1.4677,     0.1231       
# span 3 =  26.970739,  28.961252       
# span 4 =    -1.4666,     0.1263       
# span 5 =  26.970510,  28.962393       
# span 6 =     4.6809,     8.4627       
# span 7 =     4.7384,     8.5598       
# span 8 =    -0.0224,    25.7213       
# span 9 =    67.3000,    95.5855       
# span 10 = -8.103e-08, 1.0727e+00      
# span 11 =  -74.17536,  -74.17536      
# span 12 = -113.34426, -113.34424      
# span 13 =  27.302473,  27.309873      
# span 14 =       7.40,     102.18      
# span 15 = 5.8142e+01, 6.4931e+01      
# span 16 =     26.634,    666.005      
# span 17 =        640,      15985      
# span 18 =  1027.2217,  1030.5284      
# span 19 =  1027.2216,  1030.5264      
# span 20 =    33.7890,    34.3911      
# span 21 =    33.7886,    34.3887      
# span 22 =    8.01862,    8.39703      
# span 23 =         16,         48      
# span 24 = 0.0000e+00, 0.0000e+00      
# interval = decibars: 1                
# start_time = Jan 27 2022 07:15:07 [NMEA time, header]
# bad_flag = -9.990e-29
*END*
     10.000      9.896    -0.9886  27.307829    -0.9925  27.304401     8.4627     8.5598    24.5159    68.4018 1.0727e+00  -74.17536 -113.34424  27.302473     102.18 5.9938e+01     26.634        640  1027.2217  1027.2216    33.7890    33.7886    8.29195         17 0.0000e+00
     11.000     10.886    -1.0613  27.251132    -1.0455  27.263146     8.2753     8.3505    25.0439    67.3000 7.8411e-01  -74.17536 -113.34424  27.302489      92.78 5.9938e+01     28.024        674  1027.2336  1027.2315    33.7928    33.7913    8.30781         34 0.0000e+00
     12.000     11.875    -1.0760  27.239910    -1.0756  27.239112     8.2468     8.2947    24.3308    68.3226 5.5377e-01  -74.17536 -113.34424  27.302505     100.02 5.9938e+01     29.404        707  1027.2392  1027.2380    33.7934    33.7918    8.31103         32 0.0000e+00
     13.000     12.864    -1.0783  27.238488    -1.0766  27.238665     8.2732     8.3041    25.7213    68.8521 3.9073e-01  -74.17536 -113.34424  27.302520      99.97 5.9938e+01     30.715        738  1027.2436  1027.2422    33.7935    33.7918    8.31154         31 0.0000e+00
     14.000     13.855    -1.0805  27.237419    -1.0779  27.238327     8.3146     8.3414    22.5500    68.3660 2.7693e-01  -74.17536 -113.34424  27.302535      99.98 5.9938e+01     32.000        769  1027.2484  1027.2469    33.7939    33.7921    8.31200         31 0.0000e+00
     15.000     14.843    -1.0788  27.239303    -1.0776  27.239166     8.3474     8.3708    23.1626    67.7612 1.9444e-01  -74.17536 -113.34424  27.302550      99.97 5.9938e+01     33.288        800  1027.2527  1027.2514    33.7939    33.7923    8.31163         31 0.0000e+00
     16.000     15.834    -1.0772  27.241386    -1.0759  27.241093     8.3384     8.3688    25.4068    69.0216 1.3412e-01  -74.17536 -113.34424  27.302564      99.98 5.9938e+01     34.557        830  1027.2574  1027.2559    33.7943    33.7925    8.31124         30 0.0000e+00
     17.000     16.823    -1.0778  27.241453    -1.0807  27.237991     8.2867     8.3249    24.7589    69.2229 8.9217e-02  -74.17536 -113.34424  27.302579      99.98 5.9938e+01     35.817        861  1027.2621  1027.2611    33.7944    33.7929    8.31136         30 0.0000e+00
     18.000     17.812    -1.0863  27.235139    -1.0894  27.231892     8.1832     8.2798    23.4117    70.6638 5.6463e-02  -74.17536 -113.34424  27.302593      99.99 5.9938e+01     37.074        891  1027.2675  1027.2669    33.7948    33.7938    8.31323         30 0.0000e+00
     19.000     18.804    -1.0989  27.225460    -1.0991  27.224589     8.1028     8.2040    22.7769    71.1501 3.0718e-02  -74.17536 -113.34424  27.302608      99.98 5.9938e+01     38.310        920  1027.2732  1027.2724    33.7952    33.7941    8.31601         29 0.0000e+00
     20.000     19.791    -1.1130  27.215459    -1.1135  27.213917     8.0159     8.1553    21.1247    71.6497 1.0719e-02  -74.17536 -113.34424  27.302622      99.93 5.9938e+01     39.507        949  1027.2799  1027.2787    33.7967    33.7952    8.31905         29 0.0000e+00
     21.000     20.782    -1.1206  27.210016    -1.1192  27.210237     7.9836     8.1543    22.9609    72.2431 2.0348e-04  -74.17536 -113.34424  27.302636      99.85 5.9938e+01     40.725        978  1027.2853  1027.2842    33.7972    33.7960    8.32070         30 0.0000e+00
     22.000     21.771    -1.1382  27.197200    -1.1377  27.196489     8.0638     8.2382    23.9390    72.9001 -8.103e-08  -74.17536 -113.34424  27.302650      99.90 5.9938e+01     41.959       1008  1027.2924  1027.2911    33.7989    33.7974    8.32452         29 0.0000e+00
     23.000     22.761    -1.1336  27.202059    -1.1115  27.217701     8.1488     8.3049    23.9859    71.8599 1.0000e-12  -74.17536 -113.34424  27.302664      99.92 5.9938e+01     43.160       1037  1027.2971  1027.2929    33.7997    33.7962    8.32344         29 0.0000e+00
     24.000     23.751    -1.0988  27.228574    -1.0936  27.230882     8.1539     8.3140    20.2906    71.7937 1.0000e-12  -74.17536 -113.34424  27.302678      99.93 5.9938e+01     44.369       1066  1027.2968  1027.2943    33.7962    33.7935    8.31593         29 0.0000e+00
     25.000     24.740    -1.1249  27.208468    -1.1091  27.219856     8.1783     8.3179    19.6568    73.2859 1.0000e-12  -74.17536 -113.34424  27.302692      99.98 5.9938e+01     45.592       1095  1027.3042  1027.3015    33.7975    33.7952    8.32165         29 0.0000e+00
     26.000     25.728    -1.0982  27.231071    -1.0947  27.231599     8.1071     8.2533    21.2100    73.8772 1.0000e-12  -74.17536 -113.34424  27.302706      99.89 5.9938e+01     46.775       1124  1027.3073  1027.3046    33.7976    33.7944    8.31570         28 0.0000e+00
     27.000     26.719    -1.1126  27.219059    -1.1057  27.223582     7.9417     8.1161    19.7682    72.5097 1.0000e-12  -74.17536 -113.34424  27.302719      99.94 5.9938e+01     47.952       1152  1027.3124  1027.3108    33.7968    33.7952    8.31894         29 0.0000e+00
     28.000     27.708    -1.1451  27.194471    -1.1367  27.199469     7.8385     8.0085    20.9904    73.2443 1.0000e-12  -74.17536 -113.34424  27.302734      99.98 5.9938e+01     49.179       1181  1027.3211  1027.3186    33.7993    33.7965    8.32604         30 0.0000e+00
     29.000     28.697    -1.1626  27.181657    -1.1611  27.181735     7.8000     7.9677    20.6750    73.1194 1.0000e-12  -74.17536 -113.34424  27.302747      99.95 5.9938e+01     50.378       1210  1027.3281  1027.3268    33.8009    33.7992    8.32984         28 0.0000e+00
     30.000     29.688    -1.1662  27.179145    -1.1630  27.180552     7.7823     7.9360    24.3893    73.2424 1.0000e-12  -74.17536 -113.34425  27.302761      99.76 5.9938e+01     51.544       1238  1027.3328  1027.3315    33.8008    33.7991    8.33063         28 0.0000e+00
     31.000     30.678    -1.1706  27.176102    -1.1699  27.175551     7.7690     7.9120    19.9646    73.9461 1.0000e-12  -74.17536 -113.34425  27.302775      99.82 5.9938e+01     52.732       1267  1027.3378  1027.3367    33.8009    33.7994    8.33160         28 0.0000e+00
     32.000     31.665    -1.1765  27.171931    -1.1745  27.172362     7.7475     7.8882    19.8974    75.2022 1.0000e-12  -74.17536 -113.34425  27.302788      99.70 5.9938e+01     53.917       1295  1027.3430  1027.3418    33.8013    33.7996    8.33289         28 0.0000e+00
     33.000     32.656    -1.1786  27.170838    -1.1783  27.169774     7.7194     7.8562    20.5655    74.3687 1.0000e-12  -74.17536 -113.34424  27.302802      99.89 5.9938e+01     55.067       1323  1027.3480  1027.3467    33.8015    33.7997    8.33335         28 0.0000e+00
     34.000     33.646    -1.1839  27.166694    -1.1872  27.162919     7.6953     7.8406    20.7945    74.9847 1.0000e-12  -74.17536 -113.34426  27.302815      99.79 5.9938e+01     56.247       1351  1027.3528  1027.3519    33.8012    33.7998    8.33455         29 0.0000e+00
     35.000     34.634    -1.1971  27.156262    -1.1955  27.156370     7.6934     7.8303    22.8352    74.3695 1.0000e-12  -74.17536 -113.34426  27.302829      99.75 5.9938e+01     57.439       1380  1027.3582  1027.3568    33.8012    33.7996    8.33749         28 0.0000e+00
     36.000     35.624    -1.1986  27.155340    -1.1991  27.153399     7.6951     7.8219    18.0557    73.0632 1.0000e-12  -74.17536 -113.34425  27.302842      99.77 5.9938e+01     58.590       1407  1027.3627  1027.3611    33.8010    33.7989    8.33785         28 0.0000e+00
     37.000     36.614    -1.1981  27.156350    -1.1984  27.154690     7.6924     7.8223    18.4271    72.9243 1.0000e-12  -74.17536 -113.34424  27.302856      99.76 6.0931e+01     59.754       1435  1027.3675  1027.3660    33.8012    33.7992    8.33772         28 0.0000e+00
     38.000     37.603    -1.2002  27.154844    -1.1977  27.156016     7.6846     7.8193    18.0808    74.5341 1.0000e-12  -74.17536 -113.34424  27.302870      99.79 6.0569e+01     60.933       1463  1027.3720  1027.3709    33.8009    33.7997    8.33820         28 0.0000e+00
     39.000     38.593    -1.2012  27.154602    -1.1997  27.154540     7.6793     7.8088    17.2234    75.5226 1.0000e-12  -74.17536 -113.34426  27.302883      99.83 6.0072e+01     62.075       1491  1027.3769  1027.3755    33.8011    33.7993    8.33842         27 0.0000e+00
     40.000     39.582    -1.2046  27.152262    -1.2022  27.153059     7.6799     7.7994    15.8665    75.2644 1.0000e-12  -74.17536 -113.34424  27.302895      99.71 6.1138e+01     63.171       1517  1027.3818  1027.3805    33.8010    33.7995    8.33917         24 0.0000e+00
     41.000     40.573    -1.2049  27.152295    -1.2026  27.153292     7.6787     7.8016    13.9766    75.1441 1.0000e-12  -74.17536 -113.34426  27.302906      99.69 6.0665e+01     64.092       1539  1027.3864  1027.3853    33.8008    33.7996    8.33925         22 0.0000e+00
     42.000     41.561    -1.2039  27.154065    -1.2023  27.153983     7.6719     7.8009    13.9696    75.3872 1.0000e-12  -74.17536 -113.34424  27.302917      99.59 6.0313e+01     65.041       1562  1027.3916  1027.3900    33.8015    33.7996    8.33899         24 0.0000e+00
     43.000     42.551    -1.2021  27.155736    -1.2022  27.154678     7.6578     7.7914    15.5187    75.9016 1.0000e-12  -74.17536 -113.34424  27.302929      99.57 6.1067e+01     66.084       1587  1027.3959  1027.3948    33.8011    33.7998    8.33861         25 0.0000e+00
     44.000     43.539    -1.2086  27.150492    -1.2085  27.149302     7.6445     7.7733    15.7457    76.0592 1.0000e-12  -74.17536 -113.34424  27.302941      96.09 6.1010e+01     67.110       1612  1027.4006  1027.3994    33.8006    33.7990    8.34009         23 0.0000e+00
     45.000     44.530    -1.2105  27.149833    -1.2093  27.149411     7.6251     7.7592    14.9857    75.4002 1.0000e-12  -74.17536 -113.34424  27.302951      96.38 6.0588e+01     68.002       1633  1027.4060  1027.4044    33.8013    33.7994    8.34048         22 0.0000e+00
     46.000     45.518    -1.2124  27.148614    -1.2087  27.150706     7.6105     7.7407    15.6655    75.7886 1.0000e-12  -74.17536 -113.34424  27.302963      99.60 6.0920e+01     68.985       1657  1027.4108  1027.4096    33.8011    33.7999    8.34091         25 0.0000e+00
     47.000     46.509    -1.2159  27.147003    -1.2150  27.146320     7.6024     7.7346    16.7747    77.7092 1.0000e-12  -74.17536 -113.34424  27.302975      99.72 6.1137e+01     70.040       1682  1027.4166  1027.4150    33.8023    33.8003    8.34163         25 0.0000e+00
     48.000     47.496    -1.2182  27.145607    -1.2174  27.145035     7.6003     7.7330    18.3391    76.1456 1.0000e-12  -74.17536 -113.34424  27.302987      99.54 6.1280e+01     71.098       1707  1027.4215  1027.4202    33.8023    33.8006    8.34214         25 0.0000e+00
     49.000     48.488    -1.2171  27.147141    -1.2167  27.146283     7.5999     7.7244    16.2609    75.9735 1.0000e-12  -74.17536 -113.34424  27.302999      99.79 6.1089e+01     72.155       1733  1027.4264  1027.4250    33.8025    33.8009    8.34187         26 0.0000e+00
     50.000     49.477    -1.2175  27.147367    -1.2167  27.146813     7.5503     7.6753    15.2350    76.6828 1.0000e-12  -74.17536 -113.34424  27.303011      99.53 6.1222e+01     73.161       1757  1027.4313  1027.4299    33.8027    33.8010    8.34196         22 0.0000e+00
     51.000     50.466    -1.2192  27.146669    -1.2156  27.148578     7.4579     7.5833    14.7310    76.8615 1.0000e-12  -74.17536 -113.34424  27.303021      99.68 6.1692e+01     74.044       1778  1027.4364  1027.4351    33.8030    33.8016    8.34232         22 0.0000e+00
     52.000     51.455    -1.2274  27.139894    -1.2271  27.139455     7.2801     7.4455    14.2812    77.3290 1.0000e-12  -74.17536 -113.34424  27.303033      99.48 6.1115e+01     75.018       1801  1027.4411  1027.4404    33.8023    33.8014    8.34418         24 0.0000e+00
     53.000     52.446    -1.2566  27.116844    -1.2551  27.117095     7.0679     7.2825    14.6858    76.6466 1.0000e-12  -74.17536 -113.34424  27.303045      99.50 6.1637e+01     76.070       1827  1027.4483  1027.4471    33.8032    33.8018    8.35067         26 0.0000e+00
     54.000     53.433    -1.3153  27.069089    -1.3124  27.072159     6.9702     7.1800    15.4145    78.6853 1.0000e-12  -74.17536 -113.34424  27.303057      99.48 6.1701e+01     77.143       1852  1027.4567  1027.4573    33.8033    33.8042    8.36381         26 0.0000e+00
     55.000     54.425    -1.3357  27.055364    -1.3301  27.058780     6.9594     7.1405    14.0732    77.9710 1.0000e-12  -74.17536 -113.34424  27.303069      99.33 6.1771e+01     78.198       1878  1027.4652  1027.4636    33.8069    33.8052    8.36817         25 0.0000e+00
     56.000     55.411    -1.3346  27.057301    -1.3339  27.056295     6.9348     7.1069    10.3345    77.4190 1.0000e-12  -74.17536 -113.34424  27.303082      99.33 6.1937e+01     79.244       1903  1027.4702  1027.4684    33.8077    33.8055    8.36787         23 0.0000e+00
     57.000     56.403    -1.3294  27.060431    -1.3205  27.066585     6.9174     7.0846    10.8943    78.0370 1.0000e-12  -74.17536 -113.34424  27.303092      99.34 6.1705e+01     80.131       1924  1027.4726  1027.4709    33.8054    33.8039    8.36682         22 0.0000e+00
     58.000     57.392    -1.3506  27.045054    -1.3488  27.045559     6.9494     7.0881     9.1339    79.6454 1.0000e-12  -74.17536 -113.34424  27.303103      99.16 6.1625e+01     81.077       1947  1027.4802  1027.4791    33.8077    33.8063    8.37146         23 0.0000e+00
     59.000     58.381    -1.3510  27.045255    -1.3493  27.045526     6.9965     7.1034     9.4876    80.8728 1.0000e-12  -74.17536 -113.34424  27.303115      99.37 6.2104e+01     82.096       1971  1027.4849  1027.4835    33.8078    33.8062    8.37154         26 0.0000e+00
     60.000     59.370    -1.3330  27.060773    -1.3363  27.056860     6.9700     7.0860    10.0500    79.9316 1.0000e-12  -74.17536 -113.34424  27.303127      99.38 6.1355e+01     83.157       1997  1027.4885  1027.4874    33.8080    33.8064    8.36748         25 0.0000e+00
     61.000     60.359    -1.3349  27.058204    -1.3350  27.056772     6.9341     7.0662    10.3901    79.5349 1.0000e-12  -74.17536 -113.34424  27.303139      99.44 6.2052e+01     84.205       2022  1027.4917  1027.4902    33.8061    33.8042    8.36803         25 0.0000e+00
     62.000     61.349    -1.3540  27.044350    -1.3513  27.045656     6.9363     7.0716    10.2417    79.9193 1.0000e-12  -74.17536 -113.34424  27.303151      99.42 6.2696e+01     85.262       2047  1027.4991  1027.4979    33.8081    33.8067    8.37221         25 0.0000e+00
     63.000     62.338    -1.3550  27.044200    -1.3522  27.045326     6.9776     7.0909     9.3575    81.8234 1.0000e-12  -74.17536 -113.34424  27.303163      99.34 6.1844e+01     86.237       2071  1027.5040  1027.5025    33.8083    33.8067    8.37240         21 0.0000e+00
     64.000     63.329    -1.3515  27.047791    -1.3489  27.048385     7.0105     7.1038     9.6486    81.7948 1.0000e-12  -74.17536 -113.34424  27.303173      99.44 6.2691e+01     87.118       2092  1027.5087  1027.5068    33.8087    33.8065    8.37160         23 0.0000e+00
     65.000     64.316    -1.3345  27.061613    -1.3362  27.059039     7.0164     7.1129    11.2491    82.1645 1.0000e-12  -74.17536 -113.34426  27.303184      99.39 6.2757e+01     88.101       2115  1027.5117  1027.5105    33.8078    33.8062    8.36784         25 0.0000e+00
     66.000     65.307    -1.3338  27.062185    -1.3348  27.060256     7.0142     7.1043    11.0877    82.4921 1.0000e-12  -74.17536 -113.34424  27.303196      99.36 6.1034e+01     89.144       2140  1027.5159  1027.5147    33.8072    33.8056    8.36772         25 0.0000e+00
