ocean_section_plots/required_files/ctd/dnbp2202_ctd025.cnv
* Sea-Bird SBE 9 Data File:
* FileName = D:\Data\raw\NBP2202_CTD025.hex
* Software Version Seasave V 7.26.7.121
* Temperature SN = 1649
* Conductivity SN = 2513
* Number of Bytes Per Scan = 40
* Number of Voltage Words = 5
* Number of Scans Averaged by the Deck Unit = 1
* NMEA Latitude = 74 13.97 S
* NMEA Longitude = 112 17.24 W
* NMEA UTC (Time) = Jan 21 2022  06:38:34
* NMEA baud rate = 9600
** Ship: RVIB N.B. Palmer
** Cruise: NBP2202 Thwaites
** Station: Tow-Yo #1
** Operator: B. Bjork
# nquan = 25
# nvalues = 1023                        
# units = specified
# name 0 = prDM: Pressure, Digiquartz [db]
# name 1 = depSM: Depth [salt water, m]
# name 2 = t090C: Temperature [ITS-90, deg C]
# name 3 = c0mS/cm: Conductivity [mS/cm]
# name 4 = t190C: Temperature, 2 [ITS-90, deg C]
# name 5 = c1mS/cm: Conductivity, 2 [mS/cm]
# name 6 = sbeox0ML/L: Oxygen, SBE 43 [ml/l]
# name 7 = sbeox1ML/L: Oxygen, SBE 43, 2 [ml/l]
# name 8 = flECO-AFL: Fluorescence, WET Labs ECO-AFL/FL [mg/m^3]
# name 9 = CStarTr0: Beam Transmission, WET Labs C-Star [%]
# name 10 = par: PAR/Irradiance, Biospherical/Licor
# name 11 = latitude: Latitude [deg]
# name 12 = longitude: Longitude [deg]
# name 13 = timeJ: Julian Days
# name 14 = altM: Altimeter [m]
# name 15 = spar: SPAR, Biospherical/Licor
# name 16 = timeS: Time, Elapsed [seconds]
# name 17 = scan: Scan Count
# name 18 = density00: Density [density, kg/m^3]
# name 19 = density11: Density, 2 [density, kg/m^3]
# name 20 = sal00: Salinity, Practical [PSU]
# name 21 = sal11: Salinity, Practical, 2 [PSU]
# name 22 = oxsolML/L: Oxygen Saturation, Garcia & Gordon [ml/l]
# name 23 = nbin: number of scans per bin
# name 24 = flag: flag
# span 0 =      2.000,   1024.000       
# span 1 =      1.982,   1010.902       
# span 2 =    -1.4603,     0.5162       
# span 3 =  27.073409,  29.595853       
# span 4 =    -1.4592,     0.5184       
# span 5 =  27.073362,  29.595709       
# span 6 =     4.5813,     7.7842       
# span 7 =     4.8222,     8.2403       
# span 8 =    -0.0163,    12.7222       
# span 9 =    79.3261,    98.2490       
# span 10 = -2.070e-06, 1.0716e+02      
# span 11 =  -74.23296,  -74.23200      
# span 12 = -112.28696, -112.27465      
# span 13 =  21.282011,  21.299080      
# span 14 =       8.23,     100.04      
# span 15 = 5.1022e+02, 5.4778e+02      
# span 16 =    451.769,   1926.545      
# span 17 =      10843,      46238      
# span 18 =  1027.1974,  1032.5266      
# span 19 =  1027.1968,  1032.5245      
# span 20 =    33.8015,    34.5500      
# span 21 =    33.8006,    34.5476      
# span 22 =    7.92843,    8.38675      
# span 23 =         12,         48      
# span 24 = 0.0000e+00, 0.0000e+00      
# interval = decibars: 1                
# start_time = Jan 21 2022 06:38:34 [NMEA time, header]
# bad_flag = -9.990e-29
*END*
[from data line 986]
    988.000    975.452     0.5126  29.576847     0.5145  29.576754     4.5861     4.8296     0.0046    97.8659 1.0000e-12  -74.23202 -112.27536  21.298092      39.91 5.1300e+02   1841.129      44188  1032.3592  1032.3572    34.5493    34.5471    7.92921         34 0.0000e+00
    989.000    976.437     0.5128  29.577492     0.5147  29.577460     4.5828     4.8338    -0.0004    97.8657 1.0000e-12  -74.23202 -112.27534  21.298110      39.11 5.1300e+02   1842.713      44226  1032.3638  1032.3619    34.5493    34.5472    7.92916         35 0.0000e+00
    990.000    977.421     0.5128  29.577803     0.5147  29.577840     4.5841     4.8326    -0.0004    97.8722 1.0000e-12  -74.23202 -112.27534  21.298128      38.14 5.1300e+02   1844.289      44264  1032.3684  1032.3666    34.5493    34.5472    7.92918         37 0.0000e+00
    991.000    978.407     0.5127  29.578211     0.5145  29.578104     4.5845     4.8314     0.0034    97.8421 1.0000e-12  -74.23202 -112.27532  21.298147      37.33 5.1300e+02   1845.880      44302  1032.3730  1032.3712    34.5493    34.5471    7.92918         36 0.0000e+00
    992.000    979.392     0.5127  29.578746     0.5147  29.578644     4.5865     4.8320     0.0056    97.8431 1.0000e-12  -74.23202 -112.27530  21.298165      36.28 5.1300e+02   1847.473      44340  1032.3779  1032.3758    34.5494    34.5471    7.92918         39 0.0000e+00
    993.000    980.376     0.5129  29.579248     0.5147  29.579160     4.5850     4.8335     0.0031    97.7356 1.0000e-12  -74.23202 -112.27530  21.298184      35.26 5.1300e+02   1849.053      44378  1032.3824  1032.3805    34.5493    34.5471    7.92915         38 0.0000e+00
    994.000    981.361     0.5129  29.579580     0.5147  29.579487     4.5844     4.8333     0.0072    97.8063 1.0000e-12  -74.23202 -112.27528  21.298202      34.40 5.1279e+02   1850.623      44416  1032.3870  1032.3851    34.5492    34.5470    7.92916         35 0.0000e+00
    995.000    982.346     0.5131  29.580360     0.5150  29.580225     4.5847     4.8337     0.0112    97.8032 1.0000e-12  -74.23202 -112.27526  21.298220      33.38 5.1236e+02   1852.204      44454  1032.3917  1032.3898    34.5494    34.5471    7.92910         36 0.0000e+00
    996.000    983.331     0.5131  29.580751     0.5150  29.580680     4.5819     4.8343     0.0071    97.8676 1.0000e-12  -74.23202 -112.27525  21.298238      32.53 5.1300e+02   1853.792      44492  1032.3963  1032.3945    34.5493    34.5472    7.92910         39 0.0000e+00
    997.000    984.316     0.5133  29.581325     0.5151  29.581178     4.5853     4.8336     0.0085    97.7847 1.0000e-12  -74.23202 -112.27524  21.298258      31.60 5.1399e+02   1855.492      44533  1032.4010  1032.3990    34.5493    34.5471    7.92907         38 0.0000e+00
    998.000    985.298     0.5132  29.581884     0.5154  29.581866     4.5875     4.8265    -0.0006    97.8477 1.0000e-12  -74.23202 -112.27522  21.298281      30.48 5.1334e+02   1857.449      44580  1032.4058  1032.4037    34.5495    34.5472    7.92907         36 0.0000e+00
    999.000    986.288     0.5132  29.582072     0.5152  29.581967     4.5853     4.8308     0.0090    97.8433 1.0000e-12  -74.23202 -112.27521  21.298305      29.66 5.1302e+02   1859.530      44630  1032.4102  1032.4082    34.5493    34.5470    7.92909         44 0.0000e+00
   1000.000    987.272     0.5130  29.582410     0.5152  29.582355     4.5849     4.8314     0.0025    97.8410 1.0000e-12  -74.23202 -112.27518  21.298330      28.87 5.1300e+02   1861.669      44681  1032.4150  1032.4128    34.5494    34.5469    7.92913         34 0.0000e+00
   1001.000    988.255     0.5132  29.582953     0.5153  29.582966     4.5853     4.8348     0.0055    97.7952 1.0000e-12  -74.23202 -112.27517  21.298354      27.76 5.1238e+02   1863.781      44732  1032.4196  1032.4175    34.5493    34.5470    7.92909         40 0.0000e+00
   1002.000    989.242     0.5134  29.583699     0.5155  29.583726     4.5876     4.8321     0.0047    97.8226 1.0000e-12  -74.23202 -112.27515  21.298379      26.94 5.1217e+02   1865.913      44783  1032.4243  1032.4223    34.5495    34.5471    7.92903         40 0.0000e+00
   1003.000    990.224     0.5135  29.584301     0.5156  29.584258     4.5838     4.8325     0.0026    97.8760 1.0000e-12  -74.23202 -112.27513  21.298403      26.06 5.1243e+02   1868.011      44833  1032.4290  1032.4270    34.5496    34.5472    7.92901         34 0.0000e+00
   1004.000    991.210     0.5137  29.584838     0.5156  29.584689     4.5869     4.8332     0.0068    97.8576 1.0000e-12  -74.23202 -112.27512  21.298427      25.15 5.1295e+02   1870.111      44884  1032.4336  1032.4316    34.5495    34.5472    7.92897         44 0.0000e+00
   1005.000    992.195     0.5137  29.585285     0.5157  29.585192     4.5879     4.8345     0.0074    97.8654 1.0000e-12  -74.23202 -112.27509  21.298452      24.18 5.1280e+02   1872.219      44934  1032.4383  1032.4362    34.5495    34.5472    7.92898         42 0.0000e+00
   1006.000    993.182     0.5141  29.586090     0.5162  29.586161     4.5830     4.8289     0.0143    97.8594 1.0000e-12  -74.23202 -112.27507  21.298477      23.54 5.1157e+02   1874.387      44986  1032.4430  1032.4409    34.5496    34.5473    7.92889         41 0.0000e+00
   1007.000    994.166     0.5142  29.586749     0.5162  29.586593     4.5842     4.8256     0.0069    97.8519 1.0000e-12  -74.23202 -112.27505  21.298502      22.55 5.1124e+02   1876.536      45038  1032.4477  1032.4456    34.5497    34.5473    7.92885         40 0.0000e+00
   1008.000    995.150     0.5143  29.587201     0.5164  29.587149     4.5833     4.8300     0.0069    97.8249 1.0000e-12  -74.23201 -112.27504  21.298525      21.68 5.1124e+02   1878.601      45087  1032.4523  1032.4502    34.5497    34.5473    7.92884         38 0.0000e+00
   1009.000    996.135     0.5148  29.588144     0.5170  29.588185     4.5819     4.8300     0.0036    97.8313 1.0000e-12  -74.23200 -112.27502  21.298550      20.75 5.1186e+02   1880.710      45138  1032.4570  1032.4549    34.5498    34.5474    7.92873         40 0.0000e+00
   1010.000    997.119     0.5153  29.589030     0.5173  29.588955     4.5830     4.8311     0.0056    97.8462 1.0000e-12  -74.23200 -112.27500  21.298575      19.94 5.1161e+02   1882.845      45189  1032.4616  1032.4596    34.5497    34.5475    7.92862         37 0.0000e+00
   1011.000    998.105     0.5152  29.589311     0.5173  29.589425     4.5841     4.8303     0.0034    97.8524 1.0000e-12  -74.23200 -112.27498  21.298599      18.98 5.1123e+02   1884.938      45240  1032.4663  1032.4643    34.5498    34.5475    7.92866         42 0.0000e+00
   1012.000    999.090     0.5153  29.590011     0.5175  29.590000     4.5836     4.8283     0.0112    97.8167 1.0000e-12  -74.23200 -112.27497  21.298623      18.10 5.1124e+02   1887.013      45289  1032.4710  1032.4689    34.5499    34.5475    7.92861         46 0.0000e+00
   1013.000   1000.074     0.5154  29.590489     0.5175  29.590519     4.5847     4.8321     0.0053    97.8331 1.0000e-12  -74.23200 -112.27496  21.298647      17.14 5.1124e+02   1889.101      45339  1032.4756  1032.4736    34.5499    34.5476    7.92860         39 0.0000e+00
   1014.000   1001.058     0.5155  29.591043     0.5176  29.590977     4.5829     4.8281     0.0123    97.8350 1.0000e-12  -74.23200 -112.27494  21.298671      16.33 5.1124e+02   1891.203      45390  1032.4803  1032.4782    34.5499    34.5475    7.92857         42 0.0000e+00
   1015.000   1002.045     0.5156  29.591427     0.5177  29.591378     4.5848     4.8281     0.0080    97.8503 1.0000e-12  -74.23201 -112.27491  21.298704      15.55 5.1102e+02   1894.027      45458  1032.4848  1032.4828    34.5498    34.5474    7.92857         35 0.0000e+00
   1016.000   1003.030     0.5157  29.591915     0.5178  29.591792     4.5831     4.8277     0.0027    97.7771 1.0000e-12  -74.23202 -112.27488  21.298744      14.71 5.1064e+02   1897.471      45540  1032.4895  1032.4873    34.5498    34.5472    7.92855         35 0.0000e+00
   1017.000   1004.014     0.5157  29.592486     0.5179  29.592318     4.5815     4.8290     0.0062    97.8435 1.0000e-12  -74.23202 -112.27486  21.298779      13.90 5.1036e+02   1900.463      45612  1032.4942  1032.4920    34.5499    34.5473    7.92854         36 0.0000e+00
   1018.000   1004.999     0.5157  29.592964     0.5180  29.592808     4.5813     4.8307     0.0065    97.8377 1.0000e-12  -74.23202 -112.27483  21.298811      13.11 5.1026e+02   1903.297      45680  1032.4989  1032.4966    34.5500    34.5473    7.92854         36 0.0000e+00
   1019.000   1005.984     0.5158  29.593443     0.5180  29.593292     4.5840     4.8300     0.0031    97.8464 1.0000e-12  -74.23202 -112.27481  21.298844      12.31 5.1102e+02   1906.165      45749  1032.5035  1032.5013    34.5499    34.5473    7.92851         36 0.0000e+00
   1020.000   1006.968     0.5158  29.593810     0.5180  29.593697     4.5817     4.8222     0.0068    97.8613 1.0000e-12  -74.23202 -112.27480  21.298878      11.47 5.1096e+02   1909.057      45818  1032.5081  1032.5059    34.5499    34.5473    7.92853         32 0.0000e+00
   1021.000   1007.952     0.5158  29.594227     0.5181  29.594259     4.5837     4.8293     0.0086    97.8547 1.0000e-12  -74.23202 -112.27476  21.298910      10.69 5.1059e+02   1911.868      45886  1032.5127  1032.5105    34.5498    34.5474    7.92852         35 0.0000e+00
   1022.000   1008.938     0.5160  29.594821     0.5184  29.594973     4.5832     4.8267     0.0065    97.8425 1.0000e-12  -74.23202 -112.27474  21.298945       9.82 5.1122e+02   1914.840      45957  1032.5173  1032.5152    34.5498    34.5474    7.92848         32 0.0000e+00
   1023.000   1009.921     0.5162  29.595526     0.5184  29.595407     4.5830     4.8261     0.0042    97.8591 1.0000e-12  -74.23202 -112.27471  21.298978       9.02 5.1058e+02   1917.698      46026  1032.5221  1032.5198    34.5499    34.5473    7.92843         35 0.0000e+00
   1024.000   1010.902     0.5162  29.595853     0.5183  29.595709     4.5840     4.8361     0.0071    97.8241 1.0000e-12  -74.23204 -112.27465  21.299080       8.23 5.1022e+02   1926.545      46238  1032.5266  1032.5245    34.5498    34.5473    7.92844         16 0.0000e+00
