ocean_section_plots/required_files/ctd/dnbp2202_ctd253.cnv
* Sea-Bird SBE 9 Data File:
* FileName = D:\Data\raw\NBP2202_CTD253.hex
* Software Version Seasave V 7.26.7.121
* Temperature SN = 1649
* Conductivity SN = 2513
* Number of Bytes Per Scan = 40
* Number of Voltage Words = 5
* Number of Scans Averaged by the Deck Unit = 1
* NMEA Latitude = 74 00.88 S
* NMEA Longitude = 117 52.23 W
* NMEA UTC (Time) = Feb 15 2022  17:08:04
* NMEA baud rate = 9600
** Ship: RVIB N.B. Palmer
** Cruise: NBP2202 Thwaites
** Station: 161
** Operator: A. Robinson
# nquan = 28
# nvalues = 979                         
# units = specified
# name 0 = prDM: Pressure, Digiquartz [db]
# name 1 = depSM: Depth [salt water, m]
# name 2 = t090C: Temperature [ITS-90, deg C]
# name 3 = c0mS/cm: Conductivity [mS/cm]
# name 4 = t190C: Temperature, 2 [ITS-90, deg C]
# name 5 = c1mS/cm: Conductivity, 2 [mS/cm]
# name 6 = sbeox0ML/L: Oxygen, SBE 43 [ml/l]
# name 7 = sbeox1ML/L: Oxygen, SBE 43, 2 [ml/l]
# name 8 = flECO-AFL: Fluorescence, WET Labs ECO-AFL/FL [mg/m^3]
# name 9 = CStarTr0: Beam Transmission, WET Labs C-Star [%]
# name 10 = par: PAR/Irradiance, Biospherical/Licor
# name 11 = latitude: Latitude [deg]
# name 12 = longitude: Longitude [deg]
# name 13 = timeJ: Julian Days
# name 14 = altM: Altimeter [m]
# name 15 = spar: SPAR, Biospherical/Licor
# name 16 = timeS: Time, Elapsed [seconds]
# name 17 = scan: Scan Count
# name 18 = density00: Density [density, kg/m^3]
# name 19 = density11: Density, 2 [density, kg/m^3]
# name 20 = v3: Voltage 3
# name 21 = v4: Voltage 4
# name 22 = v5: Voltage 5
# name 23 = sal00: Salinity, Practical [PSU]
# name 24 = sal11: Salinity, Practical, 2 [PSU]
# name 25 = oxsolML/L: Oxygen Saturation, Garcia & Gordon [ml/l]
# name 26 = nbin: number of scans per bin
# name 27 = flag: flag
# span 0 =      2.000,    980.000       
# span 1 =      1.956,    967.587       
# span 2 =    -1.7653,     0.6801       
# span 3 =  27.012256,  29.733692       
# span 4 =    -1.7645,     0.6825       
# span 5 =  27.012152,  29.733793       
# span 6 =     4.6297,     8.8481       
# span 7 =     4.7393,     9.0137       
# span 8 =     0.0138,     9.0336       
# span 9 =    85.9917,    96.5920       
# span 10 = -3.644e-05, 2.6732e+02      
# span 11 =  -74.01468,  -74.01466      
# span 12 = -117.87053, -117.87049      
# span 13 =  46.716720,  46.730871      
# span 14 =       4.08,     100.04      
# span 15 = 5.7064e+02, 6.2570e+02      
# span 16 =    240.550,   1463.291      
# span 17 =       5774,      35120      
# span 18 =  1027.1880,  1032.3249      
# span 19 =  1027.1896,  1032.3225      
# span 20 =     4.0796,     4.5822      
# span 21 =     0.0669,     1.8746      
# span 22 =     0.1112,     0.2270      
# span 23 =    33.8332,    34.5717      
# span 24 =    33.8332,    34.5691      
# span 25 =    7.89379,    8.44779      
# span 26 =          1,         45      
# span 27 = 0.0000e+00, 0.0000e+00      
# interval = decibars: 1                
# start_time = Feb 15 2022 17:08:04 [NMEA time, header]
# bad_flag = -9.990e-29
*END*
[from data line 467]
    469.000    463.626    -1.0671  27.774880    -1.0642  27.775132     5.7251     5.8853     0.4828    95.3893 1.0000e-12  -74.01468 -117.87050  46.723870      97.86 5.9486e+02    858.333      20601  1029.7712  1029.7686     4.5252     0.1766     0.1476    34.2313    34.2284    8.28333         25 0.0000e+00
    470.000    464.610    -1.0553  27.786429    -1.0534  27.785763     5.7162     5.8765     0.3718    95.2280 1.0000e-12  -74.01468 -117.87050  46.723881      79.16 5.9424e+02    859.345      20625  1029.7767  1029.7741     4.5175     0.1543     0.1232    34.2330    34.2299    8.28062         24 0.0000e+00
    471.000    465.599    -1.0505  27.790793    -1.0485  27.790504     5.7063     5.8705     0.5477    95.0831 1.0000e-12  -74.01468 -117.87050  46.723893      91.84 5.9487e+02    860.379      20650  1029.7814  1029.7791     4.5107     0.1356     0.1233    34.2330    34.2303    8.27958         25 0.0000e+00
    472.000    466.587    -1.0487  27.793153    -1.0468  27.792561     5.7007     5.8704     0.2533    95.2777 1.0000e-12  -74.01468 -117.87050  46.723905      99.37 5.9501e+02    861.431      20675  1029.7867  1029.7842     4.5200     0.1281     0.1210    34.2335    34.2306    8.27915         25 0.0000e+00
    473.000    467.575    -1.0471  27.794804    -1.0452  27.794455     5.6968     5.8649     0.5519    95.5166 1.0000e-12  -74.01468 -117.87050  46.723917      99.87 5.9463e+02    862.413      20699  1029.7914  1029.7892     4.5311     0.1330     0.1216    34.2334    34.2306    8.27881         23 0.0000e+00
    474.000    468.560    -1.0433  27.799219    -1.0414  27.798652     5.6830     5.8483     0.5115    95.4443 1.0000e-12  -74.01468 -117.87050  46.723928      99.86 5.9505e+02    863.361      20722  1029.7970  1029.7945     4.5278     0.1712     0.1277    34.2344    34.2315    8.27790         22 0.0000e+00
    475.000    469.548    -1.0350  27.808139    -1.0313  27.809110     5.6699     5.8334     0.6625    95.3220 1.0000e-12  -74.01468 -117.87050  46.723938      99.87 5.9560e+02    864.255      20743  1029.8030  1029.8004     4.5220     0.2078     0.1450    34.2365    34.2336    8.27595         21 0.0000e+00
    476.000    470.537    -1.0095  27.832863    -1.0053  27.834189     5.6629     5.8257     0.9480    95.2215 1.0000e-12  -74.01468 -117.87052  46.723949      99.87 5.9487e+02    865.149      20765  1029.8092  1029.8065     4.5172     0.1352     0.1242    34.2406    34.2376    8.27009         23 0.0000e+00
    477.000    471.523    -0.9985  27.843199    -0.9965  27.842577     5.6544     5.8139     0.9676    95.2043 1.0000e-12  -74.01468 -117.87050  46.723960      99.87 5.9576e+02    866.149      20789  1029.8141  1029.8115     4.5164     0.1127     0.1215    34.2415    34.2384    8.26761         25 0.0000e+00
    478.000    472.511    -0.9938  27.848339    -0.9916  27.847997     5.6525     5.8034     0.4144    95.3734 1.0000e-12  -74.01468 -117.87052  46.723972      99.87 5.9585e+02    867.200      20814  1029.8196  1029.8171     4.5244     0.1612     0.1212    34.2425    34.2396    8.26651         24 0.0000e+00
    479.000    473.498    -0.9845  27.858051    -0.9821  27.858006     5.6486     5.8009     0.5310    95.3475 1.0000e-12  -74.01468 -117.87050  46.723984      99.87 5.9585e+02    868.198      20838  1029.8256  1029.8232     4.5232     0.1310     0.1212    34.2446    34.2418    8.26435         24 0.0000e+00
    480.000    474.486    -0.9810  27.861835    -0.9784  27.862158     5.6429     5.8010     0.3232    95.3830 1.0000e-12  -74.01468 -117.87052  46.723995      99.87 5.9585e+02    869.166      20861  1029.8307  1029.8285     4.5249     0.1166     0.1221    34.2451    34.2427    8.26354         23 0.0000e+00
    481.000    475.472    -0.9785  27.864911    -0.9755  27.865441     5.6304     5.7889     0.7707    95.1659 1.0000e-12  -74.01468 -117.87050  46.724007      99.87 5.9585e+02    870.172      20885  1029.8361  1029.8337     4.5145     0.1950     0.1239    34.2459    34.2432    8.26296         25 0.0000e+00
    482.000    476.460    -0.9731  27.870959    -0.9711  27.870274     5.6329     5.7942     0.2521    95.2558 1.0000e-12  -74.01468 -117.87052  46.724018      99.87 5.9585e+02    871.192      20910  1029.8418  1029.8392     4.5189     0.1446     0.1261    34.2474    34.2442    8.26168         24 0.0000e+00
    483.000    477.448    -0.9686  27.875501    -0.9664  27.875202     5.6243     5.7834     0.5036    95.3032 1.0000e-12  -74.01468 -117.87050  46.724030      87.46 5.9585e+02    872.197      20934  1029.8468  1029.8444     4.5211     0.1185     0.1172    34.2478    34.2450    8.26067         24 0.0000e+00
    484.000    478.434    -0.9642  27.880410    -0.9619  27.880153     5.5958     5.7559     0.4004    95.3186 1.0000e-12  -74.01468 -117.87052  46.724042      90.54 5.9585e+02    873.222      20958  1029.8523  1029.8498     4.5219     0.1262     0.1220    34.2489    34.2460    8.25964         25 0.0000e+00
    485.000    479.422    -0.9489  27.896954    -0.9419  27.900468     5.5722     5.7324     0.3611    95.4557 1.0000e-12  -74.01468 -117.87050  46.724054      98.66 5.9585e+02    874.242      20983  1029.8596  1029.8565     4.5282     0.1292     0.1231    34.2535    34.2502    8.25603         24 0.0000e+00
    486.000    480.410    -0.8879  27.952199    -0.8849  27.952004     5.5603     5.7281     0.5561    95.2724 1.0000e-12  -74.01468 -117.87052  46.724065      99.87 5.9585e+02    875.231      21007  1029.8638  1029.8607     4.5196     0.1160     0.1194    34.2585    34.2549    8.24234         24 0.0000e+00
    487.000    481.398    -0.8851  27.955115    -0.8825  27.955073     5.5417     5.7044     0.5805    95.3412 1.0000e-12  -74.01468 -117.87050  46.724077      99.87 5.9585e+02    876.243      21031  1029.8688  1029.8663     4.5229     0.1219     0.1213    34.2587    34.2557    8.24172         24 0.0000e+00
    488.000    482.384    -0.8703  27.969519    -0.8680  27.968581     5.5218     5.6907     0.4224    95.5279 1.0000e-12  -74.01468 -117.87052  46.724089      99.87 5.9585e+02    877.258      21055  1029.8745  1029.8713     4.5317     0.1560     0.1212    34.2609    34.2571    8.23836         25 0.0000e+00
    489.000    483.372    -0.8446  27.994846    -0.8392  27.997066     5.5027     5.6702     0.3570    95.4565 1.0000e-12  -74.01468 -117.87050  46.724100      99.87 5.9585e+02    878.241      21079  1029.8812  1029.8783     4.5283     0.1550     0.1239    34.2655    34.2623    8.23248         23 0.0000e+00
    490.000    484.359    -0.8056  28.031262    -0.8017  28.032141     5.4787     5.6424     0.4488    95.1335 1.0000e-12  -74.01468 -117.87052  46.724112      99.87 5.9585e+02    879.231      21103  1029.8868  1029.8839     4.5131     0.1407     0.1277    34.2700    34.2667    8.22371         24 0.0000e+00
    491.000    485.347    -0.7837  28.053515    -0.7815  28.052088     5.4524     5.6106     0.7948    95.5679 1.0000e-12  -74.01468 -117.87050  46.724123      99.87 5.9585e+02    880.235      21127  1029.8940  1029.8903     4.5337     0.1777     0.1270    34.2747    34.2702    8.21867         24 0.0000e+00
    492.000    486.335    -0.7380  28.095622    -0.7335  28.096411     5.4375     5.6014     1.0832    95.5719 1.0000e-12  -74.01468 -117.87052  46.724134      99.87 5.9585e+02    881.221      21150  1029.8991  1029.8955     4.5338     0.1099     0.1217    34.2792    34.2751    8.20846         24 0.0000e+00
    493.000    487.320    -0.7134  28.118046    -0.7113  28.117027     5.4316     5.5967     0.8127    95.3044 1.0000e-12  -74.01468 -117.87050  46.724146      99.87 5.9585e+02    882.233      21175  1029.9038  1029.9008     4.5212     0.1143     0.1202    34.2809    34.2772    8.20300         25 0.0000e+00
    494.000    488.308    -0.7075  28.123600    -0.7070  28.121429     5.4133     5.5751     0.6469    95.2618 1.0000e-12  -74.01468 -117.87052  46.724158      99.87 5.9585e+02    883.274      21200  1029.9090  1029.9061     4.5191     0.1623     0.1241    34.2812    34.2777    8.20172         24 0.0000e+00
    495.000    489.296    -0.6883  28.142136    -0.6889  28.138796     5.3932     5.5515     0.4237    95.3212 1.0000e-12  -74.01468 -117.87050  46.724170      99.87 5.9585e+02    884.287      21224  1029.9148  1029.9118     4.5220     0.1778     0.1269    34.2839    34.2801    8.19740         25 0.0000e+00
    496.000    490.282    -0.6524  28.177241    -0.6432  28.181807     5.3800     5.5315     0.8617    95.4423 1.0000e-12  -74.01468 -117.87052  46.724182      99.87 5.9585e+02    885.291      21248  1029.9220  1029.9179     4.5277     0.1583     0.1231    34.2900    34.2858    8.18926         23 0.0000e+00
    497.000    491.272    -0.6238  28.202514    -0.6202  28.203182     5.3689     5.5226     0.5996    95.4816 1.0000e-12  -74.01468 -117.87050  46.724193      79.10 5.9585e+02    886.291      21272  1029.9258  1029.9230     4.5296     0.2231     0.1418    34.2911    34.2879    8.18301         24 0.0000e+00
    498.000    492.256    -0.6172  28.209372    -0.6138  28.209696     5.3563     5.5236     0.5347    95.6436 1.0000e-12  -74.01468 -117.87050  46.724204      95.93 5.9585e+02    887.263      21295  1029.9315  1029.9285     4.5373     0.1260     0.1213    34.2922    34.2889    8.18151         24 0.0000e+00
    499.000    493.246    -0.6057  28.220143    -0.6033  28.219472     5.3441     5.5109     0.4287    95.4783 1.0000e-12  -74.01468 -117.87050  46.724216      99.85 5.9585e+02    888.266      21319  1029.9365  1029.9336     4.5294     0.1084     0.1188    34.2931    34.2896    8.17897         24 0.0000e+00
    500.000    494.231    -0.5933  28.232013    -0.5885  28.233386     5.3230     5.4894     0.2284    95.6407 1.0000e-12  -74.01468 -117.87052  46.724228      99.86 5.9585e+02    889.304      21344  1029.9418  1029.9387     4.5371     0.1996     0.1200    34.2945    34.2910    8.17622         25 0.0000e+00
    501.000    495.220    -0.5501  28.273584    -0.5471  28.272053     5.2915     5.4530     0.3783    95.3815 1.0000e-12  -74.01468 -117.87050  46.724240      99.87 5.9585e+02    890.302      21368  1029.9486  1029.9441     4.5248     0.1072     0.1195    34.3010    34.2956    8.16653         23 0.0000e+00
    502.000    496.207    -0.5111  28.309290    -0.5081  28.308527     5.2697     5.4232     0.6419    95.5467 1.0000e-12  -74.01468 -117.87050  46.724251      99.88 5.9585e+02    891.273      21392  1029.9533  1029.9496     4.5326     0.1021     0.1210    34.3043    34.3000    8.15794         24 0.0000e+00
    503.000    497.191    -0.4573  28.362037    -0.4538  28.361173     5.2659     5.4141     0.4225    95.5748 1.0000e-12  -74.01468 -117.87050  46.724262      99.87 5.9585e+02    892.260      21415  1029.9615  1029.9572     4.5339     0.1114     0.1207    34.3137    34.3087    8.14584         23 0.0000e+00
    504.000    498.183    -0.4382  28.379325    -0.4358  28.378532     5.2669     5.4138     0.9870    95.5687 1.0000e-12  -74.01468 -117.87050  46.724274      99.87 5.9585e+02    893.258      21439  1029.9662  1029.9631     4.5337     0.1179     0.1240    34.3148    34.3110    8.14169         25 0.0000e+00
    505.000    499.168    -0.4537  28.367371    -0.4507  28.367687     5.2748     5.4148     0.4285    95.3689 1.0000e-12  -74.01468 -117.87050  46.724286      99.87 5.9585e+02    894.272      21464  1029.9737  1029.9711     4.5241     0.0948     0.1212    34.3157    34.3127    8.14497         24 0.0000e+00
    506.000    500.156    -0.4608  28.361518    -0.4595  28.360269     5.2659     5.4153     0.4138    95.1067 1.0000e-12  -74.01468 -117.87050  46.724297      99.87 5.9585e+02    895.306      21488  1029.9793  1029.9768     4.5119     0.1009     0.1193    34.3153    34.3121    8.14652         25 0.0000e+00
    507.000    501.143    -0.4618  28.362493    -0.4595  28.361838     5.2675     5.4130     0.4506    95.5226 1.0000e-12  -74.01468 -117.87050  46.724309      99.87 5.9585e+02    896.299      21512  1029.9860  1029.9831     4.5315     0.1289     0.1222    34.3171    34.3135    8.14663         23 0.0000e+00
    508.000    502.131    -0.4552  28.370863    -0.4521  28.370708     5.2680     5.4061     0.4419    95.6756 1.0000e-12  -74.01468 -117.87050  46.724320      99.87 5.9585e+02    897.268      21535  1029.9931  1029.9899     4.5387     0.1066     0.1189    34.3202    34.3165    8.14503         24 0.0000e+00
    509.000    503.117    -0.4469  28.378892    -0.4447  28.378362     5.2626     5.4104     0.3271    95.7574 1.0000e-12  -74.01468 -117.87050  46.724332      78.49 5.9585e+02    898.268      21559  1029.9981  1029.9954     4.5426     0.0986     0.1184    34.3210    34.3178    8.14320         24 0.0000e+00
    510.000    504.104    -0.4507  28.377628    -0.4481  28.377159     5.2534     5.3895     0.2443    95.5574 1.0000e-12  -74.01468 -117.87050  46.724343      90.13 5.9585e+02    899.269      21583  1030.0051  1030.0021     4.5332     0.1077     0.1227    34.3230    34.3194    8.14390         24 0.0000e+00
    511.000    505.091    -0.4524  28.377203    -0.4509  28.376525     5.2475     5.3719     0.2462    95.6282 1.0000e-12  -74.01468 -117.87050  46.724355      99.21 5.9585e+02    900.262      21607  1030.0109  1030.0087     4.5365     0.1103     0.1226    34.3237    34.3211    8.14422         24 0.0000e+00
    512.000    506.079    -0.4596  28.373447    -0.4558  28.373726     5.2398     5.3743     0.2846    95.6534 1.0000e-12  -74.01468 -117.87050  46.724366      99.87 5.9585e+02    901.267      21631  1030.0185  1030.0151     4.5377     0.1114     0.1220    34.3263    34.3223    8.14563         24 0.0000e+00
    513.000    507.066    -0.4474  28.383877    -0.4459  28.383239     5.2376     5.3809     0.3381    95.5742 1.0000e-12  -74.01468 -117.87050  46.724378      99.87 5.9585e+02    902.271      21655  1030.0220  1030.0200     4.5339     0.1245     0.1224    34.3258    34.3233    8.14302         24 0.0000e+00
    514.000    508.054    -0.4938  28.344242    -0.4917  28.344216     5.2395     5.3779     0.3764    95.6529 1.0000e-12  -74.01468 -117.87050  46.724389      99.87 5.9585e+02    903.251      21679  1030.0299  1030.0279     4.5377     0.2047     0.1227    34.3245    34.3220    8.15307         23 0.0000e+00
    515.000    509.039    -0.5013  28.339500    -0.4988  28.339253     5.2346     5.3725     0.2221    95.4044 1.0000e-12  -74.01468 -117.87050  46.724401      99.87 5.9601e+02    904.247      21703  1030.0364  1030.0339     4.5259     0.1622     0.1289    34.3259    34.3228    8.15458         24 0.0000e+00
    516.000    510.028    -0.4912  28.349730    -0.4888  28.349092     5.2305     5.3669     0.5565    95.6344 1.0000e-12  -74.01468 -117.87050  46.724412      99.87 5.9622e+02    905.235      21727  1030.0417  1030.0387     4.5368     0.1158     0.1233    34.3277    34.3241    8.15232         24 0.0000e+00
    517.000    511.016    -0.4820  28.358559    -0.4795  28.358399     5.2243     5.3555     0.3124    95.6548 1.0000e-12  -74.01468 -117.87050  46.724424      99.87 5.9616e+02    906.197      21750  1030.0463  1030.0438     4.5378     0.1085     0.1648    34.3285    34.3255    8.15029         23 0.0000e+00
    518.000    512.002    -0.4846  28.357447    -0.4821  28.357330     5.2216     5.3608     0.2895    95.5834 1.0000e-12  -74.01468 -117.87050  46.724435      99.87 5.9615e+02    907.178      21773  1030.0520  1030.0495     4.5344     0.1759     0.1269    34.3293    34.3264    8.15080         24 0.0000e+00
