ocean_section_plots/required_files/ctd/dnbp2202_ctd055.cnv
* Sea-Bird SBE 9 Data File:
* FileName = D:\Data\raw\NBP2202_CTD055.hex
* Software Version Seasave V 7.26.7.121
* Temperature SN = 1649
* Conductivity SN = 2513
* Number of Bytes Per Scan = 40
* Number of Voltage Words = 5
* Number of Scans Averaged by the Deck Unit = 1
* NMEA Latitude = 74 13.98 S
* NMEA Longitude = 112 24.77 W
* NMEA UTC (Time) = Jan 24 2022  13:35:25
* NMEA baud rate = 9600
** Ship: RVIB N.B. Palmer
** Cruise: NBP2202 Thwaites
** Station: Section Dotson C
** Operator: B Bjork
# nquan = 25
# nvalues = 1009                        
# units = specified
# name 0 = prDM: Pressure, Digiquartz [db]
# name 1 = depSM: Depth [salt water, m]
# name 2 = t090C: Temperature [ITS-90, deg C]
# name 3 = c0mS/cm: Conductivity [mS/cm]
# name 4 = t190C: Temperature, 2 [ITS-90, deg C]
# name 5 = c1mS/cm: Conductivity, 2 [mS/cm]
# name 6 = sbeox0ML/L: Oxygen, SBE 43 [ml/l]
# name 7 = sbeox1ML/L: Oxygen, SBE 43, 2 [ml/l]
# name 8 = flECO-AFL: Fluorescence, WET Labs ECO-AFL/FL [mg/m^3]
# name 9 = CStarTr0: Beam Transmission, WET Labs C-Star [%]
# name 10 = par: PAR/Irradiance, Biospherical/Licor
# name 11 = latitude: Latitude [deg]
# name 12 = longitude: Longitude [deg]
# name 13 = timeJ: Julian Days
# name 14 = altM: Altimeter [m]
# name 15 = spar: SPAR, Biospherical/Licor
# name 16 = timeS: Time, Elapsed [seconds]
# name 17 = scan: Scan Count
# name 18 = density00: Density [density, kg/m^3]
# name 19 = density11: Density, 2 [density, kg/m^3]
# name 20 = sal00: Salinity, Practical [PSU]
# name 21 = sal11: Salinity, Practical, 2 [PSU]
# name 22 = oxsolML/L: Oxygen Saturation, Garcia & Gordon [ml/l]
# name 23 = nbin: number of scans per bin
# name 24 = flag: flag
# span 0 =      2.000,   1010.000       
# span 1 =      1.979,    997.114       
# span 2 =    -1.5347,     0.4999       
# span 3 =  27.089966,  29.574781       
# span 4 =    -1.5359,     0.5020       
# span 5 =  27.089594,  29.574536       
# span 6 =     4.5944,     8.6862       
# span 7 =     4.7899,     9.0377       
# span 8 =    -0.0158,    27.4647       
# span 9 =    68.6283,    97.0495       
# span 10 = -6.377e-06, 4.9381e+02      
# span 11 =  -74.23314,  -74.23312      
# span 12 = -112.41294, -112.41290      
# span 13 =  24.568451,  24.583627      
# span 14 =       4.95,      99.99      
# span 15 = 5.9762e+02, 1.1390e+03      
# span 16 =    189.166,   1500.326      
# span 17 =       4541,      36009      
# span 18 =  1027.1722,  1032.4620      
# span 19 =  1027.1758,  1032.4599      
# span 20 =    33.7767,    34.5489      
# span 21 =    33.7808,    34.5463      
# span 22 =    7.93183,    8.40200      
# span 23 =         20,         48      
# span 24 = 0.0000e+00, 0.0000e+00      
# interval = decibars: 1                
# start_time = Jan 24 2022 13:35:25 [NMEA time, header]
# bad_flag = -9.990e-29
*END*
[from data line 290]
    292.000    288.774    -1.4520  27.238398    -1.4521  27.237949     6.2991     6.6088     0.0557    96.7680 1.0000e-12  -74.23313 -112.41290  24.573008      99.67 6.6366e+02    582.850      13989  1028.7949  1028.7945    34.0430    34.0426    8.38024         32 0.0000e+00
    293.000    289.761    -1.4529  27.238898    -1.4527  27.238307     6.2944     6.5997     0.0541    96.7794 1.0000e-12  -74.23312 -112.41290  24.573023      99.67 6.6705e+02    584.194      14022  1028.8006  1028.7998    34.0441    34.0431    8.38038         32 0.0000e+00
    294.000    290.750    -1.4524  27.240072    -1.4525  27.239570     6.2955     6.6049     0.0560    96.7800 1.0000e-12  -74.23312 -112.41290  24.573039      99.67 6.6937e+02    585.550      14054  1028.8058  1028.8052    34.0446    34.0440    8.38025         33 0.0000e+00
    295.000    291.738    -1.4517  27.241871    -1.4517  27.241433     6.2956     6.6095     0.0427    96.7695 1.0000e-12  -74.23312 -112.41290  24.573055      90.93 6.7158e+02    586.913      14087  1028.8113  1028.8108    34.0456    34.0450    8.38003         32 0.0000e+00
    296.000    292.726    -1.4506  27.243967    -1.4507  27.243442     6.2982     6.6064     0.0555    96.7777 1.0000e-12  -74.23312 -112.41290  24.573070      99.69 6.7265e+02    588.233      14119  1028.8168  1028.8163    34.0466    34.0460    8.37971         32 0.0000e+00
    297.000    293.714    -1.4499  27.245720    -1.4498  27.245245     6.2901     6.5966     0.0369    96.7745 1.0000e-12  -74.23312 -112.41290  24.573085      99.67 6.7353e+02    589.567      14151  1028.8224  1028.8217    34.0477    34.0469    8.37951         32 0.0000e+00
    298.000    294.702    -1.4469  27.249565    -1.4466  27.249145     6.2978     6.6081     0.0540    96.7919 1.0000e-12  -74.23312 -112.41290  24.573101      99.67 6.7390e+02    590.933      14183  1028.8280  1028.8272    34.0490    34.0479    8.37876         33 0.0000e+00
    299.000    295.691    -1.4445  27.253546    -1.4447  27.252949     6.3015     6.6109     0.0532    96.7906 1.0000e-12  -74.23312 -112.41290  24.573117      99.66 6.7486e+02    592.279      14216  1028.8343  1028.8339    34.0510    34.0505    8.37808         32 0.0000e+00
    300.000    296.678    -1.4443  27.255618    -1.4444  27.254685     6.2937     6.6087     0.0531    96.7855 1.0000e-12  -74.23312 -112.41290  24.573132      99.67 6.7699e+02    593.616      14248  1028.8407  1028.8398    34.0531    34.0519    8.37792         33 0.0000e+00
    301.000    297.667    -1.4371  27.263349    -1.4371  27.262826     6.2984     6.6147     0.0440    96.7984 1.0000e-12  -74.23312 -112.41290  24.573148      99.67 6.7939e+02    594.960      14280  1028.8465  1028.8459    34.0548    34.0541    8.37619         32 0.0000e+00
    302.000    298.655    -1.4368  27.265385    -1.4362  27.265257     6.3004     6.6141     0.0558    96.8109 1.0000e-12  -74.23312 -112.41290  24.573163      99.66 6.8138e+02    596.289      14312  1028.8528  1028.8521    34.0567    34.0559    8.37601         31 0.0000e+00
    303.000    299.644    -1.4361  27.266769    -1.4358  27.266371     6.2951     6.6125     0.0383    96.7568 1.0000e-12  -74.23312 -112.41290  24.573178      99.67 6.8318e+02    597.606      14344  1028.8580  1028.8573    34.0572    34.0563    8.37582         31 0.0000e+00
    304.000    300.633    -1.4350  27.268291    -1.4351  27.267745     6.2976     6.6113     0.0429    96.7656 1.0000e-12  -74.23312 -112.41290  24.573192      80.06 6.8550e+02    598.824      14373  1028.8630  1028.8624    34.0574    34.0568    8.37557         27 0.0000e+00
    305.000    301.620    -1.4341  27.270008    -1.4339  27.269547     6.2937     6.6127     0.0364    96.8215 1.0000e-12  -74.23312 -112.41290  24.573205      93.46 6.8716e+02    599.911      14399  1028.8683  1028.8676    34.0582    34.0573    8.37532         28 0.0000e+00
    306.000    302.607    -1.4329  27.271641    -1.4323  27.271471     6.2831     6.5999     0.0384    96.8111 1.0000e-12  -74.23312 -112.41290  24.573219      99.72 6.8930e+02    601.153      14429  1028.8732  1028.8725    34.0584    34.0576    8.37503         30 0.0000e+00
    307.000    303.597    -1.4282  27.277225    -1.4282  27.276369     6.2808     6.5926     0.0405    96.8626 1.0000e-12  -74.23312 -112.41290  24.573234      99.67 6.9174e+02    602.421      14459  1028.8790  1028.8781    34.0601    34.0590    8.37387         31 0.0000e+00
    308.000    304.585    -1.4213  27.284704    -1.4213  27.283982     6.2762     6.5881     0.0452    96.8397 1.0000e-12  -74.23312 -112.41290  24.573249      99.67 6.9356e+02    603.676      14489  1028.8849  1028.8841    34.0619    34.0609    8.37222         30 0.0000e+00
    309.000    305.572    -1.4197  27.286777    -1.4194  27.286357     6.2719     6.5853     0.0411    96.8412 1.0000e-12  -74.23312 -112.41290  24.573263      99.67 6.9608e+02    604.926      14519  1028.8900  1028.8892    34.0623    34.0614    8.37183         30 0.0000e+00
    310.000    306.561    -1.4180  27.289054    -1.4183  27.287833     6.2691     6.5848     0.0367    96.8672 1.0000e-12  -74.23312 -112.41290  24.573278      99.67 6.9888e+02    606.199      14550  1028.8952  1028.8942    34.0629    34.0617    8.37142         31 0.0000e+00
    311.000    307.549    -1.4119  27.295411    -1.4116  27.294892     6.2635     6.5812     0.0233    96.8737 1.0000e-12  -74.23312 -112.41290  24.573292      99.67 7.0139e+02    607.461      14580  1028.9006  1028.8997    34.0641    34.0630    8.36997         29 0.0000e+00
    312.000    308.537    -1.4075  27.300687    -1.4073  27.300059     6.2638     6.5750     0.0389    96.8616 1.0000e-12  -74.23312 -112.41290  24.573307      99.67 7.0373e+02    608.709      14610  1028.9065  1028.9056    34.0657    34.0646    8.36889         31 0.0000e+00
    313.000    309.526    -1.4050  27.304043    -1.4049  27.303419     6.2631     6.5752     0.0216    96.8657 1.0000e-12  -74.23312 -112.41290  24.573321      99.67 7.0582e+02    609.960      14640  1028.9122  1028.9113    34.0670    34.0659    8.36827         29 0.0000e+00
    314.000    310.514    -1.4035  27.306973    -1.4033  27.306398     6.2745     6.5752     0.0239    96.8604 1.0000e-12  -74.23312 -112.41290  24.573334      99.67 7.0836e+02    611.067      14667  1028.9182  1028.9174    34.0686    34.0676    8.36782         25 0.0000e+00
    315.000    311.501    -1.4038  27.309070    -1.4036  27.308462     6.2756     6.5802     0.0345    96.8738 1.0000e-12  -74.23312 -112.41290  24.573347      89.80 7.1101e+02    612.223      14694  1028.9252  1028.9244    34.0712    34.0702    8.36774         30 0.0000e+00
    316.000    312.490    -1.4040  27.309948    -1.4037  27.309440     6.2729     6.5837     0.0365    96.8909 1.0000e-12  -74.23312 -112.41290  24.573362      97.88 7.1441e+02    613.438      14724  1028.9308  1028.9299    34.0721    34.0710    8.36774         28 0.0000e+00
    317.000    313.479    -1.4036  27.310901    -1.4032  27.310819     6.2774     6.5846     0.0291    96.9158 1.0000e-12  -74.23312 -112.41290  24.573374      99.63 7.1735e+02    614.497      14749  1028.9358  1028.9353    34.0723    34.0717    8.36763         24 0.0000e+00
    318.000    314.465    -1.4033  27.312268    -1.4028  27.311900     6.2714     6.5848     0.0325    96.9055 1.0000e-12  -74.23312 -112.41290  24.573387      99.67 7.2137e+02    615.638      14776  1028.9412  1028.9404    34.0731    34.0721    8.36750         29 0.0000e+00
    319.000    315.454    -1.4029  27.313139    -1.4026  27.312676     6.2683     6.5866     0.0280    96.9150 1.0000e-12  -74.23312 -112.41290  24.573401      99.67 7.2475e+02    616.845      14805  1028.9462  1028.9454    34.0733    34.0724    8.36741         30 0.0000e+00
    320.000    316.442    -1.4029  27.313820    -1.4027  27.313305     6.2797     6.5864     0.0163    96.9241 1.0000e-12  -74.23312 -112.41290  24.573415      99.68 7.2865e+02    618.068      14835  1028.9513  1028.9505    34.0737    34.0726    8.36740         28 0.0000e+00
    321.000    317.430    -1.4030  27.314387    -1.4027  27.313928     6.2811     6.5868     0.0255    96.8927 1.0000e-12  -74.23312 -112.41290  24.573429      99.67 7.3116e+02    619.271      14863  1028.9563  1028.9555    34.0739    34.0730    8.36740         29 0.0000e+00
    322.000    318.419    -1.4013  27.316810    -1.4013  27.316016     6.2782     6.5848     0.0360    96.8834 1.0000e-12  -74.23312 -112.41290  24.573443      99.67 7.3411e+02    620.455      14892  1028.9616  1028.9607    34.0747    34.0736    8.36698         27 0.0000e+00
    323.000    319.407    -1.3998  27.318721    -1.4006  27.317248     6.2705     6.5876     0.0236    96.8831 1.0000e-12  -74.23312 -112.41290  24.573455      99.67 7.3690e+02    621.488      14917  1028.9666  1028.9658    34.0750    34.0739    8.36662         24 0.0000e+00
    324.000    320.395    -1.3980  27.321341    -1.3977  27.320822     6.2708     6.5864     0.0216    96.9167 1.0000e-12  -74.23312 -112.41290  24.573466      99.67 7.3934e+02    622.494      14941  1028.9720  1028.9711    34.0760    34.0749    8.36616         25 0.0000e+00
    325.000    321.382    -1.3984  27.321686    -1.3983  27.321177     6.2699     6.5890     0.0268    96.8709 1.0000e-12  -74.23312 -112.41290  24.573478      99.67 7.4264e+02    623.535      14966  1028.9771  1028.9764    34.0763    34.0754    8.36623         25 0.0000e+00
    326.000    322.371    -1.3977  27.323244    -1.3975  27.322662     6.2643     6.5826     0.0289    96.8972 1.0000e-12  -74.23312 -112.41290  24.573490      92.79 7.4498e+02    624.578      14991  1028.9825  1028.9816    34.0770    34.0759    8.36603         25 0.0000e+00
    327.000    323.359    -1.3967  27.324800    -1.3963  27.324436     6.2701     6.5824     0.0289    96.8819 1.0000e-12  -74.23312 -112.41290  24.573503      80.92 7.4866e+02    625.625      15016  1028.9875  1028.9867    34.0773    34.0764    8.36578         25 0.0000e+00
    328.000    324.347    -1.3934  27.328743    -1.3931  27.328180     6.2619     6.5800     0.0248    96.8706 1.0000e-12  -74.23312 -112.41290  24.573515      95.43 7.5233e+02    626.667      15041  1028.9929  1028.9920    34.0784    34.0773    8.36498         25 0.0000e+00
    329.000    325.336    -1.3899  27.333738    -1.3894  27.333164     6.2648     6.5768     0.0216    96.8922 1.0000e-12  -74.23312 -112.41290  24.573527      99.66 7.5570e+02    627.706      15066  1028.9993  1028.9982    34.0806    34.0793    8.36406         25 0.0000e+00
    330.000    326.323    -1.3814  27.343051    -1.3809  27.342492     6.2700     6.5806     0.0288    96.8967 1.0000e-12  -74.23312 -112.41290  24.573539      99.68 7.5957e+02    628.763      15091  1029.0056  1029.0044    34.0832    34.0818    8.36201         26 0.0000e+00
    331.000    327.311    -1.3793  27.346967    -1.3790  27.346514     6.2698     6.5791     0.0324    96.8870 1.0000e-12  -74.23312 -112.41290  24.573552      99.67 7.6488e+02    629.911      15119  1029.0122  1029.0114    34.0855    34.0846    8.36139         29 0.0000e+00
    332.000    328.300    -1.3801  27.347191    -1.3797  27.346731     6.2740     6.5823     0.0338    96.9083 1.0000e-12  -74.23312 -112.41290  24.573567      99.67 7.7106e+02    631.152      15149  1029.0175  1029.0166    34.0861    34.0850    8.36153         30 0.0000e+00
    333.000    329.288    -1.3798  27.348418    -1.3794  27.347940     6.2716     6.5820     0.0141    96.9255 1.0000e-12  -74.23312 -112.41290  24.573581      99.67 7.7859e+02    632.402      15179  1029.0229  1029.0221    34.0868    34.0858    8.36142         30 0.0000e+00
    334.000    330.276    -1.3792  27.350084    -1.3787  27.349630     6.2716     6.5867     0.0131    96.9073 1.0000e-12  -74.23312 -112.41292  24.573596      99.67 7.8719e+02    633.663      15209  1029.0286  1029.0276    34.0879    34.0867    8.36123         31 0.0000e+00
    335.000    331.263    -1.3781  27.352381    -1.3778  27.351927     6.2729     6.5869     0.0157    96.8843 1.0000e-12  -74.23312 -112.41292  24.573610      99.67 7.9566e+02    634.945      15240  1029.0343  1029.0336    34.0891    34.0882    8.36090         31 0.0000e+00
    336.000    332.252    -1.3773  27.353909    -1.3769  27.353521     6.2710     6.5738     0.0192    96.9432 1.0000e-12  -74.23312 -112.41292  24.573625      99.67 8.0373e+02    636.224      15270  1029.0396  1029.0387    34.0897    34.0887    8.36070         30 0.0000e+00
    337.000    333.239    -1.3708  27.361516    -1.3702  27.361035     6.2717     6.5750     0.0143    96.9190 1.0000e-12  -74.23312 -112.41292  24.573640      99.67 8.1221e+02    637.496      15301  1029.0460  1029.0448    34.0922    34.0908    8.35909         31 0.0000e+00
    338.000    334.228    -1.3674  27.365829    -1.3670  27.365371     6.2658     6.5806     0.0231    96.9353 1.0000e-12  -74.23312 -112.41292  24.573655      89.69 8.1954e+02    638.777      15332  1029.0517  1029.0508    34.0936    34.0925    8.35825         31 0.0000e+00
    339.000    335.216    -1.3669  27.367127    -1.3663  27.366726     6.2683     6.5785     0.0179    96.9561 1.0000e-12  -74.23312 -112.41292  24.573670      96.03 8.2458e+02    640.071      15363  1029.0570  1029.0560    34.0942    34.0929    8.35810         31 0.0000e+00
    340.000    336.203    -1.3660  27.369034    -1.3654  27.368522     6.2668     6.5720     0.0146    96.9588 1.0000e-12  -74.23312 -112.41292  24.573684      99.63 8.2932e+02    641.339      15393  1029.0626  1029.0614    34.0952    34.0938    8.35784         30 0.0000e+00
    341.000    337.192    -1.3649  27.370779    -1.3646  27.370245     6.2713     6.5708     0.0204    96.9665 1.0000e-12  -74.23312 -112.41292  24.573699      99.68 8.3247e+02    642.597      15423  1029.0678  1029.0669    34.0957    34.0947    8.35757         30 0.0000e+00
    342.000    338.179    -1.3651  27.371117    -1.3644  27.371222     6.2669     6.5769     0.0143    96.9538 1.0000e-12  -74.23312 -112.41292  24.573714      99.67 8.3617e+02    643.846      15453  1029.0726  1029.0720    34.0957    34.0951    8.35759         30 0.0000e+00
    343.000    339.168    -1.3615  27.376257    -1.3609  27.376035     6.2710     6.5807     0.0143    96.9571 1.0000e-12  -74.23312 -112.41292  24.573728      99.68 8.3840e+02    645.072      15483  1029.0791  1029.0783    34.0981    34.0971    8.35666         27 0.0000e+00
    344.000    340.156    -1.3607  27.377709    -1.3600  27.377226     6.2695     6.5799     0.0179    96.9613 1.0000e-12  -74.23312 -112.41292  24.573742      99.67 8.4174e+02    646.301      15512  1029.0842  1029.0831    34.0985    34.0971    8.35644         30 0.0000e+00
    345.000    341.143    -1.3608  27.378210    -1.3599  27.377748     6.2681     6.5805     0.0081    96.9722 1.0000e-12  -74.23312 -112.41292  24.573756      99.68 8.4425e+02    647.548      15542  1029.0892  1029.0879    34.0987    34.0972    8.35645         29 0.0000e+00
    346.000    342.132    -1.3615  27.377952    -1.3610  27.377426     6.2698     6.5797     0.0101    96.9631 1.0000e-12  -74.23312 -112.41292  24.573770      99.67 8.4748e+02    648.771      15571  1029.0939  1029.0929    34.0985    34.0973    8.35662         30 0.0000e+00
    347.000    343.120    -1.3612  27.379203    -1.3605  27.378742     6.2756     6.5803     0.0143    96.9633 1.0000e-12  -74.23312 -112.41292  24.573785      99.67 8.4994e+02    649.996      15601  1029.0993  1029.0982    34.0993    34.0979    8.35651         29 0.0000e+00
    348.000    344.107    -1.3603  27.382296    -1.3594  27.381737     6.2771     6.5846     0.0209    96.9713 1.0000e-12  -74.23312 -112.41292  24.573799      99.67 8.5160e+02    651.212      15630  1029.1061  1029.1047    34.1019    34.1002    8.35615         29 0.0000e+00
