ocean_section_plots/required_files/ctd/dnbp2202_ctd217.cnv
* Sea-Bird SBE 9 Data File:
* FileName = D:\Data\raw\NBP2202_CTD217.hex
* Software Version Seasave V 7.26.7.121
* Temperature SN = 1649
* Conductivity SN = 2513
* Number of Bytes Per Scan = 40
* Number of Voltage Words = 5
* Number of Scans Averaged by the Deck Unit = 1
* NMEA Latitude = 73 54.81 S
* NMEA Longitude = 111 22.62 W
* NMEA UTC (Time) = Feb 11 2022  08:12:02
* NMEA baud rate = 9600
** Ship: RVIB N.B. Palmer
** Cruise: NBP2202 Thwaites
** Station: 129
** Operator: B. Bjork
# nquan = 28
# nvalues = 571                         
# units = specified
# name 0 = prDM: Pressure, Digiquartz [db]
# name 1 = depSM: Depth [salt water, m]
# name 2 = t090C: Temperature [ITS-90, deg C]
# name 3 = c0mS/cm: Conductivity [mS/cm]
# name 4 = t190C: Temperature, 2 [ITS-90, deg C]
# name 5 = c1mS/cm: Conductivity, 2 [mS/cm]
# name 6 = sbeox0ML/L: Oxygen, SBE 43 [ml/l]
# name 7 = sbeox1ML/L: Oxygen, SBE 43, 2 [ml/l]
# name 8 = flECO-AFL: Fluorescence, WET Labs ECO-AFL/FL [mg/m^3]
# name 9 = CStarTr0: Beam Transmission, WET Labs C-Star [%]
# name 10 = par: PAR/Irradiance, Biospherical/Licor
# name 11 = latitude: Latitude [deg]
# name 12 = longitude: Longitude [deg]
# name 13 = timeJ: Julian Days
# name 14 = altM: Altimeter [m]
# name 15 = spar: SPAR, Biospherical/Licor
# name 16 = timeS: Time, Elapsed [seconds]
# name 17 = scan: Scan Count
# name 18 = density00: Density [density, kg/m^3]
# name 19 = density11: Density, 2 [density, kg/m^3]
# name 20 = v3: Voltage 3
# name 21 = v4: Voltage 4
# name 22 = v5: Voltage 5
# name 23 = sal00: Salinity, Practical [PSU]
# name 24 = sal11: Salinity, Practical, 2 [PSU]
# name 25 = oxsolML/L: Oxygen Saturation, Garcia & Gordon [ml/l]
# name 26 = nbin: number of scans per bin
# name 27 = flag: flag
# span 0 =      1.000,    571.000       
# span 1 =      0.977,    564.321       
# span 2 =    -1.6005,     0.3837       
# span 3 =  26.949346,  29.261752       
# span 4 =    -1.5993,     0.3861       
# span 5 =  26.949874,  29.261873       
# span 6 =     4.5898,     8.8841       
# span 7 =     4.7125,     9.1118       
# span 8 =    -0.0253,    28.9928       
# span 9 =    71.3417,    98.4293       
# span 10 = 1.0000e-12, 4.7674e+00      
# span 11 =  -73.91348,  -73.91346      
# span 12 = -111.37668, -111.37666      
# span 13 =  42.343562,  42.351407      
# span 14 =       7.53,     102.39      
# span 15 = 2.0934e+01, 3.4996e+01      
# span 16 =    161.779,    839.585      
# span 17 =       3884,      20151      
# span 18 =  1027.1400,  1030.3973      
# span 19 =  1027.1375,  1030.3950      
# span 20 =     3.3849,     4.6693      
# span 21 =     0.0670,     4.8962      
# span 22 =     0.1096,     0.2644      
# span 23 =    33.7414,    34.5208      
# span 24 =    33.7402,    34.5181      
# span 25 =    7.95729,    8.41976      
# span 26 =          4,         50      
# span 27 = 0.0000e+00, 0.0000e+00      
# interval = decibars: 1                
# start_time = Feb 11 2022 08:12:02 [NMEA time, header]
# bad_flag = -9.990e-29
*END*
[from data line 156]
    157.000    155.318    -1.5485  27.068322    -1.5475  27.068153     6.3778     6.5673     0.2150    97.7247 1.0000e-12  -73.91348 -111.37666  42.346178      99.93 3.1732e+01    387.808       9308  1028.1183  1028.1171     4.6359     0.1059     0.1194    34.0026    34.0012    8.40444         24 0.0000e+00
    158.000    156.307    -1.5472  27.070422    -1.5464  27.070208     6.3789     6.5715     0.1905    97.9394 1.0000e-12  -73.91348 -111.37666  42.346190      98.69 3.1732e+01    388.796       9332  1028.1237  1028.1227     4.6461     0.0960     0.1167    34.0034    34.0022    8.40410         24 0.0000e+00
    159.000    157.296    -1.5451  27.074111    -1.5441  27.074200     6.3783     6.5692     0.1751    97.8893 1.0000e-12  -73.91348 -111.37666  42.346201      99.38 3.1732e+01    389.795       9356  1028.1300  1028.1291     4.6438     0.0833     0.1167    34.0055    34.0044    8.40349         24 0.0000e+00
    160.000    158.285    -1.5436  27.076816    -1.5426  27.076756     6.3791     6.5694     0.1307    97.9053 1.0000e-12  -73.91348 -111.37666  42.346213      99.94 3.1732e+01    390.789       9380  1028.1359  1028.1349     4.6445     0.0913     0.1173    34.0068    34.0056    8.40307         23 0.0000e+00
    161.000    159.274    -1.5420  27.079675    -1.5410  27.079489     6.3724     6.5682     0.0981    97.8765 1.0000e-12  -73.91348 -111.37666  42.346224      99.94 3.1732e+01    391.773       9404  1028.1419  1028.1407     4.6431     0.0878     0.1180    34.0084    34.0070    8.40262         24 0.0000e+00
    162.000    160.262    -1.5404  27.082441    -1.5394  27.082348     6.3701     6.5671     0.1211    97.8363 1.0000e-12  -73.91348 -111.37666  42.346236      99.94 3.1732e+01    392.758       9427  1028.1477  1028.1466     4.6412     0.0949     0.1185    34.0098    34.0085    8.40218         24 0.0000e+00
    163.000    161.253    -1.5398  27.083850    -1.5389  27.083773     6.3689     6.5702     0.1081    97.7829 1.0000e-12  -73.91348 -111.37666  42.346247      99.94 3.1732e+01    393.737       9451  1028.1530  1028.1521     4.6387     0.1235     0.1170    34.0104    34.0093    8.40200         23 0.0000e+00
    164.000    162.239    -1.5394  27.085027    -1.5384  27.085016     6.3667     6.5670     0.0868    97.8037 1.0000e-12  -73.91348 -111.37666  42.346259      99.93 3.1732e+01    394.733       9475  1028.1583  1028.1573     4.6397     0.0894     0.1169    34.0109    34.0098    8.40188         24 0.0000e+00
    165.000    163.229    -1.5388  27.086475    -1.5377  27.086484     6.3619     6.5689     0.1227    97.9431 1.0000e-12  -73.91348 -111.37666  42.346270      99.93 3.1732e+01    395.752       9499  1028.1636  1028.1625     4.6463     0.0874     0.1187    34.0116    34.0103    8.40170         25 0.0000e+00
    166.000    164.219    -1.5375  27.088503    -1.5364  27.088488     6.3678     6.5635     0.0897    97.7994 1.0000e-12  -73.91348 -111.37666  42.346282      99.93 3.1732e+01    396.778       9524  1028.1689  1028.1678     4.6394     0.0888     0.1204    34.0123    34.0110    8.40137         24 0.0000e+00
    167.000    165.207    -1.5371  27.089247    -1.5361  27.089182     6.3700     6.5599     0.1117    97.7699 1.0000e-12  -73.91348 -111.37666  42.346294      99.93 3.1732e+01    397.787       9548  1028.1737  1028.1727     4.6381     0.1042     0.1178    34.0122    34.0110    8.40128         24 0.0000e+00
    168.000    166.196    -1.5368  27.090077    -1.5359  27.089981     6.3679     6.5614     0.0796    97.9210 1.0000e-12  -73.91348 -111.37666  42.346305      99.94 3.1732e+01    398.788       9572  1028.1787  1028.1776     4.6452     0.1095     0.1183    34.0124    34.0112    8.40120         24 0.0000e+00
    169.000    167.184    -1.5360  27.091478    -1.5352  27.091306     6.3634     6.5565     0.1829    97.9304 1.0000e-12  -73.91348 -111.37666  42.346317      99.94 3.1732e+01    399.785       9596  1028.1837  1028.1827     4.6456     0.0869     0.1193    34.0129    34.0116    8.40100         24 0.0000e+00
    170.000    168.174    -1.5353  27.092964    -1.5343  27.092771     6.3633     6.5564     0.1901    97.7833 1.0000e-12  -73.91348 -111.37666  42.346328      99.94 3.1732e+01    400.771       9619  1028.1890  1028.1879     4.6387     0.0779     0.1188    34.0135    34.0121    8.40080         24 0.0000e+00
    171.000    169.162    -1.5337  27.095644    -1.5326  27.095439     6.3599     6.5629     0.1158    97.9583 1.0000e-12  -73.91348 -111.37666  42.346340      99.02 3.1732e+01    401.772       9644  1028.1947  1028.1935     4.6470     0.0849     0.1192    34.0147    34.0131    8.40036         24 0.0000e+00
    172.000    170.151    -1.5329  27.096959    -1.5318  27.096922     6.3564     6.5618     0.0819    97.9581 1.0000e-12  -73.91348 -111.37666  42.346352      99.95 3.1732e+01    402.784       9668  1028.1998  1028.1987     4.6470     0.0839     0.1200    34.0150    34.0137    8.40017         24 0.0000e+00
    173.000    171.141    -1.5321  27.098554    -1.5312  27.098309     6.3620     6.5611     0.0713    97.9549 1.0000e-12  -73.91348 -111.37666  42.346363      99.93 3.1732e+01    403.774       9692  1028.2051  1028.2039     4.6468     0.0879     0.1203    34.0157    34.0143    8.39995         24 0.0000e+00
    174.000    172.127    -1.5315  27.099809    -1.5305  27.099690     6.3610     6.5601     0.0689    97.8529 1.0000e-12  -73.91348 -111.37666  42.346375      99.93 3.1732e+01    404.761       9715  1028.2103  1028.2092     4.6420     0.0926     0.1185    34.0161    34.0148    8.39979         24 0.0000e+00
    175.000    173.118    -1.5299  27.102741    -1.5288  27.102526     6.3575     6.5587     0.0792    97.9242 1.0000e-12  -73.91348 -111.37666  42.346386      99.94 3.1732e+01    405.748       9739  1028.2162  1028.2149     4.6453     0.0831     0.1198    34.0176    34.0161    8.39932         23 0.0000e+00
    176.000    174.108    -1.5288  27.104554    -1.5278  27.104417     6.3593     6.5548     0.0655    97.8851 1.0000e-12  -73.91348 -111.37666  42.346397      99.94 3.1732e+01    406.730       9763  1028.2215  1028.2203     4.6435     0.0919     0.1239    34.0183    34.0169    8.39904         24 0.0000e+00
    177.000    175.094    -1.5275  27.106727    -1.5265  27.106545     6.3549     6.5598     0.0853    97.8369 1.0000e-12  -73.91348 -111.37666  42.346409      99.93 3.1732e+01    407.728       9786  1028.2270  1028.2258     4.6412     0.0869     0.1235    34.0192    34.0178    8.39870         24 0.0000e+00
    178.000    176.084    -1.5268  27.108433    -1.5257  27.108350     6.3555     6.5578     0.0753    97.8930 1.0000e-12  -73.91348 -111.37666  42.346421      99.93 3.1893e+01    408.735       9811  1028.2325  1028.2314     4.6439     0.0888     0.1253    34.0201    34.0188    8.39848         24 0.0000e+00
    179.000    177.073    -1.5253  27.111184    -1.5241  27.111152     6.3588     6.5483     0.0567    97.8389 1.0000e-12  -73.91348 -111.37666  42.346432      99.94 3.1290e+01    409.731       9835  1028.2384  1028.2372     4.6413     0.0790     0.1221    34.0215    34.0202    8.39805         24 0.0000e+00
    180.000    178.062    -1.5235  27.113745    -1.5224  27.113564     6.3598     6.5507     0.0555    97.8305 1.0000e-12  -73.91348 -111.37666  42.346444      99.94 3.2021e+01    410.722       9858  1028.2438  1028.2426     4.6409     0.0823     0.1216    34.0224    34.0209    8.39760         24 0.0000e+00
    181.000    179.050    -1.5235  27.114715    -1.5224  27.114546     6.3583     6.5435     0.0582    97.8283 1.0000e-12  -73.91348 -111.37666  42.346455      99.94 3.2099e+01    411.720       9882  1028.2493  1028.2480     4.6408     0.0819     0.1242    34.0232    34.0216    8.39756         24 0.0000e+00
    182.000    180.039    -1.5223  27.117600    -1.5211  27.117497     6.3541     6.5449     0.0582    97.7161 1.0000e-12  -73.91348 -111.37666  42.346467      99.94 3.1885e+01    412.708       9906  1028.2556  1028.2543     4.6355     0.0868     0.1241    34.0251    34.0236    8.39716         23 0.0000e+00
    183.000    181.028    -1.5216  27.119006    -1.5205  27.118848     6.3561     6.5455     0.0560    97.8203 1.0000e-12  -73.91348 -111.37666  42.346478      93.51 3.1879e+01    413.703       9930  1028.2608  1028.2596     4.6404     0.0898     0.1209    34.0256    34.0242    8.39697         24 0.0000e+00
    184.000    182.017    -1.5211  27.120080    -1.5201  27.119959     6.3544     6.5430     0.0509    97.8511 1.0000e-12  -73.91348 -111.37666  42.346490      90.45 3.2648e+01    414.707       9954  1028.2658  1028.2648     4.6419     0.0819     0.1200    34.0259    34.0247    8.39684         25 0.0000e+00
    185.000    183.007    -1.5210  27.120634    -1.5200  27.120640     6.3529     6.5444     0.0509    97.8751 1.0000e-12  -73.91348 -111.37666  42.346501      97.64 3.1887e+01    415.705       9978  1028.2707  1028.2697     4.6431     0.0783     0.1185    34.0260    34.0248    8.39683         23 0.0000e+00
    186.000    183.993    -1.5209  27.121568    -1.5199  27.121440     6.3505     6.5477     0.0515    97.8842 1.0000e-12  -73.91348 -111.37666  42.346513      99.97 3.2251e+01    416.701      10002  1028.2760  1028.2748     4.6435     0.0820     0.1221    34.0266    34.0252    8.39677         24 0.0000e+00
    187.000    184.984    -1.5203  27.122895    -1.5193  27.122777     6.3450     6.5499     0.0676    97.8145 1.0000e-12  -73.91348 -111.37666  42.346524      99.94 3.2246e+01    417.701      10026  1028.2812  1028.2801     4.6402     0.0813     0.1191    34.0271    34.0258    8.39661         24 0.0000e+00
    188.000    185.972    -1.5201  27.124165    -1.5190  27.124075     6.3507     6.5492     0.0517    97.8521 1.0000e-12  -73.91348 -111.37666  42.346536      99.94 3.2172e+01    418.694      10050  1028.2866  1028.2855     4.6420     0.0772     0.1201    34.0279    34.0266    8.39650         24 0.0000e+00
    189.000    186.961    -1.5200  27.125417    -1.5188  27.125275     6.3459     6.5481     0.0509    97.8679 1.0000e-12  -73.91348 -111.37666  42.346547      99.94 3.2246e+01    419.683      10073  1028.2922  1028.2910     4.6427     0.0786     0.1196    34.0289    34.0274    8.39642         24 0.0000e+00
    190.000    187.950    -1.5157  27.131344    -1.5149  27.130806     6.3422     6.5389     0.0348    97.9339 1.0000e-12  -73.91348 -111.37666  42.346559      99.93 3.3485e+01    420.679      10097  1028.2990  1028.2976     4.6458     0.0814     0.1171    34.0316    34.0300    8.39529         24 0.0000e+00
    191.000    188.938    -1.5106  27.137190    -1.5095  27.136928     6.3443     6.5322     0.0289    97.8427 1.0000e-12  -73.91348 -111.37666  42.346570      99.94 3.2911e+01    421.682      10121  1028.3048  1028.3035     4.6415     0.0799     0.1163    34.0332    34.0317    8.39404         24 0.0000e+00
    192.000    189.927    -1.5074  27.140743    -1.5065  27.140145     6.3388     6.5308     0.0493    97.9604 1.0000e-12  -73.91348 -111.37666  42.346582      99.93 3.1968e+01    422.671      10145  1028.3100  1028.3085     4.6471     0.0779     0.1186    34.0339    34.0321    8.39329         24 0.0000e+00
    193.000    190.916    -1.5036  27.144642    -1.5026  27.144211     6.3328     6.5211     0.0607    97.9981 1.0000e-12  -73.91348 -111.37666  42.346593      99.93 3.3334e+01    423.661      10169  1028.3149  1028.3135     4.6489     0.0828     0.1184    34.0343    34.0325    8.39240         23 0.0000e+00
    194.000    191.905    -1.4973  27.151399    -1.4970  27.150224     6.3282     6.5181     0.0509    98.0085 1.0000e-12  -73.91348 -111.37666  42.346605      99.94 3.3275e+01    424.643      10192  1028.3206  1028.3190     4.6494     0.0806     0.1166    34.0358    34.0339    8.39089         24 0.0000e+00
    195.000    192.893    -1.4863  27.162188    -1.4850  27.162117     6.3225     6.5242     0.0629    97.9663 1.0000e-12  -73.91348 -111.37666  42.346616      99.93 3.1748e+01    425.615      10216  1028.3262  1028.3248     4.6474     0.0871     0.1179    34.0375    34.0359    8.38830         23 0.0000e+00
    196.000    193.883    -1.4847  27.164505    -1.4834  27.164416     6.3220     6.5203     0.1154    98.0223 1.0000e-12  -73.91348 -111.37666  42.346627      99.93 3.3488e+01    426.600      10239  1028.3316  1028.3302     4.6500     0.0848     0.1157    34.0383    34.0367    8.38790         24 0.0000e+00
    197.000    194.871    -1.4841  27.165649    -1.4822  27.166301     6.3304     6.5137     0.1021    98.0026 1.0000e-12  -73.91348 -111.37666  42.346639      83.83 3.3495e+01    427.591      10263  1028.3366  1028.3356     4.6491     0.0997     0.1190    34.0385    34.0373    8.38774         23 0.0000e+00
    198.000    195.859    -1.4798  27.171520    -1.4783  27.171806     6.3271     6.5211     0.1162    97.8058 1.0000e-12  -73.91348 -111.37666  42.346650      99.03 3.2293e+01    428.584      10287  1028.3434  1028.3422     4.6398     0.0913     0.1170    34.0412    34.0398    8.38663         24 0.0000e+00
    199.000    196.849    -1.4778  27.174809    -1.4766  27.174715     6.3190     6.5161     0.1230    97.9349 1.0000e-12  -73.91348 -111.37666  42.346662      99.95 3.3509e+01    429.574      10311  1028.3495  1028.3482     4.6458     0.1043     0.1177    34.0428    34.0413    8.38608         24 0.0000e+00
    200.000    197.836    -1.4741  27.180552    -1.4725  27.180653     6.3065     6.5049     0.1297    97.8671 1.0000e-12  -73.91348 -111.37666  42.346673      99.93 3.2974e+01    430.576      10335  1028.3566  1028.3551     4.6427     0.1052     0.1161    34.0459    34.0442    8.38507         24 0.0000e+00
    201.000    198.825    -1.4660  27.190643    -1.4646  27.190671     6.3028     6.4997     0.1410    97.8723 1.0000e-12  -73.91348 -111.37666  42.346685      99.93 3.2244e+01    431.565      10359  1028.3642  1028.3628     4.6429     0.1052     0.1170    34.0499    34.0483    8.38300         24 0.0000e+00
    202.000    199.815    -1.4646  27.193450    -1.4632  27.193358     6.2895     6.4868     0.2083    97.7735 1.0000e-12  -73.91348 -111.37666  42.346696      99.93 3.3700e+01    432.552      10382  1028.3703  1028.3689     4.6383     0.0931     0.1162    34.0515    34.0498    8.38258         24 0.0000e+00
    203.000    200.803    -1.4562  27.203685    -1.4545  27.203735     6.2870     6.4789     0.2214    97.7608 1.0000e-12  -73.91348 -111.37666  42.346708      99.93 3.3262e+01    433.549      10406  1028.3779  1028.3762     4.6376     0.1146     0.1176    34.0555    34.0535    8.38046         23 0.0000e+00
    204.000    201.791    -1.4458  27.215922    -1.4443  27.215796     6.2893     6.4829     0.1941    97.7120 1.0000e-12  -73.91348 -111.37666  42.346719      99.93 3.2789e+01    434.543      10430  1028.3857  1028.3841     4.6353     0.1103     0.1213    34.0598    34.0580    8.37785         25 0.0000e+00
    205.000    202.781    -1.4450  27.217956    -1.4438  27.217813     6.3080     6.4997     0.2185    97.6977 1.0000e-12  -73.91348 -111.37666  42.346731      99.93 3.3120e+01    435.540      10454  1028.3916  1028.3903     4.6346     0.1087     0.1213    34.0611    34.0595    8.37760         24 0.0000e+00
    206.000    203.769    -1.4502  27.215568    -1.4493  27.215379     6.3190     6.5102     0.1899    97.6815 1.0000e-12  -73.91348 -111.37666  42.346742      99.93 3.3570e+01    436.538      10478  1028.3985  1028.3974     4.6339     0.1004     0.1181    34.0631    34.0618    8.37865         23 0.0000e+00
    207.000    204.757    -1.4616  27.208171    -1.4600  27.208365     6.3250     6.5135     0.1414    97.5122 1.0000e-12  -73.91348 -111.37666  42.346754      99.93 3.2683e+01    437.525      10502  1028.4058  1028.4045     4.6258     0.1287     0.1212    34.0653    34.0638    8.38108         24 0.0000e+00
