ocean_section_plots/required_files/ctd/dnbp2202_ctd129.cnv
* Sea-Bird SBE 9 Data File:
* FileName = D:\Data\raw\NBP2202_CTD129.hex
* Software Version Seasave V 7.26.7.121
* Temperature SN = 1649
* Conductivity SN = 2513
* Number of Bytes Per Scan = 40
* Number of Voltage Words = 5
* Number of Scans Averaged by the Deck Unit = 1
* NMEA Latitude = 74 05.71 S
* NMEA Longitude = 111 54.45 W
* NMEA UTC (Time) = Jan 27 2022  23:28:10
* NMEA baud rate = 9600
** Ship: RVIB N.B. Palmer
** Cruise: NBP2202 Thwaites
** Station: 58
** Operator: A. Robinson
# nquan = 25
# nvalues = 499                         
# units = specified
# name 0 = prDM: Pressure, Digiquartz [db]
# name 1 = depSM: Depth [salt water, m]
# name 2 = t090C: Temperature [ITS-90, deg C]
# name 3 = c0mS/cm: Conductivity [mS/cm]
# name 4 = t190C: Temperature, 2 [ITS-90, deg C]
# name 5 = c1mS/cm: Conductivity, 2 [mS/cm]
# name 6 = sbeox0ML/L: Oxygen, SBE 43 [ml/l]
# name 7 = sbeox1ML/L: Oxygen, SBE 43, 2 [ml/l]
# name 8 = flECO-AFL: Fluorescence, WET Labs ECO-AFL/FL [mg/m^3]
# name 9 = CStarTr0: Beam Transmission, WET Labs C-Star [%]
# name 10 = par: PAR/Irradiance, Biospherical/Licor
# name 11 = latitude: Latitude [deg]
# name 12 = longitude: Longitude [deg]
# name 13 = timeJ: Julian Days
# name 14 = altM: Altimeter [m]
# name 15 = spar: SPAR, Biospherical/Licor
# name 16 = timeS: Time, Elapsed [seconds]
# name 17 = scan: Scan Count
# name 18 = density00: Density [density, kg/m^3]
# name 19 = density11: Density, 2 [density, kg/m^3]
# name 20 = sal00: Salinity, Practical [PSU]
# name 21 = sal11: Salinity, Practical, 2 [PSU]
# name 22 = oxsolML/L: Oxygen Saturation, Garcia & Gordon [ml/l]
# name 23 = nbin: number of scans per bin
# name 24 = flag: flag
# span 0 =      3.000,    501.000       
# span 1 =      2.966,    495.218       
# span 2 =    -1.5526,     0.1227       
# span 3 =  27.031550,  28.944008       
# span 4 =    -1.5527,     0.1246       
# span 5 =  27.031734,  28.943730       
# span 6 =     4.7139,     9.0036       
# span 7 =     4.8992,     9.2120       
# span 8 =    -0.0005,    29.2218       
# span 9 =    66.2980,    94.9669       
# span 10 = -7.878e-05, 1.3277e+02      
# span 11 =  -74.09520,  -74.09518      
# span 12 = -111.90764, -111.90762      
# span 13 =  27.981365,  27.989480      
# span 14 =       2.68,     101.64      
# span 15 = 4.2689e+02, 4.9927e+02      
# span 16 =    299.939,   1001.084      
# span 17 =       7200,      24027      
# span 18 =  1027.2071,  1030.0189      
# span 19 =  1027.2088,  1030.0167      
# span 20 =    33.8240,    34.4364      
# span 21 =    33.8271,    34.4338      
# span 22 =    8.01615,    8.40740      
# span 23 =         25,         78      
# span 24 = 0.0000e+00, 0.0000e+00      
# interval = decibars: 1                
# start_time = Jan 27 2022 23:28:10 [NMEA time, header]
# bad_flag = -9.990e-29
*END*
[from data line 116]
    119.000    117.734    -1.4608  27.090772    -1.4609  27.090647     6.1526     6.3251     0.7792    93.3073 1.0000e-12  -74.09520 -111.90762  27.983536      95.94 4.2851e+02    487.489      11701  1027.8961  1027.8960    33.9575    33.9575    8.38733         28 0.0000e+00
    120.000    118.725    -1.4577  27.094417    -1.4578  27.094190     6.1492     6.3134     0.5736    93.3790 1.0000e-12  -74.09520 -111.90762  27.983549      99.78 4.2870e+02    488.649      11729  1027.9015  1027.9013    33.9584    33.9583    8.38658         28 0.0000e+00
    121.000    119.713    -1.4607  27.093241    -1.4599  27.093808     6.1588     6.3240     0.3897    93.5328 1.0000e-12  -74.09520 -111.90762  27.983563      99.77 4.2768e+02    489.823      11757  1027.9074  1027.9072    33.9596    33.9594    8.38718         28 0.0000e+00
    122.000    120.702    -1.4670  27.088904    -1.4672  27.088728     6.1765     6.3393     0.3245    93.7200 1.0000e-12  -74.09520 -111.90762  27.983576      99.77 4.2807e+02    490.985      11785  1027.9131  1027.9131    33.9601    33.9602    8.38857         28 0.0000e+00
    123.000    121.691    -1.4736  27.084789    -1.4739  27.084566     6.1770     6.3391     0.2991    93.8710 1.0000e-12  -74.09520 -111.90762  27.983590      99.76 4.2857e+02    492.140      11812  1027.9192  1027.9193    33.9613    33.9614    8.38998         28 0.0000e+00
    124.000    122.681    -1.4736  27.085500    -1.4732  27.085773     6.1867     6.3462     0.2849    93.9728 1.0000e-12  -74.09520 -111.90762  27.983603      99.77 4.2926e+02    493.300      11840  1027.9244  1027.9243    33.9617    33.9616    8.38997         28 0.0000e+00
    125.000    123.668    -1.4697  27.089571    -1.4691  27.089914     6.1999     6.3556     0.1967    94.1107 1.0000e-12  -74.09520 -111.90762  27.983617      99.76 4.2889e+02    494.471      11868  1027.9293  1027.9291    33.9622    33.9621    8.38905         28 0.0000e+00
    126.000    124.659    -1.4674  27.092515    -1.4677  27.092253     6.2065     6.3574     0.2201    94.1140 1.0000e-12  -74.09520 -111.90762  27.983630      99.77 4.3008e+02    495.664      11897  1027.9347  1027.9347    33.9631    33.9630    8.38849         29 0.0000e+00
    127.000    125.649    -1.4695  27.091749    -1.4697  27.091542     6.2164     6.3698     0.2162    94.1648 1.0000e-12  -74.09520 -111.90762  27.983644      99.76 4.2957e+02    496.869      11926  1027.9402  1027.9402    33.9638    33.9637    8.38892         28 0.0000e+00
    128.000    126.636    -1.4731  27.089989    -1.4735  27.089617     6.2224     6.3818     0.1868    94.2484 1.0000e-12  -74.09520 -111.90762  27.983658      99.77 4.3022e+02    498.023      11954  1027.9460  1027.9460    33.9648    33.9647    8.38967         27 0.0000e+00
    129.000    127.625    -1.4762  27.088430    -1.4764  27.088282     6.2367     6.3829     0.2021    94.3167 1.0000e-12  -74.09520 -111.90762  27.983671      99.76 4.3052e+02    499.143      11980  1027.9516  1027.9516    33.9656    33.9656    8.39032         28 0.0000e+00
    130.000    128.615    -1.4767  27.088810    -1.4769  27.088668     6.2424     6.3941     0.2050    94.3957 1.0000e-12  -74.09520 -111.90762  27.983684      96.51 4.3099e+02    500.324      12009  1027.9568  1027.9569    33.9660    33.9661    8.39041         29 0.0000e+00
    131.000    129.603    -1.4753  27.091340    -1.4752  27.091182     6.2522     6.4003     0.1704    94.5222 1.0000e-12  -74.09520 -111.90762  27.983698      99.76 4.2887e+02    501.540      12038  1027.9625  1027.9622    33.9673    33.9669    8.39002         29 0.0000e+00
    132.000    130.593    -1.4648  27.101353    -1.4644  27.101204     6.2530     6.4048     0.2605    94.3970 1.0000e-12  -74.09520 -111.90762  27.983712      99.77 4.3033e+02    502.703      12066  1027.9677  1027.9671    33.9686    33.9679    8.38758         27 0.0000e+00
    133.000    131.581    -1.4604  27.105884    -1.4600  27.105935     6.2726     6.4181     0.4343    94.5188 1.0000e-12  -74.09520 -111.90762  27.983725      99.77 4.3160e+02    503.860      12094  1027.9727  1027.9724    33.9691    33.9688    8.38654         28 0.0000e+00
    134.000    132.571    -1.4568  27.109853    -1.4563  27.109985     6.2972     6.4411     0.2689    94.4294 1.0000e-12  -74.09520 -111.90762  27.983739      99.76 4.3051e+02    505.039      12122  1027.9780  1027.9777    33.9699    33.9696    8.38569         29 0.0000e+00
    135.000    133.560    -1.4611  27.106721    -1.4614  27.106516     6.3563     6.4933     0.2316    94.5652 1.0000e-12  -74.09520 -111.90762  27.983752      99.77 4.3073e+02    506.200      12150  1027.9830  1027.9832    33.9698    33.9700    8.38666         27 0.0000e+00
    136.000    134.549    -1.4747  27.096209    -1.4746  27.096353     6.4564     6.5831     0.2092    94.4623 1.0000e-12  -74.09520 -111.90762  27.983766      99.77 4.3173e+02    507.354      12177  1027.9890  1027.9891    33.9702    33.9703    8.38970         27 0.0000e+00
    137.000    135.539    -1.5158  27.060948    -1.5136  27.064595     6.5327     6.6645     0.2492    94.4629 1.0000e-12  -74.09520 -111.90762  27.983779      99.77 4.3080e+02    508.515      12205  1027.9943  1027.9962    33.9677    33.9703    8.39913         29 0.0000e+00
    138.000    136.525    -1.5526  27.031550    -1.5527  27.031734     6.5731     6.7030     0.3801    94.5244 1.0000e-12  -74.09520 -111.90762  27.983793      99.77 4.3117e+02    509.695      12234  1028.0016  1028.0019    33.9683    33.9687    8.40740         29 0.0000e+00
    139.000    137.516    -1.5452  27.039439    -1.5450  27.039092     6.5661     6.7079     0.4479    94.4608 1.0000e-12  -74.09520 -111.90762  27.983806      99.77 4.3191e+02    510.867      12262  1028.0071  1028.0065    33.9701    33.9694    8.40562         27 0.0000e+00
    140.000    138.506    -1.5388  27.046218    -1.5388  27.046192     6.5533     6.7039     0.5635    94.2850 1.0000e-12  -74.09520 -111.90762  27.983820      99.77 4.3085e+02    512.011      12289  1028.0124  1028.0124    33.9716    33.9716    8.40409         27 0.0000e+00
    141.000    139.493    -1.5395  27.046736    -1.5395  27.046731     6.5406     6.6934     0.7951    94.3509 1.0000e-12  -74.09520 -111.90762  27.983833      90.36 4.3191e+02    513.164      12317  1028.0179  1028.0179    33.9725    33.9725    8.40420         29 0.0000e+00
    142.000    140.483    -1.5392  27.047776    -1.5393  27.047680     6.5230     6.6893     0.8622    94.2456 1.0000e-12  -74.09520 -111.90762  27.983847      99.72 4.3191e+02    514.348      12345  1028.0230  1028.0229    33.9730    33.9730    8.40411         28 0.0000e+00
    143.000    141.472    -1.5396  27.048466    -1.5396  27.048276     6.5080     6.6761     0.7918    94.2120 1.0000e-12  -74.09520 -111.90762  27.983860      99.77 4.3191e+02    515.521      12374  1028.0283  1028.0280    33.9738    33.9736    8.40415         28 0.0000e+00
    144.000    142.460    -1.5398  27.049180    -1.5397  27.048991     6.5009     6.6648     0.9806    93.8193 1.0000e-12  -74.09520 -111.90762  27.983873      99.77 4.3191e+02    516.656      12401  1028.0334  1028.0331    33.9743    33.9740    8.40415         27 0.0000e+00
    145.000    143.450    -1.5401  27.049853    -1.5400  27.049654     6.4910     6.6599     0.9880    94.0598 1.0000e-12  -74.09520 -111.90762  27.983887      99.76 4.3191e+02    517.817      12429  1028.0386  1028.0384    33.9750    33.9747    8.40418         29 0.0000e+00
    146.000    144.438    -1.5406  27.050694    -1.5406  27.050482     6.4865     6.6482     1.1448    93.7313 1.0000e-12  -74.09520 -111.90762  27.983901      57.70 4.3191e+02    519.013      12457  1028.0443  1028.0440    33.9761    33.9758    8.40423         28 0.0000e+00
    147.000    145.428    -1.5409  27.051332    -1.5409  27.051171     6.4759     6.6430     1.3402    93.6766 1.0000e-12  -74.09520 -111.90762  27.983914      99.92 4.3191e+02    520.192      12486  1028.0495  1028.0494    33.9767    33.9764    8.40426         28 0.0000e+00
    148.000    146.417    -1.5412  27.051985    -1.5412  27.051755     6.4731     6.6350     1.1543    93.6706 1.0000e-12  -74.09520 -111.90762  27.983928      99.77 4.3191e+02    521.341      12513  1028.0548  1028.0546    33.9774    33.9770    8.40430         27 0.0000e+00
    149.000    147.405    -1.5418  27.052633    -1.5417  27.052475     6.4680     6.6336     0.8137    93.4911 1.0000e-12  -74.09520 -111.90762  27.983941      99.76 4.3204e+02    522.490      12541  1028.0603  1028.0601    33.9782    33.9779    8.40437         28 0.0000e+00
    150.000    148.394    -1.5419  27.053643    -1.5418  27.053415     6.4599     6.6305     0.7452    93.3440 1.0000e-12  -74.09520 -111.90763  27.983955      99.77 4.3135e+02    523.682      12569  1028.0659  1028.0655    33.9792    33.9787    8.40435         29 0.0000e+00
    151.000    149.383    -1.5420  27.054390    -1.5419  27.054312     6.4594     6.6282     0.6932    93.7174 1.0000e-12  -74.09520 -111.90763  27.983968      99.77 4.3070e+02    524.873      12598  1028.0710  1028.0709    33.9796    33.9795    8.40433         28 0.0000e+00
    152.000    150.372    -1.5428  27.054632    -1.5428  27.054539     6.4503     6.6265     0.8370    93.3459 1.0000e-12  -74.09520 -111.90763  27.983981      96.11 4.3197e+02    525.998      12625  1028.0710  1028.0762    33.9804    33.9801    8.40449         27 0.0000e+00
    153.000    151.360    -1.5435  27.055489    -1.5436  27.055335     6.4413     6.6110     1.0050    92.9845 1.0000e-12  -74.09520 -111.90762  27.983995      99.27 4.3166e+02    527.128      12652  1028.0822  1028.0822    33.9817    33.9815    8.40456         28 0.0000e+00
    154.000    152.350    -1.5439  27.056465    -1.5439  27.056316     6.4381     6.6059     0.6864    92.9433 1.0000e-12  -74.09520 -111.90764  27.984008      99.76 4.2997e+02    528.300      12680  1028.0880  1028.0878    33.9828    33.9826    8.40457         28 0.0000e+00
    155.000    153.339    -1.5442  27.057384    -1.5441  27.057224     6.4260     6.6039     0.8809    93.1883 1.0000e-12  -74.09520 -111.90762  27.984021      99.76 4.3164e+02    529.455      12708  1028.0936  1028.0934    33.9838    33.9835    8.40458         27 0.0000e+00
    156.000    154.327    -1.5440  27.059408    -1.5439  27.059205     6.4372     6.6065     0.5597    93.5656 1.0000e-12  -74.09520 -111.90763  27.984035      99.76 4.3159e+02    530.602      12735  1028.1000  1028.0996    33.9858    33.9853    8.40443         28 0.0000e+00
    157.000    155.317    -1.5455  27.059198    -1.5445  27.059722     6.4522     6.6101     0.6861    93.1845 1.0000e-12  -74.09520 -111.90763  27.984048      99.78 4.3009e+02    531.763      12763  1028.1054  1028.1050    33.9865    33.9861    8.40471         28 0.0000e+00
    158.000    156.305    -1.5467  27.058722    -1.5468  27.058391     6.4395     6.6089     0.7716    93.8048 1.0000e-12  -74.09520 -111.90763  27.984062      99.77 4.3187e+02    532.954      12792  1028.1104  1028.1101    33.9866    33.9863    8.40498         28 0.0000e+00
    159.000    157.294    -1.5482  27.058219    -1.5482  27.057847     6.4563     6.6113     0.6058    93.9575 1.0000e-12  -74.09520 -111.90764  27.984075      99.76 4.3185e+02    534.120      12820  1028.1156  1028.1152    33.9871    33.9866    8.40530         28 0.0000e+00
    160.000    158.283    -1.5489  27.058290    -1.5490  27.057982     6.4562     6.6211     0.6292    93.2411 1.0000e-12  -74.09520 -111.90762  27.984089      99.77 4.3134e+02    535.273      12848  1028.1206  1028.1203    33.9873    33.9870    8.40544         28 0.0000e+00
    161.000    159.272    -1.5507  27.057438    -1.5505  27.057380     6.4542     6.6223     0.7809    93.8051 1.0000e-12  -74.09520 -111.90764  27.984102      99.77 4.3178e+02    536.423      12875  1028.1257  1028.1254    33.9875    33.9872    8.40583         28 0.0000e+00
    162.000    160.261    -1.5515  27.057615    -1.5514  27.057318     6.4580     6.6204     0.5602    93.9992 1.0000e-12  -74.09520 -111.90763  27.984116      99.77 4.3203e+02    537.596      12903  1028.1309  1028.1305    33.9880    33.9876    8.40598         28 0.0000e+00
    163.000    161.251    -1.5508  27.059759    -1.5505  27.059468     6.4482     6.6133     0.4313    94.0703 1.0000e-12  -74.09520 -111.90763  27.984129      90.95 4.3139e+02    538.736      12931  1028.1369  1028.1363    33.9896    33.9889    8.40573         27 0.0000e+00
    164.000    162.238    -1.5490  27.062590    -1.5488  27.062381     6.4393     6.6058     0.5183    93.9239 1.0000e-12  -74.09520 -111.90763  27.984142      99.73 4.3128e+02    539.891      12958  1028.1427  1028.1421    33.9909    33.9903    8.40526         28 0.0000e+00
    165.000    163.228    -1.5464  27.066145    -1.5463  27.065859     6.4255     6.5939     1.0005    93.8883 1.0000e-12  -74.09520 -111.90762  27.984156      99.76 4.3096e+02    541.063      12987  1028.1483  1028.1479    33.9922    33.9917    8.40459         28 0.0000e+00
    166.000    164.218    -1.5419  27.071662    -1.5419  27.071051     6.4058     6.5762     0.5850    94.0197 1.0000e-12  -74.09520 -111.90764  27.984169      99.77 4.3147e+02    542.228      13014  1028.1543  1028.1536    33.9940    33.9931    8.40346         28 0.0000e+00
    167.000    165.206    -1.5367  27.077786    -1.5365  27.077354     6.4004     6.5632     0.4659    93.9693 1.0000e-12  -74.09520 -111.90762  27.984183      99.77 4.3143e+02    543.398      13043  1028.1604  1028.1597    33.9959    33.9951    8.40216         26 0.0000e+00
    168.000    166.195    -1.5344  27.081143    -1.5341  27.080885     6.3967     6.5535     0.3215    94.0651 1.0000e-12  -74.09520 -111.90763  27.984196      99.76 4.2955e+02    544.576      13071  1028.1662  1028.1656    33.9974    33.9966    8.40156         28 0.0000e+00
    169.000    167.183    -1.5329  27.083305    -1.5327  27.083118     6.3868     6.5519     0.3898    94.1206 1.0000e-12  -74.09520 -111.90762  27.984210      99.78 4.3098e+02    545.741      13099  1028.1715  1028.1711    33.9980    33.9975    8.40119         28 0.0000e+00
    170.000    168.172    -1.5303  27.086638    -1.5301  27.086341     6.3952     6.5490     0.2669    94.3656 1.0000e-12  -74.09520 -111.90762  27.984223      99.77 4.3165e+02    546.887      13126  1028.1770  1028.1764    33.9990    33.9983    8.40054         28 0.0000e+00
    171.000    169.161    -1.5297  27.087616    -1.5294  27.087459     6.3945     6.5512     0.5866    94.4727 1.0000e-12  -74.09520 -111.90762  27.984237      99.77 4.3067e+02    548.041      13154  1028.1819  1028.1814    33.9991    33.9985    8.40040         27 0.0000e+00
    172.000    170.150    -1.5290  27.088858    -1.5286  27.088826     6.3932     6.5566     0.2416    94.3125 1.0000e-12  -74.09520 -111.90762  27.984250      99.77 4.3161e+02    549.212      13182  1028.1869  1028.1864    33.9994    33.9988    8.40023         28 0.0000e+00
    173.000    171.138    -1.5289  27.089595    -1.5284  27.089592     6.3959     6.5535     0.2220    93.8356 1.0000e-12  -74.09520 -111.90762  27.984264      99.77 4.3140e+02    550.375      13210  1028.1919  1028.1914    33.9996    33.9990    8.40019         28 0.0000e+00
    174.000    172.128    -1.5287  27.090303    -1.5284  27.090073     6.3929     6.5547     0.3715    94.1583 1.0000e-12  -74.09520 -111.90762  27.984277      99.77 4.3204e+02    551.530      13238  1028.1968  1028.1962    33.9997    33.9990    8.40012         28 0.0000e+00
    175.000    173.115    -1.5271  27.092821    -1.5266  27.092756     6.3857     6.5555     0.4351    94.3450 1.0000e-12  -74.09520 -111.90762  27.984290      99.40 4.3040e+02    552.698      13266  1028.2024  1028.2018    34.0007    34.0001    8.39970         29 0.0000e+00
