ocean_section_plots/required_files/ctd/dnbp2202_ctd270.cnv
* Sea-Bird SBE 9 Data File:
* FileName = D:\Data\raw\NBP2202_CTD270.hex
* Software Version Seasave V 7.26.7.121
* Temperature SN = 1649
* Conductivity SN = 2513
* Number of Bytes Per Scan = 40
* Number of Voltage Words = 5
* Number of Scans Averaged by the Deck Unit = 1
* NMEA Latitude = 73 44.89 S
* NMEA Longitude = 116 50.02 W
* NMEA UTC (Time) = Feb 20 2022  18:26:33
* NMEA baud rate = 9600
** Ship: RVIB N.B. Palmer
** Cruise: NBP2202 Thwaites
** Station: 173
** Operator: A. Robinson
# nquan = 28
# nvalues = 751                         
# units = specified
# name 0 = prDM: Pressure, Digiquartz [db]
# name 1 = depSM: Depth [salt water, m]
# name 2 = t090C: Temperature [ITS-90, deg C]
# name 3 = c0mS/cm: Conductivity [mS/cm]
# name 4 = t190C: Temperature, 2 [ITS-90, deg C]
# name 5 = c1mS/cm: Conductivity, 2 [mS/cm]
# name 6 = sbeox0ML/L: Oxygen, SBE 43 [ml/l]
# name 7 = sbeox1ML/L: Oxygen, SBE 43, 2 [ml/l]
# name 8 = flECO-AFL: Fluorescence, WET Labs ECO-AFL/FL [mg/m^3]
# name 9 = CStarTr0: Beam Transmission, WET Labs C-Star [%]
# name 10 = par: PAR/Irradiance, Biospherical/Licor
# name 11 = latitude: Latitude [deg]
# name 12 = longitude: Longitude [deg]
# name 13 = timeJ: Julian Days
# name 14 = altM: Altimeter [m]
# name 15 = spar: SPAR, Biospherical/Licor
# name 16 = timeS: Time, Elapsed [seconds]
# name 17 = scan: Scan Count
# name 18 = density00: Density [density, kg/m^3]
# name 19 = density11: Density, 2 [density, kg/m^3]
# name 20 = v3: Voltage 3
# name 21 = v4: Voltage 4
# name 22 = v5: Voltage 5
# name 23 = sal00: Salinity, Practical [PSU]
# name 24 = sal11: Salinity, Practical, 2 [PSU]
# name 25 = oxsolML/L: Oxygen Saturation, Garcia & Gordon [ml/l]
# name 26 = nbin: number of scans per bin
# name 27 = flag: flag
# span 0 =      3.000,    753.000       
# span 1 =      2.966,    743.872       
# span 2 =    -1.7708,     0.4784       
# span 3 =  26.982125,  29.427040       
# span 4 =    -1.7700,     0.4810       
# span 5 =  26.982559,  29.427698       
# span 6 =     4.6326,     8.7484       
# span 7 =     4.7620,     9.0915       
# span 8 =     0.2003,    10.4225       
# span 9 =    87.6811,    97.9196       
# span 10 = 1.0000e-12, 1.3775e+02      
# span 11 =  -73.74828,  -73.74826      
# span 12 = -116.83372, -116.83368      
# span 13 =  51.770774,  51.780874      
# span 14 =       2.84,     100.18      
# span 15 = 3.0067e+02, 3.9749e+02      
# span 16 =    201.903,   1074.519      
# span 17 =       4847,      25789      
# span 18 =  1027.0936,  1031.2471      
# span 19 =  1027.0943,  1031.2453      
# span 20 =     4.1596,     4.6451      
# span 21 =     0.0957,     1.6432      
# span 22 =     0.1112,     0.2094      
# span 23 =    33.7250,    34.5259      
# span 24 =    33.7254,    34.5238      
# span 25 =    7.93753,    8.44939      
# span 26 =         20,         49      
# span 27 = 0.0000e+00, 0.0000e+00      
# interval = decibars: 1                
# start_time = Feb 20 2022 18:26:33 [NMEA time, header]
# bad_flag = -9.990e-29
*END*
[from data line 156]
    159.000    157.296    -1.5725  27.078098    -1.5719  27.079745     6.6258     6.8336     1.5179    95.5430 1.0000e-12  -73.74826 -116.83368  51.773411      99.91 3.7021e+02    429.721      10314  1028.1621  1028.1633     4.5325     0.3986     0.1306    34.0423    34.0439    8.40750         24 0.0000e+00
    160.000    158.287    -1.5707  27.082175    -1.5706  27.082157     6.6160     6.8301     1.6373    95.2607 1.0000e-12  -73.74826 -116.83368  51.773423      99.93 3.7002e+02    430.777      10340  1028.1690  1028.1689     4.5191     0.2540     0.1316    34.0453    34.0451    8.40691         27 0.0000e+00
    161.000    159.274    -1.5728  27.081071    -1.5722  27.081628     6.5802     6.8063     2.1527    95.7276 1.0000e-12  -73.74826 -116.83368  51.773436      99.91 3.6974e+02    431.881      10366  1028.1740  1028.1741     4.5412     0.3578     0.1356    34.0455    34.0456    8.40737         26 0.0000e+00
    162.000    160.262    -1.5938  27.064759    -1.5938  27.065195     6.5621     6.7819     1.2890    95.9176 1.0000e-12  -73.74826 -116.83368  51.773448      99.92 3.6897e+02    432.926      10391  1028.1806  1028.1811     4.5502     0.2965     0.1250    34.0463    34.0469    8.41208         23 0.0000e+00
    163.000    161.254    -1.6094  27.053886    -1.6089  27.054283     6.5458     6.7706     1.7460    96.1588 1.0000e-12  -73.74826 -116.83368  51.773459      99.91 3.6942e+02    433.891      10414  1028.1880  1028.1879     4.5616     0.3740     0.1304    34.0484    34.0484    8.41548         22 0.0000e+00
    164.000    162.242    -1.6092  27.054597    -1.6087  27.054990     6.5272     6.7530     2.0790    96.0872 1.0000e-12  -73.74826 -116.83368  51.773470      99.93 3.6916e+02    434.775      10436  1028.1927  1028.1926     4.5583     0.3079     0.1307    34.0486    34.0485    8.41543         22 0.0000e+00
    165.000    163.231    -1.6185  27.048355    -1.6179  27.048882     6.5163     6.7362     1.8634    95.9245 1.0000e-12  -73.74826 -116.83368  51.773480      99.91 3.6876e+02    435.692      10458  1028.1990  1028.1990     4.5505     0.3724     0.1285    34.0500    34.0499    8.41746         23 0.0000e+00
    166.000    164.220    -1.6242  27.045610    -1.6238  27.045866     6.5074     6.7261     1.3609    95.5048 1.0000e-12  -73.74826 -116.83368  51.773492      99.93 3.6877e+02    436.733      10483  1028.2056  1028.2055     4.5308     0.2540     0.1303    34.0520    34.0519    8.41862         27 0.0000e+00
    167.000    165.207    -1.6269  27.044202    -1.6263  27.044724     6.5078     6.7247     1.3769    95.9660 1.0000e-12  -73.74826 -116.83368  51.773505      99.94 3.6773e+02    437.863      10510  1028.2108  1028.2108     4.5524     0.2254     0.1340    34.0525    34.0526    8.41920         27 0.0000e+00
    168.000    166.198    -1.6283  27.044314    -1.6275  27.044788     6.5114     6.7232     1.3333    96.2037 1.0000e-12  -73.74826 -116.83368  51.773518      99.93 3.6872e+02    438.956      10536  1028.2164  1028.2162     4.5638     0.2493     0.1300    34.0536    34.0534    8.41945         25 0.0000e+00
    169.000    167.186    -1.6279  27.045783    -1.6271  27.046254     6.5194     6.7253     1.4583    96.0905 1.0000e-12  -73.74826 -116.83368  51.773530      94.33 3.6893e+02    439.952      10560  1028.2218  1028.2216     4.5584     0.2195     0.1384    34.0545    34.0543    8.41931         22 0.0000e+00
    170.000    168.175    -1.6274  27.047270    -1.6265  27.047821     6.5169     6.7286     2.1059    95.8836 1.0000e-12  -73.74826 -116.83368  51.773540      99.90 3.6868e+02    440.850      10581  1028.2272  1028.2270     4.5486     0.2509     0.1295    34.0555    34.0552    8.41915         22 0.0000e+00
    171.000    169.164    -1.6260  27.049202    -1.6251  27.049888     6.5231     6.7256     1.1072    95.7994 1.0000e-12  -73.74826 -116.83368  51.773550      99.91 3.6868e+02    441.760      10603  1028.2322  1028.2321     4.5446     0.3682     0.1352    34.0559    34.0558    8.41880         22 0.0000e+00
    172.000    170.152    -1.6270  27.049963    -1.6263  27.050564     6.5308     6.7310     1.3362    95.6619 1.0000e-12  -73.74826 -116.83368  51.773562      99.93 3.6872e+02    442.761      10627  1028.2382  1028.2382     4.5383     0.2441     0.1283    34.0574    34.0575    8.41892         25 0.0000e+00
    173.000    171.141    -1.6372  27.043429    -1.6366  27.043810     6.5274     6.7282     0.9720    96.3285 1.0000e-12  -73.74826 -116.83368  51.773574      99.92 3.6906e+02    443.826      10653  1028.2451  1028.2450     4.5694     0.2623     0.1290    34.0594    34.0593    8.42113         26 0.0000e+00
    174.000    172.132    -1.6507  27.033644    -1.6498  27.034195     6.5095     6.7259     1.2130    95.9462 1.0000e-12  -73.74826 -116.83368  51.773587      99.93 3.6788e+02    444.916      10679  1028.2517  1028.2515     4.5516     0.2204     0.1249    34.0606    34.0604    8.42411         26 0.0000e+00
    175.000    173.118    -1.6530  27.033031    -1.6524  27.033428     6.4968     6.7080     1.0106    95.6673 1.0000e-12  -73.74826 -116.83368  51.773599      99.93 3.6896e+02    445.942      10704  1028.2575  1028.2573     4.5383     0.2232     0.1286    34.0619    34.0617    8.42458         24 0.0000e+00
    176.000    174.109    -1.6534  27.034163    -1.6527  27.034635     6.4918     6.6985     1.0218    95.3727 1.0000e-12  -73.74826 -116.83368  51.773610      99.91 3.6937e+02    446.884      10726  1028.2633  1028.2631     4.5244     0.3182     0.1343    34.0632    34.0630    8.42458         21 0.0000e+00
    177.000    175.097    -1.6537  27.034510    -1.6530  27.034896     6.4758     6.6896     1.0452    95.9630 1.0000e-12  -73.74826 -116.83368  51.773620      99.93 3.6851e+02    447.783      10748  1028.2682  1028.2679     4.5524     0.2774     0.1321    34.0635    34.0632    8.42464         22 0.0000e+00
    178.000    176.086    -1.6541  27.035275    -1.6533  27.035781     6.4632     6.6784     1.2127    95.9549 1.0000e-12  -73.74826 -116.83368  51.773631      99.93 3.6768e+02    448.736      10771  1028.2736  1028.2734     4.5520     0.2467     0.1253    34.0643    34.0641    8.42467         25 0.0000e+00
    179.000    177.076    -1.6543  27.036349    -1.6536  27.036836     6.4490     6.6616     1.5714    96.2840 1.0000e-12  -73.74826 -116.83368  51.773643      99.92 3.6829e+02    449.777      10796  1028.2792  1028.2790     4.5676     0.2782     0.1288    34.0654    34.0652    8.42465         25 0.0000e+00
    180.000    178.062    -1.6548  27.037471    -1.6540  27.037920     6.4410     6.6512     1.2394    96.1650 1.0000e-12  -73.74826 -116.83369  51.773656      99.93 3.6844e+02    450.870      10822  1028.2851  1028.2849     4.5619     0.2926     0.1305    34.0669    34.0666    8.42467         26 0.0000e+00
    181.000    179.052    -1.6550  27.038716    -1.6542  27.039114     6.4331     6.6486     1.0568    96.1514 1.0000e-12  -73.74826 -116.83369  51.773668      93.86 3.6844e+02    451.936      10847  1028.2910  1028.2907     4.5613     0.2787     0.1269    34.0683    34.0679    8.42465         25 0.0000e+00
    182.000    180.041    -1.6550  27.039954    -1.6543  27.040420     6.4324     6.6400     1.4020    96.1881 1.0000e-12  -73.74826 -116.83369  51.773680      96.41 3.6844e+02    452.919      10871  1028.2966  1028.2964     4.5631     0.2134     0.1288    34.0693    34.0691    8.42458         23 0.0000e+00
    183.000    181.029    -1.6556  27.040299    -1.6547  27.040861     6.4289     6.6370     0.8294    96.2249 1.0000e-12  -73.74826 -116.83369  51.773690      99.03 3.6844e+02    453.837      10893  1028.3018  1028.3016     4.5648     0.2212     0.1273    34.0698    34.0696    8.42468         22 0.0000e+00
    184.000    182.019    -1.6566  27.040275    -1.6559  27.040681     6.4246     6.6368     1.1309    96.4510 1.0000e-12  -73.74826 -116.83369  51.773701      99.90 3.6844e+02    454.787      10916  1028.3071  1028.3068     4.5755     0.2692     0.1263    34.0704    34.0700    8.42488         24 0.0000e+00
    185.000    183.005    -1.6593  27.039159    -1.6584  27.039657     6.4283     6.6387     1.1029    96.6318 1.0000e-12  -73.74826 -116.83369  51.773714      99.94 3.6844e+02    455.851      10941  1028.3127  1028.3124     4.5840     0.2053     0.1285    34.0713    34.0709    8.42544         26 0.0000e+00
    186.000    183.996    -1.6608  27.038704    -1.6599  27.039130     6.4228     6.6358     1.6311    96.4620 1.0000e-12  -73.74826 -116.83369  51.773726      99.91 3.6844e+02    456.943      10968  1028.3179  1028.3175     4.5761     0.3307     0.1256    34.0717    34.0712    8.42575         26 0.0000e+00
    187.000    184.986    -1.6608  27.039167    -1.6600  27.039486     6.4237     6.6383     1.2474    96.6809 1.0000e-12  -73.74826 -116.83370  51.773738      99.91 3.6815e+02    457.972      10992  1028.3226  1028.3223     4.5864     0.3337     0.1264    34.0717    34.0712    8.42575         24 0.0000e+00
    188.000    185.973    -1.6616  27.038933    -1.6609  27.039327     6.4265     6.6369     1.0793    96.3539 1.0000e-12  -73.74826 -116.83370  51.773749      99.93 3.6684e+02    458.939      11016  1028.3275  1028.3272     4.5709     0.2576     0.1253    34.0717    34.0714    8.42594         22 0.0000e+00
    189.000    186.962    -1.6687  27.034080    -1.6686  27.034196     6.4301     6.6319     1.0640    96.2833 1.0000e-12  -73.74826 -116.83370  51.773760      99.92 3.6708e+02    459.864      11038  1028.3333  1028.3333     4.5675     0.2400     0.1471    34.0724    34.0725    8.42750         22 0.0000e+00
    190.000    187.952    -1.6734  27.031295    -1.6726  27.031843     6.4348     6.6284     1.0102    96.2515 1.0000e-12  -73.74826 -116.83370  51.773771      99.93 3.6696e+02    460.835      11061  1028.3390  1028.3388     4.5660     0.2725     0.1390    34.0733    34.0731    8.42852         25 0.0000e+00
    191.000    188.939    -1.6733  27.031768    -1.6723  27.032232     6.4339     6.6300     0.8824    96.3107 1.0000e-12  -73.74826 -116.83370  51.773783      99.94 3.6647e+02    461.864      11086  1028.3437  1028.3432     4.5688     0.1809     0.1243    34.0732    34.0728    8.42850         25 0.0000e+00
    192.000    189.930    -1.6733  27.032073    -1.6726  27.032455     6.4394     6.6393     0.7633    96.6023 1.0000e-12  -73.74826 -116.83370  51.773795      99.94 3.6512e+02    462.893      11110  1028.3482  1028.3480     4.5827     0.2139     0.1238    34.0731    34.0728    8.42851         24 0.0000e+00
    193.000    190.916    -1.6759  27.030619    -1.6745  27.030995     6.4367     6.6395     0.8652    96.4869 1.0000e-12  -73.74826 -116.83370  51.773807      99.93 3.6492e+02    463.899      11135  1028.3535  1028.3525     4.5773     0.1921     0.1331    34.0734    34.0723    8.42909         24 0.0000e+00
    194.000    191.907    -1.6775  27.030053    -1.6766  27.030530     6.4332     6.6388     0.9374    96.2368 1.0000e-12  -73.74826 -116.83370  51.773818      99.93 3.6492e+02    464.877      11158  1028.3586  1028.3583     4.5653     0.2098     0.1234    34.0738    34.0734    8.42942         23 0.0000e+00
    195.000    192.895    -1.6795  27.029139    -1.6788  27.029523     6.4288     6.6419     1.3810    96.3801 1.0000e-12  -73.74826 -116.83370  51.773829      91.12 3.6492e+02    465.845      11181  1028.3638  1028.3636     4.5721     0.2196     0.1274    34.0742    34.0739    8.42986         23 0.0000e+00
    196.000    193.883    -1.6821  27.027698    -1.6815  27.027988     6.4346     6.6414     1.1889    96.1684 1.0000e-12  -73.74826 -116.83370  51.773841      98.08 3.6492e+02    466.842      11205  1028.3690  1028.3687     4.5621     0.2438     0.1233    34.0745    34.0742    8.43042         25 0.0000e+00
    197.000    194.872    -1.6828  27.027548    -1.6820  27.028036     6.4418     6.6473     0.9627    96.1088 1.0000e-12  -73.74826 -116.83370  51.773853      59.94 3.6355e+02    467.905      11231  1028.3738  1028.3736     4.5594     0.1573     0.1211    34.0745    34.0743    8.43059         26 0.0000e+00
    198.000    195.862    -1.6845  27.026763    -1.6838  27.027134     6.4382     6.6383     0.8652    96.6307 1.0000e-12  -73.74826 -116.83370  51.773865      94.01 3.6301e+02    468.952      11256  1028.3788  1028.3785     4.5840     0.2123     0.1239    34.0747    34.0744    8.43096         25 0.0000e+00
    199.000    196.849    -1.6902  27.022945    -1.6896  27.023335     6.4474     6.6437     0.8544    96.3945 1.0000e-12  -73.74826 -116.83370  51.773877      99.92 3.6299e+02    469.936      11279  1028.3844  1028.3843     4.5728     0.2620     0.1254    34.0753    34.0752    8.43222         22 0.0000e+00
    200.000    197.839    -1.6911  27.023023    -1.6902  27.023493     6.4487     6.6487     0.9625    96.6873 1.0000e-12  -73.74826 -116.83370  51.773887      99.93 3.6193e+02    470.875      11302  1028.3895  1028.3893     4.5867     0.2056     0.1312    34.0758    34.0755    8.43238         23 0.0000e+00
    201.000    198.827    -1.6918  27.022860    -1.6911  27.023287     6.4527     6.6525     1.0146    96.4416 1.0000e-12  -73.74826 -116.83370  51.773898      99.92 3.6074e+02    471.824      11325  1028.3943  1028.3941     4.5751     0.3089     0.1264    34.0758    34.0756    8.43256         22 0.0000e+00
    202.000    199.816    -1.6964  27.020081    -1.6957  27.020436     6.4557     6.6602     0.9267    96.3729 1.0000e-12  -73.74826 -116.83370  51.773910      99.93 3.6100e+02    472.828      11349  1028.4000  1028.3997     4.5718     0.2111     0.1185    34.0766    34.0763    8.43355         27 0.0000e+00
    203.000    200.804    -1.6985  27.018880    -1.6977  27.019445     6.4605     6.6615     0.8693    96.5283 1.0000e-12  -73.74826 -116.83370  51.773923      99.94 3.6005e+02    473.924      11375  1028.4050  1028.4048     4.5792     0.1923     0.1205    34.0767    34.0766    8.43403         26 0.0000e+00
    204.000    201.793    -1.7052  27.013981    -1.7044  27.014658     6.4595     6.6611     0.7237    96.6528 1.0000e-12  -73.74826 -116.83370  51.773935      99.93 3.5900e+02    474.969      11400  1028.4103  1028.4102     4.5851     0.2552     0.1220    34.0769    34.0769    8.43554         23 0.0000e+00
    205.000    202.782    -1.7096  27.011549    -1.7087  27.011956     6.4581     6.6579     0.9624    96.9480 1.0000e-12  -73.74826 -116.83370  51.773946      99.94 3.5776e+02    475.934      11423  1028.4161  1028.4157     4.5991     0.1749     0.1220    34.0779    34.0775    8.43647         23 0.0000e+00
    206.000    203.770    -1.7102  27.011678    -1.7092  27.012225     6.4514     6.6541     0.6051    96.7983 1.0000e-12  -73.74826 -116.83370  51.773957      99.94 3.5633e+02    476.859      11446  1028.4211  1028.4207     4.5920     0.2073     0.1261    34.0782    34.0778    8.43660         22 0.0000e+00
    207.000    204.762    -1.7085  27.013807    -1.7082  27.013566     6.4429     6.6447     0.7098    96.3410 1.0000e-12  -73.74826 -116.83370  51.773968      99.93 3.5610e+02    477.820      11469  1028.4260  1028.4254     4.5703     0.2526     0.1235    34.0785    34.0779    8.43619         24 0.0000e+00
    208.000    205.746    -1.7074  27.015215    -1.7066  27.015454     6.4381     6.6472     1.0697    96.7058 1.0000e-12  -73.74826 -116.83370  51.773980      99.93 3.5398e+02    478.832      11493  1028.4307  1028.4302     4.5876     0.2096     0.1249    34.0786    34.0780    8.43594         26 0.0000e+00
    209.000    206.738    -1.7048  27.018274    -1.7039  27.018623     6.4374     6.6333     0.8474    96.7889 1.0000e-12  -73.74826 -116.83370  51.773992      99.87 3.5237e+02    479.913      11519  1028.4358  1028.4353     4.5915     0.2619     0.1194    34.0792    34.0787    8.43530         25 0.0000e+00
