ocean_section_plots/required_files/ctd/dnbp2202_ctd178.cnv
* Sea-Bird SBE 9 Data File:
* FileName = D:\Data\raw\NBP2202_CTD178.hex
* Software Version Seasave V 7.26.7.121
* Temperature SN = 1649
* Conductivity SN = 2513
* Number of Bytes Per Scan = 40
* Number of Voltage Words = 5
* Number of Scans Averaged by the Deck Unit = 1
* NMEA Latitude = 74 02.10 S
* NMEA Longitude = 111 18.39 W
* NMEA UTC (Time) = Feb 03 2022  22:42:36
* NMEA baud rate = 9600
** Ship: RVIB N.B. Palmer
** Cruise: NBP2202 Thwaites
** Station: 100
** Operator: A. Robinson
# nquan = 28
# nvalues = 464                         
# units = specified
# name 0 = prDM: Pressure, Digiquartz [db]
# name 1 = depSM: Depth [salt water, m]
# name 2 = t090C: Temperature [ITS-90, deg C]
# name 3 = c0mS/cm: Conductivity [mS/cm]
# name 4 = t190C: Temperature, 2 [ITS-90, deg C]
# name 5 = c1mS/cm: Conductivity, 2 [mS/cm]
# name 6 = sbeox0ML/L: Oxygen, SBE 43 [ml/l]
# name 7 = sbeox1ML/L: Oxygen, SBE 43, 2 [ml/l]
# name 8 = flECO-AFL: Fluorescence, WET Labs ECO-AFL/FL [mg/m^3]
# name 9 = CStarTr0: Beam Transmission, WET Labs C-Star [%]
# name 10 = par: PAR/Irradiance, Biospherical/Licor
# name 11 = latitude: Latitude [deg]
# name 12 = longitude: Longitude [deg]
# name 13 = timeJ: Julian Days
# name 14 = altM: Altimeter [m]
# name 15 = spar: SPAR, Biospherical/Licor
# name 16 = timeS: Time, Elapsed [seconds]
# name 17 = scan: Scan Count
# name 18 = density00: Density [density, kg/m^3]
# name 19 = density11: Density, 2 [density, kg/m^3]
# name 20 = v3: Voltage 3
# name 21 = v4: Voltage 4
# name 22 = v5: Voltage 5
# name 23 = sal00: Salinity, Practical [PSU]
# name 24 = sal11: Salinity, Practical, 2 [PSU]
# name 25 = oxsolML/L: Oxygen Saturation, Garcia & Gordon [ml/l]
# name 26 = nbin: number of scans per bin
# name 27 = flag: flag
# span 0 =      2.000,    465.000       
# span 1 =      1.984,    459.679       
# span 2 =    -1.5538,     0.1587       
# span 3 =  26.993238,  28.973353       
# span 4 =    -1.5546,     0.1572       
# span 5 =  26.993624,  28.969313       
# span 6 =     4.7733,     7.3875       
# span 7 =     4.8970,     7.5828       
# span 8 =    -0.0142,     8.1642       
# span 9 =    83.5579,    98.8633       
# span 10 = 1.0000e-12, 1.0785e+03      
# span 11 =  -74.03504,  -74.03502      
# span 12 = -111.30670, -111.30656      
# span 13 =  34.949109,  34.956976      
# span 14 =       6.32,     101.03      
# span 15 = 6.7825e+02, 1.6906e+03      
# span 16 =    247.047,    926.750      
# span 17 =       5930,      22243      
# span 18 =  1027.1738,  1029.8621      
# span 19 =  1027.1751,  1029.8595      
# span 20 =     3.9643,     4.6899      
# span 21 =     0.0647,     1.2753      
# span 22 =     0.1120,     0.1615      
# span 23 =    33.7707,    34.4558      
# span 24 =    33.7742,    34.4523      
# span 25 =    8.00753,    8.40803      
# span 26 =         15,         46      
# span 27 = 0.0000e+00, 0.0000e+00      
# interval = decibars: 1                
# start_time = Feb 03 2022 22:42:36 [NMEA time, header]
# bad_flag = -9.990e-29
*END*
[from data line 52]
     54.000     53.435    -1.3960  27.033950    -1.3969  27.034018     6.4347     6.6101     2.4952    94.2780 1.8663e-01  -74.03502 -111.30656  34.950242      99.83 1.6906e+03    344.913       8279  1027.4914  1027.4922     4.4725     0.4916     0.1393    33.8464    33.8474    8.37937         35 0.0000e+00
     55.000     54.425    -1.3941  27.036561    -1.3948  27.036729     6.5404     6.7030     2.7157    94.1523 1.6023e-01  -74.03502 -111.30656  34.950260      99.83 1.6906e+03    346.427       8315  1027.4967  1027.4976     4.4665     0.4866     0.1345    33.8471    33.8482    8.37889         37 0.0000e+00
     56.000     55.413    -1.3863  27.044617    -1.3865  27.045080     6.6782     6.8336     2.7777    93.5329 1.3625e-01  -74.03502 -111.30657  34.950277      99.84 1.6906e+03    347.947       8352  1027.5024  1027.5031     4.4372     0.4673     0.1373    33.8487    33.8496    8.37703         33 0.0000e+00
     57.000     56.403    -1.3743  27.056391    -1.3747  27.056649     6.8002     6.9570     3.0506    94.0918 1.1452e-01  -74.03502 -111.30658  34.950295      99.80 1.6906e+03    349.487       8389  1027.5083  1027.5089     4.4638     0.6064     0.1412    33.8508    33.8516    8.37423         35 0.0000e+00
     58.000     57.391    -1.3671  27.064148    -1.3668  27.064810     6.9229     7.0728     3.7977    92.4134 9.4619e-02  -74.03502 -111.30658  34.950313      99.77 1.6900e+03    351.069       8427  1027.5142  1027.5147     4.3835     0.7356     0.1460    33.8526    33.8532    8.37248         33 0.0000e+00
     59.000     58.381    -1.3560  27.075039    -1.3563  27.075177     7.0080     7.1616     4.5651    92.8527 7.7214e-02  -74.03502 -111.30658  34.950332      99.75 1.6885e+03    352.690       8466  1027.5200  1027.5204     4.4049     0.7509     0.1476    33.8544    33.8550    8.36988         38 0.0000e+00
     60.000     59.371    -1.3518  27.079447    -1.3521  27.079624     7.0881     7.2529     5.2729    91.8674 6.0830e-02  -74.03502 -111.30658  34.950351      99.74 1.6874e+03    354.317       8505  1027.5253  1027.5258     4.3582     0.8131     0.1415    33.8551    33.8557    8.36890         40 0.0000e+00
     61.000     60.360    -1.3450  27.090652    -1.3457  27.090823     7.0465     7.2209     5.8743    90.9154 4.5395e-02  -74.03502 -111.30658  34.950370      99.73 1.6864e+03    355.928       8543  1027.5356  1027.5365     4.3130     0.8304     0.1410    33.8622    33.8632    8.36697         38 0.0000e+00
     62.000     61.351    -1.3603  27.084694    -1.3614  27.084604     6.9457     7.1424     7.1752    89.2440 3.1017e-02  -74.03502 -111.30658  34.950388      99.61 1.6851e+03    357.502       8581  1027.5484  1027.5494     4.2336     1.1231     0.1526    33.8707    33.8718    8.36988         35 0.0000e+00
     63.000     62.339    -1.3711  27.078276    -1.3719  27.078344     6.8816     7.0939     7.0932    89.2373 1.7990e-02  -74.03502 -111.30658  34.950405      99.62 1.5327e+03    359.033       8618  1027.5562  1027.5570     4.2333     1.1016     0.1528    33.8736    33.8744    8.37215         37 0.0000e+00
     64.000     63.328    -1.3752  27.076052    -1.3759  27.076132     6.8562     7.0710     6.5631    87.7702 6.5767e-03  -74.03502 -111.30658  34.950423      99.68 6.7825e+02    360.551       8654  1027.5619  1027.5627     4.1640     0.9852     0.1453    33.8744    33.8753    8.37301         30 0.0000e+00
     65.000     64.318    -1.3784  27.074404    -1.3792  27.074406     6.8220     7.0320     6.2749    88.6716 1.7542e-04  -74.03502 -111.30658  34.950441      99.65 1.1535e+03    362.082       8691  1027.5676  1027.5683     4.2066     1.0287     0.1581    33.8752    33.8761    8.37369         37 0.0000e+00
     66.000     65.306    -1.3818  27.072884    -1.3826  27.072863     6.7405     6.9570     6.1555    87.1006 3.7595e-06  -74.03502 -111.30660  34.950459      99.67 1.6623e+03    363.636       8728  1027.5734  1027.5742     4.1318     0.9874     0.1518    33.8763    33.8773    8.37438         36 0.0000e+00
     67.000     66.298    -1.4006  27.065657    -1.4027  27.065363     6.6525     6.8647     6.3685    88.0031 1.0000e-12  -74.03502 -111.30660  34.950477      99.72 1.6867e+03    365.252       8767  1027.5880  1027.5897     4.1751     0.8608     0.1533    33.8871    33.8891    8.37797         37 0.0000e+00
     68.000     67.286    -1.4132  27.061782    -1.4138  27.061714     6.6001     6.8145     5.1498    89.1553 1.0000e-12  -74.03502 -111.30660  34.950497      99.74 1.6854e+03    366.930       8807  1027.6002  1027.6007     4.2296     0.8170     0.1518    33.8954    33.8960    8.38030         37 0.0000e+00
     69.000     68.276    -1.4197  27.059438    -1.4208  27.059277     6.5735     6.7938     5.2304    88.5542 1.0000e-12  -74.03502 -111.30661  34.950516      99.41 1.6853e+03    368.590       8847  1027.6081  1027.6090     4.2010     0.8728     0.1452    33.8990    33.9000    8.38157         39 0.0000e+00
     70.000     69.264    -1.4235  27.058181    -1.4240  27.058207     6.6048     6.8022     4.5978    89.6443 1.0000e-12  -74.03502 -111.30662  34.950535      99.27 1.6853e+03    370.194       8886  1027.6145  1027.6150     4.2528     0.7408     0.1523    33.9009    33.9016    8.38230         36 0.0000e+00
     71.000     70.256    -1.4243  27.058564    -1.4249  27.058599     6.6459     6.8345     4.7880    89.7331 1.0000e-12  -74.03502 -111.30662  34.950552      99.72 1.6857e+03    371.736       8923  1027.6199  1027.6204     4.2570     0.7793     0.1407    33.9018    33.9025    8.38244         32 0.0000e+00
     72.000     71.243    -1.4244  27.059315    -1.4251  27.059337     6.6621     6.8512     4.7573    92.0193 1.0000e-12  -74.03502 -111.30662  34.950570      99.81 1.6872e+03    373.226       8958  1027.6250  1027.6256     4.3654     0.5869     0.1416    33.9023    33.9031    8.38243         34 0.0000e+00
     73.000     72.233    -1.4263  27.059157    -1.4271  27.059134     6.6030     6.7937     4.2678    91.9230 1.0000e-12  -74.03502 -111.30662  34.950587      99.77 1.6873e+03    374.692       8994  1027.6308  1027.6316     4.3609     0.7137     0.1500    33.9035    33.9045    8.38276         35 0.0000e+00
     74.000     73.222    -1.4360  27.055859    -1.4368  27.055864     6.5239     6.7255     4.8057    90.8367 1.0000e-12  -74.03502 -111.30663  34.950604      99.80 1.6873e+03    376.141       9028  1027.6409  1027.6416     4.3093     0.6278     0.1494    33.9095    33.9103    8.38461         30 0.0000e+00
     75.000     74.211    -1.4396  27.054747    -1.4401  27.054713     6.5008     6.6984     3.8604    90.7928 1.0000e-12  -74.03502 -111.30664  34.950620      99.78 1.6884e+03    377.578       9063  1027.6473  1027.6478     4.3073     0.6742     0.1408    33.9113    33.9119    8.38530         35 0.0000e+00
     76.000     75.200    -1.4414  27.054605    -1.4418  27.054634     6.4809     6.6747     3.1765    91.9661 1.0000e-12  -74.03502 -111.30664  34.950637      99.76 1.6887e+03    379.028       9098  1027.6532  1027.6536     4.3628     0.7262     0.1410    33.9126    33.9131    8.38564         35 0.0000e+00
     77.000     76.189    -1.4428  27.054630    -1.4433  27.054626     6.4369     6.6274     3.2036    91.7532 1.0000e-12  -74.03502 -111.30666  34.950654      99.81 1.6888e+03    380.517       9133  1027.6587  1027.6592     4.3527     0.5675     0.1410    33.9135    33.9141    8.38589         34 0.0000e+00
     78.000     77.180    -1.4447  27.054501    -1.4451  27.054552     6.3904     6.5852     3.0968    92.2895 1.0000e-12  -74.03503 -111.30666  34.950672      97.13 1.6888e+03    382.039       9170  1027.6647  1027.6651     4.3782     0.5356     0.1434    33.9149    33.9155    8.38624         35 0.0000e+00
     79.000     78.168    -1.4454  27.054928    -1.4457  27.055000     6.3664     6.5527     3.0489    92.4605 1.0000e-12  -74.03504 -111.30666  34.950690      99.80 1.6888e+03    383.605       9208  1027.6700  1027.6704     4.3863     0.6453     0.1420    33.9157    33.9162    8.38635         38 0.0000e+00
     80.000     79.157    -1.4456  27.055503    -1.4459  27.055666     6.3228     6.5055     2.7675    93.2227 1.0000e-12  -74.03504 -111.30666  34.950708      99.83 1.6888e+03    385.204       9246  1027.6751  1027.6755     4.4224     0.4621     0.1364    33.9161    33.9167    8.38638         39 0.0000e+00
     81.000     80.147    -1.4456  27.056581    -1.4460  27.056547     6.3051     6.4935     2.1853    93.7033 1.0000e-12  -74.03504 -111.30668  34.950727      99.82 1.6887e+03    386.792       9284  1027.6805  1027.6809     4.4455     0.5212     0.1341    33.9169    33.9174    8.38632         34 0.0000e+00
     82.000     81.136    -1.4474  27.056814    -1.4478  27.056798     6.3125     6.4927     2.2216    93.6822 1.0000e-12  -74.03504 -111.30668  34.950745      99.87 1.6882e+03    388.336       9321  1027.6868  1027.6871     4.4443     0.3139     0.1300    33.9186    33.9191    8.38662         36 0.0000e+00
     83.000     82.125    -1.4507  27.056342    -1.4509  27.056433     6.3052     6.4903     1.5077    94.6899 1.0000e-12  -74.03504 -111.30668  34.950762      99.85 1.6886e+03    389.820       9357  1027.6937  1027.6941     4.4920     0.3171     0.1300    33.9211    33.9215    8.38721         36 0.0000e+00
     84.000     83.115    -1.4503  27.057403    -1.4505  27.057451     6.3046     6.4881     1.2924    94.9586 1.0000e-12  -74.03504 -111.30668  34.950778      99.86 1.6882e+03    391.245       9391  1027.6988  1027.6991     4.5048     0.2951     0.1266    33.9215    33.9218    8.38710         33 0.0000e+00
     85.000     84.104    -1.4506  27.057885    -1.4510  27.057809     6.3074     6.4790     1.3706    95.0779 1.0000e-12  -74.03504 -111.30668  34.950794      99.87 1.6879e+03    392.634       9424  1027.7040  1027.7041     4.5104     0.2631     0.1245    33.9219    33.9222    8.38716         34 0.0000e+00
     86.000     85.094    -1.4509  27.058224    -1.4514  27.058243     6.3146     6.4928     1.5053    95.1645 1.0000e-12  -74.03504 -111.30669  34.950811      95.23 1.6882e+03    394.039       9458  1027.7089  1027.7093     4.5142     0.2324     0.1250    33.9221    33.9227    8.38722         30 0.0000e+00
     87.000     86.082    -1.4523  27.058439    -1.4529  27.058350     6.3384     6.5076     1.2696    95.5429 1.0000e-12  -74.03504 -111.30670  34.950827      98.59 1.6879e+03    395.486       9493  1027.7148  1027.7152     4.5325     0.2884     0.1278    33.9234    33.9239    8.38746         35 0.0000e+00
     88.000     87.071    -1.4567  27.057050    -1.4571  27.056952     6.3456     6.5222     1.3848    94.9744 1.0000e-12  -74.03504 -111.30670  34.950844      99.89 1.6871e+03    396.953       9528  1027.7217  1027.7220     4.5057     0.2696     0.1294    33.9257    33.9261    8.38829         33 0.0000e+00
     89.000     88.060    -1.4579  27.056936    -1.4582  27.056899     6.3601     6.5314     1.5529    95.7703 1.0000e-12  -74.03504 -111.30670  34.950862      99.86 1.6867e+03    398.465       9564  1027.7270  1027.7273     4.5432     0.3005     0.1269    33.9263    33.9266    8.38852         38 0.0000e+00
     90.000     89.050    -1.4598  27.056024    -1.4603  27.055891     6.3750     6.5483     1.6509    96.1940 1.0000e-12  -74.03504 -111.30670  34.950880      99.87 1.6863e+03    400.032       9602  1027.7322  1027.7325     4.5632     0.3043     0.1262    33.9267    33.9270    8.38895         38 0.0000e+00
     91.000     90.039    -1.4637  27.053680    -1.4641  27.053665     6.3923     6.5619     1.7486    95.8629 1.0000e-12  -74.03504 -111.30670  34.950898      99.86 1.6860e+03    401.604       9639  1027.7376  1027.7380     4.5476     0.3390     0.1315    33.9272    33.9276    8.38979         37 0.0000e+00
     92.000     91.028    -1.4674  27.051480    -1.4675  27.051668     6.4229     6.5872     1.4959    95.2434 1.0000e-12  -74.03504 -111.30670  34.950916      99.87 1.6867e+03    403.164       9677  1027.7430  1027.7434     4.5183     0.3007     0.1287    33.9277    33.9282    8.39058         37 0.0000e+00
     93.000     92.018    -1.4783  27.044789    -1.4787  27.044769     6.4412     6.6051     1.6911    95.7919 1.0000e-12  -74.03504 -111.30670  34.950934      99.87 1.6861e+03    404.681       9713  1027.7505  1027.7508     4.5443     0.3238     0.1289    33.9303    33.9307    8.39290         36 0.0000e+00
     94.000     93.006    -1.4835  27.042180    -1.4835  27.042301     6.4496     6.6128     1.7151    95.7244 1.0000e-12  -74.03504 -111.30670  34.950951      99.86 1.6860e+03    406.141       9748  1027.7569  1027.7570     4.5411     0.2893     0.1279    33.9320    33.9321    8.39397         34 0.0000e+00
     95.000     93.996    -1.4913  27.038471    -1.4919  27.038271     6.4649     6.6275     1.7625    96.3459 1.0000e-12  -74.03504 -111.30670  34.950967      99.86 1.6868e+03    407.573       9783  1027.7646  1027.7649     4.5704     0.3146     0.1257    33.9351    33.9355    8.39554         34 0.0000e+00
     96.000     94.986    -1.5025  27.032942    -1.5028  27.032879     6.4458     6.6248     2.3619    96.0688 1.0000e-12  -74.03504 -111.30670  34.950984      99.86 1.6866e+03    408.998       9817  1027.7736  1027.7738     4.5574     0.3157     0.1268    33.9396    33.9399    8.39780         35 0.0000e+00
     97.000     95.973    -1.5060  27.033079    -1.5066  27.032600     6.3797     6.5654     1.8573    95.7505 1.0000e-12  -74.03504 -111.30670  34.951000      99.86 1.6875e+03    410.432       9851  1027.7812  1027.7813     4.5424     0.3567     0.1253    33.9431    33.9432    8.39838         32 0.0000e+00
     98.000     96.964    -1.4921  27.048043    -1.4922  27.048095     6.3197     6.5166     1.4980    96.0996 1.0000e-12  -74.03504 -111.30670  34.951018      99.86 1.6873e+03    411.944       9888  1027.7885  1027.7887     4.5587     0.3115     0.1274    33.9474    33.9476    8.39499         35 0.0000e+00
     99.000     97.952    -1.4834  27.056789    -1.4836  27.056698     6.3214     6.5047     1.3556    95.9685 1.0000e-12  -74.03504 -111.30670  34.951037      99.84 1.6874e+03    413.613       9928  1027.7940  1027.7941     4.5526     0.3915     0.1271    33.9489    33.9491    8.39294         38 0.0000e+00
    100.000     98.942    -1.4857  27.056467    -1.4858  27.056467     6.3434     6.5177     1.1353    95.9141 1.0000e-12  -74.03504 -111.30670  34.951056      99.87 1.6880e+03    415.259       9967  1027.8002  1027.8003     4.5503     0.2602     0.1247    33.9504    33.9506    8.39336         34 0.0000e+00
    101.000     99.931    -1.4909  27.053853    -1.4911  27.053899     6.3538     6.5302     0.8215    96.4351 1.0000e-12  -74.03504 -111.30670  34.951072      99.86 1.6880e+03    416.585       9999  1027.8067  1027.8069     4.5748     0.2964     0.1250    33.9522    33.9524    8.39444         34 0.0000e+00
    102.000    100.920    -1.4934  27.052936    -1.4934  27.052922     6.3649     6.5358     0.9242    96.6049 1.0000e-12  -74.03504 -111.30670  34.951089      99.87 1.6888e+03    418.106      10036  1027.8123  1027.8124     4.5828     0.2298     0.1234    33.9531    33.9531    8.39494         35 0.0000e+00
    103.000    101.909    -1.4956  27.051932    -1.4957  27.051934     6.3801     6.5514     0.7992    96.6836 1.0000e-12  -74.03504 -111.30670  34.951105      99.87 1.6888e+03    419.430      10067  1027.8177  1027.8178     4.5865     0.2148     0.1251    33.9536    33.9537    8.39541         29 0.0000e+00
    104.000    102.898    -1.5004  27.048932    -1.5002  27.049089     6.4236     6.5951     0.6594    96.8518 1.0000e-12  -74.03504 -111.30669  34.951119      99.67 1.6887e+03    420.663      10097  1027.8233  1027.8233     4.5946     0.2620     0.1239    33.9543    33.9543    8.39645         29 0.0000e+00
