ocean_section_plots/required_files/ctd/dnbp2202_ctd271.cnv
* Sea-Bird SBE 9 Data File:
* FileName = D:\Data\raw\NBP2202_CTD271.hex
* Software Version Seasave V 7.26.7.121
* Temperature SN = 1649
* Conductivity SN = 2513
* Number of Bytes Per Scan = 40
* Number of Voltage Words = 5
* Number of Scans Averaged by the Deck Unit = 1
* NMEA Latitude = 73 43.90 S
* NMEA Longitude = 116 51.21 W
* NMEA UTC (Time) = Feb 20 2022  20:05:26
* NMEA baud rate = 9600
** Ship: RVIB N.B. Palmer
** Cruise: NBP2202 Thwaites
** Station: 174
** Operator: A. Robinson
# nquan = 28
# nvalues = 626                         
# units = specified
# name 0 = prDM: Pressure, Digiquartz [db]
# name 1 = depSM: Depth [salt water, m]
# name 2 = t090C: Temperature [ITS-90, deg C]
# name 3 = c0mS/cm: Conductivity [mS/cm]
# name 4 = t190C: Temperature, 2 [ITS-90, deg C]
# name 5 = c1mS/cm: Conductivity, 2 [mS/cm]
# name 6 = sbeox0ML/L: Oxygen, SBE 43 [ml/l]
# name 7 = sbeox1ML/L: Oxygen, SBE 43, 2 [ml/l]
# name 8 = flECO-AFL: Fluorescence, WET Labs ECO-AFL/FL [mg/m^3]
# name 9 = CStarTr0: Beam Transmission, WET Labs C-Star [%]
# name 10 = par: PAR/Irradiance, Biospherical/Licor
# name 11 = latitude: Latitude [deg]
# name 12 = longitude: Longitude [deg]
# name 13 = timeJ: Julian Days
# name 14 = altM: Altimeter [m]
# name 15 = spar: SPAR, Biospherical/Licor
# name 16 = timeS: Time, Elapsed [seconds]
# name 17 = scan: Scan Count
# name 18 = density00: Density [density, kg/m^3]
# name 19 = density11: Density, 2 [density, kg/m^3]
# name 20 = v3: Voltage 3
# name 21 = v4: Voltage 4
# name 22 = v5: Voltage 5
# name 23 = sal00: Salinity, Practical [PSU]
# name 24 = sal11: Salinity, Practical, 2 [PSU]
# name 25 = oxsolML/L: Oxygen Saturation, Garcia & Gordon [ml/l]
# name 26 = nbin: number of scans per bin
# name 27 = flag: flag
# span 0 =      3.000,    628.000       
# span 1 =      2.970,    620.574       
# span 2 =    -1.7765,     0.1477       
# span 3 =  26.999995,  29.040519       
# span 4 =    -1.7756,     0.1544       
# span 5 =  27.000327,  29.045221       
# span 6 =     4.8229,     8.7679       
# span 7 =     4.9588,     9.0911       
# span 8 =     0.2185,    12.2980       
# span 9 =    88.0043,    97.7290       
# span 10 = -1.797e-06, 1.1674e+02      
# span 11 =  -73.73168,  -73.73166      
# span 12 = -116.85368, -116.85364      
# span 13 =  51.840109,  51.848728      
# span 14 =       2.14,     100.08      
# span 15 = 2.1003e+02, 2.6771e+02      
# span 16 =    259.441,   1004.118      
# span 17 =       6228,      24100      
# span 18 =  1027.0749,  1030.6343      
# span 19 =  1027.0741,  1030.6327      
# span 20 =     4.1749,     4.6361      
# span 21 =     0.1033,     2.1180      
# span 22 =     0.1093,     0.2098      
# span 23 =    33.7038,    34.4610      
# span 24 =    33.7033,    34.4598      
# span 25 =    8.00954,    8.44929      
# span 26 =         18,         48      
# span 27 = 0.0000e+00, 0.0000e+00      
# interval = decibars: 1                
# start_time = Feb 20 2022 20:05:26 [NMEA time, header]
# bad_flag = -9.990e-29
*END*
[from data line 518]
    521.000    514.971    -0.3576  28.489350    -0.3545  28.490429     5.1173     5.2580     0.4833    96.8950 1.0000e-12  -73.73166 -116.85366  51.847055      98.05 2.3015e+02    859.584      20631  1030.0835  1030.0816     4.5966     0.1704     0.1299    34.3608    34.3587    8.12180         29 0.0000e+00
    522.000    515.957    -0.3560  28.491509    -0.3526  28.492877     5.1162     5.2642     0.5345    96.8408 1.0000e-12  -73.73166 -116.85366  51.847069      99.94 2.2610e+02    860.770      20659  1030.0886  1030.0867     4.5940     0.1622     0.1304    34.3614    34.3593    8.12144         27 0.0000e+00
    523.000    516.946    -0.3545  28.493021    -0.3523  28.493611     5.1132     5.2554     0.5745    96.7410 1.0000e-12  -73.73166 -116.85366  51.847082      99.92 2.2864e+02    861.856      20686  1030.0931  1030.0916     4.5893     0.1532     0.1265    34.3611    34.3595    8.12114         26 0.0000e+00
    524.000    517.933    -0.3544  28.493809    -0.3526  28.493841     5.1187     5.2583     0.5101    96.7621 1.0000e-12  -73.73166 -116.85366  51.847094      99.91 2.3015e+02    862.909      20711  1030.0980  1030.0963     4.5903     0.1435     0.1236    34.3614    34.3594    8.12109         24 0.0000e+00
    525.000    518.919    -0.3544  28.494269    -0.3520  28.494728     5.1207     5.2624     0.7424    96.7248 1.0000e-12  -73.73166 -116.85366  51.847105      99.92 2.2702e+02    863.882      20734  1030.1029  1030.1010     4.5885     0.1513     0.1239    34.3614    34.3593    8.12110         24 0.0000e+00
    526.000    519.907    -0.3527  28.496402    -0.3511  28.495985     5.1169     5.2631     0.6448    96.7800 1.0000e-12  -73.73166 -116.85366  51.847118      99.92 2.2572e+02    864.968      20760  1030.1077  1030.1058     4.5911     0.1538     0.1333    34.3617    34.3594    8.12071         28 0.0000e+00
    527.000    520.893    -0.3521  28.497384    -0.3506  28.497035     5.1210     5.2608     0.5584    96.6625 1.0000e-12  -73.73166 -116.85366  51.847131      99.91 2.2860e+02    866.157      20789  1030.1125  1030.1107     4.5856     0.1726     0.1271    34.3618    34.3597    8.12058         29 0.0000e+00
    528.000    521.882    -0.3533  28.496420    -0.3532  28.494829     5.1208     5.2566     0.7968    96.7450 1.0000e-12  -73.73166 -116.85366  51.847145      99.92 2.2605e+02    867.327      20817  1030.1170  1030.1152     4.5893     0.1537     0.1263    34.3614    34.3590    8.12088         27 0.0000e+00
    529.000    522.868    -0.3548  28.495697    -0.3522  28.496450     5.1177     5.2577     0.7676    96.6439 1.0000e-12  -73.73166 -116.85366  51.847158      99.92 2.2559e+02    868.442      20844  1030.1219  1030.1202     4.5847     0.1471     0.1260    34.3614    34.3595    8.12118         27 0.0000e+00
    530.000    523.856    -0.3522  28.498491    -0.3494  28.499526     5.1183     5.2578     0.5393    96.4405 1.0000e-12  -73.73166 -116.85366  51.847171      99.91 2.2841e+02    869.566      20871  1030.1267  1030.1250     4.5750     0.1867     0.1378    34.3617    34.3599    8.12062         27 0.0000e+00
    531.000    524.843    -0.3525  28.498748    -0.3507  28.498606     5.1155     5.2622     0.4923    96.4896 1.0000e-12  -73.73166 -116.85366  51.847184      75.70 2.2585e+02    870.722      20898  1030.1315  1030.1296     4.5773     0.1782     0.1253    34.3617    34.3595    8.12068         28 0.0000e+00
    532.000    525.829    -0.3518  28.499927    -0.3499  28.499881     5.1192     5.2596     0.5055    96.6859 1.0000e-12  -73.73166 -116.85366  51.847197      83.02 2.2410e+02    871.862      20926  1030.1363  1030.1345     4.5866     0.1784     0.1238    34.3619    34.3597    8.12051         27 0.0000e+00
    533.000    526.818    -0.3525  28.499545    -0.3509  28.499302     5.1138     5.2572     0.5293    96.7478 1.0000e-12  -73.73166 -116.85366  51.847211      98.49 2.2768e+02    873.028      20954  1030.1409  1030.1391     4.5896     0.1657     0.1264    34.3616    34.3595    8.12068         28 0.0000e+00
    534.000    527.803    -0.3499  28.502748    -0.3469  28.503702     5.1088     5.2515     0.6124    96.6964 1.0000e-12  -73.73166 -116.85366  51.847224      99.96 2.2647e+02    874.196      20982  1030.1460  1030.1441     4.5871     0.1686     0.1279    34.3623    34.3603    8.12008         27 0.0000e+00
    535.000    528.791    -0.3492  28.503894    -0.3463  28.504862     5.1013     5.2453     0.5519    96.5416 1.0000e-12  -73.73166 -116.85366  51.847237      99.17 2.2362e+02    875.318      21009  1030.1508  1030.1490     4.5798     0.1954     0.1301    34.3625    34.3605    8.11992         28 0.0000e+00
    536.000    529.778    -0.3380  28.515756    -0.3342  28.517307     5.0920     5.2455     0.6221    96.6304 1.0000e-12  -73.73166 -116.85366  51.847251      98.94 2.2382e+02    876.464      21036  1030.1567  1030.1546     4.5840     0.1763     0.1285    34.3651    34.3629    8.11739         28 0.0000e+00
    537.000    530.766    -0.3323  28.521971    -0.3233  28.528587     5.0876     5.2302     0.6033    96.7525 1.0000e-12  -73.73166 -116.85366  51.847264      98.45 2.2692e+02    877.638      21064  1030.1620  1030.1601     4.5898     0.1547     0.1252    34.3664    34.3651    8.11610         27 0.0000e+00
    538.000    531.752    -0.3229  28.531536    -0.3199  28.532623     5.0880     5.2256     0.6200    96.6714 1.0000e-12  -73.73166 -116.85366  51.847277      96.63 2.2432e+02    878.759      21091  1030.1672  1030.1655     4.5859     0.1570     0.1272    34.3680    34.3661    8.11401         27 0.0000e+00
    539.000    532.739    -0.3170  28.537776    -0.3168  28.536120     5.0867     5.2348     0.6175    96.6312 1.0000e-12  -73.73166 -116.85366  51.847290      96.02 2.2837e+02    879.858      21118  1030.1724  1030.1705     4.5840     0.1640     0.1273    34.3691    34.3667    8.11269         26 0.0000e+00
    540.000    533.728    -0.3191  28.535899    -0.3170  28.536442     5.0841     5.2339     0.8199    96.6740 1.0000e-12  -73.73166 -116.85366  51.847303      95.05 2.2842e+02    880.982      21145  1030.1769  1030.1754     4.5861     0.1650     0.1294    34.3684    34.3667    8.11318         28 0.0000e+00
    541.000    534.713    -0.3178  28.538282    -0.3116  28.542258     5.0793     5.2153     0.7606    96.7744 1.0000e-12  -73.73166 -116.85366  51.847316      94.60 2.2407e+02    882.110      21172  1030.1824  1030.1806     4.5909     0.1593     0.1293    34.3694    34.3678    8.11283         26 0.0000e+00
    542.000    535.701    -0.2956  28.560697    -0.2921  28.561843     5.0697     5.2125     0.5417    96.7217 1.0000e-12  -73.73166 -116.85366  51.847329      93.26 2.2593e+02    883.248      21199  1030.1886  1030.1864     4.5883     0.2242     0.1274    34.3738    34.3713    8.10786         28 0.0000e+00
    543.000    536.687    -0.2857  28.570958    -0.2828  28.571685     5.0676     5.2077     1.0192    96.6268 1.0000e-12  -73.73166 -116.85366  51.847343      92.84 2.2821e+02    884.421      21227  1030.1942  1030.1921     4.5838     0.1624     0.1293    34.3757    34.3734    8.10564         28 0.0000e+00
    544.000    537.676    -0.2849  28.571951    -0.2835  28.571521     5.0622     5.2021     0.7620    96.6215 1.0000e-12  -73.73166 -116.85366  51.847356      91.76 2.2379e+02    885.554      21254  1030.1988  1030.1971     4.5836     0.1772     0.1269    34.3755    34.3734    8.10548         28 0.0000e+00
    545.000    538.662    -0.2859  28.571300    -0.2838  28.571465     5.0703     5.2040     0.6343    96.5435 1.0000e-12  -73.73166 -116.85366  51.847369      90.37 2.2556e+02    886.691      21282  1030.2036  1030.2017     4.5798     0.1598     0.1261    34.3752    34.3730    8.10572         27 0.0000e+00
    546.000    539.650    -0.2806  28.577259    -0.2778  28.577900     5.0649     5.2009     0.7382    96.3821 1.0000e-12  -73.73166 -116.85366  51.847383      89.29 2.2828e+02    887.885      21310  1030.2090  1030.2070     4.5723     0.1726     0.1245    34.3765    34.3743    8.10451         29 0.0000e+00
    547.000    540.637    -0.2776  28.580698    -0.2733  28.582978     5.0594     5.1991     0.6402    96.4340 1.0000e-12  -73.73166 -116.85366  51.847397      87.69 2.2532e+02    889.067      21339  1030.2140  1030.2123     4.5746     0.1747     0.1296    34.3771    34.3754    8.10383         28 0.0000e+00
    548.000    541.623    -0.2677  28.590970    -0.2658  28.590501     5.0554     5.1903     0.5330    96.5366 1.0000e-12  -73.73166 -116.85366  51.847410      87.29 2.2552e+02    890.209      21366  1030.2196  1030.2174     4.5796     0.2665     0.1307    34.3791    34.3764    8.10162         27 0.0000e+00
    549.000    542.610    -0.2592  28.599964    -0.2575  28.599287     5.0509     5.1881     0.6068    96.6820 1.0000e-12  -73.73166 -116.85366  51.847423      86.40 2.2837e+02    891.360      21394  1030.2252  1030.2228     4.5863     0.1678     0.1320    34.3810    34.3781    8.09971         28 0.0000e+00
    550.000    543.598    -0.2580  28.601252    -0.2558  28.601521     5.0492     5.1979     1.0287    95.6439 1.0000e-12  -73.73166 -116.85366  51.847436      85.32 2.2594e+02    892.470      21420  1030.2298  1030.2279     4.5373     0.1542     0.1232    34.3807    34.3786    8.09947         26 0.0000e+00
    551.000    544.584    -0.2575  28.602078    -0.2560  28.601754     5.0493     5.1917     0.6618    96.4660 1.0000e-12  -73.73166 -116.85366  51.847448      84.18 2.2805e+02    893.544      21446  1030.2345  1030.2327     4.5762     0.1967     0.1292    34.3807    34.3786    8.09937         26 0.0000e+00
    552.000    545.572    -0.2590  28.600922    -0.2563  28.601748     5.0472     5.1854     0.5583    96.5611 1.0000e-12  -73.73166 -116.85366  51.847461      82.89 2.2995e+02    894.663      21473  1030.2392  1030.2374     4.5808     0.1883     0.1293    34.3803    34.3783    8.09971         27 0.0000e+00
    553.000    546.558    -0.2464  28.614839    -0.2412  28.617771     5.0371     5.1734     0.8820    96.5759 1.0000e-12  -73.73166 -116.85366  51.847475      82.46 2.2843e+02    895.811      21500  1030.2458  1030.2438     4.5814     0.1595     0.1274    34.3840    34.3820    8.09682         27 0.0000e+00
    554.000    547.545    -0.2308  28.630517    -0.2216  28.637466     5.0365     5.1679     0.5979    96.3183 1.0000e-12  -73.73166 -116.85366  51.847488      81.27 2.2848e+02    896.953      21528  1030.2513  1030.2497     4.5692     0.1708     0.1277    34.3866    34.3856    8.09334         28 0.0000e+00
    555.000    548.534    -0.2207  28.640605    -0.2169  28.642354     5.0285     5.1634     0.6105    96.4738 1.0000e-12  -73.73166 -116.85366  51.847502      80.22 2.3047e+02    898.137      21556  1030.2565  1030.2548     4.5766     0.1606     0.1259    34.3882    34.3863    8.09112         29 0.0000e+00
    556.000    549.520    -0.2190  28.642902    -0.2164  28.643440     5.0271     5.1697     0.5408    96.7576 1.0000e-12  -73.73166 -116.85366  51.847515      79.02 2.2962e+02    899.302      21584  1030.2618  1030.2598     4.5900     0.1557     0.1226    34.3887    34.3865    8.09073         27 0.0000e+00
    557.000    550.507    -0.2160  28.646313    -0.2117  28.648587     5.0251     5.1657     0.5372    96.6166 1.0000e-12  -73.73166 -116.85366  51.847528      77.93 2.2972e+02    900.402      21611  1030.2668  1030.2651     4.5834     0.1626     0.1294    34.3893    34.3875    8.09006         26 0.0000e+00
    558.000    551.494    -0.2115  28.650937    -0.2096  28.650943     5.0228     5.1645     0.6953    96.5707 1.0000e-12  -73.73166 -116.85366  51.847541      77.39 2.3081e+02    901.504      21637  1030.2717  1030.2699     4.5812     0.1585     0.1251    34.3898    34.3877    8.08908         27 0.0000e+00
    559.000    552.480    -0.2089  28.653900    -0.2100  28.651005     5.0217     5.1598     0.6188    96.7275 1.0000e-12  -73.73166 -116.85366  51.847554      76.39 2.3125e+02    902.648      21665  1030.2766  1030.2747     4.5886     0.1911     0.1263    34.3903    34.3876    8.08851         28 0.0000e+00
    560.000    553.468    -0.2065  28.656937    -0.2070  28.654193     5.0196     5.1605     0.6084    96.7611 1.0000e-12  -73.73166 -116.85366  51.847567      74.96 2.3062e+02    903.774      21692  1030.2819  1030.2795     4.5902     0.1515     0.1252    34.3910    34.3879    8.08796         27 0.0000e+00
    561.000    554.455    -0.2075  28.655936    -0.2088  28.653316     5.0232     5.1611     0.7127    96.6352 1.0000e-12  -73.73166 -116.85366  51.847580      73.91 2.3219e+02    904.938      21720  1030.2861  1030.2846     4.5842     0.1668     0.1270    34.3901    34.3881    8.08821         29 0.0000e+00
    562.000    555.443    -0.2070  28.657249    -0.2038  28.658215     5.0253     5.1555     0.6376    96.6097 1.0000e-12  -73.73166 -116.85368  51.847594      72.92 2.3238e+02    906.137      21748  1030.2914  1030.2893     4.5830     0.1666     0.1257    34.3908    34.3885    8.08808         28 0.0000e+00
    563.000    556.427    -0.2057  28.658609    -0.2038  28.658923     5.0247     5.1589     0.5430    96.6500 1.0000e-12  -73.73166 -116.85366  51.847607      71.77 2.2972e+02    907.269      21775  1030.2959  1030.2944     4.5850     0.2150     0.1250    34.3906    34.3888    8.08782         26 0.0000e+00
    564.000    557.416    -0.2073  28.657644    -0.2046  28.658416     5.0226     5.1616     0.6876    96.6795 1.0000e-12  -73.73166 -116.85368  51.847620      71.23 2.3408e+02    908.343      21801  1030.3007  1030.2990     4.5863     0.1519     0.1295    34.3904    34.3885    8.08815         26 0.0000e+00
    565.000    558.403    -0.2035  28.661828    -0.2010  28.662597     5.0224     5.1526     0.7410    96.6296 1.0000e-12  -73.73166 -116.85366  51.847631      69.99 2.3486e+02    909.350      21825  1030.3057  1030.3041     4.5840     0.1519     0.1245    34.3912    34.3893    8.08731         22 0.0000e+00
    566.000    559.390    -0.2039  28.661990    -0.2018  28.662233     5.0201     5.1534     0.5584    96.2573 1.0000e-12  -73.73166 -116.85368  51.847642      68.85 2.3206e+02    910.305      21848  1030.3107  1030.3088     4.5663     0.1818     0.1253    34.3913    34.3891    8.08740         24 0.0000e+00
    567.000    560.377    -0.2014  28.664940    -0.1985  28.665868     5.0167     5.1542     0.5664    96.2741 1.0000e-12  -73.73166 -116.85366  51.847655      67.97 2.3570e+02    911.403      21875  1030.3155  1030.3137     4.5672     0.1955     0.1254    34.3917    34.3897    8.08683         29 0.0000e+00
    568.000    561.365    -0.2020  28.664635    -0.2013  28.663664     5.0096     5.1473     0.5617    96.5884 1.0000e-12  -73.73166 -116.85367  51.847669      66.90 2.3816e+02    912.621      21904  1030.3201  1030.3185     4.5820     0.1498     0.1269    34.3914    34.3894    8.08697         29 0.0000e+00
    569.000    562.350    -0.2023  28.664774    -0.2009  28.664303     5.0084     5.1508     0.6060    96.7491 1.0000e-12  -73.73166 -116.85367  51.847683      65.94 2.3862e+02    913.818      21933  1030.3249  1030.3230     4.5896     0.1463     0.1245    34.3914    34.3891    8.08705         28 0.0000e+00
    570.000    563.338    -0.1975  28.670272    -0.1952  28.670475     5.0031     5.1521     0.6286    96.6462 1.0000e-12  -73.73166 -116.85368  51.847696      64.53 2.4128e+02    914.927      21959  1030.3302  1030.3283     4.5848     0.1696     0.1304    34.3926    34.3904    8.08595         26 0.0000e+00
    571.000    564.326    -0.1899  28.678534    -0.1832  28.682969     4.9731     5.1223     0.6877    96.4556 1.0000e-12  -73.73166 -116.85368  51.847708      63.92 2.4136e+02    915.976      21984  1030.3358  1030.3339     4.5757     0.1627     0.1260    34.3945    34.3929    8.08424         23 0.0000e+00
