ocean_section_plots/required_files/ctd/dnbp2202_ctd198.cnv
* Sea-Bird SBE 9 Data File:
* FileName = D:\Data\raw\NBP2202_CTD198.hex
* Software Version Seasave V 7.26.7.121
* Temperature SN = 1649
* Conductivity SN = 2513
* Number of Bytes Per Scan = 40
* Number of Voltage Words = 5
* Number of Scans Averaged by the Deck Unit = 1
* NMEA Latitude = 73 55.66 S
* NMEA Longitude = 113 14.60 W
* NMEA UTC (Time) = Feb 08 2022  15:22:25
* NMEA baud rate = 9600
** Ship: RVIB N.B. Palmer
** Cruise: NBP2202 Thwaites
** Station: 117
** Operator: A. Robinson
# nquan = 28
# nvalues = 391                         
# units = specified
# name 0 = prDM: Pressure, Digiquartz [db]
# name 1 = depSM: Depth [salt water, m]
# name 2 = t090C: Temperature [ITS-90, deg C]
# name 3 = c0mS/cm: Conductivity [mS/cm]
# name 4 = t190C: Temperature, 2 [ITS-90, deg C]
# name 5 = c1mS/cm: Conductivity, 2 [mS/cm]
# name 6 = sbeox0ML/L: Oxygen, SBE 43 [ml/l]
# name 7 = sbeox1ML/L: Oxygen, SBE 43, 2 [ml/l]
# name 8 = flECO-AFL: Fluorescence, WET Labs ECO-AFL/FL [mg/m^3]
# name 9 = CStarTr0: Beam Transmission, WET Labs C-Star [%]
# name 10 = par: PAR/Irradiance, Biospherical/Licor
# name 11 = latitude: Latitude [deg]
# name 12 = longitude: Longitude [deg]
# name 13 = timeJ: Julian Days
# name 14 = altM: Altimeter [m]
# name 15 = spar: SPAR, Biospherical/Licor
# name 16 = timeS: Time, Elapsed [seconds]
# name 17 = scan: Scan Count
# name 18 = density00: Density [density, kg/m^3]
# name 19 = density11: Density, 2 [density, kg/m^3]
# name 20 = v3: Voltage 3
# name 21 = v4: Voltage 4
# name 22 = v5: Voltage 5
# name 23 = sal00: Salinity, Practical [PSU]
# name 24 = sal11: Salinity, Practical, 2 [PSU]
# name 25 = oxsolML/L: Oxygen Saturation, Garcia & Gordon [ml/l]
# name 26 = nbin: number of scans per bin
# name 27 = flag: flag
# span 0 =      3.000,    393.000       
# span 1 =      2.969,    388.546       
# span 2 =    -1.5757,    -0.1169       
# span 3 =  26.976476,  28.599083       
# span 4 =    -1.5746,    -0.1136       
# span 5 =  26.976666,  28.599912       
# span 6 =     4.8109,     8.9369       
# span 7 =     4.9617,     9.2723       
# span 8 =    -0.0179,    25.6861       
# span 9 =    75.8252,    98.6460       
# span 10 = 1.0000e-12, 5.3254e+01      
# span 11 =  -73.92774,  -73.92766      
# span 12 = -113.24321, -113.24036      
# span 13 =  39.643262,  39.650137      
# span 14 =       3.37,     100.24      
# span 15 = 1.6871e+02, 1.9964e+02      
# span 16 =    232.832,    826.816      
# span 17 =       5589,      19845      
# span 18 =  1027.1590,  1029.4250      
# span 19 =  1027.1583,  1029.4228      
# span 20 =     3.5975,     4.6796      
# span 21 =     0.0636,     3.8542      
# span 22 =     0.1122,     0.2491      
# span 23 =    33.7584,    34.3128      
# span 24 =    33.7570,    34.3101      
# span 25 =    8.07343,    8.41469      
# span 26 =          7,         48      
# span 27 = 0.0000e+00, 0.0000e+00      
# interval = decibars: 1                
# start_time = Feb 08 2022 15:22:25 [NMEA time, header]
# bad_flag = -9.990e-29
*END*
[from data line 208]
    211.000    208.713    -1.3924  27.268309    -1.3910  27.268325     6.2136     6.4320     0.0669    98.5418 1.0000e-12  -73.92772 -113.24044  39.646648      96.13 1.9936e+02    525.425      12611  1028.4234  1028.4221     4.6746     0.0870     0.1157    34.0668    34.0652    8.36545         29 0.0000e+00
    212.000    209.701    -1.3832  27.277678    -1.3817  27.277622     6.2009     6.4239     0.0800    98.5048 1.0000e-12  -73.92772 -113.24044  39.646662      99.92 1.9908e+02    526.606      12640  1028.4291  1028.4275     4.6729     0.0838     0.1139    34.0685    34.0667    8.36327         28 0.0000e+00
    213.000    210.689    -1.3771  27.283361    -1.3759  27.283400     6.1971     6.4218     0.0813    98.5802 1.0000e-12  -73.92772 -113.24044  39.646675      99.91 1.9589e+02    527.727      12666  1028.4338  1028.4327     4.6765     0.1089     0.1150    34.0689    34.0675    8.36190         26 0.0000e+00
    214.000    211.678    -1.3759  27.285391    -1.3750  27.284881     6.1951     6.4117     0.1052    98.5608 1.0000e-12  -73.92772 -113.24044  39.646688      99.91 1.9936e+02    528.862      12694  1028.4392  1028.4378     4.6755     0.0827     0.1182    34.0696    34.0679    8.36157         28 0.0000e+00
    215.000    212.666    -1.3684  27.294564    -1.3671  27.294386     6.1995     6.4173     0.0973    98.5391 1.0000e-12  -73.92772 -113.24044  39.646702      99.91 1.9847e+02    530.059      12722  1028.4465  1028.4449     4.6745     0.0860     0.1179    34.0731    34.0713    8.35969         29 0.0000e+00
    216.000    213.656    -1.3668  27.297860    -1.3660  27.297552     6.2048     6.4197     0.1865    98.5175 1.0000e-12  -73.92772 -113.24044  39.646716      99.92 1.9616e+02    531.241      12751  1028.4530  1028.4519     4.6735     0.0891     0.1164    34.0752    34.0739    8.35921         28 0.0000e+00
    217.000    214.644    -1.3683  27.297480    -1.3674  27.297290     6.2070     6.4171     0.1218    98.5356 1.0000e-12  -73.92772 -113.24044  39.646729      99.91 1.9799e+02    532.387      12778  1028.4584  1028.4573     4.6743     0.0829     0.1188    34.0758    34.0744    8.35951         27 0.0000e+00
    218.000    215.633    -1.3701  27.296907    -1.3691  27.296693     6.2123     6.4251     0.0977    98.4957 1.0000e-12  -73.92772 -113.24044  39.646742      99.91 1.9910e+02    533.518      12805  1028.4639  1028.4627     4.6725     0.0867     0.1150    34.0764    34.0750    8.35987         27 0.0000e+00
    219.000    216.621    -1.3711  27.296700    -1.3701  27.296414     6.2153     6.4298     0.1062    98.5358 1.0000e-12  -73.92772 -113.24044  39.646755      99.91 1.9507e+02    534.666      12833  1028.4690  1028.4677     4.6744     0.0844     0.1172    34.0766    34.0751    8.36008         29 0.0000e+00
    220.000    217.610    -1.3721  27.296397    -1.3712  27.296018     6.2207     6.4308     0.1336    98.5489 1.0000e-12  -73.92772 -113.24044  39.646769      99.91 1.9561e+02    535.846      12861  1028.4740  1028.4727     4.6750     0.0823     0.1138    34.0767    34.0752    8.36030         28 0.0000e+00
    221.000    218.599    -1.3737  27.295617    -1.3726  27.295394     6.2262     6.4331     0.0830    98.5220 1.0000e-12  -73.92772 -113.24044  39.646783      97.51 1.9925e+02    537.035      12890  1028.4790  1028.4777     4.6737     0.1012     0.1140    34.0769    34.0753    8.36065         28 0.0000e+00
    222.000    219.586    -1.3743  27.295592    -1.3732  27.295359     6.2359     6.4404     0.0845    98.5414 1.0000e-12  -73.92772 -113.24044  39.646796      95.01 1.9809e+02    538.180      12917  1028.4839  1028.4826     4.6746     0.0825     0.1148    34.0769    34.0753    8.36078         27 0.0000e+00
    223.000    220.578    -1.3774  27.293465    -1.3764  27.293367     6.2481     6.4524     0.1105    98.4774 1.0000e-12  -73.92772 -113.24044  39.646809      99.90 1.9490e+02    539.289      12944  1028.4889  1028.4878     4.6716     0.0960     0.1165    34.0769    34.0755    8.36149         27 0.0000e+00
    224.000    221.563    -1.3827  27.289687    -1.3818  27.289555     6.2550     6.4617     0.1584    98.4344 1.0000e-12  -73.92772 -113.24044  39.646822      99.92 1.9898e+02    540.426      12971  1028.4942  1028.4932     4.6696     0.0833     0.1165    34.0771    34.0759    8.36266         28 0.0000e+00
    225.000    222.553    -1.3887  27.286081    -1.3877  27.285798     6.2455     6.4664     0.1197    98.4671 1.0000e-12  -73.92772 -113.24044  39.646836      99.91 1.9808e+02    541.604      12999  1028.5004  1028.4991     4.6711     0.0932     0.1128    34.0783    34.0768    8.36393         28 0.0000e+00
    226.000    223.542    -1.3881  27.287819    -1.3866  27.287924     6.2511     6.4676     0.0761    98.5318 1.0000e-12  -73.92772 -113.24044  39.646850      99.91 1.9517e+02    542.799      13028  1028.5059  1028.5046     4.6742     0.0819     0.1122    34.0794    34.0778    8.36373         29 0.0000e+00
    227.000    224.529    -1.3861  27.289914    -1.3850  27.289825     6.2468     6.4702     0.0686    98.4897 1.0000e-12  -73.92772 -113.24045  39.646863      99.92 1.9823e+02    543.990      13057  1028.5106  1028.5094     4.6722     0.0848     0.1147    34.0794    34.0780    8.36329         28 0.0000e+00
    228.000    225.519    -1.3854  27.291454    -1.3844  27.291051     6.2545     6.4625     0.0606    98.6113 1.0000e-12  -73.92772 -113.24044  39.646877      99.91 1.9797e+02    545.130      13084  1028.5158  1028.5145     4.6780     0.0835     0.1150    34.0800    34.0784    8.36308         27 0.0000e+00
    229.000    226.507    -1.3848  27.294127    -1.3839  27.293770     6.2636     6.4680     0.0727    97.7590 1.0000e-12  -73.92772 -113.24046  39.646889      99.91 1.9475e+02    546.213      13110  1028.5226  1028.5213     4.6376     0.0830     0.1184    34.0825    34.0809    8.36281         25 0.0000e+00
    230.000    227.496    -1.3835  27.296644    -1.3825  27.296377     6.2545     6.4673     0.0533    98.4746 1.0000e-12  -73.92772 -113.24044  39.646902      99.91 1.9830e+02    547.323      13137  1028.5283  1028.5271     4.6714     0.0815     0.1125    34.0838    34.0823    8.36244         28 0.0000e+00
    231.000    228.485    -1.3829  27.297845    -1.3819  27.297651     6.2498     6.4698     0.0850    98.5594 1.0000e-12  -73.92772 -113.24045  39.646916      99.92 1.9891e+02    548.518      13165  1028.5334  1028.5322     4.6755     0.0814     0.1138    34.0842    34.0828    8.36228         30 0.0000e+00
    232.000    229.473    -1.3823  27.299191    -1.3812  27.299038     6.2458     6.4721     0.0890    98.6066 1.0000e-12  -73.92772 -113.24045  39.646930      99.91 1.9552e+02    549.743      13195  1028.5385  1028.5373     4.6778     0.0834     0.1137    34.0846    34.0832    8.36211         29 0.0000e+00
    233.000    230.461    -1.3810  27.301090    -1.3799  27.300954     6.2375     6.4612     0.1311    98.6460 1.0000e-12  -73.92772 -113.24045  39.646943      94.70 1.9718e+02    550.914      13223  1028.5437  1028.5424     4.6796     0.0923     0.1129    34.0852    34.0838    8.36180         27 0.0000e+00
    234.000    231.450    -1.3778  27.304953    -1.3765  27.304875     6.2403     6.4540     0.0684    98.5184 1.0000e-12  -73.92772 -113.24045  39.646956      54.38 1.9840e+02    552.026      13250  1028.5491  1028.5477     4.6735     0.0822     0.1173    34.0863    34.0846    8.36102         26 0.0000e+00
    235.000    232.439    -1.3733  27.309448    -1.3722  27.309298     6.2416     6.4554     0.1110    98.5898 1.0000e-12  -73.92772 -113.24044  39.646969     100.14 1.9693e+02    553.152      13277  1028.5540  1028.5527     4.6770     0.0812     0.1151    34.0867    34.0852    8.35998         28 0.0000e+00
    236.000    233.427    -1.3716  27.311798    -1.3706  27.311392     6.2375     6.4515     0.0968    98.5864 1.0000e-12  -73.92772 -113.24046  39.646983      99.91 1.9449e+02    554.323      13305  1028.5592  1028.5578     4.6768     0.0836     0.1138    34.0873    34.0857    8.35955         29 0.0000e+00
    237.000    234.415    -1.3680  27.315888    -1.3668  27.315789     6.2312     6.4468     0.1028    98.5461 1.0000e-12  -73.92772 -113.24046  39.646997      99.91 1.9813e+02    555.527      13334  1028.5645  1028.5632     4.6749     0.0811     0.1128    34.0882    34.0867    8.35869         29 0.0000e+00
    238.000    235.404    -1.3599  27.324655    -1.3582  27.324923     6.2210     6.4401     0.0649    98.5956 1.0000e-12  -73.92772 -113.24046  39.647011      99.92 1.9666e+02    556.711      13362  1028.5706  1028.5693     4.6772     0.0809     0.1152    34.0905    34.0889    8.35675         27 0.0000e+00
    239.000    236.393    -1.3549  27.330277    -1.3537  27.330002     6.2159     6.4329     0.1074    98.6357 1.0000e-12  -73.92772 -113.24046  39.647024      99.91 1.9509e+02    557.836      13389  1028.5762  1028.5748     4.6791     0.0928     0.1169    34.0919    34.0902    8.35554         27 0.0000e+00
    240.000    237.381    -1.3517  27.334116    -1.3507  27.333885     6.2189     6.4337     0.1604    98.6119 1.0000e-12  -73.92772 -113.24046  39.647036      99.92 1.9834e+02    558.951      13416  1028.5817  1028.5805     4.6780     0.0856     0.1166    34.0929    34.0914    8.35477         27 0.0000e+00
    241.000    238.369    -1.3498  27.336682    -1.3488  27.336381     6.2203     6.4380     0.1633    98.6281 1.0000e-12  -73.92772 -113.24046  39.647050      99.91 1.9690e+02    560.120      13444  1028.5871  1028.5858     4.6788     0.0980     0.1147    34.0936    34.0921    8.35429         29 0.0000e+00
    242.000    239.359    -1.3489  27.338092    -1.3479  27.337891     6.2212     6.4404     0.1269    98.5721 1.0000e-12  -73.92772 -113.24046  39.647064      99.92 1.9378e+02    561.362      13474  1028.5921  1028.5909     4.6761     0.0862     0.1155    34.0939    34.0925    8.35408         30 0.0000e+00
    243.000    240.346    -1.3478  27.339819    -1.3467  27.339533     6.2137     6.4355     0.0765    98.6034 1.0000e-12  -73.92772 -113.24046  39.647078      99.91 1.9778e+02    562.569      13503  1028.5973  1028.5959     4.6776     0.0831     0.1146    34.0944    34.0928    8.35380         28 0.0000e+00
    244.000    241.336    -1.3455  27.342914    -1.3443  27.342647     6.2132     6.4276     0.0686    98.5952 1.0000e-12  -73.92772 -113.24046  39.647091      99.90 1.9670e+02    563.686      13529  1028.6028  1028.6014     4.6772     0.1566     0.1172    34.0954    34.0937    8.35323         26 0.0000e+00
    245.000    242.323    -1.3432  27.345904    -1.3422  27.345537     6.2176     6.4244     0.0710    98.5775 1.0000e-12  -73.92772 -113.24046  39.647104      98.96 1.9374e+02    564.786      13556  1028.6082  1028.6069     4.6763     0.0831     0.1161    34.0963    34.0947    8.35266         27 0.0000e+00
    246.000    243.312    -1.3378  27.352525    -1.3368  27.352329     6.2146     6.4231     0.0716    98.5647 1.0000e-12  -73.92772 -113.24046  39.647118      60.78 1.9691e+02    565.980      13585  1028.6146  1028.6134     4.6757     0.0814     0.1142    34.0986    34.0972    8.35132         30 0.0000e+00
    247.000    244.301    -1.3361  27.354950    -1.3350  27.354731     6.2091     6.4220     0.1978    98.5983 1.0000e-12  -73.92772 -113.24046  39.647132     100.24 1.9653e+02    567.219      13614  1028.6200  1028.6187     4.6773     0.0829     0.1146    34.0994    34.0979    8.35090         29 0.0000e+00
    248.000    245.289    -1.3356  27.355930    -1.3346  27.355663     6.2083     6.4254     0.0696    98.4448 1.0000e-12  -73.92772 -113.24046  39.647146      99.91 1.9429e+02    568.382      13642  1028.6249  1028.6237     4.6701     0.0828     0.1137    34.0995    34.0981    8.35077         27 0.0000e+00
    249.000    246.278    -1.3347  27.357413    -1.3337  27.357136     6.2115     6.4309     0.0572    98.5526 1.0000e-12  -73.92772 -113.24046  39.647159      99.92 1.9618e+02    569.520      13669  1028.6300  1028.6288     4.6752     0.0822     0.1158    34.0999    34.0984    8.35055         28 0.0000e+00
    250.000    247.266    -1.3334  27.359254    -1.3324  27.359016     6.2101     6.4199     0.0601    98.4647 1.0000e-12  -73.92772 -113.24046  39.647172      99.91 1.9663e+02    570.695      13698  1028.6352  1028.6339     4.6711     0.0848     0.1169    34.1004    34.0989    8.35024         28 0.0000e+00
    251.000    248.255    -1.3316  27.361645    -1.3305  27.361357     6.1993     6.4130     0.0728    98.5672 1.0000e-12  -73.92772 -113.24046  39.647186      99.91 1.9438e+02    571.889      13726  1028.6404  1028.6389     4.6758     0.0809     0.1162    34.1010    34.0993    8.34979         29 0.0000e+00
    252.000    249.243    -1.3239  27.370344    -1.3228  27.370086     6.2049     6.4176     0.0653    98.5527 1.0000e-12  -73.92772 -113.24046  39.647200      99.91 1.9612e+02    573.060      13754  1028.6468  1028.6454     4.6751     0.0816     0.1142    34.1036    34.1020    8.34792         28 0.0000e+00
    253.000    250.231    -1.3218  27.373246    -1.3208  27.372891     6.1961     6.4085     0.0666    98.5697 1.0000e-12  -73.92772 -113.24046  39.647213      99.91 1.9678e+02    574.200      13782  1028.6522  1028.6508     4.6759     0.0799     0.1184    34.1045    34.1029    8.34738         27 0.0000e+00
    254.000    251.221    -1.3169  27.378819    -1.3159  27.378469     6.1911     6.4009     0.0653    98.5899 1.0000e-12  -73.92772 -113.24046  39.647226      99.91 1.9535e+02    575.338      13809  1028.6580  1028.6566     4.6770     0.0840     0.1155    34.1060    34.1044    8.34622         27 0.0000e+00
    255.000    252.208    -1.3047  27.392683    -1.3038  27.392039     6.1808     6.3995     0.0551    98.5720 1.0000e-12  -73.92772 -113.24046  39.647240      94.42 1.9421e+02    576.513      13837  1028.6656  1028.6641     4.6761     0.0821     0.1167    34.1105    34.1086    8.34321         29 0.0000e+00
    256.000    253.197    -1.3003  27.397749    -1.2994  27.397185     6.1764     6.3947     0.0485    98.5729 1.0000e-12  -73.92772 -113.24046  39.647253      59.54 1.9702e+02    577.697      13866  1028.6713  1028.6698     4.6761     0.0786     0.1133    34.1118    34.1100    8.34215         28 0.0000e+00
    257.000    254.185    -1.2991  27.399379    -1.2985  27.398633     6.1762     6.3884     0.0459    98.5683 1.0000e-12  -73.92772 -113.24046  39.647267      91.11 1.9618e+02    578.857      13894  1028.6764  1028.6749     4.6759     0.0799     0.1162    34.1121    34.1103    8.34188         28 0.0000e+00
    258.000    255.173    -1.2964  27.402545    -1.2947  27.402879     6.1629     6.3876     0.0503    98.4778 1.0000e-12  -73.92772 -113.24046  39.647280      99.87 1.9295e+02    579.994      13921  1028.6816  1028.6803     4.6716     0.0802     0.1168    34.1128    34.1112    8.34123         27 0.0000e+00
    259.000    256.163    -1.2934  27.405931    -1.2927  27.405411     6.1689     6.3786     0.0509    98.4385 1.0000e-12  -73.92772 -113.24046  39.647293      99.91 1.9676e+02    581.149      13949  1028.6868  1028.6855     4.6698     0.0824     0.1211    34.1134    34.1118    8.34052         28 0.0000e+00
    260.000    257.150    -1.2914  27.408535    -1.2901  27.408401     6.1693     6.3778     0.0525    98.5832 1.0000e-12  -73.92772 -113.24046  39.647307      99.91 1.9581e+02    582.307      13976  1028.6921  1028.6907     4.6766     0.0805     0.1161    34.1141    34.1124    8.34004         28 0.0000e+00
