ocean_section_plots/required_files/ctd/dnbp2202_ctd104.cnv
* Sea-Bird SBE 9 Data File:
* FileName = D:\Data\raw\NBP2202_CTD104.hex
* Software Version Seasave V 7.26.7.121
* Temperature SN = 1649
* Conductivity SN = 2513
* Number of Bytes Per Scan = 40
* Number of Voltage Words = 5
* Number of Scans Averaged by the Deck Unit = 1
* NMEA Latitude = 74 10.52 S
* NMEA Longitude = 113 20.65 W
* NMEA UTC (Time) = Jan 27 2022  04:23:20
* NMEA baud rate = 9600
** Ship: RVIB N.B. Palmer
** Cruise: NBP2202 Thwaites
** Station: YoYo001
** Operator: B. Bjork
# nquan = 25
# nvalues = 607                         
# units = specified
# name 0 = prDM: Pressure, Digiquartz [db]
# name 1 = depSM: Depth [salt water, m]
# name 2 = t090C: Temperature [ITS-90, deg C]
# name 3 = c0mS/cm: Conductivity [mS/cm]
# name 4 = t190C: Temperature, 2 [ITS-90, deg C]
# name 5 = c1mS/cm: Conductivity, 2 [mS/cm]
# name 6 = sbeox0ML/L: Oxygen, SBE 43 [ml/l]
# name 7 = sbeox1ML/L: Oxygen, SBE 43, 2 [ml/l]
# name 8 = flECO-AFL: Fluorescence, WET Labs ECO-AFL/FL [mg/m^3]
# name 9 = CStarTr0: Beam Transmission, WET Labs C-Star [%]
# name 10 = par: PAR/Irradiance, Biospherical/Licor
# name 11 = latitude: Latitude [deg]
# name 12 = longitude: Longitude [deg]
# name 13 = timeJ: Julian Days
# name 14 = altM: Altimeter [m]
# name 15 = spar: SPAR, Biospherical/Licor
# name 16 = timeS: Time, Elapsed [seconds]
# name 17 = scan: Scan Count
# name 18 = density00: Density [density, kg/m^3]
# name 19 = density11: Density, 2 [density, kg/m^3]
# name 20 = sal00: Salinity, Practical [PSU]
# name 21 = sal11: Salinity, Practical, 2 [PSU]
# name 22 = oxsolML/L: Oxygen Saturation, Garcia & Gordon [ml/l]
# name 23 = nbin: number of scans per bin
# name 24 = flag: flag
# span 0 =     10.000,    616.000       
# span 1 =      9.899,    608.720       
# span 2 =    -1.4899,     0.1085       
# span 3 =  26.955404,  28.944205       
# span 4 =    -1.4888,     0.1106       
# span 5 =  26.955119,  28.943628       
# span 6 =     4.7047,     9.2613       
# span 7 =     4.7785,     9.0385       
# span 8 =    -0.0225,    24.9818       
# span 9 =    69.1793,    95.5295       
# span 10 = 1.0000e-12, 6.4262e+00      
# span 11 =  -74.17536,  -74.17536      
# span 12 = -113.34428, -113.34424      
# span 13 =  27.183218,  27.191728      
# span 14 =       8.63,     100.33      
# span 15 = 2.2210e+02, 2.5209e+02      
# span 16 =     30.043,    765.337      
# span 17 =        722,      18369      
# span 18 =  1027.2153,  1030.5202      
# span 19 =  1027.2118,  1030.5179      
# span 20 =    33.7883,    34.3853      
# span 21 =    33.7858,    34.3825      
# span 22 =    8.02198,    8.40221      
# span 23 =         21,         63      
# span 24 = 0.0000e+00, 0.0000e+00      
# interval = decibars: 1                
# start_time = Jan 27 2022 04:23:20 [NMEA time, header]
# bad_flag = -9.990e-29
*END*
[from data line 406]
    416.000    411.282    -0.2089  28.502888    -0.2065  28.502988     4.8297     4.9135    -0.0116    95.4453 1.0000e-12  -74.17536 -113.34426  27.188790      99.86 2.3366e+02    511.412      12275  1029.5087  1029.5065    34.2744    34.2718    8.09508         24 0.0000e+00
    417.000    412.269    -0.2131  28.499632    -0.2112  28.499424     4.8249     4.9070    -0.0115    95.4399 1.0000e-12  -74.17536 -113.34426  27.188801      99.87 2.3298e+02    512.423      12299  1029.5137  1029.5116    34.2743    34.2718    8.09600         25 0.0000e+00
    418.000    413.258    -0.2140  28.499999    -0.2117  28.500041     4.8243     4.9080    -0.0147    95.4411 1.0000e-12  -74.17536 -113.34426  27.188813      99.87 2.3270e+02    513.442      12324  1029.5192  1029.5170    34.2751    34.2726    8.09613         24 0.0000e+00
    419.000    414.243    -0.2123  28.502101    -0.2106  28.501676     4.8243     4.9070    -0.0094    95.4300 1.0000e-12  -74.17536 -113.34426  27.188825      99.87 2.3270e+02    514.478      12348  1029.5240  1029.5219    34.2754    34.2729    8.09575         26 0.0000e+00
    420.000    415.231    -0.2115  28.503500    -0.2097  28.502953     4.8220     4.9069    -0.0092    95.3874 1.0000e-12  -74.17536 -113.34426  27.188837      99.86 2.3270e+02    515.521      12374  1029.5290  1029.5266    34.2759    34.2730    8.09557         24 0.0000e+00
    421.000    416.220    -0.2092  28.506310    -0.2064  28.506810     4.8230     4.9088    -0.0151    95.3695 1.0000e-12  -74.17536 -113.34426  27.188849      99.87 2.3270e+02    516.562      12398  1029.5339  1029.5318    34.2764    34.2739    8.09504         25 0.0000e+00
    422.000    417.207    -0.2084  28.507834    -0.2056  28.508355     4.8275     4.9072    -0.0132    95.3190 1.0000e-12  -74.17536 -113.34426  27.188861      99.87 2.3270e+02    517.581      12423  1029.5390  1029.5369    34.2769    34.2744    8.09484         24 0.0000e+00
    423.000    418.194    -0.2060  28.511017    -0.2039  28.510745     4.8191     4.9051    -0.0175    95.3057 1.0000e-12  -74.17536 -113.34426  27.188872      99.87 2.3270e+02    518.579      12447  1029.5443  1029.5420    34.2778    34.2751    8.09427         24 0.0000e+00
    424.000    419.182    -0.2027  28.514540    -0.2007  28.514347     4.8112     4.8969    -0.0175    95.2940 1.0000e-12  -74.17536 -113.34426  27.188884      99.87 2.3270e+02    519.572      12471  1029.5491  1029.5469    34.2782    34.2757    8.09355         24 0.0000e+00
    425.000    420.171    -0.1962  28.522338    -0.1940  28.521877     4.8089     4.8890    -0.0174    95.2824 1.0000e-12  -74.17536 -113.34426  27.188896      94.08 2.3270e+02    520.578      12495  1029.5552  1029.5527    34.2807    34.2776    8.09203         25 0.0000e+00
    426.000    421.156    -0.1899  28.528913    -0.1878  28.528456     4.8014     4.8837    -0.0022    95.2632 1.0000e-12  -74.17536 -113.34426  27.188907      87.03 2.3270e+02    521.603      12519  1029.5603  1029.5579    34.2817    34.2789    8.09063         25 0.0000e+00
    427.000    422.146    -0.1844  28.534984    -0.1825  28.534342     4.7976     4.8851    -0.0098    95.2565 1.0000e-12  -74.17536 -113.34426  27.188919      96.73 2.3270e+02    522.644      12544  1029.5657  1029.5633    34.2831    34.2801    8.08939         24 0.0000e+00
    428.000    423.133    -0.1801  28.540728    -0.1778  28.540573     4.7978     4.8837    -0.0169    95.2534 1.0000e-12  -74.17536 -113.34426  27.188932      99.93 2.3270e+02    523.687      12569  1029.5719  1029.5696    34.2853    34.2826    8.08835         25 0.0000e+00
    429.000    424.119    -0.1789  28.542314    -0.1769  28.542076     4.8013     4.8851    -0.0183    95.2484 1.0000e-12  -74.17536 -113.34426  27.188943      99.86 2.3270e+02    524.705      12594  1029.5768  1029.5746    34.2855    34.2830    8.08810         25 0.0000e+00
    430.000    425.109    -0.1776  28.544266    -0.1753  28.544217     4.7988     4.8888    -0.0048    95.2384 1.0000e-12  -74.17536 -113.34426  27.188955      99.86 2.3270e+02    525.716      12618  1029.5819  1029.5796    34.2860    34.2834    8.08778         24 0.0000e+00
    431.000    426.095    -0.1748  28.547531    -0.1726  28.547453     4.7938     4.8802    -0.0016    95.2061 1.0000e-12  -74.17536 -113.34426  27.188967      99.86 2.3270e+02    526.730      12643  1029.5870  1029.5847    34.2867    34.2840    8.08717         24 0.0000e+00
    432.000    427.084    -0.1700  28.552838    -0.1679  28.552495     4.7945     4.8715    -0.0022    95.2061 1.0000e-12  -74.17536 -113.34426  27.188979      99.87 2.3270e+02    527.757      12667  1029.5922  1029.5898    34.2877    34.2849    8.08608         25 0.0000e+00
    433.000    428.070    -0.1674  28.555829    -0.1653  28.555534     4.7943     4.8699    -0.0024    95.2185 1.0000e-12  -74.17536 -113.34426  27.188991      99.87 2.3270e+02    528.789      12692  1029.5971  1029.5948    34.2881    34.2855    8.08550         25 0.0000e+00
    434.000    429.058    -0.1664  28.557308    -0.1640  28.557298     4.7948     4.8720    -0.0080    95.2031 1.0000e-12  -74.17536 -113.34426  27.189003      99.86 2.3263e+02    529.830      12717  1029.6021  1029.5998    34.2884    34.2857    8.08528         25 0.0000e+00
    435.000    430.046    -0.1624  28.562072    -0.1600  28.562066     4.7889     4.8737    -0.0110    95.1794 1.0000e-12  -74.17536 -113.34426  27.189014      99.86 2.3226e+02    530.852      12741  1029.6075  1029.6052    34.2897    34.2870    8.08437         24 0.0000e+00
    436.000    431.033    -0.1569  28.568405    -0.1547  28.568314     4.7866     4.8771    -0.0126    95.1923 1.0000e-12  -74.17536 -113.34426  27.189026      99.87 2.3204e+02    531.867      12766  1029.6132  1029.6109    34.2913    34.2887    8.08311         24 0.0000e+00
    437.000    432.021    -0.1480  28.578018    -0.1452  28.578022     4.7898     4.8726    -0.0183    95.2114 1.0000e-12  -74.17536 -113.34426  27.189038      99.86 2.3221e+02    532.881      12790  1029.6190  1029.6163    34.2935    34.2904    8.08110         25 0.0000e+00
    438.000    433.008    -0.1401  28.585779    -0.1382  28.585285     4.7862     4.8675    -0.0147    95.2083 1.0000e-12  -74.17536 -113.34426  27.189050      73.87 2.3197e+02    533.893      12814  1029.6238  1029.6215    34.2944    34.2916    8.07938         24 0.0000e+00
    439.000    433.996    -0.1388  28.587584    -0.1364  28.587501     4.7847     4.8683    -0.0098    95.2367 1.0000e-12  -74.17536 -113.34426  27.189061      86.06 2.3137e+02    534.906      12839  1029.6288  1029.6264    34.2947    34.2920    8.07908         25 0.0000e+00
    440.000    434.983    -0.1339  28.593273    -0.1318  28.593029     4.7817     4.8670    -0.0101    95.2787 1.0000e-12  -74.17536 -113.34426  27.189073      99.74 2.3203e+02    535.928      12863  1029.6344  1029.6320    34.2962    34.2935    8.07797         24 0.0000e+00
    441.000    435.971    -0.1334  28.594452    -0.1309  28.594564     4.7851     4.8639    -0.0112    95.2916 1.0000e-12  -74.17536 -113.34426  27.189085      99.87 2.3136e+02    536.955      12888  1029.6394  1029.6371    34.2965    34.2939    8.07783         25 0.0000e+00
    442.000    436.958    -0.1320  28.596222    -0.1307  28.595294     4.7918     4.8694    -0.0167    95.2987 1.0000e-12  -74.17536 -113.34426  27.189097      99.87 2.3143e+02    537.985      12913  1029.6443  1029.6421    34.2968    34.2940    8.07753         25 0.0000e+00
    443.000    437.948    -0.1316  28.596902    -0.1329  28.593706     4.7911     4.8717    -0.0168    95.3187 1.0000e-12  -74.17536 -113.34426  27.189109      99.86 2.3189e+02    539.015      12937  1029.6490  1029.6469    34.2966    34.2939    8.07745         24 0.0000e+00
    444.000    438.933    -0.1437  28.586363    -0.1423  28.585530     4.7930     4.8754    -0.0113    95.3547 1.0000e-12  -74.17536 -113.34426  27.189121      99.86 2.3137e+02    540.035      12962  1029.6540  1029.6518    34.2955    34.2929    8.08006         24 0.0000e+00
    445.000    439.920    -0.1467  28.583755    -0.1459  28.582697     4.7943     4.8755    -0.0097    95.3752 1.0000e-12  -74.17536 -113.34426  27.189133      99.87 2.3143e+02    541.051      12986  1029.6585  1029.6566    34.2949    34.2926    8.08074         25 0.0000e+00
    446.000    440.909    -0.1499  28.581723    -0.1483  28.580974     4.7948     4.8728    -0.0106    95.3771 1.0000e-12  -74.17536 -113.34426  27.189144      99.87 2.3150e+02    542.070      13011  1029.6637  1029.6614    34.2952    34.2924    8.08140         25 0.0000e+00
    447.000    441.897    -0.1487  28.583328    -0.1474  28.582401     4.7962     4.8789    -0.0101    95.3778 1.0000e-12  -74.17536 -113.34426  27.189156      99.87 2.3131e+02    543.096      13035  1029.6685  1029.6663    34.2954    34.2927    8.08114         24 0.0000e+00
    448.000    442.884    -0.1454  28.586797    -0.1445  28.585524     4.7963     4.8833    -0.0109    95.3544 1.0000e-12  -74.17536 -113.34426  27.189168      99.87 2.3122e+02    544.128      13060  1029.6732  1029.6710    34.2957    34.2930    8.08042         25 0.0000e+00
    449.000    443.871    -0.1477  28.585438    -0.1458  28.585180     4.7886     4.8742    -0.0109    95.3524 1.0000e-12  -74.17536 -113.34426  27.189180      99.86 2.3143e+02    545.163      13085  1029.6783  1029.6762    34.2959    34.2934    8.08089         25 0.0000e+00
    450.000    444.860    -0.1461  28.588020    -0.1440  28.587584     4.7847     4.8645    -0.0104    95.3137 1.0000e-12  -74.17536 -113.34426  27.189192      69.81 2.3111e+02    546.180      13109  1029.6837  1029.6812    34.2969    34.2939    8.08049         24 0.0000e+00
    451.000    445.846    -0.1324  28.601554    -0.1308  28.600767     4.7773     4.8658    -0.0110    95.2856 1.0000e-12  -74.17536 -113.34426  27.189203      81.61 2.3094e+02    547.184      13133  1029.6888  1029.6865    34.2989    34.2961    8.07748         24 0.0000e+00
    452.000    446.834    -0.1245  28.610284    -0.1223  28.610045     4.7802     4.8563    -0.0120    95.2439 1.0000e-12  -74.17536 -113.34426  27.189215      91.68 2.3094e+02    548.182      13157  1029.6947  1029.6923    34.3011    34.2983    8.07570         24 0.0000e+00
    453.000    447.821    -0.1226  28.612524    -0.1206  28.612355     4.7816     4.8576    -0.0184    95.2609 1.0000e-12  -74.17536 -113.34426  27.189227      99.92 2.3094e+02    549.193      13182  1029.6995  1029.6974    34.3013    34.2989    8.07529         24 0.0000e+00
    454.000    448.809    -0.1225  28.613433    -0.1197  28.613560     4.7775     4.8563    -0.0156    95.3145 1.0000e-12  -74.17536 -113.34426  27.189239      99.86 2.3094e+02    550.213      13206  1029.7046  1029.7021    34.3018    34.2989    8.07523         25 0.0000e+00
    455.000    449.797    -0.1202  28.616078    -0.1180  28.615900     4.7807     4.8579    -0.0020    95.3112 1.0000e-12  -74.17536 -113.34426  27.189250      99.87 2.3094e+02    551.238      13231  1029.7095  1029.7072    34.3022    34.2994    8.07473         25 0.0000e+00
    456.000    450.784    -0.1154  28.621670    -0.1136  28.621071     4.7753     4.8618    -0.0110    95.3315 1.0000e-12  -74.17536 -113.34426  27.189262      99.86 2.3094e+02    552.263      13255  1029.7151  1029.7127    34.3037    34.3008    8.07364         24 0.0000e+00
    457.000    451.770    -0.1123  28.625086    -0.1104  28.624673     4.7760     4.8630    -0.0022    95.3595 1.0000e-12  -74.17536 -113.34426  27.189274      99.86 2.3094e+02    553.289      13280  1029.7200  1029.7177    34.3041    34.3014    8.07295         25 0.0000e+00
    458.000    452.760    -0.1116  28.626314    -0.1096  28.626109     4.7795     4.8574    -0.0104    95.4055 1.0000e-12  -74.17536 -113.34426  27.189286      99.86 2.3094e+02    554.308      13304  1029.7249  1029.7227    34.3044    34.3018    8.07279         24 0.0000e+00
    459.000    453.747    -0.1130  28.625678    -0.1110  28.625505     4.7773     4.8558    -0.0118    95.4245 1.0000e-12  -74.17536 -113.34426  27.189298      99.87 2.3094e+02    555.335      13329  1029.7299  1029.7278    34.3044    34.3020    8.07307         25 0.0000e+00
    460.000    454.733    -0.1123  28.627006    -0.1097  28.627189     4.7790     4.8570    -0.0170    95.4511 1.0000e-12  -74.17536 -113.34426  27.189310      99.86 2.3094e+02    556.368      13354  1029.7350  1029.7326    34.3049    34.3022    8.07291         25 0.0000e+00
    461.000    455.720    -0.1124  28.627367    -0.1103  28.627277     4.7775     4.8575    -0.0190    95.4518 1.0000e-12  -74.17536 -113.34426  27.189322      99.86 2.3094e+02    557.405      13379  1029.7397  1029.7376    34.3049    34.3024    8.07293         24 0.0000e+00
    462.000    456.710    -0.1128  28.627537    -0.1101  28.627937     4.7726     4.8606    -0.0184    95.4617 1.0000e-12  -74.17536 -113.34426  27.189334      99.87 2.3094e+02    558.443      13404  1029.7445  1029.7424    34.3049    34.3024    8.07300         26 0.0000e+00
    463.000    457.697    -0.1120  28.628941    -0.1094  28.629156     4.7769     4.8587    -0.0181    95.4858 1.0000e-12  -74.17536 -113.34426  27.189346      71.58 2.3094e+02    559.464      13428  1029.7496  1029.7473    34.3053    34.3027    8.07282         24 0.0000e+00
    464.000    458.683    -0.1103  28.631340    -0.1080  28.631221     4.7800     4.8540    -0.0171    95.4863 1.0000e-12  -74.17536 -113.34426  27.189358      88.32 2.3094e+02    560.489      13453  1029.7547  1029.7524    34.3060    34.3033    8.07242         25 0.0000e+00
    465.000    459.670    -0.1085  28.634370    -0.1065  28.634156     4.7735     4.8506    -0.0102    95.5033 1.0000e-12  -74.17536 -113.34426  27.189369      98.30 2.3094e+02    561.519      13477  1029.7605  1029.7583    34.3074    34.3049    8.07197         24 0.0000e+00
    466.000    460.659    -0.1070  28.636406    -0.1050  28.636172     4.7822     4.8566    -0.0059    95.4904 1.0000e-12  -74.17536 -113.34426  27.189381      99.88 2.3094e+02    562.546      13502  1029.7655  1029.7633    34.3079    34.3053    8.07163         25 0.0000e+00
    467.000    461.646    -0.1086  28.635535    -0.1059  28.635916     4.7895     4.8596    -0.0106    95.4986 1.0000e-12  -74.17536 -113.34426  27.189393      99.86 2.3094e+02    563.576      13527  1029.7704  1029.7682    34.3078    34.3054    8.07195         25 0.0000e+00
    468.000    462.633    -0.1117  28.633218    -0.1076  28.634907     4.7975     4.8691    -0.0098    95.5012 1.0000e-12  -74.17536 -113.34426  27.189405      99.86 2.3094e+02    564.600      13551  1029.7752  1029.7730    34.3077    34.3053    8.07262         24 0.0000e+00
    469.000    463.621    -0.1230  28.624080    -0.1210  28.623881     4.7903     4.8735    -0.0104    95.4936 1.0000e-12  -74.17536 -113.34426  27.189417      99.86 2.3094e+02    565.618      13576  1029.7809  1029.7788    34.3076    34.3051    8.07501         24 0.0000e+00
    470.000    464.607    -0.1213  28.626426    -0.1185  28.626784     4.7864     4.8681    -0.0106    95.4749 1.0000e-12  -74.17536 -113.34426  27.189429      99.87 2.3094e+02    566.627      13600  1029.7860  1029.7837    34.3082    34.3056    8.07461         25 0.0000e+00
    471.000    465.596    -0.1164  28.632018    -0.1144  28.631457     4.7782     4.8635    -0.0107    95.4733 1.0000e-12  -74.17536 -113.34426  27.189440      99.86 2.3094e+02    567.645      13624  1029.7913  1029.7889    34.3095    34.3066    8.07350         24 0.0000e+00
    472.000    466.583    -0.1031  28.646450    -0.1013  28.645722     4.7737     4.8573    -0.0103    95.4463 1.0000e-12  -74.17536 -113.34426  27.189452      99.87 2.3094e+02    568.661      13649  1029.7977  1029.7952    34.3132    34.3102    8.07049         25 0.0000e+00
