ocean_section_plots/required_files/ctd/dnbp2202_ctd282.cnv
* Sea-Bird SBE 9 Data File:
* FileName = D:\Data\raw\NBP2202_CTD282.hex
* Software Version Seasave V 7.26.7.121
* Temperature SN = 1649
* Conductivity SN = 2513
* Number of Bytes Per Scan = 40
* Number of Voltage Words = 5
* Number of Scans Averaged by the Deck Unit = 1
* NMEA Latitude = 74 07.00 S
* NMEA Longitude = 115 43.88 W
* NMEA UTC (Time) = Feb 22 2022  07:47:17
* NMEA baud rate = 9600
** Ship: RVIB N.B. Palmer
** Cruise: NBP2202 Thwaites
** Station: 184
** Operator: B. Bjork
# nquan = 28
# nvalues = 1131                        
# units = specified
# name 0 = prDM: Pressure, Digiquartz [db]
# name 1 = depSM: Depth [salt water, m]
# name 2 = t090C: Temperature [ITS-90, deg C]
# name 3 = c0mS/cm: Conductivity [mS/cm]
# name 4 = t190C: Temperature, 2 [ITS-90, deg C]
# name 5 = c1mS/cm: Conductivity, 2 [mS/cm]
# name 6 = sbeox0ML/L: Oxygen, SBE 43 [ml/l]
# name 7 = sbeox1ML/L: Oxygen, SBE 43, 2 [ml/l]
# name 8 = flECO-AFL: Fluorescence, WET Labs ECO-AFL/FL [mg/m^3]
# name 9 = CStarTr0: Beam Transmission, WET Labs C-Star [%]
# name 10 = par: PAR/Irradiance, Biospherical/Licor
# name 11 = latitude: Latitude [deg]
# name 12 = longitude: Longitude [deg]
# name 13 = timeJ: Julian Days
# name 14 = altM: Altimeter [m]
# name 15 = spar: SPAR, Biospherical/Licor
# name 16 = timeS: Time, Elapsed [seconds]
# name 17 = scan: Scan Count
# name 18 = density00: Density [density, kg/m^3]
# name 19 = density11: Density, 2 [density, kg/m^3]
# name 20 = v3: Voltage 3
# name 21 = v4: Voltage 4
# name 22 = v5: Voltage 5
# name 23 = sal00: Salinity, Practical [PSU]
# name 24 = sal11: Salinity, Practical, 2 [PSU]
# name 25 = oxsolML/L: Oxygen Saturation, Garcia & Gordon [ml/l]
# name 26 = nbin: number of scans per bin
# name 27 = flag: flag
# span 0 =      2.000,   1132.000       
# span 1 =      1.981,   1117.246       
# span 2 =    -1.8815,     0.5328       
# span 3 =  26.900858,  29.665421       
# span 4 =    -1.8807,     0.5351       
# span 5 =  26.900922,  29.666082       
# span 6 =     4.4007,     9.1390       
# span 7 =     4.4991,     9.4643       
# span 8 =     0.0174,    11.7215       
# span 9 =    89.2330,    98.6956       
# span 10 = -3.422e-04, 5.3394e-01      
# span 11 =  -74.11678,  -74.11676      
# span 12 = -115.73144, -115.73140      
# span 13 =  53.326929,  53.342062      
# span 14 =       2.91,     100.20      
# span 15 = 1.4069e+01, 2.4767e+01      
# span 16 =    209.634,   1517.202      
# span 17 =       5032,      36414      
# span 18 =  1027.1606,  1033.0358      
# span 19 =  1027.1600,  1033.0342      
# span 20 =     4.2322,     4.6819      
# span 21 =     0.0695,     1.6122      
# span 22 =     0.1069,     0.1859      
# span 23 =    33.7785,    34.5616      
# span 24 =    33.7776,    34.5599      
# span 25 =    7.92440,    8.47591      
# span 26 =         21,         49      
# span 27 = 0.0000e+00, 0.0000e+00      
# interval = decibars: 1                
# start_time = Feb 22 2022 07:47:17 [NMEA time, header]
# bad_flag = -9.990e-29
*END*
[from data line 1088]
   1090.000   1075.901     0.5262  29.640802     0.5285  29.641524     4.4829     4.5865     0.0359    98.5757 1.0000e-12  -74.11678 -115.73142  53.340468      45.45 1.6771e+01   1379.425      33107  1032.8405  1032.8390     4.6762     0.0896     0.1119    34.5602    34.5585    7.92583         32 0.0000e+00
   1091.000   1076.885     0.5265  29.641500     0.5290  29.642300     4.4861     4.5885     0.0593    98.5433 1.0000e-12  -74.11678 -115.73141  53.340484      44.44 1.8341e+01   1380.801      33140  1032.8452  1032.8436     4.6747     0.0710     0.1118    34.5602    34.5585    7.92577         34 0.0000e+00
   1092.000   1077.872     0.5266  29.642099     0.5291  29.642865     4.4866     4.5928     0.0705    98.5380 1.0000e-12  -74.11678 -115.73141  53.340501      43.37 1.8959e+01   1382.257      33175  1032.8498  1032.8482     4.6745     0.0695     0.1139    34.5603    34.5585    7.92573         33 0.0000e+00
   1093.000   1078.854     0.5273  29.643177     0.5297  29.643911     4.4849     4.5862     0.1167    98.5600 1.0000e-12  -74.11678 -115.73141  53.340518      42.45 1.6596e+01   1383.732      33211  1032.8545  1032.8529     4.6755     0.0742     0.1125    34.5603    34.5587    7.92558         36 0.0000e+00
   1094.000   1079.838     0.5269  29.643317     0.5294  29.644030     4.4790     4.5781     0.0309    98.5507 1.0000e-12  -74.11678 -115.73141  53.340535      41.35 1.8164e+01   1385.226      33246  1032.8592  1032.8576     4.6751     0.0983     0.1147    34.5604    34.5586    7.92566         36 0.0000e+00
   1095.000   1080.823     0.5270  29.643795     0.5294  29.644480     4.4723     4.5701     0.0224    98.4711 1.0000e-12  -74.11678 -115.73141  53.340552      40.35 1.8794e+01   1386.723      33282  1032.8638  1032.8622     4.6713     0.0723     0.1120    34.5604    34.5586    7.92565         35 0.0000e+00
   1096.000   1081.808     0.5270  29.644284     0.5294  29.645022     4.4735     4.5741     0.0575    98.4526 1.0000e-12  -74.11678 -115.73141  53.340569      39.32 1.6249e+01   1388.193      33318  1032.8685  1032.8669     4.6704     0.0735     0.1110    34.5605    34.5587    7.92564         36 0.0000e+00
   1097.000   1082.791     0.5271  29.644832     0.5296  29.645589     4.4721     4.5781     0.0413    98.5950 1.0000e-12  -74.11678 -115.73141  53.340587      38.41 1.7650e+01   1389.702      33354  1032.8732  1032.8715     4.6772     0.0744     0.1143    34.5605    34.5587    7.92562         38 0.0000e+00
   1098.000   1083.777     0.5273  29.645343     0.5297  29.646150     4.4761     4.5748     0.0300    98.5697 1.0000e-12  -74.11678 -115.73141  53.340606      37.29 1.8282e+01   1391.379      33394  1032.8777  1032.8762     4.6760     0.0729     0.1130    34.5604    34.5588    7.92559         38 0.0000e+00
   1099.000   1084.760     0.5274  29.645860     0.5298  29.646624     4.4752     4.5670     0.0293    98.6209 1.0000e-12  -74.11678 -115.73141  53.340627      36.31 1.5844e+01   1393.159      33437  1032.8824  1032.8808     4.6784     0.0727     0.1134    34.5604    34.5587    7.92557         36 0.0000e+00
   1100.000   1085.745     0.5275  29.646424     0.5299  29.647189     4.4780     4.5742     0.0509    98.5672 1.0000e-12  -74.11678 -115.73141  53.340647      35.24 1.7489e+01   1394.938      33480  1032.8870  1032.8855     4.6758     0.0788     0.1121    34.5604    34.5587    7.92554         38 0.0000e+00
   1101.000   1086.730     0.5277  29.647098     0.5302  29.647817     4.4722     4.5767     0.0918    98.6192 1.0000e-12  -74.11678 -115.73142  53.340669      34.25 1.7766e+01   1396.817      33525  1032.8917  1032.8900     4.6783     0.0733     0.1137    34.5606    34.5587    7.92549         39 0.0000e+00
   1102.000   1087.714     0.5279  29.647818     0.5304  29.648526     4.4693     4.5757     0.1298    98.5562 1.0000e-12  -74.11678 -115.73141  53.340692      33.25 1.5917e+01   1398.755      33571  1032.8965  1032.8948     4.6753     0.0722     0.1143    34.5607    34.5589    7.92544         48 0.0000e+00
   1103.000   1088.699     0.5281  29.648320     0.5305  29.649026     4.4713     4.5717     0.0624    98.5514 1.0000e-12  -74.11678 -115.73142  53.340715      32.18 1.7133e+01   1400.804      33620  1032.9010  1032.8994     4.6751     0.0713     0.1134    34.5606    34.5588    7.92542         42 0.0000e+00
   1104.000   1089.683     0.5283  29.649091     0.5308  29.649746     4.4676     4.5725     0.0465    98.5762 1.0000e-12  -74.11678 -115.73142  53.340740      31.19 1.7216e+01   1402.923      33671  1032.9058  1032.9040     4.6764     0.0725     0.1122    34.5608    34.5588    7.92536         47 0.0000e+00
   1105.000   1090.668     0.5286  29.649763     0.5311  29.650447     4.4695     4.5701     0.0367    98.5971 1.0000e-12  -74.11678 -115.73142  53.340764      30.21 1.5878e+01   1405.005      33721  1032.9104  1032.9087     4.6773     0.0756     0.1128    34.5607    34.5590    7.92529         46 0.0000e+00
   1106.000   1091.650     0.5288  29.650315     0.5311  29.651017     4.4727     4.5714     0.0504    98.6029 1.0000e-12  -74.11678 -115.73142  53.340788      29.17 1.6683e+01   1407.091      33771  1032.9150  1032.9134     4.6775     0.0717     0.1120    34.5608    34.5591    7.92526         38 0.0000e+00
   1107.000   1092.637     0.5290  29.651006     0.5314  29.651722     4.4692     4.5732     0.0355    98.6112 1.0000e-12  -74.11678 -115.73142  53.340812      28.19 1.5981e+01   1409.180      33821  1032.9197  1032.9181     4.6780     0.0739     0.1110    34.5608    34.5591    7.92521         38 0.0000e+00
   1108.000   1093.621     0.5291  29.651424     0.5315  29.652195     4.4684     4.5724     0.0357    98.5631 1.0000e-12  -74.11678 -115.73141  53.340837      27.18 1.5869e+01   1411.277      33872  1032.9242  1032.9227     4.6756     0.0725     0.1100    34.5607    34.5591    7.92520         44 0.0000e+00
   1109.000   1094.605     0.5291  29.652019     0.5316  29.652693     4.4605     4.5630     0.0311    98.5509 1.0000e-12  -74.11678 -115.73141  53.340861      26.19 1.6818e+01   1413.380      33922  1032.9290  1032.9274     4.6751     0.0723     0.1135    34.5609    34.5591    7.92518         39 0.0000e+00
   1110.000   1095.590     0.5293  29.652707     0.5318  29.653419     4.4615     4.5605     0.0782    98.5927 1.0000e-12  -74.11678 -115.73141  53.340885      25.15 1.6271e+01   1415.479      33972  1032.9337  1032.9320     4.6770     0.0724     0.1117    34.5611    34.5592    7.92514         39 0.0000e+00
   1111.000   1096.574     0.5294  29.653257     0.5319  29.653904     4.4599     4.5572     0.0346    98.5715 1.0000e-12  -74.11678 -115.73141  53.340909      24.15 1.5999e+01   1417.573      34023  1032.9384  1032.9367     4.6761     0.0805     0.1138    34.5611    34.5592    7.92511         44 0.0000e+00
   1112.000   1097.559     0.5297  29.653900     0.5322  29.654727     4.4579     4.5575     0.0907    98.5800 1.0000e-12  -74.11678 -115.73141  53.340934      23.16 1.5865e+01   1419.674      34073  1032.9430  1032.9414     4.6765     0.0747     0.1157    34.5610    34.5594    7.92506         41 0.0000e+00
   1113.000   1098.543     0.5299  29.654599     0.5324  29.655362     4.4572     4.5523     0.0625    98.1846 1.0000e-12  -74.11678 -115.73142  53.340958      22.16 1.5866e+01   1421.750      34123  1032.9476  1032.9460     4.6577     0.0732     0.1129    34.5611    34.5593    7.92501         43 0.0000e+00
   1114.000   1099.528     0.5301  29.655132     0.5325  29.655823     4.4555     4.5478     0.0914    98.3909 1.0000e-12  -74.11678 -115.73142  53.340982      21.17 1.5866e+01   1423.819      34173  1032.9522  1032.9506     4.6675     0.0727     0.1137    34.5610    34.5593    7.92497         42 0.0000e+00
   1115.000   1100.512     0.5303  29.655798     0.5327  29.656468     4.4494     4.5497     0.0536    98.5016 1.0000e-12  -74.11678 -115.73142  53.341006      20.13 1.6796e+01   1425.931      34223  1032.9569  1032.9553     4.6728     0.0765     0.1142    34.5611    34.5594    7.92492         42 0.0000e+00
   1116.000   1101.496     0.5305  29.656441     0.5329  29.657069     4.4466     4.5497     0.0673    98.5568 1.0000e-12  -74.11678 -115.73142  53.341031      19.14 1.5863e+01   1428.054      34274  1032.9616  1032.9599     4.6754     0.0764     0.1168    34.5612    34.5593    7.92488         42 0.0000e+00
   1117.000   1102.480     0.5307  29.657075     0.5331  29.657658     4.4468     4.5455     0.0693    98.5074 1.0000e-12  -74.11678 -115.73142  53.341055      18.11 1.5866e+01   1430.170      34325  1032.9662  1032.9646     4.6730     0.0740     0.1285    34.5613    34.5594    7.92484         43 0.0000e+00
   1118.000   1103.464     0.5309  29.657637     0.5333  29.658359     4.4473     4.5455     0.0589    98.5060 1.0000e-12  -74.11678 -115.73142  53.341080      17.09 1.5866e+01   1432.284      34376  1032.9708  1032.9692     4.6729     0.0771     0.1149    34.5612    34.5595    7.92480         39 0.0000e+00
   1119.000   1104.449     0.5311  29.658316     0.5335  29.659027     4.4427     4.5429     0.0524    98.3618 1.0000e-12  -74.11678 -115.73142  53.341104      16.12 1.5866e+01   1434.387      34426  1032.9755  1032.9739     4.6661     0.0761     0.1222    34.5614    34.5596    7.92476         46 0.0000e+00
   1120.000   1105.432     0.5314  29.659088     0.5339  29.659832     4.4380     4.5370     0.4474    98.5112 1.0000e-12  -74.11678 -115.73142  53.341128      15.11 1.5866e+01   1436.455      34476  1032.9802  1032.9785     4.6733     0.0751     0.1145    34.5614    34.5596    7.92468         38 0.0000e+00
   1121.000   1106.418     0.5315  29.659562     0.5339  29.660277     4.4350     4.5391     0.1943    98.4919 1.0000e-12  -74.11678 -115.73142  53.341152      14.10 1.5866e+01   1438.545      34526  1032.9848  1032.9832     4.6723     0.0734     0.1148    34.5614    34.5596    7.92467         42 0.0000e+00
   1122.000   1107.402     0.5316  29.660047     0.5340  29.660797     4.4401     4.5311     0.0482    98.4499 1.0000e-12  -74.11678 -115.73142  53.341176      13.13 1.5866e+01   1440.635      34576  1032.9894  1032.9878     4.6703     0.0773     0.1188    34.5614    34.5597    7.92465         47 0.0000e+00
   1123.000   1108.387     0.5317  29.660632     0.5341  29.661235     4.4310     4.5298     0.0452    98.4745 1.0000e-12  -74.11678 -115.73142  53.341201      12.11 1.5866e+01   1442.747      34627  1032.9941  1032.9924     4.6715     0.0882     0.1169    34.5614    34.5595    7.92463         44 0.0000e+00
   1124.000   1109.371     0.5319  29.661280     0.5343  29.661945     4.4293     4.5267     0.0486    98.4440 1.0000e-12  -74.11678 -115.73142  53.341226      11.14 1.5866e+01   1444.933      34679  1032.9987  1032.9971     4.6701     0.0767     0.1156    34.5615    34.5597    7.92458         34 0.0000e+00
   1125.000   1110.355     0.5320  29.661810     0.5345  29.662508     4.4202     4.5170     0.0458    98.4373 1.0000e-12  -74.11678 -115.73142  53.341253      10.09 1.5866e+01   1447.242      34735  1033.0034  1033.0018     4.6697     0.0757     0.1172    34.5615    34.5597    7.92456         43 0.0000e+00
   1126.000   1111.338     0.5321  29.662342     0.5346  29.662991     4.4223     4.5157     0.0503    98.4238 1.0000e-12  -74.11678 -115.73142  53.341284       9.09 1.5866e+01   1449.910      34799  1033.0081  1033.0064     4.6692     0.0753     0.1178    34.5615    34.5597    7.92454         34 0.0000e+00
   1127.000   1112.324     0.5322  29.662824     0.5347  29.663465     4.4170     4.5200     0.0788    98.3836 1.0000e-12  -74.11678 -115.73142  53.341333       8.10 1.5866e+01   1454.183      34901  1033.0127  1033.0110     4.6672     0.0877     0.1201    34.5615    34.5596    7.92453         40 0.0000e+00
   1128.000   1113.309     0.5323  29.663392     0.5348  29.664106     4.4105     4.5034     0.1836    97.4335 1.0000e-12  -74.11678 -115.73141  53.341370       7.05 1.5866e+01   1457.326      34977  1033.0173  1033.0157     4.6225     0.0817     0.1204    34.5616    34.5598    7.92449         33 0.0000e+00
   1129.000   1114.291     0.5324  29.663917     0.5349  29.664664     4.4012     4.4991     0.0637    98.3398 1.0000e-12  -74.11678 -115.73142  53.341407       6.05 1.5866e+01   1460.590      35055  1033.0220  1033.0203     4.6650     0.0766     0.1179    34.5616    34.5598    7.92447         26 0.0000e+00
   1130.000   1115.278     0.5326  29.664480     0.5349  29.665172     4.4009     4.5006     0.0848    98.3482 1.0000e-12  -74.11678 -115.73142  53.341444       5.05 1.5866e+01   1463.771      35131  1033.0266  1033.0250     4.6654     0.0856     0.1166    34.5615    34.5599    7.92443         37 0.0000e+00
   1131.000   1116.267     0.5326  29.664898     0.5351  29.665667     4.4007     4.5012     0.1215    98.2761 1.0000e-12  -74.11678 -115.73141  53.341481       4.05 1.5866e+01   1466.951      35208  1033.0312  1033.0296     4.6621     0.1022     0.1233    34.5616    34.5598    7.92444         25 0.0000e+00
   1132.000   1117.246     0.5328  29.665421     0.5351  29.666082     4.4057     4.5054     0.0837    98.2607 1.0000e-12  -74.11678 -115.73142  53.342062       2.91 1.5866e+01   1517.202      36414  1033.0358  1033.0342     4.6611     0.0797     0.1145    34.5614    34.5598    7.92440         45 0.0000e+00
