ocean_section_plots/required_files/ctd/dnbp2202_ctd169.cnv
* Sea-Bird SBE 9 Data File:
* FileName = D:\Data\raw\NBP2202_CTD169.hex
* Software Version Seasave V 7.26.7.121
* Temperature SN = 1649
* Conductivity SN = 2513
* Number of Bytes Per Scan = 40
* Number of Voltage Words = 5
* Number of Scans Averaged by the Deck Unit = 1
* NMEA Latitude = 74 23.16 S
* NMEA Longitude = 110 05.45 W
* NMEA UTC (Time) = Feb 03 2022  08:44:59
* NMEA baud rate = 9600
** Ship: RVIB N.B. Palmer
** Cruise: NBP2202 Thwaites
** Station: 91
** Operator: B Bjork
# nquan = 28
# nvalues = 892                         
# units = specified
# name 0 = prDM: Pressure, Digiquartz [db]
# name 1 = depSM: Depth [salt water, m]
# name 2 = t090C: Temperature [ITS-90, deg C]
# name 3 = c0mS/cm: Conductivity [mS/cm]
# name 4 = t190C: Temperature, 2 [ITS-90, deg C]
# name 5 = c1mS/cm: Conductivity, 2 [mS/cm]
# name 6 = sbeox0ML/L: Oxygen, SBE 43 [ml/l]
# name 7 = sbeox1ML/L: Oxygen, SBE 43, 2 [ml/l]
# name 8 = flECO-AFL: Fluorescence, WET Labs ECO-AFL/FL [mg/m^3]
# name 9 = CStarTr0: Beam Transmission, WET Labs C-Star [%]
# name 10 = par: PAR/Irradiance, Biospherical/Licor
# name 11 = latitude: Latitude [deg]
# name 12 = longitude: Longitude [deg]
# name 13 = timeJ: Julian Days
# name 14 = altM: Altimeter [m]
# name 15 = spar: SPAR, Biospherical/Licor
# name 16 = timeS: Time, Elapsed [seconds]
# name 17 = scan: Scan Count
# name 18 = density00: Density [density, kg/m^3]
# name 19 = density11: Density, 2 [density, kg/m^3]
# name 20 = v3: Voltage 3
# name 21 = v4: Voltage 4
# name 22 = v5: Voltage 5
# name 23 = sal00: Salinity, Practical [PSU]
# name 24 = sal11: Salinity, Practical, 2 [PSU]
# name 25 = oxsolML/L: Oxygen Saturation, Garcia & Gordon [ml/l]
# name 26 = nbin: number of scans per bin
# name 27 = flag: flag
# span 0 =      2.000,    893.000       
# span 1 =      1.982,    881.838       
# span 2 =    -1.5796,     1.0871       
# span 3 =  26.808145,  30.146958       
# span 4 =    -1.5810,     1.0894       
# span 5 =  26.808530,  30.146745       
# span 6 =     4.3354,     5.6421       
# span 7 =     4.4115,     5.7563       
# span 8 =    -0.0249,     0.0853       
# span 9 =    98.3019,    99.5919       
# span 10 = 1.0000e-12, 3.0927e+01      
# span 11 =  -74.38600,  -74.38574      
# span 12 = -110.09058, -110.08922      
# span 13 =  34.367335,  34.380362      
# span 14 =      -3.82,     100.02      
# span 15 = 1.1282e+02, 1.3750e+02      
# span 16 =    238.713,   1364.286      
# span 17 =       5730,      32744      
# span 18 =  1027.1885,  1031.9864      
# span 19 =  1027.1902,  1031.9842      
# span 20 =     4.6633,     4.7245      
# span 21 =     0.0639,     0.0825      
# span 22 =     0.1088,     0.1451      
# span 23 =    33.7726,    34.7004      
# span 24 =    33.7743,    34.6977      
# span 25 =    7.80479,    8.42522      
# span 26 =          4,         48      
# span 27 = 0.0000e+00, 0.0000e+00      
# interval = decibars: 1                
# start_time = Feb 03 2022 08:44:59 [NMEA time, header]
# bad_flag = -9.990e-29
*END*
[from data line 725]
    727.000    718.208     1.0643  30.048086     1.0667  30.047879     4.3565     4.4421    -0.0066    99.2894 1.0000e-12  -74.38584 -110.08966  34.376820      91.09 1.2516e+02   1058.271      25400  1031.2094  1031.2070     4.7101     0.0694     0.1191    34.6922    34.6893    7.80978         26 0.0000e+00
    728.000    719.196     1.0643  30.048618     1.0668  30.048502     4.3558     4.4414    -0.0077    99.2963 1.0000e-12  -74.38584 -110.08966  34.376833      82.39 1.2516e+02   1059.343      25425  1031.2142  1031.2117     4.7104     0.0683     0.1169    34.6923    34.6894    7.80977         26 0.0000e+00
    729.000    720.182     1.0650  30.049723     1.0674  30.049479     4.3550     4.4343    -0.0077    99.2904 1.0000e-12  -74.38584 -110.08966  34.376845      60.78 1.2516e+02   1060.436      25451  1031.2189  1031.2164     4.7101     0.0669     0.1192    34.6924    34.6895    7.80963         26 0.0000e+00
    730.000    721.167     1.0651  30.050314     1.0677  30.050225     4.3560     4.4412    -0.0077    99.3024 1.0000e-12  -74.38582 -110.08965  34.376858      89.32 1.2516e+02   1061.531      25478  1031.2237  1031.2211     4.7107     0.0690     0.1182    34.6925    34.6895    7.80961         26 0.0000e+00
    731.000    722.154     1.0654  30.051054     1.0679  30.050994     4.3551     4.4404    -0.0077    99.2933 1.0000e-12  -74.38582 -110.08964  34.376871     100.00 1.2516e+02   1062.617      25504  1031.2284  1031.2259     4.7103     0.0688     0.1182    34.6926    34.6898    7.80955         26 0.0000e+00
    732.000    723.141     1.0660  30.052165     1.0686  30.052223     4.3530     4.4411    -0.0139    99.3157 1.0000e-12  -74.38582 -110.08964  34.376883      99.86 1.2516e+02   1063.712      25530  1031.2331  1031.2307     4.7113     0.0693     0.1199    34.6928    34.6900    7.80942         27 0.0000e+00
    733.000    724.126     1.0665  30.053251     1.0689  30.053037     4.3564     4.4404    -0.0036    99.3142 1.0000e-12  -74.38582 -110.08963  34.376896      99.86 1.2516e+02   1064.801      25556  1031.2380  1031.2354     4.7113     0.0692     0.1177    34.6930    34.6901    7.80930         26 0.0000e+00
    734.000    725.113     1.0668  30.053952     1.0693  30.053898     4.3573     4.4379    -0.0004    99.3240 1.0000e-12  -74.38582 -110.08962  34.376908      99.86 1.2516e+02   1065.876      25582  1031.2427  1031.2402     4.7117     0.0680     0.1186    34.6930    34.6902    7.80924         25 0.0000e+00
    735.000    726.098     1.0673  30.054875     1.0698  30.054825     4.3588     4.4358    -0.0004    99.3175 1.0000e-12  -74.38582 -110.08961  34.376921      99.87 1.2502e+02   1066.958      25608  1031.2473  1031.2449     4.7114     0.0692     0.1195    34.6931    34.6903    7.80914         27 0.0000e+00
    736.000    727.083     1.0678  30.056074     1.0703  30.055842     4.3556     4.4350    -0.0120    99.3321 1.0000e-12  -74.38582 -110.08960  34.376933      99.86 1.2474e+02   1068.030      25634  1031.2523  1031.2496     4.7121     0.0699     0.1191    34.6935    34.6905    7.80902         25 0.0000e+00
    737.000    728.072     1.0684  30.057146     1.0709  30.057069     4.3564     4.4364    -0.0097    99.3301 1.0000e-12  -74.38582 -110.08960  34.376946      99.86 1.2469e+02   1069.095      25659  1031.2570  1031.2545     4.7120     0.0701     0.1196    34.6937    34.6908    7.80889         26 0.0000e+00
    738.000    729.057     1.0690  30.058160     1.0714  30.058106     4.3566     4.4392     0.0079    99.3153 1.0000e-12  -74.38582 -110.08958  34.376958      99.87 1.2489e+02   1070.178      25685  1031.2616  1031.2593     4.7113     0.0707     0.1160    34.6937    34.6910    7.80876         26 0.0000e+00
    739.000    730.043     1.0691  30.058786     1.0715  30.058692     4.3559     4.4374    -0.0066    99.3428 1.0000e-12  -74.38582 -110.08958  34.376971      99.86 1.2438e+02   1071.258      25711  1031.2665  1031.2640     4.7126     0.0701     0.1186    34.6939    34.6911    7.80874         25 0.0000e+00
    740.000    731.029     1.0691  30.059201     1.0716  30.059144     4.3541     4.4380    -0.0054    99.3439 1.0000e-12  -74.38582 -110.08958  34.376983      82.95 1.2428e+02   1072.321      25737  1031.2710  1031.2686     4.7127     0.0687     0.1211    34.6938    34.6910    7.80874         26 0.0000e+00
    741.000    732.016     1.0693  30.059750     1.0717  30.059639     4.3542     4.4360    -0.0052    99.3568 1.0000e-12  -74.38582 -110.08956  34.376995      95.76 1.2455e+02   1073.398      25763  1031.2757  1031.2733     4.7133     0.0696     0.1158    34.6938    34.6910    7.80871         26 0.0000e+00
    742.000    733.001     1.0693  30.060197     1.0717  30.060148     4.3553     4.4383    -0.0033    99.3435 1.0000e-12  -74.38582 -110.08956  34.377008      99.90 1.2403e+02   1074.468      25788  1031.2803  1031.2779     4.7127     0.0693     0.1169    34.6937    34.6910    7.80870         25 0.0000e+00
    743.000    733.987     1.0694  30.060709     1.0718  30.060671     4.3504     4.4404    -0.0049    99.3449 1.0000e-12  -74.38582 -110.08954  34.377020      99.85 1.2408e+02   1075.525      25814  1031.2850  1031.2826     4.7128     0.0694     0.1157    34.6937    34.6910    7.80868         26 0.0000e+00
    744.000    734.974     1.0695  30.061155     1.0718  30.061137     4.3563     4.4379    -0.0035    99.3410 1.0000e-12  -74.38582 -110.08954  34.377032      99.86 1.2455e+02   1076.597      25839  1031.2896  1031.2873     4.7125     0.0697     0.1179    34.6937    34.6911    7.80868         26 0.0000e+00
    745.000    735.959     1.0694  30.061681     1.0719  30.061594     4.3591     4.4389    -0.0089    99.3354 1.0000e-12  -74.38582 -110.08953  34.377045      99.86 1.2418e+02   1077.665      25865  1031.2944  1031.2919     4.7123     0.0684     0.1178    34.6938    34.6910    7.80868         25 0.0000e+00
    746.000    736.946     1.0696  30.062289     1.0720  30.062157     4.3541     4.4374    -0.0113    99.3033 1.0000e-12  -74.38582 -110.08952  34.377057      99.86 1.2387e+02   1078.728      25890  1031.2991  1031.2966     4.7108     0.0696     0.1168    34.6938    34.6910    7.80864         26 0.0000e+00
    747.000    737.932     1.0697  30.062809     1.0721  30.062743     4.3505     4.4373    -0.0119    99.3310 1.0000e-12  -74.38582 -110.08952  34.377070      99.86 1.2448e+02   1079.811      25916  1031.3037  1031.3012     4.7121     0.0699     0.1200    34.6939    34.6911    7.80862         26 0.0000e+00
    748.000    738.919     1.0697  30.063338     1.0723  30.063336     4.3508     4.4396    -0.0114    99.3587 1.0000e-12  -74.38582 -110.08952  34.377082      99.86 1.2360e+02   1080.895      25942  1031.3084  1031.3059     4.7134     0.0698     0.1196    34.6939    34.6911    7.80861         26 0.0000e+00
    749.000    739.902     1.0699  30.063844     1.0723  30.063727     4.3515     4.4407    -0.0077    99.3488 1.0000e-12  -74.38582 -110.08951  34.377095      99.86 1.2347e+02   1081.981      25969  1031.3130  1031.3106     4.7129     0.0712     0.1180    34.6939    34.6910    7.80859         26 0.0000e+00
    750.000    740.891     1.0699  30.064247     1.0723  30.064173     4.3532     4.4399    -0.0077    99.3480 1.0000e-12  -74.38582 -110.08950  34.377107      99.86 1.2392e+02   1083.086      25995  1031.3176  1031.3152     4.7129     0.0692     0.1157    34.6938    34.6910    7.80859         27 0.0000e+00
    751.000    741.876     1.0704  30.065465     1.0729  30.065395     4.3557     4.4364    -0.0117    99.3469 1.0000e-12  -74.38580 -110.08948  34.377120      95.22 1.2326e+02   1084.193      26022  1031.3226  1031.3201     4.7128     0.0688     0.1177    34.6942    34.6914    7.80846         26 0.0000e+00
    752.000    742.862     1.0714  30.066993     1.0738  30.066918     4.3569     4.4362    -0.0116    99.3588 1.0000e-12  -74.38580 -110.08948  34.377133      85.34 1.2259e+02   1085.272      26048  1031.3273  1031.3250     4.7134     0.0685     0.1174    34.6945    34.6918    7.80824         26 0.0000e+00
    753.000    743.849     1.0716  30.067681     1.0740  30.067707     4.3565     4.4343    -0.0113    99.3667 1.0000e-12  -74.38580 -110.08948  34.377145      97.85 1.2286e+02   1086.356      26074  1031.3321  1031.3298     4.7138     0.0693     0.1179    34.6946    34.6919    7.80820         26 0.0000e+00
    754.000    744.834     1.0716  30.068110     1.0740  30.068115     4.3525     4.4343    -0.0086    99.3529 1.0000e-12  -74.38580 -110.08948  34.377158      99.86 1.2213e+02   1087.416      26099  1031.3367  1031.3344     4.7131     0.0703     0.1156    34.6946    34.6919    7.80820         25 0.0000e+00
    755.000    745.822     1.0718  30.068917     1.0742  30.068843     4.3540     4.4356    -0.0034    99.3508 1.0000e-12  -74.38580 -110.08948  34.377170      99.86 1.2213e+02   1088.450      26124  1031.3415  1031.3392     4.7130     0.0695     0.1168    34.6948    34.6921    7.80815         25 0.0000e+00
    756.000    746.806     1.0720  30.069639     1.0745  30.069609     4.3534     4.4335    -0.0056    99.3669 1.0000e-12  -74.38580 -110.08946  34.377182      99.86 1.2296e+02   1089.484      26149  1031.3463  1031.3438     4.7138     0.0703     0.1179    34.6950    34.6922    7.80810         24 0.0000e+00
    757.000    747.793     1.0723  30.070501     1.0747  30.070422     4.3532     4.4337    -0.0024    99.3621 1.0000e-12  -74.38580 -110.08946  34.377193      99.87 1.2241e+02   1090.513      26173  1031.3510  1031.3487     4.7136     0.0712     0.1165    34.6951    34.6924    7.80802         25 0.0000e+00
    758.000    748.778     1.0722  30.070975     1.0746  30.070845     4.3507     4.4336    -0.0079    99.3591 1.0000e-12  -74.38580 -110.08946  34.377205      99.86 1.2269e+02   1091.530      26198  1031.3559  1031.3534     4.7134     0.0696     0.1201    34.6953    34.6925    7.80804         25 0.0000e+00
    759.000    749.765     1.0723  30.071356     1.0746  30.071337     4.3525     4.4324    -0.0066    99.3540 1.0000e-12  -74.38580 -110.08946  34.377217      99.86 1.2318e+02   1092.561      26222  1031.3604  1031.3582     4.7132     0.0689     0.1164    34.6952    34.6926    7.80803         25 0.0000e+00
    760.000    750.751     1.0722  30.071802     1.0746  30.071774     4.3501     4.4342    -0.0010    99.3497 1.0000e-12  -74.38580 -110.08945  34.377229      99.86 1.2274e+02   1093.600      26247  1031.3651  1031.3628     4.7130     0.0688     0.1175    34.6952    34.6925    7.80804         24 0.0000e+00
    761.000    751.737     1.0723  30.072307     1.0747  30.072317     4.3493     4.4331    -0.0077    99.3549 1.0000e-12  -74.38580 -110.08944  34.377241      99.86 1.2312e+02   1094.630      26272  1031.3698  1031.3675     4.7132     0.0690     0.1177    34.6952    34.6926    7.80802         25 0.0000e+00
    762.000    752.723     1.0725  30.073028     1.0749  30.073009     4.3575     4.4358    -0.0080    99.3389 1.0000e-12  -74.38580 -110.08944  34.377253      99.87 1.2340e+02   1095.690      26298  1031.3746  1031.3722     4.7125     0.0702     0.1188    34.6954    34.6927    7.80798         26 0.0000e+00
    763.000    753.708     1.0725  30.073530     1.0749  30.073489     4.3524     4.4340    -0.0005    99.3340 1.0000e-12  -74.38580 -110.08944  34.377266      99.87 1.2253e+02   1096.758      26323  1031.3792  1031.3769     4.7122     0.0704     0.1176    34.6954    34.6927    7.80797         26 0.0000e+00
    764.000    754.695     1.0726  30.074056     1.0750  30.073945     4.3499     4.4270     0.0068    99.3181 1.0000e-12  -74.38580 -110.08944  34.377278      87.53 1.2235e+02   1097.817      26349  1031.3839  1031.3815     4.7115     0.0683     0.1179    34.6954    34.6927    7.80795         25 0.0000e+00
    765.000    755.681     1.0728  30.074753     1.0752  30.074634     4.3473     4.4244    -0.0138    99.3241 1.0000e-12  -74.38580 -110.08944  34.377290      79.56 1.2299e+02   1098.891      26374  1031.3887  1031.3863     4.7117     0.0676     0.1174    34.6956    34.6928    7.80791         26 0.0000e+00
    766.000    756.666     1.0732  30.075548     1.0756  30.075621     4.3508     4.4315    -0.0150    99.3221 1.0000e-12  -74.38580 -110.08944  34.377303      95.12 1.2239e+02   1099.974      26400  1031.3933  1031.3910     4.7116     0.0689     0.1184    34.6956    34.6930    7.80783         26 0.0000e+00
    767.000    757.653     1.0737  30.076517     1.0761  30.076447     4.3431     4.4332    -0.0020    99.3240 1.0000e-12  -74.38580 -110.08944  34.377315      99.80 1.2186e+02   1101.028      26426  1031.3980  1031.3956     4.7117     0.0696     0.1195    34.6957    34.6930    7.80772         25 0.0000e+00
    768.000    758.639     1.0739  30.077191     1.0763  30.077138     4.3501     4.4318    -0.0065    99.3281 1.0000e-12  -74.38580 -110.08944  34.377327      99.86 1.2277e+02   1102.083      26451  1031.4027  1031.4003     4.7119     0.0697     0.1215    34.6958    34.6931    7.80768         25 0.0000e+00
    769.000    759.625     1.0743  30.078123     1.0767  30.078105     4.3537     4.4324    -0.0018    99.2957 1.0000e-12  -74.38580 -110.08944  34.377340      99.87 1.2205e+02   1103.142      26476  1031.4075  1031.4051     4.7104     0.0700     0.1207    34.6960    34.6933    7.80759         25 0.0000e+00
    770.000    760.611     1.0745  30.078756     1.0769  30.078681     4.3482     4.4285    -0.0060    99.3149 1.0000e-12  -74.38580 -110.08944  34.377352      99.86 1.2185e+02   1104.177      26501  1031.4121  1031.4097     4.7113     0.0703     0.1183    34.6959    34.6932    7.80754         25 0.0000e+00
    771.000    761.597     1.0748  30.079471     1.0771  30.079440     4.3476     4.4281    -0.0077    99.3096 1.0000e-12  -74.38580 -110.08944  34.377364      99.86 1.2291e+02   1105.209      26526  1031.4168  1031.4145     4.7110     0.0708     0.1164    34.6961    34.6934    7.80749         25 0.0000e+00
    772.000    762.582     1.0752  30.080460     1.0776  30.080416     4.3501     4.4326    -0.0033    99.3075 1.0000e-12  -74.38580 -110.08944  34.377376      99.86 1.2164e+02   1106.246      26551  1031.4216  1031.4192     4.7110     0.0693     0.1168    34.6963    34.6936    7.80739         25 0.0000e+00
    773.000    763.569     1.0753  30.080852     1.0776  30.080903     4.3507     4.4315    -0.0091    99.3131 1.0000e-12  -74.38578 -110.08944  34.377387      99.86 1.2215e+02   1107.257      26575  1031.4261  1031.4239     4.7112     0.0707     0.1168    34.6961    34.6936    7.80739         24 0.0000e+00
    774.000    764.555     1.0754  30.081352     1.0778  30.081434     4.3544     4.4325    -0.0117    99.3197 1.0000e-12  -74.38578 -110.08944  34.377399      99.86 1.2274e+02   1108.274      26600  1031.4307  1031.4285     4.7115     0.0703     0.1188    34.6961    34.6935    7.80737         24 0.0000e+00
    775.000    765.541     1.0755  30.081950     1.0778  30.081791     4.3503     4.4311    -0.0076    99.3324 1.0000e-12  -74.38578 -110.08946  34.377411      99.86 1.2163e+02   1109.305      26624  1031.4355  1031.4331     4.7121     0.0693     0.1179    34.6962    34.6935    7.80734         25 0.0000e+00
    776.000    766.527     1.0754  30.082372     1.0779  30.082325     4.3503     4.4315    -0.0077    99.3379 1.0000e-12  -74.38578 -110.08946  34.377423      99.86 1.2164e+02   1110.319      26649  1031.4401  1031.4378     4.7124     0.0692     0.1161    34.6962    34.6935    7.80735         24 0.0000e+00
    777.000    767.513     1.0756  30.082952     1.0780  30.082957     4.3530     4.4322    -0.0077    99.3209 1.0000e-12  -74.38578 -110.08946  34.377434      90.05 1.2235e+02   1111.336      26673  1031.4448  1031.4425     4.7116     0.0684     0.1186    34.6962    34.6936    7.80732         25 0.0000e+00
