ocean_section_plots/required_files/ctd/dnbp2202_ctd133.cnv
* Sea-Bird SBE 9 Data File:
* FileName = D:\Data\raw\NBP2202_CTD133.hex
* Software Version Seasave V 7.26.7.121
* Temperature SN = 1649
* Conductivity SN = 2513
* Number of Bytes Per Scan = 40
* Number of Voltage Words = 5
* Number of Scans Averaged by the Deck Unit = 1
* NMEA Latitude = 74 06.85 S
* NMEA Longitude = 112 29.01 W
* NMEA UTC (Time) = Jan 28 2022  04:49:56
* NMEA baud rate = 9600
** Ship: RVIB N.B. Palmer
** Cruise: NBP2202 Thwaites
** Station: 62
** Operator: B. Bjork
# nquan = 25
# nvalues = 913                         
# units = specified
# name 0 = prDM: Pressure, Digiquartz [db]
# name 1 = depSM: Depth [salt water, m]
# name 2 = t090C: Temperature [ITS-90, deg C]
# name 3 = c0mS/cm: Conductivity [mS/cm]
# name 4 = t190C: Temperature, 2 [ITS-90, deg C]
# name 5 = c1mS/cm: Conductivity, 2 [mS/cm]
# name 6 = sbeox0ML/L: Oxygen, SBE 43 [ml/l]
# name 7 = sbeox1ML/L: Oxygen, SBE 43, 2 [ml/l]
# name 8 = flECO-AFL: Fluorescence, WET Labs ECO-AFL/FL [mg/m^3]
# name 9 = CStarTr0: Beam Transmission, WET Labs C-Star [%]
# name 10 = par: PAR/Irradiance, Biospherical/Licor
# name 11 = latitude: Latitude [deg]
# name 12 = longitude: Longitude [deg]
# name 13 = timeJ: Julian Days
# name 14 = altM: Altimeter [m]
# name 15 = spar: SPAR, Biospherical/Licor
# name 16 = timeS: Time, Elapsed [seconds]
# name 17 = scan: Scan Count
# name 18 = density00: Density [density, kg/m^3]
# name 19 = density11: Density, 2 [density, kg/m^3]
# name 20 = sal00: Salinity, Practical [PSU]
# name 21 = sal11: Salinity, Practical, 2 [PSU]
# name 22 = oxsolML/L: Oxygen Saturation, Garcia & Gordon [ml/l]
# name 23 = nbin: number of scans per bin
# name 24 = flag: flag
# span 0 =      3.000,    915.000       
# span 1 =      2.967,    903.543       
# span 2 =    -1.5724,     0.5162       
# span 3 =  26.982683,  29.549546       
# span 4 =    -1.5725,     0.5187       
# span 5 =  26.983042,  29.549536       
# span 6 =     4.5874,     9.0602       
# span 7 =     4.6596,     9.2755       
# span 8 =    -0.0152,    29.4420       
# span 9 =    63.3968,    94.6482       
# span 10 = 1.0000e-12, 1.4215e+01      
# span 11 =  -74.11422,  -74.11420      
# span 12 = -112.48360, -112.48354      
# span 13 =  28.204136,  28.216962      
# span 14 =       3.35,     100.21      
# span 15 = 4.3945e+01, 5.9961e+01      
# span 16 =    241.383,   1349.532      
# span 17 =       5794,      32390      
# span 18 =  1027.1985,  1032.0204      
# span 19 =  1027.2011,  1032.0179      
# span 20 =    33.8096,    34.5510      
# span 21 =    33.8120,    34.5483      
# span 22 =    7.92838,    8.41129      
# span 23 =         21,         61      
# span 24 = 0.0000e+00, 0.0000e+00      
# interval = decibars: 1                
# start_time = Jan 28 2022 04:49:56 [NMEA time, header]
# bad_flag = -9.990e-29
*END*
[from data line 116]
    119.000    117.735    -1.4269  27.107487    -1.4273  27.107382     6.6213     6.7655     3.0978    88.0235 1.0000e-12  -74.11420 -112.48356  28.206796      99.74 5.8294e+01    471.199      11310  1027.8821  1027.8823    33.9420    33.9423    8.38062         26 0.0000e+00
    120.000    118.724    -1.4324  27.105041    -1.4329  27.104918     6.6087     6.7540     3.6669    88.2244 1.0000e-12  -74.11420 -112.48356  28.206808      99.76 5.9023e+01    472.253      11335  1027.8891  1027.8894    33.9442    33.9447    8.38171         25 0.0000e+00
    121.000    119.714    -1.4398  27.101921    -1.4402  27.101869     6.5966     6.7449     4.8328    87.9720 1.0000e-12  -74.11420 -112.48356  28.206821      99.75 5.9951e+01    473.327      11361  1027.8972  1027.8975    33.9478    33.9481    8.38318         26 0.0000e+00
    122.000    120.702    -1.4481  27.097185    -1.4484  27.097099     6.5891     6.7308     3.0596    89.0360 1.0000e-12  -74.11420 -112.48356  28.206833      99.77 5.8980e+01    474.406      11387  1027.9044  1027.9046    33.9500    33.9502    8.38491         26 0.0000e+00
    123.000    121.690    -1.4493  27.097335    -1.4496  27.097171     6.5797     6.7174     2.2918    89.7310 1.0000e-12  -74.11420 -112.48356  28.206845      99.77 5.9091e+01    475.448      11412  1027.9101  1027.9102    33.9510    33.9511    8.38513         25 0.0000e+00
    124.000    122.680    -1.4498  27.097708    -1.4501  27.097474     6.5787     6.7299     2.8289    89.5925 1.0000e-12  -74.11420 -112.48356  28.206858      99.76 5.9874e+01    476.509      11437  1027.9152  1027.9152    33.9515    33.9515    8.38522         25 0.0000e+00
    125.000    123.670    -1.4509  27.097492    -1.4511  27.097356     6.6071     6.7565     2.4033    89.2314 1.0000e-12  -74.11420 -112.48356  28.206870      99.76 5.9226e+01    477.553      11462  1027.9203  1027.9203    33.9517    33.9518    8.38543         25 0.0000e+00
    126.000    124.657    -1.4707  27.081576    -1.4717  27.081672     6.6309     6.7798     1.9498    89.9177 1.0000e-12  -74.11420 -112.48356  28.206881      99.79 5.9172e+01    478.532      11486  1027.9263  1027.9273    33.9518    33.9529    8.38991         23 0.0000e+00
    127.000    125.647    -1.4943  27.063292    -1.4946  27.063262     6.6771     6.8054     2.2783    89.9319 1.0000e-12  -74.11420 -112.48356  28.206892      99.79 5.9784e+01    479.499      11509  1027.9332  1027.9335    33.9527    33.9530    8.39517         23 0.0000e+00
    128.000    126.636    -1.4999  27.059230    -1.5003  27.059125     6.6984     6.8248     2.3028    90.2384 1.0000e-12  -74.11420 -112.48356  28.206904      99.79 5.9797e+01    480.510      11533  1027.9383  1027.9386    33.9528    33.9531    8.39642         25 0.0000e+00
    129.000    127.626    -1.5007  27.059721    -1.5013  27.059437     6.6989     6.8344     2.0601    90.5567 1.0000e-12  -74.11420 -112.48356  28.206916      91.10 5.8684e+01    481.526      11558  1027.9439  1027.9440    33.9538    33.9540    8.39656         24 0.0000e+00
    130.000    128.613    -1.5017  27.059869    -1.5020  27.059731     6.6998     6.8293     2.1235    89.8858 1.0000e-12  -74.11420 -112.48356  28.206927      94.48 5.9938e+01    482.520      11581  1027.9492  1027.9492    33.9545    33.9546    8.39674         24 0.0000e+00
    131.000    129.604    -1.5037  27.058936    -1.5039  27.058735     6.6929     6.8253     2.3530    90.8325 1.0000e-12  -74.11420 -112.48356  28.206939      99.69 5.9866e+01    483.504      11605  1027.9542  1027.9542    33.9548    33.9548    8.39716         24 0.0000e+00
    132.000    130.592    -1.5072  27.056929    -1.5079  27.056558     6.6775     6.8188     2.3004    90.1798 1.0000e-12  -74.11420 -112.48356  28.206950      99.79 5.8623e+01    484.444      11628  1027.9596  1027.9598    33.9555    33.9558    8.39792         22 0.0000e+00
    133.000    131.582    -1.5089  27.056383    -1.5094  27.056232     6.6567     6.8114     2.1721    90.3129 1.0000e-12  -74.11420 -112.48356  28.206961      99.77 5.9931e+01    485.391      11650  1027.9649  1027.9651    33.9561    33.9564    8.39827         22 0.0000e+00
    134.000    132.570    -1.5121  27.054698    -1.5122  27.054751     6.6509     6.7991     2.9007    90.6814 1.0000e-12  -74.11420 -112.48356  28.206972      99.77 5.9938e+01    486.402      11675  1027.9703  1027.9704    33.9567    33.9568    8.39895         26 0.0000e+00
    135.000    133.559    -1.5140  27.054166    -1.5143  27.054000     6.6469     6.7910     1.7658    90.5435 1.0000e-12  -74.11420 -112.48356  28.206984      99.78 5.8483e+01    487.427      11699  1027.9758  1027.9759    33.9575    33.9576    8.39934         24 0.0000e+00
    136.000    134.549    -1.5169  27.052628    -1.5172  27.052447     6.6396     6.7828     2.2771    90.4689 1.0000e-12  -74.11420 -112.48356  28.206996      99.78 5.9760e+01    488.414      11723  1027.9811  1027.9812    33.9581    33.9582    8.39995         24 0.0000e+00
    137.000    135.538    -1.5183  27.052439    -1.5185  27.052263     6.6396     6.7811     2.0569    90.4863 1.0000e-12  -74.11420 -112.48356  28.207007      99.79 5.9937e+01    489.433      11747  1027.9864  1027.9864    33.9588    33.9588    8.40023         24 0.0000e+00
    138.000    136.526    -1.5177  27.054112    -1.5180  27.053867     6.6313     6.7786     2.0815    90.3954 1.0000e-12  -74.11420 -112.48356  28.207019      99.79 5.8929e+01    490.428      11771  1027.9919  1027.9919    33.9598    33.9597    8.40003         23 0.0000e+00
    139.000    137.516    -1.5171  27.055491    -1.5174  27.055349     6.6232     6.7778     2.2941    89.7342 1.0000e-12  -74.11420 -112.48356  28.207030      99.79 5.9779e+01    491.356      11794  1027.9971  1027.9973    33.9604    33.9606    8.39986         22 0.0000e+00
    140.000    138.505    -1.5153  27.058276    -1.5155  27.058119     6.6144     6.7709     2.2523    90.9100 1.0000e-12  -74.11420 -112.48356  28.207040      99.79 5.9936e+01    492.300      11816  1028.0027  1028.0027    33.9616    33.9615    8.39939         24 0.0000e+00
    141.000    139.493    -1.5170  27.057928    -1.5173  27.057720     6.6141     6.7589     1.8817    90.8123 1.0000e-12  -74.11420 -112.48356  28.207052      99.79 5.9938e+01    493.315      11841  1028.0083  1028.0083    33.9624    33.9624    8.39972         24 0.0000e+00
    142.000    140.483    -1.5204  27.056686    -1.5205  27.056436     6.5900     6.7380     1.8871    90.8878 1.0000e-12  -74.11420 -112.48356  28.207064      99.78 5.9938e+01    494.340      11865  1028.0144  1028.0143    33.9639    33.9637    8.40039         25 0.0000e+00
    143.000    141.470    -1.5195  27.058374    -1.5198  27.058214     6.5623     6.7075     1.4473    91.3711 1.0000e-12  -74.11420 -112.48356  28.207076      94.86 5.9938e+01    495.349      11889  1028.0196  1028.0197    33.9645    33.9646    8.40015         23 0.0000e+00
    144.000    142.461    -1.5200  27.058816    -1.5203  27.058507     6.5289     6.6859     1.9172    90.9633 1.0000e-12  -74.11420 -112.48356  28.207087      99.84 5.9551e+01    496.302      11912  1028.0249  1028.0249    33.9651    33.9650    8.40023         23 0.0000e+00
    145.000    143.449    -1.5217  27.059128    -1.5217  27.058994     6.5181     6.6726     1.4798    90.6597 1.0000e-12  -74.11420 -112.48356  28.207097      99.81 5.9617e+01    497.220      11934  1028.0311  1028.0311    33.9668    33.9667    8.40050         22 0.0000e+00
    146.000    144.438    -1.5220  27.059947    -1.5222  27.059633     6.5041     6.6592     2.0792    91.3394 1.0000e-12  -74.11420 -112.48356  28.207109      99.78 5.9797e+01    498.210      11958  1028.0367  1028.0365    33.9677    33.9675    8.40053         25 0.0000e+00
    147.000    145.427    -1.5249  27.058293    -1.5253  27.057966     6.4967     6.6459     2.4288    91.1898 1.0000e-12  -74.11420 -112.48356  28.207121      99.77 5.9299e+01    499.260      11983  1028.0420  1028.0419    33.9681    33.9681    8.40116         25 0.0000e+00
    148.000    146.417    -1.5258  27.058573    -1.5260  27.058201     6.4794     6.6319     2.2758    91.5238 1.0000e-12  -74.11420 -112.48356  28.207133      99.80 5.9942e+01    500.256      12007  1028.0473  1028.0472    33.9688    33.9686    8.40131         23 0.0000e+00
    149.000    147.406    -1.5263  27.059216    -1.5264  27.058950     6.4429     6.5991     1.9847    91.8704 1.0000e-12  -74.11420 -112.48356  28.207144      99.79 5.9938e+01    501.198      12030  1028.0528  1028.0526    33.9697    33.9694    8.40137         23 0.0000e+00
    150.000    148.394    -1.5256  27.060666    -1.5257  27.060326     6.4005     6.5628     1.5944    92.2471 1.0000e-12  -74.11420 -112.48356  28.207155      99.81 5.9938e+01    502.155      12053  1028.0581  1028.0577    33.9703    33.9699    8.40119         23 0.0000e+00
    151.000    149.383    -1.5203  27.067090    -1.5202  27.066777     6.3838     6.5447     1.0928    91.9486 1.0000e-12  -74.11420 -112.48356  28.207166      99.80 5.9938e+01    503.150      12077  1028.0643  1028.0638    33.9725    33.9720    8.39986         24 0.0000e+00
    152.000    150.372    -1.5163  27.072546    -1.5164  27.072175     6.3918     6.5384     0.9580    92.2828 1.0000e-12  -74.11420 -112.48356  28.207178      99.80 5.9938e+01    504.144      12100  1028.0708  1028.0705    33.9749    33.9745    8.39882         25 0.0000e+00
    153.000    151.361    -1.5261  27.065787    -1.5265  27.065629     6.4096     6.5547     1.0314    92.2342 1.0000e-12  -74.11420 -112.48356  28.207189      99.81 5.9938e+01    505.168      12125  1028.0772  1028.0774    33.9761    33.9763    8.40096         24 0.0000e+00
    154.000    152.348    -1.5333  27.060490    -1.5338  27.060166     6.4461     6.5841     1.2250    91.7409 1.0000e-12  -74.11420 -112.48356  28.207201      99.81 5.9938e+01    506.167      12149  1028.0826  1028.0827    33.9763    33.9764    8.40257         23 0.0000e+00
    155.000    153.339    -1.5449  27.051322    -1.5460  27.050603     6.4767     6.6116     0.8037    92.6555 1.0000e-12  -74.11420 -112.48356  28.207212      99.80 5.9938e+01    507.131      12172  1028.0880  1028.0882    33.9763    33.9764    8.40520         23 0.0000e+00
    156.000    154.328    -1.5608  27.038774    -1.5615  27.038597     6.4958     6.6286     1.1218    92.5505 1.0000e-12  -74.11420 -112.48356  28.207223      99.54 5.9938e+01    508.095      12195  1028.0938  1028.0943    33.9764    33.9769    8.40879         23 0.0000e+00
    157.000    155.316    -1.5704  27.032150    -1.5704  27.032083     6.4969     6.6426     1.0653    92.6718 1.0000e-12  -74.11420 -112.48356  28.207234      99.14 5.9938e+01    509.036      12218  1028.1000  1028.0999    33.9775    33.9775    8.41089         22 0.0000e+00
    158.000    156.307    -1.5724  27.031476    -1.5725  27.031316     6.4833     6.6343     0.7703    92.8571 1.0000e-12  -74.11420 -112.48356  28.207245      99.82 5.9938e+01    509.969      12240  1028.1053  1028.1052    33.9782    33.9781    8.41129         23 0.0000e+00
    159.000    157.293    -1.5714  27.033606    -1.5714  27.033383     6.4683     6.6126     0.5453    92.5724 1.0000e-12  -74.11420 -112.48356  28.207257      99.82 5.9938e+01    510.970      12264  1028.1109  1028.1106    33.9795    33.9791    8.41101         25 0.0000e+00
    160.000    158.283    -1.5623  27.043551    -1.5621  27.043273     6.4521     6.5967     0.8116    92.6534 1.0000e-12  -74.11420 -112.48356  28.207269      99.81 5.9938e+01    512.008      12289  1028.1172  1028.1167    33.9821    33.9816    8.40877         25 0.0000e+00
    161.000    159.273    -1.5503  27.055206    -1.5502  27.054961     6.4465     6.5884     1.2611    92.6910 1.0000e-12  -74.11420 -112.48356  28.207280      99.82 5.9938e+01    513.015      12313  1028.1227  1028.1223    33.9840    33.9835    8.40595         24 0.0000e+00
    162.000    160.260    -1.5473  27.059942    -1.5473  27.059685     6.4461     6.5852     0.3870    93.1573 1.0000e-12  -74.11420 -112.48356  28.207292      99.81 5.9938e+01    514.000      12337  1028.1294  1028.1290    33.9865    33.9861    8.40513         23 0.0000e+00
    163.000    161.251    -1.5471  27.061466    -1.5472  27.061039     6.4441     6.5821     0.6132    93.1236 1.0000e-12  -74.11420 -112.48356  28.207303      99.81 5.9938e+01    514.945      12360  1028.1352  1028.1348    33.9877    33.9873    8.40500         22 0.0000e+00
    164.000    162.239    -1.5471  27.061978    -1.5468  27.062076     6.4480     6.5841     0.3868    93.5444 1.0000e-12  -74.11420 -112.48356  28.207313      99.82 5.9938e+01    515.857      12382  1028.1401  1028.1398    33.9879    33.9876    8.40501         22 0.0000e+00
    165.000    163.227    -1.5462  27.063447    -1.5462  27.063138     6.4422     6.5855     0.4647    93.6741 1.0000e-12  -74.11420 -112.48356  28.207324      99.82 5.9938e+01    516.830      12405  1028.1451  1028.1447    33.9882    33.9878    8.40477         25 0.0000e+00
    166.000    164.217    -1.5453  27.064821    -1.5452  27.064670     6.4262     6.5775     0.3552    93.3677 1.0000e-12  -74.11420 -112.48356  28.207336      99.81 5.9376e+01    517.871      12430  1028.1500  1028.1497    33.9885    33.9881    8.40456         25 0.0000e+00
    167.000    165.205    -1.5439  27.066696    -1.5440  27.066468     6.4298     6.5698     0.4041    93.5732 1.0000e-12  -74.11420 -112.48356  28.207348      99.82 5.9277e+01    518.891      12454  1028.1551  1028.1548    33.9888    33.9886    8.40422         24 0.0000e+00
    168.000    166.193    -1.5414  27.070201    -1.5409  27.070296     6.4117     6.5562     0.3652    93.8319 1.0000e-12  -74.11420 -112.48356  28.207360      99.82 5.9709e+01    519.877      12478  1028.1607  1028.1604    33.9901    33.9897    8.40356         23 0.0000e+00
    169.000    167.183    -1.5341  27.078685    -1.5340  27.078216     6.4050     6.5500     0.2014    93.3368 1.0000e-12  -74.11420 -112.48356  28.207371      92.11 5.9632e+01    520.830      12501  1028.1674  1028.1668    33.9929    33.9922    8.40175         23 0.0000e+00
    170.000    168.172    -1.5319  27.081482    -1.5319  27.081101     6.4080     6.5503     0.2020    93.9830 1.0000e-12  -74.11420 -112.48356  28.207382      97.76 5.9140e+01    521.764      12523  1028.1727  1028.1723    33.9937    33.9931    8.40122         22 0.0000e+00
    171.000    169.162    -1.5305  27.083996    -1.5305  27.083727     6.3922     6.5389     0.3493    93.9274 1.0000e-12  -74.11420 -112.48356  28.207393      99.81 5.9716e+01    522.726      12546  1028.1785  1028.1782    33.9950    33.9945    8.40082         24 0.0000e+00
    172.000    170.149    -1.5305  27.086346    -1.5296  27.086740     6.3911     6.5389     0.2571    94.0339 1.0000e-12  -74.11420 -112.48356  28.207404      99.82 5.9939e+01    523.734      12571  1028.1855  1028.1851    33.9976    33.9971    8.40067         24 0.0000e+00
    173.000    171.139    -1.5109  27.105065    -1.5129  27.102401     6.3774     6.5278     0.4372    93.9458 1.0000e-12  -74.11420 -112.48356  28.207416      99.82 5.8383e+01    524.737      12595  1028.1914  1028.1904    34.0004    33.9990    8.39606         24 0.0000e+00
    174.000    172.126    -1.5035  27.111772    -1.5039  27.111181     6.3383     6.4883     0.3115    93.9818 1.0000e-12  -74.11420 -112.48356  28.207427      99.82 5.9181e+01    525.721      12618  1028.1960  1028.1958    34.0007    34.0003    8.39438         23 0.0000e+00
    175.000    173.116    -1.4831  27.133548    -1.4818  27.133400     6.3429     6.4891     0.2482    94.1553 1.0000e-12  -74.11420 -112.48356  28.207439      99.82 5.9950e+01    526.703      12642  1028.2047  1028.2032    34.0069    34.0052    8.38941         24 0.0000e+00
