ocean_section_plots/required_files/ctd/dnbp2202_ctd150.cnv
* Sea-Bird SBE 9 Data File:
* FileName = D:\Data\raw\NBP2202_CTD150.hex
* Software Version Seasave V 7.26.7.121
* Temperature SN = 1649
* Conductivity SN = 2513
* Number of Bytes Per Scan = 40
* Number of Voltage Words = 5
* Number of Scans Averaged by the Deck Unit = 1
* NMEA Latitude = 74 06.59 S
* NMEA Longitude = 113 19.33 W
* NMEA UTC (Time) = Jan 31 2022  11:24:36
* NMEA baud rate = 9600
** Ship: RVIB N.B. Palmer
** Cruise: NBP2202 Thwaites
** Station: 77
** Operator: B. Bjork
# nquan = 28
# nvalues = 422                         
# units = specified
# name 0 = prDM: Pressure, Digiquartz [db]
# name 1 = depSM: Depth [salt water, m]
# name 2 = t090C: Temperature [ITS-90, deg C]
# name 3 = c0mS/cm: Conductivity [mS/cm]
# name 4 = t190C: Temperature, 2 [ITS-90, deg C]
# name 5 = c1mS/cm: Conductivity, 2 [mS/cm]
# name 6 = sbeox0ML/L: Oxygen, SBE 43 [ml/l]
# name 7 = sbeox1ML/L: Oxygen, SBE 43, 2 [ml/l]
# name 8 = flECO-AFL: Fluorescence, WET Labs ECO-AFL/FL [mg/m^3]
# name 9 = CStarTr0: Beam Transmission, WET Labs C-Star [%]
# name 10 = par: PAR/Irradiance, Biospherical/Licor
# name 11 = latitude: Latitude [deg]
# name 12 = longitude: Longitude [deg]
# name 13 = timeJ: Julian Days
# name 14 = altM: Altimeter [m]
# name 15 = spar: SPAR, Biospherical/Licor
# name 16 = timeS: Time, Elapsed [seconds]
# name 17 = scan: Scan Count
# name 18 = density00: Density [density, kg/m^3]
# name 19 = density11: Density, 2 [density, kg/m^3]
# name 20 = v3: Voltage 3
# name 21 = v4: Voltage 4
# name 22 = v5: Voltage 5
# name 23 = sal00: Salinity, Practical [PSU]
# name 24 = sal11: Salinity, Practical, 2 [PSU]
# name 25 = oxsolML/L: Oxygen Saturation, Garcia & Gordon [ml/l]
# name 26 = nbin: number of scans per bin
# name 27 = flag: flag
# span 0 =      3.000,    424.000       
# span 1 =      2.972,    419.185       
# span 2 =    -1.4493,    -0.2034       
# span 3 =  27.012004,  28.510986       
# span 4 =    -1.4494,    -0.2014       
# span 5 =  27.010889,  28.510908       
# span 6 =     4.7895,     8.0470       
# span 7 =     4.8848,     8.2417       
# span 8 =    -0.0219,    24.8577       
# span 9 =    70.9629,    93.6498       
# span 10 = 1.0000e-12, 3.8137e+01      
# span 11 =  -74.10992,  -74.10990      
# span 12 = -113.32234, -113.32230      
# span 13 =  31.478236,  31.485613      
# span 14 =       4.18,     101.10      
# span 15 = 9.1505e+02, 9.8264e+02      
# span 16 =    243.622,    880.975      
# span 17 =       5848,      21144      
# span 18 =  1027.1972,  1029.5466      
# span 19 =  1027.1956,  1029.5444      
# span 20 =     3.3669,     4.4426      
# span 21 =     0.0641,     3.8655      
# span 22 =     0.1205,     0.2566      
# span 23 =    33.8018,    34.2750      
# span 24 =    33.8010,    34.2723      
# span 25 =    8.09389,    8.39114      
# span 26 =         14,         58      
# span 27 = 0.0000e+00, 0.0000e+00      
# interval = decibars: 1                
# start_time = Jan 31 2022 11:24:36 [NMEA time, header]
# bad_flag = -9.990e-29
*END*
[from data line 156]
    159.000    157.295    -1.2782  27.284693    -1.2770  27.284299     5.6554     5.7850     0.0032    93.6294 1.0000e-12  -74.10992 -113.32232  31.481486      99.85 9.4995e+02    524.346      12585  1028.1105  1028.1090     4.4417     0.0728     0.1224    33.9918    33.9900    8.34432         30 0.0000e+00
    160.000    158.284    -1.2678  27.294796    -1.2669  27.294399     5.6013     5.7472    -0.0076    93.6336 1.0000e-12  -74.10992 -113.32232  31.481500      99.86 9.5036e+02    525.595      12615  1028.1156  1028.1143     4.4419     0.0710     0.1208    33.9933    33.9917    8.34191         30 0.0000e+00
    161.000    159.272    -1.2301  27.331208    -1.2297  27.329807     5.5001     5.6535    -0.0077    93.6498 1.0000e-12  -74.10992 -113.32232  31.481515      99.27 9.5141e+02    526.902      12647  1028.1232  1028.1213     4.4426     0.0724     0.1205    33.9998    33.9975    8.33312         31 0.0000e+00
    162.000    160.261    -1.1695  27.388128    -1.1728  27.382003     5.4204     5.5692    -0.0077    93.5950 1.0000e-12  -74.10992 -113.32232  31.481529      97.00 9.5024e+02    528.135      12676  1028.1310  1028.1275     4.4401     0.0696     0.1218    34.0084    34.0038    8.31913         29 0.0000e+00
    163.000    161.250    -1.1139  27.439530    -1.1066  27.443598     5.3778     5.5328    -0.0080    93.6430 1.0000e-12  -74.10992 -113.32232  31.481542      99.88 9.5069e+02    529.259      12703  1028.1378  1028.1351     4.4423     0.0754     0.1219    34.0151    34.0123    8.30639         25 0.0000e+00
    164.000    162.238    -1.0895  27.461174    -1.0906  27.458875     5.3701     5.5220    -0.0149    93.6308 1.0000e-12  -74.10992 -113.32232  31.481555      99.85 9.5091e+02    530.318      12729  1028.1426  1028.1410     4.4418     0.0712     0.1229    34.0164    34.0144    8.30091         27 0.0000e+00
    165.000    163.229    -1.0855  27.465310    -1.0866  27.462867     5.3735     5.5144    -0.0160    93.6152 1.0000e-12  -74.10992 -113.32232  31.481568      99.86 9.5050e+02    531.479      12756  1028.1479  1028.1463     4.4410     0.0705     0.1226    34.0169    34.0147    8.30000         29 0.0000e+00
    166.000    164.216    -1.0852  27.466139    -1.0848  27.464732     5.3663     5.4983    -0.0202    93.6035 1.0000e-12  -74.10992 -113.32232  31.481583      99.86 9.5049e+02    532.740      12787  1028.1533  1028.1514     4.4405     0.0702     0.1232    34.0170    34.0146    8.29991         30 0.0000e+00
    167.000    165.206    -1.0755  27.474869    -1.0750  27.473911     5.3370     5.4709    -0.0150    93.6287 1.0000e-12  -74.10992 -113.32232  31.481597      99.85 9.4936e+02    533.987      12817  1028.1582  1028.1566     4.4417     0.0708     0.1242    34.0174    34.0155    8.29775         30 0.0000e+00
    168.000    166.195    -1.0593  27.490512    -1.0560  27.491446     5.3138     5.4547    -0.0178    93.6255 1.0000e-12  -74.10992 -113.32232  31.481610      99.86 9.5019e+02    535.142      12844  1028.1642  1028.1619     4.4415     0.0701     0.1248    34.0198    34.0172    8.29403         26 0.0000e+00
    169.000    167.182    -1.0432  27.505064    -1.0434  27.503416     5.3111     5.4366    -0.0159    93.5994 1.0000e-12  -74.10992 -113.32232  31.481623      99.86 9.5129e+02    536.241      12871  1028.1690  1028.1674     4.4403     0.0692     0.1251    34.0207    34.0188    8.29040         26 0.0000e+00
    170.000    168.173    -1.0344  27.513583    -1.0309  27.515028     5.2866     5.4155    -0.0076    93.5745 1.0000e-12  -74.10992 -113.32232  31.481635      99.86 9.5281e+02    537.290      12896  1028.1744  1028.1725     4.4391     0.0715     0.1243    34.0218    34.0198    8.28840         26 0.0000e+00
    171.000    169.161    -1.0254  27.522373    -1.0193  27.525762     5.2579     5.3883    -0.0074    93.5547 1.0000e-12  -74.10992 -113.32232  31.481648      99.85 9.5247e+02    538.420      12923  1028.1798  1028.1777     4.4382     0.0703     0.1250    34.0229    34.0207    8.28634         28 0.0000e+00
    172.000    170.150    -0.9958  27.549832    -0.9919  27.551379     5.2519     5.3692    -0.0111    93.5598 1.0000e-12  -74.10992 -113.32232  31.481663      99.86 9.5096e+02    539.642      12952  1028.1857  1028.1836     4.4384     0.0715     0.1258    34.0263    34.0240    8.27963         30 0.0000e+00
    173.000    171.138    -0.9901  27.555195    -0.9829  27.560146     5.2314     5.3514    -0.0096    93.5495 1.0000e-12  -74.10992 -113.32232  31.481677      96.74 9.5024e+02    540.904      12983  1028.1907  1028.1891     4.4379     0.0698     0.1253    34.0264    34.0251    8.27835         30 0.0000e+00
    174.000    172.127    -0.9793  27.566081    -0.9751  27.567997     5.2203     5.3432    -0.0138    93.5443 1.0000e-12  -74.10992 -113.32232  31.481691      99.87 9.5076e+02    542.109      13012  1028.1967  1028.1947     4.4377     0.0698     0.1252    34.0285    34.0263    8.27586         28 0.0000e+00
    175.000    173.116    -0.9659  27.578952    -0.9640  27.578679     5.2114     5.3333    -0.0150    93.5457 1.0000e-12  -74.10992 -113.32232  31.481704      99.86 9.5312e+02    543.244      13039  1028.2022  1028.2003     4.4377     0.0701     0.1254    34.0302    34.0277    8.27279         27 0.0000e+00
    176.000    174.105    -0.9671  27.577663    -0.9640  27.579184     5.1999     5.3203    -0.0150    93.5482 1.0000e-12  -74.10992 -113.32232  31.481717      99.85 9.5371e+02    544.332      13065  1028.2067  1028.2054     4.4378     0.0695     0.1253    34.0292    34.0277    8.27313         26 0.0000e+00
    177.000    175.094    -0.9560  27.588619    -0.9545  27.588139     5.1909     5.3127    -0.0150    93.5235 1.0000e-12  -74.10992 -113.32232  31.481730      99.86 9.5496e+02    545.463      13092  1028.2124  1028.2104     4.4367     0.0713     0.1246    34.0310    34.0286    8.27058         28 0.0000e+00
    178.000    176.082    -0.9458  27.598570    -0.9442  27.598248     5.1681     5.2828    -0.0150    93.5102 1.0000e-12  -74.10992 -113.32232  31.481744      99.85 9.5518e+02    546.668      13121  1028.2179  1028.2161     4.4361     0.0701     0.1259    34.0323    34.0301    8.26825         29 0.0000e+00
    179.000    177.071    -0.9367  27.607225    -0.9280  27.613444     5.1505     5.2659    -0.0150    93.5091 1.0000e-12  -74.10992 -113.32232  31.481759      99.86 9.5387e+02    547.941      13152  1028.2230  1028.2214     4.4360     0.0695     0.1260    34.0331    34.0318    8.26620         31 0.0000e+00
    180.000    178.060    -0.9131  27.629451    -0.9079  27.632438     5.1387     5.2574    -0.0150    93.4984 1.0000e-12  -74.10992 -113.32232  31.481773      99.86 9.5409e+02    549.188      13182  1028.2289  1028.2271     4.4355     0.0691     0.1275    34.0361    34.0343    8.26085         29 0.0000e+00
    181.000    179.049    -0.9084  27.634400    -0.9102  27.631369     5.1314     5.2500    -0.0087    93.4845 1.0000e-12  -74.10992 -113.32232  31.481787      99.85 9.5517e+02    550.358      13210  1028.2343  1028.2329     4.4349     0.0701     0.1276    34.0369    34.0348    8.25977         28 0.0000e+00
    182.000    180.038    -0.9033  27.639685    -0.9090  27.632765     5.1277     5.2460    -0.0063    93.4758 1.0000e-12  -74.10992 -113.32234  31.481799      99.86 9.5562e+02    551.455      13236  1028.2396  1028.2378     4.4345     0.0713     0.1266    34.0377    34.0348    8.25861         25 0.0000e+00
    183.000    181.027    -0.9007  27.642165    -0.8996  27.641608     5.1312     5.2482    -0.0151    93.4663 1.0000e-12  -74.10992 -113.32234  31.481813      79.79 9.5548e+02    552.607      13264  1028.2444  1028.2427     4.4340     0.0702     0.1265    34.0375    34.0355    8.25804         30 0.0000e+00
    184.000    182.016    -0.9036  27.640019    -0.9022  27.639594     5.1307     5.2405    -0.0097    93.4688 1.0000e-12  -74.10992 -113.32234  31.481828      95.74 9.5693e+02    553.916      13295  1028.2494  1028.2476     4.4341     0.0689     0.1285    34.0373    34.0351    8.25870         32 0.0000e+00
    185.000    183.003    -0.8995  27.644114    -0.8998  27.642259     5.1219     5.2405    -0.0138    93.4585 1.0000e-12  -74.10992 -113.32234  31.481842      99.93 9.5465e+02    555.188      13326  1028.2544  1028.2527     4.4336     0.0697     0.1268    34.0376    34.0355    8.25778         29 0.0000e+00
    186.000    183.994    -0.8955  27.648190    -0.8942  27.647783     5.1229     5.2365     0.0071    93.4593 1.0000e-12  -74.10992 -113.32234  31.481855      99.85 9.5605e+02    556.296      13352  1028.2593  1028.2576     4.4337     0.0707     0.1285    34.0379    34.0359    8.25687         25 0.0000e+00
    187.000    184.981    -0.8965  27.647627    -0.8967  27.646252     5.1339     5.2417    -0.0057    93.4724 1.0000e-12  -74.10992 -113.32232  31.481867      99.86 9.5540e+02    557.322      13377  1028.2642  1028.2628     4.4343     0.0707     0.1277    34.0378    34.0360    8.25711         24 0.0000e+00
    188.000    185.970    -0.8979  27.646902    -0.8967  27.646535     5.1336     5.2460    -0.0173    93.4482 1.0000e-12  -74.10992 -113.32234  31.481879      99.85 9.5677e+02    558.353      13401  1028.2691  1028.2675     4.4332     0.0698     0.1265    34.0377    34.0358    8.25741         26 0.0000e+00
    189.000    186.959    -0.9010  27.644753    -0.8980  27.645740     5.1413     5.2492    -0.0212    93.4468 1.0000e-12  -74.10992 -113.32232  31.481893      99.86 9.5537e+02    559.538      13430  1028.2742  1028.2724     4.4331     0.0705     0.1281    34.0376    34.0356    8.25809         31 0.0000e+00
    190.000    187.949    -0.9023  27.644071    -0.9038  27.641409     5.1421     5.2402    -0.0148    93.4457 1.0000e-12  -74.10992 -113.32232  31.481908      99.85 9.5560e+02    560.816      13461  1028.2791  1028.2777     4.4330     0.0695     0.1265    34.0376    34.0357    8.25839         30 0.0000e+00
    191.000    188.935    -0.9021  27.644904    -0.9007  27.644475     5.1297     5.2317    -0.0051    93.4522 1.0000e-12  -74.10992 -113.32232  31.481921      99.86 9.5562e+02    561.983      13489  1028.2842  1028.2824     4.4334     0.0695     0.1284    34.0379    34.0358    8.25834         26 0.0000e+00
    192.000    189.926    -0.8963  27.650072    -0.8970  27.648062     5.1359     5.2381    -0.0133    93.4472 1.0000e-12  -74.10992 -113.32232  31.481934      99.86 9.5318e+02    563.062      13514  1028.2885  1028.2870     4.4331     0.0688     0.1281    34.0378    34.0358    8.25707         26 0.0000e+00
    193.000    190.913    -0.8955  27.651232    -0.8945  27.650587     5.1532     5.2531    -0.0136    93.4433 1.0000e-12  -74.10992 -113.32232  31.481946      99.85 9.5607e+02    564.138      13540  1028.2933  1028.2917     4.4329     0.0733     0.1306    34.0378    34.0358    8.25688         26 0.0000e+00
    194.000    191.903    -0.9092  27.640349    -0.9062  27.641813     5.1648     5.2649    -0.0129    93.4432 1.0000e-12  -74.10992 -113.32232  31.481959      99.86 9.5509e+02    565.279      13568  1028.2992  1028.2979     4.4329     0.0698     0.1287    34.0379    34.0365    8.25989         28 0.0000e+00
    195.000    192.891    -0.9140  27.636837    -0.9140  27.635513     5.1579     5.2713    -0.0175    93.4363 1.0000e-12  -74.10992 -113.32232  31.481973      98.03 9.5560e+02    566.478      13596  1028.3043  1028.3029     4.4326     0.0707     0.1283    34.0379    34.0361    8.26094         30 0.0000e+00
    196.000    193.880    -0.9139  27.637439    -0.9128  27.637032     5.1591     5.2757     0.0100    93.4459 1.0000e-12  -74.10992 -113.32232  31.481987      95.99 9.5611e+02    567.682      13625  1028.3092  1028.3077     4.4330     0.0694     0.1265    34.0380    34.0363    8.26091         28 0.0000e+00
    197.000    194.869    -0.9138  27.638104    -0.9130  27.637476     5.1600     5.2679    -0.0039    93.4501 1.0000e-12  -74.10992 -113.32232  31.482000      99.82 9.5609e+02    568.802      13652  1028.3141  1028.3126     4.4332     0.0694     0.1290    34.0382    34.0364    8.26088         26 0.0000e+00
    198.000    195.858    -0.9151  27.637656    -0.9124  27.638457     5.1529     5.2654    -0.0057    93.4327 1.0000e-12  -74.10992 -113.32232  31.482012      99.85 9.5222e+02    569.878      13678  1028.3191  1028.3174     4.4323     0.0701     0.1269    34.0384    34.0365    8.26115         26 0.0000e+00
    199.000    196.846    -0.9082  27.644342    -0.9026  27.647944     5.1469     5.2518    -0.0131    93.4435 1.0000e-12  -74.10992 -113.32232  31.482026      99.86 9.5218e+02    571.081      13707  1028.3240  1028.3224     4.4329     0.0708     0.1285    34.0391    34.0376    8.25960         31 0.0000e+00
    200.000    197.835    -0.9015  27.650945    -0.9001  27.650621     5.1610     5.2634    -0.0096    93.4544 1.0000e-12  -74.10992 -113.32232  31.482042      99.86 9.5445e+02    572.392      13738  1028.3289  1028.3272     4.4334     0.0706     0.1273    34.0399    34.0379    8.25808         30 0.0000e+00
    201.000    198.824    -0.9016  27.651151    -0.8999  27.651305     5.1870     5.2898    -0.0106    93.4367 1.0000e-12  -74.10992 -113.32232  31.482056      99.86 9.5498e+02    573.649      13769  1028.3335  1028.3321     4.4326     0.0695     0.1267    34.0396    34.0380    8.25811         28 0.0000e+00
    202.000    199.811    -0.9290  27.628650    -0.9273  27.629289     5.1873     5.2951    -0.0136    93.4323 1.0000e-12  -74.10992 -113.32232  31.482069      99.86 9.5521e+02    574.783      13796  1028.3402  1028.3391     4.4324     0.0701     0.1298    34.0395    34.0383    8.26415         26 0.0000e+00
    203.000    200.802    -0.9282  27.630238    -0.9254  27.630858     5.1960     5.2987    -0.0091    93.3403 1.0000e-12  -74.10992 -113.32232  31.482082      99.85 9.5697e+02    575.868      13822  1028.3452  1028.3432     4.4280     0.0690     0.1284    34.0401    34.0377    8.26393         27 0.0000e+00
    204.000    201.791    -0.9244  27.633725    -0.9224  27.633841     5.2231     5.3199    -0.0003    93.4310 1.0000e-12  -74.10992 -113.32232  31.482095      99.86 9.5564e+02    576.995      13849  1028.3495  1028.3478     4.4323     0.0701     0.1270    34.0398    34.0378    8.26310         28 0.0000e+00
    205.000    202.778    -0.9419  27.619942    -0.9383  27.622050     5.2359     5.3341    -0.0089    93.4435 1.0000e-12  -74.10992 -113.32232  31.482109      99.85 9.5525e+02    578.248      13879  1028.3559  1028.3547     4.4329     0.0694     0.1283    34.0403    34.0391    8.26693         31 0.0000e+00
    206.000    203.766    -0.9447  27.619003    -0.9432  27.618920     5.2355     5.3441    -0.0118    93.4466 1.0000e-12  -74.10992 -113.32232  31.482124      89.03 9.5568e+02    579.470      13908  1028.3618  1028.3602     4.4331     0.0684     0.1278    34.0416    34.0398    8.26747         27 0.0000e+00
    207.000    204.756    -0.9473  27.617396    -0.9461  27.617165     5.2355     5.3485    -0.0207    93.4469 1.0000e-12  -74.10991 -113.32232  31.482136      99.87 9.5286e+02    580.547      13934  1028.3668  1028.3653     4.4331     0.0701     0.1318    34.0418    34.0401    8.26804         25 0.0000e+00
    208.000    205.745    -0.9459  27.620519    -0.9446  27.619833     5.2304     5.3431    -0.0148    93.4423 1.0000e-12  -74.10991 -113.32232  31.482148      99.86 9.5480e+02    581.554      13958  1028.3729  1028.3711     4.4328     0.0693     0.1285    34.0437    34.0414    8.26760         24 0.0000e+00
    209.000    206.732    -0.9380  27.628971    -0.9367  27.628667     5.2314     5.3411    -0.0191    93.4370 1.0000e-12  -74.10991 -113.32232  31.482160      99.86 9.5567e+02    582.618      13984  1028.3787  1028.3771     4.4326     0.0701     0.1274    34.0458    34.0438    8.26576         27 0.0000e+00
