ocean_section_plots/required_files/ctd/dnbp2202_ctd235.cnv
* Sea-Bird SBE 9 Data File:
* FileName = D:\Data\raw\NBP2202_CTD235.hex
* Software Version Seasave V 7.26.7.121
* Temperature SN = 1649
* Conductivity SN = 2513
* Number of Bytes Per Scan = 40
* Number of Voltage Words = 5
* Number of Scans Averaged by the Deck Unit = 1
* NMEA Latitude = 73 51.74 S
* NMEA Longitude = 114 00.97 W
* NMEA UTC (Time) = Feb 13 2022  11:49:12
* NMEA baud rate = 9600
** Ship: RVIB N.B. Palmer
** Cruise: NBP2202 Thwaites
** Station: 146
** Operator: B. Bjork
# nquan = 28
# nvalues = 271                         
# units = specified
# name 0 = prDM: Pressure, Digiquartz [db]
# name 1 = depSM: Depth [salt water, m]
# name 2 = t090C: Temperature [ITS-90, deg C]
# name 3 = c0mS/cm: Conductivity [mS/cm]
# name 4 = t190C: Temperature, 2 [ITS-90, deg C]
# name 5 = c1mS/cm: Conductivity, 2 [mS/cm]
# name 6 = sbeox0ML/L: Oxygen, SBE 43 [ml/l]
# name 7 = sbeox1ML/L: Oxygen, SBE 43, 2 [ml/l]
# name 8 = flECO-AFL: Fluorescence, WET Labs ECO-AFL/FL [mg/m^3]
# name 9 = CStarTr0: Beam Transmission, WET Labs C-Star [%]
# name 10 = par: PAR/Irradiance, Biospherical/Licor
# name 11 = latitude: Latitude [deg]
# name 12 = longitude: Longitude [deg]
# name 13 = timeJ: Julian Days
# name 14 = altM: Altimeter [m]
# name 15 = spar: SPAR, Biospherical/Licor
# name 16 = timeS: Time, Elapsed [seconds]
# name 17 = scan: Scan Count
# name 18 = density00: Density [density, kg/m^3]
# name 19 = density11: Density, 2 [density, kg/m^3]
# name 20 = v3: Voltage 3
# name 21 = v4: Voltage 4
# name 22 = v5: Voltage 5
# name 23 = sal00: Salinity, Practical [PSU]
# name 24 = sal11: Salinity, Practical, 2 [PSU]
# name 25 = oxsolML/L: Oxygen Saturation, Garcia & Gordon [ml/l]
# name 26 = nbin: number of scans per bin
# name 27 = flag: flag
# span 0 =      2.000,    272.000       
# span 1 =      1.979,    269.012       
# span 2 =    -1.2192,    -0.8344       
# span 3 =  27.269778,  27.787490       
# span 4 =    -1.2173,    -0.8324       
# span 5 =  27.269833,  27.787537       
# span 6 =     5.2675,     8.6011       
# span 7 =     5.4238,     8.8975       
# span 8 =     0.3201,    19.8965       
# span 9 =    77.2933,    96.1106       
# span 10 = -3.241e-05, 4.9666e+01      
# span 11 =  -73.86234,  -73.86232      
# span 12 = -114.01636, -114.01634      
# span 13 =  44.494660,  44.499058      
# span 14 =       6.24,      99.97      
# span 15 = 6.8224e+02, 7.3192e+02      
# span 16 =    186.592,    566.652      
# span 17 =       4479,      13601      
# span 18 =  1027.1593,  1028.7222      
# span 19 =  1027.1577,  1028.7201      
# span 20 =     3.6674,     4.5593      
# span 21 =     0.1142,     3.0214      
# span 22 =     0.1322,     0.2465      
# span 23 =    33.7623,    34.1058      
# span 24 =    33.7608,    34.1035      
# span 25 =    8.23955,    8.33568      
# span 26 =          6,         47      
# span 27 = 0.0000e+00, 0.0000e+00      
# interval = decibars: 1                
# start_time = Feb 13 2022 11:49:12 [NMEA time, header]
# bad_flag = -9.990e-29
*END*
      2.000      1.979    -0.9517  27.316520    -0.9509  27.315477     8.5745     8.3498    15.0977    79.1833 4.9666e+01  -73.86232 -114.01634  44.494660      55.86 6.8224e+02    186.592       4479  1027.1593  1027.1577     3.7572     3.0214     0.1897    33.7642    33.7619    8.28524          6 0.0000e+00
      3.000      2.969    -0.9515  27.317212    -0.9515  27.316146     8.5630     8.3490    14.5898    79.9901 3.7851e+01  -73.86232 -114.01634  44.494698      81.92 6.8224e+02    189.898       4559  1027.1643  1027.1631     3.7943     2.1840     0.2168    33.7643    33.7628    8.28520         37 0.0000e+00
      4.000      3.961    -0.9552  27.314940    -0.9543  27.314121     8.5737     8.3729    15.1397    79.8512 2.6009e+01  -73.86232 -114.01635  44.494731      72.75 6.8224e+02    192.772       4628  1027.1698  1027.1680     3.7884     2.3374     0.2017    33.7647    33.7626    8.28599         36 0.0000e+00
      5.000      4.949    -0.9539  27.315903    -0.9544  27.314544     8.5871     8.4222    16.7716    80.1197 1.8233e+01  -73.86232 -114.01635  44.494762      87.02 6.8229e+02    195.412       4691  1027.1739  1027.1729     3.8014     2.6263     0.2091    33.7640    33.7627    8.28575         38 0.0000e+00
      6.000      5.937    -0.9648  27.306345    -0.9720  27.299662     8.5896     8.5158    14.8315    79.7874 1.3165e+01  -73.86232 -114.01635  44.494789      87.15 6.8237e+02    197.813       4749  1027.1783  1027.1779     3.7854     2.4570     0.2083    33.7626    33.7616    8.28824         42 0.0000e+00
      7.000      6.926    -0.9810  27.293202    -0.9800  27.293138     8.5912     8.6148    15.8360    79.7483 9.6350e+00  -73.86232 -114.01635  44.494815      90.56 6.8395e+02    199.979       4801  1027.1838  1027.1827     3.7834     2.4770     0.1977    33.7623    33.7611    8.29183         37 0.0000e+00
      8.000      7.917    -0.9852  27.290502    -0.9839  27.290191     8.5842     8.7094    18.2918    79.3072 7.0511e+00  -73.86232 -114.01635  44.494838      99.79 6.8276e+02    202.001       4849  1027.1889  1027.1873     3.7626     2.7409     0.1873    33.7627    33.7608    8.29273         45 0.0000e+00
      9.000      8.908    -0.9838  27.292234    -0.9823  27.292206     8.5820     8.7890    15.5205    79.6184 5.2424e+00  -73.86232 -114.01635  44.494861      99.78 6.8433e+02    203.967       4896  1027.1937  1027.1922     3.7770     2.5199     0.2042    33.7628    33.7611    8.29241         40 0.0000e+00
     10.000      9.896    -0.9818  27.294444    -0.9803  27.294561     8.6011     8.8562    19.1960    78.2325 3.9657e+00  -73.86232 -114.01635  44.494883      99.70 6.8450e+02    205.868       4942  1027.1984  1027.1971     3.7118     2.4128     0.2217    33.7631    33.7615    8.29197         39 0.0000e+00
     11.000     10.886    -0.9818  27.295018    -0.9794  27.295979     8.5960     8.8683    17.0830    79.1562 3.0203e+00  -73.86232 -114.01635  44.494904      99.66 6.8421e+02    207.701       4986  1027.2033  1027.2020     3.7557     2.4139     0.2152    33.7632    33.7618    8.29195         43 0.0000e+00
     12.000     11.876    -0.9811  27.296305    -0.9798  27.296079     8.5935     8.8664    16.7518    78.8658 2.2975e+00  -73.86232 -114.01635  44.494925      99.56 6.8472e+02    209.547       5030  1027.2083  1027.2068     3.7417     2.2258     0.2104    33.7635    33.7618    8.29178         44 0.0000e+00
     13.000     12.866    -0.9799  27.297717    -0.9785  27.297659     8.5891     8.8615    15.2401    79.8119 1.7549e+00  -73.86232 -114.01635  44.494946      99.66 6.8522e+02    211.373       5074  1027.2129  1027.2115     3.7862     2.3698     0.2116    33.7634    33.7618    8.29151         42 0.0000e+00
     14.000     13.854    -0.9796  27.298414    -0.9784  27.298279     8.5853     8.8659    13.6203    79.2748 1.3531e+00  -73.86232 -114.01635  44.494967      99.82 6.8713e+02    213.182       5117  1027.2177  1027.2164     3.7613     2.6262     0.2086    33.7635    33.7619    8.29145         39 0.0000e+00
     15.000     14.846    -0.9788  27.299857    -0.9774  27.299760     8.5885     8.8752    17.2672    79.2716 1.0424e+00  -73.86232 -114.01635  44.494989      99.81 6.8752e+02    215.015       5161  1027.2228  1027.2213     3.7606     2.5500     0.2146    33.7639    33.7622    8.29125         40 0.0000e+00
     16.000     15.835    -0.9781  27.301139    -0.9765  27.301124     8.5771     8.8750    15.0902    81.1295 8.0736e-01  -73.86232 -114.01635  44.495010      99.80 6.8770e+02    216.840       5205  1027.2278  1027.2263     3.8490     2.8232     0.1970    33.7642    33.7625    8.29107         41 0.0000e+00
     17.000     16.824    -0.9760  27.303514    -0.9747  27.303385     8.5807     8.8787    15.9674    80.1373 6.2501e-01  -73.86232 -114.01635  44.495031      99.70 6.8900e+02    218.646       5249  1027.2327  1027.2313     3.8019     2.3947     0.2231    33.7645    33.7628    8.29059         37 0.0000e+00
     18.000     17.813    -0.9760  27.304034    -0.9744  27.304143     8.5707     8.8871    15.4262    79.2651 4.7845e-01  -73.86232 -114.01634  44.495051      99.61 6.8944e+02    220.453       5292  1027.2376  1027.2362     3.7606     2.4621     0.2006    33.7646    33.7629    8.29059         42 0.0000e+00
     19.000     18.801    -0.9759  27.304533    -0.9744  27.304677     8.5674     8.8866    15.1499    79.3999 3.6434e-01  -73.86233 -114.01634  44.495072      99.62 6.8929e+02    222.232       5335  1027.2424  1027.2410     3.7660     2.3039     0.2069    33.7645    33.7630    8.29057         32 0.0000e+00
     20.000     19.792    -0.9757  27.305124    -0.9742  27.305294     8.5754     8.8930    17.2076    79.1370 2.7731e-01  -73.86233 -114.01634  44.495092      99.87 6.8929e+02    223.985       5377  1027.2472  1027.2459     3.7548     2.7064     0.2115    33.7645    33.7630    8.29053         37 0.0000e+00
     21.000     20.781    -0.9755  27.305719    -0.9740  27.305729     8.5707     8.8905    19.8965    79.5599 2.0989e-01  -73.86234 -114.01634  44.495113      97.40 6.8873e+02    225.738       5419  1027.2519  1027.2504     3.7744     2.3995     0.2197    33.7645    33.7627    8.29049         41 0.0000e+00
     22.000     21.772    -0.9750  27.306751    -0.9737  27.306620     8.5783     8.8887    16.1527    80.0557 1.5289e-01  -73.86234 -114.01634  44.495133      99.70 6.8888e+02    227.496       5461  1027.2568  1027.2554     3.7982     2.3664     0.2009    33.7646    33.7630    8.29036         43 0.0000e+00
     23.000     22.763    -0.9755  27.306730    -0.9740  27.306705     8.5775     8.8911    16.6279    80.6018 1.0863e-01  -73.86234 -114.01634  44.495154      99.73 6.9108e+02    229.317       5505  1027.2616  1027.2601     3.8239     2.4282     0.2344    33.7646    33.7628    8.29047         40 0.0000e+00
     24.000     23.751    -0.9757  27.306983    -0.9740  27.307081     8.5779     8.8931    16.1141    81.2812 7.5032e-02  -73.86234 -114.01634  44.495176      99.68 6.9319e+02    231.181       5549  1027.2664  1027.2649     3.8562     2.5873     0.2338    33.7646    33.7628    8.29053         43 0.0000e+00
     25.000     24.741    -0.9756  27.307480    -0.9739  27.307612     8.5758     8.8975    15.7707    80.4214 4.8208e-02  -73.86234 -114.01634  44.495197      99.83 6.9420e+02    233.001       5593  1027.2711  1027.2696     3.8154     2.6670     0.2228    33.7645    33.7627    8.29051         42 0.0000e+00
     26.000     25.729    -0.9756  27.308009    -0.9740  27.307900     8.5741     8.8855    17.4427    81.2785 2.6151e-02  -73.86234 -114.01634  44.495218      99.66 6.9457e+02    234.851       5637  1027.2760  1027.2744     3.8560     2.3930     0.2008    33.7646    33.7627    8.29050         38 0.0000e+00
     27.000     26.720    -0.9742  27.309961    -0.9723  27.310330     8.5758     8.8797    15.7361    79.8914 8.5848e-03  -73.86234 -114.01634  44.495239      99.62 6.9458e+02    236.680       5681  1027.2811  1027.2797     3.7902     2.2925     0.2149    33.7650    33.7634    8.29016         41 0.0000e+00
     28.000     27.709    -0.9739  27.310679    -0.9723  27.310832     8.5746     8.8865    17.2373    79.2725 -3.241e-05  -73.86234 -114.01634  44.495260      99.59 6.9502e+02    238.434       5723  1027.2860  1027.2846     3.7612     2.3487     0.2220    33.7651    33.7634    8.29010         40 0.0000e+00
     29.000     28.698    -0.9745  27.310585    -0.9729  27.310550     8.5761     8.8862    18.5335    79.3077 1.0000e-12  -73.86234 -114.01634  44.495280      98.16 6.9492e+02    240.207       5766  1027.2907  1027.2892     3.7627     2.2822     0.2205    33.7649    33.7632    8.29023         41 0.0000e+00
     30.000     29.688    -0.9748  27.310672    -0.9733  27.310789     8.5709     8.8812    19.7644    79.4556 1.0000e-12  -73.86234 -114.01634  44.495301      99.76 6.9633e+02    242.001       5809  1027.2954  1027.2941     3.7695     2.4336     0.1996    33.7649    33.7633    8.29032         41 0.0000e+00
     31.000     30.677    -0.9748  27.311127    -0.9734  27.311290     8.5697     8.8776    14.6297    78.7636 1.0000e-12  -73.86234 -114.01634  44.495321      99.61 6.9684e+02    243.756       5851  1027.3002  1027.2990     3.7368     2.6142     0.2063    33.7648    33.7634    8.29031         39 0.0000e+00
     32.000     31.667    -0.9746  27.311872    -0.9732  27.311889     8.5651     8.8810    14.6506    79.9103 1.0000e-12  -73.86234 -114.01634  44.495340      99.54 6.9940e+02    245.382       5890  1027.3051  1027.3039     3.7912     2.1997     0.2150    33.7650    33.7635    8.29026         37 0.0000e+00
     33.000     32.656    -0.9737  27.313393    -0.9721  27.313372     8.5576     8.8860    17.0307    79.9449 1.0000e-12  -73.86234 -114.01634  44.495358      99.73 7.0088e+02    246.887       5926  1027.3102  1027.3087     3.7932     2.5441     0.2087    33.7654    33.7636    8.29003         36 0.0000e+00
     34.000     33.646    -0.9736  27.313756    -0.9721  27.313829     8.5654     8.8886    14.7642    80.2139 1.0000e-12  -73.86234 -114.01634  44.495374      99.63 7.0190e+02    248.339       5961  1027.3148  1027.3135     3.8052     2.3405     0.2168    33.7652    33.7636    8.29002         33 0.0000e+00
     35.000     34.635    -0.9736  27.314323    -0.9720  27.314244     8.5717     8.8900    14.0941    80.4626 1.0000e-12  -73.86234 -114.01634  44.495391      99.62 7.0342e+02    249.775       5996  1027.3197  1027.3182     3.8174     2.2397     0.2225    33.7653    33.7634    8.29001         35 0.0000e+00
     36.000     35.625    -0.9743  27.314059    -0.9724  27.314205     8.5702     8.8844    17.5778    80.2864 1.0000e-12  -73.86234 -114.01634  44.495408      98.31 7.0486e+02    251.229       6030  1027.3244  1027.3228     3.8090     2.3984     0.2241    33.7651    33.7632    8.29018         36 0.0000e+00
     37.000     36.613    -0.9741  27.314898    -0.9725  27.315123     8.5682     8.8771    15.3329    80.3516 1.0000e-12  -73.86234 -114.01634  44.495424      96.00 7.0627e+02    252.661       6065  1027.3295  1027.3282     3.8121     2.2755     0.1972    33.7654    33.7639    8.29012         32 0.0000e+00
     38.000     37.605    -0.9746  27.314867    -0.9729  27.314957     8.5720     8.8838    12.8292    81.1925 1.0000e-12  -73.86234 -114.01634  44.495440      74.71 7.0772e+02    254.033       6098  1027.3342  1027.3328     3.8520     2.2043     0.2036    33.7653    33.7636    8.29023         30 0.0000e+00
     39.000     38.593    -0.9746  27.315107    -0.9731  27.315154     8.5628     8.8729    13.7566    80.3387 1.0000e-12  -73.86234 -114.01634  44.495456      99.97 7.0859e+02    255.437       6131  1027.3388  1027.3374     3.8117     2.3366     0.2039    33.7651    33.7634    8.29025         33 0.0000e+00
     40.000     39.583    -0.9740  27.316352    -0.9728  27.316156     8.5521     8.8567    18.0959    79.9877 1.0000e-12  -73.86232 -114.01634  44.495473      99.80 7.0915e+02    256.834       6165  1027.3439  1027.3426     3.7946     2.9441     0.1945    33.7655    33.7639    8.29010         34 0.0000e+00
     41.000     40.573    -0.9724  27.319242    -0.9709  27.319184     8.5367     8.8553    15.8869    80.5775 1.0000e-12  -73.86232 -114.01634  44.495488      99.87 7.0911e+02    258.196       6198  1027.3498  1027.3484     3.8228     2.6543     0.2145    33.7669    33.7652    8.28965         33 0.0000e+00
     42.000     41.561    -0.9720  27.320077    -0.9706  27.320024     8.5314     8.8547    15.0199    79.3799 1.0000e-12  -73.86232 -114.01634  44.495504      99.81 7.0920e+02    259.582       6231  1027.3546  1027.3532     3.7663     2.5774     0.2067    33.7670    33.7654    8.28956         34 0.0000e+00
     43.000     42.551    -0.9715  27.321364    -0.9700  27.321203     8.5367     8.8546    15.2912    79.5839 1.0000e-12  -73.86232 -114.01634  44.495521      99.55 7.0992e+02    261.013       6265  1027.3599  1027.3583     3.7755     2.2306     0.1924    33.7676    33.7657    8.28942         34 0.0000e+00
     44.000     43.541    -0.9715  27.321925    -0.9702  27.321617     8.5396     8.8483    14.8812    79.5550 1.0000e-12  -73.86232 -114.01634  44.495537      99.67 7.0884e+02    262.433       6299  1027.3648  1027.3632     3.7743     2.3974     0.2242    33.7677    33.7658    8.28941         34 0.0000e+00
     45.000     44.530    -0.9714  27.322370    -0.9695  27.322808     8.5361     8.8474    16.3798    80.0958 1.0000e-12  -73.86232 -114.01634  44.495554      99.61 7.0968e+02    263.870       6334  1027.3695  1027.3682     3.7999     2.5218     0.2201    33.7676    33.7661    8.28940         35 0.0000e+00
     46.000     45.519    -0.9712  27.323227    -0.9695  27.323354     8.5305     8.8414    17.1621    79.5765 1.0000e-12  -73.86232 -114.01635  44.495570      98.26 7.1076e+02    265.286       6368  1027.3746  1027.3731     3.7754     2.2637     0.2173    33.7679    33.7662    8.28933         33 0.0000e+00
     47.000     46.509    -0.9709  27.324205    -0.9692  27.324263     8.5286     8.8358    15.5391    79.2053 1.0000e-12  -73.86232 -114.01635  44.495586      99.45 7.1256e+02    266.659       6401  1027.3797  1027.3781     3.7577     2.0439     0.1996    33.7684    33.7665    8.28925         33 0.0000e+00
     48.000     47.498    -0.9703  27.325418    -0.9685  27.325746     8.5232     8.8407    14.5724    80.4273 1.0000e-12  -73.86232 -114.01635  44.495603      99.56 7.1290e+02    268.058       6434  1027.3847  1027.3834     3.8151     2.1872     0.1973    33.7687    33.7671    8.28910         33 0.0000e+00
     49.000     48.488    -0.9708  27.325253    -0.9691  27.325262     8.5140     8.8305    14.2845    80.4554 1.0000e-12  -73.86232 -114.01635  44.495619      99.79 7.1362e+02    269.463       6468  1027.3894  1027.3877     3.8176     2.5652     0.1926    33.7684    33.7665    8.28922         34 0.0000e+00
     50.000     49.478    -0.9693  27.327902    -0.9672  27.328594     8.5295     8.8405    18.2546    79.6097 1.0000e-12  -73.86232 -114.01635  44.495635      99.55 7.1343e+02    270.840       6501  1027.3951  1027.3939     3.7769     2.2377     0.2040    33.7697    33.7683    8.28882         33 0.0000e+00
     51.000     50.467    -0.9697  27.327697    -0.9690  27.326426     8.5389     8.8529    15.6325    77.5427 1.0000e-12  -73.86232 -114.01635  44.495650      99.69 7.1287e+02    272.176       6533  1027.3995  1027.3976     3.6790     2.3945     0.2360    33.7692    33.7668    8.28892         32 0.0000e+00
     52.000     51.456    -0.9714  27.325626    -0.9698  27.325556     8.5466     8.8542    16.5746    79.5413 1.0000e-12  -73.86232 -114.01636  44.495665      99.66 7.1548e+02    273.456       6564  1027.4032  1027.4017     3.7736     2.3893     0.1846    33.7677    33.7659    8.28939         29 0.0000e+00
