ocean_section_plots/required_files/ctd/dnbp2202_ctd262.cnv
* Sea-Bird SBE 9 Data File:
* FileName = D:\Data\raw\NBP2202_CTD262.hex
* Software Version Seasave V 7.26.7.121
* Temperature SN = 1649
* Conductivity SN = 2513
* Number of Bytes Per Scan = 40
* Number of Voltage Words = 5
* Number of Scans Averaged by the Deck Unit = 1
* NMEA Latitude = 73 52.68 S
* NMEA Longitude = 118 43.99 W
* NMEA UTC (Time) = Feb 19 2022  14:34:24
* NMEA baud rate = 9600
** Ship: RVIB N.B. Palmer
** Cruise: NBP2202 Thwaites
** Station: 167
** Operator: B. Bjork
# nquan = 28
# nvalues = 695                         
# units = specified
# name 0 = prDM: Pressure, Digiquartz [db]
# name 1 = depSM: Depth [salt water, m]
# name 2 = t090C: Temperature [ITS-90, deg C]
# name 3 = c0mS/cm: Conductivity [mS/cm]
# name 4 = t190C: Temperature, 2 [ITS-90, deg C]
# name 5 = c1mS/cm: Conductivity, 2 [mS/cm]
# name 6 = sbeox0ML/L: Oxygen, SBE 43 [ml/l]
# name 7 = sbeox1ML/L: Oxygen, SBE 43, 2 [ml/l]
# name 8 = flECO-AFL: Fluorescence, WET Labs ECO-AFL/FL [mg/m^3]
# name 9 = CStarTr0: Beam Transmission, WET Labs C-Star [%]
# name 10 = par: PAR/Irradiance, Biospherical/Licor
# name 11 = latitude: Latitude [deg]
# name 12 = longitude: Longitude [deg]
# name 13 = timeJ: Julian Days
# name 14 = altM: Altimeter [m]
# name 15 = spar: SPAR, Biospherical/Licor
# name 16 = timeS: Time, Elapsed [seconds]
# name 17 = scan: Scan Count
# name 18 = density00: Density [density, kg/m^3]
# name 19 = density11: Density, 2 [density, kg/m^3]
# name 20 = v3: Voltage 3
# name 21 = v4: Voltage 4
# name 22 = v5: Voltage 5
# name 23 = sal00: Salinity, Practical [PSU]
# name 24 = sal11: Salinity, Practical, 2 [PSU]
# name 25 = oxsolML/L: Oxygen Saturation, Garcia & Gordon [ml/l]
# name 26 = nbin: number of scans per bin
# name 27 = flag: flag
# span 0 =      1.000,    695.000       
# span 1 =      0.988,    686.663       
# span 2 =    -1.7505,     0.3617       
# span 3 =  25.995292,  29.278493       
# span 4 =    -1.7494,     0.3654       
# span 5 =  26.942654,  29.280102       
# span 6 =     4.7542,     8.9326       
# span 7 =     4.8910,     9.2657       
# span 8 =    -0.0224,    10.5999       
# span 9 =    82.2052,    99.4245       
# span 10 = -7.703e-06, 3.1081e+03      
# span 11 =  -73.87808,  -73.87806      
# span 12 = -118.73330, -118.73326      
# span 13 =  50.611141,  50.622353      
# span 14 =       3.11,     100.10      
# span 15 = 1.2379e+03, 1.3148e+03      
# span 16 =    338.600,   1307.281      
# span 17 =       8127,      31376      
# span 18 =  1025.0700,  1030.9603      
# span 19 =  1026.2115,  1030.9585      
# span 20 =     3.9010,     4.7165      
# span 21 =     0.0646,     2.1167      
# span 22 =     0.1145,     0.2172      
# span 23 =    31.2953,    34.4961      
# span 24 =    32.6235,    34.4938      
# span 25 =    7.96320,    8.44891      
# span 26 =         20,         44      
# span 27 = 0.0000e+00, 0.0000e+00      
# interval = decibars: 1                
# start_time = Feb 19 2022 14:34:24 [NMEA time, header]
# bad_flag = -9.990e-29
*END*
[from data line 52]
     53.000     52.444    -0.2255  27.996745    -0.2236  27.996227     8.7187     9.0441     8.5788    91.3026 6.5906e-04  -73.87806 -118.73327  50.613517      99.42 1.2622e+03    543.847      13053  1027.4321  1027.4298     4.3314     1.5712     0.1954    33.8376    33.8348    8.12350         36 0.0000e+00
     54.000     53.435    -0.2233  27.999441    -0.2212  27.999275     8.7133     9.0360     8.3386    89.7154 -7.703e-06  -73.87806 -118.73328  50.613533      99.46 1.2604e+03    545.267      13087  1027.4371  1027.4349     4.2562     1.4881     0.1677    33.8381    33.8355    8.12299         31 0.0000e+00
     55.000     54.425    -0.2208  28.002074    -0.2185  28.002215     8.7117     9.0363     8.0438    90.0774 1.0000e-12  -73.87806 -118.73327  50.613548      99.52 1.2629e+03    546.519      13117  1027.4418  1027.4398     4.2733     1.3834     0.1925    33.8382    33.8358    8.12245         29 0.0000e+00
     56.000     55.413    -0.2236  28.000132    -0.2234  27.998555     8.7086     9.0371     8.1001    90.5617 1.0000e-12  -73.87806 -118.73327  50.613560      99.46 1.2658e+03    547.624      13144  1027.4468  1027.4449     4.2963     1.5116     0.1652    33.8382    33.8358    8.12307         24 0.0000e+00
     57.000     56.402    -0.2251  27.999277    -0.2227  27.999690     8.7116     9.0470     8.2597    90.8052 1.0000e-12  -73.87806 -118.73327  50.613572      99.56 1.2645e+03    548.639      13168  1027.4515  1027.4497     4.3078     1.5155     0.1742    33.8380    33.8359    8.12338         26 0.0000e+00
     58.000     57.392    -0.2253  27.999565    -0.2220  28.000611     8.7111     9.0398     7.0805    90.4514 1.0000e-12  -73.87806 -118.73328  50.613586      99.59 1.2639e+03    549.845      13197  1027.4563  1027.4543     4.2911     1.3796     0.1798    33.8381    33.8358    8.12343         33 0.0000e+00
     59.000     58.384    -0.2294  27.996284    -0.2274  27.996486     8.6955     9.0368     7.2001    91.1388 1.0000e-12  -73.87806 -118.73328  50.613603      99.57 1.2624e+03    551.307      13232  1027.4611  1027.4594     4.3235     1.2652     0.1990    33.8377    33.8357    8.12433         34 0.0000e+00
     60.000     59.370    -0.2322  27.994787    -0.2301  27.994904     8.6979     9.0373     8.5644    90.7143 1.0000e-12  -73.87806 -118.73328  50.613617      99.50 1.2615e+03    552.547      13262  1027.4664  1027.4646     4.3036     1.4667     0.1621    33.8381    33.8360    8.12489         26 0.0000e+00
     61.000     60.361    -0.2344  27.993754    -0.2321  27.994050     8.7106     9.0466     7.5286    90.6482 1.0000e-12  -73.87806 -118.73328  50.613629      99.56 1.2632e+03    553.545      13286  1027.4717  1027.4698     4.3001     1.6960     0.1946    33.8386    33.8364    8.12534         23 0.0000e+00
     62.000     61.349    -0.2349  27.993980    -0.2328  27.994131     8.7156     9.0465     7.6167    89.0903 1.0000e-12  -73.87806 -118.73328  50.613640      99.55 1.2661e+03    554.496      13309  1027.4768  1027.4749     4.2267     1.3097     0.1717    33.8389    33.8367    8.12544         24 0.0000e+00
     63.000     62.339    -0.2334  27.996166    -0.2311  27.996264     8.7130     9.0400     8.5934    90.7780 1.0000e-12  -73.87806 -118.73328  50.613652      99.54 1.2658e+03    555.559      13334  1027.4818  1027.4798     4.3065     1.3277     0.1837    33.8395    33.8371    8.12507         27 0.0000e+00
     64.000     63.329    -0.2350  27.995247    -0.2324  27.995732     8.7113     9.0265     7.7354    90.4704 1.0000e-12  -73.87806 -118.73328  50.613667      99.56 1.2646e+03    556.871      13366  1027.4867  1027.4848     4.2919     1.3035     0.1695    33.8395    33.8372    8.12542         34 0.0000e+00
     65.000     64.318    -0.2357  27.995157    -0.2332  27.995547     8.7149     9.0410     7.3280    90.5741 1.0000e-12  -73.87806 -118.73328  50.613683      99.65 1.2627e+03    558.228      13398  1027.4915  1027.4895     4.2968     1.1246     0.1726    33.8395    33.8372    8.12556         30 0.0000e+00
     66.000     65.307    -0.2362  27.995290    -0.2342  27.995240     8.7163     9.0514     6.2224    90.8162 1.0000e-12  -73.87806 -118.73328  50.613696      99.43 1.2618e+03    559.347      13425  1027.4964  1027.4945     4.3075     1.4747     0.1726    33.8397    33.8373    8.12567         25 0.0000e+00
     67.000     66.296    -0.2327  27.999101    -0.2310  27.998840     8.7360     9.0640     6.7134    89.1864 1.0000e-12  -73.87806 -118.73328  50.613708      92.19 1.2646e+03    560.333      13449  1027.5014  1027.4995     4.2319     1.2244     0.1713    33.8402    33.8379    8.12489         23 0.0000e+00
     68.000     67.286    -0.2276  28.004759    -0.2248  28.004799     8.7565     9.0675     8.7097    90.6170 1.0000e-12  -73.87806 -118.73328  50.613719      53.81 1.2674e+03    561.356      13474  1027.5068  1027.5041     4.2989     1.2327     0.1706    33.8415    33.8384    8.12373         26 0.0000e+00
     69.000     68.276    -0.2073  28.022821    -0.2058  28.022247     8.7563     9.0744     9.5646    90.3564 1.0000e-12  -73.87806 -118.73328  50.613732      99.34 1.2669e+03    562.474      13500  1027.5108  1027.5088     4.2865     1.2893     0.1735    33.8424    33.8400    8.11935         28 0.0000e+00
     70.000     69.265    -0.2027  28.027762    -0.2002  28.027973     8.7488     9.0693     8.0418    90.3870 1.0000e-12  -73.87806 -118.73328  50.613746      99.73 1.2643e+03    563.653      13529  1027.5160  1027.5138     4.2880     0.9672     0.1677    33.8432    33.8407    8.11831         29 0.0000e+00
     71.000     70.255    -0.2030  28.027902    -0.2012  28.027668     8.7363     9.0641     7.9558    91.5128 1.0000e-12  -73.87806 -118.73328  50.613760      99.58 1.2625e+03    564.846      13557  1027.5208  1027.5189     4.3413     1.2448     0.1589    33.8432    33.8409    8.11839         28 0.0000e+00
     72.000     71.243    -0.2065  28.025405    -0.2042  28.025855     8.7320     9.0550     6.8548    90.6570 1.0000e-12  -73.87806 -118.73328  50.613773      99.60 1.2642e+03    565.962      13584  1027.5259  1027.5242     4.3008     1.2151     0.1766    33.8432    33.8412    8.11914         25 0.0000e+00
     73.000     72.232    -0.2100  28.023123    -0.2076  28.023450     8.7324     9.0531     5.5700    89.8569 1.0000e-12  -73.87806 -118.73328  50.613785      99.63 1.2668e+03    566.987      13609  1027.5312  1027.5293     4.2629     1.1492     0.1530    33.8434    33.8411    8.11987         25 0.0000e+00
     74.000     73.222    -0.2084  28.025186    -0.2063  28.025219     8.7255     9.0548     5.3749    90.7910 1.0000e-12  -73.87806 -118.73328  50.613797      99.63 1.2705e+03    568.062      13634  1027.5362  1027.5342     4.3071     1.1636     0.1660    33.8437    33.8414    8.11951         26 0.0000e+00
     75.000     74.212    -0.2097  28.024453    -0.2061  28.025770     8.7241     9.0529     6.6326    91.1108 1.0000e-12  -73.87806 -118.73328  50.613811      99.66 1.2674e+03    569.250      13663  1027.5409  1027.5390     4.3223     1.1017     0.1756    33.8436    33.8414    8.11979         30 0.0000e+00
     76.000     75.201    -0.2085  28.025897    -0.2066  28.025415     8.7127     9.0519     6.6886    91.0049 1.0000e-12  -73.87806 -118.73328  50.613825      99.63 1.2642e+03    570.464      13692  1027.5456  1027.5435     4.3172     1.1876     0.1677    33.8435    33.8409    8.11953         28 0.0000e+00
     77.000     76.189    -0.2129  28.022431    -0.2111  28.022081     8.7048     9.0426     6.2934    90.5428 1.0000e-12  -73.87806 -118.73328  50.613838      99.64 1.2656e+03    571.563      13719  1027.5505  1027.5484     4.2954     1.1382     0.1635    33.8432    33.8408    8.12048         25 0.0000e+00
     78.000     77.179    -0.2139  28.022748    -0.2114  28.023014     8.6948     9.0294     5.9309    90.5661 1.0000e-12  -73.87806 -118.73328  50.613849      94.85 1.2668e+03    572.590      13743  1027.5561  1027.5540     4.2965     1.2756     0.1661    33.8442    33.8417    8.12065         25 0.0000e+00
     79.000     78.166    -0.2123  28.024451    -0.2104  28.024418     8.6716     9.0063     6.6418    90.7100 1.0000e-12  -73.87806 -118.73328  50.613861      99.61 1.2668e+03    573.616      13768  1027.5607  1027.5588     4.3033     1.1204     0.1727    33.8441    33.8419    8.12032         25 0.0000e+00
     80.000     79.159    -0.2133  28.025663    -0.2115  28.024972     8.6415     8.9842     6.7975    90.9094 1.0000e-12  -73.87806 -118.73328  50.613875      99.72 1.2674e+03    574.793      13796  1027.5672  1027.5649     4.3127     0.9773     0.1584    33.8461    33.8433    8.12040         31 0.0000e+00
     81.000     80.148    -0.2138  28.026516    -0.2130  28.025521     8.6300     8.9591     6.3722    90.7738 1.0000e-12  -73.87806 -118.73328  50.613890      99.63 1.2676e+03    576.086      13827  1027.5729  1027.5711     4.3065     1.1646     0.1650    33.8472    33.8451    8.12045         30 0.0000e+00
     82.000     81.135    -0.2158  28.026172    -0.2137  28.025931     8.6118     8.9341     6.0588    91.2003 1.0000e-12  -73.87806 -118.73328  50.613903      99.67 1.2643e+03    577.236      13855  1027.5788  1027.5766     4.3263     1.0570     0.1940    33.8484    33.8458    8.12081         25 0.0000e+00
     83.000     82.127    -0.2144  28.028391    -0.2114  28.029381     8.5978     8.9095     6.4824    92.4007 1.0000e-12  -73.87806 -118.73328  50.613915      99.72 1.2639e+03    578.239      13879  1027.5841  1027.5823     4.3835     0.9598     0.1574    33.8492    33.8473    8.12046         24 0.0000e+00
     84.000     83.116    -0.2139  28.029913    -0.2122  28.029849     8.5742     8.8956     7.3960    91.5602 1.0000e-12  -73.87806 -118.73328  50.613926      99.59 1.2635e+03    579.247      13903  1027.5895  1027.5878     4.3436     1.2423     0.1660    33.8501    33.8481    8.12031         25 0.0000e+00
     85.000     84.104    -0.2259  28.020805    -0.2252  28.020279     8.5619     8.8894     7.6954    90.8885 1.0000e-12  -73.87806 -118.73328  50.613939      99.70 1.2644e+03    580.329      13929  1027.5957  1027.5944     4.3118     0.9991     0.1697    33.8507    33.8492    8.12284         27 0.0000e+00
     86.000     85.094    -0.2416  28.009237    -0.2395  28.009356     8.5516     8.8857     8.0272    91.2220 1.0000e-12  -73.87806 -118.73328  50.613953      99.72 1.2688e+03    581.531      13958  1027.6027  1027.6009     4.3275     0.9808     0.1532    33.8521    33.8500    8.12610         30 0.0000e+00
     87.000     86.082    -0.2481  28.004287    -0.2459  28.004689     8.5349     8.8746     7.8604    90.7390 1.0000e-12  -73.87806 -118.73328  50.613967      99.72 1.2702e+03    582.756      13987  1027.6079  1027.6063     4.3047     0.9698     0.1601    33.8521    33.8502    8.12749         28 0.0000e+00
     88.000     87.073    -0.2499  28.003824    -0.2477  28.003966     8.5176     8.8465     6.7611    90.9141 1.0000e-12  -73.87806 -118.73328  50.613980      99.61 1.2640e+03    583.877      14014  1027.6133  1027.6114     4.3129     1.2102     0.1596    33.8529    33.8507    8.12783         26 0.0000e+00
     89.000     88.061    -0.2586  27.997789    -0.2565  27.998121     8.5011     8.8310     6.3336    91.3275 1.0000e-12  -73.87806 -118.73328  50.613992      99.64 1.2629e+03    584.896      14038  1027.6194  1027.6179     4.3326     1.1534     0.1669    33.8539    33.8521    8.12962         24 0.0000e+00
     90.000     89.050    -0.2670  27.992083    -0.2650  27.992315     8.4892     8.8115     7.1886    90.9689 1.0000e-12  -73.87806 -118.73328  50.614004      99.25 1.2663e+03    585.907      14063  1027.6257  1027.6241     4.3156     1.0650     0.1942    33.8550    33.8532    8.13135         25 0.0000e+00
     91.000     90.040    -0.2736  27.987671    -0.2733  27.986629     8.4836     8.7855     7.6947    89.8708 1.0000e-12  -73.87806 -118.73328  50.614016      99.65 1.2693e+03    587.001      14089  1027.6316  1027.6301     4.2635     1.1235     0.1596    33.8559    33.8541    8.13273         27 0.0000e+00
     92.000     91.029    -0.2740  27.987930    -0.2717  27.988136     8.4451     8.7561     7.4387    90.8392 1.0000e-12  -73.87806 -118.73328  50.614031      99.58 1.2717e+03    588.238      14119  1027.6363  1027.6344     4.3093     1.2523     0.1832    33.8561    33.8539    8.13280         30 0.0000e+00
     93.000     92.018    -0.2869  27.978029    -0.2860  27.978040     8.4101     8.7317     6.5048    89.8901 1.0000e-12  -73.87806 -118.73328  50.614045      99.56 1.2696e+03    589.523      14150  1027.6424  1027.6416     4.2642     1.4966     0.1597    33.8566    33.8557    8.13552         27 0.0000e+00
     94.000     93.008    -0.3034  27.966873    -0.3011  27.967237     8.3928     8.7189     6.9925    91.1378 1.0000e-12  -73.87806 -118.73328  50.614059      99.68 1.2670e+03    590.655      14177  1027.6506  1027.6488     4.3233     1.0472     0.1585    33.8595    33.8575    8.13889         25 0.0000e+00
     95.000     93.996    -0.3028  27.967945    -0.3007  27.968169     8.3844     8.7093     7.3558    89.9214 1.0000e-12  -73.87806 -118.73328  50.614070      99.61 1.2663e+03    591.636      14200  1027.6553  1027.6535     4.2658     1.1935     0.1565    33.8597    33.8577    8.13876         23 0.0000e+00
     96.000     94.986    -0.3032  27.966744    -0.3010  27.968897     8.3900     8.7096     5.8696    90.5332 1.0000e-12  -73.87806 -118.73328  50.614081      99.78 1.2667e+03    592.607      14224  1027.6585  1027.6587     4.2949     0.8406     0.1570    33.8579    33.8583    8.13894         24 0.0000e+00
     97.000     95.975    -0.3028  27.970123    -0.3011  27.970002     8.4020     8.7211     7.0232    90.4036 1.0000e-12  -73.87806 -118.73328  50.614094      99.65 1.2684e+03    593.681      14249  1027.6659  1027.6641     4.2888     1.1292     0.1693    33.8614    33.8593    8.13866         28 0.0000e+00
     98.000     96.964    -0.3027  27.970896    -0.3007  27.970964     8.4102     8.7201     5.3626    90.0945 1.0000e-12  -73.87806 -118.73328  50.614108      99.63 1.2693e+03    594.923      14279  1027.6707  1027.6689     4.2742     1.1391     0.1589    33.8616    33.8595    8.13861         31 0.0000e+00
     99.000     97.953    -0.3044  27.970473    -0.3021  27.970753     8.3931     8.6831     7.7423    89.9423 1.0000e-12  -73.87806 -118.73328  50.614123      99.77 1.2711e+03    596.190      14310  1027.6761  1027.6742     4.2669     0.8674     0.1612    33.8624    33.8602    8.13894         29 0.0000e+00
    100.000     98.942    -0.3079  27.968612    -0.3058  27.968904     8.3631     8.6498     7.6191    91.0574 1.0000e-12  -73.87806 -118.73330  50.614136      99.66 1.2684e+03    597.318      14337  1027.6817  1027.6800     4.3198     1.0720     0.1590    33.8631    33.8613    8.13964         26 0.0000e+00
    101.000     99.932    -0.3178  27.960660    -0.3183  27.959024     8.2972     8.5921     5.7961    91.7535 1.0000e-12  -73.87806 -118.73330  50.614147      99.65 1.2654e+03    598.330      14361  1027.6870  1027.6857     4.3528     1.1098     0.2061    33.8629    33.8613    8.14176         23 0.0000e+00
    102.000    100.921    -0.3543  27.928922    -0.3556  27.928033     8.2058     8.5256     5.4303    91.4617 1.0000e-12  -73.87806 -118.73330  50.614159      94.47 1.2667e+03    599.357      14386  1027.6925  1027.6929     4.3390     0.9253     0.1722    33.8607    33.8608    8.14974         26 0.0000e+00
    103.000    101.911    -0.4305  27.867595    -0.4302  27.867982     8.1303     8.4523     4.9958    90.8922 1.0000e-12  -73.87806 -118.73330  50.614172      99.76 1.2702e+03    600.486      14413  1027.7044  1027.7046     4.3117     0.9999     0.1589    33.8628    33.8630    8.16597         28 0.0000e+00
