ocean_section_plots/required_files/ctd/dnbp2202_ctd188.cnv
* Sea-Bird SBE 9 Data File:
* FileName = D:\Data\raw\NBP2202_CTD188.hex
* Software Version Seasave V 7.26.7.121
* Temperature SN = 1649
* Conductivity SN = 2513
* Number of Bytes Per Scan = 40
* Number of Voltage Words = 5
* Number of Scans Averaged by the Deck Unit = 1
* NMEA Latitude = 74 10.43 S
* NMEA Longitude = 113 21.34 W
* NMEA UTC (Time) = Feb 07 2022  08:27:30
* NMEA baud rate = 9600
** Ship: RVIB N.B. Palmer
** Cruise: NBP2202 Thwaites
** Station: 109
** Operator: B Bjork
# nquan = 28
# nvalues = 423                         
# units = specified
# name 0 = prDM: Pressure, Digiquartz [db]
# name 1 = depSM: Depth [salt water, m]
# name 2 = t090C: Temperature [ITS-90, deg C]
# name 3 = c0mS/cm: Conductivity [mS/cm]
# name 4 = t190C: Temperature, 2 [ITS-90, deg C]
# name 5 = c1mS/cm: Conductivity, 2 [mS/cm]
# name 6 = sbeox0ML/L: Oxygen, SBE 43 [ml/l]
# name 7 = sbeox1ML/L: Oxygen, SBE 43, 2 [ml/l]
# name 8 = flECO-AFL: Fluorescence, WET Labs ECO-AFL/FL [mg/m^3]
# name 9 = CStarTr0: Beam Transmission, WET Labs C-Star [%]
# name 10 = par: PAR/Irradiance, Biospherical/Licor
# name 11 = latitude: Latitude [deg]
# name 12 = longitude: Longitude [deg]
# name 13 = timeJ: Julian Days
# name 14 = altM: Altimeter [m]
# name 15 = spar: SPAR, Biospherical/Licor
# name 16 = timeS: Time, Elapsed [seconds]
# name 17 = scan: Scan Count
# name 18 = density00: Density [density, kg/m^3]
# name 19 = density11: Density, 2 [density, kg/m^3]
# name 20 = v3: Voltage 3
# name 21 = v4: Voltage 4
# name 22 = v5: Voltage 5
# name 23 = sal00: Salinity, Practical [PSU]
# name 24 = sal11: Salinity, Practical, 2 [PSU]
# name 25 = oxsolML/L: Oxygen Saturation, Garcia & Gordon [ml/l]
# name 26 = nbin: number of scans per bin
# name 27 = flag: flag
# span 0 =      2.000,    424.000       
# span 1 =      1.982,    419.182       
# span 2 =    -1.4884,    -0.1475       
# span 3 =  26.957409,  28.575436       
# span 4 =    -1.4873,    -0.1368       
# span 5 =  26.956764,  28.584175       
# span 6 =     4.7874,     8.8619       
# span 7 =     4.9020,     9.1420       
# span 8 =    -0.0225,    23.4963       
# span 9 =    76.2344,    98.4840       
# span 10 = 1.0000e-12, 7.4772e+00      
# span 11 =  -74.17392,  -74.17392      
# span 12 = -113.35576, -113.35566      
# span 13 =  38.355349,  38.361695      
# span 14 =       8.00,     100.01      
# span 15 = 2.4658e+01, 3.1747e+01      
# span 16 =    252.172,    800.454      
# span 17 =       6053,      19212      
# span 18 =  1027.1693,  1029.5609      
# span 19 =  1027.1677,  1029.5598      
# span 20 =     3.6168,     4.6720      
# span 21 =     0.0638,     3.4480      
# span 22 =     0.1239,     0.2523      
# span 23 =    33.7761,    34.2972      
# span 24 =    33.7740,    34.2968      
# span 25 =    8.08078,    8.40053      
# span 26 =         22,         64      
# span 27 = 0.0000e+00, 0.0000e+00      
# interval = decibars: 1                
# start_time = Feb 07 2022 08:27:30 [NMEA time, header]
# bad_flag = -9.990e-29
*END*
[from data line 52]
     54.000     53.434    -1.3548  27.046473    -1.3544  27.046339     6.4455     6.6967     9.9045    84.2493 1.0000e-12  -74.17392 -113.35568  38.356621      99.42 2.8586e+01    362.040       8690  1027.4711  1027.4706     3.9972     1.5454     0.1901    33.8169    33.8163    8.37185         37 0.0000e+00
     55.000     54.424    -1.3912  27.020043    -1.3926  27.019953     6.1220     6.4095    10.7173    85.3267 1.0000e-12  -74.17392 -113.35568  38.356639      99.45 2.9589e+01    363.585       8727  1027.4805  1027.4818     4.0477     1.6139     0.1605    33.8210    33.8225    8.37978         37 0.0000e+00
     56.000     55.413    -1.4454  26.981949    -1.4432  26.983137     5.9378     6.2214     9.5763    86.1451 1.0000e-12  -74.17392 -113.35568  38.356656      99.59 2.7879e+01    365.093       8763  1027.4943  1027.4935     4.0867     1.2263     0.1585    33.8294    33.8285    8.39150         32 0.0000e+00
     57.000     56.403    -1.4567  26.974318    -1.4523  26.977339     5.8180     6.0791     5.6759    88.2391 1.0000e-12  -74.17392 -113.35568  38.356674      99.69 2.8949e+01    366.621       8800  1027.5001  1027.4992     4.1861     1.0043     0.1585    33.8311    33.8302    8.39395         34 0.0000e+00
     58.000     57.392    -1.4735  26.962360    -1.4720  26.963268     5.8116     6.0222     5.6567    87.9469 1.0000e-12  -74.17392 -113.35568  38.356691      99.73 2.9992e+01    368.138       8836  1027.5065  1027.5061     4.1723     0.9377     0.1588    33.8330    33.8325    8.39762         36 0.0000e+00
     59.000     58.381    -1.4724  26.963956    -1.4714  26.964047     5.8158     5.9940     3.5822    90.2859 1.0000e-12  -74.17392 -113.35568  38.356709      99.82 2.8436e+01    369.619       8872  1027.5107  1027.5100     4.2832     0.6918     0.1459    33.8333    33.8323    8.39735         34 0.0000e+00
     60.000     59.371    -1.4763  26.961361    -1.4749  26.961942     5.8025     5.9721     3.1162    91.3342 1.0000e-12  -74.17392 -113.35568  38.356726      99.86 2.9087e+01    371.103       8907  1027.5154  1027.5147     4.3329     0.5705     0.1442    33.8336    33.8327    8.39822         36 0.0000e+00
     61.000     60.359    -1.4783  26.960462    -1.4778  26.960077     5.7992     5.9513     2.7436    91.4767 1.0000e-12  -74.17392 -113.35568  38.356743      99.82 2.9959e+01    372.566       8943  1027.5201  1027.5192     4.3396     0.6864     0.1427    33.8339    33.8328    8.39865         35 0.0000e+00
     62.000     61.347    -1.4802  26.959516    -1.4792  26.959588     5.7961     5.9417     1.5853    92.2706 1.0000e-12  -74.17392 -113.35568  38.356760      95.98 2.9062e+01    374.032       8978  1027.5247  1027.5239     4.3773     0.7019     0.1367    33.8341    33.8331    8.39906         29 0.0000e+00
     63.000     62.338    -1.4809  26.959615    -1.4797  26.959753     5.7716     5.9195     2.0089    91.8457 1.0000e-12  -74.17392 -113.35568  38.356777      99.93 2.8717e+01    375.516       9013  1027.5295  1027.5285     4.3572     0.6252     0.1388    33.8345    33.8333    8.39920         34 0.0000e+00
     64.000     63.328    -1.4830  26.958734    -1.4814  26.959199     5.7354     5.8832     2.5388    93.3113 1.0000e-12  -74.17392 -113.35568  38.356794      99.87 2.9012e+01    376.999       9049  1027.5345  1027.5336     4.4266     0.5384     0.1342    33.8350    33.8338    8.39964         35 0.0000e+00
     65.000     64.317    -1.4858  26.957409    -1.4856  26.956764     5.6938     5.8367     2.6101    95.0465 1.0000e-12  -74.17392 -113.35568  38.356811      99.91 2.9088e+01    378.484       9085  1027.5399  1027.5390     4.5089     0.3410     0.1297    33.8358    33.8346    8.40024         36 0.0000e+00
     66.000     65.307    -1.4878  26.958132    -1.4872  26.957814     5.6496     5.7933     2.6958    95.5082 1.0000e-12  -74.17392 -113.35568  38.356828      99.91 2.8825e+01    379.979       9120  1027.5468  1027.5458     4.5308     0.3305     0.1340    33.8384    33.8372    8.40053         34 0.0000e+00
     67.000     66.296    -1.4884  26.960590    -1.4873  26.960727     5.6333     5.7750     1.4983    95.5088 1.0000e-12  -74.17392 -113.35568  38.356846      99.92 2.9963e+01    381.492       9157  1027.5542  1027.5533     4.5309     0.2894     0.1328    33.8418    33.8407    8.40046         37 0.0000e+00
     68.000     67.284    -1.4876  26.962502    -1.4862  26.962618     5.6236     5.7675     0.8936    96.0461 1.0000e-12  -74.17392 -113.35568  38.356864      99.93 2.9315e+01    383.033       9194  1027.5597  1027.5585     4.5563     0.2276     0.1369    33.8429    33.8415    8.40021         35 0.0000e+00
     69.000     68.275    -1.4862  26.964600    -1.4850  26.964636     5.6229     5.7613     0.8949    96.7654 1.0000e-12  -74.17392 -113.35568  38.356881      99.93 2.9190e+01    384.559       9230  1027.5649  1027.5638     4.5902     0.2216     0.1379    33.8436    33.8423    8.39986         34 0.0000e+00
     70.000     69.263    -1.4851  26.966755    -1.4839  26.966720     5.6180     5.7530     1.0985    96.9755 1.0000e-12  -74.17392 -113.35568  38.356899      95.88 3.0158e+01    386.080       9267  1027.5704  1027.5692     4.6004     0.2391     0.1313    33.8446    33.8433    8.39953         37 0.0000e+00
     71.000     70.253    -1.4853  26.967487    -1.4844  26.967293     5.6092     5.7484     0.7073    97.1254 1.0000e-12  -74.17392 -113.35567  38.356917      98.75 2.9303e+01    387.589       9303  1027.5756  1027.5745     4.6075     0.2834     0.1308    33.8452    33.8440    8.39954         33 0.0000e+00
     72.000     71.243    -1.4863  26.967876    -1.4852  26.967797     5.6040     5.7373     0.6129    96.9589 1.0000e-12  -74.17392 -113.35567  38.356934      99.94 2.8639e+01    389.079       9339  1027.5813  1027.5801     4.5994     0.2399     0.1280    33.8464    33.8449    8.39972         36 0.0000e+00
     73.000     72.232    -1.4868  26.968359    -1.4857  26.968264     5.5961     5.7297     0.3900    96.5654 1.0000e-12  -74.17392 -113.35567  38.356951      99.94 3.0402e+01    390.556       9374  1027.5866  1027.5854     4.5811     0.1774     0.1296    33.8470    33.8455    8.39979         36 0.0000e+00
     74.000     73.221    -1.4858  26.969928    -1.4843  26.970043     5.5921     5.7279     0.3832    96.7774 1.0000e-12  -74.17392 -113.35567  38.356968      99.93 2.9805e+01    392.047       9410  1027.5916  1027.5903     4.5910     0.2321     0.1292    33.8473    33.8458    8.39953         33 0.0000e+00
     75.000     74.211    -1.4850  26.971618    -1.4837  26.971682     5.5817     5.7179     0.2294    96.7231 1.0000e-12  -74.17392 -113.35567  38.356985      99.93 2.8546e+01    393.524       9446  1027.5970  1027.5958     4.5884     0.2193     0.1290    33.8481    33.8467    8.39931         36 0.0000e+00
     76.000     75.199    -1.4827  26.974905    -1.4812  26.975121     5.5724     5.7101     0.3645    97.5875 1.0000e-12  -74.17392 -113.35567  38.357002      99.94 2.9917e+01    394.999       9481  1027.6027  1027.6015     4.6292     0.1521     0.1274    33.8494    33.8480    8.39871         35 0.0000e+00
     77.000     76.188    -1.4804  26.978020    -1.4787  26.978333     5.5629     5.6982     0.5132    96.9749 1.0000e-12  -74.17392 -113.35567  38.357020      99.94 3.0019e+01    396.513       9517  1027.6083  1027.6070     4.6006     0.1405     0.1286    33.8505    33.8490    8.39813         35 0.0000e+00
     78.000     77.179    -1.4755  26.983803    -1.4739  26.983926     5.5393     5.6733     0.1429    97.8180 1.0000e-12  -74.17392 -113.35567  38.357037      99.94 2.9275e+01    398.039       9554  1027.6143  1027.6128     4.6403     0.1346     0.1266    33.8523    33.8506    8.39692         36 0.0000e+00
     79.000     78.168    -1.4614  26.998852    -1.4592  26.999252     5.5122     5.6530     0.2793    97.8460 1.0000e-12  -74.17392 -113.35567  38.357055      99.95 2.9722e+01    399.561       9590  1027.6216  1027.6199     4.6416     0.0916     0.1270    33.8564    33.8545    8.39348         36 0.0000e+00
     80.000     79.156    -1.4511  27.009767    -1.4493  27.009687     5.4751     5.6194     0.3321    97.5544 1.0000e-12  -74.17392 -113.35567  38.357073      99.83 3.0425e+01    401.104       9627  1027.6282  1027.6263     4.6279     0.1080     0.1243    33.8592    33.8570    8.39101         34 0.0000e+00
     81.000     80.147    -1.4330  27.027765    -1.4312  27.027750     5.4504     5.5942     0.2312    97.8750 1.0000e-12  -74.17392 -113.35567  38.357091      99.95 3.0018e+01    402.625       9664  1027.6350  1027.6333     4.6431     0.0909     0.1273    33.8629    33.8608    8.38671         35 0.0000e+00
     82.000     81.135    -1.4245  27.036591    -1.4230  27.036427     5.4416     5.5837     0.2180    97.8222 1.0000e-12  -74.17392 -113.35566  38.357108      99.95 2.9876e+01    404.146       9700  1027.6410  1027.6394     4.6405     0.1126     0.1289    33.8648    33.8628    8.38468         37 0.0000e+00
     83.000     82.124    -1.4218  27.039689    -1.4202  27.039655     5.4267     5.5648     0.0616    97.9037 1.0000e-12  -74.17392 -113.35566  38.357126      99.95 3.0722e+01    405.662       9737  1027.6463  1027.6448     4.6444     0.1008     0.1281    33.8652    33.8635    8.38403         35 0.0000e+00
     84.000     83.114    -1.4118  27.049892    -1.4102  27.049770     5.4190     5.5543     0.0596    98.2734 1.0000e-12  -74.17392 -113.35566  38.357143      99.95 2.9773e+01    407.146       9773  1027.6524  1027.6507     4.6619     0.1092     0.1278    33.8673    33.8654    8.38165         36 0.0000e+00
     85.000     84.102    -1.4053  27.056967    -1.4039  27.056617     5.4147     5.5540     0.1669    98.2229 1.0000e-12  -74.17392 -113.35566  38.357160      99.95 2.9142e+01    408.632       9808  1027.6584  1027.6567     4.6595     0.1361     0.1284    33.8691    33.8670    8.38009         36 0.0000e+00
     86.000     85.093    -1.4029  27.059929    -1.4018  27.059475     5.4126     5.5494     0.1897    98.3463 1.0000e-12  -74.17392 -113.35566  38.357177      99.95 3.1232e+01    410.128       9844  1027.6639  1027.6623     4.6654     0.0887     0.1283    33.8699    33.8679    8.37951         35 0.0000e+00
     87.000     86.081    -1.3995  27.064300    -1.3970  27.064673     5.4130     5.5453     0.0410    98.3357 1.0000e-12  -74.17392 -113.35566  38.357194      99.94 3.0669e+01    411.597       9879  1027.6699  1027.6679     4.6649     0.0811     0.1259    33.8714    33.8691    8.37866         35 0.0000e+00
     88.000     87.070    -1.3874  27.076510    -1.3868  27.075763     5.4012     5.5392     0.0215    98.2898 1.0000e-12  -74.17392 -113.35566  38.357212      99.95 2.9643e+01    413.078       9915  1027.6762  1027.6748     4.6628     0.0874     0.1268    33.8739    33.8722    8.37579         32 0.0000e+00
     89.000     88.060    -1.3836  27.081793    -1.3841  27.079434     5.3877     5.5269    -0.0107    98.3157 1.0000e-12  -74.17392 -113.35566  38.357229      99.92 3.0930e+01    414.594       9951  1027.6828  1027.6806     4.6639     0.0755     0.1268    33.8762    33.8735    8.37479         37 0.0000e+00
     90.000     89.049    -1.3743  27.090534    -1.3736  27.089718     5.3832     5.5219    -0.0150    98.3118 1.0000e-12  -74.17392 -113.35566  38.357247      99.95 3.0266e+01    416.097       9987  1027.6880  1027.6863     4.6637     0.0715     0.1258    33.8771    33.8751    8.37266         36 0.0000e+00
     91.000     90.039    -1.3749  27.090526    -1.3749  27.089000     5.3802     5.5178     0.0025    98.1946 1.0000e-12  -74.17392 -113.35566  38.357264      99.95 3.0067e+01    417.603      10023  1027.6929  1027.6913     4.6582     0.0730     0.1272    33.8771    33.8750    8.37278         36 0.0000e+00
     92.000     91.027    -1.3681  27.097493    -1.3670  27.096603     5.3815     5.5115     0.0908    98.4231 1.0000e-12  -74.17392 -113.35566  38.357282      99.95 3.1265e+01    419.137      10060  1027.6985  1027.6965     4.6690     0.0734     0.1279    33.8783    33.8759    8.37118         37 0.0000e+00
     93.000     92.017    -1.3668  27.099504    -1.3654  27.099476     5.3902     5.5200     0.0244    98.4378 1.0000e-12  -74.17392 -113.35566  38.357299      99.95 2.9965e+01    420.651      10097  1027.7040  1027.7025     4.6697     0.0750     0.1274    33.8791    33.8774    8.37086         36 0.0000e+00
     94.000     93.005    -1.3683  27.099329    -1.3667  27.099247     5.3920     5.5177    -0.0004    98.4311 1.0000e-12  -74.17392 -113.35566  38.357316      99.95 2.9435e+01    422.081      10131  1027.7096  1027.7080     4.6694     0.0735     0.1275    33.8799    33.8779    8.37114         33 0.0000e+00
     95.000     93.996    -1.3683  27.099945    -1.3668  27.099790     5.3972     5.5198    -0.0004    98.3602 1.0000e-12  -74.17392 -113.35567  38.357332      99.95 3.0855e+01    423.484      10165  1027.7147  1027.7131     4.6661     0.0710     0.1281    33.8801    33.8782    8.37112         32 0.0000e+00
     96.000     94.984    -1.3690  27.099929    -1.3676  27.099706     5.3959     5.5267    -0.0055    98.4487 1.0000e-12  -74.17392 -113.35567  38.357348      99.95 3.1578e+01    424.876      10198  1027.7197  1027.7182     4.6702     0.0758     0.1282    33.8803    33.8784    8.37128         32 0.0000e+00
     97.000     95.974    -1.3706  27.098943    -1.3696  27.098624     5.3931     5.5251    -0.0056    98.4497 1.0000e-12  -74.17392 -113.35568  38.357364      96.56 2.9954e+01    426.214      10230  1027.7246  1027.7232     4.6703     0.0733     0.1263    33.8801    33.8785    8.37165         31 0.0000e+00
     98.000     96.963    -1.3711  27.098937    -1.3700  27.098604     5.3959     5.5361     0.0150    98.4144 1.0000e-12  -74.17392 -113.35567  38.357379      99.91 3.1488e+01    427.528      10262  1027.7294  1027.7280     4.6686     0.0740     0.1259    33.8800    33.8783    8.37177         31 0.0000e+00
     99.000     97.952    -1.3731  27.097761    -1.3718  27.097704     5.4002     5.5324     0.0136    98.4348 1.0000e-12  -74.17392 -113.35568  38.357394      99.94 3.0934e+01    428.837      10293  1027.7344  1027.7331     4.6696     0.0710     0.1255    33.8800    33.8785    8.37221         31 0.0000e+00
    100.000     98.941    -1.3765  27.095877    -1.3758  27.095205     5.4009     5.5305     0.0088    98.4398 1.0000e-12  -74.17392 -113.35568  38.357409      99.95 2.9632e+01    430.121      10324  1027.7399  1027.7384     4.6698     0.0708     0.1273    33.8806    33.8789    8.37293         31 0.0000e+00
    101.000     99.930    -1.3704  27.101887    -1.3689  27.101641     5.3864     5.5199    -0.0022    98.4439 1.0000e-12  -74.17392 -113.35568  38.357424      99.95 3.0417e+01    431.406      10355  1027.7449  1027.7432     4.6700     0.0725     0.1262    33.8814    33.8794    8.37153         31 0.0000e+00
    102.000    100.919    -1.3608  27.111150    -1.3596  27.110826     5.3862     5.5153    -0.0077    98.4840 1.0000e-12  -74.17392 -113.35568  38.357439      99.95 3.1084e+01    432.685      10385  1027.7501  1027.7487     4.6719     0.0711     0.1270    33.8826    33.8809    8.36929         30 0.0000e+00
    103.000    101.909    -1.3568  27.115483    -1.3554  27.115377     5.4016     5.5293    -0.0006    98.4737 1.0000e-12  -74.17392 -113.35568  38.357453      99.95 3.0731e+01    433.945      10416  1027.7554  1027.7540     4.6715     0.0749     0.1284    33.8834    33.8817    8.36834         30 0.0000e+00
    104.000    102.898    -1.3636  27.111097    -1.3626  27.110817     5.4229     5.5543    -0.0031    98.4344 1.0000e-12  -74.17392 -113.35568  38.357467      99.95 3.0909e+01    435.183      10445  1027.7616  1027.7603     4.6696     0.0705     0.1270    33.8845    33.8830    8.36982         30 0.0000e+00
