ocean_section_plots/required_files/ctd/dnbp2202_ctd158.cnv
* Sea-Bird SBE 9 Data File:
* FileName = D:\Data\raw\NBP2202_CTD158.hex
* Software Version Seasave V 7.26.7.121
* Temperature SN = 1649
* Conductivity SN = 2513
* Number of Bytes Per Scan = 40
* Number of Voltage Words = 5
* Number of Scans Averaged by the Deck Unit = 1
* NMEA Latitude = 74 13.78 S
* NMEA Longitude = 112 05.99 W
* NMEA UTC (Time) = Jan 31 2022  22:02:30
* NMEA baud rate = 9600
** Ship: RVIB N.B. Palmer
** Cruise: NBP2202 Thwaites
** Station: 80
** Operator: A. Robinson/K. Block
# nquan = 28
# nvalues = 504                         
# units = specified
# name 0 = prDM: Pressure, Digiquartz [db]
# name 1 = depSM: Depth [salt water, m]
# name 2 = t090C: Temperature [ITS-90, deg C]
# name 3 = c0mS/cm: Conductivity [mS/cm]
# name 4 = t190C: Temperature, 2 [ITS-90, deg C]
# name 5 = c1mS/cm: Conductivity, 2 [mS/cm]
# name 6 = sbeox0ML/L: Oxygen, SBE 43 [ml/l]
# name 7 = sbeox1ML/L: Oxygen, SBE 43, 2 [ml/l]
# name 8 = flECO-AFL: Fluorescence, WET Labs ECO-AFL/FL [mg/m^3]
# name 9 = CStarTr0: Beam Transmission, WET Labs C-Star [%]
# name 10 = par: PAR/Irradiance, Biospherical/Licor
# name 11 = latitude: Latitude [deg]
# name 12 = longitude: Longitude [deg]
# name 13 = timeJ: Julian Days
# name 14 = altM: Altimeter [m]
# name 15 = spar: SPAR, Biospherical/Licor
# name 16 = timeS: Time, Elapsed [seconds]
# name 17 = scan: Scan Count
# name 18 = density00: Density [density, kg/m^3]
# name 19 = density11: Density, 2 [density, kg/m^3]
# name 20 = v3: Voltage 3
# name 21 = v4: Voltage 4
# name 22 = v5: Voltage 5
# name 23 = sal00: Salinity, Practical [PSU]
# name 24 = sal11: Salinity, Practical, 2 [PSU]
# name 25 = oxsolML/L: Oxygen Saturation, Garcia & Gordon [ml/l]
# name 26 = nbin: number of scans per bin
# name 27 = flag: flag
# span 0 =      3.000,    506.000       
# span 1 =      2.979,    500.152       
# span 2 =    -1.4681,    -0.1123       
# span 3 =  27.000174,  28.668528       
# span 4 =    -1.4683,    -0.1098       
# span 5 =  27.000797,  28.668557       
# span 6 =     4.8720,     8.6588       
# span 7 =     4.9799,     8.5794       
# span 8 =     0.0012,    19.0350       
# span 9 =    70.6519,    93.6960       
# span 10 = 1.0000e-12, 7.4795e+02      
# span 11 =  -74.22984,  -74.22956      
# span 12 = -112.10006, -112.09977      
# span 13 =  31.921188,  31.928209      
# span 14 =      55.49,     100.03      
# span 15 = 1.9164e+03, 1.9480e+03      
# span 16 =    240.606,    847.290      
# span 17 =       5776,      20336      
# span 18 =  1027.1958,  1029.9740      
# span 19 =  1027.1971,  1029.9719      
# span 20 =     3.3524,     4.4449      
# span 21 =     0.0698,     2.5954      
# span 22 =     0.1167,     0.2394      
# span 23 =    33.7918,    34.3332      
# span 24 =    33.7973,    34.3305      
# span 25 =    8.07130,    8.38747      
# span 26 =         11,         60      
# span 27 = 0.0000e+00, 0.0000e+00      
# interval = decibars: 1                
# start_time = Jan 31 2022 22:02:30 [NMEA time, header]
# bad_flag = -9.990e-29
*END*
[from data line 363]
    366.000    361.891    -1.2410  27.516142    -1.2399  27.515852     6.1018     6.2378     0.0452    93.5980 1.0000e-12  -74.22982 -112.10005  31.926352      99.84 1.9293e+03    686.839      16485  1029.2165  1029.2151     4.4403     0.0758     0.1173    34.1387    34.1370    8.32733         31 0.0000e+00
    367.000    362.878    -1.2408  27.517423    -1.2399  27.517044     6.1001     6.2431     0.0438    93.5738 1.0000e-12  -74.22982 -112.10006  31.926367      99.84 1.9301e+03    688.099      16515  1029.2220  1029.2207     4.4391     0.0780     0.1171    34.1396    34.1380    8.32723         29 0.0000e+00
    368.000    363.866    -1.2366  27.523221    -1.2353  27.523270     6.0984     6.2409     0.0343    93.6110 1.0000e-12  -74.22982 -112.10006  31.926380      99.83 1.9300e+03    689.262      16543  1029.2286  1029.2273     4.4409     0.0783     0.1168    34.1421    34.1407    8.32615         27 0.0000e+00
    369.000    364.854    -1.2427  27.519200    -1.2423  27.518896     6.0995     6.2436     0.0215    93.6273 1.0000e-12  -74.22982 -112.10006  31.926392      99.84 1.9276e+03    690.280      16568  1029.2345  1029.2337     4.4416     0.0769     0.1177    34.1429    34.1420    8.32746         22 0.0000e+00
    370.000    365.843    -1.2462  27.517319    -1.2453  27.516949     6.0979     6.2423     0.0216    93.6341 1.0000e-12  -74.22982 -112.10006  31.926403      99.85 1.9259e+03    691.188      16590  1029.2401  1029.2388     4.4419     0.0781     0.1212    34.1437    34.1422    8.32819         23 0.0000e+00
    371.000    366.831    -1.2463  27.517674    -1.2451  27.517626     6.0972     6.2383     0.0239    93.6198 1.0000e-12  -74.22982 -112.10006  31.926416      99.84 1.9261e+03    692.319      16617  1029.2449  1029.2437     4.4413     0.0770     0.1196    34.1437    34.1423    8.32822         31 0.0000e+00
    372.000    367.818    -1.2435  27.521944    -1.2422  27.521846     6.0878     6.2324     0.0323    93.6121 1.0000e-12  -74.22982 -112.10006  31.926431      99.83 1.9265e+03    693.635      16648  1029.2511  1029.2498     4.4409     0.0751     0.1185    34.1458    34.1442    8.32748         31 0.0000e+00
    373.000    368.806    -1.2415  27.524752    -1.2404  27.524384     6.0922     6.2374     0.0366    93.6257 1.0000e-12  -74.22982 -112.10006  31.926445      97.44 1.9266e+03    694.831      16677  1029.2565  1029.2550     4.4416     0.0780     0.1212    34.1467    34.1450    8.32697         26 0.0000e+00
    374.000    369.794    -1.2411  27.525603    -1.2401  27.525440     6.0960     6.2366     0.0541    93.6392 1.0000e-12  -74.22982 -112.10006  31.926457      89.37 1.9278e+03    695.886      16702  1029.2613  1029.2602     4.4422     0.0752     0.1191    34.1468    34.1455    8.32688         26 0.0000e+00
    375.000    370.782    -1.2413  27.526122    -1.2404  27.525786     6.0926     6.2354     0.0464    93.6232 1.0000e-12  -74.22982 -112.10006  31.926470      99.39 1.9263e+03    696.983      16729  1029.2664  1029.2651     4.4414     0.0752     0.1186    34.1472    34.1457    8.32690         27 0.0000e+00
    376.000    371.770    -1.2412  27.526696    -1.2403  27.526446     6.0825     6.2241     0.0256    93.6061 1.0000e-12  -74.22982 -112.10006  31.926484      99.84 1.9239e+03    698.197      16758  1029.2712  1029.2701     4.4406     0.0756     0.1202    34.1472    34.1459    8.32688         30 0.0000e+00
    377.000    372.757    -1.2410  27.527691    -1.2400  27.527481     6.0791     6.2342     0.0396    93.6398 1.0000e-12  -74.22982 -112.10006  31.926498      99.85 1.9256e+03    699.388      16786  1029.2764  1029.2752     4.4422     0.0745     0.1180    34.1478    34.1463    8.32681         28 0.0000e+00
    378.000    373.746    -1.2368  27.532826    -1.2354  27.532807     6.0715     6.2277     0.2554    93.6307 1.0000e-12  -74.22982 -112.10006  31.926511      99.84 1.9266e+03    700.530      16814  1029.2822  1029.2808     4.4418     0.0742     0.1178    34.1494    34.1477    8.32577         27 0.0000e+00
    379.000    374.733    -1.2272  27.542358    -1.2272  27.540918     6.0600     6.2105     0.1044    93.6126 1.0000e-12  -74.22982 -112.10006  31.926524      99.84 1.9248e+03    701.656      16841  1029.2875  1029.2860     4.4409     0.0765     0.1208    34.1509    34.1490    8.32355         27 0.0000e+00
    380.000    375.721    -1.1977  27.570524    -1.1954  27.570061     6.0474     6.2028     0.0232    93.6632 1.0000e-12  -74.22982 -112.10006  31.926537      99.84 1.9267e+03    702.796      16868  1029.2937  1029.2909     4.4433     0.1003     0.1199    34.1553    34.1520    8.31673         27 0.0000e+00
    381.000    376.708    -1.1747  27.590744    -1.1732  27.590696     6.0442     6.1907     0.0275    93.6328 1.0000e-12  -74.22982 -112.10006  31.926550      99.84 1.9262e+03    703.895      16894  1029.2977  1029.2962     4.4419     0.0750     0.1191    34.1562    34.1544    8.31157         25 0.0000e+00
    382.000    377.697    -1.1583  27.606408    -1.1564  27.606446     6.0405     6.1859     0.0238    93.6587 1.0000e-12  -74.22982 -112.10006  31.926560      99.84 1.9252e+03    704.819      16917  1029.3032  1029.3013     4.4431     0.0757     0.1216    34.1583    34.1562    8.30780         20 0.0000e+00
    383.000    378.686    -1.1552  27.609417    -1.1538  27.609323     6.0288     6.1722     0.0182    93.5817 1.0000e-12  -74.22982 -112.10006  31.926571      99.84 1.9249e+03    705.740      16939  1029.3079  1029.3064     4.4394     0.0739     0.1198    34.1582    34.1565    8.30711         25 0.0000e+00
    384.000    379.672    -1.1523  27.612770    -1.1512  27.612415     6.0199     6.1683     0.0144    93.6397 1.0000e-12  -74.22982 -112.10006  31.926584      99.85 1.9260e+03    706.832      16965  1029.3133  1029.3118     4.4422     0.0754     0.1207    34.1590    34.1572    8.30643         28 0.0000e+00
    385.000    380.660    -1.1511  27.615197    -1.1500  27.614840     6.0101     6.1694     0.0104    93.6531 1.0000e-12  -74.22982 -112.10006  31.926597      79.24 1.9278e+03    707.969      16992  1029.3192  1029.3178     4.4428     0.0699     0.1203    34.1603    34.1586    8.30608         26 0.0000e+00
    386.000    381.648    -1.1571  27.611206    -1.1561  27.610970     6.0036     6.1572     0.0104    93.6847 1.0000e-12  -74.22982 -112.10006  31.926609      94.85 1.9301e+03    709.001      17017  1029.3253  1029.3240     4.4443     0.0713     0.1212    34.1611    34.1596    8.30738         23 0.0000e+00
    387.000    382.634    -1.1552  27.614172    -1.1542  27.613614     5.9931     6.1433     0.0143    93.6740 1.0000e-12  -74.22982 -112.10006  31.926619      99.81 1.9300e+03    709.892      17038  1029.3310  1029.3294     4.4438     0.0723     0.1221    34.1623    34.1604    8.30688         20 0.0000e+00
    388.000    383.625    -1.1399  27.630192    -1.1401  27.627671     5.9762     6.1291     0.0143    93.6638 1.0000e-12  -74.22982 -112.10006  31.926629      99.85 1.9291e+03    710.723      17058  1029.3378  1029.3353     4.4433     0.0734     0.1200    34.1662    34.1630    8.30325         20 0.0000e+00
    389.000    384.612    -1.1174  27.650344    -1.1165  27.649753     5.9563     6.1058     0.0012    93.5836 1.0000e-12  -74.22982 -112.10006  31.926639      99.84 1.9261e+03    711.635      17080  1029.3422  1029.3407     4.4395     0.0733     0.1206    34.1676    34.1657    8.29820         25 0.0000e+00
    390.000    385.599    -1.1074  27.660725    -1.1052  27.660962     5.9377     6.0893     0.0189    93.6551 1.0000e-12  -74.22982 -112.10006  31.926652      99.84 1.9271e+03    712.764      17107  1029.3482  1029.3463     4.4429     0.0745     0.1193    34.1697    34.1675    8.29585         28 0.0000e+00
    391.000    386.586    -1.0866  27.681640    -1.0854  27.680984     5.9155     6.0683     0.0284    93.6861 1.0000e-12  -74.22982 -112.10006  31.926666      99.84 1.9277e+03    713.924      17135  1029.3552  1029.3533     4.4444     0.0732     0.1178    34.1740    34.1718    8.29100         27 0.0000e+00
    392.000    387.576    -1.0782  27.690453    -1.0776  27.689441     5.9028     6.0474     0.0080    93.6857 1.0000e-12  -74.22982 -112.10006  31.926678      99.84 1.9291e+03    714.948      17160  1029.3611  1029.3594     4.4443     0.0748     0.1175    34.1759    34.1738    8.28904         22 0.0000e+00
    393.000    388.561    -1.0709  27.698245    -1.0681  27.699176     5.8872     6.0318     0.0295    93.6960 1.0000e-12  -74.22982 -112.10006  31.926688      99.84 1.9304e+03    715.822      17181  1029.3669  1029.3652     4.4449     0.0742     0.1187    34.1776    34.1758    8.28731         20 0.0000e+00
    394.000    389.551    -1.0565  27.713280    -1.0546  27.712959     5.8751     6.0213     0.0311    93.6857 1.0000e-12  -74.22982 -112.10006  31.926697      99.84 1.9291e+03    716.637      17200  1029.3737  1029.3714     4.4444     0.0736     0.1205    34.1812    34.1785    8.28394         20 0.0000e+00
    395.000    390.537    -1.0506  27.718983    -1.0500  27.717919     5.8742     6.0136     0.0240    93.6759 1.0000e-12  -74.22982 -112.10006  31.926707      99.85 1.9274e+03    717.519      17221  1029.3786  1029.3769     4.4439     0.0733     0.1190    34.1816    34.1795    8.28260         23 0.0000e+00
    396.000    391.526    -1.0479  27.722101    -1.0441  27.724015     5.8641     6.0077     0.0256    93.6707 1.0000e-12  -74.22982 -112.10006  31.926720      99.84 1.9296e+03    718.577      17247  1029.3839  1029.3822     4.4437     0.0725     0.1198    34.1822    34.1804    8.28198         27 0.0000e+00
    397.000    392.512    -1.0408  27.729151    -1.0398  27.728589     5.8615     6.0009     0.0163    93.6896 1.0000e-12  -74.22982 -112.10006  31.926733      99.83 1.9301e+03    719.701      17274  1029.3891  1029.3875     4.4445     0.0741     0.1197    34.1831    34.1812    8.28035         27 0.0000e+00
    398.000    393.503    -1.0390  27.731209    -1.0383  27.730341     5.8588     6.0007     0.0202    93.6770 1.0000e-12  -74.22982 -112.10006  31.926745      98.86 1.9312e+03    720.810      17300  1029.3941  1029.3925     4.4439     0.0742     0.1198    34.1833    34.1813    8.27995         26 0.0000e+00
    399.000    394.488    -1.0382  27.732345    -1.0367  27.732329     5.8572     5.9995     0.0134    93.6686 1.0000e-12  -74.22982 -112.10006  31.926758      93.19 1.9302e+03    721.853      17325  1029.3991  1029.3976     4.4436     0.0729     0.1183    34.1833    34.1816    8.27977         24 0.0000e+00
    400.000    395.476    -1.0355  27.735694    -1.0347  27.734987     5.8547     6.0026     0.0068    93.6685 1.0000e-12  -74.22982 -112.10006  31.926769      97.55 1.9304e+03    722.806      17348  1029.4045  1029.4030     4.4436     0.0750     0.1213    34.1842    34.1823    8.27913         21 0.0000e+00
    401.000    396.464    -1.0332  27.738360    -1.0322  27.737660     5.8593     5.9994     0.0139    93.6714 1.0000e-12  -74.22982 -112.10006  31.926778      99.84 1.9306e+03    723.645      17368  1029.4095  1029.4078     4.4437     0.0734     0.1209    34.1846    34.1825    8.27859         20 0.0000e+00
    402.000    397.452    -1.0316  27.740104    -1.0307  27.739651     5.8539     5.9915     0.0143    93.6558 1.0000e-12  -74.22982 -112.10006  31.926789      99.84 1.9317e+03    724.561      17390  1029.4143  1029.4129     4.4430     0.0759     0.1205    34.1846    34.1829    8.27825         24 0.0000e+00
    403.000    398.440    -1.0312  27.740994    -1.0300  27.740727     5.8498     5.9959     0.0148    93.6668 1.0000e-12  -74.22982 -112.10006  31.926802      99.84 1.9318e+03    725.659      17417  1029.4193  1029.4178     4.4435     0.0771     0.1201    34.1847    34.1829    8.27815         28 0.0000e+00
    404.000    399.428    -1.0286  27.744045    -1.0271  27.743940     5.8435     5.9875     0.0093    93.6676 1.0000e-12  -74.22982 -112.10005  31.926815      99.84 1.9323e+03    726.816      17445  1029.4245  1029.4229     4.4435     0.0742     0.1273    34.1853    34.1834    8.27754         28 0.0000e+00
    405.000    400.415    -1.0254  27.747862    -1.0244  27.747203     5.8394     5.9761     0.0129    93.6759 1.0000e-12  -74.22982 -112.10004  31.926828      99.84 1.9322e+03    727.931      17471  1029.4298  1029.4281     4.4439     0.0735     0.1203    34.1862    34.1842    8.27677         26 0.0000e+00
    406.000    401.403    -1.0190  27.754943    -1.0179  27.754198     5.8262     5.9669     0.0090    93.6729 1.0000e-12  -74.22982 -112.10004  31.926840      99.84 1.9307e+03    728.989      17497  1029.4356  1029.4338     4.4437     0.0731     0.1204    34.1880    34.1857    8.27526         24 0.0000e+00
    407.000    402.390    -1.0133  27.760913    -1.0123  27.760330     5.8187     5.9583     0.0153    93.6134 1.0000e-12  -74.22982 -112.10004  31.926851      99.84 1.9302e+03    729.914      17519  1029.4410  1029.4394     4.4410     0.0753     0.1194    34.1891    34.1871    8.27395         21 0.0000e+00
    408.000    403.378    -1.0069  27.768162    -1.0055  27.767711     5.8222     5.9521     0.0173    93.6696 1.0000e-12  -74.22982 -112.10004  31.926861      99.84 1.9305e+03    730.817      17541  1029.4470  1029.4451     4.4436     0.0745     0.1204    34.1911    34.1889    8.27242         22 0.0000e+00
    409.000    404.367    -1.0032  27.772190    -1.0021  27.771710     5.8156     5.9569     0.0107    93.6467 1.0000e-12  -74.22982 -112.10004  31.926873      99.84 1.9345e+03    731.794      17564  1029.4520  1029.4505     4.4425     0.0732     0.1270    34.1917    34.1898    8.27156         24 0.0000e+00
    410.000    405.354    -1.0031  27.772821    -1.0018  27.772608     5.8104     5.9551     0.0224    93.6488 1.0000e-12  -74.22982 -112.10004  31.926884      99.84 1.9340e+03    732.761      17587  1029.4570  1029.4555     4.4426     0.0735     0.1193    34.1918    34.1900    8.27153         23 0.0000e+00
    411.000    406.341    -1.0031  27.773353    -1.0017  27.773111     5.8009     5.9456     0.0198    93.6653 1.0000e-12  -74.22982 -112.10004  31.926896      85.57 1.9303e+03    733.788      17612  1029.4620  1029.4604     4.4434     0.0724     0.1197    34.1919    34.1901    8.27152         28 0.0000e+00
    412.000    407.329    -1.0006  27.776324    -0.9995  27.775757     5.7922     5.9420     0.0089    93.6509 1.0000e-12  -74.22982 -112.10004  31.926909      94.75 1.9303e+03    734.962      17640  1029.4672  1029.4655     4.4427     0.0962     0.1200    34.1926    34.1905    8.27095         26 0.0000e+00
    413.000    408.317    -0.9975  27.779878    -0.9962  27.779730     5.7937     5.9327     0.0150    93.6699 1.0000e-12  -74.22982 -112.10004  31.926921      99.90 1.9318e+03    735.991      17665  1029.4724  1029.4709     4.4436     0.0743     0.1185    34.1933    34.1916    8.27022         24 0.0000e+00
    414.000    409.303    -0.9932  27.784686    -0.9920  27.784275     5.7831     5.9225     0.0223    93.6432 1.0000e-12  -74.22982 -112.10004  31.926932      99.83 1.9347e+03    736.893      17686  1029.4777  1029.4761     4.4424     0.0758     0.1229    34.1944    34.1924    8.26922         20 0.0000e+00
    415.000    410.291    -0.9880  27.790021    -0.9866  27.789693     5.7775     5.9129     0.0117    93.6662 1.0000e-12  -74.22982 -112.10004  31.926941      99.84 1.9338e+03    737.695      17706  1029.4827  1029.4810     4.4434     0.0735     0.1193    34.1951    34.1930    8.26802         19 0.0000e+00
    416.000    411.281    -0.9845  27.793853    -0.9834  27.793336     5.7713     5.9089     0.0104    93.6491 1.0000e-12  -74.22982 -112.10004  31.926951      99.85 1.9343e+03    738.528      17726  1029.4878  1029.4861     4.4426     0.0720     0.1196    34.1957    34.1937    8.26721         21 0.0000e+00
