ocean_section_plots/required_files/ctd/dnbp2202_ctd119.cnv
* Sea-Bird SBE 9 Data File:
* FileName = D:\Data\raw\NBP2202_CTD119.hex
* Software Version Seasave V 7.26.7.121
* Temperature SN = 1649
* Conductivity SN = 2513
* Number of Bytes Per Scan = 40
* Number of Voltage Words = 5
* Number of Scans Averaged by the Deck Unit = 1
* NMEA Latitude = 74 10.52 S
* NMEA Longitude = 113 20.65 W
* NMEA UTC (Time) = Jan 27 2022  10:17:54
* NMEA baud rate = 9600
** Ship: RVIB N.B. Palmer
** Cruise: NBP2202 Thwaites
** Station: YoYo001
** Operator: B. Bjork
# nquan = 25
# nvalues = 608                         
# units = specified
# name 0 = prDM: Pressure, Digiquartz [db]
# name 1 = depSM: Depth [salt water, m]
# name 2 = t090C: Temperature [ITS-90, deg C]
# name 3 = c0mS/cm: Conductivity [mS/cm]
# name 4 = t190C: Temperature, 2 [ITS-90, deg C]
# name 5 = c1mS/cm: Conductivity, 2 [mS/cm]
# name 6 = sbeox0ML/L: Oxygen, SBE 43 [ml/l]
# name 7 = sbeox1ML/L: Oxygen, SBE 43, 2 [ml/l]
# name 8 = flECO-AFL: Fluorescence, WET Labs ECO-AFL/FL [mg/m^3]
# name 9 = CStarTr0: Beam Transmission, WET Labs C-Star [%]
# name 10 = par: PAR/Irradiance, Biospherical/Licor
# name 11 = latitude: Latitude [deg]
# name 12 = longitude: Longitude [deg]
# name 13 = timeJ: Julian Days
# name 14 = altM: Altimeter [m]
# name 15 = spar: SPAR, Biospherical/Licor
# name 16 = timeS: Time, Elapsed [seconds]
# name 17 = scan: Scan Count
# name 18 = density00: Density [density, kg/m^3]
# name 19 = density11: Density, 2 [density, kg/m^3]
# name 20 = sal00: Salinity, Practical [PSU]
# name 21 = sal11: Salinity, Practical, 2 [PSU]
# name 22 = oxsolML/L: Oxygen Saturation, Garcia & Gordon [ml/l]
# name 23 = nbin: number of scans per bin
# name 24 = flag: flag
# span 0 =     10.000,    617.000       
# span 1 =      9.896,    609.704       
# span 2 =    -1.3865,     0.0999       
# span 3 =  27.052582,  28.935459       
# span 4 =    -1.3850,     0.1017       
# span 5 =  27.051836,  28.934934       
# span 6 =     4.6810,     8.7679       
# span 7 =     4.7318,     8.6992       
# span 8 =    -0.0228,    24.8557       
# span 9 =    69.5520,    95.6108       
# span 10 = 1.0000e-12, 3.7285e+00      
# span 11 =  -74.17538,  -74.17536      
# span 12 = -113.34424, -113.34422      
# span 13 =  27.429536,  27.436998      
# span 14 =       6.91,     100.02      
# span 15 = 2.3269e+02, 2.6620e+02      
# span 16 =     37.954,    682.648      
# span 17 =        912,      16385      
# span 18 =  1027.2193,  1030.5237      
# span 19 =  1027.2177,  1030.5213      
# span 20 =    33.7833,    34.3833      
# span 21 =    33.7812,    34.3807      
# span 22 =    8.02388,    8.37536      
# span 23 =         17,         46      
# span 24 = 0.0000e+00, 0.0000e+00      
# interval = decibars: 1                
# start_time = Jan 27 2022 10:17:54 [NMEA time, header]
# bad_flag = -9.990e-29
*END*
[from data line 58]
     68.000     67.285    -1.2786  27.121347    -1.2632  27.133472     6.1221     6.4713    15.1755    74.5740 1.0000e-12  -74.17536 -113.34424  27.430238      99.54 2.5562e+02     98.592       2367  1027.5407  1027.5392    33.8248    33.8240    8.35432         25 0.0000e+00
     69.000     68.274    -1.3532  27.069639    -1.3483  27.073106     5.9812     6.2915    12.7268    76.8434 1.0000e-12  -74.17536 -113.34424  27.430251      99.54 2.5562e+02     99.648       2393  1027.5599  1027.5591    33.8375    33.8368    8.37026         26 0.0000e+00
     70.000     69.264    -1.3738  27.054384    -1.3688  27.057490     6.0055     6.2444    10.1085    77.4848 1.0000e-12  -74.17536 -113.34424  27.430263      99.42 2.5562e+02    100.693       2418  1027.5668  1027.5654    33.8393    33.8379    8.37479         25 0.0000e+00
     71.000     70.254    -1.3763  27.052582    -1.3751  27.051836     6.0576     6.2409     7.4343    80.8650 1.0000e-12  -74.17536 -113.34424  27.430275      99.61 2.5562e+02    101.738       2443  1027.5708  1027.5689    33.8390    33.8366    8.37536         25 0.0000e+00
     72.000     71.243    -1.3717  27.055476    -1.3723  27.054579     6.0772     6.2084     6.6705    81.5741 1.0000e-12  -74.17536 -113.34424  27.430287      99.59 2.5562e+02    102.793       2468  1027.5733  1027.5729    33.8371    33.8366    8.37445         25 0.0000e+00
     73.000     72.230    -1.3728  27.056165    -1.3703  27.056311     5.8952     6.0582     6.2918    83.5859 1.0000e-12  -74.17536 -113.34424  27.430299      99.58 2.5581e+02    103.841       2493  1027.5789  1027.5767    33.8387    33.8361    8.37460         25 0.0000e+00
     74.000     73.221    -1.3719  27.058215    -1.3742  27.057112     5.6226     5.8106     5.9537    84.2984 1.0000e-12  -74.17536 -113.34424  27.430311      99.61 2.5739e+02    104.879       2518  1027.5842  1027.5854    33.8399    33.8410    8.37433         25 0.0000e+00
     75.000     74.209    -1.3761  27.067001    -1.3723  27.067486     5.4129     5.6050     5.9169    84.2207 1.0000e-12  -74.17536 -113.34424  27.430323      93.46 2.5738e+02    105.926       2543  1027.6021  1027.5989    33.8561    33.8524    8.37430         25 0.0000e+00
     76.000     75.201    -1.3508  27.098590    -1.3496  27.097981     5.3032     5.4797     4.4779    85.7182 1.0000e-12  -74.17536 -113.34424  27.430335      99.77 2.5738e+02    106.972       2568  1027.6166  1027.6148    33.8703    33.8681    8.36779         25 0.0000e+00
     77.000     76.188    -1.3335  27.119347    -1.3311  27.119718     5.2654     5.4146     2.4095    86.1100 1.0000e-12  -74.17536 -113.34424  27.430347      99.68 2.5738e+02    108.015       2593  1027.6269  1027.6250    33.8787    33.8764    8.36341         25 0.0000e+00
     78.000     77.178    -1.3134  27.144593    -1.3121  27.144241     5.2707     5.3979     1.4909    87.1460 1.0000e-12  -74.17536 -113.34424  27.430359      99.77 2.5738e+02    109.061       2618  1027.6395  1027.6379    33.8899    33.8880    8.35823         26 0.0000e+00
     79.000     78.167    -1.3128  27.146129    -1.3116  27.145900     5.3015     5.4008     1.1439    89.6784 1.0000e-12  -74.17536 -113.34424  27.430372      99.82 2.5738e+02    110.115       2644  1027.6450  1027.6436    33.8907    33.8891    8.35805         25 0.0000e+00
     80.000     79.157    -1.3140  27.145661    -1.3120  27.146018     5.3174     5.4094     0.6164    90.2077 1.0000e-12  -74.17536 -113.34424  27.430384      99.83 2.5738e+02    111.156       2669  1027.6499  1027.6484    33.8908    33.8890    8.35832         25 0.0000e+00
     81.000     80.146    -1.3151  27.145281    -1.3147  27.144547     5.3400     5.4209     0.2220    90.9729 1.0000e-12  -74.17536 -113.34424  27.430396      99.83 2.5738e+02    112.200       2694  1027.6548  1027.6536    33.8909    33.8894    8.35855         25 0.0000e+00
     82.000     81.135    -1.3188  27.142936    -1.3187  27.141828     5.3585     5.4260     0.1766    92.1417 1.0000e-12  -74.17536 -113.34424  27.430408      99.85 2.5738e+02    113.242       2719  1027.6601  1027.6588    33.8912    33.8896    8.35936         25 0.0000e+00
     83.000     82.124    -1.3225  27.140786    -1.3216  27.140385     5.3703     5.4340     0.3228    93.0029 1.0000e-12  -74.17536 -113.34424  27.430420      99.85 2.5738e+02    114.266       2743  1027.6657  1027.6644    33.8918    33.8903    8.36015         24 0.0000e+00
     84.000     83.115    -1.3260  27.138724    -1.3254  27.138168     5.3830     5.4355     0.4143    93.6655 1.0000e-12  -74.17536 -113.34424  27.430432      99.85 2.5738e+02    115.292       2768  1027.6710  1027.6698    33.8924    33.8909    8.36091         25 0.0000e+00
     85.000     84.102    -1.3291  27.136992    -1.3276  27.136875     5.3847     5.4379     0.2278    93.8549 1.0000e-12  -74.17536 -113.34424  27.430444      99.83 2.5738e+02    116.334       2793  1027.6764  1027.6749    33.8929    33.8911    8.36158         25 0.0000e+00
     86.000     85.093    -1.3305  27.136184    -1.3297  27.135705     5.3871     5.4408     0.2380    94.3217 1.0000e-12  -74.17536 -113.34424  27.430456      99.86 2.5738e+02    117.362       2818  1027.6811  1027.6799    33.8927    33.8912    8.36190         25 0.0000e+00
     87.000     86.082    -1.3318  27.135517    -1.3319  27.134428     5.3891     5.4407     0.0824    94.3235 1.0000e-12  -74.17536 -113.34424  27.430467      99.85 2.5738e+02    118.391       2842  1027.6859  1027.6848    33.8927    33.8912    8.36219         25 0.0000e+00
     88.000     87.070    -1.3341  27.134186    -1.3316  27.134951     5.3935     5.4411     0.1533    94.2176 1.0000e-12  -74.17536 -113.34424  27.430480      99.36 2.5738e+02    119.431       2867  1027.6909  1027.6894    33.8928    33.8910    8.36270         24 0.0000e+00
     89.000     88.060    -1.3367  27.132648    -1.3346  27.133045     5.3890     5.4422     0.0013    95.0240 1.0000e-12  -74.17536 -113.34424  27.430491      99.86 2.5738e+02    120.451       2892  1027.6961  1027.6945    33.8931    33.8912    8.36328         25 0.0000e+00
     90.000     89.049    -1.3358  27.133790    -1.3337  27.134118     5.3914     5.4417    -0.0073    95.0808 1.0000e-12  -74.17536 -113.34422  27.430503      99.86 2.5752e+02    121.462       2916  1027.7007  1027.6990    33.8930    33.8910    8.36308         24 0.0000e+00
     91.000     90.037    -1.3359  27.133916    -1.3349  27.133656     5.3856     5.4400    -0.0011    95.2584 1.0000e-12  -74.17536 -113.34424  27.430515      99.87 2.5780e+02    122.487       2941  1027.7052  1027.7040    33.8926    33.8911    8.36311         25 0.0000e+00
     92.000     91.030    -1.3376  27.133241    -1.3366  27.132781     5.3937     5.4451     0.0083    95.1849 1.0000e-12  -74.17536 -113.34424  27.430527      99.85 2.5768e+02    123.504       2965  1027.7104  1027.7089    33.8930    33.8912    8.36348         24 0.0000e+00
     93.000     92.016    -1.3400  27.131925    -1.3385  27.131978     5.4022     5.4540    -0.0088    95.1911 1.0000e-12  -74.17536 -113.34424  27.430538      99.86 2.5797e+02    124.516       2989  1027.7155  1027.7141    33.8932    33.8916    8.36399         24 0.0000e+00
     94.000     93.006    -1.3430  27.130088    -1.3422  27.129782     5.4094     5.4552    -0.0100    95.3840 1.0000e-12  -74.17536 -113.34424  27.430550      99.87 2.5787e+02    125.540       3014  1027.7207  1027.7195    33.8935    33.8921    8.36466         25 0.0000e+00
     95.000     93.996    -1.3464  27.128101    -1.3453  27.127934     5.4099     5.4554     0.0109    95.3520 1.0000e-12  -74.17536 -113.34424  27.430562      99.86 2.5841e+02    126.563       3039  1027.7260  1027.7248    33.8940    33.8925    8.36538         24 0.0000e+00
     96.000     94.983    -1.3493  27.126394    -1.3480  27.126192     5.4136     5.4626     0.0808    95.4590 1.0000e-12  -74.17536 -113.34424  27.430574      99.86 2.5886e+02    127.579       3063  1027.7312  1027.7297    33.8944    33.8925    8.36602         25 0.0000e+00
     97.000     95.974    -1.3490  27.126970    -1.3486  27.126057     5.4195     5.4742     0.0623    95.3429 1.0000e-12  -74.17536 -113.34424  27.430586      99.87 2.5907e+02    128.609       3088  1027.7357  1027.7344    33.8941    33.8924    8.36596         25 0.0000e+00
     98.000     96.963    -1.3551  27.123228    -1.3539  27.123001     5.4267     5.4817     0.0755    95.4711 1.0000e-12  -74.17536 -113.34424  27.430598      99.86 2.5914e+02    129.638       3112  1027.7419  1027.7405    33.8953    33.8937    8.36727         24 0.0000e+00
     99.000     97.953    -1.3580  27.122496    -1.3565  27.122269     5.4365     5.4819     0.1412    95.4819 1.0000e-12  -74.17536 -113.34423  27.430609      99.87 2.5914e+02    130.654       3137  1027.7482  1027.7465    33.8970    33.8950    8.36782         24 0.0000e+00
    100.000     98.941    -1.3577  27.123035    -1.3571  27.122394     5.4331     5.4855    -0.0228    95.4047 1.0000e-12  -74.17536 -113.34423  27.430621      92.94 2.5914e+02    131.669       3161  1027.7526  1027.7514    33.8967    33.8952    8.36776         25 0.0000e+00
    101.000     99.929    -1.3595  27.122413    -1.3586  27.122050     5.4429     5.4892    -0.0212    95.4882 1.0000e-12  -74.17536 -113.34423  27.430633      99.86 2.5914e+02    132.686       3185  1027.7580  1027.7567    33.8973    33.8957    8.36813         24 0.0000e+00
    102.000    100.920    -1.3629  27.120222    -1.3623  27.119538     5.4478     5.4977    -0.0150    95.4388 1.0000e-12  -74.17536 -113.34423  27.430645      99.86 2.5914e+02    133.690       3210  1027.7631  1027.7618    33.8975    33.8959    8.36888         24 0.0000e+00
    103.000    101.908    -1.3677  27.116709    -1.3671  27.116208     5.4406     5.5021    -0.0147    95.5299 1.0000e-12  -74.17536 -113.34423  27.430656      99.86 2.5914e+02    134.701       3234  1027.7682  1027.7671    33.8975    33.8962    8.36997         25 0.0000e+00
    104.000    102.898    -1.3708  27.115086    -1.3688  27.115373     5.4489     5.5056    -0.0224    95.5109 1.0000e-12  -74.17536 -113.34423  27.430668      99.86 2.5914e+02    135.723       3258  1027.7736  1027.7720    33.8981    33.8963    8.37061         24 0.0000e+00
    105.000    103.887    -1.3676  27.117870    -1.3665  27.117595     5.4542     5.5127    -0.0091    95.5216 1.0000e-12  -74.17536 -113.34423  27.430680      99.87 2.5914e+02    136.737       3283  1027.7779  1027.7764    33.8978    33.8961    8.36993         24 0.0000e+00
    106.000    104.876    -1.3726  27.114143    -1.3724  27.113412     5.4538     5.5116    -0.0194    95.5233 1.0000e-12  -74.17536 -113.34423  27.430691      99.86 2.5914e+02    137.744       3307  1027.7828  1027.7818    33.8976    33.8964    8.37105         25 0.0000e+00
    107.000    105.866    -1.3755  27.112405    -1.3744  27.112255     5.4540     5.5094    -0.0166    95.5226 1.0000e-12  -74.17536 -113.34423  27.430703      99.86 2.5914e+02    138.758       3331  1027.7879  1027.7867    33.8979    33.8964    8.37169         24 0.0000e+00
    108.000    106.853    -1.3755  27.112936    -1.3742  27.112800     5.4566     5.5137    -0.0195    95.5275 1.0000e-12  -74.17536 -113.34423  27.430715      99.86 2.5914e+02    139.753       3355  1027.7927  1027.7914    33.8980    33.8964    8.37168         23 0.0000e+00
    109.000    107.844    -1.3762  27.112847    -1.3755  27.112179     5.4536     5.5141    -0.0147    95.5291 1.0000e-12  -74.17536 -113.34423  27.430726      99.86 2.5914e+02    140.740       3379  1027.7975  1027.7961    33.8980    33.8963    8.37183         24 0.0000e+00
    110.000    108.832    -1.3764  27.113068    -1.3754  27.112756     5.4579     5.5159    -0.0076    95.5345 1.0000e-12  -74.17536 -113.34423  27.430738      99.87 2.5937e+02    141.746       3403  1027.8023  1027.8010    33.8980    33.8964    8.37189         24 0.0000e+00
    111.000    109.823    -1.3778  27.112442    -1.3759  27.112817     5.4608     5.5234    -0.0100    95.5326 1.0000e-12  -74.17536 -113.34423  27.430749      99.86 2.5992e+02    142.748       3427  1027.8072  1027.8058    33.8980    33.8964    8.37219         25 0.0000e+00
    112.000    110.811    -1.3815  27.110066    -1.3805  27.109889     5.4635     5.5281    -0.0150    95.5397 1.0000e-12  -74.17536 -113.34423  27.430761      99.86 2.5960e+02    143.747       3451  1027.8124  1027.8112    33.8984    33.8969    8.37301         23 0.0000e+00
    113.000    111.801    -1.3823  27.110379    -1.3811  27.110114     5.4655     5.5254    -0.0135    95.5450 1.0000e-12  -74.17536 -113.34423  27.430773      99.33 2.5956e+02    144.756       3475  1027.8178  1027.8164    33.8991    33.8973    8.37315         25 0.0000e+00
    114.000    112.788    -1.3816  27.111565    -1.3808  27.111119     5.4608     5.5272    -0.0077    95.5375 1.0000e-12  -74.17536 -113.34423  27.430784      99.54 2.6029e+02    145.753       3499  1027.8227  1027.8214    33.8993    33.8977    8.37297         23 0.0000e+00
    115.000    113.779    -1.3815  27.112248    -1.3804  27.111915     5.4656     5.5292    -0.0074    95.5290 1.0000e-12  -74.17536 -113.34423  27.430796      99.87 2.6091e+02    146.736       3523  1027.8277  1027.8262    33.8995    33.8978    8.37294         24 0.0000e+00
    116.000    114.767    -1.3832  27.110766    -1.3823  27.110441     5.4639     5.5316    -0.0148    95.5507 1.0000e-12  -74.17536 -113.34423  27.430807      99.86 2.6091e+02    147.739       3547  1027.8319  1027.8307    33.8988    33.8973    8.37337         24 0.0000e+00
    117.000    115.756    -1.3837  27.110978    -1.3834  27.109895     5.4633     5.5314    -0.0150    95.5473 1.0000e-12  -74.17536 -113.34423  27.430819      99.87 2.6091e+02    148.741       3571  1027.8369  1027.8354    33.8990    33.8971    8.37346         24 0.0000e+00
    118.000    116.746    -1.3865  27.108894    -1.3850  27.109028     5.4636     5.5280    -0.0150    95.5365 1.0000e-12  -74.17536 -113.34423  27.430830      99.86 2.6091e+02    149.734       3595  1027.8415  1027.8403    33.8986    33.8971    8.37411         24 0.0000e+00
    119.000    117.735    -1.3858  27.110104    -1.3842  27.110287     5.4606     5.5245    -0.0150    95.5495 1.0000e-12  -74.17536 -113.34423  27.430842      99.86 2.6091e+02    150.733       3619  1027.8464  1027.8451    33.8989    33.8974    8.37393         24 0.0000e+00
    120.000    118.723    -1.3835  27.113134    -1.3813  27.113651     5.4559     5.5193    -0.0150    95.5602 1.0000e-12  -74.17536 -113.34423  27.430853      99.86 2.6091e+02    151.735       3643  1027.8518  1027.8503    33.8998    33.8980    8.37336         24 0.0000e+00
    121.000    119.713    -1.3811  27.115563    -1.3797  27.115600     5.4583     5.5284    -0.0114    95.5527 1.0000e-12  -74.17536 -113.34423  27.430865      99.87 2.6091e+02    152.722       3666  1027.8565  1027.8551    33.8999    33.8983    8.37283         24 0.0000e+00
    122.000    120.701    -1.3826  27.114868    -1.3810  27.114772     5.4509     5.5226    -0.0104    95.5442 1.0000e-12  -74.17536 -113.34423  27.430876      99.86 2.6091e+02    153.718       3690  1027.8615  1027.8598    33.9000    33.8980    8.37316         24 0.0000e+00
    123.000    121.692    -1.3774  27.120440    -1.3761  27.120425     5.4433     5.5134    -0.0150    95.5388 1.0000e-12  -74.17536 -113.34423  27.430888      99.86 2.6091e+02    154.719       3714  1027.8669  1027.8656    33.9011    33.8996    8.37192         24 0.0000e+00
    124.000    122.679    -1.3639  27.135531    -1.3662  27.131250     5.4377     5.5041    -0.0137    95.5331 1.0000e-12  -74.17536 -113.34423  27.430899      99.87 2.6091e+02    155.701       3738  1027.8747  1027.8723    33.9059    33.9027    8.36860         23 0.0000e+00
