ocean_section_plots/required_files/ctd/dnbp2202_ctd232.cnv
* Sea-Bird SBE 9 Data File:
* FileName = D:\Data\raw\NBP2202_CTD232.hex
* Software Version Seasave V 7.26.7.121
* Temperature SN = 1649
* Conductivity SN = 2513
* Number of Bytes Per Scan = 40
* Number of Voltage Words = 5
* Number of Scans Averaged by the Deck Unit = 1
* NMEA Latitude = 73 45.74 S
* NMEA Longitude = 113 49.36 W
* NMEA UTC (Time) = Feb 13 2022  09:14:08
* NMEA baud rate = 9600
** Ship: RVIB N.B. Palmer
** Cruise: NBP2202 Thwaites
** Station: 144
** Operator: B. Bjork
# nquan = 28
# nvalues = 510                         
# units = specified
# name 0 = prDM: Pressure, Digiquartz [db]
# name 1 = depSM: Depth [salt water, m]
# name 2 = t090C: Temperature [ITS-90, deg C]
# name 3 = c0mS/cm: Conductivity [mS/cm]
# name 4 = t190C: Temperature, 2 [ITS-90, deg C]
# name 5 = c1mS/cm: Conductivity, 2 [mS/cm]
# name 6 = sbeox0ML/L: Oxygen, SBE 43 [ml/l]
# name 7 = sbeox1ML/L: Oxygen, SBE 43, 2 [ml/l]
# name 8 = flECO-AFL: Fluorescence, WET Labs ECO-AFL/FL [mg/m^3]
# name 9 = CStarTr0: Beam Transmission, WET Labs C-Star [%]
# name 10 = par: PAR/Irradiance, Biospherical/Licor
# name 11 = latitude: Latitude [deg]
# name 12 = longitude: Longitude [deg]
# name 13 = timeJ: Julian Days
# name 14 = altM: Altimeter [m]
# name 15 = spar: SPAR, Biospherical/Licor
# name 16 = timeS: Time, Elapsed [seconds]
# name 17 = scan: Scan Count
# name 18 = density00: Density [density, kg/m^3]
# name 19 = density11: Density, 2 [density, kg/m^3]
# name 20 = v3: Voltage 3
# name 21 = v4: Voltage 4
# name 22 = v5: Voltage 5
# name 23 = sal00: Salinity, Practical [PSU]
# name 24 = sal11: Salinity, Practical, 2 [PSU]
# name 25 = oxsolML/L: Oxygen Saturation, Garcia & Gordon [ml/l]
# name 26 = nbin: number of scans per bin
# name 27 = flag: flag
# span 0 =      2.000,    511.000       
# span 1 =      1.974,    505.089       
# span 2 =    -1.4740,    -0.0715       
# span 3 =  27.100074,  28.706924       
# span 4 =    -1.4736,    -0.0696       
# span 5 =  27.100079,  28.706696       
# span 6 =     4.8044,     8.9771       
# span 7 =     4.9532,     9.3168       
# span 8 =     0.0033,    24.6881       
# span 9 =    77.3010,    97.3241       
# span 10 = 1.0000e-12, 4.5197e+00      
# span 11 =  -73.76236,  -73.76236      
# span 12 = -113.82280, -113.82274      
# span 13 =  44.387422,  44.395284      
# span 14 =       1.32,     100.07      
# span 15 = 3.1719e+01, 4.0295e+01      
# span 16 =    225.323,    904.505      
# span 17 =       5409,      21709      
# span 18 =  1027.1625,  1029.9975      
# span 19 =  1027.1624,  1029.9954      
# span 20 =     3.6668,     4.6169      
# span 21 =     0.0675,     3.7148      
# span 22 =     0.1179,     0.2764      
# span 23 =    33.7867,    34.3349      
# span 24 =    33.7865,    34.3324      
# span 25 =    8.06260,    8.38891      
# span 26 =         10,         48      
# span 27 = 0.0000e+00, 0.0000e+00      
# interval = decibars: 1                
# start_time = Feb 13 2022 09:14:08 [NMEA time, header]
# bad_flag = -9.990e-29
*END*
[from data line 415]
    417.000    412.278    -0.4119  28.320059    -0.4235  28.306629     5.0039     5.1828     0.0312    96.9889 1.0000e-12  -73.76236 -113.82278  44.393179      99.12 3.7021e+01    722.668      17345  1029.5112  1029.5083     4.6010     0.0748     0.1290    34.2579    34.2530    8.13931         28 0.0000e+00
    418.000    413.263    -0.3651  28.363385    -0.3646  28.361621     4.9804     5.1501     0.0172    97.0016 1.0000e-12  -73.76236 -113.82277  44.393193      98.75 3.7021e+01    723.883      17374  1029.5160  1029.5135     4.6016     0.0768     0.1323    34.2627    34.2597    8.12903         29 0.0000e+00
    419.000    414.253    -0.3506  28.377508    -0.3474  28.378133     4.9726     5.1337     0.0317    97.0176 1.0000e-12  -73.76236 -113.82276  44.393207      97.74 3.6418e+01    725.072      17403  1029.5214  1029.5189     4.6024     0.0752     0.1326    34.2646    34.2618    8.12581         27 0.0000e+00
    420.000    415.239    -0.3433  28.384373    -0.3413  28.384287     4.9734     5.1287     0.0325    96.9692 1.0000e-12  -73.76236 -113.82276  44.393220      96.93 3.7019e+01    726.183      17429  1029.5261  1029.5241     4.6001     0.0759     0.1302    34.2650    34.2626    8.12424         28 0.0000e+00
    421.000    416.229    -0.3405  28.387430    -0.3384  28.387408     4.9727     5.1368     0.0220    96.9663 1.0000e-12  -73.76236 -113.82276  44.393233      95.79 3.8319e+01    727.333      17457  1029.5312  1029.5291     4.6000     0.0750     0.1329    34.2653    34.2629    8.12361         28 0.0000e+00
    422.000    417.215    -0.3397  28.388615    -0.3369  28.389221     4.9751     5.1330     0.0292    96.9635 1.0000e-12  -73.76236 -113.82276  44.393247      94.82 3.7016e+01    728.525      17486  1029.5363  1029.5341     4.5998     0.0883     0.1343    34.2655    34.2631    8.12345         28 0.0000e+00
    423.000    418.204    -0.3387  28.389969    -0.3371  28.389421     4.9655     5.1228     0.0390    96.9060 1.0000e-12  -73.76236 -113.82275  44.393260      93.79 3.7146e+01    729.680      17513  1029.5412  1029.5391     4.5971     0.0755     0.1305    34.2655    34.2630    8.12323         28 0.0000e+00
    424.000    419.190    -0.3286  28.399458    -0.3281  28.397880     4.9583     5.1192     0.0262    96.9292 1.0000e-12  -73.76236 -113.82274  44.393274      92.65 3.7023e+01    730.840      17541  1029.5458  1029.5437     4.5982     0.0750     0.1328    34.2662    34.2636    8.12102         28 0.0000e+00
    425.000    420.179    -0.3247  28.403327    -0.3202  28.405523     4.9560     5.1142     0.0876    96.8490 1.0000e-12  -73.76236 -113.82274  44.393287      91.62 3.5968e+01    732.002      17569  1029.5507  1029.5485     4.5944     0.0753     0.1311    34.2665    34.2642    8.12019         28 0.0000e+00
    426.000    421.165    -0.3182  28.409746    -0.3168  28.409038     4.9582     5.1128     0.0435    96.9179 1.0000e-12  -73.76236 -113.82274  44.393301      90.50 3.6325e+01    733.177      17597  1029.5556  1029.5535     4.5976     0.0765     0.1348    34.2671    34.2646    8.11876         28 0.0000e+00
    427.000    422.154    -0.3173  28.410940    -0.3162  28.410078     4.9506     5.1085     0.0277    96.9108 1.0000e-12  -73.76236 -113.82274  44.393315      89.53 3.7022e+01    734.397      17627  1029.5604  1029.5584     4.5973     0.0748     0.1379    34.2670    34.2647    8.11856         30 0.0000e+00
    428.000    423.141    -0.3168  28.412017    -0.3148  28.411939     4.9506     5.1070     0.0140    96.9104 1.0000e-12  -73.76236 -113.82274  44.393328      88.62 3.7021e+01    735.581      17655  1029.5654  1029.5634     4.5973     0.0727     0.1335    34.2673    34.2650    8.11844         27 0.0000e+00
    429.000    424.129    -0.3164  28.412666    -0.3148  28.412389     4.9597     5.1114     0.0213    96.6100 1.0000e-12  -73.76236 -113.82274  44.393342      87.41 3.7021e+01    736.708      17682  1029.5702  1029.5683     4.5831     0.0730     0.1330    34.2672    34.2650    8.11838         27 0.0000e+00
    430.000    425.117    -0.3198  28.409769    -0.3180  28.409735     4.9681     5.1198     0.0349    96.8366 1.0000e-12  -73.76236 -113.82274  44.393355      86.19 3.7021e+01    737.890      17710  1029.5748  1029.5730     4.5937     0.0756     0.1390    34.2665    34.2644    8.11913         29 0.0000e+00
    431.000    426.104    -0.3228  28.407599    -0.3205  28.407805     4.9652     5.1201     0.0213    96.6814 1.0000e-12  -73.76236 -113.82274  44.393369      85.53 3.7021e+01    739.069      17739  1029.5798  1029.5778     4.5864     0.0707     0.1330    34.2664    34.2641    8.11978         28 0.0000e+00
    432.000    427.092    -0.3197  28.411121    -0.3175  28.411103     4.9610     5.1094     0.0368    96.7612 1.0000e-12  -73.76236 -113.82274  44.393382      84.66 3.7021e+01    740.164      17765  1029.5848  1029.5826     4.5902     0.0951     0.1345    34.2670    34.2645    8.11909         25 0.0000e+00
    433.000    428.080    -0.3202  28.411067    -0.3181  28.411019     4.9731     5.1259     0.1131    96.8748 1.0000e-12  -73.76236 -113.82274  44.393394      83.45 3.7021e+01    741.247      17791  1029.5895  1029.5875     4.5956     0.0728     0.1317    34.2669    34.2645    8.11919         27 0.0000e+00
    434.000    429.066    -0.3204  28.411515    -0.3182  28.412150     4.9805     5.1364     0.0183    96.8970 1.0000e-12  -73.76236 -113.82274  44.393407      82.43 3.7021e+01    742.372      17818  1029.5946  1029.5931     4.5967     0.0721     0.1324    34.2671    34.2656    8.11923         27 0.0000e+00
    435.000    430.055    -0.3362  28.399296    -0.3343  28.399157     4.9784     5.1387     0.0350    96.8987 1.0000e-12  -73.76236 -113.82274  44.393420      81.48 3.7021e+01    743.492      17845  1029.6013  1029.5994     4.5968     0.0727     0.1340    34.2679    34.2657    8.12254         26 0.0000e+00
    436.000    431.042    -0.3308  28.405152    -0.3292  28.404519     4.9789     5.1342     0.0258    96.8556 1.0000e-12  -73.76236 -113.82274  44.393433      80.50 3.7021e+01    744.594      17871  1029.6065  1029.6044     4.5947     0.0816     0.1352    34.2691    34.2665    8.12133         27 0.0000e+00
    437.000    432.030    -0.3260  28.409691    -0.3245  28.409629     4.9759     5.1350     0.0170    96.8988 1.0000e-12  -73.76236 -113.82274  44.393446      79.53 3.6929e+01    745.704      17898  1029.6110  1029.6094     4.5968     0.0715     0.1374    34.2692    34.2674    8.12031         27 0.0000e+00
    438.000    433.017    -0.3312  28.405952    -0.3293  28.405970     4.9700     5.1245     0.0323    96.8952 1.0000e-12  -73.76236 -113.82274  44.393459      78.53 3.6631e+01    746.825      17925  1029.6163  1029.6145     4.5965     0.0709     0.1347    34.2694    34.2674    8.12140         27 0.0000e+00
    439.000    434.004    -0.3258  28.411709    -0.3234  28.411914     4.9571     5.1194     0.0392    96.8537 1.0000e-12  -73.76236 -113.82274  44.393472      77.42 3.6961e+01    747.991      17953  1029.6215  1029.6193     4.5946     0.0714     0.1305    34.2705    34.2681    8.12019         28 0.0000e+00
    440.000    434.993    -0.3115  28.425465    -0.3110  28.423804     4.9459     5.1053     0.0314    96.8308 1.0000e-12  -73.76236 -113.82274  44.393486      76.32 3.7150e+01    749.164      17981  1029.6263  1029.6240     4.5935     0.0703     0.1322    34.2721    34.2693    8.11704         28 0.0000e+00
    441.000    435.980    -0.3025  28.434236    -0.3016  28.432976     4.9353     5.0970     0.0231    96.8168 1.0000e-12  -73.76236 -113.82274  44.393499      75.38 3.6922e+01    750.299      18008  1029.6311  1029.6289     4.5929     0.0716     0.1445    34.2731    34.2705    8.11506         27 0.0000e+00
    442.000    436.968    -0.2932  28.443308    -0.2905  28.443714     4.9355     5.0944     0.0087    96.8958 1.0000e-12  -73.76236 -113.82274  44.393512      74.26 3.7021e+01    751.442      18036  1029.6360  1029.6338     4.5966     0.0728     0.1363    34.2741    34.2717    8.11302         28 0.0000e+00
    443.000    437.955    -0.2887  28.447935    -0.2883  28.446428     4.9340     5.0961     0.0172    96.8937 1.0000e-12  -73.76236 -113.82274  44.393526      73.34 3.7021e+01    752.616      18064  1029.6408  1029.6389     4.5965     0.0712     0.1365    34.2747    34.2723    8.11203         28 0.0000e+00
    444.000    438.943    -0.2925  28.445427    -0.2904  28.445301     4.9540     5.1103     0.0171    96.9129 1.0000e-12  -73.76236 -113.82274  44.393539      71.77 3.6939e+01    753.752      18091  1029.6463  1029.6442     4.5975     0.0718     0.1347    34.2750    34.2726    8.11282         26 0.0000e+00
    445.000    439.931    -0.2911  28.447513    -0.2890  28.447779     4.9723     5.1211     0.0137    96.9191 1.0000e-12  -73.76236 -113.82275  44.393552      71.23 3.6757e+01    754.851      18117  1029.6515  1029.6497     4.5977     0.0688     0.1376    34.2756    34.2737    8.11249         27 0.0000e+00
    446.000    440.917    -0.3087  28.432651    -0.3046  28.434615     4.9804     5.1209     0.0181    96.8495 1.0000e-12  -73.76236 -113.82276  44.393564      70.17 3.7802e+01    755.956      18144  1029.6573  1029.6555     4.5944     0.0817     0.1342    34.2750    34.2731    8.11627         27 0.0000e+00
    447.000    441.906    -0.3122  28.430056    -0.3099  28.430243     4.9962     5.1414     0.0103    96.8768 1.0000e-12  -73.76236 -113.82276  44.393577      69.24 3.6077e+01    757.059      18170  1029.6622  1029.6602     4.5957     0.0701     0.1317    34.2749    34.2726    8.11703         26 0.0000e+00
    448.000    442.892    -0.3177  28.424750    -0.3203  28.421530     5.0163     5.1677     0.0151    96.8694 1.0000e-12  -73.76236 -113.82276  44.393590      67.98 3.7088e+01    758.169      18197  1029.6663  1029.6655     4.5953     0.0694     0.1329    34.2734    34.2721    8.11830         27 0.0000e+00
    449.000    443.880    -0.3361  28.408930    -0.3483  28.396872     5.0387     5.1806     0.0168    96.8521 1.0000e-12  -73.76236 -113.82276  44.393603      67.19 3.7293e+01    759.275      18224  1029.6716  1029.6709     4.5945     0.0690     0.1333    34.2723    34.2700    8.12227         26 0.0000e+00
    450.000    444.868    -0.3650  28.383848    -0.3638  28.383243     5.0486     5.1880     0.0227    96.8982 1.0000e-12  -73.76236 -113.82276  44.393615      66.14 3.6151e+01    760.343      18249  1029.6776  1029.6757     4.5967     0.0704     0.1312    34.2708    34.2686    8.12854         26 0.0000e+00
    451.000    445.856    -0.3672  28.382111    -0.3664  28.381415     5.0528     5.1962     0.0618    96.8648 1.0000e-12  -73.76236 -113.82278  44.393627      65.01 3.7001e+01    761.413      18275  1029.6819  1029.6804     4.5951     0.0713     0.1317    34.2703    34.2685    8.12903         26 0.0000e+00
    452.000    446.843    -0.3776  28.373221    -0.3736  28.375361     5.0563     5.2037     0.0525    96.9134 1.0000e-12  -73.76236 -113.82278  44.393641      63.41 3.7893e+01    762.551      18302  1029.6867  1029.6850     4.5974     0.0703     0.1309    34.2696    34.2678    8.13131         28 0.0000e+00
    453.000    447.831    -0.3813  28.370333    -0.3821  28.368261     5.0669     5.2119     0.0289    96.8581 1.0000e-12  -73.76236 -113.82278  44.393654      62.58 3.6342e+01    763.688      18330  1029.6914  1029.6899     4.5948     0.0697     0.1309    34.2692    34.2674    8.13211         26 0.0000e+00
    454.000    448.818    -0.3904  28.363024    -0.3903  28.361829     5.0743     5.2245     0.0380    96.7258 1.0000e-12  -73.76236 -113.82278  44.393666      61.77 3.6071e+01    764.776      18356  1029.6966  1029.6952     4.5886     0.0693     0.1347    34.2691    34.2673    8.13407         26 0.0000e+00
    455.000    449.805    -0.3982  28.357369    -0.3965  28.357293     5.0721     5.2241     0.0388    96.9267 1.0000e-12  -73.76236 -113.82278  44.393679      60.61 3.7524e+01    765.895      18382  1029.7023  1029.7005     4.5980     0.0773     0.1310    34.2697    34.2677    8.13570         28 0.0000e+00
    456.000    450.794    -0.3957  28.360132    -0.3942  28.359869     5.0523     5.2024     0.0415    96.9550 1.0000e-12  -73.76236 -113.82278  44.393693      59.71 3.6604e+01    767.083      18411  1029.7069  1029.7051     4.5994     0.0731     0.1319    34.2700    34.2680    8.13516         27 0.0000e+00
    457.000    451.781    -0.3778  28.378632    -0.3738  28.380165     5.0385     5.1968     0.0554    96.9444 1.0000e-12  -73.76236 -113.82278  44.393707      58.61 3.6581e+01    768.250      18439  1029.7131  1029.7108     4.5989     0.0698     0.1303    34.2740    34.2716    8.13110         28 0.0000e+00
    458.000    452.767    -0.3559  28.399897    -0.3526  28.400931     5.0167     5.1841     0.0336    96.9374 1.0000e-12  -73.76236 -113.82278  44.393720      57.42 3.7083e+01    769.384      18466  1029.7185  1029.7163     4.5985     0.0679     0.1319    34.2772    34.2748    8.12624         26 0.0000e+00
    459.000    453.757    -0.3521  28.404151    -0.3503  28.403844     4.9966     5.1705     0.0221    96.9344 1.0000e-12  -73.76236 -113.82278  44.393732      56.67 3.6341e+01    770.481      18493  1029.7235  1029.7214     4.5985     0.0690     0.1287    34.2780    34.2755    8.12538         26 0.0000e+00
    460.000    454.742    -0.3278  28.427663    -0.3286  28.424292     4.9943     5.1582     0.0216    96.9513 1.0000e-12  -73.76236 -113.82278  44.393745      55.32 3.5457e+01    771.579      18519  1029.7290  1029.7262     4.5992     0.0708     0.1291    34.2814    34.2779    8.11998         27 0.0000e+00
    461.000    455.731    -0.3157  28.438910    -0.3183  28.434869     4.9734     5.1378     0.0275    96.9856 1.0000e-12  -73.76236 -113.82278  44.393758      54.62 3.5519e+01    772.704      18546  1029.7335  1029.7317     4.6008     0.0722     0.1301    34.2823    34.2798    8.11736         27 0.0000e+00
    462.000    456.717    -0.3163  28.439557    -0.3141  28.439163     4.9648     5.1326     0.0159    96.9866 1.0000e-12  -73.76236 -113.82278  44.393771      53.51 3.7022e+01    773.834      18573  1029.7392  1029.7366     4.6009     0.0697     0.1295    34.2832    34.2802    8.11744         27 0.0000e+00
    463.000    457.705    -0.2976  28.456533    -0.2935  28.458512     4.9618     5.1209     0.0272    96.9558 1.0000e-12  -73.76236 -113.82278  44.393784      52.22 3.4675e+01    774.926      18599  1029.7433  1029.7413     4.5995     0.0701     0.1329    34.2843    34.2823    8.11339         25 0.0000e+00
    464.000    458.693    -0.2872  28.467039    -0.2828  28.468956     4.9291     5.0874     0.0213    96.9744 1.0000e-12  -73.76236 -113.82279  44.393796      51.26 3.4934e+01    776.011      18625  1029.7486  1029.7464     4.6003     0.0684     0.1303    34.2860    34.2836    8.11107         27 0.0000e+00
    465.000    459.681    -0.2729  28.482146    -0.2686  28.482498     4.9032     5.0638     0.0142    96.9858 1.0000e-12  -73.76236 -113.82280  44.393809      49.99 3.7561e+01    777.133      18652  1029.7550  1029.7513     4.6009     0.0710     0.1271    34.2894    34.2851    8.10783         27 0.0000e+00
    466.000    460.666    -0.2196  28.531425    -0.2166  28.532280     4.9031     5.0599     0.0344    96.9568 1.0000e-12  -73.76236 -113.82280  44.393822      49.11 3.5920e+01    778.240      18679  1029.7595  1029.7575     4.5995     0.0723     0.1301    34.2946    34.2924    8.09620         26 0.0000e+00
    467.000    461.656    -0.2266  28.525964    -0.2267  28.524052     4.9211     5.0750     0.0162    96.9914 1.0000e-12  -73.76236 -113.82278  44.393835      48.30 3.6107e+01    779.333      18705  1029.7652  1029.7634     4.6011     0.0726     0.1341    34.2946    34.2922    8.09769         27 0.0000e+00
