ocean_section_plots/required_files/ctd/dnbp2202_ctd288.cnv
* Sea-Bird SBE 9 Data File:
* FileName = D:\Data\raw\NBP2202_CTD288.hex
* Software Version Seasave V 7.26.7.121
* Temperature SN = 1649
* Conductivity SN = 2513
* Number of Bytes Per Scan = 40
* Number of Voltage Words = 5
* Number of Scans Averaged by the Deck Unit = 1
* NMEA Latitude = 74 08.12 S
* NMEA Longitude = 115 08.69 W
* NMEA UTC (Time) = Feb 22 2022  14:35:41
* NMEA baud rate = 9600
** Ship: RVIB N.B. Palmer
** Cruise: NBP2202 Thwaites
** Station: 190
** Operator: B. Bjork
# nquan = 28
# nvalues = 409                         
# units = specified
# name 0 = prDM: Pressure, Digiquartz [db]
# name 1 = depSM: Depth [salt water, m]
# name 2 = t090C: Temperature [ITS-90, deg C]
# name 3 = c0mS/cm: Conductivity [mS/cm]
# name 4 = t190C: Temperature, 2 [ITS-90, deg C]
# name 5 = c1mS/cm: Conductivity, 2 [mS/cm]
# name 6 = sbeox0ML/L: Oxygen, SBE 43 [ml/l]
# name 7 = sbeox1ML/L: Oxygen, SBE 43, 2 [ml/l]
# name 8 = flECO-AFL: Fluorescence, WET Labs ECO-AFL/FL [mg/m^3]
# name 9 = CStarTr0: Beam Transmission, WET Labs C-Star [%]
# name 10 = par: PAR/Irradiance, Biospherical/Licor
# name 11 = latitude: Latitude [deg]
# name 12 = longitude: Longitude [deg]
# name 13 = timeJ: Julian Days
# name 14 = altM: Altimeter [m]
# name 15 = spar: SPAR, Biospherical/Licor
# name 16 = timeS: Time, Elapsed [seconds]
# name 17 = scan: Scan Count
# name 18 = density00: Density [density, kg/m^3]
# name 19 = density11: Density, 2 [density, kg/m^3]
# name 20 = v3: Voltage 3
# name 21 = v4: Voltage 4
# name 22 = v5: Voltage 5
# name 23 = sal00: Salinity, Practical [PSU]
# name 24 = sal11: Salinity, Practical, 2 [PSU]
# name 25 = oxsolML/L: Oxygen Saturation, Garcia & Gordon [ml/l]
# name 26 = nbin: number of scans per bin
# name 27 = flag: flag
# span 0 =      2.000,    410.000       
# span 1 =      1.979,    405.357       
# span 2 =    -1.8239,    -0.5733       
# span 3 =  26.950130,  27.731389       
# span 4 =    -1.8228,    -0.5714       
# span 5 =  26.950730,  27.731999       
# span 6 =     6.4058,     8.6960       
# span 7 =     6.5688,     8.9723       
# span 8 =     0.5089,     7.6146       
# span 9 =    88.8565,    97.1088       
# span 10 = 1.0000e-12, 1.2126e+02      
# span 11 =  -74.13536,  -74.13536      
# span 12 = -115.14488, -115.14482      
# span 13 =  53.610472,  53.616675      
# span 14 =       1.73,      99.97      
# span 15 = 2.4374e+02, 2.7944e+02      
# span 16 =    203.807,    739.683      
# span 17 =       4892,      17753      
# span 18 =  1027.1805,  1029.4595      
# span 19 =  1027.1803,  1029.4582      
# span 20 =     4.2167,     4.6067      
# span 21 =     0.1454,     1.6080      
# span 22 =     0.1113,     0.1985      
# span 23 =    33.8057,    34.1566      
# span 24 =    33.8055,    34.1562      
# span 25 =    8.19788,    8.46236      
# span 26 =         22,         46      
# span 27 = 0.0000e+00, 0.0000e+00      
# interval = decibars: 1                
# start_time = Feb 22 2022 14:35:41 [NMEA time, header]
# bad_flag = -9.990e-29
*END*
[from data line 259]
    261.000    258.135    -1.7927  26.966131    -1.7923  26.966422     6.5128     6.6926     0.9222    95.3632 1.0000e-12  -74.13536 -115.14484  53.614032      99.91 2.7148e+02    511.372      12274  1028.6853  1028.6852     4.5239     0.2051     0.1381    34.0748    34.0747    8.45563         23 0.0000e+00
    262.000    259.126    -1.8037  26.958707    -1.8029  26.959028     6.5184     6.6929     0.8082    94.5621 1.0000e-12  -74.13536 -115.14486  53.614043      99.91 2.7095e+02    512.322      12297  1028.6920  1028.6916     4.4860     0.2785     0.1298    34.0764    34.0759    8.45803         23 0.0000e+00
    263.000    260.112    -1.8077  26.956617    -1.8069  26.957056     6.5258     6.6894     0.8670    95.3631 1.0000e-12  -74.13536 -115.14484  53.614054      99.92 2.7212e+02    513.296      12320  1028.6977  1028.6974     4.5239     0.2197     0.1337    34.0774    34.0771    8.45888         24 0.0000e+00
    264.000    261.101    -1.8105  26.955272    -1.8096  26.955690     6.5269     6.6931     0.9109    95.5262 1.0000e-12  -74.13536 -115.14486  53.614066      99.92 2.7164e+02    514.277      12344  1028.7032  1028.7028     4.5317     0.1860     0.1273    34.0782    34.0778    8.45949         23 0.0000e+00
    265.000    262.090    -1.8110  26.955488    -1.8101  26.955926     6.5200     6.6920     0.9535    94.8479 1.0000e-12  -74.13536 -115.14484  53.614077      99.92 2.7318e+02    515.255      12367  1028.7081  1028.7077     4.4995     0.1753     0.1272    34.0785    34.0780    8.45959         23 0.0000e+00
    266.000    263.080    -1.8097  26.957220    -1.8089  26.957568     6.5189     6.7015     0.9563    94.5898 1.0000e-12  -74.13536 -115.14486  53.614088      99.92 2.7354e+02    516.227      12390  1028.7130  1028.7125     4.4873     0.1940     0.1333    34.0788    34.0782    8.45927         24 0.0000e+00
    267.000    264.065    -1.8093  26.958478    -1.8083  26.958982     6.5164     6.6991     0.9066    95.3426 1.0000e-12  -74.13536 -115.14484  53.614099      99.92 2.7250e+02    517.193      12414  1028.7182  1028.7177     4.5229     0.2003     0.1323    34.0794    34.0789    8.45914         23 0.0000e+00
    268.000    265.055    -1.8046  26.963917    -1.8035  26.964306     6.5178     6.6925     0.7988    95.2669 1.0000e-12  -74.13536 -115.14486  53.614111      99.91 2.7416e+02    518.163      12437  1028.7238  1028.7232     4.5194     0.2296     0.1282    34.0809    34.0803    8.45797         23 0.0000e+00
    269.000    266.043    -1.8017  26.967003    -1.8004  26.967832     6.5204     6.6964     0.6240    95.5050 1.0000e-12  -74.13536 -115.14486  53.614122      99.90 2.7405e+02    519.157      12461  1028.7287  1028.7284     4.5307     0.3086     0.1312    34.0813    34.0810    8.45729         24 0.0000e+00
    270.000    267.032    -1.8027  26.966704    -1.8019  26.967249     6.5212     6.6967     0.7122    95.6484 1.0000e-12  -74.13536 -115.14486  53.614134      99.45 2.7378e+02    520.140      12484  1028.7337  1028.7335     4.5374     0.2163     0.1288    34.0814    34.0812    8.45751         23 0.0000e+00
    271.000    268.020    -1.8107  26.960393    -1.8109  26.960177     6.5217     6.6911     1.2941    95.8407 1.0000e-12  -74.13536 -115.14486  53.614145      99.84 2.7435e+02    521.112      12508  1028.7386  1028.7386     4.5466     0.4901     0.1580    34.0811    34.0810    8.45935         24 0.0000e+00
    272.000    269.007    -1.8239  26.950130    -1.8228  26.950730     6.5200     6.6911     0.8983    95.9551 1.0000e-12  -74.13536 -115.14486  53.614156      99.89 2.7516e+02    522.105      12532  1028.7444  1028.7441     4.5520     0.3044     0.1324    34.0813    34.0810    8.46236         24 0.0000e+00
    273.000    269.997    -1.8220  26.952759    -1.8211  26.953066     6.5252     6.7053     0.8593    95.9818 1.0000e-12  -74.13536 -115.14486  53.614168      99.91 2.7428e+02    523.103      12555  1028.7497  1028.7492     4.5533     0.2456     0.1321    34.0822    34.0817    8.46187         24 0.0000e+00
    274.000    270.985    -1.8210  26.954964    -1.8201  26.955244     6.5222     6.7053     0.9232    95.9427 1.0000e-12  -74.13536 -115.14486  53.614179      99.92 2.7417e+02    524.086      12579  1028.7554  1028.7549     4.5514     0.2013     0.1279    34.0836    34.0828    8.46157         23 0.0000e+00
    275.000    271.973    -1.8218  26.955234    -1.8208  26.955664     6.5230     6.6979     0.8312    95.7835 1.0000e-12  -74.13536 -115.14486  53.614191      99.91 2.7487e+02    525.068      12603  1028.7607  1028.7603     4.5438     0.2244     0.1336    34.0842    34.0836    8.46171         24 0.0000e+00
    276.000    272.962    -1.8056  26.971857    -1.8038  26.972210     6.5249     6.6996     0.7982    95.7855 1.0000e-12  -74.13536 -115.14486  53.614202      99.91 2.7501e+02    526.061      12626  1028.7677  1028.7662     4.5439     0.2295     0.1420    34.0881    34.0865    8.45777         24 0.0000e+00
    277.000    273.951    -1.7822  26.992804    -1.7812  26.992803     6.5265     6.7006     0.8071    95.9254 1.0000e-12  -74.13536 -115.14486  53.614213      99.91 2.7440e+02    527.045      12650  1028.7724  1028.7714     4.5506     0.1780     0.1266    34.0898    34.0886    8.45233         23 0.0000e+00
    278.000    274.938    -1.7761  26.998860    -1.7750  26.999161     6.5290     6.7029     0.6775    95.1473 1.0000e-12  -74.13536 -115.14486  53.614225      99.92 2.7547e+02    528.037      12674  1028.7776  1028.7768     4.5137     0.1859     0.1216    34.0906    34.0898    8.45088         24 0.0000e+00
    279.000    275.928    -1.7732  27.002020    -1.7722  27.002292     6.5280     6.7011     0.7371    94.5862 1.0000e-12  -74.13536 -115.14484  53.614237      99.92 2.7627e+02    529.037      12698  1028.7826  1028.7820     4.4871     0.1881     0.1220    34.0910    34.0903    8.45018         24 0.0000e+00
    280.000    276.915    -1.7719  27.003941    -1.7708  27.004176     6.5199     6.6857     0.6085    95.8019 1.0000e-12  -74.13536 -115.14484  53.614248      99.92 2.7405e+02    530.024      12722  1028.7879  1028.7871     4.5446     0.1964     0.1230    34.0916    34.0907    8.44986         24 0.0000e+00
    281.000    277.903    -1.7715  27.004979    -1.7705  27.005204     6.5209     6.6846     0.9657    95.7426 1.0000e-12  -74.13536 -115.14484  53.614259      99.91 2.7531e+02    530.996      12745  1028.7930  1028.7923     4.5421     0.2375     0.1253    34.0920    34.0911    8.44975         23 0.0000e+00
    282.000    278.891    -1.7742  27.003292    -1.7733  27.003541     6.5178     6.6831     1.1753    96.1748 1.0000e-12  -74.13536 -115.14484  53.614270      95.32 2.7670e+02    531.961      12768  1028.7982  1028.7976     4.5624     0.1929     0.1240    34.0920    34.0914    8.45035         23 0.0000e+00
    283.000    279.881    -1.7817  26.997400    -1.7810  26.997629     6.5158     6.6859     0.7222    96.2447 1.0000e-12  -74.13536 -115.14484  53.614282      78.34 2.7499e+02    532.927      12791  1028.8033  1028.8029     4.5657     0.3056     0.1253    34.0918    34.0913    8.45208         23 0.0000e+00
    284.000    280.868    -1.7943  26.988097    -1.7935  26.988396     6.5234     6.6837     0.8579    95.9001 1.0000e-12  -74.13536 -115.14484  53.614293      95.83 2.7641e+02    533.903      12815  1028.8096  1028.8092     4.5494     0.1966     0.1222    34.0928    34.0922    8.45491         24 0.0000e+00
    285.000    281.855    -1.7856  26.997205    -1.7850  26.996984     6.5167     6.6862     0.9294    95.8605 1.0000e-12  -74.13536 -115.14484  53.614304      99.97 2.7654e+02    534.888      12838  1028.8155  1028.8147     4.5475     0.2003     0.1282    34.0947    34.0938    8.45278         23 0.0000e+00
    286.000    282.845    -1.7809  27.002021    -1.7800  27.002268     6.5170     6.6879     0.8664    96.3047 1.0000e-12  -74.13536 -115.14484  53.614316      99.92 2.7545e+02    535.856      12862  1028.8206  1028.8200     4.5686     0.1693     0.1221    34.0954    34.0948    8.45167         24 0.0000e+00
    287.000    283.834    -1.7829  27.000624    -1.7802  27.002667     6.5165     6.6919     0.9169    96.2354 1.0000e-12  -74.13536 -115.14484  53.614327      99.92 2.7676e+02    536.828      12885  1028.8253  1028.8249     4.5644     0.2042     0.1410    34.0952    34.0949    8.45215         23 0.0000e+00
    288.000    284.821    -1.7861  26.998813    -1.7834  27.000324     6.5111     6.6939     0.7905    94.5173 1.0000e-12  -74.13536 -115.14484  53.614338      99.91 2.7670e+02    537.810      12908  1028.8307  1028.8298     4.4847     0.1797     0.1364    34.0957    34.0947    8.45285         24 0.0000e+00
    289.000    285.810    -1.7895  26.997648    -1.7886  26.997913     6.5133     6.6867     0.9270    95.8977 1.0000e-12  -74.13536 -115.14484  53.614350      99.92 2.7677e+02    538.801      12932  1028.8372  1028.8365     4.5493     0.2057     0.1245    34.0974    34.0966    8.45353         24 0.0000e+00
    290.000    286.798    -1.7902  26.997774    -1.7893  26.997990     6.5176     6.6874     1.2146    95.7759 1.0000e-12  -74.13536 -115.14484  53.614361      99.91 2.7677e+02    539.800      12956  1028.8422  1028.8416     4.5435     0.2816     0.1255    34.0977    34.0970    8.45367         23 0.0000e+00
    291.000    287.787    -1.7902  26.998245    -1.7891  26.998662     6.5187     6.6880     1.0283    95.6814 1.0000e-12  -74.13536 -115.14484  53.614373      99.91 2.7677e+02    540.809      12980  1028.8471  1028.8465     4.5390     0.2303     0.1236    34.0978    34.0971    8.45367         25 0.0000e+00
    292.000    288.775    -1.7890  27.000469    -1.7883  27.000226     6.5192     6.6885     1.1319    95.9371 1.0000e-12  -74.13536 -115.14484  53.614385      99.90 2.7614e+02    541.824      13005  1028.8526  1028.8517     4.5511     0.3024     0.1276    34.0989    34.0977    8.45333         25 0.0000e+00
    293.000    289.763    -1.7879  27.002154    -1.7869  27.002416     6.5184     6.6912     1.4033    95.8650 1.0000e-12  -74.13536 -115.14484  53.614396      99.90 2.7662e+02    542.839      13029  1028.8578  1028.8571     4.5477     0.2729     0.1299    34.0993    34.0985    8.45305         24 0.0000e+00
    294.000    290.751    -1.7876  27.003116    -1.7866  27.003494     6.5213     6.6891     1.0055    95.2745 1.0000e-12  -74.13536 -115.14484  53.614408      99.92 2.7677e+02    543.851      13053  1028.8628  1028.8622     4.5197     0.1853     0.1268    34.0997    34.0990    8.45296         24 0.0000e+00
    295.000    291.740    -1.7874  27.003846    -1.7864  27.004205     6.5205     6.6845     0.9125    95.7951 1.0000e-12  -74.13536 -115.14484  53.614419      99.91 2.7655e+02    544.846      13077  1028.8677  1028.8671     4.5444     0.2060     0.1234    34.0998    34.0992    8.45290         24 0.0000e+00
    296.000    292.726    -1.7871  27.005001    -1.7861  27.005222     6.5125     6.6834     0.8309    95.9914 1.0000e-12  -74.13536 -115.14484  53.614431      91.51 2.7624e+02    545.830      13101  1028.8730  1028.8723     4.5537     0.2150     0.1210    34.1005    34.0996    8.45280         23 0.0000e+00
    297.000    293.716    -1.7866  27.006367    -1.7856  27.006595     6.5044     6.6864     0.7571    95.3397 1.0000e-12  -74.13536 -115.14484  53.614442      99.58 2.7633e+02    546.823      13125  1028.8783  1028.8776     4.5228     0.2535     0.1268    34.1011    34.1003    8.45263         24 0.0000e+00
    298.000    294.704    -1.7861  27.007588    -1.7851  27.007886     6.5042     6.6872     0.9531    95.8541 1.0000e-12  -74.13536 -115.14484  53.614454      99.92 2.7581e+02    547.830      13149  1028.8834  1028.8828     4.5472     0.2127     0.1245    34.1016    34.1009    8.45248         24 0.0000e+00
    299.000    295.693    -1.7861  27.008226    -1.7850  27.008491     6.5124     6.6865     1.1065    95.8586 1.0000e-12  -74.13536 -115.14484  53.614466      99.92 2.7530e+02    548.825      13173  1028.8884  1028.8877     4.5474     0.1917     0.1221    34.1019    34.1010    8.45247         24 0.0000e+00
    300.000    296.681    -1.7862  27.008912    -1.7851  27.009217     6.5253     6.6910     1.2300    95.8682 1.0000e-12  -74.13536 -115.14484  53.614477      99.91 2.7464e+02    549.824      13197  1028.8937  1028.8930     4.5479     0.2262     0.1234    34.1024    34.1015    8.45248         24 0.0000e+00
    301.000    297.668    -1.7867  27.008941    -1.7858  27.009356     6.5273     6.6939     1.2693    95.2721 1.0000e-12  -74.13536 -115.14484  53.614489      99.89 2.7619e+02    550.817      13221  1028.8985  1028.8981     4.5196     0.3030     0.1244    34.1024    34.1019    8.45260         24 0.0000e+00
    302.000    298.658    -1.7875  27.009042    -1.7864  27.009284     6.5214     6.6920     0.7025    94.8420 1.0000e-12  -74.13536 -115.14484  53.614500      99.92 2.7577e+02    551.795      13244  1028.9036  1028.9030     4.4992     0.1912     0.1213    34.1027    34.1019    8.45274         23 0.0000e+00
    303.000    299.644    -1.7877  27.009625    -1.7866  27.009893     6.5170     6.6874     0.6832    95.7077 1.0000e-12  -74.13536 -115.14483  53.614511      99.91 2.7604e+02    552.780      13268  1028.9087  1028.9081     4.5403     0.1881     0.1267    34.1031    34.1023    8.45276         24 0.0000e+00
    304.000    300.633    -1.7894  27.009189    -1.7883  27.009501     6.5178     6.6884     0.8804    95.9834 1.0000e-12  -74.13536 -115.14482  53.614523      99.91 2.7663e+02    553.776      13292  1028.9143  1028.9136     4.5533     0.2018     0.1235    34.1039    34.1031    8.45311         24 0.0000e+00
    305.000    301.622    -1.7888  27.010707    -1.7877  27.010927     6.5157     6.6874     0.8835    95.8259 1.0000e-12  -74.13536 -115.14482  53.614534      99.92 2.7509e+02    554.746      13315  1028.9197  1028.9189     4.5459     0.2218     0.1209    34.1047    34.1037    8.45293         23 0.0000e+00
    306.000    302.610    -1.7872  27.012870    -1.7862  27.013161     6.5164     6.6857     0.8131    95.6438 1.0000e-12  -74.13536 -115.14483  53.614545      99.91 2.7639e+02    555.709      13338  1028.9248  1028.9242     4.5372     0.2313     0.1209    34.1052    34.1045    8.45253         23 0.0000e+00
    307.000    303.598    -1.7859  27.014912    -1.7849  27.015089     6.5138     6.6888     0.8436    95.7499 1.0000e-12  -74.13536 -115.14484  53.614557      50.54 2.7640e+02    556.696      13362  1028.9301  1028.9293     4.5423     0.2964     0.1236    34.1060    34.1050    8.45219         24 0.0000e+00
    308.000    304.587    -1.7852  27.016380    -1.7840  27.016744     6.5143     6.6870     0.9690    96.3234 1.0000e-12  -74.13536 -115.14484  53.614568      65.44 2.7618e+02    557.694      13386  1028.9353  1028.9346     4.5695     0.2120     0.1205    34.1065    34.1057    8.45199         24 0.0000e+00
    309.000    305.574    -1.7839  27.018513    -1.7828  27.018861     6.5174     6.6840     0.9817    95.6972 1.0000e-12  -74.13536 -115.14483  53.614580      70.08 2.7678e+02    558.697      13410  1028.9408  1028.9401     4.5400     0.3007     0.1284    34.1075    34.1067    8.45165         24 0.0000e+00
    310.000    306.562    -1.7837  27.019368    -1.7827  27.019654     6.5194     6.6858     0.8465    95.8554 1.0000e-12  -74.13536 -115.14482  53.614591      94.90 2.7677e+02    559.696      13434  1028.9458  1028.9451     4.5471     0.2880     0.1231    34.1077    34.1069    8.45157         24 0.0000e+00
    311.000    307.551    -1.7832  27.020461    -1.7822  27.020673     6.5152     6.6909     0.7531    95.6732 1.0000e-12  -74.13536 -115.14482  53.614603      99.97 2.7677e+02    560.678      13457  1028.9508  1028.9501     4.5386     0.1917     0.1262    34.1080    34.1072    8.45144         23 0.0000e+00
