ocean_section_plots/required_files/ctd/dnbp2202_ctd257.cnv
* Sea-Bird SBE 9 Data File:
* FileName = D:\Data\raw\NBP2202_CTD257.hex
* Software Version Seasave V 7.26.7.121
* Temperature SN = 1649
* Conductivity SN = 2513
* Number of Bytes Per Scan = 40
* Number of Voltage Words = 5
* Number of Scans Averaged by the Deck Unit = 1
* NMEA Latitude = 74 03.21 S
* NMEA Longitude = 117 33.45 W
* NMEA UTC (Time) = Feb 15 2022  21:23:53
* NMEA baud rate = 9600
** Ship: RVIB N.B. Palmer
** Cruise: NBP2202 Thwaites
** Station: 165
** Operator: A. Robinson
# nquan = 28
# nvalues = 313                         
# units = specified
# name 0 = prDM: Pressure, Digiquartz [db]
# name 1 = depSM: Depth [salt water, m]
# name 2 = t090C: Temperature [ITS-90, deg C]
# name 3 = c0mS/cm: Conductivity [mS/cm]
# name 4 = t190C: Temperature, 2 [ITS-90, deg C]
# name 5 = c1mS/cm: Conductivity, 2 [mS/cm]
# name 6 = sbeox0ML/L: Oxygen, SBE 43 [ml/l]
# name 7 = sbeox1ML/L: Oxygen, SBE 43, 2 [ml/l]
# name 8 = flECO-AFL: Fluorescence, WET Labs ECO-AFL/FL [mg/m^3]
# name 9 = CStarTr0: Beam Transmission, WET Labs C-Star [%]
# name 10 = par: PAR/Irradiance, Biospherical/Licor
# name 11 = latitude: Latitude [deg]
# name 12 = longitude: Longitude [deg]
# name 13 = timeJ: Julian Days
# name 14 = altM: Altimeter [m]
# name 15 = spar: SPAR, Biospherical/Licor
# name 16 = timeS: Time, Elapsed [seconds]
# name 17 = scan: Scan Count
# name 18 = density00: Density [density, kg/m^3]
# name 19 = density11: Density, 2 [density, kg/m^3]
# name 20 = v3: Voltage 3
# name 21 = v4: Voltage 4
# name 22 = v5: Voltage 5
# name 23 = sal00: Salinity, Practical [PSU]
# name 24 = sal11: Salinity, Practical, 2 [PSU]
# name 25 = oxsolML/L: Oxygen Saturation, Garcia & Gordon [ml/l]
# name 26 = nbin: number of scans per bin
# name 27 = flag: flag
# span 0 =      2.000,    314.000       
# span 1 =      1.978,    310.519       
# span 2 =    -1.7318,    -0.2076       
# span 3 =  27.041470,  28.037018       
# span 4 =    -1.7310,    -0.2067       
# span 5 =  27.041229,  28.036880       
# span 6 =     6.3786,     9.0254       
# span 7 =     6.5389,     9.2427       
# span 8 =     0.3964,    13.4819       
# span 9 =    84.2225,    94.5391       
# span 10 = 1.0000e-12, 3.4723e+02      
# span 11 =  -74.05366,  -74.05366      
# span 12 = -117.55756, -117.55752      
# span 13 =  46.894041,  46.898939      
# span 14 =       4.37,     100.02      
# span 15 = 7.3865e+02, 7.4570e+02      
# span 16 =    212.119,    635.363      
# span 17 =       5092,      15250      
# span 18 =  1027.1766,  1028.9503      
# span 19 =  1027.1781,  1028.9488      
# span 20 =     3.9956,     4.4848      
# span 21 =     0.1165,     1.8564      
# span 22 =     0.1281,     0.2103      
# span 23 =    33.8219,    34.0917      
# span 24 =    33.8236,    34.0899      
# span 25 =    8.11948,    8.44074      
# span 26 =         20,         47      
# span 27 = 0.0000e+00, 0.0000e+00      
# interval = decibars: 1                
# start_time = Feb 15 2022 21:23:53 [NMEA time, header]
# bad_flag = -9.990e-29
*END*
[from data line 156]
    158.000    156.306    -0.7253  27.695014    -0.7259  27.694075     7.8265     8.0407     1.7920    91.7759 1.0000e-12  -74.05366 -117.55754  46.896629      96.52 7.4100e+02    435.727      10458  1028.0304  1028.0300     4.3539     0.4299     0.1555    33.9269    33.9264    8.22611         24 0.0000e+00
    159.000    157.295    -0.7240  27.696275    -0.7235  27.696229     7.8130     8.0325     1.6619    91.8949 1.0000e-12  -74.05366 -117.55754  46.896640      99.85 7.4194e+02    436.718      10482  1028.0347  1028.0341     4.3596     0.3089     0.1572    33.9266    33.9260    8.22585         24 0.0000e+00
    160.000    158.283    -0.7281  27.693555    -0.7275  27.693641     7.8015     8.0304     2.1833    92.6589 1.0000e-12  -74.05366 -117.55754  46.896652      99.87 7.4287e+02    437.740      10507  1028.0398  1028.0394     4.3956     0.4131     0.1744    33.9269    33.9263    8.22672         25 0.0000e+00
    161.000    159.272    -0.7451  27.680090    -0.7453  27.680461     7.7896     8.0172     1.7057    92.1195 1.0000e-12  -74.05366 -117.55754  46.896664      99.88 7.4124e+02    438.757      10531  1028.0461  1028.0466     4.3701     0.3442     0.1505    33.9272    33.9280    8.23043         24 0.0000e+00
    162.000    160.262    -0.7742  27.659392    -0.7737  27.659580     7.7867     7.9986     1.4995    91.9570 1.0000e-12  -74.05366 -117.55754  46.896676      99.88 7.4232e+02    439.773      10556  1028.0560  1028.0556     4.3624     0.3479     0.1443    33.9313    33.9309    8.23654         24 0.0000e+00
    163.000    161.250    -0.7761  27.658467    -0.7761  27.658069     7.7824     8.0053     1.4381    92.3190 1.0000e-12  -74.05366 -117.55754  46.896687      99.87 7.4374e+02    440.783      10580  1028.0609  1028.0604     4.3796     0.3874     0.1540    33.9315    33.9310    8.23693         24 0.0000e+00
    164.000    162.240    -0.7794  27.655821    -0.7788  27.656263     7.7771     8.0095     1.4658    92.7188 1.0000e-12  -74.05366 -117.55754  46.896699      99.88 7.4143e+02    441.775      10604  1028.0653  1028.0651     4.3986     0.3292     0.1498    33.9311    33.9310    8.23769         24 0.0000e+00
    165.000    163.227    -0.7924  27.646043    -0.7925  27.645987     7.7914     8.0144     1.1993    92.6812 1.0000e-12  -74.05366 -117.55755  46.896710      99.90 7.4225e+02    442.780      10628  1028.0714  1028.0714     4.3967     0.2352     0.1510    33.9318    33.9318    8.24048         24 0.0000e+00
    166.000    164.217    -0.8002  27.640861    -0.7999  27.640790     7.7831     7.9909     0.9291    90.9837 1.0000e-12  -74.05366 -117.55755  46.896722      99.90 7.4372e+02    443.786      10652  1028.0774  1028.0771     4.3163     0.2092     0.1516    33.9330    33.9325    8.24212         25 0.0000e+00
    167.000    165.206    -0.7993  27.642194    -0.7997  27.641561     7.7606     7.9532     1.0244    91.0404 1.0000e-12  -74.05366 -117.55755  46.896733      99.90 7.4217e+02    444.769      10675  1028.0821  1028.0817     4.3190     0.2870     0.1473    33.9332    33.9327    8.24191         22 0.0000e+00
    168.000    166.195    -0.8008  27.641467    -0.8005  27.641471     7.7262     7.9190     1.1707    92.4228 1.0000e-12  -74.05366 -117.55755  46.896745      99.88 7.4180e+02    445.743      10699  1028.0868  1028.0865     4.3845     0.3309     0.1432    33.9333    33.9329    8.24224         24 0.0000e+00
    169.000    167.184    -0.8022  27.640934    -0.8153  27.629441     7.6465     7.8612     1.4321    92.8027 1.0000e-12  -74.05366 -117.55755  46.896756      99.89 7.4313e+02    446.732      10723  1028.0917  1028.0919     4.4025     0.2937     0.1536    33.9335    33.9326    8.24253         24 0.0000e+00
    170.000    168.173    -0.8768  27.576719    -0.8818  27.575485     7.5958     7.8241     1.2349    92.8103 1.0000e-12  -74.05366 -117.55755  46.896768      99.89 7.4260e+02    447.740      10747  1028.0986  1028.1022     4.4029     0.2636     0.1528    33.9297    33.9337    8.25909         25 0.0000e+00
    171.000    169.161    -0.9361  27.531082    -0.9330  27.533894     7.5745     7.7937     1.9092    92.9916 1.0000e-12  -74.05366 -117.55755  46.896780      95.03 7.4196e+02    448.786      10772  1028.1105  1028.1106     4.4115     0.4585     0.1560    33.9339    33.9343    8.27187         25 0.0000e+00
    172.000    170.150    -0.9563  27.513250    -0.9528  27.517473     7.5460     7.7625     1.4738    92.8242 1.0000e-12  -74.05366 -117.55756  46.896792      99.64 7.4203e+02    449.837      10797  1028.1145  1028.1157     4.4035     0.3473     0.1477    33.9319    33.9337    8.27644         25 0.0000e+00
    173.000    171.139    -0.9978  27.480059    -0.9970  27.481349     7.5342     7.7517     1.9165    93.1932 1.0000e-12  -74.05366 -117.55756  46.896804      99.85 7.4122e+02    450.848      10821  1028.1224  1028.1231     4.4211     0.4673     0.1534    33.9329    33.9338    8.28554         24 0.0000e+00
    174.000    172.128    -1.0159  27.467230    -1.0155  27.467888     7.5137     7.7338     1.9556    92.0307 1.0000e-12  -74.05366 -117.55756  46.896815      99.87 7.4118e+02    451.832      10845  1028.1297  1028.1300     4.3663     0.3980     0.1530    33.9352    33.9356    8.28939         23 0.0000e+00
    175.000    173.116    -1.0597  27.431480    -1.0601  27.432499     7.4667     7.6819     2.1484    92.4823 1.0000e-12  -74.05366 -117.55756  46.896827      99.89 7.4219e+02    452.827      10869  1028.1371  1028.1384     4.3870     0.3005     0.1643    33.9354    33.9371    8.29908         24 0.0000e+00
    176.000    174.105    -1.1064  27.396355    -1.1069  27.396557     7.4389     7.6456     1.9675    92.4962 1.0000e-12  -74.05366 -117.55756  46.896838      99.89 7.4147e+02    453.831      10893  1028.1476  1028.1484     4.3880     0.3029     0.1480    33.9395    33.9404    8.30917         25 0.0000e+00
    177.000    175.095    -1.1361  27.373480    -1.1361  27.374151     7.3894     7.6093     1.7312    92.8044 1.0000e-12  -74.05366 -117.55756  46.896850      99.86 7.4137e+02    454.845      10917  1028.1550  1028.1558     4.4027     0.4675     0.1522    33.9412    33.9422    8.31566         24 0.0000e+00
    178.000    176.083    -1.1934  27.327990    -1.1943  27.329329     7.3395     7.5677     1.8883    92.7864 1.0000e-12  -74.05366 -117.55756  46.896862      99.88 7.4256e+02    455.869      10942  1028.1645  1028.1669     4.4017     0.3391     0.1465    33.9432    33.9461    8.32828         24 0.0000e+00
    179.000    177.071    -1.2704  27.269250    -1.2713  27.270007     7.3145     7.5336     2.1043    92.0165 1.0000e-12  -74.05366 -117.55756  46.896873      99.87 7.4232e+02    456.858      10966  1028.1785  1028.1802     4.3651     0.3986     0.1458    33.9494    33.9514    8.34509         24 0.0000e+00
    180.000    178.062    -1.2950  27.250196    -1.2952  27.250907     7.2841     7.5138     1.8839    91.6413 1.0000e-12  -74.05366 -117.55756  46.896885      99.89 7.4081e+02    457.819      10989  1028.1848  1028.1858     4.3477     0.3047     0.1565    33.9504    33.9517    8.35052         23 0.0000e+00
    181.000    179.049    -1.3301  27.223312    -1.3284  27.225350     7.2692     7.4948     1.4395    92.6505 1.0000e-12  -74.05366 -117.55756  46.896896      99.86 7.4209e+02    458.806      11012  1028.1927  1028.1934     4.3953     0.4623     0.1579    33.9528    33.9537    8.35825         24 0.0000e+00
    182.000    180.037    -1.3552  27.204252    -1.3562  27.204405     7.2716     7.4840     1.3404    92.3821 1.0000e-12  -74.05366 -117.55756  46.896908      99.87 7.4202e+02    459.821      11037  1028.1996  1028.2006     4.3826     0.3868     0.1431    33.9544    33.9557    8.36378         24 0.0000e+00
    183.000    181.029    -1.3669  27.196522    -1.3665  27.197108     7.2599     7.4744     1.5138    92.7563 1.0000e-12  -74.05366 -117.55756  46.896919      99.59 7.4125e+02    460.841      11061  1028.2057  1028.2060     4.4003     0.3438     0.1389    33.9564    33.9568    8.36627         25 0.0000e+00
    184.000    182.015    -1.3759  27.190141    -1.3764  27.190101     7.2663     7.4778     1.4621    92.6938 1.0000e-12  -74.05366 -117.55756  46.896931      90.94 7.4334e+02    461.848      11085  1028.2109  1028.2114     4.3974     0.2184     0.1462    33.9572    33.9578    8.36825         24 0.0000e+00
    185.000    183.004    -1.3846  27.184231    -1.3846  27.184681     7.2677     7.4759     1.3412    92.5897 1.0000e-12  -74.05366 -117.55756  46.896943      99.90 7.4309e+02    462.833      11109  1028.2164  1028.2169     4.3925     0.2786     0.1423    33.9583    33.9590    8.37013         23 0.0000e+00
    186.000    183.992    -1.3894  27.181800    -1.3892  27.182467     7.2554     7.4646     1.2671    92.8915 1.0000e-12  -74.05366 -117.55756  46.896954      99.88 7.4114e+02    463.815      11133  1028.2221  1028.2226     4.4067     0.3102     0.1450    33.9599    33.9606    8.37112         24 0.0000e+00
    187.000    184.982    -1.3979  27.176185    -1.3980  27.176429     7.2590     7.4575     1.1040    92.2756 1.0000e-12  -74.05366 -117.55756  46.896966      99.87 7.4293e+02    464.824      11157  1028.2278  1028.2281     4.3775     0.4052     0.1466    33.9612    33.9616    8.37296         24 0.0000e+00
    188.000    185.971    -1.3998  27.176041    -1.4000  27.176208     7.2567     7.4533     1.1969    93.0965 1.0000e-12  -74.05366 -117.55756  46.896978      99.90 7.4317e+02    465.860      11182  1028.2332  1028.2336     4.4164     0.1967     0.1391    33.9625    33.9630    8.37330         25 0.0000e+00
    189.000    186.959    -1.4072  27.171510    -1.4076  27.171501     7.2512     7.4514     1.3328    92.9282 1.0000e-12  -74.05366 -117.55756  46.896989      99.90 7.4180e+02    466.887      11206  1028.2392  1028.2396     4.4084     0.2297     0.1372    33.9640    33.9645    8.37487         25 0.0000e+00
    190.000    187.948    -1.4126  27.168912    -1.4129  27.168921     7.2522     7.4458     1.1126    92.2923 1.0000e-12  -74.05366 -117.55756  46.897001      99.89 7.4284e+02    467.896      11230  1028.2454  1028.2457     4.3784     0.3018     0.1399    33.9660    33.9663    8.37597         24 0.0000e+00
    191.000    188.937    -1.4127  27.170399    -1.4130  27.170338     7.2550     7.4384     0.8663    92.9930 1.0000e-12  -74.05366 -117.55756  46.897013      99.89 7.4394e+02    468.892      11254  1028.2511  1028.2513     4.4115     0.2690     0.1401    33.9676    33.9678    8.37591         24 0.0000e+00
    192.000    189.925    -1.4132  27.171596    -1.4131  27.171655     7.2367     7.4261     0.9530    93.0839 1.0000e-12  -74.05366 -117.55756  46.897024      99.90 7.4224e+02    469.880      11278  1028.2568  1028.2568     4.4158     0.2048     0.1400    33.9691    33.9692    8.37592         23 0.0000e+00
    193.000    190.916    -1.4154  27.170770    -1.4156  27.170790     7.2172     7.4077     1.0157    93.3697 1.0000e-12  -74.05366 -117.55756  46.897036      99.90 7.4202e+02    470.867      11302  1028.2621  1028.2623     4.4294     0.2217     0.1359    33.9699    33.9702    8.37638         24 0.0000e+00
    194.000    191.903    -1.4297  27.161089    -1.4295  27.161322     7.2085     7.3968     0.9637    93.1237 1.0000e-12  -74.05366 -117.55756  46.897047      99.90 7.4288e+02    471.874      11326  1028.2693  1028.2694     4.4178     0.2203     0.1354    33.9721    33.9723    8.37945         25 0.0000e+00
    195.000    192.892    -1.4464  27.147477    -1.4460  27.148323     7.1905     7.3825     0.9272    92.7150 1.0000e-12  -74.05366 -117.55756  46.897059      99.90 7.4320e+02    472.880      11350  1028.2746  1028.2752     4.3988     0.2393     0.1342    33.9718    33.9725    8.38324         24 0.0000e+00
    196.000    193.881    -1.4563  27.141004    -1.4565  27.141214     7.1875     7.3766     0.8546    93.8621 1.0000e-12  -74.05366 -117.55756  46.897071      99.91 7.4247e+02    473.896      11375  1028.2811  1028.2814     4.4523     0.1720     0.1398    33.9735    33.9739    8.38536         24 0.0000e+00
    197.000    194.869    -1.4547  27.144698    -1.4558  27.143634     7.1873     7.3724     0.6606    93.3545 1.0000e-12  -74.05366 -117.55756  46.897082      99.74 7.4375e+02    474.919      11399  1028.2876  1028.2875     4.4287     0.2870     0.1411    33.9761    33.9759    8.38484         24 0.0000e+00
    198.000    195.858    -1.4516  27.147847    -1.4554  27.144965     7.1752     7.3657     0.8359    93.2097 1.0000e-12  -74.05366 -117.55756  46.897094      99.90 7.4265e+02    475.932      11423  1028.2922  1028.2926     4.4218     0.2197     0.1373    33.9764    33.9767    8.38414         25 0.0000e+00
    199.000    196.846    -1.4739  27.129857    -1.4760  27.128386     7.1528     7.3528     0.8177    93.5692 1.0000e-12  -74.05366 -117.55756  46.897106      99.90 7.4108e+02    476.932      11447  1028.2979  1028.2984     4.4389     0.2169     0.1399    33.9762    33.9766    8.38916         24 0.0000e+00
    200.000    197.837    -1.4787  27.126294    -1.4782  27.126869     7.1421     7.3403     0.8384    93.5024 1.0000e-12  -74.05366 -117.55756  46.897117      99.89 7.4298e+02    477.936      11471  1028.3028  1028.3029     4.4359     0.2342     0.1357    33.9762    33.9764    8.39025         24 0.0000e+00
    201.000    198.825    -1.4850  27.121895    -1.4850  27.121840     7.1362     7.3229     0.8551    94.0516 1.0000e-12  -74.05366 -117.55756  46.897129      99.91 7.4364e+02    478.931      11495  1028.3081  1028.3080     4.4615     0.1768     0.1460    33.9767    33.9765    8.39164         24 0.0000e+00
    202.000    199.812    -1.4877  27.120738    -1.4897  27.119547     7.1231     7.3130     0.7606    94.1252 1.0000e-12  -74.05366 -117.55756  46.897140      99.90 7.4165e+02    479.909      11519  1028.3136  1028.3142     4.4652     0.1408     0.1310    33.9775    33.9781    8.39220         23 0.0000e+00
    203.000    200.801    -1.5020  27.111874    -1.5034  27.110876     7.1068     7.3074     0.6399    94.0684 1.0000e-12  -74.05366 -117.55756  46.897152      99.90 7.4374e+02    480.904      11543  1028.3217  1028.3221     4.4625     0.1996     0.1524    33.9809    33.9812    8.39521         24 0.0000e+00
    204.000    201.791    -1.5044  27.110428    -1.5050  27.110072     7.1047     7.3008     0.5734    93.9211 1.0000e-12  -74.05366 -117.55756  46.897163      99.90 7.4359e+02    481.921      11567  1028.3266  1028.3268     4.4556     0.2142     0.1693    33.9811    33.9813    8.39576         25 0.0000e+00
    205.000    202.778    -1.5062  27.110130    -1.5060  27.110276     7.1039     7.2920     0.5859    93.8403 1.0000e-12  -74.05366 -117.55756  46.897175      99.90 7.4125e+02    482.924      11591  1028.3321  1028.3320     4.4519     0.2162     0.1384    33.9820    33.9820    8.39610         24 0.0000e+00
    206.000    203.767    -1.5088  27.108989    -1.5088  27.109051     7.0917     7.2847     1.0134    94.3260 1.0000e-12  -74.05366 -117.55756  46.897187      99.90 7.4295e+02    483.921      11615  1028.3375  1028.3375     4.4745     0.1676     0.1371    33.9828    33.9829    8.39664         23 0.0000e+00
    207.000    204.755    -1.5133  27.107107    -1.5135  27.107055     7.0796     7.2704     0.6822    93.9452 1.0000e-12  -74.05366 -117.55756  46.897198      99.90 7.4338e+02    484.925      11639  1028.3439  1028.3441     4.4567     0.1880     0.1349    33.9847    33.9849    8.39755         25 0.0000e+00
    208.000    205.747    -1.5154  27.107775    -1.5154  27.107627     7.0618     7.2551     0.9395    94.1383 1.0000e-12  -74.05366 -117.55756  46.897210      99.89 7.4188e+02    485.936      11663  1028.3509  1028.3507     4.4658     0.2538     0.1357    33.9874    33.9872    8.39786         24 0.0000e+00
