ocean_section_plots/required_files/ctd/dnbp2202_ctd223.cnv
* Sea-Bird SBE 9 Data File:
* FileName = D:\Data\raw\NBP2202_CTD223.hex
* Software Version Seasave V 7.26.7.121
* Temperature SN = 1649
* Conductivity SN = 2513
* Number of Bytes Per Scan = 40
* Number of Voltage Words = 5
* Number of Scans Averaged by the Deck Unit = 1
* NMEA Latitude = 74 00.22 S
* NMEA Longitude = 111 23.15 W
* NMEA UTC (Time) = Feb 12 2022  09:02:06
* NMEA baud rate = 9600
** Ship: RVIB N.B. Palmer
** Cruise: NBP2202 Thwaites
** Station: 134
** Operator: B. Bjork
# nquan = 28
# nvalues = 610                         
# units = specified
# name 0 = prDM: Pressure, Digiquartz [db]
# name 1 = depSM: Depth [salt water, m]
# name 2 = t090C: Temperature [ITS-90, deg C]
# name 3 = c0mS/cm: Conductivity [mS/cm]
# name 4 = t190C: Temperature, 2 [ITS-90, deg C]
# name 5 = c1mS/cm: Conductivity, 2 [mS/cm]
# name 6 = sbeox0ML/L: Oxygen, SBE 43 [ml/l]
# name 7 = sbeox1ML/L: Oxygen, SBE 43, 2 [ml/l]
# name 8 = flECO-AFL: Fluorescence, WET Labs ECO-AFL/FL [mg/m^3]
# name 9 = CStarTr0: Beam Transmission, WET Labs C-Star [%]
# name 10 = par: PAR/Irradiance, Biospherical/Licor
# name 11 = latitude: Latitude [deg]
# name 12 = longitude: Longitude [deg]
# name 13 = timeJ: Julian Days
# name 14 = altM: Altimeter [m]
# name 15 = spar: SPAR, Biospherical/Licor
# name 16 = timeS: Time, Elapsed [seconds]
# name 17 = scan: Scan Count
# name 18 = density00: Density [density, kg/m^3]
# name 19 = density11: Density, 2 [density, kg/m^3]
# name 20 = v3: Voltage 3
# name 21 = v4: Voltage 4
# name 22 = v5: Voltage 5
# name 23 = sal00: Salinity, Practical [PSU]
# name 24 = sal11: Salinity, Practical, 2 [PSU]
# name 25 = oxsolML/L: Oxygen Saturation, Garcia & Gordon [ml/l]
# name 26 = nbin: number of scans per bin
# name 27 = flag: flag
# span 0 =      1.000,    610.000       
# span 1 =      0.990,    602.804       
# span 2 =    -1.4515,     0.2934       
# span 3 =  26.930912,  29.178696       
# span 4 =    -1.4510,     0.2951       
# span 5 =  26.931910,  29.178654       
# span 6 =     4.6834,     6.8842       
# span 7 =     4.8274,     7.1252       
# span 8 =    -0.0151,     5.2385       
# span 9 =    90.0918,    97.5363       
# span 10 = -3.251e-05, 7.2613e+00      
# span 11 =  -74.00374,  -74.00372      
# span 12 = -111.38594, -111.38590      
# span 13 =  43.378776,  43.387983      
# span 14 =       6.04,     100.32      
# span 15 = 2.8136e+01, 4.3162e+01      
# span 16 =    200.226,    995.729      
# span 17 =       4806,      23898      
# span 18 =  1027.1783,  1030.5641      
# span 19 =  1027.1775,  1030.5624      
# span 20 =     4.2741,     4.6270      
# span 21 =     0.0650,     0.9063      
# span 22 =     0.1158,     0.1518      
# span 23 =    33.7627,    34.4924      
# span 24 =    33.7702,    34.4903      
# span 25 =    7.97752,    8.39151      
# span 26 =          5,         56      
# span 27 = 0.0000e+00, 0.0000e+00      
# interval = decibars: 1                
# start_time = Feb 12 2022 09:02:06 [NMEA time, header]
# bad_flag = -9.990e-29
*END*
[from data line 259]
    260.000    257.150    -1.2144  27.464311    -1.2133  27.464414     6.0067     6.2129     0.0210    97.4902 1.0000e-12  -74.00374 -111.38593  43.382636      99.83 3.8119e+01    533.761      12811  1028.6792  1028.6782     4.6248     0.0755     0.1244    34.1029    34.1018    8.32353         24 0.0000e+00
    261.000    258.138    -1.2112  27.467523    -1.2103  27.467582     6.0012     6.2086     0.0144    97.4845 1.0000e-12  -74.00374 -111.38593  43.382647      99.83 3.7036e+01    534.736      12835  1028.6840  1028.6831     4.6245     0.0753     0.1213    34.1030    34.1020    8.32281         23 0.0000e+00
    262.000    259.127    -1.2090  27.470208    -1.2076  27.470580     5.9980     6.2068     0.0210    97.4866 1.0000e-12  -74.00374 -111.38593  43.382659      99.83 3.7866e+01    535.711      12858  1028.6892  1028.6883     4.6246     0.0737     0.1203    34.1036    34.1025    8.32229         23 0.0000e+00
    263.000    260.115    -1.2066  27.472822    -1.2059  27.472608     6.0025     6.2100     0.0158    97.4764 1.0000e-12  -74.00374 -111.38593  43.382670      99.83 3.8268e+01    536.685      12881  1028.6941  1028.6933     4.6241     0.0748     0.1219    34.1038    34.1028    8.32174         24 0.0000e+00
    264.000    261.104    -1.2052  27.474582    -1.2043  27.474603     5.9946     6.2070     0.0143    97.4831 1.0000e-12  -74.00374 -111.38593  43.382681      99.84 3.7042e+01    537.650      12905  1028.6992  1028.6982     4.6245     0.0756     0.1234    34.1040    34.1030    8.32142         23 0.0000e+00
    265.000    262.091    -1.2039  27.476164    -1.2029  27.476350     5.9856     6.1964     0.0101    97.4799 1.0000e-12  -74.00374 -111.38593  43.382692      99.83 3.7478e+01    538.620      12928  1028.7040  1028.7032     4.6243     0.0725     0.1195    34.1041    34.1032    8.32113         23 0.0000e+00
    266.000    263.080    -1.1977  27.483356    -1.1952  27.485032     5.9823     6.1912     0.0098    97.4833 1.0000e-12  -74.00374 -111.38593  43.382704      99.83 3.7793e+01    539.601      12951  1028.7102  1028.7097     4.6245     0.0732     0.1195    34.1063    34.1057    8.31962         23 0.0000e+00
    267.000    264.067    -1.1834  27.500113    -1.1791  27.503374     5.9803     6.1913     0.0183    97.4828 1.0000e-12  -74.00374 -111.38593  43.382715      99.84 3.6866e+01    540.571      12975  1028.7190  1028.7183     4.6245     0.0735     0.1226    34.1123    34.1119    8.31608         24 0.0000e+00
    268.000    265.058    -1.1784  27.505845    -1.1777  27.505692     5.9872     6.1944     0.0245    97.5018 1.0000e-12  -74.00374 -111.38593  43.382726      73.06 3.7019e+01    541.548      12998  1028.7249  1028.7240     4.6254     0.0704     0.1217    34.1139    34.1128    8.31488         24 0.0000e+00
    269.000    266.044    -1.1800  27.505240    -1.1799  27.504514     6.0024     6.2046     0.0078    97.4989 1.0000e-12  -74.00374 -111.38593  43.382738      92.69 3.7381e+01    542.544      13022  1028.7302  1028.7293     4.6253     0.0716     0.1222    34.1143    34.1131    8.31522         24 0.0000e+00
    270.000    267.035    -1.1817  27.505042    -1.1809  27.504971     6.0209     6.2229     0.0142    97.4934 1.0000e-12  -74.00374 -111.38593  43.382749      99.73 3.7479e+01    543.526      13046  1028.7360  1028.7352     4.6250     0.0722     0.1264    34.1152    34.1142    8.31552         23 0.0000e+00
    271.000    268.020    -1.1915  27.501123    -1.1909  27.501135     6.0377     6.2390     0.0143    97.4911 1.0000e-12  -74.00374 -111.38592  43.382760      99.83 3.7481e+01    544.504      13069  1028.7458  1028.7453     4.6249     0.0716     0.1206    34.1204    34.1198    8.31740         23 0.0000e+00
    272.000    269.011    -1.1959  27.499860    -1.1951  27.499782     6.0410     6.2369     0.0081    97.5011 1.0000e-12  -74.00374 -111.38594  43.382772      99.84 3.7535e+01    545.489      13093  1028.7531  1028.7522     4.6254     0.0736     0.1247    34.1231    34.1220    8.31822         24 0.0000e+00
    273.000    269.998    -1.1970  27.500004    -1.1964  27.499840     6.0385     6.2372     0.0069    97.5085 1.0000e-12  -74.00374 -111.38592  43.382783      99.83 3.7462e+01    546.478      13116  1028.7586  1028.7579     4.6257     0.0738     0.1213    34.1239    34.1230    8.31841         24 0.0000e+00
    274.000    270.988    -1.1951  27.503215    -1.1942  27.503182     6.0413     6.2373     0.0069    97.4340 1.0000e-12  -74.00374 -111.38594  43.382795      99.83 3.7097e+01    547.459      13140  1028.7646  1028.7637     4.6221     0.0737     0.1200    34.1255    34.1245    8.31790         23 0.0000e+00
    275.000    271.974    -1.1883  27.511178    -1.1886  27.510124     6.0369     6.2453     0.0106    97.4626 1.0000e-12  -74.00374 -111.38592  43.382806      99.84 3.7464e+01    548.445      13164  1028.7710  1028.7702     4.6235     0.0723     0.1205    34.1280    34.1270    8.31623         24 0.0000e+00
    276.000    272.964    -1.1939  27.507891    -1.1932  27.507670     6.0386     6.2476     0.0143    97.4710 1.0000e-12  -74.00374 -111.38594  43.382817      99.83 3.7557e+01    549.418      13187  1028.7772  1028.7763     4.6239     0.0716     0.1210    34.1293    34.1282    8.31741         23 0.0000e+00
    277.000    273.952    -1.1943  27.508260    -1.1934  27.508284     6.0428     6.2515     0.0143    97.4892 1.0000e-12  -74.00374 -111.38594  43.382829      99.83 3.6877e+01    550.392      13210  1028.7823  1028.7816     4.6247     0.0750     0.1209    34.1296    34.1287    8.31747         24 0.0000e+00
    278.000    274.940    -1.1947  27.508488    -1.1937  27.508524     6.0510     6.2574     0.0162    97.4900 1.0000e-12  -74.00374 -111.38594  43.382840      99.83 3.7020e+01    551.367      13234  1028.7872  1028.7864     4.6248     0.0735     0.1192    34.1298    34.1288    8.31755         23 0.0000e+00
    279.000    275.928    -1.1964  27.507599    -1.1959  27.507445     6.0565     6.2654     0.0288    97.4829 1.0000e-12  -74.00374 -111.38592  43.382851      99.84 3.7021e+01    552.346      13257  1028.7923  1028.7917     4.6244     0.0734     0.1206    34.1300    34.1292    8.31794         24 0.0000e+00
    280.000    276.917    -1.2010  27.504771    -1.2006  27.504342     6.0650     6.2610     0.0217    97.4366 1.0000e-12  -74.00372 -111.38592  43.382863      99.83 3.7021e+01    553.326      13281  1028.7979  1028.7972     4.6223     0.0727     0.1200    34.1306    34.1296    8.31891         23 0.0000e+00
    281.000    277.906    -1.2043  27.502741    -1.2036  27.502646     6.0647     6.2603     0.0085    97.5026 1.0000e-12  -74.00372 -111.38592  43.382874      99.83 3.7401e+01    554.304      13304  1028.8032  1028.8025     4.6254     0.0723     0.1186    34.1310    34.1300    8.31962         24 0.0000e+00
    282.000    278.893    -1.2041  27.503636    -1.2031  27.503689     6.0617     6.2675     0.0069    97.4895 1.0000e-12  -74.00372 -111.38592  43.382885      99.68 3.7388e+01    555.295      13328  1028.8083  1028.8074     4.6248     0.0732     0.1259    34.1314    34.1304    8.31955         24 0.0000e+00
    283.000    279.882    -1.2035  27.504739    -1.2027  27.504609     6.0568     6.2578     0.0168    97.4933 1.0000e-12  -74.00372 -111.38592  43.382897      99.46 3.6943e+01    556.294      13352  1028.8132  1028.8123     4.6250     0.0753     0.1213    34.1316    34.1305    8.31941         23 0.0000e+00
    284.000    280.869    -1.2032  27.505576    -1.2022  27.505510     6.0577     6.2574     0.0217    97.4881 1.0000e-12  -74.00372 -111.38592  43.382908      99.84 3.7696e+01    557.290      13376  1028.8181  1028.8171     4.6247     0.0724     0.1211    34.1318    34.1306    8.31933         24 0.0000e+00
    285.000    281.860    -1.2027  27.506314    -1.2019  27.506346     6.0596     6.2615     0.0250    97.5012 1.0000e-12  -74.00372 -111.38592  43.382920      99.84 3.8054e+01    558.285      13400  1028.8227  1028.8219     4.6253     0.0746     0.1191    34.1317    34.1307    8.31924         24 0.0000e+00
    286.000    282.846    -1.2021  27.507666    -1.2012  27.507636     6.0572     6.2670     0.0231    97.4881 1.0000e-12  -74.00372 -111.38592  43.382932      99.83 3.7235e+01    559.279      13424  1028.8278  1028.8269     4.6247     0.0744     0.1205    34.1321    34.1311    8.31906         24 0.0000e+00
    287.000    283.835    -1.2016  27.508833    -1.2008  27.508763     6.0540     6.2594     0.0143    97.4763 1.0000e-12  -74.00372 -111.38592  43.382943      99.84 3.7903e+01    560.273      13448  1028.8330  1028.8320     4.6241     0.0732     0.1199    34.1326    34.1315    8.31894         24 0.0000e+00
    288.000    284.823    -1.2005  27.510681    -1.1996  27.510631     6.0518     6.2558     0.0131    97.4774 1.0000e-12  -74.00372 -111.38592  43.382955      99.83 3.7829e+01    561.272      13472  1028.8382  1028.8372     4.6242     0.0723     0.1222    34.1333    34.1321    8.31865         24 0.0000e+00
    289.000    285.812    -1.2005  27.511237    -1.1999  27.510899     6.0517     6.2590     0.0115    97.4472 1.0000e-12  -74.00372 -111.38592  43.382966      99.84 3.7385e+01    562.278      13496  1028.8431  1028.8421     4.6227     0.0704     0.1224    34.1334    34.1322    8.31865         24 0.0000e+00
    290.000    286.800    -1.1995  27.513114    -1.1989  27.512536     6.0465     6.2670     0.0526    97.4808 1.0000e-12  -74.00372 -111.38592  43.382978      99.84 3.7609e+01    563.275      13520  1028.8484  1028.8472     4.6244     0.0730     0.1181    34.1342    34.1328    8.31837         24 0.0000e+00
    291.000    287.786    -1.1956  27.518010    -1.1947  27.517776     6.0482     6.2689     0.0219    97.4903 1.0000e-12  -74.00372 -111.38592  43.382989      99.83 3.7755e+01    564.272      13544  1028.8543  1028.8532     4.6248     0.0731     0.1196    34.1359    34.1345    8.31741         24 0.0000e+00
    292.000    288.777    -1.1954  27.518705    -1.1945  27.518555     6.0504     6.2646     0.0152    97.4700 1.0000e-12  -74.00372 -111.38592  43.383001      99.83 3.7682e+01    565.267      13567  1028.8591  1028.8581     4.6238     0.0743     0.1200    34.1359    34.1347    8.31735         24 0.0000e+00
    293.000    289.764    -1.1951  27.519508    -1.1941  27.519469     6.0548     6.2620     0.0143    97.4551 1.0000e-12  -74.00372 -111.38592  43.383012      99.84 3.7320e+01    566.257      13591  1028.8640  1028.8630     4.6231     0.0722     0.1239    34.1361    34.1349    8.31728         24 0.0000e+00
    294.000    290.753    -1.1949  27.520181    -1.1939  27.520120     6.0540     6.2557     0.0092    97.4630 1.0000e-12  -74.00372 -111.38592  43.383024      99.83 3.7024e+01    567.240      13615  1028.8688  1028.8678     4.6235     0.0744     0.1194    34.1361    34.1349    8.31723         23 0.0000e+00
    295.000    291.741    -1.1943  27.521352    -1.1931  27.521490     6.0492     6.2491     0.0112    97.4571 1.0000e-12  -74.00372 -111.38592  43.383035      87.41 3.7021e+01    568.218      13638  1028.8738  1028.8728     4.6232     0.0708     0.1244    34.1364    34.1353    8.31708         24 0.0000e+00
    296.000    292.729    -1.1908  27.525493    -1.1911  27.524107     6.0419     6.2431     0.0108    97.4751 1.0000e-12  -74.00372 -111.38592  43.383046      49.96 3.7021e+01    569.190      13662  1028.8793  1028.8780     4.6240     0.0716     0.1220    34.1376    34.1360    8.31625         23 0.0000e+00
    297.000    293.718    -1.1855  27.531263    -1.1847  27.531083     6.0394     6.2509     0.0046    97.4277 1.0000e-12  -74.00372 -111.38592  43.383058      98.92 3.7021e+01    570.173      13685  1028.8847  1028.8837     4.6219     0.0744     0.1210    34.1388    34.1376    8.31499         24 0.0000e+00
    298.000    294.707    -1.1847  27.532580    -1.1837  27.532573     6.0433     6.2473     0.0012    97.4516 1.0000e-12  -74.00372 -111.38592  43.383069      99.84 3.7021e+01    571.155      13709  1028.8897  1028.8887     4.6229     0.0756     0.1213    34.1391    34.1379    8.31480         23 0.0000e+00
    299.000    295.694    -1.1854  27.532280    -1.1843  27.532385     6.0438     6.2488     0.0075    97.4785 1.0000e-12  -74.00372 -111.38592  43.383080      99.83 3.7021e+01    572.146      13733  1028.8943  1028.8933     4.6242     0.0739     0.1205    34.1388    34.1377    8.31496         24 0.0000e+00
    300.000    296.681    -1.1887  27.529238    -1.1874  27.529430     6.0401     6.2474     0.0143    97.4646 1.0000e-12  -74.00372 -111.38592  43.383092      99.83 3.7021e+01    573.144      13756  1028.8985  1028.8975     4.6236     0.0724     0.1217    34.1378    34.1366    8.31575         24 0.0000e+00
    301.000    297.671    -1.1852  27.533983    -1.1852  27.532540     6.0329     6.2392     0.0143    97.4699 1.0000e-12  -74.00372 -111.38592  43.383103      99.84 3.7021e+01    574.135      13780  1028.9047  1028.9030     4.6238     0.0731     0.1209    34.1398    34.1377    8.31487         24 0.0000e+00
    302.000    298.659    -1.1775  27.541698    -1.1768  27.541349     6.0300     6.2401     0.0143    97.4763 1.0000e-12  -74.00372 -111.38592  43.383115      99.83 3.7021e+01    575.137      13804  1028.9099  1028.9088     4.6241     0.0736     0.1228    34.1409    34.1397    8.31310         24 0.0000e+00
    303.000    299.647    -1.1740  27.545709    -1.1725  27.546195     6.0225     6.2340     0.0143    97.4732 1.0000e-12  -74.00372 -111.38592  43.383127      99.83 3.7021e+01    576.143      13828  1028.9151  1028.9142     4.6240     0.0715     0.1215    34.1418    34.1407    8.31226         24 0.0000e+00
    304.000    300.635    -1.1706  27.549594    -1.1703  27.548758     6.0105     6.2141     0.0087    97.4710 1.0000e-12  -74.00372 -111.38592  43.383138      99.84 3.7021e+01    577.147      13853  1028.9203  1028.9193     4.6238     0.0730     0.1180    34.1426    34.1412    8.31145         24 0.0000e+00
    305.000    301.623    -1.1556  27.566397    -1.1542  27.566519     5.9894     6.1937     0.0115    97.4624 1.0000e-12  -74.00372 -111.38592  43.383150      99.83 3.7021e+01    578.149      13877  1028.9284  1028.9271     4.6235     0.0736     0.1193    34.1479    34.1464    8.30781         24 0.0000e+00
    306.000    302.612    -1.1316  27.590979    -1.1265  27.594594     5.9727     6.1806     0.0102    97.4526 1.0000e-12  -74.00372 -111.38592  43.383162      99.84 3.7094e+01    579.157      13901  1028.9362  1028.9351     4.6230     0.0734     0.1199    34.1536    34.1528    8.30216         25 0.0000e+00
    307.000    303.600    -1.1160  27.606676    -1.1146  27.606804     5.9637     6.1722     0.0033    97.4591 1.0000e-12  -74.00372 -111.38590  43.383173      99.84 3.7384e+01    580.174      13925  1028.9425  1028.9414     4.6233     0.0723     0.1209    34.1567    34.1553    8.29852         24 0.0000e+00
    308.000    304.588    -1.1078  27.615577    -1.1074  27.614672     5.9593     6.1655     0.0051    97.4624 1.0000e-12  -74.00372 -111.38592  43.383185      99.79 3.7388e+01    581.178      13949  1028.9487  1028.9473     4.6234     0.0732     0.1185    34.1589    34.1572    8.29657         24 0.0000e+00
    309.000    305.575    -1.1046  27.618823    -1.1034  27.618831     5.9547     6.1609     0.0142    97.4411 1.0000e-12  -74.00372 -111.38590  43.383196      94.61 3.8043e+01    582.179      13973  1028.9536  1028.9525     4.6224     0.0741     0.1200    34.1591    34.1578    8.29586         24 0.0000e+00
    310.000    306.564    -1.1033  27.620602    -1.1018  27.620926     5.9578     6.1615     0.0113    97.4420 1.0000e-12  -74.00372 -111.38592  43.383208      99.77 3.8049e+01    583.175      13997  1028.9587  1028.9576     4.6225     0.0725     0.1198    34.1594    34.1582    8.29555         24 0.0000e+00
