ocean_section_plots/required_files/ctd/dnbp2202_ctd062.cnv
* Sea-Bird SBE 9 Data File:
* FileName = D:\Data\raw\NBP2202_CTD062.hex
* Software Version Seasave V 7.26.7.121
* Temperature SN = 1649
* Conductivity SN = 2513
* Number of Bytes Per Scan = 40
* Number of Voltage Words = 5
* Number of Scans Averaged by the Deck Unit = 1
* NMEA Latitude = 73 59.29 S
* NMEA Longitude = 111 44.96 W
* NMEA UTC (Time) = Jan 25 2022  12:18:04
* NMEA baud rate = 9600
** Ship: RVIB N.B. Palmer
** Cruise: NBP2202 Thwaites
** Station: 43
** Operator: B.Bjork
# nquan = 25
# nvalues = 505                         
# units = specified
# name 0 = prDM: Pressure, Digiquartz [db]
# name 1 = depSM: Depth [salt water, m]
# name 2 = t090C: Temperature [ITS-90, deg C]
# name 3 = c0mS/cm: Conductivity [mS/cm]
# name 4 = t190C: Temperature, 2 [ITS-90, deg C]
# name 5 = c1mS/cm: Conductivity, 2 [mS/cm]
# name 6 = sbeox0ML/L: Oxygen, SBE 43 [ml/l]
# name 7 = sbeox1ML/L: Oxygen, SBE 43, 2 [ml/l]
# name 8 = flECO-AFL: Fluorescence, WET Labs ECO-AFL/FL [mg/m^3]
# name 9 = CStarTr0: Beam Transmission, WET Labs C-Star [%]
# name 10 = par: PAR/Irradiance, Biospherical/Licor
# name 11 = latitude: Latitude [deg]
# name 12 = longitude: Longitude [deg]
# name 13 = timeJ: Julian Days
# name 14 = altM: Altimeter [m]
# name 15 = spar: SPAR, Biospherical/Licor
# name 16 = timeS: Time, Elapsed [seconds]
# name 17 = scan: Scan Count
# name 18 = density00: Density [density, kg/m^3]
# name 19 = density11: Density, 2 [density, kg/m^3]
# name 20 = sal00: Salinity, Practical [PSU]
# name 21 = sal11: Salinity, Practical, 2 [PSU]
# name 22 = oxsolML/L: Oxygen Saturation, Garcia & Gordon [ml/l]
# name 23 = nbin: number of scans per bin
# name 24 = flag: flag
# span 0 =      4.000,    508.000       
# span 1 =      3.956,    502.131       
# span 2 =    -1.4761,     0.1935       
# span 3 =  27.086118,  29.027405       
# span 4 =    -1.4748,     0.1956       
# span 5 =  27.085763,  29.027129       
# span 6 =     4.7442,     9.1386       
# span 7 =     4.9277,     9.4311       
# span 8 =    -0.0204,    30.0818       
# span 9 =    65.6794,    96.2459       
# span 10 = -3.173e-05, 3.0945e+01      
# span 11 =  -73.98822,  -73.98788      
# span 12 = -111.74937, -111.74873      
# span 13 =  25.514223,  25.522958      
# span 14 =       4.66,     104.05      
# span 15 = 1.8963e+02, 2.8006e+02      
# span 16 =    144.866,    899.546      
# span 17 =       3478,      21590      
# span 18 =  1027.1875,  1030.0673      
# span 19 =  1027.1878,  1030.0652      
# span 20 =    33.8042,    34.4633      
# span 21 =    33.8042,    34.4606      
# span 22 =    7.99988,    8.38992      
# span 23 =          2,         66      
# span 24 = 0.0000e+00, 0.0000e+00      
# interval = decibars: 1                
# start_time = Jan 25 2022 12:18:04 [NMEA time, header]
# bad_flag = -9.990e-29
*END*
[from data line 174]
    178.000    176.084    -1.3086  27.297994    -1.3079  27.297578     6.0298     6.2903     0.2368    95.5021 1.0000e-12  -73.98802 -111.74905  25.517602      99.92 2.5252e+02    436.835      10485  1028.2341  1028.2330    34.0328    34.0315    8.34869         26 0.0000e+00
    179.000    177.073    -1.3028  27.304177    -1.3022  27.303624     6.0165     6.2793     0.2005    95.4330 1.0000e-12  -73.98802 -111.74905  25.517614      99.91 2.5209e+02    437.887      10510  1028.2396  1028.2384    34.0340    34.0326    8.34731         25 0.0000e+00
    180.000    178.061    -1.2929  27.314398    -1.2920  27.313974     6.0023     6.2633     0.2834    95.1101 1.0000e-12  -73.98802 -111.74905  25.517626      99.91 2.5243e+02    438.928      10535  1028.2457  1028.2443    34.0363    34.0346    8.34498         26 0.0000e+00
    181.000    179.050    -1.2858  27.321640    -1.2850  27.321204     5.9923     6.2518     0.5156    95.0321 1.0000e-12  -73.98802 -111.74906  25.517639      99.91 2.5339e+02    440.039      10562  1028.2512  1028.2499    34.0375    34.0359    8.34332         28 0.0000e+00
    182.000    180.040    -1.2788  27.328888    -1.2778  27.328662     5.9872     6.2413     0.3800    95.2932 1.0000e-12  -73.98802 -111.74906  25.517654      99.92 2.5277e+02    441.299      10592  1028.2568  1028.2555    34.0389    34.0374    8.34167         31 0.0000e+00
    183.000    181.027    -1.2721  27.336149    -1.2714  27.335606     5.9754     6.2296     0.7958    95.6139 1.0000e-12  -73.98802 -111.74904  25.517669      99.91 2.5413e+02    442.576      10623  1028.2627  1028.2615    34.0406    34.0391    8.34007         31 0.0000e+00
    184.000    182.016    -1.2677  27.340955    -1.2676  27.339857     5.9722     6.2199     0.2614    95.5352 1.0000e-12  -73.98802 -111.74904  25.517684      99.91 2.5486e+02    443.895      10654  1028.2682  1028.2669    34.0415    34.0399    8.33903         33 0.0000e+00
    185.000    183.005    -1.2643  27.344512    -1.2645  27.343200     5.9644     6.2082     0.2186    95.6060 1.0000e-12  -73.98802 -111.74904  25.517700      94.35 2.5503e+02    445.298      10688  1028.2733  1028.2720    34.0419    34.0404    8.33825         33 0.0000e+00
    186.000    183.996    -1.2572  27.351668    -1.2562  27.351449     5.9530     6.2057     0.2155    95.1803 1.0000e-12  -73.98801 -111.74904  25.517716      98.20 2.5605e+02    446.671      10721  1028.2787  1028.2775    34.0430    34.0416    8.33659         31 0.0000e+00
    187.000    184.983    -1.2539  27.355145    -1.2542  27.353804     5.9436     6.2007     0.3228    95.4837 1.0000e-12  -73.98800 -111.74904  25.517732      99.90 2.5668e+02    448.029      10754  1028.2837  1028.2826    34.0435    34.0420    8.33584         33 0.0000e+00
    188.000    185.971    -1.2497  27.359609    -1.2491  27.358884     5.9282     6.1838     0.2748    95.5692 1.0000e-12  -73.98800 -111.74902  25.517748      99.91 2.5685e+02    449.420      10787  1028.2889  1028.2876    34.0441    34.0425    8.33485         33 0.0000e+00
    189.000    186.960    -1.2427  27.366450    -1.2417  27.366238     5.9248     6.1715     0.2066    95.1176 1.0000e-12  -73.98800 -111.74902  25.517763      99.92 2.5766e+02    450.741      10819  1028.2942  1028.2930    34.0450    34.0436    8.33325         31 0.0000e+00
    190.000    187.949    -1.2363  27.373053    -1.2357  27.372517     5.9277     6.1667     0.2224    95.3400 1.0000e-12  -73.98800 -111.74902  25.517778      99.92 2.5812e+02    452.033      10850  1028.2996  1028.2984    34.0462    34.0447    8.33176         31 0.0000e+00
    191.000    188.937    -1.2345  27.375559    -1.2337  27.375276     5.9287     6.1754     0.2299    95.7249 1.0000e-12  -73.98800 -111.74902  25.517793      99.92 2.5886e+02    453.348      10881  1028.3050  1028.3039    34.0469    34.0456    8.33131         32 0.0000e+00
    192.000    189.926    -1.2330  27.378243    -1.2326  27.377519     5.9357     6.1784     0.1952    95.4978 1.0000e-12  -73.98800 -111.74902  25.517808      99.91 2.5902e+02    454.637      10912  1028.3109  1028.3098    34.0482    34.0469    8.33089         30 0.0000e+00
    193.000    190.915    -1.2344  27.377485    -1.2337  27.377129     5.9348     6.1753     0.2210    95.5386 1.0000e-12  -73.98800 -111.74901  25.517823      99.91 2.5920e+02    455.880      10942  1028.3159  1028.3148    34.0483    34.0469    8.33122         30 0.0000e+00
    194.000    191.904    -1.2340  27.378436    -1.2332  27.378049     5.9306     6.1797     0.4470    95.6020 1.0000e-12  -73.98800 -111.74900  25.517838      99.91 2.6116e+02    457.207      10974  1028.3209  1028.3197    34.0484    34.0470    8.33110         32 0.0000e+00
    195.000    192.893    -1.2324  27.380221    -1.2312  27.380230     5.9350     6.1709     0.2689    95.4515 1.0000e-12  -73.98800 -111.74900  25.517855      96.83 2.6028e+02    458.646      11009  1028.3257  1028.3245    34.0485    34.0470    8.33076         34 0.0000e+00
    196.000    193.881    -1.2344  27.378774    -1.2318  27.380082     5.9374     6.1795     0.2730    95.7056 1.0000e-12  -73.98800 -111.74899  25.517871      99.94 2.6114e+02    460.033      11042  1028.3304  1028.3293    34.0481    34.0469    8.33122         32 0.0000e+00
    197.000    194.870    -1.2363  27.377587    -1.2351  27.377590     5.9366     6.1872     0.2817    95.7840 1.0000e-12  -73.98800 -111.74898  25.517887      99.91 2.6267e+02    461.396      11075  1028.3353  1028.3341    34.0480    34.0466    8.33164         34 0.0000e+00
    198.000    195.859    -1.2418  27.373151    -1.2410  27.372811     5.9471     6.1891     0.1956    95.7647 1.0000e-12  -73.98800 -111.74898  25.517903      99.92 2.6242e+02    462.796      11108  1028.3401  1028.3390    34.0475    34.0462    8.33289         31 0.0000e+00
    199.000    196.847    -1.2405  27.374780    -1.2399  27.374218     5.9323     6.1710     0.2263    95.5997 1.0000e-12  -73.98800 -111.74898  25.517918      99.92 2.6267e+02    464.152      11141  1028.3449  1028.3437    34.0477    34.0462    8.33260         32 0.0000e+00
    200.000    197.837    -1.2366  27.378997    -1.2359  27.378698     5.8760     6.1181     0.2495    95.6606 1.0000e-12  -73.98800 -111.74898  25.517933      99.91 2.6267e+02    465.429      11171  1028.3501  1028.3491    34.0485    34.0472    8.33170         30 0.0000e+00
    201.000    198.824    -1.1979  27.416642    -1.1964  27.416048     5.8061     6.0629     0.3201    95.4119 1.0000e-12  -73.98800 -111.74898  25.517948      99.92 2.6267e+02    466.702      11202  1028.3580  1028.3559    34.0555    34.0530    8.32267         30 0.0000e+00
    202.000    199.814    -1.1669  27.445303    -1.1639  27.446522     5.7552     6.0110     0.3644    95.6363 1.0000e-12  -73.98799 -111.74898  25.517962      99.91 2.6267e+02    467.958      11232  1028.3636  1028.3620    34.0589    34.0571    8.31557         30 0.0000e+00
    203.000    200.802    -1.1386  27.471730    -1.1377  27.470754     5.7307     5.9844     0.3696    95.6421 1.0000e-12  -73.98800 -111.74898  25.517977      99.92 2.6390e+02    469.182      11261  1028.3696  1028.3676    34.0623    34.0599    8.30909         30 0.0000e+00
    204.000    201.791    -1.1236  27.485409    -1.1224  27.485295     5.7411     5.9936     0.2915    95.4248 1.0000e-12  -73.98798 -111.74898  25.517991      99.90 2.6326e+02    470.443      11292  1028.3745  1028.3732    34.0633    34.0618    8.30569         31 0.0000e+00
    205.000    202.780    -1.1261  27.483763    -1.1252  27.483417     5.7534     5.9988     0.3813    95.5320 1.0000e-12  -73.98798 -111.74898  25.518006      99.87 2.6442e+02    471.744      11323  1028.3798  1028.3786    34.0633    34.0618    8.30625         31 0.0000e+00
    206.000    203.768    -1.1356  27.476413    -1.1359  27.474976     5.7331     5.9815     0.3702    95.3428 1.0000e-12  -73.98798 -111.74898  25.518021      99.91 2.6443e+02    473.001      11353  1028.3857  1028.3844    34.0634    34.0617    8.30836         29 0.0000e+00
    207.000    204.757    -1.1173  27.493320    -1.1163  27.492656     5.7087     5.9504     0.6188    95.5615 1.0000e-12  -73.98798 -111.74896  25.518035      99.92 2.6443e+02    474.244      11383  1028.3908  1028.3891    34.0651    34.0631    8.30420         31 0.0000e+00
    208.000    205.745    -1.1023  27.507329    -1.1014  27.506611     5.6820     5.9312     0.3580    95.3562 1.0000e-12  -73.98798 -111.74897  25.518050      99.92 2.6476e+02    475.560      11414  1028.3960  1028.3944    34.0666    34.0646    8.30079         32 0.0000e+00
    209.000    206.735    -1.0918  27.517548    -1.0905  27.517293     5.6887     5.9234     0.3291    95.5594 1.0000e-12  -73.98798 -111.74897  25.518066      99.91 2.6628e+02    476.893      11446  1028.4015  1028.4000    34.0680    34.0663    8.29837         31 0.0000e+00
    210.000    207.722    -1.0898  27.520493    -1.0890  27.519877     5.6983     5.9297     0.3151    95.3888 1.0000e-12  -73.98798 -111.74896  25.518081      99.91 2.6660e+02    478.187      11477  1028.4074  1028.4060    34.0692    34.0674    8.29787         31 0.0000e+00
    211.000    208.711    -1.0900  27.520836    -1.0891  27.520333     5.6956     5.9196     0.3420    95.4977 1.0000e-12  -73.98798 -111.74898  25.518096      99.90 2.6637e+02    479.479      11508  1028.4125  1028.4111    34.0693    34.0676    8.29791         31 0.0000e+00
    212.000    209.701    -1.0924  27.519254    -1.0911  27.519226     5.7471     5.9714     0.3134    95.5267 1.0000e-12  -73.98798 -111.74896  25.518111      99.92 2.6655e+02    480.784      11540  1028.4176  1028.4163    34.0692    34.0677    8.29844         31 0.0000e+00
    213.000    210.689    -1.1002  27.513004    -1.0980  27.513921     5.7732     5.9947     0.3413    95.3413 1.0000e-12  -73.98798 -111.74896  25.518125      99.91 2.6806e+02    482.029      11570  1028.4228  1028.4217    34.0689    34.0676    8.30019         29 0.0000e+00
    214.000    211.677    -1.1423  27.479020    -1.1408  27.479521     5.7807     6.0083     0.3124    95.3936 1.0000e-12  -73.98798 -111.74896  25.518137      99.92 2.6698e+02    483.070      11595  1028.4311  1028.4302    34.0696    34.0686    8.30947         23 0.0000e+00
    215.000    212.667    -1.1117  27.508524    -1.1108  27.507576     5.8166     6.0357     0.3311    95.4576 1.0000e-12  -73.98798 -111.74896  25.518149      99.66 2.6746e+02    484.069      11619  1028.4378  1028.4359    34.0746    34.0723    8.30240         25 0.0000e+00
    216.000    213.653    -1.1262  27.495645    -1.1283  27.494157     5.8741     6.0972     0.2841    95.3419 1.0000e-12  -73.98798 -111.74896  25.518161      90.96 2.6902e+02    485.127      11644  1028.4422  1028.4426    34.0728    34.0731    8.30571         25 0.0000e+00
    217.000    214.644    -1.1572  27.470810    -1.1550  27.471564     5.9459     6.1616     0.2630    95.4285 1.0000e-12  -73.98798 -111.74896  25.518173     100.05 2.6683e+02    486.162      11669  1028.4496  1028.4483    34.0734    34.0720    8.31255         24 0.0000e+00
    218.000    215.631    -1.1904  27.443516    -1.1933  27.440663     6.0044     6.2169     0.3408    95.1125 1.0000e-12  -73.98798 -111.74896  25.518185      99.92 2.6857e+02    487.157      11693  1028.4562  1028.4559    34.0732    34.0725    8.31995         24 0.0000e+00
    219.000    216.622    -1.2264  27.413069    -1.2364  27.405552     6.0905     6.3028     0.7081    95.4082 1.0000e-12  -73.98798 -111.74896  25.518196      99.92 2.6966e+02    488.175      11717  1028.4621  1028.4636    34.0717    34.0728    8.32804         25 0.0000e+00
    220.000    217.609    -1.2626  27.382797    -1.2604  27.384862     6.1674     6.3866     0.3090    95.3478 1.0000e-12  -73.98798 -111.74896  25.518209      99.92 2.6736e+02    489.258      11743  1028.4682  1028.4683    34.0707    34.0710    8.33616         27 0.0000e+00
    221.000    218.598    -1.3430  27.314684    -1.3416  27.316193     6.2003     6.4303     0.2508    95.4689 1.0000e-12  -73.98798 -111.74896  25.518222      99.91 2.6854e+02    490.371      11770  1028.4757  1028.4760    34.0681    34.0686    8.35429         27 0.0000e+00
    222.000    219.586    -1.3550  27.306796    -1.3537  27.307021     6.2084     6.4403     0.1088    95.5507 1.0000e-12  -73.98798 -111.74896  25.518235      99.92 2.6937e+02    491.465      11796  1028.4823  1028.4813    34.0703    34.0692    8.35685         25 0.0000e+00
    223.000    220.575    -1.3577  27.305436    -1.3568  27.305350     6.1955     6.4346     0.1337    95.7281 1.0000e-12  -73.98798 -111.74896  25.518247      99.92 2.6801e+02    492.533      11822  1028.4872  1028.4862    34.0709    34.0698    8.35743         26 0.0000e+00
    224.000    221.563    -1.3569  27.307175    -1.3561  27.306850     6.1840     6.4307     0.1226    95.7808 1.0000e-12  -73.98797 -111.74895  25.518259      99.91 2.6900e+02    493.617      11848  1028.4920  1028.4909    34.0717    34.0703    8.35719         27 0.0000e+00
    225.000    222.553    -1.3495  27.314733    -1.3483  27.314850     6.1758     6.4215     0.0791    95.8409 1.0000e-12  -73.98796 -111.74895  25.518273      99.92 2.6905e+02    494.773      11876  1028.4969  1028.4958    34.0731    34.0718    8.35545         29 0.0000e+00
    226.000    223.541    -1.3480  27.316975    -1.3469  27.316932     6.1654     6.4179     0.0665    95.6905 1.0000e-12  -73.98796 -111.74895  25.518288      99.92 2.6824e+02    496.041      11906  1028.5018  1028.5007    34.0738    34.0725    8.35507         31 0.0000e+00
    227.000    224.530    -1.3468  27.318593    -1.3463  27.318207     6.1596     6.4203     0.1006    95.8725 1.0000e-12  -73.98796 -111.74894  25.518302      99.92 2.6847e+02    497.329      11937  1028.5064  1028.5054    34.0741    34.0729    8.35480         31 0.0000e+00
    228.000    225.519    -1.3441  27.322140    -1.3434  27.321757     6.1483     6.4126     0.0804    95.9871 1.0000e-12  -73.98796 -111.74894  25.518317      93.11 2.6808e+02    498.594      11967  1028.5116  1028.5105    34.0753    34.0739    8.35412         30 0.0000e+00
    229.000    226.505    -1.3394  27.328569    -1.3384  27.328574     6.1566     6.4144     0.0700    95.9693 1.0000e-12  -73.98796 -111.74894  25.518332      99.05 2.6784e+02    499.848      11997  1028.5182  1028.5172    34.0781    34.0769    8.35289         30 0.0000e+00
    230.000    227.496    -1.3374  27.332261    -1.3367  27.332031     6.1568     6.4178     0.0578    96.0489 1.0000e-12  -73.98796 -111.74894  25.518346      99.91 2.6700e+02    501.120      12028  1028.5245  1028.5235    34.0803    34.0791    8.35232         31 0.0000e+00
    231.000    228.483    -1.3398  27.330952    -1.3397  27.330165     6.1662     6.4188     0.0416    96.0542 1.0000e-12  -73.98796 -111.74894  25.518361      99.91 2.6762e+02    502.422      12059  1028.5295  1028.5285    34.0806    34.0794    8.35284         31 0.0000e+00
    232.000    229.472    -1.3427  27.329197    -1.3422  27.328688     6.1713     6.4228     0.0687    95.9647 1.0000e-12  -73.98796 -111.74894  25.518376      99.92 2.6711e+02    503.662      12089  1028.5346  1028.5336    34.0809    34.0796    8.35347         29 0.0000e+00
    233.000    230.460    -1.3429  27.329757    -1.3424  27.329112     6.1700     6.4278     0.0367    96.0626 1.0000e-12  -73.98796 -111.74894  25.518389      99.92 2.6578e+02    504.835      12117  1028.5395  1028.5384    34.0812    34.0798    8.35349         28 0.0000e+00
    234.000    231.451    -1.3413  27.331939    -1.3419  27.330560     6.1521     6.4072     0.0380    96.0486 1.0000e-12  -73.98796 -111.74893  25.518403      99.91 2.6707e+02    506.012      12145  1028.5446  1028.5436    34.0818    34.0805    8.35310         28 0.0000e+00
