ocean_section_plots/required_files/ctd/dnbp2202_ctd090.cnv
* Sea-Bird SBE 9 Data File:
* FileName = D:\Data\raw\NBP2202_CTD090.hex
* Software Version Seasave V 7.26.7.121
* Temperature SN = 1649
* Conductivity SN = 2513
* Number of Bytes Per Scan = 40
* Number of Voltage Words = 5
* Number of Scans Averaged by the Deck Unit = 1
* NMEA Latitude = 74 10.51 S
* NMEA Longitude = 113 20.67 W
* NMEA UTC (Time) = Jan 26 2022  21:43:00
* NMEA baud rate = 9600
** Ship: RVIB N.B. Palmer
** Cruise: NBP2202 Thwaites
** Station: YoYo001
** Operator: A. Robinson
# nquan = 25
# nvalues = 607                         
# units = specified
# name 0 = prDM: Pressure, Digiquartz [db]
# name 1 = depSM: Depth [salt water, m]
# name 2 = t090C: Temperature [ITS-90, deg C]
# name 3 = c0mS/cm: Conductivity [mS/cm]
# name 4 = t190C: Temperature, 2 [ITS-90, deg C]
# name 5 = c1mS/cm: Conductivity, 2 [mS/cm]
# name 6 = sbeox0ML/L: Oxygen, SBE 43 [ml/l]
# name 7 = sbeox1ML/L: Oxygen, SBE 43, 2 [ml/l]
# name 8 = flECO-AFL: Fluorescence, WET Labs ECO-AFL/FL [mg/m^3]
# name 9 = CStarTr0: Beam Transmission, WET Labs C-Star [%]
# name 10 = par: PAR/Irradiance, Biospherical/Licor
# name 11 = latitude: Latitude [deg]
# name 12 = longitude: Longitude [deg]
# name 13 = timeJ: Julian Days
# name 14 = altM: Altimeter [m]
# name 15 = spar: SPAR, Biospherical/Licor
# name 16 = timeS: Time, Elapsed [seconds]
# name 17 = scan: Scan Count
# name 18 = density00: Density [density, kg/m^3]
# name 19 = density11: Density, 2 [density, kg/m^3]
# name 20 = sal00: Salinity, Practical [PSU]
# name 21 = sal11: Salinity, Practical, 2 [PSU]
# name 22 = oxsolML/L: Oxygen Saturation, Garcia & Gordon [ml/l]
# name 23 = nbin: number of scans per bin
# name 24 = flag: flag
# span 0 =     10.000,    616.000       
# span 1 =      9.895,    608.712       
# span 2 =    -1.5465,     0.1097       
# span 3 =  26.905264,  28.945314       
# span 4 =    -1.5453,     0.1119       
# span 5 =  26.905308,  28.945288       
# span 6 =     4.6816,     9.0524       
# span 7 =     4.7497,     8.9006       
# span 8 =    -0.0222,    29.4143       
# span 9 =    66.7346,    95.5767       
# span 10 = -3.583e-05, 7.1016e+01      
# span 11 =  -74.17530,  -74.17530      
# span 12 = -113.34460, -113.34458      
# span 13 =  26.905245,  26.913685      
# span 14 =       5.01,     100.05      
# span 15 = 1.8848e+03, 1.9033e+03      
# span 16 =     33.186,    762.409      
# span 17 =        797,      18299      
# span 18 =  1027.2231,  1030.5210      
# span 19 =  1027.2222,  1030.5184      
# span 20 =    33.7895,    34.3863      
# span 21 =    33.7883,    34.3834      
# span 22 =    8.02169,    8.41423      
# span 23 =         10,         45      
# span 24 = 0.0000e+00, 0.0000e+00      
# interval = decibars: 1                
# start_time = Jan 26 2022 21:43:00 [NMEA time, header]
# bad_flag = -9.990e-29
*END*
[from data line 232]
    242.000    239.356    -0.7981  27.774637    -0.7964  27.774299     5.0392     5.1163    -0.0189    95.2973 1.0000e-12  -74.17530 -113.34460  26.908387      99.59 1.8916e+03    304.638       7312  1028.5451  1028.5430    34.0652    34.0628    8.23398         28 0.0000e+00
    243.000    240.343    -0.7982  27.775087    -0.7963  27.774951     5.0390     5.1158    -0.0135    95.2944 1.0000e-12  -74.17530 -113.34460  26.908401      99.87 1.8916e+03    305.805       7340  1028.5499  1028.5480    34.0653    34.0629    8.23399         28 0.0000e+00
    244.000    241.332    -0.7981  27.775679    -0.7961  27.775629     5.0402     5.1119    -0.0088    95.3006 1.0000e-12  -74.17530 -113.34460  26.908414      99.87 1.8916e+03    306.961       7368  1028.5548  1028.5527    34.0653    34.0629    8.23396         27 0.0000e+00
    245.000    242.321    -0.7981  27.776341    -0.7965  27.775683     5.0292     5.1096    -0.0061    95.3092 1.0000e-12  -74.17530 -113.34460  26.908427      99.86 1.8916e+03    308.094       7395  1028.5598  1028.5576    34.0656    34.0629    8.23394         27 0.0000e+00
    246.000    243.309    -0.7946  27.780193    -0.7927  27.779779     5.0318     5.1117    -0.0101    95.2870 1.0000e-12  -74.17530 -113.34460  26.908440      99.87 1.8916e+03    309.231       7423  1028.5649  1028.5626    34.0663    34.0636    8.23314         28 0.0000e+00
    247.000    244.297    -0.7925  27.782467    -0.7921  27.780832     5.0327     5.1137    -0.0178    95.2987 1.0000e-12  -74.17530 -113.34460  26.908454      99.86 1.8916e+03    310.386       7450  1028.5695  1028.5675    34.0663    34.0637    8.23267         27 0.0000e+00
    248.000    245.286    -0.7930  27.782543    -0.7918  27.781548     5.0277     5.1064    -0.0089    95.3047 1.0000e-12  -74.17530 -113.34460  26.908467      99.87 1.8916e+03    311.549       7478  1028.5745  1028.5722    34.0664    34.0636    8.23279         29 0.0000e+00
    249.000    246.276    -0.7901  27.785593    -0.7883  27.785206     5.0259     5.1043    -0.0167    95.3063 1.0000e-12  -74.17530 -113.34460  26.908480      99.87 1.8912e+03    312.713       7506  1028.5793  1028.5771    34.0666    34.0640    8.23213         27 0.0000e+00
    250.000    247.262    -0.7895  27.786567    -0.7875  27.786385     5.0228     5.1069    -0.0145    95.2849 1.0000e-12  -74.17530 -113.34460  26.908494      99.87 1.8935e+03    313.871       7534  1028.5841  1028.5819    34.0667    34.0642    8.23200         28 0.0000e+00
    251.000    248.252    -0.7882  27.788288    -0.7867  27.787662     5.0169     5.1000    -0.0054    95.3018 1.0000e-12  -74.17530 -113.34460  26.908507      99.86 1.8924e+03    315.021       7562  1028.5890  1028.5868    34.0669    34.0644    8.23170         28 0.0000e+00
    252.000    249.240    -0.7875  27.789434    -0.7859  27.788818     5.0209     5.0957    -0.0189    95.3120 1.0000e-12  -74.17530 -113.34460  26.908520      78.56 1.8920e+03    316.167       7589  1028.5938  1028.5917    34.0670    34.0645    8.23154         27 0.0000e+00
    253.000    250.228    -0.7842  27.793048    -0.7820  27.793148     5.0172     5.0992    -0.0206    95.2962 1.0000e-12  -74.17530 -113.34460  26.908534      92.92 1.8916e+03    317.315       7617  1028.5989  1028.5968    34.0677    34.0653    8.23080         28 0.0000e+00
    254.000    251.216    -0.7827  27.795006    -0.7804  27.795130     5.0164     5.0983    -0.0135    95.2835 1.0000e-12  -74.17530 -113.34460  26.908547      99.79 1.8916e+03    318.466       7644  1028.6038  1028.6017    34.0680    34.0655    8.23045         28 0.0000e+00
    255.000    252.205    -0.7818  27.796303    -0.7805  27.795420     5.0178     5.0988    -0.0147    95.2879 1.0000e-12  -74.17530 -113.34460  26.908560      99.87 1.8916e+03    319.622       7672  1028.6087  1028.6065    34.0681    34.0654    8.23024         28 0.0000e+00
    256.000    253.193    -0.7810  27.797668    -0.7790  27.797483     5.0135     5.0967    -0.0196    95.2844 1.0000e-12  -74.17530 -113.34460  26.908574      99.87 1.8916e+03    320.787       7700  1028.6137  1028.6116    34.0684    34.0660    8.23004         28 0.0000e+00
    257.000    254.184    -0.7808  27.798323    -0.7789  27.798028     5.0078     5.0933    -0.0142    95.2806 1.0000e-12  -74.17530 -113.34460  26.908587      99.87 1.8916e+03    321.950       7728  1028.6185  1028.6163    34.0685    34.0659    8.23000         27 0.0000e+00
    258.000    255.170    -0.7783  27.801226    -0.7761  27.801126     5.0099     5.0887    -0.0182    95.2880 1.0000e-12  -74.17530 -113.34460  26.908601      99.86 1.8916e+03    323.101       7755  1028.6235  1028.6213    34.0689    34.0664    8.22942         28 0.0000e+00
    259.000    256.159    -0.7771  27.802857    -0.7750  27.802761     5.0143     5.0928    -0.0139    95.2786 1.0000e-12  -74.17530 -113.34460  26.908614      99.87 1.8916e+03    324.249       7783  1028.6285  1028.6262    34.0692    34.0667    8.22915         27 0.0000e+00
    260.000    257.147    -0.7762  27.804262    -0.7739  27.804325     5.0060     5.0941    -0.0142    95.2603 1.0000e-12  -74.17530 -113.34460  26.908627      99.86 1.8919e+03    325.388       7810  1028.6333  1028.6312    34.0695    34.0670    8.22893         27 0.0000e+00
    261.000    258.136    -0.7752  27.805547    -0.7737  27.804948     5.0051     5.0903    -0.0098    95.2806 1.0000e-12  -74.17530 -113.34460  26.908640      99.86 1.8912e+03    326.521       7837  1028.6381  1028.6360    34.0695    34.0670    8.22872         28 0.0000e+00
    262.000    259.124    -0.7736  27.807766    -0.7722  27.806933     4.9940     5.0792    -0.0115    95.2834 1.0000e-12  -74.17530 -113.34460  26.908653      99.87 1.8918e+03    327.660       7865  1028.6432  1028.6410    34.0701    34.0673    8.22833         27 0.0000e+00
    263.000    260.111    -0.7693  27.812475    -0.7663  27.813104     4.9857     5.0734    -0.0124    95.2806 1.0000e-12  -74.17530 -113.34460  26.908667      90.10 1.8920e+03    328.813       7893  1028.6485  1028.6463    34.0710    34.0685    8.22734         28 0.0000e+00
    264.000    261.102    -0.7511  27.831369    -0.7492  27.830648     4.9843     5.0648    -0.0083    95.2815 1.0000e-12  -74.17530 -113.34460  26.908680      87.87 1.8917e+03    329.970       7920  1028.6555  1028.6529    34.0754    34.0723    8.22312         28 0.0000e+00
    265.000    262.089    -0.7483  27.834231    -0.7466  27.833868     4.9846     5.0678    -0.0172    95.2805 1.0000e-12  -74.17530 -113.34460  26.908694      99.51 1.8918e+03    331.129       7948  1028.6603  1028.6582    34.0756    34.0731    8.22251         27 0.0000e+00
    266.000    263.078    -0.7481  27.835129    -0.7466  27.834338     4.9814     5.0637    -0.0111    95.2695 1.0000e-12  -74.17530 -113.34460  26.908707      99.88 1.8904e+03    332.284       7976  1028.6654  1028.6631    34.0759    34.0731    8.22244         28 0.0000e+00
    267.000    264.067    -0.7461  27.837486    -0.7455  27.835977     4.9821     5.0613    -0.0098    95.2714 1.0000e-12  -74.17530 -113.34460  26.908720      99.87 1.8916e+03    333.422       8003  1028.6704  1028.6682    34.0762    34.0735    8.22198         28 0.0000e+00
    268.000    265.054    -0.7446  27.839475    -0.7442  27.837666     4.9841     5.0614    -0.0182    95.2616 1.0000e-12  -74.17530 -113.34460  26.908733      99.86 1.8907e+03    334.567       8031  1028.6755  1028.6731    34.0766    34.0737    8.22164         27 0.0000e+00
    269.000    266.042    -0.7436  27.841018    -0.7418  27.840536     4.9888     5.0693    -0.0074    95.2871 1.0000e-12  -74.17530 -113.34460  26.908747      99.87 1.8913e+03    335.730       8059  1028.6805  1028.6782    34.0770    34.0743    8.22140         28 0.0000e+00
    270.000    267.032    -0.7431  27.842208    -0.7412  27.841912     4.9911     5.0696    -0.0038    95.2706 1.0000e-12  -74.17530 -113.34460  26.908760      99.87 1.8909e+03    336.888       8086  1028.6857  1028.6835    34.0774    34.0748    8.22127         28 0.0000e+00
    271.000    268.019    -0.7432  27.842916    -0.7413  27.842625     4.9924     5.0700    -0.0175    95.2723 1.0000e-12  -74.17530 -113.34460  26.908774      99.86 1.8899e+03    338.052       8114  1028.6908  1028.6887    34.0778    34.0753    8.22125         28 0.0000e+00
    272.000    269.008    -0.7431  27.843431    -0.7413  27.843110     4.9894     5.0678    -0.0066    95.2751 1.0000e-12  -74.17530 -113.34460  26.908787      99.87 1.8906e+03    339.213       8142  1028.6956  1028.6936    34.0779    34.0753    8.22124         28 0.0000e+00
    273.000    269.996    -0.7428  27.844140    -0.7412  27.843726     4.9940     5.0643    -0.0131    95.2795 1.0000e-12  -74.17530 -113.34460  26.908801      99.87 1.8916e+03    340.370       8170  1028.7004  1028.6984    34.0779    34.0754    8.22117         27 0.0000e+00
    274.000    270.984    -0.7433  27.844322    -0.7414  27.844024     4.9905     5.0615    -0.0123    95.2747 1.0000e-12  -74.17530 -113.34460  26.908814      99.87 1.8916e+03    341.522       8198  1028.7054  1028.7033    34.0780    34.0755    8.22127         27 0.0000e+00
    275.000    271.973    -0.7437  27.844390    -0.7420  27.843947     4.9884     5.0712    -0.0140    95.2562 1.0000e-12  -74.17530 -113.34460  26.908827      93.32 1.8916e+03    342.656       8225  1028.7102  1028.7081    34.0780    34.0754    8.22136         27 0.0000e+00
    276.000    272.961    -0.7454  27.843344    -0.7438  27.842889     4.9984     5.0796    -0.0122    95.2706 1.0000e-12  -74.17530 -113.34460  26.908840      99.33 1.8916e+03    343.795       8252  1028.7150  1028.7130    34.0778    34.0754    8.22173         27 0.0000e+00
    277.000    273.948    -0.7487  27.841195    -0.7473  27.840556     4.9971     5.0755    -0.0178    95.2759 1.0000e-12  -74.17530 -113.34460  26.908854      99.85 1.8916e+03    344.951       8280  1028.7202  1028.7182    34.0780    34.0756    8.22244         28 0.0000e+00
    278.000    274.938    -0.7500  27.840851    -0.7478  27.840832     4.9953     5.0714    -0.0125    95.2724 1.0000e-12  -74.17530 -113.34460  26.908867      99.86 1.8916e+03    346.126       8308  1028.7254  1028.7232    34.0784    34.0759    8.22270         28 0.0000e+00
    279.000    275.926    -0.7468  27.844653    -0.7446  27.844515     4.9890     5.0707    -0.0093    95.2653 1.0000e-12  -74.17530 -113.34460  26.908881      99.87 1.8916e+03    347.289       8336  1028.7306  1028.7284    34.0793    34.0767    8.22195         27 0.0000e+00
    280.000    276.916    -0.7414  27.850902    -0.7412  27.848404     4.9826     5.0680    -0.0022    95.2643 1.0000e-12  -74.17530 -113.34460  26.908894      99.87 1.8916e+03    348.429       8363  1028.7364  1028.7336    34.0811    34.0775    8.22068         27 0.0000e+00
    281.000    277.903    -0.7240  27.869424    -0.7220  27.868792     4.9775     5.0684    -0.0069    95.2650 1.0000e-12  -74.17530 -113.34460  26.908907      99.86 1.8917e+03    349.569       8391  1028.7438  1028.7411    34.0859    34.0828    8.21661         28 0.0000e+00
    282.000    278.891    -0.7147  27.879825    -0.7125  27.879434     4.9668     5.0548    -0.0123    95.2786 1.0000e-12  -74.17530 -113.34460  26.908920      99.87 1.8913e+03    350.718       8418  1028.7503  1028.7477    34.0889    34.0859    8.21441         28 0.0000e+00
    283.000    279.880    -0.7025  27.892975    -0.7003  27.892598     4.9630     5.0498    -0.0128    95.2579 1.0000e-12  -74.17530 -113.34460  26.908934      99.87 1.8911e+03    351.862       8446  1028.7570  1028.7545    34.0923    34.0893    8.21157         27 0.0000e+00
    284.000    280.868    -0.6957  27.900740    -0.6939  27.900282     4.9650     5.0524    -0.0127    95.2549 1.0000e-12  -74.17530 -113.34460  26.908947      99.86 1.8908e+03    353.015       8473  1028.7632  1028.7610    34.0945    34.0919    8.20997         28 0.0000e+00
    285.000    281.856    -0.6958  27.901649    -0.6941  27.901179     4.9712     5.0510    -0.0129    95.2594 1.0000e-12  -74.17530 -113.34460  26.908960      99.87 1.8911e+03    354.179       8501  1028.7687  1028.7666    34.0952    34.0927    8.20993         28 0.0000e+00
    286.000    282.844    -0.6960  27.901846    -0.6944  27.901394     4.9673     5.0430    -0.0126    95.2432 1.0000e-12  -74.17530 -113.34460  26.908974      99.87 1.8915e+03    355.343       8529  1028.7735  1028.7715    34.0951    34.0927    8.20999         27 0.0000e+00
    287.000    283.833    -0.6963  27.902089    -0.6944  27.901791     4.9686     5.0507    -0.0117    95.2559 1.0000e-12  -74.17530 -113.34460  26.908987      92.31 1.8909e+03    356.505       8557  1028.7785  1028.7762    34.0952    34.0926    8.21006         29 0.0000e+00
    288.000    284.822    -0.6949  27.904194    -0.6932  27.903588     4.9666     5.0501    -0.0118    95.2396 1.0000e-12  -74.17530 -113.34460  26.909001      99.34 1.8912e+03    357.660       8585  1028.7837  1028.7815    34.0958    34.0931    8.20971         27 0.0000e+00
    289.000    285.809    -0.6946  27.905303    -0.6926  27.904944     4.9650     5.0428    -0.0182    95.2365 1.0000e-12  -74.17530 -113.34460  26.909014      99.87 1.8906e+03    358.817       8613  1028.7890  1028.7867    34.0964    34.0936    8.20961         28 0.0000e+00
    290.000    286.797    -0.6847  27.916364    -0.6828  27.915653     4.9652     5.0425    -0.0054    95.2475 1.0000e-12  -74.17530 -113.34460  26.909028      99.87 1.8913e+03    359.977       8640  1028.7956  1028.7930    34.0996    34.0964    8.20728         28 0.0000e+00
    291.000    287.786    -0.6794  27.922153    -0.6775  27.921880     4.9617     5.0457    -0.0017    95.2596 1.0000e-12  -74.17530 -113.34460  26.909041      99.86 1.8913e+03    361.156       8669  1028.8010  1028.7989    34.1007    34.0982    8.20605         28 0.0000e+00
    292.000    288.773    -0.6783  27.923952    -0.6765  27.923516     4.9608     5.0475    -0.0127    95.2497 1.0000e-12  -74.17530 -113.34460  26.909055      99.87 1.8901e+03    362.329       8697  1028.8064  1028.8041    34.1014    34.0987    8.20579         29 0.0000e+00
    293.000    289.762    -0.6775  27.925810    -0.6755  27.925589     4.9594     5.0439    -0.0140    95.2339 1.0000e-12  -74.17530 -113.34460  26.909068      99.86 1.8905e+03    363.510       8725  1028.8120  1028.8098    34.1024    34.0998    8.20556         28 0.0000e+00
    294.000    290.751    -0.6755  27.928742    -0.6733  27.928484     4.9593     5.0381    -0.0148    95.2483 1.0000e-12  -74.17530 -113.34460  26.909082      99.87 1.8909e+03    364.680       8753  1028.8175  1028.8151    34.1034    34.1006    8.20505         28 0.0000e+00
    295.000    291.738    -0.6697  27.935652    -0.6678  27.935234     4.9618     5.0417    -0.0057    95.2548 1.0000e-12  -74.17530 -113.34460  26.909095      99.87 1.8908e+03    365.848       8781  1028.8237  1028.8213    34.1056    34.1029    8.20367         28 0.0000e+00
    296.000    292.727    -0.6691  27.937107    -0.6673  27.936665     4.9655     5.0447    -0.0137    95.2677 1.0000e-12  -74.17530 -113.34460  26.909109      99.86 1.8905e+03    367.013       8809  1028.8289  1028.8268    34.1063    34.1037    8.20350         28 0.0000e+00
    297.000    293.715    -0.6686  27.938333    -0.6667  27.937944     4.9679     5.0444    -0.0205    95.2476 1.0000e-12  -74.17530 -113.34460  26.909122      93.77 1.8903e+03    368.180       8837  1028.8341  1028.8319    34.1067    34.1041    8.20335         28 0.0000e+00
    298.000    294.704    -0.6677  27.939862    -0.6658  27.939484     4.9714     5.0466    -0.0198    95.2466 1.0000e-12  -74.17530 -113.34460  26.909136      80.96 1.8904e+03    369.349       8865  1028.8393  1028.8371    34.1072    34.1046    8.20314         28 0.0000e+00
