ocean_section_plots/required_files/ctd/dnbp2202_ctd266.cnv
* Sea-Bird SBE 9 Data File:
* FileName = D:\Data\raw\NBP2202_CTD266.hex
* Software Version Seasave V 7.26.7.121
* Temperature SN = 1649
* Conductivity SN = 2513
* Number of Bytes Per Scan = 40
* Number of Voltage Words = 5
* Number of Scans Averaged by the Deck Unit = 1
* NMEA Latitude = 73 52.89 S
* NMEA Longitude = 118 44.51 W
* NMEA UTC (Time) = Feb 19 2022  20:36:14
* NMEA baud rate = 9600
** Ship: RVIB N.B. Palmer
** Cruise: NBP2202 Thwaites
** Station: 171
** Operator: A. Robinson
# nquan = 28
# nvalues = 672                         
# units = specified
# name 0 = prDM: Pressure, Digiquartz [db]
# name 1 = depSM: Depth [salt water, m]
# name 2 = t090C: Temperature [ITS-90, deg C]
# name 3 = c0mS/cm: Conductivity [mS/cm]
# name 4 = t190C: Temperature, 2 [ITS-90, deg C]
# name 5 = c1mS/cm: Conductivity, 2 [mS/cm]
# name 6 = sbeox0ML/L: Oxygen, SBE 43 [ml/l]
# name 7 = sbeox1ML/L: Oxygen, SBE 43, 2 [ml/l]
# name 8 = flECO-AFL: Fluorescence, WET Labs ECO-AFL/FL [mg/m^3]
# name 9 = CStarTr0: Beam Transmission, WET Labs C-Star [%]
# name 10 = par: PAR/Irradiance, Biospherical/Licor
# name 11 = latitude: Latitude [deg]
# name 12 = longitude: Longitude [deg]
# name 13 = timeJ: Julian Days
# name 14 = altM: Altimeter [m]
# name 15 = spar: SPAR, Biospherical/Licor
# name 16 = timeS: Time, Elapsed [seconds]
# name 17 = scan: Scan Count
# name 18 = density00: Density [density, kg/m^3]
# name 19 = density11: Density, 2 [density, kg/m^3]
# name 20 = v3: Voltage 3
# name 21 = v4: Voltage 4
# name 22 = v5: Voltage 5
# name 23 = sal00: Salinity, Practical [PSU]
# name 24 = sal11: Salinity, Practical, 2 [PSU]
# name 25 = oxsolML/L: Oxygen Saturation, Garcia & Gordon [ml/l]
# name 26 = nbin: number of scans per bin
# name 27 = flag: flag
# span 0 =      3.000,    674.000       
# span 1 =      2.973,    665.947       
# span 2 =    -1.7649,     0.4360       
# span 3 =  26.935747,  29.348806       
# span 4 =    -1.7643,     0.4416       
# span 5 =  26.936237,  29.351206       
# span 6 =     4.7363,     8.9857       
# span 7 =     4.8552,     9.2855       
# span 8 =    -0.0214,    10.7783       
# span 9 =    87.4667,    98.3130       
# span 10 = -1.983e-05, 8.8110e+02      
# span 11 =  -73.88164,  -73.88164      
# span 12 = -118.74194, -118.74190      
# span 13 =  50.860944,  50.870501      
# span 14 =       1.69,     100.15      
# span 15 = 1.6403e+03, 1.6607e+03      
# span 16 =    211.565,   1037.278      
# span 17 =       5079,      24896      
# span 18 =  1027.0944,  1030.8734      
# span 19 =  1027.0950,  1030.8701      
# span 20 =     4.1494,     4.6636      
# span 21 =     0.0639,     1.7310      
# span 22 =     0.1126,     0.2028      
# span 23 =    33.6988,    34.5166      
# span 24 =    33.6942,    34.5133      
# span 25 =    7.94680,    8.45185      
# span 26 =          4,         46      
# span 27 = 0.0000e+00, 0.0000e+00      
# interval = decibars: 1                
# start_time = Feb 19 2022 20:36:14 [NMEA time, header]
# bad_flag = -9.990e-29
*END*
[from data line 311]
    314.000    310.519    -1.6619  27.092390    -1.6619  27.091258     6.2058     6.3744     0.0908    98.0632 1.0000e-12  -73.88164 -118.74192  50.865399      99.94 1.6584e+03    596.444      14316  1028.9268  1028.9256     4.6520     0.0817     0.1169    34.0672    34.0656    8.42628         22 0.0000e+00
    315.000    311.506    -1.6516  27.102328    -1.6506  27.102122     6.1866     6.3717     0.0650    98.0477 1.0000e-12  -73.88164 -118.74192  50.865410      99.94 1.6586e+03    597.426      14339  1028.9321  1028.9310     4.6512     0.0778     0.1185    34.0685    34.0671    8.42385         26 0.0000e+00
    316.000    312.496    -1.6453  27.108426    -1.6447  27.107933     6.1869     6.3672     0.0606    98.0578 1.0000e-12  -73.88164 -118.74193  50.865423      99.94 1.6575e+03    598.549      14366  1028.9372  1028.9360     4.6517     0.0785     0.1166    34.0691    34.0677    8.42238         28 0.0000e+00
    317.000    313.484    -1.6446  27.109265    -1.6438  27.109234     6.1920     6.3687     0.0311    97.9994 1.0000e-12  -73.88164 -118.74193  50.865436      99.94 1.6567e+03    599.709      14394  1028.9419  1028.9411     4.6489     0.0834     0.1175    34.0689    34.0680    8.42224         27 0.0000e+00
    318.000    314.470    -1.6444  27.109846    -1.6451  27.108598     6.1718     6.3572     0.0373    97.7358 1.0000e-12  -73.88164 -118.74192  50.865449      99.94 1.6570e+03    600.761      14419  1028.9468  1028.9460     4.6365     0.0795     0.1153    34.0689    34.0679    8.42221         23 0.0000e+00
    319.000    315.460    -1.6386  27.116170    -1.6347  27.118717     6.1687     6.3432     0.0777    98.0692 1.0000e-12  -73.88164 -118.74192  50.865459      99.95 1.6570e+03    601.680      14441  1028.9525  1028.9515     4.6523     0.0780     0.1194    34.0704    34.0694    8.42080         21 0.0000e+00
    320.000    316.449    -1.6329  27.121664    -1.6305  27.123195     6.1622     6.3353     0.1412    98.0578 1.0000e-12  -73.88164 -118.74192  50.865469      99.94 1.6576e+03    602.534      14462  1028.9574  1028.9567     4.6517     0.0781     0.1180    34.0708    34.0701    8.41948         20 0.0000e+00
    321.000    317.435    -1.6176  27.136569    -1.6161  27.136564     6.1494     6.3323     0.0687    98.0267 1.0000e-12  -73.88164 -118.74192  50.865479      99.94 1.6578e+03    603.402      14483  1028.9633  1028.9619     4.6502     0.0784     0.1162    34.0733    34.0716    8.41585         22 0.0000e+00
    322.000    318.425    -1.6068  27.146423    -1.6057  27.146428     6.1290     6.3129     0.0373    97.9942 1.0000e-12  -73.88164 -118.74192  50.865491      99.95 1.6578e+03    604.401      14507  1028.9680  1028.9670     4.6487     0.0762     0.1150    34.0739    34.0727    8.41335         27 0.0000e+00
    323.000    319.412    -1.5981  27.154944    -1.5951  27.156155     6.1314     6.3016     0.0395    98.1786 1.0000e-12  -73.88164 -118.74192  50.865504      99.94 1.6546e+03    605.535      14534  1028.9735  1028.9720     4.6575     0.0750     0.1185    34.0752    34.0735    8.41131         27 0.0000e+00
    324.000    320.401    -1.5845  27.167247    -1.5835  27.167063     6.1227     6.2985     0.0390    98.1693 1.0000e-12  -73.88164 -118.74192  50.865516      94.89 1.6561e+03    606.617      14560  1028.9783  1028.9771     4.6569     0.0751     0.1157    34.0761    34.0747    8.40818         24 0.0000e+00
    325.000    321.389    -1.5847  27.167542    -1.5836  27.167699     6.1339     6.2965     0.0196    98.1258 1.0000e-12  -73.88164 -118.74192  50.865528      99.95 1.6571e+03    607.584      14583  1028.9833  1028.9824     4.6550     0.0751     0.1154    34.0761    34.0750    8.40823         23 0.0000e+00
    326.000    322.375    -1.5846  27.168057    -1.5835  27.168278     6.1174     6.2997     0.0129    98.1402 1.0000e-12  -73.88164 -118.74192  50.865538      99.94 1.6573e+03    608.489      14605  1028.9882  1028.9874     4.6556     0.1144     0.1159    34.0760    34.0751    8.40821         21 0.0000e+00
    327.000    323.366    -1.5845  27.168575    -1.5832  27.168903     6.1027     6.3004     0.0215    98.1734 1.0000e-12  -73.88164 -118.74192  50.865549      99.94 1.6571e+03    609.428      14627  1028.9931  1028.9922     4.6572     0.0843     0.1164    34.0760    34.0750    8.40818         24 0.0000e+00
    328.000    324.352    -1.5829  27.170638    -1.5810  27.171259     6.1445     6.2971     0.0259    98.1998 1.0000e-12  -73.88164 -118.74192  50.865561      99.94 1.6571e+03    610.501      14653  1028.9982  1028.9971     4.6584     0.0736     0.1141    34.0764    34.0751    8.40779         27 0.0000e+00
    329.000    325.341    -1.5796  27.174095    -1.5791  27.173654     6.1379     6.2871     0.0274    98.2066 1.0000e-12  -73.88164 -118.74192  50.865574      99.94 1.6571e+03    611.596      14679  1029.0033  1029.0023     4.6587     0.0740     0.1144    34.0768    34.0756    8.40703         25 0.0000e+00
    330.000    326.329    -1.5807  27.173544    -1.5795  27.173762     6.1030     6.2915    -0.0069    98.2076 1.0000e-12  -73.88164 -118.74193  50.865586      99.94 1.6571e+03    612.596      14703  1029.0082  1029.0073     4.6588     0.0746     0.1156    34.0767    34.0757    8.40729         23 0.0000e+00
    331.000    327.316    -1.5808  27.174158    -1.5795  27.174409     6.1135     6.2950     0.0068    98.0500 1.0000e-12  -73.88164 -118.74193  50.865596      99.94 1.6571e+03    613.534      14726  1029.0133  1029.0123     4.6514     0.0769     0.1153    34.0770    34.0759    8.40728         23 0.0000e+00
    332.000    328.306    -1.5799  27.175503    -1.5786  27.175858     6.1179     6.2848     0.0139    98.0653 1.0000e-12  -73.88164 -118.74192  50.865608      99.94 1.6571e+03    614.489      14749  1029.0183  1029.0174     4.6521     0.0733     0.1172    34.0773    34.0762    8.40707         23 0.0000e+00
    333.000    329.292    -1.5775  27.178187    -1.5751  27.179459     6.1095     6.2736     0.0084    98.2290 1.0000e-12  -73.88164 -118.74193  50.865619      99.94 1.6571e+03    615.510      14773  1029.0233  1029.0224     4.6598     0.0731     0.1164    34.0776    34.0766    8.40651         26 0.0000e+00
    334.000    330.282    -1.5740  27.182033    -1.5708  27.183783     6.0905     6.2755     0.0248    98.2312 1.0000e-12  -73.88164 -118.74193  50.865632      99.94 1.6571e+03    616.584      14799  1029.0285  1029.0274     4.6599     0.0813     0.1181    34.0783    34.0771    8.40567         25 0.0000e+00
    335.000    331.269    -1.5689  27.187110    -1.5640  27.190472     6.0925     6.2716     0.0178    98.2250 1.0000e-12  -73.88164 -118.74193  50.865644      99.94 1.6571e+03    617.627      14824  1029.0335  1029.0325     4.6596     0.0718     0.1147    34.0789    34.0780    8.40448         25 0.0000e+00
    336.000    332.258    -1.5537  27.202233    -1.5503  27.203873     6.0563     6.2374     0.0093    98.1897 1.0000e-12  -73.88164 -118.74193  50.865655      91.64 1.6571e+03    618.600      14847  1029.0397  1029.0382     4.6580     0.0710     0.1158    34.0818    34.0801    8.40087         22 0.0000e+00
    337.000    333.244    -1.5391  27.216671    -1.5310  27.222244     6.0092     6.1866     0.0030    98.1670 1.0000e-12  -73.88164 -118.74194  50.865666      96.25 1.6571e+03    619.553      14870  1029.0457  1029.0440     4.6569     0.0739     0.1176    34.0844    34.0829    8.39742         23 0.0000e+00
    338.000    334.234    -1.4864  27.264997    -1.4802  27.268135     5.9703     6.1580     0.0051    98.2278 1.0000e-12  -73.88164 -118.74194  50.865677      99.91 1.6569e+03    620.527      14894  1029.0519  1029.0494     4.6597     0.0776     0.1154    34.0903    34.0876    8.38517         24 0.0000e+00
    339.000    335.221    -1.4443  27.303017    -1.4441  27.301288     5.9645     6.1424     0.0073    98.2405 1.0000e-12  -73.88164 -118.74194  50.865689      99.94 1.6571e+03    621.543      14918  1029.0572  1029.0553     4.6604     0.0715     0.1152    34.0942    34.0916    8.37547         25 0.0000e+00
    340.000    336.210    -1.4332  27.313367    -1.4324  27.312870     5.9513     6.1313    -0.0045    98.2392 1.0000e-12  -73.88164 -118.74194  50.865701      99.94 1.6579e+03    622.575      14943  1029.0625  1029.0613     4.6603     0.0744     0.1126    34.0951    34.0935    8.37291         24 0.0000e+00
    341.000    337.198    -1.4322  27.315032    -1.4303  27.315481     5.9407     6.1264     0.0074    98.2174 1.0000e-12  -73.88164 -118.74194  50.865713      99.94 1.6580e+03    623.577      14967  1029.0681  1029.0668     4.6593     0.0733     0.1150    34.0957    34.0942    8.37267         24 0.0000e+00
    342.000    338.185    -1.4198  27.327333    -1.4176  27.327619     5.9377     6.1213     0.0066    98.2398 1.0000e-12  -73.88164 -118.74194  50.865724      99.94 1.6576e+03    624.527      14990  1029.0742  1029.0723     4.6603     0.0723     0.1183    34.0979    34.0957    8.36975         23 0.0000e+00
    343.000    339.174    -1.4121  27.334976    -1.4109  27.334672     5.9281     6.1106    -0.0074    98.2445 1.0000e-12  -73.88164 -118.74194  50.865735      99.94 1.6595e+03    625.480      15013  1029.0797  1029.0782     4.6606     0.0737     0.1178    34.0990    34.0972    8.36795         23 0.0000e+00
    344.000    340.161    -1.4020  27.345149    -1.4001  27.345258     5.8955     6.0855    -0.0013    98.2631 1.0000e-12  -73.88164 -118.74193  50.865747      99.94 1.6607e+03    626.507      15037  1029.0856  1029.0839     4.6615     0.0702     0.1171    34.1009    34.0988    8.36558         26 0.0000e+00
    345.000    341.151    -1.3833  27.362337    -1.3797  27.363930     5.8890     6.0602    -0.0065    98.1903 1.0000e-12  -73.88164 -118.74193  50.865759      99.94 1.6594e+03    627.579      15063  1029.0909  1029.0891     4.6580     0.0740     0.1171    34.1026    34.1006    8.36128         25 0.0000e+00
    346.000    342.137    -1.3588  27.385080    -1.3565  27.384867     5.8793     6.0419    -0.0077    98.1089 1.0000e-12  -73.88164 -118.74193  50.865771      99.94 1.6585e+03    628.621      15088  1029.0964  1029.0941     4.6541     0.0725     0.1164    34.1053    34.1025    8.35563         25 0.0000e+00
    347.000    343.126    -1.3430  27.398705    -1.3421  27.397976     5.8390     6.0216    -0.0130    98.2467 1.0000e-12  -73.88164 -118.74193  50.865782      99.94 1.6573e+03    629.602      15111  1029.1007  1029.0991     4.6607     0.0722     0.1174    34.1054    34.1034    8.35208         22 0.0000e+00
    348.000    344.113    -1.3194  27.421891    -1.3162  27.421991     5.8064     6.0004     0.0144    98.2434 1.0000e-12  -73.88164 -118.74192  50.865793      99.95 1.6573e+03    630.536      15134  1029.1075  1029.1046     4.6605     0.0712     0.1179    34.1097    34.1063    8.34654         22 0.0000e+00
    349.000    345.104    -1.3126  27.426700    -1.3149  27.423905     5.8516     6.0173     0.0216    98.2575 1.0000e-12  -73.88164 -118.74194  50.865804      99.94 1.6576e+03    631.485      15157  1029.1109  1029.1101     4.6612     0.0700     0.1160    34.1080    34.1068    8.34513         24 0.0000e+00
    350.000    346.089    -1.3123  27.427778    -1.3117  27.426811     5.8351     6.0078    -0.0076    98.2673 1.0000e-12  -73.88164 -118.74192  50.865816      98.96 1.6583e+03    632.519      15181  1029.1165  1029.1149     4.6617     0.0708     0.1154    34.1085    34.1065    8.34502         26 0.0000e+00
    351.000    347.078    -1.3118  27.428207    -1.3120  27.427066     5.8171     5.9852    -0.0077    98.2516 1.0000e-12  -73.88164 -118.74192  50.865829      99.94 1.6580e+03    633.602      15207  1029.1211  1029.1201     4.6609     0.0735     0.1174    34.1079    34.1066    8.34495         26 0.0000e+00
    352.000    348.066    -1.2978  27.442318    -1.3014  27.436459     5.7904     5.9716    -0.0077    98.2489 1.0000e-12  -73.88164 -118.74192  50.865841      99.95 1.6580e+03    634.653      15233  1029.1275  1029.1246     4.6608     0.0713     0.1160    34.1108    34.1068    8.34166         24 0.0000e+00
    353.000    349.054    -1.2791  27.457864    -1.2587  27.474448     5.7882     5.9669    -0.0077    98.2514 1.0000e-12  -73.88164 -118.74192  50.865852      99.94 1.6581e+03    635.647      15257  1029.1307  1029.1290     4.6609     0.0713     0.1147    34.1102    34.1097    8.33751         23 0.0000e+00
    354.000    350.040    -1.2798  27.457215    -1.2805  27.456302     5.7877     5.9645    -0.0077    98.2626 1.0000e-12  -73.88164 -118.74192  50.865863      99.94 1.6587e+03    636.591      15279  1029.1355  1029.1351     4.6614     0.0715     0.1151    34.1094    34.1090    8.33771         23 0.0000e+00
    355.000    351.031    -1.2523  27.482772    -1.2540  27.479878     5.7776     5.9422    -0.0005    98.2526 1.0000e-12  -73.88164 -118.74192  50.865874      99.94 1.6586e+03    637.529      15302  1029.1409  1029.1395     4.6610     0.0713     0.1154    34.1126    34.1106    8.33140         23 0.0000e+00
    356.000    352.017    -1.2769  27.462486    -1.2650  27.471625     5.7419     5.9118    -0.0126    98.2510 1.0000e-12  -73.88164 -118.74192  50.865885      99.94 1.6576e+03    638.502      15325  1029.1475  1029.1459     4.6609     0.0702     0.1148    34.1122    34.1111    8.33692         24 0.0000e+00
    357.000    353.005    -1.2160  27.515888    -1.2111  27.518263     5.7057     5.8913    -0.0096    98.2468 1.0000e-12  -73.88164 -118.74192  50.865897      99.94 1.6574e+03    639.512      15349  1029.1508  1029.1487     4.6607     0.0718     0.1187    34.1155    34.1132    8.32315         24 0.0000e+00
    358.000    353.995    -1.1919  27.538876    -1.1831  27.544773     5.7173     5.8713    -0.0077    98.2415 1.0000e-12  -73.88164 -118.74192  50.865909      99.94 1.6580e+03    640.549      15374  1029.1570  1029.1549     4.6605     0.0704     0.1168    34.1189    34.1170    8.31758         25 0.0000e+00
    359.000    354.980    -1.1771  27.552575    -1.1737  27.554411     5.6947     5.8576     0.0350    98.2386 1.0000e-12  -73.88164 -118.74192  50.865922      99.94 1.6590e+03    641.622      15400  1029.1623  1029.1611     4.6603     0.0708     0.1193    34.1203    34.1189    8.31422         26 0.0000e+00
    360.000    355.970    -1.1651  27.565390    -1.1625  27.565940     5.7180     5.8716     0.0077    98.2499 1.0000e-12  -73.88164 -118.74192  50.865934      99.94 1.6591e+03    642.680      15425  1029.1693  1029.1674     4.6608     0.0700     0.1184    34.1236    34.1213    8.31136         25 0.0000e+00
    361.000    356.957    -1.1600  27.570756    -1.1579  27.571357     5.7516     5.8887    -0.0183    98.2493 1.0000e-12  -73.88164 -118.74192  50.865945      76.73 1.6571e+03    643.644      15448  1029.1748  1029.1735     4.6608     0.0674     0.1187    34.1245    34.1229    8.31018         22 0.0000e+00
    362.000    357.946    -1.1785  27.557090    -1.1796  27.555220     5.7584     5.8995    -0.0171    98.2384 1.0000e-12  -73.88164 -118.74192  50.865955      89.77 1.6571e+03    644.546      15470  1029.1826  1029.1818     4.6603     0.0703     0.1188    34.1261    34.1248    8.31417         21 0.0000e+00
    363.000    358.932    -1.1948  27.544671    -1.1940  27.544687     5.7684     5.9190    -0.0214    98.2445 1.0000e-12  -73.88164 -118.74192  50.865966      96.62 1.6572e+03    645.452      15492  1029.1896  1029.1889     4.6606     0.0704     0.1178    34.1271    34.1262    8.31775         23 0.0000e+00
    364.000    359.922    -1.2027  27.538736    -1.2009  27.539143     5.7849     5.9276    -0.0146    98.2202 1.0000e-12  -73.88164 -118.74192  50.865978      99.68 1.6580e+03    646.462      15516  1029.1953  1029.1941     4.6594     0.0703     0.1166    34.1273    34.1258    8.31948         26 0.0000e+00
