ocean_section_plots/required_files/ctd/dnbp2202_ctd005.cnv
* Sea-Bird SBE 9 Data File:
* FileName = D:\Data\raw\NBP2202_CTD005.hex
* Software Version Seasave V 7.26.7.121
* Temperature SN = 1649
* Conductivity SN = 2513
* Number of Bytes Per Scan = 40
* Number of Voltage Words = 5
* Number of Scans Averaged by the Deck Unit = 1
* NMEA Latitude = 72 12.28 S
* NMEA Longitude = 117 41.64 W
* NMEA UTC (Time) = Jan 15 2022  12:56:01
* NMEA baud rate = 9600
** Ship: RVIB N.B. Palmer
** Cruise: NBP2202 Thwaites
** Station: #2
** Operator: B Bjork
# nquan = 25
# nvalues = 522                         
# units = specified
# name 0 = prDM: Pressure, Digiquartz [db]
# name 1 = depSM: Depth [salt water, m]
# name 2 = t090C: Temperature [ITS-90, deg C]
# name 3 = c0mS/cm: Conductivity [mS/cm]
# name 4 = t190C: Temperature, 2 [ITS-90, deg C]
# name 5 = c1mS/cm: Conductivity, 2 [mS/cm]
# name 6 = sbeox0ML/L: Oxygen, SBE 43 [ml/l]
# name 7 = sbeox1ML/L: Oxygen, SBE 43, 2 [ml/l]
# name 8 = flECO-AFL: Fluorescence, WET Labs ECO-AFL/FL [mg/m^3]
# name 9 = CStarTr0: Beam Transmission, WET Labs C-Star [%]
# name 10 = par: PAR/Irradiance, Biospherical/Licor
# name 11 = latitude: Latitude [deg]
# name 12 = longitude: Longitude [deg]
# name 13 = timeJ: Julian Days
# name 14 = altM: Altimeter [m]
# name 15 = spar: SPAR, Biospherical/Licor
# name 16 = timeS: Time, Elapsed [seconds]
# name 17 = scan: Scan Count
# name 18 = density00: Density [density, kg/m^3]
# name 19 = density11: Density, 2 [density, kg/m^3]
# name 20 = sal00: Salinity, Practical [PSU]
# name 21 = sal11: Salinity, Practical, 2 [PSU]
# name 22 = oxsolML/L: Oxygen Saturation, Garcia & Gordon [ml/l]
# name 23 = nbin: number of scans per bin
# name 24 = flag: flag
# span 0 =      2.000,    523.000       
# span 1 =      1.976,    516.983       
# span 2 =    -1.8013,     0.9269       
# span 3 =  26.896214,  29.816188       
# span 4 =    -1.8006,     0.9294       
# span 5 =  26.896326,  29.815624       
# span 6 =     4.5169,     9.3573       
# span 7 =     4.7046,     9.7903       
# span 8 =     0.0097,    22.6009       
# span 9 =    73.3200,    99.4497       
# span 10 = 1.0000e-12, 1.7988e+02      
# span 11 =  -72.20482,  -72.20480      
# span 12 = -117.69404, -117.69400      
# span 13 =  15.541442,  15.550800      
# span 14 =       4.07,      99.99      
# span 15 = 3.9842e+02, 1.0126e+03      
# span 16 =    219.600,   1028.097      
# span 17 =       5271,      24675      
# span 18 =  1026.9112,  1030.2448      
# span 19 =  1026.9111,  1030.2418      
# span 20 =    33.4735,    34.6637      
# span 21 =    33.4732,    34.6601      
# span 22 =    7.83887,    8.45508      
# span 23 =          5,         48      
# span 24 = 0.0000e+00, 0.0000e+00      
# interval = decibars: 1                
# start_time = Jan 15 2022 12:56:01 [NMEA time, header]
# bad_flag = -9.990e-29
*END*
[from data line 348]
    350.000    346.120    -1.1152  27.651156    -1.1120  27.650778     5.7598     6.0158     0.0830    99.2630 1.0000e-12  -72.20482 -117.69402  15.547420      99.87 6.0484e+02    736.047      17666  1029.1729  1029.1693    34.1901    34.1859    8.29639         31 0.0000e+00
    351.000    347.107    -1.1016  27.663770    -1.1005  27.662274     5.7317     5.9916     0.1320    99.1989 1.0000e-12  -72.20482 -117.69402  15.547434      99.86 6.0635e+02    737.259      17695  1029.1781  1029.1755    34.1912    34.1880    8.29331         28 0.0000e+00
    352.000    348.096    -1.0919  27.673226    -1.0898  27.672333     5.6919     5.9452     0.1487    99.3876 1.0000e-12  -72.20482 -117.69402  15.547447      99.86 6.0670e+02    738.397      17723  1029.1837  1029.1806    34.1925    34.1888    8.29109         26 0.0000e+00
    353.000    349.085    -1.0307  27.730448    -1.0288  27.728032     5.6704     5.9200     0.1135    99.3785 1.0000e-12  -72.20482 -117.69402  15.547460      99.87 6.0800e+02    739.517      17749  1029.1907  1029.1861    34.2003    34.1948    8.27712         28 0.0000e+00
    354.000    350.072    -0.9997  27.758279    -0.9975  27.757403     5.6592     5.9031     0.1303    99.3893 1.0000e-12  -72.20482 -117.69402  15.547473      99.86 6.0967e+02    740.661      17777  1029.1954  1029.1924    34.2024    34.1988    8.27017         28 0.0000e+00
    355.000    351.059    -0.9917  27.766150    -0.9893  27.765544     5.6197     5.8721     0.1194    99.3921 1.0000e-12  -72.20482 -117.69402  15.547487      99.86 6.1100e+02    741.879      17806  1029.2010  1029.1981    34.2034    34.1999    8.26834         30 0.0000e+00
    356.000    352.049    -0.9776  27.780748    -0.9748  27.779678     5.5862     5.8355     0.2369    99.3021 1.0000e-12  -72.20482 -117.69402  15.547502      99.87 6.1195e+02    743.145      17836  1029.2081  1029.2041    34.2067    34.2020    8.26506         30 0.0000e+00
    357.000    353.036    -0.9503  27.807402    -0.9482  27.806330     5.5751     5.8197     0.2459    99.3243 1.0000e-12  -72.20482 -117.69402  15.547516      99.86 6.1336e+02    744.390      17866  1029.2150  1029.2119    34.2113    34.2075    8.25878         30 0.0000e+00
    358.000    354.025    -0.9485  27.809303    -0.9467  27.808473     5.5703     5.8073     0.0928    99.3546 1.0000e-12  -72.20482 -117.69402  15.547530      99.87 6.1498e+02    745.578      17895  1029.2202  1029.2176    34.2113    34.2081    8.25840         27 0.0000e+00
    359.000    355.012    -0.9469  27.811458    -0.9449  27.810509     5.5587     5.7979     0.0825    99.3287 1.0000e-12  -72.20482 -117.69402  15.547543      99.86 6.1565e+02    746.721      17922  1029.2257  1029.2227    34.2117    34.2081    8.25801         27 0.0000e+00
    360.000    356.000    -0.9341  27.823719    -0.9323  27.822635     5.5558     5.7887     0.1837    99.3594 1.0000e-12  -72.20482 -117.69402  15.547556      99.86 6.1702e+02    747.862      17950  1029.2312  1029.2282    34.2132    34.2098    8.25511         28 0.0000e+00
    361.000    356.988    -0.9273  27.830339    -0.9254  27.829348     5.5416     5.7825     0.1909    99.3302 1.0000e-12  -72.20482 -117.69402  15.547570      99.87 6.1789e+02    749.068      17979  1029.2363  1029.2335    34.2139    34.2105    8.25358         30 0.0000e+00
    362.000    357.976    -0.9194  27.838188    -0.9174  27.836978     5.5252     5.7726     0.2179    99.3391 1.0000e-12  -72.20482 -117.69402  15.547585      99.86 6.1938e+02    750.336      18009  1029.2418  1029.2385    34.2150    34.2111    8.25179         30 0.0000e+00
    363.000    358.965    -0.9058  27.851510    -0.9035  27.850797     5.5114     5.7518     0.3676    99.3361 1.0000e-12  -72.20482 -117.69402  15.547599      99.87 6.2069e+02    751.550      18038  1029.2475  1029.2445    34.2171    34.2135    8.24869         28 0.0000e+00
    364.000    359.953    -0.8910  27.866140    -0.8886  27.865295     5.4950     5.7343     0.1352    99.1975 1.0000e-12  -72.20482 -117.69402  15.547612      99.86 6.2244e+02    752.673      18065  1029.2534  1029.2502    34.2195    34.2157    8.24529         27 0.0000e+00
    365.000    360.940    -0.8782  27.878675    -0.8756  27.878186     5.4858     5.7221     0.1814    99.3627 1.0000e-12  -72.20482 -117.69402  15.547625      99.86 6.2373e+02    753.798      18092  1029.2591  1029.2560    34.2214    34.2178    8.24239         28 0.0000e+00
    366.000    361.928    -0.8679  27.888789    -0.8657  27.887882     5.4801     5.7167     0.1447    98.9178 1.0000e-12  -72.20482 -117.69402  15.547639      99.87 6.2505e+02    755.011      18121  1029.2645  1029.2614    34.2228    34.2191    8.24005         30 0.0000e+00
    367.000    362.915    -0.8605  27.895957    -0.8585  27.895048     5.4597     5.6993     0.1022    99.2475 1.0000e-12  -72.20482 -117.69402  15.547654      99.86 6.2649e+02    756.292      18152  1029.2697  1029.2668    34.2236    34.2201    8.23839         30 0.0000e+00
    368.000    363.905    -0.8475  27.909132    -0.8444  27.908922     5.4420     5.6862     0.0944    99.2978 1.0000e-12  -72.20482 -117.69402  15.547668      99.87 6.2866e+02    757.523      18182  1029.2759  1029.2726    34.2261    34.2223    8.23541         29 0.0000e+00
    369.000    364.891    -0.8246  27.931867    -0.8228  27.930444     5.4238     5.6680     0.1064    99.2706 1.0000e-12  -72.20482 -117.69402  15.547681      99.86 6.3044e+02    758.648      18209  1029.2825  1029.2792    34.2303    34.2263    8.23015         26 0.0000e+00
    370.000    365.880    -0.8172  27.938971    -0.8152  27.938101     5.4192     5.6555     0.1472    99.3049 1.0000e-12  -72.20482 -117.69402  15.547694      99.87 6.3130e+02    759.743      18235  1029.2875  1029.2846    34.2310    34.2275    8.22850         27 0.0000e+00
    371.000    366.869    -0.7986  27.957676    -0.7956  27.956912     5.4073     5.6434     0.1121    99.3637 1.0000e-12  -72.20482 -117.69402  15.547707      99.87 6.3221e+02    760.917      18263  1029.2941  1029.2904    34.2345    34.2302    8.22423         30 0.0000e+00
    372.000    367.856    -0.7800  27.975431    -0.7778  27.974418     5.3878     5.6184     0.0902    99.2857 1.0000e-12  -72.20482 -117.69402  15.547722      99.86 6.3411e+02    762.189      18294  1029.2997  1029.2964    34.2370    34.2330    8.22005         30 0.0000e+00
    373.000    368.845    -0.7663  27.989158    -0.7643  27.987827     5.3702     5.6006     0.1862    99.2698 1.0000e-12  -72.20480 -117.69402  15.547737      99.86 6.3596e+02    763.445      18324  1029.3058  1029.3024    34.2394    34.2353    8.21692         29 0.0000e+00
    374.000    369.832    -0.7542  28.000698    -0.7524  27.999805     5.3534     5.5856     0.3026    99.2727 1.0000e-12  -72.20481 -117.69402  15.547750      99.87 6.3827e+02    764.607      18352  1029.3110  1029.3083    34.2407    34.2375    8.21421         27 0.0000e+00
    375.000    370.819    -0.7474  28.007681    -0.7454  28.006825     5.3264     5.5620     0.0962    99.2354 1.0000e-12  -72.20481 -117.69402  15.547763      99.87 6.4006e+02    765.710      18378  1029.3165  1029.3136    34.2419    34.2384    8.21267         27 0.0000e+00
    376.000    371.808    -0.7295  28.025630    -0.7265  28.025211     5.3049     5.5378     0.0786    99.3198 1.0000e-12  -72.20482 -117.69402  15.547776      99.86 6.4130e+02    766.850      18405  1029.3229  1029.3195    34.2452    34.2412    8.20858         29 0.0000e+00
    377.000    372.796    -0.7050  28.049158    -0.7031  28.047564     5.2970     5.5217     0.0829    99.3195 1.0000e-12  -72.20482 -117.69402  15.547791      99.86 6.4291e+02    768.100      18435  1029.3288  1029.3253    34.2486    34.2444    8.20305         31 0.0000e+00
    378.000    373.783    -0.6994  28.054930    -0.6968  28.054623     5.2894     5.5132     1.9220    99.3003 1.0000e-12  -72.20480 -117.69402  15.547806      99.86 6.4415e+02    769.397      18467  1029.3342  1029.3315    34.2494    34.2462    8.20178         30 0.0000e+00
    379.000    374.772    -0.6976  28.057256    -0.6954  28.056535     5.2863     5.5158     0.7251    99.3049 1.0000e-12  -72.20480 -117.69402  15.547819      99.86 6.4527e+02    770.600      18495  1029.3396  1029.3368    34.2500    34.2466    8.20137         28 0.0000e+00
    380.000    375.761    -0.6965  28.058585    -0.6950  28.057416     5.2922     5.5139     0.0885    99.2916 1.0000e-12  -72.20481 -117.69402  15.547832      99.87 6.4615e+02    771.716      18522  1029.3446  1029.3419    34.2500    34.2467    8.20114         26 0.0000e+00
    381.000    376.747    -0.6967  28.059015    -0.6957  28.057086     5.2909     5.5103     0.0802    99.2955 1.0000e-12  -72.20482 -117.69402  15.547845      99.86 6.4697e+02    772.823      18549  1029.3497  1029.3467    34.2501    34.2464    8.20117         27 0.0000e+00
    382.000    377.736    -0.6956  28.060295    -0.6950  28.058294     5.2820     5.5101     0.0859    99.3231 1.0000e-12  -72.20482 -117.69402  15.547859      99.87 6.4698e+02    774.002      18577  1029.3546  1029.3518    34.2501    34.2466    8.20094         30 0.0000e+00
    383.000    378.724    -0.6918  28.064583    -0.6883  28.064756     5.2621     5.4941     0.0841    99.3401 1.0000e-12  -72.20482 -117.69402  15.547874      99.87 6.4728e+02    775.324      18609  1029.3599  1029.3566    34.2509    34.2471    8.20006         34 0.0000e+00
    384.000    379.711    -0.6665  28.090044    -0.6659  28.086839     5.2455     5.4662     0.0728    99.3328 1.0000e-12  -72.20482 -117.69402  15.547891      99.87 6.5005e+02    776.779      18644  1029.3670  1029.3629    34.2561    34.2510    8.19428         34 0.0000e+00
    385.000    380.700    -0.6346  28.121338    -0.6278  28.124180     5.2237     5.4481     0.0683    99.2801 1.0000e-12  -72.20482 -117.69402  15.547907      99.87 6.5531e+02    778.133      18676  1029.3739  1029.3703    34.2616    34.2577    8.18705         31 0.0000e+00
    386.000    381.686    -0.6147  28.141030    -0.6136  28.138983     5.2193     5.4397     0.1106    99.3114 1.0000e-12  -72.20482 -117.69402  15.547921      99.86 6.6060e+02    779.393      18706  1029.3802  1029.3769    34.2650    34.2610    8.18255         30 0.0000e+00
    387.000    382.676    -0.6082  28.147559    -0.6061  28.146518     5.2096     5.4306     0.0875    99.3500 1.0000e-12  -72.20482 -117.69402  15.547936      99.86 6.6277e+02    780.699      18738  1029.3854  1029.3823    34.2658    34.2621    8.18109         33 0.0000e+00
    388.000    383.663    -0.6048  28.151143    -0.6030  28.150076     5.2119     5.4299     0.0952    99.3601 1.0000e-12  -72.20482 -117.69402  15.547953      99.87 6.5976e+02    782.158      18773  1029.3906  1029.3877    34.2661    34.2627    8.18033         37 0.0000e+00
    389.000    384.651    -0.6040  28.152327    -0.6021  28.151467     5.2059     5.4237     0.0683    99.3519 1.0000e-12  -72.20482 -117.69402  15.547970      99.87 6.5422e+02    783.636      18808  1029.3957  1029.3929    34.2663    34.2630    8.18016         34 0.0000e+00
    390.000    385.639    -0.6011  28.155534    -0.5991  28.154750     5.2027     5.4220     0.0719    99.2630 1.0000e-12  -72.20482 -117.69402  15.547986      99.87 6.4989e+02    784.986      18841  1029.4008  1029.3981    34.2666    34.2634    8.17950         30 0.0000e+00
    391.000    386.626    -0.5994  28.157685    -0.5979  28.156548     5.2078     5.4217     0.3737    99.3231 1.0000e-12  -72.20482 -117.69402  15.547999      99.86 6.4648e+02    786.127      18868  1029.4060  1029.4032    34.2671    34.2638    8.17913         25 0.0000e+00
    392.000    387.615    -0.5998  28.157731    -0.5974  28.157259     5.2031     5.4215     0.1270    99.3500 1.0000e-12  -72.20482 -117.69402  15.548011      99.87 6.4440e+02    787.194      18894  1029.4108  1029.4079    34.2670    34.2637    8.17921         28 0.0000e+00
    393.000    388.603    -0.5958  28.162058    -0.5936  28.161145     5.1916     5.4089     0.0738    99.3272 1.0000e-12  -72.20482 -117.69402  15.548027      99.86 6.4047e+02    788.491      18925  1029.4159  1029.4128    34.2677    34.2640    8.17831         33 0.0000e+00
    394.000    389.590    -0.5807  28.177528    -0.5765  28.177975     5.1698     5.3926     0.0766    99.3384 1.0000e-12  -72.20482 -117.69402  15.548045      99.86 6.3653e+02    790.046      18962  1029.4221  1029.4185    34.2708    34.2667    8.17487         36 0.0000e+00
    395.000    390.579    -0.5627  28.195663    -0.5602  28.194921     5.1510     5.3757     0.0701    99.3476 1.0000e-12  -72.20482 -117.69402  15.548060      99.86 6.3367e+02    791.408      18995  1029.4284  1029.4252    34.2743    34.2705    8.17078         30 0.0000e+00
    396.000    391.565    -0.5518  28.207103    -0.5501  28.205711     5.1325     5.3590     0.0592    99.2959 1.0000e-12  -72.20482 -117.69402  15.548074      99.87 6.3161e+02    792.597      19023  1029.4345  1029.4314    34.2768    34.2730    8.16829         27 0.0000e+00
    397.000    392.555    -0.5389  28.219780    -0.5366  28.218959     5.1208     5.3444     0.0706    99.2882 1.0000e-12  -72.20482 -117.69402  15.548086      99.86 6.2982e+02    793.640      19048  1029.4399  1029.4368    34.2787    34.2749    8.16541         25 0.0000e+00
    398.000    393.542    -0.5280  28.230778    -0.5252  28.230256     5.1261     5.3426     0.0728    99.3136 1.0000e-12  -72.20482 -117.69402  15.548101      99.87 6.2667e+02    794.882      19078  1029.4455  1029.4422    34.2805    34.2766    8.16296         35 0.0000e+00
    399.000    394.531    -0.5181  28.241333    -0.5158  28.240444     5.1137     5.3361     0.0757    99.2743 1.0000e-12  -72.20482 -117.69402  15.548118      99.87 6.2370e+02    796.438      19116  1029.4516  1029.4485    34.2828    34.2791    8.16067         32 0.0000e+00
    400.000    395.517    -0.5058  28.254177    -0.5033  28.253298     5.1022     5.3215     0.1053    99.2913 1.0000e-12  -72.20482 -117.69402  15.548135      99.87 6.2067e+02    797.882      19150  1029.4580  1029.4546    34.2857    34.2817    8.15788         29 0.0000e+00
    401.000    396.506    -0.4942  28.266352    -0.4921  28.265240     5.0873     5.3090     0.0717    99.3294 1.0000e-12  -72.20482 -117.69402  15.548149      99.86 6.1893e+02    799.066      19179  1029.4640  1029.4608    34.2882    34.2844    8.15522         27 0.0000e+00
    402.000    397.492    -0.4843  28.276423    -0.4821  28.275595     5.0865     5.3005     0.0584    99.3063 1.0000e-12  -72.20482 -117.69402  15.548162      99.86 6.1730e+02    800.231      19207  1029.4696  1029.4666    34.2900    34.2864    8.15300         30 0.0000e+00
    403.000    398.481    -0.4770  28.284130    -0.4743  28.283715     5.0868     5.2987     0.0511    99.2429 1.0000e-12  -72.20482 -117.69402  15.548178      99.86 6.1608e+02    801.608      19240  1029.4753  1029.4722    34.2915    34.2879    8.15135         34 0.0000e+00
    404.000    399.469    -0.4696  28.292381    -0.4673  28.291547     5.0875     5.3049     0.0469    99.3088 1.0000e-12  -72.20482 -117.69402  15.548197      99.87 6.1378e+02    803.205      19278  1029.4814  1029.4783    34.2937    34.2900    8.14964         36 0.0000e+00
    405.000    400.457    -0.4662  28.296700    -0.4640  28.295898     5.0770     5.2982     0.0635    99.3334 1.0000e-12  -72.20482 -117.69402  15.548214      99.86 6.1181e+02    804.683      19313  1029.4872  1029.4843    34.2950    34.2915    8.14883         33 0.0000e+00
    406.000    401.445    -0.4591  28.304892    -0.4571  28.303773     5.0741     5.2915     0.2109    99.3371 1.0000e-12  -72.20482 -117.69402  15.548228      99.86 6.0999e+02    805.922      19343  1029.4935  1029.4903    34.2974    34.2936    8.14718         26 0.0000e+00
