ocean_section_plots/required_files/ctd/dnbp2202_ctd174.cnv
* Sea-Bird SBE 9 Data File:
* FileName = D:\Data\raw\NBP2202_CTD174.hex
* Software Version Seasave V 7.26.7.121
* Temperature SN = 1649
* Conductivity SN = 2513
* Number of Bytes Per Scan = 40
* Number of Voltage Words = 5
* Number of Scans Averaged by the Deck Unit = 1
* NMEA Latitude = 74 04.34 S
* NMEA Longitude = 110 47.47 W
* NMEA UTC (Time) = Feb 03 2022  18:11:19
* NMEA baud rate = 9600
** Ship: RVIB N.B. Palmer
** Cruise: NBP2202 Thwaites
** Station: 96
** Operator: A. Robinson
# nquan = 28
# nvalues = 325                         
# units = specified
# name 0 = prDM: Pressure, Digiquartz [db]
# name 1 = depSM: Depth [salt water, m]
# name 2 = t090C: Temperature [ITS-90, deg C]
# name 3 = c0mS/cm: Conductivity [mS/cm]
# name 4 = t190C: Temperature, 2 [ITS-90, deg C]
# name 5 = c1mS/cm: Conductivity, 2 [mS/cm]
# name 6 = sbeox0ML/L: Oxygen, SBE 43 [ml/l]
# name 7 = sbeox1ML/L: Oxygen, SBE 43, 2 [ml/l]
# name 8 = flECO-AFL: Fluorescence, WET Labs ECO-AFL/FL [mg/m^3]
# name 9 = CStarTr0: Beam Transmission, WET Labs C-Star [%]
# name 10 = par: PAR/Irradiance, Biospherical/Licor
# name 11 = latitude: Latitude [deg]
# name 12 = longitude: Longitude [deg]
# name 13 = timeJ: Julian Days
# name 14 = altM: Altimeter [m]
# name 15 = spar: SPAR, Biospherical/Licor
# name 16 = timeS: Time, Elapsed [seconds]
# name 17 = scan: Scan Count
# name 18 = density00: Density [density, kg/m^3]
# name 19 = density11: Density, 2 [density, kg/m^3]
# name 20 = v3: Voltage 3
# name 21 = v4: Voltage 4
# name 22 = v5: Voltage 5
# name 23 = sal00: Salinity, Practical [PSU]
# name 24 = sal11: Salinity, Practical, 2 [PSU]
# name 25 = oxsolML/L: Oxygen Saturation, Garcia & Gordon [ml/l]
# name 26 = nbin: number of scans per bin
# name 27 = flag: flag
# span 0 =      2.000,    326.000       
# span 1 =      1.983,    322.375       
# span 2 =    -1.5482,    -1.1517       
# span 3 =  26.796329,  27.569934       
# span 4 =    -1.5481,    -1.1507       
# span 5 =  26.796616,  27.569312       
# span 6 =     5.9251,     7.7189       
# span 7 =     5.8950,     7.8807       
# span 8 =    -0.0197,    13.5342       
# span 9 =    82.9452,    98.6749       
# span 10 = -1.478e-05, 1.2949e+02      
# span 11 =  -74.07248,  -74.07246      
# span 12 = -110.79122, -110.79118      
# span 13 =  34.760541,  34.766158      
# span 14 =       4.94,      99.97      
# span 15 = 1.8122e+03, 1.8192e+03      
# span 16 =    231.711,    717.031      
# span 17 =       5562,      17210      
# span 18 =  1027.1275,  1029.0191      
# span 19 =  1027.1293,  1029.0174      
# span 20 =     3.9351,     4.6809      
# span 21 =     0.0633,     2.0743      
# span 22 =     0.1175,     0.1775      
# span 23 =    33.7000,    34.1354      
# span 24 =    33.7021,    34.1334      
# span 25 =    8.30768,    8.41796      
# span 26 =         20,         46      
# span 27 = 0.0000e+00, 0.0000e+00      
# interval = decibars: 1                
# start_time = Feb 03 2022 18:11:19 [NMEA time, header]
# bad_flag = -9.990e-29
*END*
[from data line 52]
     54.000     53.434    -1.4140  27.015797    -1.4141  27.015806     6.6212     6.8327     4.2972    91.0642 1.0669e+01  -74.07246 -110.79120  34.761668      99.82 1.8142e+03    329.135       7900  1027.4884  1027.4886     4.3205     0.4976     0.1344    33.8417    33.8419    8.38369         35 0.0000e+00
     55.000     54.424    -1.4143  27.016186    -1.4145  27.016283     6.6190     6.8255     4.2920    91.1962 9.2915e+00  -74.07246 -110.79120  34.761687      99.80 1.8150e+03    330.748       7939  1027.4934  1027.4937     4.3264     0.5752     0.1408    33.8419    33.8423    8.38373         37 0.0000e+00
     56.000     55.413    -1.4144  27.016631    -1.4147  27.016683     6.6204     6.8254     3.6658    91.8203 8.1237e+00  -74.07246 -110.79120  34.761705      97.03 1.8154e+03    332.355       7978  1027.4983  1027.4987     4.3559     0.8014     0.1472    33.8420    33.8425    8.38375         38 0.0000e+00
     57.000     56.402    -1.4147  27.017142    -1.4149  27.017195     6.6227     6.8235     4.3725    90.8028 7.0787e+00  -74.07246 -110.79120  34.761724      99.76 1.8156e+03    333.940       8016  1027.5035  1027.5037     4.3077     0.7147     0.1402    33.8425    33.8427    8.38380         34 0.0000e+00
     58.000     57.392    -1.4153  27.017708    -1.4153  27.017837     6.6144     6.8229     4.5886    92.4952 6.1738e+00  -74.07246 -110.79120  34.761742      99.80 1.8158e+03    335.524       8054  1027.5090  1027.5092     4.3881     0.5993     0.1381    33.8433    33.8435    8.38388         34 0.0000e+00
     59.000     58.381    -1.4169  27.017926    -1.4170  27.018096     6.6165     6.8161     4.7630    92.0200 5.3898e+00  -74.07246 -110.79120  34.761760      99.77 1.8165e+03    337.097       8091  1027.5152  1027.5153     4.3654     0.7105     0.1464    33.8449    33.8451    8.38416         38 0.0000e+00
     60.000     59.371    -1.4171  27.019013    -1.4172  27.019038     6.6139     6.8112     4.0895    91.1855 4.7086e+00  -74.07246 -110.79120  34.761778      99.75 1.8167e+03    338.656       8129  1027.5208  1027.5209     4.3259     0.7527     0.1368    33.8458    33.8460    8.38413         33 0.0000e+00
     61.000     60.360    -1.4151  27.021779    -1.4150  27.021949     6.6024     6.8085     4.0679    90.9919 4.1330e+00  -74.07246 -110.79120  34.761796      99.75 1.8156e+03    340.216       8166  1027.5262  1027.5264     4.3167     0.7598     0.1352    33.8468    33.8470    8.38363         37 0.0000e+00
     62.000     61.349    -1.4129  27.025011    -1.4130  27.025069     6.5906     6.7975     4.2860    91.6698 3.6463e+00  -74.07246 -110.79120  34.761815      99.79 1.8156e+03    341.786       8204  1027.5320  1027.5321     4.3487     0.6349     0.1434    33.8482    33.8483    8.38306         38 0.0000e+00
     63.000     62.339    -1.4101  27.029091    -1.4100  27.029109     6.5989     6.8076     4.3177    91.9491 3.2181e+00  -74.07246 -110.79120  34.761833      99.70 1.8158e+03    343.348       8241  1027.5382  1027.5381     4.3621     0.8578     0.1399    33.8500    33.8499    8.38232         36 0.0000e+00
     64.000     63.328    -1.4085  27.032302    -1.4085  27.032279     6.6329     6.8369     3.6848    91.9846 2.8317e+00  -74.07246 -110.79119  34.761851      97.19 1.8148e+03    344.917       8279  1027.5445  1027.5444     4.3637     0.6978     0.1373    33.8519    33.8519    8.38183         37 0.0000e+00
     65.000     64.317    -1.4069  27.034723    -1.4067  27.034891     6.6586     6.8550     3.9805    91.1736 2.4923e+00  -74.07246 -110.79119  34.761869      99.65 1.8157e+03    346.499       8317  1027.5500  1027.5500     4.3253     1.0113     0.1452    33.8528    33.8529    8.38142         39 0.0000e+00
     66.000     65.307    -1.4055  27.037363    -1.4055  27.037434     6.6724     6.8660     4.4483    91.2689 2.1963e+00  -74.07246 -110.79119  34.761887      99.75 1.8160e+03    348.075       8355  1027.5559  1027.5560     4.3301     0.7772     0.1470    33.8543    33.8544    8.38102         35 0.0000e+00
     67.000     66.295    -1.4039  27.040368    -1.4037  27.040412     6.7424     6.9436     3.5975    90.8212 1.9345e+00  -74.07246 -110.79119  34.761905      99.73 1.8150e+03    349.562       8390  1027.5620  1027.5618     4.3086     0.8029     0.1470    33.8560    33.8558    8.38056         34 0.0000e+00
     68.000     67.286    -1.3990  27.046731    -1.3985  27.046924     6.9959     7.1672     3.3444    91.8063 1.7019e+00  -74.07246 -110.79119  34.761920      99.80 1.8162e+03    350.921       8423  1027.5686  1027.5684     4.3552     0.6064     0.1334    33.8585    33.8583    8.37930         31 0.0000e+00
     69.000     68.275    -1.3888  27.058123    -1.3884  27.057926     7.4008     7.5213     4.2294    92.5280 1.4975e+00  -74.07246 -110.79118  34.761936      99.80 1.8161e+03    352.229       8455  1027.5757  1027.5751     4.3895     0.6177     0.1430    33.8621    33.8613    8.37681         31 0.0000e+00
     70.000     69.264    -1.3440  27.102110    -1.3430  27.101529     7.6592     7.7598     4.7040    90.8291 1.3078e+00  -74.07246 -110.79119  34.761950      99.75 1.8150e+03    353.510       8485  1027.5853  1027.5837     4.3089     0.7456     0.1336    33.8711    33.8693    8.36620         31 0.0000e+00
     71.000     70.253    -1.3261  27.120659    -1.3253  27.120929     7.7189     7.8600     6.7570    90.6585 1.1301e+00  -74.07246 -110.79119  34.761965      99.67 1.8161e+03    354.766       8515  1027.5930  1027.5926     4.3009     0.9789     0.1492    33.8758    33.8752    8.36192         29 0.0000e+00
     72.000     71.243    -1.3266  27.123635    -1.3265  27.123548     7.7087     7.8807    10.0299    89.2855 9.4540e-01  -74.07246 -110.79119  34.761979      99.47 1.8158e+03    355.963       8544  1027.6014  1027.6012     4.2357     1.4123     0.1515    33.8798    33.8796    8.36179         28 0.0000e+00
     73.000     72.232    -1.3236  27.127894    -1.3229  27.128199     7.6536     7.8433    12.1679    88.2828 7.4182e-01  -74.07248 -110.79120  34.761992      99.50 1.8145e+03    357.102       8571  1027.6078  1027.6074     4.1882     1.3417     0.1614    33.8817    33.8813    8.36101         28 0.0000e+00
     74.000     73.221    -1.3247  27.128357    -1.3254  27.128036     7.5278     7.7418    13.1287    87.5458 5.6413e-01  -74.07246 -110.79118  34.762005      99.29 1.8148e+03    358.262       8599  1027.6139  1027.6142     4.1533     1.5816     0.1569    33.8829    33.8832    8.36118         28 0.0000e+00
     75.000     74.211    -1.3397  27.119348    -1.3401  27.119051     7.3654     7.5924    13.5342    85.8549 4.2035e-01  -74.07248 -110.79120  34.762019      99.26 1.8140e+03    359.431       8627  1027.6230  1027.6231     4.0731     1.8183     0.1604    33.8869    33.8869    8.36430         28 0.0000e+00
     76.000     75.200    -1.3551  27.107694    -1.3568  27.106670     7.1473     7.3847    12.9275    84.5057 3.0733e-01  -74.07248 -110.79120  34.762032      99.38 1.8140e+03    360.590       8655  1027.6295  1027.6300     4.0090     1.6283     0.1718    33.8877    33.8883    8.36771         28 0.0000e+00
     77.000     76.189    -1.3669  27.098834    -1.3704  27.096196     6.8459     7.0957    12.9291    84.0188 2.2384e-01  -74.07247 -110.79120  34.762046      99.44 1.8140e+03    361.760       8683  1027.6355  1027.6360     3.9861     2.0743     0.1678    33.8883    33.8886    8.37033         28 0.0000e+00
     78.000     77.178    -1.3939  27.076870    -1.3991  27.073515     6.5220     6.8046    11.7572    83.3877 1.6224e-01  -74.07246 -110.79120  34.762060      99.37 1.8143e+03    362.945       8712  1027.6417  1027.6430     3.9561     1.9222     0.1775    33.8880    33.8893    8.37641         29 0.0000e+00
     79.000     78.168    -1.4211  27.055380    -1.4268  27.051690     6.3206     6.6284     9.8266    83.7714 1.1879e-01  -74.07246 -110.79120  34.762073      99.36 1.8144e+03    364.116       8740  1027.6486  1027.6500     3.9743     1.7063     0.1619    33.8887    33.8901    8.38249         28 0.0000e+00
     80.000     79.157    -1.4505  27.034070    -1.4507  27.034070     6.2731     6.5712     6.6886    82.9452 8.8505e-02  -74.07246 -110.79120  34.762087      99.38 1.8140e+03    365.294       8768  1027.6575  1027.6577     3.9351     1.6701     0.1532    33.8920    33.8923    8.38890         28 0.0000e+00
     81.000     80.146    -1.4544  27.034326    -1.4545  27.034008     6.2947     6.5691     4.6376    84.2214 6.7793e-02  -74.07246 -110.79120  34.762100      99.56 1.8150e+03    366.474       8796  1027.6657  1027.6654     3.9959     1.1892     0.1456    33.8962    33.8959    8.38954         28 0.0000e+00
     82.000     81.137    -1.4533  27.036268    -1.4530  27.036540     6.3308     6.5760     2.8091    86.2591 5.4198e-02  -74.07246 -110.79120  34.762114      99.50 1.8148e+03    367.652       8825  1027.6708  1027.6707     4.0919     1.3471     0.1466    33.8971    33.8971    8.38925         28 0.0000e+00
     83.000     82.124    -1.4523  27.039065    -1.4528  27.038800     6.3581     6.5837     2.6579    86.9979 4.4929e-02  -74.07246 -110.79120  34.762128      99.72 1.8142e+03    368.825       8853  1027.6770  1027.6771     4.1273     0.8624     0.1445    33.8991    33.8993    8.38889         29 0.0000e+00
     84.000     83.113    -1.4560  27.037476    -1.4560  27.037454     6.3725     6.5928     3.8089    87.4520 3.6879e-02  -74.07246 -110.79119  34.762141      99.78 1.8153e+03    370.014       8881  1027.6829  1027.6828     4.1488     0.6634     0.1334    33.9005    33.9004    8.38965         28 0.0000e+00
     85.000     84.104    -1.4583  27.036599    -1.4588  27.036455     6.3943     6.5966     3.4975    88.8622 3.1652e-02  -74.07246 -110.79120  34.762155      93.61 1.8153e+03    371.193       8910  1027.6883  1027.6886     4.2156     0.6211     0.1376    33.9013    33.9016    8.39012         28 0.0000e+00
     86.000     85.093    -1.4610  27.036727    -1.4610  27.036653     6.3968     6.5967     2.1126    89.8089 2.2785e-02  -74.07246 -110.79118  34.762169      99.74 1.8149e+03    372.374       8938  1027.6952  1027.6951     4.2607     0.7368     0.1353    33.9038    33.9038    8.39057         29 0.0000e+00
     87.000     86.081    -1.4621  27.038016    -1.4620  27.038131     6.3973     6.5924     2.4421    91.4769 1.6465e-02  -74.07246 -110.79118  34.762182      99.79 1.8162e+03    373.566       8967  1027.7019  1027.7019     4.3395     0.6282     0.1331    33.9063    33.9063    8.39068         29 0.0000e+00
     88.000     87.072    -1.4632  27.039654    -1.4629  27.039723     6.3977     6.5910     3.3083    91.9740 1.0660e-02  -74.07246 -110.79118  34.762196      99.77 1.8162e+03    374.747       8995  1027.7089  1027.7088     4.3632     0.6861     0.1389    33.9091    33.9090    8.39074         28 0.0000e+00
     89.000     88.060    -1.4643  27.041347    -1.4640  27.041265     6.3990     6.5876     1.8488    92.9673 5.1412e-03  -74.07246 -110.79118  34.762210      99.76 1.8152e+03    375.929       9023  1027.7162  1027.7158     4.4103     0.6937     0.1342    33.9122    33.9117    8.39082         28 0.0000e+00
     90.000     89.049    -1.4647  27.042044    -1.4645  27.042038     6.3990     6.5849     1.9709    93.3944 8.6835e-04  -74.07246 -110.79118  34.762224      99.80 1.8171e+03    377.124       9052  1027.7216  1027.7213     4.4306     0.5952     0.1354    33.9130    33.9127    8.39087         29 0.0000e+00
     91.000     90.040    -1.4653  27.042797    -1.4652  27.042688     6.4020     6.5841     2.1707    92.9605 -1.478e-05  -74.07246 -110.79118  34.762237      99.82 1.8170e+03    378.312       9080  1027.7271  1027.7269     4.4103     0.5109     0.1303    33.9140    33.9137    8.39093         27 0.0000e+00
     92.000     91.028    -1.4673  27.043904    -1.4671  27.043871     6.4026     6.5921     1.8756    94.2605 1.0000e-12  -74.07246 -110.79118  34.762251      99.81 1.8163e+03    379.487       9109  1027.7346  1027.7343     4.4714     0.5192     0.1306    33.9172    33.9169    8.39119         29 0.0000e+00
     93.000     92.017    -1.4686  27.044963    -1.4683  27.044859     6.4054     6.5914     2.0564    94.0229 1.0000e-12  -74.07246 -110.79118  34.762265      99.85 1.8175e+03    380.675       9137  1027.7413  1027.7409     4.4604     0.4203     0.1263    33.9195    33.9191    8.39136         29 0.0000e+00
     94.000     93.006    -1.4690  27.045485    -1.4688  27.045490     6.4009     6.5851     2.0742    94.4795 1.0000e-12  -74.07246 -110.79118  34.762278      99.83 1.8175e+03    381.854       9165  1027.7465  1027.7463     4.4820     0.4210     0.1339    33.9201    33.9198    8.39141         28 0.0000e+00
     95.000     93.997    -1.4709  27.045478    -1.4707  27.045590     6.3977     6.5802     2.0194    94.6887 1.0000e-12  -74.07246 -110.79118  34.762292      99.84 1.8173e+03    383.023       9194  1027.7526  1027.7525     4.4919     0.3874     0.1265    33.9215    33.9215    8.39174         28 0.0000e+00
     96.000     94.984    -1.4752  27.044664    -1.4750  27.044716     6.3952     6.5778     1.8172    95.2539 1.0000e-12  -74.07246 -110.79118  34.762306      99.73 1.8175e+03    384.195       9222  1027.7602  1027.7600     4.5187     0.3566     0.1265    33.9247    33.9245    8.39253         28 0.0000e+00
     97.000     95.974    -1.4766  27.044819    -1.4765  27.044713     6.3929     6.5777     1.6493    95.3370 1.0000e-12  -74.07246 -110.79120  34.762319      99.50 1.8175e+03    385.368       9250  1027.7659  1027.7657     4.5227     0.3576     0.1262    33.9258    33.9256    8.39277         29 0.0000e+00
     98.000     96.964    -1.4767  27.045190    -1.4766  27.045152     6.3908     6.5813     1.5164    94.6215 1.0000e-12  -74.07246 -110.79118  34.762332      99.84 1.8162e+03    386.525       9278  1027.7706  1027.7705     4.4888     0.3788     0.1295    33.9258    33.9257    8.39279         27 0.0000e+00
     99.000     97.952    -1.4768  27.045704    -1.4767  27.045577     6.3878     6.5773     1.5454    95.1250 1.0000e-12  -74.07246 -110.79118  34.762346      99.87 1.8173e+03    387.687       9305  1027.7756  1027.7753     4.5127     0.2676     0.1246    33.9261    33.9258    8.39281         28 0.0000e+00
    100.000     98.942    -1.4767  27.046189    -1.4765  27.046222     6.3874     6.5792     1.3661    94.9594 1.0000e-12  -74.07246 -110.79118  34.762359      99.81 1.8175e+03    388.856       9334  1027.7803  1027.7801     4.5048     0.4645     0.1270    33.9260    33.9258    8.39280         28 0.0000e+00
    101.000     99.930    -1.4768  27.046775    -1.4768  27.046544     6.3884     6.5737     1.5869    94.9211 1.0000e-12  -74.07246 -110.79118  34.762373      99.79 1.8175e+03    390.018       9361  1027.7852  1027.7850     4.5034     0.5802     0.1249    33.9263    33.9260    8.39279         28 0.0000e+00
    102.000    100.920    -1.4770  27.047170    -1.4768  27.047128     6.3902     6.5765     1.6002    95.6321 1.0000e-12  -74.07246 -110.79118  34.762386      99.85 1.8175e+03    391.182       9389  1027.7902  1027.7899     4.5362     0.3961     0.1265    33.9265    33.9261    8.39284         28 0.0000e+00
    103.000    101.910    -1.4774  27.047411    -1.4773  27.047481     6.3906     6.5666     1.6634    95.0878 1.0000e-12  -74.07246 -110.79118  34.762400      99.85 1.8175e+03    392.355       9418  1027.7952  1027.7951     4.5109     0.3527     0.1280    33.9266    33.9266    8.39292         28 0.0000e+00
    104.000    102.897    -1.4794  27.047205    -1.4791  27.047217     6.3904     6.5718     1.6938    95.9453 1.0000e-12  -74.07246 -110.79118  34.762413      99.85 1.8166e+03    393.523       9446  1027.8011  1027.8009     4.5515     0.3455     0.1301    33.9279    33.9276    8.39328         28 0.0000e+00
