ocean_section_plots/required_files/ctd/dnbp2202_ctd099.cnv
* Sea-Bird SBE 9 Data File:
* FileName = D:\Data\raw\NBP2202_CTD099.hex
* Software Version Seasave V 7.26.7.121
* Temperature SN = 1649
* Conductivity SN = 2513
* Number of Bytes Per Scan = 40
* Number of Voltage Words = 5
* Number of Scans Averaged by the Deck Unit = 1
* NMEA Latitude = 74 10.51 S
* NMEA Longitude = 113 20.67 W
* NMEA UTC (Time) = Jan 27 2022  01:57:22
* NMEA baud rate = 9600
** Ship: RVIB N.B. Palmer
** Cruise: NBP2202 Thwaites
** Station: YoYo001
** Operator: A. Robinson
# nquan = 25
# nvalues = 608                         
# units = specified
# name 0 = prDM: Pressure, Digiquartz [db]
# name 1 = depSM: Depth [salt water, m]
# name 2 = t090C: Temperature [ITS-90, deg C]
# name 3 = c0mS/cm: Conductivity [mS/cm]
# name 4 = t190C: Temperature, 2 [ITS-90, deg C]
# name 5 = c1mS/cm: Conductivity, 2 [mS/cm]
# name 6 = sbeox0ML/L: Oxygen, SBE 43 [ml/l]
# name 7 = sbeox1ML/L: Oxygen, SBE 43, 2 [ml/l]
# name 8 = flECO-AFL: Fluorescence, WET Labs ECO-AFL/FL [mg/m^3]
# name 9 = CStarTr0: Beam Transmission, WET Labs C-Star [%]
# name 10 = par: PAR/Irradiance, Biospherical/Licor
# name 11 = latitude: Latitude [deg]
# name 12 = longitude: Longitude [deg]
# name 13 = timeJ: Julian Days
# name 14 = altM: Altimeter [m]
# name 15 = spar: SPAR, Biospherical/Licor
# name 16 = timeS: Time, Elapsed [seconds]
# name 17 = scan: Scan Count
# name 18 = density00: Density [density, kg/m^3]
# name 19 = density11: Density, 2 [density, kg/m^3]
# name 20 = sal00: Salinity, Practical [PSU]
# name 21 = sal11: Salinity, Practical, 2 [PSU]
# name 22 = oxsolML/L: Oxygen Saturation, Garcia & Gordon [ml/l]
# name 23 = nbin: number of scans per bin
# name 24 = flag: flag
# span 0 =     10.000,    617.000       
# span 1 =      9.896,    609.699       
# span 2 =    -1.5104,     0.0775       
# span 3 =  26.938711,  28.912769       
# span 4 =    -1.5091,     0.0793       
# span 5 =  26.178403,  28.380050       
# span 6 =     4.6876,     7.9032       
# span 7 =     4.7579,     7.9371       
# span 8 =    -0.0224,    23.3944       
# span 9 =    73.5966,    95.5919       
# span 10 = 1.0000e-12, 3.2199e+01      
# span 11 =  -74.17528,  -74.17528      
# span 12 = -113.34460, -113.34456      
# span 13 =  27.082187,  27.091685      
# span 14 =       4.92,     100.40      
# span 15 = 5.2925e+02, 1.5803e+03      
# span 16 =     58.946,    879.548      
# span 17 =       1416,      21110      
# span 18 =  1027.2343,  1030.5212      
# span 19 =  1026.2546,  1029.9591      
# span 20 =    33.7974,    34.3789      
# span 21 =    32.5920,    33.6770      
# span 22 =    8.02884,    8.40650      
# span 23 =          7,         49      
# span 24 = 0.0000e+00, 0.0000e+00      
# interval = decibars: 1                
# start_time = Jan 27 2022 01:57:22 [NMEA time, header]
# bad_flag = -9.990e-29
*END*
[from data line 174]
    184.000    182.014    -1.2496  27.313601    -1.2490  26.596867     5.5505     5.6419    -0.0218    95.5600 1.0000e-12  -74.17528 -113.34456  27.085082      92.28 1.5490e+03    309.090       7419  1028.2215  1027.4266    33.9835    33.0017    8.33843         28 0.0000e+00
    185.000    183.004    -1.2433  27.321316    -1.2423  26.605524     5.5510     5.6403    -0.0154    95.5759 1.0000e-12  -74.17528 -113.34456  27.085095      83.91 1.5493e+03    310.233       7447  1028.2282  1027.4342    33.9863    33.0056    8.33686         27 0.0000e+00
    186.000    183.993    -1.2421  27.323292    -1.2412  26.608264     5.5565     5.6463    -0.0150    95.5808 1.0000e-12  -74.17528 -113.34456  27.085108      98.18 1.5487e+03    311.356       7474  1028.2335  1027.4404    33.9870    33.0075    8.33655         27 0.0000e+00
    187.000    184.981    -1.2400  27.326695    -1.2389  26.611974     5.5639     5.6563    -0.0150    95.5781 1.0000e-12  -74.17528 -113.34457  27.085121      99.84 1.5486e+03    312.484       7501  1028.2395  1027.4467    33.9887    33.0095    8.33598         27 0.0000e+00
    188.000    185.970    -1.2393  27.328597    -1.2383  26.614710     5.5649     5.6637    -0.0150    95.5662 1.0000e-12  -74.17528 -113.34457  27.085135      99.87 1.5494e+03    313.626       7528  1028.2452  1027.4534    33.9899    33.0119    8.33575         25 0.0000e+00
    189.000    186.959    -1.2342  27.335855    -1.2330  26.621637     5.5668     5.6662    -0.0150    95.5869 1.0000e-12  -74.17528 -113.34457  27.085148      99.86 1.5483e+03    314.765       7555  1028.2526  1027.4604    33.9934    33.0150    8.33441         27 0.0000e+00
    190.000    187.947    -1.2308  27.340114    -1.2292  26.627393     5.5741     5.6655    -0.0150    95.5608 1.0000e-12  -74.17528 -113.34456  27.085161      99.87 1.5487e+03    315.909       7583  1028.2583  1027.4676    33.9948    33.0181    8.33357         28 0.0000e+00
    191.000    188.937    -1.2321  27.339949    -1.2308  26.628043     5.5742     5.6715    -0.0111    95.5666 1.0000e-12  -74.17528 -113.34456  27.085174      99.87 1.5496e+03    317.051       7610  1028.2637  1027.4741    33.9954    33.0200    8.33382         28 0.0000e+00
    192.000    189.923    -1.2316  27.341144    -1.2310  26.629109     5.5774     5.6638    -0.0185    95.5676 1.0000e-12  -74.17528 -113.34456  27.085187      99.87 1.5496e+03    318.192       7638  1028.2689  1027.4799    33.9959    33.0211    8.33369         27 0.0000e+00
    193.000    190.913    -1.2324  27.340679    -1.2313  26.631034     5.5758     5.6669    -0.0074    95.5055 1.0000e-12  -74.17528 -113.34456  27.085201      99.87 1.5496e+03    319.334       7665  1028.2736  1027.4866    33.9955    33.0235    8.33389         27 0.0000e+00
    194.000    191.903    -1.2315  27.342198    -1.2307  26.632628     5.5718     5.6671    -0.0077    95.5451 1.0000e-12  -74.17528 -113.34456  27.085214      99.86 1.5496e+03    320.470       7692  1028.2786  1027.4921    33.9959    33.0244    8.33365         27 0.0000e+00
    195.000    192.891    -1.2261  27.348070    -1.2255  26.639182     5.5659     5.6672    -0.0099    95.5919 1.0000e-12  -74.17528 -113.34456  27.085227      99.87 1.5496e+03    321.595       7719  1028.2841  1027.4987    33.9972    33.0270    8.33237         27 0.0000e+00
    196.000    193.879    -1.2221  27.353034    -1.2213  26.644007     5.5547     5.6666    -0.0124    95.5741 1.0000e-12  -74.17528 -113.34456  27.085240      92.48 1.5496e+03    322.723       7746  1028.2900  1027.5044    33.9989    33.0283    8.33138         28 0.0000e+00
    197.000    194.869    -1.2171  27.358378    -1.2162  26.649922     5.5402     5.6537    -0.0077    95.5838 1.0000e-12  -74.17528 -113.34456  27.085253      93.93 1.5496e+03    323.871       7774  1028.2953  1027.5104    33.9999    33.0302    8.33021         27 0.0000e+00
    198.000    195.856    -1.2096  27.366175    -1.2077  26.657158     5.5287     5.6330    -0.0077    95.5767 1.0000e-12  -74.17528 -113.34456  27.085266      99.71 1.5497e+03    325.022       7802  1028.3010  1027.5147    34.0015    33.0301    8.32846         28 0.0000e+00
    199.000    196.846    -1.1934  27.381570    -1.1906  26.674399     5.5124     5.6207    -0.0113    95.5859 1.0000e-12  -74.17528 -113.34456  27.085280      99.87 1.5500e+03    326.181       7829  1028.3064  1027.5217    34.0035    33.0342    8.32472         28 0.0000e+00
    200.000    197.834    -1.1900  27.385148    -1.1886  26.677941     5.5096     5.6118    -0.0150    95.5656 1.0000e-12  -74.17528 -113.34456  27.085293      99.87 1.5509e+03    327.335       7857  1028.3114  1027.5283    34.0039    33.0363    8.32393         27 0.0000e+00
    201.000    198.823    -1.1876  27.387104    -1.1866  26.680208     5.5084     5.6159    -0.0150    95.5802 1.0000e-12  -74.17528 -113.34456  27.085306      99.86 1.5502e+03    328.477       7884  1028.3157  1027.5333    34.0033    33.0365    8.32345         27 0.0000e+00
    202.000    199.812    -1.1867  27.388819    -1.1845  26.683028     5.4960     5.6073    -0.0102    95.5720 1.0000e-12  -74.17528 -113.34456  27.085320      99.87 1.5503e+03    329.621       7912  1028.3211  1027.5388    34.0040    33.0374    8.32320         28 0.0000e+00
    203.000    200.800    -1.1791  27.396395    -1.1799  26.688366     5.4895     5.5873    -0.0077    95.5781 1.0000e-12  -74.17528 -113.34456  27.085333      99.87 1.5507e+03    330.753       7939  1028.3264  1027.5446    34.0051    33.0390    8.32144         27 0.0000e+00
    204.000    201.790    -1.1651  27.410484    -1.1650  26.702062     5.4820     5.5793    -0.0077    95.5781 1.0000e-12  -74.17528 -113.34456  27.085346      99.87 1.5505e+03    331.875       7966  1028.3327  1027.5500    34.0080    33.0407    8.31818         27 0.0000e+00
    205.000    202.777    -1.1638  27.411763    -1.1628  26.706198     5.4813     5.5801    -0.0131    95.5452 1.0000e-12  -74.17528 -113.34456  27.085359      99.87 1.5499e+03    333.000       7993  1028.3372  1027.5569    34.0076    33.0433    8.31790         28 0.0000e+00
    206.000    203.766    -1.1660  27.409842    -1.1637  26.705889     5.4821     5.5792    -0.0150    95.5690 1.0000e-12  -74.17528 -113.34456  27.085372      99.87 1.5504e+03    334.144       8020  1028.3416  1027.5619    34.0068    33.0433    8.31843         27 0.0000e+00
    207.000    204.757    -1.1668  27.409192    -1.1659  26.705032     5.4830     5.5809    -0.0150    95.5694 1.0000e-12  -74.17528 -113.34456  27.085385      83.53 1.5506e+03    335.304       8048  1028.3462  1027.5674    34.0063    33.0439    8.31865         28 0.0000e+00
    208.000    205.744    -1.1639  27.413036    -1.1630  26.708698     5.4833     5.5810    -0.0085    95.5584 1.0000e-12  -74.17528 -113.34456  27.085399      88.82 1.5501e+03    336.472       8076  1028.3519  1027.5731    34.0076    33.0451    8.31793         28 0.0000e+00
    209.000    206.732    -1.1568  27.421056    -1.1545  26.718520     5.4758     5.5743    -0.0145    95.5628 1.0000e-12  -74.17528 -113.34457  27.085412      99.95 1.5511e+03    337.632       8104  1028.3582  1027.5802    34.0099    33.0485    8.31621         27 0.0000e+00
    210.000    207.722    -1.1530  27.425353    -1.1532  26.721295     5.4541     5.5611    -0.0082    95.5555 1.0000e-12  -74.17528 -113.34457  27.085426      99.87 1.5513e+03    338.778       8132  1028.3635  1027.5864    34.0108    33.0503    8.31531         28 0.0000e+00
    211.000    208.709    -1.1376  27.440496    -1.1365  26.737332     5.4436     5.5486    -0.0147    95.5599 1.0000e-12  -74.17528 -113.34457  27.085439      99.87 1.5513e+03    339.904       8159  1028.3695  1027.5925    34.0134    33.0532    8.31173         27 0.0000e+00
    212.000    209.698    -1.1275  27.450492    -1.1264  26.748447     5.4371     5.5417    -0.0142    95.5485 1.0000e-12  -74.17528 -113.34457  27.085452      99.87 1.5513e+03    341.040       8186  1028.3751  1027.5995    34.0151    33.0565    8.30941         28 0.0000e+00
    213.000    210.687    -1.1230  27.455088    -1.1219  26.754044     5.4312     5.5377    -0.0086    95.5370 1.0000e-12  -74.17528 -113.34458  27.085465      99.87 1.5513e+03    342.180       8213  1028.3802  1027.6059    34.0157    33.0586    8.30837         26 0.0000e+00
    214.000    211.675    -1.1200  27.458516    -1.1188  26.758038     5.4274     5.5353    -0.0151    95.5474 1.0000e-12  -74.17528 -113.34456  27.085478      99.87 1.5513e+03    343.322       8241  1028.3854  1027.6118    34.0163    33.0601    8.30767         28 0.0000e+00
    215.000    212.665    -1.1151  27.463546    -1.1140  26.763445     5.4185     5.5208    -0.0150    95.5346 1.0000e-12  -74.17528 -113.34457  27.085492      99.86 1.5513e+03    344.467       8268  1028.3906  1027.6176    34.0170    33.0615    8.30653         28 0.0000e+00
    216.000    213.652    -1.1084  27.470686    -1.1070  26.770539     5.4066     5.5090    -0.0150    95.5455 1.0000e-12  -74.17528 -113.34457  27.085505      99.87 1.5513e+03    345.609       8296  1028.3963  1027.6232    34.0186    33.0628    8.30496         27 0.0000e+00
    217.000    214.642    -1.0998  27.479378    -1.0978  26.780206     5.4067     5.5048    -0.0129    95.5419 1.0000e-12  -74.17528 -113.34457  27.085518      99.86 1.5501e+03    346.741       8323  1028.4019  1027.6295    34.0201    33.0653    8.30297         27 0.0000e+00
    218.000    215.630    -1.0972  27.481969    -1.0958  26.783666     5.3946     5.4953    -0.0123    95.5466 1.0000e-12  -74.17528 -113.34457  27.085531      99.87 1.5510e+03    347.864       8350  1028.4066  1027.6359    34.0201    33.0672    8.30240         27 0.0000e+00
    219.000    216.619    -1.0977  27.482022    -1.0963  26.784091     5.3749     5.4804    -0.0172    95.5314 1.0000e-12  -74.17528 -113.34457  27.085544      99.86 1.5514e+03    348.993       8377  1028.4117  1027.6412    34.0201    33.0677    8.30250         27 0.0000e+00
    220.000    217.607    -1.0729  27.506337    -1.0732  26.804708     5.3609     5.4716    -0.0109    95.5308 1.0000e-12  -74.17528 -113.34456  27.085557      97.30 1.5513e+03    350.134       8404  1028.4184  1027.6462    34.0245    33.0697    8.29674         28 0.0000e+00
    221.000    218.595    -1.0664  27.512439    -1.0646  26.814712     5.3409     5.4562    -0.0116    95.5180 1.0000e-12  -74.17528 -113.34456  27.085571      99.84 1.5513e+03    351.303       8432  1028.4232  1027.6536    34.0248    33.0732    8.29528         28 0.0000e+00
    222.000    219.585    -1.0554  27.523251    -1.0545  26.824743     5.3263     5.4312    -0.0113    95.5290 1.0000e-12  -74.17528 -113.34456  27.085584      99.87 1.5513e+03    352.482       8461  1028.4288  1027.6594    34.0265    33.0752    8.29275         28 0.0000e+00
    223.000    220.573    -1.0410  27.537172    -1.0384  26.839534     5.3225     5.4193    -0.0150    95.5124 1.0000e-12  -74.17528 -113.34456  27.085598      99.87 1.5513e+03    353.642       8488  1028.4345  1027.6648    34.0286    33.0770    8.28945         28 0.0000e+00
    224.000    221.561    -1.0347  27.543252    -1.0303  26.848674     5.3073     5.4125    -0.0196    95.5189 1.0000e-12  -74.17528 -113.34456  27.085611      99.86 1.5513e+03    354.777       8516  1028.4395  1027.6716    34.0292    33.0798    8.28803         27 0.0000e+00
    225.000    222.550    -1.0296  27.548568    -1.0274  26.852007     5.2947     5.4004    -0.0175    95.5095 1.0000e-12  -74.17528 -113.34456  27.085624      99.86 1.5513e+03    355.904       8543  1028.4448  1027.6770    34.0300    33.0806    8.28685         27 0.0000e+00
    226.000    223.539    -1.0219  27.556326    -1.0223  26.857341     5.2791     5.3825    -0.0202    95.5019 1.0000e-12  -74.17528 -113.34456  27.085637      99.87 1.5513e+03    357.021       8570  1028.4503  1027.6825    34.0313    33.0816    8.28509         27 0.0000e+00
    227.000    224.528    -1.0063  27.571041    -1.0040  26.874894     5.2628     5.3677    -0.0224    95.4952 1.0000e-12  -74.17528 -113.34456  27.085650      99.87 1.5513e+03    358.154       8597  1028.4556  1027.6888    34.0330    33.0847    8.28153         27 0.0000e+00
    228.000    225.516    -0.9906  27.586217    -0.9892  26.888488     5.2566     5.3562    -0.0169    95.4885 1.0000e-12  -74.17528 -113.34456  27.085663      99.87 1.5513e+03    359.303       8624  1028.4614  1027.6941    34.0354    33.0863    8.27794         28 0.0000e+00
    229.000    226.504    -0.9898  27.587221    -0.9886  26.890944     5.2547     5.3520    -0.0150    95.4846 1.0000e-12  -74.17528 -113.34456  27.085677      99.86 1.5513e+03    360.456       8652  1028.4663  1027.7008    34.0352    33.0883    8.27778         27 0.0000e+00
    230.000    227.492    -0.9868  27.590552    -0.9849  26.895549     5.2491     5.3567    -0.0080    95.4784 1.0000e-12  -74.17528 -113.34456  27.085690      76.76 1.5513e+03    361.602       8679  1028.4714  1027.7068    34.0357    33.0899    8.27708         28 0.0000e+00
    231.000    228.481    -0.9871  27.590436    -0.9855  26.895988     5.2521     5.3540    -0.0204    95.4732 1.0000e-12  -74.17528 -113.34456  27.085703      94.80 1.5513e+03    362.737       8707  1028.4761  1027.7124    34.0353    33.0906    8.27717         27 0.0000e+00
    232.000    229.470    -0.9882  27.589718    -0.9869  26.895801     5.2472     5.3436    -0.0156    95.4544 1.0000e-12  -74.17528 -113.34456  27.085716      99.79 1.5513e+03    363.855       8734  1028.4809  1027.7180    34.0350    33.0912    8.27744         27 0.0000e+00
    233.000    230.459    -0.9859  27.592523    -0.9844  26.898463     5.2176     5.3264    -0.0215    95.4541 1.0000e-12  -74.17528 -113.34456  27.085729      99.86 1.5513e+03    364.984       8761  1028.4862  1027.7230    34.0356    33.0915    8.27690         27 0.0000e+00
    234.000    231.447    -0.9686  27.609204    -0.9684  26.913286     5.1689     5.2910    -0.0221    95.4531 1.0000e-12  -74.17528 -113.34456  27.085742      99.87 1.5513e+03    366.130       8788  1028.4918  1027.7283    34.0380    33.0934    8.27293         27 0.0000e+00
    235.000    232.435    -0.9481  27.629968    -0.9474  26.930702     5.1103     5.2358    -0.0141    95.4684 1.0000e-12  -74.17528 -113.34456  27.085756      99.87 1.5518e+03    367.286       8816  1028.4989  1027.7318    34.0425    33.0933    8.26817         28 0.0000e+00
    236.000    233.425    -0.8916  27.680557    -0.8916  26.983640     5.0498     5.1782    -0.0054    95.4490 1.0000e-12  -74.17528 -113.34456  27.085769      99.86 1.5525e+03    368.431       8843  1028.5034  1027.7408    34.0468    33.1030    8.25551         28 0.0000e+00
    237.000    234.412    -0.8512  27.720143    -0.8476  27.020967     5.0242     5.1402    -0.0085    95.4484 1.0000e-12  -74.17528 -113.34456  27.085782      99.87 1.5530e+03    369.569       8871  1028.5116  1027.7443    34.0542    33.1046    8.24621         27 0.0000e+00
    238.000    235.401    -0.8272  27.741954    -0.8261  27.044587     5.0220     5.1270    -0.0208    95.4446 1.0000e-12  -74.17528 -113.34456  27.085795      99.87 1.5533e+03    370.708       8898  1028.5167  1027.7543    34.0561    33.1123    8.24085         27 0.0000e+00
    239.000    236.389    -0.8249  27.744807    -0.8236  27.049135     5.0223     5.1264    -0.0141    95.4042 1.0000e-12  -74.17528 -113.34456  27.085808      99.87 1.5531e+03    371.842       8925  1028.5224  1027.7617    34.0568    33.1151    8.24031         27 0.0000e+00
    240.000    237.379    -0.8226  27.747679    -0.8215  27.052043     5.0271     5.1222    -0.0126    95.3909 1.0000e-12  -74.17528 -113.34456  27.085822      99.86 1.5531e+03    372.986       8953  1028.5280  1027.7676    34.0574    33.1161    8.23976         28 0.0000e+00
