ocean_section_plots/required_files/ctd/dnbp2202_ctd262.cnv
* Sea-Bird SBE 9 Data File:
* FileName = D:\Data\raw\NBP2202_CTD262.hex
* Software Version Seasave V 7.26.7.121
* Temperature SN = 1649
* Conductivity SN = 2513
* Number of Bytes Per Scan = 40
* Number of Voltage Words = 5
* Number of Scans Averaged by the Deck Unit = 1
* NMEA Latitude = 73 52.68 S
* NMEA Longitude = 118 43.99 W
* NMEA UTC (Time) = Feb 19 2022  14:34:24
* NMEA baud rate = 9600
** Ship: RVIB N.B. Palmer
** Cruise: NBP2202 Thwaites
** Station: 167
** Operator: B. Bjork
# nquan = 28
# nvalues = 695                         
# units = specified
# name 0 = prDM: Pressure, Digiquartz [db]
# name 1 = depSM: Depth [salt water, m]
# name 2 = t090C: Temperature [ITS-90, deg C]
# name 3 = c0mS/cm: Conductivity [mS/cm]
# name 4 = t190C: Temperature, 2 [ITS-90, deg C]
# name 5 = c1mS/cm: Conductivity, 2 [mS/cm]
# name 6 = sbeox0ML/L: Oxygen, SBE 43 [ml/l]
# name 7 = sbeox1ML/L: Oxygen, SBE 43, 2 [ml/l]
# name 8 = flECO-AFL: Fluorescence, WET Labs ECO-AFL/FL [mg/m^3]
# name 9 = CStarTr0: Beam Transmission, WET Labs C-Star [%]
# name 10 = par: PAR/Irradiance, Biospherical/Licor
# name 11 = latitude: Latitude [deg]
# name 12 = longitude: Longitude [deg]
# name 13 = timeJ: Julian Days
# name 14 = altM: Altimeter [m]
# name 15 = spar: SPAR, Biospherical/Licor
# name 16 = timeS: Time, Elapsed [seconds]
# name 17 = scan: Scan Count
# name 18 = density00: Density [density, kg/m^3]
# name 19 = density11: Density, 2 [density, kg/m^3]
# name 20 = v3: Voltage 3
# name 21 = v4: Voltage 4
# name 22 = v5: Voltage 5
# name 23 = sal00: Salinity, Practical [PSU]
# name 24 = sal11: Salinity, Practical, 2 [PSU]
# name 25 = oxsolML/L: Oxygen Saturation, Garcia & Gordon [ml/l]
# name 26 = nbin: number of scans per bin
# name 27 = flag: flag
# span 0 =      1.000,    695.000       
# span 1 =      0.988,    686.663       
# span 2 =    -1.7505,     0.3617       
# span 3 =  25.995292,  29.278493       
# span 4 =    -1.7494,     0.3654       
# span 5 =  26.942654,  29.280102       
# span 6 =     4.7542,     8.9326       
# span 7 =     4.8910,     9.2657       
# span 8 =    -0.0224,    10.5999       
# span 9 =    82.2052,    99.4245       
# span 10 = -7.703e-06, 3.1081e+03      
# span 11 =  -73.87808,  -73.87806      
# span 12 = -118.73330, -118.73326      
# span 13 =  50.611141,  50.622353      
# span 14 =       3.11,     100.10      
# span 15 = 1.2379e+03, 1.3148e+03      
# span 16 =    338.600,   1307.281      
# span 17 =       8127,      31376      
# span 18 =  1025.0700,  1030.9603      
# span 19 =  1026.2115,  1030.9585      
# span 20 =     3.9010,     4.7165      
# span 21 =     0.0646,     2.1167      
# span 22 =     0.1145,     0.2172      
# span 23 =    31.2953,    34.4961      
# span 24 =    32.6235,    34.4938      
# span 25 =    7.96320,    8.44891      
# span 26 =         20,         44      
# span 27 = 0.0000e+00, 0.0000e+00      
# interval = decibars: 1                
# start_time = Feb 19 2022 14:34:24 [NMEA time, header]
# bad_flag = -9.990e-29
*END*
[from data line 311]
    312.000    308.543    -1.7071  27.044317    -1.7065  27.043746     6.2236     6.4241     0.2849    98.5906 1.0000e-12  -73.87806 -118.73326  50.616589      99.91 1.2874e+03    809.299      19424  1028.9083  1028.9071     4.6771     0.1056     0.1183    34.0534    34.0520    8.43738         29 0.0000e+00
    313.000    309.531    -1.6969  27.054231    -1.6956  27.054517     6.1988     6.4053     0.2184    98.9291 1.0000e-12  -73.87806 -118.73326  50.616603      99.95 1.2875e+03    810.458      19452  1028.9136  1028.9127     4.6929     0.0880     0.1192    34.0548    34.0538    8.43496         27 0.0000e+00
    314.000    310.517    -1.6884  27.062392    -1.6864  27.063152     6.1785     6.3852     0.1225    98.8077 1.0000e-12  -73.87806 -118.73328  50.616615      99.94 1.2869e+03    811.500      19477  1028.9187  1028.9177     4.6873     0.0997     0.1195    34.0559    34.0546    8.43298         23 0.0000e+00
    315.000    311.508    -1.6722  27.077383    -1.6718  27.076574     6.1742     6.3812     0.1512    98.8017 1.0000e-12  -73.87806 -118.73328  50.616625      99.94 1.2883e+03    812.441      19500  1028.9239  1028.9227     4.6869     0.0883     0.1183    34.0575    34.0559    8.42920         22 0.0000e+00
    316.000    312.495    -1.6591  27.089187    -1.6572  27.089715     6.1431     6.3624     0.1715    98.8907 1.0000e-12  -73.87806 -118.73328  50.616636      99.95 1.2891e+03    813.345      19521  1028.9286  1028.9274     4.6912     0.1474     0.1172    34.0582    34.0568    8.42617         21 0.0000e+00
    317.000    313.484    -1.6490  27.098112    -1.6489  27.097411     6.0968     6.3140     0.1148    98.7679 1.0000e-12  -73.87806 -118.73328  50.616646      99.94 1.2875e+03    814.248      19543  1028.9331  1028.9322     4.6853     0.1014     0.1176    34.0584    34.0574    8.42387         24 0.0000e+00
    318.000    314.471    -1.6265  27.119076    -1.6281  27.115842     6.0690     6.3008     0.0875    98.8874 1.0000e-12  -73.87806 -118.73328  50.616658      99.94 1.2868e+03    815.280      19568  1028.9388  1028.9368     4.6911     0.0879     0.1182    34.0611    34.0585    8.41860         26 0.0000e+00
    319.000    315.460    -1.5823  27.158047    -1.5818  27.156436     6.0078     6.2415     0.0792    98.9665 1.0000e-12  -73.87806 -118.73328  50.616671      99.92 1.2882e+03    816.402      19595  1028.9432  1028.9409     4.6948     0.2284     0.1188    34.0640    34.0611    8.40841         27 0.0000e+00
    320.000    316.448    -1.5561  27.181325    -1.5510  27.184171     5.9110     6.1402     0.0726    98.8726 1.0000e-12  -73.87806 -118.73328  50.616684      99.94 1.2885e+03    817.475      19620  1028.9481  1028.9462     4.6903     0.1125     0.1206    34.0657    34.0637    8.40239         24 0.0000e+00
    321.000    317.436    -1.4843  27.248321    -1.4775  27.249686     5.8206     6.0593     0.1256    98.9811 1.0000e-12  -73.87806 -118.73328  50.616695      99.94 1.2894e+03    818.457      19644  1028.9564  1028.9512     4.6955     0.0914     0.1182    34.0755    34.0696    8.38560         23 0.0000e+00
    322.000    318.425    -1.3941  27.324257    -1.3872  27.327522     5.7861     6.0051     0.0666    99.1407 1.0000e-12  -73.87806 -118.73328  50.616706      99.31 1.2891e+03    819.400      19667  1028.9566  1028.9535     4.7030     0.0925     0.1176    34.0767    34.0734    8.36523         22 0.0000e+00
    323.000    319.411    -1.3512  27.362198    -1.3612  27.351573     5.7756     5.9723     0.0603    98.9173 1.0000e-12  -73.87806 -118.73328  50.616717      83.42 1.2884e+03    820.354      19690  1028.9615  1028.9597     4.6926     0.0770     0.1171    34.0794    34.0763    8.35545         24 0.0000e+00
    324.000    320.401    -1.3471  27.365674    -1.3439  27.367278     5.7691     5.9641     0.0317    99.1218 1.0000e-12  -73.87806 -118.73328  50.616728      95.92 1.2888e+03    821.342      19713  1028.9665  1028.9651     4.7021     0.0738     0.1184    34.0790    34.0775    8.35457         24 0.0000e+00
    325.000    321.388    -1.3428  27.370089    -1.3392  27.371597     5.7684     5.9652     0.0104    99.0335 1.0000e-12  -73.87806 -118.73328  50.616740      99.90 1.2893e+03    822.364      19738  1028.9722  1028.9704     4.6980     0.0741     0.1182    34.0795    34.0775    8.35357         25 0.0000e+00
    326.000    322.377    -1.3387  27.373648    -1.3385  27.372504     5.7759     5.9702     0.0985    99.1066 1.0000e-12  -73.87806 -118.73328  50.616753      99.95 1.2882e+03    823.415      19763  1028.9771  1028.9757     4.7014     0.0716     0.1199    34.0790    34.0772    8.35267         25 0.0000e+00
    327.000    323.364    -1.3393  27.373561    -1.3388  27.372718     5.7773     5.9732     0.1371    99.2278 1.0000e-12  -73.87806 -118.73328  50.616765      99.95 1.2883e+03    824.477      19788  1028.9826  1028.9811     4.7072     0.0801     0.1182    34.0790    34.0773    8.35281         26 0.0000e+00
    328.000    324.353    -1.3355  27.377060    -1.3336  27.377358     5.7716     5.9577     0.0474    99.1630 1.0000e-12  -73.87806 -118.73328  50.616777      99.95 1.2871e+03    825.531      19814  1028.9876  1028.9860     4.7042     0.0771     0.1189    34.0789    34.0772    8.35198         25 0.0000e+00
    329.000    325.341    -1.3324  27.380376    -1.3298  27.381252     5.7657     5.9461     0.0095    99.2253 1.0000e-12  -73.87806 -118.73328  50.616789      99.94 1.2889e+03    826.541      19838  1028.9929  1028.9913     4.7071     0.0882     0.1182    34.0793    34.0776    8.35125         23 0.0000e+00
    330.000    326.329    -1.3120  27.399814    -1.3101  27.399403     5.7438     5.9443     0.0169    99.2092 1.0000e-12  -73.87806 -118.73328  50.616799      99.94 1.2901e+03    827.468      19860  1028.9989  1028.9967     4.7063     0.0719     0.1187    34.0821    34.0795    8.34652         22 0.0000e+00
    331.000    327.316    -1.3014  27.409954    -1.3004  27.409635     5.7523     5.9436     0.0295    99.0846 1.0000e-12  -73.87806 -118.73328  50.616810      99.94 1.2904e+03    828.365      19882  1029.0044  1029.0031     4.7004     0.0840     0.1183    34.0834    34.0819    8.34407         22 0.0000e+00
    332.000    328.305    -1.3007  27.412607    -1.2988  27.412827     5.7708     5.9444     0.0088    99.1755 1.0000e-12  -73.87806 -118.73328  50.616821      99.95 1.2886e+03    829.343      19905  1029.0113  1029.0098     4.7047     0.0733     0.1181    34.0856    34.0838    8.34379         25 0.0000e+00
    333.000    329.293    -1.3016  27.412770    -1.3000  27.412934     5.7717     5.9467    -0.0066    99.2441 1.0000e-12  -73.87806 -118.73328  50.616834      99.95 1.2890e+03    830.493      19933  1029.0171  1029.0157     4.7080     0.0707     0.1178    34.0862    34.0847    8.34395         28 0.0000e+00
    334.000    330.282    -1.3012  27.413875    -1.2994  27.414064     5.7525     5.9381    -0.0151    99.3199 1.0000e-12  -73.87806 -118.73328  50.616847      99.94 1.2915e+03    831.615      19960  1029.0226  1029.0210     4.7115     0.0709     0.1166    34.0867    34.0849    8.34384         26 0.0000e+00
    335.000    331.269    -1.3000  27.415494    -1.2985  27.415562     5.7620     5.9344    -0.0150    99.3310 1.0000e-12  -73.87806 -118.73328  50.616859      70.22 1.2919e+03    832.623      19984  1029.0277  1029.0263     4.7121     0.0841     0.1183    34.0869    34.0853    8.34355         22 0.0000e+00
    336.000    332.257    -1.2988  27.417410    -1.2966  27.418062     5.7583     5.9262    -0.0150    99.1341 1.0000e-12  -73.87806 -118.73328  50.616869      90.33 1.2907e+03    833.491      20005  1029.0332  1029.0318     4.7028     0.1058     0.1182    34.0877    34.0860    8.34326         20 0.0000e+00
    337.000    333.245    -1.2904  27.426144    -1.2884  27.426440     5.7352     5.9206     0.0029    99.1737 1.0000e-12  -73.87806 -118.73328  50.616879      98.42 1.2900e+03    834.349      20025  1029.0390  1029.0373     4.7046     0.0709     0.1193    34.0894    34.0875    8.34127         22 0.0000e+00
    338.000    334.234    -1.2847  27.431795    -1.2827  27.432021     5.7542     5.9232     0.8359    99.3385 1.0000e-12  -73.87806 -118.73328  50.616890      99.77 1.2905e+03    835.317      20049  1029.0441  1029.0424     4.7124     0.0705     0.1169    34.0901    34.0881    8.33996         26 0.0000e+00
    339.000    335.222    -1.2763  27.440107    -1.2754  27.439269     5.7270     5.9128     1.2066    99.3638 1.0000e-12  -73.87806 -118.73328  50.616904      99.95 1.2908e+03    836.479      20076  1029.0495  1029.0477     4.7137     0.0703     0.1167    34.0912    34.0891    8.33800         28 0.0000e+00
    340.000    336.209    -1.2694  27.446802    -1.2686  27.446253     5.6938     5.8897     0.0629    99.2940 1.0000e-12  -73.87806 -118.73328  50.616917      99.94 1.2923e+03    837.610      20104  1029.0546  1029.0533     4.7103     0.0709     0.1185    34.0920    34.0904    8.33642         26 0.0000e+00
    341.000    337.198    -1.2428  27.474900    -1.2389  27.475823     5.6983     5.8772     0.0965    99.2933 1.0000e-12  -73.87806 -118.73328  50.616928      99.95 1.2920e+03    838.590      20127  1029.0638  1029.0611     4.7103     0.0698     0.1191    34.0996    34.0965    8.33004         22 0.0000e+00
    342.000    338.185    -1.2142  27.501945    -1.2129  27.500973     5.6772     5.8534    -0.0044    99.3532 1.0000e-12  -73.87806 -118.73328  50.616939      99.94 1.2886e+03    839.484      20149  1029.0699  1029.0677     4.7132     0.0700     0.1184    34.1035    34.1008    8.32344         21 0.0000e+00
    343.000    339.175    -1.2047  27.510455    -1.2050  27.508587     5.6752     5.8552     0.0081    99.2975 1.0000e-12  -73.87806 -118.73328  50.616949      99.94 1.2872e+03    840.385      20170  1029.0745  1029.0729     4.7105     0.0702     0.1177    34.1038    34.1016    8.32131         22 0.0000e+00
    344.000    340.161    -1.2013  27.514183    -1.2013  27.512434     5.6627     5.8622    -0.0130    99.2928 1.0000e-12  -73.87806 -118.73328  50.616961      99.95 1.2885e+03    841.397      20195  1029.0800  1029.0781     4.7102     0.0725     0.1191    34.1045    34.1021    8.32053         27 0.0000e+00
    345.000    341.150    -1.1896  27.525796    -1.1884  27.524920     5.6081     5.8144    -0.0014    99.2924 1.0000e-12  -73.87806 -118.73328  50.616974      99.95 1.2892e+03    842.511      20221  1029.0858  1029.0837     4.7103     0.0735     0.1162    34.1064    34.1038    8.31781         26 0.0000e+00
    346.000    342.137    -1.1719  27.543819    -1.1719  27.540623     5.5841     5.7643    -0.0075    99.2682 1.0000e-12  -73.87806 -118.73328  50.616986      99.94 1.2916e+03    843.625      20248  1029.0928  1029.0894     4.7091     0.0692     0.1176    34.1104    34.1060    8.31365         26 0.0000e+00
    347.000    343.126    -1.0823  27.629647    -1.0729  27.634578     5.5690     5.7418    -0.0218    99.3522 1.0000e-12  -73.87806 -118.73328  50.616999      99.94 1.2915e+03    844.685      20273  1029.1035  1029.0996     4.7131     0.0703     0.1194    34.1252    34.1213    8.29292         25 0.0000e+00
    348.000    344.114    -1.0614  27.648501    -1.0596  27.648355     5.5640     5.7324    -0.0165    99.3742 1.0000e-12  -73.87806 -118.73328  50.617010      90.00 1.2891e+03    845.651      20297  1029.1083  1029.1065     4.7142     0.0684     0.1202    34.1266    34.1244    8.28821         22 0.0000e+00
    349.000    345.101    -1.0623  27.648721    -1.0606  27.648606     5.5528     5.7324    -0.0076    99.3515 1.0000e-12  -73.87806 -118.73328  50.617020      90.47 1.2912e+03    846.555      20318  1029.1143  1029.1126     4.7131     0.0688     0.1190    34.1273    34.1253    8.28837         21 0.0000e+00
    350.000    346.090    -1.0628  27.649199    -1.0607  27.649293     5.5500     5.7340    -0.0077    99.3577 1.0000e-12  -73.87806 -118.73328  50.617031      99.96 1.2916e+03    847.440      20340  1029.1200  1029.1182     4.7134     0.0694     0.1194    34.1279    34.1257    8.28844         22 0.0000e+00
    351.000    347.077    -1.0605  27.651645    -1.0583  27.652055     5.5640     5.7384    -0.0077    99.3631 1.0000e-12  -73.87806 -118.73328  50.617042      99.95 1.2902e+03    848.408      20363  1029.1252  1029.1235     4.7136     0.0695     0.1194    34.1280    34.1261    8.28793         25 0.0000e+00
    352.000    348.067    -1.0605  27.652253    -1.0586  27.652063     5.5651     5.7338    -0.0077    99.3370 1.0000e-12  -73.87806 -118.73328  50.617055      99.95 1.2891e+03    849.524      20390  1029.1305  1029.1286     4.7124     0.0702     0.1188    34.1282    34.1259    8.28791         28 0.0000e+00
    353.000    349.054    -1.0586  27.654192    -1.0568  27.654258     5.5687     5.7301    -0.0011    99.3298 1.0000e-12  -73.87806 -118.73328  50.617068      99.95 1.2928e+03    850.681      20417  1029.1356  1029.1338     4.7120     0.0694     0.1196    34.1282    34.1261    8.28751         27 0.0000e+00
    354.000    350.041    -1.0570  27.655982    -1.0543  27.656912     5.5664     5.7298     0.0002    99.3339 1.0000e-12  -73.87806 -118.73328  50.617080      99.94 1.2941e+03    851.711      20442  1029.1405  1029.1389     4.7122     0.0685     0.1205    34.1282    34.1264    8.28716         23 0.0000e+00
    355.000    351.030    -1.0566  27.656716    -1.0547  27.656942     5.5585     5.7281    -0.0145    99.3310 1.0000e-12  -73.87806 -118.73328  50.617091      99.94 1.2942e+03    852.635      20464  1029.1454  1029.1439     4.7121     0.0697     0.1193    34.1281    34.1263    8.28707         21 0.0000e+00
    356.000    352.018    -1.0531  27.660820    -1.0523  27.659808     5.5494     5.7202    -0.0077    99.3373 1.0000e-12  -73.87806 -118.73328  50.617101      99.94 1.2919e+03    853.539      20486  1029.1509  1029.1491     4.7123     0.0695     0.1199    34.1290    34.1269    8.28623         23 0.0000e+00
    357.000    353.006    -1.0477  27.666088    -1.0457  27.666263     5.5566     5.7244    -0.0146    99.3273 1.0000e-12  -73.87806 -118.73328  50.617113      99.95 1.2909e+03    854.521      20509  1029.1558  1029.1541     4.7119     0.0705     0.1193    34.1295    34.1275    8.28501         25 0.0000e+00
    358.000    353.993    -1.0435  27.670524    -1.0427  27.669526     5.5535     5.7312    -0.0216    99.3281 1.0000e-12  -73.87806 -118.73328  50.617125      99.94 1.2913e+03    855.612      20536  1029.1610  1029.1592     4.7119     0.0717     0.1204    34.1302    34.1279    8.28404         26 0.0000e+00
    359.000    354.982    -1.0435  27.670945    -1.0402  27.672266     5.5526     5.7235    -0.0022    99.3260 1.0000e-12  -73.87806 -118.73328  50.617138      99.95 1.2937e+03    856.714      20562  1029.1660  1029.1642     4.7118     0.0702     0.1179    34.1301    34.1283    8.28405         26 0.0000e+00
    360.000    355.970    -1.0417  27.673253    -1.0394  27.673631     5.5539     5.7179    -0.0004    99.3227 1.0000e-12  -73.87806 -118.73328  50.617150      99.94 1.2938e+03    857.720      20586  1029.1712  1029.1693     4.7116     0.0700     0.1212    34.1307    34.1285    8.28363         23 0.0000e+00
    361.000    356.956    -1.0365  27.678800    -1.0334  27.679912     5.5634     5.7107    -0.0054    99.3144 1.0000e-12  -73.87806 -118.73328  50.617160      72.20 1.2930e+03    858.644      20608  1029.1766  1029.1748     4.7113     0.0674     0.1196    34.1317    34.1297    8.28241         22 0.0000e+00
    362.000    357.946    -1.0330  27.682946    -1.0298  27.684140     5.5739     5.7243    -0.0039    99.3138 1.0000e-12  -73.87806 -118.73328  50.617171      87.49 1.2912e+03    859.575      20631  1029.1821  1029.1803     4.7112     0.0684     0.1193    34.1328    34.1308    8.28159         23 0.0000e+00
