ocean_section_plots/required_files/ctd/dnbp2202_ctd043.cnv
* Sea-Bird SBE 9 Data File:
* FileName = D:\Data\raw\NBP2202_CTD043.hex
* Software Version Seasave V 7.26.7.121
* Temperature SN = 1649
* Conductivity SN = 2513
* Number of Bytes Per Scan = 40
* Number of Voltage Words = 5
* Number of Scans Averaged by the Deck Unit = 1
* NMEA Latitude = 74 09.37 S
* NMEA Longitude = 113 19.35 W
* NMEA UTC (Time) = Jan 23 2022  11:31:37
* NMEA baud rate = 9600
** Ship: RVIB N.B. Palmer
** Cruise: NBP2202 Thwaites
** Station: 24
** Operator: B. Bjork
# nquan = 25
# nvalues = 447                         
# units = specified
# name 0 = prDM: Pressure, Digiquartz [db]
# name 1 = depSM: Depth [salt water, m]
# name 2 = t090C: Temperature [ITS-90, deg C]
# name 3 = c0mS/cm: Conductivity [mS/cm]
# name 4 = t190C: Temperature, 2 [ITS-90, deg C]
# name 5 = c1mS/cm: Conductivity, 2 [mS/cm]
# name 6 = sbeox0ML/L: Oxygen, SBE 43 [ml/l]
# name 7 = sbeox1ML/L: Oxygen, SBE 43, 2 [ml/l]
# name 8 = flECO-AFL: Fluorescence, WET Labs ECO-AFL/FL [mg/m^3]
# name 9 = CStarTr0: Beam Transmission, WET Labs C-Star [%]
# name 10 = par: PAR/Irradiance, Biospherical/Licor
# name 11 = latitude: Latitude [deg]
# name 12 = longitude: Longitude [deg]
# name 13 = timeJ: Julian Days
# name 14 = altM: Altimeter [m]
# name 15 = spar: SPAR, Biospherical/Licor
# name 16 = timeS: Time, Elapsed [seconds]
# name 17 = scan: Scan Count
# name 18 = density00: Density [density, kg/m^3]
# name 19 = density11: Density, 2 [density, kg/m^3]
# name 20 = sal00: Salinity, Practical [PSU]
# name 21 = sal11: Salinity, Practical, 2 [PSU]
# name 22 = oxsolML/L: Oxygen Saturation, Garcia & Gordon [ml/l]
# name 23 = nbin: number of scans per bin
# name 24 = flag: flag
# span 0 =      2.000,    448.000       
# span 1 =      1.981,    442.880       
# span 2 =    -1.4515,    -0.1612       
# span 3 =  26.989386,  28.566206       
# span 4 =    -1.4509,    -0.1592       
# span 5 =  26.989024,  28.565791       
# span 6 =     4.7948,     7.0519       
# span 7 =     5.0555,     7.4693       
# span 8 =    -0.0224,     7.5951       
# span 9 =    85.4623,    96.2799       
# span 10 = 1.0000e-12, 7.8885e+01      
# span 11 =  -74.15630,  -74.15628      
# span 12 = -113.32258, -113.32254      
# span 13 =  23.482606,  23.491001      
# span 14 =       8.31,     100.26      
# span 15 = 1.1511e+03, 1.1821e+03      
# span 16 =    200.184,    925.457      
# span 17 =       4805,      22212      
# span 18 =  1027.2269,  1029.6680      
# span 19 =  1027.2275,  1029.6652      
# span 20 =    33.8236,    34.2902      
# span 21 =    33.8230,    34.2875      
# span 22 =    8.08408,    8.39152      
# span 23 =         24,         53      
# span 24 = 0.0000e+00, 0.0000e+00      
# interval = decibars: 1                
# start_time = Jan 23 2022 11:31:37 [NMEA time, header]
# bad_flag = -9.990e-29
*END*
[from data line 232]
    234.000    231.448    -0.7169  27.852122    -0.7149  27.851890     4.9852     5.2617    -0.0095    96.1190 1.0000e-12  -74.15628 -113.32256  23.487506      98.47 1.1641e+03    623.529      14966  1028.5171  1028.5149    34.0833    34.0807    8.21522         29 0.0000e+00
    235.000    232.435    -0.7133  27.856679    -0.7115  27.856133     4.9818     5.2679    -0.0170    96.1202 1.0000e-12  -74.15628 -113.32256  23.487520      97.90 1.1633e+03    624.709      14994  1028.5229  1028.5206    34.0847    34.0820    8.21435         28 0.0000e+00
    236.000    233.426    -0.7126  27.857746    -0.7110  27.857049     4.9785     5.2602    -0.0169    96.1360 1.0000e-12  -74.15628 -113.32256  23.487534      99.88 1.1642e+03    625.907      15023  1028.5278  1028.5255    34.0847    34.0821    8.21419         28 0.0000e+00
    237.000    234.412    -0.7111  27.859973    -0.7093  27.859428     4.9799     5.2618    -0.0199    96.1250 1.0000e-12  -74.15628 -113.32256  23.487547      99.87 1.1646e+03    627.102      15051  1028.5331  1028.5308    34.0854    34.0827    8.21383         29 0.0000e+00
    238.000    235.401    -0.7088  27.863009    -0.7070  27.862518     4.9762     5.2573    -0.0158    96.1258 1.0000e-12  -74.15628 -113.32256  23.487561      99.87 1.1638e+03    628.278      15080  1028.5385  1028.5362    34.0863    34.0836    8.21327         28 0.0000e+00
    239.000    236.390    -0.7071  27.865299    -0.7054  27.864794     4.9786     5.2589    -0.0070    96.1374 1.0000e-12  -74.15628 -113.32256  23.487575      99.87 1.1650e+03    629.445      15108  1028.5437  1028.5415    34.0869    34.0843    8.21287         29 0.0000e+00
    240.000    237.378    -0.7054  27.867742    -0.7036  27.867241     4.9779     5.2569    -0.0114    96.1340 1.0000e-12  -74.15628 -113.32256  23.487589      99.87 1.1657e+03    630.649      15137  1028.5490  1028.5468    34.0877    34.0850    8.21246         28 0.0000e+00
    241.000    238.367    -0.7004  27.873728    -0.6990  27.872613     4.9770     5.2517    -0.0133    96.1412 1.0000e-12  -74.15628 -113.32256  23.487602      99.87 1.1633e+03    631.852      15165  1028.5550  1028.5525    34.0895    34.0865    8.21126         29 0.0000e+00
    242.000    239.355    -0.6975  27.877123    -0.6961  27.876453     4.9769     5.2543    -0.0196    96.1414 1.0000e-12  -74.15628 -113.32256  23.487616      99.87 1.1627e+03    633.037      15194  1028.5603  1028.5581    34.0903    34.0877    8.21060         28 0.0000e+00
    243.000    240.344    -0.6963  27.879262    -0.6944  27.878777     4.9710     5.2584    -0.0112    96.1433 1.0000e-12  -74.15628 -113.32258  23.487630      99.87 1.1632e+03    634.208      15222  1028.5657  1028.5634    34.0911    34.0884    8.21028         28 0.0000e+00
    244.000    241.332    -0.6936  27.882512    -0.6920  27.881882     4.9671     5.2590    -0.0063    96.1320 1.0000e-12  -74.15628 -113.32256  23.487643      99.87 1.1618e+03    635.373      15250  1028.5709  1028.5687    34.0918    34.0892    8.20965         28 0.0000e+00
    245.000    242.322    -0.6926  27.884143    -0.6909  27.883569     4.9651     5.2584    -0.0185    96.1367 1.0000e-12  -74.15629 -113.32257  23.487657      80.04 1.1607e+03    636.557      15278  1028.5761  1028.5738    34.0924    34.0896    8.20941         29 0.0000e+00
    246.000    243.310    -0.6885  27.889085    -0.6868  27.888416     4.9705     5.2537    -0.0132    96.1211 1.0000e-12  -74.15629 -113.32257  23.487671      99.34 1.1617e+03    637.731      15307  1028.5817  1028.5794    34.0938    34.0910    8.20843         28 0.0000e+00
    247.000    244.298    -0.6865  27.891970    -0.6847  27.891404     4.9701     5.2496    -0.0156    96.1258 1.0000e-12  -74.15629 -113.32257  23.487684      99.87 1.1613e+03    638.907      15335  1028.5872  1028.5849    34.0948    34.0920    8.20793         28 0.0000e+00
    248.000    245.288    -0.6843  27.894874    -0.6826  27.894336     4.9657     5.2484    -0.0155    96.1411 1.0000e-12  -74.15628 -113.32256  23.487698      99.87 1.1610e+03    640.085      15363  1028.5926  1028.5904    34.0957    34.0930    8.20742         29 0.0000e+00
    249.000    246.271    -0.6807  27.899608    -0.6790  27.898912     4.9655     5.2486    -0.0180    96.1253 1.0000e-12  -74.15628 -113.32256  23.487712      99.87 1.1608e+03    641.276      15392  1028.5985  1028.5961    34.0974    34.0945    8.20653         29 0.0000e+00
    250.000    247.265    -0.6751  27.906128    -0.6733  27.905780     4.9668     5.2480    -0.0097    96.1384 1.0000e-12  -74.15628 -113.32256  23.487725      99.87 1.1617e+03    642.459      15420  1028.6045  1028.6024    34.0992    34.0967    8.20520         28 0.0000e+00
    251.000    248.253    -0.6727  27.909256    -0.6709  27.908799     4.9631     5.2425    -0.0103    96.1386 1.0000e-12  -74.15628 -113.32256  23.487739      99.87 1.1617e+03    643.643      15448  1028.6099  1028.6077    34.1001    34.0975    8.20463         28 0.0000e+00
    252.000    249.239    -0.6699  27.912856    -0.6675  27.912821     4.9673     5.2430    -0.0064    96.1368 1.0000e-12  -74.15628 -113.32256  23.487752      99.87 1.1617e+03    644.813      15477  1028.6154  1028.6131    34.1012    34.0985    8.20396         28 0.0000e+00
    253.000    250.229    -0.6580  27.926170    -0.6579  27.923730     4.9716     5.2463    -0.0182    96.1384 1.0000e-12  -74.15628 -113.32257  23.487766      99.87 1.1621e+03    645.988      15505  1028.6225  1028.6198    34.1052    34.1017    8.20115         29 0.0000e+00
    254.000    251.216    -0.6540  27.930863    -0.6524  27.930099     4.9700     5.2465    -0.0134    96.1303 1.0000e-12  -74.15628 -113.32258  23.487780      99.87 1.1622e+03    647.190      15534  1028.6281  1028.6257    34.1064    34.1035    8.20021         28 0.0000e+00
    255.000    252.206    -0.6536  27.931640    -0.6524  27.930482     4.9677     5.2485    -0.0140    96.1323 1.0000e-12  -74.15628 -113.32258  23.487794      99.87 1.1630e+03    648.393      15562  1028.6329  1028.6305    34.1064    34.1035    8.20013         29 0.0000e+00
    256.000    253.193    -0.6533  27.932349    -0.6512  27.932180     4.9651     5.2467    -0.0201    96.1189 1.0000e-12  -74.15628 -113.32258  23.487808      95.57 1.1623e+03    649.583      15591  1028.6377  1028.6356    34.1064    34.1038    8.20006         29 0.0000e+00
    257.000    254.183    -0.6525  27.933602    -0.6503  27.933505     4.9665     5.2453    -0.0205    96.1067 1.0000e-12  -74.15628 -113.32258  23.487821      95.06 1.1622e+03    650.749      15619  1028.6427  1028.6405    34.1066    34.1040    8.19988         28 0.0000e+00
    258.000    255.171    -0.6487  27.938127    -0.6461  27.938299     4.9628     5.2366    -0.0191    96.1205 1.0000e-12  -74.15628 -113.32258  23.487835      99.80 1.1637e+03    651.903      15647  1028.6482  1028.6459    34.1078    34.1051    8.19899         27 0.0000e+00
    259.000    256.158    -0.6425  27.945117    -0.6404  27.944879     4.9602     5.2363    -0.0169    96.0863 1.0000e-12  -74.15628 -113.32258  23.487848      99.87 1.1629e+03    653.059      15674  1028.6541  1028.6518    34.1097    34.1069    8.19754         28 0.0000e+00
    260.000    257.149    -0.6387  27.949474    -0.6374  27.948472     4.9598     5.2425    -0.0119    96.0726 1.0000e-12  -74.15628 -113.32258  23.487861      99.87 1.1620e+03    654.218      15702  1028.6594  1028.6571    34.1106    34.1078    8.19666         28 0.0000e+00
    261.000    258.136    -0.6366  27.952062    -0.6349  27.951428     4.9595     5.2405    -0.0127    96.0595 1.0000e-12  -74.15628 -113.32258  23.487875      99.86 1.1617e+03    655.398      15731  1028.6645  1028.6622    34.1111    34.1083    8.19617         28 0.0000e+00
    262.000    259.125    -0.6330  27.956568    -0.6312  27.955989     4.9583     5.2311    -0.0155    96.0753 1.0000e-12  -74.15628 -113.32258  23.487889      99.87 1.1617e+03    656.576      15759  1028.6702  1028.6679    34.1125    34.1097    8.19530         29 0.0000e+00
    263.000    260.112    -0.6306  27.959780    -0.6288  27.959080     4.9599     5.2332    -0.0156    96.0635 1.0000e-12  -74.15628 -113.32258  23.487902      99.87 1.1617e+03    657.749      15787  1028.6757  1028.6733    34.1136    34.1106    8.19474         27 0.0000e+00
    264.000    261.101    -0.6288  27.962094    -0.6273  27.961520     4.9574     5.2347    -0.0139    96.0614 1.0000e-12  -74.15628 -113.32258  23.487916      99.86 1.1616e+03    658.906      15815  1028.6809  1028.6787    34.1141    34.1115    8.19432         28 0.0000e+00
    265.000    262.089    -0.6276  27.964752    -0.6258  27.964131     4.9538     5.2336    -0.0131    96.0405 1.0000e-12  -74.15628 -113.32258  23.487929      99.87 1.1633e+03    660.100      15843  1028.6869  1028.6845    34.1156    34.1128    8.19396         30 0.0000e+00
    266.000    263.079    -0.6234  27.970916    -0.6206  27.971278     4.9477     5.2324    -0.0142    96.0237 1.0000e-12  -74.15628 -113.32258  23.487943      99.87 1.1627e+03    661.312      15872  1028.6938  1028.6915    34.1186    34.1159    8.19288         28 0.0000e+00
    267.000    264.066    -0.6144  27.981671    -0.6134  27.980093     4.9442     5.2196    -0.0190    96.0246 1.0000e-12  -74.15628 -113.32258  23.487957      78.69 1.1617e+03    662.491      15901  1028.7009  1028.6983    34.1223    34.1191    8.19071         28 0.0000e+00
    268.000    265.055    -0.6072  27.990392    -0.6056  27.989454     4.9420     5.2210    -0.0124    96.0430 1.0000e-12  -74.15628 -113.32258  23.487970      94.53 1.1617e+03    663.644      15928  1028.7078  1028.7051    34.1254    34.1223    8.18899         28 0.0000e+00
    269.000    266.043    -0.5994  27.999684    -0.5966  27.999919     4.9379     5.2230    -0.0127    96.0678 1.0000e-12  -74.15628 -113.32258  23.487984      99.87 1.1617e+03    664.812      15956  1028.7145  1028.7121    34.1285    34.1257    8.18711         28 0.0000e+00
    270.000    267.031    -0.5916  28.008626    -0.5892  28.008599     4.9325     5.2158    -0.0132    96.0725 1.0000e-12  -74.15628 -113.32258  23.487998      99.87 1.1617e+03    665.988      15985  1028.7209  1028.7185    34.1311    34.1284    8.18527         28 0.0000e+00
    271.000    268.020    -0.5815  28.020133    -0.5794  28.019696     4.9257     5.2060    -0.0137    96.0692 1.0000e-12  -74.15628 -113.32258  23.488011      99.87 1.1617e+03    667.163      16013  1028.7279  1028.7253    34.1346    34.1317    8.18289         29 0.0000e+00
    272.000    269.009    -0.5715  28.031572    -0.5686  28.031923     4.9251     5.2026    -0.0103    96.0669 1.0000e-12  -74.15628 -113.32258  23.488025      99.87 1.1617e+03    668.341      16041  1028.7349  1028.7324    34.1382    34.1354    8.18053         28 0.0000e+00
    273.000    269.997    -0.5693  28.034375    -0.5673  28.033997     4.9293     5.2039    -0.0039    96.0683 1.0000e-12  -74.15628 -113.32258  23.488038      99.87 1.1617e+03    669.496      16069  1028.7401  1028.7378    34.1388    34.1361    8.18001         27 0.0000e+00
    274.000    270.984    -0.5688  28.035280    -0.5661  28.035831     4.9258     5.2040    -0.0033    96.0955 1.0000e-12  -74.15628 -113.32258  23.488052      99.87 1.1618e+03    670.649      16097  1028.7451  1028.7431    34.1389    34.1366    8.17990         28 0.0000e+00
    275.000    271.974    -0.5648  28.040147    -0.5627  28.039687     4.9230     5.2029    -0.0077    96.0985 1.0000e-12  -74.15628 -113.32258  23.488065      99.87 1.1624e+03    671.839      16125  1028.7508  1028.7483    34.1403    34.1373    8.17895         29 0.0000e+00
    276.000    272.961    -0.5611  28.044627    -0.5586  28.044524     4.9238     5.1990    -0.0132    96.1047 1.0000e-12  -74.15628 -113.32258  23.488079      99.88 1.1626e+03    673.037      16154  1028.7564  1028.7540    34.1416    34.1387    8.17808         29 0.0000e+00
    277.000    273.950    -0.5578  28.048598    -0.5556  28.048450     4.9206     5.2017    -0.0129    96.1156 1.0000e-12  -74.15628 -113.32258  23.488093      99.87 1.1629e+03    674.226      16182  1028.7619  1028.7596    34.1426    34.1399    8.17731         28 0.0000e+00
    278.000    274.938    -0.5561  28.050849    -0.5542  28.050363     4.9243     5.2006    -0.0074    96.0933 1.0000e-12  -74.15628 -113.32256  23.488107      97.85 1.1643e+03    675.412      16211  1028.7670  1028.7647    34.1431    34.1403    8.17691         28 0.0000e+00
    279.000    275.926    -0.5548  28.052727    -0.5527  28.052585     4.9243     5.1928    -0.0115    96.0717 1.0000e-12  -74.15628 -113.32258  23.488120      85.83 1.1621e+03    676.591      16239  1028.7722  1028.7700    34.1436    34.1410    8.17661         29 0.0000e+00
    280.000    276.916    -0.5526  28.055677    -0.5509  28.054954     4.9255     5.1995    -0.0137    96.0551 1.0000e-12  -74.15628 -113.32258  23.488134      98.45 1.1633e+03    677.782      16268  1028.7775  1028.7752    34.1444    34.1416    8.17608         29 0.0000e+00
    281.000    277.903    -0.5508  28.058131    -0.5488  28.057692     4.9221     5.2008    -0.0134    96.0394 1.0000e-12  -74.15628 -113.32258  23.488148      99.87 1.1650e+03    678.976      16296  1028.7828  1028.7804    34.1451    34.1423    8.17566         28 0.0000e+00
    282.000    278.891    -0.5500  28.059426    -0.5481  28.058893     4.9166     5.1964    -0.0128    96.0406 1.0000e-12  -74.15628 -113.32258  23.488161      99.87 1.1640e+03    680.129      16324  1028.7878  1028.7854    34.1453    34.1425    8.17547         27 0.0000e+00
    283.000    279.881    -0.5489  28.061093    -0.5463  28.061146     4.9265     5.1935    -0.0121    96.0338 1.0000e-12  -74.15628 -113.32258  23.488174      99.87 1.1646e+03    681.273      16352  1028.7928  1028.7904    34.1457    34.1429    8.17521         28 0.0000e+00
    284.000    280.867    -0.5474  28.062933    -0.5459  28.062246     4.9251     5.1946    -0.0107    96.0408 1.0000e-12  -74.15628 -113.32258  23.488188      99.87 1.1676e+03    682.465      16380  1028.7977  1028.7955    34.1459    34.1433    8.17488         29 0.0000e+00
    285.000    281.856    -0.5487  28.062089    -0.5469  28.061662     4.9203     5.1969    -0.0121    96.0215 1.0000e-12  -74.15628 -113.32258  23.488202      99.87 1.1674e+03    683.691      16410  1028.8024  1028.8002    34.1457    34.1430    8.17518         30 0.0000e+00
    286.000    282.845    -0.5495  28.061725    -0.5477  28.061011     4.9142     5.1961    -0.0098    96.0120 1.0000e-12  -74.15628 -113.32258  23.488216      99.86 1.1670e+03    684.870      16438  1028.8071  1028.8046    34.1454    34.1425    8.17536         28 0.0000e+00
    287.000    283.832    -0.5484  28.063443    -0.5456  28.063845     4.9169     5.1976    -0.0104    96.0234 1.0000e-12  -74.15628 -113.32258  23.488230      99.87 1.1670e+03    686.034      16466  1028.8122  1028.8099    34.1459    34.1433    8.17509         27 0.0000e+00
    288.000    284.821    -0.5417  28.071181    -0.5401  28.070422     4.9194     5.1890    -0.0129    96.0052 1.0000e-12  -74.15628 -113.32256  23.488243      99.87 1.1670e+03    687.232      16495  1028.8182  1028.8159    34.1481    34.1454    8.17351         30 0.0000e+00
    289.000    285.809    -0.5408  28.072822    -0.5390  28.072003     4.9185     5.1882    -0.0105    96.0244 1.0000e-12  -74.15628 -113.32257  23.488257      99.87 1.1670e+03    688.436      16523  1028.8235  1028.8209    34.1487    34.1456    8.17329         29 0.0000e+00
    290.000    286.797    -0.5318  28.082978    -0.5298  28.082700     4.9197     5.1946    -0.0119    96.0246 1.0000e-12  -74.15628 -113.32256  23.488271      87.89 1.1670e+03    689.638      16552  1028.8300  1028.8277    34.1517    34.1491    8.17119         28 0.0000e+00
