ocean_section_plots/required_files/ctd/dnbp2202_ctd098.cnv
* Sea-Bird SBE 9 Data File:
* FileName = D:\Data\raw\NBP2202_CTD098.hex
* Software Version Seasave V 7.26.7.121
* Temperature SN = 1649
* Conductivity SN = 2513
* Number of Bytes Per Scan = 40
* Number of Voltage Words = 5
* Number of Scans Averaged by the Deck Unit = 1
* NMEA Latitude = 74 10.51 S
* NMEA Longitude = 113 20.67 W
* NMEA UTC (Time) = Jan 27 2022  01:28:41
* NMEA baud rate = 9600
** Ship: RVIB N.B. Palmer
** Cruise: NBP2202 Thwaites
** Station: YoYo001
** Operator: A. Robinson
# nquan = 25
# nvalues = 608                         
# units = specified
# name 0 = prDM: Pressure, Digiquartz [db]
# name 1 = depSM: Depth [salt water, m]
# name 2 = t090C: Temperature [ITS-90, deg C]
# name 3 = c0mS/cm: Conductivity [mS/cm]
# name 4 = t190C: Temperature, 2 [ITS-90, deg C]
# name 5 = c1mS/cm: Conductivity, 2 [mS/cm]
# name 6 = sbeox0ML/L: Oxygen, SBE 43 [ml/l]
# name 7 = sbeox1ML/L: Oxygen, SBE 43, 2 [ml/l]
# name 8 = flECO-AFL: Fluorescence, WET Labs ECO-AFL/FL [mg/m^3]
# name 9 = CStarTr0: Beam Transmission, WET Labs C-Star [%]
# name 10 = par: PAR/Irradiance, Biospherical/Licor
# name 11 = latitude: Latitude [deg]
# name 12 = longitude: Longitude [deg]
# name 13 = timeJ: Julian Days
# name 14 = altM: Altimeter [m]
# name 15 = spar: SPAR, Biospherical/Licor
# name 16 = timeS: Time, Elapsed [seconds]
# name 17 = scan: Scan Count
# name 18 = density00: Density [density, kg/m^3]
# name 19 = density11: Density, 2 [density, kg/m^3]
# name 20 = sal00: Salinity, Practical [PSU]
# name 21 = sal11: Salinity, Practical, 2 [PSU]
# name 22 = oxsolML/L: Oxygen Saturation, Garcia & Gordon [ml/l]
# name 23 = nbin: number of scans per bin
# name 24 = flag: flag
# span 0 =     10.000,    617.000       
# span 1 =      9.898,    609.704       
# span 2 =    -1.5162,     0.0898       
# span 3 =  26.927871,  28.925445       
# span 4 =    -1.5152,     0.0931       
# span 5 =  26.927619,  28.925675       
# span 6 =     4.6837,     7.8781       
# span 7 =     4.7415,     7.7797       
# span 8 =    -0.0225,    20.4068       
# span 9 =    73.6316,    95.5182       
# span 10 = 1.0000e-12, 4.3869e+01      
# span 11 =  -74.17528,  -74.17528      
# span 12 = -113.34458, -113.34455      
# span 13 =  27.062111,  27.071587      
# span 14 =       4.45,     100.44      
# span 15 = 1.4323e+03, 1.7470e+03      
# span 16 =     45.343,    864.160      
# span 17 =       1089,      20741      
# span 18 =  1027.2337,  1030.5226      
# span 19 =  1027.2307,  1030.5205      
# span 20 =    33.7978,    34.3814      
# span 21 =    33.7971,    34.3781      
# span 22 =    8.02610,    8.40794      
# span 23 =         17,         49      
# span 24 = 0.0000e+00, 0.0000e+00      
# interval = decibars: 1                
# start_time = Jan 27 2022 01:28:41 [NMEA time, header]
# bad_flag = -9.990e-29
*END*
[from data line 116]
    126.000    124.658    -1.2751  27.198537    -1.2737  27.198079     5.2299     5.2956    -0.0144    95.4123 1.0000e-12  -74.17528 -113.34456  27.064032      99.87 1.6994e+03    211.338       5073  1027.8686  1027.8667    33.8907    33.8884    8.34963         28 0.0000e+00
    127.000    125.648    -1.2750  27.199258    -1.2734  27.198969     5.2265     5.2966    -0.0179    95.4266 1.0000e-12  -74.17528 -113.34456  27.064045      99.87 1.6995e+03    212.504       5101  1027.8736  1027.8717    33.8909    33.8886    8.34958         28 0.0000e+00
    128.000    126.635    -1.2736  27.201246    -1.2722  27.200672     5.2377     5.3008    -0.0175    95.4189 1.0000e-12  -74.17528 -113.34456  27.064059      99.87 1.6992e+03    213.658       5129  1027.8788  1027.8769    33.8914    33.8890    8.34924         27 0.0000e+00
    129.000    127.626    -1.2731  27.203510    -1.2716  27.203099     5.2441     5.3121    -0.0145    95.4274 1.0000e-12  -74.17528 -113.34456  27.064072      99.87 1.6985e+03    214.791       5156  1027.8852  1027.8833    33.8933    33.8910    8.34901         27 0.0000e+00
    130.000    128.614    -1.2738  27.204556    -1.2722  27.204232     5.2469     5.3124    -0.0189    95.4390 1.0000e-12  -74.17528 -113.34456  27.064085      99.87 1.6992e+03    215.931       5183  1027.8914  1027.8896    33.8949    33.8926    8.34908         27 0.0000e+00
    131.000    129.603    -1.2742  27.204982    -1.2728  27.204523     5.2546     5.3178    -0.0097    95.4512 1.0000e-12  -74.17528 -113.34456  27.064098      99.86 1.6968e+03    217.085       5211  1027.8967  1027.8948    33.8953    33.8931    8.34914         29 0.0000e+00
    132.000    130.593    -1.2754  27.204698    -1.2737  27.204566     5.2565     5.3271    -0.0120    95.4447 1.0000e-12  -74.17528 -113.34456  27.064111      99.87 1.6960e+03    218.226       5238  1027.9018  1027.9000    33.8956    33.8935    8.34938         27 0.0000e+00
    133.000    131.581    -1.2795  27.202200    -1.2774  27.202343     5.2612     5.3303    -0.0207    95.4379 1.0000e-12  -74.17528 -113.34456  27.064125      99.87 1.6960e+03    219.368       5266  1027.9074  1027.9056    33.8962    33.8941    8.35026         27 0.0000e+00
    134.000    132.571    -1.2799  27.202418    -1.2762  27.203657     5.2688     5.3360    -0.0158    95.4342 1.0000e-12  -74.17528 -113.34456  27.064138      99.87 1.6948e+03    220.525       5294  1027.9124  1027.9102    33.8964    33.8939    8.35035         28 0.0000e+00
    135.000    133.558    -1.2818  27.201545    -1.2801  27.201521     5.2760     5.3459    -0.0140    95.4460 1.0000e-12  -74.17528 -113.34456  27.064151      99.87 1.6949e+03    221.677       5321  1027.9176  1027.9159    33.8967    33.8948    8.35076         28 0.0000e+00
    136.000    134.549    -1.2852  27.199856    -1.2831  27.200089     5.2844     5.3585    -0.0000    95.4399 1.0000e-12  -74.17528 -113.34456  27.064165      99.87 1.6938e+03    222.820       5349  1027.9233  1027.9215    33.8976    33.8956    8.35146         27 0.0000e+00
    137.000    135.537    -1.2899  27.197212    -1.2881  27.197104     5.2916     5.3647    -0.0074    95.4370 1.0000e-12  -74.17528 -113.34456  27.064178      99.87 1.6933e+03    223.968       5376  1027.9293  1027.9275    33.8987    33.8965    8.35245         28 0.0000e+00
    138.000    136.526    -1.2777  27.213191    -1.2815  27.206714     5.2971     5.3641    -0.0133    95.4577 1.0000e-12  -74.17528 -113.34456  27.064191      99.86 1.6922e+03    225.114       5404  1027.9394  1027.9358    33.9062    33.9015    8.34928         27 0.0000e+00
    139.000    137.515    -1.2699  27.221474    -1.2693  27.220016     5.2911     5.3605    -0.0072    95.4526 1.0000e-12  -74.17528 -113.34456  27.064204      99.87 1.6909e+03    226.265       5431  1027.9452  1027.9430    33.9081    33.9055    8.34742         28 0.0000e+00
    140.000    138.503    -1.2701  27.221822    -1.2660  27.223805     5.2776     5.3507    -0.0129    95.4435 1.0000e-12  -74.17528 -113.34456  27.064218      99.87 1.6910e+03    227.429       5459  1027.9501  1027.9483    33.9082    33.9063    8.34746         28 0.0000e+00
    141.000    139.493    -1.2601  27.232056    -1.2566  27.233245     5.2543     5.3312    -0.0066    95.4417 1.0000e-12  -74.17528 -113.34456  27.064231      99.61 1.6916e+03    228.580       5487  1027.9560  1027.9540    33.9103    33.9080    8.34511         27 0.0000e+00
    142.000    140.483    -1.2463  27.246672    -1.2385  27.251402     5.2141     5.2992    -0.0015    95.4341 1.0000e-12  -74.17528 -113.34456  27.064244      99.64 1.6906e+03    229.701       5514  1027.9630  1027.9607    33.9141    33.9117    8.34180         27 0.0000e+00
    143.000    141.471    -1.2152  27.277002    -1.2130  27.276138     5.1819     5.2687     0.0068    95.4397 1.0000e-12  -74.17528 -113.34456  27.064257      99.87 1.6906e+03    230.819       5541  1027.9706  1027.9676    33.9198    33.9161    8.33452         27 0.0000e+00
    144.000    142.459    -1.1825  27.308983    -1.1804  27.308249     5.1669     5.2549    -0.0093    95.4417 1.0000e-12  -74.17528 -113.34456  27.064270      99.87 1.6902e+03    231.957       5568  1027.9784  1027.9757    33.9259    33.9226    8.32687         27 0.0000e+00
    145.000    143.450    -1.1760  27.316004    -1.1743  27.315542     5.1687     5.2500    -0.0148    95.4240 1.0000e-12  -74.17528 -113.34456  27.064284      99.86 1.6894e+03    233.112       5596  1027.9845  1027.9825    33.9276    33.9251    8.32533         28 0.0000e+00
    146.000    144.438    -1.1730  27.319756    -1.1710  27.319644     5.1621     5.2478    -0.0150    95.4414 1.0000e-12  -74.17528 -113.34456  27.064297      99.87 1.6899e+03    234.290       5624  1027.9904  1027.9883    33.9288    33.9263    8.32460         29 0.0000e+00
    147.000    145.428    -1.1661  27.327275    -1.1643  27.326797     5.1619     5.2421    -0.0186    95.4417 1.0000e-12  -74.17528 -113.34456  27.064311      99.87 1.6897e+03    235.456       5652  1027.9964  1027.9942    33.9305    33.9278    8.32295         27 0.0000e+00
    148.000    146.415    -1.1521  27.343259    -1.1501  27.342759     5.1551     5.2372    -0.0180    95.4044 1.0000e-12  -74.17528 -113.34456  27.064324      99.86 1.6888e+03    236.586       5679  1028.0050  1028.0025    33.9360    33.9330    8.31952         27 0.0000e+00
    149.000    147.404    -1.1411  27.354938    -1.1390  27.354641     5.1425     5.2285    -0.0145    95.4197 1.0000e-12  -74.17528 -113.34456  27.064337      99.87 1.6877e+03    237.707       5706  1028.0116  1028.0093    33.9389    33.9361    8.31691         27 0.0000e+00
    150.000    148.393    -1.1230  27.374767    -1.1201  27.374759     5.1394     5.2114    -0.0142    95.4294 1.0000e-12  -74.17528 -113.34456  27.064350      99.87 1.6884e+03    238.844       5733  1028.0203  1028.0176    33.9449    33.9416    8.31253         27 0.0000e+00
    151.000    149.383    -1.1038  27.394796    -1.1017  27.394344     5.1425     5.2150    -0.0188    95.4050 1.0000e-12  -74.17528 -113.34456  27.064363      99.87 1.6874e+03    240.000       5761  1028.0283  1028.0257    33.9499    33.9469    8.30798         29 0.0000e+00
    152.000    150.371    -1.0927  27.406176    -1.0905  27.405868     5.1607     5.2155    -0.0216    95.4020 1.0000e-12  -74.17528 -113.34456  27.064377      86.89 1.6870e+03    241.174       5789  1028.0346  1028.0321    33.9523    33.9494    8.30538         28 0.0000e+00
    153.000    151.361    -1.0983  27.402454    -1.0971  27.401887     5.2432     5.2794    -0.0161    95.4020 1.0000e-12  -74.17528 -113.34456  27.064391      97.81 1.6867e+03    242.347       5817  1028.0406  1028.0389    33.9529    33.9508    8.30658         28 0.0000e+00
    154.000    152.350    -1.1201  27.383383    -1.1188  27.384343     5.3666     5.4026    -0.0193    95.4022 1.0000e-12  -74.17528 -113.34456  27.064404      99.88 1.6857e+03    243.483       5845  1028.0455  1028.0454    33.9509    33.9508    8.31154         26 0.0000e+00
    155.000    153.338    -1.1978  27.317415    -1.1994  27.316716     5.4489     5.4972    -0.0152    95.4094 1.0000e-12  -74.17528 -113.34456  27.064417      99.86 1.6853e+03    244.607       5872  1028.0532  1028.0541    33.9480    33.9489    8.32898         27 0.0000e+00
    156.000    154.326    -1.2637  27.263935    -1.2628  27.263692     5.4783     5.5246    -0.0055    95.4019 1.0000e-12  -74.17528 -113.34456  27.064430      99.87 1.6855e+03    245.746       5899  1028.0627  1028.0615    33.9488    33.9474    8.34364         28 0.0000e+00
    157.000    155.316    -1.2657  27.264632    -1.2649  27.263195     5.4668     5.5200    -0.0208    95.4002 1.0000e-12  -74.17528 -113.34456  27.064443      99.87 1.6853e+03    246.896       5927  1028.0692  1028.0668    33.9513    33.9485    8.34392         28 0.0000e+00
    158.000    156.306    -1.2497  27.280878    -1.2498  27.278454     5.4321     5.5020    -0.0144    95.4208 1.0000e-12  -74.17528 -113.34456  27.064457      99.87 1.6853e+03    248.048       5954  1028.0755  1028.0730    33.9549    33.9517    8.34014         27 0.0000e+00
    159.000    157.294    -1.2364  27.293479    -1.2370  27.291067     5.4172     5.4817    -0.0150    95.4398 1.0000e-12  -74.17528 -113.34456  27.064470      99.87 1.6853e+03    249.191       5982  1028.0804  1028.0783    33.9564    33.9538    8.33708         28 0.0000e+00
    160.000    158.282    -1.2263  27.303534    -1.2247  27.302840     5.4034     5.4742    -0.0218    95.4725 1.0000e-12  -74.17528 -113.34456  27.064483      99.87 1.6841e+03    250.313       6009  1028.0857  1028.0834    33.9582    33.9554    8.33473         26 0.0000e+00
    161.000    159.272    -1.2219  27.307916    -1.2191  27.308474     5.3883     5.4725    -0.0127    95.4701 1.0000e-12  -74.17528 -113.34456  27.064496      99.87 1.6836e+03    251.437       6035  1028.0906  1028.0884    33.9586    33.9562    8.33373         28 0.0000e+00
    162.000    160.261    -1.2181  27.312008    -1.2166  27.311617     5.3792     5.4584    -0.0005    95.4808 1.0000e-12  -74.17528 -113.34456  27.064509      99.80 1.6836e+03    252.579       6063  1028.0955  1028.0936    33.9593    33.9570    8.33284         27 0.0000e+00
    163.000    161.249    -1.2122  27.318363    -1.2095  27.318788     5.3740     5.4579    -0.0079    95.4939 1.0000e-12  -74.17528 -113.34456  27.064522      75.32 1.6835e+03    253.725       6090  1028.1010  1028.0989    33.9606    33.9582    8.33143         28 0.0000e+00
    164.000    162.239    -1.2079  27.322895    -1.2070  27.321951     5.3595     5.4467    -0.0147    95.5036 1.0000e-12  -74.17528 -113.34456  27.064535      95.36 1.6829e+03    254.865       6118  1028.1060  1028.1042    33.9613    33.9591    8.33043         27 0.0000e+00
    165.000    163.226    -1.2036  27.327102    -1.2026  27.326012     5.3410     5.4290    -0.0150    95.5032 1.0000e-12  -74.17528 -113.34456  27.064549      99.86 1.6820e+03    256.018       6145  1028.1108  1028.1087    33.9616    33.9590    8.32946         28 0.0000e+00
    166.000    164.216    -1.1884  27.341520    -1.1891  27.338122     5.3300     5.4131    -0.0175    95.5008 1.0000e-12  -74.17528 -113.34456  27.064562      99.86 1.6815e+03    257.168       6173  1028.1162  1028.1132    33.9636    33.9597    8.32597         27 0.0000e+00
    167.000    165.206    -1.1774  27.351116    -1.1749  27.351678     5.3262     5.4118    -0.0166    95.4940 1.0000e-12  -74.17528 -113.34456  27.064575      99.87 1.6800e+03    258.314       6201  1028.1203  1028.1186    33.9635    33.9616    8.32351         28 0.0000e+00
    168.000    166.195    -1.1722  27.356589    -1.1692  27.357247     5.3314     5.4026    -0.0065    95.5026 1.0000e-12  -74.17528 -113.34456  27.064588      99.86 1.6800e+03    259.447       6228  1028.1257  1028.1235    33.9645    33.9620    8.32230         27 0.0000e+00
    169.000    167.183    -1.1722  27.356859    -1.1721  27.355364     5.3694     5.4327    -0.0106    95.4848 1.0000e-12  -74.17528 -113.34456  27.064601      99.87 1.6800e+03    260.569       6255  1028.1305  1028.1287    33.9644    33.9621    8.32232         27 0.0000e+00
    170.000    168.171    -1.1944  27.338306    -1.1893  27.341549     5.4243     5.5013    -0.0147    95.4913 1.0000e-12  -74.17528 -113.34456  27.064615      99.87 1.6800e+03    261.706       6282  1028.1361  1028.1347    33.9635    33.9621    8.32731         27 0.0000e+00
    171.000    169.161    -1.2319  27.305598    -1.2282  27.308920     5.4147     5.4953    -0.0060    95.4875 1.0000e-12  -74.17528 -113.34456  27.064628      99.87 1.6789e+03    262.866       6310  1028.1410  1028.1411    33.9605    33.9609    8.33584         28 0.0000e+00
    172.000    170.149    -1.2483  27.294446    -1.2458  27.293497     5.3224     5.4098    -0.0040    95.4857 1.0000e-12  -74.17528 -113.34456  27.064642      99.87 1.6784e+03    264.026       6338  1028.1488  1028.1453    33.9632    33.9590    8.33934         28 0.0000e+00
    173.000    171.138    -1.1709  27.362773    -1.1611  27.367621     5.2609     5.3469    -0.0172    95.4922 1.0000e-12  -74.17528 -113.34456  27.064655      99.87 1.6773e+03    265.166       6365  1028.1526  1028.1483    33.9685    33.9639    8.32179         27 0.0000e+00
    174.000    172.127    -1.1167  27.410550    -1.1132  27.411375     5.2660     5.3460    -0.0174    95.4912 1.0000e-12  -74.17528 -113.34456  27.064668      93.19 1.6770e+03    266.307       6392  1028.1566  1028.1542    33.9718    33.9690    8.30954         28 0.0000e+00
    175.000    173.115    -1.1243  27.405961    -1.1205  27.407893     5.2801     5.3673    -0.0150    95.4951 1.0000e-12  -74.17528 -113.34456  27.064681      90.76 1.6765e+03    267.460       6420  1028.1637  1028.1622    33.9735    33.9719    8.31114         27 0.0000e+00
    176.000    174.105    -1.1378  27.397357    -1.1353  27.397819     5.2529     5.3549    -0.0209    95.4781 1.0000e-12  -74.17528 -113.34456  27.064695      99.36 1.6765e+03    268.619       6448  1028.1720  1028.1701    33.9764    33.9742    8.31396         28 0.0000e+00
    177.000    175.093    -1.1194  27.416144    -1.1183  27.414421     5.1889     5.2997    -0.0163    95.4738 1.0000e-12  -74.17528 -113.34456  27.064708      99.87 1.6765e+03    269.767       6475  1028.1790  1028.1762    33.9806    33.9771    8.30963         28 0.0000e+00
    178.000    176.082    -1.0736  27.457038    -1.0833  27.445132     5.1421     5.2498    -0.0145    95.4816 1.0000e-12  -74.17528 -113.34456  27.064721      99.87 1.6753e+03    270.898       6503  1028.1837  1028.1802    33.9841    33.9788    8.29929         27 0.0000e+00
    179.000    177.070    -1.0322  27.494283    -1.0324  27.491145     5.1105     5.2035    -0.0147    95.4799 1.0000e-12  -74.17528 -113.34456  27.064734      99.87 1.6730e+03    272.025       6530  1028.1887  1028.1855    33.9874    33.9833    8.28993         27 0.0000e+00
    180.000    178.059    -1.0144  27.511577    -1.0098  27.512763     5.1062     5.1817    -0.0150    95.4627 1.0000e-12  -74.17528 -113.34456  27.064747      99.86 1.6730e+03    273.162       6557  1028.1951  1028.1919    33.9902    33.9866    8.28584         27 0.0000e+00
    181.000    179.049    -0.9913  27.534149    -0.9892  27.533969     5.1935     5.2644    -0.0082    95.4398 1.0000e-12  -74.17528 -113.34456  27.064761      99.87 1.6731e+03    274.310       6584  1028.2020  1028.1998    33.9943    33.9916    8.28051         28 0.0000e+00
    182.000    180.036    -1.0116  27.518146    -1.0116  27.517922     5.2876     5.3518    -0.0152    95.4332 1.0000e-12  -74.17528 -113.34456  27.064774      99.87 1.6718e+03    275.444       6612  1028.2092  1028.2090    33.9948    33.9945    8.28495         27 0.0000e+00
