ocean_section_plots/required_files/ctd/dnbp2202_ctd028.cnv
* Sea-Bird SBE 9 Data File:
* FileName = D:\Data\raw\NBP2202_CTD028.hex
* Software Version Seasave V 7.26.7.121
* Temperature SN = 1649
* Conductivity SN = 2513
* Number of Bytes Per Scan = 40
* Number of Voltage Words = 5
* Number of Scans Averaged by the Deck Unit = 1
* NMEA Latitude = 74 13.82 S
* NMEA Longitude = 112 13.31 W
* NMEA UTC (Time) = Jan 21 2022  09:04:53
* NMEA baud rate = 9600
** Ship: RVIB N.B. Palmer
** Cruise: NBP2202 Thwaites
** Station: Tow-Yo #1
** Operator: B. Bjork
# nquan = 25
# nvalues = 988                         
# units = specified
# name 0 = prDM: Pressure, Digiquartz [db]
# name 1 = depSM: Depth [salt water, m]
# name 2 = t090C: Temperature [ITS-90, deg C]
# name 3 = c0mS/cm: Conductivity [mS/cm]
# name 4 = t190C: Temperature, 2 [ITS-90, deg C]
# name 5 = c1mS/cm: Conductivity, 2 [mS/cm]
# name 6 = sbeox0ML/L: Oxygen, SBE 43 [ml/l]
# name 7 = sbeox1ML/L: Oxygen, SBE 43, 2 [ml/l]
# name 8 = flECO-AFL: Fluorescence, WET Labs ECO-AFL/FL [mg/m^3]
# name 9 = CStarTr0: Beam Transmission, WET Labs C-Star [%]
# name 10 = par: PAR/Irradiance, Biospherical/Licor
# name 11 = latitude: Latitude [deg]
# name 12 = longitude: Longitude [deg]
# name 13 = timeJ: Julian Days
# name 14 = altM: Altimeter [m]
# name 15 = spar: SPAR, Biospherical/Licor
# name 16 = timeS: Time, Elapsed [seconds]
# name 17 = scan: Scan Count
# name 18 = density00: Density [density, kg/m^3]
# name 19 = density11: Density, 2 [density, kg/m^3]
# name 20 = sal00: Salinity, Practical [PSU]
# name 21 = sal11: Salinity, Practical, 2 [PSU]
# name 22 = oxsolML/L: Oxygen Saturation, Garcia & Gordon [ml/l]
# name 23 = nbin: number of scans per bin
# name 24 = flag: flag
# span 0 =     10.000,    997.000       
# span 1 =      9.895,    984.317       
# span 2 =    -1.4993,     0.5232       
# span 3 =  27.085834,  29.592257       
# span 4 =    -1.4978,     0.5255       
# span 5 =  27.085756,  29.592164       
# span 6 =     4.5647,     7.9749       
# span 7 =     4.7910,     8.3895       
# span 8 =    -0.0147,    19.2465       
# span 9 =    73.5865,    98.2679       
# span 10 = 1.0000e-12, 4.9355e+00      
# span 11 =  -74.23050,  -74.23008      
# span 12 = -112.22185, -112.21406      
# span 13 =  21.378769,  21.394158      
# span 14 =       7.29,     100.05      
# span 15 = 6.2582e+02, 7.0092e+02      
# span 16 =     32.644,   1362.259      
# span 17 =        784,      32695      
# span 18 =  1027.2364,  1032.4026      
# span 19 =  1027.2346,  1032.4002      
# span 20 =    33.8009,    34.5526      
# span 21 =    33.7985,    34.5499      
# span 22 =    7.92686,    8.39300      
# span 23 =         25,         60      
# span 24 = 0.0000e+00, 0.0000e+00      
# interval = decibars: 1                
# start_time = Jan 21 2022 09:04:53 [NMEA time, header]
# bad_flag = -9.990e-29
*END*
[from data line 696]
    706.000    697.504     0.2742  29.189671     0.2762  29.189386     4.6656     4.9062     0.0121    98.0709 1.0000e-12  -74.23026 -112.21632  21.389644      99.86 6.7308e+02    972.246      23335  1030.9986  1030.9963    34.4704    34.4677    7.98273         31 0.0000e+00
    707.000    698.489     0.2767  29.193248     0.2787  29.192856     4.6695     4.9046     0.0070    98.0720 1.0000e-12  -74.23026 -112.21632  21.389659      99.86 6.7179e+02    973.505      23365  1031.0041  1031.0017    34.4717    34.4689    7.98214         30 0.0000e+00
    708.000    699.476     0.2778  29.195070     0.2800  29.194787     4.6658     4.9067     0.0069    98.0813 1.0000e-12  -74.23026 -112.21632  21.389673      99.86 6.7235e+02    974.748      23395  1031.0091  1031.0067    34.4722    34.4694    7.98188         30 0.0000e+00
    709.000    700.462     0.2790  29.196877     0.2812  29.196806     4.6647     4.9058     0.0019    98.0725 1.0000e-12  -74.23026 -112.21631  21.389687      94.61 6.7328e+02    975.980      23425  1031.0141  1031.0118    34.4727    34.4701    7.98160         29 0.0000e+00
    710.000    701.449     0.2803  29.198999     0.2824  29.198599     4.6657     4.9019    -0.0009    98.0626 1.0000e-12  -74.23024 -112.21630  21.389701      90.03 6.7233e+02    977.206      23454  1031.0193  1031.0169    34.4735    34.4706    7.98129         29 0.0000e+00
    711.000    702.435     0.2814  29.200701     0.2836  29.200529     4.6719     4.9047     0.0055    98.0814 1.0000e-12  -74.23024 -112.21628  21.389716      99.53 6.7411e+02    978.430      23483  1031.0242  1031.0219    34.4739    34.4712    7.98104         29 0.0000e+00
    712.000    703.421     0.2819  29.201893     0.2840  29.201646     4.6652     4.9007     0.0069    98.0830 1.0000e-12  -74.23024 -112.21628  21.389730      99.87 6.7378e+02    979.634      23512  1031.0293  1031.0270    34.4743    34.4717    7.98092         29 0.0000e+00
    713.000    704.407     0.2820  29.202668     0.2841  29.202321     4.6689     4.9053     0.0069    98.0447 1.0000e-12  -74.23024 -112.21628  21.389743      99.86 6.7342e+02    980.835      23541  1031.0342  1031.0318    34.4746    34.4718    7.98087         29 0.0000e+00
    714.000    705.393     0.2821  29.203151     0.2841  29.202870     4.6676     4.9061     0.0079    98.0971 1.0000e-12  -74.23024 -112.21627  21.389757      99.87 6.7457e+02    982.040      23570  1031.0389  1031.0366    34.4746    34.4719    7.98086         29 0.0000e+00
    715.000    706.380     0.2821  29.203620     0.2842  29.203420     4.6685     4.9067     0.0092    98.0848 1.0000e-12  -74.23024 -112.21626  21.389771      99.86 6.7355e+02    983.243      23599  1031.0436  1031.0414    34.4746    34.4720    7.98085         29 0.0000e+00
    716.000    707.367     0.2828  29.205132     0.2848  29.204657     4.6696     4.9072     0.0017    98.0839 1.0000e-12  -74.23024 -112.21626  21.389785      99.87 6.7342e+02    984.446      23628  1031.0487  1031.0464    34.4752    34.4724    7.98067         29 0.0000e+00
    717.000    708.351     0.2839  29.206913     0.2860  29.206799     4.6693     4.9064    -0.0014    98.0663 1.0000e-12  -74.23024 -112.21625  21.389799      99.86 6.7342e+02    985.653      23657  1031.0538  1031.0516    34.4758    34.4732    7.98042         29 0.0000e+00
    718.000    709.338     0.2855  29.209414     0.2876  29.209164     4.6683     4.9068    -0.0043    98.0966 1.0000e-12  -74.23024 -112.21624  21.389813      99.86 6.7342e+02    986.880      23686  1031.0591  1031.0567    34.4767    34.4740    7.98004         30 0.0000e+00
    719.000    710.325     0.2861  29.210552     0.2883  29.210372     4.6681     4.9088     0.0096    98.0884 1.0000e-12  -74.23024 -112.21622  21.389828      99.86 6.7408e+02    988.110      23716  1031.0639  1031.0616    34.4769    34.4743    7.97990         29 0.0000e+00
    720.000    711.312     0.2869  29.211841     0.2891  29.211864     4.6688     4.9080     0.0079    98.1052 1.0000e-12  -74.23024 -112.21624  21.389842      98.14 6.7409e+02    989.334      23745  1031.0687  1031.0666    34.4771    34.4747    7.97972         29 0.0000e+00
    721.000    712.297     0.2879  29.213440     0.2905  29.213863     4.6686     4.9059     0.0064    98.1192 1.0000e-12  -74.23024 -112.21622  21.389856      86.91 6.7371e+02    990.559      23774  1031.0737  1031.0715    34.4776    34.4751    7.97950         30 0.0000e+00
    722.000    713.283     0.2890  29.215229     0.2913  29.215238     4.6666     4.9086     0.0059    98.1140 1.0000e-12  -74.23024 -112.21621  21.389870      99.36 6.7463e+02    991.793      23804  1031.0786  1031.0764    34.4780    34.4755    7.97923         29 0.0000e+00
    723.000    714.270     0.2891  29.215726     0.2910  29.215362     4.6689     4.9111    -0.0012    98.1033 1.0000e-12  -74.23024 -112.21621  21.389884      99.87 6.7488e+02    993.015      23833  1031.0833  1031.0810    34.4781    34.4754    7.97922         29 0.0000e+00
    724.000    715.256     0.2902  29.217713     0.2925  29.217497     4.6701     4.9065     0.0019    98.1034 1.0000e-12  -74.23024 -112.21620  21.389898      99.86 6.7433e+02    994.218      23862  1031.0885  1031.0860    34.4788    34.4760    7.97893         29 0.0000e+00
    725.000    716.242     0.2916  29.219534     0.2938  29.219434     4.6701     4.9090     0.0039    98.1043 1.0000e-12  -74.23024 -112.21620  21.389912      99.86 6.7476e+02    995.420      23891  1031.0933  1031.0911    34.4791    34.4765    7.97864         29 0.0000e+00
    726.000    717.228     0.2919  29.220455     0.2941  29.220241     4.6692     4.9062    -0.0006    98.0869 1.0000e-12  -74.23024 -112.21618  21.389926      99.87 6.7442e+02    996.630      23920  1031.0981  1031.0958    34.4793    34.4767    7.97856         30 0.0000e+00
    727.000    718.215     0.2922  29.221030     0.2943  29.220771     4.6701     4.9107     0.0035    98.0517 1.0000e-12  -74.23024 -112.21618  21.389940      99.86 6.7355e+02    997.846      23949  1031.1028  1031.1005    34.4792    34.4766    7.97851         28 0.0000e+00
    728.000    719.201     0.2927  29.222053     0.2947  29.221822     4.6750     4.9049     0.0069    98.0555 1.0000e-12  -74.23023 -112.21618  21.389954      99.86 6.7379e+02    999.057      23978  1031.1076  1031.1054    34.4795    34.4769    7.97839         29 0.0000e+00
    729.000    720.187     0.2939  29.223948     0.2960  29.223730     4.6709     4.9085     0.0006    98.0939 1.0000e-12  -74.23024 -112.21618  21.389968      99.86 6.7409e+02   1000.259      24007  1031.1126  1031.1103    34.4800    34.4773    7.97812         29 0.0000e+00
    730.000    721.173     0.2943  29.224884     0.2964  29.224675     4.6672     4.9070     0.0057    98.1081 1.0000e-12  -74.23024 -112.21616  21.389982      99.87 6.7377e+02   1001.476      24036  1031.1174  1031.1152    34.4802    34.4776    7.97802         30 0.0000e+00
    731.000    722.160     0.2950  29.226056     0.2971  29.225961     4.6664     4.9067     0.0192    98.1131 1.0000e-12  -74.23024 -112.21616  21.389997      83.04 6.7433e+02   1002.699      24066  1031.1222  1031.1201    34.4804    34.4779    7.97787         29 0.0000e+00
    732.000    723.146     0.2952  29.226985     0.2973  29.226696     4.6708     4.9042    -0.0014    98.1047 1.0000e-12  -74.23024 -112.21616  21.390011      91.33 6.7350e+02   1003.906      24095  1031.1272  1031.1249    34.4807    34.4781    7.97779         28 0.0000e+00
    733.000    724.131     0.2953  29.227317     0.2974  29.227215     4.6664     4.8988    -0.0004    98.1183 1.0000e-12  -74.23024 -112.21614  21.390025      99.64 6.7514e+02   1005.119      24124  1031.1317  1031.1296    34.4806    34.4781    7.97779         28 0.0000e+00
    734.000    725.117     0.2954  29.227999     0.2975  29.227844     4.6662     4.9032     0.0023    98.1244 1.0000e-12  -74.23024 -112.21614  21.390039      99.86 6.7518e+02   1006.352      24153  1031.1366  1031.1344    34.4807    34.4782    7.97776         30 0.0000e+00
    735.000    726.104     0.2958  29.228981     0.2979  29.228695     4.6649     4.9073     0.0031    98.1380 1.0000e-12  -74.23024 -112.21612  21.390053      99.86 6.7518e+02   1007.581      24183  1031.1414  1031.1391    34.4810    34.4783    7.97766         29 0.0000e+00
    736.000    727.090     0.2971  29.231047     0.2994  29.230791     4.6681     4.9039     0.0080    98.1165 1.0000e-12  -74.23024 -112.21612  21.390067      99.86 6.7573e+02   1008.803      24212  1031.1465  1031.1440    34.4817    34.4788    7.97735         29 0.0000e+00
    737.000    728.077     0.2977  29.231998     0.3002  29.232339     4.6698     4.9057     0.0143    98.0593 1.0000e-12  -74.23024 -112.21612  21.390081      99.86 6.7524e+02   1010.018      24241  1031.1511  1031.1490    34.4816    34.4793    7.97722         30 0.0000e+00
    738.000    729.063     0.2985  29.233365     0.3005  29.233173     4.6704     4.9068     0.0082    98.1542 1.0000e-12  -74.23024 -112.21610  21.390095      99.86 6.7568e+02   1011.226      24270  1031.1561  1031.1539    34.4820    34.4795    7.97705         28 0.0000e+00
    739.000    730.048     0.3005  29.236157     0.3023  29.235720     4.6705     4.9074     0.0069    98.1233 1.0000e-12  -74.23024 -112.21610  21.390109      99.87 6.7548e+02   1012.437      24299  1031.1612  1031.1590    34.4828    34.4802    7.97658         29 0.0000e+00
    740.000    731.035     0.3020  29.238481     0.3039  29.238034     4.6704     4.9081     0.0062    98.1113 1.0000e-12  -74.23024 -112.21608  21.390123      99.86 6.7518e+02   1013.664      24329  1031.1664  1031.1641    34.4836    34.4809    7.97623         30 0.0000e+00
    741.000    732.021     0.3042  29.241636     0.3063  29.241436     4.6721     4.9086    -0.0004    98.1373 1.0000e-12  -74.23024 -112.21608  21.390138      75.98 6.7518e+02   1014.895      24358  1031.1717  1031.1695    34.4847    34.4821    7.97571         30 0.0000e+00
    742.000    733.007     0.3048  29.242716     0.3068  29.242422     4.6656     4.9053    -0.0009    98.1186 1.0000e-12  -74.23024 -112.21608  21.390152      87.54 6.7532e+02   1016.119      24388  1031.1766  1031.1743    34.4849    34.4823    7.97559         29 0.0000e+00
    743.000    733.992     0.3051  29.243578     0.3072  29.243252     4.6673     4.9053     0.0029    98.1373 1.0000e-12  -74.23024 -112.21606  21.390166      99.54 6.7592e+02   1017.342      24417  1031.1814  1031.1790    34.4851    34.4824    7.97550         29 0.0000e+00
    744.000    734.980     0.3047  29.243284     0.3068  29.243282     4.6697     4.9105     0.0031    98.1461 1.0000e-12  -74.23024 -112.21606  21.390180      99.87 6.7610e+02   1018.553      24446  1031.1858  1031.1837    34.4847    34.4822    7.97562         29 0.0000e+00
    745.000    735.964     0.3045  29.243575     0.3066  29.243399     4.6685     4.9048    -0.0004    98.1334 1.0000e-12  -74.23024 -112.21605  21.390194      99.86 6.7702e+02   1019.767      24475  1031.1905  1031.1882    34.4846    34.4820    7.97566         29 0.0000e+00
    746.000    736.953     0.3044  29.243678     0.3064  29.243424     4.6685     4.9045    -0.0058    98.1338 1.0000e-12  -74.23024 -112.21604  21.390208      99.87 6.7689e+02   1020.985      24505  1031.1950  1031.1927    34.4843    34.4818    7.97570         30 0.0000e+00
    747.000    737.937     0.3050  29.244864     0.3067  29.244303     4.6657     4.9040    -0.0022    98.1309 1.0000e-12  -74.23024 -112.21604  21.390222      99.86 6.7774e+02   1022.208      24534  1031.1998  1031.1976    34.4846    34.4820    7.97555         29 0.0000e+00
    748.000    738.923     0.3059  29.246412     0.3079  29.246201     4.6690     4.9049     0.0059    98.1544 1.0000e-12  -74.23024 -112.21602  21.390237      99.87 6.7830e+02   1023.436      24563  1031.2047  1031.2026    34.4851    34.4826    7.97534         30 0.0000e+00
    749.000    739.909     0.3061  29.246943     0.3082  29.246839     4.6678     4.9058     0.0056    98.1353 1.0000e-12  -74.23024 -112.21602  21.390251      99.87 6.7707e+02   1024.669      24593  1031.2094  1031.2073    34.4850    34.4825    7.97531         29 0.0000e+00
    750.000    740.896     0.3065  29.248054     0.3087  29.247913     4.6658     4.9044    -0.0004    98.1201 1.0000e-12  -74.23024 -112.21601  21.390265      99.86 6.7695e+02   1025.895      24622  1031.2143  1031.2121    34.4853    34.4828    7.97519         30 0.0000e+00
    751.000    741.883     0.3071  29.248980     0.3092  29.248910     4.6654     4.9039     0.0046    97.9784 1.0000e-12  -74.23024 -112.21600  21.390279      99.86 6.7622e+02   1027.116      24652  1031.2190  1031.2169    34.4854    34.4830    7.97508         29 0.0000e+00
    752.000    742.867     0.3075  29.250019     0.3096  29.249951     4.6670     4.9024     0.0143    98.1346 1.0000e-12  -74.23024 -112.21600  21.390293      82.98 6.7591e+02   1028.335      24681  1031.2239  1031.2218    34.4857    34.4833    7.97497         29 0.0000e+00
    753.000    743.855     0.3087  29.252007     0.3108  29.251736     4.6678     4.9066     0.0064    98.1389 1.0000e-12  -74.23024 -112.21599  21.390307      90.76 6.7683e+02   1029.549      24710  1031.2290  1031.2267    34.4864    34.4837    7.97469         29 0.0000e+00
    754.000    744.840     0.3096  29.253533     0.3116  29.253139     4.6679     4.9056     0.0087    98.1264 1.0000e-12  -74.23024 -112.21598  21.390321      99.90 6.7695e+02   1030.756      24739  1031.2339  1031.2316    34.4868    34.4841    7.97448         29 0.0000e+00
    755.000    745.825     0.3108  29.255370     0.3129  29.255151     4.6677     4.9078     0.0034    98.1301 1.0000e-12  -74.23024 -112.21597  21.390335      99.87 6.7756e+02   1031.968      24768  1031.2389  1031.2366    34.4873    34.4847    7.97420         29 0.0000e+00
    756.000    746.813     0.3114  29.256574     0.3135  29.256394     4.6715     4.9040    -0.0007    98.1354 1.0000e-12  -74.23024 -112.21596  21.390349      99.86 6.7596e+02   1033.180      24797  1031.2438  1031.2416    34.4877    34.4851    7.97406         29 0.0000e+00
    757.000    747.798     0.3137  29.259750     0.3154  29.259253     4.6713     4.9138     0.0062    98.1497 1.0000e-12  -74.23024 -112.21596  21.390363      99.86 6.7702e+02   1034.386      24826  1031.2491  1031.2469    34.4886    34.4861    7.97353         29 0.0000e+00
    758.000    748.784     0.3158  29.262749     0.3182  29.262931     4.6729     4.9086     0.0069    98.1510 1.0000e-12  -74.23024 -112.21595  21.390377      99.87 6.7671e+02   1035.611      24856  1031.2544  1031.2522    34.4897    34.4872    7.97304         30 0.0000e+00
    759.000    749.770     0.3184  29.266486     0.3204  29.266150     4.6713     4.9120     0.0049    98.1269 1.0000e-12  -74.23024 -112.21594  21.390392      99.86 6.7772e+02   1036.857      24886  1031.2599  1031.2576    34.4910    34.4884    7.97242         30 0.0000e+00
    760.000    750.757     0.3236  29.273448     0.3254  29.272857     4.6710     4.9108    -0.0004    98.1551 1.0000e-12  -74.23024 -112.21592  21.390406      99.87 6.7701e+02   1038.090      24915  1031.2663  1031.2639    34.4937    34.4910    7.97119         29 0.0000e+00
    761.000    751.742     0.3270  29.277687     0.3290  29.277446     4.6759     4.9102    -0.0004    98.1549 1.0000e-12  -74.23024 -112.21594  21.390420      99.86 6.7738e+02   1039.309      24944  1031.2717  1031.2695    34.4950    34.4924    7.97043         29 0.0000e+00
    762.000    752.729     0.3276  29.278822     0.3297  29.278609     4.6722     4.9089    -0.0004    98.1674 1.0000e-12  -74.23024 -112.21592  21.390434      89.87 6.7842e+02   1040.513      24973  1031.2765  1031.2742    34.4952    34.4926    7.97029         29 0.0000e+00
