ocean_section_plots/required_files/ctd/dnbp2202_ctd013.cnv
* Sea-Bird SBE 9 Data File:
* FileName = D:\Data\raw\NBP2202_CTD013.hex
* Software Version Seasave V 7.26.7.121
* Temperature SN = 1649
* Conductivity SN = 2513
* Number of Bytes Per Scan = 40
* Number of Voltage Words = 5
* Number of Scans Averaged by the Deck Unit = 1
* NMEA Latitude = 73 05.18 S
* NMEA Longitude = 113 47.15 W
* NMEA UTC (Time) = Jan 17 2022  01:33:52
* NMEA baud rate = 9600
** Ship: RVIB N.B. Palmer
** Cruise: NBP2202 Thwaites
** Station: #8
** Operator: A. Robinson
# nquan = 25
# nvalues = 498                         
# units = specified
# name 0 = prDM: Pressure, Digiquartz [db]
# name 1 = depSM: Depth [salt water, m]
# name 2 = t090C: Temperature [ITS-90, deg C]
# name 3 = c0mS/cm: Conductivity [mS/cm]
# name 4 = t190C: Temperature, 2 [ITS-90, deg C]
# name 5 = c1mS/cm: Conductivity, 2 [mS/cm]
# name 6 = sbeox0ML/L: Oxygen, SBE 43 [ml/l]
# name 7 = sbeox1ML/L: Oxygen, SBE 43, 2 [ml/l]
# name 8 = flECO-AFL: Fluorescence, WET Labs ECO-AFL/FL [mg/m^3]
# name 9 = CStarTr0: Beam Transmission, WET Labs C-Star [%]
# name 10 = par: PAR/Irradiance, Biospherical/Licor
# name 11 = latitude: Latitude [deg]
# name 12 = longitude: Longitude [deg]
# name 13 = timeJ: Julian Days
# name 14 = altM: Altimeter [m]
# name 15 = spar: SPAR, Biospherical/Licor
# name 16 = timeS: Time, Elapsed [seconds]
# name 17 = scan: Scan Count
# name 18 = density00: Density [density, kg/m^3]
# name 19 = density11: Density, 2 [density, kg/m^3]
# name 20 = sal00: Salinity, Practical [PSU]
# name 21 = sal11: Salinity, Practical, 2 [PSU]
# name 22 = oxsolML/L: Oxygen Saturation, Garcia & Gordon [ml/l]
# name 23 = nbin: number of scans per bin
# name 24 = flag: flag
# span 0 =      2.000,    499.000       
# span 1 =      1.976,    493.255       
# span 2 =    -1.5429,     0.4657       
# span 3 =  27.060139,  29.322200       
# span 4 =    -1.5420,     0.4679       
# span 5 =  27.059883,  29.321900       
# span 6 =     4.5932,     8.6571       
# span 7 =     4.8650,     9.2072       
# span 8 =    -0.0181,    25.8741       
# span 9 =    70.8257,    97.8842       
# span 10 = -5.639e-06, 4.8156e+01      
# span 11 =  -73.08650,  -73.08648      
# span 12 = -113.78590, -113.78583      
# span 13 =  17.068078,  17.076968      
# span 14 =       4.91,     101.18      
# span 15 = 1.1600e+02, 2.7900e+02      
# span 16 =    249.949,   1018.027      
# span 17 =       6000,      24434      
# span 18 =  1027.2365,  1030.0766      
# span 19 =  1027.2355,  1030.0738      
# span 20 =    33.8846,    34.5500      
# span 21 =    33.8831,    34.5471      
# span 22 =    7.93880,    8.40384      
# span 23 =          8,         47      
# span 24 = 0.0000e+00, 0.0000e+00      
# interval = decibars: 1                
# start_time = Jan 17 2022 01:33:52 [NMEA time, header]
# bad_flag = -9.990e-29
*END*
[from data line 348]
    350.000    346.104    -0.3818  28.342875    -0.3792  28.342334     5.1111     5.4162     0.0021    97.6824 1.0000e-12  -73.08648 -113.78586  17.074216      99.84 2.6227e+02    780.265      18727  1029.2207  1029.2177    34.2948    34.2912    8.13075         35 0.0000e+00
    351.000    347.092    -0.3778  28.347197    -0.3756  28.346474     5.1046     5.4102     0.0124    97.6926 1.0000e-12  -73.08648 -113.78586  17.074234      99.91 2.6145e+02    781.835      18765  1029.2260  1029.2231    34.2955    34.2920    8.12986         39 0.0000e+00
    352.000    348.080    -0.3723  28.353275    -0.3699  28.352616     5.0929     5.4056    -0.0037    97.6863 1.0000e-12  -73.08648 -113.78586  17.074251      99.90 2.6109e+02    783.312      18800  1029.2317  1029.2287    34.2968    34.2933    8.12861         31 0.0000e+00
    353.000    349.067    -0.3653  28.361088    -0.3630  28.360414     5.0833     5.3946    -0.0065    97.6697 1.0000e-12  -73.08648 -113.78586  17.074264      99.91 2.6090e+02    784.451      18828  1029.2377  1029.2348    34.2988    34.2954    8.12700         23 0.0000e+00
    354.000    350.057    -0.3531  28.373760    -0.3508  28.373144     5.0871     5.3929     0.0070    97.6626 1.0000e-12  -73.08648 -113.78586  17.074276      99.90 2.6091e+02    785.418      18851  1029.2437  1029.2408    34.3014    34.2980    8.12425         25 0.0000e+00
    355.000    351.043    -0.3483  28.378679    -0.3462  28.377971     5.0792     5.3856     0.0049    97.6804 1.0000e-12  -73.08648 -113.78586  17.074289      99.92 2.6091e+02    786.595      18879  1029.2487  1029.2460    34.3020    34.2987    8.12319         32 0.0000e+00
    356.000    352.032    -0.3447  28.382784    -0.3425  28.381946     5.0713     5.3812     0.0015    97.6796 1.0000e-12  -73.08648 -113.78586  17.074305      99.91 2.6085e+02    787.984      18913  1029.2541  1029.2510    34.3028    34.2991    8.12238         33 0.0000e+00
    357.000    353.019    -0.3387  28.389369    -0.3364  28.388758     5.0742     5.3761    -0.0061    97.6646 1.0000e-12  -73.08648 -113.78586  17.074320      99.90 2.6058e+02    789.215      18942  1029.2597  1029.2568    34.3042    34.3008    8.12101         27 0.0000e+00
    358.000    354.009    -0.3339  28.394644    -0.3317  28.394011     5.0658     5.3693    -0.0053    97.6811 1.0000e-12  -73.08648 -113.78586  17.074332      99.90 2.5996e+02    790.255      18967  1029.2651  1029.2623    34.3053    34.3020    8.11993         24 0.0000e+00
    359.000    354.995    -0.3274  28.401660    -0.3253  28.400758     5.0581     5.3688    -0.0042    97.6751 1.0000e-12  -73.08648 -113.78588  17.074344      99.73 2.5968e+02    791.277      18992  1029.2706  1029.2676    34.3068    34.3031    8.11846         25 0.0000e+00
    360.000    355.984    -0.3117  28.418154    -0.3093  28.417412     5.0487     5.3553    -0.0043    97.6659 1.0000e-12  -73.08648 -113.78587  17.074358      99.84 2.5916e+02    792.538      19022  1029.2773  1029.2741    34.3105    34.3068    8.11490         37 0.0000e+00
    361.000    356.971    -0.3043  28.426208    -0.3019  28.425378     5.0374     5.3392     0.0222    97.6231 1.0000e-12  -73.08648 -113.78588  17.074377      99.91 2.5914e+02    794.128      19060  1029.2831  1029.2800    34.3122    34.3085    8.11321         36 0.0000e+00
    362.000    357.960    -0.2886  28.442630    -0.2865  28.441483     5.0309     5.3312     0.0051    97.6163 1.0000e-12  -73.08648 -113.78588  17.074392      99.90 2.5914e+02    795.459      19092  1029.2897  1029.2864    34.3159    34.3121    8.10966         28 0.0000e+00
    363.000    358.947    -0.2795  28.451878    -0.2775  28.451003     5.0321     5.3275    -0.0048    97.6459 1.0000e-12  -73.08648 -113.78586  17.074403      99.91 2.5922e+02    796.449      19116  1029.2951  1029.2922    34.3174    34.3140    8.10764         21 0.0000e+00
    364.000    359.936    -0.2756  28.456091    -0.2734  28.455584     5.0291     5.3264     0.0004    97.6424 1.0000e-12  -73.08648 -113.78588  17.074415      99.91 2.5872e+02    797.441      19140  1029.3002  1029.2975    34.3181    34.3149    8.10677         28 0.0000e+00
    365.000    360.922    -0.2721  28.460141    -0.2696  28.459546     5.0203     5.3189    -0.0002    97.6306 1.0000e-12  -73.08648 -113.78588  17.074433      99.91 2.5814e+02    798.968      19176  1029.3056  1029.3026    34.3189    34.3154    8.10599         37 0.0000e+00
    366.000    361.912    -0.2613  28.471587    -0.2586  28.470835     5.0103     5.3106     0.0077    97.6233 1.0000e-12  -73.08648 -113.78587  17.074452      99.91 2.5737e+02    800.654      19217  1029.3117  1029.3083    34.3214    34.3174    8.10353         33 0.0000e+00
    367.000    362.898    -0.2504  28.483073    -0.2482  28.482305     5.0108     5.3073     0.0026    97.6093 1.0000e-12  -73.08648 -113.78586  17.074466      99.91 2.5738e+02    801.829      19245  1029.3177  1029.3148    34.3239    34.3204    8.10108         23 0.0000e+00
    368.000    363.887    -0.2464  28.488357    -0.2443  28.487790     5.0069     5.3085    -0.0019    97.6111 1.0000e-12  -73.08648 -113.78586  17.074476      99.91 2.5738e+02    802.701      19266  1029.3238  1029.3212    34.3258    34.3228    8.10012         20 0.0000e+00
    369.000    364.877    -0.2451  28.490945    -0.2427  28.490587     5.0122     5.3088    -0.0057    97.6043 1.0000e-12  -73.08648 -113.78586  17.074486      99.90 2.5738e+02    803.571      19287  1029.3297  1029.3270    34.3272    34.3241    8.09977         23 0.0000e+00
    370.000    365.863    -0.2420  28.495048    -0.2398  28.494421     5.0143     5.3106    -0.0056    97.5985 1.0000e-12  -73.08648 -113.78587  17.074502      89.51 2.5738e+02    804.938      19320  1029.3355  1029.3327    34.3286    34.3253    8.09903         42 0.0000e+00
    371.000    366.852    -0.2433  28.495216    -0.2411  28.494670     5.0161     5.3178     0.0010    97.5961 1.0000e-12  -73.08648 -113.78586  17.074523      69.13 2.5663e+02    806.765      19363  1029.3415  1029.3388    34.3297    34.3265    8.09925         39 0.0000e+00
    372.000    367.836    -0.2425  28.497436    -0.2405  28.496886     5.0239     5.3181     0.0103    97.5862 1.0000e-12  -73.08648 -113.78586  17.074538      57.57 2.5582e+02    808.065      19395  1029.3475  1029.3449    34.3312    34.3282    8.09900         25 0.0000e+00
    373.000    368.830    -0.2419  28.499375    -0.2398  28.498774     5.0286     5.3204    -0.0133    97.5910 1.0000e-12  -73.08648 -113.78586  17.074549     100.01 2.5562e+02    809.003      19417  1029.3533  1029.3505    34.3325    34.3293    8.09880         21 0.0000e+00
    374.000    369.815    -0.2407  28.502915    -0.2386  28.502303     5.0282     5.3282    -0.0034    97.5612 1.0000e-12  -73.08648 -113.78586  17.074558      99.91 2.5562e+02    809.845      19437  1029.3602  1029.3574    34.3352    34.3320    8.09838         20 0.0000e+00
    375.000    370.803    -0.2412  28.503719    -0.2390  28.503150     5.0278     5.3248     0.0102    97.5514 1.0000e-12  -73.08648 -113.78586  17.074570      99.91 2.5562e+02    810.877      19462  1029.3659  1029.3631    34.3363    34.3330    8.09843         31 0.0000e+00
    376.000    371.791    -0.2388  28.507312    -0.2364  28.506776     5.0170     5.3176     0.0004    97.5798 1.0000e-12  -73.08648 -113.78586  17.074588      99.91 2.5479e+02    812.380      19498  1029.3717  1029.3688    34.3378    34.3344    8.09784         38 0.0000e+00
    377.000    372.779    -0.2352  28.511444    -0.2331  28.510652     5.0129     5.3122    -0.0112    97.5801 1.0000e-12  -73.08648 -113.78586  17.074608      99.90 2.5378e+02    814.102      19539  1029.3769  1029.3741    34.3386    34.3352    8.09703         36 0.0000e+00
    378.000    373.768    -0.2316  28.515498    -0.2296  28.514851     4.9912     5.2881     0.0040    97.5642 1.0000e-12  -73.08648 -113.78586  17.074623      99.90 2.5272e+02    815.406      19571  1029.3820  1029.3794    34.3393    34.3362    8.09620         27 0.0000e+00
    379.000    374.754    -0.2188  28.530126    -0.2156  28.529924     4.9737     5.2788    -0.0045    97.5373 1.0000e-12  -73.08648 -113.78586  17.074634      99.91 2.5289e+02    816.408      19595  1029.3893  1029.3860    34.3438    34.3399    8.09324         22 0.0000e+00
    380.000    375.744    -0.1908  28.557626    -0.1883  28.557118     4.9634     5.2638    -0.0049    97.5678 1.0000e-12  -73.08648 -113.78586  17.074645      89.75 2.5233e+02    817.329      19617  1029.3953  1029.3924    34.3483    34.3448    8.08704         24 0.0000e+00
    381.000    376.729    -0.1809  28.568019    -0.1784  28.567182     4.9423     5.2422     0.0021    97.5796 1.0000e-12  -73.08648 -113.78586  17.074660      95.99 2.5196e+02    818.586      19647  1029.4011  1029.3978    34.3504    34.3465    8.08483         37 0.0000e+00
    382.000    377.718    -0.1569  28.592294    -0.1539  28.591767     4.9292     5.2274    -0.0043    97.5802 1.0000e-12  -73.08648 -113.78586  17.074679      99.98 2.5086e+02    820.236      19687  1029.4079  1029.4045    34.3552    34.3511    8.07948         35 0.0000e+00
    383.000    378.706    -0.1497  28.599343    -0.1476  28.598354     4.9120     5.2042    -0.0100    97.5777 1.0000e-12  -73.08648 -113.78586  17.074695      99.91 2.5032e+02    821.641      19720  1029.4128  1029.4098    34.3558    34.3521    8.07792         29 0.0000e+00
    384.000    379.693    -0.1340  28.615597    -0.1306  28.615412     4.8987     5.1901     0.0002    97.5865 1.0000e-12  -73.08648 -113.78586  17.074708      99.91 2.5033e+02    822.738      19747  1029.4192  1029.4157    34.3592    34.3552    8.07442         23 0.0000e+00
    385.000    380.682    -0.1152  28.633954    -0.1126  28.633523     4.8945     5.1830    -0.0024    97.5803 1.0000e-12  -73.08648 -113.78586  17.074719      99.90 2.5033e+02    823.691      19770  1029.4246  1029.4216    34.3618    34.3584    8.07029         25 0.0000e+00
    386.000    381.670    -0.1042  28.645330    -0.1009  28.645339     4.8899     5.1779    -0.0050    97.5664 1.0000e-12  -73.08648 -113.78586  17.074732      99.91 2.4968e+02    824.837      19797  1029.4304  1029.4273    34.3640    34.3603    8.06785         31 0.0000e+00
    387.000    382.658    -0.1005  28.649095    -0.0980  28.648659     4.8814     5.1782    -0.0049    97.5512 1.0000e-12  -73.08648 -113.78585  17.074749      99.91 2.4855e+02    826.316      19833  1029.4354  1029.4325    34.3642    34.3608    8.06705         37 0.0000e+00
    388.000    383.645    -0.0971  28.652961    -0.0949  28.652176     4.8796     5.1762    -0.0119    97.5569 1.0000e-12  -73.08648 -113.78585  17.074766      99.91 2.4857e+02    827.746      19867  1029.4407  1029.4378    34.3649    34.3614    8.06629         31 0.0000e+00
    389.000    384.634    -0.0918  28.658966    -0.0898  28.657965     4.8746     5.1630    -0.0056    97.5672 1.0000e-12  -73.08648 -113.78585  17.074780      99.90 2.4857e+02    828.976      19896  1029.4464  1029.4434    34.3664    34.3628    8.06510         29 0.0000e+00
    390.000    385.621    -0.0847  28.666960    -0.0823  28.666297     4.8696     5.1584     0.0020    97.5846 1.0000e-12  -73.08648 -113.78584  17.074792      80.11 2.4857e+02    830.054      19922  1029.4523  1029.4493    34.3684    34.3649    8.06348         24 0.0000e+00
    391.000    386.609    -0.0786  28.673465    -0.0760  28.673054     4.8681     5.1551    -0.0072    97.5712 1.0000e-12  -73.08648 -113.78586  17.074805      90.32 2.4857e+02    831.156      19949  1029.4577  1029.4547    34.3696    34.3661    8.06213         30 0.0000e+00
    392.000    387.596    -0.0762  28.676257    -0.0737  28.675685     4.8649     5.1526    -0.0008    97.5647 1.0000e-12  -73.08648 -113.78585  17.074821     100.00 2.4857e+02    832.555      19982  1029.4627  1029.4598    34.3700    34.3665    8.06160         35 0.0000e+00
    393.000    388.585    -0.0683  28.684847    -0.0655  28.684437     4.8601     5.1451    -0.0037    97.5933 1.0000e-12  -73.08648 -113.78585  17.074838      99.90 2.4684e+02    833.974      20016  1029.4686  1029.4654    34.3720    34.3682    8.05983         33 0.0000e+00
    394.000    389.573    -0.0588  28.695018    -0.0559  28.694801     4.8442     5.1354    -0.0094    97.5982 1.0000e-12  -73.08648 -113.78586  17.074853      99.90 2.4680e+02    835.271      20048  1029.4744  1029.4714    34.3742    34.3706    8.05770         30 0.0000e+00
    395.000    390.560    -0.0401  28.714749    -0.0375  28.714000     4.8422     5.1248    -0.0030    97.6059 1.0000e-12  -73.08648 -113.78585  17.074868      99.91 2.4680e+02    836.610      20080  1029.4813  1029.4781    34.3787    34.3748    8.05350         35 0.0000e+00
    396.000    391.548    -0.0295  28.725613    -0.0272  28.724980     4.8386     5.1447    -0.0092    97.6117 1.0000e-12  -73.08648 -113.78585  17.074885      99.90 2.4680e+02    838.036      20114  1029.4870  1029.4841    34.3806    34.3772    8.05117         33 0.0000e+00
    397.000    392.536    -0.0290  28.726621    -0.0267  28.725980     4.8423     5.1341    -0.0040    97.6327 1.0000e-12  -73.08648 -113.78586  17.074900      99.91 2.4680e+02    839.364      20146  1029.4920  1029.4892    34.3808    34.3774    8.05105         30 0.0000e+00
    398.000    393.524    -0.0268  28.730078    -0.0244  28.729470     4.8532     5.1197    -0.0105    97.6132 1.0000e-12  -73.08648 -113.78586  17.074914      99.90 2.4680e+02    840.581      20175  1029.4980  1029.4950    34.3823    34.3788    8.05050         30 0.0000e+00
    399.000    394.511    -0.0323  28.727304    -0.0304  28.726572     4.8593     5.1457    -0.0033    97.6097 1.0000e-12  -73.08648 -113.78586  17.074930      99.90 2.4576e+02    841.933      20207  1029.5049  1029.5024    34.3842    34.3811    8.05155         35 0.0000e+00
    400.000    395.499    -0.0381  28.723117    -0.0360  28.722436     4.8604     5.1470    -0.0032    97.6031 1.0000e-12  -73.08648 -113.78586  17.074948      89.91 2.4556e+02    843.494      20245  1029.5107  1029.5079    34.3846    34.3813    8.05276         34 0.0000e+00
    401.000    396.486    -0.0378  28.724266    -0.0350  28.724187     4.8554     5.1469    -0.0122    97.6016 1.0000e-12  -73.08648 -113.78586  17.074965      95.57 2.4531e+02    844.963      20280  1029.5158  1029.5131    34.3851    34.3819    8.05265         32 0.0000e+00
    402.000    397.475    -0.0280  28.735629    -0.0250  28.735447     4.8511     5.1343    -0.0081    97.5712 1.0000e-12  -73.08648 -113.78586  17.074979     100.06 2.4550e+02    846.210      20310  1029.5225  1029.5195    34.3886    34.3851    8.05040         27 0.0000e+00
    403.000    398.462    -0.0213  28.743109    -0.0192  28.742476     4.8463     5.1359     0.0057    97.5571 1.0000e-12  -73.08648 -113.78586  17.074991      99.90 2.4527e+02    847.211      20334  1029.5282  1029.5255    34.3904    34.3872    8.04889         23 0.0000e+00
    404.000    399.452    -0.0142  28.750780    -0.0118  28.750333     4.8379     5.1326    -0.0016    97.5466 1.0000e-12  -73.08648 -113.78586  17.075002      99.90 2.4557e+02    848.208      20358  1029.5337  1029.5309    34.3920    34.3887    8.04731         26 0.0000e+00
    405.000    400.437    -0.0088  28.757079    -0.0060  28.756679     4.8301     5.1188    -0.0023    97.5190 1.0000e-12  -73.08648 -113.78586  17.075016      99.90 2.4517e+02    849.402      20387  1029.5394  1029.5362    34.3937    34.3900    8.04608         30 0.0000e+00
    406.000    401.426     0.0066  28.773155     0.0096  28.772673     4.8238     5.1116    -0.0025    97.5223 1.0000e-12  -73.08648 -113.78586  17.075034      99.21 2.4504e+02    850.923      20423  1029.5456  1029.5422    34.3971    34.3931    8.04265         39 0.0000e+00
