ocean_section_plots/required_files/ctd/dnbp2202_ctd098.cnv
* Sea-Bird SBE 9 Data File:
* FileName = D:\Data\raw\NBP2202_CTD098.hex
* Software Version Seasave V 7.26.7.121
* Temperature SN = 1649
* Conductivity SN = 2513
* Number of Bytes Per Scan = 40
* Number of Voltage Words = 5
* Number of Scans Averaged by the Deck Unit = 1
* NMEA Latitude = 74 10.51 S
* NMEA Longitude = 113 20.67 W
* NMEA UTC (Time) = Jan 27 2022  01:28:41
* NMEA baud rate = 9600
** Ship: RVIB N.B. Palmer
** Cruise: NBP2202 Thwaites
** Station: YoYo001
** Operator: A. Robinson
# nquan = 25
# nvalues = 608                         
# units = specified
# name 0 = prDM: Pressure, Digiquartz [db]
# name 1 = depSM: Depth [salt water, m]
# name 2 = t090C: Temperature [ITS-90, deg C]
# name 3 = c0mS/cm: Conductivity [mS/cm]
# name 4 = t190C: Temperature, 2 [ITS-90, deg C]
# name 5 = c1mS/cm: Conductivity, 2 [mS/cm]
# name 6 = sbeox0ML/L: Oxygen, SBE 43 [ml/l]
# name 7 = sbeox1ML/L: Oxygen, SBE 43, 2 [ml/l]
# name 8 = flECO-AFL: Fluorescence, WET Labs ECO-AFL/FL [mg/m^3]
# name 9 = CStarTr0: Beam Transmission, WET Labs C-Star [%]
# name 10 = par: PAR/Irradiance, Biospherical/Licor
# name 11 = latitude: Latitude [deg]
# name 12 = longitude: Longitude [deg]
# name 13 = timeJ: Julian Days
# name 14 = altM: Altimeter [m]
# name 15 = spar: SPAR, Biospherical/Licor
# name 16 = timeS: Time, Elapsed [seconds]
# name 17 = scan: Scan Count
# name 18 = density00: Density [density, kg/m^3]
# name 19 = density11: Density, 2 [density, kg/m^3]
# name 20 = sal00: Salinity, Practical [PSU]
# name 21 = sal11: Salinity, Practical, 2 [PSU]
# name 22 = oxsolML/L: Oxygen Saturation, Garcia & Gordon [ml/l]
# name 23 = nbin: number of scans per bin
# name 24 = flag: flag
# span 0 =     10.000,    617.000       
# span 1 =      9.898,    609.704       
# span 2 =    -1.5162,     0.0898       
# span 3 =  26.927871,  28.925445       
# span 4 =    -1.5152,     0.0931       
# span 5 =  26.927619,  28.925675       
# span 6 =     4.6837,     7.8781       
# span 7 =     4.7415,     7.7797       
# span 8 =    -0.0225,    20.4068       
# span 9 =    73.6316,    95.5182       
# span 10 = 1.0000e-12, 4.3869e+01      
# span 11 =  -74.17528,  -74.17528      
# span 12 = -113.34458, -113.34455      
# span 13 =  27.062111,  27.071587      
# span 14 =       4.45,     100.44      
# span 15 = 1.4323e+03, 1.7470e+03      
# span 16 =     45.343,    864.160      
# span 17 =       1089,      20741      
# span 18 =  1027.2337,  1030.5226      
# span 19 =  1027.2307,  1030.5205      
# span 20 =    33.7978,    34.3814      
# span 21 =    33.7971,    34.3781      
# span 22 =    8.02610,    8.40794      
# span 23 =         17,         49      
# span 24 = 0.0000e+00, 0.0000e+00      
# interval = decibars: 1                
# start_time = Jan 27 2022 01:28:41 [NMEA time, header]
# bad_flag = -9.990e-29
*END*
[from data line 174]
    184.000    182.015    -1.0944  27.454191    -1.0909  27.454984     5.3335     5.3963    -0.0138    95.4278 1.0000e-12  -74.17528 -113.34457  27.064800      99.87 1.6712e+03    277.720       6666  1028.2288  1028.2263    33.9999    33.9971    8.30295         28 0.0000e+00
    185.000    183.004    -1.0926  27.456059    -1.0913  27.455195     5.3201     5.3905    -0.0142    95.4205 1.0000e-12  -74.17528 -113.34457  27.064813      99.87 1.6712e+03    278.883       6694  1028.2334  1028.2312    33.9998    33.9972    8.30256         28 0.0000e+00
    186.000    183.992    -1.0866  27.461665    -1.0863  27.460187     5.2841     5.3579    -0.0145    95.4177 1.0000e-12  -74.17528 -113.34458  27.064827      98.16 1.6701e+03    280.049       6722  1028.2380  1028.2361    34.0002    33.9977    8.30122         28 0.0000e+00
    187.000    184.982    -1.0696  27.477068    -1.0671  27.476704     5.2552     5.3422    -0.0121    95.4292 1.0000e-12  -74.17528 -113.34458  27.064840      99.65 1.6695e+03    281.196       6750  1028.2425  1028.2397    34.0013    33.9980    8.29739         27 0.0000e+00
    188.000    185.969    -1.0552  27.489509    -1.0536  27.488893     5.2520     5.3472    -0.0057    95.4280 1.0000e-12  -74.17528 -113.34456  27.064853      99.87 1.6697e+03    282.321       6777  1028.2464  1028.2442    34.0013    33.9987    8.29419         26 0.0000e+00
    189.000    186.959    -1.0547  27.490543    -1.0599  27.484388     5.2714     5.3552    -0.0039    95.4264 1.0000e-12  -74.17528 -113.34456  27.064866      99.86 1.6684e+03    283.434       6803  1028.2515  1028.2499    34.0015    33.9991    8.29407         27 0.0000e+00
    190.000    187.947    -1.0702  27.477724    -1.0693  27.476818     5.2859     5.3566    -0.0051    95.4398 1.0000e-12  -74.17528 -113.34457  27.064879      99.86 1.6677e+03    284.566       6831  1028.2569  1028.2551    34.0010    33.9988    8.29753         28 0.0000e+00
    191.000    188.936    -1.0748  27.474299    -1.0744  27.472886     5.2821     5.3562    -0.0182    95.4406 1.0000e-12  -74.17528 -113.34458  27.064893      99.87 1.6665e+03    285.731       6859  1028.2620  1028.2601    34.0009    33.9985    8.29855         28 0.0000e+00
    192.000    189.923    -1.0697  27.479671    -1.0678  27.479223     5.2800     5.3527    -0.0184    95.4509 1.0000e-12  -74.17528 -113.34458  27.064906      99.87 1.6659e+03    286.901       6887  1028.2672  1028.2649    34.0018    33.9991    8.29737         26 0.0000e+00
    193.000    190.914    -1.0649  27.484763    -1.0631  27.484223     5.2987     5.3608    -0.0186    95.4358 1.0000e-12  -74.17528 -113.34457  27.064920      99.87 1.6659e+03    288.056       6914  1028.2724  1028.2701    34.0027    34.0000    8.29626         27 0.0000e+00
    194.000    191.901    -1.0607  27.489814    -1.0604  27.488564     5.3066     5.3805    -0.0225    95.4389 1.0000e-12  -74.17528 -113.34458  27.064933      99.87 1.6660e+03    289.181       6941  1028.2782  1028.2766    34.0043    34.0022    8.29524         27 0.0000e+00
    195.000    192.891    -1.0734  27.481260    -1.0711  27.481544     5.3220     5.3946    -0.0221    95.4456 1.0000e-12  -74.17528 -113.34456  27.064946      99.87 1.6654e+03    290.304       6968  1028.2856  1028.2836    34.0064    34.0041    8.29793         27 0.0000e+00
    196.000    193.879    -1.0788  27.477392    -1.0774  27.476990     5.3293     5.4035    -0.0177    95.4377 1.0000e-12  -74.17528 -113.34458  27.064959      99.86 1.6644e+03    291.437       6995  1028.2909  1028.2891    34.0066    34.0044    8.29911         27 0.0000e+00
    197.000    194.868    -1.0837  27.473930    -1.0822  27.473474     5.3420     5.4105    -0.0147    95.4482 1.0000e-12  -74.17528 -113.34457  27.064972      80.54 1.6642e+03    292.588       7023  1028.2962  1028.2942    34.0068    34.0044    8.30019         28 0.0000e+00
    198.000    195.856    -1.0866  27.472063    -1.0847  27.472014     5.3484     5.4212    -0.0198    95.4471 1.0000e-12  -74.17528 -113.34457  27.064985      97.08 1.6642e+03    293.735       7051  1028.3012  1028.2993    34.0069    34.0047    8.30082         28 0.0000e+00
    199.000    196.846    -1.0904  27.469602    -1.0879  27.469980     5.3554     5.4299    -0.0156    95.4552 1.0000e-12  -74.17528 -113.34457  27.064999      99.82 1.6642e+03    294.878       7078  1028.3064  1028.3044    34.0072    34.0049    8.30164         28 0.0000e+00
    200.000    197.836    -1.0917  27.469105    -1.0910  27.467940     5.3577     5.4401    -0.0070    95.4634 1.0000e-12  -74.17528 -113.34457  27.065012      99.87 1.6642e+03    296.023       7106  1028.3114  1028.3094    34.0074    34.0050    8.30191         25 0.0000e+00
    201.000    198.822    -1.0951  27.467069    -1.0944  27.465975     5.3677     5.4430    -0.0074    95.4532 1.0000e-12  -74.17528 -113.34458  27.065025      99.86 1.6642e+03    297.157       7133  1028.3167  1028.3149    34.0078    34.0056    8.30264         27 0.0000e+00
    202.000    199.811    -1.0998  27.463975    -1.0974  27.464369     5.3728     5.4511    -0.0205    95.4674 1.0000e-12  -74.17528 -113.34456  27.065038      99.87 1.6642e+03    298.291       7160  1028.3221  1028.3202    34.0083    34.0061    8.30365         27 0.0000e+00
    203.000    200.801    -1.1018  27.462721    -1.1001  27.462647     5.3708     5.4537    -0.0153    95.4646 1.0000e-12  -74.17528 -113.34458  27.065051      99.86 1.6642e+03    299.419       7187  1028.3270  1028.3253    34.0083    34.0063    8.30411         27 0.0000e+00
    204.000    201.789    -1.1035  27.462108    -1.1017  27.461851     5.3769     5.4546    -0.0220    95.4791 1.0000e-12  -74.17528 -113.34457  27.065064      99.87 1.6624e+03    300.548       7214  1028.3321  1028.3301    34.0087    34.0063    8.30445         28 0.0000e+00
    205.000    202.778    -1.1042  27.461934    -1.1020  27.462058     5.3779     5.4569    -0.0219    95.4884 1.0000e-12  -74.17528 -113.34457  27.065078      99.87 1.6624e+03    301.706       7242  1028.3369  1028.3349    34.0087    34.0064    8.30462         27 0.0000e+00
    206.000    203.767    -1.1039  27.462795    -1.1020  27.462620     5.3741     5.4515    -0.0211    95.4903 1.0000e-12  -74.17528 -113.34457  27.065091      99.87 1.6624e+03    302.874       7270  1028.3418  1028.3397    34.0089    34.0065    8.30454         29 0.0000e+00
    207.000    204.755    -1.1026  27.464345    -1.1016  27.463554     5.3776     5.4632    -0.0147    95.5042 1.0000e-12  -74.17528 -113.34457  27.065104      99.87 1.6624e+03    304.016       7297  1028.3465  1028.3447    34.0089    34.0067    8.30425         26 0.0000e+00
    208.000    205.743    -1.1053  27.462780    -1.1043  27.461838     5.3883     5.4692    -0.0158    95.4854 1.0000e-12  -74.17528 -113.34458  27.065117      77.45 1.6624e+03    305.136       7324  1028.3516  1028.3496    34.0092    34.0068    8.30482         27 0.0000e+00
    209.000    206.732    -1.1098  27.458977    -1.1111  27.456261     5.3938     5.4756    -0.0208    95.4894 1.0000e-12  -74.17528 -113.34456  27.065130      94.69 1.6624e+03    306.253       7351  1028.3561  1028.3544    34.0084    34.0062    8.30586         27 0.0000e+00
    210.000    207.722    -1.1160  27.454032    -1.1161  27.452271     5.3911     5.4704    -0.0150    95.4812 1.0000e-12  -74.17528 -113.34458  27.065143      99.83 1.6624e+03    307.388       7378  1028.3610  1028.3592    34.0081    34.0058    8.30726         28 0.0000e+00
    211.000    208.709    -1.1183  27.452466    -1.1182  27.451013     5.4119     5.4896    -0.0150    95.4921 1.0000e-12  -74.17528 -113.34457  27.065157      99.87 1.6624e+03    308.531       7406  1028.3657  1028.3640    34.0080    34.0058    8.30778         27 0.0000e+00
    212.000    209.698    -1.1205  27.450995    -1.1190  27.450731     5.4288     5.5040    -0.0150    95.5022 1.0000e-12  -74.17528 -113.34457  27.065170      99.87 1.6624e+03    309.685       7433  1028.3705  1028.3687    34.0078    34.0057    8.30827         28 0.0000e+00
    213.000    210.687    -1.1289  27.446650    -1.1268  27.447017     5.3896     5.4775    -0.0176    95.4995 1.0000e-12  -74.17528 -113.34456  27.065183      99.87 1.6624e+03    310.838       7461  1028.3782  1028.3765    34.0108    34.0089    8.30997         28 0.0000e+00
    214.000    211.676    -1.1069  27.470635    -1.1047  27.469345     5.3519     5.4376    -0.0191    95.4961 1.0000e-12  -74.17528 -113.34456  27.065197      99.87 1.6624e+03    311.980       7489  1028.3872  1028.3836    34.0181    34.0137    8.30467         27 0.0000e+00
    215.000    212.664    -1.0545  27.520737    -1.0518  27.520368     5.3378     5.4231    -0.0147    95.4999 1.0000e-12  -74.17528 -113.34456  27.065210      99.86 1.6624e+03    313.121       7516  1028.3952  1028.3922    34.0265    34.0229    8.29257         27 0.0000e+00
    216.000    213.653    -1.0472  27.527711    -1.0443  27.528427     5.3343     5.4204    -0.0150    95.5180 1.0000e-12  -74.17528 -113.34456  27.065223      99.87 1.6624e+03    314.254       7543  1028.4002  1028.3981    34.0271    34.0247    8.29092         27 0.0000e+00
    217.000    214.641    -1.0482  27.527192    -1.0476  27.525813     5.3350     5.4161    -0.0186    95.5018 1.0000e-12  -74.17528 -113.34456  27.065236      99.87 1.6624e+03    315.377       7570  1028.4051  1028.4030    34.0269    34.0243    8.29115         27 0.0000e+00
    218.000    215.630    -1.0504  27.525588    -1.0487  27.525211     5.3355     5.4195    -0.0224    95.5182 1.0000e-12  -74.17528 -113.34456  27.065249      99.87 1.6624e+03    316.512       7597  1028.4099  1028.4079    34.0265    34.0241    8.29165         27 0.0000e+00
    219.000    216.618    -1.0494  27.527083    -1.0487  27.525588     5.3234     5.4040    -0.0224    95.5160 1.0000e-12  -74.17528 -113.34456  27.065262      99.86 1.6623e+03    317.670       7625  1028.4150  1028.4127    34.0269    34.0240    8.29142         28 0.0000e+00
    220.000    217.609    -1.0439  27.532621    -1.0424  27.531925     5.3074     5.3883    -0.0173    95.5058 1.0000e-12  -74.17528 -113.34456  27.065276      80.25 1.6615e+03    318.824       7653  1028.4202  1028.4179    34.0276    34.0249    8.29016         28 0.0000e+00
    221.000    218.596    -1.0342  27.542093    -1.0319  27.542008     5.3073     5.3934    -0.0148    95.4977 1.0000e-12  -74.17528 -113.34456  27.065289      94.20 1.6607e+03    319.968       7680  1028.4254  1028.4231    34.0289    34.0262    8.28794         28 0.0000e+00
    222.000    219.585    -1.0301  27.546557    -1.0282  27.546285     5.2697     5.3636    -0.0144    95.5032 1.0000e-12  -74.17528 -113.34456  27.065302      99.82 1.6606e+03    321.096       7707  1028.4307  1028.4286    34.0297    34.0272    8.28698         26 0.0000e+00
    223.000    220.573    -1.0241  27.553229    -1.0219  27.552518     5.2053     5.3072    -0.0202    95.5084 1.0000e-12  -74.17528 -113.34456  27.065315      99.87 1.6606e+03    322.203       7734  1028.4366  1028.4337    34.0314    34.0280    8.28556         27 0.0000e+00
    224.000    221.562    -0.9746  27.600645    -0.9689  27.601720     5.1660     5.2714    -0.0164    95.5009 1.0000e-12  -74.17528 -113.34456  27.065328      99.87 1.6606e+03    323.329       7761  1028.4444  1028.4401    34.0393    34.0344    8.27418         27 0.0000e+00
    225.000    222.550    -0.9255  27.645879    -0.9225  27.645834     5.1027     5.2058    -0.0140    95.4839 1.0000e-12  -74.17528 -113.34456  27.065341      99.86 1.6606e+03    324.475       7788  1028.4504  1028.4475    34.0447    34.0413    8.26306         28 0.0000e+00
    226.000    223.539    -0.9154  27.656629    -0.9097  27.657902     5.0425     5.1415    -0.0205    95.4760 1.0000e-12  -74.17528 -113.34456  27.065354      99.86 1.6591e+03    325.626       7816  1028.4571  1028.4530    34.0474    34.0427    8.26071         27 0.0000e+00
    227.000    224.527    -0.8368  27.728898    -0.8338  27.728347     5.0245     5.1144    -0.0078    95.4774 1.0000e-12  -74.17528 -113.34456  27.065368      99.87 1.6577e+03    326.767       7843  1028.4636  1028.4601    34.0560    34.0518    8.24295         28 0.0000e+00
    228.000    225.517    -0.8306  27.734837    -0.8285  27.734329     5.0210     5.1105    -0.0064    95.4713 1.0000e-12  -74.17528 -113.34456  27.065381      99.87 1.6574e+03    327.902       7871  1028.4689  1028.4664    34.0564    34.0534    8.24157         27 0.0000e+00
    229.000    226.505    -0.8274  27.738313    -0.8254  27.737655     5.0245     5.1047    -0.0147    95.4437 1.0000e-12  -74.17528 -113.34456  27.065394      99.87 1.6575e+03    329.039       7898  1028.4745  1028.4719    34.0569    34.0538    8.24085         27 0.0000e+00
    230.000    227.493    -0.8245  27.741481    -0.8224  27.741039     5.0279     5.1052    -0.0218    95.4333 1.0000e-12  -74.17528 -113.34456  27.065407      99.87 1.6571e+03    330.183       7925  1028.4799  1028.4775    34.0573    34.0544    8.24019         28 0.0000e+00
    231.000    228.481    -0.8233  27.742880    -0.8214  27.742320     5.0286     5.1079    -0.0208    95.4305 1.0000e-12  -74.17528 -113.34456  27.065421      99.87 1.6571e+03    331.342       7953  1028.4851  1028.4826    34.0573    34.0544    8.23994         28 0.0000e+00
    232.000    229.469    -0.8230  27.743461    -0.8212  27.742811     5.0285     5.1063    -0.0213    95.3935 1.0000e-12  -74.17528 -113.34456  27.065434      90.80 1.6571e+03    332.487       7981  1028.4901  1028.4876    34.0571    34.0542    8.23988         27 0.0000e+00
    233.000    230.460    -0.8220  27.744435    -0.8200  27.744218     5.0264     5.1078    -0.0199    95.3732 1.0000e-12  -74.17528 -113.34456  27.065447      99.79 1.6571e+03    333.616       8008  1028.4948  1028.4926    34.0567    34.0541    8.23969         27 0.0000e+00
    234.000    231.446    -0.8198  27.747263    -0.8180  27.746535     5.0268     5.1015    -0.0137    95.3702 1.0000e-12  -74.17528 -113.34456  27.065460      99.87 1.6571e+03    334.749       8035  1028.5003  1028.4977    34.0575    34.0544    8.23917         27 0.0000e+00
    235.000    232.436    -0.8125  27.755342    -0.8101  27.754875     5.0222     5.0944    -0.0128    95.3479 1.0000e-12  -74.17528 -113.34456  27.065473      99.87 1.6571e+03    335.892       8062  1028.5064  1028.5036    34.0595    34.0562    8.23744         27 0.0000e+00
    236.000    233.424    -0.8111  27.756966    -0.8093  27.756411     5.0247     5.0976    -0.0182    95.3367 1.0000e-12  -74.17528 -113.34456  27.065486      99.87 1.6571e+03    337.023       8090  1028.5113  1028.5090    34.0595    34.0567    8.23714         28 0.0000e+00
    237.000    234.412    -0.8116  27.757018    -0.8098  27.756460     5.0326     5.0965    -0.0148    95.3265 1.0000e-12  -74.17528 -113.34456  27.065499      99.87 1.6569e+03    338.146       8117  1028.5163  1028.5141    34.0595    34.0568    8.23724         27 0.0000e+00
    238.000    235.402    -0.8120  27.757058    -0.8100  27.756657     5.0377     5.0972    -0.0176    95.3061 1.0000e-12  -74.17528 -113.34456  27.065512      99.87 1.6565e+03    339.273       8144  1028.5213  1028.5189    34.0595    34.0567    8.23734         26 0.0000e+00
    239.000    236.390    -0.8119  27.757486    -0.8099  27.757158     5.0336     5.0960    -0.0158    95.3017 1.0000e-12  -74.17528 -113.34456  27.065526      99.86 1.6554e+03    340.412       8171  1028.5260  1028.5238    34.0593    34.0566    8.23732         28 0.0000e+00
    240.000    237.379    -0.8120  27.757901    -0.8101  27.757310     5.0329     5.1009    -0.0214    95.2944 1.0000e-12  -74.17528 -113.34456  27.065539      99.87 1.6553e+03    341.572       8199  1028.5310  1028.5286    34.0594    34.0564    8.23734         28 0.0000e+00
