ocean_section_plots/required_files/ctd/dnbp2202_ctd141.cnv
* Sea-Bird SBE 9 Data File:
* FileName = D:\Data\raw\NBP2202_CTD140.hex
* Software Version Seasave V 7.26.7.121
* Temperature SN = 1649
* Conductivity SN = 2513
* Number of Bytes Per Scan = 40
* Number of Voltage Words = 5
* Number of Scans Averaged by the Deck Unit = 1
* NMEA Latitude = 74 06.99 S
* NMEA Longitude = 112 39.88 W
* NMEA UTC (Time) = Jan 30 2022  04:54:44
* NMEA baud rate = 9600
** Ship: RVIB N.B. Palmer
** Cruise: NBP2202 Thwaites
** Station: 69
** Operator: B. Bjork
# nquan = 28
# nvalues = 932                         
# units = specified
# name 0 = prDM: Pressure, Digiquartz [db]
# name 1 = depSM: Depth [salt water, m]
# name 2 = t090C: Temperature [ITS-90, deg C]
# name 3 = c0mS/cm: Conductivity [mS/cm]
# name 4 = t190C: Temperature, 2 [ITS-90, deg C]
# name 5 = c1mS/cm: Conductivity, 2 [mS/cm]
# name 6 = sbeox0ML/L: Oxygen, SBE 43 [ml/l]
# name 7 = sbeox1ML/L: Oxygen, SBE 43, 2 [ml/l]
# name 8 = flECO-AFL: Fluorescence, WET Labs ECO-AFL/FL [mg/m^3]
# name 9 = CStarTr0: Beam Transmission, WET Labs C-Star [%]
# name 10 = par: PAR/Irradiance, Biospherical/Licor
# name 11 = latitude: Latitude [deg]
# name 12 = longitude: Longitude [deg]
# name 13 = timeJ: Julian Days
# name 14 = altM: Altimeter [m]
# name 15 = spar: SPAR, Biospherical/Licor
# name 16 = timeS: Time, Elapsed [seconds]
# name 17 = scan: Scan Count
# name 18 = density00: Density [density, kg/m^3]
# name 19 = density11: Density, 2 [density, kg/m^3]
# name 20 = v3: Voltage 3
# name 21 = v4: Voltage 4
# name 22 = v5: Voltage 5
# name 23 = sal00: Salinity, Practical [PSU]
# name 24 = sal11: Salinity, Practical, 2 [PSU]
# name 25 = oxsolML/L: Oxygen Saturation, Garcia & Gordon [ml/l]
# name 26 = nbin: number of scans per bin
# name 27 = flag: flag
# span 0 =      2.000,    933.000       
# span 1 =      1.975,    921.266       
# span 2 =    -1.5133,     0.4637       
# span 3 =  27.079659,  29.502143       
# span 4 =    -1.5131,     0.4653       
# span 5 =  27.077027,  29.501230       
# span 6 =     4.5987,     9.2010       
# span 7 =     4.6828,     9.4625       
# span 8 =    -0.0179,    29.4555       
# span 9 =    66.3432,    94.2260       
# span 10 = -1.942e-06, 2.6337e+01      
# span 11 =  -74.11662,  -74.11662      
# span 12 = -112.66469, -112.66464      
# span 13 =  30.206954,  30.220776      
# span 14 =       5.29,     100.08      
# span 15 = 7.0065e+01, 8.1827e+01      
# span 16 =    196.859,   1391.039      
# span 17 =       4726,      33386      
# span 18 =  1027.1786,  1032.0979      
# span 19 =  1027.1799,  1032.0956      
# span 20 =     3.1479,     4.4700      
# span 21 =     0.0642,     4.4378      
# span 22 =     0.1152,     0.2721      
# span 23 =    33.8018,    34.5375      
# span 24 =    33.8023,    34.5346      
# span 25 =    7.93989,    8.39688      
# span 26 =          6,         47      
# span 27 = 0.0000e+00, 0.0000e+00      
# interval = decibars: 1                
# start_time = Jan 30 2022 04:54:44 [NMEA time, header]
# bad_flag = -9.990e-29
*END*
[from data line 52]
     54.000     53.435    -0.8179  27.498263    -0.8189  27.497772     8.3734     8.6210    22.3310    69.1605 1.0000e-12  -74.11662 -112.66466  30.208096      99.98 7.4041e+01    295.472       7092  1027.4569  1027.4573     3.2815     3.3333     0.2040    33.8287    33.8291    8.25208         33 0.0000e+00
     55.000     54.424    -0.8210  27.496734    -0.8206  27.496854     8.2906     8.5459    23.0517    69.0258 1.0000e-12  -74.11662 -112.66466  30.208111      99.97 7.4041e+01    296.824       7125  1027.4623  1027.4621     3.2751     3.5654     0.2379    33.8293    33.8291    8.25270         33 0.0000e+00
     56.000     55.413    -0.8346  27.487278    -0.8340  27.488187     8.1595     8.4342    22.7024    67.5168 1.0000e-12  -74.11662 -112.66466  30.208128      99.98 7.4041e+01    298.215       7158  1027.4694  1027.4698     3.2035     3.4253     0.2614    33.8312    33.8318    8.25558         33 0.0000e+00
     57.000     56.403    -0.8824  27.452363    -0.8829  27.452913     8.0977     8.3624    23.2810    68.1993 1.0000e-12  -74.11662 -112.66466  30.208142      99.99 7.4041e+01    299.508       7189  1027.4819  1027.4830     3.2359     3.3439     0.2445    33.8370    33.8383    8.26574         30 0.0000e+00
     58.000     57.392    -0.8937  27.443975    -0.8947  27.443602     8.0312     8.2852    21.6295    68.7454 1.0000e-12  -74.11662 -112.66466  30.208157      92.80 7.4041e+01    300.778       7220  1027.4876  1027.4881     3.2618     3.2622     0.2120    33.8376    33.8382    8.26818         30 0.0000e+00
     59.000     58.381    -0.9079  27.434007    -0.9081  27.434168     7.9123     8.1706    20.6689    69.4092 1.0000e-12  -74.11662 -112.66466  30.208172     100.02 7.4041e+01    302.047       7250  1027.4944  1027.4948     3.2932     3.1594     0.2547    33.8394    33.8399    8.27120         31 0.0000e+00
     60.000     59.370    -0.9341  27.416731    -0.9344  27.417114     7.7790     8.0513    18.6001    68.8275 1.0000e-12  -74.11662 -112.66466  30.208186      99.98 7.4041e+01    303.287       7280  1027.5050  1027.5057     3.2656     3.0762     0.2668    33.8448    33.8457    8.27666         29 0.0000e+00
     61.000     60.361    -0.9680  27.392072    -0.9696  27.391714     7.6653     7.9320    19.2892    69.0421 1.0000e-12  -74.11662 -112.66466  30.208200      99.97 7.4041e+01    304.482       7309  1027.5149  1027.5160     3.2759     3.1506     0.2580    33.8488    33.8501    8.28389         29 0.0000e+00
     62.000     61.349    -1.0000  27.370275    -1.0002  27.370609     7.5471     7.8041    19.8608    70.7204 1.0000e-12  -74.11662 -112.66466  30.208214      99.99 7.4041e+01    305.674       7337  1027.5259  1027.5265     3.3553     3.1179     0.2239    33.8545    33.8552    8.29062         28 0.0000e+00
     63.000     62.339    -1.0136  27.361844    -1.0126  27.363421     7.3865     7.6574    19.7227    69.7758 1.0000e-12  -74.11662 -112.66466  30.208227      99.96 7.4041e+01    306.853       7365  1027.5337  1027.5344     3.3106     3.1557     0.2343    33.8577    33.8587    8.29343         28 0.0000e+00
     64.000     63.328    -1.0606  27.326158    -1.0630  27.325336     7.2703     7.5506    19.7985    69.6093 1.0000e-12  -74.11662 -112.66466  30.208241      99.99 7.4041e+01    308.026       7394  1027.5440  1027.5455     3.3028     3.1192     0.2204    33.8614    33.8630    8.30361         28 0.0000e+00
     65.000     64.318    -1.0980  27.297469    -1.0972  27.298719     7.2372     7.4905    18.6820    70.1613 1.0000e-12  -74.11662 -112.66466  30.208255      99.94 7.4041e+01    309.218       7422  1027.5525  1027.5531     3.3289     2.9773     0.2034    33.8638    33.8646    8.31176         29 0.0000e+00
     66.000     65.307    -1.0985  27.299182    -1.0991  27.299044     7.2015     7.4446    18.8530    70.4551 1.0000e-12  -74.11662 -112.66466  30.208269      99.93 7.4041e+01    310.403       7451  1027.5586  1027.5590     3.3430     2.9097     0.2181    33.8661    33.8667    8.31173         28 0.0000e+00
     67.000     66.296    -1.1211  27.282301    -1.1229  27.281196     7.2002     7.4335    18.3493    71.6367 1.0000e-12  -74.11662 -112.66466  30.208282      99.91 7.4041e+01    311.572       7479  1027.5657  1027.5662     3.3987     2.8544     0.2213    33.8679    33.8684    8.31664         28 0.0000e+00
     68.000     67.285    -1.1317  27.275820    -1.1318  27.276136     7.2329     7.4511    16.6694    71.1860 1.0000e-12  -74.11662 -112.66466  30.208296      99.97 7.4041e+01    312.758       7507  1027.5727  1027.5730     3.3776     2.9352     0.2334    33.8704    33.8709    8.31885         29 0.0000e+00
     69.000     68.275    -1.1222  27.286838    -1.1224  27.286876     7.2506     7.4495    16.6731    73.3556 1.0000e-12  -74.11662 -112.66466  30.208310      99.69 7.4041e+01    313.959       7536  1027.5793  1027.5795     3.4803     2.7138     0.2195    33.8741    33.8745    8.31652         29 0.0000e+00
     70.000     69.264    -1.1251  27.287253    -1.1254  27.287360     7.2269     7.4224    15.5128    72.9794 1.0000e-12  -74.11662 -112.66466  30.208323      99.90 7.4041e+01    315.141       7564  1027.5865  1027.5869     3.4625     2.7029     0.1966    33.8774    33.8778    8.31698         28 0.0000e+00
     71.000     70.253    -1.1365  27.279977    -1.1374  27.279844     7.1786     7.3789    15.9031    73.4854 1.0000e-12  -74.11662 -112.66466  30.208337      99.85 7.4041e+01    316.330       7593  1027.5935  1027.5943     3.4865     2.5811     0.1966    33.8796    33.8806    8.31937         29 0.0000e+00
     72.000     71.243    -1.1500  27.271313    -1.1510  27.270855     7.1280     7.3330    16.0661    73.5558 1.0000e-12  -74.11662 -112.66466  30.208351      99.75 7.4041e+01    317.516       7621  1027.6012  1027.6016     3.4899     2.4842     0.1833    33.8825    33.8830    8.32221         28 0.0000e+00
     73.000     72.231    -1.1713  27.258099    -1.1715  27.258240     7.0837     7.2890    16.1068    72.5998 1.0000e-12  -74.11662 -112.66466  30.208364      99.90 7.4041e+01    318.685       7649  1027.6112  1027.6116     3.4447     2.6652     0.2007    33.8878    33.8882    8.32663         28 0.0000e+00
     74.000     73.222    -1.1837  27.250578    -1.1843  27.250680     7.0396     7.2456    15.5714    74.0779 1.0000e-12  -74.11662 -112.66467  30.208378      99.79 7.4041e+01    319.855       7678  1027.6190  1027.6197     3.5145     2.5018     0.2162    33.8910    33.8918    8.32921         28 0.0000e+00
     75.000     74.211    -1.2018  27.238337    -1.2023  27.238379     7.0114     7.2100    14.4926    73.7357 1.0000e-12  -74.11662 -112.66467  30.208392      99.68 7.4041e+01    321.026       7706  1027.6270  1027.6276     3.4984     2.3684     0.2018    33.8940    33.8947    8.33305         28 0.0000e+00
     76.000     75.200    -1.2105  27.232174    -1.2111  27.232272     6.9910     7.1880    13.6366    74.7408 1.0000e-12  -74.11662 -112.66468  30.208405      99.49 7.4041e+01    322.181       7733  1027.6327  1027.6333     3.5462     2.1498     0.2031    33.8948    33.8956    8.33495         28 0.0000e+00
     77.000     76.189    -1.2157  27.228576    -1.2160  27.228878     6.9625     7.1592    12.8830    76.2378 1.0000e-12  -74.11662 -112.66468  30.208418      99.51 7.4041e+01    323.349       7761  1027.6376  1027.6382     3.6169     2.1958     0.2098    33.8951    33.8958    8.33608         28 0.0000e+00
     78.000     77.178    -1.2294  27.220682    -1.2290  27.221243     6.9288     7.1245    12.2386    76.1267 1.0000e-12  -74.11662 -112.66468  30.208432      99.44 7.4041e+01    324.539       7790  1027.6462  1027.6465     3.6118     2.0451     0.2060    33.8992    33.8995    8.33890         29 0.0000e+00
     79.000     78.167    -1.2410  27.213413    -1.2417  27.213293     6.8983     7.0947    13.4300    76.0453 1.0000e-12  -74.11662 -112.66468  30.208446      99.08 7.4041e+01    325.710       7818  1027.6535  1027.6541     3.6079     1.8793     0.1970    33.9017    33.9024    8.34134         27 0.0000e+00
     80.000     79.157    -1.2532  27.205047    -1.2535  27.205284     6.8757     7.0693    14.4276    76.0145 1.0000e-12  -74.11662 -112.66468  30.208459      91.87 7.4041e+01    326.879       7846  1027.6602  1027.6607     3.6065     1.8903     0.1820    33.9035    33.9041    8.34397         29 0.0000e+00
     81.000     80.146    -1.2623  27.199824    -1.2625  27.199974     6.8529     7.0447    12.7563    77.9010 1.0000e-12  -74.11662 -112.66468  30.208473      97.87 7.4041e+01    328.089       7875  1027.6672  1027.6676     3.6959     2.0321     0.1808    33.9060    33.9064    8.34585         29 0.0000e+00
     82.000     81.136    -1.2683  27.196465    -1.2683  27.196634     6.8216     7.0115    11.5324    77.6662 1.0000e-12  -74.11662 -112.66468  30.208487      99.37 7.4041e+01    329.274       7904  1027.6733  1027.6735     3.6848     1.7077     0.1961    33.9075    33.9078    8.34709         28 0.0000e+00
     83.000     82.124    -1.2803  27.188286    -1.2808  27.188625     6.7802     6.9801    12.3687    78.7456 1.0000e-12  -74.11662 -112.66468  30.208500      99.34 7.4041e+01    330.441       7932  1027.6800  1027.6808     3.7360     1.7082     0.1637    33.9093    33.9103    8.34967         28 0.0000e+00
     84.000     83.113    -1.2971  27.176158    -1.2977  27.176222     6.7586     6.9534    14.0836    78.4062 1.0000e-12  -74.11662 -112.66468  30.208514      99.35 7.4041e+01    331.643       7960  1027.6870  1027.6876     3.7199     1.8896     0.1562    33.9110    33.9118    8.35333         29 0.0000e+00
     85.000     84.105    -1.3021  27.173978    -1.3015  27.174470     6.7235     6.9253    11.3987    79.2750 1.0000e-12  -74.11662 -112.66468  30.208528      99.36 7.4041e+01    332.820       7989  1027.6935  1027.6934     3.7610     1.6560     0.1699    33.9131    33.9132    8.35433         28 0.0000e+00
     86.000     85.092    -1.3105  27.168202    -1.3096  27.169355     6.6967     6.8920    11.2295    80.0707 1.0000e-12  -74.11662 -112.66468  30.208541      99.39 7.4041e+01    333.983       8017  1027.6993  1027.6997     3.7988     1.6405     0.1680    33.9140    33.9146    8.35615         28 0.0000e+00
     87.000     86.082    -1.3263  27.156861    -1.3241  27.158930     6.6797     6.8675    10.2416    79.9080 1.0000e-12  -74.11662 -112.66468  30.208555      99.39 7.4041e+01    335.181       8045  1027.7061  1027.7063     3.7911     1.8958     0.1740    33.9157    33.9162    8.35958         29 0.0000e+00
     88.000     87.071    -1.3278  27.156386    -1.3279  27.156485     6.6536     6.8310    10.7396    79.6326 1.0000e-12  -74.11662 -112.66468  30.208569      99.47 7.4041e+01    336.356       8074  1027.7111  1027.7112     3.7781     1.4018     0.1747    33.9162    33.9164    8.35990         28 0.0000e+00
     89.000     88.060    -1.3294  27.155433    -1.3296  27.155578     6.5919     6.7788     8.3008    80.2541 1.0000e-12  -74.11662 -112.66468  30.208582      99.47 7.4041e+01    337.511       8101  1027.7156  1027.7160     3.8075     1.3975     0.1595    33.9161    33.9165    8.36026         28 0.0000e+00
     90.000     89.049    -1.3460  27.142599    -1.3464  27.142823     6.5515     6.7425     8.7539    81.1598 1.0000e-12  -74.11662 -112.66468  30.208596      99.46 7.4041e+01    338.696       8130  1027.7216  1027.7223     3.8505     1.4129     0.1601    33.9166    33.9174    8.36395         29 0.0000e+00
     91.000     90.039    -1.3584  27.133314    -1.3581  27.133916     6.5385     6.7304     9.1334    81.3893 1.0000e-12  -74.11662 -112.66468  30.208610      93.82 7.4041e+01    339.880       8158  1027.7275  1027.7279     3.8613     1.4051     0.1512    33.9173    33.9178    8.36669         28 0.0000e+00
     92.000     91.027    -1.3623  27.131996    -1.3623  27.132084     6.5316     6.7160     8.2470    81.7262 1.0000e-12  -74.11662 -112.66468  30.208623      53.62 7.4041e+01    341.037       8186  1027.7338  1027.7340     3.8773     1.5916     0.1702    33.9192    33.9194    8.36744         27 0.0000e+00
     93.000     92.016    -1.3692  27.127409    -1.3697  27.127498     6.5174     6.7020     6.8646    81.9625 1.0000e-12  -74.11662 -112.66468  30.208637      99.12 7.4041e+01    342.198       8214  1027.7396  1027.7402     3.8885     1.2970     0.1699    33.9202    33.9208    8.36895         29 0.0000e+00
     94.000     93.007    -1.3790  27.120870    -1.3793  27.121035     6.5253     6.6975     7.7157    82.7448 1.0000e-12  -74.11662 -112.66468  30.208650      99.63 7.4041e+01    343.395       8242  1027.7460  1027.7464     3.9256     1.0889     0.1547    33.9217    33.9222    8.37106         28 0.0000e+00
     95.000     93.994    -1.3850  27.118567    -1.3851  27.118534     6.5350     6.7069     5.5221    83.8977 1.0000e-12  -74.11662 -112.66468  30.208664      99.55 7.4041e+01    344.554       8270  1027.7534  1027.7534     3.9803     1.2220     0.1632    33.9248    33.9247    8.37223         28 0.0000e+00
     96.000     94.985    -1.3770  27.128718    -1.3771  27.128680     6.5427     6.7101     4.2666    83.0996 1.0000e-12  -74.11662 -112.66468  30.208677      99.63 7.4300e+01    345.718       8298  1027.7609  1027.7610     3.9431     1.0548     0.1563    33.9290    33.9291    8.37017         28 0.0000e+00
     97.000     95.975    -1.3779  27.129811    -1.3778  27.129791     6.5434     6.7140     4.7064    84.8719 1.0000e-12  -74.11662 -112.66468  30.208691      99.76 7.5080e+01    346.925       8327  1027.7671  1027.7670     4.0258     0.7462     0.1521    33.9308    33.9308    8.37026         29 0.0000e+00
     98.000     96.964    -1.3804  27.130004    -1.3804  27.130050     6.5384     6.7106     4.0698    84.7904 1.0000e-12  -74.11662 -112.66468  30.208705      99.62 7.4087e+01    348.098       8355  1027.7740  1027.7740     4.0226     1.0791     0.1533    33.9334    33.9334    8.37068         24 0.0000e+00
     99.000     97.953    -1.3823  27.129899    -1.3823  27.129869     6.5389     6.7008     4.0391    85.3186 1.0000e-12  -74.11662 -112.66468  30.208718      99.70 7.4481e+01    349.268       8383  1027.7799  1027.7798     4.0476     0.9087     0.1581    33.9347    33.9347    8.37102         28 0.0000e+00
    100.000     98.942    -1.3853  27.128402    -1.3853  27.128410     6.5217     6.6857     3.7033    86.2496 1.0000e-12  -74.11662 -112.66468  30.208732      99.78 7.5206e+01    350.476       8412  1027.7853  1027.7853     4.0918     0.6651     0.1431    33.9354    33.9355    8.37165         29 0.0000e+00
    101.000     99.930    -1.3883  27.126721    -1.3886  27.126755     6.4956     6.6602     3.3458    87.1187 1.0000e-12  -74.11662 -112.66468  30.208746      99.80 7.4106e+01    351.643       8440  1027.7906  1027.7909     4.1328     0.6042     0.1411    33.9360    33.9363    8.37231         28 0.0000e+00
    102.000    100.920    -1.4021  27.116822    -1.4025  27.116569     6.4569     6.6272     2.6485    86.8740 1.0000e-12  -74.11662 -112.66468  30.208759      99.08 7.4041e+01    352.809       8468  1027.7973  1027.7974     4.1216     0.7727     0.1543    33.9373    33.9374    8.37531         28 0.0000e+00
    103.000    101.909    -1.4137  27.108429    -1.4129  27.109523     6.4267     6.5979     3.1939    88.1622 1.0000e-12  -74.11662 -112.66468  30.208773      98.12 7.4831e+01    353.999       8497  1027.8035  1027.8039     4.1825     0.6127     0.1463    33.9383    33.9389    8.37786         29 0.0000e+00
    104.000    102.897    -1.4213  27.102774    -1.4206  27.103522     6.4095     6.5826     3.2791    87.4810 1.0000e-12  -74.11662 -112.66468  30.208787      99.78 7.4238e+01    355.165       8525  1027.8088  1027.8089     4.1502     0.6657     0.1485    33.9386    33.9388    8.37957         27 0.0000e+00
