ocean_section_plots/required_files/ctd/dnbp2202_ctd219.cnv
* Sea-Bird SBE 9 Data File:
* FileName = D:\Data\raw\NBP2202_CTD219.hex
* Software Version Seasave V 7.26.7.121
* Temperature SN = 1649
* Conductivity SN = 2513
* Number of Bytes Per Scan = 40
* Number of Voltage Words = 5
* Number of Scans Averaged by the Deck Unit = 1
* NMEA Latitude = 74 05.19 S
* NMEA Longitude = 111 21.87 W
* NMEA UTC (Time) = Feb 11 2022  11:03:02
* NMEA baud rate = 9600
** Ship: RVIB N.B. Palmer
** Cruise: NBP2202 Thwaites
** Station: 131
** Operator: B. Bjork
# nquan = 28
# nvalues = 390                         
# units = specified
# name 0 = prDM: Pressure, Digiquartz [db]
# name 1 = depSM: Depth [salt water, m]
# name 2 = t090C: Temperature [ITS-90, deg C]
# name 3 = c0mS/cm: Conductivity [mS/cm]
# name 4 = t190C: Temperature, 2 [ITS-90, deg C]
# name 5 = c1mS/cm: Conductivity, 2 [mS/cm]
# name 6 = sbeox0ML/L: Oxygen, SBE 43 [ml/l]
# name 7 = sbeox1ML/L: Oxygen, SBE 43, 2 [ml/l]
# name 8 = flECO-AFL: Fluorescence, WET Labs ECO-AFL/FL [mg/m^3]
# name 9 = CStarTr0: Beam Transmission, WET Labs C-Star [%]
# name 10 = par: PAR/Irradiance, Biospherical/Licor
# name 11 = latitude: Latitude [deg]
# name 12 = longitude: Longitude [deg]
# name 13 = timeJ: Julian Days
# name 14 = altM: Altimeter [m]
# name 15 = spar: SPAR, Biospherical/Licor
# name 16 = timeS: Time, Elapsed [seconds]
# name 17 = scan: Scan Count
# name 18 = density00: Density [density, kg/m^3]
# name 19 = density11: Density, 2 [density, kg/m^3]
# name 20 = v3: Voltage 3
# name 21 = v4: Voltage 4
# name 22 = v5: Voltage 5
# name 23 = sal00: Salinity, Practical [PSU]
# name 24 = sal11: Salinity, Practical, 2 [PSU]
# name 25 = oxsolML/L: Oxygen Saturation, Garcia & Gordon [ml/l]
# name 26 = nbin: number of scans per bin
# name 27 = flag: flag
# span 0 =      3.000,    392.000       
# span 1 =      2.968,    387.579       
# span 2 =    -1.5618,    -0.8816       
# span 3 =  26.898155,  27.864794       
# span 4 =    -1.5608,    -0.8826       
# span 5 =  26.898383,  27.861377       
# span 6 =     5.6556,     6.7692       
# span 7 =     5.8515,     6.9723       
# span 8 =    -0.0150,     4.7996       
# span 9 =    91.3721,    97.9174       
# span 10 = 1.0000e-12, 8.4453e+00      
# span 11 =  -74.08658,  -74.08658      
# span 12 = -111.36459, -111.36454      
# span 13 =  42.462855,  42.468239      
# span 14 =       5.39,     100.12      
# span 15 = 3.1198e+01, 4.7446e+01      
# span 16 =    208.640,    673.875      
# span 17 =       5008,      16174      
# span 18 =  1027.1723,  1029.3579      
# span 19 =  1027.1699,  1029.3553      
# span 20 =     4.3346,     4.6450      
# span 21 =     0.0643,     0.7205      
# span 22 =     0.1182,     0.1465      
# span 23 =    33.7571,    34.1907      
# span 24 =    33.7607,    34.1871      
# span 25 =    8.24493,    8.40815      
# span 26 =         17,         47      
# span 27 = 0.0000e+00, 0.0000e+00      
# interval = decibars: 1                
# start_time = Feb 11 2022 11:03:02 [NMEA time, header]
# bad_flag = -9.990e-29
*END*
[from data line 52]
     55.000     54.423    -1.4318  26.969028    -1.4317  26.969015     6.4458     6.6652     4.2313    93.7624 1.0000e-12  -74.08658 -111.36457  42.463886      99.87 3.7021e+01    297.790       7148  1027.4573  1027.4571     4.4480     0.4200     0.1368    33.7968    33.7966    8.39038         29 0.0000e+00
     56.000     55.413    -1.4315  26.970062    -1.4314  26.970063     6.4499     6.6643     2.1051    94.1335 1.0000e-12  -74.08658 -111.36457  42.463900      99.88 3.7021e+01    298.975       7176  1027.4624  1027.4623     4.4656     0.4195     0.1326    33.7972    33.7971    8.39028         27 0.0000e+00
     57.000     56.403    -1.4315  26.970744    -1.4314  26.970801     6.4594     6.6572     2.1032    94.0485 1.0000e-12  -74.08658 -111.36456  42.463913      99.87 3.7148e+01    300.115       7204  1027.4675  1027.4675     4.4616     0.4157     0.1354    33.7975    33.7975    8.39026         28 0.0000e+00
     58.000     57.392    -1.4315  26.971623    -1.4313  26.971749     6.4533     6.6599     2.6409    93.9245 1.0000e-12  -74.08658 -111.36456  42.463927      99.89 3.8044e+01    301.278       7232  1027.4728  1027.4727     4.4555     0.3597     0.1383    33.7981    33.7980    8.39022         29 0.0000e+00
     59.000     58.380    -1.4313  26.972561    -1.4312  26.972665     6.4481     6.6528     2.6589    93.2669 1.0000e-12  -74.08658 -111.36456  42.463941      99.88 3.7803e+01    302.462       7260  1027.4780  1027.4779     4.4247     0.4091     0.1349    33.7985    33.7985    8.39015         27 0.0000e+00
     60.000     59.372    -1.4313  26.973465    -1.4311  26.973408     6.4466     6.6475     2.8267    93.5145 1.0000e-12  -74.08658 -111.36458  42.463954      99.87 3.7140e+01    303.629       7288  1027.4833  1027.4830     4.4363     0.4273     0.1358    33.7992    33.7989    8.39011         29 0.0000e+00
     61.000     60.359    -1.4306  26.975516    -1.4304  26.975548     6.4405     6.6469     2.7976    93.5732 1.0000e-12  -74.08658 -111.36458  42.463968      99.89 3.8642e+01    304.800       7316  1027.4891  1027.4890     4.4390     0.3616     0.1338    33.8005    33.8004    8.38987         28 0.0000e+00
     62.000     61.350    -1.4302  26.976767    -1.4300  26.976922     6.4419     6.6460     2.6105    93.6123 1.0000e-12  -74.08658 -111.36458  42.463981      99.90 3.8782e+01    305.953       7344  1027.4945  1027.4944     4.4409     0.3307     0.1339    33.8012    33.8012    8.38974         27 0.0000e+00
     63.000     62.340    -1.4301  26.977876    -1.4297  26.978069     6.4388     6.6444     2.9158    93.5041 1.0000e-12  -74.08658 -111.36458  42.463994      99.87 3.8104e+01    307.083       7371  1027.4999  1027.4998     4.4358     0.4208     0.1354    33.8020    33.8018    8.38968         28 0.0000e+00
     64.000     63.328    -1.4297  26.978660    -1.4294  26.978857     6.4442     6.6373     3.0805    94.0891 1.0000e-12  -74.08658 -111.36458  42.464008      99.89 3.8368e+01    308.254       7399  1027.5047  1027.5047     4.4635     0.3609     0.1382    33.8020    33.8020    8.38958         26 0.0000e+00
     65.000     64.317    -1.4296  26.979345    -1.4294  26.979459     6.4378     6.6393     2.9797    93.9814 1.0000e-12  -74.08658 -111.36458  42.464021      99.89 3.8776e+01    309.418       7427  1027.5097  1027.5096     4.4584     0.3685     0.1342    33.8022    33.8021    8.38955         28 0.0000e+00
     66.000     65.307    -1.4296  26.979859    -1.4294  26.980018     6.4359     6.6362     2.9892    93.8902 1.0000e-12  -74.08658 -111.36458  42.464034      99.88 3.8783e+01    310.558       7454  1027.5146  1027.5146     4.4536     0.3997     0.1344    33.8023    33.8023    8.38954         27 0.0000e+00
     67.000     66.296    -1.4293  26.980995    -1.4291  26.981190     6.4455     6.6400     2.6389    92.0779 1.0000e-12  -74.08658 -111.36458  42.464048      99.89 3.8783e+01    311.709       7482  1027.5199  1027.5199     4.3687     0.3717     0.1343    33.8029    33.8029    8.38945         27 0.0000e+00
     68.000     67.286    -1.4285  26.982773    -1.4282  26.982944     6.4229     6.6421     2.0041    93.2882 1.0000e-12  -74.08658 -111.36458  42.464061      99.87 3.9040e+01    312.879       7510  1027.5254  1027.5253     4.4255     0.4180     0.1365    33.8038    33.8037    8.38921         28 0.0000e+00
     69.000     68.275    -1.4282  26.983752    -1.4277  26.984058     6.4234     6.6341     2.4797    93.4003 1.0000e-12  -74.08658 -111.36458  42.464074      99.89 3.8467e+01    314.024       7538  1027.5305  1027.5304     4.4310     0.3525     0.1348    33.8042    33.8041    8.38912         28 0.0000e+00
     70.000     69.263    -1.4270  26.985702    -1.4268  26.985729     6.4312     6.6353     2.5055    94.0306 1.0000e-12  -74.08658 -111.36458  42.464088      97.88 3.8850e+01    315.173       7565  1027.5358  1027.5357     4.4606     0.4158     0.1373    33.8049    33.8047    8.38881         27 0.0000e+00
     71.000     70.253    -1.4274  26.985980    -1.4271  26.986215     6.4303     6.6397     2.1502    94.3628 1.0000e-12  -74.08658 -111.36458  42.464101      95.18 3.9803e+01    316.328       7593  1027.5408  1027.5408     4.4765     0.3902     0.1364    33.8051    33.8051    8.38889         28 0.0000e+00
     72.000     71.243    -1.4282  26.986591    -1.4280  26.986646     6.4445     6.6575     2.5677    94.2805 1.0000e-12  -74.08658 -111.36458  42.464115      99.86 3.8668e+01    317.493       7621  1027.5466  1027.5465     4.4726     0.3674     0.1329    33.8062    33.8060    8.38899         29 0.0000e+00
     73.000     72.233    -1.4303  26.986119    -1.4304  26.985925     6.4710     6.6784     2.7855    93.5754 1.0000e-12  -74.08658 -111.36458  42.464128      99.89 3.9560e+01    318.659       7649  1027.5525  1027.5523     4.4391     0.3551     0.1354    33.8074    33.8072    8.38941         27 0.0000e+00
     74.000     73.221    -1.4343  26.984768    -1.4345  26.984652     6.4925     6.6875     2.7517    93.1404 1.0000e-12  -74.08658 -111.36458  42.464141      99.89 4.0544e+01    319.811       7676  1027.5592  1027.5593     4.4186     0.3629     0.1331    33.8094    33.8095    8.39019         28 0.0000e+00
     75.000     74.211    -1.4366  26.984342    -1.4363  26.984478     6.4978     6.6946     2.4754    94.1781 1.0000e-12  -74.08658 -111.36458  42.464155      99.88 3.9831e+01    320.953       7704  1027.5652  1027.5650     4.4676     0.3916     0.1363    33.8107    33.8106    8.39062         27 0.0000e+00
     76.000     75.201    -1.4386  26.984111    -1.4383  26.984140     6.4966     6.6971     3.1139    94.2405 1.0000e-12  -74.08658 -111.36458  42.464168      99.88 4.0042e+01    322.104       7731  1027.5711  1027.5709     4.4707     0.3867     0.1315    33.8120    33.8117    8.39099         28 0.0000e+00
     77.000     76.189    -1.4386  26.985124    -1.4383  26.985301     6.4978     6.6964     2.5307    93.6422 1.0000e-12  -74.08658 -111.36458  42.464182      99.88 4.0682e+01    323.290       7760  1027.5766  1027.5764     4.4423     0.3719     0.1375    33.8129    33.8127    8.39095         28 0.0000e+00
     78.000     77.178    -1.4383  26.986406    -1.4380  26.986485     6.4945     6.7018     2.8910    93.8027 1.0000e-12  -74.08658 -111.36458  42.464195      99.89 4.0223e+01    324.459       7788  1027.5820  1027.5818     4.4499     0.3733     0.1351    33.8137    33.8135    8.39084         28 0.0000e+00
     79.000     78.168    -1.4384  26.987736    -1.4381  26.987776     6.4952     6.7141     3.9973    93.9653 1.0000e-12  -74.08658 -111.36458  42.464208      99.88 3.9954e+01    325.603       7815  1027.5878  1027.5876     4.4576     0.3866     0.1299    33.8149    33.8147    8.39077         27 0.0000e+00
     80.000     79.156    -1.4384  26.988674    -1.4380  26.988705     6.5069     6.7190     3.4129    94.2499 1.0000e-12  -74.08658 -111.36458  42.464222      99.89 4.0981e+01    326.761       7843  1027.5931  1027.5928     4.4711     0.3707     0.1320    33.8156    33.8153    8.39073         29 0.0000e+00
     81.000     80.146    -1.4393  26.988787    -1.4388  26.988904     6.5216     6.7305     2.4618    94.0809 1.0000e-12  -74.08658 -111.36458  42.464235      99.89 4.1721e+01    327.916       7871  1027.5985  1027.5981     4.4631     0.3464     0.1310    33.8162    33.8157    8.39090         27 0.0000e+00
     82.000     81.136    -1.4397  26.989517    -1.4393  26.989619     6.5326     6.7387     2.3617    94.5566 1.0000e-12  -74.08658 -111.36458  42.464248      99.80 4.0675e+01    329.060       7898  1027.6040  1027.6037     4.4856     0.4224     0.1327    33.8170    33.8167    8.39095         28 0.0000e+00
     83.000     82.125    -1.4404  26.992285    -1.4400  26.992195     6.5147     6.7191     2.4327    93.9533 1.0000e-12  -74.08658 -111.36458  42.464262      99.89 4.1365e+01    330.197       7926  1027.6120  1027.6116     4.4572     0.3875     0.1420    33.8210    33.8204    8.39086         26 0.0000e+00
     84.000     83.114    -1.4406  26.993481    -1.4403  26.993391     6.4339     6.6554     1.9891    93.9753 1.0000e-12  -74.08658 -111.36458  42.464275      99.89 4.2267e+01    331.321       7953  1027.6179  1027.6175     4.4581     0.3278     0.1302    33.8222    33.8218    8.39083         27 0.0000e+00
     85.000     84.104    -1.4434  26.997666    -1.4430  26.997427     6.3328     6.5624     2.2417    94.2047 1.0000e-12  -74.08658 -111.36458  42.464287      99.84 4.1152e+01    332.400       7979  1027.6296  1027.6289     4.4690     0.5322     0.1364    33.8306    33.8298    8.39097         26 0.0000e+00
     86.000     85.091    -1.4469  27.000508    -1.4465  27.000498     6.2646     6.4999     3.2710    94.2736 1.0000e-12  -74.08658 -111.36458  42.464300      99.87 4.2111e+01    333.485       8005  1027.6405  1027.6400     4.4722     0.4044     0.1361    33.8379    33.8374    8.39133         26 0.0000e+00
     87.000     86.083    -1.4491  27.003011    -1.4486  27.002892     6.2638     6.4985     3.3288    94.1458 1.0000e-12  -74.08658 -111.36458  42.464312      99.88 4.1814e+01    334.546       8030  1027.6497  1027.6491     4.4662     0.3894     0.1308    33.8432    33.8425    8.39151         25 0.0000e+00
     88.000     87.070    -1.4484  27.006397    -1.4477  27.006669     6.3085     6.5349     2.3010    94.4298 1.0000e-12  -74.08658 -111.36458  42.464324      99.90 4.0841e+01    335.569       8055  1027.6570  1027.6567     4.4797     0.3233     0.1310    33.8464    33.8460    8.39115         25 0.0000e+00
     89.000     88.061    -1.4450  27.012624    -1.4441  27.013192     6.3585     6.5652     1.6013    94.7017 1.0000e-12  -74.08658 -111.36458  42.464336      99.90 4.1665e+01    336.614       8080  1027.6649  1027.6647     4.4926     0.2824     0.1281    33.8505    33.8502    8.39014         25 0.0000e+00
     90.000     89.049    -1.4367  27.028308    -1.4363  27.027782     6.3661     6.5693     1.4489    94.2846 1.0000e-12  -74.08658 -111.36457  42.464348      99.90 4.2029e+01    337.674       8105  1027.6786  1027.6777     4.4729     0.3268     0.1318    33.8621    33.8609    8.38758         25 0.0000e+00
     91.000     90.038    -1.4360  27.033156    -1.4356  27.033239     6.3525     6.5553     1.6754    94.7677 1.0000e-12  -74.08658 -111.36457  42.464360      99.88 4.0548e+01    338.686       8129  1027.6877  1027.6874     4.4956     0.3907     0.1316    33.8673    33.8670    8.38710         24 0.0000e+00
     92.000     91.027    -1.4361  27.035094    -1.4356  27.035031     6.3199     6.5268     2.3782    94.6736 1.0000e-12  -74.08658 -111.36457  42.464371      99.89 4.2150e+01    339.680       8153  1027.6943  1027.6938     4.4913     0.3707     0.1334    33.8696    33.8690    8.38700         24 0.0000e+00
     93.000     92.018    -1.4367  27.037448    -1.4362  27.037500     6.2588     6.4705     2.7818    94.9588 1.0000e-12  -74.08658 -111.36456  42.464383      99.88 4.2379e+01    340.704       8178  1027.7018  1027.7014     4.5048     0.3870     0.1327    33.8729    33.8724    8.38694         25 0.0000e+00
     94.000     93.005    -1.4381  27.038885    -1.4373  27.038831     6.2132     6.4227     2.2893    94.6685 1.0000e-12  -74.08658 -111.36456  42.464395      93.59 4.1235e+01    341.709       8202  1027.7091  1027.7084     4.4910     0.3329     0.1291    33.8758    33.8749    8.38709         23 0.0000e+00
     95.000     93.997    -1.4413  27.039498    -1.4408  27.039513     6.1809     6.3927     2.0042    94.5732 1.0000e-12  -74.08658 -111.36457  42.464406      99.86 4.2233e+01    342.703       8226  1027.7173  1027.7168     4.4864     0.3372     0.1309    33.8797    33.8791    8.38757         25 0.0000e+00
     96.000     94.983    -1.4422  27.039729    -1.4418  27.039795     6.1576     6.3713     1.8688    94.2936 1.0000e-12  -74.08658 -111.36458  42.464418      99.88 4.3404e+01    343.723       8250  1027.7227  1027.7224     4.4732     0.3881     0.1328    33.8804    33.8800    8.38774         24 0.0000e+00
     97.000     95.974    -1.4434  27.040067    -1.4431  27.040204     6.1481     6.3578     2.6801    94.6067 1.0000e-12  -74.08658 -111.36458  42.464430      99.89 4.1532e+01    344.714       8274  1027.7286  1027.7284     4.4880     0.3072     0.1306    33.8816    33.8814    8.38794         23 0.0000e+00
     98.000     96.964    -1.4439  27.040570    -1.4432  27.040686     6.1357     6.3511     2.1609    94.8446 1.0000e-12  -74.08658 -111.36457  42.464441      99.89 4.1647e+01    345.683       8297  1027.7339  1027.7334     4.4993     0.3219     0.1278    33.8822    33.8816    8.38801         24 0.0000e+00
     99.000     97.953    -1.4446  27.040720    -1.4439  27.040855     6.1290     6.3426     1.7429    94.4782 1.0000e-12  -74.08658 -111.36456  42.464452      99.89 4.2505e+01    346.691       8322  1027.7390  1027.7385     4.4819     0.2956     0.1298    33.8826    33.8820    8.38814         25 0.0000e+00
    100.000     98.941    -1.4447  27.041381    -1.4438  27.041461     6.1342     6.3394     1.4562    94.7946 1.0000e-12  -74.08658 -111.36456  42.464464      99.90 4.1548e+01    347.703       8346  1027.7441  1027.7434     4.4971     0.3162     0.1297    33.8829    33.8821    8.38813         23 0.0000e+00
    101.000     99.930    -1.4446  27.041761    -1.4441  27.041866     6.1364     6.3313     1.2785    95.3657 1.0000e-12  -74.08658 -111.36456  42.464475      99.88 4.1697e+01    348.673       8369  1027.7488  1027.7484     4.5240     0.3397     0.1283    33.8828    33.8824    8.38814         23 0.0000e+00
    102.000    100.920    -1.4449  27.042295    -1.4442  27.042250     6.1418     6.3277     1.4059    95.8914 1.0000e-12  -74.08658 -111.36456  42.464487      99.89 4.3134e+01    349.657       8393  1027.7540  1027.7532     4.5489     0.3193     0.1269    33.8833    33.8824    8.38818         24 0.0000e+00
    103.000    101.909    -1.4448  27.042731    -1.4442  27.042743     6.1435     6.3273     0.9457    95.5796 1.0000e-12  -74.08658 -111.36456  42.464498      99.90 4.3631e+01    350.645       8416  1027.7586  1027.7581     4.5342     0.2752     0.1269    33.8830    33.8824    8.38815         24 0.0000e+00
    104.000    102.899    -1.4447  27.043338    -1.4441  27.043242     6.1517     6.3266     1.0597    95.3813 1.0000e-12  -74.08658 -111.36456  42.464510      99.90 4.1395e+01    351.623       8440  1027.7635  1027.7628     4.5248     0.2514     0.1295    33.8832    33.8824    8.38813         23 0.0000e+00
    105.000    103.888    -1.4447  27.043704    -1.4441  27.043861     6.2472     6.3278     1.1852    95.3645 1.0000e-12  -74.08658 -111.36456  42.464521      99.91 4.3680e+01    352.639       8464  1027.7682  1027.7678     4.5240     0.2407     0.1268    33.8831    33.8826    8.38814         25 0.0000e+00
