ocean_section_plots/required_files/ctd/dnbp2202_ctd134.cnv
* Sea-Bird SBE 9 Data File:
* FileName = D:\Data\raw\NBP2202_CTD134.hex
* Software Version Seasave V 7.26.7.121
* Temperature SN = 1649
* Conductivity SN = 2513
* Number of Bytes Per Scan = 40
* Number of Voltage Words = 5
* Number of Scans Averaged by the Deck Unit = 1
* NMEA Latitude = 74 00.16 S
* NMEA Longitude = 112 31.41 W
* NMEA UTC (Time) = Jan 28 2022  06:35:26
* NMEA baud rate = 9600
** Ship: RVIB N.B. Palmer
** Cruise: NBP2202 Thwaites
** Station: 63
** Operator: B. Bjork
# nquan = 25
# nvalues = 781                         
# units = specified
# name 0 = prDM: Pressure, Digiquartz [db]
# name 1 = depSM: Depth [salt water, m]
# name 2 = t090C: Temperature [ITS-90, deg C]
# name 3 = c0mS/cm: Conductivity [mS/cm]
# name 4 = t190C: Temperature, 2 [ITS-90, deg C]
# name 5 = c1mS/cm: Conductivity, 2 [mS/cm]
# name 6 = sbeox0ML/L: Oxygen, SBE 43 [ml/l]
# name 7 = sbeox1ML/L: Oxygen, SBE 43, 2 [ml/l]
# name 8 = flECO-AFL: Fluorescence, WET Labs ECO-AFL/FL [mg/m^3]
# name 9 = CStarTr0: Beam Transmission, WET Labs C-Star [%]
# name 10 = par: PAR/Irradiance, Biospherical/Licor
# name 11 = latitude: Latitude [deg]
# name 12 = longitude: Longitude [deg]
# name 13 = timeJ: Julian Days
# name 14 = altM: Altimeter [m]
# name 15 = spar: SPAR, Biospherical/Licor
# name 16 = timeS: Time, Elapsed [seconds]
# name 17 = scan: Scan Count
# name 18 = density00: Density [density, kg/m^3]
# name 19 = density11: Density, 2 [density, kg/m^3]
# name 20 = sal00: Salinity, Practical [PSU]
# name 21 = sal11: Salinity, Practical, 2 [PSU]
# name 22 = oxsolML/L: Oxygen Saturation, Garcia & Gordon [ml/l]
# name 23 = nbin: number of scans per bin
# name 24 = flag: flag
# span 0 =      2.000,    782.000       
# span 1 =      1.997,    772.462       
# span 2 =    -1.4723,     0.4093       
# span 3 =  27.091396,  29.368555       
# span 4 =    -1.4732,     0.4114       
# span 5 =  27.091256,  29.368479       
# span 6 =     4.6397,     9.2362       
# span 7 =     4.7191,     9.4709       
# span 8 =    -0.0157,    29.4355       
# span 9 =    64.8143,    94.2635       
# span 10 = -7.814e-05, 8.9457e+00      
# span 11 =  -74.00282,  -74.00282      
# span 12 = -112.52360, -112.52356      
# span 13 =  28.275748,  28.286604      
# span 14 =       5.43,     104.11      
# span 15 = 3.1173e+01, 3.8854e+01      
# span 16 =     98.610,   1036.605      
# span 17 =       2368,      24880      
# span 18 =  1027.1903,  1031.3749      
# span 19 =  1027.1931,  1031.3726      
# span 20 =    33.8167,    34.5106      
# span 21 =    33.8200,    34.5080      
# span 22 =    7.95258,    8.38763      
# span 23 =          1,         47      
# span 24 = 0.0000e+00, 0.0000e+00      
# interval = decibars: 1                
# start_time = Jan 28 2022 06:35:26 [NMEA time, header]
# bad_flag = -9.990e-29
*END*
[from data line 58]
     60.000     59.372    -1.0736  27.332885    -1.0768  27.332781     7.2658     7.4600    15.6477    74.2401 1.0000e-12  -74.00282 -112.52358  28.277183      98.23 3.6406e+01    222.622       5344  1027.5438  1027.5466    33.8878    33.8912    8.30495         40 0.0000e+00
     61.000     60.359    -1.0956  27.320804    -1.0988  27.320454     7.2585     7.4481    12.6583    74.8359 1.0000e-12  -74.00282 -112.52358  28.277205      99.73 3.5401e+01    224.523       5390  1027.5560  1027.5586    33.8955    33.8987    8.30936         37 0.0000e+00
     62.000     61.350    -1.1097  27.313936    -1.1118  27.314074     7.2783     7.4523    12.2313    76.2437 1.0000e-12  -74.00282 -112.52358  28.277228      99.48 3.5860e+01    226.471       5436  1027.5661  1027.5682    33.9015    33.9040    8.31214         40 0.0000e+00
     63.000     62.339    -1.1069  27.319283    -1.1065  27.321127     7.2974     7.4726    14.9419    77.4979 1.0000e-12  -74.00282 -112.52358  28.277250      99.41 3.6053e+01    228.367       5482  1027.5732  1027.5749    33.9049    33.9071    8.31131         38 0.0000e+00
     64.000     63.329    -1.1078  27.319382    -1.1091  27.319989     7.2787     7.4506    11.8173    77.1377 1.0000e-12  -74.00282 -112.52358  28.277271      99.80 3.5123e+01    230.214       5526  1027.5783  1027.5802    33.9055    33.9078    8.31148         41 0.0000e+00
     65.000     64.316    -1.1146  27.314011    -1.1137  27.317502     7.1633     7.3535    13.7184    77.5545 1.0000e-12  -74.00282 -112.52358  28.277294      99.48 3.5780e+01    232.244       5575  1027.5831  1027.5861    33.9052    33.9089    8.31300         39 0.0000e+00
     66.000     65.307    -1.1877  27.252297    -1.1933  27.251806     7.0706     7.2703    12.5629    77.0664 1.0000e-12  -74.00282 -112.52358  28.277316      99.42 3.6484e+01    234.128       5620  1027.5904  1027.5952    33.9028    33.9085    8.32940         43 0.0000e+00
     67.000     66.297    -1.2145  27.231930    -1.2162  27.232414     7.0391     7.2359    13.9512    77.6448 1.0000e-12  -74.00282 -112.52358  28.277338      97.13 3.5729e+01    236.020       5665  1027.5976  1027.5998    33.9046    33.9072    8.33525         39 0.0000e+00
     68.000     67.285    -1.2261  27.223772    -1.2277  27.224683     7.0338     7.2252    12.0068    77.8845 1.0000e-12  -74.00282 -112.52358  28.277358      99.43 3.7055e+01    237.708       5706  1027.6037  1027.6062    33.9059    33.9090    8.33776         35 0.0000e+00
     69.000     68.275    -1.2365  27.217746    -1.2398  27.216775     7.0268     7.2065    11.1815    78.1756 1.0000e-12  -74.00282 -112.52358  28.277373      99.41 3.7021e+01    239.061       5738  1027.6111  1027.6132    33.9089    33.9112    8.33992         31 0.0000e+00
     70.000     69.265    -1.2254  27.229775    -1.2277  27.229708     6.9779     7.1558    11.4613    77.7202 1.0000e-12  -74.00282 -112.52358  28.277388      99.39 3.7021e+01    240.329       5769  1027.6176  1027.6197    33.9122    33.9147    8.33725         31 0.0000e+00
     71.000     70.254    -1.2354  27.223663    -1.2380  27.223508     6.8713     7.0689    10.7738    78.1684 1.0000e-12  -74.00282 -112.52358  28.277404      99.40 3.7021e+01    241.688       5802  1027.6246  1027.6269    33.9145    33.9173    8.33934         34 0.0000e+00
     72.000     71.243    -1.2923  27.176681    -1.2928  27.179506     6.7947     7.0017    10.1310    79.3497 1.0000e-12  -74.00282 -112.52359  28.277419      99.40 3.7021e+01    243.025       5834  1027.6321  1027.6357    33.9138    33.9183    8.35209         30 0.0000e+00
     73.000     72.233    -1.3274  27.150538    -1.3300  27.150700     6.7760     6.9774    12.0244    78.1087 1.0000e-12  -74.00282 -112.52358  28.277434      99.40 3.7021e+01    244.267       5863  1027.6413  1027.6439    33.9171    33.9203    8.35976         29 0.0000e+00
     74.000     73.222    -1.3324  27.147443    -1.3343  27.147787     6.7780     6.9627    10.8511    79.2145 1.0000e-12  -74.00282 -112.52360  28.277447      99.48 3.7021e+01    245.448       5892  1027.6465  1027.6487    33.9179    33.9206    8.36083         29 0.0000e+00
     75.000     74.210    -1.3330  27.147771    -1.3332  27.148952     6.7825     6.9581    11.8227    79.8661 1.0000e-12  -74.00282 -112.52359  28.277461      99.45 3.7021e+01    246.656       5921  1027.6513  1027.6528    33.9184    33.9203    8.36093         29 0.0000e+00
     76.000     75.200    -1.3285  27.151506    -1.3302  27.151796     6.7724     6.9462     9.5623    81.2618 1.0000e-12  -74.00282 -112.52359  28.277475      99.51 3.7021e+01    247.869       5950  1027.6549  1027.6569    33.9178    33.9201    8.35995         29 0.0000e+00
     77.000     76.190    -1.3385  27.144759    -1.3407  27.145149     6.7569     6.9293     7.9393    80.3901 1.0000e-12  -74.00282 -112.52360  28.277490      96.39 3.7021e+01    249.104       5979  1027.6613  1027.6638    33.9193    33.9223    8.36212         30 0.0000e+00
     78.000     77.179    -1.3471  27.139505    -1.3488  27.139802     6.7485     6.9194     8.5554    81.2009 1.0000e-12  -74.00282 -112.52358  28.277504      99.46 3.7453e+01    250.354       6009  1027.6678  1027.6698    33.9211    33.9235    8.36392         29 0.0000e+00
     79.000     78.167    -1.3453  27.141454    -1.3476  27.141188     6.7247     6.8979     8.4543    81.1489 1.0000e-12  -74.00282 -112.52360  28.277518      99.47 3.7545e+01    251.522       6038  1027.6722  1027.6742    33.9212    33.9234    8.36352         27 0.0000e+00
     80.000     79.158    -1.3528  27.136439    -1.3573  27.135158     6.7102     6.8760     7.9152    81.4253 1.0000e-12  -74.00282 -112.52359  28.277531      99.54 3.7525e+01    252.641       6064  1027.6781  1027.6810    33.9221    33.9255    8.36515         28 0.0000e+00
     81.000     80.147    -1.3615  27.131216    -1.3637  27.131067     6.7022     6.8622     8.5410    81.5238 1.0000e-12  -74.00282 -112.52360  28.277544      99.51 3.7348e+01    253.784       6092  1027.6849  1027.6868    33.9243    33.9265    8.36699         27 0.0000e+00
     82.000     81.136    -1.3662  27.128386    -1.3691  27.127977     6.6877     6.8503     9.0129    82.8226 1.0000e-12  -74.00282 -112.52360  28.277557      99.45 3.7079e+01    254.961       6120  1027.6904  1027.6927    33.9250    33.9278    8.36798         28 0.0000e+00
     83.000     82.123    -1.3733  27.124223    -1.3750  27.124507     6.6768     6.8462     7.2833    81.3597 1.0000e-12  -74.00282 -112.52360  28.277571      99.53 3.7084e+01    256.122       6148  1027.6968  1027.6987    33.9268    33.9291    8.36948         28 0.0000e+00
     84.000     83.116    -1.3750  27.123602    -1.3770  27.123512     6.6811     6.8431     7.1542    80.9918 1.0000e-12  -74.00282 -112.52360  28.277584      99.56 3.7686e+01    257.285       6176  1027.7019  1027.7037    33.9272    33.9293    8.36984         29 0.0000e+00
     85.000     84.104    -1.3770  27.122731    -1.3788  27.122796     6.6656     6.8281     6.6876    82.7543 1.0000e-12  -74.00282 -112.52360  28.277598      99.57 3.7277e+01    258.466       6204  1027.7070  1027.7088    33.9277    33.9298    8.37026         28 0.0000e+00
     86.000     85.093    -1.3810  27.120675    -1.3828  27.120711     6.6521     6.8171     6.6083    83.9433 1.0000e-12  -74.00282 -112.52360  28.277612      99.54 3.7024e+01    259.674       6233  1027.7128  1027.7145    33.9287    33.9309    8.37109         30 0.0000e+00
     87.000     86.083    -1.3858  27.117998    -1.3877  27.118104     6.6380     6.8039     6.7692    83.5661 1.0000e-12  -74.00282 -112.52360  28.277626      99.53 3.7021e+01    260.882       6262  1027.7187  1027.7206    33.9299    33.9322    8.37211         27 0.0000e+00
     88.000     87.070    -1.3988  27.111290    -1.4017  27.110877     6.6276     6.7895     5.2450    84.6725 1.0000e-12  -74.00282 -112.52360  28.277639      99.42 3.7021e+01    262.003       6289  1027.7281  1027.7304    33.9348    33.9375    8.37473         27 0.0000e+00
     89.000     88.061    -1.4010  27.112044    -1.4017  27.112711     6.6216     6.7802     6.0448    83.6377 1.0000e-12  -74.00282 -112.52360  28.277652      99.16 3.7021e+01    263.114       6316  1027.7352  1027.7365    33.9377    33.9394    8.37505         27 0.0000e+00
     90.000     89.050    -1.4008  27.112800    -1.4021  27.113164     6.6069     6.7734     5.8588    84.0335 1.0000e-12  -74.00282 -112.52360  28.277666      99.65 3.7021e+01    264.343       6345  1027.7399  1027.7416    33.9378    33.9399    8.37499         32 0.0000e+00
     91.000     90.040    -1.4111  27.106013    -1.4127  27.106352     6.6068     6.7681     4.9887    84.1010 1.0000e-12  -74.00282 -112.52360  28.277681      99.64 3.7021e+01    265.627       6376  1027.7466  1027.7485    33.9396    33.9419    8.37721         29 0.0000e+00
     92.000     91.028    -1.4094  27.109593    -1.4114  27.109128     6.6187     6.7756     5.7919    85.2992 1.0000e-12  -74.00282 -112.52360  28.277694      99.56 3.7346e+01    266.786       6404  1027.7531  1027.7545    33.9420    33.9436    8.37668         26 0.0000e+00
     93.000     92.017    -1.4054  27.113436    -1.4023  27.117344     6.6291     6.7798     5.8106    85.4335 1.0000e-12  -74.00282 -112.52360  28.277707      99.63 3.7360e+01    267.857       6430  1027.7576  1027.7589    33.9421    33.9440    8.37577         26 0.0000e+00
     94.000     93.007    -1.4033  27.115786    -1.4053  27.115189     6.6297     6.7883     5.2069    85.2375 1.0000e-12  -74.00282 -112.52360  28.277720      99.48 3.7446e+01    268.994       6457  1027.7624  1027.7637    33.9423    33.9438    8.37529         29 0.0000e+00
     95.000     93.996    -1.4019  27.118077    -1.4032  27.118207     6.6291     6.7728     5.0465    85.4291 1.0000e-12  -74.00282 -112.52360  28.277734      99.63 3.6675e+01    270.258       6487  1027.7678  1027.7692    33.9432    33.9449    8.37492         31 0.0000e+00
     96.000     94.984    -1.3972  27.123328    -1.3987  27.123108     6.6194     6.7690     5.1561    85.8513 1.0000e-12  -74.00282 -112.52360  28.277749      99.63 3.7139e+01    271.524       6518  1027.7733  1027.7745    33.9445    33.9459    8.37379         30 0.0000e+00
     97.000     95.976    -1.3972  27.123734    -1.4004  27.122665     6.6028     6.7592     5.2833    86.5950 1.0000e-12  -74.00282 -112.52360  28.277762      99.60 3.8298e+01    272.677       6545  1027.7780  1027.7799    33.9444    33.9466    8.37378         26 0.0000e+00
     98.000     96.964    -1.4247  27.101240    -1.4278  27.100650     6.5887     6.7452     4.9783    85.1727 1.0000e-12  -74.00282 -112.52360  28.277776      99.58 3.7529e+01    273.805       6572  1027.7843  1027.7866    33.9441    33.9468    8.38001         28 0.0000e+00
     99.000     97.953    -1.4325  27.095776    -1.4327  27.096830     6.5801     6.7370     6.9230    86.0926 1.0000e-12  -74.00282 -112.52360  28.277789      99.28 3.7260e+01    275.001       6601  1027.7899  1027.7912    33.9448    33.9464    8.38171         30 0.0000e+00
    100.000     98.942    -1.4355  27.094516    -1.4371  27.094549     6.5644     6.7251     3.7520    85.3089 1.0000e-12  -74.00282 -112.52360  28.277804      99.63 3.7507e+01    276.249       6631  1027.7956  1027.7972    33.9458    33.9477    8.38232         29 0.0000e+00
    101.000     99.931    -1.4407  27.091396    -1.4425  27.091256     6.5735     6.7278     4.0519    85.6917 1.0000e-12  -74.00282 -112.52360  28.277818      99.70 3.7267e+01    277.464       6660  1027.8014  1027.8030    33.9469    33.9487    8.38344         28 0.0000e+00
    102.000    100.920    -1.4381  27.095450    -1.4392  27.095578     6.5811     6.7402     4.1288    85.3239 1.0000e-12  -74.00282 -112.52360  28.277832      99.65 3.7433e+01    278.650       6689  1027.8075  1027.8087    33.9488    33.9503    8.38272         30 0.0000e+00
    103.000    101.909    -1.4326  27.101730    -1.4340  27.101546     6.5912     6.7412     4.5144    86.7436 1.0000e-12  -74.00282 -112.52360  28.277846      99.66 3.7257e+01    279.886       6718  1027.8133  1027.8145    33.9506    33.9520    8.38139         30 0.0000e+00
    104.000    102.900    -1.4257  27.109674    -1.4271  27.109265     6.5873     6.7369     4.0489    88.1950 1.0000e-12  -74.00282 -112.52360  28.277860      99.67 3.7022e+01    281.077       6747  1027.8196  1027.8205    33.9530    33.9541    8.37968         27 0.0000e+00
    105.000    103.888    -1.4226  27.113195    -1.4241  27.112989     6.5968     6.7478     3.6443    87.5350 1.0000e-12  -74.00282 -112.52360  28.277873      99.56 3.7980e+01    282.186       6773  1027.8248  1027.8260    33.9538    33.9552    8.37894         27 0.0000e+00
    106.000    104.876    -1.4188  27.118114    -1.4200  27.118178     6.6323     6.7804     3.6685    87.7461 1.0000e-12  -74.00282 -112.52360  28.277886      99.67 3.7330e+01    283.350       6801  1027.8309  1027.8321    33.9557    33.9571    8.37799         29 0.0000e+00
    107.000    105.867    -1.4203  27.118177    -1.4219  27.117640     6.7174     6.8547     4.0338    87.8887 1.0000e-12  -74.00282 -112.52359  28.277901      99.68 3.7024e+01    284.614       6832  1027.8367  1027.8376    33.9567    33.9578    8.37825         31 0.0000e+00
    108.000    106.855    -1.4001  27.137424    -1.4010  27.136787     6.7705     6.9057     3.3646    87.9314 1.0000e-12  -74.00282 -112.52359  28.277915      99.70 3.7021e+01    285.876       6862  1027.8427  1027.8428    33.9597    33.9599    8.37354         29 0.0000e+00
    109.000    107.844    -1.3868  27.150979    -1.3878  27.150884     6.7806     6.9228     3.3780    88.1417 1.0000e-12  -74.00282 -112.52359  28.277929      99.66 3.7021e+01    287.025       6890  1027.8491  1027.8500    33.9627    33.9637    8.37038         26 0.0000e+00
    110.000    108.833    -1.3802  27.160419    -1.3814  27.160180     6.8001     6.9350     3.7340    88.1568 1.0000e-12  -74.00282 -112.52358  28.277941      97.11 3.7021e+01    288.113       6916  1027.8576  1027.8584    33.9675    33.9686    8.36861         26 0.0000e+00
    111.000    109.824    -1.3839  27.158373    -1.3852  27.158183     6.7549     6.9006     4.2076    88.5096 1.0000e-12  -74.00282 -112.52360  28.277954      98.69 3.7021e+01    289.249       6943  1027.8633  1027.8644    33.9682    33.9695    8.36938         30 0.0000e+00
    112.000    110.812    -1.3884  27.155757    -1.3898  27.155624     6.6743     6.8386     4.9836    87.9872 1.0000e-12  -74.00282 -112.52359  28.277969      99.67 3.7021e+01    290.536       6974  1027.8692  1027.8705    33.9691    33.9706    8.37034         29 0.0000e+00
    113.000    111.801    -1.3968  27.151350    -1.3985  27.151253     6.6439     6.8070     4.3421    88.1823 1.0000e-12  -74.00282 -112.52359  28.277984      99.71 3.7401e+01    291.800       7004  1027.8770  1027.8785    33.9721    33.9738    8.37207         29 0.0000e+00
    114.000    112.790    -1.4078  27.143925    -1.4089  27.144123     6.6727     6.8227     3.0231    87.8260 1.0000e-12  -74.00282 -112.52359  28.277997      99.70 3.7086e+01    292.970       7032  1027.8838  1027.8851    33.9736    33.9752    8.37443         28 0.0000e+00
    115.000    113.779    -1.4071  27.145814    -1.4086  27.145305     6.6465     6.8035     3.1134    87.9260 1.0000e-12  -74.00282 -112.52358  28.278011      99.73 3.7209e+01    294.142       7060  1027.8895  1027.8903    33.9748    33.9758    8.37420         28 0.0000e+00
    116.000    114.767    -1.4104  27.144542    -1.4118  27.144589     6.5494     6.7367     3.4742    88.0764 1.0000e-12  -74.00282 -112.52360  28.278024      99.72 3.8370e+01    295.306       7088  1027.8956  1027.8970    33.9762    33.9779    8.37487         28 0.0000e+00
