ocean_section_plots/required_files/ctd/dnbp2202_ctd153.cnv
* Sea-Bird SBE 9 Data File:
* FileName = D:\Data\raw\NBP2202_CTD153.hex
* Software Version Seasave V 7.26.7.121
* Temperature SN = 1649
* Conductivity SN = 2513
* Number of Bytes Per Scan = 40
* Number of Voltage Words = 5
* Number of Scans Averaged by the Deck Unit = 1
* NMEA Latitude = 74 06.59 S
* NMEA Longitude = 113 19.34 W
* NMEA UTC (Time) = Jan 31 2022  12:31:17
* NMEA baud rate = 9600
** Ship: RVIB N.B. Palmer
** Cruise: NBP2202 Thwaites
** Station: Yo-Yo 002
** Operator: B. Bjork
# nquan = 28
# nvalues = 414                         
# units = specified
# name 0 = prDM: Pressure, Digiquartz [db]
# name 1 = depSM: Depth [salt water, m]
# name 2 = t090C: Temperature [ITS-90, deg C]
# name 3 = c0mS/cm: Conductivity [mS/cm]
# name 4 = t190C: Temperature, 2 [ITS-90, deg C]
# name 5 = c1mS/cm: Conductivity, 2 [mS/cm]
# name 6 = sbeox0ML/L: Oxygen, SBE 43 [ml/l]
# name 7 = sbeox1ML/L: Oxygen, SBE 43, 2 [ml/l]
# name 8 = flECO-AFL: Fluorescence, WET Labs ECO-AFL/FL [mg/m^3]
# name 9 = CStarTr0: Beam Transmission, WET Labs C-Star [%]
# name 10 = par: PAR/Irradiance, Biospherical/Licor
# name 11 = latitude: Latitude [deg]
# name 12 = longitude: Longitude [deg]
# name 13 = timeJ: Julian Days
# name 14 = altM: Altimeter [m]
# name 15 = spar: SPAR, Biospherical/Licor
# name 16 = timeS: Time, Elapsed [seconds]
# name 17 = scan: Scan Count
# name 18 = density00: Density [density, kg/m^3]
# name 19 = density11: Density, 2 [density, kg/m^3]
# name 20 = v3: Voltage 3
# name 21 = v4: Voltage 4
# name 22 = v5: Voltage 5
# name 23 = sal00: Salinity, Practical [PSU]
# name 24 = sal11: Salinity, Practical, 2 [PSU]
# name 25 = oxsolML/L: Oxygen Saturation, Garcia & Gordon [ml/l]
# name 26 = nbin: number of scans per bin
# name 27 = flag: flag
# span 0 =     10.000,    423.000       
# span 1 =      9.898,    418.195       
# span 2 =    -1.4507,    -0.1792       
# span 3 =  27.020615,  28.539072       
# span 4 =    -1.4492,    -0.1759       
# span 5 =  27.020561,  28.540064       
# span 6 =     4.7685,     7.9711       
# span 7 =     4.8602,     8.1394       
# span 8 =    -0.0222,    23.2239       
# span 9 =    71.3599,    93.6425       
# span 10 = 1.0000e-12, 5.5248e+00      
# span 11 =  -74.10994,  -74.10991      
# span 12 = -113.32238, -113.32234      
# span 13 =  31.522060,  31.528876      
# span 14 =       4.21,     100.00      
# span 15 = 1.1865e+03, 1.2395e+03      
# span 16 =     29.025,    617.888      
# span 17 =        698,      14830      
# span 18 =  1027.2371,  1029.5488      
# span 19 =  1027.2353,  1029.5467      
# span 20 =     3.3862,     4.4423      
# span 21 =     0.0638,     3.3733      
# span 22 =     0.1228,     0.2609      
# span 23 =    33.8032,    34.2854      
# span 24 =    33.8015,    34.2830      
# span 25 =    8.08817,    8.39015      
# span 26 =         22,         76      
# span 27 = 0.0000e+00, 0.0000e+00      
# interval = decibars: 1                
# start_time = Jan 31 2022 12:31:17 [NMEA time, header]
# bad_flag = -9.990e-29
*END*
[from data line 52]
     62.000     61.349    -1.3939  27.034030    -1.3929  27.033748     6.4911     6.6326    10.4588    81.0536 1.0000e-12  -74.10992 -113.32236  31.523225      99.44 1.2038e+03    129.629       3112  1027.5251  1027.5238     3.8454     1.5036     0.1640    33.8390    33.8375    8.37932         43 0.0000e+00
     63.000     62.339    -1.3965  27.032564    -1.3956  27.032326     6.4732     6.6109    12.4113    81.3918 1.0000e-12  -74.10992 -113.32236  31.523246      99.48 1.2025e+03    131.468       3156  1027.5301  1027.5289     3.8615     1.3849     0.1619    33.8394    33.8380    8.37989         41 0.0000e+00
     64.000     63.327    -1.4022  27.029528    -1.4005  27.029797     6.3979     6.5556    12.0495    82.0843 1.0000e-12  -74.10992 -113.32236  31.523271      99.43 1.2034e+03    133.581       3207  1027.5363  1027.5349     3.8945     1.5002     0.1755    33.8410    33.8394    8.38107         44 0.0000e+00
     65.000     64.317    -1.4141  27.022674    -1.4115  27.023726     6.3230     6.4850    13.2462    81.6165 1.0000e-12  -74.10992 -113.32236  31.523292      98.46 1.2041e+03    135.468       3252  1027.5444  1027.5431     3.8721     1.1787     0.1606    33.8444    33.8430    8.38355         40 0.0000e+00
     66.000     65.307    -1.4188  27.020615    -1.4176  27.020561     6.3099     6.4548     9.1883    82.2888 1.0000e-12  -74.10992 -113.32236  31.523313      99.52 1.2035e+03    137.213       3294  1027.5508  1027.5496     3.9040     1.2724     0.1721    33.8463    33.8448    8.38449         43 0.0000e+00
     67.000     66.296    -1.4178  27.022349    -1.4166  27.022165     6.3229     6.4582    11.1507    83.7870 1.0000e-12  -74.10992 -113.32236  31.523336      99.44 1.2040e+03    139.234       3343  1027.5559  1027.5545     3.9750     1.4887     0.1717    33.8469    33.8453    8.38423         35 0.0000e+00
     68.000     67.285    -1.4165  27.023319    -1.4159  27.022979     6.3414     6.4717     6.8793    84.5173 1.0000e-12  -74.10992 -113.32236  31.523358      99.62 1.2056e+03    141.134       3388  1027.5598  1027.5589     4.0096     1.0604     0.1557    33.8461    33.8450    8.38398         42 0.0000e+00
     69.000     68.275    -1.4163  27.023872    -1.4148  27.024016     6.3317     6.4756     7.3432    85.1111 1.0000e-12  -74.10992 -113.32236  31.523378      99.62 1.2039e+03    142.855       3430  1027.5644  1027.5631     4.0378     1.0790     0.1551    33.8460    33.8445    8.38394         38 0.0000e+00
     70.000     69.265    -1.4152  27.025715    -1.4138  27.025314     6.3161     6.4581     8.0300    85.2552 1.0000e-12  -74.10992 -113.32236  31.523402      99.58 1.2045e+03    144.920       3479  1027.5696  1027.5679     4.0447     1.1598     0.1669    33.8467    33.8446    8.38365         44 0.0000e+00
     71.000     70.254    -1.4162  27.026171    -1.4150  27.025767     6.2921     6.4338     7.5829    84.7696 1.0000e-12  -74.10992 -113.32236  31.523425      96.93 1.2079e+03    146.889       3526  1027.5754  1027.5738     4.0215     1.0093     0.1577    33.8479    33.8459    8.38382         38 0.0000e+00
     72.000     71.242    -1.4166  27.026336    -1.4152  27.026516     6.2476     6.3954     7.4670    85.3979 1.0000e-12  -74.10992 -113.32236  31.523444      98.73 1.2068e+03    148.569       3567  1027.5802  1027.5791     4.0514     1.0323     0.1503    33.8479    33.8465    8.38390         40 0.0000e+00
     73.000     72.233    -1.4170  27.028445    -1.4158  27.028193     6.1980     6.3441     6.8241    85.5372 1.0000e-12  -74.10992 -113.32236  31.523465      99.64 1.2059e+03    150.403       3611  1027.5873  1027.5858     4.0579     1.0081     0.1509    33.8507    33.8489    8.38384         44 0.0000e+00
     74.000     73.221    -1.4179  27.029498    -1.4165  27.029391     6.1866     6.3256     6.4914    85.1560 1.0000e-12  -74.10992 -113.32236  31.523491      99.57 1.2066e+03    152.609       3664  1027.5935  1027.5921     4.0401     1.2241     0.1578    33.8525    33.8507    8.38392         36 0.0000e+00
     75.000     74.211    -1.4179  27.029876    -1.4170  27.029575     6.1967     6.3467     6.7037    86.1040 1.0000e-12  -74.10992 -113.32236  31.523513      99.60 1.2089e+03    154.539       3710  1027.5983  1027.5971     4.0849     1.1466     0.1612    33.8524    33.8509    8.38393         34 0.0000e+00
     76.000     75.200    -1.4183  27.030002    -1.4166  27.029401     6.1809     6.3230     7.1134    85.8319 1.0000e-12  -74.10992 -113.32236  31.523532      99.68 1.2086e+03    156.171       3749  1027.6031  1027.6008     4.0720     0.9498     0.1531    33.8524    33.8496    8.38402         41 0.0000e+00
     77.000     76.188    -1.4189  27.030695    -1.4173  27.030432     6.1624     6.2995     6.0395    86.4377 1.0000e-12  -74.10992 -113.32236  31.523554      99.67 1.2066e+03    158.099       3795  1027.6087  1027.6068     4.1010     0.9714     0.1443    33.8534    33.8512    8.38409         37 0.0000e+00
     78.000     77.179    -1.4188  27.031310    -1.4177  27.031166     6.1564     6.2990     5.4703    86.3499 1.0000e-12  -74.10992 -113.32236  31.523579      99.54 1.2088e+03    160.187       3845  1027.6136  1027.6124     4.0966     0.8802     0.1537    33.8535    33.8520    8.38407         38 0.0000e+00
     79.000     78.168    -1.4189  27.031808    -1.4174  27.031649     6.1565     6.2912     5.3300    86.4827 1.0000e-12  -74.10992 -113.32236  31.523599      99.60 1.2093e+03    161.914       3887  1027.6185  1027.6169     4.1028     0.7932     0.1550    33.8536    33.8518    8.38408         39 0.0000e+00
     80.000     79.157    -1.4195  27.032086    -1.4178  27.032011     6.1368     6.2857     5.7039    86.6019 1.0000e-12  -74.10992 -113.32236  31.523619      99.74 1.2075e+03    163.660       3929  1027.6236  1027.6220     4.1086     0.7957     0.1454    33.8540    33.8520    8.38418         41 0.0000e+00
     81.000     80.147    -1.4200  27.032493    -1.4180  27.032375     6.1362     6.2676     5.9250    87.4532 1.0000e-12  -74.10992 -113.32236  31.523642      99.70 1.2082e+03    165.693       3978  1027.6289  1027.6269     4.1490     0.8977     0.1635    33.8546    33.8521    8.38427         37 0.0000e+00
     82.000     81.134    -1.4201  27.032937    -1.4187  27.032785     6.1382     6.2766     4.8167    87.2514 1.0000e-12  -74.10992 -113.32236  31.523664      99.75 1.2099e+03    167.540       4022  1027.6339  1027.6323     4.1389     0.7559     0.1420    33.8547    33.8529    8.38429         35 0.0000e+00
     83.000     82.126    -1.4198  27.033306    -1.4175  27.033307     6.1338     6.2796     4.4334    86.5445 1.0000e-12  -74.10992 -113.32236  31.523684      99.69 1.2092e+03    169.318       4065  1027.6383  1027.6360     4.1058     0.9099     0.1479    33.8543    33.8516    8.38425         37 0.0000e+00
     84.000     83.114    -1.4203  27.033827    -1.4181  27.033707     6.1065     6.2415     5.4748    86.5809 1.0000e-12  -74.10992 -113.32236  31.523707      99.55 1.2071e+03    171.308       4112  1027.6435  1027.6413     4.1075     1.2085     0.1600    33.8548    33.8522    8.38431         41 0.0000e+00
     85.000     84.104    -1.4215  27.034411    -1.4202  27.034244     6.0950     6.2321     4.5217    87.5882 1.0000e-12  -74.10992 -113.32236  31.523728      99.28 1.2076e+03    173.116       4156  1027.6497  1027.6483     4.1550     0.8451     0.1469    33.8565    33.8547    8.38450         36 0.0000e+00
     86.000     85.092    -1.4213  27.034688    -1.4197  27.034490     6.1025     6.2416     5.8203    86.8880 1.0000e-12  -74.10992 -113.32236  31.523748      99.74 1.2103e+03    174.861       4198  1027.6541  1027.6523     4.1221     0.7807     0.1530    33.8559    33.8539    8.38448         43 0.0000e+00
     87.000     86.082    -1.4212  27.035147    -1.4199  27.034940     6.0869     6.2123     5.5569    87.7822 1.0000e-12  -74.10992 -113.32236  31.523771      99.69 1.2070e+03    176.856       4246  1027.6588  1027.6573     4.1644     0.8898     0.1477    33.8558    33.8541    8.38446         39 0.0000e+00
     88.000     87.071    -1.4218  27.035465    -1.4208  27.035342     6.0146     6.1507     4.3771    88.2306 1.0000e-12  -74.10992 -113.32236  31.523794      99.69 1.2057e+03    178.768       4291  1027.6641  1027.6630     4.1859     0.8966     0.1526    33.8564    33.8550    8.38457         36 0.0000e+00
     89.000     88.060    -1.4253  27.035784    -1.4238  27.035645     6.0086     6.1508     4.5451    87.7447 1.0000e-12  -74.10992 -113.32236  31.523814      99.72 1.2096e+03    180.549       4334  1027.6721  1027.6705     4.1625     0.8160     0.1473    33.8601    33.8582    8.38513         42 0.0000e+00
     90.000     89.050    -1.4238  27.036695    -1.4218  27.036650     5.9095     6.0555     4.8291    87.7586 1.0000e-12  -74.10992 -113.32236  31.523836      99.73 1.2101e+03    182.439       4380  1027.6759  1027.6740     4.1632     0.7682     0.1468    33.8590    33.8567    8.38486         45 0.0000e+00
     91.000     90.039    -1.4272  27.038244    -1.4256  27.038143     5.8713     6.0112     5.7847    88.2357 1.0000e-12  -74.10992 -113.32236  31.523858      99.79 1.2078e+03    184.344       4425  1027.6853  1027.6836     4.1858     0.5998     0.1424    33.8644    33.8625    8.38531         37 0.0000e+00
     92.000     91.028    -1.4272  27.038848    -1.4259  27.038625     5.8726     6.0039     3.8809    88.0597 1.0000e-12  -74.10992 -113.32236  31.523879      99.37 1.2087e+03    186.137       4468  1027.6903  1027.6887     4.1776     0.5946     0.1481    33.8647    33.8629    8.38530         44 0.0000e+00
     93.000     92.017    -1.4272  27.039374    -1.4254  27.039576     5.8709     5.9969     3.9397    88.5584 1.0000e-12  -74.10992 -113.32236  31.523901      99.19 1.2107e+03    188.054       4514  1027.6951  1027.6935     4.2013     0.7175     0.1415    33.8648    33.8629    8.38529         42 0.0000e+00
     94.000     93.007    -1.4267  27.040396    -1.4252  27.040365     5.8700     5.9894     8.0499    88.8009 1.0000e-12  -74.10992 -113.32236  31.523922      99.77 1.2086e+03    189.904       4559  1027.7000  1027.6986     4.2128     0.6340     0.1392    33.8649    33.8632    8.38516         41 0.0000e+00
     95.000     93.995    -1.4268  27.041034    -1.4254  27.040917     5.8664     5.9866     2.5400    88.9922 1.0000e-12  -74.10992 -113.32236  31.523942      99.78 1.2090e+03    191.580       4599  1027.7051  1027.7036     4.2219     0.6059     0.1372    33.8653    33.8635    8.38516         41 0.0000e+00
     96.000     94.985    -1.4263  27.041994    -1.4240  27.042606     5.8525     5.9778     2.0813    89.0706 1.0000e-12  -74.10992 -113.32235  31.523963      99.79 1.2104e+03    193.428       4643  1027.7100  1027.7085     4.2256     0.5843     0.1407    33.8655    33.8637    8.38505         36 0.0000e+00
     97.000     95.974    -1.4236  27.044871    -1.4234  27.043698     5.8439     5.9695     3.6992    89.2812 1.0000e-12  -74.10992 -113.32235  31.523985      99.82 1.2088e+03    195.293       4688  1027.7149  1027.7134     4.2355     0.4992     0.1407    33.8657    33.8639    8.38442         39 0.0000e+00
     98.000     96.962    -1.4231  27.045663    -1.4214  27.045903     5.8262     5.9473     2.4985    89.9957 1.0000e-12  -74.10992 -113.32236  31.524001      99.82 1.2093e+03    196.722       4722  1027.7196  1027.7182     4.2694     0.4551     0.1371    33.8656    33.8640    8.38431         30 0.0000e+00
     99.000     97.954    -1.4235  27.046168    -1.4217  27.046486     5.7915     5.9167     2.8929    90.0538 1.0000e-12  -74.10992 -113.32236  31.524015      99.80 1.2093e+03    197.879       4750  1027.7248  1027.7234     4.2721     0.5820     0.1450    33.8661    33.8645    8.38437         29 0.0000e+00
    100.000     98.941    -1.4197  27.050154    -1.4186  27.049778     5.7669     5.8905     2.8134    89.7981 1.0000e-12  -74.10992 -113.32236  31.524029      93.84 1.2093e+03    199.146       4780  1027.7299  1027.7284     4.2602     0.3947     0.1358    33.8667    33.8649    8.38349         31 0.0000e+00
    101.000     99.931    -1.4179  27.052331    -1.4160  27.052615     5.7633     5.8883     2.5170    90.5279 1.0000e-12  -74.10992 -113.32236  31.524045      99.75 1.2094e+03    200.500       4813  1027.7349  1027.7334     4.2946     0.4246     0.1417    33.8670    33.8653    8.38306         32 0.0000e+00
    102.000    100.919    -1.4173  27.053224    -1.4162  27.053050     5.7479     5.8698     2.4777    90.3833 1.0000e-12  -74.10992 -113.32236  31.524060      99.84 1.2106e+03    201.787       4844  1027.7396  1027.7383     4.2878     0.3799     0.1356    33.8669    33.8654    8.38292         30 0.0000e+00
    103.000    101.910    -1.4174  27.053727    -1.4163  27.053538     5.7313     5.8583     2.6398    90.4120 1.0000e-12  -74.10992 -113.32236  31.524074      99.83 1.2112e+03    202.963       4872  1027.7446  1027.7433     4.2890     0.4597     0.1360    33.8672    33.8656    8.38294         27 0.0000e+00
    104.000    102.898    -1.4202  27.052522    -1.4192  27.052285     5.7326     5.8565     1.9064    90.2856 1.0000e-12  -74.10992 -113.32236  31.524087      99.83 1.2112e+03    204.131       4900  1027.7503  1027.7490     4.2833     0.4250     0.1298    33.8680    33.8665    8.38352         29 0.0000e+00
    105.000    103.887    -1.4202  27.052892    -1.4192  27.052543     5.7386     5.8627     2.0163    90.6384 1.0000e-12  -74.10992 -113.32236  31.524101      99.84 1.2117e+03    205.363       4930  1027.7550  1027.7536     4.2997     0.3538     0.1322    33.8679    33.8662    8.38353         31 0.0000e+00
    106.000    104.876    -1.4236  27.050243    -1.4265  27.047068     5.7362     5.8594     2.0346    90.0790 1.0000e-12  -74.10992 -113.32235  31.524116      99.85 1.2122e+03    206.656       4961  1027.7597  1027.7591     4.2736     0.3317     0.1324    33.8675    33.8664    8.38431         30 0.0000e+00
    107.000    105.865    -1.4318  27.044694    -1.4315  27.043868     5.7198     5.8375     1.8545    90.7550 1.0000e-12  -74.10992 -113.32234  31.524131      99.83 1.2094e+03    207.897       4991  1027.7658  1027.7646     4.3054     0.4076     0.1366    33.8684    33.8670    8.38609         29 0.0000e+00
    108.000    106.855    -1.4288  27.047555    -1.4279  27.046947     5.6915     5.8180     1.6575    91.1158 1.0000e-12  -74.10992 -113.32234  31.524144      99.84 1.2114e+03    209.011       5017  1027.7703  1027.7688     4.3225     0.3854     0.1371    33.8684    33.8666    8.38543         26 0.0000e+00
    109.000    107.844    -1.4329  27.045620    -1.4305  27.046465     5.6730     5.7998     1.8160    91.1364 1.0000e-12  -74.10992 -113.32234  31.524156      99.82 1.2114e+03    210.086       5043  1027.7764  1027.7750     4.3235     0.4359     0.1387    33.8697    33.8682    8.38627         26 0.0000e+00
    110.000    108.833    -1.4507  27.033021    -1.4492  27.033335     5.6546     5.7806     1.8341    91.1386 1.0000e-12  -74.10992 -113.32234  31.524169      99.84 1.2093e+03    211.220       5070  1027.7841  1027.7830     4.3236     0.3851     0.1384    33.8720    33.8707    8.39015         28 0.0000e+00
    111.000    109.822    -1.4475  27.037841    -1.4450  27.039109     5.6329     5.7575     1.7985    91.3496 1.0000e-12  -74.10992 -113.32234  31.524184      98.27 1.2111e+03    212.457       5100  1027.7905  1027.7895     4.3336     0.2843     0.1332    33.8743    33.8732    8.38928         30 0.0000e+00
    112.000    110.810    -1.4421  27.044819    -1.4401  27.045563     5.6126     5.7397     1.2364    91.1613 1.0000e-12  -74.10992 -113.32234  31.524198      97.97 1.2113e+03    213.700       5130  1027.7973  1027.7962     4.3247     0.2488     0.1310    33.8773    33.8760    8.38791         29 0.0000e+00
