ocean_section_plots/required_files/ctd/dnbp2202_ctd191.cnv
* Sea-Bird SBE 9 Data File:
* FileName = D:\Data\raw\NBP2202_CTD191.hex
* Software Version Seasave V 7.26.7.121
* Temperature SN = 1649
* Conductivity SN = 2513
* Number of Bytes Per Scan = 40
* Number of Voltage Words = 5
* Number of Scans Averaged by the Deck Unit = 1
* NMEA Latitude = 74 10.34 S
* NMEA Longitude = 113 16.18 W
* NMEA UTC (Time) = Feb 07 2022  10:35:03
* NMEA baud rate = 9600
** Ship: RVIB N.B. Palmer
** Cruise: NBP2202 Thwaites
** Station: 112
** Operator: B Bjork
# nquan = 28
# nvalues = 731                         
# units = specified
# name 0 = prDM: Pressure, Digiquartz [db]
# name 1 = depSM: Depth [salt water, m]
# name 2 = t090C: Temperature [ITS-90, deg C]
# name 3 = c0mS/cm: Conductivity [mS/cm]
# name 4 = t190C: Temperature, 2 [ITS-90, deg C]
# name 5 = c1mS/cm: Conductivity, 2 [mS/cm]
# name 6 = sbeox0ML/L: Oxygen, SBE 43 [ml/l]
# name 7 = sbeox1ML/L: Oxygen, SBE 43, 2 [ml/l]
# name 8 = flECO-AFL: Fluorescence, WET Labs ECO-AFL/FL [mg/m^3]
# name 9 = CStarTr0: Beam Transmission, WET Labs C-Star [%]
# name 10 = par: PAR/Irradiance, Biospherical/Licor
# name 11 = latitude: Latitude [deg]
# name 12 = longitude: Longitude [deg]
# name 13 = timeJ: Julian Days
# name 14 = altM: Altimeter [m]
# name 15 = spar: SPAR, Biospherical/Licor
# name 16 = timeS: Time, Elapsed [seconds]
# name 17 = scan: Scan Count
# name 18 = density00: Density [density, kg/m^3]
# name 19 = density11: Density, 2 [density, kg/m^3]
# name 20 = v3: Voltage 3
# name 21 = v4: Voltage 4
# name 22 = v5: Voltage 5
# name 23 = sal00: Salinity, Practical [PSU]
# name 24 = sal11: Salinity, Practical, 2 [PSU]
# name 25 = oxsolML/L: Oxygen Saturation, Garcia & Gordon [ml/l]
# name 26 = nbin: number of scans per bin
# name 27 = flag: flag
# span 0 =      2.000,    732.000       
# span 1 =      1.982,    723.147       
# span 2 =    -1.5830,     0.2250       
# span 3 =  26.901485,  29.131445       
# span 4 =    -1.5820,     0.2274       
# span 5 =  26.902890,  29.131511       
# span 6 =     4.6633,     8.7449       
# span 7 =     4.7440,     8.9835       
# span 8 =    -0.0217,    21.5586       
# span 9 =    75.2768,    98.3445       
# span 10 = 1.0000e-12, 1.5842e+01      
# span 11 =  -74.17250,  -74.17249      
# span 12 = -113.26982, -113.26972      
# span 13 =  38.442897,  38.452559      
# span 14 =       7.38,     100.60      
# span 15 = 3.8655e+01, 4.5893e+01      
# span 16 =    163.255,    998.078      
# span 17 =       3919,      23955      
# span 18 =  1027.1746,  1031.0956      
# span 19 =  1027.1731,  1031.0933      
# span 20 =     3.5715,     4.6652      
# span 21 =     0.0636,     3.6236      
# span 22 =     0.1174,     0.2522      
# span 23 =    33.7813,    34.4346      
# span 24 =    33.7799,    34.4320      
# span 25 =    7.99494,    8.41860      
# span 26 =         15,         46      
# span 27 = 0.0000e+00, 0.0000e+00      
# interval = decibars: 1                
# start_time = Feb 07 2022 10:35:03 [NMEA time, header]
# bad_flag = -9.990e-29
*END*
[from data line 208]
    210.000    207.720    -1.4729  27.148895    -1.4704  27.149753     6.2346     6.3646     0.2153    98.0651 1.0000e-12  -74.17250 -113.26976  38.445897     100.01 4.4244e+01    422.537      10142  1028.3660  1028.3644     4.6520     0.0945     0.1226    33.9946    33.9928    8.38785         24 0.0000e+00
    211.000    208.709    -1.4767  27.146278    -1.4751  27.146641     6.2376     6.3716     0.4092    97.9957 1.0000e-12  -74.17250 -113.26976  38.445909      99.94 4.2801e+01    423.537      10166  1028.3707  1028.3696     4.6487     0.0974     0.1215    33.9946    33.9933    8.38870         24 0.0000e+00
    212.000    209.699    -1.4849  27.141359    -1.4835  27.141409     6.2315     6.3806     0.1644    97.8986 1.0000e-12  -74.17250 -113.26976  38.445921      99.94 4.2662e+01    424.540      10190  1028.3773  1028.3760     4.6441     0.1256     0.1186    33.9965    33.9950    8.39043         25 0.0000e+00
    213.000    210.688    -1.4857  27.141903    -1.4844  27.141862     6.2328     6.3806     0.2031    98.0972 1.0000e-12  -74.17250 -113.26976  38.445932      99.94 4.4083e+01    425.550      10214  1028.3827  1028.3814     4.6536     0.0944     0.1213    33.9976    33.9961    8.39055         23 0.0000e+00
    214.000    211.674    -1.4852  27.143260    -1.4839  27.143072     6.2329     6.3753     0.1389    98.1420 1.0000e-12  -74.17250 -113.26976  38.445944      99.94 4.3148e+01    426.550      10238  1028.3878  1028.3863     4.6557     0.0950     0.1199    33.9982    33.9965    8.39039         25 0.0000e+00
    215.000    212.665    -1.4835  27.145821    -1.4821  27.145590     6.2279     6.3699     0.1653    98.1028 1.0000e-12  -74.17250 -113.26976  38.445955      99.94 4.2621e+01    427.531      10262  1028.3931  1028.3915     4.6538     0.1121     0.1206    33.9992    33.9974    8.38996         23 0.0000e+00
    216.000    213.652    -1.4821  27.147626    -1.4808  27.147500     6.2225     6.3663     0.1598    98.1441 1.0000e-12  -74.17250 -113.26976  38.445967      99.95 4.4381e+01    428.529      10286  1028.3978  1028.3964     4.6558     0.1053     0.1187    33.9995    33.9979    8.38963         24 0.0000e+00
    217.000    214.640    -1.4818  27.148531    -1.4804  27.148446     6.2180     6.3620     0.1980    98.0598 1.0000e-12  -74.17250 -113.26976  38.445978      99.94 4.3993e+01    429.537      10310  1028.4026  1028.4012     4.6518     0.0978     0.1206    33.9998    33.9981    8.38954         24 0.0000e+00
    218.000    215.630    -1.4814  27.149329    -1.4802  27.149085     6.2103     6.3571     0.2353    98.0571 1.0000e-12  -74.17250 -113.26976  38.445990      99.94 4.2600e+01    430.536      10334  1028.4074  1028.4058     4.6517     0.1083     0.1215    33.9998    33.9981    8.38945         25 0.0000e+00
    219.000    216.620    -1.4805  27.150916    -1.4791  27.150798     6.2076     6.3571     0.2493    98.1177 1.0000e-12  -74.17250 -113.26976  38.446001      99.94 4.3513e+01    431.518      10357  1028.4123  1028.4109     4.6546     0.0965     0.1189    34.0003    33.9985    8.38921         23 0.0000e+00
    220.000    217.606    -1.4783  27.153734    -1.4769  27.153588     6.2135     6.3591     0.2159    98.1180 1.0000e-12  -74.17250 -113.26976  38.446013      99.94 4.3992e+01    432.508      10381  1028.4175  1028.4160     4.6545     0.0985     0.1210    34.0010    33.9993    8.38867         24 0.0000e+00
    221.000    218.596    -1.4796  27.153874    -1.4781  27.153820     6.2163     6.3630     0.1478    97.7442 1.0000e-12  -74.17250 -113.26976  38.446025      89.29 4.2385e+01    433.538      10406  1028.4232  1028.4217     4.6369     0.0935     0.1233    34.0021    34.0004    8.38890         25 0.0000e+00
    222.000    219.585    -1.4820  27.152616    -1.4811  27.152092     6.2228     6.3759     0.1764    98.0903 1.0000e-12  -74.17250 -113.26976  38.446037      99.95 4.2750e+01    434.563      10431  1028.4284  1028.4270     4.6532     0.1115     0.1203    34.0026    34.0008    8.38943         24 0.0000e+00
    223.000    220.573    -1.4836  27.151689    -1.4821  27.151807     6.2277     6.3754     0.1964    97.9907 1.0000e-12  -74.17250 -113.26977  38.446048      99.93 4.3847e+01    435.558      10454  1028.4331  1028.4318     4.6485     0.1520     0.1215    34.0024    34.0009    8.38978         24 0.0000e+00
    224.000    221.561    -1.4842  27.152222    -1.4830  27.152025     6.2272     6.3708     0.1614    97.9183 1.0000e-12  -74.17250 -113.26978  38.446060      99.94 4.2307e+01    436.564      10479  1028.4386  1028.4372     4.6451     0.0958     0.1233    34.0032    34.0016    8.38987         24 0.0000e+00
    225.000    222.550    -1.4844  27.152816    -1.4832  27.152718     6.2267     6.3698     0.3094    98.1221 1.0000e-12  -74.17250 -113.26978  38.446072      99.94 4.2662e+01    437.584      10503  1028.4437  1028.4423     4.6547     0.1032     0.1215    34.0037    34.0021    8.38990         25 0.0000e+00
    226.000    223.538    -1.4849  27.153844    -1.4836  27.153696     6.2248     6.3725     0.1938    98.0594 1.0000e-12  -74.17250 -113.26978  38.446083      99.94 4.4236e+01    438.590      10527  1028.4495  1028.4481     4.6518     0.0961     0.1277    34.0050    34.0033    8.38992         23 0.0000e+00
    227.000    224.527    -1.4847  27.154751    -1.4835  27.154515     6.2264     6.3702     0.1874    98.0248 1.0000e-12  -74.17250 -113.26978  38.446095      99.94 4.2428e+01    439.596      10551  1028.4545  1028.4531     4.6501     0.1047     0.1199    34.0054    34.0037    8.38985         25 0.0000e+00
    228.000    225.515    -1.4847  27.155475    -1.4833  27.155317     6.2283     6.3715     0.1520    98.0928 1.0000e-12  -74.17250 -113.26978  38.446107      99.94 4.2456e+01    440.612      10576  1028.4596  1028.4581     4.6534     0.0976     0.1179    34.0058    34.0040    8.38983         24 0.0000e+00
    229.000    226.505    -1.4843  27.156771    -1.4831  27.156636     6.2270     6.3758     0.1246    98.1267 1.0000e-12  -74.17250 -113.26978  38.446118      99.94 4.4079e+01    441.609      10600  1028.4650  1028.4636     4.6550     0.0986     0.1208    34.0066    34.0050    8.38971         24 0.0000e+00
    230.000    227.493    -1.4844  27.157617    -1.4831  27.157499     6.2222     6.3826     0.1167    97.8133 1.0000e-12  -74.17250 -113.26978  38.446130      99.94 4.2681e+01    442.591      10623  1028.4702  1028.4688     4.6402     0.1003     0.1220    34.0072    34.0055    8.38969         23 0.0000e+00
    231.000    228.481    -1.4840  27.159714    -1.4826  27.159532     6.2235     6.3795     0.2207    98.0879 1.0000e-12  -74.17250 -113.26978  38.446141      99.94 4.2732e+01    443.579      10647  1028.4765  1028.4749     4.6531     0.1315     0.1212    34.0090    34.0072    8.38949         25 0.0000e+00
    232.000    229.470    -1.4812  27.165949    -1.4799  27.165462     6.2241     6.3754     0.2811    98.0779 1.0000e-12  -74.17250 -113.26978  38.446152      99.94 4.4350e+01    444.566      10671  1028.4849  1028.4832     4.6527     0.0921     0.1221    34.0137    34.0117    8.38857         23 0.0000e+00
    233.000    230.459    -1.4787  27.169751    -1.4775  27.169501     6.2233     6.3754     0.1448    98.1765 1.0000e-12  -74.17250 -113.26978  38.446164      99.94 4.2631e+01    445.533      10694  1028.4910  1028.4896     4.6573     0.1246     0.1197    34.0155    34.0138    8.38790         23 0.0000e+00
    234.000    231.447    -1.4785  27.170574    -1.4772  27.170271     6.2239     6.3708     0.1558    98.1333 1.0000e-12  -74.17250 -113.26978  38.446175      99.51 4.2311e+01    446.513      10717  1028.4960  1028.4944     4.6553     0.0885     0.1200    34.0158    34.0139    8.38784         24 0.0000e+00
    235.000    232.436    -1.4766  27.173065    -1.4757  27.172388     6.2205     6.3731     0.1030    98.1583 1.0000e-12  -74.17250 -113.26978  38.446186      95.96 4.4046e+01    447.506      10741  1028.5012  1028.4996     4.6565     0.0873     0.1196    34.0165    34.0146    8.38737         24 0.0000e+00
    236.000    233.424    -1.4766  27.173486    -1.4750  27.173572     6.2229     6.3682     0.1022    98.0454 1.0000e-12  -74.17250 -113.26978  38.446198      99.89 4.3202e+01    448.508      10765  1028.5059  1028.5045     4.6511     0.0945     0.1187    34.0164    34.0148    8.38737         24 0.0000e+00
    237.000    234.413    -1.4756  27.174794    -1.4747  27.174222     6.2107     6.3618     0.1224    98.0471 1.0000e-12  -74.17250 -113.26978  38.446210      99.94 4.2315e+01    449.514      10789  1028.5107  1028.5092     4.6512     0.0922     0.1185    34.0164    34.0147    8.38714         24 0.0000e+00
    238.000    235.399    -1.4732  27.177787    -1.4708  27.178557     6.2020     6.3516     0.1251    97.9100 1.0000e-12  -74.17250 -113.26978  38.446222      99.94 4.3501e+01    450.535      10814  1028.5160  1028.5145     4.6447     0.0957     0.1221    34.0173    34.0155    8.38656         24 0.0000e+00
    239.000    236.391    -1.4631  27.187978    -1.4621  27.187580     6.1920     6.3503     0.1136    98.0299 1.0000e-12  -74.17250 -113.26978  38.446233      99.94 4.3484e+01    451.539      10838  1028.5218  1028.5203     4.6504     0.0872     0.1197    34.0192    34.0175    8.38418         24 0.0000e+00
    240.000    237.379    -1.4615  27.190979    -1.4604  27.190665     6.2003     6.3461     0.1094    98.2461 1.0000e-12  -74.17250 -113.26978  38.446245      99.94 4.2580e+01    452.554      10862  1028.5278  1028.5264     4.6606     0.0930     0.1218    34.0208    34.0191    8.38370         25 0.0000e+00
    241.000    238.367    -1.4630  27.189960    -1.4616  27.189849     6.2060     6.3484     0.1095    98.0768 1.0000e-12  -74.17250 -113.26978  38.446257      99.94 4.3225e+01    453.582      10887  1028.5325  1028.5310     4.6526     0.1058     0.1230    34.0206    34.0188    8.38407         25 0.0000e+00
    242.000    239.356    -1.4679  27.186228    -1.4625  27.189563     6.2051     6.3509     0.0945    98.1762 1.0000e-12  -74.17250 -113.26978  38.446269      99.94 4.4129e+01    454.610      10912  1028.5375  1028.5360     4.6573     0.0874     0.1188    34.0203    34.0188    8.38518         25 0.0000e+00
    243.000    240.344    -1.4669  27.187625    -1.4642  27.188715     6.1930     6.3434     0.1365    98.2197 1.0000e-12  -74.17250 -113.26977  38.446281      99.94 4.2317e+01    455.641      10936  1028.5424  1028.5410     4.6594     0.0866     0.1203    34.0205    34.0190    8.38495         24 0.0000e+00
    244.000    241.332    -1.4649  27.190365    -1.4636  27.189905     6.1902     6.3531     0.1692    98.2570 1.0000e-12  -74.17250 -113.26976  38.446292      99.94 4.2906e+01    456.662      10961  1028.5478  1028.5460     4.6612     0.0838     0.1191    34.0214    34.0192    8.38445         24 0.0000e+00
    245.000    242.321    -1.4569  27.198641    -1.4556  27.198346     6.1586     6.3197     0.1056    98.2683 1.0000e-12  -74.17250 -113.26976  38.446304      99.94 4.3861e+01    457.655      10985  1028.5534  1028.5518     4.6617     0.0840     0.1197    34.0231    34.0212    8.38255         24 0.0000e+00
    246.000    243.309    -1.4462  27.209697    -1.4445  27.209515     6.1129     6.2730     0.1180    98.2393 1.0000e-12  -74.17250 -113.26976  38.446315      99.94 4.2311e+01    458.644      11008  1028.5595  1028.5577     4.6604     0.0872     0.1222    34.0255    34.0234    8.37998         24 0.0000e+00
    247.000    244.297    -1.4253  27.231093    -1.4239  27.230205     6.0606     6.2354     0.1250    98.2392 1.0000e-12  -74.17250 -113.26976  38.446327      85.52 4.2309e+01    459.637      11032  1028.5671  1028.5648     4.6603     0.0865     0.1191    34.0306    34.0278    8.37499         24 0.0000e+00
    248.000    245.287    -1.3771  27.275395    -1.3697  27.279892     6.0356     6.2026     0.1317    98.2424 1.0000e-12  -74.17250 -113.26976  38.446338      96.68 4.2309e+01    460.631      11056  1028.5733  1028.5711     4.6605     0.1008     0.1209    34.0360    34.0338    8.36383         24 0.0000e+00
    249.000    246.273    -1.3682  27.283825    -1.3665  27.283599     6.0134     6.1805     0.1540    98.0385 1.0000e-12  -74.17250 -113.26976  38.446350      99.89 4.2309e+01    461.652      11081  1028.5785  1028.5766     4.6508     0.0835     0.1199    34.0369    34.0346    8.36178         25 0.0000e+00
    250.000    247.264    -1.3495  27.301658    -1.3476  27.301437     6.0117     6.1657     0.0868    98.1702 1.0000e-12  -74.17250 -113.26976  38.446362      99.94 4.2309e+01    462.663      11105  1028.5844  1028.5824     4.6571     0.0972     0.1232    34.0395    34.0371    8.35744         23 0.0000e+00
    251.000    248.251    -1.3452  27.306168    -1.3419  27.307343     6.0079     6.1621     0.3069    98.2608 1.0000e-12  -74.17250 -113.26976  38.446373      99.95 4.3412e+01    463.647      11129  1028.5898  1028.5880     4.6613     0.0837     0.1226    34.0403    34.0381    8.35644         24 0.0000e+00
    252.000    249.241    -1.3422  27.309567    -1.3406  27.309453     6.0135     6.1589     0.1588    98.1839 1.0000e-12  -74.17250 -113.26976  38.446385      99.94 4.2331e+01    464.626      11152  1028.5953  1028.5936     4.6577     0.0820     0.1197    34.0409    34.0389    8.35574         24 0.0000e+00
    253.000    250.228    -1.3410  27.311175    -1.3397  27.310741     6.0103     6.1587     0.0737    98.2834 1.0000e-12  -74.17250 -113.26976  38.446397      99.94 4.2309e+01    465.670      11177  1028.6004  1028.5987     4.6624     0.0818     0.1210    34.0411    34.0390    8.35544         26 0.0000e+00
    254.000    251.216    -1.3407  27.311906    -1.3389  27.311898     5.9988     6.1463     0.0749    98.2940 1.0000e-12  -74.17250 -113.26976  38.446409      99.94 4.3712e+01    466.745      11203  1028.6054  1028.6037     4.6629     0.0795     0.1214    34.0411    34.0391    8.35537         25 0.0000e+00
    255.000    252.205    -1.3320  27.320388    -1.3319  27.318471     5.9839     6.1350     0.0735    98.3166 1.0000e-12  -74.17250 -113.26975  38.446421      99.94 4.2242e+01    467.789      11228  1028.6108  1028.6086     4.6639     0.0823     0.1203    34.0423    34.0395    8.35336         25 0.0000e+00
    256.000    253.194    -1.3229  27.328739    -1.3224  27.327371     5.9837     6.1304     0.0598    98.3261 1.0000e-12  -74.17250 -113.26974  38.446433      99.94 4.2089e+01    468.811      11252  1028.6156  1028.6136     4.6644     0.0801     0.1214    34.0428    34.0404    8.35129         24 0.0000e+00
    257.000    254.182    -1.3209  27.330931    -1.3190  27.330971     5.9803     6.1283     0.0479    98.3353 1.0000e-12  -74.17250 -113.26974  38.446445      99.94 4.3093e+01    469.842      11277  1028.6205  1028.6187     4.6648     0.0803     0.1195    34.0429    34.0408    8.35084         25 0.0000e+00
    258.000    255.171    -1.3201  27.332171    -1.3179  27.332350     5.9889     6.1288     0.0604    98.3289 1.0000e-12  -74.17250 -113.26974  38.446457      99.94 4.2155e+01    470.889      11302  1028.6256  1028.6236     4.6646     0.0819     0.1174    34.0431    34.0408    8.35065         25 0.0000e+00
    259.000    256.159    -1.3200  27.332541    -1.3186  27.332111     5.9971     6.1356     0.0665    98.2873 1.0000e-12  -74.17250 -113.26974  38.446469      99.94 4.2025e+01    471.930      11327  1028.6303  1028.6286     4.6626     0.1127     0.1200    34.0428    34.0407    8.35064         25 0.0000e+00
