ocean_section_plots/required_files/ctd/dnbp2202_ctd112.cnv
* Sea-Bird SBE 9 Data File:
* FileName = D:\Data\raw\NBP2202_CTD112.hex
* Software Version Seasave V 7.26.7.121
* Temperature SN = 1649
* Conductivity SN = 2513
* Number of Bytes Per Scan = 40
* Number of Voltage Words = 5
* Number of Scans Averaged by the Deck Unit = 1
* NMEA Latitude = 74 10.52 S
* NMEA Longitude = 113 20.65 W
* NMEA UTC (Time) = Jan 27 2022  07:38:23
* NMEA baud rate = 9600
** Ship: RVIB N.B. Palmer
** Cruise: NBP2202 Thwaites
** Station: YoYo001
** Operator: B. Bjork
# nquan = 25
# nvalues = 608                         
# units = specified
# name 0 = prDM: Pressure, Digiquartz [db]
# name 1 = depSM: Depth [salt water, m]
# name 2 = t090C: Temperature [ITS-90, deg C]
# name 3 = c0mS/cm: Conductivity [mS/cm]
# name 4 = t190C: Temperature, 2 [ITS-90, deg C]
# name 5 = c1mS/cm: Conductivity, 2 [mS/cm]
# name 6 = sbeox0ML/L: Oxygen, SBE 43 [ml/l]
# name 7 = sbeox1ML/L: Oxygen, SBE 43, 2 [ml/l]
# name 8 = flECO-AFL: Fluorescence, WET Labs ECO-AFL/FL [mg/m^3]
# name 9 = CStarTr0: Beam Transmission, WET Labs C-Star [%]
# name 10 = par: PAR/Irradiance, Biospherical/Licor
# name 11 = latitude: Latitude [deg]
# name 12 = longitude: Longitude [deg]
# name 13 = timeJ: Julian Days
# name 14 = altM: Altimeter [m]
# name 15 = spar: SPAR, Biospherical/Licor
# name 16 = timeS: Time, Elapsed [seconds]
# name 17 = scan: Scan Count
# name 18 = density00: Density [density, kg/m^3]
# name 19 = density11: Density, 2 [density, kg/m^3]
# name 20 = sal00: Salinity, Practical [PSU]
# name 21 = sal11: Salinity, Practical, 2 [PSU]
# name 22 = oxsolML/L: Oxygen Saturation, Garcia & Gordon [ml/l]
# name 23 = nbin: number of scans per bin
# name 24 = flag: flag
# span 0 =     10.000,    617.000       
# span 1 =      9.896,    609.688       
# span 2 =    -1.4619,     0.1253       
# span 3 =  26.972872,  28.964574       
# span 4 =    -1.4602,     0.1278       
# span 5 =  26.973886,  28.963790       
# span 6 =     4.6740,     8.4484       
# span 7 =     4.7345,     8.5451       
# span 8 =    -0.0224,    20.9790       
# span 9 =    67.7010,    95.5924       
# span 10 = -9.880e-07, 1.0194e+00      
# span 11 =  -74.17536,  -74.17536      
# span 12 = -113.34427, -113.34422      
# span 13 =  27.318705,  27.326090      
# span 14 =       7.43,     100.01      
# span 15 = 5.8098e+01, 6.0490e+01      
# span 16 =     33.141,    671.130      
# span 17 =        796,      16108      
# span 18 =  1027.2285,  1030.5295      
# span 19 =  1027.2275,  1030.5262      
# span 20 =    33.7938,    34.3926      
# span 21 =    33.7905,    34.3888      
# span 22 =    8.01804,    8.39564      
# span 23 =          1,         46      
# span 24 = 0.0000e+00, 0.0000e+00      
# interval = decibars: 1                
# start_time = Jan 27 2022 07:38:23 [NMEA time, header]
# bad_flag = -9.990e-29
*END*
[from data line 58]
     68.000     67.284    -1.3413  27.057367    -1.3392  27.057978     6.9791     7.0796     9.7906    81.4778 1.0000e-12  -74.17536 -113.34424  27.319530      99.41 5.9393e+01    104.430       2507  1027.5268  1027.5256    33.8078    33.8063    8.36936         26 0.0000e+00
     69.000     68.274    -1.3385  27.060370    -1.3366  27.060618     6.9112     7.0241     9.6273    81.3112 1.0000e-12  -74.17536 -113.34424  27.319543      99.35 5.9329e+01    105.501       2533  1027.5316  1027.5301    33.8081    33.8063    8.36871         26 0.0000e+00
     70.000     69.264    -1.3458  27.054246    -1.3465  27.053242     6.8416     6.9714    11.4083    82.0182 1.0000e-12  -74.17536 -113.34424  27.319555      99.45 5.9442e+01    106.562       2558  1027.5362  1027.5358    33.8074    33.8068    8.37040         25 0.0000e+00
     71.000     70.253    -1.3716  27.034859    -1.3710  27.034476     6.7985     6.9391    11.8564    81.9453 1.0000e-12  -74.17536 -113.34424  27.319567      99.34 5.9304e+01    107.622       2584  1027.5439  1027.5429    33.8093    33.8081    8.37609         25 0.0000e+00
     72.000     71.241    -1.3756  27.032159    -1.3730  27.033179     6.7645     6.8946    10.0711    81.9100 1.0000e-12  -74.17536 -113.34424  27.319580      99.38 5.9465e+01    108.698       2610  1027.5489  1027.5475    33.8094    33.8079    8.37696         26 0.0000e+00
     73.000     72.232    -1.3801  27.029178    -1.3767  27.030873     6.6887     6.8049     9.0610    82.4460 1.0000e-12  -74.17536 -113.34424  27.319592      99.45 5.9731e+01    109.769       2635  1027.5541  1027.5527    33.8098    33.8083    8.37796         25 0.0000e+00
     74.000     73.221    -1.3868  27.024382    -1.3870  27.023542     6.5105     6.6529     9.1132    82.6693 1.0000e-12  -74.17536 -113.34424  27.319604      89.10 5.9598e+01    110.823       2661  1027.5594  1027.5587    33.8101    33.8092    8.37944         26 0.0000e+00
     75.000     74.210    -1.4083  27.008157    -1.4072  27.008619     6.2691     6.4463     9.0031    83.2043 1.0000e-12  -74.17536 -113.34424  27.319617      99.60 5.9299e+01    111.891       2686  1027.5664  1027.5659    33.8115    33.8109    8.38419         25 0.0000e+00
     76.000     75.200    -1.4447  26.982189    -1.4451  26.981637     6.1025     6.2891     8.5124    82.7845 1.0000e-12  -74.17536 -113.34424  27.319628      99.43 5.9868e+01    112.858       2710  1027.5771  1027.5770    33.8163    33.8161    8.39211         21 0.0000e+00
     77.000     76.190    -1.4619  26.972872    -1.4602  26.973886     6.0055     6.1915     7.5104    83.8708 1.0000e-12  -74.17536 -113.34424  27.319638      99.46 5.9646e+01    113.762       2731  1027.5875  1027.5870    33.8224    33.8218    8.39564         24 0.0000e+00
     78.000     77.178    -1.4571  26.980665    -1.4568  26.979635     5.9506     6.1268     6.9261    83.7749 1.0000e-12  -74.17536 -113.34424  27.319650      99.68 5.9725e+01    114.776       2756  1027.5954  1027.5940    33.8270    33.8253    8.39426         25 0.0000e+00
     79.000     78.169    -1.4497  26.990628    -1.4489  26.990099     5.9325     6.0927     5.3756    84.3157 1.0000e-12  -74.17536 -113.34424  27.319662      99.70 5.9797e+01    115.833       2781  1027.6034  1027.6020    33.8318    33.8301    8.39233         25 0.0000e+00
     80.000     79.156    -1.4491  26.991795    -1.4493  26.990159     5.9321     6.0763     4.2726    86.6321 1.0000e-12  -74.17536 -113.34424  27.319675      99.72 5.9084e+01    116.886       2806  1027.6082  1027.6066    33.8321    33.8301    8.39216         25 0.0000e+00
     81.000     80.146    -1.4421  27.000456    -1.4404  27.000630     5.9311     6.0646     4.9143    87.6204 1.0000e-12  -74.17536 -113.34424  27.319687      99.72 6.0007e+01    117.939       2832  1027.6152  1027.6136    33.8355    33.8337    8.39039         26 0.0000e+00
     82.000     81.134    -1.4390  27.004020    -1.4386  27.002695     5.9287     6.0409     3.1777    88.1454 1.0000e-12  -74.17536 -113.34424  27.319699      99.77 5.9797e+01    119.002       2857  1027.6203  1027.6184    33.8363    33.8340    8.38965         25 0.0000e+00
     83.000     82.124    -1.4375  27.006133    -1.4366  27.005773     5.8481     5.9573     3.4564    87.5378 1.0000e-12  -74.17536 -113.34424  27.319711      99.76 5.9160e+01    120.045       2882  1027.6253  1027.6240    33.8368    33.8353    8.38927         25 0.0000e+00
     84.000     83.114    -1.4342  27.010951    -1.4320  27.011766     5.6644     5.7907     3.2541    89.3955 1.0000e-12  -74.17536 -113.34424  27.319723      99.75 5.9946e+01    121.094       2907  1027.6317  1027.6305    33.8391    33.8378    8.38840         25 0.0000e+00
     85.000     84.103    -1.4277  27.022958    -1.4239  27.025693     5.4964     5.6397     3.2709    90.0675 1.0000e-12  -74.17536 -113.34424  27.319736      99.75 5.9938e+01    122.162       2933  1027.6429  1027.6424    33.8476    33.8471    8.38641         26 0.0000e+00
     86.000     85.092    -1.4116  27.045668    -1.4101  27.045626     5.4007     5.5440     3.2380    89.8703 1.0000e-12  -74.17536 -113.34424  27.319748      99.74 5.9938e+01    123.217       2958  1027.6568  1027.6554    33.8601    33.8583    8.38205         25 0.0000e+00
     87.000     86.082    -1.3967  27.062430    -1.3949  27.061833     5.3614     5.4968     2.5267    89.9095 1.0000e-12  -74.17536 -113.34424  27.319760      95.08 5.9938e+01    124.268       2983  1027.6652  1027.6629    33.8656    33.8628    8.37836         26 0.0000e+00
     88.000     87.071    -1.3757  27.087354    -1.3728  27.087605     5.3613     5.4780     2.0542    90.9201 1.0000e-12  -74.17536 -113.34424  27.319772      99.70 5.9868e+01    125.330       3009  1027.6769  1027.6744    33.8755    33.8726    8.37305         25 0.0000e+00
     89.000     88.060    -1.3587  27.106309    -1.3618  27.101419     5.3680     5.4745     1.3102    91.1395 1.0000e-12  -74.17536 -113.34424  27.319784      99.85 5.9517e+01    126.369       3034  1027.6857  1027.6836    33.8817    33.8785    8.36887         25 0.0000e+00
     90.000     89.049    -1.3548  27.109971    -1.3553  27.108219     5.3782     5.4719     0.7920    91.3131 1.0000e-12  -74.17536 -113.34424  27.319796      99.86 6.0143e+01    127.406       3059  1027.6907  1027.6892    33.8817    33.8799    8.36800         25 0.0000e+00
     91.000     90.038    -1.3584  27.107039    -1.3585  27.105546     5.3781     5.4642     0.9256    91.6752 1.0000e-12  -74.17536 -113.34424  27.319809      99.86 6.0292e+01    128.467       3084  1027.6954  1027.6939    33.8812    33.8792    8.36885         25 0.0000e+00
     92.000     91.027    -1.3519  27.114252    -1.3492  27.115308     5.3815     5.4593     0.9387    93.1234 1.0000e-12  -74.17536 -113.34424  27.319821      99.86 5.9397e+01    129.519       3109  1027.7014  1027.7000    33.8830    33.8815    8.36727         26 0.0000e+00
     93.000     92.017    -1.3455  27.121004    -1.3436  27.120969     5.3763     5.4538     0.6452    93.4115 1.0000e-12  -74.17536 -113.34424  27.319833      99.85 5.9235e+01    130.571       3135  1027.7072  1027.7053    33.8844    33.8823    8.36574         25 0.0000e+00
     94.000     93.006    -1.3366  27.129637    -1.3382  27.126571     5.3741     5.4506     0.4326    93.6701 1.0000e-12  -74.17536 -113.34424  27.319845      99.86 5.9805e+01    131.641       3160  1027.7126  1027.7107    33.8857    33.8832    8.36369         25 0.0000e+00
     95.000     93.996    -1.3367  27.130152    -1.3361  27.129180     5.3905     5.4596     0.2098    94.0255 1.0000e-12  -74.17536 -113.34424  27.319857      99.86 5.9008e+01    132.684       3185  1027.7177  1027.7160    33.8858    33.8838    8.36370         25 0.0000e+00
     96.000     94.984    -1.3392  27.127889    -1.3392  27.126565     5.3990     5.4748     0.0955    94.7246 1.0000e-12  -74.17536 -113.34424  27.319869      99.86 5.9304e+01    133.711       3210  1027.7220  1027.7206    33.8849    33.8831    8.36431         25 0.0000e+00
     97.000     95.973    -1.3525  27.114963    -1.3538  27.112745     5.3948     5.4739     0.2147    94.6626 1.0000e-12  -74.17536 -113.34424  27.319881      99.86 6.0356e+01    134.744       3235  1027.7251  1027.7239    33.8816    33.8801    8.36750         25 0.0000e+00
     98.000     96.963    -1.3509  27.117914    -1.3538  27.113250     5.3777     5.4556     0.4329    94.6838 1.0000e-12  -74.17536 -113.34424  27.319893      99.86 5.8751e+01    135.784       3260  1027.7311  1027.7287    33.8832    33.8800    8.36704         25 0.0000e+00
     99.000     97.950    -1.3344  27.134285    -1.3428  27.124242     5.3692     5.4396     0.5324    94.8618 1.0000e-12  -74.17536 -113.34424  27.319905      95.50 5.8470e+01    136.807       3284  1027.7375  1027.7346    33.8864    33.8821    8.36314         24 0.0000e+00
    100.000     98.942    -1.3292  27.139939    -1.3289  27.138632     5.3698     5.4354     0.6976    94.9405 1.0000e-12  -74.17536 -113.34424  27.319917      99.13 6.0136e+01    137.851       3309  1027.7431  1027.7413    33.8876    33.8855    8.36191         26 0.0000e+00
    101.000     99.930    -1.3283  27.141001    -1.3266  27.141390     5.3588     5.4272     0.3077    95.2011 1.0000e-12  -74.17536 -113.34424  27.319929      99.86 5.8899e+01    138.901       3335  1027.7478  1027.7466    33.8874    33.8861    8.36171         25 0.0000e+00
    102.000    100.919    -1.3297  27.140416    -1.3284  27.140209     5.3591     5.4165     0.0896    95.0608 1.0000e-12  -74.17536 -113.34424  27.319941      99.86 5.8255e+01    139.926       3359  1027.7530  1027.7514    33.8877    33.8859    8.36203         24 0.0000e+00
    103.000    101.908    -1.3274  27.143147    -1.3251  27.143741     5.3861     5.4441     0.2359    95.2142 1.0000e-12  -74.17536 -113.34424  27.319953      99.86 6.0179e+01    140.948       3384  1027.7581  1027.7565    33.8881    33.8864    8.36147         24 0.0000e+00
    104.000    102.899    -1.3378  27.132220    -1.3373  27.131446     5.3909     5.4612     0.1952    95.3372 1.0000e-12  -74.17536 -113.34424  27.319965      99.86 5.8856e+01    141.978       3408  1027.7605  1027.7591    33.8843    33.8826    8.36403         25 0.0000e+00
    105.000    103.887    -1.3548  27.116194    -1.3539  27.115666     5.3660     5.4380     0.1829    95.2908 1.0000e-12  -74.17536 -113.34424  27.319977      99.86 5.8178e+01    142.996       3433  1027.7636  1027.7622    33.8808    33.8792    8.36804         25 0.0000e+00
    106.000    104.876    -1.3456  27.127257    -1.3473  27.122851     5.3312     5.4064     0.2142    95.2815 1.0000e-12  -74.17536 -113.34424  27.319989      99.86 5.9701e+01    144.025       3458  1027.7712  1027.7680    33.8850    33.8810    8.36573         25 0.0000e+00
    107.000    105.866    -1.3039  27.169702    -1.3040  27.167388     5.3264     5.3990     0.4920    95.3388 1.0000e-12  -74.17536 -113.34424  27.320001      99.86 5.9164e+01    145.080       3483  1027.7818  1027.7794    33.8955    33.8924    8.35577         25 0.0000e+00
    108.000    106.854    -1.2936  27.180885    -1.2920  27.180520     5.3466     5.4171     0.3303    95.3155 1.0000e-12  -74.17536 -113.34424  27.320013      99.86 5.8319e+01    146.108       3508  1027.7886  1027.7867    33.8985    33.8963    8.35328         24 0.0000e+00
    109.000    107.844    -1.2990  27.179194    -1.2993  27.177772     5.3648     5.4327     0.1006    95.2009 1.0000e-12  -74.17536 -113.34424  27.320025      99.86 5.9374e+01    147.126       3532  1027.7965  1027.7953    33.9017    33.9002    8.35430         25 0.0000e+00
    110.000    108.833    -1.3114  27.170294    -1.3114  27.169065     5.3793     5.4345     0.0433    95.1016 1.0000e-12  -74.17536 -113.34424  27.320037      99.87 5.9163e+01    148.161       3557  1027.8032  1027.8018    33.9029    33.9013    8.35701         25 0.0000e+00
    111.000    109.820    -1.3143  27.168484    -1.3133  27.168164     5.3914     5.4481     0.0008    95.4329 1.0000e-12  -74.17536 -113.34424  27.320048      99.86 5.8180e+01    149.182       3581  1027.8084  1027.8071    33.9031    33.9015    8.35764         24 0.0000e+00
    112.000    110.811    -1.3199  27.164992    -1.3183  27.164944     5.4109     5.4687     0.0305    95.4461 1.0000e-12  -74.17536 -113.34424  27.320060      96.59 5.9016e+01    150.202       3606  1027.8144  1027.8127    33.9041    33.9022    8.35885         25 0.0000e+00
    113.000    111.801    -1.3244  27.161578    -1.3225  27.161984     5.4301     5.4860     0.1177    95.4574 1.0000e-12  -74.17536 -113.34424  27.320072      99.13 5.9654e+01    151.246       3631  1027.8193  1027.8178    33.9039    33.9022    8.35988         25 0.0000e+00
    114.000    112.788    -1.3387  27.151057    -1.3374  27.150863     5.4387     5.4988     0.0792    95.4745 1.0000e-12  -74.17536 -113.34424  27.320084      99.87 5.8158e+01    152.282       3656  1027.8259  1027.8244    33.9050    33.9032    8.36301         24 0.0000e+00
    115.000    113.779    -1.3407  27.150337    -1.3394  27.150058     5.4431     5.5017    -0.0151    95.4698 1.0000e-12  -74.17536 -113.34424  27.320096      99.86 5.8812e+01    153.296       3680  1027.8313  1027.8297    33.9056    33.9037    8.36342         25 0.0000e+00
    116.000    114.766    -1.3435  27.150334    -1.3423  27.150026     5.4463     5.5088    -0.0156    95.4636 1.0000e-12  -74.17536 -113.34424  27.320108      99.86 6.0289e+01    154.332       3705  1027.8383  1027.8367    33.9081    33.9063    8.36389         25 0.0000e+00
    117.000    115.756    -1.3436  27.150754    -1.3423  27.150488     5.4443     5.5080    -0.0224    95.4022 1.0000e-12  -74.17536 -113.34424  27.320120      99.87 5.8536e+01    155.358       3730  1027.8431  1027.8415    33.9083    33.9064    8.36392         24 0.0000e+00
    118.000    116.746    -1.3429  27.151894    -1.3415  27.151649     5.4454     5.5148    -0.0147    95.5182 1.0000e-12  -74.17536 -113.34424  27.320132      99.87 5.8387e+01    156.375       3754  1027.8479  1027.8463    33.9083    33.9065    8.36374         25 0.0000e+00
    119.000    117.734    -1.3424  27.152853    -1.3415  27.152169     5.4546     5.5203     0.1207    95.5294 1.0000e-12  -74.17536 -113.34424  27.320144      99.87 5.9984e+01    157.401       3779  1027.8527  1027.8511    33.9084    33.9065    8.36362         25 0.0000e+00
    120.000    118.723    -1.3444  27.152125    -1.3437  27.151498     5.4617     5.5214     0.0030    95.5237 1.0000e-12  -74.17536 -113.34424  27.320155      99.86 5.8189e+01    158.430       3803  1027.8582  1027.8568    33.9091    33.9075    8.36404         24 0.0000e+00
    121.000    119.712    -1.3490  27.149873    -1.3477  27.149526     5.4648     5.5301    -0.0092    95.5355 1.0000e-12  -74.17536 -113.34424  27.320167      99.87 5.8175e+01    159.437       3827  1027.8644  1027.8628    33.9106    33.9087    8.36498         24 0.0000e+00
    122.000    120.703    -1.3497  27.149648    -1.3487  27.149235     5.4700     5.5380    -0.0124    95.5306 1.0000e-12  -74.17536 -113.34424  27.320179      99.87 6.0213e+01    160.455       3852  1027.8691  1027.8677    33.9105    33.9088    8.36515         25 0.0000e+00
    123.000    121.690    -1.3528  27.147998    -1.3515  27.147695     5.4754     5.5423    -0.0150    95.5431 1.0000e-12  -74.17536 -113.34424  27.320191      99.86 5.8531e+01    161.486       3877  1027.8745  1027.8730    33.9111    33.9092    8.36580         24 0.0000e+00
    124.000    122.680    -1.3533  27.148024    -1.3518  27.147963     5.4771     5.5360    -0.0109    95.5470 1.0000e-12  -74.17536 -113.34424  27.320203      95.14 5.8177e+01    162.495       3901  1027.8793  1027.8778    33.9111    33.9093    8.36591         25 0.0000e+00
