ocean_section_plots/required_files/ctd/dnbp2202_ctd116.cnv
* Sea-Bird SBE 9 Data File:
* FileName = D:\Data\raw\NBP2202_CTD116.hex
* Software Version Seasave V 7.26.7.121
* Temperature SN = 1649
* Conductivity SN = 2513
* Number of Bytes Per Scan = 40
* Number of Voltage Words = 5
* Number of Scans Averaged by the Deck Unit = 1
* NMEA Latitude = 74 10.52 S
* NMEA Longitude = 113 20.65 W
* NMEA UTC (Time) = Jan 27 2022  09:10:51
* NMEA baud rate = 9600
** Ship: RVIB N.B. Palmer
** Cruise: NBP2202 Thwaites
** Station: YoYo001
** Operator: B. Bjork
# nquan = 25
# nvalues = 608                         
# units = specified
# name 0 = prDM: Pressure, Digiquartz [db]
# name 1 = depSM: Depth [salt water, m]
# name 2 = t090C: Temperature [ITS-90, deg C]
# name 3 = c0mS/cm: Conductivity [mS/cm]
# name 4 = t190C: Temperature, 2 [ITS-90, deg C]
# name 5 = c1mS/cm: Conductivity, 2 [mS/cm]
# name 6 = sbeox0ML/L: Oxygen, SBE 43 [ml/l]
# name 7 = sbeox1ML/L: Oxygen, SBE 43, 2 [ml/l]
# name 8 = flECO-AFL: Fluorescence, WET Labs ECO-AFL/FL [mg/m^3]
# name 9 = CStarTr0: Beam Transmission, WET Labs C-Star [%]
# name 10 = par: PAR/Irradiance, Biospherical/Licor
# name 11 = latitude: Latitude [deg]
# name 12 = longitude: Longitude [deg]
# name 13 = timeJ: Julian Days
# name 14 = altM: Altimeter [m]
# name 15 = spar: SPAR, Biospherical/Licor
# name 16 = timeS: Time, Elapsed [seconds]
# name 17 = scan: Scan Count
# name 18 = density00: Density [density, kg/m^3]
# name 19 = density11: Density, 2 [density, kg/m^3]
# name 20 = sal00: Salinity, Practical [PSU]
# name 21 = sal11: Salinity, Practical, 2 [PSU]
# name 22 = oxsolML/L: Oxygen Saturation, Garcia & Gordon [ml/l]
# name 23 = nbin: number of scans per bin
# name 24 = flag: flag
# span 0 =     10.000,    617.000       
# span 1 =      9.896,    609.700       
# span 2 =    -1.4008,     0.1117       
# span 3 =  27.020645,  28.945619       
# span 4 =    -1.4004,     0.1139       
# span 5 =  27.019989,  28.945374       
# span 6 =     4.6781,     8.6393       
# span 7 =     4.7279,     8.6357       
# span 8 =    -0.0225,    22.1265       
# span 9 =    70.1388,    95.5970       
# span 10 = -1.088e-04, 1.5397e+00      
# span 11 =  -74.17536,  -74.17536      
# span 12 = -113.34426, -113.34422      
# span 13 =  27.382874,  27.390206      
# span 14 =       7.03,     100.09      
# span 15 = 9.3433e+01, 1.0754e+02      
# span 16 =     29.326,    662.775      
# span 17 =        705,      15908      
# span 18 =  1027.2178,  1030.5250      
# span 19 =  1027.2157,  1030.5226      
# span 20 =    33.7859,    34.3858      
# span 21 =    33.7836,    34.3832      
# span 22 =    8.02128,    8.38164      
# span 23 =         13,         47      
# span 24 = 0.0000e+00, 0.0000e+00      
# interval = decibars: 1                
# start_time = Jan 27 2022 09:10:51 [NMEA time, header]
# bad_flag = -9.990e-29
*END*
[from data line 174]
    184.000    182.015    -1.2053  27.347879    -1.2052  27.346970     5.5019     5.5626    -0.0090    95.5879 1.0000e-12  -74.17536 -113.34424  27.385030      99.87 9.6498e+01    215.625       5176  1028.2157  1028.2147    33.9802    33.9789    8.32875         23 0.0000e+00
    185.000    183.004    -1.2248  27.333631    -1.2241  27.332950     5.5100     5.5773    -0.0135    95.5731 1.0000e-12  -74.17536 -113.34424  27.385042      99.86 9.6957e+01    216.601       5199  1028.2236  1028.2222    33.9822    33.9804    8.33298         24 0.0000e+00
    186.000    183.992    -1.2215  27.338913    -1.2200  27.338392     5.5097     5.5833    -0.0005    95.5745 1.0000e-12  -74.17536 -113.34424  27.385053      99.86 9.6958e+01    217.580       5223  1028.2305  1028.2285    33.9850    33.9826    8.33206         23 0.0000e+00
    187.000    184.981    -1.2219  27.339040    -1.2208  27.338397     5.5065     5.5858    -0.0148    95.5790 1.0000e-12  -74.17536 -113.34424  27.385064      99.86 9.6958e+01    218.548       5246  1028.2355  1028.2337    33.9851    33.9830    8.33216         23 0.0000e+00
    188.000    185.968    -1.2124  27.348771    -1.2117  27.347286     5.5082     5.5802    -0.0150    95.5730 1.0000e-12  -74.17536 -113.34424  27.385076      97.69 9.6958e+01    219.535       5270  1028.2413  1028.2390    33.9870    33.9841    8.32993         24 0.0000e+00
    189.000    186.960    -1.2097  27.352518    -1.2080  27.352241     5.4986     5.5761    -0.0096    95.5741 1.0000e-12  -74.17536 -113.34424  27.385087      94.56 9.6958e+01    220.511       5293  1028.2472  1028.2452    33.9885    33.9862    8.32924         24 0.0000e+00
    190.000    187.947    -1.2056  27.358070    -1.2038  27.357724     5.5067     5.5705    -0.0168    95.5777 1.0000e-12  -74.17536 -113.34424  27.385098      99.76 9.6958e+01    221.480       5317  1028.2537  1028.2515    33.9908    33.9882    8.32819         23 0.0000e+00
    191.000    188.936    -1.1995  27.365043    -1.1982  27.364528     5.5288     5.5939    -0.0151    95.5712 1.0000e-12  -74.17536 -113.34424  27.385109      99.86 9.6958e+01    222.450       5340  1028.2598  1028.2580    33.9928    33.9907    8.32671         23 0.0000e+00
    192.000    189.925    -1.2019  27.364272    -1.2003  27.364129     5.5353     5.6037    -0.0125    95.5801 1.0000e-12  -74.17536 -113.34424  27.385121      99.86 9.6958e+01    223.425       5363  1028.2657  1028.2640    33.9938    33.9919    8.32718         23 0.0000e+00
    193.000    190.913    -1.2138  27.355846    -1.2133  27.354564     5.5229     5.5922    -0.0213    95.5846 1.0000e-12  -74.17536 -113.34424  27.385132      99.87 9.6958e+01    224.391       5386  1028.2725  1028.2705    33.9952    33.9929    8.32976         23 0.0000e+00
    194.000    191.902    -1.2134  27.357102    -1.2130  27.355424     5.5118     5.5850    -0.0149    95.5816 1.0000e-12  -74.17536 -113.34424  27.385143      99.86 9.6958e+01    225.363       5410  1028.2777  1028.2755    33.9958    33.9931    8.32963         24 0.0000e+00
    195.000    192.890    -1.1952  27.374534    -1.1918  27.375345     5.4898     5.5702    -0.0150    95.5970 1.0000e-12  -74.17536 -113.34424  27.385154      99.87 9.6958e+01    226.344       5433  1028.2834  1028.2810    33.9984    33.9957    8.32542         23 0.0000e+00
    196.000    193.879    -1.1887  27.380706    -1.1884  27.379224     5.4734     5.5494    -0.0079    95.5810 1.0000e-12  -74.17536 -113.34424  27.385166      99.87 9.6958e+01    227.303       5456  1028.2882  1028.2863    33.9989    33.9965    8.32394         23 0.0000e+00
    197.000    194.869    -1.1825  27.387638    -1.1784  27.388951     5.4414     5.5268    -0.0077    95.5944 1.0000e-12  -74.17536 -113.34424  27.385177      99.86 9.6958e+01    228.263       5479  1028.2942  1028.2917    34.0008    33.9979    8.32247         24 0.0000e+00
    198.000    195.857    -1.1579  27.410448    -1.1545  27.411357     5.4106     5.4980    -0.0181    95.5825 1.0000e-12  -74.17536 -113.34424  27.385188      99.86 9.6958e+01    229.235       5503  1028.2997  1028.2973    34.0034    34.0008    8.31683         23 0.0000e+00
    199.000    196.846    -1.1454  27.423544    -1.1431  27.423161     5.3733     5.4615    -0.0182    95.5514 1.0000e-12  -74.17536 -113.34424  27.385199      99.86 9.6958e+01    230.196       5526  1028.3063  1028.3036    34.0066    34.0034    8.31388         23 0.0000e+00
    200.000    197.833    -1.1118  27.456171    -1.1098  27.455340     5.3378     5.4285    -0.0150    95.5620 1.0000e-12  -74.17536 -113.34424  27.385210      99.87 9.6958e+01    231.154       5549  1028.3138  1028.3109    34.0125    34.0091    8.30608         23 0.0000e+00
    201.000    198.824    -1.0850  27.482533    -1.0810  27.483561     5.3017     5.3903    -0.0150    95.5834 1.0000e-12  -74.17536 -113.34424  27.385221      91.35 9.6958e+01    232.126       5572  1028.3210  1028.3183    34.0175    34.0144    8.29984         23 0.0000e+00
    202.000    199.812    -1.0496  27.516829    -1.0439  27.519245     5.2717     5.3618    -0.0150    95.5643 1.0000e-12  -74.17536 -113.34424  27.385233      88.32 9.6958e+01    233.090       5595  1028.3287  1028.3257    34.0236    34.0204    8.29166         23 0.0000e+00
    203.000    200.800    -1.0255  27.539310    -1.0241  27.538150     5.2599     5.3467    -0.0150    95.4888 1.0000e-12  -74.17536 -113.34424  27.385244      97.48 9.6958e+01    234.049       5618  1028.3344  1028.3318    34.0264    34.0232    8.28617         23 0.0000e+00
    204.000    201.788    -1.0076  27.556352    -1.0054  27.555641     5.2462     5.3266    -0.0150    95.5637 1.0000e-12  -74.17536 -113.34424  27.385255      99.92 9.6958e+01    235.021       5642  1028.3403  1028.3374    34.0287    34.0252    8.28207         23 0.0000e+00
    205.000    202.778    -1.0026  27.561009    -1.0019  27.559551     5.2442     5.3234    -0.0150    95.5439 1.0000e-12  -74.17536 -113.34424  27.385266      99.86 9.6958e+01    235.979       5665  1028.3452  1028.3431    34.0287    34.0260    8.28097         23 0.0000e+00
    206.000    203.767    -1.0005  27.563758    -0.9979  27.563935     5.2460     5.3247    -0.0150    95.5197 1.0000e-12  -74.17536 -113.34424  27.385277      99.86 9.6958e+01    236.928       5687  1028.3509  1028.3486    34.0295    34.0269    8.28046         24 0.0000e+00
    207.000    204.756    -0.9960  27.568464    -0.9933  27.568850     5.2315     5.3151    -0.0147    95.5240 1.0000e-12  -74.17536 -113.34424  27.385288      99.86 9.8242e+01    237.902       5711  1028.3563  1028.3541    34.0303    34.0277    8.27944         23 0.0000e+00
    208.000    205.743    -0.9930  27.571714    -0.9904  27.571918     5.2055     5.2825    -0.0185    95.5274 1.0000e-12  -74.17536 -113.34424  27.385299      99.86 9.8109e+01    238.869       5734  1028.3616  1028.3592    34.0307    34.0279    8.27875         23 0.0000e+00
    209.000    206.732    -0.9767  27.587812    -0.9748  27.586526     5.1851     5.2566    -0.0198    95.5053 1.0000e-12  -74.17536 -113.34424  27.385310      99.87 9.7578e+01    239.822       5757  1028.3678  1028.3646    34.0335    34.0296    8.27499         23 0.0000e+00
    210.000    207.721    -0.9420  27.620594    -0.9407  27.618620     5.1769     5.2502    -0.0150    95.5005 1.0000e-12  -74.17536 -113.34424  27.385322      99.86 9.7263e+01    240.798       5780  1028.3743  1028.3709    34.0382    34.0341    8.26707         23 0.0000e+00
    211.000    208.710    -0.9292  27.632265    -0.9279  27.631400     5.1855     5.2598    -0.0153    95.5017 1.0000e-12  -74.17536 -113.34424  27.385333      99.86 9.7133e+01    241.757       5803  1028.3792  1028.3770    34.0390    34.0364    8.26421         23 0.0000e+00
    212.000    209.697    -0.9380  27.624944    -0.9374  27.623809     5.1935     5.2654    -0.0224    95.4905 1.0000e-12  -74.17536 -113.34424  27.385344      99.86 9.6958e+01    242.709       5826  1028.3845  1028.3827    34.0384    34.0362    8.26619         23 0.0000e+00
    213.000    210.687    -0.9409  27.623042    -0.9386  27.623060     5.1987     5.2703    -0.0093    95.4849 1.0000e-12  -74.17536 -113.34424  27.385355      99.87 9.6958e+01    243.668       5849  1028.3898  1028.3877    34.0385    34.0360    8.26682         23 0.0000e+00
    214.000    211.677    -0.9445  27.620670    -0.9455  27.617780     5.2029     5.2710    -0.0131    95.4961 1.0000e-12  -74.17536 -113.34424  27.385366      99.87 9.6958e+01    244.627       5872  1028.3953  1028.3931    34.0387    34.0359    8.26759         23 0.0000e+00
    215.000    212.664    -0.9421  27.623240    -0.9415  27.621780     5.2005     5.2706    -0.0150    95.4983 1.0000e-12  -74.17536 -113.34424  27.385377      97.87 9.6958e+01    245.577       5895  1028.4003  1028.3981    34.0389    34.0362    8.26706         23 0.0000e+00
    216.000    213.652    -0.9411  27.624764    -0.9432  27.621046     5.2035     5.2749    -0.0182    95.4861 1.0000e-12  -74.17536 -113.34424  27.385388      96.42 9.8025e+01    246.536       5918  1028.4054  1028.4034    34.0392    34.0365    8.26682         23 0.0000e+00
    217.000    214.641    -0.9413  27.624944    -0.9408  27.623470     5.1865     5.2544    -0.0221    95.4883 1.0000e-12  -74.17536 -113.34424  27.385399      99.69 9.7497e+01    247.496       5941  1028.4102  1028.4082    34.0390    34.0365    8.26687         23 0.0000e+00
    218.000    215.631    -0.9437  27.623576    -0.9415  27.623504     5.1848     5.2611    -0.0221    95.4982 1.0000e-12  -74.17536 -113.34424  27.385410      99.86 9.7343e+01    248.446       5964  1028.4156  1028.4133    34.0393    34.0367    8.26738         23 0.0000e+00
    219.000    216.619    -0.9414  27.626520    -0.9364  27.628384     5.1654     5.2460    -0.0214    95.4950 1.0000e-12  -74.17536 -113.34424  27.385421      99.87 9.7491e+01    249.397       5987  1028.4209  1028.4181    34.0401    34.0370    8.26683         23 0.0000e+00
    220.000    217.607    -0.9194  27.646312    -0.9255  27.638682     5.1003     5.1793    -0.0143    95.4882 1.0000e-12  -74.17536 -113.34424  27.385432      99.87 9.8160e+01    250.354       6009  1028.4255  1028.4231    34.0415    34.0380    8.26191         22 0.0000e+00
    221.000    218.595    -0.9254  27.641400    -0.9206  27.643519     5.0248     5.1136    -0.0070    95.4962 1.0000e-12  -74.17536 -113.34424  27.385443      99.87 9.7798e+01    251.300       6032  1028.4304  1028.4280    34.0411    34.0384    8.26327         23 0.0000e+00
    222.000    219.584    -0.8423  27.718432    -0.8387  27.716727     4.9923     5.0735    -0.0131    95.4928 1.0000e-12  -74.17536 -113.34424  27.385454      99.87 9.7495e+01    252.248       6055  1028.4373  1028.4321    34.0511    34.0447    8.24445         23 0.0000e+00
    223.000    220.573    -0.8139  27.742892    -0.8129  27.741328     4.9777     5.0564    -0.0102    95.4950 1.0000e-12  -74.17536 -113.34424  27.385465      99.86 9.7648e+01    253.207       6078  1028.4410  1028.4383    34.0516    34.0484    8.23821         23 0.0000e+00
    224.000    221.562    -0.8112  27.746405    -0.8094  27.745695     4.9843     5.0609    -0.0100    95.4763 1.0000e-12  -74.17536 -113.34424  27.385476      99.87 9.7760e+01    254.154       6101  1028.4468  1028.4444    34.0527    34.0497    8.23755         22 0.0000e+00
    225.000    222.550    -0.8110  27.746964    -0.8091  27.746505     4.9919     5.0631    -0.0167    95.4862 1.0000e-12  -74.17536 -113.34424  27.385487      99.86 9.8113e+01    255.099       6123  1028.4520  1028.4496    34.0526    34.0498    8.23752         23 0.0000e+00
    226.000    223.539    -0.8107  27.747911    -0.8089  27.747290     4.9948     5.0618    -0.0205    95.4803 1.0000e-12  -74.17536 -113.34424  27.385498      99.86 9.7485e+01    256.057       6146  1028.4573  1028.4549    34.0530    34.0500    8.23744         23 0.0000e+00
    227.000    224.527    -0.8111  27.749489    -0.8092  27.749114     5.0003     5.0656    -0.0144    95.4647 1.0000e-12  -74.17536 -113.34424  27.385509      99.86 9.7801e+01    257.000       6169  1028.4640  1028.4617    34.0549    34.0522    8.23740         23 0.0000e+00
    228.000    225.515    -0.8036  27.759275    -0.8016  27.758691     5.0073     5.0658    -0.0143    95.4554 1.0000e-12  -74.17536 -113.34424  27.385520      99.09 9.8161e+01    257.940       6192  1028.4718  1028.4693    34.0590    34.0561    8.23552         22 0.0000e+00
    229.000    226.505    -0.7988  27.764526    -0.7967  27.764105     5.0101     5.0682    -0.0199    95.4478 1.0000e-12  -74.17536 -113.34424  27.385531      76.63 9.7796e+01    258.889       6214  1028.4774  1028.4750    34.0602    34.0573    8.23441         23 0.0000e+00
    230.000    227.493    -0.7952  27.770493    -0.7922  27.771266     5.0129     5.0672    -0.0221    95.4496 1.0000e-12  -74.17536 -113.34424  27.385542      96.57 9.7677e+01    259.833       6237  1028.4849  1028.4828    34.0636    34.0612    8.23343         22 0.0000e+00
    231.000    228.483    -0.7926  27.774178    -0.7916  27.772728     5.0154     5.0717    -0.0221    95.4445 1.0000e-12  -74.17536 -113.34424  27.385553      99.93 9.8194e+01    260.767       6259  1028.4909  1028.4884    34.0650    34.0619    8.23278         23 0.0000e+00
    232.000    229.469    -0.7939  27.773066    -0.7924  27.772322     5.0132     5.0771    -0.0163    95.4491 1.0000e-12  -74.17536 -113.34424  27.385564      99.86 9.8184e+01    261.718       6282  1028.4954  1028.4931    34.0644    34.0616    8.23310         23 0.0000e+00
    233.000    230.458    -0.7930  27.774303    -0.7914  27.773554     5.0131     5.0733    -0.0058    95.4502 1.0000e-12  -74.17536 -113.34424  27.385575      99.87 9.8456e+01    262.663       6305  1028.5003  1028.4980    34.0645    34.0616    8.23290         23 0.0000e+00
    234.000    231.447    -0.7926  27.775187    -0.7911  27.774348     5.0159     5.0702    -0.0133    95.4577 1.0000e-12  -74.17536 -113.34424  27.385586      99.87 9.8718e+01    263.593       6327  1028.5053  1028.5030    34.0645    34.0618    8.23280         22 0.0000e+00
    235.000    232.435    -0.7929  27.775453    -0.7906  27.775241     5.0154     5.0753    -0.0134    95.4491 1.0000e-12  -74.17536 -113.34424  27.385596      99.86 9.8721e+01    264.536       6350  1028.5103  1028.5079    34.0646    34.0618    8.23286         23 0.0000e+00
    236.000    233.425    -0.7924  27.776291    -0.7902  27.776173     5.0114     5.0784    -0.0197    95.4543 1.0000e-12  -74.17536 -113.34424  27.385607      99.86 9.8721e+01    265.482       6373  1028.5151  1028.5128    34.0645    34.0619    8.23275         22 0.0000e+00
    237.000    234.413    -0.7931  27.775773    -0.7917  27.774822     5.0077     5.0727    -0.0208    95.4569 1.0000e-12  -74.17536 -113.34424  27.385618      99.86 9.8721e+01    266.419       6395  1028.5196  1028.5173    34.0641    34.0612    8.23294         23 0.0000e+00
    238.000    235.402    -0.7935  27.775976    -0.7912  27.775909     5.0082     5.0626    -0.0129    95.4525 1.0000e-12  -74.17536 -113.34424  27.385629      99.87 9.8721e+01    267.361       6418  1028.5246  1028.5223    34.0642    34.0615    8.23302         23 0.0000e+00
    239.000    236.390    -0.7951  27.774447    -0.7932  27.774089     5.0080     5.0675    -0.0080    95.4507 1.0000e-12  -74.17536 -113.34424  27.385640      99.87 9.8721e+01    268.316       6441  1028.5289  1028.5267    34.0633    34.0607    8.23342         22 0.0000e+00
    240.000    237.377    -0.7958  27.773983    -0.7945  27.773156     5.0059     5.0693    -0.0135    95.4592 1.0000e-12  -74.17536 -113.34424  27.385651      99.87 9.8721e+01    269.258       6463  1028.5334  1028.5312    34.0629    34.0603    8.23360         23 0.0000e+00
