ocean_section_plots/required_files/ctd/dnbp2202_ctd077.cnv
* Sea-Bird SBE 9 Data File:
* FileName = D:\Data\raw\NBP2202_CTD077.hex
* Software Version Seasave V 7.26.7.121
* Temperature SN = 1649
* Conductivity SN = 2513
* Number of Bytes Per Scan = 40
* Number of Voltage Words = 5
* Number of Scans Averaged by the Deck Unit = 1
* NMEA Latitude = 74 10.51 S
* NMEA Longitude = 113 20.67 W
* NMEA UTC (Time) = Jan 26 2022  15:43:13
* NMEA baud rate = 9600
** Ship: RVIB N.B. Palmer
** Cruise: NBP2202 Thwaites
** Station: YoYo001
** Operator: A. Robinson
# nquan = 25
# nvalues = 616                         
# units = specified
# name 0 = prDM: Pressure, Digiquartz [db]
# name 1 = depSM: Depth [salt water, m]
# name 2 = t090C: Temperature [ITS-90, deg C]
# name 3 = c0mS/cm: Conductivity [mS/cm]
# name 4 = t190C: Temperature, 2 [ITS-90, deg C]
# name 5 = c1mS/cm: Conductivity, 2 [mS/cm]
# name 6 = sbeox0ML/L: Oxygen, SBE 43 [ml/l]
# name 7 = sbeox1ML/L: Oxygen, SBE 43, 2 [ml/l]
# name 8 = flECO-AFL: Fluorescence, WET Labs ECO-AFL/FL [mg/m^3]
# name 9 = CStarTr0: Beam Transmission, WET Labs C-Star [%]
# name 10 = par: PAR/Irradiance, Biospherical/Licor
# name 11 = latitude: Latitude [deg]
# name 12 = longitude: Longitude [deg]
# name 13 = timeJ: Julian Days
# name 14 = altM: Altimeter [m]
# name 15 = spar: SPAR, Biospherical/Licor
# name 16 = timeS: Time, Elapsed [seconds]
# name 17 = scan: Scan Count
# name 18 = density00: Density [density, kg/m^3]
# name 19 = density11: Density, 2 [density, kg/m^3]
# name 20 = sal00: Salinity, Practical [PSU]
# name 21 = sal11: Salinity, Practical, 2 [PSU]
# name 22 = oxsolML/L: Oxygen Saturation, Garcia & Gordon [ml/l]
# name 23 = nbin: number of scans per bin
# name 24 = flag: flag
# span 0 =      2.000,    617.000       
# span 1 =      1.988,    609.706       
# span 2 =    -1.5063,     0.0730       
# span 3 =  26.978963,  28.899351       
# span 4 =    -1.5054,     0.0745       
# span 5 =  26.979322,  28.898692       
# span 6 =     4.7312,     8.6455       
# span 7 =     4.8359,     8.8863       
# span 8 =    -0.0214,    28.3229       
# span 9 =    68.2451,    95.6587       
# span 10 = 1.0000e-12, 5.9890e+02      
# span 11 =  -74.17528,  -74.17528      
# span 12 = -113.34464, -113.34460      
# span 13 =  26.657714,  26.668043      
# span 14 =       3.02,     100.01      
# span 15 = 1.4808e+03, 1.8208e+03      
# span 16 =    233.525,   1125.923      
# span 17 =       5606,      27023      
# span 18 =  1027.1844,  1030.5186      
# span 19 =  1027.1842,  1030.5161      
# span 20 =    33.7920,    34.3763      
# span 21 =    33.7926,    34.3738      
# span 22 =    8.02990,    8.40346      
# span 23 =         21,         50      
# span 24 = 0.0000e+00, 0.0000e+00      
# interval = decibars: 1                
# start_time = Jan 26 2022 15:43:13 [NMEA time, header]
# bad_flag = -9.990e-29
*END*
[from data line 406]
    408.000    403.380    -0.2239  28.480618    -0.2256  28.477312     4.8266     4.9396    -0.0099    95.2408 1.0000e-12  -74.17528 -113.34462  26.664393      99.86 1.6431e+03    810.588      19455  1029.4649  1029.4631    34.2664    34.2639    8.09872         29 0.0000e+00
    409.000    404.366    -0.2300  28.475983    -0.2283  28.475659     4.8172     4.9363    -0.0037    95.2117 1.0000e-12  -74.17528 -113.34462  26.664408      99.86 1.6444e+03    811.811      19484  1029.4703  1029.4684    34.2665    34.2642    8.10001         28 0.0000e+00
    410.000    405.355    -0.2227  28.483932    -0.2214  28.483145     4.8164     4.9458    -0.0098    95.2236 1.0000e-12  -74.17528 -113.34462  26.664422      99.86 1.6450e+03    813.018      19513  1029.4759  1029.4738    34.2683    34.2658    8.09837         28 0.0000e+00
    411.000    406.343    -0.2170  28.490839    -0.2153  28.490465     4.8208     4.9461    -0.0102    95.2115 1.0000e-12  -74.17528 -113.34462  26.664435      99.86 1.6462e+03    814.207      19542  1029.4819  1029.4799    34.2704    34.2681    8.09702         29 0.0000e+00
    412.000    407.331    -0.2124  28.496252    -0.2112  28.495495     4.8170     4.9318    -0.0054    95.1790 1.0000e-12  -74.17528 -113.34462  26.664449      99.86 1.6478e+03    815.380      19570  1029.4876  1029.4855    34.2719    34.2695    8.09597         28 0.0000e+00
    413.000    408.317    -0.1965  28.512647    -0.1952  28.511557     4.8098     4.9316    -0.0069    95.1639 1.0000e-12  -74.17528 -113.34462  26.664462      99.85 1.6489e+03    816.556      19598  1029.4937  1029.4913    34.2754    34.2724    8.09241         28 0.0000e+00
    414.000    409.306    -0.1750  28.534905    -0.1748  28.532819     4.8087     4.9268    -0.0099    95.1556 1.0000e-12  -74.17528 -113.34462  26.664476      99.86 1.6504e+03    817.740      19627  1029.5005  1029.4982    34.2801    34.2772    8.08756         29 0.0000e+00
    415.000    410.294    -0.1755  28.535194    -0.1737  28.534923     4.8167     4.9341    -0.0041    95.1648 1.0000e-12  -74.17528 -113.34462  26.664490      99.86 1.6525e+03    818.945      19656  1029.5059  1029.5038    34.2805    34.2781    8.08766         27 0.0000e+00
    416.000    411.281    -0.1762  28.535265    -0.1741  28.535131     4.8175     4.9260    -0.0080    95.1979 1.0000e-12  -74.17528 -113.34462  26.664504      81.57 1.6558e+03    820.147      19685  1029.5111  1029.5089    34.2808    34.2783    8.08779         28 0.0000e+00
    417.000    412.268    -0.1777  28.534495    -0.1750  28.534829     4.8128     4.9256    -0.0037    95.2278 1.0000e-12  -74.17528 -113.34462  26.664518      89.35 1.6573e+03    821.332      19713  1029.5161  1029.5138    34.2809    34.2783    8.08811         28 0.0000e+00
    418.000    413.256    -0.1785  28.533791    -0.1762  28.534034     4.8205     4.9311    -0.0021    95.2599 1.0000e-12  -74.17528 -113.34462  26.664531     100.00 1.6597e+03    822.517      19741  1029.5205  1029.5185    34.2802    34.2780    8.08831         29 0.0000e+00
    419.000    414.245    -0.1859  28.527707    -0.1833  28.528315     4.8231     4.9390    -0.0022    95.2912 1.0000e-12  -74.17528 -113.34461  26.664545      99.86 1.6615e+03    823.700      19770  1029.5257  1029.5238    34.2799    34.2777    8.08990         29 0.0000e+00
    420.000    415.231    -0.1918  28.523164    -0.1908  28.522323     4.8172     4.9409    -0.0108    95.3053 1.0000e-12  -74.17528 -113.34461  26.664559      99.86 1.6630e+03    824.887      19798  1029.5309  1029.5291    34.2799    34.2776    8.09115         28 0.0000e+00
    421.000    416.219    -0.1872  28.528691    -0.1874  28.526451     4.8118     4.9336    -0.0037    95.3270 1.0000e-12  -74.17528 -113.34460  26.664573      99.85 1.6658e+03    826.095      19827  1029.5365  1029.5344    34.2814    34.2786    8.09008         27 0.0000e+00
    422.000    417.207    -0.1726  28.543306    -0.1693  28.544177     4.8100     4.9279    -0.0103    95.3179 1.0000e-12  -74.17528 -113.34462  26.664587      99.86 1.6689e+03    827.305      19856  1029.5420  1029.5398    34.2839    34.2814    8.08686         29 0.0000e+00
    423.000    418.194    -0.1655  28.550329    -0.1676  28.546469     4.8069     4.9245    -0.0070    95.3198 1.0000e-12  -74.17528 -113.34461  26.664601      99.86 1.6722e+03    828.491      19885  1029.5468  1029.5448    34.2846    34.2819    8.08530         29 0.0000e+00
    424.000    419.183    -0.1544  28.562044    -0.1545  28.559658     4.8064     4.9275    -0.0054    95.3057 1.0000e-12  -74.17528 -113.34461  26.664614      99.86 1.6764e+03    829.670      19913  1029.5527  1029.5503    34.2872    34.2842    8.08281         28 0.0000e+00
    425.000    420.169    -0.1502  28.566775    -0.1472  28.567433     4.8051     4.9186    -0.0094    95.2986 1.0000e-12  -74.17528 -113.34461  26.664628      99.86 1.6796e+03    830.843      19941  1029.5580  1029.5558    34.2882    34.2857    8.08186         27 0.0000e+00
    426.000    421.158    -0.1532  28.565111    -0.1525  28.563859     4.8097     4.9252    -0.0143    95.3235 1.0000e-12  -74.17528 -113.34461  26.664641      99.85 1.6836e+03    832.006      19969  1029.5636  1029.5615    34.2887    34.2862    8.08247         29 0.0000e+00
    427.000    422.146    -0.1511  28.567377    -0.1502  28.566365     4.8048     4.9178    -0.0119    95.3523 1.0000e-12  -74.17528 -113.34462  26.664655      92.08 1.6867e+03    833.184      19997  1029.5683  1029.5663    34.2888    34.2865    8.08202         28 0.0000e+00
    428.000    423.133    -0.1540  28.565539    -0.1525  28.564985     4.8011     4.9161    -0.0107    95.3571 1.0000e-12  -74.17528 -113.34460  26.664669      97.91 1.6905e+03    834.386      20026  1029.5735  1029.5715    34.2890    34.2866    8.08262         29 0.0000e+00
    429.000    424.120    -0.1565  28.563657    -0.1534  28.564614     4.8128     4.9300     0.0025    95.3735 1.0000e-12  -74.17528 -113.34461  26.664682      99.86 1.6941e+03    835.564      20055  1029.5782  1029.5763    34.2887    34.2865    8.08316         28 0.0000e+00
    430.000    425.108    -0.1605  28.560643    -0.1592  28.560058     4.8110     4.9344    -0.0006    95.4172 1.0000e-12  -74.17528 -113.34461  26.664696      99.86 1.6983e+03    836.744      20083  1029.5833  1029.5815    34.2886    34.2864    8.08402         29 0.0000e+00
    431.000    426.096    -0.1609  28.561380    -0.1599  28.560489     4.8078     4.9281    -0.0098    95.4167 1.0000e-12  -74.17528 -113.34461  26.664710      99.86 1.7016e+03    837.942      20112  1029.5887  1029.5869    34.2894    34.2871    8.08405         28 0.0000e+00
    432.000    427.083    -0.1525  28.570536    -0.1497  28.571018     4.8037     4.9202    -0.0165    95.4254 1.0000e-12  -74.17528 -113.34462  26.664724      99.85 1.7057e+03    839.125      20140  1029.5945  1029.5923    34.2916    34.2891    8.08216         29 0.0000e+00
    433.000    428.069    -0.1444  28.579572    -0.1429  28.578876     4.7978     4.9132    -0.0083    95.3985 1.0000e-12  -74.17528 -113.34460  26.664737      99.86 1.7093e+03    840.305      20168  1029.6004  1029.5982    34.2939    34.2913    8.08031         28 0.0000e+00
    434.000    429.059    -0.1336  28.590839    -0.1316  28.590503     4.7984     4.9174    -0.0037    95.3816 1.0000e-12  -74.17528 -113.34462  26.664751      99.86 1.7129e+03    841.494      20197  1029.6061  1029.6038    34.2962    34.2935    8.07790         28 0.0000e+00
    435.000    430.045    -0.1312  28.594050    -0.1296  28.593632     4.7978     4.9168    -0.0125    95.3543 1.0000e-12  -74.17528 -113.34460  26.664765      99.86 1.7167e+03    842.672      20225  1029.6115  1029.6095    34.2972    34.2947    8.07734         29 0.0000e+00
    436.000    431.034    -0.1303  28.595962    -0.1284  28.595751     4.7947     4.9166    -0.0182    95.3560 1.0000e-12  -74.17528 -113.34460  26.664778      99.86 1.7200e+03    843.859      20254  1029.6170  1029.6149    34.2981    34.2957    8.07710         28 0.0000e+00
    437.000    432.021    -0.1281  28.598819    -0.1248  28.600021     4.7955     4.9069    -0.0110    95.3682 1.0000e-12  -74.17528 -113.34460  26.664792      99.86 1.7231e+03    845.044      20282  1029.6222  1029.6202    34.2988    34.2967    8.07659         28 0.0000e+00
    438.000    433.009    -0.1210  28.606239    -0.1193  28.606007     4.7883     4.9130    -0.0054    95.3981 1.0000e-12  -74.17528 -113.34460  26.664806      78.55 1.7257e+03    846.216      20310  1029.6274  1029.6256    34.3001    34.2979    8.07501         29 0.0000e+00
    439.000    433.997    -0.1168  28.612328    -0.1149  28.612066     4.7933     4.9042    -0.0100    95.3888 1.0000e-12  -74.17528 -113.34460  26.664819      95.11 1.7276e+03    847.373      20338  1029.6341  1029.6320    34.3029    34.3004    8.07397         26 0.0000e+00
    440.000    434.983    -0.1138  28.616267    -0.1121  28.615851     4.7908     4.9064    -0.0088    95.4082 1.0000e-12  -74.17528 -113.34460  26.664833      99.81 1.7293e+03    848.551      20366  1029.6397  1029.6376    34.3041    34.3017    8.07326         28 0.0000e+00
    441.000    435.970    -0.1133  28.617370    -0.1117  28.616900     4.7911     4.9096    -0.0106    95.4278 1.0000e-12  -74.17528 -113.34460  26.664846      99.86 1.7279e+03    849.729      20394  1029.6447  1029.6427    34.3045    34.3021    8.07314         28 0.0000e+00
    442.000    436.959    -0.1133  28.617971    -0.1116  28.617565     4.7908     4.9044    -0.0030    95.4527 1.0000e-12  -74.17528 -113.34460  26.664860      99.86 1.7250e+03    850.903      20423  1029.6497  1029.6477    34.3047    34.3023    8.07313         28 0.0000e+00
    443.000    437.946    -0.1129  28.618948    -0.1113  28.618568     4.7888     4.9041    -0.0146    95.4665 1.0000e-12  -74.17528 -113.34460  26.664874      99.85 1.7185e+03    852.073      20451  1029.6547  1029.6527    34.3049    34.3026    8.07303         28 0.0000e+00
    444.000    438.934    -0.1123  28.620067    -0.1106  28.619843     4.7829     4.9063    -0.0025    95.4682 1.0000e-12  -74.17528 -113.34460  26.664887      99.86 1.7105e+03    853.231      20479  1029.6596  1029.6576    34.3051    34.3029    8.07289         28 0.0000e+00
    445.000    439.921    -0.1122  28.621267    -0.1105  28.620794     4.7900     4.9042    -0.0161    95.4573 1.0000e-12  -74.17528 -113.34460  26.664900      99.86 1.6999e+03    854.380      20506  1029.6650  1029.6629    34.3060    34.3035    8.07281         28 0.0000e+00
    446.000    440.910    -0.1123  28.621361    -0.1109  28.620649     4.7872     4.8944    -0.0010    95.4773 1.0000e-12  -74.17528 -113.34460  26.664914      99.85 1.6888e+03    855.556      20534  1029.6696  1029.6675    34.3057    34.3032    8.07286         28 0.0000e+00
    447.000    441.896    -0.1131  28.621256    -0.1118  28.620475     4.7929     4.9008    -0.0027    95.4752 1.0000e-12  -74.17528 -113.34460  26.664928      99.87 1.6786e+03    856.755      20563  1029.6745  1029.6724    34.3058    34.3033    8.07302         29 0.0000e+00
    448.000    442.883    -0.1111  28.624300    -0.1094  28.623973     4.7837     4.9027    -0.0111    95.4655 1.0000e-12  -74.17528 -113.34460  26.664941      99.86 1.6714e+03    857.938      20592  1029.6800  1029.6781    34.3070    34.3047    8.07253         28 0.0000e+00
    449.000    443.872    -0.1106  28.625528    -0.1089  28.625140     4.7808     4.9021    -0.0069    95.4488 1.0000e-12  -74.17528 -113.34462  26.664955      85.82 1.6679e+03    859.111      20620  1029.6851  1029.6831    34.3075    34.3051    8.07239         28 0.0000e+00
    450.000    444.859    -0.1099  28.626820    -0.1083  28.626282     4.7847     4.9044    -0.0046    95.4416 1.0000e-12  -74.17528 -113.34460  26.664968      96.42 1.6695e+03    860.270      20647  1029.6902  1029.6880    34.3079    34.3054    8.07224         28 0.0000e+00
    451.000    445.846    -0.1091  28.628168    -0.1075  28.627804     4.7880     4.8978    -0.0129    95.4644 1.0000e-12  -74.17528 -113.34462  26.664982      99.83 1.6739e+03    861.431      20675  1029.6950  1029.6931    34.3082    34.3058    8.07205         28 0.0000e+00
    452.000    446.834    -0.1058  28.632635    -0.1049  28.631376     4.7848     4.8966    -0.0181    95.4417 1.0000e-12  -74.17528 -113.34461  26.664995      99.85 1.6813e+03    862.599      20703  1029.7008  1029.6986    34.3098    34.3071    8.07126         28 0.0000e+00
    453.000    447.823    -0.1022  28.637326    -0.1004  28.636929     4.7812     4.8967    -0.0088    95.4324 1.0000e-12  -74.17528 -113.34461  26.665009      99.87 1.6903e+03    863.768      20731  1029.7065  1029.7043    34.3113    34.3088    8.07040         28 0.0000e+00
    454.000    448.807    -0.1014  28.638521    -0.0998  28.638147     4.7831     4.8989    -0.0072    95.4169 1.0000e-12  -74.17528 -113.34460  26.665022      99.86 1.6971e+03    864.926      20759  1029.7113  1029.7093    34.3115    34.3091    8.07023         28 0.0000e+00
    455.000    449.798    -0.1004  28.640067    -0.0988  28.639649     4.7837     4.9007    -0.0036    95.4140 1.0000e-12  -74.17528 -113.34460  26.665036      99.85 1.6991e+03    866.095      20787  1029.7163  1029.7142    34.3118    34.3094    8.07001         28 0.0000e+00
    456.000    450.783    -0.1003  28.640745    -0.0985  28.640386     4.7804     4.8973    -0.0085    95.3982 1.0000e-12  -74.17528 -113.34462  26.665050      99.86 1.6944e+03    867.279      20816  1029.7212  1029.7191    34.3120    34.3096    8.06997         28 0.0000e+00
    457.000    451.771    -0.0982  28.643650    -0.0962  28.643515     4.7762     4.8926    -0.0098    95.3965 1.0000e-12  -74.17528 -113.34460  26.665063      99.85 1.6828e+03    868.440      20844  1029.7264  1029.7244    34.3129    34.3105    8.06947         28 0.0000e+00
    458.000    452.759    -0.0936  28.649238    -0.0918  28.648932     4.7814     4.8870    -0.0031    95.3719 1.0000e-12  -74.17528 -113.34461  26.665076      99.86 1.6665e+03    869.591      20871  1029.7321  1029.7301    34.3145    34.3122    8.06841         28 0.0000e+00
    459.000    453.747    -0.0915  28.651933    -0.0898  28.651654     4.7777     4.8957     0.0064    95.3826 1.0000e-12  -74.17528 -113.34461  26.665090      99.86 1.6475e+03    870.750      20899  1029.7372  1029.7353    34.3152    34.3129    8.06793         27 0.0000e+00
    460.000    454.734    -0.0902  28.653884    -0.0888  28.653215     4.7796     4.8951    -0.0156    95.3730 1.0000e-12  -74.17528 -113.34461  26.665103      85.09 1.6274e+03    871.922      20927  1029.7423  1029.7402    34.3157    34.3132    8.06762         29 0.0000e+00
    461.000    455.720    -0.0860  28.659273    -0.0844  28.658624     4.7778     4.8947    -0.0098    95.3726 1.0000e-12  -74.17528 -113.34462  26.665117      91.06 1.6086e+03    873.101      20955  1029.7482  1029.7460    34.3176    34.3150    8.06664         28 0.0000e+00
    462.000    456.709    -0.0801  28.666623    -0.0785  28.666088     4.7721     4.8941    -0.0103    95.3763 1.0000e-12  -74.17528 -113.34460  26.665130      99.88 1.5924e+03    874.273      20984  1029.7545  1029.7523    34.3201    34.3176    8.06525         28 0.0000e+00
    463.000    457.696    -0.0781  28.669678    -0.0764  28.669114     4.7763     4.8947    -0.0107    95.3825 1.0000e-12  -74.17528 -113.34462  26.665144      99.85 1.5807e+03    875.403      21011  1029.7600  1029.7579    34.3213    34.3187    8.06476         27 0.0000e+00
    464.000    458.683    -0.0760  28.672826    -0.0741  28.672510     4.7759     4.8977    -0.0101    95.3759 1.0000e-12  -74.17528 -113.34461  26.665157      99.85 1.5741e+03    876.531      21038  1029.7657  1029.7635    34.3226    34.3200    8.06425         27 0.0000e+00
