ocean_section_plots/required_files/ctd/dnbp2202_ctd048.cnv
* Sea-Bird SBE 9 Data File:
* FileName = D:\Data\raw\NBP2202_CTD048.hex
* Software Version Seasave V 7.26.7.121
* Temperature SN = 1649
* Conductivity SN = 2513
* Number of Bytes Per Scan = 40
* Number of Voltage Words = 5
* Number of Scans Averaged by the Deck Unit = 1
* NMEA Latitude = 74 11.99 S
* NMEA Longitude = 113 03.03 W
* NMEA UTC (Time) = Jan 24 2022  02:41:23
* NMEA baud rate = 9600
** Ship: RVIB N.B. Palmer
** Cruise: NBP2202 Thwaites
** Station: Section Dotson C
** Operator: A. Robinson
# nquan = 25
# nvalues = 718                         
# units = specified
# name 0 = prDM: Pressure, Digiquartz [db]
# name 1 = depSM: Depth [salt water, m]
# name 2 = t090C: Temperature [ITS-90, deg C]
# name 3 = c0mS/cm: Conductivity [mS/cm]
# name 4 = t190C: Temperature, 2 [ITS-90, deg C]
# name 5 = c1mS/cm: Conductivity, 2 [mS/cm]
# name 6 = sbeox0ML/L: Oxygen, SBE 43 [ml/l]
# name 7 = sbeox1ML/L: Oxygen, SBE 43, 2 [ml/l]
# name 8 = flECO-AFL: Fluorescence, WET Labs ECO-AFL/FL [mg/m^3]
# name 9 = CStarTr0: Beam Transmission, WET Labs C-Star [%]
# name 10 = par: PAR/Irradiance, Biospherical/Licor
# name 11 = latitude: Latitude [deg]
# name 12 = longitude: Longitude [deg]
# name 13 = timeJ: Julian Days
# name 14 = altM: Altimeter [m]
# name 15 = spar: SPAR, Biospherical/Licor
# name 16 = timeS: Time, Elapsed [seconds]
# name 17 = scan: Scan Count
# name 18 = density00: Density [density, kg/m^3]
# name 19 = density11: Density, 2 [density, kg/m^3]
# name 20 = sal00: Salinity, Practical [PSU]
# name 21 = sal11: Salinity, Practical, 2 [PSU]
# name 22 = oxsolML/L: Oxygen Saturation, Garcia & Gordon [ml/l]
# name 23 = nbin: number of scans per bin
# name 24 = flag: flag
# span 0 =      2.000,    719.000       
# span 1 =      1.980,    710.329       
# span 2 =    -1.4862,     0.3186       
# span 3 =  27.112805,  29.231837       
# span 4 =    -1.4857,     0.3207       
# span 5 =  27.112510,  29.231439       
# span 6 =     4.6398,     8.6375       
# span 7 =     4.8956,     9.0963       
# span 8 =    -0.0172,    25.2066       
# span 9 =    67.1832,    96.3000       
# span 10 = 1.0000e-12, 7.7910e+01      
# span 11 =  -74.19996,  -74.19996      
# span 12 = -113.05068, -113.05064      
# span 13 =  24.114892,  24.126085      
# span 14 =       3.82,     100.34      
# span 15 = 1.7805e+02, 2.4070e+02      
# span 16 =    243.654,   1210.736      
# span 17 =       5849,      29059      
# span 18 =  1027.1850,  1031.0546      
# span 19 =  1027.1870,  1031.0519      
# span 20 =    33.7942,    34.4692      
# span 21 =    33.7966,    34.4663      
# span 22 =    7.97361,    8.39112      
# span 23 =         11,         53      
# span 24 = 0.0000e+00, 0.0000e+00      
# interval = decibars: 1                
# start_time = Jan 24 2022 02:41:23 [NMEA time, header]
# bad_flag = -9.990e-29
*END*
[from data line 174]
    176.000    174.104    -1.4633  27.118301    -1.4630  27.117914     6.4185     6.7871     0.5315    94.8009 1.0000e-12  -74.19996 -113.05066  24.117979      99.89 1.9744e+02    510.419      12251  1028.1744  1028.1737    33.9626    33.9618    8.38758         31 0.0000e+00
    177.000    175.094    -1.4644  27.118111    -1.4641  27.117765     6.4261     6.7846     0.6133    94.8849 1.0000e-12  -74.19996 -113.05066  24.117995      99.88 1.9744e+02    511.739      12283  1028.1796  1028.1789    33.9630    33.9622    8.38782         32 0.0000e+00
    178.000    176.082    -1.4655  27.117865    -1.4651  27.117444     6.4165     6.7813     0.8405    94.8612 1.0000e-12  -74.19996 -113.05066  24.118010      99.89 1.9792e+02    513.084      12315  1028.1846  1028.1838    33.9633    33.9623    8.38805         33 0.0000e+00
    179.000    177.070    -1.4657  27.118563    -1.4652  27.118155     6.4252     6.7805     0.8028    94.5696 1.0000e-12  -74.19996 -113.05066  24.118026      90.30 1.9841e+02    514.458      12348  1028.1898  1028.1889    33.9638    33.9627    8.38805         33 0.0000e+00
    180.000    178.058    -1.4663  27.118716    -1.4660  27.118258     6.4255     6.7840     0.5321    94.5825 1.0000e-12  -74.19996 -113.05066  24.118042      98.81 1.9838e+02    515.808      12380  1028.1949  1028.1940    33.9641    33.9631    8.38817         32 0.0000e+00
    181.000    179.048    -1.4672  27.118747    -1.4669  27.118309     6.4224     6.7814     0.7482    94.3380 1.0000e-12  -74.19996 -113.05066  24.118057      99.87 1.9899e+02    517.152      12413  1028.2001  1028.1992    33.9645    33.9636    8.38835         33 0.0000e+00
    182.000    180.037    -1.4667  27.119825    -1.4663  27.119408     6.4076     6.7743     0.6021    94.5253 1.0000e-12  -74.19996 -113.05066  24.118073      99.88 1.9921e+02    518.515      12445  1028.2051  1028.2042    33.9649    33.9638    8.38823         32 0.0000e+00
    183.000    181.025    -1.4667  27.120494    -1.4664  27.120054     6.4332     6.7834     0.5766    94.7375 1.0000e-12  -74.19996 -113.05066  24.118089      99.88 1.9921e+02    519.863      12478  1028.2101  1028.2093    33.9651    33.9642    8.38820         32 0.0000e+00
    184.000    182.015    -1.4673  27.120662    -1.4669  27.120293     6.4375     6.7950     0.7904    94.5308 1.0000e-12  -74.19996 -113.05066  24.118104      99.88 1.9921e+02    521.194      12510  1028.2151  1028.2143    33.9654    33.9644    8.38832         32 0.0000e+00
    185.000    183.002    -1.4715  27.117961    -1.4711  27.117530     6.4425     6.8117     0.8087    94.7209 1.0000e-12  -74.19996 -113.05066  24.118119      99.89 1.9921e+02    522.521      12541  1028.2205  1028.2197    33.9658    33.9649    8.38924         32 0.0000e+00
    186.000    183.993    -1.4742  27.116312    -1.4741  27.115739     6.4539     6.7987     0.8057    94.8812 1.0000e-12  -74.19996 -113.05066  24.118135      99.89 1.9921e+02    523.832      12573  1028.2256  1028.2248    33.9660    33.9651    8.38983         31 0.0000e+00
    187.000    184.980    -1.4743  27.117480    -1.4738  27.116925     6.4033     6.7805     0.6197    95.0579 1.0000e-12  -74.19996 -113.05066  24.118150      99.89 1.9921e+02    525.157      12605  1028.2312  1028.2301    33.9671    33.9658    8.38979         32 0.0000e+00
    188.000    185.970    -1.4714  27.120429    -1.4710  27.120045     6.4137     6.7648     0.6363    94.7221 1.0000e-12  -74.19996 -113.05066  24.118165      99.88 1.9921e+02    526.498      12637  1028.2360  1028.2351    33.9673    33.9663    8.38914         33 0.0000e+00
    189.000    186.957    -1.4709  27.121718    -1.4704  27.121267     6.3888     6.7676     0.5156    94.6328 1.0000e-12  -74.19996 -113.05066  24.118181      91.29 1.9921e+02    527.840      12669  1028.2412  1028.2402    33.9678    33.9667    8.38898         30 0.0000e+00
    190.000    187.947    -1.4723  27.121603    -1.4721  27.121070     6.4069     6.7585     0.5823    94.6937 1.0000e-12  -74.19996 -113.05066  24.118196      98.57 1.9980e+02    529.169      12701  1028.2467  1028.2459    33.9687    33.9677    8.38925         31 0.0000e+00
    191.000    188.936    -1.4743  27.121284    -1.4737  27.120845     6.3806     6.7487     0.5700    94.7552 1.0000e-12  -74.19996 -113.05066  24.118212      99.89 2.0026e+02    530.489      12733  1028.2526  1028.2515    33.9699    33.9686    8.38964         32 0.0000e+00
    192.000    189.925    -1.4734  27.122580    -1.4730  27.122089     6.3821     6.7417     0.5677    95.0224 1.0000e-12  -74.19996 -113.05066  24.118227      99.89 1.9955e+02    531.799      12764  1028.2574  1028.2566    33.9700    33.9689    8.38942         31 0.0000e+00
    193.000    190.913    -1.4731  27.123518    -1.4726  27.123122     6.3906     6.7399     0.5340    94.9108 1.0000e-12  -74.19996 -113.05066  24.118242      99.89 1.9984e+02    533.098      12795  1028.2625  1028.2615    33.9703    33.9692    8.38933         31 0.0000e+00
    194.000    191.902    -1.4731  27.124040    -1.4726  27.123599     6.3832     6.7464     0.5756    94.8279 1.0000e-12  -74.19996 -113.05066  24.118257      99.88 2.0069e+02    534.395      12826  1028.2674  1028.2664    33.9705    33.9693    8.38933         32 0.0000e+00
    195.000    192.890    -1.4741  27.124064    -1.4734  27.123775     6.3884     6.7475     0.4298    94.8878 1.0000e-12  -74.19996 -113.05067  24.118272      99.89 2.0056e+02    535.690      12858  1028.2726  1028.2716    33.9710    33.9698    8.38952         30 0.0000e+00
    196.000    193.879    -1.4741  27.124627    -1.4737  27.124152     6.3698     6.7531     0.4544    94.8546 1.0000e-12  -74.19996 -113.05067  24.118287      99.88 2.0073e+02    536.967      12888  1028.2776  1028.2766    33.9712    33.9700    8.38952         29 0.0000e+00
    197.000    194.868    -1.4740  27.125208    -1.4735  27.124858     6.4157     6.7520     0.4434    95.0535 1.0000e-12  -74.19996 -113.05068  24.118301      99.89 2.0097e+02    538.246      12919  1028.2823  1028.2815    33.9712    33.9702    8.38948         31 0.0000e+00
    198.000    195.857    -1.4754  27.125797    -1.4747  27.125318     6.3923     6.7543     0.5104    94.6957 1.0000e-12  -74.19996 -113.05067  24.118316      97.68 2.0097e+02    539.543      12950  1028.2886  1028.2875    33.9729    33.9715    8.38969         31 0.0000e+00
    199.000    196.845    -1.4759  27.126165    -1.4756  27.125732     6.4087     6.7515     0.7936    94.7152 1.0000e-12  -74.19996 -113.05067  24.118331      89.97 2.0097e+02    540.836      12981  1028.2939  1028.2931    33.9735    33.9725    8.38978         31 0.0000e+00
    200.000    197.835    -1.4762  27.126435    -1.4758  27.126116     6.3809     6.7521     0.6035    94.9082 1.0000e-12  -74.19996 -113.05068  24.118346      99.17 2.0097e+02    542.121      13012  1028.2987  1028.2980    33.9735    33.9726    8.38984         31 0.0000e+00
    201.000    198.822    -1.4762  27.126974    -1.4760  27.126546     6.4017     6.7501     0.5536    94.7148 1.0000e-12  -74.19996 -113.05066  24.118361      99.89 2.0097e+02    543.404      13043  1028.3036  1028.3030    33.9736    33.9729    8.38983         30 0.0000e+00
    202.000    199.812    -1.4767  27.127319    -1.4763  27.126962     6.3864     6.7519     0.3575    95.0469 1.0000e-12  -74.19996 -113.05067  24.118376      99.89 2.0097e+02    544.668      13073  1028.3088  1028.3080    33.9741    33.9732    8.38993         31 0.0000e+00
    203.000    200.801    -1.4771  27.127755    -1.4766  27.127355     6.3762     6.7440     0.4224    95.1037 1.0000e-12  -74.19996 -113.05067  24.118390      99.89 2.0097e+02    545.930      13103  1028.3139  1028.3130    33.9745    33.9733    8.38999         30 0.0000e+00
    204.000    201.789    -1.4768  27.128748    -1.4762  27.128415     6.3733     6.7262     0.4146    94.7561 1.0000e-12  -74.19996 -113.05066  24.118405      99.89 2.0097e+02    547.214      13134  1028.3191  1028.3181    33.9749    33.9738    8.38990         31 0.0000e+00
    205.000    202.777    -1.4751  27.131651    -1.4750  27.130670     6.3461     6.7076     0.4303    94.9450 1.0000e-12  -74.19996 -113.05067  24.118420      99.89 2.0097e+02    548.487      13165  1028.3249  1028.3237    33.9763    33.9749    8.38942         31 0.0000e+00
    206.000    203.765    -1.4717  27.136797    -1.4711  27.136235     6.3162     6.6825     0.3531    94.9505 1.0000e-12  -74.19996 -113.05067  24.118435      99.89 2.0097e+02    549.770      13195  1028.3316  1028.3304    33.9789    33.9775    8.38850         28 0.0000e+00
    207.000    204.756    -1.4676  27.141273    -1.4671  27.140607     6.3170     6.6663     0.5093    95.0907 1.0000e-12  -74.19996 -113.05067  24.118450      99.89 2.0097e+02    551.065      13227  1028.3368  1028.3356    33.9798    33.9783    8.38752         31 0.0000e+00
    208.000    205.743    -1.4631  27.145970    -1.4623  27.145602     6.3099     6.6611     0.3649    95.2767 1.0000e-12  -74.19996 -113.05066  24.118465      99.89 2.0097e+02    552.345      13257  1028.3420  1028.3408    33.9806    33.9791    8.38647         31 0.0000e+00
    209.000    206.732    -1.4599  27.149533    -1.4594  27.148968     6.3013     6.6573     0.3994    94.8960 1.0000e-12  -74.19996 -113.05066  24.118479      93.25 2.0097e+02    553.615      13288  1028.3472  1028.3460    33.9813    33.9799    8.38572         31 0.0000e+00
    210.000    207.721    -1.4592  27.151083    -1.4587  27.150643     6.2977     6.6546     0.4704    95.3669 1.0000e-12  -74.19996 -113.05066  24.118494      99.77 2.0097e+02    554.896      13318  1028.3526  1028.3515    33.9820    33.9807    8.38551         31 0.0000e+00
    211.000    208.709    -1.4584  27.152941    -1.4579  27.152530     6.2998     6.6537     0.3508    95.0852 1.0000e-12  -74.19996 -113.05066  24.118509      99.89 2.0097e+02    556.172      13349  1028.3582  1028.3572    33.9830    33.9818    8.38528         30 0.0000e+00
    212.000    209.699    -1.4580  27.154739    -1.4576  27.154287     6.3053     6.6432     0.5167    95.0517 1.0000e-12  -74.19996 -113.05066  24.118524      99.88 2.0097e+02    557.435      13379  1028.3641  1028.3632    33.9844    33.9832    8.38510         30 0.0000e+00
    213.000    210.687    -1.4571  27.157242    -1.4566  27.156965     6.3020     6.6505     0.4992    95.1090 1.0000e-12  -74.19996 -113.05066  24.118538      99.89 2.0176e+02    558.710      13410  1028.3704  1028.3695    33.9862    33.9852    8.38479         31 0.0000e+00
    214.000    211.674    -1.4600  27.156053    -1.4594  27.155586     6.2903     6.6563     0.3432    94.9515 1.0000e-12  -74.19996 -113.05066  24.118553      99.89 2.0126e+02    559.990      13441  1028.3761  1028.3751    33.9872    33.9859    8.38537         31 0.0000e+00
    215.000    212.664    -1.4626  27.154609    -1.4621  27.154044     6.3117     6.6666     0.3135    94.8134 1.0000e-12  -74.19996 -113.05066  24.118568      99.89 2.0126e+02    561.267      13471  1028.3815  1028.3803    33.9876    33.9862    8.38594         30 0.0000e+00
    216.000    213.653    -1.4641  27.153747    -1.4642  27.152848     6.3334     6.6791     0.3480    95.2007 1.0000e-12  -74.19996 -113.05066  24.118583      99.89 2.0228e+02    562.546      13502  1028.3863  1028.3854    33.9875    33.9863    8.38629         31 0.0000e+00
    217.000    214.642    -1.4723  27.147272    -1.4733  27.145786     6.3393     6.6866     0.3422    95.0789 1.0000e-12  -74.19996 -113.05066  24.118597      99.89 2.0167e+02    563.814      13533  1028.3914  1028.3907    33.9872    33.9863    8.38815         30 0.0000e+00
    218.000    215.630    -1.4777  27.143501    -1.4771  27.143174     6.3489     6.6905     0.3561    95.1831 1.0000e-12  -74.19996 -113.05066  24.118612      99.89 2.0220e+02    565.065      13563  1028.3968  1028.3958    33.9876    33.9864    8.38935         30 0.0000e+00
    219.000    216.618    -1.4805  27.141721    -1.4808  27.140817     6.3511     6.6964     0.3593    95.2164 1.0000e-12  -74.19996 -113.05066  24.118626      90.23 2.0250e+02    566.312      13592  1028.4018  1028.4010    33.9877    33.9867    8.38998         30 0.0000e+00
    220.000    217.607    -1.4826  27.140842    -1.4821  27.140377     6.3421     6.6929     0.2874    95.3502 1.0000e-12  -74.19996 -113.05066  24.118641      96.89 2.0273e+02    567.561      13622  1028.4070  1028.4061    33.9882    33.9870    8.39041         30 0.0000e+00
    221.000    218.595    -1.4837  27.140641    -1.4833  27.140248     6.3517     6.6954     0.3748    95.2645 1.0000e-12  -74.19996 -113.05066  24.118655      99.86 2.0273e+02    568.800      13652  1028.4121  1028.4113    33.9885    33.9875    8.39064         30 0.0000e+00
    222.000    219.585    -1.4861  27.139758    -1.4857  27.139325     6.3394     6.7008     0.3616    95.3483 1.0000e-12  -74.19996 -113.05066  24.118670      99.89 2.0273e+02    570.058      13682  1028.4177  1028.4169    33.9894    33.9883    8.39112         30 0.0000e+00
    223.000    220.573    -1.4862  27.140634    -1.4857  27.140265     6.3283     6.6973     0.2459    95.4224 1.0000e-12  -74.19996 -113.05066  24.118684      99.89 2.0273e+02    571.338      13713  1028.4231  1028.4221    33.9902    33.9890    8.39111         31 0.0000e+00
    224.000    221.561    -1.4848  27.142596    -1.4842  27.142198     6.3576     6.6907     0.4170    95.5308 1.0000e-12  -74.19996 -113.05066  24.118699      99.89 2.0273e+02    572.586      13743  1028.4281  1028.4271    33.9906    33.9894    8.39076         30 0.0000e+00
    225.000    222.549    -1.4836  27.144569    -1.4831  27.144060     6.3278     6.6821     0.4015    95.5223 1.0000e-12  -74.19996 -113.05066  24.118713      99.89 2.0273e+02    573.821      13773  1028.4334  1028.4323    33.9913    33.9901    8.39044         29 0.0000e+00
    226.000    223.539    -1.4832  27.145788    -1.4827  27.145319     6.3287     6.6896     0.3394    95.4144 1.0000e-12  -74.19996 -113.05066  24.118728      99.88 2.0324e+02    575.075      13803  1028.4387  1028.4376    33.9920    33.9907    8.39033         30 0.0000e+00
    227.000    224.527    -1.4828  27.146921    -1.4823  27.146466     6.3133     6.6840     0.3738    95.6207 1.0000e-12  -74.19996 -113.05066  24.118742      99.89 2.0297e+02    576.313      13833  1028.4437  1028.4428    33.9924    33.9913    8.39020         29 0.0000e+00
    228.000    225.516    -1.4821  27.149096    -1.4816  27.148558     6.3151     6.6696     0.7749    95.4909 1.0000e-12  -74.19996 -113.05066  24.118756      99.89 2.0324e+02    577.551      13862  1028.4498  1028.4487    33.9941    33.9927    8.38996         31 0.0000e+00
    229.000    226.503    -1.4820  27.150013    -1.4815  27.149447     6.3196     6.6699     0.2273    95.5760 1.0000e-12  -74.19996 -113.05066  24.118771      99.89 2.0413e+02    578.812      13892  1028.4550  1028.4539    33.9945    33.9932    8.38989         31 0.0000e+00
    230.000    227.493    -1.4817  27.150984    -1.4812  27.150481     6.3174     6.6734     0.2993    95.6078 1.0000e-12  -74.19996 -113.05066  24.118786      94.29 2.0334e+02    580.068      13923  1028.4601  1028.4590    33.9950    33.9937    8.38981         30 0.0000e+00
    231.000    228.482    -1.4815  27.151751    -1.4811  27.151206     6.3131     6.6675     0.2855    95.5505 1.0000e-12  -74.19996 -113.05066  24.118800      99.72 2.0442e+02    581.318      13953  1028.4651  1028.4640    33.9952    33.9939    8.38975         29 0.0000e+00
    232.000    229.469    -1.4815  27.152433    -1.4807  27.152178     6.2972     6.6560     0.2825    95.5583 1.0000e-12  -74.19996 -113.05066  24.118815      99.89 2.0472e+02    582.582      13983  1028.4700  1028.4690    33.9954    33.9942    8.38973         31 0.0000e+00
