ocean_section_plots/required_files/ctd/dnbp2202_ctd219.cnv
* Sea-Bird SBE 9 Data File:
* FileName = D:\Data\raw\NBP2202_CTD219.hex
* Software Version Seasave V 7.26.7.121
* Temperature SN = 1649
* Conductivity SN = 2513
* Number of Bytes Per Scan = 40
* Number of Voltage Words = 5
* Number of Scans Averaged by the Deck Unit = 1
* NMEA Latitude = 74 05.19 S
* NMEA Longitude = 111 21.87 W
* NMEA UTC (Time) = Feb 11 2022  11:03:02
* NMEA baud rate = 9600
** Ship: RVIB N.B. Palmer
** Cruise: NBP2202 Thwaites
** Station: 131
** Operator: B. Bjork
# nquan = 28
# nvalues = 390                         
# units = specified
# name 0 = prDM: Pressure, Digiquartz [db]
# name 1 = depSM: Depth [salt water, m]
# name 2 = t090C: Temperature [ITS-90, deg C]
# name 3 = c0mS/cm: Conductivity [mS/cm]
# name 4 = t190C: Temperature, 2 [ITS-90, deg C]
# name 5 = c1mS/cm: Conductivity, 2 [mS/cm]
# name 6 = sbeox0ML/L: Oxygen, SBE 43 [ml/l]
# name 7 = sbeox1ML/L: Oxygen, SBE 43, 2 [ml/l]
# name 8 = flECO-AFL: Fluorescence, WET Labs ECO-AFL/FL [mg/m^3]
# name 9 = CStarTr0: Beam Transmission, WET Labs C-Star [%]
# name 10 = par: PAR/Irradiance, Biospherical/Licor
# name 11 = latitude: Latitude [deg]
# name 12 = longitude: Longitude [deg]
# name 13 = timeJ: Julian Days
# name 14 = altM: Altimeter [m]
# name 15 = spar: SPAR, Biospherical/Licor
# name 16 = timeS: Time, Elapsed [seconds]
# name 17 = scan: Scan Count
# name 18 = density00: Density [density, kg/m^3]
# name 19 = density11: Density, 2 [density, kg/m^3]
# name 20 = v3: Voltage 3
# name 21 = v4: Voltage 4
# name 22 = v5: Voltage 5
# name 23 = sal00: Salinity, Practical [PSU]
# name 24 = sal11: Salinity, Practical, 2 [PSU]
# name 25 = oxsolML/L: Oxygen Saturation, Garcia & Gordon [ml/l]
# name 26 = nbin: number of scans per bin
# name 27 = flag: flag
# span 0 =      3.000,    392.000       
# span 1 =      2.968,    387.579       
# span 2 =    -1.5618,    -0.8816       
# span 3 =  26.898155,  27.864794       
# span 4 =    -1.5608,    -0.8826       
# span 5 =  26.898383,  27.861377       
# span 6 =     5.6556,     6.7692       
# span 7 =     5.8515,     6.9723       
# span 8 =    -0.0150,     4.7996       
# span 9 =    91.3721,    97.9174       
# span 10 = 1.0000e-12, 8.4453e+00      
# span 11 =  -74.08658,  -74.08658      
# span 12 = -111.36459, -111.36454      
# span 13 =  42.462855,  42.468239      
# span 14 =       5.39,     100.12      
# span 15 = 3.1198e+01, 4.7446e+01      
# span 16 =    208.640,    673.875      
# span 17 =       5008,      16174      
# span 18 =  1027.1723,  1029.3579      
# span 19 =  1027.1699,  1029.3553      
# span 20 =     4.3346,     4.6450      
# span 21 =     0.0643,     0.7205      
# span 22 =     0.1182,     0.1465      
# span 23 =    33.7571,    34.1907      
# span 24 =    33.7607,    34.1871      
# span 25 =    8.24493,    8.40815      
# span 26 =         17,         47      
# span 27 = 0.0000e+00, 0.0000e+00      
# interval = decibars: 1                
# start_time = Feb 11 2022 11:03:02 [NMEA time, header]
# bad_flag = -9.990e-29
*END*
[from data line 156]
    159.000    157.295    -1.4537  27.100652    -1.4530  27.100653     6.0133     6.1916     0.1720    97.2876 1.0000e-12  -74.08658 -111.36456  42.465141      99.91 4.3041e+01    406.148       9749  1028.0724  1028.0716     4.6152     0.1174     0.1229    33.9380    33.9372    8.38689         24 0.0000e+00
    160.000    158.283    -1.4540  27.100963    -1.4533  27.100930     6.0070     6.1998     0.2066    97.3435 1.0000e-12  -74.08658 -111.36458  42.465152      90.39 4.4127e+01    407.129       9772  1028.0773  1028.0765     4.6178     0.1316     0.1221    33.9382    33.9373    8.38696         24 0.0000e+00
    161.000    159.273    -1.4541  27.101424    -1.4532  27.101415     6.0213     6.2069     0.2063    97.4219 1.0000e-12  -74.08658 -111.36456  42.465164      67.61 4.4509e+01    408.135       9796  1028.0821  1028.0812     4.6216     0.1122     0.1222    33.9382    33.9372    8.38696         24 0.0000e+00
    162.000    160.262    -1.4557  27.101083    -1.4550  27.101029     6.0361     6.2142     0.1771    97.2506 1.0000e-12  -74.08658 -111.36458  42.465175      99.79 4.4074e+01    409.142       9820  1028.0877  1028.0869     4.6135     0.1166     0.1218    33.9390    33.9381    8.38728         24 0.0000e+00
    163.000    161.249    -1.4585  27.100270    -1.4577  27.100118     6.0350     6.2188     0.1986    97.6179 1.0000e-12  -74.08658 -111.36456  42.465187      99.91 4.4684e+01    410.123       9844  1028.0938  1028.0929     4.6307     0.1067     0.1218    33.9405    33.9393    8.38783         23 0.0000e+00
    164.000    162.238    -1.4595  27.100438    -1.4586  27.100387     6.0293     6.2189     0.2255    97.4904 1.0000e-12  -74.08658 -111.36456  42.465198      99.92 4.4996e+01    411.097       9867  1028.0992  1028.0984     4.6249     0.0998     0.1217    33.9411    33.9401    8.38801         23 0.0000e+00
    165.000    163.228    -1.4610  27.100222    -1.4603  27.100245     6.0454     6.2224     0.1557    97.5133 1.0000e-12  -74.08658 -111.36456  42.465209      99.91 4.4353e+01    412.085       9891  1028.1047  1028.1041     4.6259     0.1126     0.1220    33.9419    33.9412    8.38829         25 0.0000e+00
    166.000    164.217    -1.4616  27.100501    -1.4608  27.100522     6.0460     6.2332     0.1412    97.5568 1.0000e-12  -74.08658 -111.36456  42.465221      99.92 4.5062e+01    413.074       9915  1028.1099  1028.1091     4.6279     0.1167     0.1219    33.9424    33.9415    8.38840         23 0.0000e+00
    167.000    165.206    -1.4636  27.100247    -1.4631  27.100041     6.0512     6.2312     0.1272    97.5301 1.0000e-12  -74.08658 -111.36456  42.465232      99.92 4.5100e+01    414.059       9938  1028.1158  1028.1152     4.6267     0.0972     0.1205    33.9437    33.9428    8.38878         24 0.0000e+00
    168.000    166.194    -1.4645  27.100266    -1.4638  27.100305     6.0633     6.2270     0.2148    97.4238 1.0000e-12  -74.08658 -111.36456  42.465244      99.92 4.5246e+01    415.052       9962  1028.1211  1028.1204     4.6218     0.1043     0.1201    33.9442    33.9433    8.38896         24 0.0000e+00
    169.000    167.184    -1.4639  27.102287    -1.4631  27.102527     6.0861     6.2274     0.1976    97.6478 1.0000e-12  -74.08658 -111.36456  42.465255      99.92 4.5299e+01    416.046       9986  1028.1271  1028.1265     4.6322     0.0967     0.1239    33.9456    33.9450    8.38874         23 0.0000e+00
    170.000    168.172    -1.4639  27.103320    -1.4633  27.103538     6.0428     6.2288     0.2886    97.6749 1.0000e-12  -74.08658 -111.36456  42.465267      99.91 4.4919e+01    417.040      10010  1028.1325  1028.1321     4.6335     0.1684     0.1209    33.9464    33.9460    8.38869         25 0.0000e+00
    171.000    169.162    -1.4661  27.105547    -1.4653  27.105511     6.0225     6.2312     0.2158    97.6685 1.0000e-12  -74.08658 -111.36456  42.465278      99.92 4.5242e+01    418.045      10034  1028.1414  1028.1406     4.6333     0.1084     0.1223    33.9513    33.9504    8.38889         24 0.0000e+00
    172.000    170.149    -1.4677  27.106679    -1.4670  27.106513     6.0112     6.2356     0.1295    97.7214 1.0000e-12  -74.08658 -111.36456  42.465290      99.92 4.5175e+01    419.050      10058  1028.1485  1028.1476     4.6358     0.0935     0.1208    33.9541    33.9530    8.38909         24 0.0000e+00
    173.000    171.138    -1.4685  27.107176    -1.4676  27.107152     6.0688     6.2464     0.1727    97.6498 1.0000e-12  -74.08658 -111.36456  42.465301      99.92 4.4918e+01    420.031      10082  1028.1541  1028.1532     4.6324     0.0872     0.1225    33.9551    33.9540    8.38921         23 0.0000e+00
    174.000    172.128    -1.4693  27.107709    -1.4684  27.107726     6.0740     6.2442     0.2009    97.7066 1.0000e-12  -74.08658 -111.36456  42.465313      99.47 4.5464e+01    421.014      10105  1028.1597  1028.1589     4.6350     0.0848     0.1194    33.9561    33.9551    8.38932         24 0.0000e+00
    175.000    173.116    -1.4701  27.108623    -1.4693  27.108661     6.0709     6.2522     0.1036    97.7927 1.0000e-12  -74.08658 -111.36456  42.465324      99.91 4.5250e+01    422.007      10129  1028.1658  1028.1651     4.6391     0.0908     0.1191    33.9576    33.9568    8.38942         24 0.0000e+00
    176.000    174.104    -1.4703  27.109527    -1.4696  27.109579     6.0831     6.2578     0.1152    97.7375 1.0000e-12  -74.08658 -111.36456  42.465336      99.92 4.4839e+01    422.998      10153  1028.1713  1028.1707     4.6365     0.0930     0.1182    33.9585    33.9577    8.38941         23 0.0000e+00
    177.000    175.094    -1.4710  27.110161    -1.4704  27.109995     6.1044     6.2633     0.2069    97.7252 1.0000e-12  -74.08658 -111.36456  42.465347      99.92 4.5694e+01    423.986      10177  1028.1770  1028.1762     4.6359     0.0884     0.1222    33.9596    33.9586    8.38951         24 0.0000e+00
    178.000    176.082    -1.4724  27.110298    -1.4717  27.110179     6.0783     6.2749     0.0706    97.7782 1.0000e-12  -74.08658 -111.36456  42.465358      99.92 4.5295e+01    424.968      10200  1028.1828  1028.1820     4.6384     0.0883     0.1200    33.9607    33.9597    8.38975         23 0.0000e+00
    179.000    177.073    -1.4731  27.110397    -1.4724  27.110269     6.0909     6.2751     0.1205    97.6513 1.0000e-12  -74.08658 -111.36456  42.465370      99.92 4.5027e+01    425.937      10223  1028.1878  1028.1871     4.6324     0.0957     0.1197    33.9610    33.9601    8.38989         24 0.0000e+00
    180.000    178.060    -1.4735  27.110755    -1.4727  27.110657     6.0917     6.2864     0.2071    97.7404 1.0000e-12  -74.08658 -111.36456  42.465381      99.92 4.5753e+01    426.926      10247  1028.1929  1028.1921     4.6367     0.0836     0.1224    33.9613    33.9603    8.38996         24 0.0000e+00
    181.000    179.049    -1.4743  27.110813    -1.4735  27.110793     6.1195     6.2937     0.1435    97.8411 1.0000e-12  -74.08658 -111.36456  42.465393      99.92 4.5616e+01    427.926      10271  1028.1980  1028.1972     4.6414     0.0981     0.1182    33.9616    33.9607    8.39011         24 0.0000e+00
    182.000    180.037    -1.4760  27.110612    -1.4753  27.110472     6.1279     6.3007     0.1036    97.8875 1.0000e-12  -74.08658 -111.36456  42.465404      99.92 4.5202e+01    428.918      10295  1028.2038  1028.2029     4.6436     0.0852     0.1200    33.9627    33.9618    8.39045         24 0.0000e+00
    183.000    181.028    -1.4771  27.110688    -1.4764  27.110544     6.1418     6.3145     0.1504    97.8105 1.0000e-12  -74.08658 -111.36456  42.465416      99.92 4.5833e+01    429.913      10319  1028.2092  1028.2084     4.6400     0.0985     0.1228    33.9635    33.9625    8.39065         23 0.0000e+00
    184.000    182.014    -1.4791  27.110195    -1.4785  27.110119     6.1572     6.3369     0.1588    97.8155 1.0000e-12  -74.08658 -111.36456  42.465427      99.91 4.5835e+01    430.915      10343  1028.2149  1028.2142     4.6402     0.0886     0.1235    33.9645    33.9637    8.39105         24 0.0000e+00
    185.000    183.005    -1.4846  27.107436    -1.4831  27.107879     6.1759     6.3614     0.0872    97.7534 1.0000e-12  -74.08658 -111.36456  42.465439      99.92 4.5835e+01    431.910      10367  1028.2215  1028.2205     4.6373     0.1021     0.1200    33.9662    33.9651    8.39217         24 0.0000e+00
    186.000    183.993    -1.4881  27.105692    -1.4880  27.105193     6.1985     6.3697     0.1274    97.7349 1.0000e-12  -74.08658 -111.36456  42.465450      99.56 4.5835e+01    432.909      10391  1028.2272  1028.2266     4.6364     0.0928     0.1212    33.9671    33.9664    8.39290         25 0.0000e+00
    187.000    184.982    -1.4917  27.103635    -1.4911  27.103481     6.2225     6.3899     0.1878    97.8153 1.0000e-12  -74.08658 -111.36456  42.465462      99.52 4.5683e+01    433.911      10415  1028.2327  1028.2319     4.6402     0.1094     0.1203    33.9678    33.9669    8.39368         23 0.0000e+00
    188.000    185.971    -1.4937  27.102561    -1.4924  27.102921     6.2829     6.4564     0.1269    97.7306 1.0000e-12  -74.08658 -111.36456  42.465473      99.92 4.5027e+01    434.896      10439  1028.2377  1028.2368     4.6362     0.0880     0.1193    33.9680    33.9670    8.39412         24 0.0000e+00
    189.000    186.959    -1.4995  27.098089    -1.4982  27.098686     6.3758     6.5374     0.2008    97.7195 1.0000e-12  -74.08658 -111.36456  42.465485      99.92 4.5758e+01    435.874      10462  1028.2427  1028.2421     4.6356     0.0878     0.1184    33.9678    33.9672    8.39544         23 0.0000e+00
    190.000    187.948    -1.5298  27.073596    -1.5310  27.072963     6.4338     6.5984     0.1548    97.7167 1.0000e-12  -74.08658 -111.36456  42.465496      99.92 4.5762e+01    436.858      10486  1028.2493  1028.2498     4.6355     0.0989     0.1223    33.9679    33.9683    8.40229         24 0.0000e+00
    191.000    188.936    -1.5472  27.060997    -1.5458  27.061549     6.4598     6.6271     0.2486    97.7295 1.0000e-12  -74.08658 -111.36456  42.465507      99.92 4.5397e+01    437.846      10509  1028.2564  1028.2557     4.6361     0.1178     0.1224    33.9696    33.9688    8.40610         24 0.0000e+00
    192.000    189.925    -1.5487  27.060352    -1.5477  27.060499     6.4770     6.6454     0.5896    97.7191 1.0000e-12  -74.08658 -111.36456  42.465519      99.90 4.5394e+01    438.826      10533  1028.2613  1028.2605     4.6357     0.2256     0.1236    33.9698    33.9689    8.40644         24 0.0000e+00
    193.000    190.915    -1.5513  27.058804    -1.5507  27.058917     6.4658     6.6609     0.8364    97.5623 1.0000e-12  -74.08658 -111.36456  42.465530      99.91 4.5824e+01    439.809      10556  1028.2663  1028.2658     4.6282     0.1748     0.1232    33.9700    33.9695    8.40702         23 0.0000e+00
    194.000    191.902    -1.5544  27.057376    -1.5533  27.057733     6.5084     6.6730     0.7562    97.4503 1.0000e-12  -74.08658 -111.36456  42.465542      99.90 4.5546e+01    440.796      10580  1028.2718  1028.2712     4.6229     0.2061     0.1271    33.9710    33.9702    8.40766         24 0.0000e+00
    195.000    192.893    -1.5559  27.057177    -1.5551  27.057178     6.5058     6.6765     0.5853    97.2954 1.0000e-12  -74.08658 -111.36456  42.465553      99.91 4.4699e+01    441.776      10604  1028.2772  1028.2765     4.6156     0.1919     0.1233    33.9718    33.9709    8.40796         23 0.0000e+00
    196.000    193.879    -1.5562  27.057279    -1.5553  27.057341     6.4414     6.6779     0.7599    96.8860 1.0000e-12  -74.08658 -111.36456  42.465564      99.92 4.5900e+01    442.764      10627  1028.2817  1028.2809     4.5962     0.1595     0.1267    33.9716    33.9707    8.40803         24 0.0000e+00
    197.000    194.871    -1.5555  27.058462    -1.5547  27.058550     6.4730     6.6831     1.1789    96.8629 1.0000e-12  -74.08658 -111.36456  42.465576      99.90 4.5989e+01    443.758      10651  1028.2866  1028.2859     4.5949     0.2175     0.1271    33.9719    33.9710    8.40786         23 0.0000e+00
    198.000    195.857    -1.5552  27.059472    -1.5544  27.059438     6.4798     6.6791     0.8971    96.7564 1.0000e-12  -74.08658 -111.36456  42.465587      99.91 4.4868e+01    444.740      10675  1028.2915  1028.2908     4.5900     0.1679     0.1305    33.9722    33.9713    8.40776         24 0.0000e+00
    199.000    196.847    -1.5552  27.060090    -1.5543  27.060024     6.4978     6.6820     0.9922    96.7964 1.0000e-12  -74.08658 -111.36456  42.465599      99.90 4.6062e+01    445.735      10699  1028.2965  1028.2956     4.5919     0.2593     0.1258    33.9725    33.9714    8.40775         24 0.0000e+00
    200.000    197.834    -1.5550  27.060935    -1.5541  27.060948     6.4723     6.6860     1.3777    96.5361 1.0000e-12  -74.08658 -111.36456  42.465610      92.40 4.5313e+01    446.739      10723  1028.3014  1028.3006     4.5795     0.1996     0.1295    33.9728    33.9718    8.40768         24 0.0000e+00
    201.000    198.824    -1.5544  27.062808    -1.5534  27.062909     6.4780     6.6750     1.0557    96.5293 1.0000e-12  -74.08658 -111.36456  42.465622      99.98 4.5143e+01    447.720      10746  1028.3072  1028.3063     4.5792     0.2160     0.1273    33.9741    33.9731    8.40748         23 0.0000e+00
    202.000    199.813    -1.5533  27.065131    -1.5522  27.065382     6.4599     6.6677     0.9129    96.1678 1.0000e-12  -74.08658 -111.36456  42.465633      99.91 4.5841e+01    448.695      10770  1028.3129  1028.3122     4.5621     0.2176     0.1287    33.9754    33.9745    8.40714         24 0.0000e+00
    203.000    200.801    -1.5536  27.066618    -1.5527  27.066603     6.4455     6.6630     0.9669    96.1909 1.0000e-12  -74.08658 -111.36456  42.465644      99.86 4.5762e+01    449.681      10793  1028.3192  1028.3183     4.5632     0.4262     0.1317    33.9772    33.9761    8.40711         24 0.0000e+00
    204.000    201.789    -1.5559  27.067254    -1.5552  27.067293     6.4428     6.6502     0.9471    96.0694 1.0000e-12  -74.08658 -111.36456  42.465656      99.90 4.4965e+01    450.673      10817  1028.3264  1028.3257     4.5573     0.2419     0.1291    33.9801    33.9793    8.40746         24 0.0000e+00
    205.000    202.780    -1.5557  27.069179    -1.5545  27.069585     6.4388     6.6389     0.9669    95.4499 1.0000e-12  -74.08658 -111.36456  42.465667      99.90 4.6061e+01    451.664      10841  1028.3325  1028.3318     4.5281     0.2863     0.1314    33.9819    33.9810    8.40730         23 0.0000e+00
    206.000    203.767    -1.5550  27.071118    -1.5542  27.071033     6.4474     6.6350     1.1745    95.5655 1.0000e-12  -74.08658 -111.36456  42.465679      99.90 4.5908e+01    452.646      10864  1028.3383  1028.3374     4.5335     0.2293     0.1272    33.9831    33.9821    8.40707         24 0.0000e+00
    207.000    204.756    -1.5553  27.072050    -1.5545  27.071928     6.4351     6.6342     0.8838    95.6582 1.0000e-12  -74.08658 -111.36456  42.465690      99.90 4.4764e+01    453.623      10888  1028.3439  1028.3430     4.5379     0.2054     0.1369    33.9841    33.9830    8.40707         23 0.0000e+00
    208.000    205.745    -1.5560  27.072137    -1.5551  27.072057     6.4554     6.6358     0.8417    95.9071 1.0000e-12  -74.08658 -111.36456  42.465702      99.91 4.5984e+01    454.606      10912  1028.3489  1028.3480     4.5498     0.2131     0.1311    33.9844    33.9833    8.40722         24 0.0000e+00
    209.000    206.732    -1.5563  27.072683    -1.5554  27.072632     6.4500     6.6447     0.8001    96.0576 1.0000e-12  -74.08658 -111.36456  42.465713      99.91 4.5982e+01    455.594      10935  1028.3541  1028.3532     4.5569     0.1935     0.1296    33.9849    33.9838    8.40725         24 0.0000e+00
