ocean_section_plots/required_files/ctd/dnbp2202_ctd171.cnv
* Sea-Bird SBE 9 Data File:
* FileName = D:\Data\raw\NBP2202_CTD171.hex
* Software Version Seasave V 7.26.7.121
* Temperature SN = 1649
* Conductivity SN = 2513
* Number of Bytes Per Scan = 40
* Number of Voltage Words = 5
* Number of Scans Averaged by the Deck Unit = 1
* NMEA Latitude = 74 09.75 S
* NMEA Longitude = 110 30.68 W
* NMEA UTC (Time) = Feb 03 2022  14:25:53
* NMEA baud rate = 9600
** Ship: RVIB N.B. Palmer
** Cruise: NBP2202 Thwaites
** Station: 93
** Operator: B Bjork
# nquan = 28
# nvalues = 509                         
# units = specified
# name 0 = prDM: Pressure, Digiquartz [db]
# name 1 = depSM: Depth [salt water, m]
# name 2 = t090C: Temperature [ITS-90, deg C]
# name 3 = c0mS/cm: Conductivity [mS/cm]
# name 4 = t190C: Temperature, 2 [ITS-90, deg C]
# name 5 = c1mS/cm: Conductivity, 2 [mS/cm]
# name 6 = sbeox0ML/L: Oxygen, SBE 43 [ml/l]
# name 7 = sbeox1ML/L: Oxygen, SBE 43, 2 [ml/l]
# name 8 = flECO-AFL: Fluorescence, WET Labs ECO-AFL/FL [mg/m^3]
# name 9 = CStarTr0: Beam Transmission, WET Labs C-Star [%]
# name 10 = par: PAR/Irradiance, Biospherical/Licor
# name 11 = latitude: Latitude [deg]
# name 12 = longitude: Longitude [deg]
# name 13 = timeJ: Julian Days
# name 14 = altM: Altimeter [m]
# name 15 = spar: SPAR, Biospherical/Licor
# name 16 = timeS: Time, Elapsed [seconds]
# name 17 = scan: Scan Count
# name 18 = density00: Density [density, kg/m^3]
# name 19 = density11: Density, 2 [density, kg/m^3]
# name 20 = v3: Voltage 3
# name 21 = v4: Voltage 4
# name 22 = v5: Voltage 5
# name 23 = sal00: Salinity, Practical [PSU]
# name 24 = sal11: Salinity, Practical, 2 [PSU]
# name 25 = oxsolML/L: Oxygen Saturation, Garcia & Gordon [ml/l]
# name 26 = nbin: number of scans per bin
# name 27 = flag: flag
# span 0 =      1.000,    509.000       
# span 1 =      0.987,    503.114       
# span 2 =    -1.4314,    -0.8821       
# span 3 =  26.943780,  27.892461       
# span 4 =    -1.4296,    -0.8798       
# span 5 =  26.944044,  27.892345       
# span 6 =     5.5496,     6.2778       
# span 7 =     5.6831,     6.2993       
# span 8 =    -0.0235,     2.4071       
# span 9 =    86.6934,    98.7418       
# span 10 = 1.0000e-12, 1.2219e+02      
# span 11 =  -74.16265,  -74.16264      
# span 12 = -110.51140, -110.51136      
# span 13 =  34.604344,  34.611702      
# span 14 =       4.00,     125.92      
# span 15 = 1.6283e+03, 1.6493e+03      
# span 16 =    262.376,    898.039      
# span 17 =       6298,      21554      
# span 18 =  1027.1960,  1029.9195      
# span 19 =  1027.1939,  1029.9177      
# span 20 =     4.1128,     4.6842      
# span 21 =     0.0629,     0.4105      
# span 22 =     0.1245,     0.1457      
# span 23 =    33.7936,    34.1844      
# span 24 =    33.7919,    34.1817      
# span 25 =    8.24539,    8.39047      
# span 26 =          7,         51      
# span 27 = 0.0000e+00, 0.0000e+00      
# interval = decibars: 1                
# start_time = Feb 03 2022 14:25:53 [NMEA time, header]
# bad_flag = -9.990e-29
*END*
[from data line 311]
    312.000    308.538    -1.0882  27.593653    -1.0870  27.592892     5.7471     5.8779    -0.0119    98.5365 1.0000e-12  -74.16264 -110.51138  34.608834      99.73 1.6452e+03    650.242      15607  1028.9244  1028.9224     4.6744     0.0711     0.1326    34.1043    34.1019    8.29545         24 0.0000e+00
    313.000    309.527    -1.0818  27.601203    -1.0791  27.601580     5.7357     5.8686    -0.0101    98.5181 1.0000e-12  -74.16264 -110.51136  34.608845      99.96 1.6459e+03    651.233      15631  1028.9306  1028.9284     4.6735     0.0684     0.1321    34.1067    34.1042    8.29389         24 0.0000e+00
    314.000    310.514    -1.0709  27.612561    -1.0692  27.612101     5.7360     5.8669    -0.0151    98.5506 1.0000e-12  -74.16264 -110.51138  34.608857      99.96 1.6447e+03    652.220      15654  1028.9367  1028.9346     4.6751     0.0701     0.1326    34.1093    34.1068    8.29133         23 0.0000e+00
    315.000    311.504    -1.0680  27.615816    -1.0665  27.615509     5.7408     5.8828    -0.0165    98.5464 1.0000e-12  -74.16264 -110.51136  34.608868      99.96 1.6455e+03    653.209      15678  1028.9417  1028.9400     4.6749     0.0699     0.1305    34.1098    34.1077    8.29066         25 0.0000e+00
    316.000    312.491    -1.0735  27.611836    -1.0714  27.611876     5.7459     5.8858    -0.0227    98.5569 1.0000e-12  -74.16264 -110.51138  34.608880      99.96 1.6449e+03    654.203      15702  1028.9472  1028.9451     4.6753     0.0691     0.1297    34.1100    34.1077    8.29187         23 0.0000e+00
    317.000    313.478    -1.0779  27.609126    -1.0763  27.608833     5.7429     5.8783    -0.0224    98.5460 1.0000e-12  -74.16264 -110.51136  34.608891      99.96 1.6446e+03    655.196      15726  1028.9527  1028.9509     4.6748     0.0692     0.1341    34.1106    34.1084    8.29279         24 0.0000e+00
    318.000    314.469    -1.0723  27.615441    -1.0705  27.615071     5.7415     5.8700    -0.0156    98.5568 1.0000e-12  -74.16264 -110.51138  34.608903      99.97 1.6450e+03    656.187      15749  1028.9585  1028.9563     4.6753     0.0683     0.1286    34.1123    34.1097    8.29146         24 0.0000e+00
    319.000    315.454    -1.0635  27.624399    -1.0621  27.623596     5.7403     5.8722    -0.0150    98.5676 1.0000e-12  -74.16264 -110.51136  34.608914      99.96 1.6458e+03    657.190      15774  1028.9640  1028.9617     4.6759     0.0681     0.1333    34.1139    34.1113    8.28942         24 0.0000e+00
    320.000    316.444    -1.0619  27.626327    -1.0607  27.625467     5.7431     5.8776    -0.0150    98.5869 1.0000e-12  -74.16264 -110.51138  34.608926      99.96 1.6446e+03    658.192      15798  1028.9688  1028.9668     4.6767     0.0692     0.1341    34.1141    34.1116    8.28906         24 0.0000e+00
    321.000    317.432    -1.0635  27.625508    -1.0625  27.624602     5.7526     5.8814    -0.0150    98.5601 1.0000e-12  -74.16264 -110.51136  34.608937      99.97 1.6446e+03    659.186      15821  1028.9738  1028.9719     4.6755     0.0693     0.1383    34.1142    34.1118    8.28941         24 0.0000e+00
    322.000    318.420    -1.0658  27.624298    -1.0649  27.623313     5.7591     5.8858    -0.0190    98.5515 1.0000e-12  -74.16264 -110.51136  34.608949      99.97 1.6437e+03    660.185      15845  1028.9791  1028.9771     4.6751     0.0690     0.1338    34.1146    34.1122    8.28989         24 0.0000e+00
    323.000    319.408    -1.0714  27.619649    -1.0712  27.618457     5.7669     5.8875    -0.0193    98.5771 1.0000e-12  -74.16264 -110.51136  34.608960      99.97 1.6448e+03    661.184      15869  1028.9838  1028.9823     4.6763     0.0689     0.1300    34.1140    34.1121    8.29117         24 0.0000e+00
    324.000    320.395    -1.0772  27.615484    -1.0750  27.615746     5.7679     5.9002    -0.0176    98.5715 1.0000e-12  -74.16264 -110.51136  34.608972      95.76 1.6446e+03    662.169      15893  1028.9892  1028.9874     4.6760     0.0688     0.1305    34.1142    34.1121    8.29243         23 0.0000e+00
    325.000    321.384    -1.0779  27.615505    -1.0763  27.615171     5.7713     5.8972    -0.0194    98.5762 1.0000e-12  -74.16264 -110.51136  34.608983      97.06 1.6450e+03    663.164      15917  1028.9942  1028.9923     4.6762     0.0693     0.1301    34.1145    34.1122    8.29258         24 0.0000e+00
    326.000    322.372    -1.0780  27.616075    -1.0763  27.615741     5.7721     5.8981    -0.0076    98.5664 1.0000e-12  -74.16264 -110.51136  34.608995      99.99 1.6445e+03    664.153      15941  1028.9992  1028.9972     4.6758     0.0696     0.1298    34.1147    34.1124    8.29258         24 0.0000e+00
    327.000    323.361    -1.0776  27.617156    -1.0762  27.616617     5.7744     5.8951    -0.0080    98.5760 1.0000e-12  -74.16264 -110.51136  34.609006      99.96 1.6447e+03    665.140      15964  1029.0043  1029.0023     4.6763     0.0700     0.1324    34.1152    34.1128    8.29247         24 0.0000e+00
    328.000    324.347    -1.0770  27.618671    -1.0753  27.618286     5.7700     5.8968    -0.0225    98.5951 1.0000e-12  -74.16264 -110.51136  34.609018      99.96 1.6440e+03    666.130      15988  1029.0095  1029.0075     4.6772     0.0697     0.1305    34.1159    34.1135    8.29228         24 0.0000e+00
    329.000    325.336    -1.0750  27.621270    -1.0730  27.621287     5.7687     5.8978    -0.0156    98.5916 1.0000e-12  -74.16264 -110.51136  34.609029      99.96 1.6448e+03    667.125      16012  1029.0148  1029.0128     4.6770     0.0698     0.1327    34.1166    34.1143    8.29181         23 0.0000e+00
    330.000    326.324    -1.0732  27.623640    -1.0717  27.623202     5.7644     5.8991    -0.0212    98.5792 1.0000e-12  -74.16264 -110.51138  34.609041      99.97 1.6448e+03    668.110      16036  1029.0198  1029.0179     4.6764     0.0687     0.1298    34.1171    34.1148    8.29137         24 0.0000e+00
    331.000    327.313    -1.0718  27.625525    -1.0701  27.625214     5.7564     5.8915    -0.0175    98.6072 1.0000e-12  -74.16264 -110.51136  34.609052      99.96 1.6448e+03    669.102      16059  1029.0248  1029.0229     4.6778     0.0681     0.1313    34.1175    34.1152    8.29105         24 0.0000e+00
    332.000    328.301    -1.0699  27.628156    -1.0679  27.628196     5.7477     5.8787    -0.0196    98.6115 1.0000e-12  -74.16264 -110.51138  34.609064      99.96 1.6448e+03    670.099      16083  1029.0301  1029.0283     4.6780     0.0692     0.1319    34.1183    34.1162    8.29057         24 0.0000e+00
    333.000    329.289    -1.0590  27.638834    -1.0595  27.636359     5.7467     5.8726    -0.0189    98.6140 1.0000e-12  -74.16264 -110.51136  34.609075      99.96 1.6448e+03    671.086      16107  1029.0354  1029.0332     4.6781     0.0699     0.1345    34.1200    34.1171    8.28808         23 0.0000e+00
    334.000    330.277    -1.0553  27.642449    -1.0524  27.643333     5.7384     5.8673    -0.0121    98.5969 1.0000e-12  -74.16264 -110.51138  34.609087      99.96 1.6448e+03    672.082      16131  1029.0400  1029.0382     4.6773     0.0696     0.1302    34.1200    34.1180    8.28725         25 0.0000e+00
    335.000    331.263    -1.0555  27.642624    -1.0540  27.642318     5.7272     5.8638    -0.0123    98.6187 1.0000e-12  -74.16264 -110.51138  34.609098      99.96 1.6448e+03    673.089      16155  1029.0448  1029.0429     4.6783     0.0692     0.1292    34.1199    34.1177    8.28730         24 0.0000e+00
    336.000    332.253    -1.0549  27.643972    -1.0468  27.648909     5.7239     5.8573    -0.0189    98.6190 1.0000e-12  -74.16264 -110.51138  34.609110      99.96 1.6448e+03    674.087      16179  1029.0499  1029.0475     4.6784     0.0697     0.1286    34.1204    34.1180    8.28714         24 0.0000e+00
    337.000    333.240    -1.0430  27.654845    -1.0412  27.654455     5.7149     5.8443    -0.0088    98.6148 1.0000e-12  -74.16264 -110.51138  34.609121      99.56 1.6444e+03    675.089      16203  1029.0544  1029.0523     4.6781     0.0684     0.1303    34.1211    34.1186    8.28447         24 0.0000e+00
    338.000    334.229    -1.0407  27.657316    -1.0386  27.657445     5.7046     5.8469    -0.0152    98.6094 1.0000e-12  -74.16264 -110.51138  34.609133      99.95 1.6438e+03    676.092      16227  1029.0593  1029.0574     4.6779     0.0703     0.1292    34.1213    34.1191    8.28395         24 0.0000e+00
    339.000    335.217    -1.0339  27.664868    -1.0317  27.664897     5.7080     5.8453    -0.0224    98.5973 1.0000e-12  -74.16264 -110.51138  34.609144      99.96 1.6442e+03    677.079      16251  1029.0652  1029.0631     4.6773     0.0703     0.1297    34.1233    34.1208    8.28234         23 0.0000e+00
    340.000    336.205    -1.0284  27.671497    -1.0250  27.672769     5.7085     5.8408    -0.0227    98.5933 1.0000e-12  -74.16264 -110.51138  34.609156      99.96 1.6433e+03    678.060      16274  1029.0714  1029.0695     4.6771     0.0686     0.1345    34.1255    34.1234    8.28100         24 0.0000e+00
    341.000    337.192    -1.0218  27.679138    -1.0201  27.678646     5.7044     5.8411    -0.0106    98.5848 1.0000e-12  -74.16264 -110.51138  34.609167      99.96 1.6457e+03    679.049      16298  1029.0777  1029.0755     4.6767     0.0692     0.1304    34.1278    34.1251    8.27941         24 0.0000e+00
    342.000    338.181    -1.0165  27.685467    -1.0147  27.684967     5.7057     5.8365    -0.0127    98.6015 1.0000e-12  -74.16264 -110.51138  34.609179      99.96 1.6453e+03    680.027      16322  1029.0837  1029.0815     4.6775     0.0694     0.1310    34.1297    34.1271    8.27812         23 0.0000e+00
    343.000    339.169    -1.0146  27.687854    -1.0125  27.687696     5.7066     5.8359    -0.0109    98.6108 1.0000e-12  -74.16264 -110.51138  34.609190      99.96 1.6451e+03    681.008      16345  1029.0888  1029.0867     4.6779     0.0689     0.1318    34.1302    34.1277    8.27767         23 0.0000e+00
    344.000    340.158    -1.0111  27.692175    -1.0096  27.691331     5.7023     5.8316    -0.0107    98.6126 1.0000e-12  -74.16264 -110.51138  34.609201      99.96 1.6446e+03    682.000      16369  1029.0945  1029.0921     4.6781     0.0692     0.1306    34.1315    34.1287    8.27682         24 0.0000e+00
    345.000    341.144    -1.0104  27.693118    -1.0085  27.692916     5.7008     5.8271    -0.0150    98.6050 1.0000e-12  -74.16264 -110.51138  34.609213      99.96 1.6438e+03    682.989      16393  1029.0993  1029.0972     4.6776     0.0699     0.1313    34.1314    34.1290    8.27668         24 0.0000e+00
    346.000    342.132    -1.0098  27.694120    -1.0085  27.693444     5.7119     5.8288    -0.0150    98.5362 1.0000e-12  -74.16264 -110.51138  34.609224      99.96 1.6440e+03    683.982      16417  1029.1042  1029.1021     4.6744     0.0700     0.1346    34.1315    34.1291    8.27655         24 0.0000e+00
    347.000    343.121    -1.0086  27.695904    -1.0069  27.695558     5.7091     5.8357    -0.0150    98.6034 1.0000e-12  -74.16264 -110.51138  34.609236      99.96 1.6451e+03    684.986      16441  1029.1092  1029.1073     4.6776     0.0699     0.1321    34.1319    34.1296    8.27625         24 0.0000e+00
    348.000    344.109    -1.0086  27.696509    -1.0069  27.696002     5.7086     5.8363    -0.0150    98.6072 1.0000e-12  -74.16264 -110.51138  34.609248      99.96 1.6443e+03    685.981      16465  1029.1142  1029.1121     4.6778     0.0702     0.1309    34.1321    34.1296    8.27623         24 0.0000e+00
    349.000    345.098    -1.0062  27.699839    -1.0047  27.699018     5.7138     5.8388    -0.0150    98.5794 1.0000e-12  -74.16264 -110.51138  34.609259      99.96 1.6455e+03    686.976      16488  1029.1199  1029.1176     4.6764     0.0689     0.1328    34.1334    34.1306    8.27564         24 0.0000e+00
    350.000    346.085    -0.9969  27.712062    -0.9957  27.711174     5.7152     5.8418    -0.0150    98.5589 1.0000e-12  -74.16264 -110.51138  34.609271      96.85 1.6449e+03    687.979      16513  1029.1285  1029.1263     4.6754     0.0686     0.1301    34.1388    34.1363    8.27327         24 0.0000e+00
    351.000    347.073    -0.9973  27.712625    -0.9952  27.712642     5.7173     5.8456    -0.0150    98.5600 1.0000e-12  -74.16264 -110.51138  34.609282      93.44 1.6438e+03    688.976      16536  1029.1338  1029.1318     4.6755     0.0695     0.1320    34.1395    34.1371    8.27333         24 0.0000e+00
    352.000    348.060    -0.9984  27.712355    -0.9967  27.712296     5.7191     5.8507    -0.0208    98.5877 1.0000e-12  -74.16264 -110.51138  34.609294      98.17 1.6464e+03    689.972      16560  1029.1390  1029.1373     4.6769     0.0685     0.1333    34.1397    34.1377    8.27355         24 0.0000e+00
    353.000    349.049    -0.9979  27.713782    -0.9962  27.713421     5.7199     5.8445    -0.0224    98.6124 1.0000e-12  -74.16264 -110.51138  34.609305      99.95 1.6464e+03    690.973      16584  1029.1444  1029.1424     4.6780     0.0702     0.1280    34.1405    34.1381    8.27340         24 0.0000e+00
    354.000    350.038    -0.9956  27.716727    -0.9943  27.715794     5.7146     5.8378    -0.0140    98.6061 1.0000e-12  -74.16264 -110.51138  34.609317      99.96 1.6448e+03    691.967      16608  1029.1496  1029.1474     4.6777     0.0683     0.1365    34.1412    34.1385    8.27284         23 0.0000e+00
    355.000    351.024    -0.9948  27.717930    -0.9929  27.717787     5.7080     5.8414    -0.0110    98.6018 1.0000e-12  -74.16264 -110.51138  34.609328      99.96 1.6451e+03    692.951      16632  1029.1545  1029.1525     4.6775     0.0699     0.1307    34.1413    34.1390    8.27265         24 0.0000e+00
    356.000    352.013    -0.9948  27.718204    -0.9936  27.717489     5.7071     5.8390    -0.0175    98.5976 1.0000e-12  -74.16264 -110.51138  34.609340      99.96 1.6452e+03    693.940      16656  1029.1592  1029.1572     4.6773     0.0695     0.1314    34.1412    34.1388    8.27267         24 0.0000e+00
    357.000    353.000    -0.9937  27.719941    -0.9918  27.719582     5.6963     5.8311    -0.0190    98.6209 1.0000e-12  -74.16264 -110.51137  34.609351      99.96 1.6466e+03    694.927      16679  1029.1643  1029.1621     4.6784     0.0692     0.1287    34.1416    34.1390    8.27240         24 0.0000e+00
    358.000    353.990    -0.9892  27.724450    -0.9857  27.725781     5.6793     5.8186    -0.0096    98.6185 1.0000e-12  -74.16264 -110.51137  34.609362      99.96 1.6448e+03    695.910      16703  1029.1691  1029.1671     4.6784     0.0690     0.1306    34.1420    34.1399    8.27138         23 0.0000e+00
    359.000    354.976    -0.9708  27.743516    -0.9691  27.742264     5.6686     5.8025    -0.0150    98.6212 1.0000e-12  -74.16264 -110.51137  34.609374      99.96 1.6452e+03    696.904      16727  1029.1760  1029.1731     4.6784     0.0712     0.1296    34.1465    34.1429    8.26707         24 0.0000e+00
    360.000    355.964    -0.9536  27.760077    -0.9512  27.760243     5.6733     5.7995    -0.0150    98.6201 1.0000e-12  -74.16264 -110.51137  34.609385      99.96 1.6446e+03    697.900      16751  1029.1816  1029.1795     4.6784     0.0679     0.1305    34.1490    34.1465    8.26315         24 0.0000e+00
    361.000    356.953    -0.9465  27.769057    -0.9443  27.769113     5.6885     5.8193    -0.0150    98.6219 1.0000e-12  -74.16264 -110.51137  34.609397      99.95 1.6465e+03    698.884      16774  1029.1889  1029.1868     4.6784     0.0690     0.1299    34.1525    34.1501    8.26139         23 0.0000e+00
    362.000    357.941    -0.9481  27.770039    -0.9462  27.769984     5.6977     5.8228    -0.0150    98.6211 1.0000e-12  -74.16264 -110.51136  34.609408      99.96 1.6453e+03    699.874      16798  1029.1960  1029.1941     4.6785     0.0700     0.1334    34.1551    34.1528    8.26159         24 0.0000e+00
