ocean_section_plots/required_files/ctd/dnbp2202_ctd103.cnv
* Sea-Bird SBE 9 Data File:
* FileName = D:\Data\raw\NBP2202_CTD103.hex
* Software Version Seasave V 7.26.7.121
* Temperature SN = 1649
* Conductivity SN = 2513
* Number of Bytes Per Scan = 40
* Number of Voltage Words = 5
* Number of Scans Averaged by the Deck Unit = 1
* NMEA Latitude = 74 10.52 S
* NMEA Longitude = 113 20.65 W
* NMEA UTC (Time) = Jan 27 2022  03:53:00
* NMEA baud rate = 9600
** Ship: RVIB N.B. Palmer
** Cruise: NBP2202 Thwaites
** Station: YoYo001
** Operator: B. Bjork
# nquan = 25
# nvalues = 616                         
# units = specified
# name 0 = prDM: Pressure, Digiquartz [db]
# name 1 = depSM: Depth [salt water, m]
# name 2 = t090C: Temperature [ITS-90, deg C]
# name 3 = c0mS/cm: Conductivity [mS/cm]
# name 4 = t190C: Temperature, 2 [ITS-90, deg C]
# name 5 = c1mS/cm: Conductivity, 2 [mS/cm]
# name 6 = sbeox0ML/L: Oxygen, SBE 43 [ml/l]
# name 7 = sbeox1ML/L: Oxygen, SBE 43, 2 [ml/l]
# name 8 = flECO-AFL: Fluorescence, WET Labs ECO-AFL/FL [mg/m^3]
# name 9 = CStarTr0: Beam Transmission, WET Labs C-Star [%]
# name 10 = par: PAR/Irradiance, Biospherical/Licor
# name 11 = latitude: Latitude [deg]
# name 12 = longitude: Longitude [deg]
# name 13 = timeJ: Julian Days
# name 14 = altM: Altimeter [m]
# name 15 = spar: SPAR, Biospherical/Licor
# name 16 = timeS: Time, Elapsed [seconds]
# name 17 = scan: Scan Count
# name 18 = density00: Density [density, kg/m^3]
# name 19 = density11: Density, 2 [density, kg/m^3]
# name 20 = sal00: Salinity, Practical [PSU]
# name 21 = sal11: Salinity, Practical, 2 [PSU]
# name 22 = oxsolML/L: Oxygen Saturation, Garcia & Gordon [ml/l]
# name 23 = nbin: number of scans per bin
# name 24 = flag: flag
# span 0 =      2.000,    617.000       
# span 1 =      1.987,    609.706       
# span 2 =    -1.5026,     0.0950       
# span 3 =  26.944653,  28.930411       
# span 4 =    -1.5017,     0.0983       
# span 5 =  26.944525,  28.931361       
# span 6 =     4.7189,     8.9727       
# span 7 =     4.8036,     8.7562       
# span 8 =    -0.0262,    24.8256       
# span 9 =    69.7803,    95.5356       
# span 10 = 1.0000e-12, 1.1342e+02      
# span 11 =  -74.17536,  -74.17536      
# span 12 = -113.34428, -113.34424      
# span 13 =  27.165655,  27.174654      
# span 14 =       7.78,     108.42      
# span 15 = 2.9615e+02, 3.5031e+02      
# span 16 =    332.541,   1110.114      
# span 17 =       7982,      26644      
# span 18 =  1027.1751,  1030.5230      
# span 19 =  1027.1706,  1030.5208      
# span 20 =    33.7832,    34.3816      
# span 21 =    33.7824,    34.3792      
# span 22 =    8.02500,    8.40504      
# span 23 =         13,         48      
# span 24 = 0.0000e+00, 0.0000e+00      
# interval = decibars: 1                
# start_time = Jan 27 2022 03:53:00 [NMEA time, header]
# bad_flag = -9.990e-29
*END*
[from data line 348]
    350.000    346.084    -0.4128  28.243852    -0.4101  28.244076     4.8943     4.9864    -0.0169    95.2512 1.0000e-12  -74.17536 -113.34427  27.170947      99.89 3.1747e+02    789.855      18958  1029.1449  1029.1425    34.1973    34.1946    8.14298         24 0.0000e+00
    351.000    347.072    -0.3951  28.264144    -0.3930  28.263794     4.8905     4.9850    -0.0125    95.2543 1.0000e-12  -74.17536 -113.34427  27.170959      99.89 3.1770e+02    790.836      18981  1029.1536  1029.1512    34.2039    34.2011    8.13880         23 0.0000e+00
    352.000    348.062    -0.3938  28.266097    -0.3919  28.265658     4.8876     4.9917    -0.0064    95.2533 1.0000e-12  -74.17536 -113.34427  27.170970      99.88 3.1589e+02    791.830      19005  1029.1588  1029.1565    34.2045    34.2017    8.13849         24 0.0000e+00
    353.000    349.048    -0.3890  28.272097    -0.3872  28.271542     4.8898     4.9902    -0.0177    95.2442 1.0000e-12  -74.17536 -113.34427  27.170982      99.88 3.1655e+02    792.835      19029  1029.1650  1029.1627    34.2066    34.2038    8.13735         25 0.0000e+00
    354.000    350.037    -0.3829  28.279388    -0.3812  28.278616     4.8916     4.9859    -0.0108    95.2458 1.0000e-12  -74.17536 -113.34427  27.170994      99.88 3.1673e+02    793.841      19053  1029.1713  1029.1688    34.2088    34.2059    8.13591         24 0.0000e+00
    355.000    351.024    -0.3763  28.287128    -0.3752  28.285681     4.8889     4.9878    -0.0110    95.2522 1.0000e-12  -74.17536 -113.34427  27.171005      76.96 3.1572e+02    794.839      19077  1029.1775  1029.1749    34.2112    34.2080    8.13437         24 0.0000e+00
    356.000    352.013    -0.3612  28.305070    -0.3597  28.303727     4.8907     4.9872    -0.0016    95.2464 1.0000e-12  -74.17536 -113.34427  27.171017      92.89 3.1625e+02    795.838      19101  1029.1863  1029.1835    34.2176    34.2141    8.13078         23 0.0000e+00
    357.000    353.000    -0.3545  28.312982    -0.3522  28.312785     4.8996     4.9960    -0.0169    95.2421 1.0000e-12  -74.17536 -113.34427  27.171028      99.93 3.1712e+02    796.841      19125  1029.1926  1029.1902    34.2200    34.2171    8.12919         25 0.0000e+00
    358.000    353.989    -0.3518  28.316214    -0.3506  28.315464     4.9065     5.0011    -0.0058    95.2363 1.0000e-12  -74.17536 -113.34427  27.171040      99.88 3.1558e+02    797.839      19149  1029.1979  1029.1959    34.2207    34.2184    8.12858         24 0.0000e+00
    359.000    354.976    -0.3634  28.306473    -0.3606  28.307208     4.9198     5.0093    -0.0089    95.2203 1.0000e-12  -74.17536 -113.34427  27.171051      99.89 3.1592e+02    798.841      19173  1029.2033  1029.2014    34.2201    34.2180    8.13110         24 0.0000e+00
    360.000    355.965    -0.3633  28.307900    -0.3619  28.307081     4.9311     5.0190    -0.0128    95.2179 1.0000e-12  -74.17536 -113.34427  27.171063      99.89 3.1709e+02    799.847      19197  1029.2091  1029.2068    34.2213    34.2186    8.13100         24 0.0000e+00
    361.000    356.953    -0.3698  28.303429    -0.3685  28.302875     4.9381     5.0353    -0.0150    95.2329 1.0000e-12  -74.17536 -113.34428  27.171075      99.88 3.1557e+02    800.848      19221  1029.2151  1029.2133    34.2221    34.2199    8.13236         24 0.0000e+00
    362.000    357.939    -0.3732  28.301469    -0.3718  28.300430     4.9321     5.0331    -0.0193    95.2426 1.0000e-12  -74.17536 -113.34428  27.171086      99.88 3.1556e+02    801.854      19245  1029.2206  1029.2181    34.2226    34.2196    8.13305         24 0.0000e+00
    363.000    358.928    -0.3720  28.303522    -0.3702  28.303167     4.9135     5.0161    -0.0169    95.2340 1.0000e-12  -74.17536 -113.34428  27.171098      99.89 3.1674e+02    802.860      19270  1029.2260  1029.2238    34.2234    34.2209    8.13274         24 0.0000e+00
    364.000    359.915    -0.3606  28.315681    -0.3589  28.314324     4.8950     4.9969    -0.0119    95.2016 1.0000e-12  -74.17536 -113.34428  27.171110      99.88 3.1555e+02    803.861      19294  1029.2321  1029.2290    34.2263    34.2226    8.13015         24 0.0000e+00
    365.000    360.904    -0.3413  28.333685    -0.3402  28.332590     4.8791     4.9836    -0.0110    95.2804 1.0000e-12  -74.17536 -113.34428  27.171121      99.89 3.1556e+02    804.857      19318  1029.2367  1029.2345    34.2280    34.2254    8.12592         24 0.0000e+00
    366.000    361.891    -0.3359  28.339753    -0.3324  28.340768     4.8735     4.9788    -0.0202    95.2705 1.0000e-12  -74.17536 -113.34428  27.171133      99.88 3.1556e+02    805.851      19341  1029.2423  1029.2400    34.2295    34.2269    8.12468         24 0.0000e+00
    367.000    362.880    -0.3330  28.342926    -0.3310  28.342644     4.8756     4.9772    -0.0178    95.2694 1.0000e-12  -74.17536 -113.34428  27.171144      99.88 3.1556e+02    806.837      19365  1029.2472  1029.2449    34.2298    34.2272    8.12404         24 0.0000e+00
    368.000    363.867    -0.3309  28.345276    -0.3297  28.344355     4.8613     4.9709    -0.0189    95.2889 1.0000e-12  -74.17536 -113.34428  27.171155      99.54 3.1556e+02    807.831      19389  1029.2521  1029.2499    34.2301    34.2275    8.12359         23 0.0000e+00
    369.000    364.855    -0.3311  28.345589    -0.3287  28.345830     4.8588     4.9635    -0.0115    95.2762 1.0000e-12  -74.17536 -113.34428  27.171167      96.14 3.1556e+02    808.834      19413  1029.2570  1029.2548    34.2301    34.2277    8.12363         25 0.0000e+00
    370.000    365.844    -0.3229  28.353939    -0.3199  28.354457     4.8587     4.9590    -0.0117    95.2706 1.0000e-12  -74.17536 -113.34428  27.171179      99.64 3.1556e+02    809.835      19437  1029.2623  1029.2599    34.2315    34.2288    8.12180         24 0.0000e+00
    371.000    366.832    -0.3166  28.361100    -0.3147  28.360349     4.8549     4.9550    -0.0120    95.2599 1.0000e-12  -74.17536 -113.34427  27.171190      99.88 3.1556e+02    810.844      19461  1029.2680  1029.2654    34.2333    34.2302    8.12034         24 0.0000e+00
    372.000    367.818    -0.3091  28.369087    -0.3087  28.367140     4.8571     4.9588    -0.0123    95.2332 1.0000e-12  -74.17536 -113.34427  27.171202      99.88 3.1556e+02    811.845      19485  1029.2736  1029.2712    34.2350    34.2319    8.11865         24 0.0000e+00
    373.000    368.807    -0.3106  28.367955    -0.3106  28.365692     4.8573     4.9584    -0.0106    95.2297 1.0000e-12  -74.17536 -113.34427  27.171213      99.89 3.1556e+02    812.824      19509  1029.2782  1029.2759    34.2346    34.2315    8.11900         23 0.0000e+00
    374.000    369.795    -0.3112  28.367803    -0.3101  28.366655     4.8595     4.9460    -0.0147    95.2308 1.0000e-12  -74.17536 -113.34427  27.171225      99.89 3.1556e+02    813.802      19532  1029.2830  1029.2808    34.2343    34.2317    8.11913         24 0.0000e+00
    375.000    370.782    -0.3124  28.366740    -0.3112  28.365872     4.8600     4.9508    -0.0159    95.2245 1.0000e-12  -74.17536 -113.34427  27.171236      99.88 3.1556e+02    814.797      19556  1029.2874  1029.2854    34.2337    34.2312    8.11943         24 0.0000e+00
    376.000    371.772    -0.3173  28.362134    -0.3160  28.361220     4.8611     4.9576    -0.0129    95.2286 1.0000e-12  -74.17536 -113.34427  27.171248      99.88 3.1556e+02    815.806      19580  1029.2917  1029.2894    34.2325    34.2298    8.12054         24 0.0000e+00
    377.000    372.757    -0.3199  28.359843    -0.3179  28.359673     4.8576     4.9522    -0.0110    95.2254 1.0000e-12  -74.17536 -113.34427  27.171260      99.89 3.1490e+02    816.819      19605  1029.2961  1029.2939    34.2318    34.2292    8.12114         24 0.0000e+00
    378.000    373.747    -0.3161  28.364178    -0.3130  28.365099     4.8523     4.9447    -0.0168    95.2278 1.0000e-12  -74.17536 -113.34427  27.171271      99.89 3.1507e+02    817.839      19629  1029.3012  1029.2993    34.2326    34.2304    8.12027         25 0.0000e+00
    379.000    374.734    -0.3025  28.379337    -0.2967  28.382460     4.8507     4.9466    -0.0105    95.2020 1.0000e-12  -74.17536 -113.34427  27.171283      99.88 3.1482e+02    818.850      19653  1029.3084  1029.3061    34.2370    34.2347    8.11713         24 0.0000e+00
    380.000    375.723    -0.2941  28.388225    -0.2906  28.389435     4.8472     4.9439    -0.0101    95.2093 1.0000e-12  -74.17536 -113.34427  27.171295      99.89 3.1446e+02    819.847      19677  1029.3139  1029.3118    34.2388    34.2365    8.11522         24 0.0000e+00
    381.000    376.709    -0.2931  28.389528    -0.2932  28.387135     4.8475     4.9423    -0.0102    95.2332 1.0000e-12  -74.17536 -113.34427  27.171306      78.15 3.1479e+02    820.843      19701  1029.3188  1029.3164    34.2389    34.2358    8.11502         23 0.0000e+00
    382.000    377.697    -0.2897  28.393750    -0.2880  28.393242     4.8448     4.9432    -0.0095    95.2515 1.0000e-12  -74.17536 -113.34426  27.171318      92.53 3.1452e+02    821.832      19725  1029.3243  1029.3221    34.2401    34.2374    8.11422         24 0.0000e+00
    383.000    378.686    -0.2878  28.396132    -0.2859  28.395944     4.8487     4.9423    -0.0100    95.2740 1.0000e-12  -74.17536 -113.34426  27.171329      99.85 3.1393e+02    822.829      19749  1029.3293  1029.3272    34.2405    34.2381    8.11379         25 0.0000e+00
    384.000    379.673    -0.2881  28.396390    -0.2862  28.396050     4.8481     4.9417    -0.0122    95.3104 1.0000e-12  -74.17536 -113.34426  27.171341      99.88 3.1425e+02    823.837      19773  1029.3342  1029.3320    34.2405    34.2380    8.11385         23 0.0000e+00
    385.000    380.662    -0.2868  28.398347    -0.2850  28.397981     4.8461     4.9407    -0.0103    95.3217 1.0000e-12  -74.17536 -113.34426  27.171352      99.88 3.1450e+02    824.850      19797  1029.3394  1029.3373    34.2412    34.2387    8.11355         25 0.0000e+00
    386.000    381.649    -0.2783  28.409069    -0.2760  28.408757     4.8399     4.9373    -0.0132    95.3434 1.0000e-12  -74.17536 -113.34426  27.171364      99.88 3.1387e+02    825.850      19821  1029.3468  1029.3443    34.2453    34.2423    8.11150         24 0.0000e+00
    387.000    382.637    -0.2661  28.422233    -0.2644  28.421307     4.8387     4.9414    -0.0186    95.3708 1.0000e-12  -74.17536 -113.34426  27.171375      99.88 3.1437e+02    826.836      19845  1029.3532  1029.3506    34.2485    34.2454    8.10871         24 0.0000e+00
    388.000    383.625    -0.2621  28.426339    -0.2606  28.425609     4.8378     4.9381    -0.0154    95.3652 1.0000e-12  -74.17536 -113.34426  27.171387      99.89 3.1486e+02    827.819      19869  1029.3580  1029.3558    34.2489    34.2462    8.10784         23 0.0000e+00
    389.000    384.612    -0.2622  28.426687    -0.2602  28.426525     4.8385     4.9296    -0.0029    95.3809 1.0000e-12  -74.17536 -113.34426  27.171398      99.88 3.1380e+02    828.805      19892  1029.3629  1029.3607    34.2490    34.2464    8.10787         24 0.0000e+00
    390.000    385.601    -0.2612  28.428290    -0.2591  28.427974     4.8364     4.9264    -0.0164    95.3937 1.0000e-12  -74.17536 -113.34426  27.171410      99.88 3.1379e+02    829.801      19916  1029.3679  1029.3655    34.2493    34.2465    8.10762         24 0.0000e+00
    391.000    386.588    -0.2581  28.432022    -0.2555  28.432258     4.8311     4.9311    -0.0174    95.4149 1.0000e-12  -74.17536 -113.34426  27.171422      99.88 3.1379e+02    830.818      19941  1029.3733  1029.3709    34.2503    34.2476    8.10692         25 0.0000e+00
    392.000    387.576    -0.2476  28.444627    -0.2452  28.444470     4.8308     4.9255    -0.0172    95.4365 1.0000e-12  -74.17536 -113.34426  27.171433      99.88 3.1379e+02    831.841      19965  1029.3807  1029.3782    34.2547    34.2517    8.10443         24 0.0000e+00
    393.000    388.564    -0.2446  28.448943    -0.2426  28.448561     4.8327     4.9265    -0.0119    95.4444 1.0000e-12  -74.17536 -113.34426  27.171445      99.88 3.1379e+02    832.861      19990  1029.3867  1029.3844    34.2564    34.2537    8.10369         24 0.0000e+00
    394.000    389.549    -0.2443  28.449939    -0.2423  28.449694     4.8381     4.9305    -0.0163    95.4552 1.0000e-12  -74.17536 -113.34426  27.171457      88.49 3.1379e+02    833.867      20014  1029.3919  1029.3897    34.2568    34.2542    8.10361         24 0.0000e+00
    395.000    390.540    -0.2396  28.455925    -0.2378  28.455211     4.8478     4.9351    -0.0193    95.4636 1.0000e-12  -74.17536 -113.34426  27.171468      98.03 3.1379e+02    834.854      20038  1029.3980  1029.3955    34.2589    34.2560    8.10249         24 0.0000e+00
    396.000    391.527    -0.2401  28.456100    -0.2380  28.456038     4.8512     4.9338    -0.0154    95.4615 1.0000e-12  -74.17536 -113.34426  27.171480      99.87 3.1379e+02    835.849      20061  1029.4030  1029.4009    34.2591    34.2567    8.10258         24 0.0000e+00
    397.000    392.514    -0.2446  28.453744    -0.2418  28.454473     4.8489     4.9376    -0.0138    95.4721 1.0000e-12  -74.17536 -113.34426  27.171491      99.88 3.1379e+02    836.840      20085  1029.4093  1029.4073    34.2604    34.2582    8.10347         24 0.0000e+00
    398.000    393.502    -0.2441  28.454868    -0.2421  28.454610     4.8489     4.9478    -0.0120    95.4606 1.0000e-12  -74.17536 -113.34426  27.171503      99.88 3.1379e+02    837.836      20109  1029.4143  1029.4121    34.2608    34.2581    8.10334         24 0.0000e+00
    399.000    394.491    -0.2433  28.455425    -0.2408  28.455789     4.8487     4.9429    -0.0035    95.4455 1.0000e-12  -74.17536 -113.34426  27.171514      99.88 3.1379e+02    838.846      20133  1029.4185  1029.4164    34.2600    34.2577    8.10322         24 0.0000e+00
    400.000    395.478    -0.2449  28.456284    -0.2429  28.456038     4.8407     4.9395    -0.0098    95.4326 1.0000e-12  -74.17536 -113.34426  27.171526      99.88 3.1379e+02    839.851      20157  1029.4252  1029.4231    34.2624    34.2598    8.10342         24 0.0000e+00
    401.000    396.464    -0.2387  28.463129    -0.2358  28.463529     4.8300     4.9314    -0.0098    95.4080 1.0000e-12  -74.17536 -113.34426  27.171538      99.87 3.1379e+02    840.846      20181  1029.4308  1029.4283    34.2639    34.2611    8.10201         24 0.0000e+00
    402.000    397.453    -0.2238  28.477438    -0.2202  28.478335     4.8219     4.9211    -0.0110    95.3889 1.0000e-12  -74.17536 -113.34426  27.171549      99.88 3.1379e+02    841.837      20205  1029.4356  1029.4331    34.2656    34.2628    8.09875         24 0.0000e+00
    403.000    398.442    -0.2130  28.488274    -0.2112  28.487415     4.8238     4.9157    -0.0112    95.3798 1.0000e-12  -74.17536 -113.34426  27.171560      99.88 3.1379e+02    842.822      20229  1029.4409  1029.4383    34.2673    34.2642    8.09636         23 0.0000e+00
    404.000    399.429    -0.2067  28.495084    -0.2044  28.494924     4.8210     4.9168    -0.0089    95.3746 1.0000e-12  -74.17536 -113.34426  27.171572      99.88 3.1379e+02    843.811      20252  1029.4463  1029.4440    34.2687    34.2660    8.09494         24 0.0000e+00
    405.000    400.417    -0.2048  28.497783    -0.2022  28.498106     4.8155     4.9208    -0.0162    95.3671 1.0000e-12  -74.17536 -113.34426  27.171583      99.88 3.1379e+02    844.809      20276  1029.4517  1029.4495    34.2696    34.2671    8.09449         24 0.0000e+00
    406.000    401.403    -0.2045  28.498684    -0.2024  28.498497     4.8184     4.9153    -0.0191    95.3851 1.0000e-12  -74.17536 -113.34426  27.171595      99.88 3.1379e+02    845.821      20301  1029.4567  1029.4545    34.2699    34.2673    8.09441         25 0.0000e+00
