ocean_section_plots/required_files/ctd/dnbp2202_ctd161.cnv
* Sea-Bird SBE 9 Data File:
* FileName = D:\Data\raw\NBP2202_CTD161.hex
* Software Version Seasave V 7.26.7.121
* Temperature SN = 1649
* Conductivity SN = 2513
* Number of Bytes Per Scan = 40
* Number of Voltage Words = 5
* Number of Scans Averaged by the Deck Unit = 1
* NMEA Latitude = 74 14.14 S
* NMEA Longitude = 112 11.99 W
* NMEA UTC (Time) = Feb 01 2022  00:19:51
* NMEA baud rate = 9600
** Ship: RVIB N.B. Palmer
** Cruise: NBP2202 Thwaites
** Station: 83
** Operator: A. Robinson
# nquan = 28
# nvalues = 506                         
# units = specified
# name 0 = prDM: Pressure, Digiquartz [db]
# name 1 = depSM: Depth [salt water, m]
# name 2 = t090C: Temperature [ITS-90, deg C]
# name 3 = c0mS/cm: Conductivity [mS/cm]
# name 4 = t190C: Temperature, 2 [ITS-90, deg C]
# name 5 = c1mS/cm: Conductivity, 2 [mS/cm]
# name 6 = sbeox0ML/L: Oxygen, SBE 43 [ml/l]
# name 7 = sbeox1ML/L: Oxygen, SBE 43, 2 [ml/l]
# name 8 = flECO-AFL: Fluorescence, WET Labs ECO-AFL/FL [mg/m^3]
# name 9 = CStarTr0: Beam Transmission, WET Labs C-Star [%]
# name 10 = par: PAR/Irradiance, Biospherical/Licor
# name 11 = latitude: Latitude [deg]
# name 12 = longitude: Longitude [deg]
# name 13 = timeJ: Julian Days
# name 14 = altM: Altimeter [m]
# name 15 = spar: SPAR, Biospherical/Licor
# name 16 = timeS: Time, Elapsed [seconds]
# name 17 = scan: Scan Count
# name 18 = density00: Density [density, kg/m^3]
# name 19 = density11: Density, 2 [density, kg/m^3]
# name 20 = v3: Voltage 3
# name 21 = v4: Voltage 4
# name 22 = v5: Voltage 5
# name 23 = sal00: Salinity, Practical [PSU]
# name 24 = sal11: Salinity, Practical, 2 [PSU]
# name 25 = oxsolML/L: Oxygen Saturation, Garcia & Gordon [ml/l]
# name 26 = nbin: number of scans per bin
# name 27 = flag: flag
# span 0 =      2.000,    507.000       
# span 1 =      1.980,    501.117       
# span 2 =    -1.4877,    -0.1703       
# span 3 =  27.045587,  28.619484       
# span 4 =    -1.4883,    -0.1643       
# span 5 =  27.045556,  28.623246       
# span 6 =     4.9333,     8.3802       
# span 7 =     5.0287,     8.5759       
# span 8 =     0.0028,    23.8173       
# span 9 =    69.3477,    93.7782       
# span 10 = 1.0000e-12, 3.2483e+02      
# span 11 =  -74.23578,  -74.23576      
# span 12 = -112.19998, -112.19993      
# span 13 =  32.016076,  32.023970      
# span 14 =     -22.50,     100.02      
# span 15 = 5.2909e+02, 7.3292e+02      
# span 16 =    197.989,    880.044      
# span 17 =       4753,      21122      
# span 18 =  1027.1895,  1029.9829      
# span 19 =  1027.1938,  1029.9812      
# span 20 =     3.2906,     4.4488      
# span 21 =     0.0707,     3.6258      
# span 22 =     0.1143,     0.2415      
# span 23 =    33.8033,    34.3326      
# span 24 =    33.8095,    34.3303      
# span 25 =    8.08360,    8.39510      
# span 26 =          2,         46      
# span 27 = 0.0000e+00, 0.0000e+00      
# interval = decibars: 1                
# start_time = Feb 01 2022 00:19:51 [NMEA time, header]
# bad_flag = -9.990e-29
*END*
      2.000      1.980    -0.9021  27.386203    -0.8902  27.400935     8.2499     8.0976    14.7284    74.4527 3.2483e+02  -74.23576 -112.19994  32.016076     -22.50 7.0324e+02    197.989       4753  1027.1895  1027.1938     3.5335     2.0202     0.1527    33.8033    33.8098    8.27205          6 0.0000e+00
      3.000      2.965    -0.9141  27.378497    -0.9199  27.376574     8.2484     8.1293    12.7687    73.5897 2.2022e+02  -74.23576 -112.19994  32.016111      92.82 7.0357e+02    200.966       4824  1027.1969  1027.2002     3.4913     2.2786     0.2094    33.8057    33.8095    8.27454         35 0.0000e+00
      4.000      3.958    -0.9156  27.378077    -0.9160  27.380522     8.2869     8.1555    14.0970    74.2771 1.5703e+02  -74.23578 -112.19994  32.016172      99.42 7.0377e+02    206.254       4951  1027.2020  1027.2050     3.5240     2.1778     0.2017    33.8061    33.8100    8.27483         37 0.0000e+00
      5.000      4.948    -0.9054  27.387260    -0.9072  27.388436     8.2778     8.1515    14.1235    74.4556 1.1051e+02  -74.23578 -112.19994  32.016202      99.73 7.0439e+02    208.813       5013  1027.2065  1027.2094     3.5326     2.4643     0.1877    33.8066    33.8102    8.27257         35 0.0000e+00
      6.000      5.938    -0.9119  27.381995    -0.9138  27.383242     8.2550     8.1670    13.1754    73.8757 8.3365e+01  -74.23578 -112.19994  32.016233      99.51 7.0514e+02    211.530       5078  1027.2113  1027.2145     3.5050     2.1693     0.2085    33.8060    33.8099    8.27402         39 0.0000e+00
      7.000      6.926    -0.9157  27.379382    -0.9184  27.379676     8.2857     8.2246    14.4062    74.4979 6.1680e+01  -74.23578 -112.19994  32.016256      89.76 7.0515e+02    213.526       5126  1027.2164  1027.2194     3.5342     2.1793     0.1941    33.8061    33.8097    8.27486         44 0.0000e+00
      8.000      7.919    -0.9004  27.393204    -0.9032  27.393318     8.2913     8.2793    16.3625    74.4233 4.6455e+01  -74.23578 -112.19994  32.016285      97.28 7.0515e+02    216.057       5186  1027.2210  1027.2239     3.5308     2.2986     0.1866    33.8071    33.8105    8.27144         39 0.0000e+00
      9.000      8.907    -0.9056  27.389134    -0.9071  27.390569     8.2799     8.3418    16.0752    74.2253 3.5116e+01  -74.23578 -112.19994  32.016310      99.54 7.0515e+02    218.164       5237  1027.2260  1027.2289     3.5216     2.3407     0.1967    33.8069    33.8105    8.27260         40 0.0000e+00
     10.000      9.896    -0.9018  27.393343    -0.9037  27.394019     8.2767     8.4007    14.8692    74.4040 2.7198e+01  -74.23578 -112.19994  32.016338      99.75 7.0538e+02    220.575       5295  1027.2313  1027.2337     3.5302     2.5183     0.2048    33.8077    33.8107    8.27172         40 0.0000e+00
     11.000     10.886    -0.9029  27.392385    -0.9064  27.391771     8.2999     8.4397    16.1753    74.4826 2.0796e+01  -74.23578 -112.19994  32.016360      99.67 7.0723e+02    222.519       5341  1027.2356  1027.2383     3.5339     2.3789     0.1964    33.8070    33.8101    8.27200         36 0.0000e+00
     12.000     11.877    -0.8901  27.404389    -0.8926  27.404544     8.3358     8.5046    17.9972    73.2708 1.6080e+01  -74.23578 -112.19994  32.016385      99.76 7.0616e+02    224.677       5393  1027.2406  1027.2431     3.4765     2.5949     0.1804    33.8083    33.8113    8.26910         40 0.0000e+00
     13.000     12.866    -0.8821  27.411987    -0.8841  27.412751     8.3402     8.5260    16.8344    75.0297 1.2492e+01  -74.23578 -112.19994  32.016411      94.44 7.0589e+02    226.886       5446  1027.2457  1027.2483     3.5595     2.2417     0.1917    33.8091    33.8123    8.26731         39 0.0000e+00
     14.000     13.855    -0.8839  27.410868    -0.8844  27.412872     8.3326     8.5246    15.9779    74.5644 9.9064e+00  -74.23578 -112.19994  32.016436      96.30 7.0717e+02    229.052       5498  1027.2505  1027.2532     3.5379     2.4342     0.1852    33.8088    33.8121    8.26770         46 0.0000e+00
     15.000     14.844    -0.8827  27.412432    -0.8843  27.413141     8.3432     8.5258    16.3455    74.1773 7.5266e+00  -74.23578 -112.19994  32.016459      99.58 7.0681e+02    231.037       5546  1027.2555  1027.2578     3.5194     2.5309     0.1943    33.8091    33.8118    8.26744         43 0.0000e+00
     16.000     15.834    -0.8794  27.415755    -0.8808  27.416995     8.3340     8.5240    17.7130    74.0243 5.9690e+00  -74.23578 -112.19994  32.016485      99.84 7.0652e+02    233.328       5601  1027.2603  1027.2630     3.5122     2.6466     0.2112    33.8092    33.8125    8.26670         46 0.0000e+00
     17.000     16.823    -0.8802  27.415245    -0.8828  27.415121     8.3378     8.5389    17.5964    74.0487 4.7099e+00  -74.23578 -112.19994  32.016510      99.80 7.0604e+02    235.462       5652  1027.2649  1027.2673     3.5132     2.7101     0.2147    33.8088    33.8116    8.26690         40 0.0000e+00
     18.000     17.813    -0.8812  27.414980    -0.8828  27.415812     8.3695     8.5648    17.1921    73.7453 3.6024e+00  -74.23578 -112.19994  32.016531      99.79 7.0637e+02    237.265       5695  1027.2699  1027.2724     3.4989     2.7640     0.1936    33.8090    33.8119    8.26711         42 0.0000e+00
     19.000     18.802    -0.8812  27.415670    -0.8829  27.416043     8.3802     8.5759    17.8512    73.4507 2.9016e+00  -74.23578 -112.19994  32.016559      98.05 7.0677e+02    239.712       5754  1027.2750  1027.2771     3.4854     2.6426     0.2179    33.8093    33.8117    8.26710         37 0.0000e+00
     20.000     19.792    -0.8768  27.420825    -0.8808  27.419664     8.3650     8.5610    16.7461    73.3976 2.2857e+00  -74.23578 -112.19994  32.016580      97.60 7.0585e+02    241.517       5797  1027.2807  1027.2833     3.4822     2.8296     0.1820    33.8108    33.8137    8.26604         38 0.0000e+00
     21.000     20.781    -0.8899  27.412250    -0.8906  27.414015     8.3058     8.5242    16.3279    73.3704 1.7913e+00  -74.23578 -112.19995  32.016602      99.90 7.0590e+02    243.380       5842  1027.2883  1027.2909     3.4810     2.8646     0.1855    33.8131    33.8164    8.26877         40 0.0000e+00
     22.000     21.771    -0.8860  27.417053    -0.8866  27.418748     8.0744     8.3188    19.6174    74.3165 1.4190e+00  -74.23578 -112.19994  32.016631      99.79 7.0580e+02    245.910       5903  1027.2941  1027.2965     3.5259     2.6131     0.1980    33.8147    33.8176    8.26783         38 0.0000e+00
     23.000     22.761    -0.9641  27.351146    -0.9667  27.353194     7.9703     8.2332    20.3753    73.1283 1.1206e+00  -74.23578 -112.19995  32.016653      99.80 7.0574e+02    247.787       5948  1027.3018  1027.3066     3.4696     2.5994     0.1910    33.8122    33.8179    8.28516         39 0.0000e+00
     24.000     23.750    -0.9699  27.348251    -0.9672  27.351367     8.1328     8.3616    18.7109    73.1342 8.5731e-01  -74.23578 -112.19995  32.016675      99.86 7.0523e+02    249.705       5994  1027.3081  1027.3088     3.4699     2.7834     0.2018    33.8142    33.8154    8.28634         44 0.0000e+00
     25.000     24.737    -0.8884  27.421546    -0.8866  27.422022     8.3020     8.4952    19.9052    73.1038 6.9985e-01  -74.23578 -112.19995  32.016701      99.62 7.0515e+02    251.989       6049  1027.3133  1027.3121     3.4685     2.3797     0.1989    33.8217    33.8202    8.26796         36 0.0000e+00
     26.000     25.729    -0.8799  27.428704    -0.8718  27.437533     8.3108     8.5241    20.4671    74.2668 5.4925e-01  -74.23578 -112.19995  32.016724      99.51 7.0515e+02    253.967       6096  1027.3174  1027.3192     3.5236     2.8186     0.2207    33.8211    33.8241    8.26610         40 0.0000e+00
     27.000     26.719    -0.8604  27.447236    -0.8629  27.446100     8.3416     8.5454    18.2530    73.2041 4.2369e-01  -74.23578 -112.19995  32.016745      99.92 7.0419e+02    255.744       6139  1027.3233  1027.3245     3.4735     2.7515     0.2157    33.8239    33.8250    8.26168         41 0.0000e+00
     28.000     27.709    -0.8412  27.465601    -0.8408  27.466987     8.3385     8.5509    19.2668    73.6903 3.4298e-01  -74.23578 -112.19995  32.016768      99.75 7.0331e+02    257.761       6187  1027.3294  1027.3305     3.4959     2.5932     0.1933    33.8266    33.8280    8.25730         37 0.0000e+00
     29.000     28.698    -0.8288  27.478165    -0.8306  27.478147     8.3067     8.5242    20.9230    74.4829 2.5624e-01  -74.23578 -112.19994  32.016793      99.85 7.0413e+02    259.890       6238  1027.3358  1027.3374     3.5338     2.6940     0.2166    33.8291    33.8310    8.25444         41 0.0000e+00
     30.000     29.687    -0.8334  27.476490    -0.8355  27.476361     8.2609     8.4862    18.7905    74.5104 1.9990e-01  -74.23578 -112.19995  32.016815      99.78 7.0282e+02    261.818       6285  1027.3429  1027.3449     3.5351     2.6610     0.2050    33.8313    33.8336    8.25530         43 0.0000e+00
     31.000     30.677    -0.8445  27.468152    -0.8468  27.468221     8.2056     8.4514    19.2027    73.0122 1.5790e-01  -74.23578 -112.19994  32.016837      99.97 7.0199e+02    263.736       6331  1027.3491  1027.3515     3.4641     3.1184     0.2334    33.8319    33.8345    8.25771         44 0.0000e+00
     32.000     31.667    -0.8661  27.450392    -0.8690  27.450111     8.1873     8.4232    20.3793    72.9363 1.0782e-01  -74.23578 -112.19994  32.016859      99.93 7.0257e+02    265.661       6377  1027.3551  1027.3575     3.4601     2.8450     0.1970    33.8314    33.8342    8.26248         41 0.0000e+00
     33.000     32.656    -0.8716  27.447548    -0.8741  27.446503     8.1955     8.4146    22.1579    71.9123 8.0192e-02  -74.23578 -112.19994  32.016885      94.25 7.0182e+02    267.831       6429  1027.3614  1027.3627     3.4120     2.9612     0.2415    33.8331    33.8345    8.26359         40 0.0000e+00
     34.000     33.645    -0.8709  27.449886    -0.8711  27.451028     8.1842     8.3988    18.2981    73.1210 5.6728e-02  -74.23578 -112.19994  32.016906      99.76 7.0070e+02    269.664       6473  1027.3676  1027.3690     3.4693     2.7615     0.2160    33.8348    33.8367    8.26333         39 0.0000e+00
     35.000     34.637    -0.8694  27.454150    -0.8722  27.453715     8.1958     8.3974    18.9263    72.2951 3.1918e-02  -74.23578 -112.19994  32.016928      99.78 7.0077e+02    271.606       6520  1027.3751  1027.3773     3.4301     2.5304     0.2048    33.8384    33.8409    8.26280         37 0.0000e+00
     36.000     35.624    -0.9021  27.428299    -0.9073  27.426454     8.2351     8.4463    19.8633    72.7693 1.6127e-02  -74.23578 -112.19994  32.016955      99.99 7.0020e+02    273.882       6574  1027.3828  1027.3858     3.4526     2.9321     0.2023    33.8393    33.8428    8.26992         43 0.0000e+00
     37.000     36.614    -0.9473  27.391958    -0.9534  27.389978     8.2756     8.4840    17.8949    72.7402 5.1242e-03  -74.23578 -112.19994  32.016975      99.83 6.9868e+02    275.596       6615  1027.3909  1027.3946     3.4512     2.7250     0.2099    33.8402    33.8444    8.27982         40 0.0000e+00
     38.000     37.603    -0.9760  27.368495    -0.9764  27.370172     8.2900     8.5032    18.3754    72.6638 6.5294e-05  -74.23578 -112.19994  32.016997      99.93 6.9925e+02    277.519       6661  1027.3969  1027.3990     3.4477     2.9229     0.2070    33.8400    33.8427    8.28617         44 0.0000e+00
     39.000     38.593    -0.9809  27.365298    -0.9828  27.365486     8.2893     8.5096    19.4115    72.0285 1.0000e-12  -74.23578 -112.19994  32.017023      99.98 6.9865e+02    279.753       6715  1027.4018  1027.4038     3.4174     3.0008     0.2066    33.8405    33.8429    8.28721         39 0.0000e+00
     40.000     39.582    -0.9813  27.365460    -0.9862  27.363302     8.3012     8.5248    20.5309    70.7218 1.0000e-12  -74.23578 -112.19994  32.017042      99.97 6.9718e+02    281.458       6756  1027.4064  1027.4087     3.3552     3.2400     0.2411    33.8406    33.8431    8.28731         39 0.0000e+00
     41.000     40.571    -0.9911  27.357890    -0.9936  27.357306     8.2898     8.5116    22.5177    69.5478 1.0000e-12  -74.23578 -112.19994  32.017064      99.97 6.9677e+02    283.371       6802  1027.4115  1027.4132     3.2999     3.2685     0.2090    33.8407    33.8426    8.28946         45 0.0000e+00
     42.000     41.560    -1.0140  27.338705    -1.0173  27.338385     8.2774     8.4914    21.8871    70.1497 1.0000e-12  -74.23578 -112.19994  32.017088      99.98 6.9669e+02    285.365       6850  1027.4167  1027.4195     3.3282     3.5630     0.2167    33.8397    33.8430    8.29458         40 0.0000e+00
     43.000     42.552    -1.0319  27.325165    -1.0332  27.324874     8.2058     8.4195    23.8173    69.3477 1.0000e-12  -74.23578 -112.19994  32.017112      99.98 6.9610e+02    287.454       6900  1027.4231  1027.4239     3.2906     3.5382     0.2262    33.8408    33.8419    8.29848         33 0.0000e+00
     44.000     43.539    -1.0539  27.305786    -1.0576  27.305275     7.9937     8.2505    22.5025    70.9057 1.0000e-12  -74.23578 -112.19994  32.017136      99.98 6.9439e+02    289.521       6950  1027.4271  1027.4300     3.3639     3.5781     0.2202    33.8386    33.8420    8.30348         39 0.0000e+00
     45.000     44.529    -1.1110  27.258673    -1.1144  27.258737     7.8725     8.1435    21.5243    69.5648 1.0000e-12  -74.23578 -112.19994  32.017154      99.98 6.9453e+02    291.072       6987  1027.4346  1027.4379     3.3006     3.5376     0.1870    33.8380    33.8418    8.31618         35 0.0000e+00
     46.000     45.517    -1.1375  27.237128    -1.1382  27.237960     7.8282     8.0680    20.5055    69.6582 1.0000e-12  -74.23578 -112.19995  32.017181      99.89 6.9179e+02    293.463       7044  1027.4399  1027.4416     3.3048     3.6258     0.1941    33.8377    33.8397    8.32206         37 0.0000e+00
     47.000     46.508    -1.1486  27.228176    -1.1488  27.229927     7.8408     8.0675    18.0089    70.6698 1.0000e-12  -74.23578 -112.19995  32.017203      97.24 6.9196e+02    295.307       7088  1027.4446  1027.4467     3.3530     3.5400     0.2060    33.8374    33.8400    8.32455         37 0.0000e+00
     48.000     47.498    -1.1420  27.235136    -1.1429  27.235404     7.7975     8.0155    18.9249    71.4446 1.0000e-12  -74.23578 -112.19995  32.017223      99.98 6.9199e+02    297.057       7130  1027.4496  1027.4508     3.3898     3.1131     0.2173    33.8389    33.8403    8.32300         43 0.0000e+00
     49.000     48.486    -1.1616  27.220742    -1.1631  27.221849     7.7049     7.9426    21.1145    71.6510 1.0000e-12  -74.23578 -112.19996  32.017244      99.96 6.8939e+02    298.880       7174  1027.4568  1027.4594     3.3996     3.2045     0.2007    33.8407    33.8439    8.32726         32 0.0000e+00
     50.000     49.477    -1.1726  27.213645    -1.1731  27.214685     7.6801     7.9040    19.4554    71.5253 1.0000e-12  -74.23578 -112.19996  32.017267      99.90 6.8929e+02    300.861       7222  1027.4634  1027.4651     3.3935     2.9854     0.1773    33.8428    33.8448    8.32958         39 0.0000e+00
     51.000     50.466    -1.1774  27.210688    -1.1787  27.211000     7.6636     7.8624    17.5955    73.0996 1.0000e-12  -74.23578 -112.19996  32.017290      99.99 6.8889e+02    302.869       7270  1027.4687  1027.4704     3.4682     3.0045     0.2010    33.8435    33.8455    8.33060         41 0.0000e+00
     52.000     51.455    -1.1828  27.207096    -1.1849  27.206753     7.6188     7.8290    16.6801    73.7097 1.0000e-12  -74.23578 -112.19996  32.017310      99.92 6.8814e+02    304.601       7311  1027.4740  1027.4757     3.4971     2.8025     0.1900    33.8441    33.8460    8.33177         39 0.0000e+00
