ocean_section_plots/required_files/ctd/dnbp2202_CTD001.cnv
* Sea-Bird SBE 9 Data File:
* FileName = D:\Data\raw\NBP2202_001.hex
* Software Version Seasave V 7.26.7.121
* Temperature SN = 1649
* Conductivity SN = 2513
* Number of Bytes Per Scan = 40
* Number of Voltage Words = 5
* Number of Scans Averaged by the Deck Unit = 1
* NMEA Latitude = 69 26.97 S
* NMEA Longitude = 102 20.59 W
* NMEA UTC (Time) = Jan 12 2022  14:23:23
* NMEA baud rate = 9600
** Ship: RVIB N.B. Palmer
** Cruise: NBP2202 Thwaites
** Station: Test
** Operator: B.Bjork A.Robinson
# nquan = 25
# nvalues = 507                         
# units = specified
# name 0 = prDM: Pressure, Digiquartz [db]
# name 1 = depSM: Depth [salt water, m]
# name 2 = t090C: Temperature [ITS-90, deg C]
# name 3 = c0mS/cm: Conductivity [mS/cm]
# name 4 = t190C: Temperature, 2 [ITS-90, deg C]
# name 5 = c1mS/cm: Conductivity, 2 [mS/cm]
# name 6 = sbeox0ML/L: Oxygen, SBE 43 [ml/l]
# name 7 = sbeox1ML/L: Oxygen, SBE 43, 2 [ml/l]
# name 8 = flECO-AFL: Fluorescence, WET Labs ECO-AFL/FL [mg/m^3]
# name 9 = CStarTr0: Beam Transmission, WET Labs C-Star [%]
# name 10 = par: PAR/Irradiance, Biospherical/Licor
# name 11 = latitude: Latitude [deg]
# name 12 = longitude: Longitude [deg]
# name 13 = timeJ: Julian Days
# name 14 = altM: Altimeter [m]
# name 15 = spar: SPAR, Biospherical/Licor
# name 16 = timeS: Time, Elapsed [seconds]
# name 17 = scan: Scan Count
# name 18 = density00: Density [density, kg/m^3]
# name 19 = density11: Density, 2 [density, kg/m^3]
# name 20 = sal00: Salinity, Practical [PSU]
# name 21 = sal11: Salinity, Practical, 2 [PSU]
# name 22 = oxsolML/L: Oxygen Saturation, Garcia & Gordon [ml/l]
# name 23 = nbin: number of scans per bin
# name 24 = flag: flag
# span 0 =      1.000,    507.000       
# span 1 =      0.995,    501.265       
# span 2 =    -1.6051,     1.9706       
# span 3 =  26.838001,  30.697194       
# span 4 =    -1.6058,     1.9726       
# span 5 =  26.837369,  30.696284       
# span 6 =     4.0488,     8.8308       
# span 7 =     4.2575,     9.2781       
# span 8 =    -0.0159,    13.9448       
# span 9 =    88.3418,    99.9417       
# span 10 = 1.0000e-12, 4.8963e+02      
# span 11 =  -69.44956,  -69.44956      
# span 12 = -102.34328, -102.34326      
# span 13 =  12.602834,  12.609926      
# span 14 =       9.38,     100.46      
# span 15 = 2.7331e+02, 3.3847e+02      
# span 16 =    281.851,    894.652      
# span 17 =       6765,      21473      
# span 18 =  1026.6771,  1030.1221      
# span 19 =  1026.6771,  1030.1189      
# span 20 =    33.1764,    34.7092      
# span 21 =    33.1760,    34.7054      
# span 22 =    7.63316,    8.42855      
# span 23 =          9,         49      
# span 24 = 0.0000e+00, 0.0000e+00      
# interval = decibars: 1                
# start_time = Jan 12 2022 14:23:23 [NMEA time, header]
# bad_flag = -9.990e-29
*END*
[from data line 116]
    117.000    115.786    -0.3374  28.203773    -0.3363  28.202390     6.0615     6.3994     0.1021    99.6328 1.0000e-12  -69.44956 -102.34328  12.605288      98.99 3.0674e+02    493.923      11855  1028.0309  1028.0283    34.2002    34.1970    8.12668         21 0.0000e+00
    118.000    116.775    -0.3187  28.222291    -0.3175  28.221008     6.0421     6.3844     0.1067    99.6565 1.0000e-12  -69.44956 -102.34328  12.605299      98.80 3.0674e+02    494.841      11877  1028.0373  1028.0347    34.2033    34.2002    8.12250         23 0.0000e+00
    119.000    117.765    -0.3052  28.236320    -0.3032  28.235536     6.0083     6.3480     0.1179    99.6519 1.0000e-12  -69.44956 -102.34328  12.605310      99.75 3.0737e+02    495.782      11900  1028.0440  1028.0412    34.2063    34.2029    8.11946         23 0.0000e+00
    120.000    118.754    -0.2795  28.262623    -0.2772  28.261712     5.9701     6.3034     0.1231    99.6491 1.0000e-12  -69.44956 -102.34328  12.605321      99.76 3.0841e+02    496.754      11923  1028.0520  1028.0487    34.2120    34.2081    8.11366         24 0.0000e+00
    121.000    119.743    -0.2244  28.317458    -0.2217  28.316465     5.9459     6.2745     0.1095    99.6790 1.0000e-12  -69.44956 -102.34328  12.605333      99.77 3.0857e+02    497.770      11947  1028.0616  1028.0580    34.2226    34.2183    8.10132         24 0.0000e+00
    122.000    120.734    -0.1944  28.346460    -0.1927  28.345319     5.9404     6.2703     0.1095    99.6877 1.0000e-12  -69.44956 -102.34328  12.605345      99.76 3.0902e+02    498.776      11972  1028.0683  1028.0655    34.2269    34.2235    8.09470         24 0.0000e+00
    123.000    121.721    -0.1852  28.355696    -0.1839  28.354344     5.9070     6.2502     0.0772    99.7028 1.0000e-12  -69.44956 -102.34328  12.605356      99.76 3.1020e+02    499.778      11996  1028.0742  1028.0715    34.2283    34.2251    8.09268         24 0.0000e+00
    124.000    122.713    -0.1733  28.368691    -0.1709  28.367575     5.8336     6.1798     0.0842    99.6940 1.0000e-12  -69.44956 -102.34328  12.605368      99.76 3.1034e+02    500.780      12020  1028.0813  1028.0778    34.2317    34.2275    8.08996         24 0.0000e+00
    125.000    123.700    -0.1008  28.440804    -0.0978  28.439118     5.7705     6.0982     0.0747    99.6989 1.0000e-12  -69.44956 -102.34328  12.605379      99.76 3.1132e+02    501.787      12044  1028.0923  1028.0876    34.2456    34.2401    8.07382         25 0.0000e+00
    126.000    124.690     0.0053  28.544556     0.0092  28.542508     5.7483     6.0660     0.2123    99.7069 1.0000e-12  -69.44956 -102.34328  12.605391      99.76 3.1202e+02    502.801      12068  1028.1039  1028.0979    34.2639    34.2568    8.05045         24 0.0000e+00
    127.000    125.680     0.0636  28.598721     0.0655  28.597161     5.7452     6.0643     0.1812    99.7101 1.0000e-12  -69.44956 -102.34328  12.605403      99.76 3.1203e+02    503.803      12092  1028.1097  1028.1063    34.2697    34.2656    8.03787         24 0.0000e+00
    128.000    126.669     0.0750  28.609806     0.0766  28.608611     5.7092     6.0249     0.0692    99.6946 1.0000e-12  -69.44956 -102.34328  12.605414      99.76 3.1256e+02    504.782      12116  1028.1157  1028.1129    34.2711    34.2676    8.03542         23 0.0000e+00
    129.000    127.658     0.0841  28.619586     0.0859  28.618111     5.6683     5.9828     0.0571    99.6701 1.0000e-12  -69.44956 -102.34328  12.605425      99.76 3.1347e+02    505.739      12139  1028.1224  1028.1191    34.2732    34.2692    8.03338         23 0.0000e+00
    130.000    128.647     0.1355  28.672624     0.1386  28.670560     5.6395     5.9515     0.0670    99.6665 1.0000e-12  -69.44956 -102.34328  12.605436      99.77 3.1379e+02    506.696      12162  1028.1334  1028.1281    34.2852    34.2789    8.02197         23 0.0000e+00
    131.000    129.637     0.1961  28.730207     0.1987  28.729211     5.6256     5.9248     0.0588    99.7011 1.0000e-12  -69.44956 -102.34328  12.605448      98.95 3.1379e+02    507.666      12185  1028.1402  1028.1366    34.2928    34.2886    8.00888         23 0.0000e+00
    132.000    130.626     0.2106  28.744536     0.2128  28.743302     5.6174     5.9173     0.0593    99.7218 1.0000e-12  -69.44956 -102.34328  12.605459      99.59 3.1386e+02    508.666      12209  1028.1464  1028.1431    34.2949    34.2909    8.00574         26 0.0000e+00
    133.000    131.616     0.2276  28.761407     0.2294  28.759652     5.6100     5.9187     0.0594    99.7126 1.0000e-12  -69.44956 -102.34328  12.605471      99.76 3.1427e+02    509.722      12234  1028.1529  1028.1494    34.2976    34.2933    8.00206         25 0.0000e+00
    134.000    132.603     0.2369  28.770559     0.2386  28.769278     5.5857     5.8883     0.0737    99.7084 1.0000e-12  -69.44956 -102.34328  12.605484      99.77 3.1555e+02    510.808      12260  1028.1587  1028.1557    34.2986    34.2950    8.00006         26 0.0000e+00
    135.000    133.594     0.2575  28.791078     0.2604  28.790376     5.5613     5.8561     0.0755    99.7103 1.0000e-12  -69.44956 -102.34328  12.605496      99.77 3.1556e+02    511.872      12286  1028.1653  1028.1618    34.3021    34.2979    7.99560         25 0.0000e+00
    136.000    134.583     0.2929  28.826448     0.2958  28.824919     5.5287     5.8296     0.0630    99.7286 1.0000e-12  -69.44956 -102.34328  12.605508      99.76 3.1556e+02    512.905      12311  1028.1729  1028.1685    34.3085    34.3032    7.98789         24 0.0000e+00
    137.000    135.573     0.3332  28.865171     0.3353  28.864039     5.5060     5.7991     0.0603    99.7111 1.0000e-12  -69.44956 -102.34328  12.605520      99.76 3.1630e+02    513.905      12335  1028.1793  1028.1761    34.3138    34.3100    7.97924         24 0.0000e+00
    138.000    136.561     0.3394  28.872846     0.3409  28.870845     5.4878     5.7882     0.0515    99.7052 1.0000e-12  -69.44956 -102.34328  12.605531      99.76 3.1733e+02    514.864      12358  1028.1863  1028.1828    34.3163    34.3120    7.97781         22 0.0000e+00
    139.000    137.551     0.3730  28.906072     0.3761  28.905401     5.4714     5.7735     0.0493    99.7467 1.0000e-12  -69.44956 -102.34328  12.605542      99.76 3.1810e+02    515.810      12380  1028.1933  1028.1897    34.3219    34.3176    7.97055         23 0.0000e+00
    140.000    138.539     0.3838  28.916540     0.3860  28.915444     5.4210     5.7288     0.0758    99.7392 1.0000e-12  -69.44956 -102.34328  12.605553      99.77 3.1885e+02    516.754      12403  1028.1988  1028.1955    34.3230    34.3191    7.96827         23 0.0000e+00
    141.000    139.531     0.4110  28.944600     0.4134  28.942677     5.3678     5.6750     0.1091    99.7470 1.0000e-12  -69.44956 -102.34328  12.605564      99.77 3.1908e+02    517.699      12426  1028.2065  1028.2022    34.3289    34.3237    7.96233         23 0.0000e+00
    142.000    140.518     0.4752  29.008799     0.4783  29.006808     5.3159     5.6213     0.0614    99.7607 1.0000e-12  -69.44956 -102.34328  12.605575      99.77 3.1908e+02    518.691      12450  1028.2159  1028.2107    34.3408    34.3347    7.94844         24 0.0000e+00
    143.000    141.507     0.5522  29.083476     0.5543  29.080826     5.2565     5.5547     0.0473    99.7312 1.0000e-12  -69.44956 -102.34328  12.605587      99.39 3.1908e+02    519.729      12474  1028.2237  1028.2189    34.3521    34.3463    7.93200         26 0.0000e+00
    144.000    142.497     0.6033  29.135194     0.6060  29.132375     5.2101     5.5028     0.0622    99.7477 1.0000e-12  -69.44956 -102.34328  12.605599      91.27 3.1995e+02    520.794      12500  1028.2330  1028.2275    34.3621    34.3555    7.92099         26 0.0000e+00
    145.000    143.487     0.6665  29.197355     0.6692  29.195124     5.1916     5.4802     0.0385    99.7531 1.0000e-12  -69.44956 -102.34328  12.605612      99.71 3.2083e+02    521.847      12525  1028.2413  1028.2364    34.3723    34.3664    7.90752         24 0.0000e+00
    146.000    144.475     0.7070  29.237086     0.7086  29.234574     5.1644     5.4505     0.0459    99.7628 1.0000e-12  -69.44956 -102.34328  12.605624      99.77 3.2084e+02    522.876      12550  1028.2484  1028.2442    34.3785    34.3733    7.89895         25 0.0000e+00
    147.000    145.465     0.7173  29.247816     0.7193  29.246022     5.1295     5.4143     0.0474    99.7413 1.0000e-12  -69.44956 -102.34328  12.605635      99.77 3.2084e+02    523.881      12574  1028.2548  1028.2510    34.3803    34.3758    7.89674         23 0.0000e+00
    148.000    146.453     0.7554  29.287397     0.7592  29.286295     5.1038     5.3798     0.0549    99.7478 1.0000e-12  -69.44956 -102.34328  12.605647      99.76 3.2185e+02    524.865      12598  1028.2638  1028.2590    34.3889    34.3832    7.88853         24 0.0000e+00
    149.000    147.444     0.7967  29.327630     0.8016  29.328228     5.0784     5.3571     0.0513    99.7329 1.0000e-12  -69.44956 -102.34328  12.605658      99.77 3.2260e+02    525.840      12621  1028.2704  1028.2662    34.3947    34.3900    7.87983         24 0.0000e+00
    150.000    148.431     0.8290  29.360114     0.8310  29.357737     5.0647     5.3425     0.0384    99.7390 1.0000e-12  -69.44956 -102.34328  12.605669      99.76 3.2261e+02    526.812      12644  1028.2777  1028.2732    34.4004    34.3951    7.87298         23 0.0000e+00
    151.000    149.423     0.8502  29.380403     0.8518  29.378256     5.0397     5.3126     0.0423    99.7434 1.0000e-12  -69.44956 -102.34328  12.605681      99.76 3.2261e+02    527.813      12669  1028.2831  1028.2793    34.4025    34.3980    7.86857         24 0.0000e+00
    152.000    150.410     0.8698  29.400555     0.8722  29.398871     5.0175     5.2892     0.0532    99.7464 1.0000e-12  -69.44956 -102.34328  12.605693      99.77 3.2306e+02    528.850      12693  1028.2900  1028.2859    34.4064    34.4015    7.86441         25 0.0000e+00
    153.000    151.400     0.9024  29.433646     0.9055  29.432109     4.9963     5.2664     0.0436    99.7519 1.0000e-12  -69.44956 -102.34328  12.605705      99.77 3.2437e+02    529.897      12719  1028.2974  1028.2929    34.4124    34.4070    7.85749         26 0.0000e+00
    154.000    152.389     0.9282  29.459139     0.9318  29.458568     4.9665     5.2429     0.0436    99.7499 1.0000e-12  -69.44956 -102.34328  12.605717      99.76 3.2444e+02    530.928      12743  1028.3037  1028.2996    34.4163    34.4115    7.85210         24 0.0000e+00
    155.000    153.378     0.9401  29.471093     0.9421  29.469335     4.9344     5.2094     0.0436    99.7531 1.0000e-12  -69.44956 -102.34328  12.605728      99.77 3.2495e+02    531.930      12767  1028.3095  1028.3057    34.4179    34.4134    7.84961         24 0.0000e+00
    156.000    154.367     0.9823  29.514439     0.9863  29.513492     4.9080     5.1780     0.0436    99.5755 1.0000e-12  -69.44956 -102.34328  12.605740      99.77 3.2611e+02    532.923      12791  1028.3178  1028.3130    34.4265    34.4209    7.84064         24 0.0000e+00
    157.000    155.357     1.0074  29.539366     1.0108  29.538419     4.8906     5.1568     0.0433    99.6707 1.0000e-12  -69.44956 -102.34328  12.605751      99.45 3.2613e+02    533.918      12815  1028.3240  1028.3197    34.4304    34.4254    7.83540         24 0.0000e+00
    158.000    156.345     1.0379  29.570281     1.0404  29.568331     4.8677     5.1270     0.0430    99.7445 1.0000e-12  -69.44956 -102.34328  12.605763      99.76 3.2613e+02    534.937      12839  1028.3310  1028.3266    34.4359    34.4306    7.82898         24 0.0000e+00
    159.000    157.336     1.0631  29.595738     1.0662  29.594406     4.8446     5.0964     0.0495    99.7391 1.0000e-12  -69.44956 -102.34328  12.605775      99.77 3.2720e+02    535.969      12864  1028.3376  1028.3333    34.4402    34.4351    7.82370         25 0.0000e+00
    160.000    158.323     1.0935  29.626726     1.0964  29.624905     4.8165     5.0656     0.0302    99.7534 1.0000e-12  -69.44956 -102.34328  12.605787      99.76 3.2740e+02    536.994      12889  1028.3447  1028.3401    34.4459    34.4404    7.81731         25 0.0000e+00
    161.000    159.313     1.1307  29.663972     1.1325  29.661213     4.7944     5.0406     0.0280    99.7779 1.0000e-12  -69.44956 -102.34328  12.605799      99.77 3.2790e+02    538.025      12914  1028.3515  1028.3470    34.4521    34.4466    7.80954         24 0.0000e+00
    162.000    160.302     1.1512  29.684522     1.1531  29.681974     4.7818     5.0293     0.0333    99.7494 1.0000e-12  -69.44956 -102.34328  12.605811      99.77 3.2790e+02    539.039      12938  1028.3576  1028.3532    34.4552    34.4499    7.80528         24 0.0000e+00
    163.000    161.291     1.1728  29.705786     1.1753  29.704364     4.7830     5.0324     0.0313    99.7542 1.0000e-12  -69.44956 -102.34328  12.605822      99.77 3.2790e+02    540.028      12962  1028.3632  1028.3594    34.4581    34.4535    7.80082         24 0.0000e+00
    164.000    162.280     1.1767  29.709936     1.1786  29.708114     4.7714     5.0261     0.0274    99.7552 1.0000e-12  -69.44956 -102.34328  12.605833      99.77 3.2790e+02    541.013      12985  1028.3687  1028.3650    34.4586    34.4542    7.80003         24 0.0000e+00
    165.000    163.270     1.1796  29.713410     1.1819  29.711941     4.7386     4.9909     0.0314    99.7727 1.0000e-12  -69.44956 -102.34328  12.605845      99.77 3.2790e+02    541.998      13009  1028.3743  1028.3705    34.4593    34.4548    7.79942         23 0.0000e+00
    166.000    164.258     1.1955  29.730821     1.1994  29.730098     4.6967     4.9449     0.0335    99.7788 1.0000e-12  -69.44956 -102.34328  12.605856      99.77 3.2819e+02    542.978      13032  1028.3813  1028.3768    34.4634    34.4582    7.79601         24 0.0000e+00
    167.000    165.248     1.2473  29.783027     1.2503  29.781422     4.6850     4.9281     0.0295    99.7519 1.0000e-12  -69.44956 -102.34328  12.605868      99.77 3.2878e+02    543.984      13057  1028.3888  1028.3842    34.4726    34.4672    7.78522         24 0.0000e+00
    168.000    166.235     1.2825  29.817920     1.2849  29.815902     4.6732     4.9171     0.0357    99.7473 1.0000e-12  -69.44956 -102.34328  12.605880      99.77 3.2967e+02    545.011      13081  1028.3949  1028.3906    34.4779    34.4727    7.77796         25 0.0000e+00
    169.000    167.227     1.2931  29.828298     1.2966  29.827924     4.6514     4.8972     0.0350    99.7751 1.0000e-12  -69.44956 -102.34328  12.605892      93.04 3.2966e+02    546.041      13106  1028.4001  1028.3964    34.4789    34.4746    7.77581         25 0.0000e+00
    170.000    168.214     1.2912  29.827688     1.2960  29.828429     4.6353     4.8855     0.0197    99.7830 1.0000e-12  -69.44956 -102.34328  12.605903      95.35 3.2973e+02    547.050      13130  1028.4063  1028.4023    34.4797    34.4753    7.77615         24 0.0000e+00
    171.000    169.204     1.3360  29.872909     1.3399  29.872168     4.6134     4.8557     0.0207    99.7874 1.0000e-12  -69.44956 -102.34328  12.605915      99.52 3.3017e+02    548.048      13154  1028.4133  1028.4088    34.4875    34.4823    7.76686         24 0.0000e+00
    172.000    170.194     1.3481  29.884841     1.3506  29.883409     4.5886     4.8276     0.0273    99.7963 1.0000e-12  -69.44956 -102.34328  12.605926      99.77 3.3119e+02    549.043      13178  1028.4185  1028.4147    34.4889    34.4843    7.76440         23 0.0000e+00
    173.000    171.183     1.3714  29.910437     1.3781  29.911742     4.5660     4.8087     0.0218    99.7968 1.0000e-12  -69.44956 -102.34328  12.605938      99.77 3.3135e+02    550.054      13202  1028.4265  1028.4214    34.4952    34.4896    7.75945         25 0.0000e+00
