ocean_section_plots/required_files/ctd/dnbp2202_ctd234.cnv
* Sea-Bird SBE 9 Data File:
* FileName = D:\Data\raw\NBP2202_CTD234.hex
* Software Version Seasave V 7.26.7.121
* Temperature SN = 1649
* Conductivity SN = 2513
* Number of Bytes Per Scan = 40
* Number of Voltage Words = 5
* Number of Scans Averaged by the Deck Unit = 1
* NMEA Latitude = 73 49.60 S
* NMEA Longitude = 113 57.32 W
* NMEA UTC (Time) = Feb 13 2022  10:57:29
* NMEA baud rate = 9600
** Ship: RVIB N.B. Palmer
** Cruise: NBP2202 Thwaites
** Station: 125
** Operator: B. Bjork
** Repeat station
# nquan = 28
# nvalues = 339                         
# units = specified
# name 0 = prDM: Pressure, Digiquartz [db]
# name 1 = depSM: Depth [salt water, m]
# name 2 = t090C: Temperature [ITS-90, deg C]
# name 3 = c0mS/cm: Conductivity [mS/cm]
# name 4 = t190C: Temperature, 2 [ITS-90, deg C]
# name 5 = c1mS/cm: Conductivity, 2 [mS/cm]
# name 6 = sbeox0ML/L: Oxygen, SBE 43 [ml/l]
# name 7 = sbeox1ML/L: Oxygen, SBE 43, 2 [ml/l]
# name 8 = flECO-AFL: Fluorescence, WET Labs ECO-AFL/FL [mg/m^3]
# name 9 = CStarTr0: Beam Transmission, WET Labs C-Star [%]
# name 10 = par: PAR/Irradiance, Biospherical/Licor
# name 11 = latitude: Latitude [deg]
# name 12 = longitude: Longitude [deg]
# name 13 = timeJ: Julian Days
# name 14 = altM: Altimeter [m]
# name 15 = spar: SPAR, Biospherical/Licor
# name 16 = timeS: Time, Elapsed [seconds]
# name 17 = scan: Scan Count
# name 18 = density00: Density [density, kg/m^3]
# name 19 = density11: Density, 2 [density, kg/m^3]
# name 20 = v3: Voltage 3
# name 21 = v4: Voltage 4
# name 22 = v5: Voltage 5
# name 23 = sal00: Salinity, Practical [PSU]
# name 24 = sal11: Salinity, Practical, 2 [PSU]
# name 25 = oxsolML/L: Oxygen Saturation, Garcia & Gordon [ml/l]
# name 26 = nbin: number of scans per bin
# name 27 = flag: flag
# span 0 =      3.000,    341.000       
# span 1 =      2.970,    337.197       
# span 2 =    -1.2591,    -0.5052       
# span 3 =  27.280438,  28.158792       
# span 4 =    -1.2568,    -0.5034       
# span 5 =  27.280592,  28.158333       
# span 6 =     4.9840,     8.6132       
# span 7 =     5.1284,     8.8961       
# span 8 =     0.1097,    18.2140       
# span 9 =    78.1024,    96.4513       
# span 10 = -2.220e-05, 2.0169e+01      
# span 11 =  -73.82672,  -73.82672      
# span 12 = -113.95541, -113.95534      
# span 13 =  44.460015,  44.465208      
# span 14 =      -1.82,     100.20      
# span 15 = 2.0993e+02, 3.1736e+02      
# span 16 =    296.309,    744.991      
# span 17 =       7112,      17881      
# span 18 =  1027.1611,  1029.1048      
# span 19 =  1027.1597,  1029.1026      
# span 20 =     3.7059,     4.5755      
# span 21 =     0.0815,     2.8548      
# span 22 =     0.1286,     0.2536      
# span 23 =    33.7577,    34.1932      
# span 24 =    33.7560,    34.1905      
# span 25 =    8.16306,    8.34147      
# span 26 =         22,         50      
# span 27 = 0.0000e+00, 0.0000e+00      
# interval = decibars: 1                
# start_time = Feb 13 2022 10:57:29 [NMEA time, header]
# bad_flag = -9.990e-29
*END*
[from data line 259]
    262.000    259.128    -1.0452  27.580186    -1.0430  27.580082     5.4966     5.6733     0.7386    95.0875 1.0000e-12  -73.82672 -113.95538  44.463565      88.12 2.8897e+02    602.982      14473  1028.6534  1028.6511     4.5108     0.1851     0.1373    34.0680    34.0653    8.28807         23 0.0000e+00
    263.000    260.117    -1.0201  27.603970    -1.0178  27.603889     5.4436     5.6292     0.4996    94.5747 1.0000e-12  -73.82672 -113.95538  44.463576      87.13 2.8841e+02    603.960      14496  1028.6592  1028.6569     4.4866     0.2208     0.1328    34.0713    34.0686    8.28233         25 0.0000e+00
    264.000    261.106    -0.9872  27.635675    -0.9850  27.635261     5.3886     5.5767     0.6474    94.9218 1.0000e-12  -73.82672 -113.95538  44.463587      86.09 2.8616e+02    604.955      14520  1028.6662  1028.6636     4.5030     0.1897     0.1337    34.0767    34.0736    8.27478         24 0.0000e+00
    265.000    262.094    -0.9531  27.668937    -0.9498  27.669519     5.3374     5.5269     0.7308    95.4664 1.0000e-12  -73.82672 -113.95538  44.463599      85.06 2.8726e+02    605.986      14545  1028.6736  1028.6711     4.5288     0.2235     0.1383    34.0827    34.0798    8.26691         25 0.0000e+00
    266.000    263.083    -0.9142  27.704710    -0.9106  27.705718     5.3222     5.5016     0.7011    95.2159 1.0000e-12  -73.82672 -113.95538  44.463611      84.16 2.8757e+02    607.020      14569  1028.6792  1028.6768     4.5170     0.1432     0.1368    34.0868    34.0840    8.25814         24 0.0000e+00
    267.000    264.069    -0.8950  27.722522    -0.8930  27.722474     5.3073     5.4817     0.5300    95.2140 1.0000e-12  -73.82672 -113.95537  44.463623      83.09 2.8635e+02    608.005      14593  1028.6845  1028.6826     4.5168     0.2296     0.1366    34.0886    34.0862    8.25382         23 0.0000e+00
    268.000    265.059    -0.8867  27.731185    -0.8850  27.730819     5.2793     5.4497     0.5347    95.2986 1.0000e-12  -73.82672 -113.95537  44.463634      82.03 2.8588e+02    608.982      14617  1028.6906  1028.6885     4.5209     0.1846     0.1399    34.0903    34.0879    8.25189         24 0.0000e+00
    269.000    266.047    -0.8749  27.743735    -0.8723  27.743498     5.2647     5.4286     0.6777    95.3120 1.0000e-12  -73.82672 -113.95537  44.463646      81.02 2.8646e+02    610.012      14641  1028.6973  1028.6946     4.5215     0.1719     0.1411    34.0934    34.0901    8.24912         26 0.0000e+00
    270.000    267.036    -0.8411  27.776113    -0.8393  27.775608     5.2536     5.4175     0.7139    95.2028 1.0000e-12  -73.82672 -113.95538  44.463658      79.96 2.8654e+02    611.063      14667  1028.7042  1028.7019     4.5164     0.1197     0.1359    34.0985    34.0958    8.24142         24 0.0000e+00
    271.000    268.025    -0.8347  27.783448    -0.8328  27.783095     5.2417     5.4108     0.6859    95.4243 1.0000e-12  -73.82672 -113.95536  44.463670      78.91 2.8625e+02    612.069      14691  1028.7107  1028.7085     4.5269     0.1315     0.1295    34.1005    34.0980    8.23990         24 0.0000e+00
    272.000    269.011    -0.8259  27.792646    -0.8232  27.792929     5.2379     5.3986     0.5772    95.7992 1.0000e-12  -73.82672 -113.95536  44.463681      77.92 2.8719e+02    613.053      14714  1028.7167  1028.7144     4.5446     0.1364     0.1374    34.1025    34.0998    8.23787         24 0.0000e+00
    273.000    270.002    -0.8172  27.801967    -0.8153  27.801579     5.2413     5.3928     0.7013    95.3178 1.0000e-12  -73.82672 -113.95536  44.463693      76.89 2.8536e+02    614.065      14739  1028.7231  1028.7209     4.5218     0.1445     0.1346    34.1047    34.1021    8.23584         24 0.0000e+00
    274.000    270.989    -0.8132  27.806583    -0.8115  27.806187     5.2555     5.4103     0.9267    95.6320 1.0000e-12  -73.82672 -113.95536  44.463705      75.91 2.8594e+02    615.088      14763  1028.7288  1028.7268     4.5367     0.1412     0.1469    34.1058    34.1034    8.23490         25 0.0000e+00
    275.000    271.977    -0.8122  27.808197    -0.8103  27.808111     5.2653     5.4228     0.4460    95.4134 1.0000e-12  -73.82672 -113.95536  44.463717      74.86 2.8891e+02    616.108      14788  1028.7342  1028.7323     4.5263     0.2433     0.1366    34.1063    34.1039    8.23466         24 0.0000e+00
    276.000    272.966    -0.8223  27.800594    -0.8207  27.800317     5.2456     5.4041     0.3752    95.0762 1.0000e-12  -73.82672 -113.95536  44.463728      73.92 2.8641e+02    617.098      14811  1028.7405  1028.7386     4.5104     0.1886     0.1335    34.1068    34.1046    8.23684         24 0.0000e+00
    277.000    273.955    -0.8194  27.805391    -0.8175  27.804876     5.2101     5.3737     0.4033    95.6439 1.0000e-12  -73.82672 -113.95536  44.463739      72.81 2.8575e+02    618.064      14835  1028.7474  1028.7450     4.5372     0.1324     0.1352    34.1094    34.1065    8.23606         23 0.0000e+00
    278.000    274.943    -0.7827  27.841655    -0.7807  27.840712     5.1994     5.3508     0.2823    95.4215 1.0000e-12  -73.82672 -113.95536  44.463751      71.78 2.8842e+02    619.050      14858  1028.7552  1028.7523     4.5267     0.1924     0.1323    34.1164    34.1129    8.22764         24 0.0000e+00
    279.000    275.931    -0.7646  27.858366    -0.7629  27.857942     5.1805     5.3369     0.3466    95.3388 1.0000e-12  -73.82672 -113.95536  44.463762      70.74 2.8609e+02    620.067      14883  1028.7602  1028.7581     4.5228     0.1292     0.1320    34.1180    34.1155    8.22360         24 0.0000e+00
    280.000    276.918    -0.7606  27.862889    -0.7590  27.862410     5.1817     5.3265     0.5003    95.8423 1.0000e-12  -73.82672 -113.95536  44.463774      69.77 2.8467e+02    621.085      14907  1028.7659  1028.7638     4.5466     0.2408     0.1342    34.1190    34.1165    8.22267         25 0.0000e+00
    281.000    277.908    -0.7587  27.865470    -0.7565  27.865334     5.1800     5.3234     0.5064    95.1815 1.0000e-12  -73.82672 -113.95534  44.463786      68.75 2.8566e+02    622.082      14931  1028.7713  1028.7691     4.5151     0.1105     0.1347    34.1197    34.1170    8.22220         23 0.0000e+00
    282.000    278.896    -0.7554  27.869006    -0.7536  27.868666     5.1846     5.3272     0.4291    94.6271 1.0000e-12  -73.82672 -113.95536  44.463797      67.94 2.8484e+02    623.081      14955  1028.7765  1028.7744     4.4893     0.1332     0.1382    34.1201    34.1177    8.22146         24 0.0000e+00
    283.000    279.884    -0.7522  27.872751    -0.7503  27.872646     5.1833     5.3291     0.4052    95.9827 1.0000e-12  -73.82672 -113.95534  44.463809      66.86 2.8488e+02    624.105      14980  1028.7820  1028.7800     4.5533     0.1291     0.1338    34.1210    34.1187    8.22072         25 0.0000e+00
    284.000    280.873    -0.7509  27.874573    -0.7492  27.874220     5.1750     5.3307     0.2889    96.2872 1.0000e-12  -73.82672 -113.95536  44.463821      65.69 2.8962e+02    625.143      15004  1028.7872  1028.7851     4.5677     0.1214     0.1337    34.1214    34.1190    8.22041         25 0.0000e+00
    285.000    281.861    -0.7491  27.876926    -0.7474  27.876480     5.1746     5.3300     0.2319    95.8958 1.0000e-12  -73.82672 -113.95534  44.463833      64.67 2.8911e+02    626.173      15029  1028.7924  1028.7903     4.5492     0.1195     0.1375    34.1219    34.1194    8.21999         25 0.0000e+00
    286.000    282.850    -0.7411  27.886836    -0.7392  27.886420     5.1706     5.3221     0.3730    96.1076 1.0000e-12  -73.82672 -113.95534  44.463845      63.81 2.8766e+02    627.173      15053  1028.7998  1028.7974     4.5592     0.1218     0.1352    34.1257    34.1229    8.21803         24 0.0000e+00
    287.000    283.837    -0.7341  27.894675    -0.7321  27.894426     5.1731     5.3194     0.6267    96.0661 1.0000e-12  -73.82672 -113.95534  44.463856      62.69 2.8967e+02    628.174      15077  1028.8058  1028.8036     4.5573     0.0938     0.1309    34.1277    34.1251    8.21638         24 0.0000e+00
    288.000    284.826    -0.7273  27.902432    -0.7255  27.901852     5.1662     5.3134     0.2968    95.9783 1.0000e-12  -73.82672 -113.95534  44.463868      61.72 2.8919e+02    629.200      15102  1028.8121  1028.8097     4.5531     0.0935     0.1339    34.1299    34.1272    8.21478         25 0.0000e+00
    289.000    285.814    -0.7192  27.911664    -0.7174  27.911058     5.1579     5.3079     0.2232    95.9411 1.0000e-12  -73.82672 -113.95534  44.463880      60.63 2.8849e+02    630.234      15127  1028.8186  1028.8162     4.5513     0.1909     0.1458    34.1327    34.1299    8.21286         25 0.0000e+00
    290.000    286.802    -0.7077  27.924395    -0.7058  27.924027     5.1407     5.2940     0.2454    96.1245 1.0000e-12  -73.82672 -113.95534  44.463892      59.71 2.9114e+02    631.259      15151  1028.8255  1028.8234     4.5600     0.0941     0.1343    34.1362    34.1336    8.21014         24 0.0000e+00
    291.000    287.790    -0.6950  27.938349    -0.6920  27.938590     5.1278     5.2857     0.1799    96.0756 1.0000e-12  -73.82672 -113.95534  44.463904      58.72 2.9013e+02    632.269      15175  1028.8327  1028.8301     4.5577     0.0908     0.1325    34.1401    34.1371    8.20716         25 0.0000e+00
    292.000    288.779    -0.6825  27.950915    -0.6807  27.950403     5.1195     5.2798     0.5450    95.9197 1.0000e-12  -73.82672 -113.95534  44.463915      57.84 2.8843e+02    633.284      15200  1028.8385  1028.8362     4.5504     0.0972     0.1286    34.1423    34.1397    8.20431         24 0.0000e+00
    293.000    289.768    -0.6805  27.953284    -0.6778  27.953649     5.1145     5.2634     0.4061    95.8907 1.0000e-12  -73.82672 -113.95534  44.463927      56.66 2.8992e+02    634.311      15224  1028.8437  1028.8415     4.5489     0.0992     0.1318    34.1428    34.1402    8.20387         24 0.0000e+00
    294.000    290.755    -0.6729  27.961253    -0.6712  27.960484     5.1046     5.2570     0.1906    96.0918 1.0000e-12  -73.82672 -113.95534  44.463939      55.62 2.9145e+02    635.338      15249  1028.8493  1028.8469     4.5585     0.0930     0.1358    34.1443    34.1414    8.20212         25 0.0000e+00
    295.000    291.745    -0.6617  27.973202    -0.6591  27.973314     5.1020     5.2532     0.2035    96.1778 1.0000e-12  -73.82672 -113.95534  44.463951      54.71 2.9001e+02    636.385      15274  1028.8557  1028.8534     4.5626     0.1215     0.1350    34.1472    34.1444    8.19953         26 0.0000e+00
    296.000    292.732    -0.6536  27.981721    -0.6517  27.981299     5.0933     5.2371     0.1834    95.8175 1.0000e-12  -73.82672 -113.95536  44.463965      53.63 2.8953e+02    637.540      15302  1028.8616  1028.8592     4.5455     0.0899     0.1347    34.1490    34.1462    8.19768         30 0.0000e+00
    297.000    293.720    -0.6452  27.991195    -0.6425  27.991204     5.0887     5.2297     0.1942    96.0564 1.0000e-12  -73.82672 -113.95536  44.463979      52.49 2.9035e+02    638.815      15333  1028.8681  1028.8654     4.5568     0.1568     0.1416    34.1517    34.1486    8.19570         31 0.0000e+00
    298.000    294.709    -0.6365  28.000587    -0.6333  28.001200     5.0836     5.2305     0.4204    96.3114 1.0000e-12  -73.82672 -113.95536  44.463995      51.55 2.8955e+02    640.157      15365  1028.8742  1028.8717     4.5689     0.0926     0.1325    34.1538    34.1510    8.19367         32 0.0000e+00
    299.000    295.696    -0.6278  28.010127    -0.6262  28.009061     5.0809     5.2231     0.1609    96.0853 1.0000e-12  -73.82672 -113.95536  44.464010      50.48 2.8806e+02    641.481      15397  1028.8806  1028.8778     4.5582     0.1503     0.1352    34.1563    34.1530    8.19166         32 0.0000e+00
    300.000    296.686    -0.6227  28.015853    -0.6208  28.015396     5.0802     5.2257     0.1976    95.9731 1.0000e-12  -73.82672 -113.95536  44.464025      49.56 2.8900e+02    642.801      15428  1028.8862  1028.8839     4.5528     0.0877     0.1345    34.1576    34.1549    8.19047         32 0.0000e+00
    301.000    297.673    -0.6217  28.017509    -0.6197  28.017216     5.0808     5.2296     0.1628    96.2720 1.0000e-12  -73.82672 -113.95536  44.464041      48.34 2.8800e+02    644.160      15461  1028.8916  1028.8893     4.5670     0.1260     0.1346    34.1582    34.1555    8.19023         33 0.0000e+00
    302.000    298.662    -0.6216  28.018267    -0.6196  28.018021     5.0831     5.2324     0.2049    96.1721 1.0000e-12  -73.82672 -113.95536  44.464057      47.34 2.8807e+02    645.517      15493  1028.8967  1028.8945     4.5623     0.0885     0.1317    34.1584    34.1558    8.19018         32 0.0000e+00
    303.000    299.650    -0.6200  28.020488    -0.6178  28.020236     5.0809     5.2318     0.2194    96.2255 1.0000e-12  -73.82672 -113.95537  44.464072      46.29 2.8928e+02    646.859      15526  1028.9021  1028.8997     4.5648     0.0946     0.1373    34.1591    34.1563    8.18981         29 0.0000e+00
    304.000    300.637    -0.6180  28.023005    -0.6161  28.022589     5.0747     5.2280     0.3878    96.2280 1.0000e-12  -73.82672 -113.95538  44.464088      45.40 2.8685e+02    648.203      15558  1028.9072  1028.9050     4.5649     0.1052     0.1353    34.1596    34.1569    8.18935         32 0.0000e+00
    305.000    301.626    -0.6072  28.035496    -0.6040  28.035919     5.0769     5.2200     0.4163    96.3528 1.0000e-12  -73.82672 -113.95538  44.464104      44.43 2.8597e+02    649.571      15591  1028.9145  1028.9118     4.5708     0.0945     0.1339    34.1636    34.1605    8.18677         33 0.0000e+00
    306.000    302.614    -0.6008  28.042256    -0.5987  28.041931     5.0679     5.2158     0.1708    96.4431 1.0000e-12  -73.82672 -113.95538  44.464120      43.33 2.8825e+02    650.959      15624  1028.9200  1028.9176     4.5751     0.1028     0.1437    34.1649    34.1621    8.18532         34 0.0000e+00
    307.000    303.604    -0.5955  28.048265    -0.5934  28.047850     5.0584     5.2038     0.1730    96.1664 1.0000e-12  -73.82672 -113.95538  44.464136      42.41 2.8799e+02    652.368      15658  1028.9257  1028.9232     4.5620     0.1709     0.1361    34.1664    34.1635    8.18408         33 0.0000e+00
    308.000    304.590    -0.5915  28.052689    -0.5892  28.052543     5.0610     5.2089     0.2757    95.7650 1.0000e-12  -73.82672 -113.95538  44.464153      41.22 2.8635e+02    653.784      15692  1028.9310  1028.9286     4.5430     0.1347     0.1312    34.1673    34.1644    8.18318         34 0.0000e+00
    309.000    305.578    -0.5916  28.053078    -0.5895  28.052767     5.0678     5.2060     0.2015    96.2066 1.0000e-12  -73.82672 -113.95538  44.464169      40.25 2.8949e+02    655.195      15726  1028.9358  1028.9335     4.5639     0.0857     0.1323    34.1672    34.1645    8.18319         34 0.0000e+00
    310.000    306.568    -0.5916  28.053376    -0.5894  28.053311     5.0639     5.2123     0.2902    96.1745 1.0000e-12  -73.82672 -113.95538  44.464185      39.26 2.9057e+02    656.617      15760  1028.9406  1028.9384     4.5624     0.0832     0.1315    34.1671    34.1644    8.18321         35 0.0000e+00
    311.000    307.555    -0.5919  28.053517    -0.5894  28.053657     5.0646     5.2114     0.3072    96.1652 1.0000e-12  -73.82672 -113.95538  44.464202      38.23 2.8939e+02    658.029      15794  1028.9454  1028.9432     4.5620     0.1197     0.1312    34.1669    34.1644    8.18327         33 0.0000e+00
    312.000    308.544    -0.5924  28.053361    -0.5901  28.053453     5.0638     5.2038     0.2644    96.4035 1.0000e-12  -73.82672 -113.95538  44.464218      37.21 2.9071e+02    659.424      15827  1028.9501  1028.9480     4.5733     0.1190     0.1335    34.1667    34.1643    8.18339         34 0.0000e+00
