ocean_section_plots/required_files/ctd/dnbp2202_ctd222.cnv
* Sea-Bird SBE 9 Data File:
* FileName = D:\Data\raw\NBP2202_CTD222.hex
* Software Version Seasave V 7.26.7.121
* Temperature SN = 1649
* Conductivity SN = 2513
* Number of Bytes Per Scan = 40
* Number of Voltage Words = 5
* Number of Scans Averaged by the Deck Unit = 1
* NMEA Latitude = 74 10.77 S
* NMEA Longitude = 110 50.68 W
* NMEA UTC (Time) = Feb 11 2022  15:09:01
* NMEA baud rate = 9600
** Ship: RVIB N.B. Palmer
** Cruise: NBP2202 Thwaites
** Station: 133
** Operator: A. Robinson
# nquan = 28
# nvalues = 348                         
# units = specified
# name 0 = prDM: Pressure, Digiquartz [db]
# name 1 = depSM: Depth [salt water, m]
# name 2 = t090C: Temperature [ITS-90, deg C]
# name 3 = c0mS/cm: Conductivity [mS/cm]
# name 4 = t190C: Temperature, 2 [ITS-90, deg C]
# name 5 = c1mS/cm: Conductivity, 2 [mS/cm]
# name 6 = sbeox0ML/L: Oxygen, SBE 43 [ml/l]
# name 7 = sbeox1ML/L: Oxygen, SBE 43, 2 [ml/l]
# name 8 = flECO-AFL: Fluorescence, WET Labs ECO-AFL/FL [mg/m^3]
# name 9 = CStarTr0: Beam Transmission, WET Labs C-Star [%]
# name 10 = par: PAR/Irradiance, Biospherical/Licor
# name 11 = latitude: Latitude [deg]
# name 12 = longitude: Longitude [deg]
# name 13 = timeJ: Julian Days
# name 14 = altM: Altimeter [m]
# name 15 = spar: SPAR, Biospherical/Licor
# name 16 = timeS: Time, Elapsed [seconds]
# name 17 = scan: Scan Count
# name 18 = density00: Density [density, kg/m^3]
# name 19 = density11: Density, 2 [density, kg/m^3]
# name 20 = v3: Voltage 3
# name 21 = v4: Voltage 4
# name 22 = v5: Voltage 5
# name 23 = sal00: Salinity, Practical [PSU]
# name 24 = sal11: Salinity, Practical, 2 [PSU]
# name 25 = oxsolML/L: Oxygen Saturation, Garcia & Gordon [ml/l]
# name 26 = nbin: number of scans per bin
# name 27 = flag: flag
# span 0 =      2.000,    349.000       
# span 1 =      1.979,    345.098       
# span 2 =    -1.5007,    -1.1339       
# span 3 =  26.856083,  27.446224       
# span 4 =    -1.5002,    -1.1323       
# span 5 =  26.856773,  27.446031       
# span 6 =     5.5396,     6.5262       
# span 7 =     5.7137,     6.6242       
# span 8 =    -0.0224,     2.0249       
# span 9 =    93.3363,    97.3629       
# span 10 = 1.0000e-12, 7.4863e+01      
# span 11 =  -74.17960,  -74.17958      
# span 12 = -110.84476, -110.84470      
# span 13 =  42.633357,  42.639289      
# span 14 =       5.24,     100.42      
# span 15 = 1.9392e+02, 2.6774e+02      
# span 16 =    181.018,    693.562      
# span 17 =       4345,      16646      
# span 18 =  1027.1679,  1029.0970      
# span 19 =  1027.1684,  1029.0955      
# span 20 =     4.4278,     4.6187      
# span 21 =     0.0639,     0.4081      
# span 22 =     0.1196,     0.1441      
# span 23 =    33.7519,    34.0881      
# span 24 =    33.7527,    34.0864      
# span 25 =    8.31011,    8.40854      
# span 26 =         25,         57      
# span 27 = 0.0000e+00, 0.0000e+00      
# interval = decibars: 1                
# start_time = Feb 11 2022 15:09:01 [NMEA time, header]
# bad_flag = -9.990e-29
*END*
[from data line 208]
    210.000    207.722    -1.1674  27.428264    -1.1664  27.427949     5.6712     5.8290    -0.0074    97.1196 1.0000e-12  -74.17960 -110.84472  42.636727      99.92 2.2212e+02    472.214      11334  1028.3818  1028.3804     4.6072     0.0713     0.1300    34.0312    34.0295    8.31732         29 0.0000e+00
    211.000    208.709    -1.1763  27.421702    -1.1755  27.421222     5.6876     5.8557    -0.0077    97.1041 1.0000e-12  -74.17960 -110.84474  42.636740      98.89 2.2212e+02    473.365      11362  1028.3875  1028.3862     4.6065     0.0722     0.1296    34.0316    34.0301    8.31926         27 0.0000e+00
    212.000    209.697    -1.1856  27.414843    -1.1827  27.416103     5.7004     5.8688    -0.0123    97.1192 1.0000e-12  -74.17960 -110.84473  42.636753      98.63 2.2212e+02    474.499      11389  1028.3932  1028.3918     4.6072     0.0717     0.1299    34.0322    34.0306    8.32129         27 0.0000e+00
    213.000    210.687    -1.1952  27.408023    -1.1935  27.408251     5.7093     5.8783    -0.0048    97.1263 1.0000e-12  -74.17960 -110.84473  42.636767      99.92 2.2212e+02    475.645      11416  1028.3993  1028.3979     4.6075     0.0711     0.1292    34.0331    34.0315    8.32337         28 0.0000e+00
    214.000    211.676    -1.1982  27.406137    -1.1959  27.406755     5.7184     5.8824    -0.0059    97.1208 1.0000e-12  -74.17960 -110.84473  42.636780      99.93 2.2212e+02    476.810      11444  1028.4043  1028.4028     4.6073     0.0705     0.1296    34.0333    34.0316    8.32403         28 0.0000e+00
    215.000    212.664    -1.2007  27.404612    -1.1989  27.404795     5.7267     5.8910    -0.0075    97.1654 1.0000e-12  -74.17960 -110.84473  42.636794      99.93 2.2212e+02    477.991      11473  1028.4092  1028.4077     4.6094     0.0727     0.1299    34.0334    34.0317    8.32458         28 0.0000e+00
    216.000    213.652    -1.2017  27.404217    -1.1999  27.404443     5.7084     5.8860    -0.0011    97.1466 1.0000e-12  -74.17958 -110.84474  42.636807      99.93 2.2212e+02    479.139      11500  1028.4139  1028.4125     4.6085     0.0706     0.1300    34.0334    34.0317    8.32480         27 0.0000e+00
    217.000    214.642    -1.2038  27.403142    -1.2023  27.403000     5.7126     5.8914    -0.0069    97.1529 1.0000e-12  -74.17958 -110.84472  42.636820      99.93 2.2212e+02    480.267      11527  1028.4190  1028.4175     4.6088     0.0725     0.1300    34.0337    34.0319    8.32525         28 0.0000e+00
    218.000    215.629    -1.2013  27.406064    -1.2000  27.405667     5.7318     5.8985    -0.0010    97.1530 1.0000e-12  -74.17958 -110.84474  42.636834      99.92 2.2212e+02    481.427      11555  1028.4239  1028.4223     4.6089     0.0696     0.1294    34.0343    34.0323    8.32466         28 0.0000e+00
    219.000    216.619    -1.2080  27.401187    -1.2057  27.402019     5.7331     5.9051    -0.0077    97.1820 1.0000e-12  -74.17958 -110.84473  42.636847      99.93 2.2212e+02    482.579      11583  1028.4294  1028.4281     4.6102     0.0726     0.1296    34.0346    34.0331    8.32615         27 0.0000e+00
    220.000    217.607    -1.2114  27.399360    -1.2097  27.399486     5.7359     5.9081    -0.0077    97.1687 1.0000e-12  -74.17958 -110.84473  42.636860      99.92 2.2123e+02    483.718      11610  1028.4349  1028.4334     4.6096     0.0710     0.1293    34.0353    34.0335    8.32685         27 0.0000e+00
    221.000    218.596    -1.2113  27.399931    -1.2101  27.399675     5.7491     5.9147    -0.0077    97.1583 1.0000e-12  -74.17958 -110.84473  42.636874      99.93 2.2239e+02    484.874      11638  1028.4397  1028.4382     4.6091     0.0723     0.1286    34.0354    34.0336    8.32683         28 0.0000e+00
    222.000    219.584    -1.2148  27.397747    -1.2119  27.398952     5.7526     5.9173    -0.0077    97.1826 1.0000e-12  -74.17958 -110.84473  42.636887      95.06 2.2269e+02    486.031      11666  1028.4449  1028.4434     4.6102     0.0718     0.1295    34.0357    34.0340    8.32758         28 0.0000e+00
    223.000    220.574    -1.2196  27.394650    -1.2179  27.394827     5.7506     5.9236    -0.0093    97.1983 1.0000e-12  -74.17958 -110.84474  42.636900      98.50 2.2089e+02    487.164      11693  1028.4504  1028.4490     4.6109     0.0706     0.1294    34.0363    34.0347    8.32862         27 0.0000e+00
    224.000    221.561    -1.2178  27.396285    -1.2154  27.397060     5.7541     5.9199    -0.0128    97.1726 1.0000e-12  -74.17958 -110.84472  42.636913      99.93 2.2179e+02    488.291      11720  1028.4546  1028.4532     4.6097     0.0722     0.1282    34.0359    34.0343    8.32824         27 0.0000e+00
    225.000    222.549    -1.2190  27.395958    -1.2174  27.395970     5.7602     5.9196    -0.0023    97.1997 1.0000e-12  -74.17958 -110.84472  42.636926      99.93 2.2174e+02    489.432      11747  1028.4596  1028.4581     4.6110     0.0715     0.1318    34.0362    34.0343    8.32849         28 0.0000e+00
    226.000    223.539    -1.2186  27.396775    -1.2159  27.397652     5.7622     5.9285     0.0026    97.1849 1.0000e-12  -74.17958 -110.84472  42.636940      99.93 2.2232e+02    490.589      11775  1028.4643  1028.4627     4.6103     0.0713     0.1283    34.0362    34.0344    8.32839         27 0.0000e+00
    227.000    224.527    -1.2228  27.393688    -1.2197  27.395247     5.7687     5.9374    -0.0018    97.1983 1.0000e-12  -74.17958 -110.84472  42.636953      99.92 2.2160e+02    491.758      11803  1028.4694  1028.4680     4.6109     0.0710     0.1273    34.0362    34.0347    8.32935         28 0.0000e+00
    228.000    225.517    -1.2280  27.390400    -1.2258  27.390948     5.7720     5.9408     0.0002    97.2186 1.0000e-12  -74.17958 -110.84472  42.636966      99.93 2.2239e+02    492.886      11830  1028.4750  1028.4735     4.6119     0.0707     0.1284    34.0369    34.0352    8.33045         27 0.0000e+00
    229.000    226.505    -1.2283  27.390588    -1.2264  27.390870     5.7823     5.9487    -0.0040    97.1934 1.0000e-12  -74.17958 -110.84472  42.636979      99.92 2.2225e+02    494.019      11857  1028.4797  1028.4782     4.6107     0.0713     0.1280    34.0369    34.0351    8.33052         28 0.0000e+00
    230.000    227.493    -1.2296  27.390102    -1.2286  27.389859     5.7827     5.9550    -0.0043    97.1925 1.0000e-12  -74.17958 -110.84472  42.636993      99.92 2.2180e+02    495.194      11886  1028.4847  1028.4835     4.6107     0.0718     0.1296    34.0370    34.0356    8.33079         28 0.0000e+00
    231.000    228.479    -1.2335  27.388073    -1.2320  27.388027     5.7829     5.9523    -0.0077    97.2162 1.0000e-12  -74.17958 -110.84472  42.637007      99.93 2.2303e+02    496.368      11914  1028.4905  1028.4891     4.6118     0.0709     0.1344    34.0381    34.0364    8.33161         29 0.0000e+00
    232.000    229.471    -1.2328  27.388978    -1.2313  27.389061     5.7854     5.9590     0.0032    97.2043 1.0000e-12  -74.17958 -110.84472  42.637020      99.93 2.2291e+02    497.524      11942  1028.4951  1028.4938     4.6112     0.0723     0.1303    34.0379    34.0364    8.33146         27 0.0000e+00
    233.000    230.459    -1.2335  27.389268    -1.2320  27.389225     5.7889     5.9614    -0.0038    97.2136 1.0000e-12  -74.17958 -110.84472  42.637033      99.92 2.2269e+02    498.686      11969  1028.5003  1028.4988     4.6116     0.0729     0.1276    34.0385    34.0367    8.33158         28 0.0000e+00
    234.000    231.447    -1.2337  27.389590    -1.2323  27.389588     5.7987     5.9736    -0.0077    97.2252 1.0000e-12  -74.17958 -110.84472  42.637047      97.22 2.2278e+02    499.847      11997  1028.5051  1028.5038     4.6122     0.0701     0.1272    34.0386    34.0370    8.33163         27 0.0000e+00
    235.000    232.436    -1.2377  27.387932    -1.2376  27.387325     5.8141     5.9846    -0.0077    97.2116 1.0000e-12  -74.17958 -110.84472  42.637060      99.96 2.2339e+02    500.997      12025  1028.5114  1028.5107     4.6116     0.0715     0.1279    34.0402    34.0392    8.33242         28 0.0000e+00
    236.000    233.424    -1.2406  27.386669    -1.2383  27.387291     5.8211     5.9939    -0.0077    97.2302 1.0000e-12  -74.17958 -110.84472  42.637073      99.92 2.2218e+02    502.146      12052  1028.5172  1028.5156     4.6125     0.0703     0.1330    34.0412    34.0394    8.33301         28 0.0000e+00
    237.000    234.413    -1.2454  27.384413    -1.2440  27.384447     5.8272     6.0035    -0.0148    97.2289 1.0000e-12  -74.17958 -110.84472  42.637087      99.93 2.2317e+02    503.297      12080  1028.5236  1028.5222     4.6123     0.0715     0.1273    34.0429    34.0413    8.33398         27 0.0000e+00
    238.000    235.401    -1.2467  27.383981    -1.2456  27.383952     5.8403     6.0120    -0.0079    97.2016 1.0000e-12  -74.17958 -110.84470  42.637100      99.92 2.2421e+02    504.443      12108  1028.5287  1028.5275     4.6111     0.0709     0.1280    34.0432    34.0419    8.33426         28 0.0000e+00
    239.000    236.389    -1.2502  27.382333    -1.2494  27.382011     5.8464     6.0234    -0.0070    97.2320 1.0000e-12  -74.17958 -110.84471  42.637114      99.92 2.2467e+02    505.611      12136  1028.5345  1028.5334     4.6125     0.0710     0.1254    34.0443    34.0429    8.33497         29 0.0000e+00
    240.000    237.378    -1.2547  27.379841    -1.2529  27.380072     5.8476     6.0282    -0.0005    97.1996 1.0000e-12  -74.17958 -110.84471  42.637128      99.93 2.2448e+02    506.837      12165  1028.5404  1028.5389     4.6110     0.0702     0.1274    34.0454    34.0436    8.33591         30 0.0000e+00
    241.000    238.367    -1.2555  27.379802    -1.2541  27.379732     5.8502     6.0307    -0.0033    97.1962 1.0000e-12  -74.17958 -110.84471  42.637142      99.92 2.2420e+02    508.062      12194  1028.5453  1028.5439     4.6108     0.0705     0.1271    34.0456    34.0439    8.33608         28 0.0000e+00
    242.000    239.354    -1.2564  27.379533    -1.2553  27.379417     5.8485     6.0302    -0.0080    97.2415 1.0000e-12  -74.17958 -110.84472  42.637155      99.92 2.2351e+02    509.235      12223  1028.5501  1028.5489     4.6130     0.0714     0.1285    34.0455    34.0442    8.33627         28 0.0000e+00
    243.000    240.344    -1.2580  27.378966    -1.2567  27.378953     5.8559     6.0365    -0.0077    97.2460 1.0000e-12  -74.17958 -110.84470  42.637169      99.93 2.2512e+02    510.371      12250  1028.5553  1028.5540     4.6132     0.0697     0.1267    34.0461    34.0446    8.33661         27 0.0000e+00
    244.000    241.331    -1.2596  27.378327    -1.2584  27.378234     5.8740     6.0501    -0.0118    97.2485 1.0000e-12  -74.17958 -110.84471  42.637182      99.92 2.2530e+02    511.506      12277  1028.5604  1028.5592     4.6133     0.0702     0.1275    34.0463    34.0449    8.33694         25 0.0000e+00
    245.000    242.320    -1.2652  27.374746    -1.2642  27.374764     5.8925     6.0612    -0.0150    97.2229 1.0000e-12  -74.17958 -110.84471  42.637195      99.81 2.2634e+02    512.645      12304  1028.5662  1028.5652     4.6121     0.0705     0.1304    34.0471    34.0460    8.33814         28 0.0000e+00
    246.000    243.309    -1.2749  27.368705    -1.2732  27.368939     5.8995     6.0611    -0.0150    97.2212 1.0000e-12  -74.17958 -110.84471  42.637208      99.92 2.2689e+02    513.789      12332  1028.5733  1028.5718     4.6120     0.0706     0.1278    34.0493    34.0476    8.34018         27 0.0000e+00
    247.000    244.297    -1.2749  27.369071    -1.2737  27.369069     5.8877     6.0658    -0.0064    97.2376 1.0000e-12  -74.17958 -110.84471  42.637221      99.92 2.2552e+02    514.938      12360  1028.5778  1028.5766     4.6128     0.0699     0.1250    34.0492    34.0478    8.34019         28 0.0000e+00
    248.000    245.287    -1.2754  27.369293    -1.2740  27.369291     5.8927     6.0681    -0.0050    97.2695 1.0000e-12  -74.17958 -110.84470  42.637235      99.93 2.2687e+02    516.069      12387  1028.5827  1028.5814     4.6144     0.0699     0.1268    34.0494    34.0478    8.34028         27 0.0000e+00
    249.000    246.273    -1.2752  27.369767    -1.2737  27.369992     5.8952     6.0712    -0.0077    97.2531 1.0000e-12  -74.17958 -110.84472  42.637248      99.92 2.2741e+02    517.191      12414  1028.5873  1028.5861     4.6135     0.0709     0.1269    34.0492    34.0478    8.34026         26 0.0000e+00
    250.000    247.263    -1.2759  27.369812    -1.2744  27.370021     5.8912     6.0660    -0.0028    97.2489 1.0000e-12  -74.17958 -110.84470  42.637260      99.92 2.2616e+02    518.304      12440  1028.5923  1028.5910     4.6133     0.0709     0.1274    34.0495    34.0480    8.34040         27 0.0000e+00
    251.000    248.252    -1.2749  27.371059    -1.2736  27.370946     5.8892     6.0624    -0.0056    97.2402 1.0000e-12  -74.17958 -110.84472  42.637273      99.93 2.2729e+02    519.427      12467  1028.5969  1028.5955     4.6129     0.0720     0.1249    34.0494    34.0478    8.34017         27 0.0000e+00
    252.000    249.240    -1.2755  27.371029    -1.2743  27.370946     5.8881     6.0651    -0.0077    97.2256 1.0000e-12  -74.17958 -110.84472  42.637287      99.92 2.2710e+02    520.561      12494  1028.6017  1028.6005     4.6122     0.0705     0.1302    34.0494    34.0480    8.34030         28 0.0000e+00
    253.000    250.229    -1.2756  27.371431    -1.2745  27.371296     5.8939     6.0673    -0.0020    97.2526 1.0000e-12  -74.17958 -110.84472  42.637300      99.92 2.2559e+02    521.703      12522  1028.6065  1028.6053     4.6135     0.0693     0.1262    34.0495    34.0481    8.34033         27 0.0000e+00
    254.000    251.215    -1.2755  27.371982    -1.2740  27.372090     5.8874     6.0639    -0.0064    97.2678 1.0000e-12  -74.17959 -110.84472  42.637313      99.93 2.2758e+02    522.844      12549  1028.6113  1028.6099     4.6143     0.0701     0.1281    34.0496    34.0480    8.34031         28 0.0000e+00
    255.000    252.206    -1.2737  27.373824    -1.2721  27.373936     5.8801     6.0641    -0.0080    97.2452 1.0000e-12  -74.17960 -110.84472  42.637326      99.92 2.2774e+02    523.994      12577  1028.6158  1028.6143     4.6132     0.0715     0.1303    34.0494    34.0477    8.33991         27 0.0000e+00
    256.000    253.193    -1.2721  27.375389    -1.2708  27.375288     5.8881     6.0632    -0.0145    97.2605 1.0000e-12  -74.17960 -110.84472  42.637340      99.84 2.2747e+02    525.142      12604  1028.6202  1028.6188     4.6139     0.0704     0.1276    34.0490    34.0474    8.33956         28 0.0000e+00
    257.000    254.182    -1.2729  27.375223    -1.2716  27.375128     5.9112     6.0809    -0.0083    97.2828 1.0000e-12  -74.17960 -110.84472  42.637353      98.94 2.2829e+02    526.266      12631  1028.6250  1028.6238     4.6150     0.0698     0.1271    34.0491    34.0476    8.33974         26 0.0000e+00
    258.000    255.170    -1.2794  27.370955    -1.2787  27.370721     5.9327     6.1049    -0.0077    97.2780 1.0000e-12  -74.17960 -110.84472  42.637366      98.67 2.2867e+02    527.396      12658  1028.6311  1028.6301     4.6148     0.0702     0.1267    34.0501    34.0489    8.34114         28 0.0000e+00
    259.000    256.159    -1.2937  27.361761    -1.2909  27.362922     5.9496     6.1211    -0.0006    97.2833 1.0000e-12  -74.17960 -110.84472  42.637379      97.90 2.2884e+02    528.547      12686  1028.6392  1028.6378     4.6150     0.0704     0.1258    34.0531    34.0515    8.34415         27 0.0000e+00
