ocean_section_plots/required_files/ctd/dnbp2202_ctd219.cnv
* Sea-Bird SBE 9 Data File:
* FileName = D:\Data\raw\NBP2202_CTD219.hex
* Software Version Seasave V 7.26.7.121
* Temperature SN = 1649
* Conductivity SN = 2513
* Number of Bytes Per Scan = 40
* Number of Voltage Words = 5
* Number of Scans Averaged by the Deck Unit = 1
* NMEA Latitude = 74 05.19 S
* NMEA Longitude = 111 21.87 W
* NMEA UTC (Time) = Feb 11 2022  11:03:02
* NMEA baud rate = 9600
** Ship: RVIB N.B. Palmer
** Cruise: NBP2202 Thwaites
** Station: 131
** Operator: B. Bjork
# nquan = 28
# nvalues = 390                         
# units = specified
# name 0 = prDM: Pressure, Digiquartz [db]
# name 1 = depSM: Depth [salt water, m]
# name 2 = t090C: Temperature [ITS-90, deg C]
# name 3 = c0mS/cm: Conductivity [mS/cm]
# name 4 = t190C: Temperature, 2 [ITS-90, deg C]
# name 5 = c1mS/cm: Conductivity, 2 [mS/cm]
# name 6 = sbeox0ML/L: Oxygen, SBE 43 [ml/l]
# name 7 = sbeox1ML/L: Oxygen, SBE 43, 2 [ml/l]
# name 8 = flECO-AFL: Fluorescence, WET Labs ECO-AFL/FL [mg/m^3]
# name 9 = CStarTr0: Beam Transmission, WET Labs C-Star [%]
# name 10 = par: PAR/Irradiance, Biospherical/Licor
# name 11 = latitude: Latitude [deg]
# name 12 = longitude: Longitude [deg]
# name 13 = timeJ: Julian Days
# name 14 = altM: Altimeter [m]
# name 15 = spar: SPAR, Biospherical/Licor
# name 16 = timeS: Time, Elapsed [seconds]
# name 17 = scan: Scan Count
# name 18 = density00: Density [density, kg/m^3]
# name 19 = density11: Density, 2 [density, kg/m^3]
# name 20 = v3: Voltage 3
# name 21 = v4: Voltage 4
# name 22 = v5: Voltage 5
# name 23 = sal00: Salinity, Practical [PSU]
# name 24 = sal11: Salinity, Practical, 2 [PSU]
# name 25 = oxsolML/L: Oxygen Saturation, Garcia & Gordon [ml/l]
# name 26 = nbin: number of scans per bin
# name 27 = flag: flag
# span 0 =      3.000,    392.000       
# span 1 =      2.968,    387.579       
# span 2 =    -1.5618,    -0.8816       
# span 3 =  26.898155,  27.864794       
# span 4 =    -1.5608,    -0.8826       
# span 5 =  26.898383,  27.861377       
# span 6 =     5.6556,     6.7692       
# span 7 =     5.8515,     6.9723       
# span 8 =    -0.0150,     4.7996       
# span 9 =    91.3721,    97.9174       
# span 10 = 1.0000e-12, 8.4453e+00      
# span 11 =  -74.08658,  -74.08658      
# span 12 = -111.36459, -111.36454      
# span 13 =  42.462855,  42.468239      
# span 14 =       5.39,     100.12      
# span 15 = 3.1198e+01, 4.7446e+01      
# span 16 =    208.640,    673.875      
# span 17 =       5008,      16174      
# span 18 =  1027.1723,  1029.3579      
# span 19 =  1027.1699,  1029.3553      
# span 20 =     4.3346,     4.6450      
# span 21 =     0.0643,     0.7205      
# span 22 =     0.1182,     0.1465      
# span 23 =    33.7571,    34.1907      
# span 24 =    33.7607,    34.1871      
# span 25 =    8.24493,    8.40815      
# span 26 =         17,         47      
# span 27 = 0.0000e+00, 0.0000e+00      
# interval = decibars: 1                
# start_time = Feb 11 2022 11:03:02 [NMEA time, header]
# bad_flag = -9.990e-29
*END*
[from data line 259]
    262.000    259.126    -1.4071  27.242355    -1.4074  27.241423     6.0981     6.2761     0.0686    97.6135 1.0000e-12  -74.08658 -111.36456  42.466318      99.92 4.6892e+01    507.866      12190  1028.6264  1028.6257     4.6306     0.0772     0.1196    34.0160    34.0151    8.37176         23 0.0000e+00
    263.000    260.114    -1.4148  27.237227    -1.4135  27.237283     6.1115     6.2797     0.0479    97.6652 1.0000e-12  -74.08658 -111.36456  42.466329      99.92 4.6276e+01    508.854      12213  1028.6328  1028.6316     4.6331     0.0773     0.1202    34.0172    34.0157    8.37343         24 0.0000e+00
    264.000    261.103    -1.4156  27.237119    -1.4146  27.236972     6.1286     6.2906     0.0274    97.7448 1.0000e-12  -74.08658 -111.36456  42.466341      99.92 4.4770e+01    509.828      12237  1028.6378  1028.6367     4.6369     0.0768     0.1218    34.0172    34.0160    8.37359         23 0.0000e+00
    265.000    262.089    -1.4175  27.235937    -1.4162  27.236257     6.1337     6.3117     0.0528    97.7759 1.0000e-12  -74.08658 -111.36456  42.466352      96.76 4.7017e+01    510.805      12260  1028.6427  1028.6418     4.6383     0.0751     0.1210    34.0172    34.0161    8.37403         23 0.0000e+00
    266.000    263.080    -1.4282  27.227659    -1.4243  27.230017     6.1473     6.3223     0.0911    97.7800 1.0000e-12  -74.08658 -111.36456  42.466363      94.46 4.6610e+01    511.793      12284  1028.6485  1028.6472     4.6386     0.0743     0.1206    34.0174    34.0161    8.37643         25 0.0000e+00
    267.000    264.065    -1.4303  27.226488    -1.4295  27.226212     6.1580     6.3258     0.0406    97.8884 1.0000e-12  -74.08658 -111.36456  42.466375      99.85 4.4783e+01    512.780      12308  1028.6536  1028.6524     4.6437     0.0760     0.1233    34.0175    34.0162    8.37690         23 0.0000e+00
    268.000    265.057    -1.4309  27.226486    -1.4294  27.226651     6.1567     6.3348     0.1029    97.8745 1.0000e-12  -74.08658 -111.36456  42.466386      99.92 4.6783e+01    513.767      12331  1028.6584  1028.6571     4.6430     0.0779     0.1224    34.0175    34.0161    8.37702         24 0.0000e+00
    269.000    266.044    -1.4352  27.222956    -1.4334  27.223766     6.1742     6.3505     0.0480    97.8956 1.0000e-12  -74.08658 -111.36456  42.466398      99.91 4.6717e+01    514.757      12355  1028.6630  1028.6622     4.6440     0.0802     0.1211    34.0170    34.0161    8.37803         24 0.0000e+00
    270.000    267.032    -1.4463  27.214585    -1.4446  27.214985     6.1825     6.3664     0.0375    97.8774 1.0000e-12  -74.08658 -111.36456  42.466409      99.91 4.4611e+01    515.749      12379  1028.6689  1028.6677     4.6431     0.0796     0.1238    34.0174    34.0161    8.38049         23 0.0000e+00
    271.000    268.020    -1.4475  27.213943    -1.4471  27.213353     6.1903     6.3737     0.0418    97.8896 1.0000e-12  -74.08658 -111.36456  42.466421      99.92 4.6669e+01    516.741      12403  1028.6736  1028.6726     4.6437     0.0813     0.1281    34.0173    34.0161    8.38078         24 0.0000e+00
    272.000    269.009    -1.4526  27.210162    -1.4522  27.209623     6.2038     6.3798     0.0445    97.8775 1.0000e-12  -74.08658 -111.36456  42.466432      99.92 4.6047e+01    517.743      12427  1028.6786  1028.6777     4.6432     0.0792     0.1220    34.0173    34.0161    8.38192         24 0.0000e+00
    273.000    269.996    -1.4585  27.205682    -1.4574  27.205711     6.2025     6.3849     0.0527    97.8947 1.0000e-12  -74.08658 -111.36456  42.466444      99.92 4.4522e+01    518.723      12450  1028.6837  1028.6826     4.6440     0.0805     0.1223    34.0172    34.0160    8.38326         24 0.0000e+00
    274.000    270.988    -1.4599  27.205807    -1.4593  27.205324     6.2041     6.3829     0.0599    97.9018 1.0000e-12  -74.08658 -111.36456  42.466455      99.91 4.6181e+01    519.687      12473  1028.6894  1028.6883     4.6443     0.0797     0.1238    34.0184    34.0170    8.38350         23 0.0000e+00
    275.000    271.975    -1.4578  27.208374    -1.4567  27.208243     6.1899     6.3809     0.0603    97.8613 1.0000e-12  -74.08658 -111.36456  42.466466      99.92 4.6131e+01    520.667      12497  1028.6944  1028.6933     4.6424     0.0820     0.1226    34.0188    34.0174    8.38300         24 0.0000e+00
    276.000    272.962    -1.4572  27.209916    -1.4564  27.209661     6.1950     6.3776     0.0617    97.8339 1.0000e-12  -74.08658 -111.36456  42.466478      99.92 4.4547e+01    521.658      12521  1028.6998  1028.6987     4.6411     0.0811     0.1199    34.0197    34.0184    8.38282         23 0.0000e+00
    277.000    273.951    -1.4558  27.212406    -1.4547  27.212318     6.1930     6.3835     0.0723    97.8530 1.0000e-12  -74.08658 -111.36456  42.466489      99.91 4.4366e+01    522.647      12545  1028.7054  1028.7043     4.6419     0.0967     0.1230    34.0209    34.0196    8.38242         24 0.0000e+00
    278.000    274.939    -1.4538  27.215172    -1.4528  27.214999     6.1870     6.3782     0.0801    97.8180 1.0000e-12  -74.08658 -111.36456  42.466500      99.92 4.6107e+01    523.634      12568  1028.7108  1028.7097     4.6403     0.0815     0.1230    34.0218    34.0205    8.38192         24 0.0000e+00
    279.000    275.928    -1.4532  27.216230    -1.4521  27.216094     6.1877     6.3730     0.1163    97.8147 1.0000e-12  -74.08658 -111.36456  42.466512      90.39 4.5691e+01    524.604      12592  1028.7157  1028.7145     4.6402     0.0817     0.1236    34.0219    34.0206    8.38177         23 0.0000e+00
    280.000    276.916    -1.4485  27.221702    -1.4475  27.221428     6.1775     6.3553     0.1051    97.8048 1.0000e-12  -74.08658 -111.36456  42.466523      99.63 4.5110e+01    525.588      12615  1028.7213  1028.7201     4.6397     0.0806     0.1208    34.0235    34.0220    8.38062         24 0.0000e+00
    281.000    277.903    -1.4389  27.232076    -1.4382  27.231756     6.1608     6.3555     0.0971    97.7415 1.0000e-12  -74.08658 -111.36456  42.466535      99.91 4.6037e+01    526.585      12639  1028.7278  1028.7268     4.6367     0.0828     0.1223    34.0263    34.0251    8.37830         24 0.0000e+00
    282.000    278.892    -1.4300  27.241176    -1.4329  27.237364     6.1482     6.3458     0.0790    97.7318 1.0000e-12  -74.08658 -111.36456  42.466546      99.92 4.5912e+01    527.580      12663  1028.7334  1028.7321     4.6363     0.0892     0.1228    34.0280    34.0261    8.37619         23 0.0000e+00
    283.000    279.882    -1.4299  27.241464    -1.4295  27.240788     6.1498     6.3336     0.0621    97.7989 1.0000e-12  -74.08658 -111.36456  42.466557      99.92 4.4666e+01    528.556      12686  1028.7380  1028.7368     4.6394     0.0808     0.1255    34.0277    34.0263    8.37619         23 0.0000e+00
    284.000    280.868    -1.4295  27.242915    -1.4266  27.243992     6.1460     6.3249     0.0597    97.8079 1.0000e-12  -74.08658 -111.36456  42.466569      99.91 4.6192e+01    529.545      12710  1028.7435  1028.7419     4.6398     0.0805     0.1217    34.0286    34.0268    8.37604         25 0.0000e+00
    285.000    281.858    -1.4189  27.252973    -1.4154  27.255389     6.1374     6.3227     0.0649    97.7675 1.0000e-12  -74.08658 -111.36456  42.466580      99.92 4.5911e+01    530.553      12734  1028.7486  1028.7478     4.6380     0.0811     0.1223    34.0298    34.0291    8.37360         24 0.0000e+00
    286.000    282.843    -1.4158  27.256435    -1.4147  27.256405     6.1278     6.3190     0.0569    97.7946 1.0000e-12  -74.08658 -111.36456  42.466592      99.92 4.4835e+01    531.545      12758  1028.7538  1028.7527     4.6392     0.0786     0.1217    34.0305    34.0291    8.37286         23 0.0000e+00
    287.000    283.835    -1.4151  27.257436    -1.4140  27.257263     6.1344     6.3168     0.0705    97.7929 1.0000e-12  -74.08658 -111.36456  42.466603      99.92 4.6131e+01    532.523      12782  1028.7585  1028.7573     4.6392     0.0781     0.1230    34.0303    34.0289    8.37270         24 0.0000e+00
    288.000    284.823    -1.4167  27.257303    -1.4149  27.257754     6.1265     6.3145     0.0602    97.7918 1.0000e-12  -74.08658 -111.36456  42.466615      99.91 4.6056e+01    533.509      12805  1028.7643  1028.7631     4.6391     0.0777     0.1198    34.0313    34.0300    8.37300         24 0.0000e+00
    289.000    285.809    -1.4144  27.260302    -1.4132  27.260265     6.1339     6.3066     0.0606    97.7992 1.0000e-12  -74.08658 -111.36456  42.466626      99.92 4.5034e+01    534.514      12829  1028.7698  1028.7686     4.6395     0.0796     0.1250    34.0323    34.0309    8.37244         24 0.0000e+00
    290.000    286.799    -1.4069  27.268989    -1.4059  27.268368     6.1181     6.3082     0.0542    97.8340 1.0000e-12  -74.08658 -111.36456  42.466638      99.92 4.6287e+01    535.530      12854  1028.7763  1028.7747     4.6411     0.0765     0.1232    34.0351    34.0331    8.37058         24 0.0000e+00
    291.000    287.786    -1.4005  27.276237    -1.3995  27.275795     6.1161     6.3058     0.0456    97.8576 1.0000e-12  -74.08658 -111.36456  42.466650      49.62 4.5828e+01    536.538      12878  1028.7825  1028.7810     4.6422     0.0777     0.1219    34.0372    34.0354    8.36903         24 0.0000e+00
    292.000    288.776    -1.3993  27.277957    -1.3981  27.277756     6.1268     6.3090     0.0442    97.8465 1.0000e-12  -74.08658 -111.36456  42.466661      51.18 4.5391e+01    537.527      12902  1028.7875  1028.7862     4.6416     0.0748     0.1202    34.0375    34.0359    8.36872         24 0.0000e+00
    293.000    289.763    -1.3996  27.278839    -1.3983  27.278681     6.1228     6.3115     0.0351    97.8497 1.0000e-12  -74.08658 -111.36456  42.466673      86.97 4.6341e+01    538.512      12925  1028.7932  1028.7918     4.6418     0.0771     0.1223    34.0384    34.0368    8.36874         24 0.0000e+00
    294.000    290.752    -1.3991  27.280106    -1.3980  27.279954     6.1376     6.3149     0.0371    97.8476 1.0000e-12  -74.08658 -111.36456  42.466684      98.94 4.6276e+01    539.513      12949  1028.7985  1028.7972     4.6417     0.0783     0.1216    34.0390    34.0376    8.36859         24 0.0000e+00
    295.000    291.740    -1.3990  27.280871    -1.3977  27.280742     6.1397     6.3248     0.0445    97.8861 1.0000e-12  -74.08658 -111.36456  42.466696      99.91 4.5397e+01    540.518      12973  1028.8036  1028.8022     4.6436     0.0757     0.1210    34.0393    34.0377    8.36855         24 0.0000e+00
    296.000    292.729    -1.4017  27.279404    -1.4012  27.278806     6.1473     6.3264     0.0424    97.9119 1.0000e-12  -74.08658 -111.36456  42.466707      99.91 4.5761e+01    541.518      12997  1028.8090  1028.8079     4.6448     0.0763     0.1216    34.0398    34.0384    8.36914         24 0.0000e+00
    297.000    293.716    -1.4046  27.277912    -1.4040  27.277356     6.1487     6.3286     0.0392    97.8729 1.0000e-12  -74.08658 -111.36456  42.466719      99.92 4.5836e+01    542.531      13022  1028.8145  1028.8133     4.6429     0.0762     0.1218    34.0405    34.0390    8.36975         24 0.0000e+00
    298.000    294.705    -1.4063  27.277051    -1.4063  27.276082     6.1571     6.3405     0.0445    97.9068 1.0000e-12  -74.08658 -111.36455  42.466731      99.59 4.4420e+01    543.545      13046  1028.8195  1028.8185     4.6446     0.0775     0.1206    34.0405    34.0392    8.37012         25 0.0000e+00
    299.000    295.692    -1.4076  27.276712    -1.4066  27.276272     6.1494     6.3428     0.0439    97.8970 1.0000e-12  -74.08658 -111.36455  42.466742      99.02 4.5386e+01    544.554      13070  1028.8247  1028.8233     4.6441     0.0777     0.1202    34.0409    34.0392    8.37039         24 0.0000e+00
    300.000    296.682    -1.4083  27.276518    -1.4075  27.276093     6.1601     6.3348     0.0372    97.9023 1.0000e-12  -74.08658 -111.36455  42.466754      98.93 4.5832e+01    545.555      13094  1028.8295  1028.8282     4.6444     0.0808     0.1211    34.0408    34.0393    8.37055         24 0.0000e+00
    301.000    297.668    -1.4095  27.276023    -1.4085  27.275661     6.1636     6.3361     0.0381    97.9155 1.0000e-12  -74.08658 -111.36454  42.466766      98.45 4.5142e+01    546.546      13118  1028.8344  1028.8330     4.6450     0.0765     0.1182    34.0409    34.0393    8.37082         23 0.0000e+00
    302.000    298.658    -1.4097  27.276306    -1.4090  27.275865     6.1721     6.3476     0.0443    97.9011 1.0000e-12  -74.08658 -111.36454  42.466777      97.41 4.5693e+01    547.530      13142  1028.8392  1028.8380     4.6443     0.0758     0.1215    34.0409    34.0395    8.37087         24 0.0000e+00
    303.000    299.646    -1.4106  27.275981    -1.4106  27.274865     6.1638     6.3487     0.0389    97.9034 1.0000e-12  -74.08658 -111.36455  42.466789      96.53 4.5910e+01    548.526      13166  1028.8440  1028.8427     4.6444     0.0771     0.1211    34.0408    34.0393    8.37106         24 0.0000e+00
    304.000    300.633    -1.4155  27.273572    -1.4141  27.273584     6.1715     6.3460     0.0651    97.9099 1.0000e-12  -74.08658 -111.36456  42.466800      96.18 4.4575e+01    549.529      13190  1028.8504  1028.8491     4.6447     0.0771     0.1215    34.0425    34.0410    8.37207         24 0.0000e+00
    305.000    301.623    -1.4134  27.276532    -1.4119  27.276623     6.1509     6.3407     0.0567    97.8991 1.0000e-12  -74.08658 -111.36456  42.466812      94.42 4.4880e+01    550.520      13213  1028.8559  1028.8546     4.6442     0.0829     0.1243    34.0435    34.0420    8.37153         24 0.0000e+00
    306.000    302.610    -1.4082  27.281900    -1.4067  27.282005     6.1507     6.3331     0.0407    97.9086 1.0000e-12  -74.08658 -111.36456  42.466823      93.60 4.5825e+01    551.510      13237  1028.8610  1028.8596     4.6446     0.0779     0.1198    34.0445    34.0428    8.37032         24 0.0000e+00
    307.000    303.598    -1.4027  27.287999    -1.4022  27.286922     6.1486     6.3297     0.0420    97.8806 1.0000e-12  -74.08658 -111.36456  42.466835      92.67 4.5758e+01    552.506      13261  1028.8666  1028.8650     4.6433     0.0776     0.1209    34.0459    34.0439    8.36899         23 0.0000e+00
    308.000    304.586    -1.3985  27.292603    -1.3966  27.293062     6.1346     6.3299     0.0429    97.8646 1.0000e-12  -74.08658 -111.36456  42.466846      92.29 4.5345e+01    553.492      13285  1028.8719  1028.8706     4.6425     0.0760     0.1236    34.0468    34.0454    8.36799         25 0.0000e+00
    309.000    305.577    -1.3931  27.298701    -1.3915  27.298786     6.1243     6.3146     0.0577    97.8860 1.0000e-12  -74.08658 -111.36456  42.466858      91.21 4.5904e+01    554.487      13309  1028.8777  1028.8762     4.6436     0.0766     0.1216    34.0485    34.0468    8.36668         23 0.0000e+00
    310.000    306.563    -1.3904  27.301965    -1.3893  27.301493     6.0995     6.2893     0.0440    97.8644 1.0000e-12  -74.08658 -111.36456  42.466869      89.88 4.5834e+01    555.494      13333  1028.8830  1028.8814     4.6425     0.0777     0.1247    34.0493    34.0474    8.36604         24 0.0000e+00
    311.000    307.551    -1.3768  27.316409    -1.3741  27.316986     6.0661     6.2653     0.0436    97.8863 1.0000e-12  -74.08658 -111.36456  42.466881      88.63 4.5835e+01    556.484      13357  1028.8900  1028.8879     4.6436     0.0760     0.1187    34.0531    34.0508    8.36276         24 0.0000e+00
    312.000    308.540    -1.3511  27.340653    -1.3492  27.340528     6.0455     6.2393     0.0369    97.8788 1.0000e-12  -74.08658 -111.36456  42.466892      87.73 4.5835e+01    557.474      13380  1028.8959  1028.8939     4.6433     0.0762     0.1200    34.0565    34.0542    8.35679         24 0.0000e+00
