ocean_section_plots/required_files/ctd/dnbp2202_ctd111.cnv
* Sea-Bird SBE 9 Data File:
* FileName = D:\Data\raw\NBP2202_CTD111.hex
* Software Version Seasave V 7.26.7.121
* Temperature SN = 1649
* Conductivity SN = 2513
* Number of Bytes Per Scan = 40
* Number of Voltage Words = 5
* Number of Scans Averaged by the Deck Unit = 1
* NMEA Latitude = 74 10.52 S
* NMEA Longitude = 113 20.65 W
* NMEA UTC (Time) = Jan 27 2022  07:15:07
* NMEA baud rate = 9600
** Ship: RVIB N.B. Palmer
** Cruise: NBP2202 Thwaites
** Station: YoYo001
** Operator: B. Bjork
# nquan = 25
# nvalues = 608                         
# units = specified
# name 0 = prDM: Pressure, Digiquartz [db]
# name 1 = depSM: Depth [salt water, m]
# name 2 = t090C: Temperature [ITS-90, deg C]
# name 3 = c0mS/cm: Conductivity [mS/cm]
# name 4 = t190C: Temperature, 2 [ITS-90, deg C]
# name 5 = c1mS/cm: Conductivity, 2 [mS/cm]
# name 6 = sbeox0ML/L: Oxygen, SBE 43 [ml/l]
# name 7 = sbeox1ML/L: Oxygen, SBE 43, 2 [ml/l]
# name 8 = flECO-AFL: Fluorescence, WET Labs ECO-AFL/FL [mg/m^3]
# name 9 = CStarTr0: Beam Transmission, WET Labs C-Star [%]
# name 10 = par: PAR/Irradiance, Biospherical/Licor
# name 11 = latitude: Latitude [deg]
# name 12 = longitude: Longitude [deg]
# name 13 = timeJ: Julian Days
# name 14 = altM: Altimeter [m]
# name 15 = spar: SPAR, Biospherical/Licor
# name 16 = timeS: Time, Elapsed [seconds]
# name 17 = scan: Scan Count
# name 18 = density00: Density [density, kg/m^3]
# name 19 = density11: Density, 2 [density, kg/m^3]
# name 20 = sal00: Salinity, Practical [PSU]
# name 21 = sal11: Salinity, Practical, 2 [PSU]
# name 22 = oxsolML/L: Oxygen Saturation, Garcia & Gordon [ml/l]
# name 23 = nbin: number of scans per bin
# name 24 = flag: flag
# span 0 =     10.000,    617.000       
# span 1 =      9.896,    609.702       
# span 2 =    -1.4677,     0.1231       
# span 3 =  26.970739,  28.961252       
# span 4 =    -1.4666,     0.1263       
# span 5 =  26.970510,  28.962393       
# span 6 =     4.6809,     8.4627       
# span 7 =     4.7384,     8.5598       
# span 8 =    -0.0224,    25.7213       
# span 9 =    67.3000,    95.5855       
# span 10 = -8.103e-08, 1.0727e+00      
# span 11 =  -74.17536,  -74.17536      
# span 12 = -113.34426, -113.34424      
# span 13 =  27.302473,  27.309873      
# span 14 =       7.40,     102.18      
# span 15 = 5.8142e+01, 6.4931e+01      
# span 16 =     26.634,    666.005      
# span 17 =        640,      15985      
# span 18 =  1027.2217,  1030.5284      
# span 19 =  1027.2216,  1030.5264      
# span 20 =    33.7890,    34.3911      
# span 21 =    33.7886,    34.3887      
# span 22 =    8.01862,    8.39703      
# span 23 =         16,         48      
# span 24 = 0.0000e+00, 0.0000e+00      
# interval = decibars: 1                
# start_time = Jan 27 2022 07:15:07 [NMEA time, header]
# bad_flag = -9.990e-29
*END*
[from data line 464]
    474.000    468.557    -0.0862  28.669341    -0.0838  28.669356     4.7561     4.8160    -0.0074    94.9789 1.0000e-12  -74.17536 -113.34424  27.307827      99.87 5.9938e+01    489.293      11744  1029.8144  1029.8121    34.3234    34.3207    8.06634         23 0.0000e+00
    475.000    469.547    -0.0849  28.671274    -0.0830  28.670774     4.7585     4.8161    -0.0129    94.9913 1.0000e-12  -74.17536 -113.34424  27.307839      99.87 5.9938e+01    490.263      11767  1029.8195  1029.8171    34.3240    34.3211    8.06604         23 0.0000e+00
    476.000    470.532    -0.0851  28.671237    -0.0832  28.670932     4.7580     4.8138    -0.0132    94.9775 1.0000e-12  -74.17536 -113.34424  27.307850      99.87 5.9938e+01    491.235      11791  1029.8240  1029.8217    34.3236    34.3210    8.06611         24 0.0000e+00
    477.000    471.520    -0.0846  28.672458    -0.0825  28.672195     4.7569     4.8111    -0.0033    94.9800 1.0000e-12  -74.17536 -113.34424  27.307861      99.86 5.9938e+01    492.208      11814  1029.8290  1029.8267    34.3240    34.3213    8.06598         23 0.0000e+00
    478.000    472.508    -0.0836  28.674186    -0.0817  28.673844     4.7558     4.8139    -0.0113    94.9819 1.0000e-12  -74.17536 -113.34424  27.307872      99.86 5.9938e+01    493.185      11837  1029.8342  1029.8319    34.3246    34.3219    8.06574         24 0.0000e+00
    479.000    473.494    -0.0836  28.674567    -0.0814  28.674547     4.7566     4.8114    -0.0093    94.9900 1.0000e-12  -74.17536 -113.34424  27.307884      99.86 5.9938e+01    494.160      11861  1029.8388  1029.8366    34.3245    34.3220    8.06574         23 0.0000e+00
    480.000    474.484    -0.0837  28.675150    -0.0811  28.675217     4.7573     4.8146    -0.0096    94.9787 1.0000e-12  -74.17536 -113.34424  27.307895      99.86 5.9938e+01    495.137      11884  1029.8438  1029.8413    34.3248    34.3220    8.06574         23 0.0000e+00
    481.000    475.469    -0.0830  28.676085    -0.0808  28.675982     4.7579     4.8194    -0.0098    94.9733 1.0000e-12  -74.17536 -113.34424  27.307906      99.86 5.9938e+01    496.112      11908  1029.8484  1029.8461    34.3247    34.3221    8.06560         24 0.0000e+00
    482.000    476.456    -0.0831  28.676535    -0.0814  28.675866     4.7600     4.8287    -0.0095    94.9956 1.0000e-12  -74.17536 -113.34424  27.307918      99.87 5.9938e+01    497.092      11931  1029.8531  1029.8509    34.3247    34.3219    8.06561         24 0.0000e+00
    483.000    477.444    -0.0835  28.676577    -0.0816  28.676295     4.7615     4.8242    -0.0153    94.9978 1.0000e-12  -74.17536 -113.34424  27.307929      79.21 5.9938e+01    498.069      11955  1029.8579  1029.8558    34.3246    34.3222    8.06570         23 0.0000e+00
    484.000    478.430    -0.0812  28.680486    -0.0787  28.680566     4.7636     4.8235    -0.0173    95.0047 1.0000e-12  -74.17536 -113.34424  27.307940      90.08 5.9938e+01    499.053      11978  1029.8640  1029.8617    34.3266    34.3239    8.06510         23 0.0000e+00
    485.000    479.420    -0.0780  28.684631    -0.0759  28.684386     4.7604     4.8237    -0.0147    95.0022 1.0000e-12  -74.17536 -113.34424  27.307952     100.06 5.9938e+01    500.041      12002  1029.8696  1029.8673    34.3280    34.3254    8.06436         24 0.0000e+00
    486.000    480.405    -0.0752  28.688701    -0.0729  28.688557     4.7554     4.8194    -0.0079    95.0316 1.0000e-12  -74.17536 -113.34424  27.307963      99.86 5.9938e+01    501.032      12026  1029.8754  1029.8730    34.3297    34.3269    8.06368         24 0.0000e+00
    487.000    481.394    -0.0703  28.695363    -0.0676  28.695328     4.7525     4.8126    -0.0026    95.0195 1.0000e-12  -74.17536 -113.34424  27.307975      99.86 5.9938e+01    502.014      12049  1029.8818  1029.8793    34.3323    34.3294    8.06248         24 0.0000e+00
    488.000    482.380    -0.0630  28.703544    -0.0607  28.703273     4.7494     4.8061    -0.0104    95.0334 1.0000e-12  -74.17536 -113.34424  27.307986      99.86 5.9938e+01    502.980      12073  1029.8876  1029.8852    34.3345    34.3316    8.06083         23 0.0000e+00
    489.000    483.369    -0.0616  28.705553    -0.0589  28.705674     4.7498     4.8150    -0.0181    95.0348 1.0000e-12  -74.17536 -113.34424  27.307997      99.86 5.9938e+01    503.945      12096  1029.8927  1029.8903    34.3349    34.3321    8.06050         23 0.0000e+00
    490.000    484.356    -0.0605  28.707110    -0.0584  28.706736     4.7500     4.8173    -0.0119    95.0260 1.0000e-12  -74.17536 -113.34424  27.308008      99.86 5.9938e+01    504.902      12119  1029.8976  1029.8952    34.3352    34.3324    8.06027         23 0.0000e+00
    491.000    485.343    -0.0607  28.707289    -0.0584  28.707175     4.7456     4.8116    -0.0103    95.0105 1.0000e-12  -74.17536 -113.34424  27.308019      99.86 5.9938e+01    505.859      12142  1029.9022  1029.9000    34.3350    34.3324    8.06031         23 0.0000e+00
    492.000    486.329    -0.0603  28.707935    -0.0582  28.707827     4.7456     4.8068    -0.0052    95.0225 1.0000e-12  -74.17536 -113.34424  27.308030      99.86 5.9938e+01    506.828      12165  1029.9069  1029.9048    34.3349    34.3324    8.06024         23 0.0000e+00
    493.000    487.317    -0.0600  28.708804    -0.0583  28.708079     4.7454     4.8098    -0.0071    95.0312 1.0000e-12  -74.17536 -113.34424  27.308042      99.86 5.9938e+01    507.806      12188  1029.9118  1029.9094    34.3352    34.3323    8.06017         24 0.0000e+00
    494.000    488.305    -0.0601  28.709143    -0.0580  28.708785     4.7485     4.8094    -0.0105    95.0414 1.0000e-12  -74.17536 -113.34424  27.308053      99.86 5.9938e+01    508.774      12212  1029.9165  1029.9142    34.3351    34.3323    8.06018         23 0.0000e+00
    495.000    489.292    -0.0594  28.710428    -0.0573  28.710152     4.7462     4.8093    -0.0128    95.0215 1.0000e-12  -74.17536 -113.34424  27.308064      99.86 5.9938e+01    509.746      12235  1029.9215  1029.9192    34.3354    34.3327    8.06002         23 0.0000e+00
    496.000    490.279    -0.0579  28.712451    -0.0565  28.711464     4.7492     4.8071    -0.0102    95.0157 1.0000e-12  -74.17536 -113.34424  27.308075      99.86 5.9938e+01    510.722      12258  1029.9264  1029.9240    34.3358    34.3329    8.05967         23 0.0000e+00
    497.000    491.267    -0.0590  28.711611    -0.0570  28.711311     4.7418     4.8085    -0.0092    95.0119 1.0000e-12  -74.17536 -113.34424  27.308087      85.61 5.9938e+01    511.699      12282  1029.9309  1029.9287    34.3353    34.3327    8.05993         24 0.0000e+00
    498.000    492.254    -0.0580  28.713201    -0.0561  28.712682     4.7384     4.8037    -0.0101    94.9970 1.0000e-12  -74.17536 -113.34424  27.308098      98.29 5.9938e+01    512.680      12305  1029.9359  1029.9335    34.3358    34.3329    8.05971         24 0.0000e+00
    499.000    493.241    -0.0537  28.718621    -0.0514  28.718290     4.7360     4.8052    -0.0110    94.9790 1.0000e-12  -74.17536 -113.34424  27.308110      99.84 5.9938e+01    513.672      12329  1029.9416  1029.9390    34.3375    34.3345    8.05870         24 0.0000e+00
    500.000    494.228    -0.0505  28.722327    -0.0484  28.722069     4.7411     4.8020    -0.0169    94.9587 1.0000e-12  -74.17536 -113.34424  27.308121      99.86 5.9938e+01    514.664      12353  1029.9467  1029.9444    34.3383    34.3356    8.05799         23 0.0000e+00
    501.000    495.215    -0.0491  28.724468    -0.0469  28.724233     4.7368     4.8014    -0.0165    94.9777 1.0000e-12  -74.17536 -113.34424  27.308133      99.86 5.9938e+01    515.652      12377  1029.9519  1029.9495    34.3389    34.3361    8.05766         24 0.0000e+00
    502.000    496.204    -0.0485  28.725458    -0.0465  28.725239     4.7395     4.7997    -0.0099    94.9653 1.0000e-12  -74.17536 -113.34424  27.308144      99.87 5.9938e+01    516.637      12400  1029.9566  1029.9545    34.3390    34.3365    8.05753         23 0.0000e+00
    503.000    497.189    -0.0481  28.726268    -0.0460  28.726139     4.7408     4.8033    -0.0052    94.9713 1.0000e-12  -74.17536 -113.34424  27.308155      99.86 5.9938e+01    517.620      12424  1029.9614  1029.9592    34.3391    34.3365    8.05744         24 0.0000e+00
    504.000    498.177    -0.0481  28.726867    -0.0461  28.726568     4.7387     4.7983    -0.0103    94.9665 1.0000e-12  -74.17536 -113.34424  27.308167      99.86 5.9938e+01    518.594      12447  1029.9663  1029.9640    34.3392    34.3365    8.05743         23 0.0000e+00
    505.000    499.164    -0.0469  28.728638    -0.0440  28.729086     4.7357     4.7927    -0.0098    94.9375 1.0000e-12  -74.17536 -113.34424  27.308178      99.87 5.9938e+01    519.577      12471  1029.9713  1029.9688    34.3397    34.3369    8.05715         24 0.0000e+00
    506.000    500.153    -0.0459  28.730209    -0.0437  28.730053     4.7353     4.7986    -0.0110    94.9411 1.0000e-12  -74.17536 -113.34424  27.308189      99.86 5.9938e+01    520.553      12494  1029.9761  1029.9739    34.3399    34.3373    8.05691         24 0.0000e+00
    507.000    501.139    -0.0445  28.731963    -0.0422  28.731894     4.7310     4.7972    -0.0099    94.9341 1.0000e-12  -74.17536 -113.34424  27.308201      99.87 5.9938e+01    521.532      12518  1029.9809  1029.9787    34.3402    34.3375    8.05661         23 0.0000e+00
    508.000    502.125    -0.0438  28.732971    -0.0417  28.732769     4.7313     4.7859    -0.0099    94.9386 1.0000e-12  -74.17536 -113.34424  27.308212      99.86 5.9938e+01    522.512      12541  1029.9856  1029.9833    34.3401    34.3374    8.05647         23 0.0000e+00
    509.000    503.114    -0.0432  28.734066    -0.0413  28.733600     4.7346     4.7917    -0.0028    94.9132 1.0000e-12  -74.17536 -113.34424  27.308223      92.35 5.9938e+01    523.480      12565  1029.9904  1029.9881    34.3402    34.3375    8.05632         24 0.0000e+00
    510.000    504.101    -0.0429  28.734806    -0.0403  28.734997     4.7303     4.7970    -0.0079    94.8974 1.0000e-12  -74.17536 -113.34424  27.308234      80.13 5.9938e+01    524.441      12588  1029.9952  1029.9929    34.3403    34.3377    8.05626         23 0.0000e+00
    511.000    505.088    -0.0417  28.736421    -0.0394  28.736397     4.7340     4.7975     0.0036    94.9137 1.0000e-12  -74.17536 -113.34424  27.308245      97.17 5.9938e+01    525.406      12611  1029.9999  1029.9977    34.3405    34.3379    8.05600         23 0.0000e+00
    512.000    506.075    -0.0402  28.738459    -0.0384  28.737814     4.7388     4.7959     0.0012    94.9273 1.0000e-12  -74.17536 -113.34424  27.308257      99.40 5.9938e+01    526.369      12634  1030.0049  1030.0025    34.3410    34.3381    8.05566         23 0.0000e+00
    513.000    507.062    -0.0380  28.741086    -0.0359  28.740833     4.7302     4.7880    -0.0151    94.8992 1.0000e-12  -74.17536 -113.34424  27.308268      99.87 5.9938e+01    527.340      12657  1030.0099  1030.0075    34.3414    34.3387    8.05518         23 0.0000e+00
    514.000    508.050    -0.0377  28.741881    -0.0353  28.741967     4.7296     4.7877    -0.0089    94.9058 1.0000e-12  -74.17536 -113.34424  27.308279      99.87 5.9938e+01    528.321      12681  1030.0146  1030.0124    34.3415    34.3389    8.05510         24 0.0000e+00
    515.000    509.036    -0.0365  28.743531    -0.0343  28.743361     4.7322     4.7922    -0.0020    94.8951 1.0000e-12  -74.17536 -113.34424  27.308291      99.86 5.9938e+01    529.304      12704  1030.0194  1030.0172    34.3418    34.3391    8.05484         24 0.0000e+00
    516.000    510.024    -0.0360  28.744549    -0.0341  28.744213     4.7304     4.7949    -0.0032    94.8739 1.0000e-12  -74.17536 -113.34424  27.308302      99.87 5.9938e+01    530.281      12728  1030.0243  1030.0221    34.3420    34.3393    8.05472         23 0.0000e+00
    517.000    511.012    -0.0369  28.744216    -0.0350  28.743722     4.7324     4.7942    -0.0170    94.9028 1.0000e-12  -74.17536 -113.34424  27.308313      99.87 5.9938e+01    531.254      12751  1030.0292  1030.0268    34.3420    34.3392    8.05492         23 0.0000e+00
    518.000    511.997    -0.0349  28.746892    -0.0327  28.746594     4.7372     4.7949    -0.0111    94.8960 1.0000e-12  -74.17536 -113.34424  27.308324      99.86 5.9938e+01    532.229      12774  1030.0342  1030.0318    34.3426    34.3398    8.05445         24 0.0000e+00
    519.000    512.986    -0.0341  28.748134    -0.0315  28.748332     4.7401     4.7960    -0.0106    94.8893 1.0000e-12  -74.17536 -113.34424  27.308336      60.41 5.9938e+01    533.211      12798  1030.0390  1030.0368    34.3429    34.3402    8.05428         23 0.0000e+00
    520.000    513.974    -0.0308  28.752519    -0.0291  28.751771     4.7348     4.7967    -0.0145    94.9320 1.0000e-12  -74.17536 -113.34424  27.308347      87.92 5.9938e+01    534.201      12822  1030.0447  1030.0423    34.3444    34.3414    8.05350         24 0.0000e+00
    521.000    514.958    -0.0298  28.754263    -0.0276  28.754215     4.7336     4.7968    -0.0138    94.9315 1.0000e-12  -74.17536 -113.34424  27.308359      99.90 5.9938e+01    535.191      12846  1030.0499  1030.0477    34.3450    34.3424    8.05325         24 0.0000e+00
    522.000    515.947    -0.0284  28.756898    -0.0263  28.756673     4.7260     4.7964    -0.0112    94.9363 1.0000e-12  -74.17536 -113.34424  27.308370      99.86 5.9938e+01    536.171      12869  1030.0555  1030.0532    34.3462    34.3436    8.05287         23 0.0000e+00
    523.000    516.934    -0.0278  28.757837    -0.0258  28.757697     4.7328     4.7976    -0.0107    94.9326 1.0000e-12  -74.17536 -113.34424  27.308381      87.45 5.9938e+01    537.138      12892  1030.0603  1030.0581    34.3463    34.3438    8.05276         24 0.0000e+00
    524.000    517.920    -0.0275  28.758942    -0.0252  28.758799     4.7308     4.7976    -0.0107    94.9438 1.0000e-12  -74.17536 -113.34424  27.308392      89.64 5.9938e+01    538.096      12915  1030.0653  1030.0630    34.3467    34.3441    8.05266         22 0.0000e+00
    525.000    518.909    -0.0278  28.759039    -0.0256  28.758723     4.7312     4.7970    -0.0106    94.9362 1.0000e-12  -74.17536 -113.34424  27.308403      96.74 5.9938e+01    539.049      12938  1030.0700  1030.0676    34.3466    34.3438    8.05273         23 0.0000e+00
    526.000    519.895    -0.0267  28.760629    -0.0248  28.760181     4.7271     4.7969    -0.0104    94.9135 1.0000e-12  -74.17536 -113.34424  27.308414      99.81 5.9938e+01    540.010      12961  1030.0748  1030.0726    34.3469    34.3442    8.05248         24 0.0000e+00
    527.000    520.883    -0.0257  28.762120    -0.0236  28.761878     4.7277     4.7904    -0.0031    94.9271 1.0000e-12  -74.17536 -113.34424  27.308426      99.13 5.9938e+01    540.981      12985  1030.0797  1030.0774    34.3472    34.3445    8.05225         23 0.0000e+00
    528.000    521.870    -0.0210  28.767510    -0.0187  28.767384     4.7269     4.7871    -0.0067    94.9307 1.0000e-12  -74.17536 -113.34424  27.308437      98.60 5.9938e+01    541.949      13008  1030.0850  1030.0827    34.3484    34.3458    8.05119         23 0.0000e+00
    529.000    522.858    -0.0160  28.772720    -0.0137  28.772785     4.7295     4.7915    -0.0119    94.9195 1.0000e-12  -74.17536 -113.34424  27.308448      97.61 5.9938e+01    542.922      13031  1030.0899  1030.0877    34.3492    34.3467    8.05011         23 0.0000e+00
    530.000    523.842    -0.0119  28.776965    -0.0093  28.777106     4.7313     4.7892    -0.0060    94.9184 1.0000e-12  -74.17536 -113.34424  27.308459      96.57 5.9938e+01    543.894      13054  1030.0947  1030.0923    34.3496    34.3469    8.04922         23 0.0000e+00
