ocean_section_plots/required_files/ctd/dnbp2202_ctd032.cnv
* Sea-Bird SBE 9 Data File:
* FileName = D:\Data\raw\NBP2202_CTD032.hex
* Software Version Seasave V 7.26.7.121
* Temperature SN = 1649
* Conductivity SN = 2513
* Number of Bytes Per Scan = 40
* Number of Voltage Words = 5
* Number of Scans Averaged by the Deck Unit = 1
* NMEA Latitude = 74 13.00 S
* NMEA Longitude = 111 52.07 W
* NMEA UTC (Time) = Jan 21 2022  13:57:39
* NMEA baud rate = 9600
** Ship: RVIB N.B. Palmer
** Cruise: NBP2202 Thwaites
** Station: 19
** Operator: B. Bjork
# nquan = 25
# nvalues = 166                         
# units = specified
# name 0 = prDM: Pressure, Digiquartz [db]
# name 1 = depSM: Depth [salt water, m]
# name 2 = t090C: Temperature [ITS-90, deg C]
# name 3 = c0mS/cm: Conductivity [mS/cm]
# name 4 = t190C: Temperature, 2 [ITS-90, deg C]
# name 5 = c1mS/cm: Conductivity, 2 [mS/cm]
# name 6 = sbeox0ML/L: Oxygen, SBE 43 [ml/l]
# name 7 = sbeox1ML/L: Oxygen, SBE 43, 2 [ml/l]
# name 8 = flECO-AFL: Fluorescence, WET Labs ECO-AFL/FL [mg/m^3]
# name 9 = CStarTr0: Beam Transmission, WET Labs C-Star [%]
# name 10 = par: PAR/Irradiance, Biospherical/Licor
# name 11 = latitude: Latitude [deg]
# name 12 = longitude: Longitude [deg]
# name 13 = timeJ: Julian Days
# name 14 = altM: Altimeter [m]
# name 15 = spar: SPAR, Biospherical/Licor
# name 16 = timeS: Time, Elapsed [seconds]
# name 17 = scan: Scan Count
# name 18 = density00: Density [density, kg/m^3]
# name 19 = density11: Density, 2 [density, kg/m^3]
# name 20 = sal00: Salinity, Practical [PSU]
# name 21 = sal11: Salinity, Practical, 2 [PSU]
# name 22 = oxsolML/L: Oxygen Saturation, Garcia & Gordon [ml/l]
# name 23 = nbin: number of scans per bin
# name 24 = flag: flag
# span 0 =      2.000,    167.000       
# span 1 =      1.976,    165.206       
# span 2 =    -1.3947,    -1.1279       
# span 3 =  27.117112,  27.188322       
# span 4 =    -1.3941,    -1.1299       
# span 5 =  27.116892,  27.188375       
# span 6 =     6.2534,     8.0578       
# span 7 =     6.5892,     8.4070       
# span 8 =     0.9306,    16.9315       
# span 9 =    75.7180,    95.0950       
# span 10 = 1.0000e-12, 1.0294e+02      
# span 11 =  -74.21670,  -74.21670      
# span 12 = -111.86800, -111.86796      
# span 13 =  21.585221,  21.588484      
# span 14 =       7.03,      99.63      
# span 15 = 1.6693e+03, 1.6788e+03      
# span 16 =    304.075,    586.034      
# span 17 =       7299,      14066      
# span 18 =  1027.1725,  1028.1215      
# span 19 =  1027.1751,  1028.1204      
# span 20 =    33.7720,    33.9539      
# span 21 =    33.7752,    33.9528      
# span 22 =    8.32365,    8.37308      
# span 23 =         17,         56      
# span 24 = 0.0000e+00, 0.0000e+00      
# interval = decibars: 1                
# start_time = Jan 21 2022 13:57:39 [NMEA time, header]
# bad_flag = -9.990e-29
*END*
[from data line 58]
     60.000     59.371    -1.1808  27.173963    -1.1811  27.174026     7.7424     8.1766    13.9831    80.2287 1.0000e-12  -74.21670 -111.86796  21.586647      99.47 1.6717e+03    427.323      10257  1027.4684  1027.4687    33.7915    33.7918    8.33444         36 0.0000e+00
     61.000     60.361    -1.1754  27.180125    -1.1755  27.180374     7.7417     8.1768    14.3045    78.8762 1.0000e-12  -74.21670 -111.86796  21.586671      99.49 1.6732e+03    429.390      10306  1027.4743  1027.4746    33.7932    33.7936    8.33313         36 0.0000e+00
     62.000     61.348    -1.1754  27.180706    -1.1758  27.180615     7.7347     8.1764    12.5850    79.5554 1.0000e-12  -74.21670 -111.86796  21.586695      99.37 1.6727e+03    431.456      10356  1027.4793  1027.4796    33.7933    33.7937    8.33312         44 0.0000e+00
     63.000     62.338    -1.1762  27.180634    -1.1763  27.180715     7.7304     8.1672    12.2981    79.8106 1.0000e-12  -74.21670 -111.86796  21.586719      99.52 1.6725e+03    433.512      10405  1027.4843  1027.4846    33.7935    33.7938    8.33328         42 0.0000e+00
     64.000     63.327    -1.1771  27.180554    -1.1777  27.180299     7.7316     8.1611    13.5757    79.1927 1.0000e-12  -74.21670 -111.86796  21.586742      99.44 1.6727e+03    435.543      10454  1027.4894  1027.4897    33.7938    33.7941    8.33347         45 0.0000e+00
     65.000     64.316    -1.1772  27.180964    -1.1778  27.180622     7.7338     8.1619    13.5656    78.9176 1.0000e-12  -74.21670 -111.86796  21.586766      99.37 1.6712e+03    437.588      10503  1027.4944  1027.4945    33.7939    33.7941    8.33350         47 0.0000e+00
     66.000     65.306    -1.1767  27.181776    -1.1769  27.181653     7.7298     8.1662    12.9992    79.1104 1.0000e-12  -74.21670 -111.86796  21.586790      96.23 1.6717e+03    439.619      10552  1027.4991  1027.4991    33.7938    33.7938    8.33338         40 0.0000e+00
     67.000     66.296    -1.1773  27.181535    -1.1777  27.181287     7.7228     8.1632    12.1028    79.4849 1.0000e-12  -74.21670 -111.86796  21.586813      99.51 1.6735e+03    441.633      10600  1027.5037  1027.5038    33.7935    33.7937    8.33353         47 0.0000e+00
     68.000     67.285    -1.1788  27.180819    -1.1791  27.180631     7.7214     8.1628    14.0526    79.7966 1.0000e-12  -74.21670 -111.86796  21.586837      99.44 1.6756e+03    443.697      10650  1027.5087  1027.5088    33.7935    33.7937    8.33386         41 0.0000e+00
     69.000     68.275    -1.1786  27.180714    -1.1790  27.180607     7.7303     8.1691    13.9215    80.5660 1.0000e-12  -74.21670 -111.86796  21.586861      99.39 1.6758e+03    445.795      10700  1027.5127  1027.5129    33.7926    33.7929    8.33388         45 0.0000e+00
     70.000     69.263    -1.1777  27.182262    -1.1781  27.181926     7.7308     8.1705    12.9851    80.1355 1.0000e-12  -74.21670 -111.86796  21.586885      99.60 1.6765e+03    447.905      10751  1027.5178  1027.5178    33.7931    33.7930    8.33365         42 0.0000e+00
     71.000     70.253    -1.1767  27.183654    -1.1771  27.183322     7.7320     8.1647    12.9712    80.2377 1.0000e-12  -74.21670 -111.86796  21.586910      99.39 1.6775e+03    449.993      10801  1027.5227  1027.5227    33.7933    33.7933    8.33342         46 0.0000e+00
     72.000     71.243    -1.1767  27.184212    -1.1772  27.183874     7.7364     8.1657    12.5899    80.0192 1.0000e-12  -74.21670 -111.86796  21.586933      98.14 1.6788e+03    452.017      10849  1027.5275  1027.5276    33.7933    33.7934    8.33340         36 0.0000e+00
     73.000     72.232    -1.1766  27.184733    -1.1766  27.184722     7.7421     8.1682    11.4833    78.4991 1.0000e-12  -74.21670 -111.86796  21.586956      99.63 1.6786e+03    454.027      10898  1027.5323  1027.5323    33.7933    33.7933    8.33338         35 0.0000e+00
     74.000     73.222    -1.1758  27.185864    -1.1759  27.185707     7.7374     8.1641    11.4502    80.0732 1.0000e-12  -74.21670 -111.86796  21.586979      99.42 1.6781e+03    456.023      10946  1027.5371  1027.5371    33.7934    33.7933    8.33321         38 0.0000e+00
     75.000     74.210    -1.1755  27.186516    -1.1756  27.186271     7.7416     8.1660    13.2647    79.1521 1.0000e-12  -74.21670 -111.86796  21.587002      97.91 1.6778e+03    457.972      10992  1027.5418  1027.5417    33.7933    33.7931    8.33314         46 0.0000e+00
     76.000     75.199    -1.1752  27.187244    -1.1754  27.187053     7.7330     8.1636    13.6145    79.0715 1.0000e-12  -74.21670 -111.86796  21.587025      99.36 1.6768e+03    459.921      11039  1027.5467  1027.5466    33.7933    33.7933    8.33307         40 0.0000e+00
     77.000     76.188    -1.1750  27.187924    -1.1751  27.187723     7.7363     8.1667    12.8129    78.6835 1.0000e-12  -74.21670 -111.86796  21.587047      99.44 1.6764e+03    461.893      11086  1027.5516  1027.5515    33.7934    33.7933    8.33303         44 0.0000e+00
     78.000     77.179    -1.1758  27.187995    -1.1757  27.187942     7.7254     8.1543    12.8495    79.5710 1.0000e-12  -74.21670 -111.86796  21.587070      98.93 1.6749e+03    463.868      11134  1027.5567  1027.5566    33.7938    33.7937    8.33319         42 0.0000e+00
     79.000     78.168    -1.1760  27.188322    -1.1757  27.188375     7.6830     8.1047    13.0190    79.2299 1.0000e-12  -74.21670 -111.86798  21.587093      97.66 1.6745e+03    465.814      11181  1027.5616  1027.5614    33.7939    33.7936    8.33323         43 0.0000e+00
     80.000     79.156    -1.1875  27.182927    -1.1911  27.181043     7.6861     8.1028    12.3549    79.4353 1.0000e-12  -74.21670 -111.86798  21.587116      96.89 1.6742e+03    467.805      11228  1027.5712  1027.5726    33.7989    33.8003    8.33550         35 0.0000e+00
     81.000     80.146    -1.1796  27.187330    -1.1806  27.186619     7.6831     8.1192    12.1593    78.3465 1.0000e-12  -74.21670 -111.86798  21.587139      95.69 1.6740e+03    469.850      11277  1027.5725  1027.5727    33.7953    33.7955    8.33393         42 0.0000e+00
     82.000     81.135    -1.1852  27.184708    -1.1836  27.185634     7.6448     8.0946    13.8374    78.9391 1.0000e-12  -74.21670 -111.86798  21.587162      94.66 1.6751e+03    471.815      11325  1027.5794  1027.5788    33.7975    33.7968    8.33507         40 0.0000e+00
     83.000     82.125    -1.1911  27.182244    -1.1888  27.183373     7.6693     8.0951    15.0848    78.4546 1.0000e-12  -74.21670 -111.86799  21.587185      93.67 1.6735e+03    473.771      11372  1027.5866  1027.5857    33.8001    33.7991    8.33622         44 0.0000e+00
     84.000     83.113    -1.1866  27.185146    -1.1872  27.184638     7.6583     8.0795    13.8028    78.5053 1.0000e-12  -74.21670 -111.86800  21.587208      92.38 1.6738e+03    475.785      11420  1027.5897  1027.5897    33.7983    33.7983    8.33532         45 0.0000e+00
     85.000     84.103    -1.1904  27.183867    -1.1924  27.182560     7.6276     8.0485    13.2001    78.7768 1.0000e-12  -74.21670 -111.86800  21.587230      91.77 1.6724e+03    477.698      11466  1027.5963  1027.5967    33.8003    33.8007    8.33606         38 0.0000e+00
     86.000     85.092    -1.1938  27.182335    -1.1947  27.181943     7.5594     7.9924    11.6331    78.3509 1.0000e-12  -74.21670 -111.86800  21.587252      90.71 1.6726e+03    479.591      11511  1027.6022  1027.6026    33.8014    33.8019    8.33675         44 0.0000e+00
     87.000     86.081    -1.2074  27.176316    -1.2064  27.176654     7.4974     7.9335    14.1146    79.4707 1.0000e-12  -74.21670 -111.86800  21.587275      89.78 1.6712e+03    481.545      11558  1027.6130  1027.6123    33.8079    33.8071    8.33941         45 0.0000e+00
     88.000     87.071    -1.2143  27.173639    -1.2152  27.172973     7.4803     7.9022    12.0646    80.1244 1.0000e-12  -74.21670 -111.86800  21.587298      88.61 1.6711e+03    483.514      11605  1027.6209  1027.6211    33.8114    33.8115    8.34073         43 0.0000e+00
     89.000     88.059    -1.2163  27.173025    -1.2155  27.173270     7.4748     7.8838    10.4172    79.3973 1.0000e-12  -74.21670 -111.86800  21.587317      87.71 1.6717e+03    485.206      11646  1027.6264  1027.6259    33.8122    33.8116    8.34113         32 0.0000e+00
     90.000     89.049    -1.2150  27.174046    -1.2159  27.173612     7.4324     7.8418     9.7273    80.8133 1.0000e-12  -74.21670 -111.86800  21.587332      86.80 1.6718e+03    486.466      11676  1027.6305  1027.6308    33.8115    33.8118    8.34088         31 0.0000e+00
     91.000     90.038    -1.2229  27.170747    -1.2248  27.169699     7.3231     7.7335     9.8014    80.2317 1.0000e-12  -74.21670 -111.86800  21.587347      85.92 1.6723e+03    487.738      11707  1027.6387  1027.6395    33.8153    33.8160    8.34242         31 0.0000e+00
     92.000     91.027    -1.2374  27.163523    -1.2369  27.163824     7.1311     7.5511    10.0952    80.2635 1.0000e-12  -74.21670 -111.86800  21.587361      84.78 1.6715e+03    489.032      11738  1027.6491  1027.6489    33.8211    33.8209    8.34531         31 0.0000e+00
     93.000     92.017    -1.2618  27.150040    -1.2653  27.148796     6.9237     7.3608    11.0341    81.8082 1.0000e-12  -74.21670 -111.86800  21.587377      83.82 1.6718e+03    490.358      11770  1027.6622  1027.6642    33.8296    33.8318    8.35027         32 0.0000e+00
     94.000     93.005    -1.3014  27.132112    -1.3019  27.132105     6.8087     7.2408     9.6914    81.0109 1.0000e-12  -74.21670 -111.86800  21.587392      82.79 1.6718e+03    491.674      11801  1027.6850  1027.6855    33.8491    33.8497    8.35796         31 0.0000e+00
     95.000     93.996    -1.3129  27.127581    -1.3137  27.127356     6.7354     7.1571     8.4963    83.2429 1.0000e-12  -74.21670 -111.86800  21.587407      81.96 1.6714e+03    492.958      11832  1027.6952  1027.6956    33.8553    33.8559    8.36018         31 0.0000e+00
     96.000     94.985    -1.3242  27.123435    -1.3246  27.123376     6.6852     7.0908     7.0000    84.0389 1.0000e-12  -74.21670 -111.86800  21.587422      80.93 1.6740e+03    494.222      11862  1027.7056  1027.7059    33.8618    33.8622    8.36232         30 0.0000e+00
     97.000     95.972    -1.3374  27.119704    -1.3379  27.119480     6.6581     7.0594     6.5896    84.4035 1.0000e-12  -74.21670 -111.86800  21.587436      79.56 1.6729e+03    495.486      11893  1027.7183  1027.7185    33.8710    33.8712    8.36474         30 0.0000e+00
     98.000     96.963    -1.3417  27.119037    -1.3419  27.118903     6.6477     7.0320     5.5690    83.5409 1.0000e-12  -74.21670 -111.86800  21.587451      78.90 1.6746e+03    496.752      11923  1027.7257  1027.7258    33.8743    33.8743    8.36550         31 0.0000e+00
     99.000     97.952    -1.3449  27.119504    -1.3450  27.119602     6.6231     7.0066     6.3283    85.6026 1.0000e-12  -74.21670 -111.86800  21.587465      77.58 1.6749e+03    497.994      11953  1027.7334  1027.7336    33.8780    33.8782    8.36600         29 0.0000e+00
    100.000     98.941    -1.3480  27.119593    -1.3490  27.119240     6.5948     6.9795     4.7123    86.0201 1.0000e-12  -74.21670 -111.86800  21.587479      76.87 1.6740e+03    499.196      11982  1027.7406  1027.7412    33.8810    33.8817    8.36652         28 0.0000e+00
    101.000     99.931    -1.3519  27.118690    -1.3524  27.118453     6.5734     6.9493     3.8310    87.0140 1.0000e-12  -74.21670 -111.86800  21.587493      75.82 1.6755e+03    500.376      12010  1027.7475  1027.7477    33.8835    33.8838    8.36724         29 0.0000e+00
    102.000    100.919    -1.3556  27.117828    -1.3563  27.117582     6.5576     6.9210     4.0010    86.9216 1.0000e-12  -74.21670 -111.86800  21.587507      74.79 1.6770e+03    501.575      12039  1027.7543  1027.7546    33.8860    33.8863    8.36793         29 0.0000e+00
    103.000    101.908    -1.3580  27.117402    -1.3587  27.117209     6.5520     6.9107     3.5683    88.3997 1.0000e-12  -74.21670 -111.86800  21.587521      73.77 1.6771e+03    502.785      12068  1027.7603  1027.7606    33.8875    33.8879    8.36839         29 0.0000e+00
    104.000    102.897    -1.3606  27.117112    -1.3611  27.116892     6.5598     6.9148     3.2887    89.2288 1.0000e-12  -74.21670 -111.86800  21.587535      72.58 1.6760e+03    503.985      12097  1027.7665  1027.7668    33.8893    33.8896    8.36884         28 0.0000e+00
    105.000    103.887    -1.3585  27.118411    -1.3586  27.118377     6.5542     6.9092     3.1122    89.8575 1.0000e-12  -74.21670 -111.86800  21.587548      71.46 1.6755e+03    505.167      12125  1027.7701  1027.7702    33.8881    33.8882    8.36844         28 0.0000e+00
    106.000    104.875    -1.3596  27.118596    -1.3591  27.118652     6.5368     6.9000     3.0494    90.3241 1.0000e-12  -74.21670 -111.86800  21.587562      70.65 1.6767e+03    506.329      12153  1027.7756  1027.7752    33.8890    33.8885    8.36864         28 0.0000e+00
    107.000    105.865    -1.3612  27.118524    -1.3610  27.118458     6.5243     6.8873     3.0454    90.3497 1.0000e-12  -74.21670 -111.86800  21.587575      69.31 1.6753e+03    507.485      12181  1027.7812  1027.7810    33.8901    33.8898    8.36894         28 0.0000e+00
    108.000    106.854    -1.3631  27.118301    -1.3630  27.118171     6.5183     6.8798     3.2198    90.7721 1.0000e-12  -74.21670 -111.86799  21.587589      68.38 1.6740e+03    508.657      12209  1027.7870  1027.7869    33.8913    33.8911    8.36929         28 0.0000e+00
    109.000    107.843    -1.3638  27.118375    -1.3632  27.118480     6.5190     6.8707     2.9800    91.1482 1.0000e-12  -74.21670 -111.86798  21.587602      67.47 1.6760e+03    509.852      12237  1027.7920  1027.7916    33.8915    33.8911    8.36943         30 0.0000e+00
    110.000    108.833    -1.3647  27.118626    -1.3652  27.118300     6.5076     6.8559     2.8020    91.6015 1.0000e-12  -74.21670 -111.86798  21.587616      66.52 1.6761e+03    511.037      12266  1027.7974  1027.7976    33.8923    33.8925    8.36959         28 0.0000e+00
    111.000    109.822    -1.3663  27.118411    -1.3664  27.118216     6.4987     6.8450     2.4583    91.1941 1.0000e-12  -74.21670 -111.86798  21.587630      65.49 1.6757e+03    512.231      12295  1027.8030  1027.8029    33.8933    33.8931    8.36990         29 0.0000e+00
    112.000    110.811    -1.3667  27.118889    -1.3668  27.118703     6.4944     6.8370     2.4357    91.8262 1.0000e-12  -74.21670 -111.86798  21.587644      64.55 1.6766e+03    513.423      12323  1027.8081  1027.8080    33.8937    33.8935    8.36996         28 0.0000e+00
    113.000    111.800    -1.3669  27.119482    -1.3673  27.119136     6.4757     6.8279     2.9833    91.8643 1.0000e-12  -74.21670 -111.86798  21.587658      63.40 1.6772e+03    514.608      12352  1027.8132  1027.8133    33.8942    33.8941    8.36998         28 0.0000e+00
    114.000    112.789    -1.3689  27.119487    -1.3680  27.119630     6.4502     6.7997     2.7285    91.9809 1.0000e-12  -74.21670 -111.86798  21.587671      62.30 1.6785e+03    515.789      12380  1027.8194  1027.8187    33.8958    33.8950    8.37033         29 0.0000e+00
    115.000    113.777    -1.3717  27.118860    -1.3706  27.119054     6.4194     6.7663     3.2318    92.2801 1.0000e-12  -74.21670 -111.86798  21.587685      61.77 1.6773e+03    516.977      12408  1027.8257  1027.8249    33.8974    33.8965    8.37085         28 0.0000e+00
    116.000    114.768    -1.3759  27.117835    -1.3761  27.117704     6.3953     6.7464     2.2142    92.1744 1.0000e-12  -74.21670 -111.86798  21.587699      60.25 1.6771e+03    518.161      12437  1027.8329  1027.8330    33.9002    33.9002    8.37164         29 0.0000e+00
