ocean_section_plots/required_files/ctd/dnbp2202_ctd252.cnv
* Sea-Bird SBE 9 Data File:
* FileName = D:\Data\raw\NBP2202_CTD252.hex
* Software Version Seasave V 7.26.7.121
* Temperature SN = 1649
* Conductivity SN = 2513
* Number of Bytes Per Scan = 40
* Number of Voltage Words = 5
* Number of Scans Averaged by the Deck Unit = 1
* NMEA Latitude = 74 01.28 S
* NMEA Longitude = 118 06.34 W
* NMEA UTC (Time) = Feb 15 2022  15:37:21
* NMEA baud rate = 9600
** Ship: RVIB N.B. Palmer
** Cruise: NBP2202 Thwaites
** Station: 160
** Operator: A. Robinson
# nquan = 28
# nvalues = 942                         
# units = specified
# name 0 = prDM: Pressure, Digiquartz [db]
# name 1 = depSM: Depth [salt water, m]
# name 2 = t090C: Temperature [ITS-90, deg C]
# name 3 = c0mS/cm: Conductivity [mS/cm]
# name 4 = t190C: Temperature, 2 [ITS-90, deg C]
# name 5 = c1mS/cm: Conductivity, 2 [mS/cm]
# name 6 = sbeox0ML/L: Oxygen, SBE 43 [ml/l]
# name 7 = sbeox1ML/L: Oxygen, SBE 43, 2 [ml/l]
# name 8 = flECO-AFL: Fluorescence, WET Labs ECO-AFL/FL [mg/m^3]
# name 9 = CStarTr0: Beam Transmission, WET Labs C-Star [%]
# name 10 = par: PAR/Irradiance, Biospherical/Licor
# name 11 = latitude: Latitude [deg]
# name 12 = longitude: Longitude [deg]
# name 13 = timeJ: Julian Days
# name 14 = altM: Altimeter [m]
# name 15 = spar: SPAR, Biospherical/Licor
# name 16 = timeS: Time, Elapsed [seconds]
# name 17 = scan: Scan Count
# name 18 = density00: Density [density, kg/m^3]
# name 19 = density11: Density, 2 [density, kg/m^3]
# name 20 = v3: Voltage 3
# name 21 = v4: Voltage 4
# name 22 = v5: Voltage 5
# name 23 = sal00: Salinity, Practical [PSU]
# name 24 = sal11: Salinity, Practical, 2 [PSU]
# name 25 = oxsolML/L: Oxygen Saturation, Garcia & Gordon [ml/l]
# name 26 = nbin: number of scans per bin
# name 27 = flag: flag
# span 0 =      2.000,    943.000       
# span 1 =      2.033,    931.124       
# span 2 =    -1.7425,     0.6536       
# span 3 =  26.928522,  29.687633       
# span 4 =    -1.7428,     0.6567       
# span 5 =  26.928410,  29.687924       
# span 6 =     4.6260,     9.0789       
# span 7 =     4.7621,     9.4409       
# span 8 =    -0.0148,    13.2695       
# span 9 =    84.7901,    97.2294       
# span 10 = -3.373e-06, 2.2849e+02      
# span 11 =  -74.02146,  -74.02097      
# span 12 = -118.10576, -118.09998      
# span 13 =  46.653259,  46.668039      
# span 14 =       1.68,      99.73      
# span 15 = 4.5478e+02, 5.4892e+02      
# span 16 =    200.553,   1477.602      
# span 17 =       4814,      35463      
# span 18 =  1027.1831,  1032.1475      
# span 19 =  1027.1864,  1032.1449      
# span 20 =     4.0226,     4.6124      
# span 21 =     0.0672,     2.0630      
# span 22 =     0.1038,     0.1845      
# span 23 =    33.8240,    34.5625      
# span 24 =    33.8300,    34.5598      
# span 25 =    7.89969,    8.44845      
# span 26 =          2,         49      
# span 27 = 0.0000e+00, 0.0000e+00      
# interval = decibars: 1                
# start_time = Feb 15 2022 15:37:21 [NMEA time, header]
# bad_flag = -9.990e-29
*END*
[from data line 933]
    935.000    923.251     0.6527  29.683833     0.6555  29.684105     4.6508     4.7742     0.0363    96.9098 1.0000e-12  -74.02100 -118.10057  46.667010      12.43 5.4120e+02   1388.681      33329  1032.1107  1032.1083     4.5973     0.0730     0.1128    34.5622    34.5596    7.89987         33 0.0000e+00
    936.000    924.238     0.6533  29.684834     0.6567  29.685664     4.6525     4.7694     0.0231    97.0250 1.0000e-12  -74.02100 -118.10052  46.667055      11.65 5.4120e+02   1392.554      33422  1032.1153  1032.1129     4.6028     0.0711     0.1124    34.5623    34.5597    7.89975         32 0.0000e+00
    937.000    925.221     0.6532  29.685314     0.6559  29.685384     4.6410     4.7728     0.0315    97.0250 1.0000e-12  -74.02100 -118.10049  46.667083      10.70 5.4136e+02   1394.994      33481  1032.1201  1032.1176     4.6027     0.0710     0.1133    34.5625    34.5596    7.89976         37 0.0000e+00
    938.000    926.206     0.6528  29.685121     0.6554  29.685223     4.6460     4.7709     0.0242    97.0157 1.0000e-12  -74.02100 -118.10046  46.667124       9.69 5.4145e+02   1398.530      33566  1032.1245  1032.1221     4.6024     0.0735     0.1146    34.5621    34.5594    7.89986         36 0.0000e+00
    939.000    927.192     0.6533  29.686032     0.6559  29.686333     4.6480     4.7738     0.0314    96.9832 1.0000e-12  -74.02100 -118.10042  46.667169       8.75 5.4207e+02   1402.434      33659  1032.1292  1032.1269     4.6008     0.0762     0.1349    34.5622    34.5597    7.89976         37 0.0000e+00
    940.000    928.180     0.6534  29.686760     0.6561  29.686954     4.6390     4.7621     0.0253    97.0265 1.0000e-12  -74.02100 -118.10039  46.667205       7.56 5.4299e+02   1405.475      33732  1032.1340  1032.1316     4.6028     0.0733     0.1160    34.5625    34.5597    7.89972         32 0.0000e+00
    941.000    929.164     0.6536  29.687200     0.6562  29.687469     4.6475     4.7671     0.0266    97.0511 1.0000e-12  -74.02100 -118.10036  46.667235       6.52 5.4297e+02   1408.098      33795  1032.1385  1032.1363     4.6040     0.0735     0.1114    34.5623    34.5598    7.89970         38 0.0000e+00
    942.000    930.145     0.6536  29.687633     0.6562  29.687924     4.6465     4.7711     0.0347    96.9793 1.0000e-12  -74.02099 -118.10030  46.667345       4.77 5.4373e+02   1417.635      34024  1032.1431  1032.1409     4.6005     0.0721     0.1136    34.5622    34.5597    7.89969         29 0.0000e+00
    943.000    931.124     0.6510  29.685337     0.6544  29.685998     4.6371     4.7717     0.1346    97.0620 1.0000e-12  -74.02097 -118.09998  46.668039       1.68 5.4892e+02   1477.602      35463  1032.1475  1032.1449     4.6047     0.0715     0.1205    34.5616    34.5587    7.90026         11 0.0000e+00
