ocean_section_plots/required_files/ctd/dnbp2202_ctd292.cnv
* Sea-Bird SBE 9 Data File:
* FileName = D:\Data\raw\NBP2202_CTD292.hex
* Software Version Seasave V 7.26.7.121
* Temperature SN = 1649
* Conductivity SN = 2513
* Number of Bytes Per Scan = 40
* Number of Voltage Words = 5
* Number of Scans Averaged by the Deck Unit = 1
* NMEA Latitude = 73 48.68 S
* NMEA Longitude = 112 45.72 W
* NMEA UTC (Time) = Feb 23 2022  22:53:07
* NMEA baud rate = 9600
** Ship: RVIB N.B. Palmer
** Cruise: NBP2202 Thwaites
** Station: 194
** Operator: A. Robinson
# nquan = 28
# nvalues = 794                         
# units = specified
# name 0 = prDM: Pressure, Digiquartz [db]
# name 1 = depSM: Depth [salt water, m]
# name 2 = t090C: Temperature [ITS-90, deg C]
# name 3 = c0mS/cm: Conductivity [mS/cm]
# name 4 = t190C: Temperature, 2 [ITS-90, deg C]
# name 5 = c1mS/cm: Conductivity, 2 [mS/cm]
# name 6 = sbeox0ML/L: Oxygen, SBE 43 [ml/l]
# name 7 = sbeox1ML/L: Oxygen, SBE 43, 2 [ml/l]
# name 8 = flECO-AFL: Fluorescence, WET Labs ECO-AFL/FL [mg/m^3]
# name 9 = CStarTr0: Beam Transmission, WET Labs C-Star [%]
# name 10 = par: PAR/Irradiance, Biospherical/Licor
# name 11 = latitude: Latitude [deg]
# name 12 = longitude: Longitude [deg]
# name 13 = timeJ: Julian Days
# name 14 = altM: Altimeter [m]
# name 15 = spar: SPAR, Biospherical/Licor
# name 16 = timeS: Time, Elapsed [seconds]
# name 17 = scan: Scan Count
# name 18 = density00: Density [density, kg/m^3]
# name 19 = density11: Density, 2 [density, kg/m^3]
# name 20 = v3: Voltage 3
# name 21 = v4: Voltage 4
# name 22 = v5: Voltage 5
# name 23 = sal00: Salinity, Practical [PSU]
# name 24 = sal11: Salinity, Practical, 2 [PSU]
# name 25 = oxsolML/L: Oxygen Saturation, Garcia & Gordon [ml/l]
# name 26 = nbin: number of scans per bin
# name 27 = flag: flag
# span 0 =      2.000,    795.000       
# span 1 =      1.980,    785.278       
# span 2 =    -1.4803,     0.6387       
# span 3 =  26.942102,  29.631119       
# span 4 =    -1.4806,     0.6411       
# span 5 =  26.943647,  29.631867       
# span 6 =     4.5143,     8.7404       
# span 7 =     4.6273,     8.4615       
# span 8 =    -0.0007,    15.0141       
# span 9 =    83.0324,    97.6292       
# span 10 = -3.916e-06, 1.5319e+02      
# span 11 =  -73.81140,  -73.81138      
# span 12 = -112.76204, -112.76198      
# span 13 =  54.956199,  54.968064      
# span 14 =       1.28,     100.34      
# span 15 = 2.4680e+02, 2.9509e+02      
# span 16 =    228.564,   1253.703      
# span 17 =       5487,      30090      
# span 18 =  1027.1425,  1031.4803      
# span 19 =  1027.1451,  1031.4788      
# span 20 =     3.9402,     4.6314      
# span 21 =     0.0688,     2.4418      
# span 22 =     0.1168,     0.1949      
# span 23 =    33.7192,    34.5885      
# span 24 =    33.7240,    34.5869      
# span 25 =    7.90128,    8.39510      
# span 26 =         23,         52      
# span 27 = 0.0000e+00, 0.0000e+00      
# interval = decibars: 1                
# start_time = Feb 23 2022 22:53:07 [NMEA time, header]
# bad_flag = -9.990e-29
*END*
[from data line 467]
    469.000    463.629     0.0824  28.856796     0.0847  28.857259     4.7241     4.8586     0.0727    97.4298 1.0000e-12  -73.81140 -112.76202  54.963068      56.44 2.5914e+02    822.089      19731  1029.8296  1029.8279     4.6219     0.0779     0.1232    34.3854    34.3835    8.02743         29 0.0000e+00
    470.000    464.615     0.0881  28.863700     0.0906  28.864360     4.7246     4.8480     0.0505    97.4435 1.0000e-12  -73.81140 -112.76202  54.963082     100.06 2.5914e+02    823.256      19759  1029.8356  1029.8338     4.6226     0.0785     0.1269    34.3876    34.3856    8.02612         27 0.0000e+00
    471.000    465.605     0.0892  28.865135     0.0914  28.865478     4.7251     4.8519     0.0507    97.4516 1.0000e-12  -73.81140 -112.76202  54.963095      99.83 2.5914e+02    824.416      19787  1029.8402  1029.8386     4.6230     0.0800     0.1256    34.3876    34.3857    8.02588         29 0.0000e+00
    472.000    466.591     0.0896  28.865907     0.0916  28.866193     4.7279     4.8551     0.0641    97.4429 1.0000e-12  -73.81140 -112.76202  54.963109      99.83 2.5991e+02    825.650      19817  1029.8450  1029.8434     4.6225     0.0788     0.1255    34.3876    34.3858    8.02580         30 0.0000e+00
    473.000    467.579     0.0913  28.868232     0.0937  28.869007     4.7221     4.8537     0.0521    97.3804 1.0000e-12  -73.81140 -112.76202  54.963123      99.83 2.6009e+02    826.867      19846  1029.8501  1029.8485     4.6196     0.0806     0.1257    34.3882    34.3865    8.02542         28 0.0000e+00
    474.000    468.566     0.0974  28.875422     0.0998  28.875907     4.7231     4.8498     0.0480    97.4272 1.0000e-12  -73.81140 -112.76202  54.963137      99.82 2.6022e+02    828.025      19874  1029.8559  1029.8541     4.6218     0.1065     0.1242    34.3903    34.3882    8.02402         28 0.0000e+00
    475.000    469.552     0.0989  28.877352     0.1011  28.877758     4.7255     4.8516     0.0397    97.4643 1.0000e-12  -73.81140 -112.76202  54.963150      99.84 2.6053e+02    829.174      19901  1029.8607  1029.8590     4.6235     0.0787     0.1223    34.3905    34.3886    8.02369         28 0.0000e+00
    476.000    470.540     0.0992  28.877983     0.1013  28.878460     4.7243     4.8490     0.0516    97.4544 1.0000e-12  -73.81140 -112.76202  54.963164      99.83 2.6066e+02    830.368      19930  1029.8655  1029.8639     4.6231     0.0797     0.1248    34.3904    34.3887    8.02364         29 0.0000e+00
    477.000    471.529     0.1009  28.880485     0.1030  28.880625     4.7200     4.8458     0.0540    97.4353 1.0000e-12  -73.81140 -112.76202  54.963178      99.83 2.5991e+02    831.593      19959  1029.8706  1029.8688     4.6222     0.0766     0.1287    34.3912    34.3891    8.02322         30 0.0000e+00
    478.000    472.515     0.1022  28.882206     0.1047  28.883007     4.7203     4.8398     0.0448    97.4160 1.0000e-12  -73.81140 -112.76202  54.963192      99.83 2.6032e+02    832.780      19988  1029.8755  1029.8739     4.6213     0.0782     0.1244    34.3914    34.3897    8.02295         27 0.0000e+00
    479.000    473.504     0.1036  28.883948     0.1055  28.884291     4.7145     4.8409     0.0374    97.3604 1.0000e-12  -73.81140 -112.76202  54.963205      99.83 2.5996e+02    833.891      20014  1029.8803  1029.8788     4.6186     0.0790     0.1242    34.3916    34.3899    8.02265         26 0.0000e+00
    480.000    474.490     0.1056  28.886761     0.1078  28.887146     4.7179     4.8396     0.0433    97.4137 1.0000e-12  -73.81140 -112.76201  54.963218      99.83 2.5939e+02    835.028      20042  1029.8855  1029.8839     4.6212     0.0779     0.1247    34.3924    34.3906    8.02217         29 0.0000e+00
    481.000    475.478     0.1075  28.889340     0.1099  28.889838     4.7206     4.8347     0.0372    97.4644 1.0000e-12  -73.81140 -112.76202  54.963232      99.83 2.6098e+02    836.257      20071  1029.8906  1029.8889     4.6235     0.0775     0.1226    34.3932    34.3912    8.02174         29 0.0000e+00
    482.000    476.465     0.1098  28.892099     0.1120  28.892651     4.7181     4.8407     0.0443    97.4563 1.0000e-12  -73.81140 -112.76200  54.963246      99.83 2.5911e+02    837.460      20100  1029.8956  1029.8940     4.6232     0.0773     0.1251    34.3936    34.3919    8.02124         28 0.0000e+00
    483.000    477.452     0.1119  28.894786     0.1142  28.895407     4.7179     4.8418     0.0444    97.4464 1.0000e-12  -73.81140 -112.76201  54.963259      99.84 2.5914e+02    838.598      20127  1029.9007  1029.8991     4.6227     0.0771     0.1246    34.3943    34.3925    8.02077         28 0.0000e+00
    484.000    478.440     0.1154  28.898952     0.1177  28.899553     4.7168     4.8425     0.0490    97.4837 1.0000e-12  -73.81140 -112.76201  54.963273      99.83 2.5914e+02    839.762      20155  1029.9059  1029.9043     4.6245     0.1067     0.1359    34.3952    34.3934    8.01998         28 0.0000e+00
    485.000    479.428     0.1179  28.902277     0.1204  28.903229     4.7162     4.8435     0.0641    97.4365 1.0000e-12  -73.81140 -112.76202  54.963286      99.83 2.5914e+02    840.931      20183  1029.9112  1029.9098     4.6223     0.0785     0.1267    34.3963    34.3947    8.01941         28 0.0000e+00
    486.000    480.414     0.1200  28.905357     0.1220  28.905703     4.7151     4.8441     0.0625    97.4507 1.0000e-12  -73.81140 -112.76202  54.963300      99.83 2.5889e+02    842.086      20211  1029.9167  1029.9151     4.6229     0.0776     0.1231    34.3974    34.3955    8.01890         28 0.0000e+00
    487.000    481.402     0.1206  28.906498     0.1226  28.906786     4.7178     4.8451     0.0571    97.4709 1.0000e-12  -73.81140 -112.76202  54.963313      99.83 2.5872e+02    843.275      20240  1029.9216  1029.9200     4.6239     0.0863     0.1244    34.3976    34.3957    8.01877         29 0.0000e+00
    488.000    482.389     0.1217  28.908219     0.1238  28.908487     4.7182     4.8438     0.0667    97.4817 1.0000e-12  -73.81140 -112.76202  54.963327      99.83 2.5862e+02    844.465      20268  1029.9266  1029.9249     4.6244     0.0817     0.1246    34.3980    34.3960    8.01850         27 0.0000e+00
    489.000    483.377     0.1236  28.910651     0.1257  28.911163     4.7169     4.8336     0.0688    97.4603 1.0000e-12  -73.81138 -112.76201  54.963340      99.83 2.5840e+02    845.604      20295  1029.9316  1029.9301     4.6233     0.0817     0.1242    34.3986    34.3968    8.01809         27 0.0000e+00
    490.000    484.363     0.1253  28.913062     0.1275  28.913618     4.7129     4.8319     0.0938    97.4811 1.0000e-12  -73.81138 -112.76201  54.963354      99.83 2.5737e+02    846.760      20323  1029.9368  1029.9352     4.6244     0.0784     0.1255    34.3992    34.3974    8.01769         29 0.0000e+00
    491.000    485.352     0.1256  28.913716     0.1278  28.914327     4.7104     4.8364     0.0810    97.4914 1.0000e-12  -73.81138 -112.76200  54.963367      99.83 2.5738e+02    847.937      20351  1029.9414  1029.9399     4.6249     0.0765     0.1245    34.3992    34.3974    8.01763         28 0.0000e+00
    492.000    486.338     0.1259  28.914646     0.1280  28.915035     4.7105     4.8382     0.0510    97.5094 1.0000e-12  -73.81138 -112.76200  54.963381      99.83 2.5738e+02    849.091      20379  1029.9464  1029.9448     4.6257     0.0772     0.1252    34.3995    34.3976    8.01755         27 0.0000e+00
    493.000    487.326     0.1266  28.915941     0.1288  28.916292     4.7132     4.8430     0.0441    97.5138 1.0000e-12  -73.81138 -112.76200  54.963394      99.83 2.5738e+02    850.247      20407  1029.9513  1029.9496     4.6259     0.0785     0.1235    34.3997    34.3978    8.01738         29 0.0000e+00
    494.000    488.313     0.1283  28.918319     0.1306  28.918762     4.7028     4.8435     0.0584    97.5207 1.0000e-12  -73.81138 -112.76200  54.963407      99.83 2.5738e+02    851.408      20435  1029.9564  1029.9547     4.6263     0.0785     0.1209    34.4004    34.3985    8.01699         27 0.0000e+00
    495.000    489.300     0.1304  28.920989     0.1326  28.921453     4.7057     4.8348     0.0544    97.5188 1.0000e-12  -73.81138 -112.76200  54.963421      99.83 2.5738e+02    852.546      20462  1029.9614  1029.9599     4.6262     0.0783     0.1258    34.4010    34.3992    8.01651         27 0.0000e+00
    496.000    490.288     0.1311  28.922186     0.1332  28.922633     4.7117     4.8292     0.0444    97.5103 1.0000e-12  -73.81138 -112.76200  54.963434      99.83 2.5738e+02    853.704      20490  1029.9663  1029.9647     4.6258     0.0790     0.1240    34.4012    34.3994    8.01636         29 0.0000e+00
    497.000    491.274     0.1314  28.922890     0.1334  28.923232     4.7165     4.8367     0.0608    97.4941 1.0000e-12  -73.81138 -112.76200  54.963448      99.83 2.5563e+02    854.870      20518  1029.9711  1029.9695     4.6250     0.0809     0.1258    34.4013    34.3994    8.01631         27 0.0000e+00
    498.000    492.263     0.1315  28.923501     0.1337  28.923906     4.7109     4.8375     0.0607    97.4838 1.0000e-12  -73.81138 -112.76200  54.963461      99.83 2.5562e+02    855.993      20545  1029.9758  1029.9742     4.6245     0.0778     0.1248    34.4013    34.3994    8.01627         26 0.0000e+00
    499.000    493.249     0.1319  28.924369     0.1341  28.924934     4.7092     4.8378     0.0589    97.5320 1.0000e-12  -73.81138 -112.76200  54.963474      99.83 2.5562e+02    857.135      20572  1029.9806  1029.9791     4.6268     0.0783     0.1233    34.4014    34.3997    8.01618         29 0.0000e+00
    500.000    494.237     0.1330  28.926066     0.1351  28.926459     4.7013     4.8381     0.0418    97.5217 1.0000e-12  -73.81138 -112.76200  54.963488      99.83 2.5562e+02    858.350      20601  1029.9856  1029.9840     4.6263     0.0762     0.1230    34.4019    34.4000    8.01593         29 0.0000e+00
    501.000    495.225     0.1343  28.927934     0.1364  28.928258     4.6952     4.8345     0.0411    97.4873 1.0000e-12  -73.81138 -112.76200  54.963501      99.83 2.5542e+02    859.502      20629  1029.9906  1029.9889     4.6247     0.0780     0.1225    34.4023    34.4004    8.01564         27 0.0000e+00
    502.000    496.211     0.1365  28.930970     0.1387  28.931342     4.7005     4.8273     0.0506    97.5116 1.0000e-12  -73.81138 -112.76200  54.963514      99.83 2.5514e+02    860.601      20655  1029.9958  1029.9942     4.6258     0.0762     0.1220    34.4032    34.4013    8.01512         26 0.0000e+00
    503.000    497.199     0.1415  28.937050     0.1437  28.937423     4.7004     4.8348     0.0436    97.5079 1.0000e-12  -73.81138 -112.76200  54.963527      99.84 2.5435e+02    861.735      20683  1030.0016  1029.9998     4.6256     0.0767     0.1258    34.4050    34.4031    8.01397         28 0.0000e+00
    504.000    498.188     0.1437  28.939817     0.1459  28.940284     4.7008     4.8312     0.0439    97.5201 1.0000e-12  -73.81138 -112.76200  54.963541      99.83 2.5377e+02    862.930      20711  1030.0066  1030.0050     4.6263     0.0761     0.1238    34.4056    34.4038    8.01348         27 0.0000e+00
    505.000    499.173     0.1442  28.940662     0.1463  28.941165     4.7043     4.8340     0.0403    97.5236 1.0000e-12  -73.81138 -112.76200  54.963554      99.83 2.5326e+02    864.091      20739  1030.0113  1030.0098     4.6264     0.0765     0.1227    34.4056    34.4039    8.01338         27 0.0000e+00
    506.000    500.162     0.1446  28.941653     0.1469  28.942149     4.7063     4.8312     0.0436    97.5245 1.0000e-12  -73.81138 -112.76200  54.963567      99.84 2.5261e+02    865.218      20766  1030.0162  1030.0146     4.6264     0.0768     0.1232    34.4058    34.4040    8.01328         27 0.0000e+00
    507.000    501.147     0.1450  28.942396     0.1471  28.942840     4.6994     4.8213     0.0481    97.5077 1.0000e-12  -73.81138 -112.76200  54.963580      99.83 2.5249e+02    866.315      20793  1030.0209  1030.0193     4.6257     0.0762     0.1241    34.4059    34.4040    8.01321         26 0.0000e+00
    508.000    502.135     0.1454  28.943422     0.1477  28.943866     4.7002     4.8260     0.0362    97.5200 1.0000e-12  -73.81138 -112.76198  54.963593      99.83 2.5209e+02    867.447      20820  1030.0259  1030.0242     4.6262     0.0780     0.1249    34.4062    34.4042    8.01310         28 0.0000e+00
    509.000    503.123     0.1468  28.945226     0.1489  28.945668     4.7039     4.8275     0.0334    97.5137 1.0000e-12  -73.81138 -112.76199  54.963607      99.84 2.5209e+02    868.647      20849  1030.0307  1030.0291     4.6259     0.0792     0.1237    34.4064    34.4046    8.01281         29 0.0000e+00
    510.000    504.110     0.1484  28.947670     0.1506  28.948147     4.7059     4.8205     0.0420    97.5177 1.0000e-12  -73.81138 -112.76199  54.963620      99.84 2.5209e+02    869.791      20876  1030.0359  1030.0343     4.6261     0.0766     0.1239    34.4072    34.4053    8.01241         26 0.0000e+00
    511.000    505.096     0.1518  28.951623     0.1539  28.952087     4.7057     4.8204     0.0436    97.4756 1.0000e-12  -73.81138 -112.76200  54.963633      99.83 2.5209e+02    870.865      20902  1030.0410  1030.0395     4.6241     0.0781     0.1262    34.4081    34.4063    8.01167         26 0.0000e+00
    512.000    506.084     0.1525  28.952937     0.1547  28.953373     4.7075     4.8238     0.0815    97.4446 1.0000e-12  -73.81138 -112.76200  54.963646      99.83 2.5209e+02    871.977      20928  1030.0459  1030.0443     4.6226     0.0758     0.1232    34.4084    34.4065    8.01150         28 0.0000e+00
    513.000    507.072     0.1531  28.953937     0.1552  28.954423     4.7024     4.8255     0.0565    96.9456 1.0000e-12  -73.81138 -112.76200  54.963659      99.83 2.5209e+02    873.151      20957  1030.0507  1030.0492     4.5990     0.0760     0.1233    34.4085    34.4067    8.01137         28 0.0000e+00
    514.000    508.058     0.1534  28.954794     0.1555  28.955242     4.7065     4.8263     0.0476    97.4866 1.0000e-12  -73.81138 -112.76200  54.963672      99.83 2.5209e+02    874.302      20984  1030.0555  1030.0540     4.6246     0.0777     0.1235    34.4086    34.4068    8.01129         25 0.0000e+00
    515.000    509.045     0.1541  28.955997     0.1562  28.956370     4.7029     4.8241     0.0585    97.5457 1.0000e-12  -73.81138 -112.76200  54.963685      99.83 2.5127e+02    875.421      21011  1030.0604  1030.0588     4.6274     0.0771     0.1247    34.4088    34.4070    8.01114         27 0.0000e+00
    516.000    510.033     0.1549  28.957366     0.1571  28.957734     4.7013     4.8272     0.0822    97.5417 1.0000e-12  -73.81138 -112.76200  54.963698      99.82 2.5150e+02    876.536      21038  1030.0653  1030.0637     4.6273     0.0781     0.1232    34.4092    34.4072    8.01095         27 0.0000e+00
    517.000    511.021     0.1567  28.959685     0.1591  28.960399     4.6991     4.8270     0.0515    97.5134 1.0000e-12  -73.81138 -112.76200  54.963711      99.84 2.5092e+02    877.654      21065  1030.0703  1030.0687     4.6259     0.0773     0.1240    34.4096    34.4079    8.01056         27 0.0000e+00
    518.000    512.008     0.1593  28.963022     0.1614  28.963423     4.6981     4.8261     0.0374    97.5409 1.0000e-12  -73.81138 -112.76200  54.963725      99.83 2.5133e+02    878.805      21092  1030.0755  1030.0739     4.6272     0.0757     0.1246    34.4106    34.4087    8.00996         28 0.0000e+00
