ocean_section_plots/required_files/ctd/dnbp2202_ctd220.cnv
* Sea-Bird SBE 9 Data File:
* FileName = D:\Data\raw\NBP2202_CTD220.hex
* Software Version Seasave V 7.26.7.121
* Temperature SN = 1649
* Conductivity SN = 2513
* Number of Bytes Per Scan = 40
* Number of Voltage Words = 5
* Number of Scans Averaged by the Deck Unit = 1
* NMEA Latitude = 74 12.02 S
* NMEA Longitude = 110 54.02 W
* NMEA UTC (Time) = Feb 11 2022  12:49:20
* NMEA baud rate = 9600
** Ship: RVIB N.B. Palmer
** Cruise: NBP2202 Thwaites
** Station: 132
** Operator: B. Bjork
# nquan = 28
# nvalues = 509                         
# units = specified
# name 0 = prDM: Pressure, Digiquartz [db]
# name 1 = depSM: Depth [salt water, m]
# name 2 = t090C: Temperature [ITS-90, deg C]
# name 3 = c0mS/cm: Conductivity [mS/cm]
# name 4 = t190C: Temperature, 2 [ITS-90, deg C]
# name 5 = c1mS/cm: Conductivity, 2 [mS/cm]
# name 6 = sbeox0ML/L: Oxygen, SBE 43 [ml/l]
# name 7 = sbeox1ML/L: Oxygen, SBE 43, 2 [ml/l]
# name 8 = flECO-AFL: Fluorescence, WET Labs ECO-AFL/FL [mg/m^3]
# name 9 = CStarTr0: Beam Transmission, WET Labs C-Star [%]
# name 10 = par: PAR/Irradiance, Biospherical/Licor
# name 11 = latitude: Latitude [deg]
# name 12 = longitude: Longitude [deg]
# name 13 = timeJ: Julian Days
# name 14 = altM: Altimeter [m]
# name 15 = spar: SPAR, Biospherical/Licor
# name 16 = timeS: Time, Elapsed [seconds]
# name 17 = scan: Scan Count
# name 18 = density00: Density [density, kg/m^3]
# name 19 = density11: Density, 2 [density, kg/m^3]
# name 20 = v3: Voltage 3
# name 21 = v4: Voltage 4
# name 22 = v5: Voltage 5
# name 23 = sal00: Salinity, Practical [PSU]
# name 24 = sal11: Salinity, Practical, 2 [PSU]
# name 25 = oxsolML/L: Oxygen Saturation, Garcia & Gordon [ml/l]
# name 26 = nbin: number of scans per bin
# name 27 = flag: flag
# span 0 =      3.000,    511.000       
# span 1 =      2.968,    505.088       
# span 2 =    -1.4238,    -1.1892       
# span 3 =  26.966032,  27.527527       
# span 4 =    -1.4239,    -1.1881       
# span 5 =  26.966008,  27.527633       
# span 6 =     5.4757,     6.2712       
# span 7 =     5.6656,     6.4251       
# span 8 =    -0.0230,     1.0421       
# span 9 =    95.6496,    97.8113       
# span 10 = -2.524e-06, 2.9022e+01      
# span 11 =  -74.20042,  -74.20040      
# span 12 = -110.90038, -110.90034      
# span 13 =  42.536941,  42.544112      
# span 14 =       6.88,     100.32      
# span 15 = 7.5984e+01, 8.8096e+01      
# span 16 =    231.685,    851.285      
# span 17 =       5561,      20432      
# span 18 =  1027.2208,  1029.8712      
# span 19 =  1027.2215,  1029.8697      
# span 20 =     4.5376,     4.6400      
# span 21 =     0.0634,     0.2777      
# span 22 =     0.1235,     0.1378      
# span 23 =    33.8134,    34.0923      
# span 24 =    33.8139,    34.0906      
# span 25 =    8.32439,    8.38755      
# span 26 =         22,         68      
# span 27 = 0.0000e+00, 0.0000e+00      
# interval = decibars: 1                
# start_time = Feb 11 2022 12:49:20 [NMEA time, header]
# bad_flag = -9.990e-29
*END*
[from data line 208]
    211.000    208.710    -1.2546  27.333929    -1.2538  27.333652     5.7191     5.8768    -0.0013    97.5183 1.0000e-12  -74.20042 -110.90036  42.539794      99.92 8.5862e+01    478.227      11478  1028.3653  1028.3642     4.6261     0.0725     0.1309    34.0003    33.9990    8.33856         24 0.0000e+00
    212.000    209.698    -1.2602  27.329872    -1.2594  27.329694     5.7207     5.8851    -0.0058    97.5735 1.0000e-12  -74.20042 -110.90036  42.539806      99.93 8.6301e+01    479.201      11502  1028.3705  1028.3696     4.6287     0.0737     0.1328    34.0004    33.9993    8.33979         23 0.0000e+00
    213.000    210.686    -1.2671  27.325181    -1.2656  27.325514     5.7250     5.8894     0.0023    97.5504 1.0000e-12  -74.20042 -110.90036  42.539817      99.93 8.4547e+01    480.186      11525  1028.3763  1028.3752     4.6277     0.0719     0.1329    34.0012    33.9999    8.34129         24 0.0000e+00
    214.000    211.676    -1.2690  27.324145    -1.2679  27.324147     5.7381     5.8959     0.0079    97.6075 1.0000e-12  -74.20042 -110.90036  42.539828      99.93 8.5078e+01    481.166      11549  1028.3812  1028.3801     4.6303     0.0713     0.1312    34.0013    34.0001    8.34170         23 0.0000e+00
    215.000    212.663    -1.2712  27.322711    -1.2700  27.322802     5.7430     5.9086    -0.0011    97.5974 1.0000e-12  -74.20042 -110.90036  42.539840      99.93 8.6551e+01    482.136      11572  1028.3859  1028.3849     4.6299     0.0701     0.1298    34.0012    34.0000    8.34220         23 0.0000e+00
    216.000    213.653    -1.2762  27.319414    -1.2751  27.319308     5.7337     5.9102    -0.0132    97.6255 1.0000e-12  -74.20042 -110.90036  42.539851      99.93 8.5502e+01    483.102      11595  1028.3914  1028.3902     4.6312     0.0721     0.1308    34.0017    34.0004    8.34328         24 0.0000e+00
    217.000    214.642    -1.2770  27.319211    -1.2757  27.319356     5.7392     5.9176    -0.0068    97.6166 1.0000e-12  -74.20042 -110.90036  42.539862      99.92 8.3561e+01    484.075      11619  1028.3961  1028.3951     4.6308     0.0712     0.1285    34.0018    34.0005    8.34347         23 0.0000e+00
    218.000    215.630    -1.2785  27.318616    -1.2772  27.318801     5.7591     5.9194    -0.0004    97.6321 1.0000e-12  -74.20042 -110.90036  42.539873      99.93 8.6834e+01    485.040      11642  1028.4012  1028.4000     4.6315     0.0727     0.1308    34.0020    34.0008    8.34378         23 0.0000e+00
    219.000    216.617    -1.2790  27.318785    -1.2777  27.318905     5.7412     5.9226     0.0070    97.6401 1.0000e-12  -74.20042 -110.90036  42.539884      83.93 8.6145e+01    486.009      11665  1028.4060  1028.4049     4.6319     0.0679     0.1290    34.0022    34.0009    8.34388         23 0.0000e+00
    220.000    217.609    -1.2796  27.318867    -1.2787  27.318760     5.7501     5.9204     0.0082    97.6416 1.0000e-12  -74.20042 -110.90036  42.539896     100.32 8.2546e+01    487.004      11689  1028.4110  1028.4100     4.6320     0.0716     0.1281    34.0024    34.0012    8.34401         24 0.0000e+00
    221.000    218.595    -1.2799  27.319295    -1.2791  27.319041     5.7542     5.9134    -0.0046    97.6649 1.0000e-12  -74.20042 -110.90036  42.539908      99.93 8.7066e+01    488.012      11713  1028.4159  1028.4148     4.6331     0.0722     0.1285    34.0027    34.0014    8.34406         25 0.0000e+00
    222.000    219.584    -1.2798  27.319900    -1.2787  27.319863     5.7502     5.9198    -0.0077    97.6535 1.0000e-12  -74.20042 -110.90036  42.539919      99.93 8.6606e+01    489.008      11737  1028.4207  1028.4196     4.6326     0.0716     0.1290    34.0028    34.0015    8.34404         24 0.0000e+00
    223.000    220.572    -1.2796  27.320481    -1.2785  27.320479     5.7539     5.9279     0.0010    97.6458 1.0000e-12  -74.20042 -110.90036  42.539930      99.93 8.3465e+01    489.978      11760  1028.4253  1028.4243     4.6322     0.0736     0.1293    34.0027    34.0014    8.34398         23 0.0000e+00
    224.000    221.561    -1.2806  27.320428    -1.2796  27.320318     5.7508     5.9275     0.0002    97.6733 1.0000e-12  -74.20042 -110.90036  42.539942      99.93 8.6730e+01    490.949      11784  1028.4305  1028.4294     4.6335     0.0712     0.1279    34.0031    34.0019    8.34418         23 0.0000e+00
    225.000    222.551    -1.2811  27.320673    -1.2799  27.320640     5.7584     5.9400    -0.0028    97.7058 1.0000e-12  -74.20041 -110.90036  42.539953      99.93 8.6529e+01    491.932      11807  1028.4356  1028.4343     4.6350     0.0723     0.1305    34.0035    34.0020    8.34428         24 0.0000e+00
    226.000    223.538    -1.2821  27.320639    -1.2812  27.320485     5.7815     5.9554     0.0045    97.7061 1.0000e-12  -74.20041 -110.90036  42.539964      99.93 8.2966e+01    492.929      11831  1028.4408  1028.4398     4.6350     0.0725     0.1276    34.0040    34.0027    8.34448         23 0.0000e+00
    227.000    224.526    -1.2874  27.318449    -1.2865  27.318369     5.7971     5.9494    -0.0058    97.7059 1.0000e-12  -74.20041 -110.90036  42.539976      99.93 8.5727e+01    493.936      11855  1028.4478  1028.4468     4.6350     0.0707     0.1304    34.0063    34.0051    8.34551         25 0.0000e+00
    228.000    225.517    -1.2882  27.319039    -1.2870  27.319074     5.7489     5.9378     0.0073    97.7038 1.0000e-12  -74.20041 -110.90036  42.539987      99.93 8.6384e+01    494.920      11879  1028.4535  1028.4523     4.6349     0.0703     0.1276    34.0074    34.0060    8.34563         23 0.0000e+00
    229.000    226.504    -1.2802  27.328098    -1.2785  27.328240     5.7458     5.9412     0.0149    97.7113 1.0000e-12  -74.20041 -110.90036  42.539999      99.93 8.3742e+01    495.894      11902  1028.4598  1028.4584     4.6352     0.0715     0.1275    34.0101    34.0084    8.34368         24 0.0000e+00
    230.000    227.492    -1.2695  27.338286    -1.2681  27.338385     5.7698     5.9258    -0.0060    97.7241 1.0000e-12  -74.20040 -110.90036  42.540010      99.92 8.5269e+01    496.889      11926  1028.4649  1028.4636     4.6359     0.0704     0.1277    34.0113    34.0099    8.34122         24 0.0000e+00
    231.000    228.482    -1.2674  27.340537    -1.2663  27.340512     5.7005     5.9035    -0.0017    97.7184 1.0000e-12  -74.20040 -110.90036  42.540022      99.93 8.7077e+01    497.879      11950  1028.4697  1028.4686     4.6356     0.0727     0.1265    34.0115    34.0102    8.34075         23 0.0000e+00
    232.000    229.470    -1.2565  27.351982    -1.2532  27.353431     5.7087     5.8876    -0.0004    97.7385 1.0000e-12  -74.20040 -110.90036  42.540033      99.93 8.3935e+01    498.831      11973  1028.4759  1028.4743     4.6366     0.0712     0.1291    34.0142    34.0124    8.33816         23 0.0000e+00
    233.000    230.458    -1.2363  27.370568    -1.2332  27.372046     5.7161     5.8847    -0.0043    97.7201 1.0000e-12  -74.20040 -110.90036  42.540044      87.42 8.4613e+01    499.805      11996  1028.4810  1028.4796     4.6357     0.0707     0.1267    34.0161    34.0146    8.33354         24 0.0000e+00
    234.000    231.447    -1.2336  27.373669    -1.2322  27.373716     5.6972     5.8740    -0.0044    97.7295 1.0000e-12  -74.20040 -110.90036  42.540056      99.89 8.6376e+01    500.809      12020  1028.4861  1028.4848     4.6361     0.0718     0.1286    34.0166    34.0151    8.33290         24 0.0000e+00
    235.000    232.434    -1.2314  27.376895    -1.2304  27.376355     5.7016     5.8637    -0.0052    97.7285 1.0000e-12  -74.20040 -110.90036  42.540067      99.93 8.4920e+01    501.795      12044  1028.4920  1028.4904     4.6361     0.0701     0.1293    34.0179    34.0161    8.33233         23 0.0000e+00
    236.000    233.424    -1.2243  27.383528    -1.2224  27.383991     5.6721     5.8600    -0.0116    97.7168 1.0000e-12  -74.20041 -110.90036  42.540078      99.93 8.4912e+01    502.760      12067  1028.4967  1028.4954     4.6355     0.0688     0.1294    34.0183    34.0169    8.33072         24 0.0000e+00
    237.000    234.413    -1.2181  27.389927    -1.2170  27.389559     5.6707     5.8674    -0.0011    97.7150 1.0000e-12  -74.20041 -110.90036  42.540090      99.92 8.6517e+01    503.740      12091  1028.5021  1028.5006     4.6354     0.0721     0.1298    34.0195    34.0177    8.32928         23 0.0000e+00
    238.000    235.401    -1.2169  27.391773    -1.2155  27.391785     5.7638     5.8793    -0.0078    97.7048 1.0000e-12  -74.20041 -110.90036  42.540101      99.93 8.6145e+01    504.724      12114  1028.5073  1028.5061     4.6349     0.0704     0.1307    34.0200    34.0184    8.32897         23 0.0000e+00
    239.000    236.390    -1.2221  27.387802    -1.2205  27.388123     5.7101     5.8941    -0.0077    97.7027 1.0000e-12  -74.20042 -110.90036  42.540112      99.93 8.3740e+01    505.686      12137  1028.5125  1028.5113     4.6349     0.0714     0.1309    34.0199    34.0185    8.33015         24 0.0000e+00
    240.000    237.378    -1.2291  27.382720    -1.2284  27.382279     5.6961     5.8940    -0.0141    97.6960 1.0000e-12  -74.20042 -110.90036  42.540123      99.92 8.6690e+01    506.667      12161  1028.5182  1028.5170     4.6346     0.0705     0.1321    34.0202    34.0188    8.33169         23 0.0000e+00
    241.000    238.367    -1.2274  27.385804    -1.2260  27.385909     5.7509     5.8961    -0.0098    97.6876 1.0000e-12  -74.20042 -110.90036  42.540135      99.92 8.6675e+01    507.659      12185  1028.5242  1028.5230     4.6341     0.0714     0.1303    34.0219    34.0204    8.33121         24 0.0000e+00
    242.000    239.353    -1.2291  27.384728    -1.2282  27.384419     5.7217     5.9180    -0.0077    97.5736 1.0000e-12  -74.20042 -110.90036  42.540146      99.93 8.2843e+01    508.628      12208  1028.5290  1028.5278     4.6287     0.0719     0.1312    34.0217    34.0203    8.33160         23 0.0000e+00
    243.000    240.344    -1.2332  27.381161    -1.2369  27.377402     5.8068     5.9344    -0.0077    97.6525 1.0000e-12  -74.20042 -110.90036  42.540157      99.93 8.6557e+01    509.593      12231  1028.5334  1028.5329     4.6325     0.0699     0.1287    34.0209    34.0199    8.33256         24 0.0000e+00
    244.000    241.332    -1.2566  27.362193    -1.2556  27.362265     5.7309     5.9293    -0.0052    97.6468 1.0000e-12  -74.20042 -110.90036  42.540169      99.92 8.6686e+01    510.569      12255  1028.5398  1028.5389     4.6322     0.0694     0.1285    34.0208    34.0198    8.33779         23 0.0000e+00
    245.000    242.320    -1.2473  27.372570    -1.2468  27.371389     5.7573     5.9081     0.0031    97.5908 1.0000e-12  -74.20042 -110.90036  42.540180      99.93 8.2168e+01    511.541      12278  1028.5463  1028.5445     4.6295     0.0706     0.1284    34.0239    34.0216    8.33553         23 0.0000e+00
    246.000    243.311    -1.2265  27.391053    -1.2238  27.392044     5.7400     5.9076     0.0113    97.6720 1.0000e-12  -74.20042 -110.90036  42.540191      99.63 8.6547e+01    512.525      12302  1028.5505  1028.5490     4.6334     0.0721     0.1288    34.0249    34.0233    8.33082         24 0.0000e+00
    247.000    244.296    -1.2251  27.392937    -1.2240  27.392838     5.7656     5.9219    -0.0149    97.6940 1.0000e-12  -74.20042 -110.90036  42.540203      98.74 8.6309e+01    513.516      12325  1028.5556  1028.5544     4.6344     0.0712     0.1329    34.0253    34.0240    8.33049         24 0.0000e+00
    248.000    245.286    -1.2308  27.388923    -1.2289  27.389568     5.7850     5.9458    -0.0078    97.6926 1.0000e-12  -74.20042 -110.90036  42.540214      99.91 8.2443e+01    514.488      12349  1028.5610  1028.5600     4.6344     0.0730     0.1283    34.0256    34.0244    8.33174         23 0.0000e+00
    249.000    246.273    -1.2458  27.377777    -1.2448  27.377664     5.7788     5.9668    -0.0077    97.6560 1.0000e-12  -74.20042 -110.90036  42.540225      99.92 8.6269e+01    515.450      12372  1028.5678  1028.5668     4.6327     0.0714     0.1303    34.0268    34.0256    8.33502         23 0.0000e+00
    250.000    247.264    -1.2494  27.376455    -1.2481  27.376611     5.8486     5.9935     0.0039    97.6976 1.0000e-12  -74.20042 -110.90034  42.540237      99.93 8.6677e+01    516.442      12396  1028.5741  1028.5731     4.6346     0.0725     0.1283    34.0284    34.0272    8.33571         24 0.0000e+00
    251.000    248.251    -1.2674  27.362061    -1.2656  27.363001     5.8349     6.0061     0.0023    97.6866 1.0000e-12  -74.20042 -110.90036  42.540248      99.93 8.2308e+01    517.445      12420  1028.5802  1028.5795     4.6341     0.0717     0.1280    34.0285    34.0278    8.33973         24 0.0000e+00
    252.000    249.241    -1.2701  27.361150    -1.2688  27.361231     5.8262     6.0096    -0.0004    97.7062 1.0000e-12  -74.20042 -110.90034  42.540259      99.93 8.6476e+01    518.421      12443  1028.5860  1028.5849     4.6350     0.0715     0.1274    34.0297    34.0284    8.34026         23 0.0000e+00
    253.000    250.227    -1.2706  27.361506    -1.2698  27.361178     5.8545     6.0114     0.0026    97.7155 1.0000e-12  -74.20042 -110.90036  42.540271      99.93 8.7183e+01    519.387      12466  1028.5911  1028.5900     4.6354     0.0710     0.1257    34.0302    34.0288    8.34035         24 0.0000e+00
    254.000    251.216    -1.2710  27.362064    -1.2705  27.361386     5.8497     6.0038     0.0050    97.7205 1.0000e-12  -74.20042 -110.90034  42.540282      99.92 8.3381e+01    520.358      12490  1028.5963  1028.5952     4.6357     0.0715     0.1279    34.0308    34.0293    8.34040         23 0.0000e+00
    255.000    252.205    -1.2676  27.366051    -1.2661  27.366205     5.8102     6.0004    -0.0018    97.7136 1.0000e-12  -74.20042 -110.90036  42.540293      99.93 8.5475e+01    521.343      12513  1028.6016  1028.6003     4.6354     0.0708     0.1257    34.0318    34.0303    8.33959         24 0.0000e+00
    256.000    253.193    -1.2652  27.369012    -1.2643  27.368724     5.8588     6.0018    -0.0064    97.7411 1.0000e-12  -74.20042 -110.90034  42.540305      99.93 8.6665e+01    522.346      12537  1028.6067  1028.6055     4.6367     0.0722     0.1235    34.0325    34.0310    8.33901         24 0.0000e+00
    257.000    254.182    -1.2646  27.370043    -1.2632  27.370239     5.8363     5.9979     0.0068    97.7430 1.0000e-12  -74.20042 -110.90036  42.540316      99.92 8.4251e+01    523.327      12561  1028.6115  1028.6104     4.6368     0.0708     0.1249    34.0326    34.0313    8.33887         23 0.0000e+00
    258.000    255.170    -1.2670  27.368521    -1.2658  27.368519     5.8199     6.0053    -0.0069    97.7563 1.0000e-12  -74.20042 -110.90034  42.540327      99.93 8.5373e+01    524.282      12584  1028.6164  1028.6153     4.6375     0.0732     0.1268    34.0326    34.0312    8.33940         23 0.0000e+00
    259.000    256.159    -1.2685  27.367881    -1.2673  27.367821     5.8483     6.0107    -0.0077    97.7787 1.0000e-12  -74.20042 -110.90036  42.540339      97.02 8.7061e+01    525.244      12607  1028.6214  1028.6202     4.6385     0.0707     0.1274    34.0328    34.0314    8.33972         23 0.0000e+00
    260.000    257.147    -1.2698  27.367230    -1.2687  27.367182     5.8132     6.0088     0.0250    97.7385 1.0000e-12  -74.20042 -110.90034  42.540350      98.06 8.5731e+01    526.221      12630  1028.6263  1028.6251     4.6366     0.0710     0.1245    34.0328    34.0314    8.34002         24 0.0000e+00
