ocean_section_plots/required_files/ctd/dnbp2202_ctd158.cnv
* Sea-Bird SBE 9 Data File:
* FileName = D:\Data\raw\NBP2202_CTD158.hex
* Software Version Seasave V 7.26.7.121
* Temperature SN = 1649
* Conductivity SN = 2513
* Number of Bytes Per Scan = 40
* Number of Voltage Words = 5
* Number of Scans Averaged by the Deck Unit = 1
* NMEA Latitude = 74 13.78 S
* NMEA Longitude = 112 05.99 W
* NMEA UTC (Time) = Jan 31 2022  22:02:30
* NMEA baud rate = 9600
** Ship: RVIB N.B. Palmer
** Cruise: NBP2202 Thwaites
** Station: 80
** Operator: A. Robinson/K. Block
# nquan = 28
# nvalues = 504                         
# units = specified
# name 0 = prDM: Pressure, Digiquartz [db]
# name 1 = depSM: Depth [salt water, m]
# name 2 = t090C: Temperature [ITS-90, deg C]
# name 3 = c0mS/cm: Conductivity [mS/cm]
# name 4 = t190C: Temperature, 2 [ITS-90, deg C]
# name 5 = c1mS/cm: Conductivity, 2 [mS/cm]
# name 6 = sbeox0ML/L: Oxygen, SBE 43 [ml/l]
# name 7 = sbeox1ML/L: Oxygen, SBE 43, 2 [ml/l]
# name 8 = flECO-AFL: Fluorescence, WET Labs ECO-AFL/FL [mg/m^3]
# name 9 = CStarTr0: Beam Transmission, WET Labs C-Star [%]
# name 10 = par: PAR/Irradiance, Biospherical/Licor
# name 11 = latitude: Latitude [deg]
# name 12 = longitude: Longitude [deg]
# name 13 = timeJ: Julian Days
# name 14 = altM: Altimeter [m]
# name 15 = spar: SPAR, Biospherical/Licor
# name 16 = timeS: Time, Elapsed [seconds]
# name 17 = scan: Scan Count
# name 18 = density00: Density [density, kg/m^3]
# name 19 = density11: Density, 2 [density, kg/m^3]
# name 20 = v3: Voltage 3
# name 21 = v4: Voltage 4
# name 22 = v5: Voltage 5
# name 23 = sal00: Salinity, Practical [PSU]
# name 24 = sal11: Salinity, Practical, 2 [PSU]
# name 25 = oxsolML/L: Oxygen Saturation, Garcia & Gordon [ml/l]
# name 26 = nbin: number of scans per bin
# name 27 = flag: flag
# span 0 =      3.000,    506.000       
# span 1 =      2.979,    500.152       
# span 2 =    -1.4681,    -0.1123       
# span 3 =  27.000174,  28.668528       
# span 4 =    -1.4683,    -0.1098       
# span 5 =  27.000797,  28.668557       
# span 6 =     4.8720,     8.6588       
# span 7 =     4.9799,     8.5794       
# span 8 =     0.0012,    19.0350       
# span 9 =    70.6519,    93.6960       
# span 10 = 1.0000e-12, 7.4795e+02      
# span 11 =  -74.22984,  -74.22956      
# span 12 = -112.10006, -112.09977      
# span 13 =  31.921188,  31.928209      
# span 14 =      55.49,     100.03      
# span 15 = 1.9164e+03, 1.9480e+03      
# span 16 =    240.606,    847.290      
# span 17 =       5776,      20336      
# span 18 =  1027.1958,  1029.9740      
# span 19 =  1027.1971,  1029.9719      
# span 20 =     3.3524,     4.4449      
# span 21 =     0.0698,     2.5954      
# span 22 =     0.1167,     0.2394      
# span 23 =    33.7918,    34.3332      
# span 24 =    33.7973,    34.3305      
# span 25 =    8.07130,    8.38747      
# span 26 =         11,         60      
# span 27 = 0.0000e+00, 0.0000e+00      
# interval = decibars: 1                
# start_time = Jan 31 2022 22:02:30 [NMEA time, header]
# bad_flag = -9.990e-29
*END*
[from data line 311]
    314.000    310.513    -1.3712  27.345882    -1.3712  27.344380     6.1946     6.3484     0.0272    93.5949 1.0000e-12  -74.22982 -112.10004  31.925687      99.83 1.9265e+03    629.337      15105  1028.9311  1028.9294     4.4401     0.0770     0.1188    34.0854    34.0833    8.35959         21 0.0000e+00
    315.000    311.502    -1.3374  27.377612    -1.3379  27.375501     6.1805     6.3359     0.0374    93.6075 1.0000e-12  -74.22982 -112.10004  31.925698      99.64 1.9280e+03    630.289      15128  1028.9372  1028.9353     4.4407     0.0744     0.1190    34.0899    34.0875    8.35176         25 0.0000e+00
    316.000    312.490    -1.3269  27.387089    -1.3267  27.386093     6.1726     6.3269     0.0770    93.5947 1.0000e-12  -74.22982 -112.10004  31.925710      94.81 1.9285e+03    631.358      15154  1028.9417  1028.9404     4.4401     0.0780     0.1206    34.0903    34.0887    8.34938         26 0.0000e+00
    317.000    313.478    -1.3272  27.387671    -1.3265  27.387288     6.1782     6.3349     0.0914    93.6076 1.0000e-12  -74.22982 -112.10004  31.925722      99.90 1.9275e+03    632.409      15179  1028.9470  1028.9458     4.4407     0.0773     0.1177    34.0908    34.0894    8.34941         24 0.0000e+00
    318.000    314.467    -1.3268  27.388746    -1.3257  27.388554     6.1821     6.3343     0.0977    93.5950 1.0000e-12  -74.22982 -112.10002  31.925734      99.83 1.9277e+03    633.379      15202  1028.9522  1028.9510     4.4401     0.0980     0.1210    34.0912    34.0898    8.34930         23 0.0000e+00
    319.000    315.455    -1.3294  27.387060    -1.3287  27.386697     6.1830     6.3364     0.1206    93.5973 1.0000e-12  -74.22980 -112.10002  31.925745      99.84 1.9291e+03    634.334      15225  1028.9572  1028.9562     4.4402     0.0865     0.1187    34.0912    34.0900    8.34987         23 0.0000e+00
    320.000    316.442    -1.3284  27.389263    -1.3277  27.388728     6.1826     6.3401     0.0909    93.5680 1.0000e-12  -74.22980 -112.10002  31.925757      55.49 1.9275e+03    635.363      15250  1028.9631  1028.9618     4.4388     0.0771     0.1184    34.0926    34.0910    8.34958         27 0.0000e+00
    321.000    317.430    -1.3250  27.393025    -1.3239  27.392869     6.1731     6.3310     0.0526    93.5865 1.0000e-12  -74.22980 -112.10002  31.925770      99.85 1.9257e+03    636.542      15278  1028.9682  1028.9670     4.4397     0.0782     0.1198    34.0932    34.0917    8.34877         29 0.0000e+00
    322.000    318.419    -1.3227  27.395662    -1.3219  27.395233     6.1706     6.3287     0.0448    93.5643 1.0000e-12  -74.22980 -112.10002  31.925784      99.83 1.9283e+03    637.747      15307  1028.9733  1028.9720     4.4386     0.0792     0.1188    34.0936    34.0921    8.34824         26 0.0000e+00
    323.000    319.406    -1.3146  27.403799    -1.3133  27.403757     6.1709     6.3230     0.0616    93.5790 1.0000e-12  -74.22980 -112.10002  31.925797      99.85 1.9275e+03    638.870      15334  1028.9786  1028.9773     4.4393     0.0804     0.1206    34.0949    34.0934    8.34635         27 0.0000e+00
    324.000    320.395    -1.3145  27.404288    -1.3137  27.403951     6.1710     6.3230     0.0712    93.5837 1.0000e-12  -74.22980 -112.10002  31.925810      99.83 1.9269e+03    639.962      15360  1028.9835  1028.9823     4.4396     0.0794     0.1211    34.0949    34.0935    8.34633         27 0.0000e+00
    325.000    321.383    -1.3149  27.404833    -1.3140  27.404445     6.1749     6.3241     0.0498    93.5806 1.0000e-12  -74.22980 -112.10002  31.925824      99.84 1.9301e+03    641.180      15389  1028.9888  1028.9876     4.4394     0.0790     0.1194    34.0954    34.0939    8.34638         31 0.0000e+00
    326.000    322.371    -1.3124  27.408333    -1.3118  27.407702     6.1778     6.3200     0.0466    93.5616 1.0000e-12  -74.22980 -112.10002  31.925839      99.84 1.9298e+03    642.461      15420  1028.9946  1028.9933     4.4385     0.0851     0.1211    34.0968    34.0953    8.34575         29 0.0000e+00
    327.000    323.359    -1.3127  27.408791    -1.3119  27.408503     6.1709     6.3231     0.0770    93.3838 1.0000e-12  -74.22980 -112.10002  31.925852      91.64 1.9306e+03    643.610      15448  1028.9997  1028.9986     4.4301     0.0810     0.1212    34.0971    34.0958    8.34579         26 0.0000e+00
    328.000    324.347    -1.3135  27.408702    -1.3126  27.408434     6.1750     6.3333     0.0522    93.3528 1.0000e-12  -74.22980 -112.10002  31.925864      99.96 1.9320e+03    644.619      15472  1029.0047  1029.0036     4.4286     0.0769     0.1167    34.0973    34.0959    8.34595         22 0.0000e+00
    329.000    325.335    -1.3148  27.408374    -1.3137  27.408262     6.1854     6.3387     0.0400    93.3918 1.0000e-12  -74.22980 -112.10002  31.925874      99.84 1.9313e+03    645.483      15493  1029.0100  1029.0088     4.4304     0.0768     0.1205    34.0978    34.0964    8.34623         21 0.0000e+00
    330.000    326.325    -1.3153  27.409011    -1.3147  27.408641     6.1862     6.3425     0.0460    93.4300 1.0000e-12  -74.22980 -112.10002  31.925884      99.84 1.9304e+03    646.356      15514  1029.0155  1029.0145     4.4323     0.0811     0.1204    34.0986    34.0973    8.34630         22 0.0000e+00
    331.000    327.311    -1.3183  27.408021    -1.3175  27.407686     6.1865     6.3355     0.0542    93.5292 1.0000e-12  -74.22978 -112.10002  31.925896      99.84 1.9319e+03    647.384      15538  1029.0216  1029.0206     4.4370     0.0781     0.1184    34.0999    34.0987    8.34687         27 0.0000e+00
    332.000    328.299    -1.3160  27.411327    -1.3148  27.411274     6.1804     6.3327     0.0608    93.5872 1.0000e-12  -74.22978 -112.10002  31.925910      99.84 1.9327e+03    648.598      15567  1029.0273  1029.0261     4.4397     0.0788     0.1194    34.1013    34.0998    8.34628         29 0.0000e+00
    333.000    329.288    -1.3135  27.414741    -1.3128  27.414278     6.1716     6.3221     0.0547    93.5963 1.0000e-12  -74.22978 -112.10002  31.925923      99.83 1.9307e+03    649.754      15595  1029.0330  1029.0318     4.4402     0.0872     0.1204    34.1025    34.1011    8.34565         27 0.0000e+00
    334.000    330.276    -1.3102  27.418593    -1.3094  27.418241     6.1707     6.3226     0.0462    93.5660 1.0000e-12  -74.22978 -112.10002  31.925935      99.84 1.9315e+03    650.788      15620  1029.0383  1029.0371     4.4387     0.0838     0.1183    34.1035    34.1020    8.34487         23 0.0000e+00
    335.000    331.264    -1.3077  27.421905    -1.3067  27.421755     6.1672     6.3156     0.0496    93.5542 1.0000e-12  -74.22978 -112.10002  31.925946      99.84 1.9315e+03    651.741      15643  1029.0437  1029.0426     4.4381     0.0801     0.1239    34.1045    34.1031    8.34424         24 0.0000e+00
    336.000    332.251    -1.3056  27.424531    -1.3046  27.424186     6.1600     6.3125     0.0470    93.5725 1.0000e-12  -74.22978 -112.10002  31.925960      99.85 1.9319e+03    652.979      15672  1029.0489  1029.0476     4.4390     0.0992     0.1185    34.1051    34.1035    8.34373         34 0.0000e+00
    337.000    333.240    -1.3028  27.427621    -1.3025  27.426794     6.1530     6.3100     0.0453    93.5132 1.0000e-12  -74.22978 -112.10002  31.925976      99.84 1.9329e+03    654.303      15704  1029.0539  1029.0527     4.4362     0.0779     0.1198    34.1056    34.1041    8.34309         29 0.0000e+00
    338.000    334.228    -1.2980  27.433157    -1.2975  27.432538     6.1534     6.3108     0.0402    93.5647 1.0000e-12  -74.22978 -112.10002  31.925989      92.67 1.9317e+03    655.448      15732  1029.0597  1029.0584     4.4386     0.0832     0.1233    34.1071    34.1056    8.34193         25 0.0000e+00
    339.000    335.215    -1.2941  27.438113    -1.2934  27.437665     6.1590     6.3082     0.0467    93.5777 1.0000e-12  -74.22978 -112.10002  31.926000      85.81 1.9293e+03    656.370      15754  1029.0655  1029.0644     4.4392     0.0760     0.1204    34.1087    34.1074    8.34094         21 0.0000e+00
    340.000    336.205    -1.2934  27.439447    -1.2926  27.439089     6.1592     6.3059     0.1103    93.4657 1.0000e-12  -74.22978 -112.10002  31.926011      99.11 1.9310e+03    657.368      15778  1029.0707  1029.0695     4.4340     0.0779     0.1194    34.1092    34.1078    8.34076         28 0.0000e+00
    341.000    337.191    -1.2927  27.440688    -1.2919  27.440293     6.1569     6.3081     0.1402    93.5588 1.0000e-12  -74.22978 -112.10002  31.926026      99.83 1.9327e+03    658.602      15807  1029.0757  1029.0745     4.4383     0.0810     0.1207    34.1095    34.1081    8.34059         30 0.0000e+00
    342.000    338.179    -1.2896  27.444785    -1.2887  27.444419     6.1571     6.3028     0.0379    93.5935 1.0000e-12  -74.22978 -112.10002  31.926039      99.84 1.9321e+03    659.797      15836  1029.0815  1029.0802     4.4400     0.0841     0.1183    34.1110    34.1094    8.33981         26 0.0000e+00
    343.000    339.169    -1.2864  27.448644    -1.2857  27.448262     6.1469     6.2922     0.0440    93.5925 1.0000e-12  -74.22978 -112.10002  31.926051      99.84 1.9326e+03    660.844      15861  1029.0870  1029.0858     4.4400     0.0781     0.1219    34.1121    34.1107    8.33904         24 0.0000e+00
    344.000    340.155    -1.2847  27.451260    -1.2836  27.451001     6.1380     6.2873     0.0471    93.5895 1.0000e-12  -74.22978 -112.10002  31.926062      99.84 1.9324e+03    661.798      15884  1029.0924  1029.0912     4.4399     0.0777     0.1196    34.1130    34.1115    8.33859         23 0.0000e+00
    345.000    341.143    -1.2778  27.459123    -1.2767  27.458858     6.1255     6.2814     0.0485    93.5897 1.0000e-12  -74.22978 -112.10002  31.926075      99.84 1.9316e+03    662.914      15911  1029.0988  1029.0973     4.4398     0.0779     0.1240    34.1154    34.1137    8.33692         31 0.0000e+00
    346.000    342.132    -1.2699  27.468228    -1.2692  27.467643     6.1242     6.2755     0.0483    93.5399 1.0000e-12  -74.22978 -112.10002  31.926090      99.84 1.9322e+03    664.143      15940  1029.1053  1029.1040     4.4375     0.0775     0.1180    34.1182    34.1166    8.33499         28 0.0000e+00
    347.000    343.120    -1.2671  27.471581    -1.2664  27.471141     6.1275     6.2783     0.0409    93.5931 1.0000e-12  -74.22980 -112.10002  31.926102      99.84 1.9336e+03    665.248      15967  1029.1107  1029.1096     4.4400     0.0779     0.1198    34.1191    34.1177    8.33432         25 0.0000e+00
    348.000    344.108    -1.2669  27.472416    -1.2661  27.471974     6.1269     6.2723     0.0347    93.5470 1.0000e-12  -74.22980 -112.10002  31.926114      99.84 1.9330e+03    666.218      15990  1029.1157  1029.1145     4.4378     0.0780     0.1213    34.1193    34.1179    8.33425         22 0.0000e+00
    349.000    345.096    -1.2664  27.473507    -1.2654  27.473179     6.1204     6.2714     0.0415    93.5586 1.0000e-12  -74.22980 -112.10002  31.926125      99.84 1.9321e+03    667.235      16015  1029.1208  1029.1195     4.4384     0.0848     0.1261    34.1196    34.1181    8.33412         28 0.0000e+00
    350.000    346.083    -1.2634  27.477589    -1.2623  27.477432     6.1145     6.2648     0.0546    93.5839 1.0000e-12  -74.22980 -112.10004  31.926140      80.16 1.9328e+03    668.482      16045  1029.1267  1029.1254     4.4396     0.0750     0.1215    34.1212    34.1197    8.33336         30 0.0000e+00
    351.000    347.071    -1.2600  27.482214    -1.2591  27.481805     6.1144     6.2631     0.0536    93.5868 1.0000e-12  -74.22980 -112.10004  31.926154      87.47 1.9324e+03    669.689      16074  1029.1328  1029.1315     4.4397     0.0765     0.1214    34.1231    34.1215    8.33249         27 0.0000e+00
    352.000    348.060    -1.2575  27.485592    -1.2566  27.485424     6.1172     6.4155     0.0365    93.5657 1.0000e-12  -74.22980 -112.10004  31.926167      97.74 1.9314e+03    670.790      16100  1029.1384  1029.1374     4.4387     0.0763     0.1178    34.1243    34.1230    8.33187         26 0.0000e+00
    353.000    349.048    -1.2566  27.487137    -1.2554  27.487146     6.1138     6.1549     0.0408    93.5875 1.0000e-12  -74.22980 -112.10004  31.926180      99.80 1.9333e+03    671.958      16128  1029.1436  1029.1424     4.4397     0.0784     0.1178    34.1247    34.1233    8.33164         32 0.0000e+00
    354.000    350.035    -1.2553  27.489035    -1.2542  27.488726     6.1058     6.2423     0.0507    93.5747 1.0000e-12  -74.22980 -112.10004  31.926196      99.84 1.9334e+03    673.294      16160  1029.1488  1029.1474     4.4391     0.0768     0.1204    34.1252    34.1236    8.33132         31 0.0000e+00
    355.000    351.023    -1.2540  27.491112    -1.2526  27.491273     6.0992     6.2580     0.0371    93.5780 1.0000e-12  -74.22980 -112.10004  31.926210      99.84 1.9333e+03    674.503      16189  1029.1541  1029.1529     4.4393     0.0762     0.1203    34.1260    34.1246    8.33099         26 0.0000e+00
    356.000    352.012    -1.2525  27.494503    -1.2518  27.494067     6.0949     6.2554     0.0365    93.5971 1.0000e-12  -74.22980 -112.10004  31.926222      99.84 1.9327e+03    675.542      16214  1029.1607  1029.1596     4.4402     0.0808     0.1176    34.1283    34.1269    8.33051         24 0.0000e+00
    357.000    353.000    -1.2509  27.497682    -1.2501  27.497428     6.0915     6.2517     0.0369    93.5933 1.0000e-12  -74.22980 -112.10004  31.926232      99.84 1.9313e+03    676.459      16236  1029.1670  1029.1660     4.4400     0.0776     0.1203    34.1303    34.1290    8.33005         22 0.0000e+00
    358.000    353.987    -1.2498  27.499494    -1.2490  27.498946     6.0934     6.2422     0.0609    93.6022 1.0000e-12  -74.22980 -112.10004  31.926244      99.84 1.9306e+03    677.506      16261  1029.1721  1029.1708     4.4404     0.0772     0.1218    34.1308    34.1292    8.32976         29 0.0000e+00
    359.000    354.977    -1.2459  27.504010    -1.2444  27.504023     6.0958     6.2407     0.0373    93.5972 1.0000e-12  -74.22980 -112.10004  31.926259      99.84 1.9307e+03    678.745      16291  1029.1776  1029.1763     4.4402     0.0760     0.1188    34.1319    34.1303    8.32882         29 0.0000e+00
    360.000    355.962    -1.2427  27.507349    -1.2428  27.506228     6.0885     6.2365     0.0499    93.6164 1.0000e-12  -74.22980 -112.10004  31.926272      99.84 1.9306e+03    679.921      16319  1029.1825  1029.1814     4.4411     0.0869     0.1169    34.1323    34.1309    8.32810         27 0.0000e+00
    361.000    356.952    -1.2403  27.510351    -1.2392  27.510264     6.0890     6.2378     0.0451    93.5999 1.0000e-12  -74.22980 -112.10004  31.926285      99.84 1.9311e+03    681.009      16345  1029.1879  1029.1866     4.4403     0.0806     0.1180    34.1331    34.1317    8.32752         26 0.0000e+00
    362.000    357.940    -1.2376  27.514009    -1.2368  27.513565     6.0927     6.2494     0.0447    93.5858 1.0000e-12  -74.22982 -112.10004  31.926298      85.65 1.9317e+03    682.122      16372  1029.1935  1029.1923     4.4397     0.0749     0.1195    34.1344    34.1328    8.32684         27 0.0000e+00
    363.000    358.927    -1.2384  27.515136    -1.2374  27.514754     6.0942     6.2358     0.0415    93.5655 1.0000e-12  -74.22982 -112.10004  31.926312      99.27 1.9310e+03    683.331      16401  1029.1999  1029.1985     4.4387     0.0783     0.1185    34.1362    34.1345    8.32690         30 0.0000e+00
    364.000    359.914    -1.2390  27.515954    -1.2384  27.515305     6.0923     6.2419     0.0857    93.5773 1.0000e-12  -74.22982 -112.10004  31.926325      99.84 1.9290e+03    684.509      16429  1029.2057  1029.2044     4.4393     0.0774     0.1178    34.1374    34.1358    8.32696         27 0.0000e+00
