ocean_section_plots/required_files/ctd/dnbp2202_ctd261.cnv
* Sea-Bird SBE 9 Data File:
* FileName = D:\Data\raw\NBP2202_CTD261.hex
* Software Version Seasave V 7.26.7.121
* Temperature SN = 1649
* Conductivity SN = 2513
* Number of Bytes Per Scan = 40
* Number of Voltage Words = 5
* Number of Scans Averaged by the Deck Unit = 1
* NMEA Latitude = 73 53.01 S
* NMEA Longitude = 118 44.80 W
* NMEA UTC (Time) = Feb 19 2022  13:46:52
* NMEA baud rate = 9600
** Ship: RVIB N.B. Palmer
** Cruise: NBP2202 Thwaites
** Station: 166
** Operator: B. Bjork
# nquan = 28
# nvalues = 642                         
# units = specified
# name 0 = prDM: Pressure, Digiquartz [db]
# name 1 = depSM: Depth [salt water, m]
# name 2 = t090C: Temperature [ITS-90, deg C]
# name 3 = c0mS/cm: Conductivity [mS/cm]
# name 4 = t190C: Temperature, 2 [ITS-90, deg C]
# name 5 = c1mS/cm: Conductivity, 2 [mS/cm]
# name 6 = sbeox0ML/L: Oxygen, SBE 43 [ml/l]
# name 7 = sbeox1ML/L: Oxygen, SBE 43, 2 [ml/l]
# name 8 = flECO-AFL: Fluorescence, WET Labs ECO-AFL/FL [mg/m^3]
# name 9 = CStarTr0: Beam Transmission, WET Labs C-Star [%]
# name 10 = par: PAR/Irradiance, Biospherical/Licor
# name 11 = latitude: Latitude [deg]
# name 12 = longitude: Longitude [deg]
# name 13 = timeJ: Julian Days
# name 14 = altM: Altimeter [m]
# name 15 = spar: SPAR, Biospherical/Licor
# name 16 = timeS: Time, Elapsed [seconds]
# name 17 = scan: Scan Count
# name 18 = density00: Density [density, kg/m^3]
# name 19 = density11: Density, 2 [density, kg/m^3]
# name 20 = v3: Voltage 3
# name 21 = v4: Voltage 4
# name 22 = v5: Voltage 5
# name 23 = sal00: Salinity, Practical [PSU]
# name 24 = sal11: Salinity, Practical, 2 [PSU]
# name 25 = oxsolML/L: Oxygen Saturation, Garcia & Gordon [ml/l]
# name 26 = nbin: number of scans per bin
# name 27 = flag: flag
# span 0 =      2.000,    643.000       
# span 1 =      1.951,    635.366       
# span 2 =    -1.7481,     0.3212       
# span 3 =  26.965372,  29.212373       
# span 4 =    -1.7472,     0.3253       
# span 5 =  26.965583,  29.215593       
# span 6 =     4.7815,     8.9787       
# span 7 =     4.9256,     9.3362       
# span 8 =    -0.0217,    11.3159       
# span 9 =    88.1253,    99.5108       
# span 10 = 1.0000e-12, 7.5495e+01      
# span 11 =  -73.88354,  -73.88352      
# span 12 = -118.74650, -118.74644      
# span 13 =  50.576451,  50.585268      
# span 14 =       4.10,     100.58      
# span 15 = 1.0067e+03, 1.0815e+03      
# span 16 =    193.364,    955.139      
# span 17 =       4642,      22924      
# span 18 =  1027.1637,  1030.7114      
# span 19 =  1027.1615,  1030.7100      
# span 20 =     4.1808,     4.7206      
# span 21 =     0.0635,     1.8336      
# span 22 =     0.1149,     0.2336      
# span 23 =    33.8117,    34.4850      
# span 24 =    33.8103,    34.4837      
# span 25 =    7.97218,    8.44819      
# span 26 =          5,         48      
# span 27 = 0.0000e+00, 0.0000e+00      
# interval = decibars: 1                
# start_time = Feb 19 2022 13:46:52 [NMEA time, header]
# bad_flag = -9.990e-29
*END*
[from data line 415]
    417.000    412.275    -0.7427  27.991342    -0.7405  27.991773     5.3326     5.4978    -0.0071    99.3442 1.0000e-12  -73.88352 -118.74646  50.581913      99.95 1.0614e+03    665.277      15968  1029.4729  1029.4713     4.7127     0.0711     0.1198    34.1891    34.1872    8.21470         24 0.0000e+00
    418.000    413.261    -0.7378  27.996936    -0.7363  27.996678     5.3260     5.4954    -0.0148    99.3555 1.0000e-12  -73.88352 -118.74644  50.581924      74.65 1.0617e+03    666.242      15991  1029.4787  1029.4769     4.7133     0.0703     0.1215    34.1904    34.1884    8.21354         22 0.0000e+00
    419.000    414.249    -0.7369  27.998131    -0.7345  27.998885     5.3110     5.4983    -0.0147    99.3470 1.0000e-12  -73.88352 -118.74646  50.581935      84.25 1.0607e+03    667.165      16013  1029.4836  1029.4821     4.7128     0.0690     0.1200    34.1904    34.1888    8.21335         22 0.0000e+00
    420.000    415.239    -0.7353  28.000576    -0.7335  28.000637     5.3170     5.4904    -0.0047    99.3347 1.0000e-12  -73.88352 -118.74644  50.581946      99.93 1.0613e+03    668.104      16035  1029.4893  1029.4876     4.7122     0.0704     0.1218    34.1914    34.1895    8.21296         24 0.0000e+00
    421.000    416.225    -0.7272  28.009127    -0.7255  28.009153     5.3205     5.4813    -0.0031    99.3545 1.0000e-12  -73.88352 -118.74646  50.581957      99.94 1.0618e+03    669.104      16060  1029.4950  1029.4934     4.7132     0.0697     0.1201    34.1932    34.1912    8.21109         25 0.0000e+00
    422.000    417.212    -0.7200  28.016717    -0.7172  28.017522     5.3048     5.4690    -0.0065    99.3456 1.0000e-12  -73.88352 -118.74644  50.581970      99.95 1.0602e+03    670.169      16085  1029.5006  1029.4988     4.7128     0.0702     0.1205    34.1946    34.1926    8.20943         25 0.0000e+00
    423.000    418.200    -0.7014  28.035843    -0.6980  28.036889     5.2966     5.4644    -0.0032    99.3389 1.0000e-12  -73.88352 -118.74644  50.581982      99.95 1.0592e+03    671.238      16111  1029.5075  1029.5054     4.7125     0.0700     0.1194    34.1988    34.1965    8.20515         26 0.0000e+00
    424.000    419.188    -0.6856  28.051713    -0.6833  28.052014     5.2853     5.4580    -0.0016    99.3422 1.0000e-12  -73.88352 -118.74644  50.581994      99.95 1.0615e+03    672.283      16136  1029.5136  1029.5118     4.7126     0.0709     0.1213    34.2018    34.1997    8.20155         24 0.0000e+00
    425.000    420.176    -0.6829  28.055152    -0.6809  28.055390     5.2826     5.4534    -0.0045    99.3351 1.0000e-12  -73.88352 -118.74644  50.582005      99.94 1.0607e+03    673.247      16159  1029.5193  1029.5176     4.7123     0.0709     0.1220    34.2028    34.2009    8.20091         23 0.0000e+00
    426.000    421.164    -0.6772  28.061523    -0.6760  28.060807     5.2853     5.4492     0.0012    99.3378 1.0000e-12  -73.88352 -118.74644  50.582016      99.94 1.0615e+03    674.182      16181  1029.5250  1029.5231     4.7124     0.0723     0.1205    34.2043    34.2020    8.19958         22 0.0000e+00
    427.000    422.151    -0.6682  28.071345    -0.6648  28.072482     5.2862     5.4461    -0.0061    99.3417 1.0000e-12  -73.88352 -118.74644  50.582027      99.94 1.0623e+03    675.118      16204  1029.5313  1029.5292     4.7126     0.0704     0.1216    34.2068    34.2045    8.19749         23 0.0000e+00
    428.000    423.139    -0.6497  28.090523    -0.6473  28.091021     5.2779     5.4435     0.0007    99.3394 1.0000e-12  -73.88352 -118.74644  50.582039      99.95 1.0624e+03    676.163      16229  1029.5383  1029.5365     4.7125     0.0712     0.1216    34.2112    34.2092    8.19322         27 0.0000e+00
    429.000    424.126    -0.6456  28.095069    -0.6437  28.095137     5.2745     5.4361     0.0020    99.3389 1.0000e-12  -73.88352 -118.74646  50.582052      99.94 1.0616e+03    677.320      16257  1029.5438  1029.5420     4.7124     0.0711     0.1209    34.2121    34.2100    8.19229         28 0.0000e+00
    430.000    425.115    -0.6422  28.098935    -0.6391  28.100314     5.2764     5.4369     0.0118    99.3439 1.0000e-12  -73.88352 -118.74644  50.582065      99.94 1.0653e+03    678.447      16284  1029.5491  1029.5476     4.7127     0.0693     0.1199    34.2128    34.2112    8.19151         26 0.0000e+00
    431.000    426.102    -0.6395  28.102029    -0.6379  28.101947     5.2648     5.4378     0.0129    99.3346 1.0000e-12  -73.88352 -118.74644  50.582077      86.63 1.0650e+03    679.425      16307  1029.5542  1029.5526     4.7122     0.0700     0.1201    34.2133    34.2114    8.19089         21 0.0000e+00
    432.000    427.087    -0.6391  28.102807    -0.6373  28.102918     5.2681     5.4427     0.0117    99.3248 1.0000e-12  -73.88352 -118.74644  50.582086      91.38 1.0611e+03    680.270      16327  1029.5592  1029.5576     4.7118     0.0696     0.1207    34.2134    34.2115    8.19081         20 0.0000e+00
    433.000    428.079    -0.6377  28.104683    -0.6359  28.104615     5.2824     5.4382     0.0081    99.3328 1.0000e-12  -73.88352 -118.74644  50.582096      96.34 1.0626e+03    681.075      16347  1029.5642  1029.5624     4.7121     0.0703     0.1192    34.2137    34.2116    8.19048         19 0.0000e+00
    434.000    429.066    -0.6355  28.107226    -0.6338  28.107080     5.2752     5.4310     0.0003    99.3400 1.0000e-12  -73.88352 -118.74644  50.582106      99.93 1.0635e+03    681.981      16369  1029.5692  1029.5674     4.7125     0.0704     0.1202    34.2141    34.2119    8.18999         24 0.0000e+00
    435.000    430.051    -0.6327  28.110419    -0.6303  28.110701     5.2722     5.4314     0.0010    99.3308 1.0000e-12  -73.88352 -118.74644  50.582122      99.95 1.0625e+03    683.365      16402  1029.5743  1029.5723     4.7120     0.0719     0.1196    34.2145    34.2122    8.18934         38 0.0000e+00
    436.000    431.041    -0.6297  28.113677    -0.6273  28.114130     5.2640     5.4252     0.0020    99.3335 1.0000e-12  -73.88352 -118.74644  50.582139      99.94 1.0666e+03    684.785      16436  1029.5793  1029.5775     4.7122     0.0707     0.1193    34.2149    34.2129    8.18867         28 0.0000e+00
    437.000    432.025    -0.6288  28.114961    -0.6267  28.115325     5.2587     5.4229    -0.0053    99.3403 1.0000e-12  -73.88352 -118.74644  50.582150      99.94 1.0678e+03    685.744      16459  1029.5842  1029.5826     4.7126     0.0710     0.1241    34.2151    34.2132    8.18847         20 0.0000e+00
    438.000    433.014    -0.6260  28.118535    -0.6241  28.118535     5.2596     5.4233    -0.0031    99.3383 1.0000e-12  -73.88352 -118.74644  50.582159      99.95 1.0643e+03    686.547      16478  1029.5897  1029.5879     4.7124     0.0715     0.1208    34.2161    34.2140    8.18781         19 0.0000e+00
    439.000    434.004    -0.6198  28.124939    -0.6186  28.124431     5.2583     5.4287    -0.0005    99.3389 1.0000e-12  -73.88352 -118.74644  50.582168      99.94 1.0653e+03    687.335      16497  1029.5949  1029.5931     4.7124     0.0708     0.1212    34.2172    34.2151    8.18642         20 0.0000e+00
    440.000    434.990    -0.6185  28.126525    -0.6169  28.126403     5.2626     5.4296    -0.0057    99.3286 1.0000e-12  -73.88352 -118.74644  50.582179      99.94 1.0660e+03    688.241      16519  1029.5997  1029.5980     4.7120     0.0712     0.1194    34.2173    34.2153    8.18613         24 0.0000e+00
    441.000    435.977    -0.6174  28.128120    -0.6154  28.128288     5.2587     5.4175    -0.0036    99.3439 1.0000e-12  -73.88352 -118.74644  50.582193      99.94 1.0642e+03    689.445      16548  1029.6046  1029.6029     4.7127     0.0712     0.1206    34.2175    34.2155    8.18586         31 0.0000e+00
    442.000    436.964    -0.6165  28.129500    -0.6146  28.129682     5.2575     5.4179     0.0106    99.3334 1.0000e-12  -73.88352 -118.74645  50.582207      99.95 1.0675e+03    690.663      16577  1029.6096  1029.6080     4.7122     0.0696     0.1209    34.2177    34.2158    8.18565         27 0.0000e+00
    443.000    437.953    -0.6142  28.132473    -0.6121  28.132900     5.2597     5.4144     0.0006    99.3378 1.0000e-12  -73.88352 -118.74645  50.582218      99.94 1.0670e+03    691.648      16601  1029.6148  1029.6133     4.7124     0.0708     0.1192    34.2185    34.2168    8.18511         22 0.0000e+00
    444.000    438.940    -0.6099  28.137913    -0.6075  28.138380     5.2535     5.4113    -0.0059    99.3403 1.0000e-12  -73.88352 -118.74644  50.582228      99.95 1.0628e+03    692.523      16622  1029.6209  1029.6190     4.7125     0.0717     0.1207    34.2205    34.2183    8.18408         20 0.0000e+00
    445.000    439.927    -0.6053  28.143162    -0.6035  28.143149     5.2507     5.4122    -0.0070    99.3347 1.0000e-12  -73.88352 -118.74644  50.582238      85.19 1.0630e+03    693.377      16642  1029.6264  1029.6245     4.7122     0.0698     0.1213    34.2218    34.2196    8.18302         21 0.0000e+00
    446.000    440.915    -0.6004  28.148758    -0.5986  28.148796     5.2572     5.4042    -0.0105    99.3370 1.0000e-12  -73.88354 -118.74644  50.582249      99.23 1.0664e+03    694.348      16665  1029.6319  1029.6302     4.7124     0.0712     0.1205    34.2231    34.2211    8.18187         26 0.0000e+00
    447.000    441.902    -0.5968  28.152971    -0.5947  28.153323     5.2440     5.4103    -0.0045    99.3483 1.0000e-12  -73.88354 -118.74644  50.582263      99.95 1.0645e+03    695.496      16693  1029.6372  1029.6356     4.7129     0.0713     0.1225    34.2241    34.2223    8.18103         28 0.0000e+00
    448.000    442.891    -0.5958  28.154524    -0.5934  28.155296     5.2488     5.4086     0.0013    99.3426 1.0000e-12  -73.88354 -118.74645  50.582275      99.95 1.0639e+03    696.583      16719  1029.6422  1029.6408     4.7126     0.0709     0.1192    34.2245    34.2228    8.18079         25 0.0000e+00
    449.000    443.878    -0.5945  28.156405    -0.5926  28.156577     5.2403     5.4043    -0.0079    99.3440 1.0000e-12  -73.88354 -118.74645  50.582287      99.94 1.0633e+03    697.570      16743  1029.6474  1029.6457     4.7127     0.0709     0.1230    34.2250    34.2230    8.18049         23 0.0000e+00
    450.000    444.865    -0.5924  28.158983    -0.5904  28.159308     5.2491     5.4082    -0.0074    99.3440 1.0000e-12  -73.88354 -118.74645  50.582298      99.94 1.0630e+03    698.545      16766  1029.6524  1029.6509     4.7127     0.0709     0.1187    34.2254    34.2237    8.18001         23 0.0000e+00
    451.000    445.852    -0.5908  28.161242    -0.5888  28.161345     5.2441     5.4081    -0.0042    99.3364 1.0000e-12  -73.88354 -118.74645  50.582309      99.94 1.0648e+03    699.536      16790  1029.6576  1029.6558     4.7123     0.0702     0.1215    34.2260    34.2240    8.17962         25 0.0000e+00
    452.000    446.839    -0.5901  28.162300    -0.5881  28.162585     5.2363     5.4031    -0.0125    99.3350 1.0000e-12  -73.88354 -118.74645  50.582321      99.95 1.0684e+03    700.541      16814  1029.6624  1029.6608     4.7123     0.0703     0.1201    34.2261    34.2243    8.17947         23 0.0000e+00
    453.000    447.828    -0.5902  28.162543    -0.5886  28.162572     5.2499     5.4056    -0.0064    99.3564 1.0000e-12  -73.88354 -118.74646  50.582333      99.94 1.0667e+03    701.532      16838  1029.6671  1029.6656     4.7133     0.0710     0.1230    34.2260    34.2242    8.17951         24 0.0000e+00
    454.000    448.815    -0.5897  28.163501    -0.5879  28.163626     5.2453     5.4060    -0.0061    99.3417 1.0000e-12  -73.88354 -118.74644  50.582344      99.94 1.0648e+03    702.504      16861  1029.6720  1029.6704     4.7126     0.0711     0.1199    34.2261    34.2243    8.17939         23 0.0000e+00
    455.000    449.803    -0.5899  28.163785    -0.5882  28.163779     5.2413     5.4132     0.0021    99.3107 1.0000e-12  -73.88354 -118.74646  50.582355      99.94 1.0636e+03    703.489      16885  1029.6767  1029.6751     4.7111     0.0719     0.1207    34.2261    34.2242    8.17943         24 0.0000e+00
    456.000    450.790    -0.5893  28.164699    -0.5874  28.165020     5.2411     5.4009     0.0018    99.3454 1.0000e-12  -73.88354 -118.74645  50.582367      99.94 1.0639e+03    704.536      16910  1029.6814  1029.6799     4.7127     0.0712     0.1193    34.2260    34.2243    8.17930         26 0.0000e+00
    457.000    451.778    -0.5838  28.171479    -0.5807  28.172531     5.2233     5.3936    -0.0057    99.3425 1.0000e-12  -73.88354 -118.74646  50.582380      72.62 1.0645e+03    705.596      16935  1029.6876  1029.6857     4.7127     0.0700     0.1211    34.2283    34.2262    8.17798         25 0.0000e+00
    458.000    452.765    -0.5620  28.193575    -0.5611  28.192840     5.2283     5.3894    -0.0124    99.3259 1.0000e-12  -73.88354 -118.74646  50.582391      96.15 1.0656e+03    706.575      16959  1029.6942  1029.6926     4.7118     0.0706     0.1189    34.2328    34.2309    8.17301         22 0.0000e+00
    459.000    453.753    -0.5598  28.196607    -0.5570  28.197508     5.2349     5.3909    -0.0087    99.3328 1.0000e-12  -73.88354 -118.74646  50.582402      99.86 1.0639e+03    707.495      16981  1029.6997  1029.6979     4.7121     0.0700     0.1190    34.2338    34.2319    8.17248         23 0.0000e+00
    460.000    454.739    -0.5570  28.199887    -0.5550  28.200083     5.2175     5.3889    -0.0070    99.3343 1.0000e-12  -73.88354 -118.74646  50.582412      99.95 1.0610e+03    708.434      17003  1029.7048  1029.7031     4.7122     0.0714     0.1218    34.2345    34.2324    8.17184         22 0.0000e+00
    461.000    455.729    -0.5557  28.201263    -0.5540  28.201410     5.2209     5.3802    -0.0023    99.3404 1.0000e-12  -73.88354 -118.74646  50.582424      99.94 1.0642e+03    709.454      17028  1029.7094  1029.7079     4.7125     0.0705     0.1221    34.2343    34.2325    8.17158         27 0.0000e+00
    462.000    456.715    -0.5524  28.205076    -0.5507  28.205212     5.2199     5.3766    -0.0004    99.3419 1.0000e-12  -73.88354 -118.74646  50.582437      99.95 1.0660e+03    710.570      17055  1029.7146  1029.7131     4.7126     0.0697     0.1178    34.2350    34.2333    8.17081         26 0.0000e+00
    463.000    457.703    -0.5503  28.207519    -0.5487  28.207591     5.2198     5.3785    -0.0044    99.3268 1.0000e-12  -73.88354 -118.74646  50.582449      99.95 1.0647e+03    711.627      17080  1029.7196  1029.7181     4.7118     0.0708     0.1187    34.2354    34.2337    8.17035         24 0.0000e+00
    464.000    458.689    -0.5498  28.208612    -0.5481  28.208766     5.2119     5.3798     0.0006    99.3474 1.0000e-12  -73.88354 -118.74646  50.582460      99.94 1.0659e+03    712.587      17103  1029.7246  1029.7230     4.7129     0.0709     0.1209    34.2357    34.2340    8.17023         23 0.0000e+00
    465.000    459.679    -0.5472  28.211846    -0.5456  28.211689     5.2015     5.3723     0.0028    99.3462 1.0000e-12  -73.88354 -118.74646  50.582472      99.94 1.0659e+03    713.537      17126  1029.7298  1029.7281     4.7128     0.0722     0.1212    34.2365    34.2345    8.16962         23 0.0000e+00
    466.000    460.664    -0.5383  28.222304    -0.5357  28.222767     5.2051     5.3753     0.0020    99.3432 1.0000e-12  -73.88354 -118.74646  50.582483      99.94 1.0629e+03    714.523      17150  1029.7367  1029.7346     4.7127     0.0717     0.1217    34.2400    34.2376    8.16751         24 0.0000e+00
    467.000    461.653    -0.5246  28.237179    -0.5229  28.236725     5.1976     5.3686    -0.0063    99.3020 1.0000e-12  -73.88354 -118.74646  50.582495      99.95 1.0658e+03    715.550      17174  1029.7435  1029.7413     4.7107     0.0719     0.1202    34.2439    34.2413    8.16433         25 0.0000e+00
