ocean_section_plots/required_files/ctd/dnbp2202_ctd200.cnv
* Sea-Bird SBE 9 Data File:
* FileName = D:\Data\raw\NBP2202_CTD200.hex
* Software Version Seasave V 7.26.7.121
* Temperature SN = 1649
* Conductivity SN = 2513
* Number of Bytes Per Scan = 40
* Number of Voltage Words = 5
* Number of Scans Averaged by the Deck Unit = 1
* NMEA Latitude = 73 52.88 S
* NMEA Longitude = 113 07.16 W
* NMEA UTC (Time) = Feb 08 2022  17:13:48
* NMEA baud rate = 9600
** Ship: RVIB N.B. Palmer
** Cruise: NBP2202 Thwaites
** Station: 119
** Operator: A. Robinson
# nquan = 28
# nvalues = 673                         
# units = specified
# name 0 = prDM: Pressure, Digiquartz [db]
# name 1 = depSM: Depth [salt water, m]
# name 2 = t090C: Temperature [ITS-90, deg C]
# name 3 = c0mS/cm: Conductivity [mS/cm]
# name 4 = t190C: Temperature, 2 [ITS-90, deg C]
# name 5 = c1mS/cm: Conductivity, 2 [mS/cm]
# name 6 = sbeox0ML/L: Oxygen, SBE 43 [ml/l]
# name 7 = sbeox1ML/L: Oxygen, SBE 43, 2 [ml/l]
# name 8 = flECO-AFL: Fluorescence, WET Labs ECO-AFL/FL [mg/m^3]
# name 9 = CStarTr0: Beam Transmission, WET Labs C-Star [%]
# name 10 = par: PAR/Irradiance, Biospherical/Licor
# name 11 = latitude: Latitude [deg]
# name 12 = longitude: Longitude [deg]
# name 13 = timeJ: Julian Days
# name 14 = altM: Altimeter [m]
# name 15 = spar: SPAR, Biospherical/Licor
# name 16 = timeS: Time, Elapsed [seconds]
# name 17 = scan: Scan Count
# name 18 = density00: Density [density, kg/m^3]
# name 19 = density11: Density, 2 [density, kg/m^3]
# name 20 = v3: Voltage 3
# name 21 = v4: Voltage 4
# name 22 = v5: Voltage 5
# name 23 = sal00: Salinity, Practical [PSU]
# name 24 = sal11: Salinity, Practical, 2 [PSU]
# name 25 = oxsolML/L: Oxygen Saturation, Garcia & Gordon [ml/l]
# name 26 = nbin: number of scans per bin
# name 27 = flag: flag
# span 0 =      1.000,    673.000       
# span 1 =      0.987,    664.968       
# span 2 =    -1.5893,     0.2047       
# span 3 =  27.073011,  29.081466       
# span 4 =    -1.5884,     0.2069       
# span 5 =  27.072799,  29.081611       
# span 6 =     4.6792,     9.0140       
# span 7 =     4.8046,     9.3149       
# span 8 =    -0.0167,    24.2786       
# span 9 =    75.9018,    98.6462       
# span 10 = -1.311e-04, 3.1687e+02      
# span 11 =  -73.88147,  -73.88144      
# span 12 = -113.11938, -113.11933      
# span 13 =  39.720726,  39.732436      
# span 14 =       2.89,     104.29      
# span 15 = 2.2917e+02, 2.9338e+02      
# span 16 =    242.728,   1254.487      
# span 17 =       5826,      30109      
# span 18 =  1027.1574,  1030.8133      
# span 19 =  1027.1565,  1030.8111      
# span 20 =     3.6011,     4.6796      
# span 21 =     0.0641,     4.2594      
# span 22 =     0.1129,     0.2644      
# span 23 =    33.7824,    34.4258      
# span 24 =    33.7810,    34.4235      
# span 25 =    7.99965,    8.40472      
# span 26 =         10,         48      
# span 27 = 0.0000e+00, 0.0000e+00      
# interval = decibars: 1                
# start_time = Feb 08 2022 17:13:48 [NMEA time, header]
# bad_flag = -9.990e-29
*END*
[from data line 622]
    623.000    615.635     0.1815  29.033854     0.1836  29.033877     4.6921     4.8212    -0.0052    98.1110 1.0000e-12  -73.88145 -113.11934  39.730240      54.25 2.8483e+02   1064.728      25554  1030.5736  1030.5716     4.6542     0.0658     0.1324    34.4175    34.4152    8.00494         33 0.0000e+00
    624.000    616.622     0.1813  29.034249     0.1835  29.034124     4.6951     4.8220    -0.0101    98.1238 1.0000e-12  -73.88144 -113.11935  39.730258      53.19 2.8642e+02   1066.262      25591  1030.5785  1030.5763     4.6549     0.0658     0.1334    34.4177    34.4151    8.00497         39 0.0000e+00
    625.000    617.609     0.1819  29.035176     0.1839  29.035158     4.6965     4.8230    -0.0031    98.1440 1.0000e-12  -73.88144 -113.11935  39.730285      52.08 2.8417e+02   1068.659      25649  1030.5832  1030.5812     4.6558     0.0649     0.1318    34.4177    34.4153    8.00485         43 0.0000e+00
    626.000    618.595     0.1816  29.035250     0.1835  29.035005     4.6922     4.8233    -0.0006    98.1494 1.0000e-12  -73.88144 -113.11934  39.730306      51.10 2.8484e+02   1070.472      25692  1030.5878  1030.5857     4.6561     0.0660     0.1348    34.4176    34.4150    8.00493         33 0.0000e+00
    627.000    619.582     0.1814  29.035584     0.1835  29.035460     4.6910     4.8227    -0.0020    98.1834 1.0000e-12  -73.88144 -113.11934  39.730321      50.23 2.8697e+02   1071.770      25723  1030.5925  1030.5904     4.6576     0.0657     0.1332    34.4176    34.4151    8.00495         31 0.0000e+00
    628.000    620.569     0.1818  29.036529     0.1840  29.036566     4.6973     4.8174    -0.0085    98.1137 1.0000e-12  -73.88144 -113.11934  39.730343      48.97 2.8554e+02   1073.620      25768  1030.5974  1030.5953     4.6544     0.0650     0.1355    34.4178    34.4154    8.00486         37 0.0000e+00
    629.000    621.554     0.1822  29.037204     0.1841  29.037005     4.6902     4.8191    -0.0066    98.1042 1.0000e-12  -73.88144 -113.11934  39.730372      48.05 2.8484e+02   1076.106      25828  1030.6020  1030.6000     4.6539     0.0658     0.1358    34.4176    34.4153    8.00478         37 0.0000e+00
    630.000    622.543     0.1812  29.036503     0.1833  29.036546     4.6945     4.8211     0.0041    98.1167 1.0000e-12  -73.88144 -113.11934  39.730388      47.11 2.8726e+02   1077.554      25862  1030.6065  1030.6045     4.6545     0.0650     0.1305    34.4173    34.4150    8.00502         33 0.0000e+00
    631.000    623.528     0.1814  29.037243     0.1832  29.036982     4.6919     4.8189    -0.0054    98.0965 1.0000e-12  -73.88144 -113.11934  39.730406      46.02 2.8550e+02   1079.120      25900  1030.6113  1030.6092     4.6536     0.0641     0.1351    34.4174    34.4151    8.00496         38 0.0000e+00
    632.000    624.516     0.1817  29.038070     0.1834  29.037695     4.6944     4.8204    -0.0100    98.1221 1.0000e-12  -73.88144 -113.11934  39.730431      44.92 2.8559e+02   1081.220      25950  1030.6161  1030.6141     4.6548     0.0662     0.1385    34.4176    34.4152    8.00489         42 0.0000e+00
    633.000    625.502     0.1818  29.038477     0.1835  29.038124     4.6925     4.8208     0.0058    98.1251 1.0000e-12  -73.88144 -113.11934  39.730452      43.95 2.8662e+02   1083.084      25995  1030.6207  1030.6187     4.6549     0.0643     0.1323    34.4175    34.4152    8.00489         39 0.0000e+00
    634.000    626.488     0.1818  29.038992     0.1838  29.038937     4.6961     4.8133    -0.0012    98.1040 1.0000e-12  -73.88144 -113.11934  39.730473      42.99 2.8559e+02   1084.907      26039  1030.6255  1030.6235     4.6539     0.0649     0.1341    34.4176    34.4153    8.00488         37 0.0000e+00
    635.000    627.475     0.1818  29.039431     0.1838  29.039247     4.6894     4.8154    -0.0015    98.1266 1.0000e-12  -73.88144 -113.11935  39.730493      41.97 2.8545e+02   1086.598      26079  1030.6301  1030.6280     4.6550     0.0653     0.1313    34.4175    34.4151    8.00487         39 0.0000e+00
    636.000    628.462     0.1818  29.039865     0.1839  29.039887     4.6945     4.8182     0.0047    98.1306 1.0000e-12  -73.88144 -113.11935  39.730512      40.88 2.8559e+02   1088.264      26119  1030.6348  1030.6328     4.6552     0.0642     0.1312    34.4175    34.4152    8.00487         40 0.0000e+00
    637.000    629.448     0.1820  29.040528     0.1838  29.040159     4.6905     4.8190     0.0182    98.0953 1.0000e-12  -73.88144 -113.11935  39.730540      39.78 2.8559e+02   1090.614      26176  1030.6396  1030.6375     4.6535     0.0654     0.1345    34.4176    34.4152    8.00483         41 0.0000e+00
    638.000    630.435     0.1847  29.044064     0.1864  29.043645     4.6919     4.8231    -0.0008    98.1266 1.0000e-12  -73.88144 -113.11935  39.730560      38.98 2.8559e+02   1092.369      26218  1030.6449  1030.6427     4.6550     0.0661     0.1357    34.4187    34.4162    8.00421         33 0.0000e+00
    639.000    631.422     0.1853  29.045121     0.1873  29.044992     4.6879     4.8243    -0.0070    98.1039 1.0000e-12  -73.88144 -113.11935  39.730575      37.90 2.8559e+02   1093.677      26249  1030.6496  1030.6475     4.6539     0.0677     0.1367    34.4188    34.4164    8.00408         32 0.0000e+00
    640.000    632.409     0.1850  29.045386     0.1872  29.045439     4.6898     4.8176    -0.0031    98.1027 1.0000e-12  -73.88144 -113.11934  39.730600      36.72 2.8559e+02   1095.860      26302  1030.6544  1030.6524     4.6539     0.0652     0.1343    34.4189    34.4166    8.00413         39 0.0000e+00
    641.000    633.394     0.1852  29.045864     0.1872  29.045818     4.6885     4.8181    -0.0025    98.0961 1.0000e-12  -73.88144 -113.11934  39.730626      35.82 2.8559e+02   1098.119      26356  1030.6590  1030.6570     4.6535     0.0651     0.1318    34.4187    34.4164    8.00410         34 0.0000e+00
    642.000    634.381     0.1853  29.046313     0.1871  29.046182     4.6904     4.8128    -0.0082    98.1157 1.0000e-12  -73.88144 -113.11936  39.730641      34.94 2.8559e+02   1099.411      26387  1030.6636  1030.6617     4.6545     0.0663     0.1343    34.4187    34.4164    8.00409         29 0.0000e+00
    643.000    635.368     0.1837  29.044859     0.1852  29.044527     4.6902     4.8135    -0.0038    98.1120 1.0000e-12  -73.88144 -113.11936  39.730659      33.78 2.8559e+02   1100.926      26423  1030.6680  1030.6661     4.6543     0.0653     0.1317    34.4179    34.4158    8.00447         34 0.0000e+00
    644.000    636.356     0.1831  29.044819     0.1855  29.045133     4.6933     4.8173    -0.0043    98.1395 1.0000e-12  -73.88144 -113.11935  39.730690      32.70 2.8559e+02   1103.586      26487  1030.6727  1030.6707     4.6556     0.0659     0.1377    34.4180    34.4157    8.00459         36 0.0000e+00
    645.000    637.341     0.1842  29.046319     0.1867  29.046841     4.6908     4.8184    -0.0043    98.1057 1.0000e-12  -73.88144 -113.11936  39.730708      31.82 2.8575e+02   1105.159      26525  1030.6774  1030.6755     4.6540     0.0660     0.1348    34.4181    34.4161    8.00434         34 0.0000e+00
    646.000    638.328     0.1821  29.044495     0.1841  29.044370     4.6901     4.8162    -0.0066    98.0622 1.0000e-12  -73.88144 -113.11936  39.730724      30.75 2.8676e+02   1106.541      26558  1030.6818  1030.6797     4.6519     0.0656     0.1357    34.4174    34.4151    8.00481         33 0.0000e+00
    647.000    639.313     0.1823  29.045378     0.1844  29.045297     4.6895     4.8194    -0.0022    98.0246 1.0000e-12  -73.88144 -113.11936  39.730748      29.62 2.8569e+02   1108.647      26609  1030.6867  1030.6846     4.6502     0.0663     0.1324    34.4178    34.4154    8.00475         40 0.0000e+00
    648.000    640.302     0.1825  29.045807     0.1844  29.045616     4.6906     4.8190    -0.0052    98.0445 1.0000e-12  -73.88144 -113.11936  39.730774      28.67 2.8674e+02   1110.899      26663  1030.6912  1030.6892     4.6511     0.0655     0.1342    34.4176    34.4153    8.00472         38 0.0000e+00
    649.000    641.287     0.1827  29.046394     0.1848  29.046462     4.6931     4.8199    -0.0111    98.0856 1.0000e-12  -73.88144 -113.11936  39.730793      27.71 2.8778e+02   1112.471      26700  1030.6959  1030.6939     4.6530     0.0663     0.1344    34.4175    34.4153    8.00469         36 0.0000e+00
    650.000    642.274     0.1830  29.047233     0.1850  29.047110     4.6920     4.8175    -0.0063    98.0979 1.0000e-12  -73.88144 -113.11936  39.730811      26.64 2.8645e+02   1114.055      26738  1030.7007  1030.6987     4.6536     0.0661     0.1324    34.4177    34.4154    8.00461         41 0.0000e+00
    651.000    643.261     0.1839  29.048751     0.1855  29.048149     4.6917     4.8129    -0.0085    98.1086 1.0000e-12  -73.88144 -113.11935  39.730838      25.54 2.8705e+02   1116.418      26795  1030.7057  1030.7035     4.6541     0.0667     0.1355    34.4182    34.4156    8.00441         46 0.0000e+00
    652.000    644.248     0.1862  29.051806     0.1884  29.051887     4.6890     4.8133    -0.0091    98.1101 1.0000e-12  -73.88144 -113.11935  39.730859      24.68 2.8735e+02   1118.251      26839  1030.7108  1030.7087     4.6542     0.0674     0.1359    34.4190    34.4167    8.00388         36 0.0000e+00
    653.000    645.233     0.1872  29.053235     0.1889  29.052938     4.6880     4.8155    -0.0087    98.1241 1.0000e-12  -73.88144 -113.11935  39.730876      23.64 2.8735e+02   1119.698      26874  1030.7156  1030.7136     4.6549     0.0665     0.1326    34.4192    34.4169    8.00366         36 0.0000e+00
    654.000    646.220     0.1873  29.053962     0.1895  29.054113     4.6899     4.8165     0.0024    98.0826 1.0000e-12  -73.88144 -113.11934  39.730898      22.53 2.8735e+02   1121.617      26920  1030.7205  1030.7185     4.6529     0.0660     0.1369    34.4195    34.4172    8.00362         41 0.0000e+00
    655.000    647.207     0.1884  29.055554     0.1903  29.055380     4.6898     4.8078    -0.0077    98.1241 1.0000e-12  -73.88144 -113.11934  39.730924      21.55 2.8805e+02   1123.837      26973  1030.7253  1030.7233     4.6549     0.0662     0.1330    34.4198    34.4174    8.00338         41 0.0000e+00
    656.000    648.194     0.1869  29.054211     0.1886  29.053823     4.6889     4.8146    -0.0073    98.1391 1.0000e-12  -73.88144 -113.11934  39.730942      20.59 2.8751e+02   1125.406      27011  1030.7296  1030.7276     4.6556     0.0662     0.1326    34.4191    34.4167    8.00373         36 0.0000e+00
    657.000    649.182     0.1861  29.053906     0.1880  29.053590     4.6922     4.8176    -0.0038    98.1312 1.0000e-12  -73.88144 -113.11934  39.730964      19.45 2.8735e+02   1127.275      27056  1030.7343  1030.7322     4.6552     0.0677     0.1344    34.4190    34.4165    8.00390         39 0.0000e+00
    658.000    650.166     0.1878  29.056252     0.1900  29.056316     4.6926     4.8122    -0.0052    98.1178 1.0000e-12  -73.88144 -113.11934  39.730990      18.47 2.8735e+02   1129.507      27109  1030.7393  1030.7373     4.6546     0.0670     0.1325    34.4196    34.4173    8.00351         38 0.0000e+00
    659.000    651.153     0.1871  29.055519     0.1889  29.055445     4.6895     4.8111    -0.0064    98.1361 1.0000e-12  -73.88144 -113.11934  39.731007      17.53 2.8735e+02   1131.005      27145  1030.7436  1030.7417     4.6554     0.0692     0.1355    34.4189    34.4168    8.00371         34 0.0000e+00
    660.000    652.138     0.1868  29.055944     0.1886  29.055596     4.6858     4.8134    -0.0020    98.1192 1.0000e-12  -73.88144 -113.11934  39.731029      16.39 2.8761e+02   1132.867      27190  1030.7485  1030.7464     4.6546     0.0676     0.1389    34.4192    34.4167    8.00375         35 0.0000e+00
    661.000    653.129     0.1873  29.056715     0.1889  29.056316     4.6842     4.8128    -0.0073    98.1410 1.0000e-12  -73.88144 -113.11934  39.731055      15.43 2.8924e+02   1135.188      27246  1030.7531  1030.7510     4.6557     0.0677     0.1353    34.4191    34.4167    8.00365         32 0.0000e+00
    662.000    654.113     0.1956  29.067142     0.1991  29.068409     4.6860     4.8112    -0.0026    98.1554 1.0000e-12  -73.88144 -113.11934  39.731072      14.52 2.8789e+02   1136.619      27280  1030.7600  1030.7579     4.6563     0.0684     0.1369    34.4229    34.4206    8.00171         32 0.0000e+00
    663.000    655.097     0.2017  29.074442     0.2037  29.073770     4.6792     4.8091    -0.0060    98.1415 1.0000e-12  -73.88144 -113.11934  39.731091      13.39 2.8785e+02   1138.232      27319  1030.7659  1030.7632     4.6557     0.0670     0.1341    34.4250    34.4220    8.00031         39 0.0000e+00
    664.000    656.085     0.2039  29.077178     0.2063  29.077378     4.6854     4.8046    -0.0088    98.1429 1.0000e-12  -73.88144 -113.11934  39.731120      12.36 2.9008e+02   1140.767      27379  1030.7709  1030.7688     4.6558     0.0683     0.1316    34.4257    34.4232    7.99983         37 0.0000e+00
    665.000    657.073     0.2044  29.078138     0.2065  29.078172     4.6838     4.8102    -0.0084    98.1463 1.0000e-12  -73.88144 -113.11934  39.731138      11.43 2.8911e+02   1142.337      27417  1030.7757  1030.7737     4.6559     0.0680     0.1308    34.4258    34.4235    7.99972         33 0.0000e+00
    666.000    658.058     0.2044  29.078560     0.2065  29.078558     4.6818     4.8100    -0.0036    98.1704 1.0000e-12  -73.88144 -113.11934  39.731156      10.36 2.8911e+02   1143.874      27454  1030.7804  1030.7784     4.6570     0.0675     0.1316    34.4258    34.4234    7.99972         44 0.0000e+00
    667.000    659.045     0.2045  29.079113     0.2065  29.079048     4.6832     4.8104    -0.0037    98.1570 1.0000e-12  -73.88144 -113.11934  39.731182       9.29 2.9007e+02   1146.132      27508  1030.7852  1030.7831     4.6564     0.0679     0.1320    34.4258    34.4234    7.99969         42 0.0000e+00
    668.000    660.032     0.2047  29.079667     0.2068  29.079593     4.6814     4.8103    -0.0090    98.1973 1.0000e-12  -73.88144 -113.11933  39.731204       8.34 2.8909e+02   1148.014      27553  1030.7898  1030.7878     4.6583     0.0671     0.1364    34.4257    34.4233    7.99965         38 0.0000e+00
    669.000    661.019     0.2047  29.080087     0.2068  29.080079     4.6831     4.8086    -0.0062    98.1590 1.0000e-12  -73.88144 -113.11934  39.731222       7.33 2.8916e+02   1149.572      27591  1030.7946  1030.7925     4.6565     0.0679     0.1340    34.4257    34.4233    7.99966         39 0.0000e+00
    670.000    662.004     0.2045  29.080366     0.2066  29.080326     4.6820     4.8066    -0.0055    98.1458 1.0000e-12  -73.88144 -113.11934  39.731244       6.24 2.8989e+02   1151.440      27636  1030.7993  1030.7971     4.6559     0.0680     0.1321    34.4257    34.4232    7.99970         43 0.0000e+00
    671.000    662.991     0.2044  29.080689     0.2066  29.080758     4.6855     4.8092    -0.0070    98.1346 1.0000e-12  -73.88144 -113.11933  39.731282       5.15 2.8954e+02   1154.766      27715  1030.8040  1030.8019     4.6554     0.0675     0.1319    34.4257    34.4233    7.99973         41 0.0000e+00
    672.000    663.974     0.2045  29.081159     0.2067  29.081240     4.6856     4.8148    -0.0006    98.1453 1.0000e-12  -73.88144 -113.11934  39.731377       4.07 2.8960e+02   1163.001      27913  1030.8086  1030.8066     4.6560     0.0675     0.1339    34.4256    34.4232    7.99971         40 0.0000e+00
    673.000    664.968     0.2044  29.081466     0.2069  29.081611     4.6930     4.8102    -0.0000    98.1394 1.0000e-12  -73.88144 -113.11935  39.732436       2.89 2.9338e+02   1254.487      30109  1030.8133  1030.8111     4.6558     0.0697     0.1393    34.4255    34.4229    7.99973         10 0.0000e+00
