ocean_section_plots/required_files/ctd/dnbp2202_ctd219.cnv
* Sea-Bird SBE 9 Data File:
* FileName = D:\Data\raw\NBP2202_CTD219.hex
* Software Version Seasave V 7.26.7.121
* Temperature SN = 1649
* Conductivity SN = 2513
* Number of Bytes Per Scan = 40
* Number of Voltage Words = 5
* Number of Scans Averaged by the Deck Unit = 1
* NMEA Latitude = 74 05.19 S
* NMEA Longitude = 111 21.87 W
* NMEA UTC (Time) = Feb 11 2022  11:03:02
* NMEA baud rate = 9600
** Ship: RVIB N.B. Palmer
** Cruise: NBP2202 Thwaites
** Station: 131
** Operator: B. Bjork
# nquan = 28
# nvalues = 390                         
# units = specified
# name 0 = prDM: Pressure, Digiquartz [db]
# name 1 = depSM: Depth [salt water, m]
# name 2 = t090C: Temperature [ITS-90, deg C]
# name 3 = c0mS/cm: Conductivity [mS/cm]
# name 4 = t190C: Temperature, 2 [ITS-90, deg C]
# name 5 = c1mS/cm: Conductivity, 2 [mS/cm]
# name 6 = sbeox0ML/L: Oxygen, SBE 43 [ml/l]
# name 7 = sbeox1ML/L: Oxygen, SBE 43, 2 [ml/l]
# name 8 = flECO-AFL: Fluorescence, WET Labs ECO-AFL/FL [mg/m^3]
# name 9 = CStarTr0: Beam Transmission, WET Labs C-Star [%]
# name 10 = par: PAR/Irradiance, Biospherical/Licor
# name 11 = latitude: Latitude [deg]
# name 12 = longitude: Longitude [deg]
# name 13 = timeJ: Julian Days
# name 14 = altM: Altimeter [m]
# name 15 = spar: SPAR, Biospherical/Licor
# name 16 = timeS: Time, Elapsed [seconds]
# name 17 = scan: Scan Count
# name 18 = density00: Density [density, kg/m^3]
# name 19 = density11: Density, 2 [density, kg/m^3]
# name 20 = v3: Voltage 3
# name 21 = v4: Voltage 4
# name 22 = v5: Voltage 5
# name 23 = sal00: Salinity, Practical [PSU]
# name 24 = sal11: Salinity, Practical, 2 [PSU]
# name 25 = oxsolML/L: Oxygen Saturation, Garcia & Gordon [ml/l]
# name 26 = nbin: number of scans per bin
# name 27 = flag: flag
# span 0 =      3.000,    392.000       
# span 1 =      2.968,    387.579       
# span 2 =    -1.5618,    -0.8816       
# span 3 =  26.898155,  27.864794       
# span 4 =    -1.5608,    -0.8826       
# span 5 =  26.898383,  27.861377       
# span 6 =     5.6556,     6.7692       
# span 7 =     5.8515,     6.9723       
# span 8 =    -0.0150,     4.7996       
# span 9 =    91.3721,    97.9174       
# span 10 = 1.0000e-12, 8.4453e+00      
# span 11 =  -74.08658,  -74.08658      
# span 12 = -111.36459, -111.36454      
# span 13 =  42.462855,  42.468239      
# span 14 =       5.39,     100.12      
# span 15 = 3.1198e+01, 4.7446e+01      
# span 16 =    208.640,    673.875      
# span 17 =       5008,      16174      
# span 18 =  1027.1723,  1029.3579      
# span 19 =  1027.1699,  1029.3553      
# span 20 =     4.3346,     4.6450      
# span 21 =     0.0643,     0.7205      
# span 22 =     0.1182,     0.1465      
# span 23 =    33.7571,    34.1907      
# span 24 =    33.7607,    34.1871      
# span 25 =    8.24493,    8.40815      
# span 26 =         17,         47      
# span 27 = 0.0000e+00, 0.0000e+00      
# interval = decibars: 1                
# start_time = Feb 11 2022 11:03:02 [NMEA time, header]
# bad_flag = -9.990e-29
*END*
      3.000      2.968    -1.2738  27.053783    -1.2782  27.046184     6.7545     6.5140     3.4950    91.7802 8.4453e+00  -74.08658 -111.36456  42.462855      81.90 3.2543e+01    208.640       5008  1027.1739  1027.1699     4.3542     0.6730     0.1434    33.7672    33.7618    8.35668         32 0.0000e+00
      4.000      3.958    -1.2761  27.044941    -1.3270  27.008472     6.7359     6.5356     3.3753    91.9593 7.2435e+00  -74.08658 -111.36456  42.462896      99.63 3.1775e+01    212.205       5094  1027.1723  1027.1813     4.3625     0.4877     0.1389    33.7571    33.7644    8.35779         44 0.0000e+00
      5.000      4.949    -1.4563  26.900039    -1.4585  26.899141     6.7291     6.5873     3.1236    92.1527 6.1499e+00  -74.08658 -111.36456  42.462923      99.83 3.2519e+01    214.528       5150  1027.1908  1027.1915     4.3717     0.6037     0.1413    33.7607    33.7620    8.39804         47 0.0000e+00
      6.000      5.938    -1.4590  26.898155    -1.4593  26.898383     6.7318     6.6672     3.3185    92.3637 5.2487e+00  -74.08658 -111.36456  42.462948      99.84 3.2163e+01    216.670       5201  1027.1949  1027.1952     4.3817     0.5968     0.1378    33.7606    33.7613    8.39866         45 0.0000e+00
      7.000      6.927    -1.4589  26.898773    -1.4593  26.898925     6.7264     6.7330     2.9169    92.5295 4.3899e+00  -74.08658 -111.36456  42.462970      99.83 3.2392e+01    218.647       5249  1027.1993  1027.1996     4.3896     0.6036     0.1384    33.7607    33.7613    8.39863         43 0.0000e+00
      8.000      7.917    -1.4585  26.899989    -1.4586  26.900628     6.7314     6.7892     3.5155    91.3721 3.8822e+00  -74.08658 -111.36456  42.462992      99.84 3.3498e+01    220.538       5294  1027.2042  1027.2049     4.3346     0.5874     0.1367    33.7613    33.7623    8.39851         45 0.0000e+00
      9.000      8.907    -1.4587  26.900384    -1.4587  26.900945     6.7446     6.8402     3.3340    91.9116 3.3928e+00  -74.08658 -111.36456  42.463014      96.80 3.3495e+01    222.441       5340  1027.2089  1027.2094     4.3604     0.6240     0.1391    33.7614    33.7622    8.39854         36 0.0000e+00
     10.000      9.896    -1.4593  26.899748    -1.4594  26.900141     6.7539     6.8984     4.0484    92.2910 2.9849e+00  -74.08658 -111.36456  42.463036      97.35 3.3495e+01    224.334       5385  1027.2129  1027.2133     4.3781     0.6536     0.1405    33.7606    33.7613    8.39873         45 0.0000e+00
     11.000     10.886    -1.4594  26.899950    -1.4596  26.900363     6.7597     6.9304     4.0720    91.5222 2.6090e+00  -74.08658 -111.36456  42.463059      99.86 3.3495e+01    226.292       5432  1027.2174  1027.2179     4.3417     0.6155     0.1393    33.7604    33.7612    8.39878         40 0.0000e+00
     12.000     11.875    -1.4595  26.900433    -1.4595  26.900608     6.7692     6.9564     4.5765    91.6952 2.2935e+00  -74.08658 -111.36456  42.463081      99.83 3.3495e+01    228.183       5477  1027.2221  1027.2223     4.3500     0.5834     0.1382    33.7605    33.7608    8.39878         40 0.0000e+00
     13.000     12.865    -1.4593  26.900853    -1.4595  26.901046     6.7682     6.9590     4.1915    91.8388 2.0173e+00  -74.08658 -111.36456  42.463103      99.85 3.3495e+01    230.073       5523  1027.2267  1027.2270     4.3570     0.5484     0.1405    33.7603    33.7608    8.39876         40 0.0000e+00
     14.000     13.855    -1.4595  26.901382    -1.4595  26.901572     6.7621     6.9576     3.4592    92.0162 1.7803e+00  -74.08658 -111.36457  42.463124      99.83 3.3495e+01    231.942       5568  1027.2316  1027.2318     4.3655     0.6206     0.1373    33.7605    33.7609    8.39877         30 0.0000e+00
     15.000     14.844    -1.4594  26.901932    -1.4596  26.902117     6.7623     6.9599     3.5056    91.8119 1.5728e+00  -74.08658 -111.36457  42.463145      99.82 3.3495e+01    233.768       5611  1027.2365  1027.2367     4.3557     0.6514     0.1408    33.7606    33.7610    8.39876         38 0.0000e+00
     16.000     15.834    -1.4595  26.902358    -1.4595  26.902612     6.7617     6.9646     3.6789    92.3924 1.3786e+00  -74.08658 -111.36457  42.463167      99.85 3.3495e+01    235.595       5655  1027.2412  1027.2415     4.3830     0.5241     0.1389    33.7606    33.7610    8.39877         40 0.0000e+00
     17.000     16.823    -1.4592  26.902990    -1.4593  26.903227     6.7607     6.9689     4.0179    92.1462 1.2103e+00  -74.08658 -111.36456  42.463188      96.15 3.3495e+01    237.438       5700  1027.2460  1027.2463     4.3714     0.5405     0.1394    33.7606    33.7611    8.39872         38 0.0000e+00
     18.000     17.813    -1.4594  26.903426    -1.4594  26.903479     6.7600     6.9692     3.4208    92.7580 1.0584e+00  -74.08658 -111.36456  42.463210     100.07 3.3495e+01    239.307       5744  1027.2509  1027.2509     4.3999     0.5902     0.1329    33.7607    33.7608    8.39874         34 0.0000e+00
     19.000     18.804    -1.4594  26.904005    -1.4593  26.904187     6.7480     6.9648     4.7996    92.1716 9.2026e-01  -74.08658 -111.36457  42.463231      99.85 3.3495e+01    241.175       5789  1027.2558  1027.2560     4.3725     0.5588     0.1372    33.7609    33.7611    8.39873         32 0.0000e+00
     20.000     19.792    -1.4593  26.904672    -1.4592  26.904904     6.7501     6.9656     3.1540    92.5801 8.0610e-01  -74.08658 -111.36457  42.463253      99.83 3.3495e+01    243.039       5834  1027.2607  1027.2609     4.3920     0.6275     0.1347    33.7611    33.7613    8.39870         42 0.0000e+00
     21.000     20.781    -1.4591  26.905208    -1.4592  26.905290     6.7518     6.9699     3.0446    92.3448 7.1302e-01  -74.08658 -111.36458  42.463274      99.84 3.3495e+01    244.886       5878  1027.2655  1027.2657     4.3808     0.5733     0.1397    33.7610    33.7613    8.39867         36 0.0000e+00
     22.000     21.771    -1.4594  26.905216    -1.4593  26.905480     6.7514     6.9632     4.3292    92.5651 6.2825e-01  -74.08658 -111.36458  42.463295      99.84 3.3495e+01    246.700       5922  1027.2701  1027.2702     4.3912     0.5589     0.1376    33.7607    33.7609    8.39875         38 0.0000e+00
     23.000     22.760    -1.4592  26.906173    -1.4591  26.906344     6.7389     6.9531     3.5528    92.0632 5.4886e-01  -74.08658 -111.36458  42.463316      99.82 3.3495e+01    248.539       5966  1027.2752  1027.2754     4.3676     0.6248     0.1394    33.7612    33.7613    8.39867         38 0.0000e+00
     24.000     23.750    -1.4589  26.907248    -1.4588  26.907444     6.7366     6.9496     3.6712    91.3897 4.7840e-01  -74.08658 -111.36458  42.463338      98.10 3.3495e+01    250.382       6010  1027.2805  1027.2806     4.3356     0.5417     0.1399    33.7618    33.7619    8.39858         41 0.0000e+00
     25.000     24.740    -1.4590  26.907681    -1.4588  26.907977     6.7419     6.9566     3.0608    92.7850 4.1568e-01  -74.08658 -111.36458  42.463359      99.84 3.3495e+01    252.208       6054  1027.2854  1027.2855     4.4017     0.5800     0.1359    33.7618    33.7619    8.39859         41 0.0000e+00
     26.000     25.729    -1.4591  26.907966    -1.4589  26.908157     6.7346     6.9573     3.7809    92.3360 3.6545e-01  -74.08658 -111.36458  42.463380      99.86 3.3780e+01    254.047       6098  1027.2900  1027.2901     4.3804     0.5121     0.1374    33.7616    33.7617    8.39862         44 0.0000e+00
     27.000     26.719    -1.4588  26.908868    -1.4586  26.908973     6.7338     6.9554     3.1068    92.5773 3.2074e-01  -74.08658 -111.36458  42.463402      99.86 3.3946e+01    255.905       6143  1027.2951  1027.2950     4.3919     0.4880     0.1409    33.7619    33.7619    8.39854         43 0.0000e+00
     28.000     27.708    -1.4587  26.909540    -1.4584  26.909816     6.7371     6.9645     2.9759    92.1753 2.7983e-01  -74.08658 -111.36458  42.463423      99.82 3.4119e+01    257.746       6187  1027.3000  1027.3001     4.3728     0.6240     0.1375    33.7621    33.7622    8.39850         39 0.0000e+00
     29.000     28.699    -1.4592  26.909103    -1.4589  26.909451     6.7382     6.9545     3.6355    92.1925 2.4339e-01  -74.08658 -111.36458  42.463444      99.82 3.3850e+01    259.594       6231  1027.3043  1027.3044     4.3736     0.6232     0.1464    33.7614    33.7615    8.39866         40 0.0000e+00
     30.000     29.687    -1.4585  26.910839    -1.4585  26.910561     6.7520     6.9677     3.8255    92.7705 2.1227e-01  -74.08658 -111.36458  42.463466      99.79 3.4283e+01    261.476       6276  1027.3099  1027.3096     4.4008     0.7205     0.1375    33.7624    33.7620    8.39844         45 0.0000e+00
     31.000     30.678    -1.4595  26.909163    -1.4594  26.909442     6.7525     6.9723     4.2948    91.9646 1.8593e-01  -74.08658 -111.36458  42.463487      99.87 3.5034e+01    263.288       6320  1027.3133  1027.3135     4.3627     0.4609     0.1342    33.7606    33.7608    8.39878         38 0.0000e+00
     32.000     31.667    -1.4595  26.909734    -1.4594  26.909801     6.7470     6.9699     3.2203    91.9790 1.6059e-01  -74.08658 -111.36459  42.463506      99.85 3.4692e+01    264.919       6359  1027.3182  1027.3182     4.3635     0.5168     0.1413    33.7607    33.7607    8.39876         34 0.0000e+00
     33.000     32.656    -1.4593  26.910495    -1.4592  26.910843     6.7412     6.9624     3.5589    92.7975 1.3858e-01  -74.08658 -111.36459  42.463524      99.83 3.5157e+01    266.457       6396  1027.3233  1027.3235     4.4023     0.6054     0.1424    33.7610    33.7613    8.39872         37 0.0000e+00
     34.000     33.646    -1.4590  26.911677    -1.4590  26.911667     6.7417     6.9641     3.2004    92.4784 1.1827e-01  -74.08658 -111.36459  42.463541      99.83 3.5260e+01    267.945       6432  1027.3286  1027.3285     4.3871     0.5977     0.1365    33.7617    33.7616    8.39861         33 0.0000e+00
     35.000     34.637    -1.4589  26.911939    -1.4589  26.912161     6.7440     6.9647     4.1250    91.9259 9.9831e-02  -74.08658 -111.36459  42.463558      99.86 3.5258e+01    269.424       6467  1027.3331  1027.3333     4.3610     0.4917     0.1348    33.7613    33.7616    8.39861         31 0.0000e+00
     36.000     35.624    -1.4592  26.911889    -1.4591  26.912128     6.7320     6.9571     4.2124    92.6149 8.4193e-02  -74.08658 -111.36458  42.463575      99.85 3.5645e+01    270.881       6502  1027.3376  1027.3378     4.3932     0.5400     0.1347    33.7609    33.7611    8.39870         35 0.0000e+00
     37.000     36.613    -1.4585  26.913534    -1.4584  26.913710     6.6567     6.8927     3.2354    91.9597 6.9495e-02  -74.08658 -111.36458  42.463592      99.82 3.6313e+01    272.351       6537  1027.3430  1027.3432     4.3630     0.6398     0.1417    33.7617    33.7619    8.39848         31 0.0000e+00
     38.000     37.603    -1.4520  26.924740    -1.4527  26.923430     6.5809     6.8252     3.2366    92.3285 5.6197e-02  -74.08658 -111.36458  42.463609      99.83 3.5942e+01    273.822       6573  1027.3536  1027.3528     4.3800     0.6036     0.1396    33.7692    33.7682    8.39657         36 0.0000e+00
     39.000     38.593    -1.4467  26.933498    -1.4473  26.932528     6.5495     6.7857     3.5130    92.4535 4.4776e-02  -74.08658 -111.36458  42.463626      99.84 3.6296e+01    275.274       6608  1027.3626  1027.3620     4.3860     0.5828     0.1395    33.7747    33.7740    8.39505         34 0.0000e+00
     40.000     39.582    -1.4415  26.942748    -1.4420  26.941652     6.5225     6.7554     3.5384    92.1399 3.4197e-02  -74.08658 -111.36458  42.463642      99.82 3.6870e+01    276.707       6642  1027.3722  1027.3714     4.3710     0.6417     0.1367    33.7809    33.7799    8.39350         35 0.0000e+00
     41.000     40.572    -1.4402  26.945333    -1.4395  26.946206     6.4950     6.7258     3.8162    91.7401 2.4276e-02  -74.08658 -111.36458  42.463659      99.86 3.6417e+01    278.164       6677  1027.3782  1027.3785     4.3522     0.5159     0.1381    33.7824    33.7828    8.39313         35 0.0000e+00
     42.000     41.561    -1.4363  26.952575    -1.4363  26.952080     6.4654     6.7006     4.0906    92.1843 1.6403e-02  -74.08658 -111.36458  42.463676      99.87 3.6893e+01    279.634       6712  1027.3869  1027.3863     4.3732     0.4457     0.1399    33.7874    33.7867    8.39195         35 0.0000e+00
     43.000     42.551    -1.4338  26.957843    -1.4338  26.957308     6.4593     6.6870     4.1096    92.5598 8.5866e-03  -74.08658 -111.36458  42.463693      99.85 3.7021e+01    281.068       6747  1027.3947  1027.3941     4.3909     0.5514     0.1465    33.7911    33.7904    8.39116         34 0.0000e+00
     44.000     43.540    -1.4329  26.959757    -1.4327  26.959910     6.4637     6.6805     3.0052    92.1829 2.1228e-03  -74.08658 -111.36457  42.463709      99.87 3.7021e+01    282.495       6781  1027.4003  1027.4003     4.3733     0.4638     0.1370    33.7922    33.7921    8.39090         35 0.0000e+00
     45.000     44.529    -1.4325  26.960757    -1.4323  26.960794     6.4702     6.6753     3.3436    92.5188 7.9198e-06  -74.08658 -111.36457  42.463726      99.87 3.7021e+01    283.953       6816  1027.4054  1027.4052     4.3890     0.4498     0.1438    33.7924    33.7922    8.39079         35 0.0000e+00
     46.000     45.519    -1.4322  26.961918    -1.4318  26.962226     6.4585     6.6742     3.0586    92.1221 1.0000e-12  -74.08658 -111.36457  42.463743      99.87 3.7021e+01    285.411       6851  1027.4107  1027.4107     4.3702     0.4293     0.1375    33.7930    33.7930    8.39068         35 0.0000e+00
     47.000     46.508    -1.4320  26.963056    -1.4317  26.963144     6.4667     6.6770     2.5853    93.2378 1.0000e-12  -74.08658 -111.36456  42.463760      99.87 3.7021e+01    286.852       6885  1027.4161  1027.4160     4.4231     0.4314     0.1380    33.7937    33.7936    8.39059         34 0.0000e+00
     48.000     47.499    -1.4321  26.964010    -1.4318  26.964113     6.4617     6.6705     2.7966    93.3250 1.0000e-12  -74.08658 -111.36456  42.463777      99.89 3.7021e+01    288.300       6920  1027.4217  1027.4215     4.4274     0.3828     0.1360    33.7946    33.7943    8.39057         33 0.0000e+00
     49.000     48.486    -1.4325  26.965302    -1.4323  26.965446     6.4569     6.6687     2.4306    93.3201 1.0000e-12  -74.08658 -111.36456  42.463794      97.45 3.7021e+01    289.771       6956  1027.4278  1027.4278     4.4271     0.3910     0.1293    33.7961    33.7961    8.39056         33 0.0000e+00
     50.000     49.478    -1.4325  26.965986    -1.4323  26.966096     6.4615     6.6683     1.9569    93.1999 1.0000e-12  -74.08658 -111.36456  42.463810      99.89 3.7021e+01    291.217       6990  1027.4329  1027.4328     4.4213     0.4272     0.1404    33.7965    33.7964    8.39054         35 0.0000e+00
     51.000     50.466    -1.4324  26.966416    -1.4320  26.966501     6.4574     6.6680     2.1601    93.4025 1.0000e-12  -74.08658 -111.36457  42.463827      99.88 3.7021e+01    292.654       7025  1027.4377  1027.4374     4.4310     0.4075     0.1366    33.7964    33.7960    8.39054         34 0.0000e+00
     52.000     51.456    -1.4325  26.966671    -1.4321  26.966924     6.4493     6.6733     2.7970    93.6207 1.0000e-12  -74.08658 -111.36457  42.463843      99.88 3.7021e+01    294.035       7058  1027.4423  1027.4423     4.4413     0.3895     0.1348    33.7962    33.7961    8.39056         32 0.0000e+00
     53.000     52.445    -1.4324  26.967208    -1.4322  26.967171     6.4565     6.6681     2.7886    93.8978 1.0000e-12  -74.08658 -111.36458  42.463858      99.88 3.7021e+01    295.319       7089  1027.4472  1027.4469     4.4544     0.4347     0.1343    33.7962    33.7959    8.39054         30 0.0000e+00
