ocean_section_plots/required_files/ctd/dnbp2202_ctd256.cnv
* Sea-Bird SBE 9 Data File:
* FileName = D:\Data\raw\NBP2202_CTD256.hex
* Software Version Seasave V 7.26.7.121
* Temperature SN = 1649
* Conductivity SN = 2513
* Number of Bytes Per Scan = 40
* Number of Voltage Words = 5
* Number of Scans Averaged by the Deck Unit = 1
* NMEA Latitude = 74 02.92 S
* NMEA Longitude = 117 38.67 W
* NMEA UTC (Time) = Feb 15 2022  20:34:14
* NMEA baud rate = 9600
** Ship: RVIB N.B. Palmer
** Cruise: NBP2202 Thwaites
** Station: 164
** Operator: A. Robinson
# nquan = 28
# nvalues = 395                         
# units = specified
# name 0 = prDM: Pressure, Digiquartz [db]
# name 1 = depSM: Depth [salt water, m]
# name 2 = t090C: Temperature [ITS-90, deg C]
# name 3 = c0mS/cm: Conductivity [mS/cm]
# name 4 = t190C: Temperature, 2 [ITS-90, deg C]
# name 5 = c1mS/cm: Conductivity, 2 [mS/cm]
# name 6 = sbeox0ML/L: Oxygen, SBE 43 [ml/l]
# name 7 = sbeox1ML/L: Oxygen, SBE 43, 2 [ml/l]
# name 8 = flECO-AFL: Fluorescence, WET Labs ECO-AFL/FL [mg/m^3]
# name 9 = CStarTr0: Beam Transmission, WET Labs C-Star [%]
# name 10 = par: PAR/Irradiance, Biospherical/Licor
# name 11 = latitude: Latitude [deg]
# name 12 = longitude: Longitude [deg]
# name 13 = timeJ: Julian Days
# name 14 = altM: Altimeter [m]
# name 15 = spar: SPAR, Biospherical/Licor
# name 16 = timeS: Time, Elapsed [seconds]
# name 17 = scan: Scan Count
# name 18 = density00: Density [density, kg/m^3]
# name 19 = density11: Density, 2 [density, kg/m^3]
# name 20 = v3: Voltage 3
# name 21 = v4: Voltage 4
# name 22 = v5: Voltage 5
# name 23 = sal00: Salinity, Practical [PSU]
# name 24 = sal11: Salinity, Practical, 2 [PSU]
# name 25 = oxsolML/L: Oxygen Saturation, Garcia & Gordon [ml/l]
# name 26 = nbin: number of scans per bin
# name 27 = flag: flag
# span 0 =      2.000,    396.000       
# span 1 =      1.973,    391.529       
# span 2 =    -1.7542,    -0.2054       
# span 3 =  27.025492,  28.028297       
# span 4 =    -1.7534,    -0.2041       
# span 5 =  27.025290,  28.028085       
# span 6 =     6.3579,     9.0375       
# span 7 =     6.5193,     9.2691       
# span 8 =     0.4008,    11.1073       
# span 9 =    84.0168,    94.5119       
# span 10 = -4.485e-05, 4.2282e+02      
# span 11 =  -74.04876,  -74.04874      
# span 12 = -117.64460, -117.64458      
# span 13 =  46.859697,  46.865883      
# span 14 =       5.26,      99.99      
# span 15 = 8.7762e+02, 8.8689e+02      
# span 16 =    223.793,    758.298      
# span 17 =       5372,      18200      
# span 18 =  1027.1810,  1029.3630      
# span 19 =  1027.1803,  1029.3615      
# span 20 =     3.9859,     4.4835      
# span 21 =     0.1296,     1.8803      
# span 22 =     0.1246,     0.4101      
# span 23 =    33.8239,    34.1177      
# span 24 =    33.8236,    34.1158      
# span 25 =    8.11925,    8.44596      
# span 26 =         16,         75      
# span 27 = 0.0000e+00, 0.0000e+00      
# interval = decibars: 1                
# start_time = Feb 15 2022 20:34:14 [NMEA time, header]
# bad_flag = -9.990e-29
*END*
      2.000      1.973    -0.2393  27.954529    -0.2386  27.954465     9.0256     8.6959     4.4990    86.1670 4.2282e+02  -74.04874 -117.64458  46.859697      99.69 8.8144e+02    223.793       5372  1027.1810  1027.1803     4.0885     1.0245     0.1875    33.8276    33.8268    8.12701         16 0.0000e+00
      3.000      2.969    -0.2444  27.948757    -0.2471  27.945453     9.0173     8.7115     3.9736    86.9050 3.4193e+02  -74.04874 -117.64460  46.859768      99.77 8.8144e+02    229.945       5520  1027.1840  1027.1831     4.1229     0.7350     0.1545    33.8250    33.8236    8.12825         51 0.0000e+00
      4.000      3.959    -0.2489  27.944688    -0.2461  27.947015     9.0375     8.7531     4.0821    87.7078 2.6715e+02  -74.04874 -117.64460  46.859793      99.83 8.8144e+02    232.153       5573  1027.1882  1027.1880     4.1609     0.5980     0.1647    33.8239    33.8239    8.12927         45 0.0000e+00
      5.000      4.948    -0.2405  27.954294    -0.2402  27.954111     9.0349     8.8102     5.9727    86.7339 2.1427e+02  -74.04874 -117.64460  46.859822      99.72 8.8144e+02    234.638       5632  1027.1947  1027.1941     4.1153     0.8952     0.1744    33.8268    33.8262    8.12731         46 0.0000e+00
      6.000      5.938    -0.2389  27.956858    -0.2386  27.956745     9.0285     8.8982     6.1627    86.6395 1.7167e+02  -74.04874 -117.64460  46.859848      94.14 8.8144e+02    236.906       5687  1027.2002  1027.1998     4.1101     1.0526     0.1730    33.8279    33.8274    8.12692         45 0.0000e+00
      7.000      6.926    -0.2394  27.957096    -0.2392  27.956953     9.0258     8.9866     5.7724    86.6507 1.4045e+02  -74.04874 -117.64460  46.859875      97.51 8.8144e+02    239.179       5741  1027.2053  1027.2050     4.1110     0.9152     0.1725    33.8281    33.8277    8.12701         36 0.0000e+00
      8.000      7.917    -0.2396  27.957634    -0.2393  27.957362     9.0188     9.0566     6.7298    85.6910 1.1516e+02  -74.04874 -117.64459  46.859900      99.73 8.8144e+02    241.332       5793  1027.2103  1027.2097     4.0659     0.9269     0.1743    33.8284    33.8277    8.12702         39 0.0000e+00
      9.000      8.906    -0.2396  27.958068    -0.2392  27.957965     9.0208     9.1396     6.1659    86.7932 9.3815e+01  -74.04874 -117.64460  46.859925      99.67 8.8144e+02    243.505       5845  1027.2151  1027.2146     4.1169     1.0136     0.1725    33.8284    33.8279    8.12703         47 0.0000e+00
     10.000      9.895    -0.2394  27.958820    -0.2388  27.958976     9.0057     9.1800     9.9742    86.2451 7.8367e+01  -74.04874 -117.64459  46.859951      99.60 8.8144e+02    245.799       5900  1027.2200  1027.2196     4.0920     1.1716     0.1767    33.8286    33.8281    8.12698         41 0.0000e+00
     11.000     10.886    -0.2367  27.962216    -0.2365  27.961593     8.9983     9.2011     6.6002    87.0289 6.4927e+01  -74.04874 -117.64459  46.859976      99.62 8.8144e+02    247.925       5951  1027.2253  1027.2245     4.1288     1.1250     0.1961    33.8295    33.8284    8.12634         39 0.0000e+00
     12.000     11.876    -0.2356  27.963517    -0.2354  27.963309     9.0083     9.2317     6.9587    87.5636 5.3480e+01  -74.04874 -117.64459  46.860002      93.29 8.8144e+02    250.137       6004  1027.2300  1027.2296     4.1538     0.9940     0.1778    33.8295    33.8289    8.12613         45 0.0000e+00
     13.000     12.865    -0.2371  27.962581    -0.2362  27.962934     9.0085     9.2446     7.8123    87.2383 4.5005e+01  -74.04874 -117.64458  46.860027      96.69 8.8144e+02    252.353       6057  1027.2347  1027.2342     4.1387     0.9558     0.1639    33.8292    33.8287    8.12645         45 0.0000e+00
     14.000     13.854    -0.2373  27.962968    -0.2367  27.962740     9.0012     9.2296     5.5151    87.8019 3.7373e+01  -74.04874 -117.64458  46.860051      99.79 8.8132e+02    254.376       6106  1027.2396  1027.2388     4.1656     0.7869     0.1944    33.8293    33.8284    8.12648         45 0.0000e+00
     15.000     14.844    -0.2373  27.963367    -0.2364  27.963677     9.0113     9.2384     5.5851    87.8385 3.1150e+01  -74.04874 -117.64458  46.860076      99.62 8.8056e+02    256.577       6159  1027.2443  1027.2438     4.1667     1.1397     0.1874    33.8292    33.8287    8.12649         43 0.0000e+00
     16.000     15.834    -0.2383  27.962811    -0.2379  27.962698     9.0072     9.2507     8.8216    85.9833 2.6244e+01  -74.04874 -117.64458  46.860101      99.66 8.8140e+02    258.694       6210  1027.2491  1027.2485     4.0797     1.0403     0.1797    33.8291    33.8284    8.12672         40 0.0000e+00
     17.000     16.823    -0.2364  27.965132    -0.2370  27.963969     9.0034     9.2494     6.7573    87.3760 2.1935e+01  -74.04874 -117.64458  46.860124      99.61 8.8105e+02    260.692       6258  1027.2540  1027.2533     4.1453     1.1360     0.1691    33.8294    33.8286    8.12629         44 0.0000e+00
     18.000     17.812    -0.2372  27.964948    -0.2371  27.964448     8.9885     9.2486     5.1870    88.7716 1.8501e+01  -74.04874 -117.64458  46.860149      99.68 8.8072e+02    262.839       6309  1027.2589  1027.2581     4.2115     0.9787     0.1840    33.8295    33.8286    8.12647         41 0.0000e+00
     19.000     18.803    -0.2354  27.967098    -0.2353  27.966322     8.9844     9.2475     5.9328    87.6573 1.5618e+01  -74.04874 -117.64458  46.860172      97.76 8.8200e+02    264.873       6358  1027.2637  1027.2628     4.1584     1.1490     0.1857    33.8297    33.8286    8.12606         35 0.0000e+00
     20.000     19.791    -0.2332  27.969802    -0.2326  27.969487     8.9836     9.2376     6.0613    88.0796 1.3100e+01  -74.04874 -117.64458  46.860195      99.58 8.8158e+02    266.820       6405  1027.2687  1027.2679     4.1785     1.0455     0.1672    33.8302    33.8292    8.12555         42 0.0000e+00
     21.000     20.782    -0.2317  27.971581    -0.2306  27.971831     8.9971     9.2433     6.6285    87.5105 1.1071e+01  -74.04874 -117.64458  46.860218      99.63 8.8060e+02    268.874       6454  1027.2735  1027.2727     4.1516     1.1212     0.1833    33.8303    33.8294    8.12523         47 0.0000e+00
     22.000     21.770    -0.2332  27.970373    -0.2317  27.971236     8.9900     9.2559     6.7809    88.1486 9.3998e+00  -74.04874 -117.64458  46.860242      99.69 8.8104e+02    270.954       6504  1027.2780  1027.2775     4.1819     0.9832     0.1795    33.8298    33.8293    8.12559         40 0.0000e+00
     23.000     22.761    -0.2341  27.970202    -0.2330  27.970423     8.9813     9.2640     7.0293    87.4668 7.9399e+00  -74.04874 -117.64458  46.860265      99.60 8.8145e+02    272.875       6550  1027.2829  1027.2822     4.1495     1.1840     0.1708    33.8299    33.8290    8.12577         41 0.0000e+00
     24.000     23.750    -0.2329  27.971781    -0.2308  27.972729     8.9769     9.2573     5.4613    86.6813 6.7480e+00  -74.04875 -117.64458  46.860288      99.57 8.8114e+02    274.872       6598  1027.2878  1027.2868     4.1123     1.3496     0.1838    33.8301    33.8291    8.12550         44 0.0000e+00
     25.000     24.740    -0.2273  27.977534    -0.2287  27.975301     8.9738     9.2590     7.6152    87.0578 5.7606e+00  -74.04876 -117.64458  46.860312      99.21 8.8113e+02    276.917       6647  1027.2929  1027.2919     4.1303     1.4334     0.2095    33.8310    33.8296    8.12426         40 0.0000e+00
     26.000     25.730    -0.2242  27.980928    -0.2235  27.980646     8.9642     9.2507     8.7798    86.8879 4.8613e+00  -74.04876 -117.64458  46.860334      98.28 8.8140e+02    278.879       6694  1027.2979  1027.2969     4.1222     1.1493     0.1794    33.8314    33.8303    8.12357         42 0.0000e+00
     27.000     26.719    -0.2237  27.981759    -0.2226  27.981920     8.9686     9.2500     8.9439    86.3319 4.1254e+00  -74.04876 -117.64458  46.860358      99.70 8.8109e+02    280.895       6742  1027.3026  1027.3017     4.0956     1.0065     0.1827    33.8314    33.8304    8.12347         46 0.0000e+00
     28.000     27.709    -0.2233  27.982583    -0.2227  27.982340     8.9801     9.2600     6.0804    87.1063 3.5047e+00  -74.04876 -117.64458  46.860381      99.61 8.8108e+02    282.958       6792  1027.3074  1027.3066     4.1324     1.1816     0.1870    33.8314    33.8304    8.12337         39 0.0000e+00
     29.000     28.698    -0.2231  27.983182    -0.2220  27.983365     8.9711     9.2663     8.5272    86.5061 2.9867e+00  -74.04876 -117.64458  46.860404      99.60 8.8093e+02    284.877       6838  1027.3122  1027.3113     4.1040     1.1746     0.1749    33.8314    33.8304    8.12334         41 0.0000e+00
     30.000     29.688    -0.2235  27.983181    -0.2224  27.983516     8.9686     9.2655     8.1280    87.4598 2.5533e+00  -74.04876 -117.64458  46.860426      99.56 8.8070e+02    286.824       6885  1027.3169  1027.3162     4.1492     1.3889     0.1779    33.8313    33.8304    8.12344         45 0.0000e+00
     31.000     30.676    -0.2230  27.984253    -0.2219  27.984404     8.9709     9.2661     8.0962    87.3615 2.1711e+00  -74.04876 -117.64458  46.860450      99.46 8.8086e+02    288.869       6934  1027.3219  1027.3209     4.1448     1.4698     0.1890    33.8316    33.8304    8.12332         40 0.0000e+00
     32.000     31.667    -0.2225  27.985008    -0.2218  27.984834     8.9761     9.2671     8.2838    88.0122 1.8517e+00  -74.04876 -117.64458  46.860472      99.16 8.8091e+02    290.799       6980  1027.3265  1027.3257     4.1754     1.2346     0.1749    33.8314    33.8303    8.12322         43 0.0000e+00
     33.000     32.656    -0.2228  27.985363    -0.2217  27.985360     8.9742     9.2666     7.6027    87.6200 1.5790e+00  -74.04876 -117.64458  46.860495      99.43 8.8074e+02    292.766       7027  1027.3314  1027.3304     4.1567     1.2768     0.1669    33.8315    33.8303    8.12327         43 0.0000e+00
     34.000     33.645    -0.2220  27.986493    -0.2211  27.986520     8.9757     9.2675     8.0987    86.3736 1.3490e+00  -74.04876 -117.64458  46.860519      99.48 8.8123e+02    294.802       7076  1027.3362  1027.3353     4.0970     1.4055     0.1691    33.8315    33.8305    8.12309         36 0.0000e+00
     35.000     34.635    -0.2216  27.987222    -0.2207  27.987092     8.9832     9.2641     8.3361    87.4040 1.1520e+00  -74.04876 -117.64459  46.860540      99.47 8.8124e+02    296.670       7121  1027.3409  1027.3399     4.1462     1.7296     0.1741    33.8314    33.8303    8.12301         44 0.0000e+00
     36.000     35.625    -0.2210  27.988365    -0.2199  27.988306     8.9760     9.2605     9.6386    87.0940 9.7959e-01  -74.04876 -117.64459  46.860563      99.63 8.8081e+02    298.607       7168  1027.3458  1027.3448     4.1318     1.1169     0.1797    33.8317    33.8304    8.12287         43 0.0000e+00
     37.000     36.614    -0.2191  27.990489    -0.2183  27.990351     8.9750     9.2658    10.4090    87.7635 8.3217e-01  -74.04876 -117.64459  46.860587      99.56 8.8094e+02    300.691       7218  1027.3506  1027.3497     4.1625     1.4344     0.1706    33.8319    33.8307    8.12247         42 0.0000e+00
     38.000     37.603    -0.2187  27.991357    -0.2180  27.991041     8.9734     9.2646     8.9325    87.1153 7.0921e-01  -74.04876 -117.64459  46.860609      99.54 8.8080e+02    302.657       7265  1027.3554  1027.3544     4.1334     1.2994     0.1788    33.8319    33.8307    8.12237         39 0.0000e+00
     39.000     38.594    -0.2190  27.991562    -0.2182  27.991301     8.9714     9.2584     8.8897    86.6821 6.0686e-01  -74.04876 -117.64459  46.860631      97.55 8.8076e+02    304.555       7310  1027.3602  1027.3592     4.1123     1.4703     0.1757    33.8319    33.8307    8.12243         36 0.0000e+00
     40.000     39.582    -0.2189  27.992120    -0.2180  27.991962     8.9739     9.2635     7.9281    86.8514 5.1207e-01  -74.04875 -117.64459  46.860654      99.63 8.8052e+02    306.545       7358  1027.3650  1027.3641     4.1201     1.2376     0.1878    33.8320    33.8308    8.12241         40 0.0000e+00
     41.000     40.572    -0.2185  27.992846    -0.2176  27.992796     8.9671     9.2691     9.3648    87.1521 4.3469e-01  -74.04875 -117.64459  46.860678      99.52 8.8113e+02    308.572       7407  1027.3698  1027.3688     4.1339     1.6696     0.1824    33.8319    33.8308    8.12233         36 0.0000e+00
     42.000     41.561    -0.2185  27.993368    -0.2176  27.993168     8.9688     9.2691     9.1736    87.2263 3.6756e-01  -74.04874 -117.64458  46.860699      99.58 8.8096e+02    310.428       7451  1027.3746  1027.3735     4.1381     1.8021     0.1773    33.8320    33.8307    8.12233         44 0.0000e+00
     43.000     42.551    -0.2185  27.993886    -0.2175  27.993729     8.9678     9.2627     8.7075    86.9484 3.0751e-01  -74.04875 -117.64458  46.860722      99.51 8.8065e+02    312.343       7497  1027.3795  1027.3783     4.1246     1.3600     0.1798    33.8321    33.8307    8.12233         40 0.0000e+00
     44.000     43.541    -0.2183  27.994547    -0.2172  27.994475     8.9682     9.2640     8.7957    88.5067 2.5783e-01  -74.04876 -117.64458  46.860745      99.52 8.8105e+02    314.398       7547  1027.3842  1027.3831     4.1983     1.4001     0.1951    33.8321    33.8308    8.12227         39 0.0000e+00
     45.000     44.530    -0.2186  27.994682    -0.2178  27.994308     8.9668     9.2547     8.0529    87.2446 2.1693e-01  -74.04875 -117.64458  46.860767      95.87 8.8095e+02    316.282       7592  1027.3890  1027.3879     4.1389     1.7108     0.1924    33.8320    33.8307    8.12235         43 0.0000e+00
     46.000     45.520    -0.2185  27.995458    -0.2167  27.995951     8.9375     9.2295     6.2399    85.8161 1.7727e-01  -74.04875 -117.64458  46.860790      99.36 8.8081e+02    318.260       7639  1027.3940  1027.3928     4.0713     1.4076     0.1934    33.8323    33.8310    8.12230         39 0.0000e+00
     47.000     46.509    -0.2150  27.999346    -0.2139  27.999240     8.9093     9.2089     7.0506    86.7832 1.4585e-01  -74.04875 -117.64458  46.860814      99.50 8.8037e+02    320.328       7689  1027.3991  1027.3979     4.1170     1.3906     0.1745    33.8330    33.8317    8.12152         44 0.0000e+00
     48.000     47.498    -0.2124  28.002300    -0.2115  28.002062     8.8914     9.1889     9.2079    86.9708 1.1793e-01  -74.04875 -117.64458  46.860836      99.50 8.8049e+02    322.190       7734  1027.4041  1027.4029     4.1259     1.3954     0.1853    33.8335    33.8321    8.12095         41 0.0000e+00
     49.000     48.488    -0.2107  28.004482    -0.2097  28.004283     8.8950     9.1811     8.6630    86.5819 9.3249e-02  -74.04875 -117.64458  46.860857      99.45 8.8047e+02    324.042       7778  1027.4090  1027.4079     4.1075     1.8803     0.1937    33.8338    33.8325    8.12055         47 0.0000e+00
     50.000     49.476    -0.2100  28.005700    -0.2089  28.005505     8.8799     9.1580     9.2412    87.7085 7.2598e-02  -74.04875 -117.64458  46.860881      99.63 8.8066e+02    326.090       7827  1027.4140  1027.4128     4.1608     1.7249     0.1682    33.8341    33.8326    8.12039         38 0.0000e+00
     51.000     50.467    -0.2082  28.008208    -0.2072  28.007932     8.8726     9.1512     8.3422    87.4029 5.5110e-02  -74.04875 -117.64458  46.860903      99.53 8.8078e+02    328.049       7874  1027.4192  1027.4180     4.1465     1.5457     0.1821    33.8348    33.8333    8.11996         45 0.0000e+00
     52.000     51.456    -0.2076  28.009252    -0.2066  28.009094     8.8729     9.1595    10.1371    87.3667 3.9978e-02  -74.04874 -117.64458  46.860925      98.92 8.8129e+02    329.919       7919  1027.4242  1027.4230     4.1442     1.8146     0.1916    33.8350    33.8336    8.11984         40 0.0000e+00
