ocean_section_plots/required_files/ctd/dnbp2202_ctd166.cnv
* Sea-Bird SBE 9 Data File:
* FileName = D:\Data\raw\NBP2202_CTD166.hex
* Software Version Seasave V 7.26.7.121
* Temperature SN = 1649
* Conductivity SN = 2513
* Number of Bytes Per Scan = 40
* Number of Voltage Words = 5
* Number of Scans Averaged by the Deck Unit = 1
* NMEA Latitude = 74 24.00 S
* NMEA Longitude = 110 04.79 W
* NMEA UTC (Time) = Feb 03 2022  04:09:30
* NMEA baud rate = 9600
** Ship: RVIB N.B. Palmer
** Cruise: NBP2202 Thwaites
** Station: 88
** Operator: B Bjork
# nquan = 28
# nvalues = 1127                        
# units = specified
# name 0 = prDM: Pressure, Digiquartz [db]
# name 1 = depSM: Depth [salt water, m]
# name 2 = t090C: Temperature [ITS-90, deg C]
# name 3 = c0mS/cm: Conductivity [mS/cm]
# name 4 = t190C: Temperature, 2 [ITS-90, deg C]
# name 5 = c1mS/cm: Conductivity, 2 [mS/cm]
# name 6 = sbeox0ML/L: Oxygen, SBE 43 [ml/l]
# name 7 = sbeox1ML/L: Oxygen, SBE 43, 2 [ml/l]
# name 8 = flECO-AFL: Fluorescence, WET Labs ECO-AFL/FL [mg/m^3]
# name 9 = CStarTr0: Beam Transmission, WET Labs C-Star [%]
# name 10 = par: PAR/Irradiance, Biospherical/Licor
# name 11 = latitude: Latitude [deg]
# name 12 = longitude: Longitude [deg]
# name 13 = timeJ: Julian Days
# name 14 = altM: Altimeter [m]
# name 15 = spar: SPAR, Biospherical/Licor
# name 16 = timeS: Time, Elapsed [seconds]
# name 17 = scan: Scan Count
# name 18 = density00: Density [density, kg/m^3]
# name 19 = density11: Density, 2 [density, kg/m^3]
# name 20 = v3: Voltage 3
# name 21 = v4: Voltage 4
# name 22 = v5: Voltage 5
# name 23 = sal00: Salinity, Practical [PSU]
# name 24 = sal11: Salinity, Practical, 2 [PSU]
# name 25 = oxsolML/L: Oxygen Saturation, Garcia & Gordon [ml/l]
# name 26 = nbin: number of scans per bin
# name 27 = flag: flag
# span 0 =      3.000,   1129.000       
# span 1 =      2.967,   1114.277       
# span 2 =    -1.5724,     1.1030       
# span 3 =  26.803671,  30.263874       
# span 4 =    -1.5736,     1.1054       
# span 5 =  26.804333,  30.264114       
# span 6 =     4.3163,     5.8543       
# span 7 =     4.3989,     5.9916       
# span 8 =    -0.0225,     0.0864       
# span 9 =    98.6514,    99.7381       
# span 10 = 1.0000e-12, 1.4678e+02      
# span 11 =  -74.40016,  -74.40014      
# span 12 = -110.07986, -110.07982      
# span 13 =  34.175426,  34.190226      
# span 14 =       5.71,     100.04      
# span 15 = 6.9521e+02, 8.0587e+02      
# span 16 =    186.793,   1465.532      
# span 17 =       4484,      35174      
# span 18 =  1027.1603,  1033.0795      
# span 19 =  1027.1619,  1033.0774      
# span 20 =     4.6798,     4.7314      
# span 21 =     0.0627,     0.0825      
# span 22 =     0.1077,     0.1409      
# span 23 =    33.7291,    34.7021      
# span 24 =    33.7318,    34.6998      
# span 25 =    7.80155,    8.42230      
# span 26 =         13,         48      
# span 27 = 0.0000e+00, 0.0000e+00      
# interval = decibars: 1                
# start_time = Feb 03 2022 04:09:30 [NMEA time, header]
# bad_flag = -9.990e-29
*END*
[from data line 933]
    936.000    924.219     1.0901  30.169029     1.0923  30.169111     4.3344     4.4135    -0.0077    99.4087 1.0000e-12  -74.40014 -110.07983  34.187060      81.19 7.2675e+02   1191.977      28608  1032.1867  1032.1846     4.7158     0.0687     0.1180    34.7014    34.6991    7.80415         24 0.0000e+00
    937.000    925.203     1.0902  30.169640     1.0924  30.169739     4.3394     4.4151    -0.0077    99.4345 1.0000e-12  -74.40014 -110.07983  34.187071      88.97 7.2455e+02   1192.954      28632  1032.1914  1032.1894     4.7170     0.0695     0.1178    34.7015    34.6992    7.80411         23 0.0000e+00
    938.000    926.191     1.0903  30.170210     1.0925  30.170252     4.3405     4.4174    -0.0077    99.4053 1.0000e-12  -74.40014 -110.07983  34.187082      99.93 7.2617e+02   1193.925      28655  1032.1960  1032.1940     4.7156     0.0700     0.1168    34.7016    34.6992    7.80409         23 0.0000e+00
    939.000    927.174     1.0904  30.170660     1.0925  30.170702     4.3370     4.4186    -0.0013    99.4152 1.0000e-12  -74.40014 -110.07983  34.187094      99.84 7.2638e+02   1194.898      28679  1032.2006  1032.1986     4.7161     0.0698     0.1195    34.7015    34.6992    7.80408         24 0.0000e+00
    940.000    928.161     1.0905  30.171198     1.0926  30.171310     4.3317     4.4204    -0.0061    99.3945 1.0000e-12  -74.40014 -110.07983  34.187105      99.83 7.2402e+02   1195.869      28702  1032.2053  1032.2033     4.7151     0.0702     0.1178    34.7015    34.6993    7.80406         23 0.0000e+00
    941.000    929.144     1.0906  30.171735     1.0927  30.171772     4.3329     4.4206    -0.0032    99.3955 1.0000e-12  -74.40014 -110.07983  34.187116      99.83 7.2610e+02   1196.843      28725  1032.2100  1032.2079     4.7151     0.0691     0.1207    34.7016    34.6992    7.80404         23 0.0000e+00
    942.000    930.130     1.0905  30.172269     1.0928  30.172354     4.3369     4.4210    -0.0004    99.3937 1.0000e-12  -74.40014 -110.07983  34.187127      99.83 7.2660e+02   1197.810      28748  1032.2148  1032.2126     4.7151     0.0695     0.1196    34.7017    34.6994    7.80404         24 0.0000e+00
    943.000    931.115     1.0907  30.172776     1.0929  30.172840     4.3415     4.4216    -0.0061    99.3955 1.0000e-12  -74.40014 -110.07983  34.187139      99.83 7.2418e+02   1198.782      28772  1032.2193  1032.2172     4.7151     0.0710     0.1166    34.7016    34.6993    7.80401         23 0.0000e+00
    944.000    932.100     1.0908  30.173313     1.0929  30.173341     4.3353     4.4218    -0.0135    99.3898 1.0000e-12  -74.40014 -110.07983  34.187150      99.83 7.2540e+02   1199.759      28795  1032.2240  1032.2219     4.7148     0.0695     0.1193    34.7017    34.6993    7.80399         23 0.0000e+00
    945.000    933.086     1.0909  30.173703     1.0930  30.173800     4.3322     4.4164    -0.0065    99.4066 1.0000e-12  -74.40014 -110.07983  34.187161      99.83 7.2616e+02   1200.730      28819  1032.2285  1032.2265     4.7157     0.0691     0.1188    34.7015    34.6993    7.80398         24 0.0000e+00
    946.000    934.071     1.0909  30.174314     1.0931  30.174388     4.3375     4.4088    -0.0004    99.4290 1.0000e-12  -74.40014 -110.07983  34.187173      99.84 7.2394e+02   1201.706      28842  1032.2333  1032.2312     4.7167     0.0693     0.1198    34.7017    34.6994    7.80397         23 0.0000e+00
    947.000    935.055     1.0910  30.174729     1.0932  30.174991     4.3331     4.4150    -0.0078    99.4109 1.0000e-12  -74.40014 -110.07983  34.187184      99.84 7.2486e+02   1202.681      28865  1032.2377  1032.2359     4.7159     0.0696     0.1181    34.7015    34.6995    7.80395         23 0.0000e+00
    948.000    936.042     1.0911  30.175301     1.0933  30.175346     4.3210     4.4184    -0.0141    99.4205 1.0000e-12  -74.40014 -110.07983  34.187195      99.83 7.2513e+02   1203.649      28889  1032.2425  1032.2404     4.7163     0.0684     0.1176    34.7017    34.6993    7.80393         24 0.0000e+00
    949.000    937.025     1.0911  30.175808     1.0933  30.175909     4.3363     4.4183    -0.0099    99.4056 1.0000e-12  -74.40014 -110.07983  34.187206      73.37 7.2377e+02   1204.626      28912  1032.2472  1032.2451     4.7156     0.0673     0.1186    34.7018    34.6994    7.80393         23 0.0000e+00
    950.000    938.012     1.0912  30.176216     1.0934  30.176347     4.3433     4.4181    -0.0123    99.3883 1.0000e-12  -74.40014 -110.07983  34.187218      87.38 7.2381e+02   1205.603      28935  1032.2517  1032.2497     4.7148     0.0671     0.1197    34.7016    34.6994    7.80391         24 0.0000e+00
    951.000    938.997     1.0912  30.176795     1.0934  30.176807     4.3358     4.4183    -0.0112    99.3987 1.0000e-12  -74.40014 -110.07983  34.187229      95.73 7.2446e+02   1206.574      28959  1032.2565  1032.2543     4.7153     0.0682     0.1199    34.7018    34.6993    7.80390         23 0.0000e+00
    952.000    939.982     1.0912  30.177222     1.0935  30.177384     4.3527     4.4184    -0.0106    99.3910 1.0000e-12  -74.40014 -110.07983  34.187240      99.85 7.2362e+02   1207.547      28982  1032.2611  1032.2590     4.7149     0.0692     0.1190    34.7017    34.6994    7.80389         23 0.0000e+00
    953.000    940.968     1.0914  30.177811     1.0936  30.177835     4.3435     4.4191    -0.0132    99.3979 1.0000e-12  -74.40014 -110.07983  34.187251      99.83 7.2315e+02   1208.520      29005  1032.2657  1032.2636     4.7152     0.0696     0.1175    34.7017    34.6993    7.80386         24 0.0000e+00
    954.000    941.952     1.0916  30.178266     1.0937  30.178389     4.3187     4.4158    -0.0087    99.3867 1.0000e-12  -74.40014 -110.07982  34.187263      99.83 7.2399e+02   1209.488      29029  1032.2702  1032.2683     4.7147     0.0697     0.1188    34.7016    34.6994    7.80384         23 0.0000e+00
    955.000    942.938     1.0916  30.178815     1.0937  30.178892     4.3330     4.4136    -0.0150    99.3989 1.0000e-12  -74.40014 -110.07984  34.187274      99.84 7.2354e+02   1210.460      29052  1032.2749  1032.2729     4.7153     0.0694     0.1161    34.7017    34.6995    7.80382         23 0.0000e+00
    956.000    943.922     1.0916  30.179279     1.0937  30.179355     4.3298     4.4153    -0.0080    99.4129 1.0000e-12  -74.40014 -110.07982  34.187285      99.83 7.2300e+02   1211.432      29075  1032.2796  1032.2776     4.7159     0.0705     0.1176    34.7017    34.6995    7.80382         24 0.0000e+00
    957.000    944.907     1.0916  30.179773     1.0938  30.179821     4.3305     4.4162    -0.0077    99.3915 1.0000e-12  -74.40014 -110.07984  34.187296      99.84 7.2361e+02   1212.397      29099  1032.2842  1032.2822     4.7149     0.0696     0.1199    34.7018    34.6994    7.80381         23 0.0000e+00
    958.000    945.893     1.0917  30.180209     1.0939  30.180395     4.3359     4.4179    -0.0077    99.3977 1.0000e-12  -74.40014 -110.07982  34.187308      99.83 7.2279e+02   1213.368      29122  1032.2888  1032.2869     4.7152     0.0715     0.1177    34.7017    34.6995    7.80381         23 0.0000e+00
    959.000    946.877     1.0917  30.180711     1.0940  30.180845     4.3370     4.4195    -0.0032    99.3988 1.0000e-12  -74.40014 -110.07984  34.187319      99.83 7.2216e+02   1214.339      29145  1032.2935  1032.2915     4.7153     0.0702     0.1171    34.7017    34.6995    7.80379         23 0.0000e+00
    960.000    947.863     1.0919  30.181222     1.0940  30.181258     4.3388     4.4196     0.0028    99.4033 1.0000e-12  -74.40014 -110.07982  34.187330      99.83 7.2379e+02   1215.300      29168  1032.2981  1032.2960     4.7155     0.0686     0.1209    34.7017    34.6994    7.80377         23 0.0000e+00
    961.000    948.849     1.0920  30.181643     1.0941  30.181822     4.3376     4.4184     0.0020    99.3926 1.0000e-12  -74.40014 -110.07984  34.187341      99.84 7.2300e+02   1216.268      29191  1032.3026  1032.3007     4.7150     0.0706     0.1147    34.7015    34.6994    7.80375         24 0.0000e+00
    962.000    949.832     1.0920  30.182207     1.0942  30.182281     4.3333     4.4146    -0.0060    99.4010 1.0000e-12  -74.40014 -110.07984  34.187352      97.95 7.2293e+02   1217.242      29215  1032.3073  1032.3053     4.7154     0.0699     0.1175    34.7017    34.6994    7.80374         23 0.0000e+00
    963.000    950.818     1.0920  30.182601     1.0943  30.182803     4.3355     4.4101    -0.0004    99.4033 1.0000e-12  -74.40014 -110.07984  34.187364      71.28 7.2393e+02   1218.207      29238  1032.3119  1032.3100     4.7155     0.0671     0.1192    34.7016    34.6994    7.80374         23 0.0000e+00
    964.000    951.804     1.0921  30.183161     1.0943  30.183239     4.3310     4.4122    -0.0004    99.4169 1.0000e-12  -74.40014 -110.07984  34.187375      91.63 7.2246e+02   1219.175      29261  1032.3167  1032.3146     4.7161     0.0686     0.1223    34.7017    34.6994    7.80373         23 0.0000e+00
    965.000    952.787     1.0920  30.183652     1.0943  30.183709     4.3335     4.4138    -0.0004    99.4087 1.0000e-12  -74.40014 -110.07984  34.187386      99.84 7.2190e+02   1220.146      29285  1032.3214  1032.3192     4.7157     0.0680     0.1170    34.7018    34.6994    7.80373         24 0.0000e+00
    966.000    953.774     1.0923  30.184231     1.0944  30.184311     4.3341     4.4175    -0.0067    99.3956 1.0000e-12  -74.40014 -110.07984  34.187397      99.85 7.2390e+02   1221.114      29308  1032.3259  1032.3239     4.7151     0.0697     0.1222    34.7018    34.6995    7.80368         23 0.0000e+00
    967.000    954.758     1.0924  30.184657     1.0944  30.184669     4.3315     4.4181    -0.0026    99.3766 1.0000e-12  -74.40014 -110.07984  34.187408      99.83 7.2286e+02   1222.078      29331  1032.3304  1032.3285     4.7143     0.0681     0.1200    34.7016    34.6994    7.80367         23 0.0000e+00
    968.000    955.743     1.0925  30.185087     1.0945  30.185274     4.3350     4.4187    -0.0045    99.3810 1.0000e-12  -74.40014 -110.07984  34.187420      99.83 7.2193e+02   1223.050      29354  1032.3350  1032.3332     4.7145     0.0696     0.1193    34.7016    34.6995    7.80366         23 0.0000e+00
    969.000    956.728     1.0925  30.185690     1.0946  30.185817     4.3364     4.4181    -0.0077    99.3723 1.0000e-12  -74.40014 -110.07984  34.187431      99.83 7.2401e+02   1224.014      29377  1032.3397  1032.3378     4.7140     0.0702     0.1188    34.7017    34.6995    7.80364         24 0.0000e+00
    970.000    957.714     1.0926  30.186111     1.0947  30.186292     4.3337     4.4132    -0.0055    99.4036 1.0000e-12  -74.40014 -110.07984  34.187442      99.83 7.2237e+02   1224.974      29400  1032.3443  1032.3425     4.7155     0.0702     0.1188    34.7016    34.6995    7.80363         23 0.0000e+00
    971.000    958.699     1.0926  30.186634     1.0947  30.186781     4.3301     4.4060     0.0008    99.3956 1.0000e-12  -74.40014 -110.07984  34.187453      99.85 7.2119e+02   1225.943      29424  1032.3490  1032.3471     4.7151     0.0704     0.1169    34.7017    34.6995    7.80362         23 0.0000e+00
    972.000    959.684     1.0927  30.187208     1.0949  30.187341     4.3338     4.4131     0.0065    99.3933 1.0000e-12  -74.40014 -110.07984  34.187464      99.83 7.2306e+02   1226.905      29447  1032.3537  1032.3517     4.7150     0.0700     0.1164    34.7018    34.6996    7.80361         23 0.0000e+00
    973.000    960.669     1.0927  30.187683     1.0950  30.187836     4.3321     4.4136    -0.0151    99.3822 1.0000e-12  -74.40014 -110.07984  34.187475      99.83 7.2210e+02   1227.865      29470  1032.3584  1032.3563     4.7145     0.0699     0.1162    34.7018    34.6996    7.80359         23 0.0000e+00
    974.000    961.653     1.0929  30.188166     1.0950  30.188318     4.3272     4.4145    -0.0087    99.3787 1.0000e-12  -74.40014 -110.07984  34.187486      99.83 7.2003e+02   1228.831      29493  1032.3629  1032.3610     4.7143     0.0694     0.1227    34.7017    34.6995    7.80357         23 0.0000e+00
    975.000    962.639     1.0929  30.188722     1.0951  30.188837     4.3266     4.4168    -0.0077    99.3854 1.0000e-12  -74.40014 -110.07984  34.187498      99.83 7.2278e+02   1229.792      29516  1032.3677  1032.3657     4.7147     0.0684     0.1198    34.7019    34.6996    7.80356         23 0.0000e+00
    976.000    963.623     1.0930  30.189234     1.0951  30.189354     4.3345     4.4173    -0.0122    99.3921 1.0000e-12  -74.40014 -110.07984  34.187509      98.59 7.2163e+02   1230.753      29539  1032.3723  1032.3703     4.7150     0.0675     0.1216    34.7018    34.6996    7.80354         23 0.0000e+00
    977.000    964.608     1.0931  30.189713     1.0952  30.189759     4.3360     4.4179    -0.0083    99.3944 1.0000e-12  -74.40014 -110.07984  34.187520      84.15 7.1969e+02   1231.720      29562  1032.3769  1032.3749     4.7151     0.0677     0.1199    34.7018    34.6995    7.80353         23 0.0000e+00
    978.000    965.594     1.0932  30.190198     1.0953  30.190285     4.3303     4.4185    -0.0028    99.3955 1.0000e-12  -74.40014 -110.07984  34.187531      96.50 7.2283e+02   1232.683      29585  1032.3815  1032.3795     4.7151     0.0687     0.1199    34.7018    34.6996    7.80351         23 0.0000e+00
    979.000    966.579     1.0932  30.190633     1.0953  30.190782     4.3362     4.4129    -0.0077    99.3926 1.0000e-12  -74.40014 -110.07984  34.187542      99.82 7.2190e+02   1233.642      29608  1032.3861  1032.3841     4.7150     0.0683     0.1192    34.7017    34.6996    7.80351         24 0.0000e+00
    980.000    967.564     1.0932  30.191137     1.0954  30.191255     4.3338     4.4133    -0.0077    99.3910 1.0000e-12  -74.40014 -110.07984  34.187553      99.84 7.1953e+02   1234.608      29632  1032.3908  1032.3888     4.7149     0.0689     0.1172    34.7018    34.6996    7.80350         23 0.0000e+00
    981.000    968.549     1.0932  30.191596     1.0955  30.191804     4.3318     4.4128    -0.0077    99.3866 1.0000e-12  -74.40014 -110.07985  34.187565      99.83 7.2274e+02   1235.570      29655  1032.3954  1032.3935     4.7147     0.0685     0.1211    34.7018    34.6996    7.80349         23 0.0000e+00
    982.000    969.533     1.0934  30.192085     1.0955  30.192216     4.3309     4.4123    -0.0077    99.3822 1.0000e-12  -74.40014 -110.07986  34.187576      99.83 7.2222e+02   1236.527      29678  1032.4000  1032.3981     4.7145     0.0686     0.1204    34.7017    34.6996    7.80347         22 0.0000e+00
    983.000    970.519     1.0935  30.192586     1.0956  30.192728     4.3328     4.4141    -0.0077    99.4015 1.0000e-12  -74.40014 -110.07984  34.187587      99.84 7.1861e+02   1237.495      29701  1032.4046  1032.4027     4.7154     0.0691     0.1206    34.7017    34.6996    7.80345         24 0.0000e+00
    984.000    971.504     1.0935  30.193084     1.0956  30.193229     4.3335     4.4131    -0.0077    99.3898 1.0000e-12  -74.40014 -110.07986  34.187598      99.84 7.2281e+02   1238.465      29724  1032.4093  1032.4074     4.7149     0.0692     0.1169    34.7018    34.6997    7.80344         23 0.0000e+00
    985.000    972.489     1.0936  30.193572     1.0957  30.193716     4.3340     4.4163    -0.0040    99.3808 1.0000e-12  -74.40014 -110.07984  34.187609      99.84 7.2300e+02   1239.440      29748  1032.4139  1032.4120     4.7145     0.0696     0.1174    34.7017    34.6996    7.80343         24 0.0000e+00
