ocean_section_plots/required_files/ctd/dnbp2202_ctd079.cnv
* Sea-Bird SBE 9 Data File:
* FileName = D:\Data\raw\NBP2202_CTD079.hex
* Software Version Seasave V 7.26.7.121
* Temperature SN = 1649
* Conductivity SN = 2513
* Number of Bytes Per Scan = 40
* Number of Voltage Words = 5
* Number of Scans Averaged by the Deck Unit = 1
* NMEA Latitude = 74 10.51 S
* NMEA Longitude = 113 20.67 W
* NMEA UTC (Time) = Jan 26 2022  16:43:23
* NMEA baud rate = 9600
** Ship: RVIB N.B. Palmer
** Cruise: NBP2202 Thwaites
** Station: YoYo001
** Operator: A. Robinson
# nquan = 25
# nvalues = 606                         
# units = specified
# name 0 = prDM: Pressure, Digiquartz [db]
# name 1 = depSM: Depth [salt water, m]
# name 2 = t090C: Temperature [ITS-90, deg C]
# name 3 = c0mS/cm: Conductivity [mS/cm]
# name 4 = t190C: Temperature, 2 [ITS-90, deg C]
# name 5 = c1mS/cm: Conductivity, 2 [mS/cm]
# name 6 = sbeox0ML/L: Oxygen, SBE 43 [ml/l]
# name 7 = sbeox1ML/L: Oxygen, SBE 43, 2 [ml/l]
# name 8 = flECO-AFL: Fluorescence, WET Labs ECO-AFL/FL [mg/m^3]
# name 9 = CStarTr0: Beam Transmission, WET Labs C-Star [%]
# name 10 = par: PAR/Irradiance, Biospherical/Licor
# name 11 = latitude: Latitude [deg]
# name 12 = longitude: Longitude [deg]
# name 13 = timeJ: Julian Days
# name 14 = altM: Altimeter [m]
# name 15 = spar: SPAR, Biospherical/Licor
# name 16 = timeS: Time, Elapsed [seconds]
# name 17 = scan: Scan Count
# name 18 = density00: Density [density, kg/m^3]
# name 19 = density11: Density, 2 [density, kg/m^3]
# name 20 = sal00: Salinity, Practical [PSU]
# name 21 = sal11: Salinity, Practical, 2 [PSU]
# name 22 = oxsolML/L: Oxygen Saturation, Garcia & Gordon [ml/l]
# name 23 = nbin: number of scans per bin
# name 24 = flag: flag
# span 0 =     10.000,    615.000       
# span 1 =      9.898,    607.731       
# span 2 =    -1.5135,     0.1036       
# span 3 =  26.940302,  28.938649       
# span 4 =    -1.5130,     0.1055       
# span 5 =  26.938597,  28.938309       
# span 6 =     4.7033,     8.4942       
# span 7 =     4.7978,     8.5432       
# span 8 =    -0.0216,    26.1283       
# span 9 =    70.6778,    95.7280       
# span 10 = 1.0000e-12, 4.6920e+01      
# span 11 =  -74.17530,  -74.17528      
# span 12 = -113.34462, -113.34457      
# span 13 =  26.697107,  26.706767      
# span 14 =       5.33,     100.25      
# span 15 = 1.5084e+03, 2.0229e+03      
# span 16 =     27.042,    861.702      
# span 17 =        650,      20682      
# span 18 =  1027.2288,  1030.5148      
# span 19 =  1027.2268,  1030.5126      
# span 20 =    33.7968,    34.3840      
# span 21 =    33.7951,    34.3814      
# span 22 =    8.02308,    8.40604      
# span 23 =         22,         60      
# span 24 = 0.0000e+00, 0.0000e+00      
# interval = decibars: 1                
# start_time = Jan 26 2022 16:43:23 [NMEA time, header]
# bad_flag = -9.990e-29
*END*
[from data line 348]
    358.000    353.988    -0.3530  28.317717    -0.3515  28.317122     4.8689     4.9762    -0.0207    95.2369 1.0000e-12  -74.17530 -113.34460  26.702578      99.87 1.9895e+03    499.733      11995  1029.2014  1029.1993    34.2241    34.2215    8.12865         26 0.0000e+00
    359.000    354.976    -0.3525  28.318601    -0.3497  28.319081     4.8585     4.9675    -0.0195    95.2402 1.0000e-12  -74.17530 -113.34460  26.702591      99.87 1.9885e+03    500.874      12022  1029.2062  1029.2039    34.2241    34.2215    8.12854         28 0.0000e+00
    360.000    355.964    -0.3416  28.329654    -0.3410  28.327867     4.8575     4.9619    -0.0176    95.2586 1.0000e-12  -74.17530 -113.34460  26.702605      99.87 1.9885e+03    502.028      12050  1029.2116  1029.2092    34.2260    34.2230    8.12610         28 0.0000e+00
    361.000    356.954    -0.3283  28.345628    -0.3272  28.344149     4.8575     4.9583    -0.0120    95.2528 1.0000e-12  -74.17530 -113.34460  26.702618      99.87 1.9885e+03    503.180      12077  1029.2201  1029.2174    34.2318    34.2286    8.12293         27 0.0000e+00
    362.000    357.939    -0.3275  28.347078    -0.3247  28.347516     4.8575     4.9646    -0.0150    95.2420 1.0000e-12  -74.17530 -113.34460  26.702631      99.86 1.9868e+03    504.312      12104  1029.2252  1029.2230    34.2322    34.2297    8.12274         28 0.0000e+00
    363.000    358.928    -0.3279  28.346994    -0.3262  28.346810     4.8568     4.9589    -0.0198    95.2359 1.0000e-12  -74.17530 -113.34460  26.702644      88.94 1.9871e+03    505.426      12131  1029.2299  1029.2281    34.2320    34.2298    8.12284         26 0.0000e+00
    364.000    359.916    -0.3276  28.347606    -0.3257  28.347315     4.8564     4.9635    -0.0199    95.2271 1.0000e-12  -74.17530 -113.34460  26.702657      92.26 1.9871e+03    506.548      12158  1029.2346  1029.2325    34.2318    34.2293    8.12277         27 0.0000e+00
    365.000    360.904    -0.3268  28.349037    -0.3252  28.348284     4.8644     4.9662    -0.0182    95.2154 1.0000e-12  -74.17530 -113.34460  26.702670      99.79 1.9878e+03    507.681      12185  1029.2397  1029.2374    34.2323    34.2295    8.12258         28 0.0000e+00
    366.000    361.891    -0.3263  28.350297    -0.3246  28.349519     4.8628     4.9604    -0.0151    95.2316 1.0000e-12  -74.17530 -113.34460  26.702683      99.86 1.9881e+03    508.832      12213  1029.2449  1029.2425    34.2328    34.2299    8.12245         28 0.0000e+00
    367.000    362.882    -0.3257  28.351331    -0.3244  28.350461     4.8586     4.9591    -0.0104    95.2338 1.0000e-12  -74.17530 -113.34460  26.702697      99.86 1.9881e+03    509.997      12241  1029.2497  1029.2476    34.2328    34.2302    8.12230         27 0.0000e+00
    368.000    363.867    -0.3243  28.353007    -0.3230  28.352179     4.8558     4.9608    -0.0022    95.2283 1.0000e-12  -74.17528 -113.34460  26.702710      99.87 1.9883e+03    511.168      12269  1029.2545  1029.2524    34.2330    34.2304    8.12201         29 0.0000e+00
    369.000    364.855    -0.3242  28.353504    -0.3223  28.353298     4.8548     4.9619    -0.0102    95.2250 1.0000e-12  -74.17530 -113.34460  26.702723      99.87 1.9881e+03    512.303      12296  1029.2593  1029.2572    34.2329    34.2305    8.12200         26 0.0000e+00
    370.000    365.844    -0.3257  28.352298    -0.3236  28.352307     4.8610     4.9667    -0.0161    95.2127 1.0000e-12  -74.17528 -113.34460  26.702736      99.87 1.9886e+03    513.424      12323  1029.2638  1029.2617    34.2324    34.2301    8.12235         27 0.0000e+00
    371.000    366.832    -0.3260  28.352380    -0.3235  28.352760     4.8615     4.9640    -0.0147    95.2243 1.0000e-12  -74.17528 -113.34461  26.702749      99.86 1.9902e+03    514.550      12350  1029.2684  1029.2664    34.2322    34.2299    8.12241         27 0.0000e+00
    372.000    367.819    -0.3198  28.360213    -0.3173  28.360259     4.8651     4.9638    -0.0119    95.2282 1.0000e-12  -74.17528 -113.34461  26.702762      99.87 1.9913e+03    515.677      12377  1029.2750  1029.2726    34.2351    34.2323    8.12093         28 0.0000e+00
    373.000    368.808    -0.3069  28.374915    -0.3041  28.375250     4.8717     4.9773    -0.0115    95.2206 1.0000e-12  -74.17528 -113.34460  26.702776      99.86 1.9924e+03    516.814      12405  1029.2824  1029.2800    34.2397    34.2370    8.11792         27 0.0000e+00
    374.000    369.794    -0.3051  28.378832    -0.3036  28.378535     4.8764     4.9773    -0.0126    95.2060 1.0000e-12  -74.17528 -113.34460  26.702789      81.05 1.9943e+03    517.965      12432  1029.2892  1029.2873    34.2423    34.2401    8.11739         27 0.0000e+00
    375.000    370.782    -0.3140  28.371497    -0.3107  28.372594     4.8750     4.9728    -0.0123    95.2158 1.0000e-12  -74.17528 -113.34460  26.702802      88.33 1.9955e+03    519.102      12459  1029.2944  1029.2923    34.2418    34.2396    8.11930         27 0.0000e+00
    376.000    371.771    -0.3109  28.375034    -0.3083  28.375238     4.8748     4.9722    -0.0049    95.2351 1.0000e-12  -74.17528 -113.34460  26.702815     100.07 1.9980e+03    520.228      12486  1029.2994  1029.2971    34.2424    34.2398    8.11860         27 0.0000e+00
    377.000    372.759    -0.3102  28.376235    -0.3086  28.375542     4.8713     4.9711    -0.0108    95.2357 1.0000e-12  -74.17528 -113.34460  26.702828      99.86 1.9995e+03    521.360      12514  1029.3044  1029.3021    34.2428    34.2400    8.11845         27 0.0000e+00
    378.000    373.747    -0.3076  28.379161    -0.3059  28.378624     4.8695     4.9738    -0.0202    95.2150 1.0000e-12  -74.17528 -113.34460  26.702841      99.86 2.0014e+03    522.498      12541  1029.3092  1029.3070    34.2431    34.2405    8.11787         28 0.0000e+00
    379.000    374.734    -0.3070  28.380245    -0.3052  28.379786     4.8692     4.9726    -0.0127    95.2171 1.0000e-12  -74.17528 -113.34460  26.702855      99.87 2.0025e+03    523.639      12568  1029.3141  1029.3118    34.2432    34.2406    8.11773         28 0.0000e+00
    380.000    375.722    -0.3063  28.381449    -0.3043  28.381201     4.8670     4.9680    -0.0031    95.2385 1.0000e-12  -74.17528 -113.34460  26.702868      99.86 2.0027e+03    524.790      12596  1029.3190  1029.3167    34.2435    34.2409    8.11757         27 0.0000e+00
    381.000    376.709    -0.3052  28.382974    -0.3013  28.384567     4.8641     4.9670    -0.0062    95.2411 1.0000e-12  -74.17528 -113.34460  26.702881      99.87 2.0027e+03    525.942      12624  1029.3239  1029.3217    34.2437    34.2414    8.11733         28 0.0000e+00
    382.000    377.698    -0.3042  28.384625    -0.3001  28.386227     4.8518     4.9541    -0.0180    95.2433 1.0000e-12  -74.17528 -113.34460  26.702894      99.86 1.9978e+03    527.076      12651  1029.3289  1029.3266    34.2442    34.2417    8.11708         27 0.0000e+00
    383.000    378.686    -0.2955  28.393027    -0.2944  28.392018     4.8324     4.9401    -0.0050    95.2471 1.0000e-12  -74.17528 -113.34460  26.702908      99.87 1.9657e+03    528.209      12678  1029.3337  1029.3314    34.2451    34.2424    8.11518         27 0.0000e+00
    384.000    379.673    -0.2829  28.406840    -0.2798  28.407242     4.8199     4.9294    -0.0150    95.2557 1.0000e-12  -74.17528 -113.34460  26.702921      99.86 1.9609e+03    529.347      12705  1029.3402  1029.3377    34.2487    34.2457    8.11228         28 0.0000e+00
    385.000    380.660    -0.2584  28.432468    -0.2565  28.431680     4.8077     4.9160    -0.0176    95.2576 1.0000e-12  -74.17528 -113.34460  26.702934      99.86 1.9611e+03    530.475      12732  1029.3479  1029.3453    34.2548    34.2516    8.10673         26 0.0000e+00
    386.000    381.650    -0.2426  28.449388    -0.2402  28.449175     4.8077     4.9116    -0.0085    95.2512 1.0000e-12  -74.17528 -113.34460  26.702947      81.91 1.9651e+03    531.602      12759  1029.3549  1029.3523    34.2589    34.2560    8.10312         28 0.0000e+00
    387.000    382.636    -0.2343  28.458433    -0.2322  28.458109     4.8085     4.9022    -0.0061    95.2594 1.0000e-12  -74.17528 -113.34460  26.702960      96.34 1.9573e+03    532.729      12786  1029.3608  1029.3584    34.2610    34.2583    8.10123         27 0.0000e+00
    388.000    383.625    -0.2316  28.461894    -0.2295  28.461541     4.8067     4.9072    -0.0149    95.2652 1.0000e-12  -74.17528 -113.34460  26.702973      99.82 1.9603e+03    533.860      12814  1029.3663  1029.3640    34.2620    34.2593    8.10061         27 0.0000e+00
    389.000    384.613    -0.2245  28.469271    -0.2233  28.468014     4.8064     4.9118    -0.0180    95.2566 1.0000e-12  -74.17528 -113.34460  26.702986      99.86 1.9757e+03    535.002      12841  1029.3716  1029.3693    34.2633    34.2604    8.09902         27 0.0000e+00
    390.000    385.601    -0.2239  28.470452    -0.2221  28.469830     4.8110     4.9120    -0.0198    95.2818 1.0000e-12  -74.17528 -113.34460  26.703000      99.87 1.9926e+03    536.159      12869  1029.3768  1029.3745    34.2636    34.2608    8.09888         28 0.0000e+00
    391.000    386.586    -0.2236  28.471029    -0.2213  28.471068     4.8108     4.9069    -0.0174    95.3017 1.0000e-12  -74.17528 -113.34460  26.703013      99.87 1.9925e+03    537.312      12896  1029.3815  1029.3793    34.2634    34.2609    8.09882         28 0.0000e+00
    392.000    387.576    -0.2222  28.473237    -0.2204  28.472931     4.8063     4.9134    -0.0096    95.3092 1.0000e-12  -74.17528 -113.34460  26.703026      99.87 1.9948e+03    538.465      12924  1029.3869  1029.3848    34.2642    34.2618    8.09849         27 0.0000e+00
    393.000    388.563    -0.2213  28.475144    -0.2194  28.474940     4.8042     4.9053    -0.0130    95.3278 1.0000e-12  -74.17528 -113.34460  26.703040      99.86 1.9991e+03    539.618      12952  1029.3925  1029.3904    34.2652    34.2627    8.09825         27 0.0000e+00
    394.000    389.551    -0.2212  28.475995    -0.2193  28.475429     4.8086     4.9036    -0.0127    95.3679 1.0000e-12  -74.17528 -113.34460  26.703053      99.87 2.0017e+03    540.754      12979  1029.3976  1029.3952    34.2656    34.2628    8.09820         28 0.0000e+00
    395.000    390.539    -0.2210  28.476551    -0.2194  28.475988     4.8048     4.9113    -0.0148    95.3941 1.0000e-12  -74.17528 -113.34460  26.703066      99.86 2.0038e+03    541.880      13006  1029.4023  1029.4003    34.2655    34.2630    8.09816         27 0.0000e+00
    396.000    391.527    -0.2210  28.476977    -0.2191  28.476645     4.8036     4.9034    -0.0134    95.3950 1.0000e-12  -74.17528 -113.34460  26.703079      99.86 2.0047e+03    543.020      13033  1029.4072  1029.4050    34.2655    34.2630    8.09817         27 0.0000e+00
    397.000    392.514    -0.2213  28.477035    -0.2192  28.476822     4.8065     4.9006    -0.0166    95.3816 1.0000e-12  -74.17528 -113.34460  26.703092      75.58 2.0067e+03    544.163      13061  1029.4119  1029.4096    34.2653    34.2627    8.09824         28 0.0000e+00
    398.000    393.503    -0.2203  28.478624    -0.2180  28.478635     4.8055     4.9094    -0.0118    95.3910 1.0000e-12  -74.17528 -113.34460  26.703106      93.89 2.0080e+03    545.320      13089  1029.4169  1029.4147    34.2657    34.2632    8.09801         28 0.0000e+00
    399.000    394.490    -0.2194  28.480015    -0.2178  28.479377     4.8009     4.9016    -0.0045    95.3734 1.0000e-12  -74.17528 -113.34460  26.703119      99.88 2.0096e+03    546.484      13117  1029.4218  1029.4196    34.2659    34.2633    8.09780         28 0.0000e+00
    400.000    395.478    -0.2131  28.486834    -0.2107  28.486739     4.7964     4.9045    -0.0173    95.3698 1.0000e-12  -74.17528 -113.34460  26.703132      99.87 2.0099e+03    547.640      13144  1029.4272  1029.4248    34.2674    34.2646    8.09639         28 0.0000e+00
    401.000    396.465    -0.2068  28.494273    -0.2050  28.493659     4.7941     4.9040    -0.0039    95.3835 1.0000e-12  -74.17528 -113.34460  26.703146      99.87 2.0112e+03    548.792      13172  1029.4332  1029.4308    34.2696    34.2667    8.09492         27 0.0000e+00
    402.000    397.454    -0.1993  28.504337    -0.1978  28.503578     4.7956     4.8985    -0.0118    95.3527 1.0000e-12  -74.17528 -113.34460  26.703159      99.87 2.0123e+03    549.929      13199  1029.4409  1029.4387    34.2740    34.2713    8.09308         27 0.0000e+00
    403.000    398.441    -0.1864  28.518296    -0.1839  28.518040     4.7932     4.8929    -0.0185    95.3823 1.0000e-12  -74.17528 -113.34460  26.703172      99.86 2.0132e+03    551.031      13226  1029.4474  1029.4448    34.2774    34.2744    8.09014         27 0.0000e+00
    404.000    399.429    -0.1817  28.523575    -0.1793  28.523542     4.7909     4.8905    -0.0112    95.4010 1.0000e-12  -74.17528 -113.34460  26.703184      99.87 2.0141e+03    552.131      13252  1029.4528  1029.4504    34.2786    34.2758    8.08908         26 0.0000e+00
    405.000    400.417    -0.1761  28.530489    -0.1743  28.529622     4.7906     4.8959    -0.0158    95.3864 1.0000e-12  -74.17528 -113.34460  26.703198      99.87 2.0150e+03    553.267      13279  1029.4590  1029.4563    34.2809    34.2777    8.08776         28 0.0000e+00
    406.000    401.404    -0.1717  28.535336    -0.1700  28.534789     4.7923     4.8968    -0.0036    95.3927 1.0000e-12  -74.17528 -113.34460  26.703211      99.87 2.0150e+03    554.426      13307  1029.4642  1029.4620    34.2818    34.2792    8.08678         28 0.0000e+00
    407.000    402.392    -0.1689  28.538679    -0.1670  28.538383     4.7911     4.8929    -0.0117    95.4028 1.0000e-12  -74.17528 -113.34460  26.703224      99.86 2.0150e+03    555.586      13335  1029.4694  1029.4673    34.2825    34.2800    8.08615         28 0.0000e+00
    408.000    403.379    -0.1683  28.539603    -0.1665  28.539183     4.7860     4.8861    -0.0104    95.4168 1.0000e-12  -74.17528 -113.34460  26.703238      99.87 2.0150e+03    556.739      13363  1029.4743  1029.4720    34.2825    34.2799    8.08603         27 0.0000e+00
    409.000    404.367    -0.1669  28.541683    -0.1651  28.541149     4.7845     4.8887    -0.0047    95.4360 1.0000e-12  -74.17528 -113.34460  26.703251      82.05 2.0152e+03    557.878      13390  1029.4794  1029.4771    34.2831    34.2804    8.08569         27 0.0000e+00
    410.000    405.357    -0.1644  28.544826    -0.1614  28.545511     4.7885     4.8888    -0.0117    95.4322 1.0000e-12  -74.17528 -113.34460  26.703264      94.14 2.0161e+03    558.999      13417  1029.4846  1029.4825    34.2839    34.2814    8.08512         27 0.0000e+00
    411.000    406.342    -0.1597  28.550395    -0.1577  28.549960     4.7898     4.8867    -0.0150    95.4515 1.0000e-12  -74.17528 -113.34460  26.703277      99.81 2.0162e+03    560.134      13444  1029.4903  1029.4879    34.2854    34.2826    8.08403         28 0.0000e+00
    412.000    407.330    -0.1563  28.554555    -0.1544  28.554144     4.7895     4.8910    -0.0166    95.4616 1.0000e-12  -74.17528 -113.34460  26.703290      99.86 2.0163e+03    561.283      13472  1029.4957  1029.4935    34.2865    34.2839    8.08325         27 0.0000e+00
    413.000    408.318    -0.1545  28.557145    -0.1527  28.556719     4.7893     4.8814    -0.0106    95.4857 1.0000e-12  -74.17528 -113.34460  26.703304      99.86 2.0163e+03    562.438      13500  1029.5011  1029.4989    34.2874    34.2848    8.08282         28 0.0000e+00
    414.000    409.305    -0.1497  28.563020    -0.1472  28.563062     4.7828     4.8828    -0.0139    95.4721 1.0000e-12  -74.17528 -113.34460  26.703317      99.86 2.0167e+03    563.587      13527  1029.5069  1029.5045    34.2891    34.2864    8.08170         28 0.0000e+00
