ocean_section_plots/required_files/ctd/dnbp2202_ctd026.cnv
* Sea-Bird SBE 9 Data File:
* FileName = D:\Data\raw\NBP2202_CTD026.hex
* Software Version Seasave V 7.26.7.121
* Temperature SN = 1649
* Conductivity SN = 2513
* Number of Bytes Per Scan = 40
* Number of Voltage Words = 5
* Number of Scans Averaged by the Deck Unit = 1
* NMEA Latitude = 74 13.90 S
* NMEA Longitude = 112 15.78 W
* NMEA UTC (Time) = Jan 21 2022  07:33:37
* NMEA baud rate = 9600
** Ship: RVIB N.B. Palmer
** Cruise: NBP2202 Thwaites
** Station: Tow-Yo #1
** Operator: B. Bjork
# nquan = 25
# nvalues = 1001                        
# units = specified
# name 0 = prDM: Pressure, Digiquartz [db]
# name 1 = depSM: Depth [salt water, m]
# name 2 = t090C: Temperature [ITS-90, deg C]
# name 3 = c0mS/cm: Conductivity [mS/cm]
# name 4 = t190C: Temperature, 2 [ITS-90, deg C]
# name 5 = c1mS/cm: Conductivity, 2 [mS/cm]
# name 6 = sbeox0ML/L: Oxygen, SBE 43 [ml/l]
# name 7 = sbeox1ML/L: Oxygen, SBE 43, 2 [ml/l]
# name 8 = flECO-AFL: Fluorescence, WET Labs ECO-AFL/FL [mg/m^3]
# name 9 = CStarTr0: Beam Transmission, WET Labs C-Star [%]
# name 10 = par: PAR/Irradiance, Biospherical/Licor
# name 11 = latitude: Latitude [deg]
# name 12 = longitude: Longitude [deg]
# name 13 = timeJ: Julian Days
# name 14 = altM: Altimeter [m]
# name 15 = spar: SPAR, Biospherical/Licor
# name 16 = timeS: Time, Elapsed [seconds]
# name 17 = scan: Scan Count
# name 18 = density00: Density [density, kg/m^3]
# name 19 = density11: Density, 2 [density, kg/m^3]
# name 20 = sal00: Salinity, Practical [PSU]
# name 21 = sal11: Salinity, Practical, 2 [PSU]
# name 22 = oxsolML/L: Oxygen Saturation, Garcia & Gordon [ml/l]
# name 23 = nbin: number of scans per bin
# name 24 = flag: flag
# span 0 =     10.000,   1010.000       
# span 1 =      9.898,    997.119       
# span 2 =    -1.5470,     0.5041       
# span 3 =  27.035848,  29.576058       
# span 4 =    -1.5459,     0.5062       
# span 5 =  27.035407,  29.576197       
# span 6 =     4.5798,     7.6759       
# span 7 =     4.8172,     8.0358       
# span 8 =    -0.0122,    11.5316       
# span 9 =    79.2006,    98.2262       
# span 10 = 1.0000e-12, 6.2456e+00      
# span 11 =  -74.23184,  -74.23144      
# span 12 = -112.26284, -112.25091      
# span 13 =  21.315564,  21.331188      
# span 14 =      -9.28,     100.42      
# span 15 = 4.8656e+02, 4.9562e+02      
# span 16 =     47.712,   1397.622      
# span 17 =       1146,      33544      
# span 18 =  1027.2394,  1032.4597      
# span 19 =  1027.2376,  1032.4576      
# span 20 =    33.8043,    34.5466      
# span 21 =    33.8020,    34.5441      
# span 22 =    7.93111,    8.40700      
# span 23 =         19,         47      
# span 24 = 0.0000e+00, 0.0000e+00      
# interval = decibars: 1                
# start_time = Jan 21 2022 07:33:37 [NMEA time, header]
# bad_flag = -9.990e-29
*END*
[from data line 290]
    300.000    296.679    -1.4131  27.291832    -1.4116  27.291396     6.2124     6.5684     0.1231    98.1579 1.0000e-12  -74.23176 -112.25870  21.320791      99.86 4.8740e+02    499.314      11985  1028.8507  1028.8488    34.0674    34.0651    8.37005         29 0.0000e+00
    301.000    297.667    -1.4129  27.292549    -1.4115  27.292103     6.2142     6.5699     0.0762    97.9760 1.0000e-12  -74.23176 -112.25869  21.320805      99.86 4.8819e+02    500.533      12014  1028.8557  1028.8538    34.0675    34.0653    8.37000         29 0.0000e+00
    302.000    298.656    -1.4118  27.294503    -1.4102  27.294189     6.2144     6.5678     0.0187    98.0788 1.0000e-12  -74.23176 -112.25867  21.320819      99.86 4.8826e+02    501.759      12043  1028.8611  1028.8592    34.0684    34.0661    8.36971         30 0.0000e+00
    303.000    299.644    -1.4094  27.297454    -1.4080  27.296952     6.2072     6.5584     0.0208    97.5345 1.0000e-12  -74.23176 -112.25866  21.320833      99.87 4.8739e+02    502.965      12072  1028.8663  1028.8644    34.0690    34.0667    8.36912         28 0.0000e+00
    304.000    300.631    -1.4045  27.302557    -1.4028  27.302358     6.2054     6.5606     0.0077    98.1608 1.0000e-12  -74.23176 -112.25866  21.320847      99.86 4.8761e+02    504.161      12101  1028.8715  1028.8697    34.0699    34.0676    8.36797         29 0.0000e+00
    305.000    301.620    -1.4022  27.305134    -1.4008  27.304671     6.1980     6.5507     0.0170    98.1100 1.0000e-12  -74.23176 -112.25864  21.320861      99.87 4.8657e+02    505.366      12130  1028.8765  1028.8747    34.0702    34.0680    8.36745         29 0.0000e+00
    306.000    302.608    -1.4007  27.307160    -1.3992  27.306722     6.1960     6.5450     0.0246    98.1764 1.0000e-12  -74.23176 -112.25863  21.320875      99.86 4.8656e+02    506.587      12159  1028.8816  1028.8797    34.0706    34.0684    8.36707         29 0.0000e+00
    307.000    303.596    -1.3957  27.312565    -1.3940  27.312267     6.1922     6.5400     0.0141    98.1426 1.0000e-12  -74.23176 -112.25862  21.320889      78.74 4.8656e+02    507.818      12189  1028.8870  1028.8850    34.0718    34.0694    8.36589         29 0.0000e+00
    308.000    304.586    -1.3913  27.317595    -1.3897  27.317391     6.1923     6.5391     0.0252    98.1922 1.0000e-12  -74.23176 -112.25861  21.320903      99.93 4.8763e+02    509.042      12218  1028.8926  1028.8908    34.0731    34.0709    8.36483         30 0.0000e+00
    309.000    305.573    -1.3884  27.321287    -1.3869  27.320951     6.1802     6.5351     0.0274    98.1734 1.0000e-12  -74.23176 -112.25860  21.320917      99.86 4.8741e+02    510.257      12247  1028.8982  1028.8964    34.0742    34.0721    8.36411         29 0.0000e+00
    310.000    306.560    -1.3844  27.326081    -1.3824  27.326086     6.1714     6.5241     0.0325    98.1853 1.0000e-12  -74.23176 -112.25859  21.320931      99.87 4.8691e+02    511.472      12276  1028.9040  1028.9020    34.0756    34.0733    8.36312         30 0.0000e+00
    311.000    307.549    -1.3759  27.334668    -1.3742  27.334253     6.1611     6.5094     0.0187    98.1778 1.0000e-12  -74.23176 -112.25858  21.320946      99.86 4.8668e+02    512.707      12306  1028.9094  1028.9074    34.0771    34.0747    8.36113         30 0.0000e+00
    312.000    308.536    -1.3702  27.340688    -1.3682  27.340595     6.1442     6.4978     0.0144    98.1553 1.0000e-12  -74.23175 -112.25857  21.320960      99.87 4.8686e+02    513.936      12335  1028.9149  1028.9129    34.0783    34.0759    8.35978         29 0.0000e+00
    313.000    309.525    -1.3565  27.354634    -1.3542  27.354764     6.1347     6.4829     0.0143    98.1535 1.0000e-12  -74.23174 -112.25856  21.320974      99.86 4.8725e+02    515.145      12364  1028.9213  1028.9192    34.0813    34.0788    8.35654         28 0.0000e+00
    314.000    310.515    -1.3494  27.361644    -1.3478  27.361338     6.1362     6.4851     0.0209    98.1322 1.0000e-12  -74.23174 -112.25854  21.320988      99.86 4.8838e+02    516.352      12393  1028.9265  1028.9246    34.0822    34.0800    8.35489         30 0.0000e+00
    315.000    311.502    -1.3482  27.363307    -1.3466  27.362940     6.1328     6.4825     0.0420    98.1526 1.0000e-12  -74.23174 -112.25854  21.321002      99.87 4.8863e+02    517.562      12422  1028.9316  1028.9296    34.0825    34.0802    8.35461         28 0.0000e+00
    316.000    312.490    -1.3463  27.365665    -1.3442  27.365698     6.1260     6.4833     0.0275    98.1365 1.0000e-12  -74.23174 -112.25853  21.321016      99.86 4.8768e+02    518.767      12451  1028.9367  1028.9348    34.0829    34.0806    8.35414         30 0.0000e+00
    317.000    313.477    -1.3381  27.374411    -1.3364  27.374116     6.1207     6.4722     0.0213    98.1158 1.0000e-12  -74.23174 -112.25852  21.321030      99.87 4.8731e+02    519.981      12481  1028.9427  1028.9407    34.0850    34.0826    8.35218         28 0.0000e+00
    318.000    314.466    -1.3352  27.378026    -1.3338  27.377540     6.1209     6.4658     0.0290    98.0951 1.0000e-12  -74.23174 -112.25850  21.321044      88.26 4.8715e+02    521.197      12510  1028.9483  1028.9464    34.0860    34.0838    8.35147         30 0.0000e+00
    319.000    315.454    -1.3338  27.380122    -1.3322  27.379648     6.1216     6.4634     0.0239    98.1403 1.0000e-12  -74.23174 -112.25850  21.321058      95.49 4.8777e+02    522.407      12539  1028.9536  1028.9516    34.0867    34.0843    8.35112         29 0.0000e+00
    320.000    316.442    -1.3307  27.383804    -1.3291  27.383375     6.1280     6.4648     0.0158    98.1318 1.0000e-12  -74.23174 -112.25848  21.321072      99.88 4.8820e+02    523.628      12568  1028.9590  1028.9571    34.0876    34.0852    8.35038         29 0.0000e+00
    321.000    317.431    -1.3315  27.383891    -1.3302  27.383422     6.1294     6.4743     0.0143    98.1093 1.0000e-12  -74.23174 -112.25848  21.321086      99.86 4.8851e+02    524.850      12597  1028.9644  1028.9625    34.0881    34.0859    8.35054         29 0.0000e+00
    322.000    318.418    -1.3319  27.384142    -1.3305  27.383674     6.1278     6.4706     0.0154    98.0812 1.0000e-12  -74.23174 -112.25847  21.321100      99.86 4.8872e+02    526.059      12626  1028.9694  1028.9675    34.0883    34.0860    8.35062         27 0.0000e+00
    323.000    319.408    -1.3319  27.384592    -1.3303  27.384279     6.1333     6.4724     0.0277    98.1272 1.0000e-12  -74.23174 -112.25846  21.321114      99.86 4.8832e+02    527.276      12656  1028.9742  1028.9723    34.0882    34.0860    8.35061         30 0.0000e+00
    324.000    320.394    -1.3325  27.384618    -1.3307  27.384394     6.1387     6.4759     0.0215    98.1283 1.0000e-12  -74.23174 -112.25844  21.321129      99.87 4.8789e+02    528.512      12685  1028.9792  1028.9772    34.0883    34.0860    8.35074         29 0.0000e+00
    325.000    321.383    -1.3343  27.383752    -1.3329  27.383306     6.1404     6.4869     0.0187    98.0897 1.0000e-12  -74.23174 -112.25844  21.321143      99.86 4.8868e+02    529.741      12715  1028.9843  1028.9825    34.0886    34.0864    8.35113         30 0.0000e+00
    326.000    322.371    -1.3356  27.383334    -1.3343  27.382812     6.1408     6.4904     0.0104    98.1392 1.0000e-12  -74.23174 -112.25843  21.321157      99.87 4.8820e+02    530.965      12744  1028.9895  1028.9877    34.0889    34.0867    8.35141         29 0.0000e+00
    327.000    323.359    -1.3387  27.381423    -1.3372  27.381011     6.1426     6.4885     0.0204    98.0708 1.0000e-12  -74.23174 -112.25842  21.321171      99.86 4.8734e+02    532.177      12773  1028.9947  1028.9928    34.0892    34.0869    8.35208         29 0.0000e+00
    328.000    324.347    -1.3411  27.380185    -1.3398  27.379651     6.1579     6.4987     0.0237    98.1190 1.0000e-12  -74.23174 -112.25840  21.321185      99.86 4.8766e+02    533.389      12802  1029.0000  1028.9981    34.0896    34.0873    8.35259         29 0.0000e+00
    329.000    325.336    -1.3455  27.376932    -1.3449  27.376026     6.1737     6.5148     0.0158    98.1329 1.0000e-12  -74.23174 -112.25839  21.321199      99.01 4.8721e+02    534.600      12831  1029.0051  1029.0035    34.0895    34.0876    8.35359         30 0.0000e+00
    330.000    326.322    -1.3512  27.373016    -1.3509  27.371698     6.1755     6.5250     0.0143    98.1315 1.0000e-12  -74.23174 -112.25838  21.321213      99.86 4.8769e+02    535.809      12860  1029.0105  1029.0088    34.0900    34.0878    8.35483         28 0.0000e+00
    331.000    327.312    -1.3562  27.369430    -1.3548  27.369086     6.1773     6.5294     0.0092    98.1211 1.0000e-12  -74.23174 -112.25837  21.321227      99.87 4.8838e+02    537.001      12889  1029.0158  1029.0140    34.0902    34.0881    8.35595         29 0.0000e+00
    332.000    328.299    -1.3573  27.369248    -1.3558  27.369006     6.1785     6.5311     0.0348    98.1099 1.0000e-12  -74.23174 -112.25836  21.321241      99.86 4.8832e+02    538.203      12918  1029.0209  1029.0192    34.0905    34.0885    8.35617         27 0.0000e+00
    333.000    329.288    -1.3559  27.371714    -1.3543  27.371542     6.1717     6.5241     0.0157    98.1256 1.0000e-12  -74.23174 -112.25834  21.321255      57.61 4.8832e+02    539.419      12947  1029.0265  1029.0246    34.0917    34.0896    8.35579         29 0.0000e+00
    334.000    330.275    -1.3530  27.375779    -1.3512  27.375569     6.1628     6.5146     0.0023    98.1509 1.0000e-12  -74.23174 -112.25834  21.321269      99.69 4.8832e+02    540.641      12976  1029.0323  1029.0304    34.0933    34.0910    8.35503         30 0.0000e+00
    335.000    331.263    -1.3454  27.384008    -1.3430  27.384201     6.1558     6.5084     0.0031    98.1531 1.0000e-12  -74.23174 -112.25833  21.321283      99.86 4.8832e+02    541.872      13006  1029.0382  1029.0360    34.0954    34.0929    8.35322         29 0.0000e+00
    336.000    332.251    -1.3370  27.392555    -1.3351  27.392386     6.1525     6.5053     0.0079    98.1271 1.0000e-12  -74.23174 -112.25832  21.321297      99.86 4.8832e+02    543.099      13035  1029.0436  1029.0417    34.0969    34.0946    8.35123         30 0.0000e+00
    337.000    333.240    -1.3344  27.395926    -1.3329  27.395573     6.1544     6.5101     0.0090    98.1877 1.0000e-12  -74.23174 -112.25832  21.321312      99.86 4.8832e+02    544.316      13065  1029.0491  1029.0473    34.0980    34.0958    8.35059         28 0.0000e+00
    338.000    334.228    -1.3337  27.397505    -1.3323  27.397122     6.1462     6.5044     0.0126    98.1749 1.0000e-12  -74.23174 -112.25830  21.321326      99.87 4.8873e+02    545.537      13094  1029.0545  1029.0528    34.0987    34.0966    8.35039         30 0.0000e+00
    339.000    335.217    -1.3307  27.400952    -1.3285  27.401151     6.1449     6.4902     0.0008    98.1691 1.0000e-12  -74.23174 -112.25829  21.321340      88.38 4.8955e+02    546.768      13123  1029.0597  1029.0578    34.0994    34.0972    8.34967         30 0.0000e+00
    340.000    336.203    -1.3246  27.407193    -1.3229  27.406789     6.1360     6.4853     0.0069    98.1700 1.0000e-12  -74.23174 -112.25828  21.321354      98.22 4.8821e+02    547.993      13153  1029.0649  1029.0629    34.1004    34.0980    8.34825         29 0.0000e+00
    341.000    337.192    -1.3206  27.411949    -1.3192  27.411457     6.1317     6.4748     0.0069    98.1780 1.0000e-12  -74.23174 -112.25826  21.321368      99.86 4.8723e+02    549.206      13182  1029.0706  1029.0687    34.1018    34.0995    8.34728         29 0.0000e+00
    342.000    338.180    -1.3074  27.425809    -1.3053  27.425638     6.1172     6.4560     0.0069    98.1851 1.0000e-12  -74.23174 -112.25826  21.321382      99.87 4.8698e+02    550.419      13211  1029.0773  1029.0750    34.1052    34.1026    8.34413         29 0.0000e+00
    343.000    339.168    -1.2943  27.439527    -1.2926  27.439235     6.1054     6.4505     0.0069    98.2073 1.0000e-12  -74.23173 -112.25824  21.321396      99.86 4.8847e+02    551.626      13240  1029.0839  1029.0819    34.1085    34.1062    8.34101         30 0.0000e+00
    344.000    340.155    -1.2858  27.449242    -1.2840  27.449027     6.0994     6.4492     0.0069    98.1978 1.0000e-12  -74.23172 -112.25823  21.321410      99.86 4.8845e+02    552.840      13269  1029.0907  1029.0888    34.1116    34.1092    8.33894         28 0.0000e+00
    345.000    341.144    -1.2834  27.452440    -1.2819  27.451991     6.0937     6.4448     0.0031    98.2042 1.0000e-12  -74.23172 -112.25822  21.321424      99.87 4.8838e+02    554.058      13298  1029.0963  1029.0943    34.1126    34.1102    8.33834         30 0.0000e+00
    346.000    342.133    -1.2818  27.455103    -1.2799  27.455004     6.0809     6.4318    -0.0056    98.1805 1.0000e-12  -74.23172 -112.25820  21.321438      99.86 4.8865e+02    555.274      13328  1029.1021  1029.1002    34.1138    34.1115    8.33791         27 0.0000e+00
    347.000    343.119    -1.2587  27.478759    -1.2562  27.478803     6.0565     6.4080    -0.0020    98.1535 1.0000e-12  -74.23172 -112.25819  21.321452      99.87 4.8826e+02    556.484      13357  1029.1098  1029.1074    34.1193    34.1165    8.33243         29 0.0000e+00
    348.000    344.108    -1.2308  27.506919    -1.2289  27.506472     6.0430     6.3904     0.0260    98.2106 1.0000e-12  -74.23172 -112.25818  21.321466      99.86 4.8705e+02    557.704      13386  1029.1179  1029.1155    34.1255    34.1228    8.32584         29 0.0000e+00
    349.000    345.095    -1.2139  27.524332    -1.2139  27.522360     6.0404     6.3865     0.0129    98.2028 1.0000e-12  -74.23172 -112.25818  21.321481      99.87 4.8852e+02    558.928      13415  1029.1250  1029.1228    34.1295    34.1269    8.32184         29 0.0000e+00
    350.000    346.084    -1.2098  27.529191    -1.2078  27.529197     6.0412     6.3797    -0.0004    98.1465 1.0000e-12  -74.23172 -112.25816  21.321495      98.62 4.8832e+02    560.150      13445  1029.1309  1029.1289    34.1309    34.1286    8.32085         30 0.0000e+00
    351.000    347.072    -1.2059  27.533825    -1.2035  27.534184     6.0350     6.3769    -0.0004    98.1726 1.0000e-12  -74.23172 -112.25816  21.321509      98.67 4.8838e+02    561.374      13474  1029.1367  1029.1347    34.1322    34.1300    8.31990         29 0.0000e+00
    352.000    348.061    -1.2029  27.537232    -1.2016  27.536507     6.0276     6.3700     0.0060    98.1914 1.0000e-12  -74.23172 -112.25815  21.321523      99.86 4.8914e+02    562.604      13504  1029.1420  1029.1400    34.1329    34.1304    8.31920         30 0.0000e+00
    353.000    349.048    -1.1998  27.541164    -1.1987  27.539959     6.0316     6.3723     0.0143    98.1682 1.0000e-12  -74.23172 -112.25814  21.321537      99.86 4.8868e+02    563.835      13533  1029.1478  1029.1455    34.1341    34.1312    8.31843         29 0.0000e+00
    354.000    350.035    -1.1970  27.544414    -1.1946  27.544785     6.0285     6.3661     0.0097    98.0618 1.0000e-12  -74.23172 -112.25813  21.321552      99.87 4.8911e+02    565.050      13562  1029.1531  1029.1512    34.1347    34.1326    8.31778         29 0.0000e+00
    355.000    351.024    -1.1965  27.545611    -1.1935  27.546577     6.0273     6.3612    -0.0035    98.1698 1.0000e-12  -74.23172 -112.25812  21.321565      99.86 4.8844e+02    566.258      13591  1029.1584  1029.1565    34.1352    34.1331    8.31764         29 0.0000e+00
    356.000    352.010    -1.1840  27.559370    -1.1822  27.559179     6.0233     6.3624    -0.0019    98.1566 1.0000e-12  -74.23172 -112.25810  21.321579      99.87 4.8820e+02    567.464      13620  1029.1657  1029.1637    34.1392    34.1369    8.31463         29 0.0000e+00
