ocean_section_plots/required_files/ctd/dnbp2202_ctd215.cnv
* Sea-Bird SBE 9 Data File:
* FileName = D:\Data\raw\NBP2202_CTD215.hex
* Software Version Seasave V 7.26.7.121
* Temperature SN = 1649
* Conductivity SN = 2513
* Number of Bytes Per Scan = 40
* Number of Voltage Words = 5
* Number of Scans Averaged by the Deck Unit = 1
* NMEA Latitude = 73 58.28 S
* NMEA Longitude = 111 27.70 W
* NMEA UTC (Time) = Feb 11 2022  06:04:34
* NMEA baud rate = 9600
** Ship: RVIB N.B. Palmer
** Cruise: NBP2202 Thwaites
** Station: 127
** Operator: B. Bjork
# nquan = 28
# nvalues = 493                         
# units = specified
# name 0 = prDM: Pressure, Digiquartz [db]
# name 1 = depSM: Depth [salt water, m]
# name 2 = t090C: Temperature [ITS-90, deg C]
# name 3 = c0mS/cm: Conductivity [mS/cm]
# name 4 = t190C: Temperature, 2 [ITS-90, deg C]
# name 5 = c1mS/cm: Conductivity, 2 [mS/cm]
# name 6 = sbeox0ML/L: Oxygen, SBE 43 [ml/l]
# name 7 = sbeox1ML/L: Oxygen, SBE 43, 2 [ml/l]
# name 8 = flECO-AFL: Fluorescence, WET Labs ECO-AFL/FL [mg/m^3]
# name 9 = CStarTr0: Beam Transmission, WET Labs C-Star [%]
# name 10 = par: PAR/Irradiance, Biospherical/Licor
# name 11 = latitude: Latitude [deg]
# name 12 = longitude: Longitude [deg]
# name 13 = timeJ: Julian Days
# name 14 = altM: Altimeter [m]
# name 15 = spar: SPAR, Biospherical/Licor
# name 16 = timeS: Time, Elapsed [seconds]
# name 17 = scan: Scan Count
# name 18 = density00: Density [density, kg/m^3]
# name 19 = density11: Density, 2 [density, kg/m^3]
# name 20 = v3: Voltage 3
# name 21 = v4: Voltage 4
# name 22 = v5: Voltage 5
# name 23 = sal00: Salinity, Practical [PSU]
# name 24 = sal11: Salinity, Practical, 2 [PSU]
# name 25 = oxsolML/L: Oxygen Saturation, Garcia & Gordon [ml/l]
# name 26 = nbin: number of scans per bin
# name 27 = flag: flag
# span 0 =      2.000,    494.000       
# span 1 =      1.981,    488.312       
# span 2 =    -1.6294,     0.3080       
# span 3 =  26.923596,  29.146284       
# span 4 =    -1.6285,     0.3104       
# span 5 =  26.923754,  29.146284       
# span 6 =     4.6770,     8.8510       
# span 7 =     4.8150,     9.1567       
# span 8 =    -0.0141,    28.4622       
# span 9 =    71.3394,    97.9819       
# span 10 = -1.611e-05, 4.8997e+00      
# span 11 =  -73.97138,  -73.97138      
# span 12 = -111.46183, -111.46178      
# span 13 =  42.255106,  42.262875      
# span 14 =       6.02,     100.03      
# span 15 = 2.9310e+01, 4.3957e+01      
# span 16 =    167.164,    838.386      
# span 17 =       4013,      20122      
# span 18 =  1027.2013,  1030.0236      
# span 19 =  1027.2010,  1030.0210      
# span 20 =     3.3843,     4.6481      
# span 21 =     0.0649,     4.4821      
# span 22 =     0.1178,     0.2624      
# span 23 =    33.8090,    34.4990      
# span 24 =    33.8085,    34.4966      
# span 25 =    7.97414,    8.42613      
# span 26 =          4,         50      
# span 27 = 0.0000e+00, 0.0000e+00      
# interval = decibars: 1                
# start_time = Feb 11 2022 06:04:34 [NMEA time, header]
# bad_flag = -9.990e-29
*END*
[from data line 259]
    261.000    258.139    -1.3383  27.349904    -1.3371  27.349518     6.1595     6.3677     0.0595    97.7443 1.0000e-12  -73.97138 -111.46180  42.259319      99.92 3.6333e+01    531.163      12749  1028.6763  1028.6747     4.6368     0.0828     0.1228    34.0863    34.0844    8.35217         23 0.0000e+00
    262.000    259.126    -1.3370  27.351906    -1.3358  27.351456     6.1542     6.3674     0.0687    97.7881 1.0000e-12  -73.97138 -111.46180  42.259331      99.92 4.1652e+01    532.163      12773  1028.6816  1028.6799     4.6389     0.0854     0.1249    34.0869    34.0849    8.35183         25 0.0000e+00
    263.000    260.116    -1.3355  27.353850    -1.3340  27.353687     6.1619     6.3600     0.0614    97.7521 1.0000e-12  -73.97138 -111.46180  42.259342      99.92 3.7726e+01    533.163      12797  1028.6866  1028.6850     4.6373     0.0866     0.1259    34.0872    34.0854    8.35147         23 0.0000e+00
    264.000    261.104    -1.3331  27.356524    -1.3318  27.356440     6.1631     6.3577     0.0606    97.7880 1.0000e-12  -73.97138 -111.46180  42.259354      88.79 3.4631e+01    534.159      12821  1028.6916  1028.6902     4.6389     0.0812     0.1314    34.0876    34.0860    8.35093         24 0.0000e+00
    265.000    262.093    -1.3320  27.358350    -1.3307  27.358031     6.1617     6.3599     0.0712    97.7897 1.0000e-12  -73.97138 -111.46180  42.259365      95.94 4.1808e+01    535.158      12845  1028.6969  1028.6953     4.6390     0.0785     0.1251    34.0882    34.0864    8.35064         24 0.0000e+00
    266.000    263.080    -1.3321  27.358995    -1.3307  27.358894     6.1626     6.3629     0.0664    97.7994 1.0000e-12  -73.97138 -111.46180  42.259377      99.96 3.8681e+01    536.155      12869  1028.7021  1028.7005     4.6395     0.0819     0.1209    34.0886    34.0868    8.35064         24 0.0000e+00
    267.000    264.069    -1.3316  27.360615    -1.3302  27.360392     6.1563     6.3556     0.0516    97.8378 1.0000e-12  -73.97138 -111.46180  42.259388      99.93 3.5564e+01    537.142      12892  1028.7077  1028.7061     4.6412     0.0815     0.1232    34.0896    34.0877    8.35046         24 0.0000e+00
    268.000    265.056    -1.3297  27.363204    -1.3284  27.362915     6.1530     6.3525     0.0521    97.8020 1.0000e-12  -73.97138 -111.46182  42.259400      99.92 4.1048e+01    538.131      12916  1028.7130  1028.7115     4.6396     0.0806     0.1276    34.0905    34.0886    8.35000         24 0.0000e+00
    269.000    266.045    -1.3254  27.368010    -1.3242  27.367627     6.1540     6.3528     0.0500    97.7962 1.0000e-12  -73.97138 -111.46180  42.259411      99.92 3.8406e+01    539.123      12940  1028.7184  1028.7168     4.6393     0.0809     0.1239    34.0915    34.0896    8.34896         24 0.0000e+00
    270.000    267.035    -1.3234  27.370531    -1.3218  27.370510     6.1477     6.3480     0.0453    97.8409 1.0000e-12  -73.97138 -111.46182  42.259423      99.93 3.6358e+01    540.112      12964  1028.7236  1028.7221     4.6414     0.0815     0.1237    34.0921    34.0902    8.34849         23 0.0000e+00
    271.000    268.021    -1.3207  27.373816    -1.3192  27.373670     6.1395     6.3493     0.0722    97.8639 1.0000e-12  -73.97138 -111.46180  42.259434      99.92 3.9550e+01    541.114      12988  1028.7289  1028.7273     4.6425     0.0806     0.1273    34.0928    34.0910    8.34783         24 0.0000e+00
    272.000    269.011    -1.3182  27.376829    -1.3168  27.376609     6.1388     6.3478     0.0523    97.8000 1.0000e-12  -73.97138 -111.46182  42.259446      99.93 3.8927e+01    542.110      13012  1028.7341  1028.7325     4.6395     0.0791     0.1236    34.0936    34.0916    8.34724         24 0.0000e+00
    273.000    269.998    -1.3151  27.380617    -1.3134  27.380453     6.1415     6.3427     0.0709    97.8058 1.0000e-12  -73.97138 -111.46180  42.259457      99.92 3.5904e+01    543.098      13035  1028.7396  1028.7378     4.6398     0.0800     0.1232    34.0946    34.0925    8.34648         23 0.0000e+00
    274.000    270.987    -1.3103  27.386149    -1.3088  27.385930     6.1419     6.3449     0.0517    97.8673 1.0000e-12  -73.97138 -111.46182  42.259469      99.92 3.8850e+01    544.086      13059  1028.7453  1028.7436     4.6427     0.0811     0.1294    34.0961    34.0941    8.34532         24 0.0000e+00
    275.000    271.976    -1.3056  27.392376    -1.3042  27.392210     6.1308     6.3361     0.0388    97.8735 1.0000e-12  -73.97138 -111.46180  42.259480      99.92 4.0725e+01    545.079      13083  1028.7520  1028.7504     4.6430     0.0792     0.1251    34.0987    34.0969    8.34412         24 0.0000e+00
    276.000    272.964    -1.2967  27.402657    -1.2954  27.402332     6.1337     6.3312     0.0365    97.8625 1.0000e-12  -73.97138 -111.46182  42.259492      99.92 3.5721e+01    546.073      13107  1028.7590  1028.7573     4.6424     0.0807     0.1206    34.1021    34.1001    8.34193         24 0.0000e+00
    277.000    273.953    -1.2946  27.405400    -1.2933  27.405290     6.1274     6.3392     0.0365    97.8533 1.0000e-12  -73.97138 -111.46180  42.259503      96.62 3.8892e+01    547.073      13131  1028.7643  1028.7629     4.6420     0.0793     0.1242    34.1028    34.1012    8.34142         25 0.0000e+00
    278.000    274.940    -1.2914  27.410435    -1.2899  27.410238     6.1225     6.3372     0.0334    97.8215 1.0000e-12  -73.97138 -111.46182  42.259515      94.98 3.9852e+01    548.079      13155  1028.7711  1028.7694     4.6405     0.0819     0.1262    34.1055    34.1035    8.34055         23 0.0000e+00
    279.000    275.930    -1.2919  27.411309    -1.2905  27.411170     6.1148     6.3204     0.0288    97.9008 1.0000e-12  -73.97138 -111.46180  42.259526     100.03 3.5682e+01    549.084      13179  1028.7770  1028.7754     4.6443     0.0797     0.1233    34.1067    34.1048    8.34059         24 0.0000e+00
    280.000    276.916    -1.2834  27.420541    -1.2817  27.420398     6.1014     6.3098     0.0318    97.8760 1.0000e-12  -73.97138 -111.46182  42.259538      99.92 3.7010e+01    550.075      13203  1028.7831  1028.7813     4.6431     0.0782     0.1220    34.1090    34.1069    8.33855         25 0.0000e+00
    281.000    277.906    -1.2726  27.430956    -1.2710  27.430695     6.0993     6.3008     0.0418    97.8948 1.0000e-12  -73.97138 -111.46180  42.259549      99.92 4.0091e+01    551.061      13226  1028.7884  1028.7866     4.6440     0.0780     0.1212    34.1104    34.1082    8.33606         23 0.0000e+00
    282.000    278.894    -1.2656  27.438040    -1.2641  27.437840     6.0832     6.2841     0.0215    97.9054 1.0000e-12  -73.97138 -111.46182  42.259561      99.92 3.6925e+01    552.047      13250  1028.7937  1028.7920     4.6445     0.0772     0.1223    34.1115    34.1095    8.33443         23 0.0000e+00
    283.000    279.884    -1.2520  27.451741    -1.2504  27.451354     6.0656     6.2720     0.0284    97.9088 1.0000e-12  -73.97138 -111.46180  42.259572      99.92 3.6427e+01    553.031      13274  1028.7998  1028.7978     4.6446     0.0816     0.1208    34.1142    34.1118    8.33124         24 0.0000e+00
    284.000    280.870    -1.2403  27.463882    -1.2386  27.463635     6.0586     6.2698     0.0289    97.9152 1.0000e-12  -73.97138 -111.46181  42.259584      99.93 4.1636e+01    554.019      13297  1028.8062  1028.8042     4.6449     0.0774     0.1205    34.1169    34.1146    8.32847         24 0.0000e+00
    285.000    281.859    -1.2273  27.476662    -1.2257  27.476331     6.0553     6.2576     0.0238    97.8938 1.0000e-12  -73.97138 -111.46181  42.259595      99.93 3.7410e+01    555.016      13321  1028.8119  1028.8100     4.6440     0.0750     0.1234    34.1190    34.1167    8.32546         24 0.0000e+00
    286.000    282.846    -1.2233  27.480964    -1.2217  27.480756     6.0520     6.2548     0.0216    97.9011 1.0000e-12  -73.97138 -111.46181  42.259607      99.92 3.4857e+01    556.005      13345  1028.8172  1028.8154     4.6443     0.0757     0.1211    34.1197    34.1176    8.32451         24 0.0000e+00
    287.000    283.837    -1.2194  27.485120    -1.2179  27.484943     6.0450     6.2590     0.0254    97.9276 1.0000e-12  -73.97138 -111.46181  42.259618      99.92 4.1506e+01    556.995      13369  1028.8224  1028.8208     4.6455     0.0789     0.1215    34.1203    34.1184    8.32361         23 0.0000e+00
    288.000    284.824    -1.2172  27.488495    -1.2157  27.488288     6.0449     6.2591     0.0289    97.9202 1.0000e-12  -73.97138 -111.46181  42.259630      99.93 3.9151e+01    557.994      13393  1028.8284  1028.8268     4.6452     0.0782     0.1219    34.1218    34.1199    8.32303         25 0.0000e+00
    289.000    285.812    -1.2158  27.491542    -1.2142  27.491521     6.0514     6.2548     0.0262    97.9321 1.0000e-12  -73.97138 -111.46181  42.259641      99.92 3.5109e+01    559.003      13417  1028.8349  1028.8333     4.6457     0.0771     0.1243    34.1239    34.1219    8.32261         24 0.0000e+00
    290.000    286.801    -1.2140  27.494363    -1.2124  27.494076     6.0525     6.2552     0.0216    97.9409 1.0000e-12  -73.97138 -111.46181  42.259653      89.71 4.2513e+01    560.019      13441  1028.8406  1028.8388     4.6461     0.0761     0.1236    34.1250    34.1228    8.32213         24 0.0000e+00
    291.000    287.787    -1.2102  27.498964    -1.2087  27.498693     6.0531     6.2497     0.0612    97.9377 1.0000e-12  -73.97138 -111.46180  42.259665      95.84 3.9702e+01    561.034      13466  1028.8464  1028.8446     4.6460     0.0760     0.1228    34.1264    34.1243    8.32121         24 0.0000e+00
    292.000    288.777    -1.2071  27.502782    -1.2051  27.503012     6.0416     6.2443     0.2416    97.9268 1.0000e-12  -73.97138 -111.46182  42.259676     100.00 3.6291e+01    562.041      13490  1028.8519  1028.8503     4.6455     0.0773     0.1241    34.1274    34.1255    8.32045         24 0.0000e+00
    293.000    289.765    -1.2025  27.507994    -1.2006  27.508098     6.0340     6.2416     0.0159    97.9138 1.0000e-12  -73.97138 -111.46180  42.259688      99.92 4.1327e+01    563.046      13514  1028.8576  1028.8559     4.6449     0.0768     0.1227    34.1288    34.1268    8.31936         24 0.0000e+00
    294.000    290.754    -1.1971  27.513874    -1.1956  27.513553     6.0391     6.2375     0.0360    97.9056 1.0000e-12  -73.97138 -111.46182  42.259700      99.92 4.0257e+01    564.050      13538  1028.8631  1028.8614     4.6445     0.0756     0.1223    34.1300    34.1279    8.31808         25 0.0000e+00
    295.000    291.742    -1.1949  27.516683    -1.1937  27.516132     6.0437     6.2366     0.0296    97.8842 1.0000e-12  -73.97138 -111.46180  42.259711      99.92 3.7115e+01    565.056      13562  1028.8684  1028.8667     4.6435     0.0760     0.1243    34.1307    34.1286    8.31754         24 0.0000e+00
    296.000    292.730    -1.1919  27.519883    -1.1904  27.519801     6.0332     6.2313     0.0228    97.9366 1.0000e-12  -73.97138 -111.46180  42.259723      99.92 4.0177e+01    566.062      13586  1028.8734  1028.8719     4.6460     0.0758     0.1215    34.1311    34.1293    8.31686         24 0.0000e+00
    297.000    293.718    -1.1890  27.523210    -1.1875  27.523059     6.0286     6.2309     0.0161    97.9743 1.0000e-12  -73.97138 -111.46180  42.259735      99.92 3.9427e+01    567.071      13611  1028.8786  1028.8770     4.6478     0.0757     0.1254    34.1317    34.1299    8.31618         25 0.0000e+00
    298.000    294.706    -1.1860  27.526715    -1.1848  27.526253     6.0296     6.2243     0.0095    97.9327 1.0000e-12  -73.97138 -111.46180  42.259746      99.92 3.6592e+01    568.072      13635  1028.8840  1028.8823     4.6458     0.0772     0.1226    34.1326    34.1305    8.31548         23 0.0000e+00
    299.000    295.696    -1.1828  27.530443    -1.1810  27.530267     6.0246     6.2207     0.0149    97.9670 1.0000e-12  -73.97138 -111.46180  42.259758      99.92 3.9616e+01    569.070      13659  1028.8893  1028.8873     4.6474     0.0769     0.1254    34.1334    34.1311    8.31471         24 0.0000e+00
    300.000    296.681    -1.1800  27.533449    -1.1784  27.533337     6.0088     6.2148     0.0118    97.9819 1.0000e-12  -73.97138 -111.46180  42.259769      99.93 3.8923e+01    570.074      13683  1028.8942  1028.8925     4.6481     0.0785     0.1220    34.1337    34.1317    8.31407         24 0.0000e+00
    301.000    297.672    -1.1769  27.536939    -1.1754  27.536649     6.0070     6.2153     0.0075    97.7346 1.0000e-12  -73.97138 -111.46180  42.259781      99.92 3.6259e+01    571.073      13707  1028.8993  1028.8976     4.6364     0.0745     0.1230    34.1343    34.1322    8.31334         24 0.0000e+00
    302.000    298.659    -1.1701  27.544185    -1.1679  27.544428     5.9978     6.1994     0.0258    97.9449 1.0000e-12  -73.97138 -111.46180  42.259793      90.20 3.9564e+01    572.077      13731  1028.9050  1028.9031     4.6463     0.0760     0.1218    34.1358    34.1337    8.31173         24 0.0000e+00
    303.000    299.647    -1.1633  27.551613    -1.1616  27.551298     5.9838     6.1770     0.0330    97.9314 1.0000e-12  -73.97138 -111.46180  42.259804      79.09 4.0693e+01    573.089      13755  1028.9109  1028.9089     4.6457     0.0721     0.1233    34.1377    34.1354    8.31012         25 0.0000e+00
    304.000    300.636    -1.1446  27.570752    -1.1412  27.571408     5.9650     6.1677     0.0144    97.9612 1.0000e-12  -73.97138 -111.46180  42.259816      93.22 3.6744e+01    574.100      13779  1028.9179  1028.9153     4.6471     0.0752     0.1222    34.1420    34.1391    8.30573         24 0.0000e+00
    305.000    301.624    -1.1262  27.588369    -1.1250  27.587690     5.9669     6.1644     0.0143    97.9268 1.0000e-12  -73.97138 -111.46180  42.259828      99.96 3.9239e+01    575.110      13804  1028.9236  1028.9217     4.6455     0.0739     0.1247    34.1446    34.1423    8.30150         24 0.0000e+00
    306.000    302.611    -1.1229  27.592341    -1.1211  27.592205     5.9616     6.1552     0.0143    97.9140 1.0000e-12  -73.97138 -111.46180  42.259839      99.92 4.0681e+01    576.120      13828  1028.9292  1028.9273     4.6449     0.0734     0.1203    34.1456    34.1434    8.30070         25 0.0000e+00
    307.000    303.600    -1.1242  27.591192    -1.1230  27.590634     5.9578     6.1506     0.0216    97.9008 1.0000e-12  -73.97138 -111.46180  42.259851      99.92 3.7155e+01    577.130      13852  1028.9337  1028.9319     4.6442     0.0726     0.1226    34.1448    34.1428    8.30103         23 0.0000e+00
    308.000    304.589    -1.1218  27.594027    -1.1206  27.593316     5.9573     6.1547     0.0154    97.8087 1.0000e-12  -73.97138 -111.46180  42.259863      99.92 3.8519e+01    578.138      13876  1028.9388  1028.9369     4.6399     0.0735     0.1215    34.1454    34.1431    8.30046         25 0.0000e+00
    309.000    305.577    -1.1160  27.600207    -1.1144  27.599849     5.9539     6.1476     0.0143    97.9527 1.0000e-12  -73.97138 -111.46180  42.259874      99.92 4.1428e+01    579.146      13901  1028.9444  1028.9425     4.6467     0.0738     0.1264    34.1466    34.1444    8.29911         24 0.0000e+00
    310.000    306.564    -1.1105  27.606460    -1.1089  27.606118     5.9396     6.1359     0.0090    97.9778 1.0000e-12  -73.97138 -111.46180  42.259886      99.92 3.6952e+01    580.161      13925  1028.9503  1028.9484     4.6479     0.0732     0.1242    34.1483    34.1460    8.29779         24 0.0000e+00
    311.000    307.554    -1.0968  27.621154    -1.0984  27.617079     5.9347     6.1324     0.0250    97.9644 1.0000e-12  -73.97138 -111.46180  42.259898      99.92 3.8146e+01    581.164      13949  1028.9573  1028.9545     4.6473     0.0742     0.1304    34.1522    34.1485    8.29454         25 0.0000e+00
