ocean_section_plots/required_files/ctd/dnbp2202_ctd207.cnv
* Sea-Bird SBE 9 Data File:
* FileName = D:\Data\raw\NBP2202_CTD207.hex
* Software Version Seasave V 7.26.7.121
* Temperature SN = 1649
* Conductivity SN = 2513
* Number of Bytes Per Scan = 40
* Number of Voltage Words = 5
* Number of Scans Averaged by the Deck Unit = 1
* NMEA Latitude = 74 08.00 S
* NMEA Longitude = 113 25.38 W
* NMEA UTC (Time) = Feb 10 2022  08:40:54
* NMEA baud rate = 9600
** Ship: RVIB N.B. Palmer
** Cruise: NBP2202 Thwaites
** Station: 126
** Operator: B. Bjork
** Tow-Yo #3
# nquan = 28
# nvalues = 233                         
# units = specified
# name 0 = prDM: Pressure, Digiquartz [db]
# name 1 = depSM: Depth [salt water, m]
# name 2 = t090C: Temperature [ITS-90, deg C]
# name 3 = c0mS/cm: Conductivity [mS/cm]
# name 4 = t190C: Temperature, 2 [ITS-90, deg C]
# name 5 = c1mS/cm: Conductivity, 2 [mS/cm]
# name 6 = sbeox0ML/L: Oxygen, SBE 43 [ml/l]
# name 7 = sbeox1ML/L: Oxygen, SBE 43, 2 [ml/l]
# name 8 = flECO-AFL: Fluorescence, WET Labs ECO-AFL/FL [mg/m^3]
# name 9 = CStarTr0: Beam Transmission, WET Labs C-Star [%]
# name 10 = par: PAR/Irradiance, Biospherical/Licor
# name 11 = latitude: Latitude [deg]
# name 12 = longitude: Longitude [deg]
# name 13 = timeJ: Julian Days
# name 14 = altM: Altimeter [m]
# name 15 = spar: SPAR, Biospherical/Licor
# name 16 = timeS: Time, Elapsed [seconds]
# name 17 = scan: Scan Count
# name 18 = density00: Density [density, kg/m^3]
# name 19 = density11: Density, 2 [density, kg/m^3]
# name 20 = v3: Voltage 3
# name 21 = v4: Voltage 4
# name 22 = v5: Voltage 5
# name 23 = sal00: Salinity, Practical [PSU]
# name 24 = sal11: Salinity, Practical, 2 [PSU]
# name 25 = oxsolML/L: Oxygen Saturation, Garcia & Gordon [ml/l]
# name 26 = nbin: number of scans per bin
# name 27 = flag: flag
# span 0 =      1.000,    233.000       
# span 1 =      0.998,    230.462       
# span 2 =    -1.5044,    -1.0307       
# span 3 =  26.962222,  27.536192       
# span 4 =    -1.5042,    -1.0296       
# span 5 =  26.962617,  27.536047       
# span 6 =     5.3041,     8.6612       
# span 7 =     5.4799,     9.0130       
# span 8 =    -0.0156,    21.0655       
# span 9 =    75.8210,    97.8749       
# span 10 = 1.0000e-12, 3.2016e+00      
# span 11 =  -74.13338,  -74.13338      
# span 12 = -113.42306, -113.42302      
# span 13 =  41.363788,  41.368047      
# span 14 =       5.86,     100.35      
# span 15 = 2.1155e+01, 3.0615e+01      
# span 16 =    177.282,    545.239      
# span 17 =       4256,      13087      
# span 18 =  1027.1472,  1028.4686      
# span 19 =  1027.1501,  1028.4672      
# span 20 =     3.5966,     4.6430      
# span 21 =     0.0688,     3.4632      
# span 22 =     0.1238,     0.2350      
# span 23 =    33.7479,    34.0102      
# span 24 =    33.7500,    34.0087      
# span 25 =    8.28827,    8.40372      
# span 26 =          3,         47      
# span 27 = 0.0000e+00, 0.0000e+00      
# interval = decibars: 1                
# start_time = Feb 10 2022 08:40:54 [NMEA time, header]
# bad_flag = -9.990e-29
*END*
[from data line 208]
    209.000    206.732    -1.0428  27.510331    -1.0418  27.510182     5.3110     5.4932     0.0556    97.8585 1.0000e-12  -74.13338 -113.42304  41.367202      31.09 2.6755e+01    472.219      11334  1028.3480  1028.3469     4.6423     0.0730     0.1285    34.0028    34.0014    8.29138         32 0.0000e+00
    210.000    207.722    -1.0423  27.511396    -1.0413  27.511241     5.3093     5.4949     0.0571    97.6973 1.0000e-12  -74.13338 -113.42304  41.367217      30.08 2.6898e+01    473.540      11366  1028.3530  1028.3519     4.6346     0.0752     0.1257    34.0030    34.0016    8.29125         31 0.0000e+00
    211.000    208.710    -1.0410  27.513482    -1.0401  27.513135     5.3115     5.4918     0.0071    97.7891 1.0000e-12  -74.13338 -113.42304  41.367233      29.10 2.3551e+01    474.891      11398  1028.3584  1028.3571     4.6389     0.0688     0.1256    34.0037    34.0023    8.29091         34 0.0000e+00
    212.000    209.698    -1.0390  27.516553    -1.0380  27.516248     5.3070     5.4917     0.0502    97.7772 1.0000e-12  -74.13338 -113.42304  41.367249      28.08 2.8355e+01    476.289      11432  1028.3641  1028.3628     4.6385     0.0694     0.1274    34.0051    34.0035    8.29040         32 0.0000e+00
    213.000    210.688    -1.0367  27.519474    -1.0360  27.518910     5.3089     5.4872     0.0985    97.8749 1.0000e-12  -74.13338 -113.42304  41.367265      27.02 2.3891e+01    477.717      11466  1028.3694  1028.3681     4.6430     0.0766     0.1277    34.0058    34.0042    8.28984         34 0.0000e+00
    214.000    211.675    -1.0338  27.522939    -1.0330  27.522609     5.3048     5.4862     0.1461    97.8557 1.0000e-12  -74.13338 -113.42304  41.367282      25.97 2.3993e+01    479.173      11501  1028.3747  1028.3735     4.6421     0.0785     0.1259    34.0067    34.0052    8.28916         36 0.0000e+00
    215.000    212.665    -1.0339  27.523282    -1.0328  27.523230     5.3066     5.4906     0.0624    97.7496 1.0000e-12  -74.13338 -113.42304  41.367300      24.95 2.5527e+01    480.738      11539  1028.3795  1028.3784     4.6371     0.0736     0.1256    34.0067    34.0053    8.28919         39 0.0000e+00
    216.000    213.653    -1.0335  27.524514    -1.0324  27.524303     5.3067     5.4903     0.0168    97.7202 1.0000e-12  -74.13338 -113.42304  41.367319      23.91 2.3712e+01    482.388      11578  1028.3848  1028.3835     4.6357     0.0712     0.1256    34.0072    34.0056    8.28905         38 0.0000e+00
    217.000    214.643    -1.0332  27.525357    -1.0320  27.525152     5.3111     5.4862     0.2511    97.8655 1.0000e-12  -74.13338 -113.42304  41.367339      22.81 2.4454e+01    484.101      11619  1028.3897  1028.3884     4.6426     0.0918     0.1264    34.0074    34.0058    8.28897         40 0.0000e+00
    218.000    215.629    -1.0328  27.526500    -1.0318  27.526274     5.3135     5.4965     0.3454    97.8697 1.0000e-12  -74.13338 -113.42304  41.367361      21.79 2.5577e+01    485.966      11664  1028.3949  1028.3937     4.6428     0.0764     0.1261    34.0079    34.0064    8.28886         40 0.0000e+00
    219.000    216.620    -1.0325  27.527697    -1.0315  27.527433     5.3108     5.4963    -0.0156    97.8013 1.0000e-12  -74.13338 -113.42305  41.367385      20.76 2.4656e+01    488.049      11714  1028.4002  1028.3990     4.6396     0.0747     0.1246    34.0085    34.0071    8.28875         38 0.0000e+00
    220.000    217.607    -1.0321  27.528485    -1.0311  27.528294     5.3126     5.4953     0.0185    97.8235 1.0000e-12  -74.13338 -113.42306  41.367410      19.72 2.4068e+01    490.211      11766  1028.4051  1028.4039     4.6406     0.0766     0.1271    34.0086    34.0072    8.28867         43 0.0000e+00
    221.000    218.597    -1.0323  27.528880    -1.0312  27.528781     5.3125     5.4955     0.1408    97.8110 1.0000e-12  -74.13338 -113.42305  41.367435      18.73 2.4702e+01    492.348      11817  1028.4100  1028.4088     4.6400     0.0777     0.1260    34.0088    34.0073    8.28870         39 0.0000e+00
    222.000    219.584    -1.0324  27.529507    -1.0312  27.529474     5.3137     5.4951     0.0736    97.8558 1.0000e-12  -74.13338 -113.42306  41.367460      17.74 2.6348e+01    494.542      11870  1028.4150  1028.4139     4.6421     0.0782     0.1267    34.0090    34.0077    8.28870         39 0.0000e+00
    223.000    220.574    -1.0320  27.530652    -1.0310  27.530378     5.3166     5.4982     0.0626    97.8547 1.0000e-12  -74.13338 -113.42306  41.367486      16.75 2.4072e+01    496.800      11924  1028.4202  1028.4190     4.6421     0.1029     0.1266    34.0095    34.0081    8.28858         44 0.0000e+00
    224.000    221.560    -1.0311  27.532016    -1.0298  27.532169     5.3157     5.4983     0.0568    97.7450 1.0000e-12  -74.13338 -113.42306  41.367513      15.69 2.4212e+01    499.088      11979  1028.4251  1028.4240     4.6367     0.0867     0.1290    34.0098    34.0085    8.28837         34 0.0000e+00
    225.000    222.551    -1.0308  27.532656    -1.0297  27.532636     5.3117     5.4923     0.1545    97.8642 1.0000e-12  -74.13338 -113.42305  41.367540      14.67 2.5581e+01    501.460      12036  1028.4299  1028.4288     4.6425     0.0892     0.1261    34.0097    34.0085    8.28831         43 0.0000e+00
    226.000    223.539    -1.0307  27.533294    -1.0296  27.533235     5.3148     5.4924     0.2020    97.8107 1.0000e-12  -74.13338 -113.42305  41.367569      13.62 2.2942e+01    503.937      12095  1028.4348  1028.4336     4.6400     0.0789     0.1264    34.0098    34.0086    8.28828         32 0.0000e+00
    227.000    224.530    -1.0307  27.533846    -1.0298  27.533569     5.3132     5.4924     0.0215    97.2796 1.0000e-12  -74.13338 -113.42305  41.367598      12.59 2.4099e+01    506.505      12157  1028.4396  1028.4384     4.6149     0.1053     0.1279    34.0100    34.0086    8.28827         41 0.0000e+00
    228.000    225.516    -1.0311  27.533906    -1.0301  27.533745     5.3156     5.4949     0.0299    97.6907 1.0000e-12  -74.13338 -113.42305  41.367629      11.54 2.6937e+01    509.175      12221  1028.4444  1028.4432     4.6342     0.0736     0.1280    34.0099    34.0086    8.28837         34 0.0000e+00
    229.000    226.504    -1.0313  27.534330    -1.0302  27.534150     5.3146     5.4975     0.0272    97.7774 1.0000e-12  -74.13338 -113.42305  41.367661      10.53 2.3052e+01    511.919      12287  1028.4493  1028.4481     4.6384     0.0834     0.1280    34.0101    34.0086    8.28840         41 0.0000e+00
    230.000    227.497    -1.0311  27.534711    -1.0303  27.534461     5.3098     5.4946     0.0193    97.7738 1.0000e-12  -74.13338 -113.42305  41.367693       9.52 2.2913e+01    514.715      12354  1028.4539  1028.4528     4.6383     0.0959     0.1276    34.0098    34.0085    8.28838         29 0.0000e+00
    231.000    228.482    -1.0316  27.534934    -1.0302  27.534893     5.3151     5.4966     0.0245    97.8451 1.0000e-12  -74.13338 -113.42306  41.367728       8.47 2.4892e+01    517.707      12426  1028.4588  1028.4575     4.6418     0.0703     0.1270    34.0100    34.0084    8.28847         38 0.0000e+00
    232.000    229.470    -1.0312  27.535788    -1.0301  27.535682     5.3133     5.4969     0.0397    97.7076 1.0000e-12  -74.13338 -113.42306  41.367763       7.40 2.3490e+01    520.749      12499  1028.4637  1028.4625     4.6350     0.0730     0.1273    34.0101    34.0087    8.28838         32 0.0000e+00
    233.000    230.462    -1.0313  27.536192    -1.0301  27.536047     5.3099     5.4953     0.0811    97.7956 1.0000e-12  -74.13338 -113.42306  41.368047       5.86 2.1512e+01    545.239      13087  1028.4686  1028.4672     4.6391     0.1045     0.1301    34.0102    34.0086    8.28840         19 0.0000e+00
