ocean_section_plots/required_files/ctd/dnbp2202_ctd040.cnv
* Sea-Bird SBE 9 Data File:
* FileName = D:\Data\raw\NBP2202_CTD040.hex
* Software Version Seasave V 7.26.7.121
* Temperature SN = 1649
* Conductivity SN = 2513
* Number of Bytes Per Scan = 40
* Number of Voltage Words = 5
* Number of Scans Averaged by the Deck Unit = 1
* NMEA Latitude = 74 08.77 S
* NMEA Longitude = 113 18.76 W
* NMEA UTC (Time) = Jan 22 2022  16:32:27
* NMEA baud rate = 9600
** Ship: RVIB N.B. Palmer
** Cruise: NBP2202 Thwaites
** Station: 21
** Operator: A. Robinson
** continuation of tow-yo 2 line; profile at fixed station
# nquan = 25
# nvalues = 493                         
# units = specified
# name 0 = prDM: Pressure, Digiquartz [db]
# name 1 = depSM: Depth [salt water, m]
# name 2 = t090C: Temperature [ITS-90, deg C]
# name 3 = c0mS/cm: Conductivity [mS/cm]
# name 4 = t190C: Temperature, 2 [ITS-90, deg C]
# name 5 = c1mS/cm: Conductivity, 2 [mS/cm]
# name 6 = sbeox0ML/L: Oxygen, SBE 43 [ml/l]
# name 7 = sbeox1ML/L: Oxygen, SBE 43, 2 [ml/l]
# name 8 = flECO-AFL: Fluorescence, WET Labs ECO-AFL/FL [mg/m^3]
# name 9 = CStarTr0: Beam Transmission, WET Labs C-Star [%]
# name 10 = par: PAR/Irradiance, Biospherical/Licor
# name 11 = latitude: Latitude [deg]
# name 12 = longitude: Longitude [deg]
# name 13 = timeJ: Julian Days
# name 14 = altM: Altimeter [m]
# name 15 = spar: SPAR, Biospherical/Licor
# name 16 = timeS: Time, Elapsed [seconds]
# name 17 = scan: Scan Count
# name 18 = density00: Density [density, kg/m^3]
# name 19 = density11: Density, 2 [density, kg/m^3]
# name 20 = sal00: Salinity, Practical [PSU]
# name 21 = sal11: Salinity, Practical, 2 [PSU]
# name 22 = oxsolML/L: Oxygen Saturation, Garcia & Gordon [ml/l]
# name 23 = nbin: number of scans per bin
# name 24 = flag: flag
# span 0 =      3.000,    495.000       
# span 1 =      2.969,    489.288       
# span 2 =    -1.5434,    -0.1157       
# span 3 =  26.954706,  28.640645       
# span 4 =    -1.5437,    -0.1140       
# span 5 =  26.954545,  28.640227       
# span 6 =     4.7896,     8.5317       
# span 7 =     5.0596,     8.9370       
# span 8 =    -0.0199,    20.6235       
# span 9 =    72.0716,    96.5490       
# span 10 = -5.648e-05, 2.0530e+02      
# span 11 =  -74.14618,  -74.14616      
# span 12 = -113.31274, -113.31268      
# span 13 =  22.691486,  22.699494      
# span 14 =       3.92,     100.52      
# span 15 = 2.1901e+03, 2.3147e+03      
# span 16 =    197.420,    889.258      
# span 17 =       4739,      21343      
# span 18 =  1027.1891,  1029.9019      
# span 19 =  1027.1829,  1029.8997      
# span 20 =    33.7876,    34.3063      
# span 21 =    33.7844,    34.3038      
# span 22 =    8.07357,    8.41103      
# span 23 =          5,         47      
# span 24 = 0.0000e+00, 0.0000e+00      
# interval = decibars: 1                
# start_time = Jan 22 2022 16:32:27 [NMEA time, header]
# bad_flag = -9.990e-29
*END*
[from data line 406]
    409.000    404.369    -0.2120  28.494360    -0.2106  28.493575     4.8308     5.1034    -0.0111    96.0197 1.0000e-12  -74.14618 -113.31270  22.697422      92.06 2.2666e+03    710.258      17047  1029.4728  1029.4706    34.2708    34.2681    8.09595         32 0.0000e+00
    410.000    405.355    -0.2030  28.505280    -0.2016  28.504030     4.8309     5.1026    -0.0126    96.0042 1.0000e-12  -74.14618 -113.31270  22.697437      91.11 2.2646e+03    711.539      17078  1029.4798  1029.4772    34.2746    34.2714    8.09383         30 0.0000e+00
    411.000    406.343    -0.1982  28.511166    -0.1964  28.510715     4.8313     5.1015    -0.0104    96.0018 1.0000e-12  -74.14618 -113.31270  22.697451      90.08 2.2636e+03    712.766      17107  1029.4857  1029.4835    34.2765    34.2738    8.09271         30 0.0000e+00
    412.000    407.331    -0.1973  28.512508    -0.1947  28.512893     4.8298     5.0992    -0.0131    95.9961 1.0000e-12  -74.14618 -113.31271  22.697466      89.57 2.2633e+03    714.036      17138  1029.4906  1029.4885    34.2766    34.2743    8.09250         31 0.0000e+00
    413.000    408.318    -0.1942  28.516485    -0.1934  28.514871     4.8297     5.1022    -0.0191    95.9964 1.0000e-12  -74.14618 -113.31270  22.697480      88.41 2.2618e+03    715.293      17168  1029.4960  1029.4936    34.2778    34.2748    8.09177         29 0.0000e+00
    414.000    409.308    -0.1946  28.516379    -0.1927  28.516239     4.8253     5.0942    -0.0077    95.9984 1.0000e-12  -74.14618 -113.31270  22.697494      87.01 2.2608e+03    716.524      17198  1029.5006  1029.4986    34.2775    34.2752    8.09187         30 0.0000e+00
    415.000    410.292    -0.1919  28.519939    -0.1899  28.519807     4.8224     5.1005    -0.0049    96.0027 1.0000e-12  -74.14618 -113.31270  22.697509      85.90 2.2583e+03    717.799      17228  1029.5061  1029.5040    34.2787    34.2762    8.09125         31 0.0000e+00
    416.000    411.282    -0.1909  28.521462    -0.1900  28.520076     4.8244     5.1028    -0.0148    96.0110 1.0000e-12  -74.14618 -113.31270  22.697524      85.23 2.2599e+03    719.085      17259  1029.5110  1029.5088    34.2790    34.2761    8.09101         31 0.0000e+00
    417.000    412.270    -0.1901  28.522799    -0.1908  28.519717     4.8273     5.1007    -0.0133    95.9874 1.0000e-12  -74.14618 -113.31270  22.697539      84.09 2.2593e+03    720.345      17289  1029.5160  1029.5134    34.2792    34.2759    8.09083         30 0.0000e+00
    418.000    413.256    -0.1897  28.523771    -0.1881  28.523053     4.8235     5.0998    -0.0160    96.0020 1.0000e-12  -74.14618 -113.31270  22.697554      82.92 2.2593e+03    721.630      17320  1029.5209  1029.5186    34.2795    34.2768    8.09072         31 0.0000e+00
    419.000    414.244    -0.1884  28.525677    -0.1868  28.524933     4.8247     5.0983    -0.0165    96.0147 1.0000e-12  -74.14618 -113.31270  22.697568      81.86 2.2576e+03    722.895      17350  1029.5259  1029.5236    34.2800    34.2772    8.09042         30 0.0000e+00
    420.000    415.233    -0.1874  28.527217    -0.1855  28.526856     4.8249     5.0980    -0.0162    95.9747 1.0000e-12  -74.14618 -113.31272  22.697583      80.97 2.2585e+03    724.158      17381  1029.5309  1029.5287    34.2803    34.2777    8.09019         31 0.0000e+00
    421.000    416.220    -0.1860  28.529327    -0.1857  28.527154     4.8193     5.0940    -0.0104    95.9803 1.0000e-12  -74.14618 -113.31272  22.697598      79.87 2.2554e+03    725.434      17411  1029.5360  1029.5335    34.2809    34.2777    8.08986         30 0.0000e+00
    422.000    417.207    -0.1841  28.531868    -0.1831  28.530632     4.8281     5.0984    -0.0133    96.0099 1.0000e-12  -74.14616 -113.31272  22.697612      78.84 2.2547e+03    726.676      17441  1029.5412  1029.5389    34.2816    34.2788    8.08942         29 0.0000e+00
    423.000    418.196    -0.1852  28.530966    -0.1839  28.530134     4.8238     5.0941    -0.0136    95.9967 1.0000e-12  -74.14616 -113.31272  22.697626      77.85 2.2547e+03    727.888      17470  1029.5456  1029.5435    34.2811    34.2785    8.08969         30 0.0000e+00
    424.000    419.183    -0.1880  28.528230    -0.1863  28.527758     4.8198     5.0966    -0.0105    96.0044 1.0000e-12  -74.14616 -113.31272  22.697641      76.76 2.2547e+03    729.161      17501  1029.5497  1029.5476    34.2799    34.2775    8.09034         31 0.0000e+00
    425.000    420.171    -0.1851  28.532177    -0.1828  28.532188     4.8222     5.0925    -0.0187    96.0018 1.0000e-12  -74.14616 -113.31272  22.697656      75.74 2.2547e+03    730.440      17532  1029.5553  1029.5531    34.2813    34.2788    8.08964         30 0.0000e+00
    426.000    421.157    -0.1831  28.534799    -0.1808  28.534877     4.8242     5.0871    -0.0122    96.0097 1.0000e-12  -74.14616 -113.31272  22.697670      74.74 2.2547e+03    731.665      17561  1029.5604  1029.5583    34.2820    34.2795    8.08918         29 0.0000e+00
    427.000    422.146    -0.1789  28.540152    -0.1763  28.540351     4.8213     5.0921    -0.0109    96.0197 1.0000e-12  -74.14616 -113.31272  22.697684      73.75 2.2554e+03    732.883      17590  1029.5663  1029.5639    34.2838    34.2811    8.08819         30 0.0000e+00
    428.000    423.134    -0.1771  28.542297    -0.1754  28.541907     4.8188     5.0928    -0.0143    95.9805 1.0000e-12  -74.14616 -113.31272  22.697698      72.80 2.2575e+03    734.141      17620  1029.5711  1029.5690    34.2840    34.2816    8.08780         30 0.0000e+00
    429.000    424.120    -0.1735  28.547320    -0.1697  28.548375     4.8156     5.0867    -0.0185    96.0114 1.0000e-12  -74.14616 -113.31272  22.697713      71.75 2.2571e+03    735.403      17651  1029.5771  1029.5746    34.2861    34.2833    8.08692         30 0.0000e+00
    430.000    425.109    -0.1630  28.559495    -0.1597  28.560561     4.8165     5.0798    -0.0084    96.0095 1.0000e-12  -74.14616 -113.31272  22.697727      70.75 2.2571e+03    736.650      17681  1029.5841  1029.5820    34.2899    34.2876    8.08448         30 0.0000e+00
    431.000    426.096    -0.1600  28.563387    -0.1588  28.562081     4.8154     5.0837    -0.0074    96.0053 1.0000e-12  -74.14616 -113.31273  22.697742      69.80 2.2553e+03    737.875      17710  1029.5896  1029.5871    34.2911    34.2880    8.08377         29 0.0000e+00
    432.000    427.084    -0.1555  28.568995    -0.1525  28.569340     4.8072     5.0809    -0.0165    96.0156 1.0000e-12  -74.14616 -113.31272  22.697756      68.67 2.2547e+03    739.106      17740  1029.5955  1029.5929    34.2929    34.2900    8.08271         30 0.0000e+00
    433.000    428.070    -0.1498  28.575871    -0.1478  28.575328     4.8058     5.0817    -0.0124    96.0101 1.0000e-12  -74.14616 -113.31274  22.697771      67.72 2.2547e+03    740.394      17770  1029.6015  1029.5990    34.2950    34.2921    8.08138         31 0.0000e+00
    434.000    429.060    -0.1489  28.577137    -0.1473  28.576525     4.8093     5.0783    -0.0121    96.0008 1.0000e-12  -74.14616 -113.31273  22.697786      66.60 2.2561e+03    741.673      17801  1029.6063  1029.6041    34.2951    34.2925    8.08119         28 0.0000e+00
    435.000    430.047    -0.1483  28.578265    -0.1464  28.577891     4.8087     5.0829    -0.0113    96.0311 1.0000e-12  -74.14616 -113.31273  22.697799      65.59 2.2553e+03    742.856      17830  1029.6113  1029.6091    34.2954    34.2928    8.08106         28 0.0000e+00
    436.000    431.033    -0.1491  28.577679    -0.1474  28.577105     4.8096     5.0844    -0.0080    96.0284 1.0000e-12  -74.14616 -113.31273  22.697813      64.67 2.2540e+03    744.040      17858  1029.6158  1029.6136    34.2949    34.2922    8.08126         30 0.0000e+00
    437.000    432.021    -0.1490  28.578456    -0.1473  28.577590     4.8084     5.0830    -0.0100    96.0093 1.0000e-12  -74.14616 -113.31273  22.697828      63.61 2.2547e+03    745.348      17889  1029.6208  1029.6183    34.2952    34.2922    8.08121         32 0.0000e+00
    438.000    433.009    -0.1465  28.581502    -0.1448  28.580959     4.8137     5.0835    -0.0186    96.0146 1.0000e-12  -74.14616 -113.31273  22.697844      62.56 2.2547e+03    746.697      17922  1029.6259  1029.6237    34.2959    34.2932    8.08065         30 0.0000e+00
    439.000    433.996    -0.1461  28.582531    -0.1442  28.582093     4.8138     5.0819     0.0016    96.0206 1.0000e-12  -74.14616 -113.31273  22.697858      61.64 2.2547e+03    747.953      17952  1029.6309  1029.6286    34.2961    34.2935    8.08054         30 0.0000e+00
    440.000    434.984    -0.1466  28.582250    -0.1447  28.581896     4.8150     5.0762    -0.0077    96.0244 1.0000e-12  -74.14616 -113.31273  22.697873      60.49 2.2547e+03    749.241      17983  1029.6354  1029.6332    34.2958    34.2932    8.08068         32 0.0000e+00
    441.000    435.973    -0.1464  28.582766    -0.1447  28.582250     4.8128     5.0798    -0.0086    96.0028 1.0000e-12  -74.14616 -113.31273  22.697890      59.50 2.2546e+03    750.679      18017  1029.6401  1029.6379    34.2956    34.2931    8.08064         31 0.0000e+00
    442.000    436.960    -0.1464  28.583401    -0.1443  28.583225     4.8108     5.0820    -0.0082    96.0399 1.0000e-12  -74.14616 -113.31273  22.697906      58.48 2.2547e+03    752.067      18051  1029.6450  1029.6428    34.2958    34.2933    8.08062         32 0.0000e+00
    443.000    437.946    -0.1463  28.583805    -0.1445  28.583335     4.8130     5.0827    -0.0015    96.0162 1.0000e-12  -74.14616 -113.31272  22.697922      57.42 2.2537e+03    753.460      18084  1029.6496  1029.6474    34.2957    34.2931    8.08062         36 0.0000e+00
    444.000    438.935    -0.1462  28.584411    -0.1445  28.583860     4.8108     5.0829    -0.0049    96.0290 1.0000e-12  -74.14616 -113.31272  22.697940      56.43 2.2535e+03    755.031      18122  1029.6544  1029.6522    34.2958    34.2932    8.08058         36 0.0000e+00
    445.000    439.921    -0.1462  28.584645    -0.1442  28.584535     4.8119     5.0833    -0.0107    96.0434 1.0000e-12  -74.14616 -113.31272  22.697958      55.37 2.2561e+03    756.586      18159  1029.6590  1029.6569    34.2955    34.2931    8.08060         37 0.0000e+00
    446.000    440.910    -0.1439  28.587764    -0.1428  28.586547     4.8078     5.0819    -0.0027    96.0291 1.0000e-12  -74.14616 -113.31272  22.697976      54.41 2.2568e+03    758.100      18195  1029.6643  1029.6619    34.2965    34.2936    8.08007         33 0.0000e+00
    447.000    441.897    -0.1412  28.591247    -0.1392  28.591005     4.8082     5.0815    -0.0114    96.0466 1.0000e-12  -74.14616 -113.31272  22.697994      53.46 2.2581e+03    759.706      18234  1029.6696  1029.6675    34.2975    34.2950    8.07943         40 0.0000e+00
    448.000    442.884    -0.1407  28.592352    -0.1390  28.591780     4.8093     5.0765    -0.0171    96.0479 1.0000e-12  -74.14616 -113.31271  22.698013      52.39 2.2600e+03    761.366      18274  1029.6745  1029.6723    34.2978    34.2952    8.07930         39 0.0000e+00
    449.000    443.872    -0.1402  28.593337    -0.1382  28.592996     4.8110     5.0781    -0.0117    96.0311 1.0000e-12  -74.14616 -113.31271  22.698032      51.34 2.2608e+03    762.933      18311  1029.6794  1029.6772    34.2979    34.2953    8.07919         37 0.0000e+00
    450.000    444.860    -0.1391  28.595163    -0.1373  28.594648     4.8099     5.0802    -0.0068    96.0313 1.0000e-12  -74.14616 -113.31271  22.698052      50.32 2.2604e+03    764.684      18353  1029.6845  1029.6823    34.2985    34.2959    8.07892         44 0.0000e+00
    451.000    445.847    -0.1387  28.595941    -0.1371  28.595347     4.8093     5.0801    -0.0168    96.0370 1.0000e-12  -74.14616 -113.31271  22.698074      49.27 2.2615e+03    766.593      18399  1029.6893  1029.6870    34.2986    34.2959    8.07885         41 0.0000e+00
    452.000    446.835    -0.1384  28.596758    -0.1366  28.596314     4.8102     5.0795    -0.0093    96.0485 1.0000e-12  -74.14616 -113.31270  22.698097      48.34 2.2620e+03    768.568      18447  1029.6940  1029.6919    34.2987    34.2961    8.07877         42 0.0000e+00
    453.000    447.822    -0.1381  28.597551    -0.1363  28.597093     4.8095     5.0809    -0.0086    96.0313 1.0000e-12  -74.14616 -113.31270  22.698124      47.39 2.2625e+03    770.895      18502  1029.6989  1029.6967    34.2988    34.2962    8.07869         42 0.0000e+00
    454.000    448.809    -0.1383  28.597759    -0.1364  28.597325     4.8104     5.0811    -0.0116    96.0538 1.0000e-12  -74.14616 -113.31270  22.698150      46.35 2.2625e+03    773.178      18557  1029.7036  1029.7014    34.2988    34.2961    8.07875         38 0.0000e+00
    455.000    449.798    -0.1358  28.601184    -0.1321  28.602823     4.8069     5.0717    -0.0090    96.0641 1.0000e-12  -74.14616 -113.31270  22.698177      45.61 2.2636e+03    775.455      18612  1029.7091  1029.7072    34.2999    34.2979    8.07815         40 0.0000e+00
    456.000    450.785    -0.1269  28.611644    -0.1251  28.611132     4.8047     5.0753    -0.0100    96.0426 1.0000e-12  -74.14616 -113.31270  22.698203      44.64 2.2624e+03    777.767      18667  1029.7157  1029.7134    34.3031    34.3005    8.07608         45 0.0000e+00
    457.000    451.772    -0.1281  28.610530    -0.1264  28.610075     4.8058     5.0729    -0.0108    96.0449 1.0000e-12  -74.14616 -113.31270  22.698230      43.66 2.2633e+03    780.092      18723  1029.7200  1029.7179    34.3025    34.3000    8.07638         40 0.0000e+00
    458.000    452.759    -0.1293  28.609590    -0.1271  28.609598     4.8052     5.0722    -0.0074    96.0392 1.0000e-12  -74.14616 -113.31270  22.698256      42.71 2.2640e+03    782.294      18776  1029.7245  1029.7224    34.3020    34.2996    8.07666         43 0.0000e+00
    459.000    453.748    -0.1303  28.608963    -0.1288  28.608146     4.7974     5.0710    -0.0092    96.0545 1.0000e-12  -74.14616 -113.31270  22.698278      41.72 2.2643e+03    784.244      18823  1029.7291  1029.7268    34.3017    34.2989    8.07689         38 0.0000e+00
    460.000    454.735    -0.1302  28.609544    -0.1285  28.608842     4.8042     5.0743    -0.0091    96.0614 1.0000e-12  -74.14616 -113.31270  22.698300      40.71 2.2648e+03    786.130      18868  1029.7339  1029.7315    34.3017    34.2989    8.07686         37 0.0000e+00
    461.000    455.722    -0.1305  28.609423    -0.1287  28.608967     4.8020     5.0736    -0.0105    96.0538 1.0000e-12  -74.14616 -113.31270  22.698321      39.69 2.2647e+03    787.948      18912  1029.7384  1029.7361    34.3014    34.2987    8.07696         39 0.0000e+00
    462.000    456.709    -0.1308  28.609665    -0.1288  28.609247     4.8007     5.0702    -0.0104    96.0551 1.0000e-12  -74.14616 -113.31270  22.698342      38.69 2.2645e+03    789.718      18954  1029.7431  1029.7408    34.3013    34.2986    8.07701         33 0.0000e+00
    463.000    457.696    -0.1279  28.613502    -0.1263  28.612515     4.7996     5.0715    -0.0051    96.0559 1.0000e-12  -74.14616 -113.31270  22.698362      37.64 2.2653e+03    791.463      18996  1029.7486  1029.7460    34.3027    34.2996    8.07634         43 0.0000e+00
    464.000    458.684    -0.1253  28.616760    -0.1235  28.616222     4.8032     5.0673    -0.0047    96.0660 1.0000e-12  -74.14616 -113.31270  22.698384      36.61 2.2653e+03    793.356      19042  1029.7538  1029.7515    34.3035    34.3008    8.07574         44 0.0000e+00
    465.000    459.671    -0.1259  28.616349    -0.1236  28.616597     4.8092     5.0740    -0.0139    96.0327 1.0000e-12  -74.14616 -113.31270  22.698404      35.63 2.2653e+03    795.141      19084  1029.7582  1029.7562    34.3030    34.3008    8.07588         38 0.0000e+00
