ocean_section_plots/required_files/ctd/dnbp2202_ctd224.cnv
* Sea-Bird SBE 9 Data File:
* FileName = D:\Data\raw\NBP2202_CTD224.hex
* Software Version Seasave V 7.26.7.121
* Temperature SN = 1649
* Conductivity SN = 2513
* Number of Bytes Per Scan = 40
* Number of Voltage Words = 5
* Number of Scans Averaged by the Deck Unit = 1
* NMEA Latitude = 73 59.11 S
* NMEA Longitude = 111 28.39 W
* NMEA UTC (Time) = Feb 12 2022  09:55:31
* NMEA baud rate = 9600
** Ship: RVIB N.B. Palmer
** Cruise: NBP2202 Thwaites
** Station: 135
** Operator: B. Bjork
# nquan = 28
# nvalues = 482                         
# units = specified
# name 0 = prDM: Pressure, Digiquartz [db]
# name 1 = depSM: Depth [salt water, m]
# name 2 = t090C: Temperature [ITS-90, deg C]
# name 3 = c0mS/cm: Conductivity [mS/cm]
# name 4 = t190C: Temperature, 2 [ITS-90, deg C]
# name 5 = c1mS/cm: Conductivity, 2 [mS/cm]
# name 6 = sbeox0ML/L: Oxygen, SBE 43 [ml/l]
# name 7 = sbeox1ML/L: Oxygen, SBE 43, 2 [ml/l]
# name 8 = flECO-AFL: Fluorescence, WET Labs ECO-AFL/FL [mg/m^3]
# name 9 = CStarTr0: Beam Transmission, WET Labs C-Star [%]
# name 10 = par: PAR/Irradiance, Biospherical/Licor
# name 11 = latitude: Latitude [deg]
# name 12 = longitude: Longitude [deg]
# name 13 = timeJ: Julian Days
# name 14 = altM: Altimeter [m]
# name 15 = spar: SPAR, Biospherical/Licor
# name 16 = timeS: Time, Elapsed [seconds]
# name 17 = scan: Scan Count
# name 18 = density00: Density [density, kg/m^3]
# name 19 = density11: Density, 2 [density, kg/m^3]
# name 20 = v3: Voltage 3
# name 21 = v4: Voltage 4
# name 22 = v5: Voltage 5
# name 23 = sal00: Salinity, Practical [PSU]
# name 24 = sal11: Salinity, Practical, 2 [PSU]
# name 25 = oxsolML/L: Oxygen Saturation, Garcia & Gordon [ml/l]
# name 26 = nbin: number of scans per bin
# name 27 = flag: flag
# span 0 =      1.000,    482.000       
# span 1 =      0.998,    476.461       
# span 2 =    -1.5679,     0.1433       
# span 3 =  27.029152,  28.964995       
# span 4 =    -1.5669,     0.1475       
# span 5 =  27.029425,  28.967351       
# span 6 =     4.7925,     8.1470       
# span 7 =     4.9345,     8.4236       
# span 8 =    -0.0114,    19.3795       
# span 9 =    78.7845,    97.7114       
# span 10 = 1.0000e-12, 2.5984e+01      
# span 11 =  -73.98522,  -73.98522      
# span 12 = -111.47329, -111.47322      
# span 13 =  43.416141,  43.423046      
# span 14 =       5.63,     100.07      
# span 15 = 9.3034e+01, 1.3588e+02      
# span 16 =    223.581,    820.175      
# span 17 =       5367,      19685      
# span 18 =  1027.2270,  1029.9404      
# span 19 =  1027.2267,  1029.9388      
# span 20 =     3.7381,     4.6353      
# span 21 =     0.0645,     2.6768      
# span 22 =     0.1115,     0.2067      
# span 23 =    33.8373,    34.4521      
# span 24 =    33.8371,    34.4505      
# span 25 =    8.01096,    8.40947      
# span 26 =          7,         70      
# span 27 = 0.0000e+00, 0.0000e+00      
# interval = decibars: 1                
# start_time = Feb 12 2022 09:55:31 [NMEA time, header]
# bad_flag = -9.990e-29
*END*
[from data line 156]
    157.000    155.317    -1.5314  27.068778    -1.5305  27.068543     6.3284     6.5516     0.3510    96.3279 1.0000e-12  -73.98522 -111.47324  43.418822      99.94 1.1642e+02    455.179      10925  1028.1026  1028.1016     4.5697     0.1270     0.1252    33.9837    33.9824    8.40169         25 0.0000e+00
    158.000    156.306    -1.5305  27.070143    -1.5296  27.070112     6.3334     6.5534     0.4157    96.5046 1.0000e-12  -73.98522 -111.47324  43.418833      99.95 1.1748e+02    456.212      10950  1028.1075  1028.1066     4.5780     0.1275     0.1265    33.9839    33.9828    8.40147         25 0.0000e+00
    159.000    157.296    -1.5304  27.070705    -1.5293  27.070889     6.3325     6.5492     0.4055    96.5597 1.0000e-12  -73.98522 -111.47324  43.418845      99.94 1.1693e+02    457.241      10975  1028.1124  1028.1115     4.5807     0.1413     0.1280    33.9840    33.9830    8.40146         24 0.0000e+00
    160.000    158.284    -1.5303  27.071399    -1.5291  27.071533     6.3264     6.5318     0.3293    96.3354 1.0000e-12  -73.98522 -111.47324  43.418857      99.94 1.1748e+02    458.253      10999  1028.1174  1028.1163     4.5700     0.1388     0.1254    33.9842    33.9830    8.40142         25 0.0000e+00
    161.000    159.274    -1.5286  27.073606    -1.5271  27.074151     6.3185     6.5200     0.3654    96.4331 1.0000e-12  -73.98522 -111.47324  43.418869      99.91 1.1760e+02    459.266      11023  1028.1224  1028.1216     4.5747     0.1372     0.1253    33.9847    33.9838    8.40101         24 0.0000e+00
    162.000    160.262    -1.5217  27.081741    -1.5207  27.081465     6.3141     6.5214     0.6274    96.4576 1.0000e-12  -73.98522 -111.47324  43.418881      99.90 1.1797e+02    460.291      11048  1028.1290  1028.1278     4.5758     0.1303     0.1251    33.9874    33.9859    8.39928         25 0.0000e+00
    163.000    161.251    -1.5210  27.083565    -1.5198  27.083599     6.3135     6.5226     0.7266    96.3460 1.0000e-12  -73.98522 -111.47324  43.418892      99.93 1.1767e+02    461.308      11072  1028.1347  1028.1336     4.5705     0.1598     0.1264    33.9885    33.9873    8.39905         24 0.0000e+00
    164.000    162.239    -1.5219  27.083871    -1.5208  27.083903     6.3186     6.5287     0.5183    96.5392 1.0000e-12  -73.98522 -111.47324  43.418904      99.95 1.1789e+02    462.315      11097  1028.1402  1028.1392     4.5797     0.1288     0.1293    33.9893    33.9881    8.39921         24 0.0000e+00
    165.000    163.229    -1.5231  27.083484    -1.5219  27.083612     6.3164     6.5268     0.5948    96.5369 1.0000e-12  -73.98522 -111.47324  43.418916      99.93 1.1811e+02    463.330      11121  1028.1454  1028.1443     4.5795     0.1522     0.1283    33.9896    33.9883    8.39948         25 0.0000e+00
    166.000    164.217    -1.5221  27.085326    -1.5206  27.085498     6.3161     6.5255     0.3724    96.5259 1.0000e-12  -73.98522 -111.47324  43.418928      99.94 1.1811e+02    464.341      11145  1028.1507  1028.1495     4.5791     0.1291     0.1271    33.9904    33.9889    8.39920         24 0.0000e+00
    167.000    165.207    -1.5195  27.087789    -1.5220  27.084925     6.3105     6.5246     0.6170    96.4746 1.0000e-12  -73.98522 -111.47324  43.418939      99.94 1.1811e+02    465.349      11169  1028.1552  1028.1544     4.5767     0.1204     0.1275    33.9902    33.9890    8.39863         24 0.0000e+00
    168.000    166.195    -1.5193  27.088664    -1.5186  27.088336     6.3143     6.5203     0.3414    96.2946 1.0000e-12  -73.98522 -111.47324  43.418951      99.94 1.1811e+02    466.365      11194  1028.1603  1028.1592     4.5681     0.1566     0.1273    33.9905    33.9893    8.39856         25 0.0000e+00
    169.000    167.184    -1.5186  27.089743    -1.5180  27.089429     6.3446     6.5440     0.3070    96.4801 1.0000e-12  -73.98522 -111.47324  43.418963      99.94 1.1811e+02    467.375      11218  1028.1651  1028.1641     4.5769     0.1586     0.1311    33.9905    33.9894    8.39839         24 0.0000e+00
    170.000    168.172    -1.5210  27.088277    -1.5209  27.087718     6.3761     6.5714     0.3456    96.4882 1.0000e-12  -73.98522 -111.47326  43.418974      99.94 1.1811e+02    468.384      11242  1028.1702  1028.1694     4.5772     0.1263     0.1274    33.9907    33.9897    8.39894         24 0.0000e+00
    171.000    169.162    -1.5402  27.072888    -1.5397  27.072920     6.3957     6.5916     0.3687    96.6149 1.0000e-12  -73.98522 -111.47324  43.418986      99.94 1.1811e+02    469.396      11267  1028.1762  1028.1757     4.5833     0.1232     0.1286    33.9907    33.9901    8.40328         24 0.0000e+00
    172.000    170.151    -1.5453  27.069548    -1.5439  27.069830     6.4174     6.6106     0.4240    96.3931 1.0000e-12  -73.98522 -111.47326  43.418998      99.95 1.1811e+02    470.409      11291  1028.1817  1028.1806     4.5728     0.1165     0.1290    33.9912    33.9900    8.40440         24 0.0000e+00
    173.000    171.141    -1.5496  27.066147    -1.5486  27.066463     6.4372     6.6270     0.3733    96.5220 1.0000e-12  -73.98522 -111.47324  43.419009      99.94 1.1811e+02    471.421      11315  1028.1863  1028.1857     4.5789     0.1231     0.1318    33.9908    33.9900    8.40539         25 0.0000e+00
    174.000    172.128    -1.5615  27.056783    -1.5610  27.056811     6.4416     6.6399     0.3035    96.5065 1.0000e-12  -73.98522 -111.47326  43.419021      99.94 1.1811e+02    472.435      11339  1028.1918  1028.1913     4.5781     0.1180     0.1320    33.9908    33.9902    8.40808         24 0.0000e+00
    175.000    173.116    -1.5678  27.052505    -1.5664  27.052997     6.4405     6.6495     0.2897    96.4101 1.0000e-12  -73.98522 -111.47324  43.419033      95.15 1.1811e+02    473.446      11364  1028.1974  1028.1965     4.5736     0.1135     0.1313    33.9914    33.9905    8.40947         24 0.0000e+00
    176.000    174.106    -1.5679  27.053079    -1.5669  27.053139     6.4361     6.6416     0.3037    96.4163 1.0000e-12  -73.98522 -111.47324  43.419045      99.91 1.1811e+02    474.452      11388  1028.2022  1028.2013     4.5739     0.1328     0.1311    33.9917    33.9906    8.40947         25 0.0000e+00
    177.000    175.096    -1.5675  27.054021    -1.5665  27.054001     6.4046     6.6071     0.3624    96.4628 1.0000e-12  -73.98522 -111.47324  43.419056      99.93 1.1811e+02    475.462      11412  1028.2072  1028.2062     4.5760     0.1461     0.1332    33.9920    33.9908    8.40938         24 0.0000e+00
    178.000    176.082    -1.5630  27.058636    -1.5621  27.058526     6.3684     6.5829     0.4525    96.4068 1.0000e-12  -73.98522 -111.47326  43.419068      99.94 1.1811e+02    476.478      11436  1028.2120  1028.2110     4.5735     0.1281     0.1335    33.9925    33.9913    8.40831         24 0.0000e+00
    179.000    177.073    -1.5484  27.072532    -1.5467  27.072646     6.3299     6.5560     0.3755    96.3192 1.0000e-12  -73.98522 -111.47326  43.419080      99.94 1.1811e+02    477.486      11461  1028.2174  1028.2159     4.5693     0.1300     0.1347    33.9945    33.9927    8.40489         24 0.0000e+00
    180.000    178.061    -1.5326  27.087104    -1.5308  27.087857     6.2771     6.5065     0.3334    96.3319 1.0000e-12  -73.98522 -111.47326  43.419091      99.94 1.1811e+02    478.499      11485  1028.2225  1028.2216     4.5699     0.1434     0.1304    33.9960    33.9950    8.40124         25 0.0000e+00
    181.000    179.050    -1.5278  27.094006    -1.5261  27.093800     6.2505     6.4769     0.4687    96.1665 1.0000e-12  -73.98522 -111.47326  43.419103      99.94 1.1942e+02    479.520      11509  1028.2298  1028.2279     4.5620     0.1271     0.1335    33.9994    33.9972    8.39994         24 0.0000e+00
    182.000    180.039    -1.4990  27.119246    -1.4975  27.119391     6.2342     6.4498     0.3287    96.2221 1.0000e-12  -73.98522 -111.47326  43.419115      99.94 1.1899e+02    480.538      11534  1028.2340  1028.2327     4.5646     0.1333     0.1356    34.0008    33.9993    8.39335         24 0.0000e+00
    183.000    181.027    -1.4906  27.127466    -1.4894  27.127229     6.2276     6.4313     0.2844    96.3708 1.0000e-12  -73.98522 -111.47326  43.419127      99.94 1.1831e+02    481.561      11558  1028.2395  1028.2380     4.5717     0.1171     0.1272    34.0020    34.0003    8.39140         25 0.0000e+00
    184.000    182.016    -1.4891  27.129867    -1.4886  27.129185     6.2491     6.4537     0.2258    96.3783 1.0000e-12  -73.98522 -111.47326  43.419139      99.94 1.1924e+02    482.584      11583  1028.2451  1028.2438     4.5720     0.1015     0.1280    34.0029    34.0014    8.39099         25 0.0000e+00
    185.000    183.004    -1.4808  27.138364    -1.4798  27.138176     6.2967     6.4912     0.1692    96.4527 1.0000e-12  -73.98522 -111.47326  43.419150      99.94 1.1892e+02    483.602      11607  1028.2508  1028.2497     4.5756     0.1114     0.1269    34.0046    34.0032    8.38903         24 0.0000e+00
    186.000    183.994    -1.5131  27.111862    -1.5113  27.113178     6.3237     6.5237     0.1349    96.6243 1.0000e-12  -73.98522 -111.47326  43.419162      99.94 1.1875e+02    484.618      11632  1028.2575  1028.2573     4.5837     0.1175     0.1277    34.0042    34.0039    8.39633         25 0.0000e+00
    187.000    184.981    -1.5211  27.106705    -1.5199  27.106920     6.3450     6.5467     0.1375    96.6041 1.0000e-12  -73.98522 -111.47326  43.419174      95.01 1.2105e+02    485.645      11656  1028.2640  1028.2631     4.5828     0.1116     0.1265    34.0056    34.0045    8.39807         24 0.0000e+00
    188.000    185.972    -1.5282  27.101505    -1.5272  27.101520     6.3484     6.5517     0.1852    96.6911 1.0000e-12  -73.98522 -111.47326  43.419186      99.98 1.2101e+02    486.675      11681  1028.2694  1028.2684     4.5869     0.1125     0.1315    34.0058    34.0047    8.39965         25 0.0000e+00
    189.000    186.960    -1.5278  27.102445    -1.5268  27.102212     6.3473     6.5472     0.1978    96.6726 1.0000e-12  -73.98522 -111.47326  43.419198      99.94 1.1890e+02    487.697      11706  1028.2743  1028.2732     4.5860     0.1057     0.1323    34.0060    34.0047    8.39954         24 0.0000e+00
    190.000    187.949    -1.5258  27.104604    -1.5251  27.104315     6.3532     6.5557     0.1742    96.6299 1.0000e-12  -73.98522 -111.47326  43.419210      99.94 1.2025e+02    488.726      11730  1028.2791  1028.2781     4.5840     0.0999     0.1294    34.0062    34.0050    8.39909         25 0.0000e+00
    191.000    188.937    -1.5273  27.103936    -1.5258  27.104401     6.3601     6.5697     0.2195    96.7370 1.0000e-12  -73.98522 -111.47326  43.419222      99.95 1.2115e+02    489.753      11755  1028.2840  1028.2832     4.5891     0.0995     0.1274    34.0063    34.0053    8.39942         25 0.0000e+00
    192.000    189.927    -1.5322  27.100440    -1.5313  27.100449     6.3651     6.5706     0.2732    96.6388 1.0000e-12  -73.98522 -111.47326  43.419233      99.94 1.1944e+02    490.767      11779  1028.2893  1028.2884     4.5844     0.1241     0.1320    34.0064    34.0054    8.40052         24 0.0000e+00
    193.000    190.915    -1.5358  27.098069    -1.5347  27.098060     6.3624     6.5638     0.2002    96.6698 1.0000e-12  -73.98522 -111.47326  43.419245      99.94 1.2037e+02    491.793      11804  1028.2944  1028.2933     4.5859     0.1062     0.1299    34.0066    34.0054    8.40132         25 0.0000e+00
    194.000    191.904    -1.5345  27.099799    -1.5340  27.099227     6.3423     6.5521     0.1823    96.7998 1.0000e-12  -73.98522 -111.47326  43.419257      99.94 1.2156e+02    492.827      11829  1028.2993  1028.2982     4.5920     0.1233     0.1314    34.0069    34.0056    8.40101         25 0.0000e+00
    195.000    192.892    -1.5280  27.106348    -1.5270  27.105917     6.3290     6.5322     0.2207    96.7654 1.0000e-12  -73.98522 -111.47326  43.419269      99.94 1.2143e+02    493.848      11853  1028.3045  1028.3031     4.5904     0.1195     0.1303    34.0079    34.0062    8.39948         25 0.0000e+00
    196.000    193.883    -1.5183  27.115111    -1.5178  27.114443     6.3277     6.5285     0.2497    96.7239 1.0000e-12  -73.98522 -111.47326  43.419281      99.94 1.2113e+02    494.879      11878  1028.3090  1028.3078     4.5884     0.1276     0.1311    34.0084    34.0069    8.39727         24 0.0000e+00
    197.000    194.870    -1.5126  27.120847    -1.5114  27.120835     6.3322     6.5419     0.2493    96.5962 1.0000e-12  -73.98522 -111.47326  43.419293      99.95 1.2115e+02    495.904      11903  1028.3141  1028.3130     4.5824     0.1071     0.1306    34.0092    34.0078    8.39593         25 0.0000e+00
    198.000    195.858    -1.5241  27.112248    -1.5232  27.112332     6.3437     6.5499     0.2361    96.6577 1.0000e-12  -73.98522 -111.47326  43.419305      99.94 1.2163e+02    496.919      11927  1028.3202  1028.3194     4.5853     0.0984     0.1323    34.0097    34.0089    8.39848         24 0.0000e+00
    199.000    196.848    -1.5262  27.111213    -1.5254  27.111051     6.3626     6.5609     0.2591    96.5805 1.0000e-12  -73.98522 -111.47326  43.419316      99.94 1.2164e+02    497.941      11952  1028.3254  1028.3245     4.5817     0.1021     0.1306    34.0101    34.0090    8.39894         25 0.0000e+00
    200.000    197.836    -1.5345  27.105125    -1.5323  27.106203     6.3670     6.5735     0.3429    96.4560 1.0000e-12  -73.98522 -111.47326  43.419328      99.93 1.2164e+02    498.971      11976  1028.3310  1028.3301     4.5758     0.1039     0.1289    34.0105    34.0095    8.40079         24 0.0000e+00
    201.000    198.825    -1.5363  27.104232    -1.5356  27.103958     6.3727     6.5767     0.3430    96.6606 1.0000e-12  -73.98522 -111.47326  43.419340      99.94 1.2164e+02    499.988      12001  1028.3361  1028.3351     4.5855     0.1330     0.1325    34.0107    34.0096    8.40119         24 0.0000e+00
    202.000    199.815    -1.5395  27.102201    -1.5384  27.102320     6.3724     6.5728     0.2337    96.6037 1.0000e-12  -73.98522 -111.47326  43.419352      99.94 1.2157e+02    501.003      12025  1028.3412  1028.3403     4.5827     0.1078     0.1323    34.0109    34.0099    8.40190         25 0.0000e+00
    203.000    200.802    -1.5404  27.102166    -1.5393  27.102162     6.3740     6.5794     0.2525    96.6160 1.0000e-12  -73.98522 -111.47326  43.419364      99.94 1.2073e+02    502.028      12050  1028.3463  1028.3452     4.5834     0.1096     0.1352    34.0113    34.0100    8.40209         25 0.0000e+00
    204.000    201.790    -1.5398  27.103141    -1.5392  27.102906     6.3710     6.5758     0.2744    96.6011 1.0000e-12  -73.98522 -111.47324  43.419376      99.94 1.2156e+02    503.053      12074  1028.3511  1028.3502     4.5826     0.1079     0.1346    34.0114    34.0103    8.40195         24 0.0000e+00
    205.000    202.780    -1.5400  27.103479    -1.5389  27.103514     6.3696     6.5716     0.2678    96.4536 1.0000e-12  -73.98522 -111.47324  43.419387      99.95 1.2171e+02    504.075      12099  1028.3559  1028.3548     4.5756     0.1033     0.1323    34.0114    34.0102    8.40198         25 0.0000e+00
    206.000    203.769    -1.5406  27.103662    -1.5396  27.103480     6.3639     6.5709     0.2852    96.5744 1.0000e-12  -73.98522 -111.47324  43.419399      99.94 1.2164e+02    505.097      12123  1028.3609  1028.3597     4.5814     0.0987     0.1337    34.0117    34.0103    8.40210         24 0.0000e+00
    207.000    204.756    -1.5402  27.104523    -1.5393  27.104349     6.3610     6.5696     0.2260    96.5586 1.0000e-12  -73.98522 -111.47324  43.419411      99.94 1.2164e+02    506.117      12148  1028.3658  1028.3647     4.5806     0.1040     0.1339    34.0119    34.0106    8.40201         25 0.0000e+00
