ocean_section_plots/required_files/ctd/dnbp2202_ctd224.cnv
* Sea-Bird SBE 9 Data File:
* FileName = D:\Data\raw\NBP2202_CTD224.hex
* Software Version Seasave V 7.26.7.121
* Temperature SN = 1649
* Conductivity SN = 2513
* Number of Bytes Per Scan = 40
* Number of Voltage Words = 5
* Number of Scans Averaged by the Deck Unit = 1
* NMEA Latitude = 73 59.11 S
* NMEA Longitude = 111 28.39 W
* NMEA UTC (Time) = Feb 12 2022  09:55:31
* NMEA baud rate = 9600
** Ship: RVIB N.B. Palmer
** Cruise: NBP2202 Thwaites
** Station: 135
** Operator: B. Bjork
# nquan = 28
# nvalues = 482                         
# units = specified
# name 0 = prDM: Pressure, Digiquartz [db]
# name 1 = depSM: Depth [salt water, m]
# name 2 = t090C: Temperature [ITS-90, deg C]
# name 3 = c0mS/cm: Conductivity [mS/cm]
# name 4 = t190C: Temperature, 2 [ITS-90, deg C]
# name 5 = c1mS/cm: Conductivity, 2 [mS/cm]
# name 6 = sbeox0ML/L: Oxygen, SBE 43 [ml/l]
# name 7 = sbeox1ML/L: Oxygen, SBE 43, 2 [ml/l]
# name 8 = flECO-AFL: Fluorescence, WET Labs ECO-AFL/FL [mg/m^3]
# name 9 = CStarTr0: Beam Transmission, WET Labs C-Star [%]
# name 10 = par: PAR/Irradiance, Biospherical/Licor
# name 11 = latitude: Latitude [deg]
# name 12 = longitude: Longitude [deg]
# name 13 = timeJ: Julian Days
# name 14 = altM: Altimeter [m]
# name 15 = spar: SPAR, Biospherical/Licor
# name 16 = timeS: Time, Elapsed [seconds]
# name 17 = scan: Scan Count
# name 18 = density00: Density [density, kg/m^3]
# name 19 = density11: Density, 2 [density, kg/m^3]
# name 20 = v3: Voltage 3
# name 21 = v4: Voltage 4
# name 22 = v5: Voltage 5
# name 23 = sal00: Salinity, Practical [PSU]
# name 24 = sal11: Salinity, Practical, 2 [PSU]
# name 25 = oxsolML/L: Oxygen Saturation, Garcia & Gordon [ml/l]
# name 26 = nbin: number of scans per bin
# name 27 = flag: flag
# span 0 =      1.000,    482.000       
# span 1 =      0.998,    476.461       
# span 2 =    -1.5679,     0.1433       
# span 3 =  27.029152,  28.964995       
# span 4 =    -1.5669,     0.1475       
# span 5 =  27.029425,  28.967351       
# span 6 =     4.7925,     8.1470       
# span 7 =     4.9345,     8.4236       
# span 8 =    -0.0114,    19.3795       
# span 9 =    78.7845,    97.7114       
# span 10 = 1.0000e-12, 2.5984e+01      
# span 11 =  -73.98522,  -73.98522      
# span 12 = -111.47329, -111.47322      
# span 13 =  43.416141,  43.423046      
# span 14 =       5.63,     100.07      
# span 15 = 9.3034e+01, 1.3588e+02      
# span 16 =    223.581,    820.175      
# span 17 =       5367,      19685      
# span 18 =  1027.2270,  1029.9404      
# span 19 =  1027.2267,  1029.9388      
# span 20 =     3.7381,     4.6353      
# span 21 =     0.0645,     2.6768      
# span 22 =     0.1115,     0.2067      
# span 23 =    33.8373,    34.4521      
# span 24 =    33.8371,    34.4505      
# span 25 =    8.01096,    8.40947      
# span 26 =          7,         70      
# span 27 = 0.0000e+00, 0.0000e+00      
# interval = decibars: 1                
# start_time = Feb 12 2022 09:55:31 [NMEA time, header]
# bad_flag = -9.990e-29
*END*
[from data line 104]
    105.000    103.887    -1.4507  27.086768    -1.4494  27.086895     6.0655     6.2421     0.2426    96.0420 1.0000e-12  -73.98522 -111.47326  43.418225      99.94 1.0940e+02    403.655       9689  1027.8221  1027.8209     4.5559     0.1278     0.1244    33.9493    33.9480    8.38555         23 0.0000e+00
    106.000    104.877    -1.4509  27.086944    -1.4480  27.088144     6.0883     6.2602     0.2429    96.4044 1.0000e-12  -73.98522 -111.47326  43.418237      99.95 1.1018e+02    404.693       9714  1027.8268  1027.8253     4.5734     0.1229     0.1233    33.9492    33.9475    8.38560         24 0.0000e+00
    107.000    105.866    -1.4609  27.080446    -1.4608  27.079871     6.1514     6.3107     0.3154    96.6797 1.0000e-12  -73.98522 -111.47326  43.418249      99.94 1.1085e+02    405.711       9738  1027.8337  1027.8329     4.5863     0.1213     0.1237    33.9510    33.9501    8.38775         25 0.0000e+00
    108.000    106.855    -1.4620  27.079515    -1.4602  27.080685     6.2074     6.3701     0.2860    96.3435 1.0000e-12  -73.98522 -111.47326  43.418261      99.95 1.1147e+02    406.737       9763  1027.8379  1027.8375     4.5704     0.1246     0.1235    33.9503    33.9498    8.38803         25 0.0000e+00
    109.000    107.844    -1.4907  27.058949    -1.4865  27.061610     6.2349     6.4027     0.3138    96.6180 1.0000e-12  -73.98522 -111.47326  43.418273      97.89 1.1078e+02    407.751       9787  1027.8474  1027.8463     4.5834     0.1107     0.1216    33.9539    33.9528    8.39429         24 0.0000e+00
    110.000    108.835    -1.4969  27.055156    -1.4967  27.054813     6.2375     6.4131     0.3153    96.5863 1.0000e-12  -73.98522 -111.47325  43.418284      99.89 1.1143e+02    408.728       9810  1027.8534  1027.8529     4.5819     0.1115     0.1226    33.9551    33.9545    8.39561         23 0.0000e+00
    111.000    109.822    -1.4983  27.054734    -1.4976  27.054801     6.2419     6.4230     0.2202    96.8762 1.0000e-12  -73.98522 -111.47325  43.418295      99.94 1.1084e+02    409.700       9834  1027.8585  1027.8579     4.5956     0.1474     0.1226    33.9555    33.9548    8.39591         23 0.0000e+00
    112.000    110.811    -1.4995  27.055276    -1.4988  27.055374     6.2383     6.4241     0.2316    96.7406 1.0000e-12  -73.98522 -111.47325  43.418307      99.94 1.1128e+02    410.686       9857  1027.8645  1027.8639     4.5893     0.1442     0.1249    33.9570    33.9563    8.39609         24 0.0000e+00
    113.000    111.802    -1.5003  27.055948    -1.4995  27.056011     6.2331     6.4284     0.2786    96.9321 1.0000e-12  -73.98522 -111.47325  43.418318      99.94 1.1250e+02    411.659       9881  1027.8702  1027.8694     4.5983     0.1682     0.1241    33.9582    33.9573    8.39619         23 0.0000e+00
    114.000    112.790    -1.5005  27.056612    -1.4997  27.056706     6.2342     6.4270     0.4662    96.8418 1.0000e-12  -73.98522 -111.47325  43.418329      99.94 1.1206e+02    412.613       9904  1027.8753  1027.8746     4.5940     0.1423     0.1234    33.9587    33.9579    8.39621         23 0.0000e+00
    115.000    113.779    -1.5013  27.056927    -1.5004  27.056953     6.2369     6.4226     0.3898    96.7434 1.0000e-12  -73.98522 -111.47325  43.418340      99.94 1.1216e+02    413.596       9927  1027.8806  1027.8798     4.5894     0.1192     0.1253    33.9594    33.9585    8.39635         24 0.0000e+00
    116.000    114.768    -1.5024  27.056727    -1.5014  27.056807     6.2263     6.4211     0.3694    96.4599 1.0000e-12  -73.98522 -111.47325  43.418352      99.94 1.1267e+02    414.584       9951  1027.8857  1027.8849     4.5759     0.1188     0.1241    33.9598    33.9588    8.39657         23 0.0000e+00
    117.000    115.758    -1.5022  27.057511    -1.5016  27.057334     6.2157     6.4104     0.3943    96.7133 1.0000e-12  -73.98522 -111.47325  43.418363      99.94 1.1267e+02    415.555       9974  1027.8907  1027.8898     4.5879     0.1312     0.1220    33.9600    33.9590    8.39652         23 0.0000e+00
    118.000    116.747    -1.5013  27.059056    -1.5005  27.058876     6.2194     6.4022     0.4036    96.8597 1.0000e-12  -73.98522 -111.47326  43.418374      99.95 1.1215e+02    416.536       9998  1027.8957  1027.8948     4.5949     0.1179     0.1217    33.9605    33.9594    8.39628         24 0.0000e+00
    119.000    117.736    -1.4996  27.061450    -1.4986  27.061560     6.2167     6.4062     0.3996    96.7586 1.0000e-12  -73.98522 -111.47324  43.418386      99.94 1.1275e+02    417.515      10021  1027.9009  1027.9001     4.5901     0.1384     0.1246    33.9612    33.9603    8.39585         23 0.0000e+00
    120.000    118.724    -1.4999  27.061777    -1.4990  27.061862     6.2194     6.4056     0.3868    96.7033 1.0000e-12  -73.98522 -111.47326  43.418397      99.94 1.1275e+02    418.490      10045  1027.9059  1027.9051     4.5875     0.1354     0.1219    33.9614    33.9605    8.39591         24 0.0000e+00
    121.000    119.714    -1.5003  27.062165    -1.4994  27.062218     6.2213     6.4119     0.3478    96.8041 1.0000e-12  -73.98522 -111.47324  43.418408      99.94 1.1231e+02    419.473      10068  1027.9110  1027.9102     4.5923     0.1133     0.1233    33.9618    33.9608    8.39599         24 0.0000e+00
    122.000    120.704    -1.5002  27.063321    -1.4992  27.063369     6.2206     6.4162     0.3855    96.8240 1.0000e-12  -73.98522 -111.47326  43.418420      94.00 1.1290e+02    420.462      10092  1027.9165  1027.9155     4.5932     0.1183     0.1230    33.9626    33.9615    8.39591         23 0.0000e+00
    123.000    121.691    -1.5024  27.062176    -1.5013  27.062335     6.2186     6.4197     0.2075    96.8996 1.0000e-12  -73.98522 -111.47324  43.418431      99.89 1.1282e+02    421.429      10115  1027.9216  1027.9207     4.5967     0.1294     0.1211    33.9629    33.9619    8.39639         24 0.0000e+00
    124.000    122.682    -1.5017  27.063509    -1.5010  27.063431     6.2238     6.4308     0.1880    96.7808 1.0000e-12  -73.98522 -111.47326  43.418442      99.94 1.1282e+02    422.412      10139  1027.9267  1027.9258     4.5912     0.1255     0.1229    33.9633    33.9624    8.39621         23 0.0000e+00
    125.000    123.669    -1.5021  27.064046    -1.5012  27.064064     6.2364     6.4316     0.3361    96.9996 1.0000e-12  -73.98522 -111.47324  43.418454      99.94 1.1282e+02    423.399      10163  1027.9319  1027.9311     4.6015     0.1397     0.1205    33.9639    33.9629    8.39626         24 0.0000e+00
    126.000    124.659    -1.5050  27.062283    -1.5046  27.061849     6.2387     6.4385     0.3458    96.7643 1.0000e-12  -73.98522 -111.47324  43.418465      99.94 1.1282e+02    424.367      10186  1027.9371  1027.9363     4.5904     0.1353     0.1208    33.9641    33.9631    8.39691         23 0.0000e+00
    127.000    125.648    -1.5077  27.060789    -1.5066  27.060858     6.2346     6.4305     0.3715    96.7578 1.0000e-12  -73.98522 -111.47324  43.418476      99.95 1.1313e+02    425.342      10209  1027.9423  1027.9413     4.5901     0.1325     0.1197    33.9645    33.9633    8.39749         23 0.0000e+00
    128.000    126.637    -1.5065  27.062449    -1.5054  27.062562     6.2243     6.4228     0.4797    96.7986 1.0000e-12  -73.98522 -111.47324  43.418488      99.94 1.1319e+02    426.320      10233  1027.9472  1027.9464     4.5920     0.1273     0.1238    33.9648    33.9637    8.39720         24 0.0000e+00
    129.000    127.626    -1.5037  27.065514    -1.5029  27.065350     6.2230     6.4163     0.5100    96.9772 1.0000e-12  -73.98522 -111.47324  43.418499      99.95 1.1290e+02    427.285      10256  1027.9522  1027.9513     4.6005     0.1077     0.1205    33.9652    33.9641    8.39654         23 0.0000e+00
    130.000    128.615    -1.5016  27.068065    -1.5007  27.067999     6.2268     6.4218     0.3589    96.8115 1.0000e-12  -73.98522 -111.47324  43.418510      99.95 1.1355e+02    428.263      10279  1027.9573  1027.9563     4.5926     0.1244     0.1251    33.9658    33.9646    8.39605         24 0.0000e+00
    131.000    129.605    -1.5024  27.068350    -1.5015  27.068420     6.2319     6.4251     0.4335    96.6716 1.0000e-12  -73.98522 -111.47324  43.418521      99.94 1.1413e+02    429.250      10303  1027.9627  1027.9619     4.5860     0.1231     0.1215    33.9664    33.9655    8.39618         23 0.0000e+00
    132.000    130.594    -1.5050  27.067133    -1.5040  27.067026     6.2341     6.4264     0.3331    96.8939 1.0000e-12  -73.98522 -111.47324  43.418533      99.94 1.1341e+02    430.225      10326  1027.9681  1027.9671     4.5965     0.1094     0.1224    33.9670    33.9658    8.39672         24 0.0000e+00
    133.000    131.581    -1.5061  27.067076    -1.5049  27.067174     6.2264     6.4272     0.3328    96.9111 1.0000e-12  -73.98522 -111.47324  43.418544      99.94 1.1450e+02    431.201      10350  1027.9735  1027.9725     4.5973     0.1115     0.1209    33.9676    33.9664    8.39695         23 0.0000e+00
    134.000    132.573    -1.5039  27.069979    -1.5027  27.070223     6.2207     6.4272     0.3573    96.6942 1.0000e-12  -73.98522 -111.47324  43.418555      99.94 1.1444e+02    432.174      10373  1027.9788  1027.9779     4.5870     0.1156     0.1219    33.9685    33.9674    8.39639         24 0.0000e+00
    135.000    133.560    -1.5018  27.072382    -1.5010  27.072436     6.2195     6.4185     0.4383    96.6973 1.0000e-12  -73.98522 -111.47324  43.418567      99.63 1.1459e+02    433.156      10397  1027.9838  1027.9830     4.5872     0.1388     0.1215    33.9688    33.9679    8.39591         23 0.0000e+00
    136.000    134.549    -1.5018  27.072890    -1.5006  27.073240     6.2192     6.4134     0.3221    96.8602 1.0000e-12  -73.98522 -111.47324  43.418578      98.76 1.1459e+02    434.150      10421  1027.9886  1027.9878     4.5949     0.1095     0.1226    33.9688    33.9680    8.39590         24 0.0000e+00
    137.000    135.539    -1.5012  27.074123    -1.5002  27.074241     6.2137     6.4049     0.2428    96.8317 1.0000e-12  -73.98522 -111.47324  43.418590      99.94 1.1459e+02    435.144      10444  1027.9937  1027.9928     4.5935     0.1328     0.1214    33.9693    33.9682    8.39574         24 0.0000e+00
    138.000    136.526    -1.5008  27.075170    -1.5000  27.075030     6.2058     6.4105     0.2481    96.6057 1.0000e-12  -73.98522 -111.47324  43.418601      99.95 1.1459e+02    436.129      10468  1027.9987  1027.9978     4.5828     0.1059     0.1224    33.9696    33.9685    8.39562         23 0.0000e+00
    139.000    137.517    -1.4994  27.077494    -1.4984  27.077506     6.2109     6.4108     0.2307    96.8137 1.0000e-12  -73.98522 -111.47324  43.418613      99.94 1.1436e+02    437.122      10492  1028.0042  1028.0033     4.5928     0.1200     0.1206    33.9706    33.9695    8.39525         24 0.0000e+00
    140.000    138.505    -1.4987  27.078957    -1.4977  27.079131     6.2136     6.4094     0.2656    96.9136 1.0000e-12  -73.98522 -111.47324  43.418624      99.94 1.1437e+02    438.109      10516  1028.0096  1028.0088     4.5975     0.1083     0.1230    33.9712    33.9703    8.39506         24 0.0000e+00
    141.000    139.495    -1.4981  27.080356    -1.4970  27.080558     6.2145     6.4114     0.2948    96.7961 1.0000e-12  -73.98522 -111.47324  43.418635      99.94 1.1475e+02    439.091      10539  1028.0148  1028.0140     4.5918     0.0989     0.1221    33.9719    33.9709    8.39489         23 0.0000e+00
    142.000    140.482    -1.4979  27.081243    -1.4969  27.081442     6.2449     6.4303     0.3075    97.0442 1.0000e-12  -73.98522 -111.47324  43.418647      99.94 1.1511e+02    440.076      10563  1028.0199  1028.0192     4.6036     0.1087     0.1232    33.9721    33.9713    8.39481         24 0.0000e+00
    143.000    141.473    -1.4999  27.081300    -1.4983  27.081657     6.2839     6.4709     0.5973    96.9925 1.0000e-12  -73.98522 -111.47324  43.418658      99.95 1.1488e+02    441.062      10586  1028.0262  1028.0251     4.6012     0.1024     0.1232    33.9739    33.9726    8.39517         24 0.0000e+00
    144.000    142.461    -1.5157  27.070806    -1.5130  27.072285     6.3115     6.5020     0.4180    96.9819 1.0000e-12  -73.98522 -111.47324  43.418670      99.94 1.1547e+02    442.055      10610  1028.0344  1028.0333     4.6007     0.1228     0.1248    33.9768    33.9757    8.39857         24 0.0000e+00
    145.000    143.451    -1.5254  27.065082    -1.5246  27.065147     6.3287     6.5159     0.2918    96.9528 1.0000e-12  -73.98522 -111.47324  43.418681      99.94 1.1543e+02    443.036      10634  1028.0418  1028.0410     4.5993     0.1027     0.1249    33.9793    33.9784    8.40060         23 0.0000e+00
    146.000    144.439    -1.5276  27.064147    -1.5269  27.063951     6.3350     6.5229     0.2929    96.9304 1.0000e-12  -73.98522 -111.47324  43.418692      99.94 1.1620e+02    444.016      10657  1028.0470  1028.0462     4.5982     0.1200     0.1228    33.9798    33.9788    8.40106         24 0.0000e+00
    147.000    145.428    -1.5293  27.063453    -1.5286  27.063215     6.3374     6.5331     0.3335    96.8954 1.0000e-12  -73.98522 -111.47324  43.418704      99.95 1.1620e+02    445.004      10681  1028.0521  1028.0513     4.5965     0.1349     0.1220    33.9802    33.9792    8.40142         23 0.0000e+00
    148.000    146.418    -1.5307  27.062948    -1.5299  27.062893     6.3405     6.5360     0.3251    96.5889 1.0000e-12  -73.98522 -111.47324  43.418715      91.08 1.1619e+02    446.008      10705  1028.0572  1028.0565     4.5821     0.1638     0.1237    33.9805    33.9796    8.40173         25 0.0000e+00
    149.000    147.407    -1.5315  27.063059    -1.5301  27.063332     6.3366     6.5381     0.3512    96.8111 1.0000e-12  -73.98522 -111.47324  43.418727      99.50 1.1635e+02    447.020      10729  1028.0624  1028.0613     4.5926     0.1359     0.1251    33.9809    33.9797    8.40188         24 0.0000e+00
    150.000    148.395    -1.5322  27.063146    -1.5310  27.063289     6.3369     6.5384     0.4533    96.6884 1.0000e-12  -73.98522 -111.47324  43.418739      99.95 1.1635e+02    448.034      10754  1028.0673  1028.0665     4.5867     0.1217     0.1270    33.9812    33.9801    8.40202         24 0.0000e+00
    151.000    149.385    -1.5313  27.064062    -1.5302  27.064132     6.3431     6.5400     0.3748    96.7109 1.0000e-12  -73.98522 -111.47324  43.418750      99.94 1.1635e+02    449.041      10778  1028.0717  1028.0708     4.5879     0.1278     0.1246    33.9808    33.9797    8.40184         25 0.0000e+00
    152.000    150.373    -1.5325  27.063943    -1.5313  27.064041     6.3428     6.5455     0.4453    96.6721 1.0000e-12  -73.98522 -111.47324  43.418762      99.94 1.1635e+02    450.054      10802  1028.0771  1028.0760     4.5858     0.1274     0.1237    33.9814    33.9802    8.40209         24 0.0000e+00
    153.000    151.363    -1.5343  27.063622    -1.5333  27.063620     6.3461     6.5429     0.5417    96.2655 1.0000e-12  -73.98522 -111.47324  43.418774      99.94 1.1635e+02    451.077      10827  1028.0827  1028.0818     4.5669     0.1343     0.1239    33.9824    33.9813    8.40244         25 0.0000e+00
    154.000    152.351    -1.5342  27.064135    -1.5334  27.064063     6.3471     6.5362     0.3246    96.7254 1.0000e-12  -73.98522 -111.47324  43.418786      99.94 1.1635e+02    452.102      10851  1028.0874  1028.0866     4.5885     0.1300     0.1250    33.9824    33.9814    8.40242         24 0.0000e+00
    155.000    153.339    -1.5334  27.065601    -1.5323  27.065776     6.3443     6.5406     0.5550    96.7388 1.0000e-12  -73.98522 -111.47324  43.418798      99.94 1.1635e+02    453.128      10876  1028.0925  1028.0917     4.5891     0.1413     0.1262    33.9829    33.9819    8.40220         25 0.0000e+00
