ocean_section_plots/required_files/ctd/dnbp2202_ctd285.cnv
* Sea-Bird SBE 9 Data File:
* FileName = D:\Data\raw\NBP2202_CTD285.hex
* Software Version Seasave V 7.26.7.121
* Temperature SN = 1649
* Conductivity SN = 2513
* Number of Bytes Per Scan = 40
* Number of Voltage Words = 5
* Number of Scans Averaged by the Deck Unit = 1
* NMEA Latitude = 74 08.43 S
* NMEA Longitude = 115 15.95 W
* NMEA UTC (Time) = Feb 22 2022  11:45:23
* NMEA baud rate = 9600
** Ship: RVIB N.B. Palmer
** Cruise: NBP2202 Thwaites
** Station: 187
** Operator: B. Bjork
# nquan = 28
# nvalues = 842                         
# units = specified
# name 0 = prDM: Pressure, Digiquartz [db]
# name 1 = depSM: Depth [salt water, m]
# name 2 = t090C: Temperature [ITS-90, deg C]
# name 3 = c0mS/cm: Conductivity [mS/cm]
# name 4 = t190C: Temperature, 2 [ITS-90, deg C]
# name 5 = c1mS/cm: Conductivity, 2 [mS/cm]
# name 6 = sbeox0ML/L: Oxygen, SBE 43 [ml/l]
# name 7 = sbeox1ML/L: Oxygen, SBE 43, 2 [ml/l]
# name 8 = flECO-AFL: Fluorescence, WET Labs ECO-AFL/FL [mg/m^3]
# name 9 = CStarTr0: Beam Transmission, WET Labs C-Star [%]
# name 10 = par: PAR/Irradiance, Biospherical/Licor
# name 11 = latitude: Latitude [deg]
# name 12 = longitude: Longitude [deg]
# name 13 = timeJ: Julian Days
# name 14 = altM: Altimeter [m]
# name 15 = spar: SPAR, Biospherical/Licor
# name 16 = timeS: Time, Elapsed [seconds]
# name 17 = scan: Scan Count
# name 18 = density00: Density [density, kg/m^3]
# name 19 = density11: Density, 2 [density, kg/m^3]
# name 20 = v3: Voltage 3
# name 21 = v4: Voltage 4
# name 22 = v5: Voltage 5
# name 23 = sal00: Salinity, Practical [PSU]
# name 24 = sal11: Salinity, Practical, 2 [PSU]
# name 25 = oxsolML/L: Oxygen Saturation, Garcia & Gordon [ml/l]
# name 26 = nbin: number of scans per bin
# name 27 = flag: flag
# span 0 =      2.000,    843.000       
# span 1 =      1.983,    832.584       
# span 2 =    -1.8289,     0.5035       
# span 3 =  26.965446,  29.508461       
# span 4 =    -1.8282,     0.5062       
# span 5 =  26.965780,  29.509010       
# span 6 =     4.5352,     9.0639       
# span 7 =     4.6363,     9.3692       
# span 8 =     0.1980,     8.6482       
# span 9 =    87.4263,    97.8962       
# span 10 = -4.886e-05, 1.5397e+01      
# span 11 =  -74.14058,  -74.14056      
# span 12 = -115.26587, -115.26580      
# span 13 =  53.492742,  53.504794      
# span 14 =       2.57,      99.95      
# span 15 = 4.0538e+01, 5.6195e+01      
# span 16 =    249.945,   1291.226      
# span 17 =       6000,      30990      
# span 18 =  1027.1753,  1031.6870      
# span 19 =  1027.1775,  1031.6851      
# span 20 =     4.1476,     4.6440      
# span 21 =     0.1038,     2.0457      
# span 22 =     0.1086,     0.2256      
# span 23 =    33.8071,    34.5529      
# span 24 =    33.8088,    34.5506      
# span 25 =    7.93087,    8.46263      
# span 26 =         15,         46      
# span 27 = 0.0000e+00, 0.0000e+00      
# interval = decibars: 1                
# start_time = Feb 22 2022 11:45:23 [NMEA time, header]
# bad_flag = -9.990e-29
*END*
[from data line 311]
    313.000    309.527    -1.8206  26.989647    -1.8200  26.989655     6.5341     6.7247     0.5419    96.9232 1.0000e-12  -74.14058 -115.26584  53.497061      99.90 5.0747e+01    623.116      14956  1028.9608  1028.9603     4.5979     0.1599     0.1215    34.1069    34.1062    8.46007         30 0.0000e+00
    314.000    310.515    -1.8192  26.991640    -1.8183  26.991831     6.5434     6.7228     0.4425    96.6571 1.0000e-12  -74.14058 -115.26584  53.497075      99.89 4.7973e+01    624.314      14985  1028.9660  1028.9654     4.5853     0.1859     0.1187    34.1074    34.1067    8.45971         28 0.0000e+00
    315.000    311.503    -1.8166  26.994516    -1.8158  26.994840     6.5433     6.7207     0.5644    96.8860 1.0000e-12  -74.14058 -115.26584  53.497089      99.89 4.7201e+01    625.466      15012  1028.9710  1028.9706     4.5961     0.1493     0.1212    34.1078    34.1073    8.45910         27 0.0000e+00
    316.000    312.491    -1.8163  26.995452    -1.8154  26.995737     6.5370     6.7211     0.6413    96.7483 1.0000e-12  -74.14058 -115.26584  53.497102      99.90 5.0543e+01    626.648      15041  1028.9760  1028.9755     4.5897     0.1416     0.1189    34.1081    34.1075    8.45900         30 0.0000e+00
    317.000    313.480    -1.8165  26.995755    -1.8156  26.996049     6.5367     6.7121     0.5971    96.8248 1.0000e-12  -74.14058 -115.26584  53.497116      99.89 4.7971e+01    627.856      15070  1028.9808  1028.9803     4.5932     0.1576     0.1247    34.1081    34.1075    8.45905         28 0.0000e+00
    318.000    314.466    -1.8165  26.996225    -1.8157  26.996472     6.5403     6.7171     0.4832    97.0732 1.0000e-12  -74.14058 -115.26584  53.497130      99.90 4.6388e+01    629.031      15098  1028.9857  1028.9852     4.6051     0.1641     0.1191    34.1082    34.1076    8.45905         28 0.0000e+00
    319.000    315.455    -1.8163  26.997023    -1.8155  26.997048     6.5404     6.7151     0.4993    97.0730 1.0000e-12  -74.14058 -115.26584  53.497144      99.89 4.9899e+01    630.199      15126  1028.9906  1028.9899     4.6050     0.1645     0.1185    34.1084    34.1075    8.45898         28 0.0000e+00
    320.000    316.445    -1.8160  26.997497    -1.8153  26.997771     6.5449     6.7196     0.5124    96.9791 1.0000e-12  -74.14058 -115.26584  53.497157      99.89 4.8644e+01    631.378      15154  1028.9952  1028.9948     4.6005     0.1505     0.1204    34.1081    34.1077    8.45894         28 0.0000e+00
    321.000    317.432    -1.8153  26.999032    -1.8141  26.999421     6.5343     6.7187     0.4602    97.2397 1.0000e-12  -74.14058 -115.26584  53.497171      99.89 4.6340e+01    632.564      15183  1029.0005  1028.9998     4.6130     0.2007     0.1176    34.1088    34.1080    8.45873         29 0.0000e+00
    322.000    318.420    -1.8124  27.002241    -1.8116  27.002498     6.5426     6.7160     0.4340    97.0703 1.0000e-12  -74.14058 -115.26584  53.497185      99.89 5.0282e+01    633.753      15211  1029.0056  1029.0051     4.6049     0.1970     0.1320    34.1093    34.1088    8.45804         29 0.0000e+00
    323.000    319.408    -1.8114  27.003976    -1.8105  27.004321     6.5395     6.7107     0.4671    97.2553 1.0000e-12  -74.14058 -115.26583  53.497198      99.89 4.8319e+01    634.915      15239  1029.0108  1029.0103     4.6136     0.1497     0.1194    34.1099    34.1094    8.45777         27 0.0000e+00
    324.000    320.397    -1.8110  27.005036    -1.8101  27.005279     6.5349     6.7124     0.4334    97.0856 1.0000e-12  -74.14058 -115.26582  53.497211      99.90 4.6294e+01    636.052      15266  1029.0160  1029.0154     4.6056     0.2087     0.1239    34.1104    34.1097    8.45767         28 0.0000e+00
    325.000    321.384    -1.8109  27.005701    -1.8099  27.005996     6.5366     6.7163     0.4453    96.8964 1.0000e-12  -74.14058 -115.26582  53.497225      99.87 4.9915e+01    637.252      15295  1029.0210  1029.0203     4.5966     0.3079     0.1300    34.1106    34.1098    8.45763         29 0.0000e+00
    326.000    322.372    -1.8104  27.006991    -1.8095  27.007237     6.5288     6.7102     0.4781    96.8973 1.0000e-12  -74.14058 -115.26582  53.497239      99.88 4.9040e+01    638.445      15324  1029.0261  1029.0256     4.5967     0.2121     0.1213    34.1111    34.1105    8.45747         28 0.0000e+00
    327.000    323.362    -1.8104  27.007695    -1.8095  27.007997     6.5352     6.7101     0.6253    96.7919 1.0000e-12  -74.14058 -115.26582  53.497252      99.90 4.6895e+01    639.575      15351  1029.0313  1029.0307     4.5917     0.1438     0.1236    34.1115    34.1109    8.45746         27 0.0000e+00
    328.000    324.348    -1.8089  27.009708    -1.8079  27.010025     6.5346     6.7115     0.8422    97.0729 1.0000e-12  -74.14058 -115.26582  53.497265      98.69 4.9504e+01    640.737      15379  1029.0363  1029.0357     4.6050     0.1600     0.1258    34.1119    34.1113    8.45708         28 0.0000e+00
    329.000    325.336    -1.8081  27.010719    -1.8072  27.011197     6.5282     6.7125     0.6727    97.0958 1.0000e-12  -74.14058 -115.26582  53.497278      99.56 4.9359e+01    641.827      15405  1029.0410  1029.0406     4.6061     0.2371     0.1262    34.1118    34.1115    8.45691         24 0.0000e+00
    330.000    326.325    -1.8073  27.012343    -1.8064  27.012557     6.5305     6.7053     0.6797    97.1806 1.0000e-12  -74.14058 -115.26582  53.497290      99.89 4.7270e+01    642.821      15429  1029.0464  1029.0457     4.6101     0.1835     0.1193    34.1125    34.1118    8.45669         25 0.0000e+00
    331.000    327.313    -1.8070  27.013099    -1.8061  27.013445     6.5287     6.7005     0.6254    97.0883 1.0000e-12  -74.14058 -115.26582  53.497302      99.89 4.9174e+01    643.922      15455  1029.0512  1029.0507     4.6057     0.1565     0.1209    34.1126    34.1120    8.45661         27 0.0000e+00
    332.000    328.301    -1.8068  27.013870    -1.8059  27.014172     6.5325     6.7013     0.9125    96.8305 1.0000e-12  -74.14058 -115.26582  53.497315      99.89 4.9884e+01    644.993      15481  1029.0562  1029.0556     4.5936     0.1760     0.1195    34.1128    34.1122    8.45655         24 0.0000e+00
    333.000    329.290    -1.8058  27.015170    -1.8048  27.015598     6.5354     6.6944     0.7125    96.9919 1.0000e-12  -74.14058 -115.26582  53.497326      99.90 4.6796e+01    645.985      15505  1029.0609  1029.0605     4.6011     0.1623     0.1183    34.1128    34.1123    8.45632         25 0.0000e+00
    334.000    330.277    -1.8052  27.016349    -1.8042  27.016486     6.5294     6.6984     0.6093    96.9493 1.0000e-12  -74.14058 -115.26582  53.497339      99.90 4.8652e+01    647.089      15531  1029.0660  1029.0651     4.5992     0.1736     0.1194    34.1132    34.1122    8.45616         27 0.0000e+00
    335.000    331.264    -1.8034  27.019240    -1.8023  27.019609     6.5244     6.7044     0.6541    96.5968 1.0000e-12  -74.14058 -115.26582  53.497351      99.89 4.9855e+01    648.155      15557  1029.0717  1029.0710     4.5825     0.1998     0.1169    34.1145    34.1137    8.45567         23 0.0000e+00
    336.000    332.254    -1.8002  27.023053    -1.7995  27.023120     6.5266     6.7041     0.5294    96.4713 1.0000e-12  -74.14058 -115.26582  53.497362      99.89 4.6720e+01    649.103      15579  1029.0771  1029.0765     4.5765     0.1677     0.1186    34.1155    34.1148    8.45487         24 0.0000e+00
    337.000    333.241    -1.7962  27.027136    -1.7944  27.027912     6.5284     6.7051     0.6408    96.4980 1.0000e-12  -74.14058 -115.26582  53.497375      99.89 4.7654e+01    650.179      15605  1029.0820  1029.0812     4.5777     0.1759     0.1217    34.1159    34.1150    8.45393         28 0.0000e+00
    338.000    334.229    -1.7897  27.033285    -1.7884  27.033720     6.5299     6.7057     0.6541    96.9056 1.0000e-12  -74.14058 -115.26582  53.497388      99.88 5.0656e+01    651.344      15633  1029.0869  1029.0861     4.5971     0.2184     0.1275    34.1165    34.1155    8.45243         28 0.0000e+00
    339.000    335.217    -1.7849  27.038648    -1.7837  27.038982     6.5287     6.7068     0.5561    96.9145 1.0000e-12  -74.14058 -115.26582  53.497401      99.88 4.5892e+01    652.482      15661  1029.0925  1029.0918     4.5975     0.2278     0.1222    34.1178    34.1169    8.45125         26 0.0000e+00
    340.000    336.205    -1.7836  27.040610    -1.7826  27.040910     6.5238     6.7078     0.6743    96.8779 1.0000e-12  -74.14058 -115.26582  53.497414      99.90 4.6555e+01    653.587      15687  1029.0978  1029.0971     4.5957     0.1681     0.1190    34.1184    34.1176    8.45091         27 0.0000e+00
    341.000    337.192    -1.7836  27.041398    -1.7827  27.041735     6.5280     6.7087     0.5357    96.8984 1.0000e-12  -74.14058 -115.26582  53.497427      99.23 5.1194e+01    654.662      15713  1029.1030  1029.1025     4.5967     0.1673     0.1149    34.1188    34.1183    8.45089         24 0.0000e+00
    342.000    338.183    -1.7840  27.041666    -1.7830  27.041900     6.5332     6.7089     0.5656    96.9779 1.0000e-12  -74.14058 -115.26582  53.497438      99.87 4.6087e+01    655.625      15736  1029.1081  1029.1074     4.6005     0.2275     0.1187    34.1191    34.1183    8.45097         24 0.0000e+00
    343.000    339.169    -1.7842  27.042175    -1.7832  27.042188     6.5283     6.7062     0.5387    96.9771 1.0000e-12  -74.14058 -115.26582  53.497450      99.89 4.6351e+01    656.689      15762  1029.1132  1029.1123     4.6004     0.2019     0.1219    34.1194    34.1183    8.45099         27 0.0000e+00
    344.000    340.158    -1.7833  27.044306    -1.7823  27.044606     6.5271     6.7018     0.4895    96.9427 1.0000e-12  -74.14058 -115.26582  53.497463      99.87 5.0368e+01    657.785      15788  1029.1190  1029.1183     4.5989     0.2827     0.1412    34.1207    34.1199    8.45071         24 0.0000e+00
    345.000    341.146    -1.7829  27.045178    -1.7820  27.045446     6.5250     6.6946     0.6720    97.1604 1.0000e-12  -74.14058 -115.26582  53.497474      99.89 4.6095e+01    658.743      15811  1029.1239  1029.1233     4.6091     0.1559     0.1136    34.1208    34.1202    8.45061         23 0.0000e+00
    346.000    342.133    -1.7829  27.045782    -1.7819  27.046025     6.5241     6.6910     0.6992    97.1954 1.0000e-12  -74.14058 -115.26582  53.497486      99.88 4.6441e+01    659.759      15835  1029.1288  1029.1282     4.6108     0.2378     0.1185    34.1210    34.1202    8.45059         26 0.0000e+00
    347.000    343.121    -1.7825  27.046750    -1.7815  27.047092     6.5286     6.6931     0.6633    97.0283 1.0000e-12  -74.14058 -115.26582  53.497498      99.89 5.0565e+01    660.868      15862  1029.1339  1029.1333     4.6029     0.1764     0.1135    34.1213    34.1206    8.45049         26 0.0000e+00
    348.000    344.110    -1.7819  27.048150    -1.7809  27.048450     6.5309     6.7017     0.7263    96.7965 1.0000e-12  -74.14058 -115.26582  53.497510      99.89 4.6173e+01    661.850      15885  1029.1392  1029.1386     4.5920     0.1864     0.1152    34.1219    34.1212    8.45031         22 0.0000e+00
    349.000    345.097    -1.7821  27.048782    -1.7811  27.048969     6.5271     6.7069     0.8085    97.1098 1.0000e-12  -74.14058 -115.26582  53.497521      99.89 4.6046e+01    662.834      15909  1029.1444  1029.1436     4.6067     0.1688     0.1160    34.1224    34.1215    8.45033         25 0.0000e+00
    350.000    346.085    -1.7823  27.049551    -1.7814  27.049836     6.5322     6.7029     0.9656    96.9294 1.0000e-12  -74.14058 -115.26582  53.497534      99.88 5.0298e+01    663.923      15935  1029.1498  1029.1493     4.5982     0.1973     0.1165    34.1231    34.1225    8.45034         27 0.0000e+00
    351.000    347.073    -1.7812  27.051733    -1.7803  27.052037     6.5239     6.7027     0.6935    97.1142 1.0000e-12  -74.14058 -115.26582  53.497547      99.89 4.7643e+01    665.030      15962  1029.1555  1029.1549     4.6069     0.1915     0.1148    34.1243    34.1236    8.45002         26 0.0000e+00
    352.000    348.061    -1.7793  27.054353    -1.7784  27.054683     6.5234     6.7038     0.6454    97.1753 1.0000e-12  -74.14058 -115.26582  53.497559      99.89 4.5824e+01    666.111      15988  1029.1608  1029.1603     4.6098     0.2475     0.1169    34.1250    34.1245    8.44953         26 0.0000e+00
    353.000    349.049    -1.7792  27.055052    -1.7781  27.055378     6.5281     6.7048     0.6956    97.0863 1.0000e-12  -74.14058 -115.26582  53.497572      99.28 5.0430e+01    667.186      16013  1029.1658  1029.1651     4.6057     0.1997     0.1133    34.1253    34.1245    8.44949         25 0.0000e+00
    354.000    350.037    -1.7787  27.056042    -1.7776  27.056313     6.5232     6.6982     0.9091    97.0435 1.0000e-12  -74.14058 -115.26582  53.497583      99.89 4.8147e+01    668.151      16037  1029.1707  1029.1700     4.6036     0.1695     0.1169    34.1254    34.1246    8.44936         22 0.0000e+00
    355.000    351.026    -1.7786  27.056697    -1.7775  27.057044     6.5239     6.6892     0.5286    97.1174 1.0000e-12  -74.14058 -115.26582  53.497594      99.89 4.6337e+01    669.121      16060  1029.1756  1029.1749     4.6071     0.1713     0.1131    34.1256    34.1248    8.44933         25 0.0000e+00
    356.000    352.013    -1.7780  27.057861    -1.7770  27.058054     6.5186     6.6861     0.5752    97.2232 1.0000e-12  -74.14058 -115.26582  53.497606      99.90 4.8829e+01    670.180      16085  1029.1806  1029.1799     4.6121     0.1692     0.1148    34.1259    34.1250    8.44917         25 0.0000e+00
    357.000    353.000    -1.7770  27.059270    -1.7760  27.059525     6.5138     6.6889     0.4799    96.8933 1.0000e-12  -74.14058 -115.26584  53.497618      99.89 4.8670e+01    671.173      16109  1029.1855  1029.1849     4.5966     0.2110     0.1169    34.1261    34.1254    8.44894         23 0.0000e+00
    358.000    353.990    -1.7766  27.060280    -1.7755  27.060601     6.5074     6.6944     0.5620    97.2483 1.0000e-12  -74.14058 -115.26584  53.497629      99.89 4.6924e+01    672.116      16132  1029.1906  1029.1899     4.6132     0.1649     0.1147    34.1264    34.1257    8.44882         23 0.0000e+00
    359.000    354.977    -1.7762  27.061371    -1.7750  27.061615     6.5149     6.6892     0.5561    97.0911 1.0000e-12  -74.14058 -115.26584  53.497641      99.89 4.9185e+01    673.176      16157  1029.1957  1029.1948     4.6059     0.1770     0.1138    34.1269    34.1259    8.44871         27 0.0000e+00
    360.000    355.964    -1.7759  27.062334    -1.7748  27.062640     6.5127     6.6828     0.5564    97.0882 1.0000e-12  -74.14058 -115.26584  53.497653      99.90 4.9200e+01    674.188      16182  1029.2007  1029.2001     4.6057     0.1585     0.1153    34.1272    34.1265    8.44862         22 0.0000e+00
    361.000    356.953    -1.7756  27.063183    -1.7745  27.063442     6.5133     6.6901     0.5647    97.1810 1.0000e-12  -74.14058 -115.26584  53.497663      99.89 4.6547e+01    675.107      16204  1029.2057  1029.2050     4.6101     0.1712     0.1137    34.1274    34.1266    8.44853         22 0.0000e+00
    362.000    357.940    -1.7755  27.063809    -1.7745  27.063977     6.5105     6.6911     0.5901    97.0416 1.0000e-12  -74.14058 -115.26584  53.497675      99.90 4.8378e+01    676.123      16228  1029.2107  1029.2098     4.6035     0.1649     0.1130    34.1276    34.1267    8.44851         26 0.0000e+00
    363.000    358.930    -1.7755  27.064539    -1.7745  27.064855     6.5074     6.6851     0.5924    97.0881 1.0000e-12  -74.14058 -115.26584  53.497687      99.88 4.9466e+01    677.151      16253  1029.2158  1029.2151     4.6057     0.2488     0.1244    34.1280    34.1273    8.44848         23 0.0000e+00
