ocean_section_plots/required_files/ctd/dnbp2202_ctd017.cnv
* Sea-Bird SBE 9 Data File:
* FileName = D:\Data\raw\NBP2202_CTD017.hex
* Software Version Seasave V 7.26.7.121
* Temperature SN = 1649
* Conductivity SN = 2513
* Number of Bytes Per Scan = 40
* Number of Voltage Words = 5
* Number of Scans Averaged by the Deck Unit = 1
* NMEA Latitude = 73 48.30 S
* NMEA Longitude = 112 40.09 W
* NMEA UTC (Time) = Jan 17 2022  15:44:46
* NMEA baud rate = 9600
** Ship: RVIB N.B. Palmer
** Cruise: NBP2202 Thwaites
** Station: #12
** Operator: A. Robinson
** Glider deployment
# nquan = 25
# nvalues = 753                         
# units = specified
# name 0 = prDM: Pressure, Digiquartz [db]
# name 1 = depSM: Depth [salt water, m]
# name 2 = t090C: Temperature [ITS-90, deg C]
# name 3 = c0mS/cm: Conductivity [mS/cm]
# name 4 = t190C: Temperature, 2 [ITS-90, deg C]
# name 5 = c1mS/cm: Conductivity, 2 [mS/cm]
# name 6 = sbeox0ML/L: Oxygen, SBE 43 [ml/l]
# name 7 = sbeox1ML/L: Oxygen, SBE 43, 2 [ml/l]
# name 8 = flECO-AFL: Fluorescence, WET Labs ECO-AFL/FL [mg/m^3]
# name 9 = CStarTr0: Beam Transmission, WET Labs C-Star [%]
# name 10 = par: PAR/Irradiance, Biospherical/Licor
# name 11 = latitude: Latitude [deg]
# name 12 = longitude: Longitude [deg]
# name 13 = timeJ: Julian Days
# name 14 = altM: Altimeter [m]
# name 15 = spar: SPAR, Biospherical/Licor
# name 16 = timeS: Time, Elapsed [seconds]
# name 17 = scan: Scan Count
# name 18 = density00: Density [density, kg/m^3]
# name 19 = density11: Density, 2 [density, kg/m^3]
# name 20 = sal00: Salinity, Practical [PSU]
# name 21 = sal11: Salinity, Practical, 2 [PSU]
# name 22 = oxsolML/L: Oxygen Saturation, Garcia & Gordon [ml/l]
# name 23 = nbin: number of scans per bin
# name 24 = flag: flag
# span 0 =      3.000,    755.000       
# span 1 =      2.970,    745.848       
# span 2 =    -1.4506,     0.5674       
# span 3 =  27.126601,  29.537593       
# span 4 =    -1.4501,     0.5696       
# span 5 =  27.126256,  29.537208       
# span 6 =     4.5507,     8.9667       
# span 7 =     4.8100,     9.5484       
# span 8 =    -0.0152,    29.2004       
# span 9 =    67.2111,    99.4142       
# span 10 = 1.0000e-12, 2.5329e+02      
# span 11 =  -73.80504,  -73.80504      
# span 12 = -112.66824, -112.66816      
# span 13 =  17.658573,  17.671512      
# span 14 =       6.37,     100.16      
# span 15 = 6.5932e+02, 2.4750e+03      
# span 16 =    214.708,   1332.586      
# span 17 =       5154,      31983      
# span 18 =  1027.1831,  1031.2839      
# span 19 =  1027.1839,  1031.2816      
# span 20 =    33.8050,    34.5693      
# span 21 =    33.8046,    34.5663      
# span 22 =    7.91689,    8.38417      
# span 23 =          5,         48      
# span 24 = 0.0000e+00, 0.0000e+00      
# interval = decibars: 1                
# start_time = Jan 17 2022 15:44:46 [NMEA time, header]
# bad_flag = -9.990e-29
*END*
[from data line 406]
    409.000    404.375    -0.1441  28.571924    -0.1422  28.571393     4.7898     5.0761     0.0033    98.6365 1.0000e-12  -73.80504 -112.66821  17.665131      99.84 8.4703e+02    781.328      18753  1029.4896  1029.4872    34.2977    34.2948    8.08004         32 0.0000e+00
    410.000    405.363    -0.1420  28.574540    -0.1398  28.574410     4.7878     5.0718    -0.0019    98.6278 1.0000e-12  -73.80504 -112.66820  17.665148      99.84 8.4798e+02    782.832      18789  1029.4947  1029.4925    34.2982    34.2956    8.07956         37 0.0000e+00
    411.000    406.350    -0.1399  28.577328    -0.1378  28.576994     4.7909     5.0669     0.0150    98.6034 1.0000e-12  -73.80504 -112.66820  17.665164      99.84 8.4795e+02    784.165      18821  1029.5000  1029.4976    34.2990    34.2962    8.07908         27 0.0000e+00
    412.000    407.336    -0.1384  28.579633    -0.1364  28.579171     4.7873     5.0732     0.0110    98.6282 1.0000e-12  -73.80504 -112.66820  17.665176      99.84 8.4795e+02    785.198      18846  1029.5053  1029.5029    34.2997    34.2969    8.07871         23 0.0000e+00
    413.000    408.326    -0.1380  28.580563    -0.1361  28.579998     4.7897     5.0650     0.0060    98.5681 1.0000e-12  -73.80504 -112.66820  17.665187      99.84 8.4795e+02    786.165      18869  1029.5102  1029.5078    34.2999    34.2971    8.07862         25 0.0000e+00
    414.000    409.312    -0.1368  28.582439    -0.1348  28.581765     4.7915     5.0721     0.0060    98.5744 1.0000e-12  -73.80504 -112.66821  17.665201      99.84 8.4801e+02    787.358      18898  1029.5153  1029.5127    34.3005    34.2974    8.07833         31 0.0000e+00
    415.000    410.301    -0.1358  28.584003    -0.1339  28.583527     4.8029     5.0775     0.0446    98.5915 1.0000e-12  -73.80504 -112.66820  17.665218      95.98 8.4833e+02    788.844      18933  1029.5204  1029.5181    34.3008    34.2981    8.07810         33 0.0000e+00
    416.000    411.289    -0.1364  28.584074    -0.1347  28.583530     4.8116     5.0915    -0.0022    98.6174 1.0000e-12  -73.80504 -112.66820  17.665233      83.42 8.4935e+02    790.125      18964  1029.5254  1029.5231    34.3010    34.2984    8.07821         28 0.0000e+00
    417.000    412.275    -0.1398  28.581627    -0.1378  28.581449     4.8203     5.1022    -0.0013    98.6222 1.0000e-12  -73.80504 -112.66820  17.665245      97.63 8.4978e+02    791.186      18989  1029.5304  1029.5283    34.3010    34.2985    8.07894         24 0.0000e+00
    418.000    413.265    -0.1416  28.581116    -0.1399  28.580501     4.8273     5.1127    -0.0018    98.6337 1.0000e-12  -73.80504 -112.66820  17.665257      99.80 8.4944e+02    792.188      19014  1029.5360  1029.5337    34.3018    34.2990    8.07929         25 0.0000e+00
    419.000    414.251    -0.1422  28.582022    -0.1400  28.581634     4.8232     5.1099    -0.0039    98.6121 1.0000e-12  -73.80504 -112.66822  17.665270      99.84 8.4920e+02    793.354      19041  1029.5417  1029.5392    34.3030    34.3000    8.07933         31 0.0000e+00
    420.000    415.239    -0.1332  28.592606    -0.1311  28.592237     4.8189     5.1056     0.0010    98.6491 1.0000e-12  -73.80504 -112.66820  17.665287      99.84 8.5031e+02    794.801      19076  1029.5485  1029.5460    34.3064    34.3035    8.07724         33 0.0000e+00
    421.000    416.227    -0.1231  28.604200    -0.1208  28.603748     4.8113     5.1033     0.0096    98.6549 1.0000e-12  -73.80504 -112.66820  17.665302      99.85 8.5002e+02    796.106      19108  1029.5551  1029.5524    34.3098    34.3067    8.07490         28 0.0000e+00
    422.000    417.215    -0.1157  28.612489    -0.1137  28.611814     4.8057     5.0879     0.0004    98.6033 1.0000e-12  -73.80504 -112.66820  17.665314      99.84 8.5015e+02    797.161      19133  1029.5610  1029.5583    34.3120    34.3089    8.07323         24 0.0000e+00
    423.000    418.204    -0.1075  28.621315    -0.1055  28.620657     4.8012     5.0835    -0.0038    98.6983 1.0000e-12  -73.80504 -112.66820  17.665326      99.84 8.5093e+02    798.185      19157  1029.5666  1029.5640    34.3138    34.3107    8.07138         27 0.0000e+00
    424.000    419.189    -0.0979  28.631393    -0.0959  28.630641     4.7947     5.0738     0.0668    98.7364 1.0000e-12  -73.80504 -112.66820  17.665340      99.84 8.5014e+02    799.369      19186  1029.5722  1029.5694    34.3159    34.3126    8.06925         30 0.0000e+00
    425.000    420.177    -0.0947  28.635145    -0.0927  28.634665     4.7907     5.0766     0.0287    98.7801 1.0000e-12  -73.80504 -112.66820  17.665356      99.84 8.5148e+02    800.715      19218  1029.5775  1029.5750    34.3167    34.3138    8.06852         33 0.0000e+00
    426.000    421.165    -0.0932  28.637221    -0.0913  28.636572     4.7945     5.0829     0.0011    98.7544 1.0000e-12  -73.80504 -112.66820  17.665371      99.85 8.5147e+02    802.020      19249  1029.5826  1029.5800    34.3171    34.3142    8.06818         30 0.0000e+00
    427.000    422.153    -0.0923  28.638459    -0.0904  28.638065     4.7927     5.0764     0.0188    98.7904 1.0000e-12  -73.80504 -112.66820  17.665384      96.34 8.5147e+02    803.220      19278  1029.5874  1029.5851    34.3172    34.3145    8.06799         27 0.0000e+00
    428.000    423.140    -0.0921  28.639034    -0.0904  28.638521     4.7923     5.0717    -0.0024    98.7913 1.0000e-12  -73.80504 -112.66820  17.665397      99.47 8.5139e+02    804.316      19305  1029.5921  1029.5899    34.3172    34.3145    8.06795         26 0.0000e+00
    429.000    424.127    -0.0903  28.641685    -0.0884  28.641059     4.7894     5.0720     0.0004    98.7826 1.0000e-12  -73.80504 -112.66820  17.665410      99.83 8.5205e+02    805.399      19331  1029.5974  1029.5950    34.3180    34.3151    8.06751         27 0.0000e+00
    430.000    425.116    -0.0866  28.646408    -0.0846  28.645774     4.7873     5.0705     0.0179    98.7862 1.0000e-12  -73.80504 -112.66820  17.665423      99.84 8.5197e+02    806.558      19358  1029.6031  1029.6006    34.3195    34.3165    8.06664         28 0.0000e+00
    431.000    426.103    -0.0837  28.649999    -0.0819  28.649413     4.7859     5.0679     0.0005    98.7737 1.0000e-12  -73.80504 -112.66820  17.665437      99.84 8.5198e+02    807.794      19388  1029.6085  1029.6061    34.3205    34.3177    8.06599         31 0.0000e+00
    432.000    427.092    -0.0812  28.653427    -0.0793  28.652745     4.7886     5.0715    -0.0099    98.7859 1.0000e-12  -73.80504 -112.66820  17.665452      99.84 8.5292e+02    809.034      19418  1029.6140  1029.6115    34.3217    34.3186    8.06540         30 0.0000e+00
    433.000    428.078    -0.0757  28.660096    -0.0733  28.659668     4.7803     5.0651    -0.0098    98.7374 1.0000e-12  -73.80504 -112.66820  17.665467      99.84 8.5301e+02    810.345      19449  1029.6200  1029.6172    34.3237    34.3205    8.06411         32 0.0000e+00
    434.000    429.066    -0.0628  28.674658    -0.0603  28.674326     4.7686     5.0492    -0.0033    98.7689 1.0000e-12  -73.80504 -112.66820  17.665482      99.84 8.5237e+02    811.644      19480  1029.6270  1029.6243    34.3279    34.3247    8.06115         29 0.0000e+00
    435.000    430.053    -0.0471  28.692646    -0.0449  28.691966     4.7649     5.0446     0.0038    98.7366 1.0000e-12  -73.80504 -112.66820  17.665495      99.85 8.5351e+02    812.776      19508  1029.6350  1029.6322    34.3336    34.3303    8.05753         26 0.0000e+00
    436.000    431.041    -0.0422  28.698261    -0.0402  28.697816     4.7606     5.0474    -0.0078    98.7550 1.0000e-12  -73.80504 -112.66820  17.665507      99.84 8.5374e+02    813.794      19532  1029.6405  1029.6381    34.3349    34.3321    8.05642         24 0.0000e+00
    437.000    432.028    -0.0401  28.700788    -0.0382  28.700359     4.7585     5.0434    -0.0046    98.7496 1.0000e-12  -73.80504 -112.66820  17.665519      96.89 8.5374e+02    814.876      19558  1029.6456  1029.6432    34.3354    34.3327    8.05596         28 0.0000e+00
    438.000    433.017    -0.0390  28.702457    -0.0370  28.701958     4.7605     5.0383    -0.0091    98.7296 1.0000e-12  -73.80504 -112.66820  17.665535      82.65 8.5406e+02    816.221      19590  1029.6507  1029.6482    34.3358    34.3329    8.05571         36 0.0000e+00
    439.000    434.005    -0.0373  28.704738    -0.0353  28.704228     4.7595     5.0377    -0.0049    98.7510 1.0000e-12  -73.80504 -112.66820  17.665552     100.03 8.5417e+02    817.662      19625  1029.6558  1029.6534    34.3362    34.3334    8.05531         32 0.0000e+00
    440.000    434.990    -0.0354  28.707570    -0.0333  28.707108     4.7551     5.0335    -0.0094    98.7520 1.0000e-12  -73.80504 -112.66820  17.665566      99.83 8.5382e+02    818.891      19654  1029.6613  1029.6588    34.3373    34.3343    8.05486         27 0.0000e+00
    441.000    435.981    -0.0335  28.710364    -0.0313  28.710136     4.7564     5.0292    -0.0038    98.7307 1.0000e-12  -73.80504 -112.66820  17.665578      99.84 8.5536e+02    819.932      19679  1029.6667  1029.6643    34.3382    34.3355    8.05440         24 0.0000e+00
    442.000    436.968    -0.0318  28.712661    -0.0298  28.712233     4.7610     5.0316     0.0035    98.7014 1.0000e-12  -73.80504 -112.66820  17.665590      99.84 8.5604e+02    820.939      19704  1029.6718  1029.6694    34.3388    34.3360    8.05402         25 0.0000e+00
    443.000    437.954    -0.0315  28.713348    -0.0295  28.712879     4.7598     5.0390    -0.0052    98.6662 1.0000e-12  -73.80504 -112.66820  17.665603      99.85 8.5551e+02    822.119      19732  1029.6766  1029.6742    34.3388    34.3359    8.05396         32 0.0000e+00
    444.000    438.943    -0.0303  28.715076    -0.0283  28.714629     4.7596     5.0397    -0.0054    98.6786 1.0000e-12  -73.80504 -112.66820  17.665620      99.84 8.5572e+02    823.550      19766  1029.6816  1029.6792    34.3392    34.3363    8.05369         32 0.0000e+00
    445.000    439.928    -0.0289  28.717210    -0.0269  28.716751     4.7564     5.0398     0.0058    98.6930 1.0000e-12  -73.80504 -112.66820  17.665635      99.84 8.5611e+02    824.863      19798  1029.6868  1029.6844    34.3398    34.3370    8.05335         28 0.0000e+00
    446.000    440.917    -0.0269  28.720250    -0.0249  28.719743     4.7571     5.0391    -0.0005    98.6677 1.0000e-12  -73.80504 -112.66820  17.665647      99.84 8.5677e+02    825.927      19823  1029.6923  1029.6898    34.3409    34.3380    8.05286         25 0.0000e+00
    447.000    441.905    -0.0239  28.724083    -0.0218  28.723746     4.7533     5.0371    -0.0013    98.6339 1.0000e-12  -73.80504 -112.66820  17.665659      99.84 8.5676e+02    826.929      19847  1029.6977  1029.6954    34.3421    34.3393    8.05216         25 0.0000e+00
    448.000    442.892    -0.0230  28.725449    -0.0209  28.724967     4.7580     5.0407    -0.0022    98.6476 1.0000e-12  -73.80504 -112.66820  17.665672      77.22 8.5676e+02    828.091      19875  1029.7026  1029.7001    34.3423    34.3394    8.05196         29 0.0000e+00
    449.000    443.879    -0.0215  28.727473    -0.0196  28.726948     4.7559     5.0303    -0.0063    98.6351 1.0000e-12  -73.80504 -112.66820  17.665689      94.78 8.5676e+02    829.516      19909  1029.7076  1029.7051    34.3428    34.3398    8.05163         35 0.0000e+00
    450.000    444.867    -0.0195  28.730245    -0.0176  28.729621     4.7474     5.0343    -0.0102    98.6291 1.0000e-12  -73.80504 -112.66820  17.665704      99.69 8.5712e+02    830.830      19941  1029.7129  1029.7103    34.3436    34.3406    8.05117         29 0.0000e+00
    451.000    445.854    -0.0167  28.733933    -0.0149  28.733192     4.7513     5.0370     0.0031    98.6330 1.0000e-12  -73.80504 -112.66820  17.665717      99.84 8.5720e+02    831.954      19968  1029.7183  1029.7158    34.3447    34.3417    8.05051         24 0.0000e+00
    452.000    446.841    -0.0157  28.735445    -0.0136  28.735062     4.7545     5.0323     0.0005    98.6381 1.0000e-12  -73.80504 -112.66820  17.665729      99.84 8.5775e+02    832.968      19992  1029.7232  1029.7208    34.3450    34.3422    8.05028         25 0.0000e+00
    453.000    447.831    -0.0155  28.736112    -0.0134  28.735689     4.7500     5.0318     0.0032    98.6373 1.0000e-12  -73.80504 -112.66820  17.665741      99.84 8.5739e+02    834.044      20018  1029.7279  1029.7255    34.3450    34.3421    8.05023         28 0.0000e+00
    454.000    448.817    -0.0147  28.737316    -0.0126  28.737026     4.7502     5.0288    -0.0012    98.6380 1.0000e-12  -73.80504 -112.66820  17.665757      99.84 8.5798e+02    835.391      20050  1029.7329  1029.7304    34.3452    34.3424    8.05007         36 0.0000e+00
    455.000    449.805    -0.0134  28.739149    -0.0114  28.738748     4.7531     5.0300    -0.0084    98.6374 1.0000e-12  -73.80504 -112.66820  17.665774      99.84 8.5860e+02    836.837      20085  1029.7378  1029.7354    34.3456    34.3428    8.04977         31 0.0000e+00
    456.000    450.791    -0.0124  28.740737    -0.0104  28.740434     4.7531     5.0314    -0.0091    98.6347 1.0000e-12  -73.80504 -112.66820  17.665787      99.84 8.5843e+02    838.001      20113  1029.7428  1029.7405    34.3459    34.3433    8.04954         26 0.0000e+00
    457.000    451.780    -0.0121  28.741675    -0.0102  28.741300     4.7513     5.0294    -0.0026    98.6185 1.0000e-12  -73.80504 -112.66820  17.665799      99.84 8.5852e+02    839.000      20137  1029.7477  1029.7455    34.3462    34.3436    8.04945         23 0.0000e+00
    458.000    452.767    -0.0109  28.743539    -0.0089  28.743056     4.7494     5.0330    -0.0076    98.6160 1.0000e-12  -73.80504 -112.66820  17.665810      99.85 8.5852e+02    840.001      20161  1029.7528  1029.7503    34.3468    34.3439    8.04917         26 0.0000e+00
    459.000    453.755    -0.0103  28.744490    -0.0083  28.743827     4.7531     5.0290     0.0023    98.6235 1.0000e-12  -73.80504 -112.66820  17.665824      90.71 8.5852e+02    841.221      20190  1029.7575  1029.7549    34.3468    34.3437    8.04905         32 0.0000e+00
    460.000    454.741    -0.0086  28.746794    -0.0068  28.745912     4.7517     5.0235     0.0188    98.6263 1.0000e-12  -73.80504 -112.66820  17.665842      95.57 8.5930e+02    842.767      20227  1029.7625  1029.7599    34.3473    34.3441    8.04865         34 0.0000e+00
    461.000    455.729    -0.0067  28.749550    -0.0047  28.748858     4.7510     5.0281     0.0225    98.6262 1.0000e-12  -73.80504 -112.66820  17.665858      99.95 8.5915e+02    844.095      20259  1029.7678  1029.7652    34.3482    34.3451    8.04820         28 0.0000e+00
    462.000    456.717    -0.0051  28.751778    -0.0032  28.751254     4.7482     5.0287     0.0038    98.6409 1.0000e-12  -73.80504 -112.66820  17.665870      99.85 8.6067e+02    845.124      20284  1029.7730  1029.7706    34.3488    34.3460    8.04784         23 0.0000e+00
    463.000    457.704    -0.0048  28.752544    -0.0029  28.752085     4.7486     5.0273    -0.0051    98.6163 1.0000e-12  -73.80504 -112.66820  17.665881      99.84 8.5972e+02    846.084      20307  1029.7777  1029.7754    34.3489    34.3461    8.04777         24 0.0000e+00
    464.000    458.693    -0.0034  28.754559    -0.0014  28.754059     4.7535     5.0207     0.0004    98.6097 1.0000e-12  -73.80504 -112.66820  17.665893      99.84 8.5980e+02    847.171      20333  1029.7828  1029.7803    34.3494    34.3465    8.04745         29 0.0000e+00
    465.000    459.679    -0.0022  28.756316    -0.0001  28.755967     4.7465     5.0226     0.0023    98.6044 1.0000e-12  -73.80504 -112.66820  17.665909      99.84 8.5921e+02    848.552      20366  1029.7877  1029.7853    34.3498    34.3469    8.04717         36 0.0000e+00
