ocean_section_plots/required_files/ctd/dnbp2202_ctd165.cnv
* Sea-Bird SBE 9 Data File:
* FileName = D:\Data\raw\NBP2202_CTD165.hex
* Software Version Seasave V 7.26.7.121
* Temperature SN = 1649
* Conductivity SN = 2513
* Number of Bytes Per Scan = 40
* Number of Voltage Words = 5
* Number of Scans Averaged by the Deck Unit = 1
* NMEA Latitude = 74 14.19 S
* NMEA Longitude = 112 19.98 W
* NMEA UTC (Time) = Feb 01 2022  03:23:42
* NMEA baud rate = 9600
** Ship: RVIB N.B. Palmer
** Cruise: NBP2202 Thwaites
** Station: 87
** Operator: B Bjork
# nquan = 28
# nvalues = 504                         
# units = specified
# name 0 = prDM: Pressure, Digiquartz [db]
# name 1 = depSM: Depth [salt water, m]
# name 2 = t090C: Temperature [ITS-90, deg C]
# name 3 = c0mS/cm: Conductivity [mS/cm]
# name 4 = t190C: Temperature, 2 [ITS-90, deg C]
# name 5 = c1mS/cm: Conductivity, 2 [mS/cm]
# name 6 = sbeox0ML/L: Oxygen, SBE 43 [ml/l]
# name 7 = sbeox1ML/L: Oxygen, SBE 43, 2 [ml/l]
# name 8 = flECO-AFL: Fluorescence, WET Labs ECO-AFL/FL [mg/m^3]
# name 9 = CStarTr0: Beam Transmission, WET Labs C-Star [%]
# name 10 = par: PAR/Irradiance, Biospherical/Licor
# name 11 = latitude: Latitude [deg]
# name 12 = longitude: Longitude [deg]
# name 13 = timeJ: Julian Days
# name 14 = altM: Altimeter [m]
# name 15 = spar: SPAR, Biospherical/Licor
# name 16 = timeS: Time, Elapsed [seconds]
# name 17 = scan: Scan Count
# name 18 = density00: Density [density, kg/m^3]
# name 19 = density11: Density, 2 [density, kg/m^3]
# name 20 = v3: Voltage 3
# name 21 = v4: Voltage 4
# name 22 = v5: Voltage 5
# name 23 = sal00: Salinity, Practical [PSU]
# name 24 = sal11: Salinity, Practical, 2 [PSU]
# name 25 = oxsolML/L: Oxygen Saturation, Garcia & Gordon [ml/l]
# name 26 = nbin: number of scans per bin
# name 27 = flag: flag
# span 0 =      3.000,    506.000       
# span 1 =      2.969,    500.152       
# span 2 =    -1.5807,    -0.1034       
# span 3 =  26.996367,  28.675659       
# span 4 =    -1.5809,    -0.1005       
# span 5 =  26.996369,  28.675174       
# span 6 =     4.8520,     8.5269       
# span 7 =     4.9487,     8.7598       
# span 8 =    -0.0004,    19.9522       
# span 9 =    71.0620,    93.6309       
# span 10 = -3.808e-05, 4.6824e+01      
# span 11 =  -74.23660,  -74.23658      
# span 12 = -112.33316, -112.33309      
# span 13 =  32.143986,  32.151607      
# span 14 =      43.88,     100.12      
# span 15 = 1.0305e+03, 1.1378e+03      
# span 16 =    218.392,    876.891      
# span 17 =       5242,      21046      
# span 18 =  1027.1994,  1029.9712      
# span 19 =  1027.2031,  1029.9694      
# span 20 =     3.3715,     4.4418      
# span 21 =     0.0687,     3.3934      
# span 22 =     0.1147,     0.2579      
# span 23 =    33.8124,    34.3327      
# span 24 =    33.8147,    34.3289      
# span 25 =    8.06944,    8.41440      
# span 26 =         15,         50      
# span 27 = 0.0000e+00, 0.0000e+00      
# interval = decibars: 1                
# start_time = Feb 01 2022 03:23:42 [NMEA time, header]
# bad_flag = -9.990e-29
*END*
[from data line 104]
    107.000    105.866    -1.4273  27.091005    -1.4277  27.090935     6.2978     6.4216     0.8684    92.1474 1.0000e-12  -74.23660 -112.33312  32.146163      99.89 1.1279e+03    406.472       9756  1027.8132  1027.8135     4.3714     0.1721     0.1282    33.9273    33.9277    8.38159         28 0.0000e+00
    108.000    106.855    -1.4286  27.090817    -1.4290  27.090761     6.3393     6.4633     0.8110    91.9788 1.0000e-12  -74.23660 -112.33311  32.146175      99.87 1.1256e+03    407.546       9782  1027.8185  1027.8189     4.3635     0.1651     0.1289    33.9279    33.9283    8.38185         26 0.0000e+00
    109.000    107.844    -1.4298  27.090678    -1.4304  27.090574     6.3808     6.5084     0.8748    91.9183 1.0000e-12  -74.23660 -112.33311  32.146188      99.87 1.1258e+03    408.623       9808  1027.8238  1027.8243     4.3606     0.2112     0.1313    33.9284    33.9290    8.38208         26 0.0000e+00
    110.000    108.831    -1.4328  27.090152    -1.4332  27.090144     6.4077     6.5387     0.9926    91.6890 1.0000e-12  -74.23660 -112.33311  32.146200      99.88 1.1305e+03    409.722       9834  1027.8304  1027.8308     4.3497     0.1889     0.1294    33.9305    33.9309    8.38263         26 0.0000e+00
    111.000    109.821    -1.4344  27.090241    -1.4348  27.090160     6.4492     6.5820     0.9229    91.8277 1.0000e-12  -74.23660 -112.33311  32.146214      82.38 1.1294e+03    410.910       9863  1027.8364  1027.8367     4.3563     0.2381     0.1294    33.9318    33.9321    8.38292         30 0.0000e+00
    112.000    110.812    -1.4358  27.090393    -1.4362  27.090417     6.4926     6.6288     0.9890    91.5565 1.0000e-12  -74.23660 -112.33311  32.146229      76.14 1.1242e+03    412.186       9893  1027.8421  1027.8426     4.3435     0.2734     0.1287    33.9329    33.9334    8.38315         32 0.0000e+00
    113.000    111.800    -1.4366  27.091094    -1.4374  27.090901     6.5495     6.6805     0.9596    91.7857 1.0000e-12  -74.23660 -112.33311  32.146244      97.24 1.1233e+03    413.479       9925  1027.8481  1027.8485     4.3542     0.2590     0.1301    33.9343    33.9348    8.38327         30 0.0000e+00
    114.000    112.788    -1.4393  27.090945    -1.4400  27.090710     6.5836     6.7102     1.3856    91.1980 1.0000e-12  -74.23660 -112.33311  32.146258      99.92 1.1264e+03    414.690       9954  1027.8547  1027.8552     4.3264     0.2642     0.1290    33.9364    33.9369    8.38374         27 0.0000e+00
    115.000    113.778    -1.4429  27.089384    -1.4436  27.089173     6.6292     6.7581     1.2038    91.1114 1.0000e-12  -74.23660 -112.33311  32.146270      99.86 1.1282e+03    415.768       9979  1027.8608  1027.8613     4.3223     0.2805     0.1337    33.9377    33.9382    8.38447         25 0.0000e+00
    116.000    114.769    -1.4524  27.083573    -1.4532  27.083604     6.6760     6.8079     1.3576    91.0539 1.0000e-12  -74.23660 -112.33311  32.146282      99.86 1.1274e+03    416.754      10003  1027.8680  1027.8687     4.3196     0.3151     0.1310    33.9400    33.9409    8.38649         24 0.0000e+00
    117.000    115.754    -1.4731  27.068534    -1.4721  27.069845     6.6983     6.8378     1.5838    91.1397 1.0000e-12  -74.23660 -112.33311  32.146293      99.86 1.1240e+03    417.757      10027  1027.8757  1027.8761     4.3237     0.2745     0.1311    33.9421    33.9428    8.39102         25 0.0000e+00
    118.000    116.746    -1.4886  27.057711    -1.4894  27.057784     6.6975     6.8471     1.3910    90.8259 1.0000e-12  -74.23660 -112.33311  32.146309      99.85 1.1229e+03    419.061      10058  1027.8829  1027.8837     4.3088     0.3612     0.1314    33.9441    33.9451    8.39439         38 0.0000e+00
    119.000    117.734    -1.4950  27.053548    -1.4954  27.053469     6.6724     6.8267     1.7294    90.8594 1.0000e-12  -74.23660 -112.33311  32.146328      99.85 1.1278e+03    420.722      10098  1027.8886  1027.8889     4.3104     0.3836     0.1311    33.9451    33.9454    8.39579         38 0.0000e+00
    120.000    118.722    -1.4986  27.051626    -1.4994  27.051294     6.6635     6.8189     1.7881    89.9781 1.0000e-12  -74.23660 -112.33311  32.146343      99.86 1.1314e+03    422.077      10131  1027.8940  1027.8945     4.2686     0.3205     0.1236    33.9458    33.9463    8.39654         26 0.0000e+00
    121.000    119.712    -1.5022  27.049355    -1.5039  27.048608     6.6632     6.8245     1.7956    89.9489 1.0000e-12  -74.23660 -112.33310  32.146354      99.84 1.1309e+03    423.009      10153  1027.8993  1027.9000     4.2672     0.4454     0.1261    33.9463    33.9471    8.39735         21 0.0000e+00
    122.000    120.702    -1.5120  27.042985    -1.5126  27.042958     6.6702     6.8339     1.9605    90.0088 1.0000e-12  -74.23660 -112.33311  32.146364      99.86 1.1267e+03    423.895      10174  1027.9059  1027.9064     4.2700     0.3594     0.1323    33.9480    33.9486    8.39946         23 0.0000e+00
    123.000    121.690    -1.5246  27.034596    -1.5250  27.034818     6.6787     6.8367     2.0541    90.2589 1.0000e-12  -74.23660 -112.33311  32.146379      99.85 1.1248e+03    425.103      10203  1027.9130  1027.9136     4.2819     0.3858     0.1324    33.9501    33.9508    8.40217         36 0.0000e+00
    124.000    122.680    -1.5278  27.032988    -1.5280  27.032978     6.6655     6.8241     2.0104    90.2620 1.0000e-12  -74.23660 -112.33311  32.146398      99.85 1.1271e+03    426.794      10244  1027.9183  1027.9185     4.2821     0.3906     0.1254    33.9508    33.9511    8.40284         38 0.0000e+00
    125.000    123.669    -1.5298  27.032192    -1.5301  27.032076     6.6243     6.7933     2.1170    90.1256 1.0000e-12  -74.23660 -112.33310  32.146415      99.85 1.1299e+03    428.223      10278  1027.9235  1027.9237     4.2756     0.3622     0.1311    33.9514    33.9516    8.40327         29 0.0000e+00
    126.000    124.658    -1.5433  27.021416    -1.5439  27.021644     6.5913     6.7600     1.8461    89.9671 1.0000e-12  -74.23658 -112.33310  32.146426      99.84 1.1288e+03    429.189      10302  1027.9289  1027.9298     4.2681     0.4447     0.1377    33.9513    33.9523    8.40633         20 0.0000e+00
    127.000    125.646    -1.5728  27.000199    -1.5734  27.000236     6.5757     6.7443     1.8369    89.6125 1.0000e-12  -74.23658 -112.33312  32.146436      99.86 1.1275e+03    430.049      10322  1027.9383  1027.9389     4.2515     0.3284     0.1327    33.9549    33.9556    8.41279         22 0.0000e+00
    128.000    126.636    -1.5795  26.996367    -1.5799  26.996369     6.5661     6.7335     2.2472    89.8803 1.0000e-12  -74.23658 -112.33312  32.146448      99.84 1.1254e+03    431.082      10347  1027.9446  1027.9450     4.2638     0.4042     0.1354    33.9566    33.9571    8.41420         30 0.0000e+00
    129.000    127.624    -1.5807  26.996710    -1.5809  26.996483     6.5466     6.7170     2.1122    89.8204 1.0000e-12  -74.23658 -112.33312  32.146466      99.84 1.1237e+03    432.676      10385  1027.9501  1027.9500     4.2611     0.4274     0.1287    33.9578    33.9577    8.41440         38 0.0000e+00
    130.000    128.613    -1.5784  26.999721    -1.5787  26.999566     6.5159     6.6898     2.0435    89.5190 1.0000e-12  -74.23658 -112.33312  32.146484      99.87 1.1261e+03    434.180      10421  1027.9552  1027.9553     4.2471     0.3057     0.1321    33.9588    33.9588    8.41383         28 0.0000e+00
    131.000    129.603    -1.5717  27.006982    -1.5717  27.006956     6.4745     6.6519     1.5656    90.6848 1.0000e-12  -74.23658 -112.33312  32.146496      99.86 1.1280e+03    435.232      10447  1027.9610  1027.9609     4.3017     0.2972     0.1247    33.9605    33.9605    8.41220         22 0.0000e+00
    132.000    130.592    -1.5606  27.017529    -1.5615  27.016747     6.4501     6.6244     1.4086    90.5649 1.0000e-12  -74.23658 -112.33312  32.146506      99.86 1.1264e+03    436.098      10467  1027.9661  1027.9661     4.2964     0.3346     0.1271    33.9619    33.9618    8.40962         21 0.0000e+00
    133.000    131.581    -1.5393  27.036790    -1.5402  27.035130     6.4258     6.5997     1.8412    90.4996 1.0000e-12  -74.23658 -112.33312  32.146518      99.86 1.1245e+03    437.124      10492  1027.9709  1027.9699     4.2933     0.2651     0.1239    33.9635    33.9623    8.40468         30 0.0000e+00
    134.000    132.570    -1.5240  27.050417    -1.5229  27.050420     6.4174     6.5850     1.7072    91.0436 1.0000e-12  -74.23658 -112.33312  32.146536      98.62 1.1247e+03    438.680      10529  1027.9754  1027.9744     4.3191     0.2640     0.1276    33.9643    33.9631    8.40117         39 0.0000e+00
    135.000    133.559    -1.5222  27.052703    -1.5222  27.052604     6.4180     6.5858     1.4767    91.6563 1.0000e-12  -74.23658 -112.33312  32.146553      96.98 1.1264e+03    440.175      10565  1027.9807  1027.9806     4.3482     0.2589     0.1269    33.9648    33.9647    8.40075         28 0.0000e+00
    136.000    134.547    -1.5223  27.053347    -1.5228  27.052928     6.4210     6.5963     1.3954    90.6965 1.0000e-12  -74.23658 -112.33312  32.146565      99.86 1.1268e+03    441.245      10591  1027.9859  1027.9859     4.3026     0.2289     0.1238    33.9652    33.9652    8.40074         23 0.0000e+00
    137.000    135.537    -1.5243  27.052770    -1.5267  27.051042     6.4436     6.6017     1.1911    91.3158 1.0000e-12  -74.23658 -112.33312  32.146577      99.87 1.1276e+03    442.214      10614  1027.9915  1027.9920     4.3320     0.2164     0.1283    33.9660    33.9664    8.40114         24 0.0000e+00
    138.000    136.525    -1.5401  27.040680    -1.5406  27.040429     6.4730     6.6156     1.7173    91.3566 1.0000e-12  -74.23658 -112.33312  32.146590      99.87 1.1261e+03    443.355      10642  1027.9980  1027.9981     4.3341     0.2529     0.1233    33.9668    33.9669    8.40469         30 0.0000e+00
    139.000    137.515    -1.5489  27.033954    -1.5470  27.035817     6.4970     6.6392     2.1829    91.5562 1.0000e-12  -74.23658 -112.33312  32.146604      99.87 1.1243e+03    444.571      10671  1028.0033  1028.0036     4.3433     0.2470     0.1243    33.9668    33.9673    8.40666         30 0.0000e+00
    140.000    138.504    -1.5591  27.025986    -1.5578  27.027414     6.5165     6.6592     1.4979    91.5242 1.0000e-12  -74.23658 -112.33312  32.146619      99.87 1.1236e+03    445.908      10703  1028.0086  1028.0090     4.3419     0.1900     0.1272    33.9668    33.9673    8.40897         33 0.0000e+00
    141.000    139.493    -1.5768  27.011385    -1.5773  27.011216     6.5258     6.6751     1.1407    91.7281 1.0000e-12  -74.23658 -112.33312  32.146635      99.87 1.1271e+03    447.306      10736  1028.0139  1028.0142     4.3516     0.2157     0.1215    33.9662    33.9664    8.41303         33 0.0000e+00
    142.000    140.482    -1.5793  27.010180    -1.5793  27.010229     6.4856     6.6454     1.0514    91.8513 1.0000e-12  -74.23658 -112.33312  32.146651      99.87 1.1277e+03    448.617      10768  1028.0191  1028.0191     4.3574     0.2024     0.1205    33.9666    33.9667    8.41355         30 0.0000e+00
    143.000    141.469    -1.5663  27.023048    -1.5663  27.022122     6.4302     6.5992     1.4871    91.5673 1.0000e-12  -74.23658 -112.33312  32.146665      99.86 1.1240e+03    449.848      10797  1028.0249  1028.0239     4.3439     0.2771     0.1211    33.9690    33.9678    8.41047         30 0.0000e+00
    144.000    142.461    -1.5371  27.049038    -1.5354  27.049696     6.3663     6.5449     0.9478    91.5362 1.0000e-12  -74.23658 -112.33312  32.146680      99.70 1.1217e+03    451.138      10828  1028.0295  1028.0286     4.3425     0.2633     0.1248    33.9710    33.9701    8.40374         32 0.0000e+00
    145.000    143.449    -1.5119  27.072126    -1.5126  27.070462     6.3324     6.5003     0.8725    91.5449 1.0000e-12  -74.23658 -112.33312  32.146696      92.30 1.1256e+03    452.566      10863  1028.0350  1028.0338     4.3429     0.2063     0.1214    33.9737    33.9722    8.39790         34 0.0000e+00
    146.000    144.438    -1.5013  27.082963    -1.5011  27.082766     6.3210     6.4826     0.6042    91.6853 1.0000e-12  -74.23658 -112.33312  32.146714      99.83 1.1286e+03    454.046      10898  1028.0412  1028.0407     4.3495     0.1902     0.1230    33.9759    33.9754    8.39536         33 0.0000e+00
    147.000    145.426    -1.5005  27.084798    -1.5003  27.084569     6.3204     6.4835     0.7842    92.0978 1.0000e-12  -74.23658 -112.33313  32.146730      99.87 1.1260e+03    455.500      10933  1028.0470  1028.0465     4.3691     0.2422     0.1269    33.9769    33.9764    8.39512         35 0.0000e+00
    148.000    146.416    -1.4952  27.090657    -1.4952  27.090356     6.3282     6.4849     1.0342    92.1037 1.0000e-12  -74.23658 -112.33313  32.146746      99.87 1.1245e+03    456.868      10966  1028.0528  1028.0525     4.3693     0.2025     0.1258    33.9784    33.9779    8.39385         31 0.0000e+00
    149.000    147.404    -1.4934  27.093339    -1.4932  27.093143     6.3500     6.4938     0.7313    91.9008 1.0000e-12  -74.23658 -112.33314  32.146761      99.87 1.1253e+03    458.158      10997  1028.0584  1028.0580     4.3598     0.1910     0.1226    33.9793    33.9788    8.39337         31 0.0000e+00
    150.000    148.393    -1.4925  27.095062    -1.4923  27.094878     6.3575     6.5048     0.3631    91.5245 1.0000e-12  -74.23658 -112.33313  32.146777      99.88 1.1274e+03    459.492      11029  1028.0640  1028.0636     4.3419     0.1485     0.1222    33.9802    33.9797    8.39313         33 0.0000e+00
    151.000    149.384    -1.4907  27.097672    -1.4906  27.097436     6.3530     6.5074     0.4909    92.1998 1.0000e-12  -74.23658 -112.33313  32.146793      99.88 1.1265e+03    460.887      11062  1028.0695  1028.0692     4.3739     0.1794     0.1224    33.9810    33.9806    8.39266         33 0.0000e+00
    152.000    150.370    -1.4901  27.098776    -1.4900  27.098565     6.3474     6.5019     1.2896    92.0775 1.0000e-12  -74.23658 -112.33313  32.146808      99.87 1.1250e+03    462.244      11095  1028.0746  1028.0742     4.3681     0.1724     0.1214    33.9813    33.9808    8.39253         34 0.0000e+00
    153.000    151.360    -1.4896  27.099690    -1.4894  27.099477     6.3381     6.4946     1.0546    92.3685 1.0000e-12  -74.23658 -112.33313  32.146825      99.87 1.1257e+03    463.661      11129  1028.0795  1028.0791     4.3819     0.1495     0.1274    33.9813    33.9808    8.39240         33 0.0000e+00
    154.000    152.350    -1.4888  27.100961    -1.4887  27.100737     6.3395     6.4856     0.4458    92.1562 1.0000e-12  -74.23658 -112.33313  32.146841      97.51 1.1260e+03    465.036      11162  1028.0845  1028.0841     4.3719     0.1569     0.1223    33.9815    33.9811    8.39221         31 0.0000e+00
    155.000    153.336    -1.4841  27.106413    -1.4809  27.109104     6.3320     6.4843     0.5432    92.3676 1.0000e-12  -74.23658 -112.33312  32.146855      98.44 1.1245e+03    466.246      11191  1028.0903  1028.0902     4.3819     0.1340     0.1228    33.9831    33.9831    8.39106         29 0.0000e+00
    156.000    154.326    -1.4802  27.111860    -1.4785  27.112367     6.3327     6.4787     0.4998    92.5291 1.0000e-12  -74.23658 -112.33312  32.146869      99.85 1.1247e+03    467.476      11220  1028.0969  1028.0959     4.3896     0.1347     0.1217    33.9855    33.9843    8.39003         31 0.0000e+00
    157.000    155.317    -1.4842  27.108766    -1.4840  27.109017     6.3420     6.4907     0.5715    92.5124 1.0000e-12  -74.23658 -112.33312  32.146887      99.89 1.1254e+03    468.997      11257  1028.1018  1028.1019     4.3887     0.1115     0.1202    33.9852    33.9853    8.39096         38 0.0000e+00
