ocean_section_plots/required_files/ctd/dnbp2202_ctd151.cnv
* Sea-Bird SBE 9 Data File:
* FileName = D:\Data\raw\NBP2202_CTD151.hex
* Software Version Seasave V 7.26.7.121
* Temperature SN = 1649
* Conductivity SN = 2513
* Number of Bytes Per Scan = 40
* Number of Voltage Words = 5
* Number of Scans Averaged by the Deck Unit = 1
* NMEA Latitude = 74 06.59 S
* NMEA Longitude = 113 19.34 W
* NMEA UTC (Time) = Jan 31 2022  11:49:46
* NMEA baud rate = 9600
** Ship: RVIB N.B. Palmer
** Cruise: NBP2202 Thwaites
** Station: Yo-Yo 002
** Operator: B. Bjork
# nquan = 28
# nvalues = 414                         
# units = specified
# name 0 = prDM: Pressure, Digiquartz [db]
# name 1 = depSM: Depth [salt water, m]
# name 2 = t090C: Temperature [ITS-90, deg C]
# name 3 = c0mS/cm: Conductivity [mS/cm]
# name 4 = t190C: Temperature, 2 [ITS-90, deg C]
# name 5 = c1mS/cm: Conductivity, 2 [mS/cm]
# name 6 = sbeox0ML/L: Oxygen, SBE 43 [ml/l]
# name 7 = sbeox1ML/L: Oxygen, SBE 43, 2 [ml/l]
# name 8 = flECO-AFL: Fluorescence, WET Labs ECO-AFL/FL [mg/m^3]
# name 9 = CStarTr0: Beam Transmission, WET Labs C-Star [%]
# name 10 = par: PAR/Irradiance, Biospherical/Licor
# name 11 = latitude: Latitude [deg]
# name 12 = longitude: Longitude [deg]
# name 13 = timeJ: Julian Days
# name 14 = altM: Altimeter [m]
# name 15 = spar: SPAR, Biospherical/Licor
# name 16 = timeS: Time, Elapsed [seconds]
# name 17 = scan: Scan Count
# name 18 = density00: Density [density, kg/m^3]
# name 19 = density11: Density, 2 [density, kg/m^3]
# name 20 = v3: Voltage 3
# name 21 = v4: Voltage 4
# name 22 = v5: Voltage 5
# name 23 = sal00: Salinity, Practical [PSU]
# name 24 = sal11: Salinity, Practical, 2 [PSU]
# name 25 = oxsolML/L: Oxygen Saturation, Garcia & Gordon [ml/l]
# name 26 = nbin: number of scans per bin
# name 27 = flag: flag
# span 0 =     10.000,    423.000       
# span 1 =      9.896,    418.210       
# span 2 =    -1.4590,    -0.1959       
# span 3 =  27.022917,  28.519725       
# span 4 =    -1.4590,    -0.1940       
# span 5 =  27.023858,  28.519374       
# span 6 =     4.7794,     7.9990       
# span 7 =     4.8666,     8.2006       
# span 8 =    -0.0220,    23.4049       
# span 9 =    70.7108,    93.6503       
# span 10 = -1.753e-04, 4.2324e+00      
# span 11 =  -74.10992,  -74.10989      
# span 12 = -113.32236, -113.32231      
# span 13 =  31.493216,  31.500275      
# span 14 =       4.74,     100.06      
# span 15 = 1.0206e+03, 1.0745e+03      
# span 16 =     27.866,    637.710      
# span 17 =        670,      15306      
# span 18 =  1027.2370,  1029.5442      
# span 19 =  1027.2354,  1029.5422      
# span 20 =     3.3551,     4.4427      
# span 21 =     0.0635,     3.6986      
# span 22 =     0.1218,     0.2409      
# span 23 =    33.8038,    34.2783      
# span 24 =    33.8020,    34.2763      
# span 25 =    8.09212,    8.39202      
# span 26 =          2,         52      
# span 27 = 0.0000e+00, 0.0000e+00      
# interval = decibars: 1                
# start_time = Jan 31 2022 11:49:46 [NMEA time, header]
# bad_flag = -9.990e-29
*END*
[from data line 156]
    166.000    164.215    -1.0103  27.535605    -1.0096  27.533374     5.2431     5.3785    -0.0220    93.6103 1.0000e-12  -74.10991 -113.32234  31.496168      99.86 1.0467e+03    282.877       6790  1028.1567  1028.1535     4.4408     0.0695     0.1270    34.0270    34.0231    8.28277         28 0.0000e+00
    167.000    165.205    -1.0019  27.543234    -0.9984  27.544414     5.2272     5.3490    -0.0157    93.6009 1.0000e-12  -74.10991 -113.32234  31.496181      99.85 1.0487e+03    284.018       6817  1028.1617  1028.1597     4.4404     0.0706     0.1267    34.0272    34.0249    8.28090         27 0.0000e+00
    168.000    166.195    -0.9902  27.554926    -0.9886  27.553603     5.2069     5.3356    -0.0207    93.5700 1.0000e-12  -74.10992 -113.32234  31.496193      99.86 1.0503e+03    285.105       6844  1028.1679  1028.1650     4.4389     0.0715     0.1268    34.0293    34.0257    8.27821         26 0.0000e+00
    169.000    167.183    -0.9645  27.578224    -0.9640  27.576408     5.1942     5.3205    -0.0089    93.5583 1.0000e-12  -74.10990 -113.32232  31.496206      99.86 1.0497e+03    286.215       6870  1028.1731  1028.1706     4.4383     0.0699     0.1263    34.0314    34.0283    8.27243         28 0.0000e+00
    170.000    168.172    -0.9608  27.581727    -0.9595  27.580838     5.1896     5.3109    -0.0129    93.5494 1.0000e-12  -74.10992 -113.32234  31.496220      99.46 1.0478e+03    287.400       6899  1028.1781  1028.1759     4.4379     0.0698     0.1272    34.0313    34.0286    8.27161         29 0.0000e+00
    171.000    169.160    -0.9536  27.588792    -0.9516  27.588459     5.1846     5.3041    -0.0124    93.5513 1.0000e-12  -74.10991 -113.32233  31.496234      99.79 1.0480e+03    288.654       6929  1028.1837  1028.1814     4.4380     0.0702     0.1287    34.0322    34.0294    8.26999         30 0.0000e+00
    172.000    170.150    -0.9509  27.591642    -0.9493  27.591049     5.1846     5.3098    -0.0188    93.5367 1.0000e-12  -74.10992 -113.32234  31.496249      99.86 1.0504e+03    289.877       6958  1028.1889  1028.1867     4.4373     0.0676     0.1272    34.0324    34.0297    8.26938         28 0.0000e+00
    173.000    171.138    -0.9488  27.593805    -0.9476  27.592940     5.1858     5.3051    -0.0063    93.5083 1.0000e-12  -74.10992 -113.32234  31.496262      99.86 1.0508e+03    291.009       6985  1028.1939  1028.1918     4.4360     0.0759     0.1276    34.0323    34.0298    8.26892         27 0.0000e+00
    174.000    172.127    -0.9505  27.592417    -0.9486  27.592273     5.1840     5.3033    -0.0026    93.5229 1.0000e-12  -74.10992 -113.32234  31.496275      99.86 1.0524e+03    292.128       7012  1028.1986  1028.1966     4.4367     0.0691     0.1283    34.0318    34.0294    8.26933         27 0.0000e+00
    175.000    173.116    -0.9470  27.596138    -0.9458  27.595243     5.1813     5.3002    -0.0064    93.5271 1.0000e-12  -74.10992 -113.32234  31.496288      99.86 1.0530e+03    293.293       7040  1028.2038  1028.2017     4.4369     0.0704     0.1273    34.0323    34.0297    8.26853         29 0.0000e+00
    176.000    174.105    -0.9461  27.597427    -0.9436  27.597774     5.1872     5.2958    -0.0115    93.4916 1.0000e-12  -74.10992 -113.32234  31.496302      99.86 1.0525e+03    294.498       7069  1028.2089  1028.2069     4.4352     0.0704     0.1287    34.0324    34.0300    8.26832         29 0.0000e+00
    177.000    175.093    -0.9428  27.601267    -0.9406  27.601169     5.1837     5.2894    -0.0148    93.5059 1.0000e-12  -74.10991 -113.32233  31.496316      99.86 1.0507e+03    295.723       7098  1028.2144  1028.2122     4.4359     0.0703     0.1298    34.0332    34.0307    8.26754         29 0.0000e+00
    178.000    176.082    -0.9432  27.601906    -0.9412  27.601822     5.1791     5.2816    -0.0063    93.4936 1.0000e-12  -74.10990 -113.32232  31.496330      99.86 1.0513e+03    296.907       7127  1028.2199  1028.2179     4.4353     0.0719     0.1276    34.0339    34.0315    8.26759         28 0.0000e+00
    179.000    177.072    -0.9370  27.608381    -0.9344  27.608578     5.1694     5.2822    -0.0207    93.4898 1.0000e-12  -74.10990 -113.32232  31.496343      99.86 1.0516e+03    298.022       7154  1028.2254  1028.2231     4.4351     0.0705     0.1285    34.0351    34.0324    8.26616         26 0.0000e+00
    180.000    178.060    -0.9328  27.612398    -0.9314  27.611798     5.1681     5.2826    -0.0008    93.4760 1.0000e-12  -74.10990 -113.32234  31.496355      99.85 1.0528e+03    299.096       7179  1028.2301  1028.2282     4.4345     0.0694     0.1289    34.0352    34.0328    8.26523         26 0.0000e+00
    181.000    179.048    -0.9327  27.613009    -0.9322  27.611531     5.1707     5.2753    -0.0063    93.4799 1.0000e-12  -74.10990 -113.32232  31.496368      93.52 1.0522e+03    300.184       7205  1028.2351  1028.2330     4.4347     0.0697     0.1310    34.0353    34.0327    8.26520         26 0.0000e+00
    182.000    180.038    -0.9339  27.612418    -0.9318  27.612171     5.1641     5.2685    -0.0132    93.4197 1.0000e-12  -74.10990 -113.32234  31.496381      99.97 1.0507e+03    301.325       7233  1028.2400  1028.2378     4.4318     0.0699     0.1295    34.0352    34.0326    8.26546         27 0.0000e+00
    183.000    181.026    -0.9310  27.615294    -0.9285  27.615501     5.1706     5.2730    -0.0062    93.4725 1.0000e-12  -74.10990 -113.32232  31.496395      99.86 1.0510e+03    302.532       7262  1028.2448  1028.2426     4.4343     0.0689     0.1293    34.0353    34.0327    8.26484         29 0.0000e+00
    184.000    182.015    -0.9300  27.616551    -0.9291  27.615647     5.1744     5.2823    -0.0067    93.4684 1.0000e-12  -74.10990 -113.32232  31.496409      99.86 1.0519e+03    303.754       7291  1028.2496  1028.2477     4.4341     0.0705     0.1297    34.0352    34.0329    8.26462         29 0.0000e+00
    185.000    183.005    -0.9343  27.613518    -0.9327  27.613080     5.1717     5.2782    -0.0139    93.4680 1.0000e-12  -74.10990 -113.32232  31.496422      99.86 1.0512e+03    304.896       7319  1028.2549  1028.2528     4.4341     0.0692     0.1291    34.0354    34.0330    8.26556         26 0.0000e+00
    186.000    183.992    -0.9305  27.617372    -0.9284  27.617371     5.1717     5.2700    -0.0153    93.4359 1.0000e-12  -74.10990 -113.32232  31.496434      99.86 1.0506e+03    305.936       7343  1028.2597  1028.2577     4.4326     0.0695     0.1314    34.0357    34.0333    8.26470         24 0.0000e+00
    187.000    184.981    -0.9288  27.619355    -0.9278  27.618555     5.1813     5.2831    -0.0216    93.4203 1.0000e-12  -74.10990 -113.32232  31.496447      99.86 1.0528e+03    306.987       7369  1028.2645  1028.2626     4.4318     0.0708     0.1305    34.0358    34.0336    8.26432         26 0.0000e+00
    188.000    185.970    -0.9327  27.616260    -0.9316  27.615566     5.1869     5.2850    -0.0177    93.4525 1.0000e-12  -74.10990 -113.32232  31.496460      99.86 1.0514e+03    308.143       7396  1028.2693  1028.2675     4.4333     0.0688     0.1322    34.0354    34.0332    8.26520         30 0.0000e+00
    189.000    186.959    -0.9430  27.607704    -0.9408  27.607944     5.1862     5.2952    -0.0084    93.4479 1.0000e-12  -74.10990 -113.32232  31.496475      99.86 1.0496e+03    309.441       7428  1028.2743  1028.2725     4.4331     0.0697     0.1301    34.0348    34.0327    8.26749         32 0.0000e+00
    190.000    187.947    -0.9420  27.608959    -0.9402  27.608811     5.1827     5.2953    -0.0143    93.4552 1.0000e-12  -74.10990 -113.32233  31.496490      99.87 1.0507e+03    310.735       7459  1028.2791  1028.2771     4.4335     0.0690     0.1285    34.0348    34.0326    8.26728         30 0.0000e+00
    191.000    188.937    -0.9416  27.610059    -0.9404  27.609229     5.1807     5.2921    -0.0141    93.4561 1.0000e-12  -74.10990 -113.32233  31.496503      99.86 1.0519e+03    311.868       7486  1028.2841  1028.2820     4.4335     0.0724     0.1291    34.0352    34.0327    8.26716         25 0.0000e+00
    192.000    189.926    -0.9384  27.613285    -0.9389  27.611127     5.1791     5.2852    -0.0094    93.4551 1.0000e-12  -74.10990 -113.32233  31.496515      99.86 1.0527e+03    312.918       7511  1028.2888  1028.2869     4.4335     0.0703     0.1285    34.0353    34.0329    8.26645         25 0.0000e+00
    193.000    190.914    -0.9369  27.615235    -0.9349  27.615066     5.1722     5.2853    -0.0146    93.4507 1.0000e-12  -74.10990 -113.32233  31.496528      93.22 1.0535e+03    314.044       7538  1028.2937  1028.2916     4.4333     0.0704     0.1289    34.0356    34.0332    8.26610         29 0.0000e+00
    194.000    191.903    -0.9337  27.618379    -0.9328  27.617369     5.1656     5.2817    -0.0167    93.4534 1.0000e-12  -74.10990 -113.32234  31.496543      99.84 1.0514e+03    315.288       7568  1028.2984  1028.2963     4.4334     0.0709     0.1289    34.0357    34.0333    8.26540         31 0.0000e+00
    195.000    192.891    -0.9308  27.621578    -0.9289  27.621456     5.1630     5.2717    -0.0195    93.4551 1.0000e-12  -74.10990 -113.32233  31.496557      99.85 1.0530e+03    316.513       7597  1028.3033  1028.3013     4.4335     0.0704     0.1289    34.0362    34.0338    8.26474         28 0.0000e+00
    196.000    193.880    -0.9296  27.623300    -0.9279  27.623001     5.1585     5.2724    -0.0081    93.4625 1.0000e-12  -74.10990 -113.32233  31.496571      99.86 1.0550e+03    317.700       7626  1028.3083  1028.3064     4.4338     0.0692     0.1293    34.0365    34.0342    8.26444         28 0.0000e+00
    197.000    194.869    -0.9270  27.626167    -0.9247  27.626416     5.1456     5.2580    -0.0127    93.4440 1.0000e-12  -74.10990 -113.32233  31.496584      99.86 1.0566e+03    318.863       7654  1028.3133  1028.3112     4.4329     0.0689     0.1290    34.0369    34.0346    8.26386         28 0.0000e+00
    198.000    195.857    -0.9146  27.638309    -0.9129  27.637442     5.1320     5.2423    -0.0056    93.4484 1.0000e-12  -74.10990 -113.32233  31.496597      99.86 1.0526e+03    319.992       7681  1028.3187  1028.3161     4.4332     0.0697     0.1283    34.0388    34.0357    8.26102         27 0.0000e+00
    199.000    196.847    -0.9074  27.645211    -0.9059  27.644635     5.1197     5.2317    -0.0213    93.4561 1.0000e-12  -74.10990 -113.32232  31.496610      99.86 1.0541e+03    321.104       7707  1028.3236  1028.3215     4.4335     0.0687     0.1294    34.0394    34.0370    8.25940         26 0.0000e+00
    200.000    197.834    -0.8985  27.653758    -0.8980  27.652332     5.1166     5.2271    -0.0063    93.4588 1.0000e-12  -74.10990 -113.32232  31.496623      99.87 1.0543e+03    322.234       7735  1028.3286  1028.3265     4.4337     0.0697     0.1296    34.0404    34.0378    8.25740         28 0.0000e+00
    201.000    198.824    -0.8957  27.656681    -0.8936  27.656556     5.1101     5.2262    -0.0186    93.4500 1.0000e-12  -74.10992 -113.32232  31.496637      99.85 1.0529e+03    323.430       7763  1028.3334  1028.3313     4.4332     0.0691     0.1280    34.0405    34.0380    8.25677         30 0.0000e+00
    202.000    199.813    -0.8932  27.659445    -0.8914  27.659138     5.1123     5.2282    -0.0080    93.4551 1.0000e-12  -74.10991 -113.32232  31.496651      91.82 1.0541e+03    324.660       7793  1028.3384  1028.3363     4.4335     0.0695     0.1300    34.0409    34.0384    8.25621         29 0.0000e+00
    203.000    200.801    -0.8928  27.660449    -0.8905  27.660629     5.1141     5.2245    -0.0155    93.4447 1.0000e-12  -74.10991 -113.32232  31.496665      79.63 1.0548e+03    325.823       7821  1028.3435  1028.3415     4.4330     0.0693     0.1314    34.0412    34.0388    8.25611         27 0.0000e+00
    204.000    201.789    -0.8917  27.661850    -0.8904  27.661208     5.1217     5.2314    -0.0016    93.4540 1.0000e-12  -74.10991 -113.32232  31.496677      96.50 1.0520e+03    326.928       7847  1028.3483  1028.3464     4.4335     0.0699     0.1307    34.0412    34.0389    8.25586         26 0.0000e+00
    205.000    202.778    -0.8925  27.661669    -0.8909  27.661258     5.1226     5.2345     0.0257    93.4399 1.0000e-12  -74.10992 -113.32232  31.496690      99.85 1.0518e+03    328.041       7874  1028.3533  1028.3513     4.4327     0.0700     0.1304    34.0413    34.0388    8.25604         27 0.0000e+00
    206.000    203.768    -0.8928  27.661859    -0.8916  27.661165     5.1250     5.2288    -0.0156    93.4367 1.0000e-12  -74.10992 -113.32232  31.496704      99.87 1.0521e+03    329.190       7902  1028.3581  1028.3562     4.4326     0.0703     0.1311    34.0411    34.0389    8.25609         28 0.0000e+00
    207.000    204.756    -0.8966  27.658986    -0.8955  27.658295     5.1283     5.2346    -0.0103    93.4471 1.0000e-12  -74.10990 -113.32232  31.496717      99.86 1.0533e+03    330.375       7930  1028.3630  1028.3612     4.4331     0.0696     0.1307    34.0409    34.0388    8.25694         29 0.0000e+00
    208.000    205.744    -0.8969  27.659163    -0.8955  27.658722     5.1593     5.2670    -0.0105    93.4392 1.0000e-12  -74.10991 -113.32232  31.496731      99.86 1.0549e+03    331.576       7959  1028.3678  1028.3660     4.4327     0.0703     0.1307    34.0409    34.0388    8.25701         29 0.0000e+00
    209.000    206.732    -0.9050  27.652307    -0.9064  27.650257     5.1904     5.2966    -0.0170    93.4567 1.0000e-12  -74.10991 -113.32232  31.496745      99.86 1.0555e+03    332.751       7987  1028.3726  1028.3718     4.4336     0.0701     0.1302    34.0402    34.0390    8.25884         28 0.0000e+00
    210.000    207.722    -0.9366  27.626385    -0.9351  27.626159     5.2137     5.3099    -0.0145    93.4453 1.0000e-12  -74.10992 -113.32232  31.496758      99.86 1.0552e+03    333.887       8014  1028.3795  1028.3778     4.4330     0.0693     0.1289    34.0400    34.0380    8.26578         26 0.0000e+00
    211.000    208.711    -0.9404  27.623739    -0.9388  27.623469     5.2318     5.3261    -0.0134    93.4390 1.0000e-12  -74.10992 -113.32232  31.496771      99.86 1.0535e+03    334.995       8041  1028.3845  1028.3826     4.4327     0.0698     0.1296    34.0401    34.0379    8.26661         27 0.0000e+00
    212.000    209.699    -0.9485  27.617985    -0.9471  27.617832     5.2391     5.3415    -0.0179    93.4430 1.0000e-12  -74.10990 -113.32232  31.496784      99.86 1.0542e+03    336.167       8069  1028.3903  1028.3887     4.4329     0.0707     0.1313    34.0408    34.0390    8.26835         30 0.0000e+00
    213.000    210.687    -0.9513  27.617090    -0.9495  27.616816     5.2424     5.3462    -0.0148    93.4383 1.0000e-12  -74.10992 -113.32232  31.496799      99.86 1.0545e+03    337.404       8099  1028.3962  1028.3942     4.4327     0.0689     0.1304    34.0421    34.0398    8.26889         29 0.0000e+00
    214.000    211.676    -0.9516  27.617967    -0.9499  27.617874     5.2369     5.3445    -0.0205    93.4505 1.0000e-12  -74.10991 -113.32233  31.496812      78.84 1.0558e+03    338.594       8127  1028.4016  1028.3999     4.4333     0.0682     0.1288    34.0431    34.0411    8.26891         27 0.0000e+00
    215.000    212.665    -0.9468  27.624638    -0.9448  27.624336     5.2145     5.3324    -0.0139    93.4570 1.0000e-12  -74.10992 -113.32233  31.496825      97.44 1.0544e+03    339.708       8154  1028.4083  1028.4061     4.4336     0.0696     0.1289    34.0461    34.0434    8.26767         27 0.0000e+00
    216.000    213.654    -0.9356  27.635630    -0.9344  27.634689     5.1992     5.3158    -0.0139    93.4401 1.0000e-12  -74.10992 -113.32233  31.496838      99.81 1.0555e+03    340.815       8181  1028.4136  1028.4114     4.4327     0.0692     0.1293    34.0478    34.0451    8.26511         27 0.0000e+00
