ocean_section_plots/required_files/ctd/dnbp2202_ctd041.cnv
* Sea-Bird SBE 9 Data File:
* FileName = D:\Data\raw\NBP2202_CTD041.hex
* Software Version Seasave V 7.26.7.121
* Temperature SN = 1649
* Conductivity SN = 2513
* Number of Bytes Per Scan = 40
* Number of Voltage Words = 5
* Number of Scans Averaged by the Deck Unit = 1
* NMEA Latitude = 74 10.51 S
* NMEA Longitude = 113 20.68 W
* NMEA UTC (Time) = Jan 23 2022  01:38:49
* NMEA baud rate = 9600
** Ship: RVIB N.B. Palmer
** Cruise: NBP2202 Thwaites
** Station: 22
** Operator: A. Robinson
# nquan = 25
# nvalues = 616                         
# units = specified
# name 0 = prDM: Pressure, Digiquartz [db]
# name 1 = depSM: Depth [salt water, m]
# name 2 = t090C: Temperature [ITS-90, deg C]
# name 3 = c0mS/cm: Conductivity [mS/cm]
# name 4 = t190C: Temperature, 2 [ITS-90, deg C]
# name 5 = c1mS/cm: Conductivity, 2 [mS/cm]
# name 6 = sbeox0ML/L: Oxygen, SBE 43 [ml/l]
# name 7 = sbeox1ML/L: Oxygen, SBE 43, 2 [ml/l]
# name 8 = flECO-AFL: Fluorescence, WET Labs ECO-AFL/FL [mg/m^3]
# name 9 = CStarTr0: Beam Transmission, WET Labs C-Star [%]
# name 10 = par: PAR/Irradiance, Biospherical/Licor
# name 11 = latitude: Latitude [deg]
# name 12 = longitude: Longitude [deg]
# name 13 = timeJ: Julian Days
# name 14 = altM: Altimeter [m]
# name 15 = spar: SPAR, Biospherical/Licor
# name 16 = timeS: Time, Elapsed [seconds]
# name 17 = scan: Scan Count
# name 18 = density00: Density [density, kg/m^3]
# name 19 = density11: Density, 2 [density, kg/m^3]
# name 20 = sal00: Salinity, Practical [PSU]
# name 21 = sal11: Salinity, Practical, 2 [PSU]
# name 22 = oxsolML/L: Oxygen Saturation, Garcia & Gordon [ml/l]
# name 23 = nbin: number of scans per bin
# name 24 = flag: flag
# span 0 =      2.000,    617.000       
# span 1 =      1.992,    609.706       
# span 2 =    -1.3652,     0.0985       
# span 3 =  27.081472,  28.934441       
# span 4 =    -1.3642,     0.0998       
# span 5 =  27.080502,  28.933230       
# span 6 =     4.7289,     5.5318       
# span 7 =     4.9811,     5.8473       
# span 8 =    -0.0213,     0.1926       
# span 9 =    94.9386,    96.0657       
# span 10 = -4.091e-07, 8.1523e+02      
# span 11 =  -74.17530,  -74.17528      
# span 12 = -113.34492, -113.34486      
# span 13 =  23.071330,  23.083388      
# span 14 =       6.22,      99.78      
# span 15 = 1.5312e+03, 1.5782e+03      
# span 16 =    233.934,   1275.765      
# span 17 =       5615,      30619      
# span 18 =  1027.2684,  1030.5239      
# span 19 =  1027.2721,  1030.5214      
# span 20 =    33.8826,    34.3830      
# span 21 =    33.8830,    34.3800      
# span 22 =    8.02420,    8.37025      
# span 23 =         16,         74      
# span 24 = 0.0000e+00, 0.0000e+00      
# interval = decibars: 1                
# start_time = Jan 23 2022 01:38:49 [NMEA time, header]
# bad_flag = -9.990e-29
*END*
[from data line 174]
    176.000    174.104    -0.9487  27.597567    -0.9481  27.596945     5.2894     5.5905    -0.0197    95.9805 5.9938e-02  -74.17530 -113.34491  23.076200      97.57 1.5618e+03    654.695      15714  1028.2131  1028.2118    34.0354    34.0339    8.26870         29 0.0000e+00
    177.000    175.093    -0.9502  27.598421    -0.9496  27.597778     5.2938     5.5941    -0.0079    95.9941 5.5496e-02  -74.17530 -113.34491  23.076214      98.25 1.5615e+03    655.879      15742  1028.2198  1028.2185    34.0377    34.0361    8.26891         28 0.0000e+00
    178.000    176.082    -0.9495  27.600570    -0.9491  27.599490     5.2966     5.5963    -0.0118    95.9979 5.1479e-02  -74.17530 -113.34491  23.076227      99.61 1.5617e+03    657.051      15770  1028.2257  1028.2241    34.0392    34.0373    8.26866         28 0.0000e+00
    179.000    177.071    -0.9494  27.601640    -0.9485  27.601270     5.2962     5.6031    -0.0067    95.9930 4.7869e-02  -74.17530 -113.34492  23.076241      99.62 1.5607e+03    658.194      15798  1028.2311  1028.2297    34.0400    34.0384    8.26861         27 0.0000e+00
    180.000    178.059    -0.9495  27.602011    -0.9491  27.601158     5.2929     5.6035    -0.0038    95.9952 4.2743e-02  -74.17530 -113.34490  23.076254      99.62 1.5602e+03    659.353      15825  1028.2359  1028.2345    34.0400    34.0384    8.26863         28 0.0000e+00
    181.000    179.049    -0.9501  27.602021    -0.9490  27.601744     5.2907     5.5978    -0.0022    95.9906 3.8818e-02  -74.17530 -113.34491  23.076268      99.62 1.5602e+03    660.521      15854  1028.2407  1028.2393    34.0400    34.0384    8.26875         28 0.0000e+00
    182.000    180.037    -0.9491  27.603473    -0.9481  27.603108     5.2960     5.5954    -0.0072    96.0006 3.5169e-02  -74.17530 -113.34491  23.076281      99.63 1.5602e+03    661.667      15881  1028.2456  1028.2441    34.0402    34.0386    8.26852         27 0.0000e+00
    183.000    181.026    -0.9489  27.604175    -0.9480  27.603583     5.2961     5.6023    -0.0101    95.9766 3.1799e-02  -74.17530 -113.34491  23.076294      99.63 1.5602e+03    662.828      15909  1028.2504  1028.2489    34.0404    34.0386    8.26847         26 0.0000e+00
    184.000    182.015    -0.9470  27.606408    -0.9458  27.606109     5.2882     5.5927    -0.0148    95.9893 2.9376e-02  -74.17530 -113.34491  23.076308      99.62 1.5602e+03    664.003      15937  1028.2552  1028.2538    34.0406    34.0389    8.26803         29 0.0000e+00
    185.000    183.004    -0.9474  27.606215    -0.9471  27.605422     5.2896     5.5894    -0.0104    95.9786 2.5330e-02  -74.17530 -113.34490  23.076321      99.63 1.5602e+03    665.170      15965  1028.2597  1028.2585    34.0402    34.0388    8.26814         27 0.0000e+00
    186.000    183.991    -0.9469  27.607465    -0.9445  27.608308     5.2847     5.5943    -0.0120    95.9879 2.2294e-02  -74.17530 -113.34492  23.076335      99.62 1.5608e+03    666.319      15993  1028.2649  1028.2635    34.0407    34.0392    8.26800         28 0.0000e+00
    187.000    184.982    -0.9437  27.610737    -0.9418  27.611233     5.2724     5.5886    -0.0150    95.9796 1.9567e-02  -74.17530 -113.34491  23.076348      99.62 1.5610e+03    667.467      16020  1028.2697  1028.2684    34.0410    34.0395    8.26730         28 0.0000e+00
    188.000    185.969    -0.9406  27.614254    -0.9413  27.612179     5.2583     5.5735    -0.0150    95.9840 1.7242e-02  -74.17530 -113.34491  23.076361      98.26 1.5606e+03    668.621      16048  1028.2747  1028.2732    34.0416    34.0396    8.26657         28 0.0000e+00
    189.000    186.959    -0.9255  27.629231    -0.9293  27.623450     5.2564     5.5665    -0.0150    95.9381 1.3953e-02  -74.17530 -113.34490  23.076375      99.59 1.5601e+03    669.791      16076  1028.2806  1028.2780    34.0443    34.0407    8.26310         28 0.0000e+00
    190.000    187.948    -0.9266  27.628208    -0.9244  27.628924     5.2519     5.5577    -0.0150    94.9386 1.1486e-02  -74.17530 -113.34490  23.076388      99.62 1.5602e+03    670.951      16104  1028.2849  1028.2836    34.0435    34.0420    8.26338         28 0.0000e+00
    191.000    188.935    -0.9281  27.627326    -0.9253  27.628379     5.2347     5.5430    -0.0076    95.9067 8.2004e-03  -74.17530 -113.34490  23.076402      99.63 1.5602e+03    672.101      16131  1028.2898  1028.2882    34.0434    34.0417    8.26372         27 0.0000e+00
    192.000    189.923    -0.9129  27.642237    -0.9091  27.643934     5.2192     5.5353    -0.0069    95.9608 6.0076e-03  -74.17530 -113.34490  23.076415      99.62 1.5602e+03    673.258      16159  1028.2956  1028.2937    34.0459    34.0439    8.26024         28 0.0000e+00
    193.000    190.914    -0.9053  27.649951    -0.9015  27.651544     5.2164     5.5425    -0.0069    95.9865 3.9164e-03  -74.17530 -113.34490  23.076428      99.62 1.5602e+03    674.420      16187  1028.3009  1028.2990    34.0471    34.0450    8.25849         28 0.0000e+00
    194.000    191.902    -0.8987  27.656355    -0.9039  27.650576     5.2264     5.5331    -0.0131    95.9796 1.8840e-03  -74.17530 -113.34490  23.076442      99.62 1.5602e+03    675.591      16215  1028.3059  1028.3047    34.0478    34.0458    8.25701         28 0.0000e+00
    195.000    192.890    -0.9035  27.653390    -0.9084  27.647333     5.2119     5.5182    -0.0077    95.9458 1.9330e-04  -74.17530 -113.34490  23.076456      99.62 1.5602e+03    676.761      16243  1028.3118  1028.3099    34.0485    34.0458    8.25801         28 0.0000e+00
    196.000    193.879    -0.8916  27.665138    -0.8890  27.664926     5.1916     5.4926    -0.0123    95.9854 -4.091e-07  -74.17530 -113.34490  23.076469      99.62 1.5602e+03    677.919      16271  1028.3172  1028.3144    34.0504    34.0472    8.25529         27 0.0000e+00
    197.000    194.868    -0.8793  27.676484    -0.8772  27.676608     5.1814     5.4808    -0.0043    95.9869 1.0000e-12  -74.17530 -113.34490  23.076482      99.63 1.5602e+03    679.058      16298  1028.3220  1028.3201    34.0513    34.0491    8.25254         28 0.0000e+00
    198.000    195.857    -0.8645  27.690680    -0.8635  27.689863     5.1697     5.4742    -0.0069    95.9758 1.0000e-12  -74.17530 -113.34490  23.076495      99.63 1.5595e+03    680.208      16326  1028.3275  1028.3256    34.0533    34.0510    8.24919         27 0.0000e+00
    199.000    196.845    -0.8588  27.697356    -0.8581  27.696295     5.1694     5.4688    -0.0156    95.9599 1.0000e-12  -74.17530 -113.34490  23.076509      99.62 1.5586e+03    681.378      16354  1028.3337  1028.3318    34.0553    34.0530    8.24783         29 0.0000e+00
    200.000    197.833    -0.8505  27.705761    -0.8498  27.704702     5.1706     5.4715    -0.0104    95.9653 1.0000e-12  -74.17530 -113.34490  23.076522      99.62 1.5584e+03    682.540      16382  1028.3392  1028.3373    34.0567    34.0544    8.24593         27 0.0000e+00
    201.000    198.822    -0.8501  27.707065    -0.8484  27.706896     5.1812     5.4729    -0.0150    95.9583 1.0000e-12  -74.17530 -113.34490  23.076536      99.62 1.5592e+03    683.698      16410  1028.3447  1028.3429    34.0573    34.0553    8.24579         28 0.0000e+00
    202.000    199.812    -0.8479  27.710202    -0.8468  27.709567     5.2164     5.5025    -0.0150    95.9575 1.0000e-12  -74.17530 -113.34490  23.076549      99.62 1.5597e+03    684.870      16438  1028.3504  1028.3486    34.0585    34.0564    8.24524         28 0.0000e+00
    203.000    200.800    -0.8548  27.705532    -0.8532  27.705875     5.2603     5.5508    -0.0150    95.9556 1.0000e-12  -74.17530 -113.34490  23.076563      99.62 1.5596e+03    686.021      16466  1028.3565  1028.3553    34.0594    34.0580    8.24671         28 0.0000e+00
    204.000    201.790    -0.8769  27.688474    -0.8775  27.687409     5.3173     5.6110    -0.0168    95.9350 1.0000e-12  -74.17530 -113.34490  23.076576      99.62 1.5597e+03    687.153      16493  1028.3639  1028.3634    34.0606    34.0599    8.25148         27 0.0000e+00
    205.000    202.778    -0.9026  27.667079    -0.9022  27.667052     5.3405     5.6343    -0.0164    95.9400 1.0000e-12  -74.17530 -113.34490  23.076589      99.62 1.5596e+03    688.304      16520  1028.3701  1028.3697    34.0600    34.0595    8.25716         26 0.0000e+00
    206.000    203.766    -0.9201  27.653679    -0.9198  27.652787     5.2859     5.5849    -0.0016    95.9396 1.0000e-12  -74.17530 -113.34490  23.076603      99.62 1.5588e+03    689.488      16549  1028.3767  1028.3754    34.0609    34.0594    8.26093         29 0.0000e+00
    207.000    204.755    -0.8936  27.680774    -0.8893  27.681005     5.2373     5.5386    -0.0128    95.9376 1.0000e-12  -74.17530 -113.34490  23.076616      99.63 1.5587e+03    690.658      16577  1028.3844  1028.3805    34.0672    34.0626    8.25476         27 0.0000e+00
    208.000    205.745    -0.8456  27.723773    -0.8458  27.721675     5.2132     5.5207    -0.0080    95.9556 1.0000e-12  -74.17530 -113.34490  23.076630      99.62 1.5582e+03    691.812      16604  1028.3886  1028.3865    34.0707    34.0680    8.24404         28 0.0000e+00
    209.000    206.732    -0.8394  27.729732    -0.8394  27.728253     5.2020     5.5071    -0.0077    95.9615 1.0000e-12  -74.17530 -113.34490  23.076643      99.62 1.5584e+03    692.969      16632  1028.3935  1028.3919    34.0711    34.0691    8.24265         27 0.0000e+00
    210.000    207.720    -0.8406  27.729228    -0.8403  27.727942     5.1886     5.4963    -0.0077    95.9714 1.0000e-12  -74.17530 -113.34490  23.076656      96.65 1.5584e+03    694.118      16660  1028.3985  1028.3969    34.0712    34.0691    8.24291         28 0.0000e+00
    211.000    208.710    -0.8305  27.738907    -0.8292  27.738120     5.1836     5.4923    -0.0077    95.9815 1.0000e-12  -74.17530 -113.34490  23.076670      94.33 1.5584e+03    695.283      16688  1028.4036  1028.4015    34.0722    34.0698    8.24063         28 0.0000e+00
    212.000    209.699    -0.8275  27.742099    -0.8259  27.741829     5.1668     5.4817    -0.0082    95.9839 1.0000e-12  -74.17530 -113.34490  23.076684      99.60 1.5584e+03    696.454      16716  1028.4086  1028.4067    34.0726    34.0704    8.23996         29 0.0000e+00
    213.000    210.686    -0.8213  27.748286    -0.8200  27.747644     5.1254     5.4364    -0.0122    95.9505 1.0000e-12  -74.17530 -113.34490  23.076697      99.63 1.5589e+03    697.609      16744  1028.4137  1028.4117    34.0734    34.0710    8.23856         27 0.0000e+00
    214.000    211.676    -0.8004  27.768848    -0.8008  27.765207     5.1004     5.4054    -0.0091    95.9652 1.0000e-12  -74.17530 -113.34490  23.076710      99.62 1.5599e+03    698.744      16771  1028.4200  1028.4164    34.0770    34.0725    8.23378         27 0.0000e+00
    215.000    212.663    -0.7671  27.798237    -0.7662  27.796997     5.0853     5.3871    -0.0098    95.9694 1.0000e-12  -74.17530 -113.34490  23.076723      99.62 1.5587e+03    699.896      16798  1028.4238  1028.4217    34.0786    34.0760    8.22642         28 0.0000e+00
    216.000    213.653    -0.7682  27.797509    -0.7666  27.797468     5.0806     5.3768    -0.0047    95.9604 1.0000e-12  -74.17530 -113.34489  23.076737      99.63 1.5595e+03    701.042      16826  1028.4288  1028.4271    34.0783    34.0764    8.22669         28 0.0000e+00
    217.000    214.641    -0.7601  27.805867    -0.7583  27.805414     5.0669     5.3670    -0.0138    95.9485 1.0000e-12  -74.17530 -113.34488  23.076750      99.62 1.5599e+03    702.207      16854  1028.4345  1028.4322    34.0799    34.0772    8.22483         28 0.0000e+00
    218.000    215.631    -0.7522  27.813556    -0.7499  27.813743     5.0682     5.3654    -0.0150    95.9615 1.0000e-12  -74.17530 -113.34488  23.076764      99.63 1.5598e+03    703.375      16882  1028.4396  1028.4375    34.0807    34.0783    8.22306         27 0.0000e+00
    219.000    216.618    -0.7399  27.826541    -0.7385  27.825651     5.0690     5.3626    -0.0142    95.9351 1.0000e-12  -74.17530 -113.34488  23.076777      99.62 1.5599e+03    704.533      16910  1028.4462  1028.4439    34.0837    34.0810    8.22020         28 0.0000e+00
    220.000    217.607    -0.7342  27.833106    -0.7330  27.832339     5.0747     5.3662    -0.0093    95.9164 1.0000e-12  -74.17530 -113.34488  23.076790      99.63 1.5603e+03    705.678      16937  1028.4522  1028.4503    34.0856    34.0832    8.21885         27 0.0000e+00
    221.000    218.596    -0.7337  27.834096    -0.7326  27.833380     5.0769     5.3664    -0.0107    95.9235 1.0000e-12  -74.17530 -113.34488  23.076804      99.62 1.5587e+03    706.828      16965  1028.4574  1028.4556    34.0858    34.0836    8.21874         29 0.0000e+00
    222.000    219.584    -0.7341  27.834461    -0.7328  27.833798     5.0740     5.3600    -0.0136    95.9035 1.0000e-12  -74.17530 -113.34488  23.076817      99.29 1.5581e+03    707.986      16993  1028.4627  1028.4607    34.0861    34.0838    8.21880         27 0.0000e+00
    223.000    220.574    -0.7326  27.835936    -0.7316  27.835179     5.0715     5.3588    -0.0198    95.9106 1.0000e-12  -74.17530 -113.34488  23.076830      99.66 1.5584e+03    709.151      17021  1028.4673  1028.4654    34.0858    34.0836    8.21850         28 0.0000e+00
    224.000    221.560    -0.7322  27.836779    -0.7311  27.835971     5.0702     5.3614    -0.0086    95.9069 1.0000e-12  -74.17530 -113.34488  23.076844      99.63 1.5601e+03    710.306      17048  1028.4721  1028.4703    34.0858    34.0836    8.21839         28 0.0000e+00
    225.000    222.551    -0.7328  27.836725    -0.7319  27.835992     5.0781     5.3684    -0.0060    95.8849 1.0000e-12  -74.17530 -113.34488  23.076857      99.62 1.5591e+03    711.472      17076  1028.4771  1028.4754    34.0858    34.0838    8.21852         27 0.0000e+00
    226.000    223.539    -0.7351  27.835244    -0.7335  27.835015     5.0774     5.3721    -0.0133    95.8523 1.0000e-12  -74.17530 -113.34488  23.076871      99.63 1.5593e+03    712.632      17104  1028.4822  1028.4803    34.0859    34.0837    8.21904         29 0.0000e+00
    227.000    224.527    -0.7385  27.833044    -0.7375  27.832141     5.0720     5.3607    -0.0050    95.8356 1.0000e-12  -74.17530 -113.34488  23.076884      99.62 1.5601e+03    713.792      17132  1028.4875  1028.4856    34.0861    34.0838    8.21976         27 0.0000e+00
    228.000    225.516    -0.7343  27.837475    -0.7308  27.838602     5.0562     5.3542    -0.0128    95.8798 1.0000e-12  -74.17530 -113.34488  23.076897      99.62 1.5591e+03    714.927      17159  1028.4924  1028.4903    34.0867    34.0843    8.21880         28 0.0000e+00
    229.000    226.504    -0.7240  27.846953    -0.7215  27.847268     5.0588     5.3512    -0.0137    95.8865 1.0000e-12  -74.17530 -113.34488  23.076911      99.63 1.5600e+03    716.077      17187  1028.4970  1028.4950    34.0873    34.0849    8.21653         28 0.0000e+00
    230.000    227.493    -0.7257  27.845487    -0.7246  27.844857     5.0611     5.3472    -0.0134    95.8721 1.0000e-12  -74.17530 -113.34488  23.076924      99.62 1.5600e+03    717.257      17215  1028.5015  1028.4997    34.0867    34.0845    8.21695         28 0.0000e+00
    231.000    228.481    -0.7234  27.848200    -0.7228  27.846897     5.0514     5.3421    -0.0122    95.8828 1.0000e-12  -74.17530 -113.34488  23.076938      99.62 1.5584e+03    718.421      17243  1028.5065  1028.5045    34.0870    34.0846    8.21641         28 0.0000e+00
    232.000    229.471    -0.7221  27.850083    -0.7208  27.849308     5.0428     5.3322    -0.0086    95.8804 1.0000e-12  -74.17530 -113.34488  23.076951      99.63 1.5598e+03    719.562      17270  1028.5116  1028.5096    34.0876    34.0851    8.21610         27 0.0000e+00
