ocean_section_plots/required_files/ctd/dnbp2202_ctd287.cnv
* Sea-Bird SBE 9 Data File:
* FileName = D:\Data\raw\NBP2202_CTD287.hex
* Software Version Seasave V 7.26.7.121
* Temperature SN = 1649
* Conductivity SN = 2513
* Number of Bytes Per Scan = 40
* Number of Voltage Words = 5
* Number of Scans Averaged by the Deck Unit = 1
* NMEA Latitude = 74 08.15 S
* NMEA Longitude = 115 10.57 W
* NMEA UTC (Time) = Feb 22 2022  13:44:52
* NMEA baud rate = 9600
** Ship: RVIB N.B. Palmer
** Cruise: NBP2202 Thwaites
** Station: 189
** Operator: B. Bjork
# nquan = 28
# nvalues = 680                         
# units = specified
# name 0 = prDM: Pressure, Digiquartz [db]
# name 1 = depSM: Depth [salt water, m]
# name 2 = t090C: Temperature [ITS-90, deg C]
# name 3 = c0mS/cm: Conductivity [mS/cm]
# name 4 = t190C: Temperature, 2 [ITS-90, deg C]
# name 5 = c1mS/cm: Conductivity, 2 [mS/cm]
# name 6 = sbeox0ML/L: Oxygen, SBE 43 [ml/l]
# name 7 = sbeox1ML/L: Oxygen, SBE 43, 2 [ml/l]
# name 8 = flECO-AFL: Fluorescence, WET Labs ECO-AFL/FL [mg/m^3]
# name 9 = CStarTr0: Beam Transmission, WET Labs C-Star [%]
# name 10 = par: PAR/Irradiance, Biospherical/Licor
# name 11 = latitude: Latitude [deg]
# name 12 = longitude: Longitude [deg]
# name 13 = timeJ: Julian Days
# name 14 = altM: Altimeter [m]
# name 15 = spar: SPAR, Biospherical/Licor
# name 16 = timeS: Time, Elapsed [seconds]
# name 17 = scan: Scan Count
# name 18 = density00: Density [density, kg/m^3]
# name 19 = density11: Density, 2 [density, kg/m^3]
# name 20 = v3: Voltage 3
# name 21 = v4: Voltage 4
# name 22 = v5: Voltage 5
# name 23 = sal00: Salinity, Practical [PSU]
# name 24 = sal11: Salinity, Practical, 2 [PSU]
# name 25 = oxsolML/L: Oxygen Saturation, Garcia & Gordon [ml/l]
# name 26 = nbin: number of scans per bin
# name 27 = flag: flag
# span 0 =      1.000,    680.000       
# span 1 =      0.932,    671.863       
# span 2 =    -1.8426,     0.3811       
# span 3 =  26.948297,  29.306952       
# span 4 =    -1.8418,     0.3840       
# span 5 =  26.948938,  29.308131       
# span 6 =     4.6471,     8.8052       
# span 7 =     4.7537,     9.0879       
# span 8 =     0.1692,     8.1056       
# span 9 =    88.5225,    97.8501       
# span 10 = 1.0000e-12, 1.0642e+02      
# span 11 =  -74.13598,  -74.13596      
# span 12 = -115.17627, -115.17618      
# span 13 =  53.575473,  53.585255      
# span 14 =       0.29,     165.89      
# span 15 = 1.6385e+02, 1.8528e+02      
# span 16 =    228.933,   1074.068      
# span 17 =       5495,      25779      
# span 18 =  1027.1766,  1030.9063      
# span 19 =  1027.1779,  1030.9023      
# span 20 =     4.2273,     4.6419      
# span 21 =     0.0922,     1.2541      
# span 22 =     0.1092,     0.2474      
# span 23 =    33.8081,    34.5212      
# span 24 =    33.8085,    34.5187      
# span 25 =    7.95781,    8.46598      
# span 26 =          1,         44      
# span 27 = 0.0000e+00, 0.0000e+00      
# interval = decibars: 1                
# start_time = Feb 22 2022 13:44:52 [NMEA time, header]
# bad_flag = -9.990e-29
*END*
[from data line 156]
    157.000    155.316    -1.0882  27.398524    -1.0874  27.398978     6.9674     7.1700     3.0735    92.7471 1.0000e-12  -74.13598 -115.17622  53.578045      99.87 1.7394e+02    451.111      10828  1028.0469  1028.0467     4.4000     0.4543     0.1534    33.9337    33.9334    8.30547         24 0.0000e+00
    158.000    156.305    -1.0895  27.398043    -1.0884  27.398583     6.9615     7.1628     3.1067    92.7480 1.0000e-12  -74.13598 -115.17622  53.578057      99.87 1.7446e+02    452.112      10852  1028.0518  1028.0514     4.3999     0.4542     0.1606    33.9339    33.9334    8.30575         24 0.0000e+00
    159.000    157.295    -1.0905  27.397769    -1.0895  27.398260     6.9472     7.1492     2.5354    92.5999 1.0000e-12  -74.13598 -115.17622  53.578069      99.87 1.7425e+02    453.121      10876  1028.0566  1028.0562     4.3929     0.4367     0.1508    33.9340    33.9336    8.30596         25 0.0000e+00
    160.000    158.282    -1.0935  27.395834    -1.0928  27.396250     6.9338     7.1366     2.5264    91.7149 1.0000e-12  -74.13598 -115.17622  53.578080      99.86 1.7445e+02    454.125      10900  1028.0616  1028.0613     4.3510     0.4640     0.1612    33.9342    33.9339    8.30663         23 0.0000e+00
    161.000    159.273    -1.1043  27.387752    -1.1046  27.387744     6.9301     7.1258     3.8952    92.8537 1.0000e-12  -74.13598 -115.17622  53.578092      99.84 1.7460e+02    455.123      10924  1028.0673  1028.0677     4.4051     0.5618     0.1529    33.9347    33.9350    8.30899         25 0.0000e+00
    162.000    160.260    -1.1159  27.379879    -1.1150  27.380558     6.9167     7.1190     2.7307    94.0442 1.0000e-12  -74.13598 -115.17622  53.578103      99.87 1.7424e+02    456.135      10948  1028.0742  1028.0741     4.4612     0.4373     0.1478    33.9365    33.9364    8.31146         24 0.0000e+00
    163.000    161.248    -1.1245  27.373851    -1.1240  27.374318     6.9053     7.0986     1.8800    92.7637 1.0000e-12  -74.13598 -115.17622  53.578115      99.86 1.7533e+02    457.145      10972  1028.0801  1028.0800     4.4006     0.4557     0.1515    33.9373    33.9373    8.31332         24 0.0000e+00
    164.000    162.239    -1.1343  27.367141    -1.1336  27.367606     6.8944     7.0839     3.0232    92.0354 1.0000e-12  -74.13598 -115.17622  53.578126      99.83 1.7447e+02    458.129      10996  1028.0864  1028.0862     4.3661     0.5922     0.1537    33.9386    33.9384    8.31542         24 0.0000e+00
    165.000    163.229    -1.1433  27.360928    -1.1427  27.361341     6.8947     7.0856     2.5404    92.5648 1.0000e-12  -74.13598 -115.17622  53.578138      99.88 1.7574e+02    459.116      11020  1028.0924  1028.0923     4.3913     0.4009     0.1481    33.9396    33.9396    8.31735         23 0.0000e+00
    166.000    164.216    -1.1507  27.355823    -1.1502  27.356288     6.8837     7.0807     2.2423    92.5217 1.0000e-12  -74.13598 -115.17622  53.578149      99.86 1.7541e+02    460.104      11044  1028.0981  1028.0981     4.3894     0.4681     0.1493    33.9404    33.9404    8.31895         24 0.0000e+00
    167.000    165.204    -1.1674  27.343061    -1.1677  27.343022     6.8758     7.0653     2.2215    93.4380 1.0000e-12  -74.13598 -115.17622  53.578161      99.85 1.7468e+02    461.088      11067  1028.1044  1028.1048     4.4324     0.5388     0.1485    33.9412    33.9415    8.32261         23 0.0000e+00
    168.000    166.194    -1.1845  27.331282    -1.1837  27.331823     6.8708     7.0548     2.6622    93.1648 1.0000e-12  -74.13598 -115.17622  53.578172      99.86 1.7542e+02    462.077      11091  1028.1123  1028.1121     4.4197     0.4560     0.1552    33.9439    33.9437    8.32626         24 0.0000e+00
    169.000    167.184    -1.1950  27.323718    -1.1944  27.324191     6.8631     7.0523     2.6008    92.4830 1.0000e-12  -74.13598 -115.17624  53.578184      99.88 1.7511e+02    463.066      11115  1028.1182  1028.1181     4.3874     0.4164     0.1716    33.9448    33.9447    8.32855         24 0.0000e+00
    170.000    168.170    -1.2003  27.320278    -1.1996  27.320788     6.8535     7.0523     1.8687    93.0898 1.0000e-12  -74.13598 -115.17622  53.578195      99.88 1.7476e+02    464.043      11138  1028.1236  1028.1235     4.4162     0.3559     0.1606    33.9455    33.9454    8.32969         23 0.0000e+00
    171.000    169.161    -1.2119  27.311039    -1.2118  27.311211     6.8612     7.0527     1.8242    93.2899 1.0000e-12  -74.13598 -115.17624  53.578206      98.26 1.7586e+02    465.026      11162  1028.1288  1028.1289     4.4256     0.4348     0.1469    33.9453    33.9454    8.33227         24 0.0000e+00
    172.000    170.149    -1.2230  27.303227    -1.2225  27.303458     6.8565     7.0521     1.8947    93.5100 1.0000e-12  -74.13598 -115.17622  53.578218      99.86 1.7566e+02    466.034      11186  1028.1351  1028.1349     4.4357     0.4121     0.1522    33.9465    33.9463    8.33467         25 0.0000e+00
    173.000    171.139    -1.2278  27.299883    -1.2273  27.300362     6.8394     7.0263     2.1431    92.6216 1.0000e-12  -74.13598 -115.17624  53.578230      99.87 1.7499e+02    467.032      11210  1028.1402  1028.1401     4.3943     0.4375     0.1422    33.9468    33.9468    8.33574         23 0.0000e+00
    174.000    172.127    -1.2300  27.300039    -1.2292  27.300362     6.8308     7.0166     2.0186    92.8686 1.0000e-12  -74.13598 -115.17624  53.578241      99.89 1.7593e+02    468.036      11234  1028.1465  1028.1460     4.4056     0.3017     0.1460    33.9489    33.9484    8.33610         25 0.0000e+00
    175.000    173.116    -1.2311  27.299946    -1.2303  27.300314     6.8149     7.0079     2.4352    92.4530 1.0000e-12  -74.13598 -115.17624  53.578253      99.87 1.7578e+02    469.047      11258  1028.1515  1028.1512     4.3860     0.4398     0.1498    33.9493    33.9490    8.33631         24 0.0000e+00
    176.000    174.104    -1.2565  27.280225    -1.2568  27.280827     6.7971     6.9939     2.5648    92.9712 1.0000e-12  -74.13598 -115.17624  53.578264      99.86 1.7549e+02    470.044      11282  1028.1588  1028.1597     4.4105     0.4506     0.1491    33.9505    33.9517    8.34192         24 0.0000e+00
    177.000    175.094    -1.2901  27.256618    -1.2895  27.257084     6.7873     6.9799     2.0628    91.7670 1.0000e-12  -74.13598 -115.17624  53.578276      99.87 1.7628e+02    471.054      11306  1028.1696  1028.1695     4.3539     0.3983     0.1499    33.9556    33.9555    8.34913         24 0.0000e+00
    178.000    176.083    -1.2993  27.250485    -1.2991  27.250716     6.7795     6.9730     2.0805    92.7591 1.0000e-12  -74.13598 -115.17624  53.578288      99.86 1.7651e+02    472.078      11331  1028.1757  1028.1758     4.3999     0.4850     0.1461    33.9570    33.9570    8.35111         24 0.0000e+00
    179.000    177.071    -1.3059  27.246110    -1.3057  27.246253     6.7731     6.9705     2.0105    93.2074 1.0000e-12  -74.13598 -115.17624  53.578300      99.85 1.7636e+02    473.077      11355  1028.1813  1028.1813     4.4217     0.5023     0.1490    33.9579    33.9579    8.35253         24 0.0000e+00
    180.000    178.059    -1.3109  27.242741    -1.3105  27.242868     6.7703     6.9635     2.0152    93.8720 1.0000e-12  -74.13598 -115.17624  53.578311      99.85 1.7717e+02    474.065      11379  1028.1865  1028.1863     4.4532     0.4836     0.1488    33.9583    33.9580    8.35362         24 0.0000e+00
    181.000    179.049    -1.3103  27.243994    -1.3093  27.244682     6.7718     6.9576     2.1310    93.9706 1.0000e-12  -74.13598 -115.17624  53.578322      99.87 1.7767e+02    475.046      11402  1028.1913  1028.1911     4.4579     0.4266     0.1441    33.9587    33.9585    8.35346         23 0.0000e+00
    182.000    180.039    -1.3064  27.248841    -1.3052  27.249421     6.7738     6.9540     1.7905    93.9120 1.0000e-12  -74.13598 -115.17624  53.578334      99.89 1.7732e+02    476.023      11426  1028.1968  1028.1963     4.4551     0.3055     0.1465    33.9603    33.9597    8.35249         24 0.0000e+00
    183.000    181.027    -1.3071  27.248902    -1.3059  27.249547     6.7777     6.9565     1.7439    93.6360 1.0000e-12  -74.13598 -115.17624  53.578345      95.24 1.7698e+02    476.986      11449  1028.2017  1028.2013     4.4420     0.3601     0.1478    33.9606    33.9601    8.35264         23 0.0000e+00
    184.000    182.014    -1.3074  27.249265    -1.3066  27.249685     6.7737     6.9484     2.1243    93.5013 1.0000e-12  -74.13598 -115.17624  53.578356      91.59 1.7614e+02    477.956      11472  1028.2065  1028.2062     4.4357     0.4660     0.1441    33.9608    33.9604    8.35269         23 0.0000e+00
    185.000    183.004    -1.3083  27.249128    -1.3073  27.249668     6.7699     6.9433     2.5861    93.7100 1.0000e-12  -74.13598 -115.17624  53.578367      99.57 1.7792e+02    478.930      11495  1028.2114  1028.2110     4.4455     0.3636     0.1523    33.9609    33.9606    8.35287         23 0.0000e+00
    186.000    183.992    -1.3145  27.244808    -1.3138  27.245255     6.7591     6.9446     2.4980    94.0669 1.0000e-12  -74.13598 -115.17624  53.578378      99.88 1.7665e+02    479.892      11518  1028.2169  1028.2167     4.4625     0.3920     0.1455    33.9615    33.9613    8.35424         23 0.0000e+00
    187.000    184.981    -1.3209  27.240338    -1.3208  27.240501     6.7493     6.9328     2.0517    93.7889 1.0000e-12  -74.13598 -115.17624  53.578390      99.87 1.7717e+02    480.858      11542  1028.2223  1028.2224     4.4493     0.3987     0.1438    33.9619    33.9620    8.35564         24 0.0000e+00
    188.000    185.971    -1.3550  27.215589    -1.3539  27.216761     6.7440     6.9221     1.7842    93.7571 1.0000e-12  -74.13598 -115.17624  53.578401      99.88 1.7724e+02    481.839      11565  1028.2325  1028.2328     4.4478     0.4047     0.1500    33.9661    33.9664    8.36304         24 0.0000e+00
    189.000    186.959    -1.3673  27.208033    -1.3662  27.208831     6.7373     6.9239     1.9730    92.6972 1.0000e-12  -74.13598 -115.17624  53.578412      99.85 1.7668e+02    482.826      11589  1028.2402  1028.2400     4.3977     0.5103     0.1502    33.9690    33.9688    8.36562         23 0.0000e+00
    190.000    187.947    -1.3735  27.203875    -1.3728  27.204474     6.7365     6.9204     2.1535    93.7515 1.0000e-12  -74.13598 -115.17624  53.578424      99.88 1.7643e+02    483.842      11613  1028.2457  1028.2457     4.4474     0.3764     0.1399    33.9697    33.9697    8.36697         25 0.0000e+00
    191.000    188.935    -1.3838  27.197139    -1.3829  27.197671     6.7345     6.9144     1.8639    93.6123 1.0000e-12  -74.13598 -115.17624  53.578436      99.87 1.7651e+02    484.858      11638  1028.2523  1028.2521     4.4409     0.4302     0.1462    33.9715    33.9713    8.36917         24 0.0000e+00
    192.000    189.925    -1.3869  27.195395    -1.3861  27.195983     6.7261     6.9092     1.9286    93.8163 1.0000e-12  -74.13598 -115.17624  53.578447      99.87 1.7717e+02    485.852      11661  1028.2576  1028.2574     4.4506     0.3885     0.1474    33.9720    33.9719    8.36985         24 0.0000e+00
    193.000    190.913    -1.3887  27.194977    -1.3877  27.195630     6.7217     6.8934     2.4150    92.6514 1.0000e-12  -74.13598 -115.17624  53.578459      99.88 1.7760e+02    486.838      11685  1028.2629  1028.2627     4.3953     0.3770     0.1497    33.9728    33.9726    8.37019         24 0.0000e+00
    194.000    191.903    -1.3935  27.192527    -1.3927  27.193064     6.7193     6.8835     1.9166    92.3334 1.0000e-12  -74.13598 -115.17624  53.578470      99.89 1.7706e+02    487.829      11709  1028.2690  1028.2688     4.3803     0.3629     0.1589    33.9743    33.9741    8.37118         23 0.0000e+00
    195.000    192.891    -1.4000  27.188626    -1.3991  27.189282     6.7023     6.8843     2.0208    93.0042 1.0000e-12  -74.13598 -115.17624  53.578481      99.88 1.7744e+02    488.794      11732  1028.2751  1028.2750     4.4123     0.3483     0.1573    33.9757    33.9756    8.37257         23 0.0000e+00
    196.000    193.879    -1.4056  27.184970    -1.4049  27.185453     6.6845     6.8691     1.9956    93.6514 1.0000e-12  -74.13598 -115.17624  53.578492      99.87 1.7797e+02    489.747      11755  1028.2806  1028.2805     4.4425     0.4473     0.1490    33.9763    33.9762    8.37377         23 0.0000e+00
    197.000    194.870    -1.4145  27.179569    -1.4138  27.180104     6.6639     6.8568     2.1861    93.9089 1.0000e-12  -74.13598 -115.17624  53.578504      91.89 1.7696e+02    490.717      11778  1028.2875  1028.2874     4.4549     0.4532     0.1439    33.9785    33.9784    8.37566         24 0.0000e+00
    198.000    195.857    -1.4184  27.177985    -1.4177  27.178525     6.6594     6.8414     2.0938    93.6057 1.0000e-12  -74.13598 -115.17624  53.578515      98.56 1.7767e+02    491.706      11802  1028.2937  1028.2936     4.4406     0.4578     0.1506    33.9801    33.9800    8.37644         23 0.0000e+00
    199.000    196.845    -1.4286  27.172016    -1.4278  27.172532     6.6468     6.8224     1.8595    93.8181 1.0000e-12  -74.13598 -115.17625  53.578527      99.88 1.7776e+02    492.699      11826  1028.3012  1028.3010     4.4507     0.4294     0.1425    33.9829    33.9827    8.37857         24 0.0000e+00
    200.000    197.836    -1.4377  27.166205    -1.4370  27.166538     6.6339     6.8169     1.6187    92.3534 1.0000e-12  -74.13598 -115.17625  53.578538      99.87 1.7473e+02    493.693      11850  1028.3078  1028.3074     4.3812     0.4222     0.1509    33.9846    33.9842    8.38052         24 0.0000e+00
    201.000    198.822    -1.4438  27.162832    -1.4429  27.163456     6.6291     6.8222     1.3700    93.3818 1.0000e-12  -74.13598 -115.17625  53.578550      99.89 1.7825e+02    494.680      11873  1028.3141  1028.3139     4.4300     0.2785     0.1479    33.9863    33.9861    8.38179         23 0.0000e+00
    202.000    199.813    -1.4507  27.158419    -1.4499  27.158946     6.6456     6.8227     2.0010    93.5645 1.0000e-12  -74.13598 -115.17626  53.578561      99.90 1.7745e+02    495.662      11897  1028.3201  1028.3199     4.4386     0.3091     0.1505    33.9874    33.9872    8.38327         24 0.0000e+00
    203.000    200.801    -1.4666  27.147635    -1.4662  27.148228     6.6478     6.8277     2.2432    92.8492 1.0000e-12  -74.13598 -115.17626  53.578573      99.90 1.7799e+02    496.678      11921  1028.3278  1028.3280     4.4047     0.2921     0.1411    33.9900    33.9903    8.38670         25 0.0000e+00
    204.000    201.790    -1.4800  27.139079    -1.4796  27.139569     6.6487     6.8186     2.1469    93.4130 1.0000e-12  -74.13598 -115.17626  53.578585      99.89 1.7840e+02    497.707      11946  1028.3355  1028.3356     4.4315     0.2986     0.1595    33.9928    33.9930    8.38956         25 0.0000e+00
    205.000    202.778    -1.4882  27.133645    -1.4879  27.134211     6.6353     6.8147     1.9482    93.8256 1.0000e-12  -74.13598 -115.17626  53.578597      99.87 1.7784e+02    498.742      11971  1028.3415  1028.3419     4.4510     0.3909     0.1554    33.9940    33.9944    8.39132         25 0.0000e+00
    206.000    203.768    -1.4992  27.126436    -1.4986  27.127036     6.6304     6.8019     2.4767    93.7294 1.0000e-12  -74.13598 -115.17626  53.578609      99.88 1.7790e+02    499.775      11996  1028.3484  1028.3484     4.4465     0.3741     0.1408    33.9960    33.9961    8.39369         24 0.0000e+00
    207.000    204.754    -1.5184  27.113178    -1.5178  27.113960     6.6160     6.7903     1.6306    93.8860 1.0000e-12  -74.13598 -115.17627  53.578620      99.85 1.7833e+02    500.794      12020  1028.3565  1028.3568     4.4538     0.4593     0.1478    33.9990    33.9994    8.39786         25 0.0000e+00
