ocean_section_plots/required_files/ctd/dnbp2202_ctd066.cnv
* Sea-Bird SBE 9 Data File:
* FileName = D:\Data\raw\NBP2202_CTD066.hex
* Software Version Seasave V 7.26.7.121
* Temperature SN = 1649
* Conductivity SN = 2513
* Number of Bytes Per Scan = 40
* Number of Voltage Words = 5
* Number of Scans Averaged by the Deck Unit = 1
* NMEA Latitude = 74 09.18 S
* NMEA Longitude = 112 12.70 W
* NMEA UTC (Time) = Jan 25 2022  21:43:09
* NMEA baud rate = 9600
** Ship: RVIB N.B. Palmer
** Cruise: NBP2202 Thwaites
** Station: 47
** Operator: A. Robinson
** N-S Transect Line
# nquan = 25
# nvalues = 921                         
# units = specified
# name 0 = prDM: Pressure, Digiquartz [db]
# name 1 = depSM: Depth [salt water, m]
# name 2 = t090C: Temperature [ITS-90, deg C]
# name 3 = c0mS/cm: Conductivity [mS/cm]
# name 4 = t190C: Temperature, 2 [ITS-90, deg C]
# name 5 = c1mS/cm: Conductivity, 2 [mS/cm]
# name 6 = sbeox0ML/L: Oxygen, SBE 43 [ml/l]
# name 7 = sbeox1ML/L: Oxygen, SBE 43, 2 [ml/l]
# name 8 = flECO-AFL: Fluorescence, WET Labs ECO-AFL/FL [mg/m^3]
# name 9 = CStarTr0: Beam Transmission, WET Labs C-Star [%]
# name 10 = par: PAR/Irradiance, Biospherical/Licor
# name 11 = latitude: Latitude [deg]
# name 12 = longitude: Longitude [deg]
# name 13 = timeJ: Julian Days
# name 14 = altM: Altimeter [m]
# name 15 = spar: SPAR, Biospherical/Licor
# name 16 = timeS: Time, Elapsed [seconds]
# name 17 = scan: Scan Count
# name 18 = density00: Density [density, kg/m^3]
# name 19 = density11: Density, 2 [density, kg/m^3]
# name 20 = sal00: Salinity, Practical [PSU]
# name 21 = sal11: Salinity, Practical, 2 [PSU]
# name 22 = oxsolML/L: Oxygen Saturation, Garcia & Gordon [ml/l]
# name 23 = nbin: number of scans per bin
# name 24 = flag: flag
# span 0 =      2.000,    922.000       
# span 1 =      1.978,    910.430       
# span 2 =    -1.5381,     0.5477       
# span 3 =  27.050783,  29.585898       
# span 4 =    -1.5387,     0.5498       
# span 5 =  27.050544,  29.586380       
# span 6 =     4.5763,     9.1505       
# span 7 =     4.7342,     9.6308       
# span 8 =    -0.0119,    29.4371       
# span 9 =    58.4610,    96.2763       
# span 10 = 1.0000e-12, 2.3001e+02      
# span 11 =  -74.15308,  -74.15306      
# span 12 = -112.21198, -112.21184      
# span 13 =  25.908251,  25.922617      
# span 14 =       4.53,     107.34      
# span 15 = 4.2519e+02, 5.4178e+02      
# span 16 =    283.910,   1525.089      
# span 17 =       6815,      36603      
# span 18 =  1027.1935,  1032.0570      
# span 19 =  1027.1971,  1032.0552      
# span 20 =    33.8242,    34.5596      
# span 21 =    33.8270,    34.5574      
# span 22 =    7.92145,    8.40390      
# span 23 =         24,         50      
# span 24 = 0.0000e+00, 0.0000e+00      
# interval = decibars: 1                
# start_time = Jan 25 2022 21:43:09 [NMEA time, header]
# bad_flag = -9.990e-29
*END*
[from data line 174]
    176.000    174.105    -1.5242  27.092711    -1.5246  27.092214     6.3980     6.6917     0.4052    95.3155 1.0000e-12  -74.15306 -112.21192  25.911654      99.74 4.3831e+02    577.911      13871  1028.2039  1028.2037    33.9967    33.9964    8.39929         35 0.0000e+00
    177.000    175.093    -1.5239  27.094011    -1.5241  27.093603     6.3960     6.6859     0.5846    95.4999 1.0000e-12  -74.15306 -112.21192  25.911671      99.74 4.4073e+02    579.360      13906  1028.2093  1028.2091    33.9975    33.9972    8.39918         34 0.0000e+00
    178.000    176.082    -1.5230  27.096043    -1.5233  27.095622     6.3905     6.6815     0.4068    95.6510 1.0000e-12  -74.15306 -112.21192  25.911687      99.75 4.4409e+02    580.751      13939  1028.2151  1028.2149    33.9987    33.9985    8.39891         33 0.0000e+00
    179.000    177.071    -1.5223  27.097920    -1.5225  27.097531     6.3851     6.6860     0.4601    95.7173 1.0000e-12  -74.15306 -112.21192  25.911703      99.74 4.4028e+02    582.111      13972  1028.2208  1028.2206    33.9998    33.9996    8.39868         33 0.0000e+00
    180.000    178.059    -1.5211  27.100444    -1.5214  27.099911     6.3770     6.6742     0.4816    95.1460 1.0000e-12  -74.15306 -112.21192  25.911719      99.74 4.4178e+02    583.478      14004  1028.2267  1028.2264    34.0013    34.0009    8.39831         31 0.0000e+00
    181.000    179.048    -1.5194  27.103154    -1.5195  27.103004     6.3754     6.6691     0.3487    95.1206 1.0000e-12  -74.15306 -112.21192  25.911735      99.75 4.4430e+02    584.893      14038  1028.2325  1028.2323    34.0025    34.0024    8.39787         34 0.0000e+00
    182.000    180.037    -1.5173  27.106358    -1.5177  27.105871     6.3727     6.6660     0.3799    95.7276 1.0000e-12  -74.15306 -112.21192  25.911752      99.74 4.4214e+02    586.363      14074  1028.2382  1028.2380    34.0039    34.0036    8.39731         35 0.0000e+00
    183.000    181.027    -1.5166  27.108027    -1.5169  27.107629     6.3739     6.6598     0.4478    95.7926 1.0000e-12  -74.15306 -112.21193  25.911768      99.74 4.4393e+02    587.742      14107  1028.2438  1028.2435    34.0048    34.0045    8.39710         32 0.0000e+00
    184.000    182.015    -1.5160  27.109476    -1.5162  27.109051     6.3690     6.6603     0.2173    95.9580 1.0000e-12  -74.15306 -112.21192  25.911783      99.74 4.4472e+02    589.075      14139  1028.2490  1028.2488    34.0054    34.0051    8.39691         33 0.0000e+00
    185.000    183.004    -1.5157  27.110281    -1.5159  27.109928     6.3679     6.6580     0.3790    95.8348 1.0000e-12  -74.15306 -112.21193  25.911800      99.74 4.4350e+02    590.509      14173  1028.2540  1028.2538    34.0056    34.0054    8.39684         32 0.0000e+00
    186.000    183.992    -1.5156  27.110889    -1.5159  27.110542     6.3714     6.6572     0.4034    95.8897 1.0000e-12  -74.15306 -112.21194  25.911816      99.74 4.4403e+02    591.865      14206  1028.2589  1028.2588    34.0057    34.0055    8.39681         32 0.0000e+00
    187.000    184.982    -1.5155  27.111597    -1.5158  27.111180     6.3670     6.6570     0.1621    95.7725 1.0000e-12  -74.15306 -112.21194  25.911831      99.75 4.4562e+02    593.191      14238  1028.2639  1028.2637    34.0060    34.0057    8.39678         33 0.0000e+00
    188.000    185.970    -1.5155  27.112193    -1.5157  27.111781     6.3686     6.6636     0.5175    95.9593 1.0000e-12  -74.15306 -112.21194  25.911848      99.74 4.4596e+02    594.707      14274  1028.2689  1028.2687    34.0061    34.0059    8.39676         35 0.0000e+00
    189.000    186.958    -1.5143  27.114094    -1.5145  27.113639     6.3666     6.6624     0.1300    95.9317 1.0000e-12  -74.15306 -112.21194  25.911865      96.79 4.4584e+02    596.116      14308  1028.2741  1028.2738    34.0068    34.0063    8.39645         32 0.0000e+00
    190.000    187.948    -1.5130  27.116322    -1.5131  27.115992     6.3631     6.6594     0.2256    95.7895 1.0000e-12  -74.15306 -112.21194  25.911880      99.70 4.4667e+02    597.391      14338  1028.2797  1028.2794    34.0078    34.0074    8.39611         31 0.0000e+00
    191.000    188.936    -1.5112  27.119363    -1.5113  27.119109     6.3608     6.6513     0.2392    95.9067 1.0000e-12  -74.15306 -112.21194  25.911895      99.74 4.4760e+02    598.717      14370  1028.2856  1028.2854    34.0093    34.0090    8.39561         32 0.0000e+00
    192.000    189.926    -1.5099  27.121515    -1.5100  27.121105     6.3521     6.6572     0.1805    95.9642 1.0000e-12  -74.15306 -112.21194  25.911911      99.74 4.4492e+02    600.103      14403  1028.2911  1028.2907    34.0102    34.0097    8.39527         34 0.0000e+00
    193.000    190.913    -1.5091  27.123003    -1.5094  27.122507     6.3558     6.6518     0.9472    95.8613 1.0000e-12  -74.15306 -112.21194  25.911927      99.74 4.4774e+02    601.530      14438  1028.2963  1028.2960    34.0107    34.0104    8.39506         34 0.0000e+00
    194.000    191.901    -1.5093  27.123716    -1.5095  27.123325     6.3675     6.6582     0.1839    95.8309 1.0000e-12  -74.15306 -112.21194  25.911944      99.74 4.5053e+02    602.952      14472  1028.3016  1028.3012    34.0113    34.0109    8.39507         35 0.0000e+00
    195.000    192.891    -1.5109  27.123319    -1.5111  27.123060     6.3682     6.6570     0.1465    96.0277 1.0000e-12  -74.15306 -112.21194  25.911960      99.74 4.4579e+02    604.337      14505  1028.3071  1028.3069    34.0119    34.0118    8.39539         32 0.0000e+00
    196.000    193.880    -1.5118  27.123825    -1.5119  27.123423     6.3699     6.6568     0.1172    95.8429 1.0000e-12  -74.15306 -112.21194  25.911976      99.75 4.4819e+02    605.689      14538  1028.3128  1028.3124    34.0130    34.0126    8.39553         31 0.0000e+00
    197.000    194.867    -1.5124  27.124249    -1.5125  27.123869     6.3668     6.6574     0.1503    95.7854 1.0000e-12  -74.15306 -112.21194  25.911992      99.74 4.5113e+02    607.069      14571  1028.3181  1028.3178    34.0137    34.0132    8.39562         31 0.0000e+00
    198.000    195.858    -1.5123  27.125554    -1.5124  27.125154     6.3689     6.6588     0.2249    95.9198 1.0000e-12  -74.15306 -112.21195  25.912008      95.66 4.4725e+02    608.471      14604  1028.3238  1028.3235    34.0148    34.0143    8.39554         33 0.0000e+00
    199.000    196.845    -1.5121  27.126782    -1.5124  27.126183     6.3664     6.6590     0.4006    95.9158 1.0000e-12  -74.15306 -112.21195  25.912023      99.26 4.4950e+02    609.830      14637  1028.3292  1028.3288    34.0156    34.0150    8.39544         32 0.0000e+00
    200.000    197.835    -1.5118  27.127661    -1.5119  27.127162     6.3568     6.6537     0.1735    95.8607 1.0000e-12  -74.15306 -112.21195  25.912039      99.74 4.5228e+02    611.196      14670  1028.3342  1028.3338    34.0158    34.0152    8.39536         35 0.0000e+00
    201.000    198.824    -1.5099  27.129951    -1.5102  27.129284     6.3648     6.6484     0.1827    95.9946 1.0000e-12  -74.15306 -112.21195  25.912056      99.74 4.4838e+02    612.631      14704  1028.3392  1028.3387    34.0162    34.0155    8.39491         34 0.0000e+00
    202.000    199.810    -1.5084  27.132168    -1.5086  27.131586     6.3563     6.6523     0.1825    96.0090 1.0000e-12  -74.15306 -112.21195  25.912072      99.75 4.5042e+02    614.011      14737  1028.3445  1028.3440    34.0169    34.0163    8.39452         29 0.0000e+00
    203.000    200.801    -1.5077  27.133353    -1.5079  27.132769     6.3595     6.6487     0.0931    96.0210 1.0000e-12  -74.15306 -112.21196  25.912087      99.75 4.5306e+02    615.290      14768  1028.3494  1028.3490    34.0171    34.0166    8.39435         31 0.0000e+00
    204.000    201.790    -1.5063  27.135303    -1.5061  27.134967     6.3551     6.6432     0.1717    96.0393 1.0000e-12  -74.15306 -112.21196  25.912102      99.74 4.4914e+02    616.614      14800  1028.3545  1028.3540    34.0176    34.0169    8.39401         33 0.0000e+00
    205.000    202.777    -1.5046  27.137476    -1.5046  27.136979     6.3506     6.6446     0.1299    95.4353 1.0000e-12  -74.15306 -112.21196  25.912118      99.74 4.5047e+02    618.021      14834  1028.3596  1028.3590    34.0180    34.0173    8.39359         34 0.0000e+00
    206.000    203.767    -1.5033  27.139310    -1.5033  27.138720     6.3533     6.6415     0.1203    95.8857 1.0000e-12  -74.15306 -112.21196  25.912133      99.75 4.4841e+02    619.328      14865  1028.3647  1028.3641    34.0184    34.0176    8.39328         26 0.0000e+00
    207.000    204.755    -1.5030  27.140256    -1.5029  27.139857     6.3532     6.6465     0.2147    95.8477 1.0000e-12  -74.15306 -112.21196  25.912146      99.75 4.5248e+02    620.398      14891  1028.3697  1028.3693    34.0188    34.0182    8.39319         24 0.0000e+00
    208.000    205.744    -1.5025  27.141384    -1.5024  27.141008     6.3558     6.6452     0.3253    96.0835 1.0000e-12  -74.15306 -112.21196  25.912158      99.74 4.4958e+02    621.441      14916  1028.3748  1028.3744    34.0191    34.0185    8.39305         27 0.0000e+00
    209.000    206.733    -1.5022  27.142389    -1.5021  27.141972     6.3499     6.6422     0.2244    95.9697 1.0000e-12  -74.15306 -112.21196  25.912171      99.30 4.5097e+02    622.608      14944  1028.3799  1028.3795    34.0195    34.0189    8.39295         29 0.0000e+00
    210.000    207.720    -1.5020  27.143294    -1.5020  27.142812     6.3518     6.6435     0.1071    96.0601 1.0000e-12  -74.15306 -112.21196  25.912185      99.75 4.5327e+02    623.775      14972  1028.3851  1028.3845    34.0199    34.0193    8.39289         26 0.0000e+00
    211.000    208.710    -1.5015  27.144555    -1.5015  27.144078     6.3519     6.6448     0.1226    96.0338 1.0000e-12  -74.15306 -112.21196  25.912197      99.75 4.5040e+02    624.851      14997  1028.3903  1028.3898    34.0205    34.0198    8.39275         25 0.0000e+00
    212.000    209.698    -1.5011  27.145630    -1.5009  27.145300     6.3506     6.6470     0.0824    96.0896 1.0000e-12  -74.15306 -112.21196  25.912209      99.75 4.5252e+02    625.897      15023  1028.3954  1028.3948    34.0209    34.0202    8.39264         26 0.0000e+00
    213.000    210.687    -1.5005  27.146893    -1.5004  27.146483     6.3445     6.6332     0.0846    96.0309 1.0000e-12  -74.15306 -112.21196  25.912222      99.74 4.5483e+02    627.024      15050  1028.4005  1028.3999    34.0213    34.0206    8.39247         28 0.0000e+00
    214.000    211.676    -1.4964  27.152747    -1.4963  27.152112     6.3438     6.6264     0.0930    95.9971 1.0000e-12  -74.15306 -112.21194  25.912236      99.74 4.5112e+02    628.184      15077  1028.4073  1028.4066    34.0241    34.0231    8.39138         28 0.0000e+00
    215.000    212.665    -1.4935  27.156630    -1.4935  27.156135     6.3345     6.6199     0.0963    95.8427 1.0000e-12  -74.15306 -112.21194  25.912249      99.75 4.5410e+02    629.322      15105  1028.4131  1028.4126    34.0255    34.0249    8.39064         26 0.0000e+00
    216.000    213.653    -1.4925  27.158328    -1.4924  27.157948     6.3341     6.6309     0.0704    96.0740 1.0000e-12  -74.15306 -112.21194  25.912262      99.74 4.5497e+02    630.407      15131  1028.4184  1028.4178    34.0261    34.0255    8.39038         26 0.0000e+00
    217.000    214.642    -1.4918  27.159818    -1.4918  27.159319     6.3372     6.6278     0.0589    95.9629 1.0000e-12  -74.15306 -112.21194  25.912274      99.74 4.5194e+02    631.468      15156  1028.4237  1028.4231    34.0268    34.0261    8.39019         26 0.0000e+00
    218.000    215.630    -1.4913  27.161059    -1.4912  27.160617     6.3379     6.6270     0.0681    96.0834 1.0000e-12  -74.15306 -112.21194  25.912287      99.74 4.5574e+02    632.565      15183  1028.4289  1028.4283    34.0273    34.0266    8.39005         27 0.0000e+00
    219.000    216.618    -1.4899  27.163348    -1.4896  27.163093     6.3375     6.6291     0.0922    96.1469 1.0000e-12  -74.15306 -112.21194  25.912301      99.74 4.5516e+02    633.802      15212  1028.4344  1028.4338    34.0282    34.0275    8.38967         31 0.0000e+00
    220.000    217.608    -1.4885  27.165553    -1.4884  27.165052     6.3360     6.6278     0.0716    96.1884 1.0000e-12  -74.15306 -112.21194  25.912316      89.44 4.5360e+02    635.099      15243  1028.4397  1028.4392    34.0290    34.0283    8.38930         30 0.0000e+00
    221.000    218.596    -1.4880  27.166780    -1.4880  27.166262     6.3267     6.6296     0.0921    96.1301 1.0000e-12  -74.15306 -112.21194  25.912329      99.33 4.5633e+02    636.204      15270  1028.4450  1028.4444    34.0295    34.0289    8.38916         24 0.0000e+00
    222.000    219.585    -1.4870  27.168717    -1.4868  27.168481     6.3282     6.6198     0.1121    96.1372 1.0000e-12  -74.15306 -112.21194  25.912340      99.74 4.5539e+02    637.205      15294  1028.4505  1028.4500    34.0305    34.0299    8.38889         25 0.0000e+00
    223.000    220.573    -1.4847  27.172450    -1.4845  27.172129     6.3357     6.6215     0.1266    96.2074 1.0000e-12  -74.15306 -112.21194  25.912353      99.75 4.5525e+02    638.328      15321  1028.4567  1028.4561    34.0323    34.0316    8.38825         29 0.0000e+00
    224.000    221.561    -1.4841  27.173745    -1.4841  27.172971     6.3336     6.6172     0.1039    96.1725 1.0000e-12  -74.15306 -112.21193  25.912367      99.74 4.5729e+02    639.525      15350  1028.4618  1028.4610    34.0328    34.0318    8.38808         28 0.0000e+00
    225.000    222.550    -1.4842  27.173959    -1.4840  27.173724     6.3348     6.6128     0.0467    96.1310 1.0000e-12  -74.15306 -112.21192  25.912380      99.74 4.5737e+02    640.673      15377  1028.4665  1028.4660    34.0326    34.0321    8.38812         27 0.0000e+00
    226.000    223.539    -1.4840  27.174627    -1.4837  27.174669     6.3288     6.6163     0.0637    96.1679 1.0000e-12  -74.15306 -112.21192  25.912393      99.74 4.5715e+02    641.742      15403  1028.4714  1028.4711    34.0327    34.0324    8.38808         25 0.0000e+00
    227.000    224.527    -1.4824  27.177289    -1.4822  27.176982     6.3294     6.6161     0.1361    96.1558 1.0000e-12  -74.15306 -112.21192  25.912405      99.74 4.5793e+02    642.791      15428  1028.4771  1028.4765    34.0339    34.0332    8.38764         25 0.0000e+00
    228.000    225.516    -1.4819  27.178318    -1.4818  27.177934     6.3263     6.6155     0.0823    96.1465 1.0000e-12  -74.15306 -112.21192  25.912418      99.75 4.5786e+02    643.903      15455  1028.4820  1028.4815    34.0341    34.0334    8.38751         29 0.0000e+00
    229.000    226.504    -1.4818  27.178996    -1.4816  27.178571     6.3278     6.6179     0.0832    96.1152 1.0000e-12  -74.15306 -112.21192  25.912432      99.75 4.5767e+02    645.155      15485  1028.4870  1028.4864    34.0343    34.0335    8.38748         31 0.0000e+00
    230.000    227.494    -1.4818  27.179400    -1.4816  27.178899     6.3214     6.6153     0.0720    96.1733 1.0000e-12  -74.15306 -112.21190  25.912447      99.75 4.5806e+02    646.446      15516  1028.4918  1028.4911    34.0342    34.0334    8.38748         31 0.0000e+00
    231.000    228.482    -1.4815  27.180374    -1.4813  27.179952     6.3217     6.6072     0.1431    96.0758 1.0000e-12  -74.15306 -112.21190  25.912463      97.42 4.5966e+02    647.762      15547  1028.4969  1028.4963    34.0346    34.0339    8.38739         32 0.0000e+00
    232.000    229.470    -1.4802  27.182482    -1.4799  27.182114     6.3209     6.6137     0.0907    96.1569 1.0000e-12  -74.15306 -112.21190  25.912478      96.87 4.5948e+02    649.092      15579  1028.5023  1028.5016    34.0354    34.0346    8.38705         31 0.0000e+00
