ocean_section_plots/required_files/ctd/dnbp2202_ctd278.cnv
* Sea-Bird SBE 9 Data File:
* FileName = D:\Data\raw\NBP2202_CTD278.hex
* Software Version Seasave V 7.26.7.121
* Temperature SN = 1649
* Conductivity SN = 2513
* Number of Bytes Per Scan = 40
* Number of Voltage Words = 5
* Number of Scans Averaged by the Deck Unit = 1
* NMEA Latitude = 74 04.62 S
* NMEA Longitude = 116 00.35 W
* NMEA UTC (Time) = Feb 21 2022  07:27:50
* NMEA baud rate = 9600
** Ship: RVIB N.B. Palmer
** Cruise: NBP2202 Thwaites
** Station: 180
** Operator: B. Bjork
# nquan = 28
# nvalues = 991                         
# units = specified
# name 0 = prDM: Pressure, Digiquartz [db]
# name 1 = depSM: Depth [salt water, m]
# name 2 = t090C: Temperature [ITS-90, deg C]
# name 3 = c0mS/cm: Conductivity [mS/cm]
# name 4 = t190C: Temperature, 2 [ITS-90, deg C]
# name 5 = c1mS/cm: Conductivity, 2 [mS/cm]
# name 6 = sbeox0ML/L: Oxygen, SBE 43 [ml/l]
# name 7 = sbeox1ML/L: Oxygen, SBE 43, 2 [ml/l]
# name 8 = flECO-AFL: Fluorescence, WET Labs ECO-AFL/FL [mg/m^3]
# name 9 = CStarTr0: Beam Transmission, WET Labs C-Star [%]
# name 10 = par: PAR/Irradiance, Biospherical/Licor
# name 11 = latitude: Latitude [deg]
# name 12 = longitude: Longitude [deg]
# name 13 = timeJ: Julian Days
# name 14 = altM: Altimeter [m]
# name 15 = spar: SPAR, Biospherical/Licor
# name 16 = timeS: Time, Elapsed [seconds]
# name 17 = scan: Scan Count
# name 18 = density00: Density [density, kg/m^3]
# name 19 = density11: Density, 2 [density, kg/m^3]
# name 20 = v3: Voltage 3
# name 21 = v4: Voltage 4
# name 22 = v5: Voltage 5
# name 23 = sal00: Salinity, Practical [PSU]
# name 24 = sal11: Salinity, Practical, 2 [PSU]
# name 25 = oxsolML/L: Oxygen Saturation, Garcia & Gordon [ml/l]
# name 26 = nbin: number of scans per bin
# name 27 = flag: flag
# span 0 =      2.000,    992.000       
# span 1 =      1.980,    979.397       
# span 2 =    -1.8611,     0.5191       
# span 3 =  26.883757,  29.592052       
# span 4 =    -1.8609,     0.5213       
# span 5 =  26.884213,  29.592624       
# span 6 =     4.4680,     9.0838       
# span 7 =     4.5673,     9.4055       
# span 8 =     0.1241,    10.2222       
# span 9 =    88.9071,    98.5096       
# span 10 = 1.0000e-12, 6.0282e-01      
# span 11 =  -74.07700,  -74.07700      
# span 12 = -116.00596, -116.00592      
# span 13 =  52.313339,  52.326816      
# span 14 =       3.77,     100.29      
# span 15 = 1.2855e+01, 2.5212e+01      
# span 16 =    202.450,   1366.875      
# span 17 =       4860,      32806      
# span 18 =  1027.1479,  1032.3854      
# span 19 =  1027.1510,  1032.3838      
# span 20 =     4.2194,     4.6731      
# span 21 =     0.0845,     1.3602      
# span 22 =     0.1058,     0.2209      
# span 23 =    33.7586,    34.5596      
# span 24 =    33.7610,    34.5578      
# span 25 =    7.92731,    8.47284      
# span 26 =         22,         65      
# span 27 = 0.0000e+00, 0.0000e+00      
# interval = decibars: 1                
# start_time = Feb 21 2022 07:27:50 [NMEA time, header]
# bad_flag = -9.990e-29
*END*
[from data line 725]
    727.000    718.220     0.3982  29.350622     0.4012  29.351280     4.6183     4.7307     0.4087    98.0921 1.0000e-12  -74.07700 -116.00594  52.322879      99.87 1.7480e+01   1026.767      24643  1031.1351  1031.1329     4.6534     0.1274     0.1092    34.5303    34.5279    7.95376         24 0.0000e+00
    728.000    719.206     0.3995  29.352264     0.4021  29.352885     4.6147     4.7319     0.5093    98.0294 1.0000e-12  -74.07700 -116.00594  52.322891      99.87 1.8322e+01   1027.754      24667  1031.1399  1031.1380     4.6504     0.1541     0.1097    34.5304    34.5283    7.95349         23 0.0000e+00
    729.000    720.192     0.4023  29.355856     0.4049  29.356397     4.6152     4.7240     0.5237    98.0817 1.0000e-12  -74.07700 -116.00594  52.322902      99.86 1.7161e+01   1028.753      24691  1031.1451  1031.1431     4.6528     0.1700     0.1207    34.5315    34.5292    7.95286         24 0.0000e+00
    730.000    721.179     0.4028  29.356996     0.4056  29.357579     4.6158     4.7185     0.4836    98.0704 1.0000e-12  -74.07700 -116.00594  52.322914      99.87 1.7064e+01   1029.759      24715  1031.1500  1031.1479     4.6523     0.1620     0.1122    34.5317    34.5295    7.95273         25 0.0000e+00
    731.000    722.163     0.4032  29.357951     0.4059  29.358369     4.6100     4.7225     0.4303    98.0278 1.0000e-12  -74.07700 -116.00594  52.322926      99.87 1.8070e+01   1030.771      24740  1031.1549  1031.1527     4.6503     0.1375     0.1101    34.5320    34.5295    7.95264         24 0.0000e+00
    732.000    723.151     0.4054  29.360632     0.4080  29.361212     4.6086     4.7270     0.3724    98.1116 1.0000e-12  -74.07700 -116.00594  52.322937      96.05 1.7623e+01   1031.785      24764  1031.1598  1031.1579     4.6543     0.1306     0.1094    34.5325    34.5304    7.95216         24 0.0000e+00
    733.000    724.137     0.4076  29.363448     0.4102  29.363915     4.6074     4.7242     0.3408    98.0486 1.0000e-12  -74.07700 -116.00594  52.322949      87.49 1.7480e+01   1032.783      24788  1031.1648  1031.1628     4.6513     0.1243     0.1098    34.5332    34.5309    7.95168         24 0.0000e+00
    734.000    725.123     0.4110  29.367330     0.4139  29.368121     4.6101     4.7241     0.3737    97.9665 1.0000e-12  -74.07700 -116.00594  52.322961      98.82 1.7855e+01   1033.786      24812  1031.1697  1031.1677     4.6473     0.1317     0.1085    34.5338    34.5316    7.95093         24 0.0000e+00
    735.000    726.110     0.4125  29.369050     0.4152  29.369724     4.6164     4.7241     0.4528    97.4550 1.0000e-12  -74.07700 -116.00594  52.322972      99.86 1.7630e+01   1034.787      24836  1031.1743  1031.1724     4.6233     0.1835     0.1080    34.5338    34.5317    7.95063         25 0.0000e+00
    736.000    727.094     0.4120  29.369170     0.4147  29.369834     4.6102     4.7252     0.4484    97.9907 1.0000e-12  -74.07700 -116.00594  52.322984      99.87 1.7122e+01   1035.797      24860  1031.1792  1031.1772     4.6483     0.1326     0.1075    34.5340    34.5318    7.95073         24 0.0000e+00
    737.000    728.082     0.4128  29.370523     0.4155  29.371126     4.6088     4.7234     0.4541    98.0787 1.0000e-12  -74.07700 -116.00593  52.322996      99.87 1.7927e+01   1036.818      24885  1031.1841  1031.1821     4.6527     0.1306     0.1110    34.5343    34.5320    7.95055         24 0.0000e+00
    738.000    729.070     0.4164  29.374583     0.4188  29.375015     4.6082     4.7128     0.3846    98.0523 1.0000e-12  -74.07700 -116.00593  52.323007      99.87 1.7775e+01   1037.821      24909  1031.1890  1031.1871     4.6515     0.1461     0.1135    34.5350    34.5328    7.94976         24 0.0000e+00
    739.000    730.054     0.4142  29.373267     0.4170  29.373847     4.5995     4.7145     0.3750    98.0903 1.0000e-12  -74.07700 -116.00593  52.323019      99.87 1.7111e+01   1038.818      24933  1031.1940  1031.1919     4.6532     0.1386     0.1098    34.5351    34.5328    7.95020         24 0.0000e+00
    740.000    731.040     0.4157  29.375261     0.4183  29.375811     4.6072     4.7116     0.3903    98.0375 1.0000e-12  -74.07700 -116.00593  52.323030      99.87 1.7776e+01   1039.813      24957  1031.1989  1031.1969     4.6506     0.1253     0.1085    34.5355    34.5333    7.94988         24 0.0000e+00
    741.000    732.025     0.4164  29.376448     0.4190  29.377050     4.6022     4.7084     0.4391    97.8306 1.0000e-12  -74.07700 -116.00593  52.323042      99.87 1.8510e+01   1040.812      24980  1031.2037  1031.2018     4.6411     0.1132     0.1093    34.5357    34.5335    7.94972         24 0.0000e+00
    742.000    733.012     0.4164  29.376836     0.4189  29.377449     4.6011     4.7136     0.5036    98.1573 1.0000e-12  -74.07700 -116.00593  52.323053      99.87 1.6902e+01   1041.808      25004  1031.2084  1031.2065     4.6564     0.1415     0.1118    34.5357    34.5336    7.94973         24 0.0000e+00
    743.000    734.000     0.4164  29.377515     0.4191  29.378125     4.6029     4.7107     0.4403    98.1050 1.0000e-12  -74.07700 -116.00593  52.323065      99.87 1.7556e+01   1042.814      25029  1031.2133  1031.2113     4.6540     0.1215     0.1082    34.5360    34.5338    7.94971         24 0.0000e+00
    744.000    734.984     0.4171  29.378824     0.4198  29.379456     4.6005     4.7080     0.3415    97.7811 1.0000e-12  -74.07700 -116.00593  52.323077      99.87 1.8591e+01   1043.819      25053  1031.2182  1031.2163     4.6386     0.1299     0.1080    34.5363    34.5341    7.94954         24 0.0000e+00
    745.000    735.970     0.4195  29.381813     0.4222  29.382322     4.6019     4.7089     0.3517    97.9006 1.0000e-12  -74.07700 -116.00593  52.323088      76.20 1.6724e+01   1044.825      25077  1031.2232  1031.2211     4.6442     0.1175     0.1095    34.5369    34.5346    7.94901         24 0.0000e+00
    746.000    736.957     0.4222  29.384851     0.4249  29.385477     4.6038     4.7123     0.3402    97.9382 1.0000e-12  -74.07700 -116.00593  52.323100      87.34 1.6896e+01   1045.825      25101  1031.2279  1031.2259     4.6460     0.1151     0.1090    34.5373    34.5351    7.94843         24 0.0000e+00
    747.000    737.942     0.4233  29.386180     0.4258  29.386810     4.6007     4.7143     0.3974    97.6199 1.0000e-12  -74.07700 -116.00593  52.323111      97.77 1.8900e+01   1046.823      25125  1031.2325  1031.2306     4.6310     0.1282     0.1097    34.5373    34.5352    7.94822         24 0.0000e+00
    748.000    738.929     0.4236  29.387162     0.4263  29.387724     4.6018     4.7148     0.5636    97.6696 1.0000e-12  -74.07700 -116.00593  52.323123      99.87 1.6593e+01   1047.816      25149  1031.2374  1031.2354     4.6333     0.1261     0.1105    34.5376    34.5353    7.94813         24 0.0000e+00
    749.000    739.915     0.4246  29.388610     0.4273  29.389126     4.5950     4.7152     0.3921    97.9835 1.0000e-12  -74.07700 -116.00593  52.323134      99.87 1.7114e+01   1048.811      25172  1031.2422  1031.2401     4.6482     0.1256     0.1102    34.5378    34.5355    7.94792         24 0.0000e+00
    750.000    740.902     0.4261  29.390578     0.4288  29.391019     4.5897     4.7144     0.3383    98.0899 1.0000e-12  -74.07700 -116.00593  52.323146      99.87 1.8301e+01   1049.821      25197  1031.2470  1031.2449     4.6533     0.1274     0.1112    34.5381    34.5358    7.94759         24 0.0000e+00
    751.000    741.888     0.4279  29.392572     0.4304  29.393176     4.5961     4.7067     0.4990    98.1066 1.0000e-12  -74.07700 -116.00593  52.323158      99.87 1.6635e+01   1050.837      25221  1031.2515  1031.2497     4.6540     0.1256     0.1113    34.5382    34.5361    7.94722         25 0.0000e+00
    752.000    742.873     0.4293  29.394577     0.4320  29.395173     4.5962     4.7039     0.3657    98.1320 1.0000e-12  -74.07700 -116.00593  52.323170      99.87 1.7478e+01   1051.863      25246  1031.2564  1031.2545     4.6552     0.1424     0.1102    34.5386    34.5364    7.94690         25 0.0000e+00
    753.000    743.859     0.4300  29.395648     0.4326  29.396141     4.5937     4.7061     0.3538    97.9210 1.0000e-12  -74.07700 -116.00593  52.323182      99.87 1.7847e+01   1052.889      25270  1031.2612  1031.2591     4.6452     0.1460     0.1107    34.5387    34.5364    7.94676         24 0.0000e+00
    754.000    744.845     0.4319  29.397842     0.4343  29.398135     4.5912     4.7088     0.5706    98.0242 1.0000e-12  -74.07700 -116.00593  52.323193      99.87 1.6460e+01   1053.891      25294  1031.2658  1031.2638     4.6501     0.1212     0.1086    34.5388    34.5366    7.94635         24 0.0000e+00
    755.000    745.832     0.4345  29.400920     0.4368  29.401247     4.5923     4.7023     0.5036    98.1548 1.0000e-12  -74.07700 -116.00593  52.323205      99.87 1.7395e+01   1054.882      25318  1031.2707  1031.2688     4.6563     0.1183     0.1073    34.5394    34.5373    7.94580         24 0.0000e+00
    756.000    746.818     0.4348  29.401637     0.4375  29.402270     4.5896     4.7018     0.3162    98.1217 1.0000e-12  -74.07700 -116.00593  52.323216      99.87 1.7988e+01   1055.882      25342  1031.2754  1031.2734     4.6547     0.1212     0.1097    34.5394    34.5373    7.94573         24 0.0000e+00
    757.000    747.803     0.4357  29.403162     0.4384  29.403780     4.5917     4.7033     0.3517    97.9231 1.0000e-12  -74.07700 -116.00594  52.323228      99.87 1.6670e+01   1056.899      25367  1031.2802  1031.2783     4.6454     0.1355     0.1119    34.5398    34.5376    7.94551         24 0.0000e+00
    758.000    748.790     0.4368  29.404538     0.4394  29.405242     4.5936     4.7058     0.3798    97.9791 1.0000e-12  -74.07700 -116.00594  52.323240      93.23 1.7138e+01   1057.922      25391  1031.2849  1031.2831     4.6480     0.1320     0.1101    34.5399    34.5378    7.94530         25 0.0000e+00
    759.000    749.776     0.4374  29.405718     0.4401  29.406416     4.5891     4.7013     0.4380    98.0500 1.0000e-12  -74.07700 -116.00594  52.323251      88.07 1.8065e+01   1058.933      25415  1031.2898  1031.2879     4.6513     0.1280     0.1072    34.5401    34.5381    7.94515         24 0.0000e+00
    760.000    750.761     0.4375  29.406421     0.4401  29.406889     4.5826     4.6939     0.5192    98.1501 1.0000e-12  -74.07700 -116.00594  52.323263      97.18 1.6399e+01   1059.926      25439  1031.2946  1031.2926     4.6561     0.1615     0.1124    34.5403    34.5381    7.94511         24 0.0000e+00
    761.000    751.748     0.4397  29.409152     0.4423  29.409587     4.5847     4.6970     0.4036    98.1794 1.0000e-12  -74.07700 -116.00594  52.323274      99.84 1.6630e+01   1060.908      25463  1031.2996  1031.2976     4.6573     0.1314     0.1097    34.5409    34.5386    7.94463         23 0.0000e+00
    762.000    752.735     0.4417  29.411573     0.4442  29.412120     4.5847     4.7020     0.4502    97.9036 1.0000e-12  -74.07700 -116.00594  52.323286      99.87 1.7844e+01   1061.891      25486  1031.3044  1031.3025     4.6446     0.1331     0.1098    34.5413    34.5391    7.94421         24 0.0000e+00
    763.000    753.719     0.4427  29.413004     0.4453  29.413641     4.5854     4.7000     0.4789    98.0059 1.0000e-12  -74.07700 -116.00594  52.323297      99.87 1.6003e+01   1062.884      25510  1031.3091  1031.3073     4.6493     0.1603     0.1108    34.5414    34.5394    7.94399         23 0.0000e+00
    764.000    754.708     0.4429  29.413662     0.4456  29.414247     4.5902     4.6953     0.4172    97.9952 1.0000e-12  -74.07700 -116.00594  52.323309      99.87 1.7146e+01   1063.885      25534  1031.3138  1031.3118     4.6487     0.1407     0.1097    34.5415    34.5393    7.94395         25 0.0000e+00
    765.000    755.691     0.4442  29.415441     0.4468  29.416073     4.5885     4.6907     0.4369    97.8356 1.0000e-12  -74.07700 -116.00594  52.323321      99.87 1.7135e+01   1064.904      25559  1031.3186  1031.3168     4.6412     0.1343     0.1104    34.5418    34.5397    7.94367         25 0.0000e+00
    766.000    756.678     0.4452  29.416798     0.4477  29.417377     4.5840     4.6959     0.4213    97.9111 1.0000e-12  -74.07700 -116.00594  52.323332      99.87 1.5940e+01   1065.919      25583  1031.3233  1031.3215     4.6447     0.1417     0.1083    34.5419    34.5399    7.94345         23 0.0000e+00
    767.000    757.665     0.4483  29.420350     0.4508  29.420864     4.5801     4.6915     0.3857    97.6506 1.0000e-12  -74.07700 -116.00594  52.323344      99.87 1.6905e+01   1066.906      25607  1031.3282  1031.3262     4.6324     0.1401     0.1078    34.5425    34.5403    7.94279         24 0.0000e+00
    768.000    758.649     0.4490  29.421414     0.4517  29.422105     4.5828     4.6930     0.3764    97.9391 1.0000e-12  -74.07700 -116.00594  52.323355      99.87 1.7405e+01   1067.890      25630  1031.3328  1031.3309     4.6461     0.1350     0.1099    34.5425    34.5404    7.94264         24 0.0000e+00
    769.000    759.636     0.4485  29.421496     0.4512  29.422042     4.5848     4.6927     0.3783    97.7815 1.0000e-12  -74.07700 -116.00594  52.323367      99.87 1.6100e+01   1068.872      25654  1031.3377  1031.3356     4.6386     0.1377     0.1090    34.5426    34.5403    7.94274         23 0.0000e+00
    770.000    760.621     0.4494  29.422816     0.4519  29.423179     4.5855     4.6932     0.4279    97.8427 1.0000e-12  -74.07700 -116.00594  52.323378      99.87 1.7344e+01   1069.872      25678  1031.3424  1031.3404     4.6415     0.1281     0.1093    34.5427    34.5405    7.94254         25 0.0000e+00
    771.000    761.609     0.4507  29.424518     0.4531  29.424949     4.5821     4.6964     0.4589    97.8669 1.0000e-12  -74.07700 -116.00594  52.323390      82.92 1.7262e+01   1070.894      25702  1031.3471  1031.3452     4.6426     0.1442     0.1112    34.5429    34.5408    7.94226         24 0.0000e+00
    772.000    762.594     0.4527  29.427128     0.4554  29.427674     4.5803     4.6904     0.3898    97.5355 1.0000e-12  -74.07700 -116.00594  52.323402      90.90 1.6208e+01   1071.928      25727  1031.3521  1031.3500     4.6269     0.2781     0.1167    34.5435    34.5413    7.94182         25 0.0000e+00
    773.000    763.580     0.4541  29.428868     0.4566  29.429402     4.5822     4.6955     0.4539    97.8650 1.0000e-12  -74.07700 -116.00594  52.323414      97.81 1.6893e+01   1072.935      25751  1031.3568  1031.3548     4.6425     0.1292     0.1091    34.5437    34.5416    7.94153         24 0.0000e+00
    774.000    764.566     0.4550  29.430174     0.4577  29.430834     4.5879     4.6963     0.5458    97.8871 1.0000e-12  -74.07700 -116.00594  52.323425      99.85 1.7404e+01   1073.928      25775  1031.3615  1031.3595     4.6436     0.1265     0.1098    34.5438    34.5417    7.94133         24 0.0000e+00
    775.000    765.553     0.4568  29.432471     0.4593  29.433032     4.5871     4.6931     0.4256    97.9031 1.0000e-12  -74.07700 -116.00594  52.323437      99.87 1.6180e+01   1074.921      25799  1031.3663  1031.3645     4.6444     0.1419     0.1149    34.5442    34.5422    7.94094         24 0.0000e+00
    776.000    766.538     0.4595  29.435704     0.4622  29.436301     4.5814     4.6882     0.6916    97.3958 1.0000e-12  -74.07700 -116.00594  52.323448      99.87 1.7105e+01   1075.927      25823  1031.3712  1031.3693     4.6203     0.1540     0.1192    34.5448    34.5427    7.94034         24 0.0000e+00
    777.000    767.525     0.4605  29.437188     0.4631  29.437774     4.5813     4.6836     0.5726    97.6930 1.0000e-12  -74.07700 -116.00594  52.323460      99.87 1.7339e+01   1076.955      25848  1031.3760  1031.3741     4.6344     0.1513     0.1119    34.5451    34.5430    7.94013         24 0.0000e+00
