ocean_section_plots/required_files/ctd/dnbp2202_ctd175.cnv
* Sea-Bird SBE 9 Data File:
* FileName = D:\Data\raw\NBP2202_CTD175.hex
* Software Version Seasave V 7.26.7.121
* Temperature SN = 1649
* Conductivity SN = 2513
* Number of Bytes Per Scan = 40
* Number of Voltage Words = 5
* Number of Scans Averaged by the Deck Unit = 1
* NMEA Latitude = 74 02.96 S
* NMEA Longitude = 110 58.93 W
* NMEA UTC (Time) = Feb 03 2022  19:27:58
* NMEA baud rate = 9600
** Ship: RVIB N.B. Palmer
** Cruise: NBP2202 Thwaites
** Station: 97
** Operator: A. Robinson
# nquan = 28
# nvalues = 630                         
# units = specified
# name 0 = prDM: Pressure, Digiquartz [db]
# name 1 = depSM: Depth [salt water, m]
# name 2 = t090C: Temperature [ITS-90, deg C]
# name 3 = c0mS/cm: Conductivity [mS/cm]
# name 4 = t190C: Temperature, 2 [ITS-90, deg C]
# name 5 = c1mS/cm: Conductivity, 2 [mS/cm]
# name 6 = sbeox0ML/L: Oxygen, SBE 43 [ml/l]
# name 7 = sbeox1ML/L: Oxygen, SBE 43, 2 [ml/l]
# name 8 = flECO-AFL: Fluorescence, WET Labs ECO-AFL/FL [mg/m^3]
# name 9 = CStarTr0: Beam Transmission, WET Labs C-Star [%]
# name 10 = par: PAR/Irradiance, Biospherical/Licor
# name 11 = latitude: Latitude [deg]
# name 12 = longitude: Longitude [deg]
# name 13 = timeJ: Julian Days
# name 14 = altM: Altimeter [m]
# name 15 = spar: SPAR, Biospherical/Licor
# name 16 = timeS: Time, Elapsed [seconds]
# name 17 = scan: Scan Count
# name 18 = density00: Density [density, kg/m^3]
# name 19 = density11: Density, 2 [density, kg/m^3]
# name 20 = v3: Voltage 3
# name 21 = v4: Voltage 4
# name 22 = v5: Voltage 5
# name 23 = sal00: Salinity, Practical [PSU]
# name 24 = sal11: Salinity, Practical, 2 [PSU]
# name 25 = oxsolML/L: Oxygen Saturation, Garcia & Gordon [ml/l]
# name 26 = nbin: number of scans per bin
# name 27 = flag: flag
# span 0 =      2.000,    631.000       
# span 1 =      1.974,    623.524       
# span 2 =    -1.5330,     0.2512       
# span 3 =  27.004508,  29.143431       
# span 4 =    -1.5340,     0.2536       
# span 5 =  27.005062,  29.143464       
# span 6 =     4.7038,     7.0322       
# span 7 =     4.8322,     6.9457       
# span 8 =    -0.0150,     6.3381       
# span 9 =    85.3731,    98.9551       
# span 10 = 1.0000e-12, 1.2805e+02      
# span 11 =  -74.04936,  -74.04934      
# span 12 = -110.98226, -110.98219      
# span 13 =  34.813993,  34.822389      
# span 14 =       5.26,     106.56      
# span 15 = 1.8197e+03, 1.8313e+03      
# span 16 =    250.955,    976.370      
# span 17 =       6024,      23434      
# span 18 =  1027.1944,  1030.6553      
# span 19 =  1027.1966,  1030.6531      
# span 20 =     4.0505,     4.6942      
# span 21 =     0.0650,     0.9927      
# span 22 =     0.1147,     0.1535      
# span 23 =    33.7895,    34.4789      
# span 24 =    33.7936,    34.4762      
# span 25 =    7.98702,    8.40231      
# span 26 =         16,         60      
# span 27 = 0.0000e+00, 0.0000e+00      
# interval = decibars: 1                
# start_time = Feb 03 2022 19:27:58 [NMEA time, header]
# bad_flag = -9.990e-29
*END*
[from data line 415]
    417.000    412.271    -0.2399  28.538617    -0.2380  28.538273     5.1456     5.2900     0.0018    98.6076 1.0000e-12  -74.04936 -110.98222  34.819325      99.76 1.8273e+03    711.683      17081  1029.5800  1029.5779     4.6778     0.0727     0.1271    34.3561    34.3535    8.09701         23 0.0000e+00
    418.000    413.259    -0.2364  28.542545    -0.2345  28.542283     5.1396     5.2923     0.0009    98.6251 1.0000e-12  -74.04936 -110.98222  34.819336      99.76 1.8280e+03    712.660      17105  1029.5852  1029.5831     4.6786     0.0704     0.1260    34.3568    34.3543    8.09624         23 0.0000e+00
    419.000    414.246    -0.2337  28.545733    -0.2319  28.545283     5.1342     5.2931    -0.0065    98.6241 1.0000e-12  -74.04936 -110.98222  34.819348      99.76 1.8271e+03    713.640      17128  1029.5904  1029.5881     4.6786     0.0722     0.1289    34.3575    34.3547    8.09564         23 0.0000e+00
    420.000    415.234    -0.2325  28.547393    -0.2308  28.546884     5.1413     5.2892     0.0122    98.6147 1.0000e-12  -74.04936 -110.98222  34.819359      99.76 1.8264e+03    714.608      17152  1029.5952  1029.5931     4.6781     0.0706     0.1279    34.3576    34.3551    8.09535         24 0.0000e+00
    421.000    416.222    -0.2314  28.548908    -0.2290  28.549149     5.1443     5.2887     0.0127    98.6158 1.0000e-12  -74.04936 -110.98222  34.819370      99.76 1.8270e+03    715.586      17175  1029.6002  1029.5981     4.6782     0.0704     0.1298    34.3579    34.3555    8.09512         24 0.0000e+00
    422.000    417.210    -0.2286  28.552202    -0.2263  28.552249     5.1385     5.2832     0.0133    98.5899 1.0000e-12  -74.04936 -110.98222  34.819382      99.75 1.8264e+03    716.565      17199  1029.6053  1029.6032     4.6769     0.0713     0.1263    34.3585    34.3560    8.09449         23 0.0000e+00
    423.000    418.197    -0.2270  28.554431    -0.2255  28.553607     5.1294     5.2757     0.0130    98.5705 1.0000e-12  -74.04936 -110.98222  34.819393      99.76 1.8263e+03    717.533      17222  1029.6104  1029.6082     4.6760     0.0709     0.1267    34.3590    34.3563    8.09411         23 0.0000e+00
    424.000    419.185    -0.2196  28.562752    -0.2190  28.560927     5.1241     5.2724     0.0131    98.6132 1.0000e-12  -74.04936 -110.98222  34.819404      99.76 1.8263e+03    718.512      17245  1029.6164  1029.6138     4.6781     0.0716     0.1297    34.3613    34.3581    8.09243         24 0.0000e+00
    425.000    420.171    -0.2168  28.565689    -0.2159  28.564590     5.1218     5.2707     0.0130    98.6151 1.0000e-12  -74.04936 -110.98222  34.819415      91.58 1.8263e+03    719.495      17269  1029.6211  1029.6190     4.6781     0.0693     0.1299    34.3614    34.3589    8.09181         23 0.0000e+00
    426.000    421.160    -0.2133  28.569909    -0.2117  28.569172     5.1144     5.2654     0.0106    98.5998 1.0000e-12  -74.04936 -110.98222  34.819427      91.96 1.8263e+03    720.475      17292  1029.6265  1029.6242     4.6774     0.0695     0.1277    34.3625    34.3597    8.09101         24 0.0000e+00
    427.000    422.148    -0.2053  28.578978    -0.2043  28.577506     5.0977     5.2527     0.0040    98.6272 1.0000e-12  -74.04936 -110.98224  34.819438      99.65 1.8263e+03    721.466      17316  1029.6326  1029.6301     4.6788     0.0721     0.1272    34.3650    34.3619    8.08918         24 0.0000e+00
    428.000    423.135    -0.1954  28.589793    -0.1938  28.588827     5.0815     5.2366     0.0136    98.6042 1.0000e-12  -74.04936 -110.98222  34.819450      99.75 1.8263e+03    722.471      17340  1029.6386  1029.6361     4.6776     0.0712     0.1282    34.3676    34.3645    8.08692         24 0.0000e+00
    429.000    424.124    -0.1778  28.608931    -0.1671  28.617336     5.0775     5.2249     0.0191    98.5882 1.0000e-12  -74.04936 -110.98224  34.819461      99.76 1.8263e+03    723.463      17364  1029.6461  1029.6445     4.6768     0.0715     0.1313    34.3727    34.3719    8.08292         23 0.0000e+00
    430.000    425.110    -0.1558  28.631363    -0.1534  28.631335     5.0753     5.2153     0.0043    98.5962 1.0000e-12  -74.04936 -110.98222  34.819473      99.76 1.8263e+03    724.487      17389  1029.6527  1029.6503     4.6772     0.0708     0.1330    34.3772    34.3744    8.07800         26 0.0000e+00
    431.000    426.099    -0.1551  28.632465    -0.1529  28.632241     5.0675     5.2211     0.0133    98.6253 1.0000e-12  -74.04936 -110.98223  34.819486      99.75 1.8262e+03    725.606      17416  1029.6575  1029.6553     4.6786     0.0735     0.1269    34.3772    34.3745    8.07784         28 0.0000e+00
    432.000    427.085    -0.1523  28.635759    -0.1523  28.633459     5.0693     5.2189     0.0027    98.6130 1.0000e-12  -74.04936 -110.98223  34.819499      99.76 1.8253e+03    726.730      17443  1029.6629  1029.6605     4.6781     0.0709     0.1312    34.3779    34.3749    8.07723         26 0.0000e+00
    433.000    428.073    -0.1544  28.634118    -0.1521  28.634075     5.0550     5.2139    -0.0045    98.6022 1.0000e-12  -74.04936 -110.98223  34.819512      99.76 1.8262e+03    727.836      17469  1029.6676  1029.6653     4.6775     0.0710     0.1297    34.3775    34.3748    8.07769         27 0.0000e+00
    434.000    429.061    -0.1508  28.638277    -0.1496  28.637104     5.0609     5.2121     0.0029    98.5955 1.0000e-12  -74.04936 -110.98223  34.819525      99.75 1.8262e+03    728.960      17496  1029.6729  1029.6705     4.6772     0.0719     0.1325    34.3783    34.3754    8.07687         27 0.0000e+00
    435.000    430.049    -0.1452  28.644589    -0.1434  28.643814     5.0577     5.1938    -0.0055    98.5975 1.0000e-12  -74.04936 -110.98222  34.819538      99.76 1.8251e+03    730.085      17523  1029.6785  1029.6759     4.6773     0.0732     0.1283    34.3798    34.3768    8.07561         27 0.0000e+00
    436.000    431.036    -0.1360  28.655176    -0.1318  28.656135     5.0321     5.1775     0.0035    98.5395 1.0000e-12  -74.04936 -110.98224  34.819551      77.50 1.8263e+03    731.186      17549  1029.6850  1029.6820     4.6745     0.0683     0.1296    34.3830    34.3795    8.07349         27 0.0000e+00
    437.000    432.023    -0.1086  28.683653    -0.1060  28.683399     5.0223     5.1697    -0.0054    98.5061 1.0000e-12  -74.04936 -110.98222  34.819564      83.60 1.8263e+03    732.310      17576  1029.6926  1029.6899     4.6729     0.0680     0.1267    34.3894    34.3861    8.06734         26 0.0000e+00
    438.000    433.011    -0.1027  28.689983    -0.1002  28.690067     5.0294     5.1688    -0.0022    98.5644 1.0000e-12  -74.04936 -110.98224  34.819577      93.22 1.8256e+03    733.442      17604  1029.6981  1029.6957     4.6757     0.0703     0.1331    34.3906    34.3878    8.06603         27 0.0000e+00
    439.000    433.999    -0.0999  28.693101    -0.0981  28.692637     5.0144     5.1608     0.0133    98.6044 1.0000e-12  -74.04936 -110.98223  34.819590      99.80 1.8261e+03    734.549      17630  1029.7031  1029.7009     4.6777     0.0712     0.1296    34.3910    34.3883    8.06542         27 0.0000e+00
    440.000    434.986    -0.1004  28.693186    -0.0978  28.693484     5.0191     5.1593     0.0107    98.5969 1.0000e-12  -74.04936 -110.98223  34.819603      99.75 1.8263e+03    735.677      17657  1029.7081  1029.7059     4.6773     0.0716     0.1294    34.3910    34.3885    8.06552         28 0.0000e+00
    441.000    435.974    -0.0924  28.702241    -0.0896  28.702243     5.0176     5.1583     0.0001    98.5797 1.0000e-12  -74.04936 -110.98223  34.819616      99.76 1.8243e+03    736.811      17684  1029.7142  1029.7115     4.6764     0.0712     0.1277    34.3934    34.3903    8.06369         27 0.0000e+00
    442.000    436.962    -0.0872  28.707729    -0.0854  28.706990     5.0054     5.1489     0.0138    98.6066 1.0000e-12  -74.04936 -110.98223  34.819629      99.76 1.8253e+03    737.919      17711  1029.7193  1029.7169     4.6778     0.0706     0.1375    34.3943    34.3913    8.06254         26 0.0000e+00
    443.000    437.949    -0.0802  28.715723    -0.0794  28.713620     4.9822     5.1333     0.0110    98.5833 1.0000e-12  -74.04936 -110.98223  34.819642      99.76 1.8263e+03    739.036      17738  1029.7254  1029.7224     4.6766     0.0708     0.1346    34.3965    34.3928    8.06095         27 0.0000e+00
    444.000    438.936    -0.0606  28.736738    -0.0571  28.737136     4.9715     5.1208     0.0083    98.6108 1.0000e-12  -74.04936 -110.98222  34.819655      99.75 1.8250e+03    740.166      17765  1029.7328  1029.7297     4.6780     0.0704     0.1348    34.4017    34.3983    8.05653         27 0.0000e+00
    445.000    439.924    -0.0452  28.752493    -0.0433  28.751931     4.9668     5.1165     0.0158    98.5845 1.0000e-12  -74.04936 -110.98224  34.819668      99.76 1.8257e+03    741.275      17792  1029.7387  1029.7363     4.6767     0.0705     0.1282    34.4047    34.4018    8.05312         27 0.0000e+00
    446.000    440.911    -0.0443  28.753791    -0.0416  28.754188     4.9622     5.1042     0.0036    98.5951 1.0000e-12  -74.04936 -110.98222  34.819680      99.76 1.8262e+03    742.388      17818  1029.7436  1029.7414     4.6772     0.0723     0.1279    34.4048    34.4023    8.05292         26 0.0000e+00
    447.000    441.899    -0.0370  28.762448    -0.0338  28.762744     4.9385     5.0898     0.0017    98.4693 1.0000e-12  -74.04936 -110.98224  34.819694      99.76 1.8255e+03    743.520      17845  1029.7501  1029.7473     4.6712     0.0711     0.1294    34.4075    34.4043    8.05124         27 0.0000e+00
    448.000    442.886    -0.0164  28.784125    -0.0120  28.785637     4.9338     5.0805    -0.0045    98.5594 1.0000e-12  -74.04936 -110.98223  34.819706      78.97 1.8251e+03    744.639      17872  1029.7572  1029.7545     4.6754     0.0687     0.1301    34.4125    34.4095    8.04662         27 0.0000e+00
    449.000    443.873    -0.0044  28.796912    -0.0011  28.797582     4.9336     5.0770     0.0021    98.5593 1.0000e-12  -74.04936 -110.98223  34.819719      94.02 1.8262e+03    745.762      17899  1029.7633  1029.7609     4.6755     0.0701     0.1343    34.4153    34.4125    8.04393         27 0.0000e+00
    450.000    444.862    -0.0011  28.800621     0.0010  28.800236     4.9388     5.0759     0.0099    98.5758 1.0000e-12  -74.04936 -110.98223  34.819733      99.84 1.8259e+03    746.910      17927  1029.7686  1029.7661     4.6763     0.0715     0.1303    34.4159    34.4130    8.04321         28 0.0000e+00
    451.000    445.850     0.0021  28.804361     0.0041  28.803849     4.9171     5.0667     0.0037    98.5831 1.0000e-12  -74.04936 -110.98224  34.819746      99.76 1.8249e+03    748.035      17954  1029.7738  1029.7714     4.6766     0.0719     0.1319    34.4167    34.4138    8.04250         27 0.0000e+00
    452.000    446.836     0.0063  28.809379     0.0094  28.809686     4.9109     5.0562     0.0050    98.5737 1.0000e-12  -74.04936 -110.98224  34.819759      99.75 1.8263e+03    749.150      17981  1029.7795  1029.7767     4.6761     0.0727     0.1315    34.4180    34.4149    8.04154         27 0.0000e+00
    453.000    447.825     0.0197  28.823896     0.0220  28.823319     4.8987     5.0460     0.0083    98.5593 1.0000e-12  -74.04936 -110.98222  34.819772      99.76 1.8259e+03    750.289      18008  1029.7860  1029.7831     4.6755     0.0713     0.1307    34.4216    34.4182    8.03853         27 0.0000e+00
    454.000    448.812     0.0307  28.835553     0.0327  28.834920     4.8885     5.0411     0.0100    98.4801 1.0000e-12  -74.04936 -110.98222  34.819785      99.76 1.8251e+03    751.399      18035  1029.7920  1029.7893     4.6717     0.0723     0.1300    34.4241    34.4209    8.03608         26 0.0000e+00
    455.000    449.798     0.0411  28.846829     0.0431  28.846048     4.9004     5.0370    -0.0007    98.5422 1.0000e-12  -74.04936 -110.98222  34.819797      99.75 1.8263e+03    752.501      18061  1029.7981  1029.7953     4.6747     0.0726     0.1358    34.4268    34.4235    8.03376         27 0.0000e+00
    456.000    450.787     0.0441  28.850161     0.0466  28.850234     4.9013     5.0300    -0.0034    98.5781 1.0000e-12  -74.04936 -110.98222  34.819810      99.76 1.8263e+03    753.616      18088  1029.8031  1029.8008     4.6764     0.0711     0.1329    34.4271    34.4245    8.03309         27 0.0000e+00
    457.000    451.774     0.0470  28.853674     0.0499  28.854080     4.8940     5.0240     0.0060    98.5695 1.0000e-12  -74.04936 -110.98222  34.819823      99.76 1.8248e+03    754.718      18114  1029.8084  1029.8060     4.6759     0.0727     0.1298    34.4280    34.4252    8.03245         26 0.0000e+00
    458.000    452.761     0.0493  28.856337     0.0512  28.855720     4.8835     5.0302     0.0041    98.5635 1.0000e-12  -74.04936 -110.98222  34.819836      87.17 1.8261e+03    755.816      18141  1029.8134  1029.8110     4.6757     0.0706     0.1310    34.4283    34.4254    8.03195         26 0.0000e+00
    459.000    453.750     0.0518  28.859259     0.0528  28.857780     4.8678     5.0168     0.0009    98.5612 1.0000e-12  -74.04936 -110.98222  34.819849      69.11 1.8259e+03    756.933      18167  1029.8185  1029.8159     4.6756     0.0700     0.1276    34.4288    34.4257    8.03140         27 0.0000e+00
    460.000    454.736     0.0626  28.871683     0.0648  28.870816     4.8746     5.0078     0.0001    98.5680 1.0000e-12  -74.04936 -110.98222  34.819862      85.64 1.8228e+03    758.054      18194  1029.8253  1029.8222     4.6759     0.0693     0.1284    34.4325    34.4289    8.02893         27 0.0000e+00
    461.000    455.724     0.0814  28.891278     0.0839  28.890969     4.8657     5.0045    -0.0026    98.5679 1.0000e-12  -74.04936 -110.98222  34.819875      93.61 1.8261e+03    759.165      18221  1029.8318  1029.8291     4.6759     0.0705     0.1281    34.4367    34.4335    8.02476         27 0.0000e+00
    462.000    456.711     0.0842  28.894370     0.0862  28.893912     4.8555     5.0006     0.0082    98.5591 1.0000e-12  -74.04936 -110.98222  34.819888      99.74 1.8259e+03    760.310      18248  1029.8368  1029.8343     4.6755     0.0703     0.1291    34.4370    34.4341    8.02415         28 0.0000e+00
    463.000    457.699     0.0852  28.895852     0.0872  28.895367     4.8490     4.9998     0.0143    98.5650 1.0000e-12  -74.04936 -110.98222  34.819901      99.76 1.8232e+03    761.452      18276  1029.8418  1029.8393     4.6758     0.0712     0.1328    34.4373    34.4344    8.02393         27 0.0000e+00
    464.000    458.685     0.0845  28.895357     0.0869  28.895407     4.8663     4.9973     0.0016    98.5222 1.0000e-12  -74.04936 -110.98222  34.819914      99.76 1.8261e+03    762.580      18303  1029.8464  1029.8442     4.6737     0.0714     0.1293    34.4369    34.4342    8.02411         25 0.0000e+00
    465.000    459.675     0.0843  28.895657     0.0865  28.895402     4.8693     5.0039     0.0033    98.5288 1.0000e-12  -74.04936 -110.98222  34.819927      99.76 1.8263e+03    763.731      18331  1029.8513  1029.8489     4.6740     0.0717     0.1282    34.4368    34.4340    8.02414         28 0.0000e+00
    466.000    460.661     0.0849  28.896539     0.0878  28.897186     4.8589     4.9975     0.0116    98.5107 1.0000e-12  -74.04935 -110.98222  34.819941      99.76 1.8241e+03    764.874      18358  1029.8560  1029.8538     4.6732     0.0713     0.1262    34.4367    34.4343    8.02401         27 0.0000e+00
    467.000    461.649     0.0862  28.898274     0.0874  28.897253     4.8475     4.9868     0.0143    98.5334 1.0000e-12  -74.04935 -110.98222  34.819954      99.76 1.8266e+03    765.992      18385  1029.8609  1029.8587     4.6743     0.0708     0.1301    34.4370    34.4343    8.02374         27 0.0000e+00
