ocean_section_plots/required_files/ctd/dnbp2202_ctd184.cnv
* Sea-Bird SBE 9 Data File:
* FileName = D:\Data\raw\NBP2202_CTD184.hex
* Software Version Seasave V 7.26.7.121
* Temperature SN = 1649
* Conductivity SN = 2513
* Number of Bytes Per Scan = 40
* Number of Voltage Words = 5
* Number of Scans Averaged by the Deck Unit = 1
* NMEA Latitude = 74 09.54 S
* NMEA Longitude = 111 26.36 W
* NMEA UTC (Time) = Feb 05 2022  10:14:04
* NMEA baud rate = 9600
** Ship: RVIB N.B. Palmer
** Cruise: NBP2202 Thwaites
** Station: 106
** Operator: B Bjork
# nquan = 28
# nvalues = 321                         
# units = specified
# name 0 = prDM: Pressure, Digiquartz [db]
# name 1 = depSM: Depth [salt water, m]
# name 2 = t090C: Temperature [ITS-90, deg C]
# name 3 = c0mS/cm: Conductivity [mS/cm]
# name 4 = t190C: Temperature, 2 [ITS-90, deg C]
# name 5 = c1mS/cm: Conductivity, 2 [mS/cm]
# name 6 = sbeox0ML/L: Oxygen, SBE 43 [ml/l]
# name 7 = sbeox1ML/L: Oxygen, SBE 43, 2 [ml/l]
# name 8 = flECO-AFL: Fluorescence, WET Labs ECO-AFL/FL [mg/m^3]
# name 9 = CStarTr0: Beam Transmission, WET Labs C-Star [%]
# name 10 = par: PAR/Irradiance, Biospherical/Licor
# name 11 = latitude: Latitude [deg]
# name 12 = longitude: Longitude [deg]
# name 13 = timeJ: Julian Days
# name 14 = altM: Altimeter [m]
# name 15 = spar: SPAR, Biospherical/Licor
# name 16 = timeS: Time, Elapsed [seconds]
# name 17 = scan: Scan Count
# name 18 = density00: Density [density, kg/m^3]
# name 19 = density11: Density, 2 [density, kg/m^3]
# name 20 = v3: Voltage 3
# name 21 = v4: Voltage 4
# name 22 = v5: Voltage 5
# name 23 = sal00: Salinity, Practical [PSU]
# name 24 = sal11: Salinity, Practical, 2 [PSU]
# name 25 = oxsolML/L: Oxygen Saturation, Garcia & Gordon [ml/l]
# name 26 = nbin: number of scans per bin
# name 27 = flag: flag
# span 0 =      1.000,    321.000       
# span 1 =      1.013,    317.433       
# span 2 =    -1.3986,    -1.2854       
# span 3 =  27.051064,  27.333225       
# span 4 =    -1.3981,    -1.2865       
# span 5 =  27.051581,  27.332956       
# span 6 =     5.7532,     7.3622       
# span 7 =     5.9305,     7.5724       
# span 8 =     0.0143,     8.7621       
# span 9 =    85.5656,    98.4371       
# span 10 = -3.444e-06, 9.9420e+01      
# span 11 =  -74.15912,  -74.15912      
# span 12 = -111.43944, -111.43940      
# span 13 =  36.428840,  36.434373      
# span 14 =       4.75,     100.38      
# span 15 = 4.5704e+02, 5.4628e+02      
# span 16 =    207.750,    685.807      
# span 17 =       4987,      16460      
# span 18 =  1027.1871,  1028.9265      
# span 19 =  1027.1895,  1028.9251      
# span 20 =     4.0597,     4.6697      
# span 21 =     0.0688,     1.4210      
# span 22 =     0.1248,     0.1754      
# span 23 =    33.7883,    34.0403      
# span 24 =    33.7900,    34.0389      
# span 25 =    8.35497,    8.37640      
# span 26 =          5,         54      
# span 27 = 0.0000e+00, 0.0000e+00      
# interval = decibars: 1                
# start_time = Feb 05 2022 10:14:04 [NMEA time, header]
# bad_flag = -9.990e-29
*END*
[from data line 52]
     53.000     52.445    -1.3289  27.077193    -1.3326  27.075476     6.5367     6.7542     5.5616    89.8117 1.0000e-12  -74.15912 -111.43942  36.430139      99.67 5.0531e+02    320.053       7682  1027.4719  1027.4736     4.2609     0.8720     0.1524    33.8304    33.8323    8.36524         28 0.0000e+00
     54.000     53.435    -1.3329  27.075807    -1.3330  27.075948     6.5263     6.7477     4.7233    90.4381 1.0000e-12  -74.15912 -111.43942  36.430153      99.64 5.0570e+02    321.226       7710  1027.4785  1027.4787     4.2904     0.9563     0.1447    33.8324    33.8327    8.36602         28 0.0000e+00
     55.000     54.423    -1.3342  27.075844    -1.3339  27.076176     6.5250     6.7413     4.9444    90.1149 1.0000e-12  -74.15912 -111.43942  36.430167      99.68 5.0595e+02    322.403       7739  1027.4840  1027.4842     4.2750     0.8641     0.1454    33.8333    33.8335    8.36624         29 0.0000e+00
     56.000     55.413    -1.3336  27.076981    -1.3342  27.076932     6.5172     6.7326     4.7757    90.9234 1.0000e-12  -74.15912 -111.43942  36.430180      99.72 5.0745e+02    323.569       7767  1027.4890  1027.4895     4.3134     0.7634     0.1520    33.8335    33.8342    8.36610         26 0.0000e+00
     57.000     56.403    -1.3354  27.076911    -1.3359  27.076811     6.5188     6.7277     4.6285    90.9175 1.0000e-12  -74.15912 -111.43942  36.430193      99.69 5.0680e+02    324.711       7794  1027.4949  1027.4953     4.3135     0.8099     0.1400    33.8349    33.8354    8.36643         29 0.0000e+00
     58.000     57.391    -1.3351  27.077833    -1.3354  27.077740     6.5081     6.7318     4.6613    91.5841 1.0000e-12  -74.15912 -111.43942  36.430207      99.70 5.0777e+02    325.870       7822  1027.4999  1027.5002     4.3443     0.8202     0.1479    33.8352    33.8355    8.36634         27 0.0000e+00
     59.000     58.381    -1.3359  27.077562    -1.3365  27.077536     6.5288     6.7435     4.7069    90.7990 1.0000e-12  -74.15912 -111.43942  36.430220      99.70 5.0937e+02    327.043       7850  1027.5047  1027.5052     4.3075     0.8105     0.1497    33.8351    33.8357    8.36653         28 0.0000e+00
     60.000     59.371    -1.3337  27.079952    -1.3340  27.080068     6.5442     6.7433     4.4424    91.2347 1.0000e-12  -74.15912 -111.43942  36.430234      99.18 5.0726e+02    328.194       7878  1027.5095  1027.5099     4.3282     0.7497     0.1441    33.8353    33.8357    8.36603         28 0.0000e+00
     61.000     60.360    -1.3333  27.081007    -1.3337  27.080811     6.5384     6.7444     4.2399    91.1093 1.0000e-12  -74.15912 -111.43942  36.430247      99.71 5.0795e+02    329.375       7906  1027.5146  1027.5147     4.3223     0.7622     0.1431    33.8356    33.8358    8.36591         29 0.0000e+00
     62.000     61.349    -1.3324  27.082528    -1.3329  27.082236     6.5355     6.7378     3.8218    91.7080 1.0000e-12  -74.15912 -111.43942  36.430261      99.71 5.0898e+02    330.576       7935  1027.5197  1027.5198     4.3506     0.7691     0.1490    33.8361    33.8363    8.36569         28 0.0000e+00
     63.000     62.338    -1.3324  27.083114    -1.3327  27.083121     6.5229     6.7375     4.0836    92.1335 1.0000e-12  -74.15912 -111.43942  36.430275      99.70 5.0723e+02    331.722       7962  1027.5246  1027.5249     4.3708     0.8125     0.1489    33.8363    33.8366    8.36568         27 0.0000e+00
     64.000     63.329    -1.3328  27.083369    -1.3329  27.083454     6.5185     6.7216     4.1054    91.9308 1.0000e-12  -74.15912 -111.43942  36.430288      99.73 5.0656e+02    332.873       7990  1027.5296  1027.5298     4.3612     0.7442     0.1415    33.8365    33.8367    8.36575         29 0.0000e+00
     65.000     64.317    -1.3338  27.083168    -1.3339  27.083195     6.4937     6.6990     4.2611    92.2400 1.0000e-12  -74.15912 -111.43942  36.430302      99.72 5.0825e+02    334.055       8018  1027.5346  1027.5347     4.3758     0.7673     0.1484    33.8366    33.8368    8.36596         27 0.0000e+00
     66.000     65.307    -1.3348  27.083275    -1.3356  27.083093     6.4754     6.6779     4.4988    92.2048 1.0000e-12  -74.15912 -111.43942  36.430315      99.70 5.0796e+02    335.208       8046  1027.5401  1027.5406     4.3742     0.8085     0.1496    33.8374    33.8380    8.36615         28 0.0000e+00
     67.000     66.296    -1.3361  27.083404    -1.3365  27.083304     6.4606     6.6607     4.1585    92.2867 1.0000e-12  -74.15912 -111.43942  36.430328      99.74 5.0671e+02    336.347       8073  1027.5457  1027.5460     4.3781     0.6739     0.1421    33.8383    33.8386    8.36638         28 0.0000e+00
     68.000     67.285    -1.3378  27.082972    -1.3388  27.082473     6.4527     6.6578     3.9034    92.1664 1.0000e-12  -74.15912 -111.43942  36.430342      99.74 5.0759e+02    337.512       8101  1027.5512  1027.5516     4.3723     0.6692     0.1386    33.8391    33.8395    8.36673         27 0.0000e+00
     69.000     68.274    -1.3364  27.084181    -1.3373  27.083870     6.4476     6.6544     3.6256    92.1060 1.0000e-12  -74.15912 -111.43942  36.430355      99.72 5.0878e+02    338.646       8129  1027.5554  1027.5560     4.3695     0.7289     0.1502    33.8385    33.8391    8.36643         28 0.0000e+00
     70.000     69.264    -1.3375  27.084039    -1.3384  27.083655     6.4421     6.6493     3.9066    92.5173 1.0000e-12  -74.15912 -111.43943  36.430368      99.74 5.0915e+02    339.795       8156  1027.5607  1027.5611     4.3890     0.6843     0.1472    33.8390    33.8395    8.36666         28 0.0000e+00
     71.000     70.254    -1.3387  27.083853    -1.3390  27.083779     6.4423     6.6432     4.1556    92.2723 1.0000e-12  -74.15912 -111.43943  36.430382      99.76 5.0947e+02    340.992       8185  1027.5659  1027.5661     4.3774     0.6235     0.1397    33.8394    33.8396    8.36690         29 0.0000e+00
     72.000     71.242    -1.3393  27.083617    -1.3392  27.084009     6.4324     6.6254     3.7942    92.0445 1.0000e-12  -74.15912 -111.43944  36.430395      99.70 5.0960e+02    342.167       8213  1027.5705  1027.5708     4.3666     0.7798     0.1436    33.8392    33.8395    8.36705         27 0.0000e+00
     73.000     72.232    -1.3422  27.082031    -1.3438  27.081230     6.4058     6.6108     3.9129    92.3798 1.0000e-12  -74.15912 -111.43942  36.430409      99.74 5.1051e+02    343.330       8241  1027.5759  1027.5766     4.3824     0.6884     0.1434    33.8396    33.8404    8.36768         29 0.0000e+00
     74.000     73.221    -1.3445  27.081377    -1.3446  27.081290     6.3864     6.5888     4.0552    92.3362 1.0000e-12  -74.15912 -111.43943  36.430423      99.75 5.1167e+02    344.514       8269  1027.5816  1027.5816     4.3804     0.6101     0.1393    33.8407    33.8407    8.36812         28 0.0000e+00
     75.000     74.211    -1.3452  27.081431    -1.3452  27.081562     6.3680     6.5659     3.3722    92.5064 1.0000e-12  -74.15912 -111.43943  36.430436      99.76 5.1111e+02    345.668       8297  1027.5867  1027.5868     4.3885     0.5985     0.1412    33.8410    33.8411    8.36827         27 0.0000e+00
     76.000     75.200    -1.3499  27.080246    -1.3509  27.079971     6.3545     6.5505     4.4937    92.6029 1.0000e-12  -74.15912 -111.43944  36.430449      99.76 5.1073e+02    346.815       8325  1027.5942  1027.5949     4.3931     0.6195     0.1435    33.8440    33.8448    8.36914         28 0.0000e+00
     77.000     76.189    -1.3478  27.081368    -1.3486  27.081071     6.3241     6.5284     3.8309    92.7372 1.0000e-12  -74.15912 -111.43944  36.430463      99.79 5.0959e+02    348.004       8353  1027.5977  1027.5981     4.3994     0.4936     0.1423    33.8426    33.8431    8.36876         29 0.0000e+00
     78.000     77.177    -1.3536  27.080374    -1.3542  27.080359     6.2964     6.5165     3.5632    92.6752 1.0000e-12  -74.15912 -111.43944  36.430476      99.76 5.0908e+02    349.164       8381  1027.6065  1027.6071     4.3964     0.5500     0.1475    33.8471    33.8478    8.36978         27 0.0000e+00
     79.000     78.169    -1.3547  27.080475    -1.3547  27.080519     6.2959     6.5078     3.2959    92.6160 1.0000e-12  -74.15912 -111.43944  36.430489      99.77 5.0941e+02    350.290       8408  1027.6120  1027.6120     4.3938     0.5562     0.1415    33.8479    33.8479    8.36999         27 0.0000e+00
     80.000     79.156    -1.3564  27.080641    -1.3554  27.080860     6.2963     6.4982     3.3157    93.3401 1.0000e-12  -74.15912 -111.43944  36.430503      99.76 5.1123e+02    351.471       8436  1027.6181  1027.6173     4.4280     0.5850     0.1432    33.8494    33.8486    8.37028         30 0.0000e+00
     81.000     80.146    -1.3543  27.081473    -1.3546  27.081530     6.2743     6.4784     3.1737    93.6429 1.0000e-12  -74.15912 -111.43944  36.430517      99.77 5.1136e+02    352.673       8465  1027.6212  1027.6215     4.4424     0.5437     0.1401    33.8475    33.8479    8.36991         28 0.0000e+00
     82.000     81.136    -1.3580  27.081233    -1.3583  27.081194     6.2650     6.4702     3.2183    93.7547 1.0000e-12  -74.15912 -111.43944  36.430530      92.58 5.1143e+02    353.824       8493  1027.6288  1027.6291     4.4476     0.5953     0.1404    33.8508    33.8511    8.37056         27 0.0000e+00
     83.000     82.124    -1.3584  27.081591    -1.3589  27.081539     6.2475     6.4541     3.0520    93.8224 1.0000e-12  -74.15912 -111.43944  36.430544      99.83 5.1246e+02    355.009       8521  1027.6338  1027.6343     4.4506     0.5132     0.1351    33.8511    33.8516    8.37063         29 0.0000e+00
     84.000     83.114    -1.3589  27.081991    -1.3593  27.082028     6.2258     6.4324     3.3393    93.1645 1.0000e-12  -74.15912 -111.43944  36.430558      99.77 5.1224e+02    356.204       8550  1027.6391  1027.6395     4.4199     0.5220     0.1349    33.8516    33.8521    8.37071         28 0.0000e+00
     85.000     84.103    -1.3634  27.080456    -1.3617  27.081662     6.2300     6.4200     2.8729    93.1408 1.0000e-12  -74.15912 -111.43944  36.430571      99.77 5.1122e+02    357.351       8577  1027.6460  1027.6457     4.4186     0.5652     0.1394    33.8540    33.8537    8.37158         27 0.0000e+00
     86.000     85.093    -1.3624  27.080772    -1.3634  27.080602     6.2206     6.4182     2.6530    93.3802 1.0000e-12  -74.15912 -111.43944  36.430585      99.78 5.1262e+02    358.507       8605  1027.6496  1027.6504     4.4299     0.4829     0.1432    33.8526    33.8536    8.37143         29 0.0000e+00
     87.000     86.082    -1.3632  27.081194    -1.3636  27.081116     6.2241     6.4323     2.4609    93.7685 1.0000e-12  -74.15912 -111.43944  36.430598      99.76 5.1300e+02    359.695       8634  1027.6551  1027.6554     4.4483     0.5539     0.1353    33.8535    33.8538    8.37156         28 0.0000e+00
     88.000     87.070    -1.3632  27.081716    -1.3634  27.081644     6.2552     6.4578     2.7117    94.0991 1.0000e-12  -74.15912 -111.43944  36.430612      99.79 5.1300e+02    360.863       8662  1027.6599  1027.6601     4.4639     0.4619     0.1350    33.8536    33.8537    8.37155         29 0.0000e+00
     89.000     88.061    -1.3606  27.082870    -1.3604  27.082858     6.2762     6.4646     3.2752    93.5112 1.0000e-12  -74.15912 -111.43944  36.430626      99.78 5.1300e+02    362.057       8690  1027.6630  1027.6628     4.4362     0.5044     0.1421    33.8516    33.8514    8.37109         28 0.0000e+00
     90.000     89.048    -1.3602  27.083417    -1.3602  27.083406     6.2781     6.4705     2.5924    93.8731 1.0000e-12  -74.15912 -111.43942  36.430640      99.79 5.1300e+02    363.268       8719  1027.6674  1027.6675     4.4532     0.4544     0.1366    33.8512    33.8513    8.37101         30 0.0000e+00
     91.000     90.039    -1.3601  27.084041    -1.3604  27.083940     6.2768     6.4631     2.7760    94.4875 1.0000e-12  -74.15912 -111.43944  36.430653      99.78 5.1300e+02    364.450       8748  1027.6724  1027.6726     4.4824     0.4894     0.1365    33.8514    33.8516    8.37099         27 0.0000e+00
     92.000     91.028    -1.3594  27.084977    -1.3599  27.084729     6.2544     6.4383     3.2201    94.4351 1.0000e-12  -74.15912 -111.43943  36.430667      99.79 5.1300e+02    365.631       8776  1027.6771  1027.6773     4.4799     0.4499     0.1379    33.8513    33.8515    8.37084         29 0.0000e+00
     93.000     92.017    -1.3587  27.086310    -1.3598  27.086048     6.2127     6.4030     2.9521    94.4201 1.0000e-12  -74.15912 -111.43943  36.430681      98.11 5.1300e+02    366.846       8805  1027.6822  1027.6829     4.4791     0.4964     0.1384    33.8517    33.8526    8.37066         29 0.0000e+00
     94.000     93.006    -1.3619  27.086691    -1.3626  27.086473     6.1939     6.3889     2.5533    93.9896 1.0000e-12  -74.15912 -111.43942  36.430695      97.70 5.1300e+02    368.049       8834  1027.6900  1027.6904     4.4589     0.5338     0.1362    33.8552    33.8557    8.37117         28 0.0000e+00
     95.000     93.996    -1.3628  27.087064    -1.3630  27.087008     6.1858     6.3757     2.7340    93.9854 1.0000e-12  -74.15912 -111.43942  36.430709      99.81 5.1300e+02    369.245       8863  1027.6956  1027.6956     4.4586     0.4882     0.1382    33.8561    33.8562    8.37131         30 0.0000e+00
     96.000     94.984    -1.3628  27.087561    -1.3631  27.087480     6.1614     6.3517     2.5260    94.1639 1.0000e-12  -74.15912 -111.43944  36.430723      99.78 5.1325e+02    370.472       8892  1027.7004  1027.7006     4.4671     0.4999     0.1369    33.8562    33.8564    8.37132         29 0.0000e+00
     97.000     95.973    -1.3651  27.086806    -1.3654  27.086555     6.1099     6.2903     2.5326    94.6012 1.0000e-12  -74.15912 -111.43943  36.430737      99.79 5.1319e+02    371.654       8921  1027.7061  1027.7061     4.4878     0.4312     0.1388    33.8571    33.8571    8.37177         28 0.0000e+00
     98.000     96.964    -1.3658  27.086603    -1.3705  27.084071     6.0283     6.2263     2.7441    93.8006 1.0000e-12  -74.15912 -111.43943  36.430750      99.81 5.1400e+02    372.810       8948  1027.7109  1027.7126     4.4498     0.3765     0.1326    33.8571    33.8588    8.37194         28 0.0000e+00
     99.000     97.951    -1.3829  27.076692    -1.3843  27.075915     5.9912     6.2006     2.9524    94.5575 1.0000e-12  -74.15912 -111.43942  36.430764      99.79 5.1458e+02    374.005       8977  1027.7209  1027.7213     4.4857     0.4507     0.1391    33.8622    33.8626    8.37548         30 0.0000e+00
    100.000     98.941    -1.3838  27.076890    -1.3841  27.076603     5.9879     6.1950     2.5201    94.4494 1.0000e-12  -74.15912 -111.43942  36.430778      99.78 5.1432e+02    375.209       9006  1027.7261  1027.7261     4.4809     0.4869     0.1407    33.8627    33.8627    8.37563         28 0.0000e+00
    101.000     99.930    -1.3838  27.077368    -1.3841  27.077212     5.9934     6.1862     1.7692    95.0928 1.0000e-12  -74.15912 -111.43942  36.430791      99.80 5.1587e+02    376.379       9034  1027.7309  1027.7310     4.5109     0.4531     0.1371    33.8628    33.8629    8.37564         28 0.0000e+00
    102.000    100.919    -1.3848  27.077386    -1.3850  27.077203     5.9945     6.1851     2.0993    94.9751 1.0000e-12  -74.15912 -111.43942  36.430805      99.78 5.1622e+02    377.593       9063  1027.7361  1027.7361     4.5055     0.4821     0.1390    33.8634    33.8633    8.37583         29 0.0000e+00
    103.000    101.909    -1.3856  27.077898    -1.3856  27.077796     5.9811     6.1711     1.5990    95.2285 1.0000e-12  -74.15912 -111.43942  36.430819      99.81 5.1457e+02    378.801       9092  1027.7417  1027.7416     4.5175     0.3300     0.1325    33.8643    33.8642    8.37595         29 0.0000e+00
