ocean_section_plots/required_files/ctd/dnbp2202_ctd051.cnv
* Sea-Bird SBE 9 Data File:
* FileName = D:\Data\raw\NBP2202_CTD051.hex
* Software Version Seasave V 7.26.7.121
* Temperature SN = 1649
* Conductivity SN = 2513
* Number of Bytes Per Scan = 40
* Number of Voltage Words = 5
* Number of Scans Averaged by the Deck Unit = 1
* NMEA Latitude = 74 13.57 S
* NMEA Longitude = 112 46.78 W
* NMEA UTC (Time) = Jan 24 2022  06:04:52
* NMEA baud rate = 9600
** Ship: RVIB N.B. Palmer
** Cruise: NBP2202 Thwaites
** Station: Section Dotson C
** Operator: B Bjork
# nquan = 25
# nvalues = 827                         
# units = specified
# name 0 = prDM: Pressure, Digiquartz [db]
# name 1 = depSM: Depth [salt water, m]
# name 2 = t090C: Temperature [ITS-90, deg C]
# name 3 = c0mS/cm: Conductivity [mS/cm]
# name 4 = t190C: Temperature, 2 [ITS-90, deg C]
# name 5 = c1mS/cm: Conductivity, 2 [mS/cm]
# name 6 = sbeox0ML/L: Oxygen, SBE 43 [ml/l]
# name 7 = sbeox1ML/L: Oxygen, SBE 43, 2 [ml/l]
# name 8 = flECO-AFL: Fluorescence, WET Labs ECO-AFL/FL [mg/m^3]
# name 9 = CStarTr0: Beam Transmission, WET Labs C-Star [%]
# name 10 = par: PAR/Irradiance, Biospherical/Licor
# name 11 = latitude: Latitude [deg]
# name 12 = longitude: Longitude [deg]
# name 13 = timeJ: Julian Days
# name 14 = altM: Altimeter [m]
# name 15 = spar: SPAR, Biospherical/Licor
# name 16 = timeS: Time, Elapsed [seconds]
# name 17 = scan: Scan Count
# name 18 = density00: Density [density, kg/m^3]
# name 19 = density11: Density, 2 [density, kg/m^3]
# name 20 = sal00: Salinity, Practical [PSU]
# name 21 = sal11: Salinity, Practical, 2 [PSU]
# name 22 = oxsolML/L: Oxygen Saturation, Garcia & Gordon [ml/l]
# name 23 = nbin: number of scans per bin
# name 24 = flag: flag
# span 0 =      2.000,    828.000       
# span 1 =      1.981,    817.795       
# span 2 =    -1.4930,     0.3882       
# span 3 =  27.099236,  29.367749       
# span 4 =    -1.4924,     0.3900       
# span 5 =  27.098835,  29.367112       
# span 6 =     4.6359,     8.2628       
# span 7 =     4.8419,     8.5527       
# span 8 =    -0.0192,    22.2790       
# span 9 =    71.9629,    96.5037       
# span 10 = 1.0000e-12, 6.7030e+01      
# span 11 =  -74.22628,  -74.22587      
# span 12 = -112.77982, -112.77812      
# span 13 =  24.254915,  24.268534      
# span 14 =       5.72,     100.47      
# span 15 = 1.8334e+02, 3.5244e+02      
# span 16 =    132.653,   1309.308      
# span 17 =       3185,      31424      
# span 18 =  1027.1865,  1031.5893      
# span 19 =  1027.1849,  1031.5868      
# span 20 =    33.7854,    34.5061      
# span 21 =    33.7881,    34.5033      
# span 22 =    7.95718,    8.39435      
# span 23 =         21,         47      
# span 24 = 0.0000e+00, 0.0000e+00      
# interval = decibars: 1                
# start_time = Jan 24 2022 06:04:52 [NMEA time, header]
# bad_flag = -9.990e-29
*END*
[from data line 696]
    698.000    689.613     0.2687  29.174024     0.2712  29.173854     4.6884     4.9018    -0.0089    96.2305 1.0000e-12  -74.22590 -112.77820  24.265685      99.87 3.3316e+02   1063.215      25518  1030.9540  1030.9514    34.4606    34.4576    7.98441         28 0.0000e+00
    699.000    690.599     0.2681  29.174300     0.2702  29.173925     4.6895     4.8992    -0.0085    96.2371 1.0000e-12  -74.22590 -112.77820  24.265699      99.86 3.3318e+02   1064.380      25546  1030.9591  1030.9567    34.4611    34.4583    7.98451         27 0.0000e+00
    700.000    691.585     0.2681  29.174969     0.2702  29.174631     4.6855     4.8975    -0.0044    96.2530 1.0000e-12  -74.22590 -112.77820  24.265712      99.87 3.3318e+02   1065.545      25574  1030.9640  1030.9616    34.4613    34.4586    7.98449         29 0.0000e+00
    701.000    692.573     0.2683  29.175881     0.2705  29.175503     4.6863     4.9004    -0.0004    96.2701 1.0000e-12  -74.22590 -112.77820  24.265726      99.87 3.3318e+02   1066.727      25602  1030.9689  1030.9664    34.4617    34.4588    7.98442         28 0.0000e+00
    702.000    693.558     0.2690  29.177018     0.2711  29.176622     4.6905     4.8977    -0.0012    96.2973 1.0000e-12  -74.22590 -112.77820  24.265740      99.87 3.3348e+02   1067.915      25631  1030.9737  1030.9712    34.4619    34.4590    7.98428         29 0.0000e+00
    703.000    694.544     0.2708  29.179342     0.2729  29.178914     4.6863     4.8979    -0.0129    96.2839 1.0000e-12  -74.22590 -112.77820  24.265754      99.86 3.3419e+02   1069.106      25660  1030.9786  1030.9761    34.4623    34.4594    7.98388         28 0.0000e+00
    704.000    695.530     0.2739  29.182966     0.2759  29.182446     4.6845     4.8941    -0.0103    96.2961 1.0000e-12  -74.22590 -112.77820  24.265767      99.86 3.3477e+02   1070.290      25688  1030.9835  1030.9810    34.4630    34.4601    7.98319         28 0.0000e+00
    705.000    696.517     0.2774  29.187360     0.2798  29.187089     4.6835     4.8854    -0.0100    96.3117 1.0000e-12  -74.22590 -112.77820  24.265781      79.53 3.3495e+02   1071.445      25716  1030.9889  1030.9863    34.4644    34.4613    7.98241         28 0.0000e+00
    706.000    697.503     0.2826  29.193542     0.2849  29.193377     4.6799     4.8911    -0.0011    96.3013 1.0000e-12  -74.22590 -112.77820  24.265794      94.13 3.3533e+02   1072.615      25744  1030.9945  1030.9920    34.4661    34.4633    7.98123         28 0.0000e+00
    707.000    698.490     0.2851  29.196772     0.2873  29.196452     4.6779     4.8827    -0.0009    96.3190 1.0000e-12  -74.22590 -112.77820  24.265808      99.84 3.3657e+02   1073.799      25772  1030.9996  1030.9971    34.4669    34.4641    7.98066         27 0.0000e+00
    708.000    699.477     0.2862  29.198500     0.2884  29.198177     4.6771     4.8867    -0.0025    96.3152 1.0000e-12  -74.22590 -112.77820  24.265821      99.87 3.3720e+02   1074.972      25800  1031.0046  1031.0021    34.4674    34.4645    7.98040         28 0.0000e+00
    709.000    700.462     0.2872  29.200072     0.2893  29.199639     4.6730     4.8801    -0.0074    96.3353 1.0000e-12  -74.22590 -112.77820  24.265835      99.86 3.3846e+02   1076.137      25828  1031.0095  1031.0070    34.4678    34.4648    7.98018         28 0.0000e+00
    710.000    701.448     0.2876  29.200730     0.2898  29.200579     4.6697     4.8788    -0.0009    96.3171 1.0000e-12  -74.22590 -112.77820  24.265848      99.86 3.3847e+02   1077.312      25856  1031.0141  1031.0117    34.4676    34.4649    7.98011         28 0.0000e+00
    711.000    702.436     0.2999  29.214299     0.3025  29.213906     4.6690     4.8752    -0.0036    96.3365 1.0000e-12  -74.22590 -112.77820  24.265862      99.87 3.3847e+02   1078.489      25885  1031.0203  1031.0173    34.4711    34.4676    7.97737         28 0.0000e+00
    712.000    703.421     0.3068  29.221121     0.3085  29.220514     4.6629     4.8729    -0.0115    96.3178 1.0000e-12  -74.22590 -112.77820  24.265876      99.87 3.3853e+02   1079.668      25913  1031.0249  1031.0226    34.4717    34.4691    7.97590         29 0.0000e+00
    713.000    704.408     0.3118  29.226797     0.3130  29.225376     4.6633     4.8628    -0.0129    96.3437 1.0000e-12  -74.22590 -112.77820  24.265889      99.86 3.3860e+02   1080.854      25941  1031.0301  1031.0275    34.4730    34.4698    7.97479         28 0.0000e+00
    714.000    705.395     0.3193  29.234720     0.3223  29.234902     4.6543     4.8620    -0.0092    96.3303 1.0000e-12  -74.22590 -112.77820  24.265903      99.87 3.3902e+02   1082.039      25970  1031.0352  1031.0326    34.4744    34.4714    7.97316         29 0.0000e+00
    715.000    706.379     0.3269  29.242649     0.3288  29.241903     4.6565     4.8575    -0.0090    96.3235 1.0000e-12  -74.22590 -112.77820  24.265917      99.87 3.3916e+02   1083.223      25998  1031.0404  1031.0378    34.4757    34.4726    7.97152         28 0.0000e+00
    716.000    707.366     0.3295  29.245681     0.3312  29.244886     4.6537     4.8616    -0.0026    96.3240 1.0000e-12  -74.22590 -112.77820  24.265931      95.83 3.3908e+02   1084.420      26027  1031.0454  1031.0428    34.4763    34.4733    7.97096         29 0.0000e+00
    717.000    708.352     0.3298  29.246490     0.3319  29.246048     4.6521     4.8595    -0.0074    96.3302 1.0000e-12  -74.22590 -112.77820  24.265945      87.30 3.3951e+02   1085.620      26056  1031.0502  1031.0477    34.4764    34.4734    7.97088         29 0.0000e+00
    718.000    709.339     0.3301  29.247236     0.3321  29.246573     4.6490     4.8625    -0.0161    96.3308 1.0000e-12  -74.22590 -112.77820  24.265958      99.71 3.4011e+02   1086.811      26084  1031.0550  1031.0525    34.4764    34.4734    7.97082         28 0.0000e+00
    719.000    710.326     0.3319  29.249558     0.3341  29.249043     4.6486     4.8628    -0.0082    96.3160 1.0000e-12  -74.22590 -112.77820  24.265972      99.87 3.4018e+02   1088.001      26113  1031.0599  1031.0573    34.4769    34.4738    7.97042         29 0.0000e+00
    720.000    711.311     0.3325  29.250614     0.3346  29.250287     4.6538     4.8607    -0.0023    96.3216 1.0000e-12  -74.22590 -112.77820  24.265986      99.87 3.4024e+02   1089.179      26141  1031.0648  1031.0624    34.4770    34.4743    7.97028         28 0.0000e+00
    721.000    712.298     0.3327  29.251318     0.3346  29.250768     4.6478     4.8553    -0.0084    96.3099 1.0000e-12  -74.22590 -112.77820  24.265999      99.86 3.4024e+02   1090.338      26169  1031.0696  1031.0672    34.4772    34.4743    7.97024         28 0.0000e+00
    722.000    713.283     0.3329  29.251972     0.3351  29.251545     4.6506     4.8580    -0.0085    96.3029 1.0000e-12  -74.22590 -112.77820  24.266013      99.87 3.4122e+02   1091.502      26197  1031.0744  1031.0718    34.4772    34.4742    7.97019         27 0.0000e+00
    723.000    714.270     0.3329  29.252307     0.3351  29.252043     4.6514     4.8605    -0.0072    96.2967 1.0000e-12  -74.22590 -112.77820  24.266026      99.87 3.4202e+02   1092.669      26225  1031.0790  1031.0766    34.4770    34.4743    7.97020         28 0.0000e+00
    724.000    715.256     0.3337  29.254177     0.3357  29.253640     4.6501     4.8622    -0.0044    96.2805 1.0000e-12  -74.22590 -112.77820  24.266040      99.87 3.4200e+02   1093.837      26253  1031.0844  1031.0819    34.4781    34.4751    7.96998         29 0.0000e+00
    725.000    716.243     0.3346  29.255743     0.3367  29.255308     4.6534     4.8612    -0.0118    96.2967 1.0000e-12  -74.22590 -112.77820  24.266053      99.87 3.4200e+02   1095.009      26281  1031.0894  1031.0869    34.4785    34.4756    7.96977         28 0.0000e+00
    726.000    717.228     0.3349  29.256555     0.3371  29.256136     4.6549     4.8607    -0.0160    96.2977 1.0000e-12  -74.22590 -112.77820  24.266067      99.87 3.4323e+02   1096.175      26309  1031.0942  1031.0917    34.4786    34.4757    7.96970         28 0.0000e+00
    727.000    718.214     0.3350  29.257178     0.3372  29.256852     4.6579     4.8607    -0.0034    96.3000 1.0000e-12  -74.22590 -112.77820  24.266080      80.24 3.4376e+02   1097.332      26337  1031.0990  1031.0966    34.4788    34.4759    7.96967         27 0.0000e+00
    728.000    719.201     0.3356  29.258334     0.3377  29.257931     4.6529     4.8602    -0.0032    96.2805 1.0000e-12  -74.22590 -112.77820  24.266094      92.75 3.4376e+02   1098.499      26365  1031.1039  1031.1014    34.4790    34.4762    7.96953         29 0.0000e+00
    729.000    720.187     0.3366  29.259992     0.3388  29.259654     4.6480     4.8615    -0.0079    96.2757 1.0000e-12  -74.22590 -112.77820  24.266107      58.16 3.4376e+02   1099.679      26393  1031.1089  1031.1064    34.4795    34.4767    7.96930         28 0.0000e+00
    730.000    721.173     0.3374  29.261468     0.3397  29.261164     4.6498     4.8544    -0.0087    96.2734 1.0000e-12  -74.22590 -112.77820  24.266121      99.98 3.4376e+02   1100.878      26422  1031.1138  1031.1113    34.4799    34.4770    7.96910         29 0.0000e+00
    731.000    722.160     0.3390  29.263918     0.3410  29.263397     4.6494     4.8571    -0.0154    96.2909 1.0000e-12  -74.22590 -112.77820  24.266135      99.87 3.4376e+02   1102.093      26451  1031.1191  1031.1166    34.4809    34.4779    7.96873         30 0.0000e+00
    732.000    723.144     0.3395  29.265007     0.3413  29.264191     4.6517     4.8601    -0.0101    96.2795 1.0000e-12  -74.22590 -112.77820  24.266149      99.86 3.4376e+02   1103.292      26480  1031.1240  1031.1214    34.4811    34.4781    7.96861         28 0.0000e+00
    733.000    724.132     0.3398  29.265949     0.3419  29.265459     4.6494     4.8612    -0.0134    96.2903 1.0000e-12  -74.22590 -112.77820  24.266163      99.87 3.4376e+02   1104.471      26508  1031.1289  1031.1264    34.4814    34.4785    7.96853         28 0.0000e+00
    734.000    725.118     0.3403  29.266950     0.3423  29.266372     4.6498     4.8618    -0.0022    96.2645 1.0000e-12  -74.22590 -112.77820  24.266177      99.86 3.4376e+02   1105.652      26537  1031.1338  1031.1312    34.4817    34.4787    7.96843         28 0.0000e+00
    735.000    726.104     0.3408  29.268013     0.3431  29.267910     4.6519     4.8624    -0.0067    96.2824 1.0000e-12  -74.22590 -112.77820  24.266190      99.86 3.4376e+02   1106.842      26565  1031.1386  1031.1363    34.4819    34.4792    7.96830         29 0.0000e+00
    736.000    727.090     0.3419  29.270047     0.3443  29.269975     4.6502     4.8605    -0.0038    96.2757 1.0000e-12  -74.22590 -112.77820  24.266204      99.74 3.4376e+02   1108.018      26593  1031.1439  1031.1415    34.4828    34.4800    7.96803         28 0.0000e+00
    737.000    728.077     0.3429  29.271754     0.3450  29.271322     4.6510     4.8569    -0.0053    96.2894 1.0000e-12  -74.22590 -112.77820  24.266217      99.25 3.4407e+02   1109.183      26621  1031.1489  1031.1464    34.4832    34.4804    7.96778         28 0.0000e+00
    738.000    729.062     0.3435  29.272859     0.3454  29.272287     4.6458     4.8563    -0.0051    96.2821 1.0000e-12  -74.22590 -112.77820  24.266231      98.71 3.4495e+02   1110.347      26649  1031.1537  1031.1512    34.4835    34.4806    7.96766         28 0.0000e+00
    739.000    730.049     0.3433  29.273130     0.3455  29.272946     4.6491     4.8593    -0.0085    96.2538 1.0000e-12  -74.22590 -112.77820  24.266244      97.20 3.4545e+02   1111.514      26677  1031.1585  1031.1561    34.4835    34.4808    7.96770         28 0.0000e+00
    740.000    731.035     0.3449  29.275658     0.3472  29.275365     4.6517     4.8557    -0.0046    96.2683 1.0000e-12  -74.22590 -112.77820  24.266258      95.85 3.4676e+02   1112.684      26705  1031.1637  1031.1612    34.4844    34.4815    7.96731         28 0.0000e+00
    741.000    732.020     0.3457  29.277183     0.3481  29.277099     4.6505     4.8587    -0.0059    96.2923 1.0000e-12  -74.22590 -112.77820  24.266272      95.67 3.4729e+02   1113.858      26734  1031.1687  1031.1664    34.4849    34.4822    7.96711         28 0.0000e+00
    742.000    733.008     0.3475  29.280038     0.3497  29.279867     4.6528     4.8589    -0.0090    96.2711 1.0000e-12  -74.22590 -112.77820  24.266285      94.71 3.4729e+02   1115.019      26761  1031.1742  1031.1719    34.4861    34.4834    7.96668         28 0.0000e+00
    743.000    733.994     0.3482  29.281417     0.3503  29.281065     4.6524     4.8609    -0.0027    96.2840 1.0000e-12  -74.22590 -112.77820  24.266299      93.57 3.4729e+02   1116.198      26790  1031.1792  1031.1768    34.4865    34.4838    7.96651         29 0.0000e+00
    744.000    734.979     0.3492  29.283144     0.3513  29.282738     4.6501     4.8600     0.0056    96.2858 1.0000e-12  -74.22590 -112.77820  24.266312      92.49 3.4729e+02   1117.396      26819  1031.1842  1031.1818    34.4871    34.4843    7.96627         28 0.0000e+00
    745.000    735.965     0.3495  29.284051     0.3516  29.283622     4.6501     4.8601     0.0064    96.2894 1.0000e-12  -74.22591 -112.77820  24.266326      91.63 3.4729e+02   1118.585      26847  1031.1891  1031.1867    34.4874    34.4845    7.96619         29 0.0000e+00
    746.000    736.951     0.3499  29.284831     0.3521  29.284567     4.6455     4.8519    -0.0077    96.2912 1.0000e-12  -74.22591 -112.77820  24.266340      90.49 3.4729e+02   1119.790      26876  1031.1937  1031.1914    34.4873    34.4847    7.96611         29 0.0000e+00
    747.000    737.938     0.3503  29.285763     0.3525  29.285532     4.6486     4.8517    -0.0043    96.2858 1.0000e-12  -74.22591 -112.77820  24.266355      89.51 3.4741e+02   1121.033      26906  1031.1986  1031.1962    34.4876    34.4848    7.96602         30 0.0000e+00
    748.000    738.924     0.3506  29.286637     0.3528  29.286288     4.6513     4.8560    -0.0132    96.3018 1.0000e-12  -74.22592 -112.77820  24.266369      88.57 3.4729e+02   1122.299      26936  1031.2034  1031.2010    34.4878    34.4849    7.96594         31 0.0000e+00
    749.000    739.909     0.3511  29.287793     0.3533  29.287353     4.6492     4.8577    -0.0045    96.2829 1.0000e-12  -74.22591 -112.77820  24.266384      87.47 3.4800e+02   1123.600      26967  1031.2084  1031.2059    34.4881    34.4852    7.96581         32 0.0000e+00
    750.000    740.896     0.3516  29.288857     0.3538  29.288401     4.6450     4.8586    -0.0115    96.2876 1.0000e-12  -74.22591 -112.77820  24.266399      86.40 3.4865e+02   1124.914      26999  1031.2132  1031.2107    34.4885    34.4855    7.96570         31 0.0000e+00
    751.000    741.882     0.3518  29.289426     0.3539  29.289066     4.6494     4.8586    -0.0032    96.3107 1.0000e-12  -74.22592 -112.77820  24.266415      85.45 3.4861e+02   1126.224      27030  1031.2179  1031.2155    34.4885    34.4857    7.96567         28 0.0000e+00
    752.000    742.867     0.3518  29.289857     0.3540  29.289576     4.6513     4.8587    -0.0083    96.3141 1.0000e-12  -74.22592 -112.77820  24.266430      84.38 3.4839e+02   1127.548      27062  1031.2226  1031.2201    34.4884    34.4856    7.96566         32 0.0000e+00
    753.000    743.856     0.3522  29.290780     0.3545  29.290478     4.6502     4.8601    -0.0084    96.3037 1.0000e-12  -74.22591 -112.77820  24.266446      83.50 3.4828e+02   1128.896      27094  1031.2274  1031.2249    34.4886    34.4857    7.96557         32 0.0000e+00
    754.000    744.839     0.3527  29.291959     0.3549  29.291682     4.6553     4.8592    -0.0037    96.2962 1.0000e-12  -74.22590 -112.77820  24.266461      82.35 3.4788e+02   1130.249      27127  1031.2323  1031.2299    34.4890    34.4862    7.96544         33 0.0000e+00
