ocean_section_plots/required_files/ctd/dnbp2202_ctd145.cnv
* Sea-Bird SBE 9 Data File:
* FileName = D:\Data\raw\NBP2202_CTD145.hex
* Software Version Seasave V 7.26.7.121
* Temperature SN = 1649
* Conductivity SN = 2513
* Number of Bytes Per Scan = 40
* Number of Voltage Words = 5
* Number of Scans Averaged by the Deck Unit = 1
* NMEA Latitude = 74 07.00 S
* NMEA Longitude = 113 09.89 W
* NMEA UTC (Time) = Jan 30 2022  09:13:00
* NMEA baud rate = 9600
** Ship: RVIB N.B. Palmer
** Cruise: NBP2202 Thwaites
** Station: 73
** Operator: B. Bjork
# nquan = 28
# nvalues = 532                         
# units = specified
# name 0 = prDM: Pressure, Digiquartz [db]
# name 1 = depSM: Depth [salt water, m]
# name 2 = t090C: Temperature [ITS-90, deg C]
# name 3 = c0mS/cm: Conductivity [mS/cm]
# name 4 = t190C: Temperature, 2 [ITS-90, deg C]
# name 5 = c1mS/cm: Conductivity, 2 [mS/cm]
# name 6 = sbeox0ML/L: Oxygen, SBE 43 [ml/l]
# name 7 = sbeox1ML/L: Oxygen, SBE 43, 2 [ml/l]
# name 8 = flECO-AFL: Fluorescence, WET Labs ECO-AFL/FL [mg/m^3]
# name 9 = CStarTr0: Beam Transmission, WET Labs C-Star [%]
# name 10 = par: PAR/Irradiance, Biospherical/Licor
# name 11 = latitude: Latitude [deg]
# name 12 = longitude: Longitude [deg]
# name 13 = timeJ: Julian Days
# name 14 = altM: Altimeter [m]
# name 15 = spar: SPAR, Biospherical/Licor
# name 16 = timeS: Time, Elapsed [seconds]
# name 17 = scan: Scan Count
# name 18 = density00: Density [density, kg/m^3]
# name 19 = density11: Density, 2 [density, kg/m^3]
# name 20 = v3: Voltage 3
# name 21 = v4: Voltage 4
# name 22 = v5: Voltage 5
# name 23 = sal00: Salinity, Practical [PSU]
# name 24 = sal11: Salinity, Practical, 2 [PSU]
# name 25 = oxsolML/L: Oxygen Saturation, Garcia & Gordon [ml/l]
# name 26 = nbin: number of scans per bin
# name 27 = flag: flag
# span 0 =      3.000,    534.000       
# span 1 =      2.970,    527.792       
# span 2 =    -1.5231,     0.0532       
# span 3 =  26.992521,  28.850704       
# span 4 =    -1.5221,     0.0549       
# span 5 =  26.992366,  28.850037       
# span 6 =     4.7030,     8.4689       
# span 7 =     4.7895,     8.5303       
# span 8 =    -0.0226,    27.0954       
# span 9 =    68.3256,    93.2331       
# span 10 = 1.0000e-12, 7.3553e+00      
# span 11 =  -74.11668,  -74.11668      
# span 12 = -113.16494, -113.16490      
# span 13 =  30.384975,  30.392357      
# span 14 =       4.74,     100.08      
# span 15 = 3.6324e+01, 5.1127e+01      
# span 16 =     81.809,    719.673      
# span 17 =       1964,      17273      
# span 18 =  1027.1985,  1030.1273      
# span 19 =  1027.1976,  1030.1250      
# span 20 =     3.2419,     4.4229      
# span 21 =     0.0631,     3.9749      
# span 22 =     0.1238,     0.2458      
# span 23 =    33.8046,    34.3719      
# span 24 =    33.8025,    34.3693      
# span 25 =    8.03431,    8.40596      
# span 26 =         22,         48      
# span 27 = 0.0000e+00, 0.0000e+00      
# interval = decibars: 1                
# start_time = Jan 30 2022 09:13:00 [NMEA time, header]
# bad_flag = -9.990e-29
*END*
[from data line 415]
    418.000    413.258    -0.1485  28.572113    -0.1463  28.571998     4.7657     4.8545    -0.0010    92.6312 1.0000e-12  -74.11668 -113.16490  30.390339      99.94 4.9361e+01    545.315      13089  1029.5330  1029.5307     4.3944     0.0695     0.1455    34.2975    34.2949    8.08098         24 0.0000e+00
    419.000    414.245    -0.1474  28.573908    -0.1454  28.573517     4.7615     4.8559    -0.0128    92.6205 1.0000e-12  -74.11668 -113.16492  30.390351      77.76 4.9361e+01    546.307      13112  1029.5380  1029.5357     4.3939     0.0662     0.1418    34.2981    34.2953    8.08071         24 0.0000e+00
    420.000    415.232    -0.1466  28.575184    -0.1446  28.574834     4.7631     4.8574    -0.0159    92.6067 1.0000e-12  -74.11668 -113.16490  30.390362      88.66 4.9361e+01    547.298      13136  1029.5429  1029.5406     4.3933     0.0690     0.1434    34.2983    34.2956    8.08053         24 0.0000e+00
    421.000    416.220    -0.1452  28.577176    -0.1436  28.576428     4.7590     4.8564    -0.0093    92.6401 1.0000e-12  -74.11668 -113.16492  30.390374      99.92 4.9361e+01    548.290      13160  1029.5480  1029.5456     4.3948     0.0699     0.1442    34.2988    34.2960    8.08021         23 0.0000e+00
    422.000    417.208    -0.1448  28.578262    -0.1428  28.577916     4.7606     4.8574    -0.0101    92.6334 1.0000e-12  -74.11668 -113.16490  30.390385      99.94 4.9361e+01    549.267      13183  1029.5530  1029.5506     4.3945     0.0699     0.1456    34.2992    34.2964    8.08011         24 0.0000e+00
    423.000    418.197    -0.1444  28.579029    -0.1424  28.578864     4.7631     4.8528    -0.0101    92.6163 1.0000e-12  -74.11668 -113.16492  30.390397      99.93 4.9361e+01    550.309      13208  1029.5577  1029.5555     4.3937     0.0696     0.1428    34.2992    34.2966    8.08002         27 0.0000e+00
    424.000    419.182    -0.1443  28.579625    -0.1418  28.579916     4.7625     4.8499    -0.0106    92.6209 1.0000e-12  -74.11668 -113.16490  30.390410      99.94 4.9361e+01    551.432      13235  1029.5624  1029.5603     4.3939     0.0688     0.1445    34.2991    34.2967    8.07999         25 0.0000e+00
    425.000    420.171    -0.1438  28.580654    -0.1415  28.580770     4.7643     4.8524    -0.0095    92.6279 1.0000e-12  -74.11668 -113.16492  30.390422      99.94 4.9361e+01    552.424      13259  1029.5673  1029.5652     4.3942     0.0686     0.1430    34.2994    34.2970    8.07987         24 0.0000e+00
    426.000    421.159    -0.1430  28.582050    -0.1411  28.581624     4.7610     4.8542    -0.0107    92.6160 1.0000e-12  -74.11668 -113.16491  30.390434      99.94 4.9361e+01    553.493      13285  1029.5723  1029.5700     4.3937     0.0715     0.1445    34.2998    34.2970    8.07969         27 0.0000e+00
    427.000    422.146    -0.1434  28.581951    -0.1413  28.581766     4.7609     4.8505    -0.0105    92.6072 1.0000e-12  -74.11668 -113.16492  30.390447      99.94 4.9361e+01    554.626      13312  1029.5769  1029.5746     4.3933     0.0717     0.1427    34.2996    34.2969    8.07979         26 0.0000e+00
    428.000    423.133    -0.1396  28.587014    -0.1376  28.586653     4.7559     4.8532    -0.0171    92.5970 1.0000e-12  -74.11668 -113.16492  30.390459      99.94 4.9361e+01    555.631      13336  1029.5828  1029.5804     4.3927     0.0693     0.1445    34.3014    34.2986    8.07888         24 0.0000e+00
    429.000    424.122    -0.1388  28.588267    -0.1368  28.587964     4.7581     4.8518    -0.0097    92.6259 1.0000e-12  -74.11668 -113.16492  30.390471      99.94 4.9361e+01    556.688      13362  1029.5876  1029.5853     4.3942     0.0694     0.1453    34.3015    34.2989    8.07869         27 0.0000e+00
    430.000    425.110    -0.1383  28.589247    -0.1363  28.588871     4.7602     4.8433    -0.0166    92.6201 1.0000e-12  -74.11668 -113.16492  30.390484      99.93 4.9361e+01    557.855      13390  1029.5924  1029.5901     4.3939     0.0697     0.1453    34.3017    34.2990    8.07858         28 0.0000e+00
    431.000    426.095    -0.1380  28.590048    -0.1359  28.589801     4.7591     4.8478    -0.0109    92.6188 1.0000e-12  -74.11668 -113.16492  30.390498      50.75 4.9361e+01    559.000      13417  1029.5972  1029.5950     4.3938     0.0668     0.1440    34.3018    34.2991    8.07851         27 0.0000e+00
    432.000    427.084    -0.1378  28.590651    -0.1357  28.590463     4.7611     4.8493    -0.0102    92.6153 1.0000e-12  -74.11668 -113.16492  30.390511      88.67 4.9361e+01    560.126      13444  1029.6020  1029.5997     4.3936     0.0677     0.1433    34.3018    34.2992    8.07847         26 0.0000e+00
    433.000    428.073    -0.1376  28.591538    -0.1354  28.591338     4.7582     4.8512    -0.0035    92.6064 1.0000e-12  -74.11668 -113.16492  30.390522      98.16 4.9361e+01    561.142      13468  1029.6070  1029.6046     4.3932     0.0691     0.1458    34.3022    34.2994    8.07841         23 0.0000e+00
    434.000    429.060    -0.1371  28.592504    -0.1350  28.592297     4.7579     4.8476    -0.0148    92.5930 1.0000e-12  -74.11668 -113.16492  30.390533      99.95 4.9361e+01    562.091      13491  1029.6118  1029.6095     4.3926     0.0691     0.1481    34.3023    34.2996    8.07829         23 0.0000e+00
    435.000    430.047    -0.1359  28.594311    -0.1337  28.594106     4.7562     4.8402    -0.0175    92.5847 1.0000e-12  -74.11668 -113.16492  30.390545      99.94 4.9495e+01    563.096      13515  1029.6167  1029.6145     4.3921     0.0699     0.1454    34.3027    34.3000    8.07801         26 0.0000e+00
    436.000    431.035    -0.1351  28.595599    -0.1330  28.595348     4.7605     4.8428    -0.0183    92.5902 1.0000e-12  -74.11668 -113.16492  30.390558      99.94 4.9889e+01    564.224      13542  1029.6216  1029.6193     4.3925     0.0700     0.1449    34.3030    34.3003    8.07783         27 0.0000e+00
    437.000    432.023    -0.1338  28.597598    -0.1316  28.597429     4.7591     4.8476    -0.0182    92.5864 1.0000e-12  -74.11668 -113.16492  30.390570      99.94 4.9516e+01    565.246      13567  1029.6267  1029.6245     4.3922     0.0689     0.1458    34.3035    34.3009    8.07752         23 0.0000e+00
    438.000    433.009    -0.1328  28.599055    -0.1307  28.598888     4.7577     4.8489    -0.0143    92.5920 1.0000e-12  -74.11668 -113.16492  30.390582      99.94 4.9685e+01    566.277      13592  1029.6316  1029.6293     4.3925     0.0713     0.1465    34.3038    34.3012    8.07730         27 0.0000e+00
    439.000    433.997    -0.1325  28.599768    -0.1304  28.599579     4.7543     4.8495    -0.0110    92.5902 1.0000e-12  -74.11668 -113.16492  30.390595      99.94 5.0337e+01    567.411      13619  1029.6363  1029.6341     4.3924     0.0696     0.1466    34.3038    34.3012    8.07723         27 0.0000e+00
    440.000    434.986    -0.1323  28.600499    -0.1303  28.600228     4.7566     4.8492    -0.0096    92.5886 1.0000e-12  -74.11668 -113.16492  30.390607      99.93 4.9514e+01    568.459      13644  1029.6411  1029.6389     4.3923     0.0707     0.1464    34.3039    34.3013    8.07718         23 0.0000e+00
    441.000    435.972    -0.1322  28.600969    -0.1301  28.600795     4.7591     4.8496    -0.0132    92.5876 1.0000e-12  -74.11668 -113.16492  30.390619      99.49 4.9629e+01    569.455      13668  1029.6458  1029.6437     4.3923     0.0699     0.1463    34.3038    34.3013    8.07716         26 0.0000e+00
    442.000    436.960    -0.1324  28.601135    -0.1303  28.601041     4.7582     4.8472    -0.0176    92.5861 1.0000e-12  -74.11668 -113.16492  30.390632      98.76 4.9675e+01    570.590      13695  1029.6505  1029.6484     4.3922     0.0707     0.1445    34.3037    34.3012    8.07722         28 0.0000e+00
    443.000    437.947    -0.1321  28.601918    -0.1300  28.601787     4.7567     4.8382    -0.0080    92.5816 1.0000e-12  -74.11668 -113.16492  30.390645      97.82 4.9738e+01    571.763      13723  1029.6553  1029.6531     4.3920     0.0707     0.1463    34.3039    34.3013    8.07715         28 0.0000e+00
    444.000    438.935    -0.1317  28.602790    -0.1296  28.602664     4.7562     4.8425    -0.0105    92.5806 1.0000e-12  -74.11668 -113.16492  30.390659      96.89 4.9676e+01    572.927      13751  1029.6601  1029.6580     4.3920     0.0690     0.1463    34.3040    34.3015    8.07706         28 0.0000e+00
    445.000    439.923    -0.1315  28.603731    -0.1294  28.603475     4.7457     4.8488    -0.0064    92.5831 1.0000e-12  -74.11668 -113.16492  30.390671      96.07 4.9899e+01    574.008      13777  1029.6652  1029.6628     4.3921     0.0695     0.1429    34.3044    34.3016    8.07699         23 0.0000e+00
    446.000    440.909    -0.1311  28.604593    -0.1291  28.604339     4.7524     4.8469    -0.0013    92.5939 1.0000e-12  -74.11668 -113.16492  30.390682      95.26 4.9760e+01    574.950      13800  1029.6699  1029.6677     4.3926     0.0700     0.1445    34.3045    34.3019    8.07690         22 0.0000e+00
    447.000    441.898    -0.1309  28.605255    -0.1287  28.605144     4.7464     4.8472    -0.0048    92.5808 1.0000e-12  -74.11668 -113.16492  30.390693      93.73 4.9784e+01    575.910      13823  1029.6747  1029.6725     4.3920     0.0687     0.1449    34.3045    34.3020    8.07686         25 0.0000e+00
    448.000    442.886    -0.1307  28.605946    -0.1286  28.605768     4.7526     4.8482    -0.0108    92.5742 1.0000e-12  -74.11668 -113.16492  30.390706      92.74 5.0496e+01    577.023      13850  1029.6795  1029.6773     4.3917     0.0714     0.1472    34.3046    34.3021    8.07681         28 0.0000e+00
    449.000    443.872    -0.1304  28.606775    -0.1283  28.606596     4.7512     4.8464    -0.0092    92.5655 1.0000e-12  -74.11668 -113.16492  30.390719      91.63 4.9937e+01    578.128      13876  1029.6843  1029.6822     4.3912     0.0689     0.1439    34.3048    34.3023    8.07674         24 0.0000e+00
    450.000    444.860    -0.1301  28.607619    -0.1279  28.607454     4.7584     4.8496    -0.0098    92.5668 1.0000e-12  -74.11668 -113.16492  30.390730      90.66 4.9432e+01    579.109      13900  1029.6892  1029.6870     4.3914     0.0691     0.1424    34.3050    34.3024    8.07665         24 0.0000e+00
    451.000    445.847    -0.1291  28.609019    -0.1271  28.608684     4.7569     4.8441    -0.0124    92.5770 1.0000e-12  -74.11668 -113.16492  30.390743      89.58 4.8763e+01    580.182      13925  1029.6940  1029.6917     4.3918     0.0689     0.1466    34.3051    34.3025    8.07644         27 0.0000e+00
    452.000    446.835    -0.1285  28.610409    -0.1264  28.610087     4.7569     4.8350    -0.0169    92.5798 1.0000e-12  -74.11668 -113.16492  30.390756      88.64 5.0455e+01    581.274      13952  1029.6991  1029.6967     4.3919     0.0670     0.1491    34.3057    34.3030    8.07627         25 0.0000e+00
    453.000    447.821    -0.1268  28.612644    -0.1248  28.612312     4.7563     4.8412    -0.0173    92.5786 1.0000e-12  -74.11668 -113.16492  30.390767      87.50 4.9516e+01    582.248      13975  1029.7041  1029.7018     4.3919     0.0680     0.1458    34.3062    34.3035    8.07590         23 0.0000e+00
    454.000    448.812    -0.1255  28.614490    -0.1233  28.614454     4.7520     4.8423    -0.0171    92.5750 1.0000e-12  -74.11668 -113.16492  30.390779      86.75 5.0252e+01    583.326      14001  1029.7090  1029.7069     4.3917     0.0693     0.1470    34.3066    34.3041    8.07560         28 0.0000e+00
    455.000    449.797    -0.1237  28.616812    -0.1217  28.616638     4.7554     4.8416    -0.0103    92.5824 1.0000e-12  -74.11668 -113.16492  30.390793      85.38 4.9738e+01    584.482      14029  1029.7140  1029.7119     4.3921     0.0683     0.1445    34.3071    34.3046    8.07519         28 0.0000e+00
    456.000    450.784    -0.1236  28.617527    -0.1214  28.617388     4.7496     4.8459    -0.0101    92.5777 1.0000e-12  -74.11668 -113.16492  30.390806      84.47 4.9621e+01    585.639      14056  1029.7189  1029.7167     4.3919     0.0679     0.1440    34.3073    34.3047    8.07515         27 0.0000e+00
    457.000    451.773    -0.1220  28.619863    -0.1197  28.619819     4.7549     4.8423    -0.0074    92.5788 1.0000e-12  -74.11668 -113.16492  30.390819      83.94 4.9868e+01    586.785      14084  1029.7241  1029.7218     4.3919     0.0678     0.1457    34.3080    34.3053    8.07478         28 0.0000e+00
    458.000    452.760    -0.1164  28.626646    -0.1139  28.626866     4.7497     4.8406    -0.0041    92.5996 1.0000e-12  -74.11668 -113.16492  30.390832      82.44 5.0284e+01    587.892      14110  1029.7301  1029.7279     4.3929     0.0674     0.1445    34.3101    34.3077    8.07347         25 0.0000e+00
    459.000    453.747    -0.1150  28.628611    -0.1130  28.628267     4.7490     4.8353    -0.0093    92.5928 1.0000e-12  -74.11668 -113.16492  30.390843      81.64 4.9249e+01    588.862      14134  1029.7351  1029.7328     4.3926     0.0675     0.1448    34.3106    34.3079    8.07316         24 0.0000e+00
    460.000    454.736    -0.1147  28.629214    -0.1127  28.628981     4.7528     4.8374    -0.0111    92.5720 1.0000e-12  -74.11668 -113.16492  30.390856      80.42 4.9561e+01    589.926      14159  1029.7397  1029.7376     4.3916     0.0671     0.1433    34.3105    34.3079    8.07310         26 0.0000e+00
    461.000    455.722    -0.1142  28.630234    -0.1124  28.629809     4.7484     4.8411    -0.0079    92.5841 1.0000e-12  -74.11668 -113.16492  30.390869      79.35 5.1038e+01    591.059      14186  1029.7446  1029.7424     4.3921     0.0664     0.1445    34.3107    34.3081    8.07298         26 0.0000e+00
    462.000    456.711    -0.1107  28.634687    -0.1087  28.634429     4.7487     4.8416    -0.0026    92.5787 1.0000e-12  -74.11668 -113.16492  30.390880      78.38 4.9671e+01    592.050      14210  1029.7502  1029.7480     4.3919     0.0674     0.1459    34.3121    34.3095    8.07217         24 0.0000e+00
    463.000    457.697    -0.1094  28.636555    -0.1072  28.636452     4.7536     4.8382    -0.0172    92.5688 1.0000e-12  -74.11668 -113.16492  30.390892      77.39 4.9767e+01    593.099      14235  1029.7551  1029.7529     4.3914     0.0663     0.1444    34.3124    34.3099    8.07186         26 0.0000e+00
    464.000    458.684    -0.1086  28.637801    -0.1065  28.637687     4.7460     4.8338    -0.0111    92.5857 1.0000e-12  -74.11668 -113.16492  30.390905      76.39 5.0351e+01    594.229      14262  1029.7600  1029.7578     4.3922     0.0676     0.1433    34.3126    34.3102    8.07169         27 0.0000e+00
    465.000    459.672    -0.1083  28.638666    -0.1062  28.638547     4.7526     4.8342    -0.0099    92.5942 1.0000e-12  -74.11668 -113.16492  30.390917      75.41 4.9283e+01    595.251      14287  1029.7648  1029.7627     4.3926     0.0667     0.1452    34.3128    34.3103    8.07160         23 0.0000e+00
    466.000    460.660    -0.1077  28.639637    -0.1056  28.639496     4.7533     4.8360    -0.0200    92.5750 1.0000e-12  -74.11668 -113.16492  30.390929      74.51 4.9896e+01    596.258      14311  1029.7696  1029.7675     4.3917     0.0655     0.1448    34.3129    34.3104    8.07148         26 0.0000e+00
    467.000    461.647    -0.1072  28.640646    -0.1051  28.640485     4.7447     4.8396    -0.0109    92.5816 1.0000e-12  -74.11668 -113.16492  30.390942      73.44 5.0277e+01    597.380      14338  1029.7744  1029.7722     4.3920     0.0660     0.1465    34.3131    34.3105    8.07137         27 0.0000e+00
    468.000    462.635    -0.1060  28.642455    -0.1039  28.642255     4.7501     4.8390    -0.0166    92.5973 1.0000e-12  -74.11668 -113.16492  30.390955      72.38 4.8526e+01    598.531      14366  1029.7795  1029.7773     4.3928     0.0657     0.1469    34.3136    34.3110    8.07109         28 0.0000e+00
