ocean_section_plots/required_files/ctd/dnbp2202_ctd064.cnv
* Sea-Bird SBE 9 Data File:
* FileName = D:\Data\raw\NBP2202_CTD064.hex
* Software Version Seasave V 7.26.7.121
* Temperature SN = 1649
* Conductivity SN = 2513
* Number of Bytes Per Scan = 40
* Number of Voltage Words = 5
* Number of Scans Averaged by the Deck Unit = 1
* NMEA Latitude = 74 00.47 S
* NMEA Longitude = 111 44.01 W
* NMEA UTC (Time) = Jan 25 2022  14:18:17
* NMEA baud rate = 9600
** Ship: RVIB N.B. Palmer
** Cruise: NBP2202 Thwaites
** Station: 45
** Operator: B.Bjork
# nquan = 25
# nvalues = 375                         
# units = specified
# name 0 = prDM: Pressure, Digiquartz [db]
# name 1 = depSM: Depth [salt water, m]
# name 2 = t090C: Temperature [ITS-90, deg C]
# name 3 = c0mS/cm: Conductivity [mS/cm]
# name 4 = t190C: Temperature, 2 [ITS-90, deg C]
# name 5 = c1mS/cm: Conductivity, 2 [mS/cm]
# name 6 = sbeox0ML/L: Oxygen, SBE 43 [ml/l]
# name 7 = sbeox1ML/L: Oxygen, SBE 43, 2 [ml/l]
# name 8 = flECO-AFL: Fluorescence, WET Labs ECO-AFL/FL [mg/m^3]
# name 9 = CStarTr0: Beam Transmission, WET Labs C-Star [%]
# name 10 = par: PAR/Irradiance, Biospherical/Licor
# name 11 = latitude: Latitude [deg]
# name 12 = longitude: Longitude [deg]
# name 13 = timeJ: Julian Days
# name 14 = altM: Altimeter [m]
# name 15 = spar: SPAR, Biospherical/Licor
# name 16 = timeS: Time, Elapsed [seconds]
# name 17 = scan: Scan Count
# name 18 = density00: Density [density, kg/m^3]
# name 19 = density11: Density, 2 [density, kg/m^3]
# name 20 = sal00: Salinity, Practical [PSU]
# name 21 = sal11: Salinity, Practical, 2 [PSU]
# name 22 = oxsolML/L: Oxygen Saturation, Garcia & Gordon [ml/l]
# name 23 = nbin: number of scans per bin
# name 24 = flag: flag
# span 0 =      5.000,    379.000       
# span 1 =      4.949,    374.738       
# span 2 =    -1.6446,    -0.3253       
# span 3 =  26.912310,  28.428732       
# span 4 =    -1.6441,    -0.3232       
# span 5 =  26.912552,  28.428288       
# span 6 =     5.1729,     9.1070       
# span 7 =     5.3719,     9.5066       
# span 8 =    -0.0224,    29.4178       
# span 9 =    62.6546,    96.4170       
# span 10 = -1.889e-04, 4.5159e+01      
# span 11 =  -74.00796,  -74.00794      
# span 12 = -111.73364, -111.73357      
# span 13 =  25.598711,  25.605524      
# span 14 =       5.95,     100.36      
# span 15 = 3.5806e+02, 4.6481e+02      
# span 16 =    231.641,    820.287      
# span 17 =       5560,      19688      
# span 18 =  1027.2182,  1029.3824      
# span 19 =  1027.2170,  1029.3807      
# span 20 =    33.8341,    34.3291      
# span 21 =    33.8327,    34.3261      
# span 22 =    8.11673,    8.43000      
# span 23 =         20,         49      
# span 24 = 0.0000e+00, 0.0000e+00      
# interval = decibars: 1                
# start_time = Jan 25 2022 14:18:17 [NMEA time, header]
# bad_flag = -9.990e-29
*END*
[from data line 290]
    295.000    291.741    -1.0623  27.654237    -1.0602  27.653994     5.9072     6.1468    -0.0159    96.2900 1.0000e-12  -74.00794 -111.73360  25.603644      91.12 4.5961e+02    657.869      15790  1028.8917  1028.8894    34.1680    34.1653    8.28599         32 0.0000e+00
    296.000    292.728    -1.0500  27.667239    -1.0482  27.666569     5.8856     6.1406    -0.0038    96.2842 1.0000e-12  -74.00794 -111.73360  25.603659      89.94 4.5993e+02    659.145      15820  1028.8984  1028.8959    34.1711    34.1682    8.28309         30 0.0000e+00
    297.000    293.720    -1.0386  27.678751    -1.0377  27.677527     5.8755     6.1244    -0.0136    96.3056 1.0000e-12  -74.00794 -111.73360  25.603673      89.12 4.5972e+02    660.326      15849  1028.9043  1028.9022    34.1733    34.1706    8.28045         27 0.0000e+00
    298.000    294.704    -1.0276  27.690149    -1.0257  27.689522     5.8525     6.0995    -0.0089    96.3057 1.0000e-12  -74.00794 -111.73360  25.603687      88.66 4.6058e+02    661.523      15878  1028.9106  1028.9080    34.1757    34.1727    8.27788         30 0.0000e+00
    299.000    295.694    -1.0042  27.713562    -1.0019  27.712868     5.8143     6.0558    -0.0121    96.3021 1.0000e-12  -74.00794 -111.73360  25.603702      86.63 4.5989e+02    662.822      15909  1028.9177  1028.9148    34.1803    34.1769    8.27244         32 0.0000e+00
    300.000    296.682    -0.9709  27.745898    -0.9677  27.746113     5.7916     6.0348    -0.0077    96.2521 1.0000e-12  -74.00794 -111.73358  25.603716      85.86 4.6114e+02    664.082      15939  1028.9250  1028.9221    34.1860    34.1827    8.26480         29 0.0000e+00
    301.000    297.671    -0.9589  27.757482    -0.9573  27.756719     5.7730     6.0141    -0.0077    96.2431 1.0000e-12  -74.00794 -111.73358  25.603730      85.31 4.6182e+02    665.303      15968  1028.9305  1028.9282    34.1875    34.1847    8.26206         29 0.0000e+00
    302.000    298.659    -0.9494  27.767007    -0.9487  27.765397     5.7646     5.9989    -0.0077    96.2470 1.0000e-12  -74.00794 -111.73358  25.603745      84.05 4.6129e+02    666.568      15999  1028.9363  1028.9339    34.1890    34.1861    8.25988         31 0.0000e+00
    303.000    299.646    -0.9336  27.782702    -0.9308  27.782977     5.7481     5.9833    -0.0077    96.2813 1.0000e-12  -74.00794 -111.73358  25.603759      82.74 4.6217e+02    667.789      16028  1028.9426  1028.9401    34.1919    34.1890    8.25626         29 0.0000e+00
    304.000    300.636    -0.9216  27.794466    -0.9202  27.793604     5.7430     5.9746    -0.0077    96.2680 1.0000e-12  -74.00794 -111.73358  25.603773      82.53 4.6373e+02    669.007      16057  1028.9482  1028.9459    34.1936    34.1908    8.25352         30 0.0000e+00
    305.000    301.623    -0.9130  27.803105    -0.9113  27.802347     5.7432     5.9688    -0.0079    96.2685 1.0000e-12  -74.00794 -111.73358  25.603788      80.89 4.6190e+02    670.314      16089  1028.9538  1028.9514    34.1950    34.1921    8.25155         31 0.0000e+00
    306.000    302.611    -0.9104  27.805822    -0.9090  27.805176     5.7400     5.9711    -0.0077    96.2635 1.0000e-12  -74.00794 -111.73358  25.603803      80.23 4.6330e+02    671.592      16119  1028.9589  1028.9568    34.1951    34.1926    8.25098         31 0.0000e+00
    307.000    303.601    -0.9096  27.807080    -0.9080  27.806443     5.7396     5.9728    -0.0102    96.2496 1.0000e-12  -74.00794 -111.73358  25.603817      79.35 4.6351e+02    672.816      16149  1028.9640  1028.9618    34.1953    34.1926    8.25078         29 0.0000e+00
    308.000    304.587    -0.9085  27.808551    -0.9069  27.808044     5.7528     5.9767    -0.0149    96.2372 1.0000e-12  -74.00794 -111.73358  25.603831      78.21 4.6251e+02    674.008      16177  1028.9691  1028.9670    34.1955    34.1930    8.25054         28 0.0000e+00
    309.000    305.576    -0.9125  27.805706    -0.9113  27.805146     5.7494     5.9805    -0.0117    96.2443 1.0000e-12  -74.00794 -111.73358  25.603845      77.39 4.6325e+02    675.171      16205  1028.9744  1028.9727    34.1955    34.1934    8.25142         28 0.0000e+00
    310.000    306.565    -0.9063  27.812901    -0.9048  27.811959     5.7499     5.9688    -0.0076    96.2406 1.0000e-12  -74.00794 -111.73358  25.603859      76.31 4.6480e+02    676.374      16234  1028.9806  1028.9781    34.1977    34.1947    8.24993         28 0.0000e+00
    311.000    307.552    -0.8971  27.822067    -0.8955  27.821360     5.7353     5.9677    -0.0077    96.2396 1.0000e-12  -74.00794 -111.73358  25.603873      75.30 4.6247e+02    677.641      16264  1028.9860  1028.9837    34.1991    34.1963    8.24784         30 0.0000e+00
    312.000    308.542    -0.8925  27.827530    -0.8910  27.826868     5.7316     5.9618    -0.0197    96.2304 1.0000e-12  -74.00794 -111.73359  25.603887      74.45 4.6338e+02    678.835      16293  1028.9919  1028.9898    34.2007    34.1981    8.24674         27 0.0000e+00
    313.000    309.528    -0.8888  27.831761    -0.8871  27.831253     5.7327     5.9577    -0.0047    96.2256 1.0000e-12  -74.00794 -111.73360  25.603900      73.46 4.6481e+02    679.958      16320  1028.9972  1028.9951    34.2015    34.1990    8.24586         27 0.0000e+00
    314.000    310.517    -0.8844  27.836328    -0.8830  27.835627     5.7237     5.9525    -0.0192    96.2260 1.0000e-12  -74.00794 -111.73360  25.603913      72.53 4.6188e+02    681.099      16347  1029.0023  1029.0002    34.2022    34.1996    8.24487         28 0.0000e+00
    315.000    311.505    -0.8809  27.840256    -0.8793  27.839668     5.7081     5.9394    -0.0157    96.2389 1.0000e-12  -74.00794 -111.73360  25.603927      71.38 4.6249e+02    682.303      16376  1029.0076  1029.0054    34.2029    34.2003    8.24406         29 0.0000e+00
    316.000    312.492    -0.8730  27.848600    -0.8711  27.848066     5.6885     5.9180    -0.0150    96.2352 1.0000e-12  -74.00794 -111.73360  25.603941      70.32 4.6328e+02    683.516      16405  1029.0134  1029.0109    34.2047    34.2018    8.24223         29 0.0000e+00
    317.000    313.481    -0.8511  27.870506    -0.8494  27.869524     5.6623     5.8932    -0.0150    96.2408 1.0000e-12  -74.00794 -111.73360  25.603955      69.29 4.6072e+02    684.694      16434  1029.0200  1029.0174    34.2089    34.2057    8.23718         28 0.0000e+00
    318.000    314.470    -0.8343  27.887510    -0.8322  27.886743     5.6415     5.8675    -0.0134    96.2066 1.0000e-12  -74.00794 -111.73360  25.603968      68.17 4.6269e+02    685.856      16462  1029.0265  1029.0236    34.2123    34.2089    8.23331         28 0.0000e+00
    319.000    315.457    -0.8147  27.906609    -0.8123  27.906559     5.6240     5.8507    -0.0079    96.2374 1.0000e-12  -74.00794 -111.73360  25.603982      67.45 4.6192e+02    687.079      16491  1029.0324  1029.0301    34.2154    34.2126    8.22885         30 0.0000e+00
    320.000    316.446    -0.8065  27.915046    -0.8045  27.914542     5.6128     5.8344     0.0099    96.2122 1.0000e-12  -74.00794 -111.73360  25.603997      66.38 4.5897e+02    688.349      16521  1029.0382  1029.0357    34.2169    34.2140    8.22698         30 0.0000e+00
    321.000    317.433    -0.7930  27.928977    -0.7911  27.928279     5.6034     5.8293     0.0125    96.2361 1.0000e-12  -74.00794 -111.73362  25.604011      65.31 4.6059e+02    689.539      16550  1029.0445  1029.0420    34.2198    34.2168    8.22386         29 0.0000e+00
    322.000    318.423    -0.7815  27.940441    -0.7798  27.939827     5.5953     5.8241    -0.0139    96.2305 1.0000e-12  -74.00794 -111.73362  25.604024      64.23 4.5974e+02    690.682      16577  1029.0503  1029.0479    34.2218    34.2190    8.22125         27 0.0000e+00
    323.000    319.410    -0.7727  27.949278    -0.7711  27.948510     5.5931     5.8134    -0.0223    96.2250 1.0000e-12  -74.00794 -111.73362  25.604038      63.29 4.5842e+02    691.886      16606  1029.0558  1029.0534    34.2231    34.2203    8.21925         30 0.0000e+00
    324.000    320.399    -0.7697  27.952609    -0.7682  27.951810     5.5859     5.8130    -0.0224    96.2043 1.0000e-12  -74.00794 -111.73362  25.604053      62.31 4.5835e+02    693.150      16637  1029.0610  1029.0586    34.2236    34.2208    8.21857         30 0.0000e+00
    325.000    321.386    -0.7675  27.955143    -0.7659  27.954575     5.5848     5.8184    -0.0155    96.1799 1.0000e-12  -74.00794 -111.73362  25.604067      61.52 4.5867e+02    694.360      16666  1029.0661  1029.0639    34.2240    34.2213    8.21808         28 0.0000e+00
    326.000    322.374    -0.7657  27.957250    -0.7644  27.956345     5.5870     5.8046    -0.0077    96.2218 1.0000e-12  -74.00794 -111.73362  25.604080      60.30 4.5855e+02    695.500      16693  1029.0711  1029.0689    34.2242    34.2215    8.21767         27 0.0000e+00
    327.000    323.363    -0.7619  27.961510    -0.7602  27.960792     5.5773     5.7981    -0.0077    96.2105 1.0000e-12  -74.00795 -111.73362  25.604093      59.56 4.5737e+02    696.672      16721  1029.0764  1029.0740    34.2250    34.2221    8.21679         30 0.0000e+00
    328.000    324.351    -0.7522  27.971497    -0.7512  27.969793     5.5665     5.7901    -0.0077    96.2153 1.0000e-12  -74.00795 -111.73362  25.604109      58.29 4.5703e+02    698.057      16754  1029.0821  1029.0794    34.2269    34.2235    8.21456         36 0.0000e+00
    329.000    325.338    -0.7445  27.979534    -0.7433  27.978041     5.5581     5.7747    -0.0077    96.1954 1.0000e-12  -74.00795 -111.73362  25.604130      57.20 4.5798e+02    699.822      16797  1029.0878  1029.0851    34.2284    34.2252    8.21280         41 0.0000e+00
    330.000    326.326    -0.7330  27.991177    -0.7306  27.990682     5.5314     5.7534    -0.0106    96.1916 1.0000e-12  -74.00795 -111.73362  25.604148      56.27 4.5657e+02    701.401      16835  1029.0937  1029.0908    34.2306    34.2273    8.21018         33 0.0000e+00
    331.000    327.315    -0.7160  28.008359    -0.7139  28.007215     5.5160     5.7393    -0.0151    96.1916 1.0000e-12  -74.00795 -111.73362  25.604164      55.60 4.5659e+02    702.783      16868  1029.1000  1029.0968    34.2339    34.2301    8.20629         33 0.0000e+00
    332.000    328.303    -0.7023  28.021727    -0.7016  28.019952     5.4960     5.7280    -0.0075    96.1825 1.0000e-12  -74.00795 -111.73362  25.604185      54.36 4.5744e+02    704.595      16911  1029.1056  1029.1031    34.2359    34.2328    8.20320         41 0.0000e+00
    333.000    329.292    -0.6817  28.043410    -0.6780  28.042857     5.4678     5.6882    -0.0052    96.1687 1.0000e-12  -74.00795 -111.73362  25.604207      53.31 4.5616e+02    706.513      16957  1029.1135  1029.1093    34.2413    34.2364    8.19843         37 0.0000e+00
    334.000    330.279    -0.6488  28.076363    -0.6460  28.076248     5.4464     5.6645    -0.0150    96.1721 1.0000e-12  -74.00795 -111.73362  25.604225      52.19 4.5592e+02    708.046      16994  1029.1213  1029.1185    34.2479    34.2446    8.19090         37 0.0000e+00
    335.000    331.267    -0.6296  28.096477    -0.6301  28.093188     5.4364     5.6540    -0.0124    96.1460 1.0000e-12  -74.00795 -111.73362  25.604247      51.25 4.5675e+02    709.921      17039  1029.1290  1029.1259    34.2527    34.2488    8.18648         41 0.0000e+00
    336.000    332.255    -0.6213  28.104714    -0.6201  28.103411     5.4263     5.6407    -0.0156    96.1480 1.0000e-12  -74.00795 -111.73362  25.604270      50.13 4.5604e+02    711.893      17086  1029.1345  1029.1320    34.2538    34.2508    8.18461         38 0.0000e+00
    337.000    333.244    -0.6097  28.116874    -0.6069  28.116718     5.4174     5.6240    -0.0115    96.1575 1.0000e-12  -74.00795 -111.73362  25.604290      49.20 4.5571e+02    713.671      17129  1029.1409  1029.1380    34.2565    34.2531    8.18196         38 0.0000e+00
    338.000    334.231    -0.6011  28.125575    -0.5997  28.124535     5.4085     5.6224    -0.0091    96.1513 1.0000e-12  -74.00794 -111.73362  25.604312      48.31 4.5560e+02    715.532      17174  1029.1465  1029.1440    34.2578    34.2549    8.18001         41 0.0000e+00
    339.000    335.220    -0.5922  28.135017    -0.5901  28.134521     5.3999     5.6054    -0.0173    96.1137 1.0000e-12  -74.00794 -111.73362  25.604335      47.02 4.5346e+02    717.531      17222  1029.1526  1029.1500    34.2599    34.2569    8.17798         41 0.0000e+00
    340.000    336.208    -0.5811  28.146420    -0.5785  28.146302     5.3913     5.6004    -0.0100    96.1039 1.0000e-12  -74.00794 -111.73361  25.604355      46.24 4.5352e+02    719.310      17264  1029.1585  1029.1559    34.2621    34.2591    8.17545         38 0.0000e+00
    341.000    337.196    -0.5774  28.150361    -0.5754  28.149800     5.3886     5.5984    -0.0036    96.0957 1.0000e-12  -74.00794 -111.73360  25.604378      45.05 4.5167e+02    721.240      17311  1029.1637  1029.1612    34.2626    34.2597    8.17463         39 0.0000e+00
    342.000    338.183    -0.5738  28.154177    -0.5731  28.152542     5.3855     5.5946    -0.0145    96.0827 1.0000e-12  -74.00794 -111.73360  25.604399      43.92 4.4783e+02    723.081      17355  1029.1688  1029.1664    34.2631    34.2601    8.17382         36 0.0000e+00
    343.000    339.171    -0.5722  28.156300    -0.5699  28.155992     5.3781     5.5914    -0.0119    96.0862 1.0000e-12  -74.00794 -111.73360  25.604419      42.87 4.4726e+02    724.838      17397  1029.1740  1029.1714    34.2635    34.2605    8.17345         44 0.0000e+00
    344.000    340.159    -0.5660  28.162961    -0.5651  28.161481     5.3596     5.5721    -0.0140    96.0677 1.0000e-12  -74.00794 -111.73360  25.604444      41.81 4.4645e+02    726.929      17447  1029.1796  1029.1771    34.2649    34.2618    8.17204         44 0.0000e+00
    345.000    341.148    -0.5443  28.185889    -0.5409  28.185749     5.3446     5.5582    -0.0198    96.0386 1.0000e-12  -74.00794 -111.73360  25.604464      41.10 4.4510e+02    728.657      17489  1029.1873  1029.1838    34.2706    34.2666    8.16703         39 0.0000e+00
    346.000    342.136    -0.5299  28.200780    -0.5269  28.201064     5.3377     5.5433    -0.0092    96.0432 1.0000e-12  -74.00794 -111.73360  25.604485      39.84 4.4454e+02    730.521      17534  1029.1938  1029.1911    34.2738    34.2707    8.16375         45 0.0000e+00
    347.000    343.123    -0.5200  28.210841    -0.5169  28.211490     5.3269     5.5394    -0.0108    96.0253 1.0000e-12  -74.00794 -111.73358  25.604508      38.98 4.4426e+02    732.518      17581  1029.1994  1029.1971    34.2755    34.2728    8.16152         39 0.0000e+00
    348.000    344.113    -0.5163  28.214847    -0.5151  28.213749     5.3283     5.5352    -0.0044    96.0419 1.0000e-12  -74.00794 -111.73358  25.604531      37.86 4.4310e+02    734.445      17628  1029.2047  1029.2023    34.2761    34.2733    8.16068         36 0.0000e+00
    349.000    345.100    -0.5123  28.219464    -0.5083  28.220923     5.3258     5.5352     0.0011    96.0307 1.0000e-12  -74.00794 -111.73358  25.604553      36.94 4.4345e+02    736.367      17674  1029.2102  1029.2078    34.2772    34.2746    8.15976         40 0.0000e+00
    350.000    346.088    -0.5108  28.221276    -0.5090  28.220785     5.3367     5.5371    -0.0132    96.0201 1.0000e-12  -74.00794 -111.73358  25.604574      35.85 4.4341e+02    738.192      17718  1029.2151  1029.2128    34.2773    34.2746    8.15943         40 0.0000e+00
    351.000    347.075    -0.5127  28.219943    -0.5109  28.219472     5.3286     5.5325    -0.0153    96.0065 1.0000e-12  -74.00794 -111.73358  25.604599      34.86 4.4202e+02    740.357      17770  1029.2199  1029.2178    34.2770    34.2744    8.15985         39 0.0000e+00
