ocean_section_plots/required_files/ctd/dnbp2202_ctd105.cnv
* Sea-Bird SBE 9 Data File:
* FileName = D:\Data\raw\NBP2202_CTD105.hex
* Software Version Seasave V 7.26.7.121
* Temperature SN = 1649
* Conductivity SN = 2513
* Number of Bytes Per Scan = 40
* Number of Voltage Words = 5
* Number of Scans Averaged by the Deck Unit = 1
* NMEA Latitude = 74 10.52 S
* NMEA Longitude = 113 20.65 W
* NMEA UTC (Time) = Jan 27 2022  04:47:53
* NMEA baud rate = 9600
** Ship: RVIB N.B. Palmer
** Cruise: NBP2202 Thwaites
** Station: YoYo001
** Operator: B. Bjork
# nquan = 25
# nvalues = 608                         
# units = specified
# name 0 = prDM: Pressure, Digiquartz [db]
# name 1 = depSM: Depth [salt water, m]
# name 2 = t090C: Temperature [ITS-90, deg C]
# name 3 = c0mS/cm: Conductivity [mS/cm]
# name 4 = t190C: Temperature, 2 [ITS-90, deg C]
# name 5 = c1mS/cm: Conductivity, 2 [mS/cm]
# name 6 = sbeox0ML/L: Oxygen, SBE 43 [ml/l]
# name 7 = sbeox1ML/L: Oxygen, SBE 43, 2 [ml/l]
# name 8 = flECO-AFL: Fluorescence, WET Labs ECO-AFL/FL [mg/m^3]
# name 9 = CStarTr0: Beam Transmission, WET Labs C-Star [%]
# name 10 = par: PAR/Irradiance, Biospherical/Licor
# name 11 = latitude: Latitude [deg]
# name 12 = longitude: Longitude [deg]
# name 13 = timeJ: Julian Days
# name 14 = altM: Altimeter [m]
# name 15 = spar: SPAR, Biospherical/Licor
# name 16 = timeS: Time, Elapsed [seconds]
# name 17 = scan: Scan Count
# name 18 = density00: Density [density, kg/m^3]
# name 19 = density11: Density, 2 [density, kg/m^3]
# name 20 = sal00: Salinity, Practical [PSU]
# name 21 = sal11: Salinity, Practical, 2 [PSU]
# name 22 = oxsolML/L: Oxygen Saturation, Garcia & Gordon [ml/l]
# name 23 = nbin: number of scans per bin
# name 24 = flag: flag
# span 0 =     10.000,    617.000       
# span 1 =      9.896,    609.705       
# span 2 =    -1.4807,     0.1214       
# span 3 =  26.961657,  28.958091       
# span 4 =    -1.4810,     0.1237       
# span 5 =  26.960777,  28.957797       
# span 6 =     4.6950,     8.7733       
# span 7 =     4.7636,     8.7240       
# span 8 =    -0.0225,    27.1732       
# span 9 =    67.6689,    95.5331       
# span 10 = 1.0000e-12, 4.8978e+00      
# span 11 =  -74.17536,  -74.17536      
# span 12 = -113.34428, -113.34424      
# span 13 =  27.200313,  27.208698      
# span 14 =       7.90,     100.08      
# span 15 = 1.6395e+02, 1.9215e+02      
# span 16 =     34.069,    758.503      
# span 17 =        819,      18205      
# span 18 =  1027.2267,  1030.5269      
# span 19 =  1027.2260,  1030.5243      
# span 20 =    33.7925,    34.3892      
# span 21 =    33.7916,    34.3862      
# span 22 =    8.01907,    8.40031      
# span 23 =         10,         47      
# span 24 = 0.0000e+00, 0.0000e+00      
# interval = decibars: 1                
# start_time = Jan 27 2022 04:47:53 [NMEA time, header]
# bad_flag = -9.990e-29
*END*
[from data line 174]
    184.000    182.013    -1.0644  27.476608    -1.0620  27.477009     5.2792     5.3665    -0.0108    95.4754 1.0000e-12  -74.17536 -113.34426  27.202799      99.87 1.8510e+02    248.807       5972  1028.2243  1028.2224    33.9966    33.9945    8.29651         24 0.0000e+00
    185.000    183.004    -1.0632  27.478076    -1.0612  27.478152     5.2640     5.3569    -0.0149    95.4836 1.0000e-12  -74.17536 -113.34426  27.202810      99.86 1.8495e+02    249.775       5996  1028.2291  1028.2273    33.9967    33.9945    8.29625         23 0.0000e+00
    186.000    183.993    -1.0593  27.482136    -1.0592  27.480410     5.2535     5.3430    -0.0150    95.4772 1.0000e-12  -74.17536 -113.34426  27.202821      99.87 1.8374e+02    250.736       6019  1028.2340  1028.2320    33.9971    33.9946    8.29535         23 0.0000e+00
    187.000    184.980    -1.0513  27.489370    -1.0499  27.488828     5.2282     5.3264    -0.0153    95.4782 1.0000e-12  -74.17536 -113.34426  27.202832      99.86 1.8417e+02    251.692       6042  1028.2384  1028.2366    33.9973    33.9950    8.29356         23 0.0000e+00
    188.000    185.971    -1.0472  27.493661    -1.0474  27.491464     5.1993     5.3032    -0.0223    95.4882 1.0000e-12  -74.17536 -113.34426  27.202843      99.87 1.8509e+02    252.658       6065  1028.2435  1028.2413    33.9979    33.9951    8.29262         23 0.0000e+00
    189.000    186.958    -1.0333  27.506915    -1.0303  27.507123     5.1723     5.2739    -0.0147    95.4726 1.0000e-12  -74.17536 -113.34426  27.202854      95.99 1.8349e+02    253.625       6088  1028.2489  1028.2462    33.9997    33.9966    8.28946         23 0.0000e+00
    190.000    187.947    -1.0134  27.525189    -1.0111  27.525318     5.1452     5.2432    -0.0150    95.4759 1.0000e-12  -74.17536 -113.34426  27.202865      99.55 1.8364e+02    254.575       6111  1028.2538  1028.2517    34.0015    33.9990    8.28496         23 0.0000e+00
    191.000    188.935    -0.9853  27.553468    -0.9816  27.554380     5.1209     5.2182    -0.0150    95.4771 1.0000e-12  -74.17536 -113.34426  27.202877      99.86 1.8493e+02    255.530       6134  1028.2618  1028.2592    34.0076    34.0047    8.27840         23 0.0000e+00
    192.000    189.925    -0.9652  27.574132    -0.9650  27.571850     5.1117     5.2070    -0.0115    95.4804 1.0000e-12  -74.17536 -113.34426  27.202888      99.86 1.8380e+02    256.496       6157  1028.2693  1028.2665    34.0124    34.0090    8.27370         23 0.0000e+00
    193.000    190.914    -0.9363  27.604142    -0.9340  27.603709     5.1042     5.2012    -0.0090    95.4726 1.0000e-12  -74.17536 -113.34426  27.202899      99.87 1.8350e+02    257.452       6180  1028.2783  1028.2757    34.0199    34.0167    8.26689         23 0.0000e+00
    194.000    191.903    -0.9313  27.609131    -0.9303  27.607670     5.1166     5.2089    -0.0150    95.4893 1.0000e-12  -74.17536 -113.34426  27.202910      99.87 1.8486e+02    258.410       6203  1028.2836  1028.2811    34.0204    34.0174    8.26577         23 0.0000e+00
    195.000    192.892    -0.9315  27.609629    -0.9299  27.609056     5.1333     5.2133    -0.0150    95.4938 1.0000e-12  -74.17536 -113.34426  27.202921      99.86 1.8373e+02    259.372       6226  1028.2889  1028.2868    34.0207    34.0182    8.26579         23 0.0000e+00
    196.000    193.878    -0.9299  27.612386    -0.9285  27.611511     5.1559     5.2257    -0.0150    95.4928 1.0000e-12  -74.17536 -113.34426  27.202932      99.86 1.8350e+02    260.319       6249  1028.2949  1028.2927    34.0220    34.0193    8.26536         23 0.0000e+00
    197.000    194.870    -0.9378  27.606249    -0.9353  27.606804     5.2007     5.2640    -0.0150    95.4871 1.0000e-12  -74.17536 -113.34426  27.202943      99.86 1.8453e+02    261.261       6271  1028.3005  1028.2987    34.0220    34.0200    8.26710         22 0.0000e+00
    198.000    195.856    -0.9420  27.603500    -0.9394  27.603974     5.2444     5.3057    -0.0187    95.4984 1.0000e-12  -74.17536 -113.34426  27.202954      99.86 1.8349e+02    262.211       6294  1028.3061  1028.3041    34.0225    34.0201    8.26801         23 0.0000e+00
    199.000    196.845    -0.9703  27.584371    -0.9653  27.587031     5.2718     5.3371    -0.0217    95.4929 1.0000e-12  -74.17536 -113.34426  27.202965      99.87 1.8334e+02    263.149       6317  1028.3174  1028.3154    34.0278    34.0258    8.27391         22 0.0000e+00
    200.000    197.835    -0.9780  27.580821    -0.9762  27.580695     5.2785     5.3477    -0.0156    95.4939 1.0000e-12  -74.17536 -113.34426  27.202976      99.87 1.8334e+02    264.095       6339  1028.3253  1028.3235    34.0310    34.0289    8.27542         23 0.0000e+00
    201.000    198.824    -0.9775  27.581837    -0.9760  27.581354     5.2752     5.3485    -0.0057    95.4995 1.0000e-12  -74.17536 -113.34426  27.202987      78.37 1.8334e+02    265.053       6362  1028.3302  1028.3282    34.0312    34.0288    8.27530         23 0.0000e+00
    202.000    199.811    -0.9765  27.583404    -0.9751  27.582960     5.2726     5.3558    -0.0074    95.5006 1.0000e-12  -74.17536 -113.34426  27.202998      86.35 1.8334e+02    266.002       6385  1028.3352  1028.3334    34.0316    34.0294    8.27505         23 0.0000e+00
    203.000    200.800    -0.9764  27.584022    -0.9748  27.583729     5.2748     5.3622    -0.0146    95.4951 1.0000e-12  -74.17536 -113.34426  27.203009      96.55 1.8334e+02    266.943       6408  1028.3401  1028.3382    34.0317    34.0295    8.27502         23 0.0000e+00
    204.000    201.790    -0.9785  27.583009    -0.9783  27.581627     5.2714     5.3598    -0.0150    95.4987 1.0000e-12  -74.17536 -113.34426  27.203020      99.86 1.8334e+02    267.893       6430  1028.3454  1028.3437    34.0321    34.0300    8.27547         22 0.0000e+00
    205.000    202.777    -0.9833  27.579859    -0.9819  27.579373     5.2724     5.3591    -0.0150    95.4961 1.0000e-12  -74.17536 -113.34426  27.203030      99.87 1.8334e+02    268.832       6453  1028.3509  1028.3490    34.0326    34.0304    8.27650         23 0.0000e+00
    206.000    203.767    -0.9812  27.581836    -0.9798  27.581264     5.2667     5.3593    -0.0194    95.5058 1.0000e-12  -74.17536 -113.34426  27.203041      99.86 1.8334e+02    269.771       6476  1028.3552  1028.3533    34.0323    34.0300    8.27604         22 0.0000e+00
    207.000    204.754    -0.9812  27.582295    -0.9796  27.581824     5.2726     5.3571    -0.0187    95.5119 1.0000e-12  -74.17536 -113.34426  27.203052      99.87 1.8334e+02    270.728       6498  1028.3600  1028.3580    34.0323    34.0299    8.27604         24 0.0000e+00
    208.000    205.744    -0.9812  27.582931    -0.9789  27.582838     5.2762     5.3608    -0.0170    95.5046 1.0000e-12  -74.17536 -113.34426  27.203064      99.86 1.8278e+02    271.688       6522  1028.3651  1028.3627    34.0326    34.0298    8.27604         22 0.0000e+00
    209.000    206.731    -0.9819  27.582735    -0.9802  27.582659     5.2790     5.3683    -0.0221    95.5028 1.0000e-12  -74.17536 -113.34426  27.203074      99.87 1.8303e+02    272.623       6544  1028.3698  1028.3680    34.0325    34.0304    8.27619         23 0.0000e+00
    210.000    207.723    -0.9840  27.582026    -0.9819  27.582110     5.2812     5.3640    -0.0224    95.5116 1.0000e-12  -74.17536 -113.34426  27.203085      99.87 1.8366e+02    273.567       6567  1028.3753  1028.3734    34.0333    34.0310    8.27661         22 0.0000e+00
    211.000    208.709    -0.9837  27.582912    -0.9817  27.582980     5.2770     5.3709    -0.0071    95.5106 1.0000e-12  -74.17536 -113.34426  27.203096      99.86 1.8287e+02    274.518       6589  1028.3803  1028.3785    34.0335    34.0314    8.27653         23 0.0000e+00
    212.000    209.698    -0.9838  27.583245    -0.9818  27.583222     5.2740     5.3714    -0.0131    95.4917 1.0000e-12  -74.17536 -113.34426  27.203107      99.87 1.8303e+02    275.457       6612  1028.3850  1028.3831    34.0335    34.0312    8.27655         23 0.0000e+00
    213.000    210.686    -0.9851  27.582535    -0.9827  27.582922     5.2720     5.3663    -0.0147    95.4960 1.0000e-12  -74.17536 -113.34426  27.203118      99.87 1.8356e+02    276.407       6635  1028.3897  1028.3878    34.0333    34.0311    8.27684         23 0.0000e+00
    214.000    211.675    -0.9833  27.584969    -0.9817  27.584464     5.2726     5.3658    -0.0191    95.5115 1.0000e-12  -74.17536 -113.34426  27.203129      99.87 1.8259e+02    277.362       6658  1028.3949  1028.3929    34.0340    34.0316    8.27640         23 0.0000e+00
    215.000    212.664    -0.9814  27.587656    -0.9797  27.587297     5.2771     5.3635    -0.0217    95.5208 1.0000e-12  -74.17536 -113.34426  27.203140      99.86 1.8191e+02    278.295       6680  1028.4003  1028.3983    34.0349    34.0325    8.27594         22 0.0000e+00
    216.000    213.653    -0.9781  27.591448    -0.9763  27.591261     5.2818     5.3655    -0.0217    95.4987 1.0000e-12  -74.17536 -113.34426  27.203151      99.56 1.8326e+02    279.230       6703  1028.4055  1028.4036    34.0357    34.0335    8.27517         22 0.0000e+00
    217.000    214.641    -0.9776  27.592538    -0.9766  27.591590     5.2781     5.3659    -0.0221    95.5017 1.0000e-12  -74.17536 -113.34426  27.203162      97.77 1.8234e+02    280.171       6725  1028.4105  1028.4086    34.0360    34.0336    8.27503         23 0.0000e+00
    218.000    215.631    -0.9773  27.593442    -0.9756  27.593169     5.2735     5.3569    -0.0150    95.4952 1.0000e-12  -74.17536 -113.34426  27.203173      99.87 1.8198e+02    281.104       6748  1028.4155  1028.4136    34.0363    34.0340    8.27495         22 0.0000e+00
    219.000    216.618    -0.9749  27.595969    -0.9732  27.595597     5.2667     5.3526    -0.0150    95.5153 1.0000e-12  -74.17536 -113.34426  27.203183      99.86 1.8289e+02    282.052       6770  1028.4202  1028.4181    34.0364    34.0340    8.27442         23 0.0000e+00
    220.000    217.609    -0.9732  27.597849    -0.9713  27.597808     5.2660     5.3598    -0.0096    95.4917 1.0000e-12  -74.17536 -113.34426  27.203194      99.86 1.8235e+02    282.998       6793  1028.4249  1028.4231    34.0364    34.0342    8.27405         23 0.0000e+00
    221.000    218.594    -0.9728  27.598601    -0.9716  27.597985     5.2605     5.3612    -0.0114    95.5105 1.0000e-12  -74.17536 -113.34426  27.203205      99.87 1.8182e+02    283.943       6816  1028.4297  1028.4279    34.0364    34.0342    8.27396         22 0.0000e+00
    222.000    219.586    -0.9727  27.599366    -0.9711  27.598953     5.2633     5.3624    -0.0150    95.5095 1.0000e-12  -74.17536 -113.34427  27.203216      99.86 1.8288e+02    284.877       6838  1028.4347  1028.4327    34.0367    34.0343    8.27392         23 0.0000e+00
    223.000    220.572    -0.9716  27.600581    -0.9695  27.600754     5.2710     5.3583    -0.0147    95.4961 1.0000e-12  -74.17536 -113.34427  27.203227      99.86 1.8235e+02    285.831       6861  1028.4392  1028.4374    34.0365    34.0344    8.27369         23 0.0000e+00
    224.000    221.562    -0.9707  27.601820    -0.9694  27.601193     5.2712     5.3536    -0.0144    95.4994 1.0000e-12  -74.17536 -113.34426  27.203238      99.87 1.8197e+02    286.776       6884  1028.4440  1028.4421    34.0365    34.0342    8.27349         23 0.0000e+00
    225.000    222.550    -0.9717  27.601337    -0.9692  27.601821     5.2706     5.3530    -0.0065    95.5149 1.0000e-12  -74.17536 -113.34426  27.203249      99.86 1.8219e+02    287.737       6907  1028.4487  1028.4468    34.0364    34.0342    8.27371         23 0.0000e+00
    226.000    223.538    -0.9718  27.601657    -0.9695  27.602031     5.2664     5.3533    -0.0145    95.5075 1.0000e-12  -74.17536 -113.34427  27.203261      99.87 1.8217e+02    288.742       6931  1028.4536  1028.4517    34.0364    34.0342    8.27375         24 0.0000e+00
    227.000    224.526    -0.9712  27.602684    -0.9696  27.602424     5.2650     5.3516    -0.0083    95.5120 1.0000e-12  -74.17536 -113.34427  27.203273      99.87 1.8172e+02    289.751       6955  1028.4584  1028.4565    34.0365    34.0342    8.27361         25 0.0000e+00
    228.000    225.518    -0.9695  27.604796    -0.9678  27.604537     5.2640     5.3508    -0.0192    95.5098 1.0000e-12  -74.17536 -113.34427  27.203284      99.37 1.8194e+02    290.762       6979  1028.4633  1028.4614    34.0368    34.0345    8.27321         24 0.0000e+00
    229.000    226.504    -0.9697  27.604940    -0.9681  27.604672     5.2669     5.3555    -0.0169    95.5065 1.0000e-12  -74.17536 -113.34427  27.203296      96.16 1.8207e+02    291.770       7003  1028.4680  1028.4661    34.0366    34.0344    8.27327         24 0.0000e+00
    230.000    227.494    -0.9697  27.605511    -0.9683  27.604995     5.2608     5.3541    -0.0102    95.5012 1.0000e-12  -74.17536 -113.34427  27.203307      92.72 1.8158e+02    292.767       7027  1028.4729  1028.4709    34.0368    34.0344    8.27326         24 0.0000e+00
    231.000    228.481    -0.9708  27.605123    -0.9676  27.606196     5.2600     5.3549    -0.0141    95.5076 1.0000e-12  -74.17536 -113.34427  27.203319      96.53 1.8158e+02    293.764       7051  1028.4778  1028.4759    34.0368    34.0347    8.27349         24 0.0000e+00
    232.000    229.469    -0.9700  27.606296    -0.9681  27.606109     5.2640     5.3551    -0.0190    95.5012 1.0000e-12  -74.17536 -113.34427  27.203331      99.87 1.8158e+02    294.770       7075  1028.4826  1028.4805    34.0369    34.0345    8.27331         24 0.0000e+00
    233.000    230.459    -0.9714  27.605275    -0.9712  27.603653     5.2662     5.3449    -0.0141    95.5044 1.0000e-12  -74.17536 -113.34427  27.203342      99.87 1.8158e+02    295.777       7100  1028.4872  1028.4852    34.0365    34.0341    8.27365         24 0.0000e+00
    234.000    231.447    -0.9745  27.602839    -0.9722  27.603159     5.2570     5.3444    -0.0141    95.5171 1.0000e-12  -74.17536 -113.34427  27.203354      99.86 1.8158e+02    296.789       7124  1028.4918  1028.4899    34.0360    34.0339    8.27435         25 0.0000e+00
    235.000    232.435    -0.9635  27.614001    -0.9597  27.615418     5.2462     5.3346    -0.0167    95.5131 1.0000e-12  -74.17536 -113.34427  27.203366      99.87 1.8165e+02    297.811       7148  1028.4975  1028.4953    34.0382    34.0358    8.27181         25 0.0000e+00
    236.000    233.424    -0.9563  27.621282    -0.9563  27.619249     5.2451     5.3339    -0.0217    95.4952 1.0000e-12  -74.17536 -113.34427  27.203378      99.87 1.8013e+02    298.824       7173  1028.5027  1028.5005    34.0394    34.0366    8.27015         23 0.0000e+00
    237.000    234.412    -0.9545  27.623283    -0.9564  27.619706     5.2532     5.3470    -0.0147    95.5017 1.0000e-12  -74.17536 -113.34427  27.203389      99.87 1.8009e+02    299.831       7197  1028.5074  1028.5055    34.0394    34.0367    8.26975         25 0.0000e+00
    238.000    235.402    -0.9628  27.615438    -0.9637  27.613191     5.2481     5.3475    -0.0150    95.5033 1.0000e-12  -74.17536 -113.34427  27.203401      99.86 1.8090e+02    300.841       7221  1028.5114  1028.5098    34.0375    34.0355    8.27169         24 0.0000e+00
    239.000    236.390    -0.9722  27.607299    -0.9705  27.606978     5.2265     5.3231    -0.0217    95.4969 1.0000e-12  -74.17536 -113.34427  27.203413      99.87 1.7989e+02    301.847       7245  1028.5160  1028.5140    34.0365    34.0341    8.27382         24 0.0000e+00
    240.000    237.376    -0.9589  27.621871    -0.9557  27.621567     5.1776     5.2860    -0.0155    95.4995 1.0000e-12  -74.17536 -113.34427  27.203424      99.86 1.7981e+02    302.854       7270  1028.5231  1028.5197    34.0406    34.0366    8.27065         23 0.0000e+00
