ocean_section_plots/required_files/ctd/dnbp2202_ctd282.cnv
* Sea-Bird SBE 9 Data File:
* FileName = D:\Data\raw\NBP2202_CTD282.hex
* Software Version Seasave V 7.26.7.121
* Temperature SN = 1649
* Conductivity SN = 2513
* Number of Bytes Per Scan = 40
* Number of Voltage Words = 5
* Number of Scans Averaged by the Deck Unit = 1
* NMEA Latitude = 74 07.00 S
* NMEA Longitude = 115 43.88 W
* NMEA UTC (Time) = Feb 22 2022  07:47:17
* NMEA baud rate = 9600
** Ship: RVIB N.B. Palmer
** Cruise: NBP2202 Thwaites
** Station: 184
** Operator: B. Bjork
# nquan = 28
# nvalues = 1131                        
# units = specified
# name 0 = prDM: Pressure, Digiquartz [db]
# name 1 = depSM: Depth [salt water, m]
# name 2 = t090C: Temperature [ITS-90, deg C]
# name 3 = c0mS/cm: Conductivity [mS/cm]
# name 4 = t190C: Temperature, 2 [ITS-90, deg C]
# name 5 = c1mS/cm: Conductivity, 2 [mS/cm]
# name 6 = sbeox0ML/L: Oxygen, SBE 43 [ml/l]
# name 7 = sbeox1ML/L: Oxygen, SBE 43, 2 [ml/l]
# name 8 = flECO-AFL: Fluorescence, WET Labs ECO-AFL/FL [mg/m^3]
# name 9 = CStarTr0: Beam Transmission, WET Labs C-Star [%]
# name 10 = par: PAR/Irradiance, Biospherical/Licor
# name 11 = latitude: Latitude [deg]
# name 12 = longitude: Longitude [deg]
# name 13 = timeJ: Julian Days
# name 14 = altM: Altimeter [m]
# name 15 = spar: SPAR, Biospherical/Licor
# name 16 = timeS: Time, Elapsed [seconds]
# name 17 = scan: Scan Count
# name 18 = density00: Density [density, kg/m^3]
# name 19 = density11: Density, 2 [density, kg/m^3]
# name 20 = v3: Voltage 3
# name 21 = v4: Voltage 4
# name 22 = v5: Voltage 5
# name 23 = sal00: Salinity, Practical [PSU]
# name 24 = sal11: Salinity, Practical, 2 [PSU]
# name 25 = oxsolML/L: Oxygen Saturation, Garcia & Gordon [ml/l]
# name 26 = nbin: number of scans per bin
# name 27 = flag: flag
# span 0 =      2.000,   1132.000       
# span 1 =      1.981,   1117.246       
# span 2 =    -1.8815,     0.5328       
# span 3 =  26.900858,  29.665421       
# span 4 =    -1.8807,     0.5351       
# span 5 =  26.900922,  29.666082       
# span 6 =     4.4007,     9.1390       
# span 7 =     4.4991,     9.4643       
# span 8 =     0.0174,    11.7215       
# span 9 =    89.2330,    98.6956       
# span 10 = -3.422e-04, 5.3394e-01      
# span 11 =  -74.11678,  -74.11676      
# span 12 = -115.73144, -115.73140      
# span 13 =  53.326929,  53.342062      
# span 14 =       2.91,     100.20      
# span 15 = 1.4069e+01, 2.4767e+01      
# span 16 =    209.634,   1517.202      
# span 17 =       5032,      36414      
# span 18 =  1027.1606,  1033.0358      
# span 19 =  1027.1600,  1033.0342      
# span 20 =     4.2322,     4.6819      
# span 21 =     0.0695,     1.6122      
# span 22 =     0.1069,     0.1859      
# span 23 =    33.7785,    34.5616      
# span 24 =    33.7776,    34.5599      
# span 25 =    7.92440,    8.47591      
# span 26 =         21,         49      
# span 27 = 0.0000e+00, 0.0000e+00      
# interval = decibars: 1                
# start_time = Feb 22 2022 07:47:17 [NMEA time, header]
# bad_flag = -9.990e-29
*END*
[from data line 208]
    210.000    207.723    -1.6304  27.021563    -1.6289  27.022723     6.5921     6.8118     2.0748    93.2768 1.0000e-12  -74.11678 -115.73144  53.330137      99.87 2.2917e+01    486.839      11685  1028.3754  1028.3752     4.4250     0.5272     0.1364    33.9981    33.9980    8.42327         23 0.0000e+00
    211.000    208.708    -1.6350  27.018762    -1.6343  27.019244     6.5867     6.7991     1.3816    93.8788 1.0000e-12  -74.11678 -115.73144  53.330148      99.92 2.2597e+01    487.812      11708  1028.3806  1028.3804     4.4535     0.3146     0.1425    33.9988    33.9986    8.42426         24 0.0000e+00
    212.000    209.701    -1.6402  27.015145    -1.6389  27.016165     6.5840     6.7878     1.6447    93.5997 1.0000e-12  -74.11678 -115.73144  53.330160      99.90 2.2918e+01    488.795      11732  1028.3856  1028.3855     4.4403     0.4031     0.1437    33.9991    33.9991    8.42543         23 0.0000e+00
    213.000    210.687    -1.6333  27.024719    -1.6309  27.025744     6.5849     6.7835     1.9712    94.0668 1.0000e-12  -74.11678 -115.73144  53.330171      99.92 2.2917e+01    489.773      11756  1028.3934  1028.3922     4.4625     0.2971     0.1319    34.0039    34.0025    8.42358         24 0.0000e+00
    214.000    211.676    -1.6153  27.042096    -1.6150  27.042383     6.5801     6.7837     1.8406    95.0056 1.0000e-12  -74.11678 -115.73144  53.330182      99.90 2.2917e+01    490.741      11779  1028.3992  1028.3992     4.5069     0.3800     0.1362    34.0068    34.0068    8.41932         23 0.0000e+00
    215.000    212.666    -1.6552  27.012572    -1.6563  27.012501     6.5696     6.7742     1.6945    95.0327 1.0000e-12  -74.11678 -115.73144  53.330193      99.91 2.3078e+01    491.714      11802  1028.4096  1028.4106     4.5083     0.3627     0.1365    34.0108    34.0119    8.42814         23 0.0000e+00
    216.000    213.653    -1.6873  26.989507    -1.6865  26.990057     6.5660     6.7673     1.6783    94.6836 1.0000e-12  -74.11678 -115.73144  53.330205      99.89 2.2915e+01    492.697      11826  1028.4192  1028.4191     4.4917     0.3528     0.1327    34.0148    34.0147    8.43518         24 0.0000e+00
    217.000    214.641    -1.6981  26.981223    -1.6986  26.980912     6.5658     6.7690     1.6388    94.8107 1.0000e-12  -74.11678 -115.73144  53.330216      99.89 2.2841e+01    493.665      11849  1028.4245  1028.4247     4.4977     0.2427     0.1394    34.0150    34.0152    8.43763         23 0.0000e+00
    218.000    215.631    -1.7059  26.977835    -1.7055  26.977973     6.5560     6.7603     1.6192    95.5684 1.0000e-12  -74.11678 -115.73143  53.330227      99.91 2.2378e+01    494.632      11872  1028.4324  1028.4322     4.5337     0.3403     0.1421    34.0187    34.0184    8.43920         23 0.0000e+00
    219.000    216.619    -1.7238  26.964161    -1.7234  26.964736     6.5552     6.7555     1.4562    95.0906 1.0000e-12  -74.11678 -115.73143  53.330239      99.92 2.2699e+01    495.610      11896  1028.4386  1028.4389     4.5110     0.3051     0.1402    34.0195    34.0199    8.44322         24 0.0000e+00
    220.000    217.609    -1.7312  26.959334    -1.7303  26.959985     6.5593     6.7503     1.8561    95.6909 1.0000e-12  -74.11678 -115.73143  53.330250      99.91 2.2535e+01    496.576      11919  1028.4444  1028.4442     4.5393     0.3574     0.1365    34.0206    34.0205    8.44484         23 0.0000e+00
    221.000    218.595    -1.7334  26.958230    -1.7327  26.958762     6.5551     6.7459     2.1732    95.5704 1.0000e-12  -74.11678 -115.73142  53.330261      99.91 2.2765e+01    497.547      11942  1028.4493  1028.4492     4.5339     0.3574     0.1384    34.0210    34.0209    8.44533         23 0.0000e+00
    222.000    219.585    -1.7490  26.946391    -1.7488  26.946785     6.5444     6.7412     1.8208    95.1532 1.0000e-12  -74.11678 -115.73142  53.330272      99.90 2.3143e+01    498.534      11966  1028.4554  1028.4556     4.5140     0.3749     0.1267    34.0218    34.0220    8.44884         24 0.0000e+00
    223.000    220.575    -1.7597  26.938843    -1.7598  26.938802     6.5408     6.7362     1.8202    95.1483 1.0000e-12  -74.11678 -115.73142  53.330284      99.88 2.2409e+01    499.512      11989  1028.4614  1028.4615     4.5138     0.4773     0.1270    34.0228    34.0230    8.45120         24 0.0000e+00
    224.000    221.562    -1.7847  26.919707    -1.7844  26.920124     6.5389     6.7384     1.6009    95.5635 1.0000e-12  -74.11678 -115.73142  53.330295      99.91 2.3525e+01    500.495      12013  1028.4685  1028.4686     4.5334     0.2992     0.1296    34.0242    34.0245    8.45683         23 0.0000e+00
    225.000    222.549    -1.7859  26.919643    -1.7854  26.919996     6.5416     6.7406     1.1673    96.0920 1.0000e-12  -74.11678 -115.73142  53.330307      99.87 2.3505e+01    501.485      12037  1028.4735  1028.4735     4.5585     0.4546     0.1344    34.0249    34.0248    8.45707         24 0.0000e+00
    226.000    223.539    -1.7858  26.921054    -1.7846  26.921659     6.5458     6.7466     1.0732    95.9853 1.0000e-12  -74.11678 -115.73142  53.330318      99.93 2.2135e+01    502.469      12060  1028.4789  1028.4785     4.5532     0.2299     0.1249    34.0261    34.0256    8.45697         23 0.0000e+00
    227.000    224.529    -1.7829  26.924341    -1.7819  26.924990     6.5516     6.7561     1.2167    95.3495 1.0000e-12  -74.11678 -115.73142  53.330329      99.92 2.3146e+01    503.446      12084  1028.4839  1028.4836     4.5235     0.2517     0.1266    34.0268    34.0266    8.45628         24 0.0000e+00
    228.000    225.517    -1.7753  26.932267    -1.7738  26.933109     6.5534     6.7556     1.0464    95.7908 1.0000e-12  -74.11678 -115.73142  53.330341      61.41 2.3065e+01    504.430      12107  1028.4893  1028.4888     4.5442     0.3018     0.1235    34.0284    34.0279    8.45443         24 0.0000e+00
    229.000    226.505    -1.7703  26.938185    -1.7696  26.938482     6.5414     6.7460     1.3172    95.8451 1.0000e-12  -74.11678 -115.73142  53.330352      82.85 2.2766e+01    505.410      12131  1028.4952  1028.4949     4.5468     0.3108     0.1261    34.0303    34.0299    8.45318         23 0.0000e+00
    230.000    227.495    -1.7741  26.935982    -1.7728  26.936879     6.5460     6.7406     1.4294    96.0362 1.0000e-12  -74.11678 -115.73142  53.330363      97.06 2.2480e+01    506.383      12154  1028.5006  1028.5004     4.5559     0.3203     0.1297    34.0310    34.0308    8.45401         24 0.0000e+00
    231.000    228.481    -1.7781  26.933179    -1.7770  26.934006     6.5500     6.7396     1.1759    95.7479 1.0000e-12  -74.11678 -115.73142  53.330375      99.89 2.3367e+01    507.364      12178  1028.5055  1028.5054     4.5422     0.2883     0.1318    34.0310    34.0310    8.45492         23 0.0000e+00
    232.000    229.471    -1.7818  26.931360    -1.7811  26.931716     6.5553     6.7436     1.3933    95.6518 1.0000e-12  -74.11678 -115.73142  53.330386      99.94 2.3147e+01    508.333      12201  1028.5114  1028.5111     4.5378     0.2380     0.1247    34.0322    34.0318    8.45571         23 0.0000e+00
    233.000    230.459    -1.7853  26.929261    -1.7844  26.929845     6.5515     6.7436     1.4111    96.5561 1.0000e-12  -74.11678 -115.73142  53.330397      99.92 2.2915e+01    509.299      12224  1028.5166  1028.5164     4.5803     0.2673     0.1311    34.0326    34.0324    8.45647         23 0.0000e+00
    234.000    231.448    -1.7852  26.931408    -1.7842  26.931802     6.5404     6.7449     1.3193    96.2481 1.0000e-12  -74.11678 -115.73142  53.330408      99.92 2.2917e+01    510.274      12248  1028.5231  1028.5226     4.5659     0.2738     0.1228    34.0348    34.0343    8.45632         24 0.0000e+00
    235.000    232.437    -1.7920  26.927986    -1.7918  26.928325     6.5503     6.7398     1.3952    96.2541 1.0000e-12  -74.11678 -115.73142  53.330420      99.94 2.2917e+01    511.260      12271  1028.5301  1028.5303     4.5661     0.1736     0.1310    34.0372    34.0374    8.45772         23 0.0000e+00
    236.000    233.426    -1.8014  26.921822    -1.8007  26.922198     6.5574     6.7455     1.3876    95.8105 1.0000e-12  -74.11678 -115.73142  53.330431      99.93 2.2814e+01    512.226      12294  1028.5367  1028.5364     4.5452     0.2121     0.1294    34.0388    34.0385    8.45978         24 0.0000e+00
    237.000    234.413    -1.7988  26.925321    -1.7977  26.925747     6.5595     6.7377     1.1101    95.6157 1.0000e-12  -74.11678 -115.73142  53.330442      99.93 2.3603e+01    513.204      12318  1028.5422  1028.5417     4.5359     0.2014     0.1260    34.0401    34.0394    8.45911         23 0.0000e+00
    238.000    235.402    -1.7946  26.929963    -1.7938  26.930306     6.5558     6.7400     1.9035    95.7024 1.0000e-12  -74.11678 -115.73142  53.330453      99.91 2.3685e+01    514.183      12341  1028.5475  1028.5470     4.5400     0.3166     0.1389    34.0411    34.0406    8.45809         23 0.0000e+00
    239.000    236.390    -1.7929  26.932307    -1.7921  26.932738     6.5529     6.7366     1.0700    95.9627 1.0000e-12  -74.11678 -115.73142  53.330465      99.93 2.1955e+01    515.150      12365  1028.5526  1028.5523     4.5524     0.2480     0.1244    34.0417    34.0414    8.45766         24 0.0000e+00
    240.000    237.379    -1.7916  26.935466    -1.7903  26.935853     6.5524     6.7356     1.8904    96.4573 1.0000e-12  -74.11678 -115.73142  53.330476      99.92 2.3482e+01    516.131      12388  1028.5591  1028.5584     4.5757     0.2907     0.1256    34.0440    34.0431    8.45722         24 0.0000e+00
    241.000    238.368    -1.8001  26.928743    -1.8008  26.928076     6.5451     6.7389     1.5945    96.2885 1.0000e-12  -74.11678 -115.73140  53.330487      99.92 2.3682e+01    517.114      12412  1028.5642  1028.5642     4.5678     0.2178     0.1247    34.0438    34.0437    8.45919         23 0.0000e+00
    242.000    239.355    -1.8157  26.916293    -1.8161  26.916120     6.5478     6.7346     1.4192    96.5491 1.0000e-12  -74.11678 -115.73142  53.330499      99.93 2.2839e+01    518.086      12435  1028.5698  1028.5700     4.5801     0.2261     0.1242    34.0437    34.0439    8.46275         23 0.0000e+00
    243.000    240.345    -1.8226  26.912656    -1.8222  26.912446     6.5480     6.7345     1.2328    96.4110 1.0000e-12  -74.11678 -115.73140  53.330510      94.47 2.3945e+01    519.062      12458  1028.5767  1028.5761     4.5736     0.2128     0.1223    34.0460    34.0451    8.46421         24 0.0000e+00
    244.000    241.333    -1.8190  26.916432    -1.8179  26.917019     6.5492     6.7392     0.8713    95.7075 1.0000e-12  -74.11678 -115.73142  53.330521      99.87 2.4143e+01    520.042      12482  1028.5815  1028.5812     4.5403     0.2653     0.1270    34.0464    34.0460    8.46334         23 0.0000e+00
    245.000    242.320    -1.8188  26.917837    -1.8179  26.918278     6.5464     6.7379     0.9011    95.4640 1.0000e-12  -74.11678 -115.73140  53.330533      99.92 2.3356e+01    521.023      12506  1028.5871  1028.5868     4.5290     0.2830     0.1297    34.0475    34.0471    8.46323         24 0.0000e+00
    246.000    243.310    -1.8182  26.919066    -1.8182  26.918632     6.5486     6.7348     0.7276    96.2824 1.0000e-12  -74.11678 -115.73141  53.330544      99.93 2.3300e+01    522.005      12529  1028.5921  1028.5917     4.5672     0.2504     0.1264    34.0479    34.0473    8.46307         23 0.0000e+00
    247.000    244.299    -1.8181  26.919571    -1.8173  26.919904     6.5501     6.7414     1.3543    96.5394 1.0000e-12  -74.11678 -115.73141  53.330556      99.92 2.3883e+01    522.998      12553  1028.5968  1028.5964     4.5797     0.2452     0.1245    34.0479    34.0474    8.46305         24 0.0000e+00
    248.000    245.287    -1.8211  26.917802    -1.8199  26.918527     6.5472     6.7448     1.4096    96.6235 1.0000e-12  -74.11678 -115.73141  53.330567      99.94 2.3064e+01    523.980      12577  1028.6021  1028.6017     4.5837     0.1707     0.1240    34.0483    34.0479    8.46372         24 0.0000e+00
    249.000    246.276    -1.8243  26.915888    -1.8241  26.915827     6.5501     6.7383     1.1948    96.1825 1.0000e-12  -74.11678 -115.73141  53.330578      99.94 2.3299e+01    524.951      12600  1028.6072  1028.6070     4.5627     0.1740     0.1221    34.0486    34.0482    8.46443         23 0.0000e+00
    250.000    247.263    -1.8358  26.907664    -1.8344  26.908587     6.5437     6.7309     0.7933    96.1666 1.0000e-12  -74.11678 -115.73141  53.330589      99.93 2.4151e+01    525.925      12623  1028.6135  1028.6133     4.5620     0.1863     0.1216    34.0496    34.0493    8.46699         23 0.0000e+00
    251.000    248.253    -1.8412  26.904391    -1.8408  26.904488     6.5325     6.7342     0.6737    96.7541 1.0000e-12  -74.11678 -115.73141  53.330601      99.93 2.3360e+01    526.897      12647  1028.6194  1028.6191     4.5897     0.1947     0.1211    34.0506    34.0503    8.46817         23 0.0000e+00
    252.000    249.241    -1.8431  26.903515    -1.8433  26.903170     6.5417     6.7354     0.8489    96.3694 1.0000e-12  -74.11678 -115.73140  53.330612      99.94 2.2838e+01    527.865      12670  1028.6245  1028.6244     4.5718     0.1704     0.1234    34.0510    34.0508    8.46859         24 0.0000e+00
    253.000    250.229    -1.8483  26.900858    -1.8482  26.900922     6.5534     6.7373     0.9414    96.4953 1.0000e-12  -74.11678 -115.73140  53.330623      99.93 2.4658e+01    528.842      12693  1028.6308  1028.6308     4.5776     0.2090     0.1180    34.0527    34.0526    8.46968         24 0.0000e+00
    254.000    251.217    -1.8471  26.904025    -1.8462  26.904257     6.5573     6.7458     0.8333    96.7110 1.0000e-12  -74.11678 -115.73140  53.330635      99.91 2.3769e+01    529.824      12717  1028.6374  1028.6368     4.5879     0.3211     0.1250    34.0551    34.0544    8.46926         23 0.0000e+00
    255.000    252.207    -1.8447  26.907742    -1.8437  26.908234     6.5695     6.7590     1.0705    96.8049 1.0000e-12  -74.11678 -115.73140  53.330646      99.94 2.2764e+01    530.792      12740  1028.6435  1028.6430     4.5923     0.2040     0.1252    34.0568    34.0564    8.46860         23 0.0000e+00
    256.000    253.194    -1.8307  26.922129    -1.8299  26.921816     6.5693     6.7629     0.6357    95.3690 1.0000e-12  -74.11678 -115.73140  53.330657      82.85 2.4245e+01    531.766      12763  1028.6500  1028.6489     4.5242     0.2578     0.1236    34.0602    34.0589    8.46519         23 0.0000e+00
    257.000    254.184    -1.8185  26.934291    -1.8177  26.934511     6.5700     6.7671     0.8982    96.0786 1.0000e-12  -74.11678 -115.73140  53.330668     100.11 2.4091e+01    532.742      12787  1028.6560  1028.6554     4.5579     0.3399     0.1258    34.0625    34.0619    8.46226         24 0.0000e+00
    258.000    255.171    -1.8152  26.938269    -1.8145  26.938354     6.5794     6.7604     1.3823    96.8154 1.0000e-12  -74.11678 -115.73140  53.330679      99.93 2.2533e+01    533.709      12810  1028.6615  1028.6609     4.5928     0.1941     0.1223    34.0637    34.0629    8.46144         23 0.0000e+00
    259.000    256.157    -1.8136  26.940815    -1.8126  26.941201     6.5777     6.7635     1.1807    97.0295 1.0000e-12  -74.11678 -115.73140  53.330691      99.92 2.4097e+01    534.685      12833  1028.6671  1028.6666     4.6029     0.2243     0.1272    34.0647    34.0641    8.46100         23 0.0000e+00
