ocean_section_plots/required_files/ctd/dnbp2202_ctd101.cnv
* Sea-Bird SBE 9 Data File:
* FileName = D:\Data\raw\NBP2202_CTD101.hex
* Software Version Seasave V 7.26.7.121
* Temperature SN = 1649
* Conductivity SN = 2513
* Number of Bytes Per Scan = 40
* Number of Voltage Words = 5
* Number of Scans Averaged by the Deck Unit = 1
* NMEA Latitude = 74 10.52 S
* NMEA Longitude = 113 20.65 W
* NMEA UTC (Time) = Jan 27 2022  02:55:26
* NMEA baud rate = 9600
** Ship: RVIB N.B. Palmer
** Cruise: NBP2202 Thwaites
** Station: YoYo001
** Operator: A. Robinson
# nquan = 25
# nvalues = 608                         
# units = specified
# name 0 = prDM: Pressure, Digiquartz [db]
# name 1 = depSM: Depth [salt water, m]
# name 2 = t090C: Temperature [ITS-90, deg C]
# name 3 = c0mS/cm: Conductivity [mS/cm]
# name 4 = t190C: Temperature, 2 [ITS-90, deg C]
# name 5 = c1mS/cm: Conductivity, 2 [mS/cm]
# name 6 = sbeox0ML/L: Oxygen, SBE 43 [ml/l]
# name 7 = sbeox1ML/L: Oxygen, SBE 43, 2 [ml/l]
# name 8 = flECO-AFL: Fluorescence, WET Labs ECO-AFL/FL [mg/m^3]
# name 9 = CStarTr0: Beam Transmission, WET Labs C-Star [%]
# name 10 = par: PAR/Irradiance, Biospherical/Licor
# name 11 = latitude: Latitude [deg]
# name 12 = longitude: Longitude [deg]
# name 13 = timeJ: Julian Days
# name 14 = altM: Altimeter [m]
# name 15 = spar: SPAR, Biospherical/Licor
# name 16 = timeS: Time, Elapsed [seconds]
# name 17 = scan: Scan Count
# name 18 = density00: Density [density, kg/m^3]
# name 19 = density11: Density, 2 [density, kg/m^3]
# name 20 = sal00: Salinity, Practical [PSU]
# name 21 = sal11: Salinity, Practical, 2 [PSU]
# name 22 = oxsolML/L: Oxygen Saturation, Garcia & Gordon [ml/l]
# name 23 = nbin: number of scans per bin
# name 24 = flag: flag
# span 0 =     10.000,    617.000       
# span 1 =      9.897,    609.704       
# span 2 =    -1.4977,     0.0641       
# span 3 =  26.950125,  28.899444       
# span 4 =    -1.4958,     0.0666       
# span 5 =  26.790773,  28.745307       
# span 6 =     4.6898,     9.1232       
# span 7 =     4.7340,     9.0724       
# span 8 =    -0.0290,    26.4938       
# span 9 =    68.4121,    95.5504       
# span 10 = 1.0000e-12, 1.8235e+01      
# span 11 =  -74.17536,  -74.17536      
# span 12 = -113.34426, -113.34424      
# span 13 =  27.122391,  27.130899      
# span 14 =       7.73,      99.99      
# span 15 = 6.4466e+02, 9.3905e+02      
# span 16 =     48.559,    783.666      
# span 17 =       1166,      18809      
# span 18 =  1027.1957,  1030.5201      
# span 19 =  1027.0124,  1030.3552      
# span 20 =    33.7771,    34.3757      
# span 21 =    33.5506,    34.1699      
# span 22 =    8.03183,    8.40361      
# span 23 =         20,         45      
# span 24 = 0.0000e+00, 0.0000e+00      
# interval = decibars: 1                
# start_time = Jan 27 2022 02:55:26 [NMEA time, header]
# bad_flag = -9.990e-29
*END*
[from data line 232]
    242.000    239.356    -0.8183  27.752529    -0.8168  27.588056     5.0299     5.0882    -0.0184    95.3123 1.0000e-12  -74.17536 -113.34424  27.126102      99.87 6.7688e+02    369.226       8862  1028.5390  1028.3578    34.0580    33.8337    8.23880         24 0.0000e+00
    243.000    240.342    -0.8152  27.756286    -0.8135  27.591634     5.0243     5.0874    -0.0153    95.2945 1.0000e-12  -74.17536 -113.34424  27.126114      99.87 6.7680e+02    370.214       8886  1028.5445  1028.3629    34.0590    33.8343    8.23807         23 0.0000e+00
    244.000    241.333    -0.8098  27.762296    -0.8082  27.597725     5.0157     5.0824    -0.0124    95.3009 1.0000e-12  -74.17536 -113.34424  27.126125      99.86 6.7745e+02    371.212       8910  1028.5502  1028.3688    34.0603    33.8359    8.23680         25 0.0000e+00
    245.000    242.321    -0.8047  27.768018    -0.8032  27.603069     5.0023     5.0762    -0.0183    95.3016 1.0000e-12  -74.17536 -113.34424  27.126137      99.87 6.7710e+02    372.217       8934  1028.5559  1028.3743    34.0618    33.8370    8.23561         24 0.0000e+00
    246.000    243.309    -0.7988  27.774134    -0.7972  27.609371     5.0019     5.0705    -0.0125    95.2846 1.0000e-12  -74.17536 -113.34424  27.126148      99.87 6.7787e+02    373.205       8958  1028.5612  1028.3797    34.0627    33.8382    8.23425         23 0.0000e+00
    247.000    244.297    -0.7923  27.781642    -0.7909  27.616169     4.9996     5.0623    -0.0074    95.2671 1.0000e-12  -74.17536 -113.34424  27.126160      93.79 6.8027e+02    374.196       8982  1028.5675  1028.3855    34.0650    33.8397    8.23271         24 0.0000e+00
    248.000    245.286    -0.7766  27.798339    -0.7752  27.632738     4.9934     5.0578    -0.0138    95.2669 1.0000e-12  -74.17536 -113.34424  27.126171      92.02 6.8054e+02    375.201       9006  1028.5747  1028.3926    34.0692    33.8439    8.22903         25 0.0000e+00
    249.000    246.274    -0.7683  27.807360    -0.7670  27.641971     4.9916     5.0494    -0.0150    95.2755 1.0000e-12  -74.17536 -113.34424  27.126183      97.71 6.8047e+02    376.200       9030  1028.5809  1028.3991    34.0715    33.8465    8.22710         23 0.0000e+00
    250.000    247.264    -0.7587  27.817606    -0.7573  27.652267     4.9897     5.0477    -0.0200    95.2932 1.0000e-12  -74.17536 -113.34424  27.126194      99.89 6.8211e+02    377.198       9054  1028.5871  1028.4055    34.0740    33.8491    8.22487         24 0.0000e+00
    251.000    248.251    -0.7571  27.819683    -0.7557  27.654509     4.9869     5.0558    -0.0125    95.2735 1.0000e-12  -74.17536 -113.34424  27.126206      99.87 6.8217e+02    378.201       9078  1028.5923  1028.4108    34.0743    33.8497    8.22449         24 0.0000e+00
    252.000    249.239    -0.7540  27.823445    -0.7523  27.658570     4.9799     5.0482    -0.0123    95.2780 1.0000e-12  -74.17536 -113.34424  27.126218      99.86 6.8224e+02    379.192       9102  1028.5978  1028.4164    34.0753    33.8508    8.22376         24 0.0000e+00
    253.000    250.229    -0.7492  27.829205    -0.7477  27.663894     4.9829     5.0423    -0.0171    95.2748 1.0000e-12  -74.17536 -113.34424  27.126229      99.87 6.8434e+02    380.176       9125  1028.6037  1028.4220    34.0770    33.8521    8.22260         24 0.0000e+00
    254.000    251.217    -0.7427  27.836729    -0.7411  27.671111     4.9752     5.0405    -0.0192    95.2890 1.0000e-12  -74.17536 -113.34424  27.126240      99.87 6.8438e+02    381.166       9149  1028.6100  1028.4280    34.0793    33.8540    8.22106         23 0.0000e+00
    255.000    252.205    -0.7338  27.846425    -0.7324  27.680867     4.9742     5.0356    -0.0092    95.2855 1.0000e-12  -74.17536 -113.34424  27.126252      99.87 6.8614e+02    382.153       9173  1028.6163  1028.4345    34.0818    33.8567    8.21898         24 0.0000e+00
    256.000    253.193    -0.7306  27.850097    -0.7292  27.684861     4.9719     5.0249    -0.0083    95.2508 1.0000e-12  -74.17536 -113.34424  27.126263      99.87 6.8845e+02    383.129       9196  1028.6216  1028.4402    34.0825    33.8579    8.21825         23 0.0000e+00
    257.000    254.182    -0.7292  27.851949    -0.7277  27.686797     4.9773     5.0354    -0.0132    95.2607 1.0000e-12  -74.17536 -113.34424  27.126275      99.87 6.8964e+02    384.124       9220  1028.6267  1028.4453    34.0828    33.8583    8.21793         25 0.0000e+00
    258.000    255.170    -0.7288  27.852942    -0.7272  27.687733     4.9888     5.0442    -0.0147    95.2599 1.0000e-12  -74.17536 -113.34424  27.126286      99.87 6.9202e+02    385.113       9244  1028.6317  1028.4503    34.0831    33.8584    8.21782         23 0.0000e+00
    259.000    256.160    -0.7308  27.852058    -0.7291  27.687491     4.9967     5.0455    -0.0163    95.2598 1.0000e-12  -74.17536 -113.34424  27.126297      99.87 6.9368e+02    386.095       9267  1028.6372  1028.4562    34.0835    33.8595    8.21823         24 0.0000e+00
    260.000    257.148    -0.7348  27.851162    -0.7332  27.686213     5.0016     5.0513    -0.0057    95.2460 1.0000e-12  -74.17536 -113.34424  27.126309      77.20 6.9493e+02    387.088       9291  1028.6445  1028.4633    34.0862    33.8618    8.21894         24 0.0000e+00
    261.000    258.135    -0.7331  27.853764    -0.7316  27.688925     4.9941     5.0629    -0.0118    95.2498 1.0000e-12  -74.17536 -113.34424  27.126320      94.87 6.9557e+02    388.083       9315  1028.6500  1028.4690    34.0872    33.8630    8.21851         23 0.0000e+00
    262.000    259.125    -0.7309  27.856930    -0.7293  27.691993     4.9993     5.0594    -0.0123    95.2555 1.0000e-12  -74.17536 -113.34424  27.126332      97.30 6.9634e+02    389.062       9338  1028.6557  1028.4744    34.0884    33.8640    8.21797         24 0.0000e+00
    263.000    260.112    -0.7294  27.859471    -0.7275  27.694893     5.0102     5.0669    -0.0129    95.2491 1.0000e-12  -74.17536 -113.34424  27.126343      99.83 6.9699e+02    390.050       9362  1028.6613  1028.4802    34.0895    33.8653    8.21757         24 0.0000e+00
    264.000    261.101    -0.7323  27.857966    -0.7306  27.693058     5.0117     5.0639    -0.0061    95.2498 1.0000e-12  -74.17536 -113.34424  27.126355      99.87 6.9650e+02    391.037       9386  1028.6668  1028.4856    34.0901    33.8657    8.21816         23 0.0000e+00
    265.000    262.089    -0.7350  27.856520    -0.7334  27.691851     5.0127     5.0636    -0.0047    95.2576 1.0000e-12  -74.17536 -113.34424  27.126366      99.87 6.9634e+02    392.014       9409  1028.6722  1028.4913    34.0906    33.8666    8.21872         24 0.0000e+00
    266.000    263.078    -0.7342  27.858323    -0.7322  27.693865     5.0118     5.0730    -0.0095    95.2587 1.0000e-12  -74.17536 -113.34424  27.126377      99.87 6.9725e+02    392.989       9433  1028.6778  1028.4966    34.0916    33.8674    8.21851         23 0.0000e+00
    267.000    264.066    -0.7303  27.862918    -0.7287  27.698089     4.9989     5.0642    -0.0090    95.2621 1.0000e-12  -74.17536 -113.34424  27.126388      99.86 6.9556e+02    393.966       9456  1028.6832  1028.5021    34.0927    33.8686    8.21758         23 0.0000e+00
    268.000    265.054    -0.7273  27.866267    -0.7256  27.701314     4.9709     5.0403    -0.0019    95.2662 1.0000e-12  -74.17536 -113.34424  27.126400      99.86 6.9392e+02    394.938       9480  1028.6882  1028.5069    34.0933    33.8688    8.21690         24 0.0000e+00
    269.000    266.042    -0.7132  27.880351    -0.7118  27.714260     4.9535     5.0195     0.0022    95.2688 1.0000e-12  -74.17536 -113.34424  27.126411      99.87 6.9304e+02    395.922       9503  1028.6940  1028.5118    34.0958    33.8702    8.21368         23 0.0000e+00
    270.000    267.032    -0.6931  27.898775    -0.6925  27.732107     4.9432     5.0022    -0.0138    95.2694 1.0000e-12  -74.17536 -113.34424  27.126423      99.86 6.8975e+02    396.913       9527  1028.6986  1028.5167    34.0974    33.8721    8.20922         24 0.0000e+00
    271.000    268.020    -0.6751  27.916567    -0.6736  27.750608     4.9356     5.0000    -0.0123    95.2737 1.0000e-12  -74.17536 -113.34424  27.126434      99.87 6.8738e+02    397.893       9550  1028.7046  1028.5227    34.1005    33.8752    8.20513         24 0.0000e+00
    272.000    269.007    -0.6722  27.919560    -0.6707  27.754006     4.9332     4.9985    -0.0192    95.2666 1.0000e-12  -74.17536 -113.34424  27.126445      99.87 6.8622e+02    398.874       9574  1028.7096  1028.5281    34.1007    33.8760    8.20450         23 0.0000e+00
    273.000    269.997    -0.6697  27.922810    -0.6679  27.757634     4.9319     4.9958    -0.0073    95.2489 1.0000e-12  -74.17536 -113.34424  27.126457      99.86 6.8294e+02    399.863       9598  1028.7150  1028.5338    34.1016    33.8772    8.20389         24 0.0000e+00
    274.000    270.984    -0.6651  27.928453    -0.6633  27.763080     4.9317     4.9923    -0.0106    95.2724 1.0000e-12  -74.17536 -113.34424  27.126468      82.39 6.8099e+02    400.841       9621  1028.7211  1028.5396    34.1035    33.8787    8.20279         23 0.0000e+00
    275.000    271.973    -0.6610  27.933292    -0.6594  27.768009     4.9284     4.9928    -0.0109    95.2475 1.0000e-12  -74.17536 -113.34424  27.126479      94.84 6.7887e+02    401.825       9645  1028.7268  1028.5456    34.1048    33.8804    8.20183         25 0.0000e+00
    276.000    272.962    -0.6575  27.937723    -0.6560  27.772083     4.9320     4.9900    -0.0068    95.2387 1.0000e-12  -74.17536 -113.34424  27.126491      99.82 6.7522e+02    402.823       9669  1028.7326  1028.5511    34.1062    33.8815    8.20099         23 0.0000e+00
    277.000    273.948    -0.6563  27.939555    -0.6546  27.774506     4.9340     4.9869    -0.0071    95.2426 1.0000e-12  -74.17536 -113.34424  27.126503      99.86 6.7333e+02    403.820       9693  1028.7377  1028.5568    34.1067    33.8826    8.20069         24 0.0000e+00
    278.000    274.939    -0.6560  27.940564    -0.6543  27.775409     4.9380     4.9853    -0.0145    95.2491 1.0000e-12  -74.17536 -113.34424  27.126514      99.87 6.7187e+02    404.821       9717  1028.7429  1028.5618    34.1071    33.8828    8.20060         24 0.0000e+00
    279.000    275.926    -0.6555  27.942239    -0.6538  27.776890     4.9405     4.9919    -0.0172    95.2241 1.0000e-12  -74.17536 -113.34424  27.126526      99.87 6.6950e+02    405.824       9741  1028.7487  1028.5674    34.1083    33.8837    8.20044         24 0.0000e+00
    280.000    276.914    -0.6542  27.944196    -0.6525  27.778800     4.9434     4.9920    -0.0147    95.2393 1.0000e-12  -74.17536 -113.34424  27.126537      99.87 6.6813e+02    406.809       9764  1028.7539  1028.5726    34.1088    33.8842    8.20013         24 0.0000e+00
    281.000    277.903    -0.6516  27.947259    -0.6500  27.781830     4.9384     4.9936    -0.0290    95.2263 1.0000e-12  -74.17536 -113.34424  27.126548      99.87 6.6683e+02    407.788       9788  1028.7590  1028.5778    34.1094    33.8849    8.19952         23 0.0000e+00
    282.000    278.891    -0.6526  27.947202    -0.6508  27.782005     4.9305     4.9887    -0.0025    95.2387 1.0000e-12  -74.17536 -113.34424  27.126560      99.86 6.6544e+02    408.755       9811  1028.7643  1028.5832    34.1099    33.8854    8.19972         23 0.0000e+00
    283.000    279.880    -0.6453  27.955777    -0.6435  27.789837     4.9246     4.9780    -0.0112    95.2341 1.0000e-12  -74.17536 -113.34424  27.126571      99.87 6.6298e+02    409.713       9834  1028.7707  1028.5888    34.1125    33.8872    8.19797         23 0.0000e+00
    284.000    280.868    -0.6340  27.967500    -0.6324  27.801846     4.9245     4.9806    -0.0179    95.2274 1.0000e-12  -74.17536 -113.34424  27.126582      99.87 6.6284e+02    410.672       9857  1028.7767  1028.5954    34.1150    33.8903    8.19538         23 0.0000e+00
    285.000    281.856    -0.6305  27.971861    -0.6289  27.806339     4.9260     4.9775    -0.0193    95.2233 1.0000e-12  -74.17536 -113.34424  27.126593      99.87 6.6291e+02    411.652       9881  1028.7824  1028.6013    34.1163    33.8919    8.19455         24 0.0000e+00
    286.000    282.843    -0.6256  27.977575    -0.6238  27.812089     4.9205     4.9799    -0.0144    95.2233 1.0000e-12  -74.17536 -113.34424  27.126605      99.86 6.6284e+02    412.645       9904  1028.7882  1028.6068    34.1179    33.8933    8.19339         24 0.0000e+00
    287.000    283.833    -0.6236  27.979910    -0.6219  27.814611     4.9185     4.9826    -0.0108    95.2350 1.0000e-12  -74.17536 -113.34424  27.126616      94.85 6.6291e+02    413.635       9928  1028.7931  1028.6120    34.1182    33.8939    8.19295         24 0.0000e+00
    288.000    284.820    -0.6235  27.980476    -0.6217  27.815177     4.9130     4.9715    -0.0146    95.2235 1.0000e-12  -74.17536 -113.34424  27.126628      90.13 6.6443e+02    414.626       9952  1028.7980  1028.6169    34.1182    33.8939    8.19292         24 0.0000e+00
    289.000    285.810    -0.6233  27.981077    -0.6218  27.815637     4.9086     4.9744    -0.0166    95.2196 1.0000e-12  -74.17536 -113.34424  27.126639      99.78 6.6506e+02    415.617       9976  1028.8028  1028.6219    34.1182    33.8940    8.19288         23 0.0000e+00
    290.000    286.798    -0.6196  27.985388    -0.6179  27.819752     4.9083     4.9804    -0.0050    95.2190 1.0000e-12  -74.17536 -113.34424  27.126650      99.87 6.6644e+02    416.602       9999  1028.8082  1028.6269    34.1192    33.8946    8.19202         24 0.0000e+00
    291.000    287.786    -0.6174  27.988120    -0.6156  27.822774     4.9141     4.9744    -0.0186    95.2264 1.0000e-12  -74.17536 -113.34424  27.126662      99.87 6.6775e+02    417.595      10023  1028.8133  1028.6323    34.1198    33.8954    8.19151         24 0.0000e+00
    292.000    288.773    -0.6158  27.990202    -0.6139  27.825107     4.9150     4.9684    -0.0184    95.2147 1.0000e-12  -74.17536 -113.34424  27.126674      99.87 6.6813e+02    418.602      10047  1028.8184  1028.6374    34.1202    33.8961    8.19114         24 0.0000e+00
    293.000    289.764    -0.6149  27.991528    -0.6131  27.826192     4.9094     4.9699    -0.0047    95.2126 1.0000e-12  -74.17536 -113.34424  27.126685      99.87 6.6930e+02    419.602      10071  1028.8233  1028.6422    34.1204    33.8961    8.19094         24 0.0000e+00
    294.000    290.750    -0.6126  27.994336    -0.6112  27.828852     4.9089     4.9753    -0.0105    95.2072 1.0000e-12  -74.17536 -113.34424  27.126697      99.86 6.7181e+02    420.606      10096  1028.8285  1028.6476    34.1210    33.8969    8.19041         24 0.0000e+00
    295.000    291.738    -0.6106  27.997111    -0.6087  27.831988     4.9083     4.9718    -0.0111    95.1996 1.0000e-12  -74.17536 -113.34424  27.126709      99.87 6.7181e+02    421.616      10120  1028.8338  1028.6529    34.1218    33.8977    8.18991         24 0.0000e+00
    296.000    292.727    -0.6075  28.000813    -0.6059  27.835517     4.9074     4.9625    -0.0107    95.2105 1.0000e-12  -74.17536 -113.34424  27.126720      99.87 6.7343e+02    422.612      10144  1028.8391  1028.6583    34.1227    33.8987    8.18919         24 0.0000e+00
    297.000    293.715    -0.6044  28.004550    -0.6031  27.838825     4.9125     4.9670    -0.0120    95.2083 1.0000e-12  -74.17536 -113.34424  27.126732      99.87 6.7408e+02    423.607      10168  1028.8444  1028.6635    34.1236    33.8995    8.18847         24 0.0000e+00
    298.000    294.702    -0.6021  28.007334    -0.6005  27.842066     4.9122     4.9694    -0.0128    95.2004 1.0000e-12  -74.17536 -113.34424  27.126743      99.86 6.7341e+02    424.600      10191  1028.8496  1028.6688    34.1243    33.9003    8.18795         23 0.0000e+00
