ocean_section_plots/required_files/ctd/dnbp2202_ctd017.cnv
* Sea-Bird SBE 9 Data File:
* FileName = D:\Data\raw\NBP2202_CTD017.hex
* Software Version Seasave V 7.26.7.121
* Temperature SN = 1649
* Conductivity SN = 2513
* Number of Bytes Per Scan = 40
* Number of Voltage Words = 5
* Number of Scans Averaged by the Deck Unit = 1
* NMEA Latitude = 73 48.30 S
* NMEA Longitude = 112 40.09 W
* NMEA UTC (Time) = Jan 17 2022  15:44:46
* NMEA baud rate = 9600
** Ship: RVIB N.B. Palmer
** Cruise: NBP2202 Thwaites
** Station: #12
** Operator: A. Robinson
** Glider deployment
# nquan = 25
# nvalues = 753                         
# units = specified
# name 0 = prDM: Pressure, Digiquartz [db]
# name 1 = depSM: Depth [salt water, m]
# name 2 = t090C: Temperature [ITS-90, deg C]
# name 3 = c0mS/cm: Conductivity [mS/cm]
# name 4 = t190C: Temperature, 2 [ITS-90, deg C]
# name 5 = c1mS/cm: Conductivity, 2 [mS/cm]
# name 6 = sbeox0ML/L: Oxygen, SBE 43 [ml/l]
# name 7 = sbeox1ML/L: Oxygen, SBE 43, 2 [ml/l]
# name 8 = flECO-AFL: Fluorescence, WET Labs ECO-AFL/FL [mg/m^3]
# name 9 = CStarTr0: Beam Transmission, WET Labs C-Star [%]
# name 10 = par: PAR/Irradiance, Biospherical/Licor
# name 11 = latitude: Latitude [deg]
# name 12 = longitude: Longitude [deg]
# name 13 = timeJ: Julian Days
# name 14 = altM: Altimeter [m]
# name 15 = spar: SPAR, Biospherical/Licor
# name 16 = timeS: Time, Elapsed [seconds]
# name 17 = scan: Scan Count
# name 18 = density00: Density [density, kg/m^3]
# name 19 = density11: Density, 2 [density, kg/m^3]
# name 20 = sal00: Salinity, Practical [PSU]
# name 21 = sal11: Salinity, Practical, 2 [PSU]
# name 22 = oxsolML/L: Oxygen Saturation, Garcia & Gordon [ml/l]
# name 23 = nbin: number of scans per bin
# name 24 = flag: flag
# span 0 =      3.000,    755.000       
# span 1 =      2.970,    745.848       
# span 2 =    -1.4506,     0.5674       
# span 3 =  27.126601,  29.537593       
# span 4 =    -1.4501,     0.5696       
# span 5 =  27.126256,  29.537208       
# span 6 =     4.5507,     8.9667       
# span 7 =     4.8100,     9.5484       
# span 8 =    -0.0152,    29.2004       
# span 9 =    67.2111,    99.4142       
# span 10 = 1.0000e-12, 2.5329e+02      
# span 11 =  -73.80504,  -73.80504      
# span 12 = -112.66824, -112.66816      
# span 13 =  17.658573,  17.671512      
# span 14 =       6.37,     100.16      
# span 15 = 6.5932e+02, 2.4750e+03      
# span 16 =    214.708,   1332.586      
# span 17 =       5154,      31983      
# span 18 =  1027.1831,  1031.2839      
# span 19 =  1027.1839,  1031.2816      
# span 20 =    33.8050,    34.5693      
# span 21 =    33.8046,    34.5663      
# span 22 =    7.91689,    8.38417      
# span 23 =          5,         48      
# span 24 = 0.0000e+00, 0.0000e+00      
# interval = decibars: 1                
# start_time = Jan 17 2022 15:44:46 [NMEA time, header]
# bad_flag = -9.990e-29
*END*
[from data line 174]
    177.000    175.095    -1.4397  27.157828    -1.4390  27.157459     6.4305     6.8485     1.1020    95.6365 1.0000e-12  -73.80504 -112.66818  17.661900      99.80 7.9137e+02    502.149      12053  1028.2000  1028.1988    33.9897    33.9883    8.38066         29 0.0000e+00
    178.000    176.086    -1.4273  27.170920    -1.4262  27.170422     6.3064     6.7298     0.9770    95.3502 1.0000e-12  -73.80504 -112.66820  17.661913      99.74 7.9176e+02    503.258      12079  1028.2066  1028.2050    33.9930    33.9910    8.37767         24 0.0000e+00
    179.000    177.074    -1.4066  27.190159    -1.4051  27.189951     6.2328     6.6515     1.3545    95.5270 1.0000e-12  -73.80504 -112.66816  17.661924      99.71 7.9278e+02    504.230      12103  1028.2121  1028.2104    33.9953    33.9933    8.37287         24 0.0000e+00
    180.000    178.062    -1.3743  27.220134    -1.3741  27.218295     6.2082     6.6249     1.0029    95.8157 1.0000e-12  -73.80504 -112.66816  17.661936      99.81 7.9446e+02    505.288      12128  1028.2181  1028.2158    33.9992    33.9964    8.36539         28 0.0000e+00
    181.000    179.051    -1.3673  27.226974    -1.3666  27.226614     6.1365     6.5486     1.2024    96.1906 1.0000e-12  -73.80504 -112.66816  17.661952      99.84 7.9511e+02    506.625      12160  1028.2235  1028.2224    34.0001    33.9988    8.36378         35 0.0000e+00
    182.000    180.041    -1.3509  27.243771    -1.3512  27.240927     6.0192     6.4283     1.2091    96.0799 1.0000e-12  -73.80504 -112.66816  17.661968      99.83 7.9597e+02    508.054      12194  1028.2305  1028.2277    34.0038    34.0003    8.35987         33 0.0000e+00
    183.000    181.028    -1.3107  27.280201    -1.3101  27.278855     5.9776     6.3785     1.1028    95.9435 1.0000e-12  -73.80504 -112.66818  17.661983      99.78 7.9702e+02    509.299      12224  1028.2361  1028.2340    34.0077    34.0051    8.35065         27 0.0000e+00
    184.000    182.018    -1.3024  27.288011    -1.3023  27.286822     5.9607     6.3555     1.0344    96.7234 1.0000e-12  -73.80504 -112.66818  17.661995      99.83 7.9737e+02    510.397      12251  1028.2413  1028.2398    34.0083    34.0065    8.34876         26 0.0000e+00
    185.000    183.007    -1.2990  27.291698    -1.2979  27.291334     5.9497     6.3388     0.9846    96.3957 1.0000e-12  -73.80504 -112.66818  17.662008      99.83 7.9884e+02    511.463      12276  1028.2467  1028.2451    34.0089    34.0071    8.34796         26 0.0000e+00
    186.000    183.995    -1.2917  27.299192    -1.2910  27.298082     5.9308     6.3169     0.9075    96.4823 1.0000e-12  -73.80504 -112.66816  17.662021      99.83 8.0035e+02    512.601      12303  1028.2524  1028.2505    34.0103    34.0079    8.34625         28 0.0000e+00
    187.000    184.985    -1.2864  27.304424    -1.2856  27.303597     5.8884     6.2645     0.7216    96.6764 1.0000e-12  -73.80504 -112.66816  17.662035      99.82 8.0058e+02    513.833      12333  1028.2576  1028.2559    34.0108    34.0087    8.34504         31 0.0000e+00
    188.000    185.973    -1.2690  27.321159    -1.2678  27.319456     5.8321     6.2075     0.8509    96.7536 1.0000e-12  -73.80504 -112.66818  17.662050      81.64 8.0197e+02    515.120      12364  1028.2636  1028.2606    34.0134    34.0096    8.34099         32 0.0000e+00
    189.000    186.963    -1.2419  27.345648    -1.2419  27.343776     5.7669     6.1375     0.7708    96.9276 1.0000e-12  -73.80504 -112.66818  17.662066      87.66 8.0344e+02    516.501      12397  1028.2688  1028.2667    34.0156    34.0130    8.33481         33 0.0000e+00
    190.000    187.950    -1.2132  27.373038    -1.2109  27.372712     5.7371     6.0968     0.7783    96.9490 1.0000e-12  -73.80504 -112.66818  17.662081      98.49 8.0483e+02    517.784      12428  1028.2756  1028.2730    34.0199    34.0168    8.32816         28 0.0000e+00
    191.000    188.940    -1.1940  27.391308    -1.1932  27.390452     5.7421     6.0968     0.9597    96.9899 1.0000e-12  -73.80504 -112.66818  17.662093      99.85 8.0580e+02    518.843      12453  1028.2816  1028.2798    34.0225    34.0204    8.32373         23 0.0000e+00
    192.000    189.928    -1.1942  27.391523    -1.1936  27.390760     5.7406     6.0944     1.0332    96.6267 1.0000e-12  -73.80504 -112.66817  17.662104      99.82 8.0699e+02    519.766      12475  1028.2867  1028.2852    34.0225    34.0206    8.32379         22 0.0000e+00
    193.000    190.916    -1.1941  27.392420    -1.1931  27.391260     5.7449     6.0946     1.0365    96.5462 1.0000e-12  -73.80504 -112.66817  17.662115      99.84 8.0847e+02    520.766      12499  1028.2921  1028.2900    34.0229    34.0202    8.32373         27 0.0000e+00
    194.000    191.907    -1.1960  27.391462    -1.1946  27.391217     5.7422     6.0936     1.3976    96.8264 1.0000e-12  -73.80504 -112.66817  17.662132      99.82 8.0934e+02    522.249      12535  1028.2977  1028.2961    34.0232    34.0212    8.32414         36 0.0000e+00
    195.000    192.894    -1.1924  27.395590    -1.1916  27.394651     5.7111     6.0587     0.5630    97.2171 1.0000e-12  -73.80504 -112.66817  17.662152      99.84 8.1169e+02    523.961      12576  1028.3033  1028.3016    34.0241    34.0219    8.32328         33 0.0000e+00
    196.000    193.884    -1.1839  27.404195    -1.1830  27.403413     5.6695     6.0273     0.9316    97.0907 1.0000e-12  -73.80504 -112.66818  17.662165      99.84 8.1306e+02    525.058      12602  1028.3090  1028.3073    34.0256    34.0235    8.32130         22 0.0000e+00
    197.000    194.871    -1.1603  27.428410    -1.1587  27.427638     5.6517     6.0074     1.0662    96.8467 1.0000e-12  -73.80504 -112.66817  17.662175      99.84 8.1340e+02    525.909      12623  1028.3170  1028.3146    34.0314    34.0285    8.31572         20 0.0000e+00
    198.000    195.861    -1.1484  27.439896    -1.1474  27.439175     5.6358     5.9872     1.1269    96.8675 1.0000e-12  -73.80504 -112.66817  17.662185      99.83 8.1461e+02    526.742      12643  1028.3225  1028.3207    34.0329    34.0308    8.31299         21 0.0000e+00
    199.000    196.849    -1.1407  27.447355    -1.1392  27.446612     5.6146     5.9633     0.9719    96.9335 1.0000e-12  -73.80504 -112.66817  17.662198      99.84 8.1679e+02    527.886      12670  1028.3277  1028.3254    34.0338    34.0310    8.31122         37 0.0000e+00
    200.000    197.837    -1.1224  27.464779    -1.1212  27.464031     5.5961     5.9348     1.1288    97.1824 1.0000e-12  -73.80504 -112.66817  17.662219      96.20 8.1931e+02    529.710      12714  1028.3338  1028.3317    34.0363    34.0338    8.30703         34 0.0000e+00
    201.000    198.826    -1.1069  27.479683    -1.1056  27.479093     5.5857     5.9277     1.1246    97.5115 1.0000e-12  -73.80504 -112.66818  17.662235      99.99 8.2124e+02    531.122      12748  1028.3396  1028.3377    34.0385    34.0361    8.30346         26 0.0000e+00
    202.000    199.815    -1.0943  27.492864    -1.0927  27.492484     5.5888     5.9256     0.9921    96.8435 1.0000e-12  -73.80504 -112.66816  17.662246      99.84 8.2308e+02    532.092      12771  1028.3463  1028.3443    34.0415    34.0392    8.30049         22 0.0000e+00
    203.000    200.805    -1.0874  27.500412    -1.0861  27.499939     5.5920     5.9208     1.0019    97.2304 1.0000e-12  -73.80504 -112.66817  17.662257      99.83 8.2406e+02    532.966      12792  1028.3524  1028.3506    34.0434    34.0413    8.29885         22 0.0000e+00
    204.000    201.793    -1.0827  27.505837    -1.0815  27.505321     5.5944     5.9224     0.8895    97.1328 1.0000e-12  -73.80504 -112.66817  17.662269      99.84 8.2610e+02    533.999      12817  1028.3583  1028.3566    34.0449    34.0428    8.29773         29 0.0000e+00
    205.000    202.781    -1.0785  27.510511    -1.0773  27.509986     5.5857     5.9340     0.9044    97.1603 1.0000e-12  -73.80504 -112.66817  17.662285      99.84 8.3012e+02    535.415      12851  1028.3639  1028.3622    34.0459    34.0438    8.29674         37 0.0000e+00
    206.000    203.770    -1.0748  27.514954    -1.0737  27.514339     5.5814     5.9204     0.9650    97.2819 1.0000e-12  -73.80504 -112.66817  17.662301      99.84 8.3116e+02    536.837      12885  1028.3698  1028.3680    34.0472    34.0450    8.29585         30 0.0000e+00
    207.000    204.759    -1.0668  27.523969    -1.0655  27.523398     5.5774     5.9109     0.4133    97.4288 1.0000e-12  -73.80504 -112.66817  17.662314      99.84 8.3257e+02    537.958      12912  1028.3763  1028.3744    34.0498    34.0474    8.29392         25 0.0000e+00
    208.000    205.747    -1.0498  27.542025    -1.0475  27.542206     5.5852     5.9080     0.4701    97.8192 1.0000e-12  -73.80504 -112.66817  17.662326      99.82 8.3537e+02    538.992      12937  1028.3839  1028.3820    34.0544    34.0522    8.28988         25 0.0000e+00
    209.000    206.736    -1.0449  27.547051    -1.0444  27.545798     5.5850     5.9147     0.6894    97.6163 1.0000e-12  -73.80504 -112.66818  17.662340      99.84 8.3713e+02    540.159      12965  1028.3892  1028.3873    34.0551    34.0528    8.28876         31 0.0000e+00
    210.000    207.724    -1.0428  27.549528    -1.0416  27.548899     5.5893     5.9207     0.7015    97.4202 1.0000e-12  -73.80504 -112.66818  17.662355      96.57 8.3967e+02    541.445      12996  1028.3944  1028.3925    34.0555    34.0533    8.28827         30 0.0000e+00
    211.000    208.713    -1.0417  27.550885    -1.0405  27.550412     5.5867     5.9121     0.3313    97.7432 1.0000e-12  -73.80504 -112.66818  17.662369      93.67 8.4128e+02    542.652      13025  1028.3994  1028.3977    34.0556    34.0536    8.28804         28 0.0000e+00
    212.000    209.703    -1.0363  27.557481    -1.0353  27.556324     5.5773     5.9055     0.5049    95.8436 1.0000e-12  -73.80504 -112.66818  17.662382      99.77 8.4239e+02    543.781      13052  1028.4057  1028.4035    34.0578    34.0551    8.28671         27 0.0000e+00
    213.000    210.691    -1.0211  27.573457    -1.0176  27.574546     5.5723     5.8994     0.7068    97.1427 1.0000e-12  -73.80504 -112.66818  17.662395      99.84 8.4283e+02    544.970      13080  1028.4128  1028.4106    34.0617    34.0593    8.28312         30 0.0000e+00
    214.000    211.679    -1.0168  27.578082    -1.0159  27.577226     5.5739     5.8991     0.5352    97.9024 1.0000e-12  -73.80504 -112.66818  17.662411      99.84 8.4405e+02    546.286      13112  1028.4182  1028.4164    34.0625    34.0604    8.28212         32 0.0000e+00
    215.000    212.668    -1.0170  27.578502    -1.0159  27.577800     5.5703     5.9047     0.4872    97.7461 1.0000e-12  -73.80504 -112.66818  17.662425      99.84 8.4558e+02    547.544      13142  1028.4233  1028.4215    34.0627    34.0605    8.28215         28 0.0000e+00
    216.000    213.657    -1.0171  27.578902    -1.0161  27.578130     5.5668     5.9018     0.7127    97.7777 1.0000e-12  -73.80504 -112.66818  17.662438      99.83 8.4626e+02    548.669      13169  1028.4283  1028.4265    34.0628    34.0605    8.28218         26 0.0000e+00
    217.000    214.645    -1.0106  27.586336    -1.0094  27.585537     5.5634     5.8981     0.6711    97.6209 1.0000e-12  -73.80504 -112.66818  17.662451      99.84 8.4711e+02    549.753      13195  1028.4345  1028.4324    34.0649    34.0624    8.28062         28 0.0000e+00
    218.000    215.635    -0.9950  27.603610    -0.9942  27.601935     5.5558     5.8860     0.7278    97.7587 1.0000e-12  -73.80504 -112.66818  17.662465      99.83 8.4866e+02    551.015      13225  1028.4425  1028.4399    34.0701    34.0669    8.27687         32 0.0000e+00
    219.000    216.622    -0.9796  27.619792    -0.9773  27.619780     5.5387     5.8736     0.8338    97.9676 1.0000e-12  -73.80504 -112.66818  17.662481      99.84 8.4944e+02    552.357      13258  1028.4497  1028.4474    34.0742    34.0715    8.27325         31 0.0000e+00
    220.000    217.611    -0.9710  27.628642    -0.9701  27.627771     5.5288     5.8660     0.6156    97.7687 1.0000e-12  -73.80504 -112.66818  17.662495      99.84 8.5070e+02    553.553      13286  1028.4555  1028.4536    34.0758    34.0736    8.27126         27 0.0000e+00
    221.000    218.600    -0.9686  27.631499    -0.9673  27.631051     5.5204     5.8537     0.3476    97.5837 1.0000e-12  -73.80504 -112.66818  17.662508      78.99 8.5189e+02    554.654      13313  1028.4607  1028.4589    34.0764    34.0743    8.27070         26 0.0000e+00
    222.000    219.589    -0.9598  27.640838    -0.9582  27.640414     5.5094     5.8427     0.5298    97.9141 1.0000e-12  -73.80504 -112.66818  17.662521      90.95 8.5329e+02    555.791      13340  1028.4668  1028.4648    34.0785    34.0762    8.26864         29 0.0000e+00
    223.000    220.577    -0.9470  27.654380    -0.9456  27.653658     5.4969     5.8203     0.6973    97.6766 1.0000e-12  -73.80504 -112.66818  17.662535      99.97 8.5508e+02    557.058      13370  1028.4735  1028.4713    34.0818    34.0792    8.26562         31 0.0000e+00
    224.000    221.566    -0.9373  27.664570    -0.9359  27.663646     5.4789     5.8090     0.5370    97.9500 1.0000e-12  -73.80504 -112.66818  17.662550      99.84 8.5730e+02    558.322      13401  1028.4797  1028.4773    34.0841    34.0812    8.26336         29 0.0000e+00
    225.000    222.553    -0.9268  27.675658    -0.9254  27.674901     5.4644     5.7991     0.3938    97.5058 1.0000e-12  -73.80504 -112.66818  17.662563      57.36 8.5941e+02    559.480      13429  1028.4860  1028.4839    34.0867    34.0841    8.26091         28 0.0000e+00
    226.000    223.542    -0.9190  27.683944    -0.9174  27.683546     5.4555     5.7894     0.3704    97.9942 1.0000e-12  -73.80504 -112.66818  17.662577      99.25 8.6257e+02    560.630      13456  1028.4919  1028.4900    34.0885    34.0861    8.25909         28 0.0000e+00
    227.000    224.532    -0.9091  27.694580    -0.9073  27.693943     5.4459     5.7830     0.4879    98.2071 1.0000e-12  -73.80504 -112.66818  17.662591      99.83 8.6581e+02    561.903      13487  1028.4984  1028.4960    34.0911    34.0883    8.25676         32 0.0000e+00
    228.000    225.521    -0.8963  27.708021    -0.8947  27.707371     5.4388     5.7635     0.4817    98.1165 1.0000e-12  -73.80504 -112.66820  17.662606      99.84 8.6882e+02    563.162      13517  1028.5050  1028.5028    34.0942    34.0916    8.25376         28 0.0000e+00
    229.000    226.507    -0.8924  27.712306    -0.8909  27.711895     5.4330     5.7523     0.3484    98.1857 1.0000e-12  -73.80504 -112.66818  17.662619      99.84 8.7136e+02    564.281      13544  1028.5104  1028.5085    34.0950    34.0928    8.25286         26 0.0000e+00
    230.000    227.498    -0.8873  27.717785    -0.8861  27.716933     5.4227     5.7538     0.3456    98.1315 1.0000e-12  -73.80504 -112.66820  17.662632      99.84 8.7540e+02    565.366      13570  1028.5159  1028.5138    34.0961    34.0936    8.25168         27 0.0000e+00
    231.000    228.487    -0.8835  27.722046    -0.8817  27.721494     5.4076     5.7417     0.2462    97.5985 1.0000e-12  -73.80504 -112.66819  17.662646      99.84 8.8098e+02    566.598      13599  1028.5212  1028.5189    34.0969    34.0942    8.25079         32 0.0000e+00
    232.000    229.473    -0.8773  27.728422    -0.8759  27.727521     5.3790     5.7113     0.3209    98.0770 1.0000e-12  -73.80504 -112.66819  17.662661      88.07 8.8964e+02    567.936      13631  1028.5266  1028.5243    34.0980    34.0952    8.24938         31 0.0000e+00
    233.000    230.462    -0.8559  27.751272    -0.8533  27.750944     5.3555     5.6800     0.1945    97.5608 1.0000e-12  -73.80504 -112.66820  17.662675      96.63 9.0031e+02    569.151      13661  1028.5351  1028.5322    34.1042    34.1008    8.24434         28 0.0000e+00
