ocean_section_plots/required_files/ctd/dnbp2202_ctd116.cnv
* Sea-Bird SBE 9 Data File:
* FileName = D:\Data\raw\NBP2202_CTD116.hex
* Software Version Seasave V 7.26.7.121
* Temperature SN = 1649
* Conductivity SN = 2513
* Number of Bytes Per Scan = 40
* Number of Voltage Words = 5
* Number of Scans Averaged by the Deck Unit = 1
* NMEA Latitude = 74 10.52 S
* NMEA Longitude = 113 20.65 W
* NMEA UTC (Time) = Jan 27 2022  09:10:51
* NMEA baud rate = 9600
** Ship: RVIB N.B. Palmer
** Cruise: NBP2202 Thwaites
** Station: YoYo001
** Operator: B. Bjork
# nquan = 25
# nvalues = 608                         
# units = specified
# name 0 = prDM: Pressure, Digiquartz [db]
# name 1 = depSM: Depth [salt water, m]
# name 2 = t090C: Temperature [ITS-90, deg C]
# name 3 = c0mS/cm: Conductivity [mS/cm]
# name 4 = t190C: Temperature, 2 [ITS-90, deg C]
# name 5 = c1mS/cm: Conductivity, 2 [mS/cm]
# name 6 = sbeox0ML/L: Oxygen, SBE 43 [ml/l]
# name 7 = sbeox1ML/L: Oxygen, SBE 43, 2 [ml/l]
# name 8 = flECO-AFL: Fluorescence, WET Labs ECO-AFL/FL [mg/m^3]
# name 9 = CStarTr0: Beam Transmission, WET Labs C-Star [%]
# name 10 = par: PAR/Irradiance, Biospherical/Licor
# name 11 = latitude: Latitude [deg]
# name 12 = longitude: Longitude [deg]
# name 13 = timeJ: Julian Days
# name 14 = altM: Altimeter [m]
# name 15 = spar: SPAR, Biospherical/Licor
# name 16 = timeS: Time, Elapsed [seconds]
# name 17 = scan: Scan Count
# name 18 = density00: Density [density, kg/m^3]
# name 19 = density11: Density, 2 [density, kg/m^3]
# name 20 = sal00: Salinity, Practical [PSU]
# name 21 = sal11: Salinity, Practical, 2 [PSU]
# name 22 = oxsolML/L: Oxygen Saturation, Garcia & Gordon [ml/l]
# name 23 = nbin: number of scans per bin
# name 24 = flag: flag
# span 0 =     10.000,    617.000       
# span 1 =      9.896,    609.700       
# span 2 =    -1.4008,     0.1117       
# span 3 =  27.020645,  28.945619       
# span 4 =    -1.4004,     0.1139       
# span 5 =  27.019989,  28.945374       
# span 6 =     4.6781,     8.6393       
# span 7 =     4.7279,     8.6357       
# span 8 =    -0.0225,    22.1265       
# span 9 =    70.1388,    95.5970       
# span 10 = -1.088e-04, 1.5397e+00      
# span 11 =  -74.17536,  -74.17536      
# span 12 = -113.34426, -113.34422      
# span 13 =  27.382874,  27.390206      
# span 14 =       7.03,     100.09      
# span 15 = 9.3433e+01, 1.0754e+02      
# span 16 =     29.326,    662.775      
# span 17 =        705,      15908      
# span 18 =  1027.2178,  1030.5250      
# span 19 =  1027.2157,  1030.5226      
# span 20 =    33.7859,    34.3858      
# span 21 =    33.7836,    34.3832      
# span 22 =    8.02128,    8.38164      
# span 23 =         13,         47      
# span 24 = 0.0000e+00, 0.0000e+00      
# interval = decibars: 1                
# start_time = Jan 27 2022 09:10:51 [NMEA time, header]
# bad_flag = -9.990e-29
*END*
[from data line 58]
     68.000     67.285    -1.3327  27.065196    -1.3309  27.065576     6.9921     7.0958    13.8242    81.2629 1.0000e-12  -74.17536 -113.34424  27.383712      99.36 9.3928e+01    101.746       2443  1027.5272  1027.5258    33.8088    33.8073    8.36737         25 0.0000e+00
     69.000     68.275    -1.3342  27.064445    -1.3331  27.064247     6.9875     7.1015    10.6875    81.4304 1.0000e-12  -74.17536 -113.34424  27.383725      99.36 9.4021e+01    102.842       2469  1027.5320  1027.5307    33.8089    33.8073    8.36771         27 0.0000e+00
     70.000     69.264    -1.3347  27.064309    -1.3334  27.064355     6.9952     7.1080    10.1831    81.6056 1.0000e-12  -74.17536 -113.34424  27.383738      99.45 9.3776e+01    103.921       2495  1027.5365  1027.5354    33.8086    33.8073    8.36783         26 0.0000e+00
     71.000     70.254    -1.3337  27.065930    -1.3307  27.067030     6.9959     7.0996    10.0612    81.9875 1.0000e-12  -74.17536 -113.34424  27.383750      99.38 9.4102e+01    104.993       2521  1027.5415  1027.5398    33.8091    33.8072    8.36758         26 0.0000e+00
     72.000     71.242    -1.3320  27.067528    -1.3322  27.066380     6.9752     7.0762     9.8658    82.0325 1.0000e-12  -74.17536 -113.34424  27.383763      99.33 9.3978e+01    106.082       2547  1027.5459  1027.5449    33.8088    33.8074    8.36722         26 0.0000e+00
     73.000     72.231    -1.3388  27.062664    -1.3365  27.063428     6.9306     7.0331    10.1122    81.7132 1.0000e-12  -74.17536 -113.34424  27.383775      99.33 9.4208e+01    107.164       2573  1027.5514  1027.5500    33.8092    33.8075    8.36873         25 0.0000e+00
     74.000     73.222    -1.3415  27.060894    -1.3408  27.060481     6.8428     6.9522    11.0968    82.2521 1.0000e-12  -74.17536 -113.34424  27.383787      99.35 9.3893e+01    108.239       2599  1027.5563  1027.5551    33.8091    33.8077    8.36933         27 0.0000e+00
     75.000     74.210    -1.3491  27.055176    -1.3491  27.054497     6.7143     6.8480    10.7452    81.7794 1.0000e-12  -74.17536 -113.34424  27.383800      99.39 9.4373e+01    109.332       2625  1027.5616  1027.5608    33.8092    33.8083    8.37103         26 0.0000e+00
     76.000     75.199    -1.3759  27.034889    -1.3761  27.034141     6.6019     6.7494    11.3144    81.5765 1.0000e-12  -74.17536 -113.34424  27.383813      99.36 9.4562e+01    110.421       2651  1027.5693  1027.5688    33.8110    33.8102    8.37694         25 0.0000e+00
     77.000     76.189    -1.3910  27.025006    -1.3892  27.025609     6.4497     6.6134    10.8763    81.5256 1.0000e-12  -74.17536 -113.34424  27.383825      99.35 9.4449e+01    111.489       2677  1027.5772  1027.5761    33.8139    33.8126    8.38016         26 0.0000e+00
     78.000     77.179    -1.3979  27.020645    -1.3975  27.019989     6.2204     6.4154    10.4131    82.9303 1.0000e-12  -74.17536 -113.34424  27.383838      99.50 9.4790e+01    112.566       2703  1027.5831  1027.5821    33.8150    33.8137    8.38164         26 0.0000e+00
     79.000     78.167    -1.4008  27.028188    -1.4004  27.025918     6.0516     6.2526     9.6088    83.6324 1.0000e-12  -74.17536 -113.34424  27.383850      99.51 9.4517e+01    113.650       2729  1027.5985  1027.5956    33.8281    33.8245    8.38152         26 0.0000e+00
     80.000     79.157    -1.3957  27.038727    -1.3944  27.038699     5.9273     6.1209     7.8272    82.4334 1.0000e-12  -74.17536 -113.34424  27.383862      99.47 9.4912e+01    114.703       2754  1027.6094  1027.6081    33.8362    33.8347    8.37989         25 0.0000e+00
     81.000     80.145    -1.3833  27.054500    -1.3863  27.049354     5.8416     6.0161     7.1539    83.0437 1.0000e-12  -74.17536 -113.34424  27.383874      96.51 9.4307e+01    115.742       2779  1027.6191  1027.6163    33.8433    33.8396    8.37669         24 0.0000e+00
     82.000     81.137    -1.3805  27.061409    -1.3792  27.061290     5.7958     5.9547     5.2391    84.3662 1.0000e-12  -74.17536 -113.34424  27.383885      98.23 9.4666e+01    116.642       2800  1027.6282  1027.6268    33.8490    33.8474    8.37571         20 0.0000e+00
     83.000     82.123    -1.3829  27.060982    -1.3816  27.061030     5.7307     5.8834     5.2184    85.4942 1.0000e-12  -74.17536 -113.34424  27.383895      99.76 9.4523e+01    117.509       2821  1027.6343  1027.6332    33.8505    33.8492    8.37616         21 0.0000e+00
     84.000     83.114    -1.3837  27.060745    -1.3823  27.060687     5.6255     5.7777     5.5413    86.3540 1.0000e-12  -74.17536 -113.34424  27.383905      99.69 9.4953e+01    118.393       2842  1027.6391  1027.6377    33.8504    33.8488    8.37634         21 0.0000e+00
     85.000     84.102    -1.3909  27.058114    -1.3897  27.058063     5.5113     5.6592     5.5338    87.1535 1.0000e-12  -74.17536 -113.34424  27.383915      99.75 9.4553e+01    119.275       2864  1027.6475  1027.6463    33.8544    33.8530    8.37773         22 0.0000e+00
     86.000     85.093    -1.3919  27.061586    -1.3905  27.061980     5.4416     5.5879     4.1042    88.1891 1.0000e-12  -74.17536 -113.34424  27.383925      99.78 9.4774e+01    120.157       2885  1027.6566  1027.6557    33.8597    33.8587    8.37764         21 0.0000e+00
     87.000     86.080    -1.3699  27.088329    -1.3669  27.089654     5.4044     5.5470     3.4508    89.1957 1.0000e-12  -74.17536 -113.34424  27.383936      99.80 9.4984e+01    121.044       2906  1027.6691  1027.6677    33.8709    33.8693    8.37203         22 0.0000e+00
     88.000     87.072    -1.3612  27.097567    -1.3599  27.097052     5.3725     5.5051     3.2056    89.5843 1.0000e-12  -74.17536 -113.34424  27.383946      99.83 9.5195e+01    121.933       2927  1027.6753  1027.6735    33.8732    33.8710    8.36995         20 0.0000e+00
     89.000     88.060    -1.3592  27.099637    -1.3599  27.097438     5.3440     5.4670     2.1561    90.6710 1.0000e-12  -74.17536 -113.34424  27.383956      99.85 9.5196e+01    122.818       2949  1027.6799  1027.6782    33.8731    33.8709    8.36950         22 0.0000e+00
     90.000     89.049    -1.3411  27.125574    -1.3404  27.124721     5.3424     5.4488     1.1709    91.7003 1.0000e-12  -74.17536 -113.34424  27.383967      99.84 9.5196e+01    123.717       2970  1027.6955  1027.6938    33.8877    33.8856    8.36458         22 0.0000e+00
     91.000     90.038    -1.3342  27.135669    -1.3328  27.135375     5.3433     5.4417     1.1483    92.0939 1.0000e-12  -74.17536 -113.34424  27.383977      99.84 9.5196e+01    124.609       2992  1027.7044  1027.7027    33.8931    33.8911    8.36271         20 0.0000e+00
     92.000     91.028    -1.3338  27.136537    -1.3326  27.136301     5.3513     5.4379     0.5395    92.9602 1.0000e-12  -74.17536 -113.34424  27.383987      99.86 9.5196e+01    125.496       3013  1027.7094  1027.7079    33.8932    33.8915    8.36262         22 0.0000e+00
     93.000     92.016    -1.3340  27.137255    -1.3327  27.137155     5.3643     5.4414     0.2372    92.7733 1.0000e-12  -74.17536 -113.34424  27.383997      99.86 9.5196e+01    126.382       3034  1027.7147  1027.7134    33.8938    33.8922    8.36262         21 0.0000e+00
     94.000     93.006    -1.3336  27.138247    -1.3325  27.137873     5.3727     5.4454     0.3272    92.9142 1.0000e-12  -74.17536 -113.34424  27.384008      99.86 9.5196e+01    127.270       3055  1027.7198  1027.7183    33.8940    33.8923    8.36251         22 0.0000e+00
     95.000     93.995    -1.3324  27.140102    -1.3318  27.139150     5.3767     5.4463     0.3628    93.1825 1.0000e-12  -74.17536 -113.34424  27.384018      99.86 9.5196e+01    128.151       3077  1027.7251  1027.7235    33.8947    33.8927    8.36221         20 0.0000e+00
     96.000     94.985    -1.3331  27.140649    -1.3319  27.140408     5.3864     5.4487     0.1672    94.1569 1.0000e-12  -74.17536 -113.34424  27.384028      99.86 9.5196e+01    129.031       3098  1027.7307  1027.7292    33.8955    33.8938    8.36231         22 0.0000e+00
     97.000     95.973    -1.3321  27.142650    -1.3306  27.142582     5.3912     5.4460     0.0423    94.5313 1.0000e-12  -74.17536 -113.34424  27.384038      99.86 9.5196e+01    129.918       3119  1027.7363  1027.7348    33.8965    33.8947    8.36203         21 0.0000e+00
     98.000     96.963    -1.3317  27.143572    -1.3303  27.143093     5.3898     5.4442     0.0409    94.7585 1.0000e-12  -74.17536 -113.34424  27.384049      99.87 9.5196e+01    130.801       3140  1027.7413  1027.7394    33.8968    33.8945    8.36193         22 0.0000e+00
     99.000     97.951    -1.3325  27.143465    -1.3312  27.143261     5.3860     5.4466     0.1218    94.7658 1.0000e-12  -74.17536 -113.34424  27.384059      99.86 9.5196e+01    131.691       3162  1027.7464  1027.7448    33.8969    33.8951    8.36210         21 0.0000e+00
    100.000     98.942    -1.3327  27.143816    -1.3312  27.143391     5.3917     5.4464     0.1092    94.9725 1.0000e-12  -74.17536 -113.34424  27.384069      99.87 9.5196e+01    132.580       3183  1027.7512  1027.7493    33.8969    33.8946    8.36214         21 0.0000e+00
    101.000     99.930    -1.3324  27.144493    -1.3314  27.143936     5.3899     5.4501     0.0203    95.2558 1.0000e-12  -74.17536 -113.34424  27.384079      99.86 9.5196e+01    133.468       3204  1027.7561  1027.7545    33.8970    33.8950    8.36208         21 0.0000e+00
    102.000    100.920    -1.3319  27.145744    -1.3308  27.145329     5.3858     5.4487     0.0584    95.2435 1.0000e-12  -74.17536 -113.34424  27.384090      99.87 9.5196e+01    134.358       3226  1027.7613  1027.7598    33.8974    33.8956    8.36193         22 0.0000e+00
    103.000    101.909    -1.3309  27.147017    -1.3295  27.146843     5.3838     5.4439     0.0128    95.3673 1.0000e-12  -74.17536 -113.34424  27.384100      99.86 9.5196e+01    135.245       3247  1027.7661  1027.7646    33.8975    33.8956    8.36171         21 0.0000e+00
    104.000    102.897    -1.3314  27.147025    -1.3299  27.146850     5.3873     5.4462     0.0261    95.3569 1.0000e-12  -74.17536 -113.34424  27.384110      99.86 9.5196e+01    136.127       3268  1027.7709  1027.7692    33.8974    33.8954    8.36182         21 0.0000e+00
    105.000    103.887    -1.3321  27.146701    -1.3307  27.146339     5.3924     5.4472     0.0130    95.4241 1.0000e-12  -74.17536 -113.34424  27.384120      99.86 9.5196e+01    137.012       3289  1027.7755  1027.7738    33.8971    33.8950    8.36199         21 0.0000e+00
    106.000    104.876    -1.3319  27.147359    -1.3307  27.146961     5.3958     5.4497    -0.0151    95.2604 1.0000e-12  -74.17536 -113.34424  27.384131      99.87 9.5196e+01    137.900       3311  1027.7804  1027.7788    33.8972    33.8952    8.36195         22 0.0000e+00
    107.000    105.864    -1.3347  27.145781    -1.3337  27.145112     5.3992     5.4652    -0.0150    95.4558 1.0000e-12  -74.17536 -113.34424  27.384141      99.87 9.5196e+01    138.789       3332  1027.7857  1027.7840    33.8976    33.8955    8.36256         21 0.0000e+00
    108.000    106.856    -1.3368  27.145082    -1.3356  27.144791     5.4101     5.4679    -0.0075    95.4558 1.0000e-12  -74.17536 -113.34424  27.384152      99.87 9.5196e+01    139.696       3354  1027.7913  1027.7898    33.8984    33.8965    8.36298         23 0.0000e+00
    109.000    107.843    -1.3384  27.145026    -1.3363  27.145184     5.4246     5.4759    -0.0133    95.4591 1.0000e-12  -74.17536 -113.34424  27.384163      99.87 9.5196e+01    140.648       3377  1027.7970  1027.7953    33.8994    33.8973    8.36326         23 0.0000e+00
    110.000    108.832    -1.3415  27.143461    -1.3397  27.143535     5.4392     5.4887    -0.0046    95.4378 1.0000e-12  -74.17536 -113.34424  27.384174      93.40 9.5196e+01    141.651       3401  1027.8027  1027.8010    33.9002    33.8983    8.36392         24 0.0000e+00
    111.000    109.822    -1.3475  27.140096    -1.3460  27.139938     5.4561     5.5061    -0.0130    95.5197 1.0000e-12  -74.17536 -113.34424  27.384186      94.63 9.5196e+01    142.649       3425  1027.8091  1027.8074    33.9017    33.8998    8.36517         24 0.0000e+00
    112.000    110.811    -1.3543  27.136323    -1.3531  27.136092     5.4754     5.5254    -0.0147    95.5055 1.0000e-12  -74.17536 -113.34424  27.384197      99.85 9.5196e+01    143.642       3448  1027.8158  1027.8144    33.9037    33.9019    8.36659         24 0.0000e+00
    113.000    111.799    -1.3588  27.134359    -1.3577  27.134570     5.4828     5.5358    -0.0132    95.5011 1.0000e-12  -74.17536 -113.34424  27.384209      99.86 9.5196e+01    144.658       3473  1027.8222  1027.8214    33.9054    33.9044    8.36749         24 0.0000e+00
    114.000    112.791    -1.3615  27.134342    -1.3620  27.133034     5.4839     5.5409    -0.0171    95.5183 1.0000e-12  -74.17536 -113.34424  27.384221      99.86 9.5196e+01    145.672       3497  1027.8291  1027.8282    33.9078    33.9066    8.36795         25 0.0000e+00
    115.000    113.776    -1.3647  27.132398    -1.3625  27.133059     5.4825     5.5408    -0.0074    95.5376 1.0000e-12  -74.17536 -113.34424  27.384232      99.86 9.5196e+01    146.684       3521  1027.8344  1027.8329    33.9082    33.9066    8.36866         24 0.0000e+00
    116.000    114.767    -1.3632  27.134227    -1.3619  27.133909     5.4795     5.5334    -0.0095    95.5409 1.0000e-12  -74.17536 -113.34424  27.384244      99.87 9.5196e+01    147.709       3546  1027.8391  1027.8375    33.9084    33.9064    8.36831         25 0.0000e+00
    117.000    115.756    -1.3657  27.131902    -1.3641  27.132005     5.4770     5.5355    -0.0150    95.5269 1.0000e-12  -74.17536 -113.34424  27.384256      99.86 9.5196e+01    148.730       3571  1027.8432  1027.8417    33.9073    33.9057    8.36892         24 0.0000e+00
    118.000    116.746    -1.3649  27.132825    -1.3635  27.132653     5.4623     5.5332    -0.0147    95.5486 1.0000e-12  -74.17536 -113.34424  27.384268      99.87 9.5196e+01    149.738       3595  1027.8477  1027.8462    33.9071    33.9053    8.36876         24 0.0000e+00
    119.000    117.734    -1.3639  27.134069    -1.3620  27.134171     5.4488     5.5237    -0.0074    95.5615 1.0000e-12  -74.17536 -113.34424  27.384280      99.87 9.5196e+01    150.754       3619  1027.8524  1027.8506    33.9070    33.9050    8.36854         25 0.0000e+00
    120.000    118.724    -1.3579  27.141009    -1.3559  27.141060     5.4397     5.5167    -0.0218    95.5591 1.0000e-12  -74.17536 -113.34424  27.384291      99.86 9.5196e+01    151.775       3644  1027.8585  1027.8566    33.9092    33.9069    8.36707         24 0.0000e+00
    121.000    119.712    -1.3383  27.161375    -1.3384  27.159250     5.4320     5.5037    -0.0159    95.5563 1.0000e-12  -74.17536 -113.34425  27.384303      99.86 9.5196e+01    152.784       3668  1027.8662  1027.8639    33.9143    33.9115    8.36236         25 0.0000e+00
    122.000    120.702    -1.3347  27.165520    -1.3328  27.165375     5.4297     5.5033    -0.0150    95.5506 1.0000e-12  -74.17536 -113.34425  27.384315      99.86 9.5196e+01    153.807       3692  1027.8717  1027.8696    33.9154    33.9129    8.36150         24 0.0000e+00
    123.000    121.691    -1.3251  27.175772    -1.3247  27.174225     5.4248     5.5013    -0.0150    95.5440 1.0000e-12  -74.17536 -113.34425  27.384327      99.87 9.5196e+01    154.829       3717  1027.8780  1027.8759    33.9179    33.9153    8.35919         24 0.0000e+00
    124.000    122.681    -1.3156  27.186188    -1.3147  27.185191     5.4200     5.4936    -0.0100    95.5471 1.0000e-12  -74.17536 -113.34425  27.384338      99.25 9.5196e+01    155.836       3741  1027.8847  1027.8827    33.9208    33.9184    8.35689         25 0.0000e+00
