ocean_section_plots/required_files/ctd/dnbp2202_ctd176.cnv
* Sea-Bird SBE 9 Data File:
* FileName = D:\Data\raw\NBP2202_CTD176.hex
* Software Version Seasave V 7.26.7.121
* Temperature SN = 1649
* Conductivity SN = 2513
* Number of Bytes Per Scan = 40
* Number of Voltage Words = 5
* Number of Scans Averaged by the Deck Unit = 1
* NMEA Latitude = 74 01.77 S
* NMEA Longitude = 111 08.42 W
* NMEA UTC (Time) = Feb 03 2022  20:53:42
* NMEA baud rate = 9600
** Ship: RVIB N.B. Palmer
** Cruise: NBP2202 Thwaites
** Station: 98
** Operator: A. Robinson
# nquan = 28
# nvalues = 490                         
# units = specified
# name 0 = prDM: Pressure, Digiquartz [db]
# name 1 = depSM: Depth [salt water, m]
# name 2 = t090C: Temperature [ITS-90, deg C]
# name 3 = c0mS/cm: Conductivity [mS/cm]
# name 4 = t190C: Temperature, 2 [ITS-90, deg C]
# name 5 = c1mS/cm: Conductivity, 2 [mS/cm]
# name 6 = sbeox0ML/L: Oxygen, SBE 43 [ml/l]
# name 7 = sbeox1ML/L: Oxygen, SBE 43, 2 [ml/l]
# name 8 = flECO-AFL: Fluorescence, WET Labs ECO-AFL/FL [mg/m^3]
# name 9 = CStarTr0: Beam Transmission, WET Labs C-Star [%]
# name 10 = par: PAR/Irradiance, Biospherical/Licor
# name 11 = latitude: Latitude [deg]
# name 12 = longitude: Longitude [deg]
# name 13 = timeJ: Julian Days
# name 14 = altM: Altimeter [m]
# name 15 = spar: SPAR, Biospherical/Licor
# name 16 = timeS: Time, Elapsed [seconds]
# name 17 = scan: Scan Count
# name 18 = density00: Density [density, kg/m^3]
# name 19 = density11: Density, 2 [density, kg/m^3]
# name 20 = v3: Voltage 3
# name 21 = v4: Voltage 4
# name 22 = v5: Voltage 5
# name 23 = sal00: Salinity, Practical [PSU]
# name 24 = sal11: Salinity, Practical, 2 [PSU]
# name 25 = oxsolML/L: Oxygen Saturation, Garcia & Gordon [ml/l]
# name 26 = nbin: number of scans per bin
# name 27 = flag: flag
# span 0 =      2.000,    491.000       
# span 1 =      1.985,    485.346       
# span 2 =    -1.5226,     0.1305       
# span 3 =  26.984131,  28.952749       
# span 4 =    -1.5232,     0.1328       
# span 5 =  26.984259,  28.952719       
# span 6 =     4.8170,     7.6018       
# span 7 =     4.9408,     7.5467       
# span 8 =    -0.0174,     8.2597       
# span 9 =    85.2311,    99.1223       
# span 10 = -1.944e-06, 1.1035e+03      
# span 11 =  -74.02952,  -74.02952      
# span 12 = -111.14045, -111.14040      
# span 13 =  34.873610,  34.880756      
# span 14 =       8.95,     105.64      
# span 15 = 1.7611e+03, 1.7699e+03      
# span 16 =    257.924,    875.348      
# span 17 =       6191,      21009      
# span 18 =  1027.1748,  1029.9798      
# span 19 =  1027.1773,  1029.9776      
# span 20 =     4.0435,     4.7022      
# span 21 =     0.0651,     1.1282      
# span 22 =     0.1117,     0.1577      
# span 23 =    33.7696,    34.4480      
# span 24 =    33.7729,    34.4453      
# span 25 =    8.01386,    8.39842      
# span 26 =          7,         57      
# span 27 = 0.0000e+00, 0.0000e+00      
# interval = decibars: 1                
# start_time = Feb 03 2022 20:53:42 [NMEA time, header]
# bad_flag = -9.990e-29
*END*
[from data line 208]
    210.000    207.721    -1.3655  27.297795    -1.3652  27.297395     6.2255     6.4147     0.0364    98.7900 1.0000e-12  -74.02952 -111.14042  34.876566      99.71 1.7681e+03    513.304      12320  1028.4261  1028.4254     4.6864     0.0798     0.1206    34.0773    34.0765    8.35878         24 0.0000e+00
    211.000    208.712    -1.3608  27.303154    -1.3603  27.302897     6.2297     6.4087     0.0429    98.8076 1.0000e-12  -74.02952 -111.14042  34.876577      99.72 1.7672e+03    514.286      12344  1028.4318  1028.4310     4.6872     0.0996     0.1181    34.0787    34.0778    8.35764         23 0.0000e+00
    212.000    209.700    -1.3593  27.305029    -1.3589  27.304920     6.2306     6.4101     0.0439    98.7993 1.0000e-12  -74.02952 -111.14042  34.876589      99.72 1.7687e+03    515.272      12368  1028.4367  1028.4362     4.6868     0.0765     0.1187    34.0790    34.0784    8.35730         24 0.0000e+00
    213.000    210.687    -1.3578  27.307056    -1.3574  27.306861     6.2260     6.4012     0.0678    98.8269 1.0000e-12  -74.02952 -111.14042  34.876600      99.71 1.7688e+03    516.263      12391  1028.4419  1028.4413     4.6882     0.0787     0.1158    34.0794    34.0788    8.35693         24 0.0000e+00
    214.000    211.678    -1.3566  27.308991    -1.3561  27.308771     6.2251     6.4029     0.1007    98.8234 1.0000e-12  -74.02952 -111.14042  34.876612      99.72 1.7677e+03    517.245      12415  1028.4472  1028.4465     4.6879     0.0795     0.1193    34.0802    34.0793    8.35663         23 0.0000e+00
    215.000    212.665    -1.3515  27.314754    -1.3511  27.314453     6.2210     6.4005     0.0951    98.8100 1.0000e-12  -74.02952 -111.14042  34.876623      99.72 1.7683e+03    518.231      12439  1028.4529  1028.4522     4.6874     0.0779     0.1171    34.0816    34.0808    8.35539         24 0.0000e+00
    216.000    213.654    -1.3510  27.315700    -1.3508  27.315290     6.2168     6.3978     0.0632    98.8421 1.0000e-12  -74.02952 -111.14042  34.876635      99.72 1.7689e+03    519.226      12462  1028.4579  1028.4572     4.6889     0.0766     0.1197    34.0817    34.0809    8.35528         24 0.0000e+00
    217.000    214.643    -1.3502  27.317252    -1.3497  27.316975     6.2151     6.3916     0.0514    98.8481 1.0000e-12  -74.02952 -111.14042  34.876646      99.72 1.7676e+03    520.216      12486  1028.4631  1028.4624     4.6891     0.0794     0.1189    34.0823    34.0814    8.35506         23 0.0000e+00
    218.000    215.632    -1.3475  27.320424    -1.3470  27.320332     6.2203     6.3934     0.0509    98.8573 1.0000e-12  -74.02952 -111.14042  34.876657      99.72 1.7684e+03    521.198      12510  1028.4683  1028.4677     4.6897     0.0792     0.1198    34.0830    34.0823    8.35442         24 0.0000e+00
    219.000    216.620    -1.3469  27.321482    -1.3466  27.321221     6.2195     6.3927     0.0518    98.8486 1.0000e-12  -74.02952 -111.14042  34.876669      99.72 1.7692e+03    522.190      12534  1028.4732  1028.4727     4.6892     0.0780     0.1194    34.0831    34.0825    8.35427         24 0.0000e+00
    220.000    217.609    -1.3456  27.323400    -1.3454  27.322965     6.2219     6.3914     0.0878    98.8277 1.0000e-12  -74.02952 -111.14042  34.876680      99.72 1.7673e+03    523.175      12557  1028.4784  1028.4778     4.6882     0.0789     0.1197    34.0837    34.0828    8.35396         23 0.0000e+00
    221.000    218.598    -1.3442  27.325157    -1.3439  27.325040     6.2179     6.3960     0.0551    98.8445 1.0000e-12  -74.02952 -111.14042  34.876692      91.69 1.7689e+03    524.157      12581  1028.4834  1028.4829     4.6890     0.0788     0.1201    34.0839    34.0833    8.35363         24 0.0000e+00
    222.000    219.586    -1.3428  27.327372    -1.3424  27.326943     6.2136     6.3971     0.0799    98.8024 1.0000e-12  -74.02952 -111.14042  34.876703      97.29 1.7695e+03    525.147      12605  1028.4888  1028.4879     4.6870     0.0772     0.1178    34.0847    34.0837    8.35327         24 0.0000e+00
    223.000    220.575    -1.3404  27.330319    -1.3402  27.329870     6.2139     6.3853     0.0742    98.7697 1.0000e-12  -74.02952 -111.14042  34.876714      99.68 1.7681e+03    526.131      12628  1028.4940  1028.4933     4.6855     0.0773     0.1186    34.0854    34.0845    8.35269         24 0.0000e+00
    224.000    221.564    -1.3397  27.331437    -1.3396  27.330918     6.2176     6.3877     0.0546    98.7940 1.0000e-12  -74.02952 -111.14042  34.876726      99.71 1.7690e+03    527.114      12652  1028.4989  1028.4982     4.6866     0.0762     0.1172    34.0856    34.0847    8.35253         23 0.0000e+00
    225.000    222.550    -1.3382  27.333615    -1.3385  27.332555     6.2150     6.3871     0.0558    98.8175 1.0000e-12  -74.02952 -111.14042  34.876737      99.72 1.7697e+03    528.103      12675  1028.5041  1028.5033     4.6877     0.0765     0.1171    34.0861    34.0850    8.35215         24 0.0000e+00
    226.000    223.540    -1.3379  27.334300    -1.3372  27.334308     6.2151     6.3794     0.0655    98.7835 1.0000e-12  -74.02952 -111.14042  34.876749      99.72 1.7683e+03    529.096      12699  1028.5089  1028.5083     4.6861     0.0761     0.1194    34.0862    34.0854    8.35208         24 0.0000e+00
    227.000    224.529    -1.3388  27.333739    -1.3383  27.333584     6.2199     6.3810     0.0588    98.8167 1.0000e-12  -74.02952 -111.14042  34.876760      99.72 1.7685e+03    530.084      12723  1028.5135  1028.5129     4.6877     0.0771     0.1189    34.0857    34.0850    8.35230         23 0.0000e+00
    228.000    225.518    -1.3381  27.334920    -1.3376  27.334910     6.2150     6.3841     0.0607    98.8328 1.0000e-12  -74.02952 -111.14042  34.876772      99.72 1.7686e+03    531.078      12747  1028.5185  1028.5180     4.6885     0.0799     0.1198    34.0860    34.0854    8.35214         24 0.0000e+00
    229.000    226.505    -1.3377  27.335894    -1.3374  27.335470     6.2129     6.3824     0.0715    98.8336 1.0000e-12  -74.02952 -111.14042  34.876783      99.72 1.7679e+03    532.077      12771  1028.5235  1028.5227     4.6884     0.0785     0.1176    34.0862    34.0853    8.35203         24 0.0000e+00
    230.000    227.496    -1.3356  27.338973    -1.3353  27.338210     6.2064     6.3742     0.0361    98.8153 1.0000e-12  -74.02952 -111.14042  34.876795      99.72 1.7667e+03    533.066      12795  1028.5291  1028.5280     4.6876     0.0799     0.1193    34.0874    34.0861    8.35148         24 0.0000e+00
    231.000    228.483    -1.3291  27.346148    -1.3287  27.345832     6.2021     6.3736     0.0572    98.7471 1.0000e-12  -74.02952 -111.14042  34.876806      99.72 1.7685e+03    534.056      12818  1028.5350  1028.5342     4.6844     0.0788     0.1163    34.0893    34.0883    8.34993         24 0.0000e+00
    232.000    229.471    -1.3269  27.349087    -1.3264  27.348773     6.2024     6.3769     0.0461    98.7786 1.0000e-12  -74.02952 -111.14042  34.876818      99.72 1.7684e+03    535.053      12842  1028.5404  1028.5395     4.6859     0.0779     0.1191    34.0902    34.0892    8.34938         24 0.0000e+00
    233.000    230.460    -1.3270  27.349033    -1.3262  27.349287     6.2062     6.3755     0.0493    98.7742 1.0000e-12  -74.02952 -111.14042  34.876829      99.72 1.7665e+03    536.034      12866  1028.5448  1028.5443     4.6856     0.0756     0.1176    34.0896    34.0891    8.34943         23 0.0000e+00
    234.000    231.449    -1.3293  27.347035    -1.3286  27.347250     6.2053     6.3774     0.0467    98.7874 1.0000e-12  -74.02952 -111.14042  34.876840      88.83 1.7690e+03    537.013      12889  1028.5492  1028.5488     4.6863     0.0753     0.1178    34.0889    34.0884    8.35000         24 0.0000e+00
    235.000    232.438    -1.3305  27.346406    -1.3297  27.346527     6.2027     6.3755     0.0436    98.8055 1.0000e-12  -74.02952 -111.14042  34.876852      99.44 1.7695e+03    538.002      12913  1028.5540  1028.5533     4.6872     0.0787     0.1167    34.0888    34.0880    8.35027         23 0.0000e+00
    236.000    233.426    -1.3282  27.349503    -1.3277  27.349177     6.1966     6.3711     0.0408    98.8457 1.0000e-12  -74.02952 -111.14042  34.876863      99.72 1.7675e+03    538.986      12937  1028.5594  1028.5586     4.6890     0.0806     0.1182    34.0898    34.0888    8.34970         24 0.0000e+00
    237.000    234.414    -1.3247  27.353655    -1.3238  27.353935     6.1975     6.3733     0.0435    98.8221 1.0000e-12  -74.02952 -111.14042  34.876875      99.72 1.7692e+03    539.966      12960  1028.5649  1028.5643     4.6879     0.0758     0.1177    34.0908    34.0902    8.34884         24 0.0000e+00
    238.000    235.402    -1.3196  27.359799    -1.3182  27.360380     6.1938     6.3715     0.0586    98.8239 1.0000e-12  -74.02952 -111.14042  34.876886      99.72 1.7686e+03    540.967      12984  1028.5710  1028.5703     4.6880     0.0763     0.1185    34.0929    34.0921    8.34759         24 0.0000e+00
    239.000    236.392    -1.3179  27.361848    -1.3169  27.362218     6.1863     6.3625     0.0611    98.8134 1.0000e-12  -74.02952 -111.14042  34.876898      99.71 1.7679e+03    541.955      13008  1028.5760  1028.5754     4.6875     0.0761     0.1175    34.0932    34.0925    8.34720         23 0.0000e+00
    240.000    237.379    -1.3166  27.363763    -1.3165  27.363046     6.1925     6.3654     0.0877    98.8305 1.0000e-12  -74.02952 -111.14042  34.876909      99.72 1.7689e+03    542.945      13032  1028.5812  1028.5803     4.6883     0.0767     0.1204    34.0937    34.0926    8.34688         24 0.0000e+00
    241.000    238.369    -1.3140  27.367198    -1.3130  27.367291     6.1808     6.3586     0.0525    98.8143 1.0000e-12  -74.02952 -111.14042  34.876921      99.72 1.7691e+03    543.936      13055  1028.5867  1028.5859     4.6875     0.0773     0.1197    34.0948    34.0938    8.34622         24 0.0000e+00
    242.000    239.358    -1.3083  27.373511    -1.3077  27.373212     6.1701     6.3470     0.0384    98.8290 1.0000e-12  -74.02952 -111.14042  34.876932      99.72 1.7676e+03    544.919      13079  1028.5924  1028.5915     4.6882     0.0789     0.1189    34.0963    34.0953    8.34486         23 0.0000e+00
    243.000    240.344    -1.3004  27.382479    -1.2997  27.382096     6.1629     6.3373     0.0307    98.8444 1.0000e-12  -74.02952 -111.14042  34.876943      99.72 1.7688e+03    545.901      13103  1028.5990  1028.5978     4.6889     0.0778     0.1183    34.0991    34.0977    8.34294         24 0.0000e+00
    244.000    241.334    -1.2839  27.399085    -1.2833  27.398648     6.1535     6.3312     0.0486    98.7985 1.0000e-12  -74.02952 -111.14042  34.876955      99.72 1.7687e+03    546.889      13126  1028.6054  1028.6044     4.6868     0.0779     0.1152    34.1024    34.1012    8.33905         24 0.0000e+00
    245.000    242.322    -1.2809  27.402489    -1.2796  27.402874     6.1507     6.3216     0.0550    98.8021 1.0000e-12  -74.02952 -111.14042  34.876966      99.72 1.7684e+03    547.874      13150  1028.6107  1028.6098     4.6870     0.0783     0.1191    34.1031    34.1021    8.33834         23 0.0000e+00
    246.000    243.310    -1.2739  27.410323    -1.2735  27.409697     6.1491     6.3179     0.0484    98.8509 1.0000e-12  -74.02952 -111.14042  34.876978      99.72 1.7682e+03    548.857      13174  1028.6169  1028.6157     4.6893     0.0790     0.1192    34.1053    34.1039    8.33666         24 0.0000e+00
    247.000    244.300    -1.2738  27.410715    -1.2730  27.410609     6.1490     6.3176     0.0435    98.8230 1.0000e-12  -74.02952 -111.14042  34.876989      98.46 1.7682e+03    549.848      13197  1028.6215  1028.6206     4.6879     0.0770     0.1168    34.1050    34.1039    8.33663         23 0.0000e+00
    248.000    245.288    -1.2723  27.412872    -1.2707  27.413554     6.1510     6.3158     0.0427    98.7293 1.0000e-12  -74.02952 -111.14042  34.877000      88.74 1.7681e+03    550.838      13221  1028.6269  1028.6261     4.6835     0.0798     0.1192    34.1057    34.1048    8.33627         24 0.0000e+00
    249.000    246.276    -1.2686  27.417059    -1.2682  27.416541     6.1493     6.3148     0.0361    98.8237 1.0000e-12  -74.02952 -111.14042  34.877012      99.82 1.7685e+03    551.822      13245  1028.6323  1028.6313     4.6880     0.0781     0.1194    34.1066    34.1054    8.33538         24 0.0000e+00
    250.000    247.264    -1.2683  27.417610    -1.2677  27.417546     6.1424     6.3124     0.0365    98.8272 1.0000e-12  -74.02952 -111.14042  34.877023      99.72 1.7682e+03    552.814      13269  1028.6370  1028.6363     4.6881     0.0772     0.1219    34.1064    34.1056    8.33534         24 0.0000e+00
    251.000    248.254    -1.2677  27.418831    -1.2671  27.418436     6.1423     6.3077     0.0436    98.8560 1.0000e-12  -74.02952 -111.14042  34.877035      99.72 1.7677e+03    553.808      13292  1028.6421  1028.6411     4.6896     0.0764     0.1220    34.1067    34.1055    8.33517         24 0.0000e+00
    252.000    249.241    -1.2660  27.421178    -1.2652  27.420838     6.1419     6.3072     0.0375    98.8559 1.0000e-12  -74.02952 -111.14042  34.877046      99.72 1.7672e+03    554.787      13316  1028.6473  1028.6463     4.6896     0.0767     0.1213    34.1074    34.1061    8.33475         23 0.0000e+00
    253.000    250.231    -1.2635  27.424229    -1.2627  27.424124     6.1398     6.3106     0.1332    98.8497 1.0000e-12  -74.02952 -111.14042  34.877058      99.72 1.7691e+03    555.776      13340  1028.6527  1028.6517     4.6893     0.0768     0.1185    34.1081    34.1071    8.33416         24 0.0000e+00
    254.000    251.217    -1.2612  27.427113    -1.2604  27.426821     6.1360     6.3037     0.0750    98.8315 1.0000e-12  -74.02952 -111.14042  34.877069      99.72 1.7691e+03    556.771      13363  1028.6580  1028.6569     4.6883     0.0774     0.1175    34.1089    34.1076    8.33361         24 0.0000e+00
    255.000    252.207    -1.2594  27.429353    -1.2588  27.429042     6.1366     6.3062     0.0368    98.8402 1.0000e-12  -74.02952 -111.14042  34.877080      99.72 1.7684e+03    557.752      13387  1028.6630  1028.6621     4.6888     0.0765     0.1207    34.1093    34.1082    8.33318         23 0.0000e+00
    256.000    253.196    -1.2588  27.430513    -1.2581  27.430236     6.1391     6.3023     0.0412    98.8161 1.0000e-12  -74.02952 -111.14042  34.877092      99.72 1.7695e+03    558.742      13411  1028.6680  1028.6671     4.6876     0.0763     0.1205    34.1095    34.1084    8.33302         24 0.0000e+00
    257.000    254.183    -1.2586  27.431422    -1.2579  27.431087     6.1414     6.3033     0.0365    98.8110 1.0000e-12  -74.02952 -111.14042  34.877103      99.72 1.7691e+03    559.733      13435  1028.6732  1028.6722     4.6874     0.0751     0.1182    34.1100    34.1087    8.33296         24 0.0000e+00
    258.000    255.172    -1.2585  27.432123    -1.2578  27.431706     6.1446     6.3067     0.0422    98.8428 1.0000e-12  -74.02952 -111.14042  34.877115      99.72 1.7682e+03    560.714      13458  1028.6782  1028.6771     4.6889     0.0758     0.1216    34.1102    34.1088    8.33292         24 0.0000e+00
    259.000    256.161    -1.2577  27.433272    -1.2570  27.433117     6.1425     6.3092     0.0570    98.8391 1.0000e-12  -74.02952 -111.14042  34.877126      99.72 1.7694e+03    561.694      13482  1028.6831  1028.6822     4.6887     0.0748     0.1193    34.1102    34.1092    8.33274         23 0.0000e+00
