ocean_section_plots/required_files/ctd/dnbp2202_ctd132.cnv
* Sea-Bird SBE 9 Data File:
* FileName = D:\Data\raw\NBP2202_CTD132.hex
* Software Version Seasave V 7.26.7.121
* Temperature SN = 1649
* Conductivity SN = 2513
* Number of Bytes Per Scan = 40
* Number of Voltage Words = 5
* Number of Scans Averaged by the Deck Unit = 1
* NMEA Latitude = 74 06.56 S
* NMEA Longitude = 112 17.20 W
* NMEA UTC (Time) = Jan 28 2022  03:29:28
* NMEA baud rate = 9600
** Ship: RVIB N.B. Palmer
** Cruise: NBP2202 Thwaites
** Station: 61
** Operator: B. Bjork
# nquan = 25
# nvalues = 838                         
# units = specified
# name 0 = prDM: Pressure, Digiquartz [db]
# name 1 = depSM: Depth [salt water, m]
# name 2 = t090C: Temperature [ITS-90, deg C]
# name 3 = c0mS/cm: Conductivity [mS/cm]
# name 4 = t190C: Temperature, 2 [ITS-90, deg C]
# name 5 = c1mS/cm: Conductivity, 2 [mS/cm]
# name 6 = sbeox0ML/L: Oxygen, SBE 43 [ml/l]
# name 7 = sbeox1ML/L: Oxygen, SBE 43, 2 [ml/l]
# name 8 = flECO-AFL: Fluorescence, WET Labs ECO-AFL/FL [mg/m^3]
# name 9 = CStarTr0: Beam Transmission, WET Labs C-Star [%]
# name 10 = par: PAR/Irradiance, Biospherical/Licor
# name 11 = latitude: Latitude [deg]
# name 12 = longitude: Longitude [deg]
# name 13 = timeJ: Julian Days
# name 14 = altM: Altimeter [m]
# name 15 = spar: SPAR, Biospherical/Licor
# name 16 = timeS: Time, Elapsed [seconds]
# name 17 = scan: Scan Count
# name 18 = density00: Density [density, kg/m^3]
# name 19 = density11: Density, 2 [density, kg/m^3]
# name 20 = sal00: Salinity, Practical [PSU]
# name 21 = sal11: Salinity, Practical, 2 [PSU]
# name 22 = oxsolML/L: Oxygen Saturation, Garcia & Gordon [ml/l]
# name 23 = nbin: number of scans per bin
# name 24 = flag: flag
# span 0 =      2.000,    839.000       
# span 1 =      1.980,    828.614       
# span 2 =    -1.5499,     0.5537       
# span 3 =  27.045755,  29.556995       
# span 4 =    -1.5506,     0.5557       
# span 5 =  27.045603,  29.556711       
# span 6 =     4.5634,     9.0206       
# span 7 =     4.6685,     9.3344       
# span 8 =    -0.0095,    29.4456       
# span 9 =    66.3981,    94.7804       
# span 10 = -1.951e-05, 3.6390e+01      
# span 11 =  -74.10940,  -74.10914      
# span 12 = -112.28670, -112.28644      
# span 13 =  28.147782,  28.159242      
# span 14 =      -1.84,     100.23      
# span 15 = 9.3410e+01, 1.0179e+02      
# span 16 =    200.363,   1190.620      
# span 17 =       4810,      28576      
# span 18 =  1027.1872,  1031.6725      
# span 19 =  1027.1917,  1031.6695      
# span 20 =    33.8112,    34.5636      
# span 21 =    33.8158,    34.5603      
# span 22 =    7.92003,    8.40596      
# span 23 =          1,         47      
# span 24 = 0.0000e+00, 0.0000e+00      
# interval = decibars: 1                
# start_time = Jan 28 2022 03:29:28 [NMEA time, header]
# bad_flag = -9.990e-29
*END*
[from data line 348]
    350.000    346.086    -1.4739  27.335871    -1.4739  27.335885     6.2439     6.4202     0.0098    94.7216 1.0000e-12  -74.10932 -112.28658  28.152798      99.75 9.8737e+01    633.753      15211  1029.1757  1029.1757    34.1663    34.1663    8.37783         24 0.0000e+00
    351.000    347.073    -1.4487  27.361969    -1.4479  27.360296     6.2122     6.3780     0.0149    94.7562 1.0000e-12  -74.10931 -112.28657  28.152810      99.75 9.8721e+01    634.755      15235  1029.1836  1029.1810    34.1729    34.1698    8.37178         25 0.0000e+00
    352.000    348.062    -1.3937  27.410285    -1.3927  27.409176     6.1881     6.3568     0.0148    94.7715 1.0000e-12  -74.10930 -112.28656  28.152822      80.04 9.8721e+01    635.790      15260  1029.1868  1029.1847    34.1760    34.1734    8.35925         25 0.0000e+00
    353.000    349.049    -1.3898  27.413859    -1.3893  27.413235     6.1940     6.3613     0.0069    94.7594 1.0000e-12  -74.10930 -112.28656  28.152834      86.96 9.8721e+01    636.859      15286  1029.1912  1029.1900    34.1759    34.1744    8.35838         26 0.0000e+00
    354.000    350.039    -1.3919  27.412461    -1.3904  27.413105     6.2095     6.3775     0.0119    94.7637 1.0000e-12  -74.10930 -112.28656  28.152846      98.99 9.8640e+01    637.861      15310  1029.1960  1029.1952    34.1757    34.1749    8.35886         22 0.0000e+00
    355.000    351.023    -1.4035  27.402722    -1.4027  27.402927     6.2170     6.3940     0.0201    94.7589 1.0000e-12  -74.10930 -112.28656  28.152856      99.59 9.8395e+01    638.792      15332  1029.2010  1029.2005    34.1749    34.1744    8.36150         22 0.0000e+00
    356.000    352.015    -1.4153  27.393736    -1.4143  27.393878     6.2284     6.3920     0.0069    94.7774 1.0000e-12  -74.10930 -112.28656  28.152867      99.76 9.8645e+01    639.711      15354  1029.2069  1029.2061    34.1754    34.1745    8.36412         23 0.0000e+00
    357.000    353.002    -1.4141  27.395493    -1.4132  27.395258     6.2195     6.3853     0.0143    94.7748 1.0000e-12  -74.10930 -112.28655  28.152878      99.75 9.8209e+01    640.683      15377  1029.2119  1029.2107    34.1758    34.1745    8.36383         24 0.0000e+00
    358.000    353.990    -1.4026  27.406484    -1.4011  27.406559     6.2141     6.3687     0.0143    94.7725 1.0000e-12  -74.10930 -112.28655  28.152890      99.75 9.8185e+01    641.691      15402  1029.2169  1029.2155    34.1773    34.1756    8.36117         25 0.0000e+00
    359.000    354.977    -1.3989  27.410092    -1.3984  27.409682     6.2107     6.3767     0.0080    94.7751 1.0000e-12  -74.10930 -112.28655  28.152903      99.75 9.8720e+01    642.789      15428  1029.2215  1029.2205    34.1773    34.1762    8.36033         27 0.0000e+00
    360.000    355.965    -1.3986  27.411563    -1.3969  27.412051     6.2217     6.4033     0.0134    94.7662 1.0000e-12  -74.10929 -112.28654  28.152915      99.75 9.8721e+01    643.865      15454  1029.2271  1029.2260    34.1784    34.1772    8.36020         24 0.0000e+00
    361.000    356.953    -1.4056  27.406346    -1.4049  27.406219     6.2011     6.3803     0.0143    94.7347 1.0000e-12  -74.10928 -112.28654  28.152926      99.75 9.8721e+01    644.833      15477  1029.2326  1029.2317    34.1786    34.1776    8.36176         24 0.0000e+00
    362.000    357.942    -1.3981  27.414469    -1.3961  27.414549     6.0933     6.2937     0.0087    94.7491 1.0000e-12  -74.10928 -112.28654  28.152939      99.75 9.8721e+01    645.943      15504  1029.2384  1029.2365    34.1807    34.1784    8.35997         28 0.0000e+00
    363.000    358.928    -1.3304  27.477442    -1.3291  27.474826     6.0069     6.2245     0.0235    94.7540 1.0000e-12  -74.10928 -112.28654  28.152952      99.75 9.8721e+01    647.053      15530  1029.2453  1029.2411    34.1892    34.1842    8.34429         25 0.0000e+00
    364.000    359.917    -1.2393  27.557776    -1.2344  27.558736     5.9165     6.1438     0.0190    94.7804 1.0000e-12  -74.10928 -112.28654  28.152963      92.44 9.8721e+01    648.030      15554  1029.2484  1029.2446    34.1950    34.1907    8.32364         24 0.0000e+00
    365.000    360.905    -1.1886  27.602758    -1.1900  27.598891     5.7900     6.0095     0.0143    94.7720 1.0000e-12  -74.10928 -112.28654  28.152976      71.80 9.8721e+01    649.159      15581  1029.2528  1029.2499    34.1982    34.1945    8.31218         29 0.0000e+00
    366.000    361.893    -1.0681  27.713650    -1.0616  27.713096     5.6756     5.8983     0.0199    94.7620 1.0000e-12  -74.10926 -112.28654  28.152991      91.02 9.8362e+01    650.396      15611  1029.2605  1029.2535    34.2119    34.2038    8.28469         29 0.0000e+00
    367.000    362.880    -0.9545  27.812481    -0.9467  27.816479     5.5949     5.8089     0.0091    94.7627 1.0000e-12  -74.10926 -112.28654  28.153004      99.94 9.7397e+01    651.564      15639  1029.2619  1029.2587    34.2168    34.2135    8.25938         27 0.0000e+00
    368.000    363.869    -0.9179  27.846474    -0.9202  27.841332     5.5439     5.7484     0.0134    94.7593 1.0000e-12  -74.10926 -112.28654  28.153016      99.75 9.8758e+01    652.613      15664  1029.2684  1029.2651    34.2209    34.2164    8.25112         23 0.0000e+00
    369.000    364.857    -0.8534  27.905739    -0.8532  27.902567     5.5182     5.7163     0.0143    94.7614 1.0000e-12  -74.10926 -112.28654  28.153027      99.75 9.8721e+01    653.519      15685  1029.2746  1029.2710    34.2275    34.2230    8.23660         22 0.0000e+00
    370.000    365.843    -0.8122  27.942698    -0.8101  27.941790     5.4881     5.6669     0.0143    94.7398 1.0000e-12  -74.10926 -112.28654  28.153038      99.75 9.7785e+01    654.460      15708  1029.2796  1029.2766    34.2303    34.2267    8.22745         24 0.0000e+00
    371.000    366.833    -0.7911  27.962459    -0.7888  27.961809     5.4489     5.6335     0.0106    94.7161 1.0000e-12  -74.10926 -112.28654  28.153050      99.76 9.8714e+01    655.554      15734  1029.2859  1029.2830    34.2326    34.2291    8.22272         28 0.0000e+00
    372.000    367.820    -0.7494  28.002126    -0.7470  28.000916     5.4281     5.6051     0.0109    94.7202 1.0000e-12  -74.10926 -112.28654  28.153063      99.76 9.8495e+01    656.672      15761  1029.2934  1029.2897    34.2384    34.2340    8.21330         24 0.0000e+00
    373.000    368.808    -0.7267  28.022356    -0.7250  28.021507     5.3850     5.5660     0.0120    94.7081 1.0000e-12  -74.10926 -112.28654  28.153074      99.75 9.7733e+01    657.614      15784  1029.2982  1029.2956    34.2395    34.2363    8.20830         23 0.0000e+00
    374.000    369.795    -0.7039  28.044684    -0.7019  28.042849     5.3266     5.5062     0.0084    94.7014 1.0000e-12  -74.10925 -112.28654  28.153086      99.76 9.8724e+01    658.628      15808  1029.3052  1029.3014    34.2432    34.2385    8.20313         25 0.0000e+00
    375.000    370.784    -0.6485  28.095297    -0.6463  28.093735     5.2848     5.4603     0.0102    94.6760 1.0000e-12  -74.10924 -112.28654  28.153098      99.75 9.8576e+01    659.698      15834  1029.3106  1029.3069    34.2482    34.2437    8.19082         25 0.0000e+00
    376.000    371.772    -0.6152  28.126304    -0.6119  28.126082     5.2478     5.4297     0.0174    94.6611 1.0000e-12  -74.10924 -112.28653  28.153109      99.76 9.7581e+01    660.657      15857  1029.3167  1029.3132    34.2518    34.2477    8.18342         23 0.0000e+00
    377.000    372.759    -0.5830  28.155607    -0.5803  28.155330     5.2178     5.3871     0.0332    94.6548 1.0000e-12  -74.10924 -112.28652  28.153121      99.76 9.8772e+01    661.628      15880  1029.3218  1029.3188    34.2542    34.2508    8.17632         24 0.0000e+00
    378.000    373.747    -0.5554  28.182110    -0.5534  28.180578     5.1907     5.3470     0.0322    94.6353 1.0000e-12  -74.10924 -112.28652  28.153132      95.92 9.8881e+01    662.645      15904  1029.3284  1029.3248    34.2581    34.2538    8.17015         24 0.0000e+00
    379.000    374.736    -0.5105  28.222891    -0.5065  28.223284     5.1615     5.3186     0.0353    94.6160 1.0000e-12  -74.10924 -112.28652  28.153144      93.84 9.8721e+01    663.664      15929  1029.3333  1029.3298    34.2616    34.2576    8.16027         25 0.0000e+00
    380.000    375.723    -0.4892  28.242601    -0.4874  28.241467     5.1474     5.2977     0.0286    94.6139 1.0000e-12  -74.10924 -112.28652  28.153156      98.36 9.8721e+01    664.687      15953  1029.3388  1029.3359    34.2634    34.2599    8.15558         24 0.0000e+00
    381.000    376.711    -0.4609  28.269770    -0.4587  28.268691     5.1346     5.2843     0.0269    94.5929 1.0000e-12  -74.10924 -112.28652  28.153168      99.76 9.8721e+01    665.736      15979  1029.3453  1029.3421    34.2674    34.2634    8.14927         26 0.0000e+00
    382.000    377.699    -0.4478  28.281861    -0.4459  28.280944     5.1336     5.2761     0.0283    94.5891 1.0000e-12  -74.10923 -112.28652  28.153181      99.75 9.8721e+01    666.801      16004  1029.3506  1029.3478    34.2682    34.2649    8.14641         25 0.0000e+00
    383.000    378.687    -0.4430  28.286501    -0.4409  28.285937     5.1331     5.2784     0.0286    94.5663 1.0000e-12  -74.10922 -112.28652  28.153193      99.75 9.8721e+01    667.841      16029  1029.3560  1029.3533    34.2685    34.2653    8.14537         25 0.0000e+00
    384.000    379.674    -0.4401  28.289354    -0.4383  28.288689     5.1379     5.2862     0.0313    94.5667 1.0000e-12  -74.10922 -112.28652  28.153204      99.75 9.8721e+01    668.857      16054  1029.3612  1029.3588    34.2684    34.2655    8.14475         24 0.0000e+00
    385.000    380.662    -0.4418  28.287850    -0.4400  28.287461     5.1520     5.2916     0.0362    94.5207 1.0000e-12  -74.10922 -112.28652  28.153216      99.75 9.8721e+01    669.850      16077  1029.3662  1029.3640    34.2677    34.2652    8.14517         24 0.0000e+00
    386.000    381.650    -0.4459  28.285446    -0.4441  28.284576     5.1432     5.2788     0.0279    94.5223 1.0000e-12  -74.10922 -112.28651  28.153228      99.75 9.8721e+01    670.901      16103  1029.3724  1029.3698    34.2685    34.2654    8.14599         27 0.0000e+00
    387.000    382.638    -0.4444  28.287073    -0.4418  28.287231     5.1290     5.2659     0.0197    94.4959 1.0000e-12  -74.10922 -112.28650  28.153241      99.76 9.8721e+01    672.023      16130  1029.3775  1029.3751    34.2684    34.2657    8.14568         25 0.0000e+00
    388.000    383.626    -0.4309  28.300615    -0.4292  28.299281     5.1209     5.2603     0.0307    94.4918 1.0000e-12  -74.10921 -112.28650  28.153252      99.75 9.8721e+01    673.012      16153  1029.3833  1029.3803    34.2707    34.2670    8.14265         23 0.0000e+00
    389.000    384.613    -0.4142  28.316019    -0.4125  28.315224     5.1067     5.2429     0.0406    94.4975 1.0000e-12  -74.10920 -112.28650  28.153264      99.76 9.8721e+01    673.994      16177  1029.3881  1029.3856    34.2720    34.2689    8.13901         25 0.0000e+00
    390.000    385.602    -0.4069  28.324828    -0.4048  28.323735     5.0859     5.2239     0.0336    94.5160 1.0000e-12  -74.10920 -112.28650  28.153276      93.47 9.8721e+01    675.038      16202  1029.3950  1029.3917    34.2749    34.2710    8.13727         25 0.0000e+00
    391.000    386.589    -0.3806  28.350396    -0.3786  28.349650     5.0786     5.2084     0.0283    94.5110 1.0000e-12  -74.10920 -112.28650  28.153287      82.09 9.8721e+01    676.001      16225  1029.4011  1029.3984    34.2789    34.2757    8.13141         22 0.0000e+00
    392.000    387.576    -0.3703  28.360670    -0.3683  28.360184     5.0824     5.2072     0.0273    94.5026 1.0000e-12  -74.10920 -112.28650  28.153299      93.25 9.8721e+01    677.002      16249  1029.4067  1029.4041    34.2805    34.2775    8.12913         27 0.0000e+00
    393.000    388.564    -0.3667  28.364619    -0.3654  28.363699     5.0912     5.2131     0.0222    94.5008 1.0000e-12  -74.10920 -112.28650  28.153312      99.70 9.8721e+01    678.177      16277  1029.4121  1029.4098    34.2811    34.2784    8.12832         28 0.0000e+00
    394.000    389.554    -0.3809  28.352939    -0.3799  28.351941     5.0978     5.2246     0.0284    94.4869 1.0000e-12  -74.10920 -112.28650  28.153326      99.76 9.8721e+01    679.359      16306  1029.4182  1029.4162    34.2808    34.2784    8.13136         28 0.0000e+00
    395.000    390.540    -0.3830  28.351750    -0.3809  28.351357     5.1002     5.2200     0.0263    94.4824 1.0000e-12  -74.10920 -112.28650  28.153339      99.77 9.8721e+01    680.506      16333  1029.4235  1029.4211    34.2810    34.2781    8.13180         28 0.0000e+00
    396.000    391.527    -0.3828  28.352252    -0.3810  28.351674     5.1035     5.2267     0.0203    94.4960 1.0000e-12  -74.10920 -112.28650  28.153353      99.76 9.8721e+01    681.707      16362  1029.4283  1029.4260    34.2808    34.2781    8.13176         30 0.0000e+00
    397.000    392.516    -0.3831  28.352550    -0.3812  28.351973     5.0939     5.2274     0.0206    94.4824 1.0000e-12  -74.10920 -112.28650  28.153367      99.76 9.8721e+01    682.931      16391  1029.4334  1029.4309    34.2809    34.2781    8.13182         28 0.0000e+00
    398.000    393.504    -0.3834  28.353125    -0.3819  28.352285     5.0839     5.2269     0.0331    94.4920 1.0000e-12  -74.10920 -112.28650  28.153380      99.76 9.8721e+01    684.059      16418  1029.4387  1029.4364    34.2815    34.2786    8.13186         26 0.0000e+00
    399.000    394.489    -0.3783  28.358456    -0.3766  28.357998     5.0726     5.2057     0.0369    94.5015 1.0000e-12  -74.10918 -112.28650  28.153392      99.76 9.8721e+01    685.055      16442  1029.4438  1029.4416    34.2823    34.2797    8.13073         22 0.0000e+00
    400.000    395.480    -0.3705  28.366815    -0.3705  28.364044     5.0603     5.1895     0.0258    94.5027 1.0000e-12  -74.10918 -112.28650  28.153402      99.76 9.8721e+01    685.958      16464  1029.4495  1029.4465    34.2841    34.2804    8.12896         22 0.0000e+00
    401.000    396.467    -0.3492  28.386635    -0.3499  28.383482     5.0425     5.1734     0.0205    94.5047 1.0000e-12  -74.10918 -112.28650  28.153414      99.76 9.8721e+01    686.941      16488  1029.4540  1029.4514    34.2860    34.2826    8.12429         25 0.0000e+00
    402.000    397.454    -0.3259  28.408622    -0.3230  28.408759     5.0235     5.1591     0.0224    94.5052 1.0000e-12  -74.10918 -112.28650  28.153426      99.77 9.8721e+01    688.042      16514  1029.4591  1029.4563    34.2886    34.2854    8.11918         27 0.0000e+00
    403.000    398.442    -0.3197  28.416026    -0.3171  28.415985     5.0214     5.1473     0.0283    94.5203 1.0000e-12  -74.10918 -112.28650  28.153438      76.31 9.8721e+01    689.069      16539  1029.4654  1029.4628    34.2909    34.2879    8.11772         22 0.0000e+00
    404.000    399.430    -0.2970  28.438317    -0.2945  28.437959     5.0126     5.1441     0.0144    94.5237 1.0000e-12  -74.10918 -112.28650  28.153449      93.62 9.8721e+01    689.972      16560  1029.4713  1029.4685    34.2944    34.2912    8.11267         22 0.0000e+00
    405.000    400.418    -0.2948  28.440575    -0.2928  28.440167     5.0070     5.1401     0.0260    94.5140 1.0000e-12  -74.10918 -112.28650  28.153460      99.68 9.8721e+01    690.970      16584  1029.4761  1029.4736    34.2945    34.2916    8.11221         26 0.0000e+00
    406.000    401.406    -0.2932  28.442439    -0.2916  28.441602     5.0010     5.1350     0.0290    94.4922 1.0000e-12  -74.10918 -112.28650  28.153473      99.76 9.8721e+01    692.040      16610  1029.4810  1029.4786    34.2945    34.2916    8.11186         24 0.0000e+00
