ocean_section_plots/required_files/ctd/dnbp2202_ctd121.cnv
* Sea-Bird SBE 9 Data File:
* FileName = D:\Data\raw\NBP2202_CTD121.hex
* Software Version Seasave V 7.26.7.121
* Temperature SN = 1649
* Conductivity SN = 2513
* Number of Bytes Per Scan = 40
* Number of Voltage Words = 5
* Number of Scans Averaged by the Deck Unit = 1
* NMEA Latitude = 74 10.52 S
* NMEA Longitude = 113 20.65 W
* NMEA UTC (Time) = Jan 27 2022  11:04:23
* NMEA baud rate = 9600
** Ship: RVIB N.B. Palmer
** Cruise: NBP2202 Thwaites
** Station: YoYo001
** Operator: B. Bjork
# nquan = 25
# nvalues = 608                         
# units = specified
# name 0 = prDM: Pressure, Digiquartz [db]
# name 1 = depSM: Depth [salt water, m]
# name 2 = t090C: Temperature [ITS-90, deg C]
# name 3 = c0mS/cm: Conductivity [mS/cm]
# name 4 = t190C: Temperature, 2 [ITS-90, deg C]
# name 5 = c1mS/cm: Conductivity, 2 [mS/cm]
# name 6 = sbeox0ML/L: Oxygen, SBE 43 [ml/l]
# name 7 = sbeox1ML/L: Oxygen, SBE 43, 2 [ml/l]
# name 8 = flECO-AFL: Fluorescence, WET Labs ECO-AFL/FL [mg/m^3]
# name 9 = CStarTr0: Beam Transmission, WET Labs C-Star [%]
# name 10 = par: PAR/Irradiance, Biospherical/Licor
# name 11 = latitude: Latitude [deg]
# name 12 = longitude: Longitude [deg]
# name 13 = timeJ: Julian Days
# name 14 = altM: Altimeter [m]
# name 15 = spar: SPAR, Biospherical/Licor
# name 16 = timeS: Time, Elapsed [seconds]
# name 17 = scan: Scan Count
# name 18 = density00: Density [density, kg/m^3]
# name 19 = density11: Density, 2 [density, kg/m^3]
# name 20 = sal00: Salinity, Practical [PSU]
# name 21 = sal11: Salinity, Practical, 2 [PSU]
# name 22 = oxsolML/L: Oxygen Saturation, Garcia & Gordon [ml/l]
# name 23 = nbin: number of scans per bin
# name 24 = flag: flag
# span 0 =     10.000,    617.000       
# span 1 =      9.894,    609.704       
# span 2 =    -1.4226,     0.0888       
# span 3 =  27.006500,  28.923510       
# span 4 =    -1.4158,     0.0890       
# span 5 =  27.012240,  28.921986       
# span 6 =     4.6850,     8.4761       
# span 7 =     4.7332,     8.5027       
# span 8 =    -0.0225,    24.4168       
# span 9 =    69.0820,    95.6056       
# span 10 = -4.987e-06, 5.2413e+00      
# span 11 =  -74.17538,  -74.17536      
# span 12 = -113.34426, -113.34422      
# span 13 =  27.461868,  27.469729      
# span 14 =       6.98,     100.35      
# span 15 = 2.4060e+02, 2.6267e+02      
# span 16 =     42.354,    721.571      
# span 17 =       1018,      17319      
# span 18 =  1027.2266,  1030.5221      
# span 19 =  1027.2249,  1030.5199      
# span 20 =    33.7943,    34.3806      
# span 21 =    33.7922,    34.3780      
# span 22 =    8.02639,    8.38637      
# span 23 =         20,         46      
# span 24 = 0.0000e+00, 0.0000e+00      
# interval = decibars: 1                
# start_time = Jan 27 2022 11:04:23 [NMEA time, header]
# bad_flag = -9.990e-29
*END*
[from data line 232]
    242.000    239.354    -0.7765  27.804613    -0.7745  27.804272     5.0534     5.1135    -0.0141    95.4166 1.0000e-12  -74.17536 -113.34425  27.464930      99.86 2.5646e+02    306.952       7368  1028.5554  1028.5531    34.0813    34.0786    8.22832         23 0.0000e+00
    243.000    240.344    -0.7721  27.811380    -0.7697  27.811365     5.0455     5.1120    -0.0213    95.4144 1.0000e-12  -74.17536 -113.34425  27.464941      99.87 2.5601e+02    307.905       7391  1028.5629  1028.5606    34.0849    34.0821    8.22715         23 0.0000e+00
    244.000    241.332    -0.7668  27.817895    -0.7652  27.816862     5.0564     5.1107    -0.0135    95.4077 1.0000e-12  -74.17536 -113.34425  27.464952      99.87 2.5623e+02    308.861       7414  1028.5693  1028.5667    34.0871    34.0839    8.22586         23 0.0000e+00
    245.000    242.321    -0.7641  27.821013    -0.7632  27.819457     5.0613     5.1117    -0.0144    95.4065 1.0000e-12  -74.17536 -113.34425  27.464963      99.86 2.5601e+02    309.821       7437  1028.5746  1028.5720    34.0876    34.0846    8.22524         23 0.0000e+00
    246.000    243.310    -0.7603  27.825299    -0.7585  27.824693     5.0334     5.1011    -0.0177    95.4028 1.0000e-12  -74.17536 -113.34425  27.464974      99.86 2.5586e+02    310.762       7459  1028.5800  1028.5776    34.0886    34.0857    8.22436         22 0.0000e+00
    247.000    244.297    -0.7537  27.832222    -0.7518  27.831632     5.0174     5.0824    -0.0131    95.3987 1.0000e-12  -74.17536 -113.34425  27.464985      99.87 2.5585e+02    311.707       7482  1028.5855  1028.5830    34.0899    34.0869    8.22285         23 0.0000e+00
    248.000    245.286    -0.7485  27.837868    -0.7448  27.838691     4.9853     5.0632    -0.0053    95.4016 1.0000e-12  -74.17536 -113.34425  27.464996      73.17 2.5578e+02    312.654       7505  1028.5910  1028.5883    34.0910    34.0880    8.22165         22 0.0000e+00
    249.000    246.276    -0.7241  27.861797    -0.7201  27.862659     4.9766     5.0415    -0.0131    95.3840 1.0000e-12  -74.17536 -113.34425  27.465007      94.14 2.5562e+02    313.590       7527  1028.5975  1028.5946    34.0953    34.0919    8.21609         23 0.0000e+00
    250.000    247.262    -0.7069  27.877667    -0.7070  27.875104     4.9681     5.0316    -0.0137    95.3931 1.0000e-12  -74.17536 -113.34425  27.465018      99.84 2.5562e+02    314.538       7550  1028.6024  1028.5998    34.0966    34.0933    8.21226         23 0.0000e+00
    251.000    248.251    -0.6979  27.886915    -0.6963  27.885852     4.9510     5.0183    -0.0204    95.4009 1.0000e-12  -74.17536 -113.34426  27.465029      99.86 2.5562e+02    315.495       7573  1028.6081  1028.6055    34.0984    34.0951    8.21021         23 0.0000e+00
    252.000    249.240    -0.6889  27.896029    -0.6854  27.896969     4.9413     5.0050    -0.0148    95.3866 1.0000e-12  -74.17536 -113.34424  27.465040      99.87 2.5562e+02    316.445       7596  1028.6137  1028.6113    34.1000    34.0972    8.20816         23 0.0000e+00
    253.000    250.228    -0.6762  27.909717    -0.6732  27.909701     4.9386     5.0029    -0.0125    95.3831 1.0000e-12  -74.17536 -113.34426  27.465051      99.87 2.5562e+02    317.397       7619  1028.6207  1028.6177    34.1035    34.1001    8.20520         23 0.0000e+00
    254.000    251.217    -0.6596  27.927489    -0.6551  27.929128     4.9351     5.0000    -0.0130    95.3723 1.0000e-12  -74.17536 -113.34424  27.465062      99.87 2.5562e+02    318.353       7641  1028.6282  1028.6256    34.1082    34.1053    8.20133         22 0.0000e+00
    255.000    252.203    -0.6527  27.935161    -0.6511  27.934139     4.9276     4.9943    -0.0134    95.3527 1.0000e-12  -74.17536 -113.34426  27.465073      99.86 2.5562e+02    319.294       7664  1028.6343  1028.6317    34.1102    34.1070    8.19972         23 0.0000e+00
    256.000    253.195    -0.6477  27.941407    -0.6468  27.939444     4.9269     4.9895    -0.0150    95.3454 1.0000e-12  -74.17536 -113.34424  27.465084      99.87 2.5562e+02    320.232       7687  1028.6408  1028.6378    34.1123    34.1086    8.19851         22 0.0000e+00
    257.000    254.181    -0.6389  27.951396    -0.6380  27.949306     4.9288     4.9826    -0.0192    95.3472 1.0000e-12  -74.17536 -113.34426  27.465095      99.87 2.5562e+02    321.179       7709  1028.6475  1028.6443    34.1153    34.1114    8.19643         23 0.0000e+00
    258.000    255.171    -0.6258  27.965385    -0.6235  27.964948     4.9118     4.9786    -0.0020    95.3293 1.0000e-12  -74.17536 -113.34424  27.465106      99.86 2.5562e+02    322.122       7732  1028.6543  1028.6516    34.1187    34.1156    8.19339         23 0.0000e+00
    259.000    256.159    -0.6213  27.970515    -0.6196  27.969595     4.9173     4.9762    -0.0104    95.3304 1.0000e-12  -74.17536 -113.34426  27.465117      99.87 2.5562e+02    323.067       7755  1028.6600  1028.6573    34.1200    34.1168    8.19235         23 0.0000e+00
    260.000    257.147    -0.6142  27.978756    -0.6117  27.978593     4.9205     4.9767    -0.0172    95.3337 1.0000e-12  -74.17536 -113.34424  27.465128      99.86 2.5562e+02    324.026       7778  1028.6664  1028.6639    34.1224    34.1194    8.19066         23 0.0000e+00
    261.000    258.137    -0.6102  27.983350    -0.6082  27.982739     4.9146     4.9744    -0.0197    95.3185 1.0000e-12  -74.17536 -113.34425  27.465139      99.86 2.5562e+02    324.979       7801  1028.6720  1028.6695    34.1235    34.1205    8.18973         22 0.0000e+00
    262.000    259.124    -0.6103  27.983585    -0.6084  27.983083     4.9172     4.9716    -0.0130    95.3215 1.0000e-12  -74.17536 -113.34425  27.465150      81.01 2.5562e+02    325.930       7823  1028.6769  1028.6745    34.1234    34.1205    8.18977         23 0.0000e+00
    263.000    260.111    -0.6096  27.984754    -0.6076  27.984340     4.9105     4.9729    -0.0051    95.3101 1.0000e-12  -74.17536 -113.34424  27.465161      93.04 2.5562e+02    326.887       7846  1028.6819  1028.6795    34.1235    34.1207    8.18961         23 0.0000e+00
    264.000    261.102    -0.6087  27.986144    -0.6072  27.985153     4.9163     4.9690    -0.0115    95.3024 1.0000e-12  -74.17536 -113.34424  27.465172      98.64 2.5562e+02    327.837       7869  1028.6870  1028.6845    34.1237    34.1208    8.18939         23 0.0000e+00
    265.000    262.088    -0.6075  27.987849    -0.6055  27.987376     4.9158     4.9684    -0.0110    95.3056 1.0000e-12  -74.17536 -113.34424  27.465183      99.88 2.5562e+02    328.781       7892  1028.6921  1028.6897    34.1241    34.1213    8.18912         22 0.0000e+00
    266.000    263.078    -0.6073  27.988381    -0.6054  27.987925     4.9138     4.9645    -0.0180    95.2955 1.0000e-12  -74.17536 -113.34424  27.465194      99.87 2.5562e+02    329.722       7914  1028.6969  1028.6945    34.1240    34.1212    8.18909         23 0.0000e+00
    267.000    264.066    -0.6063  27.989979    -0.6044  27.989327     4.9122     4.9605    -0.0134    95.2822 1.0000e-12  -74.17536 -113.34424  27.465205      99.87 2.5562e+02    330.671       7937  1028.7020  1028.6995    34.1245    34.1214    8.18885         23 0.0000e+00
    268.000    265.055    -0.6055  27.991261    -0.6034  27.990904     4.9138     4.9751    -0.0113    95.2893 1.0000e-12  -74.17536 -113.34424  27.465215      99.86 2.5562e+02    331.606       7960  1028.7070  1028.7046    34.1246    34.1218    8.18865         22 0.0000e+00
    269.000    266.042    -0.6082  27.988645    -0.6059  27.988741     4.9126     4.9692    -0.0151    95.2957 1.0000e-12  -74.17536 -113.34424  27.465226      99.86 2.5562e+02    332.549       7982  1028.7112  1028.7090    34.1236    34.1210    8.18931         23 0.0000e+00
    270.000    267.031    -0.6060  27.991478    -0.6040  27.990997     4.9022     4.9586    -0.0134    95.2901 1.0000e-12  -74.17536 -113.34424  27.465237      99.86 2.5562e+02    333.503       8005  1028.7165  1028.7140    34.1243    34.1214    8.18879         23 0.0000e+00
    271.000    268.018    -0.5953  28.004503    -0.5925  28.004196     4.8896     4.9474    -0.0034    95.2787 1.0000e-12  -74.17536 -113.34424  27.465248      99.87 2.5562e+02    334.438       8028  1028.7243  1028.7213    34.1291    34.1256    8.18619         22 0.0000e+00
    272.000    269.009    -0.5710  28.030771    -0.5687  28.030134     4.8876     4.9435    -0.0113    95.2868 1.0000e-12  -74.17536 -113.34424  27.465259      99.87 2.5562e+02    335.385       8050  1028.7332  1028.7304    34.1365    34.1331    8.18050         23 0.0000e+00
    273.000    269.998    -0.5668  28.035350    -0.5648  28.034881     4.8877     4.9413    -0.0185    95.2800 1.0000e-12  -74.17536 -113.34424  27.465270      99.87 2.5562e+02    336.330       8073  1028.7385  1028.7361    34.1373    34.1344    8.17955         23 0.0000e+00
    274.000    270.982    -0.5658  28.036811    -0.5638  28.036317     4.8831     4.9408    -0.0192    95.2745 1.0000e-12  -74.17536 -113.34424  27.465281      99.86 2.5562e+02    337.274       8096  1028.7436  1028.7411    34.1376    34.1346    8.17933         23 0.0000e+00
    275.000    271.974    -0.5631  28.040100    -0.5610  28.039728     4.8842     4.9384    -0.0144    95.2694 1.0000e-12  -74.17536 -113.34424  27.465292      85.38 2.5562e+02    338.223       8118  1028.7489  1028.7465    34.1384    34.1355    8.17870         22 0.0000e+00
    276.000    272.962    -0.5596  28.044132    -0.5577  28.043561     4.8883     4.9456    -0.0150    95.2506 1.0000e-12  -74.17536 -113.34424  27.465303      78.36 2.5562e+02    339.181       8141  1028.7542  1028.7518    34.1392    34.1363    8.17789         23 0.0000e+00
    277.000    273.949    -0.5579  28.046991    -0.5557  28.046861     4.8972     4.9530    -0.0166    95.2453 1.0000e-12  -74.17536 -113.34424  27.465314      87.88 2.5562e+02    340.133       8164  1028.7601  1028.7578    34.1406    34.1379    8.17745         23 0.0000e+00
    278.000    274.938    -0.5630  28.043463    -0.5610  28.043081     4.9082     4.9560    -0.0128    95.2498 1.0000e-12  -74.17536 -113.34424  27.465325      99.86 2.5562e+02    341.083       8187  1028.7656  1028.7633    34.1409    34.1381    8.17853         23 0.0000e+00
    279.000    275.927    -0.5660  28.040764    -0.5655  28.039283     4.9102     4.9597    -0.0179    95.2409 1.0000e-12  -74.17536 -113.34424  27.465336      99.87 2.5562e+02    342.035       8210  1028.7700  1028.7680    34.1400    34.1375    8.17922         23 0.0000e+00
    280.000    276.914    -0.5688  28.038952    -0.5667  28.038613     4.9175     4.9681    -0.0107    95.2319 1.0000e-12  -74.17536 -113.34424  27.465347      99.86 2.5562e+02    342.973       8232  1028.7752  1028.7727    34.1402    34.1373    8.17982         22 0.0000e+00
    281.000    277.903    -0.5710  28.037300    -0.5685  28.037351     4.9303     4.9783    -0.0106    95.2441 1.0000e-12  -74.17536 -113.34424  27.465358      99.87 2.5562e+02    343.907       8255  1028.7798  1028.7775    34.1398    34.1371    8.18031         23 0.0000e+00
    282.000    278.891    -0.5795  28.030369    -0.5756  28.031793     4.9513     4.9996    -0.0110    95.2366 1.0000e-12  -74.17536 -113.34424  27.465369      99.87 2.5562e+02    344.849       8277  1028.7851  1028.7828    34.1395    34.1370    8.18218         22 0.0000e+00
    283.000    279.880    -0.5880  28.023709    -0.5871  28.022766     4.9576     5.0130    -0.0121    95.2375 1.0000e-12  -74.17536 -113.34424  27.465380      99.87 2.5525e+02    345.794       8300  1028.7905  1028.7886    34.1395    34.1372    8.18402         23 0.0000e+00
    284.000    280.869    -0.5963  28.017696    -0.5939  28.017714     4.9382     4.9922    -0.0147    95.2441 1.0000e-12  -74.17536 -113.34424  27.465391      99.86 2.5463e+02    346.739       8323  1028.7964  1028.7940    34.1401    34.1374    8.18577         23 0.0000e+00
    285.000    281.853    -0.5953  28.019730    -0.5929  28.019389     4.9107     4.9693    -0.0194    95.2376 1.0000e-12  -74.17536 -113.34424  27.465402      99.87 2.5477e+02    347.695       8346  1028.8018  1028.7991    34.1411    34.1379    8.18550         23 0.0000e+00
    286.000    282.847    -0.5636  28.049476    -0.5645  28.045523     4.9176     4.9759    -0.0170    95.2574 1.0000e-12  -74.17536 -113.34424  27.465412      99.87 2.5458e+02    348.637       8368  1028.8071  1028.8037    34.1449    34.1405    8.17844         22 0.0000e+00
    287.000    283.832    -0.5511  28.060454    -0.5525  28.057293     4.9487     5.0028    -0.0118    95.2565 1.0000e-12  -74.17536 -113.34424  27.465423      99.87 2.5439e+02    349.589       8391  1028.8109  1028.8089    34.1449    34.1422    8.17573         23 0.0000e+00
    288.000    284.822    -0.5688  28.046151    -0.5680  28.044968     4.9848     5.0281    -0.0118    95.2554 1.0000e-12  -74.17536 -113.34424  27.465434      99.86 2.5447e+02    350.538       8414  1028.8173  1028.8153    34.1450    34.1426    8.17955         23 0.0000e+00
    289.000    285.810    -0.5935  28.026859    -0.5934  28.025466     5.0039     5.0465    -0.0036    95.2676 1.0000e-12  -74.17536 -113.34424  27.465446      97.50 2.5447e+02    351.496       8437  1028.8250  1028.8235    34.1463    34.1443    8.18481         23 0.0000e+00
    290.000    286.796    -0.5823  28.045416    -0.5812  28.043278     4.9989     5.0484    -0.0090    95.2465 1.0000e-12  -74.17536 -113.34424  27.465457      74.24 2.5424e+02    352.456       8460  1028.8382  1028.8349    34.1579    34.1538    8.18171         23 0.0000e+00
    291.000    287.787    -0.5768  28.050692    -0.5778  28.047196     5.0038     5.0493    -0.0160    95.2554 1.0000e-12  -74.17536 -113.34424  27.465468      89.39 2.5462e+02    353.415       8483  1028.8428  1028.8401    34.1583    34.1547    8.18051         23 0.0000e+00
    292.000    288.771    -0.5839  28.042409    -0.5821  28.042233     5.0024     5.0528    -0.0118    95.2666 1.0000e-12  -74.17536 -113.34424  27.465479      99.92 2.5402e+02    354.380       8506  1028.8452  1028.8432    34.1545    34.1523    8.18225         23 0.0000e+00
    293.000    289.765    -0.5810  28.046806    -0.5801  28.044883     4.9850     5.0426    -0.0055    95.2755 1.0000e-12  -74.17536 -113.34424  27.465490      99.86 2.5385e+02    355.328       8529  1028.8513  1028.8484    34.1565    34.1530    8.18151         23 0.0000e+00
    294.000    290.751    -0.5753  28.054262    -0.5731  28.053881     4.9708     5.0294    -0.0131    95.3045 1.0000e-12  -74.17536 -113.34424  27.465501      99.86 2.5385e+02    356.288       8552  1028.8580  1028.8555    34.1596    34.1566    8.18011         23 0.0000e+00
    295.000    291.738    -0.5530  28.077870    -0.5520  28.075484     4.9638     5.0247    -0.0201    95.3180 1.0000e-12  -74.17536 -113.34424  27.465512      99.86 2.5385e+02    357.247       8575  1028.8659  1028.8624    34.1656    34.1613    8.17495         23 0.0000e+00
    296.000    292.727    -0.5374  28.093612    -0.5355  28.093042     4.9654     5.0249    -0.0122    95.3181 1.0000e-12  -74.17536 -113.34424  27.465523      99.87 2.5385e+02    358.198       8598  1028.8719  1028.8695    34.1686    34.1657    8.17141         23 0.0000e+00
    297.000    293.715    -0.5367  28.094866    -0.5346  28.094588     4.9679     5.0283    -0.0125    95.3159 1.0000e-12  -74.17536 -113.34424  27.465534      99.86 2.5385e+02    359.158       8621  1028.8770  1028.8747    34.1689    34.1662    8.17125         23 0.0000e+00
    298.000    294.703    -0.5378  28.094394    -0.5358  28.094109     4.9674     5.0297    -0.0059    95.3147 1.0000e-12  -74.17536 -113.34424  27.465545      99.86 2.5385e+02    360.116       8644  1028.8819  1028.8796    34.1689    34.1662    8.17148         23 0.0000e+00
