ocean_section_plots/required_files/ctd/dnbp2202_ctd232.cnv
* Sea-Bird SBE 9 Data File:
* FileName = D:\Data\raw\NBP2202_CTD232.hex
* Software Version Seasave V 7.26.7.121
* Temperature SN = 1649
* Conductivity SN = 2513
* Number of Bytes Per Scan = 40
* Number of Voltage Words = 5
* Number of Scans Averaged by the Deck Unit = 1
* NMEA Latitude = 73 45.74 S
* NMEA Longitude = 113 49.36 W
* NMEA UTC (Time) = Feb 13 2022  09:14:08
* NMEA baud rate = 9600
** Ship: RVIB N.B. Palmer
** Cruise: NBP2202 Thwaites
** Station: 144
** Operator: B. Bjork
# nquan = 28
# nvalues = 510                         
# units = specified
# name 0 = prDM: Pressure, Digiquartz [db]
# name 1 = depSM: Depth [salt water, m]
# name 2 = t090C: Temperature [ITS-90, deg C]
# name 3 = c0mS/cm: Conductivity [mS/cm]
# name 4 = t190C: Temperature, 2 [ITS-90, deg C]
# name 5 = c1mS/cm: Conductivity, 2 [mS/cm]
# name 6 = sbeox0ML/L: Oxygen, SBE 43 [ml/l]
# name 7 = sbeox1ML/L: Oxygen, SBE 43, 2 [ml/l]
# name 8 = flECO-AFL: Fluorescence, WET Labs ECO-AFL/FL [mg/m^3]
# name 9 = CStarTr0: Beam Transmission, WET Labs C-Star [%]
# name 10 = par: PAR/Irradiance, Biospherical/Licor
# name 11 = latitude: Latitude [deg]
# name 12 = longitude: Longitude [deg]
# name 13 = timeJ: Julian Days
# name 14 = altM: Altimeter [m]
# name 15 = spar: SPAR, Biospherical/Licor
# name 16 = timeS: Time, Elapsed [seconds]
# name 17 = scan: Scan Count
# name 18 = density00: Density [density, kg/m^3]
# name 19 = density11: Density, 2 [density, kg/m^3]
# name 20 = v3: Voltage 3
# name 21 = v4: Voltage 4
# name 22 = v5: Voltage 5
# name 23 = sal00: Salinity, Practical [PSU]
# name 24 = sal11: Salinity, Practical, 2 [PSU]
# name 25 = oxsolML/L: Oxygen Saturation, Garcia & Gordon [ml/l]
# name 26 = nbin: number of scans per bin
# name 27 = flag: flag
# span 0 =      2.000,    511.000       
# span 1 =      1.974,    505.089       
# span 2 =    -1.4740,    -0.0715       
# span 3 =  27.100074,  28.706924       
# span 4 =    -1.4736,    -0.0696       
# span 5 =  27.100079,  28.706696       
# span 6 =     4.8044,     8.9771       
# span 7 =     4.9532,     9.3168       
# span 8 =     0.0033,    24.6881       
# span 9 =    77.3010,    97.3241       
# span 10 = 1.0000e-12, 4.5197e+00      
# span 11 =  -73.76236,  -73.76236      
# span 12 = -113.82280, -113.82274      
# span 13 =  44.387422,  44.395284      
# span 14 =       1.32,     100.07      
# span 15 = 3.1719e+01, 4.0295e+01      
# span 16 =    225.323,    904.505      
# span 17 =       5409,      21709      
# span 18 =  1027.1625,  1029.9975      
# span 19 =  1027.1624,  1029.9954      
# span 20 =     3.6668,     4.6169      
# span 21 =     0.0675,     3.7148      
# span 22 =     0.1179,     0.2764      
# span 23 =    33.7867,    34.3349      
# span 24 =    33.7865,    34.3324      
# span 25 =    8.06260,    8.38891      
# span 26 =         10,         48      
# span 27 = 0.0000e+00, 0.0000e+00      
# interval = decibars: 1                
# start_time = Feb 13 2022 09:14:08 [NMEA time, header]
# bad_flag = -9.990e-29
*END*
      2.000      1.974    -0.5656  27.652686    -0.5649  27.653189     8.9675     8.8141    16.2118    78.1409 4.5197e+00  -73.76236 -113.82276  44.387422      96.43 3.1732e+01    225.323       5409  1027.1625  1027.1624     3.7071     2.9802     0.2015    33.7867    33.7867    8.19952         10 0.0000e+00
      3.000      2.968    -0.5684  27.651240    -0.5681  27.650997     8.9675     8.7729    21.5730    78.2563 3.4003e+00  -73.76236 -113.82277  44.387526      99.83 3.1732e+01    234.204       5622  1027.1680  1027.1674     3.7129     3.1611     0.2344    33.7873    33.7867    8.20011         44 0.0000e+00
      4.000      3.960    -0.5693  27.651016    -0.5685  27.651111     8.9633     8.7862    22.6957    78.2016 2.3208e+00  -73.76236 -113.82278  44.387579      88.77 3.1732e+01    238.809       5732  1027.1728  1027.1723     3.7104     3.6830     0.2448    33.7873    33.7867    8.20029         40 0.0000e+00
      5.000      4.948    -0.5691  27.651478    -0.5685  27.651573     8.9705     8.8368    22.8438    78.8188 1.5684e+00  -73.76236 -113.82278  44.387612      94.30 3.1732e+01    241.719       5802  1027.1775  1027.1770     3.7400     3.7148     0.2428    33.7872    33.7866    8.20027         37 0.0000e+00
      6.000      5.939    -0.5696  27.651679    -0.5694  27.651399     8.9656     8.9162    23.1064    78.1521 1.0957e+00  -73.76236 -113.82278  44.387642      99.92 3.1732e+01    244.280       5864  1027.1824  1027.1819     3.7079     3.1131     0.2195    33.7874    33.7868    8.20036         40 0.0000e+00
      7.000      6.926    -0.5678  27.653626    -0.5689  27.652315     8.9707     8.9824    21.8126    78.5666 7.5562e-01  -73.76236 -113.82278  44.387671      99.98 3.1732e+01    246.809       5924  1027.1871  1027.1868     3.7269     3.4370     0.2283    33.7874    33.7869    8.19997         39 0.0000e+00
      8.000      7.918    -0.5608  27.659651    -0.5629  27.657759     8.9718     9.0572    20.7404    78.7183 5.2524e-01  -73.76236 -113.82278  44.387700      99.97 3.1732e+01    249.263       5983  1027.1912  1027.1912     3.7348     3.3578     0.2151    33.7871    33.7869    8.19847         39 0.0000e+00
      9.000      8.906    -0.5684  27.654091    -0.5671  27.654632     8.9675     9.1383    21.8999    77.8817 3.7274e-01  -73.76236 -113.82278  44.387730      99.91 3.1732e+01    251.902       6047  1027.1968  1027.1961     3.6951     3.2039     0.2510    33.7874    33.7868    8.20009         35 0.0000e+00
     10.000      9.893    -0.5694  27.653845    -0.5683  27.654154     8.9717     9.2011    22.3540    78.3595 2.6014e-01  -73.76236 -113.82278  44.387760      98.07 3.1732e+01    254.468       6108  1027.2018  1027.2011     3.7184     3.2776     0.2322    33.7876    33.7868    8.20030         36 0.0000e+00
     11.000     10.885    -0.5666  27.656359    -0.5660  27.656510     8.9735     9.2616    24.0855    78.4888 1.7211e-01  -73.76236 -113.82278  44.387789      99.90 3.1732e+01    257.003       6169  1027.2061  1027.2056     3.7238     3.0975     0.2233    33.7873    33.7868    8.19972         38 0.0000e+00
     12.000     11.877    -0.5678  27.655849    -0.5669  27.656144     8.9771     9.2951    20.3312    78.6973 1.1778e-01  -73.76236 -113.82278  44.387819      99.97 3.1732e+01    259.518       6229  1027.2110  1027.2104     3.7339     3.5657     0.2381    33.7874    33.7867    8.19998         48 0.0000e+00
     13.000     12.866    -0.5680  27.656191    -0.5670  27.656435     8.9734     9.3103    19.6979    78.3899 7.5278e-02  -73.76236 -113.82278  44.387845      99.98 3.1732e+01    261.775       6284  1027.2159  1027.2152     3.7188     3.4366     0.2569    33.7874    33.7866    8.20001         41 0.0000e+00
     14.000     13.854    -0.5682  27.656466    -0.5673  27.656667     8.9767     9.3106    24.6881    78.2506 4.5598e-02  -73.76236 -113.82278  44.387872      99.98 3.1732e+01    264.163       6341  1027.2206  1027.2200     3.7122     3.2149     0.2136    33.7873    33.7866    8.20005         45 0.0000e+00
     15.000     14.846    -0.5712  27.654419    -0.5695  27.655168     8.9684     9.3138    20.9801    78.6646 2.1504e-02  -73.76236 -113.82278  44.387902      97.29 3.1732e+01    266.716       6402  1027.2256  1027.2248     3.7321     3.0718     0.2369    33.7873    33.7865    8.20071         36 0.0000e+00
     16.000     15.832    -0.5727  27.653490    -0.5722  27.653556     8.9704     9.3077    22.4706    78.1601 3.8160e-03  -73.76236 -113.82278  44.387932      99.93 3.1732e+01    269.341       6465  1027.2304  1027.2299     3.7082     3.0476     0.2265    33.7872    33.7867    8.20105         39 0.0000e+00
     17.000     16.824    -0.5748  27.652411    -0.5744  27.652170     8.9578     9.2939    19.6438    78.3761 8.1763e-05  -73.76236 -113.82278  44.387957      99.93 3.1732e+01    271.507       6517  1027.2354  1027.2349     3.7184     2.8329     0.2354    33.7874    33.7867    8.20148         42 0.0000e+00
     18.000     17.813    -0.5765  27.651469    -0.5778  27.650033     8.9526     9.2987    17.8169    79.1215 1.0000e-12  -73.76236 -113.82278  44.387978      99.77 3.1732e+01    273.335       6561  1027.2403  1027.2401     3.7539     2.6575     0.2145    33.7874    33.7870    8.20185         37 0.0000e+00
     19.000     18.803    -0.5776  27.651377    -0.5787  27.649722     8.9531     9.3060    18.5795    78.5547 1.0000e-12  -73.76236 -113.82278  44.387999      99.98 3.1732e+01    275.097       6603  1027.2455  1027.2449     3.7267     3.4886     0.2263    33.7879    33.7870    8.20205         42 0.0000e+00
     20.000     19.793    -0.5715  27.656675    -0.5712  27.656319     8.9478     9.3106    19.4794    78.1114 1.0000e-12  -73.76236 -113.82278  44.388019      99.90 3.1732e+01    276.822       6645  1027.2497  1027.2490     3.7060     3.1412     0.2239    33.7876    33.7868    8.20075         39 0.0000e+00
     21.000     20.781    -0.5801  27.649951    -0.5777  27.651548     8.9495     9.3097    21.1625    78.0247 1.0000e-12  -73.76236 -113.82276  44.388038      99.99 3.1732e+01    278.512       6685  1027.2550  1027.2544     3.7020     3.3520     0.2356    33.7875    33.7870    8.20262         33 0.0000e+00
     22.000     21.770    -0.5827  27.648356    -0.5813  27.648994     8.9482     9.3110    21.2415    79.1841 1.0000e-12  -73.76236 -113.82276  44.388059      99.30 3.1732e+01    280.333       6729  1027.2601  1027.2594     3.7565     3.3158     0.2644    33.7878    33.7870    8.20318         44 0.0000e+00
     23.000     22.762    -0.5824  27.649089    -0.5817  27.649137     8.9544     9.3168    20.6079    78.6277 1.0000e-12  -73.76236 -113.82276  44.388080      98.82 3.1732e+01    282.132       6772  1027.2648  1027.2642     3.7305     3.1701     0.2267    33.7877    33.7870    8.20311         36 0.0000e+00
     24.000     23.751    -0.5823  27.649750    -0.5814  27.649836     8.9370     9.2997    21.9410    78.5686 1.0000e-12  -73.76236 -113.82276  44.388101      99.92 3.1732e+01    283.957       6816  1027.2697  1027.2690     3.7276     3.3937     0.2522    33.7879    33.7871    8.20308         36 0.0000e+00
     25.000     24.740    -0.5924  27.641661    -0.5882  27.645015     8.9138     9.2790    21.9193    78.5302 1.0000e-12  -73.76236 -113.82275  44.388122      99.96 3.1732e+01    285.779       6860  1027.2750  1027.2746     3.7260     3.6672     0.2296    33.7878    33.7876    8.20529         37 0.0000e+00
     26.000     25.731    -0.6018  27.634896    -0.6029  27.633672     8.8986     9.2607    23.3533    78.5750 1.0000e-12  -73.76236 -113.82274  44.388144      99.88 3.1732e+01    287.673       6905  1027.2809  1027.2807     3.7279     2.8430     0.2115    33.7885    33.7880    8.20728         40 0.0000e+00
     27.000     26.720    -0.6098  27.629024    -0.6096  27.628757     8.9072     9.2735    22.1953    78.4410 1.0000e-12  -73.76236 -113.82274  44.388166      99.99 3.1732e+01    289.520       6949  1027.2865  1027.2860     3.7215     3.1969     0.2139    33.7888    33.7882    8.20899         38 0.0000e+00
     28.000     27.709    -0.6004  27.637110    -0.6008  27.636193     8.9151     9.2795    19.5447    78.9479 1.0000e-12  -73.76236 -113.82274  44.388188      99.91 3.1880e+01    291.426       6995  1027.2904  1027.2897     3.7456     3.1695     0.2063    33.7887    33.7879    8.20697         39 0.0000e+00
     29.000     28.699    -0.5998  27.638296    -0.5972  27.639667     8.9206     9.2932    18.8183    77.3010 1.0000e-12  -73.76236 -113.82274  44.388209      95.07 3.2176e+01    293.265       7039  1027.2952  1027.2942     3.6668     3.0489     0.2297    33.7890    33.7879    8.20682         36 0.0000e+00
     30.000     29.688    -0.5926  27.644379    -0.5938  27.642954     8.9171     9.2853    21.4036    78.7521 1.0000e-12  -73.76236 -113.82274  44.388230      99.93 3.2173e+01    295.067       7083  1027.2992  1027.2988     3.7360     2.9857     0.2003    33.7886    33.7879    8.20529         40 0.0000e+00
     31.000     30.678    -0.5962  27.641790    -0.5942  27.643078     8.8936     9.2569    20.1580    78.5763 1.0000e-12  -73.76236 -113.82274  44.388252      99.96 3.1719e+01    296.950       7128  1027.3042  1027.3036     3.7276     2.9529     0.2369    33.7885    33.7879    8.20607         41 0.0000e+00
     32.000     31.668    -0.6063  27.634337    -0.6045  27.635314     8.8849     9.2538    20.3989    78.1016 1.0000e-12  -73.76236 -113.82274  44.388272      99.92 3.1732e+01    298.677       7169  1027.3101  1027.3094     3.7055     2.9282     0.2491    33.7890    33.7883    8.20822         40 0.0000e+00
     33.000     32.657    -0.6110  27.630798    -0.6128  27.629171     8.8928     9.2476    20.9221    77.5897 1.0000e-12  -73.76236 -113.82274  44.388291      99.99 3.1732e+01    300.301       7208  1027.3151  1027.3151     3.6813     3.1413     0.2193    33.7890    33.7888    8.20926         37 0.0000e+00
     34.000     33.645    -0.6125  27.630199    -0.6144  27.628222     8.8900     9.2538    22.4954    79.0115 1.0000e-12  -73.76236 -113.82274  44.388311      99.90 3.1732e+01    302.039       7250  1027.3201  1027.3198     3.7485     2.8492     0.2216    33.7892    33.7886    8.20956         39 0.0000e+00
     35.000     34.636    -0.6127  27.630398    -0.6141  27.628710     8.8931     9.2636    21.2099    78.5712 1.0000e-12  -73.76236 -113.82274  44.388330      99.93 3.2041e+01    303.694       7290  1027.3247  1027.3242     3.7278     3.1428     0.2405    33.7890    33.7883    8.20960         38 0.0000e+00
     36.000     35.625    -0.6095  27.633433    -0.6071  27.634909     8.8923     9.2567    21.1646    78.9484 1.0000e-12  -73.76236 -113.82274  44.388350      99.98 3.2266e+01    305.408       7331  1027.3291  1027.3284     3.7456     3.3570     0.2267    33.7889    33.7882    8.20892         40 0.0000e+00
     37.000     36.614    -0.6125  27.631174    -0.6121  27.631305     8.8799     9.2459    21.1694    78.1337 1.0000e-12  -73.76236 -113.82274  44.388369      94.80 3.2151e+01    307.117       7372  1027.3340  1027.3336     3.7069     2.7369     0.1986    33.7887    33.7884    8.20960         38 0.0000e+00
     38.000     37.604    -0.6187  27.626961    -0.6182  27.626844     8.8724     9.2308    20.8937    78.9056 1.0000e-12  -73.76236 -113.82276  44.388388      99.90 3.2867e+01    308.746       7411  1027.3396  1027.3389     3.7435     2.8521     0.2108    33.7893    33.7885    8.21090         37 0.0000e+00
     39.000     38.594    -0.6193  27.626931    -0.6183  27.627026     8.8585     9.2152    23.0150    79.3481 1.0000e-12  -73.76236 -113.82276  44.388408      99.91 3.2677e+01    310.494       7453  1027.3444  1027.3435     3.7646     2.7965     0.2414    33.7893    33.7884    8.21103         39 0.0000e+00
     40.000     39.583    -0.6272  27.620639    -0.6281  27.619656     8.8455     9.2269    20.9382    78.3632 1.0000e-12  -73.76236 -113.82276  44.388430      99.99 3.2867e+01    312.370       7498  1027.3495  1027.3493     3.7179     3.3308     0.2506    33.7891    33.7888    8.21277         42 0.0000e+00
     41.000     40.573    -0.6313  27.618524    -0.6266  27.621224     8.8553     9.2225    20.8399    78.8983 1.0000e-12  -73.76236 -113.82276  44.388451      99.89 3.3057e+01    314.194       7542  1027.3553  1027.3537     3.7432     2.7403     0.2066    33.7902    33.7886    8.21359         40 0.0000e+00
     42.000     41.562    -0.6320  27.617557    -0.6280  27.621070     8.8150     9.1796    20.4186    78.8750 1.0000e-12  -73.76236 -113.82278  44.388472      99.97 3.2813e+01    316.010       7585  1027.3592  1027.3591     3.7420     3.1525     0.2231    33.7890    33.7893    8.21380         38 0.0000e+00
     43.000     42.552    -0.6510  27.602719    -0.6487  27.604540     8.7794     9.1377    22.2342    78.4240 1.0000e-12  -73.76236 -113.82278  44.388493      99.96 3.2954e+01    317.784       7628  1027.3657  1027.3655     3.7207     3.2786     0.2133    33.7897    33.7896    8.21790         39 0.0000e+00
     44.000     43.541    -0.6684  27.589561    -0.6665  27.590744     8.7511     9.1027    21.3390    78.0432 1.0000e-12  -73.76236 -113.82278  44.388513      99.87 3.2625e+01    319.490       7669  1027.3723  1027.3718     3.7026     3.1291     0.2764    33.7907    33.7902    8.22162         37 0.0000e+00
     45.000     44.531    -0.6766  27.582994    -0.6760  27.583455     8.7341     9.1031    22.0629    78.5943 1.0000e-12  -73.76236 -113.82278  44.388533      99.71 3.3200e+01    321.252       7711  1027.3772  1027.3772     3.7287     3.3655     0.2333    33.7904    33.7904    8.22343         40 0.0000e+00
     46.000     45.520    -0.6850  27.577194    -0.6833  27.578044     8.7299     9.0828    18.0152    78.4341 1.0000e-12  -73.76236 -113.82278  44.388554      99.91 3.3495e+01    323.032       7754  1027.3832  1027.3824     3.7211     2.8452     0.2263    33.7914    33.7906    8.22521         42 0.0000e+00
     47.000     46.510    -0.6822  27.580151    -0.6815  27.580089     8.6595     9.0157    17.4363    78.5032 1.0000e-12  -73.76236 -113.82278  44.388574      99.96 3.3495e+01    324.790       7796  1027.3876  1027.3870     3.7245     3.0406     0.2190    33.7916    33.7907    8.22457         39 0.0000e+00
     48.000     47.499    -0.7219  27.548503    -0.7231  27.548582     8.6030     8.9572    21.7561    79.2894 1.0000e-12  -73.76236 -113.82278  44.388594      99.97 3.3495e+01    326.498       7837  1027.3959  1027.3971     3.7616     3.0711     0.2295    33.7927    33.7941    8.23317         37 0.0000e+00
     49.000     48.488    -0.7371  27.537512    -0.7360  27.537875     8.5667     8.9181    22.6016    78.0581 1.0000e-12  -73.76236 -113.82278  44.388615      99.97 3.3495e+01    328.311       7880  1027.4026  1027.4019     3.7034     3.1556     0.2020    33.7943    33.7935    8.23641         42 0.0000e+00
     50.000     49.477    -0.7516  27.526950    -0.7506  27.527237     8.5439     8.8998    19.1759    79.3950 1.0000e-12  -73.76236 -113.82278  44.388636      99.97 3.2831e+01    330.148       7925  1027.4090  1027.4084     3.7667     3.4931     0.2738    33.7956    33.7949    8.23949         43 0.0000e+00
     51.000     50.468    -0.7599  27.520893    -0.7581  27.521974     8.5213     8.8715    18.3574    78.9245 1.0000e-12  -73.76236 -113.82278  44.388656      99.92 3.2808e+01    331.874       7966  1027.4144  1027.4139     3.7444     3.1515     0.2239    33.7960    33.7956    8.24127         41 0.0000e+00
     52.000     51.456    -0.7725  27.511654    -0.7738  27.510508     8.4795     8.8114    22.5935    78.2234 1.0000e-12  -73.76236 -113.82278  44.388678      89.39 3.3493e+01    333.784       8012  1027.4205  1027.4205     3.7111     3.1728     0.2422    33.7970    33.7970    8.24397         39 0.0000e+00
