ocean_section_plots/required_files/ctd/dnbp2202_ctd056.cnv
* Sea-Bird SBE 9 Data File:
* FileName = D:\Data\raw\NBP2202_CTD056.hex
* Software Version Seasave V 7.26.7.121
* Temperature SN = 1649
* Conductivity SN = 2513
* Number of Bytes Per Scan = 40
* Number of Voltage Words = 5
* Number of Scans Averaged by the Deck Unit = 1
* NMEA Latitude = 74 14.10 S
* NMEA Longitude = 112 19.83 W
* NMEA UTC (Time) = Jan 24 2022  14:51:27
* NMEA baud rate = 9600
** Ship: RVIB N.B. Palmer
** Cruise: NBP2202 Thwaites
** Station: Section Dotson C
** Operator: B Bjork
# nquan = 25
# nvalues = 1089                        
# units = specified
# name 0 = prDM: Pressure, Digiquartz [db]
# name 1 = depSM: Depth [salt water, m]
# name 2 = t090C: Temperature [ITS-90, deg C]
# name 3 = c0mS/cm: Conductivity [mS/cm]
# name 4 = t190C: Temperature, 2 [ITS-90, deg C]
# name 5 = c1mS/cm: Conductivity, 2 [mS/cm]
# name 6 = sbeox0ML/L: Oxygen, SBE 43 [ml/l]
# name 7 = sbeox1ML/L: Oxygen, SBE 43, 2 [ml/l]
# name 8 = flECO-AFL: Fluorescence, WET Labs ECO-AFL/FL [mg/m^3]
# name 9 = CStarTr0: Beam Transmission, WET Labs C-Star [%]
# name 10 = par: PAR/Irradiance, Biospherical/Licor
# name 11 = latitude: Latitude [deg]
# name 12 = longitude: Longitude [deg]
# name 13 = timeJ: Julian Days
# name 14 = altM: Altimeter [m]
# name 15 = spar: SPAR, Biospherical/Licor
# name 16 = timeS: Time, Elapsed [seconds]
# name 17 = scan: Scan Count
# name 18 = density00: Density [density, kg/m^3]
# name 19 = density11: Density, 2 [density, kg/m^3]
# name 20 = sal00: Salinity, Practical [PSU]
# name 21 = sal11: Salinity, Practical, 2 [PSU]
# name 22 = oxsolML/L: Oxygen Saturation, Garcia & Gordon [ml/l]
# name 23 = nbin: number of scans per bin
# name 24 = flag: flag
# span 0 =      1.000,   1089.000       
# span 1 =      1.035,   1074.910       
# span 2 =    -1.5003,     0.5272       
# span 3 =  27.093667,  29.634846       
# span 4 =    -1.5002,     0.5293       
# span 5 =  27.093922,  29.634702       
# span 6 =     4.5757,     8.3641       
# span 7 =     4.7582,     8.6034       
# span 8 =    -0.0132,    18.7031       
# span 9 =    71.8370,    97.0543       
# span 10 = 1.0000e-12, 5.3807e+02      
# span 11 =  -74.23512,  -74.23512      
# span 12 = -112.33052, -112.33048      
# span 13 =  24.621710,  24.639174      
# span 14 =       3.57,     100.17      
# span 15 = 1.0119e+03, 1.7047e+03      
# span 16 =    228.742,   1737.614      
# span 17 =       5491,      41704      
# span 18 =  1027.1723,  1032.8292      
# span 19 =  1027.1757,  1032.8270      
# span 20 =    33.7769,    34.5525      
# span 21 =    33.7822,    34.5498      
# span 22 =    7.92607,    8.39542      
# span 23 =          1,         49      
# span 24 = 0.0000e+00, 0.0000e+00      
# interval = decibars: 1                
# start_time = Jan 24 2022 14:51:27 [NMEA time, header]
# bad_flag = -9.990e-29
*END*
[from data line 174]
    175.000    173.116    -1.4953  27.095052    -1.4945  27.094876     6.4196     6.7176     0.5841    95.2542 1.0000e-12  -74.23512 -112.33049  24.625481      99.86 1.6791e+03    554.531      13310  1028.1752  1028.1743    33.9676    33.9665    8.39450         29 0.0000e+00
    176.000    174.104    -1.4952  27.095738    -1.4949  27.095228     6.4152     6.7111     0.7250    95.4754 1.0000e-12  -74.23512 -112.33049  24.625495      99.86 1.6862e+03    555.732      13339  1028.1801  1028.1793    33.9678    33.9668    8.39447         29 0.0000e+00
    177.000    175.093    -1.4965  27.095864    -1.4962  27.095395     6.4073     6.7033     0.5624    95.4346 1.0000e-12  -74.23512 -112.33049  24.625509      99.86 1.6923e+03    556.950      13368  1028.1857  1028.1849    33.9689    33.9678    8.39471         29 0.0000e+00
    178.000    176.081    -1.5003  27.094783    -1.5002  27.094308     6.3852     6.6919     0.5942    95.0824 1.0000e-12  -74.23512 -112.33048  24.625523      99.87 1.6978e+03    558.185      13397  1028.1924  1028.1918    33.9710    33.9703    8.39542         30 0.0000e+00
    179.000    177.071    -1.4992  27.097460    -1.4989  27.096677     6.3529     6.6595     0.7844    95.4507 1.0000e-12  -74.23512 -112.33050  24.625537      99.86 1.7015e+03    559.406      13427  1028.1985  1028.1974    33.9728    33.9714    8.39507         29 0.0000e+00
    180.000    178.058    -1.4870  27.109427    -1.4870  27.108325     6.3188     6.6279     0.5629    95.8203 1.0000e-12  -74.23512 -112.33049  24.625551      99.87 1.7030e+03    560.621      13456  1028.2042  1028.2030    33.9749    33.9733    8.39221         29 0.0000e+00
    181.000    179.048    -1.4772  27.119050    -1.4755  27.119623     6.3011     6.6063     0.4807    95.4645 1.0000e-12  -74.23512 -112.33049  24.625565      99.87 1.7046e+03    561.839      13485  1028.2096  1028.2085    33.9764    33.9752    8.38990         29 0.0000e+00
    182.000    180.036    -1.4708  27.125527    -1.4695  27.125752     6.2853     6.5952     0.4320    95.6898 1.0000e-12  -74.23512 -112.33049  24.625579      99.07 1.7047e+03    563.050      13514  1028.2149  1028.2138    33.9774    33.9762    8.38840         29 0.0000e+00
    183.000    181.026    -1.4671  27.129399    -1.4658  27.129564     6.2874     6.5833     0.3851    95.5839 1.0000e-12  -74.23512 -112.33048  24.625593      94.07 1.7047e+03    564.255      13543  1028.2199  1028.2188    33.9779    33.9766    8.38753         29 0.0000e+00
    184.000    182.014    -1.4655  27.131225    -1.4650  27.130801     6.2773     6.5744     0.3869    95.7439 1.0000e-12  -74.23512 -112.33050  24.625607      99.88 1.7047e+03    565.463      13572  1028.2247  1028.2238    33.9779    33.9768    8.38716         29 0.0000e+00
    185.000    183.003    -1.4643  27.133282    -1.4634  27.133338     6.2651     6.5684     0.3866    95.9442 1.0000e-12  -74.23512 -112.33050  24.625621      99.87 1.7047e+03    566.668      13601  1028.2302  1028.2294    33.9788    33.9779    8.38684         29 0.0000e+00
    186.000    183.992    -1.4624  27.135942    -1.4615  27.135893     6.2658     6.5680     0.3376    95.7414 1.0000e-12  -74.23512 -112.33050  24.625635      99.87 1.7030e+03    567.876      13630  1028.2357  1028.2348    33.9797    33.9786    8.38637         29 0.0000e+00
    187.000    184.980    -1.4618  27.137085    -1.4606  27.137204     6.2657     6.5657     0.4261    95.6912 1.0000e-12  -74.23512 -112.33050  24.625649      99.87 1.6994e+03    569.078      13659  1028.2407  1028.2397    33.9800    33.9788    8.38622         29 0.0000e+00
    188.000    185.970    -1.4614  27.138067    -1.4607  27.137650     6.2752     6.5672     0.2674    95.9977 1.0000e-12  -74.23512 -112.33050  24.625663      99.87 1.6948e+03    570.273      13688  1028.2457  1028.2445    33.9802    33.9788    8.38610         28 0.0000e+00
    189.000    186.959    -1.4618  27.137858    -1.4609  27.137827     6.2734     6.5718     0.2475    95.8550 1.0000e-12  -74.23512 -112.33050  24.625677      99.87 1.6837e+03    571.499      13717  1028.2502  1028.2493    33.9797    33.9787    8.38622         31 0.0000e+00
    190.000    187.945    -1.4637  27.136655    -1.4633  27.135904     6.2623     6.5643     0.3218    95.6704 1.0000e-12  -74.23512 -112.33050  24.625692      99.87 1.6659e+03    572.828      13749  1028.2550  1028.2539    33.9796    33.9782    8.38666         33 0.0000e+00
    191.000    188.936    -1.4607  27.140081    -1.4602  27.139563     6.2360     6.5311     0.3783    95.8989 1.0000e-12  -74.23512 -112.33050  24.625708      99.87 1.6424e+03    574.212      13782  1028.2603  1028.2592    33.9804    33.9790    8.38595         33 0.0000e+00
    192.000    189.924    -1.4539  27.147836    -1.4527  27.147422     6.2017     6.5040     0.5327    95.9203 1.0000e-12  -74.23512 -112.33050  24.625724      99.87 1.6185e+03    575.594      13815  1028.2666  1028.2650    33.9827    33.9808    8.38427         33 0.0000e+00
    193.000    190.913    -1.4459  27.156614    -1.4453  27.156036     6.1929     6.4914     0.3709    95.5827 1.0000e-12  -74.23512 -112.33050  24.625740      97.04 1.5970e+03    576.963      13848  1028.2728  1028.2716    33.9850    33.9835    8.38233         33 0.0000e+00
    194.000    191.902    -1.4435  27.160456    -1.4425  27.160134     6.1874     6.4851     0.4359    95.8409 1.0000e-12  -74.23512 -112.33050  24.625756      99.82 1.5814e+03    578.348      13881  1028.2791  1028.2779    33.9869    33.9855    8.38167         32 0.0000e+00
    195.000    192.890    -1.4411  27.163661    -1.4408  27.162780     6.1862     6.4778     0.2585    96.0123 1.0000e-12  -74.23512 -112.33050  24.625773      99.87 1.5754e+03    579.748      13915  1028.2848  1028.2834    33.9881    33.9864    8.38107         34 0.0000e+00
    196.000    193.879    -1.4390  27.166369    -1.4384  27.165887     6.1717     6.4749     0.1822    96.0445 1.0000e-12  -74.23512 -112.33050  24.625789      99.87 1.5773e+03    581.144      13948  1028.2901  1028.2890    33.9887    33.9874    8.38055         33 0.0000e+00
    197.000    194.867    -1.4373  27.169089    -1.4367  27.168500     6.1631     6.4628     0.1620    96.1326 1.0000e-12  -74.23512 -112.33050  24.625805      99.87 1.5879e+03    582.555      13982  1028.2958  1028.2946    33.9900    33.9885    8.38010         34 0.0000e+00
    198.000    195.857    -1.4362  27.171415    -1.4355  27.170945     6.1676     6.4547     0.2300    96.0083 1.0000e-12  -74.23512 -112.33050  24.625821      99.87 1.6013e+03    583.959      14016  1028.3017  1028.3005    33.9913    33.9899    8.37978         33 0.0000e+00
    199.000    196.844    -1.4350  27.173412    -1.4344  27.172861     6.1668     6.4491     0.1809    95.8660 1.0000e-12  -74.23512 -112.33050  24.625837      99.87 1.6123e+03    585.336      14049  1028.3071  1028.3059    33.9921    33.9906    8.37947         33 0.0000e+00
    200.000    197.834    -1.4342  27.175485    -1.4336  27.174818     6.1602     6.4585     0.1955    96.0294 1.0000e-12  -74.23512 -112.33050  24.625853      99.87 1.6162e+03    586.730      14083  1028.3130  1028.3116    33.9934    33.9918    8.37921         34 0.0000e+00
    201.000    198.822    -1.4334  27.177006    -1.4328  27.176489     6.1603     6.4583     0.1496    96.3150 1.0000e-12  -74.23512 -112.33050  24.625870      99.87 1.6095e+03    588.134      14116  1028.3182  1028.3170    33.9939    33.9925    8.37899         31 0.0000e+00
    202.000    199.811    -1.4335  27.177278    -1.4323  27.177314     6.1545     6.4430     0.1672    96.4245 1.0000e-12  -74.23512 -112.33050  24.625885      91.31 1.5946e+03    589.504      14149  1028.3229  1028.3218    33.9938    33.9925    8.37902         33 0.0000e+00
    203.000    200.800    -1.4303  27.181017    -1.4291  27.181014     6.1470     6.4438     0.2402    96.3969 1.0000e-12  -74.23512 -112.33050  24.625901      99.46 1.5748e+03    590.885      14182  1028.3283  1028.3271    33.9947    33.9933    8.37825         34 0.0000e+00
    204.000    201.788    -1.4290  27.182753    -1.4278  27.182732     6.1396     6.4316     0.1089    96.2558 1.0000e-12  -74.23512 -112.33050  24.625918      99.87 1.5605e+03    592.298      14216  1028.3333  1028.3321    33.9950    33.9936    8.37794         33 0.0000e+00
    205.000    202.777    -1.4283  27.184030    -1.4270  27.184033     6.1380     6.4273     0.1140    96.4641 1.0000e-12  -74.23512 -112.33050  24.625934      99.87 1.5502e+03    593.683      14249  1028.3383  1028.3371    33.9953    33.9938    8.37776         33 0.0000e+00
    206.000    203.766    -1.4239  27.188479    -1.4247  27.186592     6.1360     6.4196     0.1279    96.4458 1.0000e-12  -74.23512 -112.33050  24.625950      99.87 1.5407e+03    595.071      14283  1028.3433  1028.3420    33.9958    33.9942    8.37674         34 0.0000e+00
    207.000    204.755    -1.4242  27.188625    -1.4217  27.189766     6.1222     6.4156     0.1250    96.3130 1.0000e-12  -74.23512 -112.33050  24.625966      99.87 1.5324e+03    596.479      14316  1028.3480  1028.3469    33.9957    33.9945    8.37681         33 0.0000e+00
    208.000    205.743    -1.4209  27.192170    -1.4203  27.191532     6.1187     6.4102     0.0873    96.4602 1.0000e-12  -74.23512 -112.33050  24.625982      99.87 1.5283e+03    597.860      14350  1028.3531  1028.3518    33.9963    33.9947    8.37605         34 0.0000e+00
    209.000    206.731    -1.4193  27.194194    -1.4185  27.193707     6.1217     6.4110     0.0875    96.4405 1.0000e-12  -74.23512 -112.33050  24.625998      99.87 1.5287e+03    599.232      14383  1028.3582  1028.3569    33.9966    33.9951    8.37566         32 0.0000e+00
    210.000    207.721    -1.4189  27.195367    -1.4181  27.194862     6.1244     6.4101     0.1376    96.5859 1.0000e-12  -74.23512 -112.33050  24.626014      99.87 1.5305e+03    600.625      14416  1028.3634  1028.3621    33.9971    33.9956    8.37554         34 0.0000e+00
    211.000    208.708    -1.4206  27.194583    -1.4200  27.194061     6.1315     6.4090     0.0967    96.6036 1.0000e-12  -74.23512 -112.33050  24.626030      99.87 1.5293e+03    601.995      14449  1028.3685  1028.3674    33.9974    33.9959    8.37591         33 0.0000e+00
    212.000    209.698    -1.4205  27.195963    -1.4199  27.195507     6.1421     6.4164     0.0822    96.6013 1.0000e-12  -74.23512 -112.33050  24.626046      96.62 1.5202e+03    603.371      14482  1028.3743  1028.3732    33.9986    33.9972    8.37582         33 0.0000e+00
    213.000    210.687    -1.4247  27.193815    -1.4240  27.193421     6.1495     6.4226     0.0907    96.6564 1.0000e-12  -74.23512 -112.33050  24.626062      99.90 1.4992e+03    604.763      14515  1028.3803  1028.3791    33.9997    33.9983    8.37668         33 0.0000e+00
    214.000    211.675    -1.4262  27.193298    -1.4256  27.192783     6.1510     6.4368     0.0846    96.6457 1.0000e-12  -74.23512 -112.33050  24.626078      99.87 1.4717e+03    606.142      14548  1028.3855  1028.3843    34.0000    33.9987    8.37700         33 0.0000e+00
    215.000    212.664    -1.4282  27.192745    -1.4274  27.192251     6.1567     6.4480     0.1650    96.6513 1.0000e-12  -74.23512 -112.33050  24.626094      99.87 1.4431e+03    607.507      14581  1028.3911  1028.3899    34.0010    33.9994    8.37740         33 0.0000e+00
    216.000    213.652    -1.4305  27.192007    -1.4300  27.191550     6.1624     6.4502     0.0725    96.6638 1.0000e-12  -74.23512 -112.33050  24.626110      99.87 1.4172e+03    608.887      14614  1028.3969  1028.3959    34.0019    34.0008    8.37786         33 0.0000e+00
    217.000    214.641    -1.4320  27.191995    -1.4314  27.191487     6.1743     6.4584     0.0991    96.6172 1.0000e-12  -74.23512 -112.33050  24.626126      99.87 1.3939e+03    610.264      14647  1028.4026  1028.4014    34.0030    34.0016    8.37813         33 0.0000e+00
    218.000    215.629    -1.4348  27.190644    -1.4341  27.190167     6.1821     6.4688     0.0762    96.6548 1.0000e-12  -74.23512 -112.33050  24.626141      99.87 1.3761e+03    611.612      14680  1028.4081  1028.4069    34.0038    34.0023    8.37873         33 0.0000e+00
    219.000    216.618    -1.4376  27.189360    -1.4369  27.188761     6.1860     6.4773     0.0836    96.6562 1.0000e-12  -74.23512 -112.33050  24.626157      99.87 1.3636e+03    612.970      14712  1028.4137  1028.4123    34.0045    34.0029    8.37930         32 0.0000e+00
    220.000    217.607    -1.4395  27.188404    -1.4389  27.187884     6.1932     6.4827     0.0726    96.6410 1.0000e-12  -74.23512 -112.33050  24.626173      99.87 1.3522e+03    614.341      14745  1028.4188  1028.4176    34.0048    34.0034    8.37972         31 0.0000e+00
    221.000    218.596    -1.4414  27.187612    -1.4407  27.187136     6.1932     6.4782     0.0603    96.6610 1.0000e-12  -74.23512 -112.33050  24.626189      90.56 1.3433e+03    615.696      14778  1028.4239  1028.4228    34.0051    34.0038    8.38011         31 0.0000e+00
    222.000    219.584    -1.4426  27.187419    -1.4417  27.186987     6.1983     6.4730     0.0566    96.6882 1.0000e-12  -74.23512 -112.33050  24.626204      99.81 1.3372e+03    617.053      14810  1028.4292  1028.4278    34.0057    34.0040    8.38036         32 0.0000e+00
    223.000    220.572    -1.4431  27.187483    -1.4423  27.187024     6.1965     6.4793     0.0758    96.6762 1.0000e-12  -74.23512 -112.33050  24.626220      99.87 1.3331e+03    618.422      14843  1028.4340  1028.4327    34.0057    34.0042    8.38047         33 0.0000e+00
    224.000    221.562    -1.4448  27.186877    -1.4442  27.186426     6.2020     6.4856     0.0626    96.6798 1.0000e-12  -74.23512 -112.33050  24.626236      99.88 1.3315e+03    619.768      14875  1028.4392  1028.4381    34.0062    34.0048    8.38082         30 0.0000e+00
    225.000    222.550    -1.4460  27.186642    -1.4453  27.186166     6.1986     6.4817     0.0777    96.6964 1.0000e-12  -74.23512 -112.33050  24.626251      99.87 1.3317e+03    621.119      14908  1028.4444  1028.4432    34.0066    34.0051    8.38107         33 0.0000e+00
    226.000    223.539    -1.4461  27.187088    -1.4455  27.186625     6.2035     6.4818     0.0822    96.6687 1.0000e-12  -74.23512 -112.33050  24.626267      99.87 1.3343e+03    622.490      14941  1028.4493  1028.4481    34.0068    34.0053    8.38109         31 0.0000e+00
    227.000    224.527    -1.4463  27.187822    -1.4456  27.187162     6.2011     6.4896     0.0800    96.7219 1.0000e-12  -74.23512 -112.33050  24.626283      99.87 1.3362e+03    623.828      14973  1028.4545  1028.4531    34.0073    34.0056    8.38109         32 0.0000e+00
    228.000    225.515    -1.4463  27.188334    -1.4456  27.187787     6.1978     6.4934     0.0707    96.7198 1.0000e-12  -74.23512 -112.33050  24.626298      99.87 1.3363e+03    625.167      15005  1028.4594  1028.4580    34.0074    34.0058    8.38109         32 0.0000e+00
    229.000    226.503    -1.4462  27.188994    -1.4455  27.188669     6.1946     6.4877     0.0634    96.7206 1.0000e-12  -74.23512 -112.33050  24.626314      99.87 1.3363e+03    626.531      15038  1028.4643  1028.4632    34.0076    34.0063    8.38106         32 0.0000e+00
    230.000    227.493    -1.4461  27.189626    -1.4454  27.189218     6.2008     6.4906     0.0725    96.7231 1.0000e-12  -74.23512 -112.33050  24.626330      99.87 1.3363e+03    627.879      15070  1028.4692  1028.4680    34.0077    34.0064    8.38103         33 0.0000e+00
    231.000    228.480    -1.4462  27.190182    -1.4454  27.189736     6.1965     6.4816     0.0626    96.6523 1.0000e-12  -74.23512 -112.33050  24.626345      99.83 1.3363e+03    629.227      15102  1028.4741  1028.4729    34.0079    34.0064    8.38103         32 0.0000e+00
