ocean_section_plots/required_files/ctd/dnbp2202_ctd286.cnv
* Sea-Bird SBE 9 Data File:
* FileName = D:\Data\raw\NBP2202_CTD286.hex
* Software Version Seasave V 7.26.7.121
* Temperature SN = 1649
* Conductivity SN = 2513
* Number of Bytes Per Scan = 40
* Number of Voltage Words = 5
* Number of Scans Averaged by the Deck Unit = 1
* NMEA Latitude = 74 08.17 S
* NMEA Longitude = 115 13.25 W
* NMEA UTC (Time) = Feb 22 2022  12:47:56
* NMEA baud rate = 9600
** Ship: RVIB N.B. Palmer
** Cruise: NBP2202 Thwaites
** Station: 188
** Operator: B. Bjork
# nquan = 28
# nvalues = 787                         
# units = specified
# name 0 = prDM: Pressure, Digiquartz [db]
# name 1 = depSM: Depth [salt water, m]
# name 2 = t090C: Temperature [ITS-90, deg C]
# name 3 = c0mS/cm: Conductivity [mS/cm]
# name 4 = t190C: Temperature, 2 [ITS-90, deg C]
# name 5 = c1mS/cm: Conductivity, 2 [mS/cm]
# name 6 = sbeox0ML/L: Oxygen, SBE 43 [ml/l]
# name 7 = sbeox1ML/L: Oxygen, SBE 43, 2 [ml/l]
# name 8 = flECO-AFL: Fluorescence, WET Labs ECO-AFL/FL [mg/m^3]
# name 9 = CStarTr0: Beam Transmission, WET Labs C-Star [%]
# name 10 = par: PAR/Irradiance, Biospherical/Licor
# name 11 = latitude: Latitude [deg]
# name 12 = longitude: Longitude [deg]
# name 13 = timeJ: Julian Days
# name 14 = altM: Altimeter [m]
# name 15 = spar: SPAR, Biospherical/Licor
# name 16 = timeS: Time, Elapsed [seconds]
# name 17 = scan: Scan Count
# name 18 = density00: Density [density, kg/m^3]
# name 19 = density11: Density, 2 [density, kg/m^3]
# name 20 = v3: Voltage 3
# name 21 = v4: Voltage 4
# name 22 = v5: Voltage 5
# name 23 = sal00: Salinity, Practical [PSU]
# name 24 = sal11: Salinity, Practical, 2 [PSU]
# name 25 = oxsolML/L: Oxygen Saturation, Garcia & Gordon [ml/l]
# name 26 = nbin: number of scans per bin
# name 27 = flag: flag
# span 0 =      3.000,    789.000       
# span 1 =      2.969,    779.353       
# span 2 =    -1.8259,     0.4839       
# span 3 =  26.958881,  29.464131       
# span 4 =    -1.8252,     0.4865       
# span 5 =  26.959307,  29.464826       
# span 6 =     4.5425,     8.9460       
# span 7 =     4.6469,     9.2359       
# span 8 =     0.1818,     8.6037       
# span 9 =    88.5045,    97.7160       
# span 10 = -4.112e-06, 2.9562e+01      
# span 11 =  -74.13632,  -74.13630      
# span 12 = -115.22094, -115.22086      
# span 13 =  53.535841,  53.546331      
# span 14 =       2.42,     100.08      
# span 15 = 8.1054e+01, 9.7393e+01      
# span 16 =    220.640,   1126.986      
# span 17 =       5296,      27049      
# span 18 =  1027.1840,  1031.4326      
# span 19 =  1027.1847,  1031.4307      
# span 20 =     4.1987,     4.6354      
# span 21 =     0.0971,     1.6080      
# span 22 =     0.1090,     0.1916      
# span 23 =    33.8101,    34.5480      
# span 24 =    33.8105,    34.5457      
# span 25 =    7.93518,    8.46247      
# span 26 =         21,         60      
# span 27 = 0.0000e+00, 0.0000e+00      
# interval = decibars: 1                
# start_time = Feb 22 2022 12:47:56 [NMEA time, header]
# bad_flag = -9.990e-29
*END*
[from data line 156]
    159.000    157.296    -1.0397  27.434808    -1.0388  27.435474     7.0471     7.2372     2.9281    91.9240 1.0000e-12  -74.13630 -115.22092  53.538200      99.82 8.9907e+01    424.498      10189  1028.0506  1028.0506     4.3609     0.6230     0.1584    33.9271    33.9271    8.29512         23 0.0000e+00
    160.000    158.282    -1.0376  27.438674    -1.0370  27.439122     7.0279     7.2174     2.6879    91.6444 1.0000e-12  -74.13630 -115.22092  53.538211      99.83 9.0346e+01    425.474      10212  1028.0568  1028.0567     4.3475     0.5877     0.1514    33.9295    33.9293    8.29453         24 0.0000e+00
    161.000    159.273    -1.0410  27.436538    -1.0417  27.436279     6.9985     7.1906     3.1807    91.2632 1.0000e-12  -74.13630 -115.22092  53.538223      99.88 8.9914e+01    426.462      10236  1028.0618  1028.0622     4.3296     0.4149     0.1463    33.9298    33.9302    8.29526         24 0.0000e+00
    162.000    160.261    -1.0902  27.396362    -1.0906  27.396917     6.9788     7.1801     3.3500    92.6625 1.0000e-12  -74.13630 -115.22090  53.538235      99.84 9.0677e+01    427.463      10260  1028.0697  1028.0707     4.3958     0.5279     0.1478    33.9298    33.9311    8.30614         23 0.0000e+00
    163.000    161.250    -1.0963  27.393020    -1.0971  27.392333     6.9639     7.1725     2.2746    90.8829 1.0000e-12  -74.13632 -115.22092  53.538246      49.19 8.9734e+01    428.437      10283  1028.0759  1028.0760     4.3115     0.4591     0.1522    33.9316    33.9316    8.30740         23 0.0000e+00
    164.000    162.239    -1.1094  27.383371    -1.1090  27.383844     6.9503     7.1625     1.9313    91.6953 1.0000e-12  -74.13630 -115.22090  53.538257      99.95 8.8656e+01    429.398      10307  1028.0820  1028.0821     4.3500     0.4827     0.1621    33.9326    33.9328    8.31025         24 0.0000e+00
    165.000    163.226    -1.1200  27.375831    -1.1193  27.376484     6.9489     7.1520     2.2564    92.1971 1.0000e-12  -74.13632 -115.22092  53.538268      99.86 8.8295e+01    430.384      10330  1028.0879  1028.0879     4.3738     0.4652     0.1539    33.9336    33.9337    8.31252         24 0.0000e+00
    166.000    164.217    -1.1259  27.371973    -1.1258  27.371912     6.9390     7.1357     2.1566    90.7348 1.0000e-12  -74.13632 -115.22090  53.538280      99.86 8.9304e+01    431.381      10354  1028.0933  1028.0932     4.3049     0.5120     0.1604    33.9344    33.9342    8.31379         24 0.0000e+00
    167.000    165.205    -1.1308  27.368196    -1.1312  27.367891     6.9240     7.1230     2.1762    92.0902 1.0000e-12  -74.13632 -115.22092  53.538291      99.88 8.9446e+01    432.364      10378  1028.0980  1028.0980     4.3683     0.3788     0.1503    33.9342    33.9342    8.31490         23 0.0000e+00
    168.000    166.194    -1.1515  27.351309    -1.1518  27.351370     6.9045     7.1114     2.3734    93.4043 1.0000e-12  -74.13632 -115.22090  53.538303      99.87 8.9539e+01    433.351      10401  1028.1036  1028.1039     4.4310     0.3952     0.1536    33.9339    33.9343    8.31951         24 0.0000e+00
    169.000    167.182    -1.1660  27.339288    -1.1666  27.339397     6.8843     7.0942     2.2891    93.6552 1.0000e-12  -74.13632 -115.22092  53.538314      99.86 9.0605e+01    434.341      10425  1028.1084  1028.1092     4.4429     0.4697     0.1510    33.9332    33.9341    8.32277         23 0.0000e+00
    170.000    168.172    -1.2074  27.308739    -1.2079  27.309026     6.8777     7.0709     2.0459    92.6040 1.0000e-12  -74.13632 -115.22090  53.538325      99.89 8.9428e+01    435.307      10448  1028.1192  1028.1199     4.3931     0.3436     0.1621    33.9377    33.9386    8.33173         23 0.0000e+00
    171.000    169.159    -1.2130  27.306025    -1.2124  27.306529     6.8694     7.0550     1.8643    91.3321 1.0000e-12  -74.13632 -115.22092  53.538336      99.89 8.9833e+01    436.258      10471  1028.1256  1028.1254     4.3328     0.3154     0.1507    33.9397    33.9397    8.33286         23 0.0000e+00
    172.000    170.150    -1.2158  27.304213    -1.2155  27.304774     6.8541     7.0393     1.4873    92.4430 1.0000e-12  -74.13632 -115.22090  53.538347      99.89 9.0451e+01    437.220      10494  1028.1302  1028.1305     4.3855     0.3540     0.1590    33.9398    33.9402    8.33348         23 0.0000e+00
    173.000    171.138    -1.2387  27.285790    -1.2391  27.286265     6.8312     7.0290     1.9923    92.8050 1.0000e-12  -74.13632 -115.22092  53.538359      99.88 8.9393e+01    438.188      10518  1028.1362  1028.1370     4.4028     0.3689     0.1520    33.9399    33.9409    8.33858         24 0.0000e+00
    174.000    172.128    -1.2605  27.270125    -1.2603  27.270649     6.8209     7.0218     1.7972    93.1028 1.0000e-12  -74.13632 -115.22090  53.538370      99.88 9.0466e+01    439.162      10541  1028.1441  1028.1445     4.4166     0.3511     0.1466    33.9424    33.9430    8.34329         24 0.0000e+00
    175.000    173.116    -1.2745  27.260723    -1.2741  27.261248     6.8243     7.0208     2.4281    93.3532 1.0000e-12  -74.13632 -115.22092  53.538381      99.88 9.1122e+01    440.149      10565  1028.1512  1028.1514     4.4286     0.3765     0.1561    33.9448    33.9450    8.34628         23 0.0000e+00
    176.000    174.105    -1.2784  27.258604    -1.2778  27.259166     6.8220     7.0206     2.0870    94.0592 1.0000e-12  -74.13632 -115.22092  53.538393      94.79 8.9981e+01    441.127      10588  1028.1565  1028.1567     4.4621     0.3390     0.1496    33.9456    33.9458    8.34709         23 0.0000e+00
    177.000    175.094    -1.2790  27.260253    -1.2784  27.260731     6.8305     7.0167     2.1712    93.6513 1.0000e-12  -74.13632 -115.22092  53.538404      99.88 9.1156e+01    442.105      10612  1028.1629  1028.1628     4.4427     0.3885     0.1514    33.9480    33.9479    8.34709         24 0.0000e+00
    178.000    176.083    -1.2790  27.261663    -1.2784  27.262135     6.8334     7.0185     2.6974    93.0962 1.0000e-12  -74.13632 -115.22092  53.538415      99.88 9.1516e+01    443.082      10635  1028.1684  1028.1684     4.4164     0.3898     0.1520    33.9492    33.9493    8.34701         23 0.0000e+00
    179.000    177.070    -1.2857  27.258102    -1.2850  27.258590     6.8288     7.0160     2.4041    92.7104 1.0000e-12  -74.13632 -115.22092  53.538427      99.88 9.0792e+01    444.057      10658  1028.1751  1028.1749     4.3986     0.3870     0.1510    33.9514    33.9513    8.34839         24 0.0000e+00
    180.000    178.061    -1.3061  27.244043    -1.3068  27.244152     6.8330     7.0168     1.3562    93.3865 1.0000e-12  -74.13632 -115.22092  53.538438      99.88 9.0903e+01    445.035      10682  1028.1836  1028.1844     4.4298     0.3649     0.1540    33.9547    33.9556    8.35277         23 0.0000e+00
    181.000    179.048    -1.3252  27.230652    -1.3241  27.231812     6.8319     7.0062     1.8771    93.0258 1.0000e-12  -74.13632 -115.22092  53.538449      99.87 9.1305e+01    446.027      10706  1028.1914  1028.1916     4.4131     0.4233     0.1541    33.9572    33.9575    8.35688         24 0.0000e+00
    182.000    180.038    -1.3393  27.220226    -1.3392  27.220726     6.8222     6.9944     1.9137    92.7189 1.0000e-12  -74.13632 -115.22092  53.538461      99.88 9.1058e+01    446.995      10729  1028.1977  1028.1980     4.3986     0.3585     0.1416    33.9583    33.9588    8.35998         23 0.0000e+00
    183.000    181.026    -1.3482  27.214362    -1.3479  27.214716     6.8072     6.9815     1.7690    92.9506 1.0000e-12  -74.13632 -115.22092  53.538472      99.89 9.0830e+01    447.946      10752  1028.2038  1028.2039     4.4095     0.3356     0.1439    33.9597    33.9599    8.36189         23 0.0000e+00
    184.000    182.014    -1.3530  27.211147    -1.3527  27.211538     6.7979     6.9828     1.6822    93.4164 1.0000e-12  -74.13632 -115.22092  53.538483      99.88 9.2491e+01    448.904      10775  1028.2089  1028.2090     4.4316     0.3430     0.1531    33.9602    33.9603    8.36294         23 0.0000e+00
    185.000    183.005    -1.3622  27.205121    -1.3616  27.205664     6.7991     6.9823     1.6073    93.5883 1.0000e-12  -74.13632 -115.22092  53.538494      99.89 9.0893e+01    449.881      10798  1028.2152  1028.2153     4.4398     0.3178     0.1531    33.9616    33.9618    8.36490         23 0.0000e+00
    186.000    183.992    -1.3647  27.204581    -1.3643  27.205113     6.8061     6.9855     1.7077    93.4892 1.0000e-12  -74.13632 -115.22092  53.538505      99.90 9.0346e+01    450.857      10822  1028.2212  1028.2213     4.4347     0.2552     0.1459    33.9632    33.9634    8.36539         24 0.0000e+00
    187.000    184.982    -1.3670  27.203662    -1.3665  27.204013     6.7989     6.9833     1.5673    91.8271 1.0000e-12  -74.13632 -115.22092  53.538517      99.86 9.2509e+01    451.832      10845  1028.2264  1028.2263     4.3566     0.4093     0.1517    33.9639    33.9638    8.36586         23 0.0000e+00
    188.000    185.971    -1.3706  27.201203    -1.3702  27.201699     6.7571     6.9460     1.3949    93.8802 1.0000e-12  -74.13632 -115.22092  53.538528      98.49 9.2902e+01    452.805      10868  1028.2312  1028.2314     4.4536     0.3559     0.1483    33.9640    33.9642    8.36666         23 0.0000e+00
    189.000    186.959    -1.3845  27.192592    -1.3839  27.193229     6.7103     6.9156     1.8032    93.6244 1.0000e-12  -74.13632 -115.22092  53.538539      83.28 9.1072e+01    453.777      10892  1028.2394  1028.2395     4.4415     0.4620     0.1484    33.9673    33.9675    8.36959         24 0.0000e+00
    190.000    187.947    -1.3825  27.196426    -1.3817  27.196986     6.6948     6.8990     2.3155    93.9998 1.0000e-12  -74.13632 -115.22092  53.538551      54.48 9.2415e+01    454.779      10916  1028.2457  1028.2456     4.4593     0.3082     0.1476    33.9696    33.9696    8.36899         24 0.0000e+00
    191.000    188.937    -1.3968  27.187069    -1.3969  27.187529     6.6948     6.8906     1.1998    93.7366 1.0000e-12  -74.13632 -115.22092  53.538562     100.03 9.2234e+01    455.795      10940  1028.2534  1028.2541     4.4469     0.2537     0.1474    33.9724    33.9731    8.37203         25 0.0000e+00
    192.000    189.926    -1.4115  27.177690    -1.4110  27.178233     6.6995     6.8883     1.4515    93.9953 1.0000e-12  -74.13632 -115.22092  53.538574      99.87 9.1150e+01    456.777      10964  1028.2615  1028.2616     4.4589     0.3964     0.1446    33.9755    33.9758    8.37515         23 0.0000e+00
    193.000    190.913    -1.4162  27.174921    -1.4156  27.175451     6.7000     6.8824     1.9373    93.7583 1.0000e-12  -74.13632 -115.22092  53.538585      99.90 9.3566e+01    457.742      10987  1028.2671  1028.2671     4.4478     0.2658     0.1474    33.9765    33.9765    8.37616         23 0.0000e+00
    194.000    191.903    -1.4215  27.172418    -1.4210  27.172925     6.6987     6.8779     1.7333    93.8770 1.0000e-12  -74.13632 -115.22092  53.538596      99.90 9.3509e+01    458.716      11010  1028.2736  1028.2737     4.4535     0.2625     0.1521    33.9785    33.9785    8.37724         23 0.0000e+00
    195.000    192.890    -1.4263  27.169822    -1.4256  27.170590     6.6900     6.8719     1.8381    94.2785 1.0000e-12  -74.13632 -115.22092  53.538607      99.89 9.1336e+01    459.679      11033  1028.2795  1028.2797     4.4724     0.3640     0.1459    33.9797    33.9800    8.37824         23 0.0000e+00
    196.000    193.881    -1.4322  27.166518    -1.4314  27.167031     6.6829     6.8649     1.9637    94.4778 1.0000e-12  -74.13632 -115.22092  53.538618      99.85 9.3461e+01    460.638      11056  1028.2857  1028.2855     4.4820     0.4518     0.1613    33.9812    33.9810    8.37947         23 0.0000e+00
    197.000    194.868    -1.4310  27.168211    -1.4302  27.168754     6.6738     6.8575     1.8829    94.1935 1.0000e-12  -74.13632 -115.22092  53.538630      99.89 9.3202e+01    461.589      11079  1028.2905  1028.2903     4.4684     0.3240     0.1535    33.9816    33.9814    8.37918         23 0.0000e+00
    198.000    195.857    -1.4308  27.169284    -1.4301  27.169740     6.6614     6.8539     1.6739    93.5616 1.0000e-12  -74.13632 -115.22092  53.538641      99.89 9.2124e+01    462.547      11102  1028.2956  1028.2954     4.4385     0.3407     0.1446    33.9822    33.9820    8.37910         23 0.0000e+00
    199.000    196.845    -1.4322  27.168855    -1.4314  27.169416     6.6574     6.8462     1.5920    93.2580 1.0000e-12  -74.13632 -115.22092  53.538652      99.90 9.2833e+01    463.518      11125  1028.3007  1028.3005     4.4242     0.3018     0.1437    33.9826    33.9825    8.37940         23 0.0000e+00
    200.000    197.836    -1.4380  27.165255    -1.4374  27.165758     6.6507     6.8384     1.3948    93.2552 1.0000e-12  -74.13632 -115.22092  53.538663      99.90 9.3299e+01    464.515      11149  1028.3065  1028.3065     4.4240     0.2982     0.1399    33.9836    33.9836    8.38063         25 0.0000e+00
    201.000    198.823    -1.4434  27.162768    -1.4426  27.163149     6.6476     6.8291     1.3695    93.0614 1.0000e-12  -74.13632 -115.22092  53.538675      99.90 9.2483e+01    465.515      11173  1028.3131  1028.3129     4.4148     0.2749     0.1499    33.9857    33.9853    8.38172         24 0.0000e+00
    202.000    199.812    -1.4428  27.164300    -1.4419  27.164897     6.6484     6.8291     1.6741    93.5772 1.0000e-12  -74.13632 -115.22092  53.538686      99.81 9.1975e+01    466.502      11197  1028.3184  1028.3182     4.4392     0.3773     0.1532    33.9864    33.9862    8.38154         23 0.0000e+00
    203.000    200.801    -1.4424  27.165386    -1.4417  27.165831     6.6507     6.8252     2.0252    93.9266 1.0000e-12  -74.13632 -115.22092  53.538698      99.76 9.3077e+01    467.490      11221  1028.3235  1028.3233     4.4558     0.4062     0.1386    33.9869    33.9867    8.38144         24 0.0000e+00
    204.000    201.789    -1.4430  27.165454    -1.4422  27.166047     6.6476     6.8110     1.7600    94.4438 1.0000e-12  -74.13632 -115.22092  53.538709      99.87 9.2895e+01    468.467      11244  1028.3283  1028.3282     4.4799     0.3891     0.1417    33.9870    33.9870    8.38155         23 0.0000e+00
    205.000    202.778    -1.4463  27.163946    -1.4457  27.164333     6.6361     6.8100     1.6345    93.2248 1.0000e-12  -74.13632 -115.22092  53.538720      99.88 9.1379e+01    469.435      11267  1028.3341  1028.3339     4.4230     0.3885     0.1437    33.9881    33.9879    8.38224         24 0.0000e+00
    206.000    203.768    -1.4518  27.160698    -1.4517  27.160881     6.6324     6.8027     1.8300    94.3448 1.0000e-12  -74.13632 -115.22092  53.538732      99.88 9.3418e+01    470.410      11291  1028.3401  1028.3401     4.4757     0.3893     0.1414    33.9893    33.9894    8.38341         23 0.0000e+00
    207.000    204.755    -1.4567  27.157939    -1.4560  27.158346     6.6232     6.7928     2.0030    93.6446 1.0000e-12  -74.13632 -115.22092  53.538743      99.88 9.2973e+01    471.375      11314  1028.3460  1028.3458     4.4424     0.3359     0.1455    33.9904    33.9902    8.38444         23 0.0000e+00
    208.000    205.745    -1.4650  27.152324    -1.4645  27.152790     6.6316     6.8073     1.9501    93.7771 1.0000e-12  -74.13632 -115.22092  53.538754      99.89 9.2041e+01    472.346      11337  1028.3521  1028.3522     4.4488     0.3303     0.1460    33.9916    33.9916    8.38625         23 0.0000e+00
    209.000    206.732    -1.4798  27.142250    -1.4794  27.142766     6.6377     6.8091     1.9722    94.1143 1.0000e-12  -74.13632 -115.22092  53.538765      99.89 9.3307e+01    473.329      11361  1028.3596  1028.3598     4.4647     0.2802     0.1438    33.9938    33.9941    8.38944         24 0.0000e+00
