ocean_section_plots/required_files/ctd/dnbp2202_ctd205.cnv
* Sea-Bird SBE 9 Data File:
* FileName = D:\Data\raw\NBP2202_CTD205.hex
* Software Version Seasave V 7.26.7.121
* Temperature SN = 1649
* Conductivity SN = 2513
* Number of Bytes Per Scan = 40
* Number of Voltage Words = 5
* Number of Scans Averaged by the Deck Unit = 1
* NMEA Latitude = 73 57.56 S
* NMEA Longitude = 113 52.18 W
* NMEA UTC (Time) = Feb 09 2022  14:32:03
* NMEA baud rate = 9600
** Ship: RVIB N.B. Palmer
** Cruise: NBP2202 Thwaites
** Station: 124
** Operator: B. Bjork
# nquan = 28
# nvalues = 462                         
# units = specified
# name 0 = prDM: Pressure, Digiquartz [db]
# name 1 = depSM: Depth [salt water, m]
# name 2 = t090C: Temperature [ITS-90, deg C]
# name 3 = c0mS/cm: Conductivity [mS/cm]
# name 4 = t190C: Temperature, 2 [ITS-90, deg C]
# name 5 = c1mS/cm: Conductivity, 2 [mS/cm]
# name 6 = sbeox0ML/L: Oxygen, SBE 43 [ml/l]
# name 7 = sbeox1ML/L: Oxygen, SBE 43, 2 [ml/l]
# name 8 = flECO-AFL: Fluorescence, WET Labs ECO-AFL/FL [mg/m^3]
# name 9 = CStarTr0: Beam Transmission, WET Labs C-Star [%]
# name 10 = par: PAR/Irradiance, Biospherical/Licor
# name 11 = latitude: Latitude [deg]
# name 12 = longitude: Longitude [deg]
# name 13 = timeJ: Julian Days
# name 14 = altM: Altimeter [m]
# name 15 = spar: SPAR, Biospherical/Licor
# name 16 = timeS: Time, Elapsed [seconds]
# name 17 = scan: Scan Count
# name 18 = density00: Density [density, kg/m^3]
# name 19 = density11: Density, 2 [density, kg/m^3]
# name 20 = v3: Voltage 3
# name 21 = v4: Voltage 4
# name 22 = v5: Voltage 5
# name 23 = sal00: Salinity, Practical [PSU]
# name 24 = sal11: Salinity, Practical, 2 [PSU]
# name 25 = oxsolML/L: Oxygen Saturation, Garcia & Gordon [ml/l]
# name 26 = nbin: number of scans per bin
# name 27 = flag: flag
# span 0 =      2.000,    463.000       
# span 1 =      1.982,    457.708       
# span 2 =    -1.2020,    -0.3776       
# span 3 =  27.294084,  28.355588       
# span 4 =    -1.2009,    -0.3792       
# span 5 =  27.294122,  28.351613       
# span 6 =     4.9212,     8.7714       
# span 7 =     5.0701,     9.0244       
# span 8 =    -0.0032,    19.7527       
# span 9 =    76.5033,    97.8604       
# span 10 = -7.885e-05, 1.2436e+02      
# span 11 =  -73.95940,  -73.95938      
# span 12 = -113.86975, -113.86970      
# span 13 =  40.607083,  40.613739      
# span 14 =       1.53,     100.01      
# span 15 = 3.0322e+02, 3.4740e+02      
# span 16 =    128.947,    704.051      
# span 17 =       3096,      16898      
# span 18 =  1027.1823,  1029.7132      
# span 19 =  1027.1816,  1029.7103      
# span 20 =     3.6298,     4.6423      
# span 21 =     0.0659,     2.9986      
# span 22 =     0.1240,     0.2381      
# span 23 =    33.7954,    34.2394      
# span 24 =    33.7945,    34.2359      
# span 25 =    8.13302,    8.33108      
# span 26 =          9,         46      
# span 27 = 0.0000e+00, 0.0000e+00      
# interval = decibars: 1                
# start_time = Feb 09 2022 14:32:03 [NMEA time, header]
# bad_flag = -9.990e-29
*END*
[from data line 363]
    365.000    360.906    -0.4797  28.191550    -0.4779  28.191275     4.9598     5.1093     0.0185    97.7061 1.0000e-12  -73.95938 -113.86974  40.611830      99.69 3.3061e+02    539.139      12940  1029.2171  1029.2151     4.6350     0.0735     0.1340    34.1934    34.1911    8.15756         24 0.0000e+00
    366.000    361.896    -0.4783  28.193622    -0.4765  28.193619     4.9700     5.1117     0.0177    97.7134 1.0000e-12  -73.95938 -113.86974  40.611842      98.79 3.3380e+02    540.133      12964  1029.2224  1029.2206     4.6353     0.0739     0.1349    34.1941    34.1920    8.15723         24 0.0000e+00
    367.000    362.884    -0.4811  28.192046    -0.4793  28.191928     4.9707     5.1141     0.0143    97.7184 1.0000e-12  -73.95938 -113.86974  40.611853      98.77 3.3005e+02    541.122      12988  1029.2277  1029.2258     4.6356     0.0725     0.1330    34.1944    34.1922    8.15780         23 0.0000e+00
    368.000    363.871    -0.4824  28.191556    -0.4812  28.191028     4.9752     5.1180     0.0140    97.7080 1.0000e-12  -73.95938 -113.86974  40.611865      97.93 3.3099e+02    542.114      13012  1029.2328  1029.2310     4.6351     0.0723     0.1316    34.1947    34.1926    8.15808         24 0.0000e+00
    369.000    364.858    -0.4843  28.190874    -0.4822  28.190863     4.9743     5.1246     0.0143    97.7016 1.0000e-12  -73.95938 -113.86974  40.611876      96.65 3.3431e+02    543.113      13036  1029.2382  1029.2362     4.6348     0.0720     0.1346    34.1953    34.1929    8.15844         24 0.0000e+00
    370.000    365.848    -0.4832  28.192370    -0.4811  28.192375     4.9711     5.1243     0.0137    97.6824 1.0000e-12  -73.95938 -113.86974  40.611888      95.35 3.3101e+02    544.093      13059  1029.2430  1029.2410     4.6339     0.0712     0.1325    34.1954    34.1931    8.15819         23 0.0000e+00
    371.000    366.835    -0.4813  28.194808    -0.4795  28.194743     4.9791     5.1207     0.0055    97.7250 1.0000e-12  -73.95938 -113.86972  40.611899      95.04 3.3075e+02    545.080      13083  1029.2481  1029.2463     4.6359     0.0745     0.1331    34.1960    34.1939    8.15775         24 0.0000e+00
    372.000    367.824    -0.4807  28.196186    -0.4789  28.195992     4.9678     5.1176     0.0135    97.7210 1.0000e-12  -73.95938 -113.86974  40.611911      93.94 3.3470e+02    546.074      13107  1029.2533  1029.2514     4.6357     0.0736     0.1339    34.1966    34.1943    8.15760         24 0.0000e+00
    373.000    368.811    -0.4801  28.197374    -0.4778  28.197737     4.9570     5.1073     0.0143    97.6943 1.0000e-12  -73.95938 -113.86972  40.611922      92.84 3.3172e+02    547.059      13130  1029.2583  1029.2564     4.6345     0.0738     0.1320    34.1969    34.1948    8.15745         24 0.0000e+00
    374.000    369.797    -0.4752  28.203059    -0.4731  28.202927     4.9508     5.0948     0.0143    97.6926 1.0000e-12  -73.95938 -113.86974  40.611933      91.76 3.3126e+02    548.047      13154  1029.2638  1029.2617     4.6344     0.0716     0.1323    34.1984    34.1959    8.15631         23 0.0000e+00
    375.000    370.787    -0.4633  28.215013    -0.4614  28.214863     4.9445     5.0879     0.0186    97.6898 1.0000e-12  -73.95938 -113.86972  40.611945      90.53 3.3522e+02    549.034      13178  1029.2693  1029.2672     4.6343     0.0711     0.1329    34.2004    34.1980    8.15364         24 0.0000e+00
    376.000    371.774    -0.4573  28.221240    -0.4554  28.221059     4.9503     5.0903     0.0213    97.7096 1.0000e-12  -73.95938 -113.86972  40.611956      89.81 3.3223e+02    550.010      13201  1029.2743  1029.2724     4.6352     0.0724     0.1312    34.2014    34.1990    8.15228         23 0.0000e+00
    377.000    372.762    -0.4569  28.222523    -0.4550  28.222346     4.9585     5.0998     0.0210    97.7232 1.0000e-12  -73.95938 -113.86972  40.611967      88.77 3.3141e+02    550.985      13225  1029.2797  1029.2777     4.6358     0.0725     0.1305    34.2021    34.1997    8.15216         24 0.0000e+00
    378.000    373.751    -0.4584  28.222321    -0.4565  28.222257     4.9614     5.1079     0.0216    97.6932 1.0000e-12  -73.95938 -113.86972  40.611979      87.95 3.3471e+02    551.976      13248  1029.2853  1029.2834     4.6344     0.0731     0.1325    34.2028    34.2007    8.15243         24 0.0000e+00
    379.000    374.738    -0.4596  28.222034    -0.4578  28.221931     4.9684     5.1099     0.0197    97.6825 1.0000e-12  -73.95938 -113.86972  40.611990      86.45 3.3263e+02    552.967      13272  1029.2905  1029.2887     4.6339     0.0711     0.1328    34.2033    34.2011    8.15268         23 0.0000e+00
    380.000    375.726    -0.4599  28.222258    -0.4580  28.222236     4.9779     5.1256     0.0142    97.7075 1.0000e-12  -73.95938 -113.86972  40.612002      85.40 3.3140e+02    553.956      13296  1029.2954  1029.2935     4.6351     0.0711     0.1288    34.2033    34.2011    8.15274         24 0.0000e+00
    381.000    376.714    -0.4631  28.219951    -0.4616  28.219601     4.9958     5.1395     0.0217    97.7180 1.0000e-12  -73.95938 -113.86972  40.612013      84.44 3.3374e+02    554.956      13320  1029.3003  1029.2986     4.6356     0.0716     0.1320    34.2032    34.2011    8.15343         24 0.0000e+00
    382.000    377.702    -0.4691  28.215267    -0.4680  28.214852     5.0119     5.1461     0.0213    97.7385 1.0000e-12  -73.95938 -113.86973  40.612025      83.78 3.3310e+02    555.955      13344  1029.3055  1029.3040     4.6366     0.0717     0.1324    34.2031    34.2012    8.15473         24 0.0000e+00
    383.000    378.689    -0.4795  28.207199    -0.4774  28.207505     5.0228     5.1555     0.0210    97.7371 1.0000e-12  -73.95938 -113.86973  40.612036      82.65 3.3142e+02    556.939      13368  1029.3113  1029.3097     4.6365     0.0719     0.1302    34.2034    34.2014    8.15695         24 0.0000e+00
    384.000    379.677    -0.4777  28.209309    -0.4771  28.208286     5.0187     5.1647     0.0158    97.7403 1.0000e-12  -73.95938 -113.86973  40.612048      81.29 3.3398e+02    557.935      13391  1029.3161  1029.3144     4.6366     0.0707     0.1309    34.2035    34.2015    8.15655         24 0.0000e+00
    385.000    380.666    -0.4873  28.201284    -0.4843  28.202435     5.0275     5.1696     0.0143    97.7498 1.0000e-12  -73.95938 -113.86973  40.612059      80.34 3.3387e+02    558.920      13415  1029.3211  1029.3194     4.6371     0.0700     0.1286    34.2030    34.2011    8.15864         23 0.0000e+00
    386.000    381.653    -0.4914  28.198550    -0.4892  28.198958     5.0272     5.1721     0.0096    97.7695 1.0000e-12  -73.95938 -113.86973  40.612071      79.31 3.3155e+02    559.905      13439  1029.3264  1029.3247     4.6380     0.0713     0.1310    34.2034    34.2014    8.15951         24 0.0000e+00
    387.000    382.639    -0.4899  28.200559    -0.4880  28.200565     5.0240     5.1741     0.0097    97.7693 1.0000e-12  -73.95938 -113.86973  40.612082      78.44 3.3317e+02    560.891      13462  1029.3313  1029.3295     4.6381     0.0695     0.1332    34.2038    34.2016    8.15917         24 0.0000e+00
    388.000    383.629    -0.4908  28.200453    -0.4891  28.200360     5.0270     5.1726     0.0168    97.7531 1.0000e-12  -73.95938 -113.86972  40.612093      77.38 3.3510e+02    561.873      13486  1029.3362  1029.3345     4.6373     0.0713     0.1320    34.2040    34.2019    8.15934         23 0.0000e+00
    389.000    384.616    -0.4903  28.201164    -0.4890  28.200865     5.0314     5.1788     0.0216    97.8011 1.0000e-12  -73.95938 -113.86972  40.612105      76.62 3.3188e+02    562.847      13509  1029.3408  1029.3392     4.6395     0.0723     0.1308    34.2038    34.2020    8.15924         24 0.0000e+00
    390.000    385.605    -0.4937  28.198856    -0.4919  28.199055     5.0275     5.1797     0.0200    97.8090 1.0000e-12  -73.95938 -113.86972  40.612116      75.75 3.3325e+02    563.829      13533  1029.3459  1029.3443     4.6399     0.0693     0.1306    34.2039    34.2021    8.15997         23 0.0000e+00
    391.000    386.592    -0.4958  28.198630    -0.4940  28.198559     5.0239     5.1711     0.0136    97.8124 1.0000e-12  -73.95938 -113.86972  40.612127      74.41 3.3574e+02    564.803      13556  1029.3519  1029.3500     4.6401     0.0705     0.1298    34.2054    34.2032    8.16034         23 0.0000e+00
    392.000    387.580    -0.4930  28.201682    -0.4915  28.201383     5.0206     5.1684     0.0205    97.8046 1.0000e-12  -73.95939 -113.86972  40.612139      73.56 3.3301e+02    565.781      13580  1029.3566  1029.3549     4.6397     0.0685     0.1292    34.2057    34.2037    8.15972         24 0.0000e+00
    393.000    388.568    -0.4863  28.208609    -0.4844  28.208504     5.0172     5.1673     0.0213    97.8143 1.0000e-12  -73.95940 -113.86972  40.612150      72.42 3.3347e+02    566.765      13603  1029.3617  1029.3598     4.6401     0.0679     0.1317    34.2068    34.2045    8.15821         24 0.0000e+00
    394.000    389.555    -0.4839  28.211344    -0.4828  28.210659     5.0070     5.1675     0.0213    97.8337 1.0000e-12  -73.95939 -113.86972  40.612161      71.73 3.3656e+02    567.751      13627  1029.3666  1029.3648     4.6410     0.0691     0.1322    34.2072    34.2051    8.15767         23 0.0000e+00
    395.000    390.543    -0.4831  28.213171    -0.4810  28.213463     5.0055     5.1637     0.0167    97.8229 1.0000e-12  -73.95939 -113.86972  40.612173      70.48 3.3318e+02    568.729      13650  1029.3720  1029.3703     4.6406     0.0700     0.1282    34.2082    34.2062    8.15744         24 0.0000e+00
    396.000    391.531    -0.4813  28.215287    -0.4795  28.215351     4.9873     5.1481     0.0178    97.8293 1.0000e-12  -73.95939 -113.86973  40.612184      69.58 3.3349e+02    569.716      13674  1029.3768  1029.3751     4.6408     0.0683     0.1290    34.2084    34.2064    8.15705         23 0.0000e+00
    397.000    392.518    -0.4746  28.222551    -0.4723  28.222697     4.9647     5.1217     0.0214    97.8294 1.0000e-12  -73.95939 -113.86974  40.612196      68.38 3.3693e+02    570.710      13698  1029.3823  1029.3801     4.6409     0.0698     0.1317    34.2100    34.2076    8.15551         24 0.0000e+00
    398.000    393.507    -0.4601  28.236540    -0.4584  28.236135     4.9455     5.0982     0.0185    97.8272 1.0000e-12  -73.95940 -113.86974  40.612207      67.49 3.3315e+02    571.697      13722  1029.3874  1029.3853     4.6407     0.0678     0.1299    34.2119    34.2094    8.15230         24 0.0000e+00
    399.000    394.494    -0.4389  28.257875    -0.4374  28.257158     4.9365     5.0867     0.0112    97.8272 1.0000e-12  -73.95940 -113.86974  40.612219      66.57 3.3333e+02    572.687      13745  1029.3937  1029.3915     4.6408     0.0672     0.1287    34.2160    34.2133    8.14751         24 0.0000e+00
    400.000    395.482    -0.4299  28.266558    -0.4282  28.266438     4.9272     5.0811     0.0057    97.8283 1.0000e-12  -73.95940 -113.86974  40.612230      65.22 3.3726e+02    573.679      13769  1029.3985  1029.3968     4.6408     0.0690     0.1340    34.2169    34.2148    8.14552         24 0.0000e+00
    401.000    396.469    -0.4267  28.270714    -0.4252  28.270114     4.9310     5.0785     0.0139    97.8225 1.0000e-12  -73.95940 -113.86974  40.612241      64.37 3.3351e+02    574.660      13793  1029.4043  1029.4022     4.6405     0.0686     0.1318    34.2183    34.2157    8.14476         23 0.0000e+00
    402.000    397.458    -0.4173  28.280805    -0.4158  28.280205     4.9249     5.0811     0.0059    97.8112 1.0000e-12  -73.95940 -113.86974  40.612253      63.43 3.3349e+02    575.635      13816  1029.4103  1029.4082     4.6400     0.0680     0.1295    34.2206    34.2181    8.14261         23 0.0000e+00
    403.000    398.446    -0.4134  28.285704    -0.4112  28.285791     4.9276     5.0815     0.0132    97.8111 1.0000e-12  -73.95940 -113.86974  40.612264      62.38 3.3750e+02    576.618      13840  1029.4160  1029.4140     4.6400     0.0688     0.1354    34.2221    34.2197    8.14168         24 0.0000e+00
    404.000    399.432    -0.4117  28.287780    -0.4100  28.287476     4.9212     5.0756     0.0143    97.7967 1.0000e-12  -73.95940 -113.86974  40.612275      61.46 3.3385e+02    577.589      13863  1029.4210  1029.4191     4.6393     0.0670     0.1318    34.2224    34.2201    8.14130         23 0.0000e+00
    405.000    400.421    -0.4097  28.290404    -0.4078  28.290446     4.9338     5.0709     0.0143    97.8177 1.0000e-12  -73.95940 -113.86974  40.612287      60.59 3.3355e+02    578.567      13887  1029.4263  1029.4245     4.6403     0.0673     0.1293    34.2231    34.2209    8.14084         24 0.0000e+00
    406.000    401.408    -0.4069  28.294160    -0.4051  28.294152     4.9332     5.0784     0.0143    97.7777 1.0000e-12  -73.95940 -113.86974  40.612298      59.60 3.3717e+02    579.543      13910  1029.4319  1029.4302     4.6384     0.0686     0.1327    34.2243    34.2223    8.14016         23 0.0000e+00
    407.000    402.396    -0.4065  28.295513    -0.4046  28.295471     4.9318     5.0730     0.0103    97.7639 1.0000e-12  -73.95940 -113.86974  40.612309      58.51 3.3524e+02    580.521      13934  1029.4374  1029.4355     4.6378     0.0677     0.1307    34.2251    34.2229    8.14004         24 0.0000e+00
    408.000    403.384    -0.4035  28.299266    -0.4017  28.299138     4.9361     5.0806     0.0057    97.7698 1.0000e-12  -73.95940 -113.86974  40.612320      57.37 3.3419e+02    581.491      13957  1029.4428  1029.4409     4.6381     0.0667     0.1315    34.2261    34.2239    8.13933         23 0.0000e+00
    409.000    404.372    -0.4030  28.300093    -0.4010  28.300462     4.9325     5.0793     0.0054    97.7768 1.0000e-12  -73.95940 -113.86974  40.612332      56.26 3.3663e+02    582.475      13980  1029.4476  1029.4460     4.6384     0.0692     0.1290    34.2260    34.2243    8.13922         24 0.0000e+00
    410.000    405.359    -0.4028  28.300869    -0.4009  28.300771     4.9324     5.0810     0.0059    97.7833 1.0000e-12  -73.95940 -113.86974  40.612343      55.22 3.3595e+02    583.459      14004  1029.4525  1029.4507     4.6387     0.0682     0.1290    34.2263    34.2241    8.13917         23 0.0000e+00
    411.000    406.347    -0.4027  28.301206    -0.4009  28.301292     4.9374     5.0817     0.0144    97.7627 1.0000e-12  -73.95940 -113.86974  40.612355      54.44 3.3494e+02    584.444      14028  1029.4572  1029.4555     4.6378     0.0659     0.1292    34.2261    34.2242    8.13917         24 0.0000e+00
    412.000    407.334    -0.4017  28.302795    -0.4001  28.302509     4.9300     5.0781     0.0207    97.7510 1.0000e-12  -73.95940 -113.86974  40.612366      53.39 3.3671e+02    585.436      14051  1029.4623  1029.4605     4.6372     0.0680     0.1316    34.2265    34.2243    8.13894         24 0.0000e+00
    413.000    408.322    -0.4016  28.303592    -0.4000  28.303276     4.9276     5.0784     0.0153    97.7648 1.0000e-12  -73.95940 -113.86974  40.612378      52.57 3.3686e+02    586.424      14075  1029.4673  1029.4654     4.6378     0.0670     0.1314    34.2268    34.2246    8.13888         24 0.0000e+00
    414.000    409.311    -0.4019  28.303682    -0.4001  28.303594     4.9340     5.0799     0.0140    97.7699 1.0000e-12  -73.95940 -113.86974  40.612389      51.36 3.3496e+02    587.410      14099  1029.4720  1029.4702     4.6381     0.0677     0.1310    34.2267    34.2246    8.13896         23 0.0000e+00
    415.000    410.297    -0.4017  28.304137    -0.4002  28.303881     4.9353     5.0819     0.0094    97.7876 1.0000e-12  -73.95940 -113.86974  40.612401      50.19 3.3672e+02    588.400      14123  1029.4766  1029.4749     4.6389     0.0675     0.1331    34.2265    34.2244    8.13893         24 0.0000e+00
