ocean_section_plots/required_files/ctd/dnbp2202_ctd068.cnv
* Sea-Bird SBE 9 Data File:
* FileName = D:\Data\raw\NBP2202_CTD068.hex
* Software Version Seasave V 7.26.7.121
* Temperature SN = 1649
* Conductivity SN = 2513
* Number of Bytes Per Scan = 40
* Number of Voltage Words = 5
* Number of Scans Averaged by the Deck Unit = 1
* NMEA Latitude = 74 11.19 S
* NMEA Longitude = 112 12.84 W
* NMEA UTC (Time) = Jan 26 2022  00:25:24
* NMEA baud rate = 9600
** Ship: RVIB N.B. Palmer
** Cruise: NBP2202 Thwaites
** Station: 49
** Operator: A. Robinson
** N-S Transect Line
# nquan = 25
# nvalues = 911                         
# units = specified
# name 0 = prDM: Pressure, Digiquartz [db]
# name 1 = depSM: Depth [salt water, m]
# name 2 = t090C: Temperature [ITS-90, deg C]
# name 3 = c0mS/cm: Conductivity [mS/cm]
# name 4 = t190C: Temperature, 2 [ITS-90, deg C]
# name 5 = c1mS/cm: Conductivity, 2 [mS/cm]
# name 6 = sbeox0ML/L: Oxygen, SBE 43 [ml/l]
# name 7 = sbeox1ML/L: Oxygen, SBE 43, 2 [ml/l]
# name 8 = flECO-AFL: Fluorescence, WET Labs ECO-AFL/FL [mg/m^3]
# name 9 = CStarTr0: Beam Transmission, WET Labs C-Star [%]
# name 10 = par: PAR/Irradiance, Biospherical/Licor
# name 11 = latitude: Latitude [deg]
# name 12 = longitude: Longitude [deg]
# name 13 = timeJ: Julian Days
# name 14 = altM: Altimeter [m]
# name 15 = spar: SPAR, Biospherical/Licor
# name 16 = timeS: Time, Elapsed [seconds]
# name 17 = scan: Scan Count
# name 18 = density00: Density [density, kg/m^3]
# name 19 = density11: Density, 2 [density, kg/m^3]
# name 20 = sal00: Salinity, Practical [PSU]
# name 21 = sal11: Salinity, Practical, 2 [PSU]
# name 22 = oxsolML/L: Oxygen Saturation, Garcia & Gordon [ml/l]
# name 23 = nbin: number of scans per bin
# name 24 = flag: flag
# span 0 =      2.000,    912.000       
# span 1 =      1.963,    900.583       
# span 2 =    -1.7339,     0.5336       
# span 3 =  26.847188,  29.566182       
# span 4 =    -1.7336,     0.5355       
# span 5 =  26.847438,  29.566118       
# span 6 =     4.4094,     8.9581       
# span 7 =     4.7166,     9.2386       
# span 8 =    -0.0124,    30.1267       
# span 9 =    60.9934,    96.1596       
# span 10 = -4.303e-04, 2.9545e+02      
# span 11 =  -74.18665,  -74.18662      
# span 12 = -112.21410, -112.21402      
# span 13 =  26.020591,  26.034998      
# span 14 =       3.61,     128.59      
# span 15 = 7.2278e+02, 7.6987e+02      
# span 16 =    255.090,   1499.824      
# span 17 =       6123,      35997      
# span 18 =  1027.2124,  1032.0083      
# span 19 =  1027.2138,  1032.0063      
# span 20 =    33.8328,    34.5557      
# span 21 =    33.8330,    34.5533      
# span 22 =    7.92456,    8.45128      
# span 23 =          3,         46      
# span 24 = 0.0000e+00, 0.0000e+00      
# interval = decibars: 1                
# start_time = Jan 26 2022 00:25:24 [NMEA time, header]
# bad_flag = -9.990e-29
*END*
[from data line 348]
    350.000    346.085    -1.2064  27.530527    -1.2055  27.530053     6.0505     6.2533     0.0166    96.1064 1.0000e-12  -74.18664 -112.21406  26.026910      99.83 7.6139e+02    800.983      19225  1029.1303  1029.1289    34.1289    34.1272    8.32022         27 0.0000e+00
    351.000    347.073    -1.2045  27.532970    -1.2040  27.531907     6.0482     6.2521     0.0906    96.1001 1.0000e-12  -74.18664 -112.21406  26.026923      99.83 7.5795e+02    802.134      19252  1029.1355  1029.1338    34.1295    34.1275    8.31977         28 0.0000e+00
    352.000    348.060    -1.1983  27.539592    -1.1968  27.539247     6.0198     6.2419     0.0091    96.0678 1.0000e-12  -74.18664 -112.21406  26.026937      99.84 7.5984e+02    803.321      19281  1029.1410  1029.1391    34.1309    34.1287    8.31831         29 0.0000e+00
    353.000    349.048    -1.1943  27.543675    -1.1938  27.542779     6.0320     6.2331     0.0204    96.1164 1.0000e-12  -74.18664 -112.21406  26.026950      99.83 7.6059e+02    804.512      19309  1029.1459  1029.1444    34.1313    34.1295    8.31738         27 0.0000e+00
    354.000    350.036    -1.1900  27.548610    -1.1889  27.547965     6.0216     6.2279     0.0156    96.0726 1.0000e-12  -74.18664 -112.21406  26.026963      99.83 7.5703e+02    805.637      19336  1029.1515  1029.1498    34.1326    34.1305    8.31636         27 0.0000e+00
    355.000    351.024    -1.1840  27.555142    -1.1832  27.554355     6.0226     6.2306     0.0190    96.0708 1.0000e-12  -74.18664 -112.21406  26.026976      99.84 7.5869e+02    806.709      19362  1029.1572  1029.1555    34.1341    34.1321    8.31494         26 0.0000e+00
    356.000    352.013    -1.1843  27.555921    -1.1833  27.555483     6.0328     6.2344     0.0068    96.0769 1.0000e-12  -74.18664 -112.21406  26.026989      99.32 7.6059e+02    807.836      19389  1029.1627  1029.1612    34.1349    34.1331    8.31496         28 0.0000e+00
    357.000    352.999    -1.1842  27.557351    -1.1835  27.556612     6.0202     6.2305     0.0092    96.0860 1.0000e-12  -74.18664 -112.21406  26.027003      98.84 7.5738e+02    809.040      19418  1029.1685  1029.1670    34.1361    34.1342    8.31486         29 0.0000e+00
    358.000    353.989    -1.1833  27.559043    -1.1825  27.558097     6.0053     6.2329     0.0114    96.0797 1.0000e-12  -74.18664 -112.21406  26.027017      99.86 7.5811e+02    810.242      19447  1029.1739  1029.1720    34.1368    34.1345    8.31462         28 0.0000e+00
    359.000    354.975    -1.1822  27.560530    -1.1813  27.559820     6.0338     6.2268     0.0069    96.0606 1.0000e-12  -74.18664 -112.21406  26.027030      99.83 7.6085e+02    811.378      19474  1029.1787  1029.1771    34.1369    34.1349    8.31436         27 0.0000e+00
    360.000    355.964    -1.1815  27.561700    -1.1805  27.561059     5.9995     6.2261     0.0103    96.0688 1.0000e-12  -74.18664 -112.21406  26.027043      99.83 7.5770e+02    812.480      19501  1029.1837  1029.1820    34.1371    34.1351    8.31421         26 0.0000e+00
    361.000    356.952    -1.1791  27.564731    -1.1787  27.563604     6.0252     6.2236     0.0143    96.0462 1.0000e-12  -74.18664 -112.21407  26.027055      99.82 7.5804e+02    813.591      19527  1029.1890  1029.1873    34.1379    34.1358    8.31362         27 0.0000e+00
    362.000    357.941    -1.1733  27.571578    -1.1736  27.569246     5.9523     6.1813     0.0143    96.0809 1.0000e-12  -74.18664 -112.21407  26.027069      99.83 7.5969e+02    814.757      19555  1029.1951  1029.1929    34.1400    34.1372    8.31220         29 0.0000e+00
    363.000    358.928    -1.1621  27.582580    -1.1596  27.583478     5.9419     6.1480     0.0143    96.0761 1.0000e-12  -74.18664 -112.21407  26.027083      99.84 7.5747e+02    815.940      19584  1029.2006  1029.1991    34.1418    34.1402    8.30962         28 0.0000e+00
    364.000    359.916    -1.1225  27.622635    -1.1181  27.624041     5.9102     6.1299     0.0143    96.0754 1.0000e-12  -74.18664 -112.21406  26.027096      99.83 7.5755e+02    817.127      19612  1029.2098  1029.2071    34.1509    34.1478    8.30031         29 0.0000e+00
    365.000    360.904    -1.1180  27.626873    -1.1167  27.626482     5.9016     6.1174     0.0197    96.0587 1.0000e-12  -74.18664 -112.21408  26.027110      99.84 7.5974e+02    818.293      19640  1029.2147  1029.2129    34.1510    34.1489    8.29931         27 0.0000e+00
    366.000    361.892    -1.1135  27.632135    -1.1132  27.630707     5.9094     6.1116     0.0159    96.0423 1.0000e-12  -74.18664 -112.21406  26.027123      99.84 7.5822e+02    819.429      19667  1029.2204  1029.2186    34.1524    34.1500    8.29822         27 0.0000e+00
    367.000    362.879    -1.1051  27.640526    -1.1034  27.640576     5.8514     6.1011     0.0085    96.0531 1.0000e-12  -74.18664 -112.21407  26.027136      82.57 7.5728e+02    820.565      19695  1029.2258  1029.2243    34.1537    34.1518    8.29629         28 0.0000e+00
    368.000    363.867    -1.1020  27.643804    -1.1004  27.643540     5.8813     6.0860     0.0191    96.0559 1.0000e-12  -74.18664 -112.21407  26.027150      90.03 7.5934e+02    821.717      19722  1029.2308  1029.2291    34.1540    34.1519    8.29558         28 0.0000e+00
    369.000    364.856    -1.0884  27.656661    -1.0886  27.654586     5.8610     6.0698     0.0151    95.8868 1.0000e-12  -74.18664 -112.21407  26.027163      99.00 7.5818e+02    822.882      19750  1029.2360  1029.2340    34.1555    34.1529    8.29248         28 0.0000e+00
    370.000    365.843    -1.0839  27.660989    -1.0856  27.657959     5.8221     6.0403     0.0215    95.7604 1.0000e-12  -74.18664 -112.21407  26.027176      99.82 7.5674e+02    824.048      19778  1029.2408  1029.2392    34.1556    34.1535    8.29148         28 0.0000e+00
    371.000    366.831    -1.0670  27.677468    -1.0650  27.677543     5.8004     6.0007     0.0234    96.0186 1.0000e-12  -74.18662 -112.21406  26.027190      99.84 7.5859e+02    825.219      19806  1029.2467  1029.2448    34.1583    34.1562    8.28759         28 0.0000e+00
    372.000    367.819    -1.0428  27.700201    -1.0393  27.701309     5.7725     5.9680     0.0385    96.0064 1.0000e-12  -74.18662 -112.21408  26.027203      99.83 7.5872e+02    826.355      19834  1029.2522  1029.2500    34.1613    34.1588    8.28208         26 0.0000e+00
    373.000    368.807    -1.0288  27.713184    -1.0237  27.716022     5.7511     5.9479     0.0305    95.9824 1.0000e-12  -74.18662 -112.21406  26.027216      99.83 7.5673e+02    827.461      19860  1029.2572  1029.2553    34.1625    34.1605    8.27892         27 0.0000e+00
    374.000    369.795    -1.0224  27.719735    -1.0138  27.725250     5.7608     5.9451     0.0284    95.9796 1.0000e-12  -74.18662 -112.21407  26.027229      99.83 7.5880e+02    828.571      19887  1029.2627  1029.2603    34.1635    34.1613    8.27745         27 0.0000e+00
    375.000    370.782    -1.0114  27.729978    -1.0095  27.729938     5.7135     5.9273     0.0235    95.9903 1.0000e-12  -74.18662 -112.21407  26.027242      99.84 7.5916e+02    829.703      19914  1029.2676  1029.2657    34.1644    34.1621    8.27497         28 0.0000e+00
    376.000    371.770    -1.0081  27.733909    -1.0027  27.736700     5.6714     5.8907     0.0307    95.9878 1.0000e-12  -74.18662 -112.21408  26.027256      99.84 7.5630e+02    830.888      19942  1029.2732  1029.2710    34.1654    34.1630    8.27419         28 0.0000e+00
    377.000    372.759    -0.9733  27.766217    -0.9644  27.771713     5.6297     5.8372     0.0350    95.9532 1.0000e-12  -74.18662 -112.21408  26.027270      99.83 7.5770e+02    832.102      19971  1029.2787  1029.2760    34.1692    34.1666    8.26630         29 0.0000e+00
    378.000    373.746    -0.9386  27.798537    -0.9363  27.798015     5.5875     5.8017     0.0396    95.9143 1.0000e-12  -74.18662 -112.21408  26.027283      99.83 7.5911e+02    833.270      19999  1029.2844  1029.2816    34.1732    34.1699    8.25844         28 0.0000e+00
    379.000    374.733    -0.9097  27.825395    -0.9076  27.825266     5.5947     5.7864     0.0520    95.8954 1.0000e-12  -74.18662 -112.21408  26.027296      75.51 7.5627e+02    834.399      20027  1029.2900  1029.2878    34.1764    34.1738    8.25192         26 0.0000e+00
    380.000    375.723    -0.9030  27.831834    -0.9019  27.830865     5.5609     5.7752     0.0620    95.8109 1.0000e-12  -74.18662 -112.21408  26.027309      94.57 7.5888e+02    835.499      20053  1029.2951  1029.2931    34.1769    34.1743    8.25042         27 0.0000e+00
    381.000    376.710    -0.8974  27.837544    -0.8956  27.837183     5.5551     5.7739     0.0607    95.7920 1.0000e-12  -74.18662 -112.21408  26.027322      99.75 7.5902e+02    836.607      20080  1029.3005  1029.2984    34.1777    34.1752    8.24914         27 0.0000e+00
    382.000    377.698    -0.8908  27.843850    -0.8902  27.842634     5.5680     5.7648     0.0652    95.8248 1.0000e-12  -74.18662 -112.21408  26.027335      99.83 7.5548e+02    837.762      20107  1029.3055  1029.3036    34.1781    34.1758    8.24767         28 0.0000e+00
    383.000    378.685    -0.8895  27.845312    -0.8885  27.844525     5.5333     5.7348     0.0655    95.7490 1.0000e-12  -74.18662 -112.21408  26.027349      99.83 7.5821e+02    838.953      20136  1029.3105  1029.3087    34.1780    34.1759    8.24739         29 0.0000e+00
    384.000    379.673    -0.8720  27.863656    -0.8698  27.862737     5.5061     5.6995     0.0655    95.8073 1.0000e-12  -74.18664 -112.21408  26.027363      99.84 7.5968e+02    840.133      20164  1029.3178  1029.3147    34.1825    34.1787    8.24330         27 0.0000e+00
    385.000    380.660    -0.8288  27.904950    -0.8288  27.902560     5.4879     5.6794     0.0655    95.7868 1.0000e-12  -74.18664 -112.21408  26.027376      99.84 7.5579e+02    841.257      20191  1029.3247  1029.3222    34.1889    34.1857    8.23347         27 0.0000e+00
    386.000    381.649    -0.8202  27.913638    -0.8189  27.912843     5.4642     5.6713     0.0655    95.8078 1.0000e-12  -74.18664 -112.21408  26.027389      99.83 7.5706e+02    842.370      20218  1029.3304  1029.3283    34.1903    34.1878    8.23151         27 0.0000e+00
    387.000    382.637    -0.8156  27.918701    -0.8145  27.917789     5.4626     5.6639     0.0655    95.8139 1.0000e-12  -74.18664 -112.21408  26.027402      99.83 7.5871e+02    843.509      20245  1029.3361  1029.3341    34.1914    34.1889    8.23045         28 0.0000e+00
    388.000    383.624    -0.8122  27.922655    -0.8109  27.921934     5.4774     5.6628     0.0772    95.7300 1.0000e-12  -74.18664 -112.21408  26.027415      99.84 7.5592e+02    844.679      20273  1029.3416  1029.3397    34.1923    34.1899    8.22965         28 0.0000e+00
    389.000    384.611    -0.8095  27.926088    -0.8083  27.925196     5.4648     5.6641     0.0802    95.6279 1.0000e-12  -74.18664 -112.21408  26.027429      99.83 7.5705e+02    845.869      20302  1029.3473  1029.3452    34.1932    34.1907    8.22900         28 0.0000e+00
    390.000    385.599    -0.8055  27.930523    -0.8044  27.929743     5.4632     5.6620     0.0732    95.7364 1.0000e-12  -74.18664 -112.21408  26.027442      99.75 7.5891e+02    847.017      20329  1029.3528  1029.3509    34.1941    34.1919    8.22808         28 0.0000e+00
    391.000    386.589    -0.8009  27.935505    -0.7997  27.934844     5.4646     5.6551     0.0799    95.7272 1.0000e-12  -74.18664 -112.21408  26.027455      91.05 7.5596e+02    848.135      20356  1029.3582  1029.3563    34.1951    34.1929    8.22703         26 0.0000e+00
    392.000    387.574    -0.7977  27.939061    -0.7967  27.938131     5.4697     5.6500     0.1000    95.6982 1.0000e-12  -74.18664 -112.21408  26.027468      99.80 7.5640e+02    849.267      20383  1029.3634  1029.3614    34.1957    34.1932    8.22630         28 0.0000e+00
    393.000    388.563    -0.7942  27.942868    -0.7930  27.942105     5.4682     5.6472     0.0736    95.7268 1.0000e-12  -74.18664 -112.21408  26.027482      99.83 7.5912e+02    850.442      20412  1029.3686  1029.3666    34.1963    34.1939    8.22551         28 0.0000e+00
    394.000    389.552    -0.7939  27.943550    -0.7927  27.942909     5.4505     5.6470     0.0789    95.7054 1.0000e-12  -74.18664 -112.21408  26.027495      99.83 7.5671e+02    851.607      20440  1029.3735  1029.3716    34.1962    34.1940    8.22543         28 0.0000e+00
    395.000    390.538    -0.7931  27.944826    -0.7921  27.943989     5.4569     5.6463     0.0718    95.7142 1.0000e-12  -74.18664 -112.21408  26.027508      99.83 7.5594e+02    852.730      20467  1029.3785  1029.3767    34.1964    34.1942    8.22524         26 0.0000e+00
    396.000    391.527    -0.7913  27.947022    -0.7898  27.946729     5.4559     5.6450     0.0756    95.6368 1.0000e-12  -74.18664 -112.21408  26.027521      99.83 7.5884e+02    853.838      20493  1029.3836  1029.3817    34.1968    34.1947    8.22484         27 0.0000e+00
    397.000    392.514    -0.7902  27.948485    -0.7888  27.948046     5.4473     5.6364     0.1053    95.6789 1.0000e-12  -74.18664 -112.21408  26.027535      99.83 7.5716e+02    854.980      20521  1029.3884  1029.3866    34.1968    34.1947    8.22458         28 0.0000e+00
    398.000    393.502    -0.7882  27.950953    -0.7869  27.950413     5.4494     5.6341     0.0802    95.7105 1.0000e-12  -74.18664 -112.21408  26.027548      99.83 7.5567e+02    856.168      20549  1029.3935  1029.3916    34.1974    34.1951    8.22413         29 0.0000e+00
    399.000    394.490    -0.7875  27.952077    -0.7864  27.951402     5.4551     5.6335     0.0820    95.7119 1.0000e-12  -74.18664 -112.21408  26.027562      99.83 7.5798e+02    857.354      20578  1029.3985  1029.3967    34.1975    34.1954    8.22397         28 0.0000e+00
    400.000    395.479    -0.7866  27.953464    -0.7857  27.952552     5.4498     5.6283     0.0652    95.6953 1.0000e-12  -74.18664 -112.21408  26.027575      99.83 7.5666e+02    858.504      20605  1029.4034  1029.4015    34.1977    34.1955    8.22375         27 0.0000e+00
    401.000    396.464    -0.7837  27.956727    -0.7820  27.956294     5.4316     5.6213     0.0655    95.7002 1.0000e-12  -74.18664 -112.21408  26.027588      95.79 7.5530e+02    859.625      20632  1029.4084  1029.4064    34.1982    34.1958    8.22309         27 0.0000e+00
    402.000    397.453    -0.7762  27.964182    -0.7747  27.963823     5.4230     5.6135     0.0652    95.6936 1.0000e-12  -74.18664 -112.21408  26.027601      80.63 7.5795e+02    860.761      20659  1029.4135  1029.4117    34.1993    34.1971    8.22140         28 0.0000e+00
    403.000    398.440    -0.7647  27.975932    -0.7631  27.975234     5.4189     5.6007     0.0739    95.6611 1.0000e-12  -74.18664 -112.21408  26.027615      94.18 7.5791e+02    861.916      20687  1029.4193  1029.4170    34.2016    34.1988    8.21877         27 0.0000e+00
    404.000    399.429    -0.7586  27.981957    -0.7572  27.981442     5.4003     5.5965     0.0713    95.6659 1.0000e-12  -74.18664 -112.21407  26.027628      99.79 7.5452e+02    863.060      20714  1029.4242  1029.4223    34.2022    34.1999    8.21740         28 0.0000e+00
    405.000    400.416    -0.7487  27.992737    -0.7466  27.992236     5.3963     5.5859     0.0656    95.6830 1.0000e-12  -74.18664 -112.21406  26.027641      99.84 7.5636e+02    864.202      20742  1029.4305  1029.4279    34.2049    34.2019    8.21508         28 0.0000e+00
    406.000    401.404    -0.7300  28.011564    -0.7284  28.011210     5.4124     5.5878     0.0760    95.7041 1.0000e-12  -74.18664 -112.21406  26.027655      99.83 7.5743e+02    865.369      20770  1029.4369  1029.4349    34.2086    34.2064    8.21079         25 0.0000e+00
