ocean_section_plots/required_files/ctd/dnbp2202_ctd180.cnv
* Sea-Bird SBE 9 Data File:
* FileName = D:\Data\raw\NBP2202_CTD180.hex
* Software Version Seasave V 7.26.7.121
* Temperature SN = 1649
* Conductivity SN = 2513
* Number of Bytes Per Scan = 40
* Number of Voltage Words = 5
* Number of Scans Averaged by the Deck Unit = 1
* NMEA Latitude = 74 06.95 S
* NMEA Longitude = 111 24.01 W
* NMEA UTC (Time) = Feb 04 2022  00:45:51
* NMEA baud rate = 9600
** Ship: RVIB N.B. Palmer
** Cruise: NBP2202 Thwaites
** Station: 102
** Operator: A. Robinson
# nquan = 28
# nvalues = 273                         
# units = specified
# name 0 = prDM: Pressure, Digiquartz [db]
# name 1 = depSM: Depth [salt water, m]
# name 2 = t090C: Temperature [ITS-90, deg C]
# name 3 = c0mS/cm: Conductivity [mS/cm]
# name 4 = t190C: Temperature, 2 [ITS-90, deg C]
# name 5 = c1mS/cm: Conductivity, 2 [mS/cm]
# name 6 = sbeox0ML/L: Oxygen, SBE 43 [ml/l]
# name 7 = sbeox1ML/L: Oxygen, SBE 43, 2 [ml/l]
# name 8 = flECO-AFL: Fluorescence, WET Labs ECO-AFL/FL [mg/m^3]
# name 9 = CStarTr0: Beam Transmission, WET Labs C-Star [%]
# name 10 = par: PAR/Irradiance, Biospherical/Licor
# name 11 = latitude: Latitude [deg]
# name 12 = longitude: Longitude [deg]
# name 13 = timeJ: Julian Days
# name 14 = altM: Altimeter [m]
# name 15 = spar: SPAR, Biospherical/Licor
# name 16 = timeS: Time, Elapsed [seconds]
# name 17 = scan: Scan Count
# name 18 = density00: Density [density, kg/m^3]
# name 19 = density11: Density, 2 [density, kg/m^3]
# name 20 = v3: Voltage 3
# name 21 = v4: Voltage 4
# name 22 = v5: Voltage 5
# name 23 = sal00: Salinity, Practical [PSU]
# name 24 = sal11: Salinity, Practical, 2 [PSU]
# name 25 = oxsolML/L: Oxygen Saturation, Garcia & Gordon [ml/l]
# name 26 = nbin: number of scans per bin
# name 27 = flag: flag
# span 0 =      2.000,    274.000       
# span 1 =      1.975,    270.994       
# span 2 =    -1.5611,    -1.0829       
# span 3 =  27.016494,  27.294061       
# span 4 =    -1.5612,    -1.0833       
# span 5 =  27.016471,  27.293711       
# span 6 =     6.0758,     7.5198       
# span 7 =     6.2071,     7.7021       
# span 8 =     0.0280,     8.5187       
# span 9 =    83.6769,    98.5039       
# span 10 = 1.0000e-12, 7.6213e+02      
# span 11 =  -74.11596,  -74.11550      
# span 12 = -111.40189, -111.40015      
# span 13 =  35.035302,  35.040572      
# span 14 =       5.49,     100.10      
# span 15 = 1.5038e+03, 1.5185e+03      
# span 16 =    299.073,    754.437      
# span 17 =       7179,      18107      
# span 18 =  1027.1937,  1028.7007      
# span 19 =  1027.1959,  1028.6990      
# span 20 =     3.9698,     4.6729      
# span 21 =     0.0707,     1.5153      
# span 22 =     0.1154,     0.1704      
# span 23 =    33.7956,    34.0372      
# span 24 =    33.7980,    34.0352      
# span 25 =    8.31223,    8.40971      
# span 26 =         22,         45      
# span 27 = 0.0000e+00, 0.0000e+00      
# interval = decibars: 1                
# start_time = Feb 04 2022 00:45:51 [NMEA time, header]
# bad_flag = -9.990e-29
*END*
[from data line 259]
    261.000    258.138    -1.3713  27.284953    -1.3702  27.284822     6.0812     6.2123     0.0469    98.3485 1.0000e-12  -74.11566 -111.40124  35.039530      19.15 1.5073e+03    664.430      15947  1028.6363  1028.6351     4.6655     0.0731     0.1265    34.0345    34.0331    8.36262         40 0.0000e+00
    262.000    259.127    -1.3712  27.285830    -1.3701  27.285521     6.0827     6.2123     0.0306    98.4622 1.0000e-12  -74.11566 -111.40126  35.039563      18.15 1.5071e+03    667.244      16015  1028.6414  1028.6400     4.6709     0.0738     0.1236    34.0350    34.0333    8.36257         41 0.0000e+00
    263.000    260.114    -1.3710  27.286488    -1.3699  27.286269     6.0833     6.2127     0.0398    98.4507 1.0000e-12  -74.11566 -111.40128  35.039606      17.03 1.5060e+03    670.949      16104  1028.6464  1028.6450     4.6703     0.0729     0.1239    34.0351    34.0335    8.36253         34 0.0000e+00
    264.000    261.104    -1.3704  27.287690    -1.3693  27.287468     6.0795     6.2112     0.0464    98.4091 1.0000e-12  -74.11564 -111.40130  35.039642      16.05 1.5066e+03    674.100      16179  1028.6513  1028.6500     4.6684     0.0752     0.1259    34.0354    34.0339    8.36237         35 0.0000e+00
    265.000    262.089    -1.3708  27.287796    -1.3699  27.287322     6.0814     6.2095     0.0553    98.3927 1.0000e-12  -74.11564 -111.40133  35.039678      15.09 1.5052e+03    677.214      16254  1028.6561  1028.6547     4.6675     0.0764     0.1244    34.0354    34.0337    8.36247         39 0.0000e+00
    266.000    263.079    -1.3709  27.288011    -1.3699  27.287677     6.0809     6.2120     0.0564    98.4965 1.0000e-12  -74.11564 -111.40135  35.039714      14.15 1.5055e+03    680.300      16328  1028.6607  1028.6594     4.6725     0.0756     0.1252    34.0352    34.0335    8.36250         45 0.0000e+00
    267.000    264.070    -1.3710  27.288313    -1.3699  27.287963     6.0800     6.2105     0.0391    98.3955 1.0000e-12  -74.11562 -111.40137  35.039751      13.17 1.5055e+03    683.463      16404  1028.6655  1028.6640     4.6678     0.0809     0.1233    34.0351    34.0334    8.36253         36 0.0000e+00
    268.000    265.052    -1.3712  27.288440    -1.3699  27.288365     6.0783     6.2111     0.0835    98.3865 1.0000e-12  -74.11562 -111.40140  35.039787      12.15 1.5055e+03    686.634      16480  1028.6701  1028.6687     4.6673     0.0737     0.1276    34.0348    34.0333    8.36258         40 0.0000e+00
    269.000    266.044    -1.3706  27.289931    -1.3693  27.289666     6.0807     6.2113     0.0721    98.3688 1.0000e-12  -74.11560 -111.40141  35.039823      11.18 1.5055e+03    689.681      16553  1028.6754  1028.6739     4.6665     0.0744     0.1219    34.0356    34.0338    8.36240         37 0.0000e+00
    270.000    267.037    -1.3705  27.290321    -1.3693  27.290090     6.0758     6.2097     0.0513    98.4903 1.0000e-12  -74.11560 -111.40143  35.039858      10.19 1.5044e+03    692.697      16626  1028.6801  1028.6787     4.6722     0.0934     0.1284    34.0354    34.0338    8.36239         42 0.0000e+00
    271.000    268.019    -1.3706  27.290749    -1.3694  27.290411     6.0782     6.2137     0.0280    98.4525 1.0000e-12  -74.11560 -111.40144  35.039893       9.12 1.5054e+03    695.734      16699  1028.6849  1028.6834     4.6704     0.0726     0.1351    34.0355    34.0337    8.36241         39 0.0000e+00
    272.000    269.009    -1.3701  27.291943    -1.3689  27.291637     6.0801     6.2110     0.0726    98.5039 1.0000e-12  -74.11560 -111.40146  35.039929       8.07 1.5049e+03    698.866      16774  1028.6900  1028.6886     4.6729     0.0796     0.1244    34.0360    34.0342    8.36227         38 0.0000e+00
    273.000    269.997    -1.3697  27.292821    -1.3686  27.292531     6.0790     6.2107     0.0485    98.4890 1.0000e-12  -74.11558 -111.40149  35.039965       7.01 1.5052e+03    701.990      16849  1028.6950  1028.6936     4.6722     0.0733     0.1242    34.0362    34.0345    8.36218         41 0.0000e+00
    274.000    270.994    -1.3697  27.294061    -1.3684  27.293711     6.0822     6.2158     0.0537    98.5019 1.0000e-12  -74.11550 -111.40189  35.040572       5.49 1.5038e+03    754.437      18107  1028.7007  1028.6990     4.6727     0.0895     0.1254    34.0372    34.0352    8.36211         22 0.0000e+00
