ocean_section_plots/required_files/ctd/dnbp2202_ctd192.cnv
* Sea-Bird SBE 9 Data File:
* FileName = D:\Data\raw\NBP2202_CTD192.hex
* Software Version Seasave V 7.26.7.121
* Temperature SN = 1649
* Conductivity SN = 2513
* Number of Bytes Per Scan = 40
* Number of Voltage Words = 5
* Number of Scans Averaged by the Deck Unit = 1
* NMEA Latitude = 74 10.65 S
* NMEA Longitude = 113 14.44 W
* NMEA UTC (Time) = Feb 07 2022  11:24:19
* NMEA baud rate = 9600
** Ship: RVIB N.B. Palmer
** Cruise: NBP2202 Thwaites
** Station: 113
** Operator: B Bjork
# nquan = 28
# nvalues = 861                         
# units = specified
# name 0 = prDM: Pressure, Digiquartz [db]
# name 1 = depSM: Depth [salt water, m]
# name 2 = t090C: Temperature [ITS-90, deg C]
# name 3 = c0mS/cm: Conductivity [mS/cm]
# name 4 = t190C: Temperature, 2 [ITS-90, deg C]
# name 5 = c1mS/cm: Conductivity, 2 [mS/cm]
# name 6 = sbeox0ML/L: Oxygen, SBE 43 [ml/l]
# name 7 = sbeox1ML/L: Oxygen, SBE 43, 2 [ml/l]
# name 8 = flECO-AFL: Fluorescence, WET Labs ECO-AFL/FL [mg/m^3]
# name 9 = CStarTr0: Beam Transmission, WET Labs C-Star [%]
# name 10 = par: PAR/Irradiance, Biospherical/Licor
# name 11 = latitude: Latitude [deg]
# name 12 = longitude: Longitude [deg]
# name 13 = timeJ: Julian Days
# name 14 = altM: Altimeter [m]
# name 15 = spar: SPAR, Biospherical/Licor
# name 16 = timeS: Time, Elapsed [seconds]
# name 17 = scan: Scan Count
# name 18 = density00: Density [density, kg/m^3]
# name 19 = density11: Density, 2 [density, kg/m^3]
# name 20 = v3: Voltage 3
# name 21 = v4: Voltage 4
# name 22 = v5: Voltage 5
# name 23 = sal00: Salinity, Practical [PSU]
# name 24 = sal11: Salinity, Practical, 2 [PSU]
# name 25 = oxsolML/L: Oxygen Saturation, Garcia & Gordon [ml/l]
# name 26 = nbin: number of scans per bin
# name 27 = flag: flag
# span 0 =      2.000,    862.000       
# span 1 =      1.979,    851.296       
# span 2 =    -1.6202,     0.3128       
# span 3 =  26.837452,  29.285484       
# span 4 =    -1.6212,     0.3147       
# span 5 =  26.840536,  29.285243       
# span 6 =     4.6286,     8.7398       
# span 7 =     4.7209,     8.9867       
# span 8 =    -0.0213,    24.3159       
# span 9 =    75.2356,    98.4954       
# span 10 = 1.0000e-12, 1.1045e+01      
# span 11 =  -74.17756,  -74.17756      
# span 12 = -113.24076, -113.24068      
# span 13 =  38.477284,  38.487999      
# span 14 =     -31.95,     101.10      
# span 15 = 3.3437e+01, 5.8633e+01      
# span 16 =    178.293,   1104.148      
# span 17 =       4280,      26501      
# span 18 =  1027.1704,  1031.7213      
# span 19 =  1027.1711,  1031.7197      
# span 20 =     3.5695,     4.6725      
# span 21 =     0.0636,     3.4300      
# span 22 =     0.1152,     0.2559      
# span 23 =    33.7759,    34.4657      
# span 24 =    33.7750,    34.4632      
# span 25 =    7.97501,    8.43285      
# span 26 =          3,         48      
# span 27 = 0.0000e+00, 0.0000e+00      
# interval = decibars: 1                
# start_time = Feb 07 2022 11:24:19 [NMEA time, header]
# bad_flag = -9.990e-29
*END*
[from data line 156]
    158.000    156.306    -1.4814  27.087868    -1.4809  27.087649     6.2850     6.4197     0.3752    97.4614 1.0000e-12  -74.17756 -113.24071  38.479603      99.92 3.3494e+01    378.694       9090  1028.0797  1028.0790     4.6235     0.1477     0.1245    33.9525    33.9517    8.39227         24 0.0000e+00
    159.000    157.293    -1.4812  27.089837    -1.4809  27.089203     6.2982     6.4300     0.4577    97.6097 1.0000e-12  -74.17756 -113.24071  38.479615      99.92 3.4893e+01    379.689       9114  1028.0861  1028.0851     4.6304     0.1419     0.1223    33.9544    33.9531    8.39211         24 0.0000e+00
    160.000    158.282    -1.4807  27.090788    -1.4801  27.090646     6.2949     6.4283     0.7845    97.5710 1.0000e-12  -74.17756 -113.24071  38.479626      99.92 3.4526e+01    380.681       9137  1028.0910  1028.0903     4.6286     0.1570     0.1248    33.9545    33.9536    8.39200         24 0.0000e+00
    161.000    159.273    -1.4800  27.092142    -1.4795  27.091884     6.2902     6.4252     0.5951    97.4308 1.0000e-12  -74.17756 -113.24071  38.479637      99.91 3.3504e+01    381.658       9161  1028.0962  1028.0955     4.6220     0.2205     0.1219    33.9549    33.9540    8.39181         23 0.0000e+00
    162.000    160.260    -1.4797  27.093058    -1.4792  27.092830     6.2905     6.4268     0.5836    97.4923 1.0000e-12  -74.17756 -113.24070  38.479649      99.91 3.4595e+01    382.644       9184  1028.1013  1028.1006     4.6249     0.2066     0.1228    33.9553    33.9543    8.39173         24 0.0000e+00
    163.000    161.249    -1.4798  27.093545    -1.4792  27.093489     6.2865     6.4300     0.6904    97.4016 1.0000e-12  -74.17756 -113.24070  38.479660      96.26 3.4492e+01    383.625       9208  1028.1063  1028.1057     4.6206     0.1739     0.1205    33.9554    33.9547    8.39174         23 0.0000e+00
    164.000    162.239    -1.4798  27.094077    -1.4793  27.093937     6.2807     6.4318     0.8483    97.1462 1.0000e-12  -74.17756 -113.24070  38.479671      56.51 3.3570e+01    384.603       9231  1028.1112  1028.1105     4.6085     0.1607     0.1247    33.9555    33.9547    8.39173         24 0.0000e+00
    165.000    163.226    -1.4799  27.094733    -1.4792  27.094599     6.2782     6.4261     0.8932    97.4441 1.0000e-12  -74.17756 -113.24070  38.479683      93.88 3.3494e+01    385.594       9255  1028.1163  1028.1156     4.6226     0.2070     0.1252    33.9559    33.9549    8.39173         23 0.0000e+00
    166.000    164.217    -1.4792  27.096822    -1.4787  27.096595     6.2840     6.4236     0.8121    97.2992 1.0000e-12  -74.17756 -113.24070  38.479694     100.06 3.4850e+01    386.587       9279  1028.1223  1028.1216     4.6157     0.2407     0.1226    33.9573    33.9564    8.39148         24 0.0000e+00
    167.000    165.205    -1.4785  27.098396    -1.4778  27.098331     6.2801     6.4247     0.7025    97.1076 1.0000e-12  -74.17756 -113.24070  38.479706      99.91 3.3570e+01    387.561       9302  1028.1277  1028.1270     4.6067     0.2000     0.1236    33.9581    33.9573    8.39128         24 0.0000e+00
    168.000    166.194    -1.4783  27.099880    -1.4777  27.099448     6.2829     6.4251     0.6167    96.8812 1.0000e-12  -74.17756 -113.24070  38.479717      99.92 3.4100e+01    388.526       9326  1028.1335  1028.1324     4.5959     0.1605     0.1239    33.9593    33.9580    8.39117         23 0.0000e+00
    169.000    167.183    -1.4779  27.102402    -1.4774  27.102160     6.2829     6.4219     0.9097    96.8656 1.0000e-12  -74.17756 -113.24070  38.479728      99.92 3.5310e+01    389.481       9349  1028.1403  1028.1395     4.5952     0.1786     0.1246    33.9617    33.9608    8.39094         23 0.0000e+00
    170.000    168.171    -1.4778  27.105048    -1.4772  27.104899     6.2879     6.4234     0.6615    97.0221 1.0000e-12  -74.17756 -113.24070  38.479739      99.91 3.3659e+01    390.452       9372  1028.1474  1028.1467     4.6026     0.2170     0.1243    33.9646    33.9637    8.39073         23 0.0000e+00
    171.000    169.160    -1.4777  27.106135    -1.4770  27.105981     6.2883     6.4259     1.4993    97.0236 1.0000e-12  -74.17756 -113.24070  38.479751      99.91 3.3494e+01    391.442       9396  1028.1528  1028.1520     4.6027     0.1983     0.1216    33.9653    33.9644    8.39066         24 0.0000e+00
    172.000    170.147    -1.4775  27.107012    -1.4769  27.106733     6.2821     6.4269     1.0025    96.8437 1.0000e-12  -74.17756 -113.24070  38.479762      99.92 3.4584e+01    392.431       9419  1028.1580  1028.1571     4.5942     0.1858     0.1270    33.9657    33.9646    8.39061         23 0.0000e+00
    173.000    171.139    -1.4782  27.107455    -1.4776  27.107211     6.2820     6.4270     0.9468    97.0114 1.0000e-12  -74.17756 -113.24070  38.479773      99.91 3.3866e+01    393.392       9442  1028.1635  1028.1626     4.6021     0.2240     0.1267    33.9666    33.9654    8.39072         23 0.0000e+00
    174.000    172.126    -1.4781  27.108246    -1.4775  27.108144     6.2840     6.4298     0.8430    97.0830 1.0000e-12  -74.17756 -113.24070  38.479784      99.91 3.3493e+01    394.360       9466  1028.1685  1028.1679     4.6055     0.2103     0.1238    33.9668    33.9660    8.39066         24 0.0000e+00
    175.000    173.116    -1.4795  27.108009    -1.4788  27.107974     6.2789     6.4297     0.7379    96.7667 1.0000e-12  -74.17756 -113.24070  38.479796      99.92 3.4339e+01    395.356       9490  1028.1740  1028.1733     4.5904     0.1990     0.1254    33.9675    33.9667    8.39095         24 0.0000e+00
    176.000    174.103    -1.4805  27.107947    -1.4801  27.107700     6.2841     6.4305     0.9593    96.9449 1.0000e-12  -74.17756 -113.24070  38.479807      99.90 3.3492e+01    396.358       9514  1028.1791  1028.1785     4.5990     0.2814     0.1274    33.9679    33.9671    8.39115         24 0.0000e+00
    177.000    175.095    -1.4816  27.107884    -1.4811  27.107647     6.2818     6.4317     0.8776    97.1914 1.0000e-12  -74.17756 -113.24070  38.479819      96.22 3.3495e+01    397.335       9537  1028.1844  1028.1837     4.6105     0.1839     0.1234    33.9684    33.9675    8.39136         23 0.0000e+00
    178.000    176.082    -1.4819  27.108240    -1.4813  27.108009     6.2854     6.4322     0.8687    96.9957 1.0000e-12  -74.17756 -113.24070  38.479830      99.91 3.3495e+01    398.312       9560  1028.1894  1028.1886     4.6014     0.2373     0.1276    33.9687    33.9677    8.39142         24 0.0000e+00
    179.000    177.071    -1.4819  27.108603    -1.4814  27.108379     6.2837     6.4340     0.7983    96.8935 1.0000e-12  -74.17756 -113.24070  38.479841      99.91 3.3495e+01    399.289       9584  1028.1942  1028.1934     4.5965     0.2071     0.1247    33.9686    33.9676    8.39143         23 0.0000e+00
    180.000    178.059    -1.4820  27.108972    -1.4815  27.108804     6.2789     6.4339     0.6696    96.9347 1.0000e-12  -74.17756 -113.24070  38.479853      99.91 3.3495e+01    400.273       9608  1028.1990  1028.1983     4.5985     0.2122     0.1216    33.9686    33.9678    8.39146         24 0.0000e+00
    181.000    179.048    -1.4824  27.109423    -1.4817  27.109230     6.2797     6.4304     0.5469    96.9953 1.0000e-12  -74.17756 -113.24070  38.479864      99.91 3.3495e+01    401.252       9631  1028.2041  1028.2032     4.6013     0.2302     0.1294    33.9689    33.9679    8.39150         23 0.0000e+00
    182.000    180.037    -1.4835  27.109378    -1.4832  27.109053     6.2797     6.4241     0.6675    96.6520 1.0000e-12  -74.17756 -113.24070  38.479875      99.92 3.3495e+01    402.224       9654  1028.2094  1028.2088     4.5850     0.1892     0.1265    33.9695    33.9687    8.39173         24 0.0000e+00
    183.000    181.027    -1.4871  27.108368    -1.4865  27.108107     6.2860     6.4267     1.1084    96.4230 1.0000e-12  -74.17756 -113.24070  38.479886      99.91 3.3495e+01    403.190       9678  1028.2161  1028.2153     4.5742     0.1809     0.1269    33.9716    33.9706    8.39241         23 0.0000e+00
    184.000    182.014    -1.4879  27.108451    -1.4873  27.108189     6.2809     6.4288     1.2223    96.5698 1.0000e-12  -74.17756 -113.24070  38.479898      99.92 3.4162e+01    404.160       9701  1028.2213  1028.2204     4.5812     0.1844     0.1245    33.9720    33.9710    8.39257         23 0.0000e+00
    185.000    183.003    -1.4878  27.108986    -1.4873  27.108730     6.2787     6.4213     0.8901    96.7623 1.0000e-12  -74.17756 -113.24070  38.479909      99.91 3.5188e+01    405.131       9724  1028.2261  1028.2253     4.5903     0.2154     0.1296    33.9720    33.9711    8.39255         23 0.0000e+00
    186.000    183.992    -1.4868  27.110026    -1.4865  27.109689     6.2819     6.4211     0.7227    97.0323 1.0000e-12  -74.17756 -113.24070  38.479920      99.91 3.3473e+01    406.096       9747  1028.2305  1028.2299     4.6031     0.1901     0.1215    33.9717    33.9709    8.39235         23 0.0000e+00
    187.000    184.982    -1.4878  27.109993    -1.4872  27.109780     6.2771     6.4232     0.5682    97.0774 1.0000e-12  -74.17756 -113.24070  38.479931      99.92 3.4158e+01    407.065       9771  1028.2358  1028.2349     4.6052     0.1539     0.1269    33.9722    33.9712    8.39254         24 0.0000e+00
    188.000    185.969    -1.4910  27.109589    -1.4905  27.109408     6.2801     6.4174     0.5352    96.9710 1.0000e-12  -74.17756 -113.24070  38.479943      99.92 3.4795e+01    408.037       9794  1028.2427  1028.2420     4.6001     0.1531     0.1295    33.9746    33.9739    8.39312         23 0.0000e+00
    189.000    186.959    -1.4927  27.111382    -1.4921  27.111121     6.2679     6.4187     0.8027    96.6028 1.0000e-12  -74.17756 -113.24070  38.479954      99.92 3.3486e+01    409.027       9818  1028.2506  1028.2498     4.5828     0.1905     0.1263    33.9784    33.9774    8.39327         24 0.0000e+00
    190.000    187.946    -1.4928  27.111940    -1.4924  27.111598     6.2639     6.4257     0.7481    96.8902 1.0000e-12  -74.17756 -113.24070  38.479966      86.30 3.3865e+01    410.027       9842  1028.2557  1028.2549     4.5963     0.1307     0.1250    33.9787    33.9777    8.39329         24 0.0000e+00
    191.000    188.935    -1.4927  27.112936    -1.4923  27.112704     6.2633     6.4269     0.4358    96.9240 1.0000e-12  -74.17756 -113.24070  38.479977      99.97 3.5485e+01    411.025       9866  1028.2610  1028.2602     4.5979     0.1574     0.1225    33.9794    33.9785    8.39323         24 0.0000e+00
    192.000    189.926    -1.4936  27.113187    -1.4930  27.112970     6.2676     6.4226     0.4841    96.7103 1.0000e-12  -74.17756 -113.24070  38.479988      99.92 3.3557e+01    412.007       9889  1028.2664  1028.2656     4.5878     0.1410     0.1223    33.9801    33.9791    8.39338         23 0.0000e+00
    193.000    190.912    -1.4946  27.113059    -1.4939  27.113076     6.2754     6.4157     0.4961    97.1963 1.0000e-12  -74.17756 -113.24070  38.480000      99.92 3.3791e+01    412.990       9913  1028.2715  1028.2708     4.6109     0.1426     0.1236    33.9804    33.9796    8.39358         24 0.0000e+00
    194.000    191.903    -1.4957  27.112924    -1.4951  27.112700     6.2689     6.4192     0.3669    97.3795 1.0000e-12  -74.17756 -113.24070  38.480011      99.92 3.5780e+01    413.983       9937  1028.2767  1028.2759     4.6195     0.1508     0.1237    33.9808    33.9798    8.39380         24 0.0000e+00
    195.000    192.890    -1.4951  27.114140    -1.4944  27.114002     6.2604     6.4234     0.3617    97.2535 1.0000e-12  -74.17756 -113.24070  38.480023      99.92 3.3875e+01    414.960       9960  1028.2817  1028.2809     4.6136     0.1416     0.1244    33.9812    33.9802    8.39365         23 0.0000e+00
    196.000    193.879    -1.4953  27.115172    -1.4945  27.114941     6.2665     6.4227     0.3219    97.5440 1.0000e-12  -74.17756 -113.24070  38.480034      99.92 3.3724e+01    415.925       9983  1028.2873  1028.2864     4.6273     0.1512     0.1216    33.9822    33.9811    8.39363         23 0.0000e+00
    197.000    194.869    -1.4955  27.115727    -1.4949  27.115482     6.2693     6.4204     0.3088    97.4446 1.0000e-12  -74.17756 -113.24070  38.480045      99.92 3.5421e+01    416.881      10006  1028.2924  1028.2917     4.6226     0.1283     0.1218    33.9826    33.9816    8.39365         23 0.0000e+00
    198.000    195.856    -1.4957  27.116324    -1.4950  27.116200     6.2762     6.4133     0.3070    97.5200 1.0000e-12  -74.17756 -113.24070  38.480056      99.92 3.4540e+01    417.836      10029  1028.2976  1028.2968     4.6262     0.1531     0.1215    33.9831    33.9821    8.39368         24 0.0000e+00
    199.000    196.846    -1.4955  27.117145    -1.4948  27.116991     6.2719     6.4161     0.4803    97.5857 1.0000e-12  -74.17756 -113.24071  38.480067      99.92 3.3504e+01    418.824      10053  1028.3025  1028.3017     4.6293     0.1470     0.1229    33.9833    33.9823    8.39361         23 0.0000e+00
    200.000    197.835    -1.4952  27.118099    -1.4945  27.117914     6.2768     6.4186     0.4284    97.5311 1.0000e-12  -74.17756 -113.24071  38.480079      99.92 3.5142e+01    419.831      10077  1028.3077  1028.3068     4.6268     0.1335     0.1225    33.9837    33.9826    8.39353         24 0.0000e+00
    201.000    198.822    -1.4947  27.119387    -1.4942  27.119108     6.2722     6.4213     0.3075    97.7657 1.0000e-12  -74.17756 -113.24071  38.480090      99.92 3.4795e+01    420.803      10100  1028.3129  1028.3121     4.6378     0.1399     0.1225    33.9842    33.9833    8.39338         23 0.0000e+00
    202.000    199.813    -1.4943  27.120675    -1.4937  27.120408     6.2636     6.4182     0.2622    97.7194 1.0000e-12  -74.17756 -113.24071  38.480101      99.92 3.3568e+01    421.753      10123  1028.3183  1028.3173     4.6357     0.1293     0.1218    33.9850    33.9839    8.39325         23 0.0000e+00
    203.000    200.799    -1.4937  27.122269    -1.4932  27.121876     6.2618     6.4103     0.2724    97.7728 1.0000e-12  -74.17756 -113.24071  38.480112      99.66 3.4799e+01    422.715      10146  1028.3237  1028.3227     4.6382     0.1328     0.1208    33.9858    33.9847    8.39305         24 0.0000e+00
    204.000    201.790    -1.4927  27.124260    -1.4922  27.123907     6.2628     6.4147     0.2754    97.5770 1.0000e-12  -74.17756 -113.24071  38.480124      97.09 3.5178e+01    423.699      10170  1028.3292  1028.3283     4.6289     0.1439     0.1217    33.9868    33.9857    8.39277         23 0.0000e+00
    205.000    202.778    -1.4928  27.124884    -1.4922  27.124661     6.2591     6.4106     0.3038    97.5729 1.0000e-12  -74.17756 -113.24071  38.480135      99.94 3.3633e+01    424.693      10194  1028.3343  1028.3334     4.6287     0.1168     0.1224    33.9872    33.9862    8.39277         24 0.0000e+00
    206.000    203.766    -1.4923  27.126174    -1.4918  27.125837     6.2513     6.4032     0.2539    97.6728 1.0000e-12  -74.17756 -113.24071  38.480147      99.92 3.4377e+01    425.688      10218  1028.3396  1028.3386     4.6334     0.1437     0.1219    33.9878    33.9867    8.39263         24 0.0000e+00
    207.000    204.755    -1.4907  27.128822    -1.4903  27.128120     6.2502     6.4031     0.5981    97.5854 1.0000e-12  -74.17756 -113.24070  38.480158      99.92 3.5714e+01    426.664      10241  1028.3452  1028.3441     4.6294     0.1119     0.1210    33.9889    33.9876    8.39219         23 0.0000e+00
    208.000    205.745    -1.4893  27.131174    -1.4886  27.130705     6.2508     6.3914     0.2967    97.6292 1.0000e-12  -74.17756 -113.24070  38.480169      99.91 3.3597e+01    427.633      10264  1028.3507  1028.3495     4.6314     0.1702     0.1205    33.9900    33.9885    8.39182         24 0.0000e+00
