ocean_section_plots/required_files/ctd/dnbp2202_ctd143.cnv
* Sea-Bird SBE 9 Data File:
* FileName = D:\Data\raw\NBP2202_CTD143.hex
* Software Version Seasave V 7.26.7.121
* Temperature SN = 1649
* Conductivity SN = 2513
* Number of Bytes Per Scan = 40
* Number of Voltage Words = 5
* Number of Scans Averaged by the Deck Unit = 1
* NMEA Latitude = 74 06.98 S
* NMEA Longitude = 112 54.87 W
* NMEA UTC (Time) = Jan 30 2022  07:11:06
* NMEA baud rate = 9600
** Ship: RVIB N.B. Palmer
** Cruise: NBP2202 Thwaites
** Station: 71
** Operator: B. Bjork
# nquan = 28
# nvalues = 655                         
# units = specified
# name 0 = prDM: Pressure, Digiquartz [db]
# name 1 = depSM: Depth [salt water, m]
# name 2 = t090C: Temperature [ITS-90, deg C]
# name 3 = c0mS/cm: Conductivity [mS/cm]
# name 4 = t190C: Temperature, 2 [ITS-90, deg C]
# name 5 = c1mS/cm: Conductivity, 2 [mS/cm]
# name 6 = sbeox0ML/L: Oxygen, SBE 43 [ml/l]
# name 7 = sbeox1ML/L: Oxygen, SBE 43, 2 [ml/l]
# name 8 = flECO-AFL: Fluorescence, WET Labs ECO-AFL/FL [mg/m^3]
# name 9 = CStarTr0: Beam Transmission, WET Labs C-Star [%]
# name 10 = par: PAR/Irradiance, Biospherical/Licor
# name 11 = latitude: Latitude [deg]
# name 12 = longitude: Longitude [deg]
# name 13 = timeJ: Julian Days
# name 14 = altM: Altimeter [m]
# name 15 = spar: SPAR, Biospherical/Licor
# name 16 = timeS: Time, Elapsed [seconds]
# name 17 = scan: Scan Count
# name 18 = density00: Density [density, kg/m^3]
# name 19 = density11: Density, 2 [density, kg/m^3]
# name 20 = v3: Voltage 3
# name 21 = v4: Voltage 4
# name 22 = v5: Voltage 5
# name 23 = sal00: Salinity, Practical [PSU]
# name 24 = sal11: Salinity, Practical, 2 [PSU]
# name 25 = oxsolML/L: Oxygen Saturation, Garcia & Gordon [ml/l]
# name 26 = nbin: number of scans per bin
# name 27 = flag: flag
# span 0 =      2.000,    656.000       
# span 1 =      1.970,    648.187       
# span 2 =    -1.5569,     0.2872       
# span 3 =  27.015525,  29.168798       
# span 4 =    -1.5563,     0.2895       
# span 5 =  27.015127,  29.168649       
# span 6 =     4.6376,     9.1942       
# span 7 =     4.7255,     9.1653       
# span 8 =    -0.0194,    24.5163       
# span 9 =    69.4579,    93.3630       
# span 10 = -1.633e-05, 8.0754e+00      
# span 11 =  -74.11634,  -74.11632      
# span 12 = -112.91464, -112.91460      
# span 13 =  30.301797,  30.311374      
# span 14 =       3.06,     100.71      
# span 15 = 2.9969e+01, 4.4087e+01      
# span 16 =    209.315,   1036.736      
# span 17 =       5025,      24883      
# span 18 =  1027.1254,  1030.7529      
# span 19 =  1027.1260,  1030.7505      
# span 20 =     3.2956,     4.4291      
# span 21 =     0.0635,     3.8440      
# span 22 =     0.1223,     0.2462      
# span 23 =    33.7537,    34.4574      
# span 24 =    33.7511,    34.4547      
# span 25 =    7.98075,    8.40968      
# span 26 =          5,         76      
# span 27 = 0.0000e+00, 0.0000e+00      
# interval = decibars: 1                
# start_time = Jan 30 2022 07:11:06 [NMEA time, header]
# bad_flag = -9.990e-29
*END*
[from data line 259]
    261.000    258.137    -1.4091  27.256635    -1.4091  27.255819     6.1531     6.2950     0.0699    93.2642 1.0000e-12  -74.11634 -112.91462  30.305696      99.93 4.2235e+01    546.141      13108  1028.6408  1028.6399     4.4244     0.0823     0.1262    34.0386    34.0374    8.37087         24 0.0000e+00
    262.000    259.125    -1.4193  27.249157    -1.4183  27.248661     6.1647     6.2938     0.0662    93.2603 1.0000e-12  -74.11634 -112.91462  30.305707      99.94 4.2309e+01    547.123      13132  1028.6469  1028.6453     4.4242     0.0844     0.1246    34.0393    34.0375    8.37312         23 0.0000e+00
    263.000    260.115    -1.4182  27.250612    -1.4167  27.250479     6.1624     6.2936     0.0661    93.2350 1.0000e-12  -74.11634 -112.91462  30.305719      99.93 4.2309e+01    548.112      13156  1028.6517  1028.6500     4.4230     0.0855     0.1237    34.0394    34.0375    8.37287         24 0.0000e+00
    264.000    261.101    -1.4186  27.250711    -1.4180  27.249983     6.1571     6.2939     0.0946    93.2653 1.0000e-12  -74.11634 -112.91462  30.305730      87.44 4.2309e+01    549.106      13180  1028.6565  1028.6551     4.4245     0.0796     0.1259    34.0394    34.0377    8.37296         24 0.0000e+00
    265.000    262.090    -1.4201  27.250193    -1.4190  27.249827     6.1450     6.2865     0.1313    93.1888 1.0000e-12  -74.11634 -112.91462  30.305742      98.81 4.2309e+01    550.107      13204  1028.6616  1028.6601     4.4208     0.0825     0.1285    34.0398    34.0380    8.37327         24 0.0000e+00
    266.000    263.078    -1.4117  27.258904    -1.4099  27.258643     6.1332     6.2810     0.0744    93.2007 1.0000e-12  -74.11634 -112.91462  30.305753      99.92 4.2309e+01    551.094      13227  1028.6673  1028.6653     4.4214     0.0836     0.1245    34.0415    34.0391    8.37127         24 0.0000e+00
    267.000    264.068    -1.4059  27.264764    -1.4047  27.264440     6.1378     6.2847     0.0751    93.2372 1.0000e-12  -74.11634 -112.91462  30.305765      99.94 4.1980e+01    552.065      13251  1028.6724  1028.6709     4.4231     0.0810     0.1234    34.0424    34.0406    8.36992         23 0.0000e+00
    268.000    265.055    -1.4046  27.266551    -1.4030  27.266504     6.1441     6.2881     0.0614    93.2671 1.0000e-12  -74.11634 -112.91462  30.305776      99.93 4.2386e+01    553.043      13274  1028.6775  1028.6759     4.4245     0.0832     0.1246    34.0428    34.0409    8.36961         23 0.0000e+00
    269.000    266.044    -1.4058  27.266323    -1.4044  27.266112     6.1447     6.2805     0.0756    93.3159 1.0000e-12  -74.11634 -112.91462  30.305787      99.93 4.2308e+01    554.015      13297  1028.6827  1028.6811     4.4269     0.0848     0.1231    34.0432    34.0413    8.36985         23 0.0000e+00
    270.000    267.032    -1.4048  27.268456    -1.4033  27.268148     6.1411     6.2752     0.0897    93.2584 1.0000e-12  -74.11634 -112.91462  30.305798      99.93 4.2309e+01    554.986      13321  1028.6885  1028.6867     4.4242     0.0839     0.1234    34.0444    34.0423    8.36956         24 0.0000e+00
    271.000    268.020    -1.3971  27.276604    -1.3953  27.276693     6.1309     6.2761     0.0716    93.3329 1.0000e-12  -74.11634 -112.91462  30.305810      99.94 4.2309e+01    555.980      13345  1028.6943  1028.6925     4.4277     0.0816     0.1253    34.0462    34.0442    8.36773         24 0.0000e+00
    272.000    269.009    -1.3939  27.279878    -1.3932  27.279125     6.1315     6.2670     0.0517    93.3210 1.0000e-12  -74.11634 -112.91462  30.305822      99.94 4.2235e+01    556.984      13369  1028.6991  1028.6976     4.4271     0.0799     0.1246    34.0465    34.0447    8.36699         24 0.0000e+00
    273.000    269.997    -1.3930  27.281496    -1.3914  27.281304     6.1293     6.2664     0.0515    93.2816 1.0000e-12  -74.11634 -112.91462  30.305833      99.93 4.0851e+01    557.972      13392  1028.7043  1028.7026     4.4252     0.0831     0.1263    34.0470    34.0450    8.36675         24 0.0000e+00
    274.000    270.986    -1.3907  27.284011    -1.3892  27.283861     6.1247     6.2681     0.0582    93.2961 1.0000e-12  -74.11634 -112.91462  30.305844      99.94 4.2301e+01    558.953      13416  1028.7092  1028.7076     4.4259     0.0794     0.1241    34.0472    34.0454    8.36622         23 0.0000e+00
    275.000    271.973    -1.3895  27.285687    -1.3884  27.285051     6.1096     6.2634     0.0928    93.3143 1.0000e-12  -74.11634 -112.91462  30.305856      99.93 4.2309e+01    559.931      13439  1028.7142  1028.7125     4.4268     0.0821     0.1237    34.0476    34.0455    8.36593         23 0.0000e+00
    276.000    272.962    -1.3837  27.291541    -1.3837  27.289851     6.0895     6.2430     0.2411    93.3157 1.0000e-12  -74.11634 -112.91462  30.305867      99.94 4.2309e+01    560.908      13463  1028.7194  1028.7175     4.4269     0.0795     0.1235    34.0484    34.0461    8.36459         24 0.0000e+00
    277.000    273.950    -1.3746  27.300724    -1.3729  27.300245     6.0516     6.2037     0.0764    93.3375 1.0000e-12  -74.11634 -112.91462  30.305879      99.87 4.2309e+01    561.908      13487  1028.7249  1028.7227     4.4279     0.0811     0.1243    34.0500    34.0475    8.36244         25 0.0000e+00
    278.000    274.940    -1.3439  27.329653    -1.3411  27.329382     6.0138     6.1622     0.0612    93.3276 1.0000e-12  -74.11634 -112.91462  30.305890      99.27 4.2309e+01    562.904      13511  1028.7310  1028.7281     4.4274     0.0842     0.1243    34.0542    34.0507    8.35531         23 0.0000e+00
    279.000    275.926    -1.3221  27.348713    -1.3213  27.347707     5.9927     6.1448     0.0607    93.3230 1.0000e-12  -74.11634 -112.91462  30.305901      99.51 4.2309e+01    563.881      13534  1028.7352  1028.7334     4.4272     0.0804     0.1232    34.0550    34.0528    8.35039         23 0.0000e+00
    280.000    276.915    -1.3007  27.368676    -1.2980  27.368520     5.9768     6.1299     0.0552    93.2932 1.0000e-12  -74.11634 -112.91462  30.305913      99.93 4.2309e+01    564.852      13557  1028.7407  1028.7380     4.4258     0.0786     0.1249    34.0575    34.0543    8.34545         24 0.0000e+00
    281.000    277.903    -1.2953  27.373705    -1.2939  27.373503     5.9392     6.0973     0.0569    93.3275 1.0000e-12  -74.11634 -112.91462  30.305924      99.94 4.2309e+01    565.834      13581  1028.7456  1028.7439     4.4274     0.0814     0.1255    34.0577    34.0557    8.34425         23 0.0000e+00
    282.000    278.893    -1.2896  27.380097    -1.2893  27.378171     5.9310     6.0849     0.0570    93.2669 1.0000e-12  -74.11634 -112.91462  30.305935      99.93 4.2013e+01    566.819      13605  1028.7516  1028.7492     4.4246     0.0798     0.1224    34.0593    34.0564    8.34287         24 0.0000e+00
    283.000    279.880    -1.2735  27.394617    -1.2718  27.394188     5.9344     6.0864     0.0528    93.2940 1.0000e-12  -74.11634 -112.91462  30.305947      99.94 4.2234e+01    567.804      13628  1028.7563  1028.7542     4.4258     0.0816     0.1263    34.0603    34.0578    8.33921         24 0.0000e+00
    284.000    280.867    -1.2695  27.398338    -1.2679  27.398302     5.8892     6.0505     0.0534    93.3263 1.0000e-12  -74.11634 -112.91462  30.305958      99.93 4.2309e+01    568.791      13652  1028.7610  1028.7594     4.4274     0.0814     0.1261    34.0602    34.0583    8.33832         23 0.0000e+00
    285.000    281.857    -1.2772  27.392363    -1.2760  27.391849     5.8092     5.9774     0.0448    93.3393 1.0000e-12  -74.11634 -112.91462  30.305970      99.94 4.2088e+01    569.774      13676  1028.7666  1028.7649     4.4280     0.0789     0.1236    34.0602    34.0581    8.34006         24 0.0000e+00
    286.000    282.846    -1.2150  27.451136    -1.2129  27.448497     5.7162     5.8834     0.0452    93.3387 1.0000e-12  -74.11634 -112.91462  30.305981      99.93 4.2079e+01    570.752      13699  1028.7746  1028.7697     4.4280     0.0812     0.1234    34.0695    34.0635    8.32565         23 0.0000e+00
    287.000    283.834    -1.1572  27.503284    -1.1540  27.502630     5.6383     5.7993     0.0611    93.3241 1.0000e-12  -74.11634 -112.91462  30.305992      99.94 4.2311e+01    571.737      13723  1028.7799  1028.7761     4.4273     0.0819     0.1261    34.0746    34.0701    8.31249         24 0.0000e+00
    288.000    284.821    -1.0985  27.557203    -1.0952  27.556650     5.5753     5.7359     0.0343    93.3350 1.0000e-12  -74.11634 -112.91462  30.306004      99.93 4.2309e+01    572.732      13747  1028.7863  1028.7824     4.4278     0.0799     0.1248    34.0810    34.0765    8.29909         24 0.0000e+00
    289.000    285.810    -1.0584  27.593045    -1.0562  27.592622     5.5455     5.7061     0.0409    93.3458 1.0000e-12  -74.11634 -112.91462  30.306016      99.93 4.2309e+01    573.740      13771  1028.7912  1028.7887     4.4283     0.0815     0.1245    34.0839    34.0808    8.29006         24 0.0000e+00
    290.000    286.799    -1.0370  27.613215    -1.0341  27.613304     5.5242     5.6873     0.0412    93.3387 1.0000e-12  -74.11634 -112.91462  30.306027      83.48 4.1741e+01    574.756      13795  1028.7973  1028.7945     4.4280     0.0742     0.1260    34.0865    34.0833    8.28518         25 0.0000e+00
    291.000    287.786    -1.0269  27.622253    -1.0249  27.622107     5.4968     5.6503     0.0435    93.3170 1.0000e-12  -74.11634 -112.91462  30.306039      94.82 4.2301e+01    575.756      13819  1028.8023  1028.8001     4.4269     0.0744     0.1252    34.0868    34.0842    8.28294         24 0.0000e+00
    292.000    288.775    -1.0139  27.635159    -1.0118  27.634248     5.4497     5.5981     0.0316    93.2897 1.0000e-12  -74.11634 -112.91462  30.306050      99.89 4.2157e+01    576.742      13843  1028.8086  1028.8055     4.4256     0.0774     0.1282    34.0890    34.0854    8.27994         23 0.0000e+00
    293.000    289.763    -0.9820  27.664503    -0.9785  27.664609     5.4025     5.5477     0.0246    93.3051 1.0000e-12  -74.11634 -112.91462  30.306062      99.93 4.2311e+01    577.743      13867  1028.8142  1028.8109     4.4263     0.0775     0.1280    34.0922    34.0884    8.27272         24 0.0000e+00
    294.000    290.751    -0.9440  27.699633    -0.9363  27.703032     5.3638     5.5182     0.0401    93.2871 1.0000e-12  -74.11634 -112.91462  30.306074      99.93 4.2238e+01    578.755      13891  1028.8202  1028.8163     4.4255     0.0790     0.1302    34.0964    34.0923    8.26412         25 0.0000e+00
    295.000    291.741    -0.9199  27.721180    -0.9175  27.721014     5.3405     5.4889     0.0372    93.2570 1.0000e-12  -74.11634 -112.91462  30.306085      99.93 4.2236e+01    579.758      13915  1028.8250  1028.8226     4.4241     0.0778     0.1268    34.0977    34.0948    8.25874         24 0.0000e+00
    296.000    292.728    -0.8994  27.740345    -0.9021  27.735231     5.2944     5.4436     0.0304    93.2674 1.0000e-12  -74.11634 -112.91462  30.306097      99.93 4.2309e+01    580.770      13939  1028.8307  1028.8279     4.4246     0.0769     0.1257    34.1000    34.0961    8.25411         24 0.0000e+00
    297.000    293.715    -0.8784  27.759832    -0.8794  27.755900     5.2511     5.3942     0.0162    93.2535 1.0000e-12  -74.11634 -112.91462  30.306108      99.93 4.0851e+01    581.763      13963  1028.8363  1028.8330     4.4239     0.0775     0.1276    34.1021    34.0978    8.24939         24 0.0000e+00
    298.000    294.705    -0.8423  27.793378    -0.8395  27.792797     5.2185     5.3583     0.0228    93.2614 1.0000e-12  -74.11634 -112.91462  30.306120      99.93 4.0928e+01    582.740      13987  1028.8423  1028.8389     4.4243     0.0793     0.1327    34.1062    34.1021    8.24125         23 0.0000e+00
    299.000    295.692    -0.8103  27.823537    -0.8075  27.822982     5.2183     5.3494     0.0406    93.2456 1.0000e-12  -74.11634 -112.91462  30.306131      99.93 4.1394e+01    583.718      14010  1028.8487  1028.8453     4.4235     0.0762     0.1264    34.1103    34.1064    8.23402         23 0.0000e+00
    300.000    296.681    -0.7964  27.836553    -0.7946  27.835681     5.2022     5.3301     0.0297    93.2351 1.0000e-12  -74.11634 -112.91462  30.306142      99.93 4.2317e+01    584.696      14034  1028.8541  1028.8515     4.4230     0.0740     0.1276    34.1116    34.1084    8.23090         24 0.0000e+00
    301.000    297.667    -0.7923  27.840719    -0.7899  27.840579     5.1891     5.3077     0.0308    93.1985 1.0000e-12  -74.11634 -112.91462  30.306154      99.94 4.1306e+01    585.673      14057  1028.8596  1028.8570     4.4213     0.0761     0.1272    34.1120    34.1090    8.22999         23 0.0000e+00
    302.000    298.658    -0.7812  27.851872    -0.7789  27.851339     5.1831     5.2978     0.0245    93.1954 1.0000e-12  -74.11634 -112.91462  30.306165      99.93 4.2331e+01    586.667      14081  1028.8657  1028.8628     4.4211     0.0750     0.1295    34.1139    34.1106    8.22746         24 0.0000e+00
    303.000    299.646    -0.7528  27.880131    -0.7502  27.879390     5.1859     5.3055     0.0092    93.2007 1.0000e-12  -74.11634 -112.91462  30.306177      84.12 4.2450e+01    587.669      14105  1028.8732  1028.8700     4.4213     0.0720     0.1308    34.1194    34.1155    8.22093         25 0.0000e+00
    304.000    300.632    -0.7491  27.884711    -0.7477  27.884078     5.1984     5.3063     0.0073    93.1820 1.0000e-12  -74.11634 -112.91462  30.306188      86.38 4.1850e+01    588.665      14129  1028.8795  1028.8775     4.4205     0.0751     0.1305    34.1209    34.1184    8.22005         23 0.0000e+00
    305.000    301.623    -0.7520  27.883670    -0.7507  27.882471     5.1968     5.3078     0.0240    93.1422 1.0000e-12  -74.11634 -112.91462  30.306200      99.24 3.9251e+01    589.664      14153  1028.8860  1028.8834     4.4186     0.0749     0.1282    34.1221    34.1190    8.22061         24 0.0000e+00
    306.000    302.610    -0.7470  27.888527    -0.7458  27.887342     5.2290     5.3382     0.0343    93.1309 1.0000e-12  -74.11634 -112.91462  30.306211      99.95 3.9671e+01    590.664      14177  1028.8910  1028.8887     4.4181     0.0750     0.1309    34.1224    34.1195    8.21950         24 0.0000e+00
    307.000    303.598    -0.7517  27.884807    -0.7526  27.881833     5.2344     5.3411     0.0279    93.1420 1.0000e-12  -74.11634 -112.91462  30.306223      99.93 4.1225e+01    591.657      14201  1028.8963  1028.8940     4.4186     0.0762     0.1328    34.1221    34.1191    8.22054         24 0.0000e+00
    308.000    304.586    -0.7643  27.873979    -0.7663  27.870361     5.2655     5.3575     0.0353    93.1397 1.0000e-12  -74.11634 -112.91462  30.306234      99.93 4.2315e+01    592.652      14225  1028.9015  1028.8996     4.4185     0.0755     0.1346    34.1210    34.1185    8.22334         24 0.0000e+00
    309.000    305.574    -0.7674  27.872051    -0.7675  27.869649     5.2460     5.3193     0.0276    93.1494 1.0000e-12  -74.11634 -112.91462  30.306246      99.93 3.9415e+01    593.656      14249  1028.9070  1028.9044     4.4189     0.0744     0.1327    34.1213    34.1182    8.22400         24 0.0000e+00
    310.000    306.563    -0.7549  27.883697    -0.7512  27.884579     5.3235     5.3970     0.0207    93.1397 1.0000e-12  -74.11634 -112.91462  30.306258      99.93 4.0622e+01    594.648      14273  1028.9118  1028.9092     4.4185     0.0786     0.1327    34.1224    34.1194    8.22122         24 0.0000e+00
    311.000    307.552    -0.8073  27.835844    -0.7993  27.844459     5.4878     5.5940     0.0143    93.1237 1.0000e-12  -74.11634 -112.91462  30.306269      99.93 4.2299e+01    595.640      14296  1028.9161  1028.9173     4.4178     0.0745     0.1308    34.1162    34.1188    8.23303         24 0.0000e+00
