ocean_section_plots/required_files/ctd/dnbp2202_ctd281.cnv
* Sea-Bird SBE 9 Data File:
* FileName = D:\Data\raw\NBP2202_CTD281.hex
* Software Version Seasave V 7.26.7.121
* Temperature SN = 1649
* Conductivity SN = 2513
* Number of Bytes Per Scan = 40
* Number of Voltage Words = 5
* Number of Scans Averaged by the Deck Unit = 1
* NMEA Latitude = 74 06.10 S
* NMEA Longitude = 115 52.62 W
* NMEA UTC (Time) = Feb 22 2022  06:31:30
* NMEA baud rate = 9600
** Ship: RVIB N.B. Palmer
** Cruise: NBP2202 Thwaites
** Station: 183
** Operator: B. Bjork
# nquan = 28
# nvalues = 970                         
# units = specified
# name 0 = prDM: Pressure, Digiquartz [db]
# name 1 = depSM: Depth [salt water, m]
# name 2 = t090C: Temperature [ITS-90, deg C]
# name 3 = c0mS/cm: Conductivity [mS/cm]
# name 4 = t190C: Temperature, 2 [ITS-90, deg C]
# name 5 = c1mS/cm: Conductivity, 2 [mS/cm]
# name 6 = sbeox0ML/L: Oxygen, SBE 43 [ml/l]
# name 7 = sbeox1ML/L: Oxygen, SBE 43, 2 [ml/l]
# name 8 = flECO-AFL: Fluorescence, WET Labs ECO-AFL/FL [mg/m^3]
# name 9 = CStarTr0: Beam Transmission, WET Labs C-Star [%]
# name 10 = par: PAR/Irradiance, Biospherical/Licor
# name 11 = latitude: Latitude [deg]
# name 12 = longitude: Longitude [deg]
# name 13 = timeJ: Julian Days
# name 14 = altM: Altimeter [m]
# name 15 = spar: SPAR, Biospherical/Licor
# name 16 = timeS: Time, Elapsed [seconds]
# name 17 = scan: Scan Count
# name 18 = density00: Density [density, kg/m^3]
# name 19 = density11: Density, 2 [density, kg/m^3]
# name 20 = v3: Voltage 3
# name 21 = v4: Voltage 4
# name 22 = v5: Voltage 5
# name 23 = sal00: Salinity, Practical [PSU]
# name 24 = sal11: Salinity, Practical, 2 [PSU]
# name 25 = oxsolML/L: Oxygen Saturation, Garcia & Gordon [ml/l]
# name 26 = nbin: number of scans per bin
# name 27 = flag: flag
# span 0 =      2.000,    971.000       
# span 1 =      1.980,    958.713       
# span 2 =    -1.7921,     0.5178       
# span 3 =  26.987589,  29.581319       
# span 4 =    -1.7912,     0.5203       
# span 5 =  26.988302,  29.582173       
# span 6 =     4.4901,     9.1506       
# span 7 =     4.6028,     9.5022       
# span 8 =     0.1811,    11.1586       
# span 9 =    88.1408,    98.3729       
# span 10 = -1.445e-05, 6.8523e-01      
# span 11 =  -74.10180,  -74.10180      
# span 12 = -115.87716, -115.87710      
# span 13 =  53.273483,  53.286944      
# span 14 =       1.97,     100.02      
# span 15 = 1.0648e+01, 2.6374e+01      
# span 16 =    138.961,   1301.986      
# span 17 =       3336,      31249      
# span 18 =  1027.1667,  1032.2872      
# span 19 =  1027.1674,  1032.2856      
# span 20 =     4.1802,     4.6667      
# span 21 =     0.0920,     1.8061      
# span 22 =     0.1058,     0.2392      
# span 23 =    33.7943,    34.5590      
# span 24 =    33.7950,    34.5572      
# span 25 =    7.92761,    8.45457      
# span 26 =         23,         62      
# span 27 = 0.0000e+00, 0.0000e+00      
# interval = decibars: 1                
# start_time = Feb 22 2022 06:31:30 [NMEA time, header]
# bad_flag = -9.990e-29
*END*
[from data line 52]
     54.000     53.435    -0.4687  27.781347    -0.4679  27.781876     8.9478     9.2794     5.5795    91.0752 1.0000e-12  -74.10180 -115.87713  53.274639      99.62 1.4103e+01    238.818       5733  1027.4338  1027.4336     4.3206     1.0578     0.1431    33.8196    33.8194    8.17668         39 0.0000e+00
     55.000     54.423    -0.4686  27.781889    -0.4679  27.782346     8.9346     9.2642     6.1051    91.3846 1.0000e-12  -74.10180 -115.87713  53.274661      99.65 1.4103e+01    240.729       5778  1027.4386  1027.4385     4.3358     1.0038     0.1429    33.8196    33.8195    8.17666         41 0.0000e+00
     56.000     55.413    -0.4691  27.782135    -0.4685  27.782569     8.9249     9.2642     6.8843    90.5660 1.0000e-12  -74.10180 -115.87714  53.274683      92.69 1.4103e+01    242.644       5824  1027.4436  1027.4436     4.2966     0.8519     0.1495    33.8199    33.8199    8.17675         37 0.0000e+00
     57.000     56.403    -0.4702  27.781818    -0.4695  27.782351     8.8960     9.2368     7.4763    91.1651 1.0000e-12  -74.10180 -115.87714  53.274705      99.45 1.4103e+01    244.538       5870  1027.4486  1027.4486     4.3246     0.8875     0.1502    33.8201    33.8201    8.17697         37 0.0000e+00
     58.000     57.392    -0.4730  27.780575    -0.4725  27.780946     8.8781     9.2159    10.5022    91.4413 1.0000e-12  -74.10180 -115.87714  53.274727      99.74 1.4103e+01    246.435       5915  1027.4543  1027.4542     4.3380     0.7531     0.1596    33.8209    33.8209    8.17753         44 0.0000e+00
     59.000     58.381    -0.4744  27.780071    -0.4737  27.780479     8.8548     9.2098     8.4528    92.1500 1.0000e-12  -74.10180 -115.87714  53.274749      99.62 1.4103e+01    248.350       5961  1027.4594  1027.4591     4.3712     1.0515     0.1556    33.8213    33.8210    8.17783         42 0.0000e+00
     60.000     59.371    -0.4762  27.779244    -0.4756  27.779727     8.8478     9.1950     6.0070    91.0613 1.0000e-12  -74.10180 -115.87714  53.274772      99.62 1.4202e+01    250.258       6007  1027.4645  1027.4645     4.3205     1.0504     0.1635    33.8216    33.8215    8.17820         37 0.0000e+00
     61.000     60.359    -0.4782  27.778315    -0.4775  27.778696     8.8236     9.1730     6.1084    92.1909 1.0000e-12  -74.10180 -115.87714  53.274793      99.66 1.4531e+01    252.160       6053  1027.4696  1027.4694     4.3736     0.9761     0.1472    33.8219    33.8217    8.17860         41 0.0000e+00
     62.000     61.348    -0.4809  27.776939    -0.4799  27.777679     8.7930     9.1298     5.6286    91.1501 1.0000e-12  -74.10180 -115.87714  53.274815      99.63 1.4510e+01    254.048       6098  1027.4750  1027.4749     4.3242     1.0507     0.1540    33.8224    33.8223    8.17915         39 0.0000e+00
     63.000     62.339    -0.4867  27.772608    -0.4861  27.773261     8.7563     9.0970     6.4086    92.6378 1.0000e-12  -74.10180 -115.87713  53.274837      96.30 1.4555e+01    255.915       6143  1027.4802  1027.4804     4.3947     1.0520     0.1526    33.8225    33.8227    8.18040         43 0.0000e+00
     64.000     63.327    -0.4941  27.767148    -0.4930  27.768065     8.7421     9.0853     5.8790    90.5257 1.0000e-12  -74.10180 -115.87714  53.274859      99.52 1.5182e+01    257.801       6188  1027.4857  1027.4857     4.2946     1.2603     0.1587    33.8229    33.8228    8.18198         44 0.0000e+00
     65.000     64.317    -0.4973  27.765093    -0.4963  27.765803     8.7211     9.0657     5.2466    91.9594 1.0000e-12  -74.10180 -115.87714  53.274881      99.69 1.5576e+01    259.723       6234  1027.4908  1027.4907     4.3624     1.3689     0.1534    33.8231    33.8229    8.18267         42 0.0000e+00
     66.000     65.306    -0.5021  27.761751    -0.5005  27.762916     8.6771     9.0177     5.6186    91.0708 1.0000e-12  -74.10180 -115.87714  53.274903      99.68 1.5564e+01    261.612       6280  1027.4959  1027.4958     4.3205     0.9652     0.1661    33.8232    33.8231    8.18368         35 0.0000e+00
     67.000     66.298    -0.5125  27.753804    -0.5117  27.754559     8.6426     8.9725     4.8929    92.4412 1.0000e-12  -74.10180 -115.87714  53.274925      99.67 1.5111e+01    263.496       6325  1027.5017  1027.5017     4.3852     0.9438     0.1498    33.8237    33.8237    8.18592         42 0.0000e+00
     68.000     67.284    -0.5183  27.749664    -0.5177  27.750107     8.6208     8.9565     6.0959    91.9362 1.0000e-12  -74.10180 -115.87714  53.274947      99.68 1.5667e+01    265.415       6371  1027.5070  1027.5070     4.3615     0.9197     0.1436    33.8240    33.8239    8.18715         41 0.0000e+00
     69.000     68.274    -0.5223  27.747011    -0.5214  27.747656     8.6140     8.9414     6.7921    91.8395 1.0000e-12  -74.10180 -115.87714  53.274969      99.40 1.5854e+01    267.318       6417  1027.5122  1027.5120     4.3568     1.1260     0.1594    33.8242    33.8240    8.18800         39 0.0000e+00
     70.000     69.265    -0.5240  27.746288    -0.5229  27.746979     8.6192     8.9401     5.5101    92.3042 1.0000e-12  -74.10180 -115.87714  53.274991      95.02 1.5866e+01    269.210       6462  1027.5172  1027.5169     4.3788     0.9213     0.1464    33.8245    33.8242    8.18834         39 0.0000e+00
     71.000     70.253    -0.5251  27.745795    -0.5246  27.746077     8.6025     8.9280     5.9080    92.0985 1.0000e-12  -74.10180 -115.87714  53.275013      99.84 1.5866e+01    271.131       6508  1027.5219  1027.5218     4.3691     1.3778     0.1457    33.8245    33.8243    8.18858         41 0.0000e+00
     72.000     71.243    -0.5306  27.741776    -0.5298  27.742363     8.5671     8.8902     6.2843    91.4680 1.0000e-12  -74.10180 -115.87714  53.275035      99.66 1.5866e+01    273.060       6554  1027.5271  1027.5270     4.3390     0.9649     0.1529    33.8246    33.8245    8.18977         40 0.0000e+00
     73.000     72.232    -0.5366  27.737512    -0.5371  27.736836     8.5438     8.8698     5.6424    91.6360 1.0000e-12  -74.10180 -115.87714  53.275057      99.68 1.5866e+01    274.955       6600  1027.5325  1027.5323     4.3472     0.9042     0.1448    33.8250    33.8247    8.19104         39 0.0000e+00
     74.000     73.221    -0.5427  27.732610    -0.5425  27.732866     8.5445     8.8613     5.0464    92.6298 1.0000e-12  -74.10180 -115.87714  53.275079      99.69 1.5866e+01    276.830       6645  1027.5373  1027.5373     4.3944     0.8962     0.1420    33.8246    33.8247    8.19239         35 0.0000e+00
     75.000     74.211    -0.5469  27.729711    -0.5460  27.730212     8.5429     8.8691     5.1043    91.7616 1.0000e-12  -74.10180 -115.87714  53.275101      99.71 1.5866e+01    278.740       6691  1027.5424  1027.5420     4.3526     0.8516     0.1482    33.8248    33.8244    8.19329         43 0.0000e+00
     76.000     75.201    -0.5491  27.728314    -0.5484  27.728763     8.5332     8.8569     5.3625    91.2193 1.0000e-12  -74.10180 -115.87714  53.275123      99.63 1.5866e+01    280.651       6737  1027.5471  1027.5469     4.3286     1.0279     0.1533    33.8247    33.8245    8.19376         39 0.0000e+00
     77.000     76.188    -0.5491  27.728756    -0.5485  27.728621     8.5353     8.8499     5.8275    90.5201 1.0000e-12  -74.10180 -115.87714  53.275145      99.63 1.5866e+01    282.544       6782  1027.5518  1027.5510     4.2943     0.9639     0.1628    33.8247    33.8238    8.19376         37 0.0000e+00
     78.000     77.178    -0.5497  27.728927    -0.5489  27.729332     8.5277     8.8515     6.3432    91.4564 1.0000e-12  -74.10180 -115.87714  53.275167      99.72 1.6293e+01    284.421       6827  1027.5567  1027.5564     4.3391     0.8003     0.1449    33.8249    33.8246    8.19387         42 0.0000e+00
     79.000     78.168    -0.5514  27.727894    -0.5503  27.728526     8.5341     8.8485     8.7841    90.3456 1.0000e-12  -74.10180 -115.87714  53.275189      99.57 1.6331e+01    286.315       6873  1027.5616  1027.5612     4.2858     1.1672     0.1526    33.8249    33.8245    8.19426         38 0.0000e+00
     80.000     79.157    -0.5523  27.727677    -0.5515  27.728076     8.5297     8.8523     7.5114    91.0108 1.0000e-12  -74.10180 -115.87714  53.275211      99.67 1.5928e+01    288.237       6919  1027.5664  1027.5660     4.3176     0.9665     0.1520    33.8249    33.8246    8.19443         42 0.0000e+00
     81.000     80.146    -0.5531  27.727464    -0.5524  27.727617     8.5242     8.8453     7.3865    90.8975 1.0000e-12  -74.10180 -115.87714  53.275234      99.65 1.6579e+01    290.171       6965  1027.5712  1027.5707     4.3122     1.0007     0.1547    33.8250    33.8244    8.19461         39 0.0000e+00
     82.000     81.135    -0.5481  27.732693    -0.5466  27.733313     8.5202     8.8438     6.8595    90.6699 1.0000e-12  -74.10180 -115.87714  53.275255      99.58 1.6160e+01    292.011       7009  1027.5763  1027.5755     4.3014     1.1626     0.1492    33.8258    33.8250    8.19348         34 0.0000e+00
     83.000     82.126    -0.5449  27.735983    -0.5440  27.736312     8.5170     8.8379     5.3595    91.1382 1.0000e-12  -74.10180 -115.87714  53.275274      97.28 1.6199e+01    293.648       7049  1027.5810  1027.5805     4.3236     1.1104     0.1396    33.8261    33.8255    8.19278         37 0.0000e+00
     84.000     83.113    -0.5435  27.737902    -0.5427  27.738086     8.5080     8.8296     5.3750    91.2726 1.0000e-12  -74.10180 -115.87714  53.275292      95.81 1.6653e+01    295.222       7086  1027.5861  1027.5855     4.3300     1.0207     0.1610    33.8265    33.8258    8.19246         38 0.0000e+00
     85.000     84.104    -0.5398  27.741983    -0.5389  27.742208     8.4888     8.8133     5.4411    91.5404 1.0000e-12  -74.10180 -115.87714  53.275310      99.61 1.6440e+01    296.774       7124  1027.5911  1027.5905     4.3427     1.0045     0.1574    33.8272    33.8265    8.19160         37 0.0000e+00
     86.000     85.092    -0.5402  27.742325    -0.5392  27.742726     8.4786     8.7997     7.0283    90.8047 1.0000e-12  -74.10180 -115.87714  53.275328      99.61 1.6343e+01    298.322       7161  1027.5963  1027.5957     4.3078     1.1031     0.1560    33.8275    33.8269    8.19168         37 0.0000e+00
     87.000     86.081    -0.5352  27.747904    -0.5344  27.747718     8.4915     8.8022     5.7009    90.6003 1.0000e-12  -74.10180 -115.87713  53.275346      99.56 1.6827e+01    299.863       7198  1027.6018  1027.6008     4.2982     1.1895     0.1547    33.8288    33.8276    8.19052         35 0.0000e+00
     88.000     87.069    -0.5207  27.761514    -0.5195  27.761584     8.5034     8.8210     6.1885    91.6391 1.0000e-12  -74.10180 -115.87713  53.275364      99.56 1.6810e+01    301.405       7235  1027.6067  1027.6057     4.3471     1.1893     0.1601    33.8303    33.8291    8.18729         28 0.0000e+00
     89.000     88.059    -0.5138  27.768668    -0.5124  27.768957     8.5368     8.8426     6.4030    90.3767 1.0000e-12  -74.10180 -115.87713  53.275381      99.67 1.6092e+01    302.950       7272  1027.6122  1027.6112     4.2875     0.9260     0.1802    33.8316    33.8305    8.18574         38 0.0000e+00
     90.000     89.051    -0.4966  27.785449    -0.4956  27.785322     8.5376     8.8405     7.8217    91.2193 1.0000e-12  -74.10180 -115.87713  53.275400      99.67 1.7119e+01    304.522       7310  1027.6181  1027.6170     4.3274     0.9782     0.1491    33.8343    33.8330    8.18186         38 0.0000e+00
     91.000     90.038    -0.5058  27.778060    -0.5049  27.778520     8.5107     8.8159     6.0303    89.6724 1.0000e-12  -74.10180 -115.87713  53.275417      99.58 1.6963e+01    306.073       7347  1027.6235  1027.6231     4.2541     1.2058     0.1544    33.8341    33.8337    8.18386         37 0.0000e+00
     92.000     91.028    -0.5054  27.779730    -0.5045  27.779539     8.4767     8.7977     4.2932    90.8720 1.0000e-12  -74.10180 -115.87713  53.275435      96.93 1.6301e+01    307.610       7384  1027.6293  1027.6283     4.3110     0.9464     0.1465    33.8352    33.8340    8.18370         37 0.0000e+00
     93.000     92.017    -0.5011  27.784232    -0.5004  27.784258     8.4816     8.7879     5.2883    91.2694 1.0000e-12  -74.10180 -115.87713  53.275453      99.73 1.7144e+01    309.155       7421  1027.6343  1027.6337     4.3300     0.8292     0.1490    33.8358    33.8351    8.18274         36 0.0000e+00
     94.000     93.006    -0.5027  27.782978    -0.5007  27.784310     8.4853     8.7946     5.8719    91.0680 1.0000e-12  -74.10180 -115.87713  53.275471      99.65 1.7351e+01    310.692       7458  1027.6389  1027.6384     4.3201     1.0080     0.1542    33.8353    33.8349    8.18311         38 0.0000e+00
     95.000     93.995    -0.5030  27.783164    -0.5018  27.783658     8.4933     8.7952     6.1754    90.2264 1.0000e-12  -74.10180 -115.87712  53.275489      99.64 1.6937e+01    312.248       7495  1027.6438  1027.6432     4.2803     1.0167     0.1514    33.8354    33.8347    8.18319         37 0.0000e+00
     96.000     94.984    -0.5031  27.783344    -0.5011  27.784723     8.4750     8.7928     4.6231    90.2114 1.0000e-12  -74.10180 -115.87712  53.275507      99.76 1.7627e+01    313.786       7532  1027.6485  1027.6480     4.2797     0.7033     0.1448    33.8351    33.8347    8.18323         37 0.0000e+00
     97.000     95.975    -0.5022  27.784931    -0.4998  27.786469     8.4661     8.7827     4.3754    91.0751 1.0000e-12  -74.10180 -115.87712  53.275524      99.75 1.7629e+01    315.289       7568  1027.6535  1027.6529     4.3206     0.7598     0.1420    33.8356    33.8350    8.18299         33 0.0000e+00
     98.000     96.963    -0.5011  27.786437    -0.5004  27.786551     8.4652     8.7728     5.4048    91.2562 1.0000e-12  -74.10180 -115.87712  53.275541      99.74 1.7629e+01    316.707       7602  1027.6585  1027.6579     4.3293     0.7510     0.1395    33.8358    33.8351    8.18275         33 0.0000e+00
     99.000     97.952    -0.5013  27.786613    -0.5009  27.786457     8.4437     8.7594     4.4807    92.0706 1.0000e-12  -74.10180 -115.87712  53.275556      99.75 1.7629e+01    318.055       7634  1027.6632  1027.6627     4.3677     0.7559     0.1426    33.8357    33.8350    8.18280         32 0.0000e+00
    100.000     98.941    -0.5037  27.785351    -0.5021  27.786212     8.4327     8.7428     4.3905    92.1412 1.0000e-12  -74.10180 -115.87712  53.275571      99.73 1.7629e+01    319.315       7665  1027.6684  1027.6679     4.3712     0.8076     0.1508    33.8360    33.8354    8.18330         28 0.0000e+00
    101.000     99.930    -0.5005  27.788954    -0.4995  27.789193     8.4209     8.7263     4.7706    92.6601 1.0000e-12  -74.10180 -115.87712  53.275584      99.64 1.7629e+01    320.456       7692  1027.6735  1027.6729     4.3958     1.0331     0.1518    33.8366    33.8359    8.18256         26 0.0000e+00
    102.000    100.920    -0.5020  27.788044    -0.5013  27.788273     8.3912     8.7021     4.9627    91.8549 1.0000e-12  -74.10180 -115.87712  53.275597      99.74 1.7629e+01    321.584       7719  1027.6783  1027.6779     4.3576     0.7523     0.1394    33.8366    33.8360    8.18290         28 0.0000e+00
    103.000    101.909    -0.5128  27.779043    -0.5119  27.779001     8.3749     8.6869     5.2052    91.2587 1.0000e-12  -74.10180 -115.87712  53.275610      99.75 1.7629e+01    322.709       7746  1027.6833  1027.6826     4.3293     0.7392     0.1550    33.8358    33.8348    8.18526         26 0.0000e+00
    104.000    102.898    -0.5269  27.767832    -0.5263  27.768177     8.3660     8.6753     4.2152    92.6657 1.0000e-12  -74.10180 -115.87712  53.275622      99.76 1.7629e+01    323.774       7772  1027.6892  1027.6889     4.3960     0.7157     0.1298    33.8360    33.8357    8.18831         26 0.0000e+00
